Gaia/vari_eclipsing_binary/VariEclipsingBinary_638666-638793.csv
# %ECSV 1.0
# ---
# delimiter: ','
# meta: !!omap
# - RELEASE: Gaia DR3
# - TABLE: vari_eclipsing_binary
# - DESCRIPTION: >
#     This table describes the properties of the eclipsing binaries resulting from the variability analysis. 
# - CITATION: >
#     How to cite and acknowledge Gaia: 
#     https://gea.esac.esa.int/archive/documentation/credits.html 
# - KNOWN_ISSUES: >
#     Known issues: 
#     https://www.cosmos.esa.int/web/gaia-users/known-issues 
# - DOCUMENTATION: >
#     Tutorials and documentation: 
#     https://www.cosmos.esa.int/web/gaia-users/archive 
# datatype:
# - 
#   name: solution_id
#   datatype: int64
#   description: Solution Identifier
#   meta:
#     ucd: meta.version
# - 
#   name: source_id
#   datatype: int64
#   description: Unique source identifier
#   meta:
#     ucd: meta.id;meta.main
# - 
#   name: global_ranking
#   datatype: float32
#   description: Number between 0 (worst) and 1 (best)
#   meta:
#     ucd: stat.param
# - 
#   name: reference_time
#   datatype: float64
#   unit: d
#   description: Reference time used for the geometric model fit
#   meta:
#     ucd: time.epoch
# - 
#   name: frequency
#   datatype: float64
#   unit: d**-1
#   description: Frequency of geometric model of the eclipsing binary light curve
#   meta:
#     ucd: src.orbital
# - 
#   name: frequency_error
#   datatype: float32
#   unit: d**-1
#   description: "Uncertainty of \\texttt{frequency}"
#   meta:
#     ucd: stat.error
# - 
#   name: geom_model_reference_level
#   datatype: float32
#   unit: mag
#   description: Magnitude reference level of geometric model
#   meta:
#     ucd: phot.mag;em.opt
# - 
#   name: geom_model_reference_level_error
#   datatype: float32
#   unit: mag
#   description: "Uncertainty of \\texttt{geomModelReferenceLevel}"
#   meta:
#     ucd: stat.error;phot.mag;em.opt
# - 
#   name: geom_model_gaussian1_phase
#   datatype: float32
#   description: Phase of the Gaussian 1 component
#   meta:
#     ucd: time.phase
# - 
#   name: geom_model_gaussian1_phase_error
#   datatype: float32
#   description: "Uncertainty of \\texttt{geomModelGaussian1Phase}"
#   meta:
#     ucd: stat.error;time.phase
# - 
#   name: geom_model_gaussian1_sigma
#   datatype: float32
#   description: "Standard deviation [phase] of Gaussian 1 component"
#   meta:
#     ucd: stat.stdev
# - 
#   name: geom_model_gaussian1_sigma_error
#   datatype: float32
#   description: "Uncertainty of \\texttt{geomModelGaussian1Sigma}"
#   meta:
#     ucd: stat.error
# - 
#   name: geom_model_gaussian1_depth
#   datatype: float32
#   unit: mag
#   description: Magnitude depth of Gaussian 1 component
#   meta:
#     ucd: src.var.amplitude
# - 
#   name: geom_model_gaussian1_depth_error
#   datatype: float32
#   unit: mag
#   description: "Uncertainty of \\texttt{geomModelGaussian1Depth}"
#   meta:
#     ucd: stat.error;src.var.amplitude
# - 
#   name: geom_model_gaussian2_phase
#   datatype: float32
#   description: Phase of Gaussian 2 component
#   meta:
#     ucd: time.phase
# - 
#   name: geom_model_gaussian2_phase_error
#   datatype: float32
#   description: "Uncertainty of \\texttt{geomModelGaussian2Phase}"
#   meta:
#     ucd: stat.error;time.phase
# - 
#   name: geom_model_gaussian2_sigma
#   datatype: float32
[...]
#   datatype: float32
#   description: "Secondary eclipse: uncertainty of \\texttt{derivedSecondaryEclDuration}"
#   meta:
#     ucd: stat.error;time.duration
# - 
#   name: derived_secondary_ecl_depth
#   datatype: float32
#   unit: mag
#   description: "Secondary eclipse: depth"
#   meta:
#     ucd: src.var.amplitude
# - 
#   name: derived_secondary_ecl_depth_error
#   datatype: float32
#   unit: mag
#   description: "Secondary eclipse: uncertainty of \\texttt{derivedSecondaryEclDepth}"
#   meta:
#     ucd: stat.error;src.var.amplitude
solution_id,source_id,global_ranking,reference_time,frequency,frequency_error,geom_model_reference_level,geom_model_reference_level_error,geom_model_gaussian1_phase,geom_model_gaussian1_phase_error,geom_model_gaussian1_sigma,geom_model_gaussian1_sigma_error,geom_model_gaussian1_depth,geom_model_gaussian1_depth_error,geom_model_gaussian2_phase,geom_model_gaussian2_phase_error,geom_model_gaussian2_sigma,geom_model_gaussian2_sigma_error,geom_model_gaussian2_depth,geom_model_gaussian2_depth_error,geom_model_cosine_half_period_amplitude,geom_model_cosine_half_period_amplitude_error,geom_model_cosine_half_period_phase,geom_model_cosine_half_period_phase_error,model_type,num_model_parameters,reduced_chi2,derived_primary_ecl_phase,derived_primary_ecl_phase_error,derived_primary_ecl_duration,derived_primary_ecl_duration_error,derived_primary_ecl_depth,derived_primary_ecl_depth_error,derived_secondary_ecl_phase,derived_secondary_ecl_phase_error,derived_secondary_ecl_duration,derived_secondary_ecl_duration_error,derived_secondary_ecl_depth,derived_secondary_ecl_depth_error
[from data line 850]
375316653866487564,5618782491299754240,0.46285415,2202.0893551401855,2.616368286394923,3.648073E-5,19.685535,0.0063807154,0.3281788,0.0077776695,0.048038583,0.0057018045,0.19663051,0.024327898,0.8200049,0.006155073,0.037223667,0.0065842904,0.23594451,0.07092512,null,null,null,null,"TWOGAUSSIANS",8,1.9781057,0.8200049,0.006155073,0.20845252,0.036872026,0.2359445,0.07092515,0.3281788,0.0077776695,0.2690161,0.031930108,0.1966305,0.0243279
375316653866487564,5618782873560171008,0.5787764,2214.1805115873944,1.768600829776773,1.1186252E-6,16.14664,0.0011081914,0.14883886,1.5913201E-5,0.007168609,1.2522531E-4,0.2724642,0.0027375254,0.47805133,6.4910813E-7,2.7516123E-4,9.3404464E-7,1.4181006,0.0031636353,null,null,null,null,"TWOGAUSSIANS",8,8.534617,0.47805133,6.4910813E-7,0.0015409029,5.23065E-6,1.4181006,0.0031636353,0.14883886,1.5913201E-5,0.040144213,7.0126174E-4,0.2724642,0.0027375254
375316653866487564,5618784969494340992,0.5733679,2225.325606447581,3.4955845520624433,2.3437404E-5,17.690722,0.009612007,0.26426703,0.002790169,0.049211636,0.004557473,0.2714967,0.028811643,0.7734016,0.010853976,0.05246538,0.009058437,0.26916787,0.038705,0.103632145,0.013855447,0.26426703,0.002790169,"TWOGAUSSIANS_WITH_ELLIPSOIDAL_ON_ECLIPSE1",9,14.024716,0.26426703,0.002790169,0.27558517,0.025521848,0.47875845,0.021631101,0.7734016,0.010837056,0.2938061,0.05072725,0.47574762,0.034698863
375316653866487564,5618786786265917056,0.6631501,2217.46130112644,0.3218791081533513,3.4836362E-6,12.402071,0.0044319406,0.20533167,6.4473663E-4,0.040056985,0.0011236868,0.5696673,0.028606305,0.7069172,7.267768E-4,0.034999903,0.0012285827,0.27982065,0.009403941,0.0713336,0.0051414417,0.20533167,6.4473663E-4,"TWOGAUSSIANS_WITH_ELLIPSOIDAL_ON_ECLIPSE1",9,197.497,0.20533167,6.4473663E-4,0.22431912,0.006292646,0.7123344,0.029244117,0.7069172,7.267768E-4,0.19599946,0.0068800626,0.4224736,0.0036932677
375316653866487564,5618789294527890688,0.5237761,2218.3341976644874,1.3574608909348762,1.1141153E-5,18.58822,0.004932815,0.2807165,0.005306569,0.058596354,0.004181014,0.26777458,0.012831178,0.77703077,0.0018556735,0.049468312,0.0025710405,0.23426495,0.00906776,null,null,null,null,"TWOGAUSSIANS",8,2.6486166,0.2807165,0.005306569,0.32813957,0.023413677,0.26776496,0.01282785,0.77703077,0.0018556735,0.27702254,0.014397827,0.23425534,0.009067625
375316653866487564,5618790673220997120,0.49538064,2206.3794323291463,0.21414957729524273,7.514727E-5,16.223457,0.0058040055,0.26078263,0.0027513024,0.014709593,0.004133606,0.42566633,4.585747,0.5187822,0.016542546,0.07142008,0.023358764,0.03971463,0.0119514745,0.029580276,0.007271515,0.26078263,0.0027513024,"TWOGAUSSIANS_WITH_ELLIPSOIDAL_ON_ECLIPSE1",9,64.085724,0.26078263,0.0027530435,0.082373716,0.023148194,0.484885,4.585819,0.5308922,0.31323722,0.39995244,0.08521712,0.04008716,0.03026778
375316653866487564,5618791497854720512,0.70655674,2201.6724857597605,1.2229484633713374,9.505997E-6,14.566779,0.00462883,0.23775716,9.792008E-4,0.044299938,0.002461162,0.14772521,0.010376112,0.7372111,0.0016311525,0.04117924,0.0014982214,0.7848733,0.016140863,0.05048172,0.0057660514,0.23775716,9.792008E-4,"TWOGAUSSIANS_WITH_ELLIPSOIDAL_ON_ECLIPSE1",9,35.142365,0.7372211,0.0016094783,0.23060374,0.00839004,0.88583535,0.016043548,0.23775716,9.792008E-4,0.24807966,0.013782507,0.24868841,0.0028262048
375316653866487564,5618795925957543680,0.5144239,2213.264464460113,0.34301451531165944,1.3775371E-5,19.364243,0.0030239841,0.17972085,0.001595056,0.0068406286,5.8641715E-4,1.276665,0.41772863,0.36097533,0.05727388,0.081549674,0.03073389,0.028170025,0.009129836,null,null,null,null,"TWOGAUSSIANS",8,1.0310466,0.17972085,0.001595056,0.03830752,0.0032839358,1.2790476,0.41888228,0.36097533,0.05727388,0.4,0.08062228,0.028170023,0.009129836
375316653866487564,5618803351954442752,0.5208751,2153.6827068445864,1.8011160986530828,1.24907565E-5,19.85099,0.015768062,0.23870131,0.0032509624,0.07369578,0.004802677,0.41061288,0.02311529,0.73981875,0.0034234433,0.08671924,0.006339823,0.37583563,0.016844362,null,null,null,null,"TWOGAUSSIANS",8,1.4032456,0.23870131,0.0032509624,0.4,0.005806813,0.40468633,0.021865541,0.73981875,0.0034234433,0.4,0.0,0.36990905,0.015780605
375316653866487564,5618804412813993728,0.50149447,2334.655934889595,0.6956556156368503,7.009024E-6,18.938623,0.0036754222,0.3302718,0.0025137917,0.014929528,0.0030693484,0.40742457,0.10566355,0.83393043,9.973756E-4,0.01576875,8.6891063E-4,0.3828783,0.021627396,null,null,null,null,"TWOGAUSSIANS",8,4.4851203,0.3302718,0.0025137917,0.08360536,0.017188352,0.40742457,0.10566355,0.83393043,9.973756E-4,0.088305,0.0048658997,0.3828783,0.021627396
375316653866487564,5618805718481208320,0.4307909,2358.6451623916855,3.928448192549499,3.3539494E-5,18.950865,0.014878726,0.25591332,0.01032804,0.0669709,0.018013775,0.1825478,0.018611072,0.67668706,0.013443509,0.11982958,0.013750124,0.13580352,0.018353023,null,null,null,null,"TWOGAUSSIANS",8,7.8970404,0.25612333,0.010147804,0.37503704,0.06434821,0.18048972,0.020140048,0.67668706,0.013443509,0.4,0.0,0.13345805,0.015111359
375316653866487564,5618805860226051456,0.48146766,2341.2756759035783,0.190356389385604,1.0192374E-5,17.243647,0.001878212,0.2701463,0.0024743911,0.008333349,0.0014496483,0.59077597,0.019997481,null,null,null,null,null,null,null,null,null,null,"ONEGAUSSIAN",5,22.219656,0.2701463,0.0024743911,0.046666753,0.008118031,0.59077597,0.0,null,null,null,null,null,null
375316653866487564,5618805924639684608,0.5033219,2348.4218328192765,1.080920269980253,4.203875E-5,18.056189,0.0013376945,0.42855993,0.03161824,0.020677855,0.04800879,0.014151067,0.18956727,0.6677893,0.018699856,0.035455756,0.007908517,0.2049918,0.080714434,0.0041078604,0.0020794813,0.6677893,0.018699856,"TWOGAUSSIANS_WITH_ELLIPSOIDAL_ON_ECLIPSE2",9,1.5133638,0.6677893,0.018699856,0.19855224,0.04428769,0.21320751,0.08173955,0.42876992,0.032396223,0.11579599,0.26884922,0.0141893765,0.18943375
375316653866487564,5618807200255621248,0.5779518,2312.0720185108494,0.6572519943070324,1.5609805E-5,17.678915,8.7769056E-4,0.95777315,0.0055849003,0.009989619,0.007555923,0.011334979,63.84379,0.32982898,0.0041785142,0.027514677,0.0021516455,0.26307058,0.016762393,null,null,null,null,"TWOGAUSSIANS",8,1.1200747,0.32982898,0.0041785142,0.1540822,0.012049215,0.26307058,0.016762393,0.95777315,0.0055849003,0.055941865,0.04231317,0.011334979,63.84379
375316653866487564,5618807784371085312,0.47814676,2320.060588093002,0.26424318172433164,2.6312779E-5,16.051247,7.3482416E-4,0.5768287,0.012596746,0.00979105,0.005040002,0.14848839,0.09691747,null,null,null,null,null,null,null,null,null,null,"ONEGAUSSIAN",5,6.284637,0.5768287,0.012596746,0.054829877,0.02822401,0.14848839,0.0,null,null,null,null,null,null
375316653866487564,5618809601131792768,0.5113982,2308.092922347603,0.9782662415479046,6.141763E-5,18.300014,0.0016447495,0.20908262,0.0066232416,0.016742518,0.006680671,0.16816524,0.03553838,0.7141236,0.015828883,0.018549813,0.0049123256,0.4387082,0.36690524,null,null,null,null,"TWOGAUSSIANS",8,2.427319,0.7141236,0.015828883,0.10387895,0.027509023,0.4387082,0.36690524,0.20908262,0.0066232416,0.0937581,0.037411757,0.16816524,0.03553838
375316653866487564,5618809880315355904,0.6989568,2299.9074267945675,0.44118423541194146,1.9370716E-6,16.298326,0.0010424047,0.29731083,5.1258877E-4,0.023817914,6.278686E-4,0.8385047,0.026494315,0.7969194,5.471555E-4,0.024386793,7.8718533E-4,0.11616483,0.003479341,0.017310081,0.0014860252,0.29731083,5.1258877E-4,"TWOGAUSSIANS_WITH_ELLIPSOIDAL_ON_ECLIPSE1",9,3.6856198,0.29731083,5.1258877E-4,0.13338032,0.003516064,0.8731247,0.027268665,0.79692936,5.344702E-4,0.13656604,0.004408238,0.15078472,0.0035676083
375316653866487564,5618811009881274240,0.563829,2281.841401423876,2.158548301453127,6.5673003E-6,17.250616,0.0062499815,0.25389728,0.0030862638,0.076148145,0.0049741603,0.18277992,0.007385265,0.738027,0.002212321,0.07565486,0.004497723,0.30417576,0.010632751,null,null,null,null,"TWOGAUSSIANS",8,6.881405,0.738027,0.002212321,0.4,0.0,0.30271626,0.010901709,0.25389728,0.0030862638,0.4,0.0,0.18132043,0.0071946047
375316653866487564,5618814514574599424,0.5239281,2285.861029594474,3.677139174832877,1.6748198E-5,19.487204,0.017341355,0.21490839,0.0049189585,0.06946263,0.004002718,0.5254665,0.049037404,0.723606,0.009184792,0.07460232,0.0072980523,0.55702007,0.047027964,null,null,null,null,"TWOGAUSSIANS",8,5.281843,0.723606,0.009184792,0.4,0.013335937,0.5548969,0.047009382,0.21490839,0.0049189585,0.3889907,0.020772846,0.5233433,0.048674252
375316653866487564,5618816816677139200,0.46964297,2288.083590833647,4.1992908507835764,4.0044095E-5,18.634462,0.004766271,0.59348345,0.009882509,0.027184686,0.0069448887,0.07122267,0.031323377,0.81507367,0.0043480736,0.0066739772,0.0018732205,0.5171695,0.69515,0.010512327,0.008503902,0.59348345,0.009882509,"TWOGAUSSIANS_WITH_ELLIPSOIDAL_ON_ECLIPSE1",9,7.771253,0.81507367,0.0043480736,0.037374273,0.010490035,0.5178323,0.6952136,0.59348345,0.009882509,0.15223424,0.03889138,0.09224731,0.030474782
375316653866487564,5618820115217247104,0.543276,2234.6215104484045,3.614900409074447,1.3357674E-5,17.935524,0.005367904,0.22093008,0.0029370224,0.08189316,0.0040054,0.14686552,0.006235709,0.73118836,0.0061115487,0.08214181,0.0075222035,0.17246662,0.0070258994,null,null,null,null,"TWOGAUSSIANS",8,3.0558162,0.73118836,0.0061115487,0.4,0.0,0.16994563,0.0066431863,0.22093008,0.0029370224,0.4,0.0,0.14434452,0.005223019
375316653866487564,5618822627778319104,0.6559134,2273.606602701169,1.0740066082875683,1.5895105E-6,14.118776,0.0017772509,0.25513723,0.0014219218,0.03639386,0.0014266634,0.18101265,0.007353398,0.75498784,6.411656E-4,0.03860006,0.0010416803,0.22158316,0.0050478997,0.035231564,0.0025967723,0.25513723,0.0014219218,"TWOGAUSSIANS_WITH_ELLIPSOIDAL_ON_ECLIPSE1",9,23.036686,0.75499785,6.226545E-4,0.21616033,0.00583341,0.29204616,0.0044948426,0.25513723,0.0014219218,0.20380561,0.007989315,0.25147572,0.0056076082
375316653866487564,5618823143174355968,0.5703199,2255.3618708717036,2.8877731040494257,5.4219126E-6,16.858522,0.020816997,0.15101355,0.0047509233,0.08416793,0.006511582,0.3330244,0.021167709,0.64320993,0.00246495,0.084715836,0.0065575903,0.37126955,0.018493343,null,null,null,null,"TWOGAUSSIANS",8,24.978498,0.64320993,0.00246495,0.4,0.0,0.363615,0.015250513,0.15101355,0.0047509233,0.4,0.0,0.32536983,0.018021135
375316653866487564,5618823619905325696,0.55088687,2256.719273949766,2.3430596799799424,7.6102087E-6,17.97834,0.0077629224,0.21172127,0.0019047748,0.06328719,0.0033118483,0.23711768,0.007844747,0.70301837,0.002753038,0.0731261,0.0036067988,0.4063885,0.013988563,null,null,null,null,"TWOGAUSSIANS",8,8.610583,0.70301837,0.002753038,0.4,0.0,0.40578592,0.013979587,0.21172127,0.0019047748,0.35440826,0.01854635,0.23651513,0.0076740575
375316653866487564,5618824070882012032,0.5099117,2286.279056252825,3.771362106445993,1.3855149E-5,19.545412,0.009837003,0.2613847,0.004781605,0.06656243,0.008146868,0.465009,0.027943458,0.7706223,0.0046178224,0.06631246,0.005672164,0.39110166,0.016546736,null,null,null,null,"TWOGAUSSIANS",8,2.7737067,0.2613847,0.004781605,0.3727496,0.04562246,0.46445745,0.028239246,0.7706223,0.0046178224,0.37134978,0.03176412,0.39055008,0.01648669
375316653866487564,5618825410916972032,0.54633194,2217.7572636504697,0.29392730900697167,6.4748E-5,17.06983,0.0012325133,0.24148561,0.015880616,0.052210864,0.0078053577,0.20847835,0.03706319,0.8367135,0.0148543725,0.008981349,0.018013736,0.015932344,0.009867796,null,null,null,null,"TWOGAUSSIANS",8,2.4811308,0.24148561,0.015880616,0.29238084,0.043710005,0.20847835,0.03706319,0.8367135,0.0148543725,0.050295558,0.10087693,0.015932344,0.009867796
375316653866487564,5618826338630052736,0.53433645,2242.261883047663,0.18176561639383018,6.700808E-6,17.2361,0.0028317347,0.15320341,7.942269E-4,0.0066375304,7.184482E-4,0.42760634,0.028714024,0.8315128,0.0760308,0.062146276,0.040157285,0.026529301,0.014136981,0.026866872,0.004305846,0.15320341,7.942269E-4,"TWOGAUSSIANS_WITH_ELLIPSOIDAL_ON_ECLIPSE1",9,15.170315,0.15320341,7.942269E-4,0.037170168,0.0040233103,0.48134002,0.029009135,0.8315128,0.0760308,0.34801915,0.2248808,0.036714133,0.016646942
375316653866487564,5618826471763843200,0.43821788,2256.2703178264314,3.453658392099393,3.900925E-5,18.644753,0.012431435,0.2641294,0.025122605,0.092090175,0.030563604,0.122057445,0.024760569,0.75143874,0.0073550562,0.08523703,0.0106924875,0.14314798,0.013987076,null,null,null,null,"TWOGAUSSIANS",8,6.9838834,0.75143874,0.0073550562,0.4,0.0,0.13912117,0.010008229,0.2641294,0.025122605,0.4,0.0,0.11803054,0.025531195
375316653866487564,5618826609202643200,0.5393758,2230.8937979317793,2.1447772875922584,7.649445E-6,19.043356,0.03072976,0.27997383,0.0058308407,0.11203696,0.014257461,0.4020394,0.028154884,0.7429211,0.0020481576,0.093376994,0.00612111,0.53351265,0.024955526,null,null,null,null,"TWOGAUSSIANS",8,2.9658077,0.7429211,0.0020481576,0.4,0.0,0.50387377,0.016752113,0.27997383,0.005836734,0.4,0.0,0.37232003,0.029358793
375316653866487564,5618828911305504512,0.51155776,2212.0553108348813,1.5107898893338738,7.74686E-5,18.370455,0.005530572,0.3991638,0.01892202,0.0073522334,0.045770008,0.43194428,0.44231236,0.7499511,0.03677911,0.10241657,0.039329965,0.013831651,0.006998478,null,null,null,null,"TWOGAUSSIANS",8,1.6698189,0.3991638,0.01965865,0.041172504,0.25631204,0.4319833,0.44207576,0.7499511,0.03677911,0.4,0.0,0.0138314655,0.006983719
375316653866487564,5618828911305537408,0.5998474,2219.0023431964805,0.680361422978997,3.0237703E-5,17.71012,0.0015310688,0.18027323,0.010424003,0.010602922,0.007172019,0.021194542,0.075374424,0.6824492,7.03154E-4,0.014256626,4.95182E-4,0.7125911,0.057175357,null,null,null,null,"TWOGAUSSIANS",8,2.476146,0.6824492,7.03154E-4,0.079837106,0.002773019,0.7125911,0.057175357,0.18027323,0.010424003,0.059376363,0.04016331,0.021194542,0.075374424
375316653866487564,5618829224848002944,0.56639165,2235.118370179787,1.2941672410897849,6.297294E-6,13.821534,0.0043473765,0.38776365,0.007215016,0.024034677,0.0035498752,0.65216553,0.04591382,0.89496773,0.0030810414,0.021578612,0.0015016667,0.6450991,0.06602854,0.0018329647,0.0062532662,0.89496773,0.0030810414,"TWOGAUSSIANS_WITH_ELLIPSOIDAL_ON_ECLIPSE2",9,801.4698,0.38776365,0.007215016,0.13459419,0.019879302,0.65582395,0.04377562,0.89496773,0.0030810414,0.12084023,0.008409333,0.648765,0.06534187
375316653866487564,5618829289262831744,0.45788807,2208.787458214253,3.2020653326384516,2.4282679E-5,18.205215,0.021221403,0.2021143,0.009160159,0.08259975,0.023280868,0.14157991,0.01872645,0.6814936,0.006341547,0.10111252,0.016912477,0.14959839,0.019344594,null,null,null,null,"TWOGAUSSIANS",8,7.527788,0.6814936,0.006341547,0.4,0.0,0.14436294,0.01232083,0.2021143,0.009176333,0.4,0.0,0.13634667,0.01798557
375316653866487564,5618830255640006528,0.57335216,2239.7081553504613,1.7860068815824126,1.1727268E-5,16.67547,0.0019288147,0.24741237,0.0024206198,0.052632485,0.008247071,0.08507911,0.00477258,null,null,null,null,null,null,0.038116723,0.0023412164,0.24741237,0.0024206198,"ONEGAUSSIAN_WITH_ELLIPSOIDAL",6,4.678734,0.24741237,0.0024206198,0.2947419,0.046183597,0.16131146,0.003943541,null,null,null,null,null,null
375316653866487564,5618831148987911808,0.41592476,2228.864971203666,1.1660206570671607,4.8556216E-5,16.10789,0.0020240608,0.3515857,0.0026790644,0.0253751,0.0018929768,0.07568134,0.002606076,0.85183233,0.01050577,0.019512627,0.016060865,0.031143527,21.720245,null,null,null,null,"TWOGAUSSIANS",8,4.577001,0.3515857,0.0026790644,0.14210056,0.01060067,0.07568134,0.002606076,0.85183233,0.01050577,0.10927071,0.089940846,0.031143527,21.720245
