Gaia/vari_eclipsing_binary/VariEclipsingBinary_380761-381019.csv
# %ECSV 1.0
# ---
# delimiter: ','
# meta: !!omap
# - RELEASE: Gaia DR3
# - TABLE: vari_eclipsing_binary
# - DESCRIPTION: >
#     This table describes the properties of the eclipsing binaries resulting from the variability analysis. 
# - CITATION: >
#     How to cite and acknowledge Gaia: 
#     https://gea.esac.esa.int/archive/documentation/credits.html 
# - KNOWN_ISSUES: >
#     Known issues: 
#     https://www.cosmos.esa.int/web/gaia-users/known-issues 
# - DOCUMENTATION: >
#     Tutorials and documentation: 
#     https://www.cosmos.esa.int/web/gaia-users/archive 
# datatype:
# - 
#   name: solution_id
#   datatype: int64
#   description: Solution Identifier
#   meta:
#     ucd: meta.version
# - 
#   name: source_id
#   datatype: int64
#   description: Unique source identifier
#   meta:
#     ucd: meta.id;meta.main
# - 
#   name: global_ranking
#   datatype: float32
#   description: Number between 0 (worst) and 1 (best)
#   meta:
#     ucd: stat.param
# - 
#   name: reference_time
#   datatype: float64
#   unit: d
#   description: Reference time used for the geometric model fit
#   meta:
#     ucd: time.epoch
# - 
#   name: frequency
#   datatype: float64
#   unit: d**-1
#   description: Frequency of geometric model of the eclipsing binary light curve
#   meta:
#     ucd: src.orbital
# - 
#   name: frequency_error
#   datatype: float32
#   unit: d**-1
#   description: "Uncertainty of \\texttt{frequency}"
#   meta:
#     ucd: stat.error
# - 
#   name: geom_model_reference_level
#   datatype: float32
#   unit: mag
#   description: Magnitude reference level of geometric model
#   meta:
#     ucd: phot.mag;em.opt
# - 
#   name: geom_model_reference_level_error
#   datatype: float32
#   unit: mag
#   description: "Uncertainty of \\texttt{geomModelReferenceLevel}"
#   meta:
#     ucd: stat.error;phot.mag;em.opt
# - 
#   name: geom_model_gaussian1_phase
#   datatype: float32
#   description: Phase of the Gaussian 1 component
#   meta:
#     ucd: time.phase
# - 
#   name: geom_model_gaussian1_phase_error
#   datatype: float32
#   description: "Uncertainty of \\texttt{geomModelGaussian1Phase}"
#   meta:
#     ucd: stat.error;time.phase
# - 
#   name: geom_model_gaussian1_sigma
#   datatype: float32
#   description: "Standard deviation [phase] of Gaussian 1 component"
#   meta:
#     ucd: stat.stdev
# - 
#   name: geom_model_gaussian1_sigma_error
#   datatype: float32
#   description: "Uncertainty of \\texttt{geomModelGaussian1Sigma}"
#   meta:
#     ucd: stat.error
# - 
#   name: geom_model_gaussian1_depth
#   datatype: float32
#   unit: mag
#   description: Magnitude depth of Gaussian 1 component
#   meta:
#     ucd: src.var.amplitude
# - 
#   name: geom_model_gaussian1_depth_error
#   datatype: float32
#   unit: mag
#   description: "Uncertainty of \\texttt{geomModelGaussian1Depth}"
#   meta:
#     ucd: stat.error;src.var.amplitude
# - 
#   name: geom_model_gaussian2_phase
#   datatype: float32
#   description: Phase of Gaussian 2 component
#   meta:
#     ucd: time.phase
# - 
#   name: geom_model_gaussian2_phase_error
#   datatype: float32
#   description: "Uncertainty of \\texttt{geomModelGaussian2Phase}"
#   meta:
#     ucd: stat.error;time.phase
# - 
#   name: geom_model_gaussian2_sigma
#   datatype: float32
[...]
#   datatype: float32
#   description: "Secondary eclipse: uncertainty of \\texttt{derivedSecondaryEclDuration}"
#   meta:
#     ucd: stat.error;time.duration
# - 
#   name: derived_secondary_ecl_depth
#   datatype: float32
#   unit: mag
#   description: "Secondary eclipse: depth"
#   meta:
#     ucd: src.var.amplitude
# - 
#   name: derived_secondary_ecl_depth_error
#   datatype: float32
#   unit: mag
#   description: "Secondary eclipse: uncertainty of \\texttt{derivedSecondaryEclDepth}"
#   meta:
#     ucd: stat.error;src.var.amplitude
solution_id,source_id,global_ranking,reference_time,frequency,frequency_error,geom_model_reference_level,geom_model_reference_level_error,geom_model_gaussian1_phase,geom_model_gaussian1_phase_error,geom_model_gaussian1_sigma,geom_model_gaussian1_sigma_error,geom_model_gaussian1_depth,geom_model_gaussian1_depth_error,geom_model_gaussian2_phase,geom_model_gaussian2_phase_error,geom_model_gaussian2_sigma,geom_model_gaussian2_sigma_error,geom_model_gaussian2_depth,geom_model_gaussian2_depth_error,geom_model_cosine_half_period_amplitude,geom_model_cosine_half_period_amplitude_error,geom_model_cosine_half_period_phase,geom_model_cosine_half_period_phase_error,model_type,num_model_parameters,reduced_chi2,derived_primary_ecl_phase,derived_primary_ecl_phase_error,derived_primary_ecl_duration,derived_primary_ecl_duration_error,derived_primary_ecl_depth,derived_primary_ecl_depth_error,derived_secondary_ecl_phase,derived_secondary_ecl_phase_error,derived_secondary_ecl_duration,derived_secondary_ecl_duration_error,derived_secondary_ecl_depth,derived_secondary_ecl_depth_error
[from data line 39]
375316653866487564,3349428119779835136,0.46741447,2216.1628957510675,0.06563941669330546,4.8900343E-5,18.350798,0.004430024,0.6318682,0.010714506,0.022724608,0.004782371,0.02324404,0.006903138,0.44902354,0.0022574503,0.06329205,0.0024692093,0.16170248,0.007821403,null,null,null,null,"TWOGAUSSIANS",8,1.3269482,0.44902354,0.0022574503,0.35443547,0.013827572,0.16170248,0.007821403,0.6290182,0.012087376,0.12725781,0.02678128,0.025896687,0.006579815
375316653866487564,3349434132734141312,0.5154136,2328.5032493022964,0.5811109112569166,1.7484467E-4,16.161472,0.0038797446,0.25010118,0.020462435,0.034949604,0.012445299,0.13612704,0.04204885,0.76737636,0.02286636,0.0700119,0.028681358,0.084211536,0.012840944,null,null,null,null,"TWOGAUSSIANS",8,19.672812,0.25010118,0.020462435,0.19571778,0.06969368,0.13612604,0.042038977,0.76737636,0.02286636,0.39206666,0.07979854,0.084210545,0.012847674
375316653866487564,3349450140074457344,0.5550213,2274.182226330594,2.602798903526111,9.748357E-6,18.658691,0.01953219,0.22345957,0.0111700315,0.08545508,0.010205645,0.37414947,0.025546005,0.73014635,0.002627164,0.080954984,0.007234976,0.36306435,0.026247317,null,null,null,null,"TWOGAUSSIANS",8,2.0162122,0.22345957,0.0111700315,0.4,0.0,0.36699748,0.021670077,0.73014635,0.002627164,0.4,0.0,0.3559124,0.027424954
375316653866487564,3349450797207287168,0.60319823,2286.860976364339,0.14758291454303632,1.3023759E-5,15.891115,0.0012674299,0.19459918,4.8934708E-6,0.004254755,2.3607485E-5,0.20174783,0.0012012754,0.9331837,0.02603137,0.033069465,0.025816772,0.0037108504,0.0028818136,null,null,null,null,"TWOGAUSSIANS",8,3.99431,0.19459918,4.8934708E-6,0.023826629,1.3220192E-4,0.20174783,0.0012012756,0.9331837,0.02603137,0.18518901,0.14457393,0.0037108504,0.0028818136
375316653866487564,3349456530985917440,0.5490662,2348.6500667889354,3.725704775587027,3.5390007E-5,19.266027,0.02722692,0.35966817,0.009035446,0.103892006,0.016898127,0.24244227,0.025896685,0.8558721,0.00708216,0.08076827,0.0116644995,0.30412364,0.031120878,null,null,null,null,"TWOGAUSSIANS",8,1.0816864,0.8558721,0.00708216,0.4,0.0,0.29133043,0.02480905,0.35966817,0.009035446,0.4,0.0,0.22964445,0.021139137
375316653866487564,3349468144577585280,0.59958774,2259.00423621393,1.8393307246166382,1.611392E-5,18.003271,0.010976339,0.2556226,0.010794508,0.07026093,0.010246206,0.54948276,0.036880072,0.7652671,0.0029635916,0.09502986,0.0052929907,0.25372773,0.012562044,null,null,null,null,"TWOGAUSSIANS",8,3.290835,0.2556226,0.010794508,0.3934612,0.023480255,0.54357135,0.03746322,0.7652671,0.0029635916,0.4,0.0,0.24781577,0.010559747
375316653866487564,3349471271313814912,0.55270684,2243.7629499501027,2.5034806752853656,1.0050679E-5,17.877579,0.13967805,0.22913139,0.0035570806,0.11621434,0.023169233,0.22240396,0.11963472,0.7255998,0.0024190443,0.14217241,0.055082552,0.21734615,0.12848787,null,null,null,null,"TWOGAUSSIANS",8,1.825004,0.22924139,0.0034424025,0.4,0.0,0.1580084,0.004263894,0.7255998,0.0024190443,0.4,0.0,0.15209393,0.013378629
375316653866487564,3349474810366412928,0.4506135,2318.0907411490075,3.787047691716516,2.3491458E-4,10.530941,0.0071322354,0.5518923,0.1447678,0.0877166,0.055072926,0.082069896,0.07599089,0.8669902,0.027732583,0.026298543,0.025013642,0.4977118,0.4449638,null,null,null,null,"TWOGAUSSIANS",8,1622.4387,0.8669902,0.027732583,0.14727184,0.1400764,0.49784124,0.4446184,0.5518923,0.1447678,0.4,0.12720512,0.08206988,0.07599478
375316653866487564,3349476532651021952,0.52529895,2283.7142875390186,0.6580980697347036,1.0485414E-4,17.415861,0.008551241,0.22839549,0.0061508636,0.011329059,0.0052429535,1.066831,0.83229434,null,null,null,null,null,null,0.011300146,0.013935345,0.22839549,0.0061508636,"ONEGAUSSIAN_WITH_ELLIPSOIDAL",6,24.59945,0.22839549,0.0061508636,0.06344273,0.02936054,1.0894313,0.82977605,null,null,null,null,null,null
375316653866487564,3349479586370681344,0.57955766,2285.1812144395076,0.521457579226962,1.0184452E-5,16.729588,0.008602375,0.31638265,0.0024263721,0.055586834,0.0071062013,0.16573218,0.0214412,0.8136267,0.003919452,0.0503602,0.005687488,0.16912782,0.012828144,null,null,null,null,"TWOGAUSSIANS",8,8.813742,0.8136267,0.003919452,0.2820171,0.031849932,0.16912352,0.0128210895,0.31638265,0.0024263721,0.31128627,0.03979473,0.16572787,0.021447998
375316653866487564,3349483743899557632,0.5823768,2283.2396061937875,0.20740628219074683,3.472305E-6,17.93663,0.00527056,0.6051074,0.0011113435,0.011208976,0.0014423904,0.38180146,0.02978539,null,null,null,null,null,null,null,null,null,null,"ONEGAUSSIAN",5,3.2780757,0.6051074,0.0011113435,0.06277027,0.008077386,0.38180146,0.0,null,null,null,null,null,null
375316653866487564,3349488519903256576,0.40756583,2219.736940699256,0.8169481550245199,5.2634354E-5,17.607027,0.060982246,null,null,null,null,null,null,null,null,null,null,null,null,0.12504701,0.10094245,0.14682433,0.011464309,"ELLIPSOIDAL",4,180.47896,null,null,null,null,null,null,null,null,null,null,null,null
375316653866487564,3349488902157073024,0.59285426,2220.4095116271296,1.5600072733581838,4.3871874E-5,17.867386,0.003061493,0.4420883,0.057887506,0.052363835,0.029426072,0.26019934,0.14796227,0.72713023,0.012708637,0.037663974,0.010546431,0.038434494,0.012844659,null,null,null,null,"TWOGAUSSIANS",8,1.5699778,0.4420883,0.057887506,0.29323748,0.12859675,0.26019934,0.14796229,0.72713023,0.012708637,0.21091825,0.05906001,0.038434587,0.0128475595
375316653866487564,3349490585784701696,0.500454,2257.977464341381,0.2660617121942928,9.251846E-5,19.700117,0.12533246,0.3025287,0.015342691,0.15912634,0.040748924,0.6671553,0.10977746,0.76523244,0.071580224,0.07816565,0.05272829,0.1532531,0.14445028,null,null,null,null,"TWOGAUSSIANS",8,4.817169,0.3025287,0.015342691,0.4,0.0,0.60811555,0.08880215,0.76523244,0.071580224,0.4,0.23102318,0.10617666,0.16625717
375316653866487564,3349493300203514240,0.5255716,2289.1798640606257,0.3755356168390068,2.4821173E-5,18.00802,0.005407691,0.33442166,0.008352614,0.05679357,0.0054729367,0.82209414,0.55268484,0.81371933,0.015779516,0.036910214,0.02115601,0.9105604,22721.314,null,null,null,null,"TWOGAUSSIANS",8,7.080428,0.81371933,0.015779516,0.2066972,0.11847365,0.91056013,22721.314,0.33442166,0.008352614,0.31804398,0.030648446,0.82209384,0.55268514
375316653866487564,3349495529290065024,0.5293216,2255.6114605028706,0.7103534181469949,6.0317765E-5,15.300042,0.002203457,0.33581355,0.03057227,0.0859777,0.060083088,0.009591902,0.002766645,0.7155603,0.0076702507,0.06257817,0.006493604,0.05638668,0.004867676,null,null,null,null,"TWOGAUSSIANS",8,5.6159105,0.7155603,0.0076702507,0.35043776,0.036364183,0.05638089,0.004867,0.33581355,0.03057227,0.4,0.22711563,0.0095855575,0.002767319
375316653866487564,3349495529290068352,0.51687086,2231.5708898183384,0.6988436864551835,1.1763742E-4,18.729107,0.006405883,0.45952925,0.045920607,0.0773457,0.05444656,0.35385686,0.2891495,0.8049453,0.012183424,0.017091483,0.020663591,0.024207314,0.017630473,null,null,null,null,"TWOGAUSSIANS",8,1.5306748,0.45952925,0.045920607,0.4,0.0,0.35385686,0.28923854,0.8049453,0.012183424,0.095712304,0.11571611,0.024223834,0.01783445
375316653866487564,3349497762673223040,0.5112104,2246.463589751891,2.3067112208839107,1.5857115E-5,18.000496,0.042851552,0.2698496,0.003745557,0.11162542,0.023041679,0.20877662,0.03635059,0.7674465,0.009712063,0.09886502,0.02805414,0.18775466,0.03564996,null,null,null,null,"TWOGAUSSIANS",8,4.4331026,0.2698496,0.0037468926,0.4,0.0,0.18580586,0.016013987,0.7674465,0.009712063,0.4,0.0,0.1648013,0.025030263
375316653866487564,3349499686816939648,0.54670924,2248.811426994454,0.18426705343225167,2.5018244E-5,19.515425,0.011311871,0.16010031,0.00400769,0.025489748,0.0074361307,0.06542991,0.013843816,0.63723975,0.014023639,0.1368553,0.02855839,0.2197361,0.0132266795,null,null,null,null,"TWOGAUSSIANS",8,0.46056762,0.63723975,0.014023639,0.4,0.0,0.21812247,0.013491711,0.1601903,0.004017544,0.14274259,0.04164233,0.06446933,0.013381317
375316653866487564,3349503367604039680,0.5214786,2264.7926701065835,2.5873211045384137,1.8790235E-5,18.93634,0.0043273238,null,null,null,null,null,null,null,null,null,null,null,null,0.13834897,0.008171607,0.19269302,0.0033569417,"ELLIPSOIDAL",4,2.582255,null,null,null,null,null,null,null,null,null,null,null,null
375316653866487564,3349503638188434688,0.4513027,2275.7355957024597,3.9630391322250107,3.396132E-5,16.327536,0.008418695,0.21404824,0.024930395,0.070983045,0.04905554,0.06895209,7.98451,0.87947524,0.03331071,0.0400644,0.031086417,0.32518604,8359.265,0.0045920797,0.0070634363,0.21404824,0.024930395,"TWOGAUSSIANS_WITH_ELLIPSOIDAL_ON_ECLIPSE1",9,174.39246,0.87947524,0.03331071,0.22436064,0.17408393,0.3274293,8359.263,0.21404824,0.024930395,0.39750504,0.20096949,0.0780202,7.982867
375316653866487564,3349505429190953728,0.6350296,2311.058223796228,1.3282438906942209,8.335827E-6,14.851116,0.007307604,0.29718637,0.0027248508,0.10404512,0.005892128,0.21991791,0.006308837,0.79496986,0.0020249577,0.10628618,0.0055022505,0.1575204,0.0065732403,null,null,null,null,"TWOGAUSSIANS",8,11.442814,0.29718637,0.0027248508,0.4,0.0,0.19851561,0.004442968,0.79496986,0.0020249577,0.4,0.0,0.13611741,0.004405734
375316653866487564,3349507726997392256,0.5240271,2289.3338440528205,2.812981818222388,2.6572696E-5,18.681807,0.02096806,0.13572177,0.004122248,0.06580892,0.008798284,0.28046975,0.029884616,0.6338342,0.0054550217,0.07991459,0.00894229,0.34515098,0.029311499,null,null,null,null,"TWOGAUSSIANS",8,4.564488,0.6338342,0.0054550217,0.4,0.0,0.3434892,0.02867338,0.13572177,0.004122248,0.36852995,0.046505168,0.278808,0.029904922
375316653866487564,3349511953245312512,0.6380052,2244.879672199086,2.215078673582341,1.0371603E-5,17.813286,0.0036586586,0.24894136,0.04319093,0.08183937,0.070782535,0.01785342,0.008702778,0.7436845,0.0027801774,0.037547432,0.001644558,0.6402962,0.018644521,null,null,null,null,"TWOGAUSSIANS",8,2.1592255,0.7436845,0.0027801774,0.21026562,0.009209525,0.64028436,0.018398728,0.24894136,0.04319093,0.4,0.02822103,0.01784156,0.009026495
375316653866487564,3349513568153011456,0.70224094,2268.3271454268242,1.6890485834555304,4.1033395E-6,17.834114,0.008419434,0.2740829,0.0011005888,0.045910947,0.0012095727,0.8286531,0.028541451,0.7767576,0.0026825585,0.03998386,0.0063156188,0.16542354,0.02023489,0.069693476,0.010145239,0.2740829,0.0011005888,"TWOGAUSSIANS_WITH_ELLIPSOIDAL_ON_ECLIPSE1",9,2.7942886,0.2740829,0.0011005888,0.2571013,0.006773607,0.9680397,0.024416307,0.7767576,0.0026825585,0.22390963,0.035367463,0.3047708,0.021183506
375316653866487564,3349519035647761920,0.59891605,2307.8458341144606,2.630558959308568,6.1784813E-6,16.076754,0.013430278,0.2939048,0.002703041,0.055269826,0.021020463,0.16893467,0.5916024,0.7917696,0.008648367,0.056565456,0.01567189,0.10213367,0.029952869,0.09265023,0.015071819,0.2939048,0.002703041,"TWOGAUSSIANS_WITH_ELLIPSOIDAL_ON_ECLIPSE1",9,9.7686615,0.2939048,0.002703041,0.30951104,0.117714584,0.35422394,0.6080256,0.79243964,0.0069251126,0.31676656,0.08776258,0.28740004,0.03222177
375316653866487564,3349533153202892800,0.5272483,2281.5616906851637,1.6893797027089588,7.8554025E-5,17.813526,0.0013216246,0.26050082,0.018107397,0.04022701,0.015284893,0.0255365,0.041638087,0.64033586,2.746604E-4,0.039979734,9.44411E-4,0.14903419,0.0012055385,null,null,null,null,"TWOGAUSSIANS",8,1.590497,0.64033586,2.746604E-4,0.2238865,0.0052887015,0.14903419,0.0012055385,0.26050082,0.018107397,0.22527125,0.08559541,0.0255365,0.041638087
375316653866487564,3349538448900232832,0.5134123,2258.9866969032637,1.3234137900840781,1.8856937E-5,9.990415,0.008655616,0.26057598,0.007622044,0.06573786,0.009618664,0.25405902,0.014441991,0.7710433,0.005049538,0.07452311,0.01698496,0.10612356,0.017551813,null,null,null,null,"TWOGAUSSIANS",8,237.11215,0.26057598,0.007622044,0.368132,0.05386452,0.2536391,0.014300068,0.7710433,0.005049538,0.4,0.011944238,0.10570362,0.018253826
375316653866487564,3349539548411060736,0.6332916,2287.1077369899053,2.45050672948255,5.881192E-6,16.401737,0.0062290193,0.20116913,0.0013113752,0.04328977,0.0071225027,0.17817193,0.13821134,0.7016593,0.0062686554,0.03931307,0.009291763,0.18959081,0.0145438695,0.14167865,0.008402565,0.20116913,0.0013113752,"TWOGAUSSIANS_WITH_ELLIPSOIDAL_ON_ECLIPSE1",9,14.911089,0.7016593,0.0060000354,0.2201532,0.052033875,0.47294486,0.024958843,0.20116913,0.0013113752,0.24242271,0.039886013,0.46152866,0.13812955
375316653866487564,3349543048808834688,0.46199232,2300.594606847629,0.8158389624016208,6.306787E-5,14.937773,0.004603216,0.28242478,0.009735109,0.03011657,0.010541318,0.024561653,0.018764174,0.79351234,0.017022943,0.06195295,0.039440945,0.02184694,0.051388603,0.010376893,0.0054647163,0.28242478,0.009735109,"TWOGAUSSIANS_WITH_ELLIPSOIDAL_ON_ECLIPSE1",9,14.219729,0.28242478,0.009735109,0.16865279,0.059031382,0.045312367,0.012236969,0.79351234,0.016493393,0.3469365,0.22086929,0.042497095,0.06139421
375316653866487564,3349552708193583360,0.5490428,2252.049100164125,0.19717554228884607,1.52115335E-5,19.783352,0.018573917,0.18277492,0.00495024,0.045067742,0.013535269,0.33039474,0.028276712,0.7245657,0.0044075516,0.057585478,0.009266351,0.4189527,0.031156631,null,null,null,null,"TWOGAUSSIANS",8,2.0865712,0.7245657,0.0044075516,0.32247865,0.05189157,0.41895205,0.031155013,0.18277492,0.00495024,0.25237936,0.075797506,0.3303941,0.028276406
375316653866487564,3349555113375164928,0.63548726,2286.183149066898,1.32772503724131,3.2033802E-6,16.171991,0.0038884259,0.20129104,0.0030350958,0.07145833,0.003233906,0.2792584,0.0052664336,0.70941323,0.007077444,0.08101393,0.0070295427,0.12848864,0.024157811,null,null,null,null,"TWOGAUSSIANS",8,3.7714405,0.20129104,0.0030350958,0.4,0.007524818,0.2778422,0.0048396466,0.70941323,0.007077444,0.4,0.0,0.12707244,0.024361853
375316653866487564,3349555933708705536,0.55665225,2244.4216912697334,4.129613522292882,1.5294161E-5,17.479427,0.030778805,0.28129196,0.0055116545,0.06158811,0.0057507968,0.6785179,0.09371957,0.7920925,0.035286218,0.057010315,0.038164694,0.84314406,0.32370466,null,null,null,null,"TWOGAUSSIANS",8,37.946987,0.7920925,0.035286218,0.31925777,0.10886998,0.8430031,0.3260947,0.28129196,0.0055116545,0.3448934,0.03220446,0.67837685,0.092673816
375316653866487564,3349557552916670592,0.64618653,2279.1591374473664,1.3106657176096987,4.1242083E-6,9.882723,0.0011028218,0.29407907,0.0034510172,0.059622623,0.0050254157,0.027235288,0.0029450348,0.79351264,0.0014689385,0.022167616,0.023186289,0.018383648,0.17196976,0.049329977,0.0013510331,0.79351264,0.0014689385,"TWOGAUSSIANS_WITH_ELLIPSOIDAL_ON_ECLIPSE2",9,10.865417,0.29378906,0.0012893486,0.33388668,0.028142327,0.12589031,0.0019566067,0.79351264,0.0014689385,0.124138646,0.12984322,0.11703929,0.17216323
375316653866487564,3349562324620118656,0.55717534,2270.1394495575146,3.6301621435848386,2.1346183E-5,18.980463,0.015665825,0.28385878,0.004395503,0.08910644,0.005569038,0.31197345,0.017977359,0.7729078,0.0055366196,0.08654795,0.009422703,0.32932907,0.022533108,null,null,null,null,"TWOGAUSSIANS",8,2.122625,0.7729078,0.0055366196,0.4,0.0,0.3200122,0.023378532,0.28385878,0.004395503,0.4,0.0,0.30265653,0.013918712
375316653866487564,3349565794955478400,0.47196597,2203.32879072227,1.508770141093497,7.45945E-5,19.87845,0.0128521705,0.4377263,0.0139035415,0.0181309,0.01569679,0.27747992,0.19264555,0.74323666,0.011541663,0.12692145,0.012919786,0.20484577,0.01821703,null,null,null,null,"TWOGAUSSIANS",8,1.4832416,0.43798628,0.015174882,0.10153304,0.087902024,0.28863743,0.1929727,0.74323666,0.011541663,0.4,0.0,0.20467098,0.018198173
