Gaia/vari_eclipsing_binary/VariEclipsingBinary_678001-678036.csv
# %ECSV 1.0
# ---
# delimiter: ','
# meta: !!omap
# - RELEASE: Gaia DR3
# - TABLE: vari_eclipsing_binary
# - DESCRIPTION: >
#     This table describes the properties of the eclipsing binaries resulting from the variability analysis. 
# - CITATION: >
#     How to cite and acknowledge Gaia: 
#     https://gea.esac.esa.int/archive/documentation/credits.html 
# - KNOWN_ISSUES: >
#     Known issues: 
#     https://www.cosmos.esa.int/web/gaia-users/known-issues 
# - DOCUMENTATION: >
#     Tutorials and documentation: 
#     https://www.cosmos.esa.int/web/gaia-users/archive 
# datatype:
# - 
#   name: solution_id
#   datatype: int64
#   description: Solution Identifier
#   meta:
#     ucd: meta.version
# - 
#   name: source_id
#   datatype: int64
#   description: Unique source identifier
#   meta:
#     ucd: meta.id;meta.main
# - 
#   name: global_ranking
#   datatype: float32
#   description: Number between 0 (worst) and 1 (best)
#   meta:
#     ucd: stat.param
# - 
#   name: reference_time
#   datatype: float64
#   unit: d
#   description: Reference time used for the geometric model fit
#   meta:
#     ucd: time.epoch
# - 
#   name: frequency
#   datatype: float64
#   unit: d**-1
#   description: Frequency of geometric model of the eclipsing binary light curve
#   meta:
#     ucd: src.orbital
# - 
#   name: frequency_error
#   datatype: float32
#   unit: d**-1
#   description: "Uncertainty of \\texttt{frequency}"
#   meta:
#     ucd: stat.error
# - 
#   name: geom_model_reference_level
#   datatype: float32
#   unit: mag
#   description: Magnitude reference level of geometric model
#   meta:
#     ucd: phot.mag;em.opt
# - 
#   name: geom_model_reference_level_error
#   datatype: float32
#   unit: mag
#   description: "Uncertainty of \\texttt{geomModelReferenceLevel}"
#   meta:
#     ucd: stat.error;phot.mag;em.opt
# - 
#   name: geom_model_gaussian1_phase
#   datatype: float32
#   description: Phase of the Gaussian 1 component
#   meta:
#     ucd: time.phase
# - 
#   name: geom_model_gaussian1_phase_error
#   datatype: float32
#   description: "Uncertainty of \\texttt{geomModelGaussian1Phase}"
#   meta:
#     ucd: stat.error;time.phase
# - 
#   name: geom_model_gaussian1_sigma
#   datatype: float32
#   description: "Standard deviation [phase] of Gaussian 1 component"
#   meta:
#     ucd: stat.stdev
# - 
#   name: geom_model_gaussian1_sigma_error
#   datatype: float32
#   description: "Uncertainty of \\texttt{geomModelGaussian1Sigma}"
#   meta:
#     ucd: stat.error
# - 
#   name: geom_model_gaussian1_depth
#   datatype: float32
#   unit: mag
#   description: Magnitude depth of Gaussian 1 component
#   meta:
#     ucd: src.var.amplitude
# - 
#   name: geom_model_gaussian1_depth_error
#   datatype: float32
#   unit: mag
#   description: "Uncertainty of \\texttt{geomModelGaussian1Depth}"
#   meta:
#     ucd: stat.error;src.var.amplitude
# - 
#   name: geom_model_gaussian2_phase
#   datatype: float32
#   description: Phase of Gaussian 2 component
#   meta:
#     ucd: time.phase
# - 
#   name: geom_model_gaussian2_phase_error
#   datatype: float32
#   description: "Uncertainty of \\texttt{geomModelGaussian2Phase}"
#   meta:
#     ucd: stat.error;time.phase
# - 
#   name: geom_model_gaussian2_sigma
#   datatype: float32
[...]
#   datatype: float32
#   description: "Secondary eclipse: uncertainty of \\texttt{derivedSecondaryEclDuration}"
#   meta:
#     ucd: stat.error;time.duration
# - 
#   name: derived_secondary_ecl_depth
#   datatype: float32
#   unit: mag
#   description: "Secondary eclipse: depth"
#   meta:
#     ucd: src.var.amplitude
# - 
#   name: derived_secondary_ecl_depth_error
#   datatype: float32
#   unit: mag
#   description: "Secondary eclipse: uncertainty of \\texttt{derivedSecondaryEclDepth}"
#   meta:
#     ucd: stat.error;src.var.amplitude
solution_id,source_id,global_ranking,reference_time,frequency,frequency_error,geom_model_reference_level,geom_model_reference_level_error,geom_model_gaussian1_phase,geom_model_gaussian1_phase_error,geom_model_gaussian1_sigma,geom_model_gaussian1_sigma_error,geom_model_gaussian1_depth,geom_model_gaussian1_depth_error,geom_model_gaussian2_phase,geom_model_gaussian2_phase_error,geom_model_gaussian2_sigma,geom_model_gaussian2_sigma_error,geom_model_gaussian2_depth,geom_model_gaussian2_depth_error,geom_model_cosine_half_period_amplitude,geom_model_cosine_half_period_amplitude_error,geom_model_cosine_half_period_phase,geom_model_cosine_half_period_phase_error,model_type,num_model_parameters,reduced_chi2,derived_primary_ecl_phase,derived_primary_ecl_phase_error,derived_primary_ecl_duration,derived_primary_ecl_duration_error,derived_primary_ecl_depth,derived_primary_ecl_depth_error,derived_secondary_ecl_phase,derived_secondary_ecl_phase_error,derived_secondary_ecl_duration,derived_secondary_ecl_duration_error,derived_secondary_ecl_depth,derived_secondary_ecl_depth_error
[from data line 147]
375316653866487564,5963808759065654016,0.652356,2273.2333474550205,0.03340148270997815,1.1204426E-5,16.532106,9.427792E-4,0.073465765,0.005248118,0.0045979163,0.003139208,0.5546656,0.23729828,0.27951136,0.0040321224,0.002766974,0.003398334,0.026397323,0.021259274,0.0017330685,0.0016460057,0.073465765,0.005248118,"TWOGAUSSIANS_WITH_ELLIPSOIDAL_ON_ECLIPSE1",9,3.1002603,0.073465765,0.005248118,0.025748331,0.017579565,0.55813175,0.23659179,0.27951136,0.0040321224,0.015495054,0.01903067,0.026655035,0.021247273
375316653866487564,5963808797726278400,0.4686004,2268.9271639549,1.6681161937135283,2.4464265E-5,19.751692,0.019764598,0.18423775,0.015064874,0.06934457,0.014541785,0.18531996,0.04118955,0.6497859,0.006481213,0.06482373,0.013294276,0.4982792,0.10417042,null,null,null,null,"TWOGAUSSIANS",8,4.39231,0.6497859,0.006481213,0.3630129,0.046677288,0.49806705,0.10470339,0.18423775,0.015064874,0.38832963,0.07105897,0.1851078,0.041151695
375316653866487564,5963808900805790976,0.57740045,2263.498826764817,1.4463245996952527,5.7173124E-6,17.04944,0.009535598,0.24334362,0.0032664165,0.0931129,0.0073753227,0.13781527,0.008847021,0.7226219,0.0022699977,0.09689178,0.0075235195,0.22850484,0.007977971,null,null,null,null,"TWOGAUSSIANS",8,4.393465,0.7226219,0.0022699977,0.4,0.0,0.2201968,0.008751793,0.24334362,0.003267396,0.4,0.0,0.1295082,0.0051508388
375316653866487564,5963809141324167680,0.5556111,2254.1095469069596,3.6257027779093023,1.2629395E-5,18.858,0.01112705,0.25213727,0.0035872613,0.07461886,0.0037110364,0.52255815,0.017272223,0.7635319,0.005161858,0.077158205,0.0072781355,0.37805536,0.033628818,null,null,null,null,"TWOGAUSSIANS",8,4.2747297,0.25213727,0.0035872613,0.4,0.0,0.5195254,0.016928256,0.7635319,0.005161858,0.4,0.0,0.3750226,0.034399036
375316653866487564,5963809175684168064,0.5286272,2261.4624514429197,4.0447681647822815,8.383793E-6,19.515932,0.01698955,0.20415883,0.002109294,0.06737418,0.005191801,0.36902168,0.024392895,0.69671464,0.012511654,0.056997117,0.010597093,0.52702403,0.06014029,null,null,null,null,"TWOGAUSSIANS",8,2.008885,0.69671464,0.012511654,0.31918386,0.05934372,0.5268142,0.060327206,0.20415883,0.002109294,0.3772954,0.029074086,0.36881185,0.024369115
375316653866487564,5963809484921598592,0.4827503,2277.8739876244795,2.5620025845925642,3.683327E-5,18.722923,0.016649857,0.31170008,0.005182471,0.09753924,0.009269786,0.18400298,0.017475788,0.825448,0.009572148,0.090028994,0.015473961,0.16597316,0.015409456,null,null,null,null,"TWOGAUSSIANS",8,3.111565,0.31170008,0.005182471,0.4,0.0,0.17578138,0.010859693,0.825448,0.009572148,0.4,0.0,0.15775238,0.008023696
375316653866487564,5963809794159767424,0.45579135,2344.595051034946,1.0863804973573872,2.1110072E-4,15.024797,0.062937655,0.1702091,0.006066318,0.057925962,0.013440391,0.3497933,0.05366248,0.7149915,0.031322096,0.03583348,0.16017282,0.30970544,0.19546328,null,null,null,null,"TWOGAUSSIANS",8,8.224283,0.1702091,0.0057844226,0.3243854,0.07526619,0.34979326,0.045790337,0.7149915,0.031322096,0.2006675,0.28547275,0.3097054,0.21836044
375316653866487564,5963809824215398144,0.5393915,2261.004526781972,0.5889799511209274,1.1598176E-5,18.369394,0.0025652735,0.26998797,0.0041203327,0.028849415,0.005584693,0.15312356,0.019368092,0.7673316,0.003802352,0.03264107,0.0034512412,0.2868949,0.017941346,null,null,null,null,"TWOGAUSSIANS",8,2.6705143,0.7673316,0.003802352,0.18279001,0.01932695,0.2868949,0.017941346,0.26998797,0.0041203327,0.16155672,0.03127428,0.15312356,0.019368092
375316653866487564,5963810099095653504,0.59786433,2262.002599649726,0.6244948948938538,7.5850085E-6,16.398031,0.0037747447,0.29363915,0.0016928014,0.03631218,0.0017940371,0.77613497,0.02905105,null,null,null,null,null,null,0.06123622,0.005274341,0.29363915,0.0016928014,"ONEGAUSSIAN_WITH_ELLIPSOIDAL",6,39.34725,0.29363915,0.0016928014,0.20334822,0.010046608,0.8986074,0.028841875,null,null,null,null,null,null
375316653866487564,5963810236528951424,0.5630341,2244.2396783039617,0.12668334804722503,1.1985721E-5,18.693085,0.002388422,0.17784886,6.0606376E-6,0.0026464814,2.5889363E-5,1.5829799,0.03684473,0.6118898,0.13594536,0.097302675,0.08284112,0.031843785,0.048452973,null,null,null,null,"TWOGAUSSIANS",8,2.3604603,0.17784886,6.0606376E-6,0.014820295,1.4498044E-4,1.5829813,0.03684459,0.6118898,0.13594536,0.4,0.2706994,0.031843666,0.04845317
375316653866487564,5963810477048834560,0.50710684,2264.485651265114,0.3501567859036567,1.9326055E-6,18.236912,0.0032803137,0.61282563,0.002947329,0.0036884425,0.0026511976,0.41010636,73.79759,0.81072587,0.013065488,0.041831348,0.009869722,0.026442114,0.0074341814,0.013410718,0.0034610785,0.61282563,0.002947329,"TWOGAUSSIANS_WITH_ELLIPSOIDAL_ON_ECLIPSE1",9,2.8570015,0.61282563,0.002947329,0.020655278,0.014846707,0.4369279,73.797714,0.81072587,0.013065488,0.23425555,0.055270445,0.029214853,0.008065435
375316653866487564,5963811718336155648,0.5573924,2260.701474650119,3.430883805608831,1.9187291E-5,18.764383,0.023801578,0.16389209,0.003030671,0.049332067,0.011337644,0.19224446,0.050740507,0.66869265,0.012278903,0.036318023,0.021404551,0.13492268,0.052593343,0.12376768,0.032435216,0.16389209,0.003030671,"TWOGAUSSIANS_WITH_ELLIPSOIDAL_ON_ECLIPSE1",9,5.4649653,0.16389209,0.003030671,0.27625957,0.06349081,0.4397793,0.025176203,0.66869265,0.012245186,0.20338093,0.119865485,0.3822324,0.02097519
375316653866487564,5963812027573842688,0.43228647,2273.05684834418,2.9257080256007,1.4801623E-4,16.638603,0.27212414,0.14464016,0.009089779,0.15303773,0.033140812,0.24915262,0.17069307,0.63737357,0.012037183,0.25455847,0.120885216,0.4189942,0.26365575,null,null,null,null,"TWOGAUSSIANS",8,26.932947,0.63737357,0.012037183,0.4,0.0,0.1034532,0.0133669935,0.15205017,0.00934899,0.4,0.0,0.05285445,0.007107104
375316653866487564,5963812989647356800,0.52818567,2281.918287689673,2.8236766280882866,2.6781334E-5,17.675032,0.044482633,0.2724917,0.0022789054,0.11316242,0.016859887,0.22029167,0.040529568,0.7704554,0.004543265,0.11990938,0.019460447,0.23555505,0.04072824,null,null,null,null,"TWOGAUSSIANS",8,6.2307887,0.7704554,0.004543265,0.4,0.0,0.19077688,0.009592099,0.2725017,0.0022715477,0.4,0.0,0.17556721,0.007708842
375316653866487564,5963813127053544320,0.4826984,2280.8320159554323,0.6558970058011785,3.4878572E-5,17.975866,0.010959528,0.4862522,0.06673822,0.09561843,0.03585174,0.06126255,0.021699825,0.72197336,6.19434E-4,0.011097101,9.33402E-4,3.6132858,1.4424711,null,null,null,null,"TWOGAUSSIANS",8,23.164753,0.72197336,6.19434E-4,0.062143765,0.005227051,3.61622,1.4450623,0.4862522,0.06673822,0.4,0.043328878,0.06126241,0.021700917
375316653866487564,5963813195772532096,0.5420691,2293.1644206221654,2.7275491984018703,1.2546849E-5,19.859304,0.021068376,0.24739395,0.003289439,0.0494602,0.0061552804,0.4098918,0.06039452,0.74268275,0.0021654032,0.041106403,0.004241874,0.38641283,0.054467507,0.14244215,0.027831364,0.24739395,0.003289439,"TWOGAUSSIANS_WITH_ELLIPSOIDAL_ON_ECLIPSE1",9,2.9290447,0.24739395,0.003289439,0.27697712,0.03446957,0.6947748,0.04666656,0.7431027,0.0018801295,0.23019587,0.023754494,0.6710686,0.036256675
375316653866487564,5963813913026729728,0.5463748,2292.4384536334874,2.9019642661231737,1.4176033E-5,17.514946,0.014060246,0.2706181,0.002978725,0.09124445,0.0049375067,0.3493106,0.015995724,0.7520481,0.0029885469,0.0954846,0.0061469674,0.37270156,0.014578523,null,null,null,null,"TWOGAUSSIANS",8,11.962505,0.7520481,0.0029885469,0.4,0.0,0.35743263,0.013687275,0.2706181,0.002978725,0.4,0.0,0.3340426,0.012661646
375316653866487564,5963813917360331648,0.5500743,2288.6338718137636,0.3654209709996739,5.499007E-5,16.654781,0.0014171376,0.2514729,0.0014127513,0.021210397,0.0039663166,0.1056889,0.007538183,0.7592868,0.012515378,0.030146463,0.010971488,0.20297812,0.0149834575,null,null,null,null,"TWOGAUSSIANS",8,6.429807,0.7592868,0.012515378,0.1688202,0.061440334,0.20297812,0.0149834575,0.2514729,0.0014127513,0.11877822,0.022211373,0.1056889,0.007538183
375316653866487564,5963814187899000576,0.5283908,2285.520608063745,0.3837355489260218,4.649248E-5,18.566366,0.0031006276,0.18571018,0.0053960746,0.04572412,0.006105796,0.09601941,0.011928893,0.68026495,0.0049740626,0.036982533,0.009562959,0.44863755,0.45096236,null,null,null,null,"TWOGAUSSIANS",8,2.385212,0.68026495,0.0049740626,0.2071022,0.053552568,0.44863755,0.45096236,0.18571018,0.0053960746,0.25605506,0.034192458,0.09601941,0.011928899
375316653866487564,5963814222262926080,0.6156053,2274.8139445730117,0.2609125181444185,6.129993E-6,12.275487,5.6616706E-4,0.33261275,0.006462696,0.016874772,0.0060406225,0.1778494,0.095908426,0.8320483,7.729514E-4,0.01663932,6.436529E-4,0.19410914,0.005747999,0.0023453198,0.001061469,0.33261275,0.006462696,"TWOGAUSSIANS_WITH_ELLIPSOIDAL_ON_ECLIPSE1",9,33.088,0.8320483,7.729514E-4,0.09318019,0.0036044565,0.19879971,0.005548304,0.33261275,0.006462696,0.09449872,0.033827487,0.18254004,0.09663313
375316653866487564,5963814638882850560,0.5357363,2275.7417805713744,1.1791679206669203,2.1058644E-5,19.198435,0.007437063,0.24463142,0.002260155,0.058495123,0.003343162,0.38300747,0.020218693,0.74193037,0.0072729653,0.07459761,0.00989629,0.09825449,0.017167304,null,null,null,null,"TWOGAUSSIANS",8,1.5836524,0.24463142,0.002260155,0.3275727,0.018721707,0.3827309,0.020275002,0.74193037,0.0072729653,0.4,0.022463297,0.09797792,0.017207164
375316653866487564,5963814943816731136,0.56645995,2295.872888736067,0.35379120203937586,9.078065E-6,18.404669,0.004239555,0.33540198,9.551795E-4,0.028793309,9.571786E-4,0.6788551,0.04234004,0.8336752,0.00946801,0.027013771,0.007320478,0.08580971,0.019200021,null,null,null,null,"TWOGAUSSIANS",8,4.634478,0.33540198,9.551795E-4,0.16124253,0.0053602,0.6788551,0.04234004,0.8336752,0.00946801,0.15127712,0.040994678,0.08580971,0.019200021
375316653866487564,5963815154278450048,0.6030273,2283.6189101867285,0.185183931240448,2.8053068E-5,18.018368,0.0022032307,0.45091745,0.010983554,0.049963817,0.017295765,0.02414476,0.019182036,0.61350775,6.4615335E-4,0.014172069,7.2906836E-4,0.5236604,0.010937932,null,null,null,null,"TWOGAUSSIANS",8,2.8517613,0.61350775,6.4615335E-4,0.079363585,0.0040827827,0.52378154,0.011022322,0.45091745,0.010983554,0.27979738,0.09685629,0.02414476,0.019182036
375316653866487564,5963815222998066176,0.48764098,2275.811508360903,2.7566803943397145,2.7180517E-5,18.875914,0.12356,0.28980377,0.005268567,0.1259067,0.04047685,0.21413699,0.12001645,0.7818208,0.007964994,0.11367524,0.03513544,0.21562402,0.11955786,null,null,null,null,"TWOGAUSSIANS",8,2.6659887,0.7818208,0.007964994,0.4,0.0,0.17048065,0.017185768,0.28982377,0.0052595413,0.4,0.0,0.16885605,0.010285966
375316653866487564,5963815807146000640,0.44739446,2272.6616995977447,2.722282501007101,1.6163537E-4,19.632841,0.33172166,0.29980677,0.009368234,0.10051573,0.05037459,0.25240088,0.28668,0.8139562,0.011279386,0.122735344,0.07818582,0.24799936,0.32904887,null,null,null,null,"TWOGAUSSIANS",8,3.1158645,0.29973677,0.009259776,0.4,0.0,0.21750548,0.011658475,0.8139562,0.011221014,0.4,0.0,0.21297008,0.025642106
375316653866487564,5963815910234651520,0.49207625,2273.235963776223,0.8723599149187545,5.7830297E-5,19.554834,0.022300595,0.26285252,0.031048723,0.09471132,0.04150514,0.10493477,0.04296156,0.7126368,0.01551696,0.06818116,0.012528413,0.50750345,0.065135926,null,null,null,null,"TWOGAUSSIANS",8,4.38139,0.7126368,0.01551696,0.38181448,0.046795674,0.5062246,0.065293424,0.26285252,0.031048723,0.4,0.0,0.10365452,0.04350719
375316653866487564,5963816081991874304,0.5735145,2274.3786641308316,2.6043239304157138,1.0224329E-5,18.87259,0.019475777,0.22095576,0.0040339613,0.045954425,0.010292824,0.2932413,0.06135239,0.7204198,0.0048769275,0.04049208,0.008233743,0.24271078,0.0598522,0.13007206,0.04291113,0.22095576,0.0040339613,"TWOGAUSSIANS_WITH_ELLIPSOIDAL_ON_ECLIPSE1",9,5.077604,0.22095576,0.0040339613,0.25734478,0.057639815,0.5533853,0.030639816,0.7204898,0.004660312,0.22675565,0.04610896,0.5028522,0.034820445
375316653866487564,5963817044064489088,0.50911087,2251.3035652405747,2.3050001338777246,1.4189478E-5,19.120747,0.019159494,0.2991977,0.006761556,0.08599885,0.007448324,0.33593667,0.028540498,0.78803164,0.0040824963,0.07793576,0.007569345,0.34370646,0.021036185,null,null,null,null,"TWOGAUSSIANS",8,4.671544,0.78803164,0.0040824963,0.4,0.0,0.3384564,0.0196398,0.2991977,0.006761556,0.4,0.0,0.33068657,0.027101068
375316653866487564,5963817112784126464,0.48907566,2268.0388632420777,2.773473709086809,6.0701685E-5,18.784208,0.034514755,0.25084907,0.0063186544,0.097254775,0.018101873,0.17587441,0.03232541,0.75415605,0.017740918,0.09374158,0.03265507,0.12913182,0.040022798,null,null,null,null,"TWOGAUSSIANS",8,3.1366272,0.25084907,0.0063129137,0.4,0.0,0.16650413,0.012341211,0.75415605,0.017740918,0.4,0.0,0.11976202,0.018115038
375316653866487564,5963817864396815744,0.5966506,2272.2479403898624,2.045865896429216,9.663175E-6,15.968207,0.003014572,0.22500044,0.0018864716,0.040677827,0.007823901,0.051313035,0.007780076,0.7284646,0.008455575,0.04232975,0.021334326,0.049397465,0.017489221,0.06579207,0.0048509077,0.22500044,0.0018864716,"TWOGAUSSIANS_WITH_ELLIPSOIDAL_ON_ECLIPSE1",9,8.4858465,0.22500044,0.0018864716,0.22779582,0.043813847,0.18289717,0.0039848806,0.7284646,0.00801719,0.2370466,0.11947222,0.18091926,0.018684354
375316653866487564,5963817868698704000,0.46288234,2247.4777251105406,2.28433206006639,2.6970523E-5,19.316017,0.0069172233,0.44497257,0.0035571293,0.056939777,0.002638636,0.4293099,0.030645894,null,null,null,null,null,null,null,null,null,null,"ONEGAUSSIAN",5,3.9614782,0.44497257,0.0035571293,0.31886277,0.014776361,0.4293099,0.0,null,null,null,null,null,null
375316653866487564,5963818040497469568,0.48327768,2251.3013104322795,2.7539357117892687,3.3068427E-5,19.142563,0.022135066,0.2455763,0.0075963135,0.087032124,0.014688824,0.20889142,0.021556932,0.7482496,0.015298101,0.08412947,0.022545354,0.20602366,0.030951817,null,null,null,null,"TWOGAUSSIANS",8,2.9349213,0.2455763,0.0075963135,0.4,0.0,0.20333153,0.015939718,0.7482496,0.015298101,0.4,0.0,0.2004638,0.029672543
375316653866487564,5963818109217026816,0.41333282,2258.8379596882896,3.8588516663309753,5.144068E-5,17.65534,0.0057012853,null,null,null,null,null,null,null,null,null,null,null,null,0.06808392,0.009016991,0.28644726,0.008583174,"ELLIPSOIDAL",4,21.733181,null,null,null,null,null,null,null,null,null,null,null,null
375316653866487564,5963819380558881664,0.67661625,2282.263025760222,2.6652147359324276,4.2982756E-6,14.357112,0.0078032366,0.22108795,0.0016474162,0.04138873,0.002425971,0.4783866,0.017549051,0.7223393,0.0070721772,0.04425134,0.0059456965,0.5561426,0.02487361,0.12624323,0.010526769,0.22108795,0.0016474162,"TWOGAUSSIANS_WITH_ELLIPSOIDAL_ON_ECLIPSE1",9,75.05831,0.7223393,0.0066656806,0.24780752,0.0332959,0.80861324,0.012725101,0.22108795,0.0016474162,0.23177691,0.013585437,0.73087287,0.007413854
375316653866487564,5963819517966327552,0.48027232,2253.7835766568433,2.0826607760277964,3.5518784E-5,19.71573,0.054970473,0.28718734,0.011481682,0.10818878,0.027946673,0.3458162,0.047388908,0.76948905,0.0064657126,0.09484184,0.016588993,0.33682513,0.05290899,null,null,null,null,"TWOGAUSSIANS",8,2.8128202,0.28718734,0.011477693,0.4,0.0,0.31941423,0.060432117,0.76948905,0.0064657126,0.4,0.0,0.31044263,0.03164774
