Gaia/vari_eclipsing_binary/VariEclipsingBinary_595635-595679.csv
# %ECSV 1.0
# ---
# delimiter: ','
# meta: !!omap
# - RELEASE: Gaia DR3
# - TABLE: vari_eclipsing_binary
# - DESCRIPTION: >
#     This table describes the properties of the eclipsing binaries resulting from the variability analysis. 
# - CITATION: >
#     How to cite and acknowledge Gaia: 
#     https://gea.esac.esa.int/archive/documentation/credits.html 
# - KNOWN_ISSUES: >
#     Known issues: 
#     https://www.cosmos.esa.int/web/gaia-users/known-issues 
# - DOCUMENTATION: >
#     Tutorials and documentation: 
#     https://www.cosmos.esa.int/web/gaia-users/archive 
# datatype:
# - 
#   name: solution_id
#   datatype: int64
#   description: Solution Identifier
#   meta:
#     ucd: meta.version
# - 
#   name: source_id
#   datatype: int64
#   description: Unique source identifier
#   meta:
#     ucd: meta.id;meta.main
# - 
#   name: global_ranking
#   datatype: float32
#   description: Number between 0 (worst) and 1 (best)
#   meta:
#     ucd: stat.param
# - 
#   name: reference_time
#   datatype: float64
#   unit: d
#   description: Reference time used for the geometric model fit
#   meta:
#     ucd: time.epoch
# - 
#   name: frequency
#   datatype: float64
#   unit: d**-1
#   description: Frequency of geometric model of the eclipsing binary light curve
#   meta:
#     ucd: src.orbital
# - 
#   name: frequency_error
#   datatype: float32
#   unit: d**-1
#   description: "Uncertainty of \\texttt{frequency}"
#   meta:
#     ucd: stat.error
# - 
#   name: geom_model_reference_level
#   datatype: float32
#   unit: mag
#   description: Magnitude reference level of geometric model
#   meta:
#     ucd: phot.mag;em.opt
# - 
#   name: geom_model_reference_level_error
#   datatype: float32
#   unit: mag
#   description: "Uncertainty of \\texttt{geomModelReferenceLevel}"
#   meta:
#     ucd: stat.error;phot.mag;em.opt
# - 
#   name: geom_model_gaussian1_phase
#   datatype: float32
#   description: Phase of the Gaussian 1 component
#   meta:
#     ucd: time.phase
# - 
#   name: geom_model_gaussian1_phase_error
#   datatype: float32
#   description: "Uncertainty of \\texttt{geomModelGaussian1Phase}"
#   meta:
#     ucd: stat.error;time.phase
# - 
#   name: geom_model_gaussian1_sigma
#   datatype: float32
#   description: "Standard deviation [phase] of Gaussian 1 component"
#   meta:
#     ucd: stat.stdev
# - 
#   name: geom_model_gaussian1_sigma_error
#   datatype: float32
#   description: "Uncertainty of \\texttt{geomModelGaussian1Sigma}"
#   meta:
#     ucd: stat.error
# - 
#   name: geom_model_gaussian1_depth
#   datatype: float32
#   unit: mag
#   description: Magnitude depth of Gaussian 1 component
#   meta:
#     ucd: src.var.amplitude
# - 
#   name: geom_model_gaussian1_depth_error
#   datatype: float32
#   unit: mag
#   description: "Uncertainty of \\texttt{geomModelGaussian1Depth}"
#   meta:
#     ucd: stat.error;src.var.amplitude
# - 
#   name: geom_model_gaussian2_phase
#   datatype: float32
#   description: Phase of Gaussian 2 component
#   meta:
#     ucd: time.phase
# - 
#   name: geom_model_gaussian2_phase_error
#   datatype: float32
#   description: "Uncertainty of \\texttt{geomModelGaussian2Phase}"
#   meta:
#     ucd: stat.error;time.phase
# - 
#   name: geom_model_gaussian2_sigma
#   datatype: float32
[...]
#   datatype: float32
#   description: "Secondary eclipse: uncertainty of \\texttt{derivedSecondaryEclDuration}"
#   meta:
#     ucd: stat.error;time.duration
# - 
#   name: derived_secondary_ecl_depth
#   datatype: float32
#   unit: mag
#   description: "Secondary eclipse: depth"
#   meta:
#     ucd: src.var.amplitude
# - 
#   name: derived_secondary_ecl_depth_error
#   datatype: float32
#   unit: mag
#   description: "Secondary eclipse: uncertainty of \\texttt{derivedSecondaryEclDepth}"
#   meta:
#     ucd: stat.error;src.var.amplitude
solution_id,source_id,global_ranking,reference_time,frequency,frequency_error,geom_model_reference_level,geom_model_reference_level_error,geom_model_gaussian1_phase,geom_model_gaussian1_phase_error,geom_model_gaussian1_sigma,geom_model_gaussian1_sigma_error,geom_model_gaussian1_depth,geom_model_gaussian1_depth_error,geom_model_gaussian2_phase,geom_model_gaussian2_phase_error,geom_model_gaussian2_sigma,geom_model_gaussian2_sigma_error,geom_model_gaussian2_depth,geom_model_gaussian2_depth_error,geom_model_cosine_half_period_amplitude,geom_model_cosine_half_period_amplitude_error,geom_model_cosine_half_period_phase,geom_model_cosine_half_period_phase_error,model_type,num_model_parameters,reduced_chi2,derived_primary_ecl_phase,derived_primary_ecl_phase_error,derived_primary_ecl_duration,derived_primary_ecl_duration_error,derived_primary_ecl_depth,derived_primary_ecl_depth_error,derived_secondary_ecl_phase,derived_secondary_ecl_phase_error,derived_secondary_ecl_duration,derived_secondary_ecl_duration_error,derived_secondary_ecl_depth,derived_secondary_ecl_depth_error
[from data line 294]
375316653866487564,5239424939336568064,0.5662795,2229.598228297551,0.19056956278550766,1.7951117E-5,18.844873,0.0031570853,0.029744504,0.019238576,0.010949949,0.0054381085,0.52237004,0.60719746,0.6694795,0.005276493,0.020570535,0.0035302097,0.40284568,0.13826242,null,null,null,null,"TWOGAUSSIANS",8,1.3551179,0.029744504,0.019238576,0.061319713,0.030453408,0.52237004,0.60719746,0.6694795,0.005276493,0.11519499,0.019769175,0.40284568,0.13826242
375316653866487564,5239425347352600320,0.5127523,2204.844488141504,1.8355918140477956,1.42424715E-5,17.400255,0.37933663,0.23611039,0.009542788,0.14429568,0.04718139,0.17639188,0.30906752,0.7131583,0.011863332,0.1575971,0.082928576,0.17309572,0.35783985,null,null,null,null,"TWOGAUSSIANS",8,1.598528,0.23864038,0.0041794633,0.4,0.0,0.10110036,0.0038294208,0.7131583,0.011863332,0.4,0.0,0.09629825,0.0084268525
375316653866487564,5239425798354019328,0.48308265,2157.957929583245,0.48725002481016005,1.7488584E-5,18.060005,0.0025924381,0.26072827,0.025601154,0.035538223,0.01629834,0.12196508,0.073745586,0.7807054,0.0023018788,0.025410758,0.0032919047,0.11046554,0.014679983,null,null,null,null,"TWOGAUSSIANS",8,2.4795122,0.26072827,0.025601154,0.19901405,0.0912707,0.12196508,0.073745586,0.7807054,0.0023018788,0.14230025,0.018434666,0.11046554,0.014679983
375316653866487564,5239426794762975744,0.48757523,2157.4976430061474,4.055589274980746,1.8093246E-5,19.301098,0.015385308,0.2623986,0.0060442304,0.068688594,0.010234708,0.37036815,0.059471756,0.7759477,0.00585977,0.09155754,0.009977621,0.332402,0.020758737,null,null,null,null,"TWOGAUSSIANS",8,3.5412316,0.2623986,0.0060442304,0.38465613,0.037016224,0.36631942,0.061431237,0.7759477,0.00585977,0.4,0.0,0.32835296,0.021262463
375316653866487564,5239428920774380416,0.5403331,2177.166284652878,2.6631475493235284,1.299895E-5,18.354197,0.02252088,0.31572285,0.0044651097,0.10326529,0.012010894,0.22127606,0.020967767,0.8150111,0.0032043275,0.09920541,0.009317504,0.24162145,0.02064656,null,null,null,null,"TWOGAUSSIANS",8,2.191394,0.8150111,0.0032043275,0.4,0.0,0.21992718,0.008258223,0.31572285,0.0044651097,0.4,0.0,0.19957969,0.008489552
375316653866487564,5239428925086058880,0.54444873,2196.650867044059,3.944232619062295,5.7616307E-6,13.772461,0.01549157,0.14280136,0.0038546678,0.117228374,0.010636969,0.23217581,0.01131451,0.64279073,0.0021792983,0.10262742,0.006295604,0.23309405,0.014387013,null,null,null,null,"TWOGAUSSIANS",8,141.67491,0.64279073,0.0021792983,0.4,0.0,0.19820717,0.005380705,0.14280136,0.0038546678,0.4,0.0,0.19724013,0.0109704165
375316653866487564,5239429058204070400,0.6307501,2221.1633906304983,2.153081959747169,3.3618091E-6,17.262072,0.010339163,0.28452474,0.0010042147,0.040612623,0.0019635055,0.5380653,0.023568973,0.79016006,0.0046352334,0.035474192,0.006233353,0.5568993,0.06792875,0.14009577,0.013793575,0.28452474,0.0010042147,"TWOGAUSSIANS_WITH_ELLIPSOIDAL_ON_ECLIPSE1",9,10.530779,0.79016006,0.0046352334,0.19865549,0.03490678,0.8367397,0.081538506,0.28452474,0.0010042147,0.2274307,0.01099563,0.81825686,0.010609891
375316653866487564,5239429096884704512,0.5073495,2163.4413070425317,3.046826924998436,1.1080025E-5,19.074808,0.0034766982,0.62095857,0.0017369095,0.008936759,9.842349E-4,0.8928127,0.25188515,0.79914665,0.003227056,0.024323175,0.006054551,0.07766429,0.029598404,null,null,null,null,"TWOGAUSSIANS",8,1.1705041,0.62095857,0.0017369095,0.05004585,0.005511715,0.8928127,0.25188515,0.79914665,0.003227056,0.13620977,0.033905488,0.07766429,0.029598404
375316653866487564,5239429126923383424,0.5260976,2188.5124016740538,1.888904057239518,3.8025173E-4,17.901138,0.0062748273,0.18606763,0.12569323,0.03688019,0.050883543,0.49291858,123.089645,0.67406076,0.18393926,0.10425023,0.20709518,0.009660612,0.05857855,null,null,null,null,"TWOGAUSSIANS",8,1.6345559,0.18606763,0.12569425,0.20652907,0.28494784,0.49286234,123.08971,0.67406076,0.18393926,0.4,0.5615916,0.009604167,0.0587666
375316653866487564,5239429165604187648,0.591203,2182.1376132066043,1.4182220525927987,1.0046634E-5,17.21951,0.0027959822,0.2660081,0.0038396893,0.034247536,0.002713709,0.064621344,0.0063465755,0.764292,0.0013755752,0.03884762,0.0014503219,0.29795873,0.018914746,0.02242737,0.0037954974,0.2660081,0.0038396893,"TWOGAUSSIANS_WITH_ELLIPSOIDAL_ON_ECLIPSE1",9,1.9915683,0.76432204,0.0013544086,0.21754667,0.0081218025,0.34280834,0.018708818,0.2660081,0.0038396893,0.1917862,0.01519677,0.10947609,0.0036957518
375316653866487564,5239429406122357248,0.5522221,2177.4791277075888,1.553748143836375,1.0673018E-5,17.082964,0.0044245725,0.17718574,0.00680015,0.10059652,0.010758039,0.06410452,0.004458745,0.67044187,0.004371668,0.067017056,0.0062376494,0.18731172,0.007151738,null,null,null,null,"TWOGAUSSIANS",8,4.066795,0.67044187,0.004371668,0.37529552,0.029632187,0.18537545,0.007126663,0.17718574,0.00680015,0.4,0.0,0.06216766,0.004042174
375316653866487564,5239429474821336064,0.49803847,2150.442137666438,3.284730305557082,1.5504133E-5,19.633295,0.03598524,0.25731072,0.0042765434,0.10183154,0.013919194,0.2877602,0.032293804,0.75598556,0.0049864496,0.094585285,0.015123436,0.3606648,0.027576393,null,null,null,null,"TWOGAUSSIANS",8,1.5812436,0.75598556,0.0049864496,0.4,0.0,0.33603564,0.024767855,0.25731072,0.0042765434,0.4,0.0,0.2631283,0.016473776
375316653866487564,5239430471274312448,0.5269706,2143.0209107181713,3.604525955883354,1.6221155E-5,18.878149,0.038175717,0.24372308,0.0109946495,0.036336463,0.020724721,0.45907593,0.18414807,0.7299886,0.010491717,0.04767867,0.010795818,0.5312734,0.086924836,0.09670918,0.043433074,0.24372308,0.0109946495,"TWOGAUSSIANS_WITH_ELLIPSOIDAL_ON_ECLIPSE1",9,16.225714,0.7308286,0.010012699,0.26700056,0.060456578,0.7233418,0.043162275,0.24372308,0.0109946495,0.20348419,0.11605844,0.6524936,0.20213535
375316653866487564,5239430471274312960,0.4989954,2206.110708318974,0.2801018282011849,6.473489E-5,11.820048,6.415544E-4,0.20345649,0.0040879454,0.02185641,0.0020972162,0.06980491,0.007865034,0.7089861,0.017317852,0.038982447,0.030968102,0.038043644,0.028512843,null,null,null,null,"TWOGAUSSIANS",8,23.223183,0.20345649,0.0040879454,0.122395895,0.011744411,0.06980491,0.007865034,0.7089861,0.017317852,0.2183017,0.17342137,0.038043644,0.028512847
375316653866487564,5239430574333286144,0.41967633,2169.982968151766,3.5283016517971886,3.5994763E-5,18.709799,0.0075409613,null,null,null,null,null,null,null,null,null,null,null,null,0.09465192,0.010272279,0.27050662,0.009384598,"ELLIPSOIDAL",4,13.763123,null,null,null,null,null,null,null,null,null,null,null,null
375316653866487564,5239431742564485504,0.43307537,2254.2437885456866,0.9907234278629767,1.9355668E-5,17.022345,0.007180952,0.14327082,0.06297795,0.04744392,0.036044788,0.089991905,0.10376256,0.6996896,0.0069566336,0.033864137,0.009735055,0.16659309,0.027928323,null,null,null,null,"TWOGAUSSIANS",8,6.7514358,0.6996896,0.0069566336,0.18963917,0.054516308,0.16659309,0.027928323,0.14327082,0.06297795,0.26568595,0.20185082,0.089991905,0.10376256
375316653866487564,5239432429758833920,0.5403988,2190.439075622395,2.4448728623046914,1.0101636E-5,19.413565,0.01410362,0.27352428,0.0024711734,0.066799454,0.0051974794,0.50917333,0.033173524,0.7704135,0.003408796,0.06545817,0.004320941,0.50125414,0.023495808,null,null,null,null,"TWOGAUSSIANS",8,3.262121,0.27352428,0.0024711734,0.37407693,0.029105885,0.5084449,0.03335073,0.7704135,0.003408796,0.36656573,0.02419727,0.5005257,0.023416288
375316653866487564,5239433735449130880,0.5255311,2163.1394512617753,0.9195211755059551,1.1656378E-5,16.09531,0.002835852,0.220981,0.006953605,0.04605798,0.008846608,0.05583617,0.010071312,0.72939146,0.0020427625,0.040142093,0.002296343,0.16251756,0.009572154,null,null,null,null,"TWOGAUSSIANS",8,9.2346945,0.72939146,0.0020427625,0.22479571,0.0128595205,0.16251756,0.009572155,0.220981,0.006953605,0.25792468,0.049541004,0.055836163,0.010071318
375316653866487564,5239433872866631424,0.5912757,2150.5014392637468,2.8480524119248654,8.499511E-6,17.954872,0.00733178,0.25289416,0.0022964147,0.030547738,0.0046995007,0.30455554,0.045139965,0.74286443,0.004327353,0.045874726,0.0042799786,0.32069924,0.023545595,0.12674902,0.00970386,0.25289416,0.0022964147,"TWOGAUSSIANS_WITH_ELLIPSOIDAL_ON_ECLIPSE1",9,7.147416,0.74402446,0.0036878206,0.25689846,0.02396788,0.5733081,0.019435152,0.25289416,0.0022964147,0.17106733,0.026317205,0.55805343,0.04581822
375316653866487564,5239434044690969984,0.5130795,2181.862136683421,1.4310310477367025,1.7444163E-5,19.62587,0.006465343,0.2767848,0.0017394339,0.039518762,0.0033188488,0.322157,0.035238255,0.777054,0.005069019,0.031508412,0.0075165844,0.21387552,0.030628162,null,null,null,null,"TWOGAUSSIANS",8,1.2101166,0.2767848,0.0017394339,0.22130507,0.018585553,0.322157,0.035238255,0.777054,0.005069019,0.17644712,0.04209287,0.21387552,0.030628162
375316653866487564,5239434074734131584,0.53081506,2165.1547851426267,3.084782240558893,1.1844007E-5,18.998138,0.014634765,0.3058296,0.004370869,0.08531481,0.00589367,0.40787524,0.021425864,0.80288655,0.0027581723,0.08139804,0.0053506778,0.3567836,0.02703154,null,null,null,null,"TWOGAUSSIANS",8,3.41955,0.3058296,0.004370869,0.4,0.0,0.39980838,0.02073247,0.80288655,0.0027581723,0.4,0.0,0.34871674,0.0272222
375316653866487564,5239435762673729408,0.53399676,2210.903007558005,2.016135217742648,1.964219E-5,16.744379,0.041469682,0.2624166,0.0042635184,0.10074315,0.022629239,0.22849947,0.031771086,0.7834759,0.008222108,0.111678414,0.033588424,0.13391846,0.03759133,null,null,null,null,"TWOGAUSSIANS",8,11.578354,0.2623966,0.0042382367,0.4,0.0,0.21167158,0.008979851,0.7834859,0.00824913,0.4,0.0,0.11707764,0.013592646
375316653866487564,5239435831371982464,0.5418852,2160.2352536460853,3.7728801006116344,2.1278325E-5,18.923742,0.017891476,0.21583271,0.008152959,0.0898361,0.009348633,0.4533083,0.040022083,0.7252653,0.014347044,0.07324095,0.0100948755,0.6474771,0.045790344,null,null,null,null,"TWOGAUSSIANS",8,4.2785587,0.7252653,0.014347044,0.4,0.0016834373,0.63946533,0.03890918,0.21583271,0.008152959,0.4,0.0,0.44529635,0.04014953
375316653866487564,5239436621667221760,0.6391438,2181.4757176715516,1.9672637443051404,6.545065E-6,16.083895,0.0044693174,0.17845047,0.0014081884,0.0902718,0.0019073185,0.38898754,0.0066687013,0.67865896,0.0011802415,0.08399438,0.0017598686,0.4464856,0.008719288,null,null,null,null,"TWOGAUSSIANS",8,8.485741,0.67865896,0.0011802415,0.4,0.0,0.43299058,0.008943164,0.17845047,0.0014081884,0.4,0.0,0.37549233,0.0064294795
375316653866487564,5239437064023357952,0.5844961,2205.802343658848,4.056869863154268,6.215414E-6,17.459713,0.0065549337,0.23608345,0.0017684659,0.08043594,0.002978285,0.331267,0.010292911,0.734382,0.002677382,0.07959085,0.003690463,0.28586033,0.008490193,null,null,null,null,"TWOGAUSSIANS",8,4.5900674,0.23608345,0.0017684659,0.4,0.0,0.32674924,0.010386031,0.734382,0.002677382,0.4,0.0,0.28134257,0.007918414
375316653866487564,5239437068344143488,0.4341671,2211.461034509665,0.13300537184278782,5.9731065E-5,18.015543,0.0048337374,0.2758892,0.023636749,0.02354182,0.0185083,0.17163444,0.092811935,0.58055,0.008415518,0.050006866,0.008726839,0.04844483,0.00889674,null,null,null,null,"TWOGAUSSIANS",8,8.154127,0.2758892,0.023636749,0.13183418,0.10364648,0.17163444,0.09281194,0.58055,0.008415518,0.28003845,0.048870295,0.04844483,0.00889674
375316653866487564,5239438300983017856,0.537598,2170.6619209521828,2.2080402290029024,1.4903117E-5,18.575714,0.029012254,0.25124985,0.0029150068,0.08704652,0.008894634,0.44150096,0.022807324,0.74643004,0.00963089,0.08177152,0.007870143,0.3989877,0.05800565,null,null,null,null,"TWOGAUSSIANS",8,5.510224,0.25124985,0.0029150068,0.4,0.0,0.43189067,0.020878166,0.74643004,0.00963089,0.4,0.0,0.38937744,0.054854054
375316653866487564,5239440195059346560,0.53988683,2190.2125620063734,0.19871294705292605,2.8603547E-5,19.051018,0.0039928863,0.63462406,0.023652205,0.06704061,0.01378405,0.0516252,0.0054656053,0.8705286,2.8479415E-5,0.011554551,1.0932135E-4,0.75196654,0.0034475173,null,null,null,null,"TWOGAUSSIANS",8,1.8556037,0.8705286,2.8479415E-5,0.06470549,6.1219954E-4,0.7520723,0.0034519928,0.63462406,0.023652205,0.3754274,0.07719068,0.0516252,0.0054656053
375316653866487564,5239440469937251584,0.4676882,2204.285753374798,3.1600592271663253,2.9471908E-5,18.852062,0.31921384,0.24327452,0.026873082,0.17416315,0.17128159,0.2068965,0.30963928,0.7264794,0.0082765715,0.11135706,0.039459433,0.2758221,0.2072684,null,null,null,null,"TWOGAUSSIANS",8,3.9938374,0.7264794,0.0082765715,0.4,0.0,0.19717619,0.014633931,0.24336453,0.026856178,0.4,0.0,0.12133681,0.03137808
375316653866487564,5239440882254367616,0.51258755,2219.0601020558456,1.1573937029240677,1.8690018E-5,19.43504,0.016357167,0.24591224,0.0050003217,0.08652166,0.009023349,0.33498538,0.01419807,0.7529006,0.008838157,0.09609023,0.015236323,0.19556287,0.01817981,null,null,null,null,"TWOGAUSSIANS",8,1.5702357,0.24591224,0.0050003217,0.4,0.0,0.3243835,0.012101386,0.7529006,0.008838157,0.4,0.0,0.18496048,0.017619539
375316653866487564,5239441328930383488,0.4795623,2181.794508816377,2.8832197332059817,1.9106852E-5,19.037888,0.01447155,0.21620157,0.0050761774,0.088700846,0.007834796,0.24510731,0.017143726,0.70806867,0.008448119,0.100135095,0.012648294,0.25897342,0.035129193,null,null,null,null,"TWOGAUSSIANS",8,2.6311505,0.70806867,0.008448119,0.4,0.0,0.24548648,0.036988918,0.21620157,0.0050761774,0.4,0.0,0.23162247,0.0143782655
375316653866487564,5239441947405874304,0.5563211,2169.251207049065,3.424962699822034,6.563447E-6,18.696873,0.010897145,0.19185382,0.013424676,0.06152806,0.008525444,0.41877115,0.05014381,0.6880045,0.002506177,0.05169807,0.0028688237,0.42749482,0.02172674,null,null,null,null,"TWOGAUSSIANS",8,4.921618,0.6880045,0.002506177,0.2895092,0.016065413,0.42745256,0.021716781,0.19185382,0.013424676,0.34455714,0.047742486,0.41872892,0.050107736
375316653866487564,5239442084865681536,0.5961379,2216.185319300348,1.9967388994523898,8.281333E-6,15.649434,0.0022414112,0.19438352,0.0060291896,0.081435636,0.0051522744,0.09147515,0.002411057,0.6885292,0.0040553473,0.07230469,0.003927355,0.20594965,0.006447425,null,null,null,null,"TWOGAUSSIANS",8,8.924453,0.6885292,0.0040553473,0.4,0.005067318,0.20476995,0.006445867,0.19438352,0.0060291896,0.4,0.0,0.09029545,0.0021088566
375316653866487564,5239442222283770368,0.44946346,2168.5060617820054,3.8947190548078594,3.757397E-5,18.648771,0.0070310184,0.5364481,0.012665755,0.0489143,0.010869804,0.055746485,0.013840336,0.7682026,0.0023121703,0.027707431,0.0025328365,0.17093454,0.018500369,null,null,null,null,"TWOGAUSSIANS",8,4.2465034,0.7682026,0.0023121703,0.1551616,0.014183885,0.17093529,0.018500952,0.5364481,0.012665755,0.2739201,0.0608709,0.055746485,0.013840336
375316653866487564,5239442703340957952,0.46731868,2211.24956576297,0.6990405457109393,5.6383647E-5,15.985234,0.0040321792,0.22573279,0.008654315,0.03052171,0.011901418,0.13271867,1.2389213,0.7286653,0.013976015,0.027179312,0.014548754,0.053674154,0.20220467,0.021016492,0.0061574266,0.22573279,0.008654315,"TWOGAUSSIANS_WITH_ELLIPSOIDAL_ON_ECLIPSE1",9,25.089075,0.22573279,0.008654315,0.17092158,0.06664794,0.17475155,1.2393782,0.7286653,0.013968107,0.15220416,0.08147302,0.09569277,0.20193711
375316653866487564,5239443111337754752,0.56505454,2207.9738464386724,2.2559853117425,1.8155502E-5,17.163382,0.0115453,0.2595764,0.0034058387,0.111880906,0.010497736,0.1242587,0.011200874,0.76209426,0.0035155076,0.100906484,0.0103905955,0.12636515,0.0106658,null,null,null,null,"TWOGAUSSIANS",8,1.8487278,0.76209426,0.0035205951,0.4,0.0,0.11099471,0.003206838,0.2595764,0.0034058387,0.4,0.0,0.10887795,0.0048727
