Gaia/vari_eclipsing_binary/VariEclipsingBinary_378155-378388.csv
# %ECSV 1.0
# ---
# delimiter: ','
# meta: !!omap
# - RELEASE: Gaia DR3
# - TABLE: vari_eclipsing_binary
# - DESCRIPTION: >
#     This table describes the properties of the eclipsing binaries resulting from the variability analysis. 
# - CITATION: >
#     How to cite and acknowledge Gaia: 
#     https://gea.esac.esa.int/archive/documentation/credits.html 
# - KNOWN_ISSUES: >
#     Known issues: 
#     https://www.cosmos.esa.int/web/gaia-users/known-issues 
# - DOCUMENTATION: >
#     Tutorials and documentation: 
#     https://www.cosmos.esa.int/web/gaia-users/archive 
# datatype:
# - 
#   name: solution_id
#   datatype: int64
#   description: Solution Identifier
#   meta:
#     ucd: meta.version
# - 
#   name: source_id
#   datatype: int64
#   description: Unique source identifier
#   meta:
#     ucd: meta.id;meta.main
# - 
#   name: global_ranking
#   datatype: float32
#   description: Number between 0 (worst) and 1 (best)
#   meta:
#     ucd: stat.param
# - 
#   name: reference_time
#   datatype: float64
#   unit: d
#   description: Reference time used for the geometric model fit
#   meta:
#     ucd: time.epoch
# - 
#   name: frequency
#   datatype: float64
#   unit: d**-1
#   description: Frequency of geometric model of the eclipsing binary light curve
#   meta:
#     ucd: src.orbital
# - 
#   name: frequency_error
#   datatype: float32
#   unit: d**-1
#   description: "Uncertainty of \\texttt{frequency}"
#   meta:
#     ucd: stat.error
# - 
#   name: geom_model_reference_level
#   datatype: float32
#   unit: mag
#   description: Magnitude reference level of geometric model
#   meta:
#     ucd: phot.mag;em.opt
# - 
#   name: geom_model_reference_level_error
#   datatype: float32
#   unit: mag
#   description: "Uncertainty of \\texttt{geomModelReferenceLevel}"
#   meta:
#     ucd: stat.error;phot.mag;em.opt
# - 
#   name: geom_model_gaussian1_phase
#   datatype: float32
#   description: Phase of the Gaussian 1 component
#   meta:
#     ucd: time.phase
# - 
#   name: geom_model_gaussian1_phase_error
#   datatype: float32
#   description: "Uncertainty of \\texttt{geomModelGaussian1Phase}"
#   meta:
#     ucd: stat.error;time.phase
# - 
#   name: geom_model_gaussian1_sigma
#   datatype: float32
#   description: "Standard deviation [phase] of Gaussian 1 component"
#   meta:
#     ucd: stat.stdev
# - 
#   name: geom_model_gaussian1_sigma_error
#   datatype: float32
#   description: "Uncertainty of \\texttt{geomModelGaussian1Sigma}"
#   meta:
#     ucd: stat.error
# - 
#   name: geom_model_gaussian1_depth
#   datatype: float32
#   unit: mag
#   description: Magnitude depth of Gaussian 1 component
#   meta:
#     ucd: src.var.amplitude
# - 
#   name: geom_model_gaussian1_depth_error
#   datatype: float32
#   unit: mag
#   description: "Uncertainty of \\texttt{geomModelGaussian1Depth}"
#   meta:
#     ucd: stat.error;src.var.amplitude
# - 
#   name: geom_model_gaussian2_phase
#   datatype: float32
#   description: Phase of Gaussian 2 component
#   meta:
#     ucd: time.phase
# - 
#   name: geom_model_gaussian2_phase_error
#   datatype: float32
#   description: "Uncertainty of \\texttt{geomModelGaussian2Phase}"
#   meta:
#     ucd: stat.error;time.phase
# - 
#   name: geom_model_gaussian2_sigma
#   datatype: float32
[...]
#   datatype: float32
#   description: "Secondary eclipse: uncertainty of \\texttt{derivedSecondaryEclDuration}"
#   meta:
#     ucd: stat.error;time.duration
# - 
#   name: derived_secondary_ecl_depth
#   datatype: float32
#   unit: mag
#   description: "Secondary eclipse: depth"
#   meta:
#     ucd: src.var.amplitude
# - 
#   name: derived_secondary_ecl_depth_error
#   datatype: float32
#   unit: mag
#   description: "Secondary eclipse: uncertainty of \\texttt{derivedSecondaryEclDepth}"
#   meta:
#     ucd: stat.error;src.var.amplitude
solution_id,source_id,global_ranking,reference_time,frequency,frequency_error,geom_model_reference_level,geom_model_reference_level_error,geom_model_gaussian1_phase,geom_model_gaussian1_phase_error,geom_model_gaussian1_sigma,geom_model_gaussian1_sigma_error,geom_model_gaussian1_depth,geom_model_gaussian1_depth_error,geom_model_gaussian2_phase,geom_model_gaussian2_phase_error,geom_model_gaussian2_sigma,geom_model_gaussian2_sigma_error,geom_model_gaussian2_depth,geom_model_gaussian2_depth_error,geom_model_cosine_half_period_amplitude,geom_model_cosine_half_period_amplitude_error,geom_model_cosine_half_period_phase,geom_model_cosine_half_period_phase_error,model_type,num_model_parameters,reduced_chi2,derived_primary_ecl_phase,derived_primary_ecl_phase_error,derived_primary_ecl_duration,derived_primary_ecl_duration_error,derived_primary_ecl_depth,derived_primary_ecl_depth_error,derived_secondary_ecl_phase,derived_secondary_ecl_phase_error,derived_secondary_ecl_duration,derived_secondary_ecl_duration_error,derived_secondary_ecl_depth,derived_secondary_ecl_depth_error
375316653866487564,3326290302027301632,0.6431513,2262.664545588229,2.3892786094607152,6.218194E-6,17.643658,0.013042151,0.24687126,0.002898887,0.10167806,0.0053583896,0.28072873,0.01271368,0.7390244,0.003813382,0.10951485,0.008772455,0.26122403,0.012058348,null,null,null,null,"TWOGAUSSIANS",8,0.9990546,0.24688126,0.0029028363,0.4,0.0,0.2507567,0.004109911,0.7390244,0.003813382,0.4,0.0,0.231239,0.008261789
375316653866487564,3326294906230189312,0.5046984,2202.66023563349,2.6142671202768417,4.0044528E-5,18.471924,0.008889074,0.19357736,0.0060904142,0.07264053,0.011458344,0.08992977,0.010514816,0.6927434,0.026082776,0.08669745,0.03791381,0.12844998,0.04721879,null,null,null,null,"TWOGAUSSIANS",8,2.3765428,0.6927434,0.026082776,0.4,0.08193588,0.12689428,0.04870818,0.19357736,0.0060904142,0.4,0.027961375,0.08837408,0.009573547
375316653866487564,3326297345773183872,0.5220293,2254.80583143497,2.48065113243757,1.3598944E-5,17.968073,0.19025017,0.24174291,0.006527895,0.13437097,0.040681303,0.28431997,0.18359302,0.75769454,0.005305845,0.14340389,0.046723872,0.2923352,0.18205091,null,null,null,null,"TWOGAUSSIANS",8,3.4567473,0.7581645,0.004739334,0.4,0.0,0.19023304,0.016099632,0.24096291,0.005439291,0.4,0.0,0.18304282,0.021823
375316653866487564,3326298548364142848,0.5799157,2229.694546143393,3.1869747104949853,1.11002855E-5,19.48589,0.009922435,0.23066698,0.0013419901,0.062845655,0.0021554085,0.5578698,0.014049283,0.729468,0.0040799784,0.057066176,0.0066921953,0.46731597,0.02840739,null,null,null,null,"TWOGAUSSIANS",8,1.1990447,0.23066698,0.0013419901,0.35193565,0.012070288,0.557705,0.014029621,0.729468,0.0040799784,0.3195706,0.037476294,0.46715117,0.028528394
375316653866487564,3326300064489033728,0.4021448,2290.1821259904955,1.2700806827699753,1.197846E-4,17.395231,0.04118836,null,null,null,null,null,null,null,null,null,null,null,null,0.072151475,0.05774063,0.16095674,0.026829433,"ELLIPSOIDAL",4,144.48889,null,null,null,null,null,null,null,null,null,null,null,null
375316653866487564,3326300987905509120,0.54654926,2232.38328269037,0.12549222601703314,1.1858629E-4,18.100372,0.003050285,0.20762025,2.2356253E-4,0.047325093,0.002643551,0.2492076,0.0017809547,0.70524186,0.008420584,0.08572314,0.019523637,0.10964721,0.03888907,null,null,null,null,"TWOGAUSSIANS",8,2.3882113,0.20762025,2.2356253E-4,0.26502052,0.014803885,0.24898565,0.0013769737,0.70524186,0.008420584,0.4,0.0,0.10942525,0.039402254
375316653866487564,3326301198360408448,0.61900854,2245.0937621728604,0.5443611569354186,2.2581477E-5,15.066382,0.002163853,0.49948314,0.08995861,0.03204241,0.019938773,0.23140903,0.21799898,0.8050593,0.0019223823,0.029356219,0.0018906194,0.48700273,0.12762013,null,null,null,null,"TWOGAUSSIANS",8,26.159418,0.8050593,0.0019223823,0.16439483,0.010587469,0.48700273,0.12762013,0.49948314,0.08995861,0.1794375,0.11165712,0.23140903,0.21799898
375316653866487564,3326310952227650304,0.5465819,2222.695157526563,4.312678503673813,4.4403755E-6,17.066858,0.001754774,0.15297486,0.015459008,0.026728053,0.010785427,0.15316415,0.11477764,0.8658729,0.063668564,0.03222598,0.04871155,0.17513302,0.16187711,null,null,null,null,"TWOGAUSSIANS",8,1.7878085,0.8658729,0.063668564,0.1804655,0.21092406,0.17513302,0.16187711,0.15297486,0.01543156,0.1496771,0.06039839,0.15316415,0.11472537
375316653866487564,3326311712440057856,0.6468117,2226.623020011536,2.618716977422844,1.2432166E-5,17.01428,0.031060427,0.3017865,0.0070388466,0.04842194,0.020197926,0.19785544,0.063892856,0.79238176,0.044176344,0.05054932,0.034714404,0.18638101,0.1631263,0.12837392,0.032364246,0.3017865,0.0070388466,"TWOGAUSSIANS_WITH_ELLIPSOIDAL_ON_ECLIPSE1",9,4.4683537,0.3017865,0.0070388466,0.27116287,0.11310839,0.4546019,0.014434816,0.79442173,0.041152503,0.2830762,0.19440065,0.44242638,0.15602866
375316653866487564,3326313116890852736,0.4653122,2237.4298589001546,0.11980800099950598,1.323567E-5,18.058256,0.055386167,0.3617812,0.022895675,0.14174742,0.05467345,0.21452591,0.046709754,0.8005819,0.0036026288,0.033517364,0.010052128,0.4133692,0.25707775,null,null,null,null,"TWOGAUSSIANS",8,3.0003376,0.8005819,0.0036026288,0.18769723,0.056291915,0.4128791,0.25776944,0.3617812,0.022895675,0.4,0.0,0.21217063,0.037377726
375316653866487564,3326315728237900672,0.5237378,2218.18220154254,4.087975780029987,2.644353E-5,17.70066,0.049374517,0.20434324,0.009498218,0.08360835,0.009052502,0.5029671,0.05917034,0.710917,0.0037270684,0.09387845,0.013090209,0.43387872,0.03805466,null,null,null,null,"TWOGAUSSIANS",8,32.266457,0.20434324,0.009498218,0.4,0.0,0.48717478,0.05010373,0.710917,0.0037270684,0.4,0.0,0.41808578,0.025916193
375316653866487564,3326318721826586624,0.6534837,2241.732800692264,1.55084283062766,5.876045E-6,15.548049,0.007081876,0.24095753,0.0021397604,0.09161941,0.0045791315,0.20614648,0.006824373,0.74811304,0.0020602327,0.10625941,0.00511565,0.21167618,0.005735824,null,null,null,null,"TWOGAUSSIANS",8,4.4954557,0.74811304,0.0020602327,0.4,0.0,0.19605719,0.0028226518,0.24095753,0.0021358118,0.4,0.0,0.19053423,0.0051297867
375316653866487564,3326320096216392192,0.6131584,2240.017792315285,3.9985545106819225,8.312129E-6,17.041862,0.015262059,0.24738877,0.003151228,0.06832164,0.0043208585,0.3895757,0.015229726,0.75317085,0.0016041266,0.07157501,0.0029528139,0.5185088,0.019085646,null,null,null,null,"TWOGAUSSIANS",8,15.030088,0.75317085,0.0016041266,0.4,0.010525233,0.5172011,0.018511401,0.24738877,0.003151228,0.38260114,0.02419681,0.388268,0.014550937
375316653866487564,3326322256581631744,0.68322843,2253.605228975524,1.2049477809395308,2.5147324E-6,18.036602,0.003456567,0.35919413,4.0874563E-4,0.029650647,6.9893396E-4,0.6304242,0.006151536,0.8589134,8.919681E-4,0.030597042,0.001223632,0.55969423,0.036379993,null,null,null,null,"TWOGAUSSIANS",8,1.9436432,0.35919413,4.0874563E-4,0.16604362,0.0039140303,0.6304242,0.006151536,0.8589134,8.919681E-4,0.17134343,0.0068523395,0.55969423,0.036379993
375316653866487564,3326323837129691520,0.6105993,2251.380306343527,2.797264067412031,2.3875438E-5,18.849155,0.021560458,0.25329128,0.02064819,0.06367699,0.017054303,0.6030203,0.035157673,0.7533674,0.009898846,0.07057073,0.008501808,0.46294457,0.043203216,null,null,null,null,"TWOGAUSSIANS",8,4.9917645,0.25329128,0.02064819,0.35659114,0.06475397,0.60200423,0.03257267,0.7533674,0.009898846,0.39519608,0.028705416,0.46192855,0.042195283
375316653866487564,3326327994658099968,0.54427487,2205.988692918269,3.71735665663616,1.0103897E-5,16.70145,0.6760221,0.29721007,0.007792045,0.1586591,0.045041524,0.79719526,0.4932191,0.8046905,0.0072507993,0.23212257,0.109241426,0.89906496,0.65515953,null,null,null,null,"TWOGAUSSIANS",8,7.285457,0.29268008,0.0037942142,0.4,0.0,0.25275794,0.012324285,0.80703044,0.0055940575,0.4,0.0,0.1888015,0.020937515
375316653866487564,3326329575206088832,0.4787415,2202.4406763699913,3.1652444420373436,5.674001E-5,19.818352,0.01858277,0.2688003,0.011160428,0.08205631,0.012059316,0.18637206,0.026751688,0.7713897,0.014424752,0.07503999,0.019505825,0.22198297,0.038759988,null,null,null,null,"TWOGAUSSIANS",8,1.2521319,0.7713897,0.014424752,0.4,0.04759985,0.21956016,0.040439405,0.2688003,0.011160428,0.4,0.0,0.18394926,0.0246331
375316653866487564,3326329820022042752,0.58888614,2251.5134840874694,0.6688094205429398,5.666177E-6,15.465945,0.0024543079,0.2860123,0.028924879,0.07322543,0.0292977,0.062054463,0.028508661,0.77114594,7.0604193E-4,0.02495311,0.006846206,0.13201159,0.029589621,null,null,null,null,"TWOGAUSSIANS",8,4.949496,0.77114594,7.0604193E-4,0.13973741,0.038338754,0.13201144,0.029595014,0.2860123,0.028924879,0.4,0.01168379,0.062054325,0.028535511
375316653866487564,3326331087037948160,0.6154548,2253.6532594406194,0.07922397704464819,1.4401341E-5,17.725449,0.0025826732,0.34879848,7.5206417E-4,0.018680416,0.0012656885,0.9990897,0.15223612,null,null,null,null,null,null,null,null,null,null,"ONEGAUSSIAN",5,2.6703236,0.34879848,7.5206417E-4,0.10461033,0.007087855,0.9990897,0.0,null,null,null,null,null,null
375316653866487564,3326332225204716032,0.47084993,2226.0782652529506,0.20522395094734297,6.107543E-5,17.37661,0.0032464734,0.18915977,0.0650375,0.05183122,0.02611644,0.09811116,0.028769301,0.7069938,0.04667467,0.05381876,0.033733845,0.13449053,0.055328015,null,null,null,null,"TWOGAUSSIANS",8,2.732793,0.7069938,0.04667467,0.30138505,0.12068876,0.13448913,0.05514567,0.18915977,0.0650375,0.29025483,0.14625207,0.09810977,0.028781498
375316653866487564,3326337306153866112,0.5349377,2206.0667438308847,2.8428132469389444,1.4516882E-5,19.349895,0.02811924,0.2734079,0.003340497,0.06436258,0.0061227987,0.5785387,0.05591383,0.77519065,0.013997139,0.05889626,0.03129192,0.71080893,0.26572102,null,null,null,null,"TWOGAUSSIANS",8,6.0854416,0.77519065,0.013997139,0.32981905,0.08294358,0.71048766,0.27158785,0.2734079,0.003340497,0.36043042,0.034287672,0.57821745,0.054759175
375316653866487564,3326337894561449728,0.5689945,2205.2073475137017,3.5494573021032716,8.98999E-6,17.412718,0.006196709,0.23510416,0.011596574,0.061702553,0.009633996,0.11992959,0.01605969,0.73847014,0.0037256617,0.06943952,0.0055478145,0.15487626,0.005796152,null,null,null,null,"TWOGAUSSIANS",8,2.9773653,0.73847014,0.0037256617,0.38886133,0.025774073,0.15470296,0.0055415095,0.23510416,0.011596574,0.3455343,0.053950377,0.1197563,0.01602156
375316653866487564,3326338753554950912,0.5279652,2242.9104788148848,0.22174539512006894,3.4510296E-5,12.594102,0.0035451013,0.74780196,0.015609766,0.038607493,0.017798206,0.28189313,1.4099252,null,null,null,null,null,null,null,null,null,null,"ONEGAUSSIAN",5,327.9933,0.74780196,0.015609766,0.21620196,0.099669956,0.28189313,0.0,null,null,null,null,null,null
375316653866487564,3326339230294774400,0.528552,2230.5069399782788,3.2839278947972272,2.9472767E-5,19.05541,0.013347017,0.29202905,0.002364185,0.07389991,0.0068197665,0.1689836,0.011956082,0.79525715,0.025147686,0.07938393,0.01964601,0.13677667,0.03289314,null,null,null,null,"TWOGAUSSIANS",8,0.97912204,0.29202905,0.002364185,0.4,0.002888424,0.16760254,0.010186377,0.79525715,0.025147686,0.4,0.0,0.13539562,0.031543497
375316653866487564,3326339818706761216,0.5144894,2212.0168541466032,3.361244384473619,2.1689193E-5,13.298248,0.13989703,0.16887668,0.008551455,0.10953857,0.053338107,0.25833106,0.11142109,0.66665936,0.007611601,0.10244608,0.033219174,0.35364714,0.12631108,null,null,null,null,"TWOGAUSSIANS",8,408.724,0.66665936,0.0076210233,0.4,0.0,0.3174891,0.0387066,0.16887668,0.008556283,0.4,0.0,0.22216228,0.035246946
375316653866487564,3326341360598535040,0.57031417,2163.961435562848,0.02924314495979082,1.5119362E-5,17.125933,0.002261726,null,null,null,null,null,null,null,null,null,null,null,null,0.16929866,0.002282531,0.20777184,0.005813978,"ELLIPSOIDAL",4,6.325074,null,null,null,null,null,null,null,null,null,null,null,null
375316653866487564,3326348782301933824,0.598635,2223.1812821860512,3.057095543750757,1.8590228E-5,18.673548,0.010445873,0.2770114,0.007776907,0.066853374,0.011028783,0.6122221,0.12396411,0.7746498,0.003907155,0.075788185,0.0051003555,0.56618744,0.023675907,null,null,null,null,"TWOGAUSSIANS",8,3.5810308,0.2770114,0.007776907,0.3743789,0.034609303,0.6098478,0.12670256,0.7746498,0.003907155,0.4,0.0,0.5638132,0.02354567
375316653866487564,3326350500288913408,0.5778063,2241.6051051927434,4.397498632803574,8.701957E-5,17.986603,0.0035435876,0.17325582,0.011992127,0.04256028,0.016644042,0.4005771,0.29554197,0.71525514,0.021840764,0.061577473,0.028930483,0.053138584,0.48711184,null,null,null,null,"TWOGAUSSIANS",8,2.3405647,0.17325582,0.011992127,0.23833758,0.09320664,0.40057677,0.29555222,0.71525514,0.021840764,0.34483385,0.1620107,0.053138282,0.4871129
375316653866487564,3326352737968564096,0.63813394,2249.644656336948,4.245327369658786,8.608638E-6,15.6277,0.0048371037,0.28868967,0.0014216984,0.07223901,0.0017087188,0.52772564,0.011729143,0.78511316,0.0028949715,0.06875717,0.004840949,0.55591017,0.14430262,null,null,null,null,"TWOGAUSSIANS",8,26.07789,0.78511316,0.0028949715,0.38504013,0.027109316,0.5540721,0.14482868,0.28868967,0.0014216984,0.4,0.0014290357,0.52588755,0.011749878
375316653866487564,3326353047206282880,0.5202187,2300.614025848005,0.7123264548824588,1.9125626E-4,19.671137,0.016360098,0.47206432,0.0213161,0.04329751,0.016183259,0.5536561,3.2932065,0.12070915,0.07525263,0.08099175,0.090961315,0.046299428,11.686041,null,null,null,null,"TWOGAUSSIANS",8,1.7574242,0.47206432,0.021316968,0.24246606,0.09062625,0.5536597,3.2931943,0.12070915,0.07525263,0.4,0.36091387,0.046299182,11.686044
375316653866487564,3326354932695313536,0.5874643,2290.5473999021306,0.9452092759154447,1.1014782E-4,17.516403,0.031178255,0.24100381,0.0054854783,0.025720695,0.05033778,0.6154833,17571.668,0.7547808,0.036730513,0.03458337,0.024720391,1.727744,16.421438,0.04997718,0.03425973,0.24100381,0.0054854783,"TWOGAUSSIANS_WITH_ELLIPSOIDAL_ON_ECLIPSE1",9,97.6247,0.7547808,0.036730513,0.19366689,0.13843419,1.8269513,16.425785,0.24100381,0.0054854783,0.14403589,0.27198702,0.71543765,17571.664
375316653866487564,3326356139582586112,0.64872223,2230.9943527048654,3.640448107433834,6.7232377E-6,16.397926,0.0062175267,0.28791332,0.005878388,0.07547498,0.0038685005,0.5861445,0.03370953,0.77594364,0.002013289,0.07745697,0.0019918936,0.44052112,0.012280755,null,null,null,null,"TWOGAUSSIANS",8,13.867802,0.28791332,0.005878388,0.4,0.0,0.58241105,0.033741932,0.77594364,0.002013289,0.4,0.0,0.43678766,0.012148787
375316653866487564,3326359919153566080,0.5079337,2249.8538412666076,1.8926103534678569,2.1128324E-5,16.492142,0.013930363,0.22088745,0.007641754,0.11270024,0.016127953,0.11577882,0.014470151,0.7144262,0.0034252019,0.097807616,0.012564023,0.10173521,0.012991604,null,null,null,null,"TWOGAUSSIANS",8,4.4989305,0.22088745,0.007648597,0.4,0.0,0.103741355,0.005417989,0.7144262,0.0034252019,0.4,0.0,0.08970999,0.0032257098
375316653866487564,3326362015097704576,0.5610672,2227.562269533095,0.3898250294595131,1.109125E-5,15.221068,0.003935965,0.22892569,0.002225588,0.03160243,0.0033424501,0.060877968,0.008046431,0.770374,0.017209299,0.06564766,0.009796886,0.111829065,0.01267018,0.013867005,0.004213507,0.22892569,0.002225588,"TWOGAUSSIANS_WITH_ELLIPSOIDAL_ON_ECLIPSE1",9,13.272536,0.770374,0.017209299,0.3676269,0.04206404,0.13771832,0.008571237,0.22892569,0.002225588,0.17697363,0.01871772,0.08860607,0.0035112577
375316653866487564,3326364111041675392,0.5265984,2239.7295111412027,0.4052258732461587,1.5748497E-4,18.443823,0.0154012,0.4165992,0.04430661,0.12897938,0.043104447,0.21333049,0.017805442,0.7508122,0.11613849,0.088929996,0.043169603,0.21362302,0.101099186,null,null,null,null,"TWOGAUSSIANS",8,2.5800276,0.7508122,0.11613849,0.4,0.1221926,0.2171161,0.08329326,0.41721922,0.043862924,0.4,0.0,0.2095778,0.014914258
375316653866487564,3326365725949340160,0.58078367,2228.0642892874366,1.1189005308857916,1.1827639E-5,12.56018,0.30669817,0.13130724,0.0056337086,0.17746669,0.05323135,0.40503094,0.3033595,0.605367,0.007872399,0.13423112,0.019983947,0.45987722,0.22573218,null,null,null,null,"TWOGAUSSIANS",8,141.17732,0.605367,0.007872399,0.4,0.0,0.27427343,0.00764969,0.13274723,0.0041070515,0.4,0.0,0.20410883,0.013637517
375316653866487564,3326366237048192128,0.6551416,2236.3737493773406,1.4042701223945255,4.6646215E-5,15.185048,0.0012948469,0.121879905,0.010812757,0.023638532,0.0024491893,2.0925186,1.2769042,null,null,null,null,null,null,null,null,null,null,"ONEGAUSSIAN",5,11.979671,0.121879905,0.010812757,0.13237578,0.01371546,2.0925186,0.0,null,null,null,null,null,null
375316653866487564,3326368229913046912,0.5491541,2207.3095880091337,3.451444736451835,7.240586E-6,18.868828,0.04975816,0.21526796,0.024035003,0.08312988,0.077015296,0.4671871,0.27782896,0.73484415,0.0028460862,0.07935552,0.006179205,0.48525655,0.04365,null,null,null,null,"TWOGAUSSIANS",8,3.982673,0.73484415,0.0024023873,0.4,0.0,0.47952726,0.01798601,0.21526796,0.024035003,0.4,0.0,0.4614578,0.31292
