Gaia/vari_eclipsing_binary/VariEclipsingBinary_237434-237632.csv
# %ECSV 1.0
# ---
# delimiter: ','
# meta: !!omap
# - RELEASE: Gaia DR3
# - TABLE: vari_eclipsing_binary
# - DESCRIPTION: >
#     This table describes the properties of the eclipsing binaries resulting from the variability analysis. 
# - CITATION: >
#     How to cite and acknowledge Gaia: 
#     https://gea.esac.esa.int/archive/documentation/credits.html 
# - KNOWN_ISSUES: >
#     Known issues: 
#     https://www.cosmos.esa.int/web/gaia-users/known-issues 
# - DOCUMENTATION: >
#     Tutorials and documentation: 
#     https://www.cosmos.esa.int/web/gaia-users/archive 
# datatype:
# - 
#   name: solution_id
#   datatype: int64
#   description: Solution Identifier
#   meta:
#     ucd: meta.version
# - 
#   name: source_id
#   datatype: int64
#   description: Unique source identifier
#   meta:
#     ucd: meta.id;meta.main
# - 
#   name: global_ranking
#   datatype: float32
#   description: Number between 0 (worst) and 1 (best)
#   meta:
#     ucd: stat.param
# - 
#   name: reference_time
#   datatype: float64
#   unit: d
#   description: Reference time used for the geometric model fit
#   meta:
#     ucd: time.epoch
# - 
#   name: frequency
#   datatype: float64
#   unit: d**-1
#   description: Frequency of geometric model of the eclipsing binary light curve
#   meta:
#     ucd: src.orbital
# - 
#   name: frequency_error
#   datatype: float32
#   unit: d**-1
#   description: "Uncertainty of \\texttt{frequency}"
#   meta:
#     ucd: stat.error
# - 
#   name: geom_model_reference_level
#   datatype: float32
#   unit: mag
#   description: Magnitude reference level of geometric model
#   meta:
#     ucd: phot.mag;em.opt
# - 
#   name: geom_model_reference_level_error
#   datatype: float32
#   unit: mag
#   description: "Uncertainty of \\texttt{geomModelReferenceLevel}"
#   meta:
#     ucd: stat.error;phot.mag;em.opt
# - 
#   name: geom_model_gaussian1_phase
#   datatype: float32
#   description: Phase of the Gaussian 1 component
#   meta:
#     ucd: time.phase
# - 
#   name: geom_model_gaussian1_phase_error
#   datatype: float32
#   description: "Uncertainty of \\texttt{geomModelGaussian1Phase}"
#   meta:
#     ucd: stat.error;time.phase
# - 
#   name: geom_model_gaussian1_sigma
#   datatype: float32
#   description: "Standard deviation [phase] of Gaussian 1 component"
#   meta:
#     ucd: stat.stdev
# - 
#   name: geom_model_gaussian1_sigma_error
#   datatype: float32
#   description: "Uncertainty of \\texttt{geomModelGaussian1Sigma}"
#   meta:
#     ucd: stat.error
# - 
#   name: geom_model_gaussian1_depth
#   datatype: float32
#   unit: mag
#   description: Magnitude depth of Gaussian 1 component
#   meta:
#     ucd: src.var.amplitude
# - 
#   name: geom_model_gaussian1_depth_error
#   datatype: float32
#   unit: mag
#   description: "Uncertainty of \\texttt{geomModelGaussian1Depth}"
#   meta:
#     ucd: stat.error;src.var.amplitude
# - 
#   name: geom_model_gaussian2_phase
#   datatype: float32
#   description: Phase of Gaussian 2 component
#   meta:
#     ucd: time.phase
# - 
#   name: geom_model_gaussian2_phase_error
#   datatype: float32
#   description: "Uncertainty of \\texttt{geomModelGaussian2Phase}"
#   meta:
#     ucd: stat.error;time.phase
# - 
#   name: geom_model_gaussian2_sigma
#   datatype: float32
[...]
#   datatype: float32
#   description: "Secondary eclipse: uncertainty of \\texttt{derivedSecondaryEclDuration}"
#   meta:
#     ucd: stat.error;time.duration
# - 
#   name: derived_secondary_ecl_depth
#   datatype: float32
#   unit: mag
#   description: "Secondary eclipse: depth"
#   meta:
#     ucd: src.var.amplitude
# - 
#   name: derived_secondary_ecl_depth_error
#   datatype: float32
#   unit: mag
#   description: "Secondary eclipse: uncertainty of \\texttt{derivedSecondaryEclDepth}"
#   meta:
#     ucd: stat.error;src.var.amplitude
solution_id,source_id,global_ranking,reference_time,frequency,frequency_error,geom_model_reference_level,geom_model_reference_level_error,geom_model_gaussian1_phase,geom_model_gaussian1_phase_error,geom_model_gaussian1_sigma,geom_model_gaussian1_sigma_error,geom_model_gaussian1_depth,geom_model_gaussian1_depth_error,geom_model_gaussian2_phase,geom_model_gaussian2_phase_error,geom_model_gaussian2_sigma,geom_model_gaussian2_sigma_error,geom_model_gaussian2_depth,geom_model_gaussian2_depth_error,geom_model_cosine_half_period_amplitude,geom_model_cosine_half_period_amplitude_error,geom_model_cosine_half_period_phase,geom_model_cosine_half_period_phase_error,model_type,num_model_parameters,reduced_chi2,derived_primary_ecl_phase,derived_primary_ecl_phase_error,derived_primary_ecl_duration,derived_primary_ecl_duration_error,derived_primary_ecl_depth,derived_primary_ecl_depth_error,derived_secondary_ecl_phase,derived_secondary_ecl_phase_error,derived_secondary_ecl_duration,derived_secondary_ecl_duration_error,derived_secondary_ecl_depth,derived_secondary_ecl_depth_error
[from data line 507]
375316653866487564,2089974413866389376,0.5644445,2250.909802801188,2.5716478906014393,7.3838805E-6,18.650406,0.008190097,0.22586127,0.0011286943,0.04291362,0.0034540787,0.83563566,0.09336793,0.7229021,0.0031092167,0.064684436,0.0038296492,0.32861057,0.009733598,null,null,null,null,"TWOGAUSSIANS",8,6.1135545,0.22586127,0.0011286943,0.24031627,0.019342842,0.835619,0.09338415,0.7229021,0.0031092167,0.36223283,0.021446036,0.3285939,0.00972323
375316653866487564,2089982149106554368,0.5606537,2233.0828352720137,0.19445932315629216,5.1378516E-5,13.654131,0.0013026098,0.11365477,0.0146536315,0.025256693,0.008374707,0.012175119,0.004658252,0.9575219,4.2026085E-4,0.007889319,4.573527E-4,0.30272362,0.017670093,null,null,null,null,"TWOGAUSSIANS",8,56.23488,0.9575219,4.2026085E-4,0.044180185,0.0025611753,0.30272362,0.017670095,0.11365477,0.0146536315,0.14143749,0.046898358,0.012175119,0.004658252
375316653866487564,2089987848524893952,0.5125317,2225.7604417497987,0.1396988871284001,4.8040994E-5,17.79658,0.0051818388,0.12055697,0.0012897135,0.013385718,0.0011290977,0.8982777,0.22724792,0.74347275,4.518886E-5,0.0032996838,3.391856E-4,0.1449653,0.021516232,0.00990176,0.008674809,0.12055697,0.0012897135,"TWOGAUSSIANS_WITH_ELLIPSOIDAL_ON_ECLIPSE1",9,13.794262,0.12055697,0.0012897135,0.074960016,0.006322947,0.91808116,0.22914875,0.74347275,4.518886E-5,0.01847823,0.0018994393,0.15512635,0.016757641
375316653866487564,2089989811327990784,0.4696169,2224.8075080367726,3.1499214036297665,2.6409278E-5,12.508595,0.12094361,0.25176248,0.0053807935,0.21467316,0.061132446,1.0896567,0.17296332,0.75494665,0.005726715,0.19049823,0.049976736,0.9975644,0.25483754,null,null,null,null,"TWOGAUSSIANS",8,876.71686,0.24928246,0.0052551734,0.4,0.0,0.1853559,0.02050527,0.75819665,0.0062404964,0.4,0.0,0.1742438,0.01127122
375316653866487564,2089992938064299520,0.5933736,2191.751959175552,1.304403815507657,9.017783E-6,16.344738,0.0035465192,0.16597928,0.0027756696,0.020868003,0.002720363,0.41892365,0.07982502,0.66446227,0.0013955063,0.018647797,0.0018994373,0.45706585,0.024911817,0.008797572,0.0058816676,0.16597928,0.0027756696,"TWOGAUSSIANS_WITH_ELLIPSOIDAL_ON_ECLIPSE1",9,26.355045,0.66446227,0.0013955063,0.10442766,0.010636848,0.47465938,0.024185857,0.16597928,0.0027756696,0.116860814,0.015234032,0.4365188,0.081255324
375316653866487564,2090003069889858304,0.46930927,2215.4863668818502,2.2176820717716272,3.0139257E-5,17.170507,0.00934211,0.3377946,0.010141106,0.09952455,0.012130359,0.14558809,0.0127329,0.7854457,0.017124545,0.08014434,0.024484042,0.055104796,0.012312794,null,null,null,null,"TWOGAUSSIANS",8,17.085848,0.3377946,0.010141106,0.4,0.0,0.14393793,0.011988316,0.7854457,0.017124545,0.4,0.016879696,0.053460546,0.011858369
375316653866487564,2090008052048054016,0.48176798,2142.558445773042,3.8262262615246403,1.2971049E-5,18.077805,0.27875766,0.30688342,0.005903669,0.1860875,0.056937024,0.3715775,0.27354392,0.8115706,0.004829223,0.14577994,0.024360074,0.35428938,0.21355225,null,null,null,null,"TWOGAUSSIANS",8,3.890656,0.81287056,0.004592465,0.4,0.0,0.14780426,0.011827182,0.30640343,0.005800851,0.4,0.0,0.14692192,0.008116494
375316653866487564,2090011178784869120,0.44500014,2196.229122446507,3.2980577289522826,4.560991E-5,18.49424,0.03450643,0.12840043,0.009597985,0.08303718,0.01587461,0.17548919,0.036752462,0.612467,0.013742413,0.12812601,0.03684294,0.1364708,0.03270422,null,null,null,null,"TWOGAUSSIANS",8,8.226274,0.12848043,0.009567188,0.4,0.0,0.16091572,0.019395493,0.612467,0.013742413,0.4,0.0,0.12174762,0.01738659
375316653866487564,2090016921163684224,0.4423386,2184.579721300082,2.046357911475663,5.714469E-5,12.668953,0.012772206,0.23244536,0.005461828,0.05500431,0.006062824,0.5889699,0.06176319,0.75609845,0.005708465,0.02134509,0.005170362,0.39330775,0.164042,0.06449338,0.014020057,0.23244536,0.005461828,"TWOGAUSSIANS_WITH_ELLIPSOIDAL_ON_ECLIPSE1",9,1551.5372,0.23244536,0.005461828,0.30802414,0.033951815,0.7179374,0.05980337,0.75609845,0.005708465,0.11953251,0.028954027,0.51944727,0.16923986
375316653866487564,2090023239055353728,0.502789,2227.2877192534975,4.21603608049886,1.39156355E-5,19.71874,0.014921281,0.22256662,0.0035124442,0.08982158,0.007104524,0.2931537,0.014264591,0.7405985,0.0106696645,0.08394414,0.013064218,0.3039634,0.024196254,null,null,null,null,"TWOGAUSSIANS",8,1.3848493,0.7405985,0.0106696645,0.4,0.0,0.2969573,0.025205338,0.22256662,0.0035124442,0.4,0.0,0.28614748,0.010953923
375316653866487564,2090023960609338240,0.5242709,2207.9415240040203,2.50057736918867,1.0535105E-5,19.502981,0.013480834,0.32651156,0.0036618833,0.073493995,0.004824917,0.338512,0.01621618,0.8150677,0.0035130098,0.079983674,0.005900482,0.32364982,0.023178648,null,null,null,null,"TWOGAUSSIANS",8,2.042797,0.32651156,0.0036618833,0.4,0.0,0.33594975,0.015520415,0.8150677,0.0035130098,0.4,0.0,0.32108757,0.023298929
375316653866487564,2090029050149656064,0.60410106,2237.589660330026,3.289242249084349,2.2530207E-6,17.781292,0.005661728,0.26685634,0.0016722864,0.035800405,0.0021032218,0.5814552,0.025681563,0.76469034,0.0014160556,0.037037898,0.0018839991,0.5412461,0.020810615,0.02827371,0.018182974,0.26685634,0.0016722864,"TWOGAUSSIANS_WITH_ELLIPSOIDAL_ON_ECLIPSE1",9,8.947609,0.26685634,0.0016722864,0.20048226,0.011778043,0.6380025,0.027984696,0.76471037,0.0014000421,0.20741223,0.010550395,0.5977831,0.020434577
375316653866487564,2090032657922135552,0.50516444,2233.622436893681,0.3726831155726406,1.9456E-5,18.923584,0.0025128666,0.12281256,7.9972335E-5,0.0073716375,1.9717454E-4,0.7541099,0.025044618,0.6678811,0.0074802805,0.057690293,0.007867743,0.10752418,0.01928781,null,null,null,null,"TWOGAUSSIANS",8,1.8366374,0.12281256,7.9972335E-5,0.04128117,0.0011041774,0.7541099,0.025044618,0.6678811,0.0074802805,0.32306564,0.044059362,0.10752418,0.01928781
375316653866487564,2090033551275319552,0.5314792,2224.441204268636,1.225453605125825,2.1563572E-5,16.006989,0.0015201247,0.19761719,0.0033760804,0.02486005,0.0052386275,0.09446338,0.007986438,0.68890125,0.0011432891,0.03481221,0.0017802555,0.15607332,0.003106148,null,null,null,null,"TWOGAUSSIANS",8,9.959652,0.68890125,0.0011432891,0.19494838,0.009969431,0.15607332,0.003106148,0.19761719,0.0033760804,0.13921627,0.029336313,0.09446338,0.007986438
375316653866487564,2090039731729811200,0.4806637,2282.58205989023,2.0302504615670864,3.0206807E-5,18.011507,0.0032381006,0.30485004,0.008174483,0.04431366,0.012695085,0.04260805,0.017067855,0.58626395,5.0775416E-4,0.013910909,8.195032E-4,0.26485288,0.025687627,null,null,null,null,"TWOGAUSSIANS",8,4.766762,0.58626395,5.0775416E-4,0.077901095,0.0045892177,0.26485288,0.025687627,0.30485004,0.008174483,0.2481565,0.07109248,0.04260805,0.017067855
375316653866487564,2090041690233841408,0.64405394,2285.571360491803,3.994544519358617,4.285709E-6,17.648159,0.013013026,0.2473156,0.0020347799,0.04592019,0.0028275952,0.47768164,0.038684867,0.75163376,0.0025374554,0.04906702,0.0037613227,0.43484187,0.04636664,0.121319756,0.0164116,0.2473156,0.0020347799,"TWOGAUSSIANS_WITH_ELLIPSOIDAL_ON_ECLIPSE1",9,6.352791,0.2473156,0.0020347799,0.25715306,0.015834535,0.72032005,0.017420629,0.75163376,0.0025374554,0.27477533,0.021063406,0.67730165,0.041903105
375316653866487564,2090054815653984640,0.470444,2194.3494867064346,1.3306035887293328,1.52293715E-5,18.930466,0.0044930405,0.28167278,0.0034581765,0.043029007,0.0061426396,0.18011065,0.010231196,0.77391994,0.010223615,0.057944402,0.0075111547,0.104633756,0.016616102,null,null,null,null,"TWOGAUSSIANS",8,2.3991287,0.28167278,0.0034581765,0.24096245,0.034398783,0.18010981,0.010232485,0.77391994,0.010223615,0.32448864,0.042062465,0.104632914,0.016616125
375316653866487564,2090056297423791232,0.4350476,2211.381909623288,0.11705055511430933,4.5282275E-5,16.278551,0.0020609049,0.17207217,0.012031278,0.02539408,0.011030066,0.09974671,0.026923263,0.6874225,0.016023785,0.06326088,0.009215909,0.10088614,0.063724294,null,null,null,null,"TWOGAUSSIANS",8,3.6938355,0.6874225,0.016023785,0.35426095,0.05160909,0.10088613,0.06372432,0.17207217,0.012031278,0.14220685,0.06176837,0.099746704,0.026923371
375316653866487564,2090063341168632192,0.5123138,2214.8735650856415,0.8111880852087004,3.6020745E-5,14.726024,0.0032826304,0.19356495,0.0064426996,0.02521514,0.0051270556,0.20838337,0.014849338,0.6815913,0.007112917,0.020261388,0.008897107,0.34814623,0.14415981,0.011706383,0.0059151202,0.19356495,0.0064426996,"TWOGAUSSIANS_WITH_ELLIPSOIDAL_ON_ECLIPSE1",9,298.92413,0.6816213,0.0071057593,0.113463774,0.049823802,0.371427,0.14593554,0.19356495,0.0064426996,0.14120479,0.028711513,0.23179612,0.013646202
375316653866487564,2090064230221392768,0.5153167,2208.5863845606923,4.313703524063826,8.280124E-6,18.57777,0.009061669,0.2502478,0.0026586615,0.08810933,0.004239871,0.2278173,0.0098108435,0.7469826,0.0035651734,0.08938847,0.006639317,0.2819078,0.016219404,null,null,null,null,"TWOGAUSSIANS",8,2.6825545,0.7469826,0.0035651734,0.4,0.0,0.27280402,0.017403187,0.2502478,0.0026586615,0.4,0.0,0.21871355,0.007672038
375316653866487564,2090065746350356224,0.51210934,2209.968009218448,0.7544797432972893,3.2222284E-5,14.864026,0.0046439534,0.26856592,0.012719594,0.035805404,0.029986715,0.03970091,4185228.2,0.76144576,0.004879812,0.03201528,0.004411494,0.20003171,0.012321159,0.016469037,0.0066540604,0.26856592,0.012719594,"TWOGAUSSIANS_WITH_ELLIPSOIDAL_ON_ECLIPSE1",9,110.15136,0.76153576,0.0048131193,0.17928557,0.024704365,0.23290476,0.008793771,0.26856592,0.012719594,0.20051025,0.16792561,0.07263898,4185228.2
375316653866487564,2090066983301284992,0.56159383,2236.6159373498685,2.385201321243893,1.0705554E-5,15.241,0.009202209,0.24902245,0.0033374762,0.09498441,0.0051819338,0.2616153,0.010944444,0.75769657,0.0030907525,0.08667236,0.005297412,0.23971866,0.009376459,null,null,null,null,"TWOGAUSSIANS",8,61.45247,0.24902245,0.0033374762,0.4,0.0,0.25167304,0.009234398,0.75769657,0.0030907525,0.4,0.0,0.22977693,0.00783996
375316653866487564,2090071072109765120,0.5582045,2184.426456771955,0.02286565215105855,1.1003832E-5,14.69,9.25496E-4,0.42973903,1.4689328E-5,0.0021057292,3.466187E-5,0.13625164,0.0011461484,0.6850061,0.0031640646,0.015239888,0.0033962762,0.015326284,0.0021063744,0.0026152453,0.0012874965,0.42973903,1.4689328E-5,"TWOGAUSSIANS_WITH_ELLIPSOIDAL_ON_ECLIPSE1",9,15.225781,0.42973903,1.4689328E-5,0.011792083,1.9410647E-4,0.1414821,0.0019338861,0.68503606,0.0031915805,0.08534337,0.019019147,0.015332006,0.0021138042
375316653866487564,2090082269088059136,0.58817255,2172.759845887356,0.28015252029440363,4.5525598E-5,12.526151,7.0793973E-4,0.25656357,0.031396456,0.022507416,0.027322773,0.0065118247,0.10605952,0.50989616,0.024637934,0.03830851,0.01902084,0.7374052,4.8220296,null,null,null,null,"TWOGAUSSIANS",8,33.626328,0.50989616,0.024637934,0.21452765,0.10651671,0.7374052,4.8220296,0.25656357,0.031396456,0.12604153,0.15300752,0.0065118247,0.10605953
375316653866487564,2090092134629849728,0.59176093,2241.6632180963556,0.784988054491802,4.653084E-6,14.701304,0.0065091965,0.2784107,0.0016391301,0.11764457,0.006308994,0.12715961,0.0057473667,0.77378786,0.0022457049,0.10326749,0.00507881,0.13581328,0.005843073,null,null,null,null,"TWOGAUSSIANS",8,8.450985,0.77378786,0.0022457049,0.4,0.0,0.11659982,0.0034046979,0.2784107,0.0016391301,0.4,0.0,0.10791761,0.0031119147
375316653866487564,2090093539079170944,0.4742032,2210.303368623558,3.07001175661846,6.8792756E-6,19.616503,0.0061820843,0.244747,0.0034516528,0.008170408,0.0014168568,0.5267016,0.120336965,0.5927258,0.013315991,0.060188208,0.010077092,0.04414394,0.014860309,null,null,null,null,"TWOGAUSSIANS",8,1.5714033,0.244747,0.0034516528,0.045754287,0.007934398,0.5267016,0.120336965,0.5927258,0.013315991,0.33705395,0.056431714,0.04414394,0.014860309
375316653866487564,2090093543371586944,0.50376886,2229.6995457845214,1.608933251952789,6.84598E-6,18.957216,0.005678666,0.10157349,0.0010700984,0.018238673,0.0014168371,0.2726218,0.008686732,0.5863271,0.0057651205,0.0153236445,0.0056646564,0.22005601,0.02813355,null,null,null,null,"TWOGAUSSIANS",8,3.1415524,0.10157349,0.0010700984,0.102136575,0.007934288,0.2726218,0.008686732,0.5863271,0.0057651205,0.08581241,0.031722076,0.22005601,0.02813355
375316653866487564,2090098731699383296,0.6007113,2201.5942008081615,0.7109893358024957,1.5689913E-5,16.825598,0.0020843856,0.20433119,0.0027608785,0.03129141,0.0023398476,0.26241067,0.014404012,0.6985923,0.003485552,0.026671749,0.0017738561,0.7863217,0.058405254,null,null,null,null,"TWOGAUSSIANS",8,12.920104,0.6985923,0.003485552,0.14936179,0.009933594,0.7863217,0.058405254,0.20433119,0.0027608785,0.1752319,0.013103147,0.26241067,0.014404012
375316653866487564,2090101446117657600,0.5436877,2241.906653987892,0.7799497622287603,5.302164E-6,11.498931,7.6983037E-4,0.27414915,9.346272E-4,0.007980903,0.0036838565,0.035690032,0.02834342,0.7690262,7.9686055E-4,0.025152925,0.0019189694,0.05439128,0.003495492,0.033834152,0.0014592959,0.7690262,7.9686055E-4,"TWOGAUSSIANS_WITH_ELLIPSOIDAL_ON_ECLIPSE2",9,27.750248,0.7690262,7.9686055E-4,0.14085639,0.0107462285,0.12205958,0.004159354,0.27409917,0.0010125343,0.044693053,0.020629596,0.103288904,0.02985057
375316653866487564,2090103469042284288,0.42323643,2217.1339606797524,0.021626123103846207,3.424659E-5,19.671364,0.22004062,0.4456943,0.027982565,0.24749574,0.11047833,0.2725554,0.21851042,0.7721512,0.019609667,0.010384853,0.006811606,1.0186286,5.0882874,null,null,null,null,"TWOGAUSSIANS",8,3.6126144,0.7721512,0.019609667,0.05815518,0.038144995,1.0687094,5.0875187,0.4456943,0.027982565,0.4,0.0,0.20187871,0.017641576
375316653866487564,2090110929405546752,0.5034845,2217.6782741251745,2.809377521201452,1.7780354E-5,16.069916,0.0060523255,0.11532827,0.003555662,0.0899663,0.0062765973,0.20787023,0.010353744,0.60766405,0.005975805,0.078500174,0.006619887,0.2504581,0.026272977,null,null,null,null,"TWOGAUSSIANS",8,56.442772,0.60766405,0.005975805,0.4,0.0,0.2456387,0.027243683,0.11532827,0.003555662,0.4,0.0,0.20305076,0.010972077
375316653866487564,2090111101198781696,0.62688786,2207.2936318179427,0.888044978700107,2.8491706E-6,15.588457,0.0018375323,0.23457702,0.0018891103,0.041722197,0.0024169912,0.0780161,0.005252253,0.7335684,0.0014986943,0.039087184,0.0014980308,0.30313832,0.005019764,0.009152103,0.0031475078,0.23457702,0.0018891103,"TWOGAUSSIANS_WITH_ELLIPSOIDAL_ON_ECLIPSE1",9,6.990598,0.7335783,0.0014864788,0.21888822,0.008388973,0.32144177,0.0030444637,0.23457702,0.0018891103,0.2336443,0.01353515,0.0963203,0.0032599214
375316653866487564,2090121099888272256,0.48521578,2262.17538837386,2.750492718772523,2.3675691E-5,15.956594,0.02456765,0.22228083,0.004549806,0.09762424,0.011420166,0.20588563,0.024140032,0.7407726,0.0066675823,0.099298924,0.014690789,0.2246515,0.02435097,null,null,null,null,"TWOGAUSSIANS",8,85.982056,0.7407726,0.0066675823,0.4,0.0,0.21121466,0.018741516,0.22228083,0.004560576,0.4,0.0,0.1924496,0.014664364
375316653866487564,2090133125796764032,0.5337287,2231.7313018307173,0.21300815792306954,2.4413062E-5,15.474601,0.002364434,0.4025941,0.052548185,0.03144836,0.011434231,0.033083603,0.02589324,0.5209456,0.0014939324,0.006223758,0.0014980221,0.41555074,0.21539341,null,null,null,null,"TWOGAUSSIANS",8,60.62925,0.5209456,0.0014939324,0.034853045,0.008388924,0.41557854,0.21536583,0.4025941,0.052548185,0.17611083,0.06403169,0.033083603,0.02589324
375316653866487564,2090135664116383488,0.5597617,2269.1707047706263,0.4754876840150873,3.0176321E-5,18.702585,0.007583422,0.5143837,6.613431E-5,0.010970002,2.1649525E-4,1.1112379,0.047396664,0.76154745,0.14206718,0.1763525,0.13735852,0.012626203,0.0076049543,null,null,null,null,"TWOGAUSSIANS",8,0.94042575,0.5143837,5.8126767E-5,0.06143201,0.0012123734,1.1155142,0.04766541,0.76154745,0.14206718,0.4,0.0,0.012172513,0.004858578
