Gaia/vari_eclipsing_binary/VariEclipsingBinary_664443-664489.csv
# %ECSV 1.0
# ---
# delimiter: ','
# meta: !!omap
# - RELEASE: Gaia DR3
# - TABLE: vari_eclipsing_binary
# - DESCRIPTION: >
#     This table describes the properties of the eclipsing binaries resulting from the variability analysis. 
# - CITATION: >
#     How to cite and acknowledge Gaia: 
#     https://gea.esac.esa.int/archive/documentation/credits.html 
# - KNOWN_ISSUES: >
#     Known issues: 
#     https://www.cosmos.esa.int/web/gaia-users/known-issues 
# - DOCUMENTATION: >
#     Tutorials and documentation: 
#     https://www.cosmos.esa.int/web/gaia-users/archive 
# datatype:
# - 
#   name: solution_id
#   datatype: int64
#   description: Solution Identifier
#   meta:
#     ucd: meta.version
# - 
#   name: source_id
#   datatype: int64
#   description: Unique source identifier
#   meta:
#     ucd: meta.id;meta.main
# - 
#   name: global_ranking
#   datatype: float32
#   description: Number between 0 (worst) and 1 (best)
#   meta:
#     ucd: stat.param
# - 
#   name: reference_time
#   datatype: float64
#   unit: d
#   description: Reference time used for the geometric model fit
#   meta:
#     ucd: time.epoch
# - 
#   name: frequency
#   datatype: float64
#   unit: d**-1
#   description: Frequency of geometric model of the eclipsing binary light curve
#   meta:
#     ucd: src.orbital
# - 
#   name: frequency_error
#   datatype: float32
#   unit: d**-1
#   description: "Uncertainty of \\texttt{frequency}"
#   meta:
#     ucd: stat.error
# - 
#   name: geom_model_reference_level
#   datatype: float32
#   unit: mag
#   description: Magnitude reference level of geometric model
#   meta:
#     ucd: phot.mag;em.opt
# - 
#   name: geom_model_reference_level_error
#   datatype: float32
#   unit: mag
#   description: "Uncertainty of \\texttt{geomModelReferenceLevel}"
#   meta:
#     ucd: stat.error;phot.mag;em.opt
# - 
#   name: geom_model_gaussian1_phase
#   datatype: float32
#   description: Phase of the Gaussian 1 component
#   meta:
#     ucd: time.phase
# - 
#   name: geom_model_gaussian1_phase_error
#   datatype: float32
#   description: "Uncertainty of \\texttt{geomModelGaussian1Phase}"
#   meta:
#     ucd: stat.error;time.phase
# - 
#   name: geom_model_gaussian1_sigma
#   datatype: float32
#   description: "Standard deviation [phase] of Gaussian 1 component"
#   meta:
#     ucd: stat.stdev
# - 
#   name: geom_model_gaussian1_sigma_error
#   datatype: float32
#   description: "Uncertainty of \\texttt{geomModelGaussian1Sigma}"
#   meta:
#     ucd: stat.error
# - 
#   name: geom_model_gaussian1_depth
#   datatype: float32
#   unit: mag
#   description: Magnitude depth of Gaussian 1 component
#   meta:
#     ucd: src.var.amplitude
# - 
#   name: geom_model_gaussian1_depth_error
#   datatype: float32
#   unit: mag
#   description: "Uncertainty of \\texttt{geomModelGaussian1Depth}"
#   meta:
#     ucd: stat.error;src.var.amplitude
# - 
#   name: geom_model_gaussian2_phase
#   datatype: float32
#   description: Phase of Gaussian 2 component
#   meta:
#     ucd: time.phase
# - 
#   name: geom_model_gaussian2_phase_error
#   datatype: float32
#   description: "Uncertainty of \\texttt{geomModelGaussian2Phase}"
#   meta:
#     ucd: stat.error;time.phase
# - 
#   name: geom_model_gaussian2_sigma
#   datatype: float32
[...]
#   datatype: float32
#   description: "Secondary eclipse: uncertainty of \\texttt{derivedSecondaryEclDuration}"
#   meta:
#     ucd: stat.error;time.duration
# - 
#   name: derived_secondary_ecl_depth
#   datatype: float32
#   unit: mag
#   description: "Secondary eclipse: depth"
#   meta:
#     ucd: src.var.amplitude
# - 
#   name: derived_secondary_ecl_depth_error
#   datatype: float32
#   unit: mag
#   description: "Secondary eclipse: uncertainty of \\texttt{derivedSecondaryEclDepth}"
#   meta:
#     ucd: stat.error;src.var.amplitude
solution_id,source_id,global_ranking,reference_time,frequency,frequency_error,geom_model_reference_level,geom_model_reference_level_error,geom_model_gaussian1_phase,geom_model_gaussian1_phase_error,geom_model_gaussian1_sigma,geom_model_gaussian1_sigma_error,geom_model_gaussian1_depth,geom_model_gaussian1_depth_error,geom_model_gaussian2_phase,geom_model_gaussian2_phase_error,geom_model_gaussian2_sigma,geom_model_gaussian2_sigma_error,geom_model_gaussian2_depth,geom_model_gaussian2_depth_error,geom_model_cosine_half_period_amplitude,geom_model_cosine_half_period_amplitude_error,geom_model_cosine_half_period_phase,geom_model_cosine_half_period_phase_error,model_type,num_model_parameters,reduced_chi2,derived_primary_ecl_phase,derived_primary_ecl_phase_error,derived_primary_ecl_duration,derived_primary_ecl_duration_error,derived_primary_ecl_depth,derived_primary_ecl_depth_error,derived_secondary_ecl_phase,derived_secondary_ecl_phase_error,derived_secondary_ecl_duration,derived_secondary_ecl_duration_error,derived_secondary_ecl_depth,derived_secondary_ecl_depth_error
[from data line 437]
375316653866487564,5844782437772009728,0.4328346,2186.674553323357,3.475851031355926,4.0561783E-5,18.778446,0.008569517,0.23091802,0.02557004,0.058051974,0.025602946,0.24346367,0.06886069,0.73609674,0.010054848,0.075477585,0.008626397,0.24797063,0.018466257,null,null,null,null,"TWOGAUSSIANS",8,7.486533,0.73609674,0.010054848,0.4,0.007958759,0.2475904,0.018383093,0.23091802,0.02557004,0.32509106,0.1433765,0.24308345,0.06921391
375316653866487564,5844783498615841536,0.50842893,2188.2328048017876,2.115780971904378,2.2933084E-5,17.9331,0.0784436,0.26254055,0.005782859,0.11438565,0.02975208,0.2425873,0.06760713,0.7580206,0.0073850886,0.11791126,0.02879206,0.22348878,0.07503798,null,null,null,null,"TWOGAUSSIANS",8,7.2271547,0.26256058,0.005788456,0.4,0.0,0.1986592,0.019132657,0.7580206,0.0073850886,0.4,0.0,0.17953922,0.013012343
375316653866487564,5844784465011045504,0.58258647,2085.6619801600345,3.1031564173415433,8.835407E-6,16.998203,0.021267144,0.2561006,0.0027899141,0.07852652,0.006187058,0.38122118,0.020046476,0.7481511,0.01365062,0.08253854,0.012884069,0.44081137,0.028015716,null,null,null,null,"TWOGAUSSIANS",8,15.157171,0.7481511,0.01365062,0.4,0.0,0.43512735,0.023372222,0.2561006,0.0027899141,0.4,0.0,0.37553713,0.016991217
375316653866487564,5844784877330804608,0.40970406,2127.2621920866904,0.14032827730272115,1.10747045E-4,19.622143,0.5329149,0.27419996,0.06311394,0.18778299,0.15627724,0.3964608,0.5193904,0.66287553,0.08770822,0.14676312,0.06775474,0.32819128,0.2562532,null,null,null,null,"TWOGAUSSIANS",8,4.306099,0.29618996,0.028921463,0.4,0.0,0.27105474,0.062108103,0.66287553,0.08770822,0.4,0.0,0.2395198,0.050159212
375316653866487564,5844785701947281664,0.57193536,2191.060264269712,2.1401961388828044,7.934341E-6,17.639544,0.009480002,0.31440464,0.0025184078,0.088657625,0.004600946,0.31224823,0.011059383,0.8087717,0.002566681,0.086261496,0.0038762945,0.3300813,0.009463999,null,null,null,null,"TWOGAUSSIANS",8,6.290694,0.8087717,0.002566681,0.4,0.0,0.3202433,0.0071896547,0.31440464,0.0025184078,0.4,0.0,0.30241016,0.010178738
375316653866487564,5844786011185013760,0.46348277,2187.854162211741,2.497508682984764,3.3232023E-5,18.558872,0.005190008,0.16182129,0.03009051,0.06234206,0.026140053,0.082071334,0.017626679,0.6518118,0.00946913,0.06855279,0.010219218,0.18393417,0.031862672,null,null,null,null,"TWOGAUSSIANS",8,4.824419,0.6518118,0.00946913,0.38389564,0.056159448,0.18380831,0.031907804,0.16182129,0.03009051,0.34911552,0.10031709,0.08194549,0.017571535
375316653866487564,5844786251704362496,0.5295478,2217.541504322008,0.1343438945813226,7.678749E-6,19.897888,0.006086765,0.30055076,0.10895224,0.0868132,0.05392323,0.040460486,0.12399166,0.6620307,0.0024232802,0.013711145,0.0012617366,0.7462325,0.056431964,null,null,null,null,"TWOGAUSSIANS",8,1.6238393,0.6620307,0.0024232802,0.07678241,0.0070657255,0.7462395,0.056434114,0.30055076,0.10895224,0.4,0.16432634,0.04046048,0.12399166
375316653866487564,5844787243831218944,0.5739332,2216.7312175057673,3.1499043447625823,6.3455236E-6,17.811037,0.0064880284,0.21745303,0.0018835996,0.047566574,0.0057376293,0.16254081,0.018591642,0.7139949,0.0048163454,0.041771382,0.00896983,0.103488974,0.018653665,0.10324853,0.008678049,0.21745303,0.0018835996,"TWOGAUSSIANS_WITH_ELLIPSOIDAL_ON_ECLIPSE1",9,6.616873,0.21745303,0.0018835996,0.2663728,0.032130726,0.3690377,0.01449794,0.7147449,0.0036633534,0.23391974,0.050231047,0.3099094,0.014108512
375316653866487564,5844787381269085056,0.50056493,2201.33308134423,2.699808421616959,2.2388813E-5,18.178064,0.0027728386,null,null,null,null,null,null,null,null,null,null,null,null,0.054548662,0.0031201667,0.24184105,0.007164225,"ELLIPSOIDAL",4,4.022063,null,null,null,null,null,null,null,null,null,null,null,null
375316653866487564,5844787862304587264,0.5953477,2245.264295546741,1.5904363188787476,2.3862865E-6,17.1473,0.0019163559,0.19280627,4.972372E-4,0.044617333,0.0010461108,0.2781205,0.005160626,0.68928397,0.008438808,0.03417969,0.008834829,0.059688166,0.015533637,null,null,null,null,"TWOGAUSSIANS",8,4.7146764,0.19280627,4.972372E-4,0.24985705,0.00585822,0.2781205,0.005160626,0.68928397,0.008438808,0.19140626,0.04947504,0.059688166,0.015533638
375316653866487564,5844788107130562432,0.46947992,2222.568040499988,2.007116501041371,1.9196468E-5,19.701757,0.0072131925,0.34482133,0.0024096144,0.034128543,0.0023458223,0.47600713,0.043158326,0.845596,0.0045013377,0.031603694,0.005718181,0.15597339,0.022388628,null,null,null,null,"TWOGAUSSIANS",8,2.9471545,0.34482133,0.0024096144,0.19111983,0.013136605,0.47600713,0.043158326,0.845596,0.0045013377,0.17698067,0.032021813,0.15597339,0.022388628
375316653866487564,5844791263919571968,0.5724754,2230.569488708578,1.8110058562371276,2.0804162E-5,18.484726,0.007473767,0.47156838,0.004030551,0.034358125,0.0036324097,0.7229592,0.021269819,null,null,null,null,null,null,null,null,null,null,"ONEGAUSSIAN",5,10.441405,0.47156838,0.004030551,0.19240549,0.020341495,0.7229592,0.0,null,null,null,null,null,null
375316653866487564,5844791268226634752,0.594405,2209.6803646820035,2.561882313657238,1.1493222E-5,18.87296,0.0313767,0.21592441,0.0032753558,0.04841422,0.0100186365,0.26235116,0.05797972,0.72808677,0.0045000566,0.05454851,0.010919183,0.23597862,0.056272782,0.13127476,0.031053456,0.21592441,0.0032753558,"TWOGAUSSIANS_WITH_ELLIPSOIDAL_ON_ECLIPSE1",9,4.1677485,0.21592441,0.0032753558,0.27111962,0.056104362,0.52489585,0.013969485,0.72808677,0.0045000566,0.30547166,0.06114742,0.49699306,0.011739852
375316653866487564,5844791852342109440,0.5080697,2208.489331558537,3.342279377525065,1.2918762E-5,19.08495,0.032834157,0.2148829,0.0050950996,0.1120084,0.016130524,0.2563177,0.028478498,0.69632715,0.00660096,0.106931165,0.012611904,0.27580455,0.0326306,null,null,null,null,"TWOGAUSSIANS",8,2.0583262,0.69632715,0.00660096,0.4,0.0,0.24370398,0.0127454195,0.2149029,0.0050800475,0.4,0.0,0.22419956,0.01626087
375316653866487564,5844792436470744576,0.4800648,2237.825147164677,0.9963938843870466,1.7494745E-5,14.725387,0.0018003724,0.28829923,0.0018994423,0.011320789,0.0038169886,0.013258168,0.010406955,0.65614796,0.002705303,0.01735221,0.0020946662,0.124210216,0.0065386617,0.0012999683,0.002201985,0.65614796,0.002705303,"TWOGAUSSIANS_WITH_ELLIPSOIDAL_ON_ECLIPSE2",9,67.32843,0.65614796,0.002705303,0.09717237,0.011730132,0.12681015,0.0060569756,0.28813922,0.0018162288,0.063396424,0.021375136,0.014442744,0.012092691
375316653866487564,5844793020586968192,0.49748236,2196.8789364771965,2.844288978944201,1.3578765E-5,14.767458,0.15608732,0.19880481,0.0043058232,0.119205885,0.031736497,0.26169837,0.14315291,0.704458,0.0064288112,0.13876307,0.059270628,0.23199157,0.15014572,null,null,null,null,"TWOGAUSSIANS",8,164.60332,0.19866481,0.0040124436,0.4,0.0,0.1910032,0.01497461,0.704498,0.0065125413,0.4,0.0,0.16066656,0.010463032
375316653866487564,5844793119346270336,0.5166525,2188.0658845421285,1.7165201174367133,1.1030683E-5,18.4504,0.2652153,0.24942586,0.0063780127,0.09431054,0.04909436,0.14071496,0.20508738,0.74136573,0.015052709,0.0899317,0.12568194,0.17464912,0.20993254,null,null,null,null,"TWOGAUSSIANS",8,1.1577164,0.74136573,0.015052709,0.4,0.0,0.16767858,0.048142225,0.24942586,0.0050005326,0.4,0.0,0.13374425,0.0083939005
375316653866487564,5844793123654910080,0.51225066,2178.0810318272283,2.602477779627522,1.5321455E-5,19.049065,0.040519256,0.22718975,0.003930001,0.100845225,0.013128092,0.32278055,0.03582014,0.74012136,0.006557891,0.11372892,0.02726962,0.2542825,0.054305233,null,null,null,null,"TWOGAUSSIANS",8,2.8870416,0.22716975,0.0039198343,0.4,0.0,0.29031163,0.015651768,0.74012136,0.006561392,0.4,0.0,0.22178093,0.06650779
375316653866487564,5844793398532846848,0.5039721,2189.5952644867043,3.391818796948821,9.601354E-6,17.91125,0.013895542,0.20787592,0.0064471914,0.08912479,0.015069931,0.14797343,0.009393428,0.69205904,0.0038703016,0.09296018,0.010121738,0.17257808,0.0122778015,null,null,null,null,"TWOGAUSSIANS",8,5.3244543,0.69205904,0.0038703016,0.4,0.0,0.16678956,0.008393627,0.20787592,0.0064471914,0.4,0.0,0.1421851,0.007333023
375316653866487564,5844793776490107648,0.5329231,2172.966622231441,1.3064065355665737,4.2219155E-5,19.494232,0.0031714775,0.17865823,0.010697847,0.037398394,0.01791937,0.06691926,0.0550293,0.6242386,2.7351762E-5,0.007721796,1.2404555E-4,0.88012064,0.016905766,null,null,null,null,"TWOGAUSSIANS",8,0.85366046,0.6242386,2.7351762E-5,0.043242056,6.9465506E-4,0.88012064,0.016905766,0.17865823,0.010697847,0.20943101,0.10034848,0.06691926,0.0550293
375316653866487564,5844793845209422208,0.5189418,2174.4402008469574,3.444038455025221,1.3405446E-5,19.590862,0.014159768,0.27207965,0.0059594624,0.083587214,0.006451206,0.4037397,0.025877247,0.76612896,0.0042142817,0.097813286,0.0072043105,0.3661907,0.018132392,null,null,null,null,"TWOGAUSSIANS",8,2.30872,0.27207965,0.0059594624,0.4,0.0,0.3881394,0.02611485,0.76612896,0.0042142817,0.4,0.0,0.35058883,0.017712083
375316653866487564,5844795906794259712,0.5381645,2137.5775323212592,2.5236763718122437,1.1402898E-5,19.529364,0.009731618,0.22362764,0.0042144284,0.08621484,0.006699874,0.36913753,0.046093777,0.7234161,0.0028036588,0.07851281,0.00483046,0.42336845,0.026538791,null,null,null,null,"TWOGAUSSIANS",8,1.0504435,0.7234161,0.0028036588,0.4,0.0,0.41554314,0.027812378,0.22362764,0.0042144284,0.4,0.0,0.36131218,0.047901127
375316653866487564,5844795975513822976,0.5367257,2160.1810073227557,1.954485299448721,1.7442513E-5,18.512556,0.015636709,0.2991829,0.0041567762,0.09926251,0.0075692846,0.30873927,0.016877893,0.8122145,0.0045312364,0.08652622,0.009863824,0.20477684,0.017053893,null,null,null,null,"TWOGAUSSIANS",8,3.1942415,0.2991829,0.0041567762,0.4,0.0,0.29751495,0.012440918,0.8122145,0.0045299134,0.4,0.0,0.19355479,0.013947102
375316653866487564,5844796044232986624,0.49807924,2171.28570376824,2.725193037497377,1.6699722E-5,19.317852,0.011948239,0.16239946,0.0085961465,0.08749155,0.012718417,0.23861657,0.02207256,0.6560109,0.0033014969,0.08617358,0.005512342,0.27414483,0.012688523,null,null,null,null,"TWOGAUSSIANS",8,2.7706223,0.6560109,0.0033014969,0.4,0.0,0.26686403,0.010379998,0.16239946,0.0085961465,0.4,0.0,0.23133577,0.024033401
375316653866487564,5844796112963508096,0.58253723,2208.23818105097,3.8654970535418336,5.0619033E-6,16.061758,0.0023845078,0.24051441,0.0020928297,0.082786456,0.0027715664,0.12160799,0.0038745734,0.7429173,0.0010248191,0.08259113,0.0023831974,0.10298707,0.0024895226,null,null,null,null,"TWOGAUSSIANS",8,4.3444977,0.24051441,0.0020928297,0.4,0.0,0.11939116,0.0038103631,0.7429173,0.0010248191,0.4,0.0,0.10077024,0.0021759947
375316653866487564,5844796250391584128,0.43073642,2191.6390495144697,0.04233143041540473,1.9536921E-5,18.937836,0.010442094,0.3558983,0.021732565,0.10126911,0.016685616,0.2107101,0.11908619,0.69985676,0.003433117,0.03168443,0.0070273024,0.14746423,0.03631224,null,null,null,null,"TWOGAUSSIANS",8,7.9224854,0.3558983,0.021732565,0.4,0.0,0.21070758,0.11908845,0.69985676,0.003433117,0.17743279,0.039352894,0.14812037,0.03635787
375316653866487564,5844796868877836416,0.5563483,2181.002656809069,2.347365552907857,9.3785775E-6,17.47216,0.020337924,0.27567118,0.004297836,0.045037918,0.018218648,0.07855065,0.047699608,0.7811099,0.017040038,0.042877942,0.04745705,0.06603363,0.03141642,0.091761276,0.023206767,0.27567118,0.004297836,"TWOGAUSSIANS_WITH_ELLIPSOIDAL_ON_ECLIPSE1",9,7.5407376,0.27567118,0.004297836,0.25221235,0.10202442,0.26207304,0.021406004,0.7811099,0.016872937,0.24011648,0.2545364,0.24934179,0.023888307
375316653866487564,5844797384273783552,0.6000952,2214.7291378021723,2.6910069927670204,1.0197948E-5,16.47456,0.03356193,0.24667956,0.0029985467,0.06463778,0.007796886,0.42155257,0.06587919,0.7525846,0.0034094555,0.06068898,0.007817761,0.3399491,0.06483831,0.07928437,0.035430003,0.24667956,0.0029985467,"TWOGAUSSIANS_WITH_ELLIPSOIDAL_ON_ECLIPSE1",9,36.561863,0.24667956,0.0029985467,0.3619716,0.043662563,0.57984096,0.020255085,0.7525846,0.0034094555,0.3398583,0.043779463,0.4980193,0.017986428
375316653866487564,5844797487341884416,0.53388166,2156.6517007541793,3.438961074491887,9.678758E-6,19.15078,0.023952099,0.13753079,0.0038297523,0.08219421,0.008175927,0.34712437,0.020812422,0.6342773,0.00549958,0.08835513,0.012121263,0.37141538,0.021477025,null,null,null,null,"TWOGAUSSIANS",8,3.2872713,0.6342773,0.00549958,0.4,0.0,0.3621742,0.021056078,0.13753079,0.0038297523,0.4,0.0,0.33788326,0.015527037
375316653866487564,5844797757909129600,0.58480316,2201.7801703045175,0.16365651791804475,4.2916694E-5,17.503366,0.0032562157,0.5676243,0.044478122,0.078345664,0.041006945,0.056164842,0.08774455,0.85758454,7.709798E-5,0.0036330686,3.8557846E-5,1.83184,0.050603285,null,null,null,null,"TWOGAUSSIANS",8,5.8048096,0.85758454,7.709798E-5,0.020345183,2.1592394E-4,1.8318995,0.05049718,0.5676243,0.044478122,0.4,0.07886792,0.056164842,0.08774511
375316653866487564,5844798105821186560,0.53541774,2217.6345603420027,2.9856474511523317,1.0596899E-5,19.041203,0.009949804,0.23787469,0.0033947565,0.07255723,0.0046109674,0.4146051,0.014052095,0.7340943,0.0032817922,0.07467333,0.0038938574,0.4849931,0.017220551,null,null,null,null,"TWOGAUSSIANS",8,4.3989544,0.7340943,0.0032817922,0.4,0.0,0.48241857,0.017012747,0.23787469,0.0033947565,0.4,0.0018610851,0.41203058,0.01411384
375316653866487564,5844799411487604480,0.4749788,2183.2338641709152,3.7069860177180547,7.298402E-6,19.231604,0.008408528,0.5028066,0.002566784,0.0656619,0.00354104,0.33762896,0.022774104,0.8389023,0.0063927704,0.0090211965,0.0659905,0.23180282,0.18170391,null,null,null,null,"TWOGAUSSIANS",8,4.3458977,0.5028066,0.002566784,0.36770663,0.019829825,0.33762896,0.0227738,0.8389023,0.0063927704,0.050518703,0.34067962,0.2318035,0.18170932
375316653866487564,5844799548939334656,0.583334,2192.6610464234277,2.563668187837028,9.5516925E-6,18.421537,0.01836704,0.23837246,0.0034543453,0.05173615,0.0065286756,0.29260334,0.04405535,0.73848903,0.0065087564,0.06395679,0.007882441,0.29113233,0.048881516,0.109391175,0.024135796,0.23837246,0.0034543453,"TWOGAUSSIANS_WITH_ELLIPSOIDAL_ON_ECLIPSE1",9,6.6827264,0.23837246,0.0034543453,0.28972244,0.036560584,0.51124454,0.01575299,0.73848903,0.0060401773,0.35815802,0.044141673,0.5097734,0.035877857
375316653866487564,5844801095115416960,0.4523908,2173.109100823137,1.1405570733114883,1.9920259E-5,18.565035,0.010923231,0.13413225,0.023291556,0.09693149,0.024841998,0.08572869,0.018505557,0.5991139,0.0065874145,0.06305495,0.0078073055,0.20100106,0.013195894,null,null,null,null,"TWOGAUSSIANS",8,7.2759943,0.5991139,0.0065874145,0.35310772,0.04372091,0.20014367,0.012691411,0.13413225,0.023291556,0.4,0.0,0.084870405,0.018177671
375316653866487564,5844801610510942848,0.46643212,2163.7635423859742,2.9503802502258485,2.6519027E-5,19.92017,0.019253638,0.2870982,0.008880229,0.0976467,0.015009329,0.2183852,0.018274922,0.8015407,0.0102254115,0.060255744,0.0135416575,0.14310455,0.02124305,null,null,null,null,"TWOGAUSSIANS",8,1.8404411,0.2870982,0.008880229,0.4,0.0,0.21659456,0.017015582,0.8015407,0.0102254115,0.33743218,0.07583328,0.14131506,0.01961689
375316653866487564,5844801713602856704,0.4649858,2161.941884816944,2.809888087371874,2.6478394E-5,19.135595,0.017231379,0.25213242,0.004925025,0.037030037,0.0064110644,0.77757215,0.08599762,0.7619509,0.008034694,0.04498225,0.008418998,0.30554274,0.06980409,null,null,null,null,"TWOGAUSSIANS",8,25.77578,0.25213242,0.004925025,0.20736822,0.03590196,0.77757215,0.08599763,0.7619509,0.008034694,0.2519006,0.047146384,0.30554274,0.069804095
