Gaia/vari_eclipsing_binary/VariEclipsingBinary_691893-692119.csv
# %ECSV 1.0
# ---
# delimiter: ','
# meta: !!omap
# - RELEASE: Gaia DR3
# - TABLE: vari_eclipsing_binary
# - DESCRIPTION: >
#     This table describes the properties of the eclipsing binaries resulting from the variability analysis. 
# - CITATION: >
#     How to cite and acknowledge Gaia: 
#     https://gea.esac.esa.int/archive/documentation/credits.html 
# - KNOWN_ISSUES: >
#     Known issues: 
#     https://www.cosmos.esa.int/web/gaia-users/known-issues 
# - DOCUMENTATION: >
#     Tutorials and documentation: 
#     https://www.cosmos.esa.int/web/gaia-users/archive 
# datatype:
# - 
#   name: solution_id
#   datatype: int64
#   description: Solution Identifier
#   meta:
#     ucd: meta.version
# - 
#   name: source_id
#   datatype: int64
#   description: Unique source identifier
#   meta:
#     ucd: meta.id;meta.main
# - 
#   name: global_ranking
#   datatype: float32
#   description: Number between 0 (worst) and 1 (best)
#   meta:
#     ucd: stat.param
# - 
#   name: reference_time
#   datatype: float64
#   unit: d
#   description: Reference time used for the geometric model fit
#   meta:
#     ucd: time.epoch
# - 
#   name: frequency
#   datatype: float64
#   unit: d**-1
#   description: Frequency of geometric model of the eclipsing binary light curve
#   meta:
#     ucd: src.orbital
# - 
#   name: frequency_error
#   datatype: float32
#   unit: d**-1
#   description: "Uncertainty of \\texttt{frequency}"
#   meta:
#     ucd: stat.error
# - 
#   name: geom_model_reference_level
#   datatype: float32
#   unit: mag
#   description: Magnitude reference level of geometric model
#   meta:
#     ucd: phot.mag;em.opt
# - 
#   name: geom_model_reference_level_error
#   datatype: float32
#   unit: mag
#   description: "Uncertainty of \\texttt{geomModelReferenceLevel}"
#   meta:
#     ucd: stat.error;phot.mag;em.opt
# - 
#   name: geom_model_gaussian1_phase
#   datatype: float32
#   description: Phase of the Gaussian 1 component
#   meta:
#     ucd: time.phase
# - 
#   name: geom_model_gaussian1_phase_error
#   datatype: float32
#   description: "Uncertainty of \\texttt{geomModelGaussian1Phase}"
#   meta:
#     ucd: stat.error;time.phase
# - 
#   name: geom_model_gaussian1_sigma
#   datatype: float32
#   description: "Standard deviation [phase] of Gaussian 1 component"
#   meta:
#     ucd: stat.stdev
# - 
#   name: geom_model_gaussian1_sigma_error
#   datatype: float32
#   description: "Uncertainty of \\texttt{geomModelGaussian1Sigma}"
#   meta:
#     ucd: stat.error
# - 
#   name: geom_model_gaussian1_depth
#   datatype: float32
#   unit: mag
#   description: Magnitude depth of Gaussian 1 component
#   meta:
#     ucd: src.var.amplitude
# - 
#   name: geom_model_gaussian1_depth_error
#   datatype: float32
#   unit: mag
#   description: "Uncertainty of \\texttt{geomModelGaussian1Depth}"
#   meta:
#     ucd: stat.error;src.var.amplitude
# - 
#   name: geom_model_gaussian2_phase
#   datatype: float32
#   description: Phase of Gaussian 2 component
#   meta:
#     ucd: time.phase
# - 
#   name: geom_model_gaussian2_phase_error
#   datatype: float32
#   description: "Uncertainty of \\texttt{geomModelGaussian2Phase}"
#   meta:
#     ucd: stat.error;time.phase
# - 
#   name: geom_model_gaussian2_sigma
#   datatype: float32
[...]
#   datatype: float32
#   description: "Secondary eclipse: uncertainty of \\texttt{derivedSecondaryEclDuration}"
#   meta:
#     ucd: stat.error;time.duration
# - 
#   name: derived_secondary_ecl_depth
#   datatype: float32
#   unit: mag
#   description: "Secondary eclipse: depth"
#   meta:
#     ucd: src.var.amplitude
# - 
#   name: derived_secondary_ecl_depth_error
#   datatype: float32
#   unit: mag
#   description: "Secondary eclipse: uncertainty of \\texttt{derivedSecondaryEclDepth}"
#   meta:
#     ucd: stat.error;src.var.amplitude
solution_id,source_id,global_ranking,reference_time,frequency,frequency_error,geom_model_reference_level,geom_model_reference_level_error,geom_model_gaussian1_phase,geom_model_gaussian1_phase_error,geom_model_gaussian1_sigma,geom_model_gaussian1_sigma_error,geom_model_gaussian1_depth,geom_model_gaussian1_depth_error,geom_model_gaussian2_phase,geom_model_gaussian2_phase_error,geom_model_gaussian2_sigma,geom_model_gaussian2_sigma_error,geom_model_gaussian2_depth,geom_model_gaussian2_depth_error,geom_model_cosine_half_period_amplitude,geom_model_cosine_half_period_amplitude_error,geom_model_cosine_half_period_phase,geom_model_cosine_half_period_phase_error,model_type,num_model_parameters,reduced_chi2,derived_primary_ecl_phase,derived_primary_ecl_phase_error,derived_primary_ecl_duration,derived_primary_ecl_duration_error,derived_primary_ecl_depth,derived_primary_ecl_depth_error,derived_secondary_ecl_phase,derived_secondary_ecl_phase_error,derived_secondary_ecl_duration,derived_secondary_ecl_duration_error,derived_secondary_ecl_depth,derived_secondary_ecl_depth_error
[from data line 253]
375316653866487564,6086924481936218368,0.56352115,2291.3160983297644,2.465725749946132,2.2281962E-5,15.377996,0.014838133,0.23631795,0.0040351925,0.04879604,0.008139657,0.29749736,0.045689575,0.7314436,0.0101131,0.025093721,0.01767857,0.6722579,0.5810794,0.12098571,0.022587076,0.23631795,0.0040351925,"TWOGAUSSIANS_WITH_ELLIPSOIDAL_ON_ECLIPSE1",9,236.87842,0.7315336,0.0100171305,0.14052483,0.09899999,0.9140055,0.61078537,0.23631795,0.0040351925,0.27325782,0.04558208,0.53946793,0.041515894
375316653866487564,6086928600803171584,0.47842148,2258.6088197222443,3.853024830104824,5.813947E-5,17.684351,0.10761245,0.26843458,0.030019654,0.10857282,0.059240334,0.099371806,0.099709,0.74387705,0.013171008,0.11359799,0.06727422,0.15816724,0.09993398,null,null,null,null,"TWOGAUSSIANS",8,12.476854,0.74387705,0.013171008,0.4,0.0,0.14272967,0.01650835,0.2685246,0.029162098,0.4,0.0,0.08395516,0.019684354
375316653866487564,6086945510095680384,0.48332486,2272.004587571211,2.457962864381163,3.2289514E-5,17.26267,0.13016452,0.372532,0.024020055,0.13291451,0.058344897,0.42281273,0.097667284,0.846688,0.009467545,0.08924269,0.04376217,0.26871386,0.10143714,null,null,null,null,"TWOGAUSSIANS",8,65.64585,0.372532,0.02402002,0.4,0.0,0.38083342,0.058979567,0.846688,0.009467545,0.4,0.061132435,0.22763208,0.03763151
375316653866487564,6086945613174891648,0.69265616,2250.5389858600493,0.19294962575970015,1.5663794E-4,16.545692,0.002124116,0.30704132,0.017279392,0.03594083,0.007063607,0.07889929,0.020109195,0.6977196,0.06457373,0.028310053,0.022650275,0.573999,0.5222597,null,null,null,null,"TWOGAUSSIANS",8,3.919736,0.6977196,0.06457373,0.1585363,0.12684153,0.573999,0.5222597,0.30704132,0.017279392,0.20126864,0.0395562,0.07889929,0.020109195
375316653866487564,6086949633264157696,0.63974935,2293.4861806783956,3.335810844504223,1.419641E-5,17.788189,0.0086500775,0.24521028,0.002338051,0.08831443,0.003537159,0.44007972,0.0070060235,0.74529713,0.0045266356,0.095083125,0.00394539,0.42936105,0.013975744,null,null,null,null,"TWOGAUSSIANS",8,3.1911247,0.24521028,0.002338051,0.4,0.0,0.41898987,0.003896916,0.74529713,0.0045266356,0.4,0.0,0.40827045,0.010359786
375316653866487564,6086957673443168000,0.507915,2293.626867047098,1.7423921836100924,3.2647808E-5,16.730421,0.0030976664,0.17571251,0.012256404,0.040729366,0.0073286197,0.14613655,0.03494526,0.65752417,0.0072049364,0.05908453,0.0069971136,0.09675633,0.0063704466,null,null,null,null,"TWOGAUSSIANS",8,4.91944,0.17571251,0.012256404,0.22808444,0.04104027,0.14613624,0.034945305,0.65752417,0.0072049364,0.33087337,0.039183836,0.09675602,0.006370483
375316653866487564,6086958704229470208,0.6152594,2288.3652321176924,1.3761670106127222,5.438583E-6,17.66691,0.007442973,0.8527875,0.004778598,0.0392655,0.0037885376,0.50249743,0.022491876,null,null,null,null,null,null,0.028834933,0.013170113,0.8527875,0.004778598,"ONEGAUSSIAN_WITH_ELLIPSOIDAL",6,6.106437,0.8527875,0.004778598,0.2198868,0.02121581,0.56016725,0.013569686,null,null,null,null,null,null
375316653866487564,6086965022128856320,0.44766822,2259.4234753815394,1.3776001670037255,1.7170318E-5,17.88359,0.019196587,0.2244489,0.003804759,0.024703652,0.006378788,1.3365713,1.3828465,0.6682018,0.048211787,0.055595335,0.09712004,0.20472358,0.06815501,null,null,null,null,"TWOGAUSSIANS",8,48.59741,0.2244489,0.0038014285,0.13834044,0.035721213,1.3365713,1.3826348,0.6682018,0.048211787,0.3113339,0.112712875,0.20472358,0.06899228
375316653866487564,6086965640604138112,0.49321797,2299.6053040284573,4.158623043759141,4.9479782E-5,18.624405,0.024353076,0.16179676,0.013622966,0.08457343,0.026245873,0.17231284,0.035624273,0.65894353,0.008364458,0.08439217,0.013233683,0.24032366,0.023879554,null,null,null,null,"TWOGAUSSIANS",8,3.7239964,0.65894353,0.008364458,0.4,0.0,0.23547621,0.017541887,0.16179676,0.013622966,0.4,0.009901713,0.16746539,0.037850462
375316653866487564,6086966018561302912,0.53228843,2266.8472357847445,4.149550916349464,2.6485704E-5,17.980114,0.020255415,0.20876168,0.0029435307,0.08804264,0.0075746663,0.45437166,0.016468702,0.7232,0.007440795,0.07649611,0.0071047703,0.4876279,0.02758448,null,null,null,null,"TWOGAUSSIANS",8,15.074698,0.7232,0.007440795,0.4,0.0,0.48056903,0.024398247,0.20876168,0.0029435307,0.4,0.0,0.44731268,0.013850292
375316653866487564,6086967633467598208,0.48928642,2297.8369548580367,4.017177608163216,2.767364E-5,19.263264,0.023917858,0.2603666,0.0070048245,0.094838195,0.014108053,0.24395053,0.03137025,0.73420763,0.013069863,0.0884061,0.015674006,0.26522958,0.029715793,null,null,null,null,"TWOGAUSSIANS",8,2.6463075,0.73420763,0.013069863,0.4,0.0,0.2570061,0.02235805,0.2603666,0.0070048245,0.4,0.0,0.23572622,0.030495737
375316653866487564,6086968428041820800,0.6529489,2289.5455018448865,0.5515119142960935,6.266935E-6,15.867728,0.00443817,0.31226778,0.0016439446,0.024782525,0.0015617558,1.0835147,0.050349712,null,null,null,null,null,null,0.017507039,0.0072992677,0.31226778,0.0016439446,"ONEGAUSSIAN_WITH_ELLIPSOIDAL",6,45.254364,0.31226778,0.0016439446,0.13878214,0.008745832,1.1185286,0.05227862,null,null,null,null,null,null
375316653866487564,6086968737279464576,0.5258647,2303.87505842671,2.367692094728431,1.679361E-5,14.244797,0.078467496,0.20566905,0.0037197107,0.22005488,0.022212256,0.53177935,0.074777015,0.70802385,0.0035209092,0.16477163,0.015296645,0.45436597,0.068148226,null,null,null,null,"TWOGAUSSIANS",8,50.082844,0.20487905,0.004084829,0.4,0.0,0.12042294,0.005169554,0.70968384,0.003877249,0.4,0.0,0.11438107,0.0057529025
375316653866487564,6086975677945809152,0.69838536,2260.654618077284,3.0994112107067355,4.084377E-6,16.319487,0.012759243,0.23932599,8.770353E-4,0.056012023,0.0028194638,0.38694313,0.024113657,0.73917747,0.0020809355,0.050083663,0.0036836457,0.36565992,0.023203714,0.084515095,0.013413296,0.23932599,8.770353E-4,"TWOGAUSSIANS_WITH_ELLIPSOIDAL_ON_ECLIPSE1",9,6.1371255,0.23932599,8.770353E-4,0.31366733,0.015788997,0.5559537,0.004765507,0.7391875,0.0020426887,0.28046852,0.020628417,0.5346703,0.011657751
375316653866487564,6086990521352508416,0.5710788,2274.649994638055,0.9175490541631429,9.318152E-6,16.068743,0.0025168322,0.21075968,0.006550533,0.03622484,0.007825143,0.06817477,0.006992743,0.7104087,0.0030042718,0.031494632,0.0033269133,0.39616644,0.11544969,0.012972371,0.003825578,0.21075968,0.006550533,"TWOGAUSSIANS_WITH_ELLIPSOIDAL_ON_ECLIPSE1",9,7.3567615,0.7104087,0.0030013763,0.17636995,0.018630715,0.422111,0.11752494,0.21075968,0.006550533,0.2028591,0.043820802,0.094119474,0.0058711004
375316653866487564,6086997354642196480,0.4491499,2280.5984276365134,0.024312769412120117,5.0426264E-5,19.66707,0.04825675,0.37621263,0.014324963,0.16969195,0.039947387,0.28491452,0.045172732,0.8330792,0.008892933,0.056385357,0.017327286,0.16799694,0.069674626,null,null,null,null,"TWOGAUSSIANS",8,3.2486837,0.37621263,0.014324963,0.4,0.0,0.26011938,0.03502024,0.8330792,0.008892933,0.31575802,0.09703281,0.1524985,0.07607556
375316653866487564,6086999072629084416,0.5250349,2282.956398289339,2.2318270787596606,1.0481441E-4,19.83272,0.0063426397,0.29727793,0.0061252555,0.061396446,0.0053660474,0.5273457,0.17272101,0.65277165,0.010912148,0.11280574,0.025106538,0.08896767,0.0155600235,null,null,null,null,"TWOGAUSSIANS",8,1.129906,0.2973979,0.006093765,0.3438201,0.030049866,0.5276436,0.17281464,0.65277165,0.010912148,0.4,0.0,0.08864403,0.016097642
375316653866487564,6087004776344105600,0.5279804,2251.0698226805457,2.6008489284875096,4.7975293E-5,18.325478,0.018649975,0.2318529,0.006095134,0.085252814,0.009993799,0.30478838,0.01576629,0.7465565,0.008106697,0.08032235,0.01358161,0.3267982,0.030055497,null,null,null,null,"TWOGAUSSIANS",8,8.032046,0.7465565,0.008106697,0.4,0.0,0.32177335,0.03131477,0.2318529,0.006095134,0.4,0.0,0.29976353,0.01178112
375316653866487564,6087006769208879872,0.5713873,2270.28157470573,1.1443020836321882,2.109633E-5,17.168804,0.010311385,0.22286937,0.005053771,0.08289958,0.010615614,0.1464647,0.013628244,0.7194075,0.01110493,0.077446945,0.011676697,0.2658524,0.016697675,null,null,null,null,"TWOGAUSSIANS",8,5.4402604,0.7194075,0.01110493,0.4,0.0,0.26304626,0.014824467,0.22286937,0.005053771,0.4,0.0,0.14365858,0.014257124
375316653866487564,6087023399324533504,0.48372766,2255.4766653388,0.0317495614623618,1.8372404E-5,17.849619,0.2550324,0.15241262,0.021377336,0.091350175,0.016174654,0.11473108,0.038588353,0.59242064,0.01355034,0.26435506,0.12769957,0.34437948,0.23029399,null,null,null,null,"TWOGAUSSIANS",8,1.5769103,0.59242064,0.01355034,0.4,0.0,0.18461335,0.045334797,0.17934263,0.01213012,0.4,0.0,0.0804187,0.0041915337
375316653866487564,6087025430847415808,0.4716214,2274.329889431407,0.06801298386292332,8.2821665E-5,15.936551,0.0026737538,0.19560482,0.0084327515,0.044251997,0.0150217125,0.12916061,0.055585656,0.6964783,0.005040685,0.018101227,0.017227776,0.18488237,0.112519436,null,null,null,null,"TWOGAUSSIANS",8,7.6854544,0.6964783,0.005040685,0.10136687,0.09647555,0.18488237,0.112519436,0.19560482,0.0084327515,0.2478112,0.08412159,0.12916061,0.055585656
375316653866487564,6087030309930338944,0.6178916,2315.555819635537,1.3209902798486657,8.780859E-6,14.424068,0.0075326636,0.25162694,0.007701623,0.1000478,0.0092484,0.13865015,0.009678588,0.7495347,0.0017793746,0.09485158,0.0050885947,0.14805987,0.0069581275,null,null,null,null,"TWOGAUSSIANS",8,13.06814,0.7495347,0.0017793746,0.4,0.0,0.13769889,0.0034978427,0.25162694,0.007701623,0.4,0.0,0.12828839,0.0063900608
375316653866487564,6087031336424304128,0.55199105,2269.556265654108,3.771282969827855,1.922282E-5,17.913965,0.041787036,0.27510795,0.0062876847,0.10588195,0.021608047,0.25090197,0.03728027,0.7768721,0.0029029367,0.105239145,0.013827679,0.2738934,0.039272506,null,null,null,null,"TWOGAUSSIANS",8,4.6112843,0.7768721,0.002907856,0.4,0.0,0.24279389,0.009967871,0.27510795,0.006289654,0.4,0.0,0.21980213,0.0113750985
375316653866487564,6087037040140980352,0.47683197,2192.2355506751005,0.48930261788231877,4.9218783E-5,18.686028,0.05795154,0.36862886,0.011205662,0.1783876,0.04213412,0.2725673,0.053472336,0.8564248,0.040696546,0.04653596,0.055790924,0.17309761,1.30376735E10,null,null,null,null,"TWOGAUSSIANS",8,3.9606588,0.36862886,0.011205662,0.4,0.0,0.24130455,0.030600153,0.8564248,0.040696546,0.2606014,0.31242916,0.15273607,1.30376735E10
375316653866487564,6087037452453687168,0.64231807,2274.0036298689156,3.3317879488273983,1.048485E-5,17.636715,0.023695953,0.3132667,0.0037378243,0.06560212,0.0054428433,0.52632576,0.050066765,0.80852455,0.008195109,0.05146982,0.008209628,0.3475134,0.050456088,0.08373879,0.026684694,0.3132667,0.0037378243,"TWOGAUSSIANS_WITH_ELLIPSOIDAL_ON_ECLIPSE1",9,10.56162,0.3132667,0.0037378243,0.36737186,0.030479923,0.6934473,0.009963716,0.80895454,0.007585363,0.288231,0.045973916,0.5144999,0.015510221
375316653866487564,6087049787600776448,0.4781325,2268.876916679409,1.7592135425471682,2.2249204E-5,15.045866,0.0018067741,null,null,null,null,null,null,null,null,null,null,null,null,0.030778611,0.0031651743,0.3101901,0.005792847,"ELLIPSOIDAL",4,31.242601,null,null,null,null,null,null,null,null,null,null,null,null
375316653866487564,6087051853485751424,0.45699874,2216.077918249819,3.6715564761572854,2.8612458E-5,14.432985,0.006642402,null,null,null,null,null,null,null,null,null,null,null,null,0.06804547,0.011693167,0.26018736,0.008759895,"ELLIPSOIDAL",4,580.9777,null,null,null,null,null,null,null,null,null,null,null,null
375316653866487564,6087052192782663040,0.510036,2247.3906116486182,3.97189082380848,1.12571E-5,18.624151,0.018032668,0.21751764,0.0030029945,0.09125853,0.012730645,0.22745419,0.018357353,0.71826327,0.0050015966,0.08674881,0.0102393795,0.24952303,0.02293532,null,null,null,null,"TWOGAUSSIANS",8,3.4187799,0.71826327,0.0050015966,0.4,0.0,0.24042669,0.021361241,0.21751764,0.0030029945,0.4,0.0,0.21835774,0.019706225
375316653866487564,6087052849918177280,0.57406086,2250.89310934539,2.4886343736190253,1.1108729E-5,16.480247,0.019426806,0.22482602,0.011155983,0.077763095,0.01298141,0.32474482,0.030901305,0.7513995,0.0043357727,0.08862887,0.0070923367,0.3571041,0.022345414,null,null,null,null,"TWOGAUSSIANS",8,25.068972,0.7513995,0.0043357727,0.4,0.0,0.35254508,0.018025354,0.22482602,0.011155983,0.4,0.0,0.32018605,0.025377814
375316653866487564,6087053296594809984,0.4945127,2265.9447569139616,3.5849805332365796,8.212339E-5,13.4016905,0.034570638,0.24010666,0.012045463,0.110532865,0.028273167,0.21032563,0.042166222,0.7224941,0.0055760234,0.095260054,0.012449561,0.23003268,0.034323342,null,null,null,null,"TWOGAUSSIANS",8,765.8795,0.7224941,0.0055760234,0.4,0.0,0.21158354,0.015446507,0.24010666,0.012052862,0.4,0.0,0.19185816,0.043629073
375316653866487564,6087056556471835008,0.59117234,2260.859655349563,3.4424915131376324,8.527E-6,18.734571,0.01652796,0.2848707,0.004130825,0.06517034,0.00795231,0.5482883,0.037655566,0.780017,0.0015312075,0.06558148,0.0028134673,0.73476875,0.022356397,null,null,null,null,"TWOGAUSSIANS",8,4.090176,0.780017,0.0015312075,0.36725628,0.015755417,0.73403394,0.022263704,0.2848707,0.004130825,0.3649539,0.04453294,0.54755354,0.03816216
375316653866487564,6087058759791648384,0.5221539,2232.648893282629,0.06683484298900097,8.524682E-5,19.671648,0.018474687,0.22697486,0.035297815,0.048873905,0.024552308,0.87565535,0.6300242,0.72564125,0.015760658,0.07895941,0.01665724,0.15035081,0.024939986,null,null,null,null,"TWOGAUSSIANS",8,3.56058,0.22697486,0.035297815,0.2736939,0.13749292,0.8754033,0.630929,0.72564125,0.015760658,0.4,0.015312922,0.15009873,0.024653045
375316653866487564,6087058824214654336,0.57057524,2266.058895236337,2.5275878919257413,1.03520515E-5,16.649458,0.009386889,0.29889548,0.0045233425,0.08994491,0.005313477,0.33986568,0.017879967,0.78979653,0.0037009502,0.08283993,0.004500334,0.36437094,0.012694205,null,null,null,null,"TWOGAUSSIANS",8,21.779047,0.78979653,0.0037009502,0.4,0.0,0.35522628,0.012063542,0.29889548,0.0045233425,0.4,0.0,0.33072087,0.018078933
375316653866487564,6087059167811936000,0.539132,2266.3115820418084,3.9029251884296348,2.0803664E-5,19.268587,0.007247143,0.31453782,0.008436845,0.061979048,0.007650633,0.32268816,0.020540042,0.8094843,0.004060585,0.06797185,0.004484516,0.27952045,0.0108547285,null,null,null,null,"TWOGAUSSIANS",8,1.6502708,0.31453782,0.008436845,0.34708267,0.042843547,0.3223743,0.020533279,0.8094843,0.004060585,0.38064232,0.025113292,0.27920663,0.010849568
375316653866487564,6087060134182515584,0.48788708,2271.7821149926745,3.265205965809187,3.4321314E-5,14.500452,0.012414113,0.27254972,0.006747953,0.07685505,0.017365944,0.09171462,0.012431646,0.76156384,0.0074943085,0.097582676,0.016166832,0.11211653,0.011383181,null,null,null,null,"TWOGAUSSIANS",8,113.668915,0.76156384,0.0074943085,0.4,0.0,0.10932487,0.00836433,0.27254972,0.006747953,0.4,0.021155337,0.088923484,0.012718237
375316653866487564,6087070815760637952,0.7324864,2285.6015191485994,1.350169030173059,3.7789962E-6,11.779971,0.0043142936,0.33212653,7.3883386E-4,0.044854943,8.6090155E-4,0.6960908,0.00886494,0.8332884,0.0032837319,0.046807732,0.0038651326,0.0943145,0.010116265,0.04871515,0.0055854656,0.33212653,7.3883386E-4,"TWOGAUSSIANS_WITH_ELLIPSOIDAL_ON_ECLIPSE1",9,41.023533,0.33212653,7.3883386E-4,0.25118768,0.0048210486,0.7935209,0.0045651407,0.8332884,0.0031424894,0.26212332,0.021644741,0.19173941,0.0036166937
375316653866487564,6087093085172074752,0.6646142,2283.770720982594,1.7265690630123893,5.3739345E-6,14.465655,0.005019174,0.30307814,0.0032839393,0.053313088,0.0027820698,0.43878257,0.03531375,0.82880753,0.011895466,0.036385857,0.021064896,0.05918087,0.04504834,0.05053249,0.006085333,0.30307814,0.0032839393,"TWOGAUSSIANS_WITH_ELLIPSOIDAL_ON_ECLIPSE1",9,11.173274,0.30307814,0.0032839393,0.2985533,0.0155795915,0.5398402,0.035229918,0.82880753,0.011895466,0.2037608,0.11796342,0.15762012,0.050111342
