Gaia/vari_eclipsing_binary/VariEclipsingBinary_768296-768422.csv
# %ECSV 1.0
# ---
# delimiter: ','
# meta: !!omap
# - RELEASE: Gaia DR3
# - TABLE: vari_eclipsing_binary
# - DESCRIPTION: >
#     This table describes the properties of the eclipsing binaries resulting from the variability analysis. 
# - CITATION: >
#     How to cite and acknowledge Gaia: 
#     https://gea.esac.esa.int/archive/documentation/credits.html 
# - KNOWN_ISSUES: >
#     Known issues: 
#     https://www.cosmos.esa.int/web/gaia-users/known-issues 
# - DOCUMENTATION: >
#     Tutorials and documentation: 
#     https://www.cosmos.esa.int/web/gaia-users/archive 
# datatype:
# - 
#   name: solution_id
#   datatype: int64
#   description: Solution Identifier
#   meta:
#     ucd: meta.version
# - 
#   name: source_id
#   datatype: int64
#   description: Unique source identifier
#   meta:
#     ucd: meta.id;meta.main
# - 
#   name: global_ranking
#   datatype: float32
#   description: Number between 0 (worst) and 1 (best)
#   meta:
#     ucd: stat.param
# - 
#   name: reference_time
#   datatype: float64
#   unit: d
#   description: Reference time used for the geometric model fit
#   meta:
#     ucd: time.epoch
# - 
#   name: frequency
#   datatype: float64
#   unit: d**-1
#   description: Frequency of geometric model of the eclipsing binary light curve
#   meta:
#     ucd: src.orbital
# - 
#   name: frequency_error
#   datatype: float32
#   unit: d**-1
#   description: "Uncertainty of \\texttt{frequency}"
#   meta:
#     ucd: stat.error
# - 
#   name: geom_model_reference_level
#   datatype: float32
#   unit: mag
#   description: Magnitude reference level of geometric model
#   meta:
#     ucd: phot.mag;em.opt
# - 
#   name: geom_model_reference_level_error
#   datatype: float32
#   unit: mag
#   description: "Uncertainty of \\texttt{geomModelReferenceLevel}"
#   meta:
#     ucd: stat.error;phot.mag;em.opt
# - 
#   name: geom_model_gaussian1_phase
#   datatype: float32
#   description: Phase of the Gaussian 1 component
#   meta:
#     ucd: time.phase
# - 
#   name: geom_model_gaussian1_phase_error
#   datatype: float32
#   description: "Uncertainty of \\texttt{geomModelGaussian1Phase}"
#   meta:
#     ucd: stat.error;time.phase
# - 
#   name: geom_model_gaussian1_sigma
#   datatype: float32
#   description: "Standard deviation [phase] of Gaussian 1 component"
#   meta:
#     ucd: stat.stdev
# - 
#   name: geom_model_gaussian1_sigma_error
#   datatype: float32
#   description: "Uncertainty of \\texttt{geomModelGaussian1Sigma}"
#   meta:
#     ucd: stat.error
# - 
#   name: geom_model_gaussian1_depth
#   datatype: float32
#   unit: mag
#   description: Magnitude depth of Gaussian 1 component
#   meta:
#     ucd: src.var.amplitude
# - 
#   name: geom_model_gaussian1_depth_error
#   datatype: float32
#   unit: mag
#   description: "Uncertainty of \\texttt{geomModelGaussian1Depth}"
#   meta:
#     ucd: stat.error;src.var.amplitude
# - 
#   name: geom_model_gaussian2_phase
#   datatype: float32
#   description: Phase of Gaussian 2 component
#   meta:
#     ucd: time.phase
# - 
#   name: geom_model_gaussian2_phase_error
#   datatype: float32
#   description: "Uncertainty of \\texttt{geomModelGaussian2Phase}"
#   meta:
#     ucd: stat.error;time.phase
# - 
#   name: geom_model_gaussian2_sigma
#   datatype: float32
[...]
#   datatype: float32
#   description: "Secondary eclipse: uncertainty of \\texttt{derivedSecondaryEclDuration}"
#   meta:
#     ucd: stat.error;time.duration
# - 
#   name: derived_secondary_ecl_depth
#   datatype: float32
#   unit: mag
#   description: "Secondary eclipse: depth"
#   meta:
#     ucd: src.var.amplitude
# - 
#   name: derived_secondary_ecl_depth_error
#   datatype: float32
#   unit: mag
#   description: "Secondary eclipse: uncertainty of \\texttt{derivedSecondaryEclDepth}"
#   meta:
#     ucd: stat.error;src.var.amplitude
solution_id,source_id,global_ranking,reference_time,frequency,frequency_error,geom_model_reference_level,geom_model_reference_level_error,geom_model_gaussian1_phase,geom_model_gaussian1_phase_error,geom_model_gaussian1_sigma,geom_model_gaussian1_sigma_error,geom_model_gaussian1_depth,geom_model_gaussian1_depth_error,geom_model_gaussian2_phase,geom_model_gaussian2_phase_error,geom_model_gaussian2_sigma,geom_model_gaussian2_sigma_error,geom_model_gaussian2_depth,geom_model_gaussian2_depth_error,geom_model_cosine_half_period_amplitude,geom_model_cosine_half_period_amplitude_error,geom_model_cosine_half_period_phase,geom_model_cosine_half_period_phase_error,model_type,num_model_parameters,reduced_chi2,derived_primary_ecl_phase,derived_primary_ecl_phase_error,derived_primary_ecl_duration,derived_primary_ecl_duration_error,derived_primary_ecl_depth,derived_primary_ecl_depth_error,derived_secondary_ecl_phase,derived_secondary_ecl_phase_error,derived_secondary_ecl_duration,derived_secondary_ecl_duration_error,derived_secondary_ecl_depth,derived_secondary_ecl_depth_error
[from data line 264]
375316653866487564,6758803597780242816,0.5164775,2237.1663401620663,1.879731245745442,1.1574597E-5,17.602886,0.00487294,0.17240797,0.0024637943,0.019135958,0.0013936841,0.32165843,0.01906937,0.48136127,0.011709806,0.0352072,0.013920274,0.042148415,0.022349726,null,null,null,null,"TWOGAUSSIANS",8,9.477419,0.17240797,0.0024637943,0.10716136,0.007804631,0.32165843,0.01906937,0.48136127,0.011709806,0.19716033,0.07795353,0.042148415,0.022349726
375316653866487564,6758805010819486336,0.5138211,2267.127811104547,3.735132211300678,2.6255839E-5,18.834435,0.027352484,0.3528065,0.008942341,0.07372477,0.012140718,0.5168266,0.09188109,0.8450534,0.009441187,0.07315614,0.013259661,0.4390963,0.1590394,null,null,null,null,"TWOGAUSSIANS",8,12.314277,0.3528065,0.008942341,0.4,0.009980141,0.5144053,0.09299735,0.8450534,0.009441187,0.4,0.02775166,0.436675,0.16107309
375316653866487564,6758808408144060544,0.44808316,2167.1003589362185,0.07565314090852777,2.4901967E-5,17.98441,0.00465288,null,null,null,null,null,null,null,null,null,null,null,null,0.04316622,0.009362993,0.26311243,0.010855291,"ELLIPSOIDAL",4,4.504476,null,null,null,null,null,null,null,null,null,null,null,null
375316653866487564,6758810435368849408,0.49513397,2295.949019320115,0.2237515242890037,6.515456E-5,17.747541,0.066911764,0.21499966,0.027145993,0.077071026,0.06611521,0.1317763,0.055700894,0.73674256,0.021645162,0.10474502,0.047037367,0.11111625,0.06584791,null,null,null,null,"TWOGAUSSIANS",8,2.8233457,0.21498966,0.02718935,0.4,0.017670427,0.12794869,0.056249175,0.73674256,0.021645162,0.4,0.0,0.10728488,0.023065288
375316653866487564,6758811023784277248,0.46915933,2295.8958973469717,4.4265749730201875,3.2961983E-5,15.057887,0.0034541823,0.43293396,0.017671755,0.07569912,0.014984157,0.06263904,0.018387124,0.8579238,0.006710672,0.026502704,0.0054255496,0.1331313,0.06765437,null,null,null,null,"TWOGAUSSIANS",8,12.48593,0.8579238,0.006710672,0.14841515,0.030383077,0.1331313,0.06765439,0.43293396,0.017671755,0.4,0.025660288,0.06263903,0.018387154
375316653866487564,6758812329454247808,0.5671137,2205.1978872530544,0.483109376839943,5.9037524E-5,18.403635,0.003355103,0.31347847,2.6872951E-5,0.015222013,0.0014620511,0.7790698,0.18450321,0.82063353,0.00320089,0.031320304,0.004151631,0.25516933,0.030092629,null,null,null,null,"TWOGAUSSIANS",8,2.5117645,0.31347847,2.6872951E-5,0.08524328,0.008187486,0.7790698,0.18450321,0.82063353,0.00320089,0.1753937,0.023249134,0.25516933,0.030092629
375316653866487564,6758814283658381568,0.52725106,2267.3399865061897,0.46191389952785417,2.1295395E-5,12.478497,7.0864795E-4,0.19856872,0.08103782,0.054148007,0.05686259,0.012501759,16.416224,0.6501202,0.0055869394,0.050974753,0.0024861882,0.07756463,0.0027928704,null,null,null,null,"TWOGAUSSIANS",8,24.223656,0.6501202,0.0055869394,0.28545862,0.013922654,0.07756455,0.0027929188,0.19856872,0.08103782,0.30322883,0.31843048,0.012501687,16.416224
375316653866487564,6758816826279837952,0.4573216,2315.7032308559574,3.5396704862051105,4.510818E-5,17.147146,0.0042797336,null,null,null,null,null,null,null,null,null,null,null,null,0.05619173,0.00629538,0.32858488,0.008210978,"ELLIPSOIDAL",4,17.864477,null,null,null,null,null,null,null,null,null,null,null,null
375316653866487564,6758816929359084800,0.46645847,2296.780110645755,0.6600115252949542,3.8991515E-5,18.13378,0.01661588,0.27649042,0.01395047,0.10129147,0.012370491,0.14306985,0.025277609,0.66830045,0.016667452,0.059153058,0.073602594,0.04156931,0.018024601,null,null,null,null,"TWOGAUSSIANS",8,2.1278472,0.27649042,0.013857058,0.4,0.0,0.14293757,0.021722486,0.66830045,0.016667452,0.33125713,0.18642682,0.041517664,0.018142836
375316653866487564,6758824767670535296,0.54442054,2152.9063207024396,3.3923917089576214,3.8021655E-5,19.268475,0.04478196,0.23726529,0.0063450374,0.10207124,0.01601331,0.4040183,0.0436859,0.7213912,0.025873784,0.080135606,0.038274247,0.43021536,0.26801956,null,null,null,null,"TWOGAUSSIANS",8,4.1141753,0.7213912,0.025873784,0.4,0.15268117,0.415262,0.27856517,0.23726529,0.0063450374,0.4,0.0,0.38905856,0.02329821
375316653866487564,6758827958835938560,0.51681286,2177.282120199344,3.540442267523895,1.9921099E-5,15.244784,1.8218595,0.22586288,0.026500406,0.1389207,0.036663476,0.7045212,0.52613276,0.70632327,0.011943823,0.30741453,0.20506974,1.855949,1.7666794,null,null,null,null,"TWOGAUSSIANS",8,57.569157,0.70632327,0.011943823,0.4,0.0,0.3856191,0.03330568,0.24329288,0.011224644,0.4,0.0,0.20819166,0.026400564
375316653866487564,6758829127067149952,0.543645,2198.4929490511504,0.5964590228973555,1.639925E-5,17.590586,0.04949469,0.28062034,0.005887906,0.11395156,0.044026133,0.10243993,0.042962406,0.69671124,0.076044336,0.058757644,0.055843696,0.074295305,0.091618545,null,null,null,null,"TWOGAUSSIANS",8,0.8743736,0.28062034,0.005878747,0.4,0.0,0.10186593,0.011809719,0.69671124,0.076044336,0.32904282,0.10067652,0.073851876,0.040696282
375316653866487564,6758831978925110528,0.58764136,2296.7056335579296,3.658345531237203,8.503269E-6,18.61075,0.01013092,0.18622553,0.003042022,0.07023293,0.0038415825,0.4354689,0.019233499,0.6892844,5.3285714E-4,0.05772728,0.0019978127,0.51148665,0.010640269,null,null,null,null,"TWOGAUSSIANS",8,2.7357593,0.6892844,5.3285714E-4,0.3232728,0.011187751,0.51107657,0.010542107,0.18622553,0.003042022,0.3933044,0.020014556,0.43505886,0.01923746
375316653866487564,6758837923154492800,0.5044831,2244.692310711745,2.8467792539877204,4.4026416E-5,19.238647,0.019698068,0.12177624,0.021509131,0.08021619,0.029949425,0.1662879,0.025817724,0.6082973,0.0064174337,0.051295985,0.008017177,0.55035317,0.1911597,null,null,null,null,"TWOGAUSSIANS",8,3.1853113,0.6082973,0.0064174337,0.28725752,0.04489619,0.5501053,0.19142118,0.12177624,0.021509131,0.4,0.02025879,0.16603999,0.025579613
375316653866487564,6758840160833699968,0.5227288,2259.4989028759137,1.1466927020725262,6.516042E-5,19.700298,0.010536708,0.68116283,0.0026735582,0.007644534,0.0018953639,0.17652814,0.07368443,0.4898774,0.032972585,0.04495409,0.014363385,0.757771,0.13312826,null,null,null,null,"TWOGAUSSIANS",8,4.580054,0.4898774,0.032972585,0.2517429,0.080434956,0.757771,0.13312826,0.68116283,0.0026735582,0.042809393,0.0106140375,0.17661682,0.07368257
375316653866487564,6758840195202474880,0.5396707,2253.793441108585,2.5912634592465746,3.1780222E-5,16.929918,0.050697684,0.21041909,0.008394834,0.11971033,0.02961005,0.1472778,0.05086442,0.6661222,0.0076537332,0.10661387,0.017192082,0.21629524,0.05258734,null,null,null,null,"TWOGAUSSIANS",8,4.725982,0.6661222,0.0076537332,0.4,0.0,0.1969812,0.03052212,0.21050909,0.008096176,0.4,0.0,0.12787776,0.01310421
375316653866487564,6758843283279437696,0.6248166,2236.122719925609,2.54328937421029,7.589565E-6,15.8952,0.009854263,0.28359577,0.006661889,0.09200901,0.00998503,0.22829436,0.014292525,0.7734425,0.013063943,0.08944524,0.013020976,0.25006393,0.015126996,null,null,null,null,"TWOGAUSSIANS",8,7.3963594,0.7734425,0.013063943,0.4,0.0,0.24089225,0.010997178,0.28359577,0.006661889,0.4,0.0,0.21912257,0.015357039
375316653866487564,6758843936114521856,0.55756354,2209.170206446074,4.202067650720564,1.5713786E-5,19.222485,0.032799173,0.2489885,0.012243464,0.074740276,0.015863912,0.48703015,0.10516958,0.75801533,0.0053225267,0.06698947,0.0071369917,0.609462,0.030080028,null,null,null,null,"TWOGAUSSIANS",8,3.2371771,0.75801533,0.0053225267,0.375141,0.03737793,0.6077539,0.027780283,0.2489885,0.012243464,0.4,0.017278962,0.48532203,0.10661128
375316653866487564,6758844868126953216,0.6063204,2197.149220130608,2.98684134613129,9.55733E-6,17.011803,0.03296561,0.21114767,0.0024140636,0.054472554,0.008030951,0.37090963,0.06958921,0.7091749,0.011750807,0.058493227,0.014266561,0.479591,0.143975,0.078342035,0.042185627,0.21114767,0.0024140636,"TWOGAUSSIANS_WITH_ELLIPSOIDAL_ON_ECLIPSE1",9,18.173672,0.70933485,0.011295085,0.32756206,0.07989274,0.63619757,0.1402832,0.21114767,0.0024140636,0.30504632,0.04497333,0.5275383,0.022156386
375316653866487564,6758848368514027520,0.4597812,2213.7001200555287,0.5591957407705587,5.831768E-5,19.216574,0.035001572,0.27488807,0.02471414,0.1246647,0.028651569,0.24010432,0.04487636,0.71063507,0.017081218,0.0812934,0.0154912155,0.23204522,0.058435585,null,null,null,null,"TWOGAUSSIANS",8,2.2216654,0.27488807,0.02471414,0.4,0.0,0.22926864,0.04288524,0.71063507,0.017081218,0.4,0.0046974057,0.2217518,0.05047099
375316653866487564,6758852113725569024,0.5567353,2211.7796236340455,0.17232551328496806,1.222193E-4,18.191484,0.007232058,0.23378712,0.0011471951,0.008103439,7.5101166E-4,0.5857654,0.041024167,0.6831596,0.016816095,0.06040906,0.021304838,0.07755873,0.03051379,null,null,null,null,"TWOGAUSSIANS",8,7.548289,0.23378712,0.0011471951,0.045379255,0.004205665,0.5857654,0.041024167,0.6831596,0.016816095,0.33829075,0.11392082,0.07755873,0.03051379
375316653866487564,6758854454483357184,0.51186943,2207.640918753191,2.380558143347785,1.1349778E-5,19.652586,0.010829842,0.3058457,0.009314933,0.08093634,0.02154314,0.23412961,0.09226823,0.8103603,0.006490762,0.04630185,0.0043575554,0.3778236,0.027220052,null,null,null,null,"TWOGAUSSIANS",8,1.4862653,0.8103603,0.006490762,0.25929037,0.024402311,0.3776184,0.027063726,0.3058457,0.009314933,0.4,0.021362694,0.2339244,0.092650406
375316653866487564,6758856619146726400,0.50274515,2213.5919264203276,0.8565031014410258,3.7444075E-5,17.248013,0.0031398025,0.22828968,0.017826634,0.045057777,0.01722209,0.21869819,0.11221373,0.6983559,0.009617633,0.056949135,0.008219872,0.09316732,0.017562026,null,null,null,null,"TWOGAUSSIANS",8,1.607252,0.22828968,0.017826634,0.25232357,0.096443705,0.21869782,0.112220466,0.6983559,0.009617633,0.31891516,0.04603128,0.093166955,0.017562026
375316653866487564,6758857306354020608,0.4407947,2271.593622332804,0.030499989793223513,8.493327E-5,18.093548,0.13620962,0.25687483,0.0072578415,0.12644063,0.023510322,0.7312115,0.12913129,0.73768425,0.005652768,0.11600055,0.019242154,0.6636095,0.12560692,null,null,null,null,"TWOGAUSSIANS",8,33.424484,0.2569448,0.0072293323,0.4,0.0,0.5905455,0.102992274,0.73768425,0.005652768,0.4,0.0,0.5234796,0.04736045
375316653866487564,6758859363630945408,0.54324,2247.806784721301,2.0766738715152058,1.0408618E-4,18.459898,0.051388472,0.3903988,0.012874652,0.023780473,0.06769694,0.5727665,0.5234484,0.7704264,0.039233003,0.07547413,0.18598087,0.025715377,0.04520729,null,null,null,null,"TWOGAUSSIANS",8,1.0272179,0.3903988,0.012905526,0.13317063,0.261502,0.57276654,0.5248861,0.7704264,0.039233003,0.4,0.052358568,0.025715377,0.039109074
375316653866487564,6758859848962965888,0.4622964,2265.766390268212,1.1372900876468952,7.9922675E-6,19.746758,0.011944674,0.31261587,0.0071008974,0.022814972,0.0063451906,0.15079509,0.03643217,0.7880472,0.0016214644,0.035722274,0.0036870854,0.22067367,0.026319599,null,null,null,null,"TWOGAUSSIANS",8,2.1479723,0.7880472,0.0016214644,0.20004474,0.020647679,0.22067367,0.026319599,0.31261587,0.0071008974,0.12776385,0.035533067,0.15079509,0.03643217
375316653866487564,6758862421647696640,0.48725927,2269.391883012183,0.13681634088035707,1.818142E-5,18.160868,0.0043425313,0.3898592,0.0065975524,0.037352458,0.009437624,0.11550008,0.01471939,0.7150417,6.436228E-4,0.0174375,0.0068835546,0.0811627,0.005806693,null,null,null,null,"TWOGAUSSIANS",8,2.5767858,0.3898592,0.0065975524,0.20917377,0.052850693,0.11550008,0.01471939,0.7150417,6.436228E-4,0.09765001,0.038547903,0.0811627,0.005806693
375316653866487564,6758869705919761408,0.5206024,2250.014325634323,2.3632099562461333,1.334113E-5,16.797876,0.00319679,0.31798267,0.0061037536,0.051517,0.004964687,0.18973336,0.02033812,null,null,null,null,null,null,null,null,null,null,"ONEGAUSSIAN",5,8.720928,0.31798267,0.0061037536,0.28849518,0.027802246,0.18973336,0.0,null,null,null,null,null,null
375316653866487564,6758869912078199168,0.54122835,2229.961182571137,3.588394553817744,1.5080753E-5,18.690178,0.022845834,0.23801325,0.012840331,0.07542634,0.012757485,0.40031713,0.023028025,0.73615885,0.0046438077,0.07233515,0.0060109072,0.50808686,0.036362134,null,null,null,null,"TWOGAUSSIANS",8,7.8211823,0.73615885,0.0046438077,0.4,0.0054157833,0.50527656,0.03538142,0.23801325,0.012840331,0.4,0.018237893,0.39750683,0.020510541
375316653866487564,6758870667997014528,0.48367897,2236.9505307629775,0.888050435592867,2.687522E-5,18.989954,0.01405236,0.15731102,0.05903932,0.08846876,0.02524591,0.18658292,0.06271432,0.6494972,0.0077467267,0.093957834,0.017832894,0.12561674,0.013900909,null,null,null,null,"TWOGAUSSIANS",8,1.7582169,0.15731102,0.05903932,0.4,0.035949036,0.18028879,0.05711459,0.6494972,0.0077467267,0.4,0.0,0.11932247,0.012229015
375316653866487564,6758870736711949568,0.54276377,2242.4041104978883,1.3155895084284694,3.325045E-5,19.718437,0.0115328375,0.27831054,0.011202387,0.057127964,0.006252867,0.55415434,0.11521409,0.97773,2.3759017E-4,0.017589113,0.0010282116,0.037584152,0.013968952,null,null,null,null,"TWOGAUSSIANS",8,1.6513312,0.27831054,0.011202387,0.3199166,0.035016056,0.55415434,0.11521409,0.97773,2.3759017E-4,0.09849903,0.0057579847,0.03758469,0.013969466
375316653866487564,6758879567157752704,0.4820192,2289.887143284675,0.02406492773485248,3.73077E-5,18.578524,0.10094846,0.4478477,0.017638063,0.14690384,0.0901829,0.1536481,0.099568315,0.94079053,0.03219597,0.0696392,0.069759734,0.047665015,0.076593325,null,null,null,null,"TWOGAUSSIANS",8,2.7087147,0.4478477,0.017639305,0.4,0.0,0.14095575,0.023547456,0.94079053,0.032390285,0.3899795,0.14165138,0.035921782,0.026875988
375316653866487564,6758879773316217728,0.4673763,2263.1420823636845,1.1830759875121637,2.9156221E-5,19.191109,0.0035786042,null,null,null,null,null,null,null,null,null,null,null,null,0.0587293,0.004903509,0.26231745,0.005876979,"ELLIPSOIDAL",4,1.3710784,null,null,null,null,null,null,null,null,null,null,null,null
375316653866487564,6758879979474700800,0.5288639,2300.115006724084,0.20391416278141608,1.4373545E-5,19.248905,0.041852355,0.19076408,0.0038079987,0.08908328,0.014882976,0.4259121,0.03449506,0.6760871,0.006968257,0.10060553,0.012424288,0.312489,0.04780448,null,null,null,null,"TWOGAUSSIANS",8,1.4255617,0.19076408,0.003805053,0.4,0.0,0.40779898,0.043224324,0.6760871,0.006968257,0.4,0.0,0.29437262,0.030057833
375316653866487564,6758880941547582208,0.61694103,2311.0387069153926,2.6609474033047547,1.0328405E-5,17.513096,0.012333686,0.22820398,0.0037822677,0.079259425,0.0058245845,0.2531244,0.01158076,0.7294565,0.004662287,0.080356,0.0057850876,0.5210402,0.04541207,null,null,null,null,"TWOGAUSSIANS",8,6.6170464,0.7294565,0.004662287,0.4,0.0,0.51582026,0.04663691,0.22820398,0.0037822677,0.4,0.0,0.2479044,0.010344089
375316653866487564,6758882212859075968,0.53364736,2233.7333858053566,1.003856507121144,1.01138954E-4,17.80124,0.005607269,0.18588555,0.035390273,0.044393323,0.021858716,0.28423873,0.23166142,0.72922546,0.0155222695,0.07678911,0.012608081,0.21111272,0.013327817,null,null,null,null,"TWOGAUSSIANS",8,5.248675,0.18588555,0.035390273,0.24860261,0.122408815,0.28421924,0.23168217,0.72922546,0.0155222695,0.4,0.0,0.21109322,0.013286275
375316653866487564,6758882457681097472,0.5238547,2263.9948824109924,0.6506922984961305,2.3078339E-5,17.8854,0.003893351,null,null,null,null,null,null,null,null,null,null,null,null,0.0700269,0.0050225807,0.25526354,0.006476243,"ELLIPSOIDAL",4,4.6144233,null,null,null,null,null,null,null,null,null,null,null,null
375316653866487564,6758882590815374976,0.5068928,2258.394571064352,3.647881142928082,5.1976935E-5,15.954991,0.014675172,0.26497373,0.04024176,0.07179793,0.021323476,0.35028672,0.060664844,0.78051513,0.0061419103,0.09839249,0.008031961,0.41640532,0.018104529,null,null,null,null,"TWOGAUSSIANS",8,41.385452,0.78051513,0.0061419103,0.4,0.0,0.40862748,0.014702314,0.26497373,0.04024965,0.4,0.10566856,0.3425116,0.054256655
