Gaia/vari_eclipsing_binary/VariEclipsingBinary_223374-223482.csv
# %ECSV 1.0
# ---
# delimiter: ','
# meta: !!omap
# - RELEASE: Gaia DR3
# - TABLE: vari_eclipsing_binary
# - DESCRIPTION: >
#     This table describes the properties of the eclipsing binaries resulting from the variability analysis. 
# - CITATION: >
#     How to cite and acknowledge Gaia: 
#     https://gea.esac.esa.int/archive/documentation/credits.html 
# - KNOWN_ISSUES: >
#     Known issues: 
#     https://www.cosmos.esa.int/web/gaia-users/known-issues 
# - DOCUMENTATION: >
#     Tutorials and documentation: 
#     https://www.cosmos.esa.int/web/gaia-users/archive 
# datatype:
# - 
#   name: solution_id
#   datatype: int64
#   description: Solution Identifier
#   meta:
#     ucd: meta.version
# - 
#   name: source_id
#   datatype: int64
#   description: Unique source identifier
#   meta:
#     ucd: meta.id;meta.main
# - 
#   name: global_ranking
#   datatype: float32
#   description: Number between 0 (worst) and 1 (best)
#   meta:
#     ucd: stat.param
# - 
#   name: reference_time
#   datatype: float64
#   unit: d
#   description: Reference time used for the geometric model fit
#   meta:
#     ucd: time.epoch
# - 
#   name: frequency
#   datatype: float64
#   unit: d**-1
#   description: Frequency of geometric model of the eclipsing binary light curve
#   meta:
#     ucd: src.orbital
# - 
#   name: frequency_error
#   datatype: float32
#   unit: d**-1
#   description: "Uncertainty of \\texttt{frequency}"
#   meta:
#     ucd: stat.error
# - 
#   name: geom_model_reference_level
#   datatype: float32
#   unit: mag
#   description: Magnitude reference level of geometric model
#   meta:
#     ucd: phot.mag;em.opt
# - 
#   name: geom_model_reference_level_error
#   datatype: float32
#   unit: mag
#   description: "Uncertainty of \\texttt{geomModelReferenceLevel}"
#   meta:
#     ucd: stat.error;phot.mag;em.opt
# - 
#   name: geom_model_gaussian1_phase
#   datatype: float32
#   description: Phase of the Gaussian 1 component
#   meta:
#     ucd: time.phase
# - 
#   name: geom_model_gaussian1_phase_error
#   datatype: float32
#   description: "Uncertainty of \\texttt{geomModelGaussian1Phase}"
#   meta:
#     ucd: stat.error;time.phase
# - 
#   name: geom_model_gaussian1_sigma
#   datatype: float32
#   description: "Standard deviation [phase] of Gaussian 1 component"
#   meta:
#     ucd: stat.stdev
# - 
#   name: geom_model_gaussian1_sigma_error
#   datatype: float32
#   description: "Uncertainty of \\texttt{geomModelGaussian1Sigma}"
#   meta:
#     ucd: stat.error
# - 
#   name: geom_model_gaussian1_depth
#   datatype: float32
#   unit: mag
#   description: Magnitude depth of Gaussian 1 component
#   meta:
#     ucd: src.var.amplitude
# - 
#   name: geom_model_gaussian1_depth_error
#   datatype: float32
#   unit: mag
#   description: "Uncertainty of \\texttt{geomModelGaussian1Depth}"
#   meta:
#     ucd: stat.error;src.var.amplitude
# - 
#   name: geom_model_gaussian2_phase
#   datatype: float32
#   description: Phase of Gaussian 2 component
#   meta:
#     ucd: time.phase
# - 
#   name: geom_model_gaussian2_phase_error
#   datatype: float32
#   description: "Uncertainty of \\texttt{geomModelGaussian2Phase}"
#   meta:
#     ucd: stat.error;time.phase
# - 
#   name: geom_model_gaussian2_sigma
#   datatype: float32
[...]
#   datatype: float32
#   description: "Secondary eclipse: uncertainty of \\texttt{derivedSecondaryEclDuration}"
#   meta:
#     ucd: stat.error;time.duration
# - 
#   name: derived_secondary_ecl_depth
#   datatype: float32
#   unit: mag
#   description: "Secondary eclipse: depth"
#   meta:
#     ucd: src.var.amplitude
# - 
#   name: derived_secondary_ecl_depth_error
#   datatype: float32
#   unit: mag
#   description: "Secondary eclipse: uncertainty of \\texttt{derivedSecondaryEclDepth}"
#   meta:
#     ucd: stat.error;src.var.amplitude
solution_id,source_id,global_ranking,reference_time,frequency,frequency_error,geom_model_reference_level,geom_model_reference_level_error,geom_model_gaussian1_phase,geom_model_gaussian1_phase_error,geom_model_gaussian1_sigma,geom_model_gaussian1_sigma_error,geom_model_gaussian1_depth,geom_model_gaussian1_depth_error,geom_model_gaussian2_phase,geom_model_gaussian2_phase_error,geom_model_gaussian2_sigma,geom_model_gaussian2_sigma_error,geom_model_gaussian2_depth,geom_model_gaussian2_depth_error,geom_model_cosine_half_period_amplitude,geom_model_cosine_half_period_amplitude_error,geom_model_cosine_half_period_phase,geom_model_cosine_half_period_phase_error,model_type,num_model_parameters,reduced_chi2,derived_primary_ecl_phase,derived_primary_ecl_phase_error,derived_primary_ecl_duration,derived_primary_ecl_duration_error,derived_primary_ecl_depth,derived_primary_ecl_depth_error,derived_secondary_ecl_phase,derived_secondary_ecl_phase_error,derived_secondary_ecl_duration,derived_secondary_ecl_duration_error,derived_secondary_ecl_depth,derived_secondary_ecl_depth_error
[from data line 645]
375316653866487564,1965616212792472448,0.5304082,2255.125055597652,3.704527892937435,1.160821E-5,19.349184,0.013722522,0.17030968,0.0029405823,0.07956466,0.006070117,0.39270762,0.020102147,0.6752303,0.0049981913,0.07468487,0.0065244082,0.4791557,0.04382396,null,null,null,null,"TWOGAUSSIANS",8,2.488619,0.6752303,0.0049981913,0.4,0.008647439,0.4750859,0.044735093,0.17030968,0.0029405823,0.4,0.0,0.38863784,0.020302916
375316653866487564,1965617144808572672,0.49653152,2231.048771406971,0.3994468057555138,9.6794E-5,15.503627,6.3861284E-4,0.34674907,0.0038983875,0.01983761,0.0029399008,0.07131509,0.013440143,null,null,null,null,null,null,null,null,null,null,"ONEGAUSSIAN",5,4.765226,0.34674907,0.0038983875,0.111090615,0.016463445,0.07131509,0.0,null,null,null,null,null,null
375316653866487564,1965618072521526912,0.50101197,2244.841976665924,2.6992590805288192,1.1768943E-5,16.296707,0.5721658,0.283748,0.008978476,0.12655377,0.04179339,0.2520783,0.3224535,0.7997014,0.006673828,0.15900686,0.13581541,0.21187447,0.5657246,null,null,null,null,"TWOGAUSSIANS",8,15.51723,0.282588,0.0047611245,0.4,0.0,0.16710956,0.012061806,0.8000814,0.005456501,0.4,0.0,0.12397087,0.010477029
375316653866487564,1965618278679961216,0.57152116,2244.240233638972,0.7327402197848218,4.69227E-6,16.011738,0.0015300654,0.30403832,0.019837573,0.08341394,0.022235593,0.011935319,0.0026703172,0.787181,0.0016425285,0.028810902,0.0025664305,0.15425317,0.012902774,null,null,null,null,"TWOGAUSSIANS",8,3.960227,0.787181,0.0016425285,0.16134104,0.014372011,0.15425222,0.012903503,0.30403832,0.019837573,0.4,0.0011543311,0.011934366,0.0026709689
375316653866487564,1965618892852912256,0.51678944,2241.0438862429364,0.2120195593074547,8.4204175E-6,17.046711,0.0049601984,0.2961073,0.0055389195,0.0139156645,0.012175065,0.06383401,0.029316766,0.7966434,4.7813478E-4,0.021751652,0.0012948398,0.45907232,0.024698522,0.04685008,0.020030946,0.2961073,0.0055389195,"TWOGAUSSIANS_WITH_ELLIPSOIDAL_ON_ECLIPSE1",9,57.84805,0.7966434,4.707521E-4,0.12180925,0.007251103,0.5527714,0.037471186,0.2961073,0.0055389195,0.077927716,0.06818037,0.15753415,0.043884456
375316653866487564,1965619133370420096,0.5711174,2264.5639900704887,1.090178082018375,4.7788203E-6,16.580677,0.0039314614,0.19103846,8.53208E-4,0.026937142,0.001009853,0.433388,0.009984598,0.70518434,0.026962671,0.035382908,0.022835722,0.5198671,53.34263,null,null,null,null,"TWOGAUSSIANS",8,42.088326,0.70518434,0.026962671,0.19814429,0.12788005,0.5198671,53.34263,0.19103846,8.53208E-4,0.15084799,0.0056551765,0.433388,0.009984598
375316653866487564,1965619373892594304,0.5652288,2206.4426264032163,2.622438977081232,6.7627793E-6,18.807491,0.009236441,0.3240223,0.0021904723,0.090224385,0.0047376454,0.2579232,0.01031004,0.8286363,0.0021971702,0.08084182,0.0051727067,0.27868688,0.008124112,null,null,null,null,"TWOGAUSSIANS",8,1.1754746,0.8286363,0.0021971702,0.4,0.0,0.2717993,0.006485717,0.3240223,0.0021904723,0.4,0.0,0.25103548,0.009203496
375316653866487564,1965620031028325504,0.6358323,2220.6830056195413,3.540776187759022,8.189286E-6,15.857061,0.010376572,0.26959634,0.0018662907,0.04514774,0.0035168496,0.20559043,0.025844984,0.77241516,0.0026414692,0.04982869,0.004129653,0.26137486,0.02372507,0.102509655,0.013078328,0.26959634,0.0018662907,"TWOGAUSSIANS_WITH_ELLIPSOIDAL_ON_ECLIPSE1",9,27.887552,0.77241516,0.0026360957,0.27904066,0.023126056,0.46632913,0.011027255,0.26959634,0.0018662907,0.25282735,0.019694356,0.41060898,0.0055794707
375316653866487564,1965622470567703936,0.55168796,2214.516733018422,3.696639067175177,9.593044E-6,18.073763,0.0077858465,0.22749211,0.0035286236,0.092135206,0.0058130543,0.24545445,0.009093606,0.7291105,0.003577178,0.082062244,0.00617029,0.26301256,0.008973151,null,null,null,null,"TWOGAUSSIANS",8,4.7314315,0.7291105,0.003577178,0.4,0.0,0.2550041,0.008261819,0.22749211,0.0035286236,0.4,0.0,0.23744579,0.008476151
375316653866487564,1965626348917252992,0.47486824,2245.515096731048,1.2466076828519224,3.090155E-5,17.987843,0.05173751,0.24805921,0.00456507,0.027194412,0.0029830316,0.3786503,0.043889042,0.6763215,0.029539246,0.20158473,0.14895485,0.052276783,0.04606453,null,null,null,null,"TWOGAUSSIANS",8,16.385801,0.24814922,0.004580558,0.1522887,0.016704977,0.37969258,0.044179812,0.6763215,0.029539246,0.4,0.0,0.046907883,0.017542295
375316653866487564,1965627865046898432,0.5474184,2275.769270493571,0.7125459000205172,4.973332E-6,15.793486,9.943013E-4,0.7221768,0.0011731791,0.02238358,0.0011237578,0.16825606,0.0058332947,null,null,null,null,null,null,null,null,null,null,"ONEGAUSSIAN",5,8.054721,0.7221768,0.0011731791,0.12534805,0.0062930435,0.16825606,0.0,null,null,null,null,null,null
375316653866487564,1965629789192361856,0.60514116,2267.5380435555344,3.9585358832305992,6.176781E-6,16.301481,0.021363761,0.22673379,0.0011754,0.050927967,0.0035528569,0.5507208,0.04640468,0.7215409,0.014643147,0.05243573,0.0121887615,0.44318044,0.063579306,0.08126936,0.02787776,0.22673379,0.0011754,"TWOGAUSSIANS_WITH_ELLIPSOIDAL_ON_ECLIPSE1",9,62.76562,0.22673379,0.0011754,0.2851966,0.019895999,0.7132527,0.013649192,0.7219209,0.013346467,0.29364008,0.06825706,0.60555214,0.033795573
375316653866487564,1965630094127494144,0.5635811,2256.619784932505,2.94235446802109,9.592826E-6,17.438942,0.00576146,0.20607908,0.0038486235,0.08817131,0.004934752,0.17297137,0.0072371247,0.7091065,0.0028125932,0.10511956,0.0051386943,0.17222424,0.005686563,null,null,null,null,"TWOGAUSSIANS",8,2.5948179,0.20607908,0.0038486235,0.4,0.0,0.16135205,0.0064098295,0.7091065,0.0028125932,0.4,0.0,0.1606007,0.0041243276
375316653866487564,1965630678243193984,0.48533458,2222.4032363108217,0.7071498651036034,3.4559624E-5,19.60841,0.0044532744,0.20602947,0.012301647,0.06369627,0.01700938,0.09855663,0.051796533,0.8310829,0.0050179968,0.010343912,0.0018951542,0.84324276,1.2903621,null,null,null,null,"TWOGAUSSIANS",8,1.6416337,0.8310829,0.0050179968,0.05792591,0.010612864,0.84324276,1.2903621,0.20602947,0.012301647,0.35669914,0.07424432,0.09855663,0.051796533
375316653866487564,1965631021840439168,0.5133748,2254.4209644753214,2.8082055804706543,1.1720382E-5,19.833118,0.017603228,0.23278034,0.0047360584,0.08063292,0.007682952,0.31387636,0.019083511,0.7299269,0.00760266,0.062423393,0.013985088,0.40067658,0.027592286,null,null,null,null,"TWOGAUSSIANS",8,1.4217123,0.7299269,0.00760266,0.349571,0.07711241,0.3992432,0.029300898,0.23278034,0.0047360584,0.4,0.0,0.312443,0.017070806
375316653866487564,1965632194374026496,0.52888125,2253.267845823691,0.1983744744367345,6.255656E-5,18.162539,0.001993703,0.16076978,0.01457331,0.060118504,0.015332577,0.028182678,0.008048318,0.47957715,0.0029873638,0.017451355,0.0030030806,0.26697814,0.02072185,null,null,null,null,"TWOGAUSSIANS",8,2.005802,0.47957715,0.0029873638,0.09772758,0.016817251,0.26697817,0.02072185,0.16076978,0.01457331,0.3366636,0.08586243,0.028182678,0.008048318
375316653866487564,1965633843641510528,0.58949983,2273.5354740250277,2.795752636439431,1.0214761E-5,17.501583,0.016342392,0.22261731,0.0017336318,0.046601705,0.004894665,0.37750778,0.032589205,0.72197187,0.0048618694,0.053789776,0.00473857,0.4418375,0.04240936,0.116308875,0.018958712,0.22261731,0.0017336318,"TWOGAUSSIANS_WITH_ELLIPSOIDAL_ON_ECLIPSE1",9,19.82784,0.7220419,0.004655341,0.30122274,0.026535992,0.6744422,0.028082913,0.22261731,0.0017336318,0.26096955,0.027410123,0.6101159,0.02260165
375316653866487564,1965634015434500992,0.5067635,2236.0330202373852,3.015592537476308,1.8197166E-5,19.744524,0.009023624,0.21388985,0.019632746,0.055962443,0.022199769,0.26982832,0.01440101,0.7185389,0.0033355667,0.07830163,0.0041683936,0.31853148,0.012627958,null,null,null,null,"TWOGAUSSIANS",8,1.2775929,0.7185389,0.0033355667,0.4,0.0,0.31802985,0.011863995,0.21388985,0.019632746,0.3133897,0.098509155,0.2693267,0.014961387
375316653866487564,1965634255958383744,0.51687235,2234.207973691954,4.030522111277522,1.5263407E-5,18.850163,0.012662544,0.22740142,0.004255783,0.09371624,0.00930736,0.21921149,0.013512725,0.725879,0.0020540655,0.090955816,0.006737126,0.23277237,0.01411849,null,null,null,null,"TWOGAUSSIANS",8,2.0199103,0.725879,0.0020540655,0.4,0.0,0.22147183,0.012614354,0.22740142,0.004255783,0.4,0.0,0.20791079,0.013172803
375316653866487564,1965639409918807936,0.5668875,2246.438106308359,3.5310821154068948,7.133747E-6,18.0923,0.012051784,0.29365277,0.0024552213,0.041178904,0.011404324,0.2621012,0.30391723,0.8050554,0.0034947644,0.049751088,0.0070282086,0.13599712,0.028170403,0.120114625,0.017481152,0.29365277,0.0024552213,"TWOGAUSSIANS_WITH_ELLIPSOIDAL_ON_ECLIPSE1",9,7.4446955,0.29365277,0.0024552213,0.23060188,0.063864216,0.50233024,0.3126928,0.8050554,0.0034947644,0.2786061,0.039357968,0.37499514,0.011269674
375316653866487564,1965640161527123968,0.5183004,2189.623572522898,0.6643895795164729,4.1986377E-6,18.644402,0.009551401,0.24727201,0.0026562444,0.014150789,0.0032895564,0.6764611,2.1475234,0.92175806,0.017552515,0.02464507,0.080763444,0.025043434,0.015192414,null,null,null,null,"TWOGAUSSIANS",8,1.5482527,0.24727201,0.0026562444,0.07924442,0.018421516,0.6764611,2.1475234,0.92175806,0.017552515,0.1380124,0.45227528,0.025043434,0.015192414
375316653866487564,1965640303265553664,0.6056123,2193.495917071724,3.584339918794655,6.1141923E-6,18.74343,0.009393218,0.27567565,0.0014316415,0.046857595,0.0030302834,0.4706012,0.033161566,0.7713371,0.0048685353,0.041244004,0.006766476,0.34508663,0.09447943,0.12948729,0.012900473,0.27567565,0.0014316415,"TWOGAUSSIANS_WITH_ELLIPSOIDAL_ON_ECLIPSE1",9,2.734696,0.27567565,0.0014316415,0.26240253,0.016969588,0.7295752,0.03264297,0.77173704,0.004395112,0.23096643,0.037892267,0.6038859,0.10193182
375316653866487564,1965641432837380224,0.4789654,2232.1869822314366,1.988880649250835,5.7415476E-5,19.72722,0.009985107,0.13353007,0.010698511,0.04510084,0.009968893,0.42428014,0.09218508,0.6161011,0.008047813,0.047265097,0.009744053,0.2836698,0.067349486,null,null,null,null,"TWOGAUSSIANS",8,4.6000156,0.13353007,0.010698511,0.2525647,0.0558258,0.42428002,0.092185184,0.6161011,0.008047813,0.26468456,0.054566693,0.2836697,0.067349836
375316653866487564,1965641574575923072,0.48875713,2256.237947004682,2.6106845962391296,3.244662E-5,19.025774,0.026246782,0.24710211,0.005107877,0.08350604,0.009676338,0.42837462,0.031349547,0.7298379,0.013078041,0.08864911,0.018899918,0.26224092,0.03274764,null,null,null,null,"TWOGAUSSIANS",8,3.8241658,0.24710211,0.005107877,0.4,0.0,0.42112157,0.028508134,0.7298379,0.013078041,0.4,0.0,0.25498778,0.02661281
375316653866487564,1965642777166911872,0.54526925,2237.9194450392793,2.7512817282839395,6.2897575E-6,17.492401,0.012354461,0.25081852,0.0032402298,0.051421307,0.0063417526,0.23589894,0.025159527,0.7505489,0.0021592027,0.051243007,0.0055210236,0.17850403,0.025781147,0.07373368,0.015110662,0.25081852,0.0032402298,"TWOGAUSSIANS_WITH_ELLIPSOIDAL_ON_ECLIPSE1",9,10.390226,0.25081852,0.0032402298,0.2879593,0.035513815,0.3833632,0.016840836,0.7505889,0.0018240117,0.28696084,0.030917732,0.3259679,0.010719944
375316653866487564,1965648446530681984,0.65923166,2237.898912644837,2.0099188211087657,9.282328E-6,17.589798,0.007932512,0.1844462,0.003838238,0.040604226,0.004355163,0.7977339,0.04250636,0.68441176,0.0018784994,0.040928703,0.004456281,0.13802762,0.017014312,0.064204685,0.01111515,0.1844462,0.003838238,"TWOGAUSSIANS_WITH_ELLIPSOIDAL_ON_ECLIPSE1",9,3.6373987,0.1844462,0.003838238,0.22738366,0.024388911,0.9261433,0.035625014,0.68441176,0.0015313792,0.22920072,0.024955176,0.266437,0.007650927
375316653866487564,1965649163778652032,0.63868177,2231.0428696445206,2.3575473041346213,4.5020975E-6,17.573925,0.0064747166,0.28138116,0.001164021,0.050915487,0.0021498136,0.32956448,0.013618298,0.78029174,0.0015243376,0.048019905,0.002612518,0.3426605,0.01601021,0.0959072,0.007914661,0.28138116,0.001164021,"TWOGAUSSIANS_WITH_ELLIPSOIDAL_ON_ECLIPSE1",9,3.644814,0.78039175,0.0013749249,0.26891148,0.0146301,0.5344641,0.012797544,0.28138116,0.001164021,0.28512672,0.012038956,0.5213763,0.005384376
375316653866487564,1965649507376156544,0.5811964,2219.6712434185574,3.296691119842425,9.3755725E-6,17.858986,0.007442699,0.2039238,0.002902201,0.07367704,0.0034765431,0.48886827,0.021126572,0.7064153,0.0021713825,0.07654931,0.0024454102,0.45234755,0.009775344,null,null,null,null,"TWOGAUSSIANS",8,8.798984,0.2039238,0.002902201,0.4,0.0,0.4853735,0.021404982,0.7064153,0.0021713825,0.4,0.0,0.44885278,0.009154782
375316653866487564,1965649546043137664,0.64410836,2227.9726663436486,2.6115852561410144,5.0980184E-6,17.612516,0.00808366,0.24770173,0.001385722,0.044920817,0.0048442865,0.27582777,0.018710611,0.7476408,0.0020976542,0.043853175,0.0038632257,0.23805211,0.017292503,0.13453524,0.01036639,0.24770173,0.001385722,"TWOGAUSSIANS_WITH_ELLIPSOIDAL_ON_ECLIPSE1",9,5.0281143,0.24770173,0.001385722,0.25155658,0.027128005,0.54489774,0.021075733,0.7476508,0.0018677074,0.24557778,0.021634063,0.50712204,0.009657718
375316653866487564,1965650744326639872,0.4568916,2235.5369670490763,3.559296774495848,2.4714807E-5,19.683506,1.1131984,0.18995476,0.010758162,0.12616347,0.111885704,0.47959867,1.044274,0.7035898,0.013710053,0.122930855,0.08762661,0.5146143,1.0296621,null,null,null,null,"TWOGAUSSIANS",8,4.097342,0.7037298,0.013006481,0.4,0.0,0.39656958,0.05561684,0.18982476,0.009149783,0.4,0.0,0.36143744,0.037139595
375316653866487564,1965651156643380864,0.52335316,2243.404699694466,4.083715322671675,7.42797E-6,19.125996,0.025085108,0.23073515,0.0022375963,0.08396714,0.0076054675,0.38848507,0.027847579,0.72951716,0.0043172496,0.098961174,0.012119016,0.2933145,0.021134373,null,null,null,null,"TWOGAUSSIANS",8,2.8454578,0.23073515,0.0022375963,0.4,0.0,0.37296015,0.02621392,0.72951716,0.0043172496,0.4,0.0,0.2777879,0.017075948
375316653866487564,1965651328442235776,0.4826875,2258.820717165634,2.9500810982462844,1.4787413E-5,19.639606,0.014061936,0.27690935,0.007191813,0.08920158,0.0085326545,0.39869234,0.024644071,0.76592463,0.006925966,0.0836723,0.0108952895,0.3927824,0.032237772,null,null,null,null,"TWOGAUSSIANS",8,3.751737,0.27690935,0.007191813,0.4,0.0,0.38866708,0.023735452,0.76592463,0.006925966,0.4,0.0,0.38275722,0.035055287
375316653866487564,1965651676346229760,0.61886823,2228.0898846790838,1.0947847587388708,3.5752726E-6,17.736174,0.0027656977,0.23927888,5.082073E-4,0.04053126,0.0010061684,0.30762976,0.007698034,0.7413529,0.0042815194,0.036980458,0.005132523,0.044358402,0.007972422,0.017692424,0.0039429893,0.23927888,5.082073E-4,"TWOGAUSSIANS_WITH_ELLIPSOIDAL_ON_ECLIPSE1",9,1.6715262,0.23927888,5.082073E-4,0.22697505,0.005634543,0.34301457,0.0052686315,0.7413529,0.0042515397,0.20709057,0.028742129,0.07973718,0.0047397446
375316653866487564,1965654768722525696,0.55699384,2197.764047882956,1.8948842654244578,1.054625E-5,14.866359,0.051949028,0.23353198,0.002828667,0.11897217,0.021128777,0.13226125,0.04850112,0.7371487,0.005453303,0.1280768,0.046089754,0.08658321,0.050761566,null,null,null,null,"TWOGAUSSIANS",8,15.061438,0.23350199,0.0025625227,0.4,0.0,0.10603299,0.0031705166,0.7371787,0.005643709,0.4,0.0,0.06030849,0.004384929
375316653866487564,1965655485970791424,0.5338559,2194.111618679347,2.9374248808665397,1.1679932E-5,19.239727,0.015293906,0.25757733,0.0056976913,0.0914303,0.009329797,0.20523007,0.015792992,0.7445792,0.003392176,0.094894536,0.005755169,0.3590871,0.015934978,null,null,null,null,"TWOGAUSSIANS",8,1.35845,0.7445792,0.003392176,0.4,0.0,0.34682348,0.011331564,0.25757733,0.0056976913,0.4,0.0,0.1929671,0.011311541
