Gaia/vari_eclipsing_binary/VariEclipsingBinary_459335-459345.csv
# %ECSV 1.0
# ---
# delimiter: ','
# meta: !!omap
# - RELEASE: Gaia DR3
# - TABLE: vari_eclipsing_binary
# - DESCRIPTION: >
#     This table describes the properties of the eclipsing binaries resulting from the variability analysis. 
# - CITATION: >
#     How to cite and acknowledge Gaia: 
#     https://gea.esac.esa.int/archive/documentation/credits.html 
# - KNOWN_ISSUES: >
#     Known issues: 
#     https://www.cosmos.esa.int/web/gaia-users/known-issues 
# - DOCUMENTATION: >
#     Tutorials and documentation: 
#     https://www.cosmos.esa.int/web/gaia-users/archive 
# datatype:
# - 
#   name: solution_id
#   datatype: int64
#   description: Solution Identifier
#   meta:
#     ucd: meta.version
# - 
#   name: source_id
#   datatype: int64
#   description: Unique source identifier
#   meta:
#     ucd: meta.id;meta.main
# - 
#   name: global_ranking
#   datatype: float32
#   description: Number between 0 (worst) and 1 (best)
#   meta:
#     ucd: stat.param
# - 
#   name: reference_time
#   datatype: float64
#   unit: d
#   description: Reference time used for the geometric model fit
#   meta:
#     ucd: time.epoch
# - 
#   name: frequency
#   datatype: float64
#   unit: d**-1
#   description: Frequency of geometric model of the eclipsing binary light curve
#   meta:
#     ucd: src.orbital
# - 
#   name: frequency_error
#   datatype: float32
#   unit: d**-1
#   description: "Uncertainty of \\texttt{frequency}"
#   meta:
#     ucd: stat.error
# - 
#   name: geom_model_reference_level
#   datatype: float32
#   unit: mag
#   description: Magnitude reference level of geometric model
#   meta:
#     ucd: phot.mag;em.opt
# - 
#   name: geom_model_reference_level_error
#   datatype: float32
#   unit: mag
#   description: "Uncertainty of \\texttt{geomModelReferenceLevel}"
#   meta:
#     ucd: stat.error;phot.mag;em.opt
# - 
#   name: geom_model_gaussian1_phase
#   datatype: float32
#   description: Phase of the Gaussian 1 component
#   meta:
#     ucd: time.phase
# - 
#   name: geom_model_gaussian1_phase_error
#   datatype: float32
#   description: "Uncertainty of \\texttt{geomModelGaussian1Phase}"
#   meta:
#     ucd: stat.error;time.phase
# - 
#   name: geom_model_gaussian1_sigma
#   datatype: float32
#   description: "Standard deviation [phase] of Gaussian 1 component"
#   meta:
#     ucd: stat.stdev
# - 
#   name: geom_model_gaussian1_sigma_error
#   datatype: float32
#   description: "Uncertainty of \\texttt{geomModelGaussian1Sigma}"
#   meta:
#     ucd: stat.error
# - 
#   name: geom_model_gaussian1_depth
#   datatype: float32
#   unit: mag
#   description: Magnitude depth of Gaussian 1 component
#   meta:
#     ucd: src.var.amplitude
# - 
#   name: geom_model_gaussian1_depth_error
#   datatype: float32
#   unit: mag
#   description: "Uncertainty of \\texttt{geomModelGaussian1Depth}"
#   meta:
#     ucd: stat.error;src.var.amplitude
# - 
#   name: geom_model_gaussian2_phase
#   datatype: float32
#   description: Phase of Gaussian 2 component
#   meta:
#     ucd: time.phase
# - 
#   name: geom_model_gaussian2_phase_error
#   datatype: float32
#   description: "Uncertainty of \\texttt{geomModelGaussian2Phase}"
#   meta:
#     ucd: stat.error;time.phase
# - 
#   name: geom_model_gaussian2_sigma
#   datatype: float32
[...]
#   datatype: float32
#   description: "Secondary eclipse: uncertainty of \\texttt{derivedSecondaryEclDuration}"
#   meta:
#     ucd: stat.error;time.duration
# - 
#   name: derived_secondary_ecl_depth
#   datatype: float32
#   unit: mag
#   description: "Secondary eclipse: depth"
#   meta:
#     ucd: src.var.amplitude
# - 
#   name: derived_secondary_ecl_depth_error
#   datatype: float32
#   unit: mag
#   description: "Secondary eclipse: uncertainty of \\texttt{derivedSecondaryEclDepth}"
#   meta:
#     ucd: stat.error;src.var.amplitude
solution_id,source_id,global_ranking,reference_time,frequency,frequency_error,geom_model_reference_level,geom_model_reference_level_error,geom_model_gaussian1_phase,geom_model_gaussian1_phase_error,geom_model_gaussian1_sigma,geom_model_gaussian1_sigma_error,geom_model_gaussian1_depth,geom_model_gaussian1_depth_error,geom_model_gaussian2_phase,geom_model_gaussian2_phase_error,geom_model_gaussian2_sigma,geom_model_gaussian2_sigma_error,geom_model_gaussian2_depth,geom_model_gaussian2_depth_error,geom_model_cosine_half_period_amplitude,geom_model_cosine_half_period_amplitude_error,geom_model_cosine_half_period_phase,geom_model_cosine_half_period_phase_error,model_type,num_model_parameters,reduced_chi2,derived_primary_ecl_phase,derived_primary_ecl_phase_error,derived_primary_ecl_duration,derived_primary_ecl_duration_error,derived_primary_ecl_depth,derived_primary_ecl_depth_error,derived_secondary_ecl_phase,derived_secondary_ecl_phase_error,derived_secondary_ecl_duration,derived_secondary_ecl_duration_error,derived_secondary_ecl_depth,derived_secondary_ecl_depth_error
[from data line 1386]
375316653866487564,4040446644993219456,0.45457375,2359.775317515909,1.2672913967099824,1.0967307E-4,19.067732,0.25206688,0.2889258,0.009664325,0.15986212,0.042743236,0.36934158,0.2380812,0.7709351,0.017516151,0.16781513,0.047340248,0.3809341,0.2323665,null,null,null,null,"TWOGAUSSIANS",8,2.77691,0.7709351,0.017516151,0.4,0.0,0.17169985,0.03233315,0.2927658,0.0076188226,0.4,0.0,0.16374391,0.027698375
375316653866487564,4040446679353185152,0.5511626,2356.632194074174,1.6366383381844039,1.1812513E-5,17.533663,0.051965315,0.2180142,0.012238193,0.12568994,0.03685108,0.21925798,0.045220993,0.7176236,0.00181465,0.09884962,0.012857216,0.32117915,0.046922963,null,null,null,null,"TWOGAUSSIANS",8,6.328649,0.7176236,0.0018135322,0.4,0.0,0.27884495,0.008566956,0.2180142,0.012238193,0.4,0.0,0.176765,0.015991796
375316653866487564,4040446782501962880,0.4381755,2386.546984686971,4.667565419764155,4.109013E-5,19.816713,0.10790789,0.18027039,0.04952533,0.12535542,0.08322446,0.29239774,0.057086725,0.54223454,0.0062264134,0.018174246,0.0058902646,0.21134286,0.117101505,null,null,null,null,"TWOGAUSSIANS",8,4.3490043,0.18027039,0.04952533,0.4,0.06089269,0.29219243,0.05474254,0.54223454,0.0062264134,0.10177578,0.032985482,0.21566173,0.12701625
375316653866487564,4040446816792171776,0.47072124,2342.7406406750074,3.895604157949163,4.442559E-5,19.403141,0.013335138,0.30503228,0.017354257,0.056178086,0.017755534,0.18556845,0.08563894,0.66163564,0.02162678,0.036185835,0.019756088,0.1542008,0.027963635,null,null,null,null,"TWOGAUSSIANS",8,2.0262966,0.30503228,0.017354257,0.31459728,0.09943099,0.18556845,0.08563894,0.66163564,0.02162678,0.20264067,0.110634096,0.1542008,0.02796363
375316653866487564,4040446816792202880,0.45206067,2356.2389963886308,2.3973260515475032,7.71965E-5,19.360924,0.016126134,0.20582826,0.039438915,0.08632548,0.045032427,0.07045944,0.02664055,0.52792084,0.00976454,0.084708996,0.015313812,0.22951624,0.030728774,null,null,null,null,"TWOGAUSSIANS",8,3.3330605,0.52792084,0.00976454,0.4,0.0,0.22948615,0.030716382,0.20664826,0.04107629,0.4,0.1325119,0.07053206,0.02671682
375316653866487564,4040446816794519936,0.4284138,2457.621984983025,0.746010346561119,5.830633E-5,19.396238,0.02172458,0.2024853,0.029888231,0.029367989,0.0168517,0.28820795,0.6396851,0.70295656,0.019208329,0.041377105,0.03599234,0.28946635,0.15486507,null,null,null,null,"TWOGAUSSIANS",8,5.8938766,0.70295656,0.019208329,0.23171179,0.2015571,0.28946635,0.1548652,0.2024853,0.029888231,0.16446073,0.09436952,0.28820795,0.63968515
375316653866487564,4040446988660405248,0.46269402,2360.548481617897,0.07371124752400607,3.8216134E-5,18.928831,0.10895008,0.2434718,0.02527964,0.09765708,0.03730418,0.2581179,0.1201578,0.7412374,0.07405939,0.06680899,0.061091945,0.46545833,0.17817938,null,null,null,null,"TWOGAUSSIANS",8,9.315084,0.7412374,0.07405939,0.37413034,0.18441951,0.459455,0.14153777,0.2434718,0.025033075,0.4,0.0,0.25211355,0.060658827
375316653866487564,4040447022951041792,0.42829612,2445.1630777272644,4.174961493859013,4.0080482E-5,19.369236,0.00998884,0.32260108,0.009986788,0.008254464,0.005731192,0.33951417,0.31757128,0.61732113,0.033971693,0.016893826,0.023730492,0.2987045,0.17814723,null,null,null,null,"TWOGAUSSIANS",8,3.9493394,0.32260108,0.009986788,0.046225,0.032094676,0.33951417,0.31757128,0.61732113,0.033971693,0.09460542,0.13289076,0.2987045,0.17814723
375316653866487564,4040447160390368384,0.486247,2391.1059650748143,0.042515993221630445,2.6498159E-5,19.651447,0.07137671,0.39047804,0.0051378543,0.059925433,0.009163826,0.40202412,0.071138285,0.91237533,0.086685054,0.13618693,0.14486283,0.189126,0.13856573,null,null,null,null,"TWOGAUSSIANS",8,2.4902458,0.39041805,0.005012276,0.3355824,0.051317424,0.3902598,0.05857215,0.91237533,0.086685054,0.4,0.3301635,0.17684051,0.1438102
375316653866487564,4040447160390555776,0.5724627,2391.9086022207925,1.1989553410974432,9.628939E-6,19.078316,0.008934429,0.29753724,0.0037178001,0.055516146,0.008322459,0.65894437,0.04286787,0.79988873,0.0022693854,0.054767553,0.0036445102,0.55473787,0.042746723,null,null,null,null,"TWOGAUSSIANS",8,3.8273702,0.29753724,0.0037178001,0.3108904,0.04660577,0.6589066,0.042934813,0.79988873,0.0022693854,0.3066983,0.020409256,0.55470014,0.04276886
375316653866487564,4040447263469677824,0.43688667,2427.1442235687264,1.8365628148182525,3.2273758E-5,18.81738,1.0849844,0.14958145,0.052574955,0.13808616,0.088058874,0.5814839,0.57689893,0.62516123,0.014598593,0.24786939,0.19660439,0.9338231,1.0404421,null,null,null,null,"TWOGAUSSIANS",8,5.733997,0.62516123,0.014598593,0.4,0.0,0.31561756,0.042590097,0.16585144,0.035804898,0.4,0.12768744,0.21097785,0.058648758
375316653866487564,4040447297829403136,0.42797145,2316.833084861039,0.09432167720426737,2.4195288E-5,19.364517,0.6163812,0.42162922,0.030113878,0.14831018,0.037204888,0.7546216,0.54194665,0.87182975,0.034025922,0.1904584,0.1355922,0.5887903,0.5219809,null,null,null,null,"TWOGAUSSIANS",8,3.3797941,0.43275923,0.020280661,0.4,0.0,0.45825312,0.14318246,0.87182975,0.034025922,0.4,0.056040592,0.25386247,0.031047909
375316653866487564,4040447332189467392,0.44328776,2376.609600356522,2.385117205449609,2.3687362E-5,18.473139,0.004523095,0.32026568,0.0036980119,0.044726793,0.0070421887,0.28249127,0.06816677,0.81103545,7.2676194E-5,0.039961647,0.010985904,0.09078541,0.01783321,null,null,null,null,"TWOGAUSSIANS",8,5.8453994,0.32026568,0.0036980119,0.25047004,0.03943626,0.28249127,0.068166785,0.81103545,7.2676194E-5,0.22378522,0.06152107,0.0907854,0.01783336
375316653866487564,4040447332189749632,0.4428718,2426.910727125529,0.789519029866056,3.8324008E-5,19.257574,0.014930971,0.29603946,0.010560186,0.04541509,0.008343754,0.16147575,0.022227095,0.61061525,0.018872947,0.095668405,0.026360864,0.108547345,0.023327518,null,null,null,null,"TWOGAUSSIANS",8,2.9775662,0.29625946,0.010510154,0.2543245,0.046725027,0.1619631,0.023340162,0.61061525,0.018872947,0.4,0.0,0.108545616,0.023323284
375316653866487564,4040447366549400192,0.5217385,2419.7452431716733,0.0710918882919977,4.5018147E-5,19.620916,0.031522643,0.23825933,0.031802066,0.05806946,0.014780046,0.51260084,0.19787812,0.6777984,0.01059241,0.07828229,0.016566804,0.20736772,0.030574152,null,null,null,null,"TWOGAUSSIANS",8,3.2541754,0.23825933,0.031802066,0.325189,0.07858417,0.512473,0.19412579,0.6777984,0.01059241,0.4,0.0,0.20723982,0.027506981
375316653866487564,4040447469627852288,0.47156817,2347.611037344036,0.0836612064062706,3.840138E-5,18.179003,0.0062677376,0.24210414,0.002054075,0.005523948,0.002980212,0.16937236,0.6374836,0.7890152,0.007565076,0.016906817,0.004016697,0.052489482,0.030868052,0.03824855,0.008101743,0.24210414,0.002054075,"TWOGAUSSIANS_WITH_ELLIPSOIDAL_ON_ECLIPSE1",9,8.870254,0.24210414,0.002054075,0.030934108,0.016689187,0.24586943,0.64770013,0.7890152,0.007565076,0.09467817,0.022493504,0.12253088,0.028067077
375316653866487564,4040447503987749376,0.5001981,2306.9001037418,0.025181578926963946,1.791627E-4,19.619522,0.04563476,0.18106624,0.00454533,0.06822025,0.00956973,0.37067568,0.06476258,0.74322265,0.006297863,0.12542799,0.020010566,0.30667847,0.04306223,null,null,null,null,"TWOGAUSSIANS",8,1.8963573,0.18082625,0.00447751,0.38203338,0.049516156,0.36219153,0.059924565,0.74322265,0.006297863,0.4,0.0,0.29748598,0.028427081
375316653866487564,4040447538416283648,0.4811361,2368.0221449691862,2.064678058207572,9.050114E-5,13.974572,0.0143091595,0.25982785,0.007059847,0.051431205,0.008784816,0.22173354,0.035713755,0.786653,0.016338177,0.030319246,0.015661214,0.07830674,0.03365183,0.025224976,0.02521111,0.786653,0.016338177,"TWOGAUSSIANS_WITH_ELLIPSOIDAL_ON_ECLIPSE2",9,1116.6552,0.26102784,0.006095631,0.28801474,0.04919497,0.27082643,0.02969953,0.786653,0.016338177,0.16978778,0.087702796,0.12875655,0.025683591
375316653866487564,4040447778866361472,0.42607206,2393.180261347822,0.616109595450032,2.2100226E-5,19.10458,0.06525833,0.2599643,0.04879279,0.10309098,0.029399097,0.13866033,0.072143674,0.70865893,0.021585356,0.048014384,0.104521014,0.12426039,0.030517656,null,null,null,null,"TWOGAUSSIANS",8,3.6195083,0.2599643,0.047927815,0.4,0.0,0.13833955,0.043594822,0.70865893,0.021585356,0.26888055,0.13736045,0.12395036,0.01980077
375316653866487564,4040447813225846784,0.44805238,2341.6110688060107,0.09832172690409068,1.0170422E-4,19.299572,0.036352668,0.2557984,0.030240305,0.11428661,0.030814584,0.2595788,0.03759699,0.70313495,0.005317345,0.087945156,0.0151521275,0.36876684,0.100340255,null,null,null,null,"TWOGAUSSIANS",8,4.902888,0.70313495,0.005317345,0.4,0.0,0.35466337,0.10058129,0.2557984,0.030240716,0.4,0.0,0.24535172,0.028029112
375316653866487564,4040447813227060480,0.4613308,2323.9392420225277,0.21780352846568446,2.6315816E-5,19.185205,0.4819235,0.2275793,0.01171167,0.19751357,0.105767444,0.47873744,0.47547096,0.71331275,0.019306723,0.12020154,0.03516923,0.4399753,0.27163988,null,null,null,null,"TWOGAUSSIANS",8,2.9935374,0.71331275,0.019306723,0.4,0.0,0.23853466,0.013671861,0.2277893,0.011417077,0.4,0.0,0.23805669,0.015543198
375316653866487564,4040447881945397504,0.44717872,2372.658693717109,0.11647491847604519,2.5155767E-5,19.596893,0.0850759,0.1549088,0.01002625,0.06746556,0.037428457,0.24310392,0.06652765,0.6408378,0.022076843,0.082983926,0.035530094,0.29191956,0.21753334,null,null,null,null,"TWOGAUSSIANS",8,4.8833723,0.6408378,0.022076843,0.4,0.055294424,0.29035962,0.21252644,0.1549088,0.010022254,0.3778071,0.079331286,0.241544,0.046524163
375316653866487564,4040447881946609536,0.4492353,2391.4874244035755,0.11300114969780634,1.0029256E-4,18.34074,0.1082285,0.26701197,0.011001057,0.12187589,0.04223544,0.19181435,0.1056656,0.7485486,0.010703671,0.11746095,0.036401182,0.16943654,0.10670721,null,null,null,null,"TWOGAUSSIANS",8,6.384884,0.26708198,0.010883005,0.4,0.0,0.15732472,0.020500846,0.7485486,0.010703671,0.4,0.0,0.13499966,0.02711158
375316653866487564,4040447912026835584,0.42880082,2363.67624308728,2.0982428886100144,3.384973E-5,18.751959,0.06606277,0.24352336,0.027013855,0.0102609955,0.05766558,0.36294958,0.22106902,0.7559821,0.06741317,0.059765965,0.045271266,0.118109904,0.16334724,0.06197279,0.069043145,0.24352336,0.027013855,"TWOGAUSSIANS_WITH_ELLIPSOIDAL_ON_ECLIPSE1",9,37.44123,0.24352336,0.027013855,0.057461575,0.32292724,0.4868875,0.24459043,0.7559821,0.06730864,0.3346894,0.24461108,0.24128987,0.074148655
375316653866487564,4040447916306339840,0.60821027,2426.205784211489,0.48934070134635116,4.374295E-5,19.824547,0.0091687385,0.1986603,0.017646302,0.028656157,0.016079916,1.4760141,1303.3197,0.64128923,0.032618202,0.024852376,0.031881485,0.10328119,1.46794061E9,null,null,null,null,"TWOGAUSSIANS",8,1.5423048,0.1986603,0.017646302,0.16047448,0.09004753,1.4760141,1303.3197,0.64128923,0.032618202,0.13917331,0.17853633,0.10328119,1.46794061E9
375316653866487564,4040447950662556032,0.4707707,2344.329826541692,3.0247980892141166,6.2816584E-6,18.39026,0.0065089855,0.32293454,0.041726056,0.02994303,0.018040976,0.23966083,0.27670023,0.47071862,2.2265753E-5,0.002132254,2.3532589E-4,0.07111519,0.0061264853,null,null,null,null,"TWOGAUSSIANS",8,5.01243,0.32293454,0.041726056,0.16768098,0.10102946,0.23966083,0.27670023,0.47071862,2.2265753E-5,0.011940622,0.001317825,0.071116425,0.0061409394
375316653866487564,4040447985022438272,0.4488655,2383.1273206312953,0.034277404431895,6.811571E-5,19.045824,0.09904273,0.23147218,0.014436195,0.05707541,0.015560125,0.80837536,0.1461922,0.67454016,0.024616938,0.14018172,0.036249157,0.6655944,0.13365398,null,null,null,null,"TWOGAUSSIANS",8,24.629461,0.23185217,0.01408108,0.3196223,0.0871367,0.7896307,0.114835314,0.67454016,0.024616938,0.4,0.0,0.6420753,0.120825306
375316653866487564,4040447985022460800,0.46122834,2441.3411403704845,3.353511700568917,6.219735E-5,19.398869,0.020415332,0.3045505,0.06954976,0.09910927,0.042049598,0.12156627,0.038898114,0.64453804,0.03685768,0.09669623,0.025237968,0.5457287,0.2447615,null,null,null,null,"TWOGAUSSIANS",8,1.5904713,0.64453804,0.03685768,0.4,0.0,0.5443748,0.24433924,0.30831048,0.06807504,0.4,0.0,0.121079326,0.038178112
375316653866487564,4040448053742178432,0.49287194,2336.878347761153,1.4557747449308407,3.2862336E-5,18.300142,0.0026446762,0.31082124,0.0065082135,0.030666716,0.007112838,0.088590816,0.010241679,0.81240845,0.008713534,0.041211367,0.007132017,0.15483013,0.015928144,null,null,null,null,"TWOGAUSSIANS",8,2.3046765,0.81240845,0.008713534,0.23078364,0.039939296,0.15483013,0.015928144,0.31082124,0.0065082135,0.17173362,0.03983189,0.088590816,0.010241679
375316653866487564,4040448122461265280,0.4437573,2458.256701380648,1.5763612136908751,8.6728156E-5,18.982048,0.010963193,0.30322623,0.028735176,0.044160362,0.022707954,0.07992154,0.028390488,0.79438955,0.03221295,0.057328835,0.027129611,0.16774476,0.040128753,null,null,null,null,"TWOGAUSSIANS",8,2.1352441,0.79438955,0.03221295,0.3210415,0.09837478,0.16774392,0.04010917,0.30322623,0.028735176,0.24729803,0.12716454,0.07992071,0.028381608
375316653866487564,4040448156891378560,0.55623174,2359.7148911593736,2.961348907523536,2.5503714E-5,9.760381,0.015659023,0.26695457,0.00415329,0.0493966,0.0146203395,0.1222234,0.039319217,0.750477,0.03598181,0.0710563,0.04953112,0.1763928,0.037613295,0.08817155,0.02342339,0.26695457,0.00415329,"TWOGAUSSIANS_WITH_ELLIPSOIDAL_ON_ECLIPSE1",9,157.45103,0.75516707,0.027967473,0.39791527,0.25857437,0.35123104,0.027738476,0.26695457,0.00415329,0.27662095,0.0818739,0.298411,0.022324366
375316653866487564,4040448225541102336,0.45128286,2389.8701444989156,0.060100070064025436,2.9500192E-5,18.923304,0.6268817,0.13831925,0.026192969,0.06609196,0.026141522,0.3886374,0.18628508,0.6430882,0.024623217,0.17403726,0.15720232,0.42323545,0.602616,null,null,null,null,"TWOGAUSSIANS",8,6.438253,0.6430882,0.024623217,0.4,0.0,0.3427933,0.060028743,0.13813925,0.026167234,0.37011498,0.1420965,0.32188955,0.17872074
375316653866487564,4040448259900936960,0.47564468,2420.0051955549243,0.2332511332174407,4.2127573E-5,19.47054,0.012500294,0.21098824,0.0066728727,0.09656914,0.008194952,0.20505233,0.016726932,0.81660616,0.058345526,0.07708976,0.06612262,0.0913419,0.086326994,null,null,null,null,"TWOGAUSSIANS",8,1.9399829,0.21098824,0.0066616354,0.4,0.0,0.20440435,0.017010845,0.8167462,0.05848372,0.4,0.21917644,0.090742886,0.089543104
375316653866487564,4040448294263297792,0.53280807,2406.0433143035257,2.087762526664376,1.9380279E-5,18.958412,0.026821747,0.21958843,0.006102276,0.08841189,0.008635301,0.35068974,0.030981716,0.736472,0.008357254,0.086716056,0.011936412,0.35318142,0.026546896,null,null,null,null,"TWOGAUSSIANS",8,3.7586665,0.736472,0.008357254,0.4,0.0,0.34414744,0.021100696,0.21958843,0.006102276,0.4,0.0,0.3416557,0.02412879
375316653866487564,4040448362980261760,0.48903644,2365.203729502139,0.11392427260434305,2.569328E-5,18.478848,0.5618589,0.3938792,0.010858503,0.22935805,0.08779878,0.8749591,0.5373712,0.8481878,0.0045377687,0.03878016,0.010400945,0.5258715,0.25075507,null,null,null,null,"TWOGAUSSIANS",8,7.59682,0.3938792,0.010858503,0.4,0.0,0.67926705,0.04951123,0.8481878,0.0045377687,0.21716888,0.058245294,0.50469583,0.26574314
375316653866487564,4040448397340046208,0.45595935,2440.829342111975,0.15500213358084344,6.9249836E-5,19.517408,0.24073873,0.18662535,0.018471379,0.18060513,0.10209155,0.45262465,0.16439435,0.5752022,0.038426816,0.06905684,0.030192878,0.27142107,0.088325225,null,null,null,null,"TWOGAUSSIANS",8,2.5592086,0.18662535,0.01846138,0.4,0.0,0.41434282,0.09634742,0.5752022,0.038426816,0.3867183,0.081163876,0.27933276,0.07333228
