Gaia/vari_eclipsing_binary/VariEclipsingBinary_479114-479173.csv
# %ECSV 1.0
# ---
# delimiter: ','
# meta: !!omap
# - RELEASE: Gaia DR3
# - TABLE: vari_eclipsing_binary
# - DESCRIPTION: >
#     This table describes the properties of the eclipsing binaries resulting from the variability analysis. 
# - CITATION: >
#     How to cite and acknowledge Gaia: 
#     https://gea.esac.esa.int/archive/documentation/credits.html 
# - KNOWN_ISSUES: >
#     Known issues: 
#     https://www.cosmos.esa.int/web/gaia-users/known-issues 
# - DOCUMENTATION: >
#     Tutorials and documentation: 
#     https://www.cosmos.esa.int/web/gaia-users/archive 
# datatype:
# - 
#   name: solution_id
#   datatype: int64
#   description: Solution Identifier
#   meta:
#     ucd: meta.version
# - 
#   name: source_id
#   datatype: int64
#   description: Unique source identifier
#   meta:
#     ucd: meta.id;meta.main
# - 
#   name: global_ranking
#   datatype: float32
#   description: Number between 0 (worst) and 1 (best)
#   meta:
#     ucd: stat.param
# - 
#   name: reference_time
#   datatype: float64
#   unit: d
#   description: Reference time used for the geometric model fit
#   meta:
#     ucd: time.epoch
# - 
#   name: frequency
#   datatype: float64
#   unit: d**-1
#   description: Frequency of geometric model of the eclipsing binary light curve
#   meta:
#     ucd: src.orbital
# - 
#   name: frequency_error
#   datatype: float32
#   unit: d**-1
#   description: "Uncertainty of \\texttt{frequency}"
#   meta:
#     ucd: stat.error
# - 
#   name: geom_model_reference_level
#   datatype: float32
#   unit: mag
#   description: Magnitude reference level of geometric model
#   meta:
#     ucd: phot.mag;em.opt
# - 
#   name: geom_model_reference_level_error
#   datatype: float32
#   unit: mag
#   description: "Uncertainty of \\texttt{geomModelReferenceLevel}"
#   meta:
#     ucd: stat.error;phot.mag;em.opt
# - 
#   name: geom_model_gaussian1_phase
#   datatype: float32
#   description: Phase of the Gaussian 1 component
#   meta:
#     ucd: time.phase
# - 
#   name: geom_model_gaussian1_phase_error
#   datatype: float32
#   description: "Uncertainty of \\texttt{geomModelGaussian1Phase}"
#   meta:
#     ucd: stat.error;time.phase
# - 
#   name: geom_model_gaussian1_sigma
#   datatype: float32
#   description: "Standard deviation [phase] of Gaussian 1 component"
#   meta:
#     ucd: stat.stdev
# - 
#   name: geom_model_gaussian1_sigma_error
#   datatype: float32
#   description: "Uncertainty of \\texttt{geomModelGaussian1Sigma}"
#   meta:
#     ucd: stat.error
# - 
#   name: geom_model_gaussian1_depth
#   datatype: float32
#   unit: mag
#   description: Magnitude depth of Gaussian 1 component
#   meta:
#     ucd: src.var.amplitude
# - 
#   name: geom_model_gaussian1_depth_error
#   datatype: float32
#   unit: mag
#   description: "Uncertainty of \\texttt{geomModelGaussian1Depth}"
#   meta:
#     ucd: stat.error;src.var.amplitude
# - 
#   name: geom_model_gaussian2_phase
#   datatype: float32
#   description: Phase of Gaussian 2 component
#   meta:
#     ucd: time.phase
# - 
#   name: geom_model_gaussian2_phase_error
#   datatype: float32
#   description: "Uncertainty of \\texttt{geomModelGaussian2Phase}"
#   meta:
#     ucd: stat.error;time.phase
# - 
#   name: geom_model_gaussian2_sigma
#   datatype: float32
[...]
#   datatype: float32
#   description: "Secondary eclipse: uncertainty of \\texttt{derivedSecondaryEclDuration}"
#   meta:
#     ucd: stat.error;time.duration
# - 
#   name: derived_secondary_ecl_depth
#   datatype: float32
#   unit: mag
#   description: "Secondary eclipse: depth"
#   meta:
#     ucd: src.var.amplitude
# - 
#   name: derived_secondary_ecl_depth_error
#   datatype: float32
#   unit: mag
#   description: "Secondary eclipse: uncertainty of \\texttt{derivedSecondaryEclDepth}"
#   meta:
#     ucd: stat.error;src.var.amplitude
solution_id,source_id,global_ranking,reference_time,frequency,frequency_error,geom_model_reference_level,geom_model_reference_level_error,geom_model_gaussian1_phase,geom_model_gaussian1_phase_error,geom_model_gaussian1_sigma,geom_model_gaussian1_sigma_error,geom_model_gaussian1_depth,geom_model_gaussian1_depth_error,geom_model_gaussian2_phase,geom_model_gaussian2_phase_error,geom_model_gaussian2_sigma,geom_model_gaussian2_sigma_error,geom_model_gaussian2_depth,geom_model_gaussian2_depth_error,geom_model_cosine_half_period_amplitude,geom_model_cosine_half_period_amplitude_error,geom_model_cosine_half_period_phase,geom_model_cosine_half_period_phase_error,model_type,num_model_parameters,reduced_chi2,derived_primary_ecl_phase,derived_primary_ecl_phase_error,derived_primary_ecl_duration,derived_primary_ecl_duration_error,derived_primary_ecl_depth,derived_primary_ecl_depth_error,derived_secondary_ecl_phase,derived_secondary_ecl_phase_error,derived_secondary_ecl_duration,derived_secondary_ecl_duration_error,derived_secondary_ecl_depth,derived_secondary_ecl_depth_error
[from data line 375]
375316653866487564,4214659452060266496,0.5123284,2212.838897889516,2.351644435107271,3.8442133E-5,17.221142,0.01472153,0.26568484,0.006028491,0.09376196,0.011885012,0.22947153,0.021019116,0.79096955,0.013211803,0.08180993,0.011027799,0.21341003,0.023323603,null,null,null,null,"TWOGAUSSIANS",8,21.552605,0.26568484,0.006028491,0.4,0.0,0.22443244,0.021937806,0.79096955,0.013211803,0.4,0.0,0.2083716,0.020552278
375316653866487564,4214661754161548800,0.64528346,2201.7866336625057,1.4019603205886595,6.498007E-6,16.101736,0.003984993,0.3206265,0.0014692843,0.055020582,0.006395328,0.06687344,0.009261573,0.8396438,0.0029725593,0.02471805,0.007946205,0.0782565,0.075766146,0.07697503,0.0054350803,0.3206265,0.0014692843,"TWOGAUSSIANS_WITH_ELLIPSOIDAL_ON_ECLIPSE1",9,3.8078055,0.8396438,0.0029725593,0.13842107,0.04449875,0.23001675,0.07507629,0.3206265,0.0014692843,0.30811527,0.035813835,0.22082128,0.0040832167
375316653866487564,4214661822881050880,0.48750412,2160.684319102455,0.6566969798454962,2.4338879E-5,19.697243,0.049100675,0.19744654,0.013458999,0.13125888,0.02752032,0.21726333,0.05398443,0.6601558,0.008653753,0.050908927,0.011884287,0.56600577,0.1622065,null,null,null,null,"TWOGAUSSIANS",8,1.3514463,0.6601558,0.008653753,0.28508997,0.066552006,0.5601351,0.16506864,0.19744654,0.013458999,0.4,0.0,0.21090765,0.04836232
375316653866487564,4214662437044129664,0.5226197,2122.96152772606,1.4906870848458054,1.8655299E-5,19.28874,0.0084178,0.78393084,0.004021383,0.06891933,0.0208929,0.16966458,0.17109278,null,null,null,null,null,null,0.14492545,0.011630862,0.78393084,0.004021383,"ONEGAUSSIAN_WITH_ELLIPSOIDAL",6,1.4295591,0.78393084,0.004021383,0.38594827,0.09481203,0.45928288,0.16165051,null,null,null,null,null,null
375316653866487564,4214662578795370240,0.58258265,2207.028538438958,1.0458990219579256,9.798945E-6,15.314316,0.03115128,0.23583753,0.0027259875,0.14909314,0.026015203,0.109092124,0.029283866,0.73318404,0.0021932547,0.122779705,0.011934085,0.15183587,0.027065184,null,null,null,null,"TWOGAUSSIANS",8,3.3493202,0.73318404,0.0021932547,0.4,0.0,0.10760637,0.0052443054,0.23587753,0.0027439406,0.4,0.0,0.064149484,0.0035074083
375316653866487564,4214664262422659968,0.70103145,2136.940694590199,2.2207282939541146,3.2830753E-6,16.030191,0.0053396574,0.25594077,0.0011545952,0.04170504,0.0030362774,0.30271223,0.03531909,0.7513765,8.8507234E-4,0.044729352,0.0017148354,0.2664132,0.014969916,0.14457084,0.006574388,0.25594077,0.0011545952,"TWOGAUSSIANS_WITH_ELLIPSOIDAL_ON_ECLIPSE1",9,14.279967,0.25594077,0.0011545952,0.23354821,0.017003153,0.59185386,0.036930554,0.7520465,6.9142174E-4,0.25048438,0.0096030785,0.55535185,0.011253868
375316653866487564,4214664468580954368,0.5751652,2146.287698309098,2.020094524333889,1.9210174E-5,17.86682,0.018687902,0.24521056,0.0045689056,0.10399519,0.009942595,0.25626066,0.019783441,0.74555165,0.0045639817,0.10068567,0.011685392,0.26477075,0.021171806,null,null,null,null,"TWOGAUSSIANS",8,2.3095438,0.74555165,0.0045639817,0.4,0.0,0.23853207,0.026665077,0.24521056,0.0045689056,0.4,0.0,0.2300194,0.014650007
375316653866487564,4214666908122240896,0.58989215,2216.648173026581,0.19581981208409155,2.0840336E-5,13.222457,0.0035558103,0.7577997,0.0033830418,0.021410525,0.0052783107,0.1779799,0.043908317,null,null,null,null,null,null,0.062857345,0.005425455,0.7577997,0.0033830418,"ONEGAUSSIAN_WITH_ELLIPSOIDAL",6,208.10207,0.7577997,0.0033830418,0.119898945,0.02955854,0.30369437,0.04385152,null,null,null,null,null,null
375316653866487564,4214667109969072512,0.5811922,2223.8721976632464,3.2961055975039737,1.9639438E-5,17.837036,0.01018745,0.07520484,0.010071059,0.093251765,0.014551745,0.17470065,0.024463063,0.5788993,0.0038843257,0.087738626,0.008203294,0.2036111,0.010265297,null,null,null,null,"TWOGAUSSIANS",8,1.8886117,0.5788993,0.0038843257,0.4,0.0,0.19579121,0.008579471,0.07520484,0.010071059,0.4,0.0,0.16688061,0.027565662
375316653866487564,4214667492237795328,0.67909753,2203.985924521332,2.0686728398555587,8.1241205E-6,15.626721,0.005044668,0.25827622,0.0010959058,0.087952346,0.002087948,0.32799494,0.005170341,0.7561957,0.004323614,0.09196724,0.006545527,0.258413,0.015701955,null,null,null,null,"TWOGAUSSIANS",8,5.3931313,0.25827622,0.0010959058,0.4,0.0,0.3161853,0.0031689317,0.7561957,0.004323614,0.4,0.0,0.24660319,0.018058868
375316653866487564,4214671374867789184,0.55173117,2167.8348432025864,2.388361883123116,3.526939E-5,18.15408,0.010857955,0.23959619,0.008263864,0.09297688,0.015269132,0.13271606,0.008908477,0.7563235,0.005353225,0.085185215,0.008886078,0.1527592,0.011508026,null,null,null,null,"TWOGAUSSIANS",8,1.5716268,0.7563235,0.0053513763,0.4,0.0,0.14853504,0.0085654175,0.23959619,0.008263864,0.4,0.0,0.12849171,0.00904231
375316653866487564,4214674703471580672,0.50629884,2177.320906120227,2.709659823657865,1.538888E-5,16.933296,0.023040066,0.15857834,0.00605796,0.023677966,0.01822319,0.05815689,0.54926157,null,null,null,null,null,null,0.16321553,0.03367503,0.15857834,0.00605796,"ONEGAUSSIAN_WITH_ELLIPSOIDAL",6,74.491135,0.15857834,0.00605796,0.13259661,0.10204987,0.3845876,0.5457158,null,null,null,null,null,null
375316653866487564,4214674742142094208,0.55965304,2138.947758097173,2.5830888536195276,1.1565438E-5,16.93596,0.012055956,0.24632531,0.011276159,0.022474024,0.01727112,0.22955403,0.12054797,0.7684222,0.0037247618,0.05018097,0.011249713,0.15775073,0.04258315,0.12347494,0.030828003,0.7684222,0.0037247618,"TWOGAUSSIANS_WITH_ELLIPSOIDAL_ON_ECLIPSE2",9,35.158123,0.24722531,0.009863528,0.12585454,0.096718274,0.47196463,0.14798923,0.7684222,0.0037247618,0.28101343,0.06299839,0.40469986,0.024712993
375316653866487564,4214674840910610688,0.47073728,2134.631325381653,0.9470336769891893,9.794219E-5,15.2389145,0.01771051,0.36416537,0.025628103,0.12529859,0.04276472,0.1213457,0.023202535,0.8321799,0.0108251665,0.04431821,0.0117618255,0.2638905,0.1270057,null,null,null,null,"TWOGAUSSIANS",8,126.96226,0.8321799,0.0108251665,0.24818198,0.065866224,0.26215017,0.12837724,0.36416537,0.025628103,0.4,0.0,0.11947722,0.024122985
375316653866487564,4214675115791150208,0.5625915,2154.779129906528,2.371189284664863,1.5842848E-5,17.968435,0.053020556,0.21145622,0.0032656742,0.103447214,0.0116405245,0.37509596,0.048832178,0.7103928,0.0047890474,0.10977918,0.021407727,0.3986451,0.030009981,null,null,null,null,"TWOGAUSSIANS",8,4.803644,0.7103928,0.0047890474,0.4,0.0,0.34972933,0.043287553,0.21145622,0.0032629278,0.4,0.0,0.3261988,0.010112097
375316653866487564,4214675734263845760,0.6143663,2119.725167697687,3.029171085667897,9.446176E-6,18.706945,0.01002694,0.2810264,0.005788711,0.0848588,0.0040305667,0.4506299,0.013067211,0.7879997,0.002026144,0.08446688,0.0039974535,0.3775514,0.008819195,null,null,null,null,"TWOGAUSSIANS",8,1.8590162,0.2810264,0.005788711,0.4,0.0,0.44130325,0.011318177,0.7879997,0.002026144,0.4,0.0,0.36822477,0.0075946515
375316653866487564,4214676734987278336,0.46693358,2172.056584875098,3.105808296708388,4.920898E-5,18.32787,0.13283958,0.25608099,0.011459317,0.07768214,0.032201614,0.31793448,0.09512758,0.76063144,0.022741092,0.073777616,0.10122885,0.2756826,0.04572224,null,null,null,null,"TWOGAUSSIANS",8,7.744881,0.25608099,0.011446642,0.4,0.0,0.3156258,0.057382848,0.76063144,0.022741092,0.4,0.01123848,0.27337387,0.11326821
375316653866487564,4214677692774375168,0.5433538,2187.7970905094735,1.7605521694137674,3.5534536E-5,8.235832,0.046113957,0.25114805,0.00624998,0.1434092,0.03019021,0.13470118,0.0447465,0.7290194,0.005589817,0.102458484,0.02088878,0.17754897,0.029229628,null,null,null,null,"TWOGAUSSIANS",8,52.473705,0.7290194,0.005589817,0.4,0.0,0.14737456,0.016220687,0.25116804,0.006191331,0.4,0.0,0.10382964,0.0056199036
375316653866487564,4214680922589816192,0.5711811,2228.4604038126013,1.6172864058579917,3.7041373E-5,16.89191,0.0037798728,0.2635904,0.016721575,0.01790756,0.016691223,0.026924053,0.03101426,0.7423583,0.0066052685,0.048204575,0.0061853263,0.21397258,0.021273704,0.017579112,0.0058682943,0.2635904,0.016721575,"TWOGAUSSIANS_WITH_ELLIPSOIDAL_ON_ECLIPSE1",9,3.5348978,0.7429683,0.0063059297,0.26994562,0.034637827,0.24852642,0.020665823,0.2635904,0.016721575,0.100282334,0.09347084,0.062082,0.02777579
375316653866487564,4214681025664186368,0.4756449,2216.3285488947217,4.186763033755408,1.6706612E-5,18.991673,0.010816533,0.35021028,0.005471809,0.04517662,0.0075968425,0.12591682,0.015363191,0.56467605,0.02688754,0.06699494,0.019025315,0.12031398,0.01950192,null,null,null,null,"TWOGAUSSIANS",8,2.8977458,0.35078028,0.004318389,0.25298908,0.04254232,0.12664273,0.015321696,0.56467605,0.02688754,0.3751717,0.09751817,0.12031559,0.019505138
375316653866487564,4214681609781956096,0.45136994,2213.9403022136285,0.10520426568391006,5.6011737E-5,18.907791,0.0086305095,0.17537543,0.021663958,0.07595678,0.01732034,0.10663384,0.012048595,0.57208025,0.033709154,0.058140907,0.020752816,0.08631107,0.018713621,null,null,null,null,"TWOGAUSSIANS",8,2.2180269,0.17537543,0.021663958,0.4,0.03880713,0.10662607,0.012031129,0.57208025,0.033709154,0.3255891,0.11175051,0.086303435,0.018635169
375316653866487564,4214681820248334208,0.5320625,2185.7154110992883,2.8355411728414555,1.642975E-5,16.60316,0.038617894,0.27643988,0.006523693,0.10432296,0.02108375,0.2667264,0.03264083,0.7575424,0.007839306,0.095954925,0.014163064,0.39889956,0.037448864,null,null,null,null,"TWOGAUSSIANS",8,38.75611,0.7575424,0.007839306,0.4,0.0,0.37648952,0.029778533,0.27643988,0.006518864,0.4,0.0,0.24431036,0.022252867
375316653866487564,4214681992028070912,0.4792955,2208.889141745912,3.8410167567093385,2.5953239E-5,19.090649,0.00858504,0.21096665,0.0075327065,0.070700325,0.014310325,0.10146053,0.030638913,null,null,null,null,null,null,0.08118506,0.0114886705,0.21096665,0.0075327065,"ONEGAUSSIAN_WITH_ELLIPSOIDAL",6,4.7233357,0.21096665,0.0075327065,0.3959218,0.057467245,0.26363835,0.030104043,null,null,null,null,null,null
375316653866487564,4214681992047033984,0.6750561,2203.801222646028,2.2054415064559754,3.824827E-6,13.803359,0.0050825863,0.25559312,0.0012335627,0.062111244,0.002762465,0.1729679,0.011051645,0.7516546,0.015653696,0.03544769,0.026346145,0.021546153,0.009876321,0.057767905,0.006057754,0.25559312,0.0012335627,"TWOGAUSSIANS_WITH_ELLIPSOIDAL_ON_ECLIPSE1",9,18.02086,0.25559312,0.0012335627,0.34782296,0.0154698035,0.2884516,0.0040612826,0.75302464,0.012801643,0.19850707,0.14753841,0.1369837,0.006376847
375316653866487564,4214684569027183872,0.5438765,2170.5023570866774,3.563693122109518,1.7853234E-5,16.658077,0.020819267,0.3312537,0.0015932836,0.09420692,0.007285879,0.33472937,0.02541112,0.82882255,0.003927246,0.09241556,0.00942385,0.35809848,0.027987856,null,null,null,null,"TWOGAUSSIANS",8,35.896076,0.82882255,0.003927246,0.4,0.0,0.33963794,0.02966261,0.3312537,0.0015932836,0.4,0.0,0.31626865,0.02307417
375316653866487564,4214684672106398208,0.55920213,2154.3661913882984,1.6845330173332849,1.798732E-5,16.964815,0.0056907632,0.25445363,0.0024185563,0.040445156,0.004367774,0.16852906,0.032142032,null,null,null,null,null,null,0.01848271,0.008040625,0.25445363,0.0024185563,"ONEGAUSSIAN_WITH_ELLIPSOIDAL",6,4.8998494,0.25445363,0.0024185563,0.22649287,0.024459533,0.20549448,0.031480324,null,null,null,null,null,null
375316653866487564,4214687008568981504,0.5075862,2169.7671785384578,0.02649834929219357,3.0312132E-5,17.774475,0.109809145,0.3486494,0.015734283,0.16878974,0.044214472,0.5222859,0.105493136,0.7663792,0.015157056,0.09502858,0.01791835,0.5551119,0.11834482,null,null,null,null,"TWOGAUSSIANS",8,2.9700022,0.7663792,0.015157056,0.4,0.0,0.49175358,0.1530986,0.34873942,0.015837673,0.4,0.0,0.4331733,0.014147626
375316653866487564,4214687695763378688,0.6350628,2177.9370879646362,3.134409512929367,5.6146228E-6,17.031668,0.026982874,0.29328525,0.006489013,0.049976315,0.015963938,0.24035898,0.04713924,0.803545,5.624021E-4,0.044926915,0.008155872,0.34032303,0.039915606,0.105483755,0.03635019,0.803545,5.624021E-4,"TWOGAUSSIANS_WITH_ELLIPSOIDAL_ON_ECLIPSE2",9,7.4370027,0.803545,5.624021E-4,0.25159073,0.045672886,0.55129015,0.036577307,0.29479524,0.0055473726,0.27986735,0.089398056,0.45057946,0.057784863
375316653866487564,4214689272001330432,0.5102335,2155.529825133513,2.6846257258224844,1.5431293E-5,15.690731,0.041475568,0.1668849,0.006969593,0.116843484,0.02447236,0.17197432,0.039673246,0.6562485,0.0140190385,0.06970349,0.03852562,0.20212471,0.036727812,null,null,null,null,"TWOGAUSSIANS",8,62.876385,0.6562485,0.014028307,0.39033955,0.08753437,0.19388086,0.04720291,0.1668849,0.0069705755,0.4,0.0,0.16369149,0.012367616
375316653866487564,4214690272744232192,0.515861,2145.062423746122,1.9663667928396729,4.3449694E-5,16.599981,0.0051936596,0.42827716,0.0036972833,0.042145833,0.0023747538,0.26804826,0.012706285,null,null,null,null,null,null,null,null,null,null,"ONEGAUSSIAN",5,24.941368,0.42827716,0.0036972833,0.23601668,0.013298621,0.26804826,0.0,null,null,null,null,null,null
375316653866487564,4214691337896325376,0.56535316,2216.898119616035,2.7811804470271517,2.5985191E-5,17.731802,0.03955483,0.16915806,0.0066255946,0.09466834,0.022905897,0.17430362,0.036412183,0.66916937,0.010419845,0.1076476,0.023217265,0.23736191,0.038298953,null,null,null,null,"TWOGAUSSIANS",8,3.6803722,0.66916937,0.010419845,0.4,0.0,0.21803693,0.017565552,0.16915806,0.006638665,0.4,0.0,0.15498815,0.009787279
375316653866487564,4214691440975341696,0.4527511,2138.4660056864477,0.06673265626124616,1.0775717E-4,18.249647,0.13188367,0.34311998,0.027452778,0.16437872,0.10006804,0.14712559,0.13139091,0.79283667,0.027795533,0.11998961,0.043121196,0.21548039,0.10070169,null,null,null,null,"TWOGAUSSIANS",8,2.96836,0.79283667,0.027795533,0.4,0.0,0.16806233,0.07577822,0.34421998,0.0250547,0.4,0.0,0.095879965,0.041502282
375316653866487564,4214691578396269312,0.48648915,2118.6063199431956,4.579836357360611,3.7923164E-5,18.704247,0.024389526,0.28296742,0.01668048,0.14254525,0.03018197,0.13359426,0.025953226,0.65912336,0.031030279,0.08224631,0.024469882,0.098550595,0.033475216,null,null,null,null,"TWOGAUSSIANS",8,1.7854375,0.28298745,0.016618755,0.4,0.0,0.12868753,0.021377066,0.65912336,0.031030279,0.4,0.012590899,0.097758695,0.028466055
375316653866487564,4214691750213184256,0.517595,2183.9537258924797,2.6167922969208197,2.8471124E-5,15.783382,0.04820196,0.3202828,0.020018253,0.10371237,0.044416897,0.16872789,0.057710554,0.83248526,0.010147864,0.11967193,0.038961098,0.1140002,0.04841473,null,null,null,null,"TWOGAUSSIANS",8,20.28173,0.32025278,0.020053595,0.4,0.015264773,0.14924027,0.062291324,0.8324953,0.0101322355,0.4,0.0,0.094475955,0.008143407
375316653866487564,4214694464632178304,0.52486724,2203.673093317352,0.6226439753105886,1.5823569E-4,18.885956,0.004135589,0.32865566,0.011153829,0.06337625,0.019043423,0.22854003,0.11166157,0.59117943,0.010951504,0.010947966,0.010153861,0.052490544,0.03578859,null,null,null,null,"TWOGAUSSIANS",8,0.8376604,0.32865566,0.011153829,0.354907,0.05481052,0.22854003,0.11166157,0.59117943,0.010951504,0.06130861,0.056861617,0.052533496,0.035848998
375316653866487564,4214694876949008000,0.5479095,2128.3914013093545,3.770947659575884,2.4982233E-5,18.800997,0.017306285,0.19344296,0.0037010915,0.04516802,0.006611907,0.2604246,0.091783985,null,null,null,null,null,null,0.1310104,0.022173384,0.19344296,0.0037010915,"ONEGAUSSIAN_WITH_ELLIPSOIDAL",6,5.8446274,0.19344296,0.0037010915,0.25294092,0.03702668,0.5224454,0.08123723,null,null,null,null,null,null
375316653866487564,4214695800352605312,0.5260106,2189.8273658548314,3.2921239603033805,5.8163143E-5,18.564604,0.016050667,0.25687572,0.008783218,0.06982123,0.014023742,0.27925175,0.038631544,0.7724545,0.0148668755,0.074053176,0.012792083,0.30355895,0.070582226,null,null,null,null,"TWOGAUSSIANS",8,5.292552,0.7724545,0.0148668755,0.4,0.037248217,0.30261052,0.07029061,0.25687572,0.008783218,0.3909989,0.034184083,0.27830335,0.040583067
