Gaia/vari_eclipsing_binary/VariEclipsingBinary_481821-481916.csv
# %ECSV 1.0
# ---
# delimiter: ','
# meta: !!omap
# - RELEASE: Gaia DR3
# - TABLE: vari_eclipsing_binary
# - DESCRIPTION: >
#     This table describes the properties of the eclipsing binaries resulting from the variability analysis. 
# - CITATION: >
#     How to cite and acknowledge Gaia: 
#     https://gea.esac.esa.int/archive/documentation/credits.html 
# - KNOWN_ISSUES: >
#     Known issues: 
#     https://www.cosmos.esa.int/web/gaia-users/known-issues 
# - DOCUMENTATION: >
#     Tutorials and documentation: 
#     https://www.cosmos.esa.int/web/gaia-users/archive 
# datatype:
# - 
#   name: solution_id
#   datatype: int64
#   description: Solution Identifier
#   meta:
#     ucd: meta.version
# - 
#   name: source_id
#   datatype: int64
#   description: Unique source identifier
#   meta:
#     ucd: meta.id;meta.main
# - 
#   name: global_ranking
#   datatype: float32
#   description: Number between 0 (worst) and 1 (best)
#   meta:
#     ucd: stat.param
# - 
#   name: reference_time
#   datatype: float64
#   unit: d
#   description: Reference time used for the geometric model fit
#   meta:
#     ucd: time.epoch
# - 
#   name: frequency
#   datatype: float64
#   unit: d**-1
#   description: Frequency of geometric model of the eclipsing binary light curve
#   meta:
#     ucd: src.orbital
# - 
#   name: frequency_error
#   datatype: float32
#   unit: d**-1
#   description: "Uncertainty of \\texttt{frequency}"
#   meta:
#     ucd: stat.error
# - 
#   name: geom_model_reference_level
#   datatype: float32
#   unit: mag
#   description: Magnitude reference level of geometric model
#   meta:
#     ucd: phot.mag;em.opt
# - 
#   name: geom_model_reference_level_error
#   datatype: float32
#   unit: mag
#   description: "Uncertainty of \\texttt{geomModelReferenceLevel}"
#   meta:
#     ucd: stat.error;phot.mag;em.opt
# - 
#   name: geom_model_gaussian1_phase
#   datatype: float32
#   description: Phase of the Gaussian 1 component
#   meta:
#     ucd: time.phase
# - 
#   name: geom_model_gaussian1_phase_error
#   datatype: float32
#   description: "Uncertainty of \\texttt{geomModelGaussian1Phase}"
#   meta:
#     ucd: stat.error;time.phase
# - 
#   name: geom_model_gaussian1_sigma
#   datatype: float32
#   description: "Standard deviation [phase] of Gaussian 1 component"
#   meta:
#     ucd: stat.stdev
# - 
#   name: geom_model_gaussian1_sigma_error
#   datatype: float32
#   description: "Uncertainty of \\texttt{geomModelGaussian1Sigma}"
#   meta:
#     ucd: stat.error
# - 
#   name: geom_model_gaussian1_depth
#   datatype: float32
#   unit: mag
#   description: Magnitude depth of Gaussian 1 component
#   meta:
#     ucd: src.var.amplitude
# - 
#   name: geom_model_gaussian1_depth_error
#   datatype: float32
#   unit: mag
#   description: "Uncertainty of \\texttt{geomModelGaussian1Depth}"
#   meta:
#     ucd: stat.error;src.var.amplitude
# - 
#   name: geom_model_gaussian2_phase
#   datatype: float32
#   description: Phase of Gaussian 2 component
#   meta:
#     ucd: time.phase
# - 
#   name: geom_model_gaussian2_phase_error
#   datatype: float32
#   description: "Uncertainty of \\texttt{geomModelGaussian2Phase}"
#   meta:
#     ucd: stat.error;time.phase
# - 
#   name: geom_model_gaussian2_sigma
#   datatype: float32
[...]
#   datatype: float32
#   description: "Secondary eclipse: uncertainty of \\texttt{derivedSecondaryEclDuration}"
#   meta:
#     ucd: stat.error;time.duration
# - 
#   name: derived_secondary_ecl_depth
#   datatype: float32
#   unit: mag
#   description: "Secondary eclipse: depth"
#   meta:
#     ucd: src.var.amplitude
# - 
#   name: derived_secondary_ecl_depth_error
#   datatype: float32
#   unit: mag
#   description: "Secondary eclipse: uncertainty of \\texttt{derivedSecondaryEclDepth}"
#   meta:
#     ucd: stat.error;src.var.amplitude
solution_id,source_id,global_ranking,reference_time,frequency,frequency_error,geom_model_reference_level,geom_model_reference_level_error,geom_model_gaussian1_phase,geom_model_gaussian1_phase_error,geom_model_gaussian1_sigma,geom_model_gaussian1_sigma_error,geom_model_gaussian1_depth,geom_model_gaussian1_depth_error,geom_model_gaussian2_phase,geom_model_gaussian2_phase_error,geom_model_gaussian2_sigma,geom_model_gaussian2_sigma_error,geom_model_gaussian2_depth,geom_model_gaussian2_depth_error,geom_model_cosine_half_period_amplitude,geom_model_cosine_half_period_amplitude_error,geom_model_cosine_half_period_phase,geom_model_cosine_half_period_phase_error,model_type,num_model_parameters,reduced_chi2,derived_primary_ecl_phase,derived_primary_ecl_phase_error,derived_primary_ecl_duration,derived_primary_ecl_duration_error,derived_primary_ecl_depth,derived_primary_ecl_depth_error,derived_secondary_ecl_phase,derived_secondary_ecl_phase_error,derived_secondary_ecl_duration,derived_secondary_ecl_duration_error,derived_secondary_ecl_depth,derived_secondary_ecl_depth_error
[from data line 38]
375316653866487564,4238204016091576448,0.5666395,2128.9944439067435,4.37631840525746,2.3160115E-5,19.52442,0.016656714,0.3581694,0.010721454,0.071289174,0.009209279,0.6339231,0.056650646,0.8520726,0.02000654,0.067633,0.010314483,0.6658368,0.10053316,null,null,null,null,"TWOGAUSSIANS",8,2.2178197,0.8520726,0.02000654,0.37874484,0.057761103,0.6641329,0.09925548,0.3581694,0.010721454,0.3992194,0.028762847,0.6322192,0.056764465
375316653866487564,4238205764134035712,0.6123993,2067.875731175961,4.448382260113882,1.05137615E-5,18.687857,0.007943007,0.24827382,0.0026148881,0.040466838,0.0057543074,0.35672572,0.09426676,0.74915206,0.0061314804,0.0343089,0.0062356154,0.3029721,0.036660004,0.16061367,0.009516809,0.24827382,0.0026148881,"TWOGAUSSIANS_WITH_ELLIPSOIDAL_ON_ECLIPSE1",9,3.2849698,0.24827382,0.0026148881,0.2266143,0.032224122,0.67795247,0.094790325,0.74915206,0.0057908897,0.19212984,0.034919444,0.624189,0.038241882
375316653866487564,4238206008956960512,0.49165997,2097.456537270041,0.13989278209746914,7.621333E-6,15.462317,0.0023837606,0.86079556,0.02107449,0.017169809,0.0060715433,0.7733138,0.7990773,null,null,null,null,null,null,0.0066994135,0.006166547,0.86079556,0.02107449,"ONEGAUSSIAN_WITH_ELLIPSOIDAL",6,88.59528,0.86079556,0.02107449,0.09615093,0.034000643,0.7867126,0.8040833,null,null,null,null,null,null
375316653866487564,4238207830013215488,0.4772166,2022.5042934239934,3.0671041110536743,6.418472E-5,19.183157,0.06698314,0.1936637,0.007140566,0.097445,0.02609821,0.28651527,0.058891732,0.74024576,0.012154626,0.08743092,0.037300758,0.21322677,0.05376095,null,null,null,null,"TWOGAUSSIANS",8,4.047224,0.1936637,0.0071634585,0.4,0.0,0.28022602,0.04365588,0.7402558,0.012153005,0.4,0.04359649,0.20694296,0.035263997
375316653866487564,4238209474985916288,0.48073143,2185.896010791178,0.5016137828775789,1.4169287E-4,17.834183,0.022198295,0.21109469,0.034655496,0.055140566,0.036184072,0.4834339,23140.38,0.7773798,0.022828806,0.14470975,0.057731163,0.0638957,0.029781997,null,null,null,null,"TWOGAUSSIANS",8,8.564893,0.21100469,0.034549862,0.30878717,0.20263082,0.48090822,23140.383,0.7773798,0.022828806,0.4,0.0,0.060623247,0.026311453
375316653866487564,4238210196540835456,0.4588603,2073.7754320175823,2.8528138545568233,3.9808783E-5,18.213858,0.0066863946,0.22822413,0.009351568,0.042496204,0.07696347,0.040296838,0.018309359,null,null,null,null,null,null,0.07982842,0.01330352,0.22822413,0.009351568,"ONEGAUSSIAN_WITH_ELLIPSOIDAL",6,15.61466,0.22822413,0.009351568,0.23797876,0.17022964,0.19995329,0.018620046,null,null,null,null,null,null
375316653866487564,4238210952455140608,0.51643026,2049.863298513094,3.651767532231705,1.6054022E-5,19.000126,0.020631252,0.24653591,0.0096056815,0.08219477,0.010237432,0.35662225,0.030582018,0.7510882,0.004523611,0.08331084,0.008950493,0.27437222,0.023181405,null,null,null,null,"TWOGAUSSIANS",8,4.4062953,0.24653591,0.0096056815,0.4,0.0,0.3506336,0.027459443,0.7510882,0.004523611,0.4,0.0,0.26838356,0.021721551
375316653866487564,4238211643945588864,0.47609437,2085.6853234584096,3.576443737322305,1.3621289E-5,19.393333,0.025771525,0.30859572,0.009860754,0.09917102,0.017503431,0.22009552,0.028300174,0.78354937,0.0060193054,0.08642952,0.01313842,0.22878027,0.0244893,null,null,null,null,"TWOGAUSSIANS",8,1.7085829,0.78354937,0.0060193054,0.4,0.0,0.22060835,0.016477533,0.30859572,0.009860754,0.4,0.0,0.21192119,0.025008826
375316653866487564,4238211987551395200,0.52723545,2100.963528260224,2.700723441033938,1.52307075E-5,17.817648,0.0091067385,0.2958315,0.0057612457,0.047649566,0.0039571016,0.30424145,0.04740522,0.7709949,0.007867511,0.020399906,0.007754216,0.2891149,0.050149914,0.09761709,0.015468276,0.7709949,0.007867511,"TWOGAUSSIANS_WITH_ELLIPSOIDAL_ON_ECLIPSE2",9,12.768165,0.29329148,0.004728982,0.26683757,0.022159768,0.49523693,0.043093093,0.7709949,0.007867511,0.11423948,0.043423608,0.48434907,0.047151245
375316653866487564,4238212846544444288,0.53732586,2005.6830698892386,0.40705805777344745,2.7660866E-5,14.736607,9.048513E-4,0.28107882,0.009087183,0.020820701,0.011667615,0.13649246,966.1642,0.78692013,0.0015828527,0.018293662,0.0012993041,0.12835398,0.0128079085,0.0010092036,0.0019756104,0.28107882,0.009087183,"TWOGAUSSIANS_WITH_ELLIPSOIDAL_ON_ECLIPSE1",9,18.9437,0.28107882,0.009087183,0.11659593,0.06533864,0.13851087,966.1641,0.78692013,0.0015828527,0.10244451,0.007276103,0.13036968,0.013128714
375316653866487564,4238214182270723584,0.551608,2015.4091830005664,3.373536891613516,9.353513E-6,19.027258,0.007823248,0.19362743,0.002722384,0.07314654,0.00400496,0.41062993,0.02153597,0.6942891,0.0016041825,0.07474433,0.0023376741,0.43460318,0.014263663,null,null,null,null,"TWOGAUSSIANS",8,2.6235812,0.6942891,0.0016041825,0.4,0.0,0.43185946,0.014234602,0.19362743,0.002722384,0.4,0.004321035,0.40788624,0.021890413
375316653866487564,4238214525866205696,0.52014726,1948.8672371480147,3.8981723796210463,1.32435325E-5,19.528646,0.010082661,0.24695417,0.0033230023,0.07932142,0.005304967,0.417451,0.019590382,0.7440469,0.0024514706,0.07287052,0.0025576458,0.40198934,0.012363429,null,null,null,null,"TWOGAUSSIANS",8,1.5635074,0.24695417,0.0033230023,0.4,0.0,0.4139646,0.020152826,0.7440469,0.0024514706,0.4,0.0,0.39850292,0.011469192
375316653866487564,4238215251726179712,0.60838276,2001.0426420853307,2.4917813873852133,6.396125E-6,17.470463,0.03772875,0.2744362,0.002539998,0.058625124,0.010173327,0.30645207,0.07661292,0.76799846,0.004540256,0.06332982,0.0116540855,0.33288088,0.07213326,0.107046254,0.04144539,0.2744362,0.002539998,"TWOGAUSSIANS_WITH_ELLIPSOIDAL_ON_ECLIPSE1",9,8.525954,0.76908845,0.0035837274,0.354647,0.065262884,0.54655534,0.018699626,0.2744362,0.002539998,0.32830068,0.056970634,0.52041745,0.01566704
375316653866487564,4238215453581270144,0.44743448,1975.7070234224786,2.416150549322233,1.6614917E-4,18.046734,0.08128424,0.30592248,0.010885762,0.16573802,0.07123801,0.12773177,0.07953394,0.80172896,0.019564714,0.0643221,0.042802684,0.05838493,0.04238313,null,null,null,null,"TWOGAUSSIANS",8,5.522514,0.30592248,0.010885762,0.4,0.0,0.11085889,0.0057821437,0.80172896,0.02165884,0.36020377,0.13442361,0.04421704,0.010563641
375316653866487564,4238216553099122688,0.45963404,1993.9655285075926,0.11460915400571912,1.4369193E-4,18.238405,0.0044835755,0.4321169,0.010363303,0.13091847,0.014411414,0.14080217,0.015922964,0.80013233,0.017425615,0.009674283,0.020156337,0.058726136,0.0556599,null,null,null,null,"TWOGAUSSIANS",8,4.4799604,0.4321169,0.010363303,0.4,0.0,0.1406106,0.01611918,0.80013233,0.017425615,0.054175984,0.11287549,0.061244357,0.055967104
375316653866487564,4238218275383267200,0.48900568,2000.0217539519983,0.1044357389175582,2.0561056E-6,13.875346,0.00557611,0.16113453,1.422729E-4,0.007927546,2.2784583E-4,0.41704282,0.007703398,0.46490088,0.007517672,0.036076594,0.0050772624,0.11217318,0.017422935,0.040382944,0.00839362,0.16113453,1.422729E-4,"TWOGAUSSIANS_WITH_ELLIPSOIDAL_ON_ECLIPSE1",9,282.93637,0.16113453,1.422729E-4,0.044394262,0.0012759366,0.49780855,0.015519368,0.46883088,0.007318296,0.20202893,0.02843267,0.121666655,0.019846484
375316653866487564,4238218339799411968,0.54419595,2014.3035982199776,2.308205383064156,1.8318155E-5,18.732302,0.007917289,0.2580093,0.00367591,0.039044,0.0036809,0.35012493,0.024673855,0.752896,0.0017961591,0.037896976,0.0024900157,0.5157949,0.028281372,0.031933855,0.012115635,0.2580093,0.00367591,"TWOGAUSSIANS_WITH_ELLIPSOIDAL_ON_ECLIPSE1",9,5.40064,0.75296605,0.0017693489,0.21222307,0.013944088,0.5795976,0.024318503,0.2580093,0.00367591,0.2186464,0.02061304,0.4139926,0.020446287
375316653866487564,4238219512333809152,0.5820426,1995.1785987352175,0.8577857375581459,7.2428475E-6,14.936072,0.045847896,0.23743334,0.001674512,0.18925828,0.014888477,0.3702213,0.039368495,0.7357371,0.0016166511,0.20845483,0.020992815,0.38473842,0.044519946,null,null,null,null,"TWOGAUSSIANS",8,3.673611,0.23887335,0.0018495235,0.4,0.0,0.07250359,0.0016376341,0.7357371,0.0016166511,0.4,0.0,0.06626974,0.0021636805
375316653866487564,4238220332664847488,0.55995595,1993.5005956663429,3.362092303386355,1.4113317E-5,16.747486,0.012990501,0.26982284,0.002385869,0.101768866,0.0060046487,0.21440172,0.012314249,0.7613775,0.0048351814,0.10942019,0.009785203,0.22774854,0.0121112,null,null,null,null,"TWOGAUSSIANS",8,10.386502,0.7613775,0.0048351814,0.4,0.0,0.20337617,0.0057388665,0.26983285,0.002381328,0.4,0.0,0.19004081,0.0045180824
375316653866487564,4238221363454292224,0.49142653,2002.6010532056566,2.012982039852412,3.2545693E-5,19.250292,0.0036402121,0.27465555,0.012860311,0.026742846,0.009570955,0.07161169,0.11432974,0.7555665,3.5940764E-5,0.0092636235,1.2214186E-4,0.74983424,0.0070531955,null,null,null,null,"TWOGAUSSIANS",8,1.708706,0.7555665,3.5940764E-5,0.051876288,6.8399444E-4,0.74983424,0.0070531955,0.27465555,0.012860311,0.14975995,0.05359735,0.07161169,0.11432974
375316653866487564,4238221573918409216,0.5488372,2212.3984134338107,1.764213602052768,1.2054935E-5,16.590366,0.02628223,0.24508631,0.008218299,0.04754595,0.0080098715,0.3118807,0.049062315,0.7592557,0.011596093,0.03595293,0.012499975,0.2579908,0.060712855,0.10223106,0.03111147,0.7592557,0.011596093,"TWOGAUSSIANS_WITH_ELLIPSOIDAL_ON_ECLIPSE2",9,80.21348,0.24656631,0.0066204127,0.26625732,0.04485528,0.5148942,0.030061372,0.7592557,0.011596093,0.2013364,0.06999986,0.46245235,0.02196823
375316653866487564,4238221986237218432,0.4433356,2225.0482081094024,1.2192571012085593,6.0338938E-5,17.821606,0.057251066,0.45166367,0.014760191,0.19740283,0.07328653,0.1515162,0.04722945,0.9071627,0.013533178,0.04540613,0.018809808,0.09108871,0.024001604,null,null,null,null,"TWOGAUSSIANS",8,2.01757,0.45166367,0.014760191,0.4,0.0,0.13162197,0.013040728,0.9071627,0.013533178,0.2542743,0.10533492,0.08514426,0.029755369
375316653866487564,4238223253241762176,0.4959235,2182.997957902048,2.750171746906998,1.4788462E-5,19.455936,0.007857275,0.16339053,0.009294832,0.0676389,0.011775036,0.33075902,0.14469793,0.6630275,0.0030689957,0.0655579,0.0076354216,0.55712134,0.1043844,null,null,null,null,"TWOGAUSSIANS",8,2.1762223,0.6630275,0.0030689957,0.36712423,0.039339118,0.5563861,0.105023116,0.16339053,0.009294832,0.37877783,0.0659402,0.33002383,0.14526959
375316653866487564,4238223321961299584,0.4291856,2100.5414647942957,3.5986215409398365,4.505414E-5,19.495375,0.123312436,0.15009242,0.0066377837,0.12287556,0.04435535,0.2634251,0.110408664,0.65100205,0.0069535193,0.11015116,0.041153967,0.30986473,0.10539289,null,null,null,null,"TWOGAUSSIANS",8,2.769136,0.65100205,0.0069660097,0.4,0.0,0.25377527,0.094387285,0.15009242,0.0066458415,0.4,0.0,0.2072227,0.02359617
375316653866487564,4238224249674323840,0.5063368,2058.8878374159353,3.1834367365431433,1.9603656E-5,18.62209,0.0286395,0.31030676,0.017280603,0.09845802,0.020203242,0.2629622,0.02907499,0.810214,0.006109577,0.084304474,0.010235028,0.2928767,0.030725779,null,null,null,null,"TWOGAUSSIANS",8,4.303575,0.810214,0.006109577,0.4,0.0,0.27985296,0.01934669,0.31030676,0.017280603,0.4,0.0,0.24993715,0.019476885
375316653866487564,4238224490190382080,0.56055367,2069.7263154675816,3.816890743239697,1.0638719E-5,18.985327,0.0074417205,0.24891506,0.0024698908,0.07311013,0.0030572056,0.5675184,0.03310286,0.75220335,0.0030757282,0.06721301,0.004450673,0.7147894,0.04788361,null,null,null,null,"TWOGAUSSIANS",8,3.1486301,0.75220335,0.0030757282,0.37639284,0.024923768,0.7127531,0.048556186,0.24891506,0.0024698908,0.4,0.0,0.56548214,0.033389438
375316653866487564,4238225250410420224,0.6388414,2123.979661616866,0.9335683278891149,5.7844113E-6,16.966553,0.0024176263,0.8076933,0.0013548386,0.033404052,8.162431E-4,0.5855409,0.006496862,null,null,null,null,null,null,0.009025273,0.0027604993,0.8076933,0.0013548386,"ONEGAUSSIAN_WITH_ELLIPSOIDAL",6,6.147772,0.8076933,0.0013548386,0.1870627,0.0045709615,0.60359144,0.0047112233,null,null,null,null,null,null
375316653866487564,4238226070740331136,0.54539114,2183.4634832091574,3.8566047980977705,1.0675311E-5,18.777016,0.009630358,0.26530695,0.0035391892,0.0923636,0.0052041505,0.32154098,0.018512959,0.78348154,0.0038615223,0.09290318,0.0067081586,0.3386111,0.025983661,null,null,null,null,"TWOGAUSSIANS",8,2.9168787,0.78348154,0.0038615223,0.4,0.0,0.32540333,0.028433036,0.26530695,0.0035391892,0.4,0.0,0.30833334,0.019181963
375316653866487564,4238226654856132224,0.49566585,2177.524084711761,0.05735590725131075,6.1222316E-5,18.88181,0.006826293,0.16225551,0.017737918,0.07372444,0.011843358,0.1902304,0.03523369,0.6105645,0.03155362,0.038695395,0.021963844,0.19965939,0.046773657,null,null,null,null,"TWOGAUSSIANS",8,2.344098,0.6105645,0.03155362,0.21669422,0.12299753,0.19965723,0.046782054,0.16225551,0.017737918,0.4,0.031979248,0.19022824,0.035234746
375316653866487564,4238227071476111104,0.6483636,2169.7044873871087,2.0179378966143116,6.362085E-6,14.381418,0.008385959,0.19723806,0.0014330406,0.09683994,0.0045334,0.22243398,0.0069056056,0.70528406,0.0095577575,0.086218655,0.011117609,0.24077328,0.009100337,null,null,null,null,"TWOGAUSSIANS",8,30.234213,0.70528406,0.0095577575,0.4,0.0,0.23098262,0.006233094,0.19723806,0.0014330406,0.4,0.0,0.21264257,0.0038303426
375316653866487564,4238228789463324288,0.5581708,2114.464703490163,2.5590955982915857,1.0735086E-5,16.179878,0.021101756,0.20570199,0.01501522,0.052208085,0.011571107,0.15748428,0.044085365,0.725316,0.00610076,0.041473508,0.041517887,0.112453096,0.04443118,0.13755377,0.028293123,0.725316,0.00610076,"TWOGAUSSIANS_WITH_ELLIPSOIDAL_ON_ECLIPSE2",9,74.74848,0.211062,0.009623583,0.29236528,0.064798206,0.42956275,0.016223239,0.725316,0.00610076,0.23225163,0.23250017,0.3875601,0.041886125
375316653866487564,4238230026414072832,0.5863561,2155.3206344994355,0.31754035092867117,5.2636868E-5,17.490423,0.0040102946,0.30298966,0.0012063684,0.020434001,0.0021313378,0.14026268,0.020242022,0.7960668,0.0073433644,0.014049437,0.0040127966,0.8866576,0.38353372,0.0107638445,0.0057241223,0.30298966,0.0012063684,"TWOGAUSSIANS_WITH_ELLIPSOIDAL_ON_ECLIPSE1",9,11.088744,0.7960668,0.0073433644,0.07867685,0.02247166,0.9081446,0.3880475,0.30298966,0.0012063684,0.114430405,0.011935492,0.16179036,0.018557208
375316653866487564,4238232358573388416,0.54859436,2004.203425618032,3.144367968417493,1.4397048E-5,18.80907,0.022694517,0.23677953,0.0048819054,0.08247604,0.007744347,0.42039743,0.021747105,0.75249785,0.008533734,0.08608846,0.0105565665,0.4416843,0.022687683,null,null,null,null,"TWOGAUSSIANS",8,4.24989,0.75249785,0.008533734,0.4,0.0,0.43368548,0.017622374,0.23677953,0.0048819054,0.4,0.0,0.41239867,0.017630652
375316653866487564,4238234836777282816,0.4889248,2061.3586217273487,1.6003390266564095,1.8581899E-5,14.575763,0.0976229,0.28057128,0.007093144,0.11937516,0.08751732,0.11061436,0.07991563,0.7780607,0.0044743125,0.10337279,0.024358956,0.13967568,0.07827774,null,null,null,null,"TWOGAUSSIANS",8,66.94867,0.7780607,0.0044700955,0.4,0.0,0.12049088,0.008912909,0.28057128,0.0070965756,0.4,0.0,0.091397464,0.021594288
375316653866487564,4238238852564521088,0.5201051,2026.0598168482986,2.6529890243852203,1.1534886E-5,17.964989,0.024655998,0.15988536,0.004574547,0.107804924,0.014003326,0.18647462,0.023431819,0.6587055,0.0028947073,0.10231964,0.010634141,0.2034966,0.023717562,null,null,null,null,"TWOGAUSSIANS",8,3.4926634,0.6587055,0.0028947073,0.4,0.0,0.18088819,0.009164993,0.15988536,0.004574547,0.4,0.0,0.1638609,0.009871875
