Gaia/vari_eclipsing_binary/VariEclipsingBinary_459003-459018.csv
# %ECSV 1.0
# ---
# delimiter: ','
# meta: !!omap
# - RELEASE: Gaia DR3
# - TABLE: vari_eclipsing_binary
# - DESCRIPTION: >
#     This table describes the properties of the eclipsing binaries resulting from the variability analysis. 
# - CITATION: >
#     How to cite and acknowledge Gaia: 
#     https://gea.esac.esa.int/archive/documentation/credits.html 
# - KNOWN_ISSUES: >
#     Known issues: 
#     https://www.cosmos.esa.int/web/gaia-users/known-issues 
# - DOCUMENTATION: >
#     Tutorials and documentation: 
#     https://www.cosmos.esa.int/web/gaia-users/archive 
# datatype:
# - 
#   name: solution_id
#   datatype: int64
#   description: Solution Identifier
#   meta:
#     ucd: meta.version
# - 
#   name: source_id
#   datatype: int64
#   description: Unique source identifier
#   meta:
#     ucd: meta.id;meta.main
# - 
#   name: global_ranking
#   datatype: float32
#   description: Number between 0 (worst) and 1 (best)
#   meta:
#     ucd: stat.param
# - 
#   name: reference_time
#   datatype: float64
#   unit: d
#   description: Reference time used for the geometric model fit
#   meta:
#     ucd: time.epoch
# - 
#   name: frequency
#   datatype: float64
#   unit: d**-1
#   description: Frequency of geometric model of the eclipsing binary light curve
#   meta:
#     ucd: src.orbital
# - 
#   name: frequency_error
#   datatype: float32
#   unit: d**-1
#   description: "Uncertainty of \\texttt{frequency}"
#   meta:
#     ucd: stat.error
# - 
#   name: geom_model_reference_level
#   datatype: float32
#   unit: mag
#   description: Magnitude reference level of geometric model
#   meta:
#     ucd: phot.mag;em.opt
# - 
#   name: geom_model_reference_level_error
#   datatype: float32
#   unit: mag
#   description: "Uncertainty of \\texttt{geomModelReferenceLevel}"
#   meta:
#     ucd: stat.error;phot.mag;em.opt
# - 
#   name: geom_model_gaussian1_phase
#   datatype: float32
#   description: Phase of the Gaussian 1 component
#   meta:
#     ucd: time.phase
# - 
#   name: geom_model_gaussian1_phase_error
#   datatype: float32
#   description: "Uncertainty of \\texttt{geomModelGaussian1Phase}"
#   meta:
#     ucd: stat.error;time.phase
# - 
#   name: geom_model_gaussian1_sigma
#   datatype: float32
#   description: "Standard deviation [phase] of Gaussian 1 component"
#   meta:
#     ucd: stat.stdev
# - 
#   name: geom_model_gaussian1_sigma_error
#   datatype: float32
#   description: "Uncertainty of \\texttt{geomModelGaussian1Sigma}"
#   meta:
#     ucd: stat.error
# - 
#   name: geom_model_gaussian1_depth
#   datatype: float32
#   unit: mag
#   description: Magnitude depth of Gaussian 1 component
#   meta:
#     ucd: src.var.amplitude
# - 
#   name: geom_model_gaussian1_depth_error
#   datatype: float32
#   unit: mag
#   description: "Uncertainty of \\texttt{geomModelGaussian1Depth}"
#   meta:
#     ucd: stat.error;src.var.amplitude
# - 
#   name: geom_model_gaussian2_phase
#   datatype: float32
#   description: Phase of Gaussian 2 component
#   meta:
#     ucd: time.phase
# - 
#   name: geom_model_gaussian2_phase_error
#   datatype: float32
#   description: "Uncertainty of \\texttt{geomModelGaussian2Phase}"
#   meta:
#     ucd: stat.error;time.phase
# - 
#   name: geom_model_gaussian2_sigma
#   datatype: float32
[...]
#   datatype: float32
#   description: "Secondary eclipse: uncertainty of \\texttt{derivedSecondaryEclDuration}"
#   meta:
#     ucd: stat.error;time.duration
# - 
#   name: derived_secondary_ecl_depth
#   datatype: float32
#   unit: mag
#   description: "Secondary eclipse: depth"
#   meta:
#     ucd: src.var.amplitude
# - 
#   name: derived_secondary_ecl_depth_error
#   datatype: float32
#   unit: mag
#   description: "Secondary eclipse: uncertainty of \\texttt{derivedSecondaryEclDepth}"
#   meta:
#     ucd: stat.error;src.var.amplitude
solution_id,source_id,global_ranking,reference_time,frequency,frequency_error,geom_model_reference_level,geom_model_reference_level_error,geom_model_gaussian1_phase,geom_model_gaussian1_phase_error,geom_model_gaussian1_sigma,geom_model_gaussian1_sigma_error,geom_model_gaussian1_depth,geom_model_gaussian1_depth_error,geom_model_gaussian2_phase,geom_model_gaussian2_phase_error,geom_model_gaussian2_sigma,geom_model_gaussian2_sigma_error,geom_model_gaussian2_depth,geom_model_gaussian2_depth_error,geom_model_cosine_half_period_amplitude,geom_model_cosine_half_period_amplitude_error,geom_model_cosine_half_period_phase,geom_model_cosine_half_period_phase_error,model_type,num_model_parameters,reduced_chi2,derived_primary_ecl_phase,derived_primary_ecl_phase_error,derived_primary_ecl_duration,derived_primary_ecl_duration_error,derived_primary_ecl_depth,derived_primary_ecl_depth_error,derived_secondary_ecl_phase,derived_secondary_ecl_phase_error,derived_secondary_ecl_duration,derived_secondary_ecl_duration_error,derived_secondary_ecl_depth,derived_secondary_ecl_depth_error
[from data line 857]
375316653866487564,4037538196226978560,0.44100702,2327.977337515091,2.2343675068817186,3.133777E-5,18.12613,0.029377006,0.32242054,0.021453947,0.044247873,0.021388879,0.12974302,0.07202043,0.6944543,0.016170735,0.034241084,0.017813964,0.111221686,0.054662067,0.12434966,0.03978405,0.32242054,0.021453947,"TWOGAUSSIANS_WITH_ELLIPSOIDAL_ON_ECLIPSE1",9,38.21253,0.32242054,0.021453947,0.24778809,0.119777724,0.37844113,0.05123142,0.71322435,0.01997368,0.19175008,0.0997582,0.24458767,0.05458834
375316653866487564,4037539325788173312,0.5994179,2415.950639327292,3.536752434013036,6.117428E-6,15.563276,0.008414635,0.30375296,0.002437137,0.046103027,0.0086379815,0.07317086,0.022129055,0.8108836,0.0042565055,0.055042583,0.006605829,0.13036653,0.018088112,0.052875225,0.011266117,0.30375296,0.002437137,"TWOGAUSSIANS_WITH_ELLIPSOIDAL_ON_ECLIPSE1",9,20.647896,0.8108836,0.0042565055,0.30823848,0.036992643,0.23590231,0.005921426,0.30375296,0.002437137,0.25817695,0.048372697,0.17891878,0.013203571
375316653866487564,4037539360152090496,0.4997459,2384.9449394275944,2.6520602885017093,2.6260408E-5,18.26964,0.014482446,0.17130508,0.013022318,0.07273195,0.013351523,0.22027569,0.02126237,0.6846514,0.0068409354,0.093622066,0.010925189,0.21698046,0.013291507,null,null,null,null,"TWOGAUSSIANS",8,3.2963321,0.17130508,0.013022318,0.4,0.021966923,0.21657215,0.015201567,0.6846514,0.0068409354,0.4,0.0,0.21327657,0.008402347
375316653866487564,4037539570659712768,0.58197147,2383.158745807241,0.23947776911945184,6.112268E-5,15.747021,0.0022427135,0.25621924,0.003619521,0.021203537,0.008029457,0.19942805,0.033968132,0.7482286,0.0021197016,0.02270301,0.0028831796,0.084238335,0.00992949,0.033789482,0.0038043244,0.25621924,0.003619521,"TWOGAUSSIANS_WITH_ELLIPSOIDAL_ON_ECLIPSE1",9,14.8314,0.25621924,0.003619521,0.118739806,0.04496496,0.2670069,0.034462433,0.7484786,0.0019944834,0.12713686,0.016145805,0.15165234,0.010038499
375316653866487564,4037539639379183872,0.47924265,2396.923851074161,2.1361769898451795,2.5217045E-5,19.14126,0.11058637,0.24147044,0.007283252,0.09399469,0.030875621,0.22510578,0.10589711,0.7311369,0.008628413,0.10342092,0.051863037,0.22781971,0.101460785,null,null,null,null,"TWOGAUSSIANS",8,3.445128,0.7311369,0.008628413,0.4,0.0,0.21180634,0.025841758,0.24147044,0.0071099307,0.4,0.0,0.20909631,0.030050857
375316653866487564,4037540326587186560,0.47676438,2392.184368206449,0.08950050514543145,1.01310625E-5,19.193893,0.12920964,0.1862497,0.0042953985,0.020709641,0.0030215231,0.44473928,0.04837669,0.6303069,0.027437622,0.17332974,0.07707506,0.53987837,0.11015491,null,null,null,null,"TWOGAUSSIANS",8,10.895936,0.6303069,0.027437622,0.4,0.0,0.5216812,0.17074676,0.1864797,0.004257378,0.11597399,0.01692053,0.45000044,0.045007903
375316653866487564,4037540360889021184,0.46649247,2365.547637409241,2.4134608561873794,3.2071155E-5,18.889963,0.008016134,0.29952192,0.011361454,0.04288287,0.009241302,0.13398968,0.045376766,0.78649724,0.0064199143,0.03579495,0.0040155565,0.21099858,0.013771872,null,null,null,null,"TWOGAUSSIANS",8,5.2660036,0.78649724,0.0064199143,0.20045172,0.022487117,0.21099858,0.013771871,0.29952192,0.011361454,0.24014407,0.051751286,0.13398968,0.045376766
375316653866487564,4037540532732969344,0.5633217,2398.2854714998716,1.1852087525286397,1.0590487E-5,17.020926,0.003489845,0.22519253,0.006285208,0.048119195,0.0074866777,0.08919976,0.011142687,0.71955645,0.0012502389,0.04385887,0.0017337924,0.2916452,0.014236663,0.019751003,0.0048817196,0.22519253,0.006285208,"TWOGAUSSIANS_WITH_ELLIPSOIDAL_ON_ECLIPSE1",9,3.258418,0.7196664,0.0011748467,0.24560969,0.009709237,0.33109847,0.015104506,0.22519253,0.006285208,0.26946747,0.041925397,0.12870155,0.0053291293
375316653866487564,4037540567047640704,0.50724703,2364.6758238183,1.9438408151286268,7.397656E-6,19.01054,0.005826065,0.16647698,3.998677E-4,0.009527523,7.5303734E-4,0.4357292,0.0054836594,0.35412076,0.0019677712,0.016529212,0.0033554307,0.9001662,1.8911271,null,null,null,null,"TWOGAUSSIANS",8,5.2727227,0.35412076,0.0019677712,0.092563584,0.018790413,0.9001662,1.8911271,0.16647698,3.998677E-4,0.05335413,0.004217009,0.4357292,0.0054836594
375316653866487564,4037540597098670976,0.54687124,2384.98118001041,3.572019079471193,2.2673068E-5,15.216562,0.00247898,0.30285677,0.007859859,0.08200448,0.004034794,0.08760936,0.0050253454,0.8016475,0.004707983,0.08303734,0.006734535,0.06968686,0.0029561508,null,null,null,null,"TWOGAUSSIANS",8,9.894008,0.30285677,0.007859859,0.4,0.0,0.08605865,0.004662137,0.8016475,0.004707983,0.4,0.0,0.06813615,0.0026973835
375316653866487564,4037540635811795840,0.4442909,2387.8703202942215,1.2885934513090738,3.4353172E-5,15.22659,0.03035709,0.2838015,0.010768469,0.095799856,0.02612658,0.13038749,0.027625669,0.7389705,0.020782104,0.106545866,0.030443221,0.13311543,0.032971837,null,null,null,null,"TWOGAUSSIANS",8,164.11194,0.7389705,0.020782104,0.4,0.0,0.12610225,0.018069629,0.28384152,0.010789347,0.4,0.0,0.12338745,0.0167091
375316653866487564,4037540665844371456,0.46288562,2362.6033823955295,2.8161943752997116,6.6371E-5,18.804113,0.046578914,0.24760629,0.010724359,0.074754275,0.016068928,0.3073905,0.049025565,0.73531085,0.00918293,0.10978623,0.03159909,0.2246709,0.039395504,null,null,null,null,"TWOGAUSSIANS",8,7.425026,0.24761629,0.010738855,0.4,0.016727125,0.2968695,0.04182277,0.73531085,0.00918293,0.4,0.0,0.21413402,0.021567352
375316653866487564,4037540704488725632,0.5007296,2407.590392228124,0.2625278361891975,1.2892295E-5,18.985992,0.0030061924,0.22304441,0.003677622,0.027194342,0.0022562211,0.17133999,0.022790635,0.73850673,0.0028034532,0.023931164,0.0039594406,0.19489224,0.044083934,null,null,null,null,"TWOGAUSSIANS",8,1.2779465,0.73850673,0.0028034532,0.13401452,0.022172868,0.19489224,0.044083934,0.22304441,0.003677622,0.15228832,0.012634839,0.17133999,0.022790635
375316653866487564,4037540876284281344,0.5044947,2413.0302598928265,0.03759383490938304,1.44347905E-5,19.898882,0.0053297454,0.19544645,2.0466156E-4,0.019131035,4.4696822E-4,0.587842,0.003431186,null,null,null,null,null,null,null,null,null,null,"ONEGAUSSIAN",5,1.4022986,0.19544645,2.0466156E-4,0.10713379,0.0025030219,0.587842,0.0,null,null,null,null,null,null
375316653866487564,4037540979367830912,0.55291504,2402.247336688186,2.6067678951648268,6.4362407E-6,19.050411,0.012880683,0.23928449,0.004606066,0.094893806,0.006590952,0.3484775,0.013424492,0.73715913,0.0025536125,0.09110207,0.0053625377,0.31468505,0.011647189,null,null,null,null,"TWOGAUSSIANS",8,1.0531528,0.23928449,0.004606066,0.4,0.0,0.3311483,0.014827948,0.73715913,0.0025536125,0.4,0.0,0.29735634,0.007858874
375316653866487564,4037541116861131904,0.40138087,2402.309956545187,0.22885137890640306,1.3742248E-4,19.63119,0.006231285,0.2539048,0.017723827,0.08236796,0.011525995,0.14480186,0.026480567,0.54903257,0.014831153,0.09592494,0.029314844,0.17432347,0.12574399,null,null,null,null,"TWOGAUSSIANS",8,2.301815,0.54903257,0.014831153,0.4,0.0,0.1744307,0.12619737,0.2563848,0.015878098,0.4,0.0,0.1462681,0.026285095
375316653866487564,4037541249960853888,0.519255,2394.6610394840354,3.174713294344276,1.554706E-5,18.020395,0.011113679,0.25544992,0.004164616,0.09718664,0.010135625,0.2058624,0.0113731325,0.7592998,0.0076836157,0.081727795,0.011587719,0.18149206,0.010962632,null,null,null,null,"TWOGAUSSIANS",8,5.4969325,0.25544992,0.004164616,0.4,0.0,0.19851978,0.010130337,0.7592998,0.0076836157,0.4,0.0,0.17415018,0.009695508
375316653866487564,4037541254241821184,0.48232946,2436.1041566666595,0.050767701966705464,1.2761484E-5,17.845053,0.0038214442,0.86230606,0.06914295,0.10461363,0.053490415,0.029430145,0.008587461,0.6423901,0.018026425,0.021087423,0.017119313,0.15868048,0.07044628,null,null,null,null,"TWOGAUSSIANS",8,1.7292253,0.6425701,0.018146494,0.11808957,0.095868155,0.16191567,0.06725569,0.86230606,0.06914295,0.4,0.0,0.029429499,0.008582986
375316653866487564,4037541254286900736,0.5596203,2405.0421029670274,2.230715224632152,1.800565E-5,17.80412,0.009692055,0.3015338,0.0031683808,0.094970495,0.0060554733,0.22062524,0.010417679,0.80230886,0.0025109684,0.08191078,0.0050245128,0.25200143,0.009398719,null,null,null,null,"TWOGAUSSIANS",8,3.1614583,0.80230886,0.0025109684,0.4,0.0,0.24350744,0.0066531277,0.3015338,0.0031683808,0.4,0.0,0.21213083,0.008613052
375316653866487564,4037541288646636672,0.47395527,2392.1330621183515,3.112558062162237,2.6900172E-5,17.175035,0.11986218,0.23883224,0.0077810064,0.115396686,0.032101456,0.35493547,0.11215028,0.7550849,0.008331997,0.11166067,0.030861445,0.3396743,0.11340358,null,null,null,null,"TWOGAUSSIANS",8,29.667915,0.23880224,0.0077066734,0.4,0.0,0.3025903,0.029554985,0.7551349,0.008293097,0.4,0.0,0.28736308,0.022869566
375316653866487564,4037541902796050432,0.5012601,2395.139368446352,2.5813595014987993,2.3623728E-5,18.484245,0.020177716,0.15520805,0.007836363,0.10596985,0.023200676,0.111631356,0.016737297,0.6408014,0.0049403864,0.1072883,0.01209045,0.21517277,0.017498149,null,null,null,null,"TWOGAUSSIANS",8,2.0109658,0.6408014,0.0049403864,0.4,0.0,0.19842456,0.010457287,0.15522805,0.007848598,0.4,0.0,0.09488907,0.007877745
375316653866487564,4037542010156632832,0.47205687,2387.849266149152,1.5244038422285575,3.9800765E-5,18.064735,0.0062884875,0.29639986,0.019301202,0.04103579,0.01653841,0.09972634,0.03842877,0.767945,0.0060887067,0.0225599,0.005021205,0.14336985,0.017084071,0.023351334,0.008722848,0.29639986,0.019301202,"TWOGAUSSIANS_WITH_ELLIPSOIDAL_ON_ECLIPSE1",9,5.923512,0.768305,0.006055169,0.12633544,0.02811875,0.18861398,0.016605001,0.29639986,0.019301202,0.22980043,0.09261509,0.14642897,0.03363415
375316653866487564,4037542010201241216,0.44563884,2508.0897758191877,1.3310753475903667,2.4083981E-4,17.71857,0.0071103983,0.18905061,0.023579165,0.057614535,0.019674515,0.43159497,0.19274066,0.49343798,0.009395796,0.011523783,0.0047975173,0.257387,0.12551,null,null,null,null,"TWOGAUSSIANS",8,6.5483613,0.18905061,0.023579165,0.3226414,0.110177286,0.43159497,0.19274066,0.49343798,0.009395796,0.06453319,0.026866097,0.2573874,0.12550974
375316653866487564,4037542078920680960,0.44874737,2488.2267494460216,4.472448024594228,1.2675496E-5,17.936687,0.003322157,0.21919969,0.012337077,0.022375807,0.008631856,0.3029642,0.23288655,0.72882605,9.687554E-6,0.008915079,2.3735886E-4,0.82388926,0.06750546,null,null,null,null,"TWOGAUSSIANS",8,2.7706192,0.72882605,9.687554E-6,0.04992444,0.0013292097,0.82388926,0.06750546,0.21919969,0.012337077,0.12530452,0.04833839,0.3029642,0.23288655
375316653866487564,4037542181955320064,0.5051107,2389.950411053636,2.9557886810239697,1.1757861E-5,19.47922,0.026944524,0.30435926,0.0043438463,0.07499964,0.009100264,0.46718132,0.050671056,0.8018222,0.004661297,0.07051245,0.0065808264,0.39513576,0.030257612,null,null,null,null,"TWOGAUSSIANS",8,3.577484,0.30435926,0.0043438463,0.4,0.0010042082,0.46496797,0.05163394,0.8018222,0.004661297,0.39486971,0.031333875,0.3929224,0.028599974
375316653866487564,4037542456877966720,0.5359783,2413.1079786503838,2.4500136315430314,1.6705151E-5,19.137897,0.008786345,0.24929492,0.003569417,0.07290081,0.0035274958,0.38934478,0.0155535815,0.74959195,0.0053333254,0.083063535,0.00657796,0.2771225,0.011845174,null,null,null,null,"TWOGAUSSIANS",8,2.0632563,0.24929492,0.003569417,0.4,0.0,0.38557667,0.015043658,0.74959195,0.0053333254,0.4,0.0,0.27335438,0.01161594
375316653866487564,4037542697396055040,0.57435775,2405.4709400069255,1.6546885654577825,9.081137E-6,17.157791,0.0072170566,0.2847472,0.004138962,0.09637015,0.0072531183,0.15639019,0.0076996116,0.7715343,0.0022387945,0.08494109,0.004263907,0.25369334,0.008235869,null,null,null,null,"TWOGAUSSIANS",8,4.3581734,0.7715343,0.0022387945,0.4,0.0,0.24661201,0.007433098,0.2847472,0.004138962,0.4,0.0,0.14930831,0.0064606494
375316653866487564,4037542800430843136,0.47979918,2412.713227595949,2.729934309555606,2.1109261E-5,18.954271,0.018445259,0.30815542,0.009847633,0.07869375,0.012071577,0.22794332,0.03580792,0.782948,0.008002392,0.08108858,0.0134691205,0.3192878,0.023338342,null,null,null,null,"TWOGAUSSIANS",8,6.151775,0.782948,0.008002392,0.4,0.0,0.316853,0.023211438,0.30815542,0.009847633,0.4,0.0,0.22550853,0.03567689
375316653866487564,4037542903510207104,0.49584612,2432.3184671197073,0.02466583659465841,7.7040015E-5,19.07363,0.017331967,0.18791096,0.004265791,0.033563048,0.047535554,0.5278623,0.4128852,0.7496651,0.010836889,0.06654348,0.023910733,0.31545523,0.20860526,null,null,null,null,"TWOGAUSSIANS",8,2.4220884,0.18791096,0.004265791,0.18795307,0.20682639,0.5278622,0.41344923,0.7496651,0.010836889,0.3726435,0.06263304,0.3154551,0.20859818
375316653866487564,4037543036640005248,0.5901331,2391.343687377315,3.074820427269931,1.2160054E-5,17.162163,0.010602704,0.28631255,0.0029423723,0.049630407,0.0063144783,0.1915265,0.023913918,0.7934277,0.006648685,0.04556716,0.007966051,0.1571541,0.02821821,0.10055395,0.012429107,0.28631255,0.0029423723,"TWOGAUSSIANS_WITH_ELLIPSOIDAL_ON_ECLIPSE1",9,8.5656185,0.28631255,0.0029423723,0.27793026,0.035361078,0.3926334,0.0143313445,0.7934277,0.006648685,0.2551761,0.044609886,0.35785934,0.020753944
375316653866487564,4037543109726188928,0.42917532,2456.378330031323,4.366377794778092,5.873998E-5,19.366575,0.02081689,0.15851054,0.013974426,0.018377714,0.008432345,0.46240002,0.0657329,0.43507496,0.00730725,0.037380014,0.009509627,0.20270467,0.09911843,null,null,null,null,"TWOGAUSSIANS",8,6.626136,0.15851054,0.013974426,0.102915205,0.047221135,0.46240002,0.0657329,0.43507496,0.00730725,0.20932809,0.053253908,0.20270467,0.09911843
375316653866487564,4037543556346001792,0.4328632,2485.151825500799,0.0094012172499027,7.312161E-5,19.183353,0.019033294,0.07935639,0.059467714,0.047900718,0.062261082,0.07075178,2.16141666E15,0.68510205,0.007431434,0.029213497,0.008731935,0.80524755,1.1135681,0.020019302,0.027992336,0.07935639,0.059467714,"TWOGAUSSIANS_WITH_ELLIPSOIDAL_ON_ECLIPSE1",9,5.40296,0.68510205,0.007431434,0.16359559,0.04889884,0.83006346,1.1124722,0.07935639,0.059467714,0.26824403,0.34866205,0.1107903,2.16141666E15
375316653866487564,4037543586395933056,0.6398229,2353.6205057581924,0.8230614457944213,8.318417E-6,17.612844,0.0026275192,0.19528082,0.0021888295,0.038647283,0.0018986086,0.13132267,0.0074962648,0.6878835,0.007947912,0.029070472,0.00439757,0.9618726,0.20296326,null,null,null,null,"TWOGAUSSIANS",8,3.843282,0.6878835,0.007947912,0.16279465,0.024626391,0.9618726,0.20296326,0.19528082,0.0021888295,0.21642478,0.010632209,0.13132267,0.0074962648
375316653866487564,4037544548468699776,0.55808485,2371.4796199215016,0.8909961743057461,1.0430803E-5,16.881144,0.0025008193,0.25948155,0.0047583347,0.08302927,0.006056138,0.11251398,0.004832339,0.7506502,0.0025960524,0.085655265,0.00496315,0.06374287,0.002691596,null,null,null,null,"TWOGAUSSIANS",8,1.8709996,0.25948155,0.0047583347,0.4,0.0,0.11074115,0.0050743916,0.7506502,0.0025960524,0.4,0.0,0.06197004,0.0023478079
375316653866487564,4037544587138627072,0.52296776,2384.1796655754247,2.712870066989942,2.5112233E-5,18.970377,0.014677887,0.23773894,0.0049375645,0.05693207,0.006747402,0.35305902,0.039676715,0.7363799,0.0022026896,0.07383602,0.0057612443,0.6162637,0.051770903,null,null,null,null,"TWOGAUSSIANS",8,9.909452,0.7363799,0.0022026896,0.4,0.0,0.6156477,0.052139346,0.23773894,0.0049375645,0.31881958,0.037785448,0.35244298,0.039851293
375316653866487564,4037544587138631552,0.44413754,2343.5469357037155,2.4207733677917376,2.0664647E-5,18.281185,0.0053383224,0.21905363,0.015536983,0.05653118,0.019570746,0.07397888,0.020081962,0.7078753,0.0066827335,0.03973341,0.00890076,0.12759687,0.009643876,null,null,null,null,"TWOGAUSSIANS",8,6.3578315,0.7078753,0.0066827335,0.2225071,0.049844258,0.12759674,0.009643678,0.21905363,0.015536983,0.3165746,0.10959618,0.073978744,0.020086272
