Gaia/vari_eclipsing_binary/VariEclipsingBinary_055983-056374.csv
# %ECSV 1.0
# ---
# delimiter: ','
# meta: !!omap
# - RELEASE: Gaia DR3
# - TABLE: vari_eclipsing_binary
# - DESCRIPTION: >
#     This table describes the properties of the eclipsing binaries resulting from the variability analysis. 
# - CITATION: >
#     How to cite and acknowledge Gaia: 
#     https://gea.esac.esa.int/archive/documentation/credits.html 
# - KNOWN_ISSUES: >
#     Known issues: 
#     https://www.cosmos.esa.int/web/gaia-users/known-issues 
# - DOCUMENTATION: >
#     Tutorials and documentation: 
#     https://www.cosmos.esa.int/web/gaia-users/archive 
# datatype:
# - 
#   name: solution_id
#   datatype: int64
#   description: Solution Identifier
#   meta:
#     ucd: meta.version
# - 
#   name: source_id
#   datatype: int64
#   description: Unique source identifier
#   meta:
#     ucd: meta.id;meta.main
# - 
#   name: global_ranking
#   datatype: float32
#   description: Number between 0 (worst) and 1 (best)
#   meta:
#     ucd: stat.param
# - 
#   name: reference_time
#   datatype: float64
#   unit: d
#   description: Reference time used for the geometric model fit
#   meta:
#     ucd: time.epoch
# - 
#   name: frequency
#   datatype: float64
#   unit: d**-1
#   description: Frequency of geometric model of the eclipsing binary light curve
#   meta:
#     ucd: src.orbital
# - 
#   name: frequency_error
#   datatype: float32
#   unit: d**-1
#   description: "Uncertainty of \\texttt{frequency}"
#   meta:
#     ucd: stat.error
# - 
#   name: geom_model_reference_level
#   datatype: float32
#   unit: mag
#   description: Magnitude reference level of geometric model
#   meta:
#     ucd: phot.mag;em.opt
# - 
#   name: geom_model_reference_level_error
#   datatype: float32
#   unit: mag
#   description: "Uncertainty of \\texttt{geomModelReferenceLevel}"
#   meta:
#     ucd: stat.error;phot.mag;em.opt
# - 
#   name: geom_model_gaussian1_phase
#   datatype: float32
#   description: Phase of the Gaussian 1 component
#   meta:
#     ucd: time.phase
# - 
#   name: geom_model_gaussian1_phase_error
#   datatype: float32
#   description: "Uncertainty of \\texttt{geomModelGaussian1Phase}"
#   meta:
#     ucd: stat.error;time.phase
# - 
#   name: geom_model_gaussian1_sigma
#   datatype: float32
#   description: "Standard deviation [phase] of Gaussian 1 component"
#   meta:
#     ucd: stat.stdev
# - 
#   name: geom_model_gaussian1_sigma_error
#   datatype: float32
#   description: "Uncertainty of \\texttt{geomModelGaussian1Sigma}"
#   meta:
#     ucd: stat.error
# - 
#   name: geom_model_gaussian1_depth
#   datatype: float32
#   unit: mag
#   description: Magnitude depth of Gaussian 1 component
#   meta:
#     ucd: src.var.amplitude
# - 
#   name: geom_model_gaussian1_depth_error
#   datatype: float32
#   unit: mag
#   description: "Uncertainty of \\texttt{geomModelGaussian1Depth}"
#   meta:
#     ucd: stat.error;src.var.amplitude
# - 
#   name: geom_model_gaussian2_phase
#   datatype: float32
#   description: Phase of Gaussian 2 component
#   meta:
#     ucd: time.phase
# - 
#   name: geom_model_gaussian2_phase_error
#   datatype: float32
#   description: "Uncertainty of \\texttt{geomModelGaussian2Phase}"
#   meta:
#     ucd: stat.error;time.phase
# - 
#   name: geom_model_gaussian2_sigma
#   datatype: float32
[...]
#   datatype: float32
#   description: "Secondary eclipse: uncertainty of \\texttt{derivedSecondaryEclDuration}"
#   meta:
#     ucd: stat.error;time.duration
# - 
#   name: derived_secondary_ecl_depth
#   datatype: float32
#   unit: mag
#   description: "Secondary eclipse: depth"
#   meta:
#     ucd: src.var.amplitude
# - 
#   name: derived_secondary_ecl_depth_error
#   datatype: float32
#   unit: mag
#   description: "Secondary eclipse: uncertainty of \\texttt{derivedSecondaryEclDepth}"
#   meta:
#     ucd: stat.error;src.var.amplitude
solution_id,source_id,global_ranking,reference_time,frequency,frequency_error,geom_model_reference_level,geom_model_reference_level_error,geom_model_gaussian1_phase,geom_model_gaussian1_phase_error,geom_model_gaussian1_sigma,geom_model_gaussian1_sigma_error,geom_model_gaussian1_depth,geom_model_gaussian1_depth_error,geom_model_gaussian2_phase,geom_model_gaussian2_phase_error,geom_model_gaussian2_sigma,geom_model_gaussian2_sigma_error,geom_model_gaussian2_depth,geom_model_gaussian2_depth_error,geom_model_cosine_half_period_amplitude,geom_model_cosine_half_period_amplitude_error,geom_model_cosine_half_period_phase,geom_model_cosine_half_period_phase_error,model_type,num_model_parameters,reduced_chi2,derived_primary_ecl_phase,derived_primary_ecl_phase_error,derived_primary_ecl_duration,derived_primary_ecl_duration_error,derived_primary_ecl_depth,derived_primary_ecl_depth_error,derived_secondary_ecl_phase,derived_secondary_ecl_phase_error,derived_secondary_ecl_duration,derived_secondary_ecl_duration_error,derived_secondary_ecl_depth,derived_secondary_ecl_depth_error
375316653866487564,492431679961526144,0.5472421,2268.208777899247,1.7949995640662775,5.541853E-6,16.756815,0.0041830754,0.28611514,0.0061393017,0.038626667,0.0062427316,0.03586432,0.012835385,0.7866484,0.0021976607,0.055075876,0.0037540467,0.13353318,0.010127577,0.02388125,0.006352032,0.28611514,0.0061393017,"TWOGAUSSIANS_WITH_ELLIPSOIDAL_ON_ECLIPSE1",9,9.5426235,0.7866484,0.002079601,0.30842492,0.021022663,0.18129042,0.0062529165,0.28611514,0.0061393017,0.21630932,0.034959298,0.0836221,0.0052760025
375316653866487564,492441330750195712,0.5536063,2255.1118323574156,3.93837463131975,6.771698E-6,19.234531,0.009342442,0.24924172,0.002692991,0.059762374,0.0026564088,0.63811576,0.018505476,0.7547716,0.0022000521,0.06688938,0.0025357131,0.61260116,0.025400314,null,null,null,null,"TWOGAUSSIANS",8,4.2219906,0.24924172,0.002692991,0.3346693,0.014875889,0.6376829,0.018476395,0.7547716,0.0022000521,0.37458056,0.014199993,0.6121683,0.025433779
375316653866487564,492445733094772224,0.5320256,2284.6815743813186,3.765633044135279,8.984055E-6,15.30257,0.013677307,0.27491802,0.0042245877,0.09481147,0.007175197,0.21811216,0.013530022,0.7832793,0.0030009337,0.09353779,0.008636351,0.23599233,0.011685816,null,null,null,null,"TWOGAUSSIANS",8,92.90815,0.7832793,0.0030009337,0.4,0.0,0.22411391,0.009849774,0.27491802,0.0042245877,0.4,0.0,0.20623362,0.007752349
375316653866487564,492447038764811776,0.58795196,2227.819156843645,2.3997123026712854,5.4107104E-6,18.563496,0.005312923,0.26373905,0.0016614941,0.050112393,0.004554178,0.13972662,0.01583549,0.766173,0.01930515,0.036924917,0.010585761,0.12889975,0.035684187,0.15447995,0.0074434276,0.26373905,0.0016614941,"TWOGAUSSIANS_WITH_ELLIPSOIDAL_ON_ECLIPSE1",9,3.4482584,0.26373905,0.0016614941,0.2806294,0.025503397,0.44868535,0.011511519,0.766173,0.015211015,0.20677954,0.059280258,0.43778622,0.039771117
375316653866487564,492448305777166976,0.57452655,2239.0577300652326,0.3892180225962607,2.6141119E-5,18.279926,0.0041329083,0.20262812,0.0027314678,0.01980749,0.0017842553,0.70385134,0.032851033,0.7171673,0.0051979357,0.019689264,0.0039807623,0.03648135,0.011863334,0.02490874,0.0070663365,0.20262812,0.0027314678,"TWOGAUSSIANS_WITH_ELLIPSOIDAL_ON_ECLIPSE1",9,4.2234616,0.20262812,0.0027314678,0.110921934,0.009991829,0.7536688,0.033351317,0.7171673,0.0051979357,0.110259876,0.02229227,0.08588418,0.0081106955
375316653866487564,492451432512762752,0.507181,2266.7412454727196,4.210842953464949,7.313566E-6,19.514944,0.009192582,0.23254228,0.0035464563,0.06937919,0.003642619,0.38285848,0.016230991,0.7423169,0.0034567986,0.06968253,0.0046211467,0.37387377,0.03312791,null,null,null,null,"TWOGAUSSIANS",8,2.349772,0.23254228,0.0035464563,0.38852343,0.020398665,0.38194463,0.016123535,0.7423169,0.0034567986,0.39022216,0.025878422,0.37295988,0.0333189
375316653866487564,492473427043793408,0.5405816,2264.5091690401305,1.969309714539527,8.342804E-6,17.051083,0.016155865,0.20187607,0.0017286544,0.106590524,0.012068152,0.12972204,0.0146063445,0.69187623,0.0030314028,0.105357185,0.011112915,0.15433545,0.014456784,null,null,null,null,"TWOGAUSSIANS",8,3.412292,0.69187623,0.0030314028,0.4,0.0,0.1387133,0.0049284506,0.20188607,0.0017329167,0.4,0.0,0.11409952,0.0047294647
375316653866487564,492476755640645504,0.499601,2247.1548565848702,3.05762153351211,1.577885E-5,18.694958,0.018484268,0.25489295,0.009019327,0.09160255,0.016416484,0.21186005,0.017085949,0.7388609,0.004856257,0.09074852,0.010444056,0.23076099,0.01670464,null,null,null,null,"TWOGAUSSIANS",8,3.6058056,0.7388609,0.004856257,0.4,0.0,0.22269739,0.011376077,0.25489295,0.009019327,0.4,0.0,0.20379642,0.017195787
375316653866487564,492478507986735872,0.5125361,2247.0885034038356,3.5917794385237425,1.075905E-5,19.753939,0.010425479,0.23938283,0.004140531,0.077019244,0.0075232345,0.41378,0.031672377,0.72193706,0.004780576,0.07513214,0.0051002135,0.3767789,0.016193837,null,null,null,null,"TWOGAUSSIANS",8,1.9380679,0.23938283,0.004140531,0.4,0.0,0.4113466,0.03290335,0.72193706,0.004780576,0.4,0.0,0.3743455,0.015663419
375316653866487564,492489850998883584,0.6352822,2232.1599506789753,2.049905677927226,2.416884E-6,14.586355,0.009098769,0.28851736,0.0021945667,0.045919765,0.0037064287,0.19632624,0.024590023,0.79331625,7.114515E-4,0.044985533,0.0013951086,0.79469615,0.023943372,0.070544705,0.015805058,0.79331625,7.114515E-4,"TWOGAUSSIANS_WITH_ELLIPSOIDAL_ON_ECLIPSE2",9,238.8581,0.79331625,7.114515E-4,0.251919,0.007812608,0.9357851,0.017488347,0.28902733,0.0019608587,0.25715068,0.020756,0.33730063,0.011690878
375316653866487564,492489988437607296,0.5153594,2240.929107531043,2.2201359465218915,5.7496945E-6,17.844236,0.003474939,0.24531491,0.0015253618,0.045759078,0.002570102,0.28191462,0.018151691,0.73750156,0.003546064,0.046856966,0.0028473022,0.19820035,0.01286923,null,null,null,null,"TWOGAUSSIANS",8,7.6022983,0.24531491,0.0015253618,0.25625083,0.0143925715,0.28191447,0.018151809,0.73750156,0.003546064,0.26239902,0.015944893,0.19820021,0.012869251
375316653866487564,492490022797344000,0.62645143,2251.9003410877776,1.7204487818594079,2.706233E-6,16.750822,0.0018909612,0.22700362,6.4215757E-4,0.056678094,0.0017359338,0.102767035,0.004388871,0.72599316,0.004405941,0.040036958,0.005870176,0.02095981,0.004869996,0.047118004,0.0025514814,0.22700362,6.4215757E-4,"TWOGAUSSIANS_WITH_ELLIPSOIDAL_ON_ECLIPSE1",9,1.5116059,0.22700362,6.4215757E-4,0.31739733,0.009721229,0.19699693,0.0019263796,0.7263631,0.0030532342,0.22420695,0.032872986,0.11518729,0.002054144
375316653866487564,492496203256428544,0.51295537,2254.9471091520736,3.0489630713845077,8.589251E-6,18.921156,0.012492619,0.28394905,0.0037186989,0.08178524,0.005438613,0.30650425,0.013151324,0.78796947,0.003234807,0.0742163,0.0061175106,0.32923228,0.01606613,null,null,null,null,"TWOGAUSSIANS",8,4.400507,0.78796947,0.003234807,0.4,0.007538255,0.32580516,0.016101534,0.28394905,0.0037186989,0.4,0.0,0.30307713,0.012148254
375316653866487564,492496375049777024,0.5151469,2210.9853791778487,0.6573686543528481,1.8028522E-5,18.302372,0.00280219,0.4262119,0.0038565074,0.013139195,0.007401793,0.40448758,1.4186808,0.91599184,2.7045247E-4,0.01184752,4.1640076E-4,0.3126941,0.009861974,null,null,null,null,"TWOGAUSSIANS",8,4.640729,0.4262119,0.0038565074,0.07357949,0.04145004,0.40448758,1.4186808,0.91599184,2.7045247E-4,0.06634611,0.0023318443,0.3126941,0.009861974
375316653866487564,492498093038513408,0.54872406,2265.1868513422323,1.8674223283175533,6.3755674E-6,17.860376,0.005390675,0.16130376,0.00268038,0.09490616,0.0075485967,0.114338025,0.005654846,0.66297704,0.0022549273,0.08187276,0.0030392876,0.2030655,0.005719859,null,null,null,null,"TWOGAUSSIANS",8,2.080658,0.66297704,0.0022549273,0.4,0.0,0.19780704,0.004045384,0.16130376,0.00268038,0.4,0.0,0.10907936,0.0055031627
375316653866487564,492498333556703104,0.50220597,2223.454569287226,2.1104975485703537,8.905897E-6,18.80223,0.0071204943,0.2590173,0.0038461748,0.08277202,0.0062690666,0.17524947,0.008505575,0.7682751,0.004428702,0.092395656,0.006415815,0.20261197,0.010187488,null,null,null,null,"TWOGAUSSIANS",8,1.7010976,0.7682751,0.004428702,0.4,0.0,0.19709201,0.00992727,0.2590173,0.0038461748,0.4,0.0,0.16972971,0.007900607
375316653866487564,492500085903437184,0.5138647,2224.38853392702,3.276791335796045,1.1112487E-5,19.64736,0.10712272,0.13710825,0.0043864786,0.11212095,0.020810973,0.38083974,0.10092246,0.64477736,0.004881563,0.1216028,0.03051179,0.3735004,0.09739705,null,null,null,null,"TWOGAUSSIANS",8,1.5468345,0.13706826,0.0042694584,0.4,0.0,0.3098204,0.0147361355,0.6447974,0.0049493243,0.4,0.0,0.30235493,0.017185628
375316653866487564,492500605596737280,0.5475304,2221.3716617155055,2.8676682121917665,6.7068863E-6,19.299856,0.0074616177,0.27065971,0.0033408478,0.075699225,0.0044446294,0.38612905,0.017755097,0.7650183,0.0021828185,0.07601707,0.0036469437,0.40438545,0.009679535,null,null,null,null,"TWOGAUSSIANS",8,2.1029525,0.7650183,0.0021828185,0.4,0.0,0.40132475,0.00958487,0.27065971,0.0033408478,0.4,0.0,0.38306835,0.018129973
375316653866487564,492500708675953920,0.5099493,2258.4030230007884,3.0821478833852107,9.664056E-6,17.097832,0.01141674,0.2789318,0.0036498199,0.090956986,0.0057335612,0.21672906,0.013847572,0.76762545,0.002496717,0.09578352,0.0074433614,0.21481033,0.010127619,null,null,null,null,"TWOGAUSSIANS",8,13.712579,0.2789318,0.0036498199,0.4,0.0,0.20657039,0.011376517,0.76762545,0.002496717,0.4,0.0,0.20465118,0.008953814
375316653866487564,492500708676298624,0.62897104,2237.2648062489757,1.0779162333898256,3.558581E-6,17.294561,0.0029171794,0.22303252,6.837124E-4,0.03817413,0.0012444371,0.5063777,0.023852384,0.72343504,0.0019368385,0.039793845,0.0015062247,0.31145948,0.008585744,0.022883406,0.0037876824,0.22303252,6.837124E-4,"TWOGAUSSIANS_WITH_ELLIPSOIDAL_ON_ECLIPSE1",9,3.8296325,0.22303252,6.837124E-4,0.21377511,0.006968848,0.5521445,0.025557052,0.72343504,0.0019281821,0.22284552,0.008434859,0.35722598,0.0056948215
375316653866487564,492503010778398976,0.57035214,2229.4402259902245,2.9185872681602043,4.970782E-6,19.059631,0.014376532,0.31964347,0.0014973967,0.055073183,0.005220115,0.24301232,0.034510214,0.8262677,0.0027265032,0.04914193,0.006683701,0.2758728,0.028566126,0.13509619,0.020571746,0.31964347,0.0014973967,"TWOGAUSSIANS_WITH_ELLIPSOIDAL_ON_ECLIPSE1",9,2.0536182,0.8262677,0.0027265032,0.2751948,0.037428726,0.5455888,0.033817824,0.31964347,0.0014973967,0.30840984,0.029232645,0.5131961,0.015373311
375316653866487564,492508817574124160,0.48192495,2256.769157327993,2.7538343727524612,1.640596E-5,17.35143,0.015384999,0.23360536,0.0047749155,0.08319158,0.009860804,0.16349033,0.014785154,0.72953707,0.0045641437,0.08915744,0.011003671,0.16256584,0.014002775,null,null,null,null,"TWOGAUSSIANS",8,14.954615,0.23360536,0.0047749155,0.4,0.0,0.15896656,0.010921526,0.72953707,0.0045641437,0.4,0.0,0.15804203,0.010887523
375316653866487564,492512489768576768,0.515296,2254.277517633079,1.1827678848784158,3.931637E-6,18.203281,0.0039453926,0.21001056,0.007327739,0.042076442,0.0056129606,0.058023136,0.005068172,0.7118031,0.0014746571,0.042635895,0.0026969581,0.2624396,0.013107032,null,null,null,null,"TWOGAUSSIANS",8,4.292245,0.7118031,0.0014746571,0.23876102,0.015102966,0.2624396,0.013107039,0.21001056,0.007327739,0.23562808,0.03143258,0.058023132,0.005068157
375316653866487564,492514555650339712,0.48002118,2294.284504710756,2.3633521314238655,9.720756E-6,17.985214,0.0019222089,null,null,null,null,null,null,null,null,null,null,null,null,0.053164214,0.002673786,0.25402704,0.0035123948,"ELLIPSOIDAL",4,3.7056494,null,null,null,null,null,null,null,null,null,null,null,null
375316653866487564,492517819826655872,0.60968095,2285.2686499119895,4.0080240262999505,3.165322E-6,19.41007,0.0071257735,0.33278823,0.0013931146,0.047063626,0.001922332,0.42737043,0.029021522,0.83128154,7.7764905E-4,0.0461843,0.0019772488,0.42486477,0.01703545,0.122465886,0.011911773,0.33278823,0.0013931146,"TWOGAUSSIANS_WITH_ELLIPSOIDAL_ON_ECLIPSE1",9,1.1013745,0.33278823,0.0013931146,0.2635563,0.010765059,0.67230123,0.023420267,0.83141154,6.678416E-4,0.2586321,0.011072594,0.6697756,0.009503698
375316653866487564,492518300861805696,0.47828966,2274.520563350453,1.6139088645094528,9.287623E-6,17.230091,0.008374969,0.12432028,0.005222071,0.029888745,0.0034285153,0.36692587,0.049123354,0.6170011,0.002248265,0.030371414,0.0034189117,0.75949967,0.21743375,0.008132858,0.010401737,0.12432028,0.005222071,"TWOGAUSSIANS_WITH_ELLIPSOIDAL_ON_ECLIPSE1",9,48.094044,0.61701113,0.002240129,0.17007993,0.019145906,0.7757311,0.22130057,0.12432028,0.005222071,0.16737698,0.019199686,0.3831916,0.045141764
375316653866487564,492519400373422464,0.4720824,2278.6592556881496,0.027826314269299504,6.8660695E-5,17.251081,0.0028440845,0.25798216,0.016934067,0.043988425,0.007409441,0.2859726,0.299185,0.7649228,0.018676257,0.0427529,0.01049854,0.15842927,0.046339765,null,null,null,null,"TWOGAUSSIANS",8,2.6383727,0.25798216,0.016934067,0.2463352,0.04149287,0.28597257,0.29918504,0.7649228,0.018676257,0.23941623,0.058791824,0.15842924,0.046339795
375316653866487564,492523660981232896,0.5582251,2274.041800591477,1.6706595987140833,5.530717E-6,16.161951,0.0026794462,0.27109575,0.0049734833,0.076863095,0.0035998446,0.24549393,0.008181391,0.776148,0.001587347,0.07080975,0.0029361015,0.14685506,0.003342241,null,null,null,null,"TWOGAUSSIANS",8,13.252404,0.27109575,0.0049734833,0.4,0.0,0.24439012,0.007980968,0.776148,0.001587347,0.39653462,0.014884508,0.14575124,0.0032599794
375316653866487564,492525275888983040,0.51777047,2227.466028860307,0.2902916472126576,1.3551215E-5,18.671564,0.0027599088,0.2718882,0.001659001,0.011387853,0.0012030344,0.38080546,0.016053418,0.76674026,0.0037023055,0.009622158,0.006879253,0.07484609,0.055813182,null,null,null,null,"TWOGAUSSIANS",8,2.4649446,0.2718882,0.001659001,0.06377198,0.006736993,0.38080546,0.016053418,0.76674026,0.0037023055,0.05388408,0.038523816,0.07484609,0.055813182
375316653866487564,492529360400313088,0.47406226,2224.2791273281555,2.284721181545715,2.6166876E-5,18.702766,0.0020430011,0.3824489,0.006998925,0.053545967,0.007868046,0.1311817,0.010423627,0.6006345,0.0017984173,0.004404471,0.001789871,0.056688845,0.0251881,null,null,null,null,"TWOGAUSSIANS",8,2.0098462,0.3824489,0.006998925,0.2998574,0.044061057,0.1311817,0.010423627,0.6006345,0.0017984173,0.024665035,0.010023278,0.05672139,0.025189716
375316653866487564,492538637529921408,0.47920084,2234.877795206995,0.7156679861646499,2.7341574E-5,18.84405,0.0041087326,0.07717421,0.0027291733,0.015410867,0.005010462,0.42596757,0.645256,0.56892633,0.003915008,0.019700553,0.004112827,0.42083848,0.028907381,null,null,null,null,"TWOGAUSSIANS",8,5.505725,0.07717421,0.0027291733,0.08630086,0.028058587,0.42596757,0.645256,0.56892633,0.003915008,0.110323094,0.023031833,0.42083848,0.028907381
375316653866487564,492540428533227648,0.55150914,2244.5522072121503,2.6375136504119574,5.8247274E-6,14.096382,0.011834414,0.1860719,0.002510526,0.09317132,0.0048244763,0.3046903,0.011293878,0.67814773,0.0030915807,0.10241863,0.0064026606,0.28731394,0.011475183,null,null,null,null,"TWOGAUSSIANS",8,254.42024,0.1860719,0.002510526,0.4,0.0,0.2844439,0.007005634,0.67814773,0.0030915807,0.4,0.0,0.2670638,0.007762298
375316653866487564,492552110845525504,0.6679452,2271.6780114623925,0.07360068382107161,2.050403E-6,14.953879,4.8524284E-4,0.13133316,6.124045E-4,0.008501839,5.712874E-4,0.34773937,0.049615297,0.8097615,0.0020546839,0.006673749,0.0013554464,0.31407672,0.029484328,null,null,null,null,"TWOGAUSSIANS",8,5.9774823,0.13133316,6.124045E-4,0.047610294,0.0031992095,0.34773937,0.049615297,0.8097615,0.0020546839,0.037372995,0.0075904997,0.31407672,0.029484328
375316653866487564,492554825263850240,0.5445245,2253.580172598791,1.0952759804078362,1.326274E-5,16.713297,0.003607612,0.18972811,0.0026331763,0.020903211,0.0021147032,0.5297025,0.045894902,0.69156927,0.0036753614,0.021542812,0.0018140892,0.4356475,0.09623485,null,null,null,null,"TWOGAUSSIANS",8,51.5506,0.18972811,0.0026331763,0.11705798,0.011842337,0.5297025,0.045894902,0.69156927,0.0036753614,0.12063975,0.0101589,0.4356475,0.09623485
375316653866487564,492562831082785152,0.51913327,2226.6688034226777,0.8923774608141338,4.1511576E-6,15.122938,0.0033706606,0.2684249,0.0057498417,0.0081480965,0.0017865957,1.4325681,0.9635386,0.78718424,0.0062060803,0.014173712,0.017308244,0.06694233,0.030251624,0.0125010535,0.0068366514,0.2684249,0.0057498417,"TWOGAUSSIANS_WITH_ELLIPSOIDAL_ON_ECLIPSE1",9,114.54971,0.2684249,0.0057498417,0.04562934,0.010004936,1.4575702,0.95811534,0.78718424,0.0062060803,0.079372786,0.09692617,0.091598675,0.03726861
