Gaia/vari_eclipsing_binary/VariEclipsingBinary_059931-060160.csv
# %ECSV 1.0
# ---
# delimiter: ','
# meta: !!omap
# - RELEASE: Gaia DR3
# - TABLE: vari_eclipsing_binary
# - DESCRIPTION: >
#     This table describes the properties of the eclipsing binaries resulting from the variability analysis. 
# - CITATION: >
#     How to cite and acknowledge Gaia: 
#     https://gea.esac.esa.int/archive/documentation/credits.html 
# - KNOWN_ISSUES: >
#     Known issues: 
#     https://www.cosmos.esa.int/web/gaia-users/known-issues 
# - DOCUMENTATION: >
#     Tutorials and documentation: 
#     https://www.cosmos.esa.int/web/gaia-users/archive 
# datatype:
# - 
#   name: solution_id
#   datatype: int64
#   description: Solution Identifier
#   meta:
#     ucd: meta.version
# - 
#   name: source_id
#   datatype: int64
#   description: Unique source identifier
#   meta:
#     ucd: meta.id;meta.main
# - 
#   name: global_ranking
#   datatype: float32
#   description: Number between 0 (worst) and 1 (best)
#   meta:
#     ucd: stat.param
# - 
#   name: reference_time
#   datatype: float64
#   unit: d
#   description: Reference time used for the geometric model fit
#   meta:
#     ucd: time.epoch
# - 
#   name: frequency
#   datatype: float64
#   unit: d**-1
#   description: Frequency of geometric model of the eclipsing binary light curve
#   meta:
#     ucd: src.orbital
# - 
#   name: frequency_error
#   datatype: float32
#   unit: d**-1
#   description: "Uncertainty of \\texttt{frequency}"
#   meta:
#     ucd: stat.error
# - 
#   name: geom_model_reference_level
#   datatype: float32
#   unit: mag
#   description: Magnitude reference level of geometric model
#   meta:
#     ucd: phot.mag;em.opt
# - 
#   name: geom_model_reference_level_error
#   datatype: float32
#   unit: mag
#   description: "Uncertainty of \\texttt{geomModelReferenceLevel}"
#   meta:
#     ucd: stat.error;phot.mag;em.opt
# - 
#   name: geom_model_gaussian1_phase
#   datatype: float32
#   description: Phase of the Gaussian 1 component
#   meta:
#     ucd: time.phase
# - 
#   name: geom_model_gaussian1_phase_error
#   datatype: float32
#   description: "Uncertainty of \\texttt{geomModelGaussian1Phase}"
#   meta:
#     ucd: stat.error;time.phase
# - 
#   name: geom_model_gaussian1_sigma
#   datatype: float32
#   description: "Standard deviation [phase] of Gaussian 1 component"
#   meta:
#     ucd: stat.stdev
# - 
#   name: geom_model_gaussian1_sigma_error
#   datatype: float32
#   description: "Uncertainty of \\texttt{geomModelGaussian1Sigma}"
#   meta:
#     ucd: stat.error
# - 
#   name: geom_model_gaussian1_depth
#   datatype: float32
#   unit: mag
#   description: Magnitude depth of Gaussian 1 component
#   meta:
#     ucd: src.var.amplitude
# - 
#   name: geom_model_gaussian1_depth_error
#   datatype: float32
#   unit: mag
#   description: "Uncertainty of \\texttt{geomModelGaussian1Depth}"
#   meta:
#     ucd: stat.error;src.var.amplitude
# - 
#   name: geom_model_gaussian2_phase
#   datatype: float32
#   description: Phase of Gaussian 2 component
#   meta:
#     ucd: time.phase
# - 
#   name: geom_model_gaussian2_phase_error
#   datatype: float32
#   description: "Uncertainty of \\texttt{geomModelGaussian2Phase}"
#   meta:
#     ucd: stat.error;time.phase
# - 
#   name: geom_model_gaussian2_sigma
#   datatype: float32
[...]
#   datatype: float32
#   description: "Secondary eclipse: uncertainty of \\texttt{derivedSecondaryEclDuration}"
#   meta:
#     ucd: stat.error;time.duration
# - 
#   name: derived_secondary_ecl_depth
#   datatype: float32
#   unit: mag
#   description: "Secondary eclipse: depth"
#   meta:
#     ucd: src.var.amplitude
# - 
#   name: derived_secondary_ecl_depth_error
#   datatype: float32
#   unit: mag
#   description: "Secondary eclipse: uncertainty of \\texttt{derivedSecondaryEclDepth}"
#   meta:
#     ucd: stat.error;src.var.amplitude
solution_id,source_id,global_ranking,reference_time,frequency,frequency_error,geom_model_reference_level,geom_model_reference_level_error,geom_model_gaussian1_phase,geom_model_gaussian1_phase_error,geom_model_gaussian1_sigma,geom_model_gaussian1_sigma_error,geom_model_gaussian1_depth,geom_model_gaussian1_depth_error,geom_model_gaussian2_phase,geom_model_gaussian2_phase_error,geom_model_gaussian2_sigma,geom_model_gaussian2_sigma_error,geom_model_gaussian2_depth,geom_model_gaussian2_depth_error,geom_model_cosine_half_period_amplitude,geom_model_cosine_half_period_amplitude_error,geom_model_cosine_half_period_phase,geom_model_cosine_half_period_phase_error,model_type,num_model_parameters,reduced_chi2,derived_primary_ecl_phase,derived_primary_ecl_phase_error,derived_primary_ecl_duration,derived_primary_ecl_duration_error,derived_primary_ecl_depth,derived_primary_ecl_depth_error,derived_secondary_ecl_phase,derived_secondary_ecl_phase_error,derived_secondary_ecl_duration,derived_secondary_ecl_duration_error,derived_secondary_ecl_depth,derived_secondary_ecl_depth_error
[from data line 507]
375316653866487564,528396464787972096,0.6287454,2203.2975401659382,1.4314220440191798,5.6868425E-6,16.321344,0.0028499947,0.2854176,0.0011542309,0.04815662,0.0020821267,0.28771973,0.011269991,0.7946195,0.0039837486,0.033129506,0.0047551026,0.09454393,0.014570414,0.03684877,0.0034984658,0.2854176,0.0011542309,"TWOGAUSSIANS_WITH_ELLIPSOIDAL_ON_ECLIPSE1",9,6.4188085,0.2854176,0.0011542309,0.26967707,0.011659909,0.36141682,0.012061736,0.7946195,0.0039837486,0.18552522,0.026628574,0.16799493,0.014374419
375316653866487564,528398384634359552,0.44350013,2209.652215536112,0.3996473604565956,3.9921313E-5,17.985838,0.00564899,0.15984103,5.295415E-5,0.009279843,2.3485723E-4,0.29288048,0.00743392,0.47066507,0.020024002,0.04055957,0.0134527935,0.052259967,0.034266997,null,null,null,null,"TWOGAUSSIANS",8,13.916214,0.15984103,5.295415E-5,0.051967125,0.0013152005,0.29288048,0.00743392,0.47066507,0.020024002,0.2271336,0.075335644,0.052259967,0.034266997
375316653866487564,528406115577118208,0.47771668,2161.7407810316854,2.4587784054765103,2.4824669E-5,19.418486,0.004700313,0.1393546,8.9050416E-5,0.004322672,2.0000486E-4,0.12303043,0.0049863807,0.65244156,0.008257837,0.03286553,0.008340449,0.9009413,2.258636,null,null,null,null,"TWOGAUSSIANS",8,2.7012928,0.65244156,0.008257837,0.18404698,0.046706516,0.9009413,2.258636,0.1393546,8.9050416E-5,0.024206962,0.0011200273,0.12303043,0.0049863807
375316653866487564,528408555118566528,0.5165115,2204.4356695950837,0.8595525385391887,9.5326295E-6,18.06602,0.0069084675,0.3195145,0.0052751983,0.062257484,0.00702791,0.18072522,0.008277982,0.81653255,0.006172868,0.07510241,0.009020009,0.14033958,0.011970782,null,null,null,null,"TWOGAUSSIANS",8,3.8652856,0.3195145,0.0052751983,0.3486419,0.039356295,0.18034187,0.008297869,0.81653255,0.006172868,0.4,0.009478979,0.13995624,0.012042425
375316653866487564,528415706241328128,0.6240927,2212.2232562822114,1.0658489758586334,6.2997665E-6,15.688453,0.0071815364,0.17025813,0.006049318,0.032885138,0.0037946275,0.100016184,0.017078992,0.66833895,0.00454951,0.03754944,0.0048252107,1.1752461,0.21747772,0.023372717,0.009238239,0.17025813,0.006049318,"TWOGAUSSIANS_WITH_ELLIPSOIDAL_ON_ECLIPSE1",9,58.829517,0.66834897,0.0045403363,0.21027686,0.027021179,1.2219847,0.22905889,0.17025813,0.006049318,0.18415676,0.021249915,0.14676157,0.006227782
375316653866487564,528416801454398848,0.5395464,2150.2035594803333,2.4777784194549985,6.9942694E-6,18.906878,0.006860211,0.23664676,0.0036655169,0.08070581,0.0048619662,0.3032825,0.018094672,0.7358675,0.0024466312,0.088818066,0.0040216884,0.3131379,0.010106009,null,null,null,null,"TWOGAUSSIANS",8,1.8139535,0.7358675,0.0024466312,0.4,0.0,0.3052902,0.010263057,0.23664676,0.0036655169,0.4,0.0,0.29543486,0.019039247
375316653866487564,528427830930001920,0.4512103,2183.695436498119,3.0607449571773593,1.6558013E-5,17.884623,0.009109781,0.20071977,0.007025768,0.027370844,0.008850976,0.24897674,0.42113543,0.6860981,0.002269862,0.01781408,0.0039468845,0.21351562,0.057236515,0.07172217,0.016529925,0.20071977,0.007025768,"TWOGAUSSIANS_WITH_ELLIPSOIDAL_ON_ECLIPSE1",9,23.897236,0.20071977,0.007025768,0.15327673,0.049565464,0.39242077,0.41900858,0.6863381,0.002174072,0.09975884,0.022102555,0.3557722,0.061482336
375316653866487564,528429445837779840,0.4742017,2206.7170323233663,0.3736048291316189,1.3877618E-5,19.545061,0.005196399,0.2952246,0.0030384888,0.014084214,0.0026495284,0.3341466,0.11974283,0.7941938,0.026017591,0.01454651,0.016767427,0.14693254,0.28541526,null,null,null,null,"TWOGAUSSIANS",8,2.0435286,0.2952246,0.0030384888,0.0788716,0.01483736,0.3341466,0.11974283,0.7941938,0.026017591,0.08146045,0.093897596,0.14693254,0.28541526
375316653866487564,528440372235192960,0.5580709,2190.924308774722,4.3166616701091645,1.4739796E-5,19.486591,0.0056973007,0.25857612,0.0065794135,0.06417875,0.0054690707,0.3650704,0.034628328,0.7644846,0.004389105,0.07219157,0.0050467807,0.42734548,0.02372736,null,null,null,null,"TWOGAUSSIANS",8,1.9251513,0.7644846,0.004389105,0.4,0.0063302517,0.42653197,0.023924382,0.25857612,0.0065794135,0.359401,0.030626796,0.36425692,0.03485561
375316653866487564,528442850434569856,0.5422352,2184.339626425058,0.5744837227470122,1.6017979E-5,14.527113,8.193385E-4,0.7243031,0.0021752787,0.03939672,0.015263757,0.062402904,0.2696772,null,null,null,null,null,null,0.027602384,0.0012025955,0.7243031,0.0021752787,"ONEGAUSSIAN_WITH_ELLIPSOIDAL",6,8.554746,0.7243031,0.0021752787,0.22062162,0.08547704,0.11760761,0.2700517,null,null,null,null,null,null
375316653866487564,528443498971409920,0.53977746,2183.4152378392814,0.5808446155605462,1.1099968E-5,19.08657,0.004767654,0.1096022,0.0130682,0.026868386,0.005572758,0.5545936,0.24645312,0.58642673,0.01863578,0.03935356,0.013575926,0.31815717,0.060723957,null,null,null,null,"TWOGAUSSIANS",8,1.5160428,0.1096022,0.0130682,0.15046297,0.031207446,0.5545936,0.24645312,0.58642673,0.01863578,0.22037993,0.07602519,0.31815717,0.060723957
375316653866487564,528444014366867200,0.5537157,2205.7447193677167,2.9948487048954484,7.496288E-6,18.66127,0.017376766,0.28003767,0.0025577173,0.05681966,0.007339885,0.29174945,0.038956862,0.7807379,0.0031103531,0.048347972,0.005350474,0.26368004,0.036721773,0.09178073,0.019913398,0.28003767,0.0025577173,"TWOGAUSSIANS_WITH_ELLIPSOIDAL_ON_ECLIPSE1",9,4.2601905,0.28003767,0.0025577173,0.3181901,0.041103356,0.47529224,0.032628935,0.7807379,0.0029933092,0.27074865,0.029962651,0.44721925,0.007941212
375316653866487564,528446183329352064,0.54550993,2200.165119618947,3.300616098928735,7.986021E-6,18.82271,0.006481026,0.30833942,0.0026046669,0.06963149,0.0037315183,0.34094822,0.0147054335,0.8027206,0.002045848,0.066853546,0.0038278874,0.40427747,0.025048757,null,null,null,null,"TWOGAUSSIANS",8,2.7634776,0.8027206,0.002045848,0.37437984,0.02143617,0.40350178,0.025324805,0.30833942,0.0026046669,0.38993633,0.020896502,0.34017253,0.014841799
375316653866487564,528446320768304384,0.6207642,2212.708233975376,0.3762696715935452,3.175624E-5,15.334298,0.0016169728,0.23361932,0.015135908,0.01456788,0.00974381,0.752539,1.0170205,0.7289644,0.010207227,0.014621096,0.0026097281,0.7125954,0.49134701,0.0031877728,0.0018722796,0.23361932,0.015135908,"TWOGAUSSIANS_WITH_ELLIPSOIDAL_ON_ECLIPSE1",9,7.81988,0.23361932,0.015135908,0.08158013,0.054565333,0.75891453,1.0172796,0.7289644,0.010207227,0.08187813,0.014614478,0.71896553,0.493024
375316653866487564,528450439638831488,0.5812737,2190.0901910571165,2.327126975059756,6.921908E-6,18.805687,0.0079544345,0.12779246,0.0031351484,0.07791342,0.0032198664,0.46265757,0.016562909,0.6261762,0.00251181,0.08217185,0.00263136,0.43103817,0.0132321175,null,null,null,null,"TWOGAUSSIANS",8,1.9116694,0.12779246,0.0031351484,0.4,0.0,0.45607764,0.01642119,0.6261762,0.00251181,0.4,0.0,0.4244582,0.012631804
375316653866487564,528471231579337472,0.6055593,2203.6420850320724,2.5946543792092776,6.222243E-6,15.537964,0.005313229,0.23104937,0.0016768543,0.046906136,0.0078530405,0.072850555,0.010658605,0.7291621,0.008525082,0.04967013,0.011016793,0.086468995,0.011315458,0.055011865,0.006333344,0.23104937,0.0016768543,"TWOGAUSSIANS_WITH_ELLIPSOIDAL_ON_ECLIPSE1",9,10.399115,0.7295321,0.007376202,0.27815273,0.06169404,0.19648004,0.0071872375,0.23104937,0.0016768543,0.26267436,0.043977026,0.18287398,0.006355504
375316653866487564,528473976061238656,0.47022063,2143.8238402134743,1.9237744075687402,5.8461363E-5,19.302372,0.0060696504,0.10547134,0.028342156,0.022184262,0.018877458,0.11052585,1.1025959,0.2905753,4.831193E-4,0.0038143615,6.5424613E-4,0.5957168,0.1755221,null,null,null,null,"TWOGAUSSIANS",8,4.685227,0.2905753,4.831193E-4,0.021360425,0.0036637783,0.5957168,0.1755221,0.10547134,0.028342156,0.124231875,0.10571376,0.11052585,1.1025959
375316653866487564,528476346883270016,0.59703654,2144.6687147940897,1.5385492862919676,3.3748045E-6,19.008272,0.0034495569,0.19234112,8.0229517E-4,0.042051356,0.0014205773,0.5226336,0.010005016,0.6914579,0.003503732,0.045144815,0.0027886573,0.30567032,0.018324146,null,null,null,null,"TWOGAUSSIANS",8,1.2160171,0.19234112,8.0229517E-4,0.23548761,0.007955233,0.52263355,0.010005026,0.6914579,0.003503732,0.25281096,0.015616481,0.30567026,0.018324155
375316653866487564,528477171516838656,0.57452255,2184.177886408578,2.152420899881252,2.3682036E-5,17.824562,0.0016485503,0.28052354,0.0015288234,0.00704178,0.0023587935,11.127899,11.892001,0.4489151,0.017237734,0.009261126,0.019637793,0.14699012,0.43821257,null,null,null,null,"TWOGAUSSIANS",8,1.9845725,0.28052354,0.0015288234,0.039433967,0.013209244,11.127899,11.892001,0.4489151,0.017237734,0.051862303,0.10997164,0.14699012,0.43821257
375316653866487564,528480130751546624,0.51254547,2228.3630538901107,0.39604410967953135,5.2229745E-5,18.033289,0.0016187255,0.14985274,0.011661374,0.010773189,0.0068378034,0.13164726,0.058237765,0.64943063,0.0041458565,0.017115759,0.0017091753,0.123299405,0.010926641,null,null,null,null,"TWOGAUSSIANS",8,1.1930219,0.14985274,0.011661374,0.06032986,0.0382917,0.13164726,0.058237765,0.64943063,0.0041458565,0.09584825,0.009571382,0.123299405,0.010926641
375316653866487564,528481019807554048,0.5787312,2251.532856174171,3.839183253505005,6.2023655E-6,18.520432,0.010261182,0.29799822,0.0013602141,0.043507345,0.004914,0.2503894,0.02823605,0.7903492,0.017670533,0.035931982,0.015518389,0.120424494,0.029478231,0.13163903,0.015501817,0.29799822,0.0013602141,"TWOGAUSSIANS_WITH_ELLIPSOIDAL_ON_ECLIPSE1",9,4.3514705,0.29799822,0.0013602141,0.24364114,0.0275184,0.5136674,0.023501465,0.79173917,0.01595654,0.2012191,0.086902976,0.38320547,0.021546477
375316653866487564,528481191606455808,0.5533074,2207.398874800517,0.5614196308006143,2.676E-5,18.751165,0.011785688,0.21700414,0.0072588315,0.026168449,0.027800493,0.22140354,0.1576895,0.72474414,0.0026430036,0.03421935,0.0032767982,0.30713874,0.033394817,0.07196818,0.016598519,0.21700414,0.0072588315,"TWOGAUSSIANS_WITH_ELLIPSOIDAL_ON_ECLIPSE1",9,2.5166457,0.72474414,0.0026430036,0.19162837,0.01835007,0.45073494,0.023598414,0.21700414,0.0072588315,0.14654331,0.15568276,0.3653399,0.16641465
375316653866487564,528482810810991616,0.5476421,2176.7449945575613,0.6642609648582277,1.3210087E-5,16.758936,0.006054742,0.13440241,0.0040150257,0.024928318,0.0057236226,0.37261328,0.01533386,0.6332708,0.00474169,0.026381629,0.0028617366,0.16036588,0.012370472,null,null,null,null,"TWOGAUSSIANS",8,33.29386,0.13440241,0.0040150257,0.13959858,0.032052286,0.37261328,0.01533386,0.6332708,0.00474169,0.14773712,0.016025724,0.16036588,0.012370472
375316653866487564,528489300503778048,0.4844008,2170.3686713316356,2.767794735023674,1.2993404E-5,19.634972,0.0636096,0.18292597,0.0046875887,0.114180185,0.020477906,0.29184312,0.058563437,0.69385886,0.0062426757,0.12173957,0.020595413,0.28614804,0.06344427,null,null,null,null,"TWOGAUSSIANS",8,1.1900778,0.18285596,0.004658179,0.4,0.0,0.2366455,0.016718807,0.6938889,0.0062301927,0.4,0.0,0.23086141,0.014538914
375316653866487564,528494213945477632,0.55152065,2188.5605426857464,0.39867562035348747,2.1870697E-5,18.919703,0.003907427,0.12072151,0.0055780597,0.022389118,0.0028015885,0.46709248,0.050993487,0.634595,0.007789861,0.022887884,0.004101723,0.6240859,0.32793877,null,null,null,null,"TWOGAUSSIANS",8,2.4838758,0.634595,0.007789861,0.12817214,0.022969648,0.6240859,0.32793877,0.12072151,0.0055780597,0.12537906,0.015688896,0.46709248,0.050993487
375316653866487564,528495695712857344,0.5768529,2181.637954534845,2.7025687270985905,3.2941446E-6,18.525482,0.007266929,0.23115833,0.0014844768,0.07937303,0.0030540857,0.3722801,0.01021971,0.7273943,0.0010048617,0.08244433,0.0024101762,0.36971787,0.007656714,null,null,null,null,"TWOGAUSSIANS",8,2.271725,0.23115833,0.0014844768,0.4,0.0,0.3664485,0.010291318,0.7273943,0.0010048617,0.4,0.0,0.3638863,0.007157485
375316653866487564,528503701527968768,0.4912234,2144.1720491015685,3.405900664321684,2.7965767E-5,19.25712,0.055987775,0.25672925,0.0076765446,0.11430072,0.024404364,0.31979704,0.04822251,0.76850754,0.0055082478,0.09995998,0.014460335,0.3382011,0.054266904,null,null,null,null,"TWOGAUSSIANS",8,3.2121923,0.76852757,0.0055296775,0.4,0.0,0.3004961,0.017546587,0.25672925,0.0076813065,0.4,0.0,0.28204584,0.01647976
375316653866487564,528505346500704640,0.5059601,2160.921643329938,1.6776783627576406,1.1529528E-5,17.957277,0.005400191,0.24886896,0.010042969,0.069325164,0.009999077,0.0645227,0.0074985498,0.7541474,0.003501099,0.06265256,0.004238242,0.11567191,0.0063446527,null,null,null,null,"TWOGAUSSIANS",8,2.437056,0.7541474,0.003501099,0.35085434,0.023734154,0.11556074,0.006212185,0.24886896,0.010042969,0.38822094,0.044042956,0.06441152,0.0074059
375316653866487564,528506205495303424,0.56398624,2164.3432436164344,0.7197683987936931,2.3457706E-5,19.353466,0.0034669964,0.12129801,0.0048119132,0.036829375,0.0038439631,0.50806373,0.025035966,0.77397275,0.038704887,0.045977823,0.023671178,0.0181815,0.0074732546,null,null,null,null,"TWOGAUSSIANS",8,1.1473308,0.12129801,0.0048119132,0.20624451,0.021526193,0.50806373,0.025035966,0.77397275,0.038704887,0.25747582,0.1325586,0.0181815,0.0074732546
375316653866487564,528508576317460096,0.62280726,2218.760978434935,3.308963340382069,3.0886727E-6,18.382505,0.009586663,0.23399088,0.0016010521,0.042363413,0.0040800227,0.3649822,0.04143812,0.73023164,0.0010866305,0.04342046,0.0019822554,0.4893133,0.025560467,0.14829369,0.014568025,0.23399088,0.0016010521,"TWOGAUSSIANS_WITH_ELLIPSOIDAL_ON_ECLIPSE1",9,4.8928328,0.7305416,9.859955E-4,0.24315457,0.01110063,0.7857489,0.016246235,0.23399088,0.0016010521,0.23723511,0.022848126,0.66156954,0.044957805
375316653866487564,528512630767877504,0.50669897,2210.6191430184026,2.8257827675538727,3.0192827E-5,18.079195,0.0148125915,0.2434658,0.0059422115,0.05759201,0.00927239,0.34918654,0.044282675,0.73567784,0.007869387,0.061743103,0.010648919,0.37911233,0.025482727,null,null,null,null,"TWOGAUSSIANS",8,24.165339,0.73567784,0.007869387,0.3457614,0.059633948,0.37902704,0.025494741,0.2434658,0.0059422115,0.32251525,0.051925384,0.34910128,0.04433446
375316653866487564,528514902806712064,0.63816506,2201.788869214487,1.3483591451983248,4.579007E-6,17.713665,0.0036364147,0.25793645,0.0011295909,0.07378268,0.0014500146,0.5333344,0.0066410466,0.7617105,0.0018201738,0.091746725,0.0029349874,0.25479138,0.0055649118,null,null,null,null,"TWOGAUSSIANS",8,2.0558233,0.25793645,0.0011295909,0.4,0.0,0.5265657,0.006675115,0.7617105,0.0018201738,0.4,0.0,0.24802248,0.0057468726
375316653866487564,528515280763815680,0.56657827,2201.1504099570107,0.13060782698406603,9.510718E-5,18.08994,0.0022017057,0.28447267,0.023418454,0.06623866,0.037838392,0.021606807,0.0087746605,0.760504,0.007700683,0.013528283,0.002730609,0.4525678,0.19712628,null,null,null,null,"TWOGAUSSIANS",8,1.8634075,0.760504,0.007700683,0.07575838,0.0152914105,0.4525678,0.19712628,0.28447267,0.023418454,0.37093648,0.20172633,0.021606807,0.0087746605
375316653866487564,528517372409705600,0.5283536,2206.1118832693096,2.8302034227145714,2.656538E-5,17.860811,0.22550845,0.2511355,0.0054569966,0.13711499,0.053651895,0.3035955,0.21722953,0.7481705,0.005958546,0.124941066,0.040246315,0.27995443,0.20914291,null,null,null,null,"TWOGAUSSIANS",8,6.456481,0.2511655,0.005435825,0.4,0.0,0.21127781,0.012267171,0.7481705,0.005958546,0.4,0.0,0.18823849,0.011784214
375316653866487564,528518751097387008,0.4791262,2186.5584492297367,0.6069368203761195,8.070462E-5,16.392433,0.0015556379,0.18983226,0.008507288,0.045714933,0.0058109853,0.07424221,0.01595371,0.6991443,0.024887962,0.07768422,0.017847678,0.019210093,0.0069689974,null,null,null,null,"TWOGAUSSIANS",8,3.8482692,0.18983226,0.008507288,0.25600362,0.032541517,0.07423026,0.015954996,0.6991443,0.024887962,0.4,0.035033554,0.019198142,0.0069774697
