Gaia/vari_eclipsing_binary/VariEclipsingBinary_681304-681352.csv
# %ECSV 1.0
# ---
# delimiter: ','
# meta: !!omap
# - RELEASE: Gaia DR3
# - TABLE: vari_eclipsing_binary
# - DESCRIPTION: >
#     This table describes the properties of the eclipsing binaries resulting from the variability analysis. 
# - CITATION: >
#     How to cite and acknowledge Gaia: 
#     https://gea.esac.esa.int/archive/documentation/credits.html 
# - KNOWN_ISSUES: >
#     Known issues: 
#     https://www.cosmos.esa.int/web/gaia-users/known-issues 
# - DOCUMENTATION: >
#     Tutorials and documentation: 
#     https://www.cosmos.esa.int/web/gaia-users/archive 
# datatype:
# - 
#   name: solution_id
#   datatype: int64
#   description: Solution Identifier
#   meta:
#     ucd: meta.version
# - 
#   name: source_id
#   datatype: int64
#   description: Unique source identifier
#   meta:
#     ucd: meta.id;meta.main
# - 
#   name: global_ranking
#   datatype: float32
#   description: Number between 0 (worst) and 1 (best)
#   meta:
#     ucd: stat.param
# - 
#   name: reference_time
#   datatype: float64
#   unit: d
#   description: Reference time used for the geometric model fit
#   meta:
#     ucd: time.epoch
# - 
#   name: frequency
#   datatype: float64
#   unit: d**-1
#   description: Frequency of geometric model of the eclipsing binary light curve
#   meta:
#     ucd: src.orbital
# - 
#   name: frequency_error
#   datatype: float32
#   unit: d**-1
#   description: "Uncertainty of \\texttt{frequency}"
#   meta:
#     ucd: stat.error
# - 
#   name: geom_model_reference_level
#   datatype: float32
#   unit: mag
#   description: Magnitude reference level of geometric model
#   meta:
#     ucd: phot.mag;em.opt
# - 
#   name: geom_model_reference_level_error
#   datatype: float32
#   unit: mag
#   description: "Uncertainty of \\texttt{geomModelReferenceLevel}"
#   meta:
#     ucd: stat.error;phot.mag;em.opt
# - 
#   name: geom_model_gaussian1_phase
#   datatype: float32
#   description: Phase of the Gaussian 1 component
#   meta:
#     ucd: time.phase
# - 
#   name: geom_model_gaussian1_phase_error
#   datatype: float32
#   description: "Uncertainty of \\texttt{geomModelGaussian1Phase}"
#   meta:
#     ucd: stat.error;time.phase
# - 
#   name: geom_model_gaussian1_sigma
#   datatype: float32
#   description: "Standard deviation [phase] of Gaussian 1 component"
#   meta:
#     ucd: stat.stdev
# - 
#   name: geom_model_gaussian1_sigma_error
#   datatype: float32
#   description: "Uncertainty of \\texttt{geomModelGaussian1Sigma}"
#   meta:
#     ucd: stat.error
# - 
#   name: geom_model_gaussian1_depth
#   datatype: float32
#   unit: mag
#   description: Magnitude depth of Gaussian 1 component
#   meta:
#     ucd: src.var.amplitude
# - 
#   name: geom_model_gaussian1_depth_error
#   datatype: float32
#   unit: mag
#   description: "Uncertainty of \\texttt{geomModelGaussian1Depth}"
#   meta:
#     ucd: stat.error;src.var.amplitude
# - 
#   name: geom_model_gaussian2_phase
#   datatype: float32
#   description: Phase of Gaussian 2 component
#   meta:
#     ucd: time.phase
# - 
#   name: geom_model_gaussian2_phase_error
#   datatype: float32
#   description: "Uncertainty of \\texttt{geomModelGaussian2Phase}"
#   meta:
#     ucd: stat.error;time.phase
# - 
#   name: geom_model_gaussian2_sigma
#   datatype: float32
[...]
#   datatype: float32
#   description: "Secondary eclipse: uncertainty of \\texttt{derivedSecondaryEclDuration}"
#   meta:
#     ucd: stat.error;time.duration
# - 
#   name: derived_secondary_ecl_depth
#   datatype: float32
#   unit: mag
#   description: "Secondary eclipse: depth"
#   meta:
#     ucd: src.var.amplitude
# - 
#   name: derived_secondary_ecl_depth_error
#   datatype: float32
#   unit: mag
#   description: "Secondary eclipse: uncertainty of \\texttt{derivedSecondaryEclDepth}"
#   meta:
#     ucd: stat.error;src.var.amplitude
solution_id,source_id,global_ranking,reference_time,frequency,frequency_error,geom_model_reference_level,geom_model_reference_level_error,geom_model_gaussian1_phase,geom_model_gaussian1_phase_error,geom_model_gaussian1_sigma,geom_model_gaussian1_sigma_error,geom_model_gaussian1_depth,geom_model_gaussian1_depth_error,geom_model_gaussian2_phase,geom_model_gaussian2_phase_error,geom_model_gaussian2_sigma,geom_model_gaussian2_sigma_error,geom_model_gaussian2_depth,geom_model_gaussian2_depth_error,geom_model_cosine_half_period_amplitude,geom_model_cosine_half_period_amplitude_error,geom_model_cosine_half_period_phase,geom_model_cosine_half_period_phase_error,model_type,num_model_parameters,reduced_chi2,derived_primary_ecl_phase,derived_primary_ecl_phase_error,derived_primary_ecl_duration,derived_primary_ecl_duration_error,derived_primary_ecl_depth,derived_primary_ecl_depth_error,derived_secondary_ecl_phase,derived_secondary_ecl_phase_error,derived_secondary_ecl_duration,derived_secondary_ecl_duration_error,derived_secondary_ecl_depth,derived_secondary_ecl_depth_error
[from data line 221]
375316653866487564,5992954819449753984,0.5358627,2225.8011948243584,2.4604611432982124,1.5609696E-5,18.317951,0.014881814,0.22797361,0.0068390225,0.08819364,0.010602437,0.3031592,0.014365982,0.7349108,0.0033987719,0.09043806,0.0055692825,0.2765288,0.018560199,null,null,null,null,"TWOGAUSSIANS",8,4.6372776,0.22797361,0.0068390225,0.4,0.0,0.292843,0.01096114,0.7349108,0.0033987719,0.4,0.0,0.26621252,0.016143227
375316653866487564,5992955918961622272,0.5062302,2190.5640584204207,2.063375883087465,1.579795E-5,18.90628,0.005009285,0.1999178,0.00248963,0.05264768,0.0022175836,0.3521221,0.015867973,0.702684,0.0072479215,0.07208381,0.00996022,0.1755528,0.01610821,null,null,null,null,"TWOGAUSSIANS",8,1.7862844,0.1999178,0.00248963,0.294827,0.012418468,0.35198528,0.015854549,0.702684,0.0072479215,0.4,0.03025946,0.17541596,0.01621148
375316653866487564,5992956125120054016,0.4864293,2114.5051967361524,2.9501687053074614,1.6874299E-5,19.187513,0.01718917,0.28504956,0.0059304642,0.08640866,0.01039435,0.21373801,0.020178743,0.7962868,0.0048748343,0.104967445,0.011811283,0.20149235,0.014923288,null,null,null,null,"TWOGAUSSIANS",8,1.977286,0.28504956,0.005925832,0.4,0.0,0.20213793,0.019270718,0.7962868,0.0048748343,0.4,0.0,0.18988691,0.008836185
375316653866487564,5992957194596761216,0.60894644,2198.651270859129,2.393537632857274,5.0405697E-6,14.304595,0.020675555,0.2910924,0.0033850768,0.055993095,0.008261423,0.18226568,0.044556223,0.7843296,0.0019032541,0.048395757,0.0141710825,0.20040265,0.04397595,0.14546081,0.025633065,0.7843296,0.0019032541,"TWOGAUSSIANS_WITH_ELLIPSOIDAL_ON_ECLIPSE2",9,158.76668,0.7843296,0.0019032541,0.27101624,0.07935806,0.4913181,0.009600996,0.2891724,0.0021307005,0.31356132,0.046263967,0.47280475,0.010239478
375316653866487564,5992958014907067264,0.48020038,2123.4798812262125,3.041588201513826,1.8696612E-5,19.429585,0.023177579,0.29183117,0.0071347845,0.08266832,0.008799733,0.35638294,0.032125745,0.7873557,0.0078593325,0.08261967,0.014854415,0.3134627,0.04545413,null,null,null,null,"TWOGAUSSIANS",8,3.4883738,0.29183117,0.0071347845,0.4,0.0,0.35004067,0.029547455,0.7873557,0.0078593325,0.4,0.0,0.30712047,0.048542406
375316653866487564,5992959561094534016,0.5952757,2242.7110251843574,4.077840357058389,9.491372E-6,18.33113,0.0067615006,0.137619,0.0024101199,0.035699565,0.005028379,0.2259748,0.04667069,0.64474654,0.0025943331,0.05091001,0.0034193357,0.29416573,0.01526125,0.15727976,0.00865812,0.137619,0.0024101199,"TWOGAUSSIANS_WITH_ELLIPSOIDAL_ON_ECLIPSE1",9,4.908275,0.64474654,0.0025943331,0.28509605,0.01914828,0.6080933,0.010384233,0.137619,0.0024101199,0.19991755,0.028158924,0.5405328,0.04612346
375316653866487564,5992959629823110656,0.56675225,2235.3467335714163,2.7354313134672665,9.6021695E-6,17.734211,0.003052889,0.2796152,0.0023379193,0.08239604,0.0034041498,0.27172524,0.010091697,0.77867585,0.0030326648,0.0750652,0.0027108537,0.25672528,0.007230441,null,null,null,null,"TWOGAUSSIANS",8,5.1204576,0.2796152,0.0023379193,0.4,0.0,0.26837417,0.010472828,0.77867585,0.0030326648,0.4,0.0,0.25337422,0.007042631
375316653866487564,5992960213930728192,0.44898176,2121.5352649818165,0.3873613525096517,4.8494097E-5,19.268368,0.009498946,0.3496509,0.014205023,0.03405174,0.016680883,0.13324586,0.03445484,0.81374544,0.0030769878,0.027475357,0.0037115265,0.34118783,0.045762792,null,null,null,null,"TWOGAUSSIANS",8,5.6473317,0.81374544,0.0030769878,0.153862,0.02078455,0.34118783,0.045762792,0.3496509,0.014205023,0.19068973,0.09341295,0.13324586,0.03445484
375316653866487564,5992960974168050560,0.5234552,2230.941084748547,1.6455805669059993,1.167373E-5,16.967716,0.010556212,0.2944168,0.002785921,0.09025734,0.007577451,0.12507129,0.009980836,0.8036414,0.00517624,0.11355986,0.016000656,0.07999052,0.009985433,null,null,null,null,"TWOGAUSSIANS",8,3.734988,0.29440677,0.0027893167,0.4,0.0,0.116626434,0.0046515875,0.8036414,0.00517624,0.4,0.0,0.07153526,0.005772422
375316653866487564,5992964272702937344,0.5341282,2222.6066453516396,0.2312400652097395,8.0714835E-6,18.371216,0.0032680896,0.65323716,0.031392615,0.01935198,0.06837249,0.024628209,0.011724988,0.90825015,0.0022790348,0.015330469,0.0015540675,0.47347543,0.041407067,null,null,null,null,"TWOGAUSSIANS",8,3.8932915,0.90825015,0.0022790348,0.085850626,0.008702778,0.47347543,0.041410323,0.65323716,0.031392615,0.10837109,0.28943452,0.024628209,0.01172499
375316653866487564,5992964410127922816,0.5169063,2101.7967441015603,2.003464601167045,1.2110475E-5,19.655987,0.044569097,0.24586947,0.009636887,0.08670689,0.040689565,0.23463205,0.030164935,0.73017967,0.0039295168,0.0907224,0.009397676,0.42776152,0.04440323,null,null,null,null,"TWOGAUSSIANS",8,1.4185596,0.73017967,0.0039295168,0.4,0.0,0.41846943,0.023784619,0.24586947,0.009641956,0.4,0.0,0.22534022,0.050973468
375316653866487564,5992965299171106816,0.53655046,2201.369091886895,3.6050908250572533,9.931517E-6,17.88281,0.008060313,0.13904327,0.0049110297,0.08049005,0.006663694,0.26526216,0.010578192,0.63630784,0.0038426644,0.08438167,0.0050861146,0.3382778,0.011947081,null,null,null,null,"TWOGAUSSIANS",8,7.9887753,0.63630784,0.0038426644,0.4,0.0,0.33253154,0.01132408,0.13904327,0.0049110297,0.4,0.0,0.2595159,0.01094531
375316653866487564,5992965539689339008,0.45119473,2219.69602438157,1.485826554239496,2.3513732E-5,18.891247,0.004876054,0.32719162,0.004976455,0.049334425,0.0051653227,0.17308041,0.019455895,0.8184364,0.009008088,0.06731037,0.011037009,0.06459425,0.006963125,null,null,null,null,"TWOGAUSSIANS",8,2.2121837,0.32719162,0.004976455,0.27627277,0.028925806,0.17306624,0.019457886,0.8184364,0.009008088,0.37693807,0.06180725,0.064580075,0.006962789
375316653866487564,5992968395871626752,0.53729606,2219.2899715562676,0.8667012140676776,1.5708232E-5,16.94386,0.0015999709,0.2600838,0.0020857363,0.037311934,0.0054524075,0.12891251,0.023065757,0.7633434,0.0077454895,0.035009563,0.008414309,0.024774559,0.0070616826,0.019685851,0.0025374852,0.2600838,0.0020857363,"TWOGAUSSIANS_WITH_ELLIPSOIDAL_ON_ECLIPSE1",9,3.5193622,0.2600838,0.0020857363,0.20894682,0.030533481,0.1682842,0.023790456,0.7633434,0.0077454895,0.19605355,0.04712013,0.06412974,0.006726831
375316653866487564,5992971385155366784,0.5166294,2210.692727890028,0.07003158737297861,4.9835353E-6,18.702644,0.0067502786,0.25364608,0.02868982,0.077167675,0.03446424,0.0366185,0.0076299924,0.8791725,7.8408147E-4,0.0070969476,4.1564545E-4,0.44676197,0.039436877,null,null,null,null,"TWOGAUSSIANS",8,2.3213701,0.8791725,7.8408147E-4,0.03974291,0.0023276145,0.44676223,0.03943723,0.25364608,0.02868982,0.4,0.04879833,0.0366185,0.007629998
375316653866487564,5992973687271433344,0.5143396,2180.0608952320654,0.052600815280710714,7.7557115E-6,17.86984,0.0027705275,0.109389,3.4425844E-4,0.0042362832,3.951946E-4,0.10801961,0.016697394,0.2925009,0.024473378,0.023372576,0.010127783,0.36963397,0.6723156,null,null,null,null,"TWOGAUSSIANS",8,5.324968,0.2925009,0.024473378,0.13088642,0.05671558,0.36963397,0.6723156,0.109389,3.4425844E-4,0.023723187,0.0022130897,0.10801961,0.016697394
375316653866487564,5992973751662556288,0.52231663,2214.1299462767365,1.153461503270642,6.377278E-6,18.628546,0.005322751,0.22471154,0.0018913419,0.020212475,0.0032004125,0.5268257,0.10618676,0.7220336,0.0025020223,0.023627782,0.0019878936,0.5650437,0.06430381,null,null,null,null,"TWOGAUSSIANS",8,8.7009115,0.7220336,0.0025020223,0.13231559,0.011132204,0.5650437,0.06430381,0.22471154,0.0018913419,0.113189854,0.01792231,0.5268257,0.10618676
375316653866487564,5992975439618118400,0.5286636,2209.9599292609387,2.450642361230783,1.0528211E-5,17.646292,0.0015104174,0.76774687,0.0026867918,0.023633128,0.008412724,0.010139969,0.007197943,null,null,null,null,null,null,0.053991694,0.00205841,0.76774687,0.0026867918,"ONEGAUSSIAN_WITH_ELLIPSOIDAL",6,1.9099143,0.76774687,0.0026867918,0.13234553,0.047111254,0.11812314,0.0065971166,null,null,null,null,null,null
375316653866487564,5992975577044221056,0.45962068,2132.724435566342,3.1171972422452847,1.8502664E-5,19.706259,0.04590567,0.24069986,0.005206023,0.10546953,0.017534016,0.2463533,0.043192066,0.7470824,0.0067135906,0.09921928,0.018219572,0.28553265,0.044874612,null,null,null,null,"TWOGAUSSIANS",8,1.6422516,0.7470824,0.0067366506,0.4,0.0,0.2607652,0.020777209,0.24069986,0.005203329,0.4,0.0,0.22158092,0.019800656
375316653866487564,5992975851934998912,0.47166163,2222.9021417903245,0.9406546038807331,2.8725251E-5,18.04838,0.0030893025,0.23115018,0.0061546485,0.060721222,0.007138101,0.037789516,0.0033240712,0.7397797,0.008229714,0.05969617,0.010330748,0.10371438,0.011956771,null,null,null,null,"TWOGAUSSIANS",8,2.675726,0.7397797,0.008229714,0.33429855,0.057852186,0.103697844,0.011969287,0.23115018,0.0061546485,0.34003884,0.039973367,0.037772983,0.0033033004
375316653866487564,5992977015837229696,0.61621004,2206.545260069857,1.42833707480467,4.1023222E-6,15.7426815,0.0042100013,0.2717427,0.0015366392,0.0773744,0.0016251784,0.4290237,0.0071891895,0.7740833,0.001505022,0.08243728,0.0017662524,0.32939225,0.005503553,null,null,null,null,"TWOGAUSSIANS",8,24.817282,0.2717427,0.0015366392,0.4,0.0,0.42367917,0.00699221,0.7740833,0.001505022,0.4,0.0,0.32404768,0.0052039595
375316653866487564,5992977191951268864,0.51046836,2130.050695547034,3.8103951151021223,1.45279855E-5,19.107172,0.0043179463,0.18813944,0.003818059,0.048919924,0.030296484,0.02252455,0.014440925,null,null,null,null,null,null,0.10296095,0.00654222,0.18813944,0.003818059,"ONEGAUSSIAN_WITH_ELLIPSOIDAL",6,1.5575732,0.18813944,0.003818059,0.27395156,0.1696603,0.22844608,0.012141839,null,null,null,null,null,null
375316653866487564,5992979249221033344,0.527567,2228.747321555403,0.20688940877164813,7.174169E-6,18.34227,0.0022061125,0.28806743,8.512683E-4,0.0226318,0.0011873541,0.25817248,0.010098822,0.7980898,0.021465085,0.011576229,0.005577594,0.079407156,0.12391305,0.030639682,0.0028501165,0.28806743,8.512683E-4,"TWOGAUSSIANS_WITH_ELLIPSOIDAL_ON_ECLIPSE1",9,1.9311243,0.28806743,8.512683E-4,0.12673809,0.0066491826,0.31945187,0.010387902,0.7980898,0.021465085,0.064826876,0.031234527,0.14044383,0.12624952
375316653866487564,5992983544188509312,0.52119976,2138.0465470015306,3.7919779946319587,4.059952E-5,19.353128,0.05132086,0.32319507,0.030600702,0.054846186,0.02048209,0.7557722,0.15649974,0.8240519,0.01929878,0.061469678,0.029492104,0.8614194,0.38837287,null,null,null,null,"TWOGAUSSIANS",8,7.732071,0.8240519,0.01929878,0.34423018,0.12035276,0.8612671,0.38978317,0.32319507,0.030600702,0.30713865,0.11107381,0.75561994,0.15594588
375316653866487564,5992983853426108928,0.49398208,2199.0969470910118,2.687712818709201,1.220239E-5,18.414469,0.017421786,0.21001261,0.0042530005,0.08680867,0.008078905,0.27323017,0.01784358,0.69388276,0.005045804,0.08436673,0.0070810975,0.31881103,0.026278647,null,null,null,null,"TWOGAUSSIANS",8,8.470063,0.69388276,0.005045804,0.4,0.0,0.31255743,0.025145136,0.21001261,0.0042530005,0.4,0.0,0.26697654,0.015071877
375316653866487564,5992984270058088832,0.46041495,2106.1463725329972,2.5389656880879765,3.0866715E-5,19.834385,0.5461697,0.28071842,0.0081068985,0.12910177,0.085256934,0.36211035,0.5200437,0.78154033,0.009275289,0.120086044,0.091901995,0.29562926,0.51168627,null,null,null,null,"TWOGAUSSIANS",8,2.369106,0.28071842,0.008099678,0.4,0.0,0.2751773,0.030278873,0.7815503,0.009443131,0.4,0.0,0.20899525,0.035547808
375316653866487564,5992985056016916224,0.5021965,2138.7300705914176,3.6877868311852247,2.8894769E-5,19.032835,0.029539678,0.2631749,0.0067321197,0.08254884,0.011271898,0.4449559,0.050476737,0.76957625,0.0099522695,0.08108365,0.010248272,0.38963583,0.04257519,null,null,null,null,"TWOGAUSSIANS",8,10.212541,0.2631749,0.0067321197,0.4,0.0,0.43802223,0.052004352,0.76957625,0.0099522695,0.4,0.0,0.38270217,0.038497724
375316653866487564,5992986018088807552,0.56382275,2193.263345540553,0.6761045143986684,5.2850232E-6,14.023982,8.7131636E-4,0.16155332,0.0048113996,0.026936568,0.0028594155,0.11552482,0.014770936,0.660637,0.0014933886,0.033486918,0.0020924408,0.056498583,0.0033486243,0.005211813,0.0016369037,0.16155332,0.0048113996,"TWOGAUSSIANS_WITH_ELLIPSOIDAL_ON_ECLIPSE1",9,16.452385,0.16155332,0.0048113996,0.15084478,0.016012726,0.12594843,0.014234955,0.66064703,0.0014621267,0.18752675,0.011717669,0.06692186,0.0033946582
375316653866487564,5992987186320815360,0.5477365,2117.849366017888,3.3966388225129345,1.2705446E-5,19.087017,0.00929979,0.2706686,0.0028726181,0.07605153,0.004011806,0.4520187,0.011257951,0.7656259,0.004759423,0.07880294,0.00571697,0.35029805,0.016382223,null,null,null,null,"TWOGAUSSIANS",8,3.3058846,0.2706686,0.0028726181,0.4,0.0,0.4481321,0.010586248,0.7656259,0.004759423,0.4,0.0,0.3464114,0.016259894
375316653866487564,5992987220685490048,0.48298413,2094.857750511853,0.6372597396451941,1.8377335E-5,19.714846,0.006081761,0.2730025,0.006408085,0.023837006,0.0045158565,0.41028714,0.01802354,0.83193326,0.012313372,0.042227603,0.009776386,0.05604265,0.017441804,null,null,null,null,"TWOGAUSSIANS",8,1.5431622,0.2730025,0.006408085,0.13348722,0.025288798,0.41028714,0.01802354,0.83193326,0.012313372,0.23647459,0.054747768,0.05604265,0.017441804
375316653866487564,5992988663789595904,0.5538379,2161.3231723809267,2.6968798559071723,6.5997906E-6,18.821,0.0061949217,0.27162218,0.0021020314,0.06954419,0.002368681,0.47908095,0.020289576,0.77592194,0.0030498174,0.07234684,0.0043677976,0.39422506,0.023914536,null,null,null,null,"TWOGAUSSIANS",8,3.19003,0.27162218,0.0021020314,0.38944748,0.013264613,0.4775143,0.020358814,0.77592194,0.0030498174,0.4,0.0048546693,0.3926584,0.024284326
375316653866487564,5992992344610052096,0.5158105,2207.1206954809104,0.07043895801761102,1.081551E-6,17.248796,0.001502523,0.55273205,0.0010594203,0.009377098,7.0498505E-4,0.031077893,0.0014222226,0.86497635,2.4292664E-8,0.0015111807,7.4550944E-6,0.67334163,0.0031482088,null,null,null,null,"TWOGAUSSIANS",8,3.6949513,0.86497635,2.4292664E-8,0.008462612,4.1748528E-5,0.67334163,0.0031482088,0.55273205,0.0010594203,0.052511748,0.0039479164,0.031077893,0.0014222226
375316653866487564,5992992550759002496,0.50031275,2053.333073737815,1.2157175783227405,1.351031E-5,19.831512,0.0074913194,0.25769264,0.009147137,0.051708017,0.0056686266,0.41793734,0.073594324,0.7526525,0.0019375191,0.049619116,0.0017452793,0.629457,0.02207421,null,null,null,null,"TWOGAUSSIANS",8,1.7566448,0.7526525,0.0019375191,0.27786705,0.0097735645,0.6294529,0.022074448,0.25769264,0.009147137,0.28956488,0.03174431,0.41793323,0.073595956
375316653866487564,5993001617409857664,0.5945006,2060.441452124853,0.748857349472841,8.071507E-6,19.276611,0.0042308457,0.27025756,0.0053200126,0.040666934,0.0053958828,0.13534252,0.022038361,0.77378637,0.001288424,0.02250889,0.004989027,1.2441152,0.2911534,null,null,null,null,"TWOGAUSSIANS",8,1.8770528,0.77378637,0.001288424,0.12604977,0.027938552,1.2441152,0.2911534,0.27025756,0.0053200126,0.22773482,0.030216943,0.13534252,0.022038361
375316653866487564,5993001686128588160,0.53741443,2053.583010449152,2.1874098725311226,1.6939215E-5,19.500587,0.010290905,0.2614111,0.002837755,0.059823006,0.0028968232,0.56117433,0.037985884,0.753214,0.0045556384,0.0701411,0.006204492,0.5792358,0.04779293,null,null,null,null,"TWOGAUSSIANS",8,3.1934683,0.753214,0.0045556384,0.39279017,0.025856102,0.57869136,0.04815428,0.2614111,0.002837755,0.33500883,0.01622221,0.5606299,0.03801353
375316653866487564,5993004675426470144,0.52850235,2077.6632321603706,2.473722382516394,1.2880114E-5,18.996971,0.01569781,0.25737724,0.0017791543,0.08882154,0.0053584944,0.33378538,0.013064422,0.7629133,0.00431375,0.09395375,0.007035607,0.33942056,0.016084874,null,null,null,null,"TWOGAUSSIANS",8,2.6194537,0.7629133,0.00431375,0.4,0.0,0.32473615,0.015224024,0.25737724,0.0017791543,0.4,0.0,0.3191014,0.008607275
