Gaia/vari_eclipsing_binary/VariEclipsingBinary_606919-606946.csv
# %ECSV 1.0
# ---
# delimiter: ','
# meta: !!omap
# - RELEASE: Gaia DR3
# - TABLE: vari_eclipsing_binary
# - DESCRIPTION: >
#     This table describes the properties of the eclipsing binaries resulting from the variability analysis. 
# - CITATION: >
#     How to cite and acknowledge Gaia: 
#     https://gea.esac.esa.int/archive/documentation/credits.html 
# - KNOWN_ISSUES: >
#     Known issues: 
#     https://www.cosmos.esa.int/web/gaia-users/known-issues 
# - DOCUMENTATION: >
#     Tutorials and documentation: 
#     https://www.cosmos.esa.int/web/gaia-users/archive 
# datatype:
# - 
#   name: solution_id
#   datatype: int64
#   description: Solution Identifier
#   meta:
#     ucd: meta.version
# - 
#   name: source_id
#   datatype: int64
#   description: Unique source identifier
#   meta:
#     ucd: meta.id;meta.main
# - 
#   name: global_ranking
#   datatype: float32
#   description: Number between 0 (worst) and 1 (best)
#   meta:
#     ucd: stat.param
# - 
#   name: reference_time
#   datatype: float64
#   unit: d
#   description: Reference time used for the geometric model fit
#   meta:
#     ucd: time.epoch
# - 
#   name: frequency
#   datatype: float64
#   unit: d**-1
#   description: Frequency of geometric model of the eclipsing binary light curve
#   meta:
#     ucd: src.orbital
# - 
#   name: frequency_error
#   datatype: float32
#   unit: d**-1
#   description: "Uncertainty of \\texttt{frequency}"
#   meta:
#     ucd: stat.error
# - 
#   name: geom_model_reference_level
#   datatype: float32
#   unit: mag
#   description: Magnitude reference level of geometric model
#   meta:
#     ucd: phot.mag;em.opt
# - 
#   name: geom_model_reference_level_error
#   datatype: float32
#   unit: mag
#   description: "Uncertainty of \\texttt{geomModelReferenceLevel}"
#   meta:
#     ucd: stat.error;phot.mag;em.opt
# - 
#   name: geom_model_gaussian1_phase
#   datatype: float32
#   description: Phase of the Gaussian 1 component
#   meta:
#     ucd: time.phase
# - 
#   name: geom_model_gaussian1_phase_error
#   datatype: float32
#   description: "Uncertainty of \\texttt{geomModelGaussian1Phase}"
#   meta:
#     ucd: stat.error;time.phase
# - 
#   name: geom_model_gaussian1_sigma
#   datatype: float32
#   description: "Standard deviation [phase] of Gaussian 1 component"
#   meta:
#     ucd: stat.stdev
# - 
#   name: geom_model_gaussian1_sigma_error
#   datatype: float32
#   description: "Uncertainty of \\texttt{geomModelGaussian1Sigma}"
#   meta:
#     ucd: stat.error
# - 
#   name: geom_model_gaussian1_depth
#   datatype: float32
#   unit: mag
#   description: Magnitude depth of Gaussian 1 component
#   meta:
#     ucd: src.var.amplitude
# - 
#   name: geom_model_gaussian1_depth_error
#   datatype: float32
#   unit: mag
#   description: "Uncertainty of \\texttt{geomModelGaussian1Depth}"
#   meta:
#     ucd: stat.error;src.var.amplitude
# - 
#   name: geom_model_gaussian2_phase
#   datatype: float32
#   description: Phase of Gaussian 2 component
#   meta:
#     ucd: time.phase
# - 
#   name: geom_model_gaussian2_phase_error
#   datatype: float32
#   description: "Uncertainty of \\texttt{geomModelGaussian2Phase}"
#   meta:
#     ucd: stat.error;time.phase
# - 
#   name: geom_model_gaussian2_sigma
#   datatype: float32
[...]
#   datatype: float32
#   description: "Secondary eclipse: uncertainty of \\texttt{derivedSecondaryEclDuration}"
#   meta:
#     ucd: stat.error;time.duration
# - 
#   name: derived_secondary_ecl_depth
#   datatype: float32
#   unit: mag
#   description: "Secondary eclipse: depth"
#   meta:
#     ucd: src.var.amplitude
# - 
#   name: derived_secondary_ecl_depth_error
#   datatype: float32
#   unit: mag
#   description: "Secondary eclipse: uncertainty of \\texttt{derivedSecondaryEclDepth}"
#   meta:
#     ucd: stat.error;src.var.amplitude
solution_id,source_id,global_ranking,reference_time,frequency,frequency_error,geom_model_reference_level,geom_model_reference_level_error,geom_model_gaussian1_phase,geom_model_gaussian1_phase_error,geom_model_gaussian1_sigma,geom_model_gaussian1_sigma_error,geom_model_gaussian1_depth,geom_model_gaussian1_depth_error,geom_model_gaussian2_phase,geom_model_gaussian2_phase_error,geom_model_gaussian2_sigma,geom_model_gaussian2_sigma_error,geom_model_gaussian2_depth,geom_model_gaussian2_depth_error,geom_model_cosine_half_period_amplitude,geom_model_cosine_half_period_amplitude_error,geom_model_cosine_half_period_phase,geom_model_cosine_half_period_phase_error,model_type,num_model_parameters,reduced_chi2,derived_primary_ecl_phase,derived_primary_ecl_phase_error,derived_primary_ecl_duration,derived_primary_ecl_duration_error,derived_primary_ecl_depth,derived_primary_ecl_depth_error,derived_secondary_ecl_phase,derived_secondary_ecl_phase_error,derived_secondary_ecl_duration,derived_secondary_ecl_duration_error,derived_secondary_ecl_depth,derived_secondary_ecl_depth_error
[from data line 581]
375316653866487564,5338654485076595200,0.47341496,2205.5286018791867,2.70851365694482,2.6224887E-5,19.10911,0.0049985023,null,null,null,null,null,null,null,null,null,null,null,null,0.09441233,0.0061102198,0.2299164,0.0058997944,"ELLIPSOIDAL",4,3.3406103,null,null,null,null,null,null,null,null,null,null,null,null
375316653866487564,5338654901684908032,0.4741744,2190.5272809296225,2.9713284670178455,2.3634359E-5,19.191236,0.35635415,0.18893388,0.007914849,0.11474387,0.070232704,0.26496893,0.33482108,0.6889576,0.005808336,0.12553301,0.07150918,0.28165492,0.33939,null,null,null,null,"TWOGAUSSIANS",8,3.9845169,0.6889576,0.0057619684,0.4,0.0,0.21899886,0.0367142,0.18893388,0.008155722,0.4,0.0,0.20247519,0.028335659
375316653866487564,5338654936076373248,0.4590631,2220.764559318805,1.0678367662843116,2.1312373E-5,17.464737,0.0037221431,0.33338118,0.007367982,0.049890902,0.0064491313,0.071139656,0.0074031893,0.8436553,0.0053728838,0.038115013,0.00833926,0.09852784,0.02946597,null,null,null,null,"TWOGAUSSIANS",8,7.463177,0.8436553,0.0053728838,0.21344407,0.046699855,0.098527834,0.029465988,0.33338118,0.007367982,0.27938905,0.036115136,0.07113965,0.007403189
375316653866487564,5338655107843721856,0.4643734,2206.700117326067,1.808077617259393,8.500881E-5,19.578922,0.014214125,0.30520752,0.03049427,0.10510591,0.027601533,0.10548822,0.019149613,0.7655309,0.009910226,0.06576783,0.009042102,0.2543064,0.01435752,null,null,null,null,"TWOGAUSSIANS",8,2.7025788,0.7655309,0.009910226,0.36829984,0.05063577,0.25239253,0.011935884,0.30520752,0.03049427,0.4,0.0,0.10356691,0.018343428
375316653866487564,5338655382753043584,0.601786,2210.6767082988986,0.3971108351967319,7.796934E-5,16.51495,0.0010597802,0.15205817,0.011369145,0.03843169,0.014390009,0.010104686,0.0014951213,0.6600295,0.0018207284,0.034425043,0.002105549,0.19154435,0.0033454737,null,null,null,null,"TWOGAUSSIANS",8,1.671069,0.6600295,0.0018207284,0.19278024,0.011791075,0.19154435,0.0033454737,0.15205817,0.011369145,0.21521747,0.08058405,0.010104686,0.0014951213
375316653866487564,5338655451441164928,0.616462,2226.1170701736332,2.4867352208195634,4.023225E-6,18.14926,0.019521726,0.24730685,0.0025802783,0.05703835,0.0065455413,0.32322076,0.04111782,0.7506475,0.0027914802,0.05349316,0.005880224,0.28005588,0.0415183,0.09663254,0.02270877,0.24730685,0.0025802783,"TWOGAUSSIANS_WITH_ELLIPSOIDAL_ON_ECLIPSE1",9,3.0886495,0.24730685,0.0025802783,0.31941476,0.03665503,0.5164603,0.015385111,0.7506475,0.0027914802,0.2995617,0.032929257,0.47321025,0.011244254
375316653866487564,5338655863758678912,0.48682135,2255.163806298851,4.863692469731947,3.9559858E-5,19.216747,0.029242089,0.18564655,0.0059643295,0.059801765,0.007071566,0.32554734,0.028942054,0.62994915,0.051301364,0.16869494,0.16754553,0.041071095,0.030778414,null,null,null,null,"TWOGAUSSIANS",8,4.4353347,0.18582654,0.005730699,0.3348899,0.039600767,0.32134277,0.026618728,0.62994915,0.051301364,0.4,0.0,0.035404097,0.02979117
375316653866487564,5338655898149226880,0.6451478,2201.686629593988,2.1948973268202403,7.36546E-6,17.320831,0.0067812167,0.16077106,0.0020078856,0.045815278,0.002435323,0.70401657,0.019685382,0.6668626,0.0061133457,0.038021177,0.006385439,0.09952962,0.015783396,0.10179253,0.008435785,0.16077106,0.0020078856,"TWOGAUSSIANS_WITH_ELLIPSOIDAL_ON_ECLIPSE1",9,11.405557,0.16077106,0.0020078856,0.25656557,0.013637809,0.90760124,0.013764681,0.6668626,0.0061133457,0.2129186,0.035758458,0.30281618,0.0054281885
375316653866487564,5338656379154793728,0.559034,2215.2131473535305,1.8104346223300396,6.5680006E-6,17.615644,0.0045617535,0.2511603,0.018296314,0.057701804,0.012442955,0.096409634,0.021297049,0.7595265,0.0015588438,0.06946513,0.0026293038,0.2136749,0.005390107,null,null,null,null,"TWOGAUSSIANS",8,4.359008,0.7595265,0.0015588438,0.38900474,0.014724101,0.21357478,0.0053418013,0.2511603,0.018296314,0.3231301,0.06968055,0.096309505,0.021342816
375316653866487564,5338656482233889024,0.4325933,2147.1446321025887,1.0514080799257335,6.184549E-5,18.218945,0.013371415,0.4785984,0.0067680073,0.037329335,0.008096917,0.1061057,0.024392802,0.8209621,0.02529517,0.11902634,0.047406938,0.029277185,0.014793317,null,null,null,null,"TWOGAUSSIANS",8,3.540572,0.47874838,0.0067462004,0.20904428,0.045342732,0.10656229,0.024818595,0.8209621,0.02529517,0.4,0.0,0.029265229,0.014716008
375316653866487564,5338657169459998720,0.59657955,2227.35409626363,0.3131988920732799,2.8472978E-5,16.58344,0.0012337844,0.18289793,0.018540753,0.037605572,0.017311566,0.011667407,0.027628804,0.6641533,0.0061878846,0.0151388,0.0039296234,0.29208922,0.3795067,null,null,null,null,"TWOGAUSSIANS",8,2.5669227,0.6641533,0.0061878846,0.08477728,0.022005891,0.29208922,0.3795067,0.18289793,0.018540753,0.2105912,0.096944764,0.011667407,0.027628804
375316653866487564,5338657409948641024,0.5615581,2212.3959082659617,3.750368783463918,1.6761402E-5,19.469984,0.022794917,0.29257447,0.003555602,0.07157926,0.006319807,0.5959677,0.020663794,0.7945649,0.004696583,0.07065829,0.0064453096,0.5984364,0.03449686,null,null,null,null,"TWOGAUSSIANS",8,2.9182942,0.7945649,0.004696583,0.39568642,0.029911192,0.5960784,0.03415042,0.29257447,0.003555602,0.4,0.028858233,0.5936097,0.019664448
375316653866487564,5338657581776911232,0.6518976,2248.7657257417404,2.5759488029561304,6.609761E-6,16.967508,0.00727904,0.25384042,0.0012208314,0.048498467,0.0019845865,0.38122946,0.021796836,0.7394888,0.030359425,0.044927627,0.013974489,0.29308572,0.070057765,0.10708037,0.011235745,0.25384042,0.0012208314,"TWOGAUSSIANS_WITH_ELLIPSOIDAL_ON_ECLIPSE1",9,7.994675,0.25384042,0.0012208314,0.27159142,0.011113685,0.5953893,0.014948629,0.7409788,0.028723408,0.25159472,0.078257136,0.5056889,0.07783486
375316653866487564,5338657684856136576,0.5571366,2260.9389642607907,0.5085186725559468,2.193176E-5,16.133202,0.0050516077,0.33011684,0.01978661,0.031493887,0.0068652085,0.80943906,0.35796252,0.83394647,0.0022250412,0.028828103,0.0047131404,0.052719403,0.011024596,0.013162739,0.005897057,0.33011684,0.01978661,"TWOGAUSSIANS_WITH_ELLIPSOIDAL_ON_ECLIPSE1",9,13.572642,0.33011684,0.01978661,0.17636578,0.038445167,0.8357645,0.3594389,0.83394647,0.0020377666,0.16143738,0.026393587,0.07902964,0.0037250353
375316653866487564,5338658028425678336,0.49821416,2242.163968047464,3.2221539280498606,1.1270022E-5,18.695488,0.03642214,0.23412608,0.00816381,0.08792982,0.016514497,0.3770949,0.03639569,0.73231745,0.0057410286,0.09645529,0.010319172,0.35288194,0.035772227,null,null,null,null,"TWOGAUSSIANS",8,10.386648,0.23412608,0.00816381,0.4,0.0,0.3591736,0.030809771,0.73231745,0.0057410286,0.4,0.0,0.3349597,0.021290926
375316653866487564,5338658406381018368,0.42155033,2268.932012556286,3.1596506716857395,5.341841E-5,18.87194,0.011589247,0.41709614,0.005884074,0.043181777,0.005814262,0.20029931,0.025487322,0.69703573,0.017404145,0.03310084,0.031207914,0.14148624,108.03377,null,null,null,null,"TWOGAUSSIANS",8,5.9399815,0.41709614,0.005884074,0.24181794,0.032559868,0.20029931,0.025487322,0.69703573,0.017404145,0.1853647,0.17476432,0.14148624,108.03377
375316653866487564,5338658578179857408,0.451151,2239.1759180954896,2.4140581431435812,2.924687E-5,19.394884,0.025155734,0.22447641,0.012263593,0.07105216,0.018114444,0.22101192,0.022540227,0.7296791,0.016487196,0.106458806,0.021698328,0.15408093,0.029260024,null,null,null,null,"TWOGAUSSIANS",8,3.7412472,0.22447641,0.012263748,0.3978921,0.058722973,0.21499535,0.018796828,0.7296791,0.016487196,0.4,0.0,0.14805922,0.022703825
375316653866487564,5338658715648258304,0.5105316,2182.1715519531285,0.09603749697646588,8.63032E-5,16.652756,0.014005922,0.25023022,0.028124372,0.04829555,0.04900671,0.5871662,0.5205941,0.74460566,0.006987772,0.053776912,0.0067201233,0.25788993,0.020863881,null,null,null,null,"TWOGAUSSIANS",8,39.047764,0.25023022,0.028124372,0.2704551,0.1751464,0.5871627,0.521607,0.74460566,0.006987772,0.3011507,0.03763269,0.25788635,0.020647664
375316653866487564,5338658784367773440,0.6242457,2237.328097426822,1.5546511379801573,4.633416E-6,14.592595,0.004052132,0.2875256,0.0013957424,0.09806336,0.002448288,0.22133352,0.004514279,0.78887904,0.002100255,0.08717509,0.00372142,0.2183246,0.0037119843,null,null,null,null,"TWOGAUSSIANS",8,19.81699,0.2875256,0.0013957424,0.4,0.0,0.21006715,0.0036904244,0.78887904,0.002100255,0.4,0.0,0.20705922,0.0031145893
375316653866487564,5338659024858437888,0.497363,2277.9135722439264,2.8251178702334268,1.4589031E-5,19.752346,0.012263329,0.28016937,0.0034211783,0.07084002,0.004822652,0.42316982,0.023763943,0.772707,0.005377143,0.085915074,0.008961193,0.38839814,0.035370115,null,null,null,null,"TWOGAUSSIANS",8,1.9769212,0.28016937,0.0034211783,0.39670414,0.019148959,0.4189142,0.023801224,0.772707,0.005377143,0.4,0.0,0.38414246,0.036910247
375316653866487564,5338659059216431616,0.5262687,2222.283224681366,3.271237101631458,1.1793661E-5,18.420412,0.019153565,0.2280276,0.0030901725,0.095359884,0.006989128,0.287164,0.01980489,0.73132515,0.0076341685,0.08511036,0.010477586,0.2737389,0.021103451,null,null,null,null,"TWOGAUSSIANS",8,2.8768713,0.2280276,0.0030901725,0.4,0.0,0.27568844,0.013788991,0.73132515,0.0076341685,0.4,0.0,0.26226395,0.013285486
375316653866487564,5338659093576256896,0.5372126,2237.6932405686825,2.5179168067942985,1.33664125E-5,18.560068,0.10754125,0.29493305,0.005524887,0.0447188,0.026865067,0.20021814,0.20222689,0.79443675,0.003647977,0.052656986,0.03287051,0.16319154,0.19347179,0.10587185,0.1073161,0.29493305,0.005524887,"TWOGAUSSIANS_WITH_ELLIPSOIDAL_ON_ECLIPSE1",9,9.21504,0.29493305,0.005524887,0.25042528,0.15044437,0.41195974,0.040314123,0.7945468,0.002576002,0.2948791,0.11203235,0.37493154,0.029576316
375316653866487564,5338659570295821568,0.60413265,2266.5918452204205,3.069608309997527,1.3423114E-5,17.29624,0.016313292,0.22657056,0.0035853896,0.042530704,0.011113737,0.16390578,0.02869937,0.7248888,0.0041932585,0.045442797,0.04426763,0.08655396,231.6024,0.13291849,0.018603142,0.7248888,0.0041932585,"TWOGAUSSIANS_WITH_ELLIPSOIDAL_ON_ECLIPSE2",9,9.51319,0.22625056,0.0023741843,0.23817195,0.062236927,0.42971855,0.010680416,0.7248888,0.0041932585,0.25447968,0.24789871,0.35239083,231.6066
375316653866487564,5338659574612789760,0.49376947,2239.975194276424,3.445952591710954,1.6065987E-5,18.095123,0.041607924,0.19053903,0.004721328,0.09628693,0.017640244,0.26781145,0.03287652,0.6768853,0.008836464,0.10379578,0.021827288,0.33701643,0.04146785,null,null,null,null,"TWOGAUSSIANS",8,7.206177,0.6768853,0.008836464,0.4,0.0,0.31468242,0.05040983,0.19054903,0.004723933,0.4,0.0,0.24548388,0.019979013
375316653866487564,5338659849490684672,0.5200378,2237.857730053185,0.20092797540264573,7.4884565E-6,18.124218,0.0020569286,0.40144125,2.3127177E-5,0.014805097,1.9123178E-4,1.0367703,0.030387042,0.75427175,0.0032741723,0.0077585136,0.0031349424,0.039863165,0.010667051,null,null,null,null,"TWOGAUSSIANS",8,1.6873807,0.40144125,2.3127177E-5,0.08290855,0.001070898,1.0367703,0.030387042,0.75427175,0.0032741723,0.043447677,0.017555676,0.039863165,0.010667051
375316653866487564,5338660120073141504,0.4955224,2231.6456008388523,0.5954526496128147,7.4430696E-5,18.462997,0.007429684,0.24110352,0.015245151,0.036081698,0.017325249,0.33597735,0.1291561,0.70344245,0.015684944,0.08842901,0.022030516,0.069675766,0.01159595,null,null,null,null,"TWOGAUSSIANS",8,2.2812095,0.24110352,0.015245151,0.20205751,0.09702139,0.3359601,0.12948601,0.70344245,0.015684944,0.4,0.0,0.069658436,0.011578779
375316653866487564,5338660296166908928,0.4790264,2255.5200649766994,2.459366663235891,2.5252742E-5,18.73623,0.004478671,null,null,null,null,null,null,null,null,null,null,null,null,0.10649857,0.0059468043,0.245464,0.005121565,"ELLIPSOIDAL",4,6.077967,null,null,null,null,null,null,null,null,null,null,null,null
375316653866487564,5338660296166982912,0.50286806,2227.898409338966,2.137537130997517,3.0820178E-5,19.573853,0.03678201,0.23133476,0.005692371,0.07883382,0.012757362,0.38470542,0.04598966,0.7308356,0.017399665,0.068079986,0.023284405,0.40798104,0.06328793,null,null,null,null,"TWOGAUSSIANS",8,4.169325,0.7308356,0.017399665,0.38124794,0.120928824,0.40560192,0.06345574,0.23133476,0.005692371,0.4,0.0021515728,0.3823263,0.045705687
375316653866487564,5338661013405048064,0.49920052,2244.915331875647,0.46522343508352443,3.5388082E-5,17.225075,0.0034179918,0.26699075,0.003426207,0.030529054,0.0030891034,0.17455034,0.022337012,0.73822,0.0024404393,0.026904624,0.0025874348,0.14056747,0.005834827,null,null,null,null,"TWOGAUSSIANS",8,10.419161,0.26699075,0.003426207,0.1709627,0.01729898,0.17455034,0.022337012,0.73822,0.0024404393,0.1506659,0.014489635,0.14056747,0.005834827
375316653866487564,5338661979823736704,0.43284768,2255.9072317631812,1.3623885035545296,2.2767052E-5,16.781403,0.0022891345,0.09392032,0.004126898,0.014656517,0.0061436947,0.02944347,0.0056888643,0.5656255,0.015669327,0.03583987,0.011784132,0.077279456,0.027648102,null,null,null,null,"TWOGAUSSIANS",8,4.6916976,0.5656255,0.015669327,0.20070326,0.06599114,0.077279456,0.027648102,0.09392032,0.004126898,0.08207649,0.03440469,0.02944347,0.0056888643
375316653866487564,5338662151593783808,0.44710976,2210.983498953984,0.46312061013665146,5.1759514E-5,19.233252,0.494978,0.24385287,0.00919006,0.14413334,0.038912464,0.92942464,0.43337208,0.7241166,0.013875358,0.15146346,0.041350592,0.7965569,0.46353754,null,null,null,null,"TWOGAUSSIANS",8,7.4542427,0.24527287,0.0079897875,0.4,0.0,0.5718038,0.10719996,0.7241166,0.013875358,0.4,0.0,0.43646353,0.044333495
375316653866487564,5338662151622422528,0.56099516,2246.232199776604,1.1350958951134515,1.1034945E-5,15.548792,0.007744139,0.2647373,0.0041233334,0.10663252,0.0117442785,0.06906724,0.0074555823,0.7844826,0.006067773,0.10904962,0.011712398,0.087069094,0.0073699905,null,null,null,null,"TWOGAUSSIANS",8,6.2866936,0.7844926,0.006057837,0.4,0.0,0.07856712,0.0028194387,0.26470733,0.004111098,0.4,0.0,0.060568426,0.0030203771
375316653866487564,5338662353438660096,0.47940838,2241.603009464152,0.12795679182874786,1.5996193E-5,18.247734,0.009510713,0.19898693,0.0065249535,0.07836342,0.0065208296,0.15694739,0.011840025,0.70650756,0.0032724182,0.06646166,0.0074309246,0.14944457,0.015960012,null,null,null,null,"TWOGAUSSIANS",8,6.081778,0.19898693,0.0065249535,0.4,0.0,0.15628852,0.011533888,0.70650756,0.0032724182,0.3721853,0.04161318,0.1487857,0.015974456
375316653866487564,5338662392140534912,0.6316654,2204.1467220246877,0.7953581652306371,6.4719957E-6,16.796375,0.0034201113,0.13077162,0.0033325884,0.0373619,0.003707211,0.106237754,0.023147771,0.6277039,6.111798E-4,0.03233257,0.0010499966,0.9287902,0.041799482,null,null,null,null,"TWOGAUSSIANS",8,12.465165,0.6277039,6.111798E-4,0.18106239,0.005879981,0.9287902,0.041799482,0.13077162,0.0033325884,0.20922665,0.020760382,0.106237754,0.023147771
375316653866487564,5338662392140550016,0.6016507,2237.157554191087,1.385282781911429,8.161457E-6,15.32852,0.25627905,0.16108714,0.0012879294,0.19102694,0.06799473,0.2527352,0.25108302,0.6597575,0.0016815215,0.14979981,0.023876173,0.25382102,0.18324777,null,null,null,null,"TWOGAUSSIANS",8,3.66071,0.6597575,0.0016815215,0.4,0.0,0.10078636,0.00144704,0.16127715,0.0013170526,0.4,0.0,0.08518835,0.0012307519
375316653866487564,5338662731395973888,0.5148653,2257.953402875305,1.3028771847116174,2.19697E-5,17.710737,0.005307196,0.29726043,0.01444034,0.048771385,0.010762475,0.18178752,0.021370446,0.7982724,0.005398717,0.032546747,0.0070976545,0.4825161,0.13071965,null,null,null,null,"TWOGAUSSIANS",8,16.863459,0.7982724,0.005398717,0.1822618,0.039746866,0.4825161,0.13071965,0.29726043,0.01444034,0.27311975,0.060269862,0.18178752,0.021370446
