Gaia/vari_eclipsing_binary/VariEclipsingBinary_607749-607802.csv
# %ECSV 1.0
# ---
# delimiter: ','
# meta: !!omap
# - RELEASE: Gaia DR3
# - TABLE: vari_eclipsing_binary
# - DESCRIPTION: >
#     This table describes the properties of the eclipsing binaries resulting from the variability analysis. 
# - CITATION: >
#     How to cite and acknowledge Gaia: 
#     https://gea.esac.esa.int/archive/documentation/credits.html 
# - KNOWN_ISSUES: >
#     Known issues: 
#     https://www.cosmos.esa.int/web/gaia-users/known-issues 
# - DOCUMENTATION: >
#     Tutorials and documentation: 
#     https://www.cosmos.esa.int/web/gaia-users/archive 
# datatype:
# - 
#   name: solution_id
#   datatype: int64
#   description: Solution Identifier
#   meta:
#     ucd: meta.version
# - 
#   name: source_id
#   datatype: int64
#   description: Unique source identifier
#   meta:
#     ucd: meta.id;meta.main
# - 
#   name: global_ranking
#   datatype: float32
#   description: Number between 0 (worst) and 1 (best)
#   meta:
#     ucd: stat.param
# - 
#   name: reference_time
#   datatype: float64
#   unit: d
#   description: Reference time used for the geometric model fit
#   meta:
#     ucd: time.epoch
# - 
#   name: frequency
#   datatype: float64
#   unit: d**-1
#   description: Frequency of geometric model of the eclipsing binary light curve
#   meta:
#     ucd: src.orbital
# - 
#   name: frequency_error
#   datatype: float32
#   unit: d**-1
#   description: "Uncertainty of \\texttt{frequency}"
#   meta:
#     ucd: stat.error
# - 
#   name: geom_model_reference_level
#   datatype: float32
#   unit: mag
#   description: Magnitude reference level of geometric model
#   meta:
#     ucd: phot.mag;em.opt
# - 
#   name: geom_model_reference_level_error
#   datatype: float32
#   unit: mag
#   description: "Uncertainty of \\texttt{geomModelReferenceLevel}"
#   meta:
#     ucd: stat.error;phot.mag;em.opt
# - 
#   name: geom_model_gaussian1_phase
#   datatype: float32
#   description: Phase of the Gaussian 1 component
#   meta:
#     ucd: time.phase
# - 
#   name: geom_model_gaussian1_phase_error
#   datatype: float32
#   description: "Uncertainty of \\texttt{geomModelGaussian1Phase}"
#   meta:
#     ucd: stat.error;time.phase
# - 
#   name: geom_model_gaussian1_sigma
#   datatype: float32
#   description: "Standard deviation [phase] of Gaussian 1 component"
#   meta:
#     ucd: stat.stdev
# - 
#   name: geom_model_gaussian1_sigma_error
#   datatype: float32
#   description: "Uncertainty of \\texttt{geomModelGaussian1Sigma}"
#   meta:
#     ucd: stat.error
# - 
#   name: geom_model_gaussian1_depth
#   datatype: float32
#   unit: mag
#   description: Magnitude depth of Gaussian 1 component
#   meta:
#     ucd: src.var.amplitude
# - 
#   name: geom_model_gaussian1_depth_error
#   datatype: float32
#   unit: mag
#   description: "Uncertainty of \\texttt{geomModelGaussian1Depth}"
#   meta:
#     ucd: stat.error;src.var.amplitude
# - 
#   name: geom_model_gaussian2_phase
#   datatype: float32
#   description: Phase of Gaussian 2 component
#   meta:
#     ucd: time.phase
# - 
#   name: geom_model_gaussian2_phase_error
#   datatype: float32
#   description: "Uncertainty of \\texttt{geomModelGaussian2Phase}"
#   meta:
#     ucd: stat.error;time.phase
# - 
#   name: geom_model_gaussian2_sigma
#   datatype: float32
[...]
#   datatype: float32
#   description: "Secondary eclipse: uncertainty of \\texttt{derivedSecondaryEclDuration}"
#   meta:
#     ucd: stat.error;time.duration
# - 
#   name: derived_secondary_ecl_depth
#   datatype: float32
#   unit: mag
#   description: "Secondary eclipse: depth"
#   meta:
#     ucd: src.var.amplitude
# - 
#   name: derived_secondary_ecl_depth_error
#   datatype: float32
#   unit: mag
#   description: "Secondary eclipse: uncertainty of \\texttt{derivedSecondaryEclDepth}"
#   meta:
#     ucd: stat.error;src.var.amplitude
solution_id,source_id,global_ranking,reference_time,frequency,frequency_error,geom_model_reference_level,geom_model_reference_level_error,geom_model_gaussian1_phase,geom_model_gaussian1_phase_error,geom_model_gaussian1_sigma,geom_model_gaussian1_sigma_error,geom_model_gaussian1_depth,geom_model_gaussian1_depth_error,geom_model_gaussian2_phase,geom_model_gaussian2_phase_error,geom_model_gaussian2_sigma,geom_model_gaussian2_sigma_error,geom_model_gaussian2_depth,geom_model_gaussian2_depth_error,geom_model_cosine_half_period_amplitude,geom_model_cosine_half_period_amplitude_error,geom_model_cosine_half_period_phase,geom_model_cosine_half_period_phase_error,model_type,num_model_parameters,reduced_chi2,derived_primary_ecl_phase,derived_primary_ecl_phase_error,derived_primary_ecl_duration,derived_primary_ecl_duration_error,derived_primary_ecl_depth,derived_primary_ecl_depth_error,derived_secondary_ecl_phase,derived_secondary_ecl_phase_error,derived_secondary_ecl_duration,derived_secondary_ecl_duration_error,derived_secondary_ecl_depth,derived_secondary_ecl_depth_error
[from data line 327]
375316653866487564,5345999089595069824,0.45984417,2197.3969855919104,2.806674041131953,2.519675E-5,19.760466,0.0069380556,0.2289499,0.0053328145,0.032530904,0.017079603,0.069754146,0.17508379,null,null,null,null,null,null,0.09169404,0.010391655,0.2289499,0.0053328145,"ONEGAUSSIAN_WITH_ELLIPSOIDAL",6,2.4658701,0.2289499,0.0053328145,0.18217306,0.09564578,0.25314224,0.17674921,null,null,null,null,null,null
375316653866487564,5345999158326792704,0.53359884,2213.459739296514,0.6069344580396293,2.0284207E-5,17.765837,0.0011493874,0.19846165,9.0114496E-5,0.008610829,3.3392553E-4,0.21899548,0.0072562275,0.86460644,0.010971611,0.005239742,0.0024914437,0.19921684,0.9208445,null,null,null,null,"TWOGAUSSIANS",8,1.438366,0.19846165,9.0114496E-5,0.04822064,0.001869983,0.21899548,0.0072562275,0.86460644,0.010971611,0.029342555,0.013952085,0.19921684,0.9208445
375316653866487564,5345999811161934336,0.44345927,2216.878991373763,1.9980271212108112,5.48948E-5,14.977088,0.3146024,0.34046182,0.014831968,0.09519558,0.037532043,0.33934698,0.07089464,0.90614694,0.05203969,0.1982058,0.22236829,0.12735106,0.30778202,null,null,null,null,"TWOGAUSSIANS",8,967.7958,0.33778182,0.010697047,0.4,0.0,0.30626225,0.059564438,0.90629697,0.051581472,0.4,0.0,0.08043483,0.03191975
375316653866487564,5346000322238836096,0.5130933,2216.1878546717116,1.4826851176047413,1.3537374E-5,17.375772,0.009455966,0.23391622,0.0029936975,0.09219938,0.013498579,0.06977445,0.007854231,0.7511716,0.010656891,0.11096392,0.031173,0.05084257,0.009557051,null,null,null,null,"TWOGAUSSIANS",8,1.1118792,0.23390621,0.0029817214,0.4,0.0,0.06523201,0.003134725,0.7511716,0.010656891,0.4,0.0,0.04629529,0.009329983
375316653866487564,5346001597867690112,0.55715615,2238.556739434005,0.9632251228224497,1.3821321E-5,18.049526,0.0022841028,0.26670295,0.003996235,0.026822492,0.002673404,0.35842884,0.029494015,0.7637329,0.012656798,0.035054967,0.011895908,0.06534584,0.00891373,null,null,null,null,"TWOGAUSSIANS",8,2.724453,0.26670295,0.003996235,0.15020595,0.0149710635,0.35842884,0.029494015,0.7637329,0.012656798,0.19630781,0.06661709,0.06534584,0.00891373
375316653866487564,5346003071018409216,0.45177957,2240.5360314635345,1.2192450024068668,2.9274597E-5,17.616678,0.0044010417,0.310171,0.0064132623,0.07555556,0.014451813,0.06885595,0.011598265,0.7859938,0.012193103,0.064800024,0.014520553,0.025704533,0.004921592,null,null,null,null,"TWOGAUSSIANS",8,3.2454677,0.310171,0.0064132623,0.4,0.0022433538,0.068774916,0.011718038,0.7859938,0.012193103,0.36288014,0.0813151,0.0256235,0.004785868
375316653866487564,5346004376688516480,0.51798254,2215.976408225005,1.1642053306726883,3.184252E-5,17.816692,0.0020558294,0.31518865,0.003500725,0.027814642,0.0019935041,0.30115107,0.018500542,0.81597173,0.0031488645,0.031757798,0.0033500912,0.139494,0.014676688,null,null,null,null,"TWOGAUSSIANS",8,3.951327,0.31518865,0.003500725,0.15576199,0.011163623,0.30115107,0.018500542,0.81597173,0.0031488645,0.17784368,0.01876051,0.139494,0.014676688
375316653866487564,5346006270792153984,0.696008,2239.534894541058,0.6603937900979322,2.4282674E-6,15.698317,8.454063E-4,0.31330305,2.127678E-4,0.023094047,2.3817123E-4,0.56649286,0.006551118,0.81297714,0.014231943,0.023915844,0.0058727562,0.57808244,0.2324567,0.007178735,0.0012866125,0.31330305,2.127678E-4,"TWOGAUSSIANS_WITH_ELLIPSOIDAL_ON_ECLIPSE1",9,4.6355796,0.81297714,0.014231943,0.13392873,0.032887436,0.5924398,0.23206323,0.31330305,2.127678E-4,0.12932667,0.0013337588,0.5808503,0.0065661673
375316653866487564,5346006339498353280,0.60907286,2233.597213719215,0.6303367944412922,2.7735837E-6,19.023176,0.004513892,0.23845696,4.5802668E-4,0.025687937,0.001089472,1.607886,0.07914586,0.7440924,0.015605723,0.025119437,0.0215458,0.14033289,0.21428712,0.031071909,0.0062646437,0.23845696,4.5802668E-4,"TWOGAUSSIANS_WITH_ELLIPSOIDAL_ON_ECLIPSE1",9,1.6412293,0.23845696,4.5802668E-4,0.14385244,0.0061010434,1.6700298,0.08535794,0.7440924,0.015581464,0.14066885,0.120656475,0.20239884,0.22224896
375316653866487564,5346006442577714560,0.5662764,2222.1020237749035,2.9379265446247156,9.144432E-6,19.176584,0.013079285,0.22847307,0.0019493338,0.04830858,0.0039454317,0.38751134,0.03374957,0.7243879,0.0060831793,0.05386354,0.007196667,0.4747226,0.056367796,0.1001478,0.017862607,0.22847307,0.0019493338,"TWOGAUSSIANS_WITH_ELLIPSOIDAL_ON_ECLIPSE1",9,3.1704278,0.7247479,0.005551513,0.30163583,0.040301334,0.67488855,0.058742154,0.22847307,0.0019493338,0.27052805,0.02209442,0.5877976,0.021588825
375316653866487564,5346006511310390016,0.55906624,2234.808284246596,2.2489234355200116,7.1668032E-6,14.609839,0.015581089,0.23173684,0.0032418577,0.044994287,0.0036723695,0.53599054,0.03756438,0.74218905,0.0033309998,0.03760362,0.005283266,0.4217307,0.051366277,0.10313467,0.023643458,0.74218905,0.0033309998,"TWOGAUSSIANS_WITH_ELLIPSOIDAL_ON_ECLIPSE2",9,545.5684,0.23233685,0.0030049023,0.25196803,0.02056527,0.7414221,0.032339983,0.74218905,0.0033309998,0.21058027,0.02958629,0.6279993,0.045932904
375316653866487564,5346008126218179584,0.6303003,2229.995697476744,0.7984531064734843,2.8153202E-6,17.01701,0.0018787377,0.27347457,8.309824E-4,0.03048595,0.0015023043,0.14099596,0.0056935465,0.7713651,0.023053894,0.028316751,0.014501818,0.31668934,0.60527724,0.010561797,0.0027137476,0.27347457,8.309824E-4,"TWOGAUSSIANS_WITH_ELLIPSOIDAL_ON_ECLIPSE1",9,1.7945268,0.77137506,0.023040771,0.1585738,0.08121018,0.33780923,0.6067719,0.27347457,8.309824E-4,0.17072132,0.008412905,0.16211955,0.003364835
375316653866487564,5346008160577932032,0.50645214,2218.2283839538736,1.0623024045008027,9.65008E-6,15.688473,0.002988004,0.28290015,0.0049853525,0.052770473,0.0056084297,0.13078728,0.007845048,0.77840585,0.023824856,0.021645376,0.011428528,0.025572555,0.035752863,0.009638579,0.003494116,0.28290015,0.0049853525,"TWOGAUSSIANS_WITH_ELLIPSOIDAL_ON_ECLIPSE1",9,27.266155,0.28290015,0.0049853525,0.29551464,0.031407204,0.15006265,0.00680075,0.7785258,0.023667324,0.121214114,0.063999765,0.044832975,0.03527579
375316653866487564,5346008259339031680,0.45398733,2260.1566114701545,0.9981058874345408,1.5302927E-5,18.165308,0.017559387,0.6499894,0.01139311,0.020584727,0.012573821,0.4752338,0.075268544,null,null,null,null,null,null,0.07786037,0.02407297,0.6499894,0.01139311,"ONEGAUSSIAN_WITH_ELLIPSOIDAL",6,44.601295,0.6499894,0.01139311,0.115274474,0.070413396,0.6309545,0.09051395,null,null,null,null,null,null
375316653866487564,5346010561445554560,0.50620836,2214.424120168938,4.4268896114924905,1.4099975E-5,18.653461,0.02171161,0.26931757,0.004717277,0.10677184,0.011333943,0.20424451,0.020700775,0.75756913,0.004993017,0.10434606,0.012638836,0.19497377,0.020235118,null,null,null,null,"TWOGAUSSIANS",8,1.86828,0.26932755,0.004712717,0.4,0.0,0.18310088,0.0067389025,0.75756913,0.004993017,0.4,0.0,0.1738335,0.011433974
375316653866487564,5346011046796287360,0.52252007,2236.472857938419,1.2051790376809604,6.5490735E-6,14.588342,0.010926877,0.2558097,0.0029290917,0.10886076,0.01052085,0.19261697,0.007725687,0.75380766,0.0018077438,0.09606712,0.004449947,0.24712548,0.010550159,null,null,null,null,"TWOGAUSSIANS",8,77.06807,0.75380766,0.0018077438,0.4,0.0,0.22570322,0.00479157,0.2558097,0.0029290917,0.4,0.0,0.17118521,0.009230797
375316653866487564,5346012077588468224,0.5273675,2226.6478755605094,1.3071518098679153,7.6097267E-6,15.080181,8.24088E-4,null,null,null,null,null,null,null,null,null,null,null,null,0.040808015,0.0012896318,0.13195196,0.001946203,"ELLIPSOIDAL",4,14.033936,null,null,null,null,null,null,null,null,null,null,null,null
375316653866487564,5346012863543372800,0.6154487,2217.7660145984205,1.9203530744599508,3.96407E-6,16.861267,0.0037972203,0.23629461,0.0016953873,0.083862364,0.0021358023,0.2369174,0.0044185882,0.7354774,0.0018228873,0.098854326,0.003752896,0.21800989,0.0048486767,null,null,null,null,"TWOGAUSSIANS",8,2.7176678,0.23629461,0.0016953873,0.4,0.0,0.22638094,0.0034234081,0.7354774,0.0018228873,0.4,0.0,0.20747223,0.0056217
375316653866487564,5346012970941763200,0.49908552,2239.495240421619,0.1358162721226197,4.475852E-5,17.272335,0.013410014,0.20868157,0.008988782,0.008436498,0.019079559,0.52510643,0.65891635,0.7107036,0.0016338952,0.016668364,0.0026637532,1.1182748,0.2699686,0.049954347,0.023816237,0.7107036,0.0016338952,"TWOGAUSSIANS_WITH_ELLIPSOIDAL_ON_ECLIPSE2",9,97.52185,0.7107036,0.0016338952,0.09334284,0.014917019,1.2181833,0.28683862,0.20868157,0.008932603,0.047244392,0.106845535,0.62499875,0.6786468
375316653866487564,5346013348898909056,0.43712047,2219.7951127454817,1.9519536023785258,1.202667E-4,16.903805,0.0023196668,0.3241609,0.011873366,0.052223016,0.009552232,0.13218062,0.053988855,0.82928455,0.019548604,0.06681681,0.011872266,0.06579853,0.010286153,null,null,null,null,"TWOGAUSSIANS",8,2.584275,0.3241609,0.011873366,0.29244888,0.0534925,0.13215894,0.054004285,0.82928455,0.019548604,0.3741741,0.06552867,0.06577684,0.010291118
375316653866487564,5346015376125864832,0.658668,2224.302961954719,1.2980526199606852,1.6614632E-6,15.695358,0.007029642,0.281802,5.1025144E-4,0.045858897,0.0012357022,0.41541046,0.015795762,0.79196614,0.007948768,0.047044095,0.009926736,0.05670566,0.020873705,0.018914044,0.009839206,0.79196614,0.007948768,"TWOGAUSSIANS_WITH_ELLIPSOIDAL_ON_ECLIPSE2",9,16.31669,0.281952,4.3086673E-4,0.25680983,0.0069199326,0.4530864,0.006774788,0.79196614,0.007948768,0.26344693,0.055589724,0.0945334,0.013622518
375316653866487564,5346015444843243520,0.46635297,2278.2272800510195,1.1776789789425377,6.2968626E-5,18.713161,0.0064171143,0.2438843,0.01497516,0.047254093,0.008813001,0.04910556,0.0125708245,0.5656549,0.017712377,0.051978387,0.013061904,0.21824487,0.052580327,null,null,null,null,"TWOGAUSSIANS",8,2.838115,0.5656549,0.017712377,0.29107895,0.07314666,0.21824487,0.052580327,0.2438843,0.01497516,0.26462293,0.049352806,0.04910556,0.012570794
375316653866487564,5346015784121137920,0.5627111,2249.1725507284405,3.349867331337472,9.905527E-6,17.47298,0.006608399,0.22663708,0.04093758,0.06392576,0.053998463,0.050957453,0.023637624,0.7674403,0.004459064,0.018645909,0.005195669,0.046620104,0.023643572,0.0852758,0.0050316295,0.7674403,0.004459064,"TWOGAUSSIANS_WITH_ELLIPSOIDAL_ON_ECLIPSE2",9,6.560533,0.7674403,0.004459064,0.104417086,0.029095745,0.21717003,0.022871345,0.24830708,0.018511023,0.35798422,0.28429535,0.21620908,0.028434983
375316653866487564,5346016647434054784,0.5428533,2246.2800113802787,2.2923297334752646,1.01025E-5,16.166122,0.012049835,0.23402713,0.0025019962,0.107352234,0.008865953,0.12638107,0.011439471,0.7336416,0.0037305793,0.112099186,0.016309077,0.08590385,0.010025245,null,null,null,null,"TWOGAUSSIANS",8,4.774239,0.23402713,0.002501445,0.4,0.0,0.11105644,0.0029157496,0.7336416,0.0037305793,0.4,0.0,0.07057592,0.005034051
375316653866487564,5346017506427288704,0.60007036,2214.342615040071,1.3487917013319897,5.9281247E-6,14.28369,0.0036982992,0.26293632,0.001687608,0.08249075,0.0019934194,0.3692796,0.0067799217,0.7703293,0.0031372514,0.07425195,0.0032798226,0.22727823,0.0075177923,null,null,null,null,"TWOGAUSSIANS",8,92.800255,0.26293632,0.001687608,0.4,0.0,0.36617702,0.006809021,0.7703293,0.0031372514,0.4,0.0,0.22417566,0.007580652
375316653866487564,5346018326739084544,0.5723558,2200.1341935956693,2.5323336465097364,5.272516E-6,18.487373,0.0075204624,0.17634954,0.0023477785,0.07829704,0.003489957,0.43347877,0.010641719,0.673242,0.0023331917,0.064299665,0.0027498356,0.34226066,0.007835147,null,null,null,null,"TWOGAUSSIANS",8,2.5162792,0.17634954,0.0023477785,0.4,0.0,0.4319421,0.010672875,0.673242,0.0023331917,0.36007816,0.01539908,0.340724,0.0075585805
375316653866487564,5346019666772790656,0.52895564,2203.9092811869195,2.343451504973904,1.3304783E-5,17.958765,0.019426864,0.202156,0.0033841692,0.103285275,0.010179626,0.20367625,0.017263731,0.70734936,0.0040943637,0.11364597,0.011719282,0.19070674,0.017826064,null,null,null,null,"TWOGAUSSIANS",8,2.6225963,0.20214601,0.00339481,0.4,0.0,0.17760816,0.0060749906,0.70734936,0.0040956144,0.4,0.0,0.16461772,0.008539595
375316653866487564,5346019739810965760,0.5640622,2181.6678788952768,0.7768832015329775,4.709132E-6,15.539656,0.0064368476,0.23685323,0.0070446935,0.01479985,0.0058679036,0.63473904,0.03021543,0.56775045,7.268743E-4,0.019041535,0.0013029476,0.49983388,0.023831548,null,null,null,null,"TWOGAUSSIANS",8,208.1194,0.23685323,0.0070446935,0.08287916,0.03286026,0.63473904,0.03021543,0.56775045,7.268743E-4,0.10663259,0.007296507,0.49983388,0.023831548
375316653866487564,5346021217270996224,0.5222217,2166.411191339821,2.0908741975081466,1.6773645E-5,19.599957,0.0072019603,0.2946567,0.0052826027,0.06495663,0.0057674944,0.4894384,0.050837703,0.80661863,0.006229236,0.06457378,0.006267475,0.35482967,0.017499758,null,null,null,null,"TWOGAUSSIANS",8,2.2429326,0.2946567,0.0052826027,0.3637571,0.03229797,0.48910066,0.051100213,0.80661863,0.006229236,0.36161315,0.03509786,0.35449192,0.017590933
375316653866487564,5346021389079016960,0.47538352,2197.87588065999,0.38292711021650433,2.5805499E-5,15.899269,0.0010628144,0.36518386,0.017482867,0.03777136,0.01394818,0.0738852,0.03891608,0.8697967,0.007107545,0.050371554,0.0049550994,0.040271025,0.011093423,null,null,null,null,"TWOGAUSSIANS",8,5.658445,0.36518386,0.017482867,0.21151961,0.07810981,0.073885195,0.03891633,0.8697967,0.007107545,0.2820807,0.027748557,0.040271018,0.011093425
375316653866487564,5346021556560171904,0.56036174,2215.110938426401,2.9846244697787396,6.2991776E-6,18.399273,0.009781211,0.21971835,0.0020996502,0.08753129,0.0043398496,0.26039812,0.009919965,0.7275387,0.0036381017,0.084640905,0.005536255,0.27439752,0.011456881,null,null,null,null,"TWOGAUSSIANS",8,2.439624,0.7275387,0.0036381017,0.4,0.0,0.26750052,0.010368705,0.21971835,0.0020996502,0.4,0.0,0.2535011,0.007936765
375316653866487564,5346022144984294656,0.5430497,2190.6319514819997,0.540786909530391,7.308199E-5,18.927172,0.0039961785,0.8804071,6.753907E-4,0.016708277,5.662035E-4,0.70397866,0.032159667,null,null,null,null,null,null,null,null,null,null,"ONEGAUSSIAN",5,2.0643911,0.8804071,6.753907E-4,0.09356636,0.0031707394,0.70397866,0.0,null,null,null,null,null,null
375316653866487564,5346022900907051392,0.57806396,2189.0162446855256,1.1330767198500418,1.8274002E-5,14.846797,0.0026806858,0.7002106,6.457921E-4,0.030372994,6.750907E-4,0.5891783,0.021256095,null,null,null,null,null,null,0.0060978616,0.0036527237,0.7002106,6.457921E-4,"ONEGAUSSIAN_WITH_ELLIPSOIDAL",6,181.1945,0.7002106,6.457921E-4,0.17008877,0.0037805082,0.60137403,0.021266252,null,null,null,null,null,null
375316653866487564,5346023210144726144,0.61358356,2213.083806408639,3.268305342220672,4.670299E-6,17.589155,0.022455916,0.18378468,0.002210116,0.060203448,0.008118334,0.21707112,0.046021204,0.68389225,0.0017372173,0.058265466,0.0060885376,0.31911647,0.04451369,0.082912855,0.02546181,0.18378468,0.002210116,"TWOGAUSSIANS_WITH_ELLIPSOIDAL_ON_ECLIPSE1",9,6.2024665,0.68389225,0.0016197521,0.3262866,0.03409581,0.4848705,0.010403018,0.18378468,0.002210116,0.3371393,0.04546267,0.3828252,0.008305591
375316653866487564,5346023485013345280,0.5711459,2201.5700412670776,2.953038872944771,1.6180555E-5,19.66856,0.013467517,0.22956161,0.0041038827,0.04712597,0.0062420373,0.31926742,0.028940566,0.7406969,0.0010476297,0.03534171,0.0072844406,0.33716682,0.02254622,0.11071377,0.019679457,0.22956161,0.0041038827,"TWOGAUSSIANS_WITH_ELLIPSOIDAL_ON_ECLIPSE1",9,1.8833147,0.7406969,0.0010476297,0.19791357,0.040792868,0.5575119,0.03657289,0.22956161,0.0041038827,0.26390544,0.03495541,0.54069465,0.018181639
