Gaia/vari_eclipsing_binary/VariEclipsingBinary_667926-667950.csv
# %ECSV 1.0
# ---
# delimiter: ','
# meta: !!omap
# - RELEASE: Gaia DR3
# - TABLE: vari_eclipsing_binary
# - DESCRIPTION: >
#     This table describes the properties of the eclipsing binaries resulting from the variability analysis. 
# - CITATION: >
#     How to cite and acknowledge Gaia: 
#     https://gea.esac.esa.int/archive/documentation/credits.html 
# - KNOWN_ISSUES: >
#     Known issues: 
#     https://www.cosmos.esa.int/web/gaia-users/known-issues 
# - DOCUMENTATION: >
#     Tutorials and documentation: 
#     https://www.cosmos.esa.int/web/gaia-users/archive 
# datatype:
# - 
#   name: solution_id
#   datatype: int64
#   description: Solution Identifier
#   meta:
#     ucd: meta.version
# - 
#   name: source_id
#   datatype: int64
#   description: Unique source identifier
#   meta:
#     ucd: meta.id;meta.main
# - 
#   name: global_ranking
#   datatype: float32
#   description: Number between 0 (worst) and 1 (best)
#   meta:
#     ucd: stat.param
# - 
#   name: reference_time
#   datatype: float64
#   unit: d
#   description: Reference time used for the geometric model fit
#   meta:
#     ucd: time.epoch
# - 
#   name: frequency
#   datatype: float64
#   unit: d**-1
#   description: Frequency of geometric model of the eclipsing binary light curve
#   meta:
#     ucd: src.orbital
# - 
#   name: frequency_error
#   datatype: float32
#   unit: d**-1
#   description: "Uncertainty of \\texttt{frequency}"
#   meta:
#     ucd: stat.error
# - 
#   name: geom_model_reference_level
#   datatype: float32
#   unit: mag
#   description: Magnitude reference level of geometric model
#   meta:
#     ucd: phot.mag;em.opt
# - 
#   name: geom_model_reference_level_error
#   datatype: float32
#   unit: mag
#   description: "Uncertainty of \\texttt{geomModelReferenceLevel}"
#   meta:
#     ucd: stat.error;phot.mag;em.opt
# - 
#   name: geom_model_gaussian1_phase
#   datatype: float32
#   description: Phase of the Gaussian 1 component
#   meta:
#     ucd: time.phase
# - 
#   name: geom_model_gaussian1_phase_error
#   datatype: float32
#   description: "Uncertainty of \\texttt{geomModelGaussian1Phase}"
#   meta:
#     ucd: stat.error;time.phase
# - 
#   name: geom_model_gaussian1_sigma
#   datatype: float32
#   description: "Standard deviation [phase] of Gaussian 1 component"
#   meta:
#     ucd: stat.stdev
# - 
#   name: geom_model_gaussian1_sigma_error
#   datatype: float32
#   description: "Uncertainty of \\texttt{geomModelGaussian1Sigma}"
#   meta:
#     ucd: stat.error
# - 
#   name: geom_model_gaussian1_depth
#   datatype: float32
#   unit: mag
#   description: Magnitude depth of Gaussian 1 component
#   meta:
#     ucd: src.var.amplitude
# - 
#   name: geom_model_gaussian1_depth_error
#   datatype: float32
#   unit: mag
#   description: "Uncertainty of \\texttt{geomModelGaussian1Depth}"
#   meta:
#     ucd: stat.error;src.var.amplitude
# - 
#   name: geom_model_gaussian2_phase
#   datatype: float32
#   description: Phase of Gaussian 2 component
#   meta:
#     ucd: time.phase
# - 
#   name: geom_model_gaussian2_phase_error
#   datatype: float32
#   description: "Uncertainty of \\texttt{geomModelGaussian2Phase}"
#   meta:
#     ucd: stat.error;time.phase
# - 
#   name: geom_model_gaussian2_sigma
#   datatype: float32
[...]
#   datatype: float32
#   description: "Secondary eclipse: uncertainty of \\texttt{derivedSecondaryEclDuration}"
#   meta:
#     ucd: stat.error;time.duration
# - 
#   name: derived_secondary_ecl_depth
#   datatype: float32
#   unit: mag
#   description: "Secondary eclipse: depth"
#   meta:
#     ucd: src.var.amplitude
# - 
#   name: derived_secondary_ecl_depth_error
#   datatype: float32
#   unit: mag
#   description: "Secondary eclipse: uncertainty of \\texttt{derivedSecondaryEclDepth}"
#   meta:
#     ucd: stat.error;src.var.amplitude
solution_id,source_id,global_ranking,reference_time,frequency,frequency_error,geom_model_reference_level,geom_model_reference_level_error,geom_model_gaussian1_phase,geom_model_gaussian1_phase_error,geom_model_gaussian1_sigma,geom_model_gaussian1_sigma_error,geom_model_gaussian1_depth,geom_model_gaussian1_depth_error,geom_model_gaussian2_phase,geom_model_gaussian2_phase_error,geom_model_gaussian2_sigma,geom_model_gaussian2_sigma_error,geom_model_gaussian2_depth,geom_model_gaussian2_depth_error,geom_model_cosine_half_period_amplitude,geom_model_cosine_half_period_amplitude_error,geom_model_cosine_half_period_phase,geom_model_cosine_half_period_phase_error,model_type,num_model_parameters,reduced_chi2,derived_primary_ecl_phase,derived_primary_ecl_phase_error,derived_primary_ecl_duration,derived_primary_ecl_duration_error,derived_primary_ecl_depth,derived_primary_ecl_depth_error,derived_secondary_ecl_phase,derived_secondary_ecl_phase_error,derived_secondary_ecl_duration,derived_secondary_ecl_duration_error,derived_secondary_ecl_depth,derived_secondary_ecl_depth_error
375316653866487564,5875139296673409664,0.45828336,2173.0133948415482,1.5216224822445372,7.647351E-5,15.809598,0.00240904,null,null,null,null,null,null,null,null,null,null,null,null,0.030044867,0.0028391664,0.2715993,0.0103539955,"ELLIPSOIDAL",4,40.643314,null,null,null,null,null,null,null,null,null,null,null,null
375316653866487564,5875140022585829248,0.5133101,2143.1379847083685,1.421373354433543,6.1030274E-5,17.180887,0.003589612,0.22465472,0.007485124,0.048579395,0.004958682,0.32206294,0.041602053,null,null,null,null,null,null,null,null,null,null,"ONEGAUSSIAN",5,15.383422,0.22465472,0.007485124,0.2720446,0.02776862,0.32206294,0.0,null,null,null,null,null,null
375316653866487564,5875140774162793472,0.4513879,2168.6544408328236,2.8220908852080147,2.224556E-5,19.113575,0.0041322084,null,null,null,null,null,null,null,null,null,null,null,null,0.06519575,0.005703643,0.18375014,0.00766414,"ELLIPSOIDAL",4,3.279902,null,null,null,null,null,null,null,null,null,null,null,null
375316653866487564,5875140877227291648,0.45083225,2171.17793884745,0.1860633084807856,3.2797965E-5,18.83749,0.008599198,0.4261553,0.011254974,0.15406232,0.013055711,0.19341175,0.012000487,0.81961936,0.0037934002,0.023154099,0.0035162843,0.072452396,0.014995808,null,null,null,null,"TWOGAUSSIANS",8,5.373993,0.4261553,0.011254974,0.4,0.0,0.19141318,0.011804371,0.81961936,0.0037934002,0.12966296,0.019691192,0.07795246,0.015254332
375316653866487564,5875141122097569792,0.6483174,2177.4799795638837,0.3740999045282894,1.6549702E-5,15.246926,0.0019013283,0.31718558,0.0075608105,0.027025089,0.0043732687,0.8341047,0.056650184,0.8068391,0.0034093624,0.037896913,0.0031734498,0.10891503,0.010929925,null,null,null,null,"TWOGAUSSIANS",8,24.167873,0.31718558,0.0075608105,0.1513405,0.024490304,0.8341047,0.056650184,0.8068391,0.0034093624,0.21222271,0.017771319,0.10891503,0.010929925
375316653866487564,5875141293850489216,0.5080599,2177.3241347186063,2.7987168266718063,1.6584163E-5,19.236254,0.008393991,0.27334905,0.0039579268,0.06654421,0.008361599,0.23540732,0.019525027,0.7712677,0.0056267055,0.07029728,0.0099376775,0.21865937,0.013465628,null,null,null,null,"TWOGAUSSIANS",8,2.1611223,0.27334905,0.0039579268,0.37264758,0.046824954,0.2348667,0.01985403,0.7712677,0.0056267055,0.39366478,0.037413925,0.21811874,0.013597042
375316653866487564,5875141706167005056,0.45924407,2172.366604958447,2.7186783019624086,3.1539996E-5,18.855347,0.17761296,0.21871315,0.009302193,0.103499636,0.038161013,0.3694607,0.16689982,0.72846395,0.010431045,0.11377199,0.06199367,0.24615377,0.1652512,null,null,null,null,"TWOGAUSSIANS",8,10.679966,0.21870315,0.009237911,0.4,0.0,0.33169338,0.039676964,0.72847396,0.010453857,0.4,0.0,0.20835978,0.049836565
375316653866487564,5875141843652014848,0.61238277,2184.440071720491,2.1548504579566266,4.3069076E-6,17.798393,0.021943543,0.23663302,0.001518095,0.051887125,0.0058042184,0.4262259,0.06531678,0.73519367,0.0041452977,0.056100793,0.005840256,0.42058888,0.05240045,0.11149925,0.028724117,0.23663302,0.001518095,"TWOGAUSSIANS_WITH_ELLIPSOIDAL_ON_ECLIPSE1",9,9.152852,0.23663302,0.001518095,0.2905679,0.032503624,0.6492015,0.06561754,0.73536366,0.0037068897,0.31416443,0.032705434,0.64354837,0.023987005
375316653866487564,5875142324642678656,0.59508234,2171.2876588699237,2.7427307084019534,8.46768E-6,18.154123,0.014333802,0.22640516,0.0021877277,0.047387805,0.00558926,0.22355564,0.028166192,0.72572166,0.0061580515,0.058119286,0.007493187,0.30598712,0.030444065,0.09483933,0.0164457,0.22640516,0.0021877277,"TWOGAUSSIANS_WITH_ELLIPSOIDAL_ON_ECLIPSE1",9,5.3834586,0.7258216,0.0052999044,0.325468,0.04196185,0.49563333,0.016670315,0.22640516,0.0021877277,0.2653717,0.031299856,0.41320488,0.0111905355
375316653866487564,5875142393407886592,0.5447122,2213.319431556679,0.772292958729882,2.391296E-5,15.839628,0.001235125,0.26275238,0.0013445163,0.016140956,0.0012347432,0.08379318,0.0047634314,null,null,null,null,null,null,0.00631855,0.001554044,0.26275238,0.0013445163,"ONEGAUSSIAN_WITH_ELLIPSOIDAL",6,4.640359,0.26275238,0.0013445163,0.090389356,0.0069145616,0.09643025,0.003866702,null,null,null,null,null,null
375316653866487564,5875142698311543552,0.58960277,2163.551618355996,3.553672102462551,1.4849503E-5,19.295208,0.015917363,0.23954694,0.003052729,0.046371527,0.005741831,0.23934546,0.03838752,0.7338263,0.006221875,0.0470049,0.0069395923,0.38409364,0.03937717,0.13216826,0.023014782,0.23954694,0.003052729,"TWOGAUSSIANS_WITH_ELLIPSOIDAL_ON_ECLIPSE1",9,2.7968757,0.7344363,0.005416427,0.26322743,0.038861718,0.6481247,0.016046053,0.23954694,0.003052729,0.25968054,0.032154255,0.5036813,0.0178624
375316653866487564,5875143080556975872,0.5624049,2145.1155367730744,3.62851061342136,6.2033228E-6,19.058474,0.010775233,0.25021344,0.0034009619,0.066942625,0.005217964,0.5068275,0.036651865,0.75338674,0.0038406805,0.069351144,0.0057939696,0.5629093,0.034982562,null,null,null,null,"TWOGAUSSIANS",8,3.5047271,0.75338674,0.0038406805,0.3883664,0.03244623,0.5617361,0.035323445,0.25021344,0.0034009619,0.3748787,0.029220598,0.5056543,0.037114378
375316653866487564,5875143699086742912,0.5553294,2168.0566241630227,4.2844154870479425,2.2907168E-5,16.47319,0.043912802,0.28889537,0.0073872586,0.12629858,0.01975631,0.16953322,0.042874172,0.737803,0.008161311,0.113331676,0.02035692,0.21064024,0.0407655,null,null,null,null,"TWOGAUSSIANS",8,13.859536,0.737803,0.008161311,0.4,0.0,0.18438573,0.0061812527,0.28916535,0.0067100124,0.4,0.0,0.14304456,0.005150478
375316653866487564,5875144351867513728,0.43790674,2147.167348914325,1.1526654960942222,5.786547E-6,17.912804,0.0039968253,0.32051444,0.020603182,0.06729147,0.012504959,0.033066835,0.00754603,0.6931426,0.003720328,0.011736735,0.0030769224,0.09244753,0.01623691,0.012632593,0.0054660905,0.6931426,0.003720328,"TWOGAUSSIANS_WITH_ELLIPSOIDAL_ON_ECLIPSE2",9,4.280148,0.6931426,0.003720328,0.065725714,0.017230766,0.11771268,0.017129876,0.29826444,0.016236447,0.37683222,0.07002777,0.047063157,0.008786503
375316653866487564,5875144454992271232,0.5890069,2166.024220321067,0.12099085122821211,2.1910118E-5,16.71536,0.0014654988,0.13305192,2.888102E-4,0.006067371,1.3029767E-4,0.47247687,0.014099298,0.50686765,0.010297668,0.03450437,0.015062256,0.02405974,0.0144424485,null,null,null,null,"TWOGAUSSIANS",8,4.412658,0.13305192,2.888102E-4,0.033977278,7.29667E-4,0.47247687,0.014099298,0.50686765,0.010297668,0.19322446,0.084348634,0.02405974,0.0144424485
375316653866487564,5875144489360764800,0.5842189,2165.5032818562595,2.3717725718923397,8.355986E-6,18.089369,0.0060419724,0.28766242,0.0034595768,0.08159655,0.004715745,0.29814857,0.015041365,0.78919923,0.0018603752,0.07898182,0.003915153,0.3218724,0.0104707265,null,null,null,null,"TWOGAUSSIANS",8,2.687743,0.78919923,0.0018603752,0.4,0.0,0.31715783,0.011286912,0.28766242,0.0034595768,0.4,0.0,0.293434,0.015480947
375316653866487564,5875145107782230400,0.5327293,2148.9344876223063,0.7827356423807456,4.919458E-5,19.95338,0.0049092667,0.055792272,0.019414382,0.017112732,0.0072967326,0.29146978,0.41350594,0.61998016,0.010030231,0.03012907,0.011180418,0.64458185,29.373898,null,null,null,null,"TWOGAUSSIANS",8,0.82725126,0.61998016,0.010030231,0.1687228,0.062610336,0.64458185,29.373898,0.055792272,0.019414382,0.095831305,0.040861703,0.29146978,0.41350594
375316653866487564,5875145176501798016,0.42488283,2142.822193603805,0.5434450003159169,6.973724E-5,19.25174,0.015687319,0.22054262,0.08554744,0.09275769,0.04725708,0.13878684,0.046529092,0.5557041,0.05883252,0.11220856,0.0487112,0.11019754,0.025790412,null,null,null,null,"TWOGAUSSIANS",8,3.423287,0.22275263,0.08306456,0.4,0.0,0.13883553,0.04530713,0.5557041,0.05883252,0.4,0.0,0.1091387,0.017582312
375316653866487564,5875145378353185280,0.57517064,2163.650353197077,2.678314086451507,1.0177781E-5,17.969566,0.0071102013,0.2886921,0.002608981,0.0731891,0.0036703832,0.37313163,0.009274808,0.79052407,0.0026962792,0.073051624,0.0036389218,0.31514427,0.009583969,null,null,null,null,"TWOGAUSSIANS",8,6.788013,0.2886921,0.002608981,0.4,0.0,0.37123007,0.009021653,0.79052407,0.0026962792,0.4,0.0020123261,0.3132427,0.009284902
375316653866487564,5875145412711138304,0.5249075,2159.581226663062,3.4557327647193414,1.2239535E-5,17.678293,0.016908944,0.29031485,0.004445039,0.09381868,0.008296543,0.3241546,0.021532636,0.7876149,0.004379847,0.0844747,0.006572015,0.38288218,0.016911935,null,null,null,null,"TWOGAUSSIANS",8,18.846136,0.7876149,0.004379847,0.4,0.0,0.36974078,0.0121061895,0.29031485,0.004445039,0.4,0.0,0.31101277,0.020630607
375316653866487564,5875145795022270336,0.42148718,2173.7370719477576,0.13148928195018358,2.1268992E-5,18.995176,0.004036586,0.25772452,0.003628557,0.026054516,0.0033601716,0.12674007,0.020458903,0.7190736,5.5263783E-5,0.009926769,3.466449E-4,0.14476065,0.0025184348,null,null,null,null,"TWOGAUSSIANS",8,4.2137794,0.7190736,5.5263783E-5,0.055589907,0.0019412114,0.14476065,0.0025184348,0.25772452,0.003628557,0.1459053,0.018816961,0.12674007,0.020458903
375316653866487564,5875146065565750272,0.54692364,2166.2559704853625,2.626475032110264,1.1706191E-5,18.763428,0.015699042,0.2840114,0.0028728999,0.09183795,0.0072067203,0.36825687,0.02430192,0.78073597,0.0028158005,0.08781522,0.0053900937,0.3826518,0.017393604,null,null,null,null,"TWOGAUSSIANS",8,3.4487174,0.78073597,0.0028158005,0.4,0.0,0.3678247,0.014382427,0.2840114,0.0028728999,0.4,0.0,0.3534296,0.025324626
375316653866487564,5875146069854770048,0.49984375,2143.397742716404,3.6858441858639357,2.0065749E-5,19.550694,0.009075614,0.30686516,0.012027857,0.0892463,0.0126587665,0.19420171,0.028618101,0.79670125,0.0034933353,0.060309462,0.0047625494,0.3276933,0.02569887,null,null,null,null,"TWOGAUSSIANS",8,2.1011446,0.79670125,0.0034933353,0.337733,0.026670277,0.3263069,0.026026081,0.30686516,0.012027857,0.4,0.0,0.19281523,0.029445143
375316653866487564,5875146374803399552,0.5363934,2174.602913103073,2.0972139219691175,1.2332402E-5,16.6139,0.02848379,0.2575323,0.0053056893,0.11235574,0.017489238,0.2533173,0.021231256,0.7523017,0.0028290537,0.092957094,0.0097237155,0.29913384,0.025165478,null,null,null,null,"TWOGAUSSIANS",8,18.792007,0.7523017,0.0028290537,0.4,0.0,0.2729065,0.008923521,0.2575323,0.0053056893,0.4,0.0,0.2270644,0.015214387
375316653866487564,5875146619655931136,0.608838,2198.5932714547885,1.6171911226200582,5.898704E-6,17.026543,0.004896283,0.25242233,0.0022281732,0.10083007,0.004445845,0.14183404,0.0049287723,0.74959266,0.003540008,0.08099407,0.0042463937,0.23293203,0.006133014,null,null,null,null,"TWOGAUSSIANS",8,2.487465,0.74959266,0.003540008,0.4,0.0,0.22532281,0.004768236,0.25242233,0.0022281732,0.4,0.0,0.13422349,0.0034138195
375316653866487564,5875146619655953024,0.6570047,2192.292897801093,0.3977732605257627,3.850988E-6,16.45982,0.003678723,0.24325667,2.2061492E-4,0.03447117,5.701511E-4,0.58019704,0.0074872007,0.74394816,0.00634533,0.032950398,0.0048707747,0.09607236,0.009813501,0.016618358,0.0047494345,0.24325667,2.2061492E-4,"TWOGAUSSIANS_WITH_ELLIPSOIDAL_ON_ECLIPSE1",9,7.2560525,0.24325667,2.2061492E-4,0.19303855,0.0031928462,0.6134337,0.0052852575,0.74394816,0.006265011,0.18452223,0.027276339,0.12930837,0.0052117105
375316653866487564,5875146791454643968,0.62763125,2188.871097830365,0.9398204381338129,5.594284E-6,16.969307,0.005091357,0.22030683,0.0016938678,0.09552485,0.0028186901,0.28228167,0.005279121,0.71324205,0.00270701,0.0880607,0.003254043,0.32903227,0.00688359,null,null,null,null,"TWOGAUSSIANS",8,3.5017908,0.71324205,0.00270701,0.4,0.0,0.31565836,0.006562517,0.22030683,0.0016938678,0.4,0.0,0.26890716,0.0034377289
375316653866487564,5875147994045570944,0.70784587,2182.5306102338172,1.6632555199310919,3.249715E-6,16.357601,0.008454699,0.20019905,0.0018095549,0.06882829,0.009738663,0.05107765,0.018261092,0.69668925,8.308011E-4,0.055731494,0.0013937938,0.48859215,0.018702127,0.06340733,0.009319098,0.20019905,0.0018095549,"TWOGAUSSIANS_WITH_ELLIPSOIDAL_ON_ECLIPSE1",9,4.4495997,0.69689924,7.325071E-4,0.31209636,0.007805246,0.6152637,0.0050089145,0.20019905,0.0018095549,0.3854384,0.04252608,0.17780717,0.0043016723
375316653866487564,5875148024065722112,0.5340136,2169.0751676543164,0.3675876246462117,2.3110873E-5,19.240767,0.0052694273,0.27607638,0.006120807,0.032984544,0.0055663604,1.3515157,1.7599521,0.7761593,0.004502984,0.04433149,0.0070515405,0.20732474,0.04820615,null,null,null,null,"TWOGAUSSIANS",8,2.7190418,0.27607638,0.006120807,0.18471345,0.031171618,1.3515157,1.7599521,0.7761593,0.004502984,0.24825634,0.03948863,0.20732474,0.048206154
375316653866487564,5875148436368887552,0.5146859,2154.1620391189767,2.412294130786005,1.1378222E-5,18.375847,0.011547862,0.30973837,0.0010931941,0.04942819,0.0024847595,0.5171036,0.011899057,0.81241274,0.002211735,0.05465212,0.003997765,0.48411804,0.050862692,null,null,null,null,"TWOGAUSSIANS",8,10.425318,0.30973837,0.0010931941,0.27679786,0.013914654,0.517095,0.011897628,0.81241274,0.002211735,0.30605188,0.022387484,0.48410946,0.05086935
375316653866487564,5875148475039184512,0.52564466,2166.931617006688,3.4847469360721104,1.3010453E-5,18.953642,0.015138634,0.22515081,0.004054818,0.09207008,0.0063242624,0.35526025,0.015475085,0.72369856,0.005260078,0.085494146,0.006972404,0.32275295,0.019541014,null,null,null,null,"TWOGAUSSIANS",8,3.0692873,0.22515081,0.004054818,0.4,0.0,0.34268847,0.012041421,0.72369856,0.005260078,0.4,0.0,0.3101814,0.018728081
375316653866487564,5875148509441962880,0.57632065,2182.4950736580076,2.5979994438474323,8.3011355E-6,17.106329,0.0071059093,0.24608862,0.0017164345,0.04346897,0.008775516,0.14086103,0.013972165,0.75604653,0.0061762,0.0429049,0.007024341,0.13101858,0.023036843,0.10116192,0.010521289,0.24608862,0.0017164345,"TWOGAUSSIANS_WITH_ELLIPSOIDAL_ON_ECLIPSE1",9,11.63429,0.24608862,0.0017164345,0.24342623,0.049142893,0.34318477,0.013533955,0.75604653,0.0061762,0.24026743,0.03933631,0.33255133,0.019136759
375316653866487564,5875148543801715584,0.6087814,2183.3742767226727,1.2676653974768797,5.3892986E-6,15.474302,0.0072983378,0.23112291,0.0014208755,0.10529648,0.004706403,0.1378553,0.0069357012,0.7298453,0.0015538378,0.12266881,0.0061506387,0.12552018,0.0068848906,null,null,null,null,"TWOGAUSSIANS",8,3.4735136,0.23113291,0.0014263681,0.4,0.0,0.11466409,0.001409911,0.7298453,0.0015538378,0.4,0.0,0.10227046,0.00202422
375316653866487564,5875148681240857344,0.45784527,2189.0023751322556,0.040205015156478605,1.1754148E-5,16.351526,0.0026719049,0.230701,0.0047951574,0.027078526,0.006626408,0.23937462,0.3568197,0.55764693,5.0644745E-4,0.003985101,4.1073232E-4,0.14960763,0.010003446,null,null,null,null,"TWOGAUSSIANS",8,24.428534,0.230701,0.0047951574,0.15163974,0.037107885,0.23937462,0.3568197,0.55764693,5.0644745E-4,0.022316566,0.0023001009,0.14960763,0.010003446
375316653866487564,5875149295381090176,0.5570946,2164.2739726728164,3.584271901541038,2.8196751E-5,19.127548,0.0073219254,0.2792505,0.0033593827,0.05991926,0.004854256,0.6835791,0.06932426,0.7819682,0.0038551684,0.06955865,0.0042224377,0.53498286,0.009272905,null,null,null,null,"TWOGAUSSIANS",8,4.1601596,0.2792505,0.0033593827,0.33554786,0.027183833,0.6829432,0.06964326,0.7819682,0.0038551684,0.38952842,0.0192217,0.534347,0.009157657
375316653866487564,5875149535876623744,0.53388596,2184.1973747384886,2.484709357168081,1.4388408E-5,17.263437,0.017716838,0.1854443,0.0036468534,0.05434045,0.016056126,0.100572586,0.0436119,0.68579674,0.012393832,0.05956533,0.02191289,0.07203236,0.038454622,0.08141143,0.023067627,0.1854443,0.0036468534,"TWOGAUSSIANS_WITH_ELLIPSOIDAL_ON_ECLIPSE1",9,12.639763,0.1854443,0.0036468534,0.3043065,0.08991431,0.26338238,0.020717373,0.68579674,0.00966738,0.33356586,0.12271218,0.23484136,0.012355951
