Gaia/vari_eclipsing_binary/VariEclipsingBinary_754493-754778.csv
# %ECSV 1.0
# ---
# delimiter: ','
# meta: !!omap
# - RELEASE: Gaia DR3
# - TABLE: vari_eclipsing_binary
# - DESCRIPTION: >
#     This table describes the properties of the eclipsing binaries resulting from the variability analysis. 
# - CITATION: >
#     How to cite and acknowledge Gaia: 
#     https://gea.esac.esa.int/archive/documentation/credits.html 
# - KNOWN_ISSUES: >
#     Known issues: 
#     https://www.cosmos.esa.int/web/gaia-users/known-issues 
# - DOCUMENTATION: >
#     Tutorials and documentation: 
#     https://www.cosmos.esa.int/web/gaia-users/archive 
# datatype:
# - 
#   name: solution_id
#   datatype: int64
#   description: Solution Identifier
#   meta:
#     ucd: meta.version
# - 
#   name: source_id
#   datatype: int64
#   description: Unique source identifier
#   meta:
#     ucd: meta.id;meta.main
# - 
#   name: global_ranking
#   datatype: float32
#   description: Number between 0 (worst) and 1 (best)
#   meta:
#     ucd: stat.param
# - 
#   name: reference_time
#   datatype: float64
#   unit: d
#   description: Reference time used for the geometric model fit
#   meta:
#     ucd: time.epoch
# - 
#   name: frequency
#   datatype: float64
#   unit: d**-1
#   description: Frequency of geometric model of the eclipsing binary light curve
#   meta:
#     ucd: src.orbital
# - 
#   name: frequency_error
#   datatype: float32
#   unit: d**-1
#   description: "Uncertainty of \\texttt{frequency}"
#   meta:
#     ucd: stat.error
# - 
#   name: geom_model_reference_level
#   datatype: float32
#   unit: mag
#   description: Magnitude reference level of geometric model
#   meta:
#     ucd: phot.mag;em.opt
# - 
#   name: geom_model_reference_level_error
#   datatype: float32
#   unit: mag
#   description: "Uncertainty of \\texttt{geomModelReferenceLevel}"
#   meta:
#     ucd: stat.error;phot.mag;em.opt
# - 
#   name: geom_model_gaussian1_phase
#   datatype: float32
#   description: Phase of the Gaussian 1 component
#   meta:
#     ucd: time.phase
# - 
#   name: geom_model_gaussian1_phase_error
#   datatype: float32
#   description: "Uncertainty of \\texttt{geomModelGaussian1Phase}"
#   meta:
#     ucd: stat.error;time.phase
# - 
#   name: geom_model_gaussian1_sigma
#   datatype: float32
#   description: "Standard deviation [phase] of Gaussian 1 component"
#   meta:
#     ucd: stat.stdev
# - 
#   name: geom_model_gaussian1_sigma_error
#   datatype: float32
#   description: "Uncertainty of \\texttt{geomModelGaussian1Sigma}"
#   meta:
#     ucd: stat.error
# - 
#   name: geom_model_gaussian1_depth
#   datatype: float32
#   unit: mag
#   description: Magnitude depth of Gaussian 1 component
#   meta:
#     ucd: src.var.amplitude
# - 
#   name: geom_model_gaussian1_depth_error
#   datatype: float32
#   unit: mag
#   description: "Uncertainty of \\texttt{geomModelGaussian1Depth}"
#   meta:
#     ucd: stat.error;src.var.amplitude
# - 
#   name: geom_model_gaussian2_phase
#   datatype: float32
#   description: Phase of Gaussian 2 component
#   meta:
#     ucd: time.phase
# - 
#   name: geom_model_gaussian2_phase_error
#   datatype: float32
#   description: "Uncertainty of \\texttt{geomModelGaussian2Phase}"
#   meta:
#     ucd: stat.error;time.phase
# - 
#   name: geom_model_gaussian2_sigma
#   datatype: float32
[...]
#   datatype: float32
#   description: "Secondary eclipse: uncertainty of \\texttt{derivedSecondaryEclDuration}"
#   meta:
#     ucd: stat.error;time.duration
# - 
#   name: derived_secondary_ecl_depth
#   datatype: float32
#   unit: mag
#   description: "Secondary eclipse: depth"
#   meta:
#     ucd: src.var.amplitude
# - 
#   name: derived_secondary_ecl_depth_error
#   datatype: float32
#   unit: mag
#   description: "Secondary eclipse: uncertainty of \\texttt{derivedSecondaryEclDepth}"
#   meta:
#     ucd: stat.error;src.var.amplitude
solution_id,source_id,global_ranking,reference_time,frequency,frequency_error,geom_model_reference_level,geom_model_reference_level_error,geom_model_gaussian1_phase,geom_model_gaussian1_phase_error,geom_model_gaussian1_sigma,geom_model_gaussian1_sigma_error,geom_model_gaussian1_depth,geom_model_gaussian1_depth_error,geom_model_gaussian2_phase,geom_model_gaussian2_phase_error,geom_model_gaussian2_sigma,geom_model_gaussian2_sigma_error,geom_model_gaussian2_depth,geom_model_gaussian2_depth_error,geom_model_cosine_half_period_amplitude,geom_model_cosine_half_period_amplitude_error,geom_model_cosine_half_period_phase,geom_model_cosine_half_period_phase_error,model_type,num_model_parameters,reduced_chi2,derived_primary_ecl_phase,derived_primary_ecl_phase_error,derived_primary_ecl_duration,derived_primary_ecl_duration_error,derived_primary_ecl_depth,derived_primary_ecl_depth_error,derived_secondary_ecl_phase,derived_secondary_ecl_phase_error,derived_secondary_ecl_duration,derived_secondary_ecl_duration_error,derived_secondary_ecl_depth,derived_secondary_ecl_depth_error
[from data line 37]
375316653866487564,6636892639001131648,0.55330354,2204.068593287253,2.371216708862039,3.9392737E-5,19.468294,0.009466411,0.2940375,0.008080659,0.019694526,0.0032607971,0.8837966,0.29108876,0.7628819,0.04441643,0.06305008,0.028188247,0.46921006,0.63691616,null,null,null,null,"TWOGAUSSIANS",8,2.8792067,0.2940375,0.008080659,0.11028934,0.018260464,0.8837966,0.29108876,0.7628819,0.04441643,0.35308045,0.1398663,0.46921006,0.6369163
375316653866487564,6636900301224766464,0.56312686,2246.6005452502495,4.313257991273385,6.2679783E-6,18.748215,0.0035602034,0.25740975,0.002455018,0.04016985,0.0087694805,0.09982739,0.020405594,0.75804555,0.026219634,0.028030083,0.016828416,0.07645345,0.033072785,0.11319508,0.0069449535,0.25740975,0.002455018,"TWOGAUSSIANS_WITH_ELLIPSOIDAL_ON_ECLIPSE1",9,1.7822297,0.25740975,0.002455018,0.22495116,0.049109094,0.32621744,0.018834544,0.75804555,0.020089604,0.15696846,0.09423912,0.3028399,0.025795108
375316653866487564,6636901465162195840,0.4824069,2214.1688506964015,0.35420680774918073,8.501657E-5,19.58068,0.003883317,0.18377422,0.0056204195,0.022138743,0.0034480118,0.33531964,0.04600947,0.7067707,0.023544356,0.015209294,0.014045264,0.22195727,10475.925,null,null,null,null,"TWOGAUSSIANS",8,1.2761929,0.18377422,0.0056204195,0.12397695,0.019308865,0.33531964,0.04600947,0.7067707,0.023544356,0.08517205,0.07865348,0.22195727,10475.925
375316653866487564,6636907138812717952,0.51724327,2238.218237483278,2.158688494628111,7.214839E-6,15.487491,0.00230824,0.3526941,0.0103917,0.043728463,0.0071103047,0.11131205,0.038121432,0.8897773,3.393524E-4,0.010891761,4.923874E-4,0.7473689,0.1093184,null,null,null,null,"TWOGAUSSIANS",8,55.589443,0.8897773,3.393524E-4,0.06099386,0.0027573693,0.7473689,0.1093184,0.3526941,0.0103917,0.2448794,0.039817706,0.11131205,0.038121432
375316653866487564,6636915213351174400,0.5946069,2163.1014376019566,4.2035203101226,5.2590963E-6,14.7466955,0.009355729,0.2517905,0.0015597501,0.09012983,0.0048569343,0.30702445,0.007534357,0.7518292,0.0035702286,0.096991345,0.0072051156,0.28985396,0.018630778,null,null,null,null,"TWOGAUSSIANS",8,68.179306,0.2517905,0.0015597501,0.4,0.0,0.2902701,0.0064295093,0.7518292,0.0035702286,0.4,0.0,0.27309874,0.021763226
375316653866487564,6636922841213226496,0.564741,2214.5309841049393,2.181333335400655,6.1322157E-6,16.062468,0.006269856,0.22632357,0.045442056,0.008467462,0.017226968,0.023533182,0.24587016,0.63314223,0.0017053483,0.036703385,0.001648647,0.50590014,0.019624079,null,null,null,null,"TWOGAUSSIANS",8,75.33867,0.63314223,0.0017053483,0.20553896,0.009232423,0.50590014,0.019624079,0.22632357,0.045442056,0.047417786,0.09647103,0.023533182,0.24587016
375316653866487564,6636934351725405568,0.54360133,2194.760104838188,4.022511926277155,1.5985494E-5,17.287617,0.013456904,0.25095978,0.003714728,0.07357123,0.006012403,0.45513618,0.016355874,0.760935,0.01092757,0.072945155,0.012864484,0.3612294,0.05167566,null,null,null,null,"TWOGAUSSIANS",8,40.299145,0.25095978,0.003714728,0.4,0.0,0.45323855,0.016148131,0.760935,0.01092757,0.4,0.040849093,0.35933176,0.052560326
375316653866487564,6636938951633494272,0.5651106,2179.899450245417,3.9410679766851064,6.3265925E-6,19.272753,0.016460847,0.18036288,0.0025679066,0.07008762,0.0046167695,0.5750179,0.03720761,0.6771281,0.0026147636,0.06828252,0.0046088896,0.5250026,0.017648976,null,null,null,null,"TWOGAUSSIANS",8,1.9922217,0.18036288,0.0025679066,0.39249066,0.025166176,0.57354224,0.03729401,0.6771281,0.0026147636,0.38238215,0.025809782,0.5235269,0.017387092
375316653866487564,6636942357545070720,0.54375136,2249.0401386728167,0.5269631529637873,4.734648E-5,18.269825,0.0021212609,0.4192396,0.0043660947,0.025584765,0.0033768113,0.3672085,0.16962591,0.76856536,0.022729924,0.05882515,0.012532198,0.029744606,0.0070688454,null,null,null,null,"TWOGAUSSIANS",8,1.5022826,0.4192396,0.0043660947,0.14327468,0.018910144,0.3672085,0.16962591,0.76856536,0.022729924,0.32942083,0.070180304,0.029744606,0.0070688454
375316653866487564,6636960740005074176,0.5164772,2235.6910823497537,2.8789629167479807,2.5330839E-5,16.398148,0.033019356,0.29755577,0.0043121846,0.06847227,0.0071182325,0.49131918,0.03576528,0.7882486,0.01411574,0.075240366,0.018820021,0.43853676,0.028615762,null,null,null,null,"TWOGAUSSIANS",8,202.89348,0.29755577,0.0043121846,0.38344473,0.037560176,0.4895865,0.034221176,0.7882486,0.01411574,0.4,0.0020930977,0.43680406,0.027134618
375316653866487564,6636964858877130624,0.6152057,2210.481707740403,2.8483649356094287,4.8640536E-6,17.356949,0.039912533,0.25547573,0.0023152556,0.060166754,0.0081412075,0.27211335,0.08669134,0.7590342,0.004730696,0.048528973,0.015188374,0.26715484,0.07426948,0.1321204,0.046155803,0.25547573,0.0023152556,"TWOGAUSSIANS_WITH_ELLIPSOIDAL_ON_ECLIPSE1",9,9.890527,0.25547573,0.0023152556,0.33693382,0.045590762,0.5363054,0.017474897,0.7590342,0.004730696,0.27176225,0.0850549,0.53121483,0.027787292
375316653866487564,6636999085473366784,0.59058493,2200.091948877543,0.836864449437631,8.353228E-6,8.1343775,0.0034346632,0.36034048,6.5837085E-4,0.0382199,0.0012779852,0.2857934,0.0074203126,0.8522419,0.004534291,0.03257911,0.0060167597,0.046981376,0.00784162,0.018190378,0.004747701,0.36034048,6.5837085E-4,"TWOGAUSSIANS_WITH_ELLIPSOIDAL_ON_ECLIPSE1",9,22.587814,0.36034048,6.5837085E-4,0.21403143,0.007156717,0.3221741,0.00465932,0.8527319,0.0042043817,0.18244302,0.033693854,0.083273664,0.0052717538
375316653866487564,6637001387575870464,0.6426417,2211.931797235912,2.9036281613834594,3.352236E-6,15.5208435,0.0056253173,0.20070383,0.0011183501,0.087107435,0.0024666209,0.2382181,0.005484955,0.6947534,0.0023593546,0.09120385,0.0035469537,0.22567235,0.006054317,null,null,null,null,"TWOGAUSSIANS",8,7.4275627,0.20070383,0.0011183501,0.4,0.0,0.22994803,0.0038514715,0.6947534,0.0023593546,0.4,0.0,0.21740218,0.0046454812
375316653866487564,6637008190803917952,0.55138344,2225.2961524785405,1.9548258502757343,1.01121595E-5,15.82478,0.0012457443,0.24187882,0.0030681582,0.059892595,0.0034354774,0.06785541,0.0037321006,0.74965096,0.009707384,0.05363598,0.007409545,0.06988213,0.0071609006,null,null,null,null,"TWOGAUSSIANS",8,3.262362,0.74965096,0.009707384,0.3003615,0.041493453,0.0698759,0.0071622794,0.24187882,0.0030681582,0.33539852,0.019238673,0.06784919,0.0037347572
375316653866487564,6637011691200873600,0.585488,2205.2070756270823,2.2743591093109816,7.01896E-6,15.517854,0.008532721,0.29531214,0.0028497817,0.10469951,0.00805391,0.18986881,0.008166386,0.7945518,0.0020781767,0.094605915,0.004093903,0.26078984,0.0084305005,null,null,null,null,"TWOGAUSSIANS",8,16.214895,0.7945518,0.0020781767,0.4,0.0,0.2420972,0.003422066,0.29531214,0.0028497817,0.4,0.0,0.17117235,0.010082967
375316653866487564,6637031929084432000,0.51488876,2205.7567618618828,0.1957904378660008,3.2474192E-5,18.924467,0.004678396,0.29365093,0.06398346,0.022723649,0.024547767,1.3137349,5.109412,0.74249965,0.03238669,0.11905447,0.06614529,0.037150975,0.050952606,null,null,null,null,"TWOGAUSSIANS",8,1.7861646,0.29365093,0.06398346,0.12725243,0.13746749,1.3137174,5.109473,0.74249965,0.03238669,0.4,0.06353553,0.03710227,0.051074717
375316653866487564,6637038015056991744,0.5723885,2220.370546427961,3.0713051501425386,7.2481917E-6,17.242346,0.047888055,0.33570156,0.009186782,0.058655765,0.008765021,0.19080508,0.09496775,0.8211971,0.009078691,0.04983888,0.027633185,0.12884903,0.09432704,0.059993524,0.054152455,0.33570156,0.009186782,"TWOGAUSSIANS_WITH_ELLIPSOIDAL_ON_ECLIPSE1",9,11.754738,0.33570156,0.009186782,0.3284723,0.04908412,0.3107695,0.026702134,0.8234271,0.0076091727,0.27909774,0.13563862,0.24797226,0.01919682
375316653866487564,6637043478254572032,0.59900355,2150.881359541088,3.1934017513564643,5.477923E-6,13.885895,0.007096981,0.2585688,0.004536444,0.041981276,0.010597415,0.17969745,0.086449325,0.74320513,0.0021261072,0.045068108,0.0031098563,0.29994497,0.024175184,0.10718473,0.010994335,0.2585688,0.004536444,"TWOGAUSSIANS_WITH_ELLIPSOIDAL_ON_ECLIPSE1",9,261.7971,0.7447751,0.001980409,0.2523814,0.017415196,0.51252586,0.016726615,0.2585688,0.004536444,0.23509514,0.059345525,0.39406648,0.088909276
375316653866487564,6637043680117763712,0.5459652,2203.1715945492583,2.3713434221347938,1.5583488E-5,18.16555,0.002771855,0.33454812,0.004165299,0.06080205,0.043219235,0.013275802,0.007408743,null,null,null,null,null,null,0.108425625,0.0030878047,0.33454812,0.004165299,"ONEGAUSSIAN_WITH_ELLIPSOIDAL",6,3.8207283,0.33454812,0.004165299,0.34049147,0.20782977,0.23012422,0.009855181,null,null,null,null,null,null
375316653866487564,6637044543406504448,0.4498078,2187.2114275444455,0.3877092826974048,2.1305592E-5,13.086566,0.0019233299,0.77061665,0.0064161094,0.015763829,0.011432029,0.05850178,0.013799978,null,null,null,null,null,null,0.015195783,0.0025062375,0.77061665,0.0064161094,"ONEGAUSSIAN_WITH_ELLIPSOIDAL",6,78.84581,0.77061665,0.0064161094,0.088277444,0.06401937,0.08889333,0.014681499,null,null,null,null,null,null
375316653866487564,6637047326545307008,0.6381364,2163.3794671053433,3.35787809553778,5.51816E-6,16.304607,0.03564964,0.27994943,0.0014208418,0.048673417,0.010901983,0.4709569,0.050725307,0.7800333,0.0055541797,0.042560104,0.007705785,0.41074243,0.08712498,0.13461342,0.04245886,0.27994943,0.0014208418,"TWOGAUSSIANS_WITH_ELLIPSOIDAL_ON_ECLIPSE1",9,40.111507,0.27994943,0.0014208418,0.27257112,0.061051104,0.74018276,0.040552612,0.7800333,0.0051443535,0.2383366,0.043152396,0.67996824,0.015596931
375316653866487564,6637047704502410368,0.49050555,2157.4011246419827,3.633770332723904,1.6954447E-5,19.013105,0.19893093,0.21656312,0.007525313,0.14235084,0.06531054,0.2756897,0.19045974,0.7041772,0.00611784,0.100881845,0.023465253,0.41439852,0.16072749,null,null,null,null,"TWOGAUSSIANS",8,4.273491,0.7041772,0.00611784,0.4,0.0,0.34695956,0.032888737,0.21657312,0.0075128684,0.4,0.0,0.20705087,0.021767806
375316653866487564,6637060211447216256,0.4405369,2164.4392316174612,1.2106278922388438,3.1569816E-5,17.203981,0.006273521,0.21124524,0.0032163984,0.010070207,0.0047605853,0.052972097,0.13987528,0.7751767,0.013269989,0.025517248,0.011726062,0.3751949,0.1862073,0.013580131,0.0077190986,0.21124524,0.0032163984,"TWOGAUSSIANS_WITH_ELLIPSOIDAL_ON_ECLIPSE1",9,45.761143,0.7751767,0.013269989,0.14289658,0.065665945,0.3982033,0.18606363,0.21124524,0.0032163984,0.056393158,0.026659276,0.08013231,0.14113261
375316653866487564,6637061993858570880,0.4551244,2161.8361022350273,1.2547760008313185,2.5689862E-5,19.039165,0.0042580757,0.16689962,0.011944635,0.034136754,0.012036839,0.033098895,0.03593423,0.8546802,4.3368186E-6,5.459999E-4,1.575045E-5,0.31501484,0.00230889,null,null,null,null,"TWOGAUSSIANS",8,2.0522728,0.8546802,4.3368186E-6,0.0030575995,8.820252E-5,0.31501484,0.00230889,0.16689962,0.011944635,0.19116583,0.0674063,0.033098895,0.03593423
375316653866487564,6637066086962542848,0.5394944,2262.7841991092737,3.412801036983722,1.8004524E-5,19.044106,0.010938316,0.24285316,0.0013698447,0.046431374,0.0032303631,0.59500426,0.016928338,0.75339127,0.0118626105,0.04633884,0.0069415043,0.36320764,0.08243551,null,null,null,null,"TWOGAUSSIANS",8,3.8892896,0.24285316,0.0013698447,0.2600157,0.018090034,0.595004,0.016928438,0.75339127,0.0118626105,0.25949752,0.038872425,0.3632074,0.082435854
375316653866487564,6637074608177806720,0.48567656,2250.219143672629,1.3794632228176669,5.8195794E-5,18.93041,0.0132882735,0.2159163,0.04536322,0.08116038,0.031803016,0.08511839,0.04981853,0.70180345,0.0023204098,0.04588935,0.0037559802,0.2927143,0.015616105,null,null,null,null,"TWOGAUSSIANS",8,7.9376707,0.70180345,0.0023204098,0.25698036,0.02103349,0.2926448,0.015573584,0.2159163,0.04536322,0.4,0.10482911,0.0850489,0.04985737
375316653866487564,6637092986341656704,0.49439758,2232.7585920059964,0.6551506700997781,7.893222E-5,19.23392,0.0033322477,0.3594033,0.006293167,0.042940132,0.004295586,0.29357344,0.072153546,null,null,null,null,null,null,null,null,null,null,"ONEGAUSSIAN",5,0.8496763,0.3594033,0.006293167,0.24046473,0.024055282,0.29357344,0.0,null,null,null,null,null,null
375316653866487564,6637099171098979456,0.5215579,2231.8310615276096,4.4327265737648665,2.5747411E-5,19.423882,0.016702043,0.29910463,0.0098805325,0.092892535,0.011679543,0.28055942,0.027333306,0.79970896,0.005792475,0.07767981,0.010327399,0.21364519,0.014160423,null,null,null,null,"TWOGAUSSIANS",8,1.9599433,0.29910463,0.0098805325,0.4,0.0,0.2739062,0.026041273,0.79970896,0.005792475,0.4,0.0,0.20699225,0.010298391
375316653866487564,6637101340054248448,0.56392676,2276.861345738362,3.672806616458051,1.302996E-5,18.023678,0.013448173,0.21330556,0.0039997417,0.09003178,0.006675813,0.2943077,0.015568061,0.7354941,0.0061543803,0.097504504,0.010654618,0.24642162,0.014378946,null,null,null,null,"TWOGAUSSIANS",8,3.69448,0.21330556,0.0039997417,0.4,0.0,0.28320992,0.014143976,0.7354941,0.0061543803,0.4,0.0,0.23532243,0.013009133
375316653866487564,6637118412547849984,0.43652603,2178.4513849154255,2.7934793471392556,6.529868E-5,18.883352,0.011599681,0.2960012,0.02482236,0.06774978,0.016546467,0.07196586,0.046697482,0.7890001,0.016964093,0.02558595,0.0059183035,0.07655934,0.03108885,0.031110993,0.02028644,0.7890001,0.016964093,"TWOGAUSSIANS_WITH_ELLIPSOIDAL_ON_ECLIPSE2",9,6.0534945,0.7890001,0.016964093,0.14328131,0.0331425,0.13872789,0.024841262,0.2943312,0.013172359,0.3793988,0.072338216,0.13404275,0.035577968
375316653866487564,6637124979554674176,0.619542,2180.2651492233194,3.36165061478822,5.6735084E-6,14.583388,0.005409751,0.31955796,0.018320508,0.048131067,0.022743043,0.09288953,0.08415049,0.8102136,0.0014360092,0.040965553,0.006203975,0.12218416,0.011543602,0.10091361,0.0076969387,0.8102136,0.0014360092,"TWOGAUSSIANS_WITH_ELLIPSOIDAL_ON_ECLIPSE2",9,51.298546,0.8102136,0.0014360092,0.22940709,0.03474226,0.32401115,0.010939774,0.31689796,0.014804592,0.26953396,0.12736103,0.29421896,0.08898382
375316653866487564,6637136279610049920,0.5248847,2250.2021545502857,3.709499991325035,1.2744533E-5,18.252684,0.017320119,0.12474581,0.0041200495,0.09192258,0.009060724,0.24662954,0.015302707,0.6133915,0.010015456,0.103664115,0.015133274,0.20680879,0.017211635,null,null,null,null,"TWOGAUSSIANS",8,2.9260209,0.12474581,0.0041135717,0.4,0.0,0.2319561,0.007479733,0.6133915,0.010015456,0.4,0.0,0.1921314,0.011001024
375316653866487564,6637139646864686848,0.46709573,2231.026740691879,2.5789983230026894,5.8194437E-5,19.47671,0.010698285,0.30116248,0.016349573,0.06490607,0.021996755,0.14692202,0.019270185,0.79298943,0.0038170128,0.03816886,0.005080495,0.21772432,0.03216193,null,null,null,null,"TWOGAUSSIANS",8,2.4821794,0.79298943,0.0038170128,0.21374561,0.028450772,0.2177226,0.032161728,0.30116248,0.016349573,0.36347398,0.11988813,0.1469203,0.019269357
375316653866487564,6637139719882294272,0.51296407,2179.8743940247123,1.1599807376333606,2.6510254E-5,18.559168,0.008997864,0.26022846,0.0016974017,0.028068163,0.0016645998,0.5612568,0.068357915,0.55029213,0.07138124,0.06435159,0.06157906,0.04571815,0.0594066,null,null,null,null,"TWOGAUSSIANS",8,9.244055,0.26022846,0.0016974017,0.15718171,0.0093217585,0.5612586,0.06835657,0.55029213,0.07138124,0.36036888,0.31345633,0.04571815,0.0594066
375316653866487564,6637142880978246784,0.5834604,2221.111209277621,2.3870209893784353,9.718634E-6,13.262601,0.019707346,0.2154456,0.0042251167,0.05213762,0.005981345,0.6707142,0.08060913,0.72040427,0.0030949845,0.047897883,0.0082988,0.25745648,0.0382636,0.011502268,0.025890013,0.72040427,0.0030949845,"TWOGAUSSIANS_WITH_ELLIPSOIDAL_ON_ECLIPSE2",9,669.0872,0.21548559,0.0042009386,0.29197067,0.03349553,0.69369197,0.08079785,0.72040427,0.0030949845,0.26822814,0.04647328,0.28045642,0.020495715
