Gaia/vari_eclipsing_binary/VariEclipsingBinary_249316-249570.csv
# %ECSV 1.0
# ---
# delimiter: ','
# meta: !!omap
# - RELEASE: Gaia DR3
# - TABLE: vari_eclipsing_binary
# - DESCRIPTION: >
#     This table describes the properties of the eclipsing binaries resulting from the variability analysis. 
# - CITATION: >
#     How to cite and acknowledge Gaia: 
#     https://gea.esac.esa.int/archive/documentation/credits.html 
# - KNOWN_ISSUES: >
#     Known issues: 
#     https://www.cosmos.esa.int/web/gaia-users/known-issues 
# - DOCUMENTATION: >
#     Tutorials and documentation: 
#     https://www.cosmos.esa.int/web/gaia-users/archive 
# datatype:
# - 
#   name: solution_id
#   datatype: int64
#   description: Solution Identifier
#   meta:
#     ucd: meta.version
# - 
#   name: source_id
#   datatype: int64
#   description: Unique source identifier
#   meta:
#     ucd: meta.id;meta.main
# - 
#   name: global_ranking
#   datatype: float32
#   description: Number between 0 (worst) and 1 (best)
#   meta:
#     ucd: stat.param
# - 
#   name: reference_time
#   datatype: float64
#   unit: d
#   description: Reference time used for the geometric model fit
#   meta:
#     ucd: time.epoch
# - 
#   name: frequency
#   datatype: float64
#   unit: d**-1
#   description: Frequency of geometric model of the eclipsing binary light curve
#   meta:
#     ucd: src.orbital
# - 
#   name: frequency_error
#   datatype: float32
#   unit: d**-1
#   description: "Uncertainty of \\texttt{frequency}"
#   meta:
#     ucd: stat.error
# - 
#   name: geom_model_reference_level
#   datatype: float32
#   unit: mag
#   description: Magnitude reference level of geometric model
#   meta:
#     ucd: phot.mag;em.opt
# - 
#   name: geom_model_reference_level_error
#   datatype: float32
#   unit: mag
#   description: "Uncertainty of \\texttt{geomModelReferenceLevel}"
#   meta:
#     ucd: stat.error;phot.mag;em.opt
# - 
#   name: geom_model_gaussian1_phase
#   datatype: float32
#   description: Phase of the Gaussian 1 component
#   meta:
#     ucd: time.phase
# - 
#   name: geom_model_gaussian1_phase_error
#   datatype: float32
#   description: "Uncertainty of \\texttt{geomModelGaussian1Phase}"
#   meta:
#     ucd: stat.error;time.phase
# - 
#   name: geom_model_gaussian1_sigma
#   datatype: float32
#   description: "Standard deviation [phase] of Gaussian 1 component"
#   meta:
#     ucd: stat.stdev
# - 
#   name: geom_model_gaussian1_sigma_error
#   datatype: float32
#   description: "Uncertainty of \\texttt{geomModelGaussian1Sigma}"
#   meta:
#     ucd: stat.error
# - 
#   name: geom_model_gaussian1_depth
#   datatype: float32
#   unit: mag
#   description: Magnitude depth of Gaussian 1 component
#   meta:
#     ucd: src.var.amplitude
# - 
#   name: geom_model_gaussian1_depth_error
#   datatype: float32
#   unit: mag
#   description: "Uncertainty of \\texttt{geomModelGaussian1Depth}"
#   meta:
#     ucd: stat.error;src.var.amplitude
# - 
#   name: geom_model_gaussian2_phase
#   datatype: float32
#   description: Phase of Gaussian 2 component
#   meta:
#     ucd: time.phase
# - 
#   name: geom_model_gaussian2_phase_error
#   datatype: float32
#   description: "Uncertainty of \\texttt{geomModelGaussian2Phase}"
#   meta:
#     ucd: stat.error;time.phase
# - 
#   name: geom_model_gaussian2_sigma
#   datatype: float32
[...]
#   datatype: float32
#   description: "Secondary eclipse: uncertainty of \\texttt{derivedSecondaryEclDuration}"
#   meta:
#     ucd: stat.error;time.duration
# - 
#   name: derived_secondary_ecl_depth
#   datatype: float32
#   unit: mag
#   description: "Secondary eclipse: depth"
#   meta:
#     ucd: src.var.amplitude
# - 
#   name: derived_secondary_ecl_depth_error
#   datatype: float32
#   unit: mag
#   description: "Secondary eclipse: uncertainty of \\texttt{derivedSecondaryEclDepth}"
#   meta:
#     ucd: stat.error;src.var.amplitude
solution_id,source_id,global_ranking,reference_time,frequency,frequency_error,geom_model_reference_level,geom_model_reference_level_error,geom_model_gaussian1_phase,geom_model_gaussian1_phase_error,geom_model_gaussian1_sigma,geom_model_gaussian1_sigma_error,geom_model_gaussian1_depth,geom_model_gaussian1_depth_error,geom_model_gaussian2_phase,geom_model_gaussian2_phase_error,geom_model_gaussian2_sigma,geom_model_gaussian2_sigma_error,geom_model_gaussian2_depth,geom_model_gaussian2_depth_error,geom_model_cosine_half_period_amplitude,geom_model_cosine_half_period_amplitude_error,geom_model_cosine_half_period_phase,geom_model_cosine_half_period_phase_error,model_type,num_model_parameters,reduced_chi2,derived_primary_ecl_phase,derived_primary_ecl_phase_error,derived_primary_ecl_duration,derived_primary_ecl_duration_error,derived_primary_ecl_depth,derived_primary_ecl_depth_error,derived_secondary_ecl_phase,derived_secondary_ecl_phase_error,derived_secondary_ecl_duration,derived_secondary_ecl_duration_error,derived_secondary_ecl_depth,derived_secondary_ecl_depth_error
[from data line 644]
375316653866487564,2194912078498021120,0.44707066,2064.2220173156443,0.40119896166851293,1.3300127E-5,18.152847,0.0042879754,0.27995196,0.0033415281,0.003703183,0.0011108286,0.40822473,0.2723711,0.73633397,0.010199,0.050341845,0.009959652,0.047248177,0.008194209,null,null,null,null,"TWOGAUSSIANS",8,7.2845078,0.27995196,0.0033415281,0.020737825,0.00622064,0.40822473,0.2723711,0.73633397,0.010199,0.28191432,0.05577405,0.047248177,0.008194209
375316653866487564,2194915965447644544,0.489188,2025.8811767648783,2.7577801715719388,1.2596239E-5,16.669569,0.0048234966,0.24732995,0.0011268049,0.007053249,0.0014896914,0.09936795,0.021863775,0.7347342,0.004758299,0.041739985,0.034318756,0.014519871,0.023483856,0.11011937,0.0060461755,0.7347342,0.004758299,"TWOGAUSSIANS_WITH_ELLIPSOIDAL_ON_ECLIPSE2",9,81.30604,0.24721995,0.001103241,0.039498195,0.008342273,0.3182414,0.021871703,0.7347342,0.004758299,0.23374392,0.19218504,0.23475806,0.021467986
375316653866487564,2194926651326155904,0.5744492,2046.5761722831232,2.332006195063064,5.565931E-6,18.502844,0.005667828,0.12921025,0.003416396,0.06965011,0.0032395944,0.513798,0.030644469,0.63192195,0.0025765542,0.08369398,0.0046340646,0.2553841,0.0071613756,null,null,null,null,"TWOGAUSSIANS",8,2.144208,0.12921025,0.003416396,0.39004064,0.016222844,0.51058936,0.03147837,0.63192195,0.0025765542,0.4,0.0,0.25217545,0.0070603644
375316653866487564,2194926818826853376,0.5239749,2055.7089513579945,3.327304189151544,5.6748636E-6,19.65505,0.016705912,0.2998111,0.0026397442,0.063506216,0.00460202,0.7072338,0.022746364,0.80459917,0.003299864,0.061842833,0.003911376,0.6465318,0.03267385,null,null,null,null,"TWOGAUSSIANS",8,2.684884,0.2998111,0.0026397442,0.3556348,0.025771312,0.70682645,0.02272698,0.80459917,0.003299864,0.34631985,0.021903705,0.6461244,0.03257679
375316653866487564,2194935894096108416,0.5631378,2066.924702943616,3.528713025133896,1.0492901E-5,15.90757,0.01330727,0.2287767,0.0023930506,0.092043385,0.0051242523,0.3106637,0.013706871,0.7200397,0.0032813107,0.09043994,0.008307598,0.36242393,0.017631644,null,null,null,null,"TWOGAUSSIANS",8,54.623566,0.7200397,0.0032813107,0.4,0.0,0.34866568,0.021369122,0.2287767,0.0023930506,0.4,0.0,0.2969054,0.011472795
375316653866487564,2194942869121878656,0.5521444,2023.9031133310282,2.3314418590112003,4.710623E-6,18.552637,0.010166795,0.28108746,9.5367455E-4,0.03124677,0.0013631256,0.6906344,0.027966458,0.779267,0.0021551445,0.03323019,0.0022108087,0.6351216,0.040298585,0.046231948,0.015251733,0.28108746,9.5367455E-4,"TWOGAUSSIANS_WITH_ELLIPSOIDAL_ON_ECLIPSE1",9,10.840898,0.28108746,9.5367455E-4,0.17498192,0.0076335035,0.78309834,0.025026314,0.77928704,0.0021328947,0.18608907,0.012380529,0.7275735,0.038201462
375316653866487564,2194948332320265984,0.55427563,2047.3237012777984,3.1654718262960446,6.7582073E-6,17.581118,0.020441094,0.29041094,0.0046967925,0.05527399,0.008803324,0.4243332,0.06482815,0.79873586,0.002538543,0.04565919,0.0057428777,0.36940432,0.050617766,0.09929404,0.03033283,0.79873586,0.002538543,"TWOGAUSSIANS_WITH_ELLIPSOIDAL_ON_ECLIPSE2",9,24.295614,0.29125094,0.004071099,0.30953434,0.04929861,0.6224252,0.069097966,0.79873586,0.002538543,0.25569144,0.032160114,0.5679842,0.033633005
375316653866487564,2194963141367562496,0.69045293,2058.243672247609,0.8648641937889446,9.971009E-7,14.518228,9.1362844E-4,0.2797152,0.0032371755,0.022643605,0.0024413418,0.15931913,0.025200834,0.7798354,2.8255608E-4,0.023052217,4.1741863E-4,0.46883035,0.0038118272,0.0028264814,0.0017176233,0.2797152,0.0032371755,"TWOGAUSSIANS_WITH_ELLIPSOIDAL_ON_ECLIPSE1",9,15.444814,0.7798354,2.8255608E-4,0.12909243,0.0023375445,0.47448328,0.0031999443,0.2797152,0.0032371755,0.12680419,0.013671514,0.1649721,0.025305059
375316653866487564,2194963721185061248,0.5375758,2066.816915312146,1.7749249736001813,5.597582E-6,18.700165,0.0049036145,0.24344203,0.005508067,0.08589668,0.0068608336,0.17811815,0.016937498,0.7414928,0.0017489122,0.057413224,0.0017239116,0.2942018,0.009469676,null,null,null,null,"TWOGAUSSIANS",8,1.6761137,0.7414928,0.0017489122,0.32151407,0.0096539045,0.2932839,0.009255532,0.24344203,0.005508067,0.4,0.0,0.17720026,0.017213693
375316653866487564,2194965679690128896,0.6517113,2088.7293273504692,3.9351893522014754,1.7840825E-6,16.702805,0.013858189,0.22128168,0.0017404769,0.04902086,0.0040503475,0.3357915,0.0347916,0.7231899,8.7042106E-4,0.050208844,0.0030295851,0.4616131,0.030008094,0.10896118,0.020296767,0.22128168,0.0017404769,"TWOGAUSSIANS_WITH_ELLIPSOIDAL_ON_ECLIPSE1",9,16.173542,0.7231899,8.7042106E-4,0.28116953,0.016965676,0.6795015,0.013922986,0.22128168,0.0017404769,0.27451682,0.022681946,0.55371124,0.017879575
375316653866487564,2194971177248601472,0.55668324,2045.5020022559268,3.2661175444583823,9.157219E-6,17.587774,0.012291388,0.26389223,0.0028778748,0.048117526,0.0071258172,0.13796127,0.034283344,0.74977803,0.0066772103,0.05104732,0.007018985,0.2835151,0.03980083,0.12233647,0.021340594,0.26389223,0.0028778748,"TWOGAUSSIANS_WITH_ELLIPSOIDAL_ON_ECLIPSE1",9,18.580612,0.75189805,0.005537828,0.285865,0.039306317,0.5265559,0.023679854,0.26389223,0.0028778748,0.26945814,0.039904576,0.38263345,0.013504594
375316653866487564,2194979801542812416,0.5425623,2033.6879652234907,2.772074715578889,7.649619E-6,18.623617,0.009110431,0.25898898,0.00348287,0.07941515,0.0058252513,0.2529229,0.010605405,0.7624953,0.0021972382,0.07980487,0.0038536172,0.28128892,0.012988925,null,null,null,null,"TWOGAUSSIANS",8,2.0072231,0.7624953,0.0021972382,0.4,0.0,0.27769506,0.012647006,0.25898898,0.00348287,0.4,0.0,0.24932905,0.010433326
375316653866487564,2194983031358381440,0.5041787,2037.406045374526,2.734820341110895,7.3092438E-6,18.839304,0.053545415,0.3163061,0.0061084675,0.11632403,0.021262944,0.29290986,0.0506003,0.79898566,0.0027778125,0.10693161,0.01934128,0.25380984,0.048312627,null,null,null,null,"TWOGAUSSIANS",8,2.1827717,0.31631613,0.0061255028,0.4,0.0,0.2556298,0.022355609,0.79898566,0.0027778125,0.4,0.0,0.21658641,0.017859926
375316653866487564,2194983207455198464,0.4559981,2054.925160876537,0.31261066107496416,1.8957748E-5,16.62505,0.013833413,0.24487604,0.00727161,0.085824095,0.025523704,0.076470226,0.011461203,0.74972624,0.006379497,0.113139465,0.026540121,0.066964574,0.011652002,null,null,null,null,"TWOGAUSSIANS",8,8.69956,0.24486603,0.0072646434,0.4,0.0,0.070881024,0.014983542,0.74972624,0.006379497,0.4,0.0,0.061367556,0.0067331395
375316653866487564,2194991037177850496,0.487935,2031.5626555039032,2.086693722522659,8.869117E-6,18.162325,0.12813444,0.38284373,0.017476862,0.25800717,0.1321234,0.11639289,0.11998573,0.74748164,0.0017379986,0.0065748077,0.0026941323,0.47291905,0.26671833,null,null,null,null,"TWOGAUSSIANS",8,6.543313,0.74748164,0.0017379986,0.03681892,0.015087141,0.48580596,0.26686847,0.38284373,0.017476862,0.4,0.0,0.08092072,0.0077995704
375316653866487564,2194996500376117248,0.65300184,2016.8771295672734,3.055283631557966,2.2487661E-6,17.533241,0.012231151,0.2672158,6.850913E-4,0.04530447,0.0024982824,0.3454148,0.023660725,0.7694629,0.0018072067,0.050025586,0.0031084453,0.48489332,0.030003922,0.1132757,0.014502289,0.2672158,6.850913E-4,"TWOGAUSSIANS_WITH_ELLIPSOIDAL_ON_ECLIPSE1",9,6.3374443,0.7694629,0.0018072067,0.2801433,0.017407294,0.7113972,0.019794982,0.2672158,6.850913E-4,0.25370502,0.013990382,0.5719638,0.006754251
375316653866487564,2195004300037044992,0.51639056,2036.8556616314625,1.8875223041798126,1.5863177E-5,17.08807,0.0036152361,0.24207802,0.011539962,0.0950268,0.011598209,0.040579874,0.004527903,0.7381332,0.0032351094,0.06419393,0.0056717945,0.09944948,0.0057535283,null,null,null,null,"TWOGAUSSIANS",8,3.9209735,0.7381332,0.0032351094,0.35948598,0.03176205,0.09870226,0.005768768,0.24207802,0.011539962,0.4,0.0,0.039832573,0.004173642
375316653866487564,2195007293632223744,0.60275555,2035.378265506932,2.835800633882172,2.0457883E-6,19.074432,0.00940695,0.29525158,0.0010224954,0.052531093,0.002717984,0.3630176,0.0251543,0.8004141,0.0015261697,0.04992991,0.0026621157,0.34175384,0.023260055,0.14116831,0.014558706,0.29525158,0.0010224954,"TWOGAUSSIANS_WITH_ELLIPSOIDAL_ON_ECLIPSE1",9,1.1155884,0.29525158,0.0010224954,0.2941741,0.015220709,0.64534825,0.014350372,0.8004141,0.0015261697,0.27960747,0.014907847,0.6237875,0.008181088
375316653866487564,2195007976529144448,0.6129375,2044.4399686813042,4.067801362183578,4.198224E-6,18.566505,0.012882241,0.30078906,0.0015528951,0.04222893,0.0026415267,0.50272423,0.031130753,0.801272,5.911396E-4,0.044491705,0.0039731083,0.4465057,0.020429939,0.14800401,0.017331077,0.30078906,0.0015528951,"TWOGAUSSIANS_WITH_ELLIPSOIDAL_ON_ECLIPSE1",9,4.7115207,0.30078906,0.0015528951,0.236482,0.01479255,0.79873157,0.025077118,0.801272,5.787968E-4,0.24915355,0.022249406,0.74251026,0.04164695
375316653866487564,2195008530582714880,0.47201094,2046.070831923877,0.3801311616872527,2.4006928E-5,15.011824,0.11467207,0.31211647,0.019193286,0.28690732,0.10915446,0.9768677,0.1470196,0.79343146,0.012234916,0.17840788,0.08005477,0.4439065,0.52962923,null,null,null,null,"TWOGAUSSIANS",8,154.15184,0.32166648,0.0059133754,0.4,0.0,0.17799182,0.01138417,0.79343146,0.012234916,0.4,0.0,0.051826898,0.016680684
375316653866487564,2195009114698166528,0.6128901,2058.3186702521684,2.365723429410792,7.932795E-6,14.640104,0.0139646325,0.21576062,0.0018276942,0.05476783,0.0051313057,0.22251347,0.030904647,0.70764416,0.0038326625,0.0654818,0.0059541203,0.4506445,0.026130531,0.07797053,0.01643272,0.21576062,0.0018276942,"TWOGAUSSIANS_WITH_ELLIPSOIDAL_ON_ECLIPSE1",9,103.77547,0.7084942,0.0034536747,0.36669806,0.033343073,0.60602933,0.013359156,0.21576062,0.0018276942,0.30669984,0.02873531,0.3782611,0.004165927
375316653866487564,2195011618661632000,0.4727167,2056.317692207093,2.239881916817898,3.6366582E-5,19.394958,0.017856969,0.18942535,0.006313982,0.038425576,0.014040164,0.787486,1.4935203,0.6735387,0.021859871,0.0345507,0.021439224,0.17683072,0.09981375,0.062094085,0.0263378,0.18942535,0.006313982,"TWOGAUSSIANS_WITH_ELLIPSOIDAL_ON_ECLIPSE1",9,5.7349944,0.18942535,0.006313982,0.21518323,0.07862491,0.9116742,1.503829,0.67451864,0.0206057,0.19348392,0.120059654,0.29986152,0.11168968
375316653866487564,2195016978777789952,0.57785714,2054.608277989287,3.418373919496005,7.632648E-6,18.746294,0.03060042,0.2243491,0.0035773043,0.04009774,0.009909842,0.30450225,0.061890498,0.72563154,0.020522466,0.044493068,0.017697046,0.533693,0.09285252,0.15518168,0.03840224,0.2243491,0.0035773043,"TWOGAUSSIANS_WITH_ELLIPSOIDAL_ON_ECLIPSE1",9,9.154293,0.72563154,0.019794526,0.24916118,0.09910345,0.8440359,0.038945794,0.2243491,0.0035773043,0.22454734,0.055495117,0.61486536,0.026985079
375316653866487564,2195019177801083136,0.505873,2079.4252594388413,3.6397062832224716,1.1809462E-5,17.951946,0.02397475,0.26067537,0.005780295,0.053356543,0.040060963,0.24727611,0.0824309,0.7735227,0.010177005,0.041563936,0.014231098,0.21358271,0.05205131,0.08189952,0.03315923,0.26067537,0.005780295,"TWOGAUSSIANS_WITH_ELLIPSOIDAL_ON_ECLIPSE1",9,21.031664,0.26067537,0.005780295,0.29879665,0.22434139,0.41107067,0.11843505,0.7735227,0.010177005,0.23275803,0.079694144,0.3763123,0.046684284
375316653866487564,2195019590117988864,0.52898324,2075.915835143271,0.4625851125953029,5.4209093E-5,18.043694,0.0019298384,0.34409928,0.0023201443,0.027286934,0.001368844,0.2872348,0.03177196,0.73720783,0.006646259,0.044552155,0.023904217,0.025275758,0.023712242,null,null,null,null,"TWOGAUSSIANS",8,1.3012214,0.34409928,0.0023201443,0.15280682,0.007665526,0.2872348,0.03177196,0.73720783,0.006646259,0.24949206,0.13386361,0.025275758,0.023712242
375316653866487564,2195021037522586496,0.5732102,2066.8150498370646,3.280907225160296,6.1452906E-6,18.433783,0.020327346,0.26896572,0.0026333192,0.047063638,0.005677556,0.39674252,0.04511971,0.76746553,0.0041674282,0.04987337,0.007387479,0.53242624,0.042489327,0.11557566,0.02624068,0.26896572,0.0026333192,"TWOGAUSSIANS_WITH_ELLIPSOIDAL_ON_ECLIPSE1",9,9.694666,0.7675855,0.0039457204,0.27929088,0.04136988,0.76355666,0.04003649,0.26896572,0.0026333192,0.26355636,0.031794313,0.6278919,0.02801375
375316653866487564,2195028214412520448,0.49142882,2050.299841596649,1.199199038481246,1.3523927E-5,17.105364,0.0014876311,null,null,null,null,null,null,null,null,null,null,null,null,0.04041057,0.0024741604,0.24399938,0.0035658537,"ELLIPSOIDAL",4,4.3621836,null,null,null,null,null,null,null,null,null,null,null,null
375316653866487564,2195029043346055040,0.5406957,1995.7089887341388,4.6530781643705055,6.066321E-6,19.56259,0.0099961525,0.2796777,0.0037607476,0.074275576,0.007532179,0.6443919,0.06972252,0.7822423,0.002551006,0.0641679,0.003205284,0.6614541,0.029480943,null,null,null,null,"TWOGAUSSIANS",8,2.5611815,0.7822423,0.002551006,0.35934022,0.01794959,0.6596649,0.029694196,0.2796777,0.0037607476,0.4,0.012168173,0.64260274,0.0708453
375316653866487564,2195030761332717312,0.52172685,2054.7367645315844,0.388700359412837,2.3228344E-5,16.570875,0.0032789884,0.22658035,0.0018257793,0.037818994,0.0026862104,0.24704279,0.015125419,0.7511084,0.01305599,0.023458606,0.04305356,0.007890975,0.025774501,0.01833095,0.0042335275,0.7511084,0.01305599,"TWOGAUSSIANS_WITH_ELLIPSOIDAL_ON_ECLIPSE2",9,13.304109,0.22698036,0.0017249702,0.21178637,0.015042778,0.2828547,0.015419277,0.7511084,0.01305599,0.13136819,0.24109994,0.044552855,0.025138503
375316653866487564,2195030830052194944,0.56995857,2033.866638992105,1.2758302026142807,6.063215E-6,16.667313,0.0044670934,0.179586,0.008903657,0.030875677,0.0067123617,0.19200793,0.020607358,0.6762481,0.0018028084,0.03324845,0.0024477858,0.29490295,0.020212889,0.011160839,0.005593625,0.179586,0.008903657,"TWOGAUSSIANS_WITH_ELLIPSOIDAL_ON_ECLIPSE1",9,13.190268,0.67626804,0.0017884378,0.18619132,0.0137076005,0.31721485,0.019997103,0.179586,0.008903657,0.17290379,0.037589226,0.21432959,0.018392203
375316653866487564,2195032475019957248,0.5174201,2047.010243865522,3.431092157587989,6.067382E-6,19.186092,0.012742777,0.20321545,0.0024525353,0.07730713,0.004163706,0.37666196,0.017763132,0.70063514,0.006575327,0.07414208,0.011695172,0.44700024,0.065981,null,null,null,null,"TWOGAUSSIANS",8,2.5069218,0.70063514,0.006575327,0.4,0.016168702,0.44367504,0.06969605,0.20321545,0.0024525353,0.4,0.0,0.37333676,0.016369967
375316653866487564,2195034747062355328,0.60720104,2022.4863908134769,3.8074924409497437,4.2044276E-6,17.439344,0.035870798,0.2918623,9.924242E-4,0.06319858,0.0065734396,0.50649995,0.06478223,0.79656035,0.001764425,0.05472871,0.0067536766,0.37850815,0.07299726,0.08422949,0.039724536,0.2918623,9.924242E-4,"TWOGAUSSIANS_WITH_ELLIPSOIDAL_ON_ECLIPSE1",9,12.443539,0.2918623,9.924242E-4,0.35391206,0.036811262,0.6747538,0.026536219,0.79656035,0.001764425,0.30648077,0.03782059,0.54661524,0.012629543
375316653866487564,2195035709130530944,0.6452524,2036.827597518409,2.681134151263449,3.5523422E-6,16.895227,0.012193041,0.29406983,0.0017183116,0.0653447,0.009471462,0.12939738,0.024899065,0.7953119,0.0040484117,0.05672768,0.0076513514,0.13862486,0.025292585,0.08430814,0.013912489,0.29406983,0.0017183116,"TWOGAUSSIANS_WITH_ELLIPSOIDAL_ON_ECLIPSE1",9,2.9169443,0.7953119,0.0037494935,0.31767502,0.042847566,0.30713803,0.004739269,0.29406983,0.0017183116,0.36593032,0.053040188,0.2979208,0.0056253425
