Gaia/vari_eclipsing_binary/VariEclipsingBinary_224991-225064.csv
# %ECSV 1.0
# ---
# delimiter: ','
# meta: !!omap
# - RELEASE: Gaia DR3
# - TABLE: vari_eclipsing_binary
# - DESCRIPTION: >
#     This table describes the properties of the eclipsing binaries resulting from the variability analysis. 
# - CITATION: >
#     How to cite and acknowledge Gaia: 
#     https://gea.esac.esa.int/archive/documentation/credits.html 
# - KNOWN_ISSUES: >
#     Known issues: 
#     https://www.cosmos.esa.int/web/gaia-users/known-issues 
# - DOCUMENTATION: >
#     Tutorials and documentation: 
#     https://www.cosmos.esa.int/web/gaia-users/archive 
# datatype:
# - 
#   name: solution_id
#   datatype: int64
#   description: Solution Identifier
#   meta:
#     ucd: meta.version
# - 
#   name: source_id
#   datatype: int64
#   description: Unique source identifier
#   meta:
#     ucd: meta.id;meta.main
# - 
#   name: global_ranking
#   datatype: float32
#   description: Number between 0 (worst) and 1 (best)
#   meta:
#     ucd: stat.param
# - 
#   name: reference_time
#   datatype: float64
#   unit: d
#   description: Reference time used for the geometric model fit
#   meta:
#     ucd: time.epoch
# - 
#   name: frequency
#   datatype: float64
#   unit: d**-1
#   description: Frequency of geometric model of the eclipsing binary light curve
#   meta:
#     ucd: src.orbital
# - 
#   name: frequency_error
#   datatype: float32
#   unit: d**-1
#   description: "Uncertainty of \\texttt{frequency}"
#   meta:
#     ucd: stat.error
# - 
#   name: geom_model_reference_level
#   datatype: float32
#   unit: mag
#   description: Magnitude reference level of geometric model
#   meta:
#     ucd: phot.mag;em.opt
# - 
#   name: geom_model_reference_level_error
#   datatype: float32
#   unit: mag
#   description: "Uncertainty of \\texttt{geomModelReferenceLevel}"
#   meta:
#     ucd: stat.error;phot.mag;em.opt
# - 
#   name: geom_model_gaussian1_phase
#   datatype: float32
#   description: Phase of the Gaussian 1 component
#   meta:
#     ucd: time.phase
# - 
#   name: geom_model_gaussian1_phase_error
#   datatype: float32
#   description: "Uncertainty of \\texttt{geomModelGaussian1Phase}"
#   meta:
#     ucd: stat.error;time.phase
# - 
#   name: geom_model_gaussian1_sigma
#   datatype: float32
#   description: "Standard deviation [phase] of Gaussian 1 component"
#   meta:
#     ucd: stat.stdev
# - 
#   name: geom_model_gaussian1_sigma_error
#   datatype: float32
#   description: "Uncertainty of \\texttt{geomModelGaussian1Sigma}"
#   meta:
#     ucd: stat.error
# - 
#   name: geom_model_gaussian1_depth
#   datatype: float32
#   unit: mag
#   description: Magnitude depth of Gaussian 1 component
#   meta:
#     ucd: src.var.amplitude
# - 
#   name: geom_model_gaussian1_depth_error
#   datatype: float32
#   unit: mag
#   description: "Uncertainty of \\texttt{geomModelGaussian1Depth}"
#   meta:
#     ucd: stat.error;src.var.amplitude
# - 
#   name: geom_model_gaussian2_phase
#   datatype: float32
#   description: Phase of Gaussian 2 component
#   meta:
#     ucd: time.phase
# - 
#   name: geom_model_gaussian2_phase_error
#   datatype: float32
#   description: "Uncertainty of \\texttt{geomModelGaussian2Phase}"
#   meta:
#     ucd: stat.error;time.phase
# - 
#   name: geom_model_gaussian2_sigma
#   datatype: float32
[...]
#   datatype: float32
#   description: "Secondary eclipse: uncertainty of \\texttt{derivedSecondaryEclDuration}"
#   meta:
#     ucd: stat.error;time.duration
# - 
#   name: derived_secondary_ecl_depth
#   datatype: float32
#   unit: mag
#   description: "Secondary eclipse: depth"
#   meta:
#     ucd: src.var.amplitude
# - 
#   name: derived_secondary_ecl_depth_error
#   datatype: float32
#   unit: mag
#   description: "Secondary eclipse: uncertainty of \\texttt{derivedSecondaryEclDepth}"
#   meta:
#     ucd: stat.error;src.var.amplitude
solution_id,source_id,global_ranking,reference_time,frequency,frequency_error,geom_model_reference_level,geom_model_reference_level_error,geom_model_gaussian1_phase,geom_model_gaussian1_phase_error,geom_model_gaussian1_sigma,geom_model_gaussian1_sigma_error,geom_model_gaussian1_depth,geom_model_gaussian1_depth_error,geom_model_gaussian2_phase,geom_model_gaussian2_phase_error,geom_model_gaussian2_sigma,geom_model_gaussian2_sigma_error,geom_model_gaussian2_depth,geom_model_gaussian2_depth_error,geom_model_cosine_half_period_amplitude,geom_model_cosine_half_period_amplitude_error,geom_model_cosine_half_period_phase,geom_model_cosine_half_period_phase_error,model_type,num_model_parameters,reduced_chi2,derived_primary_ecl_phase,derived_primary_ecl_phase_error,derived_primary_ecl_duration,derived_primary_ecl_duration_error,derived_primary_ecl_depth,derived_primary_ecl_depth_error,derived_secondary_ecl_phase,derived_secondary_ecl_phase_error,derived_secondary_ecl_duration,derived_secondary_ecl_duration_error,derived_secondary_ecl_depth,derived_secondary_ecl_depth_error
[from data line 431]
375316653866487564,1979344268296863616,0.53868735,2138.3178794890346,2.9777569551828935,1.1004536E-5,19.730183,0.01591635,0.17512876,0.0041354196,0.051833656,0.010612768,0.34671938,0.036391426,0.68127644,0.0076706866,0.03585058,0.010023118,0.22532615,0.032875475,0.11520893,0.018809272,0.17512876,0.0041354196,"TWOGAUSSIANS_WITH_ELLIPSOIDAL_ON_ECLIPSE1",9,2.234929,0.17512876,0.0041354196,0.29026845,0.0594315,0.57713383,0.033554714,0.68127644,0.0076706866,0.20076326,0.05612946,0.45539698,0.016584976
375316653866487564,1979344272607173120,0.52425116,2134.5070224704186,0.7786110806671255,2.5003315E-5,15.455539,0.0010097318,0.18382958,0.0046081804,0.05539076,0.009353988,0.019958189,0.005871023,0.7002245,0.0033882253,0.024157615,0.0025971422,0.048639957,0.0035510408,0.016501741,0.0014031901,0.18382958,0.0046081804,"TWOGAUSSIANS_WITH_ELLIPSOIDAL_ON_ECLIPSE1",9,8.091415,0.7002245,0.0033882253,0.13528264,0.014543997,0.08129369,0.0031951335,0.18382958,0.0046081804,0.31018826,0.052382335,0.0529609,0.005297749
375316653866487564,1979347704273701632,0.60651636,2147.687095445128,2.614557838807268,3.0170186E-6,18.676025,0.0044469987,0.2861816,0.00134133,0.0821666,0.0017198724,0.42246196,0.0068035834,0.7888527,0.0013907155,0.07784099,0.001712312,0.47379118,0.00873181,null,null,null,null,"TWOGAUSSIANS",8,1.1296862,0.7888527,0.0013907155,0.4,0.0,0.46736932,0.008937835,0.2861816,0.00134133,0.4,0.0,0.4160401,0.0067258957
375316653866487564,1979347846019926016,0.51203185,2151.5588142188094,2.443589405773747,2.104619E-5,17.557045,0.011236472,0.32030687,0.0059143137,0.103497766,0.008962264,0.15092626,0.012210267,0.84696424,0.007828268,0.10513025,0.012215467,0.084918045,0.011235514,null,null,null,null,"TWOGAUSSIANS",8,4.0896463,0.32029688,0.005920455,0.4,0.0,0.14166918,0.008625031,0.8469842,0.007825003,0.4,0.0,0.075661995,0.0063506425
375316653866487564,1979347979151526272,0.6035651,2143.7338914588645,0.9022672602878002,5.0347257E-6,12.5560255,0.016457997,0.32302952,0.0010758555,0.085483946,0.0037011234,0.38274625,0.01576139,0.84149814,0.0017870466,0.11361953,0.01027985,0.18257065,0.013964393,null,null,null,null,"TWOGAUSSIANS",8,219.63257,0.3230195,0.001078789,0.4,0.0,0.3663959,0.010136151,0.84149814,0.0017870466,0.4,0.0,0.16619188,0.0069198133
375316653866487564,1979348052178361216,0.6106454,2126.789060568692,3.554176988810839,3.6871481E-6,17.227003,0.010865541,0.17157705,0.0017087797,0.055585247,0.006502254,0.19969232,0.019339502,0.6711158,0.002032021,0.047332626,0.004005832,0.19246955,0.025718557,0.043719776,0.014713351,0.17157705,0.0017087797,"TWOGAUSSIANS_WITH_ELLIPSOIDAL_ON_ECLIPSE1",9,3.567589,0.17157705,0.0017087797,0.3112774,0.036412623,0.28712344,0.013957547,0.6711458,0.0019423595,0.26506272,0.02243266,0.27989998,0.0074808034
375316653866487564,1979349941963398272,0.6871014,2124.9169958722246,0.9700945884588723,4.2244496E-6,14.330217,0.002662493,0.22627762,0.0026559934,0.046190433,0.0057807025,0.0827439,0.03228713,0.72971696,5.084703E-4,0.045593277,5.380589E-4,0.60767084,0.008814934,0.034414053,0.0033905716,0.22627762,0.0026559934,"TWOGAUSSIANS_WITH_ELLIPSOIDAL_ON_ECLIPSE1",9,23.717407,0.72971696,5.084703E-4,0.25532234,0.00301313,0.6764665,0.0076099997,0.22627762,0.0026559934,0.25866643,0.032371935,0.15157174,0.032188576
375316653866487564,1979351350712796032,0.61213416,2163.715577202309,2.3657500651424854,3.6309984E-6,15.645982,0.020273767,0.23524198,0.0015388534,0.059318785,0.0040936465,0.6177168,0.042295013,0.74471134,0.0049858084,0.056625962,0.0069992277,0.14195633,0.04719055,0.060018957,0.022387167,0.23524198,0.0015388534,"TWOGAUSSIANS_WITH_ELLIPSOIDAL_ON_ECLIPSE1",9,49.805813,0.23524198,0.0015388534,0.33218518,0.02292442,0.7376661,0.03722697,0.74471134,0.0049858084,0.31710538,0.039195675,0.26148114,0.010110065
375316653866487564,1979352725102529280,0.63931537,2130.2752070606844,3.5311698163805145,3.1421198E-6,17.338974,0.010099736,0.2490954,0.0018611888,0.05066679,0.0035424852,0.5466475,0.022661088,0.7414536,0.0017591108,0.04402109,0.0030535571,0.42250344,0.02228693,0.11527746,0.012600214,0.2490954,0.0018611888,"TWOGAUSSIANS_WITH_ELLIPSOIDAL_ON_ECLIPSE1",9,10.499351,0.2490954,0.0018611888,0.28373402,0.019837918,0.7771995,0.00882613,0.74204355,0.0016108286,0.2465181,0.01709992,0.6525652,0.0132475095
375316653866487564,1979355405161768448,0.6000103,2107.6863121487463,0.6939586096318452,5.276762E-6,17.047724,0.0011837246,0.1573593,0.0013584925,0.028759554,0.0016951428,0.10847529,0.0048894268,0.66034484,0.008527642,0.026486464,0.004052293,0.51692057,0.112586826,0.01141007,0.0021492487,0.1573593,0.0013584925,"TWOGAUSSIANS_WITH_ELLIPSOIDAL_ON_ECLIPSE1",9,2.197029,0.66034484,0.008518652,0.1483242,0.02269284,0.53973264,0.11193452,0.1573593,0.0013584925,0.16105351,0.0094928,0.13129543,0.0046138414
375316653866487564,1979355881896155520,0.5150942,2117.1615466966878,0.9295697264139734,5.6140584E-6,16.97017,0.001072311,0.75264925,0.0019982278,0.035613433,0.0034990232,0.0648133,0.0052915313,null,null,null,null,null,null,0.014740411,0.0018285243,0.75264925,0.0019982278,"ONEGAUSSIAN_WITH_ELLIPSOIDAL",6,2.1782646,0.75264925,0.0019982278,0.19943522,0.01959453,0.0942941,0.0057648523,null,null,null,null,null,null
375316653866487564,1979356092341385472,0.49817324,2068.9412874305767,3.944079795063025,4.5228102E-5,18.280426,0.013930533,0.4619181,0.056421377,0.16873305,0.102879725,0.13085295,0.024460832,0.7006878,0.02011985,0.058194987,0.018249737,0.1620114,0.05784006,null,null,null,null,"TWOGAUSSIANS",8,2.3829648,0.7006878,0.02011985,0.32589194,0.102198526,0.2068453,0.013927168,0.46248809,0.20593877,0.4,0.0,0.12763885,0.09162738
375316653866487564,1979357054429520128,0.5273328,2125.014316849392,2.924865260573967,1.0088583E-5,16.607546,0.04350464,0.23787321,0.0027084146,0.10486834,0.013209144,0.29621625,0.040233664,0.7420096,0.007778981,0.10235639,0.017857458,0.32895064,0.041751534,null,null,null,null,"TWOGAUSSIANS",8,29.12601,0.7420096,0.007778981,0.4,0.0,0.2966189,0.010813312,0.23787321,0.0027084146,0.4,0.0,0.26388195,0.013309761
375316653866487564,1979358390152979584,0.5495618,2084.7240059842275,3.1158434796111942,1.18954995E-5,19.666426,0.013978795,0.13004595,0.003415725,0.03784636,0.0044344985,0.32095277,0.038911834,0.6280308,0.00527173,0.05393482,0.009861998,0.36910483,0.061278854,0.105481066,0.020743184,0.13004595,0.003415725,"TWOGAUSSIANS_WITH_ELLIPSOIDAL_ON_ECLIPSE1",9,2.650917,0.62826073,0.0045380387,0.302035,0.055227187,0.5800301,0.06425735,0.13004595,0.003415725,0.21193962,0.024833191,0.53190786,0.031098
375316653866487564,1979359592743306880,0.4718265,2154.5311072966147,2.1811423382656363,5.8389738E-5,17.09811,0.0019283489,0.2735729,0.012872075,0.050741445,0.01581901,0.0930826,0.028890349,0.760861,0.012525536,0.032760072,0.006635532,0.023687705,0.005583105,null,null,null,null,"TWOGAUSSIANS",8,3.171437,0.2735729,0.012872075,0.2841521,0.08858645,0.0930826,0.028890485,0.760861,0.012525536,0.1834564,0.037158977,0.023687704,0.005583073
375316653866487564,1979359940647563008,0.5948125,2145.964451068631,0.978256929724196,2.762546E-6,17.168211,0.0020171672,0.26979485,9.3512074E-4,0.02730793,0.0010027837,0.3083209,0.006163898,0.7674266,0.0015633653,0.028502015,0.0018337137,0.14626244,0.0052746357,0.011471689,0.0028790622,0.26979485,9.3512074E-4,"TWOGAUSSIANS_WITH_ELLIPSOIDAL_ON_ECLIPSE1",9,4.335339,0.26979485,9.3512074E-4,0.1529244,0.0056155887,0.33126423,0.0052890186,0.76744664,0.001544778,0.15961128,0.010268797,0.16920075,0.0041598096
375316653866487564,1979362139671017088,0.562026,2146.141987321056,2.841418820173103,9.538002E-6,18.392345,0.008190095,0.25205326,0.0035582103,0.0847229,0.004030296,0.38750437,0.015054893,0.7501051,0.005138979,0.08523938,0.0050809314,0.39567477,0.010977883,null,null,null,null,"TWOGAUSSIANS",8,6.7089744,0.7501051,0.005138979,0.4,0.0,0.38567698,0.010366512,0.25205326,0.0035582103,0.4,0.0,0.37750655,0.014613293
375316653866487564,1979363445341067264,0.6246875,2125.964304232132,0.711576551633999,3.6574013E-6,14.744198,0.0010499579,0.24580179,0.022317955,0.018142048,0.011585749,0.09119369,0.088794805,0.7380788,0.0010730148,0.023028495,9.5508434E-4,0.37525392,0.019215098,0.0052311993,0.001825356,0.24580179,0.022317955,"TWOGAUSSIANS_WITH_ELLIPSOIDAL_ON_ECLIPSE1",9,15.251935,0.7380888,0.0010724931,0.12895957,0.0053484724,0.3856917,0.019761693,0.24580179,0.022317955,0.10159547,0.06488019,0.10165608,0.08785422
375316653866487564,1979363582780016128,0.68584216,2127.835411641651,0.11245261971365879,9.897769E-7,11.958106,0.0013859622,0.20575649,1.9856509E-4,0.019990364,5.29013E-4,0.7249752,0.009431141,0.71703416,0.009555063,0.020030597,0.022209128,0.040758763,228720.77,0.013813322,0.0017644763,0.71703416,0.009555063,"TWOGAUSSIANS_WITH_ELLIPSOIDAL_ON_ECLIPSE2",9,107.71299,0.20576648,1.9760258E-4,0.11194604,0.0029624728,0.7524635,0.009703147,0.71703416,0.009555063,0.112171344,0.12437111,0.0683854,228720.77
375316653866487564,1979364437467161984,0.48747066,2098.8182072565023,2.745500632130088,1.7457682E-5,18.793999,0.45065513,0.29970005,0.006454526,0.12289259,0.06808483,0.35830718,0.43674552,0.79425097,0.008047852,0.11095921,0.048030097,0.36602584,0.41398084,null,null,null,null,"TWOGAUSSIANS",8,8.20017,0.79425097,0.008047852,0.4,0.0,0.29631552,0.033489432,0.29971007,0.0065084705,0.4,0.0,0.28844097,0.019428777
375316653866487564,1979365575645022208,0.58310306,2149.541178922974,0.725755942968758,2.0635069E-5,14.882735,0.0031917559,0.31579494,0.0018933944,0.036644507,0.0016639796,0.52448285,0.015258365,0.82070553,0.0037539105,0.029802095,0.0032631406,0.057651084,0.009495987,0.006728727,0.0039015694,0.31579494,0.0018933944,"TWOGAUSSIANS_WITH_ELLIPSOIDAL_ON_ECLIPSE1",9,66.38851,0.31579494,0.0018933944,0.20520924,0.009318286,0.5379403,0.013718997,0.82070553,0.0037539105,0.16689174,0.018273586,0.071095705,0.0058291373
375316653866487564,1979366297199516544,0.5056363,2134.3642931984964,3.622998492260403,1.1420483E-5,19.761288,0.01661529,0.2631711,0.0068964865,0.08907567,0.0098484475,0.2860769,0.016005965,0.76754487,0.006022744,0.08053923,0.010619303,0.24532327,0.023883658,null,null,null,null,"TWOGAUSSIANS",8,1.3416451,0.2631711,0.0068964865,0.4,0.0,0.27969205,0.0115469005,0.76754487,0.006022744,0.4,0.0,0.23893851,0.024264675
375316653866487564,1979366675156636032,0.6353289,2130.203519292774,0.5424170243020848,3.1291281E-6,13.541482,0.0027541067,0.23201299,0.0020572692,0.04055364,0.002842422,0.32880637,0.015018729,0.72793555,5.283833E-4,0.039585065,8.9949614E-4,0.44139108,0.0112791415,0.04253445,0.005879622,0.23201299,0.0020572692,"TWOGAUSSIANS_WITH_ELLIPSOIDAL_ON_ECLIPSE1",9,47.9822,0.72802556,4.958514E-4,0.22167636,0.0050371783,0.52640545,0.011920676,0.23201299,0.0020572692,0.22710039,0.015917564,0.41387525,0.016007176
375316653866487564,1979366915674800128,0.61166006,2132.150580345963,1.0322661264948516,4.0693103E-6,13.698177,0.004865203,0.209452,0.0010257227,0.08253964,0.0023407552,0.22869903,0.0045836456,0.7044338,0.0028243482,0.09043192,0.004351229,0.36892605,0.020869749,null,null,null,null,"TWOGAUSSIANS",8,90.394844,0.7044338,0.0028243482,0.4,0.0,0.3606793,0.022453839,0.209452,0.0010257227,0.4,0.0,0.22045244,0.0033852982
375316653866487564,1979367083167697536,0.50667626,2144.98572697819,1.3602814726527364,1.631964E-5,18.547918,0.0019193956,0.38898173,0.013614812,0.011835145,0.010309964,0.030701093,0.1616769,0.53092474,5.473081E-5,0.002859967,5.6817156E-5,0.3263977,0.0056969137,null,null,null,null,"TWOGAUSSIANS",8,1.5322621,0.53092474,5.473081E-5,0.016015816,3.1817608E-4,0.3263977,0.0056969137,0.38898173,0.013614812,0.06627681,0.057735804,0.030701093,0.1616769
375316653866487564,1979367293632426880,0.60536367,2145.7487482446013,3.3121412423927854,4.5396673E-6,15.733846,0.018205982,0.24109782,0.001282139,0.06296753,0.005272901,0.32316923,0.03371467,0.744025,0.0024778678,0.05852616,0.0061579435,0.26134172,0.035168428,0.06866616,0.019721529,0.24109782,0.001282139,"TWOGAUSSIANS_WITH_ELLIPSOIDAL_ON_ECLIPSE1",9,39.717644,0.24109782,0.001282139,0.3526182,0.029528245,0.460358,0.010928473,0.744025,0.0024778678,0.32774648,0.034484483,0.39848405,0.011259522
375316653866487564,1979367701641503744,0.547413,2145.62648028641,1.9223358937631398,8.9710675E-6,17.697708,0.004371507,0.27800694,0.013592355,0.025043052,0.017520677,0.037089404,13.461786,0.6817856,0.0022021967,0.036075886,0.0022080943,0.7298518,0.084597886,null,null,null,null,"TWOGAUSSIANS",8,20.552969,0.6817856,0.0022021967,0.20202495,0.012365329,0.7298518,0.084597886,0.27800694,0.013592355,0.14024109,0.098115794,0.037089404,13.461786
375316653866487564,1979368530582982784,0.58908194,2125.10260836964,1.5678609536195418,4.3535815E-6,14.51205,0.061554246,0.23023507,0.0030082548,0.30473533,0.01638077,1.2521642,0.05922899,0.71813434,0.001430126,0.15511248,0.0072806203,0.71004784,0.091951326,null,null,null,null,"TWOGAUSSIANS",8,11.817297,0.71813434,0.001430126,0.4,0.0,0.2373244,0.0033694543,0.23432508,0.002481718,0.4,0.0,0.14643481,0.0051281196
375316653866487564,1979369458296158336,0.5070631,2146.759033958343,0.8047818076151955,1.6323987E-5,17.933805,0.0029594128,0.32293585,0.0073633566,0.01745462,0.005517055,0.20564285,0.03715798,0.82525676,0.0015432505,0.022964025,0.00354532,0.20037603,0.07004526,null,null,null,null,"TWOGAUSSIANS",8,5.668357,0.32293585,0.0073633566,0.09774587,0.030895507,0.20564285,0.03715798,0.82525676,0.0015432505,0.12859854,0.019853791,0.20037603,0.07004526
375316653866487564,1979370798325918976,0.51487935,2136.5489108520405,0.6582305330983973,1.7912991E-5,15.692316,0.0026929074,0.12317308,0.0051088645,0.014144937,0.0055752047,0.4714839,6.528245,0.48813507,0.041214634,0.008880888,0.0033759035,0.6994482,0.67105657,null,null,null,null,"TWOGAUSSIANS",8,62.63543,0.48813507,0.041214634,0.049732976,0.01890506,0.6994482,0.67105657,0.12317308,0.0051088645,0.079211645,0.031221146,0.4714839,6.528245
375316653866487564,1979371515569925888,0.5070572,2128.396575938228,3.105852423606688,8.65946E-6,18.548193,0.0027893665,null,null,null,null,null,null,null,null,null,null,null,null,0.10202817,0.0040394105,0.23369218,0.0029900388,"ELLIPSOIDAL",4,4.0111456,null,null,null,null,null,null,null,null,null,null,null,null
375316653866487564,1979372580725000192,0.5270503,2093.6055059056725,2.5034001344248122,5.4716193E-6,19.336092,0.0053790635,0.2348558,9.2503836E-4,0.037947815,0.0020229383,0.51334894,0.022004535,0.73533976,0.00582983,0.04291192,0.0058172503,0.26159698,0.023248028,null,null,null,null,"TWOGAUSSIANS",8,3.0803857,0.2348558,9.2503836E-4,0.21250777,0.011328455,0.51334894,0.022004537,0.73533976,0.00582983,0.24030676,0.032576602,0.26159698,0.023248035
375316653866487564,1979373542804501376,0.59733343,2139.9190082282444,2.9612003890581615,5.8311653E-6,18.91472,0.017177226,0.25955456,0.0022652813,0.04419088,0.005742939,0.41041958,0.05031711,0.7580443,0.0024251586,0.04557333,0.0033422974,0.5552887,0.041494768,0.12656733,0.020184,0.25955456,0.0022652813,"TWOGAUSSIANS_WITH_ELLIPSOIDAL_ON_ECLIPSE1",9,3.2293708,0.75815433,0.0022253853,0.25521067,0.018716866,0.8084019,0.027798481,0.25955456,0.0022652813,0.24746893,0.03216046,0.663554,0.05805263
375316653866487564,1979375329500975232,0.47806606,2120.843593773922,3.740108400769474,1.5768603E-5,19.298014,0.02233043,0.23249999,0.006078581,0.07377777,0.009842411,0.42822617,0.03537306,0.76273835,0.011476824,0.08022533,0.010749199,0.35603976,0.031100364,null,null,null,null,"TWOGAUSSIANS",8,9.550487,0.23249999,0.006078581,0.4,0.010670522,0.42615575,0.035396308,0.76273835,0.011476824,0.4,0.0,0.3539693,0.030378742
