Gaia/vari_eclipsing_binary/VariEclipsingBinary_694703-695006.csv
# %ECSV 1.0
# ---
# delimiter: ','
# meta: !!omap
# - RELEASE: Gaia DR3
# - TABLE: vari_eclipsing_binary
# - DESCRIPTION: >
#     This table describes the properties of the eclipsing binaries resulting from the variability analysis. 
# - CITATION: >
#     How to cite and acknowledge Gaia: 
#     https://gea.esac.esa.int/archive/documentation/credits.html 
# - KNOWN_ISSUES: >
#     Known issues: 
#     https://www.cosmos.esa.int/web/gaia-users/known-issues 
# - DOCUMENTATION: >
#     Tutorials and documentation: 
#     https://www.cosmos.esa.int/web/gaia-users/archive 
# datatype:
# - 
#   name: solution_id
#   datatype: int64
#   description: Solution Identifier
#   meta:
#     ucd: meta.version
# - 
#   name: source_id
#   datatype: int64
#   description: Unique source identifier
#   meta:
#     ucd: meta.id;meta.main
# - 
#   name: global_ranking
#   datatype: float32
#   description: Number between 0 (worst) and 1 (best)
#   meta:
#     ucd: stat.param
# - 
#   name: reference_time
#   datatype: float64
#   unit: d
#   description: Reference time used for the geometric model fit
#   meta:
#     ucd: time.epoch
# - 
#   name: frequency
#   datatype: float64
#   unit: d**-1
#   description: Frequency of geometric model of the eclipsing binary light curve
#   meta:
#     ucd: src.orbital
# - 
#   name: frequency_error
#   datatype: float32
#   unit: d**-1
#   description: "Uncertainty of \\texttt{frequency}"
#   meta:
#     ucd: stat.error
# - 
#   name: geom_model_reference_level
#   datatype: float32
#   unit: mag
#   description: Magnitude reference level of geometric model
#   meta:
#     ucd: phot.mag;em.opt
# - 
#   name: geom_model_reference_level_error
#   datatype: float32
#   unit: mag
#   description: "Uncertainty of \\texttt{geomModelReferenceLevel}"
#   meta:
#     ucd: stat.error;phot.mag;em.opt
# - 
#   name: geom_model_gaussian1_phase
#   datatype: float32
#   description: Phase of the Gaussian 1 component
#   meta:
#     ucd: time.phase
# - 
#   name: geom_model_gaussian1_phase_error
#   datatype: float32
#   description: "Uncertainty of \\texttt{geomModelGaussian1Phase}"
#   meta:
#     ucd: stat.error;time.phase
# - 
#   name: geom_model_gaussian1_sigma
#   datatype: float32
#   description: "Standard deviation [phase] of Gaussian 1 component"
#   meta:
#     ucd: stat.stdev
# - 
#   name: geom_model_gaussian1_sigma_error
#   datatype: float32
#   description: "Uncertainty of \\texttt{geomModelGaussian1Sigma}"
#   meta:
#     ucd: stat.error
# - 
#   name: geom_model_gaussian1_depth
#   datatype: float32
#   unit: mag
#   description: Magnitude depth of Gaussian 1 component
#   meta:
#     ucd: src.var.amplitude
# - 
#   name: geom_model_gaussian1_depth_error
#   datatype: float32
#   unit: mag
#   description: "Uncertainty of \\texttt{geomModelGaussian1Depth}"
#   meta:
#     ucd: stat.error;src.var.amplitude
# - 
#   name: geom_model_gaussian2_phase
#   datatype: float32
#   description: Phase of Gaussian 2 component
#   meta:
#     ucd: time.phase
# - 
#   name: geom_model_gaussian2_phase_error
#   datatype: float32
#   description: "Uncertainty of \\texttt{geomModelGaussian2Phase}"
#   meta:
#     ucd: stat.error;time.phase
# - 
#   name: geom_model_gaussian2_sigma
#   datatype: float32
[...]
#   datatype: float32
#   description: "Secondary eclipse: uncertainty of \\texttt{derivedSecondaryEclDuration}"
#   meta:
#     ucd: stat.error;time.duration
# - 
#   name: derived_secondary_ecl_depth
#   datatype: float32
#   unit: mag
#   description: "Secondary eclipse: depth"
#   meta:
#     ucd: src.var.amplitude
# - 
#   name: derived_secondary_ecl_depth_error
#   datatype: float32
#   unit: mag
#   description: "Secondary eclipse: uncertainty of \\texttt{derivedSecondaryEclDepth}"
#   meta:
#     ucd: stat.error;src.var.amplitude
solution_id,source_id,global_ranking,reference_time,frequency,frequency_error,geom_model_reference_level,geom_model_reference_level_error,geom_model_gaussian1_phase,geom_model_gaussian1_phase_error,geom_model_gaussian1_sigma,geom_model_gaussian1_sigma_error,geom_model_gaussian1_depth,geom_model_gaussian1_depth_error,geom_model_gaussian2_phase,geom_model_gaussian2_phase_error,geom_model_gaussian2_sigma,geom_model_gaussian2_sigma_error,geom_model_gaussian2_depth,geom_model_gaussian2_depth_error,geom_model_cosine_half_period_amplitude,geom_model_cosine_half_period_amplitude_error,geom_model_cosine_half_period_phase,geom_model_cosine_half_period_phase_error,model_type,num_model_parameters,reduced_chi2,derived_primary_ecl_phase,derived_primary_ecl_phase_error,derived_primary_ecl_duration,derived_primary_ecl_duration_error,derived_primary_ecl_depth,derived_primary_ecl_depth_error,derived_secondary_ecl_phase,derived_secondary_ecl_phase_error,derived_secondary_ecl_duration,derived_secondary_ecl_duration_error,derived_secondary_ecl_depth,derived_secondary_ecl_depth_error
[from data line 364]
375316653866487564,6112637695224588032,0.4864555,2269.0420355735764,1.5815519660979642,6.6041124E-5,17.507486,0.0033732145,0.26896226,0.011548667,0.063712,0.01323678,0.044717263,0.009841991,0.78235507,0.010976331,0.0644989,0.008151772,0.08608601,0.0061523323,null,null,null,null,"TWOGAUSSIANS",8,2.4381874,0.78235507,0.010976331,0.36119387,0.045649927,0.086045146,0.0061228,0.26896226,0.011548667,0.3567872,0.07022387,0.0446764,0.009888691
375316653866487564,6112638824795312128,0.4996368,2269.028196059717,0.7767671401653619,1.4389313E-5,16.740192,0.043961093,0.24445605,0.014473565,0.14028497,0.036535487,0.18638474,0.04101931,0.71041125,0.005669839,0.09307134,0.014840089,0.27918243,0.032237846,null,null,null,null,"TWOGAUSSIANS",8,32.279564,0.71041125,0.005669839,0.4,0.0,0.24934588,0.015637176,0.24446605,0.014470795,0.4,0.0,0.15566684,0.02052378
375316653866487564,6112640714578725760,0.5363572,2266.7699896381146,0.0266374873253933,6.072803E-6,18.428343,0.0033637786,0.2813281,4.8338494E-4,0.0048093377,7.5474207E-4,0.16408846,0.0048664515,0.75279003,0.005899716,0.08702412,0.0052832253,0.20068344,0.013840774,null,null,null,null,"TWOGAUSSIANS",8,1.3171464,0.75279003,0.005899716,0.4,0.0,0.20068341,0.013840787,0.2813281,4.8338494E-4,0.026932292,0.0042265556,0.16408852,0.0048664957
375316653866487564,6112643428998098944,0.56223744,2235.2518409341187,3.6880579946433256,1.8457722E-5,19.47799,0.017065443,0.23490222,0.005481403,0.07060179,0.0057450603,0.5890403,0.031309035,0.7406025,0.037450578,0.056133337,0.026693081,0.8117123,0.16884045,null,null,null,null,"TWOGAUSSIANS",8,1.8643376,0.7406025,0.037450578,0.3143467,0.11448677,0.8112427,0.16682795,0.23490222,0.005481403,0.39537,0.025627041,0.58857065,0.030993061
375316653866487564,6112645666677214720,0.5020794,2289.188329363947,1.331309709958822,1.4822747E-5,15.176738,0.00907208,0.56311333,0.002951973,0.052538365,0.00330671,0.39433536,0.017583553,0.17507547,0.0062318402,0.012340202,0.004053509,0.12711626,0.030275136,null,null,null,null,"TWOGAUSSIANS",8,242.19894,0.56311333,0.002951973,0.29421484,0.018517576,0.39433536,0.017583553,0.17507547,0.0062318402,0.06910513,0.02269965,0.12711626,0.030275136
375316653866487564,6112645941561846912,0.57471347,2268.2149526307776,1.2203525082226512,1.1663722E-5,13.367672,0.0055448012,0.687838,9.017819E-5,0.018108563,1.8842335E-4,0.723381,0.005362747,null,null,null,null,null,null,null,null,null,null,"ONEGAUSSIAN",5,1064.367,0.687838,9.017819E-5,0.10140795,0.0010551707,0.723381,0.0,null,null,null,null,null,null
375316653866487564,6112650992443410688,0.43307346,2262.973019588721,2.803405721135937,8.504067E-5,17.837034,0.014608989,0.290354,0.01798838,0.031084443,0.027671577,0.15869291,0.13548574,null,null,null,null,null,null,0.088687986,0.02126374,0.290354,0.01798838,"ONEGAUSSIAN_WITH_ELLIPSOIDAL",6,71.842735,0.290354,0.01798838,0.17407288,0.15496083,0.33606863,0.14766651,null,null,null,null,null,null
375316653866487564,6112656799238871040,0.6574975,2320.8793649853537,4.025017229076445,1.1310307E-5,16.750586,0.004969742,0.20102629,0.0020569873,0.04422391,0.0029178439,0.30056107,0.014730737,0.70526785,0.0028373743,0.042148527,0.003669324,0.34268963,0.016604528,0.103023216,0.005446031,0.70526785,0.0028373743,"TWOGAUSSIANS_WITH_ELLIPSOIDAL_ON_ECLIPSE2",9,7.5856814,0.70526785,0.0028373743,0.23603174,0.020548215,0.54873574,0.0145686595,0.2014363,0.0017667861,0.24765389,0.016339926,0.50647485,0.015710616
375316653866487564,6112666072066673536,0.52590823,2303.771561553181,3.573204130066001,2.907095E-5,19.304739,0.017711308,0.2390534,0.0053704176,0.08656477,0.00988322,0.30725816,0.017063718,0.7713365,0.018692696,0.085018106,0.011925471,0.27733418,0.043531813,null,null,null,null,"TWOGAUSSIANS",8,1.5110878,0.2390534,0.0053704176,0.4,0.0,0.30250794,0.014815241,0.7713365,0.018692696,0.4,0.0,0.27258402,0.044234004
375316653866487564,6112682805260696192,0.5470059,2308.732190386552,4.8249049807179984,9.978559E-6,18.647202,0.005576253,0.20032443,0.0029917478,0.050127313,0.00398766,0.31919056,0.03971574,0.6972762,0.0050925384,0.053795174,0.00449801,0.27992293,0.015456229,null,null,null,null,"TWOGAUSSIANS",8,2.5710895,0.20032443,0.0029917478,0.28071296,0.022330899,0.31918567,0.039720714,0.6972762,0.0050925384,0.30125296,0.025188856,0.27991807,0.015457851
375316653866487564,6112685317821096064,0.5765191,2310.8888352264494,2.814605615076716,1.2553535E-5,16.956234,0.028197685,0.15181863,0.0033227894,0.101580635,0.008850828,0.31984514,0.02677188,0.64743036,0.002307918,0.10856409,0.0103625925,0.29484814,0.024621755,null,null,null,null,"TWOGAUSSIANS",8,7.5450697,0.15181863,0.0033218132,0.4,0.0,0.28548396,0.010286861,0.64743036,0.002307918,0.4,0.0,0.2604757,0.013763416
375316653866487564,6112686795289696768,0.5699351,2267.0533491919177,2.930553683991703,1.1001767E-5,17.124773,0.0055197407,0.240585,0.0074433032,0.087136015,0.0076287184,0.2551964,0.007917593,0.7417976,0.0021116359,0.09018674,0.00408132,0.2522658,0.010003163,null,null,null,null,"TWOGAUSSIANS",8,8.04565,0.240585,0.0074433032,0.4,0.0,0.24585532,0.00791951,0.7417976,0.0021116359,0.4,0.0,0.24292468,0.01073484
375316653866487564,6112689436689121152,0.4339008,2315.1535847198747,2.8097742059621194,1.6844436E-4,17.727205,0.035079814,0.31559804,0.01867988,0.06702636,0.013081631,0.22140187,0.08192082,0.83745974,0.014650053,0.10019233,0.033666946,0.14333144,0.028655509,null,null,null,null,"TWOGAUSSIANS",8,15.790042,0.31559804,0.018680112,0.3753476,0.06455574,0.2188601,0.07996401,0.83745974,0.014650053,0.4,0.0,0.14078785,0.023093358
375316653866487564,6112689440989620736,0.62606704,2317.1285886682126,2.114160626329124,9.183519E-6,14.34666,0.008355926,0.19333354,0.003038757,0.08748851,0.0034935966,0.5208794,0.010198204,0.6916174,0.0037753633,0.08252261,0.0038824144,0.29336536,0.010727191,null,null,null,null,"TWOGAUSSIANS",8,85.215836,0.19333354,0.003038757,0.4,0.0,0.5107965,0.008626866,0.6916174,0.0037753633,0.4,0.0,0.28328255,0.0087400805
375316653866487564,6112702669489083264,0.5018993,2312.0559938196657,0.13603326037378924,2.7051165E-5,16.535006,0.0042185616,0.178648,0.010377363,0.007927394,0.009976242,0.2690697,4.669431,0.80213976,0.13438272,0.048927575,0.029149862,0.040115558,0.030644905,0.030766824,0.005087461,0.178648,0.010377363,"TWOGAUSSIANS_WITH_ELLIPSOIDAL_ON_ECLIPSE1",9,4.4152446,0.178648,0.010377363,0.044393405,0.055866953,0.33060324,4.6694155,0.80213976,0.13623756,0.27399442,0.16323923,0.07146536,0.05569159
375316653866487564,6112703695978553344,0.54198396,2304.9158436252205,4.346739671069016,1.5370302E-5,17.99049,0.26572582,0.2651508,0.0037374892,0.104494415,0.031265322,0.31126162,0.21340707,0.75466585,0.0077568963,0.12520905,0.09462179,0.24148136,0.24478705,null,null,null,null,"TWOGAUSSIANS",8,3.3472412,0.2652108,0.0030137913,0.4,0.0,0.26601425,0.010066788,0.75466585,0.0077568963,0.4,0.0,0.19606616,0.02910645
375316653866487564,6112706650918460032,0.48748714,2331.69790618217,0.02916236434625506,2.974061E-5,18.965132,0.026253682,0.23241386,0.015690686,0.08758821,0.027826283,0.18428065,0.021750744,0.7318142,0.0057518776,0.061125487,0.014541469,0.14870588,0.035885945,null,null,null,null,"TWOGAUSSIANS",8,2.50874,0.23241386,0.015690686,0.4,0.0,0.18313067,0.017572759,0.7318142,0.0057538855,0.34230274,0.08143222,0.14755593,0.033401493
375316653866487564,6112711809179468928,0.5557973,2327.9804549602136,4.1898447260312475,1.135864E-5,16.645967,0.76847893,0.29507044,0.008340025,0.14644371,0.035614226,0.51844746,0.5895473,0.7728921,0.011176932,0.1516044,0.080462635,0.476085,0.73819536,null,null,null,null,"TWOGAUSSIANS",8,11.383704,0.29688045,0.0036078794,0.4,0.0,0.30929512,0.01042219,0.7728921,0.011176932,0.4,0.0,0.26574484,0.029935712
375316653866487564,6112720635329902592,0.5278436,2308.797394963005,4.388362325404885,9.079511E-6,19.45435,0.012324589,0.30944884,0.004327065,0.068492636,0.0043907454,0.6922656,0.049939234,0.8151582,0.0024858208,0.07025932,0.0051806807,0.605112,0.044053797,null,null,null,null,"TWOGAUSSIANS",8,2.7669282,0.30944884,0.004327065,0.38355878,0.024588175,0.69057894,0.050131626,0.8151582,0.0024858208,0.39345217,0.021403607,0.6034253,0.044813626
375316653866487564,6112722357611350272,0.60968983,2284.469243344816,3.2982535178523826,7.2180965E-6,18.214914,0.009037735,0.3083899,0.013528115,0.06771812,0.0072849626,0.53486556,0.10955242,0.7957363,0.002013663,0.06610766,0.0026622436,0.45868126,0.009063809,null,null,null,null,"TWOGAUSSIANS",8,2.787625,0.3083899,0.013528115,0.37922147,0.040795792,0.5342204,0.109591015,0.7957363,0.002013663,0.3702029,0.014908564,0.45803607,0.00887941
375316653866487564,6112724625362164480,0.50877964,2324.047048241916,1.3492059519702417,1.39452595E-5,12.291177,0.00232879,null,null,null,null,null,null,null,null,null,null,null,null,0.038780846,0.0037999859,0.23683745,0.0035406013,"ELLIPSOIDAL",4,97.18166,null,null,null,null,null,null,null,null,null,null,null,null
375316653866487564,6112727717737890944,0.45641813,2294.2928047224414,2.168405505299061,6.264568E-5,17.308994,0.009047757,0.40010238,0.009081222,0.09235243,0.013405559,0.1930554,0.043204263,0.7595775,5.9884746E-4,0.0140121905,0.001366476,0.18589464,0.0010141877,null,null,null,null,"TWOGAUSSIANS",8,3.0171237,0.40010238,0.009081222,0.4,0.0,0.19305523,0.04320488,0.7595775,5.9884746E-4,0.07846826,0.007652265,0.1859935,0.0011022837
375316653866487564,6112734658405478656,0.43690822,2303.255338292972,2.360930491722375,2.8748162E-5,16.710485,0.0059766136,0.16532741,0.032654848,0.010827543,0.008501503,0.13151985,1.1988254,0.4608218,0.028020091,0.108497344,0.02292673,0.08695581,0.021984808,null,null,null,null,"TWOGAUSSIANS",8,4.7701735,0.16537741,0.032690223,0.06063424,0.047608417,0.13364796,1.1978523,0.4608218,0.028020091,0.4,0.0,0.086951554,0.021996882
375316653866487564,6112737372825142400,0.52246845,2336.304791519471,0.9826235635857805,1.735079E-5,18.796736,0.0044178474,0.26239288,0.005017977,0.027398849,0.021411967,0.19393612,0.28706086,null,null,null,null,null,null,0.049605668,0.005226128,0.26239288,0.005017977,"ONEGAUSSIAN_WITH_ELLIPSOIDAL",6,1.6878966,0.26239288,0.005017977,0.15343356,0.119907014,0.29314741,0.28704643,null,null,null,null,null,null
375316653866487564,6112746095898348672,0.44866124,2279.8410061314075,0.4264076689529743,3.0218893E-5,18.754375,0.025366,0.34913918,0.0047998168,0.08792955,0.02726483,0.10938616,0.028635183,0.7926553,0.0075838114,0.0911806,0.028206443,0.1292642,0.018669829,null,null,null,null,"TWOGAUSSIANS",8,3.0714092,0.7926553,0.0075838114,0.4,0.0,0.12735647,0.018179215,0.34913918,0.0047995197,0.4,0.00424357,0.10747903,0.027501564
375316653866487564,6112750979275569664,0.49891648,2311.0458412121156,4.013450258256885,2.0817337E-5,18.39413,0.013465536,0.2139647,0.009317927,0.079391725,0.018044565,0.23493795,0.055336297,0.7084319,0.018289814,0.053512193,0.01691316,0.18229836,0.021033434,null,null,null,null,"TWOGAUSSIANS",8,4.4816103,0.2139647,0.009317927,0.4,0.0,0.23463766,0.057000972,0.7084319,0.018289814,0.29966828,0.0947137,0.18199806,0.020247456
375316653866487564,6112752761687666304,0.6311651,2294.4864101901203,3.6741206985298436,3.9244446E-6,18.414804,0.017326524,0.26669124,0.0017156715,0.04810853,0.00323762,0.68343997,0.05131797,0.77426964,0.002820526,0.03176267,0.0034374676,0.7517023,0.058828317,0.1250239,0.031210408,0.26669124,0.0017156715,"TWOGAUSSIANS_WITH_ELLIPSOIDAL_ON_ECLIPSE1",9,4.3070393,0.77426964,0.002820526,0.17787096,0.01924982,1.0011823,0.09477483,0.26669124,0.0017156715,0.26940775,0.018130673,0.9334865,0.023727596
375316653866487564,6112755549126756352,0.6920607,2288.549421027618,3.338275333362236,3.2904456E-6,16.211828,0.012404085,0.2397392,0.0013138405,0.050961293,0.0038079259,0.4017994,0.023970904,0.73632985,0.0021606195,0.055749744,0.0037669376,0.48787773,0.023275742,0.11346548,0.013919637,0.2397392,0.0013138405,"TWOGAUSSIANS_WITH_ELLIPSOIDAL_ON_ECLIPSE1",9,11.655624,0.73667985,0.0018821876,0.31219855,0.021094851,0.71469665,0.027824398,0.2397392,0.0013138405,0.28538325,0.021324385,0.62871176,0.0069817742
375316653866487564,6112766372444121088,0.69921076,2311.03261338072,3.9302306708486494,2.2819634E-6,16.564901,0.015340061,0.29594055,0.0016114183,0.04617752,0.0041302927,0.43934348,0.027726082,0.8060621,0.007081864,0.054996643,0.005117461,0.6666647,0.1317001,0.12855181,0.017065072,0.29594055,0.0016114183,"TWOGAUSSIANS_WITH_ELLIPSOIDAL_ON_ECLIPSE1",9,6.5027413,0.8060621,0.007081864,0.3079812,0.028657783,0.9227192,0.13982967,0.29594055,0.0016114183,0.25859413,0.02312964,0.69643635,0.020502891
375316653866487564,6112768567165145472,0.609075,2342.346261020993,4.194352664677916,6.3097377E-6,17.488348,0.003415451,0.15731192,7.7011886E-5,0.006511769,5.5294594E-4,0.07484074,0.0034506686,0.7266032,0.001513648,0.05237485,0.0028130545,0.14768301,0.008574041,0.050399173,0.00471304,0.7266032,0.001513648,"TWOGAUSSIANS_WITH_ELLIPSOIDAL_ON_ECLIPSE2",9,1.7338777,0.7266032,0.001513648,0.29329917,0.015753105,0.24847965,0.0042648483,0.15758191,8.119111E-5,0.036465906,0.0030964974,0.1577747,0.0041553807
375316653866487564,6112775443415063936,0.5165384,2329.4946682147133,3.1792743068472578,4.9005364E-5,16.679428,0.05194654,0.14972806,0.008878066,0.112568825,0.02390038,0.22640167,0.04883629,0.66576236,0.009126422,0.10478052,0.020862099,0.2491928,0.05253314,null,null,null,null,"TWOGAUSSIANS",8,34.12289,0.66579235,0.009080667,0.4,0.0,0.22094955,0.021925032,0.14971806,0.0088890325,0.4,0.0,0.19813743,0.017051484
375316653866487564,6112783552306833536,0.45583007,2332.659668601218,0.36389391086214745,1.0010891E-4,16.570236,0.06395083,0.24994509,0.0648239,0.13964498,0.03736017,0.057106458,0.06580089,0.65697145,0.019496066,0.09980772,0.05684001,0.18068434,0.04188659,null,null,null,null,"TWOGAUSSIANS",8,5.55172,0.65697145,0.019496066,0.4,0.0,0.17343624,0.016720716,0.2505751,0.059555676,0.4,0.0,0.049079828,0.018464657
375316653866487564,6112793379195114496,0.49465436,2302.8517812993596,0.24749436862728258,2.2637752E-5,14.144912,0.0041132905,0.16522726,0.020052887,0.02421931,0.004236315,0.8800962,1.411473,0.6406386,0.04596225,0.09384663,0.029770024,0.04332077,0.025679994,null,null,null,null,"TWOGAUSSIANS",8,117.5206,0.16522726,0.020052887,0.13562813,0.023723364,0.88008994,1.411432,0.6406386,0.04596225,0.4,0.0,0.04331436,0.025689024
375316653866487564,6112795230323033088,0.5226743,2331.868014528067,0.3406404629390923,1.2688926E-5,18.591667,0.0046778577,0.35112333,0.00179216,0.023088085,0.0018736896,0.20893888,0.0033955507,0.8509473,4.1722816E-7,0.005576223,7.125487E-5,0.6547458,0.0041823415,null,null,null,null,"TWOGAUSSIANS",8,3.5492349,0.8509473,4.1722816E-7,0.03122685,3.9902725E-4,0.6547458,0.0041823415,0.35112333,0.00179216,0.12929328,0.010492662,0.20893888,0.0033955507
375316653866487564,6112800251142824576,0.52386564,2277.0200496738917,2.494067379027522,3.210398E-5,15.668682,0.0012902706,0.17247644,0.0020034513,0.028910428,0.0086353095,0.060487032,0.013042975,0.6868723,0.03226914,0.048160475,0.023810836,0.084048055,0.30556145,null,null,null,null,"TWOGAUSSIANS",8,5.5479712,0.6868723,0.03226914,0.26969865,0.13334067,0.084048055,0.30556145,0.17247644,0.0020034513,0.1618984,0.048357733,0.060487032,0.013042976
375316653866487564,6112804339951809280,0.46661136,2271.087237835137,1.791515236881675,2.2580942E-5,17.46738,0.0027458374,null,null,null,null,null,null,null,null,null,null,null,null,0.045300536,0.003695666,0.23055579,0.006515745,"ELLIPSOIDAL",4,6.4555993,null,null,null,null,null,null,null,null,null,null,null,null
375316653866487564,6112811349338318208,0.5424552,2281.0413768821068,2.9793053966418195,1.3157478E-5,14.665738,0.012576125,0.23712872,0.0061894734,0.096837744,0.00935262,0.2320212,0.012615594,0.756063,0.0029883205,0.089919284,0.008348057,0.1979337,0.011506168,null,null,null,null,"TWOGAUSSIANS",8,77.98766,0.23712872,0.0061894734,0.4,0.0,0.22297627,0.008353107,0.756063,0.0029879839,0.4,0.0,0.18888979,0.009002462
