Gaia/vari_eclipsing_binary/VariEclipsingBinary_205803-205976.csv
# %ECSV 1.0
# ---
# delimiter: ','
# meta: !!omap
# - RELEASE: Gaia DR3
# - TABLE: vari_eclipsing_binary
# - DESCRIPTION: >
#     This table describes the properties of the eclipsing binaries resulting from the variability analysis. 
# - CITATION: >
#     How to cite and acknowledge Gaia: 
#     https://gea.esac.esa.int/archive/documentation/credits.html 
# - KNOWN_ISSUES: >
#     Known issues: 
#     https://www.cosmos.esa.int/web/gaia-users/known-issues 
# - DOCUMENTATION: >
#     Tutorials and documentation: 
#     https://www.cosmos.esa.int/web/gaia-users/archive 
# datatype:
# - 
#   name: solution_id
#   datatype: int64
#   description: Solution Identifier
#   meta:
#     ucd: meta.version
# - 
#   name: source_id
#   datatype: int64
#   description: Unique source identifier
#   meta:
#     ucd: meta.id;meta.main
# - 
#   name: global_ranking
#   datatype: float32
#   description: Number between 0 (worst) and 1 (best)
#   meta:
#     ucd: stat.param
# - 
#   name: reference_time
#   datatype: float64
#   unit: d
#   description: Reference time used for the geometric model fit
#   meta:
#     ucd: time.epoch
# - 
#   name: frequency
#   datatype: float64
#   unit: d**-1
#   description: Frequency of geometric model of the eclipsing binary light curve
#   meta:
#     ucd: src.orbital
# - 
#   name: frequency_error
#   datatype: float32
#   unit: d**-1
#   description: "Uncertainty of \\texttt{frequency}"
#   meta:
#     ucd: stat.error
# - 
#   name: geom_model_reference_level
#   datatype: float32
#   unit: mag
#   description: Magnitude reference level of geometric model
#   meta:
#     ucd: phot.mag;em.opt
# - 
#   name: geom_model_reference_level_error
#   datatype: float32
#   unit: mag
#   description: "Uncertainty of \\texttt{geomModelReferenceLevel}"
#   meta:
#     ucd: stat.error;phot.mag;em.opt
# - 
#   name: geom_model_gaussian1_phase
#   datatype: float32
#   description: Phase of the Gaussian 1 component
#   meta:
#     ucd: time.phase
# - 
#   name: geom_model_gaussian1_phase_error
#   datatype: float32
#   description: "Uncertainty of \\texttt{geomModelGaussian1Phase}"
#   meta:
#     ucd: stat.error;time.phase
# - 
#   name: geom_model_gaussian1_sigma
#   datatype: float32
#   description: "Standard deviation [phase] of Gaussian 1 component"
#   meta:
#     ucd: stat.stdev
# - 
#   name: geom_model_gaussian1_sigma_error
#   datatype: float32
#   description: "Uncertainty of \\texttt{geomModelGaussian1Sigma}"
#   meta:
#     ucd: stat.error
# - 
#   name: geom_model_gaussian1_depth
#   datatype: float32
#   unit: mag
#   description: Magnitude depth of Gaussian 1 component
#   meta:
#     ucd: src.var.amplitude
# - 
#   name: geom_model_gaussian1_depth_error
#   datatype: float32
#   unit: mag
#   description: "Uncertainty of \\texttt{geomModelGaussian1Depth}"
#   meta:
#     ucd: stat.error;src.var.amplitude
# - 
#   name: geom_model_gaussian2_phase
#   datatype: float32
#   description: Phase of Gaussian 2 component
#   meta:
#     ucd: time.phase
# - 
#   name: geom_model_gaussian2_phase_error
#   datatype: float32
#   description: "Uncertainty of \\texttt{geomModelGaussian2Phase}"
#   meta:
#     ucd: stat.error;time.phase
# - 
#   name: geom_model_gaussian2_sigma
#   datatype: float32
[...]
#   datatype: float32
#   description: "Secondary eclipse: uncertainty of \\texttt{derivedSecondaryEclDuration}"
#   meta:
#     ucd: stat.error;time.duration
# - 
#   name: derived_secondary_ecl_depth
#   datatype: float32
#   unit: mag
#   description: "Secondary eclipse: depth"
#   meta:
#     ucd: src.var.amplitude
# - 
#   name: derived_secondary_ecl_depth_error
#   datatype: float32
#   unit: mag
#   description: "Secondary eclipse: uncertainty of \\texttt{derivedSecondaryEclDepth}"
#   meta:
#     ucd: stat.error;src.var.amplitude
solution_id,source_id,global_ranking,reference_time,frequency,frequency_error,geom_model_reference_level,geom_model_reference_level_error,geom_model_gaussian1_phase,geom_model_gaussian1_phase_error,geom_model_gaussian1_sigma,geom_model_gaussian1_sigma_error,geom_model_gaussian1_depth,geom_model_gaussian1_depth_error,geom_model_gaussian2_phase,geom_model_gaussian2_phase_error,geom_model_gaussian2_sigma,geom_model_gaussian2_sigma_error,geom_model_gaussian2_depth,geom_model_gaussian2_depth_error,geom_model_cosine_half_period_amplitude,geom_model_cosine_half_period_amplitude_error,geom_model_cosine_half_period_phase,geom_model_cosine_half_period_phase_error,model_type,num_model_parameters,reduced_chi2,derived_primary_ecl_phase,derived_primary_ecl_phase_error,derived_primary_ecl_duration,derived_primary_ecl_duration_error,derived_primary_ecl_depth,derived_primary_ecl_depth_error,derived_secondary_ecl_phase,derived_secondary_ecl_phase_error,derived_secondary_ecl_duration,derived_secondary_ecl_duration_error,derived_secondary_ecl_depth,derived_secondary_ecl_depth_error
[from data line 108]
375316653866487564,1810379361519195008,0.5205212,2113.2060733454045,2.715740507103589,1.341108E-5,19.122667,0.014272197,0.25650257,0.0039561074,0.08877796,0.008767414,0.27418244,0.013367678,0.74855775,0.0047225803,0.10135646,0.007964723,0.27645075,0.01709136,null,null,null,null,"TWOGAUSSIANS",8,2.3393912,0.74855775,0.0047225803,0.4,0.0,0.2609579,0.015777662,0.25650257,0.0039561074,0.4,0.0,0.25869256,0.012489032
375316653866487564,1810379945637623168,0.4878502,2094.5471182564856,3.0903489967403233,1.2283345E-5,18.102663,0.13463919,0.2637358,0.003996594,0.20540795,0.030203514,0.47668034,0.13149837,0.7627664,0.0032843295,0.15219338,0.010151169,0.4315449,0.081183806,null,null,null,null,"TWOGAUSSIANS",8,2.8536515,0.7627664,0.0031788535,0.4,0.0,0.14295094,0.004472142,0.26390582,0.004212978,0.4,0.0,0.14272997,0.008994336
375316653866487564,1810380946370233216,0.46799055,2100.798713924898,2.2842237044074714,6.788376E-5,17.710001,0.00619427,0.20139322,0.0036407344,0.027106993,0.0034313141,0.4053066,0.0451605,0.7285195,0.0039632516,0.009011014,0.01065784,0.71163446,1.2780089,0.013432482,0.009574196,0.20139322,0.0036407344,"TWOGAUSSIANS_WITH_ELLIPSOIDAL_ON_ECLIPSE1",9,15.84584,0.7285195,0.0039632516,0.05046168,0.059683904,0.7377265,1.2771097,0.20139322,0.0036407344,0.15179917,0.01921536,0.43217158,0.04481834
375316653866487564,1810381049459809664,0.54587555,2060.6419006501455,3.851962886721862,9.5410405E-6,18.810137,0.015997136,0.2890926,0.0026783617,0.07897233,0.0054452163,0.41167653,0.015156183,0.77827364,0.008079214,0.08520291,0.009061426,0.39112338,0.027574195,null,null,null,null,"TWOGAUSSIANS",8,3.709865,0.2890926,0.0026783617,0.4,0.0,0.40534523,0.012626515,0.77827364,0.008079214,0.4,0.0,0.38479206,0.026438488
375316653866487564,1810381289977819392,0.64516276,2117.3859217250206,0.7611278338221544,6.40407E-6,17.726692,0.004324813,0.2926382,6.46709E-4,0.02751077,4.327502E-4,1.8762964,0.032013904,0.7909482,0.002087303,0.026348038,0.002753497,0.14789301,0.020815236,0.020580838,0.005555222,0.2926382,6.46709E-4,"TWOGAUSSIANS_WITH_ELLIPSOIDAL_ON_ECLIPSE1",9,6.285561,0.2926382,6.46709E-4,0.15406032,0.0024234012,1.917458,0.030568995,0.7909782,0.0020501374,0.147549,0.015419584,0.18905011,0.019811288
375316653866487564,1810381874083394176,0.47700205,2107.3914254355805,2.7507969381475172,4.646573E-5,19.74299,0.007693746,0.19817376,0.014611596,0.043869518,0.009863986,0.8051133,0.32479832,0.7130765,0.018109588,0.041232534,0.029912477,0.1728091,0.031173801,null,null,null,null,"TWOGAUSSIANS",8,2.8857725,0.19817376,0.014611596,0.2456693,0.055238318,0.80511326,0.32479805,0.7130765,0.018109588,0.2309022,0.16750988,0.1728091,0.031191947
375316653866487564,1810383145403942528,0.60581255,2102.739528505566,2.388404901659027,1.5548381E-5,14.376137,0.044325966,0.31587473,0.021289121,0.038477283,0.045167442,0.11668014,0.079713516,0.79339665,0.0017421717,0.055578627,0.017399753,0.13012727,0.09601058,0.138245,0.052399125,0.79339665,0.0017421717,"TWOGAUSSIANS_WITH_ELLIPSOIDAL_ON_ECLIPSE2",9,148.67317,0.79339665,0.0017421717,0.31124032,0.09743861,0.4066117,0.011453165,0.3109947,0.018859822,0.21547279,0.25293767,0.38886327,0.04353187
375316653866487564,1810383145403951872,0.49727944,2125.9031057008574,1.3667893324164133,2.02617E-5,17.42632,0.009214367,0.25066096,0.005509299,0.04312078,0.00871382,0.12795956,0.02573853,0.7745218,0.0052497624,0.029408172,0.0131650735,0.21423268,2.4018157,0.06577125,0.014856891,0.7745218,0.0052497624,"TWOGAUSSIANS_WITH_ELLIPSOIDAL_ON_ECLIPSE2",9,25.318676,0.7745218,0.0052497624,0.16468577,0.07372441,0.3457752,2.3992198,0.25377095,0.0046781013,0.24147637,0.04879739,0.25694618,0.018794049
375316653866487564,1810385791103634816,0.63002884,2113.3688256972096,2.9278895432348437,1.0278222E-5,17.529861,0.018190676,0.2906584,0.0022589094,0.053493556,0.006444533,0.2556165,0.039998583,0.7828002,0.0056493357,0.061106857,0.0071109594,0.31075004,0.039462548,0.09294534,0.022384787,0.2906584,0.0022589094,"TWOGAUSSIANS_WITH_ELLIPSOIDAL_ON_ECLIPSE1",9,5.1741986,0.7839802,0.004616919,0.3421984,0.03982137,0.49620867,0.013613035,0.2906584,0.0022589094,0.2995639,0.036089387,0.44146016,0.007102558
375316653866487564,1810385894182852096,0.5750648,2093.786249494208,2.5240078342869605,7.191979E-6,17.609468,0.0068988954,0.17331184,0.0023675628,0.08914427,0.0031725492,0.2916296,0.008068161,0.66313934,0.0025641809,0.08774458,0.0038510489,0.30993858,0.008690997,null,null,null,null,"TWOGAUSSIANS",8,4.1985164,0.66313934,0.0025641809,0.4,0.0,0.30054882,0.008022454,0.17331184,0.0023675628,0.4,0.0,0.2822398,0.00690622
375316653866487564,1810385928542591616,0.56400824,2101.300589034496,0.5649969263758412,6.3799025E-6,16.324797,0.0017374285,0.21031119,8.64492E-4,0.018331045,7.347093E-4,0.31320286,0.010174999,0.71315885,4.7275203E-4,0.014130003,5.2097207E-4,0.27882686,0.0075784386,null,null,null,null,"TWOGAUSSIANS",8,16.69431,0.21031119,8.64492E-4,0.10265385,0.004114372,0.31320286,0.010174999,0.71315885,4.7275203E-4,0.07912802,0.0029174434,0.27882686,0.0075784386
375316653866487564,1810386817585504128,0.4218079,2068.9028871095124,3.9952045867478816,4.6947756E-5,17.84493,0.007508296,0.6032105,0.030122545,0.018900082,0.014604585,0.47935954,19.144426,null,null,null,null,null,null,null,null,null,null,"ONEGAUSSIAN",5,37.46008,0.6032105,0.030122545,0.10584045,0.08178568,0.47935954,0.0,null,null,null,null,null,null
375316653866487564,1810387401701129344,0.5882148,2109.174668479097,3.7551139095169788,5.2561363E-6,17.471394,0.0053027505,0.26536253,0.0024064693,0.08667531,0.0027094034,0.39308465,0.011775919,0.7680203,0.0018491775,0.08921402,0.0023478332,0.37305823,0.0087816715,null,null,null,null,"TWOGAUSSIANS",8,4.249317,0.26536253,0.0024064693,0.4,0.0,0.38018897,0.01239326,0.7680203,0.0018491775,0.4,0.0,0.3601625,0.008440099
375316653866487564,1810389089638930688,0.51441103,2105.0830505416284,0.7785524252632274,4.6156692E-5,17.283133,0.0015779822,0.10227505,0.008083323,0.023056628,0.009070895,0.14548746,0.03246218,0.30798045,0.0095273545,0.02508687,0.0074355532,0.0073807146,0.0036305243,null,null,null,null,"TWOGAUSSIANS",8,2.9471304,0.10227505,0.008083323,0.12911712,0.05079701,0.14548746,0.03246218,0.30798045,0.0095273545,0.14048648,0.041639097,0.0073807146,0.0036305243
375316653866487564,1810391009473801728,0.4626857,2090.6419861163945,2.282565971311534,5.556123E-5,19.253153,0.005547527,0.2312572,0.0049421573,0.030383406,0.0056352383,0.39916816,0.069306485,0.70126355,0.015363577,0.030906389,0.0212322,0.0840482,0.13909794,null,null,null,null,"TWOGAUSSIANS",8,4.1016793,0.2312572,0.0049421573,0.17014708,0.031557333,0.39916816,0.069306485,0.70126355,0.015363577,0.17307577,0.11890033,0.0840482,0.13909794
375316653866487564,1810391181272568704,0.68075234,2091.5465204530556,0.7318855653172539,4.16244E-6,16.632425,0.0021749209,0.35011664,8.319766E-4,0.027077382,6.7569927E-4,1.0502264,0.031351443,0.8476308,0.00444179,0.026422158,0.0024351242,0.09031967,0.010051009,0.011245831,0.0029067574,0.35011664,8.319766E-4,"TWOGAUSSIANS_WITH_ELLIPSOIDAL_ON_ECLIPSE1",9,9.052487,0.35011664,8.319766E-4,0.15163334,0.003783916,1.0727181,0.03246856,0.8476608,0.004391316,0.14796409,0.013636696,0.11280592,0.00873114
375316653866487564,1810392285094782208,0.4821233,2095.2954150425157,2.6576563326565363,2.223456E-5,16.871973,0.21277232,0.22887522,0.0074397395,0.14929406,0.051966928,0.21766175,0.2026523,0.74359787,0.008388112,0.14681557,0.0577529,0.20152901,0.20028196,null,null,null,null,"TWOGAUSSIANS",8,10.464032,0.22789522,0.0054832194,0.4,0.0,0.12648582,0.0070112343,0.74486786,0.006416221,0.4,0.0,0.11074517,0.006185553
375316653866487564,1810399943002888192,0.5253512,2139.093323944917,2.954004642490447,1.9815232E-5,17.377361,0.010361288,0.22484012,0.0038817509,0.08619052,0.007382337,0.27698633,0.011835699,0.7165388,0.0072309533,0.08243487,0.010148992,0.3327265,0.02217454,null,null,null,null,"TWOGAUSSIANS",8,17.717827,0.7165388,0.0072309533,0.4,0.0,0.32628655,0.024404863,0.22484012,0.0038817509,0.4,0.0,0.27054638,0.010878207
375316653866487564,1810402661735453184,0.5186535,2137.7551355825117,3.8775885697070267,1.3773066E-5,19.626915,0.015106573,0.17626953,0.004741494,0.068085626,0.005857689,0.55025476,0.026174065,0.67748815,0.0055442103,0.076464266,0.007727792,0.45663965,0.033735152,null,null,null,null,"TWOGAUSSIANS",8,2.6550262,0.17626953,0.004741494,0.3812795,0.031316806,0.5478179,0.026180832,0.67748815,0.0055442103,0.4,0.0,0.45420277,0.034229
375316653866487564,1810404723319994752,0.6260317,2105.876338526721,2.2217553922358158,5.4360503E-6,16.506044,0.0043239607,0.27118412,0.0010903219,0.08039735,0.002483462,0.29076156,0.008874985,0.76827073,0.0017802524,0.079505764,0.0018902693,0.51189727,0.007042848,null,null,null,null,"TWOGAUSSIANS",8,10.000717,0.76827073,0.0017802524,0.4,0.0,0.5064426,0.006917333,0.27118412,0.0010903219,0.4,0.0,0.2853069,0.009209189
375316653866487564,1810405273075731072,0.6382299,2089.71656482879,0.3735776094755826,4.9137016E-6,15.218316,0.0014832943,0.2757053,0.0035369394,0.025342535,0.0064693103,0.051745236,0.04794386,0.77363247,6.901797E-4,0.035222482,5.032998E-4,0.39384747,0.0050519835,0.020816956,0.0020963398,0.2757053,0.0035369394,"TWOGAUSSIANS_WITH_ELLIPSOIDAL_ON_ECLIPSE1",9,16.051783,0.7736525,6.7395455E-4,0.1972459,0.002818479,0.43547434,0.004003525,0.2757053,0.0035369394,0.1419182,0.036228135,0.093379095,0.04822954
375316653866487564,1810406853623806208,0.5925153,2116.218965144589,0.15411245515242258,2.5569818E-5,16.85217,0.00142496,0.27170345,0.008780082,0.020386033,0.0036204194,0.5131486,0.12206614,null,null,null,null,null,null,null,null,null,null,"ONEGAUSSIAN",5,3.421308,0.27170345,0.008780082,0.11416178,0.020274349,0.5131486,0.0,null,null,null,null,null,null
375316653866487564,1810407197221336576,0.5460141,2108.8661385724445,2.8364278612861265,9.75942E-6,16.970383,0.02177261,0.2536061,0.0020098998,0.112369195,0.010424545,0.21908776,0.019069955,0.7571636,0.0028620982,0.10460179,0.010786876,0.2366611,0.017726555,null,null,null,null,"TWOGAUSSIANS",8,6.3345027,0.75717354,0.0028731087,0.4,0.0,0.20594846,0.006838945,0.2536061,0.0020098577,0.4,0.0,0.18835816,0.008676443
375316653866487564,1810408326782885632,0.49031517,2143.9903057527395,3.1125776696907708,1.698409E-5,18.147512,0.017471565,0.1790333,0.007588308,0.102206595,0.014483038,0.14971426,0.017877199,0.68475753,0.0037417265,0.094609424,0.012606784,0.1630687,0.014757717,null,null,null,null,"TWOGAUSSIANS",8,3.8445218,0.68475753,0.0037408185,0.4,0.0,0.15159263,0.008694885,0.1790333,0.007588308,0.4,0.0,0.13823652,0.009370438
375316653866487564,1810408361144943616,0.44161168,2148.983165131949,2.3070379207285288,5.979227E-5,18.032774,0.14538419,0.24094297,0.031017302,0.12858418,0.04649503,0.13722566,0.12764795,0.6688669,0.023716638,0.14636557,0.05477105,0.16553289,0.14304371,null,null,null,null,"TWOGAUSSIANS",8,9.007611,0.6688669,0.023716638,0.4,0.0,0.13133992,0.016127372,0.24688296,0.021814354,0.4,0.0,0.10500106,0.01474767
375316653866487564,1810408468533592704,0.50362366,2113.9422047274466,3.381170761563593,1.9781459E-5,18.90789,0.01726515,0.21789888,0.003623354,0.0827783,0.010480983,0.23353095,0.013562747,0.71492213,0.008168641,0.09565334,0.015038251,0.23923011,0.026372464,null,null,null,null,"TWOGAUSSIANS",8,2.3707817,0.71492213,0.008168641,0.4,0.0,0.23035224,0.028480994,0.21789888,0.003623354,0.4,0.0,0.22465363,0.009559725
375316653866487564,1810409391934951808,0.5277419,2120.8631020615194,3.5900053830132608,7.850929E-6,18.765135,0.01832854,0.29335207,0.0039679008,0.10237237,0.0084154485,0.24833374,0.01771807,0.78995085,0.0026145878,0.10301381,0.008831777,0.2749872,0.015126732,null,null,null,null,"TWOGAUSSIANS",8,1.5557647,0.78995085,0.0026145878,0.4,0.0,0.24906738,0.008703844,0.29335207,0.0039679008,0.4,0.0,0.2224149,0.007870055
375316653866487564,1810411217310589312,0.56710094,2137.689572124622,2.064545645296457,1.1156371E-5,18.577333,0.0041536875,0.31019637,0.0012248962,0.028310427,0.0017546472,0.5284494,0.011818275,0.813195,0.0036390908,0.026941432,0.0018403863,0.5361458,0.044913106,0.02327303,0.006119794,0.31019637,0.0012248962,"TWOGAUSSIANS_WITH_ELLIPSOIDAL_ON_ECLIPSE1",9,2.7807803,0.813195,0.0036390908,0.15087202,0.010306163,0.5826753,0.044424772,0.31019637,0.0012248962,0.15853839,0.009826025,0.57499546,0.015725508
375316653866487564,1810411251670486912,0.5112502,2120.483861771269,3.4371763214369433,1.2180627E-5,17.192858,0.06193654,0.23664871,0.007679826,0.059479546,0.020030959,0.27687514,0.12788227,0.75621635,0.0055394364,0.058936797,0.015396502,0.38937297,0.10645809,0.061471563,0.068576485,0.23664871,0.007679826,"TWOGAUSSIANS_WITH_ELLIPSOIDAL_ON_ECLIPSE1",9,37.286026,0.75621635,0.0055394364,0.33004606,0.08622041,0.5104151,0.058254447,0.23664871,0.007679826,0.33308545,0.11217337,0.39976627,0.015181762
375316653866487564,1810412145024757120,0.6278801,2089.417757840581,0.029328371203260824,3.5618825E-5,16.230387,0.002421514,0.3450671,0.09783814,0.1518539,0.11188418,0.0076031764,0.0034388998,0.9701569,2.9288966E-4,0.002005363,1.7311983E-4,0.48257038,0.05565272,null,null,null,null,"TWOGAUSSIANS",8,2.1676447,0.9701569,2.9288966E-4,0.011230034,9.69471E-4,0.48286563,0.05567209,0.3450671,0.09783814,0.4,0.10072218,0.007535904,0.002957961
375316653866487564,1810412694779926912,0.602314,2076.627974015909,2.66102858894296,9.261423E-6,17.346151,0.017592698,0.32943895,0.0028176291,0.049059767,0.0092499275,0.14149952,0.039949797,0.8404281,0.010883801,0.054616123,0.018550694,0.14895576,0.033218168,0.11008845,0.022159534,0.32943895,0.0028176291,"TWOGAUSSIANS_WITH_ELLIPSOIDAL_ON_ECLIPSE1",9,5.7245,0.8404281,0.010883801,0.3058503,0.10388389,0.3680825,0.019972881,0.32943895,0.0028176291,0.2747347,0.051799595,0.36167428,0.0065886765
375316653866487564,1810414550205797888,0.58540183,2079.6678790806723,2.5232265351660046,6.5695413E-6,17.243717,0.0071435813,0.2679337,0.0016768352,0.080938496,0.003919491,0.24473152,0.006382633,0.76340634,0.0019786356,0.08672858,0.0041277795,0.25918585,0.0097713545,null,null,null,null,"TWOGAUSSIANS",8,4.2252045,0.76340634,0.0019786356,0.4,0.0,0.25373885,0.009638001,0.2679337,0.0016768352,0.4,0.0,0.23928456,0.0047543547
375316653866487564,1810415168681804544,0.6246011,2076.2977997175976,1.9990538754331717,7.036256E-6,15.242122,0.007958352,0.2492445,0.005267996,0.04758269,0.0054713017,0.1719006,0.020584635,0.75690985,0.0022996885,0.04001179,0.010515332,0.12786515,0.011489298,0.128292,0.009268858,0.75690985,0.0022996885,"TWOGAUSSIANS_WITH_ELLIPSOIDAL_ON_ECLIPSE2",9,62.69147,0.2508545,0.0040408955,0.26646307,0.03063929,0.42801446,0.01098447,0.75690985,0.0022996885,0.22406603,0.05888586,0.38444862,0.012603941
375316653866487564,1810417676942290304,0.48448974,2094.477496476611,0.4641476985140496,2.7594515E-5,16.401417,0.0023939998,0.2783906,0.012658253,0.022470275,0.016682165,0.010069493,3986859.2,0.7671595,0.0028582024,0.018027985,0.0032782562,0.10465114,0.017703399,0.014934095,0.0037120131,0.2783906,0.012658253,"TWOGAUSSIANS_WITH_ELLIPSOIDAL_ON_ECLIPSE1",9,11.02795,0.7672395,0.0028450056,0.10095672,0.018358234,0.13437189,0.017351395,0.2783906,0.012658253,0.12583354,0.093420126,0.03993766,3986859.2
375316653866487564,1810418776454284672,0.5316152,2042.6190244212414,3.0540943264634186,2.394716E-5,19.153187,0.016391028,0.25836888,0.0052395132,0.087237425,0.008209472,0.3669309,0.023696862,0.7328512,0.0023697007,0.07977525,0.0047164857,0.44681948,0.022613183,null,null,null,null,"TWOGAUSSIANS",8,2.55105,0.7328512,0.0023697007,0.4,0.0,0.4411234,0.021516146,0.25836888,0.0052395132,0.4,0.0,0.36123466,0.022869866
