Gaia/vari_eclipsing_binary/VariEclipsingBinary_225227-225374.csv
# %ECSV 1.0
# ---
# delimiter: ','
# meta: !!omap
# - RELEASE: Gaia DR3
# - TABLE: vari_eclipsing_binary
# - DESCRIPTION: >
#     This table describes the properties of the eclipsing binaries resulting from the variability analysis. 
# - CITATION: >
#     How to cite and acknowledge Gaia: 
#     https://gea.esac.esa.int/archive/documentation/credits.html 
# - KNOWN_ISSUES: >
#     Known issues: 
#     https://www.cosmos.esa.int/web/gaia-users/known-issues 
# - DOCUMENTATION: >
#     Tutorials and documentation: 
#     https://www.cosmos.esa.int/web/gaia-users/archive 
# datatype:
# - 
#   name: solution_id
#   datatype: int64
#   description: Solution Identifier
#   meta:
#     ucd: meta.version
# - 
#   name: source_id
#   datatype: int64
#   description: Unique source identifier
#   meta:
#     ucd: meta.id;meta.main
# - 
#   name: global_ranking
#   datatype: float32
#   description: Number between 0 (worst) and 1 (best)
#   meta:
#     ucd: stat.param
# - 
#   name: reference_time
#   datatype: float64
#   unit: d
#   description: Reference time used for the geometric model fit
#   meta:
#     ucd: time.epoch
# - 
#   name: frequency
#   datatype: float64
#   unit: d**-1
#   description: Frequency of geometric model of the eclipsing binary light curve
#   meta:
#     ucd: src.orbital
# - 
#   name: frequency_error
#   datatype: float32
#   unit: d**-1
#   description: "Uncertainty of \\texttt{frequency}"
#   meta:
#     ucd: stat.error
# - 
#   name: geom_model_reference_level
#   datatype: float32
#   unit: mag
#   description: Magnitude reference level of geometric model
#   meta:
#     ucd: phot.mag;em.opt
# - 
#   name: geom_model_reference_level_error
#   datatype: float32
#   unit: mag
#   description: "Uncertainty of \\texttt{geomModelReferenceLevel}"
#   meta:
#     ucd: stat.error;phot.mag;em.opt
# - 
#   name: geom_model_gaussian1_phase
#   datatype: float32
#   description: Phase of the Gaussian 1 component
#   meta:
#     ucd: time.phase
# - 
#   name: geom_model_gaussian1_phase_error
#   datatype: float32
#   description: "Uncertainty of \\texttt{geomModelGaussian1Phase}"
#   meta:
#     ucd: stat.error;time.phase
# - 
#   name: geom_model_gaussian1_sigma
#   datatype: float32
#   description: "Standard deviation [phase] of Gaussian 1 component"
#   meta:
#     ucd: stat.stdev
# - 
#   name: geom_model_gaussian1_sigma_error
#   datatype: float32
#   description: "Uncertainty of \\texttt{geomModelGaussian1Sigma}"
#   meta:
#     ucd: stat.error
# - 
#   name: geom_model_gaussian1_depth
#   datatype: float32
#   unit: mag
#   description: Magnitude depth of Gaussian 1 component
#   meta:
#     ucd: src.var.amplitude
# - 
#   name: geom_model_gaussian1_depth_error
#   datatype: float32
#   unit: mag
#   description: "Uncertainty of \\texttt{geomModelGaussian1Depth}"
#   meta:
#     ucd: stat.error;src.var.amplitude
# - 
#   name: geom_model_gaussian2_phase
#   datatype: float32
#   description: Phase of Gaussian 2 component
#   meta:
#     ucd: time.phase
# - 
#   name: geom_model_gaussian2_phase_error
#   datatype: float32
#   description: "Uncertainty of \\texttt{geomModelGaussian2Phase}"
#   meta:
#     ucd: stat.error;time.phase
# - 
#   name: geom_model_gaussian2_sigma
#   datatype: float32
[...]
#   datatype: float32
#   description: "Secondary eclipse: uncertainty of \\texttt{derivedSecondaryEclDuration}"
#   meta:
#     ucd: stat.error;time.duration
# - 
#   name: derived_secondary_ecl_depth
#   datatype: float32
#   unit: mag
#   description: "Secondary eclipse: depth"
#   meta:
#     ucd: src.var.amplitude
# - 
#   name: derived_secondary_ecl_depth_error
#   datatype: float32
#   unit: mag
#   description: "Secondary eclipse: uncertainty of \\texttt{derivedSecondaryEclDepth}"
#   meta:
#     ucd: stat.error;src.var.amplitude
solution_id,source_id,global_ranking,reference_time,frequency,frequency_error,geom_model_reference_level,geom_model_reference_level_error,geom_model_gaussian1_phase,geom_model_gaussian1_phase_error,geom_model_gaussian1_sigma,geom_model_gaussian1_sigma_error,geom_model_gaussian1_depth,geom_model_gaussian1_depth_error,geom_model_gaussian2_phase,geom_model_gaussian2_phase_error,geom_model_gaussian2_sigma,geom_model_gaussian2_sigma_error,geom_model_gaussian2_depth,geom_model_gaussian2_depth_error,geom_model_cosine_half_period_amplitude,geom_model_cosine_half_period_amplitude_error,geom_model_cosine_half_period_phase,geom_model_cosine_half_period_phase_error,model_type,num_model_parameters,reduced_chi2,derived_primary_ecl_phase,derived_primary_ecl_phase_error,derived_primary_ecl_duration,derived_primary_ecl_duration_error,derived_primary_ecl_depth,derived_primary_ecl_depth_error,derived_secondary_ecl_phase,derived_secondary_ecl_phase_error,derived_secondary_ecl_duration,derived_secondary_ecl_duration_error,derived_secondary_ecl_depth,derived_secondary_ecl_depth_error
375316653866487564,1981117922306775680,0.48147237,2120.786527890871,0.6480326286422128,6.8177787E-6,17.896555,0.0025303403,0.19493398,0.0063422173,0.02224439,0.00907582,0.07933609,0.01740548,0.69818234,0.0028952518,0.037509102,0.002970557,0.15506057,0.014057623,null,null,null,null,"TWOGAUSSIANS",8,4.685849,0.69818234,0.0028952518,0.21005097,0.01663512,0.15506057,0.014057623,0.19493398,0.0063422173,0.12456858,0.050824597,0.07933609,0.01740548
375316653866487564,1981118158515543936,0.52701825,2111.4076814789278,3.309156194865365,1.0214636E-5,17.081203,0.0145612825,0.14848544,0.004420074,0.09343885,0.0063938014,0.29715484,0.017162666,0.65304774,0.0034990883,0.10236915,0.0075448914,0.28441167,0.014079567,null,null,null,null,"TWOGAUSSIANS",8,20.737595,0.14848544,0.004420074,0.4,0.0,0.27618974,0.013522987,0.65304774,0.0034990883,0.4,0.0,0.2634431,0.010342384
375316653866487564,1981118231544640768,0.5802156,2135.6176051312345,0.5033881395594192,8.299238E-5,17.56402,0.0014508573,0.2682233,0.10524909,0.05685436,0.047962222,0.01680398,0.0049815117,0.5944269,0.0086853085,0.024854444,0.0047381567,0.49980074,0.24148758,null,null,null,null,"TWOGAUSSIANS",8,2.0963378,0.5944269,0.0086853085,0.13918488,0.026533678,0.49980074,0.24148758,0.2682233,0.10524909,0.3183844,0.26858845,0.01680398,0.0049815117
375316653866487564,1981118987458860416,0.4829634,2090.3197334134543,4.608487570263611,1.2984434E-5,16.907612,0.0035640355,0.2151063,0.0013616125,0.021050116,0.0010616238,0.36575925,0.008438731,0.8827604,0.011457435,0.011617082,0.006612108,0.20182917,3.0587013,null,null,null,null,"TWOGAUSSIANS",8,30.584602,0.2151063,0.0013616125,0.11788065,0.0059450935,0.36575925,0.008438731,0.8827604,0.011457435,0.06505566,0.037027806,0.20182917,3.0587013
375316653866487564,1981120190049710848,0.6265696,2109.419655394487,0.9794409915290936,2.7526114E-5,15.959046,6.427481E-4,0.49505523,2.300786E-6,0.0027861882,5.4674665E-6,0.3849764,2.886547E-4,0.7934174,0.05025491,0.12623271,0.033914648,0.0050978716,0.0012002533,null,null,null,null,"TWOGAUSSIANS",8,1.6785133,0.49505523,2.300786E-6,0.015602653,3.061781E-5,0.38528448,5.248957E-4,0.7934174,0.05025491,0.4,0.0,0.005093876,0.0011963245
375316653866487564,1981120327479363200,0.55137813,2126.444616674074,2.47186328557676,6.3491148E-6,18.512207,0.011289504,0.28435937,0.0023990723,0.089592494,0.005442927,0.27963942,0.01111102,0.78934366,0.0030793857,0.08976645,0.004690055,0.27830297,0.013459554,null,null,null,null,"TWOGAUSSIANS",8,2.4439878,0.28435937,0.0023990723,0.4,0.0,0.26904052,0.008811452,0.78934366,0.0030793857,0.4,0.0,0.2677041,0.011492001
375316653866487564,1981120533647321600,0.56884485,2134.709190021666,0.18119092697315375,9.431856E-6,15.233518,0.003403108,0.1909802,0.007542011,0.015303178,0.005291544,0.07019734,0.10864489,0.69837487,0.003983659,0.024610735,0.0049656266,0.9835977,0.6793428,0.025171991,0.005267438,0.69837487,0.003983659,"TWOGAUSSIANS_WITH_ELLIPSOIDAL_ON_ECLIPSE2",9,70.243355,0.69837487,0.003983659,0.13782012,0.02780751,1.0339416,0.68486905,0.1910802,0.007461355,0.08569779,0.029632647,0.12043412,0.110118724
375316653866487564,1981121220841838592,0.56829095,2112.5480844819253,1.2841893670494884,6.926404E-6,14.983862,0.0017855183,0.17807662,0.0017436057,0.040491216,0.00624162,0.033194844,0.003969772,0.6701886,0.02814676,0.051462855,0.035123456,0.028418027,0.12027581,0.025940552,0.0026222307,0.17807662,0.0017436057,"TWOGAUSSIANS_WITH_ELLIPSOIDAL_ON_ECLIPSE1",9,8.011154,0.17807662,0.0017436057,0.2267508,0.034953073,0.0850758,0.0020937913,0.6723686,0.025842967,0.28819197,0.19669136,0.0802068,0.12270601
375316653866487564,1981122595221196288,0.51474094,2106.662741957416,2.7034090683267777,5.5750083E-6,19.787607,0.0072946544,0.25467446,0.0042722933,0.04513734,0.0037368755,0.5805619,0.12142052,0.76171106,0.0017944315,0.044944685,0.001691427,0.6293842,0.015165637,null,null,null,null,"TWOGAUSSIANS",8,1.890421,0.76171106,0.0017944315,0.25169024,0.009471991,0.62938404,0.015165614,0.25467446,0.0042722933,0.25276908,0.020926503,0.58056176,0.1214207
375316653866487564,1981122968876198016,0.5430533,2127.2785367413853,0.22437064902824802,1.2200347E-5,17.304121,0.010796312,0.25031757,0.00349039,0.009194617,0.006888322,0.15786189,4.9894934,0.7211195,0.0029923622,0.030160882,0.0026585099,0.8443728,0.037931908,0.01443833,0.015096586,0.25031757,0.00349039,"TWOGAUSSIANS_WITH_ELLIPSOIDAL_ON_ECLIPSE1",9,84.79707,0.72118956,0.0029789163,0.16890094,0.014887655,0.8722907,0.038782716,0.25031757,0.00349039,0.05148986,0.038574602,0.1867385,4.9902916
375316653866487564,1981125584519152768,0.4924808,2128.2321449632914,2.863375749479931,8.6105965E-6,19.29747,0.015707824,0.26264223,0.003652076,0.093221344,0.009474329,0.23834522,0.016184103,0.7563494,0.005245494,0.07989684,0.0088728275,0.24743627,0.025543079,null,null,null,null,"TWOGAUSSIANS",8,1.9358004,0.7563494,0.005245494,0.4,0.0,0.2407232,0.025338763,0.26264223,0.003652076,0.4,0.0,0.23163188,0.014594819
375316653866487564,1981126409153308288,0.48039958,2123.1113436199853,2.4779988005775193,2.403173E-5,18.449776,0.02708866,0.26934436,0.008541565,0.086176686,0.013481445,0.24567755,0.03442957,0.77368605,0.0051032687,0.07255953,0.010968745,0.24990581,0.023008943,null,null,null,null,"TWOGAUSSIANS",8,11.312068,0.77368605,0.0051032687,0.4,0.028895792,0.2467369,0.018393608,0.26934436,0.008541565,0.4,0.0,0.24250862,0.03215093
375316653866487564,1981127680475158272,0.47400388,2145.670435545531,3.2643796243929386,1.2636498E-5,18.265696,0.0032259608,0.6903858,0.004205639,0.019275377,0.0035235519,0.0049521164,0.006913494,null,null,null,null,null,null,0.07989624,0.005302727,0.6903858,0.004205639,"ONEGAUSSIAN_WITH_ELLIPSOIDAL",6,7.077284,0.6903858,0.004205639,0.107942104,0.01973189,0.16474459,0.007678196,null,null,null,null,null,null
375316653866487564,1981128913109934720,0.5770093,2117.5283199428363,1.0151857772502062,1.5970898E-5,18.707014,0.006081398,0.20183131,0.005100608,0.064645074,0.009010813,0.10309935,0.006463009,0.69944406,0.015851242,0.035981003,0.008121095,0.71415365,0.1339537,null,null,null,null,"TWOGAUSSIANS",8,3.3647597,0.69944406,0.015851242,0.20149362,0.045478128,0.7141522,0.13394253,0.20183131,0.005100608,0.36201242,0.05046055,0.10309787,0.0064590042
375316653866487564,1981128947469708160,0.53119963,2115.3391149108215,2.6632617868765416,1.0617586E-5,19.423742,0.008926196,0.2952189,0.004534299,0.08470187,0.0056889416,0.3594106,0.016811604,0.7981636,0.0040681027,0.08312289,0.005060624,0.376787,0.023089113,null,null,null,null,"TWOGAUSSIANS",8,1.8878169,0.7981636,0.0040681027,0.4,0.0,0.3685349,0.024074873,0.2952189,0.004534299,0.4,0.0,0.35115847,0.016783262
375316653866487564,1981130424938993920,0.6104311,2120.577828111561,3.9678917307500905,6.8175705E-6,17.332935,0.018722525,0.32093683,0.0029949117,0.05223768,0.007532761,0.27557755,0.049482167,0.8150125,0.0018418876,0.050267633,0.007959955,0.20754164,0.050220307,0.118568234,0.033953525,0.8150125,0.0018418876,"TWOGAUSSIANS_WITH_ELLIPSOIDAL_ON_ECLIPSE2",9,17.702055,0.32000682,0.0024737928,0.29253098,0.042183463,0.5124343,0.021470554,0.8150125,0.0018418876,0.28149873,0.04457575,0.4446755,0.026035976
375316653866487564,1981131013367915648,0.5465027,2136.473005721323,0.6215500842411017,7.825597E-6,16.976656,0.004869315,0.3666498,1.999634E-6,1.7339247E-4,3.3189788E-6,1.1922482,0.024388073,0.7242498,0.05944146,0.0715527,0.063222356,0.049243264,0.0088811545,null,null,null,null,"TWOGAUSSIANS",8,27.846972,0.3666498,1.999634E-6,9.709979E-4,1.8586281E-5,1.1922485,0.025110245,0.7242498,0.05944146,0.4,0.16058785,0.049243264,0.008898621
375316653866487564,1981131387008258176,0.5499906,2163.023381025566,0.8047407608318857,5.3756157E-6,17.657791,0.0028581445,0.17669615,0.0036563673,0.037332784,0.0067160516,0.08412007,0.013578579,0.6766923,0.004809496,0.03648009,0.0053612036,0.07344958,0.012611972,0.044398244,0.0041694534,0.17669615,0.0036563673,"TWOGAUSSIANS_WITH_ELLIPSOIDAL_ON_ECLIPSE1",9,2.9940867,0.17669615,0.0036563673,0.20906359,0.03760989,0.17291637,0.014372298,0.6766923,0.0046782694,0.20428851,0.03002274,0.16224588,0.011973633
375316653866487564,1981132250320343808,0.71803176,2139.291995795349,0.9260790528016571,9.951987E-7,10.433405,0.001511919,0.2275544,0.0016416233,0.034130726,0.0023307542,0.32261232,0.008981429,0.72731894,2.044631E-4,0.03079688,2.8251237E-4,0.63841337,0.005733907,0.028141733,0.0028213942,0.2275544,0.0016416233,"TWOGAUSSIANS_WITH_ELLIPSOIDAL_ON_ECLIPSE1",9,21.516949,0.72731894,2.044631E-4,0.17246252,0.0015820693,0.69469666,0.0051398575,0.2275544,0.0016416233,0.19113207,0.013052223,0.3788958,0.009750238
375316653866487564,1981132353397699456,0.5804937,2180.2836805468387,1.0553895759633303,1.0706886E-5,16.716923,0.011234909,0.22685471,0.0027611726,0.07592898,0.0033659376,0.4128125,0.017976016,0.7454367,0.0053237625,0.09104082,0.008546048,0.29554912,0.011256612,null,null,null,null,"TWOGAUSSIANS",8,20.142666,0.22685471,0.0027611726,0.4,0.0,0.40732276,0.016889874,0.7454367,0.0053237625,0.4,0.0,0.29005912,0.011311243
375316653866487564,1981132417800477184,0.506378,2132.4476181581317,1.4269840681014323,1.4940535E-5,17.456701,0.00329906,0.2861615,0.0067864554,0.05174955,0.007869252,0.17242381,0.022082213,0.7880689,0.0062962817,0.0701285,0.011090165,0.038831193,0.0040392843,null,null,null,null,"TWOGAUSSIANS",8,3.0307853,0.2861615,0.0067864554,0.28979748,0.044067815,0.17239448,0.022113934,0.7880689,0.0062962817,0.39271963,0.04576188,0.038801868,0.0040243403
375316653866487564,1981132456477069952,0.52495223,2180.7441772168922,0.09625394654626798,7.775254E-6,14.605539,5.6485244E-4,null,null,null,null,null,null,null,null,null,null,null,null,0.028793333,9.116827E-4,0.25622788,0.0023112318,"ELLIPSOIDAL",4,11.421292,null,null,null,null,null,null,null,null,null,null,null,null
375316653866487564,1981132692685625728,0.62936026,2148.077031991308,0.7784187882838414,1.2611277E-6,17.91607,0.0013789844,0.13212638,5.88093E-4,0.027104788,6.9779163E-4,0.40139794,0.009942432,0.630884,0.0012599282,0.029356634,8.849302E-4,0.34137744,0.0037519184,null,null,null,null,"TWOGAUSSIANS",8,0.98675054,0.13212638,5.88093E-4,0.1517868,0.003907633,0.40139794,0.009942432,0.630884,0.0012599282,0.16439715,0.0049556093,0.34137744,0.0037519184
375316653866487564,1981133139354988288,0.46784475,2117.6538451188812,2.875709938147476,1.9590241E-5,19.651545,0.029302927,0.2835916,0.030047432,0.07849248,0.02805508,0.25315648,0.09051828,0.7689492,0.00703488,0.08478019,0.018910974,0.26722723,0.024053084,null,null,null,null,"TWOGAUSSIANS",8,2.75696,0.7689492,0.00703488,0.4,0.0,0.26360595,0.021621522,0.2835916,0.030047432,0.4,0.102334,0.2495352,0.09175621
375316653866487564,1981133551671931008,0.5923075,2188.6387605524383,3.3602041788417982,4.7738326E-6,17.565416,0.004921258,0.20531699,0.001928432,0.08358221,0.0032254409,0.39238226,0.013767647,0.70815563,0.0011138102,0.0819837,0.0015976004,0.41490683,0.006503911,null,null,null,null,"TWOGAUSSIANS",8,5.2044206,0.70815563,0.0011138102,0.4,0.0,0.40689397,0.005915212,0.20531699,0.001928432,0.4,0.0,0.3843694,0.01469284
375316653866487564,1981133792190124544,0.53462785,2147.8833706808005,2.881876168778801,6.941924E-6,18.382107,0.034484442,0.26335645,0.0032047748,0.10519851,0.0149676,0.22962451,0.030114636,0.7542096,0.004263598,0.107776895,0.01626153,0.24993439,0.02705821,null,null,null,null,"TWOGAUSSIANS",8,2.4863832,0.7542096,0.004263598,0.4,0.0,0.222424,0.011012189,0.26336643,0.0032046463,0.4,0.0,0.20211932,0.010882671
375316653866487564,1981134002658409472,0.50395864,2123.6703829934054,3.536353069856411,1.3212948E-5,19.428972,0.007853728,0.41016102,0.0023554212,0.018756991,0.0014586005,0.5149322,0.08331574,0.921663,0.011422375,0.021071276,0.006318252,0.71374047,0.20722555,null,null,null,null,"TWOGAUSSIANS",8,4.6615252,0.921663,0.011422375,0.117999144,0.03538221,0.71374047,0.20722555,0.41016102,0.0023554212,0.10503916,0.008168163,0.5149322,0.08331574
375316653866487564,1981134861651821312,0.4323018,2125.490303176194,1.9178071078807024,4.0584135E-5,17.127132,0.0061548483,null,null,null,null,null,null,null,null,null,null,null,null,0.0772005,0.008585152,0.2051228,0.007052975,"ELLIPSOIDAL",4,57.62525,null,null,null,null,null,null,null,null,null,null,null,null
375316653866487564,1981134964731000448,0.625002,2168.941129624526,2.89587393557147,3.4899226E-6,18.936134,0.010313271,0.23694882,0.0014844775,0.039574895,0.0017378359,0.51411575,0.026925184,0.7348178,0.0020203919,0.041904766,0.0022265099,0.5697953,0.029270787,0.1364965,0.014691726,0.23694882,0.0014844775,"TWOGAUSSIANS_WITH_ELLIPSOIDAL_ON_ECLIPSE1",9,2.4480255,0.7349478,0.001887948,0.23466669,0.012468455,0.8427424,0.020223206,0.23694882,0.0014844775,0.22161941,0.009731881,0.7871087,0.016428353
375316653866487564,1981135411414893312,0.6394684,2108.0478229911155,0.5697997223553335,3.3670044E-6,14.336821,0.0011101995,0.22864474,0.004715942,0.028802551,0.0027697866,0.32399225,0.011320568,0.722669,0.0071950746,0.02013784,0.014181698,0.21890682,9.66792,0.021931209,0.0013757042,0.22864474,0.004715942,"TWOGAUSSIANS_WITH_ELLIPSOIDAL_ON_ECLIPSE1",9,16.84464,0.22864474,0.004715942,0.16129428,0.015510805,0.36785462,0.010720699,0.722709,0.0071611675,0.11277191,0.07941751,0.26270777,9.669223
375316653866487564,1981136167329367168,0.58920556,2122.9503525699306,2.836300515162286,5.584707E-6,17.12413,0.016595619,0.32221738,0.002722726,0.057461005,0.009160799,0.18497874,0.034446303,0.82139665,0.003274367,0.05272246,0.008788132,0.17267238,0.032937802,0.10149383,0.019730771,0.32221738,0.002722726,"TWOGAUSSIANS_WITH_ELLIPSOIDAL_ON_ECLIPSE1",9,12.050809,0.32221738,0.002722726,0.32178164,0.051300474,0.38794988,0.00968201,0.82156664,0.002570429,0.2952458,0.04921354,0.37563923,0.009746173
375316653866487564,1981136201690441728,0.58170015,2107.735382281282,0.07636021522009172,3.540585E-5,15.833982,0.0010704126,0.46793652,0.03710248,0.023182519,0.01568893,0.27996764,1.535837,0.8678061,7.4000575E-4,0.005865385,6.6296384E-4,0.024078466,0.003358632,null,null,null,null,"TWOGAUSSIANS",8,6.777526,0.46793652,0.03710248,0.1298221,0.087858,0.27996764,1.535837,0.8678061,7.4000575E-4,0.032846157,0.0037125975,0.024078466,0.003358632
375316653866487564,1981136850206924672,0.53860015,2129.339653730389,0.4225241334336651,1.3516261E-5,17.598442,0.001261699,0.1733334,3.6720096E-4,0.013492807,3.037255E-4,0.1541448,0.0012584409,0.66917616,0.006811013,0.01124271,0.0058539333,0.14173609,0.036064878,null,null,null,null,"TWOGAUSSIANS",8,1.5275706,0.1733334,3.6720096E-4,0.07555972,0.0017008629,0.1541448,0.0012584409,0.66917616,0.006811013,0.06295918,0.032782026,0.14173609,0.036064878
375316653866487564,1981136888883619584,0.6438697,2129.350107549839,0.6398873889077946,9.956947E-7,16.471115,5.6499534E-4,0.30869856,2.42147E-6,0.011192783,1.7920353E-5,0.2566113,5.6572515E-4,null,null,null,null,null,null,null,null,null,null,"ONEGAUSSIAN",5,1.4175061,0.30869856,2.42147E-6,0.06267958,1.0035397E-4,0.2566113,0.0,null,null,null,null,null,null
375316653866487564,1981138293319005824,0.5003373,2130.918016895019,0.3525799634833792,1.0378166E-5,19.057951,0.004778595,0.17069973,0.0042792563,0.015212708,0.0062718475,0.22580242,0.04384391,0.6738137,0.005168311,0.015530084,0.0033676683,0.2742387,0.019121224,null,null,null,null,"TWOGAUSSIANS",8,2.4124653,0.6738137,0.005168311,0.086968474,0.018858941,0.2742387,0.019121224,0.17069973,0.0042792563,0.08519117,0.035122346,0.22580242,0.04384391
375316653866487564,1981139534583936896,0.68551165,2156.655014079929,0.09721335062116981,2.5520817E-6,15.883044,5.6562107E-4,0.23263408,3.0775568E-6,0.018292444,2.6639005E-5,0.71842337,3.982979E-4,0.70349556,1.4403466E-5,0.012206709,3.8298833E-5,0.84038687,0.0036188553,null,null,null,null,"TWOGAUSSIANS",8,2.4330382,0.70349556,1.4403466E-5,0.06835757,2.1447348E-4,0.84038687,0.0036188553,0.23263408,3.0775568E-6,0.10243769,1.4917842E-4,0.71842337,3.982979E-4
