Gaia/vari_eclipsing_binary/VariEclipsingBinary_228781-228891.csv
# %ECSV 1.0
# ---
# delimiter: ','
# meta: !!omap
# - RELEASE: Gaia DR3
# - TABLE: vari_eclipsing_binary
# - DESCRIPTION: >
#     This table describes the properties of the eclipsing binaries resulting from the variability analysis. 
# - CITATION: >
#     How to cite and acknowledge Gaia: 
#     https://gea.esac.esa.int/archive/documentation/credits.html 
# - KNOWN_ISSUES: >
#     Known issues: 
#     https://www.cosmos.esa.int/web/gaia-users/known-issues 
# - DOCUMENTATION: >
#     Tutorials and documentation: 
#     https://www.cosmos.esa.int/web/gaia-users/archive 
# datatype:
# - 
#   name: solution_id
#   datatype: int64
#   description: Solution Identifier
#   meta:
#     ucd: meta.version
# - 
#   name: source_id
#   datatype: int64
#   description: Unique source identifier
#   meta:
#     ucd: meta.id;meta.main
# - 
#   name: global_ranking
#   datatype: float32
#   description: Number between 0 (worst) and 1 (best)
#   meta:
#     ucd: stat.param
# - 
#   name: reference_time
#   datatype: float64
#   unit: d
#   description: Reference time used for the geometric model fit
#   meta:
#     ucd: time.epoch
# - 
#   name: frequency
#   datatype: float64
#   unit: d**-1
#   description: Frequency of geometric model of the eclipsing binary light curve
#   meta:
#     ucd: src.orbital
# - 
#   name: frequency_error
#   datatype: float32
#   unit: d**-1
#   description: "Uncertainty of \\texttt{frequency}"
#   meta:
#     ucd: stat.error
# - 
#   name: geom_model_reference_level
#   datatype: float32
#   unit: mag
#   description: Magnitude reference level of geometric model
#   meta:
#     ucd: phot.mag;em.opt
# - 
#   name: geom_model_reference_level_error
#   datatype: float32
#   unit: mag
#   description: "Uncertainty of \\texttt{geomModelReferenceLevel}"
#   meta:
#     ucd: stat.error;phot.mag;em.opt
# - 
#   name: geom_model_gaussian1_phase
#   datatype: float32
#   description: Phase of the Gaussian 1 component
#   meta:
#     ucd: time.phase
# - 
#   name: geom_model_gaussian1_phase_error
#   datatype: float32
#   description: "Uncertainty of \\texttt{geomModelGaussian1Phase}"
#   meta:
#     ucd: stat.error;time.phase
# - 
#   name: geom_model_gaussian1_sigma
#   datatype: float32
#   description: "Standard deviation [phase] of Gaussian 1 component"
#   meta:
#     ucd: stat.stdev
# - 
#   name: geom_model_gaussian1_sigma_error
#   datatype: float32
#   description: "Uncertainty of \\texttt{geomModelGaussian1Sigma}"
#   meta:
#     ucd: stat.error
# - 
#   name: geom_model_gaussian1_depth
#   datatype: float32
#   unit: mag
#   description: Magnitude depth of Gaussian 1 component
#   meta:
#     ucd: src.var.amplitude
# - 
#   name: geom_model_gaussian1_depth_error
#   datatype: float32
#   unit: mag
#   description: "Uncertainty of \\texttt{geomModelGaussian1Depth}"
#   meta:
#     ucd: stat.error;src.var.amplitude
# - 
#   name: geom_model_gaussian2_phase
#   datatype: float32
#   description: Phase of Gaussian 2 component
#   meta:
#     ucd: time.phase
# - 
#   name: geom_model_gaussian2_phase_error
#   datatype: float32
#   description: "Uncertainty of \\texttt{geomModelGaussian2Phase}"
#   meta:
#     ucd: stat.error;time.phase
# - 
#   name: geom_model_gaussian2_sigma
#   datatype: float32
[...]
#   datatype: float32
#   description: "Secondary eclipse: uncertainty of \\texttt{derivedSecondaryEclDuration}"
#   meta:
#     ucd: stat.error;time.duration
# - 
#   name: derived_secondary_ecl_depth
#   datatype: float32
#   unit: mag
#   description: "Secondary eclipse: depth"
#   meta:
#     ucd: src.var.amplitude
# - 
#   name: derived_secondary_ecl_depth_error
#   datatype: float32
#   unit: mag
#   description: "Secondary eclipse: uncertainty of \\texttt{derivedSecondaryEclDepth}"
#   meta:
#     ucd: stat.error;src.var.amplitude
solution_id,source_id,global_ranking,reference_time,frequency,frequency_error,geom_model_reference_level,geom_model_reference_level_error,geom_model_gaussian1_phase,geom_model_gaussian1_phase_error,geom_model_gaussian1_sigma,geom_model_gaussian1_sigma_error,geom_model_gaussian1_depth,geom_model_gaussian1_depth_error,geom_model_gaussian2_phase,geom_model_gaussian2_phase_error,geom_model_gaussian2_sigma,geom_model_gaussian2_sigma_error,geom_model_gaussian2_depth,geom_model_gaussian2_depth_error,geom_model_cosine_half_period_amplitude,geom_model_cosine_half_period_amplitude_error,geom_model_cosine_half_period_phase,geom_model_cosine_half_period_phase_error,model_type,num_model_parameters,reduced_chi2,derived_primary_ecl_phase,derived_primary_ecl_phase_error,derived_primary_ecl_duration,derived_primary_ecl_duration_error,derived_primary_ecl_depth,derived_primary_ecl_depth_error,derived_secondary_ecl_phase,derived_secondary_ecl_phase_error,derived_secondary_ecl_duration,derived_secondary_ecl_duration_error,derived_secondary_ecl_depth,derived_secondary_ecl_depth_error
[from data line 37]
375316653866487564,2012421018329732736,0.44243985,2158.0385548360628,0.8307429866024962,3.697248E-5,18.991194,0.0077523994,0.21808074,0.010745163,0.082661726,0.013593779,0.11298415,0.019673081,0.7402523,0.00578645,0.073355824,0.01009483,0.22145016,0.041305743,null,null,null,null,"TWOGAUSSIANS",8,4.1076484,0.7402523,0.00578645,0.4,0.0,0.22031517,0.042169858,0.21808074,0.010745163,0.4,0.0,0.11184916,0.019892136
375316653866487564,2012423487935960448,0.49578333,2183.299114922834,1.9537995271444355,5.9657617E-5,18.188066,0.0077569936,0.25688478,0.013707254,0.10043956,0.014004024,0.11990484,0.022009842,0.72902143,0.0061266054,0.032742143,0.0048413486,0.417665,0.036851503,null,null,null,null,"TWOGAUSSIANS",8,14.007416,0.72902143,0.0061266054,0.183356,0.02711155,0.41756016,0.036834747,0.25688478,0.013707254,0.4,0.0,0.11979795,0.022039074
375316653866487564,2012424484368436608,0.54185855,2194.185375152668,1.8254522174958512,1.0838371E-5,17.846104,0.0052620126,0.17367475,0.0019723957,0.03438282,0.0028799823,0.47833836,0.05785857,0.6706138,0.011618985,0.02953106,0.022755237,0.1403275,313637.5,0.029031929,0.011626298,0.6706138,0.011618985,"TWOGAUSSIANS_WITH_ELLIPSOIDAL_ON_ECLIPSE2",9,14.9,0.17364474,0.001936815,0.1925438,0.016127901,0.5363809,0.05860066,0.6706138,0.011618985,0.16537394,0.12742934,0.19839127,313637.5
375316653866487564,2012425583880128000,0.43634474,2186.7514428923982,0.05288845378654894,1.30749695E-5,19.169329,0.0117564425,0.1657405,0.0074462104,0.06102029,0.007265382,0.22739992,0.02971285,0.5101904,0.0018234577,0.010698663,0.0025546632,0.264649,0.10679318,null,null,null,null,"TWOGAUSSIANS",8,7.330204,0.5101904,0.0018234577,0.059912514,0.014306114,0.26464903,0.10679318,0.1657405,0.0074462104,0.34171364,0.04068614,0.22739992,0.02971285
375316653866487564,2012427168729106304,0.6761836,2218.6702792236233,0.2112821845079372,2.2245036E-5,12.959482,0.0011946918,0.22035186,0.009027289,0.011451661,0.009889809,0.46283618,10.030929,0.71145654,1.3687192E-4,0.0055254637,1.6414352E-4,0.78187585,0.040323764,0.0032517374,0.0017811089,0.22035186,0.009027289,"TWOGAUSSIANS_WITH_ELLIPSOIDAL_ON_ECLIPSE1",9,34.870285,0.71145654,1.3687192E-4,0.030942596,9.1920374E-4,0.78835905,0.04130494,0.22035186,0.009027289,0.0641293,0.055382933,0.46933964,10.03115
375316653866487564,2012427924643358592,0.6954532,2206.5556235747913,0.43017992773534786,4.2832136E-5,16.413027,8.981036E-4,0.7474482,3.9988666E-4,0.00956719,5.122227E-4,3.8054445,0.7722804,null,null,null,null,null,null,null,null,null,null,"ONEGAUSSIAN",5,4.259046,0.7474482,3.9988666E-4,0.05357626,0.002868447,3.8054445,0.0,null,null,null,null,null,null
375316653866487564,2012430978359177216,0.5257397,2253.8350706641395,0.24926349549149518,6.604995E-5,19.765232,0.010583629,0.19305593,0.011361689,0.012194132,0.030467965,1.0099275,1.0045993,0.64635277,0.0010144993,0.019187452,0.0016536141,0.1406077,0.012769959,null,null,null,null,"TWOGAUSSIANS",8,1.2494633,0.19305593,0.011361689,0.06828714,0.1706206,1.0099275,1.0045993,0.64635277,0.0010144993,0.10744973,0.009260239,0.1406077,0.012769959
375316653866487564,2012433765792408192,0.47685555,2210.2446655092294,0.5594723066229905,1.0097926E-6,17.663525,0.0020145343,0.50679016,0.0015083714,0.009858976,7.2346994E-4,0.25512612,0.019540198,null,null,null,null,null,null,null,null,null,null,"ONEGAUSSIAN",5,5.7472053,0.50679016,0.0015083714,0.055210266,0.0040514315,0.25512612,0.0,null,null,null,null,null,null
375316653866487564,2012437644151478784,0.53179145,2194.038869116792,3.272211069558429,9.678043E-6,17.985952,0.031105943,0.25661933,0.005672277,0.1083965,0.017724445,0.25170454,0.025047893,0.7433138,0.0044781845,0.09829838,0.013316236,0.23055588,0.03000024,null,null,null,null,"TWOGAUSSIANS",8,4.613351,0.25661933,0.0056755836,0.4,0.0,0.22962174,0.012267373,0.7433138,0.0044781845,0.4,0.0,0.20848566,0.00947706
375316653866487564,2012439018536644352,0.4725283,2220.545153648533,0.6686859737247175,9.758554E-6,17.872845,0.0015033169,0.39630917,0.005496221,0.020331912,0.003140906,0.038207497,0.0060055703,0.90241086,0.0059789023,0.019963503,0.006317707,0.12648089,0.11848348,null,null,null,null,"TWOGAUSSIANS",8,1.627801,0.90241086,0.0059789023,0.11179562,0.03537916,0.12648089,0.11848348,0.39630917,0.005496221,0.1138587,0.017589074,0.038207497,0.0060055703
375316653866487564,2012443730123623808,0.5805409,2185.2654038865167,0.7499767060322953,5.3061244E-6,13.94897,0.0042128977,0.28463286,0.0016905734,0.03928094,0.0028947706,0.3291258,0.024279907,0.7797675,0.008165031,0.03439094,0.005471977,0.15578353,0.022166723,0.012686792,0.004667916,0.28463286,0.0016905734,"TWOGAUSSIANS_WITH_ELLIPSOIDAL_ON_ECLIPSE1",9,88.2376,0.28463286,0.0016905734,0.21997327,0.016210716,0.35449937,0.026548134,0.7798375,0.008056605,0.19258927,0.03064307,0.18113375,0.01950348
375316653866487564,2012445241946924928,0.48367837,2158.842355457536,0.5463559473504601,8.549725E-6,19.640308,0.0037751712,0.08116929,0.0040025027,0.015406167,0.0026581269,0.1097072,0.008638881,0.5894497,0.0010111554,0.018066674,9.798602E-4,0.3589791,0.018007385,null,null,null,null,"TWOGAUSSIANS",8,1.1932642,0.5894497,0.0010111554,0.10117337,0.005487217,0.3589791,0.018007385,0.08116929,0.0040025027,0.086274534,0.01488551,0.1097072,0.008638881
375316653866487564,2012445276311803648,0.6075132,2195.6596548884722,2.4881899038331734,1.5377008E-6,13.16029,4.7616378E-4,0.19506033,0.03061552,0.030521873,0.016138501,0.003573488,0.0035767083,0.5894872,4.8252774E-4,0.008693294,3.0500864E-4,0.12669532,0.0023220428,null,null,null,null,"TWOGAUSSIANS",8,8.801356,0.5894872,4.8252774E-4,0.048682448,0.0017080484,0.12669532,0.0023220428,0.19506033,0.03061552,0.17092249,0.09037561,0.003573488,0.0035767083
375316653866487564,2012445718685481216,0.5185195,2184.502292185329,4.560812483888154,3.144328E-5,18.071688,0.012721532,0.44180834,0.0077133346,0.17637566,0.014946551,0.25919542,0.011454965,0.86203134,0.014691801,0.009974685,0.0059929383,0.122638814,2.1868827,null,null,null,null,"TWOGAUSSIANS",8,6.1440697,0.44180834,0.0077133346,0.4,0.0,0.24987213,0.009357224,0.86203134,0.014691801,0.055858232,0.033560455,0.12965296,2.1872106
375316653866487564,2012445890484175744,0.5395761,2182.6066482118376,1.1651331808714687,2.5546724E-5,17.470772,0.008021965,0.23388578,0.0017653815,0.037136722,0.0029139854,0.67658275,0.07005143,0.72020835,0.030394012,0.048466835,0.020944118,0.2002744,0.030582242,0.032873835,0.015392894,0.23388578,0.0017653815,"TWOGAUSSIANS_WITH_ELLIPSOIDAL_ON_ECLIPSE1",9,24.996437,0.23388578,0.0017653815,0.20796564,0.01631832,0.7423304,0.07223587,0.7209884,0.029433288,0.27141428,0.11728707,0.26556522,0.022251137
375316653866487564,2012446234083726976,0.5890612,2171.5571085221004,1.8341853491244664,4.6014975E-6,18.540335,0.0032370058,0.29768836,9.429601E-4,0.056775156,0.0015347205,0.395605,0.010773086,0.7923411,0.0033001385,0.061904322,0.0032802483,0.21021675,0.01045761,null,null,null,null,"TWOGAUSSIANS",8,1.7419939,0.29768836,9.429601E-4,0.31794086,0.008594435,0.39553952,0.010782936,0.7923411,0.0033001385,0.3466642,0.01836939,0.21015128,0.010472427
375316653866487564,2012446238384455296,0.4806256,2168.39174028201,1.4481403164832911,1.8236728E-5,17.546148,0.13698359,0.25219926,0.002723362,0.13689692,0.04941375,0.11511965,0.119293064,0.7499818,0.0069296914,0.1586571,0.099208005,0.08745724,0.133515,null,null,null,null,"TWOGAUSSIANS",8,2.0235956,0.25236925,0.0028416875,0.4,0.0,0.07010779,0.003714709,0.7499818,0.0069296914,0.4,0.0,0.041517206,0.0040125786
375316653866487564,2012447024355621376,0.5488474,2165.4661360566547,0.3425830283960121,2.4562727E-5,19.14221,0.0047230236,0.3411619,9.545753E-4,0.014046301,8.8658044E-4,0.59204644,0.06147052,0.83364826,0.001674207,0.020098897,0.0014824963,0.43186533,0.024121068,null,null,null,null,"TWOGAUSSIANS",8,2.4807804,0.3411619,9.545753E-4,0.07865928,0.0049648504,0.59204644,0.06147052,0.83364826,0.001674207,0.11255383,0.008301979,0.43186533,0.024121068
375316653866487564,2012448059450578944,0.6009528,2178.2690371190865,0.12732079793996662,1.0098971E-6,11.940882,2.685742E-4,0.20832756,2.5300242E-6,0.0051573026,9.959463E-6,0.35097367,1.3671808E-4,null,null,null,null,null,null,null,null,null,null,"ONEGAUSSIAN",5,54.2221,0.20832756,2.5300242E-6,0.028880894,5.577299E-5,0.35097367,0.0,null,null,null,null,null,null
375316653866487564,2012449914876528384,0.57150346,2206.244322421253,0.6952800141730975,7.4091886E-6,15.081352,0.0015979051,0.25723657,0.0021854097,0.09229966,0.0050704316,0.06322647,0.0020709916,0.7616219,0.0015133538,0.09623668,0.0035907072,0.06221774,0.0015299413,null,null,null,null,"TWOGAUSSIANS",8,3.4112797,0.25723657,0.0021854097,0.4,0.0,0.059726335,0.002406749,0.7616219,0.0015133538,0.4,0.0,0.05871748,0.0010061492
375316653866487564,2012449914878253056,0.43061158,2168.9152390426557,0.36982313113395676,2.7103449E-4,18.069609,0.37464008,0.30107865,0.027552417,0.025307147,0.12075647,0.95119244,0.55740803,0.84004366,0.020347083,0.08487042,0.1261448,0.08101111,0.37219357,null,null,null,null,"TWOGAUSSIANS",8,19.786524,0.30107865,0.02360264,0.14172003,0.2516326,0.951191,0.80618685,0.84004366,0.020219732,0.4,0.0,0.08100963,0.07357683
375316653866487564,2012450357250304512,0.57742727,2199.5960270474593,2.8286769742123616,4.3968325E-6,18.301727,0.023944288,0.2938113,0.0018815419,0.042959962,0.004534164,0.5410979,0.056479964,0.79019463,0.0064067543,0.04514655,0.0069498336,0.6449672,0.085178204,0.10591941,0.03472904,0.2938113,0.0018815419,"TWOGAUSSIANS_WITH_ELLIPSOIDAL_ON_ECLIPSE1",9,22.005352,0.79037464,0.006167277,0.2528207,0.03891907,0.85670155,0.065039024,0.2938113,0.0018815419,0.24057578,0.025391318,0.7529361,0.040725794
375316653866487564,2012450700847634304,0.5231427,2179.627562946164,2.9173781976194175,1.07993465E-5,18.66121,0.013208621,0.1753582,0.0033084343,0.053353697,0.0040068245,0.33377156,0.013810425,0.6270864,0.019695764,0.122981824,0.027763287,0.12960038,0.014727906,null,null,null,null,"TWOGAUSSIANS",8,3.8677998,0.1753982,0.0032896223,0.29878068,0.022438215,0.33148414,0.012060559,0.6270864,0.019695764,0.4,0.0,0.12715425,0.0129534295
375316653866487564,2012450872647228928,0.64317983,2203.8712614385795,0.46686978096633835,1.882148E-6,16.853474,0.0013343474,0.23602633,1.1015629E-4,0.026390113,2.1039826E-4,0.34934208,0.0022465505,0.73633844,9.685959E-4,0.027283099,7.1920257E-4,0.3566113,0.0031236338,null,null,null,null,"TWOGAUSSIANS",8,3.3968709,0.73633844,9.685959E-4,0.15278536,0.0040275343,0.3566113,0.0031236338,0.23602633,1.1015629E-4,0.14778464,0.0011782302,0.34934208,0.0022465505
375316653866487564,2012452045180457088,0.6568611,2234.7442774915985,0.05623451696931922,2.088201E-6,15.993522,0.002624639,0.483242,2.1083726E-4,0.0067159864,1.5964474E-4,0.8176951,0.014304494,null,null,null,null,null,null,null,null,null,null,"ONEGAUSSIAN",5,29.10615,0.483242,2.1083726E-4,0.037609525,8.9401053E-4,0.8176951,0.0,null,null,null,null,null,null
375316653866487564,2012452315755556352,0.47463375,2218.506103382834,2.796862912343816,2.0643372E-5,15.990144,0.0058578644,null,null,null,null,null,null,null,null,null,null,null,null,0.11288863,0.007486328,0.2679852,0.006170076,"ELLIPSOIDAL",4,179.22208,null,null,null,null,null,null,null,null,null,null,null,null
375316653866487564,2012453419569956736,0.4698361,2203.6418598609584,0.657121625278973,4.814145E-5,18.37064,0.0037085894,0.40714788,0.006470142,0.049913105,0.0068499097,0.2796016,0.16166599,0.67932886,0.028631354,0.07288717,0.029203348,0.05522797,0.01211798,null,null,null,null,"TWOGAUSSIANS",8,3.5865598,0.40716788,0.0064400337,0.2795134,0.038359493,0.2796534,0.16166686,0.67932886,0.028631354,0.4,0.047696855,0.055228062,0.01211876
375316653866487564,2012456546306140544,0.48974544,2207.0134663286763,1.5247850758177985,1.8240537E-5,16.16653,0.0018816524,0.24680968,0.0040660403,0.07062198,0.0044797817,0.062766984,0.0035612083,0.7504972,0.014884135,0.085975446,0.01248195,0.03817906,0.0051238406,null,null,null,null,"TWOGAUSSIANS",8,4.1396255,0.24680968,0.0040660403,0.39548308,0.021816757,0.0622313,0.003513265,0.7504972,0.014884135,0.4,0.0,0.037643373,0.005108452
375316653866487564,2012460497675836032,0.53414977,2184.938474675093,0.6641738515057154,1.3590347E-5,14.235743,0.0035295882,0.18632597,0.010745639,0.04157919,0.010004522,0.028919755,0.003849344,0.6792852,0.0044635483,0.141609,0.007939615,0.08497122,0.0039036756,null,null,null,null,"TWOGAUSSIANS",8,21.700981,0.6792852,0.0044635483,0.4,0.0,0.08249764,0.003052818,0.18640597,0.010960033,0.23284346,0.056025326,0.026784502,0.003258642
375316653866487564,2012461180568078464,0.4536678,2218.7730423594517,0.1454813050153971,3.892885E-5,19.67984,0.01385388,0.35530525,0.040173076,0.022476196,0.023862746,0.37751085,0.1863923,0.73715764,0.01881151,0.036390163,0.018121907,0.45252517,0.7529023,0.06614562,0.018736005,0.73715764,0.01881151,"TWOGAUSSIANS_WITH_ELLIPSOIDAL_ON_ECLIPSE2",9,5.463706,0.73715764,0.01881151,0.2037849,0.10148268,0.5848163,0.7519786,0.35419524,0.041202266,0.1258667,0.13363138,0.44980365,0.19467938
375316653866487564,2012462451878608896,0.46874946,2157.32709963819,0.2620559102350795,5.4419204E-5,19.748444,0.006798231,0.49450645,0.0031272322,0.01543852,0.0027146568,0.50130486,0.2566522,0.8275977,0.011016185,0.04459985,0.010759069,0.09737076,0.023936033,null,null,null,null,"TWOGAUSSIANS",8,2.0042696,0.49450645,0.0031272322,0.08645571,0.015202077,0.50130486,0.2566522,0.8275977,0.011016185,0.24975917,0.060250785,0.09737076,0.023936033
375316653866487564,2012462898554978304,0.47272834,2246.1608673906985,1.2841459333940177,3.8052523E-5,19.024017,0.010356947,0.37200853,0.021457205,0.025896447,0.019853203,0.2272992,0.12123892,0.87516606,0.006168978,0.03504943,0.0059275194,0.24659221,0.037810557,null,null,null,null,"TWOGAUSSIANS",8,3.636536,0.87516606,0.006168978,0.19627681,0.033194106,0.24659221,0.037810557,0.37200853,0.021457205,0.1450201,0.111177936,0.2272992,0.12123892
375316653866487564,2012468670991382528,0.59077156,2217.3292971764618,1.6910628011210738,1.0728796E-5,17.571045,0.004657191,0.16307668,0.0037894044,0.03919056,0.009328745,0.037841137,0.011470609,0.65789706,0.0015448431,0.04602763,0.002256521,0.20635325,0.010896785,0.033176646,0.006441732,0.16307668,0.0037894044,"TWOGAUSSIANS_WITH_ELLIPSOIDAL_ON_ECLIPSE1",9,2.319552,0.65815705,0.0013873479,0.2577547,0.012636518,0.27263975,0.0049868426,0.16307668,0.0037894044,0.21946713,0.05224097,0.10419431,0.00508558
375316653866487564,2012469186387409920,0.47770238,2198.083744829436,1.4320481782180174,1.3556287E-5,17.950365,0.002912345,0.27554157,0.0030390364,0.037679322,0.0022758078,0.1851156,0.014823571,0.79304236,0.017160863,0.057218563,0.0196101,0.039216362,0.009634493,null,null,null,null,"TWOGAUSSIANS",8,3.6003828,0.27554157,0.0030390364,0.2110042,0.012744524,0.18511556,0.014823576,0.79304236,0.017160863,0.32042396,0.10981656,0.039216314,0.009634596
375316653866487564,2012469839221752448,0.68070596,2211.229413167003,0.43420825444298333,1.5972815E-6,13.117229,0.0018594854,0.27173606,5.398275E-4,0.027155945,0.0016438315,0.48123288,0.004916748,0.7859796,0.0013816798,0.029323032,5.61912E-4,0.4209387,0.0143983215,null,null,null,null,"TWOGAUSSIANS",8,27.734514,0.27173606,5.398275E-4,0.1520733,0.009205456,0.48123288,0.004916748,0.7859796,0.0013816798,0.16420898,0.003146707,0.4209387,0.0143983215
375316653866487564,2012476092695596928,0.4642155,2163.3667317809063,0.086046771253903,7.431094E-5,19.393784,0.004701728,0.53805405,0.009430811,0.0047821025,0.003831215,0.33583453,2.0174255,0.86907834,0.012725251,0.0385916,0.021841533,0.115481265,0.13238971,null,null,null,null,"TWOGAUSSIANS",8,2.1139848,0.53805405,0.009430811,0.026779773,0.021454804,0.33583453,2.0174255,0.86907834,0.012725251,0.21611297,0.12231258,0.115481265,0.13238971
