Gaia/vari_eclipsing_binary/VariEclipsingBinary_595869-595898.csv
# %ECSV 1.0
# ---
# delimiter: ','
# meta: !!omap
# - RELEASE: Gaia DR3
# - TABLE: vari_eclipsing_binary
# - DESCRIPTION: >
#     This table describes the properties of the eclipsing binaries resulting from the variability analysis. 
# - CITATION: >
#     How to cite and acknowledge Gaia: 
#     https://gea.esac.esa.int/archive/documentation/credits.html 
# - KNOWN_ISSUES: >
#     Known issues: 
#     https://www.cosmos.esa.int/web/gaia-users/known-issues 
# - DOCUMENTATION: >
#     Tutorials and documentation: 
#     https://www.cosmos.esa.int/web/gaia-users/archive 
# datatype:
# - 
#   name: solution_id
#   datatype: int64
#   description: Solution Identifier
#   meta:
#     ucd: meta.version
# - 
#   name: source_id
#   datatype: int64
#   description: Unique source identifier
#   meta:
#     ucd: meta.id;meta.main
# - 
#   name: global_ranking
#   datatype: float32
#   description: Number between 0 (worst) and 1 (best)
#   meta:
#     ucd: stat.param
# - 
#   name: reference_time
#   datatype: float64
#   unit: d
#   description: Reference time used for the geometric model fit
#   meta:
#     ucd: time.epoch
# - 
#   name: frequency
#   datatype: float64
#   unit: d**-1
#   description: Frequency of geometric model of the eclipsing binary light curve
#   meta:
#     ucd: src.orbital
# - 
#   name: frequency_error
#   datatype: float32
#   unit: d**-1
#   description: "Uncertainty of \\texttt{frequency}"
#   meta:
#     ucd: stat.error
# - 
#   name: geom_model_reference_level
#   datatype: float32
#   unit: mag
#   description: Magnitude reference level of geometric model
#   meta:
#     ucd: phot.mag;em.opt
# - 
#   name: geom_model_reference_level_error
#   datatype: float32
#   unit: mag
#   description: "Uncertainty of \\texttt{geomModelReferenceLevel}"
#   meta:
#     ucd: stat.error;phot.mag;em.opt
# - 
#   name: geom_model_gaussian1_phase
#   datatype: float32
#   description: Phase of the Gaussian 1 component
#   meta:
#     ucd: time.phase
# - 
#   name: geom_model_gaussian1_phase_error
#   datatype: float32
#   description: "Uncertainty of \\texttt{geomModelGaussian1Phase}"
#   meta:
#     ucd: stat.error;time.phase
# - 
#   name: geom_model_gaussian1_sigma
#   datatype: float32
#   description: "Standard deviation [phase] of Gaussian 1 component"
#   meta:
#     ucd: stat.stdev
# - 
#   name: geom_model_gaussian1_sigma_error
#   datatype: float32
#   description: "Uncertainty of \\texttt{geomModelGaussian1Sigma}"
#   meta:
#     ucd: stat.error
# - 
#   name: geom_model_gaussian1_depth
#   datatype: float32
#   unit: mag
#   description: Magnitude depth of Gaussian 1 component
#   meta:
#     ucd: src.var.amplitude
# - 
#   name: geom_model_gaussian1_depth_error
#   datatype: float32
#   unit: mag
#   description: "Uncertainty of \\texttt{geomModelGaussian1Depth}"
#   meta:
#     ucd: stat.error;src.var.amplitude
# - 
#   name: geom_model_gaussian2_phase
#   datatype: float32
#   description: Phase of Gaussian 2 component
#   meta:
#     ucd: time.phase
# - 
#   name: geom_model_gaussian2_phase_error
#   datatype: float32
#   description: "Uncertainty of \\texttt{geomModelGaussian2Phase}"
#   meta:
#     ucd: stat.error;time.phase
# - 
#   name: geom_model_gaussian2_sigma
#   datatype: float32
[...]
#   datatype: float32
#   description: "Secondary eclipse: uncertainty of \\texttt{derivedSecondaryEclDuration}"
#   meta:
#     ucd: stat.error;time.duration
# - 
#   name: derived_secondary_ecl_depth
#   datatype: float32
#   unit: mag
#   description: "Secondary eclipse: depth"
#   meta:
#     ucd: src.var.amplitude
# - 
#   name: derived_secondary_ecl_depth_error
#   datatype: float32
#   unit: mag
#   description: "Secondary eclipse: uncertainty of \\texttt{derivedSecondaryEclDepth}"
#   meta:
#     ucd: stat.error;src.var.amplitude
solution_id,source_id,global_ranking,reference_time,frequency,frequency_error,geom_model_reference_level,geom_model_reference_level_error,geom_model_gaussian1_phase,geom_model_gaussian1_phase_error,geom_model_gaussian1_sigma,geom_model_gaussian1_sigma_error,geom_model_gaussian1_depth,geom_model_gaussian1_depth_error,geom_model_gaussian2_phase,geom_model_gaussian2_phase_error,geom_model_gaussian2_sigma,geom_model_gaussian2_sigma_error,geom_model_gaussian2_depth,geom_model_gaussian2_depth_error,geom_model_cosine_half_period_amplitude,geom_model_cosine_half_period_amplitude_error,geom_model_cosine_half_period_phase,geom_model_cosine_half_period_phase_error,model_type,num_model_parameters,reduced_chi2,derived_primary_ecl_phase,derived_primary_ecl_phase_error,derived_primary_ecl_duration,derived_primary_ecl_duration_error,derived_primary_ecl_depth,derived_primary_ecl_depth_error,derived_secondary_ecl_phase,derived_secondary_ecl_phase_error,derived_secondary_ecl_duration,derived_secondary_ecl_duration_error,derived_secondary_ecl_depth,derived_secondary_ecl_depth_error
[from data line 696]
375316653866487564,5241538887885351296,0.43281507,2172.138978492449,2.793976908644602,2.3034056E-5,18.570908,0.009748125,0.31474587,0.009070778,0.07587623,0.009608629,0.11737191,0.018586693,0.8041322,0.008953356,0.07187871,0.011777874,0.12702762,0.020317536,null,null,null,null,"TWOGAUSSIANS",8,5.7036242,0.8041322,0.008953356,0.4,0.037039645,0.1264057,0.02035403,0.31474587,0.009070778,0.4,0.0,0.116749994,0.01842566
375316653866487564,5241538956637204480,0.6185919,2185.345516647561,0.36438001805065806,6.4533347E-6,16.818218,8.4101415E-4,0.31343332,0.0016917686,0.0027603805,0.002027262,0.04930813,6868793.0,0.5720884,9.161753E-6,0.012824854,4.816299E-5,0.30479655,6.426695E-4,null,null,null,null,"TWOGAUSSIANS",8,1.7016486,0.5720884,9.161753E-6,0.071819186,2.6971273E-4,0.30479655,6.426695E-4,0.31343332,0.0016917686,0.015458131,0.011352668,0.04930813,6868793.0
375316653866487564,5241539300235497984,0.5717368,2209.3734733809433,2.779964867480494,8.508246E-6,17.509073,0.007990581,0.23107977,0.004743459,0.047132537,0.0072101117,0.15794528,0.028167047,0.72893244,0.0060312543,0.04261633,0.009649673,0.13801071,0.016207378,0.06850731,0.011371002,0.23107977,0.004743459,"TWOGAUSSIANS_WITH_ELLIPSOIDAL_ON_ECLIPSE1",9,6.312095,0.23107977,0.004743459,0.2639422,0.040376626,0.2949597,0.013002904,0.72920245,0.0052031074,0.23865145,0.054038163,0.2750033,0.015097639
375316653866487564,5241539398980809088,0.5956304,2216.28956565209,1.6853035895348036,9.3222725E-6,17.925634,0.0021533915,0.23208103,0.0043909536,0.03658978,0.0023560484,0.47595355,0.025170404,0.73373944,0.0027323128,0.03462096,0.0021375283,0.5501959,0.08019772,null,null,null,null,"TWOGAUSSIANS",8,3.0907428,0.73373944,0.0027323128,0.19387738,0.011970158,0.5501959,0.08019772,0.23208103,0.0043909536,0.20490277,0.013193872,0.47595355,0.025170404
375316653866487564,5241540056120222080,0.4421238,2208.7242096693394,2.77609229782382,5.259085E-5,18.342857,0.8244262,0.21592425,0.022016766,0.21885036,0.16796108,0.6079661,0.8135947,0.7246119,0.034843467,0.1514044,0.07074303,0.5201465,0.6031542,null,null,null,null,"TWOGAUSSIANS",8,6.9655166,0.21436425,0.020080686,0.4,0.0,0.17605472,0.029380763,0.7292319,0.03185249,0.4,0.0,0.17353937,0.025547594
375316653866487564,5241540086203088000,0.6449229,2207.580617809007,2.2708186149751426,2.5143468E-6,18.363972,0.0091545135,0.21741842,8.2827295E-4,0.050750364,0.002516116,0.3370632,0.021160228,0.7204734,0.0026187107,0.051202,0.0041672,0.38373145,0.023067212,0.13694032,0.012095662,0.21741842,8.2827295E-4,"TWOGAUSSIANS_WITH_ELLIPSOIDAL_ON_ECLIPSE1",9,2.6146739,0.7204734,0.0026187107,0.2867312,0.02333632,0.6575074,0.0211033,0.21741842,8.2827295E-4,0.28420204,0.014090249,0.6109401,0.010341026
375316653866487564,5241540227948390912,0.54286677,2190.3458115049534,2.638501639108908,9.387405E-6,16.27491,0.015673881,0.26816463,0.0039465697,0.103105456,0.009159112,0.23163281,0.014482477,0.7691293,0.0017013637,0.09808828,0.005824445,0.25666136,0.014412872,null,null,null,null,"TWOGAUSSIANS",8,15.020422,0.7691293,0.0017013637,0.4,0.0,0.23474228,0.0065088808,0.26816463,0.0039465697,0.4,0.0,0.20971128,0.009163652
375316653866487564,5241540262278360832,0.48013073,2186.0019608787907,3.265095763974977,2.8937624E-5,19.431646,0.03432265,0.28573766,0.010416248,0.10199391,0.018396817,0.17261635,0.034847625,0.8065947,0.0057988493,0.124017335,0.017139522,0.22435352,0.033564545,null,null,null,null,"TWOGAUSSIANS",8,1.5199258,0.80660474,0.005779633,0.4,0.0,0.19648272,0.010867147,0.28555766,0.010523445,0.4,0.0,0.14490452,0.014857062
375316653866487564,5241540502826305280,0.44801322,2202.322899158005,0.8172015866264036,3.290134E-5,19.432714,0.0051897336,0.30343002,0.011848619,0.030879082,0.016947547,0.10462661,5.3098783,0.71962667,0.0036244341,0.012708858,0.002563511,0.111033745,0.029938508,0.040949065,0.006668255,0.30343002,0.011848619,"TWOGAUSSIANS_WITH_ELLIPSOIDAL_ON_ECLIPSE1",9,2.6801484,0.30343002,0.011848619,0.17292286,0.09490626,0.18652469,5.309481,0.7202767,0.0035074586,0.0711696,0.014355661,0.17239234,0.030841917
375316653866487564,5241540571516046848,0.56722134,2200.4494327880343,4.274644313152213,6.6364E-6,19.430126,0.014885185,0.30472243,0.0027334683,0.03874982,0.0049191746,0.5723149,0.07784692,0.8099361,0.005582227,0.054172926,0.004508287,0.53404117,0.048897255,0.12366549,0.024232348,0.30472243,0.0027334683,"TWOGAUSSIANS_WITH_ELLIPSOIDAL_ON_ECLIPSE1",9,3.4964948,0.30472243,0.0027334683,0.216999,0.027547378,0.81963766,0.0794947,0.8099361,0.005582227,0.3033684,0.025246408,0.7810986,0.04047254
375316653866487564,5241540605905569920,0.54838276,2222.0148681941,0.5059624218726554,1.1117837E-5,15.43926,9.923908E-4,0.32127753,0.031334788,0.016304333,0.008618509,0.11286514,0.37868264,0.8241532,0.008867069,0.022327133,0.0059943716,0.25512558,0.15427247,null,null,null,null,"TWOGAUSSIANS",8,7.326198,0.8241532,0.008867069,0.12503195,0.03356848,0.25512558,0.15427247,0.32127753,0.031334788,0.091304265,0.04826365,0.11286514,0.37868264
375316653866487564,5241541155631882880,0.52126855,2174.9224007338707,3.1599310679234134,1.2931465E-5,19.53351,0.017696131,0.17310312,0.0046396293,0.06291275,0.00684339,0.5550292,0.032982524,0.66926175,0.0050837933,0.07213327,0.010977921,0.5629575,0.12710594,null,null,null,null,"TWOGAUSSIANS",8,3.5952253,0.66926175,0.0050837933,0.4,0.019080855,0.56189823,0.1286098,0.17310312,0.0046396293,0.35231137,0.038322985,0.5539699,0.033190005
375316653866487564,5241541258740668288,0.43731502,2209.2890785342315,1.7973069090919167,1.8103523E-4,15.420704,0.0020978295,0.2545707,0.012853506,0.014093743,0.010703794,0.1145346,0.016576681,0.88423705,0.09637398,0.047593396,0.08146905,0.020257762,88796.83,0.004166485,0.0038277598,0.88423705,0.09637398,"TWOGAUSSIANS_WITH_ELLIPSOIDAL_ON_ECLIPSE2",9,80.764336,0.2546607,0.012939224,0.07892496,0.059941243,0.118459255,0.015811889,0.88423705,0.09637398,0.266523,0.4562267,0.028590707,88796.82
375316653866487564,5241541361819896960,0.54888874,2179.629366723385,1.3217179911734804,1.6789823E-5,19.474571,0.0066996496,0.27457705,0.0021348945,0.045385502,0.0015280971,0.56673765,0.028806612,0.76966906,0.011735699,0.044019658,0.007914787,0.11671205,0.022804352,null,null,null,null,"TWOGAUSSIANS",8,2.2065308,0.27457705,0.0021348945,0.25415882,0.008557344,0.5667376,0.028806614,0.76966906,0.011735699,0.24651009,0.044322807,0.11671198,0.022804432
375316653866487564,5241541426205011328,0.55753887,2177.653767791145,3.2906291965395904,9.415628E-6,18.513447,0.0057802307,0.24758846,0.0023824836,0.07413915,0.0032138599,0.41366938,0.022236701,0.7501888,0.0032288916,0.072523795,0.004041605,0.30519718,0.01172664,null,null,null,null,"TWOGAUSSIANS",8,3.0213275,0.24758846,0.0023824836,0.4,0.0,0.41166526,0.022525802,0.7501888,0.0032288916,0.4,0.008189421,0.30319306,0.011749623
375316653866487564,5241541671057560448,0.5743313,2214.9442608975655,0.4112487213609089,4.0463283E-6,17.35557,0.0013334013,0.21805555,0.03161169,0.014312819,0.01759158,0.05322246,665.3372,0.4208493,0.0037833985,0.017062932,9.00241E-4,2.137429,0.45371318,null,null,null,null,"TWOGAUSSIANS",8,2.8516629,0.4208493,0.0037833985,0.09555242,0.0050413497,2.137429,0.45371318,0.21805555,0.03161169,0.08015178,0.09851285,0.05322246,665.3372
375316653866487564,5241541739777039872,0.59747165,2205.1382325665245,1.2096641893417588,5.1240904E-6,18.027193,0.0032867487,0.1791635,0.0013840802,0.04109314,0.0016072845,0.49356163,0.01576585,0.67850786,0.0067750206,0.049562637,0.00759819,0.11464559,0.028650353,null,null,null,null,"TWOGAUSSIANS",8,3.4048193,0.1791635,0.0013840802,0.23012158,0.009000793,0.4935615,0.015765877,0.67850786,0.0067750206,0.27755076,0.042549863,0.11464549,0.028650433
375316653866487564,5241542182112284544,0.44048223,2221.666669385712,3.8453394917159858,3.961166E-5,14.263026,0.0036225996,0.44150913,0.016312772,0.10618717,0.016526707,0.095319495,0.0077648126,0.19368896,0.017221088,0.044417523,0.01059722,0.03851859,0.021543385,null,null,null,null,"TWOGAUSSIANS",8,77.42273,0.44150913,0.016312772,0.4,0.0,0.095316574,0.0077648116,0.20197897,0.017586363,0.24873812,0.05934443,0.045336816,0.018296631
375316653866487564,5241542598770509952,0.5116298,2203.902890423926,0.8718327883407694,1.2609648E-5,14.817545,0.022675281,0.27049872,0.0045009786,0.10950769,0.012522927,0.10242079,0.021090113,0.7873889,0.005868695,0.14555399,0.032614734,0.071659915,0.021565663,null,null,null,null,"TWOGAUSSIANS",8,16.0087,0.27008873,0.004160876,0.4,0.0,0.08195162,0.0041368403,0.7874389,0.0058222176,0.4,0.0,0.050776288,0.0035502848
375316653866487564,5241543011087147520,0.49302247,2180.7935061666126,1.1353022828032397,6.185305E-5,17.963945,0.004175558,0.43802932,0.006736258,0.009150518,0.025970554,0.30069527,0.20010097,null,null,null,null,null,null,null,null,null,null,"ONEGAUSSIAN",5,6.094154,0.43802932,0.006736258,0.051242903,0.1454351,0.30069527,0.0,null,null,null,null,null,null
375316653866487564,5241543041105810944,0.4582636,2216.944323611728,0.826910473418044,3.1500153E-5,17.933174,0.003227246,0.20635754,0.0108990045,0.036411237,0.009585727,0.08795239,0.013488365,0.7290535,0.012361133,0.056268748,0.011060967,0.036553606,0.0060057305,null,null,null,null,"TWOGAUSSIANS",8,2.9386268,0.20635754,0.0108990045,0.20390293,0.05368007,0.087952375,0.013488281,0.7290535,0.012361133,0.315105,0.06194142,0.03655359,0.0060057044
375316653866487564,5241543182885802880,0.5051432,2192.310267231469,1.8314109971892782,1.3300726E-5,17.172173,0.01600526,0.34718457,0.005701295,0.12453016,0.0127465315,0.11137932,0.015192808,0.79909164,0.0057100463,0.122280665,0.0135450065,0.09650287,0.014918354,null,null,null,null,"TWOGAUSSIANS",8,2.3442693,0.34760457,0.00544648,0.4,0.0,0.09387323,0.005474902,0.79909164,0.0057100463,0.4,0.0,0.07904836,0.0047645695
375316653866487564,5241543560842749952,0.65272367,2185.7470613535374,0.9011834450255197,4.898944E-6,16.588943,9.79039E-4,0.29416892,0.0013718604,0.021050442,0.0013780963,0.07939521,0.007833115,0.7973348,0.0015181021,0.02635441,0.0013124684,0.37177333,0.007486443,0.010589859,0.0019098376,0.29416892,0.0013718604,"TWOGAUSSIANS_WITH_ELLIPSOIDAL_ON_ECLIPSE1",9,2.4256008,0.7973348,0.0015181021,0.14758469,0.007349823,0.39294463,0.007424276,0.29416892,0.0013718604,0.117882475,0.0077173393,0.10057492,0.007989432
375316653866487564,5241543659585019392,0.5625485,2192.2351283619673,1.295648472556074,6.1647947E-6,13.808999,0.015922923,0.25989705,0.0022915502,0.120851636,0.008848453,0.18237655,0.015130688,0.7450988,0.002176108,0.09387554,0.0084673,0.28451762,0.011310714,null,null,null,null,"TWOGAUSSIANS",8,37.65336,0.7450988,0.002176108,0.4,0.0,0.26007482,0.015641872,0.25989705,0.0022913928,0.4,0.0,0.15785572,0.0043957084
375316653866487564,5241543663921968768,0.42791015,2205.561394265481,3.01971116166911,3.313186E-5,15.237319,0.009218999,0.1811211,0.028020797,0.033616245,0.033033572,0.015977854,0.047442373,0.4162013,0.00484575,0.038219176,0.0034289425,0.21870314,0.018863134,0.036911137,0.011554885,0.1811211,0.028020797,"TWOGAUSSIANS_WITH_ELLIPSOIDAL_ON_ECLIPSE1",9,17.833063,0.4162013,0.00484575,0.21402737,0.019202078,0.21934988,0.018826948,0.1811211,0.028020797,0.18825097,0.184988,0.08980003,0.044144023
375316653866487564,5241543693940632960,0.49290448,2197.359573843129,2.8384662107143566,3.161034E-5,17.256317,0.52559566,0.18352439,0.0054537817,0.15919486,0.024978232,0.65750074,0.33474308,0.6763502,0.005885882,0.24091591,0.08123908,0.8666005,0.5168779,null,null,null,null,"TWOGAUSSIANS",8,8.536529,0.6763502,0.005885882,0.4,0.0,0.18849584,0.010266522,0.1892044,0.0051157726,0.4,0.0,0.1711947,0.017543862
375316653866487564,5241544385446162688,0.56491023,2217.2273671784724,0.32928511241907926,5.862598E-5,17.638317,0.0020502224,0.5087544,0.019295326,0.02008744,0.005544554,1.8942605,1.646944,0.67449373,0.012154704,0.024428606,0.015197518,0.015246167,0.06712773,null,null,null,null,"TWOGAUSSIANS",8,2.9105432,0.5087544,0.019295326,0.11248966,0.031049501,1.8942605,1.646944,0.67449373,0.012154704,0.13680018,0.085106105,0.015246167,0.06712773
375316653866487564,5241544557275145216,0.46910197,2186.074478018587,0.6327368731719549,2.9184463E-5,16.068573,0.001044347,null,null,null,null,null,null,null,null,null,null,null,null,0.020303426,0.001320573,0.23937918,0.0066964594,"ELLIPSOIDAL",4,5.878427,null,null,null,null,null,null,null,null,null,null,null,null
375316653866487564,5241544621655969792,0.69524765,2201.4710729943863,0.7600688797963692,1.2696997E-6,17.69766,0.0032520606,0.21040903,0.001013546,0.035639115,8.7400095E-4,0.488602,0.008833883,0.7116907,5.399427E-4,0.035843037,6.838067E-4,0.52344376,0.010144207,0.04272252,0.003984128,0.21040903,0.001013546,"TWOGAUSSIANS_WITH_ELLIPSOIDAL_ON_ECLIPSE1",9,1.3466511,0.7116907,5.399427E-4,0.20072101,0.0038293176,0.6088832,0.009115207,0.21040903,0.001013546,0.19957903,0.004894405,0.574047,0.005202592
375316653866487564,5241544660354675840,0.477552,2192.508872590437,1.1115165324841934,5.444656E-5,19.252594,0.0059460043,0.29819787,0.005376406,0.022822894,0.013725699,0.69993323,743286.7,0.82596296,0.018182455,0.02620926,0.0070105554,0.22271343,0.17141931,null,null,null,null,"TWOGAUSSIANS",8,2.0492427,0.29819787,0.005376406,0.12780821,0.076863915,0.69993323,743286.7,0.82596296,0.018182455,0.14677185,0.03925911,0.22271343,0.17141931
375316653866487564,5241544827815930112,0.4985879,2206.48950959222,2.375586181101692,1.08046825E-5,18.737034,0.012656128,0.2933181,0.011782084,0.093804985,0.015858043,0.16614532,0.013508036,0.7886972,0.002746195,0.083544575,0.008852928,0.18641157,0.018653134,null,null,null,null,"TWOGAUSSIANS",8,2.4549568,0.7886972,0.002746195,0.4,0.0,0.18030307,0.018972421,0.2933181,0.011782084,0.4,0.0,0.1600366,0.011581807
375316653866487564,5241545068334129664,0.47466123,2202.4317027672887,1.2313042446902034,1.5624122E-5,18.71397,0.0068825195,0.22734302,0.0016574274,0.025267351,0.0013425405,0.3590533,0.014211026,0.75081027,0.026338343,0.058237426,0.030446889,0.108801536,0.062248234,null,null,null,null,"TWOGAUSSIANS",8,6.6067376,0.22734302,0.0016574274,0.14149716,0.0075182267,0.3590533,0.014211025,0.75081027,0.026338343,0.3261296,0.17050257,0.108801536,0.062248237
375316653866487564,5241545102692336896,0.5109627,2207.668894087317,2.9579239746439403,1.1997398E-5,17.587381,0.024534758,0.2594115,0.00426596,0.114689246,0.015670106,0.19558464,0.021484213,0.75700605,0.0051685125,0.10034642,0.012296088,0.20775053,0.02353121,null,null,null,null,"TWOGAUSSIANS",8,7.1866713,0.75700605,0.0051685125,0.4,0.0,0.18160784,0.008512429,0.2594115,0.00426596,0.4,0.0,0.16941436,0.008502173
375316653866487564,5241545484988151936,0.4417402,2195.711728881626,3.802833881043753,3.9602124E-5,17.84878,0.008351763,0.29827306,0.010712691,0.08074507,0.014505324,0.08544508,0.0106461365,0.7723158,0.014851041,0.09231221,0.023919955,0.056087367,0.011918059,null,null,null,null,"TWOGAUSSIANS",8,5.815246,0.29827306,0.010712691,0.4,0.0,0.084107146,0.009805892,0.7723158,0.014851041,0.4,0.0,0.05474932,0.011386714
375316653866487564,5241545656786892288,0.5262678,2184.2525232699686,0.14619463604053162,9.851491E-5,14.482042,0.0010048511,0.28071135,0.032950364,0.022522718,0.021913214,0.19431758,136964.8,0.7774423,0.0037017476,0.028643295,0.0042552683,0.53500813,0.19756529,null,null,null,null,"TWOGAUSSIANS",8,51.862633,0.7774423,0.0037017476,0.16040245,0.023829501,0.53500813,0.19756529,0.28071135,0.032950364,0.12612721,0.122714,0.19431758,136964.8
375316653866487564,5241546374023539072,0.46095842,2185.1480032200807,2.984627038916242,2.1628763E-5,18.392159,0.0065235924,0.2808196,0.0055017564,0.06944759,0.00838098,0.11532683,0.011783246,0.76899356,0.013327567,0.0929876,0.017557262,0.10401885,0.011656661,null,null,null,null,"TWOGAUSSIANS",8,3.631109,0.2808196,0.0055017564,0.3889065,0.041145407,0.1138276,0.0116945375,0.76899356,0.013327567,0.4,0.0,0.10251949,0.011867039
