Gaia/vari_eclipsing_binary/VariEclipsingBinary_674622-674637.csv
# %ECSV 1.0
# ---
# delimiter: ','
# meta: !!omap
# - RELEASE: Gaia DR3
# - TABLE: vari_eclipsing_binary
# - DESCRIPTION: >
#     This table describes the properties of the eclipsing binaries resulting from the variability analysis. 
# - CITATION: >
#     How to cite and acknowledge Gaia: 
#     https://gea.esac.esa.int/archive/documentation/credits.html 
# - KNOWN_ISSUES: >
#     Known issues: 
#     https://www.cosmos.esa.int/web/gaia-users/known-issues 
# - DOCUMENTATION: >
#     Tutorials and documentation: 
#     https://www.cosmos.esa.int/web/gaia-users/archive 
# datatype:
# - 
#   name: solution_id
#   datatype: int64
#   description: Solution Identifier
#   meta:
#     ucd: meta.version
# - 
#   name: source_id
#   datatype: int64
#   description: Unique source identifier
#   meta:
#     ucd: meta.id;meta.main
# - 
#   name: global_ranking
#   datatype: float32
#   description: Number between 0 (worst) and 1 (best)
#   meta:
#     ucd: stat.param
# - 
#   name: reference_time
#   datatype: float64
#   unit: d
#   description: Reference time used for the geometric model fit
#   meta:
#     ucd: time.epoch
# - 
#   name: frequency
#   datatype: float64
#   unit: d**-1
#   description: Frequency of geometric model of the eclipsing binary light curve
#   meta:
#     ucd: src.orbital
# - 
#   name: frequency_error
#   datatype: float32
#   unit: d**-1
#   description: "Uncertainty of \\texttt{frequency}"
#   meta:
#     ucd: stat.error
# - 
#   name: geom_model_reference_level
#   datatype: float32
#   unit: mag
#   description: Magnitude reference level of geometric model
#   meta:
#     ucd: phot.mag;em.opt
# - 
#   name: geom_model_reference_level_error
#   datatype: float32
#   unit: mag
#   description: "Uncertainty of \\texttt{geomModelReferenceLevel}"
#   meta:
#     ucd: stat.error;phot.mag;em.opt
# - 
#   name: geom_model_gaussian1_phase
#   datatype: float32
#   description: Phase of the Gaussian 1 component
#   meta:
#     ucd: time.phase
# - 
#   name: geom_model_gaussian1_phase_error
#   datatype: float32
#   description: "Uncertainty of \\texttt{geomModelGaussian1Phase}"
#   meta:
#     ucd: stat.error;time.phase
# - 
#   name: geom_model_gaussian1_sigma
#   datatype: float32
#   description: "Standard deviation [phase] of Gaussian 1 component"
#   meta:
#     ucd: stat.stdev
# - 
#   name: geom_model_gaussian1_sigma_error
#   datatype: float32
#   description: "Uncertainty of \\texttt{geomModelGaussian1Sigma}"
#   meta:
#     ucd: stat.error
# - 
#   name: geom_model_gaussian1_depth
#   datatype: float32
#   unit: mag
#   description: Magnitude depth of Gaussian 1 component
#   meta:
#     ucd: src.var.amplitude
# - 
#   name: geom_model_gaussian1_depth_error
#   datatype: float32
#   unit: mag
#   description: "Uncertainty of \\texttt{geomModelGaussian1Depth}"
#   meta:
#     ucd: stat.error;src.var.amplitude
# - 
#   name: geom_model_gaussian2_phase
#   datatype: float32
#   description: Phase of Gaussian 2 component
#   meta:
#     ucd: time.phase
# - 
#   name: geom_model_gaussian2_phase_error
#   datatype: float32
#   description: "Uncertainty of \\texttt{geomModelGaussian2Phase}"
#   meta:
#     ucd: stat.error;time.phase
# - 
#   name: geom_model_gaussian2_sigma
#   datatype: float32
[...]
#   datatype: float32
#   description: "Secondary eclipse: uncertainty of \\texttt{derivedSecondaryEclDuration}"
#   meta:
#     ucd: stat.error;time.duration
# - 
#   name: derived_secondary_ecl_depth
#   datatype: float32
#   unit: mag
#   description: "Secondary eclipse: depth"
#   meta:
#     ucd: src.var.amplitude
# - 
#   name: derived_secondary_ecl_depth_error
#   datatype: float32
#   unit: mag
#   description: "Secondary eclipse: uncertainty of \\texttt{derivedSecondaryEclDepth}"
#   meta:
#     ucd: stat.error;src.var.amplitude
solution_id,source_id,global_ranking,reference_time,frequency,frequency_error,geom_model_reference_level,geom_model_reference_level_error,geom_model_gaussian1_phase,geom_model_gaussian1_phase_error,geom_model_gaussian1_sigma,geom_model_gaussian1_sigma_error,geom_model_gaussian1_depth,geom_model_gaussian1_depth_error,geom_model_gaussian2_phase,geom_model_gaussian2_phase_error,geom_model_gaussian2_sigma,geom_model_gaussian2_sigma_error,geom_model_gaussian2_depth,geom_model_gaussian2_depth_error,geom_model_cosine_half_period_amplitude,geom_model_cosine_half_period_amplitude_error,geom_model_cosine_half_period_phase,geom_model_cosine_half_period_phase_error,model_type,num_model_parameters,reduced_chi2,derived_primary_ecl_phase,derived_primary_ecl_phase_error,derived_primary_ecl_duration,derived_primary_ecl_duration_error,derived_primary_ecl_depth,derived_primary_ecl_depth_error,derived_secondary_ecl_phase,derived_secondary_ecl_phase_error,derived_secondary_ecl_duration,derived_secondary_ecl_duration_error,derived_secondary_ecl_depth,derived_secondary_ecl_depth_error
[from data line 510]
375316653866487564,5934140435037991680,0.5726929,2188.922965487683,1.8498478169020844,6.3236603E-6,14.877862,0.005069954,0.2579137,0.0023171033,0.10261355,0.004320047,0.14792721,0.005575906,0.7483668,0.001651395,0.11140136,0.0044611953,0.15005164,0.0043665287,null,null,null,null,"TWOGAUSSIANS",8,13.446583,0.7483668,0.001651395,0.4,0.0,0.13255729,0.0031212228,0.2579237,0.0023232584,0.4,0.0,0.13044417,0.004067377
375316653866487564,5934140881714633344,0.54968774,2205.441782783101,0.22523661982544815,1.0773737E-6,16.119835,0.0020451264,0.18962894,9.880328E-4,0.004113871,6.0888246E-4,0.16586894,0.013092916,0.5321976,3.5258738E-4,0.004555216,3.905715E-4,0.3280423,0.06782245,null,null,null,null,"TWOGAUSSIANS",8,10.658397,0.5321976,3.5258738E-4,0.02550921,0.0021872004,0.3280423,0.06782245,0.18962894,9.880328E-4,0.023037678,0.003409742,0.16586894,0.013092916
375316653866487564,5934141122187619712,0.5869353,2211.9146496627054,1.5916094330819814,6.7452324E-6,17.35841,0.010761952,0.25399947,0.002487423,0.106817745,0.0055404776,0.29541504,0.010092672,0.74961245,0.0019723622,0.09523899,0.005646835,0.31410486,0.014735196,null,null,null,null,"TWOGAUSSIANS",8,4.892694,0.74961245,0.0019723622,0.4,0.0,0.28720692,0.017439883,0.25399947,0.002487423,0.4,0.0,0.26850727,0.0075582475
375316653866487564,5934141397110582400,0.42743242,2139.670488013152,2.175296756039575,5.805923E-5,19.655462,0.0329652,0.19276671,0.008508169,0.083274305,0.010119189,0.4792541,0.044509355,0.6977384,0.015984971,0.09205954,0.017130518,0.4602885,0.052322194,null,null,null,null,"TWOGAUSSIANS",8,7.614203,0.19276671,0.008508169,0.4,0.0,0.46444458,0.03800395,0.6977384,0.015984971,0.4,0.0,0.44547865,0.049198825
375316653866487564,5934141427083678720,0.5817521,2198.36532084089,2.0117036532730537,9.549921E-6,17.91095,0.0036862858,0.2585593,0.0017517654,0.080050215,0.0028336265,0.39349982,0.013970318,0.7728302,0.0025049956,0.07812319,0.0029330447,0.19775514,0.007054942,null,null,null,null,"TWOGAUSSIANS",8,3.1860018,0.2585593,0.0017517654,0.4,0.0,0.39067885,0.014402307,0.7728302,0.0025049956,0.4,0.0,0.19493416,0.0070150243
375316653866487564,5934141465830084480,0.47132242,2177.9434502744202,0.3578553789003159,2.8250708E-5,18.506628,0.019277386,0.24992272,0.035655502,0.13483386,0.07201489,0.053209182,0.02374581,0.82395273,0.01907396,0.011369533,0.010132185,0.5762941,0.07371405,null,null,null,null,"TWOGAUSSIANS",8,2.96289,0.82395273,0.01905434,0.06366938,0.056740236,0.5765524,0.07428279,0.24992272,0.035655502,0.4,0.0,0.053099286,0.022825837
375316653866487564,5934141465830129408,0.5688252,2192.868251165185,3.3238221291593617,7.667314E-6,16.087965,0.059179205,0.31430924,0.00860787,0.06573001,0.017442275,0.17470056,0.12031252,0.8329183,0.0027674078,0.063092306,0.022665974,0.20641652,0.1050526,0.069766104,0.0625972,0.8329183,0.0027674078,"TWOGAUSSIANS_WITH_ELLIPSOIDAL_ON_ECLIPSE2",9,37.77846,0.8329183,0.0027674078,0.3533169,0.10860993,0.3458272,0.030175094,0.31827924,0.0050295424,0.36808807,0.0802211,0.31261572,0.009653516
375316653866487564,5934141568909352320,0.6294653,2192.4580078615204,2.086346696026042,4.541239E-6,17.526333,0.0067632277,0.30775994,8.6267904E-4,0.047498718,0.0021276341,0.5784748,0.02820883,0.8145486,0.00542859,0.04401843,0.006509911,0.09634851,0.021332154,0.037503544,0.009979635,0.30775994,8.6267904E-4,"TWOGAUSSIANS_WITH_ELLIPSOIDAL_ON_ECLIPSE1",9,4.6856813,0.30775994,8.6267904E-4,0.26599282,0.0119147515,0.6534812,0.03423462,0.8145486,0.00542859,0.2465032,0.0364555,0.17121851,0.014601874
375316653866487564,5934142049945711616,0.59141827,2194.039449052017,1.862606698324922,5.576116E-6,15.647448,0.0039444747,0.33338323,0.0017988029,0.08798814,0.0036565128,0.11034485,0.0038939328,0.8359517,0.005840498,0.095441245,0.00912705,0.06273494,0.0040505915,null,null,null,null,"TWOGAUSSIANS",8,3.460469,0.33338323,0.0017988029,0.4,0.0,0.1065229,0.002219528,0.8359517,0.005840498,0.4,0.0,0.058912873,0.0023191026
375316653866487564,5934142290418779264,0.53605986,2191.775898946081,1.3499148298633032,1.3356859E-5,19.014473,0.00806419,0.23324436,0.0029982636,0.0770924,0.003157145,0.35004377,0.013052129,0.74096024,0.005389543,0.06660019,0.0054235375,0.22856374,0.016517632,null,null,null,null,"TWOGAUSSIANS",8,2.535396,0.23324436,0.0029982636,0.4,0.0,0.34892982,0.01286679,0.74096024,0.005389543,0.37296104,0.030371811,0.22744979,0.016459366
375316653866487564,5934142320465681920,0.5092174,2170.7270217896616,3.189156471492995,1.4671085E-5,19.864874,0.014959879,0.27701434,0.004194607,0.080579616,0.0054844515,0.38831204,0.0343714,0.7683441,0.0066911373,0.08883768,0.014042629,0.33894026,0.04777185,null,null,null,null,"TWOGAUSSIANS",8,1.3950391,0.27701434,0.004194607,0.4,0.0,0.3803534,0.03427315,0.7683441,0.0066911373,0.4,0.0,0.33098152,0.052254107
375316653866487564,5934142565296653312,0.4456632,2156.852116773429,1.9706951025901425,3.361959E-5,19.426401,0.017807532,0.24317949,0.005158387,0.06444116,0.0056384443,0.44755176,0.039077215,0.70190096,0.030273527,0.047595177,0.025095461,0.3360797,0.32508588,null,null,null,null,"TWOGAUSSIANS",8,3.67897,0.24317949,0.005158387,0.36087048,0.03157529,0.44754505,0.039077505,0.70190096,0.030273527,0.266533,0.14053458,0.336073,0.32509348
375316653866487564,5934142664062937600,0.54953146,2182.4033130072544,1.4745509677362345,1.2031584E-5,18.647982,0.009236747,0.35406703,0.0032347206,0.08425816,0.0060151545,0.40294734,0.011498252,0.8568534,0.006376832,0.08168436,0.008964511,0.18650743,0.021246936,null,null,null,null,"TWOGAUSSIANS",8,3.7957141,0.35406703,0.0032347206,0.4,0.0,0.39739516,0.011655099,0.8568534,0.006376832,0.4,0.0,0.18095529,0.022353737
375316653866487564,5934143419951491328,0.56559056,2188.2302310358996,2.8593049908202537,7.4943937E-6,16.083143,0.047675036,0.27842104,0.0033629013,0.06420102,0.02857726,0.08174938,0.08757769,0.7832566,0.015667958,0.05065405,0.044887345,0.06471095,0.0695617,0.08342021,0.044050306,0.27842104,0.0033629013,"TWOGAUSSIANS_WITH_ELLIPSOIDAL_ON_ECLIPSE1",9,19.375544,0.27842104,0.0033629013,0.3595257,0.09537339,0.24854812,0.011746668,0.7832566,0.012746286,0.28366268,0.14848547,0.23135573,0.025555983
375316653866487564,5934143836609402368,0.57255703,2199.2595885859414,2.425164901588304,1.0232367E-5,16.686544,0.037032343,0.2469542,0.0030365826,0.110925265,0.008219441,0.4104577,0.036749534,0.74642104,0.0021844,0.12270417,0.010190869,0.36885583,0.036083892,null,null,null,null,"TWOGAUSSIANS",8,13.849691,0.2469542,0.0030481154,0.4,0.0,0.3326539,0.006868089,0.74642104,0.0021844,0.4,0.0,0.2909009,0.005079416
375316653866487564,5934144317645842432,0.4393708,2200.466734462341,3.2139544578729016,2.9976474E-5,18.39023,0.010163186,0.19793288,0.009868528,0.080353394,0.01616138,0.08729548,0.017066974,0.71037346,0.0067946385,0.10165468,0.012845149,0.11791707,0.011485845,null,null,null,null,"TWOGAUSSIANS",8,4.5031757,0.71037346,0.0067946385,0.4,0.0,0.11402065,0.010113651,0.19793288,0.009868067,0.4,0.0,0.083400615,0.017460123
375316653866487564,5934144691288011008,0.5869558,2191.486861893355,3.871374665295797,8.136348E-6,19.407377,0.0082464125,0.27384645,0.00629745,0.075887196,0.007206695,0.4296564,0.020989096,0.7807567,0.002608706,0.0702068,0.0018430911,0.52291423,0.016509017,null,null,null,null,"TWOGAUSSIANS",8,1.538995,0.7807567,0.002608706,0.39315808,0.010321311,0.5206219,0.016360441,0.27384645,0.00629745,0.4,0.005356464,0.42736405,0.021473698
375316653866487564,5934144695602980608,0.46345016,2179.5948008807904,0.8847964272384343,3.3016735E-5,18.935661,0.01014593,0.3020989,0.025621472,0.100308605,0.031434257,0.13159017,0.04488052,0.78944373,0.007658543,0.067051925,0.010067442,0.19035102,0.01902507,null,null,null,null,"TWOGAUSSIANS",8,2.4365392,0.78944373,0.007658543,0.37549078,0.053544868,0.18763135,0.019567953,0.3020989,0.025621472,0.4,0.0,0.12886925,0.046933156
375316653866487564,5934144764322532608,0.51788163,2169.616096793908,3.441947957661969,1.5074352E-5,19.470985,0.013877482,0.3001838,0.007936292,0.0752195,0.007846649,0.36392418,0.019370321,0.7890704,0.003712202,0.071104534,0.009099067,0.45702636,0.031218803,null,null,null,null,"TWOGAUSSIANS",8,3.1008494,0.7890704,0.003712202,0.3981854,0.037919983,0.45520604,0.032257617,0.3001838,0.007936292,0.4,0.011417218,0.36210382,0.018691
375316653866487564,5934144833085124096,0.6754498,2215.794278067393,0.24510195211695507,6.194585E-6,15.799282,9.0723333E-4,0.089815356,0.0038880494,0.012268556,0.0037557995,0.18839005,0.024238154,0.5879944,7.6603034E-4,0.009920452,0.0010318507,0.59063745,0.046673257,null,null,null,null,"TWOGAUSSIANS",8,7.199318,0.5879944,7.6603034E-4,0.055554528,0.0057783634,0.59063745,0.046673257,0.089815356,0.0038880494,0.06870391,0.021032477,0.18839005,0.024238154
375316653866487564,5934145034856842752,0.4741784,2191.1531434542812,2.4739735821477677,2.7186437E-5,18.471903,0.013100006,0.22434415,0.011097111,0.07573111,0.014745219,0.21837,0.018896068,0.71062565,0.011005538,0.082533345,0.0111427875,0.18404137,0.025349779,null,null,null,null,"TWOGAUSSIANS",8,9.296746,0.22434415,0.011097111,0.4,0.0010861598,0.21631502,0.017213829,0.71062565,0.011005538,0.4,0.0,0.18198638,0.025130374
375316653866487564,5934145069245081984,0.47398993,2170.563598956063,2.5187447993957672,1.9731135E-5,18.652374,0.84717447,0.28200403,0.012425861,0.13125853,0.06544466,0.5207065,0.53232247,0.7908191,0.01129726,0.22643909,0.2143123,0.591469,0.8301879,null,null,null,null,"TWOGAUSSIANS",8,4.1660466,0.27893403,0.010567113,0.4,0.0,0.23147368,0.033926915,0.7912891,0.011244922,0.4,0.0,0.19932766,0.030050999
375316653866487564,5934145653334972032,0.6582906,2189.7586606504888,0.22729209929546812,6.727932E-5,14.836293,0.0012902726,0.91419727,0.09682413,0.07799661,0.06361249,0.003183257,0.0025734417,0.43265617,5.8465914E-5,0.0090811215,4.9024056E-5,0.5767744,0.0018927996,null,null,null,null,"TWOGAUSSIANS",8,19.801716,0.43265617,5.8465914E-5,0.05085428,2.7453472E-4,0.5767744,0.0018928257,0.91419727,0.09682413,0.4,0.15466292,0.003183257,0.002573444
375316653866487564,5934145653335004544,0.60816765,2176.4557339501634,1.6619959708742853,5.2583237E-6,14.434249,0.06548153,0.27948466,0.002488924,0.14552757,0.022438757,0.22103216,0.06423094,0.76596653,0.003483789,0.12901783,0.02093765,0.20856185,0.06171642,null,null,null,null,"TWOGAUSSIANS",8,17.477491,0.27974465,0.0021222483,0.4,0.0,0.14661972,0.002909316,0.76596653,0.003483789,0.4,0.0,0.13516764,0.003870159
375316653866487564,5934145760756181504,0.614759,2193.374689503331,1.3779561902476891,1.0069567E-5,18.02969,0.011388442,0.25614473,0.0021554828,0.079479165,0.004249333,0.503967,0.010663375,0.7561721,0.0020076907,0.081110425,0.0046113036,0.33219802,0.010552956,null,null,null,null,"TWOGAUSSIANS",8,3.6374507,0.25614473,0.0021554828,0.4,0.0,0.4975759,0.009218827,0.7561721,0.0020076907,0.4,0.0,0.32580698,0.010473626
375316653866487564,5934146203091037056,0.4912821,2168.046751571864,2.0886410968570157,1.8811734E-5,15.2421465,0.042379845,0.27008137,0.0039259386,0.18078753,0.024272557,0.23726915,0.04256847,0.77320737,0.005053583,0.21845333,0.036854785,0.2531437,0.041726608,null,null,null,null,"TWOGAUSSIANS",8,9.606353,0.26751137,0.0035597065,0.4,0.0,0.05290316,0.002757544,0.7752774,0.00596066,0.4,0.0,0.042255454,0.0032383332
375316653866487564,5934146276152724352,0.5135464,2179.3366792546535,2.449920224519007,1.6889564E-5,18.460371,0.0659033,0.2752342,0.0075959116,0.10582315,0.020092402,0.38274643,0.063140646,0.77948856,0.0051603485,0.10508184,0.017455248,0.39107347,0.062162377,null,null,null,null,"TWOGAUSSIANS",8,9.2405405,0.77948856,0.0051723784,0.4,0.0,0.3466953,0.020410113,0.2752342,0.0076071504,0.4,0.0,0.33836687,0.033873465
375316653866487564,5934146447951453952,0.5043403,2154.4728523946064,0.25464391641662704,5.914322E-6,18.49974,0.0067872275,0.17305377,0.0056219925,0.017232351,0.0022717086,0.7294329,0.1351159,0.29750723,0.02179461,0.043509316,0.05388133,0.05770997,0.011748239,null,null,null,null,"TWOGAUSSIANS",8,8.016181,0.17308377,0.0056211185,0.096501164,0.012721568,0.73039883,0.1344209,0.29750723,0.02179461,0.24365216,0.16831535,0.05770997,0.01174832
375316653866487564,5934146654151714176,0.5828785,2194.612377164643,1.953827121035399,9.771522E-6,17.737944,0.0041665453,0.21743247,0.0024929978,0.08267832,0.0041182083,0.2506053,0.0072770272,0.7166232,0.0016936838,0.0934062,0.0029289236,0.19886295,0.004910766,null,null,null,null,"TWOGAUSSIANS",8,1.9938703,0.21743247,0.0024929978,0.4,0.0,0.24287061,0.008082973,0.7166232,0.0016936838,0.4,0.0,0.19112806,0.004376245
375316653866487564,5934146894628264576,0.5231403,2152.7695080327103,2.7601204248956437,1.761204E-5,19.645292,0.018670402,0.21540684,0.0061119352,0.06113475,0.007891616,0.46162003,0.03647964,0.7077238,0.007786274,0.06939157,0.005786512,0.6553965,0.04981651,null,null,null,null,"TWOGAUSSIANS",8,3.434479,0.7077238,0.007786274,0.38859278,0.029101867,0.6548208,0.049719673,0.21540684,0.0061119352,0.3423546,0.044193048,0.4610443,0.03676017
375316653866487564,5934146894630520320,0.42469952,2175.7832382734737,2.265515205783212,5.3652115E-5,19.340345,0.024633883,0.4910471,0.013264447,0.04498337,0.014859282,0.15522952,0.02695726,0.7871318,0.025769668,0.12848967,0.04605575,0.120124504,0.029473228,null,null,null,null,"TWOGAUSSIANS",8,4.6420956,0.4930871,0.012448602,0.25190687,0.08321198,0.16370001,0.03110462,0.7871318,0.025769668,0.4,0.0,0.11999637,0.029679116
375316653866487564,5934147032067254528,0.48226994,2175.172544946748,3.1620220285228218,4.709424E-5,19.7573,0.033270583,0.23174603,0.0073632207,0.07676426,0.007849253,0.40033442,0.03770638,0.723792,0.012835305,0.08823079,0.018757556,0.32479587,0.037889943,null,null,null,null,"TWOGAUSSIANS",8,6.777098,0.23174603,0.0073632207,0.4,0.0,0.394097,0.033245325,0.723792,0.012835305,0.4,0.0,0.31855834,0.033460263
375316653866487564,5934147062081508608,0.5233974,2197.4054796148675,3.9954818485241272,2.7137445E-5,18.356195,0.02825043,0.28924856,0.0066329683,0.10756508,0.018263215,0.20468901,0.027157322,0.80258775,0.003970985,0.106782265,0.012691279,0.19918324,0.02674491,null,null,null,null,"TWOGAUSSIANS",8,1.8431795,0.28923857,0.0066362624,0.4,0.0,0.18174784,0.02131227,0.80259776,0.0039738044,0.4,0.0,0.17624368,0.007826618
375316653866487564,5934147100828320256,0.51076955,2215.0314523756083,2.399385385725527,1.5453905E-5,16.990715,0.008464917,0.22910558,0.0038474244,0.05814844,0.015291608,0.03887989,0.02218,0.71483874,0.018239766,0.04578388,0.028109347,0.08745229,0.03390739,0.08711903,0.011112414,0.22910558,0.0038474244,"TWOGAUSSIANS_WITH_ELLIPSOIDAL_ON_ECLIPSE1",9,32.259056,0.7183787,0.018208833,0.25638974,0.15741234,0.2606352,0.034135256,0.22910558,0.0038474244,0.32563126,0.08563301,0.2131141,0.011700943
375316653866487564,5934147783663808256,0.40436885,2190.4571425082045,0.15309875105542609,6.0842234E-5,19.679258,0.03704738,0.9796177,0.017548786,0.051576387,0.010657052,0.1453194,0.08460877,0.6522111,0.030916171,0.065446265,0.060249396,0.090738125,0.01741217,0.09307518,0.036166765,0.6522111,0.030916171,"TWOGAUSSIANS_WITH_ELLIPSOIDAL_ON_ECLIPSE2",9,5.0801406,0.6522111,0.030916171,0.36649907,0.32181424,0.27682596,0.08015836,0.99999774,0.016889649,0.28882778,0.05967949,0.18592605,0.08501762
375316653866487564,5934147788023232512,0.4993098,2213.1764494802724,1.0089335932400936,1.6430522E-5,17.599573,0.0024323813,0.24126746,0.009523714,0.05546451,0.008307071,0.052803442,0.0046536583,0.74926674,0.0056042145,0.056857888,0.00902532,0.09057525,0.0058683422,null,null,null,null,"TWOGAUSSIANS",8,1.9975492,0.74926674,0.0056042145,0.31840417,0.050541796,0.09057024,0.0058770664,0.24126746,0.009523714,0.31060126,0.0465196,0.05279843,0.0046531786
