Gaia/vari_eclipsing_binary/VariEclipsingBinary_650578-650892.csv
# %ECSV 1.0
# ---
# delimiter: ','
# meta: !!omap
# - RELEASE: Gaia DR3
# - TABLE: vari_eclipsing_binary
# - DESCRIPTION: >
#     This table describes the properties of the eclipsing binaries resulting from the variability analysis. 
# - CITATION: >
#     How to cite and acknowledge Gaia: 
#     https://gea.esac.esa.int/archive/documentation/credits.html 
# - KNOWN_ISSUES: >
#     Known issues: 
#     https://www.cosmos.esa.int/web/gaia-users/known-issues 
# - DOCUMENTATION: >
#     Tutorials and documentation: 
#     https://www.cosmos.esa.int/web/gaia-users/archive 
# datatype:
# - 
#   name: solution_id
#   datatype: int64
#   description: Solution Identifier
#   meta:
#     ucd: meta.version
# - 
#   name: source_id
#   datatype: int64
#   description: Unique source identifier
#   meta:
#     ucd: meta.id;meta.main
# - 
#   name: global_ranking
#   datatype: float32
#   description: Number between 0 (worst) and 1 (best)
#   meta:
#     ucd: stat.param
# - 
#   name: reference_time
#   datatype: float64
#   unit: d
#   description: Reference time used for the geometric model fit
#   meta:
#     ucd: time.epoch
# - 
#   name: frequency
#   datatype: float64
#   unit: d**-1
#   description: Frequency of geometric model of the eclipsing binary light curve
#   meta:
#     ucd: src.orbital
# - 
#   name: frequency_error
#   datatype: float32
#   unit: d**-1
#   description: "Uncertainty of \\texttt{frequency}"
#   meta:
#     ucd: stat.error
# - 
#   name: geom_model_reference_level
#   datatype: float32
#   unit: mag
#   description: Magnitude reference level of geometric model
#   meta:
#     ucd: phot.mag;em.opt
# - 
#   name: geom_model_reference_level_error
#   datatype: float32
#   unit: mag
#   description: "Uncertainty of \\texttt{geomModelReferenceLevel}"
#   meta:
#     ucd: stat.error;phot.mag;em.opt
# - 
#   name: geom_model_gaussian1_phase
#   datatype: float32
#   description: Phase of the Gaussian 1 component
#   meta:
#     ucd: time.phase
# - 
#   name: geom_model_gaussian1_phase_error
#   datatype: float32
#   description: "Uncertainty of \\texttt{geomModelGaussian1Phase}"
#   meta:
#     ucd: stat.error;time.phase
# - 
#   name: geom_model_gaussian1_sigma
#   datatype: float32
#   description: "Standard deviation [phase] of Gaussian 1 component"
#   meta:
#     ucd: stat.stdev
# - 
#   name: geom_model_gaussian1_sigma_error
#   datatype: float32
#   description: "Uncertainty of \\texttt{geomModelGaussian1Sigma}"
#   meta:
#     ucd: stat.error
# - 
#   name: geom_model_gaussian1_depth
#   datatype: float32
#   unit: mag
#   description: Magnitude depth of Gaussian 1 component
#   meta:
#     ucd: src.var.amplitude
# - 
#   name: geom_model_gaussian1_depth_error
#   datatype: float32
#   unit: mag
#   description: "Uncertainty of \\texttt{geomModelGaussian1Depth}"
#   meta:
#     ucd: stat.error;src.var.amplitude
# - 
#   name: geom_model_gaussian2_phase
#   datatype: float32
#   description: Phase of Gaussian 2 component
#   meta:
#     ucd: time.phase
# - 
#   name: geom_model_gaussian2_phase_error
#   datatype: float32
#   description: "Uncertainty of \\texttt{geomModelGaussian2Phase}"
#   meta:
#     ucd: stat.error;time.phase
# - 
#   name: geom_model_gaussian2_sigma
#   datatype: float32
[...]
#   datatype: float32
#   description: "Secondary eclipse: uncertainty of \\texttt{derivedSecondaryEclDuration}"
#   meta:
#     ucd: stat.error;time.duration
# - 
#   name: derived_secondary_ecl_depth
#   datatype: float32
#   unit: mag
#   description: "Secondary eclipse: depth"
#   meta:
#     ucd: src.var.amplitude
# - 
#   name: derived_secondary_ecl_depth_error
#   datatype: float32
#   unit: mag
#   description: "Secondary eclipse: uncertainty of \\texttt{derivedSecondaryEclDepth}"
#   meta:
#     ucd: stat.error;src.var.amplitude
solution_id,source_id,global_ranking,reference_time,frequency,frequency_error,geom_model_reference_level,geom_model_reference_level_error,geom_model_gaussian1_phase,geom_model_gaussian1_phase_error,geom_model_gaussian1_sigma,geom_model_gaussian1_sigma_error,geom_model_gaussian1_depth,geom_model_gaussian1_depth_error,geom_model_gaussian2_phase,geom_model_gaussian2_phase_error,geom_model_gaussian2_sigma,geom_model_gaussian2_sigma_error,geom_model_gaussian2_depth,geom_model_gaussian2_depth_error,geom_model_cosine_half_period_amplitude,geom_model_cosine_half_period_amplitude_error,geom_model_cosine_half_period_phase,geom_model_cosine_half_period_phase_error,model_type,num_model_parameters,reduced_chi2,derived_primary_ecl_phase,derived_primary_ecl_phase_error,derived_primary_ecl_duration,derived_primary_ecl_duration_error,derived_primary_ecl_depth,derived_primary_ecl_depth_error,derived_secondary_ecl_phase,derived_secondary_ecl_phase_error,derived_secondary_ecl_duration,derived_secondary_ecl_duration_error,derived_secondary_ecl_depth,derived_secondary_ecl_depth_error
[from data line 215]
375316653866487564,5723715968339894016,0.42509526,2260.532458652354,2.188199600951687,3.6388148E-5,18.676174,0.03903684,0.20806672,0.008191844,0.06703561,0.010203907,0.45403746,0.09558186,0.8068722,0.016193787,0.11046417,0.026656974,0.2295986,0.11256271,null,null,null,null,"TWOGAUSSIANS",8,13.059565,0.20796672,0.008158269,0.3753994,0.053052586,0.45243415,0.09540061,0.8068722,0.016193787,0.4,0.0,0.22768089,0.11278455
375316653866487564,5723721019221413632,0.44390583,2274.5639801836246,1.6407478989991826,1.21711855E-4,14.508523,0.020679254,0.2035961,0.025529185,0.038339417,0.030350449,0.041892994,0.06472487,0.77597535,0.03907103,0.05280107,0.05428843,0.095727466,0.06343617,0.025010101,0.023448696,0.2035961,0.025529185,"TWOGAUSSIANS_WITH_ELLIPSOIDAL_ON_ECLIPSE1",9,263.62814,0.77597535,0.03907103,0.29568598,0.17444894,0.13609637,0.08312149,0.2035961,0.025529185,0.21470073,0.16996251,0.091913156,0.04225833
375316653866487564,5723721809495337088,0.644298,2209.145733874371,0.047895258723704134,4.2454108E-6,13.322125,0.03270122,0.06704215,2.0671161E-5,0.003647628,4.3956567E-5,2.2462604,0.09112118,0.58298784,0.10056721,0.1763407,0.17695653,0.02202263,0.029295439,null,null,null,null,"TWOGAUSSIANS",8,98.35346,0.06704215,2.0671161E-5,0.020426717,2.4615676E-4,2.2462811,0.091119595,0.58298784,0.10056721,0.4,0.0,0.02122961,0.007146555
375316653866487564,5723731395862600704,0.62606823,2225.178429448868,2.9479414445259753,5.321109E-6,14.564448,0.010601818,0.28478107,0.0019873248,0.05088211,0.0031707142,0.46155158,0.021709196,0.7917876,0.004589659,0.049145862,0.0048430325,0.31715268,0.039068043,0.098570555,0.014539784,0.28478107,0.0019873248,"TWOGAUSSIANS_WITH_ELLIPSOIDAL_ON_ECLIPSE1",9,72.48477,0.28478107,0.0019873248,0.28493983,0.017756,0.65868914,0.0117353,0.7917876,0.004589659,0.27521682,0.027120981,0.51390845,0.035957307
375316653866487564,5723731636378991360,0.52268887,2224.4688528050224,1.6472738307898607,3.0297788E-5,16.006615,0.0055119963,0.31505573,0.0022803005,0.0552748,0.0032179556,0.22608365,0.015177955,0.84144896,0.008633248,0.030663747,0.010207918,0.05521141,0.013760361,null,null,null,null,"TWOGAUSSIANS",8,29.058619,0.31505573,0.0022803005,0.30953887,0.018020552,0.22608365,0.015177956,0.84144896,0.008633248,0.17171699,0.057164337,0.055211406,0.013760365
375316653866487564,5723738164731017728,0.5844744,2239.1350455847,1.1697523535107843,1.7704922E-4,14.713846,0.0025867075,0.25914577,0.0041564954,0.03613615,0.0027564287,0.5832312,0.034659594,0.89354813,0.01287925,0.0196346,0.008663048,0.13770783,9.983481,null,null,null,null,"TWOGAUSSIANS",8,62.63475,0.25914577,0.0041564954,0.20236245,0.015436,0.5832312,0.034659594,0.89354813,0.01287925,0.10995376,0.048513066,0.13770783,9.983481
375316653866487564,5723744826223233408,0.6167603,2237.8858146783186,3.636576651509787,6.7974674E-6,18.400654,0.009055767,0.23114459,0.0024581898,0.050504588,0.007631266,0.16802813,0.024852758,0.73062,0.00438477,0.04927734,0.0050019813,0.21825045,0.023775,0.10680963,0.014545346,0.23114459,0.0024581898,"TWOGAUSSIANS_WITH_ELLIPSOIDAL_ON_ECLIPSE1",9,1.8691578,0.7307,0.0036969527,0.2759531,0.028011095,0.4318662,0.01002775,0.23114459,0.0024581898,0.2828257,0.042735092,0.38164583,0.015194447
375316653866487564,5723749877105933312,0.46282166,2243.5642366528796,1.5479895047792134,1.9235948E-5,14.483453,0.048856795,0.18352729,0.014531798,0.22359112,0.09518623,0.25743756,0.06197372,0.67948085,0.013619128,0.17898872,0.06959057,0.23699905,0.11006564,null,null,null,null,"TWOGAUSSIANS",8,39.152496,0.67948085,0.013619128,0.4,0.0,0.053981952,0.0056998325,0.1861773,0.012174474,0.4,0.0,0.041772835,0.0069465316
375316653866487564,5723752698900326144,0.46962485,2223.4934694768267,3.1140830259514716,5.274887E-5,14.99418,0.3246192,0.28137735,0.0059603387,0.14730597,0.11514041,0.123089395,0.32041678,0.7920877,0.013124627,0.10716445,0.05834183,0.12369966,0.19259585,null,null,null,null,"TWOGAUSSIANS",8,85.46777,0.79247767,0.012492726,0.4,0.0,0.0921143,0.02012724,0.28135735,0.0059497277,0.4,0.0,0.0907115,0.008457052
375316653866487564,5723754142009114112,0.551826,2244.884367920044,2.691036128758588,1.5480306E-5,16.238556,0.06230038,0.15025264,0.0044665216,0.05996838,0.021931186,0.15910384,0.119788446,0.6567611,0.014230703,0.057569884,0.032597262,0.19435745,0.123252355,0.07230494,0.06047549,0.15025264,0.0044665216,"TWOGAUSSIANS_WITH_ELLIPSOIDAL_ON_ECLIPSE1",9,25.799208,0.6567611,0.014230703,0.32239133,0.10420115,0.33868942,0.01848047,0.15025264,0.0044665216,0.3358229,0.08975291,0.30367747,0.01716538
375316653866487564,5723755752621448192,0.62104565,2222.411300749355,3.066098449622867,5.5076625E-6,18.02612,0.0029021276,0.2810426,0.0011754596,0.05366003,0.0014283446,0.3173705,0.008747713,0.7784177,0.0041906666,0.0065037976,0.030744568,0.020933127,0.0041132635,0.07812216,0.004124882,0.2810426,0.0011754596,"TWOGAUSSIANS_WITH_ELLIPSOIDAL_ON_ECLIPSE1",9,1.5996587,0.2810426,0.0011754596,0.3004962,0.00799873,0.4736087,0.0072023976,0.7784777,0.004130223,0.036421265,0.17216958,0.17712985,0.0048493017
375316653866487564,5723761215818702336,0.5990411,2226.8026090511225,1.21295699243879,1.6704902E-5,16.570835,0.008631586,0.17597207,0.0033136373,0.041069757,0.0042381124,0.30435878,0.019843305,0.6663,0.03001419,0.0613475,0.03781495,0.087978795,0.0591413,0.016513733,0.010647355,0.17597207,0.0033136373,"TWOGAUSSIANS_WITH_ELLIPSOIDAL_ON_ECLIPSE1",9,9.221306,0.17597207,0.0033136373,0.22999063,0.02373343,0.3373749,0.008374267,0.66726995,0.028481407,0.34354597,0.09765821,0.12088526,0.056552052
375316653866487564,5723781698517304576,0.5941702,2201.5458898847764,3.844013851107428,5.1193265E-6,17.767586,0.017690385,0.23620942,0.0030099729,0.0433031,0.0149699235,0.22831994,0.13211271,0.7341866,0.0023889667,0.054283295,0.0059132967,0.32461953,0.03624821,0.11621731,0.022622643,0.23620942,0.0030099729,"TWOGAUSSIANS_WITH_ELLIPSOIDAL_ON_ECLIPSE1",9,8.542473,0.73447657,0.0019150162,0.30398646,0.03311446,0.5570146,0.017790252,0.23620942,0.0030099729,0.24249734,0.08383157,0.46074718,0.15420863
375316653866487564,5723785306291752192,0.5022822,2225.1338239265733,2.451134926463001,2.409676E-5,15.347867,0.56165636,0.25552994,0.009460701,0.13932447,0.17476188,0.1574613,0.55279297,0.7525385,0.0050888406,0.10491764,0.038073756,0.21187672,0.22930616,null,null,null,null,"TWOGAUSSIANS",8,75.384796,0.7525385,0.0050888406,0.4,0.0,0.1704108,0.013291909,0.25552994,0.009512884,0.4,0.0,0.11549602,0.012522648
375316653866487564,5723797774580276352,0.5606067,2222.760121128201,2.83419849208042,7.1999943E-6,19.145573,0.010837985,0.27732876,0.0017801186,0.075665615,0.0035632032,0.43854052,0.025847226,0.77425253,0.003556043,0.07907189,0.0038622732,0.42001662,0.01544827,null,null,null,null,"TWOGAUSSIANS",8,1.7311363,0.27732876,0.0017801186,0.4,0.0,0.43419474,0.026012512,0.77425253,0.003556043,0.4,0.0,0.41567084,0.01463218
375316653866487564,5723797778877242368,0.6474473,2230.2257274931285,2.9400968010833735,6.3675175E-6,12.3083725,0.011679281,0.19119,0.0013739817,0.049489997,0.003344175,0.35829252,0.025968859,0.6802732,0.0067219846,0.055437133,0.0058742543,0.34400445,0.02692008,0.12095568,0.0133544095,0.19119,0.0013739817,"TWOGAUSSIANS_WITH_ELLIPSOIDAL_ON_ECLIPSE1",9,306.82733,0.19119,0.0013739817,0.27714399,0.018727379,0.60019684,0.017750164,0.6818631,0.0056234524,0.31044793,0.032895826,0.5849375,0.014009644
375316653866487564,5723806093933864448,0.54382646,2208.063022401313,1.6481943479613619,1.0095482E-5,13.682418,0.0015531642,0.28357032,0.020428611,0.027063332,0.02519738,0.031895656,0.68256205,0.772518,0.0022395852,0.05608792,0.030073456,0.0594342,0.036477398,0.041925497,0.0020826545,0.772518,0.0022395852,"TWOGAUSSIANS_WITH_ELLIPSOIDAL_ON_ECLIPSE2",9,24.295845,0.772518,0.0022395852,0.31409234,0.089521416,0.14328231,0.035956893,0.28211033,0.019294517,0.15155466,0.14110532,0.11539316,0.6841288
375316653866487564,5723814335974098304,0.46483457,2237.616279367056,0.44900100847987173,4.7897276E-5,13.455739,8.8762067E-4,0.279307,0.0041404758,0.021541214,0.0033659972,0.068397075,0.00913924,null,null,null,null,null,null,0.011342096,0.0011175186,0.279307,0.0041404758,"ONEGAUSSIAN_WITH_ELLIPSOIDAL",6,39.529552,0.279307,0.0041404758,0.12063079,0.018849585,0.091081224,0.009393253,null,null,null,null,null,null
375316653866487564,5723814821307510656,0.5018889,2223.0486333700674,0.30428086195854553,7.9838115E-5,16.98772,0.0016149537,0.43848878,3.869986E-4,0.013969249,5.842442E-4,0.43325335,0.079639606,0.82106614,0.022462906,0.06287492,0.028675875,0.012238823,0.004124275,null,null,null,null,"TWOGAUSSIANS",8,2.4648576,0.43848878,3.869986E-4,0.078227796,0.0032717674,0.43325335,0.079639606,0.82106614,0.022462906,0.35209957,0.15345374,0.012238823,0.004124275
375316653866487564,5723816779812633984,0.64988613,2204.6909143527196,1.2595722997323735,6.766111E-5,15.1914015,5.753816E-4,0.3971493,1.2241822E-4,0.009926745,1.7600533E-4,0.3444194,0.0024027582,null,null,null,null,null,null,3.6251664E-4,7.884631E-4,0.3971493,1.2241822E-4,"ONEGAUSSIAN_WITH_ELLIPSOIDAL",6,6.0771255,0.3971493,1.2241822E-4,0.055589773,9.856299E-4,0.34514442,0.0027558268,null,null,null,null,null,null
375316653866487564,5723821074779819264,0.59154665,2230.086613961463,0.2937215646961109,2.0128205E-6,15.301842,0.0014040533,0.27245268,0.01418344,0.01971938,0.0035032127,3.2518318,1.8081771,0.77464044,0.0016306381,0.025971325,0.0018514494,0.09239091,0.0032386796,0.012468229,0.0023284862,0.27245268,0.01418344,"TWOGAUSSIANS_WITH_ELLIPSOIDAL_ON_ECLIPSE1",9,10.276668,0.27245268,0.01418344,0.11042853,0.019617992,3.2767682,1.805527,0.77464044,0.001584522,0.14543942,0.010368116,0.11732265,0.0031098577
375316653866487564,5723836914619103104,0.5570995,2221.7737231667174,2.821405639224718,9.06817E-6,15.17874,2.1039815,0.21351525,0.011758405,0.15966307,0.18228254,0.3961747,2.0128675,0.6963046,0.013175506,0.14236,0.071598165,0.46833393,1.4278699,null,null,null,null,"TWOGAUSSIANS",8,43.29471,0.6963046,0.013175506,0.4,0.0,0.2779707,0.014127415,0.21485525,0.006090848,0.4,0.0,0.20176916,0.01079344
375316653866487564,5723837150841336960,0.580196,2248.5866183694793,3.440148730914107,8.690202E-6,18.61597,0.011633587,0.2466868,0.0023392793,0.038733684,0.0064314078,0.177408,0.023300037,0.7433723,0.004172386,0.04657277,0.0074489247,0.26120526,0.024017652,0.11293794,0.014845965,0.2466868,0.0023392793,"TWOGAUSSIANS_WITH_ELLIPSOIDAL_ON_ECLIPSE1",9,2.44015,0.74380237,0.0035233567,0.2608075,0.041713975,0.48699528,0.027385853,0.2466868,0.0023392793,0.21690863,0.036015883,0.40328336,0.0129982
375316653866487564,5723841136571187968,0.4679555,2212.1357288322797,0.06856687333763146,2.3371515E-5,19.364717,0.0059671295,0.3359658,5.6096754E-4,0.0030907649,9.983404E-4,0.4754885,4.2210402,0.66896904,0.012945606,0.023108024,0.010105123,0.058481745,0.03195566,null,null,null,null,"TWOGAUSSIANS",8,3.2325978,0.3359658,5.6096754E-4,0.017308284,0.0055907066,0.4754885,4.2210402,0.66896904,0.012945606,0.12940493,0.05658869,0.058481745,0.03195566
375316653866487564,5723841553183688320,0.64743924,2207.3967357163388,0.46022679525977234,5.877489E-6,12.768938,8.6801586E-4,0.1999909,0.0018022986,0.018687932,0.0011980366,0.52595264,0.018047597,0.7062205,0.004916753,0.01681847,0.0020652607,0.37474367,0.06358775,0.00329735,0.0016651357,0.7062205,0.004916753,"TWOGAUSSIANS_WITH_ELLIPSOIDAL_ON_ECLIPSE2",9,57.983128,0.1999909,0.0018022986,0.10465242,0.006709005,0.5325372,0.018152494,0.7062205,0.004916753,0.09418342,0.011565459,0.38133836,0.0636028
375316653866487564,5723857186864691072,0.5408577,2229.7665621690385,3.3335212732050556,1.9226201E-5,14.834155,0.14521256,0.31550345,0.004045148,0.12178538,0.025673164,0.43884492,0.139705,0.79743797,0.005127151,0.12786604,0.03027554,0.42575696,0.13788939,null,null,null,null,"TWOGAUSSIANS",8,236.01202,0.31573343,0.003897822,0.4,0.0,0.3390152,0.024969291,0.79743797,0.005127151,0.4,0.0,0.3256863,0.032068644
375316653866487564,5723864260674320128,0.61047035,2239.4055968400044,3.1131487087171696,4.8846523E-6,18.12508,0.00793768,0.28017882,0.00542521,0.074438356,0.00429627,0.5991477,0.019665986,0.7875834,0.0016602945,0.070255056,0.0020817833,0.5874246,0.023502795,null,null,null,null,"TWOGAUSSIANS",8,4.693112,0.28017882,0.00542521,0.4,0.0,0.5966131,0.019020692,0.7875834,0.0016602945,0.39342833,0.011311913,0.58489,0.023596197
375316653866487564,5723877390391048960,0.45817196,2205.020594458143,3.325311194032577,2.5929005E-5,17.158905,0.018590696,0.2652166,0.008105515,0.100156836,0.0154509265,0.1782941,0.02319635,0.78534424,0.016361957,0.095934965,0.022531813,0.110887155,0.021392113,null,null,null,null,"TWOGAUSSIANS",8,24.72226,0.2652166,0.008105515,0.4,0.0,0.16994362,0.020071039,0.7853542,0.016361114,0.4,0.0,0.10253831,0.015729582
375316653866487564,5723881204321670912,0.6739476,2206.8900094783985,3.3436165834309937,2.5148076E-6,16.594654,0.011611937,0.17543001,0.0021457162,0.0502703,0.0031583817,0.3478821,0.03756581,0.6757425,0.0014729929,0.050677117,0.0023369845,0.47644827,0.023675324,0.100776725,0.012806947,0.17543001,0.0021457162,"TWOGAUSSIANS_WITH_ELLIPSOIDAL_ON_ECLIPSE1",9,11.742149,0.6757425,0.0014210106,0.28379184,0.013087113,0.67799705,0.009094254,0.17543001,0.0021457162,0.2815137,0.017686937,0.5494317,0.021688998
375316653866487564,5723886564439051136,0.550952,2203.599168569607,2.784453642726272,5.5488166E-5,17.009321,0.0101895565,0.5512186,0.07287865,0.027423266,0.0087759085,0.16951174,0.11327669,0.66418636,0.003129461,0.03926985,0.0032430708,0.998108,0.09911528,null,null,null,null,"TWOGAUSSIANS",8,71.1924,0.66418636,0.003129461,0.21991116,0.018161196,0.998143,0.098795,0.56179863,0.25035244,0.1535703,0.049145088,0.19069874,1.8349165
375316653866487564,5723887419137258752,0.63870823,2225.709983169984,3.6207345271111486,4.479286E-6,16.897017,0.009852312,0.19202799,0.0012683381,0.039095175,0.002594886,0.6043481,0.02942127,0.690541,0.0013392852,0.04487559,0.0038902615,0.5365087,0.03166173,0.1415015,0.013822766,0.19202799,0.0012683381,"TWOGAUSSIANS_WITH_ELLIPSOIDAL_ON_ECLIPSE1",9,28.137993,0.19202799,0.0012683381,0.21893297,0.014531362,0.8873509,0.028928779,0.690661,0.0012301827,0.25130332,0.021785464,0.8194887,0.035460923
375316653866487564,5723909929062866304,0.57284033,2225.607567813594,0.3301010205547645,4.2503225E-6,14.272887,0.0041954643,0.3462574,0.0021347005,0.014550358,0.00135727,0.6507894,0.057103503,0.8472292,3.6839733E-4,0.014273126,3.4530193E-4,0.6093064,0.022030598,null,null,null,null,"TWOGAUSSIANS",8,120.52968,0.3462574,0.0021347005,0.08148201,0.007600712,0.6507894,0.057103503,0.8472292,3.6839733E-4,0.07992951,0.0019336907,0.6093064,0.022030598
375316653866487564,5723912261230427776,0.4433432,2202.400332861303,1.8762043215697433,2.8557719E-5,18.760302,0.0120160375,0.24412282,0.0040368144,0.028142607,0.005056019,0.23921189,0.03382317,null,null,null,null,null,null,0.0323563,0.018691901,0.24412282,0.0040368144,"ONEGAUSSIAN_WITH_ELLIPSOIDAL",6,21.216547,0.24412282,0.0040368144,0.1575986,0.028313706,0.30392444,0.02924597,null,null,null,null,null,null
375316653866487564,5723916006441959552,0.5491237,2204.2363306491193,3.57942466292652,1.7287837E-5,19.037228,0.007572061,0.28574613,0.0010688063,0.057478663,0.0023130851,0.5406335,0.020932427,0.7864159,0.008983154,0.05600486,0.008549461,0.32771295,0.047446843,null,null,null,null,"TWOGAUSSIANS",8,3.1061034,0.28574613,0.0010688063,0.32188052,0.012953276,0.54058343,0.020942044,0.7864159,0.008983154,0.3136272,0.047876984,0.32766291,0.04748946
