Gaia/vari_eclipsing_binary/VariEclipsingBinary_681006-681046.csv
# %ECSV 1.0
# ---
# delimiter: ','
# meta: !!omap
# - RELEASE: Gaia DR3
# - TABLE: vari_eclipsing_binary
# - DESCRIPTION: >
#     This table describes the properties of the eclipsing binaries resulting from the variability analysis. 
# - CITATION: >
#     How to cite and acknowledge Gaia: 
#     https://gea.esac.esa.int/archive/documentation/credits.html 
# - KNOWN_ISSUES: >
#     Known issues: 
#     https://www.cosmos.esa.int/web/gaia-users/known-issues 
# - DOCUMENTATION: >
#     Tutorials and documentation: 
#     https://www.cosmos.esa.int/web/gaia-users/archive 
# datatype:
# - 
#   name: solution_id
#   datatype: int64
#   description: Solution Identifier
#   meta:
#     ucd: meta.version
# - 
#   name: source_id
#   datatype: int64
#   description: Unique source identifier
#   meta:
#     ucd: meta.id;meta.main
# - 
#   name: global_ranking
#   datatype: float32
#   description: Number between 0 (worst) and 1 (best)
#   meta:
#     ucd: stat.param
# - 
#   name: reference_time
#   datatype: float64
#   unit: d
#   description: Reference time used for the geometric model fit
#   meta:
#     ucd: time.epoch
# - 
#   name: frequency
#   datatype: float64
#   unit: d**-1
#   description: Frequency of geometric model of the eclipsing binary light curve
#   meta:
#     ucd: src.orbital
# - 
#   name: frequency_error
#   datatype: float32
#   unit: d**-1
#   description: "Uncertainty of \\texttt{frequency}"
#   meta:
#     ucd: stat.error
# - 
#   name: geom_model_reference_level
#   datatype: float32
#   unit: mag
#   description: Magnitude reference level of geometric model
#   meta:
#     ucd: phot.mag;em.opt
# - 
#   name: geom_model_reference_level_error
#   datatype: float32
#   unit: mag
#   description: "Uncertainty of \\texttt{geomModelReferenceLevel}"
#   meta:
#     ucd: stat.error;phot.mag;em.opt
# - 
#   name: geom_model_gaussian1_phase
#   datatype: float32
#   description: Phase of the Gaussian 1 component
#   meta:
#     ucd: time.phase
# - 
#   name: geom_model_gaussian1_phase_error
#   datatype: float32
#   description: "Uncertainty of \\texttt{geomModelGaussian1Phase}"
#   meta:
#     ucd: stat.error;time.phase
# - 
#   name: geom_model_gaussian1_sigma
#   datatype: float32
#   description: "Standard deviation [phase] of Gaussian 1 component"
#   meta:
#     ucd: stat.stdev
# - 
#   name: geom_model_gaussian1_sigma_error
#   datatype: float32
#   description: "Uncertainty of \\texttt{geomModelGaussian1Sigma}"
#   meta:
#     ucd: stat.error
# - 
#   name: geom_model_gaussian1_depth
#   datatype: float32
#   unit: mag
#   description: Magnitude depth of Gaussian 1 component
#   meta:
#     ucd: src.var.amplitude
# - 
#   name: geom_model_gaussian1_depth_error
#   datatype: float32
#   unit: mag
#   description: "Uncertainty of \\texttt{geomModelGaussian1Depth}"
#   meta:
#     ucd: stat.error;src.var.amplitude
# - 
#   name: geom_model_gaussian2_phase
#   datatype: float32
#   description: Phase of Gaussian 2 component
#   meta:
#     ucd: time.phase
# - 
#   name: geom_model_gaussian2_phase_error
#   datatype: float32
#   description: "Uncertainty of \\texttt{geomModelGaussian2Phase}"
#   meta:
#     ucd: stat.error;time.phase
# - 
#   name: geom_model_gaussian2_sigma
#   datatype: float32
[...]
#   datatype: float32
#   description: "Secondary eclipse: uncertainty of \\texttt{derivedSecondaryEclDuration}"
#   meta:
#     ucd: stat.error;time.duration
# - 
#   name: derived_secondary_ecl_depth
#   datatype: float32
#   unit: mag
#   description: "Secondary eclipse: depth"
#   meta:
#     ucd: src.var.amplitude
# - 
#   name: derived_secondary_ecl_depth_error
#   datatype: float32
#   unit: mag
#   description: "Secondary eclipse: uncertainty of \\texttt{derivedSecondaryEclDepth}"
#   meta:
#     ucd: stat.error;src.var.amplitude
solution_id,source_id,global_ranking,reference_time,frequency,frequency_error,geom_model_reference_level,geom_model_reference_level_error,geom_model_gaussian1_phase,geom_model_gaussian1_phase_error,geom_model_gaussian1_sigma,geom_model_gaussian1_sigma_error,geom_model_gaussian1_depth,geom_model_gaussian1_depth_error,geom_model_gaussian2_phase,geom_model_gaussian2_phase_error,geom_model_gaussian2_sigma,geom_model_gaussian2_sigma_error,geom_model_gaussian2_depth,geom_model_gaussian2_depth_error,geom_model_cosine_half_period_amplitude,geom_model_cosine_half_period_amplitude_error,geom_model_cosine_half_period_phase,geom_model_cosine_half_period_phase_error,model_type,num_model_parameters,reduced_chi2,derived_primary_ecl_phase,derived_primary_ecl_phase_error,derived_primary_ecl_duration,derived_primary_ecl_duration_error,derived_primary_ecl_depth,derived_primary_ecl_depth_error,derived_secondary_ecl_phase,derived_secondary_ecl_phase_error,derived_secondary_ecl_duration,derived_secondary_ecl_duration_error,derived_secondary_ecl_depth,derived_secondary_ecl_depth_error
[from data line 332]
375316653866487564,5990434601356361856,0.6656558,2165.006893225039,0.937630033104506,5.0233493E-6,17.095285,0.004065997,0.25760728,0.018484354,0.035570126,0.009244462,0.5047031,0.13274458,0.7565385,6.7761383E-4,0.03468608,7.548244E-4,0.52719605,0.011752217,0.020337237,0.0052655092,0.25760728,0.018484354,"TWOGAUSSIANS_WITH_ELLIPSOIDAL_ON_ECLIPSE1",9,4.068652,0.7565485,6.3419784E-4,0.19424205,0.0042270166,0.5678687,0.00859381,0.25760728,0.018484354,0.1991927,0.051768985,0.54537755,0.12709518
375316653866487564,5990435017987311104,0.6374158,2141.7993121780455,0.6754609753647185,1.8534038E-5,18.855286,0.0030844824,0.27763203,0.005398717,0.0338138,0.008261611,0.18329482,0.018161602,0.7712822,0.0018289343,0.029358586,0.006411155,0.89024466,0.31207103,0.04748498,0.005411789,0.27763203,0.005398717,"TWOGAUSSIANS_WITH_ELLIPSOIDAL_ON_ECLIPSE1",9,0.89824086,0.7713322,0.0018443324,0.16440809,0.03590247,0.98506457,0.31228969,0.27763203,0.005398717,0.1893573,0.04626502,0.27826473,0.019044066
375316653866487564,5990435086722268160,0.5018394,2157.1433446775554,0.9193937630044449,1.0974341E-5,16.512,7.39542E-4,0.24147294,0.0029288582,0.023849599,0.0026630168,0.037562177,0.0048383716,null,null,null,null,null,null,0.013731403,0.0010289744,0.24147294,0.0029288582,"ONEGAUSSIAN_WITH_ELLIPSOIDAL",6,2.1111283,0.24147294,0.0029288582,0.13355775,0.014912894,0.06502498,0.0045034243,null,null,null,null,null,null
375316653866487564,5990435361600159744,0.49391064,2159.3019943375807,1.7958235535190443,2.686805E-5,16.340288,0.100164935,0.14459856,0.010921296,0.12081017,0.08506145,0.09163143,0.09542871,0.6647531,0.007873995,0.11679893,0.048583157,0.13600472,0.09044863,null,null,null,null,"TWOGAUSSIANS",8,15.272848,0.66483307,0.007057573,0.4,0.0,0.115907125,0.011149883,0.14447856,0.0108894,0.4,0.0,0.07152695,0.010492023
375316653866487564,5990435876996259328,0.5474903,2155.2630179009725,1.2347005118084249,8.098708E-6,17.645792,0.0037583995,0.21339166,0.021569818,0.025878655,0.01721497,0.47871125,0.96638066,0.74350095,0.0063779145,0.02508174,0.022568075,0.049512535,1.6322968E33,0.036224626,0.0055811037,0.74350095,0.0063779145,"TWOGAUSSIANS_WITH_ELLIPSOIDAL_ON_ECLIPSE2",9,3.063523,0.21362166,0.021803036,0.14492047,0.09640384,0.54861796,0.96882045,0.74350095,0.0063779145,0.14045775,0.12638122,0.12196179,1.6322968E33
375316653866487564,5990436667253468800,0.52533424,2066.813198804838,2.94725299399069,2.0045525E-5,19.820015,0.009584645,0.27955362,0.009253234,0.06659423,0.011578661,0.56089073,0.24655084,0.7570076,0.004589873,0.07669216,0.0057581733,0.4908729,0.034515973,null,null,null,null,"TWOGAUSSIANS",8,1.2180119,0.27955362,0.009253234,0.3729277,0.0648405,0.5595432,0.2476131,0.7570076,0.004589873,0.4,0.0,0.48952532,0.034881063
375316653866487564,5990436735972971904,0.46148723,2068.939056935907,3.0131612092642137,4.698927E-5,19.59298,0.009578103,0.2844871,0.0024025405,0.027742906,0.0030867895,0.27088243,0.046288405,0.5651104,0.017472904,0.056853328,0.00972802,0.22179557,0.01949347,null,null,null,null,"TWOGAUSSIANS",8,3.1073234,0.2844871,0.0024025405,0.15536027,0.017286021,0.27088356,0.046288982,0.5651104,0.017472904,0.31837863,0.054476913,0.22179557,0.01949347
375316653866487564,5990437762455674880,0.5701483,2154.296328469631,0.8457780871971732,2.063942E-5,18.51322,0.0069950125,0.28482428,0.0016012149,0.02966951,0.0016289165,0.7989855,0.02472875,null,null,null,null,null,null,0.030471763,0.011583961,0.28482428,0.0016012149,"ONEGAUSSIAN_WITH_ELLIPSOIDAL",6,4.968297,0.28482428,0.0016012149,0.16614926,0.009121932,0.8599289,0.030846013,null,null,null,null,null,null
375316653866487564,5990438312211635200,0.5347441,2134.270084891145,2.4360174783878223,1.5701342E-5,18.609442,0.010705901,0.29471588,0.0066364203,0.0919869,0.008521602,0.27513582,0.012863547,0.77807045,0.004238794,0.061575856,0.008917162,0.13288702,0.017636772,null,null,null,null,"TWOGAUSSIANS",8,2.744439,0.29471588,0.0066364203,0.4,0.0,0.2737335,0.012371211,0.77807045,0.004238794,0.3448248,0.04993611,0.13148503,0.017645888
375316653866487564,5990438419616323968,0.63657093,2203.2999527832085,3.102280699126802,4.135327E-6,16.650177,0.007958428,0.30230987,0.0016624222,0.059146423,0.0026156642,0.5149086,0.027865196,0.79990613,0.001256145,0.045238897,0.0023345337,0.4104826,0.017874552,0.114716694,0.011603431,0.30230987,0.0016624222,"TWOGAUSSIANS_WITH_ELLIPSOIDAL_ON_ECLIPSE1",9,12.194432,0.30230987,0.0016624222,0.33121997,0.014647719,0.7442746,0.023186453,0.80010617,0.0010989002,0.25333783,0.0130733885,0.6398006,0.011191335
375316653866487564,5990438758884225536,0.5055104,2207.454032519464,0.20294468603782384,1.8982968E-5,17.9541,0.004606252,0.3130886,0.0013434197,0.010952846,0.0013530937,0.32312977,0.09820494,0.6167131,0.063267194,0.032672226,0.08035816,0.027066668,0.85466975,0.014292956,0.005027079,0.3130886,0.0013434197,"TWOGAUSSIANS_WITH_ELLIPSOIDAL_ON_ECLIPSE1",9,3.147575,0.3130886,0.0013423065,0.06133594,0.0075773248,0.35171568,0.09850381,0.6215131,0.06707974,0.18296446,0.27291974,0.030458324,0.8561822
375316653866487564,5990439003731894784,0.51694405,2207.5573251547066,2.416738269482467,1.3470487E-5,17.523788,0.0041548484,0.28131452,0.0039024244,0.0866704,0.0055142217,0.124134734,0.006054019,0.78,0.0064033438,0.08424641,0.0066505726,0.13095087,0.0075129867,null,null,null,null,"TWOGAUSSIANS",8,3.3434012,0.78,0.0064033438,0.4,0.0,0.12749791,0.00758009,0.28131452,0.0039024244,0.4,0.0,0.12068177,0.0058370517
375316653866487564,5990440167640327936,0.49332616,2154.114598407698,2.121273127979375,1.9510357E-5,19.282455,0.008747596,0.5080121,0.012501776,0.026968224,0.033980474,0.48732588,0.39986593,0.8402614,0.028267175,0.030029783,0.01508577,0.050918136,0.067184255,null,null,null,null,"TWOGAUSSIANS",8,2.6108937,0.5080121,0.012501776,0.15102206,0.19029064,0.48732588,0.39986593,0.8402614,0.028267175,0.16816679,0.08448031,0.050918136,0.067184255
375316653866487564,5990441408898746624,0.4777585,2166.0082889702217,2.3311523244543135,2.0961948E-5,19.55438,0.03776931,0.23698373,0.0055502886,0.05624268,0.015627943,0.2752821,0.062865,0.725562,0.012555983,0.044767667,0.036301892,0.25611684,0.023660246,null,null,null,null,"TWOGAUSSIANS",8,3.511709,0.23698373,0.0055502886,0.314959,0.08751649,0.27528068,0.06275345,0.725562,0.012555983,0.25069892,0.18140508,0.2561154,0.023549508
375316653866487564,5990441546352600576,0.43381533,2198.9506987549653,0.8872374235476598,2.5990603E-5,18.234459,0.0045046,0.16148423,0.017643023,0.023384875,0.014860992,0.1432322,0.16018479,0.64112437,0.0025178164,0.03448399,0.0061351005,0.10169937,0.026181405,null,null,null,null,"TWOGAUSSIANS",8,6.842058,0.16148423,0.017643023,0.13095531,0.083221555,0.1432322,0.16018479,0.64112437,0.0025178164,0.19311035,0.034356564,0.10169937,0.026181405
375316653866487564,5990441645109464832,0.4334153,2160.0622481947594,2.8587691990784427,2.9586092E-5,19.63,0.015351847,0.7762125,0.008006234,0.009186096,0.011023149,0.14036667,2.113769,null,null,null,null,null,null,0.09814018,0.027234314,0.7762125,0.008006234,"ONEGAUSSIAN_WITH_ELLIPSOIDAL",6,6.003454,0.7762125,0.008006234,0.051442135,0.061729632,0.33664677,2.1157434,null,null,null,null,null,null
375316653866487564,5990441683776728192,0.4842245,2139.435875890891,1.3943476130528663,3.457216E-5,19.380808,0.013217671,0.30079055,0.009782747,0.077582635,0.012911954,0.18141617,0.01727414,0.7990162,0.009515946,0.08355792,0.013239117,0.22956774,0.025400763,null,null,null,null,"TWOGAUSSIANS",8,1.5283008,0.7990162,0.009515946,0.4,0.0,0.22635563,0.026386548,0.30079055,0.009782747,0.4,0.0,0.17820406,0.015879652
375316653866487564,5990443642279660288,0.49742058,2133.8581030081773,3.425995900319045,2.1172153E-5,19.743246,0.019081656,0.19547753,0.0058031813,0.07733557,0.008087928,0.34840852,0.02054162,0.69190943,0.0052551557,0.07649278,0.009036669,0.293084,0.029884469,null,null,null,null,"TWOGAUSSIANS",8,1.9657426,0.19547753,0.0058031813,0.4,0.0,0.345398,0.018616794,0.69190943,0.0052551557,0.4,0.0,0.29007348,0.03030346
375316653866487564,5990443711016152576,0.5168128,2175.5646252718825,3.0935923270565326,2.1068372E-5,15.986831,0.2253058,0.28946134,0.006408249,0.12676883,0.0571379,0.2502761,0.21454734,0.7874224,0.00451106,0.12185603,0.04949745,0.25103754,0.20720276,null,null,null,null,"TWOGAUSSIANS",8,40.302223,0.7874224,0.00451106,0.4,0.0,0.18599764,0.012528801,0.28948134,0.0064517306,0.4,0.0,0.18513732,0.0121982815
375316653866487564,5990443848455123072,0.5612055,2145.016880803494,1.434592030073305,1.26850055E-5,16.433903,0.010254418,0.20344716,0.0031503208,0.092322424,0.0077938093,0.15713684,0.009098028,0.70592225,0.004920433,0.102001734,0.011775804,0.09821641,0.010252941,null,null,null,null,"TWOGAUSSIANS",8,4.5668554,0.20344716,0.0031503208,0.4,0.0,0.14853413,0.0038925405,0.70592225,0.004920433,0.4,0.0,0.08961263,0.005582572
375316653866487564,5990444776151209216,0.4704445,2173.2533979653076,2.3342729808773828,1.711503E-5,19.581457,0.0051340326,null,null,null,null,null,null,null,null,null,null,null,null,0.104873665,0.0068127583,0.24572015,0.00485636,"ELLIPSOIDAL",4,1.9231654,null,null,null,null,null,null,null,null,null,null,null,null
375316653866487564,5990445051045938048,0.56649643,2200.3778577290996,2.4094382019337335,1.13990845E-5,17.975752,0.022961201,0.32142317,0.0101903025,0.07650336,0.016195431,0.4071127,0.021159476,0.81432986,0.002646954,0.08388552,0.0058216457,0.40864292,0.02279026,null,null,null,null,"TWOGAUSSIANS",8,8.286649,0.81432986,0.002646954,0.4,0.0,0.4031412,0.015311349,0.32142317,0.0101903025,0.4,0.0,0.401611,0.015336368
375316653866487564,5990445287238250752,0.51994544,2182.381506105844,2.069593417417792,1.7362741E-5,18.509922,0.011168972,0.21445411,0.006073327,0.08298796,0.013848957,0.16900213,0.017562024,0.71544945,0.0062219994,0.08028348,0.008211867,0.20645702,0.015821768,null,null,null,null,"TWOGAUSSIANS",8,2.98833,0.71544945,0.0062219994,0.4,0.0,0.20309423,0.015368145,0.21445411,0.006073327,0.4,0.0,0.16563933,0.018541018
375316653866487564,5990446700296639104,0.44432607,2147.2407487699315,1.8439590148396154,7.455999E-5,19.62106,0.016394395,0.4554434,0.15480724,0.048686113,0.07780542,0.13837248,0.17369914,0.77208936,0.0031459029,0.031503156,0.0025701488,0.6025893,0.018537132,null,null,null,null,"TWOGAUSSIANS",8,7.6929913,0.77208936,0.0031459029,0.17641768,0.014392834,0.6025893,0.019722562,0.4554434,0.15480724,0.27264223,0.22863577,0.13837248,0.1737
375316653866487564,5990447353133540352,0.51710624,2170.1940874284514,2.2008156418537523,1.33381045E-5,19.099035,0.023237104,0.30138147,0.004108549,0.09670703,0.008369726,0.35249788,0.023798268,0.7982936,0.011335078,0.09857666,0.010091785,0.33224297,0.023129253,null,null,null,null,"TWOGAUSSIANS",8,1.7986761,0.30138147,0.004108549,0.4,0.0,0.327725,0.014464006,0.7982936,0.011335078,0.4,0.0,0.3074695,0.010605931
375316653866487564,5990447628026805632,0.4904065,2199.850888265141,1.4374591931280516,2.252304E-5,14.198951,0.0072416523,0.22854517,0.0073326384,0.08758517,0.011439114,0.06659288,0.0071800966,0.7472792,0.0048177172,0.080286734,0.010011776,0.08734869,0.009422295,null,null,null,null,"TWOGAUSSIANS",8,106.17739,0.7472792,0.0048177172,0.4,0.0,0.08607172,0.008692655,0.22854517,0.0073326384,0.4,0.0,0.065315895,0.005686941
375316653866487564,5990448624459416192,0.5581201,2207.2847244753543,2.5151034064472384,1.3375238E-5,15.551781,0.0076773325,0.21603209,0.002924334,0.052701302,0.022872757,0.086772874,0.03447133,0.69807947,0.004628547,0.043382272,0.007921314,0.11920546,0.019225556,0.10112957,0.010682521,0.21603209,0.002924334,"TWOGAUSSIANS_WITH_ELLIPSOIDAL_ON_ECLIPSE1",9,66.2824,0.7016895,0.0036298502,0.24294072,0.04435936,0.3194133,0.016183,0.21603209,0.002924334,0.2951273,0.12808743,0.28903085,0.040238004
375316653866487564,5990448998093773568,0.58037823,2070.1334496459963,2.677493259778561,1.259884E-5,19.274765,0.010264677,0.2113662,0.005612411,0.061333813,0.005932632,0.6283588,0.018791104,0.7164801,0.0023804568,0.06453417,0.0035748705,0.5775957,0.02009056,null,null,null,null,"TWOGAUSSIANS",8,2.355859,0.2113662,0.005612411,0.34346935,0.03322274,0.6279757,0.018828114,0.7164801,0.0023804568,0.3613914,0.020019274,0.57721263,0.02015937
375316653866487564,5990449792675368960,0.47971958,2132.9113465184378,2.3257923583049758,1.5197655E-5,19.437706,0.008483315,null,null,null,null,null,null,null,null,null,null,null,null,0.11560184,0.010733025,0.23460089,0.004565849,"ELLIPSOIDAL",4,1.3169377,null,null,null,null,null,null,null,null,null,null,null,null
375316653866487564,5990449964489076224,0.5878967,2148.110841011028,0.3301872659918556,5.9718536E-6,16.00679,0.0043657064,0.106425874,0.0018435324,0.03458279,0.0011265704,0.8269459,0.058719303,0.60294324,0.007297549,0.03729265,0.00460732,0.43303937,0.045131452,null,null,null,null,"TWOGAUSSIANS",8,85.691,0.106425874,0.0018435324,0.19366361,0.0063087945,0.8269459,0.058719303,0.60294324,0.007297549,0.20883885,0.025800992,0.43303937,0.045131452
375316653866487564,5990451300193031040,0.57171816,2163.365182995191,2.736713227408918,2.2268569E-5,17.974257,0.013893694,0.28593692,0.0035809954,0.042115796,0.010822819,0.11698411,0.031995125,0.7597187,0.054715827,0.048304405,0.04482272,0.09431045,0.050112832,0.108813465,0.016698606,0.28593692,0.0035809954,"TWOGAUSSIANS_WITH_ELLIPSOIDAL_ON_ECLIPSE1",9,5.3244443,0.28593692,0.0035809954,0.23584846,0.060607783,0.33461094,0.017507957,0.76755875,0.037009034,0.27050465,0.25100723,0.30781424,0.019238725
375316653866487564,5990451953027720192,0.49241635,2154.2758834195224,1.3673707115688416,2.7217135E-5,19.034216,0.0135779325,0.25219294,0.009581137,0.079081886,0.014606213,0.24400084,0.020354796,0.75601697,0.0132658435,0.06095719,0.010741855,0.29236862,0.09278221,null,null,null,null,"TWOGAUSSIANS",8,4.398465,0.75601697,0.0132658435,0.34136027,0.06015439,0.2915605,0.09306195,0.25219294,0.009581137,0.4,0.0,0.24319272,0.02074283
375316653866487564,5990453056848309376,0.5136759,2092.440562916227,3.3886728306354663,3.2314718E-5,19.642513,0.029066324,0.16266291,0.02226234,0.06141476,0.016456516,0.7061982,0.17266959,0.67484784,0.0046567125,0.07219091,0.0074830214,0.60058314,0.0830047,null,null,null,null,"TWOGAUSSIANS",8,3.471092,0.16266291,0.02226234,0.34392264,0.06645571,0.70536846,0.17257673,0.67484784,0.0046567125,0.4,0.008603691,0.5997534,0.08313475
375316653866487564,5990453675326132224,0.4365738,2127.265893705548,2.6998365136191964,3.2101507E-5,19.09957,0.35180435,0.26143607,0.011484747,0.12266769,0.037341516,0.25432998,0.25539932,0.78271663,0.019159941,0.14370978,0.10219064,0.24588238,0.33250087,null,null,null,null,"TWOGAUSSIANS",8,4.207946,0.2605961,0.009705782,0.4,0.0,0.1823714,0.024261963,0.7829666,0.018568086,0.4,0.0,0.17277515,0.022969022
375316653866487564,5990454259441700224,0.49891332,2106.035542321002,3.1167285125246695,2.1026432E-5,19.833027,0.00963247,0.2873518,0.007325729,0.05750776,0.0057597393,0.23319826,0.015771076,0.78383446,0.029392496,0.07658707,0.022719897,0.21532801,0.14905344,null,null,null,null,"TWOGAUSSIANS",8,0.66264945,0.2873518,0.007325729,0.32204345,0.03225454,0.232816,0.015527516,0.78383446,0.029392496,0.4,0.08164651,0.21494575,0.14932373
375316653866487564,5990455389002063232,0.4766094,2191.1312047057513,0.2134447452878054,7.9005375E-5,18.520803,0.0155093875,0.2594464,0.02996097,0.07765242,0.079623915,0.0825375,0.09451536,0.7521013,0.0039561456,0.01600491,0.0039863866,0.2830272,0.030771596,null,null,null,null,"TWOGAUSSIANS",8,6.296174,0.7521013,0.0039561456,0.0896275,0.022323763,0.28302714,0.030771261,0.2594464,0.02996097,0.4,0.36403474,0.082537435,0.094515644
