Gaia/vari_eclipsing_binary/VariEclipsingBinary_460299-460309.csv
# %ECSV 1.0
# ---
# delimiter: ','
# meta: !!omap
# - RELEASE: Gaia DR3
# - TABLE: vari_eclipsing_binary
# - DESCRIPTION: >
#     This table describes the properties of the eclipsing binaries resulting from the variability analysis. 
# - CITATION: >
#     How to cite and acknowledge Gaia: 
#     https://gea.esac.esa.int/archive/documentation/credits.html 
# - KNOWN_ISSUES: >
#     Known issues: 
#     https://www.cosmos.esa.int/web/gaia-users/known-issues 
# - DOCUMENTATION: >
#     Tutorials and documentation: 
#     https://www.cosmos.esa.int/web/gaia-users/archive 
# datatype:
# - 
#   name: solution_id
#   datatype: int64
#   description: Solution Identifier
#   meta:
#     ucd: meta.version
# - 
#   name: source_id
#   datatype: int64
#   description: Unique source identifier
#   meta:
#     ucd: meta.id;meta.main
# - 
#   name: global_ranking
#   datatype: float32
#   description: Number between 0 (worst) and 1 (best)
#   meta:
#     ucd: stat.param
# - 
#   name: reference_time
#   datatype: float64
#   unit: d
#   description: Reference time used for the geometric model fit
#   meta:
#     ucd: time.epoch
# - 
#   name: frequency
#   datatype: float64
#   unit: d**-1
#   description: Frequency of geometric model of the eclipsing binary light curve
#   meta:
#     ucd: src.orbital
# - 
#   name: frequency_error
#   datatype: float32
#   unit: d**-1
#   description: "Uncertainty of \\texttt{frequency}"
#   meta:
#     ucd: stat.error
# - 
#   name: geom_model_reference_level
#   datatype: float32
#   unit: mag
#   description: Magnitude reference level of geometric model
#   meta:
#     ucd: phot.mag;em.opt
# - 
#   name: geom_model_reference_level_error
#   datatype: float32
#   unit: mag
#   description: "Uncertainty of \\texttt{geomModelReferenceLevel}"
#   meta:
#     ucd: stat.error;phot.mag;em.opt
# - 
#   name: geom_model_gaussian1_phase
#   datatype: float32
#   description: Phase of the Gaussian 1 component
#   meta:
#     ucd: time.phase
# - 
#   name: geom_model_gaussian1_phase_error
#   datatype: float32
#   description: "Uncertainty of \\texttt{geomModelGaussian1Phase}"
#   meta:
#     ucd: stat.error;time.phase
# - 
#   name: geom_model_gaussian1_sigma
#   datatype: float32
#   description: "Standard deviation [phase] of Gaussian 1 component"
#   meta:
#     ucd: stat.stdev
# - 
#   name: geom_model_gaussian1_sigma_error
#   datatype: float32
#   description: "Uncertainty of \\texttt{geomModelGaussian1Sigma}"
#   meta:
#     ucd: stat.error
# - 
#   name: geom_model_gaussian1_depth
#   datatype: float32
#   unit: mag
#   description: Magnitude depth of Gaussian 1 component
#   meta:
#     ucd: src.var.amplitude
# - 
#   name: geom_model_gaussian1_depth_error
#   datatype: float32
#   unit: mag
#   description: "Uncertainty of \\texttt{geomModelGaussian1Depth}"
#   meta:
#     ucd: stat.error;src.var.amplitude
# - 
#   name: geom_model_gaussian2_phase
#   datatype: float32
#   description: Phase of Gaussian 2 component
#   meta:
#     ucd: time.phase
# - 
#   name: geom_model_gaussian2_phase_error
#   datatype: float32
#   description: "Uncertainty of \\texttt{geomModelGaussian2Phase}"
#   meta:
#     ucd: stat.error;time.phase
# - 
#   name: geom_model_gaussian2_sigma
#   datatype: float32
[...]
#   datatype: float32
#   description: "Secondary eclipse: uncertainty of \\texttt{derivedSecondaryEclDuration}"
#   meta:
#     ucd: stat.error;time.duration
# - 
#   name: derived_secondary_ecl_depth
#   datatype: float32
#   unit: mag
#   description: "Secondary eclipse: depth"
#   meta:
#     ucd: src.var.amplitude
# - 
#   name: derived_secondary_ecl_depth_error
#   datatype: float32
#   unit: mag
#   description: "Secondary eclipse: uncertainty of \\texttt{derivedSecondaryEclDepth}"
#   meta:
#     ucd: stat.error;src.var.amplitude
solution_id,source_id,global_ranking,reference_time,frequency,frequency_error,geom_model_reference_level,geom_model_reference_level_error,geom_model_gaussian1_phase,geom_model_gaussian1_phase_error,geom_model_gaussian1_sigma,geom_model_gaussian1_sigma_error,geom_model_gaussian1_depth,geom_model_gaussian1_depth_error,geom_model_gaussian2_phase,geom_model_gaussian2_phase_error,geom_model_gaussian2_sigma,geom_model_gaussian2_sigma_error,geom_model_gaussian2_depth,geom_model_gaussian2_depth_error,geom_model_cosine_half_period_amplitude,geom_model_cosine_half_period_amplitude_error,geom_model_cosine_half_period_phase,geom_model_cosine_half_period_phase_error,model_type,num_model_parameters,reduced_chi2,derived_primary_ecl_phase,derived_primary_ecl_phase_error,derived_primary_ecl_duration,derived_primary_ecl_duration_error,derived_primary_ecl_depth,derived_primary_ecl_depth_error,derived_secondary_ecl_phase,derived_secondary_ecl_phase_error,derived_secondary_ecl_duration,derived_secondary_ecl_duration_error,derived_secondary_ecl_depth,derived_secondary_ecl_depth_error
[from data line 189]
375316653866487564,4048851135904122752,0.4775263,2265.897468658332,3.3822453497160123,5.895029E-5,19.092579,0.010332245,null,null,null,null,null,null,null,null,null,null,null,null,0.13643737,0.018755041,0.31259733,0.006812886,"ELLIPSOIDAL",4,9.844591,null,null,null,null,null,null,null,null,null,null,null,null
375316653866487564,4048851140159157120,0.43572035,2255.5919991757887,0.36982033771700124,1.0096714E-4,19.07958,0.05965015,0.18218149,0.032830127,0.12891558,0.034900233,0.36112884,0.056598824,0.51416916,0.020189837,0.09066725,0.079933815,0.35896948,0.041759178,null,null,null,null,"TWOGAUSSIANS",8,5.8156805,0.51416916,0.020189837,0.4,0.0,0.36514792,0.07682757,0.18302149,0.021483121,0.4,0.0,0.35464516,0.054982677
375316653866487564,4048851204623564928,0.5747114,2275.972157218309,2.0386610470784303,1.2585612E-4,18.178625,0.0028920437,0.2586746,0.023531565,0.0791353,0.01943463,0.027140742,0.006366137,0.6606153,0.0762488,0.046680313,0.037456,0.9760101,492.66245,null,null,null,null,"TWOGAUSSIANS",8,1.4216427,0.6606153,0.0762488,0.26140976,0.20975359,0.9760079,492.66245,0.2586746,0.023531565,0.4,0.0054913466,0.027138487,0.0063648126
375316653866487564,4048851238883327232,0.47981665,2274.3905283343292,0.06798048868806024,4.555823E-5,17.424984,0.005572035,0.49226838,0.05962434,0.15072758,0.037308626,0.110137366,0.016543167,0.89353454,0.036781088,0.029455626,0.027958138,0.031919967,0.018833049,null,null,null,null,"TWOGAUSSIANS",8,7.6334453,0.49226838,0.05962434,0.4,0.0,0.10918416,0.016045896,0.89353454,0.036781088,0.1649515,0.15656556,0.03419187,0.016608981
375316653866487564,4048851376422039680,0.46263155,2304.3363975479265,0.17648969386749208,1.3106054E-5,19.28902,0.01206268,0.25080323,0.05153493,0.038272224,0.0111804,0.17146297,0.026132843,0.87588614,0.0073103323,0.06951998,0.013359678,0.2835978,0.025435232,null,null,null,null,"TWOGAUSSIANS",8,2.2584577,0.87588614,0.0073103323,0.38931188,0.039520573,0.28359777,0.02543555,0.25080323,0.05153493,0.21432446,0.06261024,0.17146309,0.026132824
375316653866487564,4048851449389046144,0.45899257,2292.3581141353893,0.7156525454244949,6.2753345E-5,17.010445,0.010664276,0.38573843,0.013585173,0.19243056,0.034542274,0.06687613,0.009862027,0.8497698,0.04187842,0.02086977,0.035495333,0.07723501,0.2879968,null,null,null,null,"TWOGAUSSIANS",8,3.616087,0.8497698,0.04187842,0.1168707,0.19877386,0.077037275,0.28576106,0.38573843,0.013585173,0.4,0.0,0.06164358,0.0064410507
375316653866487564,4048851483708044672,0.4302787,2315.3644483993785,0.18617440353747908,9.5881034E-5,19.198637,0.19054809,0.24487804,0.01825446,0.22103472,0.08569549,0.4355632,0.17194161,0.6126797,0.011648781,0.05327675,0.015659742,0.23254256,0.07287443,null,null,null,null,"TWOGAUSSIANS",8,3.4912264,0.24487804,0.01825446,0.4,0.0,0.36340564,0.0777193,0.6126797,0.011648781,0.2983498,0.087694556,0.2767346,0.1057783
375316653866487564,4048851552469240704,0.4671754,2257.4091207089705,0.07595569932794574,7.5109085E-5,18.686834,0.0071902713,0.32644144,0.0078816265,0.06809239,0.010370663,0.10442611,0.009964189,0.8603984,0.02156545,0.027297841,0.011571694,0.18492602,0.32213652,null,null,null,null,"TWOGAUSSIANS",8,2.0404186,0.8603984,0.02156545,0.15286791,0.064801484,0.18492597,0.32213625,0.32644144,0.0078816265,0.38131738,0.036084283,0.10442607,0.009964389
375316653866487564,4048851616937680128,0.443952,2262.7927271582894,0.29432094788036917,1.3303599E-5,18.758436,0.012698988,0.25484478,0.014449931,0.08772257,0.04256478,0.16472593,0.43006262,0.74143296,0.003398583,0.027655654,0.003602927,0.1461026,0.016465364,null,null,null,null,"TWOGAUSSIANS",8,4.693355,0.25484478,0.014449931,0.4,0.102155425,0.16471207,0.43008554,0.74143296,0.003398583,0.15487166,0.020176392,0.14608878,0.016438179
375316653866487564,4048851685659406336,0.4331054,2243.4171859216217,0.1406660135840073,1.27712665E-5,18.758982,0.10695976,0.2943946,0.03660035,0.06346245,0.044787515,0.14967877,0.16388175,0.77801025,0.0032994538,0.061330933,0.03594749,0.19745886,0.09169749,null,null,null,null,"TWOGAUSSIANS",8,5.113168,0.77801025,0.0032994538,0.34345323,0.08037631,0.19739327,0.07851306,0.2943946,0.03660035,0.3553897,0.16838844,0.14961317,0.1545607
375316653866487564,4048851720018897152,0.55544496,2281.3313085985324,0.37900565221194515,3.0138439E-5,19.124386,0.008518731,0.32352984,0.007130163,0.05609408,0.024420984,0.16810752,0.01279996,0.8448806,0.01739551,0.057959177,0.011575768,0.18328907,0.03297145,null,null,null,null,"TWOGAUSSIANS",8,0.87683433,0.8448806,0.01739551,0.32457137,0.0648243,0.18327887,0.03297257,0.32352984,0.007130163,0.31412685,0.09295512,0.16809733,0.012963164
375316653866487564,4048851724267993088,0.5175036,2266.1568755809753,0.07250010542919783,3.579288E-5,18.967596,0.009057837,0.23655611,0.004279378,0.015856314,0.01497828,0.13403893,0.031538248,0.84147,0.03892401,0.044210166,0.03768935,0.27865338,0.34631,0.097062856,0.012711332,0.23655611,0.004279378,"TWOGAUSSIANS_WITH_ELLIPSOIDAL_ON_ECLIPSE1",9,4.630112,0.84147,0.03892401,0.24757694,0.18595509,0.39995643,0.35170266,0.23655611,0.004279378,0.088795364,0.08387837,0.3281646,0.019352645
375316653866487564,4048851891836470272,0.48937282,2272.4976659961017,1.7285466224152997,2.3751823E-5,18.299345,0.010850675,0.24240798,0.01340563,0.086957775,0.025499335,0.09676951,0.009372555,0.69612104,0.0035219863,0.051161498,0.016129019,1.3902384,1.5678557,null,null,null,null,"TWOGAUSSIANS",8,2.6484861,0.69612104,0.0035219863,0.2865044,0.0903225,1.3900521,1.5685041,0.24240798,0.01340563,0.4,0.0,0.09658305,0.008703655
375316653866487564,4048851994801966336,0.5089012,2371.5452722184673,2.3494836054114905,1.8557137E-5,17.255426,0.03546191,0.59824353,0.07203292,0.16957802,0.10354649,0.09414296,0.037112687,0.42281795,0.0020962257,0.005015681,0.0037858805,0.6358862,0.20209102,null,null,null,null,"TWOGAUSSIANS",8,3.3631737,0.42282796,0.002088142,0.028087813,0.02120093,0.6885834,0.22111377,0.59824353,0.07203292,0.4,0.0,0.09170503,0.03748097
375316653866487564,4048851994898499968,0.5130454,2268.221548179301,1.9749156523175992,1.3449262E-5,17.908714,0.006536192,0.24852233,0.0029420848,0.092469625,0.0060858876,0.19746025,0.011197566,0.76231956,0.0051246504,0.08762496,0.005297625,0.2744024,0.015715398,null,null,null,null,"TWOGAUSSIANS",8,3.0347943,0.76231956,0.0051246504,0.4,0.0,0.2665074,0.016031057,0.24852233,0.0029420848,0.4,0.0,0.18956506,0.011890769
375316653866487564,4048852033512678656,0.4384439,2258.8098448679198,1.4822681392586061,6.610899E-5,19.01216,0.019910859,0.16193423,0.003821216,0.01778012,0.005214642,0.12568736,0.04813767,0.5138903,0.016565016,0.10247604,0.01421934,0.45003703,0.08544116,null,null,null,null,"TWOGAUSSIANS",8,3.341159,0.5138903,0.016565016,0.4,0.0,0.45003095,0.085450225,0.16203423,0.0039614844,0.099568665,0.029201994,0.12691878,0.048697192
375316653866487564,4048852102224192000,0.5813072,2304.186384946236,3.151138908810406,2.1556698E-5,18.349007,0.011475849,0.18522866,0.004506922,0.07482531,0.008151125,0.42489374,0.060837246,0.6776788,0.0044275355,0.0719509,0.0061907456,0.42906862,0.04855437,null,null,null,null,"TWOGAUSSIANS",8,4.2013493,0.6776788,0.0044275355,0.4,0.007207365,0.42690724,0.049338933,0.18522866,0.004506922,0.4,0.0,0.42273235,0.062107984
375316653866487564,4048852136543277184,0.44866213,2250.7745047621693,1.2118287122173637,1.5047923E-5,18.502716,0.018638741,0.2929467,0.0098516485,0.05938996,0.012526958,0.11277715,0.025303904,0.7932276,0.010536722,0.10494637,0.026588969,0.07301123,0.018961815,null,null,null,null,"TWOGAUSSIANS",8,2.5376256,0.2929467,0.009852077,0.33258379,0.070150964,0.11120325,0.022813512,0.7932276,0.010536722,0.4,0.0,0.07143561,0.014885367
375316653866487564,4048852304136473344,0.43923962,2271.001430052675,0.4880964045032682,2.936475E-5,18.69403,0.1825783,0.24679242,0.016101712,0.14239329,0.05600302,0.2189924,0.16962308,0.72086614,0.03418322,0.14476958,0.07425289,0.17636219,0.17100973,null,null,null,null,"TWOGAUSSIANS",8,3.8696704,0.24803242,0.011870885,0.4,0.0,0.14688097,0.017568186,0.72086614,0.03418322,0.4,0.0,0.10427196,0.012824478
375316653866487564,4048852338399362176,0.49786422,2212.0000870704766,2.472519466880714,3.3577195E-5,19.174849,0.02402058,0.26785758,0.008797427,0.062162437,0.025329608,0.52634716,0.17573509,0.77314824,0.005880698,0.070480384,0.0053828056,0.3970264,0.032341175,null,null,null,null,"TWOGAUSSIANS",8,5.317944,0.26785758,0.008797427,0.34810963,0.055352185,0.5257095,0.18134168,0.77314824,0.005880698,0.39469016,0.013586333,0.39638877,0.029345112
375316653866487564,4048852338495875840,0.53692704,2240.551299192456,0.14366208988108978,4.134422E-4,17.131601,0.02662776,0.39260054,0.0087634325,0.041395824,0.008793282,0.20123446,0.013922712,0.72347116,0.021398086,0.19625424,0.06481386,0.059438318,0.02599668,null,null,null,null,"TWOGAUSSIANS",8,8.904149,0.39363053,0.009211011,0.23181662,0.049242377,0.2111566,0.014634775,0.72347116,0.021398086,0.4,0.0,0.054770935,0.009872911
375316653866487564,4048852338495903488,0.45403403,2286.287610173823,0.46038695377157757,2.8437255E-5,18.911327,0.008536669,0.27135128,0.007540062,0.06710634,0.012192624,0.12577401,0.01665727,0.7447786,0.0018507995,0.034366358,0.00865663,0.05345357,0.004989428,null,null,null,null,"TWOGAUSSIANS",8,2.5818853,0.27135128,0.007540062,0.37579548,0.061065387,0.12577376,0.016657587,0.7447786,0.0018507995,0.1924516,0.04847713,0.053453315,0.0049893213
375316653866487564,4048852342742490880,0.52189034,2266.064505867099,0.14015394883991858,1.664154E-4,19.142994,0.061233968,0.3083104,0.03420678,0.081164,0.03971521,0.33771446,0.12982886,0.6305528,0.08626146,0.18002519,0.19112603,0.10646042,0.05518008,null,null,null,null,"TWOGAUSSIANS",8,1.1053334,0.3125604,0.029462343,0.4,0.0,0.34993014,0.14350258,0.6305528,0.08626146,0.4,0.0,0.096814774,0.015509978
375316653866487564,4048852441575120256,0.53300875,2281.367295905531,2.1315212744382652,5.5593842E-5,18.653154,0.02087402,0.24228151,0.019437825,0.08600556,0.03815549,0.2139408,0.036315285,0.74249274,0.009457274,0.09842448,0.0139114475,0.19771157,0.019925237,null,null,null,null,"TWOGAUSSIANS",8,2.3290238,0.24228151,0.019437825,0.4,0.100823835,0.2036062,0.049485758,0.74249274,0.009457274,0.4,0.0,0.18737602,0.008187559
375316653866487564,4048852441575192576,0.46668702,2281.9216834195545,0.09682221846532198,4.3603803E-5,19.429096,0.025586216,0.27249682,0.013159898,0.061640713,0.03732197,0.9648324,0.77805704,0.8838123,0.009299037,0.010115931,0.0060788128,0.07688133,0.11355412,0.12044642,0.032020885,0.27249682,0.013159898,"TWOGAUSSIANS_WITH_ELLIPSOIDAL_ON_ECLIPSE1",9,8.946651,0.27249682,0.013159898,0.345188,0.08304499,1.2054737,0.7578744,0.8838123,0.009299037,0.056649216,0.034041353,0.21768668,0.12514476
375316653866487564,4048852441575410432,0.6107338,2283.104957766442,2.6833804901375524,6.196734E-6,17.99767,0.015740756,0.19072331,0.0025240262,0.078274734,0.00405599,0.6025565,0.01785666,0.70221657,0.0014365284,0.07102381,0.005174164,0.5795146,0.058523472,null,null,null,null,"TWOGAUSSIANS",8,5.800817,0.19072331,0.0025240262,0.4,0.0,0.5992165,0.017197357,0.70221657,0.0014365284,0.39773333,0.009952091,0.5761747,0.059727546
375316653866487564,4048852445821713664,0.44443095,2330.590718456013,1.1925138393745234,9.7686325E-6,17.282478,0.0040120687,0.32118225,0.0035587763,0.03229375,0.0038871267,0.05665915,0.009249554,0.56875104,0.003866667,0.056446955,0.0033820418,0.1092306,0.010026595,null,null,null,null,"TWOGAUSSIANS",8,4.8323145,0.56875104,0.003866667,0.31610295,0.018939434,0.1092306,0.010026595,0.32119223,0.003556495,0.180845,0.021767909,0.05666642,0.009253809
375316653866487564,4048852475828569856,0.51157093,2299.7104944825455,0.2955924312387481,4.6378776E-5,19.19048,0.09273533,0.45841402,0.023668647,0.13464123,0.09297112,0.46840662,0.06122614,0.7615618,0.009045007,0.057514504,0.014030313,3.4169056,2.637338,null,null,null,null,"TWOGAUSSIANS",8,8.051601,0.7615618,0.009045007,0.3220812,0.078569755,3.4518697,2.6882885,0.45842403,0.023679564,0.4,0.0,0.4662343,0.058318675
375316653866487564,4048852475935145216,0.44685346,2367.372367385259,2.402511331629969,6.779262E-5,17.647572,0.03963295,0.24277943,0.013510961,0.084476046,0.032139428,0.24884146,0.039438996,0.6709875,0.016345503,0.050967675,0.030164931,0.5286126,13.878225,null,null,null,null,"TWOGAUSSIANS",8,3.7456305,0.6709875,0.016345503,0.285419,0.16892362,0.5285278,13.878424,0.24277943,0.013510961,0.4,0.0,0.24875598,0.03932564
375316653866487564,4048852514541191296,0.567307,2268.1351052433615,2.3985246209884896,1.071443E-5,17.74582,0.010419573,0.32467142,0.0036002405,0.06587698,0.0035513402,0.59923494,0.013962892,0.81494516,0.0021923245,0.07109277,0.003132778,0.5813203,0.018603755,null,null,null,null,"TWOGAUSSIANS",8,15.282892,0.32467142,0.0036002405,0.36891112,0.019887505,0.5980756,0.013678142,0.81494516,0.0021923245,0.3981195,0.012888891,0.58016104,0.018613996
375316653866487564,4048852544654662912,0.494831,2273.4020046393366,0.25248677981301854,4.6468675E-5,19.46,0.012978437,0.55109364,0.005452961,0.0806351,0.010903399,0.21076734,0.026677331,0.24310726,0.023138167,0.062868096,0.016764522,0.1417629,0.024182696,null,null,null,null,"TWOGAUSSIANS",8,1.2096977,0.55109364,0.005451003,0.4,0.0,0.21076508,0.02668006,0.24329726,0.02335936,0.35206136,0.09388132,0.14190361,0.024184996
375316653866487564,4048852686298697728,0.4682927,2289.2483509584695,0.12652357952237545,1.6201418E-5,18.89537,0.0051441984,0.1425276,0.0101392595,0.057446986,0.0073164343,0.11110725,0.015823467,0.662791,0.020604312,0.043208126,0.023919787,0.14015818,0.31060627,null,null,null,null,"TWOGAUSSIANS",8,1.8954805,0.662791,0.020604312,0.2419655,0.1339508,0.1401578,0.31060678,0.1425276,0.0101392595,0.32170314,0.04097203,0.111106865,0.01582358
375316653866487564,4048852789419686912,0.47141874,2304.577142115688,2.5336550526362185,4.3346165E-5,17.489738,0.027139831,0.26357234,0.0066862535,0.07829771,0.012462303,0.23726104,0.029098632,0.7820676,0.013374727,0.08344805,0.03351937,0.22506073,0.052399293,null,null,null,null,"TWOGAUSSIANS",8,27.947346,0.26357234,0.0066865203,0.4,0.0,0.23455238,0.02472237,0.7820676,0.013374727,0.4,0.0,0.22235206,0.059947297
375316653866487564,4048852823779439232,0.6082875,2278.880414275348,2.1160513588330607,8.265755E-6,17.192894,0.01610836,0.32161736,0.0069603943,0.08193346,0.007079308,0.4946798,0.028768228,0.82162505,0.0017214691,0.072391376,0.005302851,0.31651035,0.013943572,null,null,null,null,"TWOGAUSSIANS",8,6.053562,0.32161736,0.0069603943,0.4,0.0,0.49047735,0.028944654,0.82162505,0.0017214691,0.4,0.011046372,0.3123079,0.011541452
375316653866487564,4048852991331614208,0.46149653,2293.671019202817,0.20183521745961364,3.4239827E-5,19.476074,0.0480484,0.13127762,0.0044189775,0.052736823,0.013522592,0.4091189,0.07323388,0.5606993,0.050985105,0.108303055,0.032683257,0.31829557,0.10906606,null,null,null,null,"TWOGAUSSIANS",8,4.5496883,0.13130763,0.0039761527,0.2953262,0.07572652,0.40803018,0.07500859,0.5606993,0.050985105,0.4,0.0,0.31708372,0.10804048
375316653866487564,4048852991331619328,0.5678247,2280.6487129786824,2.439820742693628,1.8315435E-5,18.939344,0.017456809,0.19734254,0.013271672,0.060602903,0.015387088,0.6992187,0.1995382,0.69580555,0.00241893,0.06839368,0.004512864,0.62497133,0.040933773,null,null,null,null,"TWOGAUSSIANS",8,3.9029145,0.19734254,0.013271672,0.33937624,0.07681731,0.69853264,0.20098145,0.69580555,0.00241893,0.3830046,0.02527204,0.6242853,0.041128427
375316653866487564,4048852995577282816,0.47082567,2269.01963538478,0.9945068258954447,1.5822981E-5,18.122028,0.0038665966,0.11798286,0.004052851,0.045813214,0.0045138337,0.074323,0.012748541,0.3706744,0.0060768947,0.03951571,0.008509195,0.03986841,0.004694968,null,null,null,null,"TWOGAUSSIANS",8,2.7792094,0.11798286,0.004052851,0.25655398,0.02527747,0.074323,0.012748542,0.3706744,0.0060768947,0.22128798,0.047651496,0.03986843,0.004695031
