Gaia/vari_eclipsing_binary/VariEclipsingBinary_489774-489804.csv
# %ECSV 1.0
# ---
# delimiter: ','
# meta: !!omap
# - RELEASE: Gaia DR3
# - TABLE: vari_eclipsing_binary
# - DESCRIPTION: >
#     This table describes the properties of the eclipsing binaries resulting from the variability analysis. 
# - CITATION: >
#     How to cite and acknowledge Gaia: 
#     https://gea.esac.esa.int/archive/documentation/credits.html 
# - KNOWN_ISSUES: >
#     Known issues: 
#     https://www.cosmos.esa.int/web/gaia-users/known-issues 
# - DOCUMENTATION: >
#     Tutorials and documentation: 
#     https://www.cosmos.esa.int/web/gaia-users/archive 
# datatype:
# - 
#   name: solution_id
#   datatype: int64
#   description: Solution Identifier
#   meta:
#     ucd: meta.version
# - 
#   name: source_id
#   datatype: int64
#   description: Unique source identifier
#   meta:
#     ucd: meta.id;meta.main
# - 
#   name: global_ranking
#   datatype: float32
#   description: Number between 0 (worst) and 1 (best)
#   meta:
#     ucd: stat.param
# - 
#   name: reference_time
#   datatype: float64
#   unit: d
#   description: Reference time used for the geometric model fit
#   meta:
#     ucd: time.epoch
# - 
#   name: frequency
#   datatype: float64
#   unit: d**-1
#   description: Frequency of geometric model of the eclipsing binary light curve
#   meta:
#     ucd: src.orbital
# - 
#   name: frequency_error
#   datatype: float32
#   unit: d**-1
#   description: "Uncertainty of \\texttt{frequency}"
#   meta:
#     ucd: stat.error
# - 
#   name: geom_model_reference_level
#   datatype: float32
#   unit: mag
#   description: Magnitude reference level of geometric model
#   meta:
#     ucd: phot.mag;em.opt
# - 
#   name: geom_model_reference_level_error
#   datatype: float32
#   unit: mag
#   description: "Uncertainty of \\texttt{geomModelReferenceLevel}"
#   meta:
#     ucd: stat.error;phot.mag;em.opt
# - 
#   name: geom_model_gaussian1_phase
#   datatype: float32
#   description: Phase of the Gaussian 1 component
#   meta:
#     ucd: time.phase
# - 
#   name: geom_model_gaussian1_phase_error
#   datatype: float32
#   description: "Uncertainty of \\texttt{geomModelGaussian1Phase}"
#   meta:
#     ucd: stat.error;time.phase
# - 
#   name: geom_model_gaussian1_sigma
#   datatype: float32
#   description: "Standard deviation [phase] of Gaussian 1 component"
#   meta:
#     ucd: stat.stdev
# - 
#   name: geom_model_gaussian1_sigma_error
#   datatype: float32
#   description: "Uncertainty of \\texttt{geomModelGaussian1Sigma}"
#   meta:
#     ucd: stat.error
# - 
#   name: geom_model_gaussian1_depth
#   datatype: float32
#   unit: mag
#   description: Magnitude depth of Gaussian 1 component
#   meta:
#     ucd: src.var.amplitude
# - 
#   name: geom_model_gaussian1_depth_error
#   datatype: float32
#   unit: mag
#   description: "Uncertainty of \\texttt{geomModelGaussian1Depth}"
#   meta:
#     ucd: stat.error;src.var.amplitude
# - 
#   name: geom_model_gaussian2_phase
#   datatype: float32
#   description: Phase of Gaussian 2 component
#   meta:
#     ucd: time.phase
# - 
#   name: geom_model_gaussian2_phase_error
#   datatype: float32
#   description: "Uncertainty of \\texttt{geomModelGaussian2Phase}"
#   meta:
#     ucd: stat.error;time.phase
# - 
#   name: geom_model_gaussian2_sigma
#   datatype: float32
[...]
#   datatype: float32
#   description: "Secondary eclipse: uncertainty of \\texttt{derivedSecondaryEclDuration}"
#   meta:
#     ucd: stat.error;time.duration
# - 
#   name: derived_secondary_ecl_depth
#   datatype: float32
#   unit: mag
#   description: "Secondary eclipse: depth"
#   meta:
#     ucd: src.var.amplitude
# - 
#   name: derived_secondary_ecl_depth_error
#   datatype: float32
#   unit: mag
#   description: "Secondary eclipse: uncertainty of \\texttt{derivedSecondaryEclDepth}"
#   meta:
#     ucd: stat.error;src.var.amplitude
solution_id,source_id,global_ranking,reference_time,frequency,frequency_error,geom_model_reference_level,geom_model_reference_level_error,geom_model_gaussian1_phase,geom_model_gaussian1_phase_error,geom_model_gaussian1_sigma,geom_model_gaussian1_sigma_error,geom_model_gaussian1_depth,geom_model_gaussian1_depth_error,geom_model_gaussian2_phase,geom_model_gaussian2_phase_error,geom_model_gaussian2_sigma,geom_model_gaussian2_sigma_error,geom_model_gaussian2_depth,geom_model_gaussian2_depth_error,geom_model_cosine_half_period_amplitude,geom_model_cosine_half_period_amplitude_error,geom_model_cosine_half_period_phase,geom_model_cosine_half_period_phase_error,model_type,num_model_parameters,reduced_chi2,derived_primary_ecl_phase,derived_primary_ecl_phase_error,derived_primary_ecl_duration,derived_primary_ecl_duration_error,derived_primary_ecl_depth,derived_primary_ecl_depth_error,derived_secondary_ecl_phase,derived_secondary_ecl_phase_error,derived_secondary_ecl_duration,derived_secondary_ecl_duration_error,derived_secondary_ecl_depth,derived_secondary_ecl_depth_error
[from data line 369]
375316653866487564,4308293793555506944,0.4969622,2027.8218146208528,0.4232639882736397,4.0663675E-5,19.349758,0.004693627,0.41677347,0.012368469,0.020987842,0.008059897,0.04650613,0.016069017,0.6789348,0.010229622,0.019996174,0.008350306,0.5237494,1.4854649,null,null,null,null,"TWOGAUSSIANS",8,1.9903249,0.6789348,0.010229622,0.11197857,0.046761718,0.5237494,1.4854649,0.41677347,0.012368469,0.11753192,0.045135427,0.04650613,0.016069017
375316653866487564,4308293862314417792,0.42412347,2018.682318669897,1.9969176557772215,9.8962395E-5,19.401333,0.070127845,0.2524617,0.016470358,0.16386147,0.047748033,0.26436195,0.067264505,0.68856525,0.018363962,0.074771136,0.023995994,0.19383664,0.08098463,null,null,null,null,"TWOGAUSSIANS",8,4.5468693,0.2524617,0.016470358,0.4,0.0,0.23693615,0.03473718,0.68856525,0.018363962,0.4,0.08482681,0.17477779,0.07767111
375316653866487564,4308293896686967424,0.44822714,1998.5797808107118,3.653325868182319,3.387886E-5,19.795467,0.029471727,0.22248909,0.010787076,0.022076763,0.035149276,0.7866414,0.20090899,0.7268408,0.008482817,0.067724,0.009524866,0.52466255,0.03585173,null,null,null,null,"TWOGAUSSIANS",8,19.089693,0.22248909,0.010787076,0.12362987,0.19683595,0.7866413,0.20121308,0.7268408,0.008482817,0.3792544,0.04767611,0.52466244,0.03584816
375316653866487564,4308293965393541248,0.5557471,2040.1045317785276,2.2599703215136673,1.1468444E-5,17.392319,0.01384129,0.24033612,0.005608834,0.09881739,0.010704054,0.20915455,0.012032967,0.7101542,0.002361307,0.12375062,0.004640687,0.34571275,0.0135765765,null,null,null,null,"TWOGAUSSIANS",8,8.613647,0.7101542,0.002361307,0.4,0.0,0.313576,0.008346761,0.24064612,0.005748735,0.4,0.0,0.17730826,0.009237706
375316653866487564,4308294029765787392,0.47065514,2034.5781995827965,2.5848585294122604,2.434917E-5,17.847536,0.0045808987,null,null,null,null,null,null,null,null,null,null,null,null,0.08857809,0.0065106764,0.25478253,0.005436001,"ELLIPSOIDAL",4,13.008371,null,null,null,null,null,null,null,null,null,null,null,null
375316653866487564,4308294545161783808,0.5189722,2026.954160979316,0.23934292787034403,2.925881E-5,17.766827,0.0028937564,0.107617944,0.001599918,0.012720266,0.00137563,0.2543916,0.017001657,0.58906776,0.031254992,0.02402898,0.022503613,0.06527506,0.30241314,0.005081001,0.0036771528,0.107617944,0.001599918,"TWOGAUSSIANS_WITH_ELLIPSOIDAL_ON_ECLIPSE1",9,6.1656623,0.107617944,0.001599918,0.07123349,0.0077035283,0.26455358,0.01757475,0.58919775,0.031119276,0.13456228,0.12602024,0.07530057,0.30197173
375316653866487564,4308295404173307136,0.50299627,2017.959078217804,2.597899478730382,1.1301503E-5,19.512434,0.011212758,0.16123387,0.0034372553,0.08054592,0.0057972856,0.32378405,0.018775301,0.67356944,0.0049738656,0.082349375,0.0062089534,0.29221073,0.013991292,null,null,null,null,"TWOGAUSSIANS",8,1.642234,0.16123387,0.0034372553,0.4,0.0,0.3194131,0.018681271,0.67356944,0.0049738656,0.4,0.0,0.28783974,0.0129085
375316653866487564,4308295683342077440,0.53832465,2051.12732968111,0.4680179986893994,5.986642E-6,19.041548,0.003815498,0.24896514,8.149906E-4,0.025630109,0.0012683524,0.9563886,0.16539173,null,null,null,null,null,null,null,null,null,null,"ONEGAUSSIAN",5,2.5986102,0.24896514,8.149906E-4,0.14352861,0.007102773,0.9563886,0.0,null,null,null,null,null,null
375316653866487564,4308295717740456832,0.5498916,2029.2572038331618,2.076146804827151,7.613652E-6,17.694117,0.008142948,0.2965934,0.0017150141,0.084810086,0.0032110726,0.39326864,0.00962933,0.7977995,0.0028455653,0.08126064,0.003443338,0.40051627,0.011247717,null,null,null,null,"TWOGAUSSIANS",8,6.212384,0.7977995,0.0028455653,0.4,0.0,0.3921681,0.010303114,0.2965934,0.0017150141,0.4,0.0,0.38492045,0.009392714
375316653866487564,4308295885191376768,0.53853106,2004.488951511281,2.6653273638111297,1.3509406E-5,18.555527,0.43491176,0.25015083,0.0043833503,0.1440458,0.06549813,0.33684155,0.41813666,0.7590143,0.0050172484,0.13516691,0.049728125,0.34760532,0.39754555,null,null,null,null,"TWOGAUSSIANS",8,1.2937667,0.7594443,0.0034034078,0.4,0.0,0.21943659,0.007790302,0.24986082,0.003910413,0.4,0.0,0.20777087,0.008703641
375316653866487564,4308296507976236160,0.45522016,1995.0048397855437,1.5862037492455057,1.7152222E-5,18.852404,0.029225167,0.2802576,0.04546409,0.15721577,0.096050434,0.076832905,0.023671377,0.7497065,0.005281479,0.050951958,0.0060560056,0.34273788,0.058392394,null,null,null,null,"TWOGAUSSIANS",8,4.9759154,0.7497065,0.005281479,0.28533098,0.03391363,0.3370185,0.058955126,0.2802576,0.04546409,0.4,0.0,0.069964945,0.016922627
375316653866487564,4308296645453526400,0.49341366,2016.0134462455928,3.464557660484436,1.26719815E-5,18.10783,0.0060690534,0.28515795,0.007561567,0.07113991,0.0151442075,0.11294283,0.020060237,0.7967901,0.0027331803,0.073902845,0.004891458,0.14035916,0.006665015,null,null,null,null,"TWOGAUSSIANS",8,2.4720333,0.7967901,0.0027331803,0.4,0.0,0.13985811,0.0062808916,0.28515795,0.007561567,0.39838347,0.033431556,0.11244178,0.020777367
375316653866487564,4308297298288616704,0.5056339,2017.7791010146343,0.8098820275092079,2.3169658E-5,15.78773,0.0019259292,0.2994176,0.0048629967,0.06807489,0.08729839,0.0027735336,7.989484E19,0.8145392,0.003836778,0.035696235,0.006445134,0.029218035,0.009215441,0.015503317,0.002537877,0.2994176,0.0048629967,"TWOGAUSSIANS_WITH_ELLIPSOIDAL_ON_ECLIPSE1",9,3.1462483,0.8145392,0.003836778,0.19989891,0.03609275,0.05994234,0.009087056,0.2994176,0.0048629967,0.3812194,0.43964902,0.0337769,7.989484E19
375316653866487564,4308297779325090432,0.5007993,2047.5785133754164,0.5255179351922324,1.16045285E-5,19.329287,0.0059061246,0.16390607,0.0015080816,0.016550254,0.0017386698,0.21631666,0.03177076,0.67091817,0.006914288,0.01691671,0.0058927666,1.3841263,8.841819,null,null,null,null,"TWOGAUSSIANS",8,1.5583881,0.67091817,0.006914288,0.09473358,0.032999493,1.3841263,8.841819,0.16390607,0.0015080816,0.09268143,0.009736551,0.21631666,0.03177076
375316653866487564,4308297981136187008,0.59712666,2031.9581568405397,1.1691455395763286,6.048452E-6,17.38069,0.01781158,0.2541751,0.0027029596,0.1123846,0.010234692,0.2547064,0.013399851,0.74293137,0.0018702821,0.101858035,0.006421718,0.27466193,0.016101796,null,null,null,null,"TWOGAUSSIANS",8,2.9694602,0.74293137,0.0018702821,0.4,0.0,0.24412201,0.0056577995,0.2541751,0.002706256,0.4,0.0,0.22414207,0.009766652
375316653866487564,4308298157281994624,0.68751436,2031.17408662876,0.4775661443422848,4.635255E-6,16.558128,0.0025747987,0.28435925,3.3028622E-4,0.02523074,3.2076077E-4,1.2547759,0.021153202,0.78398204,0.010600519,0.025823846,0.008615948,0.1241535,0.05941578,0.015200291,0.0043352568,0.28435925,3.3028622E-4,"TWOGAUSSIANS_WITH_ELLIPSOIDAL_ON_ECLIPSE1",9,9.162127,0.28435925,3.3028622E-4,0.14129214,0.0017962602,1.2851764,0.022191439,0.78398204,0.0105312085,0.14461353,0.048249308,0.15455388,0.05931112
375316653866487564,4308298256014148480,0.59368014,1997.9723358968233,2.8530113347823263,2.903084E-6,18.698275,0.008840558,0.2807239,8.991653E-4,0.047822893,0.0019822156,0.43009055,0.02608163,0.7824119,0.0023342418,0.049498875,0.0027195981,0.37597552,0.022275576,0.11783428,0.012612118,0.2807239,8.991653E-4,"TWOGAUSSIANS_WITH_ELLIPSOIDAL_ON_ECLIPSE1",9,3.1825202,0.2807239,8.991653E-4,0.2678082,0.011100407,0.66575736,0.020065423,0.7824119,0.0023342418,0.2771937,0.015229749,0.61161584,0.01094897
375316653866487564,4308298290391313536,0.5230355,2006.8334295669194,2.864979028812913,2.6543754E-5,18.124052,0.017484128,0.20400323,0.0030780057,0.08893578,0.010296203,0.23232336,0.0129132755,0.72303635,0.0064922147,0.0928127,0.010348825,0.26828024,0.018537091,null,null,null,null,"TWOGAUSSIANS",8,6.5887074,0.72303635,0.0064922147,0.4,0.0,0.2598092,0.014034818,0.20400323,0.0030780057,0.4,0.0,0.22385265,0.009824556
375316653866487564,4308298947518082688,0.5233167,1982.6730873803394,2.6578296525559697,1.9394125E-5,19.225822,0.018166108,0.20169887,0.007956389,0.08897134,0.006163967,0.5010697,0.02983209,0.71445763,0.004101267,0.057770107,0.0064913686,0.27801764,0.024683412,null,null,null,null,"TWOGAUSSIANS",8,3.7213225,0.20169887,0.007956389,0.4,0.0,0.4993366,0.02901336,0.71445763,0.004101267,0.32351258,0.036351666,0.2762847,0.024355737
375316653866487564,4308299016237430400,0.4368115,2015.540994822281,3.9818817809021714,5.350018E-5,17.522547,0.0014032028,0.05168961,0.010953119,0.008947563,0.006224628,0.10740957,0.29006228,0.35822204,0.0071301064,0.0078121945,0.00432099,0.09663594,0.14038567,null,null,null,null,"TWOGAUSSIANS",8,1.9816319,0.05168961,0.010953119,0.050106354,0.034857918,0.10740957,0.29006228,0.35822204,0.0071301064,0.04374829,0.024197543,0.09663594,0.14038567
375316653866487564,4308299256756059008,0.53682226,1999.3663187001794,2.0446341432062978,1.1283259E-5,15.302426,0.015882093,0.26323867,0.0030479429,0.10801272,0.0132615995,0.095397994,0.015235559,0.76207554,0.0056207273,0.11751073,0.017217403,0.10426111,0.015158421,null,null,null,null,"TWOGAUSSIANS",8,11.849177,0.76207554,0.0056207273,0.4,0.0,0.08736237,0.0032392712,0.26323867,0.0030632836,0.4,0.0,0.078519456,0.0026765845
375316653866487564,4308299565993265792,0.4503819,2046.8332304098533,2.979383016920529,5.0424624E-5,19.590733,0.03478034,0.24229869,0.012904768,0.07304556,0.01478735,0.5015639,0.057262834,0.71981794,0.020973483,0.054923024,0.019210478,0.5182175,0.1620068,null,null,null,null,"TWOGAUSSIANS",8,11.841671,0.71981794,0.020973483,0.30756894,0.10757867,0.517976,0.16212647,0.24229869,0.012904768,0.4,0.042932633,0.5013224,0.05694778
375316653866487564,4308299737792221824,0.45996365,2050.264481217609,2.0068087041958966,1.46997345E-5,19.54436,0.012643193,0.16054548,0.0055946005,0.023059163,0.00619886,0.21594696,0.01851662,0.6726771,0.012340979,0.07585089,0.017459365,0.17848122,0.0310177,null,null,null,null,"TWOGAUSSIANS",8,3.3039815,0.16054548,0.0055946005,0.12913132,0.034713615,0.21594647,0.018515619,0.6726771,0.012340979,0.4,0.015732385,0.17848074,0.031021444
375316653866487564,4308299806549619712,0.5773342,2041.0755257014175,1.9837629503807284,4.6301448E-6,16.07395,0.0061602388,0.24782856,0.006424915,0.052406427,0.0068252394,0.15635338,0.02033287,0.7467285,0.0011220789,0.049507692,0.0027841856,0.27728435,0.018733218,0.03300498,0.009119086,0.24782856,0.006424915,"TWOGAUSSIANS_WITH_ELLIPSOIDAL_ON_ECLIPSE1",9,16.4192,0.7467785,8.734033E-4,0.27724308,0.015591439,0.34328872,0.01983889,0.24782856,0.006424915,0.293476,0.03822134,0.22236075,0.017001387
375316653866487564,4308300012671247616,0.47729188,2021.600138418759,1.3844819123813934,2.9550429E-5,19.551811,0.012118427,0.28811973,0.013495544,0.0780846,0.01072858,0.18438748,0.018074928,0.77471423,0.0062429095,0.07843828,0.009376299,0.26206788,0.02408527,null,null,null,null,"TWOGAUSSIANS",8,1.908695,0.77471423,0.0062429095,0.4,0.0,0.26004288,0.024486013,0.28811973,0.013495544,0.4,0.0040348535,0.18236247,0.016910303
375316653866487564,4308300248878749312,0.4831375,2024.2204355939448,2.2624073797855377,1.2483684E-5,18.4461,0.5433202,0.26205027,0.0037121752,0.15201004,0.076573245,0.38048056,0.50541294,0.7642924,0.0054932437,0.1550318,0.08548355,0.360992,0.5140269,null,null,null,null,"TWOGAUSSIANS",8,2.8897388,0.2618203,0.0037229178,0.4,0.0,0.19008811,0.008989436,0.76453245,0.0056656366,0.4,0.0,0.17002359,0.010645281
375316653866487564,4308300248878835968,0.49268436,2018.8748570022476,0.2779347835373032,1.0704375E-6,18.696724,0.0038694325,0.22108331,1.1163987E-4,0.010408971,1.4324738E-4,1.3317249,0.014986584,0.7065075,3.9634444E-5,0.011177907,3.000538E-4,0.30765933,0.004471587,null,null,null,null,"TWOGAUSSIANS",8,2.7189798,0.22108331,1.1163987E-4,0.05829024,8.021853E-4,1.3317249,0.014986584,0.7065075,3.9634444E-5,0.062596284,0.0016803013,0.30765933,0.004471587
375316653866487564,4308300283256099200,0.52283937,2041.4233393262436,2.8874709368050215,1.1495325E-5,15.942519,0.07977397,0.23610805,0.004292302,0.17629054,0.024869606,0.6244943,0.08804023,0.7381682,0.0043877857,0.21252581,0.038624633,0.69869375,0.089587025,null,null,null,null,"TWOGAUSSIANS",8,12.977159,0.7391782,0.0047725914,0.4,0.0,0.14554627,0.008142964,0.23449804,0.004778088,0.4,0.0,0.13674912,0.006833344
375316653866487564,4308300626836248320,0.48022607,1990.0940511304261,1.2768767402370227,1.737527E-4,18.278332,0.00645667,0.51458967,0.0057507227,0.030599179,0.008215785,0.6450034,0.5730373,null,null,null,null,null,null,null,null,null,null,"ONEGAUSSIAN",5,12.966289,0.51458967,0.0057507227,0.1713554,0.046008393,0.6450034,0.0,null,null,null,null,null,null
375316653866487564,4308300970433915136,0.41527978,2186.997320491201,0.0062896824411096475,8.593352E-5,16.682926,0.0058243577,0.25557682,0.008957544,0.035546515,0.021046482,1.2277424,150.12958,0.61700565,0.016481115,0.06531545,0.017122637,0.036493108,0.012021307,0.012164179,0.0061071003,0.61700565,0.016481115,"TWOGAUSSIANS_WITH_ELLIPSOIDAL_ON_ECLIPSE2",9,24.718357,0.2554168,0.009204172,0.19906048,0.117860295,1.2378303,150.12881,0.61700565,0.016481115,0.3657665,0.09118293,0.060797896,0.0068851225
375316653866487564,4308301387061432704,0.51158875,2027.106101422443,0.06192040424003236,2.181779E-5,19.27628,0.012247109,0.07860689,0.06930251,0.028861713,0.028678628,0.06883998,0.08464427,0.8163162,0.0020319447,0.04820061,0.0030260426,4.937989,1.667131,null,null,null,null,"TWOGAUSSIANS",8,7.7730017,0.8163162,0.0020319447,0.26992342,0.016945839,4.937989,1.667131,0.07860689,0.069302596,0.16162558,0.1606003,0.068841815,0.085292034
375316653866487564,4308301795084740736,0.5396726,2033.166534055297,2.919549744875175,1.2956514E-5,19.418966,0.014533984,0.22743571,0.008438482,0.06269778,0.008153493,0.60134256,0.071519345,0.7177666,0.0031944101,0.06829366,0.0029470334,0.70548326,0.03061903,null,null,null,null,"TWOGAUSSIANS",8,4.3117332,0.7177666,0.0031944101,0.38244453,0.016503388,0.70480937,0.030502407,0.22743571,0.008438482,0.35110757,0.045659557,0.60066867,0.07178509
375316653866487564,4308301932506758656,0.51366,1994.5777795862964,2.3077695065448056,1.6567074E-5,19.000324,0.022511855,0.290115,0.004863882,0.09765423,0.01068385,0.2563694,0.021190986,0.77294886,0.0054284614,0.094749354,0.010431612,0.2808589,0.021391388,null,null,null,null,"TWOGAUSSIANS",8,2.1076055,0.77294886,0.0054284614,0.4,0.0,0.26639408,0.011860961,0.290115,0.004863882,0.4,0.0,0.24190384,0.014046555
375316653866487564,4308302727090633088,0.54761577,1980.4649669184687,3.263941913381521,1.8718207E-5,19.550209,0.009931602,0.27130902,0.0102064125,0.07052486,0.012007841,0.5328779,0.09009556,0.7619702,0.003847945,0.07023045,0.006173169,0.7100784,0.032879148,null,null,null,null,"TWOGAUSSIANS",8,2.8268712,0.7619702,0.003847945,0.3932905,0.025494346,0.708316,0.03361127,0.27130902,0.0102064125,0.3949392,0.06530357,0.53111553,0.09088501
375316653866487564,4308303345603327616,0.4859786,2019.5527420761716,2.9535766528045624,8.6969994E-5,19.866983,0.021449871,0.30505317,0.018432641,0.059735723,0.021487372,0.3707569,0.07824187,0.7470541,0.012216872,0.08825298,0.015630053,0.41103965,0.040123962,null,null,null,null,"TWOGAUSSIANS",8,3.1483502,0.7470541,0.012216872,0.4,0.0,0.41040692,0.040372208,0.30505317,0.018432641,0.33452004,0.07532684,0.37012565,0.08117387
375316653866487564,4308303375616459008,0.57128567,2004.8769571271785,1.459246511472985,6.1968735E-6,18.651012,0.010576693,0.3057316,0.0013739843,0.054749567,0.0017657962,0.44188815,0.012847492,0.81084186,0.014064801,0.06546052,0.010617186,0.115741774,0.016401432,null,null,null,null,"TWOGAUSSIANS",8,2.9054472,0.3057316,0.0013739843,0.3065976,0.009888459,0.44182697,0.012753646,0.81084186,0.014064801,0.3665789,0.055053826,0.1156806,0.01633486
