Gaia/vari_eclipsing_binary/VariEclipsingBinary_657876-658106.csv
# %ECSV 1.0
# ---
# delimiter: ','
# meta: !!omap
# - RELEASE: Gaia DR3
# - TABLE: vari_eclipsing_binary
# - DESCRIPTION: >
#     This table describes the properties of the eclipsing binaries resulting from the variability analysis. 
# - CITATION: >
#     How to cite and acknowledge Gaia: 
#     https://gea.esac.esa.int/archive/documentation/credits.html 
# - KNOWN_ISSUES: >
#     Known issues: 
#     https://www.cosmos.esa.int/web/gaia-users/known-issues 
# - DOCUMENTATION: >
#     Tutorials and documentation: 
#     https://www.cosmos.esa.int/web/gaia-users/archive 
# datatype:
# - 
#   name: solution_id
#   datatype: int64
#   description: Solution Identifier
#   meta:
#     ucd: meta.version
# - 
#   name: source_id
#   datatype: int64
#   description: Unique source identifier
#   meta:
#     ucd: meta.id;meta.main
# - 
#   name: global_ranking
#   datatype: float32
#   description: Number between 0 (worst) and 1 (best)
#   meta:
#     ucd: stat.param
# - 
#   name: reference_time
#   datatype: float64
#   unit: d
#   description: Reference time used for the geometric model fit
#   meta:
#     ucd: time.epoch
# - 
#   name: frequency
#   datatype: float64
#   unit: d**-1
#   description: Frequency of geometric model of the eclipsing binary light curve
#   meta:
#     ucd: src.orbital
# - 
#   name: frequency_error
#   datatype: float32
#   unit: d**-1
#   description: "Uncertainty of \\texttt{frequency}"
#   meta:
#     ucd: stat.error
# - 
#   name: geom_model_reference_level
#   datatype: float32
#   unit: mag
#   description: Magnitude reference level of geometric model
#   meta:
#     ucd: phot.mag;em.opt
# - 
#   name: geom_model_reference_level_error
#   datatype: float32
#   unit: mag
#   description: "Uncertainty of \\texttt{geomModelReferenceLevel}"
#   meta:
#     ucd: stat.error;phot.mag;em.opt
# - 
#   name: geom_model_gaussian1_phase
#   datatype: float32
#   description: Phase of the Gaussian 1 component
#   meta:
#     ucd: time.phase
# - 
#   name: geom_model_gaussian1_phase_error
#   datatype: float32
#   description: "Uncertainty of \\texttt{geomModelGaussian1Phase}"
#   meta:
#     ucd: stat.error;time.phase
# - 
#   name: geom_model_gaussian1_sigma
#   datatype: float32
#   description: "Standard deviation [phase] of Gaussian 1 component"
#   meta:
#     ucd: stat.stdev
# - 
#   name: geom_model_gaussian1_sigma_error
#   datatype: float32
#   description: "Uncertainty of \\texttt{geomModelGaussian1Sigma}"
#   meta:
#     ucd: stat.error
# - 
#   name: geom_model_gaussian1_depth
#   datatype: float32
#   unit: mag
#   description: Magnitude depth of Gaussian 1 component
#   meta:
#     ucd: src.var.amplitude
# - 
#   name: geom_model_gaussian1_depth_error
#   datatype: float32
#   unit: mag
#   description: "Uncertainty of \\texttt{geomModelGaussian1Depth}"
#   meta:
#     ucd: stat.error;src.var.amplitude
# - 
#   name: geom_model_gaussian2_phase
#   datatype: float32
#   description: Phase of Gaussian 2 component
#   meta:
#     ucd: time.phase
# - 
#   name: geom_model_gaussian2_phase_error
#   datatype: float32
#   description: "Uncertainty of \\texttt{geomModelGaussian2Phase}"
#   meta:
#     ucd: stat.error;time.phase
# - 
#   name: geom_model_gaussian2_sigma
#   datatype: float32
[...]
#   datatype: float32
#   description: "Secondary eclipse: uncertainty of \\texttt{derivedSecondaryEclDuration}"
#   meta:
#     ucd: stat.error;time.duration
# - 
#   name: derived_secondary_ecl_depth
#   datatype: float32
#   unit: mag
#   description: "Secondary eclipse: depth"
#   meta:
#     ucd: src.var.amplitude
# - 
#   name: derived_secondary_ecl_depth_error
#   datatype: float32
#   unit: mag
#   description: "Secondary eclipse: uncertainty of \\texttt{derivedSecondaryEclDepth}"
#   meta:
#     ucd: stat.error;src.var.amplitude
solution_id,source_id,global_ranking,reference_time,frequency,frequency_error,geom_model_reference_level,geom_model_reference_level_error,geom_model_gaussian1_phase,geom_model_gaussian1_phase_error,geom_model_gaussian1_sigma,geom_model_gaussian1_sigma_error,geom_model_gaussian1_depth,geom_model_gaussian1_depth_error,geom_model_gaussian2_phase,geom_model_gaussian2_phase_error,geom_model_gaussian2_sigma,geom_model_gaussian2_sigma_error,geom_model_gaussian2_depth,geom_model_gaussian2_depth_error,geom_model_cosine_half_period_amplitude,geom_model_cosine_half_period_amplitude_error,geom_model_cosine_half_period_phase,geom_model_cosine_half_period_phase_error,model_type,num_model_parameters,reduced_chi2,derived_primary_ecl_phase,derived_primary_ecl_phase_error,derived_primary_ecl_duration,derived_primary_ecl_duration_error,derived_primary_ecl_depth,derived_primary_ecl_depth_error,derived_secondary_ecl_phase,derived_secondary_ecl_phase_error,derived_secondary_ecl_duration,derived_secondary_ecl_duration_error,derived_secondary_ecl_depth,derived_secondary_ecl_depth_error
[from data line 468]
375316653866487564,5788548083060890624,0.53073883,2194.578238672183,3.0921088983473544,1.962352E-5,17.879635,0.031102782,0.28405893,0.0038929437,0.095023766,0.009659728,0.39647496,0.032092355,0.77856326,0.0041332855,0.1073123,0.011110023,0.3515509,0.028329406,null,null,null,null,"TWOGAUSSIANS",8,13.02135,0.28405893,0.0038911006,0.4,0.0,0.3637681,0.026867388,0.77856326,0.0041332855,0.4,0.0,0.3188309,0.014530532
375316653866487564,5788549874065475968,0.66624767,2199.561970385348,1.472000762337864,2.494112E-6,15.512185,0.003143827,0.22466001,8.3914027E-4,0.08104689,0.0013215774,0.3720985,0.0036022083,0.73081994,8.9718174E-4,0.088718876,0.0015654403,0.3259703,0.0036857699,null,null,null,null,"TWOGAUSSIANS",8,8.43438,0.22466001,8.3914027E-4,0.4,0.0,0.3639594,0.003317686,0.73081994,8.9718174E-4,0.4,0.0,0.3178311,0.003492902
375316653866487564,5788550144645381632,0.5896699,2216.399876678008,2.952292761265131,8.927366E-6,18.589931,0.0071249544,0.27527714,0.0015526443,0.067656286,0.002437486,0.55200493,0.0119903525,0.77123094,0.0045287353,0.07022898,0.005492226,0.54707295,0.011320402,null,null,null,null,"TWOGAUSSIANS",8,3.1981645,0.27527714,0.0015526443,0.37887523,0.013649922,0.5506269,0.011939122,0.77123094,0.0045287353,0.39328226,0.018527307,0.5456948,0.011472544
375316653866487564,5788551145375499648,0.557447,2173.604903808339,2.960407780613913,8.580723E-6,16.066782,0.011164929,0.29293764,0.0036504907,0.09927479,0.0062113926,0.27103144,0.011302898,0.7872895,0.0017803522,0.09214965,0.0040652705,0.30602998,0.010782819,null,null,null,null,"TWOGAUSSIANS",8,29.820591,0.7872895,0.0017803522,0.4,0.0,0.28850725,0.0073639047,0.29293764,0.0036504907,0.4,0.0,0.25350726,0.008540075
375316653866487564,5788553614978707968,0.43365225,2233.635034702872,3.9956724268575043,4.7148314E-5,18.660288,0.025040042,0.2960454,0.01332922,0.08036512,0.022224551,0.15367715,0.028318873,0.7939733,0.014668913,0.09772116,0.02117349,0.15677112,0.025056815,null,null,null,null,"TWOGAUSSIANS",8,9.598419,0.7939733,0.014668913,0.4,0.0,0.15096134,0.016996069,0.2960454,0.013337137,0.4,0.0,0.147868,0.023312494
375316653866487564,5788554272111728768,0.64066577,2242.4470500637944,3.098926319407988,3.8091837E-6,14.95794,0.0069320495,0.24461666,0.0015577693,0.042514093,0.0021182874,0.44501695,0.016048424,0.7465002,0.0012076147,0.045240447,0.002701286,0.44910434,0.048857022,0.1370537,0.009006437,0.7465002,0.0012076147,"TWOGAUSSIANS_WITH_ELLIPSOIDAL_ON_ECLIPSE2",9,65.30037,0.7465002,0.0012076147,0.2533465,0.015127202,0.72321165,0.051741473,0.24476665,0.001416866,0.23807892,0.011862409,0.719089,0.011867626
375316653866487564,5788554336533203072,0.5879106,2200.9870510075684,3.855918282253479,1.1074605E-5,17.111326,0.018488796,0.27289045,0.0020963245,0.053521767,0.0070590177,0.21931756,0.039167613,0.7663152,0.0047603706,0.057124488,0.0057234303,0.32166773,0.03976896,0.078597866,0.021720037,0.27289045,0.0020963245,"TWOGAUSSIANS_WITH_ELLIPSOIDAL_ON_ECLIPSE1",9,15.043813,0.76704526,0.004207941,0.31989715,0.03205121,0.47860786,0.011245706,0.27289045,0.0020963245,0.2997219,0.0395305,0.37649587,0.017801879
375316653866487564,5788559799731734272,0.47416195,2232.4873272487807,3.1700284176209426,2.3267134E-5,17.48224,0.38248202,0.19726266,0.010837554,0.11683335,0.030655632,0.25019643,0.18042724,0.6793393,0.012132509,0.20048401,0.16479641,0.23514925,0.37910742,null,null,null,null,"TWOGAUSSIANS",8,10.068488,0.20040266,0.007908637,0.4,0.0,0.15138854,0.012766723,0.6793393,0.012132509,0.4,0.0,0.11491533,0.009109181
375316653866487564,5788571619481953408,0.5664812,2187.1238162319555,3.5689348329582944,6.7218048E-6,17.043056,0.011505564,0.29685816,0.0017860745,0.080999844,0.004573916,0.37184125,0.015757658,0.7964025,0.0020921982,0.0933953,0.0056555583,0.29930386,0.010792205,null,null,null,null,"TWOGAUSSIANS",8,13.077305,0.29685816,0.0017860745,0.4,0.0,0.3611101,0.01689009,0.7964025,0.0020921982,0.4,0.0,0.28857234,0.010501577
375316653866487564,5788573371826629504,0.5594626,2197.28396337263,4.188196854562746,1.0878054E-5,18.46493,0.015343427,0.25960243,0.0029449007,0.047460563,0.007425133,0.20906515,0.036024686,0.739126,0.011065305,0.056008544,0.010496247,0.14975438,0.08923686,0.10212023,0.018170951,0.25960243,0.0029449007,"TWOGAUSSIANS_WITH_ELLIPSOIDAL_ON_ECLIPSE1",9,4.4029813,0.25960243,0.0029449007,0.26577914,0.041580748,0.41330284,0.020122236,0.744286,0.009775879,0.31364784,0.05877898,0.35147214,0.07798379
375316653866487564,5788574883655204736,0.56220186,2184.0529950102873,0.548292625885369,2.1534551E-4,16.723282,0.0073372168,0.16537838,0.055618867,0.048598927,0.033759445,0.03780375,0.34681836,0.7840793,0.008147362,0.030174403,0.0057604,1.5689241,0.65165967,0.017598247,0.008277127,0.7840793,0.008147362,"TWOGAUSSIANS_WITH_ELLIPSOIDAL_ON_ECLIPSE2",9,69.461296,0.7840793,0.008147362,0.16897665,0.03225824,1.6041204,0.64919186,0.17930837,0.04368584,0.272154,0.1890529,0.058305785,0.35276893
375316653866487564,5788575128469396096,0.5334358,2190.618856422598,3.76458353222487,7.766793E-6,18.6354,0.016450554,0.26084402,0.0031494068,0.077301756,0.0077488967,0.3800429,0.029796915,0.7473396,0.0027199427,0.08163221,0.005506879,0.45687428,0.02169411,null,null,null,null,"TWOGAUSSIANS",8,6.083871,0.7473396,0.0027199427,0.4,0.0,0.4523567,0.02167485,0.26084402,0.0031494068,0.4,0.0,0.37552536,0.031151293
375316653866487564,5788576636002170368,0.42174816,2209.140857096816,0.1032125035666644,6.635783E-5,18.478777,0.0056359214,0.34078065,0.019647073,0.13401532,0.024304815,0.066402316,0.008604754,0.770672,0.010968214,0.01151093,0.0071453652,0.09875145,0.114455566,null,null,null,null,"TWOGAUSSIANS",8,3.9534688,0.770672,0.010968214,0.06446121,0.040014047,0.09902024,0.11448071,0.34078065,0.019647073,0.4,0.0,0.06627626,0.008592937
375316653866487564,5788581072708166400,0.64392084,2229.097095022921,2.6858237419313133,7.515249E-6,17.114408,0.012457964,0.25869077,0.0010747608,0.05158852,0.0034524268,0.4143007,0.027134372,0.7645279,0.006371253,0.04837214,0.008019133,0.31326947,0.0362527,0.12486748,0.017204765,0.25869077,0.0010747608,"TWOGAUSSIANS_WITH_ELLIPSOIDAL_ON_ECLIPSE1",9,10.2348175,0.25869077,0.0010747608,0.2888957,0.01933359,0.66403174,0.0128631275,0.7645279,0.006371253,0.27088398,0.044907145,0.5626647,0.026981523
375316653866487564,5788585500816770304,0.5285334,2185.6658336372043,4.348093096107964,1.2676349E-5,19.033672,0.0146316225,0.31599525,0.002239886,0.069630854,0.0053825467,0.2740627,0.016541442,0.80394435,0.0024758687,0.08296135,0.006497041,0.24616401,0.018523768,null,null,null,null,"TWOGAUSSIANS",8,2.2281857,0.31599525,0.002239886,0.38993278,0.023334963,0.27221656,0.015919892,0.80394435,0.0024758687,0.4,0.0,0.24431786,0.017991241
375316653866487564,5788585844411589760,0.6029275,2175.454996296135,1.6819955359494245,6.333173E-6,12.478885,0.010771455,0.25694415,0.0011864287,0.09490518,0.005126413,0.2099906,0.009380193,0.7566404,0.0033100815,0.10655597,0.009132467,0.17405118,0.009488288,null,null,null,null,"TWOGAUSSIANS",8,98.93838,0.25694415,0.0011864287,0.4,0.0,0.1926486,0.0035612364,0.7566404,0.0033100815,0.4,0.0,0.15670381,0.0034257146
375316653866487564,5788589319046571648,0.5169677,2176.7812160768294,3.9246694012232157,1.0094615E-5,16.346706,0.021544255,0.22454132,0.011951342,0.07858346,0.02268165,0.4210283,0.10221505,0.71635073,0.004445555,0.07850161,0.007942697,0.45065507,0.04583917,null,null,null,null,"TWOGAUSSIANS",8,61.160934,0.71635073,0.004445555,0.4,0.0,0.4460054,0.046033513,0.22454132,0.011951342,0.4,0.0,0.41637865,0.1109782
375316653866487564,5788592338402858240,0.45436865,2194.718720123172,2.985066154171001,2.6110887E-5,18.471777,0.04109987,0.20077746,0.00706762,0.10460493,0.025234941,0.17188719,0.03655497,0.6916663,0.008252568,0.10804239,0.02915374,0.16877788,0.035242997,null,null,null,null,"TWOGAUSSIANS",8,5.5950913,0.20078745,0.007067628,0.4,0.0,0.15250994,0.01774719,0.6916663,0.008252568,0.4,0.0,0.14939661,0.017033845
375316653866487564,5788599008491601152,0.64055914,2193.5486558443085,3.0276649304736156,4.905656E-6,16.565372,0.007156968,0.17526802,0.0014960765,0.042700537,0.002763282,0.41363472,0.023057114,0.6776138,0.0026371768,0.047973678,0.004674292,0.32611516,0.016972005,0.12905367,0.010779342,0.17526802,0.0014960765,"TWOGAUSSIANS_WITH_ELLIPSOIDAL_ON_ECLIPSE1",9,19.110497,0.17526802,0.0014960765,0.239123,0.01547438,0.6717415,0.01869229,0.6776138,0.0026371768,0.2686526,0.026176037,0.5841658,0.01488545
375316653866487564,5788615325067836160,0.4677552,2227.9127270827635,3.879674192075734,3.235693E-5,18.969088,0.13666065,0.32187694,0.016543435,0.1177937,0.054155964,0.2005149,0.13764746,0.781809,0.013160839,0.10559588,0.031042023,0.21516219,0.12943241,null,null,null,null,"TWOGAUSSIANS",8,3.7297475,0.781809,0.013160839,0.4,0.0,0.19300927,0.018417438,0.32192695,0.015965667,0.4,0.0,0.17827523,0.023028638
375316653866487564,5788631993841483008,0.49421734,2211.454607197616,3.762443800709283,1.2793687E-5,18.97879,0.0027219513,null,null,null,null,null,null,null,null,null,null,null,null,0.0853883,0.0038298457,0.15147917,0.0038480002,"ELLIPSOIDAL",4,1.8856436,null,null,null,null,null,null,null,null,null,null,null,null
375316653866487564,5788633952346577536,0.5588964,2177.3078067514757,4.356610210430419,1.2267637E-5,19.65284,0.013222533,0.2502829,0.0024437972,0.041806336,0.0048296954,0.38587153,0.038585205,0.7399656,0.011965515,0.038226772,0.01274841,0.28179765,0.14095461,0.14937668,0.017548613,0.2502829,0.0024437972,"TWOGAUSSIANS_WITH_ELLIPSOIDAL_ON_ECLIPSE1",9,2.732223,0.2502829,0.0024437972,0.2341155,0.027046295,0.6846243,0.03523957,0.74108565,0.009676835,0.21406993,0.07139109,0.5794329,0.14737014
375316653866487564,5788639381184422016,0.6016627,2224.8197707067966,3.233794145054525,5.1783527E-6,17.874268,0.0073216106,0.26866272,0.0024931584,0.051090397,0.005363763,0.24727313,0.022146814,0.7701245,0.0034344688,0.0457825,0.004868623,0.19108243,0.02506217,0.11199368,0.009517075,0.26866272,0.0024931584,"TWOGAUSSIANS_WITH_ELLIPSOIDAL_ON_ECLIPSE1",9,4.5268693,0.26866272,0.0024931584,0.28610623,0.030037072,0.47125867,0.018431062,0.7701245,0.0034230005,0.256382,0.027264288,0.41504908,0.023500416
375316653866487564,5788644565205581184,0.51949966,2178.388992524591,3.1464952687829455,1.2465611E-5,19.678785,0.01869306,0.26062176,0.006695779,0.068611674,0.01043262,0.59413314,0.06085146,0.7555906,0.0041796686,0.072105676,0.0075402157,0.53298473,0.032987077,null,null,null,null,"TWOGAUSSIANS",8,4.538035,0.26062176,0.006695779,0.38422537,0.036279935,0.59234035,0.062911816,0.7555906,0.0041796686,0.4,0.02723172,0.53119195,0.033508938
375316653866487564,5788656080016871808,0.54642206,2198.143037575594,1.9590409545744765,4.4988352E-5,14.633268,0.002727418,0.58268696,1.44905E-4,0.017655617,6.93521E-4,0.572457,0.026806446,null,null,null,null,null,null,null,null,null,null,"ONEGAUSSIAN",5,143.78552,0.58268696,1.44905E-4,0.098871455,0.0038837176,0.572457,0.0,null,null,null,null,null,null
375316653866487564,5788656595412959104,0.5627958,2187.2219887611127,3.3192305377556415,7.1970226E-6,15.786994,0.020515466,0.2688457,0.0022216449,0.110832505,0.010488901,0.22498637,0.017770281,0.7740364,0.0024869281,0.10614461,0.008873992,0.26070395,0.017519282,null,null,null,null,"TWOGAUSSIANS",8,23.207827,0.7740464,0.0024899612,0.4,0.0,0.22860113,0.0064425697,0.2688457,0.0022268465,0.4,0.0,0.1928742,0.0052468046
375316653866487564,5788659034954821888,0.577642,2200.6435876703363,3.1052114522655994,6.757631E-6,17.208197,0.017633153,0.21991886,0.0045810137,0.108924225,0.008456615,0.45483455,0.017608343,0.7237953,0.0017522346,0.09536868,0.0041084113,0.4900954,0.016599782,null,null,null,null,"TWOGAUSSIANS",8,18.956364,0.7237953,0.0017510147,0.4,0.0,0.44528365,0.012788083,0.21991886,0.0045810137,0.4,0.0,0.4099994,0.013637804
375316653866487564,5788666594097088896,0.5108797,2186.9575079840233,3.179815141445019,1.3829034E-5,16.384357,0.011347462,0.23255979,0.0052135354,0.100450106,0.010321973,0.16106829,0.010583302,0.7408693,0.0032816166,0.08932102,0.006828485,0.16029397,0.011824758,null,null,null,null,"TWOGAUSSIANS",8,23.348866,0.23255979,0.0052135354,0.4,0.0,0.15219142,0.008253508,0.7408693,0.0032816166,0.4,0.0,0.15141848,0.008470418
375316653866487564,5788673431685068160,0.55670834,2194.4121090086146,3.395660224758595,6.9537423E-6,16.005594,0.0107816355,0.29606485,0.002780353,0.05670677,0.011572606,0.078848995,0.022475021,0.79717964,0.034559555,0.061429393,0.033645615,0.037623674,0.025033208,0.071430266,0.01247403,0.29606485,0.002780353,"TWOGAUSSIANS_WITH_ELLIPSOIDAL_ON_ECLIPSE1",9,22.558811,0.29606485,0.002780353,0.31755793,0.064806595,0.22169453,0.00853399,0.79717964,0.031990822,0.3440046,0.1874615,0.1804622,0.025646854
375316653866487564,5788675935646623232,0.6457331,2177.750161390371,3.4287171707754998,4.5006113E-6,16.753426,0.009084047,0.28125286,0.0010451019,0.046348006,0.0020145574,0.48558187,0.020248313,0.78419125,0.0012902117,0.04520479,0.0036425171,0.38806793,0.030693352,0.13460131,0.011900037,0.78419125,0.0012902117,"TWOGAUSSIANS_WITH_ELLIPSOIDAL_ON_ECLIPSE2",9,14.895839,0.28150284,9.262249E-4,0.25954884,0.011281521,0.75469995,0.013125181,0.78419125,0.0012902117,0.2531468,0.020398097,0.65726984,0.030191015
375316653866487564,5788680608571135872,0.58579266,2208.569469155757,3.515746571554018,6.3849766E-6,18.430496,0.012588021,0.23100185,0.0033554968,0.049946796,0.009891432,0.32028747,0.10352243,0.7291233,0.0020776447,0.052355666,0.00311662,0.39247495,0.027423633,0.10506233,0.015647596,0.23100185,0.0033554968,"TWOGAUSSIANS_WITH_ELLIPSOIDAL_ON_ECLIPSE1",9,3.485775,0.72932327,0.0016686583,0.29319173,0.017453073,0.6025685,0.014093163,0.23100185,0.0033554968,0.27970207,0.05539202,0.53040725,0.105700724
375316653866487564,5788687313018047104,0.48125878,2208.072103293293,0.29712756110311517,7.100635E-5,14.620325,0.0023130537,0.15988575,0.0076653506,0.051539835,0.0069859144,0.03853631,0.008118862,0.6533543,6.3289976E-4,0.019832032,0.001011522,0.19051887,0.011544093,null,null,null,null,"TWOGAUSSIANS",8,59.78618,0.6533543,6.3289976E-4,0.111059375,0.005664523,0.19051887,0.011544093,0.15988575,0.0076653506,0.28862306,0.03912112,0.03853631,0.008118862
375316653866487564,5788688683108654336,0.41978824,2210.141327392904,4.375025811743789,7.4679174E-6,18.629316,0.033135045,0.40864262,0.018728873,0.20664701,0.05775922,0.12937658,0.030130442,0.91788924,3.1743525E-4,4.102539E-4,1.595137E-4,0.0855338,0.03814769,null,null,null,null,"TWOGAUSSIANS",8,6.726703,0.40864262,0.018728873,0.4,0.0,0.11552319,0.012007905,0.91788924,3.1743525E-4,0.002297422,8.932767E-4,0.08560108,0.038157064
375316653866487564,5788693493473091072,0.5448198,2214.751998921862,3.1569425402764497,8.4356725E-6,17.651606,0.015659671,0.27302402,0.002223934,0.08573935,0.005870631,0.23740107,0.015599031,0.76167125,0.005150281,0.09746941,0.012562134,0.27642637,0.023221841,null,null,null,null,"TWOGAUSSIANS",8,9.310002,0.76167125,0.005150281,0.4,0.0,0.26597527,0.029208375,0.27302402,0.0022248575,0.4,0.0,0.22695118,0.009913981
375316653866487564,5788703049778359680,0.52931106,2165.498681928848,3.2949599358250166,2.0128566E-5,18.021189,0.01800556,0.29198086,0.004237016,0.06236412,0.005699898,0.3910371,0.0475435,0.8031029,0.008690465,0.04560774,0.0083119795,0.26464593,0.054666966,0.10741747,0.025742399,0.29198086,0.004237016,"TWOGAUSSIANS_WITH_ELLIPSOIDAL_ON_ECLIPSE1",9,28.140024,0.29198086,0.004237016,0.34923905,0.03191943,0.60574716,0.023132382,0.8031029,0.008690465,0.25540334,0.04654708,0.4783086,0.038727216
