Gaia/vari_eclipsing_binary/VariEclipsingBinary_670684-670737.csv
# %ECSV 1.0
# ---
# delimiter: ','
# meta: !!omap
# - RELEASE: Gaia DR3
# - TABLE: vari_eclipsing_binary
# - DESCRIPTION: >
#     This table describes the properties of the eclipsing binaries resulting from the variability analysis. 
# - CITATION: >
#     How to cite and acknowledge Gaia: 
#     https://gea.esac.esa.int/archive/documentation/credits.html 
# - KNOWN_ISSUES: >
#     Known issues: 
#     https://www.cosmos.esa.int/web/gaia-users/known-issues 
# - DOCUMENTATION: >
#     Tutorials and documentation: 
#     https://www.cosmos.esa.int/web/gaia-users/archive 
# datatype:
# - 
#   name: solution_id
#   datatype: int64
#   description: Solution Identifier
#   meta:
#     ucd: meta.version
# - 
#   name: source_id
#   datatype: int64
#   description: Unique source identifier
#   meta:
#     ucd: meta.id;meta.main
# - 
#   name: global_ranking
#   datatype: float32
#   description: Number between 0 (worst) and 1 (best)
#   meta:
#     ucd: stat.param
# - 
#   name: reference_time
#   datatype: float64
#   unit: d
#   description: Reference time used for the geometric model fit
#   meta:
#     ucd: time.epoch
# - 
#   name: frequency
#   datatype: float64
#   unit: d**-1
#   description: Frequency of geometric model of the eclipsing binary light curve
#   meta:
#     ucd: src.orbital
# - 
#   name: frequency_error
#   datatype: float32
#   unit: d**-1
#   description: "Uncertainty of \\texttt{frequency}"
#   meta:
#     ucd: stat.error
# - 
#   name: geom_model_reference_level
#   datatype: float32
#   unit: mag
#   description: Magnitude reference level of geometric model
#   meta:
#     ucd: phot.mag;em.opt
# - 
#   name: geom_model_reference_level_error
#   datatype: float32
#   unit: mag
#   description: "Uncertainty of \\texttt{geomModelReferenceLevel}"
#   meta:
#     ucd: stat.error;phot.mag;em.opt
# - 
#   name: geom_model_gaussian1_phase
#   datatype: float32
#   description: Phase of the Gaussian 1 component
#   meta:
#     ucd: time.phase
# - 
#   name: geom_model_gaussian1_phase_error
#   datatype: float32
#   description: "Uncertainty of \\texttt{geomModelGaussian1Phase}"
#   meta:
#     ucd: stat.error;time.phase
# - 
#   name: geom_model_gaussian1_sigma
#   datatype: float32
#   description: "Standard deviation [phase] of Gaussian 1 component"
#   meta:
#     ucd: stat.stdev
# - 
#   name: geom_model_gaussian1_sigma_error
#   datatype: float32
#   description: "Uncertainty of \\texttt{geomModelGaussian1Sigma}"
#   meta:
#     ucd: stat.error
# - 
#   name: geom_model_gaussian1_depth
#   datatype: float32
#   unit: mag
#   description: Magnitude depth of Gaussian 1 component
#   meta:
#     ucd: src.var.amplitude
# - 
#   name: geom_model_gaussian1_depth_error
#   datatype: float32
#   unit: mag
#   description: "Uncertainty of \\texttt{geomModelGaussian1Depth}"
#   meta:
#     ucd: stat.error;src.var.amplitude
# - 
#   name: geom_model_gaussian2_phase
#   datatype: float32
#   description: Phase of Gaussian 2 component
#   meta:
#     ucd: time.phase
# - 
#   name: geom_model_gaussian2_phase_error
#   datatype: float32
#   description: "Uncertainty of \\texttt{geomModelGaussian2Phase}"
#   meta:
#     ucd: stat.error;time.phase
# - 
#   name: geom_model_gaussian2_sigma
#   datatype: float32
[...]
#   datatype: float32
#   description: "Secondary eclipse: uncertainty of \\texttt{derivedSecondaryEclDuration}"
#   meta:
#     ucd: stat.error;time.duration
# - 
#   name: derived_secondary_ecl_depth
#   datatype: float32
#   unit: mag
#   description: "Secondary eclipse: depth"
#   meta:
#     ucd: src.var.amplitude
# - 
#   name: derived_secondary_ecl_depth_error
#   datatype: float32
#   unit: mag
#   description: "Secondary eclipse: uncertainty of \\texttt{derivedSecondaryEclDepth}"
#   meta:
#     ucd: stat.error;src.var.amplitude
solution_id,source_id,global_ranking,reference_time,frequency,frequency_error,geom_model_reference_level,geom_model_reference_level_error,geom_model_gaussian1_phase,geom_model_gaussian1_phase_error,geom_model_gaussian1_sigma,geom_model_gaussian1_sigma_error,geom_model_gaussian1_depth,geom_model_gaussian1_depth_error,geom_model_gaussian2_phase,geom_model_gaussian2_phase_error,geom_model_gaussian2_sigma,geom_model_gaussian2_sigma_error,geom_model_gaussian2_depth,geom_model_gaussian2_depth_error,geom_model_cosine_half_period_amplitude,geom_model_cosine_half_period_amplitude_error,geom_model_cosine_half_period_phase,geom_model_cosine_half_period_phase_error,model_type,num_model_parameters,reduced_chi2,derived_primary_ecl_phase,derived_primary_ecl_phase_error,derived_primary_ecl_duration,derived_primary_ecl_duration_error,derived_primary_ecl_depth,derived_primary_ecl_depth_error,derived_secondary_ecl_phase,derived_secondary_ecl_phase_error,derived_secondary_ecl_duration,derived_secondary_ecl_duration_error,derived_secondary_ecl_depth,derived_secondary_ecl_depth_error
375316653866487564,5899401605599460352,0.455605,2147.4786454762284,0.05316248188130187,2.8537175E-5,13.960204,0.0014952936,0.3607772,0.004068934,0.1052812,0.005484127,0.08928558,0.013688684,0.83272094,0.006363075,0.018409872,0.0071438258,0.017573902,0.0039723343,null,null,null,null,"TWOGAUSSIANS",8,10.330374,0.3607772,0.004068934,0.4,0.0,0.08927371,0.013693193,0.83272094,0.006363075,0.103095286,0.040005427,0.017566206,0.0039796354
375316653866487564,5899402013604500480,0.56163067,2136.0862133942055,2.3143712953736846,1.731539E-5,14.637325,0.02861352,0.30645177,0.012739701,0.08682581,0.013208645,0.45485327,0.028508505,0.78550833,0.00566295,0.088463604,0.009935369,0.4880438,0.02813412,null,null,null,null,"TWOGAUSSIANS",8,240.96794,0.78550833,0.00566295,0.4,0.0,0.47665665,0.02321667,0.30645177,0.012739701,0.4,0.0,0.4434662,0.023247719
375316653866487564,5899402808183845888,0.61568534,2119.9059967979406,3.0837595021610458,1.1110485E-5,18.433203,0.013492138,0.23238651,0.003527806,0.044583347,0.0062468494,0.2827098,0.044405323,0.7202396,0.0053284783,0.057826117,0.0051240367,0.31205994,0.03649391,0.11700043,0.015124094,0.23238651,0.003527806,"TWOGAUSSIANS_WITH_ELLIPSOIDAL_ON_ECLIPSE1",9,2.4280827,0.7222396,0.004074408,0.32382625,0.028694605,0.5449117,0.029669626,0.23238651,0.003527806,0.24966674,0.034982357,0.516698,0.03473664
375316653866487564,5899402941318699392,0.5586323,2106.206577387433,0.5740608611182022,7.800743E-6,18.374477,0.006654688,0.29244313,0.0018955967,0.044715475,0.0018627901,0.5359735,0.04844194,0.7769134,0.0048545394,0.03927687,0.0046656867,0.2059727,0.021888636,null,null,null,null,"TWOGAUSSIANS",8,3.1266618,0.29244313,0.0018955967,0.25040665,0.010431624,0.5359735,0.04844194,0.7769134,0.0048545394,0.21995048,0.026127847,0.2059727,0.02188864
375316653866487564,5899404384426410496,0.4367219,2093.999558939579,0.27676465510172343,4.7098878E-5,14.156192,0.0013531434,0.2116733,0.013687785,0.05729168,0.028152272,0.028146172,0.008693803,null,null,null,null,null,null,0.012806993,0.0027698367,0.2116733,0.013687785,"ONEGAUSSIAN_WITH_ELLIPSOIDAL",6,18.24731,0.2116733,0.013687785,0.3208334,0.095214345,0.053758014,0.009624318,null,null,null,null,null,null
375316653866487564,5899404693664088704,0.6600961,2141.4663384132627,2.262815567491073,9.03576E-6,15.031215,0.0017284544,0.35815606,0.0014143608,0.06190045,0.0034832873,0.14435834,0.005667854,0.8965713,0.016102787,0.021845486,0.020766499,0.017705094,8.8158552E7,0.041039158,0.0022953672,0.35815606,0.0014143608,"TWOGAUSSIANS_WITH_ELLIPSOIDAL_ON_ECLIPSE1",9,6.3419504,0.35815606,0.0014143608,0.34664252,0.019506408,0.22639576,0.005134925,0.8965713,0.016102787,0.12233472,0.11629239,0.095052816,8.8158552E7
375316653866487564,5899408065223818112,0.55063033,2135.160110473428,2.9516061354147207,2.1809157E-5,18.112171,0.013805676,0.24541405,0.005928063,0.07610303,0.008472795,0.51061136,0.03806236,0.7482288,0.0034983396,0.0726525,0.0060604024,0.42293477,0.025293758,null,null,null,null,"TWOGAUSSIANS",8,13.617817,0.24541405,0.005928063,0.4,0.0049230484,0.5075355,0.03907515,0.7482288,0.0034983396,0.4,0.005631589,0.41985893,0.025580242
375316653866487564,5899408202662718720,0.46144393,2162.3806196177466,1.8485808274314086,6.935764E-5,18.058357,0.0060510566,0.2242532,0.034233443,0.043784834,0.02166267,0.13412797,0.61135715,0.67357194,0.01029214,0.08862059,0.012106589,0.07180728,0.006046184,null,null,null,null,"TWOGAUSSIANS",8,1.8834311,0.2242532,0.034233443,0.24519506,0.12131095,0.13409929,0.6113806,0.67357194,0.01029214,0.4,0.0,0.07177842,0.005992622
375316653866487564,5899408718059089536,0.53196406,2162.791742332347,2.25840410322191,1.3306427E-5,18.221703,0.007108055,0.7410017,0.003979133,0.04324303,0.006314753,0.597352,0.13791291,null,null,null,null,null,null,0.09749283,0.008532278,0.7410017,0.003979133,"ONEGAUSSIAN_WITH_ELLIPSOIDAL",6,10.316363,0.7410017,0.003979133,0.24216095,0.035362616,0.79233766,0.13973147,null,null,null,null,null,null
375316653866487564,5899409096016152448,0.5963229,2109.946333554374,3.739134897364369,1.07477545E-5,18.66837,0.0073877834,0.20416957,0.0035654367,0.06765635,0.0045914487,0.4611488,0.016930705,0.7022474,7.6784973E-4,0.0654551,0.0022286426,0.4716748,0.0072606727,null,null,null,null,"TWOGAUSSIANS",8,2.032562,0.7022474,7.6784973E-4,0.36654857,0.012480398,0.47091225,0.006992075,0.20416957,0.0035654367,0.37887558,0.025712114,0.46038622,0.01703976
375316653866487564,5899410470405787648,0.5520434,2106.2670884687204,3.5289613457802878,3.7851438E-5,19.419083,0.020291297,0.25035527,0.017574657,0.0833767,0.014332731,0.40652782,0.04204064,0.7234992,0.013775449,0.07998053,0.013966881,0.37768406,0.033295557,null,null,null,null,"TWOGAUSSIANS",8,1.7746758,0.25035527,0.017574657,0.4,0.0,0.40220612,0.04053504,0.7234992,0.013775449,0.4,0.0,0.37336236,0.031109327
375316653866487564,5899411776082266240,0.6427504,2136.5303512811124,0.31644092285572184,4.017242E-5,17.07426,0.004517227,0.18486562,0.050201736,0.02706571,0.019970248,0.14412501,0.26500157,0.50172913,0.0013340957,0.016315263,0.0012875888,1.6476079,0.12556317,0.01272668,0.0066971,0.18486562,0.050201736,"TWOGAUSSIANS_WITH_ELLIPSOIDAL_ON_ECLIPSE1",9,23.048037,0.5017491,0.0013330086,0.09136547,0.0072104977,1.6518433,0.12563361,0.18486562,0.050201736,0.15156798,0.111833386,0.16957836,0.26546475
375316653866487564,5899412600715929600,0.58761144,2126.5314020235946,2.4153759584732293,7.2734306E-6,13.329223,0.05883682,0.22588594,0.0038308962,0.06901351,0.009329463,0.4075699,0.12107792,0.7115983,0.0017757039,0.06482833,0.00973187,0.56485885,0.10133821,0.044480257,0.0636258,0.7115983,0.0017757039,"TWOGAUSSIANS_WITH_ELLIPSOIDAL_ON_ECLIPSE2",9,818.24225,0.7115983,0.0017757039,0.36303863,0.05449847,0.65322095,0.039286666,0.22480594,0.0025027115,0.38647568,0.051380437,0.49527082,0.015509001
375316653866487564,5899413524117044736,0.65068036,2139.170800987722,4.4762638672076385,1.0757119E-6,14.999605,6.808436E-4,0.16281684,0.026843708,0.030273695,0.052666653,0.010081451,0.0067251436,0.62859714,4.1535607E-8,0.0048000584,9.6137965E-6,0.3977442,3.1924926E-4,null,null,null,null,"TWOGAUSSIANS",8,5.4032035,0.62859714,4.1535607E-8,0.026880328,5.383726E-5,0.3977442,3.192491E-4,0.16281684,0.026843708,0.16953269,0.2210542,0.010081451,0.006725144
375316653866487564,5899413631502217856,0.4554912,2161.981775796423,0.37090645031440933,4.567813E-5,17.92873,0.0046136384,0.7463104,0.011819192,0.061488565,0.06341349,0.04975609,0.04789404,null,null,null,null,null,null,0.05458649,0.0053791623,0.7463104,0.011819192,"ONEGAUSSIAN_WITH_ELLIPSOIDAL",6,5.7556357,0.7463104,0.011819192,0.34433597,0.3466545,0.15891597,0.047433265,null,null,null,null,null,null
375316653866487564,5899415345184487808,0.53069186,2215.640901497544,3.937023546405018,3.8611674E-5,18.581026,0.014161357,0.2494904,0.020843364,0.058823697,0.021692805,0.28609073,0.040000234,0.7188258,0.005947802,0.066323124,0.009771837,0.31255823,0.089100815,null,null,null,null,"TWOGAUSSIANS",8,4.447801,0.7188258,0.005947802,0.3714095,0.04668882,0.31248364,0.08910324,0.2494904,0.020843364,0.3294127,0.08794059,0.28601614,0.03940115
375316653866487564,5899415860577070336,0.5952168,2175.0413987821366,1.0678395253309239,1.646047E-5,15.9898615,0.0054567154,0.23873842,0.00566925,0.0350803,0.0066011366,0.079320975,0.0133179175,0.7320458,0.0022047698,0.0385455,0.0017840782,0.47171205,0.019726401,0.007884728,0.006586813,0.23873842,0.00566925,"TWOGAUSSIANS_WITH_ELLIPSOIDAL_ON_ECLIPSE1",9,20.367458,0.73207587,0.00219335,0.21585481,0.009990838,0.4874537,0.017597618,0.23873842,0.00566925,0.19644968,0.036966365,0.09509039,0.0076717795
375316653866487564,5899416552081069952,0.532475,2187.560876899411,0.16755572714116188,3.637936E-5,19.89255,0.010591186,0.49833402,0.012302932,0.07842709,0.008494151,0.30756766,0.018525215,0.7188794,0.003645045,0.027920691,0.0049459254,1.6335398,2.5250437,null,null,null,null,"TWOGAUSSIANS",8,0.5831118,0.7188794,0.003645045,0.15635587,0.027697183,1.6394385,2.525947,0.49833402,0.012302932,0.4,0.0,0.30756766,0.018525215
375316653866487564,5899417234969949568,0.43912733,2121.7691530741454,0.29308764576844837,2.4604547E-5,18.089338,0.007915727,0.32724452,0.031133043,0.046626203,0.011534714,0.40005243,0.26232174,0.86955,0.01754347,0.054396275,0.014026936,0.103898905,0.042384848,null,null,null,null,"TWOGAUSSIANS",8,8.099588,0.32724452,0.031133043,0.26110676,0.0645944,0.40005222,0.262333,0.86955,0.01754347,0.30461913,0.078550845,0.10389869,0.042384718
375316653866487564,5899419502711518208,0.60651994,2180.570348636446,0.6866988655401872,5.098745E-5,16.710676,0.0045019416,0.24095826,0.13004608,0.052236598,0.014469172,0.79998386,1.0311874,0.6988145,0.0057224366,0.04079884,0.0026810076,0.64747036,0.058119472,null,null,null,null,"TWOGAUSSIANS",8,16.424084,0.24095826,0.13004608,0.29252496,0.081027366,0.7999838,1.0311862,0.6988145,0.0057224366,0.22847348,0.015013643,0.6474703,0.05811942
375316653866487564,5899419919334353920,0.4306269,2205.301591113175,1.7934625927686902,6.404504E-5,17.762903,1.3480732,0.2503043,0.043693498,0.14116246,0.12533651,0.77540267,1.0893528,0.7003374,0.03274867,0.15306611,0.12475606,0.6884308,1.1384168,null,null,null,null,"TWOGAUSSIANS",8,42.00803,0.2545543,0.031069355,0.4,0.0,0.53254217,0.298644,0.7003374,0.03274867,0.4,0.0,0.44023865,0.04871871
375316653866487564,5899420224266032256,0.54758024,2120.1941474019723,2.0899052238842772,1.4609242E-5,15.941895,0.017295657,0.21517216,0.008137244,0.102561556,0.014343831,0.18568246,0.018234426,0.71125597,0.003708557,0.09514088,0.008055074,0.26436457,0.016030665,null,null,null,null,"TWOGAUSSIANS",8,24.78571,0.71125597,0.003708557,0.4,0.0,0.24735306,0.0075342837,0.21517216,0.008137244,0.4,0.0,0.1686689,0.012898491
375316653866487564,5899420572169480960,0.50106007,2148.123185726513,3.6183848135578733,4.506719E-5,19.393732,0.0339384,0.29963347,0.014532106,0.10972219,0.026871238,0.21713042,0.032471508,0.76726425,0.011059321,0.09482512,0.019404167,0.19911002,0.035711147,null,null,null,null,"TWOGAUSSIANS",8,1.5658289,0.29963347,0.014532938,0.4,0.0,0.20306423,0.017423324,0.76726425,0.011059321,0.4,0.0,0.18506913,0.027084513
375316653866487564,5899422217132096640,0.55288404,2166.447092517104,1.5943281679038448,2.0717604E-5,18.377087,0.0059716078,0.34476155,0.0036173891,0.04134955,0.006027913,0.5572198,0.10163729,0.8428893,0.0055801007,0.057845704,0.005095607,0.115984246,0.008631615,null,null,null,null,"TWOGAUSSIANS",8,3.3071103,0.34476155,0.0036173891,0.23155746,0.033756316,0.55721855,0.101640485,0.8428893,0.0055801007,0.32393593,0.0285354,0.115983054,0.008630653
375316653866487564,5899423870710353280,0.49802694,2111.3044015398823,2.9587020109117743,2.1678292E-5,17.253067,0.025793647,0.16409403,0.005831618,0.08428777,0.018372264,0.1907491,0.021084532,0.65254086,0.005154062,0.09167545,0.013826615,0.22569156,0.023203881,null,null,null,null,"TWOGAUSSIANS",8,13.92437,0.65254086,0.005154062,0.4,0.0,0.21961136,0.01837581,0.16409403,0.005831618,0.4,0.0,0.18466908,0.021175569
375316653866487564,5899424313076236544,0.5885988,2093.650438539551,2.834942991193522,1.8564411E-5,17.813314,0.027550021,0.27896526,0.005337064,0.09481665,0.009266465,0.46908003,0.02627807,0.775349,0.0048098727,0.10225642,0.008919945,0.47349402,0.029686958,null,null,null,null,"TWOGAUSSIANS",8,7.810832,0.775349,0.0048098727,0.4,0.0,0.4375231,0.020397548,0.27896526,0.005337064,0.4,0.0,0.4331144,0.011018593
375316653866487564,5899425897929052672,0.6472946,2160.5587200365885,4.020716015697702,3.0031783E-6,18.743237,0.007742768,0.2751257,0.0023978646,0.053348232,0.0039339773,0.38150424,0.020463966,0.7871615,0.027787864,0.036988743,0.00606252,0.64570457,0.47853205,0.1384673,0.0110356,0.2751257,0.0023978646,"TWOGAUSSIANS_WITH_ELLIPSOIDAL_ON_ECLIPSE1",9,1.206565,0.7871615,0.027787864,0.20713696,0.033950113,0.9210519,0.5015541,0.2751257,0.0023978646,0.2987501,0.022030272,0.65843225,0.012415744
375316653866487564,5899427611607884288,0.5756563,2154.2392419791577,3.5453997587785606,2.035333E-5,18.428562,0.022291347,0.25459558,0.0075541968,0.08931495,0.01400583,0.43216148,0.022920651,0.756216,0.0033728043,0.08974519,0.0070546744,0.44390965,0.020449433,null,null,null,null,"TWOGAUSSIANS",8,4.892512,0.756216,0.0033728043,0.4,0.0,0.42659706,0.015088726,0.25459558,0.0075541968,0.4,0.0,0.41484895,0.024557242
375316653866487564,5899431051890588288,0.54530346,2144.9387824954056,3.5992726915012847,1.0752672E-5,19.017767,0.016573276,0.24306639,0.0055526295,0.08476152,0.0066377744,0.3795026,0.02798786,0.7467025,0.0034411657,0.089256704,0.011894102,0.4662375,0.05272531,null,null,null,null,"TWOGAUSSIANS",8,2.4899056,0.7467025,0.0034411657,0.4,0.0,0.45344567,0.062697954,0.24306639,0.0055526295,0.4,0.0,0.3667109,0.027529113
375316653866487564,5899431081941302016,0.6627385,2118.85303117913,3.1871842068295844,3.789664E-6,18.453514,0.010286933,0.18383914,0.0018022459,0.039362874,0.003205172,0.4260118,0.0581104,0.6820799,0.0011481743,0.04374976,0.0025811724,0.5064508,0.019553391,0.14688408,0.015054572,0.18383914,0.0018022459,"TWOGAUSSIANS_WITH_ELLIPSOIDAL_ON_ECLIPSE1",9,2.9300456,0.68221986,0.0010163087,0.24499866,0.014454565,0.8001858,0.014623839,0.18383914,0.0018022459,0.22043209,0.017948963,0.7197798,0.055491824
375316653866487564,5899431842164171904,0.5883571,2164.270941657743,4.01005089117212,7.84754E-6,17.67034,0.018997429,0.2783218,0.006909295,0.040098757,0.008015523,0.54622614,0.068370365,0.78100187,0.0032304793,0.045757387,0.00518815,0.39935815,0.049283765,0.11688512,0.025875563,0.2783218,0.006909295,"TWOGAUSSIANS_WITH_ELLIPSOIDAL_ON_ECLIPSE1",9,12.300088,0.2783218,0.006909295,0.22455303,0.044886928,0.7799959,0.06542993,0.78100187,0.0031712684,0.25624135,0.02905364,0.6330616,0.029831748
375316653866487564,5899432696849144320,0.59200245,2140.499270864139,2.3355126961023784,9.442018E-6,18.042393,0.005691888,0.23140289,0.002729911,0.08927857,0.0038962632,0.2723518,0.008444131,0.7300301,0.0049713394,0.09007376,0.0048766616,0.2507776,0.008769228,null,null,null,null,"TWOGAUSSIANS",8,1.3281225,0.23140289,0.002729911,0.4,0.0,0.2618523,0.008371362,0.7300301,0.0049713394,0.4,0.0,0.2402781,0.0073943906
375316653866487564,5899433418403555584,0.5391118,2120.4209199016695,2.8568996712184664,3.2905333E-5,17.721867,0.021228429,0.23312415,0.0056058173,0.08226733,0.011364806,0.36999175,0.03002521,0.7359049,0.004936359,0.080725424,0.008926404,0.3933839,0.023446674,null,null,null,null,"TWOGAUSSIANS",8,22.039059,0.7359049,0.004936359,0.4,0.0,0.38683528,0.02083756,0.23312415,0.0056058173,0.4,0.0,0.36344314,0.031143712
375316653866487564,5899435862255061504,0.6765275,2174.1847726523056,1.1271709880154182,6.6211746E-6,18.160143,0.0029823522,0.28791556,9.6196576E-4,0.0410678,6.36056E-4,0.6749014,0.01196368,0.78134394,0.0033067407,0.048911657,0.004232848,0.10441517,0.006947368,null,null,null,null,"TWOGAUSSIANS",8,0.93395543,0.28791556,9.6196576E-4,0.2299797,0.0035619137,0.67490137,0.011963669,0.78134394,0.0033067407,0.27390528,0.023703948,0.10441511,0.0069474103
375316653866487564,5899435961024792960,0.55261815,2209.2465365171106,3.506070977258551,2.4567153E-5,17.753069,0.009994364,0.23424217,0.005557408,0.058171343,0.004262848,0.45487723,0.017355105,0.7263478,0.0032103737,0.05851081,0.0035564667,0.54210997,0.030394858,null,null,null,null,"TWOGAUSSIANS",8,15.131184,0.7263478,0.0032103737,0.32766053,0.019916214,0.5420336,0.03040959,0.23424217,0.005557408,0.32575953,0.023871949,0.45480087,0.01729637
375316653866487564,5899436682580132096,0.53614867,2174.838646092856,1.1812402175694956,9.801927E-5,18.726606,0.0032832408,0.32989296,0.03332848,0.021644568,0.043841146,0.053720575,0.043354232,0.85109377,0.005644777,0.01764006,0.008841988,0.3607633,74.048775,null,null,null,null,"TWOGAUSSIANS",8,1.4649916,0.85109377,0.005644777,0.09878433,0.04951513,0.3607633,74.048775,0.32989296,0.03332848,0.121209584,0.24551041,0.053720575,0.043354232
