Gaia/vari_eclipsing_binary/VariEclipsingBinary_386953-387478.csv
# %ECSV 1.0
# ---
# delimiter: ','
# meta: !!omap
# - RELEASE: Gaia DR3
# - TABLE: vari_eclipsing_binary
# - DESCRIPTION: >
#     This table describes the properties of the eclipsing binaries resulting from the variability analysis. 
# - CITATION: >
#     How to cite and acknowledge Gaia: 
#     https://gea.esac.esa.int/archive/documentation/credits.html 
# - KNOWN_ISSUES: >
#     Known issues: 
#     https://www.cosmos.esa.int/web/gaia-users/known-issues 
# - DOCUMENTATION: >
#     Tutorials and documentation: 
#     https://www.cosmos.esa.int/web/gaia-users/archive 
# datatype:
# - 
#   name: solution_id
#   datatype: int64
#   description: Solution Identifier
#   meta:
#     ucd: meta.version
# - 
#   name: source_id
#   datatype: int64
#   description: Unique source identifier
#   meta:
#     ucd: meta.id;meta.main
# - 
#   name: global_ranking
#   datatype: float32
#   description: Number between 0 (worst) and 1 (best)
#   meta:
#     ucd: stat.param
# - 
#   name: reference_time
#   datatype: float64
#   unit: d
#   description: Reference time used for the geometric model fit
#   meta:
#     ucd: time.epoch
# - 
#   name: frequency
#   datatype: float64
#   unit: d**-1
#   description: Frequency of geometric model of the eclipsing binary light curve
#   meta:
#     ucd: src.orbital
# - 
#   name: frequency_error
#   datatype: float32
#   unit: d**-1
#   description: "Uncertainty of \\texttt{frequency}"
#   meta:
#     ucd: stat.error
# - 
#   name: geom_model_reference_level
#   datatype: float32
#   unit: mag
#   description: Magnitude reference level of geometric model
#   meta:
#     ucd: phot.mag;em.opt
# - 
#   name: geom_model_reference_level_error
#   datatype: float32
#   unit: mag
#   description: "Uncertainty of \\texttt{geomModelReferenceLevel}"
#   meta:
#     ucd: stat.error;phot.mag;em.opt
# - 
#   name: geom_model_gaussian1_phase
#   datatype: float32
#   description: Phase of the Gaussian 1 component
#   meta:
#     ucd: time.phase
# - 
#   name: geom_model_gaussian1_phase_error
#   datatype: float32
#   description: "Uncertainty of \\texttt{geomModelGaussian1Phase}"
#   meta:
#     ucd: stat.error;time.phase
# - 
#   name: geom_model_gaussian1_sigma
#   datatype: float32
#   description: "Standard deviation [phase] of Gaussian 1 component"
#   meta:
#     ucd: stat.stdev
# - 
#   name: geom_model_gaussian1_sigma_error
#   datatype: float32
#   description: "Uncertainty of \\texttt{geomModelGaussian1Sigma}"
#   meta:
#     ucd: stat.error
# - 
#   name: geom_model_gaussian1_depth
#   datatype: float32
#   unit: mag
#   description: Magnitude depth of Gaussian 1 component
#   meta:
#     ucd: src.var.amplitude
# - 
#   name: geom_model_gaussian1_depth_error
#   datatype: float32
#   unit: mag
#   description: "Uncertainty of \\texttt{geomModelGaussian1Depth}"
#   meta:
#     ucd: stat.error;src.var.amplitude
# - 
#   name: geom_model_gaussian2_phase
#   datatype: float32
#   description: Phase of Gaussian 2 component
#   meta:
#     ucd: time.phase
# - 
#   name: geom_model_gaussian2_phase_error
#   datatype: float32
#   description: "Uncertainty of \\texttt{geomModelGaussian2Phase}"
#   meta:
#     ucd: stat.error;time.phase
# - 
#   name: geom_model_gaussian2_sigma
#   datatype: float32
[...]
#   datatype: float32
#   description: "Secondary eclipse: uncertainty of \\texttt{derivedSecondaryEclDuration}"
#   meta:
#     ucd: stat.error;time.duration
# - 
#   name: derived_secondary_ecl_depth
#   datatype: float32
#   unit: mag
#   description: "Secondary eclipse: depth"
#   meta:
#     ucd: src.var.amplitude
# - 
#   name: derived_secondary_ecl_depth_error
#   datatype: float32
#   unit: mag
#   description: "Secondary eclipse: uncertainty of \\texttt{derivedSecondaryEclDepth}"
#   meta:
#     ucd: stat.error;src.var.amplitude
solution_id,source_id,global_ranking,reference_time,frequency,frequency_error,geom_model_reference_level,geom_model_reference_level_error,geom_model_gaussian1_phase,geom_model_gaussian1_phase_error,geom_model_gaussian1_sigma,geom_model_gaussian1_sigma_error,geom_model_gaussian1_depth,geom_model_gaussian1_depth_error,geom_model_gaussian2_phase,geom_model_gaussian2_phase_error,geom_model_gaussian2_sigma,geom_model_gaussian2_sigma_error,geom_model_gaussian2_depth,geom_model_gaussian2_depth_error,geom_model_cosine_half_period_amplitude,geom_model_cosine_half_period_amplitude_error,geom_model_cosine_half_period_phase,geom_model_cosine_half_period_phase_error,model_type,num_model_parameters,reduced_chi2,derived_primary_ecl_phase,derived_primary_ecl_phase_error,derived_primary_ecl_duration,derived_primary_ecl_duration_error,derived_primary_ecl_depth,derived_primary_ecl_depth_error,derived_secondary_ecl_phase,derived_secondary_ecl_phase_error,derived_secondary_ecl_duration,derived_secondary_ecl_duration_error,derived_secondary_ecl_depth,derived_secondary_ecl_depth_error
[from data line 581]
375316653866487564,3406768024827575936,0.60822856,2247.3089448492674,2.6860225045075063,8.9994355E-6,17.28327,0.007025732,0.2261983,0.0010150409,0.040195502,0.0021425006,0.507171,0.015010176,0.72784907,0.0015024135,0.03630604,0.002357295,0.7850783,0.07156415,0.0652419,0.009706528,0.2261983,0.0010150409,"TWOGAUSSIANS_WITH_ELLIPSOIDAL_ON_ECLIPSE1",9,13.569419,0.72784907,0.0015024135,0.20331383,0.013200852,0.9155478,0.07821531,0.2261983,0.0010150409,0.22509481,0.011998004,0.63765454,0.016293481
375316653866487564,3406768334065223424,0.6150335,2250.513510071374,2.711465212406361,4.6320447E-6,18.36522,0.005291002,0.2234834,8.558877E-4,0.041336473,0.0019487811,0.33859035,0.013575374,0.7163344,0.0028520527,0.045289483,0.0031888653,0.40607643,0.046756756,0.13020337,0.010335392,0.2234834,8.558877E-4,"TWOGAUSSIANS_WITH_ELLIPSOIDAL_ON_ECLIPSE1",9,3.8950071,0.71700436,0.0026255508,0.2536211,0.017857645,0.66600716,0.047102544,0.2234834,8.558877E-4,0.23148426,0.010913174,0.5989969,0.011895657
375316653866487564,3406780604788451328,0.5309745,2239.137646957082,2.1344540618446124,2.313994E-5,19.116196,0.008099443,0.19542852,0.0043639205,0.07488661,0.005820079,0.32877496,0.012290949,0.7059158,0.005004352,0.09499286,0.008003745,0.20757091,0.010346608,null,null,null,null,"TWOGAUSSIANS",8,1.7862538,0.19542852,0.0043639205,0.4,0.0,0.3232908,0.012118784,0.7059158,0.005004352,0.4,0.0,0.2020863,0.009821486
375316653866487564,3406800391703449984,0.58688855,2200.8254791855534,3.3272128833047296,8.038577E-6,18.01271,0.005645987,0.266585,0.0015145802,0.07551592,0.0023887034,0.33500066,0.009238478,0.7642692,0.0016664315,0.071841046,0.0024702533,0.2964027,0.0070546847,null,null,null,null,"TWOGAUSSIANS",8,2.9938984,0.266585,0.0015145802,0.4,0.0,0.33310944,0.00922811,0.7642692,0.0016664315,0.4,0.0032425162,0.29451144,0.0068354853
375316653866487564,3406809501328267264,0.5216494,2186.746872241869,3.6230645878002066,2.1817299E-5,17.86818,0.025246592,0.25040305,0.0073559387,0.0726404,0.007921486,0.51778,0.028135205,0.7258858,0.0032121025,0.07837414,0.007077016,0.6683442,0.0397858,null,null,null,null,"TWOGAUSSIANS",8,43.979027,0.7258858,0.0032121025,0.4,0.0,0.66550857,0.04021949,0.25040305,0.0073559387,0.4,0.021565393,0.5149444,0.026312515
375316653866487564,3406816953095235200,0.45379424,2198.7370545689064,1.7304110542339495,3.0203935E-5,16.395506,0.0039818077,0.33909822,0.0051735914,0.061626278,0.0057861214,0.13033605,0.009185922,0.8202854,0.003074661,0.041533086,0.0027532142,0.10572457,0.0061528403,null,null,null,null,"TWOGAUSSIANS",8,25.05768,0.33909822,0.0051735914,0.34510717,0.03240228,0.1303353,0.009186142,0.8202854,0.003074661,0.23258528,0.015418,0.10572382,0.006152341
375316653866487564,3406821282422288512,0.57777387,2171.1724505173574,3.601564700292513,8.959726E-6,17.5539,0.009052007,0.22171134,0.0015623517,0.08420844,0.003828484,0.42425933,0.016071303,0.7131228,0.003867642,0.089407384,0.005284708,0.445019,0.013703332,null,null,null,null,"TWOGAUSSIANS",8,11.610929,0.7131228,0.003867642,0.4,0.0,0.43311366,0.013530606,0.22171134,0.0015623517,0.4,0.0,0.41235414,0.017227132
375316653866487564,3406826814340889856,0.55405205,2224.8888400552282,1.4329685250167092,1.6308144E-5,16.373592,0.005954937,0.31373835,0.002685994,0.098051675,0.0058089495,0.11629135,0.0058342684,0.81331,0.006085744,0.11519448,0.014570334,0.07121737,0.005205098,null,null,null,null,"TWOGAUSSIANS",8,3.07856,0.31373835,0.002685994,0.4,0.0,0.10510139,0.003711454,0.81331,0.006085744,0.4,0.0,0.060016382,0.0042855255
375316653866487564,3406830907445583488,0.52968997,2243.099549555093,0.0325608197965682,2.1219093E-5,15.216702,0.0014876187,0.20293908,0.012185324,0.06854159,0.0066713803,0.030468144,0.0027272482,0.72079426,0.0043719765,0.039677504,0.0026950366,0.093065046,0.003915068,null,null,null,null,"TWOGAUSSIANS",8,9.928647,0.72079426,0.0043719765,0.22219403,0.015092205,0.093064114,0.003913987,0.20293908,0.012185324,0.38383287,0.03418266,0.030467212,0.0027251064
375316653866487564,3406832075676358912,0.6204974,2208.3093533148854,0.2623218829135615,9.708555E-6,13.752004,0.0026490092,0.28413773,0.002088101,0.037377857,0.0018057382,0.47403497,0.013308796,0.78539014,0.0018925506,0.035967045,0.002002608,0.20118035,0.008442915,0.03298132,0.006226986,0.28413773,0.002088101,"TWOGAUSSIANS_WITH_ELLIPSOIDAL_ON_ECLIPSE1",9,164.4994,0.28413773,0.002088101,0.209316,0.010112134,0.5399976,0.011803605,0.78539014,0.0018925506,0.20141545,0.0112146055,0.2671389,0.0065279976
375316653866487564,3406832865950943104,0.58702743,2192.824972804567,2.80521590221839,1.3578499E-5,17.133327,0.008538983,0.22060281,0.0021825444,0.050982427,0.008205806,0.0803959,0.020465372,0.7335113,0.0054859444,0.043285936,0.010569743,0.08719432,0.02162636,0.10104109,0.011662838,0.22060281,0.0021825444,"TWOGAUSSIANS_WITH_ELLIPSOIDAL_ON_ECLIPSE1",9,8.538044,0.7335113,0.0054859444,0.24240124,0.05919056,0.28794944,0.017003685,0.22060281,0.0021825444,0.2855016,0.045952514,0.28247747,0.008029501
375316653866487564,3406835198116024448,0.46940002,2212.5080567997697,3.4593410606791934,2.8734172E-5,17.07868,0.06825272,0.2653281,0.013536921,0.11313644,0.0376432,0.19419862,0.059687417,0.7424007,0.0047932183,0.11973245,0.022140486,0.24837251,0.06538742,null,null,null,null,"TWOGAUSSIANS",8,30.081728,0.7424007,0.0047932183,0.4,0.0,0.2130389,0.015078963,0.2654781,0.013446487,0.4,0.0,0.15894054,0.021343645
375316653866487564,3406841730763466368,0.5264502,2223.9257365341687,2.0357218330842155,1.3591173E-5,17.719255,0.0012249305,null,null,null,null,null,null,null,null,null,null,null,null,0.050378423,0.0017416843,0.21574618,0.0026533855,"ELLIPSOIDAL",4,1.6215286,null,null,null,null,null,null,null,null,null,null,null,null
375316653866487564,3406872031755661696,0.49742243,2203.937987461728,2.0633938436038664,7.94114E-6,19.389053,0.0055836695,0.27143613,0.0021398335,0.031255882,0.0017486357,0.5252677,0.046620097,0.89855504,0.0036646957,0.012070445,0.0031361075,0.084907785,0.031893425,null,null,null,null,"TWOGAUSSIANS",8,1.8663455,0.27143613,0.0021398335,0.17503293,0.00979236,0.5252677,0.046620097,0.89855504,0.0036646957,0.06759449,0.017562201,0.084907785,0.031893425
375316653866487564,3406879904431245696,0.5206571,2220.260047495787,3.368903449825945,1.6612792E-5,18.795555,0.011791993,0.21413922,0.003902814,0.09397985,0.007034554,0.27099502,0.014487301,0.72492635,0.004671033,0.094200365,0.008248873,0.23907495,0.013278926,null,null,null,null,"TWOGAUSSIANS",8,2.1205966,0.21413922,0.003902814,0.4,0.0,0.2582091,0.013522727,0.72492635,0.004671033,0.4,0.0,0.22628906,0.012133519
375316653866487564,3406887493638438784,0.5012862,2211.30003606433,2.677120826618491,4.880766E-6,19.002317,0.014028866,0.22590895,0.0017917902,0.048181444,0.0045932285,0.33196455,0.037820507,0.729126,0.0020009684,0.05474329,0.004773659,0.28713867,0.03153107,0.13427678,0.018739179,0.22590895,0.0017917902,"TWOGAUSSIANS_WITH_ELLIPSOIDAL_ON_ECLIPSE1",9,2.5915833,0.22590895,0.0017917902,0.2698161,0.025722079,0.6005094,0.021767845,0.729126,0.0020009684,0.30656242,0.026732491,0.55557376,0.019990614
375316653866487564,3406897114364862848,0.5290735,2227.705640276155,0.06967772780593763,1.4147096E-5,12.117269,5.6330697E-4,0.68932563,0.0011137422,0.012122265,0.039620988,0.0024734444,0.0026880982,null,null,null,null,null,null,0.051549006,8.625534E-4,0.68932563,0.0011137422,"ONEGAUSSIAN_WITH_ELLIPSOIDAL",6,37.266415,0.68932563,0.0011137422,0.06788468,0.22187755,0.105571404,0.0027458463,null,null,null,null,null,null
375316653866487564,3406900790857566464,0.5142642,2223.5683454754917,3.7304886948776077,3.8399587E-5,18.593964,0.006173504,0.5355313,0.0055644726,0.039250012,0.0042058895,0.6028175,0.074955076,0.94103515,5.6008075E-4,0.011964,0.0042698905,0.14895414,0.66182804,null,null,null,null,"TWOGAUSSIANS",8,13.029881,0.5355313,0.0055644726,0.21980006,0.02355298,0.6028175,0.074955076,0.94103515,5.6008075E-4,0.0669984,0.023911387,0.14895414,0.66182804
375316653866487564,3406902513140462080,0.48992065,2220.1954273551305,1.931919123832872,2.7075494E-5,17.092127,0.38257393,0.29029173,0.0032328656,0.18992981,0.07678232,0.46799356,0.36388344,0.7915396,0.0044356366,0.15801784,0.03545922,0.4833429,0.3349438,null,null,null,null,"TWOGAUSSIANS",8,12.715672,0.7919496,0.004298409,0.4,0.0,0.17907843,0.010615935,0.29002172,0.003393492,0.4,0.0,0.14093485,0.0131293135
375316653866487564,3406921788953676160,0.63020223,2228.0093394784144,1.0393336812744185,6.9862103E-6,17.366888,0.0019043696,0.23213911,0.00587464,0.027896328,0.02218973,0.25224805,3.1824315E35,0.73600566,0.0013788466,0.03548078,0.0013426209,0.22285336,0.0048900004,0.028735997,0.0023842747,0.23213911,0.00587464,"TWOGAUSSIANS_WITH_ELLIPSOIDAL_ON_ECLIPSE1",9,1.824455,0.23213911,0.00587464,0.15621944,0.12426249,0.30971998,3.1824315E35,0.73600566,0.0013788466,0.19869237,0.007518677,0.28029138,0.0029749472
375316653866487564,3406930924347978496,0.52250844,2246.5001665017458,1.1107116283345342,2.0741069E-5,17.301504,0.003354495,0.22491519,0.0072848406,0.034809418,0.008059224,0.08515118,0.015663035,0.7081842,0.005382395,0.028516626,0.0020429,0.40807253,0.03540223,null,null,null,null,"TWOGAUSSIANS",8,18.766489,0.7081842,0.005382395,0.1596931,0.011440241,0.40807253,0.03540223,0.22491519,0.0072848406,0.19493274,0.045131654,0.08515118,0.015663035
375316653866487564,3406934124099691008,0.47897652,2233.171118673781,0.4043186865888309,7.670369E-5,13.777296,5.3960655E-4,0.3892192,0.0066012274,0.0109607205,0.0071547898,0.029901393,0.17140213,0.8923105,0.01261047,0.010932143,0.012487145,0.045967225,0.04611167,null,null,null,null,"TWOGAUSSIANS",8,11.562019,0.8923105,0.01261047,0.061219998,0.06992801,0.045967225,0.04611167,0.3892192,0.0066012274,0.061380032,0.040066823,0.029901393,0.17140213
375316653866487564,3406943087697517696,0.59137255,2191.8476277891036,3.508526252710366,5.553514E-6,18.643755,0.0086576,0.23460223,0.00497406,0.037197564,0.0037395884,0.7469353,0.0684078,0.73803353,0.0016303032,0.040639542,0.0031087706,0.50861305,0.03983758,0.04223686,0.013724358,0.23460223,0.00497406,"TWOGAUSSIANS_WITH_ELLIPSOIDAL_ON_ECLIPSE1",9,4.1532826,0.23460223,0.00497406,0.20830636,0.020941695,0.831409,0.06475535,0.73803353,0.0016303032,0.22758144,0.017409116,0.5930475,0.044046685
375316653866487564,3406953949668637056,0.6276225,2207.3451265681792,2.2127252292496777,3.3198608E-6,15.325137,0.005700148,0.23837826,0.0023740367,0.053934228,0.0035455471,0.15322272,0.01214446,0.74784666,0.0028484121,0.0473131,0.0085192025,0.024888918,0.015236091,0.07629135,0.0072169574,0.74784666,0.0028484121,"TWOGAUSSIANS_WITH_ELLIPSOIDAL_ON_ECLIPSE2",9,20.597494,0.24013826,0.0015515042,0.30203167,0.019855065,0.30536398,0.0037272547,0.74784666,0.0028484121,0.26495335,0.04770753,0.17746939,0.0042072423
375316653866487564,3406954190186805120,0.4552442,2196.8433933514084,4.364501783321549,8.483369E-5,17.350048,0.0103963865,0.29901522,0.012271718,0.011761891,0.008358027,0.32820967,0.074875645,0.8353528,0.021812366,0.019120684,0.039263833,0.82456386,25.676006,0.01796116,0.011847807,0.29901522,0.012271718,"TWOGAUSSIANS_WITH_ELLIPSOIDAL_ON_ECLIPSE1",9,7.14167,0.8353528,0.021812366,0.107075825,0.21987747,0.8586459,25.677315,0.29901522,0.012271718,0.06586658,0.046804953,0.364132,0.07462022
375316653866487564,3406958278993857664,0.48010474,2203.0931876044997,2.409016021603747,2.9029847E-5,19.357983,0.008130937,0.2463351,0.0058535915,0.026576392,0.0021888197,0.8069927,0.2777548,0.76205724,0.0023442558,0.041988924,0.004105414,0.4455395,0.095436774,null,null,null,null,"TWOGAUSSIANS",8,2.591796,0.2463351,0.0058535915,0.1488278,0.012257391,0.8069927,0.2777548,0.76205724,0.0023442558,0.23513798,0.022990318,0.4455395,0.095436774
375316653866487564,3406966662771835904,0.53502786,2233.1307006842967,2.286073150965956,1.362347E-5,15.499867,0.3478357,0.2580053,0.002438987,0.13664213,0.053759236,0.20829108,0.29834828,0.75566167,0.0030768344,0.15384468,0.08781866,0.20867093,0.33868077,null,null,null,null,"TWOGAUSSIANS",8,15.36436,0.2582053,0.0023487832,0.4,0.0,0.117173456,0.005750582,0.75566167,0.0030768344,0.4,0.0,0.1159447,0.00374671
375316653866487564,3406975183987246592,0.63001204,2217.6779674032923,2.6626975001717192,6.121053E-6,16.139343,0.010522127,0.3400678,0.0021361674,0.049215797,0.0062614237,0.17151149,0.025317805,0.844725,0.0030652045,0.05657535,0.00656182,0.18199107,0.024243923,0.09814259,0.01591722,0.3400678,0.0021361674,"TWOGAUSSIANS_WITH_ELLIPSOIDAL_ON_ECLIPSE1",9,10.331802,0.844725,0.0030652045,0.31682196,0.036746193,0.37809902,0.02294229,0.3400678,0.0021361674,0.27560845,0.035063975,0.36778745,0.013371027
375316653866487564,3406984804713956736,0.47408488,2249.8275971368657,0.15449706822152273,7.0965965E-5,17.669966,0.08962644,0.23833947,0.037511356,0.13418731,0.12959306,0.057582367,0.08475421,0.6522951,0.030475922,0.12970898,0.036715448,0.13966066,0.067089505,null,null,null,null,"TWOGAUSSIANS",8,4.7818933,0.6522951,0.030475922,0.4,0.0,0.12544033,0.014910465,0.24613947,0.03297234,0.4,0.0,0.043808,0.016154876
375316653866487564,3406992084682812288,0.6001439,2223.9362324589765,3.297886783052983,9.282298E-6,18.73683,0.0075556827,0.2820898,0.0024604476,0.074772365,0.0047220476,0.3161774,0.010539286,0.7862021,0.015232585,0.06311561,0.011578867,0.35964406,0.03659724,null,null,null,null,"TWOGAUSSIANS",8,1.0414388,0.7862021,0.015232585,0.35344744,0.058824405,0.35880798,0.036548086,0.2820898,0.0024604476,0.4,0.0,0.31534132,0.010573132
375316653866487564,3406994803397698304,0.41115752,2225.8106575396214,0.6220587950182771,7.7383775E-5,15.712622,0.03426465,0.32269952,0.01766302,0.16432278,0.05339159,0.11973608,0.0275614,0.7730525,0.040488113,0.072005056,0.039329045,0.12767728,0.0586005,null,null,null,null,"TWOGAUSSIANS",8,18.147327,0.7730525,0.040488113,0.4,0.2092062,0.11601908,0.06094963,0.32269952,0.01766302,0.4,0.0,0.10483239,0.01085845
375316653866487564,3406994837755806080,0.58351487,2210.133098610988,3.8870864575066837,1.0713035E-5,19.619267,0.009341998,0.2930989,0.014450258,0.06749887,0.0077873687,0.6118546,0.12904778,0.79093826,0.0050317827,0.0653694,0.0038544172,0.49685398,0.015657285,null,null,null,null,"TWOGAUSSIANS",8,1.3847985,0.2930989,0.014450258,0.37799367,0.043609265,0.61098087,0.12894359,0.79093826,0.0050317827,0.36606863,0.021584736,0.4959802,0.015357603
375316653866487564,3407000197876753664,0.59475535,2256.8010126935474,1.942358398227797,6.534962E-5,14.484129,0.007243435,0.29780236,0.011549616,0.027918778,0.016308175,0.16501035,0.020624282,0.7872736,0.0015274979,0.033229355,0.002585853,0.61984885,0.039178357,0.045681898,0.012126847,0.29780236,0.011549616,"TWOGAUSSIANS_WITH_ELLIPSOIDAL_ON_ECLIPSE1",9,257.1256,0.7874036,0.0015092979,0.18608439,0.014480776,0.7108182,0.035952352,0.29780236,0.011549616,0.15634516,0.09132579,0.25637394,0.020524409
375316653866487564,3407010364062739200,0.5847536,2226.936516429916,4.0819602992196975,1.1725576E-5,18.873676,0.023865791,0.31482118,0.013189399,0.079649635,0.009087089,0.5711129,0.09506408,0.8177146,0.004529372,0.08263883,0.007921805,0.55310875,0.037157908,null,null,null,null,"TWOGAUSSIANS",8,2.2095275,0.31482118,0.013189399,0.4,0.0,0.56187767,0.09410306,0.8177146,0.004529372,0.4,0.0,0.5438735,0.04025803
375316653866487564,3407011978970475904,0.4748168,2197.541101363759,0.03998663061354309,1.0919232E-6,18.128374,0.028501764,0.27312523,0.044999238,0.16019695,0.068954155,0.0951085,0.030649198,0.9320664,9.894903E-6,5.769895E-4,9.818319E-5,0.37446693,0.1964848,null,null,null,null,"TWOGAUSSIANS",8,2.7397013,0.9320664,9.894903E-6,0.0032311413,5.4982584E-4,0.3828908,0.19207217,0.27312523,0.044999238,0.4,0.0,0.09365006,0.015637824
