Gaia/vari_eclipsing_binary/VariEclipsingBinary_668059-668077.csv
# %ECSV 1.0
# ---
# delimiter: ','
# meta: !!omap
# - RELEASE: Gaia DR3
# - TABLE: vari_eclipsing_binary
# - DESCRIPTION: >
#     This table describes the properties of the eclipsing binaries resulting from the variability analysis. 
# - CITATION: >
#     How to cite and acknowledge Gaia: 
#     https://gea.esac.esa.int/archive/documentation/credits.html 
# - KNOWN_ISSUES: >
#     Known issues: 
#     https://www.cosmos.esa.int/web/gaia-users/known-issues 
# - DOCUMENTATION: >
#     Tutorials and documentation: 
#     https://www.cosmos.esa.int/web/gaia-users/archive 
# datatype:
# - 
#   name: solution_id
#   datatype: int64
#   description: Solution Identifier
#   meta:
#     ucd: meta.version
# - 
#   name: source_id
#   datatype: int64
#   description: Unique source identifier
#   meta:
#     ucd: meta.id;meta.main
# - 
#   name: global_ranking
#   datatype: float32
#   description: Number between 0 (worst) and 1 (best)
#   meta:
#     ucd: stat.param
# - 
#   name: reference_time
#   datatype: float64
#   unit: d
#   description: Reference time used for the geometric model fit
#   meta:
#     ucd: time.epoch
# - 
#   name: frequency
#   datatype: float64
#   unit: d**-1
#   description: Frequency of geometric model of the eclipsing binary light curve
#   meta:
#     ucd: src.orbital
# - 
#   name: frequency_error
#   datatype: float32
#   unit: d**-1
#   description: "Uncertainty of \\texttt{frequency}"
#   meta:
#     ucd: stat.error
# - 
#   name: geom_model_reference_level
#   datatype: float32
#   unit: mag
#   description: Magnitude reference level of geometric model
#   meta:
#     ucd: phot.mag;em.opt
# - 
#   name: geom_model_reference_level_error
#   datatype: float32
#   unit: mag
#   description: "Uncertainty of \\texttt{geomModelReferenceLevel}"
#   meta:
#     ucd: stat.error;phot.mag;em.opt
# - 
#   name: geom_model_gaussian1_phase
#   datatype: float32
#   description: Phase of the Gaussian 1 component
#   meta:
#     ucd: time.phase
# - 
#   name: geom_model_gaussian1_phase_error
#   datatype: float32
#   description: "Uncertainty of \\texttt{geomModelGaussian1Phase}"
#   meta:
#     ucd: stat.error;time.phase
# - 
#   name: geom_model_gaussian1_sigma
#   datatype: float32
#   description: "Standard deviation [phase] of Gaussian 1 component"
#   meta:
#     ucd: stat.stdev
# - 
#   name: geom_model_gaussian1_sigma_error
#   datatype: float32
#   description: "Uncertainty of \\texttt{geomModelGaussian1Sigma}"
#   meta:
#     ucd: stat.error
# - 
#   name: geom_model_gaussian1_depth
#   datatype: float32
#   unit: mag
#   description: Magnitude depth of Gaussian 1 component
#   meta:
#     ucd: src.var.amplitude
# - 
#   name: geom_model_gaussian1_depth_error
#   datatype: float32
#   unit: mag
#   description: "Uncertainty of \\texttt{geomModelGaussian1Depth}"
#   meta:
#     ucd: stat.error;src.var.amplitude
# - 
#   name: geom_model_gaussian2_phase
#   datatype: float32
#   description: Phase of Gaussian 2 component
#   meta:
#     ucd: time.phase
# - 
#   name: geom_model_gaussian2_phase_error
#   datatype: float32
#   description: "Uncertainty of \\texttt{geomModelGaussian2Phase}"
#   meta:
#     ucd: stat.error;time.phase
# - 
#   name: geom_model_gaussian2_sigma
#   datatype: float32
[...]
#   datatype: float32
#   description: "Secondary eclipse: uncertainty of \\texttt{derivedSecondaryEclDuration}"
#   meta:
#     ucd: stat.error;time.duration
# - 
#   name: derived_secondary_ecl_depth
#   datatype: float32
#   unit: mag
#   description: "Secondary eclipse: depth"
#   meta:
#     ucd: src.var.amplitude
# - 
#   name: derived_secondary_ecl_depth_error
#   datatype: float32
#   unit: mag
#   description: "Secondary eclipse: uncertainty of \\texttt{derivedSecondaryEclDepth}"
#   meta:
#     ucd: stat.error;src.var.amplitude
solution_id,source_id,global_ranking,reference_time,frequency,frequency_error,geom_model_reference_level,geom_model_reference_level_error,geom_model_gaussian1_phase,geom_model_gaussian1_phase_error,geom_model_gaussian1_sigma,geom_model_gaussian1_sigma_error,geom_model_gaussian1_depth,geom_model_gaussian1_depth_error,geom_model_gaussian2_phase,geom_model_gaussian2_phase_error,geom_model_gaussian2_sigma,geom_model_gaussian2_sigma_error,geom_model_gaussian2_depth,geom_model_gaussian2_depth_error,geom_model_cosine_half_period_amplitude,geom_model_cosine_half_period_amplitude_error,geom_model_cosine_half_period_phase,geom_model_cosine_half_period_phase_error,model_type,num_model_parameters,reduced_chi2,derived_primary_ecl_phase,derived_primary_ecl_phase_error,derived_primary_ecl_duration,derived_primary_ecl_duration_error,derived_primary_ecl_depth,derived_primary_ecl_depth_error,derived_secondary_ecl_phase,derived_secondary_ecl_phase_error,derived_secondary_ecl_duration,derived_secondary_ecl_duration_error,derived_secondary_ecl_depth,derived_secondary_ecl_depth_error
[from data line 474]
375316653866487564,5876428031756132608,0.5116007,2199.9490503930224,0.5152231275513552,2.0440566E-5,15.82571,0.0010464363,0.15216875,0.0041140644,0.016129714,0.0055287206,0.13530363,0.03296683,0.6497052,0.004681927,0.01432372,0.0061767567,0.020237539,0.004319536,null,null,null,null,"TWOGAUSSIANS",8,6.2474294,0.15216875,0.0041140644,0.0903264,0.030960836,0.13530363,0.03296683,0.6497052,0.004681927,0.08021283,0.03458984,0.020237539,0.004319536
375316653866487564,5876428615812004608,0.5196222,2171.0113008183084,2.9086089532038164,1.957417E-5,19.444136,0.0077222707,0.24218656,0.0041662403,0.079634115,0.0050913817,0.3248763,0.012948635,0.7453422,0.0047573983,0.06952634,0.00701136,0.42995003,0.024987869,null,null,null,null,"TWOGAUSSIANS",8,2.980901,0.7453422,0.0047573983,0.3893475,0.027215593,0.42745695,0.02589768,0.24218656,0.0041662403,0.4,0.0,0.32238325,0.012846863
375316653866487564,5876428822030562816,0.5092935,2185.3312627517744,2.492652095501241,1.970397E-5,18.51626,0.019925797,0.25344935,0.0026927723,0.051864203,0.013721716,0.13424712,0.045137484,0.767775,0.032531984,0.050411142,0.0339527,0.11354762,0.07919717,0.108164854,0.026105417,0.25344935,0.0026927723,"TWOGAUSSIANS_WITH_ELLIPSOIDAL_ON_ECLIPSE1",9,8.138688,0.25344935,0.0026927723,0.29043955,0.07684161,0.35057548,0.021807715,0.767775,0.032519124,0.2823024,0.19013512,0.328128,0.078722484
375316653866487564,5876428959469157248,0.6197814,2185.1001480704535,3.615226092120991,4.9208184E-6,16.266823,0.008250232,0.27255633,0.0013511232,0.046952087,0.00294701,0.28730777,0.020308433,0.77019125,0.0015337405,0.052749284,0.0023084925,0.37176156,0.021831486,0.12437282,0.011989449,0.27255633,0.0013511232,"TWOGAUSSIANS_WITH_ELLIPSOIDAL_ON_ECLIPSE1",9,28.143229,0.77049124,0.0012730496,0.295396,0.012927558,0.6204532,0.015058042,0.27255633,0.0013511232,0.26293167,0.016503256,0.5360473,0.007841018
375316653866487564,5876429165566607232,0.56050414,2173.0225504011596,2.4025438312811045,9.180643E-6,19.028957,0.0099955695,0.26598248,0.0022403484,0.07606742,0.003861646,0.4651284,0.013620468,0.7582416,0.0024008236,0.076755814,0.003443129,0.4896571,0.01955553,null,null,null,null,"TWOGAUSSIANS",8,3.6398325,0.7582416,0.0024008236,0.4,0.0,0.48583007,0.0196435,0.26598248,0.0022403484,0.4,0.0,0.46130136,0.013793764
375316653866487564,5876429229976381568,0.43941197,2188.8345378601284,0.6572639214556334,2.2726294E-5,18.153727,0.0074561583,0.18796718,0.0081141675,0.026830027,0.009190322,0.16484688,0.27768338,0.6940071,0.010377046,0.03299584,0.01695935,0.26866782,0.12223389,null,null,null,null,"TWOGAUSSIANS",8,19.04403,0.6940071,0.010377046,0.1847767,0.094972365,0.26866782,0.12223389,0.18796718,0.0081141675,0.15024815,0.051465802,0.16484688,0.27768338
375316653866487564,5876429607949885568,0.44615015,2192.2150707944197,1.5483543207919719,1.5796117E-5,18.901024,0.013296419,0.30475113,0.004570814,0.06980859,0.0081206765,0.2424186,0.029732713,0.8151686,0.033270147,0.030894315,0.029832207,0.096953,0.04542868,null,null,null,null,"TWOGAUSSIANS",8,12.591745,0.30475113,0.004570814,0.3909281,0.03865944,0.24241771,0.0297292,0.8151686,0.033270147,0.17300817,0.16706036,0.0969521,0.045454964
375316653866487564,5876429749682769024,0.48270476,2162.084736294622,2.5201226807320203,2.5310674E-5,19.472347,0.01852919,0.2184065,0.008753804,0.07807686,0.010145512,0.34836861,0.029901082,0.71228844,0.004574278,0.07679279,0.009501405,0.34477803,0.016094595,null,null,null,null,"TWOGAUSSIANS",8,4.8395944,0.2184065,0.008753804,0.4,0.0,0.34504402,0.02901984,0.71228844,0.004574278,0.4,0.0,0.34145346,0.014153636
375316653866487564,5876429818402069504,0.4882768,2220.8077246750145,0.3872164067235889,2.7714486E-5,19.768383,0.0067548566,0.047224354,0.0047061355,0.015308747,0.010612298,0.5105663,0.3840197,0.5706828,0.01994115,0.03213136,0.013506875,0.47670734,0.10876644,null,null,null,null,"TWOGAUSSIANS",8,1.9341375,0.047224354,0.0047061355,0.08572899,0.059428867,0.5105663,0.3840197,0.5706828,0.01994115,0.1799356,0.0756385,0.47670734,0.10876644
375316653866487564,5876429990261542400,0.6297324,2193.8747057386863,1.341493126856163,4.7456138E-6,17.242653,0.005755659,0.24860784,9.2666765E-4,0.058343012,0.0032988326,0.22662498,0.012723507,0.76106966,0.006768347,0.053512465,0.013172288,0.040619034,0.011749423,0.0777512,0.006675549,0.24860784,9.2666765E-4,"TWOGAUSSIANS_WITH_ELLIPSOIDAL_ON_ECLIPSE1",9,2.6825724,0.24860784,9.2666765E-4,0.32672086,0.018473463,0.38210353,0.008667951,0.76106966,0.006768347,0.2996698,0.073764816,0.19514616,0.0032182022
375316653866487564,5876430540017311360,0.46217117,2164.453130484654,4.649304084903707,2.426339E-5,19.603891,0.010820605,0.5017092,0.009665648,0.13084726,0.013755773,0.5840019,0.022846073,0.25565273,0.0136052035,0.008847344,0.0052098865,0.43386602,6.171151,null,null,null,null,"TWOGAUSSIANS",8,4.3884125,0.5017092,0.009665648,0.4,0.0,0.5832136,0.023354044,0.25591272,0.01332469,0.049545124,0.029175363,0.5329259,6.173775
375316653866487564,5876430776159327872,0.5649496,2211.4806005018504,0.8255547402172004,8.167327E-6,18.145908,0.014193586,0.2634757,0.002256974,0.05237136,0.011778992,0.111089386,0.030069863,0.75875175,0.0031697343,0.046332266,0.0073292996,0.36477253,0.06776463,0.066621415,0.018521165,0.2634757,0.002256974,"TWOGAUSSIANS_WITH_ELLIPSOIDAL_ON_ECLIPSE1",9,3.3233602,0.7590318,0.0029955823,0.2594607,0.04104408,0.4979033,0.08559018,0.2634757,0.002256974,0.29327962,0.06596235,0.24433066,0.012240188
375316653866487564,5876430982324364416,0.4446654,2196.382322560348,2.20308219785932,8.611607E-5,18.621626,0.008248,0.2928748,0.013904598,0.07120008,0.021492044,0.117795534,0.021463988,0.80511796,0.018931907,0.076715104,0.01682564,0.070881605,0.012873977,null,null,null,null,"TWOGAUSSIANS",8,3.7301335,0.2928748,0.013904598,0.39872047,0.03304027,0.117347226,0.02250129,0.80511796,0.018931907,0.4,0.0124397185,0.070433296,0.01238736
375316653866487564,5876430986633386496,0.5453865,2194.8798957670283,2.599080251719789,9.886095E-6,19.230904,0.010751016,0.21941788,0.0032736328,0.081737794,0.005134705,0.2998127,0.012823377,0.7213425,0.0020718123,0.081487216,0.0044392087,0.30289376,0.014464468,null,null,null,null,"TWOGAUSSIANS",8,1.8026493,0.7213425,0.0020718123,0.4,0.0,0.29756323,0.013832413,0.21941788,0.0032736328,0.4,0.0,0.29448217,0.011801221
375316653866487564,5876430986634078592,0.5019171,2185.7558742524616,2.1690817579463317,1.4200492E-5,19.881489,0.015176561,0.26300403,0.005593012,0.07875354,0.010841984,0.43829793,0.055762615,0.7572394,0.0050844266,0.08132076,0.0067700115,0.42365935,0.037393034,null,null,null,null,"TWOGAUSSIANS",8,2.2143662,0.26300403,0.005593012,0.4,0.0,0.43244338,0.0590538,0.7572394,0.0050844266,0.4,0.0,0.4178048,0.038424756
375316653866487564,5876431055352944640,0.47361907,2167.2037242992537,0.9525203944172125,4.096602E-5,19.794233,0.0055109733,0.21379867,0.01647744,0.043748856,0.01700108,0.09696362,0.097756036,0.6747694,0.007864394,0.028860318,0.008907656,0.42897445,0.17891635,null,null,null,null,"TWOGAUSSIANS",8,1.5596032,0.6747694,0.007864394,0.16161779,0.049882874,0.42897445,0.17891635,0.21379867,0.01647744,0.24499358,0.095206045,0.09696362,0.097756036
375316653866487564,5876431124073041024,0.5159143,2158.2978389975115,1.655122542424126,2.83307E-5,19.869225,0.013400106,0.22386426,0.006192996,0.06884536,0.008427741,0.59472656,0.05018835,0.7199664,0.008863374,0.076516174,0.009590514,0.31185317,0.021677634,null,null,null,null,"TWOGAUSSIANS",8,2.5138793,0.22386426,0.006192996,0.38553402,0.037032478,0.59266096,0.051464144,0.7199664,0.008863374,0.4,0.0029379646,0.30978757,0.021447854
375316653866487564,5876431124132957824,0.5798743,2191.691434874753,0.11710468598798988,1.3449669E-5,17.3647,0.0014750058,0.5025167,0.0015949561,0.013745708,0.0010417112,0.36287236,0.020268537,0.9250251,4.834233E-5,0.0031127578,9.165609E-5,0.18493806,0.0051764073,null,null,null,null,"TWOGAUSSIANS",8,2.6806974,0.5025167,0.0015949561,0.076975964,0.005833583,0.36287236,0.020268537,0.9250251,4.834233E-5,0.017431444,5.132741E-4,0.18493806,0.0051764073
375316653866487564,5876431158431958784,0.50825745,2188.691963340371,2.4342857126071604,1.8582983E-5,19.113499,0.013424464,0.25463593,0.005078302,0.08515556,0.0047253584,0.4025691,0.02363874,0.75589293,0.005582388,0.08165042,0.007326462,0.33944988,0.02019413,null,null,null,null,"TWOGAUSSIANS",8,5.2282686,0.25463593,0.005078302,0.4,0.0,0.39446834,0.023299703,0.75589293,0.005582388,0.4,0.0,0.33134916,0.020584026
375316653866487564,5876431192791691392,0.5352002,2181.32136303624,2.3442235197020884,9.132383E-6,19.123796,0.012061345,0.31056857,0.005735571,0.08281101,0.008142704,0.37306055,0.009469818,0.81185263,0.0026469869,0.08117226,0.0049742255,0.3388868,0.019008368,null,null,null,null,"TWOGAUSSIANS",8,1.8217127,0.31056857,0.005735571,0.4,0.0,0.36640894,0.008111626,0.81185263,0.0026469869,0.4,0.0,0.3322352,0.019017927
375316653866487564,5876431227212109440,0.6520107,2199.110535734733,1.1631011463887677,3.5494245E-6,14.772488,0.0017940709,0.2426039,8.695515E-4,0.04972709,0.0013317871,0.17129761,0.0042715943,0.7390468,0.004913657,0.050775953,0.0055496874,0.034884546,0.0058567747,0.023438675,0.0023390974,0.2426039,8.695515E-4,"TWOGAUSSIANS_WITH_ELLIPSOIDAL_ON_ECLIPSE1",9,7.1106415,0.2426039,8.695515E-4,0.2784717,0.0074580074,0.21817411,0.0021411495,0.73980683,0.0038125839,0.28434533,0.031078251,0.08174266,0.004623483
375316653866487564,5876431261571847680,0.4875498,2191.367695003455,0.3770087953244987,3.0569605E-5,17.969387,0.0031157166,0.31617674,0.00358113,0.033224594,0.002529918,0.26707694,0.023368208,0.9331713,0.0012442024,0.009237565,0.0010063228,0.18946795,0.035141308,null,null,null,null,"TWOGAUSSIANS",8,6.059827,0.31617674,0.00358113,0.18605772,0.014167541,0.26707694,0.023368208,0.9331713,0.0012442024,0.051730365,0.0056354073,0.18946795,0.035141308
375316653866487564,5876431325921737088,0.5151019,2186.3151240041357,0.37344246621951677,4.4263593E-6,17.557302,0.0027689056,0.7187001,0.0011367201,0.024392236,0.0019115374,0.16979678,0.0071194055,null,null,null,null,null,null,0.017252818,0.0045426553,0.7187001,0.0011367201,"ONEGAUSSIAN_WITH_ELLIPSOIDAL",6,5.147756,0.7187001,0.0011367201,0.13659653,0.01070461,0.20430234,0.005868899,null,null,null,null,null,null
375316653866487564,5876431605108869888,0.44148657,2169.9323854408017,0.07790139675020648,2.4949282E-5,19.381975,0.0071251676,0.231359,0.0055490807,0.0059155133,0.006667552,1.2340889,1.3365592E7,null,null,null,null,null,null,0.09934367,0.009806821,0.231359,0.0055490807,"ONEGAUSSIAN_WITH_ELLIPSOIDAL",6,10.906379,0.231359,0.0055490807,0.033126876,0.03733829,1.4327761,1.3365592E7,null,null,null,null,null,null
375316653866487564,5876431673828442240,0.5129646,2166.6388701752085,3.3786074368337777,1.3492359E-5,19.626377,0.014346814,0.21832679,0.004870765,0.062246095,0.006845406,0.54934347,0.034428943,0.73859805,0.0062251375,0.06688684,0.0054472005,0.43706423,0.023779694,null,null,null,null,"TWOGAUSSIANS",8,4.6188145,0.21832679,0.004870765,0.34857813,0.038334273,0.54905236,0.0345116,0.73859805,0.0062251375,0.37456632,0.030504322,0.43677312,0.023681978
375316653866487564,5876431673888785792,0.57750106,2168.4125111327967,0.1464912377131369,6.6842367E-6,16.50892,0.0012063377,0.32762355,0.0052726506,0.009211667,0.0029373122,0.20132114,0.045088213,0.8272682,7.341895E-4,0.010231927,8.461864E-4,0.2171548,0.0053219525,null,null,null,null,"TWOGAUSSIANS",8,5.494152,0.8272682,7.341895E-4,0.057298794,0.0047386438,0.2171548,0.0053219525,0.32762355,0.0052726506,0.051585335,0.016448949,0.20132114,0.045088213
375316653866487564,5876432086205658880,0.5940479,2181.3263146011523,3.3369482603866025,1.1618419E-5,10.511661,9.253493E-4,0.32523248,1.7461918E-5,0.010722784,1.1591929E-4,0.26333737,8.14373E-4,0.6773177,0.02350575,0.03932737,0.023879878,0.0069620376,0.0033887054,null,null,null,null,"TWOGAUSSIANS",8,32.83547,0.32523248,1.7461918E-5,0.060047593,6.49148E-4,0.26333737,8.14373E-4,0.6773177,0.02350575,0.22023326,0.13372733,0.0069620376,0.0033887054
375316653866487564,5876432498523040896,0.5980707,2177.763535715976,1.073615054103607,4.0653667E-6,16.890173,0.003305185,0.15985973,0.0056380047,0.043573856,0.00912923,0.0117900465,0.0089412965,0.6602546,0.0016242426,0.043575943,0.0021639995,0.18370193,0.007811895,0.0336978,0.0053982516,0.15985973,0.0056380047,"TWOGAUSSIANS_WITH_ELLIPSOIDAL_ON_ECLIPSE1",9,3.167979,0.6602546,0.0015619472,0.24402528,0.012118397,0.2510971,0.0045929733,0.15985973,0.0056380047,0.24401361,0.05112369,0.07918562,0.0036361048
375316653866487564,5876432807703307520,0.48946676,2182.3566297297607,0.3918810006891665,7.0786227E-6,19.462564,0.006442749,0.3672437,9.3828246E-4,0.02341711,0.001002085,0.2960975,0.009060789,0.86483586,0.002134322,0.022555608,0.0037849338,0.26676136,0.07393431,null,null,null,null,"TWOGAUSSIANS",8,2.1154368,0.3672437,9.3828246E-4,0.1311358,0.0056116763,0.2960975,0.009060789,0.86483586,0.002134322,0.1263114,0.02119563,0.26676136,0.07393431
375316653866487564,5876435041143929344,0.61316943,2203.2352048809266,1.9990961984430682,2.470482E-6,18.86656,0.008894462,0.3291415,4.8376556E-4,0.050170418,0.0013453164,0.658831,0.022378355,0.83346176,0.037183203,0.041407358,0.017263459,0.14707541,0.04295075,0.057000853,0.011217807,0.3291415,4.8376556E-4,"TWOGAUSSIANS_WITH_ELLIPSOIDAL_ON_ECLIPSE1",9,2.3305275,0.3291415,4.8376556E-4,0.28095433,0.0075337715,0.77283,0.01701632,0.83346176,0.037177082,0.2318812,0.096675366,0.26099047,0.033700813
375316653866487564,5876435075503685760,0.62838733,2188.232502090677,0.6113690498742159,3.0538824E-5,16.739672,0.0017446814,0.5770964,0.0022068191,0.021467103,0.0030494921,0.62345546,0.17193793,0.23827961,0.14927164,0.10954577,0.105506696,0.0030779166,0.0031475907,null,null,null,null,"TWOGAUSSIANS",8,3.7952487,0.5770964,0.0022066634,0.12021577,0.017077155,0.62348104,0.17185137,0.23827961,0.14927164,0.4,0.0,0.0030777324,0.0031480074
375316653866487564,5876435075503697792,0.55916923,2181.196816602033,0.3484212431903159,1.1185613E-5,19.530777,0.0055668084,0.19798146,0.0038126663,0.02974831,0.005419153,1.3820299,0.64149004,0.6958687,0.0016218595,0.026259515,0.0019135564,0.18780892,0.0080316635,null,null,null,null,"TWOGAUSSIANS",8,1.7695419,0.19798146,0.0038126663,0.16659054,0.030347256,1.3820299,0.64149004,0.6958687,0.0016218595,0.14705329,0.010715916,0.18780892,0.0080316635
375316653866487564,5876435346005819776,0.46764085,2204.805101464887,0.09145276204827632,7.8217585E-5,18.621548,0.0032077755,0.22490388,0.004780656,0.014132621,0.007971304,0.18517597,38.259293,0.7394807,0.0010009278,0.011892334,7.4725243E-4,0.18965767,0.0076681324,null,null,null,null,"TWOGAUSSIANS",8,2.2566295,0.7394807,0.0010009278,0.06659707,0.004184614,0.18965767,0.0076681324,0.22490388,0.004780656,0.079142675,0.0446393,0.18517597,38.259293
375316653866487564,5876435693979024128,0.5731044,2153.3263619983677,2.752647769107905,8.986051E-6,16.860165,0.028845407,0.25680625,0.0027277556,0.047589753,0.021053135,0.099761724,0.04709163,0.74898803,0.00697657,0.052383546,0.034988113,0.1177562,0.019132039,0.09274493,0.029308775,0.25680625,0.0027277556,"TWOGAUSSIANS_WITH_ELLIPSOIDAL_ON_ECLIPSE1",9,9.803176,0.75097805,0.0026208723,0.29334787,0.112909116,0.30291146,0.05647872,0.25680625,0.0027277556,0.26650262,0.11789756,0.28525054,0.015440023
375316653866487564,5876435762698513024,0.5245818,2179.591761793752,0.9754510107651219,1.827827E-5,16.889187,0.008071502,0.2807327,0.004438711,0.035597682,0.029570471,0.07987349,1.3031393,0.77122396,0.012188452,0.04931179,0.00958786,0.12844838,0.027582107,0.09987974,0.011991742,0.2807327,0.004438711,"TWOGAUSSIANS_WITH_ELLIPSOIDAL_ON_ECLIPSE1",9,31.379204,0.77341396,0.008837151,0.27614602,0.053692017,0.3276583,0.022088155,0.2807327,0.004438711,0.19934703,0.16559464,0.27963215,1.3028849
