Gaia/vari_eclipsing_binary/VariEclipsingBinary_346274-346449.csv
# %ECSV 1.0
# ---
# delimiter: ','
# meta: !!omap
# - RELEASE: Gaia DR3
# - TABLE: vari_eclipsing_binary
# - DESCRIPTION: >
#     This table describes the properties of the eclipsing binaries resulting from the variability analysis. 
# - CITATION: >
#     How to cite and acknowledge Gaia: 
#     https://gea.esac.esa.int/archive/documentation/credits.html 
# - KNOWN_ISSUES: >
#     Known issues: 
#     https://www.cosmos.esa.int/web/gaia-users/known-issues 
# - DOCUMENTATION: >
#     Tutorials and documentation: 
#     https://www.cosmos.esa.int/web/gaia-users/archive 
# datatype:
# - 
#   name: solution_id
#   datatype: int64
#   description: Solution Identifier
#   meta:
#     ucd: meta.version
# - 
#   name: source_id
#   datatype: int64
#   description: Unique source identifier
#   meta:
#     ucd: meta.id;meta.main
# - 
#   name: global_ranking
#   datatype: float32
#   description: Number between 0 (worst) and 1 (best)
#   meta:
#     ucd: stat.param
# - 
#   name: reference_time
#   datatype: float64
#   unit: d
#   description: Reference time used for the geometric model fit
#   meta:
#     ucd: time.epoch
# - 
#   name: frequency
#   datatype: float64
#   unit: d**-1
#   description: Frequency of geometric model of the eclipsing binary light curve
#   meta:
#     ucd: src.orbital
# - 
#   name: frequency_error
#   datatype: float32
#   unit: d**-1
#   description: "Uncertainty of \\texttt{frequency}"
#   meta:
#     ucd: stat.error
# - 
#   name: geom_model_reference_level
#   datatype: float32
#   unit: mag
#   description: Magnitude reference level of geometric model
#   meta:
#     ucd: phot.mag;em.opt
# - 
#   name: geom_model_reference_level_error
#   datatype: float32
#   unit: mag
#   description: "Uncertainty of \\texttt{geomModelReferenceLevel}"
#   meta:
#     ucd: stat.error;phot.mag;em.opt
# - 
#   name: geom_model_gaussian1_phase
#   datatype: float32
#   description: Phase of the Gaussian 1 component
#   meta:
#     ucd: time.phase
# - 
#   name: geom_model_gaussian1_phase_error
#   datatype: float32
#   description: "Uncertainty of \\texttt{geomModelGaussian1Phase}"
#   meta:
#     ucd: stat.error;time.phase
# - 
#   name: geom_model_gaussian1_sigma
#   datatype: float32
#   description: "Standard deviation [phase] of Gaussian 1 component"
#   meta:
#     ucd: stat.stdev
# - 
#   name: geom_model_gaussian1_sigma_error
#   datatype: float32
#   description: "Uncertainty of \\texttt{geomModelGaussian1Sigma}"
#   meta:
#     ucd: stat.error
# - 
#   name: geom_model_gaussian1_depth
#   datatype: float32
#   unit: mag
#   description: Magnitude depth of Gaussian 1 component
#   meta:
#     ucd: src.var.amplitude
# - 
#   name: geom_model_gaussian1_depth_error
#   datatype: float32
#   unit: mag
#   description: "Uncertainty of \\texttt{geomModelGaussian1Depth}"
#   meta:
#     ucd: stat.error;src.var.amplitude
# - 
#   name: geom_model_gaussian2_phase
#   datatype: float32
#   description: Phase of Gaussian 2 component
#   meta:
#     ucd: time.phase
# - 
#   name: geom_model_gaussian2_phase_error
#   datatype: float32
#   description: "Uncertainty of \\texttt{geomModelGaussian2Phase}"
#   meta:
#     ucd: stat.error;time.phase
# - 
#   name: geom_model_gaussian2_sigma
#   datatype: float32
[...]
#   datatype: float32
#   description: "Secondary eclipse: uncertainty of \\texttt{derivedSecondaryEclDuration}"
#   meta:
#     ucd: stat.error;time.duration
# - 
#   name: derived_secondary_ecl_depth
#   datatype: float32
#   unit: mag
#   description: "Secondary eclipse: depth"
#   meta:
#     ucd: src.var.amplitude
# - 
#   name: derived_secondary_ecl_depth_error
#   datatype: float32
#   unit: mag
#   description: "Secondary eclipse: uncertainty of \\texttt{derivedSecondaryEclDepth}"
#   meta:
#     ucd: stat.error;src.var.amplitude
solution_id,source_id,global_ranking,reference_time,frequency,frequency_error,geom_model_reference_level,geom_model_reference_level_error,geom_model_gaussian1_phase,geom_model_gaussian1_phase_error,geom_model_gaussian1_sigma,geom_model_gaussian1_sigma_error,geom_model_gaussian1_depth,geom_model_gaussian1_depth_error,geom_model_gaussian2_phase,geom_model_gaussian2_phase_error,geom_model_gaussian2_sigma,geom_model_gaussian2_sigma_error,geom_model_gaussian2_depth,geom_model_gaussian2_depth_error,geom_model_cosine_half_period_amplitude,geom_model_cosine_half_period_amplitude_error,geom_model_cosine_half_period_phase,geom_model_cosine_half_period_phase_error,model_type,num_model_parameters,reduced_chi2,derived_primary_ecl_phase,derived_primary_ecl_phase_error,derived_primary_ecl_duration,derived_primary_ecl_duration_error,derived_primary_ecl_depth,derived_primary_ecl_depth_error,derived_secondary_ecl_phase,derived_secondary_ecl_phase_error,derived_secondary_ecl_duration,derived_secondary_ecl_duration_error,derived_secondary_ecl_depth,derived_secondary_ecl_depth_error
[from data line 224]
375316653866487564,3046355912905535488,0.54354614,2165.0572312774916,0.4382207092559682,6.380131E-5,18.584726,0.003303917,0.37461084,0.0051426706,0.03620911,0.0069574113,0.028594058,0.0042788093,0.71400315,0.0025850064,0.024758333,0.002089757,0.36639112,0.062430743,null,null,null,null,"TWOGAUSSIANS",8,1.1843115,0.71400315,0.0025850064,0.13864668,0.011702639,0.36639112,0.062430743,0.37461084,0.0051426706,0.20277102,0.038961504,0.028594058,0.0042788093
375316653866487564,3046365705431168768,0.52646023,2132.627641265279,1.2915857324826727,2.2172617E-5,19.09679,0.0057389415,0.57825243,0.015445203,0.062044043,0.008097465,0.83698964,0.41369057,0.23035516,0.0032398393,0.025085608,0.0047405283,0.041884046,0.017059501,null,null,null,null,"TWOGAUSSIANS",8,0.91561836,0.57825243,0.015445203,0.34744662,0.045345806,0.83698964,0.41369057,0.23035516,0.0032398393,0.1404794,0.026546959,0.041884173,0.017059498
375316653866487564,3046370726251422336,0.47957394,2188.6395271386577,0.18371853271722563,1.3491761E-5,19.790907,0.01638007,0.26141554,0.009612252,0.11265727,0.019170409,0.24856347,0.05160738,0.6840359,2.6352872E-4,0.038573794,0.0011081911,0.8425903,0.046524722,null,null,null,null,"TWOGAUSSIANS",8,1.793117,0.6840359,2.6352872E-4,0.21601325,0.00620587,0.84241325,0.046481807,0.26141554,0.009612252,0.4,0.0,0.24816741,0.051863216
375316653866487564,3046371477864582272,0.55939287,2276.9818868350085,0.02010143107644007,8.60541E-5,11.300669,0.007772534,0.52952063,0.07221048,0.003605662,0.019491212,0.028118178,3.4521177,0.71894217,0.06396639,0.017071197,0.013999522,0.9529608,12.632995,null,null,null,null,"TWOGAUSSIANS",8,905.58716,0.71894217,0.06396639,0.095598705,0.07839732,0.9529608,12.632995,0.52952063,0.07221048,0.020191707,0.10915078,0.028118178,3.4521177
375316653866487564,3046371963201984512,0.48694074,2236.2878167675276,4.180720292783138,1.9044599E-5,14.951392,0.016098192,0.27746037,0.0036477137,0.094931066,0.01287218,0.18591966,0.02333715,0.7486474,0.013460389,0.07602711,0.033624537,0.18319947,0.0372851,null,null,null,null,"TWOGAUSSIANS",8,57.698395,0.27746037,0.003645549,0.4,0.0,0.18285134,0.024248885,0.7486474,0.013460389,0.4,0.089805886,0.18013202,0.041562025
375316653866487564,3046378766430134400,0.55526054,2232.000253250279,3.203147919158223,1.6317363E-5,15.956848,0.012645985,0.27883932,0.0065019964,0.073351204,0.008928011,0.33339396,0.04739784,0.77442837,0.0046528312,0.0780814,0.0055263117,0.3981364,0.0156189995,null,null,null,null,"TWOGAUSSIANS",8,74.936104,0.77442837,0.0046528312,0.4,0.0,0.39529073,0.015071623,0.27883932,0.0065019964,0.4,0.02002744,0.3305483,0.04841751
375316653866487564,3046380553136430080,0.57317543,2215.1635288974517,1.5808006909853978,3.3372463E-4,19.191736,0.0050441846,0.53740317,0.0078750765,0.048716553,0.004739109,0.5462305,0.06635645,null,null,null,null,null,null,null,null,null,null,"ONEGAUSSIAN",5,1.2751563,0.53740317,0.0078750765,0.2728127,0.02653901,0.5462305,0.0,null,null,null,null,null,null
375316653866487564,3046386016329635456,0.47547403,2174.3289080603636,3.353847894422373,5.667006E-5,19.778679,0.038324613,0.24948868,0.012867407,0.10326137,0.0249596,0.23450905,0.034068957,0.7440414,0.017974505,0.09124549,0.027758995,0.20245406,0.034271467,null,null,null,null,"TWOGAUSSIANS",8,1.4454567,0.24948868,0.012867407,0.4,0.0,0.21957847,0.027407264,0.7440414,0.017974505,0.4,0.0,0.18752728,0.024804834
375316653866487564,3046390345661694208,0.6593616,2175.8764648651977,2.312113598789625,5.4492434E-6,14.915458,0.0109746875,0.26182058,0.0020534217,0.09751712,0.005280376,0.28898662,0.0095535815,0.754282,0.0020969696,0.1063722,0.0069845957,0.24432603,0.0084210215,null,null,null,null,"TWOGAUSSIANS",8,12.311059,0.26182058,0.002060286,0.4,0.0,0.26515922,0.004569238,0.754282,0.0020969696,0.4,0.0,0.22049163,0.005615091
375316653866487564,3046397385109515904,0.44870004,2162.4288360229875,0.7928188976584413,1.16629635E-5,19.17731,0.010730627,0.105281085,0.008256727,0.012602616,0.002347027,0.6515703,0.54766834,0.44285887,0.004895128,0.0259372,0.0063440274,0.09961543,0.021715684,null,null,null,null,"TWOGAUSSIANS",8,5.209139,0.105281085,0.008256727,0.07057465,0.01314335,0.6515703,0.54766834,0.44285887,0.004895128,0.14524832,0.03552655,0.09961543,0.021715684
375316653866487564,3046398622060155264,0.4805904,2171.484771216744,1.8469581327420383,7.59625E-5,18.289413,0.01110658,0.25276724,0.017491648,0.0750718,0.017110962,0.08510021,0.014162248,0.7449105,0.021475062,0.037805542,0.026128255,0.38457972,0.3160537,null,null,null,null,"TWOGAUSSIANS",8,4.615051,0.7449105,0.021475062,0.21171103,0.14631823,0.3845693,0.31632468,0.25276724,0.017491648,0.4,0.039237726,0.085089765,0.014026156
375316653866487564,3046401714438062080,0.5188925,2204.3101105992378,2.100669236029881,1.3228606E-5,18.078625,0.19418596,0.24497718,0.0040696505,0.1490826,0.03379814,0.32887617,0.1844624,0.739216,0.0059812125,0.15606964,0.044033155,0.30261457,0.18660915,null,null,null,null,"TWOGAUSSIANS",8,3.1557143,0.24555717,0.0036050258,0.4,0.0,0.17308587,0.011059822,0.739216,0.0059812125,0.4,0.0,0.14561757,0.025456242
375316653866487564,3046403642880382848,0.66654295,2216.418908588006,2.43052132623315,6.243366E-6,17.404217,0.0101065915,0.220089,0.0023982446,0.049397234,0.0048450422,0.49233472,0.057368696,0.71439457,0.0025511791,0.04889763,0.0062993327,0.20687181,0.021637883,0.08178809,0.011519592,0.220089,0.0023982446,"TWOGAUSSIANS_WITH_ELLIPSOIDAL_ON_ECLIPSE1",9,2.6313233,0.220089,0.0023982446,0.2766245,0.027132237,0.65590924,0.06387157,0.7151346,0.002085473,0.27382675,0.035276264,0.37026417,0.028473591
375316653866487564,3046408792540586368,0.47923407,2176.6918331443762,0.8104306426001887,7.3392216E-6,18.032057,0.006015278,0.7576228,5.483794E-4,0.020762067,0.0020987648,0.41181678,0.029679226,null,null,null,null,null,null,0.0494262,0.013616764,0.7576228,5.483794E-4,"ONEGAUSSIAN_WITH_ELLIPSOIDAL",6,19.627459,0.7576228,5.483794E-4,0.11626758,0.011753083,0.5106691,0.03972758,null,null,null,null,null,null
375316653866487564,3046415531349545728,0.52173704,2159.945381849198,0.7231709684751026,1.0661439E-4,17.584106,0.0068725897,0.22831295,0.0060594417,0.049814478,0.009458021,0.09212427,0.017651884,0.721972,0.03810205,0.03865633,0.042335384,0.34210685,0.28499293,null,null,null,null,"TWOGAUSSIANS",8,4.899252,0.721972,0.03810205,0.21647546,0.19888113,0.34210685,0.2850534,0.22831295,0.0060594417,0.27896106,0.05296492,0.092124246,0.017648058
375316653866487564,3046424636680285184,0.5609743,2194.1433549566887,1.080650113278415,1.1496273E-5,14.89247,0.47607002,0.27412242,0.013102037,0.16450489,0.07178517,0.21474358,0.4333445,0.75012386,0.011615224,0.15784061,0.055691116,0.2583661,0.40679568,null,null,null,null,"TWOGAUSSIANS",8,7.9842825,0.75012386,0.011615224,0.4,0.0,0.13802692,0.00818314,0.27871242,0.005673613,0.4,0.0,0.093646884,0.003710946
375316653866487564,3046428656769303040,0.56659317,2191.934711914083,0.4000853212384275,2.5218444E-5,14.971172,0.0063763857,0.2756162,0.032391038,0.051711183,0.027025219,0.36416772,0.13467236,0.77320325,0.0013179518,0.044459596,0.0016598225,0.30584446,0.013575076,null,null,null,null,"TWOGAUSSIANS",8,118.643684,0.2756162,0.032391038,0.28958264,0.13540883,0.36416692,0.13470797,0.77320325,0.0013179518,0.24897374,0.009295006,0.30584365,0.013568711
375316653866487564,3046428794208270720,0.48657978,2174.4270957956774,0.9250700915586655,5.977243E-5,15.749162,0.008034779,0.2709817,0.02084013,0.034811888,0.017099293,0.4503373,0.27725762,null,null,null,null,null,null,0.02615125,0.011324782,0.2709817,0.02084013,"ONEGAUSSIAN_WITH_ELLIPSOIDAL",6,145.19443,0.2709817,0.02084013,0.19494657,0.09575604,0.5026398,0.2774854,null,null,null,null,null,null
375316653866487564,3046429717621621504,0.5989689,2160.4795135773556,0.4736184140633194,1.8298695E-5,16.498611,0.010659411,0.25368458,0.009973261,0.036719,0.009774219,0.11841386,0.030204,0.7083232,0.021457672,0.0643843,0.018200384,0.38301802,0.20134152,0.029422449,0.012320051,0.25368458,0.009973261,"TWOGAUSSIANS_WITH_ELLIPSOIDAL_ON_ECLIPSE1",9,7.685971,0.7103932,0.021651397,0.36055204,0.04089795,0.4374072,0.21264595,0.25368458,0.009973261,0.20562641,0.054735627,0.17724843,0.009743263
375316653866487564,3046434665423941760,0.558157,2133.2276076721623,2.7134494055260205,2.0581392E-5,19.074535,0.035552528,0.34005386,0.005272365,0.080586106,0.011316883,0.55079156,0.038465213,0.83351684,0.007855293,0.08527538,0.015008917,0.43466204,0.04713962,null,null,null,null,"TWOGAUSSIANS",8,3.7025812,0.34005386,0.005272365,0.4,0.0,0.54160464,0.03595818,0.83351684,0.007855293,0.4,0.0,0.42547506,0.050961666
375316653866487564,3046439720605339136,0.6161997,2240.616107847615,0.6035355385702614,5.7175143E-6,17.856575,0.004084045,0.18155563,0.0012080023,0.028273452,0.0020545416,0.24642348,0.022395847,0.69363266,0.006024697,0.02261222,0.021927288,0.278209,0.0071174353,0.013187217,0.0062475638,0.18155563,0.0012080023,"TWOGAUSSIANS_WITH_ELLIPSOIDAL_ON_ECLIPSE1",9,1.5546836,0.69363266,0.006024697,0.12662843,0.12279281,0.30443183,0.012191047,0.18155563,0.0012080023,0.15833133,0.011505432,0.27279788,0.02402609
375316653866487564,3046442881701220992,0.5578407,2216.079175550487,0.6150630904139747,3.257158E-5,16.758419,0.001724601,0.21384764,0.015287657,0.0313653,0.019243935,0.0145413,0.022935411,0.74630404,0.038580228,0.040045604,0.021961868,0.13666609,0.6448341,null,null,null,null,"TWOGAUSSIANS",8,2.3767169,0.74630404,0.038580228,0.22425538,0.12298646,0.13666609,0.6448341,0.21384764,0.015287657,0.1756457,0.10776604,0.0145413,0.022935411
375316653866487564,3046444943285568896,0.5655014,2198.5908225490975,0.33422414362999986,2.554573E-5,18.03531,0.008779057,0.3869664,0.007756002,0.026585385,0.013712336,0.0233401,0.016829154,0.6848427,0.006981792,0.038745522,0.010369914,0.61097175,0.040373772,0.05654286,0.014238477,0.3869664,0.007756002,"TWOGAUSSIANS_WITH_ELLIPSOIDAL_ON_ECLIPSE1",9,8.336406,0.6858527,0.007145631,0.21697493,0.058071513,0.6211022,0.03925176,0.3869664,0.007756002,0.14887816,0.07678908,0.13642569,0.022770891
375316653866487564,3046446352032304640,0.50695944,2198.9952019317248,1.1708889583064517,6.076228E-5,19.848038,0.009128667,0.31353533,0.0061860364,0.049548745,0.007963285,0.49432683,0.5958641,0.76048476,0.026297033,0.112324156,0.024765769,0.1102304,0.01441102,null,null,null,null,"TWOGAUSSIANS",8,1.1925193,0.31354535,0.0061915163,0.27747297,0.044594396,0.4934698,0.59627604,0.76048476,0.026297033,0.4,0.0,0.10933258,0.014250677
375316653866487564,3046449818070522880,0.5763496,2176.6437320448895,3.0538919118370984,8.064439E-6,17.781624,0.016030088,0.2644809,0.0019369771,0.085189946,0.010318733,0.32150307,0.026980111,0.76542735,0.002198097,0.0835965,0.0053220284,0.3525695,0.014938725,null,null,null,null,"TWOGAUSSIANS",8,2.7693093,0.76542735,0.002198097,0.4,0.0,0.34434357,0.010725266,0.2644809,0.0019369771,0.4,0.0,0.31327716,0.031561077
375316653866487564,3046450333466554368,0.5234728,2183.9128966940457,0.05855177591045935,5.461292E-6,18.984854,0.010538825,0.094305314,8.7059924E-4,0.0033545848,0.0012956678,0.38513708,0.25348973,0.43441033,0.029837072,0.1784903,0.0691093,0.047018927,0.016784618,null,null,null,null,"TWOGAUSSIANS",8,0.84732413,0.094305314,8.6445763E-4,0.018785676,0.00725574,0.39098206,0.25354683,0.43441033,0.029837072,0.4,0.0,0.04515972,0.017531086
375316653866487564,3046451226825011584,0.47858745,2208.915127553581,3.7427985101688788,2.3357012E-5,18.430513,0.014252657,0.26856956,0.008335751,0.0928622,0.018171249,0.15804328,0.018428173,0.7498491,0.0073157456,0.08832511,0.014441784,0.13676308,0.013565127,null,null,null,null,"TWOGAUSSIANS",8,3.6011627,0.26856956,0.008335751,0.4,0.0,0.15315446,0.020929415,0.7498491,0.0073157456,0.4,0.0,0.13187447,0.01077442
375316653866487564,3046451505995472256,0.5285069,2166.464458213599,0.5012434111065502,3.3314536E-5,13.472069,0.005869657,0.28313473,0.0052540465,0.08198961,0.0105266655,0.13601483,0.022683188,0.76949745,0.015873445,0.06836917,0.015549011,0.13133772,0.030875182,null,null,null,null,"TWOGAUSSIANS",8,70.70213,0.28313473,0.0052540465,0.4,0.0,0.13523534,0.023773875,0.76949745,0.015873445,0.3828674,0.030484369,0.13055822,0.03136223
375316653866487564,3046453769440473216,0.57809097,2222.4453448576437,0.704555078644254,1.0969254E-5,18.800802,0.0070974575,0.28500363,0.017586667,0.028919522,0.010870437,0.23510703,0.09126303,0.7861557,0.0031922637,0.025534965,0.0012809511,1.0455906,0.11012951,null,null,null,null,"TWOGAUSSIANS",8,3.2313135,0.7861557,0.0031922637,0.1429958,0.007173326,1.0455906,0.11012951,0.28500363,0.017586667,0.16194932,0.060874447,0.23510703,0.09126303
375316653866487564,3046455865384669568,0.47270507,2210.3286522998296,2.452868219952948,2.202791E-5,18.406256,0.003221897,null,null,null,null,null,null,null,null,null,null,null,null,0.049464952,0.004905946,0.26122957,0.0070067425,"ELLIPSOIDAL",4,2.4753306,null,null,null,null,null,null,null,null,null,null,null,null
375316653866487564,3046465211234154112,0.5547757,2220.3393769740837,2.3219513935384075,9.628048E-6,18.597721,0.010467792,0.21865629,0.0054426244,0.07489768,0.004184617,0.42550862,0.029906567,0.71862113,0.009396893,0.08058308,0.008366117,0.23555844,0.011285365,null,null,null,null,"TWOGAUSSIANS",8,2.8175619,0.21865629,0.0054426244,0.4,0.0,0.4219765,0.029673455,0.71862113,0.009396893,0.4,0.0,0.23202634,0.009283728
375316653866487564,3046466555560565888,0.55058306,2216.777972029877,1.0318627945224248,2.9969415E-5,18.913391,0.015457947,0.17961201,1.2597698E-4,0.007168983,3.290294E-4,0.92704916,0.04426454,0.4156195,0.106861986,0.075803466,0.12170723,0.03993077,0.016440503,null,null,null,null,"TWOGAUSSIANS",8,2.6463773,0.17961201,1.2616247E-4,0.040146306,0.0018425647,0.9273628,0.047967147,0.4156195,0.106861986,0.4,0.04523198,0.03993077,0.013710909
375316653866487564,3046469166900619648,0.47710755,2221.1282989014762,3.0570771351215806,7.1163515E-5,16.860544,0.005570854,0.31983796,0.0025983013,0.029674323,0.0051508797,0.097682044,0.013948956,0.79612166,0.010829063,0.04259347,0.020168616,0.06949257,0.022019843,0.050156124,0.013602934,0.79612166,0.010829063,"TWOGAUSSIANS_WITH_ELLIPSOIDAL_ON_ECLIPSE2",9,49.986748,0.31827796,0.0020066919,0.16617621,0.028844927,0.19592784,0.016867667,0.79612166,0.010829063,0.23852345,0.112944245,0.1698048,0.020063246
375316653866487564,3046469751012588416,0.5088042,2244.275981513431,0.9978285167831703,4.0791965E-5,19.52746,0.0055903485,0.50775415,0.010683263,0.046444025,0.009695389,0.09189672,0.013317686,0.8111086,0.023770424,0.037626557,0.020072564,0.30066824,1.237627,null,null,null,null,"TWOGAUSSIANS",8,0.6794603,0.8111086,0.023770424,0.21070872,0.11240636,0.30066824,1.237627,0.50775415,0.010683263,0.26008654,0.05429418,0.09189672,0.013317686
375316653866487564,3046473702386065152,0.5800913,2168.4122648330094,0.06927917396981075,4.31705E-6,16.258333,0.0015839845,0.64071363,0.012108343,0.00949914,0.0034945155,1.0767423,1.0031958,null,null,null,null,null,null,null,null,null,null,"ONEGAUSSIAN",5,5.5641394,0.64071363,0.012108343,0.053195186,0.019569287,1.0767423,0.0,null,null,null,null,null,null
375316653866487564,3046474728878811776,0.5776659,2211.354400442861,0.6791844326088458,1.0513798E-5,17.249779,0.002532181,0.38864633,0.03824325,0.026164994,0.013022205,0.34861818,0.11191359,0.75376195,0.003205699,0.024452373,0.0025972086,0.12595534,0.0066280426,null,null,null,null,"TWOGAUSSIANS",8,3.654239,0.38864633,0.03824325,0.14652397,0.072924346,0.34861818,0.11191359,0.75376195,0.003205699,0.1369333,0.014544369,0.12595534,0.0066280426
