Gaia/vari_eclipsing_binary/VariEclipsingBinary_671530-671616.csv
# %ECSV 1.0
# ---
# delimiter: ','
# meta: !!omap
# - RELEASE: Gaia DR3
# - TABLE: vari_eclipsing_binary
# - DESCRIPTION: >
#     This table describes the properties of the eclipsing binaries resulting from the variability analysis. 
# - CITATION: >
#     How to cite and acknowledge Gaia: 
#     https://gea.esac.esa.int/archive/documentation/credits.html 
# - KNOWN_ISSUES: >
#     Known issues: 
#     https://www.cosmos.esa.int/web/gaia-users/known-issues 
# - DOCUMENTATION: >
#     Tutorials and documentation: 
#     https://www.cosmos.esa.int/web/gaia-users/archive 
# datatype:
# - 
#   name: solution_id
#   datatype: int64
#   description: Solution Identifier
#   meta:
#     ucd: meta.version
# - 
#   name: source_id
#   datatype: int64
#   description: Unique source identifier
#   meta:
#     ucd: meta.id;meta.main
# - 
#   name: global_ranking
#   datatype: float32
#   description: Number between 0 (worst) and 1 (best)
#   meta:
#     ucd: stat.param
# - 
#   name: reference_time
#   datatype: float64
#   unit: d
#   description: Reference time used for the geometric model fit
#   meta:
#     ucd: time.epoch
# - 
#   name: frequency
#   datatype: float64
#   unit: d**-1
#   description: Frequency of geometric model of the eclipsing binary light curve
#   meta:
#     ucd: src.orbital
# - 
#   name: frequency_error
#   datatype: float32
#   unit: d**-1
#   description: "Uncertainty of \\texttt{frequency}"
#   meta:
#     ucd: stat.error
# - 
#   name: geom_model_reference_level
#   datatype: float32
#   unit: mag
#   description: Magnitude reference level of geometric model
#   meta:
#     ucd: phot.mag;em.opt
# - 
#   name: geom_model_reference_level_error
#   datatype: float32
#   unit: mag
#   description: "Uncertainty of \\texttt{geomModelReferenceLevel}"
#   meta:
#     ucd: stat.error;phot.mag;em.opt
# - 
#   name: geom_model_gaussian1_phase
#   datatype: float32
#   description: Phase of the Gaussian 1 component
#   meta:
#     ucd: time.phase
# - 
#   name: geom_model_gaussian1_phase_error
#   datatype: float32
#   description: "Uncertainty of \\texttt{geomModelGaussian1Phase}"
#   meta:
#     ucd: stat.error;time.phase
# - 
#   name: geom_model_gaussian1_sigma
#   datatype: float32
#   description: "Standard deviation [phase] of Gaussian 1 component"
#   meta:
#     ucd: stat.stdev
# - 
#   name: geom_model_gaussian1_sigma_error
#   datatype: float32
#   description: "Uncertainty of \\texttt{geomModelGaussian1Sigma}"
#   meta:
#     ucd: stat.error
# - 
#   name: geom_model_gaussian1_depth
#   datatype: float32
#   unit: mag
#   description: Magnitude depth of Gaussian 1 component
#   meta:
#     ucd: src.var.amplitude
# - 
#   name: geom_model_gaussian1_depth_error
#   datatype: float32
#   unit: mag
#   description: "Uncertainty of \\texttt{geomModelGaussian1Depth}"
#   meta:
#     ucd: stat.error;src.var.amplitude
# - 
#   name: geom_model_gaussian2_phase
#   datatype: float32
#   description: Phase of Gaussian 2 component
#   meta:
#     ucd: time.phase
# - 
#   name: geom_model_gaussian2_phase_error
#   datatype: float32
#   description: "Uncertainty of \\texttt{geomModelGaussian2Phase}"
#   meta:
#     ucd: stat.error;time.phase
# - 
#   name: geom_model_gaussian2_sigma
#   datatype: float32
[...]
#   datatype: float32
#   description: "Secondary eclipse: uncertainty of \\texttt{derivedSecondaryEclDuration}"
#   meta:
#     ucd: stat.error;time.duration
# - 
#   name: derived_secondary_ecl_depth
#   datatype: float32
#   unit: mag
#   description: "Secondary eclipse: depth"
#   meta:
#     ucd: src.var.amplitude
# - 
#   name: derived_secondary_ecl_depth_error
#   datatype: float32
#   unit: mag
#   description: "Secondary eclipse: uncertainty of \\texttt{derivedSecondaryEclDepth}"
#   meta:
#     ucd: stat.error;src.var.amplitude
solution_id,source_id,global_ranking,reference_time,frequency,frequency_error,geom_model_reference_level,geom_model_reference_level_error,geom_model_gaussian1_phase,geom_model_gaussian1_phase_error,geom_model_gaussian1_sigma,geom_model_gaussian1_sigma_error,geom_model_gaussian1_depth,geom_model_gaussian1_depth_error,geom_model_gaussian2_phase,geom_model_gaussian2_phase_error,geom_model_gaussian2_sigma,geom_model_gaussian2_sigma_error,geom_model_gaussian2_depth,geom_model_gaussian2_depth_error,geom_model_cosine_half_period_amplitude,geom_model_cosine_half_period_amplitude_error,geom_model_cosine_half_period_phase,geom_model_cosine_half_period_phase_error,model_type,num_model_parameters,reduced_chi2,derived_primary_ecl_phase,derived_primary_ecl_phase_error,derived_primary_ecl_duration,derived_primary_ecl_duration_error,derived_primary_ecl_depth,derived_primary_ecl_depth_error,derived_secondary_ecl_phase,derived_secondary_ecl_phase_error,derived_secondary_ecl_duration,derived_secondary_ecl_duration_error,derived_secondary_ecl_depth,derived_secondary_ecl_depth_error
[from data line 442]
375316653866487564,5907467932131231744,0.6047027,2121.6744180095247,2.229673769447207,8.857068E-6,17.102932,0.010108944,0.20312376,0.0020690542,0.084621914,0.0054137963,0.22608721,0.008583126,0.6988254,0.0064091724,0.09017482,0.0065350034,0.35487574,0.015760437,null,null,null,null,"TWOGAUSSIANS",8,3.558172,0.6988254,0.0064091724,0.4,0.0,0.34601298,0.01234873,0.20312376,0.0020690542,0.4,0.0,0.21722461,0.0044127367
375316653866487564,5907470852709089536,0.6157828,2148.105433087798,0.8741416127310396,5.3751673E-6,17.032824,0.006554567,0.29696983,0.0010626155,0.08390172,0.0020400044,0.3960658,0.007455939,0.7979357,0.0023625975,0.08965999,0.0034682944,0.3301097,0.009293278,null,null,null,null,"TWOGAUSSIANS",8,5.481375,0.29696983,0.0010626155,0.4,0.0,0.3848937,0.0071214284,0.7979357,0.0023625975,0.4,0.0,0.31893748,0.0087840585
375316653866487564,5907471608623290240,0.61112446,2119.619152098823,1.8271120974876929,8.7993E-6,14.394512,0.01272342,0.25556034,0.002765631,0.10908198,0.007726083,0.23689625,0.011649617,0.75360394,0.0014497171,0.10459232,0.0064746593,0.24760282,0.009217117,null,null,null,null,"TWOGAUSSIANS",8,23.005455,0.75360394,0.0014497171,0.4,0.0,0.21696353,0.0066303452,0.25556034,0.002765631,0.4,0.0,0.20624936,0.010781724
375316653866487564,5907474662339364480,0.6513988,2133.1787964426876,3.8179877903295933,6.2848703E-6,18.101757,0.010898528,0.2986678,0.0014007594,0.045725986,0.0027429515,0.29924577,0.02803132,0.7932136,0.0050248173,0.0446507,0.0076811127,0.43073016,0.02594475,0.1354307,0.015092744,0.2986678,0.0014007594,"TWOGAUSSIANS_WITH_ELLIPSOIDAL_ON_ECLIPSE1",9,3.8407106,0.79370356,0.0047832592,0.2500439,0.043014232,0.7013018,0.014588244,0.2986678,0.0014007594,0.25606552,0.015360529,0.57010674,0.0122807855
375316653866487564,5907481916544966016,0.5483946,2108.9586828891483,3.7797278418613187,3.507852E-5,16.480968,0.016257063,0.2184486,0.0058499402,0.08204176,0.008797793,0.3717661,0.016608376,0.7107638,0.003853696,0.08005085,0.004546916,0.50268984,0.029489147,null,null,null,null,"TWOGAUSSIANS",8,64.842705,0.7107638,0.003853696,0.4,0.0,0.4963049,0.029016273,0.2184486,0.0058499402,0.4,0.0,0.36538115,0.015613987
375316653866487564,5907483737611055616,0.59944355,2146.4633447935817,2.4698387624855953,8.346071E-6,17.185217,0.009826131,0.2724417,0.0014700621,0.0911135,0.0048936317,0.29086936,0.011896044,0.7678651,0.0027526147,0.10760775,0.005916238,0.24677871,0.00971619,null,null,null,null,"TWOGAUSSIANS",8,2.9762752,0.2724417,0.001469743,0.4,0.0,0.26981524,0.013183393,0.7678651,0.0027526147,0.4,0.0,0.22571446,0.0075862473
375316653866487564,5907484734033078144,0.5413413,2163.5535009967707,3.4014713540436374,2.2209832E-5,19.186558,0.017400762,0.2837033,0.0060822414,0.07906895,0.010156688,0.4443741,0.02341616,0.77999014,0.0058655795,0.079462886,0.008155973,0.53628093,0.038134687,null,null,null,null,"TWOGAUSSIANS",8,3.8444345,0.77999014,0.0058655795,0.4,0.0,0.53001106,0.0388175,0.2837033,0.0060822414,0.4,0.0,0.4381042,0.024870137
375316653866487564,5907485657452589824,0.56315887,2155.4229555111547,3.750198352746588,1.7895629E-5,19.11587,0.008532755,0.27302313,0.0047417977,0.069758736,0.004223596,0.56231445,0.016628016,0.77357185,0.004224345,0.07914533,0.0061467183,0.34736183,0.034743458,null,null,null,null,"TWOGAUSSIANS",8,2.719355,0.27302313,0.0047417977,0.39064893,0.023652136,0.55927145,0.016071934,0.77357185,0.004224345,0.4,0.0,0.34431884,0.035779823
375316653866487564,5907486039713589504,0.6548006,2156.639309332038,1.2864110235004016,8.515108E-6,15.897,0.0071234587,0.23916851,0.013192804,0.039305188,0.01915171,0.07332949,0.09569715,0.758648,0.0013025171,0.04910027,0.0016487795,0.39480433,0.015507227,0.020681562,0.007886838,0.23916851,0.013192804,"TWOGAUSSIANS_WITH_ELLIPSOIDAL_ON_ECLIPSE1",9,8.842463,0.758648,0.0013025171,0.2749615,0.0092331655,0.43555063,0.008066913,0.23916851,0.013192804,0.22010905,0.10724957,0.11469233,0.09629051
375316653866487564,5907486997481984768,0.5071351,2166.9547287072537,3.4528471551565625,1.8167166E-5,18.25163,0.51335615,0.20123081,0.00816808,0.12576988,0.042813357,0.42537272,0.45510238,0.7131771,0.0071611227,0.1432001,0.07647042,0.42128295,0.49715492,null,null,null,null,"TWOGAUSSIANS",8,7.355366,0.2007508,0.007222602,0.4,0.0,0.28944233,0.02669897,0.7133571,0.0067526978,0.4,0.0,0.2837136,0.028181812
375316653866487564,5907487001786233984,0.59785444,2151.995918339415,1.7674165108616877,6.4399014E-6,16.797663,0.009618816,0.2651357,0.0035094668,0.09833042,0.005596156,0.27927095,0.009258246,0.7669904,0.001917997,0.1102124,0.0042816717,0.24658772,0.009783245,null,null,null,null,"TWOGAUSSIANS",8,3.8237803,0.2651357,0.0035094668,0.4,0.0,0.25047198,0.00644495,0.7669904,0.001917997,0.4,0.0,0.21777333,0.0047752666
375316653866487564,5907487375439319808,0.5429724,2118.3991730434686,2.936357196806493,8.650559E-6,18.655306,0.018636405,0.22839019,0.003907303,0.086143374,0.0064908466,0.44829708,0.018046731,0.7343325,0.002121117,0.07634614,0.0051420983,0.43504083,0.014997566,null,null,null,null,"TWOGAUSSIANS",8,3.3221557,0.22839019,0.003907303,0.4,0.0,0.4413727,0.01592941,0.7343325,0.002121117,0.4,0.0,0.4281165,0.012425793
375316653866487564,5907492636774374912,0.5329959,2109.3183123103327,4.221413707744428,1.6839054E-5,19.593416,0.0086592315,0.19207256,0.0038807623,0.07401854,0.004310235,0.40108457,0.0146639235,0.6898254,0.0057605156,0.06464008,0.005268758,0.47591862,0.023589177,null,null,null,null,"TWOGAUSSIANS",8,1.7285335,0.6898254,0.0057605156,0.36198446,0.029505044,0.4746926,0.023638641,0.19207256,0.0038807623,0.4,0.0,0.39985856,0.014674493
375316653866487564,5907492804277705728,0.5632811,2127.1304216732888,2.1909001749303174,1.8656912E-5,17.423412,0.004857683,0.23023999,0.0075067803,0.10279779,0.015044925,0.07593532,0.005675516,0.71765065,0.0029025283,0.07939574,0.0040156157,0.16449364,0.005008435,null,null,null,null,"TWOGAUSSIANS",8,1.7064587,0.71765065,0.0029025283,0.4,0.0,0.16053814,0.0034869986,0.23023999,0.0075067803,0.4,0.0,0.07197851,0.005470477
375316653866487564,5907493388393441152,0.50549024,2148.7273000575674,3.461969356253246,2.1258877E-5,18.27108,0.011715601,0.20946516,0.0052828025,0.08837389,0.010549487,0.21223621,0.013954918,0.7341609,0.0069960845,0.08009446,0.008531487,0.21262023,0.018905684,null,null,null,null,"TWOGAUSSIANS",8,4.8592362,0.7341609,0.0069960845,0.4,0.0,0.20929915,0.018564694,0.20946516,0.0052828025,0.4,0.0,0.20891501,0.01423273
375316653866487564,5907493976813662976,0.63340896,2152.5657182165914,2.31117344652108,7.641673E-6,15.489059,0.010011895,0.22012396,0.0018190931,0.04888863,0.008334708,0.14860381,0.018848684,0.7174303,0.0036433896,0.054377545,0.00643615,0.13538991,0.020249296,0.087451495,0.011206809,0.22012396,0.0018190931,"TWOGAUSSIANS_WITH_ELLIPSOIDAL_ON_ECLIPSE1",9,17.411999,0.22012396,0.0018190931,0.27377632,0.046674367,0.32350352,0.008068928,0.71805024,0.0026038238,0.30451426,0.03604244,0.31025115,0.0068308692
375316653866487564,5907496308971308288,0.56707835,2103.787844841216,3.762316181665995,1.3979355E-5,19.114443,0.014901898,0.237546,0.0062807696,0.07082833,0.0049057878,0.52710176,0.038989194,0.7398632,0.0046572783,0.06894842,0.0047041466,0.69096977,0.028248023,null,null,null,null,"TWOGAUSSIANS",8,3.6110735,0.7398632,0.0046572783,0.38611117,0.02634322,0.68908095,0.028248057,0.237546,0.0062807696,0.39663866,0.024703132,0.52521294,0.038699787
375316653866487564,5907496790007598848,0.6706608,2127.4627434860768,2.516332211028014,9.251577E-6,17.379,0.017327016,0.24735372,0.0053331777,0.049080253,0.005491328,0.36953172,0.03320973,0.7395668,0.0040120985,0.05479231,0.0045411093,0.37347665,0.03658791,0.10937144,0.018563407,0.24735372,0.0053331777,"TWOGAUSSIANS_WITH_ELLIPSOIDAL_ON_ECLIPSE1",9,4.5574856,0.7405168,0.0032417672,0.30683696,0.025430212,0.59175205,0.0131750675,0.24735372,0.0053331777,0.2748494,0.030751435,0.5882667,0.039566357
375316653866487564,5907500161566576384,0.48527005,2127.591394539767,0.12384258807816974,8.777964E-5,15.421489,0.002808389,0.20677647,0.07708683,0.06841975,0.047700398,0.132611,4.888056,0.70670384,0.012511816,0.05555302,0.013433511,0.14364739,0.059479985,null,null,null,null,"TWOGAUSSIANS",8,14.310765,0.70670384,0.012511816,0.3110969,0.07522766,0.14356734,0.05963316,0.20677647,0.07708683,0.3831506,0.2667579,0.13253096,4.88814
375316653866487564,5907501123639462272,0.5837892,2175.451331110243,3.477642008667761,1.0231904E-5,17.312263,0.02417629,0.24963,0.0032134752,0.05631238,0.019570284,0.1112639,0.04572353,0.7457917,0.012255974,0.038333178,0.018741835,0.09918407,0.049185928,0.08328909,0.026814861,0.24963,0.0032134752,"TWOGAUSSIANS_WITH_ELLIPSOIDAL_ON_ECLIPSE1",9,5.245048,0.24963,0.0032134752,0.3153493,0.10810632,0.27783605,0.018981295,0.7464217,0.010913219,0.21466579,0.10495427,0.26567516,0.010879465
375316653866487564,5907501604675790464,0.63035274,2151.131710916054,2.8950455887778883,8.117521E-6,14.682486,0.082730934,0.22013596,0.003654146,0.05579021,0.030058391,0.14346159,0.15118426,0.7138199,0.014532589,0.06887683,0.022153169,0.17023252,0.15510283,0.076138094,0.07573019,0.22013596,0.003654146,"TWOGAUSSIANS_WITH_ELLIPSOIDAL_ON_ECLIPSE1",9,58.2836,0.7153999,0.010312382,0.38571027,0.044779934,0.3221582,0.019877808,0.22013596,0.003654146,0.31242517,0.10380145,0.29556683,0.009759211
375316653866487564,5907504490893658112,0.7118673,2140.794559239081,0.8820728519522005,2.3211232E-5,17.299238,0.0029762143,0.31100988,0.0028297848,0.026282271,0.0019363903,1.008352,0.0695829,0.801486,0.007557933,0.049270377,0.00989415,0.06339287,0.03747165,0.023604646,0.004607335,0.31100988,0.0028297848,"TWOGAUSSIANS_WITH_ELLIPSOIDAL_ON_ECLIPSE1",9,2.6738882,0.31100988,0.0028297848,0.14718072,0.0108437855,1.0555612,0.07182347,0.802676,0.006008518,0.2759141,0.05540724,0.11045428,0.03735927
375316653866487564,5907506170217619712,0.51999855,2119.157538636691,3.550247629641348,1.19745555E-5,18.378254,0.013759012,0.21486461,0.0012401218,0.085264385,0.0040489477,0.3212398,0.012846087,0.71426636,0.00306024,0.09705954,0.008819153,0.3440564,0.02050617,null,null,null,null,"TWOGAUSSIANS",8,2.9600582,0.71426636,0.00306024,0.4,0.0,0.3287166,0.025547754,0.21486461,0.0012401218,0.4,0.0,0.30590117,0.007928315
375316653866487564,5907506376376119808,0.5686651,2136.4077411262124,1.413140903279989,5.4837583E-6,18.202173,0.0032696722,0.26999825,9.2337886E-4,0.038999733,0.0016282815,0.23185368,0.008177676,0.76850843,0.022486707,0.037259582,0.0094016455,0.22593032,0.11634781,null,null,null,null,"TWOGAUSSIANS",8,1.3395362,0.26999825,9.2337886E-4,0.2183985,0.009118377,0.23185368,0.008177676,0.76850843,0.022486707,0.20865367,0.052649215,0.22593032,0.11634781
375316653866487564,5907507170953472896,0.4925552,2173.8698872186933,0.15699260040228194,2.9409783E-5,16.915043,0.0058399173,0.83774763,0.012228687,0.0423908,0.011112786,0.07626355,0.0342644,0.96192896,0.004155724,0.011266295,0.003771798,0.2974577,0.12832506,null,null,null,null,"TWOGAUSSIANS",8,34.484753,0.96192896,0.004155724,0.06309125,0.021122068,0.29850203,0.12872143,0.83774763,0.012228687,0.23738848,0.0622316,0.07626355,0.0342644
375316653866487564,5907508575399932032,0.5402137,2172.2372520769727,3.303102934700789,3.9700644E-5,16.441935,0.006696658,0.21551187,0.004261218,0.04527509,0.009448915,0.20996407,0.02027007,0.8792212,0.012846352,0.035567366,0.012524486,0.03893667,0.013941062,0.09029008,0.0076299147,0.21551187,0.004261218,"TWOGAUSSIANS_WITH_ELLIPSOIDAL_ON_ECLIPSE1",9,56.016327,0.21551187,0.004261218,0.25354052,0.052913923,0.39054415,0.018963337,0.8792212,0.012846352,0.19917725,0.07013712,0.08701808,0.01340506
375316653866487564,5907509541775058688,0.65106875,2126.069450399636,2.9964602849879607,1.4012097E-6,15.9406595,0.0132387625,0.26476574,5.840035E-4,0.054297358,0.0035195563,0.51587987,0.017025782,0.76528907,7.8597164E-4,0.042347483,0.0032796476,0.42497212,0.020136282,0.1243556,0.016228313,0.26476574,5.840035E-4,"TWOGAUSSIANS_WITH_ELLIPSOIDAL_ON_ECLIPSE1",9,29.671503,0.26476574,5.840035E-4,0.3040652,0.019709514,0.7645773,0.026263624,0.76528907,7.8597164E-4,0.23714592,0.018366026,0.67366683,0.016709987
375316653866487564,5907510533903730304,0.54557526,2129.550717472667,0.0683371180145205,1.4531671E-5,17.781187,0.0042129345,0.28713846,0.007959805,0.04760904,0.0075005065,0.09077335,0.025220206,0.77156115,6.4720436E-5,0.008163242,1.14880946E-4,0.4411881,0.0038986814,null,null,null,null,"TWOGAUSSIANS",8,7.722145,0.77156115,6.4720436E-5,0.045714155,6.433333E-4,0.4411881,0.0038986814,0.28713846,0.007959805,0.26661062,0.042002834,0.09077335,0.025220206
375316653866487564,5907511809518098048,0.47871205,2134.327375311786,3.34784537988942,6.0555612E-5,17.486446,0.0034322694,0.13920043,0.0040927683,0.020250946,0.0054519805,0.100068904,0.035668626,0.81572783,0.07720735,0.072304845,0.051976796,0.22021177,0.50964576,null,null,null,null,"TWOGAUSSIANS",8,9.086057,0.81572783,0.07720735,0.4,0.2808298,0.22021177,0.50964576,0.13920043,0.004096458,0.113405295,0.03053109,0.10007883,0.035667043
375316653866487564,5907513115188055296,0.49734837,2149.3049030504385,1.026253773001334,1.3964989E-5,15.789885,0.0028177586,0.23471338,0.0031724887,0.0490152,0.004164111,0.07927556,0.0041767466,0.7293439,0.008145287,0.05460315,0.0070067476,0.069610894,0.003574798,null,null,null,null,"TWOGAUSSIANS",8,14.551276,0.23471338,0.0031724887,0.27448514,0.02331902,0.07927456,0.0041765864,0.7293439,0.008145287,0.3057776,0.039237786,0.06960989,0.0035743015
375316653866487564,5907515279851416832,0.58713996,2139.006750301243,2.779182493139027,1.1317401E-5,14.862604,0.008149691,0.22154592,0.0023586908,0.10876617,0.006568429,0.13198273,0.007885057,0.7294389,0.0030995859,0.10030325,0.0076386277,0.13860641,0.007192428,null,null,null,null,"TWOGAUSSIANS",8,9.3007965,0.7294489,0.0031071613,0.4,0.0,0.12449762,0.004614235,0.22154592,0.0023586908,0.4,0.0,0.11786797,0.0029236337
375316653866487564,5907515962747196544,0.5270219,2153.177237436456,2.3904272632578136,3.0410014E-5,16.843973,0.0048753247,0.24847828,0.0038238887,0.053307433,0.018110825,0.04449864,0.02202945,0.73931944,0.0015998139,0.022772685,0.00317399,0.08102325,0.013114523,0.078221306,0.007839854,0.24847828,0.0038238887,"TWOGAUSSIANS_WITH_ELLIPSOIDAL_ON_ECLIPSE1",9,24.60896,0.73998946,0.0014994078,0.12752703,0.017774343,0.23698543,0.01040405,0.24847828,0.0038238887,0.29852164,0.10142062,0.2009405,0.017095735
375316653866487564,5907519849696934912,0.5417992,2174.942949701394,2.7518375103200654,2.3695886E-5,15.2312155,0.12869707,0.27628496,0.005647785,0.13193162,0.022246305,0.41168308,0.12527157,0.75998515,0.0058665765,0.13707724,0.026333498,0.40487376,0.12275644,null,null,null,null,"TWOGAUSSIANS",8,87.92099,0.27678496,0.005338573,0.4,0.0,0.28343695,0.012621021,0.75998515,0.0058665765,0.4,0.0,0.27617854,0.012278856
375316653866487564,5907523487526769408,0.58362365,2146.6337681132395,3.053985397241183,1.1905733E-5,18.23632,0.009130635,0.2850309,0.0031579793,0.081038095,0.0036628863,0.34427083,0.017769676,0.7734421,0.0021093874,0.073975705,0.0032225929,0.5073856,0.014206441,null,null,null,null,"TWOGAUSSIANS",8,5.2821584,0.7734421,0.0021093874,0.4,0.0,0.5038252,0.0141994655,0.2850309,0.0031579793,0.4,0.0,0.34071043,0.017662644
375316653866487564,5907530771789430528,0.55622256,2136.9241613574395,3.6534212047417203,1.324402E-5,18.697533,0.011406639,0.23678243,0.0033213196,0.07759089,0.0036222842,0.43616056,0.018304328,0.73140824,0.005157827,0.07835281,0.0058882535,0.4812349,0.020672867,null,null,null,null,"TWOGAUSSIANS",8,4.0809774,0.73140824,0.005157827,0.4,0.0,0.4764311,0.020992346,0.23678243,0.0033213196,0.4,0.0,0.43135676,0.017769001
