Gaia/vari_eclipsing_binary/VariEclipsingBinary_046134-046433.csv
# %ECSV 1.0
# ---
# delimiter: ','
# meta: !!omap
# - RELEASE: Gaia DR3
# - TABLE: vari_eclipsing_binary
# - DESCRIPTION: >
#     This table describes the properties of the eclipsing binaries resulting from the variability analysis. 
# - CITATION: >
#     How to cite and acknowledge Gaia: 
#     https://gea.esac.esa.int/archive/documentation/credits.html 
# - KNOWN_ISSUES: >
#     Known issues: 
#     https://www.cosmos.esa.int/web/gaia-users/known-issues 
# - DOCUMENTATION: >
#     Tutorials and documentation: 
#     https://www.cosmos.esa.int/web/gaia-users/archive 
# datatype:
# - 
#   name: solution_id
#   datatype: int64
#   description: Solution Identifier
#   meta:
#     ucd: meta.version
# - 
#   name: source_id
#   datatype: int64
#   description: Unique source identifier
#   meta:
#     ucd: meta.id;meta.main
# - 
#   name: global_ranking
#   datatype: float32
#   description: Number between 0 (worst) and 1 (best)
#   meta:
#     ucd: stat.param
# - 
#   name: reference_time
#   datatype: float64
#   unit: d
#   description: Reference time used for the geometric model fit
#   meta:
#     ucd: time.epoch
# - 
#   name: frequency
#   datatype: float64
#   unit: d**-1
#   description: Frequency of geometric model of the eclipsing binary light curve
#   meta:
#     ucd: src.orbital
# - 
#   name: frequency_error
#   datatype: float32
#   unit: d**-1
#   description: "Uncertainty of \\texttt{frequency}"
#   meta:
#     ucd: stat.error
# - 
#   name: geom_model_reference_level
#   datatype: float32
#   unit: mag
#   description: Magnitude reference level of geometric model
#   meta:
#     ucd: phot.mag;em.opt
# - 
#   name: geom_model_reference_level_error
#   datatype: float32
#   unit: mag
#   description: "Uncertainty of \\texttt{geomModelReferenceLevel}"
#   meta:
#     ucd: stat.error;phot.mag;em.opt
# - 
#   name: geom_model_gaussian1_phase
#   datatype: float32
#   description: Phase of the Gaussian 1 component
#   meta:
#     ucd: time.phase
# - 
#   name: geom_model_gaussian1_phase_error
#   datatype: float32
#   description: "Uncertainty of \\texttt{geomModelGaussian1Phase}"
#   meta:
#     ucd: stat.error;time.phase
# - 
#   name: geom_model_gaussian1_sigma
#   datatype: float32
#   description: "Standard deviation [phase] of Gaussian 1 component"
#   meta:
#     ucd: stat.stdev
# - 
#   name: geom_model_gaussian1_sigma_error
#   datatype: float32
#   description: "Uncertainty of \\texttt{geomModelGaussian1Sigma}"
#   meta:
#     ucd: stat.error
# - 
#   name: geom_model_gaussian1_depth
#   datatype: float32
#   unit: mag
#   description: Magnitude depth of Gaussian 1 component
#   meta:
#     ucd: src.var.amplitude
# - 
#   name: geom_model_gaussian1_depth_error
#   datatype: float32
#   unit: mag
#   description: "Uncertainty of \\texttt{geomModelGaussian1Depth}"
#   meta:
#     ucd: stat.error;src.var.amplitude
# - 
#   name: geom_model_gaussian2_phase
#   datatype: float32
#   description: Phase of Gaussian 2 component
#   meta:
#     ucd: time.phase
# - 
#   name: geom_model_gaussian2_phase_error
#   datatype: float32
#   description: "Uncertainty of \\texttt{geomModelGaussian2Phase}"
#   meta:
#     ucd: stat.error;time.phase
# - 
#   name: geom_model_gaussian2_sigma
#   datatype: float32
[...]
#   datatype: float32
#   description: "Secondary eclipse: uncertainty of \\texttt{derivedSecondaryEclDuration}"
#   meta:
#     ucd: stat.error;time.duration
# - 
#   name: derived_secondary_ecl_depth
#   datatype: float32
#   unit: mag
#   description: "Secondary eclipse: depth"
#   meta:
#     ucd: src.var.amplitude
# - 
#   name: derived_secondary_ecl_depth_error
#   datatype: float32
#   unit: mag
#   description: "Secondary eclipse: uncertainty of \\texttt{derivedSecondaryEclDepth}"
#   meta:
#     ucd: stat.error;src.var.amplitude
solution_id,source_id,global_ranking,reference_time,frequency,frequency_error,geom_model_reference_level,geom_model_reference_level_error,geom_model_gaussian1_phase,geom_model_gaussian1_phase_error,geom_model_gaussian1_sigma,geom_model_gaussian1_sigma_error,geom_model_gaussian1_depth,geom_model_gaussian1_depth_error,geom_model_gaussian2_phase,geom_model_gaussian2_phase_error,geom_model_gaussian2_sigma,geom_model_gaussian2_sigma_error,geom_model_gaussian2_depth,geom_model_gaussian2_depth_error,geom_model_cosine_half_period_amplitude,geom_model_cosine_half_period_amplitude_error,geom_model_cosine_half_period_phase,geom_model_cosine_half_period_phase_error,model_type,num_model_parameters,reduced_chi2,derived_primary_ecl_phase,derived_primary_ecl_phase_error,derived_primary_ecl_duration,derived_primary_ecl_duration_error,derived_primary_ecl_depth,derived_primary_ecl_depth_error,derived_secondary_ecl_phase,derived_secondary_ecl_phase_error,derived_secondary_ecl_duration,derived_secondary_ecl_duration_error,derived_secondary_ecl_depth,derived_secondary_ecl_depth_error
[from data line 577]
375316653866487564,407745645122427136,0.7203803,2189.3610304007198,0.7444570058555784,9.405551E-5,15.393306,7.3905225E-4,0.3774199,1.5686525E-4,0.04193428,2.5878902E-4,0.4975,0.0013522186,null,null,null,null,null,null,null,null,null,null,"ONEGAUSSIAN",5,2.8697686,0.3774199,1.5686525E-4,0.23483197,0.0014492186,0.4975,0.0,null,null,null,null,null,null
375316653866487564,407758804902530560,0.6616109,2250.193351457156,0.36316682352624574,3.2767107E-6,15.085051,0.0022978885,0.21361321,0.0059269653,0.03476241,0.006704389,0.067352906,0.05761111,0.6866862,5.643206E-4,0.023736289,4.962403E-4,0.6216125,0.012832197,0.014359408,0.003184631,0.21361321,0.0059269653,"TWOGAUSSIANS_WITH_ELLIPSOIDAL_ON_ECLIPSE1",9,27.970703,0.6867362,5.593579E-4,0.13292322,0.0027789455,0.64951867,0.012376196,0.21361321,0.0059269653,0.1946695,0.03754458,0.0960717,0.058272284
375316653866487564,407761450602372992,0.4889276,2240.0536846121645,0.36300438367725746,4.4057648E-5,19.880342,0.009709553,0.23001637,0.022511419,0.047326904,0.028795134,0.39415228,967.2575,0.4802787,2.7195414E-4,0.008168031,6.3135085E-4,0.7114066,0.049409702,null,null,null,null,"TWOGAUSSIANS",8,1.8288627,0.4802787,2.7195414E-4,0.045740977,0.0035355648,0.7114069,0.04940863,0.23001637,0.022511419,0.26503065,0.16125275,0.39415228,967.2575
375316653866487564,407762515754253696,0.4555585,2222.560191464486,2.0491366820271777,4.0938394E-5,17.325426,0.007037546,0.2696355,0.009917766,0.06623959,0.015464138,0.17066133,0.030227168,0.7673138,0.011184207,0.06325986,0.013035635,0.080973536,0.01161787,null,null,null,null,"TWOGAUSSIANS",8,30.99412,0.2696355,0.009917766,0.3709417,0.07603379,0.17053373,0.030399771,0.7673138,0.011184207,0.3542552,0.07299956,0.08084593,0.011590212
375316653866487564,407764749137200256,0.5921896,2200.6369133623584,0.7011019148200992,4.8838083E-5,17.338963,0.0025099188,0.21273391,0.027817162,0.0231762,0.021153038,0.33430606,0.2803728,0.70589453,0.012989437,0.03189551,0.0061404346,0.10230548,0.020217687,null,null,null,null,"TWOGAUSSIANS",8,1.8742578,0.21273391,0.027817162,0.12978673,0.11845702,0.33430606,0.2803728,0.70589453,0.012989437,0.17861485,0.034386434,0.10230548,0.020217687
375316653866487564,407766535843623552,0.4550665,2253.303985260621,2.7356469824927143,1.8745366E-5,18.972048,0.0395149,0.15244482,0.008673875,0.090904444,0.022272952,0.14245686,0.038178585,0.65701145,0.013894984,0.09646058,0.03900207,0.13047789,0.031804696,null,null,null,null,"TWOGAUSSIANS",8,1.9863375,0.15244482,0.008648778,0.4,0.0,0.13521387,0.014543243,0.65701145,0.013918678,0.4,0.0,0.123234585,0.010012253
375316653866487564,407771273189269504,0.59201807,2215.01106673883,3.66328383903669,6.367373E-6,18.285166,0.011931401,0.30570844,0.03975205,0.066738896,0.08036966,0.17289281,0.22550662,0.7931322,0.001974073,0.044940405,0.0041747177,0.41908318,0.03478133,0.13407342,0.02494142,0.7931322,0.001974073,"TWOGAUSSIANS_WITH_ELLIPSOIDAL_ON_ECLIPSE2",9,4.2453957,0.7931322,0.001974073,0.25166628,0.023378419,0.687155,0.027089963,0.30126843,0.008239606,0.37373784,0.09542519,0.4398823,0.20411086
375316653866487564,407773300414125696,0.45501998,2224.661915225822,0.20431810227879865,7.317773E-5,18.492346,0.010465087,0.34014916,0.016588842,0.06878333,0.028178709,0.09506464,0.011608683,0.73134035,0.017897755,0.14696601,0.019729687,0.15348664,0.028562095,null,null,null,null,"TWOGAUSSIANS",8,3.5155869,0.73134035,0.017897755,0.4,0.0,0.14884716,0.025933402,0.34439915,0.0155054955,0.3851866,0.11945658,0.09506469,0.013187131
375316653866487564,407775258919085056,0.6029686,2188.6866748225525,3.2043153253594294,6.2016484E-6,18.071898,0.010159422,0.19703652,0.00150946,0.050627407,0.0041313246,0.2960532,0.022866769,0.6986074,0.0018890022,0.05216412,0.003061808,0.37543565,0.026514051,0.08202045,0.01400689,0.19703652,0.00150946,"TWOGAUSSIANS_WITH_ELLIPSOIDAL_ON_ECLIPSE1",9,3.0117548,0.6986074,0.0018890022,0.2921191,0.017146125,0.5394545,0.0173759,0.19703652,0.00150946,0.28351346,0.023135418,0.46008807,0.012312227
375316653866487564,407775572455583360,0.5593407,2216.3482056037487,2.787285650682036,1.7808805E-5,18.18257,0.2311245,0.2896751,0.006983688,0.15816733,0.11164193,0.16654502,0.2300608,0.7892981,0.004638695,0.10502348,0.020939246,0.2703368,0.13366692,null,null,null,null,"TWOGAUSSIANS",8,1.7981719,0.7892981,0.0046506706,0.4,0.0,0.20977905,0.013641923,0.2896751,0.007001332,0.4,0.0,0.10374176,0.007795118
375316653866487564,407778488734654720,0.49197227,2263.3274753155642,3.612782736832021,2.5702218E-5,17.87501,0.01796294,0.3255434,0.009015972,0.08622274,0.013819527,0.18269974,0.027620897,0.8154295,0.0070557524,0.10501839,0.015319211,0.15791157,0.018143877,null,null,null,null,"TWOGAUSSIANS",8,7.3376117,0.3255434,0.009026514,0.4,0.0,0.17315622,0.027013931,0.8154295,0.0070557524,0.4,0.0,0.1483639,0.013219001
375316653866487564,407782547481189760,0.57198286,2218.4620955797322,0.11006979991078675,1.6660308E-5,16.87829,0.0022528614,0.35102928,0.010800056,0.031033829,0.0059803436,0.015225468,0.0035766922,0.6779428,0.0028777148,0.021109363,0.0012087877,0.60129637,0.056486625,0.0055663344,0.0027057035,0.6779428,0.0028777148,"TWOGAUSSIANS_WITH_ELLIPSOIDAL_ON_ECLIPSE2",9,10.450623,0.6779428,0.0028777148,0.11821243,0.006769211,0.612429,0.05637093,0.34724927,0.011779185,0.17378944,0.033489924,0.01773776,0.0044159396
375316653866487564,407783440834340224,0.61715597,2194.917011771435,1.0146939536594632,7.506612E-6,13.421547,0.010918377,0.2578511,0.0023698693,0.12025413,0.008904567,0.14884128,0.010708259,0.76200795,0.0013512968,0.08536058,0.0045771734,0.3346167,0.013979463,null,null,null,null,"TWOGAUSSIANS",8,61.56481,0.76201797,0.0013501297,0.4,0.0,0.31496203,0.016941763,0.2578511,0.0023698693,0.4,0.0,0.1291337,0.0057895384
375316653866487564,407784437268043520,0.5319749,2181.3532903541977,2.534822508736057,1.2991248E-5,17.500366,0.14306869,0.25063923,0.0034961384,0.13996436,0.048240036,0.17826474,0.13789077,0.7472471,0.0075418088,0.13468286,0.04495573,0.17133868,0.13722819,null,null,null,null,"TWOGAUSSIANS",8,2.4916646,0.2507292,0.0033784646,0.4,0.0,0.113438115,0.0049785036,0.7472471,0.0075418088,0.4,0.0,0.10676813,0.006918348
375316653866487564,407785777293378816,0.5240849,2145.950000566507,2.9616604650990466,1.5079811E-5,17.417791,0.011131073,0.12816867,0.00840116,0.10142879,0.014391106,0.12022135,0.012723795,0.6162673,0.004261728,0.09024278,0.00798688,0.1375096,0.0116758775,null,null,null,null,"TWOGAUSSIANS",8,3.793949,0.6162673,0.004261728,0.4,0.0,0.13029416,0.007539721,0.12816867,0.00840116,0.4,0.0,0.113004506,0.011142992
375316653866487564,407789655648903296,0.4140597,2182.6115980448026,0.545117503313241,3.9650058E-5,19.273428,0.014604189,0.4953058,0.06644182,0.15048079,0.073758915,0.048756696,0.022404471,0.82752806,0.007118613,0.040582843,0.0069079343,0.17363355,0.042875707,null,null,null,null,"TWOGAUSSIANS",8,4.865224,0.82752806,0.007118613,0.22726391,0.03868443,0.1774876,0.042912584,0.4953058,0.06644182,0.4,0.0,0.048345957,0.02246092
375316653866487564,407792683604254208,0.4968525,2230.1714933875396,1.1446956373274007,2.3988355E-4,16.081842,0.02181354,0.26057026,0.026473325,0.12370605,0.03440104,0.110819995,0.024802312,0.8114542,0.031442225,0.036096077,0.027946535,1.0084912,1985.0635,null,null,null,null,"TWOGAUSSIANS",8,160.15822,0.81146413,0.031438235,0.20213804,0.1565006,1.0078933,1985.0641,0.26057026,0.026473325,0.4,0.0,0.1100645,0.023517866
375316653866487564,407792988543583616,0.5443082,2234.2916170598087,3.2528481876317112,1.3066168E-5,17.89504,0.016067749,0.287978,0.00543887,0.09275768,0.010366925,0.19941182,0.02024875,0.79196423,0.0071129007,0.10102484,0.012491247,0.23109832,0.016818954,null,null,null,null,"TWOGAUSSIANS",8,5.4055686,0.79196423,0.0071129007,0.4,0.0,0.2164783,0.01281708,0.287978,0.00543887,0.4,0.0,0.18479384,0.018553602
375316653866487564,407794912689114624,0.57949567,2221.3374109476467,4.5555393422738755,3.294453E-5,16.801895,0.0011942895,0.33627263,0.0024976924,0.032214757,0.0017920432,0.18582493,0.03738244,0.6839549,0.023156459,0.02690319,0.012289641,0.17933448,1.1880186,null,null,null,null,"TWOGAUSSIANS",8,2.2156975,0.33627263,0.0024976924,0.18040264,0.010035442,0.18582493,0.03738244,0.6839549,0.023156459,0.15065786,0.068822,0.17933448,1.1880186
375316653866487564,407794912689126016,0.4516779,2210.7632820490985,1.5079395600323853,6.3091444E-5,16.638306,0.0034180707,0.5652967,0.010595974,0.050655574,0.01054535,0.26881802,0.07860446,null,null,null,null,null,null,null,null,null,null,"ONEGAUSSIAN",5,25.80651,0.5652967,0.010595974,0.2836712,0.059053957,0.26881802,0.0,null,null,null,null,null,null
375316653866487564,407799383753075968,0.58136624,2218.080594249811,3.510715580072974,7.368797E-6,16.811544,0.009312661,0.32568598,0.006370054,0.07937692,0.004967484,0.34814337,0.02061522,0.83184963,0.003380883,0.080276944,0.004847626,0.2947655,0.011932284,null,null,null,null,"TWOGAUSSIANS",8,14.773285,0.32568598,0.006370054,0.4,0.0,0.3439395,0.01960375,0.83184963,0.003380883,0.4,0.0,0.29056162,0.011582663
375316653866487564,407804984390082432,0.5654874,2160.2164509237027,1.0225778882765777,5.7740426E-6,14.441129,0.0048578028,0.26677063,0.011495542,0.039313518,0.0221532,0.36084884,0.3033326,0.77611375,0.0036054973,0.036169626,0.01057393,0.34956506,0.15312304,null,null,null,null,"TWOGAUSSIANS",8,73.31897,0.26677063,0.011495542,0.2201557,0.12405792,0.36084884,0.30333307,0.77611375,0.0036054973,0.20254992,0.05921401,0.34956506,0.15312304
375316653866487564,407805220610606464,0.51089215,2201.487424637561,3.332119802246913,1.6495569E-5,18.08786,0.015585103,0.24435495,0.02125295,0.055661418,0.01696783,0.10681683,0.04761933,0.78127646,0.004153252,0.048904266,0.01662744,0.13882942,0.050174356,0.084375866,0.031292573,0.78127646,0.004153252,"TWOGAUSSIANS_WITH_ELLIPSOIDAL_ON_ECLIPSE2",9,11.552752,0.78127646,0.004153252,0.2738639,0.09311366,0.30758023,0.046589356,0.25463495,0.019679412,0.31170392,0.09501985,0.26907682,0.02545761
375316653866487564,407806320122337664,0.61476576,2183.0319485629375,1.8998932458977824,1.440641E-5,17.977661,0.008058091,0.17058362,0.009457781,0.05994511,0.01356396,0.15980923,0.01932432,0.6694506,0.0031139185,0.05412228,0.0025659567,0.6582822,0.0124952765,null,null,null,null,"TWOGAUSSIANS",8,4.8259854,0.6694506,0.0031139185,0.30308476,0.014369357,0.65824264,0.012438895,0.17058362,0.009457781,0.3356926,0.07595818,0.15976961,0.01933225
375316653866487564,407809760393696640,0.62105495,2242.105786697395,3.3572129325137987,7.153696E-6,16.684135,0.026725767,0.23980908,0.0014175314,0.048959278,0.012982868,0.124268055,0.054027252,0.7313142,0.012355668,0.042943727,0.018935764,0.19066592,0.05330485,0.09172886,0.030492356,0.23980908,0.0014175314,"TWOGAUSSIANS_WITH_ELLIPSOIDAL_ON_ECLIPSE1",9,8.619488,0.73235416,0.010628961,0.24048488,0.10604028,0.37366498,0.03071062,0.23980908,0.0014175314,0.27417195,0.07270406,0.30772525,0.0100197485
375316653866487564,407816220021673088,0.47592744,2204.8650615536208,0.5907398006248743,4.4271972E-5,19.362625,0.03347266,0.24137424,1.2371645E-4,0.008897348,0.001167251,1.5156246,0.4321712,0.6952022,0.008045831,0.11472952,0.018559558,0.20829287,0.04604964,null,null,null,null,"TWOGAUSSIANS",8,2.0167458,0.24137424,1.2371645E-4,0.049825154,0.006536606,1.5156786,0.43201903,0.6952022,0.008045831,0.4,0.0,0.20826104,0.0459524
375316653866487564,407824805662177408,0.59446764,2235.106559779169,1.5646372770550412,1.0503101E-5,18.26182,0.005194394,0.3114753,0.001598772,0.058943328,0.0013436844,0.4305098,0.011900015,0.8112628,0.00984054,0.06699526,0.01944006,0.12756546,0.025991086,null,null,null,null,"TWOGAUSSIANS",8,2.5285606,0.3114753,0.001598772,0.33008263,0.0075246324,0.4303435,0.011755866,0.8112628,0.00984054,0.37517348,0.060589332,0.12739918,0.026477285
375316653866487564,407824874381679360,0.5021103,2245.1586507551788,1.3568229363192243,1.1161152E-5,19.071821,0.008846679,0.28145793,0.006042455,0.020519687,0.0030573271,0.59910697,0.115993105,0.78390217,0.0062113,0.025551798,0.013208115,0.5746026,4.230485,null,null,null,null,"TWOGAUSSIANS",8,7.9026327,0.28145793,0.006042455,0.114910245,0.017121032,0.59910697,0.115993105,0.78390217,0.0062113,0.14309007,0.07396544,0.5746026,4.230485
375316653866487564,407827142124447872,0.65974975,2247.147327108786,1.3015847101784774,3.6076992E-6,14.820545,0.013524053,0.24447574,0.0020343282,0.053238526,0.005663249,0.29874304,0.019274522,0.7446528,0.003209575,0.06592117,0.0072550997,0.23997666,0.018281855,0.12965646,0.014750629,0.24447574,0.0020343282,"TWOGAUSSIANS_WITH_ELLIPSOIDAL_ON_ECLIPSE1",9,37.96758,0.24447574,0.0020343282,0.29813576,0.031714197,0.557872,0.026182977,0.7446528,0.0026389656,0.3691586,0.04062856,0.4991053,0.022323517
375316653866487564,407834568124908672,0.50989586,2215.6662146324193,0.5236196932375403,7.7051154E-5,16.365849,0.0027162526,0.36022535,0.008929161,0.056956243,0.009652393,0.9309235,0.65940887,null,null,null,null,null,null,null,null,null,null,"ONEGAUSSIAN",5,31.832138,0.36022535,0.008929161,0.31895494,0.0540534,0.9309235,0.0,null,null,null,null,null,null
375316653866487564,407836522333458048,0.4574829,2259.4534871366163,0.5013372514758466,8.948821E-5,19.566711,0.02711359,0.19741806,0.03632612,0.016884975,0.010908031,1.111139,5.6690307,0.7090409,0.01586082,0.14376593,0.02498419,0.54054534,0.100613534,null,null,null,null,"TWOGAUSSIANS",8,13.053251,0.19741806,0.036329087,0.09455586,0.061084975,1.1085255,5.6661644,0.7090409,0.01586082,0.4,0.0,0.5352842,0.105674915
375316653866487564,407838377759488128,0.48191276,2249.4768070572404,3.015360493227987,1.6347169E-5,15.708998,0.0037651614,0.29586208,0.0036464722,0.06751391,0.010305041,0.06825806,0.012170447,0.80143255,0.012332216,0.026049368,0.010081068,0.055679515,0.012004694,0.01101311,0.0051876926,0.29586208,0.0036464722,"TWOGAUSSIANS_WITH_ELLIPSOIDAL_ON_ECLIPSE1",9,32.01601,0.29586208,0.0036464722,0.3780779,0.04896183,0.09021636,0.010258301,0.80143255,0.01225437,0.14587647,0.056453977,0.07761084,0.01124561
375316653866487564,407843089336894720,0.44335124,2244.2587500937825,1.8603671282486185,5.194785E-5,18.083448,0.005493141,0.09858521,0.007943281,0.023177255,0.004163506,0.08507939,0.013890414,0.60557914,0.023694623,0.11225197,0.019009711,0.07949155,0.02527906,null,null,null,null,"TWOGAUSSIANS",8,2.7524705,0.09858521,0.00794345,0.12979263,0.023315633,0.084973894,0.013870772,0.60557914,0.023694623,0.4,0.0,0.07937796,0.025325257
375316653866487564,407843909677287168,0.5115345,2271.557027851786,1.6363486079678327,4.5667082E-5,18.89439,0.00892984,0.2934279,0.008001826,0.015192687,0.0063802265,0.5581772,0.34420133,0.8501148,0.022598805,0.05458807,0.02798616,0.15157801,0.67818135,null,null,null,null,"TWOGAUSSIANS",8,4.461337,0.2934279,0.008001826,0.085079044,0.035729267,0.5581772,0.34420133,0.8501148,0.022598805,0.30569318,0.15672249,0.15157801,0.67818135
375316653866487564,407849617690288128,0.49511734,2240.1653229466433,4.576433508890509,3.814868E-5,14.986301,0.003294647,0.081879064,0.0031087303,0.026170753,0.008172656,0.3520584,0.15888654,null,null,null,null,null,null,null,null,null,null,"ONEGAUSSIAN",5,127.09094,0.081879064,0.0031087303,0.14655621,0.04576688,0.3520584,0.0,null,null,null,null,null,null
375316653866487564,407853191099849984,0.42638212,2268.5384377753535,1.3465520598863592,2.6134865E-5,18.898008,0.0091267405,0.19835432,0.00968651,0.030196913,0.0122142155,0.2185831,0.14057195,0.7060341,0.028027797,0.05141657,0.02871573,0.13864444,0.07176791,null,null,null,null,"TWOGAUSSIANS",8,4.7285743,0.19835432,0.00968651,0.16910271,0.06839961,0.2185831,0.1405721,0.7060341,0.028027797,0.28793278,0.14079465,0.13864444,0.07176965
