Gaia/vari_eclipsing_binary/VariEclipsingBinary_465014-465026.csv
# %ECSV 1.0
# ---
# delimiter: ','
# meta: !!omap
# - RELEASE: Gaia DR3
# - TABLE: vari_eclipsing_binary
# - DESCRIPTION: >
#     This table describes the properties of the eclipsing binaries resulting from the variability analysis. 
# - CITATION: >
#     How to cite and acknowledge Gaia: 
#     https://gea.esac.esa.int/archive/documentation/credits.html 
# - KNOWN_ISSUES: >
#     Known issues: 
#     https://www.cosmos.esa.int/web/gaia-users/known-issues 
# - DOCUMENTATION: >
#     Tutorials and documentation: 
#     https://www.cosmos.esa.int/web/gaia-users/archive 
# datatype:
# - 
#   name: solution_id
#   datatype: int64
#   description: Solution Identifier
#   meta:
#     ucd: meta.version
# - 
#   name: source_id
#   datatype: int64
#   description: Unique source identifier
#   meta:
#     ucd: meta.id;meta.main
# - 
#   name: global_ranking
#   datatype: float32
#   description: Number between 0 (worst) and 1 (best)
#   meta:
#     ucd: stat.param
# - 
#   name: reference_time
#   datatype: float64
#   unit: d
#   description: Reference time used for the geometric model fit
#   meta:
#     ucd: time.epoch
# - 
#   name: frequency
#   datatype: float64
#   unit: d**-1
#   description: Frequency of geometric model of the eclipsing binary light curve
#   meta:
#     ucd: src.orbital
# - 
#   name: frequency_error
#   datatype: float32
#   unit: d**-1
#   description: "Uncertainty of \\texttt{frequency}"
#   meta:
#     ucd: stat.error
# - 
#   name: geom_model_reference_level
#   datatype: float32
#   unit: mag
#   description: Magnitude reference level of geometric model
#   meta:
#     ucd: phot.mag;em.opt
# - 
#   name: geom_model_reference_level_error
#   datatype: float32
#   unit: mag
#   description: "Uncertainty of \\texttt{geomModelReferenceLevel}"
#   meta:
#     ucd: stat.error;phot.mag;em.opt
# - 
#   name: geom_model_gaussian1_phase
#   datatype: float32
#   description: Phase of the Gaussian 1 component
#   meta:
#     ucd: time.phase
# - 
#   name: geom_model_gaussian1_phase_error
#   datatype: float32
#   description: "Uncertainty of \\texttt{geomModelGaussian1Phase}"
#   meta:
#     ucd: stat.error;time.phase
# - 
#   name: geom_model_gaussian1_sigma
#   datatype: float32
#   description: "Standard deviation [phase] of Gaussian 1 component"
#   meta:
#     ucd: stat.stdev
# - 
#   name: geom_model_gaussian1_sigma_error
#   datatype: float32
#   description: "Uncertainty of \\texttt{geomModelGaussian1Sigma}"
#   meta:
#     ucd: stat.error
# - 
#   name: geom_model_gaussian1_depth
#   datatype: float32
#   unit: mag
#   description: Magnitude depth of Gaussian 1 component
#   meta:
#     ucd: src.var.amplitude
# - 
#   name: geom_model_gaussian1_depth_error
#   datatype: float32
#   unit: mag
#   description: "Uncertainty of \\texttt{geomModelGaussian1Depth}"
#   meta:
#     ucd: stat.error;src.var.amplitude
# - 
#   name: geom_model_gaussian2_phase
#   datatype: float32
#   description: Phase of Gaussian 2 component
#   meta:
#     ucd: time.phase
# - 
#   name: geom_model_gaussian2_phase_error
#   datatype: float32
#   description: "Uncertainty of \\texttt{geomModelGaussian2Phase}"
#   meta:
#     ucd: stat.error;time.phase
# - 
#   name: geom_model_gaussian2_sigma
#   datatype: float32
[...]
#   datatype: float32
#   description: "Secondary eclipse: uncertainty of \\texttt{derivedSecondaryEclDuration}"
#   meta:
#     ucd: stat.error;time.duration
# - 
#   name: derived_secondary_ecl_depth
#   datatype: float32
#   unit: mag
#   description: "Secondary eclipse: depth"
#   meta:
#     ucd: src.var.amplitude
# - 
#   name: derived_secondary_ecl_depth_error
#   datatype: float32
#   unit: mag
#   description: "Secondary eclipse: uncertainty of \\texttt{derivedSecondaryEclDepth}"
#   meta:
#     ucd: stat.error;src.var.amplitude
solution_id,source_id,global_ranking,reference_time,frequency,frequency_error,geom_model_reference_level,geom_model_reference_level_error,geom_model_gaussian1_phase,geom_model_gaussian1_phase_error,geom_model_gaussian1_sigma,geom_model_gaussian1_sigma_error,geom_model_gaussian1_depth,geom_model_gaussian1_depth_error,geom_model_gaussian2_phase,geom_model_gaussian2_phase_error,geom_model_gaussian2_sigma,geom_model_gaussian2_sigma_error,geom_model_gaussian2_depth,geom_model_gaussian2_depth_error,geom_model_cosine_half_period_amplitude,geom_model_cosine_half_period_amplitude_error,geom_model_cosine_half_period_phase,geom_model_cosine_half_period_phase_error,model_type,num_model_parameters,reduced_chi2,derived_primary_ecl_phase,derived_primary_ecl_phase_error,derived_primary_ecl_duration,derived_primary_ecl_duration_error,derived_primary_ecl_depth,derived_primary_ecl_depth_error,derived_secondary_ecl_phase,derived_secondary_ecl_phase_error,derived_secondary_ecl_duration,derived_secondary_ecl_duration_error,derived_secondary_ecl_depth,derived_secondary_ecl_depth_error
[from data line 682]
375316653866487564,4090398145476570752,0.47850826,2244.9737151462386,0.204013213297876,7.1730596E-5,18.442955,0.027705194,0.16264895,0.015342178,0.112376355,0.04421846,0.20784062,0.045985103,0.66140425,0.012099577,0.055962853,0.01865395,0.29137117,0.026883157,null,null,null,null,"TWOGAUSSIANS",8,8.796062,0.66140425,0.012099577,0.31339198,0.104462124,0.28624892,0.021606928,0.16264895,0.015342178,0.4,0.0,0.20269749,0.053774696
375316653866487564,4090398145477270656,0.53973335,2295.92802827851,0.40901723809491136,4.500415E-5,19.181646,0.015904913,0.16074403,0.009362996,0.09957658,0.011444896,0.29785952,0.028447708,0.6186362,0.016224675,0.06923262,0.017752111,0.5495372,0.45549265,null,null,null,null,"TWOGAUSSIANS",8,1.6603816,0.6186362,0.016224675,0.38770264,0.09399081,0.5452553,0.45996162,0.16074403,0.009362996,0.4,0.0,0.29356983,0.0289531
375316653866487564,4090398179836250624,0.46005994,2292.6582721879217,0.24377844886066477,3.565501E-5,18.418186,0.029709464,0.20041737,0.008811029,0.13113153,0.035971638,0.16421281,0.04922589,0.65673846,0.076660596,0.049634445,0.042132664,0.636419,4.3860884,null,null,null,null,"TWOGAUSSIANS",8,3.7156727,0.65673846,0.076660596,0.2779529,0.23594292,0.6324447,4.388805,0.20041737,0.008811029,0.4,0.0,0.15982275,0.050631933
375316653866487564,4090398347326456064,0.5016647,2333.343278857429,1.0384362481579115,8.066898E-6,18.466137,0.0060369903,0.30624154,0.024422918,0.08353431,0.019751102,0.08387287,0.007803511,0.7407983,0.0020904571,0.05427283,0.0050529432,0.13394913,0.0075203967,null,null,null,null,"TWOGAUSSIANS",8,1.5474895,0.7407983,0.0020904571,0.30392784,0.028296482,0.13390595,0.0075148656,0.30624154,0.024422918,0.4,0.017714743,0.083829574,0.0077722594
375316653866487564,4090398381755770112,0.50344163,2428.342912677021,1.8089178084812094,4.019036E-5,17.904137,0.035892386,0.30788684,0.012719797,0.113894776,0.04131179,0.21364737,0.2045885,0.7716592,0.007226197,0.07918409,0.0116251465,0.39353758,0.05212198,null,null,null,null,"TWOGAUSSIANS",8,2.2491496,0.7716592,0.007226197,0.4,0.0,0.38236478,0.04968418,0.30788684,0.012719797,0.4,0.0,0.20241769,0.21352497
375316653866487564,4090398420354237184,0.4984709,2425.712459369813,2.233136794159533,6.452742E-5,17.931084,0.03565498,0.40651807,0.01666585,0.16061075,0.052649345,0.16137256,0.034605466,0.8775267,0.0053296005,0.06488236,0.021658015,0.0869714,0.018465467,null,null,null,null,"TWOGAUSSIANS",8,1.7177974,0.40651807,0.01666585,0.4,0.0,0.14561827,0.039235815,0.8775267,0.0053296005,0.3633412,0.11000603,0.07411808,0.008507921
375316653866487564,4090398450368212224,0.5541618,2356.112632344056,1.3348560627194763,2.7333872E-5,15.595579,0.25337932,0.28023607,0.0051972372,0.11782025,0.051030077,0.13619305,0.18315233,0.77481323,0.007042317,0.15416142,0.10580846,0.15245846,0.25144228,null,null,null,null,"TWOGAUSSIANS",8,12.957764,0.77481323,0.007042317,0.4,0.0,0.101359166,0.0040554614,0.28061607,0.0051564146,0.4,0.0,0.086654335,0.008789259
375316653866487564,4090398557744472448,0.48376784,2325.4468088251506,2.1237033052023246,4.0399118E-5,18.21354,0.017473489,0.2589421,0.012810651,0.09051503,0.028088525,0.1185824,0.014913037,0.7760818,0.017573042,0.06964212,0.029007921,0.13024999,0.018721681,null,null,null,null,"TWOGAUSSIANS",8,4.4430656,0.7760818,0.017568612,0.38999587,0.0853408,0.12891853,0.012505636,0.2589421,0.012810651,0.4,0.0,0.11725084,0.010380841
375316653866487564,4090398592153125888,0.49725723,2301.4190953506527,1.021245099601319,8.026905E-5,18.553234,0.022171307,0.34671238,0.01290268,0.071084075,0.019263688,0.09743302,0.019255307,0.8296058,0.006228866,0.04203414,0.08101175,0.3228535,0.24979211,null,null,null,null,"TWOGAUSSIANS",8,1.4200832,0.8296058,0.006228866,0.2353912,0.15390852,0.32284513,0.2583684,0.34671238,0.012875742,0.39807084,0.014025857,0.09742464,0.010786834
375316653866487564,4090398828372861696,0.47748145,2282.8851562391596,1.4542596091758877,8.360973E-5,19.146276,0.0112680765,0.47351924,0.0128477765,0.036895502,0.008353811,0.19481075,0.054038774,0.24372835,0.029593099,0.09436357,0.044122618,0.15639055,0.01983785,null,null,null,null,"TWOGAUSSIANS",8,3.5621653,0.47201926,0.013141158,0.20661482,0.046781342,0.2030302,0.051752444,0.24372835,0.029593099,0.4,0.0,0.1563903,0.020143839
375316653866487564,4090399000161132160,0.58885944,2256.0448683838786,0.7568477739355571,3.3456479E-6,17.400831,8.6894416E-4,0.28198877,7.643754E-5,0.029296596,1.5719642E-4,0.34008086,3.232362E-4,0.9047819,0.10007713,0.09416498,0.07252328,0.0036185486,0.006645392,null,null,null,null,"TWOGAUSSIANS",8,2.1475158,0.28198877,7.643754E-5,0.16406094,8.8029995E-4,0.340082,3.52824E-4,0.9047819,0.10007713,0.4,0.23886266,0.0036184993,0.0066455705
375316653866487564,4090399171972469376,0.47482845,2284.2143284777744,0.24702095295150572,3.6120415E-5,19.418112,0.0104710115,0.80068654,0.008065203,0.027708484,0.016023088,0.07315568,0.01992065,0.37175775,0.01977447,0.17386138,0.024575602,0.2184711,0.016134445,null,null,null,null,"TWOGAUSSIANS",8,2.73901,0.37175775,0.01977447,0.4,0.0,0.21081571,0.0170677,0.7992965,0.007634941,0.1551675,0.089729294,0.07699885,0.020840771
375316653866487564,4090399206332222336,0.47971797,2243.887385579781,1.018798580534105,1.5688935E-4,19.279554,0.0395151,0.42337623,0.07956106,0.16374266,0.08260665,0.20218523,0.043497406,0.84228605,0.05797403,0.06064586,0.03660099,0.10178928,0.033201765,null,null,null,null,"TWOGAUSSIANS",8,1.750623,0.42337623,0.079558544,0.4,0.0,0.19131337,0.040126204,0.84228605,0.05797403,0.3396168,0.14966258,0.098954506,0.024296267
375316653866487564,4090399210627614976,0.64355254,2267.7544494978983,0.9211449794066423,1.2061062E-5,14.077778,0.0022436485,0.23657462,0.0021024197,0.029189974,0.002327259,0.1708037,0.011478643,0.73727685,5.864889E-4,0.02582299,0.0012125898,0.15919502,0.0059370254,0.015861059,0.0032530243,0.23657462,0.0021024197,"TWOGAUSSIANS_WITH_ELLIPSOIDAL_ON_ECLIPSE1",9,10.880879,0.23657462,0.0021024197,0.16346386,0.013032651,0.2025258,0.011011334,0.73727685,5.857272E-4,0.14460874,0.006790503,0.19091651,0.0061749825
375316653866487564,4090399515570174848,0.5091531,2263.450749164843,2.0443850541346364,6.608042E-5,19.02257,0.07929163,0.2920422,0.015759628,0.042752706,0.058581684,0.80054116,0.5653232,0.80156314,0.0053723473,0.06592305,0.033325367,0.20217566,0.06038269,null,null,null,null,"TWOGAUSSIANS",8,3.8944252,0.2920422,0.015759628,0.23941515,0.15657987,0.8005299,0.5812705,0.80156314,0.0053694616,0.36916906,0.0572777,0.20216441,0.0456422
375316653866487564,4090399549932049664,0.4569995,2294.131293906196,0.5502027250119991,2.29874E-5,19.387032,0.006607163,0.8660977,0.005515493,0.0348145,0.026241772,0.0370038,0.018486526,null,null,null,null,null,null,0.12696244,0.0093317265,0.8660977,0.005515493,"ONEGAUSSIAN_WITH_ELLIPSOIDAL",6,1.5057617,0.8660977,0.005515493,0.1949612,0.14695393,0.29092866,0.019314285,null,null,null,null,null,null
375316653866487564,4090399962246073472,0.59308624,2281.9157386785155,0.6118732552526026,1.8210327E-5,18.09111,0.010884448,0.39296603,0.0010735468,0.035810526,0.0029456806,0.4964517,0.020258423,0.90989244,0.057047013,0.06973005,0.0371841,0.10608662,0.037227564,null,null,null,null,"TWOGAUSSIANS",8,4.081417,0.39296603,0.0010735468,0.20053895,0.01649581,0.49644965,0.020254424,0.90989244,0.057047013,0.3904883,0.06394254,0.10608457,0.03728314
375316653866487564,4090400035261411072,0.5362991,2292.790750430143,0.15984616434247678,5.20771E-5,19.489002,0.034072403,0.02118444,0.010474301,0.011864965,0.008135118,0.10704431,0.38745785,0.4590703,0.013664526,0.13548398,0.020688534,0.34415385,0.031435277,null,null,null,null,"TWOGAUSSIANS",8,1.4567759,0.4590703,0.013664526,0.4,0.0,0.34339458,0.030919382,0.02124444,0.010524824,0.0664438,0.045556657,0.10820462,0.38745332
375316653866487564,4090400103980941440,0.6331078,2282.1911510810073,1.4865163740305138,2.080487E-5,17.924555,0.010608613,0.28780568,0.010639833,0.054744307,0.008772248,0.25061315,0.017258387,0.77970415,0.0087369075,0.044042904,0.0056745326,0.8431023,0.05696469,null,null,null,null,"TWOGAUSSIANS",8,7.027933,0.77970415,0.0087369075,0.24664026,0.031777382,0.8431008,0.056955997,0.28780568,0.010639833,0.30656812,0.04912459,0.25061163,0.017257418
375316653866487564,4090400168404434176,0.49687526,2252.2061907231846,2.2148081473462558,2.350461E-5,19.302664,0.013629723,0.17042905,0.008521502,0.012240282,0.026988264,0.1082284,0.06276422,null,null,null,null,null,null,0.16021489,0.018346874,0.17042905,0.008521502,"ONEGAUSSIAN_WITH_ELLIPSOIDAL",6,3.9991002,0.17042905,0.008521502,0.06854558,0.15113428,0.4286582,0.06501209,null,null,null,null,null,null
375316653866487564,4090400344500360192,0.51212174,2300.2169019150497,1.3112231361388402,2.8700972E-5,19.613716,0.050999906,0.24894406,0.012765337,0.12896052,0.030974694,0.29134464,0.044295307,0.7054158,0.0013997955,0.026299197,0.0030210475,0.4001658,0.04987561,null,null,null,null,"TWOGAUSSIANS",8,2.0694249,0.7054158,0.0013997955,0.1472755,0.016917866,0.3997021,0.049403198,0.24894406,0.012765337,0.4,0.0,0.29028612,0.043251213
375316653866487564,4090400408925207808,0.53442156,2311.6823359873197,1.3307665565450422,4.171785E-5,17.610235,1.049054,0.20263243,0.019427728,0.17573321,0.20487387,0.49757376,1.0305922,0.6863598,0.017627086,0.11948542,0.05803761,0.54613715,0.6786175,null,null,null,null,"TWOGAUSSIANS",8,6.8280296,0.6863598,0.017627086,0.4,0.0,0.34680298,0.061789904,0.20284243,0.019764958,0.4,0.0,0.2805306,0.042879224
375316653866487564,4090400516297790976,0.46290356,2277.551617851417,0.4259068554106767,3.4906097E-5,18.61602,0.09954264,0.20345025,0.013297809,0.18052289,0.06240643,0.2550838,0.093121395,0.6774133,0.037723627,0.056020048,0.015057961,0.18647324,0.055512376,null,null,null,null,"TWOGAUSSIANS",8,5.020744,0.20345025,0.013297809,0.4,0.0,0.22033237,0.03309896,0.6774133,0.038174853,0.31371227,0.08432458,0.1635015,0.043938257
375316653866487564,4090400962975160576,0.5761486,2285.9024946029836,0.11769424909928644,7.781566E-5,19.404535,0.011292808,0.1799509,0.013281233,0.06329463,0.01797348,0.23288718,0.076888666,0.9475729,0.85264784,0.10981942,0.03357838,0.17162871,0.015381436,null,null,null,null,"TWOGAUSSIANS",8,0.24723162,0.17322089,0.010337244,0.35444993,0.10065149,0.252341,0.012907677,0.9487729,0.839312,0.4,0.0,0.17189191,0.01521709
375316653866487564,4090400997285928576,0.47595137,2302.005653222192,0.18655223702841595,2.0182472E-4,17.87937,0.0056583816,0.27883464,0.02851469,0.03089619,0.018779479,0.015439069,0.008262593,0.63017845,0.02989076,0.052571066,0.031682763,0.14732468,0.106331006,null,null,null,null,"TWOGAUSSIANS",8,2.6045382,0.63017845,0.02989076,0.29439795,0.17742346,0.14732468,0.106331006,0.27883464,0.028513994,0.17301866,0.10516509,0.015439069,0.00826321
375316653866487564,4090401031694705664,0.60081303,2311.8276236505235,0.920735975305662,3.0073219E-5,16.905807,0.004516548,0.5852601,0.0036729372,0.015350128,0.0022245317,0.70430917,0.08272889,0.4530883,0.026227666,0.026070202,0.008499464,1.9168082,2.2186177,null,null,null,null,"TWOGAUSSIANS",8,24.50489,0.4530883,0.026227666,0.14599313,0.047597,1.9168082,2.2186177,0.5852601,0.0036729372,0.085960716,0.012457377,0.7043142,0.08272797
375316653866487564,4090401061760968064,0.47108603,2240.9515245725697,2.104284917861677,2.8353843E-5,19.02236,0.0860876,0.27664843,0.0064920965,0.047942,0.021212777,1.4407684,0.7945747,0.7062115,0.024005348,0.11016582,0.03762645,0.7494661,0.3196053,null,null,null,null,"TWOGAUSSIANS",8,2.7881734,0.27666843,0.006417432,0.2684752,0.11879155,1.4386739,0.80365545,0.7062115,0.024005348,0.4,0.0,0.74699605,0.32263568
375316653866487564,4090401100365129472,0.50821364,2392.6332653792565,1.008314890380453,1.9821953E-6,18.632978,0.011887274,0.6792375,0.003962931,0.058781188,0.0063762087,0.29304865,0.0025314435,0.48726994,4.7011476E-4,0.033330716,0.0025553147,0.4571134,0.027290415,null,null,null,null,"TWOGAUSSIANS",8,3.4211173,0.48745996,7.1055087E-4,0.186652,0.014309762,0.45853665,0.025516164,0.6792375,0.003962931,0.32917467,0.035706766,0.29304868,0.0025314107
375316653866487564,4090401237853196416,0.44911996,2308.4507871915234,0.5254191687811927,7.2604875E-5,18.709558,0.021630341,0.2911049,0.024362104,0.049169544,0.023023602,0.48899665,0.10454254,0.13089272,0.005370799,0.02225471,0.0032509079,0.18672462,0.0436533,null,null,null,null,"TWOGAUSSIANS",8,23.511839,0.2911049,0.024362104,0.27534944,0.12893216,0.48899665,0.10454254,0.13133273,0.0031090567,0.124626376,0.018205084,0.18917996,0.023659015
375316653866487564,4090401237853248000,0.4761511,2259.0921756394896,2.540627614527951,7.037534E-5,19.132782,0.018763993,0.30691773,0.022579975,0.11146463,0.036463916,0.19529304,0.044874698,0.72711205,0.025661888,0.05170249,0.04855847,0.1799751,0.055754945,null,null,null,null,"TWOGAUSSIANS",8,3.884344,0.30691773,0.022579249,0.4,0.0,0.19465192,0.045678403,0.72711205,0.025661888,0.28953394,0.16565005,0.17949449,0.059227765
375316653866487564,4090401375292199936,0.44173145,2283.510497023435,0.16379826398810468,1.099552E-4,18.399319,0.020866511,0.22505741,0.008658607,0.039422914,0.007628281,0.3856641,0.13293785,0.5264616,0.033487577,0.09228907,0.092272066,0.1176513,0.4011944,null,null,null,null,"TWOGAUSSIANS",8,4.2961473,0.22513741,0.008340701,0.22076832,0.042718373,0.38623288,0.13199076,0.5264616,0.033487577,0.4,0.184959,0.117651045,0.40122846
375316653866487564,4090401474079780352,0.51765615,2283.6190700582247,0.07993484103813042,4.578526E-5,19.736652,0.031483427,0.27436832,0.005795602,0.026466256,0.013522488,0.20904943,0.24461682,null,null,null,null,null,null,0.2809464,0.045567088,0.27436832,0.005795602,"ONEGAUSSIAN_WITH_ELLIPSOIDAL",6,5.720308,0.27436832,0.005795602,0.14821103,0.075725935,0.7709417,0.26993495,null,null,null,null,null,null
375316653866487564,4090401478322568064,0.4545388,2259.5823449780914,0.682597457183168,1.0101232E-4,17.591776,0.081315815,0.19740142,0.02696195,0.09378335,0.043276697,0.23805068,0.08138116,0.62895215,0.042373803,0.18497889,0.06784066,0.104858376,0.07770122,null,null,null,null,"TWOGAUSSIANS",8,4.5715766,0.20016141,0.032387238,0.4,0.0,0.21527095,0.063551426,0.62895215,0.042373803,0.4,0.0,0.074155055,0.009623964
375316653866487564,4090401645878739968,0.4951344,2302.002773657219,0.23755697333843798,7.84275E-5,19.405602,0.05856047,0.42312732,0.014367909,0.07637056,0.01381171,0.5407777,0.07691937,0.91970253,0.0076271677,0.025010232,0.023705874,1.1480354,2.326853,null,null,null,null,"TWOGAUSSIANS",8,4.062055,0.91970253,0.0076271677,0.1400573,0.1327529,1.1480304,2.327217,0.42312732,0.014367909,0.4,0.0,0.5407727,0.07638604
375316653866487564,4090401856279623680,0.55280775,2313.74319624711,0.6787032786602901,9.081435E-5,16.921904,0.0075742994,0.42492405,0.014385499,0.057163864,0.005229277,0.64189225,0.065606855,0.8157017,0.16824189,0.14177191,0.14065179,0.03164488,0.01600197,null,null,null,null,"TWOGAUSSIANS",8,6.5937433,0.42499405,0.014302618,0.32011765,0.02928395,0.6415254,0.06596396,0.8157017,0.16824189,0.4,0.15350392,0.030565681,0.017273901
375316653866487564,4090402028078353920,0.50745815,2268.712088813174,1.3488637592116526,9.474454E-5,18.852657,0.009098584,0.25226286,0.011394882,0.015974538,0.0051197563,0.14599109,0.06718819,0.6152291,0.001966285,0.08075064,0.0050686356,0.2964881,0.012802161,null,null,null,null,"TWOGAUSSIANS",8,2.5350177,0.6152291,0.001966285,0.4,0.0,0.2964881,0.012802171,0.25226286,0.011394882,0.089457415,0.028670637,0.14600325,0.067194365
