Gaia/vari_eclipsing_binary/VariEclipsingBinary_604502-604591.csv
# %ECSV 1.0
# ---
# delimiter: ','
# meta: !!omap
# - RELEASE: Gaia DR3
# - TABLE: vari_eclipsing_binary
# - DESCRIPTION: >
#     This table describes the properties of the eclipsing binaries resulting from the variability analysis. 
# - CITATION: >
#     How to cite and acknowledge Gaia: 
#     https://gea.esac.esa.int/archive/documentation/credits.html 
# - KNOWN_ISSUES: >
#     Known issues: 
#     https://www.cosmos.esa.int/web/gaia-users/known-issues 
# - DOCUMENTATION: >
#     Tutorials and documentation: 
#     https://www.cosmos.esa.int/web/gaia-users/archive 
# datatype:
# - 
#   name: solution_id
#   datatype: int64
#   description: Solution Identifier
#   meta:
#     ucd: meta.version
# - 
#   name: source_id
#   datatype: int64
#   description: Unique source identifier
#   meta:
#     ucd: meta.id;meta.main
# - 
#   name: global_ranking
#   datatype: float32
#   description: Number between 0 (worst) and 1 (best)
#   meta:
#     ucd: stat.param
# - 
#   name: reference_time
#   datatype: float64
#   unit: d
#   description: Reference time used for the geometric model fit
#   meta:
#     ucd: time.epoch
# - 
#   name: frequency
#   datatype: float64
#   unit: d**-1
#   description: Frequency of geometric model of the eclipsing binary light curve
#   meta:
#     ucd: src.orbital
# - 
#   name: frequency_error
#   datatype: float32
#   unit: d**-1
#   description: "Uncertainty of \\texttt{frequency}"
#   meta:
#     ucd: stat.error
# - 
#   name: geom_model_reference_level
#   datatype: float32
#   unit: mag
#   description: Magnitude reference level of geometric model
#   meta:
#     ucd: phot.mag;em.opt
# - 
#   name: geom_model_reference_level_error
#   datatype: float32
#   unit: mag
#   description: "Uncertainty of \\texttt{geomModelReferenceLevel}"
#   meta:
#     ucd: stat.error;phot.mag;em.opt
# - 
#   name: geom_model_gaussian1_phase
#   datatype: float32
#   description: Phase of the Gaussian 1 component
#   meta:
#     ucd: time.phase
# - 
#   name: geom_model_gaussian1_phase_error
#   datatype: float32
#   description: "Uncertainty of \\texttt{geomModelGaussian1Phase}"
#   meta:
#     ucd: stat.error;time.phase
# - 
#   name: geom_model_gaussian1_sigma
#   datatype: float32
#   description: "Standard deviation [phase] of Gaussian 1 component"
#   meta:
#     ucd: stat.stdev
# - 
#   name: geom_model_gaussian1_sigma_error
#   datatype: float32
#   description: "Uncertainty of \\texttt{geomModelGaussian1Sigma}"
#   meta:
#     ucd: stat.error
# - 
#   name: geom_model_gaussian1_depth
#   datatype: float32
#   unit: mag
#   description: Magnitude depth of Gaussian 1 component
#   meta:
#     ucd: src.var.amplitude
# - 
#   name: geom_model_gaussian1_depth_error
#   datatype: float32
#   unit: mag
#   description: "Uncertainty of \\texttt{geomModelGaussian1Depth}"
#   meta:
#     ucd: stat.error;src.var.amplitude
# - 
#   name: geom_model_gaussian2_phase
#   datatype: float32
#   description: Phase of Gaussian 2 component
#   meta:
#     ucd: time.phase
# - 
#   name: geom_model_gaussian2_phase_error
#   datatype: float32
#   description: "Uncertainty of \\texttt{geomModelGaussian2Phase}"
#   meta:
#     ucd: stat.error;time.phase
# - 
#   name: geom_model_gaussian2_sigma
#   datatype: float32
[...]
#   datatype: float32
#   description: "Secondary eclipse: uncertainty of \\texttt{derivedSecondaryEclDuration}"
#   meta:
#     ucd: stat.error;time.duration
# - 
#   name: derived_secondary_ecl_depth
#   datatype: float32
#   unit: mag
#   description: "Secondary eclipse: depth"
#   meta:
#     ucd: src.var.amplitude
# - 
#   name: derived_secondary_ecl_depth_error
#   datatype: float32
#   unit: mag
#   description: "Secondary eclipse: uncertainty of \\texttt{derivedSecondaryEclDepth}"
#   meta:
#     ucd: stat.error;src.var.amplitude
solution_id,source_id,global_ranking,reference_time,frequency,frequency_error,geom_model_reference_level,geom_model_reference_level_error,geom_model_gaussian1_phase,geom_model_gaussian1_phase_error,geom_model_gaussian1_sigma,geom_model_gaussian1_sigma_error,geom_model_gaussian1_depth,geom_model_gaussian1_depth_error,geom_model_gaussian2_phase,geom_model_gaussian2_phase_error,geom_model_gaussian2_sigma,geom_model_gaussian2_sigma_error,geom_model_gaussian2_depth,geom_model_gaussian2_depth_error,geom_model_cosine_half_period_amplitude,geom_model_cosine_half_period_amplitude_error,geom_model_cosine_half_period_phase,geom_model_cosine_half_period_phase_error,model_type,num_model_parameters,reduced_chi2,derived_primary_ecl_phase,derived_primary_ecl_phase_error,derived_primary_ecl_duration,derived_primary_ecl_duration_error,derived_primary_ecl_depth,derived_primary_ecl_depth_error,derived_secondary_ecl_phase,derived_secondary_ecl_phase_error,derived_secondary_ecl_duration,derived_secondary_ecl_duration_error,derived_secondary_ecl_depth,derived_secondary_ecl_depth_error
[from data line 682]
375316653866487564,5317842035608913408,0.5392051,2130.7963838620176,3.4861519666635283,1.0810695E-5,18.318388,0.024904998,0.31048596,0.0031392642,0.09649585,0.007289244,0.27987507,0.024754673,0.8144343,0.0047871,0.11141152,0.015781824,0.23624298,0.018478768,null,null,null,null,"TWOGAUSSIANS",8,3.0399208,0.31048596,0.003146796,0.4,0.0,0.25294635,0.010908134,0.8144343,0.0047871,0.4,0.0,0.20929487,0.017852204
375316653866487564,5317847777990925824,0.56754255,2183.7546765027955,3.463125959442141,6.385229E-6,19.617804,0.009357604,0.21744944,0.002358053,0.07285135,0.0027890478,0.60144186,0.025303733,0.71286845,0.0021515675,0.06750536,0.0028329135,0.51830775,0.021560816,null,null,null,null,"TWOGAUSSIANS",8,1.5056784,0.21744944,0.002358053,0.4,0.0,0.5996943,0.025417225,0.71286845,0.0021515675,0.37803003,0.015864316,0.5165602,0.021599175
375316653866487564,5317848701399515136,0.4292946,2146.571477710915,0.5341313831412856,1.0178351E-4,18.671167,0.008578791,0.079143524,0.010954363,0.02478375,0.007987082,0.12216515,0.15593915,0.3551151,0.012099353,0.039897703,0.013095935,0.14005032,0.030718688,null,null,null,null,"TWOGAUSSIANS",8,8.670177,0.3551151,0.012099353,0.22342715,0.073337235,0.14005032,0.030718688,0.079143524,0.010954363,0.138789,0.044727657,0.12216515,0.15593915
375316653866487564,5317850316307145856,0.5583946,2145.8419643714587,2.926475247633188,6.491795E-6,18.792316,0.008525494,0.25590855,0.001931412,0.0758963,0.0022647402,0.40786707,0.0094350325,0.75363135,0.0045190556,0.07151513,0.0067221834,0.3856465,0.010170673,null,null,null,null,"TWOGAUSSIANS",8,2.7703319,0.25590855,0.001931412,0.4,0.0,0.40547612,0.00859017,0.75363135,0.0045190556,0.4,0.020538794,0.38325554,0.009905964
375316653866487564,5317851072221409408,0.46259984,2184.217431522881,2.9422253934267313,2.43606E-5,17.700615,0.004255264,0.07208376,0.01694637,0.05288537,0.020037828,0.08445215,0.09774296,0.7083942,0.0087482575,0.02650869,0.014080374,0.02508184,0.07367981,0.057227254,0.0059588356,0.7083942,0.0087482575,"TWOGAUSSIANS_WITH_ELLIPSOIDAL_ON_ECLIPSE2",9,13.9997015,0.09859376,0.026589649,0.29615808,0.11221184,0.14257276,0.09436945,0.7083942,0.0087482575,0.14844868,0.07885009,0.13953634,0.07020146
375316653866487564,5317851175300792704,0.5190108,2146.0122641000057,1.5268323744930445,1.0405333E-5,18.319407,0.099486694,0.2772792,0.006669117,0.124822505,0.021750001,0.23727491,0.09232962,0.80570394,0.0070574516,0.14395854,0.042214632,0.18859757,0.09662296,null,null,null,null,"TWOGAUSSIANS",8,1.526376,0.2762992,0.0046367263,0.4,0.0,0.17814808,0.009414429,0.80623394,0.006159621,0.4,0.0,0.12857856,0.011515234
375316653866487564,5317851725056917120,0.50418675,2158.2433529463615,1.460756283554552,1.8611174E-5,17.09629,0.07379099,0.21401949,0.0069384775,0.13042097,0.053111706,0.07826371,0.07139581,0.7016852,0.008171868,0.12782288,0.048803266,0.092372306,0.06645149,null,null,null,null,"TWOGAUSSIANS",8,1.5403144,0.7016852,0.008171868,0.4,0.0,0.06877148,0.008388789,0.2142295,0.006384578,0.4,0.0,0.054649863,0.0034784267
375316653866487564,5317855195389157248,0.48988053,2152.6383971215505,3.1723053197771747,2.0054711E-5,16.830843,0.019646212,0.26880658,0.006818983,0.09809457,0.025876258,0.11091783,0.012482906,0.78061074,0.0053948606,0.11186947,0.01835578,0.0982904,0.018970087,null,null,null,null,"TWOGAUSSIANS",8,6.4726844,0.2687966,0.006824444,0.4,0.0,0.10030618,0.016563023,0.78061074,0.0053934907,0.4,0.0,0.08766935,0.007002896
375316653866487564,5317855543291564800,0.6585308,2239.709790622671,2.52671032709408,3.778084E-6,16.445757,0.016889397,0.22261211,0.00200994,0.05703334,0.0070294975,0.3616547,0.029612372,0.7194458,0.0014376222,0.05489281,0.003659889,0.37806758,0.034320123,0.11434465,0.01880924,0.22261211,0.00200994,"TWOGAUSSIANS_WITH_ELLIPSOIDAL_ON_ECLIPSE1",9,14.328866,0.71984583,0.0011662855,0.30739972,0.02049538,0.6066428,0.009342675,0.22261211,0.00200994,0.31938672,0.039365187,0.59030896,0.039421897
375316653866487564,5317856436644825600,0.63059855,2179.1742267157133,3.304448021573447,6.873339E-6,15.674686,0.011948148,0.24712084,0.0018462309,0.04972884,0.0048983158,0.19960958,0.025213305,0.74051607,0.0024856345,0.054584056,0.0039884974,0.27832744,0.02418108,0.10240227,0.013569097,0.24712084,0.0018462309,"TWOGAUSSIANS_WITH_ELLIPSOIDAL_ON_ECLIPSE1",9,41.850178,0.7414861,0.002018012,0.3056707,0.022335585,0.4828262,0.008489219,0.24712084,0.0018462309,0.2784815,0.027430568,0.4044089,0.0043058703
375316653866487564,5317857325693482880,0.5376389,2195.8576670100056,3.115859964143185,1.7629813E-5,17.57722,0.01009647,0.27156872,0.0071231145,0.07486071,0.009133428,0.33084428,0.020438349,0.7591189,0.004003934,0.077965006,0.0056868326,0.28695682,0.010395958,null,null,null,null,"TWOGAUSSIANS",8,10.037632,0.27156872,0.0071231145,0.4,0.0,0.32861924,0.020605585,0.7591189,0.004003934,0.4,0.0,0.28473178,0.009525895
375316653866487564,5317859735173242112,0.5817937,2233.9611991979864,2.6475342487610547,4.7829094E-6,18.660128,0.010012114,0.14262815,0.0017462202,0.07147139,0.002660192,0.4439488,0.013725535,0.6428416,0.0033911294,0.07342131,0.0050894204,0.42059645,0.02061991,null,null,null,null,"TWOGAUSSIANS",8,1.8047833,0.14262815,0.0017462202,0.4,0.008275039,0.44171855,0.013417422,0.6428416,0.0033911294,0.4,0.0031593116,0.41836616,0.021138024
375316653866487564,5317862415239409920,0.46552867,2247.3871569300454,1.0418112562093365,4.4645232E-5,17.51767,0.005499159,0.3919564,0.021448392,0.060789596,0.018337136,0.03588527,0.006517735,0.7031287,0.0033155186,0.013775626,0.017813036,0.5165725,0.42448154,null,null,null,null,"TWOGAUSSIANS",8,15.156035,0.7031287,0.0033155186,0.077143505,0.09975301,0.5165726,0.4244813,0.3919564,0.021448392,0.34042174,0.10268796,0.03588527,0.006517735
375316653866487564,5317863201209458944,0.534527,2176.1293913187124,2.3393140219896504,1.015849E-5,18.556011,0.015608338,0.3009248,0.005170604,0.07622166,0.01101449,0.15697147,0.014210308,0.7990212,0.002510165,0.0898101,0.007302823,0.24162515,0.015711587,null,null,null,null,"TWOGAUSSIANS",8,2.4133189,0.7990212,0.002510165,0.4,0.0,0.23753275,0.01318433,0.3009248,0.005170604,0.4,0.009294814,0.15287918,0.012470647
375316653866487564,5317864648616556288,0.5135954,2185.374283474313,2.213799037955518,9.77599E-6,18.695675,0.024952305,0.26897898,0.0060572443,0.11317848,0.014153427,0.1676829,0.022471158,0.7904606,0.0053496202,0.124127075,0.013622611,0.16884215,0.02607004,null,null,null,null,"TWOGAUSSIANS",8,0.9784759,0.7905206,0.005311637,0.4,0.0,0.1388143,0.008645449,0.26880896,0.006029836,0.4,0.0,0.137754,0.008939406
375316653866487564,5317865610689396352,0.47217807,2167.1157013238417,1.2456974796146,5.8773145E-5,18.793371,0.017276226,0.36688837,0.029442407,0.11461074,0.037714593,0.13171223,0.029101284,0.8145907,0.015415926,0.075517826,0.016835975,0.18235356,0.018427847,null,null,null,null,"TWOGAUSSIANS",8,2.6318483,0.8145907,0.015415926,0.4,0.052425347,0.17813899,0.017409818,0.36688837,0.029442407,0.4,0.0,0.12743247,0.0297657
375316653866487564,5317866602824416640,0.6980967,2177.6417224162424,1.6207349970379321,4.3025093E-6,16.798834,0.0029499044,0.23778044,0.0010303996,0.052705295,0.0016897551,0.3209394,0.008738371,0.7410658,0.0015736083,0.039230257,0.009852746,0.03360499,0.013060404,0.07097263,0.003330677,0.7410658,0.0015736083,"TWOGAUSSIANS_WITH_ELLIPSOIDAL_ON_ECLIPSE2",9,2.2017295,0.23807044,8.986299E-4,0.29514965,0.0094626285,0.4628255,0.0094623435,0.7410658,0.0015736083,0.21968944,0.05517537,0.17554624,0.012405864
375316653866487564,5317867942854161152,0.55593365,2196.7599744383274,1.7151560635278287,2.8877248E-5,17.314764,0.004353366,0.2676125,0.004127995,0.06292498,0.007811163,0.17718972,0.018580291,0.7600288,0.004217759,0.092474215,0.0070484853,0.08268722,0.004556332,null,null,null,null,"TWOGAUSSIANS",8,2.2241697,0.2676125,0.004127995,0.3523799,0.043742515,0.17614034,0.019031648,0.7600288,0.004217759,0.4,0.0,0.08163777,0.004176942
375316653866487564,5317870622914135424,0.6237401,2190.4492530612556,2.9629970385591355,4.0150603E-6,18.697372,0.01885504,0.24123129,0.0020237442,0.04424587,0.0081122415,0.43551847,0.04742721,0.73827904,0.0025641639,0.047663994,0.0046544094,0.43095434,0.046344917,0.114512436,0.029836303,0.24123129,0.0020237442,"TWOGAUSSIANS_WITH_ELLIPSOIDAL_ON_ECLIPSE1",9,2.9998143,0.24123129,0.0020237442,0.24777687,0.04542855,0.66454244,0.07110628,0.7385391,0.002319526,0.26691836,0.026064694,0.6599064,0.03362431
375316653866487564,5317871761088652160,0.5333248,2160.9932748358033,2.655597079460746,9.899204E-6,15.385395,0.13838026,0.26779884,0.0032236204,0.20564117,0.026044657,0.7722669,0.12549561,0.77115,0.002879651,0.19171602,0.022053473,0.7189224,0.13155909,null,null,null,null,"TWOGAUSSIANS",8,11.582651,0.26542884,0.0030690888,0.4,0.0,0.15032418,0.0055793216,0.77421,0.0028009303,0.4,0.0,0.12941992,0.004051015
375316653866487564,5317873852728775424,0.5561319,2155.5697315040557,0.9783607869375083,1.1594194E-5,18.440067,0.0023804202,0.3195375,0.0051752212,0.031822838,0.0041913507,0.14111666,0.010370067,0.8229045,0.0034675444,0.029919956,0.002346945,0.30819198,0.015521572,null,null,null,null,"TWOGAUSSIANS",8,1.748729,0.8229045,0.0034675444,0.16755174,0.013142892,0.30819198,0.015521572,0.3195375,0.0051752212,0.17820789,0.023471564,0.14111666,0.010370067
375316653866487564,5317874853465168128,0.4414412,2171.736906255015,0.13185374739180164,6.247091E-5,16.50622,0.47867984,0.31301552,0.059177086,0.0666623,0.17533031,0.19838133,0.41714665,0.77176803,0.0102450205,0.08215136,0.0610881,0.179064,0.3212034,null,null,null,null,"TWOGAUSSIANS",8,125.23353,0.31301552,0.059831407,0.37330884,0.15201432,0.19788168,0.06718355,0.77176803,0.009281339,0.4,0.0,0.17856432,0.0299514
375316653866487564,5317876395349657984,0.62623215,2160.6023057319853,1.329577832515913,4.582611E-6,18.862944,0.007677846,0.21858186,0.0014226928,0.040077057,0.0019298336,0.6426997,0.027880665,0.7199062,0.0048801047,0.046412002,0.00526664,0.14375967,0.019397149,0.08945451,0.011831405,0.21858186,0.0014226928,"TWOGAUSSIANS_WITH_ELLIPSOIDAL_ON_ECLIPSE1",9,1.6812361,0.21858186,0.0014226928,0.22443151,0.010807067,0.8216086,0.022271156,0.7199062,0.004607075,0.25990722,0.029493183,0.32265615,0.0086045815
375316653866487564,5317876635867849088,0.52717954,2141.4185844179415,2.7080412822303757,8.337073E-6,19.169806,0.012976523,0.28687122,0.0034495033,0.08255438,0.0100339865,0.3259378,0.036101952,0.7971476,0.0050153467,0.08083451,0.006252637,0.30748808,0.016456438,null,null,null,null,"TWOGAUSSIANS",8,2.3715813,0.28687122,0.0034495033,0.4,0.0,0.3211109,0.039373137,0.7971476,0.0050153467,0.4,0.0,0.30266118,0.0147279175
375316653866487564,5317878186359809792,0.55299383,2139.3451298871114,1.815971131728487,4.627596E-6,18.205841,0.008814088,0.2593026,0.002777481,0.037374027,0.005876466,0.43152916,0.084544376,0.75465745,0.0015201239,0.023772998,0.0016557242,0.6265455,0.020563403,null,null,null,null,"TWOGAUSSIANS",8,14.307785,0.75465745,0.0015201239,0.13312879,0.009272056,0.6265455,0.020563403,0.2593026,0.002777481,0.20929456,0.03290821,0.43152916,0.084544376
375316653866487564,5317878873554669696,0.5920977,2115.3984482723918,3.131331104494077,4.1969543E-6,15.518244,0.01976093,0.24699336,0.0021198029,0.060028452,0.0076008043,0.17737457,0.04522895,0.7464453,0.004746617,0.05657178,0.007422548,0.23315321,0.046961434,0.067962766,0.026767952,0.24699336,0.0021198029,"TWOGAUSSIANS_WITH_ELLIPSOIDAL_ON_ECLIPSE1",9,48.273586,0.7465153,0.004200375,0.31680197,0.041566268,0.36903414,0.011675231,0.24699336,0.0021198029,0.33615935,0.042564504,0.3132569,0.010720072
375316653866487564,5317879663824111616,0.60699755,2138.931431146365,1.913818859379674,4.247249E-6,18.251823,0.0033617793,0.2948242,6.8941567E-4,0.07317576,0.0013435509,0.26986924,0.0040473104,0.79837155,0.0033165992,0.0857998,0.003397394,0.128776,0.0042459136,null,null,null,null,"TWOGAUSSIANS",8,0.5077268,0.2948242,6.8941567E-4,0.4,0.0,0.2675028,0.0038124043,0.79837155,0.0033165992,0.4,0.0,0.12640959,0.003910613
375316653866487564,5317880041785788800,0.4496601,2175.4382948529387,3.7825903132553074,2.6333524E-5,19.345688,0.005517049,0.2529272,0.010839202,0.066821195,0.05007338,0.020098293,0.020518422,0.7808974,3.2825198E-4,0.010658643,0.0015305482,1.2685102,1.1592472,0.05420302,0.0064367317,0.2529272,0.010839202,"TWOGAUSSIANS_WITH_ELLIPSOIDAL_ON_ECLIPSE1",9,3.4611702,0.7808974,3.2825198E-4,0.059688404,0.00857107,1.373584,1.1666974,0.2529272,0.010839202,0.3741987,0.16695802,0.12848587,0.016026689
375316653866487564,5317883301658107392,0.597681,2159.9228120524704,1.7587556618873137,6.284321E-6,17.247501,0.0024795881,0.29074785,0.0023422881,0.070847906,0.0029912174,0.19141556,0.003763332,0.79423547,0.002334168,0.07358947,0.004161109,0.14410128,0.0028158638,null,null,null,null,"TWOGAUSSIANS",8,1.5062542,0.29074785,0.0023422881,0.39674827,0.013571229,0.1906552,0.003684356,0.79423547,0.002334168,0.4,0.0,0.14334092,0.0028033012
375316653866487564,5317883954493131520,0.5201705,2180.1684607379266,2.8003495966211904,1.0240866E-5,18.793875,0.007945277,0.20002677,0.009272431,0.08176157,0.011212687,0.13081855,0.014304695,0.69812024,0.0034448607,0.08715815,0.0048766737,0.2139525,0.009418156,null,null,null,null,"TWOGAUSSIANS",8,1.6277475,0.69812024,0.0034448607,0.4,0.0,0.20988463,0.007898709,0.20002677,0.009272431,0.4,0.0,0.12675071,0.013770784
375316653866487564,5317884302393507712,0.47623467,2150.8516379111416,3.413753208019867,3.0353527E-5,19.732296,0.04204228,0.22823986,0.013294712,0.108973175,0.01841894,0.29810205,0.039076038,0.7532576,0.01879987,0.12024102,0.023710273,0.24727948,0.041298445,null,null,null,null,"TWOGAUSSIANS",8,2.505918,0.22812986,0.013249248,0.4,0.0,0.25913686,0.015451488,0.7533076,0.018755442,0.4,0.0,0.2082202,0.010981981
375316653866487564,5317885230106312448,0.600628,2202.7125854839715,2.941664555945224,1.058565E-5,17.65345,0.017920543,0.29941717,0.0032347038,0.04937781,0.00847068,0.24059302,0.045815315,0.80093944,0.007173746,0.048126347,0.008713216,0.325528,0.043405272,0.14087315,0.024989506,0.29941717,0.0032347038,"TWOGAUSSIANS_WITH_ELLIPSOIDAL_ON_ECLIPSE1",9,15.860979,0.80093944,0.0069107343,0.26950753,0.048794005,0.6072473,0.043721076,0.29941717,0.0032347038,0.27651572,0.04743581,0.5223381,0.015091684
375316653866487564,5317885912998085632,0.6111107,2205.729297194328,3.1493104744488214,4.114684E-6,18.136782,0.005672937,0.25993893,0.0018288913,0.075220235,0.0020378688,0.53545964,0.009773639,0.75291455,7.89724E-4,0.073268905,0.0012367413,0.5802764,0.014031396,null,null,null,null,"TWOGAUSSIANS",8,2.880275,0.75291455,7.89724E-4,0.4,0.0,0.57700163,0.014060339,0.25993893,0.0018288913,0.4,0.0,0.5321849,0.009791173
375316653866487564,5317886325315113600,0.48947623,2201.8437750790654,2.927975960928368,2.6750737E-5,17.487123,0.006320112,0.31517705,0.008509037,0.05209143,0.007897674,0.18734156,0.018136883,0.8037852,0.012655187,0.082773134,0.015118831,0.05258906,0.0064548543,null,null,null,null,"TWOGAUSSIANS",8,7.1050515,0.31517705,0.008509037,0.29171202,0.044226974,0.18721846,0.018101148,0.8037852,0.012655187,0.4,0.0,0.05246596,0.006324825
375316653866487564,5317886394034543104,0.5858907,2228.3146850415956,1.8625304530432554,8.166744E-6,17.234766,0.006965158,0.28099012,0.0044251727,0.09145526,0.005659974,0.19644952,0.008247834,0.7832049,0.0028701418,0.10350399,0.0054992936,0.1408455,0.007353207,null,null,null,null,"TWOGAUSSIANS",8,1.6664749,0.28099012,0.0044251727,0.4,0.0,0.18459952,0.0071942564,0.7832049,0.0028701418,0.4,0.0,0.12899321,0.004470824
375316653866487564,5317886535776438272,0.6510831,2198.4472668032863,3.0138497625145333,4.8249512E-6,17.698551,0.013045426,0.25293353,0.0013868517,0.04026832,0.0026863734,0.4172283,0.030636886,0.755341,0.0020073366,0.04876399,0.004039228,0.46110043,0.027367784,0.1297875,0.016299559,0.25293353,0.0013868517,"TWOGAUSSIANS_WITH_ELLIPSOIDAL_ON_ECLIPSE1",9,7.509725,0.755341,0.0020073366,0.27307835,0.022619678,0.72061485,0.020167101,0.25293353,0.0013868517,0.2255026,0.015043692,0.6768021,0.016460378
