Gaia/vari_eclipsing_binary/VariEclipsingBinary_520697-521112.csv
# %ECSV 1.0
# ---
# delimiter: ','
# meta: !!omap
# - RELEASE: Gaia DR3
# - TABLE: vari_eclipsing_binary
# - DESCRIPTION: >
#     This table describes the properties of the eclipsing binaries resulting from the variability analysis. 
# - CITATION: >
#     How to cite and acknowledge Gaia: 
#     https://gea.esac.esa.int/archive/documentation/credits.html 
# - KNOWN_ISSUES: >
#     Known issues: 
#     https://www.cosmos.esa.int/web/gaia-users/known-issues 
# - DOCUMENTATION: >
#     Tutorials and documentation: 
#     https://www.cosmos.esa.int/web/gaia-users/archive 
# datatype:
# - 
#   name: solution_id
#   datatype: int64
#   description: Solution Identifier
#   meta:
#     ucd: meta.version
# - 
#   name: source_id
#   datatype: int64
#   description: Unique source identifier
#   meta:
#     ucd: meta.id;meta.main
# - 
#   name: global_ranking
#   datatype: float32
#   description: Number between 0 (worst) and 1 (best)
#   meta:
#     ucd: stat.param
# - 
#   name: reference_time
#   datatype: float64
#   unit: d
#   description: Reference time used for the geometric model fit
#   meta:
#     ucd: time.epoch
# - 
#   name: frequency
#   datatype: float64
#   unit: d**-1
#   description: Frequency of geometric model of the eclipsing binary light curve
#   meta:
#     ucd: src.orbital
# - 
#   name: frequency_error
#   datatype: float32
#   unit: d**-1
#   description: "Uncertainty of \\texttt{frequency}"
#   meta:
#     ucd: stat.error
# - 
#   name: geom_model_reference_level
#   datatype: float32
#   unit: mag
#   description: Magnitude reference level of geometric model
#   meta:
#     ucd: phot.mag;em.opt
# - 
#   name: geom_model_reference_level_error
#   datatype: float32
#   unit: mag
#   description: "Uncertainty of \\texttt{geomModelReferenceLevel}"
#   meta:
#     ucd: stat.error;phot.mag;em.opt
# - 
#   name: geom_model_gaussian1_phase
#   datatype: float32
#   description: Phase of the Gaussian 1 component
#   meta:
#     ucd: time.phase
# - 
#   name: geom_model_gaussian1_phase_error
#   datatype: float32
#   description: "Uncertainty of \\texttt{geomModelGaussian1Phase}"
#   meta:
#     ucd: stat.error;time.phase
# - 
#   name: geom_model_gaussian1_sigma
#   datatype: float32
#   description: "Standard deviation [phase] of Gaussian 1 component"
#   meta:
#     ucd: stat.stdev
# - 
#   name: geom_model_gaussian1_sigma_error
#   datatype: float32
#   description: "Uncertainty of \\texttt{geomModelGaussian1Sigma}"
#   meta:
#     ucd: stat.error
# - 
#   name: geom_model_gaussian1_depth
#   datatype: float32
#   unit: mag
#   description: Magnitude depth of Gaussian 1 component
#   meta:
#     ucd: src.var.amplitude
# - 
#   name: geom_model_gaussian1_depth_error
#   datatype: float32
#   unit: mag
#   description: "Uncertainty of \\texttt{geomModelGaussian1Depth}"
#   meta:
#     ucd: stat.error;src.var.amplitude
# - 
#   name: geom_model_gaussian2_phase
#   datatype: float32
#   description: Phase of Gaussian 2 component
#   meta:
#     ucd: time.phase
# - 
#   name: geom_model_gaussian2_phase_error
#   datatype: float32
#   description: "Uncertainty of \\texttt{geomModelGaussian2Phase}"
#   meta:
#     ucd: stat.error;time.phase
# - 
#   name: geom_model_gaussian2_sigma
#   datatype: float32
[...]
#   datatype: float32
#   description: "Secondary eclipse: uncertainty of \\texttt{derivedSecondaryEclDuration}"
#   meta:
#     ucd: stat.error;time.duration
# - 
#   name: derived_secondary_ecl_depth
#   datatype: float32
#   unit: mag
#   description: "Secondary eclipse: depth"
#   meta:
#     ucd: src.var.amplitude
# - 
#   name: derived_secondary_ecl_depth_error
#   datatype: float32
#   unit: mag
#   description: "Secondary eclipse: uncertainty of \\texttt{derivedSecondaryEclDepth}"
#   meta:
#     ucd: stat.error;src.var.amplitude
solution_id,source_id,global_ranking,reference_time,frequency,frequency_error,geom_model_reference_level,geom_model_reference_level_error,geom_model_gaussian1_phase,geom_model_gaussian1_phase_error,geom_model_gaussian1_sigma,geom_model_gaussian1_sigma_error,geom_model_gaussian1_depth,geom_model_gaussian1_depth_error,geom_model_gaussian2_phase,geom_model_gaussian2_phase_error,geom_model_gaussian2_sigma,geom_model_gaussian2_sigma_error,geom_model_gaussian2_depth,geom_model_gaussian2_depth_error,geom_model_cosine_half_period_amplitude,geom_model_cosine_half_period_amplitude_error,geom_model_cosine_half_period_phase,geom_model_cosine_half_period_phase_error,model_type,num_model_parameters,reduced_chi2,derived_primary_ecl_phase,derived_primary_ecl_phase_error,derived_primary_ecl_duration,derived_primary_ecl_duration_error,derived_primary_ecl_depth,derived_primary_ecl_depth_error,derived_secondary_ecl_phase,derived_secondary_ecl_phase_error,derived_secondary_ecl_duration,derived_secondary_ecl_duration_error,derived_secondary_ecl_depth,derived_secondary_ecl_depth_error
[from data line 318]
375316653866487564,4583120843777182848,0.5909053,2206.255639078503,3.7359983652081445,4.931405E-6,18.997522,0.02210604,0.27188095,0.0018284381,0.05590476,0.0057476535,0.3318519,0.048134774,0.7611672,0.0046178866,0.049411226,0.007221905,0.38734254,0.042290132,0.12872317,0.028538933,0.27188095,0.0018284381,"TWOGAUSSIANS_WITH_ELLIPSOIDAL_ON_ECLIPSE1",9,2.914386,0.7623772,0.0040907897,0.27670285,0.040442668,0.64374006,0.02117597,0.27188095,0.0018284381,0.31306666,0.032186862,0.58928245,0.016515069
375316653866487564,4583139196177306240,0.5887842,2213.5930396505214,3.1056125835217996,6.598917E-6,16.002758,0.01215773,0.245232,0.003624394,0.057128616,0.0073213265,0.13903989,0.026555963,0.7559973,0.0021254027,0.050869662,0.006783286,0.16801217,0.028102987,0.10195481,0.016070453,0.7559973,0.0021254027,"TWOGAUSSIANS_WITH_ELLIPSOIDAL_ON_ECLIPSE2",9,35.606342,0.7559973,0.0021254027,0.28487012,0.0379864,0.3719147,0.00962073,0.248182,0.0022093446,0.31992024,0.040999427,0.34226587,0.010551862
375316653866487564,4583143628582897280,0.4123412,2215.012990533826,0.2091062299263841,4.3824875E-5,14.844848,0.0021234588,0.39071298,0.018493261,0.09598729,0.018055417,0.027191697,0.0043501467,0.7657912,0.017594391,0.07002956,0.009469536,0.033513036,0.0039898693,null,null,null,null,"TWOGAUSSIANS",8,33.890762,0.7657912,0.017594391,0.3921655,0.04736027,0.03347714,0.003976134,0.39071298,0.018493261,0.4,0.0,0.027142672,0.00438546
375316653866487564,4583164484944597248,0.5781879,2205.8413133100917,1.1719794386996565,5.399136E-6,16.8387,0.007259985,0.26378378,0.0016302229,0.031004244,0.0018477977,1.5235971,0.10408823,0.76397216,0.0019916438,0.030781377,0.0025660833,0.17477337,0.01613344,0.040733688,0.008385627,0.26378378,0.0016302229,"TWOGAUSSIANS_WITH_ELLIPSOIDAL_ON_ECLIPSE1",9,49.178123,0.26378378,0.0016302229,0.17362377,0.010347667,1.6050644,0.10532469,0.76397216,0.0019704176,0.17237571,0.014370067,0.25624046,0.007443681
375316653866487564,4583164961681999744,0.5152349,2174.873019693517,3.0461295372633495,3.313872E-5,17.068344,0.104601316,0.18856582,0.008805522,0.108426645,0.037785336,0.2088272,0.09932206,0.66403806,0.010404822,0.114759624,0.033556756,0.28068778,0.10058849,null,null,null,null,"TWOGAUSSIANS",8,32.18266,0.66403806,0.010404822,0.4,0.0,0.25003982,0.016410327,0.18865582,0.00870316,0.4,0.0,0.17822434,0.013282083
375316653866487564,4583172628202136192,0.54092085,2221.946072661499,1.7547726880164631,8.488465E-6,15.2800255,9.6128945E-4,0.15109752,0.0020846333,0.005540478,0.0018208852,0.015174411,0.007850328,null,null,null,null,null,null,0.048592344,0.0010716813,0.15109752,0.0020846333,"ONEGAUSSIAN_WITH_ELLIPSOIDAL",6,11.262927,0.15109752,0.0020846333,0.031026678,0.010196958,0.11235895,0.008079625,null,null,null,null,null,null
375316653866487564,4583178057040744064,0.5185195,2167.7953017029204,2.3490650040937577,9.302318E-6,19.239223,0.013530564,0.24540605,0.0024033638,0.09072441,0.005487247,0.2871527,0.013036358,0.7487454,0.0045339963,0.08863905,0.01057091,0.27518767,0.0113366535,null,null,null,null,"TWOGAUSSIANS",8,1.1721057,0.24540605,0.0024033638,0.4,0.0,0.27618968,0.009065878,0.7487454,0.0045339963,0.4,0.0,0.26422474,0.01019172
375316653866487564,4583184825909756416,0.55483013,2214.674344285305,1.1705899364161232,1.9222934E-5,17.685282,0.0026760201,0.5300854,0.0013911382,0.022300828,0.0017893739,0.3663377,0.01594226,0.674012,0.020891896,0.01745884,0.016364787,0.031850643,8.299084,null,null,null,null,"TWOGAUSSIANS",8,6.600646,0.5300854,0.0013911382,0.12488464,0.010020494,0.3663377,0.015942262,0.674012,0.020891896,0.0977695,0.091642804,0.031850643,8.299084
375316653866487564,4583192999227337344,0.5607797,2206.8425645353095,2.1130082975131135,5.958173E-6,18.412245,0.0056790183,0.28408602,9.450069E-4,0.039315324,0.0018014149,0.4456895,0.018837443,0.7850835,0.0022764788,0.033505984,0.0022577131,0.441126,0.039664418,0.025014674,0.0068403766,0.28408602,9.450069E-4,"TWOGAUSSIANS_WITH_ELLIPSOIDAL_ON_ECLIPSE1",9,3.4678602,0.28408602,9.450069E-4,0.22016582,0.010087923,0.49571887,0.019061608,0.7850835,0.0022764788,0.1876335,0.012643194,0.49115336,0.041745897
375316653866487564,4583199360078743424,0.47451442,2221.0823439667774,0.3689229152741612,2.7094171E-5,10.056357,4.883319E-4,0.31301355,0.0044367914,0.0147648705,0.006512038,0.077219464,0.018590564,null,null,null,null,null,null,0.0058226935,7.343082E-4,0.31301355,0.0044367914,"ONEGAUSSIAN_WITH_ELLIPSOIDAL",6,19.590187,0.31301355,0.0044367914,0.08268328,0.03646741,0.08886485,0.01784701,null,null,null,null,null,null
375316653866487564,4583203517607199872,0.583077,2188.229870431795,0.7873016428341459,1.1628693E-5,18.656034,0.002484924,0.23884575,5.575338E-5,0.004477369,6.408484E-5,0.98586947,0.031391826,0.4269452,0.002995868,0.015931647,0.0045493646,0.06148431,0.028652748,null,null,null,null,"TWOGAUSSIANS",8,1.581052,0.23884575,5.575338E-5,0.025073268,3.588751E-4,0.98586947,0.031391826,0.4269452,0.002995868,0.08921722,0.02547644,0.06148431,0.028652748
375316653866487564,4583210664433190400,0.6329795,2201.6472021514146,3.5297384221710106,6.092215E-6,15.882419,0.0075214016,0.20937437,0.0012991476,0.043199718,0.0034815127,0.37954816,0.028801871,0.7086923,0.0028265927,0.041926272,0.0023968164,0.49170598,0.03128726,0.14601493,0.009307232,0.20937437,0.0012991476,"TWOGAUSSIANS_WITH_ELLIPSOIDAL_ON_ECLIPSE1",9,43.113197,0.7087423,0.0027069908,0.23478714,0.013422172,0.78373075,0.03391186,0.20937437,0.0012991476,0.24191841,0.01949647,0.67157793,0.03142099
375316653866487564,4583217502020801152,0.4376765,2213.3009882965,1.3911459476406378,8.995312E-5,17.795874,0.00354009,0.19599938,0.020416886,0.045653522,0.02219202,0.0701098,0.009559118,0.6771154,0.007951465,0.07325387,0.015425963,0.0340596,0.0052676788,null,null,null,null,"TWOGAUSSIANS",8,3.1399772,0.19599938,0.020416886,0.25565973,0.124275304,0.070103444,0.00959802,0.6771154,0.007951465,0.4,0.015424509,0.034053247,0.0052497606
375316653866487564,4583219220007758592,0.6003671,2197.917460363221,0.961140434074416,1.612952E-5,15.347484,3.7148278E-4,0.4367214,0.023782078,0.017074693,0.016960526,0.0050432743,0.16917557,0.71052736,1.2258427E-4,0.009302089,1.5720147E-4,0.1572512,2.9973363E-4,null,null,null,null,"TWOGAUSSIANS",8,2.2680964,0.71052736,1.2258427E-4,0.0520917,8.803283E-4,0.1572512,2.9973363E-4,0.4367214,0.023782078,0.09561828,0.09497894,0.0050432743,0.16917557
375316653866487564,4583221315951805568,0.5810596,2197.1574784260956,1.1925253889125438,4.673626E-6,13.759502,0.001283292,0.25571603,7.4837485E-4,0.04617625,7.046969E-4,0.3179305,0.009804478,0.75770897,0.004495351,0.058169045,0.0028001426,0.1690789,0.0058836816,null,null,null,null,"TWOGAUSSIANS",8,51.508507,0.25571603,7.4837485E-4,0.258587,0.003946303,0.31792632,0.009804753,0.75770897,0.004495351,0.32574666,0.0156808,0.16907473,0.0058833812
375316653866487564,4583226366833161600,0.5273014,2189.9026375641533,0.3435872047892116,2.1869414E-4,18.093866,0.0062752464,0.26282597,0.106891036,0.086828835,0.1762941,0.015865333,0.008215605,0.49599493,3.2388925E-4,0.015049959,4.343431E-4,0.2538793,0.004345026,null,null,null,null,"TWOGAUSSIANS",8,1.4030545,0.49599493,3.2388925E-4,0.08427977,0.0024323212,0.25431034,0.0057871547,0.26282597,0.106891036,0.4,0.05840557,0.015865332,0.00969823
375316653866487564,4583236331157338240,0.42228165,2179.0566817419462,2.859424987630222,8.282204E-5,16.394594,0.5015649,0.2127476,0.023128659,0.07807585,0.13693711,0.087089695,0.46917456,0.7111531,0.02702092,0.114960894,0.097121686,0.14811474,0.43132126,null,null,null,null,"TWOGAUSSIANS",8,191.87808,0.7111531,0.02702092,0.4,0.0,0.14009747,0.04334802,0.2127476,0.028694503,0.4,0.04763659,0.07909559,0.026672805
375316653866487564,4583240209509627904,0.5051347,2179.2319457454555,0.16231114834985144,4.318491E-6,19.178532,0.0036552232,0.08850801,3.0693455E-4,0.00323571,1.6655296E-4,0.23767011,0.0055488604,0.58578825,0.0013906073,0.0058506858,5.3055846E-4,0.53424835,0.062477108,null,null,null,null,"TWOGAUSSIANS",8,2.6494186,0.58578825,0.0013906073,0.03276384,0.0029711274,0.53424835,0.062477108,0.08850801,3.0693455E-4,0.018119976,9.3269657E-4,0.23767011,0.0055488604
375316653866487564,4583247425054885120,0.49471787,2212.8535838586236,4.1756237639867395,2.2026052E-5,18.17822,0.02332936,0.27704516,0.012951197,0.057770938,0.0095828585,0.33415344,0.02986486,0.81087106,0.012004725,0.13159189,0.031379104,0.14480338,0.01804282,null,null,null,null,"TWOGAUSSIANS",8,7.899037,0.27698517,0.012968861,0.32351726,0.053664006,0.32820672,0.025901629,0.81087106,0.012004725,0.4,0.0,0.13854513,0.0135518415
375316653866487564,4583261173247406720,0.64136314,2206.0833760840837,0.21140095365879633,1.144578E-5,13.63001,7.5282657E-4,0.2167599,0.006808136,0.0032835235,0.002164118,2.6359177,2.3387372,0.7131703,5.083283E-4,0.009984711,4.1636694E-4,0.35794768,0.005319788,0.0021941867,0.001134812,0.2167599,0.006808136,"TWOGAUSSIANS_WITH_ELLIPSOIDAL_ON_ECLIPSE1",9,40.87868,0.2167599,0.006808136,0.018387731,0.01211906,2.6403062,2.3387086,0.7131703,5.083283E-4,0.055914383,0.0023316548,0.3623338,0.00528294
375316653866487564,4583283537138059904,0.48898762,2208.308796829512,1.8084743956051363,7.812269E-6,17.067055,0.0026003008,0.3336938,0.011426954,0.026909819,0.008996595,0.050601568,0.018385816,0.8305752,0.0019785713,0.027408853,0.0018586089,0.12790154,0.0072751855,0.010799906,0.0050710817,0.3336938,0.011426954,"TWOGAUSSIANS_WITH_ELLIPSOIDAL_ON_ECLIPSE1",9,10.014171,0.8306052,0.0019449365,0.15348957,0.01040821,0.14949313,0.006770115,0.3336938,0.011426954,0.150695,0.05038093,0.07220137,0.01421262
375316653866487564,4583286805612375808,0.60076135,2193.4356655692227,2.1104740024289437,4.0799073E-6,15.684572,0.006711466,0.2442675,0.0012899614,0.09389338,0.0025194753,0.2891303,0.007008088,0.74505997,0.002259413,0.114116885,0.004058196,0.22677365,0.0065498697,null,null,null,null,"TWOGAUSSIANS",8,13.927938,0.2442675,0.0012899614,0.4,0.0,0.26152837,0.005050665,0.74505997,0.002259413,0.4,0.0,0.19914135,0.0034991456
375316653866487564,4583297938167541888,0.62297565,2168.153860074812,3.0982714704590606,4.3250334E-6,16.445107,0.0038673,0.15703177,0.001760828,0.09315852,0.0030674431,0.16359277,0.004910454,0.6498365,0.001010868,0.08393639,0.0017728396,0.30518037,0.0061971075,null,null,null,null,"TWOGAUSSIANS",8,4.0467615,0.6498365,0.001010868,0.4,0.0,0.2979782,0.006059648,0.15703177,0.001760828,0.4,0.0,0.15639041,0.004536245
375316653866487564,4583301374137226880,0.5883576,2226.4353902642843,2.8030926740156663,3.8993763E-5,16.115921,0.027848208,0.22139423,0.017294783,0.046343938,0.022518914,0.29579926,0.049476497,0.74041545,0.003257999,0.05146324,0.008114228,0.2790794,0.06418535,0.112905435,0.031506874,0.74041545,0.003257999,"TWOGAUSSIANS_WITH_ELLIPSOIDAL_ON_ECLIPSE2",9,78.748474,0.22356422,0.01655716,0.25952604,0.12610592,0.5187619,0.038687944,0.74041545,0.003257999,0.28819415,0.04543968,0.5048881,0.031911418
375316653866487564,4583303362709509760,0.5278677,2196.515282123856,4.024987403211395,1.9460025E-5,19.847635,0.011573322,0.26640096,0.0019771205,0.06331202,0.0029216572,0.6418539,0.019169487,0.7696004,0.0049756593,0.06338749,0.005799943,0.62452084,0.05001489,null,null,null,null,"TWOGAUSSIANS",8,1.8111497,0.26640096,0.0019771205,0.3545473,0.016361281,0.64137805,0.01916714,0.7696004,0.0049756593,0.35496998,0.03247968,0.624045,0.050223403
375316653866487564,4583303779323505664,0.61870575,2204.7007381407298,3.4878633121036247,5.0849394E-6,15.43764,0.009938169,0.24899,0.0013468029,0.061790586,0.011332236,0.089707844,0.01850383,0.7393448,0.002794593,0.056313064,0.005177213,0.17454138,0.021226244,0.09141559,0.011080822,0.24899,0.0013468029,"TWOGAUSSIANS_WITH_ELLIPSOIDAL_ON_ECLIPSE1",9,25.695904,0.7413448,0.0021502648,0.31535316,0.028992392,0.35681173,0.01252406,0.24899,0.0013468029,0.34602728,0.06346052,0.27250978,0.010193229
375316653866487564,4583311437245957760,0.5883937,2174.3653492138737,1.783027276251124,4.59725E-6,17.574507,0.0044257664,0.24040991,0.0012815403,0.05386005,0.0010610162,0.4064673,0.0101737,0.7446973,0.008028016,0.06387126,0.0071238284,0.09368319,0.0065487004,null,null,null,null,"TWOGAUSSIANS",8,3.9213617,0.24040991,0.0012815403,0.30161628,0.005941691,0.4064301,0.01015659,0.7446973,0.008028016,0.357679,0.03989344,0.09364599,0.0065329797
375316653866487564,4583314151665519616,0.48460788,2159.267828910637,0.259783495794837,2.5974261E-5,18.579622,0.0035989357,0.25156286,0.03326768,0.085383184,0.016771708,0.025100661,0.0077668787,0.78108954,0.002458806,0.0061453506,0.0016049634,0.37085578,1.6599737,null,null,null,null,"TWOGAUSSIANS",8,2.6500487,0.78108954,0.002458806,0.034413964,0.008987796,0.37085578,1.6599737,0.25156286,0.03326768,0.4,0.0,0.02510066,0.007766941
375316653866487564,4583316522487420800,0.54772794,2193.7004125440153,0.953209380478101,8.594356E-6,18.945583,0.004968251,0.20465817,0.0022076129,0.05369619,0.0028050768,0.28417486,0.01075793,0.7060873,0.0027916224,0.04916051,0.0025590037,0.47306848,0.012952606,null,null,null,null,"TWOGAUSSIANS",8,2.9950416,0.7060873,0.0027916224,0.27529886,0.01433042,0.4730635,0.0129532,0.20465817,0.0022076129,0.30069867,0.01570843,0.28416988,0.010759327
375316653866487564,4583331572052518016,0.42615843,2172.7296005904877,4.340937460376503,3.6389127E-5,19.510836,0.0083263535,0.20656206,0.01173465,0.02167969,0.010185407,0.28857872,0.164997,0.8541554,0.00787615,0.060968332,0.0070529357,0.22283112,0.04194226,null,null,null,null,"TWOGAUSSIANS",8,5.8087792,0.20656206,0.01173465,0.12140627,0.057038277,0.28857875,0.16499698,0.8541554,0.00787615,0.34142265,0.03949644,0.22283112,0.04194226
375316653866487564,4583331748150310528,0.6127542,2196.165330371673,0.11101099566086796,5.7081943E-6,16.57672,0.0015094345,0.796014,2.953364E-4,0.0042312616,4.908417E-4,0.5852313,0.07389414,null,null,null,null,null,null,null,null,null,null,"ONEGAUSSIAN",5,9.137412,0.796014,2.953364E-4,0.023695067,0.0027487136,0.5852313,0.0,null,null,null,null,null,null
375316653866487564,4583342464089886208,0.45151946,2177.626214227771,3.5957456692612006,2.3353467E-5,18.339945,0.018436125,0.25659248,0.0080147255,0.08992958,0.012852984,0.23614836,0.035111956,0.76450646,0.013611534,0.07824333,0.017599162,0.13252759,0.02330348,null,null,null,null,"TWOGAUSSIANS",8,15.692189,0.25659248,0.0080147255,0.4,0.0,0.23239428,0.035160676,0.76450646,0.013611534,0.4,0.0,0.12877361,0.021148039
375316653866487564,4583350607347794432,0.56346256,2189.049748596837,2.9813655529815697,5.510217E-6,18.481808,0.013147182,0.20021507,0.0035017112,0.062112823,0.00910606,0.19863574,0.028893327,0.7002745,0.0046884557,0.04439074,0.010045899,0.12871748,0.029348027,0.08887876,0.017631924,0.20021507,0.0035017112,"TWOGAUSSIANS_WITH_ELLIPSOIDAL_ON_ECLIPSE1",9,4.125452,0.20021507,0.0035017112,0.34783182,0.050993934,0.37633348,0.01849397,0.7002745,0.0043744566,0.24858814,0.056257036,0.3064152,0.017908573
375316653866487564,4583356865116654208,0.5431572,2208.611349066035,3.59439389019689,1.6319551E-5,19.441992,0.0047525316,0.36300325,0.0037531543,0.020783518,0.0028843766,0.5939475,0.09271312,0.86909354,0.02403716,0.022605972,0.011669426,0.5995182,0.19986564,null,null,null,null,"TWOGAUSSIANS",8,2.828954,0.86909354,0.02403716,0.12659344,0.06534878,0.5995182,0.19986564,0.36300325,0.0037531543,0.116387695,0.016152509,0.5939475,0.09271312
375316653866487564,4583362431397067264,0.5432995,2182.092320832494,2.7799052677677785,1.1198219E-5,14.051457,0.0041166376,0.24361597,0.004456524,0.025206586,0.004154128,0.11025192,0.016578177,0.7493684,0.0027761967,0.04810189,0.0054314374,0.06417675,0.010193176,0.09495657,0.005990383,0.7493684,0.0027761967,"TWOGAUSSIANS_WITH_ELLIPSOIDAL_ON_ECLIPSE2",9,218.33937,0.24407597,0.0041868635,0.14115688,0.023263117,0.29993656,0.014565592,0.7493684,0.0027761967,0.2693706,0.030416049,0.25408968,0.005889041
