Gaia/vari_eclipsing_binary/VariEclipsingBinary_486783-486917.csv
# %ECSV 1.0
# ---
# delimiter: ','
# meta: !!omap
# - RELEASE: Gaia DR3
# - TABLE: vari_eclipsing_binary
# - DESCRIPTION: >
#     This table describes the properties of the eclipsing binaries resulting from the variability analysis. 
# - CITATION: >
#     How to cite and acknowledge Gaia: 
#     https://gea.esac.esa.int/archive/documentation/credits.html 
# - KNOWN_ISSUES: >
#     Known issues: 
#     https://www.cosmos.esa.int/web/gaia-users/known-issues 
# - DOCUMENTATION: >
#     Tutorials and documentation: 
#     https://www.cosmos.esa.int/web/gaia-users/archive 
# datatype:
# - 
#   name: solution_id
#   datatype: int64
#   description: Solution Identifier
#   meta:
#     ucd: meta.version
# - 
#   name: source_id
#   datatype: int64
#   description: Unique source identifier
#   meta:
#     ucd: meta.id;meta.main
# - 
#   name: global_ranking
#   datatype: float32
#   description: Number between 0 (worst) and 1 (best)
#   meta:
#     ucd: stat.param
# - 
#   name: reference_time
#   datatype: float64
#   unit: d
#   description: Reference time used for the geometric model fit
#   meta:
#     ucd: time.epoch
# - 
#   name: frequency
#   datatype: float64
#   unit: d**-1
#   description: Frequency of geometric model of the eclipsing binary light curve
#   meta:
#     ucd: src.orbital
# - 
#   name: frequency_error
#   datatype: float32
#   unit: d**-1
#   description: "Uncertainty of \\texttt{frequency}"
#   meta:
#     ucd: stat.error
# - 
#   name: geom_model_reference_level
#   datatype: float32
#   unit: mag
#   description: Magnitude reference level of geometric model
#   meta:
#     ucd: phot.mag;em.opt
# - 
#   name: geom_model_reference_level_error
#   datatype: float32
#   unit: mag
#   description: "Uncertainty of \\texttt{geomModelReferenceLevel}"
#   meta:
#     ucd: stat.error;phot.mag;em.opt
# - 
#   name: geom_model_gaussian1_phase
#   datatype: float32
#   description: Phase of the Gaussian 1 component
#   meta:
#     ucd: time.phase
# - 
#   name: geom_model_gaussian1_phase_error
#   datatype: float32
#   description: "Uncertainty of \\texttt{geomModelGaussian1Phase}"
#   meta:
#     ucd: stat.error;time.phase
# - 
#   name: geom_model_gaussian1_sigma
#   datatype: float32
#   description: "Standard deviation [phase] of Gaussian 1 component"
#   meta:
#     ucd: stat.stdev
# - 
#   name: geom_model_gaussian1_sigma_error
#   datatype: float32
#   description: "Uncertainty of \\texttt{geomModelGaussian1Sigma}"
#   meta:
#     ucd: stat.error
# - 
#   name: geom_model_gaussian1_depth
#   datatype: float32
#   unit: mag
#   description: Magnitude depth of Gaussian 1 component
#   meta:
#     ucd: src.var.amplitude
# - 
#   name: geom_model_gaussian1_depth_error
#   datatype: float32
#   unit: mag
#   description: "Uncertainty of \\texttt{geomModelGaussian1Depth}"
#   meta:
#     ucd: stat.error;src.var.amplitude
# - 
#   name: geom_model_gaussian2_phase
#   datatype: float32
#   description: Phase of Gaussian 2 component
#   meta:
#     ucd: time.phase
# - 
#   name: geom_model_gaussian2_phase_error
#   datatype: float32
#   description: "Uncertainty of \\texttt{geomModelGaussian2Phase}"
#   meta:
#     ucd: stat.error;time.phase
# - 
#   name: geom_model_gaussian2_sigma
#   datatype: float32
[...]
#   datatype: float32
#   description: "Secondary eclipse: uncertainty of \\texttt{derivedSecondaryEclDuration}"
#   meta:
#     ucd: stat.error;time.duration
# - 
#   name: derived_secondary_ecl_depth
#   datatype: float32
#   unit: mag
#   description: "Secondary eclipse: depth"
#   meta:
#     ucd: src.var.amplitude
# - 
#   name: derived_secondary_ecl_depth_error
#   datatype: float32
#   unit: mag
#   description: "Secondary eclipse: uncertainty of \\texttt{derivedSecondaryEclDepth}"
#   meta:
#     ucd: stat.error;src.var.amplitude
solution_id,source_id,global_ranking,reference_time,frequency,frequency_error,geom_model_reference_level,geom_model_reference_level_error,geom_model_gaussian1_phase,geom_model_gaussian1_phase_error,geom_model_gaussian1_sigma,geom_model_gaussian1_sigma_error,geom_model_gaussian1_depth,geom_model_gaussian1_depth_error,geom_model_gaussian2_phase,geom_model_gaussian2_phase_error,geom_model_gaussian2_sigma,geom_model_gaussian2_sigma_error,geom_model_gaussian2_depth,geom_model_gaussian2_depth_error,geom_model_cosine_half_period_amplitude,geom_model_cosine_half_period_amplitude_error,geom_model_cosine_half_period_phase,geom_model_cosine_half_period_phase_error,model_type,num_model_parameters,reduced_chi2,derived_primary_ecl_phase,derived_primary_ecl_phase_error,derived_primary_ecl_duration,derived_primary_ecl_duration_error,derived_primary_ecl_depth,derived_primary_ecl_depth_error,derived_secondary_ecl_phase,derived_secondary_ecl_phase_error,derived_secondary_ecl_duration,derived_secondary_ecl_duration_error,derived_secondary_ecl_depth,derived_secondary_ecl_depth_error
[from data line 112]
375316653866487564,4282177609262189440,0.6466337,2297.053082153104,1.8919502646794892,5.59243E-6,15.118808,0.0043354356,0.1951482,0.0023835811,0.0887737,0.0038972415,0.16589896,0.0049895584,0.68786645,0.002604237,0.09041125,0.004437551,0.2314693,0.00685483,null,null,null,null,"TWOGAUSSIANS",8,8.078138,0.68786645,0.002604237,0.4,0.0,0.22434562,0.007456624,0.1951482,0.0023835811,0.4,0.0,0.15877536,0.004618372
375316653866487564,4282177849780157440,0.55470717,2212.70061518319,1.8219047383371552,9.194309E-6,17.569654,0.008797778,0.30146042,0.01206433,0.060686335,0.008455634,0.23420998,0.015468897,0.80073583,0.0028760713,0.046032485,0.0086699305,0.1427677,0.04234636,null,null,null,null,"TWOGAUSSIANS",8,7.0774665,0.30146042,0.01206433,0.33984348,0.047351554,0.23420377,0.015462092,0.80073583,0.0028760713,0.25778192,0.04855161,0.14276148,0.04235446
375316653866487564,4282178085987471104,0.5314531,2236.810784473208,3.936069963915874,7.6311975E-5,18.679544,0.008267629,0.27692044,0.0053877416,0.0647379,0.007616447,0.20984179,0.01846691,0.7711165,0.010118817,0.06204337,0.020990996,0.21048033,0.04558548,null,null,null,null,"TWOGAUSSIANS",8,2.2871885,0.7711165,0.010118817,0.34744287,0.08686874,0.21033338,0.046413455,0.27692044,0.0053877416,0.36253226,0.0426521,0.20969483,0.018414157
375316653866487564,4282179597816504576,0.56354374,2212.9272141840456,3.0720089414664282,1.1603393E-5,17.441717,0.07632128,0.30343172,0.003660792,0.12375254,0.025058933,0.24490084,0.07394805,0.8110491,0.002324588,0.12982199,0.026970817,0.24435133,0.072435886,null,null,null,null,"TWOGAUSSIANS",8,3.475309,0.3033117,0.0037623905,0.4,0.0,0.17925999,0.01049616,0.8111191,0.00231072,0.4,0.0,0.17855343,0.008316497
375316653866487564,4282180147571845632,0.5180841,2289.9752235173164,1.6691614677505051,6.4797874E-5,18.497206,0.0051328395,0.28883448,0.0072055534,0.09807778,0.008763984,0.1930784,0.011636076,0.78080434,0.016957305,0.06792388,0.014011506,0.15441746,0.017684741,null,null,null,null,"TWOGAUSSIANS",8,3.055347,0.28883448,0.0072055534,0.4,0.0,0.18987261,0.012073475,0.78080434,0.016957305,0.38037375,0.075562455,0.15121262,0.01756282
375316653866487564,4282180353730292096,0.53290516,2255.8281950946775,3.956146664663785,1.8055407E-5,19.41019,0.029425086,0.24271156,0.0151975835,0.081290424,0.019675357,0.3203876,0.03096677,0.75228786,0.031079568,0.06823612,0.021113917,0.3470578,0.07292195,null,null,null,null,"TWOGAUSSIANS",8,2.2020931,0.75228786,0.031079568,0.38212228,0.028754713,0.34506878,0.06698237,0.24271156,0.0151975835,0.4,0.0,0.3183986,0.028305994
375316653866487564,4282180839069809536,0.5343152,2254.6110761873533,2.6767300132194944,3.367245E-5,19.58436,0.04936582,0.18783158,0.0055490215,0.0791438,0.012137572,0.45233545,0.055587903,0.69275767,0.0052922647,0.09110679,0.012297434,0.37488368,0.04797422,null,null,null,null,"TWOGAUSSIANS",8,1.5306286,0.18783158,0.0055490215,0.4,0.0017518083,0.44231108,0.048683822,0.69275767,0.0052922647,0.4,0.0,0.36485907,0.035152413
375316653866487564,4282183239949117312,0.5553952,2225.612264266471,2.377867919946204,1.4739883E-5,19.022448,0.005849044,0.29910374,0.0076853437,0.07308174,0.004185919,0.6292875,0.078986794,0.79866403,0.0016997034,0.06429338,0.0041777147,0.58511215,0.047568258,null,null,null,null,"TWOGAUSSIANS",8,2.1853406,0.29910374,0.0076853437,0.4,0.0036741882,0.627693,0.07950652,0.79866403,0.0016997034,0.36004293,0.023395201,0.5835176,0.04835571
375316653866487564,4282184133302332160,0.5074793,2267.4140000996845,1.9664456146405034,2.001897E-5,18.470793,0.0069058877,0.30131885,0.007941251,0.081082165,0.016151343,0.21140043,0.059653435,0.7864461,0.0030615178,0.0827893,0.0050140605,0.2159021,0.007289337,null,null,null,null,"TWOGAUSSIANS",8,1.7966715,0.7864461,0.0030615178,0.4,0.0,0.2128318,0.0059215445,0.30131885,0.007941251,0.4,0.0,0.20833014,0.063209854
375316653866487564,4282184343770830592,0.5166348,2163.74992290203,1.7368824909657201,1.9673369E-5,18.953205,0.024533452,0.1868238,0.005967144,0.11722967,0.009890935,0.4800671,0.036052514,0.6406371,0.015230463,0.07649588,0.034626547,0.3939817,0.2190586,null,null,null,null,"TWOGAUSSIANS",8,8.55811,0.1868238,0.005967144,0.4,0.0,0.4637627,0.04188348,0.6406371,0.015230463,0.4,0.13213469,0.37795395,0.23361155
375316653866487564,4282185237125014144,0.61014575,2193.4317173381774,0.4511359712176774,4.3283767E-6,16.454084,0.0015610858,0.14697482,1.8092353E-5,0.00854062,1.5438322E-4,0.46917638,0.008728966,0.8271972,0.0034622452,0.017520892,0.0055957525,0.014700368,0.0021141607,null,null,null,null,"TWOGAUSSIANS",8,4.796653,0.14697482,1.8092353E-5,0.04782747,8.64546E-4,0.46917638,0.008728966,0.8271972,0.0034622452,0.09811699,0.031336214,0.014700368,0.0021141607
375316653866487564,4282187019519608576,0.539728,2220.9020970562538,4.115675580685007,2.7899656E-5,18.838396,0.15860926,0.4886256,0.0066573187,0.2488634,0.059034653,0.39601746,0.14829525,0.9472988,0.014028478,0.031587403,0.005150177,0.08808997,0.026332978,null,null,null,null,"TWOGAUSSIANS",8,1.8235292,0.4886256,0.0066573187,0.4,0.0,0.28377286,0.012754393,0.9472988,0.014028478,0.17688946,0.02884099,0.08523403,0.027259946
375316653866487564,4282188432581151744,0.6114956,2198.4584987939675,2.070196717977297,9.916658E-6,18.155357,0.014846114,0.2626964,0.005680757,0.06934329,0.0044271466,0.5668412,0.018817494,0.78558344,0.0018153327,0.05515964,0.0030087926,0.5756034,0.020000689,null,null,null,null,"TWOGAUSSIANS",8,8.878841,0.78558344,0.0018153327,0.30889398,0.016849238,0.5754357,0.019940438,0.2626964,0.005680757,0.3883224,0.020370137,0.56667346,0.018675568
375316653866487564,4282188943664817920,0.4956864,2174.689184644997,0.6632917596576906,3.0790616E-5,19.471651,0.005703462,0.4383146,0.00219601,0.03518545,0.0019027828,0.60120004,0.007875482,null,null,null,null,null,null,null,null,null,null,"ONEGAUSSIAN",5,2.9378119,0.4383146,0.00219601,0.19703852,0.010655584,0.60120004,0.0,null,null,null,null,null,null
375316653866487564,4282190283694987264,0.48958635,2163.0122154590313,2.1012434522430907,2.4770863E-5,18.576857,0.030485168,0.2652087,0.006404009,0.0960518,0.010892705,0.19233109,0.029919436,0.76051015,0.02735331,0.09591566,0.054318745,0.141034,0.028067455,null,null,null,null,"TWOGAUSSIANS",8,3.3415098,0.2652087,0.0062203817,0.4,0.0,0.18195736,0.00908291,0.76051015,0.02735331,0.4,0.0,0.13066043,0.026209807
375316653866487564,4282190386774252416,0.6979289,2174.738402080264,1.1840056923393183,2.4362084E-6,17.447325,0.006995231,0.2408652,0.0010842414,0.043841146,0.0013540294,0.78080136,0.025230829,0.73930323,0.0036996973,0.048828125,0.0055662664,0.15342407,0.015892219,0.075386,0.009016711,0.2408652,0.0010842414,"TWOGAUSSIANS_WITH_ELLIPSOIDAL_ON_ECLIPSE1",9,3.2641718,0.2408652,0.0010842414,0.24551043,0.0075825644,0.9315729,0.02446477,0.73954326,0.003125128,0.2734375,0.031171093,0.3041834,0.009170372
375316653866487564,4282194544302847488,0.5060217,2216.562903190697,2.3024358960596123,5.62299E-5,18.952879,0.028256187,0.6354096,0.018350305,0.19187191,0.054042675,0.102922894,0.024953319,0.76200414,7.2993716E-4,0.022262985,0.0020590906,0.88614166,0.19198297,null,null,null,null,"TWOGAUSSIANS",8,2.5369604,0.76200414,7.2993716E-4,0.12467271,0.011530908,0.9620344,0.19619565,0.6354196,0.01839276,0.4,0.0,0.09602157,0.01843551
375316653866487564,4282195678175682048,0.49390817,2230.5572882584333,0.6877863541250039,3.484255E-5,19.030231,0.013905162,0.3225727,0.0070844395,0.062862486,0.008015366,0.22700499,0.034356207,0.8179299,0.014211609,0.06401541,0.010049225,0.12698106,0.039186712,null,null,null,null,"TWOGAUSSIANS",8,2.0261948,0.3225727,0.0070844395,0.35202992,0.044886053,0.226881,0.034335747,0.8179299,0.014211609,0.3584863,0.056275662,0.12685709,0.039126895
375316653866487564,4282196468449677824,0.55940765,2210.4736985229424,1.2964982088268098,3.8592723E-5,18.316751,0.005938082,0.22001836,0.003941921,0.060707767,0.009342767,0.16326632,0.044694502,0.7286282,0.0051978882,0.060726628,0.004539001,0.2908587,0.020798072,null,null,null,null,"TWOGAUSSIANS",8,3.7883904,0.7286282,0.0051978882,0.34006912,0.025418403,0.2907912,0.02080949,0.22001836,0.003941921,0.3399635,0.052319497,0.16319884,0.044801805
375316653866487564,4282197503551684096,0.5472978,2231.869001322579,1.2340472508263114,3.4629185E-5,18.799454,0.013598423,0.22705749,0.0073842546,0.05171919,0.012232778,0.35324088,0.04781258,0.72552717,0.009847341,0.055365603,0.006033419,0.40761867,0.10255965,null,null,null,null,"TWOGAUSSIANS",8,2.9217904,0.72552717,0.009847341,0.3100474,0.03378715,0.40760556,0.10256259,0.22705749,0.0073842546,0.28962746,0.06850355,0.35322773,0.047837507
375316653866487564,4282198877941302272,0.56020635,2206.0037022493725,1.8429041037477543,2.5550526E-5,18.15068,0.011630316,0.3071194,0.0077284,0.07462752,0.007258273,0.24467167,0.013082716,0.8072053,0.06268912,0.09351113,0.034726247,0.12399118,0.03240272,null,null,null,null,"TWOGAUSSIANS",8,2.5468748,0.3071194,0.0076891063,0.4,0.0,0.24072467,0.011525183,0.8072053,0.06268912,0.4,0.0,0.120044015,0.028951997
375316653866487564,4282201661080123008,0.48239753,2217.9937649181034,2.1140046936677335,4.291223E-5,15.976325,0.3781996,0.25802577,0.011271055,0.18436754,0.17874944,0.18503618,0.3708384,0.74994624,0.012171458,0.11125636,0.032148454,0.1978818,0.16310714,null,null,null,null,"TWOGAUSSIANS",8,31.33496,0.74994624,0.012171458,0.4,0.0,0.124671236,0.008485148,0.25806576,0.011229237,0.4,0.0,0.102427155,0.015353585
375316653866487564,4282202485699911680,0.4618875,2168.684748355519,4.904688188490027,1.853988E-5,19.659721,0.01106861,0.19825889,0.0062498525,0.050512563,0.011707179,0.17094873,0.03627704,0.62697124,0.012239446,0.09374964,0.008725298,0.27458984,0.01665554,null,null,null,null,"TWOGAUSSIANS",8,1.8380892,0.62697124,0.012239446,0.4,0.0,0.27441508,0.016515398,0.19826889,0.006247903,0.28287035,0.06556021,0.17078188,0.036413968
375316653866487564,4282203065517890944,0.49447128,2258.4417872552453,2.2427865563665628,1.0838115E-4,19.014212,0.020644305,0.27427834,0.05356447,0.08780596,0.042627983,0.0729221,0.0432632,0.7579672,0.02678282,0.057679616,0.030634427,0.26584315,0.016705723,null,null,null,null,"TWOGAUSSIANS",8,4.3896065,0.7579672,0.02678282,0.32300583,0.088412665,0.2654169,0.01846603,0.27427834,0.05356447,0.4,0.0665329,0.07249585,0.042020675
375316653866487564,4282203069815524608,0.5403755,2204.297937658712,2.715363694374367,5.4864955E-5,19.183712,0.007963891,0.351084,0.0027124537,0.027768688,0.002966205,0.2976464,0.028523566,0.75218683,0.009073613,0.08055888,0.01835051,0.123348184,0.01682465,null,null,null,null,"TWOGAUSSIANS",8,1.1606889,0.351084,0.0027124537,0.15550466,0.016610747,0.29764685,0.028524509,0.75218683,0.009073613,0.4,0.0,0.12334812,0.016825795
375316653866487564,4282206948168710528,0.56033206,2208.907847622373,3.4310718427949607,1.3243342E-5,19.726072,0.011301609,0.3064187,0.005553053,0.06299942,0.004252626,0.41497147,0.021166503,0.8177375,0.002854367,0.06332658,0.006997395,0.2675354,0.025098912,null,null,null,null,"TWOGAUSSIANS",8,0.8689014,0.3064187,0.005553053,0.35279676,0.023814704,0.41478723,0.021069968,0.8177375,0.002854367,0.35462883,0.039185412,0.26735115,0.025213696
375316653866487564,4282208395589119232,0.63059634,2203.9511030700814,2.9978547077926274,3.0800331E-6,15.525477,0.011673835,0.2537166,0.0023292466,0.0416982,0.0076215677,0.34405074,0.2654026,0.7536059,0.0051562055,0.047666408,0.0052241874,0.5180331,0.037164714,0.1363724,0.017096668,0.2537166,0.0023292466,"TWOGAUSSIANS_WITH_ELLIPSOIDAL_ON_ECLIPSE1",9,48.321274,0.7536159,0.0050719744,0.2669319,0.029255448,0.7907767,0.038836293,0.2537166,0.0023292466,0.23350991,0.042680778,0.6167945,0.268132
375316653866487564,4282210143624663808,0.58254564,2140.7900499289367,1.998513837938603,1.5302114E-5,18.888332,0.023600377,0.18315853,0.0054888697,0.07557755,0.007850476,0.43711883,0.022520322,0.68828607,0.009669508,0.0828927,0.008767857,0.5124502,0.03594251,null,null,null,null,"TWOGAUSSIANS",8,2.1558242,0.68828607,0.009669508,0.4,0.0,0.50654817,0.03296428,0.18315853,0.0054888697,0.4,0.0,0.4312168,0.021191474
375316653866487564,4282216882444466816,0.5602846,2219.4224767420505,1.2486152984259355,4.0191146E-5,19.679623,0.008941178,0.20248228,0.011724403,0.021585988,0.0068641272,1.3803607,0.7871501,0.6531277,0.026927195,0.03286658,0.018245608,0.059901863,0.016409794,null,null,null,null,"TWOGAUSSIANS",8,1.060707,0.20248228,0.011724403,0.120881535,0.038439114,1.3803607,0.7871501,0.6531277,0.026927195,0.18405284,0.10217541,0.059901863,0.016409794
375316653866487564,4282217668408504320,0.5748232,2221.855689228749,2.1983646958268714,1.4193622E-5,19.098154,0.009048859,0.17602183,0.0013008848,0.0597211,0.003073875,0.7202285,0.0743543,0.6855649,0.0060015894,0.06902128,0.0048481724,0.4666328,0.011540004,null,null,null,null,"TWOGAUSSIANS",8,1.1985109,0.17602183,0.0013008848,0.33443815,0.0172137,0.7197781,0.07452931,0.6855649,0.0060015894,0.38651916,0.0185923,0.46618247,0.011355921
375316653866487564,4282217874566948864,0.45895547,2172.619116017946,0.2642583644238867,2.8192706E-4,19.285973,0.01568121,0.27576947,0.016478535,0.040892947,0.04874854,0.1783857,0.21314663,0.86088413,0.017341536,0.08632422,0.031545177,0.08497706,0.055883914,null,null,null,null,"TWOGAUSSIANS",8,3.703469,0.27576947,0.016478535,0.2290005,0.2658453,0.17838143,0.21319026,0.86088413,0.017341536,0.4,5.306851E-4,0.084971964,0.055901866
375316653866487564,4282218286886013312,0.49417153,2239.858596346167,0.5402114768191151,4.0772222E-5,19.919207,0.035867453,0.20417581,0.023893751,0.10959144,0.058895115,0.13334706,0.050131127,0.74185133,0.0065095206,0.06583951,0.0105333,0.45568454,0.035876192,null,null,null,null,"TWOGAUSSIANS",8,1.0470471,0.74186134,0.006505527,0.36870125,0.05898648,0.4521101,0.030401584,0.20417581,0.023893751,0.4,0.058226727,0.1297536,0.053309973
375316653866487564,4282221001297033216,0.5287557,2282.914374544461,4.649104631678619,2.6523969E-5,17.780775,0.007961938,0.4070276,0.0073806406,0.06981891,0.007913182,0.291096,0.031110322,0.70386744,0.03545748,0.10720315,0.04280213,0.020467317,0.01745673,null,null,null,null,"TWOGAUSSIANS",8,1.2005845,0.4072176,0.0072347657,0.39098588,0.035600003,0.29150015,0.03150666,0.70386744,0.03545748,0.4,0.0,0.02046218,0.017457739
375316653866487564,4282226090844599040,0.5140901,2252.970885845908,0.9883988334228235,7.386593E-5,19.934368,0.015689695,0.38226628,0.01910271,0.06515026,0.02366549,0.62412083,0.37201104,null,null,null,null,null,null,null,null,null,null,"ONEGAUSSIAN",5,1.7786138,0.38226628,0.01910271,0.36484146,0.049981322,0.62412083,0.0,null,null,null,null,null,null
375316653866487564,4282234642118816000,0.5015973,2280.9044673491535,0.021426094569288567,7.104483E-5,19.121881,0.019652167,0.19785212,0.05910665,0.085190855,0.041678138,0.42307025,6.341506,0.46957815,0.01727371,0.045122664,0.021302415,0.17218924,0.02561095,null,null,null,null,"TWOGAUSSIANS",8,3.1672368,0.19785212,0.059115592,0.4,0.13157217,0.42307016,6.341505,0.46957815,0.01727371,0.25268692,0.119293526,0.1748027,0.026037844
375316653866487564,4282235642849389952,0.50983423,2220.215336431036,0.8403601602681248,4.8806265E-5,17.508734,0.007234238,0.15719543,0.011192222,0.05357983,0.011944039,0.053677388,0.010728067,0.68069017,0.013971127,0.036360934,0.016490256,0.20876722,0.13378935,null,null,null,null,"TWOGAUSSIANS",8,8.404609,0.68069017,0.013971127,0.20362124,0.09234543,0.2087672,0.13378938,0.15719543,0.011192222,0.30004704,0.06688662,0.05367738,0.010728067
375316653866487564,4282237116020362880,0.5463467,2228.25894488606,1.79950019051593,3.5808927E-5,19.380056,0.008189965,0.27455777,0.007292709,0.0742461,0.0079930015,0.3325548,0.026910296,0.77570504,0.014508028,0.07226059,0.014207358,0.21006678,0.063216224,null,null,null,null,"TWOGAUSSIANS",8,1.3696327,0.27455777,0.007292709,0.4,0.008851749,0.33103174,0.027054027,0.77570504,0.014508028,0.4,0.04150614,0.20854375,0.0641671
