Gaia/vari_eclipsing_binary/VariEclipsingBinary_658914-659011.csv
# %ECSV 1.0
# ---
# delimiter: ','
# meta: !!omap
# - RELEASE: Gaia DR3
# - TABLE: vari_eclipsing_binary
# - DESCRIPTION: >
#     This table describes the properties of the eclipsing binaries resulting from the variability analysis. 
# - CITATION: >
#     How to cite and acknowledge Gaia: 
#     https://gea.esac.esa.int/archive/documentation/credits.html 
# - KNOWN_ISSUES: >
#     Known issues: 
#     https://www.cosmos.esa.int/web/gaia-users/known-issues 
# - DOCUMENTATION: >
#     Tutorials and documentation: 
#     https://www.cosmos.esa.int/web/gaia-users/archive 
# datatype:
# - 
#   name: solution_id
#   datatype: int64
#   description: Solution Identifier
#   meta:
#     ucd: meta.version
# - 
#   name: source_id
#   datatype: int64
#   description: Unique source identifier
#   meta:
#     ucd: meta.id;meta.main
# - 
#   name: global_ranking
#   datatype: float32
#   description: Number between 0 (worst) and 1 (best)
#   meta:
#     ucd: stat.param
# - 
#   name: reference_time
#   datatype: float64
#   unit: d
#   description: Reference time used for the geometric model fit
#   meta:
#     ucd: time.epoch
# - 
#   name: frequency
#   datatype: float64
#   unit: d**-1
#   description: Frequency of geometric model of the eclipsing binary light curve
#   meta:
#     ucd: src.orbital
# - 
#   name: frequency_error
#   datatype: float32
#   unit: d**-1
#   description: "Uncertainty of \\texttt{frequency}"
#   meta:
#     ucd: stat.error
# - 
#   name: geom_model_reference_level
#   datatype: float32
#   unit: mag
#   description: Magnitude reference level of geometric model
#   meta:
#     ucd: phot.mag;em.opt
# - 
#   name: geom_model_reference_level_error
#   datatype: float32
#   unit: mag
#   description: "Uncertainty of \\texttt{geomModelReferenceLevel}"
#   meta:
#     ucd: stat.error;phot.mag;em.opt
# - 
#   name: geom_model_gaussian1_phase
#   datatype: float32
#   description: Phase of the Gaussian 1 component
#   meta:
#     ucd: time.phase
# - 
#   name: geom_model_gaussian1_phase_error
#   datatype: float32
#   description: "Uncertainty of \\texttt{geomModelGaussian1Phase}"
#   meta:
#     ucd: stat.error;time.phase
# - 
#   name: geom_model_gaussian1_sigma
#   datatype: float32
#   description: "Standard deviation [phase] of Gaussian 1 component"
#   meta:
#     ucd: stat.stdev
# - 
#   name: geom_model_gaussian1_sigma_error
#   datatype: float32
#   description: "Uncertainty of \\texttt{geomModelGaussian1Sigma}"
#   meta:
#     ucd: stat.error
# - 
#   name: geom_model_gaussian1_depth
#   datatype: float32
#   unit: mag
#   description: Magnitude depth of Gaussian 1 component
#   meta:
#     ucd: src.var.amplitude
# - 
#   name: geom_model_gaussian1_depth_error
#   datatype: float32
#   unit: mag
#   description: "Uncertainty of \\texttt{geomModelGaussian1Depth}"
#   meta:
#     ucd: stat.error;src.var.amplitude
# - 
#   name: geom_model_gaussian2_phase
#   datatype: float32
#   description: Phase of Gaussian 2 component
#   meta:
#     ucd: time.phase
# - 
#   name: geom_model_gaussian2_phase_error
#   datatype: float32
#   description: "Uncertainty of \\texttt{geomModelGaussian2Phase}"
#   meta:
#     ucd: stat.error;time.phase
# - 
#   name: geom_model_gaussian2_sigma
#   datatype: float32
[...]
#   datatype: float32
#   description: "Secondary eclipse: uncertainty of \\texttt{derivedSecondaryEclDuration}"
#   meta:
#     ucd: stat.error;time.duration
# - 
#   name: derived_secondary_ecl_depth
#   datatype: float32
#   unit: mag
#   description: "Secondary eclipse: depth"
#   meta:
#     ucd: src.var.amplitude
# - 
#   name: derived_secondary_ecl_depth_error
#   datatype: float32
#   unit: mag
#   description: "Secondary eclipse: uncertainty of \\texttt{derivedSecondaryEclDepth}"
#   meta:
#     ucd: stat.error;src.var.amplitude
solution_id,source_id,global_ranking,reference_time,frequency,frequency_error,geom_model_reference_level,geom_model_reference_level_error,geom_model_gaussian1_phase,geom_model_gaussian1_phase_error,geom_model_gaussian1_sigma,geom_model_gaussian1_sigma_error,geom_model_gaussian1_depth,geom_model_gaussian1_depth_error,geom_model_gaussian2_phase,geom_model_gaussian2_phase_error,geom_model_gaussian2_sigma,geom_model_gaussian2_sigma_error,geom_model_gaussian2_depth,geom_model_gaussian2_depth_error,geom_model_cosine_half_period_amplitude,geom_model_cosine_half_period_amplitude_error,geom_model_cosine_half_period_phase,geom_model_cosine_half_period_phase_error,model_type,num_model_parameters,reduced_chi2,derived_primary_ecl_phase,derived_primary_ecl_phase_error,derived_primary_ecl_duration,derived_primary_ecl_duration_error,derived_primary_ecl_depth,derived_primary_ecl_depth_error,derived_secondary_ecl_phase,derived_secondary_ecl_phase_error,derived_secondary_ecl_duration,derived_secondary_ecl_duration_error,derived_secondary_ecl_depth,derived_secondary_ecl_depth_error
[from data line 429]
375316653866487564,5796543662902850944,0.5082731,2204.693316930815,0.5579105269477156,8.245558E-5,17.177553,0.007023452,0.24196573,0.0015278057,0.01671851,0.0012267574,0.32502234,0.026723348,0.9258303,0.019698435,0.0479313,0.028519608,0.038577303,0.009090681,null,null,null,null,"TWOGAUSSIANS",8,28.48747,0.24196573,0.0015278057,0.09362366,0.006869842,0.32502234,0.026723359,0.9258303,0.019698435,0.26841527,0.15970981,0.038577303,0.009090681
375316653866487564,5796544045156566528,0.56928575,2183.2036482547746,4.6255931208638446,9.214807E-6,18.943779,0.0071558915,0.2726369,0.0074941553,0.06773181,0.0065414533,0.4544561,0.020642024,0.76557136,0.00646458,0.06124012,0.0052532246,0.4245968,0.013921632,null,null,null,null,"TWOGAUSSIANS",8,3.1459584,0.2726369,0.0074941553,0.37929815,0.033129912,0.45406926,0.020593885,0.76557136,0.00646458,0.34294468,0.029418057,0.42420995,0.013787708
375316653866487564,5796544968572421376,0.45360518,2182.0645944323346,2.5281874146787167,1.993452E-5,17.884825,0.056627415,0.2755201,0.006579052,0.108890645,0.040450495,0.09033233,0.053668916,0.7993281,0.014460368,0.097410165,0.07885415,0.059471194,0.05023279,null,null,null,null,"TWOGAUSSIANS",8,1.4395567,0.2755201,0.006212594,0.4,0.0,0.08444903,0.0071033137,0.79935807,0.013885113,0.4,0.0,0.053594694,0.0044356664
375316653866487564,5796545179032493184,0.44458273,2206.942193735796,1.3949822364589484,3.4039786E-5,18.212736,0.0035983487,0.3353549,0.014107456,0.025222726,0.046796333,0.15409195,0.11312906,0.8409736,0.0026496216,0.018082684,0.0022925306,0.11445,0.012296468,null,null,null,null,"TWOGAUSSIANS",8,5.393825,0.3353549,0.014107456,0.14124727,0.2597107,0.15409195,0.11312907,0.8409736,0.0026496216,0.10126303,0.012838172,0.11445,0.012296466
375316653866487564,5796547859092770816,0.44658133,2190.7054102902357,0.04224525883908565,1.1581252E-5,18.368578,0.015761077,0.49785048,0.01511828,0.1520543,0.018414965,0.31147313,0.03464205,0.89153045,0.0022968242,0.007853105,0.0018709168,0.31302804,0.02477733,null,null,null,null,"TWOGAUSSIANS",8,13.113829,0.89153045,0.0022968242,0.043977387,0.010477134,0.32125214,0.026044717,0.49785048,0.01511828,0.4,0.0,0.30867764,0.036432404
375316653866487564,5796548305768747264,0.6115112,2190.010195097504,1.0257871477800902,1.0191632E-6,16.027199,9.154368E-4,0.51790625,1.8042863E-5,0.004968234,1.6216176E-5,0.5391366,0.0017079792,null,null,null,null,null,null,null,null,null,null,"ONEGAUSSIAN",5,4.9449153,0.51790625,1.8042863E-5,0.02782211,9.081059E-5,0.5391366,0.0,null,null,null,null,null,null
375316653866487564,5796549817597254784,0.542435,2199.240815701257,0.8118535961727623,1.5321929E-6,17.712664,0.002657102,0.28761402,6.7908535E-5,0.01730567,3.6386345E-4,0.36200684,0.0034250899,0.5511176,0.053518184,0.13962087,0.047219746,0.027144382,0.007747892,null,null,null,null,"TWOGAUSSIANS",8,5.5194945,0.287664,2.7405385E-5,0.09691175,0.0020376353,0.36649275,0.003520115,0.5511176,0.053518184,0.4,0.0,0.027055275,0.007871112
375316653866487564,5796550363051563904,0.5856992,2210.0667228278235,3.707337618782827,4.881198E-6,18.823404,0.0103002405,0.27626786,0.002109488,0.050641865,0.0022879248,0.48434925,0.033606585,0.76544863,0.002199574,0.04479423,0.0052849576,0.517453,0.15729846,0.12323337,0.0158637,0.27626786,0.002109488,"TWOGAUSSIANS_WITH_ELLIPSOIDAL_ON_ECLIPSE1",9,4.4204917,0.76620865,0.0020175003,0.2508477,0.029595762,0.76285905,0.16319172,0.27626786,0.002109488,0.28359443,0.012812379,0.73081297,0.023795148
375316653866487564,5796552149757931648,0.5827297,2194.254835248224,4.018532886196502,5.340295E-6,18.677849,0.011409217,0.23065965,0.002323563,0.07134107,0.0026602738,0.5687568,0.018535705,0.73165804,0.0018985082,0.07554876,0.0035247158,0.5424534,0.017130286,null,null,null,null,"TWOGAUSSIANS",8,3.3093088,0.23065965,0.002323563,0.39951,0.00962525,0.5654523,0.01829458,0.73165804,0.0018985082,0.4,0.0,0.5391488,0.017166825
375316653866487564,5796553356650342144,0.49352002,2207.9112899048628,3.692543716436276,2.4200786E-5,18.428562,0.011005561,0.25908685,0.0064403433,0.08695583,0.00817462,0.30623743,0.023653734,0.7473877,0.010658945,0.0750046,0.011473213,0.28920338,0.026658684,null,null,null,null,"TWOGAUSSIANS",8,10.360315,0.25908685,0.0064403433,0.4,0.0,0.3021931,0.023879096,0.7473877,0.010658945,0.4,0.0010441972,0.28515908,0.026604151
375316653866487564,5796554589299453440,0.5518183,2252.1117079971696,0.6505463838341641,5.7547013E-6,18.396465,0.008098495,0.26931784,0.0013817921,0.03175926,0.0021289347,0.9421238,0.075145915,0.76159525,0.0011568298,0.02951841,0.0010620478,0.42692477,0.015260192,null,null,null,null,"TWOGAUSSIANS",8,17.849327,0.26931784,0.0013817921,0.17785186,0.011922034,0.9421238,0.075145915,0.76159525,0.0011568298,0.1653031,0.005947468,0.42692477,0.015260192
375316653866487564,5796554834119116544,0.44847712,2209.2722732853035,2.8130599152299673,6.311379E-6,15.68911,0.039521,0.24204029,0.0022420425,0.19445392,0.018532334,0.49755433,0.041470893,0.7438224,0.0029762792,0.19727331,0.018772967,0.50038826,0.04105063,null,null,null,null,"TWOGAUSSIANS",8,11.7027235,0.24071029,0.0019278453,0.4,0.0,0.097877584,0.0021416428,0.7451224,0.0034466775,0.4,0.0,0.09689418,0.004484557
375316653866487564,5796557067499940736,0.5416765,2248.6849480274986,1.637726281054066,2.8311697E-5,16.528996,0.006608318,0.47528425,0.25912035,0.031362377,0.15902677,0.035625115,0.018654209,0.78838027,0.0028517798,0.058654018,0.020420069,0.07953113,0.012589843,0.038562264,0.005389788,0.78838027,0.0028517798,"TWOGAUSSIANS_WITH_ELLIPSOIDAL_ON_ECLIPSE2",9,6.54782,0.78838027,0.0028517798,0.3284625,0.11435239,0.15664604,0.01448579,0.46374425,0.36338684,0.17562932,0.23367436,0.049037132,0.12084318
375316653866487564,5796557926493585792,0.686525,2222.1779607283665,0.38852356009781547,5.391993E-6,14.62571,0.0014730233,0.16497888,0.019261394,0.066565946,0.015120555,0.007894183,0.0027243951,0.4592445,8.5333106E-4,0.023026228,5.101451E-4,0.53540933,0.00405792,null,null,null,null,"TWOGAUSSIANS",8,20.07484,0.4592445,8.5333106E-4,0.12894689,0.0028568124,0.5354098,0.004058409,0.16497888,0.019261394,0.37276927,0.06933069,0.007894183,0.0027243951
375316653866487564,5796560228595879680,0.4373367,2251.6697902003416,2.83009880869024,6.727692E-5,17.207827,0.012896147,0.25793424,0.018687636,0.063146845,0.021131093,0.12900825,0.031743016,0.7459118,0.01373589,0.09750567,0.01591263,0.11949764,0.01776933,null,null,null,null,"TWOGAUSSIANS",8,51.072468,0.25793424,0.018687636,0.35362235,0.07943148,0.12751517,0.032499935,0.7459118,0.01373589,0.4,0.0,0.118004,0.016492914
375316653866487564,5796563527130800896,0.5239681,2243.84110641743,2.614047707258474,2.7216589E-5,15.910075,0.015229868,0.24052717,0.006175971,0.0460865,0.018815069,0.09372101,0.036760204,0.742965,0.012476497,0.03451558,0.012294311,0.09396409,0.040103614,0.09720322,0.018806092,0.24052717,0.006175971,"TWOGAUSSIANS_WITH_ELLIPSOIDAL_ON_ECLIPSE1",9,62.80928,0.742965,0.010929426,0.19328724,0.06884814,0.2883249,0.013519256,0.24052717,0.006175971,0.2580844,0.10536438,0.2881274,0.016808053
375316653866487564,5796566065446833408,0.60555065,2247.046741175761,1.2134843886103188,2.2214142E-6,17.69535,0.0022568374,0.23418525,6.5063196E-4,0.03756975,6.457174E-4,0.44853306,0.009697873,0.73582304,0.0015758367,0.043449722,0.0021828134,0.22857809,0.01913774,null,null,null,null,"TWOGAUSSIANS",8,3.1264362,0.23418525,6.5063196E-4,0.2103906,0.0036160175,0.44853306,0.009697873,0.73582304,0.0015758367,0.24331845,0.012223755,0.22857809,0.019137742
375316653866487564,5796566409044240128,0.58877623,2242.2644694603755,4.0783841549412685,8.806199E-6,18.328066,0.0066945963,0.29866254,0.0021609173,0.07373891,0.0024165716,0.46935058,0.009377356,0.807508,0.00491573,0.071415916,0.0037899127,0.44302803,0.018130906,null,null,null,null,"TWOGAUSSIANS",8,5.4314766,0.29866254,0.0021609173,0.4,0.0,0.46739325,0.009109486,0.807508,0.00491573,0.3999291,0.015543205,0.4410707,0.018158061
375316653866487564,5796567237982739200,0.6663489,2220.133538299551,0.35916146854209396,7.0994815E-6,13.198901,0.0028372908,0.23116429,4.0317042E-4,0.029034134,4.47661E-4,1.3784328,0.05336928,0.729156,0.0015242597,0.02978372,0.001875703,0.11702606,0.009311492,0.01923479,0.004266397,0.729156,0.0015242597,"TWOGAUSSIANS_WITH_ELLIPSOIDAL_ON_ECLIPSE2",9,97.264565,0.23116429,4.0397214E-4,0.16259116,0.0025069015,1.4168962,0.055001814,0.729156,0.0015242597,0.16678883,0.010503937,0.15549558,0.0045122015
375316653866487564,5796569123471903872,0.54956526,2228.990374631491,2.8440414366831974,7.82153E-6,19.117012,0.008953041,0.2172122,0.005134722,0.092029944,0.0059897383,0.2074987,0.009149514,0.7269318,0.002713486,0.09181046,0.0051626572,0.3360756,0.010062158,null,null,null,null,"TWOGAUSSIANS",8,0.7849137,0.7269318,0.002713486,0.4,0.0,0.32481834,0.0106051685,0.2172122,0.005134722,0.4,0.0,0.19624154,0.0060187853
375316653866487564,5796569501420727040,0.5289508,2272.1984225906135,2.971988907524102,1.3599042E-5,17.603638,0.010983204,0.21687818,0.0037417822,0.09672752,0.009439516,0.2653536,0.01818502,0.72284317,0.0034803937,0.07862258,0.005443362,0.2776286,0.012819023,null,null,null,null,"TWOGAUSSIANS",8,8.437639,0.72284317,0.0034803937,0.4,0.0,0.26925522,0.011535942,0.21687818,0.0037417822,0.4,0.0,0.25697932,0.02114488
375316653866487564,5796569986765849472,0.5606709,2229.6909726051103,3.2558343025067895,1.1291936E-5,15.466645,0.0064015477,0.2675205,0.0033915446,0.08323695,0.0036519854,0.37193578,0.022979261,0.7675368,0.0053431275,0.086803615,0.0044200644,0.40859696,0.022194475,null,null,null,null,"TWOGAUSSIANS",8,103.72052,0.7675368,0.0053431275,0.4,0.0,0.39825597,0.021451978,0.2675205,0.0033915446,0.4,0.0,0.3615948,0.023230603
375316653866487564,5796571361151271552,0.6051864,2248.5498519201833,2.9645420300125855,4.4654826E-6,16.827976,0.0082978755,0.3089927,0.0013497646,0.05534343,0.0026630796,0.34668964,0.023203496,0.8116291,0.0031410684,0.044995423,0.0046713464,0.27291334,0.020462649,0.12383426,0.0111509655,0.3089927,0.0013497646,"TWOGAUSSIANS_WITH_ELLIPSOIDAL_ON_ECLIPSE1",9,19.441223,0.3089927,0.0013497646,0.3099232,0.014913246,0.59434515,0.015952025,0.8116291,0.0031410684,0.25197437,0.026159538,0.52050084,0.011291416
375316653866487564,5796574522246962560,0.5256553,2236.1749343687375,1.2942204662016725,3.803928E-5,14.891822,0.0017104526,0.24666227,0.009867855,0.03858395,0.010506394,0.08037245,0.0049811094,0.74725837,0.0069213,0.0175528,0.005727896,0.009640078,0.0049025817,0.012356301,0.0021401597,0.74725837,0.0069213,"TWOGAUSSIANS_WITH_ELLIPSOIDAL_ON_ECLIPSE2",9,14.822464,0.24668227,0.009377118,0.2160701,0.058835812,0.10508466,0.005151753,0.74725837,0.0069213,0.09829568,0.032076217,0.034352623,0.003444289
375316653866487564,5796575243801601152,0.57062596,2251.5030782127997,2.949697870595572,8.585421E-6,17.823801,0.0057920828,0.23791401,0.0017665244,0.07903029,0.0026095146,0.3665526,0.010824273,0.7464494,0.0042476524,0.07096296,0.007303021,0.33556512,0.027633049,null,null,null,null,"TWOGAUSSIANS",8,6.7130737,0.23791401,0.0017665244,0.4,0.0,0.3643121,0.010751102,0.7464494,0.0042476524,0.39739254,0.023647882,0.33332464,0.02872764
375316653866487564,5796575342575485568,0.55977017,2249.3219925703197,2.4395659514790813,1.3148732E-5,12.371553,0.0038590895,0.25008392,0.0034271756,0.039619207,0.01623842,0.054313272,0.016786993,0.7715459,0.0037980268,0.04349121,0.0069232187,0.06325142,0.015623554,0.081679866,0.0054223645,0.25008392,0.0034271756,"TWOGAUSSIANS_WITH_ELLIPSOIDAL_ON_ECLIPSE1",9,323.44757,0.7715459,0.0037980268,0.24355078,0.038770024,0.22365841,0.012552408,0.25008392,0.0034271756,0.22186756,0.09093515,0.2176729,0.017187756
375316653866487564,5796578984708749824,0.5168594,2176.3689396774284,3.0004271452557956,1.0434882E-5,19.598835,0.02262261,0.19596738,0.0040414906,0.09261724,0.008961117,0.39073336,0.0401155,0.7146183,0.0030309516,0.10330258,0.00914555,0.33642673,0.022492968,null,null,null,null,"TWOGAUSSIANS",8,0.89432377,0.19595736,0.004044492,0.4,0.0,0.369082,0.042939097,0.7146183,0.0030309516,0.4,0.0,0.31476834,0.01904277
375316653866487564,5796580805774582656,0.59146166,2215.9993353632017,0.7862896345618665,6.511984E-6,14.679148,0.001134571,0.16407123,0.008550822,0.04002759,0.006208939,0.049279515,0.03182653,0.6443386,0.002501649,0.031585712,0.0022877238,0.22567071,0.004914551,0.0059982305,0.0021235745,0.16407123,0.008550822,"TWOGAUSSIANS_WITH_ELLIPSOIDAL_ON_ECLIPSE1",9,13.443642,0.64441866,0.0024929147,0.17687997,0.012811254,0.23748446,0.004236651,0.16407123,0.008550822,0.22415449,0.03477006,0.061275963,0.031894546
375316653866487564,5796582248884043008,0.49473825,2278.994966342566,2.8346061691435396,2.8076938E-5,18.222704,0.04355351,0.16426083,0.007090944,0.120873645,0.0302699,0.1624375,0.038174152,0.6647792,0.006777965,0.10389317,0.025436424,0.17617157,0.035229526,null,null,null,null,"TWOGAUSSIANS",8,4.2291384,0.6647792,0.0068016127,0.4,0.0,0.14809866,0.015782343,0.16426083,0.0070908633,0.4,0.0,0.13430534,0.014644155
375316653866487564,5796583455779293440,0.46380004,2258.7759374679285,0.8430897951439229,7.870395E-5,17.1697,0.002309566,0.29180282,0.038512845,0.04846393,0.024161251,0.079157256,0.057524215,0.8528717,0.011543068,0.012102766,0.0047685704,0.3070319,0.18533927,null,null,null,null,"TWOGAUSSIANS",8,2.6805553,0.8528717,0.011543068,0.06777549,0.026703995,0.3070319,0.18533927,0.29180282,0.038512845,0.271398,0.135303,0.079157256,0.057524215
375316653866487564,5796583696287935488,0.5170953,2244.179428565262,3.494861495510435,1.206039E-5,18.999434,0.010360899,0.27716273,0.0054425616,0.08904134,0.007024856,0.29930833,0.015682317,0.77782935,0.0041346727,0.06447016,0.0057888576,0.3030795,0.021268874,null,null,null,null,"TWOGAUSSIANS",8,3.7324758,0.77782935,0.0041346727,0.36103287,0.032417603,0.3001724,0.021536587,0.27716273,0.0054425616,0.4,0.0,0.29640114,0.015507156
375316653866487564,5796583833736459520,0.5271689,2252.349605065722,2.7629162903065474,9.870633E-6,17.938982,0.008919061,0.34364143,0.0030029377,0.08904795,0.0059857448,0.18010245,0.009222375,0.84661305,0.004427541,0.08064639,0.007761327,0.19900727,0.018174145,null,null,null,null,"TWOGAUSSIANS",8,3.298898,0.84661305,0.004427541,0.4,0.0,0.19434425,0.019455103,0.34364143,0.0030029377,0.4,0.0,0.17543939,0.007762809
375316653866487564,5796584864528570112,0.6768847,2242.3720145442926,0.4547377435689128,4.7532444E-6,15.945522,0.0036633357,0.3162772,0.002203265,0.033194147,0.0027676108,0.12827457,0.011971521,0.8128313,7.253199E-4,0.030826878,8.9208776E-4,1.1852659,0.027479308,0.040465083,0.00661023,0.3162772,0.002203265,"TWOGAUSSIANS_WITH_ELLIPSOIDAL_ON_ECLIPSE1",9,55.345535,0.81285125,7.247584E-4,0.1726305,0.0049956916,1.2661582,0.027186181,0.3162772,0.002203265,0.18588722,0.015498621,0.2092046,0.011958257
375316653866487564,5796585895320543488,0.5790321,2238.9794757559685,2.449533477005591,5.158536E-6,16.78327,0.004432903,0.27918106,0.0016965213,0.0304843,0.0012590978,0.456915,0.018894034,0.7811853,0.0014505872,0.03208443,0.0027538328,0.48520538,0.050183643,0.027549226,0.0077619716,0.27918106,0.0016965213,"TWOGAUSSIANS_WITH_ELLIPSOIDAL_ON_ECLIPSE1",9,18.315374,0.7811853,0.0014505872,0.17967282,0.015421464,0.54029506,0.049882546,0.27918106,0.0016965213,0.17071208,0.0070509478,0.5120134,0.017949037
375316653866487564,5796587162326926976,0.54642063,2248.166277427675,3.7294354611461267,1.0327737E-5,17.211477,0.0072024236,0.25351232,0.004453049,0.091010705,0.0049843867,0.2226767,0.012177075,0.7578595,0.002928012,0.085613236,0.0057247775,0.25511083,0.008950135,null,null,null,null,"TWOGAUSSIANS",8,7.407822,0.7578595,0.002928012,0.4,0.0,0.24705179,0.009041509,0.25351232,0.004453049,0.4,0.0,0.21461754,0.011329261
