Gaia/vari_eclipsing_binary/VariEclipsingBinary_465397-465414.csv
# %ECSV 1.0
# ---
# delimiter: ','
# meta: !!omap
# - RELEASE: Gaia DR3
# - TABLE: vari_eclipsing_binary
# - DESCRIPTION: >
#     This table describes the properties of the eclipsing binaries resulting from the variability analysis. 
# - CITATION: >
#     How to cite and acknowledge Gaia: 
#     https://gea.esac.esa.int/archive/documentation/credits.html 
# - KNOWN_ISSUES: >
#     Known issues: 
#     https://www.cosmos.esa.int/web/gaia-users/known-issues 
# - DOCUMENTATION: >
#     Tutorials and documentation: 
#     https://www.cosmos.esa.int/web/gaia-users/archive 
# datatype:
# - 
#   name: solution_id
#   datatype: int64
#   description: Solution Identifier
#   meta:
#     ucd: meta.version
# - 
#   name: source_id
#   datatype: int64
#   description: Unique source identifier
#   meta:
#     ucd: meta.id;meta.main
# - 
#   name: global_ranking
#   datatype: float32
#   description: Number between 0 (worst) and 1 (best)
#   meta:
#     ucd: stat.param
# - 
#   name: reference_time
#   datatype: float64
#   unit: d
#   description: Reference time used for the geometric model fit
#   meta:
#     ucd: time.epoch
# - 
#   name: frequency
#   datatype: float64
#   unit: d**-1
#   description: Frequency of geometric model of the eclipsing binary light curve
#   meta:
#     ucd: src.orbital
# - 
#   name: frequency_error
#   datatype: float32
#   unit: d**-1
#   description: "Uncertainty of \\texttt{frequency}"
#   meta:
#     ucd: stat.error
# - 
#   name: geom_model_reference_level
#   datatype: float32
#   unit: mag
#   description: Magnitude reference level of geometric model
#   meta:
#     ucd: phot.mag;em.opt
# - 
#   name: geom_model_reference_level_error
#   datatype: float32
#   unit: mag
#   description: "Uncertainty of \\texttt{geomModelReferenceLevel}"
#   meta:
#     ucd: stat.error;phot.mag;em.opt
# - 
#   name: geom_model_gaussian1_phase
#   datatype: float32
#   description: Phase of the Gaussian 1 component
#   meta:
#     ucd: time.phase
# - 
#   name: geom_model_gaussian1_phase_error
#   datatype: float32
#   description: "Uncertainty of \\texttt{geomModelGaussian1Phase}"
#   meta:
#     ucd: stat.error;time.phase
# - 
#   name: geom_model_gaussian1_sigma
#   datatype: float32
#   description: "Standard deviation [phase] of Gaussian 1 component"
#   meta:
#     ucd: stat.stdev
# - 
#   name: geom_model_gaussian1_sigma_error
#   datatype: float32
#   description: "Uncertainty of \\texttt{geomModelGaussian1Sigma}"
#   meta:
#     ucd: stat.error
# - 
#   name: geom_model_gaussian1_depth
#   datatype: float32
#   unit: mag
#   description: Magnitude depth of Gaussian 1 component
#   meta:
#     ucd: src.var.amplitude
# - 
#   name: geom_model_gaussian1_depth_error
#   datatype: float32
#   unit: mag
#   description: "Uncertainty of \\texttt{geomModelGaussian1Depth}"
#   meta:
#     ucd: stat.error;src.var.amplitude
# - 
#   name: geom_model_gaussian2_phase
#   datatype: float32
#   description: Phase of Gaussian 2 component
#   meta:
#     ucd: time.phase
# - 
#   name: geom_model_gaussian2_phase_error
#   datatype: float32
#   description: "Uncertainty of \\texttt{geomModelGaussian2Phase}"
#   meta:
#     ucd: stat.error;time.phase
# - 
#   name: geom_model_gaussian2_sigma
#   datatype: float32
[...]
#   datatype: float32
#   description: "Secondary eclipse: uncertainty of \\texttt{derivedSecondaryEclDuration}"
#   meta:
#     ucd: stat.error;time.duration
# - 
#   name: derived_secondary_ecl_depth
#   datatype: float32
#   unit: mag
#   description: "Secondary eclipse: depth"
#   meta:
#     ucd: src.var.amplitude
# - 
#   name: derived_secondary_ecl_depth_error
#   datatype: float32
#   unit: mag
#   description: "Secondary eclipse: uncertainty of \\texttt{derivedSecondaryEclDepth}"
#   meta:
#     ucd: stat.error;src.var.amplitude
solution_id,source_id,global_ranking,reference_time,frequency,frequency_error,geom_model_reference_level,geom_model_reference_level_error,geom_model_gaussian1_phase,geom_model_gaussian1_phase_error,geom_model_gaussian1_sigma,geom_model_gaussian1_sigma_error,geom_model_gaussian1_depth,geom_model_gaussian1_depth_error,geom_model_gaussian2_phase,geom_model_gaussian2_phase_error,geom_model_gaussian2_sigma,geom_model_gaussian2_sigma_error,geom_model_gaussian2_depth,geom_model_gaussian2_depth_error,geom_model_cosine_half_period_amplitude,geom_model_cosine_half_period_amplitude_error,geom_model_cosine_half_period_phase,geom_model_cosine_half_period_phase_error,model_type,num_model_parameters,reduced_chi2,derived_primary_ecl_phase,derived_primary_ecl_phase_error,derived_primary_ecl_duration,derived_primary_ecl_duration_error,derived_primary_ecl_depth,derived_primary_ecl_depth_error,derived_secondary_ecl_phase,derived_secondary_ecl_phase_error,derived_secondary_ecl_duration,derived_secondary_ecl_duration_error,derived_secondary_ecl_depth,derived_secondary_ecl_depth_error
[from data line 529]
375316653866487564,4093763333934601856,0.43096644,2213.1300375050446,2.120477553814194,8.511862E-5,18.814806,0.4764626,0.23994905,0.01924969,0.19542566,0.2052281,0.27683085,0.45421264,0.71889824,0.017514614,0.10365473,0.046654984,0.30985746,0.1926886,null,null,null,null,"TWOGAUSSIANS",8,6.656207,0.71889824,0.017514614,0.4,0.0,0.2139626,0.07043619,0.23998906,0.01920939,0.4,0.0,0.15928997,0.046546925
375316653866487564,4093763681880928256,0.5952939,2272.0754678200906,3.230101666100052,1.3783696E-5,18.186003,0.009764206,0.24378656,0.008688697,0.06779708,0.0043751337,0.6185975,0.046511453,0.7493655,0.004076131,0.07005099,0.0057697142,0.5088508,0.01578626,null,null,null,null,"TWOGAUSSIANS",8,6.6168513,0.24378656,0.008688697,0.37966365,0.023018057,0.61725444,0.04581821,0.7493655,0.004076131,0.39228556,0.027130427,0.50750774,0.015829677
375316653866487564,4093763716264645120,0.5138107,2354.402638106727,2.8090145145234566,3.8643546E-5,18.69494,0.30769178,0.13173355,0.01244248,0.083437674,0.12549123,0.3007172,0.19961427,0.62893647,0.008207312,0.07757972,0.034481026,0.33205056,0.21728724,null,null,null,null,"TWOGAUSSIANS",8,6.931586,0.62893647,0.008207312,0.4,0.0,0.3272409,0.043331217,0.13173355,0.012475077,0.4,0.0,0.29590756,0.082301795
375316653866487564,4093764128559971456,0.4833678,2374.9510917094135,3.882191420436427,8.129605E-5,17.553574,0.022638913,0.22022018,0.0324053,0.13885394,0.04628592,0.08728512,0.024329938,0.58894604,0.05146834,0.088201694,0.040380362,0.20664765,0.14261946,null,null,null,null,"TWOGAUSSIANS",8,1.4233719,0.58894604,0.05146834,0.4,0.11438048,0.20437224,0.14545703,0.22057018,0.03233442,0.4,0.0,0.0824717,0.019313224
375316653866487564,4093764231639163392,0.4719891,2327.5838109498663,3.244411499278768,1.7596828E-4,18.532036,0.1980624,0.33645213,0.012723119,0.18183596,0.07735653,0.4669871,0.16120124,0.9188333,0.016696671,0.042800177,0.020188807,0.18981335,0.55393547,null,null,null,null,"TWOGAUSSIANS",8,2.3310685,0.33645213,0.012723119,0.4,0.0,0.43913603,0.039934047,0.92264336,0.011409723,0.239681,0.113057315,0.19884948,0.5645366
375316653866487564,4093764265998827648,0.50206244,2300.8085800269823,2.2721614751668153,2.7493383E-5,18.071058,0.0890274,0.22046086,0.0071158595,0.10858802,0.03054077,0.48863068,0.057262927,0.7205437,0.005340051,0.10372561,0.020049138,0.43396363,0.08629353,null,null,null,null,"TWOGAUSSIANS",8,20.190165,0.22046086,0.0071158595,0.4,0.0,0.43110043,0.038885955,0.7205437,0.005340051,0.4,0.0,0.37644988,0.057332385
375316653866487564,4093764575234315648,0.5285092,2208.8418464965876,0.1854533339725925,5.2859046E-5,18.950132,0.019225141,0.26344192,0.101011485,0.07483932,0.048244637,0.34588188,0.1706593,0.8531788,0.0065101986,0.053944018,0.0058682575,0.5415364,0.08027109,null,null,null,null,"TWOGAUSSIANS",8,6.7826295,0.8531788,0.0065101986,0.3020865,0.032862242,0.54151356,0.08068284,0.26344192,0.101011485,0.4,0.020115478,0.34585893,0.15568005
375316653866487564,4093764850135625984,0.60531414,2264.1296703051717,1.3342961182808613,5.1912853E-6,18.741568,0.0074671195,0.24423583,0.001124171,0.037710942,0.0012846562,0.64720154,0.012039422,0.7445967,0.0033641679,0.040567648,0.0048095086,0.11524441,0.008238862,null,null,null,null,"TWOGAUSSIANS",8,3.1461356,0.24423583,0.001124171,0.21118128,0.007194075,0.64720154,0.012039421,0.7445967,0.0033641679,0.22717881,0.02693325,0.11524441,0.0082388595
375316653866487564,4093765365532182912,0.48128116,2294.768103030832,0.8985646213972698,3.0403908E-5,15.806857,0.033682965,0.35426518,0.012230289,0.0859349,0.015649334,0.21968111,0.041356023,0.8289814,0.005915895,0.13249634,0.029501064,0.19945948,0.02165232,null,null,null,null,"TWOGAUSSIANS",8,4.538627,0.35448518,0.01187967,0.4,0.0,0.19776338,0.029963333,0.8289814,0.005915895,0.4,0.0,0.17713867,0.02438008
375316653866487564,4093765395492150656,0.6468313,2307.0142825820044,3.4096095966763382,1.2486046E-6,16.740332,0.0018355096,0.62849337,0.0033598267,0.03668927,0.002175826,0.44663584,0.09077036,null,null,null,null,null,null,null,null,null,null,"ONEGAUSSIAN",5,3.4763978,0.62849337,0.0033598267,0.20545992,0.012184626,0.44663584,0.0,null,null,null,null,null,null
375316653866487564,4093765399871425792,0.5053288,2266.968597284274,0.7348770839330949,2.2420987E-5,19.275824,0.036892436,0.25588155,0.001404128,0.026907882,0.0032977113,0.24795035,0.03687543,0.7754479,0.01764687,0.13284029,0.03651927,0.21861711,0.033312235,null,null,null,null,"TWOGAUSSIANS",8,1.7858989,0.25586155,0.0014036159,0.15068413,0.018467182,0.24661483,0.03453915,0.7754479,0.01764687,0.4,0.0,0.21686156,0.029224021
375316653866487564,4093765842205933952,0.5931562,2277.5787280530626,4.145438616559046,4.05709E-5,19.624716,0.05879614,0.25033575,0.024318663,0.07382923,0.021345591,0.7879059,0.06776007,0.7555397,0.038316745,0.06476813,0.03141156,0.46080035,0.07993766,null,null,null,null,"TWOGAUSSIANS",8,3.3581696,0.25033575,0.024318663,0.4,0.07631963,0.7863145,0.06658351,0.7555397,0.038316745,0.36270154,0.06545024,0.45920897,0.07131814
375316653866487564,4093765983985976320,0.51626015,2246.2223221520026,2.903835205216225,5.168992E-6,17.682299,0.00704144,0.21164349,0.002732553,0.018578263,0.002481815,0.16118753,0.032229375,null,null,null,null,null,null,0.12082528,0.01129076,0.21164349,0.002732553,"ONEGAUSSIAN_WITH_ELLIPSOIDAL",6,20.779993,0.21164349,0.002732553,0.10403827,0.013898164,0.40283778,0.03716412,null,null,null,null,null,null
375316653866487564,4093766190165536512,0.58923393,2242.6728542292904,2.5181917342008995,1.6840379E-5,18.23983,0.015161179,0.20327498,0.0029663928,0.082194485,0.0055713006,0.41571313,0.027338663,0.6971315,0.0110609075,0.08033685,0.009399413,0.44092038,0.023705758,null,null,null,null,"TWOGAUSSIANS",8,6.0513597,0.6971315,0.0110609075,0.4,0.0,0.43421233,0.022013389,0.20327498,0.0029663928,0.4,0.0,0.40900502,0.02756488
375316653866487564,4093766430688911360,0.4689939,2201.4476044306093,0.3629123231303302,5.223676E-5,19.07624,0.010940786,0.6118892,0.045384236,0.026340121,0.0383387,0.055956945,0.53787524,0.7486862,0.0071374215,0.022590723,0.0023744977,1.8796096,0.71198577,null,null,null,null,"TWOGAUSSIANS",8,5.299328,0.7486862,0.0071374215,0.12650806,0.013297187,1.8796097,0.7111015,0.6118892,0.1299983,0.14750469,0.2146967,0.055956963,1.7215335
375316653866487564,4093767083498424832,0.5129941,2331.468003346331,1.8801883011903606,4.3790587E-5,19.438816,0.025147326,0.19055915,0.05612076,0.09691612,0.065994605,0.1356969,1.5310158,0.69115835,0.0038626643,0.076797105,0.007387267,0.32969368,0.034657866,null,null,null,null,"TWOGAUSSIANS",8,0.6637053,0.69115835,0.0038626643,0.4,0.0,0.32354498,0.030654758,0.19055915,0.05612076,0.4,0.17269762,0.12954777,1.5367196
375316653866487564,4093767083524118272,0.48565704,2231.457298655444,0.20250077292126625,6.361041E-5,19.773281,0.02864371,0.3002956,0.082591936,0.073866986,0.0972326,0.121843606,0.046602458,0.62750834,0.0154532995,0.05378116,0.007436127,0.7546445,0.4688921,null,null,null,null,"TWOGAUSSIANS",8,1.303194,0.62750834,0.0154532995,0.3011745,0.041642312,0.7546507,0.4685734,0.3002956,0.082591936,0.4,0.21134444,0.12184314,0.04471564
375316653866487564,4093767186575374720,0.56077135,2216.562479708517,2.5981041631999915,2.9025765E-5,19.773226,0.015091253,0.26950666,0.016613346,0.060712855,0.017402194,0.5181863,0.116648644,0.7676852,0.007051419,0.075792536,0.0070482004,0.5082916,0.052249633,null,null,null,null,"TWOGAUSSIANS",8,1.5444769,0.26950666,0.016613346,0.339992,0.08246945,0.5170023,0.11827946,0.7676852,0.007051419,0.4,0.0068970025,0.5071076,0.0525435
375316653866487564,4093767495813138816,0.45004866,2194.690492167239,1.2753115670582305,8.659552E-5,18.785862,0.19027063,0.23476976,0.018307751,0.15200827,0.1277502,0.19196482,0.1681079,0.7385891,0.020706328,0.07792983,0.023132741,0.3125133,0.15470318,null,null,null,null,"TWOGAUSSIANS",8,15.248976,0.7386391,0.020687358,0.4,0.014195249,0.27663592,0.09300287,0.23476976,0.018307751,0.4,0.0,0.1543648,0.02738882
375316653866487564,4093767736330471040,0.50454754,2199.4832342472537,1.427234542308236,6.194385E-5,18.996782,0.0069849924,0.6027469,0.02162834,0.10817226,0.021665229,0.16658755,0.0267162,0.7883044,1.8006552E-4,0.008979261,0.0019678888,0.29234555,0.09007345,null,null,null,null,"TWOGAUSSIANS",8,2.134528,0.7883044,1.8006552E-4,0.050283864,0.011020177,0.33059168,0.116475366,0.6027469,0.02162834,0.4,0.0,0.1665799,0.026729519
375316653866487564,4093767805049862912,0.61464906,2252.827388114293,2.6210153979289883,9.669458E-6,17.159452,0.12346492,0.21044539,0.003080958,0.12180105,0.025532076,0.39461955,0.12115075,0.7154365,0.0073861,0.11234913,0.025618818,0.4445397,0.116340466,null,null,null,null,"TWOGAUSSIANS",8,5.941409,0.71546656,0.007387795,0.4,0.0,0.3632331,0.030659067,0.21043539,0.0031257276,0.4,0.0,0.31318295,0.010246704
375316653866487564,4093767805049864320,0.5827834,2213.053550203089,0.3707557680994138,4.557342E-5,18.095387,0.005841191,0.6420241,0.031045523,0.11295014,0.05370343,0.17994833,0.042020377,0.42050675,0.021175139,0.07099756,0.011754451,0.1650155,0.039625622,null,null,null,null,"TWOGAUSSIANS",8,1.1034101,0.43831673,0.011118703,0.39758632,0.050117843,0.19524388,0.00724466,0.63725406,0.03241367,0.4,0.038682226,0.18130286,0.041086204
375316653866487564,4093767873792626816,0.554534,2269.2095443107373,2.7387499917050295,3.644283E-5,18.46512,0.01902312,0.2846958,0.017430842,0.0860285,0.015396581,0.36989278,0.034548704,0.7840092,0.017124563,0.07669583,0.014891077,0.44710448,0.04487412,null,null,null,null,"TWOGAUSSIANS",8,9.0848465,0.7840092,0.017124563,0.4,0.0023208559,0.44001102,0.047037788,0.2846958,0.017430842,0.4,0.0,0.36279926,0.032654643
375316653866487564,4093768148647427840,0.48799753,2214.8249572145096,4.907261275234549,1.1052678E-5,19.454546,0.07681492,0.18730183,0.008105274,0.029926281,0.010979189,0.6587962,3.1815686,0.6215062,0.039050464,0.27394712,0.10627236,0.14649808,0.07566206,null,null,null,null,"TWOGAUSSIANS",8,3.4088912,0.18745182,0.0080749765,0.16758718,0.061483458,0.6600593,3.1830008,0.6215062,0.039050464,0.4,0.0,0.08904973,0.024542026
375316653866487564,4093768183007196544,0.46049115,2306.2731500184022,1.2741358682973098,3.0511032E-5,18.726393,0.46731767,0.2831044,0.08947848,0.21548755,0.18697515,0.37901667,0.46133238,0.72156876,0.03895594,0.14748354,0.058436964,0.5087346,0.28654885,null,null,null,null,"TWOGAUSSIANS",8,3.0363786,0.72156876,0.03895594,0.4,0.0,0.3230613,0.06848398,0.3044544,0.07451927,0.4,5.9126446E-4,0.14050567,0.08812502
375316653866487564,4093768320449603072,0.5660353,2286.435409580234,1.4388064362917947,1.8634944E-5,18.749638,0.006521272,0.25139824,0.0058337874,0.053012397,0.00338531,0.7338597,0.07680383,0.7636555,0.0040057395,0.041851174,0.011205484,0.5585774,0.13661526,null,null,null,null,"TWOGAUSSIANS",8,4.6226754,0.25139824,0.0058337874,0.29686943,0.018957736,0.7338591,0.07680364,0.7636555,0.0040057395,0.23436657,0.06275071,0.5585768,0.13662556
375316653866487564,4093768423528834304,0.5567335,2286.929753521647,1.699014599842007,8.539312E-6,17.288748,0.003100995,0.24616612,0.004920746,0.06487109,0.010901489,0.05622371,0.012986133,null,null,null,null,null,null,0.05594823,0.0049109827,0.24616612,0.004920746,"ONEGAUSSIAN_WITH_ELLIPSOIDAL",6,2.6120408,0.24616612,0.004920746,0.36327806,0.06026065,0.16808689,0.0071377773,null,null,null,null,null,null
375316653866487564,4093768801482580864,0.5907885,2298.0265457382443,1.5675335795456402,1.23132495E-5,17.274347,0.0073466673,0.25757635,0.003077272,0.08147174,0.0049315747,0.24935101,0.008891505,0.7533945,0.0044409214,0.09448499,0.006607816,0.2307438,0.007951483,null,null,null,null,"TWOGAUSSIANS",8,2.376218,0.25757635,0.003077272,0.4,0.0,0.241493,0.008560133,0.7533945,0.0044409214,0.4,0.0,0.2228854,0.0073912703
375316653866487564,4093768900185512192,0.5691298,2281.38020209771,1.8144762720456462,1.8918683E-5,17.54147,0.011900236,0.25928068,0.018770194,0.06948319,0.013412184,0.26511064,0.05217968,0.751005,0.002457529,0.07739824,0.0045505143,0.25196072,0.011878826,null,null,null,null,"TWOGAUSSIANS",8,4.2893095,0.25928068,0.018770194,0.3891059,0.028021747,0.2638171,0.052226063,0.751005,0.002457529,0.4,0.0,0.25066718,0.010686835
375316653866487564,4093768938921484928,0.504954,2277.1686460513947,1.12363917616481,5.5875546E-5,19.412655,0.05292546,0.3283847,0.0035044714,0.030661881,0.004238772,0.41133332,0.044123605,0.8453051,0.033528943,0.07775376,0.059773307,0.15140398,0.05055175,null,null,null,null,"TWOGAUSSIANS",8,2.6683927,0.3283847,0.0035044714,0.17170653,0.023737123,0.41132918,0.04390807,0.8453051,0.033528943,0.4,0.14754033,0.15139982,0.050508223
375316653866487564,4093768973281303168,0.59362394,2278.7190784736777,3.532307832956834,4.757301E-5,19.174068,0.010691125,0.27340886,0.0076363324,0.067686886,0.0059059304,0.6514065,0.034858905,0.77519596,0.0125293275,0.064549536,0.0114081865,0.5007716,0.07505811,null,null,null,null,"TWOGAUSSIANS",8,2.793413,0.27340886,0.0076363324,0.37904653,0.029857669,0.6505512,0.034916695,0.77519596,0.0125293275,0.3614774,0.063885845,0.49991626,0.07546627
375316653866487564,4093769042024477312,0.53701526,2327.448729674166,1.1029060155312473,3.3199056E-5,17.71652,0.0037461498,0.21957305,0.0048473016,0.060518686,0.010221418,0.10182843,0.0052433303,0.73166037,0.021370895,0.065426506,0.021207383,0.18491365,0.07847768,null,null,null,null,"TWOGAUSSIANS",8,2.2213795,0.73166037,0.021370895,0.36638844,0.05965436,0.18484247,0.07894513,0.21957305,0.0048473016,0.33890465,0.057239942,0.10175725,0.0051414086
375316653866487564,4093769278142766464,0.56446725,2269.72803128507,2.1298432137614904,1.8766514E-5,18.016949,0.0051151128,0.19404247,0.0042711347,0.05861076,0.009256055,0.099127166,0.014960637,null,null,null,null,null,null,0.06903414,0.0060520843,0.19404247,0.0042711347,"ONEGAUSSIAN_WITH_ELLIPSOIDAL",6,2.833998,0.19404247,0.0042711347,0.32822025,0.051833905,0.23718436,0.013084317,null,null,null,null,null,null
375316653866487564,4093769832279383168,0.47980604,2346.7459268162406,0.4366573565525684,2.6726182E-5,18.688944,0.007538543,0.2687814,0.011749882,0.07782664,0.008155107,0.25341722,0.040051483,0.7849983,0.010443623,0.08155799,0.016076647,0.38743085,0.37629154,null,null,null,null,"TWOGAUSSIANS",8,2.30875,0.7849983,0.010443623,0.4,0.017419808,0.3841163,0.3789863,0.2687814,0.011749882,0.4,0.0,0.25010267,0.041228842
375316653866487564,4093769832298479360,0.61226594,2323.154509749948,1.6890897641806089,1.2015219E-5,16.940424,0.04610015,0.25162622,0.017977418,0.051512096,0.016406147,0.38973373,0.11992978,0.77397245,0.004319392,0.06385966,0.007892509,0.56527257,0.098845944,0.050500456,0.05028609,0.25162622,0.017977418,"TWOGAUSSIANS_WITH_ELLIPSOIDAL_ON_ECLIPSE1",9,18.260214,0.77397245,0.004319392,0.35761407,0.04419805,0.66422933,0.06667144,0.25162622,0.017977418,0.28846774,0.09187442,0.49066857,0.1465186
375316653866487564,4093770274601925376,0.525057,2273.738431337374,0.54835848000323,8.618423E-5,18.559553,0.0035602057,0.24062018,0.024585897,0.029598536,0.024084356,0.22975393,87.293846,0.7381699,0.03398953,0.061248153,0.014393439,0.2701922,0.13812253,null,null,null,null,"TWOGAUSSIANS",8,1.7534282,0.7381699,0.03398953,0.34298965,0.08060326,0.2701921,0.13812254,0.24062018,0.024585897,0.1657518,0.13487239,0.22975382,87.293846
375316653866487564,4093770519470285952,0.502687,2228.714741259661,2.1753835944568922,3.700787E-5,19.229147,0.122497715,0.23487166,0.0342865,0.08832452,0.05077207,0.70195836,0.23642676,0.7343429,0.0054783784,0.07365719,0.013900127,1.0066695,0.20696145,null,null,null,null,"TWOGAUSSIANS",8,14.010676,0.7343429,0.0054783784,0.4,0.029614301,0.9928168,0.20806906,0.23487166,0.0342865,0.4,0.04621639,0.6881055,0.24203902
