Gaia/vari_eclipsing_binary/VariEclipsingBinary_684501-684534.csv
# %ECSV 1.0
# ---
# delimiter: ','
# meta: !!omap
# - RELEASE: Gaia DR3
# - TABLE: vari_eclipsing_binary
# - DESCRIPTION: >
#     This table describes the properties of the eclipsing binaries resulting from the variability analysis. 
# - CITATION: >
#     How to cite and acknowledge Gaia: 
#     https://gea.esac.esa.int/archive/documentation/credits.html 
# - KNOWN_ISSUES: >
#     Known issues: 
#     https://www.cosmos.esa.int/web/gaia-users/known-issues 
# - DOCUMENTATION: >
#     Tutorials and documentation: 
#     https://www.cosmos.esa.int/web/gaia-users/archive 
# datatype:
# - 
#   name: solution_id
#   datatype: int64
#   description: Solution Identifier
#   meta:
#     ucd: meta.version
# - 
#   name: source_id
#   datatype: int64
#   description: Unique source identifier
#   meta:
#     ucd: meta.id;meta.main
# - 
#   name: global_ranking
#   datatype: float32
#   description: Number between 0 (worst) and 1 (best)
#   meta:
#     ucd: stat.param
# - 
#   name: reference_time
#   datatype: float64
#   unit: d
#   description: Reference time used for the geometric model fit
#   meta:
#     ucd: time.epoch
# - 
#   name: frequency
#   datatype: float64
#   unit: d**-1
#   description: Frequency of geometric model of the eclipsing binary light curve
#   meta:
#     ucd: src.orbital
# - 
#   name: frequency_error
#   datatype: float32
#   unit: d**-1
#   description: "Uncertainty of \\texttt{frequency}"
#   meta:
#     ucd: stat.error
# - 
#   name: geom_model_reference_level
#   datatype: float32
#   unit: mag
#   description: Magnitude reference level of geometric model
#   meta:
#     ucd: phot.mag;em.opt
# - 
#   name: geom_model_reference_level_error
#   datatype: float32
#   unit: mag
#   description: "Uncertainty of \\texttt{geomModelReferenceLevel}"
#   meta:
#     ucd: stat.error;phot.mag;em.opt
# - 
#   name: geom_model_gaussian1_phase
#   datatype: float32
#   description: Phase of the Gaussian 1 component
#   meta:
#     ucd: time.phase
# - 
#   name: geom_model_gaussian1_phase_error
#   datatype: float32
#   description: "Uncertainty of \\texttt{geomModelGaussian1Phase}"
#   meta:
#     ucd: stat.error;time.phase
# - 
#   name: geom_model_gaussian1_sigma
#   datatype: float32
#   description: "Standard deviation [phase] of Gaussian 1 component"
#   meta:
#     ucd: stat.stdev
# - 
#   name: geom_model_gaussian1_sigma_error
#   datatype: float32
#   description: "Uncertainty of \\texttt{geomModelGaussian1Sigma}"
#   meta:
#     ucd: stat.error
# - 
#   name: geom_model_gaussian1_depth
#   datatype: float32
#   unit: mag
#   description: Magnitude depth of Gaussian 1 component
#   meta:
#     ucd: src.var.amplitude
# - 
#   name: geom_model_gaussian1_depth_error
#   datatype: float32
#   unit: mag
#   description: "Uncertainty of \\texttt{geomModelGaussian1Depth}"
#   meta:
#     ucd: stat.error;src.var.amplitude
# - 
#   name: geom_model_gaussian2_phase
#   datatype: float32
#   description: Phase of Gaussian 2 component
#   meta:
#     ucd: time.phase
# - 
#   name: geom_model_gaussian2_phase_error
#   datatype: float32
#   description: "Uncertainty of \\texttt{geomModelGaussian2Phase}"
#   meta:
#     ucd: stat.error;time.phase
# - 
#   name: geom_model_gaussian2_sigma
#   datatype: float32
[...]
#   datatype: float32
#   description: "Secondary eclipse: uncertainty of \\texttt{derivedSecondaryEclDuration}"
#   meta:
#     ucd: stat.error;time.duration
# - 
#   name: derived_secondary_ecl_depth
#   datatype: float32
#   unit: mag
#   description: "Secondary eclipse: depth"
#   meta:
#     ucd: src.var.amplitude
# - 
#   name: derived_secondary_ecl_depth_error
#   datatype: float32
#   unit: mag
#   description: "Secondary eclipse: uncertainty of \\texttt{derivedSecondaryEclDepth}"
#   meta:
#     ucd: stat.error;src.var.amplitude
solution_id,source_id,global_ranking,reference_time,frequency,frequency_error,geom_model_reference_level,geom_model_reference_level_error,geom_model_gaussian1_phase,geom_model_gaussian1_phase_error,geom_model_gaussian1_sigma,geom_model_gaussian1_sigma_error,geom_model_gaussian1_depth,geom_model_gaussian1_depth_error,geom_model_gaussian2_phase,geom_model_gaussian2_phase_error,geom_model_gaussian2_sigma,geom_model_gaussian2_sigma_error,geom_model_gaussian2_depth,geom_model_gaussian2_depth_error,geom_model_cosine_half_period_amplitude,geom_model_cosine_half_period_amplitude_error,geom_model_cosine_half_period_phase,geom_model_cosine_half_period_phase_error,model_type,num_model_parameters,reduced_chi2,derived_primary_ecl_phase,derived_primary_ecl_phase_error,derived_primary_ecl_duration,derived_primary_ecl_duration_error,derived_primary_ecl_depth,derived_primary_ecl_depth_error,derived_secondary_ecl_phase,derived_secondary_ecl_phase_error,derived_secondary_ecl_duration,derived_secondary_ecl_duration_error,derived_secondary_ecl_depth,derived_secondary_ecl_depth_error
[from data line 408]
375316653866487564,6021179699568633600,0.5036329,2182.746148818642,0.7896042391047838,2.3352783E-5,17.848574,0.003881583,0.19463538,0.0049968455,0.047951445,0.015582173,0.058613587,0.015980067,0.6987293,0.0021206583,0.070587456,0.0042902827,0.121617846,0.0033944088,null,null,null,null,"TWOGAUSSIANS",8,1.7309284,0.6987293,0.0021206583,0.39528978,0.021586433,0.12159683,0.0033733363,0.19463538,0.0049968455,0.26852807,0.087260164,0.05859257,0.0160714
375316653866487564,6021180554247025024,0.6123741,2185.452316412128,1.1067552592696144,4.335217E-5,18.573048,0.006406859,0.2860115,0.008098096,0.025653051,0.0069036023,1.1359826,0.2271265,0.78919446,0.0061970362,0.03738184,0.02017474,0.31313536,0.19920677,null,null,null,null,"TWOGAUSSIANS",8,3.3585246,0.2860115,0.008098096,0.14365709,0.038660172,1.1359826,0.2271265,0.78919446,0.0061970362,0.20933829,0.11297854,0.31313536,0.19920677
375316653866487564,6021183028143133440,0.49172202,2221.635823116725,0.1436978677285349,2.1349086E-5,19.459484,0.0036970174,0.13854153,0.0023062846,0.010492114,0.0012440642,0.3447297,0.06972413,0.5593148,0.004087374,0.02773625,0.012178344,0.12486196,0.05279028,null,null,null,null,"TWOGAUSSIANS",8,1.0913501,0.13854153,0.0023062846,0.05875584,0.0069667595,0.3447297,0.06972413,0.5593148,0.004087374,0.155323,0.068198726,0.12486196,0.05279028
375316653866487564,6021183238595557504,0.47370794,2226.3081590529478,2.6161416328170204,3.1405027E-5,19.511353,0.3590493,0.2488912,0.0064291,0.18941335,0.097347826,0.36167803,0.35464987,0.7693951,0.0103811715,0.110672586,0.021811368,0.37388536,0.21068214,null,null,null,null,"TWOGAUSSIANS",8,1.8205926,0.7722351,0.0065797814,0.4,0.0,0.24216264,0.019679755,0.2487912,0.006458451,0.4,0.0,0.20691448,0.021243535
375316653866487564,6021183238595568256,0.49845994,2224.3916988004357,1.1642435475318749,3.6111593E-5,19.736883,0.009392399,0.24954262,0.014993818,0.023596082,0.006292716,0.5131487,0.21427861,0.75187063,0.008988176,0.019910265,0.016115345,0.36895853,173.88814,null,null,null,null,"TWOGAUSSIANS",8,2.4047856,0.24954262,0.014993818,0.13213806,0.035239212,0.5131487,0.21427861,0.75187063,0.008988176,0.111497484,0.09024593,0.36895853,173.88814
375316653866487564,6021183513476279168,0.53901154,2240.1334526284736,3.6586450673851405,9.823307E-6,19.966307,0.009215904,0.21656041,0.0028374707,0.04026681,0.0068605547,0.2896318,0.05152218,0.6983969,0.005012037,0.029066527,0.010175377,0.19865154,0.0233518,0.14677657,0.016845915,0.21656041,0.0028374707,"TWOGAUSSIANS_WITH_ELLIPSOIDAL_ON_ECLIPSE1",9,2.042375,0.21656041,0.0028374707,0.22549415,0.038419105,0.5831849,0.05384614,0.7000169,0.0051525165,0.16277255,0.05698211,0.48873594,0.028771464
375316653866487564,6021183680980807040,0.63942796,2224.736976370374,3.2285524106286356,4.046862E-6,17.583662,0.010543887,0.14080086,0.0017985123,0.045575876,0.003020108,0.4125356,0.029122781,0.6436106,0.0023169974,0.05286003,0.0029036156,0.47836065,0.029693747,0.112299874,0.013689276,0.14080086,0.0017985123,"TWOGAUSSIANS_WITH_ELLIPSOIDAL_ON_ECLIPSE1",9,7.152229,0.6436106,0.0023169974,0.29601616,0.016260248,0.7028838,0.02227866,0.14080086,0.0017985123,0.25522488,0.016912604,0.6371288,0.022273889
375316653866487564,6021183857071041792,0.54318655,2248.4175606574336,3.429919962499541,3.6782625E-5,19.389128,0.01263231,0.27379134,0.01072067,0.01892887,0.013499952,0.13582975,0.04065439,0.700984,0.003092733,0.050471883,0.010708992,0.08859551,0.036466993,0.16376671,0.019780533,0.700984,0.003092733,"TWOGAUSSIANS_WITH_ELLIPSOIDAL_ON_ECLIPSE2",9,2.9882827,0.700984,0.003092733,0.28264254,0.059970357,0.4161285,0.021706125,0.26957133,0.014516344,0.10600168,0.07559973,0.4028744,0.03305693
375316653866487564,6021185021008101760,0.49130014,2236.770443033443,1.907550088063993,8.588839E-5,18.239206,0.0059421174,0.18599701,0.011315994,0.07485809,0.011217389,0.13039903,0.010502528,0.67019236,0.007744563,0.07515978,0.00912256,0.102160916,0.0068326374,null,null,null,null,"TWOGAUSSIANS",8,3.0007575,0.18599701,0.011315994,0.4,0.029432552,0.12977408,0.010417019,0.67019236,0.007744563,0.4,0.020925907,0.10153596,0.0065146824
375316653866487564,6021185746882563328,0.62034875,2190.2759621985833,0.882214424183363,1.04180916E-4,18.366846,0.0035692586,0.32975644,0.0038016962,0.033265363,0.0023769331,0.97022647,0.07112514,0.8248978,0.013107685,0.035028182,0.017178524,0.0927762,0.03587726,null,null,null,null,"TWOGAUSSIANS",8,2.6712894,0.32975644,0.0038016962,0.18628603,0.013310825,0.97022647,0.07112514,0.8248978,0.013107685,0.19615781,0.09619973,0.0927762,0.03587726
375316653866487564,6021187872866434176,0.5102114,2219.858412673572,1.870812169428043,3.5698286E-5,18.618425,0.0077375374,0.28540963,0.011043337,0.06733586,0.0098216375,0.16116345,0.011257582,0.7879342,0.0066027916,0.06224005,0.0055444133,0.22885348,0.012850319,null,null,null,null,"TWOGAUSSIANS",8,3.6420453,0.7879342,0.0066027916,0.34854427,0.031048715,0.22864722,0.012740627,0.28540963,0.011043337,0.37708083,0.041227862,0.1609572,0.011173132
375316653866487564,6021188255118324736,0.43232927,2285.850657514626,3.9757475807473774,2.3646066E-5,19.818815,0.08417233,0.3439821,0.01192068,0.023907986,0.0033101826,1.2878429,0.8386613,0.6784276,0.039422806,0.19409493,0.10642384,0.17938131,0.0716359,null,null,null,null,"TWOGAUSSIANS",8,2.9144166,0.34414208,0.011863418,0.13388471,0.018537022,1.3160253,0.83913875,0.6784276,0.039422806,0.4,0.0,0.16638614,0.027442332
375316653866487564,6021188323863057920,0.6646287,2233.6359175470448,0.4013518685474092,2.6372984E-6,9.173506,6.5453106E-4,0.20215765,3.8276342E-4,0.023131939,3.5933085E-4,0.4494553,0.012647626,0.76905835,5.2648725E-4,0.024175389,2.952168E-4,0.37621602,0.016438255,0.006070946,0.0014095864,0.20215765,3.8276342E-4,"TWOGAUSSIANS_WITH_ELLIPSOIDAL_ON_ECLIPSE1",9,20.40928,0.20215765,3.8276342E-4,0.12953885,0.0020122526,0.46159717,0.01318488,0.76905835,5.2648725E-4,0.13538218,0.0016532141,0.3863359,0.01467849
375316653866487564,6021188358199489664,0.5326561,2277.3072566902365,3.3722652920448044,1.8979978E-5,19.090399,0.013910289,0.24407189,0.0051863226,0.0746482,0.006297971,0.45094898,0.015224794,0.7448009,0.0030975523,0.07607542,0.0047614747,0.31430545,0.016499575,null,null,null,null,"TWOGAUSSIANS",8,2.2481842,0.24407189,0.0051863226,0.4,0.0,0.44793838,0.01442191,0.7448009,0.0030975523,0.4,0.0,0.31129485,0.015530502
375316653866487564,6021189251551014784,0.5456126,2229.2122236492532,4.040547964724128,2.7091697E-5,19.772034,0.018550923,0.12995705,0.0032195302,0.06354358,0.0031905947,0.7001006,0.02915751,0.6281255,0.0028771441,0.064204976,0.0042492473,0.61765844,0.026222186,null,null,null,null,"TWOGAUSSIANS",8,1.4832287,0.12995705,0.0032195302,0.35584405,0.01786733,0.6995145,0.028977713,0.6281255,0.0028771441,0.35954785,0.023795784,0.61707234,0.02621658
375316653866487564,6021189350335281536,0.6237247,2247.193931216441,0.9872469989967915,5.769948E-6,15.922642,0.0056486907,0.23800159,0.0031321803,0.059238214,0.010147122,0.09486821,0.03260924,0.7398053,0.0050835675,0.04807527,0.008862956,0.046826668,0.012036097,0.079447865,0.006667924,0.23800159,0.0031321803,"TWOGAUSSIANS_WITH_ELLIPSOIDAL_ON_ECLIPSE1",9,5.963838,0.23800159,0.0031321803,0.331734,0.056823883,0.253751,0.030295763,0.7398053,0.0050007585,0.2692215,0.049632557,0.20568906,0.0063950224
375316653866487564,6021189492069378432,0.5097865,2222.7264697411124,0.03972222402106751,7.0775827E-6,19.685823,0.011553462,0.1658084,0.005465993,0.044392604,0.008901077,1.5353003,1.3014001,0.36548725,0.007865919,0.060245235,0.007175331,0.27416456,0.022892578,null,null,null,null,"TWOGAUSSIANS",8,2.3292172,0.1658884,0.005604563,0.24859858,0.049846034,1.5364314,1.3011082,0.36548725,0.007865919,0.33737332,0.040181853,0.2742266,0.022840088
375316653866487564,6021189556498148608,0.5801872,2227.1098014920644,2.1230199482453203,1.3855572E-5,18.462534,0.003954184,0.25184566,0.0034118975,0.062216267,0.0061263037,0.22395693,0.020903364,0.7523791,0.0027705827,0.06323454,0.004492491,0.31713507,0.018659776,null,null,null,null,"TWOGAUSSIANS",8,1.702106,0.7523791,0.0027705827,0.35411343,0.025157949,0.3169488,0.018735265,0.25184566,0.0034118975,0.34841108,0.0343073,0.22377065,0.021028394
375316653866487564,6021190312412609152,0.60748225,2195.507805696478,1.9717878575358676,1.48824065E-5,15.362077,0.008528347,0.27886045,0.002822931,0.11610032,0.0076092463,0.13356751,0.0080795465,0.7499728,0.0030501545,0.103111036,0.0064026956,0.1730581,0.007937389,null,null,null,null,"TWOGAUSSIANS",8,7.9340353,0.7499728,0.0030501545,0.4,0.0,0.15675725,0.0046225497,0.27888045,0.0028182792,0.4,0.0,0.11723243,0.003201311
375316653866487564,6021190793448909312,0.5297127,2223.3268612690645,2.4516485864877717,1.4981968E-5,18.531511,0.016926188,0.25339714,0.0067892107,0.09535314,0.010753858,0.29923368,0.017976077,0.75072515,0.003594853,0.09066472,0.007113272,0.38201654,0.017660983,null,null,null,null,"TWOGAUSSIANS",8,5.052859,0.75072515,0.003594853,0.4,0.0,0.36455068,0.017385064,0.25339714,0.0067892107,0.4,0.0,0.28176737,0.01455445
375316653866487564,6021191102686659968,0.50331634,2213.6685125844265,1.402345734827135,3.8331196E-5,15.765406,0.010463864,0.25750658,0.010381985,0.09182302,0.032477707,0.053796466,0.008511059,0.7458979,0.0058015413,0.10555623,0.025301592,0.05292891,0.008162292,null,null,null,null,"TWOGAUSSIANS",8,5.716894,0.2575166,0.010389597,0.4,0.0,0.05010131,0.006203166,0.7458979,0.0058015413,0.4,0.0,0.049232192,0.0053120693
375316653866487564,6021191141361788032,0.411033,2232.6866555090337,1.123316452257619,6.213661E-5,18.800924,0.33509612,0.31724128,0.021727467,0.13560742,0.047693357,0.26733476,0.2094974,0.7851706,0.019427635,0.21306327,0.1486276,0.25324172,0.3346763,null,null,null,null,"TWOGAUSSIANS",8,3.0026915,0.3263313,0.013115448,0.4,0.0,0.14658089,0.041961946,0.7851706,0.019427635,0.4,0.0,0.09893418,0.040522374
375316653866487564,6021191175696699904,0.47047034,2232.6977001330815,2.6262924475597056,8.384008E-5,19.322199,0.061601955,0.27017185,0.015248361,0.13613369,0.03210208,0.23960714,0.06070232,0.72851944,0.0136387795,0.090069756,0.019636586,0.2927159,0.058842342,null,null,null,null,"TWOGAUSSIANS",8,5.4062543,0.72851944,0.0136387795,0.4,0.0,0.2649893,0.025163852,0.27017185,0.015245938,0.4,0.0,0.21096595,0.03006021
375316653866487564,6021191927320434560,0.6160563,2155.592175653887,1.464347908261056,1.3079001E-5,17.81577,0.0039058104,0.27907652,0.00269506,0.05287986,0.004871036,0.07157145,0.011404887,0.77681714,0.0024337377,0.046504807,0.0021335771,0.44491068,0.030111093,null,null,null,null,"TWOGAUSSIANS",8,2.0843108,0.77681714,0.0024337377,0.2604269,0.011948032,0.44490975,0.030111674,0.27907652,0.00269506,0.2961272,0.0272778,0.07157051,0.011405088
375316653866487564,6021192408356852736,0.50660634,2160.5830447788567,2.562093398523071,2.9713718E-5,19.352028,0.008843752,0.26467812,0.007154386,0.07070961,0.010676451,0.22977237,0.013931742,0.7562242,0.016925024,0.07999211,0.016716618,0.3341579,0.06694194,null,null,null,null,"TWOGAUSSIANS",8,1.2478572,0.7562242,0.016925024,0.4,0.0,0.33227134,0.06872428,0.26467812,0.007154386,0.3959738,0.036278572,0.2278858,0.013566096
375316653866487564,6021192584470704128,0.48679513,2172.7524431878865,3.4035029322662953,2.026535E-5,19.603365,0.0039472017,0.7097276,0.003186097,0.029508559,0.0307331,0.043763127,0.025893906,null,null,null,null,null,null,0.09285299,0.0092484,0.7097276,0.003186097,"ONEGAUSSIAN_WITH_ELLIPSOIDAL",6,1.0625001,0.7097276,0.003186097,0.16524793,0.17210536,0.22946872,0.02545537,null,null,null,null,null,null
375316653866487564,6021192717596526848,0.6018794,2184.6703563927917,1.718899249306644,1.5429838E-5,17.998886,0.026021495,0.23794146,0.0063141645,0.09363067,0.009976044,0.30650568,0.027557129,0.75016975,0.003102149,0.10024382,0.013016915,0.27515957,0.018908828,null,null,null,null,"TWOGAUSSIANS",8,2.951283,0.23794146,0.0063194665,0.4,0.0,0.28885043,0.013587058,0.75016975,0.003102149,0.4,0.0,0.2575022,0.008878495
375316653866487564,6021193198630869504,0.5748498,2203.127038573441,2.879638840330562,1.3912825E-5,17.734705,0.0105201015,0.3652145,0.0017844049,0.071705125,0.0030521285,0.39759177,0.0153637575,0.85911846,0.004174799,0.07550493,0.005474461,0.4674641,0.022993984,null,null,null,null,"TWOGAUSSIANS",8,9.163481,0.85911846,0.004174799,0.4,0.0,0.46512088,0.023299461,0.3652145,0.0017844049,0.4,0.008872485,0.39524856,0.01511137
375316653866487564,6021194165019225600,0.44530717,2255.997285787325,3.498636603056762,8.123231E-5,19.407642,0.045337364,0.35571823,0.012722033,0.10944558,0.062073972,0.22961716,0.05802951,0.70469594,0.023467364,0.04976575,0.02638323,0.12748969,0.031949922,null,null,null,null,"TWOGAUSSIANS",8,3.0424626,0.35571823,0.012724344,0.4,0.0,0.22953337,0.06058506,0.70469594,0.023467364,0.27868822,0.1477461,0.12882899,0.03845845
375316653866487564,6021194538660615680,0.52136296,2214.3681040450065,0.6986528208137143,1.6244298E-5,14.979976,0.41065118,0.24160579,0.005119413,0.1800661,0.03349686,0.69874537,0.34784374,0.739574,0.0042305226,0.19394162,0.048067003,0.70978576,0.3908936,null,null,null,null,"TWOGAUSSIANS",8,37.958305,0.24272579,0.0052064327,0.4,0.0,0.17778188,0.012666069,0.739574,0.0042305226,0.4,0.0,0.16724357,0.010033881
375316653866487564,6021195328934636288,0.5824789,2229.1036627470685,1.9650899384732232,7.887438E-6,18.596508,0.033113442,0.24718991,0.0029319706,0.113045305,0.020186251,0.26990137,0.015021563,0.7348892,0.013427616,0.09422809,0.011800963,0.307643,0.041970305,null,null,null,null,"TWOGAUSSIANS",8,0.79700273,0.7348892,0.013427616,0.4,0.0,0.28083903,0.017781263,0.24718991,0.0029319706,0.4,0.0,0.24306409,0.02328503
375316653866487564,6021195397654135296,0.6354434,2194.3504777939424,2.7093549466772453,9.504624E-6,17.62467,0.0052766125,0.19484173,0.0017385884,0.07065331,0.0023410222,0.41855615,0.011922247,0.69364727,0.002665864,0.07265862,0.0028880439,0.47044984,0.02414387,null,null,null,null,"TWOGAUSSIANS",8,3.1466544,0.69364727,0.002665864,0.4,0.0,0.46848822,0.024421725,0.19484173,0.0017385884,0.39565855,0.013109725,0.41659454,0.011997239
375316653866487564,6021195638172375296,0.586226,2222.5134549272516,1.379569362844738,1.6392565E-5,18.099123,0.008303153,0.350654,0.004869355,0.08135502,0.006889135,0.3181971,0.018345075,0.8445782,0.0043205814,0.088403694,0.004772619,0.24807058,0.009681401,null,null,null,null,"TWOGAUSSIANS",8,2.4855871,0.350654,0.004869355,0.4,0.0,0.3116437,0.019534927,0.8445782,0.0043205814,0.4,0.0,0.24151713,0.0077812183
375316653866487564,6021197046921846656,0.4672536,2203.3202696908716,0.7477717763295914,1.8595283E-4,19.295513,0.20514157,0.46076152,0.046095856,0.22964656,0.15597269,0.15682463,0.19851716,0.82073224,0.029857883,0.067314886,0.034881957,0.54328245,564.52405,null,null,null,null,"TWOGAUSSIANS",8,4.5999103,0.82073224,0.029857883,0.37696338,0.19533896,0.5539922,564.53357,0.46077153,0.046144236,0.4,0.0,0.11842587,0.026449181
375316653866487564,6021197562316910592,0.6403382,2197.440208170594,0.2775131070606864,4.6025643E-6,13.2043295,8.267459E-4,0.27453643,0.0028112165,0.014310963,0.0023682585,0.08135419,0.0466232,0.7728052,4.1231274E-4,0.011933385,3.989931E-4,0.3436322,0.022310596,0.0042680865,0.0016768157,0.27453643,0.0028112165,"TWOGAUSSIANS_WITH_ELLIPSOIDAL_ON_ECLIPSE1",9,16.719753,0.7728052,4.1231274E-4,0.066826954,0.0022343616,0.35216734,0.024848081,0.27453643,0.0028112165,0.080141395,0.013262248,0.08989037,0.04738684
375316653866487564,6021197802836108160,0.629561,2201.0336112600203,0.9762579887419323,5.0546646E-6,18.85397,0.00754182,0.26315746,0.027803816,0.028540153,0.013734264,0.9470905,0.4415983,0.76198995,0.0104514025,0.036654957,0.008984092,0.2042843,0.029640859,null,null,null,null,"TWOGAUSSIANS",8,2.1966863,0.26315746,0.027803816,0.15982486,0.07691188,0.9470905,0.4415983,0.76198995,0.0104514025,0.20526776,0.050310913,0.2042843,0.029640859
