Gaia/vari_eclipsing_binary/VariEclipsingBinary_676798-676820.csv
# %ECSV 1.0
# ---
# delimiter: ','
# meta: !!omap
# - RELEASE: Gaia DR3
# - TABLE: vari_eclipsing_binary
# - DESCRIPTION: >
#     This table describes the properties of the eclipsing binaries resulting from the variability analysis. 
# - CITATION: >
#     How to cite and acknowledge Gaia: 
#     https://gea.esac.esa.int/archive/documentation/credits.html 
# - KNOWN_ISSUES: >
#     Known issues: 
#     https://www.cosmos.esa.int/web/gaia-users/known-issues 
# - DOCUMENTATION: >
#     Tutorials and documentation: 
#     https://www.cosmos.esa.int/web/gaia-users/archive 
# datatype:
# - 
#   name: solution_id
#   datatype: int64
#   description: Solution Identifier
#   meta:
#     ucd: meta.version
# - 
#   name: source_id
#   datatype: int64
#   description: Unique source identifier
#   meta:
#     ucd: meta.id;meta.main
# - 
#   name: global_ranking
#   datatype: float32
#   description: Number between 0 (worst) and 1 (best)
#   meta:
#     ucd: stat.param
# - 
#   name: reference_time
#   datatype: float64
#   unit: d
#   description: Reference time used for the geometric model fit
#   meta:
#     ucd: time.epoch
# - 
#   name: frequency
#   datatype: float64
#   unit: d**-1
#   description: Frequency of geometric model of the eclipsing binary light curve
#   meta:
#     ucd: src.orbital
# - 
#   name: frequency_error
#   datatype: float32
#   unit: d**-1
#   description: "Uncertainty of \\texttt{frequency}"
#   meta:
#     ucd: stat.error
# - 
#   name: geom_model_reference_level
#   datatype: float32
#   unit: mag
#   description: Magnitude reference level of geometric model
#   meta:
#     ucd: phot.mag;em.opt
# - 
#   name: geom_model_reference_level_error
#   datatype: float32
#   unit: mag
#   description: "Uncertainty of \\texttt{geomModelReferenceLevel}"
#   meta:
#     ucd: stat.error;phot.mag;em.opt
# - 
#   name: geom_model_gaussian1_phase
#   datatype: float32
#   description: Phase of the Gaussian 1 component
#   meta:
#     ucd: time.phase
# - 
#   name: geom_model_gaussian1_phase_error
#   datatype: float32
#   description: "Uncertainty of \\texttt{geomModelGaussian1Phase}"
#   meta:
#     ucd: stat.error;time.phase
# - 
#   name: geom_model_gaussian1_sigma
#   datatype: float32
#   description: "Standard deviation [phase] of Gaussian 1 component"
#   meta:
#     ucd: stat.stdev
# - 
#   name: geom_model_gaussian1_sigma_error
#   datatype: float32
#   description: "Uncertainty of \\texttt{geomModelGaussian1Sigma}"
#   meta:
#     ucd: stat.error
# - 
#   name: geom_model_gaussian1_depth
#   datatype: float32
#   unit: mag
#   description: Magnitude depth of Gaussian 1 component
#   meta:
#     ucd: src.var.amplitude
# - 
#   name: geom_model_gaussian1_depth_error
#   datatype: float32
#   unit: mag
#   description: "Uncertainty of \\texttt{geomModelGaussian1Depth}"
#   meta:
#     ucd: stat.error;src.var.amplitude
# - 
#   name: geom_model_gaussian2_phase
#   datatype: float32
#   description: Phase of Gaussian 2 component
#   meta:
#     ucd: time.phase
# - 
#   name: geom_model_gaussian2_phase_error
#   datatype: float32
#   description: "Uncertainty of \\texttt{geomModelGaussian2Phase}"
#   meta:
#     ucd: stat.error;time.phase
# - 
#   name: geom_model_gaussian2_sigma
#   datatype: float32
[...]
#   datatype: float32
#   description: "Secondary eclipse: uncertainty of \\texttt{derivedSecondaryEclDuration}"
#   meta:
#     ucd: stat.error;time.duration
# - 
#   name: derived_secondary_ecl_depth
#   datatype: float32
#   unit: mag
#   description: "Secondary eclipse: depth"
#   meta:
#     ucd: src.var.amplitude
# - 
#   name: derived_secondary_ecl_depth_error
#   datatype: float32
#   unit: mag
#   description: "Secondary eclipse: uncertainty of \\texttt{derivedSecondaryEclDepth}"
#   meta:
#     ucd: stat.error;src.var.amplitude
solution_id,source_id,global_ranking,reference_time,frequency,frequency_error,geom_model_reference_level,geom_model_reference_level_error,geom_model_gaussian1_phase,geom_model_gaussian1_phase_error,geom_model_gaussian1_sigma,geom_model_gaussian1_sigma_error,geom_model_gaussian1_depth,geom_model_gaussian1_depth_error,geom_model_gaussian2_phase,geom_model_gaussian2_phase_error,geom_model_gaussian2_sigma,geom_model_gaussian2_sigma_error,geom_model_gaussian2_depth,geom_model_gaussian2_depth_error,geom_model_cosine_half_period_amplitude,geom_model_cosine_half_period_amplitude_error,geom_model_cosine_half_period_phase,geom_model_cosine_half_period_phase_error,model_type,num_model_parameters,reduced_chi2,derived_primary_ecl_phase,derived_primary_ecl_phase_error,derived_primary_ecl_duration,derived_primary_ecl_duration_error,derived_primary_ecl_depth,derived_primary_ecl_depth_error,derived_secondary_ecl_phase,derived_secondary_ecl_phase_error,derived_secondary_ecl_duration,derived_secondary_ecl_duration_error,derived_secondary_ecl_depth,derived_secondary_ecl_depth_error
[from data line 444]
375316653866487564,5953348628203190016,0.52866864,2209.54038847078,0.5211792657048895,2.0252228E-5,19.481874,0.007323422,0.7197467,0.0060412767,0.022253599,0.0036486762,0.39766085,0.051207177,null,null,null,null,null,null,0.04221356,0.009848158,0.7197467,0.0060412767,"ONEGAUSSIAN_WITH_ELLIPSOIDAL",6,2.058454,0.7197467,0.0060412767,0.124620155,0.020432586,0.4820878,0.043377977,null,null,null,null,null,null
375316653866487564,5953348692628638592,0.5081108,2229.4529687959816,2.153128641511187,2.9329782E-5,17.097559,0.009758525,0.32033464,0.0059642307,0.03512178,0.007021168,0.22228907,0.061242364,0.851774,0.021791782,0.015903564,0.018829852,0.37436008,2.6015558,0.040987454,0.012023631,0.32033464,0.0059642307,"TWOGAUSSIANS_WITH_ELLIPSOIDAL_ON_ECLIPSE1",9,32.027775,0.851774,0.021791782,0.089059964,0.10544718,0.4531774,2.6007407,0.32033464,0.0059642307,0.19668198,0.03931854,0.3042638,0.062184848
375316653866487564,5953348696922881408,0.44344178,2175.683120892947,0.5562952419830556,6.528775E-5,19.719812,0.019796226,0.4713493,0.019623207,0.14659306,0.019074162,0.3090522,0.029106725,0.77801436,0.0151546,0.037854824,0.011583115,0.1339447,0.04341838,null,null,null,null,"TWOGAUSSIANS",8,4.103729,0.4713493,0.019623207,0.4,0.0,0.30721164,0.029233227,0.77801436,0.0151546,0.21198702,0.06486544,0.16676155,0.041504875
375316653866487564,5953348868773815168,0.50465304,2224.335583958864,0.6581170177793702,6.119378E-5,16.731462,0.004150055,0.32234114,0.0066052214,0.0054209256,0.01721455,0.13698618,0.16136764,0.5241761,0.016878808,0.05792677,0.0094176335,0.48344246,0.1679573,null,null,null,null,"TWOGAUSSIANS",8,30.793344,0.5241761,0.016878808,0.3243899,0.05273875,0.48344246,0.1679573,0.32235116,0.006317619,0.030357184,0.09640148,0.13810371,0.1617697
375316653866487564,5953349143599775488,0.5058291,2203.6475584694545,1.139996326921574,3.6357633E-5,18.29876,0.01137645,0.29049695,0.011941829,0.075831674,0.021074602,0.14988285,0.069441125,0.7811583,0.02317521,0.038678467,0.023197634,0.72701335,0.5480426,null,null,null,null,"TWOGAUSSIANS",8,12.69525,0.7811583,0.02317521,0.21659942,0.12990676,0.7269895,0.54837704,0.29049695,0.011941829,0.4,0.029230908,0.14985906,0.06950697
375316653866487564,5953349173670351360,0.5636458,2231.1311908819307,4.030271450609708,8.499852E-6,18.470709,0.014643354,0.28805867,0.0036891792,0.077422455,0.0047649383,0.3184888,0.017064018,0.7877344,0.0014245026,0.0717157,0.006214258,0.38552025,0.029003233,null,null,null,null,"TWOGAUSSIANS",8,2.4403791,0.7877344,0.0014245026,0.4,0.0077021834,0.38301113,0.0300243,0.28805867,0.0036891792,0.4,0.0,0.3159797,0.015813319
375316653866487564,5953349212371235840,0.4228997,2214.7952049602955,0.3354173151565041,4.980206E-5,17.774096,0.0043732487,0.7194025,0.011575702,0.027431926,0.011563547,0.047823653,0.14642957,null,null,null,null,null,null,0.033975955,0.007770189,0.7194025,0.011575702,"ONEGAUSSIAN_WITH_ELLIPSOIDAL",6,8.673585,0.7194025,0.011575702,0.15361878,0.064755864,0.11577555,0.14725998,null,null,null,null,null,null
375316653866487564,5953349590328472192,0.59478706,2201.494522752274,2.9106601005235953,7.4049863E-6,18.872356,0.0094534485,0.18309867,0.0019546256,0.07198315,0.0033608105,0.45641744,0.010977994,0.6909846,0.026013963,0.080635294,0.012689914,0.4850694,0.03129263,null,null,null,null,"TWOGAUSSIANS",8,2.454092,0.6909846,0.026013963,0.4,0.015858188,0.48136353,0.030105194,0.18309867,0.0019546256,0.4,0.009441412,0.45271158,0.01093675
375316653866487564,5953349689079848960,0.5842924,2243.832956386913,1.4454995208992354,1.8373335E-5,18.55718,0.010270279,0.25787643,0.004991662,0.09980242,0.008861259,0.20893088,0.012346348,0.75080127,0.0026722164,0.09418599,0.0047804746,0.29344806,0.010149706,null,null,null,null,"TWOGAUSSIANS",8,1.1157461,0.75080127,0.0026722164,0.4,0.0,0.27733102,0.0037992375,0.25787643,0.004991662,0.4,0.0,0.19281276,0.011562954
375316653866487564,5953349727715085824,0.53804606,2243.0276005210526,1.7780685304134913,2.3041277E-5,18.24168,0.041665092,0.2709417,0.006542363,0.10520013,0.014359873,0.28926286,0.04057327,0.7673351,0.0035841584,0.11052989,0.015053851,0.2585154,0.039210815,null,null,null,null,"TWOGAUSSIANS",8,3.2972085,0.2709417,0.0065523214,0.4,0.0,0.25351223,0.01700583,0.7673351,0.0035841584,0.4,0.0,0.22275323,0.008338429
375316653866487564,5953350135737629440,0.45068392,2241.004795552094,0.07638486488144317,1.8715065E-4,18.101645,0.082019,0.4013158,0.020854993,0.14597756,0.048072852,0.21997476,0.07701756,0.8313118,0.021954587,0.105268694,0.049417812,0.19502904,0.064234555,null,null,null,null,"TWOGAUSSIANS",8,4.7483063,0.4014958,0.020818794,0.4,0.0,0.18856998,0.020840615,0.8313118,0.021954587,0.4,0.0,0.16655748,0.094693325
375316653866487564,5953350277471375488,0.48708543,2230.4736876847164,3.213750679666883,3.532911E-5,19.688755,0.034046616,0.29526028,0.007009574,0.10814719,0.017730456,0.26793012,0.033992704,0.7879105,0.007683688,0.09709489,0.014008622,0.35340765,0.053255524,null,null,null,null,"TWOGAUSSIANS",8,2.3110116,0.7879105,0.007683688,0.4,0.0,0.32478717,0.054166287,0.29526028,0.007009574,0.4,0.0,0.23929815,0.018768907
375316653866487564,5953350483630276736,0.46902516,2239.02288496467,3.0599303909997224,3.2561937E-5,19.857174,0.017604107,0.20849054,0.008873575,0.057576798,0.011869644,0.631874,0.10363116,0.7200415,0.0062890747,0.056836065,0.009058133,0.50764537,0.1008469,null,null,null,null,"TWOGAUSSIANS",8,2.3727796,0.20849054,0.008873575,0.32243007,0.066470005,0.63182235,0.10373819,0.7200415,0.0062890747,0.31828195,0.050725542,0.5075937,0.10091627
375316653866487564,5953350483681680512,0.4762974,2226.9513265938695,2.277547445183797,3.872036E-5,15.938434,0.0014825129,0.12813106,0.003805243,0.047896706,0.04783325,0.0044947444,0.01072913,0.52136886,0.028962418,0.03308471,0.009268902,0.037014518,0.031974096,0.039605465,0.0024863102,0.12813106,0.003805243,"TWOGAUSSIANS_WITH_ELLIPSOIDAL_ON_ECLIPSE1",9,17.87888,0.5362689,0.09273615,0.18527438,0.05190585,0.08907018,0.018431976,0.12813106,0.003805243,0.26822156,0.2678662,0.08370547,0.009861432
375316653866487564,5953350930307103744,0.5771557,2202.388864228738,2.7777809838290675,8.1170865E-6,19.278732,0.012079654,0.21340781,0.002399043,0.0679652,0.0029384864,0.57462573,0.038797654,0.72207767,0.0016537299,0.069820635,0.0022904405,0.658094,0.01866913,null,null,null,null,"TWOGAUSSIANS",8,2.3652546,0.72207767,0.0016537299,0.39099553,0.012826467,0.6567428,0.018569296,0.21340781,0.002399043,0.38060513,0.016455524,0.57327455,0.03888079
375316653866487564,5953351067823563392,0.44849288,2230.3642733539314,0.9113840914508977,1.3956365E-4,19.794233,0.10865296,0.35872602,0.032672618,0.062770516,0.037014514,0.38462234,0.08774853,0.8580902,0.052085347,0.12040628,0.0468215,0.20003258,0.126015,null,null,null,null,"TWOGAUSSIANS",8,4.102518,0.35872602,0.03273035,0.3515149,0.18763153,0.37364125,0.06045896,0.8580902,0.052085347,0.4,0.0,0.18897943,0.10424967
375316653866487564,5953351308315617792,0.5745176,2234.6776445668424,2.916712738674117,1.4774951E-5,17.98275,0.010486379,0.23803194,0.0036416345,0.031370796,0.010517877,0.28200775,0.12150841,0.7296296,0.00297137,0.049642026,0.0067319837,0.15405312,0.023461886,0.10696064,0.0154116815,0.23803194,0.0036416345,"TWOGAUSSIANS_WITH_ELLIPSOIDAL_ON_ECLIPSE1",9,6.248908,0.23803194,0.0036416345,0.17567645,0.05890011,0.4959288,0.12012675,0.73141956,0.0018987565,0.27799535,0.037699107,0.367505,0.011499447
375316653866487564,5953351510132525440,0.61308014,2225.2129242400015,0.7629132880666285,2.2406619E-5,16.485416,0.0053281165,0.2696254,0.0011899909,0.031884544,0.0012689359,1.0366205,0.047996894,null,null,null,null,null,null,0.013111329,0.0074673216,0.2696254,0.0011899909,"ONEGAUSSIAN_WITH_ELLIPSOIDAL",6,23.928247,0.2696254,0.0011899909,0.17855345,0.0071060406,1.0628431,0.049363032,null,null,null,null,null,null
375316653866487564,5953351651862378112,0.47832674,2202.307405662507,3.4635722324216083,4.040723E-5,19.090796,0.03668129,0.22992642,0.0063917977,0.09226961,0.017623918,0.2580359,0.044764616,0.72052264,0.008928316,0.110629275,0.022497892,0.23796624,0.034423575,null,null,null,null,"TWOGAUSSIANS",8,3.4389665,0.22993642,0.0063888878,0.4,0.0,0.23704943,0.045951545,0.72052264,0.008928316,0.4,0.0,0.21696134,0.027763948
375316653866487564,5953351892382599296,0.48867026,2230.535712804845,4.213084787762768,2.7959948E-5,19.774485,0.04485307,0.16522196,0.0457225,0.09938093,0.043139823,0.29095146,0.06934776,0.6751147,0.0044338615,0.061005022,0.0065579778,0.6974969,0.07559439,null,null,null,null,"TWOGAUSSIANS",8,4.3627768,0.6751147,0.0044338615,0.34162813,0.036724675,0.69257903,0.07219312,0.16522196,0.0457225,0.4,0.048916027,0.28603148,0.060507752
375316653866487564,5953352236028406528,0.68309903,2218.4929280203664,0.7416123770579146,8.220188E-6,16.53467,0.004009781,0.18565123,0.0011157001,0.027854241,8.5492246E-4,0.6302058,0.016310563,0.6868396,0.018470371,0.028814813,0.0152052855,0.15004393,0.03708666,0.024428388,0.005387577,0.18565123,0.0011157001,"TWOGAUSSIANS_WITH_ELLIPSOIDAL_ON_ECLIPSE1",9,4.183023,0.18565123,0.0011157001,0.15598375,0.0047875657,0.6790625,0.0147143975,0.6868396,0.018117119,0.16136295,0.0851496,0.1988979,0.038122505
375316653866487564,5953352373416587008,0.47136363,2216.23668584219,1.9100547990753909,1.2769591E-5,18.676247,0.030914383,0.2960733,0.0037363651,0.104475595,0.01923391,0.2442961,0.031183893,0.79789615,0.008953603,0.09081932,0.017349267,0.17998342,0.03135566,null,null,null,null,"TWOGAUSSIANS",8,4.0393057,0.2960733,0.0037363651,0.4,0.0,0.22873001,0.034013875,0.79789615,0.008960858,0.4,0.0,0.16442245,0.01770508
375316653866487564,5953352648294347008,0.5247358,2177.1138078087233,4.568371048423207,3.3870725E-5,18.843431,0.02686099,0.46134353,0.00798815,0.19715564,0.017931687,0.43155134,0.022070833,0.90513355,0.012081227,0.024665847,0.01221198,0.078135975,0.039449666,null,null,null,null,"TWOGAUSSIANS",8,5.111708,0.46134353,0.00798815,0.4,0.0,0.39530036,0.020972198,0.90513355,0.012081227,0.13812874,0.06838709,0.08421026,0.041575577
375316653866487564,5953352957583057152,0.5202423,2191.8079004232154,1.203533608736711,1.2374876E-5,18.87124,0.025673846,0.26166797,0.0021365976,0.08927964,0.0105938995,0.30163077,0.014673137,0.7806546,0.020184685,0.09844851,0.029823622,0.21625268,0.021971142,null,null,null,null,"TWOGAUSSIANS",8,1.8803775,0.26166797,0.0021365976,0.4,0.0,0.29058912,0.011882355,0.7806546,0.020184685,0.4,0.0,0.20520958,0.014722199
375316653866487564,5953353228131835520,0.51208055,2221.2209751363307,1.0249900549773556,1.9603076E-5,18.755665,0.0038621398,0.19160484,0.0019851194,0.00826533,0.0029930684,0.26026097,0.017962402,0.49513406,0.01042862,0.031429015,0.00674859,0.049898952,0.027504774,null,null,null,null,"TWOGAUSSIANS",8,2.12897,0.19160484,0.0019851194,0.046285853,0.016761184,0.26026097,0.017962402,0.49513406,0.01042862,0.17600249,0.037792105,0.049898952,0.027504774
375316653866487564,5953353232412468480,0.50707173,2211.038768302247,0.9201638416805747,7.5147254E-5,19.918396,0.0063927835,0.2959531,0.0021046086,0.011473885,0.0028228213,2.63836,15.157355,0.69667405,0.012814045,0.036581058,0.0139335515,0.10534106,0.037834417,null,null,null,null,"TWOGAUSSIANS",8,0.8812847,0.2959531,0.0021046086,0.064253755,0.015807798,2.63836,15.157355,0.69667405,0.012814045,0.20485392,0.07802789,0.10534106,0.037834417
375316653866487564,5953353266770243584,0.43580022,2207.060321700682,2.73116227301017,4.995374E-5,19.056507,0.0037948047,null,null,null,null,null,null,null,null,null,null,null,null,0.056522846,0.004639797,0.28872678,0.008506168,"ELLIPSOIDAL",4,2.8022575,null,null,null,null,null,null,null,null,null,null,null,null
375316653866487564,5953353266820721792,0.45642918,2215.028313779194,2.1496286433190432,4.0064708E-5,14.782367,0.0013819967,null,null,null,null,null,null,null,null,null,null,null,null,0.020855917,0.0019945747,0.26789728,0.006354498,"ELLIPSOIDAL",4,33.269104,null,null,null,null,null,null,null,null,null,null,null,null
375316653866487564,5953353984033926528,0.5253427,2219.752159795149,0.8507596194460632,1.4062237E-5,18.01309,0.005509325,0.7432841,0.0024479514,0.0318083,0.0031421545,0.36931017,0.032872733,null,null,null,null,null,null,0.016545253,0.008524836,0.7432841,0.0024479514,"ONEGAUSSIAN_WITH_ELLIPSOIDAL",6,5.1903977,0.7432841,0.0024479514,0.17812648,0.017596066,0.4024006,0.03532625,null,null,null,null,null,null
375316653866487564,5953354194488182912,0.53406787,2270.48278276653,2.3028329043230538,1.9972565E-5,18.318577,0.033402003,0.16166838,0.0072617205,0.11437559,0.013687966,0.22165503,0.034243464,0.654909,0.0037938675,0.10282512,0.013967241,0.29432356,0.026669977,null,null,null,null,"TWOGAUSSIANS",8,2.934,0.654909,0.0037938675,0.4,0.0,0.26120466,0.019710151,0.16166838,0.007262517,0.4,0.0,0.18850826,0.011777603
375316653866487564,5953354778597544192,0.4839384,2209.1305106947925,2.9717187629028246,4.8054313E-5,19.760548,0.031902403,0.2201985,0.008567905,0.07699567,0.01694288,0.21615817,0.03125527,0.7323502,0.018392017,0.07430291,0.024448855,0.31753147,0.04175321,null,null,null,null,"TWOGAUSSIANS",8,2.3943536,0.7323502,0.018392017,0.4,0.020851636,0.3158384,0.041192863,0.2201985,0.008567905,0.4,0.0018943519,0.2144651,0.023768773
375316653866487564,5953355019169405184,0.5913241,2255.568968620626,2.762416575401122,2.0097114E-5,19.184658,0.007024037,0.19945215,0.005018538,0.07116657,0.004763432,0.73651,0.03567754,0.69250536,0.002632242,0.069396794,0.003269417,0.6215035,0.03028324,null,null,null,null,"TWOGAUSSIANS",8,1.6450171,0.19945215,0.005018538,0.39853275,0.021992212,0.734481,0.03632456,0.69250536,0.002632242,0.38862205,0.018308736,0.61947453,0.030662589
375316653866487564,5953355427137168896,0.6045449,2267.4651349479454,2.0108935971634496,2.4116118E-6,16.475828,0.015230266,0.25269666,0.0018357198,0.04715233,0.0032188017,0.6581925,0.038249522,null,null,null,null,null,null,0.1102045,0.022730855,0.25269666,0.0018357198,"ONEGAUSSIAN_WITH_ELLIPSOIDAL",6,30.58688,0.25269666,0.0018357198,0.26405305,0.01802529,0.87860066,0.015786141,null,null,null,null,null,null
375316653866487564,5953355603235029120,0.5488753,2274.6426483858677,2.842015247586492,2.2994478E-5,19.500378,0.010083927,0.24174087,0.0026565827,0.08116191,0.0057735974,0.44673887,0.043097727,0.74949527,0.012141882,0.07090756,0.007920601,0.43782067,0.023062808,null,null,null,null,"TWOGAUSSIANS",8,1.374016,0.24174087,0.0026565827,0.4,0.0,0.4433888,0.044348598,0.74949527,0.012141882,0.39708236,0.04014817,0.43447062,0.02265427
375316653866487564,5953355912474833920,0.56507254,2241.633690111678,2.7942048899389142,1.5344182E-5,18.080246,0.007883281,0.24429326,0.0020452861,0.031190054,0.006408041,0.39099175,0.13790897,0.7441523,0.024153339,0.065430775,0.01598124,0.24732633,0.030473117,0.12965679,0.0101531595,0.24429326,0.0020452861,"TWOGAUSSIANS_WITH_ELLIPSOIDAL_ON_ECLIPSE1",9,7.999158,0.24429326,0.0020452861,0.1746643,0.03588503,0.6501411,0.14747633,0.7441923,0.020113315,0.36641234,0.08949494,0.50647557,0.026291953
375316653866487564,5953356393505631232,0.507408,2234.840314162432,0.8451396104571102,5.657866E-5,17.609045,0.019522047,0.27605134,0.0074266987,0.06260082,0.027757214,0.02439073,0.053769197,0.77598727,0.010124595,0.037691094,0.020726437,1.2291048,1.1490167,0.05425972,0.02207887,0.27605134,0.0074266987,"TWOGAUSSIANS_WITH_ELLIPSOIDAL_ON_ECLIPSE1",9,3.8925445,0.77598727,0.010109476,0.21107014,0.11606804,1.3376158,1.1886767,0.27605134,0.0074266987,0.3505646,0.14065152,0.13290179,0.022077862
