Gaia/vari_eclipsing_binary/VariEclipsingBinary_512102-512146.csv
# %ECSV 1.0
# ---
# delimiter: ','
# meta: !!omap
# - RELEASE: Gaia DR3
# - TABLE: vari_eclipsing_binary
# - DESCRIPTION: >
#     This table describes the properties of the eclipsing binaries resulting from the variability analysis. 
# - CITATION: >
#     How to cite and acknowledge Gaia: 
#     https://gea.esac.esa.int/archive/documentation/credits.html 
# - KNOWN_ISSUES: >
#     Known issues: 
#     https://www.cosmos.esa.int/web/gaia-users/known-issues 
# - DOCUMENTATION: >
#     Tutorials and documentation: 
#     https://www.cosmos.esa.int/web/gaia-users/archive 
# datatype:
# - 
#   name: solution_id
#   datatype: int64
#   description: Solution Identifier
#   meta:
#     ucd: meta.version
# - 
#   name: source_id
#   datatype: int64
#   description: Unique source identifier
#   meta:
#     ucd: meta.id;meta.main
# - 
#   name: global_ranking
#   datatype: float32
#   description: Number between 0 (worst) and 1 (best)
#   meta:
#     ucd: stat.param
# - 
#   name: reference_time
#   datatype: float64
#   unit: d
#   description: Reference time used for the geometric model fit
#   meta:
#     ucd: time.epoch
# - 
#   name: frequency
#   datatype: float64
#   unit: d**-1
#   description: Frequency of geometric model of the eclipsing binary light curve
#   meta:
#     ucd: src.orbital
# - 
#   name: frequency_error
#   datatype: float32
#   unit: d**-1
#   description: "Uncertainty of \\texttt{frequency}"
#   meta:
#     ucd: stat.error
# - 
#   name: geom_model_reference_level
#   datatype: float32
#   unit: mag
#   description: Magnitude reference level of geometric model
#   meta:
#     ucd: phot.mag;em.opt
# - 
#   name: geom_model_reference_level_error
#   datatype: float32
#   unit: mag
#   description: "Uncertainty of \\texttt{geomModelReferenceLevel}"
#   meta:
#     ucd: stat.error;phot.mag;em.opt
# - 
#   name: geom_model_gaussian1_phase
#   datatype: float32
#   description: Phase of the Gaussian 1 component
#   meta:
#     ucd: time.phase
# - 
#   name: geom_model_gaussian1_phase_error
#   datatype: float32
#   description: "Uncertainty of \\texttt{geomModelGaussian1Phase}"
#   meta:
#     ucd: stat.error;time.phase
# - 
#   name: geom_model_gaussian1_sigma
#   datatype: float32
#   description: "Standard deviation [phase] of Gaussian 1 component"
#   meta:
#     ucd: stat.stdev
# - 
#   name: geom_model_gaussian1_sigma_error
#   datatype: float32
#   description: "Uncertainty of \\texttt{geomModelGaussian1Sigma}"
#   meta:
#     ucd: stat.error
# - 
#   name: geom_model_gaussian1_depth
#   datatype: float32
#   unit: mag
#   description: Magnitude depth of Gaussian 1 component
#   meta:
#     ucd: src.var.amplitude
# - 
#   name: geom_model_gaussian1_depth_error
#   datatype: float32
#   unit: mag
#   description: "Uncertainty of \\texttt{geomModelGaussian1Depth}"
#   meta:
#     ucd: stat.error;src.var.amplitude
# - 
#   name: geom_model_gaussian2_phase
#   datatype: float32
#   description: Phase of Gaussian 2 component
#   meta:
#     ucd: time.phase
# - 
#   name: geom_model_gaussian2_phase_error
#   datatype: float32
#   description: "Uncertainty of \\texttt{geomModelGaussian2Phase}"
#   meta:
#     ucd: stat.error;time.phase
# - 
#   name: geom_model_gaussian2_sigma
#   datatype: float32
[...]
#   datatype: float32
#   description: "Secondary eclipse: uncertainty of \\texttt{derivedSecondaryEclDuration}"
#   meta:
#     ucd: stat.error;time.duration
# - 
#   name: derived_secondary_ecl_depth
#   datatype: float32
#   unit: mag
#   description: "Secondary eclipse: depth"
#   meta:
#     ucd: src.var.amplitude
# - 
#   name: derived_secondary_ecl_depth_error
#   datatype: float32
#   unit: mag
#   description: "Secondary eclipse: uncertainty of \\texttt{derivedSecondaryEclDepth}"
#   meta:
#     ucd: stat.error;src.var.amplitude
solution_id,source_id,global_ranking,reference_time,frequency,frequency_error,geom_model_reference_level,geom_model_reference_level_error,geom_model_gaussian1_phase,geom_model_gaussian1_phase_error,geom_model_gaussian1_sigma,geom_model_gaussian1_sigma_error,geom_model_gaussian1_depth,geom_model_gaussian1_depth_error,geom_model_gaussian2_phase,geom_model_gaussian2_phase_error,geom_model_gaussian2_sigma,geom_model_gaussian2_sigma_error,geom_model_gaussian2_depth,geom_model_gaussian2_depth_error,geom_model_cosine_half_period_amplitude,geom_model_cosine_half_period_amplitude_error,geom_model_cosine_half_period_phase,geom_model_cosine_half_period_phase_error,model_type,num_model_parameters,reduced_chi2,derived_primary_ecl_phase,derived_primary_ecl_phase_error,derived_primary_ecl_duration,derived_primary_ecl_duration_error,derived_primary_ecl_depth,derived_primary_ecl_depth_error,derived_secondary_ecl_phase,derived_secondary_ecl_phase_error,derived_secondary_ecl_duration,derived_secondary_ecl_duration_error,derived_secondary_ecl_depth,derived_secondary_ecl_depth_error
[from data line 443]
375316653866487564,4504752018649123200,0.42647606,2173.4418617733927,1.1553170838722793,3.9926777E-5,18.53258,0.07177246,0.3253472,0.007875632,0.0581099,0.011263873,0.21181878,0.033680975,0.7639886,0.028733425,0.22430526,0.10944271,0.13123041,0.06667307,null,null,null,null,"TWOGAUSSIANS",8,8.857909,0.3270672,0.007395023,0.32541543,0.06307769,0.20221978,0.03654309,0.7639886,0.028733425,0.4,0.0,0.096433885,0.015319529
375316653866487564,4504754118901359744,0.63026595,2195.1798854478993,2.7660159689721997,8.250694E-6,17.276667,0.013969223,0.28437892,0.0013670701,0.047920067,0.003387363,0.3488066,0.031777583,0.78502864,0.0039888797,0.054528996,0.005419715,0.4034769,0.030824026,0.10183464,0.017474787,0.28437892,0.0013670701,"TWOGAUSSIANS_WITH_ELLIPSOIDAL_ON_ECLIPSE1",9,9.990112,0.78502864,0.0039708815,0.30536237,0.030350404,0.6071316,0.017420283,0.28437892,0.0013670701,0.2683524,0.018969232,0.5524647,0.009295895
375316653866487564,4504754767420520448,0.45443642,2199.0010454981843,0.9759869349287473,5.477416E-5,18.907621,0.008005325,0.16927987,0.009716019,0.043557227,0.008919432,0.094350815,0.019664163,0.66255003,0.010592543,0.054168288,0.0127296625,0.22287828,0.04239775,null,null,null,null,"TWOGAUSSIANS",8,4.9709044,0.66255003,0.010592543,0.3033424,0.07128611,0.22287785,0.042399738,0.16927987,0.009716019,0.24392048,0.04994882,0.094350375,0.019663434
375316653866487564,4504755321492260992,0.61297345,2201.4461406389964,1.031767820680197,2.5193617E-6,17.132757,0.0021851454,0.1775674,4.7410387E-4,0.039752014,6.6411804E-4,0.44802168,0.005888064,0.6810313,0.0075379023,0.037673645,0.00890113,0.050654776,0.029422885,null,null,null,null,"TWOGAUSSIANS",8,3.5768757,0.1775674,4.7410387E-4,0.2226113,0.003719061,0.44802168,0.005888064,0.6810313,0.0075379023,0.21097241,0.049846333,0.050654776,0.029422885
375316653866487564,4504756008664822272,0.49721336,2195.601823673785,0.27739710702710324,4.159864E-5,19.594463,0.006589699,0.46933335,0.05306536,0.07651142,0.039813265,0.027709149,0.01060113,0.67394465,0.012383181,0.017492397,0.004607589,0.5774059,0.26067376,null,null,null,null,"TWOGAUSSIANS",8,1.8369286,0.67394465,0.012383181,0.097957425,0.025802499,0.57818156,0.26039642,0.46933335,0.05306536,0.4,0.12360709,0.027709149,0.010601134
375316653866487564,4504757142558002048,0.5516784,2179.6515916023254,0.8976090902572267,2.2304204E-5,16.355837,0.0016192565,0.22902557,0.0038753995,0.040399313,0.0042093736,0.04999826,0.0046604173,0.7432533,0.002610944,0.022382945,0.0034835816,0.100060284,0.009152609,0.017730132,0.0019179671,0.7432533,0.002610944,"TWOGAUSSIANS_WITH_ELLIPSOIDAL_ON_ECLIPSE2",9,4.21956,0.7432533,0.002610944,0.12534449,0.019508056,0.13552047,0.009108386,0.23021558,0.0035417946,0.22623616,0.023572493,0.08519933,0.0042059678
375316653866487564,4504757584919126016,0.54513234,2192.341376562829,3.199515009819826,1.4825011E-5,18.735552,0.011664388,0.23532368,0.0036694733,0.041449632,0.006576955,0.20568486,0.03201497,0.73686993,0.004639694,0.060114335,0.006066645,0.17739551,0.034745928,0.070603944,0.01571316,0.23532368,0.0036694733,"TWOGAUSSIANS_WITH_ELLIPSOIDAL_ON_ECLIPSE1",9,4.0953965,0.23532368,0.0036694733,0.23211794,0.036830947,0.3468643,0.026432438,0.73686993,0.004565745,0.3366403,0.033973213,0.31856164,0.026602788
375316653866487564,4504757756717807104,0.6120607,2181.4202020144826,3.473453043407048,5.3229173E-6,18.037663,0.008379809,0.31266332,8.711581E-4,0.042123754,0.0019395215,0.5480147,0.034053978,0.80842906,0.0031672951,0.043894004,0.004976471,0.34262305,0.03640857,0.160206,0.013181908,0.31266332,8.711581E-4,"TWOGAUSSIANS_WITH_ELLIPSOIDAL_ON_ECLIPSE1",9,6.415996,0.31266332,8.711581E-4,0.23589301,0.01086132,0.8684265,0.032810178,0.80895907,0.0026894007,0.24580643,0.027868237,0.6628364,0.03777794
375316653866487564,4504757967191784448,0.49465925,2174.4353914292446,2.0783985725185485,1.7857681E-5,16.681435,0.0011025772,null,null,null,null,null,null,null,null,null,null,null,null,0.032817267,0.0016589132,0.28813025,0.0040636575,"ELLIPSOIDAL",4,4.9059258,null,null,null,null,null,null,null,null,null,null,null,null
375316653866487564,4504760028776144256,0.49486178,2205.2726626966005,2.805652720788185,1.4142127E-5,19.672367,0.011718663,0.20857129,0.004070925,0.069915675,0.0066304277,0.33894345,0.024390152,0.70815665,0.0033452215,0.074339174,0.004828599,0.30719784,0.02083994,null,null,null,null,"TWOGAUSSIANS",8,2.154578,0.20857129,0.004070925,0.39152777,0.02946559,0.33737394,0.02474309,0.70815665,0.0033452215,0.4,0.0,0.30562833,0.020746056
375316653866487564,4504763121138035712,0.5142918,2223.388695992314,3.686505373222378,1.1646345E-5,19.512499,0.020596432,0.21139872,0.005672561,0.08204584,0.008684303,0.4019837,0.037438493,0.719832,0.0055800728,0.073927246,0.007842627,0.51288587,0.027018016,null,null,null,null,"TWOGAUSSIANS",8,3.778949,0.719832,0.0055800728,0.4,0.009105794,0.5084525,0.02672215,0.21139872,0.005672561,0.4,0.0,0.39755028,0.037898477
375316653866487564,4504763460436492416,0.4738481,2255.9440984240337,3.4679800444668425,2.181297E-5,18.983595,0.005071449,0.25472787,0.006066107,0.06331426,0.05573821,0.038690343,0.014457568,null,null,null,null,null,null,0.07886771,0.0077441237,0.25472787,0.006066107,"ONEGAUSSIAN_WITH_ELLIPSOIDAL",6,4.2122216,0.25472787,0.006066107,0.35455987,0.13160516,0.19640931,0.013579497,null,null,null,null,null,null
375316653866487564,4504763735320088960,0.60368305,2254.897229096544,3.166361311843851,5.987267E-6,19.036247,0.007921945,0.28059185,0.002274191,0.061006594,0.0024158137,0.43425024,0.022280669,0.7840996,0.0016965638,0.06981385,0.0019461279,0.62881047,0.011767741,null,null,null,null,"TWOGAUSSIANS",8,2.301278,0.7840996,0.0016965638,0.39095753,0.010898316,0.6281697,0.011684769,0.28059185,0.002274191,0.34163693,0.013528557,0.43360952,0.022265365
375316653866487564,4504763907113144704,0.48117873,2411.5980195701104,0.003285309455783835,6.8321795E-5,19.242323,0.016421417,0.48567274,0.012970457,0.036081214,0.023442747,0.6523685,0.49042884,0.78952515,0.04508037,0.025440075,0.024843492,0.8420103,1.87276288E8,null,null,null,null,"TWOGAUSSIANS",8,10.983196,0.78952515,0.04508037,0.14246441,0.13912356,0.8420103,1.87276288E8,0.48567274,0.012970457,0.2020548,0.13127938,0.6523685,0.49042884
375316653866487564,4504763907113156736,0.42119592,2250.439325429812,0.5078939008689078,6.7023146E-5,18.675865,0.016063537,0.30566615,0.015807964,0.08743867,0.018719535,0.10335073,0.022453815,0.7670448,0.008746138,0.09405558,0.01903859,0.13210677,0.014865473,null,null,null,null,"TWOGAUSSIANS",8,5.5349145,0.7670448,0.008746138,0.4,0.0,0.12923856,0.012255222,0.30566615,0.015814112,0.4,0.0,0.100483224,0.02035817
375316653866487564,4504766690249975808,0.6078594,2236.6620154706666,2.6219375788354906,4.4630547E-6,18.403202,0.010865047,0.242842,0.0015508273,0.04505531,0.0065886443,0.2226352,0.019733684,0.74166095,0.0056601968,0.044251412,0.009241063,0.19402882,0.07811987,0.12084175,0.013119926,0.242842,0.0015508273,"TWOGAUSSIANS_WITH_ELLIPSOIDAL_ON_ECLIPSE1",9,1.97069,0.242842,0.0015508273,0.25230974,0.036896408,0.46431842,0.019471124,0.7418509,0.0051797596,0.2478079,0.051749952,0.4357009,0.08489114
375316653866487564,4504766969428233600,0.5791967,2281.225952672142,3.242275788298899,1.00240595E-5,18.471888,0.015049366,0.25800258,0.0024710686,0.042326935,0.004298704,0.35527572,0.033179216,0.7578924,0.0027813937,0.04581276,0.004447186,0.4744666,0.03251639,0.12759823,0.019772004,0.25800258,0.0024710686,"TWOGAUSSIANS_WITH_ELLIPSOIDAL_ON_ECLIPSE1",9,8.298959,0.7579023,0.0026707218,0.25655144,0.02490424,0.7296627,0.02133604,0.25800258,0.0024710686,0.23703083,0.024072744,0.610472,0.017752998
375316653866487564,4504767446164228864,0.52169245,2276.290786969538,3.5086343507070583,1.9121318E-5,18.5731,0.041246597,0.26582247,0.0041387244,0.09981635,0.011463774,0.4052937,0.03800256,0.763569,0.006081087,0.09818528,0.013825153,0.45699066,0.038435545,null,null,null,null,"TWOGAUSSIANS",8,8.408522,0.763569,0.006081087,0.4,0.0,0.42253906,0.023406733,0.26582247,0.0041387244,0.4,0.0,0.37084132,0.0173076
375316653866487564,4504767824121760768,0.5193806,2225.975067924431,3.0580986332883855,1.6343645E-5,18.992096,0.0033301266,null,null,null,null,null,null,null,null,null,null,null,null,0.09827444,0.0046270676,0.20529085,0.003958604,"ELLIPSOIDAL",4,1.4732109,null,null,null,null,null,null,null,null,null,null,null,null
375316653866487564,4504767995922080768,0.5869896,2238.684618294379,1.4520622086308952,4.4053977E-5,17.42054,0.009931433,0.24161898,8.0834725E-4,0.03503043,8.9123356E-4,0.8217651,0.025215551,0.7278425,0.010848058,0.03125504,0.011939745,0.17667004,0.016552212,0.014273562,0.007642394,0.24161898,8.0834725E-4,"TWOGAUSSIANS_WITH_ELLIPSOIDAL_ON_ECLIPSE1",9,19.894148,0.24161898,8.0834725E-4,0.1961704,0.004990908,0.85031223,0.02460814,0.7280125,0.01085255,0.17502822,0.066862576,0.20500639,0.01339742
375316653866487564,4504768996669201280,0.41253132,2194.9095846700893,1.740445974726334,2.0426781E-4,18.00368,0.006198953,0.43624142,0.046326965,0.11682326,0.03672097,0.03051459,0.008661585,0.7802762,1.8416677E-4,0.0017559153,1.105151E-4,0.30726072,0.0069677588,null,null,null,null,"TWOGAUSSIANS",8,7.5948834,0.7802762,1.8416677E-4,0.009833126,6.188846E-4,0.30765358,0.0071992623,0.43624142,0.046326965,0.4,0.0,0.030508166,0.008662148
375316653866487564,4504769134088745472,0.51174283,2236.098098186723,1.4493548024902878,2.1466922E-5,19.65213,0.013643504,0.20479123,0.0063637104,0.047501683,0.013360038,0.63151234,0.19872501,0.711675,0.0057251696,0.04836641,0.004831894,0.44189996,0.028624972,null,null,null,null,"TWOGAUSSIANS",8,4.838491,0.20479123,0.0063637104,0.26600942,0.07481622,0.63151145,0.19875163,0.711675,0.0057251696,0.27085188,0.027058605,0.44189906,0.02862014
375316653866487564,4504769683843502080,0.55885607,2231.651745818166,3.6251874853917654,1.5792695E-5,18.591887,0.006849044,0.24493928,0.0030015914,0.07911353,0.0040891008,0.32404336,0.00966123,0.748414,0.0025485712,0.08091597,0.0034997864,0.36198995,0.028154163,null,null,null,null,"TWOGAUSSIANS",8,2.941248,0.748414,0.0025485712,0.4,0.0,0.35713127,0.028614912,0.24493928,0.0030015914,0.4,0.0,0.3191847,0.009321956
375316653866487564,4504770164899715712,0.6551159,2228.1102533059607,2.2890267341514794,2.6840007E-6,13.808399,0.019025939,0.27041787,0.0032006977,0.061860956,0.01004924,0.12922578,0.037223767,0.77686745,0.0020706316,0.061877776,0.01672321,0.10893124,0.035548568,0.09194176,0.020443726,0.77686745,0.0020706316,"TWOGAUSSIANS_WITH_ELLIPSOIDAL_ON_ECLIPSE2",9,51.084705,0.27235788,0.001707777,0.34642136,0.05627574,0.3128424,0.0049066143,0.77686745,0.0020706316,0.34651554,0.084190756,0.292759,0.00889903
375316653866487564,4504770847780392832,0.63390344,2250.023533858958,0.3186043505991791,7.678721E-6,17.73287,0.0051908502,0.2094737,0.008565994,0.046016775,0.008132107,0.2073526,0.018281078,0.7207206,0.0064301677,0.03046903,0.0033774534,1.1704931,0.123953454,0.043511238,0.007364044,0.2094737,0.008565994,"TWOGAUSSIANS_WITH_ELLIPSOIDAL_ON_ECLIPSE1",9,6.3941293,0.7207206,0.0064301677,0.17062657,0.018913738,1.2570817,0.11708758,0.2094737,0.008565994,0.25769395,0.0455398,0.294375,0.01273668
375316653866487564,4504771779807423872,0.49991328,2217.1690942182913,2.0195475921540758,3.997775E-5,16.760347,0.06672528,0.273252,0.0074245166,0.053852733,0.017736759,0.26998293,0.14213133,0.7584168,0.021463385,0.05624839,0.0462116,0.4667537,229.8609,0.055683035,0.07630595,0.273252,0.0074245166,"TWOGAUSSIANS_WITH_ELLIPSOIDAL_ON_ECLIPSE1",9,181.02693,0.75924677,0.021514192,0.31499097,0.24464694,0.5771957,229.91487,0.273252,0.0074245166,0.3015753,0.09932585,0.38133594,0.037022967
375316653866487564,4504772222165480960,0.46498987,2214.483581921115,2.774745292307609,4.793675E-5,18.503273,0.0089166,0.7401705,0.005912419,0.038579017,0.07584674,0.0750042,0.030086968,null,null,null,null,null,null,0.073225796,0.013372115,0.7401705,0.005912419,"ONEGAUSSIAN_WITH_ELLIPSOIDAL",6,14.543132,0.7401705,0.005912419,0.21604249,0.21402717,0.2214556,0.028443657,null,null,null,null,null,null
375316653866487564,4504773149878435200,0.4729486,2231.0536715899325,0.3405199585141421,1.812668E-5,17.288137,0.0030075759,0.43472755,0.005180894,0.009603784,0.002513369,0.2891554,0.21680927,0.81648153,0.011186843,0.058532644,0.0069333105,0.051914938,0.008503587,null,null,null,null,"TWOGAUSSIANS",8,11.368842,0.43472755,0.005180894,0.053781196,0.014074867,0.2891554,0.21680927,0.81648153,0.011186843,0.3277828,0.03882654,0.051914938,0.008503587
375316653866487564,4504773600873625728,0.46695164,2213.2797974566347,0.9565797724030364,5.518705E-6,17.287472,0.0049723247,0.26212233,0.0040925946,0.0461712,0.003620526,0.11346296,0.0072645117,0.7546924,0.0019754735,0.04703626,0.0031760181,0.10512573,0.006721297,null,null,null,null,"TWOGAUSSIANS",8,14.139752,0.26212233,0.0040925946,0.25855872,0.020274946,0.11346288,0.0072645033,0.7546924,0.0019754735,0.26340306,0.017785702,0.10512565,0.0067212675
375316653866487564,4504775353220456704,0.5542059,2229.960128412493,0.46026125283733677,1.239414E-4,17.502064,0.0010931826,0.19713123,0.021888193,0.036657006,0.019474957,0.010305328,0.0109234145,0.6389841,0.003989969,0.032713696,0.0036078999,0.33498007,0.07237959,null,null,null,null,"TWOGAUSSIANS",8,1.141965,0.6389841,0.003989969,0.1831967,0.020204239,0.33498007,0.07237959,0.19713123,0.021888193,0.20527923,0.10905976,0.010305328,0.0109234145
375316653866487564,4504777036828585216,0.5188383,2227.468478161153,1.1117668570710604,2.3812963E-5,17.449123,0.0016641874,0.26341102,0.002447185,0.040576085,0.0019524986,0.15909812,0.013990552,0.7628443,0.0056640273,0.06392783,0.0061219996,0.05208656,0.0049452963,null,null,null,null,"TWOGAUSSIANS",8,2.3079116,0.26341102,0.002447185,0.22722608,0.010933992,0.15909651,0.013990881,0.7628443,0.0056640273,0.35799584,0.0342832,0.052084945,0.0049462966
375316653866487564,4504778475640297088,0.5274388,2167.7278114130845,1.098323768458651,3.2245014E-5,19.68765,0.0061486685,0.29187584,0.008440238,0.045317713,0.004840731,0.52902657,0.018586896,0.7813133,0.009188762,0.06781632,0.01040698,0.13028017,0.023606995,null,null,null,null,"TWOGAUSSIANS",8,1.0784903,0.29187584,0.008440238,0.25377917,0.027108094,0.52900994,0.018603137,0.7813133,0.009188762,0.37977138,0.05755391,0.13026357,0.023623465
375316653866487564,4504778857914320512,0.49150628,2221.0570386257345,2.089324589911265,1.9498511E-5,16.915833,0.0041800216,0.21403544,0.0036663222,0.08992883,0.0067893076,0.070515625,0.0039154533,0.72554576,0.003647352,0.103125654,0.014357435,0.06319439,0.0049370117,null,null,null,null,"TWOGAUSSIANS",8,3.8067477,0.21403544,0.003666895,0.4,0.0,0.0665548,0.0025102012,0.72554576,0.003647352,0.4,0.0,0.059232462,0.006092107
375316653866487564,4504778960993524864,0.563343,2246.100272560445,2.630476927173377,1.215195E-5,15.343693,0.008624358,0.25995564,0.04742485,0.014328493,0.017125718,0.18067193,0.7502166,0.7261672,0.0034263302,0.040306453,0.0067537376,0.16026886,0.02788937,0.1421697,0.014886756,0.7261672,0.0034263302,"TWOGAUSSIANS_WITH_ELLIPSOIDAL_ON_ECLIPSE2",9,179.14838,0.25913563,0.046387378,0.080239564,0.09590402,0.45268786,0.7478161,0.7261672,0.0034263302,0.22571614,0.03782093,0.44460785,0.017083477
375316653866487564,4504780541541433856,0.5300351,2229.128797506057,1.939665152737544,1.4727097E-5,15.589267,0.001136016,0.7744402,0.0030177217,0.0673231,0.009726838,0.0037775838,0.0034652506,null,null,null,null,null,null,0.031225685,0.0017836458,0.7744402,0.0030177217,"ONEGAUSSIAN_WITH_ELLIPSOIDAL",6,7.555159,0.7744402,0.0030177217,0.37700936,0.054470297,0.06622509,0.0031155106,null,null,null,null,null,null
