Gaia/vari_eclipsing_binary/VariEclipsingBinary_383670-383945.csv
# %ECSV 1.0
# ---
# delimiter: ','
# meta: !!omap
# - RELEASE: Gaia DR3
# - TABLE: vari_eclipsing_binary
# - DESCRIPTION: >
#     This table describes the properties of the eclipsing binaries resulting from the variability analysis. 
# - CITATION: >
#     How to cite and acknowledge Gaia: 
#     https://gea.esac.esa.int/archive/documentation/credits.html 
# - KNOWN_ISSUES: >
#     Known issues: 
#     https://www.cosmos.esa.int/web/gaia-users/known-issues 
# - DOCUMENTATION: >
#     Tutorials and documentation: 
#     https://www.cosmos.esa.int/web/gaia-users/archive 
# datatype:
# - 
#   name: solution_id
#   datatype: int64
#   description: Solution Identifier
#   meta:
#     ucd: meta.version
# - 
#   name: source_id
#   datatype: int64
#   description: Unique source identifier
#   meta:
#     ucd: meta.id;meta.main
# - 
#   name: global_ranking
#   datatype: float32
#   description: Number between 0 (worst) and 1 (best)
#   meta:
#     ucd: stat.param
# - 
#   name: reference_time
#   datatype: float64
#   unit: d
#   description: Reference time used for the geometric model fit
#   meta:
#     ucd: time.epoch
# - 
#   name: frequency
#   datatype: float64
#   unit: d**-1
#   description: Frequency of geometric model of the eclipsing binary light curve
#   meta:
#     ucd: src.orbital
# - 
#   name: frequency_error
#   datatype: float32
#   unit: d**-1
#   description: "Uncertainty of \\texttt{frequency}"
#   meta:
#     ucd: stat.error
# - 
#   name: geom_model_reference_level
#   datatype: float32
#   unit: mag
#   description: Magnitude reference level of geometric model
#   meta:
#     ucd: phot.mag;em.opt
# - 
#   name: geom_model_reference_level_error
#   datatype: float32
#   unit: mag
#   description: "Uncertainty of \\texttt{geomModelReferenceLevel}"
#   meta:
#     ucd: stat.error;phot.mag;em.opt
# - 
#   name: geom_model_gaussian1_phase
#   datatype: float32
#   description: Phase of the Gaussian 1 component
#   meta:
#     ucd: time.phase
# - 
#   name: geom_model_gaussian1_phase_error
#   datatype: float32
#   description: "Uncertainty of \\texttt{geomModelGaussian1Phase}"
#   meta:
#     ucd: stat.error;time.phase
# - 
#   name: geom_model_gaussian1_sigma
#   datatype: float32
#   description: "Standard deviation [phase] of Gaussian 1 component"
#   meta:
#     ucd: stat.stdev
# - 
#   name: geom_model_gaussian1_sigma_error
#   datatype: float32
#   description: "Uncertainty of \\texttt{geomModelGaussian1Sigma}"
#   meta:
#     ucd: stat.error
# - 
#   name: geom_model_gaussian1_depth
#   datatype: float32
#   unit: mag
#   description: Magnitude depth of Gaussian 1 component
#   meta:
#     ucd: src.var.amplitude
# - 
#   name: geom_model_gaussian1_depth_error
#   datatype: float32
#   unit: mag
#   description: "Uncertainty of \\texttt{geomModelGaussian1Depth}"
#   meta:
#     ucd: stat.error;src.var.amplitude
# - 
#   name: geom_model_gaussian2_phase
#   datatype: float32
#   description: Phase of Gaussian 2 component
#   meta:
#     ucd: time.phase
# - 
#   name: geom_model_gaussian2_phase_error
#   datatype: float32
#   description: "Uncertainty of \\texttt{geomModelGaussian2Phase}"
#   meta:
#     ucd: stat.error;time.phase
# - 
#   name: geom_model_gaussian2_sigma
#   datatype: float32
[...]
#   datatype: float32
#   description: "Secondary eclipse: uncertainty of \\texttt{derivedSecondaryEclDuration}"
#   meta:
#     ucd: stat.error;time.duration
# - 
#   name: derived_secondary_ecl_depth
#   datatype: float32
#   unit: mag
#   description: "Secondary eclipse: depth"
#   meta:
#     ucd: src.var.amplitude
# - 
#   name: derived_secondary_ecl_depth_error
#   datatype: float32
#   unit: mag
#   description: "Secondary eclipse: uncertainty of \\texttt{derivedSecondaryEclDepth}"
#   meta:
#     ucd: stat.error;src.var.amplitude
solution_id,source_id,global_ranking,reference_time,frequency,frequency_error,geom_model_reference_level,geom_model_reference_level_error,geom_model_gaussian1_phase,geom_model_gaussian1_phase_error,geom_model_gaussian1_sigma,geom_model_gaussian1_sigma_error,geom_model_gaussian1_depth,geom_model_gaussian1_depth_error,geom_model_gaussian2_phase,geom_model_gaussian2_phase_error,geom_model_gaussian2_sigma,geom_model_gaussian2_sigma_error,geom_model_gaussian2_depth,geom_model_gaussian2_depth_error,geom_model_cosine_half_period_amplitude,geom_model_cosine_half_period_amplitude_error,geom_model_cosine_half_period_phase,geom_model_cosine_half_period_phase_error,model_type,num_model_parameters,reduced_chi2,derived_primary_ecl_phase,derived_primary_ecl_phase_error,derived_primary_ecl_duration,derived_primary_ecl_duration_error,derived_primary_ecl_depth,derived_primary_ecl_depth_error,derived_secondary_ecl_phase,derived_secondary_ecl_phase_error,derived_secondary_ecl_duration,derived_secondary_ecl_duration_error,derived_secondary_ecl_depth,derived_secondary_ecl_depth_error
[from data line 405]
375316653866487564,3376181402348739584,0.7014582,2297.3390863506006,0.11658554733456065,3.0692114E-5,16.658579,0.0010288976,0.24251495,0.0025888172,0.041584056,0.001930846,0.45420742,0.01705194,0.6750941,0.0066006435,0.016721431,0.012406853,0.013122315,0.0010356507,null,null,null,null,"TWOGAUSSIANS",8,1.1434412,0.24251495,0.0025888172,0.23287071,0.010812737,0.45420742,0.01705194,0.6750941,0.0066006435,0.093640015,0.06947838,0.013122315,0.0010356507
375316653866487564,3376182016528070272,0.4913951,2241.1843782306873,0.42839735525647776,1.3864705E-4,17.894354,0.004388077,0.37896052,0.039849672,0.09091118,0.025836116,0.08867408,0.03841052,0.6970333,0.034598637,0.06866151,0.025997609,0.15560335,0.03253228,null,null,null,null,"TWOGAUSSIANS",8,4.715994,0.6970333,0.034598637,0.38450444,0.06634901,0.1557741,0.032736603,0.37898052,0.039915636,0.4,0.0,0.08865339,0.038359836
375316653866487564,3376183807530507904,0.5684416,2252.665833476556,0.7705953847186461,1.3531745E-5,16.40877,0.0017075678,0.215806,0.0067471815,0.029660586,0.003976181,0.16114303,0.009833969,0.74680585,0.0175803,0.07583706,0.011638627,0.09248723,0.028448183,null,null,null,null,"TWOGAUSSIANS",8,5.2563834,0.215806,0.0067471815,0.16609928,0.022266615,0.16114242,0.00983345,0.74680585,0.0175803,0.4,0.009314896,0.09248662,0.02845033
375316653866487564,3376188407439192960,0.49118954,2213.493444958937,0.1867827488443659,5.486361E-5,18.554478,0.04670746,0.12049524,0.029442286,0.051023252,0.044360917,0.60078347,0.33745566,0.6484555,0.013117961,0.07605252,0.023355028,0.2166379,0.045509685,null,null,null,null,"TWOGAUSSIANS",8,9.8440075,0.12049524,0.029442286,0.2857302,0.1174679,0.6006709,0.352513,0.6484555,0.013117961,0.4,0.0018528267,0.2165253,0.032586616
375316653866487564,3376188888474799232,0.6707927,2254.117673987943,3.013305646312771,2.4636854E-6,16.80184,0.0071866284,0.2639003,9.2305563E-4,0.04809659,0.0022973518,0.3574757,0.017553432,0.76421106,0.0015978299,0.04923152,0.0034948501,0.29346442,0.041000098,0.13205174,0.011546305,0.2639003,9.2305563E-4,"TWOGAUSSIANS_WITH_ELLIPSOIDAL_ON_ECLIPSE1",9,7.647893,0.2639003,9.2305563E-4,0.2693409,0.01286517,0.6215778,0.00845978,0.76421106,0.0014687593,0.27569652,0.01957116,0.5575655,0.042914834
375316653866487564,3376192672343319424,0.582837,2293.687574193748,1.7714245606870593,1.2097559E-5,13.216076,0.018205391,0.220274,0.009260975,0.08869024,0.012128527,0.2628191,0.018187389,0.7079768,0.0033307252,0.078472555,0.0048092115,0.4337621,0.017238697,null,null,null,null,"TWOGAUSSIANS",8,207.54651,0.7079768,0.0033307252,0.4,0.0,0.42773587,0.013993134,0.220274,0.009260975,0.4,0.0,0.25679278,0.0141133
375316653866487564,3376196451914439808,0.6215895,2273.0664655877326,2.3202448659718033,1.5488586E-6,12.889668,0.008399856,0.21489818,6.1005383E-4,0.09601195,0.0019048098,0.4999042,0.010792784,0.71671057,0.0011385543,0.093300715,0.0035943065,0.49150968,0.011016097,null,null,null,null,"TWOGAUSSIANS",8,18.60272,0.21489818,6.1005383E-4,0.4,0.0,0.47035655,0.008430345,0.71671057,0.0011385543,0.4,0.0,0.46196276,0.015555254
375316653866487564,3376200811302559616,0.4752337,2309.9946818238263,2.8408527658127434,9.8801815E-5,17.769518,0.0058322703,0.27713966,0.10156989,0.044499956,0.027601413,0.43117955,13.990115,0.8012376,0.007711505,0.061931178,0.022044474,0.24537998,0.11483278,null,null,null,null,"TWOGAUSSIANS",8,7.8215613,0.27713966,0.10156989,0.24919975,0.15456791,0.43117625,13.990131,0.8012376,0.007711505,0.3468146,0.054132126,0.24537666,0.1149749
375316653866487564,3376202116972360832,0.6616893,2297.907571516243,2.1511075160810704,9.448484E-6,16.687546,0.009182236,0.27989504,0.0025322589,0.048659988,0.019277632,0.038912363,0.020691166,0.7829816,0.002057167,0.055014607,0.0038010876,0.24892934,0.020955028,0.0831504,0.012675565,0.27989504,0.0025322589,"TWOGAUSSIANS_WITH_ELLIPSOIDAL_ON_ECLIPSE1",9,3.517999,0.7829816,0.002057167,0.30808178,0.02128609,0.4151605,0.010340007,0.27989504,0.0025322589,0.27249593,0.10795474,0.20520608,0.006663388
375316653866487564,3376202911545207936,0.5532494,2251.520565627508,3.0716676645084338,1.3968237E-5,15.908626,0.05547821,0.15877676,0.004758666,0.1150876,0.032782365,0.20390011,0.043936316,0.6736185,0.0062791836,0.10699463,0.023960326,0.23939525,0.04707143,null,null,null,null,"TWOGAUSSIANS",8,18.30263,0.6736485,0.006286778,0.4,0.0,0.20950568,0.02295079,0.15875676,0.0047343094,0.4,0.0,0.17398359,0.014893483
375316653866487564,3376204732611491072,0.6710075,2220.367490757489,3.05539163246013,8.370449E-6,16.896252,0.0071847886,0.25037488,0.0036635872,0.0456244,0.009744196,0.19488426,0.020948254,0.76327455,0.0026098075,0.029477434,0.007505165,0.12595774,0.018466616,0.11952652,0.010211942,0.25037488,0.0036635872,"TWOGAUSSIANS_WITH_ELLIPSOIDAL_ON_ECLIPSE1",9,4.7975063,0.25037488,0.0036635872,0.25549665,0.054567497,0.43393707,0.026381407,0.76327455,0.0026098075,0.16507363,0.042028926,0.3634436,0.010213731
375316653866487564,3376208443458704768,0.58535725,2268.9837831919003,1.1981261027380168,1.0340693E-6,18.492592,0.0011058212,0.80909246,1.5508639E-6,0.0015884206,5.4523985E-5,0.0734196,0.0031904045,0.36009765,3.4602752E-4,0.054367468,0.013515627,1.2600193,0.6483149,null,null,null,null,"TWOGAUSSIANS",8,0.36176562,0.36009765,3.4602752E-4,0.3044578,0.07568751,1.2600193,0.6483149,0.80909246,1.5508639E-6,0.008895155,3.053343E-4,0.0734196,0.0031904043
375316653866487564,3376214181539427968,0.50927985,2264.85030480121,0.689101176421717,1.6028984E-5,12.981907,0.019628583,0.24787407,0.0048460905,0.1062629,0.014567533,0.093490854,0.019138342,0.7431608,0.0074349013,0.10681192,0.030168567,0.08545498,0.018394763,null,null,null,null,"TWOGAUSSIANS",8,27.715008,0.24787407,0.0048360736,0.4,0.0,0.08268528,0.0037083456,0.7431608,0.0074349013,0.4,0.0,0.074649334,0.0036708477
375316653866487564,3376214864434396160,0.54477924,2236.510722787854,3.269550456270421,1.6459328E-5,18.311647,0.013586063,0.27765775,0.0045479,0.08804206,0.0069421344,0.26134062,0.013920377,0.77958924,0.00687554,0.09630871,0.011083606,0.22983122,0.013375482,null,null,null,null,"TWOGAUSSIANS",8,2.9353044,0.27765775,0.0045479,0.4,0.0,0.24935953,0.009107234,0.77958924,0.00687554,0.4,0.0,0.21784955,0.010366317
375316653866487564,3376215448550886784,0.6447228,2317.4926213133094,2.8810966971043395,5.684457E-6,17.20063,0.003934535,0.24099086,0.0019865464,0.080473386,0.0024360942,0.42536116,0.012048284,0.74226254,0.0027940178,0.08817162,0.0029276707,0.38644838,0.01891298,null,null,null,null,"TWOGAUSSIANS",8,2.715924,0.24099086,0.0019865464,0.4,0.0,0.4156143,0.012987249,0.74226254,0.0027940178,0.4,0.0,0.37670144,0.020064706
375316653866487564,3376218545225618432,0.6162114,2242.390038499152,2.9927817714209906,8.1345415E-6,17.873138,0.009875885,0.23758085,0.0075837662,0.06807548,0.007178012,0.56293523,0.08348848,0.7364684,0.0010737369,0.06873403,0.001796243,0.6665812,0.012705053,null,null,null,null,"TWOGAUSSIANS",8,6.139009,0.7364684,0.0010737369,0.38491055,0.010058961,0.6650853,0.0123786805,0.23758085,0.0075837662,0.38122267,0.039772455,0.56143934,0.08434676
375316653866487564,3376218884524499456,0.5436999,2178.6299174612736,0.6129736503636551,1.3940366E-5,19.57427,0.021776047,0.29266107,0.017667852,0.026581246,0.044672735,0.43331558,0.3185851,0.8604961,0.014706052,0.053831417,0.022455528,0.10542388,0.04816365,null,null,null,null,"TWOGAUSSIANS",8,1.4009475,0.29266107,0.017667852,0.14885497,0.23926201,0.43331558,0.31872094,0.8604961,0.014706052,0.30145594,0.12575096,0.10542388,0.04815807
375316653866487564,3376220263212498304,0.6686146,2271.3803196798067,2.3200966971672075,2.8065908E-6,15.225304,0.008331537,0.2884735,0.0012336725,0.049432766,0.0039669257,0.19811927,0.03102665,0.78863096,0.0012841235,0.048842564,0.0040070545,0.21589863,0.015326885,0.11878914,0.0102570485,0.2884735,0.0012336725,"TWOGAUSSIANS_WITH_ELLIPSOIDAL_ON_ECLIPSE1",9,19.97952,0.78863096,0.001186408,0.27351835,0.022439506,0.45347565,0.009804121,0.2884735,0.0012336725,0.2768235,0.022214783,0.4356965,0.025471834
375316653866487564,3376224622603541376,0.5504044,2147.83581234016,3.4428193705844246,1.0579403E-5,19.521559,0.010552073,0.24028891,0.017454246,0.08220408,0.014874519,0.5473923,0.09328362,0.7267855,0.011006578,0.073525585,0.0062125926,0.47331434,0.06757601,null,null,null,null,"TWOGAUSSIANS",8,0.8139697,0.24028891,0.017454246,0.4,0.0,0.5429477,0.09630284,0.7267855,0.011006578,0.4,0.0,0.46886975,0.06860022
375316653866487564,3376227719276276608,0.5869905,2187.1288081129815,3.8103400038809214,2.0434738E-5,16.382044,0.004624567,0.25433847,0.008629961,0.043468077,0.018245248,0.03448829,0.018574517,0.56559515,0.013822,0.03250419,0.0057969517,0.6376254,0.36532924,null,null,null,null,"TWOGAUSSIANS",8,21.8992,0.56559515,0.013822,0.18202347,0.032462932,0.6376254,0.36532924,0.25433847,0.008629961,0.24342123,0.102173395,0.03448829,0.018574517
375316653866487564,3376228677050624512,0.6783056,2215.3033285690294,3.7979825463825527,1.3640029E-5,18.142008,0.024027195,0.2890143,0.0022031076,0.045253348,0.0055844267,0.5757168,0.06119485,0.7805894,0.008281681,0.04429311,0.007468844,0.4533898,0.053299293,0.11131306,0.025636023,0.2890143,0.0022031076,"TWOGAUSSIANS_WITH_ELLIPSOIDAL_ON_ECLIPSE1",9,3.2051723,0.2890143,0.0022031076,0.25341874,0.031272788,0.79834276,0.053574402,0.78117937,0.0077590174,0.2480414,0.041825525,0.67543644,0.014572818
375316653866487564,3376229398605221120,0.57979894,2170.817167991833,3.1819813197361926,1.7889508E-5,18.727058,0.018028306,0.2629003,0.01051412,0.07648619,0.015055623,0.4794167,0.026224555,0.7590326,0.0055160974,0.073144294,0.00852481,0.43191147,0.04608111,null,null,null,null,"TWOGAUSSIANS",8,3.577188,0.2629003,0.01051412,0.4,0.023295267,0.47627482,0.025290903,0.7590326,0.0055160974,0.4,0.014053619,0.4287696,0.04713422
375316653866487564,3376230399335754624,0.65245706,2224.770489611245,1.4087306644174091,9.664439E-6,15.816261,0.005621589,0.21293992,0.0013905817,0.0711956,0.0023237236,0.40077838,0.010166063,0.7145595,0.0011546391,0.098631464,0.0049824985,0.15534358,0.0044856053,null,null,null,null,"TWOGAUSSIANS",8,10.25138,0.21293992,0.0013905817,0.39869538,0.011142554,0.39510438,0.010469739,0.7145595,0.0011546391,0.4,0.0,0.14966875,0.003532345
375316653866487564,3376232353542830848,0.55321,2201.713485588831,3.620323122199612,2.4106821E-5,19.150856,0.008956733,0.22082122,0.0046203984,0.07506033,0.006734973,0.35979164,0.018404836,0.7144946,0.010685652,0.062051512,0.013387861,0.37539175,0.04477354,null,null,null,null,"TWOGAUSSIANS",8,2.381103,0.7144946,0.010685652,0.34748846,0.07497202,0.37459368,0.04528102,0.22082122,0.0046203984,0.4,0.0,0.35899356,0.018505989
375316653866487564,3376234659939362048,0.46456808,2192.0099987370118,2.5156651643182513,9.905835E-5,19.065126,0.032338552,0.69585514,0.016237775,0.09026397,0.037348498,0.17706212,0.034257952,0.24417342,0.019578235,0.09243057,0.02617479,0.1424009,0.038538694,null,null,null,null,"TWOGAUSSIANS",8,2.9159744,0.69585514,0.016226523,0.4,0.0,0.17355663,0.043927543,0.24417342,0.019558512,0.4,0.0,0.13889514,0.030732537
375316653866487564,3376236309210739968,0.4917394,2217.677011628327,1.1566204387889596,7.53401E-5,14.592892,0.0071301493,0.26617172,0.007785098,0.08440603,0.01678082,0.0938433,0.012165321,0.77379394,0.011066259,0.106197454,0.023580488,0.032978445,0.0075931526,null,null,null,null,"TWOGAUSSIANS",8,21.166615,0.26617172,0.007791779,0.4,0.0,0.09093753,0.015090939,0.77379394,0.011066923,0.4,0.0,0.030071609,0.004933691
375316653866487564,3376236889028529024,0.535281,2229.3349064697763,1.3616644568950536,8.087678E-5,19.15726,0.0049125757,0.14785586,0.014198889,0.032940008,0.006511169,0.03566226,0.017564623,0.66415703,0.010380131,0.05483194,0.008429856,0.57094723,0.28103682,null,null,null,null,"TWOGAUSSIANS",8,1.4941183,0.66415703,0.010380131,0.30705887,0.047207195,0.5709472,0.28103703,0.14785586,0.014198889,0.18446405,0.036462545,0.035662245,0.017564623
375316653866487564,3376240771678657536,0.5064307,2282.0268118028616,3.9871026800259677,9.497791E-5,17.15683,0.0047832006,0.50986546,0.0057275374,0.03164131,0.0046212515,0.36756012,0.09316977,0.2877615,0.04439435,0.04756694,0.05296092,0.032694545,1.58434165E11,null,null,null,null,"TWOGAUSSIANS",8,15.389656,0.50986546,0.005726216,0.17719132,0.025879007,0.3675607,0.0931795,0.2877615,0.04439435,0.26637486,0.29658115,0.032694545,1.58434165E11
375316653866487564,3376244418109117696,0.5904551,2288.2621533456395,0.02137786901779367,1.6177846E-6,17.038433,0.002585047,0.45195866,8.71325E-5,0.001579337,7.030005E-5,0.27627453,0.026826838,null,null,null,null,null,null,null,null,null,null,"ONEGAUSSIAN",5,3.834731,0.45195866,8.71325E-5,0.008844288,3.9368027E-4,0.27627453,0.0,null,null,null,null,null,null
375316653866487564,3376248159025991552,0.5479737,2222.290879949847,3.8303656219878075,5.1473413E-5,19.89763,0.057986736,0.31777763,0.03448321,0.07692201,0.029576128,0.34955505,0.09614241,0.7845016,0.0043205805,0.0728638,0.01115436,0.643938,0.04391736,null,null,null,null,"TWOGAUSSIANS",8,2.5371253,0.7845016,0.0043205805,0.4,8.7088025E-5,0.642282,0.036285814,0.31777763,0.03448321,0.4,0.016893767,0.34789905,0.07902972
375316653866487564,3376249155455329792,0.51221234,2233.154562251374,0.8120600220466158,3.2647877E-5,19.078535,0.010560384,0.29396895,0.008377024,0.07479001,0.01445869,0.1713798,0.014003377,0.7212147,0.0060770116,0.07381182,0.0066610323,0.20114009,0.015956372,null,null,null,null,"TWOGAUSSIANS",8,2.1766028,0.7212147,0.0060770116,0.4,0.0035681687,0.20091945,0.015844742,0.29396895,0.008377024,0.4,0.04503181,0.17115918,0.0138871
375316653866487564,3376250637221566592,0.56999207,2282.5831084524157,2.121470924946714,2.1731263E-5,16.535843,0.007227716,0.5593367,0.0070852046,0.12443851,0.009005862,0.3604761,0.019149764,0.95073116,0.002291329,0.01272199,0.006809731,0.1093605,0.17842631,null,null,null,null,"TWOGAUSSIANS",8,25.522945,0.5593367,0.0070852046,0.4,0.0,0.36025113,0.019250385,0.95073116,0.002291329,0.071243145,0.038134493,0.11170042,0.17820731
375316653866487564,3376253484782562048,0.5430562,2270.0803987585514,2.935911192120641,1.9518342E-5,19.069096,0.022347596,0.32416892,0.006296782,0.08779905,0.015647171,0.43526375,0.06708027,0.8259491,0.0041778875,0.083678566,0.007091455,0.43548626,0.03798178,null,null,null,null,"TWOGAUSSIANS",8,2.2984285,0.8259491,0.0041778875,0.4,0.0,0.42345273,0.036893703,0.32416892,0.006296782,0.4,0.0,0.42323014,0.078821786
375316653866487564,3376253901392155392,0.51564413,2232.245281238743,3.2918071075622497,2.3940971E-5,18.440804,0.030521434,0.26016176,0.010007322,0.09401636,0.02023285,0.3239698,0.026951239,0.767023,0.008696579,0.07675571,0.010209168,0.3282433,0.0337467,null,null,null,null,"TWOGAUSSIANS",8,10.325969,0.767023,0.008696579,0.4,0.0028736095,0.32032546,0.025222681,0.26016176,0.010007322,0.4,0.0,0.3160515,0.019973049
375316653866487564,3376255305848776576,0.55568796,2249.022071483363,3.202296636409488,1.0476055E-5,17.326735,0.020577565,0.3070914,0.0024528645,0.09409536,0.0067128427,0.26733547,0.020428484,0.82014227,0.0097854985,0.092695914,0.017907912,0.30835307,0.038953293,null,null,null,null,"TWOGAUSSIANS",8,4.898511,0.82014227,0.0097854985,0.4,0.0,0.29515728,0.05242955,0.3070914,0.0024528645,0.4,0.0,0.25413957,0.0121944435
375316653866487564,3376256164842284800,0.5020067,2229.1244805146735,0.572689106709258,3.1379295E-5,19.077896,0.045122325,0.18260065,0.008149785,0.0821994,0.021517867,0.27243757,0.041787464,0.6733055,0.04802286,0.10466062,0.044764157,0.25383016,0.05134042,null,null,null,null,"TWOGAUSSIANS",8,3.1610248,0.18260065,0.008153112,0.4,0.02100803,0.25979415,0.031964153,0.6733055,0.04802286,0.4,0.03561413,0.24118061,0.041862026
