Gaia/vari_eclipsing_binary/VariEclipsingBinary_517864-518434.csv
# %ECSV 1.0
# ---
# delimiter: ','
# meta: !!omap
# - RELEASE: Gaia DR3
# - TABLE: vari_eclipsing_binary
# - DESCRIPTION: >
#     This table describes the properties of the eclipsing binaries resulting from the variability analysis. 
# - CITATION: >
#     How to cite and acknowledge Gaia: 
#     https://gea.esac.esa.int/archive/documentation/credits.html 
# - KNOWN_ISSUES: >
#     Known issues: 
#     https://www.cosmos.esa.int/web/gaia-users/known-issues 
# - DOCUMENTATION: >
#     Tutorials and documentation: 
#     https://www.cosmos.esa.int/web/gaia-users/archive 
# datatype:
# - 
#   name: solution_id
#   datatype: int64
#   description: Solution Identifier
#   meta:
#     ucd: meta.version
# - 
#   name: source_id
#   datatype: int64
#   description: Unique source identifier
#   meta:
#     ucd: meta.id;meta.main
# - 
#   name: global_ranking
#   datatype: float32
#   description: Number between 0 (worst) and 1 (best)
#   meta:
#     ucd: stat.param
# - 
#   name: reference_time
#   datatype: float64
#   unit: d
#   description: Reference time used for the geometric model fit
#   meta:
#     ucd: time.epoch
# - 
#   name: frequency
#   datatype: float64
#   unit: d**-1
#   description: Frequency of geometric model of the eclipsing binary light curve
#   meta:
#     ucd: src.orbital
# - 
#   name: frequency_error
#   datatype: float32
#   unit: d**-1
#   description: "Uncertainty of \\texttt{frequency}"
#   meta:
#     ucd: stat.error
# - 
#   name: geom_model_reference_level
#   datatype: float32
#   unit: mag
#   description: Magnitude reference level of geometric model
#   meta:
#     ucd: phot.mag;em.opt
# - 
#   name: geom_model_reference_level_error
#   datatype: float32
#   unit: mag
#   description: "Uncertainty of \\texttt{geomModelReferenceLevel}"
#   meta:
#     ucd: stat.error;phot.mag;em.opt
# - 
#   name: geom_model_gaussian1_phase
#   datatype: float32
#   description: Phase of the Gaussian 1 component
#   meta:
#     ucd: time.phase
# - 
#   name: geom_model_gaussian1_phase_error
#   datatype: float32
#   description: "Uncertainty of \\texttt{geomModelGaussian1Phase}"
#   meta:
#     ucd: stat.error;time.phase
# - 
#   name: geom_model_gaussian1_sigma
#   datatype: float32
#   description: "Standard deviation [phase] of Gaussian 1 component"
#   meta:
#     ucd: stat.stdev
# - 
#   name: geom_model_gaussian1_sigma_error
#   datatype: float32
#   description: "Uncertainty of \\texttt{geomModelGaussian1Sigma}"
#   meta:
#     ucd: stat.error
# - 
#   name: geom_model_gaussian1_depth
#   datatype: float32
#   unit: mag
#   description: Magnitude depth of Gaussian 1 component
#   meta:
#     ucd: src.var.amplitude
# - 
#   name: geom_model_gaussian1_depth_error
#   datatype: float32
#   unit: mag
#   description: "Uncertainty of \\texttt{geomModelGaussian1Depth}"
#   meta:
#     ucd: stat.error;src.var.amplitude
# - 
#   name: geom_model_gaussian2_phase
#   datatype: float32
#   description: Phase of Gaussian 2 component
#   meta:
#     ucd: time.phase
# - 
#   name: geom_model_gaussian2_phase_error
#   datatype: float32
#   description: "Uncertainty of \\texttt{geomModelGaussian2Phase}"
#   meta:
#     ucd: stat.error;time.phase
# - 
#   name: geom_model_gaussian2_sigma
#   datatype: float32
[...]
#   datatype: float32
#   description: "Secondary eclipse: uncertainty of \\texttt{derivedSecondaryEclDuration}"
#   meta:
#     ucd: stat.error;time.duration
# - 
#   name: derived_secondary_ecl_depth
#   datatype: float32
#   unit: mag
#   description: "Secondary eclipse: depth"
#   meta:
#     ucd: src.var.amplitude
# - 
#   name: derived_secondary_ecl_depth_error
#   datatype: float32
#   unit: mag
#   description: "Secondary eclipse: uncertainty of \\texttt{derivedSecondaryEclDepth}"
#   meta:
#     ucd: stat.error;src.var.amplitude
solution_id,source_id,global_ranking,reference_time,frequency,frequency_error,geom_model_reference_level,geom_model_reference_level_error,geom_model_gaussian1_phase,geom_model_gaussian1_phase_error,geom_model_gaussian1_sigma,geom_model_gaussian1_sigma_error,geom_model_gaussian1_depth,geom_model_gaussian1_depth_error,geom_model_gaussian2_phase,geom_model_gaussian2_phase_error,geom_model_gaussian2_sigma,geom_model_gaussian2_sigma_error,geom_model_gaussian2_depth,geom_model_gaussian2_depth_error,geom_model_cosine_half_period_amplitude,geom_model_cosine_half_period_amplitude_error,geom_model_cosine_half_period_phase,geom_model_cosine_half_period_phase_error,model_type,num_model_parameters,reduced_chi2,derived_primary_ecl_phase,derived_primary_ecl_phase_error,derived_primary_ecl_duration,derived_primary_ecl_duration_error,derived_primary_ecl_depth,derived_primary_ecl_depth_error,derived_secondary_ecl_phase,derived_secondary_ecl_phase_error,derived_secondary_ecl_duration,derived_secondary_ecl_duration_error,derived_secondary_ecl_depth,derived_secondary_ecl_depth_error
[from data line 105]
375316653866487564,4556324615838679808,0.48708925,2151.165827648714,0.45195975036149444,7.5491253E-6,16.249819,0.0014544862,0.24343872,0.0040708873,0.04175537,0.014116693,0.008439596,0.004052634,0.7507754,0.0026029088,0.01821161,0.0030607418,0.084681526,0.010459288,0.025234612,0.002183712,0.24343872,0.0040708873,"TWOGAUSSIANS_WITH_ELLIPSOIDAL_ON_ECLIPSE1",9,6.617553,0.7507754,0.0026029088,0.10198502,0.017140154,0.13504358,0.011769547,0.24343872,0.0040708873,0.23383006,0.079053484,0.058908813,0.0023252713
375316653866487564,4556352481586926080,0.6319235,2127.243052772547,3.2200171895545218,2.546187E-6,16.330849,0.0054926593,0.27620754,6.480322E-4,0.046582296,0.0012846312,0.58807504,0.017371058,0.77666354,0.0010201362,0.043711565,0.0018900407,0.48261836,0.01618158,0.12855834,0.009264547,0.27620754,6.480322E-4,"TWOGAUSSIANS_WITH_ELLIPSOIDAL_ON_ECLIPSE1",9,33.971695,0.27620754,6.480322E-4,0.26086086,0.007193935,0.845191,0.014208319,0.77666354,0.0010138053,0.24478477,0.010584228,0.7397322,0.014893323
375316653866487564,4556356295517988096,0.49658662,2163.9788934497665,3.026066742811675,1.2353335E-5,14.127474,0.053125974,0.19740756,0.0060382006,0.123451665,0.02151627,0.1598309,0.05202137,0.68131316,0.0035512333,0.1352451,0.02345172,0.17258164,0.05155793,null,null,null,null,"TWOGAUSSIANS",8,132.31161,0.68131316,0.0035512333,0.4,0.0,0.12724091,0.0047846213,0.19781755,0.005597336,0.4,0.0,0.11479705,0.0071308888
375316653866487564,4556356432956880256,0.46862298,2123.1764050297297,1.5040944280644395,1.84287E-5,17.311218,0.0076621296,0.26262346,0.00536809,0.096510075,0.013914949,0.07359424,0.0070622433,0.76250046,0.006699311,0.10489559,0.018133894,0.051743988,0.0070840493,null,null,null,null,"TWOGAUSSIANS",8,3.997664,0.26262346,0.00536809,0.4,0.0,0.068011895,0.0051674154,0.76250046,0.006699311,0.4,0.0,0.04616065,0.0042922883
375316653866487564,4556366156763015936,0.5466741,2161.258851344855,1.870321223171471,7.338187E-6,15.649478,0.0029950377,0.16730902,0.0028744722,0.046570122,0.0039590565,0.23658921,0.025901802,0.67177975,0.0017469901,0.046974547,0.0025099919,0.121234335,0.008269742,0.0071366276,0.0039914837,0.16730902,0.0028744722,"TWOGAUSSIANS_WITH_ELLIPSOIDAL_ON_ECLIPSE1",9,20.469667,0.16730902,0.0028744722,0.2607927,0.022170717,0.25086227,0.028661987,0.67177975,0.0017469901,0.26305744,0.014055955,0.13549614,0.0060798726
375316653866487564,4556368596304387712,0.49103263,2148.966602750549,2.6451932328407706,1.2238216E-5,16.219576,0.055157684,0.2663397,0.0039640977,0.11635561,0.016838275,0.31184652,0.052997127,0.7734805,0.0051301476,0.103817336,0.016101696,0.30088294,0.053862095,null,null,null,null,"TWOGAUSSIANS",8,98.44328,0.2663397,0.0039624544,0.4,0.0,0.26872075,0.014449858,0.7735005,0.0051278938,0.4,0.0,0.25781432,0.016657315
375316653866487564,4556370928464586880,0.5191308,2141.8746868739945,3.671475485770368,2.5541272E-5,17.03905,0.055800747,0.28886577,0.0031817646,0.08701791,0.015569804,0.4942154,0.03968576,0.81504965,0.0058622253,0.10575464,0.02308308,0.32337376,0.04013752,null,null,null,null,"TWOGAUSSIANS",8,57.61998,0.28885576,0.0031833644,0.4,0.0,0.47557446,0.01637358,0.81504965,0.0058622253,0.4,0.0,0.3047175,0.016993124
375316653866487564,4556375708770306048,0.576848,2148.9451674943125,3.4460026540805684,6.4218816E-6,16.879425,0.016514532,0.22818463,0.0019395632,0.061961155,0.007665088,0.21908015,0.028543783,0.7426694,0.0027860594,0.058101747,0.011841119,0.13724154,0.029733112,0.052519687,0.017047694,0.22818463,0.0019395632,"TWOGAUSSIANS_WITH_ELLIPSOIDAL_ON_ECLIPSE1",9,8.762337,0.22818463,0.0019395632,0.34698248,0.04292449,0.32405204,0.01413026,0.7426694,0.0027860594,0.3253698,0.066310264,0.24134578,0.0058201463
375316653866487564,4556378629347505536,0.6076694,2169.411900932994,2.2852661953812112,3.5766582E-6,15.101698,0.0050091795,0.24494188,0.0011032814,0.055786934,0.004280982,0.08413002,0.01289372,0.74882925,0.0054935967,0.051375546,0.012430891,0.06405035,0.010420918,0.076906316,0.006473313,0.24494188,0.0011032814,"TWOGAUSSIANS_WITH_ELLIPSOIDAL_ON_ECLIPSE1",9,19.936527,0.24494188,0.0011032814,0.31240684,0.0239735,0.23793828,0.005221572,0.74882925,0.0054935967,0.28770307,0.069612995,0.21776687,0.010849985
375316653866487564,4556394263027768192,0.5914062,2154.581943315803,0.9774473434106066,5.2897194E-6,10.880979,0.007777167,0.22791362,0.0026946226,0.095629275,0.0049922243,0.20099242,0.007775173,0.7081381,0.0010613047,0.07933646,0.0030453287,0.3816669,0.01198518,null,null,null,null,"TWOGAUSSIANS",8,173.89838,0.7081381,0.0010613047,0.4,0.0,0.37524655,0.012517263,0.22791362,0.0026946226,0.4,0.0,0.19457132,0.0065323506
375316653866487564,4556395495677102464,0.52901995,2145.0090307064397,3.6434307749498926,7.6338165E-6,17.637066,0.007752534,0.27779493,0.0026853243,0.077427536,0.0033852446,0.3572541,0.014598378,0.78799886,0.0022609348,0.08160344,0.0037666732,0.28416124,0.011996931,null,null,null,null,"TWOGAUSSIANS",8,12.067299,0.27779493,0.0026853243,0.4,0.0,0.35356048,0.014489243,0.78799886,0.0022609348,0.4,0.0,0.28046763,0.011865954
375316653866487564,4556395598756112256,0.63360775,2145.1396929486446,2.477591767598415,2.9338057E-6,14.8849745,0.006764036,0.20364411,0.0011715444,0.043740973,0.002715267,0.22138955,0.015995398,0.70163816,0.0014295055,0.05028248,0.0026166288,0.29793978,0.013922012,0.11913203,0.00857521,0.20364411,0.0011715444,"TWOGAUSSIANS_WITH_ELLIPSOIDAL_ON_ECLIPSE1",9,72.96191,0.7019182,0.0011682368,0.28158188,0.014653122,0.5361693,0.0071170535,0.20364411,0.0011715444,0.24494945,0.015205495,0.4596517,0.0065745334
375316653866487564,4556421991336775808,0.41443026,2141.6520470736064,0.07310915432969325,2.4773191E-5,12.855687,9.357059E-4,0.22871387,0.004040416,0.030956026,0.0018536963,0.33820215,0.03752749,0.7101171,0.051663015,0.03934081,0.017998625,0.3181095,0.23852918,null,null,null,null,"TWOGAUSSIANS",8,27.89293,0.22871387,0.004040416,0.17335375,0.010380699,0.33820215,0.03752749,0.7101171,0.051663015,0.22030854,0.100792296,0.3181095,0.23852918
375316653866487564,4556454942326499072,0.45315936,2177.028107729754,0.5096107226964735,8.092055E-5,16.018959,0.0039138994,0.25786826,0.016235622,0.020312127,0.0094906315,0.32331517,0.14159375,null,null,null,null,null,null,0.013344445,0.0063654,0.25786826,0.016235622,"ONEGAUSSIAN_WITH_ELLIPSOIDAL",6,117.15133,0.25786826,0.016235622,0.11374791,0.053147536,0.35000405,0.14825131,null,null,null,null,null,null
375316653866487564,4556485140235678208,0.53117484,2165.5200072026914,2.335723757890359,1.01651995E-5,19.149712,0.0114284465,0.2115646,0.0041941316,0.04203785,0.0051778965,0.3202524,0.028567318,0.7300119,0.00681048,0.063400835,0.010995426,0.3122256,0.037568785,0.05772489,0.021935878,0.7300119,0.00681048,"TWOGAUSSIANS_WITH_ELLIPSOIDAL_ON_ECLIPSE2",9,3.9515939,0.21244459,0.0037950426,0.23541196,0.02899622,0.4341032,0.027707702,0.7300119,0.00681048,0.3550447,0.06157439,0.42754745,0.03742484
375316653866487564,4556517717568530688,0.5316706,2052.765716460453,1.0400713298377533,8.059595E-6,17.012846,0.0011016086,0.11817406,0.038903072,0.041727275,0.018379645,0.005893655,0.004402939,0.7852622,0.0024340109,0.03561662,0.0034797555,0.072220124,0.0056647244,0.028571453,0.001417822,0.7852622,0.0024340109,"TWOGAUSSIANS_WITH_ELLIPSOIDAL_ON_ECLIPSE2",9,3.1316836,0.7852622,0.0024340109,0.19945307,0.01948663,0.12936287,0.0057572126,0.28522405,0.0023973635,0.23367272,0.102926016,0.057144687,0.0028372945
375316653866487564,4556518572259712128,0.47624925,2049.894808905626,1.3144549341489915,5.342154E-6,19.27713,0.0057072444,0.107542835,0.0051314067,0.02598039,0.0036573992,0.36673793,0.041612215,0.60023874,0.0011329169,0.026450798,0.0011003889,0.3924134,0.025957987,null,null,null,null,"TWOGAUSSIANS",8,5.0712166,0.60023874,0.0011329169,0.14812447,0.0061621782,0.3924134,0.025957987,0.107542835,0.0051314067,0.14549018,0.020481436,0.36673793,0.041612215
375316653866487564,4556529709117246336,0.61519283,2046.7927750737126,2.8680672335470434,5.695986E-6,15.440094,0.004112685,0.26001984,0.0023874843,0.04553143,0.0036918717,0.13275403,0.010994146,0.7564098,9.246616E-4,0.056567162,0.0037883078,0.13606395,0.010385975,0.1124507,0.005271962,0.7564098,9.246616E-4,"TWOGAUSSIANS_WITH_ELLIPSOIDAL_ON_ECLIPSE2",9,30.561825,0.7564098,9.246616E-4,0.3167761,0.021214524,0.36095732,0.0072570364,0.25923985,0.0018492285,0.254976,0.02067448,0.35755685,0.008056365
375316653866487564,4556540463716048256,0.45093957,2102.190021317296,1.9868033758991956,1.0303318E-5,18.048414,0.003806138,0.20467763,0.001850476,0.029578893,0.002030004,0.13697585,0.008407442,0.69663435,0.0058655473,0.035053004,0.004571702,0.1502788,0.013567472,null,null,null,null,"TWOGAUSSIANS",8,9.579336,0.69663435,0.0058655473,0.19629683,0.025601532,0.1502788,0.013567472,0.20467763,0.001850476,0.1656418,0.011368023,0.13697585,0.008407442
375316653866487564,4556555715137251712,0.4494319,2048.440357049844,0.8097389456719539,5.4208478E-5,19.542412,0.008329597,0.3205562,0.006782816,0.043131053,0.02497162,0.2587351,0.1470231,0.8155619,0.0036575645,0.014327101,0.0067716883,0.5503651,10.868157,null,null,null,null,"TWOGAUSSIANS",8,5.2916427,0.8155619,0.0036575645,0.08023177,0.037921455,0.5503651,10.868157,0.3205562,0.006782816,0.24153389,0.13984106,0.2587351,0.1470231
375316653866487564,4556556715872957824,0.43685907,2034.3505928997545,2.463698444307063,1.23249065E-5,16.102137,0.0070276763,0.42417425,0.011137454,0.025679125,0.015524947,0.12581557,0.067975536,0.9206073,0.00669538,0.023335373,0.009568508,0.24559696,0.036187854,null,null,null,null,"TWOGAUSSIANS",8,15.414178,0.9206073,0.00669538,0.13067809,0.053583644,0.24559696,0.036187854,0.42417425,0.011137454,0.14380309,0.08693971,0.12581557,0.067975536
375316653866487564,4556562900625319168,0.5947681,2259.4241594462983,3.313962830833553,3.233262E-5,17.649122,0.0074799643,0.27716997,0.033024866,0.12554592,0.049431935,0.028986188,0.0131891575,0.6943403,9.029691E-6,0.0066592554,6.8615846E-5,0.7406765,0.004406194,null,null,null,null,"TWOGAUSSIANS",8,2.2068555,0.6943403,9.029691E-6,0.03729183,3.8424873E-4,0.7407723,0.004740649,0.27716997,0.033024866,0.4,0.0,0.02896534,0.013128065
375316653866487564,4556567878484841216,0.59343123,2102.010863466983,2.6051721792002382,4.2812494E-6,17.997746,0.0043195076,0.25042564,0.0014483625,0.08083209,0.0023469867,0.28922957,0.0062098596,0.7493595,0.001342619,0.087432615,0.0022992522,0.25899667,0.005322433,null,null,null,null,"TWOGAUSSIANS",8,1.969164,0.25042564,0.0014483625,0.4,0.0,0.28275472,0.0060063903,0.7493595,0.001342619,0.4,0.0,0.25252178,0.0048982855
375316653866487564,4556584268080176256,0.4562597,2169.0109282645058,1.3444578922175,2.031824E-5,11.965663,0.013491799,0.30006528,0.008051383,0.13589934,0.024906382,0.05240079,0.013422508,0.7626559,0.011269658,0.10287805,0.024915047,0.03268409,0.012398635,null,null,null,null,"TWOGAUSSIANS",8,40.89526,0.30008528,0.008011386,0.4,0.0,0.045681268,0.003823221,0.7626559,0.011269658,0.4,0.0,0.026143977,0.0028121257
375316653866487564,4556601211733121280,0.6070455,2143.33032844665,3.2291782987774615,4.1685007E-6,12.923888,0.015148768,0.19624564,0.0015516714,0.05098502,0.004440466,0.26045907,0.033138316,0.6980658,0.0010785997,0.059247766,0.004001655,0.35456628,0.032545365,0.091495514,0.018851006,0.6980658,0.0010785997,"TWOGAUSSIANS_WITH_ELLIPSOIDAL_ON_ECLIPSE2",9,238.59598,0.6980658,0.0010785997,0.3317875,0.02240927,0.537507,0.009283294,0.19647564,0.0013321554,0.2855161,0.02486661,0.44337887,0.0064392374
375316653866487564,4556605369261831424,0.5002275,2108.365654150134,2.475069938314297,1.3311E-5,15.679173,0.0020650497,0.22215098,0.004520963,0.021487588,0.011753176,0.038151447,0.010264193,0.5972155,0.010954811,0.039725263,0.009415663,0.02308398,0.0052945404,0.062379755,0.0026729654,0.22215098,0.004520963,"TWOGAUSSIANS_WITH_ELLIPSOIDAL_ON_ECLIPSE1",9,45.373955,0.22215098,0.004520963,0.1203305,0.06581779,0.1629108,0.010143445,0.7206855,0.0047937995,0.22246148,0.05272771,0.124933116,0.0051867696
375316653866487564,4556614165354578048,0.44338453,2125.4500556180046,1.6716527677913442,8.809137E-5,17.590435,0.0034593479,0.26340327,0.0075316387,0.022736266,0.0100097805,0.07437065,0.018106923,0.75784755,0.0185577,0.020794677,0.028363412,0.06307565,0.022983842,0.026591148,0.0047702906,0.26340327,0.0075316387,"TWOGAUSSIANS_WITH_ELLIPSOIDAL_ON_ECLIPSE1",9,9.188188,0.26340327,0.0075316387,0.12732309,0.05605477,0.12755293,0.016216667,0.7580075,0.014424353,0.11645019,0.15883511,0.11619494,0.028164346
375316653866487564,4556614234074032640,0.5009175,2128.8816156067305,4.076826546462811,1.3768997E-5,18.25197,0.10047533,0.27322066,0.005277497,0.11380065,0.022748513,0.29093587,0.09228561,0.7559176,0.005138051,0.14155649,0.034535404,0.28186095,0.097741075,null,null,null,null,"TWOGAUSSIANS",8,5.31905,0.27373067,0.0046506044,0.4,0.0,0.21928598,0.01715679,0.7559176,0.005138051,0.4,0.0,0.20905717,0.013882303
375316653866487564,4556654125730364800,0.43528825,2183.709013334522,0.7884476251270063,2.04524E-5,17.522625,0.0042317524,0.2382587,0.009733026,0.024708271,0.0076162107,0.13020723,0.018488236,0.7349583,0.0015320176,0.017993314,0.0038246564,0.12736486,0.03233248,0.016052265,0.0068196193,0.2382587,0.009733026,"TWOGAUSSIANS_WITH_ELLIPSOIDAL_ON_ECLIPSE1",9,22.964266,0.2382587,0.009733026,0.13836631,0.04265078,0.16231169,0.01337501,0.7349783,0.0015202557,0.10076255,0.021418076,0.15945561,0.03481534
375316653866487564,4556660615418877440,0.5333187,2153.2580511682218,3.7441897181834585,7.652289E-6,18.499075,0.012507414,0.22219054,0.0021181272,0.092454165,0.006026017,0.27145123,0.010529335,0.71080416,0.004258145,0.093909964,0.0071702744,0.27779832,0.013654949,null,null,null,null,"TWOGAUSSIANS",8,3.058967,0.71080416,0.004258145,0.4,0.0,0.26507106,0.011141245,0.22219054,0.0021181272,0.4,0.0,0.25872415,0.0068404814
375316653866487564,4556667182429477760,0.4916903,2135.8247205780726,1.2243026518986797,9.959285E-6,17.491915,0.003444203,0.16210923,0.0020646895,0.018934298,0.0021809535,0.2901465,0.016528476,0.66433644,0.0011826353,0.026125431,0.0012959171,0.25077787,0.0152501045,null,null,null,null,"TWOGAUSSIANS",8,19.110273,0.16210923,0.0020646895,0.10603207,0.012213339,0.2901465,0.016528476,0.66433644,0.0011826353,0.14630242,0.0072571356,0.25077787,0.0152501045
375316653866487564,4556688966503281280,0.5753506,2187.7040175749403,0.5995176011148707,1.07223E-5,12.207842,6.207494E-4,0.69367,0.0012407176,0.023207527,0.001170281,0.23971744,0.006637737,0.81294715,0.04521349,0.022633623,0.0228023,0.004347681,0.0051075597,6.8048766E-4,8.290565E-4,0.69367,0.0012407176,"TWOGAUSSIANS_WITH_ELLIPSOIDAL_ON_ECLIPSE1",9,52.226185,0.69367,0.0012488704,0.12996215,0.006553573,0.2410784,0.006415958,0.81294715,0.04521349,0.1267483,0.12769288,0.0050775013,0.0051625744
375316653866487564,4556698552870167680,0.43738654,2157.031396616253,1.9675183582141464,9.962895E-6,18.274742,0.006367036,0.35230923,0.0047144713,0.04418347,0.0026561497,0.14749373,0.014091615,0.85055333,0.003698433,0.041226886,0.0035242853,0.15900983,0.011932055,null,null,null,null,"TWOGAUSSIANS",8,16.798185,0.85055333,0.003698433,0.23087056,0.019735998,0.15900983,0.011932054,0.35230923,0.0047144713,0.24742743,0.014874438,0.14749372,0.014091612
375316653866487564,4556707142804751232,0.61664903,2174.381124831693,0.3775264286385411,7.5002004E-6,12.285468,0.002061607,0.30938536,8.56183E-4,0.02371841,8.048088E-4,0.87551403,0.045009065,0.8161727,0.0016295067,0.011102214,0.0041282107,0.05536962,0.018425468,0.008824883,0.002920829,0.30938536,8.56183E-4,"TWOGAUSSIANS_WITH_ELLIPSOIDAL_ON_ECLIPSE1",9,259.612,0.30938536,8.56183E-4,0.1328231,0.0045069293,0.89316374,0.044925068,0.8161727,0.0016295067,0.062172398,0.02311798,0.07298728,0.022571437
