Gaia/vari_eclipsing_binary/VariEclipsingBinary_403912-405723.csv
# %ECSV 1.0
# ---
# delimiter: ','
# meta: !!omap
# - RELEASE: Gaia DR3
# - TABLE: vari_eclipsing_binary
# - DESCRIPTION: >
#     This table describes the properties of the eclipsing binaries resulting from the variability analysis. 
# - CITATION: >
#     How to cite and acknowledge Gaia: 
#     https://gea.esac.esa.int/archive/documentation/credits.html 
# - KNOWN_ISSUES: >
#     Known issues: 
#     https://www.cosmos.esa.int/web/gaia-users/known-issues 
# - DOCUMENTATION: >
#     Tutorials and documentation: 
#     https://www.cosmos.esa.int/web/gaia-users/archive 
# datatype:
# - 
#   name: solution_id
#   datatype: int64
#   description: Solution Identifier
#   meta:
#     ucd: meta.version
# - 
#   name: source_id
#   datatype: int64
#   description: Unique source identifier
#   meta:
#     ucd: meta.id;meta.main
# - 
#   name: global_ranking
#   datatype: float32
#   description: Number between 0 (worst) and 1 (best)
#   meta:
#     ucd: stat.param
# - 
#   name: reference_time
#   datatype: float64
#   unit: d
#   description: Reference time used for the geometric model fit
#   meta:
#     ucd: time.epoch
# - 
#   name: frequency
#   datatype: float64
#   unit: d**-1
#   description: Frequency of geometric model of the eclipsing binary light curve
#   meta:
#     ucd: src.orbital
# - 
#   name: frequency_error
#   datatype: float32
#   unit: d**-1
#   description: "Uncertainty of \\texttt{frequency}"
#   meta:
#     ucd: stat.error
# - 
#   name: geom_model_reference_level
#   datatype: float32
#   unit: mag
#   description: Magnitude reference level of geometric model
#   meta:
#     ucd: phot.mag;em.opt
# - 
#   name: geom_model_reference_level_error
#   datatype: float32
#   unit: mag
#   description: "Uncertainty of \\texttt{geomModelReferenceLevel}"
#   meta:
#     ucd: stat.error;phot.mag;em.opt
# - 
#   name: geom_model_gaussian1_phase
#   datatype: float32
#   description: Phase of the Gaussian 1 component
#   meta:
#     ucd: time.phase
# - 
#   name: geom_model_gaussian1_phase_error
#   datatype: float32
#   description: "Uncertainty of \\texttt{geomModelGaussian1Phase}"
#   meta:
#     ucd: stat.error;time.phase
# - 
#   name: geom_model_gaussian1_sigma
#   datatype: float32
#   description: "Standard deviation [phase] of Gaussian 1 component"
#   meta:
#     ucd: stat.stdev
# - 
#   name: geom_model_gaussian1_sigma_error
#   datatype: float32
#   description: "Uncertainty of \\texttt{geomModelGaussian1Sigma}"
#   meta:
#     ucd: stat.error
# - 
#   name: geom_model_gaussian1_depth
#   datatype: float32
#   unit: mag
#   description: Magnitude depth of Gaussian 1 component
#   meta:
#     ucd: src.var.amplitude
# - 
#   name: geom_model_gaussian1_depth_error
#   datatype: float32
#   unit: mag
#   description: "Uncertainty of \\texttt{geomModelGaussian1Depth}"
#   meta:
#     ucd: stat.error;src.var.amplitude
# - 
#   name: geom_model_gaussian2_phase
#   datatype: float32
#   description: Phase of Gaussian 2 component
#   meta:
#     ucd: time.phase
# - 
#   name: geom_model_gaussian2_phase_error
#   datatype: float32
#   description: "Uncertainty of \\texttt{geomModelGaussian2Phase}"
#   meta:
#     ucd: stat.error;time.phase
# - 
#   name: geom_model_gaussian2_sigma
#   datatype: float32
[...]
#   datatype: float32
#   description: "Secondary eclipse: uncertainty of \\texttt{derivedSecondaryEclDuration}"
#   meta:
#     ucd: stat.error;time.duration
# - 
#   name: derived_secondary_ecl_depth
#   datatype: float32
#   unit: mag
#   description: "Secondary eclipse: depth"
#   meta:
#     ucd: src.var.amplitude
# - 
#   name: derived_secondary_ecl_depth_error
#   datatype: float32
#   unit: mag
#   description: "Secondary eclipse: uncertainty of \\texttt{derivedSecondaryEclDepth}"
#   meta:
#     ucd: stat.error;src.var.amplitude
solution_id,source_id,global_ranking,reference_time,frequency,frequency_error,geom_model_reference_level,geom_model_reference_level_error,geom_model_gaussian1_phase,geom_model_gaussian1_phase_error,geom_model_gaussian1_sigma,geom_model_gaussian1_sigma_error,geom_model_gaussian1_depth,geom_model_gaussian1_depth_error,geom_model_gaussian2_phase,geom_model_gaussian2_phase_error,geom_model_gaussian2_sigma,geom_model_gaussian2_sigma_error,geom_model_gaussian2_depth,geom_model_gaussian2_depth_error,geom_model_cosine_half_period_amplitude,geom_model_cosine_half_period_amplitude_error,geom_model_cosine_half_period_phase,geom_model_cosine_half_period_phase_error,model_type,num_model_parameters,reduced_chi2,derived_primary_ecl_phase,derived_primary_ecl_phase_error,derived_primary_ecl_duration,derived_primary_ecl_duration_error,derived_primary_ecl_depth,derived_primary_ecl_depth_error,derived_secondary_ecl_phase,derived_secondary_ecl_phase_error,derived_secondary_ecl_duration,derived_secondary_ecl_duration_error,derived_secondary_ecl_depth,derived_secondary_ecl_depth_error
[from data line 181]
375316653866487564,3560946772251558016,0.59529877,2026.3160583224383,3.1264922693822514,7.4019567E-6,14.591102,0.00537812,0.28484842,0.002400735,0.055662706,0.005569378,0.1309767,0.021019315,0.7902893,0.0015445924,0.0412268,0.0030251502,0.24086057,0.012587075,0.03564764,0.00829478,0.7902893,0.0015445924,"TWOGAUSSIANS_WITH_ELLIPSOIDAL_ON_ECLIPSE2",9,80.23595,0.7902893,0.0015445924,0.23087008,0.016940841,0.31215224,0.008007634,0.28548843,0.0021334698,0.31171116,0.031188516,0.20219487,0.02105828
375316653866487564,3560954812430344960,0.54628366,2033.8787359362207,2.959108097435809,1.4597892E-5,18.067415,0.012198182,0.7012812,0.0019860093,0.032341033,0.0037487661,0.59734035,0.047161914,null,null,null,null,null,null,0.08372623,0.014096713,0.7012812,0.0019860093,"ONEGAUSSIAN_WITH_ELLIPSOIDAL",6,32.626785,0.7012812,0.0019860093,0.1811098,0.02099309,0.7647926,0.043808863,null,null,null,null,null,null
375316653866487564,3561027788218030592,0.47290644,2072.2407221111694,1.2073863588806448,3.448389E-5,19.348286,0.0058947224,0.20141333,0.0014955901,0.021716485,0.0010652129,0.3225621,0.017043592,0.59897006,0.013201213,0.026017433,0.0034893365,0.055539865,0.022287106,null,null,null,null,"TWOGAUSSIANS",8,2.4382706,0.20141333,0.0014955901,0.12161232,0.005965192,0.3225621,0.017043592,0.59897006,0.013201213,0.14569762,0.019540284,0.055539865,0.022287106
375316653866487564,3561121074907432448,0.53983164,1974.7161713078094,4.2534291539912585,1.3004235E-5,17.672739,0.00848634,0.27009454,0.0024742333,0.053190336,0.008817987,0.1110836,0.022276182,0.7701349,0.013220457,0.04058903,0.015657287,0.11289818,0.02438006,0.08983965,0.010770525,0.27009454,0.0024742333,"TWOGAUSSIANS_WITH_ELLIPSOIDAL_ON_ECLIPSE1",9,10.223786,0.7701349,0.010781422,0.22729856,0.08768081,0.2925757,0.030729003,0.27009454,0.0024742333,0.29786587,0.049380727,0.2907611,0.015982898
375316653866487564,3561202821022124544,0.57623154,2016.6423092955981,3.8231007628754363,4.772515E-6,16.827131,0.008357234,0.20924969,0.0017496499,0.051082365,0.0059869946,0.13850275,0.021046696,0.71761435,0.0031422821,0.04272382,0.0037969064,0.24971484,0.024742268,0.11729761,0.013410835,0.20924969,0.0017496499,"TWOGAUSSIANS_WITH_ELLIPSOIDAL_ON_ECLIPSE1",9,27.00379,0.71761435,0.0031422821,0.23925339,0.021262677,0.48366138,0.0190867,0.20924969,0.0017496499,0.28606123,0.03352717,0.3730967,0.01227449
375316653866487564,3561212613547551744,0.62497836,2008.0477964764132,3.304331527127422,3.2459989E-6,16.79576,0.008076627,0.17641762,0.0018738041,0.05139801,0.0030446346,0.31100482,0.018868519,0.6832524,0.0010095306,0.047634877,0.0028149025,0.25779167,0.019948086,0.11295266,0.0126103535,0.6832524,0.0010095306,"TWOGAUSSIANS_WITH_ELLIPSOIDAL_ON_ECLIPSE2",9,14.845147,0.17731762,0.0016118254,0.28782883,0.017049953,0.53654677,0.0102672605,0.6832524,0.0010095306,0.2667553,0.015763454,0.48369527,0.00978825
375316653866487564,3561220172690008704,0.56255585,2050.2600158205205,2.888266779306737,1.0263396E-5,14.129969,0.014530811,0.26876572,0.0025731837,0.11034594,0.007999931,0.2347662,0.012323902,0.7717192,0.0027389012,0.104394384,0.007166386,0.22364262,0.013325745,null,null,null,null,"TWOGAUSSIANS",8,115.058754,0.26876572,0.0025731837,0.4,0.0,0.20525369,0.0076292735,0.7717192,0.0027503076,0.4,0.0,0.19414183,0.00544229
375316653866487564,3561221959395788672,0.55364746,2034.9058419218654,0.2131688644123841,1.4201734E-5,17.483221,0.0014181372,0.696965,0.0010311856,0.010631245,0.0015291339,0.2895586,0.09858908,0.85969365,0.019679064,0.02769711,0.018168334,0.009878029,0.008247649,null,null,null,null,"TWOGAUSSIANS",8,2.5611017,0.696965,0.0010311856,0.059534967,0.00856315,0.2895586,0.09858908,0.85969365,0.019679064,0.15510382,0.10174267,0.009878029,0.008247649
375316653866487564,3561236149967745152,0.5774718,2071.0175716195704,2.1261105160031817,8.739753E-6,13.054089,0.002593963,0.31212768,0.002936191,0.08605913,0.0038459061,0.120215215,0.0039489954,0.8135362,0.002672331,0.06932133,0.0018723498,0.321055,0.009380615,null,null,null,null,"TWOGAUSSIANS",8,85.85253,0.8135362,0.002672331,0.38819942,0.010485158,0.31906185,0.009351966,0.31212768,0.002936191,0.4,0.0,0.11822204,0.0039087613
375316653866487564,3561256795873755136,0.5691504,2057.0742281195844,3.7054696751112277,7.679091E-6,18.88776,0.0039130654,0.24747643,0.0041881357,0.07070752,0.0037850619,0.3638331,0.009090605,0.73959273,0.00226709,0.07406653,0.0023755769,0.40461925,0.01179212,null,null,null,null,"TWOGAUSSIANS",8,2.09137,0.73959273,0.00226709,0.4,0.0,0.40298617,0.011840581,0.24747643,0.0041881357,0.39596212,0.012860182,0.36220002,0.008787052
375316653866487564,3561323423703102080,0.5212974,2077.9761803754427,2.132378853251429,6.634908E-6,15.639162,7.474623E-4,0.67703205,2.7185972E-6,0.026733931,1.0243033E-4,0.9806707,0.0096141,null,null,null,null,null,null,null,null,null,null,"ONEGAUSSIAN",5,19.392996,0.67703205,2.7185972E-6,0.14971001,5.7360984E-4,0.9806707,0.0,null,null,null,null,null,null
375316653866487564,3561441037087656576,0.70579255,2079.5933507907143,2.694753280779194,1.7228771E-6,16.40355,9.089608E-4,0.123931766,6.571919E-5,0.010937345,6.477783E-5,0.9564439,0.002141646,null,null,null,null,null,null,null,null,null,null,"ONEGAUSSIAN",5,2.5699024,0.123931766,6.571919E-5,0.061249133,3.6275585E-4,0.9564439,0.0,null,null,null,null,null,null
375316653866487564,3561511508910155392,0.49365452,2149.6152273763073,1.1229613080252505,5.43505E-5,16.45362,0.0029092722,0.27720872,0.007218776,0.027467307,0.007071421,0.19709767,0.07649395,0.73923963,6.4811663E-4,0.03137896,0.00655128,0.426595,2.1181395,null,null,null,null,"TWOGAUSSIANS",8,10.788518,0.73923963,6.4811663E-4,0.17572217,0.03668717,0.426595,2.1181395,0.27720872,0.007218776,0.15381692,0.039599955,0.19709767,0.07649395
375316653866487564,3561524389516700416,0.5127933,2074.9908069682174,2.4881884287337153,3.135278E-5,19.619516,0.012522232,0.17129192,0.009894939,0.030508282,0.011444381,0.04752367,0.020715926,0.47710937,0.0048631104,0.0949904,0.007240709,0.31297365,0.011633145,null,null,null,null,"TWOGAUSSIANS",8,2.3712862,0.47710937,0.0048631104,0.4,0.0,0.31297305,0.011632745,0.17250192,0.011249606,0.17084637,0.06408853,0.04931622,0.020947605
375316653866487564,3561617092090540416,0.63957584,2025.5340088274231,3.2443993593693787,7.1051263E-6,18.104347,0.015631815,0.2670496,0.016466722,0.019919354,0.015958665,0.13603893,0.10827429,0.7543598,0.0024649561,0.030757451,0.0028248795,0.78249043,0.0758469,0.10856649,0.019062595,0.7543598,0.0024649561,"TWOGAUSSIANS_WITH_ELLIPSOIDAL_ON_ECLIPSE2",9,6.0177417,0.7543598,0.0024649561,0.17224173,0.015819326,0.99962324,0.071066335,0.2664496,0.015854627,0.11154839,0.08936853,0.35185954,0.1016814
375316653866487564,3561621322634019072,0.6560389,2088.553708099422,3.371076672267956,6.562593E-6,16.856249,0.012855717,0.3057673,0.0010237682,0.048160158,0.0030024995,0.56554276,0.029184971,0.8119097,0.009549973,0.046547987,0.009187674,0.36991033,0.12140207,0.12007017,0.018719865,0.3057673,0.0010237682,"TWOGAUSSIANS_WITH_ELLIPSOIDAL_ON_ECLIPSE1",9,9.880628,0.3057673,0.0010237682,0.2696969,0.016813997,0.80568177,0.029722879,0.8119097,0.009549973,0.26066872,0.05145098,0.6096918,0.127197
375316653866487564,3561716494813634816,0.5512945,2060.154027122953,3.1470541193508397,2.9071307E-5,17.17537,0.015757304,0.27911276,0.03506492,0.048407964,0.023609318,0.2761938,0.10589446,0.7751394,0.012666754,0.039420776,0.027351389,0.15825202,0.11756374,0.08633756,0.026335763,0.7751394,0.012666754,"TWOGAUSSIANS_WITH_ELLIPSOIDAL_ON_ECLIPSE2",9,30.94607,0.27870277,0.031845476,0.2710846,0.13221218,0.4487721,0.092157215,0.7751394,0.012666754,0.22075635,0.15316778,0.33092675,0.10788616
375316653866487564,3561763915548435328,0.635925,2078.276522277157,1.165913920936767,1.4494792E-5,11.324685,4.5447305E-4,0.11337443,0.036500707,0.015746007,0.0018056782,0.014316417,0.0072303214,0.66525036,3.0650364E-4,0.01279302,0.0017182718,1.4965221,0.7575676,null,null,null,null,"TWOGAUSSIANS",8,7.396747,0.66525036,3.0650364E-4,0.071640916,0.009622321,1.4965221,0.7575676,0.11337443,0.036500707,0.088177636,0.0101117985,0.014316417,0.0072303214
375316653866487564,3561788345322962432,0.5522028,2054.438931385941,3.2087383801443954,1.4950224E-5,13.770378,0.014206043,0.2602287,0.006934689,0.047195293,0.014633117,0.17793313,0.025904687,0.7527951,0.0025967616,0.049714047,0.0074097333,0.13713212,0.03294971,0.1244197,0.016921418,0.7527951,0.0025967616,"TWOGAUSSIANS_WITH_ELLIPSOIDAL_ON_ECLIPSE2",9,703.23425,0.2587587,0.00549628,0.26429364,0.08194546,0.42633608,0.019934658,0.7527951,0.0025967616,0.27839866,0.041494507,0.3859706,0.010259108
375316653866487564,3561843007370461696,0.5356797,2034.2527476668456,3.9151914789184294,2.1501624E-5,19.103325,0.0036998263,0.09040876,0.009937351,0.009086052,0.014439196,0.060923565,0.05183924,0.74309564,0.001283092,0.033469915,0.0016297717,0.33106968,0.022221176,null,null,null,null,"TWOGAUSSIANS",8,1.4391431,0.74309564,0.001283092,0.18743153,0.009126721,0.33106968,0.022221176,0.09040876,0.009937351,0.05088189,0.0808595,0.060923565,0.05183924
375316653866487564,3561926986867340032,0.5506376,2067.0767648436567,4.083804379100429,1.0628673E-5,15.3941145,0.0066349106,0.3198134,0.003994831,0.079992615,0.00645477,0.25233018,0.01951024,0.8063062,0.0026796805,0.081349924,0.003461697,0.25263146,0.007955833,null,null,null,null,"TWOGAUSSIANS",8,72.43714,0.8063062,0.0026796805,0.4,0.0,0.24944274,0.0072270846,0.3198134,0.003994831,0.4,0.0,0.24914148,0.02050353
375316653866487564,3561974575105012480,0.5227756,2056.9295032582413,2.702097715064968,2.250246E-5,14.314902,0.0035830254,0.24817345,0.0024196105,0.03921363,0.012635207,0.04000491,0.011347251,0.78022933,0.02797574,0.018763449,0.031264804,0.039114174,8.4532848E11,0.090255745,0.0045554833,0.24817345,0.0024196105,"TWOGAUSSIANS_WITH_ELLIPSOIDAL_ON_ECLIPSE1",9,201.58629,0.24817345,0.0024196105,0.21959634,0.07075716,0.22051618,0.011279701,0.78022933,0.02797574,0.105075315,0.1750829,0.21240108,8.4532848E11
375316653866487564,3562017318617775104,0.5237752,2082.131903843476,2.158313558414299,8.936899E-5,14.797329,0.0055120583,0.23934403,0.0029908794,0.0305817,0.002433151,0.49654463,0.07558003,0.7329359,0.008511395,0.048845988,0.005605943,0.45716298,0.02135656,null,null,null,null,"TWOGAUSSIANS",8,57.061443,0.23934403,0.0029908794,0.17125753,0.013625646,0.4965446,0.07558003,0.7329359,0.008511395,0.27353755,0.031393282,0.45716298,0.021356562
375316653866487564,3562037242971774720,0.5051176,2070.6552983056567,2.8881216468896134,1.1742989E-5,17.535585,0.013040088,0.3377522,0.028394021,0.16918,0.052669343,0.050772082,0.013436555,0.74832314,0.0022057218,0.043079272,0.0035382616,0.1943222,0.00863804,null,null,null,null,"TWOGAUSSIANS",8,6.95423,0.74832314,0.0022057218,0.24124391,0.019814264,0.19474219,0.008728118,0.3377522,0.028394021,0.4,0.0,0.048403256,0.010651371
375316653866487564,3562050097809842816,0.6206532,2090.614129388899,2.1617986863638357,1.0694354E-5,12.921504,0.008633468,0.25443256,0.0018689836,0.09246745,0.0049485606,0.3038593,0.011622072,0.7667456,0.008695014,0.09696718,0.010324154,0.19203594,0.0083412435,null,null,null,null,"TWOGAUSSIANS",8,36.206425,0.25443256,0.0018689836,0.4,0.0,0.2915241,0.013835145,0.7667456,0.008695014,0.4,0.0,0.17970031,0.007904748
375316653866487564,3562067410821341184,0.45218635,2080.09611360211,1.3536231704789379,3.9520586E-5,18.752348,0.006101483,0.5654271,0.014861592,0.02325315,0.027746351,0.088360265,0.27406842,0.78432316,0.0066771726,0.06799221,0.023066482,0.050409187,0.012279514,0.064923234,0.008543548,0.78432316,0.0066771726,"TWOGAUSSIANS_WITH_ELLIPSOIDAL_ON_ECLIPSE2",9,4.5860004,0.78432316,0.0066771726,0.38075638,0.076619245,0.18019682,0.010688243,0.5675471,0.014177923,0.13021764,0.15537956,0.0938244,0.27176774
375316653866487564,3562088748218958848,0.41660663,2121.739144604014,0.7525047824730284,6.0002145E-5,16.770178,0.055628356,null,null,null,null,null,null,null,null,null,null,null,null,0.1295807,0.06918354,0.16166063,0.017468117,"ELLIPSOIDAL",4,392.7553,null,null,null,null,null,null,null,null,null,null,null,null
375316653866487564,3562291509331021312,0.4772693,2048.4542066677773,1.240519539931043,1.0497294E-5,16.718218,0.0030468854,0.1504422,6.425595E-4,0.027163489,0.0010711951,0.11262531,0.0036279345,0.6347948,0.02839936,0.021894155,0.020916056,0.07042935,0.023980092,null,null,null,null,"TWOGAUSSIANS",8,11.784184,0.1504422,6.425595E-4,0.15211554,0.005998693,0.11262531,0.0036279345,0.6347948,0.02839936,0.12260727,0.117129914,0.07042935,0.023980092
375316653866487564,3562392939278868224,0.60537016,2130.9766555545575,2.556226171167544,6.9855855E-6,13.531596,0.0074681086,0.26552692,0.0035093443,0.1010844,0.006144608,0.21215281,0.0073620286,0.760271,0.0032078486,0.088099554,0.0053541707,0.24138564,0.010559366,null,null,null,null,"TWOGAUSSIANS",8,42.69269,0.760271,0.0032078486,0.4,0.0,0.22870272,0.011035299,0.26552692,0.0035093443,0.4,0.0,0.19946782,0.0029852577
375316653866487564,3562402869243230336,0.509921,2099.022226911961,2.793914865661578,1.4391321E-5,17.669134,0.004794972,0.40817633,0.008745601,0.05494464,0.008720818,0.0424144,0.006147274,0.7977239,0.0028043934,0.023471883,0.0026617344,0.29697037,0.03891077,null,null,null,null,"TWOGAUSSIANS",8,4.6052938,0.7977239,0.0028043934,0.13144255,0.014905713,0.29697037,0.03891077,0.40817633,0.008745601,0.30768996,0.04883658,0.0424144,0.006147274
375316653866487564,3562445333583958016,0.4689757,2083.86639896226,0.10921849719126926,5.221517E-5,17.37721,0.07375552,0.23196407,0.016119892,0.11109465,0.05565905,0.11933399,0.07054352,0.73795235,0.012384664,0.11374195,0.049660195,0.11809815,0.07028227,null,null,null,null,"TWOGAUSSIANS",8,6.5811734,0.23195407,0.016132345,0.4,0.0,0.10048222,0.040680934,0.7379623,0.012350815,0.4,0.0,0.09924076,0.009346334
375316653866487564,3562457707385623808,0.68522155,2130.6647749657773,3.740519031621316,4.4937387E-6,15.801527,0.008385039,0.22679003,0.00499071,0.04711733,0.004490488,0.45342296,0.041447412,0.7318611,0.0016720846,0.042633004,0.0012867717,0.54155827,0.019738382,0.104684144,0.012780194,0.7318611,0.0016720846,"TWOGAUSSIANS_WITH_ELLIPSOIDAL_ON_ECLIPSE2",9,23.841784,0.7318611,0.0016720846,0.23874483,0.0072059217,0.75092584,0.0081025055,0.22717002,0.0044731437,0.26385704,0.025146734,0.6625939,0.042490687
375316653866487564,3562470622351441920,0.51151913,2120.095018617408,4.258504141375527,2.04699E-5,19.206059,0.017945921,0.18877758,0.007041294,0.07609151,0.009529136,0.24850671,0.016566174,0.701214,0.00753826,0.08147767,0.015192743,0.27613842,0.030342488,null,null,null,null,"TWOGAUSSIANS",8,2.5321794,0.701214,0.00753826,0.4,0.0,0.27348882,0.03249382,0.18877758,0.007041294,0.4,0.0,0.2458571,0.013245183
375316653866487564,3562570682205430400,0.5338,2051.640426463445,1.1295095984635013,5.575395E-6,16.358896,0.0034285851,0.2654979,4.9082946E-4,0.02783119,0.0018925176,0.4903008,0.072816744,0.7692969,0.012255001,0.034919027,0.011230001,0.0676744,0.010200805,0.013475775,0.0054707304,0.2654979,4.9082946E-4,"TWOGAUSSIANS_WITH_ELLIPSOIDAL_ON_ECLIPSE1",9,6.606899,0.2654979,4.9082946E-4,0.15585466,0.010598099,0.5172524,0.08003853,0.7692969,0.012175183,0.19554657,0.06288801,0.094610594,0.0060123405
375316653866487564,3562671184440019584,0.5497475,2093.4253531593818,3.5089660136381204,1.5716287E-5,14.373082,0.06942282,0.28067446,0.025148027,0.041415207,0.08452339,0.030453624,0.24896424,0.79171824,0.0032229468,0.057179224,0.029464435,0.087178834,0.13998649,0.0688833,0.07282886,0.79171824,0.0032229468,"TWOGAUSSIANS_WITH_ELLIPSOIDAL_ON_ECLIPSE2",9,135.15082,0.79171824,0.0032229468,0.32020366,0.12518543,0.22493918,0.0158076,0.28488445,0.021950502,0.23192516,0.30860144,0.1678032,0.21844919
