Gaia/vari_eclipsing_binary/VariEclipsingBinary_483557-483572.csv
# %ECSV 1.0
# ---
# delimiter: ','
# meta: !!omap
# - RELEASE: Gaia DR3
# - TABLE: vari_eclipsing_binary
# - DESCRIPTION: >
#     This table describes the properties of the eclipsing binaries resulting from the variability analysis. 
# - CITATION: >
#     How to cite and acknowledge Gaia: 
#     https://gea.esac.esa.int/archive/documentation/credits.html 
# - KNOWN_ISSUES: >
#     Known issues: 
#     https://www.cosmos.esa.int/web/gaia-users/known-issues 
# - DOCUMENTATION: >
#     Tutorials and documentation: 
#     https://www.cosmos.esa.int/web/gaia-users/archive 
# datatype:
# - 
#   name: solution_id
#   datatype: int64
#   description: Solution Identifier
#   meta:
#     ucd: meta.version
# - 
#   name: source_id
#   datatype: int64
#   description: Unique source identifier
#   meta:
#     ucd: meta.id;meta.main
# - 
#   name: global_ranking
#   datatype: float32
#   description: Number between 0 (worst) and 1 (best)
#   meta:
#     ucd: stat.param
# - 
#   name: reference_time
#   datatype: float64
#   unit: d
#   description: Reference time used for the geometric model fit
#   meta:
#     ucd: time.epoch
# - 
#   name: frequency
#   datatype: float64
#   unit: d**-1
#   description: Frequency of geometric model of the eclipsing binary light curve
#   meta:
#     ucd: src.orbital
# - 
#   name: frequency_error
#   datatype: float32
#   unit: d**-1
#   description: "Uncertainty of \\texttt{frequency}"
#   meta:
#     ucd: stat.error
# - 
#   name: geom_model_reference_level
#   datatype: float32
#   unit: mag
#   description: Magnitude reference level of geometric model
#   meta:
#     ucd: phot.mag;em.opt
# - 
#   name: geom_model_reference_level_error
#   datatype: float32
#   unit: mag
#   description: "Uncertainty of \\texttt{geomModelReferenceLevel}"
#   meta:
#     ucd: stat.error;phot.mag;em.opt
# - 
#   name: geom_model_gaussian1_phase
#   datatype: float32
#   description: Phase of the Gaussian 1 component
#   meta:
#     ucd: time.phase
# - 
#   name: geom_model_gaussian1_phase_error
#   datatype: float32
#   description: "Uncertainty of \\texttt{geomModelGaussian1Phase}"
#   meta:
#     ucd: stat.error;time.phase
# - 
#   name: geom_model_gaussian1_sigma
#   datatype: float32
#   description: "Standard deviation [phase] of Gaussian 1 component"
#   meta:
#     ucd: stat.stdev
# - 
#   name: geom_model_gaussian1_sigma_error
#   datatype: float32
#   description: "Uncertainty of \\texttt{geomModelGaussian1Sigma}"
#   meta:
#     ucd: stat.error
# - 
#   name: geom_model_gaussian1_depth
#   datatype: float32
#   unit: mag
#   description: Magnitude depth of Gaussian 1 component
#   meta:
#     ucd: src.var.amplitude
# - 
#   name: geom_model_gaussian1_depth_error
#   datatype: float32
#   unit: mag
#   description: "Uncertainty of \\texttt{geomModelGaussian1Depth}"
#   meta:
#     ucd: stat.error;src.var.amplitude
# - 
#   name: geom_model_gaussian2_phase
#   datatype: float32
#   description: Phase of Gaussian 2 component
#   meta:
#     ucd: time.phase
# - 
#   name: geom_model_gaussian2_phase_error
#   datatype: float32
#   description: "Uncertainty of \\texttt{geomModelGaussian2Phase}"
#   meta:
#     ucd: stat.error;time.phase
# - 
#   name: geom_model_gaussian2_sigma
#   datatype: float32
[...]
#   datatype: float32
#   description: "Secondary eclipse: uncertainty of \\texttt{derivedSecondaryEclDuration}"
#   meta:
#     ucd: stat.error;time.duration
# - 
#   name: derived_secondary_ecl_depth
#   datatype: float32
#   unit: mag
#   description: "Secondary eclipse: depth"
#   meta:
#     ucd: src.var.amplitude
# - 
#   name: derived_secondary_ecl_depth_error
#   datatype: float32
#   unit: mag
#   description: "Secondary eclipse: uncertainty of \\texttt{derivedSecondaryEclDepth}"
#   meta:
#     ucd: stat.error;src.var.amplitude
solution_id,source_id,global_ranking,reference_time,frequency,frequency_error,geom_model_reference_level,geom_model_reference_level_error,geom_model_gaussian1_phase,geom_model_gaussian1_phase_error,geom_model_gaussian1_sigma,geom_model_gaussian1_sigma_error,geom_model_gaussian1_depth,geom_model_gaussian1_depth_error,geom_model_gaussian2_phase,geom_model_gaussian2_phase_error,geom_model_gaussian2_sigma,geom_model_gaussian2_sigma_error,geom_model_gaussian2_depth,geom_model_gaussian2_depth_error,geom_model_cosine_half_period_amplitude,geom_model_cosine_half_period_amplitude_error,geom_model_cosine_half_period_phase,geom_model_cosine_half_period_phase_error,model_type,num_model_parameters,reduced_chi2,derived_primary_ecl_phase,derived_primary_ecl_phase_error,derived_primary_ecl_duration,derived_primary_ecl_duration_error,derived_primary_ecl_depth,derived_primary_ecl_depth_error,derived_secondary_ecl_phase,derived_secondary_ecl_phase_error,derived_secondary_ecl_duration,derived_secondary_ecl_duration_error,derived_secondary_ecl_depth,derived_secondary_ecl_depth_error
[from data line 411]
375316653866487564,4253529009153144704,0.554646,2264.300442818238,3.760615222660426,1.1351106E-5,17.757011,0.018719546,0.29316223,0.0032926283,0.078985885,0.006198286,0.31931737,0.021537345,0.7809473,0.0037152085,0.09593134,0.007154921,0.35194036,0.023392918,null,null,null,null,"TWOGAUSSIANS",8,8.631282,0.7809473,0.0037152085,0.4,0.0,0.3427303,0.022547675,0.29316223,0.0032926283,0.4,0.0,0.31010842,0.019561559
375316653866487564,4253529077872337152,0.48738185,2319.6824102447627,0.026430874935907078,4.1136056E-5,19.657545,0.17198257,0.21830615,0.011580231,0.112354204,0.058076255,0.23008424,0.16528015,0.6924386,0.028705915,0.12128357,0.059762787,0.26161045,0.17092209,null,null,null,null,"TWOGAUSSIANS",8,2.160104,0.6924386,0.028705915,0.4,0.0,0.22261173,0.048935983,0.21848616,0.010759198,0.4,0.0,0.19119781,0.03547579
375316653866487564,4253529112232276608,0.4835529,2279.0827305645953,2.9879467412924026,1.6851112E-5,16.896273,0.009563303,0.26117274,0.0036412263,0.08358485,0.015832147,0.103750765,0.015729759,0.7606568,0.030657478,0.080922596,0.022922989,0.14206214,0.019805001,null,null,null,null,"TWOGAUSSIANS",8,4.027969,0.7606568,0.030657478,0.4,0.0,0.13970052,0.01813615,0.26117274,0.0036394463,0.4,0.0,0.10138914,0.017005201
375316653866487564,4253529352750668800,0.49348283,2335.5596674400317,2.507110091087513,1.8817478E-5,18.8742,0.02142201,0.25917396,0.010303092,0.0767167,0.013994571,0.18752784,0.021620758,0.80048525,0.014823638,0.1100188,0.01952729,0.19566771,0.023223544,null,null,null,null,"TWOGAUSSIANS",8,2.3039799,0.80048525,0.014823638,0.4,0.0,0.1900103,0.016109033,0.25913396,0.010284878,0.4,0.020562332,0.1819044,0.013969252
375316653866487564,4253529421566294656,0.6140848,2285.3701515306934,1.100331501387551,5.2484374E-5,15.504373,0.0023867928,0.2131829,0.089438245,0.07483924,0.069217555,0.08173399,8712.792,0.7368688,0.0025743314,0.03530993,0.0018824295,0.6241069,0.053418837,null,null,null,null,"TWOGAUSSIANS",8,24.249256,0.7368688,0.0025743314,0.19773561,0.010541605,0.6241034,0.05342051,0.2131829,0.089438245,0.4,0.35974428,0.08173049,8712.792
375316653866487564,4253529696444663040,0.50694466,2329.749126747172,0.933235283041781,3.6190955E-5,18.838284,0.23829894,0.3153265,0.0126192495,0.11662445,0.051117834,0.36702538,0.26732904,0.8013093,0.0063646054,0.078852385,0.046072513,0.79939044,0.1602526,null,null,null,null,"TWOGAUSSIANS",8,14.207886,0.8013093,0.0063646054,0.4,0.0,0.7692136,0.33846053,0.3153265,0.012525163,0.4,0.0,0.33676416,0.15814836
375316653866487564,4253529936866544768,0.5522421,2268.3051431740905,3.0245662564250204,2.5965406E-5,18.760324,0.016427258,0.16323012,0.0038664094,0.07776944,0.0051480876,0.41529378,0.030829191,0.6691835,0.0073247654,0.08204503,0.01204785,0.43706435,0.049213454,null,null,null,null,"TWOGAUSSIANS",8,3.908552,0.6691835,0.0073247654,0.4,0.0,0.4313863,0.05164193,0.16323012,0.0038664094,0.4,0.0,0.4096157,0.030134669
375316653866487564,4253530104369235456,0.57267576,2287.99222344595,0.27180784434315697,4.5651992E-5,16.162638,0.003222153,0.53974074,0.09932114,0.04971601,0.029367214,0.10641486,0.37703058,0.8942301,0.026473882,0.014923584,0.00920938,0.19206457,0.26619986,0.006190749,0.0022543948,0.8942301,0.026473882,"TWOGAUSSIANS_WITH_ELLIPSOIDAL_ON_ECLIPSE2",9,4.513228,0.8942301,0.026473882,0.08357207,0.051572524,0.20444606,0.26686165,0.53798074,0.09937619,0.27840966,0.1644564,0.1110937,0.376291
375316653866487564,4253530482326564224,0.5617679,2384.1195130487263,0.009905004048388387,5.9739046E-5,16.275585,0.0053654662,0.7629724,0.06642215,3.6791884E-4,0.0047214893,0.40845376,7.868609E36,null,null,null,null,null,null,0.0108544305,0.025991306,0.7629724,0.06642215,"ONEGAUSSIAN_WITH_ELLIPSOIDAL",6,89.562225,0.7629724,0.06642215,0.0020603454,0.02644034,0.4301626,7.868609E36,null,null,null,null,null,null
375316653866487564,4253530795872538752,0.5072177,2316.7387205612217,0.6141551615077904,2.9612871E-5,18.656668,0.016725305,0.29822826,0.017408226,0.041618764,0.01028426,0.33574516,0.064781204,0.79052347,0.031298157,0.05504031,0.050540995,1.2252172,1.2388353,null,null,null,null,"TWOGAUSSIANS",8,5.905208,0.79052347,0.031298157,0.30822572,0.10908073,1.2252158,1.2394689,0.29822826,0.017408226,0.23306508,0.057591856,0.33574373,0.0646554
375316653866487564,4253530933299822080,0.55575407,2305.1268953532995,2.7913499257802696,1.1419058E-5,18.736488,0.030377055,0.7441544,0.0059017763,0.044202715,0.00689466,0.6858068,0.07951945,null,null,null,null,null,null,0.16553535,0.03587345,0.7441544,0.0059017763,"ONEGAUSSIAN_WITH_ELLIPSOIDAL",6,16.706211,0.7441544,0.0059017763,0.24753521,0.038610097,1.016877,0.07777251,null,null,null,null,null,null
375316653866487564,4253530967659315072,0.49372107,2339.6591076669615,1.9397232755837044,2.142965E-5,18.90241,0.024249688,0.2612475,0.007081607,0.09170768,0.011715523,0.2974667,0.030597707,0.73068863,0.028248591,0.08367906,0.039425824,0.14698459,0.040878594,null,null,null,null,"TWOGAUSSIANS",8,3.6738575,0.2612475,0.007081607,0.4,0.0,0.2931187,0.028460702,0.73068863,0.028248591,0.4,0.10994202,0.14263718,0.04261833
375316653866487564,4253531135168632576,0.54411805,2224.137250415091,2.6112992829413773,1.8651594E-5,16.911766,0.80160433,0.2738092,0.014267614,0.1522567,0.08381053,0.48201847,0.54089034,0.7665213,0.010486693,0.23718096,0.19392656,0.6344143,0.7859829,null,null,null,null,"TWOGAUSSIANS",8,3.9804807,0.7665213,0.010486693,0.4,0.0,0.1586204,0.01749725,0.2787692,0.007996592,0.4,0.0,0.13951372,0.015457668
375316653866487564,4253531513118382080,0.6185339,2211.012817428212,0.8909021235945109,9.536204E-6,14.593067,0.006045382,0.31419826,0.03149131,0.030896137,0.03614521,0.074167415,0.033127464,0.81257385,0.0023457739,0.033997033,0.005353331,0.24450052,0.16377667,0.016872853,0.007696196,0.31419826,0.03149131,"TWOGAUSSIANS_WITH_ELLIPSOIDAL_ON_ECLIPSE1",9,24.58034,0.8125939,0.0019836496,0.19038339,0.029978653,0.27824274,0.16641855,0.31419826,0.03149131,0.17301837,0.20241319,0.1079131,0.030135246
375316653866487564,4253531581837953536,0.4663134,2212.5801179776076,0.21583236320997642,5.818057E-5,16.284603,0.0026930769,0.1611031,0.018534353,0.05360014,0.014503788,0.067052126,0.009292091,0.43625343,0.018111814,0.08551909,0.016076019,0.378747,0.114242524,null,null,null,null,"TWOGAUSSIANS",8,15.943237,0.43625343,0.018111814,0.4,0.0,0.37874663,0.11424418,0.1650531,0.016461214,0.3001608,0.081221215,0.0693505,0.007384977
375316653866487564,4253531581844281856,0.6289552,2208.3008795513233,1.0354860867872695,6.577721E-6,17.939823,0.0074377717,0.33088022,0.0018628743,0.056907285,0.0026284996,0.5429438,0.018238945,0.8417202,0.014192479,0.052762385,0.008596645,0.13428901,0.018330121,null,null,null,null,"TWOGAUSSIANS",8,4.030535,0.33088022,0.0018628743,0.3186808,0.014719598,0.54293317,0.018238155,0.8417202,0.014192479,0.29546937,0.04814121,0.13427834,0.018298684
375316653866487564,4253531620488358144,0.5048768,2255.980255671866,2.078512399872856,1.4757386E-5,17.91528,0.20804359,0.109618336,0.011837008,0.08975057,0.043304145,0.27405804,0.2026258,0.5894006,0.0041609732,0.0675185,0.021937685,0.5285839,0.19040832,null,null,null,null,"TWOGAUSSIANS",8,3.3276408,0.5894006,0.0041609732,0.37810364,0.06721256,0.5255893,0.14409626,0.109618336,0.011837008,0.4,0.014858023,0.27106324,0.15508598
375316653866487564,4253532269038861184,0.5282544,2193.50687465401,0.2620135187360497,1.215653E-4,13.81975,0.0059063192,0.28832906,0.01659395,0.03195235,0.011318507,0.15810429,0.036914036,0.793843,0.033320274,0.032073583,0.060452953,0.2172578,0.2350704,null,null,null,null,"TWOGAUSSIANS",8,141.27737,0.793843,0.033320274,0.17961207,0.21708353,0.2172578,0.23510137,0.28832906,0.01659395,0.17893317,0.06338364,0.15810429,0.03690889
375316653866487564,4253532273336467200,0.4573037,2207.6003100828384,3.834317793370048,4.6435E-5,18.518703,0.12229718,0.050936364,0.030633578,0.06105499,0.02032808,0.13991909,0.031570595,0.46275538,0.009453862,0.1978703,0.074593075,0.19790761,0.119261175,null,null,null,null,"TWOGAUSSIANS",8,0.8994501,0.46275538,0.009453862,0.4,0.0,0.17136306,0.020993205,0.056736365,0.028557286,0.34190795,0.11383725,0.13903813,0.023758065
375316653866487564,4253532307683432960,0.49916586,2255.3682425451298,3.0790557172521362,3.0221894E-5,18.115313,0.013461176,0.79711926,0.0048719193,0.039480213,0.009096924,0.15802038,0.049054556,null,null,null,null,null,null,0.08038259,0.020490974,0.79711926,0.0048719193,"ONEGAUSSIAN_WITH_ELLIPSOIDAL",6,5.7464375,0.79711926,0.0048719193,0.22108918,0.050942775,0.31878552,0.03815733,null,null,null,null,null,null
375316653866487564,4253532857540482432,0.69979364,2281.356059431842,2.2169454825898907,3.3818749E-6,16.262537,0.0039985445,0.2520176,0.0022991826,0.09116478,0.002475151,0.32097876,0.005834905,0.7464223,7.9527154E-4,0.08702753,0.0022027444,0.3456962,0.010778552,null,null,null,null,"TWOGAUSSIANS",8,2.2995837,0.7464223,7.9527154E-4,0.4,0.0,0.33381432,0.011626599,0.2520176,0.0022991826,0.4,0.0,0.30909672,0.0052788374
375316653866487564,4253532926165663872,0.56138605,2236.5213121585352,2.051627405112353,2.649861E-5,18.713327,0.004498755,0.31154203,0.048306473,0.04947644,0.05105488,0.15009642,11078.011,0.80741066,0.0033072901,0.033890642,0.0031998917,0.46228567,0.050603814,null,null,null,null,"TWOGAUSSIANS",8,2.4109275,0.80741066,0.0033072901,0.18978758,0.017919393,0.46228567,0.050603822,0.31154203,0.048306473,0.27706805,0.28590733,0.15009642,11078.011
375316653866487564,4253532926259943168,0.4983923,2226.900188632888,3.545207403319639,3.6796213E-5,15.72952,0.020747157,0.21089025,0.0103793,0.10606763,0.019982023,0.21494529,0.028837884,0.7503174,0.03444538,0.0621678,0.03432805,0.28424594,0.1358184,null,null,null,null,"TWOGAUSSIANS",8,148.56657,0.7503274,0.03443855,0.34813967,0.110575594,0.28158882,0.1448645,0.21089025,0.0103793,0.4,0.0,0.21227035,0.030484118
375316653866487564,4253533059314628992,0.55832046,2218.5561586430977,1.332863728549677,1.412418E-5,17.718065,0.004724978,0.78515124,0.002444268,0.04443698,0.0049285134,0.51975703,0.09393253,null,null,null,null,null,null,0.085836664,0.006493242,0.78515124,0.002444268,"ONEGAUSSIAN_WITH_ELLIPSOIDAL",6,7.098362,0.78515124,0.002444268,0.24884708,0.027599674,0.69143015,0.09682037,null,null,null,null,null,null
375316653866487564,4253533098058167168,0.6187642,2267.563336897536,1.4208729385472714,1.1396498E-4,15.159561,0.0010735256,0.596458,0.0010010661,0.04177174,0.0024555807,0.21773298,0.015074122,null,null,null,null,null,null,null,null,null,null,"ONEGAUSSIAN",5,4.975612,0.596458,0.0010010661,0.23392174,0.013751253,0.21773298,0.0,null,null,null,null,null,null
375316653866487564,4253533128026598912,0.53310263,2235.660184117525,1.0789963758855106,2.0732654E-5,15.977322,0.0059433742,0.27076775,0.061474383,0.058743928,0.031856034,0.10739285,0.04841241,0.7726716,0.009106441,0.06100059,0.013900796,0.062592946,0.015165208,null,null,null,null,"TWOGAUSSIANS",8,12.918612,0.27076775,0.061474383,0.328966,0.07039967,0.10736793,0.048059106,0.7726716,0.009106441,0.34160328,0.077844456,0.06256803,0.015129838
375316653866487564,4253533132317317376,0.58243334,2223.504920665941,1.3578629616163482,1.5223221E-5,17.539892,0.009495883,0.21332836,0.0034255737,0.07342304,0.004581616,0.32263905,0.017668985,0.7305621,0.033379637,0.07093231,0.0338697,0.16727822,0.032652486,null,null,null,null,"TWOGAUSSIANS",8,3.506056,0.21332836,0.0034255737,0.4,0.0,0.32188055,0.017640484,0.7305621,0.033379637,0.39722094,0.1746294,0.1665197,0.033133537
375316653866487564,4253533304122037888,0.51590747,2269.81696286282,2.8112797789641664,2.1511827E-5,17.890022,0.012711851,0.23357715,0.0047604353,0.06370827,0.0048510805,0.5370436,0.03234045,0.71332717,0.011158258,0.079473756,0.006958382,0.6733438,0.03956494,null,null,null,null,"TWOGAUSSIANS",8,10.839564,0.71332717,0.011158258,0.4,0.0,0.671699,0.039086238,0.23357715,0.0047604353,0.35676628,0.02716605,0.5353988,0.03255875
375316653866487564,4253533888344150912,0.59023976,2307.0515851049227,2.606323981789596,7.972763E-6,16.442343,0.012927717,0.3291942,0.0022033388,0.09264174,0.006956096,0.26096216,0.0134215765,0.8279401,0.0020883465,0.09350546,0.007196606,0.21763541,0.010817589,null,null,null,null,"TWOGAUSSIANS",8,7.2067327,0.3291942,0.0022033388,0.4,0.0,0.24828206,0.014154028,0.8279401,0.0020883465,0.4,0.0,0.2049553,0.008092552
375316653866487564,4253533952660528256,0.48602083,2303.572913668658,0.09973162384132649,1.1142475E-4,16.81394,0.0017249289,0.33951917,0.010492468,0.036512386,0.019810338,1.2955549,1.0383049,0.6385659,0.029088054,0.05152988,0.012675762,0.045543645,0.019918395,null,null,null,null,"TWOGAUSSIANS",8,4.335107,0.33951917,0.010492468,0.20446935,0.110937886,1.2955549,1.0383049,0.6385659,0.029088054,0.28856733,0.07098427,0.045543645,0.01991839
375316653866487564,4253534060036498688,0.580412,2310.2792733695046,1.2011462486504363,3.0430403E-5,16.212269,0.010813668,0.3143222,0.0039769677,0.07373971,0.0046235463,0.34920982,0.01776371,0.8288155,0.006781917,0.06852758,0.010879747,0.19744548,0.0112594785,null,null,null,null,"TWOGAUSSIANS",8,32.466434,0.3143222,0.0039769677,0.4,0.0010516853,0.34844497,0.017510692,0.8288155,0.006781917,0.38375446,0.04996234,0.19668064,0.011327404
375316653866487564,4253534369368903168,0.62143946,2292.6146287002507,3.214109473992111,1.1300917E-5,16.477436,0.017627144,0.1796189,0.0043699723,0.056014486,0.007721273,0.3057542,0.04176584,0.6838475,0.0047108144,0.05257494,0.006667336,0.24938633,0.047372412,0.104647085,0.021950934,0.1796189,0.0043699723,"TWOGAUSSIANS_WITH_ELLIPSOIDAL_ON_ECLIPSE1",9,13.949069,0.1796189,0.0043699723,0.31368113,0.04323913,0.51503134,0.019086393,0.6838475,0.0047108144,0.29441968,0.037337083,0.45851576,0.03472401
375316653866487564,4253534816057175424,0.6230992,2258.5118038545465,2.696763037053679,4.7613976E-5,17.529064,0.012519081,0.26920906,0.0062465984,0.08521672,0.010288336,0.44034016,0.0733202,0.77995676,0.0075212154,0.06320232,0.0077759856,0.5681716,0.023871744,null,null,null,null,"TWOGAUSSIANS",8,10.506704,0.77995676,0.0075212154,0.353933,0.04354552,0.565576,0.022776717,0.26920906,0.0062465984,0.4,0.0,0.4377445,0.0748729
375316653866487564,4253535297081970560,0.5973204,2255.695592071795,0.9942896740048098,1.7074433E-5,16.268919,0.0043780673,0.31295085,0.0017097354,0.047128838,0.0017345597,0.19367218,0.004582511,0.82066405,0.0071445312,0.06703275,0.009734959,0.08988268,0.0033977807,null,null,null,null,"TWOGAUSSIANS",8,4.546306,0.31295085,0.0017097354,0.26392147,0.009713534,0.19365995,0.0045634895,0.82066405,0.0071445312,0.37538338,0.042222373,0.089870445,0.003396573
375316653866487564,4253535979885015040,0.5317453,2281.301368314142,3.397967776078934,5.760687E-5,16.149357,0.0056027835,0.2717886,0.002216911,0.007490232,0.0015578575,0.19210629,0.05517591,0.6248398,3.7242367E-5,0.026816987,5.4038374E-4,0.71901995,0.01109916,null,null,null,null,"TWOGAUSSIANS",8,64.39633,0.6248398,3.7242367E-5,0.15017512,0.003026149,0.71901995,0.01109916,0.2717886,0.002216911,0.041945297,0.008724002,0.19210629,0.05517591
375316653866487564,4253536259067612544,0.47988835,2304.732117064803,0.1959782282218617,3.335491E-5,18.564669,0.008751489,0.23807378,0.021680158,0.09119187,0.035515826,0.11118244,0.017187214,0.83368117,0.01982543,0.0329874,0.016917871,0.26052776,483.85428,null,null,null,null,"TWOGAUSSIANS",8,1.1773943,0.83368117,0.01982745,0.18472946,0.09474008,0.26053125,483.85428,0.23807378,0.021680158,0.4,0.0,0.11117996,0.017216556
375316653866487564,4253536499585802112,0.46228215,2330.650476443208,2.594060085705992,7.975886E-5,18.440344,0.022153992,0.24702615,0.029418247,0.13916045,0.052976426,0.081946865,0.022146495,0.55089474,0.022570953,0.07889582,0.022573395,0.21470742,0.06387739,null,null,null,null,"TWOGAUSSIANS",8,3.6360903,0.55089474,0.022570953,0.4,0.03900769,0.22091848,0.066200085,0.24862614,0.029078664,0.4,0.0,0.08073787,0.018715465
