Gaia/vari_eclipsing_binary/VariEclipsingBinary_675192-675220.csv
# %ECSV 1.0
# ---
# delimiter: ','
# meta: !!omap
# - RELEASE: Gaia DR3
# - TABLE: vari_eclipsing_binary
# - DESCRIPTION: >
#     This table describes the properties of the eclipsing binaries resulting from the variability analysis. 
# - CITATION: >
#     How to cite and acknowledge Gaia: 
#     https://gea.esac.esa.int/archive/documentation/credits.html 
# - KNOWN_ISSUES: >
#     Known issues: 
#     https://www.cosmos.esa.int/web/gaia-users/known-issues 
# - DOCUMENTATION: >
#     Tutorials and documentation: 
#     https://www.cosmos.esa.int/web/gaia-users/archive 
# datatype:
# - 
#   name: solution_id
#   datatype: int64
#   description: Solution Identifier
#   meta:
#     ucd: meta.version
# - 
#   name: source_id
#   datatype: int64
#   description: Unique source identifier
#   meta:
#     ucd: meta.id;meta.main
# - 
#   name: global_ranking
#   datatype: float32
#   description: Number between 0 (worst) and 1 (best)
#   meta:
#     ucd: stat.param
# - 
#   name: reference_time
#   datatype: float64
#   unit: d
#   description: Reference time used for the geometric model fit
#   meta:
#     ucd: time.epoch
# - 
#   name: frequency
#   datatype: float64
#   unit: d**-1
#   description: Frequency of geometric model of the eclipsing binary light curve
#   meta:
#     ucd: src.orbital
# - 
#   name: frequency_error
#   datatype: float32
#   unit: d**-1
#   description: "Uncertainty of \\texttt{frequency}"
#   meta:
#     ucd: stat.error
# - 
#   name: geom_model_reference_level
#   datatype: float32
#   unit: mag
#   description: Magnitude reference level of geometric model
#   meta:
#     ucd: phot.mag;em.opt
# - 
#   name: geom_model_reference_level_error
#   datatype: float32
#   unit: mag
#   description: "Uncertainty of \\texttt{geomModelReferenceLevel}"
#   meta:
#     ucd: stat.error;phot.mag;em.opt
# - 
#   name: geom_model_gaussian1_phase
#   datatype: float32
#   description: Phase of the Gaussian 1 component
#   meta:
#     ucd: time.phase
# - 
#   name: geom_model_gaussian1_phase_error
#   datatype: float32
#   description: "Uncertainty of \\texttt{geomModelGaussian1Phase}"
#   meta:
#     ucd: stat.error;time.phase
# - 
#   name: geom_model_gaussian1_sigma
#   datatype: float32
#   description: "Standard deviation [phase] of Gaussian 1 component"
#   meta:
#     ucd: stat.stdev
# - 
#   name: geom_model_gaussian1_sigma_error
#   datatype: float32
#   description: "Uncertainty of \\texttt{geomModelGaussian1Sigma}"
#   meta:
#     ucd: stat.error
# - 
#   name: geom_model_gaussian1_depth
#   datatype: float32
#   unit: mag
#   description: Magnitude depth of Gaussian 1 component
#   meta:
#     ucd: src.var.amplitude
# - 
#   name: geom_model_gaussian1_depth_error
#   datatype: float32
#   unit: mag
#   description: "Uncertainty of \\texttt{geomModelGaussian1Depth}"
#   meta:
#     ucd: stat.error;src.var.amplitude
# - 
#   name: geom_model_gaussian2_phase
#   datatype: float32
#   description: Phase of Gaussian 2 component
#   meta:
#     ucd: time.phase
# - 
#   name: geom_model_gaussian2_phase_error
#   datatype: float32
#   description: "Uncertainty of \\texttt{geomModelGaussian2Phase}"
#   meta:
#     ucd: stat.error;time.phase
# - 
#   name: geom_model_gaussian2_sigma
#   datatype: float32
[...]
#   datatype: float32
#   description: "Secondary eclipse: uncertainty of \\texttt{derivedSecondaryEclDuration}"
#   meta:
#     ucd: stat.error;time.duration
# - 
#   name: derived_secondary_ecl_depth
#   datatype: float32
#   unit: mag
#   description: "Secondary eclipse: depth"
#   meta:
#     ucd: src.var.amplitude
# - 
#   name: derived_secondary_ecl_depth_error
#   datatype: float32
#   unit: mag
#   description: "Secondary eclipse: uncertainty of \\texttt{derivedSecondaryEclDepth}"
#   meta:
#     ucd: stat.error;src.var.amplitude
solution_id,source_id,global_ranking,reference_time,frequency,frequency_error,geom_model_reference_level,geom_model_reference_level_error,geom_model_gaussian1_phase,geom_model_gaussian1_phase_error,geom_model_gaussian1_sigma,geom_model_gaussian1_sigma_error,geom_model_gaussian1_depth,geom_model_gaussian1_depth_error,geom_model_gaussian2_phase,geom_model_gaussian2_phase_error,geom_model_gaussian2_sigma,geom_model_gaussian2_sigma_error,geom_model_gaussian2_depth,geom_model_gaussian2_depth_error,geom_model_cosine_half_period_amplitude,geom_model_cosine_half_period_amplitude_error,geom_model_cosine_half_period_phase,geom_model_cosine_half_period_phase_error,model_type,num_model_parameters,reduced_chi2,derived_primary_ecl_phase,derived_primary_ecl_phase_error,derived_primary_ecl_duration,derived_primary_ecl_duration_error,derived_primary_ecl_depth,derived_primary_ecl_depth_error,derived_secondary_ecl_phase,derived_secondary_ecl_phase_error,derived_secondary_ecl_duration,derived_secondary_ecl_duration_error,derived_secondary_ecl_depth,derived_secondary_ecl_depth_error
[from data line 297]
375316653866487564,5939191969335272320,0.493561,2284.3797154468284,2.6891327469234163,2.7638132E-5,17.317791,0.011229748,0.25938517,0.0064965296,0.07531385,0.0061522075,0.3104044,0.0220877,0.76171243,0.00602755,0.07935668,0.008993631,0.30451104,0.014357107,null,null,null,null,"TWOGAUSSIANS",8,29.440662,0.25938517,0.0064965296,0.4,0.0,0.30725545,0.021685714,0.76171243,0.00602755,0.4,0.0,0.3013621,0.013576423
375316653866487564,5939192416053854208,0.5415325,2230.956170552431,2.0270579788988816,1.2187529E-5,17.919722,0.041234408,0.24540791,0.0041607874,0.11715826,0.019710815,0.18096055,0.03895668,0.7464607,0.0060072984,0.11777485,0.026171902,0.1749544,0.036898475,null,null,null,null,"TWOGAUSSIANS",8,1.975387,0.24540791,0.0041650124,0.4,0.0,0.14439963,0.006131758,0.7464607,0.0060279067,0.4,0.0,0.13839093,0.0061275233
375316653866487564,5939192484737450624,0.5630337,2241.3239401660294,0.42244976779352733,6.697948E-5,19.545776,0.0061581098,0.22684358,0.006658815,0.03327562,0.0045904075,0.91651833,0.14642997,0.71948576,0.010505617,0.05091815,0.015828568,0.08198658,0.02475435,null,null,null,null,"TWOGAUSSIANS",8,1.2800066,0.22684358,0.006658815,0.18634348,0.02570628,0.91651833,0.14642997,0.71948576,0.010505617,0.28514165,0.08863998,0.08198657,0.02475466
375316653866487564,5939192828370744192,0.49884367,2254.376696090691,2.3292011358028706,3.3624732E-5,19.721727,0.090807155,0.32562613,0.006246072,0.096310504,0.017909314,0.43787533,0.08992842,0.8027931,0.010521904,0.10702523,0.03747551,0.41462785,0.055609625,null,null,null,null,"TWOGAUSSIANS",8,2.7136593,0.32564613,0.0061021135,0.4,0.0,0.4067522,0.037947983,0.8027931,0.010521904,0.4,0.0,0.3834842,0.054635156
375316653866487564,5939193343731150720,0.5489814,2242.0720401163876,3.4263881688104556,1.42139215E-5,18.658648,0.026816845,0.2860065,0.004270574,0.086167775,0.0111025665,0.27225274,0.023513643,0.78477466,0.003097979,0.08091841,0.010600406,0.33717105,0.021083295,null,null,null,null,"TWOGAUSSIANS",8,4.996194,0.78477466,0.003097979,0.4,0.0,0.33047003,0.013239842,0.2860065,0.004270574,0.4,0.0,0.26555172,0.017374776
375316653866487564,5939193446810474240,0.5237961,2262.067189855546,1.1961972274738644,1.9480653E-5,18.149904,0.0091645,0.095073976,0.007343353,0.08274546,0.008568511,0.1515466,0.016526397,0.5796952,0.003692158,0.08415869,0.007551485,0.28384808,0.019313468,null,null,null,null,"TWOGAUSSIANS",8,4.662615,0.5796952,0.003692158,0.4,0.0,0.28033146,0.020901674,0.095073976,0.007343353,0.4,0.0,0.14803001,0.016251177
375316653866487564,5939193893522723200,0.43681964,2259.598491026796,0.11423852479991153,3.7795777E-5,18.171938,0.036954448,0.43463,0.03164878,0.15213278,0.06410086,0.20624648,0.05743586,0.84959704,0.019817557,0.06440026,0.019180499,0.063225485,0.02553498,null,null,null,null,"TWOGAUSSIANS",8,4.9392557,0.43463,0.03164878,0.4,0.0,0.19919312,0.07188714,0.84959704,0.019817557,0.36064148,0.105749965,0.061296746,0.019889118
375316653866487564,5939194134005342592,0.46165746,2224.008199736526,2.251388493942977,3.4488567E-5,19.399054,0.08906887,0.24661501,0.0070112823,0.09046332,0.029938221,0.29070684,0.08684644,0.7640218,0.023715317,0.04332292,0.04030107,0.2639627,0.094491854,null,null,null,null,"TWOGAUSSIANS",8,5.289713,0.24661501,0.0070112823,0.4,0.0,0.29040885,0.07037603,0.7640218,0.023868997,0.24260835,0.15811858,0.2636649,0.076026544
375316653866487564,5939194202760355328,0.48696646,2230.01140480949,3.0574383201733926,1.8471652E-5,18.840921,0.01639527,0.20057072,0.0076958505,0.07109257,0.005672144,0.41810077,0.029208682,0.6807,0.009427868,0.06558108,0.012351356,0.35604265,0.039687216,null,null,null,null,"TWOGAUSSIANS",8,16.291134,0.20057072,0.0076958505,0.39811838,0.023860326,0.41754258,0.02870449,0.6807,0.009427868,0.36725408,0.05448794,0.35548443,0.04033166
375316653866487564,5939194305839592832,0.7037625,2241.1470244943434,1.2142017507508522,2.76342E-6,13.8978405,0.0069390717,0.24912876,0.002339869,0.057895754,0.0028170857,0.5256317,0.014716988,0.7627457,0.0012111707,0.054642897,0.008564393,0.07623967,0.01573747,0.08642777,0.010059088,0.7627457,0.0012111707,"TWOGAUSSIANS_WITH_ELLIPSOIDAL_ON_ECLIPSE2",9,50.254047,0.25021875,0.0021215489,0.32421622,0.01577568,0.6973061,0.007897871,0.7627457,0.0012111707,0.30600023,0.047960598,0.24907586,0.0068697874
375316653866487564,5939194408918833792,0.5958098,2249.3195952792275,0.34781253786056293,3.0764175E-4,16.668533,9.698415E-4,0.44421703,0.027305359,0.06294631,0.015036125,0.3030699,0.62431324,null,null,null,null,null,null,null,null,null,null,"ONEGAUSSIAN",5,2.7488797,0.44421703,0.027305359,0.35249937,0.0842023,0.3030699,0.0,null,null,null,null,null,null
375316653866487564,5939195955107062272,0.5625984,2247.527751515065,1.9340858999478707,2.5936164E-5,16.292616,0.020451076,0.26557025,0.0029164425,0.111035734,0.009240862,0.19713193,0.020185212,0.78057855,0.005394067,0.1063547,0.02159335,0.1175336,0.017197898,null,null,null,null,"TWOGAUSSIANS",8,6.338318,0.26556024,0.0029058205,0.4,0.0,0.17875202,0.004724278,0.78061855,0.005474672,0.4,0.0,0.09916755,0.0050050397
375316653866487564,5939196500508068352,0.40960905,2257.6181003606807,2.2398758782271093,6.202739E-5,18.667128,0.015366752,0.2691006,0.028502462,0.07856339,0.02741832,0.16475436,0.026306847,0.7727949,0.011278893,0.06931293,0.017104123,0.21132013,0.030742511,null,null,null,null,"TWOGAUSSIANS",8,19.187578,0.7727949,0.011278893,0.3881524,0.0461179,0.2102042,0.031549238,0.2691006,0.028502462,0.4,0.08744149,0.16363844,0.02557412
375316653866487564,5939196642266787328,0.54959494,2262.8551876716256,0.9691138957819048,1.352998E-5,18.531816,0.0026964797,0.27238813,0.0032258632,0.05007769,0.003374608,0.36424014,0.022795204,0.77618104,0.0048628743,0.045333344,0.005947169,0.09638111,0.0053587304,null,null,null,null,"TWOGAUSSIANS",8,1.7796564,0.27238813,0.0032258632,0.2804351,0.018897805,0.3642398,0.0227954,0.77618104,0.0048628743,0.25386673,0.033304144,0.09638077,0.005358892
375316653866487564,5939196741035453568,0.5289324,2246.382171543272,0.2544294904626786,3.2788237E-5,18.915379,0.0051994105,0.26428995,0.009069288,0.03908689,0.008053685,0.88277936,0.37191045,0.75623906,0.0036125716,0.053093627,0.0045859553,0.25173816,0.022143392,null,null,null,null,"TWOGAUSSIANS",8,4.739804,0.26428995,0.009069288,0.21888657,0.045100637,0.8827792,0.37191093,0.75623906,0.0036125716,0.2973243,0.025681349,0.25173795,0.022143552
375316653866487564,5939197295101975936,0.5300523,2265.3027464109427,1.1290797145630393,2.4744993E-5,19.34721,0.012287154,0.1996559,0.02247463,0.027420716,0.025412828,0.38736477,99.165985,0.69389015,0.0049741305,0.029482229,0.003834159,0.668925,0.06449954,null,null,null,null,"TWOGAUSSIANS",8,4.09735,0.69389015,0.0049741305,0.16510047,0.021471292,0.668925,0.06449954,0.1996559,0.02247463,0.153556,0.14231183,0.38736477,99.165985
375316653866487564,5939197638699325056,0.45576993,2249.517079310666,3.14985800503433,2.969369E-5,18.922516,0.022652285,0.30339655,0.0076178107,0.101109885,0.015875671,0.15814479,0.022826442,0.77848107,0.01393407,0.09531246,0.023554565,0.107795365,0.024155451,null,null,null,null,"TWOGAUSSIANS",8,3.0711946,0.30339655,0.00761799,0.4,0.0,0.15077609,0.01370662,0.77848107,0.01393407,0.4,0.0,0.10042896,0.015281919
375316653866487564,5939197668739036800,0.49592775,2254.451452874358,0.28290066944931624,1.0036388E-4,18.893948,0.0031210966,0.29877478,0.007518655,0.044768233,0.018341329,0.096041255,0.6199337,0.7326757,0.042664066,0.012092972,0.014321502,0.42491177,2.5774603,null,null,null,null,"TWOGAUSSIANS",8,2.0459514,0.7326757,0.042664066,0.067720644,0.08020041,0.42491177,2.5774603,0.29877478,0.007518655,0.2507021,0.10271145,0.096041255,0.6199337
375316653866487564,5939197737458543360,0.49174386,2274.0087123947533,2.20139971433739,3.0493255E-5,17.403004,0.02063186,0.15371148,0.007326513,0.056858208,0.016960513,0.14893435,0.020062285,0.6195048,0.020095993,0.08880881,0.024252113,0.28696373,0.016110985,null,null,null,null,"TWOGAUSSIANS",8,32.692005,0.6195048,0.020095993,0.4,0.0,0.28644302,0.016772673,0.15371148,0.007308028,0.31840596,0.09497888,0.14841396,0.018041315
375316653866487564,5939198085410963968,0.48407903,2243.3069028867403,0.816484313040456,1.0786266E-6,18.068243,0.004003445,0.06308165,2.1208157E-6,8.6563523E-4,1.3278535E-5,4.69689,0.4127243,0.25340995,0.02940917,0.0074945,0.026349233,0.063487224,0.047270987,null,null,null,null,"TWOGAUSSIANS",8,7.5344086,0.06308165,2.1208157E-6,0.0048475573,7.43598E-5,4.69689,0.4127243,0.25340995,0.02940917,0.0419692,0.14755571,0.063487224,0.047270987
375316653866487564,5939198119770713216,0.42437953,2278.183705834243,0.03199440623018679,1.5112516E-4,16.458954,0.0031514924,0.18282148,0.043760706,0.05701022,0.028759556,0.09237912,0.015460146,0.5155943,0.0031305498,0.039832205,0.007646356,0.26601118,0.25719166,null,null,null,null,"TWOGAUSSIANS",8,6.3023357,0.5155943,0.0031305498,0.22306034,0.042819593,0.26601118,0.25719133,0.18282148,0.043760706,0.3192572,0.1057417,0.09237912,0.015460157
375316653866487564,5939198944370500224,0.50243324,2251.527934657844,1.1674701019616918,2.0738586E-5,19.528362,0.016971115,0.2571716,0.007396937,0.08977287,0.011974442,0.261586,0.023619829,0.7400832,0.0052104527,0.09323311,0.01133556,0.23105958,0.018313942,null,null,null,null,"TWOGAUSSIANS",8,1.84767,0.2571716,0.007396937,0.4,0.0,0.25252214,0.023770513,0.7400832,0.0052104527,0.4,0.0,0.22199547,0.017661564
375316653866487564,5939199524167670144,0.5306596,2255.4245075056724,1.3904405063505687,2.9810211E-5,16.476202,0.028050493,0.23009092,0.02153834,0.0628873,0.02216827,0.15247282,0.064352885,0.743591,0.00658271,0.05250518,0.012247329,0.22866428,0.050615154,0.084526025,0.03517553,0.743591,0.00658271,"TWOGAUSSIANS_WITH_ELLIPSOIDAL_ON_ECLIPSE2",9,53.35627,0.743591,0.00658271,0.29402903,0.06858504,0.3976899,0.032951437,0.23356092,0.017640477,0.35216892,0.124142304,0.320596,0.020152712
375316653866487564,5939199769003657216,0.50664574,2271.646550286749,3.2106479439119697,3.5504247E-5,19.262274,0.013894445,0.25639728,0.004312878,0.058643185,0.007425625,0.2944283,0.025195342,0.7519665,0.02901048,0.06805094,0.020213744,0.23860998,0.07238909,null,null,null,null,"TWOGAUSSIANS",8,2.8076942,0.25639728,0.004312878,0.32840183,0.041583497,0.294239,0.025132664,0.7519665,0.02901048,0.3810853,0.055451125,0.23842072,0.07217779
375316653866487564,5939200211360038272,0.5459517,2247.9789501316923,2.7657800489283075,9.910022E-6,17.791199,0.0064797415,0.34188515,0.031070692,0.027786389,0.034720037,0.16934828,0.25393158,0.7200573,0.0031518452,0.040925283,0.015484868,0.0925408,0.5759244,0.12363451,0.0081666615,0.7200573,0.0031518452,"TWOGAUSSIANS_WITH_ELLIPSOIDAL_ON_ECLIPSE2",9,6.8714657,0.7200573,0.0031518452,0.22918159,0.08671526,0.33980975,0.57330656,0.33461514,0.08235577,0.15560378,0.1944322,0.30346125,0.21720906
375316653866487564,5939200215685399936,0.55377454,2239.744528368936,1.2666828251970847,2.1308737E-5,19.268225,0.012841996,0.23542479,0.0033249168,0.049071804,0.0067694834,0.14482702,0.013516576,0.73722893,0.005779755,0.03636427,0.004372854,1.1944057,0.28013882,null,null,null,null,"TWOGAUSSIANS",8,3.9965346,0.73722893,0.005779755,0.2036399,0.024487982,1.1944057,0.2801389,0.23542479,0.0033249168,0.27480212,0.03790911,0.14482701,0.013516508
375316653866487564,5939200417518532480,0.56578153,2243.758197808315,3.087307861214015,2.5981666E-5,18.55345,0.023726972,0.25422224,0.0025970188,0.0640264,0.0106379455,0.19321027,0.051153228,0.7560714,0.0054778783,0.039977185,0.008488503,0.16603136,0.07967964,0.08244159,0.029460834,0.25422224,0.0025970188,"TWOGAUSSIANS_WITH_ELLIPSOIDAL_ON_ECLIPSE1",9,5.056896,0.25422224,0.0025970188,0.35854784,0.05957249,0.35800007,0.010814366,0.7560714,0.0054667857,0.22387223,0.047535617,0.3307989,0.027227124
375316653866487564,5939200421873265920,0.5014551,2254.429616688536,2.9698727666552935,4.262059E-5,18.762394,0.67879796,0.2593776,0.009614709,0.09844963,0.036129996,0.48337784,0.24612704,0.78109246,0.017315947,0.19940852,0.23506738,0.32152864,0.6430544,null,null,null,null,"TWOGAUSSIANS",8,5.839754,0.2576376,0.0064124838,0.4,0.0,0.36969364,0.04687342,0.78111243,0.017327156,0.4,0.0,0.17917655,0.03708036
375316653866487564,5939200902875690368,0.6157002,2228.192652818186,2.498447216607405,6.8396944E-6,18.561575,0.013218586,0.124385014,0.002547877,0.04683673,0.0046110316,0.28016925,0.03361384,0.6221309,0.0018526589,0.049583986,0.0038772132,0.3898455,0.027992666,0.10545349,0.018171208,0.124385014,0.002547877,"TWOGAUSSIANS_WITH_ELLIPSOIDAL_ON_ECLIPSE1",9,1.9438925,0.62234086,0.0015800932,0.27767032,0.021712394,0.60071254,0.017516878,0.124385014,0.002547877,0.26228568,0.025821777,0.49107456,0.010182841
375316653866487564,5939201345232952192,0.49738017,2233.2706385953666,1.6653335939073313,9.297758E-6,18.267273,0.006766126,0.18023948,0.02029815,0.0102667725,0.010182035,0.18617743,1.8570426,0.5537847,0.003369791,0.032506768,0.0021160976,0.5603492,0.04593602,null,null,null,null,"TWOGAUSSIANS",8,20.626535,0.5537847,0.003369791,0.1820379,0.011850147,0.5603492,0.04593602,0.18023948,0.02029815,0.057493925,0.057019394,0.18617743,1.8570426
375316653866487564,5939202036745609472,0.517771,2220.8620122449324,1.317217685910781,9.238809E-6,19.850374,0.008835857,0.40207428,0.0055505983,0.016991839,0.00817883,0.19428912,0.013415779,0.6831486,0.0013823987,0.01718925,0.0019985817,0.8889641,0.3633536,null,null,null,null,"TWOGAUSSIANS",8,2.1393874,0.6831486,0.0013823987,0.096259795,0.011192057,0.8889641,0.3633536,0.40207428,0.0055505983,0.0951543,0.04580145,0.19428912,0.013415779
375316653866487564,5939202444743065472,0.4502794,2259.756964340391,3.1278989639787045,3.1980846E-5,18.17956,0.043545708,0.22189273,0.009329165,0.09986828,0.025683772,0.1619633,0.04130402,0.70544827,0.009243972,0.100530796,0.0351636,0.17469102,0.032484066,null,null,null,null,"TWOGAUSSIANS",8,9.753492,0.70544827,0.009243972,0.4,0.0,0.16253822,0.029240042,0.22189273,0.009301714,0.4,0.0,0.1498109,0.018359244
375316653866487564,5939202586537548288,0.44923234,2223.193201886468,0.2155343671052667,4.8720707E-5,19.604708,0.005481671,0.31506515,0.032655265,0.07273943,0.022245636,0.0768355,0.051496696,0.81327003,0.017443186,0.020430103,0.011427686,0.17600647,0.1362652,null,null,null,null,"TWOGAUSSIANS",8,1.6216365,0.81327003,0.017443186,0.11440858,0.06399504,0.17600639,0.13626511,0.31506515,0.032655265,0.4,0.07711337,0.07683542,0.051496983
375316653866487564,5939202685270195328,0.5033207,2246.246118914188,3.960785485059592,1.7923678E-5,18.975422,0.016493687,0.20543979,0.009077419,0.020199422,0.011370753,0.22501896,0.07692046,0.7579346,0.020396762,0.043566946,0.013706576,0.17298305,0.029149346,0.17077014,0.021830386,0.20543979,0.009077419,"TWOGAUSSIANS_WITH_ELLIPSOIDAL_ON_ECLIPSE1",9,11.454868,0.20543979,0.009077419,0.11311676,0.063676216,0.56655926,0.06971954,0.7579346,0.020396762,0.2439749,0.07675683,0.47869495,0.036626715
375316653866487564,5939202792702014208,0.6409136,2264.2732585127283,1.0855417688523226,6.3081443E-6,17.173206,0.0049889414,0.27022922,0.003156462,0.04288592,0.0046987967,0.15629773,0.011412422,0.77005905,0.0019431916,0.049168628,0.0031344395,0.15377015,0.010968043,0.077961676,0.0064105256,0.27022922,0.003156462,"TWOGAUSSIANS_WITH_ELLIPSOIDAL_ON_ECLIPSE1",9,2.7964454,0.27022922,0.003156462,0.24016115,0.026313262,0.31222042,0.0039471127,0.77008903,0.0015207786,0.2753443,0.017552862,0.30969268,0.005125403
375316653866487564,5939202827019806336,0.41840017,2263.222811527059,0.4198410578994618,3.7960457E-5,19.236847,0.261867,0.21955152,0.008391048,0.063876964,0.029195238,0.36005715,1.0738351,0.6656313,0.021723574,0.23566458,0.13080017,0.28400782,0.24982114,null,null,null,null,"TWOGAUSSIANS",8,7.796426,0.22193152,0.009027743,0.35771102,0.16349334,0.33049557,1.1020412,0.6656313,0.021723574,0.4,0.0,0.18899372,0.021659443
