Gaia/vari_eclipsing_binary/VariEclipsingBinary_473136-473180.csv
# %ECSV 1.0
# ---
# delimiter: ','
# meta: !!omap
# - RELEASE: Gaia DR3
# - TABLE: vari_eclipsing_binary
# - DESCRIPTION: >
#     This table describes the properties of the eclipsing binaries resulting from the variability analysis. 
# - CITATION: >
#     How to cite and acknowledge Gaia: 
#     https://gea.esac.esa.int/archive/documentation/credits.html 
# - KNOWN_ISSUES: >
#     Known issues: 
#     https://www.cosmos.esa.int/web/gaia-users/known-issues 
# - DOCUMENTATION: >
#     Tutorials and documentation: 
#     https://www.cosmos.esa.int/web/gaia-users/archive 
# datatype:
# - 
#   name: solution_id
#   datatype: int64
#   description: Solution Identifier
#   meta:
#     ucd: meta.version
# - 
#   name: source_id
#   datatype: int64
#   description: Unique source identifier
#   meta:
#     ucd: meta.id;meta.main
# - 
#   name: global_ranking
#   datatype: float32
#   description: Number between 0 (worst) and 1 (best)
#   meta:
#     ucd: stat.param
# - 
#   name: reference_time
#   datatype: float64
#   unit: d
#   description: Reference time used for the geometric model fit
#   meta:
#     ucd: time.epoch
# - 
#   name: frequency
#   datatype: float64
#   unit: d**-1
#   description: Frequency of geometric model of the eclipsing binary light curve
#   meta:
#     ucd: src.orbital
# - 
#   name: frequency_error
#   datatype: float32
#   unit: d**-1
#   description: "Uncertainty of \\texttt{frequency}"
#   meta:
#     ucd: stat.error
# - 
#   name: geom_model_reference_level
#   datatype: float32
#   unit: mag
#   description: Magnitude reference level of geometric model
#   meta:
#     ucd: phot.mag;em.opt
# - 
#   name: geom_model_reference_level_error
#   datatype: float32
#   unit: mag
#   description: "Uncertainty of \\texttt{geomModelReferenceLevel}"
#   meta:
#     ucd: stat.error;phot.mag;em.opt
# - 
#   name: geom_model_gaussian1_phase
#   datatype: float32
#   description: Phase of the Gaussian 1 component
#   meta:
#     ucd: time.phase
# - 
#   name: geom_model_gaussian1_phase_error
#   datatype: float32
#   description: "Uncertainty of \\texttt{geomModelGaussian1Phase}"
#   meta:
#     ucd: stat.error;time.phase
# - 
#   name: geom_model_gaussian1_sigma
#   datatype: float32
#   description: "Standard deviation [phase] of Gaussian 1 component"
#   meta:
#     ucd: stat.stdev
# - 
#   name: geom_model_gaussian1_sigma_error
#   datatype: float32
#   description: "Uncertainty of \\texttt{geomModelGaussian1Sigma}"
#   meta:
#     ucd: stat.error
# - 
#   name: geom_model_gaussian1_depth
#   datatype: float32
#   unit: mag
#   description: Magnitude depth of Gaussian 1 component
#   meta:
#     ucd: src.var.amplitude
# - 
#   name: geom_model_gaussian1_depth_error
#   datatype: float32
#   unit: mag
#   description: "Uncertainty of \\texttt{geomModelGaussian1Depth}"
#   meta:
#     ucd: stat.error;src.var.amplitude
# - 
#   name: geom_model_gaussian2_phase
#   datatype: float32
#   description: Phase of Gaussian 2 component
#   meta:
#     ucd: time.phase
# - 
#   name: geom_model_gaussian2_phase_error
#   datatype: float32
#   description: "Uncertainty of \\texttt{geomModelGaussian2Phase}"
#   meta:
#     ucd: stat.error;time.phase
# - 
#   name: geom_model_gaussian2_sigma
#   datatype: float32
[...]
#   datatype: float32
#   description: "Secondary eclipse: uncertainty of \\texttt{derivedSecondaryEclDuration}"
#   meta:
#     ucd: stat.error;time.duration
# - 
#   name: derived_secondary_ecl_depth
#   datatype: float32
#   unit: mag
#   description: "Secondary eclipse: depth"
#   meta:
#     ucd: src.var.amplitude
# - 
#   name: derived_secondary_ecl_depth_error
#   datatype: float32
#   unit: mag
#   description: "Secondary eclipse: uncertainty of \\texttt{derivedSecondaryEclDepth}"
#   meta:
#     ucd: stat.error;src.var.amplitude
solution_id,source_id,global_ranking,reference_time,frequency,frequency_error,geom_model_reference_level,geom_model_reference_level_error,geom_model_gaussian1_phase,geom_model_gaussian1_phase_error,geom_model_gaussian1_sigma,geom_model_gaussian1_sigma_error,geom_model_gaussian1_depth,geom_model_gaussian1_depth_error,geom_model_gaussian2_phase,geom_model_gaussian2_phase_error,geom_model_gaussian2_sigma,geom_model_gaussian2_sigma_error,geom_model_gaussian2_depth,geom_model_gaussian2_depth_error,geom_model_cosine_half_period_amplitude,geom_model_cosine_half_period_amplitude_error,geom_model_cosine_half_period_phase,geom_model_cosine_half_period_phase_error,model_type,num_model_parameters,reduced_chi2,derived_primary_ecl_phase,derived_primary_ecl_phase_error,derived_primary_ecl_duration,derived_primary_ecl_duration_error,derived_primary_ecl_depth,derived_primary_ecl_depth_error,derived_secondary_ecl_phase,derived_secondary_ecl_phase_error,derived_secondary_ecl_duration,derived_secondary_ecl_duration_error,derived_secondary_ecl_depth,derived_secondary_ecl_depth_error
[from data line 183]
375316653866487564,4161904536247260800,0.60258716,2428.956880510641,2.56506452231265,7.4093573E-6,17.673803,0.015137006,0.24927114,0.0032252509,0.044994317,0.005418339,0.24633019,0.03975003,0.741809,0.0012599856,0.0456594,0.0024653513,0.71886635,0.030100148,0.09743474,0.01974562,0.24927114,0.0032252509,"TWOGAUSSIANS_WITH_ELLIPSOIDAL_ON_ECLIPSE1",9,14.226295,0.742129,0.0011656379,0.25569263,0.013805967,0.91332525,0.018856572,0.24927114,0.0032252509,0.25196818,0.030342696,0.44119895,0.027445607
375316653866487564,4161905021579148672,0.46195835,2403.083771510911,2.8039681350736343,2.242659E-5,19.181236,0.04123586,0.22053248,0.011353234,0.108147584,0.024469258,0.17910285,0.042334482,0.7244548,0.00585031,0.08950182,0.017402362,0.23049076,0.039754443,null,null,null,null,"TWOGAUSSIANS",8,4.566503,0.7244548,0.0058501055,0.4,0.0,0.21506827,0.02226592,0.22053248,0.011353234,0.4,0.0,0.16367215,0.02151735
375316653866487564,4161906155478066944,0.5674372,2418.214830278152,2.968209259418425,1.4825778E-5,16.409607,0.04596916,0.28342015,0.0017525683,0.05951436,0.016945498,0.16935128,0.08184051,0.78519946,0.004237682,0.049052957,0.021485144,0.11824063,0.08645438,0.083892286,0.04589416,0.28342015,0.0017525683,"TWOGAUSSIANS_WITH_ELLIPSOIDAL_ON_ECLIPSE1",9,21.835203,0.28342015,0.0017525683,0.3332804,0.07097359,0.3371108,0.014028593,0.78519946,0.004224474,0.27469656,0.1203168,0.28597915,0.011655753
375316653866487564,4161908040949298560,0.6312451,2373.402321951423,0.8379042705424701,8.429331E-6,17.995117,0.004181637,0.3054848,0.0043277387,0.03275253,0.0031144405,0.9498014,0.058948424,0.811314,0.0039397576,0.034706425,0.00399867,0.085846975,0.0065610483,null,null,null,null,"TWOGAUSSIANS",8,4.064763,0.3054848,0.0043277387,0.18341418,0.017440867,0.9498014,0.058948424,0.811314,0.0039397576,0.19435598,0.022392552,0.085846975,0.0065610483
375316653866487564,4161908079593858048,0.4721757,2368.225846855461,3.3735494790085236,2.3372522E-5,18.88964,0.0032593696,null,null,null,null,null,null,null,null,null,null,null,null,0.06467889,0.004962055,0.2547162,0.004756345,"ELLIPSOIDAL",4,2.283131,null,null,null,null,null,null,null,null,null,null,null,null
375316653866487564,4161908487625458304,0.55502695,2394.8632909382395,0.06725407974456814,1.8176119E-5,18.544405,0.005832509,0.16985567,5.9080403E-4,0.010447664,0.0011231675,0.35354125,0.037414037,0.6482693,0.04329623,0.12725084,0.046506133,0.029711638,0.0056167366,null,null,null,null,"TWOGAUSSIANS",8,1.1507679,0.16985567,5.9080403E-4,0.058506917,0.0062897373,0.35353398,0.037416544,0.6482693,0.04329623,0.4,0.0,0.02967236,0.005504523
375316653866487564,4161908491940374400,0.4855065,2397.8561595553265,2.972392218095399,2.5466625E-5,16.021223,0.19756362,0.2948419,0.006513143,0.13526013,0.04952166,0.21234825,0.18127413,0.801759,0.006669506,0.14313161,0.061034165,0.20454003,0.18487343,null,null,null,null,"TWOGAUSSIANS",8,25.799055,0.29453188,0.006147316,0.4,0.0,0.13396014,0.0118995,0.80198896,0.0063149654,0.4,0.0,0.12568907,0.015975388
375316653866487564,4161908659424164480,0.4397048,2453.8670343737485,0.9757883622244533,1.18380385E-5,19.805584,0.00949596,0.326304,0.0040180464,0.03169464,0.0033673712,0.28019148,0.036133405,0.7907834,0.01722526,0.03862501,0.017206836,0.08884956,0.032886986,null,null,null,null,"TWOGAUSSIANS",8,2.6898296,0.326304,0.0040180464,0.17749,0.018857278,0.28019148,0.036133405,0.7907834,0.01722526,0.21630006,0.09635828,0.08884956,0.032886986
375316653866487564,4161909758927411200,0.4582492,2397.5673414057487,0.040006597992727884,2.978544E-5,19.819986,0.008084091,0.27831417,0.014294732,0.05365617,0.009179089,0.20237614,0.015853971,0.537805,0.009560138,0.03145431,0.06540213,0.1206263,0.016431168,null,null,null,null,"TWOGAUSSIANS",8,1.9875603,0.27831417,0.013840208,0.30047455,0.0514029,0.20237614,0.017551923,0.537805,0.009560138,0.17614414,0.22882444,0.120627984,0.016433217
375316653866487564,4161910003740483328,0.48004934,2405.1936028217506,2.947719345483653,1.3475045E-5,19.630579,0.036313392,0.32122594,0.006159484,0.08161467,0.0123178065,0.3202123,0.038983922,0.83067167,0.0052402783,0.089257896,0.013619992,0.32715124,0.048937213,null,null,null,null,"TWOGAUSSIANS",8,1.8025403,0.83067167,0.0052402783,0.4,0.0,0.31955406,0.046311468,0.32122594,0.006159484,0.4,0.0,0.31261525,0.032824628
375316653866487564,4161911756115281664,0.54090166,2391.208584084881,1.067440396363561,2.0014284E-5,17.350203,0.005588128,0.22621797,0.0060888655,0.041006252,0.026469573,0.16211016,0.029135665,0.7137648,0.007019755,0.03226256,0.007642632,0.03387712,0.008549597,null,null,null,null,"TWOGAUSSIANS",8,3.9838803,0.22621797,0.0060888655,0.22963502,0.14822961,0.16211016,0.029136585,0.7137648,0.007019755,0.18067034,0.04279874,0.03387712,0.008549189
375316653866487564,4161912134043068160,0.54667544,2369.7636518019026,2.5769315655517895,1.3414925E-5,19.301296,0.007192304,0.27179453,0.002856346,0.075967416,0.004526803,0.32093337,0.017463675,0.7768804,0.0030324596,0.082137175,0.0039727064,0.40591052,0.013346347,null,null,null,null,"TWOGAUSSIANS",8,1.078933,0.7768804,0.0030324596,0.4,0.0,0.40150654,0.013415446,0.27179453,0.002856346,0.4,0.0,0.31652942,0.018076345
375316653866487564,4161912168402821632,0.5051145,2371.216281617921,1.4428255282281746,1.2532106E-5,19.006916,0.006098515,0.25374004,0.006673395,0.049512923,0.008473808,0.31906265,0.061028153,0.7548268,0.0036281743,0.049155768,0.00424274,0.33182657,0.04729817,null,null,null,null,"TWOGAUSSIANS",8,3.353648,0.7548268,0.0036281743,0.2752723,0.023759345,0.33182493,0.047299385,0.25374004,0.006673395,0.27727237,0.047453325,0.319061,0.061033368
375316653866487564,4161912752547736576,0.6957619,2364.510807651817,2.597917206234284,4.0745185E-6,15.788122,0.0077795708,0.21556066,0.0011731632,0.048456304,0.0027455979,0.41712314,0.020619508,0.71889436,0.0011854451,0.045868054,0.0021755858,0.38349304,0.018538985,0.13167635,0.011774055,0.21556066,0.0011731632,"TWOGAUSSIANS_WITH_ELLIPSOIDAL_ON_ECLIPSE1",9,23.929039,0.21556066,0.0011731632,0.2713553,0.015375348,0.68047494,0.016256869,0.71889436,0.0011854451,0.25686112,0.012183281,0.6467293,0.0073807817
375316653866487564,4161912821267202304,0.54933435,2381.496511937865,3.57026242428918,8.788055E-6,17.493675,0.010266531,0.25945914,0.0022897564,0.09144233,0.005567619,0.23660506,0.01061368,0.75871146,0.003226964,0.09270327,0.0073232227,0.23590817,0.009426817,null,null,null,null,"TWOGAUSSIANS",8,4.849884,0.25945914,0.0022897564,0.4,0.0,0.22489108,0.0087713795,0.75871146,0.003226964,0.4,0.0,0.22419412,0.0070500434
375316653866487564,4161913130504878592,0.5748362,2364.1030637877493,0.5489581659657482,5.93264E-6,17.922926,0.0035839954,0.22164752,0.001619713,0.031017497,0.0017255798,0.48324308,0.02228615,0.7215102,0.0027028925,0.03332104,0.0042050094,0.58089286,0.13668777,null,null,null,null,"TWOGAUSSIANS",8,6.0593476,0.7215102,0.0027028925,0.18659784,0.023548054,0.58089286,0.13668777,0.22164752,0.001619713,0.17369798,0.0096632475,0.48324308,0.02228615
375316653866487564,4161913989470339328,0.51227397,2395.363118476184,2.5682565091748377,1.6862996E-5,19.610292,0.021904742,0.25942507,0.009218114,0.08033568,0.01481101,0.4762781,0.025449064,0.7409182,0.0041286144,0.07700011,0.006479211,0.4520605,0.028358186,null,null,null,null,"TWOGAUSSIANS",8,2.443455,0.25942507,0.009218114,0.4,0.0,0.47220975,0.02701865,0.7409182,0.0041286144,0.4,0.0,0.44799215,0.027314432
375316653866487564,4161914333067852032,0.47566682,2385.449123499917,2.6876485352640067,2.6176866E-5,19.30093,0.041586064,0.25549197,0.0057646185,0.105684966,0.018749349,0.22691579,0.039790746,0.7629848,0.0052938755,0.1137628,0.02092865,0.22201802,0.037871752,null,null,null,null,"TWOGAUSSIANS",8,1.9343442,0.25548196,0.005780007,0.4,0.0,0.19602406,0.016181603,0.7629948,0.0053104428,0.4,0.0,0.19110338,0.014365692
375316653866487564,4161915050335699968,0.44943565,2401.697877618347,2.4024733044680024,4.2004976E-5,19.288252,0.053466212,0.26727462,0.008664936,0.07482494,0.031981353,0.25481737,0.07356194,0.79545414,0.017674662,0.09892306,0.03264684,0.23765846,0.053109847,null,null,null,null,"TWOGAUSSIANS",8,7.306756,0.26727462,0.008676392,0.4,0.020343745,0.25005162,0.07989572,0.79545414,0.017673159,0.4,0.0,0.23288983,0.04244205
375316653866487564,4161916768314375552,0.50156695,2404.5110164023226,0.7218961354998458,6.2999534E-5,18.777395,0.0060964227,0.25157756,0.008023312,0.04594546,0.0069357627,0.0861426,0.013421035,0.73802394,0.0070586866,0.04942182,0.0049634245,0.36762053,0.035028968,null,null,null,null,"TWOGAUSSIANS",8,2.9795372,0.73802394,0.0070586866,0.2767622,0.027795179,0.36762035,0.03502896,0.25157756,0.008023312,0.2572946,0.03884027,0.08614241,0.013420965
375316653866487564,4161917253673996160,0.5106706,2417.583864844686,0.4164362879627104,4.6747533E-5,15.22971,0.0041240244,0.23073006,0.0085190395,0.026576206,0.0055592232,0.32405746,0.021066934,0.71183336,0.0134920785,0.022258222,0.007626324,0.076710865,0.02800514,0.0130031,0.0055590644,0.23073006,0.0085190395,"TWOGAUSSIANS_WITH_ELLIPSOIDAL_ON_ECLIPSE1",9,169.99484,0.23073006,0.0085190395,0.14882676,0.031131651,0.3500636,0.016329434,0.7120834,0.012992888,0.124646045,0.042707413,0.102356814,0.028404122
375316653866487564,4161917592948937216,0.45788777,2426.2556126580466,0.212968328325687,3.4260087E-5,17.284718,0.0038508873,0.37207076,0.007038492,0.010844277,0.004844145,0.15854664,0.49631348,0.8863297,0.085482545,0.033570804,0.07251549,0.014677693,0.058847442,0.023162728,0.007776141,0.37207076,0.007038492,"TWOGAUSSIANS_WITH_ELLIPSOIDAL_ON_ECLIPSE1",9,12.027888,0.37207076,0.007038492,0.060727954,0.027127212,0.2048721,0.49599773,0.8863297,0.08527529,0.1879965,0.40608674,0.060632303,0.060895994
375316653866487564,4161918009564153984,0.49732333,2437.5291646257815,2.769531315218968,3.474725E-5,19.12705,0.21130499,0.24698769,0.0072484287,0.11808285,0.036368936,0.28952935,0.17287254,0.7652632,0.011856697,0.15497085,0.09656757,0.19199504,0.20409569,null,null,null,null,"TWOGAUSSIANS",8,1.8033805,0.24621768,0.0058155637,0.4,0.0,0.21832266,0.012101874,0.7654832,0.011409527,0.4,0.0,0.11862532,0.014451504
375316653866487564,4161918524989621504,0.5143539,2394.8534731649856,2.742145495350591,1.1769191E-5,18.951094,0.023359517,0.26042783,0.016069643,0.03087027,0.035625182,0.16474494,null,0.7470554,0.01427265,0.044218272,0.013473974,0.17064936,0.072770506,0.08882195,0.040831298,0.26042783,0.016069643,"TWOGAUSSIANS_WITH_ELLIPSOIDAL_ON_ECLIPSE1",9,4.3139353,0.7489054,0.010334267,0.24762231,0.07545425,0.34721434,0.045400035,0.26042783,0.016069643,0.17287351,0.19950101,0.3423887,null
375316653866487564,4161919383950020608,0.49134666,2435.2834483884085,3.0699960752677886,1.6691427E-5,19.275171,0.0039411797,null,null,null,null,null,null,null,null,null,null,null,null,0.08945088,0.0061722365,0.15442906,0.0055882065,"ELLIPSOIDAL",4,1.4089528,null,null,null,null,null,null,null,null,null,null,null,null
375316653866487564,4161919418309753856,0.50803983,2405.226028941614,2.409229671675885,2.0398835E-5,18.113188,0.0024609747,0.77218103,0.0050778454,0.07072245,0.02005635,0.033733122,0.008444614,null,null,null,null,null,null,0.04116149,0.0032938854,0.77218103,0.0050778454,"ONEGAUSSIAN_WITH_ELLIPSOIDAL",6,1.9836553,0.77218103,0.0050778454,0.3960457,0.08819714,0.11599155,0.006863746,null,null,null,null,null,null
375316653866487564,4161919723258076288,0.6007659,2442.24903454451,1.6872815385537694,3.4061108E-5,18.2094,0.008509505,0.30978647,0.0019975957,0.042728987,0.0022810095,0.77004516,0.036173046,0.8065473,0.006140774,0.041197274,0.00514185,0.15031599,0.025206942,0.037483778,0.009656932,0.30978647,0.0019975957,"TWOGAUSSIANS_WITH_ELLIPSOIDAL_ON_ECLIPSE1",9,4.5366006,0.30978647,0.0019975957,0.23928234,0.012773653,0.84501255,0.03715011,0.8067473,0.0058425115,0.23070472,0.028794361,0.22525425,0.018074388
375316653866487564,4161919761934492672,0.5222231,2426.3216066146183,2.9609630723054274,1.6499842E-5,19.186981,0.0257522,0.28420827,0.007555722,0.10311357,0.01636676,0.22686285,0.024894476,0.7671156,0.009333805,0.09533564,0.013653913,0.26819712,0.025709132,null,null,null,null,"TWOGAUSSIANS",8,1.9059384,0.7671156,0.009333805,0.4,0.0,0.25173938,0.015519381,0.28420827,0.007555722,0.4,0.0,0.21040125,0.0145535795
375316653866487564,4161920380410222592,0.6305905,2426.4434156670636,1.3428730535338766,4.9126897E-6,16.418531,0.0020243872,0.23719957,0.0016046554,0.06971464,0.0018356532,0.32626903,0.0046157236,0.74095005,0.0024396987,0.0858969,0.0032885007,0.12500834,0.0030602294,null,null,null,null,"TWOGAUSSIANS",8,3.9133067,0.23719957,0.0016046554,0.390402,0.010279658,0.3242781,0.0046652406,0.74095005,0.0024396987,0.4,0.0,0.123017386,0.0030591562
375316653866487564,4161920483466090752,0.47564438,2430.1471455132373,2.2502580516073833,1.6987095E-5,19.840391,0.015094122,0.17154741,0.006729109,0.06733669,0.011257189,0.22973011,0.06647331,0.8523653,0.008487709,0.05189518,0.006003586,0.33855352,0.032890998,null,null,null,null,"TWOGAUSSIANS",8,2.0434823,0.8523653,0.008487899,0.290613,0.03362008,0.3385565,0.032894675,0.17154741,0.006729109,0.3770855,0.062117033,0.22973007,0.06647335
375316653866487564,4161920620903419136,0.60718954,2437.374022964984,2.790020726158538,1.2551705E-5,17.660095,0.008829918,0.26904202,0.0023587437,0.0924448,0.0033022817,0.3854698,0.01107607,0.76610595,0.0034290233,0.093773045,0.0051133684,0.35228238,0.010640157,null,null,null,null,"TWOGAUSSIANS",8,4.832689,0.26904202,0.0023587437,0.4,0.0,0.36627018,0.008605903,0.76610595,0.0034290233,0.4,0.0,0.33308265,0.010543675
375316653866487564,4161921136324241408,0.6417316,2421.2818691937546,1.6185597463569805,3.5187813E-6,14.826626,0.003199373,0.2429315,8.4164727E-4,0.08073907,0.0017231443,0.4252608,0.0045505725,0.7443497,0.0016145688,0.08677123,0.0020377205,0.37289676,0.0074983905,null,null,null,null,"TWOGAUSSIANS",8,47.65011,0.2429315,8.4164727E-4,0.4,0.0,0.4162678,0.004853182,0.7443497,0.0016145688,0.4,0.0,0.36390373,0.007868505
375316653866487564,4161921406885032064,0.48734152,2431.458173347176,0.32472791370614545,1.13869E-5,18.24174,0.003363103,0.31545588,0.037347935,0.097661436,0.063698664,0.06827863,2.2700508,0.81733453,0.0031034292,0.040327013,0.0059318286,0.09099553,0.004428346,null,null,null,null,"TWOGAUSSIANS",8,1.7206962,0.81733453,0.0031034292,0.22583129,0.03321824,0.0908156,0.0044129957,0.31545588,0.037347935,0.4,0.15116496,0.06809842,2.2702734
375316653866487564,4161922441970331776,0.44244748,2432.4140681131908,3.0451401465125687,7.3803196E-5,19.267878,0.031991392,0.22768411,0.060703874,0.048679236,0.05854615,0.1080945,0.031015646,0.7537214,0.01293674,0.055354018,0.027961014,0.2125956,0.06767552,null,null,null,null,"TWOGAUSSIANS",8,4.4555717,0.7537214,0.01293674,0.3099825,0.11906381,0.21259472,0.06904966,0.22768411,0.060703874,0.27260372,0.20541783,0.10809363,0.029070366
375316653866487564,4161922746910732800,0.5902631,2391.440387161206,1.2575094870295715,4.2009206E-6,18.387985,0.0034450653,0.29393002,0.010888931,0.048953835,0.009650625,0.13096735,0.015620014,0.78822917,0.0029189505,0.04802496,0.0035570979,0.34554031,0.009139451,null,null,null,null,"TWOGAUSSIANS",8,2.0479834,0.78822917,0.0029189505,0.2689398,0.019919747,0.34553978,0.0091395285,0.29393002,0.010888931,0.2741415,0.0540435,0.13096683,0.01562002
375316653866487564,4161923026109644672,0.50099665,2412.350972953999,3.1628637326721276,1.3246385E-5,19.438536,0.23612064,0.24742539,0.005107703,0.118514754,0.040817525,0.42029816,0.22972979,0.753087,0.0036156445,0.10643387,0.03626945,0.3596448,0.22689743,null,null,null,null,"TWOGAUSSIANS",8,2.090046,0.24742539,0.0052100406,0.4,0.0,0.35798654,0.03464186,0.753107,0.0038096448,0.4,0.0,0.29743814,0.03703418
