Gaia/vari_eclipsing_binary/VariEclipsingBinary_475415-475588.csv
# %ECSV 1.0
# ---
# delimiter: ','
# meta: !!omap
# - RELEASE: Gaia DR3
# - TABLE: vari_eclipsing_binary
# - DESCRIPTION: >
#     This table describes the properties of the eclipsing binaries resulting from the variability analysis. 
# - CITATION: >
#     How to cite and acknowledge Gaia: 
#     https://gea.esac.esa.int/archive/documentation/credits.html 
# - KNOWN_ISSUES: >
#     Known issues: 
#     https://www.cosmos.esa.int/web/gaia-users/known-issues 
# - DOCUMENTATION: >
#     Tutorials and documentation: 
#     https://www.cosmos.esa.int/web/gaia-users/archive 
# datatype:
# - 
#   name: solution_id
#   datatype: int64
#   description: Solution Identifier
#   meta:
#     ucd: meta.version
# - 
#   name: source_id
#   datatype: int64
#   description: Unique source identifier
#   meta:
#     ucd: meta.id;meta.main
# - 
#   name: global_ranking
#   datatype: float32
#   description: Number between 0 (worst) and 1 (best)
#   meta:
#     ucd: stat.param
# - 
#   name: reference_time
#   datatype: float64
#   unit: d
#   description: Reference time used for the geometric model fit
#   meta:
#     ucd: time.epoch
# - 
#   name: frequency
#   datatype: float64
#   unit: d**-1
#   description: Frequency of geometric model of the eclipsing binary light curve
#   meta:
#     ucd: src.orbital
# - 
#   name: frequency_error
#   datatype: float32
#   unit: d**-1
#   description: "Uncertainty of \\texttt{frequency}"
#   meta:
#     ucd: stat.error
# - 
#   name: geom_model_reference_level
#   datatype: float32
#   unit: mag
#   description: Magnitude reference level of geometric model
#   meta:
#     ucd: phot.mag;em.opt
# - 
#   name: geom_model_reference_level_error
#   datatype: float32
#   unit: mag
#   description: "Uncertainty of \\texttt{geomModelReferenceLevel}"
#   meta:
#     ucd: stat.error;phot.mag;em.opt
# - 
#   name: geom_model_gaussian1_phase
#   datatype: float32
#   description: Phase of the Gaussian 1 component
#   meta:
#     ucd: time.phase
# - 
#   name: geom_model_gaussian1_phase_error
#   datatype: float32
#   description: "Uncertainty of \\texttt{geomModelGaussian1Phase}"
#   meta:
#     ucd: stat.error;time.phase
# - 
#   name: geom_model_gaussian1_sigma
#   datatype: float32
#   description: "Standard deviation [phase] of Gaussian 1 component"
#   meta:
#     ucd: stat.stdev
# - 
#   name: geom_model_gaussian1_sigma_error
#   datatype: float32
#   description: "Uncertainty of \\texttt{geomModelGaussian1Sigma}"
#   meta:
#     ucd: stat.error
# - 
#   name: geom_model_gaussian1_depth
#   datatype: float32
#   unit: mag
#   description: Magnitude depth of Gaussian 1 component
#   meta:
#     ucd: src.var.amplitude
# - 
#   name: geom_model_gaussian1_depth_error
#   datatype: float32
#   unit: mag
#   description: "Uncertainty of \\texttt{geomModelGaussian1Depth}"
#   meta:
#     ucd: stat.error;src.var.amplitude
# - 
#   name: geom_model_gaussian2_phase
#   datatype: float32
#   description: Phase of Gaussian 2 component
#   meta:
#     ucd: time.phase
# - 
#   name: geom_model_gaussian2_phase_error
#   datatype: float32
#   description: "Uncertainty of \\texttt{geomModelGaussian2Phase}"
#   meta:
#     ucd: stat.error;time.phase
# - 
#   name: geom_model_gaussian2_sigma
#   datatype: float32
[...]
#   datatype: float32
#   description: "Secondary eclipse: uncertainty of \\texttt{derivedSecondaryEclDuration}"
#   meta:
#     ucd: stat.error;time.duration
# - 
#   name: derived_secondary_ecl_depth
#   datatype: float32
#   unit: mag
#   description: "Secondary eclipse: depth"
#   meta:
#     ucd: src.var.amplitude
# - 
#   name: derived_secondary_ecl_depth_error
#   datatype: float32
#   unit: mag
#   description: "Secondary eclipse: uncertainty of \\texttt{derivedSecondaryEclDepth}"
#   meta:
#     ucd: stat.error;src.var.amplitude
solution_id,source_id,global_ranking,reference_time,frequency,frequency_error,geom_model_reference_level,geom_model_reference_level_error,geom_model_gaussian1_phase,geom_model_gaussian1_phase_error,geom_model_gaussian1_sigma,geom_model_gaussian1_sigma_error,geom_model_gaussian1_depth,geom_model_gaussian1_depth_error,geom_model_gaussian2_phase,geom_model_gaussian2_phase_error,geom_model_gaussian2_sigma,geom_model_gaussian2_sigma_error,geom_model_gaussian2_depth,geom_model_gaussian2_depth_error,geom_model_cosine_half_period_amplitude,geom_model_cosine_half_period_amplitude_error,geom_model_cosine_half_period_phase,geom_model_cosine_half_period_phase_error,model_type,num_model_parameters,reduced_chi2,derived_primary_ecl_phase,derived_primary_ecl_phase_error,derived_primary_ecl_duration,derived_primary_ecl_duration_error,derived_primary_ecl_depth,derived_primary_ecl_depth_error,derived_secondary_ecl_phase,derived_secondary_ecl_phase_error,derived_secondary_ecl_duration,derived_secondary_ecl_duration_error,derived_secondary_ecl_depth,derived_secondary_ecl_depth_error
[from data line 333]
375316653866487564,4182835599804139520,0.50333303,2245.991720458465,0.04804267545664614,2.2277773E-4,19.26674,0.009930357,0.16599299,0.025203133,0.051080845,0.019859256,0.32253832,0.06633509,0.73485804,0.0042106565,0.015758544,0.0033365113,0.4194357,0.12392556,null,null,null,null,"TWOGAUSSIANS",8,4.91036,0.73485804,0.0042106565,0.08824784,0.018684464,0.4194357,0.12392556,0.16599299,0.025203133,0.28605273,0.11121184,0.32253832,0.06633509
375316653866487564,4182836866818320768,0.4990381,2230.514425126634,3.258458110979642,2.796854E-5,17.765978,0.015270838,0.22248298,0.011999173,0.075445,0.015722066,0.18640745,0.024264405,0.7287095,0.00852732,0.09432541,0.011751114,0.21031487,0.026489288,null,null,null,null,"TWOGAUSSIANS",8,7.8051853,0.7287095,0.00852732,0.4,0.0,0.20566802,0.026444165,0.22248298,0.011999173,0.4,0.0,0.18176095,0.02509102
375316653866487564,4182839237640202368,0.45287466,2184.9937321655543,0.09182869398130117,3.1731535E-5,17.733934,0.15640828,0.21136901,0.011721084,0.19623362,0.11942728,0.15964071,0.14852294,0.65237254,0.015765646,0.048931032,0.014526051,0.20312591,0.05646343,null,null,null,null,"TWOGAUSSIANS",8,2.2993584,0.65237254,0.015765646,0.2740138,0.08134588,0.19705583,0.051708303,0.21136901,0.011721084,0.4,0.0,0.13803324,0.02453391
375316653866487564,4182839787396110464,0.51214284,2184.5918949819625,3.7019400569476355,1.5729986E-5,19.459942,0.013539281,0.20246567,0.0055331155,0.080134496,0.008358814,0.30200133,0.018593969,0.6998713,0.0039790343,0.065217026,0.004818434,0.30005792,0.020208944,null,null,null,null,"TWOGAUSSIANS",8,1.5532197,0.20246567,0.0055331155,0.4,0.0,0.30048406,0.018655745,0.6998713,0.0039790343,0.36521533,0.026983231,0.29854065,0.019910246
375316653866487564,4182844219802131584,0.63086903,2189.055939740052,0.7647844656559862,2.0568317E-5,17.921041,0.009051683,0.23238838,0.0030844058,0.030935522,0.0029604356,0.9080097,0.07774441,0.74945945,0.004485171,0.030433694,0.005851078,0.27933738,0.026886055,0.06215591,0.01075724,0.74945945,0.004485171,"TWOGAUSSIANS_WITH_ELLIPSOIDAL_ON_ECLIPSE2",9,6.2111797,0.23255838,0.0030477338,0.17323892,0.01657844,1.0309112,0.069097936,0.74945945,0.004485171,0.17042868,0.032766037,0.40364918,0.028839456
375316653866487564,4182844425960588544,0.4755162,2176.160797584684,0.02917665039708713,1.5766262E-5,18.343641,0.0077135637,0.16052213,0.012350358,0.08597352,0.024470948,0.054866735,0.0076441346,0.69036794,0.0010136046,0.016865227,9.614142E-4,0.27660784,0.014976959,null,null,null,null,"TWOGAUSSIANS",8,3.6485367,0.69036794,0.0010136046,0.09444527,0.0053839195,0.2766077,0.014976405,0.16052213,0.012350358,0.4,0.0,0.054866545,0.007642711
375316653866487564,4182844670779408640,0.6297699,2191.8107412799436,2.814057565804132,6.6761686E-6,14.990338,0.011604386,0.26986805,0.0013617311,0.094436094,0.003635871,0.30582577,0.01153085,0.76556265,0.0011850717,0.092998356,0.004506665,0.3078176,0.010157383,null,null,null,null,"TWOGAUSSIANS",8,28.047306,0.76556265,0.0011850717,0.4,0.0,0.2913771,0.0071772374,0.26986805,0.0013617311,0.4,0.0,0.2893851,0.00779267
375316653866487564,4182846521904609920,0.4502396,2250.438378810607,0.14734160015938136,4.421753E-5,19.06108,0.019662464,0.44473252,0.029571483,0.048102293,0.02501947,0.34976625,0.23941082,0.7326795,0.014103441,0.034801368,0.009977736,0.12327739,0.033220194,null,null,null,null,"TWOGAUSSIANS",8,4.2012873,0.44473252,0.029571483,0.26937285,0.14010903,0.34976625,0.23941082,0.7326795,0.014103441,0.19488765,0.055875316,0.123277396,0.033220187
375316653866487564,4182850404555136896,0.6589854,2197.1539078145706,3.80942628642867,5.8041487E-6,17.959364,0.0032047958,0.13309655,0.003190824,0.03395338,0.0018637439,0.43960312,0.037315287,0.65669733,0.0016266723,0.03047666,0.0021730643,0.30616012,0.01915734,0.16440383,0.007884373,0.65669733,0.0016266723,"TWOGAUSSIANS_WITH_ELLIPSOIDAL_ON_ECLIPSE2",9,2.3429866,0.13458654,0.0029911953,0.19013894,0.010436966,0.7616817,0.032789838,0.65669733,0.0016266723,0.17066929,0.01216916,0.6349672,0.0244382
375316653866487564,4182851164769945600,0.5934827,2155.662628463605,3.380616198264451,6.1214005E-6,16.959803,0.014015119,0.36102667,0.0037285492,0.071189344,0.004942576,0.5736175,0.05945174,0.8663945,0.0012188825,0.065019034,0.0071772053,0.81667715,0.21908283,null,null,null,null,"TWOGAUSSIANS",8,33.700165,0.8663945,0.0012188825,0.36410657,0.035989597,0.8152892,0.2200608,0.36102667,0.0037285492,0.39866033,0.013061238,0.57222956,0.05982736
375316653866487564,4182856211351306624,0.59319437,2219.223654473845,1.8839392901242533,1.315505E-5,18.15614,0.017293183,0.23477443,0.004241637,0.07348263,0.008182042,0.24272156,0.013588111,0.7228159,0.0057676313,0.08142772,0.008796248,0.404207,0.025601787,null,null,null,null,"TWOGAUSSIANS",8,4.5503097,0.7228159,0.0057676313,0.4,0.0,0.4015193,0.026016293,0.23477443,0.004241637,0.4,0.013142974,0.24003386,0.011126897
375316653866487564,4182856490529538432,0.6458848,2260.4956808414777,1.8370626680887794,5.875451E-6,13.762729,0.003640155,0.33230424,0.002018881,0.08822546,0.002212521,0.3185973,0.004547543,0.8350142,0.0029267608,0.0805047,0.0052402467,0.2236753,0.0115826735,null,null,null,null,"TWOGAUSSIANS",8,52.50199,0.33230424,0.002018881,0.4,0.0,0.31225097,0.0036870223,0.8350142,0.0029267608,0.4,0.0,0.21732906,0.0133782
375316653866487564,4182856627968489984,0.48429316,2214.446259585809,0.46607122783564064,4.665829E-5,16.819954,0.0040359045,0.20680913,0.017826345,0.053197592,0.011741259,0.059148014,0.03375053,0.72314227,0.019161588,0.07712702,0.03197321,0.052319147,0.004682506,null,null,null,null,"TWOGAUSSIANS",8,4.011111,0.20680913,0.017826345,0.29790652,0.06575105,0.059105862,0.03379302,0.72314227,0.019161588,0.4,0.010412349,0.052276995,0.004731906
375316653866487564,4182858960133776000,0.45265824,2233.7637486150497,0.1897866280364689,3.5177243E-5,17.833738,0.3956259,0.21778679,0.006752007,0.09029765,0.016927056,0.44841605,0.12086104,0.7241224,0.01766607,0.25710192,0.14083946,0.48477873,0.3795599,null,null,null,null,"TWOGAUSSIANS",8,3.0949233,0.21698679,0.0068119853,0.4,0.0,0.30519497,0.039998837,0.7241224,0.01766607,0.4,0.0,0.1956002,0.025136612
375316653866487564,4182867176406908672,0.6399223,2217.5205651084066,3.1335722879190686,4.729526E-6,15.502871,0.008969771,0.35226977,0.0019109326,0.04664383,0.008586524,0.365416,0.35228837,0.851673,0.001196837,0.04652658,0.003026475,0.454887,0.029730411,0.12031708,0.016053047,0.35226977,0.0019109326,"TWOGAUSSIANS_WITH_ELLIPSOIDAL_ON_ECLIPSE1",9,42.901985,0.851723,0.00105334,0.26054886,0.01694826,0.69551736,0.03280644,0.35226977,0.0019109326,0.26120546,0.048084535,0.6060494,0.36276037
375316653866487564,4182868237259095040,0.63632643,2173.751576174057,3.84910115387641,6.367695E-6,17.776386,0.0069790836,0.2137327,5.0092215E-4,0.012207684,0.0028127485,0.35533863,0.12714055,0.7187533,0.0017266197,0.036998276,0.0019212638,0.46413788,0.022449965,0.16149685,0.009789563,0.2137327,5.0092215E-4,"TWOGAUSSIANS_WITH_ELLIPSOIDAL_ON_ECLIPSE1",9,13.710062,0.7187533,0.0017266197,0.20719033,0.010759077,0.78680956,0.023546407,0.2137327,5.0092215E-4,0.06836303,0.015751392,0.6783316,0.12684208
375316653866487564,4182873185061659264,0.46961358,2188.7230816462506,3.6984155448548934,2.1645948E-5,18.75521,0.011507021,0.25565165,0.004901271,0.091165334,0.008669388,0.34197924,0.040117405,0.7564483,0.0060707657,0.07871236,0.009629164,0.37802285,0.04639263,null,null,null,null,"TWOGAUSSIANS",8,1.7716333,0.7564483,0.0060707657,0.4,0.0,0.36876628,0.05013027,0.25565165,0.004901271,0.4,0.0,0.33272249,0.042880796
375316653866487564,4182877209451537280,0.6022022,2241.799576112937,3.12653218971469,5.7222746E-6,17.63593,0.0061426675,0.35096908,0.003813361,0.079446055,0.0041076196,0.24276975,0.0097199045,0.8515614,0.0015360566,0.07859209,0.0035721664,0.2506799,0.008037839,null,null,null,null,"TWOGAUSSIANS",8,2.187945,0.8515614,0.0015360566,0.4,0.0,0.24741042,0.0080734175,0.35096908,0.003813361,0.4,0.0,0.23950025,0.008899891
375316653866487564,4182878240242520064,0.47846383,2175.622524213775,0.21612829510822176,2.4817253E-5,18.231758,0.10708154,0.06351232,0.022331137,0.10409826,0.031456713,0.14201865,0.080506995,0.5196955,0.008228926,0.16276103,0.05345534,0.23315185,0.10297894,null,null,null,null,"TWOGAUSSIANS",8,3.180102,0.5196955,0.008228926,0.4,0.0,0.18608585,0.016566548,0.06880232,0.015039011,0.4,0.0,0.10057207,0.033316772
375316653866487564,4182878789998494336,0.56690234,2250.648055088475,2.5122548195356815,1.3576892E-5,15.949067,0.016774101,0.30305988,0.007791093,0.08559246,0.010974405,0.32224393,0.018717863,0.7981925,0.0059921066,0.08503406,0.009502559,0.3351451,0.031412456,null,null,null,null,"TWOGAUSSIANS",8,41.9694,0.7981925,0.0059921066,0.4,0.0,0.3268923,0.033124533,0.30305988,0.007791093,0.4,0.0,0.31399113,0.01958581
375316653866487564,4182879266735412352,0.51223415,2204.8666278624905,0.6263719911641338,1.15795374E-4,19.130205,0.02161582,0.3281198,0.018334415,0.020813104,0.038418945,0.72564363,0.85443586,0.82684535,0.039326545,0.041690264,0.021430999,0.7326619,1.6900854,null,null,null,null,"TWOGAUSSIANS",8,9.372501,0.82684535,0.039326545,0.23346548,0.120013595,0.7326619,1.6900855,0.3281198,0.018334415,0.11655337,0.2151461,0.72564363,0.8544375
375316653866487564,4182879472893941888,0.63036036,2201.942637395359,2.738994137521591,1.0633678E-5,16.664654,0.0065725637,0.24836527,0.0030904396,0.095676795,0.0053392584,0.19092363,0.0074029183,0.74710864,0.0028486443,0.09722221,0.0066051004,0.17972802,0.006020264,null,null,null,null,"TWOGAUSSIANS",8,2.015956,0.24836527,0.0030904396,0.4,0.0,0.17826754,0.0061117173,0.74710864,0.0028486443,0.4,0.0,0.16707173,0.0029089386
375316653866487564,4182888582524333568,0.59057623,2176.8433048685474,1.8110893480084889,6.7483255E-5,12.02855,0.0052573495,0.3005317,0.029628025,0.013973207,0.010757538,0.6851232,0.8986792,0.8290907,2.1597506E-4,0.039483685,0.005057249,0.09192379,0.0048358534,null,null,null,null,"TWOGAUSSIANS",8,351.1236,0.3005317,0.029628025,0.07824996,0.06024221,0.6851232,0.8986792,0.8290907,2.1597506E-4,0.22110863,0.028320596,0.09192379,0.0048358534
375316653866487564,4182889368499440512,0.5484032,2112.1436946332387,3.6412745282031826,4.1720432E-5,19.000803,0.029122185,0.24293672,0.019286476,0.09858758,0.016256457,0.21285072,0.04831715,0.7441175,0.0041764425,0.087076016,0.009753215,0.3742975,0.025933517,null,null,null,null,"TWOGAUSSIANS",8,2.2495368,0.7441175,0.0041764425,0.4,0.0,0.35994738,0.017256398,0.24293672,0.019286476,0.4,0.0,0.19849952,0.041515235
375316653866487564,4182889540298099584,0.6059313,2140.5980321354964,3.446842450748626,1.7108172E-5,17.777275,0.073531486,0.25839245,0.0036171058,0.041109998,0.02160671,0.24177754,0.14620003,0.7632573,0.01404523,0.04536639,0.03620568,0.35977334,0.13461214,0.10447458,0.06892036,0.25839245,0.0036171058,"TWOGAUSSIANS_WITH_ELLIPSOIDAL_ON_ECLIPSE1",9,11.955519,0.7632573,0.013492571,0.2540518,0.16481566,0.56852716,0.07206657,0.25839245,0.0036171058,0.230216,0.12099758,0.45072654,0.08150748
375316653866487564,4182890571090032256,0.51101214,2162.6200547573308,0.4028654206372471,8.477199E-5,17.892498,0.005401444,0.24515907,0.020594139,0.03563835,0.012027239,0.1646146,0.0404726,0.49825788,0.064107224,0.11887014,0.09446195,0.014575915,0.007166017,null,null,null,null,"TWOGAUSSIANS",8,1.9939198,0.24536908,0.020319106,0.19957477,0.06735254,0.166124,0.04152443,0.49825788,0.064107224,0.4,0.034314256,0.014571721,0.007137126
375316653866487564,4182894591176941312,0.5145974,2166.7885930782695,0.4547123802320591,6.365865E-5,18.901995,0.0099073425,0.7618359,0.014789511,0.04275817,0.015079934,0.21190594,0.09192834,0.549593,0.018638056,0.124290094,0.027519848,0.24813208,0.023990272,null,null,null,null,"TWOGAUSSIANS",8,2.9637933,0.7544259,0.021488026,0.23944576,0.08444763,0.27240965,0.097612806,0.549603,0.018524474,0.4,0.0,0.24798112,0.024619186
375316653866487564,4182895866788656384,0.559045,2165.437369881391,3.426218647270135,3.073785E-5,15.235705,0.0109028565,0.25274223,0.0017134157,0.03648391,0.011953915,0.10474124,0.028199242,0.71380645,0.016980726,0.027740749,0.020295516,0.043645244,0.0577534,0.1056338,0.020641329,0.25274223,0.0017134157,"TWOGAUSSIANS_WITH_ELLIPSOIDAL_ON_ECLIPSE1",9,62.162003,0.25274223,0.0017134157,0.20430988,0.066941924,0.31600836,0.0275348,0.72285646,0.016014658,0.1553482,0.11365489,0.24528827,0.058137916
375316653866487564,4182896206084716672,0.4843004,2190.146541098527,1.6881706933992982,2.4086112E-5,17.542603,0.0038259723,null,null,null,null,null,null,null,null,null,null,null,null,0.05200078,0.0071195504,0.32503396,0.0048791845,"ELLIPSOIDAL",4,5.3350472,null,null,null,null,null,null,null,null,null,null,null,null
375316653866487564,4182898065806702720,0.51118916,2247.921596356603,4.627054646841615,3.4812234E-5,18.836052,0.008710647,0.33193004,0.021523265,0.070665345,0.01261824,0.21084408,0.025710283,0.830344,0.0052569835,0.070750505,0.008025364,0.25768852,0.01618796,null,null,null,null,"TWOGAUSSIANS",8,3.1179707,0.830344,0.0052569835,0.39620283,0.031174345,0.25682423,0.016399778,0.33193004,0.021523265,0.39572594,0.04146114,0.20997979,0.025287086
375316653866487564,4182900020018158336,0.558579,2187.481590541456,2.357507969479542,1.9190697E-5,18.077806,0.01071143,0.32164788,0.027969196,0.055514473,0.018377325,0.45333213,0.15538003,0.80615777,0.039548445,0.061525732,0.029352123,0.14800489,0.03802533,null,null,null,null,"TWOGAUSSIANS",8,2.4047139,0.32164788,0.027969196,0.31088105,0.102913015,0.4533016,0.15537292,0.80615777,0.039548445,0.3445441,0.1643719,0.14797434,0.037922956
375316653866487564,4182900397975356032,0.53138614,2193.187289161155,3.419422372377518,1.0081199E-5,18.959469,0.06225802,0.27058536,0.003435443,0.09771039,0.015923847,0.32719642,0.056279324,0.7728084,0.013588565,0.09191793,0.028087106,0.3635652,0.06585132,null,null,null,null,"TWOGAUSSIANS",8,2.829585,0.7728084,0.013604196,0.4,0.0,0.34293893,0.05348879,0.27058536,0.0034372313,0.4,0.0,0.30656907,0.022225069
375316653866487564,4182903009313002752,0.51601005,2261.456387092201,2.7697961382877057,2.1425803E-5,18.88896,0.039756786,0.74489087,0.0057085254,0.028664874,0.05087821,0.09631254,0.048203763,null,null,null,null,null,null,0.14976907,0.046913024,0.74489087,0.0057085254,"ONEGAUSSIAN_WITH_ELLIPSOIDAL",6,3.1855798,0.74489087,0.0057085254,0.1605233,0.25173038,0.39585057,0.06317786,null,null,null,null,null,null
375316653866487564,4182903112392242048,0.58964264,2302.733355190796,3.934901661936914,8.184807E-6,19.309801,0.011315181,0.2311389,0.007903993,0.07237264,0.006135596,0.35162833,0.019340893,0.73201615,0.0031682372,0.074055515,0.0048247008,0.31461167,0.013094849,null,null,null,null,"TWOGAUSSIANS",8,0.91251975,0.2311389,0.007903993,0.4,0.00990137,0.34971496,0.019029045,0.73201615,0.0031682372,0.4,0.0,0.31269833,0.012618635
375316653866487564,4182903563364667776,0.510145,2253.4794778849855,4.241515904634302,2.266863E-5,19.732761,0.017158521,0.25938013,0.012041677,0.07434015,0.012965548,0.31816676,0.044338584,0.7635665,0.0033175678,0.057987798,0.005507944,0.32840946,0.019251384,null,null,null,null,"TWOGAUSSIANS",8,1.1654326,0.7635665,0.0033175678,0.32473168,0.030844485,0.32795876,0.018814476,0.25938013,0.012041677,0.4,0.042040292,0.31771603,0.044442374
375316653866487564,4182903765227323392,0.4915115,2262.454990101633,3.4862481621853902,1.5384925E-5,18.877317,0.31608555,0.22314377,0.00899997,0.18242939,0.14864542,0.24166864,0.29608366,0.71595097,0.00663975,0.116283104,0.033167105,0.2885189,0.20398054,null,null,null,null,"TWOGAUSSIANS",8,1.6636348,0.71595097,0.00663975,0.4,0.0,0.1829556,0.012930694,0.22321378,0.008960972,0.4,0.0,0.124806434,0.038473167
