Gaia/vari_eclipsing_binary/VariEclipsingBinary_484821-484853.csv
# %ECSV 1.0
# ---
# delimiter: ','
# meta: !!omap
# - RELEASE: Gaia DR3
# - TABLE: vari_eclipsing_binary
# - DESCRIPTION: >
#     This table describes the properties of the eclipsing binaries resulting from the variability analysis. 
# - CITATION: >
#     How to cite and acknowledge Gaia: 
#     https://gea.esac.esa.int/archive/documentation/credits.html 
# - KNOWN_ISSUES: >
#     Known issues: 
#     https://www.cosmos.esa.int/web/gaia-users/known-issues 
# - DOCUMENTATION: >
#     Tutorials and documentation: 
#     https://www.cosmos.esa.int/web/gaia-users/archive 
# datatype:
# - 
#   name: solution_id
#   datatype: int64
#   description: Solution Identifier
#   meta:
#     ucd: meta.version
# - 
#   name: source_id
#   datatype: int64
#   description: Unique source identifier
#   meta:
#     ucd: meta.id;meta.main
# - 
#   name: global_ranking
#   datatype: float32
#   description: Number between 0 (worst) and 1 (best)
#   meta:
#     ucd: stat.param
# - 
#   name: reference_time
#   datatype: float64
#   unit: d
#   description: Reference time used for the geometric model fit
#   meta:
#     ucd: time.epoch
# - 
#   name: frequency
#   datatype: float64
#   unit: d**-1
#   description: Frequency of geometric model of the eclipsing binary light curve
#   meta:
#     ucd: src.orbital
# - 
#   name: frequency_error
#   datatype: float32
#   unit: d**-1
#   description: "Uncertainty of \\texttt{frequency}"
#   meta:
#     ucd: stat.error
# - 
#   name: geom_model_reference_level
#   datatype: float32
#   unit: mag
#   description: Magnitude reference level of geometric model
#   meta:
#     ucd: phot.mag;em.opt
# - 
#   name: geom_model_reference_level_error
#   datatype: float32
#   unit: mag
#   description: "Uncertainty of \\texttt{geomModelReferenceLevel}"
#   meta:
#     ucd: stat.error;phot.mag;em.opt
# - 
#   name: geom_model_gaussian1_phase
#   datatype: float32
#   description: Phase of the Gaussian 1 component
#   meta:
#     ucd: time.phase
# - 
#   name: geom_model_gaussian1_phase_error
#   datatype: float32
#   description: "Uncertainty of \\texttt{geomModelGaussian1Phase}"
#   meta:
#     ucd: stat.error;time.phase
# - 
#   name: geom_model_gaussian1_sigma
#   datatype: float32
#   description: "Standard deviation [phase] of Gaussian 1 component"
#   meta:
#     ucd: stat.stdev
# - 
#   name: geom_model_gaussian1_sigma_error
#   datatype: float32
#   description: "Uncertainty of \\texttt{geomModelGaussian1Sigma}"
#   meta:
#     ucd: stat.error
# - 
#   name: geom_model_gaussian1_depth
#   datatype: float32
#   unit: mag
#   description: Magnitude depth of Gaussian 1 component
#   meta:
#     ucd: src.var.amplitude
# - 
#   name: geom_model_gaussian1_depth_error
#   datatype: float32
#   unit: mag
#   description: "Uncertainty of \\texttt{geomModelGaussian1Depth}"
#   meta:
#     ucd: stat.error;src.var.amplitude
# - 
#   name: geom_model_gaussian2_phase
#   datatype: float32
#   description: Phase of Gaussian 2 component
#   meta:
#     ucd: time.phase
# - 
#   name: geom_model_gaussian2_phase_error
#   datatype: float32
#   description: "Uncertainty of \\texttt{geomModelGaussian2Phase}"
#   meta:
#     ucd: stat.error;time.phase
# - 
#   name: geom_model_gaussian2_sigma
#   datatype: float32
[...]
#   datatype: float32
#   description: "Secondary eclipse: uncertainty of \\texttt{derivedSecondaryEclDuration}"
#   meta:
#     ucd: stat.error;time.duration
# - 
#   name: derived_secondary_ecl_depth
#   datatype: float32
#   unit: mag
#   description: "Secondary eclipse: depth"
#   meta:
#     ucd: src.var.amplitude
# - 
#   name: derived_secondary_ecl_depth_error
#   datatype: float32
#   unit: mag
#   description: "Secondary eclipse: uncertainty of \\texttt{derivedSecondaryEclDepth}"
#   meta:
#     ucd: stat.error;src.var.amplitude
solution_id,source_id,global_ranking,reference_time,frequency,frequency_error,geom_model_reference_level,geom_model_reference_level_error,geom_model_gaussian1_phase,geom_model_gaussian1_phase_error,geom_model_gaussian1_sigma,geom_model_gaussian1_sigma_error,geom_model_gaussian1_depth,geom_model_gaussian1_depth_error,geom_model_gaussian2_phase,geom_model_gaussian2_phase_error,geom_model_gaussian2_sigma,geom_model_gaussian2_sigma_error,geom_model_gaussian2_depth,geom_model_gaussian2_depth_error,geom_model_cosine_half_period_amplitude,geom_model_cosine_half_period_amplitude_error,geom_model_cosine_half_period_phase,geom_model_cosine_half_period_phase_error,model_type,num_model_parameters,reduced_chi2,derived_primary_ecl_phase,derived_primary_ecl_phase_error,derived_primary_ecl_duration,derived_primary_ecl_duration_error,derived_primary_ecl_depth,derived_primary_ecl_depth_error,derived_secondary_ecl_phase,derived_secondary_ecl_phase_error,derived_secondary_ecl_duration,derived_secondary_ecl_duration_error,derived_secondary_ecl_depth,derived_secondary_ecl_depth_error
[from data line 675]
375316653866487564,4264805600443950592,0.5492012,2146.596126257693,1.3800992044670473,1.3513274E-5,17.150026,0.009199336,0.23516457,0.0036094845,0.09672966,0.010665553,0.13095416,0.00933064,0.74497074,0.0041331984,0.09145449,0.013293227,0.146505,0.007180353,null,null,null,null,"TWOGAUSSIANS",8,3.2065988,0.74497074,0.0041331984,0.4,0.0,0.13946229,0.011871143,0.23516457,0.0036094845,0.4,0.0,0.123911105,0.009135111
375316653866487564,4264805806602394880,0.49861175,2176.5564500455353,2.3272374953409867,1.6540225E-5,17.009092,0.004335163,null,null,null,null,null,null,null,null,null,null,null,null,0.10105527,0.0068542343,0.27356133,0.0034597584,"ELLIPSOIDAL",4,27.261557,null,null,null,null,null,null,null,null,null,null,null,null
375316653866487564,4264807971234264704,0.44455013,2100.968537635498,2.942540395507534,1.0430138E-4,19.233377,0.008680186,0.15611559,0.015437459,0.059362523,0.012042079,0.2845758,0.042470347,0.649046,0.017176261,0.063201815,0.014334335,0.25660747,0.032699198,null,null,null,null,"TWOGAUSSIANS",8,5.2129836,0.15611559,0.015437459,0.33243012,0.067435645,0.28447226,0.04251028,0.649046,0.017176261,0.35393015,0.08027227,0.25650394,0.03271145
375316653866487564,4264808207448136320,0.5286806,2114.2049215326283,1.9581777287039779,1.36936405E-5,18.339022,0.008131002,0.18611762,0.0035252958,0.06926117,0.0059822323,0.20651071,0.015430196,0.66724265,0.004569225,0.116573766,0.006670039,0.25187486,0.010926443,null,null,null,null,"TWOGAUSSIANS",8,2.3871584,0.66724265,0.004569225,0.4,0.0,0.24270841,0.009684371,0.18614762,0.0035206631,0.38786253,0.026714984,0.19740722,0.015949626
375316653866487564,4264808688484582784,0.58670455,2169.7124670715357,2.863744294194154,1.304401E-5,19.009396,0.016847014,0.27877977,0.0021083322,0.07745563,0.004571407,0.50413483,0.014318282,0.7719784,0.004464721,0.08011633,0.005870015,0.53924525,0.01802314,null,null,null,null,"TWOGAUSSIANS",8,2.501818,0.7719784,0.004464721,0.4,0.0,0.5333289,0.01664192,0.27877977,0.0021083322,0.4,0.0,0.4982185,0.01250854
375316653866487564,4264808795868177408,0.44234684,2076.842548380825,3.9015053388861913,7.6236945E-5,18.948374,0.11233455,0.34024838,0.014558808,0.19581704,0.05809198,0.45310697,0.08932846,0.7598953,0.008087617,0.05274986,0.009684699,0.24609648,0.03738403,null,null,null,null,"TWOGAUSSIANS",8,7.207494,0.34024838,0.014558808,0.4,0.0,0.40215656,0.060342498,0.7598953,0.008087617,0.29539922,0.05423431,0.24634652,0.029449832
375316653866487564,4264809070746224512,0.4901152,2125.537844388611,3.3678453872215734,2.8134904E-5,19.784332,0.035268463,0.2745828,0.006980202,0.09516139,0.017956302,0.38150635,0.037569888,0.77241796,0.0064596427,0.09497198,0.016001264,0.303599,0.032601792,null,null,null,null,"TWOGAUSSIANS",8,1.7612196,0.2745828,0.006980202,0.4,0.0,0.3607179,0.04972853,0.77241796,0.0064596427,0.4,0.0,0.28281075,0.02363939
375316653866487564,4264809650557350400,0.5610641,2188.6615978827326,2.5996729093176016,1.0029086E-5,18.451397,0.0150122885,0.26239115,0.0024441571,0.082425505,0.0053789197,0.45373526,0.018071782,0.76120925,0.006714118,0.08163017,0.008574354,0.4315206,0.018678602,null,null,null,null,"TWOGAUSSIANS",8,5.180119,0.26239115,0.0024441571,0.4,0.0,0.44541004,0.01776127,0.76120925,0.006714118,0.4,0.0,0.4231954,0.016355101
375316653866487564,4264809998490568960,0.46565488,2168.30056905607,0.07931873748918153,7.5111566E-5,18.299221,0.0056349924,0.66634464,0.11449575,0.08920271,0.072975524,0.015822697,0.024795623,0.86846626,0.0021768983,0.013633533,0.0012025682,0.23957917,0.03955013,null,null,null,null,"TWOGAUSSIANS",8,3.1253572,0.86846626,0.0021768983,0.07634778,0.006734382,0.24079372,0.041694924,0.66634464,0.11449575,0.4,0.20700116,0.015822694,0.024795707
375316653866487564,4264810204649008128,0.51160043,2140.078976797827,0.8591213815165009,2.9263612E-5,15.145198,0.0023050378,0.19242837,0.01214355,0.09765881,0.017763678,0.020158459,0.00268771,0.69580775,0.006654174,0.052741706,0.010429137,0.048013944,0.0026621202,null,null,null,null,"TWOGAUSSIANS",8,6.2277412,0.69580775,0.006654174,0.29535353,0.058403168,0.047825478,0.0025446129,0.19242837,0.01214355,0.4,0.0,0.019969907,0.002517425
375316653866487564,4264810239008764672,0.5957021,2160.1026640142995,2.2946516084469266,6.7809146E-6,16.493061,0.009767421,0.2296921,0.0028599335,0.048141874,0.008404757,0.2131017,0.033287592,0.734774,0.00479661,0.046551358,0.006523112,0.16895401,0.026624857,0.11754605,0.016835598,0.2296921,0.0028599335,"TWOGAUSSIANS_WITH_ELLIPSOIDAL_ON_ECLIPSE1",9,23.114115,0.2296921,0.0028599335,0.2695945,0.04706664,0.448193,0.030915808,0.734774,0.00479661,0.26068762,0.036529426,0.40380573,0.013656862
375316653866487564,4264810818788659968,0.51528287,2138.538773700297,3.0477392074153538,1.9134708E-5,19.045435,0.18566568,0.1939787,0.00764697,0.11895543,0.022526084,0.35161194,0.15752396,0.67333674,0.012750424,0.16558927,0.053716842,0.36481547,0.18542589,null,null,null,null,"TWOGAUSSIANS",8,1.2691972,0.67333674,0.012750424,0.4,0.0,0.23257823,0.013965517,0.1960787,0.005754846,0.4,0.0,0.22742255,0.016343059
375316653866487564,4264811166690168448,0.5515671,2120.344550384724,2.9663974843449146,3.4381956E-5,19.269688,0.016391316,0.3416604,0.009918294,0.07668512,0.010240539,0.5001018,0.085360415,0.8327985,0.009612756,0.080242015,0.009176018,0.5106626,0.029807016,null,null,null,null,"TWOGAUSSIANS",8,3.2162879,0.8327985,0.009612756,0.4,0.0,0.5053976,0.030702133,0.3416604,0.009918294,0.4,0.0,0.4948368,0.08887782
375316653866487564,4264811372880196480,0.58014137,2150.641078417714,0.07975632572027196,8.211563E-6,17.831675,0.014362299,0.19580297,0.025913095,0.024192674,0.019144047,0.19770752,0.35640126,0.65163314,0.0025107698,0.0054025804,0.0011090424,1.4913616,0.36049047,null,null,null,null,"TWOGAUSSIANS",8,60.385822,0.65163314,0.0025107698,0.03025445,0.0062106373,1.4913616,0.36049047,0.19580297,0.025913095,0.13547897,0.107206665,0.19770752,0.35640126
375316653866487564,4264811888284319616,0.4822436,2173.0762929003645,3.4296366180522693,1.7849557E-5,19.599392,0.05748913,0.22341424,0.008023743,0.08915255,0.01085457,0.43609387,0.056960557,0.67490286,0.038849752,0.120783694,0.06472274,0.34810063,0.21615471,null,null,null,null,"TWOGAUSSIANS",8,3.7373683,0.22358423,0.0074671875,0.4,0.0,0.41162452,0.031048428,0.67490286,0.038849752,0.4,0.0,0.32329828,0.24654828
375316653866487564,4264812055739481728,0.50566566,2154.5555552032247,2.8746815644609787,4.6220368E-5,18.635105,0.038258355,0.23036015,0.008486429,0.09034271,0.015999759,0.3823228,0.05154028,0.7414462,0.005355539,0.067585014,0.00749491,0.35970035,0.044673923,null,null,null,null,"TWOGAUSSIANS",8,11.36121,0.23036015,0.008486429,0.4,0.0,0.37840417,0.051696945,0.7414462,0.005355539,0.37847608,0.041971497,0.35578194,0.04290454
375316653866487564,4264812158818197504,0.54924095,2149.2782195786035,3.1009761920509136,1.7395658E-5,18.513767,0.11538922,0.34220654,0.0077880663,0.11147858,0.052008413,0.20820178,0.101349145,0.84052026,0.004711245,0.09553533,0.025300976,0.2927492,0.11029598,null,null,null,null,"TWOGAUSSIANS",8,2.365709,0.84052026,0.004711245,0.4,0.0,0.2671495,0.011701177,0.34220654,0.0077915723,0.4,0.0,0.18258488,0.03437967
375316653866487564,4264813395777097856,0.53245807,2148.099882126573,0.33000024592048666,3.768921E-5,19.267223,0.012529721,0.053947594,5.2319095E-4,0.00903627,7.7911105E-4,1.8285686,0.512301,0.31503204,0.024183447,0.082396105,0.02460741,0.13069698,0.018833585,null,null,null,null,"TWOGAUSSIANS",8,2.9693434,0.053947594,5.2319095E-4,0.050603114,0.004363022,1.8294317,0.5118873,0.31503204,0.024183447,0.4,0.035544015,0.13069698,0.018833565
375316653866487564,4264814357841773696,0.59068716,2129.8932829177566,1.8199493139460405,7.1827067E-6,16.52443,0.048430074,0.24165207,0.0030176104,0.119877994,0.010625976,0.20704037,0.038344037,0.7596644,0.004231102,0.16794723,0.03475596,0.13697632,0.04716097,null,null,null,null,"TWOGAUSSIANS",8,2.0050416,0.24043207,0.0022027786,0.4,0.0,0.14871144,0.0052559585,0.7599744,0.0039984914,0.4,0.0,0.075313196,0.002997393
375316653866487564,4264814667079566336,0.59951323,2144.786365347403,2.663487312477987,1.6204685E-5,18.629333,0.014985261,0.15119736,0.003097299,0.06823149,0.0038527956,0.46422496,0.016792845,0.65549594,0.007214467,0.06662686,0.008766318,0.4249364,0.055200864,null,null,null,null,"TWOGAUSSIANS",8,2.6232748,0.15119736,0.003097299,0.38209635,0.021575656,0.46340773,0.015903812,0.65549594,0.007214467,0.37311044,0.0422404,0.42411917,0.055460103
375316653866487564,4264815770927397888,0.67501366,2152.780048066429,1.2295942195092266,1.947975E-6,16.314709,0.0044545773,0.26654908,3.079369E-4,0.041074686,7.5101835E-4,0.59158474,0.011184818,0.766811,0.0025628184,0.029261118,0.003682805,0.08737162,0.0148594,0.007082113,0.006638483,0.26654908,3.079369E-4,"TWOGAUSSIANS_WITH_ELLIPSOIDAL_ON_ECLIPSE1",9,8.2312355,0.26654908,3.079369E-4,0.23001823,0.004205703,0.60574895,0.008027214,0.766811,0.0025443411,0.16386226,0.020623708,0.1015358,0.014201312
375316653866487564,4264816488145531648,0.58114725,2112.8162056462775,1.6627750834340207,9.275796E-6,16.097662,0.013200411,0.19185214,0.0056637037,0.09238478,0.012477831,0.17091157,0.010592241,0.6760389,0.0026171887,0.08045605,0.009262485,0.28699562,0.015856098,null,null,null,null,"TWOGAUSSIANS",8,16.779469,0.6760389,0.0026171887,0.4,0.0,0.2819762,0.019551676,0.19185214,0.0056637037,0.4,0.0,0.16589193,0.0059469356
375316653866487564,4264816969182051968,0.47113165,2129.5186094331425,1.3478682009192504,4.345043E-5,18.232124,0.013868969,0.2697497,0.0042640744,0.0641933,0.006856823,0.2398733,0.03618785,0.7408959,0.015343553,0.09343967,0.014506666,0.17608039,0.03839481,null,null,null,null,"TWOGAUSSIANS",8,9.997897,0.2697497,0.0042640744,0.3594825,0.038398206,0.23846984,0.03628277,0.7408959,0.015343553,0.4,0.0,0.17467637,0.038531475
375316653866487564,4264818171773114240,0.49779093,2144.668275572297,2.6263882611713667,1.8812252E-5,19.104279,0.009730122,0.2584129,0.007876813,0.08213291,0.012013505,0.13288675,0.023492584,0.7638925,0.004853236,0.09160598,0.0098244315,0.17122138,0.01607455,null,null,null,null,"TWOGAUSSIANS",8,1.142805,0.7638925,0.004853236,0.4,0.0,0.16681884,0.016109683,0.2584129,0.007876813,0.4,0.0,0.12848435,0.024581864
375316653866487564,4264818244828310144,0.54367226,2167.3670807572635,1.5912330712720577,6.0142684E-6,16.82184,0.22714137,0.27738702,0.003136177,0.14742748,0.044297688,0.21418062,0.18430933,0.7743556,0.0043716803,0.20051156,0.10899681,0.21715903,0.22396813,null,null,null,null,"TWOGAUSSIANS",8,1.2329768,0.278427,0.0020063808,0.4,0.0,0.08463594,0.004766118,0.7743556,0.0043716803,0.4,0.0,0.06957649,0.0026298831
375316653866487564,4264818863303852928,0.5027708,2159.929435588533,0.3594866307055906,1.2609156E-4,13.973708,0.0014131492,0.7783121,0.039488863,0.028535541,0.028354565,0.37569702,2.737057E27,null,null,null,null,null,null,0.0029185677,0.002671856,0.7783121,0.039488863,"ONEGAUSSIAN_WITH_ELLIPSOIDAL",6,272.18646,0.7783121,0.039488863,0.15979904,0.15878555,0.38153416,2.737057E27,null,null,null,null,null,null
375316653866487564,4264819687937531264,0.51391333,2144.283137679431,0.07734366103342086,7.6515906E-5,16.97405,0.003078186,0.112096146,0.0062662987,0.017355125,0.0055290028,0.029085476,0.011578779,0.6964215,0.040844414,0.06811311,0.024926236,0.2044633,0.04610524,null,null,null,null,"TWOGAUSSIANS",8,4.468699,0.6964215,0.040844414,0.38143343,0.06306286,0.2044633,0.046104755,0.112096146,0.0062662987,0.097188696,0.030962415,0.029085478,0.011578809
375316653866487564,4264819825349002112,0.54495376,2133.228443139978,2.7002415568769056,1.3230735E-5,19.720434,0.015949491,0.25066164,0.0039447597,0.08888276,0.012765062,0.3174876,0.01591189,0.74933654,0.0032341515,0.077107824,0.0056435075,0.47234017,0.04245404,null,null,null,null,"TWOGAUSSIANS",8,0.87166584,0.74933654,0.0032341515,0.4,0.0,0.46441144,0.043824904,0.25066164,0.0039447597,0.4,0.0,0.30955875,0.017773675
375316653866487564,4264819992839446656,0.4806606,2163.254768344398,0.117890376296524,3.1023036E-4,17.893303,0.0035205833,0.6698096,0.02800255,0.024475588,0.049319915,1.7158686,2.1813393,null,null,null,null,null,null,null,null,null,null,"ONEGAUSSIAN",5,2.6684368,0.6698096,0.02800255,0.13706328,0.27619153,1.7158686,0.0,null,null,null,null,null,null
375316653866487564,4264820783110480256,0.55738527,2169.6246656758913,3.802555002007487,1.1406842E-5,17.41525,0.004916664,0.18694098,0.0025585964,0.02758556,0.0031948122,0.09711633,0.021411836,0.6597322,0.007879153,0.0486669,0.010203569,0.15151015,0.025340123,0.098676495,0.009796382,0.18694098,0.0025585964,"TWOGAUSSIANS_WITH_ELLIPSOIDAL_ON_ECLIPSE1",9,12.889656,0.6650322,0.0071845152,0.2725346,0.057139985,0.34425116,0.024659554,0.18694098,0.0025585964,0.15447915,0.017890949,0.2944693,0.0068855933
