Gaia/vari_eclipsing_binary/VariEclipsingBinary_485129-485154.csv
# %ECSV 1.0
# ---
# delimiter: ','
# meta: !!omap
# - RELEASE: Gaia DR3
# - TABLE: vari_eclipsing_binary
# - DESCRIPTION: >
#     This table describes the properties of the eclipsing binaries resulting from the variability analysis. 
# - CITATION: >
#     How to cite and acknowledge Gaia: 
#     https://gea.esac.esa.int/archive/documentation/credits.html 
# - KNOWN_ISSUES: >
#     Known issues: 
#     https://www.cosmos.esa.int/web/gaia-users/known-issues 
# - DOCUMENTATION: >
#     Tutorials and documentation: 
#     https://www.cosmos.esa.int/web/gaia-users/archive 
# datatype:
# - 
#   name: solution_id
#   datatype: int64
#   description: Solution Identifier
#   meta:
#     ucd: meta.version
# - 
#   name: source_id
#   datatype: int64
#   description: Unique source identifier
#   meta:
#     ucd: meta.id;meta.main
# - 
#   name: global_ranking
#   datatype: float32
#   description: Number between 0 (worst) and 1 (best)
#   meta:
#     ucd: stat.param
# - 
#   name: reference_time
#   datatype: float64
#   unit: d
#   description: Reference time used for the geometric model fit
#   meta:
#     ucd: time.epoch
# - 
#   name: frequency
#   datatype: float64
#   unit: d**-1
#   description: Frequency of geometric model of the eclipsing binary light curve
#   meta:
#     ucd: src.orbital
# - 
#   name: frequency_error
#   datatype: float32
#   unit: d**-1
#   description: "Uncertainty of \\texttt{frequency}"
#   meta:
#     ucd: stat.error
# - 
#   name: geom_model_reference_level
#   datatype: float32
#   unit: mag
#   description: Magnitude reference level of geometric model
#   meta:
#     ucd: phot.mag;em.opt
# - 
#   name: geom_model_reference_level_error
#   datatype: float32
#   unit: mag
#   description: "Uncertainty of \\texttt{geomModelReferenceLevel}"
#   meta:
#     ucd: stat.error;phot.mag;em.opt
# - 
#   name: geom_model_gaussian1_phase
#   datatype: float32
#   description: Phase of the Gaussian 1 component
#   meta:
#     ucd: time.phase
# - 
#   name: geom_model_gaussian1_phase_error
#   datatype: float32
#   description: "Uncertainty of \\texttt{geomModelGaussian1Phase}"
#   meta:
#     ucd: stat.error;time.phase
# - 
#   name: geom_model_gaussian1_sigma
#   datatype: float32
#   description: "Standard deviation [phase] of Gaussian 1 component"
#   meta:
#     ucd: stat.stdev
# - 
#   name: geom_model_gaussian1_sigma_error
#   datatype: float32
#   description: "Uncertainty of \\texttt{geomModelGaussian1Sigma}"
#   meta:
#     ucd: stat.error
# - 
#   name: geom_model_gaussian1_depth
#   datatype: float32
#   unit: mag
#   description: Magnitude depth of Gaussian 1 component
#   meta:
#     ucd: src.var.amplitude
# - 
#   name: geom_model_gaussian1_depth_error
#   datatype: float32
#   unit: mag
#   description: "Uncertainty of \\texttt{geomModelGaussian1Depth}"
#   meta:
#     ucd: stat.error;src.var.amplitude
# - 
#   name: geom_model_gaussian2_phase
#   datatype: float32
#   description: Phase of Gaussian 2 component
#   meta:
#     ucd: time.phase
# - 
#   name: geom_model_gaussian2_phase_error
#   datatype: float32
#   description: "Uncertainty of \\texttt{geomModelGaussian2Phase}"
#   meta:
#     ucd: stat.error;time.phase
# - 
#   name: geom_model_gaussian2_sigma
#   datatype: float32
[...]
#   datatype: float32
#   description: "Secondary eclipse: uncertainty of \\texttt{derivedSecondaryEclDuration}"
#   meta:
#     ucd: stat.error;time.duration
# - 
#   name: derived_secondary_ecl_depth
#   datatype: float32
#   unit: mag
#   description: "Secondary eclipse: depth"
#   meta:
#     ucd: src.var.amplitude
# - 
#   name: derived_secondary_ecl_depth_error
#   datatype: float32
#   unit: mag
#   description: "Secondary eclipse: uncertainty of \\texttt{derivedSecondaryEclDepth}"
#   meta:
#     ucd: stat.error;src.var.amplitude
solution_id,source_id,global_ranking,reference_time,frequency,frequency_error,geom_model_reference_level,geom_model_reference_level_error,geom_model_gaussian1_phase,geom_model_gaussian1_phase_error,geom_model_gaussian1_sigma,geom_model_gaussian1_sigma_error,geom_model_gaussian1_depth,geom_model_gaussian1_depth_error,geom_model_gaussian2_phase,geom_model_gaussian2_phase_error,geom_model_gaussian2_sigma,geom_model_gaussian2_sigma_error,geom_model_gaussian2_depth,geom_model_gaussian2_depth_error,geom_model_cosine_half_period_amplitude,geom_model_cosine_half_period_amplitude_error,geom_model_cosine_half_period_phase,geom_model_cosine_half_period_phase_error,model_type,num_model_parameters,reduced_chi2,derived_primary_ecl_phase,derived_primary_ecl_phase_error,derived_primary_ecl_duration,derived_primary_ecl_duration_error,derived_primary_ecl_depth,derived_primary_ecl_depth_error,derived_secondary_ecl_phase,derived_secondary_ecl_phase_error,derived_secondary_ecl_duration,derived_secondary_ecl_duration_error,derived_secondary_ecl_depth,derived_secondary_ecl_depth_error
[from data line 150]
375316653866487564,4267317331637990400,0.5259948,2289.6111215300793,0.22979994043771862,1.2117878E-4,19.013426,0.0110817915,0.1289315,0.03125178,0.041213613,0.052618794,0.42332825,0.38294622,0.6361815,0.026352232,0.02783215,0.052070364,0.07466679,0.12843712,null,null,null,null,"TWOGAUSSIANS",8,1.2033046,0.1289315,0.03125178,0.23079622,0.1844776,0.42332825,0.38301474,0.6361815,0.026352232,0.15586005,0.2664435,0.07466679,0.12845753
375316653866487564,4267317400357911808,0.47982264,2162.133934112429,3.0380728452785655,6.955972E-5,18.468317,0.024724348,0.25685918,0.013807674,0.08439984,0.018775547,0.19221926,0.02776105,0.75569236,0.010150366,0.06831077,0.013811312,0.22698112,0.019733831,null,null,null,null,"TWOGAUSSIANS",8,14.477156,0.75569236,0.010150366,0.3825403,0.054057926,0.22509646,0.016850293,0.25685918,0.013807674,0.4,0.0,0.1903346,0.026382478
375316653866487564,4267317572156393600,0.54307866,2244.561718158598,3.6616150767817204,8.701554E-6,19.55312,0.013487929,0.28070855,0.002987884,0.06006705,0.007702095,0.13339043,0.046455912,null,null,null,null,null,null,0.1681177,0.016558858,0.28070855,0.002987884,"ONEGAUSSIAN_WITH_ELLIPSOIDAL",6,2.253441,0.28070855,0.002987884,0.33637547,0.04313173,0.46960202,0.030080823,null,null,null,null,null,null
375316653866487564,4267317675241777408,0.4612814,2286.128690562843,2.961498895630691,5.4147218E-5,19.469639,0.026860515,0.5139236,0.016222456,0.044252552,0.0511474,0.10360002,6.4801812E15,0.8333646,0.008216403,0.08276058,0.025682973,0.2642667,0.112781696,null,null,null,null,"TWOGAUSSIANS",8,4.7207994,0.8333646,0.008216403,0.4,0.0,0.2642665,0.11279391,0.51406354,0.016343674,0.2478143,0.28642544,0.10375409,6.4801812E15
375316653866487564,4267319221432461056,0.6249496,2284.356142673453,3.2648301489010585,9.423285E-6,19.61462,0.011789484,0.24826957,0.0025439346,0.071553886,0.0030347784,0.48990366,0.012372503,0.7520895,0.007681858,0.066828914,0.0051424364,0.65112,0.031718403,null,null,null,null,"TWOGAUSSIANS",8,0.52162796,0.7520895,0.007681858,0.37424192,0.028797643,0.64963496,0.03113785,0.24826957,0.0025439346,0.4,0.012040627,0.48841864,0.011911114
375316653866487564,4267320247919278336,0.4779104,2256.7911139015964,2.125675969127607,2.2363369E-4,18.839373,0.015067738,0.19830097,5.9865613E-4,0.034574173,0.001502773,2.2227929,0.19215046,0.7412296,0.026956363,0.09273516,0.026044741,0.143495,0.13337313,null,null,null,null,"TWOGAUSSIANS",8,6.429764,0.19830097,5.9865613E-4,0.19361538,0.008415529,2.222737,0.19226448,0.7412296,0.026956363,0.4,0.010971325,0.14343831,0.13341127
375316653866487564,4267320698901942784,0.553566,2327.482151297399,1.6404760568535899,3.081014E-4,19.562603,0.015286966,0.5351548,0.0077096387,0.06940949,0.008576273,0.6744087,0.09898035,0.21828854,0.04636391,0.049087588,0.026133943,0.1457685,0.122290984,null,null,null,null,"TWOGAUSSIANS",8,2.892148,0.5351548,0.0077062137,0.38869312,0.045348853,0.6744086,0.09898549,0.21830854,0.046562273,0.27489048,0.14635009,0.14578857,0.12227336
375316653866487564,4267320801974890368,0.54290795,2282.452981944831,2.3887499857206183,2.212475E-5,18.995806,0.03955559,0.25658086,0.009872143,0.08098701,0.0139215365,0.39855486,0.050898395,0.7579095,0.036534548,0.08203198,0.029034177,0.4931674,0.09109016,null,null,null,null,"TWOGAUSSIANS",8,4.1180687,0.7579095,0.036534548,0.4,0.0,0.48532993,0.07307553,0.25658086,0.009851389,0.4,0.0,0.39071742,0.042347044
375316653866487564,4267320900754352128,0.5402657,2291.2317803011783,1.5130964053475862,2.239925E-5,17.714943,0.03512902,0.28890288,0.013907739,0.10979794,0.036695883,0.15303187,0.028868511,0.787427,0.004818013,0.09359677,0.015648376,0.19661365,0.031889085,null,null,null,null,"TWOGAUSSIANS",8,2.446018,0.787427,0.0048035635,0.4,0.0,0.18030255,0.018400365,0.28890288,0.013907739,0.4,0.0,0.13671139,0.0077563673
375316653866487564,4267321214290680192,0.58954984,2257.567416495693,3.902517918606385,1.32021805E-5,18.873272,0.016842054,0.2740458,0.0043653715,0.06877803,0.004360604,0.58611137,0.015848462,0.7788563,0.007390367,0.073989846,0.009282824,0.56492054,0.048620023,null,null,null,null,"TWOGAUSSIANS",8,3.5500805,0.2740458,0.0043653715,0.38515696,0.023521544,0.58389574,0.014465066,0.7788563,0.007390367,0.4,0.023317803,0.56270486,0.04948914
375316653866487564,4267321729691867904,0.5003091,2342.9635721321515,0.1662892040738604,4.769405E-5,19.64768,0.021446133,0.4051454,0.002233405,0.028756049,0.0046446836,0.61998665,0.23372,0.72635865,0.003636816,0.01846392,0.00372923,1.0941671,0.39875647,null,null,null,null,"TWOGAUSSIANS",8,2.9059699,0.72635865,0.003636816,0.10339796,0.020883689,1.0941671,0.39875647,0.4051454,0.002233405,0.16103387,0.026010228,0.61998665,0.23372
375316653866487564,4267321867125973120,0.51505214,2242.135027817301,3.043350983206392,2.1745504E-5,19.77882,0.012743549,0.26357213,0.033610526,0.08678083,0.020916402,0.21608073,0.047956884,0.7563378,0.0023764495,0.055741258,0.008001291,0.31227675,0.08919409,null,null,null,null,"TWOGAUSSIANS",8,0.6942557,0.7563378,0.0023764495,0.31215104,0.044807233,0.31141683,0.09012838,0.26357213,0.033610526,0.4,0.0,0.21522078,0.047309224
375316653866487564,4267322004565218176,0.5747006,2265.0950976025015,2.7745727345321605,2.2618631E-5,19.2804,0.045760784,0.2672254,0.014878266,0.07364919,0.019074783,0.6601529,0.035275634,0.76367086,0.0034889802,0.0727986,0.010805438,0.54673725,0.028060434,null,null,null,null,"TWOGAUSSIANS",8,4.4226565,0.2672254,0.014878266,0.4,0.0057734675,0.6568984,0.035078812,0.76367086,0.0034889802,0.4,0.014055072,0.5434827,0.021041965
375316653866487564,4267322038925001216,0.48968333,2351.6211260433333,0.8180280347083266,1.06436266E-4,19.306232,0.02653913,0.17396025,0.0249624,0.07265181,0.032507624,0.15727933,0.031127432,0.8293791,0.05053262,0.06343555,0.030621717,0.4099738,0.15720753,null,null,null,null,"TWOGAUSSIANS",8,3.7505374,0.8293791,0.050540835,0.35523906,0.1643213,0.40997136,0.15718178,0.17396025,0.024963487,0.4,0.12091332,0.15727502,0.031081924
375316653866487564,4267322073337736704,0.4699452,2267.447067663314,0.5034144692217529,4.840203E-5,19.106668,0.14363495,0.2820031,0.04174862,0.15401338,0.096284665,0.19515905,0.13985571,0.75640315,0.01380745,0.0956241,0.028455133,0.23813741,0.10957777,null,null,null,null,"TWOGAUSSIANS",8,3.9023368,0.75640315,0.01380745,0.4,0.0,0.19640493,0.04901322,0.28201312,0.04174132,0.4,0.0,0.15115178,0.02896008
375316653866487564,4267322137715849344,0.5831451,2217.2162146423298,2.593507720616952,5.406162E-5,18.407585,0.012272386,0.2392867,0.008092226,0.07931554,0.0075420607,0.3269823,0.0335308,0.727914,0.0021921217,0.07440741,0.0030774672,1.029322,0.09282782,null,null,null,null,"TWOGAUSSIANS",8,11.173107,0.727914,0.0021921217,0.4,0.0,1.0249007,0.093242176,0.2392867,0.008092226,0.4,0.0,0.32256088,0.03422436
375316653866487564,4267322176416937472,0.62428665,2256.346612788784,1.5658415654097793,1.4407242E-5,16.465675,0.0057539283,0.25920033,0.003417961,0.09503399,0.0055655357,0.1780197,0.0061541554,0.74388266,0.008446385,0.08460189,0.006190186,0.22983138,0.012700309,null,null,null,null,"TWOGAUSSIANS",8,2.5711043,0.74388266,0.008446385,0.4,0.0,0.22330031,0.009982734,0.25920033,0.003417961,0.4,0.0,0.17148818,0.0047319066
375316653866487564,4267322309502804352,0.61524665,2258.305401116056,3.848270946549074,3.364418E-5,17.495384,0.011089971,0.20162602,0.0053384183,0.07083177,0.0062832385,0.5038164,0.044213295,0.6895234,0.014273801,0.07903471,0.011067844,0.46456403,0.02456513,null,null,null,null,"TWOGAUSSIANS",8,10.267284,0.20162602,0.0053384183,0.3966579,0.020330597,0.501008,0.04495635,0.6895234,0.014273801,0.4,0.016055716,0.46175557,0.02296717
375316653866487564,4267323134144262400,0.50529313,2251.1400518514047,2.9078519585762974,2.1063945E-5,18.096159,0.0038052395,0.8569017,0.005806369,0.03695416,0.009245509,0.0052822786,0.008198232,null,null,null,null,null,null,0.09075733,0.0059100166,0.8569017,0.005806369,"ONEGAUSSIAN_WITH_ELLIPSOIDAL",6,7.8672953,0.8569017,0.005806369,0.20694329,0.051774852,0.18679665,0.006306603,null,null,null,null,null,null
375316653866487564,4267324096222277376,0.5050352,2248.325717627109,2.334394473214124,2.9319694E-5,17.95637,0.11770159,0.21512243,0.0068135383,0.122105725,0.024662586,0.2700546,0.10231702,0.72829604,0.011432843,0.14749381,0.04402927,0.22464617,0.11616962,null,null,null,null,"TWOGAUSSIANS",8,5.769045,0.21459243,0.0064462656,0.4,0.0,0.19262266,0.018905314,0.72846603,0.011359149,0.4,0.0,0.14585072,0.009479958
375316653866487564,4267324130596635392,0.6144391,2301.9473621020265,1.3541321799335335,1.2964193E-5,17.97529,0.008513738,0.31062785,0.0019529114,0.07083879,0.0029127353,0.44597253,0.011598701,0.81395555,0.014807964,0.06854341,0.008180921,0.25104314,0.045171704,null,null,null,null,"TWOGAUSSIANS",8,4.2668643,0.31062785,0.0019529114,0.39669722,0.01352681,0.44498467,0.011367217,0.81395555,0.014807964,0.38384312,0.03785809,0.25005528,0.04528356
375316653866487564,4267325337465207040,0.5394964,2327.931821380574,2.2364130096886328,3.2121848E-6,16.094013,0.006461521,0.69060344,0.037617028,0.035301246,0.036087412,1.1492956,3.1944163,0.50559396,2.1756068E-4,0.008132805,2.6507705E-4,0.42478988,0.013208016,null,null,null,null,"TWOGAUSSIANS",8,69.224304,0.69060344,0.037617028,0.19768697,0.19502777,1.1492956,3.1944163,0.50559396,1.0771938E-4,0.04554371,0.0014844316,0.42479113,0.0038518375
375316653866487564,4267325543623554816,0.51670474,2267.014987173422,2.3568856380023093,7.6511235E-5,18.25391,0.065605186,0.18588676,0.013510963,0.08905792,0.026481431,0.25877386,0.056277156,0.6563821,0.0058250795,0.12619936,0.035037886,0.2523161,0.055516973,null,null,null,null,"TWOGAUSSIANS",8,6.8088827,0.18606675,0.013130494,0.4,0.014728299,0.23475167,0.040103123,0.6563821,0.0058250795,0.4,0.0,0.22801366,0.010877026
375316653866487564,4267325577979435904,0.5711891,2294.3397540608853,2.87902784356666,4.066735E-5,19.689802,0.023985539,0.24673814,0.009192114,0.065758735,0.008337919,0.64392275,0.07030567,0.7506164,0.015143537,0.07899938,0.019870522,0.6314191,0.12288012,null,null,null,null,"TWOGAUSSIANS",8,2.0335739,0.24673814,0.009192114,0.36824894,0.046692345,0.6409559,0.07018351,0.7506164,0.015143537,0.4,0.0,0.6284523,0.12820975
375316653866487564,4267325608038675584,0.58928734,2227.081045866014,1.4100016439622574,5.8696714E-5,17.99139,0.0027634746,0.2734737,0.05776486,0.060872223,0.061510187,0.013982327,0.048062325,0.53433543,0.003673854,0.03179783,0.0026582864,0.5865958,0.030488163,null,null,null,null,"TWOGAUSSIANS",8,5.4811306,0.53433543,0.003673854,0.17806785,0.014886403,0.5865972,0.030489704,0.2734737,0.05776486,0.34088445,0.34445706,0.013982327,0.048062325
375316653866487564,4267325612339324544,0.51798946,2245.053822083289,3.205665567317762,2.2695993E-5,18.429327,0.024837771,0.25195685,0.0142479865,0.09228071,0.015183867,0.32404548,0.040459912,0.75237405,0.0067479573,0.089591525,0.0101520615,0.35000512,0.036105648,null,null,null,null,"TWOGAUSSIANS",8,5.386426,0.75237405,0.0067479573,0.4,0.0,0.33472762,0.036968857,0.25195685,0.0142479865,0.4,0.0,0.30876783,0.039239045
375316653866487564,4267325681058880384,0.5393718,2272.0644675231815,2.561963309257527,4.0982835E-5,18.889383,0.053122427,0.29369068,0.022258474,0.07034315,0.05008039,0.4421519,0.12154404,0.75937235,0.005812626,0.088639855,0.01804166,0.28121606,0.046479195,null,null,null,null,"TWOGAUSSIANS",8,4.654826,0.29369068,0.022262035,0.39392164,0.04977763,0.4397585,0.13851061,0.75937235,0.005812626,0.4,0.0,0.27882236,0.023671262
375316653866487564,4267326574412550272,0.4344979,2296.363087988931,0.878744156963236,2.0780791E-4,19.54521,0.011322922,0.2525786,0.028398013,0.027435504,0.025838634,0.06141392,0.023334669,0.58694065,0.009267677,0.06880531,0.010781689,0.2088407,0.06514634,null,null,null,null,"TWOGAUSSIANS",8,3.567215,0.58694065,0.009267677,0.38530973,0.05422253,0.2088407,0.06514634,0.2525786,0.02840339,0.15363882,0.14469635,0.061415475,0.023331365
375316653866487564,4267326780571419008,0.5207771,2293.850637526315,2.7267723757258455,2.2899629E-5,19.330757,0.034456,0.30876318,0.018297123,0.08594867,0.026385263,0.3861734,0.16982412,0.80458647,0.011519733,0.0716607,0.020829206,0.36700922,0.071758084,null,null,null,null,"TWOGAUSSIANS",8,2.5073345,0.30876318,0.018297123,0.4,0.049830332,0.3816665,0.17344867,0.80458647,0.011519733,0.4,0.0505706,0.36250234,0.07842505
375316653866487564,4267326918010596480,0.5333841,2224.7376727336846,2.6691889818160024,3.7774036E-5,18.883434,0.01778496,0.24032652,0.0114701735,0.09065016,0.03096337,0.31112367,0.22622856,0.71617335,0.0065425597,0.07796056,0.006865486,0.4730153,0.055435605,null,null,null,null,"TWOGAUSSIANS",8,3.0658123,0.71617335,0.0065425597,0.4,0.0,0.46703994,0.056418285,0.24032652,0.0114701735,0.4,0.007487586,0.30514795,0.23500726
375316653866487564,4267327261607687808,0.48983347,2306.429151661276,0.6284855287862404,5.3618147E-5,18.987299,0.043897316,0.35864887,0.011854662,0.12515435,0.031376198,0.31724262,0.039951038,0.872521,0.0038778589,0.07888601,0.008128765,0.56698126,0.04523186,null,null,null,null,"TWOGAUSSIANS",8,7.4985414,0.872551,0.003844197,0.4,0.0,0.5354965,0.041845772,0.35864887,0.011854662,0.4,0.0,0.28552055,0.015968759
375316653866487564,4267327944504654464,0.6211714,2181.8425056906735,1.2003309326120883,1.6694148E-5,13.686745,0.023246035,0.28247473,0.0028772666,0.13282719,0.012550811,0.1524463,0.022917682,0.7631424,0.0027019172,0.12501958,0.009815395,0.20744379,0.018547334,null,null,null,null,"TWOGAUSSIANS",8,10.60588,0.7631424,0.0027019172,0.4,0.0,0.1614405,0.004933894,0.2827947,0.0027465075,0.4,0.0,0.10631697,0.0020874285
375316653866487564,4267328155011438464,0.54232824,2230.765936894559,2.520333424629098,2.3133432E-5,19.340715,0.018480385,0.31367934,0.009307358,0.07980091,0.015052395,0.31619194,0.018636916,0.82479787,0.005757326,0.08356108,0.010637484,0.2844904,0.031328425,null,null,null,null,"TWOGAUSSIANS",8,1.6595957,0.31367934,0.009307358,0.4,0.0,0.31170878,0.013634461,0.82479787,0.005757326,0.4,0.0,0.2800072,0.03260728
375316653866487564,4267328288105171072,0.5024343,2218.1177915221433,3.23185879101389,3.848121E-5,17.4716,0.020849306,0.32435334,0.0067566177,0.06818025,0.021735575,0.068939604,0.0738549,0.8592813,0.014178358,0.019832011,0.026115503,0.1318347,1.1015804,0.12640318,0.032613985,0.32435334,0.0067566177,"TWOGAUSSIANS_WITH_ELLIPSOIDAL_ON_ECLIPSE1",9,39.982643,0.8592813,0.014178358,0.11105926,0.14624682,0.37257707,1.1076173,0.32435334,0.0067566177,0.3818094,0.105761744,0.3216635,0.04687133
375316653866487564,4267328361116525184,0.5517507,2176.239335118699,2.539528191347837,1.7040767E-5,19.743824,0.023385193,0.30214274,0.008744563,0.0852503,0.017504923,0.27961862,0.029130813,0.81629026,0.0046175974,0.087039664,0.007757514,0.33694667,0.02725128,null,null,null,null,"TWOGAUSSIANS",8,0.7404777,0.81629026,0.0046175974,0.4,0.0,0.329793,0.02198576,0.30214274,0.008744563,0.4,0.0,0.272465,0.03136224
375316653866487564,4267328361169731072,0.6110176,2171.7065848873194,2.5425767934205146,5.200773E-6,17.549013,0.024002701,0.28430668,0.0015273608,0.11046566,0.011404471,0.21116,0.021726236,0.7878215,0.003361233,0.1005009,0.009080464,0.23282163,0.024057832,null,null,null,null,"TWOGAUSSIANS",8,1.2295278,0.7878215,0.003363959,0.4,0.0,0.20725125,0.010494051,0.28430668,0.0015273608,0.4,0.0,0.18557644,0.005682184
375316653866487564,4267328395476362240,0.5425226,2171.506130935404,3.11467311711851,1.3929006E-5,18.484196,0.031699695,0.3151292,0.0058751423,0.07921854,0.018108148,0.43652445,0.04809155,0.812875,0.0125521645,0.08434855,0.014353712,0.35144877,0.061215416,null,null,null,null,"TWOGAUSSIANS",8,5.2272277,0.3151292,0.0058751423,0.4,0.0,0.42953613,0.06375171,0.812875,0.0125521645,0.4,0.0,0.34446046,0.06094784
