Gaia/vari_eclipsing_binary/VariEclipsingBinary_490503-490526.csv
# %ECSV 1.0
# ---
# delimiter: ','
# meta: !!omap
# - RELEASE: Gaia DR3
# - TABLE: vari_eclipsing_binary
# - DESCRIPTION: >
#     This table describes the properties of the eclipsing binaries resulting from the variability analysis. 
# - CITATION: >
#     How to cite and acknowledge Gaia: 
#     https://gea.esac.esa.int/archive/documentation/credits.html 
# - KNOWN_ISSUES: >
#     Known issues: 
#     https://www.cosmos.esa.int/web/gaia-users/known-issues 
# - DOCUMENTATION: >
#     Tutorials and documentation: 
#     https://www.cosmos.esa.int/web/gaia-users/archive 
# datatype:
# - 
#   name: solution_id
#   datatype: int64
#   description: Solution Identifier
#   meta:
#     ucd: meta.version
# - 
#   name: source_id
#   datatype: int64
#   description: Unique source identifier
#   meta:
#     ucd: meta.id;meta.main
# - 
#   name: global_ranking
#   datatype: float32
#   description: Number between 0 (worst) and 1 (best)
#   meta:
#     ucd: stat.param
# - 
#   name: reference_time
#   datatype: float64
#   unit: d
#   description: Reference time used for the geometric model fit
#   meta:
#     ucd: time.epoch
# - 
#   name: frequency
#   datatype: float64
#   unit: d**-1
#   description: Frequency of geometric model of the eclipsing binary light curve
#   meta:
#     ucd: src.orbital
# - 
#   name: frequency_error
#   datatype: float32
#   unit: d**-1
#   description: "Uncertainty of \\texttt{frequency}"
#   meta:
#     ucd: stat.error
# - 
#   name: geom_model_reference_level
#   datatype: float32
#   unit: mag
#   description: Magnitude reference level of geometric model
#   meta:
#     ucd: phot.mag;em.opt
# - 
#   name: geom_model_reference_level_error
#   datatype: float32
#   unit: mag
#   description: "Uncertainty of \\texttt{geomModelReferenceLevel}"
#   meta:
#     ucd: stat.error;phot.mag;em.opt
# - 
#   name: geom_model_gaussian1_phase
#   datatype: float32
#   description: Phase of the Gaussian 1 component
#   meta:
#     ucd: time.phase
# - 
#   name: geom_model_gaussian1_phase_error
#   datatype: float32
#   description: "Uncertainty of \\texttt{geomModelGaussian1Phase}"
#   meta:
#     ucd: stat.error;time.phase
# - 
#   name: geom_model_gaussian1_sigma
#   datatype: float32
#   description: "Standard deviation [phase] of Gaussian 1 component"
#   meta:
#     ucd: stat.stdev
# - 
#   name: geom_model_gaussian1_sigma_error
#   datatype: float32
#   description: "Uncertainty of \\texttt{geomModelGaussian1Sigma}"
#   meta:
#     ucd: stat.error
# - 
#   name: geom_model_gaussian1_depth
#   datatype: float32
#   unit: mag
#   description: Magnitude depth of Gaussian 1 component
#   meta:
#     ucd: src.var.amplitude
# - 
#   name: geom_model_gaussian1_depth_error
#   datatype: float32
#   unit: mag
#   description: "Uncertainty of \\texttt{geomModelGaussian1Depth}"
#   meta:
#     ucd: stat.error;src.var.amplitude
# - 
#   name: geom_model_gaussian2_phase
#   datatype: float32
#   description: Phase of Gaussian 2 component
#   meta:
#     ucd: time.phase
# - 
#   name: geom_model_gaussian2_phase_error
#   datatype: float32
#   description: "Uncertainty of \\texttt{geomModelGaussian2Phase}"
#   meta:
#     ucd: stat.error;time.phase
# - 
#   name: geom_model_gaussian2_sigma
#   datatype: float32
[...]
#   datatype: float32
#   description: "Secondary eclipse: uncertainty of \\texttt{derivedSecondaryEclDuration}"
#   meta:
#     ucd: stat.error;time.duration
# - 
#   name: derived_secondary_ecl_depth
#   datatype: float32
#   unit: mag
#   description: "Secondary eclipse: depth"
#   meta:
#     ucd: src.var.amplitude
# - 
#   name: derived_secondary_ecl_depth_error
#   datatype: float32
#   unit: mag
#   description: "Secondary eclipse: uncertainty of \\texttt{derivedSecondaryEclDepth}"
#   meta:
#     ucd: stat.error;src.var.amplitude
solution_id,source_id,global_ranking,reference_time,frequency,frequency_error,geom_model_reference_level,geom_model_reference_level_error,geom_model_gaussian1_phase,geom_model_gaussian1_phase_error,geom_model_gaussian1_sigma,geom_model_gaussian1_sigma_error,geom_model_gaussian1_depth,geom_model_gaussian1_depth_error,geom_model_gaussian2_phase,geom_model_gaussian2_phase_error,geom_model_gaussian2_sigma,geom_model_gaussian2_sigma_error,geom_model_gaussian2_depth,geom_model_gaussian2_depth_error,geom_model_cosine_half_period_amplitude,geom_model_cosine_half_period_amplitude_error,geom_model_cosine_half_period_phase,geom_model_cosine_half_period_phase_error,model_type,num_model_parameters,reduced_chi2,derived_primary_ecl_phase,derived_primary_ecl_phase_error,derived_primary_ecl_duration,derived_primary_ecl_duration_error,derived_primary_ecl_depth,derived_primary_ecl_depth_error,derived_secondary_ecl_phase,derived_secondary_ecl_phase_error,derived_secondary_ecl_duration,derived_secondary_ecl_duration_error,derived_secondary_ecl_depth,derived_secondary_ecl_depth_error
[from data line 619]
375316653866487564,4314699136031806336,0.54364085,2161.092699779586,2.4058522796339177,1.527126E-5,19.199736,0.030953813,0.27797982,0.004651562,0.089346185,0.007957773,0.42462313,0.031468928,0.78636104,0.0037056182,0.08038594,0.0089566605,0.46899554,0.030096518,null,null,null,null,"TWOGAUSSIANS",8,4.5480237,0.78636104,0.0037056182,0.4,0.0,0.4589836,0.026990205,0.27797982,0.004651562,0.4,0.0,0.41461107,0.0250805
375316653866487564,4314699307808801408,0.5153022,2196.340322795559,0.0374253917443652,1.537424E-5,19.553493,0.008316562,0.16046976,0.0072246804,0.046817657,0.0051605864,0.34785756,0.029193368,0.76870877,0.0019322821,0.04075244,0.005680448,0.1230976,0.009252674,null,null,null,null,"TWOGAUSSIANS",8,1.510505,0.16046976,0.0072246804,0.26217887,0.028899284,0.34785756,0.029193368,0.76870877,0.0019322821,0.22821367,0.031810507,0.1230976,0.009252674
375316653866487564,4314699548348687488,0.551566,2171.754755966408,3.2261637263495597,1.3345068E-5,17.444876,0.008690658,0.3495959,0.00413572,0.18087167,0.008752048,0.26195225,0.008823553,0.7870561,0.01686467,0.010480433,0.0091250045,0.02984535,0.018486522,null,null,null,null,"TWOGAUSSIANS",8,6.9218836,0.3495959,0.00413572,0.4,0.0,0.25047487,0.008274362,0.7870561,0.01686467,0.058690425,0.051100027,0.034505773,0.019280102
375316653866487564,4314699685787350912,0.48261198,2238.811219811381,2.9214808225194115,2.9514957E-5,19.331617,0.00946391,0.29428655,0.005621394,0.07230575,0.01087376,0.28315178,0.07420882,0.7726434,0.007585551,0.092782564,0.010707579,0.18798447,0.019900667,null,null,null,null,"TWOGAUSSIANS",8,2.1720126,0.29428655,0.005621394,0.4,0.035117365,0.28013802,0.075806335,0.7726434,0.007585551,0.4,0.0,0.18497036,0.020210627
375316653866487564,4314699685787603584,0.6518901,2184.5738370247614,1.4800683543239164,5.019762E-6,15.59777,0.0059856316,0.21100755,0.0017971116,0.114792116,0.005240478,0.17929488,0.0052298326,0.7126993,0.0011414047,0.08191014,0.0015050994,0.38930205,0.006574528,null,null,null,null,"TWOGAUSSIANS",8,7.596737,0.7126993,0.0011414047,0.4,0.0,0.37093398,0.0040023425,0.21100755,0.0017971116,0.4,0.0,0.16089956,0.0032520832
375316653866487564,4314699823226312832,0.50380987,2158.377787021656,0.6551630788869239,4.0895688E-5,19.878792,0.010968197,0.17668942,0.01898039,0.023002718,0.03084747,0.9728141,0.85133666,0.71659404,0.017160526,0.015391391,0.008513514,0.085754536,0.043035664,null,null,null,null,"TWOGAUSSIANS",8,1.5938311,0.17668942,0.01898039,0.12881522,0.17274582,0.9728141,0.85133666,0.71659404,0.017160526,0.08619179,0.04767568,0.085754536,0.043035664
375316653866487564,4314700334272121216,0.4110761,2164.2392675810465,0.686517885215231,7.290219E-5,18.304155,0.004805406,0.07929047,0.0032052386,0.019677356,0.0022027649,0.05417025,0.0055367043,0.75355643,0.073019,0.09455599,0.07297141,0.43012655,65.76623,null,null,null,null,"TWOGAUSSIANS",8,85.08731,0.75355643,0.073019,0.4,0.28154114,0.4301258,65.76623,0.07899047,0.0031069438,0.11019319,0.012335483,0.05531512,0.0061330805
375316653866487564,4314700506087435904,0.5022005,2155.17972635841,3.884040917179158,3.060681E-5,18.75442,0.028457109,0.2700421,0.0059184534,0.11253883,0.018800888,0.18636301,0.025598334,0.78712445,0.0045728865,0.09598207,0.0145019805,0.20739886,0.026576363,null,null,null,null,"TWOGAUSSIANS",8,1.6559718,0.7871445,0.0046077,0.4,0.0,0.18941823,0.009803968,0.2700421,0.00591841,0.4,0.0,0.1683596,0.0134037435
375316653866487564,4314701060177224704,0.5176905,2199.995068679137,0.09985376412718015,1.5972091E-5,17.340368,0.0031486638,0.2448318,0.0067783725,0.039769858,0.006030982,0.05204644,0.013030793,0.77902335,0.003652684,0.02027831,0.002927551,0.143538,0.01718968,0.025129734,0.0052245087,0.2448318,0.0067783725,"TWOGAUSSIANS_WITH_ELLIPSOIDAL_ON_ECLIPSE1",9,6.096399,0.77902335,0.003652684,0.11355854,0.016394285,0.19151327,0.016604543,0.2448318,0.0067783725,0.2227112,0.033773497,0.10230585,0.010594823
375316653866487564,4314701227625959168,0.46308672,2181.6600702342794,3.6241825154002196,3.633117E-5,18.258831,0.0034497622,null,null,null,null,null,null,null,null,null,null,null,null,0.05283204,0.0043208697,0.26472217,0.008582455,"ELLIPSOIDAL",4,5.19049,null,null,null,null,null,null,null,null,null,null,null,null
375316653866487564,4314701644270123392,0.43727583,2172.2721273034795,0.053405353873120606,7.311823E-5,19.019236,0.015402375,0.03103617,0.06105712,0.04457248,0.04053213,0.14569086,0.027976558,0.45735568,0.009588677,0.077861965,0.0064149043,0.5317108,0.0409893,null,null,null,null,"TWOGAUSSIANS",8,10.997453,0.45735568,0.009588677,0.4,0.0,0.5316999,0.040847633,0.03103617,0.06107651,0.24960588,0.15150157,0.14568013,0.027884163
375316653866487564,4314701816091220608,0.654305,2177.3651303280863,0.8213345687795589,2.1805217E-5,14.258674,0.0017060374,0.28866,0.0084294425,0.029344046,0.008970263,0.32657167,0.050520048,0.78886664,0.0066668238,0.037436165,0.0058947396,0.07332666,0.006036196,0.013804922,0.0026492483,0.28866,0.0084294425,"TWOGAUSSIANS_WITH_ELLIPSOIDAL_ON_ECLIPSE1",9,15.481148,0.28866,0.0084294425,0.16432667,0.050233476,0.3541815,0.051916335,0.78886664,0.0064694276,0.20964251,0.033010542,0.10093644,0.005279824
375316653866487564,4314702125306475904,0.44413003,2138.81107903833,2.827936416855622,1.8840694E-5,18.387762,0.040315572,0.2774149,0.00481755,0.08848324,0.008045278,0.5579383,0.041624937,0.7818981,0.0042603826,0.076130964,0.0068202503,0.58654046,0.038687624,null,null,null,null,"TWOGAUSSIANS",8,60.132015,0.7818981,0.0042603826,0.4,6.6628045E-4,0.576148,0.03235971,0.2774149,0.00481755,0.4,0.0,0.5475456,0.035854664
375316653866487564,4314702155335128832,0.45295346,2167.8910986336855,2.2879147856040554,2.2587343E-5,16.827326,0.24048655,0.2170863,0.005271394,0.15444611,0.018186912,0.5555052,0.14453477,0.71206754,0.005540346,0.2502539,0.04087373,0.8171219,0.23975414,null,null,null,null,"TWOGAUSSIANS",8,16.959713,0.71206754,0.005540346,0.4,0.0,0.18139897,0.011142306,0.2212863,0.006183599,0.4,0.0,0.13562375,0.013274768
375316653866487564,4314702194048336512,0.5492518,2165.072857399655,0.03205416590329858,2.071475E-5,17.08664,0.0022944543,0.29684356,0.0038115876,0.056113765,0.0039552483,0.16450493,0.014447529,0.900918,0.008072754,0.059630282,0.013886887,0.021965928,0.018574586,null,null,null,null,"TWOGAUSSIANS",8,1.4698498,0.29684356,0.0038115876,0.3142371,0.02214939,0.1645048,0.014447653,0.900918,0.008072754,0.33392957,0.07776657,0.021965789,0.01857469
375316653866487564,4314702537623658496,0.5353377,2173.467089251498,2.4875512996543696,1.4700198E-5,19.134205,0.011436274,0.3060577,0.0025337122,0.07788437,0.0048523364,0.40486237,0.030778257,0.80129254,0.005597031,0.08281181,0.0067802453,0.32770634,0.0147044,null,null,null,null,"TWOGAUSSIANS",8,2.4551384,0.3060577,0.0025337122,0.4,0.0,0.39963934,0.03156533,0.80129254,0.005597031,0.4,0.0,0.3224833,0.013550099
375316653866487564,4314702537623678592,0.56990325,2169.537659953793,1.557819956807258,1.1980417E-5,18.884,0.005033248,0.1981466,0.005287995,0.033894263,0.0040200716,0.40770033,0.045433015,0.7158413,0.005346562,0.035067525,0.011094927,0.8412121,0.5630445,null,null,null,null,"TWOGAUSSIANS",8,2.8986511,0.7158413,0.005346562,0.19637814,0.062131587,0.8412121,0.5630445,0.1981466,0.005287995,0.18980788,0.022512402,0.40770033,0.045433015
375316653866487564,4314702979972938624,0.5769426,2150.692107342023,3.569787702982306,6.297064E-6,18.595459,0.006793922,0.25995323,0.0011383754,0.067190126,0.0019780162,0.41167092,0.0079737445,0.7722721,0.003101631,0.071278125,0.003353874,0.5778613,0.027951477,null,null,null,null,"TWOGAUSSIANS",8,3.4831285,0.7722721,0.003101631,0.3991575,0.009310301,0.5768182,0.02829842,0.25995323,0.0011383754,0.3762647,0.011076892,0.41062787,0.007840745
375316653866487564,4314703018682093440,0.5821164,2150.5423283805158,2.6524373429883235,5.272869E-6,18.550581,0.011140323,0.1752986,0.0023062937,0.07116117,0.0036050433,0.52069795,0.021557419,0.68349737,0.002316255,0.06650456,0.003260591,0.6595725,0.017539874,null,null,null,null,"TWOGAUSSIANS",8,6.89685,0.68349737,0.002316255,0.37242553,0.01825931,0.65829146,0.017460363,0.1752986,0.0023062937,0.39850256,0.012978186,0.5194169,0.021647023
375316653866487564,4314703495386368768,0.4295254,2168.1726928873645,2.22573978586375,2.4259316E-5,19.216568,0.042517133,0.28207287,0.009442768,0.06861957,0.01529479,0.46859878,0.098870575,0.74024683,0.0043310663,0.058782235,0.0071367538,0.8077807,0.1382898,null,null,null,null,"TWOGAUSSIANS",8,38.604637,0.74024683,0.0043310663,0.32918054,0.039965823,0.80763924,0.13835336,0.28207287,0.009442768,0.38426962,0.07982949,0.46845734,0.098979324
375316653866487564,4314703735883082496,0.44372284,2141.6789495090366,1.53949683260687,1.4162175E-5,18.339424,0.004668033,0.714401,0.0014433773,0.0057058046,0.003436973,0.07426759,0.19355671,0.83906955,0.0032308875,0.003531427,0.0011400873,0.5936898,0.5124132,null,null,null,null,"TWOGAUSSIANS",8,10.016534,0.83906955,0.0032308875,0.01977599,0.0063844887,0.5936898,0.5124132,0.714401,0.0014433773,0.031952508,0.01924705,0.07426759,0.19355671
375316653866487564,4314703946375129472,0.44001162,2170.2378686842735,0.09964697911435601,6.299355E-5,17.381071,0.002198587,0.15818274,0.0034298778,0.00380889,0.00201115,0.26555458,0.09585786,0.54474425,0.016283292,0.026728002,0.015634453,0.33387002,0.093600444,null,null,null,null,"TWOGAUSSIANS",8,7.0962133,0.54474425,0.016283292,0.14967681,0.087552935,0.33387002,0.093600444,0.15818274,0.0034298778,0.021329785,0.01126244,0.26555458,0.09585786
375316653866487564,4314704358691887360,0.60528445,2161.118890026938,2.661828637827651,5.1514517E-6,17.084576,0.009023494,0.23659267,0.0034860792,0.09155567,0.005807686,0.40778902,0.0119710155,0.73466426,9.5456454E-4,0.08513186,0.0021644349,0.44816843,0.008604174,null,null,null,null,"TWOGAUSSIANS",8,10.959516,0.73466426,9.5456454E-4,0.4,0.0,0.43308884,0.005580762,0.23659267,0.0034860792,0.4,0.0,0.39270917,0.012442578
375316653866487564,4314704427431833088,0.6021149,2154.5759043496755,1.2624347061868653,4.6454634E-6,16.350323,0.010913175,0.24495234,0.0022114057,0.09715132,0.005129676,0.2665759,0.010213424,0.76092815,0.001289419,0.103689335,0.004840197,0.25919244,0.009557521,null,null,null,null,"TWOGAUSSIANS",8,5.1670227,0.24494234,0.0022143316,0.4,0.0,0.24721608,0.0060691177,0.76092815,0.001289419,0.4,0.0,0.23982802,0.0051222257
375316653866487564,4314704874108467584,0.5380191,2146.7325298035585,0.09766903093806283,2.780239E-5,17.888071,0.0019235205,0.16538969,0.026629763,0.018413804,0.016315477,0.67083776,0.6257551,0.89179456,0.017011236,0.036419217,0.0268351,0.022944609,0.119227655,null,null,null,null,"TWOGAUSSIANS",8,1.8791137,0.16538969,0.026629763,0.1031173,0.09136667,0.67083776,0.6257551,0.89179456,0.017011236,0.2039476,0.15027657,0.022944609,0.119227655
375316653866487564,4314705007197452672,0.6155577,2136.511840832314,2.3945784257230196,4.891899E-6,17.925821,0.009193146,0.2269301,0.0025354417,0.03753628,0.0042456784,0.23223312,0.03248372,0.7242652,0.003181591,0.045415152,0.005718532,0.26726106,0.022956455,0.15007848,0.015792726,0.2269301,0.0025354417,"TWOGAUSSIANS_WITH_ELLIPSOIDAL_ON_ECLIPSE1",9,6.3453307,0.7246752,0.0025363355,0.25432485,0.03202378,0.56734675,0.03144044,0.2269301,0.0025354417,0.21020317,0.0237758,0.53239,0.024314934
375316653866487564,4314705526943606912,0.47363737,2126.7145688726937,3.47832046137407,1.8098632E-5,15.910261,0.00443627,0.24557236,0.0055828393,0.08361997,0.006443297,0.13296682,0.010500309,0.7467041,0.005596113,0.06843572,0.0055799,0.11518998,0.0063036634,null,null,null,null,"TWOGAUSSIANS",8,18.507092,0.24557236,0.0055828393,0.4,0.0,0.13188052,0.010545141,0.7467041,0.005596113,0.38324004,0.030844174,0.11410369,0.0060585137
375316653866487564,4314705767441116928,0.5324874,2156.9460856208716,3.398532969206015,1.3630625E-5,19.213102,0.014155521,0.23353954,0.004062836,0.06823794,0.0040640393,0.6329798,0.030518573,0.74643004,0.00793105,0.06934802,0.0064204196,0.55856836,0.031266376,null,null,null,null,"TWOGAUSSIANS",8,7.4332023,0.23353954,0.004062836,0.38213247,0.02275862,0.6318385,0.030402483,0.74643004,0.00793105,0.38834894,0.032423135,0.55742705,0.031176351
375316653866487564,4314705831831439616,0.5655326,2138.406579457027,3.002193559705094,1.45558E-5,18.471087,0.01854246,0.2083248,0.0042517902,0.041163366,0.008993588,0.25853205,0.033875756,0.71407723,0.011515112,0.043226317,0.020231929,0.36159927,0.21636689,0.1226509,0.020434575,0.2083248,0.0042517902,"TWOGAUSSIANS_WITH_ELLIPSOIDAL_ON_ECLIPSE1",9,4.47614,0.71407723,0.01148236,0.24206737,0.1132988,0.60658056,0.24497202,0.2083248,0.0042517902,0.23051485,0.050364092,0.50383365,0.012938725
375316653866487564,4314705939260269184,0.55676925,2164.977688737416,0.1716698652810765,2.3320134E-5,14.32856,5.4054364E-4,0.4608315,0.010613512,0.012322934,0.0037927674,0.094325334,0.3758141,0.71255344,6.7321803E-6,0.007376935,2.9499199E-5,0.106154494,5.5491406E-4,null,null,null,null,"TWOGAUSSIANS",8,8.572576,0.71255344,6.7321803E-6,0.041310836,1.6519551E-4,0.106154494,5.5491406E-4,0.4608315,0.010613512,0.06900843,0.021239497,0.094325334,0.3758141
375316653866487564,4314707073131781248,0.534909,2168.5564625265874,0.5337638966031141,1.0421143E-6,15.559053,5.656165E-4,0.26405436,5.317597E-6,0.010456623,1.0527003E-4,0.21519345,0.0026926745,null,null,null,null,null,null,null,null,null,null,"ONEGAUSSIAN",5,3.1633568,0.26405436,5.317597E-6,0.058557086,5.895122E-4,0.21519345,0.0,null,null,null,null,null,null
375316653866487564,4314708065214310528,0.43676394,2128.8476547720365,0.3134811435014793,5.1820247E-5,18.83085,0.00820435,0.34631178,0.020182531,0.06630078,0.021068733,0.06646312,0.012008408,0.8732315,0.04071948,0.028296635,0.025660144,0.11145954,0.12767443,null,null,null,null,"TWOGAUSSIANS",8,3.6260755,0.8732315,0.04071948,0.15846115,0.14369681,0.111459516,0.12766807,0.34631178,0.020182531,0.37128437,0.111235134,0.06646309,0.012007452
375316653866487564,4314708413142516608,0.5903115,2179.0207669059237,2.8619735892756193,6.429622E-6,15.397375,0.008693045,0.25911942,0.0067373468,0.059889518,0.010160031,0.09889982,0.017563105,0.74991286,0.0018234036,0.04858791,0.009679649,0.07759012,0.018194497,0.09247854,0.010563535,0.74991286,0.0018234036,"TWOGAUSSIANS_WITH_ELLIPSOIDAL_ON_ECLIPSE2",9,46.838734,0.25592944,0.004089723,0.3353813,0.056896172,0.2834438,0.0070207473,0.74991286,0.0018234036,0.2720923,0.054206036,0.2625385,0.01171545
375316653866487564,4314708481881111808,0.5486822,2120.7163183966472,4.551146514268548,1.9116524E-5,18.903215,0.013011509,0.27534056,0.0022957078,0.06920266,0.003597564,0.57792056,0.030806864,0.7687993,0.0047322367,0.07388191,0.008179377,0.42888942,0.040652186,null,null,null,null,"TWOGAUSSIANS",8,4.3816485,0.27534056,0.0022957078,0.38753492,0.019174,0.5760422,0.030867651,0.7687993,0.0047322367,0.4,0.0037818996,0.42701104,0.041671164
375316653866487564,4314709031637084928,0.52154696,2153.272948952833,0.9089557819148133,1.3895016E-5,17.753164,0.003282635,0.17557757,0.008118938,0.018211449,0.010150069,0.093381904,0.004584934,0.68811274,0.0011173628,0.02368511,0.0011442297,0.29102603,0.008649439,null,null,null,null,"TWOGAUSSIANS",8,6.848766,0.68811274,0.0011173628,0.13263662,0.006407686,0.29102603,0.008649439,0.17557757,0.008118938,0.101984106,0.056840386,0.093381904,0.004584934
375316653866487564,4314709306496156416,0.5176135,2141.752943204325,0.09932045258206698,2.9876945E-4,18.42519,0.0024273873,0.1935552,0.008745859,0.006170175,0.008311329,0.4130817,0.1062289,0.31516278,0.021551205,0.03098033,0.018630855,0.045424115,0.041670687,null,null,null,null,"TWOGAUSSIANS",8,3.3257158,0.1935552,0.008745859,0.03455298,0.046543445,0.41310218,0.106241465,0.31516278,0.021551205,0.17348985,0.10433279,0.045424115,0.041670687
