Gaia/vari_eclipsing_binary/VariEclipsingBinary_234354-234404.csv
# %ECSV 1.0
# ---
# delimiter: ','
# meta: !!omap
# - RELEASE: Gaia DR3
# - TABLE: vari_eclipsing_binary
# - DESCRIPTION: >
#     This table describes the properties of the eclipsing binaries resulting from the variability analysis. 
# - CITATION: >
#     How to cite and acknowledge Gaia: 
#     https://gea.esac.esa.int/archive/documentation/credits.html 
# - KNOWN_ISSUES: >
#     Known issues: 
#     https://www.cosmos.esa.int/web/gaia-users/known-issues 
# - DOCUMENTATION: >
#     Tutorials and documentation: 
#     https://www.cosmos.esa.int/web/gaia-users/archive 
# datatype:
# - 
#   name: solution_id
#   datatype: int64
#   description: Solution Identifier
#   meta:
#     ucd: meta.version
# - 
#   name: source_id
#   datatype: int64
#   description: Unique source identifier
#   meta:
#     ucd: meta.id;meta.main
# - 
#   name: global_ranking
#   datatype: float32
#   description: Number between 0 (worst) and 1 (best)
#   meta:
#     ucd: stat.param
# - 
#   name: reference_time
#   datatype: float64
#   unit: d
#   description: Reference time used for the geometric model fit
#   meta:
#     ucd: time.epoch
# - 
#   name: frequency
#   datatype: float64
#   unit: d**-1
#   description: Frequency of geometric model of the eclipsing binary light curve
#   meta:
#     ucd: src.orbital
# - 
#   name: frequency_error
#   datatype: float32
#   unit: d**-1
#   description: "Uncertainty of \\texttt{frequency}"
#   meta:
#     ucd: stat.error
# - 
#   name: geom_model_reference_level
#   datatype: float32
#   unit: mag
#   description: Magnitude reference level of geometric model
#   meta:
#     ucd: phot.mag;em.opt
# - 
#   name: geom_model_reference_level_error
#   datatype: float32
#   unit: mag
#   description: "Uncertainty of \\texttt{geomModelReferenceLevel}"
#   meta:
#     ucd: stat.error;phot.mag;em.opt
# - 
#   name: geom_model_gaussian1_phase
#   datatype: float32
#   description: Phase of the Gaussian 1 component
#   meta:
#     ucd: time.phase
# - 
#   name: geom_model_gaussian1_phase_error
#   datatype: float32
#   description: "Uncertainty of \\texttt{geomModelGaussian1Phase}"
#   meta:
#     ucd: stat.error;time.phase
# - 
#   name: geom_model_gaussian1_sigma
#   datatype: float32
#   description: "Standard deviation [phase] of Gaussian 1 component"
#   meta:
#     ucd: stat.stdev
# - 
#   name: geom_model_gaussian1_sigma_error
#   datatype: float32
#   description: "Uncertainty of \\texttt{geomModelGaussian1Sigma}"
#   meta:
#     ucd: stat.error
# - 
#   name: geom_model_gaussian1_depth
#   datatype: float32
#   unit: mag
#   description: Magnitude depth of Gaussian 1 component
#   meta:
#     ucd: src.var.amplitude
# - 
#   name: geom_model_gaussian1_depth_error
#   datatype: float32
#   unit: mag
#   description: "Uncertainty of \\texttt{geomModelGaussian1Depth}"
#   meta:
#     ucd: stat.error;src.var.amplitude
# - 
#   name: geom_model_gaussian2_phase
#   datatype: float32
#   description: Phase of Gaussian 2 component
#   meta:
#     ucd: time.phase
# - 
#   name: geom_model_gaussian2_phase_error
#   datatype: float32
#   description: "Uncertainty of \\texttt{geomModelGaussian2Phase}"
#   meta:
#     ucd: stat.error;time.phase
# - 
#   name: geom_model_gaussian2_sigma
#   datatype: float32
[...]
#   datatype: float32
#   description: "Secondary eclipse: uncertainty of \\texttt{derivedSecondaryEclDuration}"
#   meta:
#     ucd: stat.error;time.duration
# - 
#   name: derived_secondary_ecl_depth
#   datatype: float32
#   unit: mag
#   description: "Secondary eclipse: depth"
#   meta:
#     ucd: src.var.amplitude
# - 
#   name: derived_secondary_ecl_depth_error
#   datatype: float32
#   unit: mag
#   description: "Secondary eclipse: uncertainty of \\texttt{derivedSecondaryEclDepth}"
#   meta:
#     ucd: stat.error;src.var.amplitude
solution_id,source_id,global_ranking,reference_time,frequency,frequency_error,geom_model_reference_level,geom_model_reference_level_error,geom_model_gaussian1_phase,geom_model_gaussian1_phase_error,geom_model_gaussian1_sigma,geom_model_gaussian1_sigma_error,geom_model_gaussian1_depth,geom_model_gaussian1_depth_error,geom_model_gaussian2_phase,geom_model_gaussian2_phase_error,geom_model_gaussian2_sigma,geom_model_gaussian2_sigma_error,geom_model_gaussian2_depth,geom_model_gaussian2_depth_error,geom_model_cosine_half_period_amplitude,geom_model_cosine_half_period_amplitude_error,geom_model_cosine_half_period_phase,geom_model_cosine_half_period_phase_error,model_type,num_model_parameters,reduced_chi2,derived_primary_ecl_phase,derived_primary_ecl_phase_error,derived_primary_ecl_duration,derived_primary_ecl_duration_error,derived_primary_ecl_depth,derived_primary_ecl_depth_error,derived_secondary_ecl_phase,derived_secondary_ecl_phase_error,derived_secondary_ecl_duration,derived_secondary_ecl_duration_error,derived_secondary_ecl_depth,derived_secondary_ecl_depth_error
[from data line 146]
375316653866487564,2061544277309655168,0.6764373,2232.1954377530164,0.4135401462902701,4.4305175E-6,16.601852,0.0011021494,0.18359686,3.002778E-4,0.022089086,2.7567428E-4,0.42685443,0.0069737146,0.6049282,0.009078791,0.02507198,0.0054445006,0.37908927,0.044652447,0.0059045344,0.0018143002,0.18359686,3.002778E-4,"TWOGAUSSIANS_WITH_ELLIPSOIDAL_ON_ECLIPSE1",9,2.6398444,0.18359686,3.002778E-4,0.12369888,0.001543776,0.43866348,0.0075170835,0.6050282,0.0091013955,0.14040309,0.030489203,0.38824373,0.0449949
375316653866487564,2061544483468099200,0.66614276,2199.019166008353,0.441022942725507,1.4869335E-5,15.975174,9.090926E-4,0.74774283,4.4504835E-4,0.014660507,2.3848891E-4,0.48236024,0.0033578654,0.23825376,0.011724306,0.011900744,0.005677584,0.15732498,0.09675227,null,null,null,null,"TWOGAUSSIANS",8,4.983653,0.74774283,4.4504835E-4,0.08209884,0.0013355379,0.48236024,0.0033578654,0.23825376,0.011724306,0.06664417,0.031794474,0.15732498,0.09675227
375316653866487564,2061544895758055680,0.53725356,2192.5599058461653,1.2052401880894603,1.1588586E-5,18.729746,0.0077880425,0.22103168,0.0031538357,0.066711135,0.006141808,0.2596742,0.011321354,0.7146302,0.0032959995,0.06258097,0.0046676616,0.31192276,0.0171681,null,null,null,null,"TWOGAUSSIANS",8,3.3609624,0.7146302,0.0032959995,0.35045344,0.026138905,0.3116583,0.01721994,0.22103168,0.0031538357,0.37358236,0.034394123,0.25940973,0.0113792075
375316653866487564,2061545376821364096,0.5049714,2221.2521849991476,3.20377249816815,1.5213857E-5,16.573116,0.0045942343,0.2372096,0.010018246,0.041105308,0.02006668,0.077730656,0.020738794,0.7406857,0.004344125,0.044710394,0.0063300617,0.10790512,0.024417587,0.03581143,0.006325172,0.2372096,0.010018246,"TWOGAUSSIANS_WITH_ELLIPSOIDAL_ON_ECLIPSE1",9,12.144562,0.7406857,0.0038950932,0.2503782,0.035448346,0.17949365,0.025915807,0.2372096,0.010018246,0.23018973,0.11237341,0.14935336,0.019226767
375316653866487564,2061545956615383040,0.48011884,2213.5691898078335,3.4057746402230893,1.6113881E-5,19.076735,0.023341157,0.24168642,0.006621536,0.10532752,0.014268657,0.194697,0.023943258,0.77032214,0.007931837,0.10261848,0.013782329,0.20313428,0.023278393,null,null,null,null,"TWOGAUSSIANS",8,2.36209,0.7703421,0.007925118,0.4,0.0,0.18743801,0.013547751,0.2416764,0.006620511,0.4,0.0,0.17899701,0.018392505
375316653866487564,2061546613772025856,0.4334163,2201.855970843699,0.27323247701536246,1.2205951E-6,17.072065,0.0038032203,0.4101227,0.008644396,0.033949498,0.0063597453,0.13362482,0.018533219,0.7959491,0.0026159477,0.006228083,0.0010371007,0.20228596,0.076431155,0.00564757,0.0053552515,0.4101227,0.008644396,"TWOGAUSSIANS_WITH_ELLIPSOIDAL_ON_ECLIPSE1",9,29.85468,0.7959591,0.0026138057,0.034877263,0.0058077634,0.20869994,0.076850004,0.4101227,0.008644396,0.19011718,0.035614572,0.14491996,0.019073583
375316653866487564,2061547232247253248,0.58263737,2218.010365847491,2.5849355063871866,8.4561E-6,13.982444,0.0016839786,0.2766967,0.0075340867,0.02999616,0.017153202,0.013577719,0.012610595,0.76049453,0.0033753102,0.032410033,0.018526493,0.018602373,0.053190038,0.028851409,0.002152681,0.76049453,0.0033753102,"TWOGAUSSIANS_WITH_ELLIPSOIDAL_ON_ECLIPSE2",9,13.664491,0.76049453,0.0033753102,0.18149619,0.10374836,0.07630519,0.053718153,0.27292672,0.0061632073,0.1679785,0.09605793,0.07082235,0.013016837
375316653866487564,2061547747643335296,0.6836189,2214.354066976642,2.0459065743235665,2.5517047E-6,15.112783,0.00265595,0.24568266,8.5020013E-4,0.048314698,0.010053618,0.03905319,0.00574896,0.7390296,0.007049836,0.04866793,0.008254073,0.059720743,0.007921686,0.09219919,0.0035097145,0.24568266,8.5020013E-4,"TWOGAUSSIANS_WITH_ELLIPSOIDAL_ON_ECLIPSE1",9,6.3226337,0.74146956,0.00444697,0.27254042,0.046222806,0.2439144,0.005266869,0.24568266,8.5020013E-4,0.27056232,0.05630026,0.22345105,0.006411552
375316653866487564,2061547777682113408,0.5308431,2217.7999668485522,0.2250309489493688,9.430591E-6,18.445631,0.0042804433,0.24114278,0.037607096,0.022423226,0.027568724,0.15734851,1732753.0,0.76254976,9.659003E-4,0.025705505,0.0018666515,0.54673904,0.07585462,null,null,null,null,"TWOGAUSSIANS",8,5.6172957,0.76254976,9.659003E-4,0.14395083,0.010453248,0.54673904,0.07585462,0.24114278,0.037607096,0.12557007,0.15438487,0.15734851,1732753.0
375316653866487564,2061548503531154944,0.50096786,2218.237120578331,0.10601193733846037,2.8862589E-5,19.535301,0.0052709603,0.114015654,0.0020396754,0.0063884323,0.0026561173,0.054585624,0.01929444,0.32359773,0.008010707,0.03077325,0.02549697,1.3862982,7228.5815,null,null,null,null,"TWOGAUSSIANS",8,2.661018,0.32359773,0.008010707,0.1723302,0.14278303,1.3862982,7228.5815,0.114015654,0.0020396754,0.03577522,0.014874257,0.054585624,0.01929444
375316653866487564,2061548812768541696,0.54573387,2216.982643375238,0.5471798666007005,2.9691071E-5,17.903437,0.0026012734,0.29010394,0.0022102676,0.029767588,0.0020556,0.38487083,0.060402084,0.78947425,0.03160836,0.02881747,0.028832365,0.29229432,0.18994899,null,null,null,null,"TWOGAUSSIANS",8,2.696484,0.29010394,0.0022102676,0.1666985,0.01151136,0.38487083,0.060402084,0.78947425,0.03160836,0.16137783,0.16146123,0.29229432,0.18994899
375316653866487564,2061548847155080192,0.6136458,2197.52168400608,0.4340375705374424,1.0989364E-5,16.84221,0.0014926008,0.30141994,0.0016260892,0.017599842,8.406294E-4,0.38244286,0.041190084,0.796156,4.5856752E-4,0.018894855,0.0018911844,0.3555362,0.024245312,null,null,null,null,"TWOGAUSSIANS",8,5.089883,0.30141994,0.0016260892,0.09855912,0.0047075246,0.38244286,0.041190084,0.796156,4.5856752E-4,0.10581119,0.010590632,0.3555362,0.024245312
375316653866487564,2061549426949277696,0.5054044,2220.2734539095536,1.419191628346487,1.3585575E-5,19.180885,0.0069105197,0.30626678,0.0050951084,0.06857986,0.0058955154,0.25779036,0.012665047,0.81123275,0.0058711697,0.07670828,0.0076951263,0.18228176,0.018745223,null,null,null,null,"TWOGAUSSIANS",8,1.9512213,0.30626678,0.0050951084,0.3840472,0.02825461,0.25677168,0.012727417,0.81123275,0.0058711697,0.4,0.0,0.18126309,0.018959269
375316653866487564,2061549809199485696,0.50473654,2224.065479642398,0.040840133585625875,1.4799231E-5,19.482595,0.0037708813,0.22912076,0.026528722,0.024785148,0.011655634,0.79881626,0.2624098,0.46867147,0.0039997436,0.014681955,0.0042559537,0.04754314,0.011099241,null,null,null,null,"TWOGAUSSIANS",8,1.5155177,0.22912076,0.026528722,0.13879684,0.06527156,0.79881626,0.2624098,0.46867147,0.0039997436,0.082218945,0.023833342,0.04754314,0.011099241
375316653866487564,2061549809227951744,0.5010707,2222.901832110319,0.2648839950783527,2.5426853E-4,16.79845,0.0015507464,0.5919896,0.046552267,0.034792557,0.029151807,0.281203,2.4584017,null,null,null,null,null,null,null,null,null,null,"ONEGAUSSIAN",5,5.5402017,0.5919896,0.046552267,0.19483832,0.16325012,0.281203,0.0,null,null,null,null,null,null
375316653866487564,2061550255904619264,0.44746894,2225.2212653047745,3.47304361448087,3.1265707E-5,18.178804,0.0064597568,0.118226856,0.043309025,0.030879827,0.039517567,0.052047763,1.80500186E9,0.70474446,0.008394654,0.07782955,0.01557625,0.16288586,0.024838576,null,null,null,null,"TWOGAUSSIANS",8,9.650981,0.70474446,0.008394654,0.4,0.021254,0.16288577,0.024839059,0.118226856,0.043309025,0.17292704,0.22129837,0.05204778,1.80500186E9
375316653866487564,2061550668221505152,0.6312504,2228.975776666391,1.112897218964493,4.063144E-6,13.174334,0.010258596,0.2992976,0.0013323172,0.1042498,0.004830068,0.18691082,0.009827503,0.7918567,0.0016312294,0.111959174,0.007242811,0.16176565,0.008776939,null,null,null,null,"TWOGAUSSIANS",8,31.909693,0.29930758,0.0013355141,0.4,0.0,0.16488576,0.003437058,0.7918567,0.0016312294,0.4,0.0,0.13972883,0.004520817
375316653866487564,2061551076217229184,0.48846138,2231.8906722557967,3.107168233254773,3.686946E-5,17.732826,0.046500526,0.2267437,0.0076729883,0.117032126,0.02553496,0.18659177,0.044476613,0.7297708,0.009385903,0.10365705,0.024123231,0.19961205,0.04471927,null,null,null,null,"TWOGAUSSIANS",8,12.316676,0.7297808,0.009412335,0.4,0.0,0.17105947,0.014540342,0.2267437,0.0076744473,0.4,0.0,0.15800196,0.0113530075
375316653866487564,2061552901604651648,0.51544404,2216.3963070857917,0.3125202708520783,1.1896974E-5,19.973433,0.0095052,0.16966487,0.0013676654,0.013843129,0.0017835194,2.164086,1.6060057,0.6148369,0.009538274,0.01311878,0.015996937,0.33153573,26.721006,null,null,null,null,"TWOGAUSSIANS",8,2.0938022,0.16966487,0.0013676654,0.077521525,0.009987709,2.164086,1.6060057,0.6148369,0.009538274,0.07346517,0.089582846,0.33153573,26.721006
375316653866487564,2061553485720202112,0.5863708,2194.502729179907,0.13254529096970405,5.5425107E-6,18.16763,0.0023844633,0.6174268,0.011122557,0.02071973,0.00667388,0.37322107,0.09238807,0.8328248,0.012986593,0.037049226,0.0193531,0.022484165,0.02519029,null,null,null,null,"TWOGAUSSIANS",8,1.1622787,0.6174268,0.011122557,0.11603048,0.037373725,0.3732211,0.09238807,0.8328248,0.012986593,0.20747566,0.10837735,0.022484165,0.02519029
375316653866487564,2061554138562396672,0.44088727,2202.8775349492344,0.12379443172807948,1.10747256E-4,19.747692,0.0126334885,0.19199729,0.015324383,0.05872316,0.013951922,0.4097684,0.061304137,0.62423366,0.022525435,0.044366363,0.015514808,0.35717022,0.19679323,null,null,null,null,"TWOGAUSSIANS",8,7.797153,0.19199729,0.015324383,0.3288497,0.07813076,0.4097682,0.061304413,0.62423366,0.022525435,0.24845164,0.08688292,0.35717002,0.19679649
375316653866487564,2061554379073420032,0.52942854,2212.923730280868,1.7338185713377896,1.2258796E-5,18.785183,0.01781898,0.24094728,0.0021813817,0.083466925,0.0051399632,0.33292943,0.01754533,0.7581771,0.0050549437,0.100636095,0.013229093,0.2598015,0.013451148,null,null,null,null,"TWOGAUSSIANS",8,3.1949344,0.24094728,0.0021805202,0.4,0.0,0.32178473,0.012117817,0.7581771,0.0050549437,0.4,0.0,0.24865372,0.013433715
375316653866487564,2061554963188928640,0.51909846,2197.81559141836,3.4146108849386474,1.5757672E-5,15.483518,0.038670592,0.21853343,0.0036858427,0.11633636,0.01711009,0.21803735,0.035825077,0.73228407,0.0045724446,0.10376807,0.01673017,0.21679336,0.036423445,null,null,null,null,"TWOGAUSSIANS",8,57.025654,0.21852343,0.0036700924,0.4,0.0,0.18956408,0.011567666,0.73232406,0.004657225,0.4,0.0,0.18836313,0.008347265
375316653866487564,2061555268109171200,0.63909566,2197.8301766309964,0.2657394299164655,1.0892869E-6,16.916576,0.0015641343,0.27818882,2.6883857E-4,0.017132644,3.5624072E-4,0.42689586,0.012179147,0.77870375,7.588005E-4,0.017294507,9.114561E-4,0.39333057,0.012729865,null,null,null,null,"TWOGAUSSIANS",8,4.336884,0.27818882,2.6883857E-4,0.0959428,0.0019949481,0.42689586,0.012179147,0.77870375,7.588005E-4,0.09684924,0.0051041543,0.39333057,0.012729865
375316653866487564,2061555272399302144,0.49681044,2167.117763993183,2.4316901734638936,1.4136524E-5,19.565271,0.012011837,0.3034103,0.0042014625,0.07776935,0.0068916758,0.37373373,0.034359947,0.79466623,0.004249982,0.08741886,0.006825181,0.3182839,0.017288957,null,null,null,null,"TWOGAUSSIANS",8,2.053683,0.3034103,0.0042014625,0.4,0.0,0.36776596,0.036115438,0.79466623,0.004249982,0.4,0.0,0.31231606,0.017260525
375316653866487564,2061555375505756288,0.49616677,2168.856323748084,2.257606658232841,2.0116613E-5,19.267305,0.011613638,0.28696632,0.010725851,0.07469672,0.021992771,0.14284725,0.035102434,0.7639987,0.0038703224,0.08494973,0.007125117,0.22134118,0.013206114,null,null,null,null,"TWOGAUSSIANS",8,1.8245951,0.7639987,0.0038703224,0.4,0.0,0.2196602,0.011924371,0.28696632,0.010725851,0.4,0.020934442,0.1411663,0.037288465
375316653866487564,2061555581637021824,0.5555159,2207.317065533377,1.2545467594964608,2.0436146E-5,15.79208,0.003012333,0.15108009,0.020318365,0.021569906,0.008294781,0.10425863,0.14484167,0.6981284,0.003224874,0.034530375,0.0031434253,0.47386196,0.027060827,null,null,null,null,"TWOGAUSSIANS",8,45.36327,0.6981284,0.003224874,0.1933701,0.017603183,0.47386196,0.027060827,0.15108009,0.020318365,0.12079148,0.04645077,0.10425863,0.14484167
375316653866487564,2061555650357387904,0.53404665,2195.963723172339,2.6153374932709457,9.737504E-6,19.894106,0.015516112,0.2632976,0.010627108,0.07688226,0.010611702,0.5129411,0.04236209,0.7612761,0.001474664,0.07269728,0.0035196114,0.5481476,0.019561594,null,null,null,null,"TWOGAUSSIANS",8,1.4978019,0.7612761,0.001474664,0.4,0.0024326781,0.54435533,0.018481284,0.2632976,0.010627108,0.4,0.0,0.5091489,0.04221624
375316653866487564,2061556230179182848,0.516136,2211.2398546032405,0.6050854534474177,2.4439662E-5,17.181541,0.002264939,0.21021007,0.0038822144,0.02299639,0.0043807537,0.04655425,0.022234356,0.7426674,0.014896239,0.047125593,0.010739037,0.04446256,0.0128724165,0.026391998,0.0024349065,0.21021007,0.0038822144,"TWOGAUSSIANS_WITH_ELLIPSOIDAL_ON_ECLIPSE1",9,3.1463428,0.21021007,0.0038822144,0.12877978,0.024532221,0.099338114,0.021643398,0.7426674,0.014896239,0.26390332,0.060138606,0.095081426,0.012869231
375316653866487564,2061556234499289728,0.5196087,2203.313196413881,0.7207921921214534,1.5348407E-5,16.574547,0.0018919691,0.28360423,0.008146092,0.030141745,0.007269019,0.073112264,0.006894568,0.7788717,0.0060598967,0.02111419,0.003217874,0.07733373,0.00940245,0.01667715,0.00257122,0.7788717,0.0060598967,"TWOGAUSSIANS_WITH_ELLIPSOIDAL_ON_ECLIPSE2",9,4.805077,0.7788717,0.0060598967,0.118239455,0.018020095,0.110688,0.01059399,0.2834542,0.0077557745,0.16879377,0.040706504,0.10643798,0.005030388
375316653866487564,2061556646789650176,0.46453306,2174.6981718223465,3.222373654238777,1.7579287E-5,19.583652,0.008142447,0.23978569,0.005007422,0.033366915,0.009393677,0.04659868,0.06490598,null,null,null,null,null,null,0.13317093,0.015004905,0.23978569,0.005007422,"ONEGAUSSIAN_WITH_ELLIPSOIDAL",6,5.3544364,0.23978569,0.005007422,0.18685472,0.05260459,0.31294012,0.06232942,null,null,null,null,null,null
375316653866487564,2061556818590008704,0.5274879,2177.4570159519276,3.194141621190208,1.1938992E-5,19.849405,0.010416229,0.3122558,0.006287163,0.061574258,0.009185401,0.56282264,0.04681516,0.8174623,0.0029399656,0.07407618,0.003641727,0.6545865,0.03695092,null,null,null,null,"TWOGAUSSIANS",8,1.7424946,0.8174623,0.0029399656,0.4,0.0,0.65340215,0.03714031,0.3122558,0.006287163,0.34481585,0.051438242,0.5616383,0.047216594
375316653866487564,2061557020455847552,0.54937845,2209.486592176371,0.6608487021499392,7.7539025E-6,18.996885,0.007055408,0.2731878,0.03343103,0.068941414,0.026724732,0.11713547,0.012384087,0.75488377,0.0013440709,0.045479737,0.0013817765,0.6875146,0.04135296,null,null,null,null,"TWOGAUSSIANS",8,3.513599,0.75488377,0.0013440709,0.25468653,0.0077379486,0.6874988,0.041354224,0.2731878,0.03343103,0.3860719,0.1496585,0.11711969,0.012380596
375316653866487564,2061558055565634432,0.514036,2230.1654423541927,0.11802906475386424,1.3803334E-5,14.10777,0.0012438754,null,null,null,null,null,null,null,null,null,null,null,null,0.03826644,0.0014983035,0.25294533,0.0029382356,"ELLIPSOIDAL",4,28.224977,null,null,null,null,null,null,null,null,null,null,null,null
375316653866487564,2061559155054774528,0.5209995,2204.182477630183,1.16879391594249,3.507813E-5,19.344282,0.005119953,0.2468969,0.00734145,0.03981882,0.005824001,0.39400962,0.08779478,0.76326674,0.0053139874,0.045110777,0.003253107,0.43311682,0.04023226,null,null,null,null,"TWOGAUSSIANS",8,1.9811437,0.76326674,0.0053139874,0.25262034,0.0182174,0.43311682,0.040232264,0.2468969,0.00734145,0.22298539,0.032614406,0.39400962,0.08779479
