Gaia/vari_eclipsing_binary/VariEclipsingBinary_677357-677369.csv
# %ECSV 1.0
# ---
# delimiter: ','
# meta: !!omap
# - RELEASE: Gaia DR3
# - TABLE: vari_eclipsing_binary
# - DESCRIPTION: >
#     This table describes the properties of the eclipsing binaries resulting from the variability analysis. 
# - CITATION: >
#     How to cite and acknowledge Gaia: 
#     https://gea.esac.esa.int/archive/documentation/credits.html 
# - KNOWN_ISSUES: >
#     Known issues: 
#     https://www.cosmos.esa.int/web/gaia-users/known-issues 
# - DOCUMENTATION: >
#     Tutorials and documentation: 
#     https://www.cosmos.esa.int/web/gaia-users/archive 
# datatype:
# - 
#   name: solution_id
#   datatype: int64
#   description: Solution Identifier
#   meta:
#     ucd: meta.version
# - 
#   name: source_id
#   datatype: int64
#   description: Unique source identifier
#   meta:
#     ucd: meta.id;meta.main
# - 
#   name: global_ranking
#   datatype: float32
#   description: Number between 0 (worst) and 1 (best)
#   meta:
#     ucd: stat.param
# - 
#   name: reference_time
#   datatype: float64
#   unit: d
#   description: Reference time used for the geometric model fit
#   meta:
#     ucd: time.epoch
# - 
#   name: frequency
#   datatype: float64
#   unit: d**-1
#   description: Frequency of geometric model of the eclipsing binary light curve
#   meta:
#     ucd: src.orbital
# - 
#   name: frequency_error
#   datatype: float32
#   unit: d**-1
#   description: "Uncertainty of \\texttt{frequency}"
#   meta:
#     ucd: stat.error
# - 
#   name: geom_model_reference_level
#   datatype: float32
#   unit: mag
#   description: Magnitude reference level of geometric model
#   meta:
#     ucd: phot.mag;em.opt
# - 
#   name: geom_model_reference_level_error
#   datatype: float32
#   unit: mag
#   description: "Uncertainty of \\texttt{geomModelReferenceLevel}"
#   meta:
#     ucd: stat.error;phot.mag;em.opt
# - 
#   name: geom_model_gaussian1_phase
#   datatype: float32
#   description: Phase of the Gaussian 1 component
#   meta:
#     ucd: time.phase
# - 
#   name: geom_model_gaussian1_phase_error
#   datatype: float32
#   description: "Uncertainty of \\texttt{geomModelGaussian1Phase}"
#   meta:
#     ucd: stat.error;time.phase
# - 
#   name: geom_model_gaussian1_sigma
#   datatype: float32
#   description: "Standard deviation [phase] of Gaussian 1 component"
#   meta:
#     ucd: stat.stdev
# - 
#   name: geom_model_gaussian1_sigma_error
#   datatype: float32
#   description: "Uncertainty of \\texttt{geomModelGaussian1Sigma}"
#   meta:
#     ucd: stat.error
# - 
#   name: geom_model_gaussian1_depth
#   datatype: float32
#   unit: mag
#   description: Magnitude depth of Gaussian 1 component
#   meta:
#     ucd: src.var.amplitude
# - 
#   name: geom_model_gaussian1_depth_error
#   datatype: float32
#   unit: mag
#   description: "Uncertainty of \\texttt{geomModelGaussian1Depth}"
#   meta:
#     ucd: stat.error;src.var.amplitude
# - 
#   name: geom_model_gaussian2_phase
#   datatype: float32
#   description: Phase of Gaussian 2 component
#   meta:
#     ucd: time.phase
# - 
#   name: geom_model_gaussian2_phase_error
#   datatype: float32
#   description: "Uncertainty of \\texttt{geomModelGaussian2Phase}"
#   meta:
#     ucd: stat.error;time.phase
# - 
#   name: geom_model_gaussian2_sigma
#   datatype: float32
[...]
#   datatype: float32
#   description: "Secondary eclipse: uncertainty of \\texttt{derivedSecondaryEclDuration}"
#   meta:
#     ucd: stat.error;time.duration
# - 
#   name: derived_secondary_ecl_depth
#   datatype: float32
#   unit: mag
#   description: "Secondary eclipse: depth"
#   meta:
#     ucd: src.var.amplitude
# - 
#   name: derived_secondary_ecl_depth_error
#   datatype: float32
#   unit: mag
#   description: "Secondary eclipse: uncertainty of \\texttt{derivedSecondaryEclDepth}"
#   meta:
#     ucd: stat.error;src.var.amplitude
solution_id,source_id,global_ranking,reference_time,frequency,frequency_error,geom_model_reference_level,geom_model_reference_level_error,geom_model_gaussian1_phase,geom_model_gaussian1_phase_error,geom_model_gaussian1_sigma,geom_model_gaussian1_sigma_error,geom_model_gaussian1_depth,geom_model_gaussian1_depth_error,geom_model_gaussian2_phase,geom_model_gaussian2_phase_error,geom_model_gaussian2_sigma,geom_model_gaussian2_sigma_error,geom_model_gaussian2_depth,geom_model_gaussian2_depth_error,geom_model_cosine_half_period_amplitude,geom_model_cosine_half_period_amplitude_error,geom_model_cosine_half_period_phase,geom_model_cosine_half_period_phase_error,model_type,num_model_parameters,reduced_chi2,derived_primary_ecl_phase,derived_primary_ecl_phase_error,derived_primary_ecl_duration,derived_primary_ecl_duration_error,derived_primary_ecl_depth,derived_primary_ecl_depth_error,derived_secondary_ecl_phase,derived_secondary_ecl_phase_error,derived_secondary_ecl_duration,derived_secondary_ecl_duration_error,derived_secondary_ecl_depth,derived_secondary_ecl_depth_error
[from data line 298]
375316653866487564,5958134660701049216,0.57244134,2357.792170170213,0.9639814791614099,3.6845352E-6,17.23567,0.0028346519,0.2905894,0.0010817773,0.02963182,0.0010326908,0.8008882,0.035661414,0.8143675,0.008244464,0.023271872,0.022444293,0.11186249,0.053857476,null,null,null,null,"TWOGAUSSIANS",8,20.40175,0.2905894,0.0010817773,0.1659382,0.005783068,0.8008882,0.035661414,0.8143675,0.008244464,0.13032249,0.12568803,0.11186249,0.053857476
375316653866487564,5958135214642031744,0.42539036,2301.639190826135,1.6206091113871104,5.540709E-5,17.751646,0.014899517,0.2666641,0.04374448,0.054516565,0.0689422,0.103176296,0.074653774,0.7161825,0.010472124,0.055085797,0.021528969,0.07695527,0.058461394,null,null,null,null,"TWOGAUSSIANS",8,5.0860205,0.2666641,0.04374448,0.30529276,0.20617376,0.1031757,0.07516427,0.7161825,0.010472124,0.30848044,0.12056222,0.07695467,0.058454145
375316653866487564,5958135386440656128,0.5872456,2314.308521916354,2.3200299028233164,1.2321588E-5,19.059988,0.0053349417,0.23388636,0.0019640313,0.06943688,0.0034320804,0.44465095,0.01737451,0.73444784,0.003730502,0.077829085,0.004107331,0.44343442,0.020007996,null,null,null,null,"TWOGAUSSIANS",8,1.6924167,0.23388636,0.0019640313,0.38884652,0.01921965,0.4419039,0.01795825,0.73444784,0.003730502,0.4,0.0,0.44068736,0.020444864
375316653866487564,5958135420801544320,0.43135875,2412.1832677921693,0.4015323938838917,3.0915533E-6,19.138157,0.010725559,0.33179492,0.022533376,0.054758422,0.028198669,0.07154889,0.03809002,0.55418134,0.0025662566,0.009644545,0.0058414564,0.31552637,5.7279305,null,null,null,null,"TWOGAUSSIANS",8,5.163077,0.55418134,0.0025662566,0.05400945,0.032712154,0.3155451,5.7279134,0.33179492,0.022533376,0.30664715,0.13561213,0.07154889,0.03809002
375316653866487564,5958135489519812096,0.41957995,2241.8558470812955,0.09154228158171085,5.1789302E-5,19.646349,0.019723777,null,null,null,null,null,null,null,null,null,null,null,null,0.17654042,0.024818849,0.1917308,0.010716198,"ELLIPSOIDAL",4,13.6139345,null,null,null,null,null,null,null,null,null,null,null,null
375316653866487564,5958136107995782016,0.5128443,2386.7529604672995,2.4720726950097807,1.9919371E-5,18.449598,0.018563911,0.25424847,0.0045841243,0.08755382,0.007961649,0.22811587,0.018842613,0.7516663,0.008495852,0.100246236,0.016504282,0.18030235,0.015955802,null,null,null,null,"TWOGAUSSIANS",8,5.047124,0.25424847,0.0045841243,0.4,0.0,0.21696602,0.013311487,0.7516663,0.008495852,0.4,0.0,0.1691511,0.010893096
375316653866487564,5958136142355554560,0.4318648,2369.0110859333176,2.0456970836745687,2.7803851E-5,19.023462,0.0054710056,0.25209633,0.0028968512,0.06856697,0.0044739507,0.13007577,0.010588402,0.6849183,0.028341778,0.02697138,0.025059745,0.086118706,84.16993,null,null,null,null,"TWOGAUSSIANS",8,5.017001,0.25209633,0.0028968512,0.38397503,0.025054125,0.13007575,0.010588425,0.6849183,0.028341778,0.15103973,0.14033456,0.0861187,84.16993
375316653866487564,5958136176715322240,0.4988773,2344.942767029733,3.9980749904578983,2.5455587E-5,19.21962,0.011926196,0.25494552,0.005354895,0.07816727,0.009974486,0.38560843,0.04399816,0.76056916,0.009851859,0.07888435,0.013949373,0.26938286,0.021106092,null,null,null,null,"TWOGAUSSIANS",8,3.5192502,0.25494552,0.005354895,0.4,0.0,0.38199922,0.046194557,0.76056916,0.009851859,0.4,0.0,0.26577365,0.022578811
375316653866487564,5958136211075092736,0.58865094,2375.734540806417,2.5664917202565665,9.0447575E-6,19.407347,0.008197579,0.30713764,0.005406087,0.06710056,0.007883601,0.6978221,0.0526336,0.8063392,0.0031374777,0.051766906,0.0032923806,0.6011614,0.021294987,null,null,null,null,"TWOGAUSSIANS",8,2.1515193,0.30713764,0.005406087,0.37576315,0.044148166,0.6976407,0.052758787,0.8063392,0.0031374777,0.28989467,0.018437332,0.60098004,0.021300178
375316653866487564,5958136275516897920,0.55863184,2357.064638776045,2.5744829260854973,8.780975E-6,18.058298,0.015299533,0.24185345,0.004721056,0.09487069,0.008920801,0.30999202,0.013534249,0.749833,0.0036105025,0.094428524,0.0073870765,0.26187035,0.014609397,null,null,null,null,"TWOGAUSSIANS",8,4.485205,0.24185345,0.004721056,0.4,0.0,0.29443547,0.008947307,0.749833,0.0036105025,0.4,0.0,0.246314,0.010434661
375316653866487564,5958136412930802048,0.5806132,2364.9542638220246,1.5791834606869026,8.558126E-6,17.635666,0.0024372798,0.23145877,0.0025577073,0.053847518,0.0034066732,0.20763527,0.04059139,0.7327363,0.0025338845,0.06459754,0.0028873114,0.18318802,0.005991562,null,null,null,null,"TWOGAUSSIANS",8,2.750528,0.23145877,0.0025577073,0.3015461,0.01907737,0.20758547,0.04060776,0.7327363,0.0025338845,0.36174625,0.016168945,0.18313822,0.0059956615
375316653866487564,5958136485997589120,0.41599515,2454.191651906073,0.3031801437182815,5.798192E-5,18.801573,0.014257939,0.18872619,0.0046053063,0.044928182,0.0038394954,0.5435296,0.100616455,0.7455071,0.010065294,0.053693186,0.019544309,0.36159208,0.20277269,null,null,null,null,"TWOGAUSSIANS",8,11.958949,0.18872619,0.0046053063,0.25159782,0.021501174,0.5435295,0.10061674,0.7455071,0.010065294,0.30068183,0.10892366,0.36159196,0.20277622
375316653866487564,5958136584844934272,0.4801081,2361.927184959693,2.2196504106294497,1.5097997E-5,17.631872,0.5301606,0.24932903,0.005018265,0.12605508,0.04838707,0.26571134,0.30726552,0.74756026,0.0052594263,0.19331592,0.17478241,0.27544248,0.5259625,null,null,null,null,"TWOGAUSSIANS",8,7.374179,0.24970903,0.006111168,0.4,0.0,0.13209793,0.0064523923,0.74756026,0.0052594263,0.4,0.0,0.12260076,0.007187307
375316653866487564,5958136619089326464,0.48578054,2364.529281781288,0.07721182021677091,2.2390965E-5,16.88538,0.0029366168,0.52957803,0.00445262,0.043246817,0.0047592754,0.11312368,0.01072683,0.8566456,0.022245763,0.03133679,0.012642922,0.43043822,0.12307402,null,null,null,null,"TWOGAUSSIANS",8,9.966248,0.8566456,0.022245763,0.17548603,0.070800364,0.43043822,0.12307402,0.52957803,0.00445262,0.24218218,0.026651941,0.11312368,0.01072683
375316653866487564,5958136928334265216,0.56727964,2380.29296371695,3.9305303962973785,9.18845E-6,17.780355,0.009863996,0.2543102,0.002049262,0.08051122,0.004511137,0.4504456,0.019726433,0.75316006,0.004778309,0.07083734,0.004139637,0.5107676,0.025153939,null,null,null,null,"TWOGAUSSIANS",8,12.203599,0.75316006,0.004778309,0.39668912,0.014049638,0.50680363,0.02456201,0.2543102,0.002049262,0.4,0.0,0.44648165,0.020516997
375316653866487564,5958137100125602176,0.6032535,2358.631675991262,1.5240786969200706,5.941655E-6,17.334211,0.0053824596,0.25300592,0.0021811763,0.09799423,0.0045536617,0.14898448,0.0053242156,0.74162394,0.0018105956,0.073571414,0.0033764774,0.40971103,0.010937076,null,null,null,null,"TWOGAUSSIANS",8,3.6485286,0.74162394,0.0018105956,0.4,0.0024109525,0.4044897,0.011710018,0.25300592,0.0021811763,0.4,0.0,0.14376235,0.003833494
375316653866487564,5958137168852445824,0.54982847,2379.8092826565544,3.032163560397132,1.2424982E-5,17.75703,0.007309182,0.20865262,0.0028185728,0.080252625,0.0063413884,0.18760636,0.008052483,0.7180985,0.0040768795,0.085400805,0.005321311,0.22210635,0.013125081,null,null,null,null,"TWOGAUSSIANS",8,3.6552637,0.7180985,0.0040768795,0.4,0.0,0.21849164,0.012770505,0.20865262,0.0028185728,0.4,0.0,0.18399167,0.007834306
375316653866487564,5958137448070240256,0.54545707,2374.6797860964193,1.4620208191594994,2.8042736E-5,18.982946,0.007740711,0.23230296,0.0030411931,0.03266868,0.0037380417,0.24504516,0.02415804,0.7386375,0.017890083,0.011629307,0.031243047,0.23312606,0.18945853,0.09412438,0.010284828,0.23230296,0.0030411931,"TWOGAUSSIANS_WITH_ELLIPSOIDAL_ON_ECLIPSE1",9,4.290428,0.23230296,0.0030411931,0.18294461,0.020933034,0.43329367,0.022450224,0.7386375,0.017218048,0.06512412,0.17496106,0.42107654,0.20057826
375316653866487564,5958137860387080576,0.44997236,2369.0575799786743,3.196392152567694,3.1761403E-5,19.629004,0.05824369,0.21160363,0.011453414,0.119003564,0.03466277,0.18655162,0.057440445,0.70334756,0.0053329077,0.096768916,0.021241156,0.24131304,0.05287561,null,null,null,null,"TWOGAUSSIANS",8,1.9863803,0.70334756,0.0053329077,0.4,0.0,0.21552944,0.025941713,0.21160363,0.011455321,0.4,0.0,0.16071188,0.022332525
375316653866487564,5958137890400162432,0.46207732,2372.415368220269,1.2215762736907896,3.150308E-5,17.2919,0.0035205558,0.42994043,0.006791043,0.052274484,0.006265587,0.10332591,0.018288048,0.70284235,0.021633223,0.03809393,0.034718502,0.025333233,0.28596383,null,null,null,null,"TWOGAUSSIANS",8,7.9159985,0.42994043,0.006791043,0.2927371,0.035087287,0.10332591,0.018288048,0.70284235,0.021633223,0.213326,0.19442362,0.025333358,0.28596413
375316653866487564,5958137890516259584,0.5256769,2389.3207973097287,3.041083764730713,1.48885365E-5,19.195509,0.012729465,0.24232307,0.0032302567,0.05307008,0.0059649535,0.29476655,0.051867977,0.6389556,5.176701E-4,0.009402907,0.0012164693,0.11586574,0.023527434,0.09070063,0.03462043,0.24232307,0.0032302567,"TWOGAUSSIANS_WITH_ELLIPSOIDAL_ON_ECLIPSE1",9,4.2324123,0.24232307,0.0032302567,0.29719242,0.03340374,0.47616318,0.043211002,0.6397956,2.5902112E-4,0.05265628,0.0068122284,0.2313749,0.024627814
375316653866487564,5958137894702103552,0.54197663,2380.1379456475574,1.8630901300128373,9.4411425E-6,17.806137,0.022612495,0.2695854,0.0067745303,0.08971975,0.0073665455,0.40086985,0.03566186,0.7574576,0.00394835,0.088705756,0.0073654703,0.43804312,0.021536058,null,null,null,null,"TWOGAUSSIANS",8,12.892398,0.7574576,0.00394835,0.4,0.0,0.42442387,0.016029324,0.2695854,0.0067745303,0.4,0.0,0.38725054,0.032079175
375316653866487564,5958137997781207040,0.61637914,2362.766249743982,3.283198993669411,7.4605487E-6,18.348696,0.035190903,0.23312669,0.004109106,0.06198072,0.008101966,0.5206205,0.070429735,0.7337158,0.0059096576,0.051534865,0.009433488,0.42023736,0.07115594,0.09656453,0.0376626,0.23312669,0.004109106,"TWOGAUSSIANS_WITH_ELLIPSOIDAL_ON_ECLIPSE1",9,5.2440667,0.23312669,0.004109106,0.34709203,0.04537101,0.7135962,0.014720166,0.7337158,0.005656998,0.28859523,0.052827533,0.61321044,0.050361715
375316653866487564,5958138096558393344,0.5324263,2367.086356627007,1.007882351135056,1.4451498E-5,13.901373,0.0023437531,0.20402983,0.016348867,0.030307483,0.016599698,0.009313,0.0071796114,0.69689685,0.0014047552,0.034247987,0.004072535,0.05964532,0.0055038333,0.0073355944,0.0031311924,0.20402983,0.016348867,"TWOGAUSSIANS_WITH_ELLIPSOIDAL_ON_ECLIPSE1",9,24.146387,0.6970569,0.00131909,0.19178873,0.022806196,0.07428771,0.00344892,0.20402983,0.016348867,0.1697219,0.09295831,0.023984186,0.0038093429
375316653866487564,5958138135265056256,0.613561,2355.5912886493434,2.241446269998528,8.873693E-6,17.17249,0.017320449,0.28414702,0.004188372,0.04995119,0.011547144,0.091770865,0.03498464,0.7809744,0.0081674345,0.058114544,0.015720682,0.13264677,0.030123059,0.1025138,0.01844258,0.28414702,0.004188372,"TWOGAUSSIANS_WITH_ELLIPSOIDAL_ON_ECLIPSE1",9,7.246911,0.78190434,0.004922784,0.32544145,0.08803582,0.33760613,0.016121184,0.28414702,0.004188372,0.27972665,0.064664,0.29678792,0.008314981
375316653866487564,5958138268473231616,0.6067384,2360.9267705294237,2.455320648743796,3.7985105E-6,18.200521,0.009802627,0.2613152,0.0033736117,0.0417908,0.0071840454,0.3066469,0.026202807,0.7638433,0.0024995098,0.05098884,0.006019425,0.29049188,0.022794722,0.10760516,0.01532905,0.2613152,0.0033736117,"TWOGAUSSIANS_WITH_ELLIPSOIDAL_ON_ECLIPSE1",9,3.631315,0.2613152,0.0033736117,0.23402846,0.040230654,0.5218555,0.017660642,0.7638433,0.0024995098,0.2855375,0.03370878,0.50564617,0.019249255
375316653866487564,5958138307063782784,0.50839204,2399.1185182709064,3.4723382177213833,1.3614459E-5,19.671778,0.018813003,0.31974468,0.0035322225,0.062144887,0.003720601,0.6117087,0.07936503,0.7751506,0.003056809,0.027391108,0.0041317353,0.42382166,0.0399682,0.07851461,0.03144384,0.31974468,0.0035322225,"TWOGAUSSIANS_WITH_ELLIPSOIDAL_ON_ECLIPSE1",9,8.426302,0.31974468,0.0035322225,0.34801137,0.020835366,0.76855624,0.06409271,0.77606064,0.0029253508,0.1533902,0.023137718,0.5688994,0.02508265
375316653866487564,5958138375738748288,0.49833262,2298.556224227068,2.8057650266446537,2.3627863E-5,18.138805,0.015160758,0.31167147,0.0065186196,0.083686434,0.00846345,0.3113312,0.031800427,0.7989927,0.0060577802,0.09815408,0.010406043,0.28323343,0.019833423,null,null,null,null,"TWOGAUSSIANS",8,7.9898467,0.31167147,0.0065186196,0.4,0.0,0.30026367,0.03211777,0.7989927,0.0060577802,0.4,0.0,0.27216434,0.019481199
375316653866487564,5958138543352049920,0.48301238,2355.0063616780394,2.3224607861127597,1.570762E-5,17.558582,0.010111012,0.24029426,0.0072601186,0.10871493,0.01420423,0.08419741,0.009878086,0.734172,0.0079630455,0.096904784,0.015730448,0.0861343,0.01024194,null,null,null,null,"TWOGAUSSIANS",8,2.9788735,0.734172,0.0079630455,0.4,0.0,0.077927075,0.006096786,0.24029426,0.007259073,0.4,0.0,0.07598605,0.004497778
375316653866487564,5958138685020939392,0.5523151,2355.0452444602274,0.9381575443338714,8.630752E-6,10.345358,0.0024543158,0.28503585,0.0114811305,0.043574344,0.013217265,0.19382213,0.0152210165,0.78860766,0.008031189,0.033807203,0.010071133,0.03431713,0.0032277294,null,null,null,null,"TWOGAUSSIANS",8,37.486053,0.28503585,0.0114811305,0.24401633,0.07401668,0.19382213,0.015221059,0.78860766,0.008031189,0.18932034,0.056398347,0.03431713,0.003227707
375316653866487564,5958138856775016960,0.55007344,2415.2308922808734,2.0968347806661614,9.022296E-6,18.457785,0.01310982,0.32627136,0.00529099,0.097786434,0.007701037,0.2710895,0.014238303,0.8316792,0.0018721548,0.088262215,0.007847096,0.2727154,0.011340502,null,null,null,null,"TWOGAUSSIANS",8,2.7199821,0.8316792,0.0018721548,0.4,0.0,0.25915664,0.00971864,0.32627136,0.00529099,0.4,0.0,0.2575296,0.010693755
375316653866487564,5958138959898933376,0.47395208,2341.744417955935,0.2971774008405872,1.6373038E-5,15.87489,0.004103287,0.2988002,0.008897325,0.08476371,0.011470711,0.07640772,0.00661456,0.83572674,0.012801702,0.07825068,0.013752513,0.10309219,0.027565004,null,null,null,null,"TWOGAUSSIANS",8,15.6165905,0.83572674,0.012801702,0.4,0.014694298,0.102316454,0.02824783,0.2988002,0.008897325,0.4,0.0,0.07563196,0.0066106305
375316653866487564,5958139028618397696,0.45909935,2346.3391557566756,1.610604818477938,2.3561244E-5,17.142807,0.0486874,0.23877126,0.011460651,0.09746429,0.028769208,0.25316826,0.044559848,0.75771725,0.009004973,0.07925752,0.020864995,0.34206125,0.035550926,null,null,null,null,"TWOGAUSSIANS",8,68.75598,0.75771725,0.009024694,0.4,0.0,0.3343633,0.030534666,0.23877126,0.011460651,0.4,0.0,0.24546885,0.022531284
375316653866487564,5958139200374538496,0.42354834,2436.767173581414,3.431392737243419,1.00004305E-4,19.315655,0.04729641,0.4329569,0.015822439,0.09080453,0.030958699,0.1546382,0.04641911,0.76413035,0.013447646,0.07669081,0.03169365,0.123491555,0.044335876,null,null,null,null,"TWOGAUSSIANS",8,4.416643,0.43298692,0.015630746,0.4,0.0240987,0.15455335,0.045654505,0.76413035,0.013447646,0.4,0.06966793,0.12359565,0.044148024
375316653866487564,5958139402227401600,0.6342226,2391.008571618412,1.3178587585977202,1.3786647E-5,17.39072,0.010236397,0.2812824,0.0014448805,0.053120036,0.0041451445,0.24892837,0.030554026,0.8055886,0.027894238,0.03259029,0.024263917,0.16127667,0.32471308,0.119648024,0.012449236,0.2812824,0.0014448805,"TWOGAUSSIANS_WITH_ELLIPSOIDAL_ON_ECLIPSE1",9,5.34059,0.2812824,0.0014448805,0.29747218,0.02321281,0.48822007,0.023558052,0.8055886,0.027894238,0.18250562,0.13587792,0.39503038,0.32497
