Gaia/vari_eclipsing_binary/VariEclipsingBinary_463603-463615.csv
# %ECSV 1.0
# ---
# delimiter: ','
# meta: !!omap
# - RELEASE: Gaia DR3
# - TABLE: vari_eclipsing_binary
# - DESCRIPTION: >
#     This table describes the properties of the eclipsing binaries resulting from the variability analysis. 
# - CITATION: >
#     How to cite and acknowledge Gaia: 
#     https://gea.esac.esa.int/archive/documentation/credits.html 
# - KNOWN_ISSUES: >
#     Known issues: 
#     https://www.cosmos.esa.int/web/gaia-users/known-issues 
# - DOCUMENTATION: >
#     Tutorials and documentation: 
#     https://www.cosmos.esa.int/web/gaia-users/archive 
# datatype:
# - 
#   name: solution_id
#   datatype: int64
#   description: Solution Identifier
#   meta:
#     ucd: meta.version
# - 
#   name: source_id
#   datatype: int64
#   description: Unique source identifier
#   meta:
#     ucd: meta.id;meta.main
# - 
#   name: global_ranking
#   datatype: float32
#   description: Number between 0 (worst) and 1 (best)
#   meta:
#     ucd: stat.param
# - 
#   name: reference_time
#   datatype: float64
#   unit: d
#   description: Reference time used for the geometric model fit
#   meta:
#     ucd: time.epoch
# - 
#   name: frequency
#   datatype: float64
#   unit: d**-1
#   description: Frequency of geometric model of the eclipsing binary light curve
#   meta:
#     ucd: src.orbital
# - 
#   name: frequency_error
#   datatype: float32
#   unit: d**-1
#   description: "Uncertainty of \\texttt{frequency}"
#   meta:
#     ucd: stat.error
# - 
#   name: geom_model_reference_level
#   datatype: float32
#   unit: mag
#   description: Magnitude reference level of geometric model
#   meta:
#     ucd: phot.mag;em.opt
# - 
#   name: geom_model_reference_level_error
#   datatype: float32
#   unit: mag
#   description: "Uncertainty of \\texttt{geomModelReferenceLevel}"
#   meta:
#     ucd: stat.error;phot.mag;em.opt
# - 
#   name: geom_model_gaussian1_phase
#   datatype: float32
#   description: Phase of the Gaussian 1 component
#   meta:
#     ucd: time.phase
# - 
#   name: geom_model_gaussian1_phase_error
#   datatype: float32
#   description: "Uncertainty of \\texttt{geomModelGaussian1Phase}"
#   meta:
#     ucd: stat.error;time.phase
# - 
#   name: geom_model_gaussian1_sigma
#   datatype: float32
#   description: "Standard deviation [phase] of Gaussian 1 component"
#   meta:
#     ucd: stat.stdev
# - 
#   name: geom_model_gaussian1_sigma_error
#   datatype: float32
#   description: "Uncertainty of \\texttt{geomModelGaussian1Sigma}"
#   meta:
#     ucd: stat.error
# - 
#   name: geom_model_gaussian1_depth
#   datatype: float32
#   unit: mag
#   description: Magnitude depth of Gaussian 1 component
#   meta:
#     ucd: src.var.amplitude
# - 
#   name: geom_model_gaussian1_depth_error
#   datatype: float32
#   unit: mag
#   description: "Uncertainty of \\texttt{geomModelGaussian1Depth}"
#   meta:
#     ucd: stat.error;src.var.amplitude
# - 
#   name: geom_model_gaussian2_phase
#   datatype: float32
#   description: Phase of Gaussian 2 component
#   meta:
#     ucd: time.phase
# - 
#   name: geom_model_gaussian2_phase_error
#   datatype: float32
#   description: "Uncertainty of \\texttt{geomModelGaussian2Phase}"
#   meta:
#     ucd: stat.error;time.phase
# - 
#   name: geom_model_gaussian2_sigma
#   datatype: float32
[...]
#   datatype: float32
#   description: "Secondary eclipse: uncertainty of \\texttt{derivedSecondaryEclDuration}"
#   meta:
#     ucd: stat.error;time.duration
# - 
#   name: derived_secondary_ecl_depth
#   datatype: float32
#   unit: mag
#   description: "Secondary eclipse: depth"
#   meta:
#     ucd: src.var.amplitude
# - 
#   name: derived_secondary_ecl_depth_error
#   datatype: float32
#   unit: mag
#   description: "Secondary eclipse: uncertainty of \\texttt{derivedSecondaryEclDepth}"
#   meta:
#     ucd: stat.error;src.var.amplitude
solution_id,source_id,global_ranking,reference_time,frequency,frequency_error,geom_model_reference_level,geom_model_reference_level_error,geom_model_gaussian1_phase,geom_model_gaussian1_phase_error,geom_model_gaussian1_sigma,geom_model_gaussian1_sigma_error,geom_model_gaussian1_depth,geom_model_gaussian1_depth_error,geom_model_gaussian2_phase,geom_model_gaussian2_phase_error,geom_model_gaussian2_sigma,geom_model_gaussian2_sigma_error,geom_model_gaussian2_depth,geom_model_gaussian2_depth_error,geom_model_cosine_half_period_amplitude,geom_model_cosine_half_period_amplitude_error,geom_model_cosine_half_period_phase,geom_model_cosine_half_period_phase_error,model_type,num_model_parameters,reduced_chi2,derived_primary_ecl_phase,derived_primary_ecl_phase_error,derived_primary_ecl_duration,derived_primary_ecl_duration_error,derived_primary_ecl_depth,derived_primary_ecl_depth_error,derived_secondary_ecl_phase,derived_secondary_ecl_phase_error,derived_secondary_ecl_duration,derived_secondary_ecl_duration_error,derived_secondary_ecl_depth,derived_secondary_ecl_depth_error
[from data line 683]
375316653866487564,4077989263428590592,0.4555695,2240.9271974195317,0.5032228105578334,2.8527485E-5,19.580778,0.011187046,0.31757554,0.008592759,0.10494021,0.012607979,0.2427113,0.033659693,0.7338473,0.02102822,0.036031548,0.02504812,0.10073829,0.032268338,null,null,null,null,"TWOGAUSSIANS",8,2.5569272,0.31757554,0.008592759,0.4,0.0,0.24264644,0.033700738,0.7338473,0.02102822,0.20177667,0.14026947,0.10076641,0.032339253
375316653866487564,4077989263428618240,0.52126896,2187.1013589369695,0.3104631950685176,2.621736E-5,19.433613,0.15916327,0.23733772,0.008289417,0.115074806,0.024595594,0.28346363,0.14807065,0.76523316,0.00687208,0.14017065,0.046174772,0.28989148,0.15118808,null,null,null,null,"TWOGAUSSIANS",8,0.66459996,0.76536316,0.006403207,0.4,0.0,0.22274882,0.015026041,0.23649773,0.0067858556,0.4,0.0,0.21749659,0.016054207
375316653866487564,4077989327831481216,0.455847,2202.4319528619353,4.56734817267031,5.2138967E-5,18.483404,0.02217153,0.43822125,0.015199092,0.15815157,0.030366056,0.11111192,0.027731432,0.80737644,0.04143589,0.023052646,0.024376022,0.06034148,0.09762512,null,null,null,null,"TWOGAUSSIANS",8,3.5423052,0.43822125,0.015199092,0.4,0.0,0.10961098,0.025041873,0.80737644,0.04143589,0.12909482,0.13650572,0.06616822,0.09467291
375316653866487564,4077989538306987136,0.50467145,2166.6170158302084,2.646313186849563,3.4809775E-5,18.60679,0.041129943,0.2509282,0.01385175,0.08737724,0.024526259,0.35021678,0.04000375,0.78619736,0.0092145065,0.09091674,0.012380338,0.37282434,0.047321346,null,null,null,null,"TWOGAUSSIANS",8,13.092669,0.78619736,0.009214486,0.4,0.0,0.3648446,0.0365193,0.2509282,0.01385175,0.4,0.0,0.34223756,0.025305187
375316653866487564,4077989568304700928,0.46356276,2193.715930343244,0.07444528345658523,7.407201E-5,18.4098,0.104838625,0.34019017,0.013484812,0.21126954,0.042439647,0.5196449,0.11760931,0.88271016,0.033718813,0.035299636,0.015615086,0.23060808,0.24861638,null,null,null,null,"TWOGAUSSIANS",8,18.32873,0.34019017,0.013484812,0.4,0.0,0.44158086,0.06439876,0.8842602,0.035930872,0.19767797,0.087444484,0.2218015,0.2485634
375316653866487564,4077989607026786944,0.48243028,2176.9718889829537,0.13875023609221543,2.4527333E-5,19.265587,0.010345762,0.35238683,0.014457885,0.1117949,0.011234153,0.27439088,0.017473109,0.88549984,0.0060006776,0.010869698,0.008754551,0.107063435,0.09553957,null,null,null,null,"TWOGAUSSIANS",8,4.1031594,0.35238683,0.014457885,0.4,0.0,0.27435794,0.017468832,0.88549984,0.0060006776,0.06087031,0.049025487,0.10707845,0.09554331
375316653866487564,4077989675746497408,0.5491235,2274.7706034496905,0.08403768894259597,8.594394E-6,19.725264,0.0064814133,0.36427483,0.014070562,0.038236056,0.015070126,0.25392208,0.044560727,0.8605854,0.02273545,0.04034119,0.02445654,0.6773677,0.70652133,null,null,null,null,"TWOGAUSSIANS",8,0.5734754,0.8605854,0.02273545,0.22591066,0.13695662,0.6773676,0.7065219,0.36427483,0.014070562,0.21412192,0.084392704,0.25392208,0.0445607
375316653866487564,4077990019342380928,0.47068,2202.151448385893,3.4408036743867676,2.6947411E-5,19.179815,0.3924537,0.28046215,0.013256843,0.13475467,0.080382474,0.27273706,0.3884719,0.7901483,0.011889719,0.112186804,0.048518088,0.33593205,0.3570097,null,null,null,null,"TWOGAUSSIANS",8,4.8433685,0.79029834,0.011610917,0.4,0.0,0.26595727,0.029817581,0.28043216,0.013188356,0.4,0.0,0.20221974,0.057739828
375316653866487564,4077990156781330688,0.48426798,2220.4126666918482,3.4724570189912187,3.466615E-5,18.762613,0.09705033,0.1919545,0.014492779,0.09722356,0.03650661,0.26887468,0.0771391,0.6849032,0.049243532,0.095881164,0.09369098,0.1749543,0.097810686,null,null,null,null,"TWOGAUSSIANS",8,5.7155952,0.1919545,0.012784234,0.4,0.0,0.2550985,0.042807516,0.6849032,0.049243532,0.4,0.021282392,0.16117866,0.02991618
375316653866487564,4077990740930761600,0.52911437,2250.120285917194,2.720426239261687,1.7126798E-5,17.969929,0.011495178,0.34880897,0.006136797,0.034465704,0.01992394,0.11833628,9.582081,0.80469614,0.0066752345,0.058290903,0.02208869,0.17992362,0.035039574,0.085310295,0.010105188,0.80469614,0.0066752345,"TWOGAUSSIANS_WITH_ELLIPSOIDAL_ON_ECLIPSE2",9,10.3585,0.80469614,0.0066752345,0.32642904,0.1032231,0.35052603,0.04012689,0.34368896,0.010642399,0.19300795,0.11157406,0.27760202,9.577191
375316653866487564,4077990912695818368,0.5216471,2263.8061508577302,0.1898990131389404,1.5115699E-5,19.432053,0.26043752,0.23620546,0.0075919554,0.14229473,0.06258038,0.5182833,0.223436,0.72085726,0.003925243,0.09644866,0.014884973,0.7169838,0.2058152,null,null,null,null,"TWOGAUSSIANS",8,1.5725197,0.72085726,0.003925243,0.4,0.0,0.6081847,0.022508249,0.23620546,0.0075818803,0.4,0.0,0.4071833,0.036856823
375316653866487564,4077991015808748672,0.5041386,2163.6108294878163,0.18663902641697444,1.8943734E-5,18.575811,0.10794078,0.2296317,0.011859515,0.10919142,0.027751435,0.22992449,0.09474012,0.76736957,0.017477142,0.14694493,0.03963606,0.22221467,0.107004695,null,null,null,null,"TWOGAUSSIANS",8,1.6923399,0.2281717,0.009173431,0.4,0.0,0.18274659,0.024054198,0.76747954,0.01756315,0.4,0.0,0.17319621,0.03290128
375316653866487564,4077991045818427136,0.50490505,2217.2660923286053,0.1779079585105927,5.588173E-4,18.316256,0.0038323326,0.3594775,0.013587908,0.014358127,0.0048786635,0.1681026,0.07260632,0.7357417,0.03909613,0.06391495,0.027587816,0.021912046,0.009901348,null,null,null,null,"TWOGAUSSIANS",8,2.140538,0.3594775,0.013587908,0.08040551,0.027320515,0.1681026,0.0726063,0.7357417,0.03909613,0.35792372,0.12421109,0.021912046,0.009901348
375316653866487564,4077991187574345856,0.5561215,2218.940289839985,2.5324686214449583,1.9369638E-5,17.935232,0.025076713,0.26366374,0.0020657363,0.074732825,0.0048859986,0.55751055,0.031758927,0.76458454,0.014281004,0.07878954,0.015044489,0.5517136,0.032259163,null,null,null,null,"TWOGAUSSIANS",8,8.483891,0.26366374,0.0020657363,0.4,0.0,0.55210304,0.030103358,0.76458454,0.014281004,0.4,0.004850849,0.5463061,0.030026542
375316653866487564,4077991221934061952,0.6083294,2178.427051012123,3.7112780708860957,3.5990248E-5,19.629347,0.025954768,0.25568134,0.0032903769,0.07649784,0.006029204,0.6292108,0.027564995,0.71789527,0.051409453,0.058363028,0.024492387,0.74654317,1.1408362,null,null,null,null,"TWOGAUSSIANS",8,3.6935072,0.71789527,0.051409453,0.32683295,0.13715737,0.7460707,1.1414013,0.25568134,0.0032903769,0.4,4.4830644E-4,0.6287383,0.027454091
375316653866487564,4077991290686766336,0.61865556,2224.959797586695,1.4024425799957836,6.712607E-6,16.587063,0.023374468,0.27113608,0.0036808602,0.12269189,0.014909113,0.20327413,0.01994033,0.7736783,0.0023470782,0.1045516,0.008622913,0.24302283,0.022326984,null,null,null,null,"TWOGAUSSIANS",8,3.019865,0.77368826,0.0023524824,0.4,0.0,0.20511737,0.0038544189,0.27113608,0.0036808602,0.4,0.0,0.16527297,0.012689489
375316653866487564,4077991462451732736,0.5077428,2228.4737421241475,0.291836813178352,4.9130682E-5,18.275175,0.012329399,0.2736587,0.015148886,0.07405413,0.016882159,0.14695697,0.011461135,0.79719096,0.0425546,0.06596589,0.025371753,0.22871163,0.07070975,null,null,null,null,"TWOGAUSSIANS",8,4.3397818,0.79719096,0.0425546,0.369409,0.14208181,0.22837968,0.07059265,0.2736587,0.015148886,0.4,0.01854935,0.14662501,0.011078352
375316653866487564,4077991565531222144,0.44809094,2194.6360667722543,0.2744264645673659,5.3014835E-5,18.735401,0.009973515,0.08511461,0.038991574,0.08262768,0.03638328,0.063610375,0.013278686,0.4473796,0.03101922,0.12927175,0.0138898995,0.18767722,0.024667537,null,null,null,null,"TWOGAUSSIANS",8,2.6817353,0.4473796,0.03101922,0.4,0.0,0.18510024,0.026068375,0.09566461,0.04102103,0.4,0.07072769,0.065147795,0.011999139
375316653866487564,4077991874803116160,0.6101854,2314.157337153747,1.3371847662167897,2.6820759E-5,17.154188,0.017732397,0.28811666,0.009059007,0.114532515,0.021254882,0.14387316,0.01267219,0.77391857,0.0040282826,0.09197246,0.0075817746,0.2688138,0.018276427,null,null,null,null,"TWOGAUSSIANS",8,3.2363195,0.77391857,0.0040282826,0.4,0.0,0.2520968,0.01220415,0.28811666,0.009059007,0.4,0.0,0.1271326,0.013062862
375316653866487564,4077992390199261952,0.5320861,2297.433899073362,0.35161386093241376,5.0390987E-5,18.651964,0.010804661,0.3427674,0.0065618623,0.06965622,0.0103811575,0.2057397,0.020587754,0.8840171,0.0092499005,0.035803773,0.006929644,0.1791779,0.033294763,null,null,null,null,"TWOGAUSSIANS",8,2.2678123,0.3427674,0.0065618623,0.39007485,0.037439626,0.20573899,0.020589363,0.8840171,0.0092499005,0.20050113,0.038806006,0.17917718,0.033294857
375316653866487564,4077992458887517952,0.56660986,2297.2875628760403,0.1866345752110298,3.5333152E-5,19.492369,0.011371158,0.23908566,0.004155304,0.079179555,0.00575101,0.3987002,0.01679821,0.7582023,0.017636744,0.06800879,0.026173603,0.30309865,0.06863839,null,null,null,null,"TWOGAUSSIANS",8,0.6964073,0.23908566,0.004155304,0.4,0.0,0.39730614,0.016956761,0.7582023,0.017636744,0.3808492,0.14657217,0.3017046,0.06941169
375316653866487564,4077992561997415296,0.4304126,2302.7897360452475,0.8548445900155807,5.4046974E-5,18.998766,0.13471816,0.35560435,0.017594632,0.08047121,0.054580115,0.20773456,0.08258503,0.83476394,0.034156077,0.14242113,0.15942971,0.1567954,0.06064131,null,null,null,null,"TWOGAUSSIANS",8,4.089886,0.35585436,0.017246459,0.4,0.20103066,0.18709216,0.06710244,0.83476394,0.034156077,0.4,0.27575484,0.1354102,0.03758087
375316653866487564,4077992626349078272,0.5234214,2268.039977681815,0.2533470351580347,5.119722E-5,18.666464,0.01018143,0.42704967,0.04216827,0.067713566,0.03407499,0.13377854,0.04395747,0.6283457,0.00804121,0.048644397,0.00459363,0.467357,0.066594884,0.041761782,0.012721772,0.6283457,0.00804121,"TWOGAUSSIANS_WITH_ELLIPSOIDAL_ON_ECLIPSE2",9,3.106719,0.6283457,0.00804121,0.27240863,0.025724325,0.55249107,0.058865555,0.44078967,0.25420433,0.37919596,0.11564864,0.14353833,0.51273096
375316653866487564,4077992660708886912,0.5859965,2299.514294837331,0.09858033313812163,2.6402153E-5,18.385666,0.05825682,0.3865479,0.09023151,0.08490076,0.023996333,2.729168,3.9013934,0.7754519,0.05714798,0.07746905,0.05125873,0.59096354,0.17731017,null,null,null,null,"TWOGAUSSIANS",8,13.091716,0.3865479,0.09023087,0.4,0.0,2.7270062,3.9035213,0.7754519,0.05714798,0.4,0.22379072,0.5888756,0.13620448
375316653866487564,4077992695033589632,0.51638526,2319.3593044222575,0.9266791516910672,4.4236376E-6,10.821609,0.0077623148,0.1936676,4.3279454E-4,0.24670644,0.017277634,0.61147135,0.009651289,0.6894712,4.5300703E-4,0.1872159,0.011066042,0.4604025,0.05127039,null,null,null,null,"TWOGAUSSIANS",8,17.397528,0.19720761,8.3664124E-4,0.4,0.0,0.08361675,0.001728267,0.6894712,4.5300703E-4,0.4,0.0,0.06303855,4.6775932E-4
375316653866487564,4077992699408833152,0.45946166,2295.9699681886905,1.858609383274315,1.1633219E-4,18.78925,0.024536774,0.24460283,0.013806976,0.07392882,0.016459873,0.22320686,0.034560695,0.7328321,0.030853184,0.06369109,0.027123347,0.36355954,3.0811172,null,null,null,null,"TWOGAUSSIANS",8,10.524216,0.7328321,0.030853184,0.35667008,0.14386816,0.3630075,3.081697,0.24460283,0.013806976,0.4,0.0030405554,0.2226548,0.034145333
375316653866487564,4077992939924287872,0.53606385,2268.7918471606918,1.5123625023167953,1.8932667E-5,18.103903,0.0059682014,0.28695258,0.010792163,0.027728334,0.0033083868,0.45545384,0.15306136,0.6279137,0.03875315,0.094960004,0.031787828,0.036326673,0.010379851,null,null,null,null,"TWOGAUSSIANS",8,4.0244718,0.28695258,0.010797311,0.15527867,0.018526966,0.4555114,0.15304066,0.6279137,0.03875315,0.4,0.0,0.03632659,0.010379149
375316653866487564,4077992939924291456,0.5054123,2249.5899592710043,0.7034205457367232,3.507628E-5,18.720062,0.054796048,0.3610711,0.007972533,0.147098,0.023291996,0.28232327,0.05392771,0.8945978,0.015674517,0.10366062,0.021983005,0.10323336,0.05487184,null,null,null,null,"TWOGAUSSIANS",8,1.9207376,0.36106113,0.007962821,0.4,0.0,0.24474004,0.013612247,0.8981078,0.014696476,0.4,0.0,0.067940995,0.022033041
375316653866487564,4077993798923191552,0.5235117,2430.6406790383753,2.7866927319894996,6.996463E-5,19.444984,0.5044069,0.2871774,0.008103385,0.14907,0.052872594,0.5945281,0.48510376,0.80093324,0.010045223,0.13756822,0.05209474,0.5636563,0.45875588,null,null,null,null,"TWOGAUSSIANS",8,2.1113846,0.28664744,0.007458801,0.4,0.0,0.36380324,0.021600962,0.8019232,0.009561446,0.4,0.0,0.33579764,0.056399144
375316653866487564,4077993902027405184,0.5016005,2304.221348657565,0.40469585888519854,6.394008E-5,18.745998,0.022561233,0.6605781,0.054140527,0.14056653,0.048882917,0.21867377,0.05290459,0.40351063,0.05805227,0.07022685,0.056100626,0.16937846,0.04743752,null,null,null,null,"TWOGAUSSIANS",8,2.4978974,0.6595481,0.021183837,0.4,0.0,0.21786003,0.025288556,0.42246065,0.059457086,0.39327034,0.10829149,0.21437553,0.032230116
375316653866487564,4077994211234107904,0.5194384,2264.4143052898576,0.4904336101024594,2.582434E-5,19.171951,0.004811775,0.17235267,0.008018941,0.017736828,0.0070266584,0.12815964,0.027967848,0.73059475,0.020024078,0.06399472,0.012334414,0.14105569,0.03401399,null,null,null,null,"TWOGAUSSIANS",8,0.63225985,0.73059475,0.020024078,0.35837045,0.06774006,0.14105569,0.03401399,0.17235267,0.008018941,0.09932623,0.039349288,0.12815964,0.027967848
375316653866487564,4077994211264867072,0.47493687,2253.142099203875,0.43629465523969396,5.103603E-5,16.090387,0.0030981756,0.7086346,0.008493914,0.024947941,0.0104388455,0.04606655,0.019681742,null,null,null,null,null,null,0.023141474,0.0042250077,0.7086346,0.008493914,"ONEGAUSSIAN_WITH_ELLIPSOIDAL",6,8.99742,0.7086346,0.008493914,0.13970847,0.058457535,0.09234944,0.019765183,null,null,null,null,null,null
375316653866487564,4077994241272332288,0.5555053,2271.703719592835,2.0588653540712563,3.687258E-5,16.87879,0.024211252,0.27546832,0.024920018,0.10871392,0.052368283,0.1258097,0.05303702,0.7502932,0.004149091,0.06617731,0.007782306,0.41039935,0.039032675,null,null,null,null,"TWOGAUSSIANS",8,20.4664,0.7502932,0.004149091,0.37059292,0.04295066,0.40636393,0.041139945,0.27546832,0.024920018,0.4,0.0,0.121764116,0.057435744
375316653866487564,4077994279953694464,0.57517093,2294.4165238099695,2.5235059542354903,1.7163062E-5,17.671753,0.0024053133,0.37072656,0.024004959,0.0462322,0.028606106,0.05559335,0.59015495,0.60653216,1.836887E-4,0.01564082,2.9431857E-4,0.18626057,0.0022290377,null,null,null,null,"TWOGAUSSIANS",8,2.2291884,0.60653216,1.836887E-4,0.087588586,0.001648184,0.1862607,0.0022311958,0.37072656,0.024004959,0.25890034,0.16019419,0.05559335,0.59015495
375316653866487564,4077994520505226496,0.5074449,2235.4399241921137,2.664130245642274,4.3179225E-5,18.684687,0.33291075,0.29618457,0.010817924,0.12723146,0.06537075,0.27786356,0.3251784,0.80609,0.006068022,0.115123175,0.04609854,0.24464713,0.30079997,null,null,null,null,"TWOGAUSSIANS",8,1.5957452,0.29615456,0.0105878385,0.4,0.0,0.22078249,0.037574153,0.80621004,0.005929507,0.4,0.0,0.18778138,0.016860548
375316653866487564,4077994554831961216,0.47008505,2301.7549534549726,2.412395283853356,4.2010834E-5,19.04061,0.018451279,0.28239968,0.029236363,0.08529702,0.038130656,0.09041661,0.027700074,0.6499982,0.010851176,0.079940885,0.016493686,0.1652442,0.029898584,null,null,null,null,"TWOGAUSSIANS",8,2.1000588,0.6499982,0.010851176,0.4,0.011214346,0.16509362,0.03008033,0.28241968,0.029241588,0.4,0.0,0.09026188,0.027732357
375316653866487564,4077994554862314240,0.43228,2248.1689389529693,0.3060253015814156,3.1365485E-5,18.718567,0.017305667,0.25928143,0.007230973,0.09364134,0.030898083,0.16885857,0.020017715,0.7687049,0.078624256,0.04454951,0.04461489,0.22922766,0.16811092,null,null,null,null,"TWOGAUSSIANS",8,2.9334826,0.7687049,0.078624256,0.24947725,0.17590947,0.22884025,0.164251,0.25928143,0.0072296164,0.4,0.0,0.1684709,0.019869832
