Gaia/vari_eclipsing_binary/VariEclipsingBinary_674968-674984.csv
# %ECSV 1.0
# ---
# delimiter: ','
# meta: !!omap
# - RELEASE: Gaia DR3
# - TABLE: vari_eclipsing_binary
# - DESCRIPTION: >
#     This table describes the properties of the eclipsing binaries resulting from the variability analysis. 
# - CITATION: >
#     How to cite and acknowledge Gaia: 
#     https://gea.esac.esa.int/archive/documentation/credits.html 
# - KNOWN_ISSUES: >
#     Known issues: 
#     https://www.cosmos.esa.int/web/gaia-users/known-issues 
# - DOCUMENTATION: >
#     Tutorials and documentation: 
#     https://www.cosmos.esa.int/web/gaia-users/archive 
# datatype:
# - 
#   name: solution_id
#   datatype: int64
#   description: Solution Identifier
#   meta:
#     ucd: meta.version
# - 
#   name: source_id
#   datatype: int64
#   description: Unique source identifier
#   meta:
#     ucd: meta.id;meta.main
# - 
#   name: global_ranking
#   datatype: float32
#   description: Number between 0 (worst) and 1 (best)
#   meta:
#     ucd: stat.param
# - 
#   name: reference_time
#   datatype: float64
#   unit: d
#   description: Reference time used for the geometric model fit
#   meta:
#     ucd: time.epoch
# - 
#   name: frequency
#   datatype: float64
#   unit: d**-1
#   description: Frequency of geometric model of the eclipsing binary light curve
#   meta:
#     ucd: src.orbital
# - 
#   name: frequency_error
#   datatype: float32
#   unit: d**-1
#   description: "Uncertainty of \\texttt{frequency}"
#   meta:
#     ucd: stat.error
# - 
#   name: geom_model_reference_level
#   datatype: float32
#   unit: mag
#   description: Magnitude reference level of geometric model
#   meta:
#     ucd: phot.mag;em.opt
# - 
#   name: geom_model_reference_level_error
#   datatype: float32
#   unit: mag
#   description: "Uncertainty of \\texttt{geomModelReferenceLevel}"
#   meta:
#     ucd: stat.error;phot.mag;em.opt
# - 
#   name: geom_model_gaussian1_phase
#   datatype: float32
#   description: Phase of the Gaussian 1 component
#   meta:
#     ucd: time.phase
# - 
#   name: geom_model_gaussian1_phase_error
#   datatype: float32
#   description: "Uncertainty of \\texttt{geomModelGaussian1Phase}"
#   meta:
#     ucd: stat.error;time.phase
# - 
#   name: geom_model_gaussian1_sigma
#   datatype: float32
#   description: "Standard deviation [phase] of Gaussian 1 component"
#   meta:
#     ucd: stat.stdev
# - 
#   name: geom_model_gaussian1_sigma_error
#   datatype: float32
#   description: "Uncertainty of \\texttt{geomModelGaussian1Sigma}"
#   meta:
#     ucd: stat.error
# - 
#   name: geom_model_gaussian1_depth
#   datatype: float32
#   unit: mag
#   description: Magnitude depth of Gaussian 1 component
#   meta:
#     ucd: src.var.amplitude
# - 
#   name: geom_model_gaussian1_depth_error
#   datatype: float32
#   unit: mag
#   description: "Uncertainty of \\texttt{geomModelGaussian1Depth}"
#   meta:
#     ucd: stat.error;src.var.amplitude
# - 
#   name: geom_model_gaussian2_phase
#   datatype: float32
#   description: Phase of Gaussian 2 component
#   meta:
#     ucd: time.phase
# - 
#   name: geom_model_gaussian2_phase_error
#   datatype: float32
#   description: "Uncertainty of \\texttt{geomModelGaussian2Phase}"
#   meta:
#     ucd: stat.error;time.phase
# - 
#   name: geom_model_gaussian2_sigma
#   datatype: float32
[...]
#   datatype: float32
#   description: "Secondary eclipse: uncertainty of \\texttt{derivedSecondaryEclDuration}"
#   meta:
#     ucd: stat.error;time.duration
# - 
#   name: derived_secondary_ecl_depth
#   datatype: float32
#   unit: mag
#   description: "Secondary eclipse: depth"
#   meta:
#     ucd: src.var.amplitude
# - 
#   name: derived_secondary_ecl_depth_error
#   datatype: float32
#   unit: mag
#   description: "Secondary eclipse: uncertainty of \\texttt{derivedSecondaryEclDepth}"
#   meta:
#     ucd: stat.error;src.var.amplitude
solution_id,source_id,global_ranking,reference_time,frequency,frequency_error,geom_model_reference_level,geom_model_reference_level_error,geom_model_gaussian1_phase,geom_model_gaussian1_phase_error,geom_model_gaussian1_sigma,geom_model_gaussian1_sigma_error,geom_model_gaussian1_depth,geom_model_gaussian1_depth_error,geom_model_gaussian2_phase,geom_model_gaussian2_phase_error,geom_model_gaussian2_sigma,geom_model_gaussian2_sigma_error,geom_model_gaussian2_depth,geom_model_gaussian2_depth_error,geom_model_cosine_half_period_amplitude,geom_model_cosine_half_period_amplitude_error,geom_model_cosine_half_period_phase,geom_model_cosine_half_period_phase_error,model_type,num_model_parameters,reduced_chi2,derived_primary_ecl_phase,derived_primary_ecl_phase_error,derived_primary_ecl_duration,derived_primary_ecl_duration_error,derived_primary_ecl_depth,derived_primary_ecl_depth_error,derived_secondary_ecl_phase,derived_secondary_ecl_phase_error,derived_secondary_ecl_duration,derived_secondary_ecl_duration_error,derived_secondary_ecl_depth,derived_secondary_ecl_depth_error
[from data line 37]
375316653866487564,5937088942886836992,0.66542375,2197.611933608967,0.1233464499820951,1.0776657E-6,17.202286,9.30955E-4,0.19532144,3.1557347E-4,0.003437578,0.0013145662,0.92390263,1.3772225,0.6090028,0.008488013,0.021346224,0.0073861848,0.01070055,0.0013285652,null,null,null,null,"TWOGAUSSIANS",8,1.408064,0.19532144,3.1557347E-4,0.019250438,0.007361571,0.92390263,1.3772225,0.6090028,0.008488013,0.11953885,0.041362636,0.01070055,0.0013285652
375316653866487564,5937089256498958592,0.46139964,2155.8673566645184,0.09588447928581798,1.664153E-4,19.10699,0.011890016,0.3433732,0.013126447,0.006258191,0.036082145,0.9741188,1.691104,0.8342882,3.0639107E-4,0.005764101,0.0017016865,0.32800955,1.1262662,0.023257079,0.020613348,0.3433732,0.013126447,"TWOGAUSSIANS_WITH_ELLIPSOIDAL_ON_ECLIPSE1",9,4.7360444,0.3433732,0.013126447,0.03504587,0.20206001,1.0206329,1.7113968,0.8342882,3.0639107E-4,0.032278966,0.009529445,0.3743722,1.1286094
375316653866487564,5937089496928848000,0.5507947,2163.198258101616,3.1247515899929446,3.4901917E-5,18.87889,0.009220284,0.22857141,0.006578381,0.026284395,0.01657582,0.22351536,0.7455439,0.72154254,0.0069746855,0.057173844,0.006909869,0.2458337,0.022500703,0.10227732,0.012688175,0.22857141,0.006578381,"TWOGAUSSIANS_WITH_ELLIPSOIDAL_ON_ECLIPSE1",9,5.3227363,0.72278255,0.005427306,0.32017353,0.03869527,0.45004895,0.015406956,0.22857141,0.006578381,0.14719261,0.0928246,0.42805892,0.7552449
375316653866487564,5937090218485811456,0.6107651,2174.0940816347256,3.374443703061259,4.0049476E-6,18.715761,0.010042678,0.21972987,0.00115489,0.046101112,0.0021848085,0.55087155,0.027842386,0.72190195,8.872027E-4,0.042210646,0.002020548,0.39094347,0.024390198,0.112392545,0.0151612265,0.21972987,0.00115489,"TWOGAUSSIANS_WITH_ELLIPSOIDAL_ON_ECLIPSE1",9,2.5634937,0.21972987,0.00115489,0.25816622,0.012234927,0.77565587,0.017068515,0.72190195,8.872027E-4,0.23637962,0.011315069,0.61568594,0.0118541075
375316653866487564,5937090321565058560,0.5149214,2173.8962241158097,2.3871781513803207,1.1622149E-5,18.991854,0.008706387,0.13884969,0.0055204234,0.06755108,0.00558443,0.336772,0.016917784,0.65387535,0.00415641,0.07659876,0.0039066034,0.3221186,0.012524738,null,null,null,null,"TWOGAUSSIANS",8,4.26983,0.13884969,0.0055204234,0.37828603,0.031272806,0.33566225,0.016928278,0.65387535,0.00415641,0.4,0.0,0.32100886,0.012209801
375316653866487564,5937091008846025344,0.5720561,2156.750194448165,2.447953159878632,7.869127E-6,16.135794,0.03022046,0.23460309,0.0017345625,0.103683375,0.009105683,0.32980666,0.027931513,0.7257793,0.002914589,0.11138687,0.016533937,0.31235814,0.023299761,null,null,null,null,"TWOGAUSSIANS",8,25.183342,0.23461309,0.00173229,0.4,0.0,0.29082474,0.0049752854,0.7257793,0.002914589,0.4,0.0,0.27335468,0.036188018
375316653866487564,5937091283723928832,0.5438327,2174.850849708171,3.0451692248522537,1.7266517E-5,18.392014,0.04008727,0.24753118,0.0048092874,0.054825872,0.0078117843,0.6420631,0.08112947,0.74180305,0.0041728616,0.04749145,0.008434642,0.53690135,0.066092886,0.04720884,0.042194802,0.24753118,0.0048092874,"TWOGAUSSIANS_WITH_ELLIPSOIDAL_ON_ECLIPSE1",9,19.21819,0.24753118,0.0048092874,0.30702487,0.04374599,0.7364607,0.0684808,0.74197304,0.00405555,0.26595214,0.047233995,0.63118035,0.032088477
375316653866487564,5937091416782454528,0.57299095,2168.4979522753565,3.4681342759663734,6.081302E-6,18.77897,0.014577472,0.24320635,0.0014113395,0.0428706,0.0051800967,0.30601376,0.029658228,0.74372125,0.0038386418,0.05343865,0.004238422,0.39239115,0.03261661,0.10075101,0.016941166,0.24320635,0.0014113395,"TWOGAUSSIANS_WITH_ELLIPSOIDAL_ON_ECLIPSE1",9,2.9247499,0.74372125,0.0037016815,0.29925644,0.023735164,0.5938836,0.013171784,0.24320635,0.0014113395,0.24007535,0.029008541,0.50750834,0.031135641
375316653866487564,5937091627235676800,0.52134037,2168.9009635390003,2.526056960127474,2.3349456E-5,19.762259,0.028345129,0.19992101,0.005485747,0.081673406,0.009175729,0.45793584,0.03613953,0.6852042,0.010136487,0.09133555,0.011904644,0.44501942,0.033429243,null,null,null,null,"TWOGAUSSIANS",8,1.7242104,0.19992101,0.005485747,0.4,0.0,0.44715965,0.03390391,0.6852042,0.010136487,0.4,0.0,0.43424284,0.026742361
375316653866487564,5937091829099634944,0.46638805,2203.774881470001,1.3880566490597217,3.8462065E-5,19.335268,0.00410034,0.18775356,0.009014457,0.031530134,0.0065724086,0.046826918,0.013151108,0.36922383,0.005674679,0.024213083,0.00542933,0.58171135,0.93242955,null,null,null,null,"TWOGAUSSIANS",8,1.6666418,0.36922383,0.005674679,0.13559327,0.030404247,0.58171135,0.93242955,0.18775356,0.009014457,0.17656876,0.03680549,0.046826918,0.013151108
375316653866487564,5937091902199273856,0.5937928,2181.2859219494235,2.8054866263332086,4.2737606E-6,16.13605,0.013850433,0.21709941,0.002610371,0.06548701,0.0053054695,0.309398,0.02744114,0.72859657,0.0014742307,0.045043547,0.0050305636,0.2612865,0.027463192,0.098002225,0.015708465,0.72859657,0.0014742307,"TWOGAUSSIANS_WITH_ELLIPSOIDAL_ON_ECLIPSE2",9,36.582863,0.21912941,0.0019975975,0.36672726,0.02971063,0.50445396,0.014477982,0.72859657,0.0014742307,0.25224385,0.028171156,0.45718378,0.016030865
375316653866487564,5937091936473297664,0.45779753,2172.2903623211487,3.090313511238548,2.5285633E-5,18.473415,0.020310007,0.2061414,0.009304637,0.076780535,0.009228052,0.27311438,0.026171422,0.7065361,0.015957687,0.08376764,0.025866637,0.27110544,0.017428575,null,null,null,null,"TWOGAUSSIANS",8,19.659397,0.2061414,0.009304102,0.4,0.0,0.26888943,0.0217913,0.7065361,0.015957687,0.4,0.0,0.26688048,0.021251671
375316653866487564,5937092314429957632,0.47532937,2122.590880701411,3.0433381082144626,3.2673775E-5,19.111328,0.013160194,0.2867942,0.0076084817,0.07850901,0.010222396,0.28368565,0.019536259,0.79155475,0.008023607,0.08047131,0.010622794,0.20549959,0.023290327,null,null,null,null,"TWOGAUSSIANS",8,5.2555957,0.2867942,0.0076084817,0.4,0.0,0.28057173,0.019371858,0.79155475,0.008023607,0.4,0.0,0.20238565,0.023081612
375316653866487564,5937092688093427840,0.53547895,2151.729659965658,3.997270953140994,1.5828477E-5,18.216606,0.005681996,0.1914318,0.0037728122,0.032251514,0.016089646,0.078783095,0.044515233,0.6998615,0.007137699,0.023909612,0.007120945,0.085623614,0.017901026,0.112434454,0.008236584,0.1914318,0.0037728122,"TWOGAUSSIANS_WITH_ELLIPSOIDAL_ON_ECLIPSE1",9,6.755032,0.6998615,0.007137699,0.13389382,0.03987729,0.3098623,0.013145428,0.1914318,0.0037728122,0.18060848,0.09010202,0.303652,0.038396534
375316653866487564,5937092829826556672,0.5809546,2155.3207910826923,1.4933942350513956,9.750843E-6,18.04038,0.005554983,0.23292904,0.003560426,0.04070802,0.013349801,0.05740198,0.017344838,0.7298354,0.003880121,0.04733306,0.0035869407,0.51930267,0.015965568,0.0860626,0.007884515,0.23292904,0.003560426,"TWOGAUSSIANS_WITH_ELLIPSOIDAL_ON_ECLIPSE1",9,5.6432953,0.7300054,0.0036523095,0.26506513,0.020086868,0.6913661,0.014467987,0.23292904,0.003560426,0.22796491,0.07475889,0.22952683,0.0137130255
375316653866487564,5937093517022955008,0.4895855,2161.65516775553,2.636384977385699,2.654478E-5,19.493263,0.015093051,0.26207098,0.0068449317,0.08962342,0.012694686,0.1759501,0.017525775,0.7750672,0.007686112,0.079601064,0.015640007,0.21900347,0.0157505,null,null,null,null,"TWOGAUSSIANS",8,1.7194779,0.7750672,0.007686112,0.4,0.0,0.21507618,0.014285165,0.26207098,0.0068449317,0.4,0.0,0.17202273,0.015870187
375316653866487564,5937093895064245504,0.4879591,2158.69403017373,2.8537009065629713,1.3209809E-5,17.493752,0.004559812,0.3445847,0.031257674,0.040383067,0.034860775,0.04723068,0.027578013,0.7254129,0.0043696975,0.035498627,0.030650795,0.0025256162,0.023822427,0.08753493,0.0072512967,0.7254129,0.0043696975,"TWOGAUSSIANS_WITH_ELLIPSOIDAL_ON_ECLIPSE2",9,15.24759,0.7254129,0.0043696975,0.19879231,0.17164445,0.17759414,0.020697206,0.22959471,0.09705131,0.22614518,0.19522034,0.17576721,0.030463008
375316653866487564,5937093929424004992,0.60987675,2160.123864685552,2.721567024097566,4.701821E-6,16.722103,0.021055339,0.28390518,0.0019121533,0.061947204,0.01020822,0.22848885,0.040713187,0.78462356,0.0037765028,0.060055017,0.007667159,0.21664229,0.044225328,0.11877914,0.024119658,0.28390518,0.0019121533,"TWOGAUSSIANS_WITH_ELLIPSOIDAL_ON_ECLIPSE1",9,15.802336,0.28390518,0.0019121533,0.34690434,0.057166032,0.46594313,0.013554012,0.78462356,0.0034921006,0.3363081,0.04293609,0.45409173,0.012189574
375316653866487564,5937095265106062592,0.50454944,2158.863625574187,4.7864100135462415,3.1068583E-5,19.2866,0.11340465,0.20017868,0.058191814,0.07127899,0.052283403,0.08006169,0.035405535,0.60632324,0.010651003,0.20015973,0.05668161,0.28975913,0.109634586,null,null,null,null,"TWOGAUSSIANS",8,1.7022195,0.60632324,0.010651003,0.4,0.0,0.25037667,0.019237319,0.22988869,0.5167322,0.39916232,0.19989298,0.08570966,0.21865383
375316653866487564,5937095338088044032,0.5266966,2164.7410824030694,2.0592487405609807,1.8526338E-5,19.299856,0.017897323,0.13647927,0.0048827482,0.07586062,0.0065432936,0.47822008,0.021294702,0.62552476,0.005189774,0.08347842,0.00895979,0.42602456,0.052236356,null,null,null,null,"TWOGAUSSIANS",8,4.0298347,0.13647927,0.0048827482,0.4,0.0,0.47296312,0.01949898,0.62552476,0.005189774,0.4,0.0,0.42076758,0.053548444
375316653866487564,5937095750490172800,0.48495147,2173.36804435848,2.6841674681297154,2.8831315E-5,19.826971,0.019196454,0.20653799,0.01045583,0.090259895,0.011488185,0.2743,0.024261117,0.69344926,0.007903775,0.07515601,0.010857772,0.30848616,0.021293774,null,null,null,null,"TWOGAUSSIANS",8,1.7139701,0.69344926,0.007903775,0.4,0.0,0.30379996,0.01913319,0.20653799,0.01045583,0.4,0.0,0.26961365,0.019475242
375316653866487564,5937095750490190080,0.5315273,2163.5552688986036,0.43399299586103524,5.036792E-6,16.169907,0.0014546168,0.29428962,0.035757646,0.027892947,0.020298924,0.041423757,0.0638945,0.74206597,0.0022248554,0.017962722,0.002480237,0.17796133,0.012811241,null,null,null,null,"TWOGAUSSIANS",8,9.529984,0.74206597,0.0022248554,0.10059124,0.013889328,0.17796133,0.012811241,0.29428962,0.035757646,0.1562005,0.11367397,0.041423757,0.0638945
375316653866487564,5937095956648669568,0.6030769,2181.643346171329,0.11967258995022738,4.071365E-5,15.861535,7.4285053E-4,0.144078,0.0017531348,0.0335441,0.0015694111,0.40916705,0.03377679,null,null,null,null,null,null,null,null,null,null,"ONEGAUSSIAN",5,5.899941,0.144078,0.0017531348,0.18784696,0.008788702,0.40916705,0.0,null,null,null,null,null,null
375316653866487564,5937096059643028736,0.55130494,2168.936003777537,3.2680047366581255,8.926929E-6,19.499235,0.009580054,0.25336725,0.002954782,0.06524192,0.004630416,0.4519587,0.016362922,0.7495681,0.0024530126,0.06964026,0.005506833,0.614964,0.06640347,null,null,null,null,"TWOGAUSSIANS",8,1.7671572,0.7495681,0.0024530126,0.38998544,0.017120266,0.6139748,0.0670409,0.25336725,0.002954782,0.36535475,0.02593033,0.4509695,0.016413089
375316653866487564,5937096643843522048,0.44607118,2153.859244160417,2.9056997585727484,2.5458734E-5,18.649027,0.010491848,0.24985215,0.004091912,0.023246754,0.0048312065,0.2031042,0.042829115,0.7324342,0.07592545,0.05661993,0.071006574,0.10529685,23.040764,0.1257965,0.018706786,0.24985215,0.004091912,"TWOGAUSSIANS_WITH_ELLIPSOIDAL_ON_ECLIPSE1",9,31.309202,0.24985215,0.004091912,0.13018182,0.027054757,0.4546955,0.041770022,0.7390142,0.07106593,0.31707162,0.3976368,0.3550146,23.022928
375316653866487564,5937096678119034624,0.52593976,2170.3381281528577,3.168491574516859,2.2678812E-5,19.866278,0.013435664,0.2821766,0.004893192,0.08039295,0.0055910028,0.4519295,0.034453604,0.77862495,0.009842067,0.07378036,0.008508759,0.3455689,0.03562446,null,null,null,null,"TWOGAUSSIANS",8,1.4439374,0.2821766,0.004893192,0.4,0.0,0.44809857,0.0347479,0.77862495,0.009842067,0.4,0.01007057,0.34173796,0.03567238
375316653866487564,5937097365397935872,0.49307075,2169.030599866938,4.109115526978922,1.1506898E-5,18.107536,0.019894,0.21030907,0.005262773,0.09111496,0.010123332,0.30392438,0.032202233,0.69511384,0.001948106,0.054485645,0.00495912,0.3576927,0.023376059,null,null,null,null,"TWOGAUSSIANS",8,13.172216,0.69511384,0.001948106,0.30511963,0.027771072,0.3565027,0.02280242,0.21030907,0.005262773,0.4,0.0,0.30273417,0.032213498
375316653866487564,5937098082573381760,0.41394305,2167.3574087122483,1.1218557851791993,3.310795E-5,18.645227,0.005413033,0.27559215,0.008210146,0.07078209,0.011965811,0.115537815,0.018076183,0.82544273,0.04856366,0.06328934,0.024237817,0.042743698,0.014047478,null,null,null,null,"TWOGAUSSIANS",8,10.434891,0.27559215,0.008210146,0.39637968,0.050028678,0.11550589,0.018098481,0.82544273,0.04856366,0.3544203,0.13573177,0.042711765,0.014042637
375316653866487564,5937098533544470016,0.46156007,2150.3687559055634,2.287710493858402,2.6558353E-5,18.880562,0.03399078,0.26171714,0.008449777,0.048171993,0.012880354,0.48720565,0.07648413,0.7707622,0.016497945,0.045162335,0.020386763,0.18829189,0.10321776,0.10294785,0.043768305,0.26171714,0.008449777,"TWOGAUSSIANS_WITH_ELLIPSOIDAL_ON_ECLIPSE1",9,36.481884,0.26171714,0.008449777,0.26976314,0.07212998,0.6931003,0.048251063,0.7707622,0.016497945,0.25290906,0.11416587,0.39352223,0.066247836
375316653866487564,5937098980226197120,0.52666396,2182.7267575580418,2.5266486106028316,2.4274039E-5,19.378962,0.014503088,0.24891962,0.0071271937,0.03771691,0.013213751,0.18731116,0.035313677,0.7623113,0.00916982,0.032884598,0.009913144,0.18400803,0.035395306,0.14798194,0.019924587,0.24891962,0.0071271937,"TWOGAUSSIANS_WITH_ELLIPSOIDAL_ON_ECLIPSE1",9,5.1251435,0.24891962,0.0071271937,0.21121469,0.073997006,0.483275,0.017298462,0.7623113,0.00916982,0.18415375,0.0555136,0.4778814,0.02059927
375316653866487564,5937099358263216512,0.5029298,2157.7970314696267,0.4259524392601545,1.5407537E-5,14.593353,0.089741245,0.31181428,0.005077297,0.12680155,0.07352681,0.048921235,0.08385156,0.80184114,0.0069882246,0.10717884,0.07650537,0.02390493,0.0779763,null,null,null,null,"TWOGAUSSIANS",8,6.241055,0.31182426,0.0044624447,0.4,0.0,0.042456612,0.0022469328,0.80184114,0.0069882246,0.4,0.0,0.017482324,0.0017089604
375316653866487564,5937099461342395520,0.65084285,2176.7680546499028,2.1540701241381788,3.6448262E-6,16.427345,0.0073768822,0.2568252,0.0013756992,0.055017747,0.0033476918,0.25978136,0.02005796,0.7588778,0.001964392,0.052397158,0.0028651592,0.25053632,0.020077094,0.112530224,0.012487013,0.2568252,0.0013756992,"TWOGAUSSIANS_WITH_ELLIPSOIDAL_ON_ECLIPSE1",9,10.878894,0.2568252,0.0013756992,0.3080994,0.018747075,0.48482984,0.0082089435,0.7588778,0.001964392,0.2934241,0.016044892,0.4755474,0.007966382
375316653866487564,5937099495708509184,0.4060522,2168.725296416442,0.16654450031270593,4.2678883E-5,19.291794,0.39178434,0.23812477,0.04225268,0.1390047,0.07932776,0.22809657,0.37609297,0.64918065,0.046425957,0.12616144,0.08229376,0.2316589,0.30754757,null,null,null,null,"TWOGAUSSIANS",8,6.2687144,0.64918065,0.046425957,0.4,0.0,0.19561803,0.032988355,0.24078478,0.023851031,0.4,0.0,0.1903386,0.032328416
375316653866487564,5937099770580083712,0.5566748,2141.4006077094305,1.0744587510722743,6.4295186E-6,15.188,0.016496306,0.20658638,0.0032691758,0.047194656,0.0071479413,0.22963125,0.033338223,0.6942882,0.004681049,0.04849671,0.00637805,0.6961823,0.12820989,0.012623618,0.02280813,0.6942882,0.004681049,"TWOGAUSSIANS_WITH_ELLIPSOIDAL_ON_ECLIPSE2",9,161.54259,0.6942882,0.004681049,0.27158156,0.035717078,0.72142816,0.13990475,0.20635638,0.0031387676,0.26429006,0.04002847,0.25472948,0.01578478
