Gaia/vari_eclipsing_binary/VariEclipsingBinary_686631-686780.csv
# %ECSV 1.0
# ---
# delimiter: ','
# meta: !!omap
# - RELEASE: Gaia DR3
# - TABLE: vari_eclipsing_binary
# - DESCRIPTION: >
#     This table describes the properties of the eclipsing binaries resulting from the variability analysis. 
# - CITATION: >
#     How to cite and acknowledge Gaia: 
#     https://gea.esac.esa.int/archive/documentation/credits.html 
# - KNOWN_ISSUES: >
#     Known issues: 
#     https://www.cosmos.esa.int/web/gaia-users/known-issues 
# - DOCUMENTATION: >
#     Tutorials and documentation: 
#     https://www.cosmos.esa.int/web/gaia-users/archive 
# datatype:
# - 
#   name: solution_id
#   datatype: int64
#   description: Solution Identifier
#   meta:
#     ucd: meta.version
# - 
#   name: source_id
#   datatype: int64
#   description: Unique source identifier
#   meta:
#     ucd: meta.id;meta.main
# - 
#   name: global_ranking
#   datatype: float32
#   description: Number between 0 (worst) and 1 (best)
#   meta:
#     ucd: stat.param
# - 
#   name: reference_time
#   datatype: float64
#   unit: d
#   description: Reference time used for the geometric model fit
#   meta:
#     ucd: time.epoch
# - 
#   name: frequency
#   datatype: float64
#   unit: d**-1
#   description: Frequency of geometric model of the eclipsing binary light curve
#   meta:
#     ucd: src.orbital
# - 
#   name: frequency_error
#   datatype: float32
#   unit: d**-1
#   description: "Uncertainty of \\texttt{frequency}"
#   meta:
#     ucd: stat.error
# - 
#   name: geom_model_reference_level
#   datatype: float32
#   unit: mag
#   description: Magnitude reference level of geometric model
#   meta:
#     ucd: phot.mag;em.opt
# - 
#   name: geom_model_reference_level_error
#   datatype: float32
#   unit: mag
#   description: "Uncertainty of \\texttt{geomModelReferenceLevel}"
#   meta:
#     ucd: stat.error;phot.mag;em.opt
# - 
#   name: geom_model_gaussian1_phase
#   datatype: float32
#   description: Phase of the Gaussian 1 component
#   meta:
#     ucd: time.phase
# - 
#   name: geom_model_gaussian1_phase_error
#   datatype: float32
#   description: "Uncertainty of \\texttt{geomModelGaussian1Phase}"
#   meta:
#     ucd: stat.error;time.phase
# - 
#   name: geom_model_gaussian1_sigma
#   datatype: float32
#   description: "Standard deviation [phase] of Gaussian 1 component"
#   meta:
#     ucd: stat.stdev
# - 
#   name: geom_model_gaussian1_sigma_error
#   datatype: float32
#   description: "Uncertainty of \\texttt{geomModelGaussian1Sigma}"
#   meta:
#     ucd: stat.error
# - 
#   name: geom_model_gaussian1_depth
#   datatype: float32
#   unit: mag
#   description: Magnitude depth of Gaussian 1 component
#   meta:
#     ucd: src.var.amplitude
# - 
#   name: geom_model_gaussian1_depth_error
#   datatype: float32
#   unit: mag
#   description: "Uncertainty of \\texttt{geomModelGaussian1Depth}"
#   meta:
#     ucd: stat.error;src.var.amplitude
# - 
#   name: geom_model_gaussian2_phase
#   datatype: float32
#   description: Phase of Gaussian 2 component
#   meta:
#     ucd: time.phase
# - 
#   name: geom_model_gaussian2_phase_error
#   datatype: float32
#   description: "Uncertainty of \\texttt{geomModelGaussian2Phase}"
#   meta:
#     ucd: stat.error;time.phase
# - 
#   name: geom_model_gaussian2_sigma
#   datatype: float32
[...]
#   datatype: float32
#   description: "Secondary eclipse: uncertainty of \\texttt{derivedSecondaryEclDuration}"
#   meta:
#     ucd: stat.error;time.duration
# - 
#   name: derived_secondary_ecl_depth
#   datatype: float32
#   unit: mag
#   description: "Secondary eclipse: depth"
#   meta:
#     ucd: src.var.amplitude
# - 
#   name: derived_secondary_ecl_depth_error
#   datatype: float32
#   unit: mag
#   description: "Secondary eclipse: uncertainty of \\texttt{derivedSecondaryEclDepth}"
#   meta:
#     ucd: stat.error;src.var.amplitude
solution_id,source_id,global_ranking,reference_time,frequency,frequency_error,geom_model_reference_level,geom_model_reference_level_error,geom_model_gaussian1_phase,geom_model_gaussian1_phase_error,geom_model_gaussian1_sigma,geom_model_gaussian1_sigma_error,geom_model_gaussian1_depth,geom_model_gaussian1_depth_error,geom_model_gaussian2_phase,geom_model_gaussian2_phase_error,geom_model_gaussian2_sigma,geom_model_gaussian2_sigma_error,geom_model_gaussian2_depth,geom_model_gaussian2_depth_error,geom_model_cosine_half_period_amplitude,geom_model_cosine_half_period_amplitude_error,geom_model_cosine_half_period_phase,geom_model_cosine_half_period_phase_error,model_type,num_model_parameters,reduced_chi2,derived_primary_ecl_phase,derived_primary_ecl_phase_error,derived_primary_ecl_duration,derived_primary_ecl_duration_error,derived_primary_ecl_depth,derived_primary_ecl_depth_error,derived_secondary_ecl_phase,derived_secondary_ecl_phase_error,derived_secondary_ecl_duration,derived_secondary_ecl_duration_error,derived_secondary_ecl_depth,derived_secondary_ecl_depth_error
[from data line 143]
375316653866487564,6040173659842374144,0.5997675,2106.940534315649,2.9493626674218363,5.674838E-6,15.688144,0.008355167,0.22788385,0.0025423958,0.11972799,0.008483734,0.13382785,0.0072878436,0.7145543,0.002045907,0.097772144,0.0047877217,0.1618487,0.008164378,null,null,null,null,"TWOGAUSSIANS",8,4.0955634,0.7145543,0.002045907,0.4,0.0,0.14406815,0.0033052715,0.22788385,0.0025423958,0.4,0.0,0.11599992,0.0031503804
375316653866487564,6040174170933900288,0.56208163,2081.664504127293,3.8355263262443398,1.6611868E-5,18.386408,0.009698293,0.27757555,0.003026855,0.08022929,0.0034239735,0.51454806,0.012204463,0.76572436,0.0031119853,0.08560252,0.0035655682,0.37379515,0.015318127,null,null,null,null,"TWOGAUSSIANS",8,5.308653,0.27757555,0.003026855,0.4,0.0,0.5071194,0.011283311,0.76572436,0.0031119853,0.4,0.0,0.36636648,0.014456539
375316653866487564,6040174621915039616,0.5770198,2078.9899299946724,3.208348107474914,1.2526645E-5,15.224868,0.008126895,0.2694337,0.0022539122,0.057611708,0.008823393,0.09985673,0.02214892,0.76459557,0.0045025926,0.048863903,0.0121208755,0.08567707,0.016499622,0.07979177,0.010351215,0.2694337,0.0022539122,"TWOGAUSSIANS_WITH_ELLIPSOIDAL_ON_ECLIPSE1",9,48.390377,0.2694337,0.0022539122,0.32262558,0.049411,0.25943184,0.014630953,0.76585555,0.0030011747,0.27363786,0.0678769,0.24514307,0.011679558
375316653866487564,6040175480908510976,0.5054514,2104.8228016823628,0.09136249370171172,1.2735477E-6,18.485395,0.0070475605,0.48601544,0.14231268,0.031130832,0.01830693,0.1357965,0.07743739,0.82143027,3.4088145E-5,0.0013285968,5.6314548E-5,0.77112544,0.0036853065,null,null,null,null,"TWOGAUSSIANS",8,10.232799,0.82143027,3.4088145E-5,0.0074401423,3.1536148E-4,0.77112544,0.0036853065,0.48601544,0.14231268,0.17433266,0.10251881,0.1357965,0.07743739
375316653866487564,6040175510972442240,0.54318124,2095.273159638388,3.332566034236338,1.309279E-5,17.762138,0.008715031,0.24561778,0.004060276,0.086208954,0.0059364787,0.29711977,0.0075893397,0.7400618,0.0020667368,0.08872507,0.003424653,0.3136492,0.0103535,null,null,null,null,"TWOGAUSSIANS",8,7.632364,0.7400618,0.0020667368,0.4,0.0,0.30426872,0.008821211,0.24561778,0.004060276,0.4,0.0,0.28773934,0.0066331415
375316653866487564,6040179638436893824,0.43887103,2095.209731672483,0.4101667062806231,2.6977701E-5,18.052029,0.0052447165,0.2203756,0.0019353643,0.016899845,0.002154316,0.1379113,0.019413149,0.735527,0.011478769,0.073256,0.023846615,0.058037177,0.009115017,null,null,null,null,"TWOGAUSSIANS",8,4.5558877,0.2203756,0.0019353643,0.09463913,0.01206417,0.13791129,0.019413076,0.735527,0.011478769,0.4,0.06441493,0.058037166,0.009115256
375316653866487564,6040186231203246336,0.53581256,2066.1109861655614,3.8375664519265174,1.1367132E-5,19.852154,0.012968426,0.1991329,0.0026010082,0.066657856,0.0030430434,0.7420631,0.02922852,0.696301,0.0065391855,0.062996194,0.0051697954,0.6238493,0.050206445,null,null,null,null,"TWOGAUSSIANS",8,2.242687,0.1991329,0.0026010082,0.373284,0.017041044,0.7413241,0.02925408,0.696301,0.0065391855,0.35277867,0.028950853,0.62311023,0.05024328
375316653866487564,6040188430225952128,0.51640546,2084.01209475401,1.5169460895533273,1.2186338E-5,18.91049,0.0036957809,0.5708706,0.002754068,0.023154505,0.0017909389,0.36374518,0.034106974,null,null,null,null,null,null,null,null,null,null,"ONEGAUSSIAN",5,2.015561,0.5708706,0.002754068,0.12966523,0.010029258,0.36374518,0.0,null,null,null,null,null,null
375316653866487564,6040197780378824576,0.57731014,2084.772619215118,1.036908813725536,4.6679966E-6,14.596841,0.0013553929,0.2619489,0.0016702021,0.033277944,0.0027115603,0.06881339,0.0033348855,0.75718737,0.0011420344,0.03454123,0.00106011,0.20811428,0.0050238394,0.012895995,0.0019805427,0.2619489,0.0016702021,"TWOGAUSSIANS_WITH_ELLIPSOIDAL_ON_ECLIPSE1",9,22.04853,0.7572374,0.0011273777,0.19343089,0.0059366166,0.23388346,0.0045836726,0.2619489,0.0016702021,0.18635648,0.015184738,0.09460537,0.0028214168
375316653866487564,6040199425342206464,0.5263429,2095.569452487734,2.7712079663297464,1.3473162E-5,17.957153,0.004611387,0.23329163,0.002765612,0.092372656,0.0060498463,0.18176644,0.006742429,0.7369137,0.0035271435,0.08851219,0.006348183,0.124160625,0.0059531475,null,null,null,null,"TWOGAUSSIANS",8,2.7651286,0.23329163,0.002765612,0.4,0.0,0.17552555,0.0075394497,0.7369137,0.0035271435,0.4,0.0,0.11791988,0.0058147786
375316653866487564,6040210390403384448,0.6125522,2067.65149350038,1.4198129018746903,1.8801171E-6,16.511444,0.0022654117,0.20289992,0.004494858,0.04929632,0.0039672833,0.06757295,0.006393722,0.6961242,0.002455386,0.04612388,0.0020772214,0.3183116,0.00307888,null,null,null,null,"TWOGAUSSIANS",8,4.3963127,0.6961242,0.002455386,0.25829375,0.011632441,0.3183114,0.003078814,0.20289992,0.004494858,0.2760594,0.022216786,0.067572735,0.0063937814
375316653866487564,6040217704723414656,0.5169429,2059.63778543791,1.6588076125081996,3.1118183E-5,19.576914,0.0068339724,0.19884391,0.0019271167,0.025425063,0.0016045984,0.76310444,0.04792343,0.7043745,0.004140411,0.030350985,0.00538467,0.5221108,0.06022153,null,null,null,null,"TWOGAUSSIANS",8,4.2764683,0.19884391,0.0019271167,0.14238036,0.00898575,0.76310444,0.04792343,0.7043745,0.004140411,0.16996552,0.030154152,0.5221108,0.06022153
375316653866487564,6040224752774143232,0.63357526,2065.176246277168,0.46223362089100345,3.8395674E-6,15.150815,0.0026162032,0.24995506,0.0016414308,0.034265913,0.00217549,0.06831758,0.005615025,0.7495866,7.518829E-4,0.039423887,0.0010442133,0.34488815,0.0064114444,0.019653125,0.002898472,0.24995506,0.0016414308,"TWOGAUSSIANS_WITH_ELLIPSOIDAL_ON_ECLIPSE1",9,21.847324,0.7495966,7.445852E-4,0.22077377,0.0058475947,0.3841942,0.0046638553,0.24995506,0.0016414308,0.19188912,0.012182743,0.10762382,0.002157962
375316653866487564,6040225508688418432,0.62185484,2087.670337475478,1.8699886795918848,3.625455E-6,15.880551,0.0029821924,0.27652982,9.3050685E-4,0.024118265,7.618801E-4,0.5476744,0.015667351,0.7761906,7.8147696E-4,0.024029763,7.1319344E-4,0.48624054,0.01396273,0.011654724,0.0037665558,0.27652982,9.3050685E-4,"TWOGAUSSIANS_WITH_ELLIPSOIDAL_ON_ECLIPSE1",9,33.833683,0.27652982,9.3050685E-4,0.13506229,0.0042665284,0.5709839,0.016508996,0.7761906,7.8147696E-4,0.13456668,0.0039938833,0.50954986,0.013817731
375316653866487564,6040228463625970944,0.5959742,2058.882818032119,0.8027919812450546,2.3561308E-5,16.642662,0.0016779717,0.30975062,0.008276969,0.026669763,0.005133806,0.4409219,0.15558904,0.80980504,0.0015731668,0.024690492,0.0011872839,0.32416067,0.02118217,0.007930282,0.0037256929,0.30975062,0.008276969,"TWOGAUSSIANS_WITH_ELLIPSOIDAL_ON_ECLIPSE1",9,8.256785,0.30975062,0.008276969,0.14935067,0.028749311,0.45678243,0.15550947,0.80980504,0.0015731668,0.13826676,0.0066487896,0.34002122,0.021160519
375316653866487564,6040228601057685504,0.60961646,2073.948147070178,1.210905242811703,1.0713106E-5,18.127472,0.0023345142,0.2171086,0.0031655694,0.027968543,0.003390042,0.7366911,0.25755936,0.71707153,7.017316E-4,0.03333274,9.486343E-4,0.28866845,0.006546328,0.029026518,0.0038798694,0.2171086,0.0031655694,"TWOGAUSSIANS_WITH_ELLIPSOIDAL_ON_ECLIPSE1",9,1.852168,0.2171086,0.0031655694,0.15662384,0.018984236,0.7947441,0.258599,0.71707153,6.879396E-4,0.18666334,0.005312352,0.34672144,0.0056373575
375316653866487564,6040230314750731520,0.53641665,2079.671496115137,3.748428745746953,1.0163128E-5,18.56316,0.018367482,0.24795376,0.002367339,0.102159046,0.00812508,0.27761734,0.015872959,0.760571,0.00909459,0.09024119,0.013052798,0.24600618,0.021000115,null,null,null,null,"TWOGAUSSIANS",8,2.5129786,0.24795376,0.002367339,0.4,0.0,0.26256537,0.009833996,0.760571,0.009106228,0.4,0.0,0.2309582,0.018395595
375316653866487564,6040231796513485312,0.49655306,2065.8312605151827,2.1961597808800173,3.2014806E-5,19.553493,0.007069487,0.43268156,9.12785E-4,0.005032234,9.393896E-4,0.72610754,0.13156468,null,null,null,null,null,null,null,null,null,null,"ONEGAUSSIAN",5,4.306421,0.43268156,9.12785E-4,0.028180508,0.0052605816,0.72610754,0.0,null,null,null,null,null,null
375316653866487564,6040232341973583616,0.5482618,2066.1933988973988,3.4929889697716385,1.2883132E-5,19.379505,0.006655207,0.259422,0.0032263028,0.07330785,0.0037471384,0.5138929,0.024166742,0.7679318,0.0027251756,0.07792727,0.0042433566,0.4253396,0.02173533,null,null,null,null,"TWOGAUSSIANS",8,1.7989416,0.259422,0.0032263028,0.4,6.027164E-4,0.51062584,0.024578901,0.7679318,0.0027251756,0.4,0.0,0.42207253,0.022410862
375316653866487564,6040233407127274368,0.5140529,2069.1233976133185,4.298992855864238,2.3805009E-5,18.24402,0.014196853,0.19481927,0.0052494532,0.08627752,0.009930487,0.19822015,0.0127059,0.67211634,0.006992311,0.09727304,0.008356601,0.2554129,0.019818295,null,null,null,null,"TWOGAUSSIANS",8,6.6615424,0.67211634,0.006992311,0.4,0.0,0.24756674,0.01886765,0.19481927,0.0052514398,0.4,0.0,0.19037558,0.008914876
375316653866487564,6040237225359307904,0.5457027,2090.3180507204065,0.6487288528409847,6.0235043E-6,12.085481,6.017839E-4,0.49070877,0.001355864,0.031675898,9.89854E-4,0.1369814,0.0011205933,null,null,null,null,null,null,null,null,null,null,"ONEGAUSSIAN",5,43.688488,0.49070877,0.001355864,0.17738503,0.0055431826,0.1369814,0.0,null,null,null,null,null,null
375316653866487564,6040237843834622208,0.43394944,2082.333408218771,0.038182310321190675,2.0846543E-5,17.316141,0.003241106,0.36833066,0.010486854,0.08556797,0.008945887,0.2387315,0.05545641,0.779682,0.030366486,0.026475707,0.01535537,0.3395061,0.13778765,null,null,null,null,"TWOGAUSSIANS",8,19.11515,0.779682,0.030366486,0.14826396,0.08599007,0.33950794,0.13778046,0.36833066,0.010486854,0.4,0.0,0.23873106,0.055457197
375316653866487564,6040239390022877568,0.54055345,2053.871278619667,3.169775090557797,1.3530363E-5,17.32478,0.37446278,0.24659783,0.009022554,0.12335419,0.040986463,0.22280294,0.28759992,0.7609707,0.005084904,0.14965598,0.09176597,0.22328137,0.369637,null,null,null,null,"TWOGAUSSIANS",8,3.824696,0.24579783,0.0064842706,0.4,0.0,0.14942972,0.009269155,0.7611507,0.004273693,0.4,0.0,0.14827524,0.0067960713
375316653866487564,6040245639193288192,0.45244026,2109.5179481863534,3.6650999094669854,2.9310613E-5,18.653744,0.0128195835,0.08966645,0.013629627,0.06493949,0.01690647,0.112915464,0.022935608,0.53609043,0.0120193055,0.1102993,0.020578947,0.13787754,0.017483797,null,null,null,null,"TWOGAUSSIANS",8,4.997201,0.53609043,0.0120193055,0.4,0.0,0.13619444,0.016976811,0.08971644,0.01370162,0.36366117,0.06931607,0.11127109,0.022891197
375316653866487564,6040247052239044992,0.5265167,2118.0749138571196,3.6112039617813108,8.259277E-6,19.063473,0.010717229,0.23893888,0.0028462377,0.06694767,0.0031378795,0.4062885,0.017950738,0.72978854,0.0035447315,0.08173716,0.0049080173,0.44612533,0.015243596,null,null,null,null,"TWOGAUSSIANS",8,3.9867647,0.72978854,0.0035447315,0.4,0.0,0.44370574,0.015168569,0.23893888,0.0028462377,0.37490696,0.017572125,0.4038689,0.017600039
375316653866487564,6040249904103356672,0.5417019,2101.458396231707,2.472797079048325,1.24507E-5,16.114376,0.032240994,0.20122035,0.0029824537,0.11367215,0.016654378,0.1471066,0.030243238,0.70021623,0.003360233,0.13176562,0.021372883,0.14803664,0.030680614,null,null,null,null,"TWOGAUSSIANS",8,5.6049414,0.70021623,0.003360233,0.4,0.0,0.111427195,0.0034964122,0.20124035,0.00302511,0.4,0.0,0.110699855,0.004616656
375316653866487564,6040258013001730176,0.55999076,2094.719902152845,3.167203537707713,2.0903519E-5,15.7878895,0.27618515,0.2615734,0.0081746625,0.13616467,0.04734506,0.2146826,0.2555747,0.7389212,0.009286978,0.13303609,0.056834318,0.20406069,0.2616363,null,null,null,null,"TWOGAUSSIANS",8,14.084433,0.2621134,0.0057193693,0.4,0.0,0.15151347,0.0060376776,0.7389212,0.009286978,0.4,0.0,0.14106849,0.0067304815
375316653866487564,6040265400339844864,0.5513435,2080.337890108566,3.8677210646263016,1.8705703E-5,19.59929,0.012011953,0.21733905,0.0016564908,0.046310455,0.0028472622,0.51950526,0.033371232,0.71644175,0.00432211,0.048746794,0.0046151746,0.34720245,0.035073373,0.1356877,0.016385972,0.21733905,0.0016564908,"TWOGAUSSIANS_WITH_ELLIPSOIDAL_ON_ECLIPSE1",9,2.3979757,0.21733905,0.0016564908,0.25933856,0.015944669,0.7908794,0.024536638,0.7165517,0.0038742404,0.27298206,0.025844976,0.61856914,0.024843842
375316653866487564,6040268595801068800,0.6255608,2082.2857908529913,2.9816459962150805,5.7225207E-6,17.583086,0.019240707,0.19128074,0.0016822831,0.049603928,0.0051756236,0.2992636,0.041365746,0.6870851,0.004815116,0.05449243,0.005626994,0.42030123,0.042178467,0.107836984,0.02314706,0.19128074,0.0016822831,"TWOGAUSSIANS_WITH_ELLIPSOIDAL_ON_ECLIPSE1",9,7.4310203,0.6875351,0.0042432444,0.3051576,0.03151117,0.6358314,0.012033459,0.19128074,0.0016822831,0.277782,0.02898349,0.51492757,0.0104720015
375316653866487564,6040269828450141440,0.56285006,2090.975132698995,1.1726314543369318,1.3679041E-5,18.49471,0.004504375,0.23685542,0.0017884517,0.02350046,0.001573801,0.26132223,0.027430126,0.73821324,0.0019846552,0.022900794,0.0018170767,0.768805,0.055522177,null,null,null,null,"TWOGAUSSIANS",8,6.22458,0.73821324,0.0019846552,0.12824444,0.0101756295,0.768805,0.055522177,0.23685542,0.0017884517,0.13160257,0.008813285,0.26132223,0.027430126
375316653866487564,6040273985978713600,0.47774693,2074.9688859910816,1.1894069909858087,3.5712448E-5,18.747263,0.00330683,0.07050077,0.010011027,0.0120057445,0.0031106048,0.45579007,0.28083798,0.5599201,0.008768838,0.015247749,0.004739278,0.11636357,0.0035959526,null,null,null,null,"TWOGAUSSIANS",8,4.0855083,0.07050077,0.010011027,0.06723217,0.017419387,0.45579007,0.28083798,0.5599201,0.008768838,0.085387394,0.026539957,0.11636357,0.0035959526
375316653866487564,6040277288815447552,0.57207054,2084.349272932625,3.7195058206374996,5.501758E-6,15.757167,0.003970375,0.23341015,0.0021824527,0.08601222,0.0034041086,0.32567352,0.009818923,0.73962456,0.0012963199,0.08057477,0.0016825349,0.33104497,0.0060054464,null,null,null,null,"TWOGAUSSIANS",8,34.142612,0.73962456,0.0012963199,0.4,0.0,0.32456088,0.005865235,0.23341015,0.0021824527,0.4,0.0,0.3191894,0.01033828
375316653866487564,6040295082858253312,0.5747217,2097.5474272109536,3.158893779763189,6.622139E-6,17.588898,0.012072512,0.27869695,0.0016286895,0.053951688,0.0048842086,0.21939753,0.029071547,0.76692677,0.0018040714,0.057702806,0.0036993988,0.31321248,0.02815136,0.07033964,0.018170265,0.27869695,0.0016286895,"TWOGAUSSIANS_WITH_ELLIPSOIDAL_ON_ECLIPSE1",9,9.535266,0.7681668,0.0015519018,0.32313573,0.020716634,0.45318863,0.013410747,0.27869695,0.0016286895,0.30212945,0.027351568,0.36006093,0.013654058
375316653866487564,6040302848156177408,0.5531881,2076.098580424306,3.5843433188567624,1.316587E-5,19.358894,0.008109555,0.2512713,0.003503025,0.08296297,0.004970262,0.41729403,0.012409744,0.7550321,0.004404265,0.06655554,0.0045686574,0.4149808,0.013037394,null,null,null,null,"TWOGAUSSIANS",8,1.8620754,0.2512713,0.003503025,0.4,0.0,0.4144587,0.012227326,0.7550321,0.004404265,0.372711,0.025584482,0.4121455,0.012606086
375316653866487564,6040305768733951872,0.54294676,2081.162163060465,3.451354580826685,9.686889E-6,18.208227,0.006679722,0.29500863,0.0027409568,0.08484901,0.004250771,0.283863,0.008596363,0.79470426,0.0025493999,0.08430692,0.0037878922,0.24397847,0.008543987,null,null,null,null,"TWOGAUSSIANS",8,2.9013484,0.29500863,0.0027409568,0.4,0.0,0.27723017,0.008298058,0.79470426,0.0025493999,0.4,0.0,0.2373456,0.0076650814
