Gaia/vari_eclipsing_binary/VariEclipsingBinary_664719-664761.csv
# %ECSV 1.0
# ---
# delimiter: ','
# meta: !!omap
# - RELEASE: Gaia DR3
# - TABLE: vari_eclipsing_binary
# - DESCRIPTION: >
#     This table describes the properties of the eclipsing binaries resulting from the variability analysis. 
# - CITATION: >
#     How to cite and acknowledge Gaia: 
#     https://gea.esac.esa.int/archive/documentation/credits.html 
# - KNOWN_ISSUES: >
#     Known issues: 
#     https://www.cosmos.esa.int/web/gaia-users/known-issues 
# - DOCUMENTATION: >
#     Tutorials and documentation: 
#     https://www.cosmos.esa.int/web/gaia-users/archive 
# datatype:
# - 
#   name: solution_id
#   datatype: int64
#   description: Solution Identifier
#   meta:
#     ucd: meta.version
# - 
#   name: source_id
#   datatype: int64
#   description: Unique source identifier
#   meta:
#     ucd: meta.id;meta.main
# - 
#   name: global_ranking
#   datatype: float32
#   description: Number between 0 (worst) and 1 (best)
#   meta:
#     ucd: stat.param
# - 
#   name: reference_time
#   datatype: float64
#   unit: d
#   description: Reference time used for the geometric model fit
#   meta:
#     ucd: time.epoch
# - 
#   name: frequency
#   datatype: float64
#   unit: d**-1
#   description: Frequency of geometric model of the eclipsing binary light curve
#   meta:
#     ucd: src.orbital
# - 
#   name: frequency_error
#   datatype: float32
#   unit: d**-1
#   description: "Uncertainty of \\texttt{frequency}"
#   meta:
#     ucd: stat.error
# - 
#   name: geom_model_reference_level
#   datatype: float32
#   unit: mag
#   description: Magnitude reference level of geometric model
#   meta:
#     ucd: phot.mag;em.opt
# - 
#   name: geom_model_reference_level_error
#   datatype: float32
#   unit: mag
#   description: "Uncertainty of \\texttt{geomModelReferenceLevel}"
#   meta:
#     ucd: stat.error;phot.mag;em.opt
# - 
#   name: geom_model_gaussian1_phase
#   datatype: float32
#   description: Phase of the Gaussian 1 component
#   meta:
#     ucd: time.phase
# - 
#   name: geom_model_gaussian1_phase_error
#   datatype: float32
#   description: "Uncertainty of \\texttt{geomModelGaussian1Phase}"
#   meta:
#     ucd: stat.error;time.phase
# - 
#   name: geom_model_gaussian1_sigma
#   datatype: float32
#   description: "Standard deviation [phase] of Gaussian 1 component"
#   meta:
#     ucd: stat.stdev
# - 
#   name: geom_model_gaussian1_sigma_error
#   datatype: float32
#   description: "Uncertainty of \\texttt{geomModelGaussian1Sigma}"
#   meta:
#     ucd: stat.error
# - 
#   name: geom_model_gaussian1_depth
#   datatype: float32
#   unit: mag
#   description: Magnitude depth of Gaussian 1 component
#   meta:
#     ucd: src.var.amplitude
# - 
#   name: geom_model_gaussian1_depth_error
#   datatype: float32
#   unit: mag
#   description: "Uncertainty of \\texttt{geomModelGaussian1Depth}"
#   meta:
#     ucd: stat.error;src.var.amplitude
# - 
#   name: geom_model_gaussian2_phase
#   datatype: float32
#   description: Phase of Gaussian 2 component
#   meta:
#     ucd: time.phase
# - 
#   name: geom_model_gaussian2_phase_error
#   datatype: float32
#   description: "Uncertainty of \\texttt{geomModelGaussian2Phase}"
#   meta:
#     ucd: stat.error;time.phase
# - 
#   name: geom_model_gaussian2_sigma
#   datatype: float32
[...]
#   datatype: float32
#   description: "Secondary eclipse: uncertainty of \\texttt{derivedSecondaryEclDuration}"
#   meta:
#     ucd: stat.error;time.duration
# - 
#   name: derived_secondary_ecl_depth
#   datatype: float32
#   unit: mag
#   description: "Secondary eclipse: depth"
#   meta:
#     ucd: src.var.amplitude
# - 
#   name: derived_secondary_ecl_depth_error
#   datatype: float32
#   unit: mag
#   description: "Secondary eclipse: uncertainty of \\texttt{derivedSecondaryEclDepth}"
#   meta:
#     ucd: stat.error;src.var.amplitude
solution_id,source_id,global_ranking,reference_time,frequency,frequency_error,geom_model_reference_level,geom_model_reference_level_error,geom_model_gaussian1_phase,geom_model_gaussian1_phase_error,geom_model_gaussian1_sigma,geom_model_gaussian1_sigma_error,geom_model_gaussian1_depth,geom_model_gaussian1_depth_error,geom_model_gaussian2_phase,geom_model_gaussian2_phase_error,geom_model_gaussian2_sigma,geom_model_gaussian2_sigma_error,geom_model_gaussian2_depth,geom_model_gaussian2_depth_error,geom_model_cosine_half_period_amplitude,geom_model_cosine_half_period_amplitude_error,geom_model_cosine_half_period_phase,geom_model_cosine_half_period_phase_error,model_type,num_model_parameters,reduced_chi2,derived_primary_ecl_phase,derived_primary_ecl_phase_error,derived_primary_ecl_duration,derived_primary_ecl_duration_error,derived_primary_ecl_depth,derived_primary_ecl_depth_error,derived_secondary_ecl_phase,derived_secondary_ecl_phase_error,derived_secondary_ecl_duration,derived_secondary_ecl_duration_error,derived_secondary_ecl_depth,derived_secondary_ecl_depth_error
375316653866487564,5846932051738222720,0.5867817,2229.060372161038,2.845346355369014,6.0315842E-6,16.251019,0.003653664,0.27735305,0.0012918446,0.07488117,0.0019004272,0.41920587,0.009615706,0.77208656,0.0019229127,0.07420585,0.0019847956,0.45891967,0.009581713,null,null,null,null,"TWOGAUSSIANS",8,32.341866,0.77208656,0.0019229127,0.4,0.0,0.45610854,0.009587423,0.27735305,0.0012918446,0.4,0.0,0.41639474,0.009752953
375316653866487564,5846932498414627840,0.6143737,2249.6654486369493,3.1321305274202067,4.854065E-6,17.506931,0.006108225,0.25751978,0.001122944,0.044739608,0.0027216065,0.29959154,0.01571742,0.75818324,0.0016820005,0.049388785,0.0039786715,0.25273263,0.013313621,0.118626945,0.0064035994,0.25751978,0.001122944,"TWOGAUSSIANS_WITH_ELLIPSOIDAL_ON_ECLIPSE1",9,10.045526,0.25751978,0.001122944,0.2505418,0.015240996,0.53684473,0.015881438,0.75818324,0.0016754494,0.2765772,0.022280559,0.4899817,0.011383151
375316653866487564,5846932700254544896,0.46575943,2223.186205500748,3.23228157667084,3.542893E-5,18.369184,0.31263974,0.20323573,0.02187111,0.14798367,0.094132274,0.25622365,0.28944954,0.7076977,0.014067346,0.15175924,0.07693126,0.2833605,0.30051398,null,null,null,null,"TWOGAUSSIANS",8,5.2375875,0.7080077,0.01375391,0.4,0.0,0.15429121,0.014879686,0.20278573,0.021262757,0.4,0.0,0.1279466,0.017878568
375316653866487564,5846933838444493440,0.53896016,2223.058736185662,2.3807714526871675,1.1822572E-5,15.213316,0.035429757,0.24469642,0.003467247,0.12627403,0.016484264,0.22470759,0.032181352,0.7511673,0.0027245837,0.11429873,0.01156684,0.22745761,0.03424128,null,null,null,null,"TWOGAUSSIANS",8,43.148087,0.75122726,0.0027527122,0.4,0.0,0.17843524,0.0052021397,0.24467643,0.003456964,0.4,0.0,0.17553747,0.008529152
375316653866487564,5846935418982995328,0.548055,2210.7072495456573,4.340090065002024,1.3239979E-5,18.986393,0.011209707,0.2133801,0.0043596854,0.09381356,0.0070615225,0.32353133,0.017188758,0.7133964,0.0022325017,0.08322021,0.0047491505,0.39008352,0.020519923,null,null,null,null,"TWOGAUSSIANS",8,2.2321475,0.7133964,0.0022325017,0.4,0.0,0.37703988,0.022268793,0.2133801,0.0043596854,0.4,0.0,0.31048727,0.018438054
375316653866487564,5846936209257025920,0.51482666,2210.5802349353658,3.483718890968269,1.1038755E-5,19.53955,0.010945147,0.26014975,0.014048053,0.06801207,0.012288348,0.3863446,0.059441645,0.752187,0.0033952012,0.07028632,0.005255116,0.682099,0.068854555,null,null,null,null,"TWOGAUSSIANS",8,3.8399994,0.752187,0.0033952012,0.39360335,0.01801801,0.68088907,0.06957124,0.26014975,0.014048053,0.3808676,0.053017657,0.3851347,0.059942134
375316653866487564,5846937618015792896,0.61038166,2244.3306302003616,1.992906789913327,5.404593E-6,14.647074,0.008863674,0.2466933,0.002143871,0.059170403,0.0098520685,0.06431403,0.018384188,0.75507194,0.003050942,0.06266619,0.0073141446,0.11483373,0.017341804,0.06839941,0.009638411,0.2466933,0.002143871,"TWOGAUSSIANS_WITH_ELLIPSOIDAL_ON_ECLIPSE1",9,26.180162,0.75507194,0.003050942,0.3509307,0.04095921,0.2512218,0.0037413512,0.2466933,0.002143871,0.33135426,0.055171587,0.2010809,0.008258353
375316653866487564,5846937957294233344,0.6149588,2233.5182386718934,0.9370553257540297,5.91253E-6,17.989178,0.0030158733,0.24421637,0.0096172895,0.035622135,0.0068499367,0.12545142,0.01509614,0.73646814,6.3481857E-4,0.03328221,7.4595667E-4,0.44543573,0.00565767,null,null,null,null,"TWOGAUSSIANS",8,2.7973535,0.73646814,6.3481857E-4,0.18638037,0.0041773575,0.44543573,0.00565767,0.24421637,0.0096172895,0.19948396,0.038359646,0.12545142,0.01509614
375316653866487564,5846938133402470144,0.5766882,2188.0816957497036,2.646710169454917,4.6231094E-6,18.210396,0.011531027,0.22679648,0.0015848276,0.09024188,0.0039095613,0.33434513,0.012072983,0.7297921,0.002026389,0.09414079,0.007716238,0.29764298,0.017644612,null,null,null,null,"TWOGAUSSIANS",8,1.793394,0.22679648,0.0015848276,0.4,0.0,0.3190996,0.009681663,0.7297921,0.002026389,0.4,0.0,0.28239715,0.021694802
375316653866487564,5846938133412670976,0.5141612,2179.8234836458982,2.8921040328282284,2.3895116E-5,18.590502,0.016961869,0.2512064,0.004557098,0.07325286,0.0057000327,0.54671067,0.027118105,0.74984014,0.00901834,0.061211467,0.011199551,0.6350941,0.047608916,null,null,null,null,"TWOGAUSSIANS",8,21.76894,0.74984014,0.00901834,0.34278423,0.061033376,0.6339789,0.048008025,0.2512064,0.004557098,0.4,0.0019073325,0.54559547,0.026993578
375316653866487564,5846938614440867072,0.5308289,2181.2679012759017,3.7832412771744877,1.9349773E-5,19.824203,0.016626364,0.22396067,0.010064769,0.06695148,0.013821954,0.49174017,0.04398994,0.72294354,0.008875425,0.074697934,0.009914456,0.41066676,0.033809766,null,null,null,null,"TWOGAUSSIANS",8,1.83811,0.22396067,0.010064769,0.3749283,0.060498625,0.49002686,0.044966713,0.72294354,0.008875425,0.4,0.0024150927,0.40895346,0.03420639
375316653866487564,5846938820606614656,0.47902134,2228.435182004361,2.5967227883738015,1.8523006E-5,16.758268,0.003870011,0.20210257,0.086485766,0.038817223,0.048352413,0.0102769695,1.1151474,0.46929792,0.0036724403,0.08031402,0.0063302936,0.22639221,0.017998712,null,null,null,null,"TWOGAUSSIANS",8,62.212433,0.46929792,0.0036724403,0.4,0.0,0.22639221,0.017998725,0.20932257,0.26243645,0.21737644,0.2707735,0.011301815,1.1358037
375316653866487564,5846940229353933440,0.5792389,2217.166645568447,3.6312307065282807,1.1292882E-5,15.925453,0.0049196747,0.25572184,0.0039123907,0.052250862,0.007222941,0.06777297,0.011972266,0.7556967,0.0034478449,0.052647267,0.008203557,0.09587563,0.01465697,0.031789247,0.0063217506,0.25572184,0.0039123907,"TWOGAUSSIANS_WITH_ELLIPSOIDAL_ON_ECLIPSE1",9,12.296144,0.7556967,0.00309396,0.2948247,0.045939915,0.15945207,0.008746194,0.25572184,0.0039123907,0.29260483,0.040448472,0.13134941,0.004862706
375316653866487564,5846940328112360064,0.5028986,2193.611097500824,2.1049731466098285,2.145106E-5,17.88129,0.08262204,0.18844996,0.0074383235,0.12119334,0.029117342,0.29763764,0.068465136,0.64223963,0.011154217,0.1420974,0.019330136,0.39850244,0.07906789,null,null,null,null,"TWOGAUSSIANS",8,10.304099,0.64223963,0.011154217,0.4,0.0,0.31807196,0.023610944,0.19097996,0.0064805946,0.4,0.0,0.21966551,0.012284449
375316653866487564,5846940538591596672,0.5535747,2206.8548511848803,2.950193301323977,7.2674E-6,17.470024,0.008731652,0.2111344,0.0030214968,0.097358614,0.0056441487,0.2062418,0.009473178,0.72189605,0.004584885,0.096217245,0.0060765524,0.18869492,0.009675567,null,null,null,null,"TWOGAUSSIANS",8,3.5230708,0.2111344,0.0030214968,0.4,0.0,0.19409798,0.007998157,0.72189605,0.004584885,0.4,0.0,0.1765514,0.00659095
375316653866487564,5846940847829276800,0.63107675,2186.319198101375,2.0685986176460447,2.509935E-6,16.540417,0.0027319177,0.2742223,9.497508E-4,0.09424778,0.0019847772,0.18468343,0.002758279,0.7720056,0.0013446582,0.0900271,0.002228195,0.20218585,0.0031420607,null,null,null,null,"TWOGAUSSIANS",8,1.9828676,0.7720056,0.0013446582,0.4,0.0,0.19277787,0.0027559595,0.2742223,9.497508E-4,0.4,0.0,0.17527525,0.0022485636
375316653866487564,5846941225786359680,0.53473765,2176.4567498936517,0.20604665856217422,1.0168314E-6,15.620405,0.0017601427,0.32047093,3.8018918E-8,0.0036578586,1.7707664E-5,1.290007,0.011688874,0.73704886,0.0070971046,0.042809345,0.009580066,0.017580366,0.002607212,null,null,null,null,"TWOGAUSSIANS",8,24.363987,0.32047093,3.8018918E-8,0.020484008,9.916292E-5,1.290007,0.011688874,0.73704886,0.0070971046,0.23973233,0.05364837,0.017580366,0.002607212
375316653866487564,5846942767668070656,0.4674675,2155.809675068655,3.2948602488682233,2.0444131E-5,18.530706,0.032590274,0.24919549,0.006855268,0.10550214,0.015840067,0.19559425,0.03237087,0.7422981,0.0087844115,0.10353984,0.02430862,0.20088908,0.02625293,null,null,null,null,"TWOGAUSSIANS",8,6.762041,0.7422981,0.0087844115,0.4,0.0,0.17993912,0.018591484,0.24919549,0.0068574944,0.4,0.0,0.1746425,0.016708288
375316653866487564,5846943046829423744,0.4353032,2220.7598567259556,0.14016335863138463,7.0229326E-6,19.512165,0.016497001,0.21607147,1.9658626E-5,0.002083515,3.7999876E-4,2.1307998,2.9616098,0.50704044,0.010118689,0.1419855,0.017975088,0.19702205,0.02852151,null,null,null,null,"TWOGAUSSIANS",8,5.1705594,0.21607147,1.9658626E-5,0.011667684,0.002127993,2.154133,2.962297,0.50704044,0.010118689,0.4,0.0,0.19622272,0.028943835
375316653866487564,5846943390423515776,0.5567339,2192.325106190164,2.684830437839028,8.08189E-6,18.952953,0.0068955095,0.2987847,0.0033563708,0.02889355,0.010478818,0.28545398,0.077768944,0.7974571,0.008031024,0.038488142,0.013003398,0.10312616,0.021679679,0.11641459,0.009738837,0.2987847,0.0033563708,"TWOGAUSSIANS_WITH_ELLIPSOIDAL_ON_ECLIPSE1",9,2.2751045,0.2987847,0.0033563708,0.16180389,0.05868138,0.51828265,0.08825482,0.79773706,0.0073743793,0.2155336,0.072819024,0.335942,0.0198244
375316653866487564,5846943390450794752,0.49812004,2226.1598584256462,0.7080025172683437,1.3034075E-5,15.930016,0.0023446213,0.32487658,0.0115282405,0.069690935,0.012174474,0.022445947,0.0028207754,0.6684252,0.0013043024,0.031246938,0.0018151382,0.14544566,0.008415325,null,null,null,null,"TWOGAUSSIANS",8,14.834313,0.6684252,0.0013043024,0.17498285,0.010164773,0.14544578,0.0084153935,0.32487658,0.0115282405,0.39026922,0.059203804,0.022445947,0.0028207754
375316653866487564,5846945005331484160,0.43322307,2203.4774789084395,0.04234263709757945,7.3149095E-5,19.24574,0.08364072,0.10202238,0.007951139,0.016658228,0.012184716,0.16864999,0.09380186,0.46154276,0.04378418,0.16374657,0.068516634,0.25930685,0.06380806,null,null,null,null,"TWOGAUSSIANS",8,10.610854,0.46154276,0.04378418,0.4,0.0,0.25440675,0.055710744,0.10253238,0.006831801,0.093286075,0.06823441,0.18723504,0.08462484
375316653866487564,5846945520753881472,0.46886945,2124.5328197856584,0.08922419372636378,4.9636707E-5,18.439222,0.010344782,0.31012446,0.0110355,0.0344481,0.027650932,0.8122617,2.0632374,0.9301787,0.0016589984,0.0045294454,0.0015708598,0.11063762,0.018888788,null,null,null,null,"TWOGAUSSIANS",8,5.343907,0.31012446,0.0110355,0.19290936,0.15484522,0.8122617,2.0632374,0.9301787,0.0016589984,0.025364894,0.008796815,0.11063762,0.018888788
375316653866487564,5846945550793453952,0.4600273,2166.264616175358,0.031715622158555834,1.0332673E-5,18.718336,0.012931408,0.025382964,0.00823549,0.0074301464,0.0060727913,0.05149165,0.018118989,0.38234764,0.006935066,0.15614806,0.014662237,0.20081165,0.012662418,null,null,null,null,"TWOGAUSSIANS",8,3.125806,0.38234764,0.006935066,0.4,0.0,0.19842744,0.01140942,0.025612963,0.008668353,0.04160882,0.03400763,0.06389554,0.020928945
375316653866487564,5846946551546070144,0.49553543,2180.0094573403508,1.1867554099074915,2.6897713E-5,18.36423,0.16261163,0.3694626,0.015181681,0.13712017,0.027044896,0.4019633,0.13711789,0.81325626,0.021684045,0.15700592,0.042294174,0.27822328,0.1597016,null,null,null,null,"TWOGAUSSIANS",8,8.002463,0.3735526,0.010241929,0.4,0.0,0.29883346,0.02561155,0.81325626,0.021684045,0.4,0.0,0.17152616,0.014607875
375316653866487564,5846946581590269824,0.5265949,2207.5011891691,3.9111897834692204,1.4696542E-5,17.707878,0.0075609297,0.26018056,0.0037442034,0.08496087,0.0060831117,0.19291632,0.008275555,0.7719961,0.0047942093,0.0872035,0.0069880476,0.13854477,0.008643958,null,null,null,null,"TWOGAUSSIANS",8,5.144731,0.26018056,0.0037442034,0.4,0.0,0.18899381,0.0072225467,0.7719961,0.0047942093,0.4,0.0,0.13462225,0.007562252
375316653866487564,5846948406972605952,0.55323887,2195.7613961014804,2.66525827215996,8.749758E-6,16.879398,0.011951654,0.17865922,0.004237497,0.033516124,0.005831105,0.17151287,0.03305074,0.6780931,0.0020221719,0.04612546,0.0038228019,0.4801337,0.025409795,0.061986387,0.014542745,0.17865922,0.004237497,"TWOGAUSSIANS_WITH_ELLIPSOIDAL_ON_ECLIPSE1",9,59.156925,0.6781131,0.0019351634,0.25830257,0.021407692,0.6041045,0.022400461,0.17865922,0.004237497,0.1876903,0.03265419,0.29548517,0.02272592
375316653866487564,5846948883687363968,0.57154,2201.449883730646,0.4888325607373706,1.7547981E-4,17.650051,0.001547243,0.4208411,0.12030114,0.050369248,0.038894366,0.01315496,0.010118309,0.6570957,1.980712E-4,0.008299808,1.912903E-4,0.29777926,0.005865158,null,null,null,null,"TWOGAUSSIANS",8,1.6518399,0.6570957,1.980712E-4,0.046478927,0.0010712256,0.29777947,0.005878498,0.4208411,0.12030114,0.28206778,0.21780846,0.01315496,0.010118309
375316653866487564,5846948956701689344,0.5024028,2189.4426434108314,4.721817051937887,7.3938377E-6,18.318861,0.023182534,0.08083426,0.0019298824,0.009808018,0.004381039,0.038215246,0.06531252,0.4624689,0.008186865,0.18990761,0.028166676,0.21426056,0.016457696,null,null,null,null,"TWOGAUSSIANS",8,3.855265,0.4624689,0.008186865,0.4,0.0,0.2008726,0.012078946,0.081554264,0.0019436916,0.0549249,0.02453382,0.05444186,0.06626837
375316653866487564,5846950262372110592,0.4191316,2178.211462697232,0.3971890074530213,4.87652E-5,19.82064,0.0075221895,null,null,null,null,null,null,null,null,null,null,null,null,0.08020798,0.0128342835,0.26280198,0.009360113,"ELLIPSOIDAL",4,4.0333004,null,null,null,null,null,null,null,null,null,null,null,null
375316653866487564,5846950709074526976,0.5827348,2196.55948161238,3.127516273175738,4.6182886E-6,17.295599,0.009012752,0.20337349,0.0019231561,0.08734687,0.0049992595,0.26992172,0.011017647,0.6933838,0.0028365564,0.090907104,0.0048836996,0.27208886,0.009839896,null,null,null,null,"TWOGAUSSIANS",8,5.298492,0.6933838,0.0028365564,0.4,0.0,0.2630422,0.007858182,0.20337349,0.0019231561,0.4,0.0,0.2608752,0.011244994
375316653866487564,5846954587404202880,0.5151779,2234.7688312241794,3.4029581882743014,1.5530755E-5,17.569319,0.21455841,0.28795686,0.0047937515,0.11534226,0.033442084,0.30629617,0.1856571,0.7888138,0.002759867,0.13839611,0.047586042,0.28421217,0.21071164,null,null,null,null,"TWOGAUSSIANS",8,9.254244,0.28793687,0.004853261,0.4,0.0,0.2238836,0.019141033,0.7888138,0.0027763452,0.4,0.0,0.20101786,0.007842491
375316653866487564,5846955072768160512,0.49419892,2249.3491605986305,4.833374989408002,6.116969E-5,17.072676,0.0035756917,0.22364616,0.012174529,0.054877806,0.008260177,0.1851646,0.024779413,0.7373692,0.00417733,0.030919272,0.0052251653,0.39801875,0.19865203,null,null,null,null,"TWOGAUSSIANS",8,2.1966476,0.7373692,0.00417733,0.17314793,0.029260924,0.39801875,0.19865204,0.22364616,0.012174529,0.3073157,0.046256997,0.18516459,0.024779424
375316653866487564,5846956584563409920,0.568341,2165.2503867346027,1.463355196503638,1.8675606E-5,19.157398,0.0061628325,0.2590627,0.0025332354,0.058619242,0.0021922882,0.6971704,0.01427917,0.7587217,0.004175955,0.073518984,0.0047174185,0.23263839,0.012751897,null,null,null,null,"TWOGAUSSIANS",8,2.8436801,0.2590627,0.0025332354,0.32826775,0.012276814,0.6966001,0.014236739,0.7587217,0.004175955,0.4,0.0,0.23206812,0.012792245
375316653866487564,5846956687675605120,0.52423644,2175.0110532202693,3.929855724092793,7.718318E-6,19.64057,0.008981034,0.3116516,0.003909717,0.06911611,0.0052529345,0.6165927,0.04076121,0.8185129,0.0031218184,0.06715851,0.0046800245,0.57376236,0.06248617,null,null,null,null,"TWOGAUSSIANS",8,1.5365715,0.3116516,0.003909717,0.3870502,0.029416433,0.6154133,0.041069068,0.8185129,0.0031218184,0.37608767,0.026208136,0.572583,0.06294706
375316653866487564,5846956820792267904,0.57706994,2174.137747755904,2.9938403260366138,8.612594E-6,18.149374,0.01040178,0.23365499,0.0030417866,0.08725216,0.004406032,0.31935298,0.0111629795,0.72261506,0.0027816724,0.09545563,0.0048003765,0.33720148,0.01052749,null,null,null,null,"TWOGAUSSIANS",8,3.1765337,0.72261506,0.0027816724,0.4,0.0,0.32406858,0.0076020113,0.23365499,0.0030417866,0.4,0.0,0.3062209,0.008241436
375316653866487564,5846957890234031488,0.53226423,2226.054607984833,3.373530965805639,1.5356676E-5,19.388626,0.022682356,0.27746907,0.0044154497,0.08105833,0.006449094,0.53977025,0.025604233,0.80044645,0.006173642,0.07683442,0.007995308,0.43393943,0.021437086,null,null,null,null,"TWOGAUSSIANS",8,4.6138053,0.27746907,0.0044154497,0.4,0.0,0.53574693,0.024929183,0.80044645,0.006173642,0.4,0.0,0.42991614,0.020122878
