Gaia/vari_eclipsing_binary/VariEclipsingBinary_112701-113459.csv
# %ECSV 1.0
# ---
# delimiter: ','
# meta: !!omap
# - RELEASE: Gaia DR3
# - TABLE: vari_eclipsing_binary
# - DESCRIPTION: >
#     This table describes the properties of the eclipsing binaries resulting from the variability analysis. 
# - CITATION: >
#     How to cite and acknowledge Gaia: 
#     https://gea.esac.esa.int/archive/documentation/credits.html 
# - KNOWN_ISSUES: >
#     Known issues: 
#     https://www.cosmos.esa.int/web/gaia-users/known-issues 
# - DOCUMENTATION: >
#     Tutorials and documentation: 
#     https://www.cosmos.esa.int/web/gaia-users/archive 
# datatype:
# - 
#   name: solution_id
#   datatype: int64
#   description: Solution Identifier
#   meta:
#     ucd: meta.version
# - 
#   name: source_id
#   datatype: int64
#   description: Unique source identifier
#   meta:
#     ucd: meta.id;meta.main
# - 
#   name: global_ranking
#   datatype: float32
#   description: Number between 0 (worst) and 1 (best)
#   meta:
#     ucd: stat.param
# - 
#   name: reference_time
#   datatype: float64
#   unit: d
#   description: Reference time used for the geometric model fit
#   meta:
#     ucd: time.epoch
# - 
#   name: frequency
#   datatype: float64
#   unit: d**-1
#   description: Frequency of geometric model of the eclipsing binary light curve
#   meta:
#     ucd: src.orbital
# - 
#   name: frequency_error
#   datatype: float32
#   unit: d**-1
#   description: "Uncertainty of \\texttt{frequency}"
#   meta:
#     ucd: stat.error
# - 
#   name: geom_model_reference_level
#   datatype: float32
#   unit: mag
#   description: Magnitude reference level of geometric model
#   meta:
#     ucd: phot.mag;em.opt
# - 
#   name: geom_model_reference_level_error
#   datatype: float32
#   unit: mag
#   description: "Uncertainty of \\texttt{geomModelReferenceLevel}"
#   meta:
#     ucd: stat.error;phot.mag;em.opt
# - 
#   name: geom_model_gaussian1_phase
#   datatype: float32
#   description: Phase of the Gaussian 1 component
#   meta:
#     ucd: time.phase
# - 
#   name: geom_model_gaussian1_phase_error
#   datatype: float32
#   description: "Uncertainty of \\texttt{geomModelGaussian1Phase}"
#   meta:
#     ucd: stat.error;time.phase
# - 
#   name: geom_model_gaussian1_sigma
#   datatype: float32
#   description: "Standard deviation [phase] of Gaussian 1 component"
#   meta:
#     ucd: stat.stdev
# - 
#   name: geom_model_gaussian1_sigma_error
#   datatype: float32
#   description: "Uncertainty of \\texttt{geomModelGaussian1Sigma}"
#   meta:
#     ucd: stat.error
# - 
#   name: geom_model_gaussian1_depth
#   datatype: float32
#   unit: mag
#   description: Magnitude depth of Gaussian 1 component
#   meta:
#     ucd: src.var.amplitude
# - 
#   name: geom_model_gaussian1_depth_error
#   datatype: float32
#   unit: mag
#   description: "Uncertainty of \\texttt{geomModelGaussian1Depth}"
#   meta:
#     ucd: stat.error;src.var.amplitude
# - 
#   name: geom_model_gaussian2_phase
#   datatype: float32
#   description: Phase of Gaussian 2 component
#   meta:
#     ucd: time.phase
# - 
#   name: geom_model_gaussian2_phase_error
#   datatype: float32
#   description: "Uncertainty of \\texttt{geomModelGaussian2Phase}"
#   meta:
#     ucd: stat.error;time.phase
# - 
#   name: geom_model_gaussian2_sigma
#   datatype: float32
[...]
#   datatype: float32
#   description: "Secondary eclipse: uncertainty of \\texttt{derivedSecondaryEclDuration}"
#   meta:
#     ucd: stat.error;time.duration
# - 
#   name: derived_secondary_ecl_depth
#   datatype: float32
#   unit: mag
#   description: "Secondary eclipse: depth"
#   meta:
#     ucd: src.var.amplitude
# - 
#   name: derived_secondary_ecl_depth_error
#   datatype: float32
#   unit: mag
#   description: "Secondary eclipse: uncertainty of \\texttt{derivedSecondaryEclDepth}"
#   meta:
#     ucd: stat.error;src.var.amplitude
solution_id,source_id,global_ranking,reference_time,frequency,frequency_error,geom_model_reference_level,geom_model_reference_level_error,geom_model_gaussian1_phase,geom_model_gaussian1_phase_error,geom_model_gaussian1_sigma,geom_model_gaussian1_sigma_error,geom_model_gaussian1_depth,geom_model_gaussian1_depth_error,geom_model_gaussian2_phase,geom_model_gaussian2_phase_error,geom_model_gaussian2_sigma,geom_model_gaussian2_sigma_error,geom_model_gaussian2_depth,geom_model_gaussian2_depth_error,geom_model_cosine_half_period_amplitude,geom_model_cosine_half_period_amplitude_error,geom_model_cosine_half_period_phase,geom_model_cosine_half_period_phase_error,model_type,num_model_parameters,reduced_chi2,derived_primary_ecl_phase,derived_primary_ecl_phase_error,derived_primary_ecl_duration,derived_primary_ecl_duration_error,derived_primary_ecl_depth,derived_primary_ecl_depth_error,derived_secondary_ecl_phase,derived_secondary_ecl_phase_error,derived_secondary_ecl_duration,derived_secondary_ecl_duration_error,derived_secondary_ecl_depth,derived_secondary_ecl_depth_error
[from data line 37]
375316653866487564,991791756345525120,0.4488415,2316.4641437454775,0.8911477734883415,4.581783E-5,15.306627,0.5068591,0.23813562,0.018658891,0.112794004,0.07913557,0.14442451,0.25988823,0.717793,0.014690368,0.15985523,0.28150317,0.14139603,0.4885808,null,null,null,null,"TWOGAUSSIANS",8,99.68933,0.23955563,0.009684222,0.4,0.0,0.10149456,0.012017463,0.717793,0.014690368,0.4,0.0,0.09620055,0.01836579
375316653866487564,991797975458190336,0.57718444,2286.4272035575473,3.88566627669007,1.0501395E-5,16.734924,0.0036252018,0.20523858,0.001622858,0.07195893,0.0029095775,0.13514441,0.0038375098,0.71251774,0.006398762,0.07105783,0.008661249,0.17535368,0.010192555,null,null,null,null,"TWOGAUSSIANS",8,4.196477,0.71251774,0.006398762,0.39792383,0.021004513,0.17478389,0.01047395,0.20523858,0.001622858,0.4,0.0035517665,0.13457462,0.0036204904
375316653866487564,991815739442856192,0.5564582,2339.3080586646024,2.464565064264185,1.8323892E-5,14.975387,0.019907331,0.30080596,0.0053410106,0.08765784,0.008982808,0.23988552,0.020376885,0.811373,0.010656687,0.10109052,0.018558644,0.21321118,0.023859024,null,null,null,null,"TWOGAUSSIANS",8,79.29563,0.30080596,0.0053410106,0.4,0.0,0.22832485,0.013226245,0.811373,0.010656687,0.4,0.0,0.20164819,0.025035348
375316653866487564,991817732307556096,0.47838184,2320.9410629613812,0.5750371855325624,6.470147E-5,17.529968,0.026464572,0.16324599,0.021432094,0.058349084,0.027359674,0.08692558,0.024301985,0.6239894,0.015930824,0.032213755,0.06302365,1.2803009,1.4115657,null,null,null,null,"TWOGAUSSIANS",8,31.670994,0.6239894,0.015930824,0.18039702,0.21628775,1.2803009,1.4131997,0.16324599,0.021429222,0.32675487,0.11192396,0.08692557,0.023155918
375316653866487564,991821271360727040,0.543086,2301.326285780898,0.9911482312835307,4.3132703E-5,14.89638,0.0015825367,0.16489655,0.01650796,0.044942483,0.014215908,0.0050521526,0.0030724593,0.603095,0.004509208,0.07780738,0.0050623673,0.1039381,0.0017415062,null,null,null,null,"TWOGAUSSIANS",8,8.3804245,0.603095,0.004509208,0.4,0.0,0.1039363,0.0017425135,0.16489655,0.01650796,0.2516779,0.07960909,0.00505036,0.00307165
375316653866487564,991822366576239104,0.67004997,2318.5799224875245,2.901285836335166,3.5279954E-6,15.7938595,0.008267829,0.2832637,0.0050002397,0.05072828,0.008003877,0.3270199,0.122106664,0.7879052,0.0010383417,0.04977208,0.0028488743,0.2909215,0.017239973,0.12402254,0.010617098,0.7879052,0.0010383417,"TWOGAUSSIANS_WITH_ELLIPSOIDAL_ON_ECLIPSE2",9,16.758993,0.2838837,0.0043171747,0.28407836,0.044821706,0.5748788,0.13313048,0.7879052,0.0010383417,0.27872366,0.015953695,0.5389632,0.007008124
375316653866487564,991823779621461376,0.5582572,2319.93442881263,0.7369505908700534,3.1854204E-5,18.467686,0.009689906,0.15984216,0.0045753303,0.03852831,0.007560679,0.13198712,0.012399623,0.65685636,0.0024485632,0.027380463,0.002684779,0.5540365,0.043973286,null,null,null,null,"TWOGAUSSIANS",8,6.5389457,0.65685636,0.0024485632,0.1533306,0.015034762,0.5540365,0.043973286,0.15984216,0.0045753303,0.21575853,0.0423398,0.13198712,0.012399623
375316653866487564,991832266476887936,0.53966963,2338.21056865887,3.474103488079515,1.2027131E-5,19.776628,0.015581977,0.22919874,0.004669032,0.06714191,0.0065830387,0.44500178,0.027653623,0.73232144,0.0025563429,0.066515855,0.0044045555,0.5218948,0.02903992,null,null,null,null,"TWOGAUSSIANS",8,1.9283091,0.73232144,0.0025563429,0.3724888,0.024665512,0.5210879,0.029093787,0.22919874,0.004669032,0.3759947,0.03686502,0.44419485,0.027659893
375316653866487564,991850580217518976,0.61283207,2264.1233763665095,3.785879932539742,6.233657E-6,16.90174,0.025833156,0.18585004,0.0028150866,0.051669545,0.008075137,0.35071057,0.05116858,0.69236594,0.003596029,0.05629724,0.0079871835,0.4087013,0.045135137,0.112139344,0.03362602,0.18585004,0.0028150866,"TWOGAUSSIANS_WITH_ELLIPSOIDAL_ON_ECLIPSE1",9,16.507679,0.69236594,0.003596029,0.31526455,0.044728227,0.6325875,0.029316029,0.18585004,0.0028150866,0.28934944,0.045220766,0.57497245,0.026093317
375316653866487564,991859685548163072,0.48167616,2334.444112541803,0.18629148428248837,4.641878E-5,17.910334,0.0050476785,0.3335375,0.020723505,0.05719691,0.014051512,0.039327018,0.0065814974,0.63418657,0.013708545,0.11228066,0.017565487,0.13792895,0.008555321,null,null,null,null,"TWOGAUSSIANS",8,4.520161,0.63418657,0.013708545,0.4,0.0,0.13789284,0.008573228,0.3427975,0.023388112,0.3203027,0.078688465,0.04353408,0.0068031917
375316653866487564,991863082866420864,0.47457838,2285.270259012826,2.2931344889009044,4.4855697E-5,19.943493,0.015711429,0.54110444,0.013007756,0.020081159,0.031920604,0.728872,0.7153239,0.8397416,0.033062644,0.058115486,0.039801642,0.113663904,1.1736543,null,null,null,null,"TWOGAUSSIANS",8,1.6515768,0.54110444,0.013007756,0.11245449,0.17875539,0.72887224,0.71532345,0.8397416,0.033062644,0.32544672,0.2228892,0.113663904,1.1736543
375316653866487564,991918024086798336,0.48284924,2352.744437789719,0.17981732850784835,4.282096E-5,19.232489,0.0147871515,0.3535642,0.017384922,0.057352718,0.012121982,0.19929585,0.07621191,0.8212019,0.014182106,0.060227133,0.01733384,0.24701433,0.059233315,null,null,null,null,"TWOGAUSSIANS",8,4.492678,0.8212019,0.014182106,0.33727196,0.0970695,0.24699861,0.059262518,0.3535642,0.017384922,0.32117522,0.0678831,0.19928011,0.07621702
375316653866487564,991943420230559104,0.5353211,2334.2124125436694,2.421094998561801,3.1138676E-5,14.636372,0.009393169,0.33163947,0.021897353,0.03711528,0.019880546,0.0548088,0.022203432,0.7414741,0.008290268,0.03867105,0.06816926,0.030948533,0.2880562,0.06346684,0.009855566,0.7414741,0.008290268,"TWOGAUSSIANS_WITH_ELLIPSOIDAL_ON_ECLIPSE2",9,81.54008,0.7414741,0.008290268,0.21655789,0.3257287,0.15788105,0.2915599,0.3138995,0.017096037,0.20784557,0.11133106,0.15130438,0.013135626
375316653866487564,991956919311026688,0.5479213,2388.741442669644,0.009388212588526613,4.5621073E-5,19.183615,0.022572625,0.2850944,0.012185739,0.10730778,0.013763567,0.3093782,0.026686784,0.7956057,0.00708669,0.07213463,0.010155055,0.30451784,0.021888226,null,null,null,null,"TWOGAUSSIANS",8,2.1275609,0.2850944,0.012185739,0.4,0.0,0.29886502,0.021776428,0.7956057,0.0070976517,0.4,0.027376473,0.29401782,0.016555076
375316653866487564,991958362419900800,0.49425268,2338.364884640762,0.03726622392354878,2.0805868E-5,19.337158,0.068036124,0.08154781,0.0032005166,0.0935329,0.014737506,0.40164575,0.040606152,0.61094266,0.020691276,0.15430976,0.045527183,0.16821963,0.09599814,null,null,null,null,"TWOGAUSSIANS",8,1.7332042,0.081077814,0.0025404051,0.4,0.0,0.3599415,0.027095452,0.6109527,0.02067792,0.4,0.0,0.124436125,0.07241769
375316653866487564,991983346246357888,0.44945246,2379.0652567056945,0.05115428670202636,1.4070659E-5,17.998186,0.31955737,0.21224917,0.022168526,0.06622906,0.045315355,0.18679105,0.17692772,0.76150393,0.0091338605,0.07705361,0.1680925,0.17259037,0.26831138,null,null,null,null,"TWOGAUSSIANS",8,18.31188,0.21224917,0.014916095,0.37088272,0.09581682,0.18656115,0.050355174,0.76150393,0.009375509,0.4,0.019737773,0.17236046,0.01981583
375316653866487564,991999800264765568,0.61057556,2363.46560240572,3.560556008550006,3.9803617E-6,17.339321,0.02270258,0.30765915,0.0029535145,0.055163447,0.0069416547,0.33834898,0.052789167,0.80718356,0.005908489,0.053335596,0.0084588025,0.25583473,0.0596042,0.09901427,0.034676626,0.30765915,0.0029535145,"TWOGAUSSIANS_WITH_ELLIPSOIDAL_ON_ECLIPSE1",9,9.745746,0.30765915,0.0029535145,0.30891532,0.038873266,0.5363611,0.021088652,0.80725354,0.005260414,0.29867932,0.047369294,0.45384535,0.027232252
375316653866487564,992027253695955968,0.58304995,2366.0897057696334,3.5620091042749404,1.1619602E-5,15.500576,0.0129781,0.2850799,0.0016514936,0.1027887,0.0053281127,0.19963564,0.013134505,0.78272265,0.003721884,0.09888007,0.008568389,0.1799969,0.01235711,null,null,null,null,"TWOGAUSSIANS",8,15.828247,0.2850799,0.0016514936,0.4,0.0,0.18258777,0.006533895,0.78272265,0.003721884,0.4,0.0,0.16295093,0.0071140565
375316653866487564,992034336097997568,0.5538053,2285.6197326797087,0.5889613188920215,3.8380836E-5,13.544368,6.8122323E-4,0.721513,0.0021627576,0.037598472,0.0018204848,0.16175522,0.009665005,null,null,null,null,null,null,null,null,null,null,"ONEGAUSSIAN",5,15.312949,0.721513,0.0021627576,0.21055144,0.010194715,0.16175522,0.0,null,null,null,null,null,null
375316653866487564,992062682882495616,0.58344144,2300.2177069568097,2.3450485508216206,4.810859E-5,16.639544,0.0028709534,0.38536912,0.00741431,0.047015894,0.005265612,0.41549715,0.09605869,0.6393882,0.012972975,0.009567083,0.0049288017,0.70847917,0.5980768,null,null,null,null,"TWOGAUSSIANS",8,24.10967,0.6393882,0.012972975,0.053575665,0.027601289,0.7084794,0.59807724,0.38536912,0.00741431,0.263289,0.029487427,0.41549715,0.09605869
375316653866487564,992097626736375552,0.6596383,2304.4757461938766,1.0066867337417766,6.1194764E-6,15.765354,0.00529388,0.19958179,0.0035518508,0.033879984,0.0037819212,0.14839579,0.013678478,0.6968525,0.002070319,0.030440424,0.0011792685,1.2087922,0.03407392,0.02636225,0.0069079874,0.19958179,0.0035518508,"TWOGAUSSIANS_WITH_ELLIPSOIDAL_ON_ECLIPSE1",9,38.49311,0.6968625,0.0020607219,0.17046638,0.0066039036,1.2615012,0.032222457,0.19958179,0.0035518508,0.18972792,0.02117876,0.20112026,0.010865297
375316653866487564,992137788974077824,0.63339067,2310.033249978274,2.914341278877121,7.136809E-6,18.116356,0.02363168,0.3394654,0.011211272,0.03703836,0.010619414,0.7486215,0.07891264,0.8403729,0.0016063179,0.03907696,0.0048515354,0.39862916,0.046549626,0.057597548,0.026631894,0.3394654,0.011211272,"TWOGAUSSIANS_WITH_ELLIPSOIDAL_ON_ECLIPSE1",9,6.416263,0.3394654,0.011211272,0.20741482,0.059468716,0.86381656,0.044203356,0.8403729,0.0014776732,0.21883099,0.027168598,0.5138204,0.03825201
375316653866487564,992155415520073472,0.5958587,2371.5372068480574,4.220695003505967,6.956399E-6,18.693922,0.00823974,0.25418267,0.0028371941,0.07092141,0.003132172,0.47912002,0.011952706,0.747972,0.012047143,0.06976339,0.008687599,0.52584654,0.076239966,null,null,null,null,"TWOGAUSSIANS",8,2.9539177,0.747972,0.012047143,0.390675,0.023230935,0.5242975,0.07685763,0.25418267,0.0028371941,0.39715993,0.012889983,0.47757098,0.011499124
375316653866487564,992180055748510080,0.55947304,2253.6200322358213,2.6895640508993135,7.1195905E-6,16.046234,0.05599589,0.26581004,0.007185446,0.053760197,0.01995244,0.19110055,0.13142642,0.76553357,0.0019979337,0.056248076,0.009010325,0.563256,0.11941611,0.065329835,0.07901554,0.26581004,0.007185446,"TWOGAUSSIANS_WITH_ELLIPSOIDAL_ON_ECLIPSE1",9,125.3725,0.76555353,0.001919217,0.3149892,0.05045782,0.69388336,0.0554021,0.26581004,0.007185446,0.3010571,0.11173367,0.32172826,0.036757033
375316653866487564,992184866111908736,0.52629757,2282.6636645237963,3.5190485929517257,1.546025E-5,16.513166,0.23648396,0.2934022,0.01051392,0.14048873,0.06931349,0.21039997,0.22417241,0.76087326,0.013544542,0.12105892,0.045569703,0.17065656,0.2054216,null,null,null,null,"TWOGAUSSIANS",8,12.516847,0.2936622,0.008880017,0.4,0.0,0.16258764,0.017839447,0.76087326,0.013544542,0.4,0.0,0.12372354,0.016943617
375316653866487564,992204240707933184,0.55417717,2308.684737780865,4.28466205552449,9.502171E-6,17.15964,0.016525388,0.2466973,0.0035389843,0.10735076,0.009401741,0.20535667,0.014574908,0.7444053,0.0033538972,0.10505008,0.009808412,0.17411348,0.015255368,null,null,null,null,"TWOGAUSSIANS",8,3.4726152,0.2466973,0.0035389843,0.4,0.0,0.18226996,0.0074958117,0.7444053,0.0033538972,0.4,0.0,0.15103059,0.006888363
375316653866487564,992222283867129600,0.6240286,2303.531853933152,0.7529507069438034,2.7731023E-5,14.749887,0.0018007215,0.7570896,0.014160234,0.030293109,0.004851153,0.520715,0.1545242,null,null,null,null,null,null,0.0023469606,0.0025815787,0.7570896,0.014160234,"ONEGAUSSIAN_WITH_ELLIPSOIDAL",6,23.46289,0.7570896,0.014160234,0.1696414,0.027166458,0.5254089,0.1547518,null,null,null,null,null,null
375316653866487564,992225234507846528,0.5116333,2340.2534636651462,1.3883536889545551,5.0122777E-5,17.347244,0.0035690954,0.24517584,0.0028522913,0.059193484,0.003026197,0.12105027,0.005550333,0.7279168,0.006657919,0.07516945,0.010700107,0.0511064,0.008497843,null,null,null,null,"TWOGAUSSIANS",8,3.5483117,0.24517584,0.0028522913,0.3314835,0.016946703,0.120961435,0.005513259,0.7279168,0.006657919,0.4,0.005939058,0.051017564,0.0085379705
375316653866487564,992238398584351232,0.54313827,2336.8237758164296,0.018612954539644344,2.0680625E-5,17.215101,0.0016231622,0.08546477,0.053725135,0.041780107,0.04790401,0.009167701,2.1095487E29,0.5774424,0.0026525846,0.058764875,0.004099061,0.09547774,0.0044618607,null,null,null,null,"TWOGAUSSIANS",8,1.0070528,0.5774424,0.0026525846,0.3290833,0.02295474,0.09547754,0.0044617904,0.08546477,0.053725135,0.23396859,0.26826248,0.009167502,2.1095487E29
375316653866487564,992240662030455296,0.43038875,2332.119677436306,0.15056925235410873,2.7050206E-5,17.507715,0.056006,0.35049176,0.011761159,0.09004114,0.02802075,0.12199287,0.047334258,0.83508,0.013228748,0.13424793,0.06075897,0.08781225,0.053949367,null,null,null,null,"TWOGAUSSIANS",8,6.255423,0.35062176,0.011703216,0.4,0.0,0.10835871,0.022645483,0.83508,0.013228748,0.4,0.0,0.07399264,0.01627999
375316653866487564,992291553099562880,0.60722363,2332.373322095117,0.49401917473137913,4.7045814E-5,15.900881,0.0018101346,0.22679204,0.020446643,0.035930503,0.013498211,0.135031,0.146119,0.70352745,0.007573237,0.017754972,0.0063489783,0.22646433,0.10286188,null,null,null,null,"TWOGAUSSIANS",8,8.712201,0.70352745,0.007573237,0.09942784,0.03555428,0.22646433,0.10286188,0.22679204,0.020446643,0.20121083,0.075589985,0.135031,0.146119
375316653866487564,992301032092009984,0.4687127,2360.4171764201596,2.841185302405177,6.399162E-5,17.623323,0.005290962,0.43630245,0.031375665,0.01972169,0.027316717,0.21715826,0.26832917,0.71823186,0.02664297,0.02489727,0.013201506,0.03563305,0.016412275,null,null,null,null,"TWOGAUSSIANS",8,10.830858,0.43630245,0.031375665,0.11044146,0.1529736,0.21715826,0.26832917,0.71823186,0.02664297,0.13942471,0.07392843,0.03563305,0.016412275
375316653866487564,992310652818108416,0.44417933,2328.285245409239,3.684213624437632,1.1933268E-4,19.919415,0.04407049,0.2650365,0.01342522,0.12525661,0.035185467,0.20612672,0.04108109,0.7402408,0.013002547,0.0765868,0.021707138,0.26646113,0.09387047,null,null,null,null,"TWOGAUSSIANS",8,1.900212,0.7402408,0.013002547,0.4,0.04852135,0.25178853,0.09706636,0.2650365,0.01342522,0.4,0.0,0.19126791,0.027297588
375316653866487564,992314638547860224,0.65143126,2332.2890555679483,3.9589205654005526,8.062833E-6,16.3938,0.024942564,0.16153602,0.0028338942,0.039454646,0.00663455,0.5363205,0.049097,0.66393363,0.004509652,0.046033077,0.01389219,0.5995455,0.19324905,0.13454404,0.0321066,0.16153602,0.0028338942,"TWOGAUSSIANS_WITH_ELLIPSOIDAL_ON_ECLIPSE1",9,32.515995,0.66393363,0.004509652,0.25778523,0.077796265,0.8685722,0.24100664,0.16153602,0.0028338942,0.22094601,0.037153482,0.8054083,0.018555632
375316653866487564,992346391241724288,0.56050456,2322.532141185519,3.625936273159904,9.953914E-6,15.44196,0.011072488,0.27971116,0.002667213,0.04997347,0.024528725,0.07874479,0.30756965,0.78209585,0.0046683257,0.06177321,0.008734311,0.10081332,0.027578752,0.047156822,0.015408266,0.27971116,0.002667213,"TWOGAUSSIANS_WITH_ELLIPSOIDAL_ON_ECLIPSE1",9,20.646252,0.78209585,0.0045595644,0.34592998,0.04891214,0.19508174,0.011741087,0.27971116,0.002667213,0.27985144,0.13736086,0.17303438,0.31870264
375316653866487564,992357382062247296,0.61537886,2310.9657229904337,3.226212530209262,6.467245E-6,17.553701,0.007402294,0.18943238,0.004065361,0.08454313,0.004207907,0.36595574,0.011303718,0.69640285,0.0023925651,0.07761174,0.0047039897,0.35912016,0.019451043,null,null,null,null,"TWOGAUSSIANS",8,3.8762934,0.18943238,0.004065361,0.4,0.0,0.36049077,0.009705301,0.69640285,0.0023925651,0.4,0.0,0.3536552,0.020874465
