Gaia/vari_eclipsing_binary/VariEclipsingBinary_239196-239551.csv
# %ECSV 1.0
# ---
# delimiter: ','
# meta: !!omap
# - RELEASE: Gaia DR3
# - TABLE: vari_eclipsing_binary
# - DESCRIPTION: >
#     This table describes the properties of the eclipsing binaries resulting from the variability analysis. 
# - CITATION: >
#     How to cite and acknowledge Gaia: 
#     https://gea.esac.esa.int/archive/documentation/credits.html 
# - KNOWN_ISSUES: >
#     Known issues: 
#     https://www.cosmos.esa.int/web/gaia-users/known-issues 
# - DOCUMENTATION: >
#     Tutorials and documentation: 
#     https://www.cosmos.esa.int/web/gaia-users/archive 
# datatype:
# - 
#   name: solution_id
#   datatype: int64
#   description: Solution Identifier
#   meta:
#     ucd: meta.version
# - 
#   name: source_id
#   datatype: int64
#   description: Unique source identifier
#   meta:
#     ucd: meta.id;meta.main
# - 
#   name: global_ranking
#   datatype: float32
#   description: Number between 0 (worst) and 1 (best)
#   meta:
#     ucd: stat.param
# - 
#   name: reference_time
#   datatype: float64
#   unit: d
#   description: Reference time used for the geometric model fit
#   meta:
#     ucd: time.epoch
# - 
#   name: frequency
#   datatype: float64
#   unit: d**-1
#   description: Frequency of geometric model of the eclipsing binary light curve
#   meta:
#     ucd: src.orbital
# - 
#   name: frequency_error
#   datatype: float32
#   unit: d**-1
#   description: "Uncertainty of \\texttt{frequency}"
#   meta:
#     ucd: stat.error
# - 
#   name: geom_model_reference_level
#   datatype: float32
#   unit: mag
#   description: Magnitude reference level of geometric model
#   meta:
#     ucd: phot.mag;em.opt
# - 
#   name: geom_model_reference_level_error
#   datatype: float32
#   unit: mag
#   description: "Uncertainty of \\texttt{geomModelReferenceLevel}"
#   meta:
#     ucd: stat.error;phot.mag;em.opt
# - 
#   name: geom_model_gaussian1_phase
#   datatype: float32
#   description: Phase of the Gaussian 1 component
#   meta:
#     ucd: time.phase
# - 
#   name: geom_model_gaussian1_phase_error
#   datatype: float32
#   description: "Uncertainty of \\texttt{geomModelGaussian1Phase}"
#   meta:
#     ucd: stat.error;time.phase
# - 
#   name: geom_model_gaussian1_sigma
#   datatype: float32
#   description: "Standard deviation [phase] of Gaussian 1 component"
#   meta:
#     ucd: stat.stdev
# - 
#   name: geom_model_gaussian1_sigma_error
#   datatype: float32
#   description: "Uncertainty of \\texttt{geomModelGaussian1Sigma}"
#   meta:
#     ucd: stat.error
# - 
#   name: geom_model_gaussian1_depth
#   datatype: float32
#   unit: mag
#   description: Magnitude depth of Gaussian 1 component
#   meta:
#     ucd: src.var.amplitude
# - 
#   name: geom_model_gaussian1_depth_error
#   datatype: float32
#   unit: mag
#   description: "Uncertainty of \\texttt{geomModelGaussian1Depth}"
#   meta:
#     ucd: stat.error;src.var.amplitude
# - 
#   name: geom_model_gaussian2_phase
#   datatype: float32
#   description: Phase of Gaussian 2 component
#   meta:
#     ucd: time.phase
# - 
#   name: geom_model_gaussian2_phase_error
#   datatype: float32
#   description: "Uncertainty of \\texttt{geomModelGaussian2Phase}"
#   meta:
#     ucd: stat.error;time.phase
# - 
#   name: geom_model_gaussian2_sigma
#   datatype: float32
[...]
#   datatype: float32
#   description: "Secondary eclipse: uncertainty of \\texttt{derivedSecondaryEclDuration}"
#   meta:
#     ucd: stat.error;time.duration
# - 
#   name: derived_secondary_ecl_depth
#   datatype: float32
#   unit: mag
#   description: "Secondary eclipse: depth"
#   meta:
#     ucd: src.var.amplitude
# - 
#   name: derived_secondary_ecl_depth_error
#   datatype: float32
#   unit: mag
#   description: "Secondary eclipse: uncertainty of \\texttt{derivedSecondaryEclDepth}"
#   meta:
#     ucd: stat.error;src.var.amplitude
solution_id,source_id,global_ranking,reference_time,frequency,frequency_error,geom_model_reference_level,geom_model_reference_level_error,geom_model_gaussian1_phase,geom_model_gaussian1_phase_error,geom_model_gaussian1_sigma,geom_model_gaussian1_sigma_error,geom_model_gaussian1_depth,geom_model_gaussian1_depth_error,geom_model_gaussian2_phase,geom_model_gaussian2_phase_error,geom_model_gaussian2_sigma,geom_model_gaussian2_sigma_error,geom_model_gaussian2_depth,geom_model_gaussian2_depth_error,geom_model_cosine_half_period_amplitude,geom_model_cosine_half_period_amplitude_error,geom_model_cosine_half_period_phase,geom_model_cosine_half_period_phase_error,model_type,num_model_parameters,reduced_chi2,derived_primary_ecl_phase,derived_primary_ecl_phase_error,derived_primary_ecl_duration,derived_primary_ecl_duration_error,derived_primary_ecl_depth,derived_primary_ecl_depth_error,derived_secondary_ecl_phase,derived_secondary_ecl_phase_error,derived_secondary_ecl_duration,derived_secondary_ecl_duration_error,derived_secondary_ecl_depth,derived_secondary_ecl_depth_error
[from data line 363]
375316653866487564,2106461968680613888,0.50725615,2247.760798372363,3.3621509935356086,1.7307577E-5,17.20819,0.0025919464,0.26626205,0.0033878533,0.021258166,0.0045051863,0.025955686,0.021964071,null,null,null,null,null,null,0.064988256,0.0051727947,0.26626205,0.0033878533,"ONEGAUSSIAN_WITH_ELLIPSOIDAL",6,10.346633,0.26626205,0.0033878533,0.119045734,0.025229044,0.15593189,0.02162619,null,null,null,null,null,null
375316653866487564,2106462316576083456,0.55640405,2224.1689488746247,2.6470925824635323,1.2694973E-5,15.036568,0.009391268,0.3091983,0.010377857,0.07543186,0.012026041,0.37485164,0.102669805,0.8020006,0.002641282,0.08528678,0.004769877,0.31160727,0.0092680715,null,null,null,null,"TWOGAUSSIANS",8,89.88998,0.3091983,0.010377857,0.4,0.0,0.3701922,0.10557394,0.8020006,0.002641282,0.4,0.0,0.30694783,0.008160745
375316653866487564,2106463480509335424,0.6848588,2268.910993650301,0.49624322377567515,4.577535E-6,13.498829,0.0040936195,0.25458226,0.00970434,0.031209152,0.006935913,0.07980025,0.009364076,0.75200844,9.0099144E-4,0.027040834,0.0014553295,0.8769979,0.016431013,0.0120544415,0.0048363875,0.25458226,0.00970434,"TWOGAUSSIANS_WITH_ELLIPSOIDAL_ON_ECLIPSE1",9,71.476776,0.75200844,8.942665E-4,0.15142867,0.0081498455,0.90110046,0.014173287,0.25458226,0.00970434,0.17477125,0.038841113,0.10390913,0.0045606247
375316653866487564,2106476782025842816,0.5422774,2240.7886747938887,1.2771555457012913,3.4540477E-5,15.865981,0.0042179283,0.26462084,0.013386949,0.04935452,0.017900625,0.03322067,0.010376051,0.7525083,0.006355269,0.040550355,0.003810822,0.30677345,0.07252896,0.017595649,0.0052837427,0.26462084,0.013386949,"TWOGAUSSIANS_WITH_ELLIPSOIDAL_ON_ECLIPSE1",9,9.089285,0.7526883,0.006209898,0.22708198,0.021340603,0.34176415,0.07382531,0.26462084,0.013386949,0.2763853,0.10024351,0.06841186,0.0049400367
375316653866487564,2106481622451717504,0.6090392,2188.2593483101627,4.594359908988345,6.4244423E-6,18.545685,0.005194135,0.24250793,0.0021383923,0.06710779,0.0025705968,0.4218551,0.0071205557,0.73655057,0.0019132872,0.07662077,0.003001843,0.4356764,0.015469445,null,null,null,null,"TWOGAUSSIANS",8,1.981593,0.73655057,0.0019132872,0.4,0.0,0.43393144,0.015736315,0.24250793,0.0021383923,0.37580362,0.014395341,0.42011017,0.006916314
375316653866487564,2106483894492093056,0.6848453,2236.890550329107,3.084321465809799,5.1484126E-6,16.258053,0.006930219,0.24483287,8.552861E-4,0.043284588,0.0015806162,0.52183723,0.01589289,0.74429464,0.0012603175,0.04765638,0.0019169754,0.48056653,0.01847875,0.11825015,0.008835068,0.24483287,8.552861E-4,"TWOGAUSSIANS_WITH_ELLIPSOIDAL_ON_ECLIPSE1",9,13.031477,0.24483287,8.552861E-4,0.2423937,0.008851451,0.7583368,0.0049259434,0.74433464,0.0011785276,0.2668757,0.010735062,0.7170636,0.011204123
375316653866487564,2106495405004231552,0.6608515,2234.9098613266797,0.8198465158398786,7.5050166E-6,14.750599,0.0031292378,0.21799237,0.0023397184,0.037052065,9.247475E-4,1.1618459,0.07001967,0.7039254,0.001929634,0.036650456,0.0026291858,0.1216872,0.00560894,null,null,null,null,"TWOGAUSSIANS",8,59.911003,0.21799237,0.0023397184,0.20749156,0.0051785856,1.1618459,0.07001967,0.7039254,0.001929634,0.20524256,0.014723441,0.1216872,0.00560894
375316653866487564,2106507804570621824,0.52084875,2222.4666406407323,1.4610035682925733,2.3007768E-5,18.52272,0.008824765,0.27434534,0.0039501614,0.08587531,0.00868486,0.14196241,0.010100589,0.76632893,0.0060085226,0.084549025,0.007972594,0.21582124,0.012333516,null,null,null,null,"TWOGAUSSIANS",8,1.8822135,0.76632893,0.0060085226,0.4,0.0,0.2117224,0.012077801,0.27434534,0.0039501614,0.4,0.0,0.13786358,0.009835887
375316653866487564,2106509934874436736,0.52412796,2213.4467998055934,0.021644529402893378,1.5481231E-5,17.921997,0.0017792877,0.25581655,0.0015777679,0.014185571,4.2479808E-4,0.95555764,0.113621876,0.5096572,0.028996075,0.02764869,0.012628477,0.03221922,0.03171327,null,null,null,null,"TWOGAUSSIANS",8,1.8969272,0.25581655,0.0015777679,0.0794392,0.0023788693,0.95555764,0.113621876,0.5096572,0.028996075,0.15483266,0.07071947,0.03221922,0.03171327
375316653866487564,2106511863319278720,0.55420357,2244.74087445829,2.349093844573697,5.503929E-6,13.5594225,0.008717527,0.23416519,0.0018254553,0.048856944,0.0058178026,0.13101833,0.017491624,0.72800386,0.009348318,0.05189018,0.011459865,0.11302481,0.014133549,0.06468909,0.009538345,0.23416519,0.0018254553,"TWOGAUSSIANS_WITH_ELLIPSOIDAL_ON_ECLIPSE1",9,55.713116,0.23416519,0.0018254553,0.27359888,0.032579694,0.26039547,0.007217915,0.7292139,0.0076160454,0.290585,0.06417524,0.24224608,0.0065369685
375316653866487564,2106523644411518336,0.62879056,2225.5732138108983,3.9032819435795463,4.934232E-6,17.876951,0.01111955,0.26420784,0.0015290345,0.05072653,0.0030924974,0.43894926,0.026415547,0.7592492,0.002020951,0.043801453,0.0034375195,0.42869997,0.029857915,0.1321687,0.015782896,0.26420784,0.0015290345,"TWOGAUSSIANS_WITH_ELLIPSOIDAL_ON_ECLIPSE1",9,4.778877,0.26420784,0.0015290345,0.28406858,0.017317986,0.70328397,0.017777728,0.7596692,0.0018124344,0.24528815,0.01925011,0.69280005,0.02177001
375316653866487564,2106526290110322176,0.64058805,2216.4393480645936,1.1199236672531354,6.3052194E-6,11.563799,0.011006623,0.25588098,0.010840094,0.0683252,0.03617226,0.06573346,0.017266994,0.74964905,0.0020281887,0.05296532,0.010693287,0.10987012,0.018014882,0.08384811,0.011365698,0.74964905,0.0020281887,"TWOGAUSSIANS_WITH_ELLIPSOIDAL_ON_ECLIPSE2",9,43.236893,0.74964905,0.0020281887,0.2966058,0.059882402,0.27750584,0.0065293913,0.252861,0.004098161,0.3826211,0.10622572,0.2332367,0.018020056
375316653866487564,2106528733950556800,0.55670923,2226.1591091582086,3.820271057672468,6.8612594E-6,15.609359,0.0030030839,0.27582246,0.0059373504,0.074789554,0.011078318,0.07871428,0.005706305,0.77123076,0.0018412195,0.070494585,0.0038509166,0.07483939,0.0029847703,null,null,null,null,"TWOGAUSSIANS",8,5.0783625,0.27582246,0.0059373504,0.4,0.006208535,0.078345396,0.006021842,0.77123076,0.0018412195,0.39476967,0.019702658,0.07447051,0.0027047088
375316653866487564,2106533475594488320,0.6053169,2214.4463959733343,1.3911270937077869,2.493649E-6,13.7416725,0.003033375,0.3166363,8.7136426E-4,0.10015738,0.0022240116,0.22283767,0.004034228,0.8163848,9.072943E-4,0.091428585,0.0015842064,0.3010888,0.006633893,null,null,null,null,"TWOGAUSSIANS",8,29.208197,0.8163848,9.072943E-4,0.4,0.0,0.28414485,0.0068090614,0.3166363,8.7136426E-4,0.4,0.0,0.20589218,0.0044784322
375316653866487564,2106539037574912128,0.60355365,2233.458013711171,3.1616090953549354,5.2591054E-6,17.749943,0.005235324,0.19023089,0.0022557478,0.07674287,0.0029549869,0.37029666,0.012379447,0.6905966,0.0019547637,0.07644873,0.0027956616,0.31272423,0.0067901267,null,null,null,null,"TWOGAUSSIANS",8,3.3659804,0.19023089,0.0022557478,0.4,0.0,0.36701405,0.012628829,0.6905966,0.0019547637,0.4,0.0,0.30944163,0.0066566123
375316653866487564,2106541855073332480,0.60126185,2209.486471442451,3.2365557407454233,3.9473466E-6,17.656277,0.005914871,0.2617825,7.929207E-4,0.070221506,0.0017978862,0.34431592,0.0048673716,0.75821,0.00481597,0.07433353,0.0059343926,0.42318022,0.028840842,null,null,null,null,"TWOGAUSSIANS",8,4.874765,0.75821,0.00481597,0.4,0.0,0.42140773,0.030102918,0.2617825,7.929207E-4,0.39324045,0.010053209,0.34254342,0.004310372
375316653866487564,2106543469981077888,0.50694555,2214.230888133991,0.289323551157844,1.2659111E-4,17.343533,0.007116944,0.5235063,0.05189728,0.050209276,0.064997464,0.035840202,0.016504548,0.8598782,0.027921757,0.019972563,0.03691099,0.3156329,0.3092677,null,null,null,null,"TWOGAUSSIANS",8,9.790021,0.8598782,0.027921757,0.11184635,0.20670153,0.3156329,0.30926996,0.5235063,0.05189728,0.28117195,0.14527854,0.035840202,0.016505279
375316653866487564,2106545810740651648,0.603626,2211.73252056228,1.6467484131333692,9.453214E-6,15.057653,0.0013319312,0.2562013,9.089672E-4,0.06321121,0.0010909397,0.19948262,0.0024363147,0.76202977,0.004756088,0.08794743,0.004658404,0.067916095,0.0034140311,null,null,null,null,"TWOGAUSSIANS",8,7.2835684,0.2562013,9.089672E-4,0.35398278,0.0061092624,0.19872196,0.0023867714,0.76202977,0.004756088,0.4,0.0,0.06715542,0.0034725028
375316653866487564,2106546837233659648,0.45429474,2219.011705056336,1.460877109142661,1.9691082E-5,18.03857,0.007984672,0.2899947,0.023807196,0.019045502,0.009007161,2.220257,3.8539736,0.5061273,0.061220717,0.16497771,0.065981306,0.08442811,0.012226332,null,null,null,null,"TWOGAUSSIANS",8,7.1849,0.2900447,0.023797804,0.10665481,0.050440103,2.2543478,3.8645701,0.5061273,0.061220717,0.4,0.0,0.0827182,0.011366906
375316653866487564,2106550754245731840,0.47342595,2200.65970470495,3.6995380507381643,2.937936E-5,19.897787,0.090251036,0.25149265,0.013167731,0.09681757,0.035342846,0.30470124,0.06539174,0.75464755,0.008458201,0.088704675,0.030101772,0.5272856,0.060247153,null,null,null,null,"TWOGAUSSIANS",8,2.8675873,0.75464755,0.0084752925,0.4,0.0,0.5074388,0.08918037,0.25149265,0.013168624,0.4,0.0,0.28485358,0.035968885
375316653866487564,2106551613237361792,0.45986283,2213.9027714417225,0.44020667667073865,8.044831E-5,18.56942,0.005413747,0.24780796,0.018867457,0.07845072,0.025643302,0.08199306,0.031700313,0.78850317,0.013246442,0.023694376,0.007838509,0.2884633,0.34034663,null,null,null,null,"TWOGAUSSIANS",8,5.471612,0.78850317,0.013246442,0.1326885,0.04389565,0.28846315,0.3403469,0.24780796,0.018867457,0.4,0.036012925,0.08199291,0.031702496
375316653866487564,2106552613968915840,0.44070023,2186.3374245212035,0.5389488472687348,3.4186447E-5,13.854756,0.0028489882,0.20545073,0.011421321,0.07240008,0.01840944,0.024315659,0.006082994,0.6404039,0.009837218,0.109950565,0.022895638,0.041934777,0.008789872,null,null,null,null,"TWOGAUSSIANS",8,30.70477,0.6404039,0.009837218,0.4,0.0,0.041391212,0.009151585,0.20558074,0.011474669,0.4,0.06620911,0.023788977,0.0060542757
375316653866487564,2106553026285781888,0.6115011,2202.8642026345638,0.531260722468178,1.3994712E-5,13.612736,0.0023591358,0.15578637,0.0032325727,0.015136277,0.0023803774,0.103854425,0.020405145,0.6684196,0.021129206,0.019669808,0.0074607795,0.41888267,0.21227886,0.0030123666,0.003559729,0.6684196,0.021129206,"TWOGAUSSIANS_WITH_ELLIPSOIDAL_ON_ECLIPSE2",9,99.0333,0.6684196,0.021129206,0.110150926,0.041780367,0.4249074,0.21357633,0.15579636,0.003239105,0.084763154,0.013330113,0.10984132,0.020748299
375316653866487564,2106553404242900992,0.5526239,2206.849484566994,1.2936154493131502,8.144398E-6,12.898455,0.020505643,0.26362917,0.0030659623,0.12042041,0.012746062,0.17726701,0.019314218,0.7718882,0.0017156537,0.110446885,0.011407462,0.13920699,0.019385654,null,null,null,null,"TWOGAUSSIANS",8,25.013437,0.26361918,0.0030630615,0.4,0.0,0.14933543,0.0060366727,0.77193815,0.0017255762,0.4,0.0,0.11133145,0.0029987625
375316653866487564,2106558038508519680,0.4321238,2216.528885721338,4.211111493179036,2.3030463E-5,19.54441,0.007791847,null,null,null,null,null,null,null,null,null,null,null,null,0.08297948,0.013016248,0.19628325,0.006690761,"ELLIPSOIDAL",4,3.4787683,null,null,null,null,null,null,null,null,null,null,null,null
375316653866487564,2106562440853796864,0.5853917,2251.25404185643,2.6066004307981814,8.611383E-6,16.112848,0.009478503,0.22480899,0.0021411951,0.1042103,0.0060828053,0.23852874,0.008304128,0.7241935,0.0023468279,0.09936832,0.0051630028,0.25701442,0.008765745,null,null,null,null,"TWOGAUSSIANS",8,11.759519,0.7241935,0.0023468279,0.4,0.0,0.23297422,0.006667436,0.22480899,0.0021411951,0.4,0.0,0.21448538,0.008879128
375316653866487564,2106574634262366976,0.5328176,2244.274527833245,2.798329673765325,1.1048152E-5,17.817171,0.014536603,0.2395658,0.0030079351,0.05048702,0.006595838,0.37586898,0.052281603,0.73158276,0.024242057,0.045472316,0.012724914,0.87826246,0.16662867,null,null,null,null,"TWOGAUSSIANS",8,35.17463,0.73158276,0.024242057,0.254645,0.07125952,0.87826157,0.16662125,0.2395658,0.0030079351,0.2827273,0.036936693,0.37586805,0.052282564
375316653866487564,2106594631630148352,0.54044324,2233.9776863128814,1.3826804065456486,1.7904029E-5,15.181931,0.22716685,0.20328246,0.0032298982,0.15470721,0.03671294,0.2759338,0.1685464,0.703553,0.0036532562,0.22872579,0.09513741,0.32248428,0.22338755,null,null,null,null,"TWOGAUSSIANS",8,8.429893,0.20312247,0.0036932076,0.4,0.0,0.08173909,0.004199708,0.70361304,0.0036642377,0.4,0.0,0.07217455,0.0029979204
375316653866487564,2106595456263887744,0.64100987,2216.50315515346,4.099177150640173,4.976677E-6,17.793833,0.01151026,0.21638732,0.0013058945,0.04671754,0.0026918394,0.45834315,0.026665596,0.71808684,0.004706669,0.0462459,0.0055144704,0.44069555,0.03495863,0.13237411,0.015769703,0.21638732,0.0013058945,"TWOGAUSSIANS_WITH_ELLIPSOIDAL_ON_ECLIPSE1",9,6.4261136,0.21638732,0.0013058945,0.2616182,0.0150743,0.7230909,0.015390619,0.71808684,0.0046204724,0.25897703,0.030881032,0.7054131,0.0348133
375316653866487564,2106596525714966912,0.5231983,2241.1396786621704,0.6965498475340111,3.2355874E-5,13.535008,0.021424074,0.2849022,0.0046889535,0.030035138,0.0019804067,0.57053375,0.033167783,0.72311807,0.025341297,0.36906424,0.0049930513,0.3418621,0.021756822,null,null,null,null,"TWOGAUSSIANS",8,239.41862,0.2850622,0.004691295,0.16819677,0.011090278,0.57108444,0.031494245,0.72311807,0.025341297,0.4,0.0,0.083335325,0.005848556
375316653866487564,2106598106258149248,0.5242563,2234.0658316154513,3.6657471020575385,1.1617732E-5,16.851034,0.9949266,0.2961557,0.010159759,0.15871187,0.06545078,0.7470936,0.7450979,0.8010187,0.004772206,0.22318928,0.1441495,0.85820395,0.9700587,null,null,null,null,"TWOGAUSSIANS",8,7.4131737,0.2931757,0.0069092726,0.4,0.0,0.2206918,0.013631412,0.8023587,0.0032855284,0.4,0.0,0.2025935,0.0083088875
375316653866487564,2106629201825565440,0.61230093,2225.1934247351583,2.862584758554235,1.3611908E-5,16.511765,0.016278492,0.24831358,0.004035904,0.054943107,0.014888501,0.11371452,0.03532343,0.744281,0.0049522747,0.051844228,0.009653601,0.13400385,0.033524934,0.09746687,0.018853592,0.24831358,0.004035904,"TWOGAUSSIANS_WITH_ELLIPSOIDAL_ON_ECLIPSE1",9,17.283989,0.745231,0.0034137424,0.29032767,0.054060165,0.32883683,0.006845294,0.24831358,0.004035904,0.30768138,0.0833756,0.3086431,0.015240159
375316653866487564,2106658162787427584,0.4788115,2225.7534860211154,1.8250581898171907,2.624641E-5,19.53124,0.004191215,0.18912442,0.0056021023,0.024760922,0.002316708,0.305215,0.048459858,0.68578213,0.009002207,0.03407047,0.007442557,0.24616936,0.008026435,null,null,null,null,"TWOGAUSSIANS",8,2.09995,0.18912442,0.0056021023,0.13866116,0.012973566,0.305215,0.048459858,0.68578213,0.009002207,0.19079462,0.041678317,0.24616936,0.008026435
375316653866487564,2106659781993141760,0.45340908,2232.973956460009,0.10287702577050042,2.9488341E-5,17.006096,0.008508714,0.18569979,0.012897562,0.014701992,0.012935706,0.0507158,0.016207866,0.43118468,0.0723229,0.037604555,0.024440177,0.42692274,0.31152532,0.027375806,0.015471421,0.18569979,0.012897562,"TWOGAUSSIANS_WITH_ELLIPSOIDAL_ON_ECLIPSE1",9,50.932384,0.43118468,0.0723229,0.2105855,0.13686499,0.4269667,0.29926658,0.18569979,0.012897562,0.08233116,0.07243995,0.10546729,0.026623579
375316653866487564,2106667027599940096,0.43970248,2238.6619147839347,0.6005370274303585,1.1141151E-4,18.762623,0.013546382,0.2610936,0.014855658,0.06667343,0.014666748,0.105359815,0.018080115,0.6912581,0.047962204,0.09857261,0.068207815,0.05866455,0.0125175025,null,null,null,null,"TWOGAUSSIANS",8,3.0707548,0.26110357,0.014850214,0.3733712,0.08170592,0.1049864,0.017908711,0.6912581,0.047962204,0.4,0.032434303,0.058286835,0.011657607
