Gaia/vari_eclipsing_binary/VariEclipsingBinary_548658-551055.csv
# %ECSV 1.0
# ---
# delimiter: ','
# meta: !!omap
# - RELEASE: Gaia DR3
# - TABLE: vari_eclipsing_binary
# - DESCRIPTION: >
#     This table describes the properties of the eclipsing binaries resulting from the variability analysis. 
# - CITATION: >
#     How to cite and acknowledge Gaia: 
#     https://gea.esac.esa.int/archive/documentation/credits.html 
# - KNOWN_ISSUES: >
#     Known issues: 
#     https://www.cosmos.esa.int/web/gaia-users/known-issues 
# - DOCUMENTATION: >
#     Tutorials and documentation: 
#     https://www.cosmos.esa.int/web/gaia-users/archive 
# datatype:
# - 
#   name: solution_id
#   datatype: int64
#   description: Solution Identifier
#   meta:
#     ucd: meta.version
# - 
#   name: source_id
#   datatype: int64
#   description: Unique source identifier
#   meta:
#     ucd: meta.id;meta.main
# - 
#   name: global_ranking
#   datatype: float32
#   description: Number between 0 (worst) and 1 (best)
#   meta:
#     ucd: stat.param
# - 
#   name: reference_time
#   datatype: float64
#   unit: d
#   description: Reference time used for the geometric model fit
#   meta:
#     ucd: time.epoch
# - 
#   name: frequency
#   datatype: float64
#   unit: d**-1
#   description: Frequency of geometric model of the eclipsing binary light curve
#   meta:
#     ucd: src.orbital
# - 
#   name: frequency_error
#   datatype: float32
#   unit: d**-1
#   description: "Uncertainty of \\texttt{frequency}"
#   meta:
#     ucd: stat.error
# - 
#   name: geom_model_reference_level
#   datatype: float32
#   unit: mag
#   description: Magnitude reference level of geometric model
#   meta:
#     ucd: phot.mag;em.opt
# - 
#   name: geom_model_reference_level_error
#   datatype: float32
#   unit: mag
#   description: "Uncertainty of \\texttt{geomModelReferenceLevel}"
#   meta:
#     ucd: stat.error;phot.mag;em.opt
# - 
#   name: geom_model_gaussian1_phase
#   datatype: float32
#   description: Phase of the Gaussian 1 component
#   meta:
#     ucd: time.phase
# - 
#   name: geom_model_gaussian1_phase_error
#   datatype: float32
#   description: "Uncertainty of \\texttt{geomModelGaussian1Phase}"
#   meta:
#     ucd: stat.error;time.phase
# - 
#   name: geom_model_gaussian1_sigma
#   datatype: float32
#   description: "Standard deviation [phase] of Gaussian 1 component"
#   meta:
#     ucd: stat.stdev
# - 
#   name: geom_model_gaussian1_sigma_error
#   datatype: float32
#   description: "Uncertainty of \\texttt{geomModelGaussian1Sigma}"
#   meta:
#     ucd: stat.error
# - 
#   name: geom_model_gaussian1_depth
#   datatype: float32
#   unit: mag
#   description: Magnitude depth of Gaussian 1 component
#   meta:
#     ucd: src.var.amplitude
# - 
#   name: geom_model_gaussian1_depth_error
#   datatype: float32
#   unit: mag
#   description: "Uncertainty of \\texttt{geomModelGaussian1Depth}"
#   meta:
#     ucd: stat.error;src.var.amplitude
# - 
#   name: geom_model_gaussian2_phase
#   datatype: float32
#   description: Phase of Gaussian 2 component
#   meta:
#     ucd: time.phase
# - 
#   name: geom_model_gaussian2_phase_error
#   datatype: float32
#   description: "Uncertainty of \\texttt{geomModelGaussian2Phase}"
#   meta:
#     ucd: stat.error;time.phase
# - 
#   name: geom_model_gaussian2_sigma
#   datatype: float32
[...]
#   datatype: float32
#   description: "Secondary eclipse: uncertainty of \\texttt{derivedSecondaryEclDuration}"
#   meta:
#     ucd: stat.error;time.duration
# - 
#   name: derived_secondary_ecl_depth
#   datatype: float32
#   unit: mag
#   description: "Secondary eclipse: depth"
#   meta:
#     ucd: src.var.amplitude
# - 
#   name: derived_secondary_ecl_depth_error
#   datatype: float32
#   unit: mag
#   description: "Secondary eclipse: uncertainty of \\texttt{derivedSecondaryEclDepth}"
#   meta:
#     ucd: stat.error;src.var.amplitude
solution_id,source_id,global_ranking,reference_time,frequency,frequency_error,geom_model_reference_level,geom_model_reference_level_error,geom_model_gaussian1_phase,geom_model_gaussian1_phase_error,geom_model_gaussian1_sigma,geom_model_gaussian1_sigma_error,geom_model_gaussian1_depth,geom_model_gaussian1_depth_error,geom_model_gaussian2_phase,geom_model_gaussian2_phase_error,geom_model_gaussian2_sigma,geom_model_gaussian2_sigma_error,geom_model_gaussian2_depth,geom_model_gaussian2_depth_error,geom_model_cosine_half_period_amplitude,geom_model_cosine_half_period_amplitude_error,geom_model_cosine_half_period_phase,geom_model_cosine_half_period_phase_error,model_type,num_model_parameters,reduced_chi2,derived_primary_ecl_phase,derived_primary_ecl_phase_error,derived_primary_ecl_duration,derived_primary_ecl_duration_error,derived_primary_ecl_depth,derived_primary_ecl_depth_error,derived_secondary_ecl_phase,derived_secondary_ecl_phase_error,derived_secondary_ecl_duration,derived_secondary_ecl_duration_error,derived_secondary_ecl_depth,derived_secondary_ecl_depth_error
[from data line 71]
375316653866487564,4829761986449731584,0.5693542,2216.617167744578,3.730319951038356,5.6881076E-6,18.084623,0.016884418,0.29804057,0.0018447993,0.06418949,0.003255878,0.4897946,0.018087942,0.78907573,0.006096485,0.07190864,0.0074999677,0.53205377,0.031136785,null,null,null,null,"TWOGAUSSIANS",8,10.970862,0.78907573,0.006096485,0.4,0.013257287,0.531115,0.031124106,0.29804057,0.0018447993,0.35946116,0.018232917,0.48885587,0.017540477
375316653866487564,4829844385398594944,0.6409985,2203.599754085175,2.77816742061056,4.8219067E-6,14.542026,0.0087270085,0.22311275,0.0013757697,0.044816684,0.0024134738,0.40590656,0.024679642,0.72177726,0.0028383783,0.04684247,0.002686583,0.4747345,0.029772874,0.12331886,0.016370721,0.22311275,0.0013757697,"TWOGAUSSIANS_WITH_ELLIPSOIDAL_ON_ECLIPSE1",9,138.25363,0.72188723,0.002706127,0.26231784,0.015044864,0.72135574,0.023392608,0.22311275,0.0013757697,0.25097343,0.013515453,0.6525438,0.0095341895
375316653866487564,4829976940972665472,0.5699819,2196.4534936985615,1.263728325245729,1.684891E-5,18.838305,0.002001021,0.19324902,0.0058329953,0.03638002,0.00543459,0.20340787,0.05273592,0.69564664,1.15685754E-4,0.01260023,2.7220725E-4,0.4710965,0.0032428433,null,null,null,null,"TWOGAUSSIANS",8,0.7486502,0.69564664,1.15685754E-4,0.07056128,0.0015243606,0.4710965,0.0032428433,0.19324902,0.0058329953,0.20372811,0.030433705,0.20340787,0.05273592
375316653866487564,4829992097913912064,0.5290831,2206.8020076749344,0.6626095600941643,7.389724E-5,15.522056,0.0065516382,0.24913345,0.0061127073,0.022709256,0.006154759,0.7612529,0.22847421,0.7563513,0.005821296,0.025169047,0.0066822697,0.18604639,0.053864073,null,null,null,null,"TWOGAUSSIANS",8,253.75063,0.24913345,0.0061127073,0.12717183,0.03446665,0.7612529,0.22847421,0.7563513,0.005821296,0.14094666,0.037420712,0.18604639,0.053864073
375316653866487564,4830066658546122752,0.4776073,2181.9074747864934,3.376904846378491,3.251198E-5,17.398567,0.09572396,0.2665992,0.010272933,0.108426064,0.0766806,0.10488184,0.082752034,0.7887166,0.008291605,0.11384884,0.031444546,0.15924992,0.08823667,null,null,null,null,"TWOGAUSSIANS",8,8.568389,0.7887366,0.0076109054,0.4,0.0,0.1428619,0.009525053,0.2665192,0.009858595,0.4,0.0,0.088514626,0.013246533
375316653866487564,4830113864530098304,0.55919987,2149.2560305065967,3.0582534580493532,1.4971227E-5,17.812235,0.023555864,0.25092396,0.006856633,0.046455394,0.013983398,0.25103524,0.042006303,0.7532531,0.015594277,0.029914359,0.013029903,0.76066744,0.21723755,0.03743301,0.0289921,0.7532531,0.015594277,"TWOGAUSSIANS_WITH_ELLIPSOIDAL_ON_ECLIPSE2",9,15.572278,0.7532531,0.015594277,0.1675204,0.072967455,0.8355332,0.24108106,0.25103396,0.0063917567,0.2601502,0.078307025,0.3258857,0.026282312
375316653866487564,4830171352669192192,0.5319388,2192.9444784215652,1.8970774589814088,1.3704505E-5,18.21377,0.008211388,0.26047313,0.0071208295,0.025831815,0.010921741,0.47418588,0.0787771,0.7656885,0.002285627,0.03039256,0.0019903195,0.64004946,0.06908931,null,null,null,null,"TWOGAUSSIANS",8,18.759739,0.7656885,0.002285627,0.17019834,0.011145788,0.64004946,0.06908931,0.26047313,0.0071208295,0.14465816,0.06116175,0.47418588,0.0787771
375316653866487564,4830204819054405248,0.5034909,2206.3538799716002,4.280963268157818,9.3750954E-5,14.648768,0.0017371924,0.27608067,0.010414751,0.041485608,0.0056272605,0.3907291,0.126087,0.8827073,7.2627394E-5,0.012777257,0.0010201425,0.42159188,0.1495157,null,null,null,null,"TWOGAUSSIANS",8,16.143595,0.8827073,7.2627394E-5,0.07155264,0.0057127974,0.42159188,0.1495157,0.27608067,0.010414751,0.23231941,0.03151266,0.3907291,0.126087
375316653866487564,4830295734922084992,0.568447,2148.001849881156,3.5728476667532068,3.0173007E-6,17.635397,0.008865712,0.2269971,0.0042929845,0.04849107,0.0074660676,0.18097922,0.02597887,0.76234335,0.01020475,0.019304931,0.008516208,0.2605495,0.033559486,0.08106173,0.009625717,0.2269971,0.0042929845,"TWOGAUSSIANS_WITH_ELLIPSOIDAL_ON_ECLIPSE1",9,9.880727,0.76234335,0.01020475,0.10810761,0.047690768,0.4148069,0.031454206,0.2269971,0.0042929845,0.27154997,0.041809976,0.34310237,0.027489398
375316653866487564,4830304359216376448,0.571723,2174.6524351969315,3.863397299299334,8.423151E-6,15.880714,0.012847735,0.22165644,0.0025059544,0.04400982,0.008643217,0.143673,0.023085166,0.71050316,0.03166153,0.047119427,0.03866384,0.13185355,0.06343242,0.042366292,0.013067625,0.22165644,0.0025059544,"TWOGAUSSIANS_WITH_ELLIPSOIDAL_ON_ECLIPSE1",9,22.639887,0.22165644,0.0025059544,0.246455,0.04840202,0.2284052,0.0053615617,0.71163315,0.030140413,0.2638688,0.15836751,0.21621223,0.06900372
375316653866487564,4830350435625491072,0.480671,2191.9648153759817,2.4978327543305983,2.5818808E-5,14.777005,0.077603884,0.25563958,0.0085313525,0.109364934,0.03374926,0.2602322,0.06455751,0.7683985,0.007049152,0.10070286,0.028079417,0.27736613,0.067772254,null,null,null,null,"TWOGAUSSIANS",8,509.11612,0.76840854,0.007058394,0.4,0.0,0.2501382,0.020403849,0.25563958,0.0085351635,0.4,0.0,0.23299007,0.025370656
375316653866487564,4830386891307873536,0.5546111,2185.0035926406913,3.496365871623465,1.0788609E-5,12.61351,0.016911572,0.2681538,0.0032475803,0.08574922,0.005776336,0.4048473,0.017173922,0.7641677,0.003679465,0.08727139,0.0049903756,0.3343787,0.016933283,null,null,null,null,"TWOGAUSSIANS",8,870.9334,0.2681538,0.0032475803,0.4,0.0,0.39428765,0.015125687,0.7641677,0.003679465,0.4,0.0,0.323819,0.012462518
375316653866487564,4830485293302594432,0.5050552,2209.8192782311726,0.1513384850796691,3.4822355E-5,18.757122,0.0038232182,0.2450581,0.013985625,0.018288044,0.016804395,0.6651212,0.657959,0.5480643,0.0014997275,0.017871864,0.0015894645,0.29753754,0.085506365,null,null,null,null,"TWOGAUSSIANS",8,1.5981874,0.2450581,0.013985625,0.10241304,0.09410461,0.6651212,0.657959,0.5480643,0.0014997275,0.100082435,0.008901001,0.29753754,0.085506365
375316653866487564,4830578275050462848,0.60018605,2203.3167040513285,3.239628737151977,1.0524154E-5,14.272905,0.015316038,0.25226808,0.01572069,0.04775231,0.027991377,0.2644022,0.043192852,0.74240524,0.0024267866,0.061576083,0.006133184,0.31565556,0.038672466,0.105710186,0.020146037,0.74240524,0.0024267866,"TWOGAUSSIANS_WITH_ELLIPSOIDAL_ON_ECLIPSE2",9,236.00604,0.74240524,0.0024267866,0.34482607,0.03434583,0.526993,0.021225773,0.2510281,0.01506575,0.26741293,0.1567517,0.47503048,0.035224445
375316653866487564,4830667507290913664,0.46190736,2158.66999260676,1.149912914139591,4.016383E-5,14.170733,0.0067828256,0.30264527,0.008583882,0.071587145,0.011775083,0.11372205,0.007909877,0.8044901,0.011547835,0.06512042,0.011525227,0.089943536,0.015091238,null,null,null,null,"TWOGAUSSIANS",8,366.27222,0.30264527,0.008583882,0.4,0.04708002,0.11348128,0.0077050747,0.8044901,0.011547835,0.36467436,0.06454127,0.08970277,0.015133709
375316653866487564,4830680559694951168,0.45423543,2191.3803120724747,0.9563416934137872,2.1112739E-5,18.544706,0.0025012179,null,null,null,null,null,null,null,null,null,null,null,null,0.040274747,0.003097263,0.29101086,0.007508615,"ELLIPSOIDAL",4,2.152948,null,null,null,null,null,null,null,null,null,null,null,null
375316653866487564,4830702451144807168,0.45835087,2176.9505681641776,0.8761589939939652,2.0449723E-5,13.224419,0.0030133023,0.23052739,0.011077536,0.006854338,0.005108532,0.024213318,0.020150226,0.7628895,0.0037085507,0.050322782,0.0064076427,0.079081595,0.00969974,0.008099817,0.0043976516,0.7628895,0.0037085507,"TWOGAUSSIANS_WITH_ELLIPSOIDAL_ON_ECLIPSE2",9,29.97703,0.7628895,0.0037085507,0.28180757,0.035882797,0.09528087,0.008940063,0.23060739,0.011003248,0.038384292,0.02860778,0.03975356,0.017564042
375316653866487564,4830803984171589632,0.5404955,2258.85898748325,3.5238870413157155,1.4675608E-5,17.813238,0.028597565,0.26597384,0.0051947776,0.10066143,0.012291314,0.25477126,0.026774336,0.7439333,0.0040560802,0.10688082,0.011304224,0.27175498,0.027621191,null,null,null,null,"TWOGAUSSIANS",8,8.156476,0.7439333,0.0040560802,0.4,0.0,0.24949795,0.0152696315,0.26599383,0.005215351,0.4,0.0,0.23252478,0.012649831
375316653866487564,4830832017422099072,0.56947076,2179.681907753164,3.755241567745734,1.1462399E-5,17.05405,0.013002587,0.29267204,0.005502962,0.10267353,0.011520745,0.1556188,0.011915163,0.7901211,0.0036979131,0.09728581,0.008179895,0.1707541,0.013146205,null,null,null,null,"TWOGAUSSIANS",8,3.2668798,0.7901211,0.0036979131,0.4,0.0,0.15692973,0.006153784,0.29267204,0.005502962,0.4,0.0,0.14179283,0.0063668825
375316653866487564,4830855523779398016,0.5132633,2186.44795591243,1.5965366949084288,1.74844E-5,12.507822,0.0021194455,0.3173498,0.009524666,0.05259841,0.008467715,0.041744255,0.005505102,0.79641455,0.013595361,0.031064916,0.01516313,0.019084066,0.03127152,0.018763548,0.002757877,0.79641455,0.013595361,"TWOGAUSSIANS_WITH_ELLIPSOIDAL_ON_ECLIPSE2",9,49.157627,0.3139298,0.006496477,0.29455107,0.047419205,0.07873026,0.0044061877,0.79641455,0.013595361,0.17396353,0.08491353,0.05661089,0.030580096
375316653866487564,4830930909045260800,0.55015004,2179.4337114520163,4.450014211074831,6.1462065E-6,19.155327,0.015206655,0.27329856,0.0044734026,0.08505757,0.0060273786,0.30348378,0.0155679975,0.7833629,0.0026457175,0.08200022,0.0056406506,0.3030534,0.017646067,null,null,null,null,"TWOGAUSSIANS",8,1.6795286,0.27329856,0.0044734026,0.4,0.0,0.29774922,0.012377722,0.7833629,0.0026457175,0.4,0.0,0.29731885,0.016230198
375316653866487564,4830941594923867904,0.48216814,2165.85752155461,2.2389395081274888,1.8006835E-5,15.646228,0.0146979345,0.11828715,0.009320938,0.08039865,0.014767018,0.04621448,0.016901221,0.6360442,0.008738747,0.123180054,0.023491362,0.108928815,0.013457946,null,null,null,null,"TWOGAUSSIANS",8,41.185608,0.6360442,0.008738747,0.4,0.0,0.102970585,0.007578461,0.11813716,0.009455072,0.4,0.0,0.04032337,0.010738402
375316653866487564,4830968051922608512,0.6061576,2162.650764146474,0.41959135084751475,2.7756532E-6,8.480763,0.0015699762,0.24600594,0.002928918,0.020269195,0.0021821836,0.26617244,0.019413648,0.74174714,0.04811271,0.03419783,0.021834124,0.16318409,0.2754262,0.004886478,0.0018985153,0.74174714,0.04811271,"TWOGAUSSIANS_WITH_ELLIPSOIDAL_ON_ECLIPSE2",9,14.497363,0.24599594,0.0029281788,0.113507494,0.012220228,0.27593836,0.018828042,0.74174714,0.04811271,0.19150785,0.12227109,0.17295702,0.27522993
375316653866487564,4831069408854105728,0.5230016,2189.408600718171,4.836540534888907,2.4886278E-5,18.18131,0.002348524,0.18403159,0.019662226,0.03610224,0.010961532,0.34987274,0.30535245,0.37706098,0.018032406,0.02897023,0.010127835,0.022184819,0.015580323,null,null,null,null,"TWOGAUSSIANS",8,1.5321462,0.18403159,0.019662226,0.20217255,0.061384577,0.34987274,0.30535245,0.37706098,0.018032406,0.1622333,0.056715876,0.022185035,0.015580027
375316653866487564,4831094014723364224,0.6468475,2215.5470001244776,2.4608895379506994,3.6815918E-6,11.388439,0.0056014494,0.30585092,0.0012667974,0.052846342,0.0056171645,0.089470595,0.012932635,0.80150336,0.0058607985,0.047438808,0.006258128,0.11751162,0.015692323,0.1108364,0.007265557,0.30585092,0.0012667974,"TWOGAUSSIANS_WITH_ELLIPSOIDAL_ON_ECLIPSE1",9,74.67424,0.80259335,0.004439439,0.2656573,0.035045516,0.33905885,0.009708622,0.30585092,0.0012667974,0.2959395,0.03145612,0.3111417,0.0041879676
375316653866487564,4831103493714516608,0.5349681,2126.456300293684,0.8745969717796966,3.6045778E-5,18.088251,0.0030764402,0.31643277,0.017319212,0.008854802,0.019572644,0.36882728,1.1098075,0.82665986,0.0037330096,0.015820615,0.010352029,0.49083832,0.41035384,null,null,null,null,"TWOGAUSSIANS",8,3.7753177,0.82665986,0.0037330096,0.08859544,0.057971362,0.49083832,0.41035384,0.31643277,0.017319212,0.04958689,0.1096068,0.36882728,1.1098075
375316653866487564,4831238875380186880,0.58840585,2207.3846019729663,3.3329619480840496,7.5439144E-5,17.823072,0.002601356,0.29347622,1.3044775E-7,0.012698432,6.395172E-5,0.2798447,0.0025949362,0.79538435,0.002290332,0.030453885,0.0024887917,0.33123472,0.050163995,null,null,null,null,"TWOGAUSSIANS",8,2.63267,0.79538435,0.002290332,0.17054176,0.013937234,0.33123472,0.050163995,0.29347622,1.3044775E-7,0.07111122,3.5812962E-4,0.2798447,0.0025949362
375316653866487564,4831325255762387456,0.50623775,2145.403813509124,2.1693168711515867,1.799341E-5,12.624509,0.036638968,0.29506272,0.005941958,0.11626284,0.025387254,0.12786758,0.034339767,0.78798157,0.0050686784,0.1237315,0.027746193,0.11021413,0.035879567,null,null,null,null,"TWOGAUSSIANS",8,124.841125,0.29511273,0.005957765,0.4,0.0,0.10256796,0.008680197,0.78798157,0.0050686784,0.4,0.0,0.08487565,0.0047120173
375316653866487564,4831368922694277760,0.5618342,2194.465019466298,3.622355145219058,1.2333495E-5,18.139032,0.0075885043,0.20544668,0.003444362,0.08853341,0.005925963,0.2775555,0.015040071,0.7117142,0.0032621196,0.08072367,0.0038629451,0.4248763,0.022516627,null,null,null,null,"TWOGAUSSIANS",8,4.307095,0.7117142,0.0032621196,0.4,0.0,0.4171574,0.023081856,0.20544668,0.003444362,0.4,0.0,0.26983654,0.015683813
375316653866487564,4831620646433057536,0.51833165,2192.728712659858,3.415099621314635,2.5034562E-5,15.8812065,0.052990485,0.26114604,0.006935838,0.12463688,0.020529889,0.20858145,0.05163169,0.7339488,0.0072769066,0.12207499,0.023337374,0.18858281,0.051720176,null,null,null,null,"TWOGAUSSIANS",8,36.450237,0.26134604,0.0066658603,0.4,0.0,0.16824865,0.011257026,0.7339488,0.0072769066,0.4,0.0,0.14831232,0.009173862
375316653866487564,4831630129720825600,0.563181,2198.336417752039,4.8904774109184315,1.4064713E-5,16.864996,0.0051044445,0.42182043,0.011163867,0.042826027,0.01956466,0.19354333,1.8803188,0.745427,0.002340236,0.025616104,0.0037280507,2.8631015,1.1138017,0.019021098,0.0076701255,0.745427,0.002340236,"TWOGAUSSIANS_WITH_ELLIPSOIDAL_ON_ECLIPSE2",9,47.20227,0.745427,0.002340236,0.14345017,0.020877084,2.9011433,1.1191454,0.41998044,0.010541793,0.23982576,0.1095621,0.2012918,1.8799272
375316653866487564,4831990906974051328,0.4907343,2200.557539202577,0.24543606184447694,2.5911877E-5,16.803726,0.0070652887,0.12943847,0.011626931,0.019286988,0.016990209,0.11247502,0.024563456,0.62056345,0.0015749027,0.018587895,0.0016246462,0.5059908,0.027036803,null,null,null,null,"TWOGAUSSIANS",8,64.80521,0.62056345,0.0015749027,0.10409221,0.009098019,0.5059908,0.027036803,0.12943847,0.011626931,0.10800714,0.09514517,0.11247502,0.024563456
375316653866487564,4832169126640956160,0.602962,2194.46544786411,1.4735745416955963,1.2557179E-5,17.882914,0.00216039,0.23930012,0.00383167,0.032835197,0.002986977,0.5314966,0.015785363,0.7385,0.0089271935,0.031705424,0.00743701,0.14718153,0.022457238,0.030892316,0.004481038,0.23930012,0.00383167,"TWOGAUSSIANS_WITH_ELLIPSOIDAL_ON_ECLIPSE1",9,1.9258705,0.23930012,0.00383167,0.18387711,0.016727071,0.59328115,0.01590479,0.73853004,0.008659353,0.17755038,0.041647255,0.20896456,0.02133333
375316653866487564,4832197885741292160,0.46478042,2183.4484854457005,2.4556373561890537,5.869214E-5,19.150784,0.009951886,0.20027626,0.007753511,0.039172195,0.006473206,0.3406304,0.14406015,0.83750725,0.0076131616,0.051356994,0.016032722,0.10964076,0.013789593,null,null,null,null,"TWOGAUSSIANS",8,6.339496,0.20027626,0.007753511,0.21936429,0.036249954,0.3406304,0.14406015,0.83750725,0.0076131616,0.28759918,0.089783244,0.10964076,0.013789593
375316653866487564,4832466789350068992,0.6184252,2163.7468314193934,2.9936203017863323,1.8257006E-5,14.979068,0.014464639,0.25072336,0.002687976,0.044804513,0.0052999337,0.22239853,0.033313725,0.7610877,0.0074200802,0.04013216,0.00854781,0.20023412,0.029351221,0.13880432,0.01590527,0.25072336,0.002687976,"TWOGAUSSIANS_WITH_ELLIPSOIDAL_ON_ECLIPSE1",9,126.52276,0.25072336,0.002687976,0.25090528,0.029679628,0.50000656,0.017961796,0.7610877,0.0074200802,0.2247401,0.047867734,0.47666657,0.013847911
