Gaia/vari_eclipsing_binary/VariEclipsingBinary_204961-205073.csv
# %ECSV 1.0
# ---
# delimiter: ','
# meta: !!omap
# - RELEASE: Gaia DR3
# - TABLE: vari_eclipsing_binary
# - DESCRIPTION: >
#     This table describes the properties of the eclipsing binaries resulting from the variability analysis. 
# - CITATION: >
#     How to cite and acknowledge Gaia: 
#     https://gea.esac.esa.int/archive/documentation/credits.html 
# - KNOWN_ISSUES: >
#     Known issues: 
#     https://www.cosmos.esa.int/web/gaia-users/known-issues 
# - DOCUMENTATION: >
#     Tutorials and documentation: 
#     https://www.cosmos.esa.int/web/gaia-users/archive 
# datatype:
# - 
#   name: solution_id
#   datatype: int64
#   description: Solution Identifier
#   meta:
#     ucd: meta.version
# - 
#   name: source_id
#   datatype: int64
#   description: Unique source identifier
#   meta:
#     ucd: meta.id;meta.main
# - 
#   name: global_ranking
#   datatype: float32
#   description: Number between 0 (worst) and 1 (best)
#   meta:
#     ucd: stat.param
# - 
#   name: reference_time
#   datatype: float64
#   unit: d
#   description: Reference time used for the geometric model fit
#   meta:
#     ucd: time.epoch
# - 
#   name: frequency
#   datatype: float64
#   unit: d**-1
#   description: Frequency of geometric model of the eclipsing binary light curve
#   meta:
#     ucd: src.orbital
# - 
#   name: frequency_error
#   datatype: float32
#   unit: d**-1
#   description: "Uncertainty of \\texttt{frequency}"
#   meta:
#     ucd: stat.error
# - 
#   name: geom_model_reference_level
#   datatype: float32
#   unit: mag
#   description: Magnitude reference level of geometric model
#   meta:
#     ucd: phot.mag;em.opt
# - 
#   name: geom_model_reference_level_error
#   datatype: float32
#   unit: mag
#   description: "Uncertainty of \\texttt{geomModelReferenceLevel}"
#   meta:
#     ucd: stat.error;phot.mag;em.opt
# - 
#   name: geom_model_gaussian1_phase
#   datatype: float32
#   description: Phase of the Gaussian 1 component
#   meta:
#     ucd: time.phase
# - 
#   name: geom_model_gaussian1_phase_error
#   datatype: float32
#   description: "Uncertainty of \\texttt{geomModelGaussian1Phase}"
#   meta:
#     ucd: stat.error;time.phase
# - 
#   name: geom_model_gaussian1_sigma
#   datatype: float32
#   description: "Standard deviation [phase] of Gaussian 1 component"
#   meta:
#     ucd: stat.stdev
# - 
#   name: geom_model_gaussian1_sigma_error
#   datatype: float32
#   description: "Uncertainty of \\texttt{geomModelGaussian1Sigma}"
#   meta:
#     ucd: stat.error
# - 
#   name: geom_model_gaussian1_depth
#   datatype: float32
#   unit: mag
#   description: Magnitude depth of Gaussian 1 component
#   meta:
#     ucd: src.var.amplitude
# - 
#   name: geom_model_gaussian1_depth_error
#   datatype: float32
#   unit: mag
#   description: "Uncertainty of \\texttt{geomModelGaussian1Depth}"
#   meta:
#     ucd: stat.error;src.var.amplitude
# - 
#   name: geom_model_gaussian2_phase
#   datatype: float32
#   description: Phase of Gaussian 2 component
#   meta:
#     ucd: time.phase
# - 
#   name: geom_model_gaussian2_phase_error
#   datatype: float32
#   description: "Uncertainty of \\texttt{geomModelGaussian2Phase}"
#   meta:
#     ucd: stat.error;time.phase
# - 
#   name: geom_model_gaussian2_sigma
#   datatype: float32
[...]
#   datatype: float32
#   description: "Secondary eclipse: uncertainty of \\texttt{derivedSecondaryEclDuration}"
#   meta:
#     ucd: stat.error;time.duration
# - 
#   name: derived_secondary_ecl_depth
#   datatype: float32
#   unit: mag
#   description: "Secondary eclipse: depth"
#   meta:
#     ucd: src.var.amplitude
# - 
#   name: derived_secondary_ecl_depth_error
#   datatype: float32
#   unit: mag
#   description: "Secondary eclipse: uncertainty of \\texttt{derivedSecondaryEclDepth}"
#   meta:
#     ucd: stat.error;src.var.amplitude
solution_id,source_id,global_ranking,reference_time,frequency,frequency_error,geom_model_reference_level,geom_model_reference_level_error,geom_model_gaussian1_phase,geom_model_gaussian1_phase_error,geom_model_gaussian1_sigma,geom_model_gaussian1_sigma_error,geom_model_gaussian1_depth,geom_model_gaussian1_depth_error,geom_model_gaussian2_phase,geom_model_gaussian2_phase_error,geom_model_gaussian2_sigma,geom_model_gaussian2_sigma_error,geom_model_gaussian2_depth,geom_model_gaussian2_depth_error,geom_model_cosine_half_period_amplitude,geom_model_cosine_half_period_amplitude_error,geom_model_cosine_half_period_phase,geom_model_cosine_half_period_phase_error,model_type,num_model_parameters,reduced_chi2,derived_primary_ecl_phase,derived_primary_ecl_phase_error,derived_primary_ecl_duration,derived_primary_ecl_duration_error,derived_primary_ecl_depth,derived_primary_ecl_depth_error,derived_secondary_ecl_phase,derived_secondary_ecl_phase_error,derived_secondary_ecl_duration,derived_secondary_ecl_duration_error,derived_secondary_ecl_depth,derived_secondary_ecl_depth_error
[from data line 430]
375316653866487564,1803531843621048960,0.5252269,2196.0377752475006,2.399387516945678,1.9104169E-5,17.459063,0.0070208074,0.23689434,0.023421029,0.016383216,0.019160055,0.3466173,0.14193507,0.8573456,0.080377854,0.032076024,0.03743125,0.019531127,7.773444E20,0.010093441,0.011026409,0.23689434,0.023421029,"TWOGAUSSIANS_WITH_ELLIPSOIDAL_ON_ECLIPSE1",9,10.178242,0.23689434,0.023421029,0.091746,0.1072963,0.36680406,0.15103407,0.8573456,0.080377854,0.17962573,0.209615,0.030201074,7.773444E20
375316653866487564,1803532741274632448,0.4229342,2223.4250926460145,1.9129274763059765,3.6605375E-5,17.816422,0.008175702,0.47642887,7.249363E-4,0.009719494,0.0016317733,0.24694686,0.09110719,0.7034127,0.03893021,0.07104819,0.03579779,0.027605709,0.018216202,null,null,null,null,"TWOGAUSSIANS",8,8.769789,0.47642887,7.2484603E-4,0.054429166,0.00913793,0.24711461,0.09111484,0.7034127,0.03893021,0.39786988,0.17831878,0.027605709,0.018216202
375316653866487564,1803533359745083776,0.53444874,2159.9160761031135,4.059277223625258,3.9495702E-5,19.687178,0.018208293,0.24359185,0.0064209923,0.085970104,0.008985488,0.4862422,0.05659877,0.7399487,0.0048180367,0.08349687,0.0072419737,0.41294876,0.020290056,null,null,null,null,"TWOGAUSSIANS",8,2.3555017,0.24359185,0.0064209923,0.4,0.0,0.47540712,0.05870428,0.7399487,0.0048180367,0.4,0.0,0.40211368,0.017375307
375316653866487564,1803533424168057344,0.54177034,2180.8678806110083,2.4758679730493047,1.2894995E-5,18.327873,0.007078728,0.29567948,0.0038102204,0.091944076,0.008529194,0.11457379,0.006489373,0.7941525,0.0038979668,0.08095031,0.0053101643,0.17816839,0.008591585,null,null,null,null,"TWOGAUSSIANS",8,1.2155615,0.7941525,0.0038979668,0.4,0.0,0.17400421,0.007371455,0.29567948,0.0038102204,0.4,0.0,0.110409535,0.0050087133
375316653866487564,1803536245971426944,0.50721073,2218.7290280705374,3.087677372818137,3.5604433E-5,13.531192,0.0076030856,0.26201746,0.0058722887,0.054932147,0.00610388,0.24376129,0.029230852,0.78238916,0.010464259,0.044877905,0.009088007,0.020092187,0.023996668,0.039797988,0.01578482,0.78238916,0.010464259,"TWOGAUSSIANS_WITH_ELLIPSOIDAL_ON_ECLIPSE2",9,1002.9344,0.26347747,0.0051541203,0.30762002,0.034181725,0.3221512,0.02710713,0.78238916,0.010464259,0.25131628,0.05089284,0.09968677,0.011776729
375316653866487564,1803537551641631872,0.64811265,2241.6942516349627,1.5046211704520647,7.5460143E-6,15.032299,7.0467143E-4,0.75106376,0.0018894969,0.057995565,0.0034282033,0.08961718,0.0018511489,null,null,null,null,null,null,0.038663488,9.236281E-4,0.75106376,0.0018894969,"ONEGAUSSIAN_WITH_ELLIPSOIDAL",6,3.768695,0.75106376,0.0018894969,0.32477516,0.019197939,0.16693583,0.001615465,null,null,null,null,null,null
375316653866487564,1803542288987830528,0.41422653,2235.2645990881515,1.6530326298631832,6.354391E-5,18.480637,0.029884066,0.30015594,0.022309555,0.060233805,0.040358286,0.3824512,0.13703725,0.7278253,0.01290822,0.040741216,0.008942308,0.14478691,0.0350805,null,null,null,null,"TWOGAUSSIANS",8,8.951024,0.30015594,0.022309555,0.33730933,0.097874396,0.38245115,0.13731489,0.7278253,0.01290822,0.22815081,0.05007692,0.14478685,0.0349136
375316653866487564,1803543732090615168,0.5978502,2241.4721010965063,0.18429071077714226,9.214359E-5,16.907898,0.0017298562,0.24704476,0.056408323,0.08065638,0.03115199,0.009752178,0.004678166,0.46995378,0.0015013532,0.027682792,0.0016582849,0.31249866,0.0072836597,null,null,null,null,"TWOGAUSSIANS",8,2.740641,0.46995378,0.0015013532,0.15502363,0.009286395,0.31271273,0.0072643743,0.24704476,0.056408323,0.4,0.050638806,0.009752178,0.0046781655
375316653866487564,1803545690595799936,0.54952025,2225.0927840595564,3.1673886495203174,1.3910533E-5,18.370218,0.012710494,0.22879535,0.0036472783,0.08249218,0.0047470927,0.43917507,0.017156133,0.7198905,0.0042442894,0.08070941,0.004774825,0.5289722,0.028192507,null,null,null,null,"TWOGAUSSIANS",8,7.4427767,0.7198905,0.0042442894,0.4,0.0,0.5215261,0.028242575,0.22879535,0.0036472783,0.4,0.0,0.43172896,0.01638592
375316653866487564,1803548782975978752,0.48801503,2198.4372604225446,1.8353770932116296,4.1420313E-5,19.59036,0.009311861,0.5477356,0.0050943764,0.029417653,0.0086182095,0.8833664,0.54954726,0.38036552,0.012365035,0.023027409,0.01502336,0.17094503,0.40459988,null,null,null,null,"TWOGAUSSIANS",8,3.3242595,0.5477356,0.0050943764,0.16473885,0.048261974,0.8833664,0.5495474,0.38036552,0.012364827,0.12895349,0.084130816,0.17094512,0.40459943
375316653866487564,1803549405751527168,0.62954164,2233.7158584631275,3.5950132205182177,1.172048E-5,18.123182,0.012058844,0.24434504,0.0048084673,0.04617305,0.004236504,0.6377713,0.06407456,0.74313366,0.0025685944,0.04341885,0.0030070196,0.5406318,0.029627068,0.11625968,0.01512291,0.24434504,0.0048084673,"TWOGAUSSIANS_WITH_ELLIPSOIDAL_ON_ECLIPSE1",9,8.405965,0.24434504,0.0048084673,0.2585691,0.023724422,0.87029016,0.058676317,0.74320364,0.0024152908,0.24314557,0.01683931,0.7731379,0.020086814
375316653866487564,1803549573250090624,0.45986968,2192.6693521084712,4.244013835943101,2.8764814E-5,19.351158,0.026260715,0.2694537,0.009996175,0.08283745,0.019314999,0.2137039,0.0388366,0.78471035,0.0071537807,0.08980329,0.015490125,0.18483314,0.028236294,null,null,null,null,"TWOGAUSSIANS",8,3.509283,0.2694537,0.009996175,0.4,0.0,0.20910041,0.040412534,0.78471035,0.0071537807,0.4,0.0,0.18022956,0.023194704
375316653866487564,1803549886787746688,0.6143961,2221.8374035960724,2.7654647324622896,8.029445E-6,16.667358,0.018152736,0.20819756,0.003150332,0.044452764,0.0054715024,0.40087956,0.046876363,0.72211397,0.007335738,0.058120813,0.005446601,0.6557032,0.060696874,0.10732452,0.022377681,0.20819756,0.003150332,"TWOGAUSSIANS_WITH_ELLIPSOIDAL_ON_ECLIPSE1",9,44.455814,0.72211397,0.007335738,0.32547656,0.030500967,0.86869234,0.05017478,0.20819756,0.003150332,0.24893548,0.030640414,0.6155057,0.030815663
375316653866487564,1803549985566897920,0.5105317,2194.27105693407,1.6839650595692326,3.1228972E-6,18.463673,0.0021239952,0.11506397,1.241642E-4,0.0029728867,8.57726E-5,0.22241803,0.010148812,0.50676674,4.1961492E-4,0.00843488,0.0047516595,0.019696014,0.0025784068,null,null,null,null,"TWOGAUSSIANS",8,1.372827,0.11506397,1.241642E-4,0.016648166,4.8032656E-4,0.22241803,0.010148812,0.50676674,4.1961492E-4,0.04723533,0.026609294,0.019696014,0.0025784068
375316653866487564,1803554211811106560,0.52907497,2206.985308562864,0.29459091530267556,2.6251753E-5,16.314577,0.0033890079,0.7962662,0.0029960596,0.022906788,0.002057537,0.31309545,0.041577287,null,null,null,null,null,null,0.040788323,0.0076067676,0.7962662,0.0029960596,"ONEGAUSSIAN_WITH_ELLIPSOIDAL",6,22.711878,0.7962662,0.0029960596,0.12827802,0.0115222065,0.39467195,0.043195914,null,null,null,null,null,null
375316653866487564,1803556307755009024,0.45265302,2244.1023619752636,3.5265551771116583,2.9512817E-5,18.606318,0.09143286,0.28706518,0.022947587,0.15623523,0.06550451,0.15492983,0.09055472,0.7582035,0.0076101,0.09486357,0.019609673,0.2260748,0.06986946,null,null,null,null,"TWOGAUSSIANS",8,4.7059364,0.7582035,0.0076101,0.4,0.0,0.19138898,0.01757671,0.2870752,0.022929348,0.4,0.0,0.11809923,0.015434656
375316653866487564,1803557445928456576,0.5412898,2248.681459638264,0.968950577518701,4.112103E-5,16.81048,0.0014428713,0.17803991,0.020077378,0.020124862,0.015991444,0.21766405,27.081757,0.5718445,0.006353375,0.041034427,0.009714269,0.029089823,0.0073814876,null,null,null,null,"TWOGAUSSIANS",8,2.6955464,0.17803991,0.020077378,0.112699226,0.08955208,0.21766405,27.081757,0.5718445,0.006353375,0.22979279,0.054399908,0.029089823,0.0073814876
375316653866487564,1803557647789483520,0.573289,2260.4023396037132,2.9547732756529688,1.1104013E-5,18.532871,0.012765611,0.2295119,0.0031157807,0.06425159,0.003416392,0.55158716,0.026832579,0.7218276,0.003598655,0.073345274,0.003980221,0.6516003,0.030141842,null,null,null,null,"TWOGAUSSIANS",8,7.1994057,0.7218276,0.003598655,0.4,0.0,0.6502694,0.030262519,0.2295119,0.0031157807,0.3598089,0.019131795,0.55025625,0.026842438
375316653866487564,1803560602722809728,0.4570876,2215.8396104781978,1.4829715410089817,1.0340498E-4,18.264883,0.008203621,0.30362478,0.023138069,0.024344984,0.023597028,0.30967206,1.12546624E9,null,null,null,null,null,null,0.03626757,0.008828647,0.30362478,0.023138069,"ONEGAUSSIAN_WITH_ELLIPSOIDAL",6,18.513927,0.30362478,0.023138069,0.13633192,0.13214335,0.38220719,1.12546624E9,null,null,null,null,null,null
375316653866487564,1803561977112365056,0.56375414,2224.165421936072,4.140367498103863,1.38808655E-5,18.83925,0.010276016,0.18022093,0.0035571882,0.07662313,0.0037435251,0.46461865,0.021655561,0.6801487,0.003653346,0.08601021,0.0057913098,0.40412,0.011497797,null,null,null,null,"TWOGAUSSIANS",8,3.9126852,0.18022093,0.0035571882,0.4,0.0,0.45699978,0.021504913,0.6801487,0.003653346,0.4,0.0,0.3965011,0.010824519
375316653866487564,1803562634245817600,0.4793743,2202.9440892414755,0.2531113385746252,3.905619E-5,15.047542,5.3848466E-4,0.21810341,0.015436579,0.04495515,0.015082018,0.12502742,0.010861549,0.4190437,0.016869923,0.01315638,0.014048433,0.013031907,165747.4,null,null,null,null,"TWOGAUSSIANS",8,8.916529,0.21810341,0.015436579,0.25174883,0.084459305,0.12502742,0.010861549,0.4190437,0.016869923,0.07367573,0.078671224,0.013037643,165747.4
375316653866487564,1803563282782492928,0.5766214,2198.455917191791,3.005294739380688,8.049418E-6,17.119827,0.007463103,0.29382336,0.002040684,0.04133093,0.009667155,0.14924845,0.038390756,0.778162,0.025165103,0.014730597,0.011983356,0.36791587,12.422035,0.15069023,0.010684802,0.29382336,0.002040684,"TWOGAUSSIANS_WITH_ELLIPSOIDAL_ON_ECLIPSE1",9,18.508492,0.778382,0.025172487,0.08249134,0.0671068,0.66642666,12.423011,0.29382336,0.002040684,0.23145321,0.05413607,0.4506283,0.04442459
375316653866487564,1803564077354867584,0.58884084,2242.9778447224153,2.4926422867692692,2.2546008E-5,15.177744,0.031719033,0.30211258,0.0022564593,0.09583382,0.006654416,0.47313875,0.031558827,0.79578334,0.0033793864,0.105402306,0.009834441,0.4641558,0.030142352,null,null,null,null,"TWOGAUSSIANS",8,133.68327,0.30211258,0.0022567587,0.4,0.0,0.43367478,0.019444903,0.79578334,0.0033793864,0.4,0.0,0.42468053,0.010583529
375316653866487564,1803565760985164288,0.5717293,2202.093709145341,3.3361631551580166,9.504113E-6,16.981005,0.027247533,0.27228498,0.0028026586,0.100558676,0.01089461,0.24761812,0.02470317,0.76847434,0.006598067,0.107152015,0.017852165,0.20937388,0.02272412,null,null,null,null,"TWOGAUSSIANS",8,6.692257,0.27228498,0.0028163346,0.4,0.0,0.22369844,0.008798574,0.76847434,0.006598067,0.4,0.0,0.18544842,0.008469366
375316653866487564,1803566993634415872,0.50497717,2257.8324366495053,0.07105579555115193,3.3661192E-5,17.663633,0.36583763,0.26467872,0.0056129154,0.26144284,0.15284209,0.36001566,0.3606038,0.78326046,0.008485554,0.11475276,0.013947458,0.26954195,0.1075744,null,null,null,null,"TWOGAUSSIANS",8,2.2283287,0.78848046,0.005272041,0.4,0.0,0.1458857,0.015007295,0.26446873,0.00545894,0.4,0.0,0.12024989,0.006781561
375316653866487564,1803567371598139520,0.49044624,2259.701649559354,3.0418667580076484,3.2782336E-5,18.44593,0.008631595,0.3261396,0.010242445,0.084925845,0.009660054,0.17123686,0.012483285,0.82862204,0.004325242,0.089671895,0.0075884513,0.16573142,0.010272855,null,null,null,null,"TWOGAUSSIANS",8,2.788094,0.3261396,0.010242445,0.4,0.0,0.16588345,0.011676431,0.82862204,0.004325242,0.4,0.0,0.16037796,0.009718532
375316653866487564,1803569403117410816,0.4372775,2202.468157764172,4.176063325734369,1.3394732E-4,17.095547,0.0041152933,0.3918174,0.028964022,0.026297718,0.025391828,0.08877996,0.06510194,0.622546,0.008142136,0.05551313,0.008580918,0.16141784,0.018906273,null,null,null,null,"TWOGAUSSIANS",8,4.6094656,0.622546,0.008142136,0.31087354,0.048053145,0.16141784,0.01890628,0.3918374,0.028979037,0.14726722,0.14219424,0.08880861,0.06510242
375316653866487564,1803571395972946304,0.54387957,2161.683583484293,4.085062403931867,7.5701637E-6,19.344862,0.0060898457,0.25015563,0.0020557866,0.07379229,0.004051115,0.30289665,0.012284308,0.7537377,0.005854149,0.07566673,0.0055909967,0.36882713,0.023061676,null,null,null,null,"TWOGAUSSIANS",8,0.78602713,0.7537377,0.005854149,0.4,0.0,0.3665349,0.023442684,0.25015563,0.0020557866,0.4,0.0,0.3006044,0.012541542
375316653866487564,1803572285033735552,0.4662705,2209.2725338596447,0.33358121291662407,5.220844E-5,18.671528,0.008156068,0.24771331,0.020262035,0.10731085,0.025021356,0.12372919,0.015141423,0.7198507,0.028845178,0.016606096,0.024835011,0.03850217,0.052551076,null,null,null,null,"TWOGAUSSIANS",8,1.9866467,0.24771331,0.020262035,0.4,0.0,0.12371091,0.015189368,0.7198507,0.028845178,0.09299414,0.13907605,0.03849232,0.052604124
375316653866487564,1803573384546312320,0.50366104,2222.9830835968005,1.8913649527260832,7.804069E-5,18.598665,0.026038533,0.24413553,0.009407226,0.06670454,0.015199504,0.40370405,0.034523133,0.75260454,0.0049750423,0.042746235,0.0067902757,0.35509938,0.035426706,null,null,null,null,"TWOGAUSSIANS",8,16.366787,0.24413553,0.009407226,0.37354544,0.056576263,0.4036886,0.034538444,0.75260454,0.0049750423,0.23937891,0.038025543,0.35508394,0.035398874
375316653866487564,1803574930734605440,0.6219185,2170.4102365514063,1.0353198133206791,8.831533E-6,16.992226,0.0031098002,0.3004235,7.248942E-4,0.032174196,0.0013636784,0.56324923,0.02058801,0.80072147,0.0039007065,0.033346705,0.0028179304,0.31324401,0.018868469,null,null,null,null,"TWOGAUSSIANS",8,11.312437,0.3004235,7.248942E-4,0.18017548,0.007636599,0.56324923,0.02058801,0.80072147,0.0039007065,0.18674155,0.01578041,0.31324401,0.018868469
375316653866487564,1803575686647862016,0.47723764,2210.5903762285243,1.3397421272438141,3.7339607E-5,17.065977,0.0022896803,0.24383886,0.0059760776,0.05566418,0.0068745906,0.029623516,0.00370161,0.74189067,0.016937925,0.045439973,0.03413382,0.103898086,0.057199173,null,null,null,null,"TWOGAUSSIANS",8,2.707779,0.74189067,0.016937925,0.25446385,0.14309223,0.10389763,0.057278574,0.24383886,0.0059760776,0.31171942,0.038497705,0.029623061,0.0036714242
375316653866487564,1803578572866638208,0.62778693,2214.7142663941527,0.7346653552160808,4.1624003E-6,16.544579,0.0022615665,0.20813575,0.017685156,0.027951134,0.026031133,0.08647048,6.3952373E13,0.70569265,3.545557E-4,0.028047817,3.6828077E-4,0.5161816,0.006779799,0.014163741,0.004063297,0.20813575,0.017685156,"TWOGAUSSIANS_WITH_ELLIPSOIDAL_ON_ECLIPSE1",9,8.246487,0.70570266,3.140234E-4,0.15706778,0.0020623724,0.5445024,0.00688305,0.20813575,0.017685156,0.15652636,0.14577435,0.11479793,6.3952373E13
375316653866487564,1803578950823772544,0.5139462,2207.581964384729,3.13885830331184,1.7296981E-5,17.760113,0.020487633,0.22574832,0.0054175626,0.09686236,0.018382745,0.13330412,0.018377079,0.7285983,0.008168018,0.10656018,0.018135848,0.14842004,0.019705912,null,null,null,null,"TWOGAUSSIANS",8,3.7024393,0.7285983,0.008168018,0.4,0.0,0.13514806,0.0069140927,0.22574832,0.005415331,0.4,0.0,0.12003665,0.013303434
375316653866487564,1803581119785136128,0.59936255,2219.6022701713005,3.787011179675566,1.1147309E-5,16.933306,0.008205742,0.2691826,0.0051974277,0.08468256,0.0053297384,0.3861559,0.017882762,0.77734494,0.004858044,0.08632613,0.0054342817,0.28873426,0.014293474,null,null,null,null,"TWOGAUSSIANS",8,10.688778,0.2691826,0.0051974277,0.4,0.0,0.37810314,0.017305553,0.77734494,0.004858044,0.4,0.0,0.28068146,0.0137471
375316653866487564,1803581252924517888,0.6327724,2255.884801223135,0.5405716398805683,3.205773E-6,18.424084,0.0017766492,0.41616443,1.0429172E-6,0.009241421,2.3661836E-5,3.6507187,0.022310901,0.95751244,0.0031536901,0.004779686,0.002012536,0.024970463,0.004015141,null,null,null,null,"TWOGAUSSIANS",8,1.2011654,0.41616443,1.0429172E-6,0.051751956,1.3250628E-4,3.6507187,0.022310901,0.95751244,0.0031536901,0.026766244,0.011270201,0.024970463,0.004015141
