Gaia/vari_eclipsing_binary/VariEclipsingBinary_743870-746018.csv
# %ECSV 1.0
# ---
# delimiter: ','
# meta: !!omap
# - RELEASE: Gaia DR3
# - TABLE: vari_eclipsing_binary
# - DESCRIPTION: >
#     This table describes the properties of the eclipsing binaries resulting from the variability analysis. 
# - CITATION: >
#     How to cite and acknowledge Gaia: 
#     https://gea.esac.esa.int/archive/documentation/credits.html 
# - KNOWN_ISSUES: >
#     Known issues: 
#     https://www.cosmos.esa.int/web/gaia-users/known-issues 
# - DOCUMENTATION: >
#     Tutorials and documentation: 
#     https://www.cosmos.esa.int/web/gaia-users/archive 
# datatype:
# - 
#   name: solution_id
#   datatype: int64
#   description: Solution Identifier
#   meta:
#     ucd: meta.version
# - 
#   name: source_id
#   datatype: int64
#   description: Unique source identifier
#   meta:
#     ucd: meta.id;meta.main
# - 
#   name: global_ranking
#   datatype: float32
#   description: Number between 0 (worst) and 1 (best)
#   meta:
#     ucd: stat.param
# - 
#   name: reference_time
#   datatype: float64
#   unit: d
#   description: Reference time used for the geometric model fit
#   meta:
#     ucd: time.epoch
# - 
#   name: frequency
#   datatype: float64
#   unit: d**-1
#   description: Frequency of geometric model of the eclipsing binary light curve
#   meta:
#     ucd: src.orbital
# - 
#   name: frequency_error
#   datatype: float32
#   unit: d**-1
#   description: "Uncertainty of \\texttt{frequency}"
#   meta:
#     ucd: stat.error
# - 
#   name: geom_model_reference_level
#   datatype: float32
#   unit: mag
#   description: Magnitude reference level of geometric model
#   meta:
#     ucd: phot.mag;em.opt
# - 
#   name: geom_model_reference_level_error
#   datatype: float32
#   unit: mag
#   description: "Uncertainty of \\texttt{geomModelReferenceLevel}"
#   meta:
#     ucd: stat.error;phot.mag;em.opt
# - 
#   name: geom_model_gaussian1_phase
#   datatype: float32
#   description: Phase of the Gaussian 1 component
#   meta:
#     ucd: time.phase
# - 
#   name: geom_model_gaussian1_phase_error
#   datatype: float32
#   description: "Uncertainty of \\texttt{geomModelGaussian1Phase}"
#   meta:
#     ucd: stat.error;time.phase
# - 
#   name: geom_model_gaussian1_sigma
#   datatype: float32
#   description: "Standard deviation [phase] of Gaussian 1 component"
#   meta:
#     ucd: stat.stdev
# - 
#   name: geom_model_gaussian1_sigma_error
#   datatype: float32
#   description: "Uncertainty of \\texttt{geomModelGaussian1Sigma}"
#   meta:
#     ucd: stat.error
# - 
#   name: geom_model_gaussian1_depth
#   datatype: float32
#   unit: mag
#   description: Magnitude depth of Gaussian 1 component
#   meta:
#     ucd: src.var.amplitude
# - 
#   name: geom_model_gaussian1_depth_error
#   datatype: float32
#   unit: mag
#   description: "Uncertainty of \\texttt{geomModelGaussian1Depth}"
#   meta:
#     ucd: stat.error;src.var.amplitude
# - 
#   name: geom_model_gaussian2_phase
#   datatype: float32
#   description: Phase of Gaussian 2 component
#   meta:
#     ucd: time.phase
# - 
#   name: geom_model_gaussian2_phase_error
#   datatype: float32
#   description: "Uncertainty of \\texttt{geomModelGaussian2Phase}"
#   meta:
#     ucd: stat.error;time.phase
# - 
#   name: geom_model_gaussian2_sigma
#   datatype: float32
[...]
#   datatype: float32
#   description: "Secondary eclipse: uncertainty of \\texttt{derivedSecondaryEclDuration}"
#   meta:
#     ucd: stat.error;time.duration
# - 
#   name: derived_secondary_ecl_depth
#   datatype: float32
#   unit: mag
#   description: "Secondary eclipse: depth"
#   meta:
#     ucd: src.var.amplitude
# - 
#   name: derived_secondary_ecl_depth_error
#   datatype: float32
#   unit: mag
#   description: "Secondary eclipse: uncertainty of \\texttt{derivedSecondaryEclDepth}"
#   meta:
#     ucd: stat.error;src.var.amplitude
solution_id,source_id,global_ranking,reference_time,frequency,frequency_error,geom_model_reference_level,geom_model_reference_level_error,geom_model_gaussian1_phase,geom_model_gaussian1_phase_error,geom_model_gaussian1_sigma,geom_model_gaussian1_sigma_error,geom_model_gaussian1_depth,geom_model_gaussian1_depth_error,geom_model_gaussian2_phase,geom_model_gaussian2_phase_error,geom_model_gaussian2_sigma,geom_model_gaussian2_sigma_error,geom_model_gaussian2_depth,geom_model_gaussian2_depth_error,geom_model_cosine_half_period_amplitude,geom_model_cosine_half_period_amplitude_error,geom_model_cosine_half_period_phase,geom_model_cosine_half_period_phase_error,model_type,num_model_parameters,reduced_chi2,derived_primary_ecl_phase,derived_primary_ecl_phase_error,derived_primary_ecl_duration,derived_primary_ecl_duration_error,derived_primary_ecl_depth,derived_primary_ecl_depth_error,derived_secondary_ecl_phase,derived_secondary_ecl_phase_error,derived_secondary_ecl_duration,derived_secondary_ecl_duration_error,derived_secondary_ecl_depth,derived_secondary_ecl_depth_error
[from data line 72]
375316653866487564,6548519529356857088,0.5768219,2264.879664709288,3.055843349453199,1.4040864E-5,15.537831,0.010957914,0.22665232,0.0038119813,0.09921648,0.0068994425,0.15021326,0.011483402,0.71774536,0.0024090917,0.08982461,0.00530635,0.2698176,0.013013324,null,null,null,null,"TWOGAUSSIANS",8,28.541079,0.71774536,0.0024090917,0.4,0.0,0.25933856,0.012010226,0.22665232,0.0038119813,0.4,0.0,0.13973333,0.009133065
375316653866487564,6548605699286186240,0.655518,2284.4395654387304,4.566001912649404,4.428197E-6,18.507063,0.0066830483,0.23629428,0.0021057967,0.037249867,0.0042231553,0.4463566,0.014906328,0.7323732,0.0025435993,0.0417712,0.0025349997,0.49510896,0.037941664,0.17122121,0.009280712,0.23629428,0.0021057967,"TWOGAUSSIANS_WITH_ELLIPSOIDAL_ON_ECLIPSE1",9,2.2488914,0.73271316,0.002271417,0.23391871,0.014195998,0.8373611,0.035738565,0.23629428,0.0021057967,0.20859927,0.02364967,0.7887985,0.027768897
375316653866487564,6548745405981651328,0.55537844,2281.9737139558433,1.1472934849243992,2.1737158E-5,17.543056,0.0018400812,0.30274752,0.009770597,0.068004906,0.020253476,0.011724623,0.0020703073,0.6822032,0.013817266,0.022208868,0.008977365,0.21548462,0.49261647,null,null,null,null,"TWOGAUSSIANS",8,0.9828834,0.6822032,0.013817266,0.12436966,0.05027324,0.21548462,0.49261644,0.30274752,0.009770597,0.38082746,0.092474945,0.011724623,0.0020703073
375316653866487564,6548747540580793344,0.55586684,2278.0689845501643,2.6901479594162807,1.2926954E-5,14.9670315,0.0057266206,0.22469664,0.0029607508,0.02145346,0.005921076,0.07507036,0.014271315,0.73102427,0.010737388,0.04422347,0.033883918,0.061130013,0.037495315,0.08157726,0.009021245,0.22469664,0.0029607508,"TWOGAUSSIANS_WITH_ELLIPSOIDAL_ON_ECLIPSE1",9,83.63205,0.22469664,0.0029607508,0.12013938,0.033158027,0.23822457,0.008466413,0.73102427,0.010737388,0.24765143,0.1588095,0.22402646,0.032036226
375316653866487564,6548773207305379072,0.5572237,2279.5972499633026,4.299347819849906,1.1975728E-5,18.509737,0.012828886,0.27916166,0.0036475072,0.072730795,0.0046790866,0.5622136,0.01943606,0.7699443,0.0041102455,0.07196048,0.004890308,0.5379644,0.017535472,null,null,null,null,"TWOGAUSSIANS",8,5.6907277,0.27916166,0.0036475072,0.4,0.005042147,0.5599651,0.019358335,0.7699443,0.0041102455,0.4,0.0074766586,0.53571594,0.017139513
375316653866487564,6548800965678738176,0.592124,2263.9933910282452,4.14745758743051,1.6340822E-5,16.328037,0.011401316,0.25669852,0.004446005,0.09165135,0.009709035,0.27045864,0.009723044,0.7707773,0.0029014805,0.08773627,0.006665232,0.2627209,0.012827565,null,null,null,null,"TWOGAUSSIANS",8,15.545119,0.25669852,0.004446005,0.4,0.0,0.261677,0.0060975617,0.7707773,0.0029014805,0.4,0.0,0.25393948,0.012551549
375316653866487564,6548910405740776448,0.46182743,2301.5913317527347,1.827827556053853,1.0010437E-4,17.955557,0.028940694,0.3178708,0.07603541,0.047470234,0.06689951,0.12777676,0.03344635,0.73213184,0.008205658,0.037761398,0.010556493,0.59346527,0.09523949,null,null,null,null,"TWOGAUSSIANS",8,6.0675406,0.73213184,0.008205658,0.21146382,0.05911636,0.59346527,0.09521985,0.3178708,0.07603541,0.26583332,0.22162235,0.12777676,0.033370197
375316653866487564,6548924179700375424,0.50998205,2282.778805533619,0.02657323431955492,6.8443524E-6,16.920969,0.0021242315,0.14245671,0.0028615107,0.007126176,0.0022747414,0.18402632,0.031170473,0.6676049,0.028400313,0.0442924,0.018189346,0.3092436,0.87370807,null,null,null,null,"TWOGAUSSIANS",8,4.4540706,0.6676049,0.028400313,0.24803744,0.101860344,0.3092436,0.87370807,0.14245671,0.0028615107,0.039906584,0.012738553,0.18402632,0.031170473
375316653866487564,6548976582596786432,0.42698666,2253.0004826308827,2.0460985745207605,1.1670418E-4,16.855537,0.006204748,0.26597926,0.044801872,0.007126053,0.024268469,0.2290911,0.95164096,0.7854882,0.021149836,0.111550584,0.026407883,0.03708305,0.0077610565,null,null,null,null,"TWOGAUSSIANS",8,4.7482853,0.26597926,0.044801872,0.0399059,0.13590342,0.22909105,0.95162034,0.7854882,0.021149836,0.4,0.0,0.037078805,0.00773988
375316653866487564,6549015507885183360,0.49535048,2270.403842823018,3.721247118347831,2.8813038E-5,18.104498,0.028203614,0.26380846,0.005712219,0.10138802,0.018518483,0.1916078,0.029342616,0.7737883,0.008010221,0.09458732,0.014391606,0.20694645,0.028108032,null,null,null,null,"TWOGAUSSIANS",8,6.820883,0.7737883,0.008016025,0.4,0.0,0.19350094,0.016728822,0.26380846,0.005712219,0.4,0.0,0.17816044,0.023493102
375316653866487564,6549059900667486848,0.62991464,2282.234586479435,0.8766547924971276,9.861759E-6,17.307878,0.0021163335,0.16750906,0.0050018197,0.024045665,0.0036118538,0.25075972,0.019532137,0.6670153,0.0016718108,0.023951095,0.0018968252,0.6863454,0.017159255,0.028226923,0.0046396963,0.16750906,0.0050018197,"TWOGAUSSIANS_WITH_ELLIPSOIDAL_ON_ECLIPSE1",9,5.2443037,0.6670153,0.0016715275,0.13412613,0.010622221,0.7427987,0.018439233,0.16750906,0.0050018197,0.13465573,0.020226382,0.30721354,0.017909538
375316653866487564,6549130131972156288,0.5844308,2255.32402172834,3.0856504888075427,1.2692999E-5,16.741781,0.0020285654,0.27074724,0.002860269,0.03742885,0.0025497347,0.5875109,0.021158753,null,null,null,null,null,null,null,null,null,null,"ONEGAUSSIAN",5,13.639048,0.27074724,0.002860269,0.20960155,0.014278513,0.5875109,0.0,null,null,null,null,null,null
375316653866487564,6549267261687857664,0.5316324,2242.624752274392,3.8280101542703515,1.6520466E-5,11.693804,0.14370911,0.19422589,0.002818318,0.21840104,0.03992471,0.93056375,0.13480946,0.69219965,0.0029341248,0.1856865,0.03295067,0.87343043,0.19206569,null,null,null,null,"TWOGAUSSIANS",8,191.99936,0.69219965,0.0029341248,0.4,0.0,0.17512272,0.009591347,0.19577588,0.0035319112,0.4,0.0,0.14343512,0.010590195
375316653866487564,6549417933436000640,0.50037545,2281.7004432689137,0.44463648865547545,2.7579974E-4,13.699554,0.00465082,0.22409752,0.00842452,0.034408737,0.006777762,0.61507934,0.25566012,0.6911485,0.046306536,0.08006118,0.034005087,0.081435926,0.03134897,null,null,null,null,"TWOGAUSSIANS",8,1491.0183,0.22409752,0.00842452,0.19268893,0.037955467,0.61507416,0.25567156,0.6911485,0.046306536,0.4,0.07832394,0.081430726,0.03135035
375316653866487564,6549461703447584768,0.49736536,2270.792930191661,0.4629086101367295,1.6612215E-4,19.389006,0.017091233,0.50772125,0.05533347,0.028813489,0.030812848,1.2191119,4.01326361E15,0.7994741,0.029459804,0.105207995,0.041054405,0.059950344,0.033436965,null,null,null,null,"TWOGAUSSIANS",8,3.312784,0.5077412,0.055311024,0.16135554,0.17255194,1.2203928,4.01326361E15,0.7994741,0.029459804,0.4,0.0,0.05994885,0.033436485
375316653866487564,6549526677713082752,0.4879874,2251.875716547641,0.19304972050459204,6.6016095E-5,18.626528,0.0056816246,0.1876618,0.009873813,0.045934238,0.008405925,0.13110386,0.020285439,0.71254474,0.08018956,0.094371624,0.052725296,0.13357472,0.07476983,null,null,null,null,"TWOGAUSSIANS",8,2.2597785,0.71254474,0.08018956,0.4,0.1550204,0.13334721,0.074799426,0.1876618,0.009873813,0.25723174,0.047073178,0.1308768,0.020360013
375316653866487564,6549576984665010432,0.5646903,2232.7144426979057,0.3378091125309434,1.8619878E-5,14.334882,0.001984587,0.19078648,0.011103591,0.03063222,0.0060726157,0.00815211,0.0033879909,0.6487623,9.871551E-5,0.014704628,1.7801613E-4,0.26439083,0.0017756579,null,null,null,null,"TWOGAUSSIANS",8,44.37316,0.6487623,9.871551E-5,0.08234592,9.968904E-4,0.26439083,0.0017756579,0.19078648,0.011103591,0.17154044,0.034006648,0.00815211,0.0033879909
375316653866487564,6549786368616003328,0.4994992,2243.6162637612124,4.840760553708065,2.7108947E-5,19.88523,0.00857946,0.30473685,0.004776454,0.043289997,0.0054787425,0.45768198,0.06640306,0.81537014,0.0069072824,0.062831566,0.007161438,0.18699065,0.018161824,null,null,null,null,"TWOGAUSSIANS",8,1.5119519,0.30473685,0.004776454,0.24242398,0.030680958,0.45767704,0.066411465,0.81537014,0.0069072824,0.35185677,0.040104054,0.18698572,0.018164009
375316653866487564,6549790457424858240,0.59778297,2263.7156458544987,3.320739085960326,1.0617999E-5,15.618691,0.0062916344,0.28337744,0.0028205637,0.06429655,0.0028156848,0.5236026,0.012590157,0.7869402,0.0070659253,0.07608697,0.0058753947,0.38999227,0.05654412,null,null,null,null,"TWOGAUSSIANS",8,102.59685,0.28337744,0.0028205637,0.3600607,0.015767835,0.52217627,0.012462073,0.7869402,0.0070659253,0.4,0.0,0.3885659,0.056860354
375316653866487564,6550143194498392448,0.53277,2267.7232009008903,0.1649209695703357,7.908852E-5,17.703302,0.0023655056,0.30378908,0.11631105,0.10120909,0.07733276,0.025897482,0.012206736,0.5762347,0.0066926614,0.058811538,0.008489519,0.12395935,0.01750352,null,null,null,null,"TWOGAUSSIANS",8,2.5259874,0.5762347,0.0066926614,0.3293446,0.04754131,0.12464793,0.0034202712,0.30387908,0.27249533,0.4,0.08509202,0.025897386,0.09615459
375316653866487564,6550176424660468352,0.63431555,2340.6257557345034,2.9504675189963567,6.0709563E-6,17.148336,0.0030151296,0.39562663,0.0048615774,0.03955783,0.0038678364,0.6166834,0.041227423,null,null,null,null,null,null,null,null,null,null,"ONEGAUSSIAN",5,8.852194,0.39562663,0.0048615774,0.22152384,0.021659885,0.6166834,0.0,null,null,null,null,null,null
375316653866487564,6550289605638584576,0.5811545,2264.932750296519,2.6922353207786824,1.2386526E-5,13.752863,0.010770914,0.25070632,0.0069559813,0.045721292,0.0062198564,0.16683646,0.028242376,0.7619115,0.002595694,0.047014903,0.0066881124,0.14321563,0.02773222,0.10033062,0.01701148,0.7619115,0.002595694,"TWOGAUSSIANS_WITH_ELLIPSOIDAL_ON_ECLIPSE2",9,292.9747,0.2525563,0.0056456937,0.25603923,0.034831196,0.36666828,0.018151846,0.7619115,0.002595694,0.26328346,0.03745343,0.34387648,0.009315109
375316653866487564,6550319155013332864,0.46885446,2318.220939652458,2.0162185711742278,6.233106E-5,19.095324,0.09506488,0.28310984,0.013758955,0.083493605,0.042973965,0.56750333,0.10294456,0.79838055,0.016785873,0.08350349,0.023259733,0.46357873,0.15662801,null,null,null,null,"TWOGAUSSIANS",8,2.2489629,0.28310984,0.013758955,0.4,0.0,0.55872303,0.14066406,0.79838055,0.016778097,0.4,0.0,0.45479846,0.14384604
375316653866487564,6550635569549871232,0.48154104,2276.903675392804,0.10912209394816076,8.7862514E-5,19.783695,0.23419233,0.06776195,0.85861236,0.07338728,0.054572128,0.33597255,0.20391715,0.46849424,0.116369404,0.12101625,0.15665005,0.37942305,0.19623752,null,null,null,null,"TWOGAUSSIANS",8,2.263013,0.46849424,0.116369404,0.4,0.0,0.37335786,0.07199044,0.068461955,0.8599602,0.4,0.26302373,0.33150193,0.16408293
375316653866487564,6550744700373047424,0.46118635,2318.212638054793,1.2019816720886276,7.426403E-5,18.66757,0.2994092,0.10486191,0.114652984,0.13875106,0.1387564,0.06856355,0.2566091,0.5476337,0.027197734,0.15904585,0.0795131,0.19323395,0.27232918,null,null,null,null,"TWOGAUSSIANS",8,4.8326273,0.5476337,0.027197734,0.4,0.0,0.15399991,0.01919902,0.1345019,0.39095062,0.4,0.045132067,0.034174185,0.11298348
375316653866487564,6550787959283913984,0.57393837,2217.2028872638916,2.975939294829251,1.1704457E-5,9.350974,0.016424645,0.17833519,0.04587593,0.04985225,0.0391258,0.3519891,4.614921,0.6892039,0.0030299805,0.038268406,0.011436976,0.31740156,0.106448784,0.15371688,0.03580938,0.6892039,0.0030299805,"TWOGAUSSIANS_WITH_ELLIPSOIDAL_ON_ECLIPSE2",9,1113.2404,0.17992519,0.045285985,0.2791726,0.21910448,0.6581991,4.614913,0.6892039,0.0030299805,0.21430308,0.06404706,0.62483424,0.11855264
375316653866487564,6550797133334069632,0.7219485,2240.253401803869,2.4444898775747066,5.1467764E-6,13.576449,0.003511649,0.26587337,0.0043813963,0.051616564,0.0047289254,0.07032109,0.009574132,0.7722552,9.985794E-4,0.051800154,0.0046380837,0.057555594,0.007466839,0.085534714,0.003909927,0.7722552,9.985794E-4,"TWOGAUSSIANS_WITH_ELLIPSOIDAL_ON_ECLIPSE2",9,7.597601,0.26803336,0.0029165994,0.28905275,0.026481984,0.24120733,0.006965266,0.7722552,9.985794E-4,0.29008088,0.02597327,0.22862373,0.002281321
375316653866487564,6550869082626286336,0.61476517,2313.8563351919706,3.3661320567115416,4.786172E-6,18.83456,0.009570146,0.24210235,0.009407433,0.08777286,0.01601198,0.18262452,0.0202038,0.72531384,0.0012057542,0.06631078,0.0022683945,0.4713801,0.009852051,null,null,null,null,"TWOGAUSSIANS",8,0.9547248,0.72531384,0.0012057542,0.37134033,0.012703009,0.46945167,0.008929197,0.24210235,0.009407433,0.4,0.0,0.18069603,0.021385984
375316653866487564,6551088224742735232,0.61124384,2292.5590982892913,4.493758486004996,5.5080227E-6,18.577406,0.0055852784,0.2734638,0.0018344148,0.07001071,0.0021540641,0.6604994,0.015440749,0.7782318,0.0016043821,0.069475725,0.0017686568,0.60099703,0.020603966,null,null,null,null,"TWOGAUSSIANS",8,2.5410073,0.2734638,0.0018344148,0.39205995,0.012062759,0.6586929,0.015638566,0.7782318,0.0016043821,0.38906404,0.009904479,0.5991906,0.020716755
375316653866487564,6551220170433043968,0.47699094,2277.711763741612,2.5033585675833856,5.2495066E-5,16.263582,0.033683054,0.32277584,0.0250692,0.08342896,0.08188125,0.13060059,0.24189223,0.8098204,0.010698059,0.0988786,0.026521267,0.11266553,0.03276194,null,null,null,null,"TWOGAUSSIANS",8,39.88711,0.32277584,0.02511744,0.4,0.048025105,0.12602283,0.2535189,0.8098204,0.010698059,0.4,0.0,0.108087,0.010696159
375316653866487564,6551247379050799360,0.5067956,2280.7229861020705,0.026580295880869874,3.7882284E-5,18.538643,0.023488555,0.27962613,0.013537532,0.051000148,0.023222655,0.31088677,0.18166757,0.6968379,0.042519953,0.15428805,0.05515714,0.17134878,0.017725775,null,null,null,null,"TWOGAUSSIANS",8,2.487084,0.28025612,0.013564274,0.28560084,0.115209915,0.30936733,0.18377213,0.6968379,0.042519953,0.4,0.0,0.16524293,0.012246829
375316653866487564,6551279539765683712,0.48657095,2335.91984494434,0.029301610283519988,2.8858534E-5,11.973784,0.0011320079,0.39542365,0.006905301,0.067828566,0.011366559,0.046154507,0.028542338,0.74138695,0.03422617,0.06033247,0.013549862,0.108922556,0.015340842,null,null,null,null,"TWOGAUSSIANS",8,13.002299,0.74138695,0.03422617,0.3378618,0.07587923,0.108922355,0.01533965,0.39542365,0.006905301,0.37984,0.059994843,0.04615421,0.028542824
375316653866487564,6551330220380015104,0.516169,2283.5263480040694,0.054662704924375076,2.5020137E-5,18.981012,0.004353545,0.3690929,0.008098661,0.046763405,0.019813497,0.17429385,0.031172939,0.82751435,2.7499945E-4,0.02257463,0.0011778227,1.5528088,0.36657718,null,null,null,null,"TWOGAUSSIANS",8,1.7878758,0.82751435,2.7499945E-4,0.12641792,0.006595807,1.5528088,0.36657718,0.3690929,0.008098661,0.26187506,0.11095558,0.17429385,0.03117294
375316653866487564,6551370563007731200,0.6154792,2254.7209794778823,3.730267331713723,9.738441E-6,16.140015,0.028827377,0.28116694,0.0019360519,0.05988888,0.005614254,0.43507844,0.06289706,0.77246577,0.01647634,0.05037993,0.011815268,0.37018892,0.110071614,0.13247691,0.034708347,0.28116694,0.0019360519,"TWOGAUSSIANS_WITH_ELLIPSOIDAL_ON_ECLIPSE1",9,50.44984,0.28116694,0.0019360519,0.33537775,0.031439822,0.6999605,0.021894094,0.77355576,0.013680869,0.2821276,0.0661655,0.63437885,0.11826149
375316653866487564,6551431272370179456,0.5240272,2309.639920488639,1.9098224712683185,7.210924E-5,18.176851,0.0023564252,0.27120087,0.0010331871,0.0279612,0.003497634,0.050552014,0.016159805,0.8002703,0.042552717,0.02222145,0.06814624,0.27918026,0.32472456,null,null,null,null,"TWOGAUSSIANS",8,0.9095621,0.8002703,0.042552717,0.12444012,0.27465186,0.27918026,0.32473218,0.27120087,0.0010331871,0.15658273,0.019586751,0.050552014,0.016160365
