Gaia/vari_eclipsing_binary/VariEclipsingBinary_207228-207268.csv
# %ECSV 1.0
# ---
# delimiter: ','
# meta: !!omap
# - RELEASE: Gaia DR3
# - TABLE: vari_eclipsing_binary
# - DESCRIPTION: >
#     This table describes the properties of the eclipsing binaries resulting from the variability analysis. 
# - CITATION: >
#     How to cite and acknowledge Gaia: 
#     https://gea.esac.esa.int/archive/documentation/credits.html 
# - KNOWN_ISSUES: >
#     Known issues: 
#     https://www.cosmos.esa.int/web/gaia-users/known-issues 
# - DOCUMENTATION: >
#     Tutorials and documentation: 
#     https://www.cosmos.esa.int/web/gaia-users/archive 
# datatype:
# - 
#   name: solution_id
#   datatype: int64
#   description: Solution Identifier
#   meta:
#     ucd: meta.version
# - 
#   name: source_id
#   datatype: int64
#   description: Unique source identifier
#   meta:
#     ucd: meta.id;meta.main
# - 
#   name: global_ranking
#   datatype: float32
#   description: Number between 0 (worst) and 1 (best)
#   meta:
#     ucd: stat.param
# - 
#   name: reference_time
#   datatype: float64
#   unit: d
#   description: Reference time used for the geometric model fit
#   meta:
#     ucd: time.epoch
# - 
#   name: frequency
#   datatype: float64
#   unit: d**-1
#   description: Frequency of geometric model of the eclipsing binary light curve
#   meta:
#     ucd: src.orbital
# - 
#   name: frequency_error
#   datatype: float32
#   unit: d**-1
#   description: "Uncertainty of \\texttt{frequency}"
#   meta:
#     ucd: stat.error
# - 
#   name: geom_model_reference_level
#   datatype: float32
#   unit: mag
#   description: Magnitude reference level of geometric model
#   meta:
#     ucd: phot.mag;em.opt
# - 
#   name: geom_model_reference_level_error
#   datatype: float32
#   unit: mag
#   description: "Uncertainty of \\texttt{geomModelReferenceLevel}"
#   meta:
#     ucd: stat.error;phot.mag;em.opt
# - 
#   name: geom_model_gaussian1_phase
#   datatype: float32
#   description: Phase of the Gaussian 1 component
#   meta:
#     ucd: time.phase
# - 
#   name: geom_model_gaussian1_phase_error
#   datatype: float32
#   description: "Uncertainty of \\texttt{geomModelGaussian1Phase}"
#   meta:
#     ucd: stat.error;time.phase
# - 
#   name: geom_model_gaussian1_sigma
#   datatype: float32
#   description: "Standard deviation [phase] of Gaussian 1 component"
#   meta:
#     ucd: stat.stdev
# - 
#   name: geom_model_gaussian1_sigma_error
#   datatype: float32
#   description: "Uncertainty of \\texttt{geomModelGaussian1Sigma}"
#   meta:
#     ucd: stat.error
# - 
#   name: geom_model_gaussian1_depth
#   datatype: float32
#   unit: mag
#   description: Magnitude depth of Gaussian 1 component
#   meta:
#     ucd: src.var.amplitude
# - 
#   name: geom_model_gaussian1_depth_error
#   datatype: float32
#   unit: mag
#   description: "Uncertainty of \\texttt{geomModelGaussian1Depth}"
#   meta:
#     ucd: stat.error;src.var.amplitude
# - 
#   name: geom_model_gaussian2_phase
#   datatype: float32
#   description: Phase of Gaussian 2 component
#   meta:
#     ucd: time.phase
# - 
#   name: geom_model_gaussian2_phase_error
#   datatype: float32
#   description: "Uncertainty of \\texttt{geomModelGaussian2Phase}"
#   meta:
#     ucd: stat.error;time.phase
# - 
#   name: geom_model_gaussian2_sigma
#   datatype: float32
[...]
#   datatype: float32
#   description: "Secondary eclipse: uncertainty of \\texttt{derivedSecondaryEclDuration}"
#   meta:
#     ucd: stat.error;time.duration
# - 
#   name: derived_secondary_ecl_depth
#   datatype: float32
#   unit: mag
#   description: "Secondary eclipse: depth"
#   meta:
#     ucd: src.var.amplitude
# - 
#   name: derived_secondary_ecl_depth_error
#   datatype: float32
#   unit: mag
#   description: "Secondary eclipse: uncertainty of \\texttt{derivedSecondaryEclDepth}"
#   meta:
#     ucd: stat.error;src.var.amplitude
solution_id,source_id,global_ranking,reference_time,frequency,frequency_error,geom_model_reference_level,geom_model_reference_level_error,geom_model_gaussian1_phase,geom_model_gaussian1_phase_error,geom_model_gaussian1_sigma,geom_model_gaussian1_sigma_error,geom_model_gaussian1_depth,geom_model_gaussian1_depth_error,geom_model_gaussian2_phase,geom_model_gaussian2_phase_error,geom_model_gaussian2_sigma,geom_model_gaussian2_sigma_error,geom_model_gaussian2_depth,geom_model_gaussian2_depth_error,geom_model_cosine_half_period_amplitude,geom_model_cosine_half_period_amplitude_error,geom_model_cosine_half_period_phase,geom_model_cosine_half_period_phase_error,model_type,num_model_parameters,reduced_chi2,derived_primary_ecl_phase,derived_primary_ecl_phase_error,derived_primary_ecl_duration,derived_primary_ecl_duration_error,derived_primary_ecl_depth,derived_primary_ecl_depth_error,derived_secondary_ecl_phase,derived_secondary_ecl_phase_error,derived_secondary_ecl_duration,derived_secondary_ecl_duration_error,derived_secondary_ecl_depth,derived_secondary_ecl_depth_error
[from data line 691]
375316653866487564,1823147680817790976,0.54174614,2145.8234490396712,1.7750599935237281,9.466842E-6,19.414616,0.007099259,0.18613698,0.0018534206,0.04861459,0.0028584932,0.26412898,0.014745011,0.6835851,0.0032377886,0.041180678,0.002534637,0.742094,0.069497265,null,null,null,null,"TWOGAUSSIANS",8,2.3683052,0.6835851,0.0032377886,0.2306118,0.014193968,0.74209386,0.069497295,0.18613698,0.0018534206,0.2722417,0.016007563,0.26412886,0.0147450585
375316653866487564,1823148166183628160,0.6385003,2168.267230129978,1.1117694121033983,7.384485E-6,15.5685,0.018656071,0.1970323,0.0019465076,0.091933824,0.004590379,0.40967295,0.01716601,0.7105262,0.0037162185,0.123499066,0.016276969,0.17206949,0.014269996,null,null,null,null,"TWOGAUSSIANS",8,18.31431,0.19700229,0.0019424871,0.4,0.0,0.38195342,0.006608463,0.7105262,0.0037162185,0.4,0.0,0.1442466,0.009917532
375316653866487564,1823148952127149952,0.51528436,2151.9805009209567,0.4065021190167192,1.6135968E-5,17.143934,0.0034923765,0.29157805,0.0137918,0.029902486,0.019016264,0.06157414,0.017780036,0.7843711,0.0042311577,0.029132944,0.0048894165,0.48990756,0.05475846,null,null,null,null,"TWOGAUSSIANS",8,11.93377,0.7843711,0.0042311577,0.16314448,0.027380733,0.48990756,0.05475846,0.29157805,0.0137918,0.16745393,0.10649108,0.06157414,0.017780036
375316653866487564,1823149093868555520,0.52726054,2148.064191251644,3.8035818044647653,1.660698E-5,18.751467,0.044685826,0.22815315,0.003608509,0.100048125,0.011158782,0.3648397,0.04430006,0.73207825,0.007707279,0.10664576,0.015473178,0.34715313,0.048825152,null,null,null,null,"TWOGAUSSIANS",8,3.798949,0.22815315,0.003606399,0.4,0.0,0.32846498,0.021776276,0.73207825,0.0077147856,0.4,0.0,0.31076932,0.025965242
375316653866487564,1823149678012650752,0.6092227,2151.254474805578,1.1235705605793744,7.1860895E-6,16.949526,0.0077477894,0.26347697,0.0019103609,0.110737614,0.004589468,0.23013389,0.0073973266,0.7624196,0.0012799334,0.097351536,0.0034188216,0.27721918,0.008748998,null,null,null,null,"TWOGAUSSIANS",8,2.4966507,0.7624196,0.0012799334,0.4,0.0,0.2497064,0.008804445,0.26347697,0.0019103609,0.4,0.0,0.20260492,0.004845257
375316653866487564,1823150433926910464,0.52564454,2117.5194078508193,0.8454245345238148,1.5513195E-5,16.188902,0.020081725,0.23171721,0.00406243,0.11136142,0.020946315,0.06812518,0.018204264,0.7362864,0.003691443,0.12997636,0.029569495,0.06779602,0.017605096,null,null,null,null,"TWOGAUSSIANS",8,1.4574553,0.23165722,0.0040730434,0.4,0.0,0.052991662,0.0073255324,0.7362964,0.0036758736,0.4,0.0,0.052584644,0.0033420704
375316653866487564,1823150468286669696,0.72505456,2158.7726418989505,0.17162134544431817,1.1878212E-5,16.470016,7.926338E-4,0.3269911,3.1071284E-6,0.0044936044,1.20876575E-5,1.2294098,0.0029154804,0.8154916,8.294849E-5,0.008019904,6.0019152E-5,0.5929392,0.0041749524,6.5808854E-4,0.001624963,0.8154916,8.294849E-5,"TWOGAUSSIANS_WITH_ELLIPSOIDAL_ON_ECLIPSE2",9,1.2917943,0.3269911,3.1071284E-6,0.025164183,6.769088E-5,1.2307191,0.005934316,0.8154916,8.294849E-5,0.04491146,3.3610724E-4,0.5942554,0.0046575787
375316653866487564,1823150674445128448,0.5566798,2149.305357382306,1.6344526736095992,6.700745E-6,14.97425,0.006802598,0.23293772,0.0030720164,0.031412106,0.0025461775,0.6823476,0.05561214,0.7364147,0.0015359357,0.026504178,0.001701445,0.517882,0.040722843,0.02521743,0.011968051,0.23293772,0.0030720164,"TWOGAUSSIANS_WITH_ELLIPSOIDAL_ON_ECLIPSE1",9,272.99106,0.23293772,0.0030720164,0.17590779,0.014258594,0.7327824,0.054169178,0.7364147,0.0015359357,0.1484234,0.009528091,0.5682928,0.040585976
375316653866487564,1823150846243687168,0.5025734,2148.760326896624,2.9235270766426096,1.515137E-5,17.089756,0.0841197,0.26810172,0.024766048,0.029757783,0.08595834,0.040476345,0.11390387,0.75201803,0.0045233956,0.056070767,0.052365378,0.015343412,0.14449532,0.06001764,0.058857605,0.75201803,0.0045233956,"TWOGAUSSIANS_WITH_ELLIPSOIDAL_ON_ECLIPSE2",9,11.562801,0.26534173,0.019283671,0.16664359,0.24118035,0.15949789,0.028921722,0.75201803,0.0045263404,0.3139963,0.101694256,0.13537796,0.016710518
375316653866487564,1823152014474888960,0.554621,2134.535881851722,1.1402234523266612,1.2389794E-5,14.628194,0.053547617,0.23183453,0.0033455894,0.13291556,0.023921706,0.1811908,0.05188988,0.7261728,0.0036657297,0.123368114,0.01858472,0.223336,0.050005846,null,null,null,null,"TWOGAUSSIANS",8,34.998127,0.7261728,0.0036657297,0.4,0.0,0.16666365,0.006648665,0.23190454,0.003288438,0.4,0.0,0.124331474,0.0045573586
375316653866487564,1823153148346359936,0.46230373,2158.5636776090187,2.7638570041518644,1.6469428E-5,17.695744,0.27749625,0.3099863,0.0068651317,0.21285194,0.09857527,0.41839713,0.25542697,0.81155276,0.004118729,0.1398112,0.034691952,0.37521616,0.2092993,null,null,null,null,"TWOGAUSSIANS",8,10.412704,0.8121528,0.0044146413,0.4,0.0,0.14477572,0.00854077,0.3098463,0.006859273,0.4,0.0,0.13620147,0.021997394
375316653866487564,1823153182678348928,0.4341861,2133.74329957073,1.0743730855568228,2.2413618E-5,18.674307,0.006179677,0.18594897,0.0039855866,0.01708936,0.008988719,0.14145237,0.05801538,0.81774324,0.01404301,0.06547673,0.016416429,0.040598553,0.0096229585,null,null,null,null,"TWOGAUSSIANS",8,2.8973293,0.18594897,0.0039855866,0.09570041,0.05033683,0.14145237,0.058015365,0.81774324,0.01404301,0.36666968,0.07876497,0.040598553,0.0096229585
375316653866487564,1823153865572501504,0.61720467,2156.79515268044,2.038657224989722,4.8827624E-6,16.222235,0.012198901,0.23597206,0.001440097,0.04816033,0.01121114,0.24742748,0.09402166,0.73456085,0.0032297703,0.05185091,0.0046932925,0.2211963,0.025702234,0.116911374,0.015903827,0.23597206,0.001440097,"TWOGAUSSIANS_WITH_ELLIPSOIDAL_ON_ECLIPSE1",9,21.46447,0.23597206,0.001440097,0.26969784,0.062782384,0.48124814,0.11850969,0.73482084,0.0026341614,0.2903651,0.026282439,0.45500195,0.011913808
375316653866487564,1823153869900898944,0.4751625,2127.9192982527493,4.673972117790746,1.1407366E-4,18.20194,0.19158001,0.2853783,0.014067202,0.22033271,0.10649902,0.22914982,0.18434137,0.8512307,0.011382934,0.026678616,0.015437072,0.056506764,0.02933641,null,null,null,null,"TWOGAUSSIANS",8,8.815853,0.2853783,0.014067202,0.4,0.0,0.19337268,0.018986987,0.85380065,0.009853078,0.14940025,0.086447604,0.062322985,0.032573868
375316653866487564,1823154350910537088,0.54093826,2159.4019373716637,3.718875639365092,2.023519E-5,19.688135,0.014717389,0.22253399,0.003794613,0.06867713,0.005172733,0.57805544,0.035170916,0.7184148,0.0027434465,0.07344336,0.005642824,0.5215291,0.03220931,null,null,null,null,"TWOGAUSSIANS",8,2.2644556,0.22253399,0.003794613,0.3845919,0.027811004,0.5760261,0.03544616,0.7184148,0.0027434465,0.4,0.0019968967,0.5194997,0.03268994
375316653866487564,1823154350937306880,0.5610488,2145.1195241726537,1.9816229874739841,2.4002426E-5,16.95951,0.026287802,0.23427849,0.0027457408,0.10348015,0.010151733,0.2008633,0.024964716,0.72687536,0.0049013216,0.118638135,0.016690245,0.1785759,0.02413663,null,null,null,null,"TWOGAUSSIANS",8,6.738653,0.23429848,0.0027598909,0.4,0.0,0.17326696,0.007038147,0.72687536,0.0049013216,0.4,0.0,0.15093191,0.006589732
375316653866487564,1823154552765212160,0.50175023,2132.142073438897,0.4273235189902732,4.445685E-5,18.988317,0.0050756894,0.38592604,0.03172514,0.041286644,0.005914397,2.8401139,2.2987063,0.8496733,0.02292241,0.013347384,0.015680572,0.07838036,379.57397,null,null,null,null,"TWOGAUSSIANS",8,3.1190405,0.38592604,0.03172514,0.23120521,0.033120625,2.8401139,2.2987063,0.8496733,0.02292241,0.07474535,0.08781121,0.07838036,379.57397
375316653866487564,1823155446120616704,0.5616022,2137.289073679356,3.3358238187053657,1.5515088E-5,18.544235,0.01063939,0.2642067,0.0024079515,0.038325284,0.005520555,0.15175398,0.030332102,0.7877419,0.008012407,0.05188185,0.009299022,0.16852097,0.026338058,0.13979553,0.013364412,0.2642067,0.0024079515,"TWOGAUSSIANS_WITH_ELLIPSOIDAL_ON_ECLIPSE1",9,3.7903981,0.7877419,0.008012407,0.29053837,0.052074526,0.44204134,0.020041684,0.2642067,0.0024079515,0.21462159,0.03091511,0.43134382,0.02005665
375316653866487564,1823155446120647424,0.52718806,2129.532033722228,3.0956559426807773,1.5197656E-5,19.04538,0.020472895,0.19666018,0.0070630484,0.091534354,0.00924001,0.39026132,0.031101339,0.681382,0.0056474376,0.09161874,0.00653894,0.3985614,0.0276102,null,null,null,null,"TWOGAUSSIANS",8,5.180463,0.681382,0.0056474376,0.4,0.0,0.38348702,0.023423089,0.19666018,0.0070630484,0.4,0.0,0.37518695,0.030196784
375316653866487564,1823155759658274944,0.48259726,2134.8457417801583,3.5585553771483327,1.9035093E-5,18.891665,0.033384386,0.25580123,0.0050179777,0.09156523,0.0145221995,0.32761395,0.035663944,0.7462598,0.008268806,0.097985424,0.02094932,0.24080947,0.024742765,null,null,null,null,"TWOGAUSSIANS",8,5.3222427,0.25580123,0.005016141,0.4,0.0,0.3125953,0.037224606,0.7462598,0.008268806,0.4,0.0,0.22578989,0.014487469
375316653866487564,1823155828405904768,0.62707186,2139.550126550411,1.0122760179828751,4.134723E-6,12.978348,0.004222123,0.22483024,0.0015540369,0.051066834,0.016627362,0.047718074,0.03563893,0.72467446,0.0031844077,0.06606934,0.0044351323,0.07543731,0.009407631,0.061413497,0.0053838,0.22483024,0.0015540369,"TWOGAUSSIANS_WITH_ELLIPSOIDAL_ON_ECLIPSE1",9,24.023987,0.7247345,0.0022982138,0.36998832,0.02483674,0.19820614,0.0028684544,0.22483024,0.0015540369,0.28597426,0.09311323,0.17048699,0.0393492
