Gaia/vari_eclipsing_binary/VariEclipsingBinary_152646-153560.csv
# %ECSV 1.0
# ---
# delimiter: ','
# meta: !!omap
# - RELEASE: Gaia DR3
# - TABLE: vari_eclipsing_binary
# - DESCRIPTION: >
#     This table describes the properties of the eclipsing binaries resulting from the variability analysis. 
# - CITATION: >
#     How to cite and acknowledge Gaia: 
#     https://gea.esac.esa.int/archive/documentation/credits.html 
# - KNOWN_ISSUES: >
#     Known issues: 
#     https://www.cosmos.esa.int/web/gaia-users/known-issues 
# - DOCUMENTATION: >
#     Tutorials and documentation: 
#     https://www.cosmos.esa.int/web/gaia-users/archive 
# datatype:
# - 
#   name: solution_id
#   datatype: int64
#   description: Solution Identifier
#   meta:
#     ucd: meta.version
# - 
#   name: source_id
#   datatype: int64
#   description: Unique source identifier
#   meta:
#     ucd: meta.id;meta.main
# - 
#   name: global_ranking
#   datatype: float32
#   description: Number between 0 (worst) and 1 (best)
#   meta:
#     ucd: stat.param
# - 
#   name: reference_time
#   datatype: float64
#   unit: d
#   description: Reference time used for the geometric model fit
#   meta:
#     ucd: time.epoch
# - 
#   name: frequency
#   datatype: float64
#   unit: d**-1
#   description: Frequency of geometric model of the eclipsing binary light curve
#   meta:
#     ucd: src.orbital
# - 
#   name: frequency_error
#   datatype: float32
#   unit: d**-1
#   description: "Uncertainty of \\texttt{frequency}"
#   meta:
#     ucd: stat.error
# - 
#   name: geom_model_reference_level
#   datatype: float32
#   unit: mag
#   description: Magnitude reference level of geometric model
#   meta:
#     ucd: phot.mag;em.opt
# - 
#   name: geom_model_reference_level_error
#   datatype: float32
#   unit: mag
#   description: "Uncertainty of \\texttt{geomModelReferenceLevel}"
#   meta:
#     ucd: stat.error;phot.mag;em.opt
# - 
#   name: geom_model_gaussian1_phase
#   datatype: float32
#   description: Phase of the Gaussian 1 component
#   meta:
#     ucd: time.phase
# - 
#   name: geom_model_gaussian1_phase_error
#   datatype: float32
#   description: "Uncertainty of \\texttt{geomModelGaussian1Phase}"
#   meta:
#     ucd: stat.error;time.phase
# - 
#   name: geom_model_gaussian1_sigma
#   datatype: float32
#   description: "Standard deviation [phase] of Gaussian 1 component"
#   meta:
#     ucd: stat.stdev
# - 
#   name: geom_model_gaussian1_sigma_error
#   datatype: float32
#   description: "Uncertainty of \\texttt{geomModelGaussian1Sigma}"
#   meta:
#     ucd: stat.error
# - 
#   name: geom_model_gaussian1_depth
#   datatype: float32
#   unit: mag
#   description: Magnitude depth of Gaussian 1 component
#   meta:
#     ucd: src.var.amplitude
# - 
#   name: geom_model_gaussian1_depth_error
#   datatype: float32
#   unit: mag
#   description: "Uncertainty of \\texttt{geomModelGaussian1Depth}"
#   meta:
#     ucd: stat.error;src.var.amplitude
# - 
#   name: geom_model_gaussian2_phase
#   datatype: float32
#   description: Phase of Gaussian 2 component
#   meta:
#     ucd: time.phase
# - 
#   name: geom_model_gaussian2_phase_error
#   datatype: float32
#   description: "Uncertainty of \\texttt{geomModelGaussian2Phase}"
#   meta:
#     ucd: stat.error;time.phase
# - 
#   name: geom_model_gaussian2_sigma
#   datatype: float32
[...]
#   datatype: float32
#   description: "Secondary eclipse: uncertainty of \\texttt{derivedSecondaryEclDuration}"
#   meta:
#     ucd: stat.error;time.duration
# - 
#   name: derived_secondary_ecl_depth
#   datatype: float32
#   unit: mag
#   description: "Secondary eclipse: depth"
#   meta:
#     ucd: src.var.amplitude
# - 
#   name: derived_secondary_ecl_depth_error
#   datatype: float32
#   unit: mag
#   description: "Secondary eclipse: uncertainty of \\texttt{derivedSecondaryEclDepth}"
#   meta:
#     ucd: stat.error;src.var.amplitude
solution_id,source_id,global_ranking,reference_time,frequency,frequency_error,geom_model_reference_level,geom_model_reference_level_error,geom_model_gaussian1_phase,geom_model_gaussian1_phase_error,geom_model_gaussian1_sigma,geom_model_gaussian1_sigma_error,geom_model_gaussian1_depth,geom_model_gaussian1_depth_error,geom_model_gaussian2_phase,geom_model_gaussian2_phase_error,geom_model_gaussian2_sigma,geom_model_gaussian2_sigma_error,geom_model_gaussian2_depth,geom_model_gaussian2_depth_error,geom_model_cosine_half_period_amplitude,geom_model_cosine_half_period_amplitude_error,geom_model_cosine_half_period_phase,geom_model_cosine_half_period_phase_error,model_type,num_model_parameters,reduced_chi2,derived_primary_ecl_phase,derived_primary_ecl_phase_error,derived_primary_ecl_duration,derived_primary_ecl_duration_error,derived_primary_ecl_depth,derived_primary_ecl_depth_error,derived_secondary_ecl_phase,derived_secondary_ecl_phase_error,derived_secondary_ecl_duration,derived_secondary_ecl_duration_error,derived_secondary_ecl_depth,derived_secondary_ecl_depth_error
[from data line 320]
375316653866487564,1349407049990013952,0.5270727,2174.3823787144897,2.742201401823228,3.1378317E-5,19.03967,0.017451687,0.2672729,0.00573118,0.08514863,0.006394659,0.28168926,0.020401383,0.7697632,0.006651677,0.088698186,0.012036941,0.28546843,0.017038602,null,null,null,null,"TWOGAUSSIANS",8,3.21976,0.7697632,0.006651677,0.4,0.0,0.27676845,0.015529661,0.2672729,0.00573118,0.4,0.0,0.2729893,0.01638343
375316653866487564,1349439730396883584,0.6026425,2217.8594416956385,0.02661744118029119,1.0592406E-6,12.554521,7.0214004E-4,0.6183176,1.3356077E-6,6.783358E-4,3.5321948E-6,0.4711114,0.0027354297,0.8389043,1.313617E-4,0.002220736,0.00105608,0.010356255,0.0012272673,null,null,null,null,"TWOGAUSSIANS",8,39.998016,0.6183176,1.3356077E-6,0.0037986804,1.9780291E-5,0.4711114,0.0027354297,0.8389043,1.313617E-4,0.012436121,0.005914048,0.010356255,0.0012272673
375316653866487564,1349463365601260288,0.48739204,2166.869922465028,3.342110001626273,1.6985383E-5,19.141941,0.016985606,0.33884642,0.005805369,0.07673929,0.013062949,0.2527465,0.035349738,0.8398394,0.0059029893,0.081938185,0.012260882,0.15961024,0.013551073,null,null,null,null,"TWOGAUSSIANS",8,1.7152535,0.33884642,0.005805369,0.4,0.0067122024,0.25002944,0.037239354,0.8398394,0.0059029893,0.4,0.0,0.15689321,0.011256524
375316653866487564,1349474738674835712,0.5225176,2222.7637542651996,0.7620687586895097,2.812646E-6,17.342207,0.0035307524,0.11207712,5.0022604E-4,0.011721156,0.0020391957,0.07768156,0.0015927068,0.5951282,5.7870743E-4,0.01479894,6.0232123E-4,0.3648149,0.0064466973,null,null,null,null,"TWOGAUSSIANS",8,19.503387,0.5951282,5.7870743E-4,0.08287407,0.003372999,0.3648149,0.0064466973,0.11207712,5.0022604E-4,0.06563847,0.0114194965,0.07768156,0.0015927068
375316653866487564,1349475052208028032,0.6449981,2208.627022102353,2.9275871670875087,2.172683E-6,14.86508,0.0050264215,0.2508065,8.0046244E-4,0.053831708,0.00387362,0.13192463,0.0109808715,0.75180393,0.0025838257,0.059181202,0.005808457,0.09569405,0.013885956,0.08126201,0.006873255,0.2508065,8.0046244E-4,"TWOGAUSSIANS_WITH_ELLIPSOIDAL_ON_ECLIPSE1",9,9.631366,0.2508065,8.0046244E-4,0.30145758,0.021692272,0.2944336,0.00369008,0.75180393,0.002534897,0.33141473,0.032527357,0.25819665,0.0134108635
375316653866487564,1349480442390902400,0.5502779,2205.4117444056556,3.6181625641291615,1.0524923E-4,19.440527,0.0042963834,0.105728865,0.009184375,0.008445227,0.009397404,0.17265353,0.21508613,0.7599656,0.0205588,0.026175542,0.008294214,0.72410965,0.37293205,null,null,null,null,"TWOGAUSSIANS",8,1.3046693,0.7599656,0.0205588,0.14658304,0.046447597,0.72410965,0.37293205,0.105728865,0.009184375,0.04729327,0.052625462,0.17265353,0.21508613
375316653866487564,1349494053143377280,0.51009077,2192.842126243752,2.5638969073478233,1.1066512E-4,15.86135,0.0032085874,0.5859465,0.03463722,0.025284536,0.023402356,0.42631334,35.513058,0.46447447,0.028631048,0.050848395,0.02817031,0.08732718,1.4848642,null,null,null,null,"TWOGAUSSIANS",8,11.165267,0.5855865,0.034452025,0.1415934,0.1310532,0.4313899,35.515377,0.46449447,0.028660946,0.284751,0.15775374,0.08733134,1.4848621
375316653866487564,1349512053349996672,0.574259,2219.2733035313254,1.5945023799045128,1.0730155E-5,18.944649,0.0044200905,0.21051402,0.0022919357,0.035937745,0.003379919,0.55259097,0.041343845,0.7021642,0.0059639434,0.045173932,0.006344846,0.3239915,0.054543898,null,null,null,null,"TWOGAUSSIANS",8,2.1828675,0.21051402,0.0022919357,0.20125136,0.018927548,0.55259097,0.04134385,0.7021642,0.0059639434,0.25297403,0.035531137,0.3239915,0.054543905
375316653866487564,1349512401243579264,0.44590622,2204.269799449642,3.4786897599833972,3.152854E-5,16.522596,0.0064156465,0.31101498,0.015552514,0.056233324,0.017203758,0.09423069,0.015771208,0.77068496,0.016951043,0.091383755,0.01713643,0.056488615,0.019490942,null,null,null,null,"TWOGAUSSIANS",8,23.851858,0.31101498,0.015552514,0.31490663,0.0913501,0.094068006,0.016121877,0.77068496,0.016951043,0.4,0.0,0.056325752,0.019474918
375316653866487564,1349525797244870016,0.66356504,2220.4291515504137,0.5255994132954686,1.9707245E-6,13.026261,0.0031118311,0.30665857,0.0010781807,0.024307763,0.0011499533,1.0790954,0.08937924,0.80947053,0.011856455,0.024875242,0.011313333,0.073926456,0.025011107,0.026958525,0.004034733,0.30665857,0.0010781807,"TWOGAUSSIANS_WITH_ELLIPSOIDAL_ON_ECLIPSE1",9,71.088295,0.30665857,0.0010781807,0.13612348,0.006439739,1.1330124,0.09241275,0.80947053,0.011743517,0.13930136,0.06335467,0.12782665,0.024822142
375316653866487564,1349568437681188992,0.4950168,2220.6754685735027,1.486661808840525,1.7108505E-5,19.051435,0.005668061,0.21241197,0.022932066,0.021625968,0.014121746,0.024404015,0.024054866,0.46594018,0.006958684,0.0383205,0.007992093,0.2738359,0.12280903,null,null,null,null,"TWOGAUSSIANS",8,1.4364977,0.46594018,0.006958684,0.21459481,0.044755723,0.2738359,0.12280903,0.21241197,0.022932066,0.12110542,0.079081774,0.024404015,0.024054864
375316653866487564,1349591222483517568,0.5141459,2224.544823461015,2.9724855886828845,1.7926304E-5,17.911188,0.006250154,0.16369028,0.0029492208,0.037256878,0.0030556954,0.36227924,0.07212253,0.66929704,0.011707954,0.10125458,0.016423058,0.14669989,0.010950246,null,null,null,null,"TWOGAUSSIANS",8,7.8836074,0.16369028,0.0029492208,0.20863852,0.017111894,0.3618641,0.07224228,0.66929704,0.011707954,0.4,0.0,0.1462832,0.011192799
375316653866487564,1349593696384702080,0.4784292,2227.630417606171,1.175151236785784,3.122348E-5,15.600714,0.018271666,0.27531868,0.02685307,0.049253684,0.0193225,0.16348328,0.05730403,0.767643,0.005979806,0.04094017,0.012430338,0.122311935,0.0407281,0.04599905,0.02185048,0.767643,0.005979806,"TWOGAUSSIANS_WITH_ELLIPSOIDAL_ON_ECLIPSE2",9,240.28078,0.27456868,0.025508594,0.27582064,0.108206004,0.25528762,0.039837167,0.767643,0.005979806,0.22926496,0.069609895,0.21430933,0.017869292
375316653866487564,1349618740338651136,0.45388573,2202.494731593581,4.658030482103114,1.1421634E-5,17.86991,0.0033577075,0.11708151,6.994516E-4,0.0013810826,4.2584803E-4,0.082681745,0.035638943,0.6930374,0.0010352527,0.026193677,0.0013581406,0.19167584,0.009027191,null,null,null,null,"TWOGAUSSIANS",8,5.9548597,0.6930374,0.0010352527,0.14668459,0.007605587,0.19167584,0.009027191,0.11708151,6.994516E-4,0.0077340626,0.002384749,0.082681745,0.035638943
375316653866487564,1349627643806371968,0.5410909,2239.742855737756,3.3917229161334275,1.1618671E-5,14.0141115,0.004909144,0.7500513,0.0035697948,0.045312267,0.009056621,0.0537498,0.009259837,null,null,null,null,null,null,0.10328958,0.011082261,0.7500513,0.0035697948,"ONEGAUSSIAN_WITH_ELLIPSOIDAL",6,627.8644,0.7500513,0.0035697948,0.2537487,0.05071708,0.26032892,0.0149880815,null,null,null,null,null,null
375316653866487564,1349643685508844928,0.56081593,2203.7745404376706,3.236506363346634,1.26948535E-5,18.63297,0.007330999,0.24910857,0.0033386624,0.05011941,0.0036369027,0.27151456,0.011023852,0.7363119,0.0040685176,0.060478553,0.0035532762,0.4602224,0.021286117,null,null,null,null,"TWOGAUSSIANS",8,4.661451,0.7363119,0.0040685176,0.3386799,0.019898346,0.4602069,0.02128406,0.24910857,0.0033386624,0.2806687,0.020366654,0.2714991,0.01102213
375316653866487564,1349656501691288320,0.47556502,2229.9863876607888,4.478393123923566,4.759874E-5,19.665688,0.07976265,0.2242661,0.014678188,0.11011543,0.04300217,0.19779731,0.07181477,0.7242313,0.009519873,0.09127582,0.02552229,0.2837213,0.07622477,null,null,null,null,"TWOGAUSSIANS",8,2.3834229,0.7242313,0.009525862,0.4,0.0,0.26261973,0.031167693,0.2242661,0.01467938,0.4,0.0,0.17668273,0.033137307
375316653866487564,1349663687171866624,0.4645431,2198.3012620718414,1.8856625004653196,4.950864E-5,14.975447,0.0039037457,0.2932256,0.0077054244,0.05732418,0.018388271,0.080112025,0.044797946,0.78530985,0.0066001555,0.0438076,0.013619562,0.1399882,0.011351969,null,null,null,null,"TWOGAUSSIANS",8,212.04839,0.78530985,0.0066001555,0.24532256,0.076269545,0.13998753,0.011356967,0.2932256,0.0077054244,0.32101542,0.10297432,0.080111355,0.04479908
375316653866487564,1349732475367835648,0.5462234,2218.587952576907,3.0462049155343025,1.2862643E-5,14.395933,0.005833863,0.2428636,0.004628849,0.042727347,0.009386917,0.06698851,0.013729588,0.7532542,0.0048434045,0.059745885,0.015754236,0.08471374,0.018001253,0.055423897,0.007912206,0.7532542,0.0048434045,"TWOGAUSSIANS_WITH_ELLIPSOIDAL_ON_ECLIPSE2",9,139.07999,0.7532542,0.0048434045,0.33457696,0.08822372,0.19554767,0.016838303,0.2448636,0.0032333822,0.23927315,0.052566737,0.17744128,0.009441879
375316653866487564,1349769579589869184,0.6366263,2178.8407545031764,4.074498181668587,4.3707205E-6,18.414371,0.0076799155,0.309976,5.790978E-4,0.043466974,0.0020140158,0.31234673,0.019441586,0.8109878,0.0029306922,0.0474836,0.0033244705,0.33642748,0.02931159,0.11742736,0.013488393,0.309976,5.790978E-4,"TWOGAUSSIANS_WITH_ELLIPSOIDAL_ON_ECLIPSE1",9,2.2654963,0.8109878,0.002912994,0.26590818,0.018617036,0.57127225,0.025256272,0.309976,5.790978E-4,0.24341506,0.011278489,0.547201,0.0104197925
375316653866487564,1349796418841150336,0.5862786,2233.4677847833227,0.23799172619220257,1.935874E-5,16.738373,0.019404009,0.22684787,0.027091075,0.24175885,0.13303831,0.027698465,0.018390398,0.6252512,0.0019185874,0.040258087,0.0010165065,0.6460595,0.020535113,null,null,null,null,"TWOGAUSSIANS",8,5.3987937,0.6252512,0.0019185874,0.22544529,0.0056924364,0.6470513,0.021565463,0.22684787,0.027091075,0.4,0.0,0.020323796,0.006293699
375316653866487564,1349820363283282048,0.4882761,2213.5318744028064,4.3673002310251565,1.6831042E-5,17.464407,0.010518284,0.29548362,0.004723711,0.09822853,0.01018297,0.13335188,0.009249851,0.79117453,0.0056148204,0.085408755,0.012491947,0.1444002,0.010529925,null,null,null,null,"TWOGAUSSIANS",8,6.3366113,0.79117453,0.0056148204,0.4,0.0,0.13804777,0.010605321,0.29548362,0.004723711,0.4,0.0,0.12699883,0.0059428746
375316653866487564,1349824452092195328,0.5202749,2220.998437674424,4.684506030801005,4.7789454E-5,19.766449,0.006780102,0.3661598,0.008174492,0.035951886,0.005833551,0.6062407,0.02636946,null,null,null,null,null,null,null,null,null,null,"ONEGAUSSIAN",5,2.8230622,0.3661598,0.008174492,0.20133056,0.032667886,0.6062407,0.0,null,null,null,null,null,null
375316653866487564,1349889155774741248,0.5276821,2185.680792900365,3.1596921782106713,1.1633495E-5,16.978476,0.014659196,0.30022424,0.0071534934,0.09149591,0.013973683,0.1677678,0.012766457,0.80519253,0.005103704,0.09430224,0.013167922,0.13485266,0.013286184,null,null,null,null,"TWOGAUSSIANS",8,9.375668,0.30022424,0.0071534934,0.4,0.0,0.16030265,0.006278175,0.80519253,0.005103704,0.4,0.0,0.12738743,0.009425249
375316653866487564,1349935919378863616,0.5730427,2217.0121254301607,3.2114403461063405,7.586204E-6,18.074959,0.007356862,0.28937456,0.0030888065,0.07269071,0.0028031245,0.4779433,0.02104778,0.78945434,0.002987127,0.07652183,0.0041103796,0.54549164,0.027510995,null,null,null,null,"TWOGAUSSIANS",8,8.286051,0.78945434,0.002987127,0.4,0.0,0.5417702,0.028320167,0.28937456,0.0030888065,0.4,0.0,0.47422192,0.020989932
375316653866487564,1349950728426087936,0.5990248,2165.4497751846543,2.9041469333969587,9.7493985E-6,18.172182,0.012187169,0.26913357,0.001794426,0.04117411,0.0028858588,0.54132986,0.029187232,0.76590633,0.003076608,0.044330277,0.0030566172,0.8478852,0.096362,0.08952425,0.017471008,0.26913357,0.001794426,"TWOGAUSSIANS_WITH_ELLIPSOIDAL_ON_ECLIPSE1",9,10.731873,0.76600635,0.0029723,0.24824956,0.017117055,1.0268623,0.099372506,0.26913357,0.001794426,0.23057501,0.016160809,0.72037816,0.017207308
375316653866487564,1349969729361161600,0.4758703,2166.1103770208756,2.4573885958210617,2.4557157E-5,15.77816,0.005044455,0.31147465,0.008925266,0.09820218,0.012906513,0.0880158,0.00929942,0.82523406,0.014583211,0.08124472,0.016216828,0.07551179,0.005319295,null,null,null,null,"TWOGAUSSIANS",8,11.635684,0.31147465,0.008925266,0.4,0.0,0.08530178,0.009531919,0.82523406,0.014582828,0.4,0.028485373,0.072798274,0.005585073
375316653866487564,1349980552678672256,0.480908,2156.9595215503623,0.20575789256058558,1.9596435E-5,16.66282,0.003360063,0.22601515,0.0610512,0.051218405,0.036072597,0.037914764,0.0141671235,0.7518734,6.0599117E-4,0.021598548,0.0010570517,0.2856218,0.014281801,null,null,null,null,"TWOGAUSSIANS",8,19.58091,0.7518734,6.0599117E-4,0.12095187,0.0059194895,0.2856218,0.014281859,0.22601515,0.0610512,0.28682306,0.13421315,0.037914764,0.014166688
375316653866487564,1349996388221971840,0.497893,2231.9581019745133,3.0384726402095468,3.344224E-5,15.758337,0.15573183,0.29281917,0.008318547,0.115301654,0.047644448,0.33432764,0.14099598,0.78002316,0.0055457405,0.10794814,0.035153836,0.41979936,0.13157274,null,null,null,null,"TWOGAUSSIANS",8,220.03687,0.78002316,0.0055457405,0.4,0.0,0.36664814,0.03758027,0.29283917,0.008317946,0.4,0.0,0.2811362,0.05636863
375316653866487564,1350001958795812224,0.6460436,2210.0202539069924,3.959101792671722,5.8909277E-6,16.419928,0.017104773,0.26729897,0.0020384674,0.0669873,0.00584684,0.2818921,0.03596416,0.7670511,0.0037735547,0.05079347,0.0067347595,0.35761216,0.03228684,0.090586916,0.0207306,0.26729897,0.0020384674,"TWOGAUSSIANS_WITH_ELLIPSOIDAL_ON_ECLIPSE1",9,16.216568,0.76707107,0.0036752129,0.28444344,0.037714653,0.5385238,0.013748748,0.26729897,0.0020384674,0.37512887,0.032742303,0.46280414,0.011255295
375316653866487564,1350016733481888256,0.43967915,2178.171398948352,1.1181214521961371,4.396923E-5,18.982311,0.021565743,0.55687,0.010213077,0.060428333,0.012527055,0.16811639,0.030661054,0.8965337,0.03942982,0.099340826,0.033274412,0.06142801,0.02628123,null,null,null,null,"TWOGAUSSIANS",8,7.6460176,0.557,0.010076923,0.33839867,0.07015151,0.16826099,0.03090037,0.8965337,0.03942982,0.4,0.0,0.061394494,0.026036313
375316653866487564,1350022196681738880,0.5661423,2182.1793354326496,3.607643943634893,1.2215028E-5,15.248009,0.0075981906,0.27916217,0.0033037935,0.03842289,0.00861692,0.09922788,0.0375371,0.7627201,0.0129917115,0.028337494,0.018297724,0.2320256,0.11608444,0.117176495,0.011632613,0.27916217,0.0033037935,"TWOGAUSSIANS_WITH_ELLIPSOIDAL_ON_ECLIPSE1",9,92.470436,0.7637001,0.013238706,0.15868996,0.10246726,0.46403477,0.13063805,0.27916217,0.0033037935,0.21516818,0.048254747,0.3335807,0.035145484
375316653866487564,1350032813840774400,0.584862,2194.1659698927488,1.7311459420321074,6.115822E-6,12.969293,0.0164584,0.2335226,8.2336983E-4,0.046996012,0.0027616308,0.6152895,0.030132214,0.7367806,0.0028030688,0.038245972,0.004029353,0.58494616,0.03712787,0.008655738,0.020853605,0.2335226,8.2336983E-4,"TWOGAUSSIANS_WITH_ELLIPSOIDAL_ON_ECLIPSE1",9,455.9634,0.2335226,8.2336983E-4,0.26317766,0.015465133,0.63260055,0.019945666,0.7367806,0.0028030688,0.21417744,0.022564378,0.60225,0.021281008
375316653866487564,1350035352164774016,0.5224704,2213.270195895431,2.571994996509857,1.216741E-5,13.605391,0.010573521,0.25102165,0.0038249784,0.097284436,0.01328431,0.10357221,0.009744976,0.75209373,0.0025565648,0.123864196,0.01311724,0.09138154,0.009579723,null,null,null,null,"TWOGAUSSIANS",8,24.337269,0.25101164,0.003839356,0.4,0.0,0.08896367,0.01207518,0.75209373,0.0025565648,0.4,0.0,0.07672045,0.0024647014
375316653866487564,1350041296402223232,0.5484301,2175.233352074515,3.44830557091232,1.43682455E-5,16.095608,0.014533154,0.20530833,0.005251694,0.09982845,0.011483483,0.20772782,0.013167573,0.70026684,0.0033175987,0.103043534,0.007665348,0.22980878,0.013320305,null,null,null,null,"TWOGAUSSIANS",8,26.748972,0.70026684,0.0033175987,0.4,0.0,0.210087,0.0050254995,0.20530833,0.005251694,0.4,0.0,0.18800814,0.009925983
