Gaia/vari_eclipsing_binary/VariEclipsingBinary_068629-071195.csv
# %ECSV 1.0
# ---
# delimiter: ','
# meta: !!omap
# - RELEASE: Gaia DR3
# - TABLE: vari_eclipsing_binary
# - DESCRIPTION: >
#     This table describes the properties of the eclipsing binaries resulting from the variability analysis. 
# - CITATION: >
#     How to cite and acknowledge Gaia: 
#     https://gea.esac.esa.int/archive/documentation/credits.html 
# - KNOWN_ISSUES: >
#     Known issues: 
#     https://www.cosmos.esa.int/web/gaia-users/known-issues 
# - DOCUMENTATION: >
#     Tutorials and documentation: 
#     https://www.cosmos.esa.int/web/gaia-users/archive 
# datatype:
# - 
#   name: solution_id
#   datatype: int64
#   description: Solution Identifier
#   meta:
#     ucd: meta.version
# - 
#   name: source_id
#   datatype: int64
#   description: Unique source identifier
#   meta:
#     ucd: meta.id;meta.main
# - 
#   name: global_ranking
#   datatype: float32
#   description: Number between 0 (worst) and 1 (best)
#   meta:
#     ucd: stat.param
# - 
#   name: reference_time
#   datatype: float64
#   unit: d
#   description: Reference time used for the geometric model fit
#   meta:
#     ucd: time.epoch
# - 
#   name: frequency
#   datatype: float64
#   unit: d**-1
#   description: Frequency of geometric model of the eclipsing binary light curve
#   meta:
#     ucd: src.orbital
# - 
#   name: frequency_error
#   datatype: float32
#   unit: d**-1
#   description: "Uncertainty of \\texttt{frequency}"
#   meta:
#     ucd: stat.error
# - 
#   name: geom_model_reference_level
#   datatype: float32
#   unit: mag
#   description: Magnitude reference level of geometric model
#   meta:
#     ucd: phot.mag;em.opt
# - 
#   name: geom_model_reference_level_error
#   datatype: float32
#   unit: mag
#   description: "Uncertainty of \\texttt{geomModelReferenceLevel}"
#   meta:
#     ucd: stat.error;phot.mag;em.opt
# - 
#   name: geom_model_gaussian1_phase
#   datatype: float32
#   description: Phase of the Gaussian 1 component
#   meta:
#     ucd: time.phase
# - 
#   name: geom_model_gaussian1_phase_error
#   datatype: float32
#   description: "Uncertainty of \\texttt{geomModelGaussian1Phase}"
#   meta:
#     ucd: stat.error;time.phase
# - 
#   name: geom_model_gaussian1_sigma
#   datatype: float32
#   description: "Standard deviation [phase] of Gaussian 1 component"
#   meta:
#     ucd: stat.stdev
# - 
#   name: geom_model_gaussian1_sigma_error
#   datatype: float32
#   description: "Uncertainty of \\texttt{geomModelGaussian1Sigma}"
#   meta:
#     ucd: stat.error
# - 
#   name: geom_model_gaussian1_depth
#   datatype: float32
#   unit: mag
#   description: Magnitude depth of Gaussian 1 component
#   meta:
#     ucd: src.var.amplitude
# - 
#   name: geom_model_gaussian1_depth_error
#   datatype: float32
#   unit: mag
#   description: "Uncertainty of \\texttt{geomModelGaussian1Depth}"
#   meta:
#     ucd: stat.error;src.var.amplitude
# - 
#   name: geom_model_gaussian2_phase
#   datatype: float32
#   description: Phase of Gaussian 2 component
#   meta:
#     ucd: time.phase
# - 
#   name: geom_model_gaussian2_phase_error
#   datatype: float32
#   description: "Uncertainty of \\texttt{geomModelGaussian2Phase}"
#   meta:
#     ucd: stat.error;time.phase
# - 
#   name: geom_model_gaussian2_sigma
#   datatype: float32
[...]
#   datatype: float32
#   description: "Secondary eclipse: uncertainty of \\texttt{derivedSecondaryEclDuration}"
#   meta:
#     ucd: stat.error;time.duration
# - 
#   name: derived_secondary_ecl_depth
#   datatype: float32
#   unit: mag
#   description: "Secondary eclipse: depth"
#   meta:
#     ucd: src.var.amplitude
# - 
#   name: derived_secondary_ecl_depth_error
#   datatype: float32
#   unit: mag
#   description: "Secondary eclipse: uncertainty of \\texttt{derivedSecondaryEclDepth}"
#   meta:
#     ucd: stat.error;src.var.amplitude
solution_id,source_id,global_ranking,reference_time,frequency,frequency_error,geom_model_reference_level,geom_model_reference_level_error,geom_model_gaussian1_phase,geom_model_gaussian1_phase_error,geom_model_gaussian1_sigma,geom_model_gaussian1_sigma_error,geom_model_gaussian1_depth,geom_model_gaussian1_depth_error,geom_model_gaussian2_phase,geom_model_gaussian2_phase_error,geom_model_gaussian2_sigma,geom_model_gaussian2_sigma_error,geom_model_gaussian2_depth,geom_model_gaussian2_depth_error,geom_model_cosine_half_period_amplitude,geom_model_cosine_half_period_amplitude_error,geom_model_cosine_half_period_phase,geom_model_cosine_half_period_phase_error,model_type,num_model_parameters,reduced_chi2,derived_primary_ecl_phase,derived_primary_ecl_phase_error,derived_primary_ecl_duration,derived_primary_ecl_duration_error,derived_primary_ecl_depth,derived_primary_ecl_depth_error,derived_secondary_ecl_phase,derived_secondary_ecl_phase_error,derived_secondary_ecl_duration,derived_secondary_ecl_duration_error,derived_secondary_ecl_depth,derived_secondary_ecl_depth_error
[from data line 107]
375316653866487564,608023161291876608,0.6004712,2148.9026659262677,2.0228048396687917,7.303494E-6,18.374355,0.0043818266,0.2960821,0.010035645,0.024095323,0.009557109,0.44165733,0.15698694,0.804351,0.0039014828,0.017414233,0.0024400942,0.8684546,0.0647277,null,null,null,null,"TWOGAUSSIANS",8,6.7392063,0.804351,0.0039014828,0.0975197,0.013664529,0.8684546,0.0647277,0.2960821,0.010035645,0.13493381,0.05351981,0.44165733,0.15698694
375316653866487564,608088552169357568,0.44699296,2205.471412909466,0.10631174239161581,2.8754434E-5,16.920841,0.014991595,0.23579141,0.021347973,0.12701929,0.054297168,0.050677963,0.01227678,0.6828044,0.010489566,0.0664767,0.0122286,0.112541355,0.014597506,null,null,null,null,"TWOGAUSSIANS",8,7.2131205,0.6828044,0.010489566,0.3722695,0.059749585,0.11057691,0.012535507,0.23579141,0.021347973,0.4,0.0,0.048606023,0.009804657
375316653866487564,608112878864160384,0.46242794,2186.5633186467708,0.21635874673517302,2.155198E-6,16.472147,0.0027377487,0.07833397,0.0068358127,0.027537836,0.010741013,0.06966588,0.022179717,0.47323096,3.8087522E-4,0.003383925,4.3633583E-4,0.54036134,0.2320635,null,null,null,null,"TWOGAUSSIANS",8,26.574862,0.47323096,3.8087522E-4,0.01894998,0.0024434808,0.54036134,0.2320635,0.07833397,0.0068358127,0.15421188,0.060149673,0.06966588,0.022179717
375316653866487564,608115898226039424,0.5595475,2170.5969438708507,2.2285912019342886,1.8567898E-5,18.449463,0.0062024463,0.32201633,0.0047441404,0.029201033,0.0034692474,0.5223427,0.023774436,0.81960577,0.052415818,0.023300659,0.02040514,1.7126545,335.19223,0.03697801,0.010527125,0.32201633,0.0047441404,"TWOGAUSSIANS_WITH_ELLIPSOIDAL_ON_ECLIPSE1",9,4.831043,0.81960577,0.052414607,0.1304837,0.11426878,1.7865934,335.19275,0.32201633,0.0047441404,0.16352578,0.019427784,0.5962987,0.020923685
375316653866487564,608182349960439552,0.5166389,2175.94775548844,3.1555133888228433,1.6892092E-5,18.676725,0.007045736,0.25871798,0.005750123,0.0936847,0.008678943,0.18146913,0.010114279,0.7677017,0.004326371,0.07821464,0.0048705717,0.21756032,0.008095099,null,null,null,null,"TWOGAUSSIANS",8,2.1306636,0.7677017,0.004326371,0.4,0.0,0.2126711,0.006769676,0.25871798,0.005750123,0.4,0.0,0.17657964,0.0105455015
375316653866487564,608190841110391552,0.42408112,2188.010789392519,0.05059270546030119,2.8967834E-5,11.732553,5.10176E-4,0.33163682,0.004211643,0.05515293,0.0039169993,0.43889087,0.17913143,0.6318784,0.0070292284,0.057668097,0.014017573,0.06498187,0.03371651,0.0042045587,6.745148E-4,0.33163682,0.004211643,"TWOGAUSSIANS_WITH_ELLIPSOIDAL_ON_ECLIPSE1",9,9.958605,0.33163682,0.004211643,0.3088564,0.021935197,0.44728595,0.17876366,0.63351834,0.009190853,0.32294133,0.07849841,0.065803975,0.033552878
375316653866487564,608201767507276160,0.58171326,2180.630055672473,2.966504665739356,1.1601153E-5,15.521159,0.0071783233,0.23036979,0.009041575,0.051370285,0.0075897523,0.1223542,0.026195671,0.71473974,0.002058491,0.041517917,0.008564053,0.162236,0.027090734,0.1264291,0.010493711,0.71473974,0.002058491,"TWOGAUSSIANS_WITH_ELLIPSOIDAL_ON_ECLIPSE2",9,31.357283,0.71473974,0.002058491,0.23250033,0.047958698,0.41509348,0.03698557,0.22565979,0.006004353,0.2876736,0.042502616,0.37350994,0.02218196
375316653866487564,608212693904046976,0.4917274,2169.812827012867,1.4627056086965926,3.731984E-5,13.173251,0.0013789658,0.2647177,0.0040450753,0.06505069,0.020759214,0.011474074,0.0035452459,0.59131896,0.016607936,0.02027166,0.005079263,0.010381968,0.005355174,0.027492011,0.0016312727,0.2647177,0.0040450753,"TWOGAUSSIANS_WITH_ELLIPSOIDAL_ON_ECLIPSE1",9,24.02242,0.2647177,0.0040450753,0.36428386,0.09646808,0.066450655,0.0025335506,0.764719,0.22460975,0.1135213,0.028443871,0.054976583,0.040523753
375316653866487564,608267596470455424,0.49382895,2183.621566658227,1.3555323702855333,2.487749E-5,14.458915,0.007233917,0.15055774,0.0046976856,0.027138274,0.005620633,0.19994563,0.01907545,0.6700411,0.02161865,0.01379584,0.018952724,0.2692185,6.4309599E14,0.011055961,0.009062436,0.6700411,0.02161865,"TWOGAUSSIANS_WITH_ELLIPSOIDAL_ON_ECLIPSE2",9,285.09848,0.6700411,0.02161865,0.0772567,0.10613525,0.2913304,6.4309599E14,0.15067774,0.0046850946,0.15197434,0.031475544,0.22172989,0.01464871
375316653866487564,608270590064069120,0.53019774,2209.431596340891,3.3717589533139503,1.9849436E-5,14.184,0.03146261,0.24710259,0.003480169,0.11199392,0.010693232,0.39353785,0.02753236,0.75191444,0.004985784,0.10085815,0.008663806,0.4216846,0.030985601,null,null,null,null,"TWOGAUSSIANS",8,394.79382,0.75192446,0.0049919267,0.4,0.0,0.37297985,0.0105311815,0.24710259,0.003480169,0.4,0.0,0.34479952,0.01456562
375316653866487564,608280550091936384,0.54016864,2168.414465990719,3.6002745619571335,1.849284E-5,16.114378,0.016381202,0.10784816,0.0024850944,0.043353796,0.007399002,0.18924393,0.034436785,0.60451496,0.008050432,0.060880955,0.018699965,0.12601952,0.029123971,0.025121218,0.021286653,0.10784816,0.0024850944,"TWOGAUSSIANS_WITH_ELLIPSOIDAL_ON_ECLIPSE1",9,19.122276,0.10784816,0.0024850944,0.24278125,0.04143441,0.23946446,0.022504928,0.60486495,0.007107905,0.34093335,0.1047198,0.17622033,0.026079481
375316653866487564,608354286091760768,0.44933474,2160.70408640299,0.6966408466328938,4.381536E-5,16.404945,0.21517275,0.2758325,0.011154803,0.14955577,0.050784156,0.1882863,0.20166741,0.7597953,0.012576597,0.14729808,0.05716645,0.17413232,0.19355002,null,null,null,null,"TWOGAUSSIANS",8,32.76521,0.2769325,0.009734046,0.4,0.0,0.10952662,0.010752944,0.7597953,0.012576597,0.4,0.0,0.09569441,0.012638438
375316653866487564,608354840142401792,0.5375137,2166.834292581738,3.0147849395166775,1.2765416E-5,14.478012,0.0040361104,0.21004766,0.0028779479,0.098752424,0.0044421786,0.18037581,0.0057734353,0.70576066,0.0032331883,0.0736492,0.0039130207,0.16685031,0.007832166,null,null,null,null,"TWOGAUSSIANS",8,87.88275,0.21004766,0.0028779479,0.4,0.0,0.1755907,0.005852903,0.70576066,0.0032331883,0.4,0.0,0.16206619,0.0082480265
375316653866487564,608406276671633280,0.5851772,2162.7598219862575,3.8437486957735496,2.8923838E-5,15.628473,0.0027490715,0.095704615,0.013113694,0.007953264,0.017341154,0.25270587,0.23287429,0.28752068,0.0033652151,0.01134501,0.0014275573,0.6662929,0.13498886,null,null,null,null,"TWOGAUSSIANS",8,49.996956,0.28752068,0.0033652151,0.06353206,0.007994321,0.6662929,0.13498886,0.095704615,0.013113694,0.044538274,0.09711046,0.25270587,0.23287429
375316653866487564,608433592662714880,0.6276369,2137.905019298637,2.573117184722324,7.5722846E-6,17.00272,0.010058264,0.27841142,0.0014625153,0.059739545,0.0058556916,0.15244222,0.021255864,0.7835323,0.0020121937,0.055042148,0.0034584405,0.23869829,0.022316149,0.086264566,0.012175853,0.27841142,0.0014625153,"TWOGAUSSIANS_WITH_ELLIPSOIDAL_ON_ECLIPSE1",9,4.499513,0.7835323,0.0020121937,0.30823603,0.019367266,0.41101974,0.0043636374,0.27841142,0.0014625153,0.33454144,0.03279187,0.32494223,0.007951023
375316653866487564,608459774783443840,0.51510835,2174.528948189056,3.109381715838091,1.630801E-5,11.844015,0.44652307,0.18869868,0.010624154,0.2764671,0.08150263,1.4870343,0.42877433,0.68293935,0.0061585438,0.16401275,0.037850257,0.94258,0.5928499,null,null,null,null,"TWOGAUSSIANS",8,509.2149,0.68293935,0.0061585438,0.4,0.0,0.21875355,0.014119532,0.19113868,0.009215415,0.4,0.0,0.20585275,0.01871498
375316653866487564,608518289417762176,0.70111704,2185.9272353857773,3.819381803703812,2.804431E-6,15.690019,0.007949212,0.25379694,7.824477E-4,0.051201124,0.001764206,0.3681475,0.015909636,0.75705963,9.920496E-4,0.04659861,0.0018852938,0.3156363,0.016054824,0.12057386,0.008527405,0.25379694,7.824477E-4,"TWOGAUSSIANS_WITH_ELLIPSOIDAL_ON_ECLIPSE1",9,18.62487,0.25379694,7.824477E-4,0.2867263,0.009879554,0.6092921,0.0055602794,0.75705963,9.920496E-4,0.2609522,0.010557645,0.55667955,0.005701765
375316653866487564,608557837476106368,0.5956544,2189.2301917779487,4.674961095477256,7.5891166E-6,17.596008,0.020510806,0.26090372,0.002102695,0.047768243,0.0032944952,0.7388971,0.050111942,0.77057755,0.0029496774,0.055748217,0.006777396,0.24514231,0.04727891,0.07862618,0.028070034,0.26090372,0.002102695,"TWOGAUSSIANS_WITH_ELLIPSOIDAL_ON_ECLIPSE1",9,23.14544,0.26090372,0.002102695,0.26750216,0.018449172,0.896143,0.019806625,0.77057755,0.0029496774,0.31219003,0.037953418,0.40180796,0.013262196
375316653866487564,608616489549407744,0.54050773,2151.5185949067113,2.4102802647787795,1.4253194E-5,12.957163,0.0031395254,0.24827518,0.0020420293,0.09116607,0.004031663,0.10631743,0.0037234677,0.73736066,0.005165487,0.08051096,0.005535,0.0971763,0.0059302594,null,null,null,null,"TWOGAUSSIANS",8,47.7179,0.24827518,0.0020420293,0.4,0.0,0.10388904,0.0034916336,0.73736066,0.005165487,0.4,0.0,0.09474798,0.006096636
375316653866487564,608656961025804928,0.55434144,2171.821996824097,0.5082806662296091,3.2037584E-4,16.587797,0.009218488,0.35633728,0.10145235,0.06700307,0.18651067,0.021952214,0.0056722257,0.7120233,0.03738522,0.034098636,0.029285492,0.4650944,126.94133,null,null,null,null,"TWOGAUSSIANS",8,16.838531,0.7120233,0.03738522,0.19095238,0.16399875,0.4650944,126.94097,0.35633728,0.10145235,0.3752172,0.15502205,0.021952214,0.0051851226
375316653866487564,608709050390152960,0.44274437,2237.852495657838,2.0266607908552614,1.9210758E-5,19.407282,0.016341727,0.23412801,0.012923657,0.032461517,0.0069702137,0.52866095,0.11165698,0.72105426,0.057015885,0.031905808,0.019589951,0.93217117,9.551651,null,null,null,null,"TWOGAUSSIANS",8,6.013029,0.72105426,0.057015885,0.17867252,0.10970372,0.93217117,9.551651,0.23412801,0.012923657,0.1817845,0.039033197,0.52866095,0.11165698
375316653866487564,608730868823384064,0.52355534,2216.9410620463236,2.398670288939168,1.1766016E-4,17.515976,0.019934466,0.25271145,0.013521408,0.0791218,0.016413698,0.19022277,0.024678865,0.69591707,0.010846699,0.049257148,0.0061377925,0.8790765,0.12967353,null,null,null,null,"TWOGAUSSIANS",8,49.10519,0.69591707,0.010846699,0.27584004,0.034371637,0.87902313,0.12961534,0.25271145,0.013521408,0.4,3.166793E-5,0.19016936,0.024662787
375316653866487564,608754783201433472,0.5846399,2190.046754795479,3.1732488274494,2.0189185E-5,18.52288,0.008273042,0.2753852,0.011710168,0.06280029,0.008184598,0.43713093,0.029615166,0.771868,0.005039366,0.07452615,0.006550595,0.5751087,0.046831783,null,null,null,null,"TWOGAUSSIANS",8,4.1927752,0.771868,0.005039366,0.4,0.0,0.5738914,0.04752938,0.2753852,0.011710168,0.3516816,0.045833748,0.4359136,0.028890116
375316653866487564,608787768549592192,0.7021111,2193.0408117032644,2.37821813932931,4.058519E-6,14.013961,0.0057908865,0.2982964,0.0013083157,0.057053,0.003146811,0.16873501,0.010841763,0.8024643,9.021212E-4,0.065053545,0.006493046,0.1292457,0.011248887,0.09709817,0.005853553,0.8024643,9.021212E-4,"TWOGAUSSIANS_WITH_ELLIPSOIDAL_ON_ECLIPSE2",9,15.675545,0.2992464,8.6134474E-4,0.31949678,0.017622141,0.36273965,0.0074563124,0.8024643,9.021212E-4,0.36429986,0.036361057,0.32335308,0.0017627064
375316653866487564,608790242450751872,0.670093,2190.0667365592844,0.3706809250379804,1.6344242E-6,12.766768,0.0014510517,0.10730739,4.8670688E-4,0.012278915,3.5759492E-4,0.6187549,0.00999367,null,null,null,null,null,null,0.0045382036,0.0033258323,0.10730739,4.8670688E-4,"ONEGAUSSIAN_WITH_ELLIPSOIDAL",6,135.57495,0.10730739,4.8670688E-4,0.06876193,0.0020025317,0.62783134,0.009516223,null,null,null,null,null,null
375316653866487564,608793712784554624,0.5717688,2201.2214250424877,4.04751707362362,6.9281623E-6,19.163332,0.008179953,0.2011579,0.0032809945,0.08420964,0.0035286092,0.44772363,0.012642415,0.71427876,0.0035814513,0.077702016,0.003469959,0.42205366,0.013870855,null,null,null,null,"TWOGAUSSIANS",8,1.655527,0.2011579,0.0032809945,0.4,0.0,0.44198915,0.011671854,0.71427876,0.0035814513,0.4,0.0,0.41631922,0.013132909
375316653866487564,608867414423288064,0.61735195,2198.7839901963275,3.785049521015197,5.045293E-6,18.068111,0.010873018,0.19963408,0.001249781,0.047378656,0.0038469112,0.28601637,0.018132782,0.6996249,0.0019723244,0.04633478,0.002589212,0.3397243,0.024984563,0.12864895,0.012543194,0.19963408,0.001249781,"TWOGAUSSIANS_WITH_ELLIPSOIDAL_ON_ECLIPSE1",9,4.838129,0.6996249,0.0018560408,0.25947475,0.014499588,0.59702146,0.012173094,0.19963408,0.001249781,0.26532048,0.021542702,0.54331356,0.010670103
375316653866487564,608953829165617408,0.44349453,2182.917009296611,3.7205729962568905,4.103179E-5,18.201029,0.057306178,0.24038719,0.00978897,0.11962246,0.041743133,0.12215197,0.054573428,0.7653654,0.012383428,0.09888984,0.032998458,0.1473583,0.05379168,null,null,null,null,"TWOGAUSSIANS",8,9.109909,0.7654454,0.01210379,0.4,0.0,0.13269396,0.0139154745,0.24037719,0.009774799,0.4,0.0,0.1074351,0.013646112
375316653866487564,608975578879596800,0.5849802,2144.32322744772,0.3210575421960025,1.0020745E-5,17.835848,0.0025060414,0.16574642,0.002425739,0.026538674,0.0026454383,0.4529161,0.037620656,0.6685771,0.0022298815,0.02635962,0.0019248286,0.2192615,0.009552437,null,null,null,null,"TWOGAUSSIANS",8,3.7237747,0.16574642,0.002425739,0.14861657,0.014814454,0.4529161,0.037620656,0.6685771,0.0022298815,0.14761387,0.01077904,0.2192615,0.009552437
375316653866487564,608993518960637952,0.43052068,2173.8103699108087,0.9944527772787547,4.201748E-5,18.870193,0.010055772,0.37711114,0.012953577,0.06510958,0.015518185,0.16140178,0.025343474,0.7570914,0.018561967,0.03368778,0.011553436,0.10160478,0.031849384,null,null,null,null,"TWOGAUSSIANS",8,5.226106,0.37711114,0.012953577,0.36461365,0.08498911,0.16140178,0.025343476,0.7570914,0.018561967,0.18865159,0.06469924,0.10160479,0.031849366
375316653866487564,609012622973537408,0.5153485,2185.5604389557234,2.868718393036449,2.591663E-5,13.803277,0.08090024,0.1861591,0.0038310962,0.18043283,0.023699718,0.36081922,0.07090674,0.68620455,0.0036564618,0.2005856,0.02626714,0.4046475,0.07457505,null,null,null,null,"TWOGAUSSIANS",8,71.3525,0.6862246,0.0037116923,0.4,0.0,0.09611329,0.0031841646,0.18612911,0.0042839358,0.4,0.0,0.072975874,0.004525498
375316653866487564,609028703331100672,0.6584161,2167.1783399049255,2.728978236981401,3.9467927E-6,15.2383995,0.007129405,0.17341097,8.563049E-4,0.043114983,0.001694763,0.39216986,0.015479257,0.67174643,0.0012678734,0.04177766,0.0023995684,0.45847479,0.024367288,0.13851233,0.009007829,0.17341097,8.563049E-4,"TWOGAUSSIANS_WITH_ELLIPSOIDAL_ON_ECLIPSE1",9,59.580322,0.67187643,0.0011524997,0.2339549,0.013437583,0.7354714,0.02564124,0.17341097,8.563049E-4,0.24144392,0.0094906725,0.6691945,0.0075542117
375316653866487564,609098449304398976,0.5219998,2141.420683009776,2.4660141729074283,2.863143E-5,18.72486,0.003484119,0.23085867,0.0060214316,0.030862583,0.009620478,0.099173404,0.022142526,0.74796116,9.919537E-4,0.02398356,8.7501213E-4,0.33060312,0.0062160795,null,null,null,null,"TWOGAUSSIANS",8,3.6696708,0.74796116,9.919537E-4,0.13430795,0.004900068,0.33060312,0.0062160795,0.23085867,0.0060214316,0.17283046,0.05387468,0.099173404,0.022142526
375316653866487564,609121440264601600,0.5072155,2250.03099997071,0.47332747923481516,5.53534E-6,18.083618,0.010895786,0.37518987,0.00965433,0.10153175,0.011757763,0.50593525,0.26743922,0.9220794,0.008247943,0.007660911,0.007315511,0.7258609,0.73375005,null,null,null,null,"TWOGAUSSIANS",8,2.5757854,0.9220794,0.008247943,0.042901102,0.04096686,0.7258796,0.73376083,0.37518987,0.00965433,0.4,0.0,0.5059297,0.2674458
375316653866487564,609142434065433216,0.51813257,2186.353201658081,3.9701745278179934,1.9866E-5,17.073765,0.021749837,0.33141986,0.0055812397,0.105155684,0.011103076,0.22767136,0.020475572,0.83078754,0.0043137027,0.10653998,0.013282878,0.1901638,0.019380318,null,null,null,null,"TWOGAUSSIANS",8,11.338799,0.33141986,0.0055812397,0.4,0.0,0.20231822,0.0058901906,0.83078754,0.0043137027,0.4,0.0,0.16481002,0.0099039525
