Gaia/vari_eclipsing_binary/VariEclipsingBinary_468281-468295.csv
# %ECSV 1.0
# ---
# delimiter: ','
# meta: !!omap
# - RELEASE: Gaia DR3
# - TABLE: vari_eclipsing_binary
# - DESCRIPTION: >
#     This table describes the properties of the eclipsing binaries resulting from the variability analysis. 
# - CITATION: >
#     How to cite and acknowledge Gaia: 
#     https://gea.esac.esa.int/archive/documentation/credits.html 
# - KNOWN_ISSUES: >
#     Known issues: 
#     https://www.cosmos.esa.int/web/gaia-users/known-issues 
# - DOCUMENTATION: >
#     Tutorials and documentation: 
#     https://www.cosmos.esa.int/web/gaia-users/archive 
# datatype:
# - 
#   name: solution_id
#   datatype: int64
#   description: Solution Identifier
#   meta:
#     ucd: meta.version
# - 
#   name: source_id
#   datatype: int64
#   description: Unique source identifier
#   meta:
#     ucd: meta.id;meta.main
# - 
#   name: global_ranking
#   datatype: float32
#   description: Number between 0 (worst) and 1 (best)
#   meta:
#     ucd: stat.param
# - 
#   name: reference_time
#   datatype: float64
#   unit: d
#   description: Reference time used for the geometric model fit
#   meta:
#     ucd: time.epoch
# - 
#   name: frequency
#   datatype: float64
#   unit: d**-1
#   description: Frequency of geometric model of the eclipsing binary light curve
#   meta:
#     ucd: src.orbital
# - 
#   name: frequency_error
#   datatype: float32
#   unit: d**-1
#   description: "Uncertainty of \\texttt{frequency}"
#   meta:
#     ucd: stat.error
# - 
#   name: geom_model_reference_level
#   datatype: float32
#   unit: mag
#   description: Magnitude reference level of geometric model
#   meta:
#     ucd: phot.mag;em.opt
# - 
#   name: geom_model_reference_level_error
#   datatype: float32
#   unit: mag
#   description: "Uncertainty of \\texttt{geomModelReferenceLevel}"
#   meta:
#     ucd: stat.error;phot.mag;em.opt
# - 
#   name: geom_model_gaussian1_phase
#   datatype: float32
#   description: Phase of the Gaussian 1 component
#   meta:
#     ucd: time.phase
# - 
#   name: geom_model_gaussian1_phase_error
#   datatype: float32
#   description: "Uncertainty of \\texttt{geomModelGaussian1Phase}"
#   meta:
#     ucd: stat.error;time.phase
# - 
#   name: geom_model_gaussian1_sigma
#   datatype: float32
#   description: "Standard deviation [phase] of Gaussian 1 component"
#   meta:
#     ucd: stat.stdev
# - 
#   name: geom_model_gaussian1_sigma_error
#   datatype: float32
#   description: "Uncertainty of \\texttt{geomModelGaussian1Sigma}"
#   meta:
#     ucd: stat.error
# - 
#   name: geom_model_gaussian1_depth
#   datatype: float32
#   unit: mag
#   description: Magnitude depth of Gaussian 1 component
#   meta:
#     ucd: src.var.amplitude
# - 
#   name: geom_model_gaussian1_depth_error
#   datatype: float32
#   unit: mag
#   description: "Uncertainty of \\texttt{geomModelGaussian1Depth}"
#   meta:
#     ucd: stat.error;src.var.amplitude
# - 
#   name: geom_model_gaussian2_phase
#   datatype: float32
#   description: Phase of Gaussian 2 component
#   meta:
#     ucd: time.phase
# - 
#   name: geom_model_gaussian2_phase_error
#   datatype: float32
#   description: "Uncertainty of \\texttt{geomModelGaussian2Phase}"
#   meta:
#     ucd: stat.error;time.phase
# - 
#   name: geom_model_gaussian2_sigma
#   datatype: float32
[...]
#   datatype: float32
#   description: "Secondary eclipse: uncertainty of \\texttt{derivedSecondaryEclDuration}"
#   meta:
#     ucd: stat.error;time.duration
# - 
#   name: derived_secondary_ecl_depth
#   datatype: float32
#   unit: mag
#   description: "Secondary eclipse: depth"
#   meta:
#     ucd: src.var.amplitude
# - 
#   name: derived_secondary_ecl_depth_error
#   datatype: float32
#   unit: mag
#   description: "Secondary eclipse: uncertainty of \\texttt{derivedSecondaryEclDepth}"
#   meta:
#     ucd: stat.error;src.var.amplitude
solution_id,source_id,global_ranking,reference_time,frequency,frequency_error,geom_model_reference_level,geom_model_reference_level_error,geom_model_gaussian1_phase,geom_model_gaussian1_phase_error,geom_model_gaussian1_sigma,geom_model_gaussian1_sigma_error,geom_model_gaussian1_depth,geom_model_gaussian1_depth_error,geom_model_gaussian2_phase,geom_model_gaussian2_phase_error,geom_model_gaussian2_sigma,geom_model_gaussian2_sigma_error,geom_model_gaussian2_depth,geom_model_gaussian2_depth_error,geom_model_cosine_half_period_amplitude,geom_model_cosine_half_period_amplitude_error,geom_model_cosine_half_period_phase,geom_model_cosine_half_period_phase_error,model_type,num_model_parameters,reduced_chi2,derived_primary_ecl_phase,derived_primary_ecl_phase_error,derived_primary_ecl_duration,derived_primary_ecl_duration_error,derived_primary_ecl_depth,derived_primary_ecl_depth_error,derived_secondary_ecl_phase,derived_secondary_ecl_phase_error,derived_secondary_ecl_duration,derived_secondary_ecl_duration_error,derived_secondary_ecl_depth,derived_secondary_ecl_depth_error
[from data line 556]
375316653866487564,4119162400491497600,0.49328834,2334.440201654939,0.23683849098557597,3.8885097E-5,19.690262,0.04745971,0.3042347,0.016889885,0.0956886,0.022254571,0.3194307,0.04633218,0.71490085,0.016079435,0.065433495,0.014162617,0.28717962,0.047254216,null,null,null,null,"TWOGAUSSIANS",8,7.159283,0.3042347,0.016889885,0.4,0.0,0.3186833,0.042346053,0.71490085,0.016079435,0.36642757,0.07391186,0.28646418,0.04349698
375316653866487564,4119162812750012544,0.5596446,2334.208146529106,0.1158972627409308,4.2447682E-5,19.436502,0.08557953,0.4542555,0.008181911,0.11480821,0.024837896,0.42289603,0.082133494,0.9803402,0.008938463,0.080510624,0.02395511,0.46601447,0.08249375,null,null,null,null,"TWOGAUSSIANS",8,2.0366209,0.9803802,0.00892186,0.4,0.065498635,0.44315475,0.057595737,0.4542555,0.008181911,0.4,0.0,0.39994025,0.05606761
375316653866487564,4119162847168042240,0.5231484,2345.200544432696,1.810696918277167,6.032387E-5,19.173122,0.006381365,0.18944317,0.009260559,0.0741971,0.0089001125,0.13144422,0.01858369,0.7410455,0.022145772,0.05974315,0.024714239,0.112994134,0.019015936,null,null,null,null,"TWOGAUSSIANS",8,0.65014195,0.18944317,0.009260559,0.4,0.009861992,0.1313935,0.018522117,0.7410455,0.022145772,0.33456165,0.097905785,0.112943426,0.018504396
375316653866487564,4119163087628248320,0.554183,2336.678499473732,0.6596696789646163,1.3430557E-5,17.679016,0.086275555,0.2993259,0.0038776107,0.109748535,0.019070353,0.41020888,0.07524297,0.78729576,0.0053490703,0.127821,0.025188928,0.3538738,0.08303006,null,null,null,null,"TWOGAUSSIANS",8,6.326587,0.2994359,0.0038792803,0.4,0.0,0.3367368,0.028325927,0.78729576,0.0053490703,0.4,0.0,0.28007197,0.019915557
375316653866487564,4119163499945717504,0.5099351,2321.008179573698,2.4506361174522033,2.4844676E-5,18.918095,0.17824851,0.40572658,0.0068772556,0.17454903,0.073061414,0.42792413,0.1307502,0.89329535,0.059240848,0.063016385,0.052253943,0.08616607,0.94479585,null,null,null,null,"TWOGAUSSIANS",8,3.8623102,0.40572658,0.0068772556,0.4,0.0,0.3786861,0.064458184,0.89329535,0.05969863,0.35289177,0.2904334,0.051331535,0.97163427
375316653866487564,4119163568665709440,0.5223009,2375.888462824197,1.9144520583652755,1.269095E-5,19.724337,0.016082715,0.7892053,0.009588097,0.021250656,0.015990868,0.12402558,0.08732604,null,null,null,null,null,null,0.1604429,0.03089697,0.7892053,0.009588097,"ONEGAUSSIAN_WITH_ELLIPSOIDAL",6,3.555449,0.7892053,0.009588097,0.119003676,0.089548856,0.44491103,0.07178552,null,null,null,null,null,null
375316653866487564,4119163907940995584,0.6010682,2343.5464783324196,0.20758684616984524,1.0856133E-4,17.152596,0.016157119,0.4067885,5.986415E-4,0.03339112,0.001106798,1.2677534,0.09870674,0.7340168,0.02111163,0.13952291,0.04461936,0.05615433,0.016009752,null,null,null,null,"TWOGAUSSIANS",8,6.9896374,0.4068385,5.7323236E-4,0.18699028,0.0061980686,1.2711599,0.099793196,0.7340168,0.02111163,0.4,0.0,0.05596999,0.014894981
375316653866487564,4119164595134228736,0.5563005,2323.782411945282,2.467422708852397,2.0627354E-5,17.546366,0.015299507,0.29362062,0.0050338586,0.091616705,0.012919769,0.20700353,0.02440279,0.78872544,0.00421697,0.097250946,0.0074939653,0.27637032,0.017723108,null,null,null,null,"TWOGAUSSIANS",8,6.570028,0.78872544,0.00421697,0.4,0.0,0.26290637,0.013294939,0.29362062,0.0050338586,0.4,0.0,0.19354047,0.027997661
375316653866487564,4119164668263592704,0.56778246,2363.23907691369,1.5144399863495888,3.5762583E-5,19.00224,0.07610985,0.30369633,0.020729972,0.11346713,0.040011626,0.30620542,0.07238415,0.81953084,0.00900466,0.10018972,0.02240146,0.35170606,0.07312584,null,null,null,null,"TWOGAUSSIANS",8,1.1254363,0.8195608,0.008983262,0.4,0.0,0.31643862,0.025712872,0.30369633,0.020739127,0.4,0.0,0.27089754,0.050513297
375316653866487564,4119164839974125312,0.48634422,2300.589572903331,1.6987356119804522,3.7763453E-5,19.04201,0.22289175,0.31577998,0.028062383,0.06994596,0.04274438,0.51674664,0.20346317,0.7901714,0.013198253,0.07588628,0.08852737,0.26979798,0.17565349,null,null,null,null,"TWOGAUSSIANS",8,13.674644,0.31577998,0.028044136,0.39169738,0.04848894,0.51564014,0.114509396,0.7901714,0.013198253,0.4,0.032732554,0.2686915,0.053216234
375316653866487564,4119164874333569152,0.46441525,2327.290681676851,4.18934189059668,3.1287105E-5,19.239298,0.009990726,0.35951266,0.028145688,0.029855264,0.019741107,0.15536611,0.044353202,0.8986598,0.007623953,0.051467836,0.013858281,0.13353452,0.018773302,null,null,null,null,"TWOGAUSSIANS",8,2.751324,0.35951266,0.028145688,0.16718948,0.110550195,0.15536611,0.04435317,0.8986598,0.007623953,0.28821987,0.07760637,0.13353452,0.018773315
375316653866487564,4119165282330550784,0.5428498,2333.208173134357,1.1923039384367786,2.2676346E-5,18.337204,0.032562796,0.22259174,0.016113484,0.06413666,0.015932959,0.41622484,0.031115254,0.71893173,0.02442882,0.046316452,0.027792018,0.9951947,0.27055964,null,null,null,null,"TWOGAUSSIANS",8,44.328075,0.71893173,0.02442882,0.25937214,0.1556353,0.9951588,0.271214,0.22259174,0.016113484,0.3591653,0.07674698,0.41618896,0.031043055
375316653866487564,4119165389732803200,0.54063207,2358.988465463975,1.110434788007954,1.9235904E-5,19.355238,0.055545706,0.15742274,0.010559711,0.11634866,0.02858798,0.25768846,0.050425176,0.65896875,0.0059861722,0.0972562,0.01829659,0.31931803,0.051583346,null,null,null,null,"TWOGAUSSIANS",8,0.9039882,0.65896875,0.0059864745,0.4,0.0,0.2835747,0.04176397,0.15742274,0.0105684865,0.4,0.0,0.2218959,0.015062127
375316653866487564,4119165419767991424,0.51109815,2265.508353202526,1.3337334718007399,9.0420945E-5,18.590044,0.020665511,0.26105756,0.019088695,0.06593789,0.02335759,0.2802933,0.30367616,0.76176757,0.007969299,0.08151669,0.009260944,0.3029531,0.019719832,null,null,null,null,"TWOGAUSSIANS",8,7.697417,0.76176757,0.007969299,0.4,0.0,0.3011295,0.01829506,0.26105756,0.019088695,0.3692522,0.11591581,0.27846968,0.3057971
375316653866487564,4119165630249986944,0.5153742,2342.6219183089956,1.937900952807188,6.1982784E-5,18.089489,0.05153275,0.2646735,0.005070691,0.11143756,0.029611457,0.27078322,0.034053717,0.75653267,0.011105285,0.097723745,0.022102544,0.28553763,0.051895898,null,null,null,null,"TWOGAUSSIANS",8,4.620258,0.75653267,0.011105285,0.4,0.0,0.25662196,0.039430615,0.2646735,0.0050709182,0.4,0.0,0.24184461,0.047711637
375316653866487564,4119165767746235648,0.5357315,2323.6189489953945,0.1414810780497988,4.830476E-5,19.507318,0.10150553,0.47912738,0.016496414,0.20560963,0.06074636,0.4054393,0.077434264,0.93168133,0.0042860787,0.013582351,0.011268207,0.19773927,26.32374,null,null,null,null,"TWOGAUSSIANS",8,0.98619246,0.47912738,0.016496414,0.4,0.0,0.3631185,0.03689671,0.93168133,0.0042860787,0.07606117,0.06310196,0.20309217,26.321266
375316653866487564,4119165900805905152,0.53569716,2265.2096366742044,2.2827513885905337,1.6623788E-5,17.060081,0.010280432,0.24426721,0.0039643943,0.100678235,0.007947932,0.122381285,0.010271844,0.74886763,0.008193102,0.0936752,0.013300322,0.08917991,0.010051068,null,null,null,null,"TWOGAUSSIANS",8,4.426322,0.24426721,0.0039643943,0.4,0.0,0.115171365,0.0058828066,0.74886763,0.008195451,0.4,0.0,0.08197098,0.006238799
375316653866487564,4119166214365678976,0.6207405,2290.296433707108,1.0788645690022471,6.101262E-6,18.015541,0.00905495,0.2605282,0.021223951,0.069832236,0.027528346,0.28617713,0.15541983,0.7648562,0.0012099469,0.04923995,0.0014420025,0.9727786,0.070995554,null,null,null,null,"TWOGAUSSIANS",8,5.38218,0.7648562,0.0012099469,0.2757437,0.008075214,0.9726616,0.07093293,0.2605282,0.021223951,0.39106053,0.025035158,0.28606012,0.15625574
375316653866487564,4119167137750274304,0.44539303,2285.75060098297,2.6013539817577938,5.6745823E-5,17.413761,0.019319165,0.28390682,0.023653505,0.024155974,0.027264947,0.10176528,0.055286676,0.76077414,0.05721628,0.04748924,0.04711011,0.16241287,15.339222,0.06397315,0.02473252,0.28390682,0.023653505,"TWOGAUSSIANS_WITH_ELLIPSOIDAL_ON_ECLIPSE1",9,88.78416,0.76359415,0.05609649,0.26593974,0.26381662,0.28800017,15.340339,0.28390682,0.023653505,0.13527346,0.1526837,0.22971149,0.033377856
375316653866487564,4119168413386509440,0.6275872,2350.120765348745,2.093105420314563,4.857254E-6,19.354242,0.007844876,0.27049255,8.934649E-4,0.08466237,0.0024180065,0.45771682,0.0059692785,0.75262475,0.005723022,0.073200054,0.004859888,0.38030022,0.011798265,null,null,null,null,"TWOGAUSSIANS",8,0.43482983,0.27049255,8.934649E-4,0.4,0.0,0.4538593,0.0059141023,0.75262475,0.005723022,0.4,0.0,0.37644273,0.010849317
375316653866487564,4119168791342269568,0.43658754,2319.669924904343,1.1155285254250666,9.76122E-5,19.732153,0.12328948,0.3411143,0.015381441,0.036370493,0.03300735,2.0715947,24.292154,0.6614158,0.026400458,0.20445436,0.11118407,0.24921411,0.10206727,null,null,null,null,"TWOGAUSSIANS",8,2.2815506,0.3414643,0.016728727,0.20367478,0.18484116,2.1206665,24.286592,0.6614158,0.026400458,0.4,0.0,0.22415046,0.030286686
375316653866487564,4119169581616404736,0.5019221,2317.013077869469,0.27982416170013186,1.2823888E-4,18.950945,0.011086689,0.17874621,0.0038914545,0.029177971,0.0062272577,0.82845646,0.47958955,0.582966,0.019782411,0.06820396,0.021114271,0.08862876,0.04868909,null,null,null,null,"TWOGAUSSIANS",8,1.7340307,0.17874621,0.0038914545,0.16339664,0.034872644,0.82845646,0.47958958,0.582966,0.019782411,0.38194218,0.08902787,0.08862876,0.04868914
375316653866487564,4119169611651669888,0.5838394,2193.974813793991,2.270177942625467,1.4510466E-5,17.448313,0.004977404,0.18734448,0.003093333,0.072187,0.0043002795,0.3043952,0.014960609,0.6863431,0.010149453,0.07501488,0.005400604,0.3289008,0.026680559,null,null,null,null,"TWOGAUSSIANS",8,7.421459,0.6863431,0.010149453,0.4,0.0,0.32696822,0.026302919,0.18734448,0.003093333,0.4,0.0081529785,0.3024626,0.015296745
375316653866487564,4119170848601173248,0.4660719,2331.1465289161633,0.5908640246301066,6.9019894E-5,16.39582,0.010445192,0.24036969,0.03583305,0.014834558,0.01670096,0.5099108,26.321949,0.7735811,0.012978134,0.0348498,0.012528931,0.41351396,0.23838383,0.014250615,0.013928454,0.24036969,0.03583305,"TWOGAUSSIANS_WITH_ELLIPSOIDAL_ON_ECLIPSE1",9,56.00647,0.24036969,0.03583305,0.08307353,0.09352538,0.53841203,26.325264,0.7735811,0.012972249,0.19515888,0.07016201,0.440792,0.24362066
375316653866487564,4119171535818580480,0.5637153,2316.6219405422253,2.837947539045288,1.5489328E-5,17.742374,0.013086994,0.20800953,0.0059048557,0.08129771,0.00703285,0.32333636,0.016683353,0.7064496,0.0044824574,0.08213308,0.007428158,0.3453082,0.022170752,null,null,null,null,"TWOGAUSSIANS",8,9.14015,0.7064496,0.0044824574,0.4,0.0,0.3392845,0.022689626,0.20800953,0.0059048557,0.4,0.0,0.31731263,0.016061928
375316653866487564,4119171849361560960,0.50238895,2321.862088276222,2.08652967500352,4.530914E-5,19.42491,0.29871336,0.2501368,0.010923484,0.11449171,0.042384148,0.41374868,0.2811595,0.757775,0.038374674,0.11049435,0.07410965,0.4315485,0.3140554,null,null,null,null,"TWOGAUSSIANS",8,3.9374812,0.75779504,0.03839416,0.4,0.0,0.36536857,0.048093203,0.25012678,0.009577365,0.4,0.0,0.3475389,0.08657738
375316653866487564,4119173223750358656,0.5611382,2257.4180084403606,3.697561634627566,9.715732E-6,16.460417,0.015479076,0.25518444,0.0028911158,0.07557354,0.0055622975,0.5190963,0.036051203,0.7609811,0.0035180533,0.07548115,0.004337354,0.47572005,0.028624002,null,null,null,null,"TWOGAUSSIANS",8,61.325504,0.25518444,0.0028911158,0.4,0.0,0.5154432,0.036599636,0.7609811,0.0035180533,0.4,0.0,0.47206697,0.0283553
375316653866487564,4119173223750358784,0.47573563,2330.4700018211315,2.406009199379828,3.8162976E-5,18.500187,0.024276175,0.18048362,0.03906306,0.042942267,0.02283339,0.44599167,0.15832585,0.656568,0.067402564,0.051367287,0.042463146,0.23746999,4.3707633,null,null,null,null,"TWOGAUSSIANS",8,1.964228,0.18048362,0.03906306,0.24047668,0.12786698,0.44599152,0.15832022,0.656568,0.067402564,0.2876568,0.23779362,0.23746987,4.370764
375316653866487564,4119173940978866560,0.47687954,2235.600453989232,1.619725519830215,2.0732596E-5,17.77922,0.0066386284,0.26844504,0.0089583425,0.095324576,0.011567431,0.09194394,0.006605628,0.7340938,0.005120921,0.08950096,0.01223769,0.10357166,0.008849138,null,null,null,null,"TWOGAUSSIANS",8,2.0056684,0.7340938,0.005120921,0.4,0.0,0.100593,0.00993058,0.26844504,0.0089583425,0.4,0.0,0.0889648,0.0053451494
375316653866487564,4119174838746928384,0.48574468,2290.4839639966312,2.2455901001863086,4.1515388E-5,19.619001,0.03218208,0.25413433,0.015373391,0.076751724,0.014913981,0.43163344,0.098021924,0.73800576,0.0085870745,0.06697974,0.031607814,0.69541556,1.0509274,null,null,null,null,"TWOGAUSSIANS",8,3.6291137,0.73800576,0.0085870745,0.37508658,0.096603304,0.69371766,1.0553262,0.25413433,0.015373391,0.4,0.009966429,0.42993551,0.09971458
