Gaia/vari_eclipsing_binary/VariEclipsingBinary_471986-472029.csv
# %ECSV 1.0
# ---
# delimiter: ','
# meta: !!omap
# - RELEASE: Gaia DR3
# - TABLE: vari_eclipsing_binary
# - DESCRIPTION: >
#     This table describes the properties of the eclipsing binaries resulting from the variability analysis. 
# - CITATION: >
#     How to cite and acknowledge Gaia: 
#     https://gea.esac.esa.int/archive/documentation/credits.html 
# - KNOWN_ISSUES: >
#     Known issues: 
#     https://www.cosmos.esa.int/web/gaia-users/known-issues 
# - DOCUMENTATION: >
#     Tutorials and documentation: 
#     https://www.cosmos.esa.int/web/gaia-users/archive 
# datatype:
# - 
#   name: solution_id
#   datatype: int64
#   description: Solution Identifier
#   meta:
#     ucd: meta.version
# - 
#   name: source_id
#   datatype: int64
#   description: Unique source identifier
#   meta:
#     ucd: meta.id;meta.main
# - 
#   name: global_ranking
#   datatype: float32
#   description: Number between 0 (worst) and 1 (best)
#   meta:
#     ucd: stat.param
# - 
#   name: reference_time
#   datatype: float64
#   unit: d
#   description: Reference time used for the geometric model fit
#   meta:
#     ucd: time.epoch
# - 
#   name: frequency
#   datatype: float64
#   unit: d**-1
#   description: Frequency of geometric model of the eclipsing binary light curve
#   meta:
#     ucd: src.orbital
# - 
#   name: frequency_error
#   datatype: float32
#   unit: d**-1
#   description: "Uncertainty of \\texttt{frequency}"
#   meta:
#     ucd: stat.error
# - 
#   name: geom_model_reference_level
#   datatype: float32
#   unit: mag
#   description: Magnitude reference level of geometric model
#   meta:
#     ucd: phot.mag;em.opt
# - 
#   name: geom_model_reference_level_error
#   datatype: float32
#   unit: mag
#   description: "Uncertainty of \\texttt{geomModelReferenceLevel}"
#   meta:
#     ucd: stat.error;phot.mag;em.opt
# - 
#   name: geom_model_gaussian1_phase
#   datatype: float32
#   description: Phase of the Gaussian 1 component
#   meta:
#     ucd: time.phase
# - 
#   name: geom_model_gaussian1_phase_error
#   datatype: float32
#   description: "Uncertainty of \\texttt{geomModelGaussian1Phase}"
#   meta:
#     ucd: stat.error;time.phase
# - 
#   name: geom_model_gaussian1_sigma
#   datatype: float32
#   description: "Standard deviation [phase] of Gaussian 1 component"
#   meta:
#     ucd: stat.stdev
# - 
#   name: geom_model_gaussian1_sigma_error
#   datatype: float32
#   description: "Uncertainty of \\texttt{geomModelGaussian1Sigma}"
#   meta:
#     ucd: stat.error
# - 
#   name: geom_model_gaussian1_depth
#   datatype: float32
#   unit: mag
#   description: Magnitude depth of Gaussian 1 component
#   meta:
#     ucd: src.var.amplitude
# - 
#   name: geom_model_gaussian1_depth_error
#   datatype: float32
#   unit: mag
#   description: "Uncertainty of \\texttt{geomModelGaussian1Depth}"
#   meta:
#     ucd: stat.error;src.var.amplitude
# - 
#   name: geom_model_gaussian2_phase
#   datatype: float32
#   description: Phase of Gaussian 2 component
#   meta:
#     ucd: time.phase
# - 
#   name: geom_model_gaussian2_phase_error
#   datatype: float32
#   description: "Uncertainty of \\texttt{geomModelGaussian2Phase}"
#   meta:
#     ucd: stat.error;time.phase
# - 
#   name: geom_model_gaussian2_sigma
#   datatype: float32
[...]
#   datatype: float32
#   description: "Secondary eclipse: uncertainty of \\texttt{derivedSecondaryEclDuration}"
#   meta:
#     ucd: stat.error;time.duration
# - 
#   name: derived_secondary_ecl_depth
#   datatype: float32
#   unit: mag
#   description: "Secondary eclipse: depth"
#   meta:
#     ucd: src.var.amplitude
# - 
#   name: derived_secondary_ecl_depth_error
#   datatype: float32
#   unit: mag
#   description: "Secondary eclipse: uncertainty of \\texttt{derivedSecondaryEclDepth}"
#   meta:
#     ucd: stat.error;src.var.amplitude
solution_id,source_id,global_ranking,reference_time,frequency,frequency_error,geom_model_reference_level,geom_model_reference_level_error,geom_model_gaussian1_phase,geom_model_gaussian1_phase_error,geom_model_gaussian1_sigma,geom_model_gaussian1_sigma_error,geom_model_gaussian1_depth,geom_model_gaussian1_depth_error,geom_model_gaussian2_phase,geom_model_gaussian2_phase_error,geom_model_gaussian2_sigma,geom_model_gaussian2_sigma_error,geom_model_gaussian2_depth,geom_model_gaussian2_depth_error,geom_model_cosine_half_period_amplitude,geom_model_cosine_half_period_amplitude_error,geom_model_cosine_half_period_phase,geom_model_cosine_half_period_phase_error,model_type,num_model_parameters,reduced_chi2,derived_primary_ecl_phase,derived_primary_ecl_phase_error,derived_primary_ecl_duration,derived_primary_ecl_duration_error,derived_primary_ecl_depth,derived_primary_ecl_depth_error,derived_secondary_ecl_phase,derived_secondary_ecl_phase_error,derived_secondary_ecl_duration,derived_secondary_ecl_duration_error,derived_secondary_ecl_depth,derived_secondary_ecl_depth_error
[from data line 76]
375316653866487564,4151698422650807424,0.5085166,2250.6927665481408,1.2124901698831665,2.8608652E-5,18.345034,0.009916609,0.2725862,0.014460376,0.04689724,0.007539881,0.07834864,0.013625355,0.7629686,0.0060008243,0.056457046,0.015902486,0.19386502,0.039912738,null,null,null,null,"TWOGAUSSIANS",8,3.6992602,0.7629686,0.0060008243,0.31615946,0.089053914,0.19386367,0.03993289,0.2725862,0.014460376,0.26262456,0.04222333,0.078347296,0.01361627
375316653866487564,4151698633116833664,0.5137575,2224.8586310509404,0.10651055920118871,3.976528E-5,19.842976,0.017372567,0.26703218,0.020764977,0.09620561,0.013200115,0.3935824,0.05349329,0.6646592,0.016832808,0.044560455,0.02202637,0.9377443,2.142891,null,null,null,null,"TWOGAUSSIANS",8,2.0203154,0.6646592,0.016832808,0.24953856,0.12334767,0.93772066,2.1432085,0.26703218,0.020764977,0.4,0.0,0.39348188,0.05344206
375316653866487564,4151699178557296000,0.47323754,2233.0583808260735,1.065335582907705,4.9102466E-5,19.693977,0.006987196,0.27343127,0.039186828,0.04680055,0.03198651,0.17108575,0.17606446,0.7649687,0.0021150124,0.059238818,0.0057446305,0.2396124,0.04309905,null,null,null,null,"TWOGAUSSIANS",8,1.5515025,0.7649687,0.0021150124,0.3317374,0.03216993,0.23960823,0.04310322,0.27343127,0.039186828,0.26208308,0.17235959,0.17108157,0.17609385
375316653866487564,4151700209349092480,0.49799109,2272.3320278117976,1.4562972122180715,2.2320148E-5,19.140202,0.004460417,0.3083632,0.004035082,0.07471591,0.0051256404,0.28234017,0.03334023,0.7991656,0.009886262,0.07330797,0.011446619,0.10056262,0.009281507,null,null,null,null,"TWOGAUSSIANS",8,2.686327,0.3083632,0.004035082,0.4,0.0036183547,0.28143844,0.033558097,0.7991656,0.009886262,0.4,0.037409615,0.099660896,0.009314296
375316653866487564,4151700522891480960,0.5172107,2237.5249113910413,4.110853946060217,3.3588545E-5,19.571276,0.037405185,0.53951025,0.008232519,0.18899985,0.017761936,0.40036437,0.037585385,0.9666132,6.935658E-5,0.0067593683,0.0016178931,0.117499635,0.0069021783,null,null,null,null,"TWOGAUSSIANS",8,2.3344378,0.53951025,0.008232519,0.4,0.0,0.37616888,0.030784676,0.9666132,6.935658E-5,0.037852462,0.009060201,0.12850793,0.009679889
375316653866487564,4151701347538473472,0.466429,2207.094808319166,3.1959939595790203,3.5061705E-5,19.01552,0.31601685,0.20779002,0.016300216,0.18640599,0.13354236,0.24543971,0.30955118,0.6856525,0.012198348,0.12009209,0.036661293,0.2837089,0.19559155,null,null,null,null,"TWOGAUSSIANS",8,2.7891505,0.6856525,0.012198348,0.4,0.0,0.18101701,0.022924738,0.20817001,0.016065015,0.4,0.0,0.12883818,0.01761873
375316653866487564,4151702030415337216,0.5095781,2230.3266858328066,0.1637468978573768,3.458042E-5,19.21367,0.16803825,0.28340027,0.020668112,0.2404622,0.12039055,0.2287906,0.170157,0.7684032,0.0062152436,0.06685329,0.0065968493,0.90595907,0.06082017,null,null,null,null,"TWOGAUSSIANS",8,3.9232798,0.7684032,0.0062152436,0.37437844,0.036942355,0.8476972,0.036393743,0.28340027,0.020668112,0.4,0.0,0.11759321,0.017561138
375316653866487564,4151708013325306624,0.5904729,2293.9678660698632,2.976344293280701,9.828241E-6,18.711191,0.009217843,0.2063963,0.0045606713,0.06485466,0.0055827573,0.5311275,0.05318438,0.7037739,0.002652934,0.06804125,0.0027677733,0.5818869,0.02156579,null,null,null,null,"TWOGAUSSIANS",8,2.1455624,0.7037739,0.002652934,0.38103098,0.01549953,0.5810151,0.021548599,0.2063963,0.0045606713,0.3631861,0.03126344,0.5302557,0.05344423
375316653866487564,4151708047685256832,0.5264535,2305.441056944988,2.974589370215224,1.9346153E-5,16.281649,0.006273943,0.279237,0.008177171,0.053548448,0.018456727,0.062347725,0.017033711,0.6984157,0.00144768,0.018391315,0.00538106,0.8236345,6.313708,0.11137906,0.0052945837,0.279237,0.008177171,"TWOGAUSSIANS_WITH_ELLIPSOIDAL_ON_ECLIPSE1",9,69.38569,0.69890565,0.0019457676,0.102991365,0.030133935,0.9940076,6.3134704,0.279237,0.008177171,0.2998713,0.10335767,0.28510433,0.014714803
375316653866487564,4151709349045895808,0.4936286,2243.7001138069354,3.0567472289619073,1.5699121E-5,19.333664,0.025366079,0.308511,0.009552262,0.08883071,0.015022511,0.24519163,0.026843425,0.8018048,0.010201268,0.08012137,0.019141013,0.23534507,0.04039619,null,null,null,null,"TWOGAUSSIANS",8,2.3073206,0.308511,0.009552262,0.4,0.0,0.23984203,0.023275556,0.8018048,0.010201268,0.4,0.004578611,0.22999552,0.040634215
375316653866487564,4151709761361024128,0.5391882,2292.1841612987123,1.76193017512956,7.661038E-6,16.51765,0.05430304,0.2759911,0.003552033,0.122448824,0.02912261,0.12613826,0.050316963,0.7906743,0.011299809,0.12902096,0.055102624,0.09178206,0.048985355,null,null,null,null,"TWOGAUSSIANS",8,4.1563873,0.2758411,0.0028631664,0.4,0.0,0.10001022,0.004665924,0.79085433,0.011252381,0.4,0.0,0.06561151,0.008964287
375316653866487564,4151712269617331072,0.56689656,2218.5452877117186,0.8255402690720423,3.2930304E-5,19.022394,0.0038732172,0.28125012,0.01909432,0.040793218,0.018078888,0.09669484,0.025215803,0.7817763,0.0017032783,0.047578625,0.0023801257,0.25399643,0.010929989,null,null,null,null,"TWOGAUSSIANS",8,0.870263,0.7817763,0.0017032783,0.2664403,0.013328704,0.2539964,0.010930004,0.28125012,0.01909432,0.22844203,0.101241775,0.09669481,0.025215989
375316653866487564,4151712750653793280,0.56787694,2277.5459178859373,2.047575640416613,1.4270866E-5,17.140984,0.008777811,0.21528652,0.0055825594,0.08100946,0.008793511,0.18007116,0.010408096,0.70997816,0.00429747,0.09581138,0.005420596,0.24100158,0.008537838,null,null,null,null,"TWOGAUSSIANS",8,5.03913,0.70997816,0.00429747,0.4,0.0,0.23392133,0.0056349314,0.21528652,0.0055825594,0.4,0.0,0.17299153,0.009970342
375316653866487564,4151713407792832896,0.5152929,2252.4783544991824,2.652135848240632,8.230299E-5,19.724274,0.038193062,0.27835965,0.012689324,0.09771197,0.017275155,0.2978554,0.04426861,0.77865595,0.019554455,0.08325817,0.028018985,0.26432917,0.048926346,null,null,null,null,"TWOGAUSSIANS",8,1.9595414,0.27835965,0.012689324,0.4,0.0,0.28554666,0.03356645,0.77865595,0.019557755,0.4,0.031596735,0.25202164,0.043969892
375316653866487564,4151713442163888768,0.59701025,2264.593793000334,1.5571003925868703,8.023323E-6,17.025206,0.0076785833,0.28580102,0.0027654592,0.095295556,0.0045532337,0.19694209,0.007560367,0.7822554,0.0029311595,0.08749219,0.008992297,0.24559554,0.018214723,null,null,null,null,"TWOGAUSSIANS",8,3.7076378,0.7822554,0.0029311595,0.4,0.0,0.23577459,0.022778505,0.28580102,0.0027654592,0.4,0.0,0.18712077,0.003533446
375316653866487564,4151715018399896448,0.5174798,2245.022534093102,3.022168938628305,7.028273E-5,18.561934,0.0048922338,0.28476322,0.012880707,0.016170476,0.0059142536,0.23858085,0.18018168,0.73535985,0.015323325,0.051514808,0.0091416575,0.41874704,0.12308086,0.040404618,0.011633039,0.28476322,0.012880707,"TWOGAUSSIANS_WITH_ELLIPSOIDAL_ON_ECLIPSE1",9,6.4669123,0.73716986,0.014512914,0.28848293,0.05119328,0.4922842,0.12334426,0.28476322,0.012880707,0.09055467,0.03311982,0.31938982,0.18523744
375316653866487564,4151715400658365312,0.54822594,2308.1256208573564,3.047324048933638,2.7340222E-5,18.773457,0.019434476,0.27723256,0.016398555,0.061415497,0.02720115,0.43961906,0.1272894,0.7579471,0.0054963003,0.07362308,0.010504065,0.32788184,0.03290247,null,null,null,null,"TWOGAUSSIANS",8,3.2349372,0.27723256,0.016398555,0.3439268,0.08415845,0.43916088,0.13066988,0.7579471,0.0054963003,0.4,0.023490028,0.32742366,0.032492127
375316653866487564,4151717320502406656,0.5975147,2253.736448259632,1.1161305140052564,5.4253514E-6,16.98173,0.0040772627,0.32220346,0.0015641521,0.051954884,0.0035256152,0.09916976,0.0070980205,0.8213473,0.0072387084,0.05267868,0.028533077,0.35856003,0.27019262,null,null,null,null,"TWOGAUSSIANS",8,2.2312293,0.8213473,0.0072387084,0.29500058,0.10241889,0.35855606,0.2703418,0.32220346,0.0015641521,0.29094735,0.019743444,0.09916579,0.007049042
375316653866487564,4151718561765183488,0.57952577,2262.494259371312,2.9560614663341473,9.332008E-6,16.079916,0.014011512,0.3199764,0.0047412133,0.09476102,0.0077311336,0.3109001,0.016736321,0.82597846,0.0032130678,0.08621395,0.0060519893,0.32319808,0.015942385,null,null,null,null,"TWOGAUSSIANS",8,22.424263,0.82597846,0.0032130678,0.4,0.0,0.31050736,0.01544869,0.3199764,0.0047412133,0.4,0.0,0.2982088,0.0149098085
375316653866487564,4151719450806297216,0.5552277,2290.6949061219625,2.0629083240692614,2.2046752E-5,17.569834,0.040011898,0.22176148,0.0066389535,0.10387452,0.015052035,0.36960196,0.038877983,0.71656525,0.0059042415,0.09811412,0.01038252,0.41227585,0.0415737,null,null,null,null,"TWOGAUSSIANS",8,11.938392,0.71656525,0.0059042415,0.4,0.0,0.37816563,0.021855861,0.22176148,0.0066389535,0.4,0.0,0.33548662,0.0143532185
375316653866487564,4151719656965758464,0.50342023,2284.099777743315,1.4750913809182291,1.8557994E-5,18.926273,0.041526597,0.24931565,0.016539939,0.08419856,0.03339991,0.23802051,0.051390443,0.7635869,0.006173151,0.092304684,0.016931767,0.18694675,0.04050297,null,null,null,null,"TWOGAUSSIANS",8,2.5221336,0.24931565,0.016566994,0.4,0.010727664,0.23202181,0.06316499,0.7635869,0.006173195,0.4,0.0,0.18094786,0.022132529
375316653866487564,4151720996992468352,0.5421747,2248.883801061278,3.4604353899267153,2.2535212E-5,19.087805,0.014530127,0.253749,0.019020561,0.072269365,0.02435771,0.43675014,0.09764562,0.7592357,0.0044920538,0.068948604,0.008016145,0.38203907,0.014214285,null,null,null,null,"TWOGAUSSIANS",8,3.1609776,0.253749,0.019020561,0.4,0.05759827,0.43539962,0.10196585,0.7592357,0.0044920538,0.38611215,0.03710309,0.38068855,0.013409375
375316653866487564,4151722302662545920,0.59928906,2293.5293494901975,3.2232166033655334,6.8166105E-6,18.921974,0.005946418,0.3248231,0.033092007,0.04551369,0.021770963,0.2096022,0.37468222,0.80804664,0.0027680926,0.0388603,0.004707674,0.40970364,0.037617363,0.12685558,0.014139566,0.80804664,0.0027680926,"TWOGAUSSIANS_WITH_ELLIPSOIDAL_ON_ECLIPSE2",9,2.274626,0.80804664,0.0027680926,0.21761768,0.026362974,0.66341484,0.050038826,0.32206312,0.033677537,0.25487667,0.1219174,0.46096563,0.3696543
375316653866487564,4151723470894126592,0.5130292,2295.7287819099,2.705297452477059,1.6448965E-5,19.173164,0.2606905,0.21624744,0.010022598,0.08511908,0.052287463,0.29039934,0.20977207,0.70980716,0.025687857,0.09993596,0.12756206,0.26577678,0.20486031,null,null,null,null,"TWOGAUSSIANS",8,3.0481756,0.21624744,0.009208707,0.4,0.0,0.27736828,0.024003113,0.70980716,0.025687857,0.4,0.0,0.2527437,0.04221228
375316653866487564,4151723475208381184,0.5990381,2270.8873132493086,2.35664370015161,9.49125E-6,17.275808,0.011326277,0.26345932,0.0026776053,0.08850309,0.004405902,0.2799462,0.0120458305,0.76680183,0.0046567065,0.09650958,0.0071777217,0.26888493,0.009918188,null,null,null,null,"TWOGAUSSIANS",8,4.100973,0.26345932,0.0026776053,0.4,0.0,0.26641992,0.009052805,0.76680183,0.0046567065,0.4,0.0,0.2553579,0.0068756654
375316653866487564,4151723750086305536,0.46056625,2247.2771392565332,0.5400852397367356,3.8227154E-5,18.43096,0.0044390713,0.120141745,0.0061035505,0.03852217,0.012939205,0.13397172,0.12423743,0.4770116,0.025158886,0.045164123,0.02422228,0.427162,13.540992,null,null,null,null,"TWOGAUSSIANS",8,5.773082,0.4770116,0.025158886,0.25291908,0.13564476,0.427162,13.540992,0.120141745,0.0061035505,0.21572416,0.07245955,0.13397172,0.12423743
375316653866487564,4151723956236913280,0.49204126,2226.112625670479,3.3610896495994473,1.710257E-5,19.85369,0.01131536,0.26435342,0.0029769603,0.029863074,0.0038145913,0.32461405,0.04430291,0.62558913,0.022120155,0.045419134,0.027012628,0.16799164,1.2634887,null,null,null,null,"TWOGAUSSIANS",8,2.2940028,0.26435342,0.0029769603,0.16723321,0.02136171,0.32461405,0.04430291,0.62558913,0.022120155,0.25434715,0.15127072,0.16799164,1.2634887
375316653866487564,4151724123731774848,0.6615074,2301.9916425400174,1.0237892339433563,4.2459174E-6,16.495726,0.0029899762,0.2537654,9.7061944E-4,0.084747575,0.0016252057,0.38145489,0.006461649,0.7540883,0.0012425244,0.08537371,0.0020869228,0.3328732,0.003944694,null,null,null,null,"TWOGAUSSIANS",8,4.1792083,0.2537654,9.7061944E-4,0.4,0.0,0.37202612,0.0067849415,0.7540883,0.0012425244,0.4,0.0,0.32344446,0.0039375173
375316653866487564,4151724604765627008,0.49757132,2233.142351322475,2.9782591943132855,2.2934593E-5,18.605816,0.014283844,0.24325493,0.0039891102,0.09618977,0.010381985,0.19597515,0.016020048,0.7625895,0.010340589,0.102828756,0.016410572,0.15807225,0.015276934,null,null,null,null,"TWOGAUSSIANS",8,1.7099906,0.24324493,0.0039843176,0.4,0.0,0.18435372,0.015890202,0.7625895,0.010344705,0.4,0.0,0.14644834,0.01155624
375316653866487564,4151724712158991744,0.5284605,2236.2028590975633,1.4036739275924333,3.778627E-5,18.293678,0.015552194,0.24254243,0.006532825,0.108372085,0.01074622,0.25018057,0.014749257,0.72577727,0.0053837756,0.0913009,0.015814414,0.24252033,0.14416328,null,null,null,null,"TWOGAUSSIANS",8,3.514555,0.24254243,0.006532825,0.4,0.0,0.23292717,0.011211648,0.72577727,0.0053837756,0.4,0.0,0.22528164,0.15059838
375316653866487564,4151725326321296384,0.6217734,2256.9600289501172,0.6053830904078544,6.491239E-6,18.501043,0.005490777,0.18874338,0.01763147,0.055112395,0.017986702,0.33323383,0.22107364,0.712293,3.3183824E-4,0.031744286,4.8472054E-4,0.65417135,0.012045558,null,null,null,null,"TWOGAUSSIANS",8,2.4571104,0.712293,3.3183824E-4,0.177768,0.002714435,0.6541713,0.012045268,0.18874338,0.01763147,0.30862942,0.092654966,0.33323383,0.22107603
375316653866487564,4151726842456989056,0.54462504,2243.45183283233,2.6538148307264904,9.042575E-6,18.328665,0.007085171,0.2669649,0.0014940747,0.06799434,0.0049825017,0.3187341,0.02563209,0.7516256,0.0062593874,0.047188506,0.0053592953,0.30771172,0.02857985,null,null,null,null,"TWOGAUSSIANS",8,3.8813612,0.2669649,0.0014940747,0.3807683,0.027902009,0.31870633,0.025652504,0.7516256,0.0062593874,0.26425564,0.030012053,0.3076839,0.028592475
375316653866487564,4151727082975203328,0.56533915,2280.5522049518718,3.014249227166121,9.075385E-6,19.078835,0.01622346,0.20096004,0.0026358105,0.08397928,0.005457822,0.33965123,0.016422145,0.6996408,0.0047929697,0.0839007,0.009363651,0.29304126,0.020016402,null,null,null,null,"TWOGAUSSIANS",8,1.2460502,0.20096004,0.0026358105,0.4,0.0,0.33234787,0.014147412,0.6996408,0.0047929697,0.4,0.0,0.2857379,0.020485803
375316653866487564,4151727731501881984,0.54505503,2268.65308388759,1.4314418122463806,4.2677508E-5,19.504396,0.011829809,0.2369473,0.025100837,0.041736443,0.019960038,0.81584865,0.28140572,0.7357781,0.009407831,0.04752321,0.008020868,0.2023845,0.019138109,null,null,null,null,"TWOGAUSSIANS",8,3.424716,0.2369473,0.025100837,0.23372409,0.11177622,0.8158485,0.28141397,0.7357781,0.009407831,0.26612997,0.04491686,0.2023844,0.01913494
375316653866487564,4151728938401129216,0.5282281,2269.671814015649,2.094744068025479,2.4058107E-5,19.108963,0.0583273,0.27252135,0.010534143,0.09418144,0.027518038,0.2587767,0.04961722,0.77089304,0.014124624,0.08831604,0.025752105,0.3766106,0.053845376,null,null,null,null,"TWOGAUSSIANS",8,2.9158525,0.77089304,0.014124624,0.4,0.0,0.3624728,0.037933465,0.27252135,0.010533091,0.4,0.0,0.24463859,0.027563997
375316653866487564,4151729552567942144,0.5736555,2281.1768808916713,2.2073928641216654,8.01252E-6,18.90966,0.022353712,0.20790352,0.0029291282,0.08358263,0.006156087,0.4291538,0.028218053,0.6941536,0.0029753814,0.09004164,0.0062582,0.4023432,0.018483678,null,null,null,null,"TWOGAUSSIANS",8,1.8913107,0.20790352,0.0029291282,0.4,0.0,0.41874373,0.026896222,0.6941536,0.0029753814,0.4,0.0,0.39193296,0.014662284
