Gaia/vari_eclipsing_binary/VariEclipsingBinary_667406-667428.csv
# %ECSV 1.0
# ---
# delimiter: ','
# meta: !!omap
# - RELEASE: Gaia DR3
# - TABLE: vari_eclipsing_binary
# - DESCRIPTION: >
#     This table describes the properties of the eclipsing binaries resulting from the variability analysis. 
# - CITATION: >
#     How to cite and acknowledge Gaia: 
#     https://gea.esac.esa.int/archive/documentation/credits.html 
# - KNOWN_ISSUES: >
#     Known issues: 
#     https://www.cosmos.esa.int/web/gaia-users/known-issues 
# - DOCUMENTATION: >
#     Tutorials and documentation: 
#     https://www.cosmos.esa.int/web/gaia-users/archive 
# datatype:
# - 
#   name: solution_id
#   datatype: int64
#   description: Solution Identifier
#   meta:
#     ucd: meta.version
# - 
#   name: source_id
#   datatype: int64
#   description: Unique source identifier
#   meta:
#     ucd: meta.id;meta.main
# - 
#   name: global_ranking
#   datatype: float32
#   description: Number between 0 (worst) and 1 (best)
#   meta:
#     ucd: stat.param
# - 
#   name: reference_time
#   datatype: float64
#   unit: d
#   description: Reference time used for the geometric model fit
#   meta:
#     ucd: time.epoch
# - 
#   name: frequency
#   datatype: float64
#   unit: d**-1
#   description: Frequency of geometric model of the eclipsing binary light curve
#   meta:
#     ucd: src.orbital
# - 
#   name: frequency_error
#   datatype: float32
#   unit: d**-1
#   description: "Uncertainty of \\texttt{frequency}"
#   meta:
#     ucd: stat.error
# - 
#   name: geom_model_reference_level
#   datatype: float32
#   unit: mag
#   description: Magnitude reference level of geometric model
#   meta:
#     ucd: phot.mag;em.opt
# - 
#   name: geom_model_reference_level_error
#   datatype: float32
#   unit: mag
#   description: "Uncertainty of \\texttt{geomModelReferenceLevel}"
#   meta:
#     ucd: stat.error;phot.mag;em.opt
# - 
#   name: geom_model_gaussian1_phase
#   datatype: float32
#   description: Phase of the Gaussian 1 component
#   meta:
#     ucd: time.phase
# - 
#   name: geom_model_gaussian1_phase_error
#   datatype: float32
#   description: "Uncertainty of \\texttt{geomModelGaussian1Phase}"
#   meta:
#     ucd: stat.error;time.phase
# - 
#   name: geom_model_gaussian1_sigma
#   datatype: float32
#   description: "Standard deviation [phase] of Gaussian 1 component"
#   meta:
#     ucd: stat.stdev
# - 
#   name: geom_model_gaussian1_sigma_error
#   datatype: float32
#   description: "Uncertainty of \\texttt{geomModelGaussian1Sigma}"
#   meta:
#     ucd: stat.error
# - 
#   name: geom_model_gaussian1_depth
#   datatype: float32
#   unit: mag
#   description: Magnitude depth of Gaussian 1 component
#   meta:
#     ucd: src.var.amplitude
# - 
#   name: geom_model_gaussian1_depth_error
#   datatype: float32
#   unit: mag
#   description: "Uncertainty of \\texttt{geomModelGaussian1Depth}"
#   meta:
#     ucd: stat.error;src.var.amplitude
# - 
#   name: geom_model_gaussian2_phase
#   datatype: float32
#   description: Phase of Gaussian 2 component
#   meta:
#     ucd: time.phase
# - 
#   name: geom_model_gaussian2_phase_error
#   datatype: float32
#   description: "Uncertainty of \\texttt{geomModelGaussian2Phase}"
#   meta:
#     ucd: stat.error;time.phase
# - 
#   name: geom_model_gaussian2_sigma
#   datatype: float32
[...]
#   datatype: float32
#   description: "Secondary eclipse: uncertainty of \\texttt{derivedSecondaryEclDuration}"
#   meta:
#     ucd: stat.error;time.duration
# - 
#   name: derived_secondary_ecl_depth
#   datatype: float32
#   unit: mag
#   description: "Secondary eclipse: depth"
#   meta:
#     ucd: src.var.amplitude
# - 
#   name: derived_secondary_ecl_depth_error
#   datatype: float32
#   unit: mag
#   description: "Secondary eclipse: uncertainty of \\texttt{derivedSecondaryEclDepth}"
#   meta:
#     ucd: stat.error;src.var.amplitude
solution_id,source_id,global_ranking,reference_time,frequency,frequency_error,geom_model_reference_level,geom_model_reference_level_error,geom_model_gaussian1_phase,geom_model_gaussian1_phase_error,geom_model_gaussian1_sigma,geom_model_gaussian1_sigma_error,geom_model_gaussian1_depth,geom_model_gaussian1_depth_error,geom_model_gaussian2_phase,geom_model_gaussian2_phase_error,geom_model_gaussian2_sigma,geom_model_gaussian2_sigma_error,geom_model_gaussian2_depth,geom_model_gaussian2_depth_error,geom_model_cosine_half_period_amplitude,geom_model_cosine_half_period_amplitude_error,geom_model_cosine_half_period_phase,geom_model_cosine_half_period_phase_error,model_type,num_model_parameters,reduced_chi2,derived_primary_ecl_phase,derived_primary_ecl_phase_error,derived_primary_ecl_duration,derived_primary_ecl_duration_error,derived_primary_ecl_depth,derived_primary_ecl_depth_error,derived_secondary_ecl_phase,derived_secondary_ecl_phase_error,derived_secondary_ecl_duration,derived_secondary_ecl_duration_error,derived_secondary_ecl_depth,derived_secondary_ecl_depth_error
[from data line 613]
375316653866487564,5870762621923432320,0.5377976,2368.739628357855,2.733238509083186,7.388879E-6,18.014162,0.008928949,0.21047689,0.003169265,0.06622293,0.0035888378,0.43858913,0.028451169,0.7030325,0.002379657,0.0677243,0.003195759,0.7885856,0.034324273,null,null,null,null,"TWOGAUSSIANS",8,30.406094,0.7030325,0.002379657,0.3792561,0.01789625,0.7876859,0.034502592,0.21047689,0.003169265,0.3708484,0.020097492,0.4376894,0.028559346
375316653866487564,5870762798068530176,0.5316381,2355.6848990342332,1.0592442364979753,1.6215385E-5,19.12708,0.0134297665,0.3528143,0.0014850561,0.030969746,0.0014355243,1.186488,0.028225942,0.5829648,0.01725801,0.033320725,0.085820325,0.069404595,0.08843018,null,null,null,null,"TWOGAUSSIANS",8,7.4491324,0.3528143,0.0014850561,0.17343058,0.008038936,1.186488,0.028225945,0.5829648,0.01725801,0.18659607,0.4805938,0.069404595,0.08843018
375316653866487564,5870763450903731712,0.6707941,2404.9146691271535,2.9923426828921884,1.5090636E-6,16.58494,0.0104986625,0.2890593,7.6503697E-4,0.049593054,0.0023510356,0.47853675,0.02521993,0.79159904,2.9941034E-4,0.04439999,0.0021107711,0.41294047,0.019756984,0.12198378,0.013747279,0.2890593,7.6503697E-4,"TWOGAUSSIANS_WITH_ELLIPSOIDAL_ON_ECLIPSE1",9,12.380594,0.2890593,7.6503697E-4,0.2777211,0.013165799,0.72250277,0.018861577,0.79159904,2.9941034E-4,0.24863996,0.011820318,0.6568444,0.009547295
375316653866487564,5870763588342724096,0.5077698,2400.98385543757,2.8649177409161126,8.659514E-6,16.861702,0.0067499373,0.19686401,0.006225407,0.039390918,0.007246553,0.12761113,0.017467387,0.6783952,0.0035804827,0.048243362,0.0069388025,0.09534426,0.020156756,0.07729947,0.009849437,0.6783952,0.0035804827,"TWOGAUSSIANS_WITH_ELLIPSOIDAL_ON_ECLIPSE2",9,50.836,0.19448401,0.005777828,0.22058915,0.040580697,0.28040272,0.015489411,0.6783952,0.0035804827,0.27016282,0.038857296,0.24994303,0.01179551
375316653866487564,5870764241177883776,0.4757139,2412.315456015645,1.3563669055709762,1.9245908E-5,16.988152,0.026593877,0.26437294,0.020676998,0.14339791,0.04961569,0.07010316,0.026516017,0.7824799,0.0059208525,0.07084685,0.011444934,0.18601543,0.02387084,null,null,null,null,"TWOGAUSSIANS",8,30.618608,0.7825699,0.0058939746,0.39674234,0.040439203,0.17710125,0.013536863,0.26437294,0.020676998,0.4,0.0,0.06083884,0.0135100605
375316653866487564,5870764344213709824,0.48274443,2418.857265072783,1.0689085861742755,1.2227641E-5,19.735128,0.0047055837,0.23962912,0.0066123605,0.046630494,0.00796306,0.11374763,0.015518724,0.7516501,0.0024876287,0.03884467,0.0028951832,0.39016524,0.038511693,null,null,null,null,"TWOGAUSSIANS",8,1.8614037,0.7516501,0.0024876287,0.21753016,0.016213026,0.3901652,0.038511697,0.23962912,0.0066123605,0.26113078,0.044593137,0.11374763,0.01551874
375316653866487564,5870764997049636352,0.49741894,2388.6162380477135,3.6732513035106003,9.099407E-6,19.418644,0.008432378,0.239077,0.003837982,0.06866369,0.0048314375,0.39024383,0.014494682,0.7325501,0.0041292612,0.06473585,0.007605739,0.45641866,0.039631765,null,null,null,null,"TWOGAUSSIANS",8,4.235825,0.7325501,0.0041292612,0.36252075,0.042592138,0.45579585,0.040187724,0.239077,0.003837982,0.38451663,0.02434005,0.38962102,0.014398934
375316653866487564,5870765821681588224,0.49332687,2386.239554348636,2.5598478833426666,9.981684E-6,19.522081,0.047470186,0.22298037,0.004272837,0.10957364,0.015228786,0.33641094,0.042716905,0.7191633,0.003348101,0.10908799,0.013523801,0.35496667,0.044051703,null,null,null,null,"TWOGAUSSIANS",8,2.1207614,0.7191633,0.003348101,0.4,0.0,0.306381,0.011359376,0.22298037,0.0042888704,0.4,0.0,0.28782448,0.020082472
375316653866487564,5870766027840072704,0.4979054,2373.5750820088915,0.17892134558870493,8.022412E-6,18.325544,0.0019542584,0.21137293,0.0027465168,0.014033926,0.0019468913,0.2936345,0.094879754,0.71275294,0.0080116475,0.012763113,0.0051671327,0.3830636,1.8559278,null,null,null,null,"TWOGAUSSIANS",8,3.244654,0.71275294,0.0080116475,0.071473435,0.028935943,0.3830636,1.8559278,0.21137293,0.0027465168,0.07858998,0.010902591,0.2936345,0.094879754
375316653866487564,5870766096603476480,0.51348376,2348.9212860219154,3.3674534681256896,7.3750266E-6,18.950052,0.011261511,0.24804623,0.005770294,0.07192482,0.006409126,0.39050364,0.029188825,0.7465673,0.0020525327,0.073958166,0.0036422072,0.46919104,0.018113716,null,null,null,null,"TWOGAUSSIANS",8,6.6037426,0.7465673,0.0020525327,0.4,0.0,0.4668629,0.018036645,0.24804623,0.005770294,0.4,0.021564215,0.38817546,0.02982525
375316653866487564,5870766543280385024,0.49329254,2403.0157728940712,3.6454713618992534,1.6339445E-5,16.098658,0.113481544,0.27705592,0.0054379506,0.12280008,0.061159097,0.09456924,0.106754065,0.77744746,0.0045223273,0.12072314,0.06466357,0.085570805,0.10626426,null,null,null,null,"TWOGAUSSIANS",8,11.408592,0.27705592,0.0055056186,0.4,0.0,0.07281026,0.005859725,0.77744746,0.004553454,0.4,0.0,0.06382709,0.0047783526
375316653866487564,5870766749450946944,0.53843474,2403.941942952591,2.0665060506838895,4.1097287E-6,18.494362,0.0106167495,0.27268454,0.0019585823,0.048074655,0.0095787775,0.15862255,0.030176671,0.7892738,0.015255648,0.032553952,0.009596336,0.1250051,0.07437748,0.123900995,0.0143535705,0.27268454,0.0019585823,"TWOGAUSSIANS_WITH_ELLIPSOIDAL_ON_ECLIPSE1",9,4.7975645,0.27268454,0.0019585823,0.2692181,0.05364115,0.40642408,0.026550172,0.7892738,0.015255648,0.18230213,0.05373948,0.37012407,0.07484235
375316653866487564,5870766916891381376,0.58806705,2365.1380891148174,0.31701375201637805,1.2589219E-6,15.754835,6.5004785E-4,0.4060818,3.300941E-4,0.011120109,3.4064666E-4,0.2356786,0.0040428946,0.9060819,7.4457E-4,0.011703987,0.0011959752,0.20648864,0.032481033,null,null,null,null,"TWOGAUSSIANS",8,6.0860925,0.4060818,3.300941E-4,0.06227261,0.0019076213,0.2356786,0.0040428946,0.9060819,7.4457E-4,0.065542325,0.006697461,0.20648864,0.032481033
375316653866487564,5870766989912993536,0.5340275,2381.5965839885007,2.4715358216041046,1.1287595E-5,18.722221,0.005686688,0.27407277,0.011452109,0.08163073,0.013894254,0.20990258,0.027500235,0.7599952,0.0026325542,0.070364594,0.004753552,0.28041992,0.01530638,null,null,null,null,"TWOGAUSSIANS",8,3.0154507,0.7599952,0.0026325542,0.39404172,0.022241792,0.27885264,0.0155051835,0.27407277,0.011452109,0.4,0.007867229,0.20833533,0.028145988
