Gaia/vari_eclipsing_binary/VariEclipsingBinary_685985-686026.csv
# %ECSV 1.0
# ---
# delimiter: ','
# meta: !!omap
# - RELEASE: Gaia DR3
# - TABLE: vari_eclipsing_binary
# - DESCRIPTION: >
#     This table describes the properties of the eclipsing binaries resulting from the variability analysis. 
# - CITATION: >
#     How to cite and acknowledge Gaia: 
#     https://gea.esac.esa.int/archive/documentation/credits.html 
# - KNOWN_ISSUES: >
#     Known issues: 
#     https://www.cosmos.esa.int/web/gaia-users/known-issues 
# - DOCUMENTATION: >
#     Tutorials and documentation: 
#     https://www.cosmos.esa.int/web/gaia-users/archive 
# datatype:
# - 
#   name: solution_id
#   datatype: int64
#   description: Solution Identifier
#   meta:
#     ucd: meta.version
# - 
#   name: source_id
#   datatype: int64
#   description: Unique source identifier
#   meta:
#     ucd: meta.id;meta.main
# - 
#   name: global_ranking
#   datatype: float32
#   description: Number between 0 (worst) and 1 (best)
#   meta:
#     ucd: stat.param
# - 
#   name: reference_time
#   datatype: float64
#   unit: d
#   description: Reference time used for the geometric model fit
#   meta:
#     ucd: time.epoch
# - 
#   name: frequency
#   datatype: float64
#   unit: d**-1
#   description: Frequency of geometric model of the eclipsing binary light curve
#   meta:
#     ucd: src.orbital
# - 
#   name: frequency_error
#   datatype: float32
#   unit: d**-1
#   description: "Uncertainty of \\texttt{frequency}"
#   meta:
#     ucd: stat.error
# - 
#   name: geom_model_reference_level
#   datatype: float32
#   unit: mag
#   description: Magnitude reference level of geometric model
#   meta:
#     ucd: phot.mag;em.opt
# - 
#   name: geom_model_reference_level_error
#   datatype: float32
#   unit: mag
#   description: "Uncertainty of \\texttt{geomModelReferenceLevel}"
#   meta:
#     ucd: stat.error;phot.mag;em.opt
# - 
#   name: geom_model_gaussian1_phase
#   datatype: float32
#   description: Phase of the Gaussian 1 component
#   meta:
#     ucd: time.phase
# - 
#   name: geom_model_gaussian1_phase_error
#   datatype: float32
#   description: "Uncertainty of \\texttt{geomModelGaussian1Phase}"
#   meta:
#     ucd: stat.error;time.phase
# - 
#   name: geom_model_gaussian1_sigma
#   datatype: float32
#   description: "Standard deviation [phase] of Gaussian 1 component"
#   meta:
#     ucd: stat.stdev
# - 
#   name: geom_model_gaussian1_sigma_error
#   datatype: float32
#   description: "Uncertainty of \\texttt{geomModelGaussian1Sigma}"
#   meta:
#     ucd: stat.error
# - 
#   name: geom_model_gaussian1_depth
#   datatype: float32
#   unit: mag
#   description: Magnitude depth of Gaussian 1 component
#   meta:
#     ucd: src.var.amplitude
# - 
#   name: geom_model_gaussian1_depth_error
#   datatype: float32
#   unit: mag
#   description: "Uncertainty of \\texttt{geomModelGaussian1Depth}"
#   meta:
#     ucd: stat.error;src.var.amplitude
# - 
#   name: geom_model_gaussian2_phase
#   datatype: float32
#   description: Phase of Gaussian 2 component
#   meta:
#     ucd: time.phase
# - 
#   name: geom_model_gaussian2_phase_error
#   datatype: float32
#   description: "Uncertainty of \\texttt{geomModelGaussian2Phase}"
#   meta:
#     ucd: stat.error;time.phase
# - 
#   name: geom_model_gaussian2_sigma
#   datatype: float32
[...]
#   datatype: float32
#   description: "Secondary eclipse: uncertainty of \\texttt{derivedSecondaryEclDuration}"
#   meta:
#     ucd: stat.error;time.duration
# - 
#   name: derived_secondary_ecl_depth
#   datatype: float32
#   unit: mag
#   description: "Secondary eclipse: depth"
#   meta:
#     ucd: src.var.amplitude
# - 
#   name: derived_secondary_ecl_depth_error
#   datatype: float32
#   unit: mag
#   description: "Secondary eclipse: uncertainty of \\texttt{derivedSecondaryEclDepth}"
#   meta:
#     ucd: stat.error;src.var.amplitude
solution_id,source_id,global_ranking,reference_time,frequency,frequency_error,geom_model_reference_level,geom_model_reference_level_error,geom_model_gaussian1_phase,geom_model_gaussian1_phase_error,geom_model_gaussian1_sigma,geom_model_gaussian1_sigma_error,geom_model_gaussian1_depth,geom_model_gaussian1_depth_error,geom_model_gaussian2_phase,geom_model_gaussian2_phase_error,geom_model_gaussian2_sigma,geom_model_gaussian2_sigma_error,geom_model_gaussian2_depth,geom_model_gaussian2_depth_error,geom_model_cosine_half_period_amplitude,geom_model_cosine_half_period_amplitude_error,geom_model_cosine_half_period_phase,geom_model_cosine_half_period_phase_error,model_type,num_model_parameters,reduced_chi2,derived_primary_ecl_phase,derived_primary_ecl_phase_error,derived_primary_ecl_duration,derived_primary_ecl_duration_error,derived_primary_ecl_depth,derived_primary_ecl_depth_error,derived_secondary_ecl_phase,derived_secondary_ecl_phase_error,derived_secondary_ecl_duration,derived_secondary_ecl_duration_error,derived_secondary_ecl_depth,derived_secondary_ecl_depth_error
375316653866487564,6033988735127991168,0.5390645,2229.2891400627063,3.916713540163986,1.6899363E-5,18.99627,0.008499094,0.26062033,0.0048456383,0.07004051,0.009004835,0.4497144,0.041206103,0.7705742,0.0036867268,0.078062914,0.003993774,0.3695595,0.010489402,null,null,null,null,"TWOGAUSSIANS",8,4.467011,0.26062033,0.0048456383,0.39222687,0.048341244,0.4475592,0.042255946,0.7705742,0.0036867268,0.4,0.0,0.3674043,0.009917759
375316653866487564,6033991209029306624,0.46812087,2235.311594101729,1.1725436867231556,3.2804848E-5,19.508745,0.013742995,0.20818605,0.0044073034,0.060479496,0.007103494,0.34278372,0.021300575,0.7005262,0.0121289175,0.08781758,0.016528212,0.18249922,0.024871567,null,null,null,null,"TWOGAUSSIANS",8,4.4228287,0.20818605,0.0044073034,0.33868518,0.039779566,0.34147453,0.021120163,0.7005262,0.0121289175,0.4,0.0,0.18119,0.0248784
375316653866487564,6033993098830536192,0.43625432,2225.9186187404557,1.074204142202228,2.070525E-5,18.2973,0.008173497,0.17414731,0.0064101582,0.0066973967,0.001771988,2.9237976,2.5545485,0.70275265,0.028899267,0.031789724,0.034813616,0.07367032,0.06901228,null,null,null,null,"TWOGAUSSIANS",8,20.433495,0.17414731,0.0064101582,0.03750542,0.009923133,2.9237976,2.5545485,0.70275265,0.028899267,0.17802246,0.19495626,0.07367032,0.06901228
375316653866487564,6033994541939551104,0.62569016,2228.780215510179,3.1571258430872717,5.2114697E-6,17.089838,0.010476299,0.23837274,9.538321E-4,0.05048579,0.0026568477,0.35646296,0.024622455,0.73741037,0.0038600822,0.06294001,0.0045266845,0.4062302,0.024700748,0.103247814,0.013505728,0.23837274,9.538321E-4,"TWOGAUSSIANS_WITH_ELLIPSOIDAL_ON_ECLIPSE1",9,8.28661,0.73754036,0.0035146964,0.35246405,0.025349434,0.6125766,0.011965574,0.23837274,9.538321E-4,0.28272042,0.0148783475,0.56281585,0.013164453
375316653866487564,6033995675811034880,0.5351896,2246.733615913541,3.421440218122906,1.47056435E-5,18.782055,0.02654075,0.23124328,0.0053572347,0.08072024,0.011045076,0.3792943,0.03120536,0.70069885,0.004133398,0.07967061,0.006517433,0.5729463,0.032309342,null,null,null,null,"TWOGAUSSIANS",8,9.159444,0.70069885,0.004133398,0.4,0.0,0.5690376,0.03133017,0.23124328,0.0053572347,0.4,0.0,0.3753856,0.032048974
375316653866487564,6033995847609766784,0.5583537,2228.5208262844967,2.7962503230957396,9.7615875E-6,15.910164,0.0134163145,0.29577783,0.0022426082,0.08829281,0.0058859983,0.24058543,0.013301983,0.78930396,0.0020739697,0.096277535,0.007743858,0.24992454,0.011541516,null,null,null,null,"TWOGAUSSIANS",8,27.798162,0.78930396,0.0020739697,0.4,0.0,0.23856297,0.00929012,0.29577783,0.0022426082,0.4,0.0,0.22922453,0.010208463
375316653866487564,6033996874111870720,0.5250917,2221.4110968280593,1.4198616604461143,3.542021E-5,19.56436,0.005249932,0.5087899,0.0028538108,0.0305471,0.0029317364,3.9776533,3.1786425,null,null,null,null,null,null,null,null,null,null,"ONEGAUSSIAN",5,2.0734625,0.5087899,0.0028538108,0.17106375,0.016417725,3.9776533,0.0,null,null,null,null,null,null
375316653866487564,6033998046633149824,0.58200973,2211.680175606877,1.1792805467593916,1.3638247E-5,17.726034,0.018152272,0.2328168,0.003201196,0.04058662,0.0042893454,0.48582846,0.03881033,0.7299951,0.0038366632,0.05769962,0.011862642,0.34206218,0.08937699,0.06633469,0.022699602,0.2328168,0.003201196,"TWOGAUSSIANS_WITH_ELLIPSOIDAL_ON_ECLIPSE1",9,15.133983,0.2328168,0.003201196,0.22728507,0.024020335,0.61847484,0.018211069,0.73025507,0.0034386094,0.32311788,0.0664308,0.47467068,0.10259959
375316653866487564,6033999455382271872,0.4961912,2224.177099199095,2.7331655688673013,2.289419E-5,17.69431,0.026991539,0.24690515,0.008373303,0.111901164,0.026630046,0.13050641,0.020323478,0.7399319,0.0048166127,0.100244366,0.017471949,0.13984947,0.02428215,null,null,null,null,"TWOGAUSSIANS",8,4.7430115,0.7399319,0.0048166127,0.4,0.0,0.12438322,0.008443192,0.24690515,0.008373749,0.4,0.0,0.11502882,0.01210567
375316653866487564,6034000864116753024,0.51335055,2199.756919639022,3.1731520545325034,1.7814025E-5,19.548695,0.011832978,0.2522664,0.003854088,0.052202303,0.00378096,0.44208708,0.021397453,0.766184,0.003428503,0.046641704,0.0045236833,0.59497565,0.0320531,null,null,null,null,"TWOGAUSSIANS",8,4.3852973,0.766184,0.003428503,0.26119354,0.025332628,0.5949743,0.03205404,0.2522664,0.003854088,0.2923329,0.021173377,0.4420857,0.021397173
375316653866487564,6034001173355472768,0.5444756,2214.5655514454943,3.2282211310707094,1.9709581E-5,19.650211,0.018697625,0.27978787,0.005130394,0.058886275,0.011208972,0.49179524,0.061529342,0.7698622,0.010730501,0.06785446,0.011800053,0.4529403,0.065211385,null,null,null,null,"TWOGAUSSIANS",8,3.0461566,0.27978787,0.005130394,0.3297631,0.06277025,0.4915086,0.062421534,0.7698622,0.010730501,0.37998497,0.06291483,0.45265365,0.06532944
375316653866487564,6034005017350621312,0.5081856,2223.195799757704,1.8992635679549097,3.2032433E-5,19.37055,0.004848061,0.2805696,0.0078047435,0.031387195,0.00655347,1.0281692,0.3509534,0.8445088,0.033248052,0.070682995,0.021700434,0.028691819,0.0153935645,null,null,null,null,"TWOGAUSSIANS",8,1.542346,0.2805696,0.0078047435,0.17576829,0.036699433,1.028169,0.35095388,0.8445088,0.033248052,0.39582476,0.08744276,0.028691784,0.015393643
375316653866487564,6034008079676770176,0.53768,2239.9361088722394,2.1436376412511975,1.5525253E-5,17.21314,0.0072267167,0.25216168,0.0026072012,0.041682046,0.004084144,0.1937999,0.02073618,0.73819697,0.010025845,0.049230788,0.011144528,0.13122585,0.037352704,0.057967324,0.009901471,0.25216168,0.0026072012,"TWOGAUSSIANS_WITH_ELLIPSOIDAL_ON_ECLIPSE1",9,14.701155,0.25216168,0.0026072012,0.23341946,0.022871206,0.30973434,0.0162556,0.74020696,0.0072708908,0.2756924,0.06240936,0.24639809,0.03812793
375316653866487564,6034009930806935552,0.5392325,2205.3510539405447,0.6351284408685212,7.218868E-5,18.34636,0.030282695,0.11784235,8.8049004E-5,0.005767853,7.825483E-4,0.66273093,0.06907895,0.3412531,0.05427612,0.08710483,0.24080321,0.0370293,0.0132434815,null,null,null,null,"TWOGAUSSIANS",8,5.032809,0.11784235,8.8049004E-5,0.032299977,0.0043822704,0.6641115,0.07255187,0.3412531,0.05427612,0.4,0.22547138,0.037029292,0.011738695
375316653866487564,6034011068974259072,0.4903374,2219.7267006392876,3.5583673273788308,2.2084407E-5,19.453257,0.01981104,0.25379124,0.0044875,0.09009192,0.010779205,0.29177597,0.016180387,0.7371197,0.008192773,0.10423094,0.015880374,0.24468102,0.018276641,null,null,null,null,"TWOGAUSSIANS",8,1.841829,0.25379124,0.0044830753,0.4,0.0,0.27636755,0.0116275735,0.7371197,0.008192773,0.4,0.0,0.22926639,0.013619307
375316653866487564,6034011236463381120,0.5436209,2195.2120966624434,0.778620482858364,1.0065398E-5,17.421892,0.003212074,0.20687361,0.003738971,0.01867114,0.01069236,0.048369054,0.03246804,0.71801716,0.0011346133,0.029946813,0.0011010775,0.3425609,0.016191397,0.013366699,0.0049687135,0.20687361,0.003738971,"TWOGAUSSIANS_WITH_ELLIPSOIDAL_ON_ECLIPSE1",9,5.7047815,0.71801716,0.0011346133,0.16770215,0.0061660344,0.36916345,0.016333725,0.20687361,0.003738971,0.104558386,0.059877213,0.07510245,0.03268228
375316653866487564,6034012683881922688,0.45313126,2226.9284556769985,0.629451858953473,3.1929518E-5,17.837488,0.012052723,0.120843194,0.012328845,0.088578954,0.014260822,0.04378073,0.011705465,0.5426584,0.017660735,0.12099384,0.039514568,0.090033606,0.0197697,null,null,null,null,"TWOGAUSSIANS",8,2.9654572,0.5426584,0.017660735,0.4,0.0,0.087125085,0.021870522,0.12193319,0.009411924,0.4,0.0,0.041082542,0.007383021
375316653866487564,6034013061839074304,0.5395637,2234.646170403205,1.2740256009688116,1.7671322E-5,16.880512,0.0023079491,0.23645575,0.0058143525,0.08076942,0.0063374056,0.059079822,0.004083649,0.7499821,0.0052574715,0.07533319,0.00629782,0.08900772,0.004470362,null,null,null,null,"TWOGAUSSIANS",8,2.16546,0.7499821,0.0052574715,0.4,0.0,0.088366605,0.0045226538,0.23645575,0.0058143525,0.4,0.0,0.058438703,0.0040097195
375316653866487564,6034014882894198016,0.5189527,2244.9180532823166,3.6896351033524537,2.682469E-5,19.891928,0.01618065,0.23376912,0.0035320907,0.07168319,0.0056371526,0.561987,0.03353914,0.740077,0.019597422,0.06759576,0.023890596,0.5770577,0.08160832,null,null,null,null,"TWOGAUSSIANS",8,2.3275602,0.740077,0.019597422,0.37853622,0.05543512,0.57552105,0.0840633,0.23376912,0.0035320907,0.4,0.013565395,0.5604504,0.033888917
375316653866487564,6034015600157453952,0.48464957,2246.7124557036313,0.6562463687381458,1.4884244E-5,17.730047,0.0036599115,0.7094384,0.0030682522,0.028256021,0.0020625927,0.349717,0.009588386,null,null,null,null,null,null,0.030773113,0.006195805,0.7094384,0.0030682522,"ONEGAUSSIAN_WITH_ELLIPSOIDAL",6,14.790115,0.7094384,0.0030682522,0.15823372,0.01155052,0.4112632,0.009601793,null,null,null,null,null,null
375316653866487564,6034016875758268416,0.42706028,2231.3831540017254,0.23785470764808328,2.2291426E-5,18.634369,0.019307712,0.13612226,0.0052995435,0.029518284,0.0056210454,0.26472053,0.031547293,0.94119245,3.706279E-4,0.0050291345,2.9234408E-4,0.9389746,0.12876967,null,null,null,null,"TWOGAUSSIANS",8,109.28959,0.94119245,3.706279E-4,0.028163152,0.0016371268,0.9389746,0.12876967,0.13612226,0.0052995435,0.16530238,0.031477854,0.26472053,0.031547293
375316653866487564,6034018284507598976,0.5447144,2228.611328211508,2.5548460625611056,1.9201803E-5,18.986795,0.013147414,0.24211921,0.0021087434,0.08952546,0.00452465,0.3176072,0.013409121,0.7464211,0.0040379306,0.10564307,0.007944136,0.27705884,0.016072294,null,null,null,null,"TWOGAUSSIANS",8,1.6198306,0.24211921,0.0021087434,0.4,0.0,0.29678628,0.009627313,0.7464211,0.0040379306,0.4,0.0,0.25623035,0.016321838
375316653866487564,6034019452738224640,0.48459756,2222.4868507855354,3.4297871537185194,2.3531697E-5,18.821922,0.013320926,0.2312526,0.0064433306,0.0490929,0.010696171,0.15564331,0.11946132,0.74464935,0.006521782,0.041989084,0.011407516,0.30290598,0.045889147,0.13203476,0.028034735,0.2312526,0.0064433306,"TWOGAUSSIANS_WITH_ELLIPSOIDAL_ON_ECLIPSE1",9,15.048458,0.74464935,0.006521782,0.23513888,0.06388209,0.565108,0.04307488,0.2312526,0.0064433306,0.27492023,0.059898555,0.41971195,0.10207762
375316653866487564,6034022338970091136,0.55360967,2228.2741018498264,0.3707764139410282,3.1076402E-6,16.513906,0.004297778,0.082527034,3.462036E-4,0.008889078,2.5970768E-4,0.72525615,0.0057327477,0.24682185,0.04356921,0.05641665,0.041328933,0.026504096,0.023288717,null,null,null,null,"TWOGAUSSIANS",8,57.39792,0.082527034,3.4520013E-4,0.049778834,0.001454363,0.72563785,0.0061363024,0.24682185,0.04356921,0.31593323,0.23144202,0.026504096,0.023288717
375316653866487564,6034025392681694592,0.6444634,2264.7923658993127,0.2724321681071451,9.964246E-6,16.88843,0.0030465196,0.3639384,3.334161E-4,0.012388017,4.2743143E-4,1.3149257,0.08923625,0.60708934,6.27532E-4,0.0137966825,9.0085954E-4,0.13970876,0.009356343,null,null,null,null,"TWOGAUSSIANS",8,17.59774,0.3639384,3.334161E-4,0.06937289,0.0023936161,1.3149257,0.08923625,0.60708934,6.27532E-4,0.077261426,0.0050448133,0.13970876,0.009356343
375316653866487564,6034025706211982464,0.5303182,2258.030584859062,3.0891021085069665,2.880189E-5,19.334703,0.00997268,0.23250072,0.0034461657,0.06511588,0.0035387836,0.38638413,0.031153781,0.73513067,0.0063408334,0.06705837,0.0059270333,0.521259,0.021137472,null,null,null,null,"TWOGAUSSIANS",8,4.3738413,0.73513067,0.0063408334,0.37552685,0.030035038,0.5206081,0.021071838,0.23250072,0.0034461657,0.3646489,0.019817188,0.38573328,0.03124415
375316653866487564,6034025942436655616,0.46597725,2244.6604613823606,0.8531696263092299,1.989509E-5,18.45751,0.005886719,0.3231479,0.004896761,0.032827802,0.0059090005,0.113928206,0.013179064,0.7767509,0.005995123,0.022405287,0.0133950105,0.09428394,2.7356412,0.056984138,0.01007534,0.7767509,0.005995123,"TWOGAUSSIANS_WITH_ELLIPSOIDAL_ON_ECLIPSE2",9,9.3595705,0.31964788,0.004788955,0.18383569,0.033090405,0.21916975,0.014921519,0.7767509,0.005995123,0.12546961,0.07501206,0.208252,2.7397404
375316653866487564,6034027458557866368,0.5003157,2241.44802958109,4.216555085438864,2.700973E-5,18.47721,0.05823714,0.28966957,0.004520071,0.117399275,0.016091585,0.2754454,0.05692428,0.7706289,0.005600107,0.113002494,0.022002647,0.28346813,0.04400108,null,null,null,null,"TWOGAUSSIANS",8,4.7150683,0.7706289,0.005600107,0.4,0.0,0.2393853,0.017846178,0.28971958,0.00446736,0.4,0.0,0.23132493,0.014216856
375316653866487564,6034027939614199936,0.4633195,2240.783105198951,1.4504322189947754,1.6356804E-5,17.533102,0.0018152323,0.29087073,0.010036277,0.042411778,0.013867145,0.00683915,0.006095226,0.78814834,2.0769064E-4,0.016761852,9.075031E-4,0.17909557,0.012781212,0.015864601,0.0025814432,0.29087073,0.010036277,"TWOGAUSSIANS_WITH_ELLIPSOIDAL_ON_ECLIPSE1",9,3.3771424,0.7881583,2.0762267E-4,0.09386637,0.0050820177,0.21081549,0.015163563,0.29087073,0.010036277,0.23750596,0.077656016,0.038568314,0.005370745
375316653866487564,6034030241697733888,0.4996469,2250.519577405108,1.286286482914516,2.8522729E-5,19.504984,0.0070485803,0.20162664,0.008201546,0.017552447,0.004152969,0.52901626,0.349145,0.6947514,0.025257086,0.018464345,0.010373439,0.7277228,0.6321065,null,null,null,null,"TWOGAUSSIANS",8,5.5048103,0.6947514,0.025257086,0.103400335,0.058091257,0.7277228,0.6321065,0.20162664,0.008201546,0.09829371,0.023256626,0.52901626,0.349145
375316653866487564,6034030374842650368,0.474411,2270.921712805232,0.039914574512152565,8.642152E-6,18.298103,0.023358647,0.38335574,0.018230254,0.20192571,0.039990775,0.13321033,0.02209753,0.92216563,0.0073425034,0.012126967,0.0047360943,0.15912506,0.16758397,null,null,null,null,"TWOGAUSSIANS",8,2.9530454,0.9222256,0.007399681,0.06791102,0.026522128,0.16017962,0.16726236,0.38335574,0.018230254,0.4,0.0,0.120663464,0.008846887
375316653866487564,6034030443562437888,0.49284256,2274.2011658412616,3.9709961556905724,2.5504205E-5,18.217918,0.002441021,0.282815,0.0130428085,0.007187667,0.008774513,1.5074339,1.7725371,0.54283595,0.0010655222,0.013533276,0.0021811707,0.02863924,0.0026561555,null,null,null,null,"TWOGAUSSIANS",8,2.8814602,0.282815,0.0130428085,0.040250935,0.049137276,1.5074339,1.7725371,0.54283595,0.0010655222,0.075786345,0.012214555,0.02863924,0.0026561555
375316653866487564,6034031031984584576,0.46522743,2238.1746078856154,2.25234529065952,3.1135856E-5,18.480904,0.014405595,0.22735105,0.0069673387,0.032486774,0.009686054,0.10664403,0.055576295,0.6960663,0.014203743,0.053587675,0.01564916,0.20939524,0.07893746,0.07607481,0.020884931,0.22735105,0.0069673387,"TWOGAUSSIANS_WITH_ELLIPSOIDAL_ON_ECLIPSE1",9,17.543762,0.70043635,0.013177919,0.30009097,0.0876353,0.3565388,0.08063059,0.22735105,0.0069673387,0.18192594,0.054241903,0.25879258,0.04270329
375316653866487564,6034031062051170176,0.4769849,2243.238080213047,0.5203745887399187,1.642486E-5,18.70829,0.010809737,0.33706343,0.0031845355,0.06624618,0.0068574823,0.15482707,0.029039696,0.8257847,0.002127601,0.012324644,0.031269453,0.119149365,0.051267292,0.024363765,0.01546973,0.33706343,0.0031845355,"TWOGAUSSIANS_WITH_ELLIPSOIDAL_ON_ECLIPSE1",9,2.984987,0.33706343,0.0031845355,0.3709786,0.036132544,0.20343545,0.011505721,0.8258347,0.0017848909,0.06901801,0.17510892,0.16751462,0.07870167
375316653866487564,6034033815123938304,0.52686006,2242.780845436934,2.7429529851737424,1.5228583E-5,16.204758,0.016574759,0.22218871,0.0026119088,0.07681076,0.006278176,0.44610038,0.028616656,0.73055613,0.004045324,0.08580531,0.006411253,0.4120917,0.022750247,null,null,null,null,"TWOGAUSSIANS",8,132.16313,0.22218871,0.0026119088,0.4,0.0,0.43965474,0.02968941,0.73055613,0.004045324,0.4,0.0,0.405646,0.02207277
375316653866487564,6034036387792270592,0.46081153,2218.344558770233,2.0667761667973545,2.4580819E-5,16.86862,0.0017426624,null,null,null,null,null,null,null,null,null,null,null,null,0.032543648,0.002789872,0.19046828,0.005004125,"ELLIPSOIDAL",4,6.6674805,null,null,null,null,null,null,null,null,null,null,null,null
