Gaia/vari_eclipsing_binary/VariEclipsingBinary_617933-618227.csv
# %ECSV 1.0
# ---
# delimiter: ','
# meta: !!omap
# - RELEASE: Gaia DR3
# - TABLE: vari_eclipsing_binary
# - DESCRIPTION: >
#     This table describes the properties of the eclipsing binaries resulting from the variability analysis. 
# - CITATION: >
#     How to cite and acknowledge Gaia: 
#     https://gea.esac.esa.int/archive/documentation/credits.html 
# - KNOWN_ISSUES: >
#     Known issues: 
#     https://www.cosmos.esa.int/web/gaia-users/known-issues 
# - DOCUMENTATION: >
#     Tutorials and documentation: 
#     https://www.cosmos.esa.int/web/gaia-users/archive 
# datatype:
# - 
#   name: solution_id
#   datatype: int64
#   description: Solution Identifier
#   meta:
#     ucd: meta.version
# - 
#   name: source_id
#   datatype: int64
#   description: Unique source identifier
#   meta:
#     ucd: meta.id;meta.main
# - 
#   name: global_ranking
#   datatype: float32
#   description: Number between 0 (worst) and 1 (best)
#   meta:
#     ucd: stat.param
# - 
#   name: reference_time
#   datatype: float64
#   unit: d
#   description: Reference time used for the geometric model fit
#   meta:
#     ucd: time.epoch
# - 
#   name: frequency
#   datatype: float64
#   unit: d**-1
#   description: Frequency of geometric model of the eclipsing binary light curve
#   meta:
#     ucd: src.orbital
# - 
#   name: frequency_error
#   datatype: float32
#   unit: d**-1
#   description: "Uncertainty of \\texttt{frequency}"
#   meta:
#     ucd: stat.error
# - 
#   name: geom_model_reference_level
#   datatype: float32
#   unit: mag
#   description: Magnitude reference level of geometric model
#   meta:
#     ucd: phot.mag;em.opt
# - 
#   name: geom_model_reference_level_error
#   datatype: float32
#   unit: mag
#   description: "Uncertainty of \\texttt{geomModelReferenceLevel}"
#   meta:
#     ucd: stat.error;phot.mag;em.opt
# - 
#   name: geom_model_gaussian1_phase
#   datatype: float32
#   description: Phase of the Gaussian 1 component
#   meta:
#     ucd: time.phase
# - 
#   name: geom_model_gaussian1_phase_error
#   datatype: float32
#   description: "Uncertainty of \\texttt{geomModelGaussian1Phase}"
#   meta:
#     ucd: stat.error;time.phase
# - 
#   name: geom_model_gaussian1_sigma
#   datatype: float32
#   description: "Standard deviation [phase] of Gaussian 1 component"
#   meta:
#     ucd: stat.stdev
# - 
#   name: geom_model_gaussian1_sigma_error
#   datatype: float32
#   description: "Uncertainty of \\texttt{geomModelGaussian1Sigma}"
#   meta:
#     ucd: stat.error
# - 
#   name: geom_model_gaussian1_depth
#   datatype: float32
#   unit: mag
#   description: Magnitude depth of Gaussian 1 component
#   meta:
#     ucd: src.var.amplitude
# - 
#   name: geom_model_gaussian1_depth_error
#   datatype: float32
#   unit: mag
#   description: "Uncertainty of \\texttt{geomModelGaussian1Depth}"
#   meta:
#     ucd: stat.error;src.var.amplitude
# - 
#   name: geom_model_gaussian2_phase
#   datatype: float32
#   description: Phase of Gaussian 2 component
#   meta:
#     ucd: time.phase
# - 
#   name: geom_model_gaussian2_phase_error
#   datatype: float32
#   description: "Uncertainty of \\texttt{geomModelGaussian2Phase}"
#   meta:
#     ucd: stat.error;time.phase
# - 
#   name: geom_model_gaussian2_sigma
#   datatype: float32
[...]
#   datatype: float32
#   description: "Secondary eclipse: uncertainty of \\texttt{derivedSecondaryEclDuration}"
#   meta:
#     ucd: stat.error;time.duration
# - 
#   name: derived_secondary_ecl_depth
#   datatype: float32
#   unit: mag
#   description: "Secondary eclipse: depth"
#   meta:
#     ucd: src.var.amplitude
# - 
#   name: derived_secondary_ecl_depth_error
#   datatype: float32
#   unit: mag
#   description: "Secondary eclipse: uncertainty of \\texttt{derivedSecondaryEclDepth}"
#   meta:
#     ucd: stat.error;src.var.amplitude
solution_id,source_id,global_ranking,reference_time,frequency,frequency_error,geom_model_reference_level,geom_model_reference_level_error,geom_model_gaussian1_phase,geom_model_gaussian1_phase_error,geom_model_gaussian1_sigma,geom_model_gaussian1_sigma_error,geom_model_gaussian1_depth,geom_model_gaussian1_depth_error,geom_model_gaussian2_phase,geom_model_gaussian2_phase_error,geom_model_gaussian2_sigma,geom_model_gaussian2_sigma_error,geom_model_gaussian2_depth,geom_model_gaussian2_depth_error,geom_model_cosine_half_period_amplitude,geom_model_cosine_half_period_amplitude_error,geom_model_cosine_half_period_phase,geom_model_cosine_half_period_phase_error,model_type,num_model_parameters,reduced_chi2,derived_primary_ecl_phase,derived_primary_ecl_phase_error,derived_primary_ecl_duration,derived_primary_ecl_duration_error,derived_primary_ecl_depth,derived_primary_ecl_depth_error,derived_secondary_ecl_phase,derived_secondary_ecl_phase_error,derived_secondary_ecl_duration,derived_secondary_ecl_duration_error,derived_secondary_ecl_depth,derived_secondary_ecl_depth_error
[from data line 423]
375316653866487564,5437217804042733056,0.53390425,2189.666212363002,2.591731717577826,8.480165E-6,19.557566,0.008371865,0.25042844,0.0025051327,0.07432109,0.003852135,0.35931414,0.0108694425,0.7505096,0.0034471569,0.07272555,0.0042617386,0.37122446,0.01782318,null,null,null,null,"TWOGAUSSIANS",8,1.3616445,0.7505096,0.0034471569,0.4,0.003970638,0.3689753,0.017817166,0.25042844,0.0025051327,0.4,0.0,0.357065,0.010649373
375316653866487564,5437218250717554816,0.5420105,2209.2331383592364,2.034697522751082,9.570644E-6,14.928912,0.043175515,0.23677799,0.0021491542,0.12381359,0.017576812,0.20864648,0.040085156,0.7341237,0.003382103,0.11928845,0.018382462,0.1826565,0.04154737,null,null,null,null,"TWOGAUSSIANS",8,38.26759,0.23678799,0.002152608,0.4,0.0,0.16262339,0.0056416495,0.7341237,0.003382103,0.4,0.0,0.13669768,0.005142033
375316653866487564,5437221132636720768,0.5352719,2223.368590610736,1.1552261731833045,2.1197104E-6,18.891289,0.0044640712,0.33434102,0.028241785,0.038913358,0.022330526,0.034790218,0.0140245315,0.6174466,8.886673E-4,0.01936249,0.0014688463,0.5774567,0.025462808,null,null,null,null,"TWOGAUSSIANS",8,3.7852411,0.6174466,8.886673E-4,0.10842995,0.00822554,0.5774567,0.025462808,0.33434102,0.028241785,0.21791482,0.12505095,0.034790218,0.0140245315
375316653866487564,5437225015287263744,0.6270665,2241.752536515968,3.372291993858523,4.6250675E-6,18.130346,0.009050275,0.2749141,6.3739193E-4,0.049557082,0.0022076748,0.5647404,0.030947616,0.7723095,0.003011128,0.045694623,0.0035916942,0.4241922,0.020919852,0.12622403,0.012993235,0.2749141,6.3739193E-4,"TWOGAUSSIANS_WITH_ELLIPSOIDAL_ON_ECLIPSE1",9,6.585067,0.2749141,6.3739193E-4,0.27751964,0.012362978,0.81718653,0.031723596,0.77253944,0.0027330224,0.2558899,0.020113487,0.67657673,0.013254639
375316653866487564,5437227252970760960,0.5135993,2197.0243453953476,4.15643302528245,2.6879228E-5,19.870054,0.012314223,0.25636366,0.0039421245,0.08271959,0.004440315,0.4573012,0.02332604,0.75688,0.0052695917,0.06816667,0.0044454727,0.5019151,0.028699884,null,null,null,null,"TWOGAUSSIANS",8,1.960998,0.75688,0.0052695917,0.3817334,0.023962116,0.49804562,0.028358858,0.25636366,0.0039421245,0.4,0.0,0.45343167,0.023073446
375316653866487564,5437233403362022016,0.44254103,2262.645549033853,0.02604319371225336,1.0865222E-6,15.878408,0.002044232,0.3363986,6.0405483E-7,0.0115401065,6.585647E-5,0.38509908,0.0010892531,null,null,null,null,null,null,null,null,null,null,"ONEGAUSSIAN",5,96.60244,0.3363986,6.0405483E-7,0.0646246,3.6879623E-4,0.38509908,0.0,null,null,null,null,null,null
375316653866487564,5437233433423446272,0.45561853,2243.6945552898214,0.03631341456106921,2.9070714E-5,17.803112,0.0043312954,0.2240341,0.009212535,0.06735209,0.022682933,0.024736188,0.010393158,0.544329,3.3186423E-4,0.008812821,6.3882256E-4,0.53584164,0.049060922,0.03172876,0.007421386,0.2240341,0.009212535,"TWOGAUSSIANS_WITH_ELLIPSOIDAL_ON_ECLIPSE1",9,13.791069,0.544369,3.3292032E-4,0.049351793,0.0035774063,0.5474185,0.048976112,0.2240341,0.009212535,0.3771717,0.11295437,0.08816861,0.012109282
375316653866487564,5437241580979844352,0.59465057,2215.0449493293313,1.7177660660749428,3.904882E-6,15.422466,0.0029366035,0.19400604,0.0014828298,0.084891334,0.0032225389,0.16602656,0.0037296026,0.69450104,0.0020077801,0.08976675,0.0029729328,0.16611902,0.0033103847,null,null,null,null,"TWOGAUSSIANS",8,10.108906,0.69450104,0.0020077801,0.4,0.0,0.16064829,0.0027887553,0.19400604,0.0014828298,0.4,0.0,0.16055588,0.0040358747
375316653866487564,5437241924577980032,0.4871672,2223.7402411663934,0.6439278389728863,1.0659606E-5,15.719288,0.0010226206,0.22352786,0.0021856844,0.018093562,0.0016745321,0.092616424,0.014425749,0.43908235,0.0057678986,0.023073722,0.008025965,0.009125202,0.0023116248,null,null,null,null,"TWOGAUSSIANS",8,11.110801,0.22352786,0.0021856844,0.10132395,0.00937738,0.092616424,0.014425749,0.43908235,0.0057678986,0.12921284,0.0449454,0.009125202,0.0023116248
375316653866487564,5437242165095381504,0.6514518,2200.61205113106,2.219524188272666,3.1909442E-6,16.584282,0.005558183,0.22047985,7.9030276E-4,0.048143893,0.0033074764,0.16133599,0.0136926295,0.7196418,0.0019757596,0.052845407,0.0027066937,0.18504894,0.013978652,0.1313433,0.008634222,0.22047985,7.9030276E-4,"TWOGAUSSIANS_WITH_ELLIPSOIDAL_ON_ECLIPSE1",9,9.496969,0.71984184,0.0015325729,0.2959343,0.015157485,0.44772702,0.004863121,0.22047985,7.9030276E-4,0.26960582,0.018521868,0.42401963,0.008324625
375316653866487564,5437261269111178496,0.6095973,2235.4605664277087,1.468689925136823,6.563721E-6,16.057177,0.0022776206,0.13045302,0.0027419433,0.04455044,0.002316773,0.48392037,0.019902762,0.6317931,0.00502318,0.059590884,0.00463531,0.10974257,0.005794902,null,null,null,null,"TWOGAUSSIANS",8,24.52595,0.13045302,0.0027419433,0.24948247,0.012973929,0.4839166,0.019903867,0.6317931,0.00502318,0.33370894,0.025957735,0.10973883,0.0057953284
375316653866487564,5437261440909864960,0.5169242,2230.096925436927,2.134052194655017,1.268655E-5,14.46827,0.09541397,0.1240998,0.0034841406,0.13334543,0.02147732,0.24595256,0.08817616,0.6159962,0.0045371475,0.14900377,0.030372756,0.24262147,0.09354033,null,null,null,null,"TWOGAUSSIANS",8,117.77599,0.1245998,0.0031494875,0.4,0.0,0.15122595,0.006461379,0.6159962,0.0045371475,0.4,0.0,0.14657144,0.004853319
375316653866487564,5437264430204059776,0.52735746,2231.642257812226,3.504496627671243,1.2463458E-5,19.56183,0.008408838,0.30704415,0.0036269464,0.067878515,0.002061272,0.69032204,0.032161348,0.811681,0.0030101996,0.06369175,0.0030741026,0.56425816,0.0315182,null,null,null,null,"TWOGAUSSIANS",8,2.429732,0.30704415,0.0036269464,0.38011965,0.011543123,0.68952227,0.03218729,0.811681,0.0030101996,0.3566738,0.017214974,0.56345844,0.0316203
375316653866487564,5437266904107896192,0.58848315,2222.4849366800436,0.025233556197690417,1.0849226E-5,14.215957,9.550372E-4,0.33109224,0.05406527,0.03971945,0.039790086,0.025780452,0.11478181,0.71995956,3.1007696E-6,0.0013089931,9.424846E-6,0.3402614,9.896209E-4,0.0033236837,0.0010590085,0.71995956,3.1007696E-6,"TWOGAUSSIANS_WITH_ELLIPSOIDAL_ON_ECLIPSE2",9,21.661386,0.71995956,3.1007696E-6,0.0073303613,5.2779138E-5,0.34690878,0.0015179734,0.32858223,0.056674942,0.22242893,0.22282447,0.02973192,0.11479068
375316653866487564,5437267587002557952,0.5163118,2205.2226553209143,2.448634174241912,1.0672415E-5,16.998589,0.025398845,0.26307523,0.003685348,0.061648034,0.011978835,0.187354,0.052834768,0.75647354,0.003887155,0.057630505,0.012527686,0.22812933,0.046201944,0.08982873,0.028856022,0.26307523,0.003685348,"TWOGAUSSIANS_WITH_ELLIPSOIDAL_ON_ECLIPSE1",9,24.704538,0.7576035,0.0031333386,0.32273084,0.07015504,0.40746918,0.019638665,0.26307523,0.003685348,0.34522897,0.067081474,0.36694998,0.024904864
375316653866487564,5437268720874068864,0.5467276,2187.0261784295094,3.840759035017006,7.5828248E-6,18.055046,0.014166282,0.2723998,0.0029586835,0.08128566,0.003809265,0.5917233,0.022001892,0.75761586,0.0029119828,0.085149385,0.00761338,0.43392113,0.019037865,null,null,null,null,"TWOGAUSSIANS",8,15.592209,0.2723998,0.0029586835,0.4,0.0,0.5832905,0.021325959,0.75761586,0.0029119828,0.4,0.0,0.42548826,0.020768052
375316653866487564,5437272161147949568,0.42131388,2258.3134942776487,0.040058615425749004,6.553201E-5,14.2192545,0.0031579714,0.99097764,9.995612E-4,0.010303096,0.0015617451,0.029838784,0.0048258365,0.47170204,0.01004778,0.15487576,0.028297888,0.058126394,0.009378326,null,null,null,null,"TWOGAUSSIANS",8,21.019855,0.47170204,0.01004778,0.4,0.0,0.05742245,0.010177428,0.9909977,9.972684E-4,0.057697337,0.008745773,0.029815605,0.004848439
375316653866487564,5437273054497842048,0.5275893,2217.1268771229875,3.139325461113817,6.997758E-6,18.460127,0.0028291175,0.28150856,0.0026721845,0.06783027,0.002740348,0.18132554,0.0058867456,0.78139085,0.002755376,0.07145633,0.0031815416,0.18264253,0.0098168235,null,null,null,null,"TWOGAUSSIANS",8,1.47524,0.78139085,0.002755376,0.4,0.0098918555,0.18206502,0.009878638,0.28150856,0.0026721845,0.37984952,0.015345949,0.18074803,0.005855172
375316653866487564,5437274806847853696,0.4722757,2226.5451253319566,0.06442377075915144,7.5916146E-6,16.986574,0.0052463645,0.4614242,0.0023697556,0.008394982,0.0019460617,0.4249084,0.02749959,0.7306473,0.010713683,0.041848388,0.02080344,0.024814138,0.012980832,0.054354914,0.008836798,0.7306473,0.010713683,"TWOGAUSSIANS_WITH_ELLIPSOIDAL_ON_ECLIPSE2",9,113.09064,0.46139422,0.0023599602,0.047011897,0.010897946,0.42648834,0.027257148,0.7306473,0.010713683,0.23435098,0.11649927,0.1335235,0.0104580065
375316653866487564,5437276593554226176,0.56416637,2202.1878445359202,0.27031686817308065,2.3866225E-5,16.837555,9.1006863E-4,0.1939124,0.0022349383,0.009801224,0.0013825695,0.0388053,0.0031110982,0.6895746,6.004271E-4,0.0093035,8.5603225E-4,0.32073173,0.03139207,null,null,null,null,"TWOGAUSSIANS",8,3.1006706,0.6895746,6.004271E-4,0.0520996,0.0047937804,0.32073173,0.03139207,0.1939124,0.0022349383,0.054886855,0.0077423896,0.0388053,0.0031110982
375316653866487564,5437279441112477440,0.54409075,2224.0558438479557,3.4975752309929815,1.0046197E-5,17.93262,0.018247357,0.2811358,0.0027229635,0.102169886,0.00787099,0.28300622,0.016636012,0.7844338,0.0033549166,0.104879774,0.011651089,0.24064685,0.01406939,null,null,null,null,"TWOGAUSSIANS",8,3.8375108,0.2811358,0.0027229635,0.4,0.0,0.25586954,0.0061010444,0.7844338,0.0033549166,0.4,0.0,0.21350813,0.014692889
375316653866487564,5437280987300782976,0.5250955,2209.5458161540696,3.0277811239084826,7.095318E-6,17.425114,0.06769493,0.25658417,0.002969063,0.10974526,0.016822647,0.33234832,0.06243976,0.74798274,0.0039659664,0.1273941,0.02607066,0.29399377,0.057870682,null,null,null,null,"TWOGAUSSIANS",8,14.8629875,0.25665414,0.0030067568,0.4,0.0,0.27055582,0.009397529,0.74798274,0.0039659664,0.4,0.0,0.23194867,0.020615267
375316653866487564,5437288928700427008,0.5584714,2206.301066097962,1.1763646293873888,1.2802867E-6,17.658253,0.002863763,0.27795392,4.5794513E-4,0.023690587,5.4538983E-4,0.5067218,0.011541651,0.7719388,0.004223618,0.023482444,0.0021257643,0.24435745,0.031970587,null,null,null,null,"TWOGAUSSIANS",8,6.6640143,0.27795392,4.5794513E-4,0.13266729,0.0030541832,0.5067218,0.011541651,0.7719388,0.004223618,0.13150169,0.01190428,0.24435745,0.031970587
375316653866487564,5437290818482902528,0.43309614,2268.793399546413,3.2142841611738695,3.031468E-5,17.48686,0.020701827,0.22882281,0.0077148504,0.080696054,0.012392026,0.22762984,0.032129243,0.7180394,0.0074519156,0.077571385,0.021727283,0.23760538,0.04334521,null,null,null,null,"TWOGAUSSIANS",8,13.187135,0.7180394,0.0074519156,0.4,0.02441307,0.23506099,0.046736788,0.22882281,0.0077148504,0.4,0.0,0.22508545,0.031158932
375316653866487564,5437292605191969024,0.6342087,2209.934246851033,0.5009158218315134,1.1396538E-6,15.294096,0.001831496,0.27797785,2.774109E-4,0.03006383,4.4283344E-4,0.72706676,0.023573523,0.7787616,0.0012858416,0.032786425,0.0020007533,0.09709228,0.0036014616,null,null,null,null,"TWOGAUSSIANS",8,22.037392,0.27797785,2.774109E-4,0.16835745,0.002479867,0.72706676,0.023573523,0.7787616,0.0012858416,0.18360397,0.0112042185,0.09709228,0.0036014616
375316653866487564,5437303703382838912,0.4278118,2237.536628908948,0.02546933618919009,1.2055017E-4,16.368002,0.003396863,0.25747612,0.013481213,0.025500422,0.020828368,0.21891728,1.5996199,0.6469478,0.05826769,0.117566265,0.049445946,0.014270002,0.0050302325,null,null,null,null,"TWOGAUSSIANS",8,11.079802,0.25747612,0.013564712,0.14280236,0.11663887,0.21897168,1.5995643,0.6469478,0.05826769,0.4,0.0,0.014265322,0.0050312066
375316653866487564,5437306280364116352,0.46214223,2210.503247306146,2.0855321645872835,3.497293E-5,18.255644,0.007498626,0.2344549,0.0074406094,0.04466535,0.004608291,0.3322398,0.03291484,0.88739586,0.017940383,0.022060817,0.020560866,0.042642508,0.018738814,null,null,null,null,"TWOGAUSSIANS",8,20.668753,0.2344549,0.0074406094,0.25012597,0.02580643,0.3322398,0.03291484,0.88739586,0.017940383,0.12354058,0.11514085,0.042642508,0.018738814
375316653866487564,5437306555245745152,0.6282094,2215.1911527932243,2.6904930543727845,5.083226E-6,15.321379,0.0035016222,0.27123013,0.0014117839,0.081068546,0.0023539031,0.43429235,0.0071737356,0.7772712,0.001655544,0.08740107,0.0017869109,0.40568435,0.0069725304,null,null,null,null,"TWOGAUSSIANS",8,42.767235,0.27123013,0.0014117839,0.4,0.0,0.42509106,0.00767127,0.7772712,0.001655544,0.4,0.0,0.39648297,0.0069323736
375316653866487564,5437308749970265600,0.5880761,2209.385705404872,3.1841341250506776,6.50328E-6,18.000463,0.0040283683,0.2533295,0.0017676314,0.0495351,0.005786213,0.219612,0.011469939,0.7488608,0.003955139,0.03597917,0.0042775497,0.14998257,0.015547325,0.118009925,0.0056802295,0.2533295,0.0017676314,"TWOGAUSSIANS_WITH_ELLIPSOIDAL_ON_ECLIPSE1",9,3.7283645,0.2533295,0.0017676314,0.27739656,0.03240279,0.45563093,0.010560167,0.7494808,0.0034067743,0.20148335,0.023954278,0.38584122,0.017283386
375316653866487564,5437309780762272512,0.5178557,2228.308628326291,0.6505497830585975,1.7794047E-5,18.581165,0.004122145,0.92862016,0.002624823,0.014682751,0.0023165152,0.6926704,0.099318,null,null,null,null,null,null,null,null,null,null,"ONEGAUSSIAN",5,7.898688,0.92862016,0.002624823,0.08222341,0.012972485,0.6926704,0.0,null,null,null,null,null,null
375316653866487564,5437311915364853504,0.4822914,2207.80922049818,3.5522177141165896,2.0694042E-5,17.449905,0.07830191,0.24835448,0.0044448124,0.11177404,0.032642316,0.17127065,0.0704129,0.7570658,0.006326917,0.1211495,0.04216653,0.16972426,0.07359453,null,null,null,null,"TWOGAUSSIANS",8,12.004807,0.24830449,0.004203898,0.4,0.0,0.13997896,0.011972739,0.7570858,0.006447381,0.4,0.0,0.13837816,0.008898956
375316653866487564,5437313702071179648,0.52544564,2247.7236704585416,0.08523203345725508,2.4032885E-5,16.44578,0.0018679837,0.14753498,6.63608E-4,0.0035572085,4.1325198E-4,0.26663882,0.05915605,0.7932425,0.028464442,0.05330492,0.04009441,0.011331573,0.0042771846,null,null,null,null,"TWOGAUSSIANS",8,8.257472,0.14753498,6.63608E-4,0.019920368,0.002314211,0.26663882,0.05915605,0.7932425,0.028464442,0.29850757,0.22452869,0.011331573,0.0042771846
375316653866487564,5437314934723382528,0.6137671,2195.793347780712,3.678023092265154,3.303489E-6,17.96587,0.0065736193,0.25987196,6.5230014E-4,0.048708446,0.0016713049,0.44649705,0.023308694,0.75844455,0.0018927458,0.04754266,0.0036579024,0.39793244,0.016051507,0.12340823,0.008982733,0.25987196,6.5230014E-4,"TWOGAUSSIANS_WITH_ELLIPSOIDAL_ON_ECLIPSE1",9,4.6775794,0.25987196,6.5230014E-4,0.27276728,0.009359308,0.6933121,0.020915201,0.75858456,0.0017121944,0.2662389,0.020484254,0.6447297,0.017286662
375316653866487564,5437317550361732608,0.56420803,2228.58434228663,3.126369561202183,6.5141935E-6,16.862648,0.011441248,0.27738038,0.005474927,0.056772675,0.008421133,0.14124982,0.030164175,0.7931071,0.001762165,0.056489326,0.007200942,0.14642759,0.0354072,0.09617249,0.018984288,0.7931071,0.001762165,"TWOGAUSSIANS_WITH_ELLIPSOIDAL_ON_ECLIPSE2",9,17.464937,0.7931071,0.001762165,0.31634024,0.040325277,0.3387603,0.0220494,0.28142038,0.0037069342,0.31792697,0.047158346,0.33219007,0.014686228
375316653866487564,5437318061460088832,0.59627396,2237.8984783764695,3.436581604845949,6.3808793E-6,18.588392,0.01004039,0.22992374,0.0012427644,0.05019657,0.0027028662,0.47848517,0.023241244,0.7288125,0.0013799634,0.048112243,0.0031811802,0.35160533,0.021362063,0.11838296,0.013316324,0.22992374,0.0012427644,"TWOGAUSSIANS_WITH_ELLIPSOIDAL_ON_ECLIPSE1",9,3.81257,0.22992374,0.0012427644,0.28110078,0.015136051,0.71524864,0.015600142,0.7289325,0.0012023724,0.26942855,0.01781461,0.5883585,0.012415575
