Gaia/vari_eclipsing_binary/VariEclipsingBinary_465854-465894.csv
# %ECSV 1.0
# ---
# delimiter: ','
# meta: !!omap
# - RELEASE: Gaia DR3
# - TABLE: vari_eclipsing_binary
# - DESCRIPTION: >
#     This table describes the properties of the eclipsing binaries resulting from the variability analysis. 
# - CITATION: >
#     How to cite and acknowledge Gaia: 
#     https://gea.esac.esa.int/archive/documentation/credits.html 
# - KNOWN_ISSUES: >
#     Known issues: 
#     https://www.cosmos.esa.int/web/gaia-users/known-issues 
# - DOCUMENTATION: >
#     Tutorials and documentation: 
#     https://www.cosmos.esa.int/web/gaia-users/archive 
# datatype:
# - 
#   name: solution_id
#   datatype: int64
#   description: Solution Identifier
#   meta:
#     ucd: meta.version
# - 
#   name: source_id
#   datatype: int64
#   description: Unique source identifier
#   meta:
#     ucd: meta.id;meta.main
# - 
#   name: global_ranking
#   datatype: float32
#   description: Number between 0 (worst) and 1 (best)
#   meta:
#     ucd: stat.param
# - 
#   name: reference_time
#   datatype: float64
#   unit: d
#   description: Reference time used for the geometric model fit
#   meta:
#     ucd: time.epoch
# - 
#   name: frequency
#   datatype: float64
#   unit: d**-1
#   description: Frequency of geometric model of the eclipsing binary light curve
#   meta:
#     ucd: src.orbital
# - 
#   name: frequency_error
#   datatype: float32
#   unit: d**-1
#   description: "Uncertainty of \\texttt{frequency}"
#   meta:
#     ucd: stat.error
# - 
#   name: geom_model_reference_level
#   datatype: float32
#   unit: mag
#   description: Magnitude reference level of geometric model
#   meta:
#     ucd: phot.mag;em.opt
# - 
#   name: geom_model_reference_level_error
#   datatype: float32
#   unit: mag
#   description: "Uncertainty of \\texttt{geomModelReferenceLevel}"
#   meta:
#     ucd: stat.error;phot.mag;em.opt
# - 
#   name: geom_model_gaussian1_phase
#   datatype: float32
#   description: Phase of the Gaussian 1 component
#   meta:
#     ucd: time.phase
# - 
#   name: geom_model_gaussian1_phase_error
#   datatype: float32
#   description: "Uncertainty of \\texttt{geomModelGaussian1Phase}"
#   meta:
#     ucd: stat.error;time.phase
# - 
#   name: geom_model_gaussian1_sigma
#   datatype: float32
#   description: "Standard deviation [phase] of Gaussian 1 component"
#   meta:
#     ucd: stat.stdev
# - 
#   name: geom_model_gaussian1_sigma_error
#   datatype: float32
#   description: "Uncertainty of \\texttt{geomModelGaussian1Sigma}"
#   meta:
#     ucd: stat.error
# - 
#   name: geom_model_gaussian1_depth
#   datatype: float32
#   unit: mag
#   description: Magnitude depth of Gaussian 1 component
#   meta:
#     ucd: src.var.amplitude
# - 
#   name: geom_model_gaussian1_depth_error
#   datatype: float32
#   unit: mag
#   description: "Uncertainty of \\texttt{geomModelGaussian1Depth}"
#   meta:
#     ucd: stat.error;src.var.amplitude
# - 
#   name: geom_model_gaussian2_phase
#   datatype: float32
#   description: Phase of Gaussian 2 component
#   meta:
#     ucd: time.phase
# - 
#   name: geom_model_gaussian2_phase_error
#   datatype: float32
#   description: "Uncertainty of \\texttt{geomModelGaussian2Phase}"
#   meta:
#     ucd: stat.error;time.phase
# - 
#   name: geom_model_gaussian2_sigma
#   datatype: float32
[...]
#   datatype: float32
#   description: "Secondary eclipse: uncertainty of \\texttt{derivedSecondaryEclDuration}"
#   meta:
#     ucd: stat.error;time.duration
# - 
#   name: derived_secondary_ecl_depth
#   datatype: float32
#   unit: mag
#   description: "Secondary eclipse: depth"
#   meta:
#     ucd: src.var.amplitude
# - 
#   name: derived_secondary_ecl_depth_error
#   datatype: float32
#   unit: mag
#   description: "Secondary eclipse: uncertainty of \\texttt{derivedSecondaryEclDepth}"
#   meta:
#     ucd: stat.error;src.var.amplitude
solution_id,source_id,global_ranking,reference_time,frequency,frequency_error,geom_model_reference_level,geom_model_reference_level_error,geom_model_gaussian1_phase,geom_model_gaussian1_phase_error,geom_model_gaussian1_sigma,geom_model_gaussian1_sigma_error,geom_model_gaussian1_depth,geom_model_gaussian1_depth_error,geom_model_gaussian2_phase,geom_model_gaussian2_phase_error,geom_model_gaussian2_sigma,geom_model_gaussian2_sigma_error,geom_model_gaussian2_depth,geom_model_gaussian2_depth_error,geom_model_cosine_half_period_amplitude,geom_model_cosine_half_period_amplitude_error,geom_model_cosine_half_period_phase,geom_model_cosine_half_period_phase_error,model_type,num_model_parameters,reduced_chi2,derived_primary_ecl_phase,derived_primary_ecl_phase_error,derived_primary_ecl_duration,derived_primary_ecl_duration_error,derived_primary_ecl_depth,derived_primary_ecl_depth_error,derived_secondary_ecl_phase,derived_secondary_ecl_phase_error,derived_secondary_ecl_duration,derived_secondary_ecl_duration_error,derived_secondary_ecl_depth,derived_secondary_ecl_depth_error
[from data line 225]
375316653866487564,4097895921383803648,0.49531692,2241.8692532392374,3.98907946466222,7.364619E-5,17.918007,0.009083315,0.1681673,0.030641291,0.031465463,0.011165493,0.5079543,1.3555868,0.553608,0.026296422,0.059616853,0.08409404,0.12912391,null,null,null,null,null,"TWOGAUSSIANS",8,4.7092347,0.1681673,0.030641291,0.1762066,0.06252676,0.5079543,1.3555868,0.553608,0.026296422,0.33385438,0.4709266,0.12912391,null
375316653866487564,4097895955776551168,0.5904465,2287.79659502053,2.526695670247526,6.33236E-6,16.732275,0.049548637,0.26741654,0.0028652565,0.06047383,0.010133654,0.4113123,0.10466803,0.75297916,0.010414453,0.044171244,0.01795482,0.8290874,21.441711,0.110868126,0.054154173,0.26741654,0.0028652565,"TWOGAUSSIANS_WITH_ELLIPSOIDAL_ON_ECLIPSE1",9,27.170134,0.75354916,0.010865009,0.24735896,0.100547,1.0489962,21.45023,0.26741654,0.0028652565,0.33865345,0.05674846,0.6329693,0.059195008
375316653866487564,4097895990103486848,0.60504633,2238.2773375172515,2.012157438984707,2.7040078E-5,19.055376,0.01103321,0.2724996,0.008717609,0.08816342,0.009224659,0.42506075,0.013501423,0.7794181,0.002906107,0.08521821,0.0066448026,0.39771125,0.020511677,null,null,null,null,"TWOGAUSSIANS",8,0.6402728,0.2724996,0.008717609,0.4,0.0,0.4136048,0.015274982,0.7794181,0.002906107,0.4,0.0,0.38625535,0.023300113
375316653866487564,4097896196294761472,0.7665838,2264.996280567242,0.9196526087868875,9.85464E-6,16.195324,7.9033367E-4,0.2783833,0.0019520606,0.0643618,0.0011749093,0.44622082,0.008509496,0.76811916,0.009915195,0.020009402,0.008450419,0.009799182,0.006661602,null,null,null,null,"TWOGAUSSIANS",8,0.68398666,0.2783833,0.0019520606,0.3604261,0.0065794922,0.44622082,0.008509497,0.76811916,0.009915195,0.11205266,0.047322348,0.009799179,0.006661604
375316653866487564,4097896299341339008,0.47738075,2292.5872836580684,2.3438718421529434,8.4608844E-5,19.707144,0.015901336,0.5048977,0.010500983,0.028880548,0.008596336,1.0014465,1.5571654,0.8623395,0.028182993,0.06886649,0.019935928,0.17405683,0.076978184,null,null,null,null,"TWOGAUSSIANS",8,2.807434,0.5048977,0.010500983,0.16173108,0.04813948,1.0014467,1.5571657,0.8623395,0.028182993,0.38565233,0.088072285,0.17405683,0.076978184
375316653866487564,4097896436780537856,0.6186798,2260.407603163121,2.95239726850079,2.1314929E-5,18.951572,0.01150593,0.2552396,1.3757184E-5,0.02355734,2.746375E-4,0.5867974,0.011529888,0.7128582,0.0017848989,0.07858857,0.0026541688,0.54447573,0.020917315,null,null,null,null,"TWOGAUSSIANS",8,1.7019428,0.2552396,1.3757184E-5,0.13192111,0.00153797,0.5867967,0.011529503,0.7128582,0.0017848989,0.4,0.0,0.544475,0.020917356
375316653866487564,4097896505499923584,0.46275643,2242.371099931848,1.3372449017907337,5.3771437E-5,19.716227,0.015385447,0.69281334,0.024856634,0.060926996,0.020015532,0.15898171,0.020004757,0.8443736,0.02005352,0.04225184,0.0075681345,0.450279,0.14331731,null,null,null,null,"TWOGAUSSIANS",8,2.305537,0.8443736,0.02005352,0.23661031,0.04238155,0.45748407,0.1414661,0.69444335,0.025596678,0.34119117,0.11208698,0.15975508,0.019770125
375316653866487564,4097897089648029184,0.63327825,2274.1290836687867,2.373426977216374,1.6757818E-5,15.974547,0.00555299,0.23969671,0.0013597003,0.08223209,0.0025304751,0.29191318,0.0064791194,0.7339902,0.0029557464,0.08443462,0.004306234,0.3602335,0.008766844,null,null,null,null,"TWOGAUSSIANS",8,16.56445,0.7339902,0.0029557464,0.4,0.0,0.35373065,0.008658378,0.23969671,0.0013597003,0.4,0.0,0.28541034,0.0060728407
375316653866487564,4097897188392377728,0.5107443,2290.286746547,4.397889763968673,1.7052478E-5,18.818184,0.0150340935,0.2055372,0.022598486,0.050224643,0.018711096,0.09977697,0.016447077,0.7037224,0.0035048558,0.04816125,0.0037719605,0.45228738,0.033705793,null,null,null,null,"TWOGAUSSIANS",8,5.2256727,0.7037224,0.0035048558,0.269703,0.021122979,0.45228645,0.03370464,0.2055372,0.022598486,0.281258,0.10478214,0.099776044,0.016444176
375316653866487564,4097897291470397696,0.5331778,2306.5125501419398,2.9170175060151164,1.4122167E-5,17.795889,0.063399285,0.2210519,0.013598145,0.090375714,0.02391453,0.43884924,0.08279496,0.7499401,0.003937994,0.08642281,0.019063141,0.38821495,0.03778354,null,null,null,null,"TWOGAUSSIANS",8,14.483824,0.2210519,0.013598145,0.4,0.007383153,0.42943165,0.08266562,0.7499401,0.003937994,0.4,0.012246863,0.37879777,0.03213543
375316653866487564,4097897536325134208,0.47683954,2250.17376395948,0.40624783606652454,6.3944215E-5,17.331518,0.018840756,0.33687952,0.025517926,0.057267692,0.022250779,0.32573083,0.114494726,0.8277341,0.022831742,0.053634066,0.019763032,0.40495107,0.20507424,null,null,null,null,"TWOGAUSSIANS",8,6.2186556,0.8277341,0.022831742,0.30035076,0.11067298,0.4049319,0.20516269,0.33687952,0.025517926,0.32069907,0.11259913,0.32571167,0.11464023
375316653866487564,4097897772506238208,0.6425812,2233.0873255112274,1.8928757119414956,4.8363286E-6,16.138527,0.006215334,0.24259233,0.0015224833,0.077372424,0.0020118833,0.4496097,0.011920591,0.7410245,0.008687873,0.07946329,0.0062020947,0.3935715,0.02290886,null,null,null,null,"TWOGAUSSIANS",8,9.973946,0.24259233,0.0015224833,0.4,0.0,0.44455713,0.012065958,0.7410245,0.008687873,0.4,0.0,0.38851893,0.02202442
375316653866487564,4097897776809092096,0.48426616,2189.2426411175366,0.04803818350804301,1.3161102E-5,19.517004,0.02057948,0.27532724,0.011865103,0.028911399,0.006318996,0.99367404,0.29147166,0.7599543,3.5992035E-4,0.021654777,0.0025007424,25.20108,14.669072,null,null,null,null,"TWOGAUSSIANS",8,1.541515,0.7599543,3.5992035E-4,0.12126675,0.014004158,25.20108,14.669072,0.27532724,0.011865103,0.16190383,0.03538638,0.99367404,0.29147166
375316653866487564,4097898154769777792,0.5109761,2241.0094703119994,1.1140346594994728,9.816195E-5,19.13544,0.00826905,0.26222673,0.112215556,0.055784576,0.06471644,0.31675476,1.6639197E7,0.7103438,0.07504966,0.067498714,0.065405846,0.50725144,2.0075974E7,null,null,null,null,"TWOGAUSSIANS",8,3.6701064,0.7103438,0.07504966,0.3779928,0.36627275,0.5072151,2.0075974E7,0.26222673,0.112215556,0.31239364,0.35157704,0.31671843,1.6639197E7
375316653866487564,4097898395288102912,0.5327687,2367.899954958287,1.4750175322644559,1.8275243E-5,18.426783,0.06599428,0.1963715,0.014749359,0.10370353,0.047457032,0.1619303,0.050058696,0.6951623,0.014165051,0.08909495,0.026174352,0.22714269,0.067206435,null,null,null,null,"TWOGAUSSIANS",8,3.749811,0.6951623,0.014182125,0.4,0.0,0.21434326,0.038341597,0.1963715,0.014749359,0.4,0.0,0.14912803,0.029332701
375316653866487564,4097899151202786816,0.58746004,2274.2780544029433,2.2685171080788313,4.2060936E-5,18.33858,0.14905362,0.2728383,0.01666522,0.11510771,0.02555698,0.51956683,0.1486068,0.79211056,0.009029641,0.12475294,0.0518242,0.2821528,0.14369601,null,null,null,null,"TWOGAUSSIANS",8,3.5326905,0.2727483,0.016587205,0.4,0.0,0.44837713,0.03318097,0.79224056,0.008857257,0.4,0.0,0.21085057,0.01663527
375316653866487564,4097899249975406464,0.548147,2305.805684548206,2.780475150192558,2.6939882E-5,18.345757,0.027345374,0.32973006,0.010044921,0.06988424,0.00835986,0.36986753,0.053699326,0.8328367,0.01622625,0.07127169,0.024262462,0.43190712,0.11133043,null,null,null,null,"TWOGAUSSIANS",8,7.427667,0.8328367,0.01622625,0.39912146,0.024620894,0.43051243,0.117100514,0.32973006,0.010044921,0.39135176,0.03812653,0.36847284,0.051946253
375316653866487564,4097900349487337856,0.55083746,2299.06097863774,3.284595165735599,3.3678647E-5,17.753769,0.012940469,0.28098202,0.00437592,0.070186265,0.00879384,0.24776278,0.01763011,0.7752095,0.0062435186,0.086934246,0.007929071,0.27181873,0.02319151,null,null,null,null,"TWOGAUSSIANS",8,6.878117,0.7752095,0.0062435186,0.4,0.0,0.26890305,0.02231102,0.28098202,0.00437592,0.3930431,0.038526606,0.24484715,0.017081005
375316653866487564,4097900972268874496,0.52126396,2241.404143956322,2.5262455226788108,1.1516774E-5,19.12627,0.29197186,0.27907848,0.009969033,0.11387178,0.022185579,0.45440257,0.18970327,0.77055514,0.0045700516,0.18178056,0.07831627,0.38979447,0.28872517,null,null,null,null,"TWOGAUSSIANS",8,1.1370683,0.2800285,0.009589232,0.4,0.0,0.29255792,0.023037195,0.77055514,0.0045700516,0.4,0.0,0.21012746,0.017413257
375316653866487564,4097901449000130688,0.46568078,2283.9893662333593,1.3644518162198103,1.06035455E-4,18.162628,0.009981266,0.2893629,0.016441824,0.042442515,0.041997287,0.130653,0.106633425,null,null,null,null,null,null,0.06163924,0.009785905,0.2893629,0.016441824,"ONEGAUSSIAN_WITH_ELLIPSOIDAL",6,11.534331,0.2893629,0.016441824,0.2376781,0.2331198,0.2539313,0.10561666,null,null,null,null,null,null
375316653866487564,4097902685947171712,0.61525136,2320.524935468425,0.22202783010236687,1.3022531E-5,13.11546,6.0921843E-4,0.3040071,0.0030058941,0.018709322,0.0010692985,0.17799196,0.024970705,0.72014016,0.003150795,0.0076255016,0.0049619228,0.004412971,0.0025122864,0.015418936,9.697201E-4,0.3040071,0.0030058941,"TWOGAUSSIANS_WITH_ELLIPSOIDAL_ON_ECLIPSE1",9,4.608273,0.3040071,0.0030058941,0.1047722,0.0059880717,0.20882982,0.025725994,0.72242016,0.0062206946,0.04270281,0.027786767,0.027639626,0.0028896066
375316653866487564,4097903274372887040,0.5336413,2284.508265843655,0.5690703988025863,5.661976E-5,19.886633,0.009638119,0.5566858,0.014788365,0.066493236,0.011518061,0.2354495,0.021908851,0.34827894,0.031965982,0.06318508,0.031112364,0.121091835,0.016328275,null,null,null,null,"TWOGAUSSIANS",8,0.57125247,0.5561558,0.011216209,0.37236214,0.064501144,0.23598243,0.022872455,0.35134894,0.0357442,0.35383648,0.11682842,0.12294941,0.016711364
375316653866487564,4097904064645881728,0.5246236,2308.155399927819,2.36949768414297,3.8330763E-5,18.909523,0.017165376,0.294554,0.008976891,0.07199849,0.02101078,0.37088758,0.09122331,0.7826919,0.0061858534,0.084161304,0.015559254,0.2766988,0.036355417,null,null,null,null,"TWOGAUSSIANS",8,3.077968,0.294554,0.008976891,0.4,0.044149566,0.36796162,0.096706204,0.7826919,0.0061858534,0.4,0.0,0.2737728,0.0393365
375316653866487564,4097904133365478272,0.49503422,2227.30571541081,1.8906078593214564,3.6786343E-5,19.514557,0.029416503,0.2570555,0.010371824,0.098125726,0.020460721,0.21676284,0.039272115,0.7505697,0.009412833,0.09452221,0.017271256,0.2282718,0.031396087,null,null,null,null,"TWOGAUSSIANS",8,2.1088612,0.7505697,0.009412833,0.4,0.0,0.21424599,0.018219212,0.2570555,0.010371824,0.4,0.0,0.2027364,0.03819058
375316653866487564,4097904580046567680,0.57552165,2265.086169055503,2.3408458048363774,1.6756747E-5,17.56438,0.012397467,0.19075894,0.004235938,0.0713798,0.004536382,0.4374056,0.01870782,0.6960522,0.0042473497,0.070070975,0.013620625,0.49739984,0.14424194,null,null,null,null,"TWOGAUSSIANS",8,8.158335,0.6960522,0.0042473497,0.39239746,0.05012555,0.4958203,0.1459117,0.19075894,0.004235938,0.3997269,0.016709968,0.43582606,0.018095426
375316653866487564,4097905095442951680,0.49197453,2287.7280016111777,0.7466196702473429,6.791038E-5,17.588057,0.017813502,0.35329473,0.10601293,0.12885262,0.12552851,0.03464929,0.018792862,0.8227074,0.014302684,0.0618617,0.017855192,0.08249294,0.021007484,null,null,null,null,"TWOGAUSSIANS",8,1.2799609,0.8227074,0.014302684,0.34642553,0.09998907,0.080815025,0.017571047,0.35329473,0.10601293,0.4,0.23613793,0.03291869,0.010687765
375316653866487564,4097905473396029824,0.523408,2330.853693871473,2.212102826598974,2.7005433E-5,18.446804,0.13608627,0.25040385,0.0049804435,0.105499655,0.038719114,0.2258706,0.11624512,0.73886216,0.005574099,0.12121184,0.047151044,0.19646914,0.13004847,null,null,null,null,"TWOGAUSSIANS",8,1.8597568,0.25045383,0.004494019,0.4,0.0,0.19322729,0.014504996,0.73886216,0.005574099,0.4,0.0,0.16374746,0.014167801
375316653866487564,4097905645194783104,0.4975602,2288.068229395523,2.4970553799639412,1.4348781E-5,18.678537,0.0056083496,null,null,null,null,null,null,null,null,null,null,null,null,0.12070923,0.008561227,0.3233013,0.0046938616,"ELLIPSOIDAL",4,4.310721,null,null,null,null,null,null,null,null,null,null,null,null
375316653866487564,4097905748273720576,0.56029785,2246.1433611721,2.97237504951128,2.0939517E-5,17.546618,0.019864665,0.19128014,0.0052153845,0.08190084,0.009037614,0.40574524,0.041981388,0.69779235,0.0064462433,0.08388314,0.008470085,0.40540707,0.05670627,null,null,null,null,"TWOGAUSSIANS",8,13.163627,0.19128014,0.0052153845,0.4,0.0,0.398122,0.044809707,0.69779235,0.0064462433,0.4,0.0,0.39778388,0.05777871
375316653866487564,4097905851357309184,0.4738708,2261.6847052500784,4.017460639657033,5.785092E-5,19.54112,0.07844922,0.31709176,0.00930086,0.08237402,0.02028475,0.33789173,0.07119533,0.8029756,0.020974804,0.11137293,0.034092084,0.35507405,0.07979133,null,null,null,null,"TWOGAUSSIANS",8,4.9878225,0.8029756,0.020974804,0.4,0.0,0.33476168,0.04658538,0.31710178,0.009276932,0.4,0.0,0.3176139,0.027932014
375316653866487564,4097905885717215232,0.45502588,2272.503029282011,1.5728294364753512,9.9195306E-5,18.929699,0.07233751,0.19598812,0.026441045,0.06890008,0.023892745,0.2514942,0.07069094,0.73050106,0.020824155,0.041296024,0.025402686,0.72909,5.4909043,null,null,null,null,"TWOGAUSSIANS",8,4.785451,0.73050106,0.020824155,0.23125772,0.14225504,0.7290844,5.4909306,0.19598812,0.026441045,0.38584045,0.056999482,0.25148863,0.07057129
375316653866487564,4097906813421974400,0.5582674,2253.3174991779033,2.395968354304212,2.8280301E-5,19.583492,0.014081402,0.25674546,0.0069512036,0.06826773,0.0061966474,0.63255024,0.0683644,0.75823843,0.0066846767,0.070715986,0.008178193,0.51221037,0.058551397,null,null,null,null,"TWOGAUSSIANS",8,1.5617486,0.25674546,0.0069512036,0.38229933,0.0345724,0.6308599,0.0689327,0.75823843,0.0066846767,0.3960095,0.04101033,0.51052004,0.05907076
375316653866487564,4097907122664099456,0.61307114,2285.2705972956087,2.134606265089074,1.2706746E-5,18.658342,0.022924593,0.28820786,0.016195592,0.08420042,0.012051421,0.54606175,0.040149413,0.7912318,0.0043102796,0.08565824,0.0066870833,0.46407643,0.0309569,null,null,null,null,"TWOGAUSSIANS",8,4.063635,0.28820786,0.016195592,0.4,0.0,0.5335301,0.04154125,0.7912318,0.0043102796,0.4,0.0,0.45154476,0.029806051
375316653866487564,4097907638056394880,0.5251821,2196.6638614029994,2.9195931990573487,1.0100404E-5,17.733011,0.029097645,0.18112579,0.0034226826,0.061481744,0.0070336256,0.5984198,0.020896161,0.6643658,0.0027530065,0.060748022,0.012147442,1.12676,0.77414924,null,null,null,null,"TWOGAUSSIANS",8,24.99503,0.6643658,0.0027530065,0.34018892,0.06802568,1.1265452,0.77452236,0.18112579,0.0034226826,0.34429777,0.039388303,0.598205,0.02095949
375316653866487564,4097908222203518848,0.59575737,2209.1044112698755,0.5230623319211071,5.5442575E-5,17.215609,0.009423419,0.08661578,0.07264737,0.01870491,0.026476152,0.056377366,0.06956954,0.83490896,0.013133206,0.02770781,0.0072520073,0.41704908,0.074323766,0.009242591,0.013828029,0.83490896,0.013133206,"TWOGAUSSIANS_WITH_ELLIPSOIDAL_ON_ECLIPSE2",9,12.901559,0.83490896,0.013133206,0.15516374,0.04061124,0.43553418,0.05849591,0.08663578,0.07420546,0.1047475,0.14826645,0.056379434,0.07368922
375316653866487564,4097908256531726208,0.5338786,2270.657182498543,1.7629729682322504,2.3349729E-5,18.742702,0.021322748,0.24907021,0.017265791,0.07100192,0.01862904,0.36105612,0.32976955,0.7543258,0.005237853,0.07311715,0.013014955,0.41454145,0.07180856,null,null,null,null,"TWOGAUSSIANS",8,6.995742,0.7543258,0.005237853,0.4,0.014443067,0.4128816,0.07461806,0.24907021,0.017265791,0.39761072,0.09946462,0.35939628,0.33103114
