Gaia/vari_eclipsing_binary/VariEclipsingBinary_467987-467999.csv
# %ECSV 1.0
# ---
# delimiter: ','
# meta: !!omap
# - RELEASE: Gaia DR3
# - TABLE: vari_eclipsing_binary
# - DESCRIPTION: >
#     This table describes the properties of the eclipsing binaries resulting from the variability analysis. 
# - CITATION: >
#     How to cite and acknowledge Gaia: 
#     https://gea.esac.esa.int/archive/documentation/credits.html 
# - KNOWN_ISSUES: >
#     Known issues: 
#     https://www.cosmos.esa.int/web/gaia-users/known-issues 
# - DOCUMENTATION: >
#     Tutorials and documentation: 
#     https://www.cosmos.esa.int/web/gaia-users/archive 
# datatype:
# - 
#   name: solution_id
#   datatype: int64
#   description: Solution Identifier
#   meta:
#     ucd: meta.version
# - 
#   name: source_id
#   datatype: int64
#   description: Unique source identifier
#   meta:
#     ucd: meta.id;meta.main
# - 
#   name: global_ranking
#   datatype: float32
#   description: Number between 0 (worst) and 1 (best)
#   meta:
#     ucd: stat.param
# - 
#   name: reference_time
#   datatype: float64
#   unit: d
#   description: Reference time used for the geometric model fit
#   meta:
#     ucd: time.epoch
# - 
#   name: frequency
#   datatype: float64
#   unit: d**-1
#   description: Frequency of geometric model of the eclipsing binary light curve
#   meta:
#     ucd: src.orbital
# - 
#   name: frequency_error
#   datatype: float32
#   unit: d**-1
#   description: "Uncertainty of \\texttt{frequency}"
#   meta:
#     ucd: stat.error
# - 
#   name: geom_model_reference_level
#   datatype: float32
#   unit: mag
#   description: Magnitude reference level of geometric model
#   meta:
#     ucd: phot.mag;em.opt
# - 
#   name: geom_model_reference_level_error
#   datatype: float32
#   unit: mag
#   description: "Uncertainty of \\texttt{geomModelReferenceLevel}"
#   meta:
#     ucd: stat.error;phot.mag;em.opt
# - 
#   name: geom_model_gaussian1_phase
#   datatype: float32
#   description: Phase of the Gaussian 1 component
#   meta:
#     ucd: time.phase
# - 
#   name: geom_model_gaussian1_phase_error
#   datatype: float32
#   description: "Uncertainty of \\texttt{geomModelGaussian1Phase}"
#   meta:
#     ucd: stat.error;time.phase
# - 
#   name: geom_model_gaussian1_sigma
#   datatype: float32
#   description: "Standard deviation [phase] of Gaussian 1 component"
#   meta:
#     ucd: stat.stdev
# - 
#   name: geom_model_gaussian1_sigma_error
#   datatype: float32
#   description: "Uncertainty of \\texttt{geomModelGaussian1Sigma}"
#   meta:
#     ucd: stat.error
# - 
#   name: geom_model_gaussian1_depth
#   datatype: float32
#   unit: mag
#   description: Magnitude depth of Gaussian 1 component
#   meta:
#     ucd: src.var.amplitude
# - 
#   name: geom_model_gaussian1_depth_error
#   datatype: float32
#   unit: mag
#   description: "Uncertainty of \\texttt{geomModelGaussian1Depth}"
#   meta:
#     ucd: stat.error;src.var.amplitude
# - 
#   name: geom_model_gaussian2_phase
#   datatype: float32
#   description: Phase of Gaussian 2 component
#   meta:
#     ucd: time.phase
# - 
#   name: geom_model_gaussian2_phase_error
#   datatype: float32
#   description: "Uncertainty of \\texttt{geomModelGaussian2Phase}"
#   meta:
#     ucd: stat.error;time.phase
# - 
#   name: geom_model_gaussian2_sigma
#   datatype: float32
[...]
#   datatype: float32
#   description: "Secondary eclipse: uncertainty of \\texttt{derivedSecondaryEclDuration}"
#   meta:
#     ucd: stat.error;time.duration
# - 
#   name: derived_secondary_ecl_depth
#   datatype: float32
#   unit: mag
#   description: "Secondary eclipse: depth"
#   meta:
#     ucd: src.var.amplitude
# - 
#   name: derived_secondary_ecl_depth_error
#   datatype: float32
#   unit: mag
#   description: "Secondary eclipse: uncertainty of \\texttt{derivedSecondaryEclDepth}"
#   meta:
#     ucd: stat.error;src.var.amplitude
solution_id,source_id,global_ranking,reference_time,frequency,frequency_error,geom_model_reference_level,geom_model_reference_level_error,geom_model_gaussian1_phase,geom_model_gaussian1_phase_error,geom_model_gaussian1_sigma,geom_model_gaussian1_sigma_error,geom_model_gaussian1_depth,geom_model_gaussian1_depth_error,geom_model_gaussian2_phase,geom_model_gaussian2_phase_error,geom_model_gaussian2_sigma,geom_model_gaussian2_sigma_error,geom_model_gaussian2_depth,geom_model_gaussian2_depth_error,geom_model_cosine_half_period_amplitude,geom_model_cosine_half_period_amplitude_error,geom_model_cosine_half_period_phase,geom_model_cosine_half_period_phase_error,model_type,num_model_parameters,reduced_chi2,derived_primary_ecl_phase,derived_primary_ecl_phase_error,derived_primary_ecl_duration,derived_primary_ecl_duration_error,derived_primary_ecl_depth,derived_primary_ecl_depth_error,derived_secondary_ecl_phase,derived_secondary_ecl_phase_error,derived_secondary_ecl_duration,derived_secondary_ecl_duration_error,derived_secondary_ecl_depth,derived_secondary_ecl_depth_error
375316653866487564,4116457807980336512,0.46856582,2474.505056642439,2.2833616087915707,6.2882405E-5,19.246208,0.034219116,0.21846259,0.012905339,0.03247998,0.04920894,0.62862396,4.10874584E15,0.77214074,0.010467749,0.045231774,0.011980543,0.32690817,0.12340745,0.05723634,0.039229095,0.21846259,0.012905339,"TWOGAUSSIANS_WITH_ELLIPSOIDAL_ON_ECLIPSE1",9,5.947333,0.21846259,0.012905339,0.1818879,0.27557006,0.74309665,4.10874584E15,0.77214074,0.010467749,0.25329795,0.06709104,0.4288458,0.0912553
375316653866487564,4116458082858755328,0.5140871,2443.1846610326515,0.6571091480945195,3.2044925E-5,17.222036,0.008622946,0.28138587,0.0074730483,0.020902384,0.011649192,1.0936685,570.9172,0.8028411,0.007444088,0.05097913,0.0063906307,0.33007044,0.07986171,null,null,null,null,"TWOGAUSSIANS",8,57.988373,0.28138587,0.0074730483,0.11705335,0.06523547,1.0936685,570.9172,0.8028411,0.007444088,0.28548312,0.03578753,0.33007044,0.07986171
375316653866487564,4116458186052076928,0.46310592,2406.27642727138,2.143985399258002,2.147748E-5,18.27465,0.034055363,0.22648013,0.008580008,0.08762472,0.015327215,0.26673448,0.042895634,0.71901745,0.0086870715,0.10840253,0.022295933,0.19369094,0.03413569,null,null,null,null,"TWOGAUSSIANS",8,6.758028,0.22648013,0.008579351,0.4,0.0,0.2512579,0.027294334,0.71901745,0.0086870715,0.4,0.0,0.17820467,0.016603738
375316653866487564,4116458392096991744,0.41643512,2427.413635742217,1.7322297087920233,4.6751255E-5,18.4117,0.05598593,0.24349734,0.016489364,0.12629946,0.03474773,0.10109773,0.052306265,0.72479105,0.015775146,0.15012123,0.049481247,0.0922799,0.055302512,null,null,null,null,"TWOGAUSSIANS",8,4.246159,0.24451734,0.01534769,0.4,0.0,0.06902816,0.007569599,0.72479105,0.015775146,0.4,0.0,0.05952345,0.007173182
375316653866487564,4116458701335182080,0.44576964,2425.2474559476977,4.8632229146896995,9.297139E-5,18.58557,0.026071588,0.4447951,0.021498157,0.18475527,0.050955832,0.1456921,0.023073094,0.82642263,0.0066265576,0.028477956,0.007705631,0.077771746,0.010561548,null,null,null,null,"TWOGAUSSIANS",8,8.363476,0.4447951,0.021498157,0.4,0.0,0.13819648,0.01716304,0.82642263,0.0066265576,0.15947655,0.043151535,0.08807043,0.012824135
375316653866487564,4116459010572025344,0.61265755,2400.616293425384,0.13676051428179914,2.5808813E-5,18.095364,0.0036813442,0.20032014,0.0052357162,0.021407116,0.0022982438,0.1177897,0.028356403,0.70859945,0.030485546,0.016165173,0.015613533,0.8095833,4.916596,0.045414627,0.003763399,0.20032014,0.0052357162,"TWOGAUSSIANS_WITH_ELLIPSOIDAL_ON_ECLIPSE1",9,3.9793074,0.70859945,0.030485546,0.090524964,0.08743578,0.9001669,4.9163322,0.20032014,0.0052357162,0.11987985,0.0128701655,0.2086189,0.027695343
375316653866487564,4116459010572191744,0.45533717,2433.3524448135263,0.06226135259459718,4.359727E-5,18.92594,0.028793547,0.25188878,0.007905259,0.08375032,0.02843118,0.08371532,0.027316578,0.7619182,0.0149495825,0.06214047,0.069874324,0.28727758,0.19308047,null,null,null,null,"TWOGAUSSIANS",8,2.838963,0.7619182,0.014967762,0.3479866,0.06617663,0.2866717,0.21165551,0.25188878,0.00783362,0.4,0.0,0.083109416,0.01498521
375316653866487564,4116459079291860864,0.56477773,2461.095537972662,0.24011244901241516,1.599841E-5,19.066986,0.014075903,0.50368035,0.004474798,0.06231529,0.0031030166,2.5346978,0.5346696,0.7801438,0.023428336,0.020372337,0.014600387,0.058287233,0.06629598,null,null,null,null,"TWOGAUSSIANS",8,9.218038,0.50368035,0.004474798,0.34896562,0.017376894,2.5346978,0.5346696,0.7801438,0.023428336,0.114085086,0.081762165,0.05842209,0.066463284
375316653866487564,4116459148011577984,0.45378563,2389.800535677538,2.149664598031101,2.1035814E-5,18.82202,0.03917973,0.35038564,0.013149819,0.1082142,0.0293125,0.21673235,0.03896482,0.85782325,0.011890189,0.09376249,0.022324877,0.21267192,0.03741588,null,null,null,null,"TWOGAUSSIANS",8,6.9988656,0.35038564,0.013149819,0.4,0.0,0.19848269,0.035143904,0.85783327,0.011894311,0.4,0.0,0.19443247,0.032052156
375316653866487564,4116459182371854464,0.42313915,2464.5844794768363,0.03784760778951815,1.004348E-5,18.72729,0.4309826,0.20149595,0.05055362,0.17041504,0.15093462,0.32438257,0.4264209,0.7694142,0.030113187,0.08774212,0.0334248,0.4636728,0.18247868,null,null,null,null,"TWOGAUSSIANS",8,9.891778,0.77237415,0.025056044,0.4,0.0,0.4178783,0.09064577,0.20148595,0.05052068,0.4,0.0,0.26404834,0.09981501
375316653866487564,4116459285563940736,0.43391967,2396.9539731099608,4.803834614096975,5.2084568E-5,18.404552,0.2956473,0.57766396,0.017491275,0.27285782,0.15632601,0.18025336,0.2797881,0.9807886,0.0037260088,0.013152627,0.005748243,0.06605727,0.14592583,null,null,null,null,"TWOGAUSSIANS",8,6.9713516,0.57766396,0.017491275,0.4,0.0,0.11343007,0.01225495,0.9807886,0.0037260088,0.07365471,0.032190163,0.07579229,0.14577982
375316653866487564,4116459697766154368,0.5791749,2410.510277212719,0.9700341691655269,5.709079E-6,18.238234,0.007088779,0.29615518,0.0032392251,0.08198183,0.0033792853,0.47853833,0.014962527,0.79713166,0.0018812271,0.08914242,0.0052507157,0.3176032,0.01366049,null,null,null,null,"TWOGAUSSIANS",8,2.97083,0.29615518,0.0032392251,0.4,0.0,0.4679455,0.01498691,0.79713166,0.0018812271,0.4,0.0,0.3070103,0.015540042
375316653866487564,4116459697766359680,0.5211967,2455.5416254502966,0.8168761321974944,1.02199665E-5,18.481184,0.0053957193,0.52130574,0.005120532,0.04128591,0.0045631058,0.26698393,0.027690614,0.9555031,0.0028020306,0.012306357,0.0025685192,0.0657612,0.009375276,null,null,null,null,"TWOGAUSSIANS",8,5.1393147,0.52130574,0.005120532,0.23120108,0.025553392,0.26698393,0.027690614,0.9555031,0.0028020306,0.0689156,0.014383708,0.0657612,0.009375276
375316653866487564,4116459766485937280,0.5233772,2392.2694148898577,2.2747104223182832,2.369411E-5,18.39616,0.015296879,0.10767168,0.0038619745,0.038623147,0.0072891437,0.2978534,0.060589205,0.6022754,0.01093417,0.039847683,0.01095242,0.2482266,0.049540117,0.09355028,0.024116784,0.10767168,0.0038619745,"TWOGAUSSIANS_WITH_ELLIPSOIDAL_ON_ECLIPSE1",9,17.818787,0.10767168,0.0038619745,0.21628962,0.040819205,0.48495373,0.06255119,0.6027454,0.0101383375,0.22314703,0.06133355,0.43513045,0.03828361
375316653866487564,4116460110082663296,0.44657844,2467.1145079894686,0.7757294467312447,1.4005192E-4,18.593014,0.0028609452,0.26317364,0.011668589,0.020378508,0.011547792,0.26701942,0.19428848,0.7642883,0.009650549,0.059868556,0.010751826,0.18386391,0.05198533,null,null,null,null,"TWOGAUSSIANS",8,2.5878975,0.26317364,0.011668589,0.11411964,0.064667635,0.26701942,0.19428852,0.7642883,0.009650549,0.3352639,0.060210224,0.18386391,0.05198534
375316653866487564,4116460144442485504,0.4241734,2403.2228477782146,0.1644950481361898,3.1670585E-5,19.072725,0.017524665,0.26161662,0.012501599,0.066728584,0.015591849,0.20696023,0.034502465,0.73759186,0.037841227,0.07616357,0.033702713,0.20093621,0.09135179,null,null,null,null,"TWOGAUSSIANS",8,14.395445,0.26161662,0.012499783,0.37368008,0.08731435,0.20647198,0.03433082,0.73759186,0.037841227,0.4,0.0,0.20044796,0.09151062
375316653866487564,4116460178802277504,0.4478273,2480.6696591609452,1.993742313050358,8.864846E-5,19.421656,0.02313364,0.15131377,0.056583334,0.10466926,0.0790657,0.06611633,0.031169308,0.52492803,0.010880994,0.05765904,0.020107897,0.22820102,0.047192425,null,null,null,null,"TWOGAUSSIANS",8,2.53978,0.52492803,0.010880994,0.3228906,0.097771294,0.2282022,0.047458496,0.15131377,0.056583207,0.4,0.14995399,0.06600437,0.031166548
375316653866487564,4116460178802372608,0.46544182,2418.759774564083,1.5919205792052513,4.2714757E-5,19.05155,0.04211663,0.2571292,0.0034520447,0.060281888,0.010290564,0.288584,0.033781916,0.719724,0.016400758,0.1172022,0.053156868,0.16104817,0.032340787,null,null,null,null,"TWOGAUSSIANS",8,6.9511333,0.2571592,0.0033498968,0.33757856,0.05762716,0.28492567,0.027025197,0.719724,0.016400758,0.4,0.0,0.15731874,0.035060816
375316653866487564,4116460178802485376,0.50965786,2434.0781572844753,1.1491252241257603,5.800026E-5,19.20616,0.0029651755,0.41642907,0.014277528,0.02405267,0.01747339,0.028390558,0.019362895,0.7262034,0.010882114,0.028312976,0.009706333,0.37395984,0.21268444,null,null,null,null,"TWOGAUSSIANS",8,0.92670214,0.7262034,0.010882114,0.15855266,0.054355465,0.37395984,0.21268444,0.41642907,0.014277528,0.13469495,0.097850986,0.028390558,0.019362895
375316653866487564,4116460316242038528,0.43900284,2397.976968949593,1.2352033731471297,3.3471868E-5,18.4054,0.07595223,0.26746646,0.013282709,0.08943302,0.035751715,0.16881867,0.07123889,0.75827104,0.011882214,0.111543216,0.053361047,0.15444873,0.06679861,null,null,null,null,"TWOGAUSSIANS",8,12.085364,0.26747647,0.013129352,0.4,0.0,0.15596423,0.022396065,0.75827104,0.011882214,0.4,0.0,0.14158009,0.017814677
375316653866487564,4116460380646955008,0.5597705,2391.834207985523,3.4367413081583638,1.3291532E-5,17.521126,0.01750387,0.2551169,0.005162795,0.046729926,0.013914547,0.1445484,0.039228182,0.7541535,0.008001736,0.04410182,0.022177823,0.116858445,0.03156589,0.07007442,0.020496104,0.2551169,0.005162795,"TWOGAUSSIANS_WITH_ELLIPSOIDAL_ON_ECLIPSE1",9,8.834723,0.2551169,0.005162795,0.26168758,0.077921465,0.2846971,0.015976854,0.7543035,0.007288888,0.24697019,0.124195814,0.25700277,0.016273685
375316653866487564,4116460384960964608,0.42586944,2497.1825235661386,0.3484767054577858,4.053736E-5,19.407063,0.13886476,0.33326823,0.09666691,0.14011666,0.2953226,0.16900632,6.185053,0.6440151,0.006130739,0.02910711,0.0058849067,0.66564196,0.262109,null,null,null,null,"TWOGAUSSIANS",8,11.0357,0.6440151,0.006130739,0.16299982,0.03295548,0.67951214,0.25953946,0.33326823,0.09666691,0.4,0.20202479,0.16842578,6.1973877
375316653866487564,4116460449366493184,0.47351146,2391.855853897193,1.0764724107846328,2.3411532E-5,17.9835,0.014517957,0.14193536,0.006382891,0.070572585,0.0056321444,0.29862162,0.022386944,0.63971096,0.042055357,0.0646783,0.03136833,0.33350483,0.07529416,null,null,null,null,"TWOGAUSSIANS",8,20.367521,0.63971096,0.042055357,0.36219844,0.1482559,0.33286744,0.07587151,0.14193536,0.006382891,0.39520648,0.02387332,0.29798424,0.021725526
375316653866487564,4116460453681070336,0.43812415,2468.8650121183846,1.957627846368216,1.974386E-5,16.878922,0.02209702,0.15255567,2.9661693E-4,0.0048820768,4.762751E-4,0.30062863,0.026540013,0.5088387,0.0102431085,0.07568548,0.009788876,0.50238895,0.107675225,null,null,null,null,"TWOGAUSSIANS",8,9.558314,0.5088387,0.0102431085,0.4,0.0,0.50238895,0.10767524,0.15255567,2.9661693E-4,0.027339632,0.0026671404,0.30063638,0.02655442
375316653866487564,4116460694313138304,0.45231646,2450.2624977393084,1.7761366819802433,7.652787E-5,18.88749,0.19941762,0.3028034,0.012297372,0.15646267,0.111116454,0.16240475,0.19576217,0.811004,0.011293263,0.09187879,0.028708724,0.2927692,0.13610148,null,null,null,null,"TWOGAUSSIANS",8,8.259902,0.811184,0.011228624,0.4,0.0,0.24862152,0.03401757,0.3028034,0.012302913,0.4,0.0,0.11626359,0.019670542
375316653866487564,4116460758604000384,0.43841848,2487.4884763673676,4.119833323226916,1.0659084E-4,18.232748,0.0116647165,0.17589724,0.0065046665,0.08518007,0.014872412,0.111616015,0.018187648,0.61256,0.03166987,0.035333913,0.03587705,0.24356122,0.13883817,null,null,null,null,"TWOGAUSSIANS",8,3.3184388,0.61256,0.03166987,0.19786993,0.20091148,0.24355689,0.13868998,0.17589724,0.0065046665,0.4,0.0,0.11161145,0.017608628
375316653866487564,4116460866111975808,0.5316743,2410.0025749973315,1.7499949412932068,1.1370484E-5,16.579939,0.0017317359,null,null,null,null,null,null,null,null,null,null,null,null,0.056444626,0.0024760806,0.25573307,0.0028611086,"ELLIPSOIDAL",4,6.7900777,null,null,null,null,null,null,null,null,null,null,null,null
375316653866487564,4116461106516654336,0.4870635,2541.8258979253524,1.6334251203939991,2.2855986E-4,19.708994,0.06845215,0.25096205,0.019054452,0.16125366,0.050739564,0.25238726,0.059517883,0.8411525,0.009811455,0.07137931,0.00653608,0.4869043,0.04687328,null,null,null,null,"TWOGAUSSIANS",8,1.1728592,0.8427625,0.008588604,0.39972416,0.025661822,0.47514188,0.031072184,0.25096205,0.019054452,0.4,0.0,0.23020206,0.034295484
375316653866487564,4116461140876219136,0.46001166,2511.2307390680944,3.6270617132752574,1.3024552E-4,17.376732,0.0154085,0.3137745,0.0023639419,0.032739352,0.0047067218,0.23747042,0.041830417,0.73249614,0.023520628,0.082382925,0.021578327,0.11432747,0.03135723,null,null,null,null,"TWOGAUSSIANS",8,6.3772655,0.3137745,0.0023639419,0.18334039,0.026357643,0.23746997,0.04183101,0.73249614,0.023520628,0.4,0.020688685,0.11432673,0.031361014
375316653866487564,4116461243955633664,0.43009785,2494.68741725015,3.6271524591820388,4.1490057E-5,19.005419,0.018620986,0.3276101,0.006942638,0.029357268,0.016684234,0.3689111,6.3592267,0.67041725,0.04865029,0.024823058,0.019537337,1.1418136,3.5145538,0.06096207,0.0405038,0.3276101,0.006942638,"TWOGAUSSIANS_WITH_ELLIPSOIDAL_ON_ECLIPSE1",9,8.286461,0.6707973,0.048922714,0.13900913,0.10940909,1.178914,3.5260408,0.3276101,0.006942638,0.1644007,0.09343172,0.49083418,6.3840275
375316653866487564,4116461274025466496,0.44151127,2540.181366549719,4.179274771338409,1.3604488E-4,19.427372,0.030562213,0.26646838,0.03706062,0.10701565,0.05207165,0.18848956,0.03522681,0.9061554,0.010491176,0.014585542,0.009879253,0.5277363,1.1125331,null,null,null,null,"TWOGAUSSIANS",8,5.376353,0.90616536,0.010494929,0.08167903,0.055323817,0.52838063,1.1126736,0.26646838,0.03706062,0.4,0.0,0.1884827,0.034964543
375316653866487564,4116461381395159936,0.44443384,2463.945514903619,0.16441513090231705,8.141612E-5,19.74764,0.023653014,0.34853926,0.012172064,0.003499457,0.005155458,0.6539955,3.39343621E14,null,null,null,null,null,null,0.14186354,0.03811539,0.34853926,0.012172064,"ONEGAUSSIAN_WITH_ELLIPSOIDAL",6,14.076599,0.34853926,0.012172064,0.019596959,0.028870566,0.9377225,3.39343621E14,null,null,null,null,null,null
375316653866487564,4116461415754893824,0.48376608,2536.4009684011417,1.1776451321674006,4.9612216E-5,19.872284,0.05889578,0.07263896,0.007799541,0.012386584,0.0055411123,0.39813796,0.28345412,0.5179501,0.028180167,0.09018268,0.111386925,0.3723947,0.17638844,null,null,null,null,"TWOGAUSSIANS",8,3.2465065,0.07263896,0.007783571,0.06936487,0.03103023,0.39813957,0.2836071,0.5179501,0.028180167,0.4,0.0,0.37239444,0.1873802
375316653866487564,4116461415758409984,0.45396426,2429.953066419135,3.583727123216075,8.379727E-6,19.66421,0.06935303,0.28134543,0.001948072,0.0072101895,0.0063991803,1.500648,2485.8362,0.77776325,0.0141231185,0.1840775,0.1000607,0.15631983,0.029921534,null,null,null,null,"TWOGAUSSIANS",8,1.3490175,0.28134543,0.001948072,0.04037706,0.03583541,1.4999824,2485.8367,0.77776325,0.0141231185,0.4,0.0,0.14782974,0.029555738
375316653866487564,4116461553165821952,0.4399744,2419.827191733721,3.9853799442258007,9.939525E-5,19.405664,0.32029402,0.08289999,0.08261113,0.14733846,0.049372554,0.29619497,0.30966863,0.4983734,0.030892063,0.14523196,0.09385139,0.44286746,0.24790213,null,null,null,null,"TWOGAUSSIANS",8,3.5252612,0.4983734,0.030892063,0.4,0.0145524945,0.35094202,0.08288715,0.09611999,0.06477937,0.4,0.0,0.20706117,0.15794788
375316653866487564,4116461553193946880,0.4245229,2437.834709160777,0.9727591069976732,1.1115564E-5,18.518469,0.010204021,0.15732153,6.175847E-5,0.014682501,4.8473346E-4,2.215669,0.20849204,0.67108303,0.011620722,0.018295692,0.01231311,0.23939222,0.4493292,null,null,null,null,"TWOGAUSSIANS",8,4.9815226,0.15732153,6.175847E-5,0.082222,0.0027145073,2.215669,0.20849204,0.67108303,0.011620722,0.10245588,0.06895342,0.23939222,0.4493292
375316653866487564,4116461553194105344,0.4994909,2412.0777796047605,0.0693643386048337,1.32515515E-5,19.466825,0.024580058,0.2491651,0.004579393,0.09984015,0.010200724,0.39418122,0.032116447,0.74407554,0.0034458123,0.065436065,0.008085702,0.48780927,0.035407256,null,null,null,null,"TWOGAUSSIANS",8,1.7723423,0.74407554,0.0034458123,0.366442,0.045279928,0.47998837,0.03806151,0.2491651,0.004579393,0.4,0.0,0.3863574,0.03202749
