Gaia/vari_eclipsing_binary/VariEclipsingBinary_393943-394782.csv
# %ECSV 1.0
# ---
# delimiter: ','
# meta: !!omap
# - RELEASE: Gaia DR3
# - TABLE: vari_eclipsing_binary
# - DESCRIPTION: >
#     This table describes the properties of the eclipsing binaries resulting from the variability analysis. 
# - CITATION: >
#     How to cite and acknowledge Gaia: 
#     https://gea.esac.esa.int/archive/documentation/credits.html 
# - KNOWN_ISSUES: >
#     Known issues: 
#     https://www.cosmos.esa.int/web/gaia-users/known-issues 
# - DOCUMENTATION: >
#     Tutorials and documentation: 
#     https://www.cosmos.esa.int/web/gaia-users/archive 
# datatype:
# - 
#   name: solution_id
#   datatype: int64
#   description: Solution Identifier
#   meta:
#     ucd: meta.version
# - 
#   name: source_id
#   datatype: int64
#   description: Unique source identifier
#   meta:
#     ucd: meta.id;meta.main
# - 
#   name: global_ranking
#   datatype: float32
#   description: Number between 0 (worst) and 1 (best)
#   meta:
#     ucd: stat.param
# - 
#   name: reference_time
#   datatype: float64
#   unit: d
#   description: Reference time used for the geometric model fit
#   meta:
#     ucd: time.epoch
# - 
#   name: frequency
#   datatype: float64
#   unit: d**-1
#   description: Frequency of geometric model of the eclipsing binary light curve
#   meta:
#     ucd: src.orbital
# - 
#   name: frequency_error
#   datatype: float32
#   unit: d**-1
#   description: "Uncertainty of \\texttt{frequency}"
#   meta:
#     ucd: stat.error
# - 
#   name: geom_model_reference_level
#   datatype: float32
#   unit: mag
#   description: Magnitude reference level of geometric model
#   meta:
#     ucd: phot.mag;em.opt
# - 
#   name: geom_model_reference_level_error
#   datatype: float32
#   unit: mag
#   description: "Uncertainty of \\texttt{geomModelReferenceLevel}"
#   meta:
#     ucd: stat.error;phot.mag;em.opt
# - 
#   name: geom_model_gaussian1_phase
#   datatype: float32
#   description: Phase of the Gaussian 1 component
#   meta:
#     ucd: time.phase
# - 
#   name: geom_model_gaussian1_phase_error
#   datatype: float32
#   description: "Uncertainty of \\texttt{geomModelGaussian1Phase}"
#   meta:
#     ucd: stat.error;time.phase
# - 
#   name: geom_model_gaussian1_sigma
#   datatype: float32
#   description: "Standard deviation [phase] of Gaussian 1 component"
#   meta:
#     ucd: stat.stdev
# - 
#   name: geom_model_gaussian1_sigma_error
#   datatype: float32
#   description: "Uncertainty of \\texttt{geomModelGaussian1Sigma}"
#   meta:
#     ucd: stat.error
# - 
#   name: geom_model_gaussian1_depth
#   datatype: float32
#   unit: mag
#   description: Magnitude depth of Gaussian 1 component
#   meta:
#     ucd: src.var.amplitude
# - 
#   name: geom_model_gaussian1_depth_error
#   datatype: float32
#   unit: mag
#   description: "Uncertainty of \\texttt{geomModelGaussian1Depth}"
#   meta:
#     ucd: stat.error;src.var.amplitude
# - 
#   name: geom_model_gaussian2_phase
#   datatype: float32
#   description: Phase of Gaussian 2 component
#   meta:
#     ucd: time.phase
# - 
#   name: geom_model_gaussian2_phase_error
#   datatype: float32
#   description: "Uncertainty of \\texttt{geomModelGaussian2Phase}"
#   meta:
#     ucd: stat.error;time.phase
# - 
#   name: geom_model_gaussian2_sigma
#   datatype: float32
[...]
#   datatype: float32
#   description: "Secondary eclipse: uncertainty of \\texttt{derivedSecondaryEclDuration}"
#   meta:
#     ucd: stat.error;time.duration
# - 
#   name: derived_secondary_ecl_depth
#   datatype: float32
#   unit: mag
#   description: "Secondary eclipse: depth"
#   meta:
#     ucd: src.var.amplitude
# - 
#   name: derived_secondary_ecl_depth_error
#   datatype: float32
#   unit: mag
#   description: "Secondary eclipse: uncertainty of \\texttt{derivedSecondaryEclDepth}"
#   meta:
#     ucd: stat.error;src.var.amplitude
solution_id,source_id,global_ranking,reference_time,frequency,frequency_error,geom_model_reference_level,geom_model_reference_level_error,geom_model_gaussian1_phase,geom_model_gaussian1_phase_error,geom_model_gaussian1_sigma,geom_model_gaussian1_sigma_error,geom_model_gaussian1_depth,geom_model_gaussian1_depth_error,geom_model_gaussian2_phase,geom_model_gaussian2_phase_error,geom_model_gaussian2_sigma,geom_model_gaussian2_sigma_error,geom_model_gaussian2_depth,geom_model_gaussian2_depth_error,geom_model_cosine_half_period_amplitude,geom_model_cosine_half_period_amplitude_error,geom_model_cosine_half_period_phase,geom_model_cosine_half_period_phase_error,model_type,num_model_parameters,reduced_chi2,derived_primary_ecl_phase,derived_primary_ecl_phase_error,derived_primary_ecl_duration,derived_primary_ecl_duration_error,derived_primary_ecl_depth,derived_primary_ecl_depth_error,derived_secondary_ecl_phase,derived_secondary_ecl_phase_error,derived_secondary_ecl_duration,derived_secondary_ecl_duration_error,derived_secondary_ecl_depth,derived_secondary_ecl_depth_error
[from data line 216]
375316653866487564,3468671427120874496,0.51129967,2267.1588346854783,0.1278506744226692,4.7096888E-5,15.329315,0.0036870097,0.24220513,7.2615934E-5,0.0036257028,3.483434E-5,1.251333,0.022508165,0.54475987,0.015269893,0.08932861,0.014870634,0.05303588,0.016019335,null,null,null,null,"TWOGAUSSIANS",8,176.06741,0.24220513,7.2615934E-5,0.020303935,1.9507231E-4,1.2515042,0.02250682,0.54475987,0.015269893,0.4,0.0,0.053035866,0.016019376
375316653866487564,3468671873797486208,0.6394682,2247.0118308704887,3.624464721566516,3.1774987E-6,17.475431,0.005913267,0.22156449,9.803298E-4,0.040822133,0.0023118043,0.33443397,0.014285576,0.7208978,0.0011292095,0.045334455,0.0039641815,0.41183653,0.023194872,0.13334231,0.008855876,0.22156449,9.803298E-4,"TWOGAUSSIANS_WITH_ELLIPSOIDAL_ON_ECLIPSE1",9,8.712026,0.7209578,9.85306E-4,0.25387293,0.022199417,0.67851675,0.029225942,0.22156449,9.803298E-4,0.22860394,0.012946104,0.6011184,0.008881922
375316653866487564,3468680085774995200,0.6351743,2261.3235946676086,0.08149336677436207,4.2714796E-4,13.958473,5.3821446E-4,0.6103036,7.674519E-4,0.010614751,8.090339E-4,0.32149416,0.020129321,0.7858224,0.017838916,0.042060442,0.014962981,0.0025621892,0.0012450886,null,null,null,null,"TWOGAUSSIANS",8,11.689201,0.6103036,7.674519E-4,0.059442606,0.00453059,0.32149458,0.020129254,0.7858224,0.017838916,0.23553848,0.083792694,0.0025621892,0.0012450886
375316653866487564,3468703793994208256,0.54170257,2258.8716043600903,3.03020526805917,2.905046E-5,16.786097,1.2476374,0.26153728,0.005149304,0.13500607,0.19898643,0.23109284,1.2212669,0.76883465,0.005339922,0.11995662,0.07322827,0.2368464,0.7921821,null,null,null,null,"TWOGAUSSIANS",8,11.52077,0.7689846,0.0028591717,0.4,0.0,0.17291516,0.008085103,0.26148728,0.004541245,0.4,0.0,0.16674905,0.009055552
375316653866487564,3468705542046147200,0.44167483,2215.941101628234,0.8113449988249258,1.2863622E-4,16.88629,0.0033469046,0.23819141,8.1980554E-4,0.012976903,0.0014459505,0.19560272,0.0329287,0.7721959,0.020926535,0.008243997,0.014402726,0.066497274,1.1830852E19,0.02001484,0.005539671,0.7721959,0.020926535,"TWOGAUSSIANS_WITH_ELLIPSOIDAL_ON_ECLIPSE2",9,20.148718,0.23828141,7.612613E-4,0.07267065,0.008097323,0.23383734,0.038774997,0.7721959,0.020926535,0.04616638,0.08065527,0.106526904,1.1830852E19
375316653866487564,3468768081064657536,0.46558738,2220.7772362995443,1.672560941466432,4.1802898E-5,15.850394,0.0017154065,0.30952817,0.002296858,0.019964226,0.0030894314,0.0907143,0.031475265,null,null,null,null,null,null,0.012229259,0.0016469568,0.30952817,0.002296858,"ONEGAUSSIAN_WITH_ELLIPSOIDAL",6,11.234012,0.30952817,0.002296858,0.111799665,0.017300816,0.11517282,0.032089822,null,null,null,null,null,null
375316653866487564,3468773922220217472,0.5957893,2236.2261164627816,3.1503809636018447,8.603054E-6,17.570784,0.0044757505,0.2504316,0.001815052,0.079349436,0.0020133397,0.31427824,0.0059879473,0.74848515,0.0035617875,0.07892429,0.004983985,0.29189917,0.008192718,null,null,null,null,"TWOGAUSSIANS",8,3.9267378,0.2504316,0.001815052,0.4,0.0,0.31031242,0.005384523,0.74848515,0.0035617875,0.4,0.0,0.28793335,0.008668722
375316653866487564,3468809587628757760,0.48459408,2198.916244443034,0.18918993878099066,1.8025468E-5,13.176759,0.001581918,0.73933727,0.004026756,0.005196941,0.0056185634,0.008740431,0.05374715,null,null,null,null,null,null,0.04014581,0.0024143714,0.73933727,0.004026756,"ONEGAUSSIAN_WITH_ELLIPSOIDAL",6,120.8646,0.73933727,0.004026756,0.02910287,0.031463955,0.08903198,0.05465233,null,null,null,null,null,null
375316653866487564,3468839549320540160,0.49568704,2281.5735023494262,0.3141146983345996,1.26640125E-5,19.220295,0.0050607645,0.23653556,0.02261026,0.103473194,0.022777176,0.043481793,0.012626792,0.7495484,5.936692E-4,0.0043043024,7.0923765E-4,2.1645882,1.3421377,null,null,null,null,"TWOGAUSSIANS",8,2.3788023,0.7495484,5.936692E-4,0.024104092,0.003971731,2.1645882,1.3421378,0.23653556,0.02261026,0.4,0.0,0.043480895,0.012631241
375316653866487564,3468874179642163584,0.587497,2239.298676971128,3.080730011562202,5.715182E-6,17.061676,0.002840742,0.2280895,0.007852336,0.022132304,0.008729698,0.10432558,0.048421808,0.76195514,0.0019102104,0.05833072,0.008905854,0.07798308,0.00763315,0.11651722,0.0035637883,0.76195514,0.0019102104,"TWOGAUSSIANS_WITH_ELLIPSOIDAL_ON_ECLIPSE2",9,6.433726,0.2307395,0.0064699277,0.1239409,0.048886307,0.32775676,0.053436402,0.76195514,0.0019102104,0.32665202,0.049872782,0.31100953,0.005723002
375316653866487564,3468885106037990784,0.48648652,2284.494989927555,0.9541567184671392,1.0614473E-5,18.976074,0.0056977887,0.3468251,0.0021858546,0.014859625,0.0014655188,0.40184677,0.033259004,0.8451842,0.002992911,0.016148916,0.0019316889,0.19556186,0.018097656,null,null,null,null,"TWOGAUSSIANS",8,6.0966067,0.3468251,0.0021858546,0.0832139,0.008206906,0.40184677,0.033259004,0.8451842,0.002992911,0.090433925,0.010817457,0.19556186,0.018097656
375316653866487564,3468909295293293568,0.55667186,2274.422850357161,1.6084339967816286,9.970461E-7,19.325483,0.004926715,0.16208969,1.8123255E-5,0.012172408,9.2004724E-5,0.889768,0.003141237,0.67181545,0.0037962396,0.02395054,0.002423171,0.37073746,0.025652198,null,null,null,null,"TWOGAUSSIANS",8,3.0110874,0.16208969,1.8123255E-5,0.06816549,5.1522645E-4,0.889768,0.003141237,0.67181545,0.0037962396,0.13412303,0.013569757,0.37073746,0.025652198
375316653866487564,3468910948857172864,0.5917237,2259.8821670552743,4.605107935986722,9.986117E-6,17.025206,0.022433927,0.2710025,0.0021091336,0.054029066,0.0052940585,0.3238706,0.04713287,0.75922865,0.0047451127,0.058456074,0.013857702,0.12216073,0.048129454,0.058477286,0.026587727,0.75922865,0.0047451127,"TWOGAUSSIANS_WITH_ELLIPSOIDAL_ON_ECLIPSE2",9,14.058073,0.2701025,0.0016704416,0.30256277,0.029646728,0.44021916,0.010669096,0.75922865,0.0047451127,0.327354,0.07760313,0.2390993,0.010265579
375316653866487564,3468920844461737088,0.653669,2231.63129050567,3.821712161786452,3.3949818E-6,15.493108,0.005368671,0.32708183,0.0016504118,0.047350436,0.002615231,0.48623464,0.02799491,0.82635665,7.555071E-4,0.04326183,0.0017915227,0.43887225,0.017665137,0.13460758,0.0072144107,0.32708183,0.0016504118,"TWOGAUSSIANS_WITH_ELLIPSOIDAL_ON_ECLIPSE1",9,32.32742,0.32708183,0.0016504118,0.26516244,0.014645294,0.75544935,0.028451627,0.8264167,6.521088E-4,0.24226624,0.010032527,0.70808184,0.02160929
375316653866487564,3468925513090428928,0.5113867,2234.2279133688075,3.0318669558394484,1.6098924E-5,19.355927,0.011542934,0.3329959,0.0054206285,0.0863684,0.00883548,0.27515486,0.02279623,0.8231531,0.004167609,0.07628217,0.006204258,0.3210601,0.017711692,null,null,null,null,"TWOGAUSSIANS",8,1.8548027,0.8231531,0.004167609,0.4,0.0,0.3167238,0.017622054,0.3329959,0.0054206285,0.4,0.0,0.2708185,0.023749191
375316653866487564,3468934828875376640,0.536797,2243.3087488673973,1.882876757040016,6.38236E-5,15.041983,0.005331898,0.5824492,0.011324419,0.027070206,0.0035037424,0.7393174,0.21489319,null,null,null,null,null,null,null,null,null,null,"ONEGAUSSIAN",5,175.97511,0.5824492,0.011324419,0.15159315,0.019620957,0.7393174,0.0,null,null,null,null,null,null
375316653866487564,3468937646373921920,0.6234747,2262.919138064136,3.437342434150151,6.473366E-6,15.08079,0.01127021,0.2148865,0.001308381,0.048705775,0.004779863,0.19696902,0.02997889,0.71003425,0.0033668538,0.05064274,0.0071604904,0.25852314,0.03618568,0.104709536,0.019472724,0.2148865,0.001308381,"TWOGAUSSIANS_WITH_ELLIPSOIDAL_ON_ECLIPSE1",9,64.38373,0.7107143,0.0027623991,0.28359935,0.040098745,0.46777377,0.03543115,0.2148865,0.001308381,0.27275234,0.026767233,0.40638685,0.010973672
375316653866487564,3468947537683099264,0.53549033,2190.3978131500444,0.8065148295221612,3.0695355E-5,19.3089,0.005386699,0.8807769,0.02787778,0.055733975,0.020847192,0.040793005,0.028698763,0.35863367,0.0012005673,0.024517676,0.0023020422,0.69651335,0.094258785,null,null,null,null,"TWOGAUSSIANS",8,2.0413682,0.35863367,0.0012005673,0.13729899,0.012891437,0.69651335,0.094258785,0.8807769,0.02787778,0.31211025,0.11674427,0.040793005,0.028698798
375316653866487564,3468979801477217792,0.5253855,2258.2387987043526,0.6006392448929854,4.9344722E-5,18.160898,0.0020113518,0.20417286,0.013924614,0.054124925,0.012746226,0.0879396,0.06723021,0.71109456,0.0023799248,0.024129657,0.0046671433,0.3880704,0.13989194,null,null,null,null,"TWOGAUSSIANS",8,2.7940674,0.71109456,0.0023799248,0.13512608,0.026136002,0.3880704,0.13989194,0.20417286,0.013924614,0.30309957,0.071378864,0.08793959,0.06723021
375316653866487564,3468981931781009920,0.55666053,2215.0240337451078,3.3972118106215388,9.2208475E-6,18.525011,0.015488159,0.2731186,0.0022223347,0.0688351,0.004487038,0.5074781,0.01769253,0.76421386,0.0027838699,0.07299658,0.005545055,0.52248794,0.05773346,null,null,null,null,"TWOGAUSSIANS",8,5.156841,0.76421386,0.0027838699,0.4,0.013011872,0.5208392,0.058294512,0.2731186,0.0022223347,0.38547656,0.025127413,0.50582933,0.017706057
375316653866487564,3468987639792987136,0.55654,2257.719843259836,3.760004190161814,2.2771135E-5,14.333775,0.061865315,0.28388613,0.004908845,0.11910137,0.024222137,0.26258424,0.057602603,0.78197795,0.004529179,0.10012074,0.019786423,0.26548663,0.056193065,null,null,null,null,"TWOGAUSSIANS",8,102.44662,0.78197795,0.0045606466,0.4,0.0,0.22735384,0.007230516,0.28388613,0.0049095065,0.4,0.0,0.22437513,0.013599586
375316653866487564,3469001177529952000,0.51463425,2229.783519472969,2.4860174014725245,3.2312386E-5,19.253805,0.011177934,0.30951244,0.059396278,0.1461559,0.056700356,0.028505402,0.012611341,0.8539481,0.0032306104,0.012513085,0.003258176,0.6679289,0.27389866,null,null,null,null,"TWOGAUSSIANS",8,1.9808438,0.8539481,0.0032306104,0.07007328,0.018245785,0.66799814,0.27385992,0.30951244,0.059396278,0.4,0.0,0.028325578,0.01239275
375316653866487564,3469038556628912896,0.54689604,2247.9479522916645,3.357060919683906,1.1162757E-5,17.593622,0.0037742886,0.21555008,0.0017355907,0.04685815,0.0045138644,0.13733675,0.01172103,null,null,null,null,null,null,0.10274864,0.0055367406,0.21555008,0.0017355907,"ONEGAUSSIAN_WITH_ELLIPSOIDAL",6,7.101066,0.21555008,0.0017355907,0.26240563,0.02527764,0.34283388,0.010805888,null,null,null,null,null,null
375316653866487564,3469073195541554560,0.6096561,2246.4752639643257,0.8178850585912266,8.780097E-5,15.886665,7.0856145E-4,0.49289677,0.014198766,0.02935067,0.015894335,0.010125386,0.004398135,0.74596405,0.005354477,0.035740755,0.004046561,0.39152467,0.11070937,null,null,null,null,"TWOGAUSSIANS",8,3.4210844,0.74596405,0.005354477,0.20014824,0.022660743,0.39152467,0.11070937,0.49289677,0.014198766,0.16436376,0.08900828,0.010125386,0.004398135
375316653866487564,3469104291104921472,0.6637043,2220.7168950025493,0.12162665245946287,2.1950009E-5,16.657352,0.0017273072,0.13515048,0.022921022,0.07192522,0.028792536,0.01733782,0.010241189,0.8070126,1.1196581E-4,0.0063314917,1.1858099E-4,0.4137281,0.0049335104,null,null,null,null,"TWOGAUSSIANS",8,2.0272512,0.8070126,1.1196581E-4,0.035456352,6.6405354E-4,0.41372862,0.00493379,0.13515048,0.022921022,0.4,0.07827951,0.01733782,0.0102411965
375316653866487564,3469140678067509888,0.47014922,2241.988915345963,0.0746164183213682,1.4159437E-5,14.594368,0.0061017177,0.21389504,0.010518571,0.044330467,0.014625482,0.029372165,0.00614471,0.69777155,0.009149698,0.13906829,0.017638713,0.084610805,0.009998105,null,null,null,null,"TWOGAUSSIANS",8,11.23591,0.69777155,0.009149698,0.4,0.0,0.08243371,0.010189736,0.21407503,0.010398614,0.24825062,0.081902705,0.027480578,0.0040695095
375316653866487564,3469170257507231488,0.52879,2244.3492462168533,4.0341614832341435,1.2237751E-5,19.117416,0.0047276667,0.22050206,0.0011396161,0.033895995,0.0019543134,0.26712906,0.030249678,0.711205,0.012289953,0.06454847,0.012382337,0.22440542,0.0098513225,null,null,null,null,"TWOGAUSSIANS",8,2.3275192,0.22050206,0.0011396161,0.18981758,0.010944155,0.26712835,0.030249907,0.711205,0.012289953,0.3614714,0.06901697,0.22440472,0.009852254
375316653866487564,3469180844602022144,0.55831885,2206.8852274731075,0.6376593942520399,2.8188606E-5,17.949696,0.0016981738,0.17811237,0.008714915,0.011002691,0.0024069767,0.50169396,0.544675,0.6723788,0.013525458,0.014324918,0.008517501,0.27814314,0.1799563,null,null,null,null,"TWOGAUSSIANS",8,2.51515,0.17811237,0.008714915,0.061615072,0.01347907,0.50169396,0.544675,0.6723788,0.013525458,0.080219544,0.047698006,0.27814314,0.1799563
375316653866487564,3469182111615836800,0.49214956,2216.91025164453,0.5496116379798591,7.5658594E-5,18.728107,0.009611085,0.38032785,0.019522697,0.11528269,0.011938881,0.1512056,0.018171212,0.69704527,0.08853107,0.15238081,0.08231878,0.04485275,0.012441254,null,null,null,null,"TWOGAUSSIANS",8,1.442252,0.38697785,0.009249269,0.4,0.0,0.15111205,0.008320022,0.69704527,0.08853107,0.4,0.0,0.042822752,0.012046762
375316653866487564,3469203144071960576,0.45808357,2220.5667757451533,0.2515970601210353,4.6014917E-5,17.603476,0.0025493314,0.30468053,0.008237161,0.07524166,0.008219988,0.06621127,0.004622208,0.6571054,0.030088402,0.06877372,0.028170722,0.059308868,0.024125813,null,null,null,null,"TWOGAUSSIANS",8,2.9424791,0.30468053,0.008230224,0.4,0.0,0.06620628,0.004620834,0.6571054,0.030088402,0.38513282,0.1297017,0.0593049,0.024128726
375316653866487564,3469203552092672256,0.53611064,2223.7883346427184,2.963422525884488,1.5432212E-5,19.180307,0.0071884203,0.24280779,0.00238729,0.032096237,0.006356953,0.6194574,1.5168474,0.7407285,0.013161121,0.040688746,0.013855621,0.5715448,0.18266857,null,null,null,null,"TWOGAUSSIANS",8,3.0397594,0.24280779,0.00238729,0.17973894,0.035598937,0.6194574,1.5168474,0.7407285,0.013161121,0.22785698,0.07759148,0.5715448,0.1826686
375316653866487564,3469229051315123456,0.6199517,2268.325516508332,2.4710906732794697,6.3334037E-6,15.649632,0.003707928,0.1590096,0.0012401105,0.060870584,0.0012242516,0.53159034,0.018474841,0.6646455,0.0053125783,0.07696115,0.0065541617,0.12267942,0.0055163754,null,null,null,null,"TWOGAUSSIANS",8,28.448744,0.1590096,0.0012401105,0.34087527,0.006855809,0.53104895,0.018508496,0.6646455,0.0053125783,0.4,0.0,0.12213802,0.0055170907
375316653866487564,3469260696633948416,0.5152888,2225.006726668031,2.5119135602899627,2.4320447E-5,19.920536,0.0117290355,0.23552938,0.004524885,0.045200735,0.00340227,0.6241335,0.021059822,0.7313943,0.010724055,0.05031396,0.01082062,0.3828258,0.05875404,null,null,null,null,"TWOGAUSSIANS",8,2.7819426,0.23552938,0.004524885,0.25312412,0.01905271,0.62413263,0.02105916,0.7313943,0.010724055,0.2817582,0.06059547,0.38282493,0.05875518
375316653866487564,3469280556561302528,0.45612347,2219.6017145945652,3.212222803963405,3.328248E-5,17.665388,0.029015431,0.27895924,0.007408135,0.08845565,0.017423084,0.19710433,0.024763025,0.767152,0.044258382,0.09423595,0.03680688,0.17101264,0.047000267,null,null,null,null,"TWOGAUSSIANS",8,19.0779,0.27895924,0.007408135,0.4,0.0,0.18987456,0.013135191,0.767152,0.044258382,0.4,0.02278195,0.1637826,0.036218558
375316653866487564,3469290864484526336,0.42739746,2218.8657536603873,0.7276244250551613,4.5406105E-5,19.518637,0.3457643,0.25039306,0.013287122,0.12660694,0.08766747,0.23928618,0.34208268,0.74465036,0.011336927,0.10175016,0.054539654,0.32238516,0.28800812,null,null,null,null,"TWOGAUSSIANS",8,6.4586387,0.74465036,0.011342059,0.4,0.0,0.27620047,0.09277788,0.25039306,0.013295424,0.4,0.0,0.1929059,0.025897332
375316653866487564,3469297903934627200,0.63617504,2245.283762487336,2.991355630643442,6.5096874E-6,16.163996,0.008538189,0.25005344,0.0012060412,0.049489416,0.00305431,0.19899522,0.02110215,0.7532778,0.0031983263,0.048715588,0.0055185077,0.27017418,0.018223302,0.108919844,0.011516284,0.25005344,0.0012060412,"TWOGAUSSIANS_WITH_ELLIPSOIDAL_ON_ECLIPSE1",9,15.574259,0.7532778,0.0031983263,0.2728073,0.030903641,0.48792315,0.0138917975,0.25005344,0.0012060412,0.27714074,0.017104138,0.41683358,0.007916662
