Gaia/vari_eclipsing_binary/VariEclipsingBinary_476063-476160.csv
# %ECSV 1.0
# ---
# delimiter: ','
# meta: !!omap
# - RELEASE: Gaia DR3
# - TABLE: vari_eclipsing_binary
# - DESCRIPTION: >
#     This table describes the properties of the eclipsing binaries resulting from the variability analysis. 
# - CITATION: >
#     How to cite and acknowledge Gaia: 
#     https://gea.esac.esa.int/archive/documentation/credits.html 
# - KNOWN_ISSUES: >
#     Known issues: 
#     https://www.cosmos.esa.int/web/gaia-users/known-issues 
# - DOCUMENTATION: >
#     Tutorials and documentation: 
#     https://www.cosmos.esa.int/web/gaia-users/archive 
# datatype:
# - 
#   name: solution_id
#   datatype: int64
#   description: Solution Identifier
#   meta:
#     ucd: meta.version
# - 
#   name: source_id
#   datatype: int64
#   description: Unique source identifier
#   meta:
#     ucd: meta.id;meta.main
# - 
#   name: global_ranking
#   datatype: float32
#   description: Number between 0 (worst) and 1 (best)
#   meta:
#     ucd: stat.param
# - 
#   name: reference_time
#   datatype: float64
#   unit: d
#   description: Reference time used for the geometric model fit
#   meta:
#     ucd: time.epoch
# - 
#   name: frequency
#   datatype: float64
#   unit: d**-1
#   description: Frequency of geometric model of the eclipsing binary light curve
#   meta:
#     ucd: src.orbital
# - 
#   name: frequency_error
#   datatype: float32
#   unit: d**-1
#   description: "Uncertainty of \\texttt{frequency}"
#   meta:
#     ucd: stat.error
# - 
#   name: geom_model_reference_level
#   datatype: float32
#   unit: mag
#   description: Magnitude reference level of geometric model
#   meta:
#     ucd: phot.mag;em.opt
# - 
#   name: geom_model_reference_level_error
#   datatype: float32
#   unit: mag
#   description: "Uncertainty of \\texttt{geomModelReferenceLevel}"
#   meta:
#     ucd: stat.error;phot.mag;em.opt
# - 
#   name: geom_model_gaussian1_phase
#   datatype: float32
#   description: Phase of the Gaussian 1 component
#   meta:
#     ucd: time.phase
# - 
#   name: geom_model_gaussian1_phase_error
#   datatype: float32
#   description: "Uncertainty of \\texttt{geomModelGaussian1Phase}"
#   meta:
#     ucd: stat.error;time.phase
# - 
#   name: geom_model_gaussian1_sigma
#   datatype: float32
#   description: "Standard deviation [phase] of Gaussian 1 component"
#   meta:
#     ucd: stat.stdev
# - 
#   name: geom_model_gaussian1_sigma_error
#   datatype: float32
#   description: "Uncertainty of \\texttt{geomModelGaussian1Sigma}"
#   meta:
#     ucd: stat.error
# - 
#   name: geom_model_gaussian1_depth
#   datatype: float32
#   unit: mag
#   description: Magnitude depth of Gaussian 1 component
#   meta:
#     ucd: src.var.amplitude
# - 
#   name: geom_model_gaussian1_depth_error
#   datatype: float32
#   unit: mag
#   description: "Uncertainty of \\texttt{geomModelGaussian1Depth}"
#   meta:
#     ucd: stat.error;src.var.amplitude
# - 
#   name: geom_model_gaussian2_phase
#   datatype: float32
#   description: Phase of Gaussian 2 component
#   meta:
#     ucd: time.phase
# - 
#   name: geom_model_gaussian2_phase_error
#   datatype: float32
#   description: "Uncertainty of \\texttt{geomModelGaussian2Phase}"
#   meta:
#     ucd: stat.error;time.phase
# - 
#   name: geom_model_gaussian2_sigma
#   datatype: float32
[...]
#   datatype: float32
#   description: "Secondary eclipse: uncertainty of \\texttt{derivedSecondaryEclDuration}"
#   meta:
#     ucd: stat.error;time.duration
# - 
#   name: derived_secondary_ecl_depth
#   datatype: float32
#   unit: mag
#   description: "Secondary eclipse: depth"
#   meta:
#     ucd: src.var.amplitude
# - 
#   name: derived_secondary_ecl_depth_error
#   datatype: float32
#   unit: mag
#   description: "Secondary eclipse: uncertainty of \\texttt{derivedSecondaryEclDepth}"
#   meta:
#     ucd: stat.error;src.var.amplitude
solution_id,source_id,global_ranking,reference_time,frequency,frequency_error,geom_model_reference_level,geom_model_reference_level_error,geom_model_gaussian1_phase,geom_model_gaussian1_phase_error,geom_model_gaussian1_sigma,geom_model_gaussian1_sigma_error,geom_model_gaussian1_depth,geom_model_gaussian1_depth_error,geom_model_gaussian2_phase,geom_model_gaussian2_phase_error,geom_model_gaussian2_sigma,geom_model_gaussian2_sigma_error,geom_model_gaussian2_depth,geom_model_gaussian2_depth_error,geom_model_cosine_half_period_amplitude,geom_model_cosine_half_period_amplitude_error,geom_model_cosine_half_period_phase,geom_model_cosine_half_period_phase_error,model_type,num_model_parameters,reduced_chi2,derived_primary_ecl_phase,derived_primary_ecl_phase_error,derived_primary_ecl_duration,derived_primary_ecl_duration_error,derived_primary_ecl_depth,derived_primary_ecl_depth_error,derived_secondary_ecl_phase,derived_secondary_ecl_phase_error,derived_secondary_ecl_duration,derived_secondary_ecl_duration_error,derived_secondary_ecl_depth,derived_secondary_ecl_depth_error
[from data line 186]
375316653866487564,4187749038094022784,0.5993884,2242.1663077816497,1.8479870365341031,5.390586E-6,17.22446,0.003815124,0.3003703,9.82972E-4,0.06469035,0.001440197,0.2563765,0.0044287993,0.81094784,0.0055439402,0.061364893,0.008155086,0.09696061,0.0065030376,null,null,null,null,"TWOGAUSSIANS",8,2.4582562,0.3003703,9.82972E-4,0.36226594,0.008065104,0.25628963,0.004398265,0.81094784,0.0055439402,0.3436434,0.04566848,0.096873745,0.006518306
375316653866487564,4187749901395918336,0.6059593,2208.547398072562,3.261756804358408,2.3327191E-5,15.756227,0.018804736,0.27979788,0.0029477095,0.049822316,0.019174075,0.12812266,0.16178355,0.7676499,0.00821181,0.04548695,0.016048323,0.18514664,0.03384258,0.09961259,0.023336777,0.27979788,0.0029477095,"TWOGAUSSIANS_WITH_ELLIPSOIDAL_ON_ECLIPSE1",9,42.99358,0.7694599,0.006545523,0.25472692,0.08987062,0.38338503,0.018354805,0.27979788,0.0029477095,0.27900496,0.107374825,0.32734695,0.16277072
375316653866487564,4187750416780077824,0.52161515,2205.635705118311,0.4790978609505788,3.8047838E-5,18.63854,0.0037208912,0.5263329,0.011380846,0.062064067,0.019714197,0.16783388,0.023748301,0.23384224,0.0066955215,0.058756813,0.014320678,0.1550858,0.064274944,null,null,null,null,"TWOGAUSSIANS",8,1.5431538,0.5263329,0.01137975,0.3475588,0.09353948,0.1678345,0.023746714,0.23384224,0.0068315496,0.32903814,0.08019579,0.15508832,0.06422938
375316653866487564,4187750756080617088,0.6285008,2177.0979001455275,3.521079121348094,8.124216E-6,15.476318,0.029673966,0.22615644,0.0027772102,0.058297034,0.006487212,0.42044345,0.057420854,0.7438233,0.0035127967,0.056677166,0.0082834205,0.33511302,0.058550674,0.07870324,0.033683814,0.7438233,0.0035127967,"TWOGAUSSIANS_WITH_ELLIPSOIDAL_ON_ECLIPSE2",9,99.776596,0.22775646,0.0020706863,0.3264634,0.03632839,0.57606137,0.012284253,0.7438233,0.0035127967,0.31739214,0.04638716,0.49248797,0.025591923
375316653866487564,4187756189227845376,0.5627826,2209.6951415524927,0.23963471486306448,2.0165147E-5,18.472672,0.006743251,0.2512899,0.0040302323,0.044944085,0.005121546,0.33220515,0.008744554,0.802084,0.003791344,0.045148134,0.0024265293,0.3209135,0.022616964,null,null,null,null,"TWOGAUSSIANS",8,4.651134,0.2512899,0.0040302323,0.25168687,0.028680658,0.33220515,0.008744551,0.802084,0.003791344,0.25282955,0.0135885645,0.3209135,0.022616964
375316653866487564,4187757284431152896,0.6131721,2176.124426366498,2.907614866619443,1.7859844E-5,16.468884,0.028506828,0.20382498,0.0028140387,0.054180037,0.01472373,0.19889641,0.054800227,0.6819435,0.0091136275,0.0497917,0.01079009,0.26191708,0.06733,0.15095372,0.03602349,0.20382498,0.0028140387,"TWOGAUSSIANS_WITH_ELLIPSOIDAL_ON_ECLIPSE1",9,39.516247,0.6859535,0.007147847,0.2788335,0.060424503,0.5591807,0.01454192,0.20382498,0.0028140387,0.3034082,0.08245289,0.50079876,0.029389262
375316653866487564,4187759174222678400,0.5912155,2224.568930942827,2.5250698984005453,1.6251493E-5,18.306591,0.0072145844,0.25710058,0.011941943,0.07641807,0.009199056,0.4281222,0.053752013,0.74835485,0.0038395636,0.0692452,0.005098551,0.41460583,0.019613639,null,null,null,null,"TWOGAUSSIANS",8,2.5469139,0.25710058,0.011941943,0.4,0.0,0.42623165,0.055082407,0.74835485,0.0038395636,0.3877731,0.019890232,0.4127153,0.019724043
375316653866487564,4187765088400456960,0.6325475,2177.2526328599156,2.1785511587956847,1.3049242E-5,18.016647,0.0030704222,0.20042038,0.0022049816,0.05627342,0.0036489058,0.36481586,0.008491214,0.47884247,0.0015811828,0.020463202,0.011416466,0.050422397,1.2652516,0.08079477,0.0047872993,0.20042038,0.0022049816,"TWOGAUSSIANS_WITH_ELLIPSOIDAL_ON_ECLIPSE1",9,2.3805902,0.20042038,0.0022049816,0.31513113,0.020433873,0.5263858,0.008188199,0.48216245,0.0027456037,0.11459393,0.06393221,0.056087572,1.2648164
375316653866487564,4187766050473250432,0.47886604,2186.3327845557437,1.7334382508585717,5.276305E-5,18.240677,0.014414419,0.3061999,0.019221004,0.08475516,0.024042888,0.072191745,0.014847122,0.8088652,0.012535763,0.088627174,0.026606604,0.066604994,0.015329957,null,null,null,null,"TWOGAUSSIANS",8,1.2988012,0.3061999,0.019221004,0.4,0.0,0.0701202,0.011302208,0.8088652,0.012535763,0.4,0.0,0.064533435,0.012168363
375316653866487564,4187766870807289216,0.52636284,2167.853339791314,4.287912655502941,7.652917E-5,19.297182,0.021351362,0.3298188,0.03547195,0.07768792,0.034589823,0.31521872,0.04228759,0.8226131,0.010718425,0.088657625,0.012035293,0.33773404,0.049794644,null,null,null,null,"TWOGAUSSIANS",8,2.701298,0.8226131,0.010718425,0.4,0.0,0.33148503,0.049842168,0.3298188,0.03547195,0.4,0.10052485,0.3089698,0.044397235
375316653866487564,4187766939521976192,0.5633607,2146.8433813739,2.5052107829372043,2.2936263E-5,17.221968,0.11133907,0.27707577,0.021125054,0.10537276,0.030114686,0.41135377,0.104156956,0.7682659,0.039238136,0.11640048,0.053150687,0.42150962,0.12510143,null,null,null,null,"TWOGAUSSIANS",8,19.496864,0.7682659,0.039238136,0.4,0.0,0.36165315,0.15051618,0.27710578,0.02109807,0.4,0.0,0.35157308,0.0368445
375316653866487564,4187767149973912448,0.5045097,2197.4212347097764,4.524900069139756,3.1146832E-5,19.323635,0.058366653,0.22036807,0.009935514,0.08956218,0.026911598,0.285126,0.051824603,0.7207524,0.012112621,0.10885995,0.01669405,0.564749,0.06557007,null,null,null,null,"TWOGAUSSIANS",8,4.020635,0.7207524,0.012112621,0.4,0.0,0.5305908,0.040130924,0.22036807,0.00993975,0.4,0.0,0.25099733,0.02555784
375316653866487564,4187767940258430976,0.51216,2216.6426638341663,0.3286708436979415,2.552496E-5,16.911772,0.0064911866,0.18407443,0.08161022,0.040419858,0.027522834,0.7246031,0.6557077,0.56957924,0.07253457,0.039987586,0.0435903,0.16908544,0.88378286,null,null,null,null,"TWOGAUSSIANS",8,49.501644,0.18407443,0.08161022,0.2263512,0.15412788,0.7246031,0.6557077,0.56957924,0.07253457,0.2239305,0.24410568,0.16908544,0.88378286
375316653866487564,4187768726224103040,0.5208017,2234.88940299584,1.5605369042773518,6.233642E-6,17.434246,0.47954375,0.23572743,0.0049513355,0.16655909,0.052462205,0.50586474,0.39639378,0.7330607,0.003110533,0.21079233,0.09289185,0.5344422,0.46458122,null,null,null,null,"TWOGAUSSIANS",8,2.434834,0.23726743,0.0035561058,0.4,0.0,0.14448541,0.007391986,0.7330607,0.003110533,0.4,0.0,0.120078154,0.008266829
375316653866487564,4187769417727176832,0.5483378,2192.636555355391,4.066491150076102,2.0449128E-5,18.062105,0.014408305,0.26557726,0.0032300116,0.09227688,0.0068961554,0.22367123,0.01459001,0.7790424,0.009997366,0.08473253,0.012873141,0.23395887,0.017171094,null,null,null,null,"TWOGAUSSIANS",8,3.8267322,0.7790424,0.009997366,0.4,0.0,0.22716199,0.014250017,0.26557726,0.0032300116,0.4,0.0,0.2168741,0.010371422
375316653866487564,4187769933116014208,0.43205464,2221.0996619669477,1.2479916315805877,6.236606E-5,18.600815,0.025372362,0.40435588,0.0332011,0.16754286,0.039100822,0.18236332,0.02656173,0.7556118,0.044193327,0.06894483,0.049209453,0.10600037,0.103451476,null,null,null,null,"TWOGAUSSIANS",8,7.664532,0.40435588,0.033227187,0.4,0.0,0.17492442,0.018775044,0.7556118,0.044193327,0.38609102,0.22983374,0.1189157,0.10895168
375316653866487564,4187770620318044672,0.51944864,2205.126471100579,2.824337708406896,1.5995463E-5,16.377981,0.18268573,0.28583652,0.009941692,0.14254186,0.059020024,0.14862682,0.17508383,0.75378025,0.01645716,0.14599119,0.031689364,0.1724969,0.16485047,null,null,null,null,"TWOGAUSSIANS",8,5.6989226,0.75378025,0.01645716,0.4,0.0,0.11482346,0.00892982,0.2883065,0.007233065,0.4,0.0,0.09139348,0.007539464
375316653866487564,4187771066994844416,0.5953633,2266.2737388879045,3.9971682303254075,1.0944588E-5,16.46849,0.013498071,0.23083493,0.002362147,0.080627955,0.0035877014,0.511706,0.015114793,0.7422848,0.0056929365,0.0876847,0.0048957327,0.41013572,0.018703062,null,null,null,null,"TWOGAUSSIANS",8,29.666767,0.23083493,0.002362147,0.4,0.0,0.50271237,0.013196156,0.7422848,0.0056929365,0.4,0.0,0.40114197,0.016306506
375316653866487564,4187778553113550720,0.61107004,2158.1841662240663,3.5587846124431675,1.1040977E-5,17.167608,0.016019646,0.3100343,0.0022273718,0.100397855,0.009038515,0.28502697,0.01214239,0.8111801,0.002064011,0.09110382,0.005371195,0.3197391,0.014367845,null,null,null,null,"TWOGAUSSIANS",8,2.6629505,0.8111801,0.002064011,0.4,0.0,0.30016848,0.009137616,0.3100343,0.0022273718,0.4,0.0,0.26545414,0.0061023105
375316653866487564,4187779412107015808,0.5970807,2201.985994877103,2.788743546115026,1.9381141E-5,16.52403,0.012420533,0.2399664,0.004234885,0.09058424,0.006644364,0.30754483,0.012210915,0.7451164,0.004219453,0.097525164,0.0067175142,0.2917278,0.01508573,null,null,null,null,"TWOGAUSSIANS",8,10.108373,0.2399664,0.004234885,0.4,0.0,0.29130203,0.006964789,0.7451164,0.004219453,0.4,0.0,0.27548397,0.013070157
375316653866487564,4187779760008773120,0.562811,2152.77616833615,0.8077752565988893,3.0181489E-5,13.703218,1.1459551,0.35056183,0.026291152,0.14262249,0.170847,0.22810696,1.1371942,0.80597407,0.01071248,0.09970567,0.03963512,0.4248035,0.3446842,null,null,null,null,"TWOGAUSSIANS",8,322.6137,0.80597407,0.01071248,0.4,0.0,0.38118047,0.025444055,0.3506118,0.025013909,0.4,0.0,0.18294753,0.058841445
375316653866487564,4187780687721624576,0.5748076,2225.237263472655,1.5142113419994572,1.881826E-5,17.764341,0.011621817,0.20388077,0.009108654,0.09362327,0.009784494,0.24772774,0.01324387,0.7030282,0.0061970106,0.097850785,0.009461866,0.22415231,0.012150104,null,null,null,null,"TWOGAUSSIANS",8,5.792455,0.20388077,0.009108654,0.4,0.0,0.23235664,0.009275701,0.7030282,0.0061970106,0.4,0.0,0.20878056,0.0105719585
375316653866487564,4187781340549482240,0.4927788,2227.668517626648,0.44734650025283174,4.4879915E-5,18.549828,0.03352771,0.496233,0.017901508,0.18171354,0.040111545,0.13649699,0.032005854,0.940414,0.017744271,0.07303619,0.05795783,0.039055597,0.017584834,null,null,null,null,"TWOGAUSSIANS",8,1.4687506,0.496233,0.017589124,0.4,0.0,0.11983709,0.007965231,0.940414,0.017744271,0.4,0.10884971,0.030545598,0.012523803
375316653866487564,4187786082194830976,0.5668523,2194.78417955079,1.0695379434436858,1.20731354E-4,15.56984,0.1046647,0.23970407,0.018669069,0.061332405,0.01155354,0.534655,0.06880719,0.7341641,0.017792009,0.27820525,0.26000458,0.087718725,0.096276306,null,null,null,null,"TWOGAUSSIANS",8,27.23393,0.23974407,0.018735848,0.34346148,0.06469983,0.5150682,0.05536945,0.7341641,0.017792009,0.4,0.0,0.03349886,0.007980288
375316653866487564,4187788551793581568,0.5363476,2166.2650777692847,3.2676165838206166,2.4052117E-5,19.024128,0.008282146,0.24652608,0.008023472,0.06779131,0.030036267,0.38336733,6.283672,0.7323007,0.010659283,0.08013632,0.009287788,0.28104472,0.017256834,null,null,null,null,"TWOGAUSSIANS",8,2.2001693,0.24652608,0.008023472,0.37963134,0.16501333,0.3818361,6.2851143,0.7323007,0.010659283,0.4,0.0,0.27951345,0.016632888
375316653866487564,4187789788744129024,0.4641822,2156.0258091079468,0.4686880192466998,3.2034437E-5,18.270496,0.006929661,0.49300376,0.07137146,0.07380999,0.035556592,0.2244617,0.14132398,0.6984943,0.031080483,0.06510692,0.03339151,0.17162167,0.03601398,null,null,null,null,"TWOGAUSSIANS",8,5.7600603,0.49448374,0.07159264,0.4,0.16272838,0.2256827,0.14108948,0.6984943,0.031080483,0.36459875,0.18491915,0.17627804,0.032666773
375316653866487564,4187790274083044224,0.6135466,2146.804855431984,3.516813516479861,1.6988999E-5,16.382324,0.003070943,0.2864131,0.0032464853,0.07051072,0.0029192867,0.5485609,0.02612547,0.7938668,9.993277E-4,0.06350305,0.0015231011,0.4187551,0.0061964616,null,null,null,null,"TWOGAUSSIANS",8,22.07483,0.2864131,0.0032464853,0.39486003,0.014239039,0.5478186,0.026268214,0.7938668,9.993277E-4,0.35561708,0.008529366,0.41801277,0.0061932183
375316653866487564,4187790652040182272,0.5893496,2189.103866543705,3.704315167366114,1.1858997E-5,16.733343,0.02762543,0.23760723,0.003451129,0.06570435,0.025498103,0.07558143,0.06284618,0.74440926,0.0149984155,0.045780763,0.03537411,0.10318502,0.046776056,0.06490386,0.035574418,0.23760723,0.003451129,"TWOGAUSSIANS_WITH_ELLIPSOIDAL_ON_ECLIPSE1",9,9.594509,0.74440926,0.014972248,0.25637227,0.19809502,0.23270136,0.033184975,0.23760723,0.003451129,0.36794436,0.14099085,0.20533474,0.010319954
375316653866487564,4187792640602610816,0.5065368,2204.7691949597597,0.07062167452199418,2.0575528E-5,19.074783,0.05767664,0.25662768,0.03524376,0.08988792,0.031659223,0.35515013,0.07070016,0.7307197,0.0065225908,0.07183159,0.021035286,0.55130184,0.2988017,null,null,null,null,"TWOGAUSSIANS",8,3.465759,0.7307197,0.0065225908,0.4,0.057393614,0.5469896,0.30567032,0.25662768,0.03524376,0.4,0.014867532,0.35083762,0.06165826
375316653866487564,4187795221885232256,0.600902,2237.1779868943777,0.022624819722064964,1.37260195E-5,16.845205,0.012764281,0.20291884,0.0044672685,0.050070312,0.0050517996,0.5316705,0.02573302,0.63429934,0.057214852,0.057856183,0.028647644,0.48012334,0.1841942,null,null,null,null,"TWOGAUSSIANS",8,39.69316,0.20291884,0.0044672685,0.28039375,0.028290078,0.53166956,0.025721695,0.63429934,0.057214852,0.32399464,0.10266785,0.48012242,0.1842383
375316653866487564,4187799104535806464,0.59534,2189.2625716081184,2.801974040121255,4.4966797E-5,18.518738,0.012391051,0.2774594,0.010415572,0.08008647,0.010948795,0.35720563,0.018994905,0.79047614,0.013579341,0.0849828,0.016802961,0.30552295,0.06405223,null,null,null,null,"TWOGAUSSIANS",8,1.9210043,0.2774594,0.010415572,0.4,0.005330963,0.35194424,0.016129607,0.79047614,0.013579341,0.4,0.008579906,0.30026153,0.06673245
375316653866487564,4187799551203607680,0.507016,2213.823835105499,2.951805832388706,8.560685E-5,17.94786,0.035157997,0.20013721,0.014342945,0.094607934,0.023108898,0.29729548,0.03312457,0.6901254,0.010243156,0.09510979,0.015953714,0.34597385,0.08303169,null,null,null,null,"TWOGAUSSIANS",8,9.411807,0.6901254,0.010243156,0.4,0.0,0.3286853,0.0871712,0.20013721,0.014351463,0.4,0.0,0.28000715,0.031900946
375316653866487564,4187799551212385024,0.5177857,2219.208633178441,0.2130354381212195,6.510578E-5,18.12506,0.013507714,0.26964176,0.017741933,0.086044505,0.031267315,0.19711992,0.0810205,0.6690912,0.03996469,0.10588876,0.056181848,0.030327287,0.015796626,null,null,null,null,"TWOGAUSSIANS",8,1.8024205,0.26967177,0.017370366,0.4,0.0,0.19615994,0.08860043,0.6690912,0.03996469,0.4,0.04402007,0.029346777,0.01005275
375316653866487564,4187806388800450816,0.6477607,2165.4363867851607,2.2861433497565935,6.40559E-6,13.53209,0.011870562,0.20128766,0.011758737,0.09585183,0.0113449525,0.23342836,0.010574068,0.71211565,0.0024775194,0.10882263,0.007860882,0.18760204,0.010875393,null,null,null,null,"TWOGAUSSIANS",8,29.067047,0.20127766,0.011758163,0.4,0.0,0.21507302,0.005588808,0.71211565,0.0024775194,0.4,0.0,0.16923662,0.0072765187
375316653866487564,4187810885622243584,0.5983251,2197.728399140866,2.9996631564269958,3.8691694E-5,17.876442,0.03682182,0.24777578,0.0066393213,0.044831377,0.017741125,0.26210412,0.07734683,0.7270877,0.03476949,0.06546448,0.035189558,0.22351116,0.09023977,0.11062068,0.03937125,0.24777578,0.0066393213,"TWOGAUSSIANS_WITH_ELLIPSOIDAL_ON_ECLIPSE1",9,7.928269,0.24777578,0.0066393213,0.25105572,0.0993503,0.48330227,0.074566506,0.7322677,0.028170612,0.3666011,0.17841019,0.44191673,0.06909017
375316653866487564,4187813015927993728,0.5626347,2245.1545135369583,0.7886191415605854,1.0356047E-6,18.392017,0.0023058595,0.73631203,5.123353E-4,0.027211344,9.522458E-4,0.39604518,0.0033712126,null,null,null,null,null,null,null,null,null,null,"ONEGAUSSIAN",5,1.2271436,0.73631203,5.123353E-4,0.15238352,0.0053325766,0.39604518,0.0,null,null,null,null,null,null
