Gaia/vari_eclipsing_binary/VariEclipsingBinary_459710-459720.csv
# %ECSV 1.0
# ---
# delimiter: ','
# meta: !!omap
# - RELEASE: Gaia DR3
# - TABLE: vari_eclipsing_binary
# - DESCRIPTION: >
#     This table describes the properties of the eclipsing binaries resulting from the variability analysis. 
# - CITATION: >
#     How to cite and acknowledge Gaia: 
#     https://gea.esac.esa.int/archive/documentation/credits.html 
# - KNOWN_ISSUES: >
#     Known issues: 
#     https://www.cosmos.esa.int/web/gaia-users/known-issues 
# - DOCUMENTATION: >
#     Tutorials and documentation: 
#     https://www.cosmos.esa.int/web/gaia-users/archive 
# datatype:
# - 
#   name: solution_id
#   datatype: int64
#   description: Solution Identifier
#   meta:
#     ucd: meta.version
# - 
#   name: source_id
#   datatype: int64
#   description: Unique source identifier
#   meta:
#     ucd: meta.id;meta.main
# - 
#   name: global_ranking
#   datatype: float32
#   description: Number between 0 (worst) and 1 (best)
#   meta:
#     ucd: stat.param
# - 
#   name: reference_time
#   datatype: float64
#   unit: d
#   description: Reference time used for the geometric model fit
#   meta:
#     ucd: time.epoch
# - 
#   name: frequency
#   datatype: float64
#   unit: d**-1
#   description: Frequency of geometric model of the eclipsing binary light curve
#   meta:
#     ucd: src.orbital
# - 
#   name: frequency_error
#   datatype: float32
#   unit: d**-1
#   description: "Uncertainty of \\texttt{frequency}"
#   meta:
#     ucd: stat.error
# - 
#   name: geom_model_reference_level
#   datatype: float32
#   unit: mag
#   description: Magnitude reference level of geometric model
#   meta:
#     ucd: phot.mag;em.opt
# - 
#   name: geom_model_reference_level_error
#   datatype: float32
#   unit: mag
#   description: "Uncertainty of \\texttt{geomModelReferenceLevel}"
#   meta:
#     ucd: stat.error;phot.mag;em.opt
# - 
#   name: geom_model_gaussian1_phase
#   datatype: float32
#   description: Phase of the Gaussian 1 component
#   meta:
#     ucd: time.phase
# - 
#   name: geom_model_gaussian1_phase_error
#   datatype: float32
#   description: "Uncertainty of \\texttt{geomModelGaussian1Phase}"
#   meta:
#     ucd: stat.error;time.phase
# - 
#   name: geom_model_gaussian1_sigma
#   datatype: float32
#   description: "Standard deviation [phase] of Gaussian 1 component"
#   meta:
#     ucd: stat.stdev
# - 
#   name: geom_model_gaussian1_sigma_error
#   datatype: float32
#   description: "Uncertainty of \\texttt{geomModelGaussian1Sigma}"
#   meta:
#     ucd: stat.error
# - 
#   name: geom_model_gaussian1_depth
#   datatype: float32
#   unit: mag
#   description: Magnitude depth of Gaussian 1 component
#   meta:
#     ucd: src.var.amplitude
# - 
#   name: geom_model_gaussian1_depth_error
#   datatype: float32
#   unit: mag
#   description: "Uncertainty of \\texttt{geomModelGaussian1Depth}"
#   meta:
#     ucd: stat.error;src.var.amplitude
# - 
#   name: geom_model_gaussian2_phase
#   datatype: float32
#   description: Phase of Gaussian 2 component
#   meta:
#     ucd: time.phase
# - 
#   name: geom_model_gaussian2_phase_error
#   datatype: float32
#   description: "Uncertainty of \\texttt{geomModelGaussian2Phase}"
#   meta:
#     ucd: stat.error;time.phase
# - 
#   name: geom_model_gaussian2_sigma
#   datatype: float32
[...]
#   datatype: float32
#   description: "Secondary eclipse: uncertainty of \\texttt{derivedSecondaryEclDuration}"
#   meta:
#     ucd: stat.error;time.duration
# - 
#   name: derived_secondary_ecl_depth
#   datatype: float32
#   unit: mag
#   description: "Secondary eclipse: depth"
#   meta:
#     ucd: src.var.amplitude
# - 
#   name: derived_secondary_ecl_depth_error
#   datatype: float32
#   unit: mag
#   description: "Secondary eclipse: uncertainty of \\texttt{derivedSecondaryEclDepth}"
#   meta:
#     ucd: stat.error;src.var.amplitude
solution_id,source_id,global_ranking,reference_time,frequency,frequency_error,geom_model_reference_level,geom_model_reference_level_error,geom_model_gaussian1_phase,geom_model_gaussian1_phase_error,geom_model_gaussian1_sigma,geom_model_gaussian1_sigma_error,geom_model_gaussian1_depth,geom_model_gaussian1_depth_error,geom_model_gaussian2_phase,geom_model_gaussian2_phase_error,geom_model_gaussian2_sigma,geom_model_gaussian2_sigma_error,geom_model_gaussian2_depth,geom_model_gaussian2_depth_error,geom_model_cosine_half_period_amplitude,geom_model_cosine_half_period_amplitude_error,geom_model_cosine_half_period_phase,geom_model_cosine_half_period_phase_error,model_type,num_model_parameters,reduced_chi2,derived_primary_ecl_phase,derived_primary_ecl_phase_error,derived_primary_ecl_duration,derived_primary_ecl_duration_error,derived_primary_ecl_depth,derived_primary_ecl_depth_error,derived_secondary_ecl_phase,derived_secondary_ecl_phase_error,derived_secondary_ecl_duration,derived_secondary_ecl_duration_error,derived_secondary_ecl_depth,derived_secondary_ecl_depth_error
[from data line 337]
375316653866487564,4043683259395786240,0.5122266,2362.4601267443772,2.5565598448467064,1.7631399E-5,17.849096,0.028372675,0.2197335,0.011414473,0.06726323,0.011695918,0.65219015,0.04207157,0.72576284,0.007531767,0.075205795,0.017806629,0.6026603,0.08066357,null,null,null,null,"TWOGAUSSIANS",8,49.866085,0.2197335,0.011414473,0.3766741,0.06348592,0.6499149,0.04165226,0.72576284,0.007531767,0.4,0.030414574,0.60038507,0.08359048
375316653866487564,4043683263619862144,0.43270966,2435.896391060895,2.618184042722656,3.0785493E-5,18.981684,0.008715204,0.3326479,1.45711565E-5,0.014468467,6.1076717E-4,0.15757759,0.007814893,0.825373,0.0042211693,0.023406532,0.0035025938,0.19657184,0.023577562,null,null,null,null,"TWOGAUSSIANS",8,3.7562845,0.825373,0.0042211693,0.13107657,0.019614527,0.19657184,0.023577562,0.3326479,1.45711565E-5,0.08102342,0.0034202961,0.15757759,0.007814893
375316653866487564,4043683362476529920,0.43940306,2412.632214095175,0.07716561746732907,1.5043524E-5,19.61986,0.064526856,0.12238398,0.0052064303,0.053506866,0.013060594,0.44835782,0.059436902,0.7978197,0.022503454,0.086129725,0.02716929,0.3625302,0.075077064,null,null,null,null,"TWOGAUSSIANS",8,9.167937,0.122303985,0.005165414,0.29963845,0.073139325,0.44865113,0.060610157,0.7978197,0.022503454,0.4,0.047071695,0.36252388,0.075061604
375316653866487564,4043683469830403200,0.44022828,2385.5339663416976,4.344727431511551,4.9381815E-5,18.852255,0.030164234,0.31767502,0.017773164,0.13251954,0.025197325,0.32618684,0.0454041,0.7403602,0.05473477,0.06144821,0.028293746,0.04512748,0.03922976,null,null,null,null,"TWOGAUSSIANS",8,15.177944,0.31767502,0.017773164,0.4,0.0,0.32236975,0.04591547,0.7403602,0.05473477,0.34410998,0.15128085,0.04335021,0.040448397
375316653866487564,4043683710348850560,0.45728356,2394.5804792836066,0.12733607246990894,1.8040377E-5,19.108702,0.012073407,0.3183806,0.0030227469,0.02449508,0.006873888,0.32849383,0.054414842,0.5768386,0.027032694,0.10800408,0.022540692,0.14155833,0.023242315,null,null,null,null,"TWOGAUSSIANS",8,4.304773,0.3187106,0.0033229378,0.13717245,0.038493775,0.336597,0.052963056,0.5768386,0.027032694,0.4,0.0,0.14155206,0.02323296
375316653866487564,4043683740435120640,0.47576702,2378.87849179075,2.894341244500475,2.3441744E-5,19.128922,0.17786859,0.22623911,0.007191352,0.1339034,0.030724755,0.46718836,0.17428273,0.71096694,0.009668214,0.1242178,0.028450167,0.41752344,0.16820352,null,null,null,null,"TWOGAUSSIANS",8,4.8121347,0.22638912,0.006916515,0.4,0.0,0.34686232,0.021371923,0.71096694,0.009668214,0.4,0.0,0.2978656,0.029145386
375316653866487564,4043683774746825728,0.41920596,2394.3727601029063,1.8247650437640757,7.279511E-5,18.313501,0.050381925,0.30132064,0.010047944,0.09635252,0.037235398,0.12914743,0.04465614,0.7788712,0.013795317,0.08297814,0.039554324,0.121201746,0.047917366,null,null,null,null,"TWOGAUSSIANS",8,9.584617,0.30132064,0.0100183515,0.4,0.0,0.12555772,0.021270612,0.7788712,0.013795317,0.4,0.0,0.11761269,0.024151716
375316653866487564,4043683847787937408,0.59098107,2384.489370439338,3.340725558359627,8.715866E-6,15.873876,0.010210979,0.19682533,0.0022024657,0.042462256,0.007990239,0.15987991,0.018380493,0.6960334,0.0069440017,0.04460696,0.009249059,0.21705061,0.053786684,0.13576876,0.014082801,0.19682533,0.0022024657,"TWOGAUSSIANS_WITH_ELLIPSOIDAL_ON_ECLIPSE1",9,51.02717,0.6961634,0.00585304,0.24979898,0.05179473,0.4885823,0.056041844,0.19682533,0.0022024657,0.23778865,0.04474534,0.43141723,0.01461794
375316653866487564,4043684156974148480,0.43822175,2341.1574883210687,0.10798469528034445,1.6555012E-5,19.464388,0.016205342,0.20238739,0.038260125,0.0442392,0.02241462,0.233857,0.11602745,0.836463,0.009276321,0.012810998,0.0060594548,0.5465487,1.2509805,0.26051745,0.014867672,0.836463,0.009276321,"TWOGAUSSIANS_WITH_ELLIPSOIDAL_ON_ECLIPSE2",9,10.734063,0.836463,0.009276321,0.07174159,0.033932947,1.0675833,1.2465956,0.2383674,0.024834942,0.24773952,0.12552187,0.51492935,0.10608221
375316653866487564,4043684290219792640,0.51198363,2371.683799155686,0.8253399013063831,1.2074943E-5,18.818842,0.06548232,0.1851282,0.013043135,0.08501298,0.03681408,0.4151423,0.05266503,0.6877035,0.002744314,0.07039297,0.009825012,0.64327395,0.046032414,null,null,null,null,"TWOGAUSSIANS",8,14.995508,0.6877035,0.002744314,0.39420065,0.04607546,0.6379004,0.04308789,0.1851282,0.013043135,0.4,0.0463328,0.4097687,0.060270276
375316653866487564,4043684324579619200,0.4256356,2338.763490161078,3.2318825778482596,1.6481574E-5,19.352148,0.41067088,0.2175083,0.017044682,0.121727504,0.031279363,0.37514785,0.2003529,0.69295025,0.021398686,0.23963223,0.17462088,0.39917198,0.38888058,null,null,null,null,"TWOGAUSSIANS",8,3.876144,0.2239783,0.009095756,0.4,0.0,0.21222153,0.036092237,0.69295025,0.021398686,0.4,0.0,0.14404914,0.04741784
375316653866487564,4043684328773021824,0.4309694,2426.8975417126294,1.1415547153842491,3.3318363E-5,19.118412,0.011310856,0.65184385,0.012722565,0.019159358,0.018977752,0.20357129,0.064316876,0.39290676,0.08039589,0.08321951,0.069236204,0.056979716,0.2752919,null,null,null,null,"TWOGAUSSIANS",8,2.9091077,0.6518138,0.012472106,0.107292406,0.10627542,0.20402177,0.06417541,0.39290676,0.08039589,0.4,0.27759457,0.056979716,0.27529192
375316653866487564,4043684328824713856,0.4839863,2473.4776395125714,0.11041815226053868,2.082208E-5,18.82434,0.009050113,0.792992,0.0033768157,0.02909965,0.0035731252,0.688984,0.2655764,null,null,null,null,null,null,0.041131344,0.011036479,0.792992,0.0033768157,"ONEGAUSSIAN_WITH_ELLIPSOIDAL",6,10.261022,0.792992,0.0033768157,0.16295804,0.0200095,0.7712467,0.2665255,null,null,null,null,null,null
375316653866487564,4043684363132225280,0.507885,2361.8095543836175,3.3908840580945347,8.85739E-6,18.925016,0.012686084,0.24922082,0.006148889,0.07690863,0.0077928333,0.34855166,0.040790487,0.75779283,0.0034514877,0.060405616,0.005261457,0.41422868,0.019707685,null,null,null,null,"TWOGAUSSIANS",8,6.977458,0.75779283,0.0034514877,0.33827147,0.02946416,0.41344553,0.01967043,0.24922082,0.006148889,0.4,0.0,0.34776852,0.0410191
375316653866487564,4043684427659051776,0.4336392,2343.8670090966175,2.1651051264991206,3.74039E-5,19.407646,0.020017544,0.18803604,0.00581941,0.016763007,0.0063787075,0.22907597,0.06057192,0.70415205,0.0023331998,0.025621096,0.014049167,0.7855356,465.7029,0.10029794,0.031699512,0.18803604,0.00581941,"TWOGAUSSIANS_WITH_ELLIPSOIDAL_ON_ECLIPSE1",9,21.97489,0.70415205,0.0023331998,0.14347814,0.07867534,0.98408157,465.6967,0.18803604,0.00581941,0.093872845,0.035720762,0.4296718,0.04658985
375316653866487564,4043684496301273344,0.46237496,2524.32653900805,2.6096853790765584,1.0032224E-5,19.382656,0.008993174,0.2485588,0.021891665,0.07463926,0.01311369,0.45141616,0.115642935,0.7009614,0.009455689,0.027474534,0.0040549473,0.62589675,0.12419027,null,null,null,null,"TWOGAUSSIANS",8,3.0196729,0.7009614,0.009455689,0.1538574,0.022707704,0.6258963,0.124190226,0.2485588,0.021891665,0.4,0.025515128,0.45141566,0.11564335
375316653866487564,4043684565098050944,0.447417,2447.4424978097845,0.10270455534008979,1.1927908E-4,19.690058,0.02379842,0.26036155,0.0812732,0.101965204,0.055996425,0.654752,0.38071188,0.70129883,0.007969093,0.0455139,0.015394308,0.2228069,0.041058756,null,null,null,null,"TWOGAUSSIANS",8,6.1648073,0.26036155,0.0812732,0.4,0.0,0.6540922,0.38362736,0.70129883,0.007969093,0.25487787,0.08620812,0.22220418,0.05178284
375316653866487564,4043684771258886272,0.42771578,2383.528647859654,0.12355214751266143,5.0566712E-5,19.53074,0.012697904,0.4297176,0.08202645,0.019517105,0.033966422,0.17751496,0.740587,0.8517207,0.015777444,0.07577601,0.014033364,0.11561433,0.015641766,null,null,null,null,"TWOGAUSSIANS",8,3.1721876,0.4297176,0.08202645,0.10929579,0.19021197,0.17751497,0.74032956,0.8517207,0.015777444,0.4,0.008212095,0.11561433,0.015564221
375316653866487564,4043684771258895360,0.43093508,2379.35932594232,0.07514927685080787,3.3117474E-5,19.642824,0.04405569,0.22843325,0.018375726,0.081784494,0.021761626,0.23180398,0.07968056,0.76954937,0.0053284857,0.023921436,0.0032582723,3.1394596,0.9571166,null,null,null,null,"TWOGAUSSIANS",8,17.988941,0.76954937,0.0053284857,0.13396004,0.018246325,3.1394582,0.957114,0.22843325,0.018375726,0.4,0.0,0.2318026,0.07968675
375316653866487564,4043684809809120256,0.44126812,2393.828466611224,0.10132720854357581,8.847951E-5,19.257849,0.015097178,0.32998168,0.04560686,0.10337146,0.03169476,0.19014406,0.033388942,0.66342986,0.15028337,0.08052094,0.065737285,0.59273607,2.0244758,null,null,null,null,"TWOGAUSSIANS",8,5.1872315,0.66342986,0.15028337,0.4,0.25902435,0.5929278,2.0232298,0.3303117,0.044079352,0.4,0.0,0.18940254,0.03278847
375316653866487564,4043684912887368960,0.42096454,2337.132106478607,0.05383874476448373,6.514685E-5,18.893826,0.026634105,0.3093946,0.08160662,0.09461942,0.06307726,0.092750676,0.047251943,0.7423609,0.0055460692,0.049348027,0.011877729,0.19169733,0.021899736,null,null,null,null,"TWOGAUSSIANS",8,7.0177107,0.7423609,0.0055460692,0.27634895,0.06651528,0.19160448,0.022238012,0.3093946,0.08160662,0.4,0.0,0.092655204,0.042739753
375316653866487564,4043685046105599232,0.45932662,2461.675828068626,4.046699458101919,3.701386E-5,19.454311,0.011184008,0.33255017,0.0067655537,0.028065804,0.00644591,0.14688712,0.039108947,0.7234679,0.006153435,0.07315839,0.0062125972,0.217097,0.010833056,null,null,null,null,"TWOGAUSSIANS",8,2.1287363,0.7234679,0.006153435,0.4,0.0086417645,0.21709698,0.0108330455,0.33255017,0.0067655537,0.15716851,0.036097094,0.14688724,0.039109103
375316653866487564,4043685080465687296,0.5026834,2317.9061496373447,2.5731404722238023,3.168797E-5,19.64056,0.03608761,0.1521014,0.014271776,0.034565676,0.03715871,0.020686338,24.785803,0.5549241,0.061100755,0.03948199,0.01815897,1.9529313,4.0362983,0.057579845,0.062012367,0.1521014,0.014271776,"TWOGAUSSIANS_WITH_ELLIPSOIDAL_ON_ECLIPSE1",9,3.9112327,0.5554641,0.06065473,0.22109914,0.10169023,2.0304189,3.9783466,0.1521014,0.014271776,0.19356778,0.20808877,0.13584584,24.785877
375316653866487564,4043685114825046144,0.44194815,2509.3739489865143,4.2423148777214195,9.012109E-5,19.050953,0.019464983,0.6294839,0.044011116,0.10864034,0.054181047,0.2065309,0.040543515,0.464871,3.692637E-4,0.0079645505,0.0015274258,0.36785853,0.07281225,null,null,null,null,"TWOGAUSSIANS",8,4.255229,0.465031,3.2923123E-4,0.044601485,0.008553584,0.43345103,0.023605583,0.6294839,0.044011116,0.4,0.0,0.20652051,0.040756404
375316653866487564,4043685114825055744,0.43918753,2358.758058081487,0.9988513965864892,3.0832976E-5,19.346693,0.03620394,0.26912713,0.0029193135,0.036280826,0.0058739632,0.21279126,0.04705435,0.695993,0.039811816,0.12848058,0.05461074,0.17232956,0.042088788,null,null,null,null,"TWOGAUSSIANS",8,5.6706715,0.26923713,0.0028338325,0.20317262,0.032894194,0.21277094,0.04612113,0.695993,0.039811816,0.4,0.0,0.17160918,0.04143175
375316653866487564,4043685149187092480,0.47228053,2380.6522467852897,1.9098272457749612,2.645135E-5,18.480244,0.049651906,0.24530548,0.012439273,0.102608785,0.017870957,0.32468775,0.049893916,0.7401612,0.008521715,0.08551812,0.014825175,0.33448932,0.04860015,null,null,null,null,"TWOGAUSSIANS",8,13.713473,0.7401612,0.008521715,0.4,0.0,0.31668758,0.02576981,0.24530548,0.012439273,0.4,0.0,0.30688137,0.02422052
375316653866487564,4043685187817518464,0.45576552,2364.4037244545425,1.559725267675048,3.953564E-6,16.156736,0.0010645238,0.25435203,1.934841E-4,0.011872822,6.9257506E-4,0.016746068,0.001050731,0.7466171,0.0029426112,0.035497367,0.002615481,0.060186688,0.0071809418,null,null,null,null,"TWOGAUSSIANS",8,4.3422904,0.7466171,0.0029426112,0.19878525,0.014646693,0.060186688,0.0071809418,0.25435203,1.934841E-4,0.06648781,0.0038784202,0.016746068,0.001050731
375316653866487564,4043685187817578368,0.43940958,2384.9653863613917,0.2105689968333967,3.0424004E-5,18.941849,0.008104239,0.29070193,0.011662192,0.07266975,0.010027401,0.21558692,0.031774554,0.55151,0.0131677585,0.027473068,0.008177148,0.22347751,0.09355032,null,null,null,null,"TWOGAUSSIANS",8,5.1875095,0.55151,0.0131677585,0.15384918,0.04579203,0.22382158,0.09345377,0.29070193,0.011662192,0.4,0.032113746,0.21558692,0.031774554
375316653866487564,4043685290896957312,0.41521692,2486.373469553713,1.8168548508834141,9.227049E-5,18.442207,0.026052034,0.29210448,0.027870694,0.038422,0.047803465,0.1688531,0.060513545,0.84999186,0.013463201,0.06431427,0.021161344,0.17696534,0.024616687,null,null,null,null,"TWOGAUSSIANS",8,4.569587,0.84999186,0.013463201,0.3601599,0.085536495,0.1769652,0.02400081,0.29210448,0.027870694,0.21516319,0.18885897,0.16885297,0.062495463
375316653866487564,4043685320983465344,0.4484738,2405.0225930363895,0.1273667965781101,3.5649176E-5,19.449598,0.016305795,0.39790496,0.011107435,0.12887314,0.018267106,0.21228701,0.023860555,0.6907187,0.023807986,0.023416566,0.016045457,0.20473671,0.12720326,null,null,null,null,"TWOGAUSSIANS",8,4.1435876,0.6907187,0.023807986,0.13113277,0.08985456,0.22057398,0.121053696,0.39790496,0.011107435,0.4,0.0,0.2120583,0.023874413
375316653866487564,4043685527093790464,0.42590982,2477.2706457364593,1.9649698276061565,8.500526E-5,19.168394,0.0074215326,0.32462344,0.003741817,0.022659428,0.008381841,0.2710334,0.3498278,0.6442353,0.016800629,0.07507231,0.0068609663,0.085696794,0.016556604,null,null,null,null,"TWOGAUSSIANS",8,3.1895084,0.32462344,0.003741817,0.12689279,0.046938308,0.27104333,0.3498272,0.6442353,0.016800629,0.4,4.982425E-4,0.085696794,0.016556604
375316653866487564,4043685527144627968,0.4660201,2395.2652906751036,2.0587844618416744,2.510359E-5,19.074436,0.044163894,0.2190714,0.005917154,0.101679236,0.027563721,0.19134139,0.036297213,0.715779,0.008823442,0.10907935,0.024822125,0.21584244,0.037111912,null,null,null,null,"TWOGAUSSIANS",8,3.2880917,0.715779,0.008823442,0.4,0.0,0.1923298,0.017283095,0.2190714,0.0059254756,0.4,0.0,0.1678385,0.01737381
375316653866487564,4043685565774562688,0.49418727,2361.1104006908245,2.2928358493714365,4.3339012E-5,18.692785,0.03193935,0.28316396,0.00980423,0.05910825,0.02659838,0.115080334,0.08108209,0.7809128,0.007097276,0.045391914,0.011896664,0.26571628,0.064915106,0.073514685,0.03908529,0.28316396,0.00980423,"TWOGAUSSIANS_WITH_ELLIPSOIDAL_ON_ECLIPSE1",9,7.6222763,0.7811028,0.006470976,0.2541947,0.06662132,0.41270363,0.039414346,0.28316396,0.00980423,0.3310062,0.14895093,0.26209468,0.02524822
375316653866487564,4043685668853846144,0.4536581,2403.5293268515907,0.10525601902743185,3.718296E-5,19.197243,0.86489064,0.20978224,0.021433635,0.10863924,0.05516068,0.4722956,0.58994627,0.7409206,0.018481841,0.15377778,0.1040075,0.47826007,0.8485614,null,null,null,null,"TWOGAUSSIANS",8,8.924719,0.7410006,0.017020267,0.4,0.0,0.3579177,0.031770606,0.20811224,0.016666219,0.4,0.0,0.35777012,0.07143035
375316653866487564,4043685703162773376,0.4588172,2373.518001414024,0.05459629467663998,2.2932192E-5,19.705128,0.009576546,0.1693326,0.0032863398,0.053914856,0.0064519756,0.49377525,0.14336094,0.7905009,0.012621152,0.061742257,0.012037691,0.12031903,0.030508263,null,null,null,null,"TWOGAUSSIANS",8,1.8719054,0.1693326,0.0032863398,0.30192322,0.036131065,0.493775,0.14336137,0.7905009,0.012621152,0.34575665,0.067411065,0.12031878,0.030508064
375316653866487564,4043685703213537024,0.52750325,2378.0980266360884,1.5458372101896525,1.2966747E-5,17.944397,0.023064587,0.1902556,0.006647779,0.104681,0.019204505,0.22492974,0.018451389,0.6894483,0.0033492083,0.09515938,0.008825628,0.26102856,0.021820355,null,null,null,null,"TWOGAUSSIANS",8,4.422457,0.6894483,0.0033492083,0.4,0.0,0.24018727,0.009672885,0.1902556,0.006647779,0.4,0.0,0.20408398,0.021331282
