Gaia/vari_eclipsing_binary/VariEclipsingBinary_471941-471985.csv
# %ECSV 1.0
# ---
# delimiter: ','
# meta: !!omap
# - RELEASE: Gaia DR3
# - TABLE: vari_eclipsing_binary
# - DESCRIPTION: >
#     This table describes the properties of the eclipsing binaries resulting from the variability analysis. 
# - CITATION: >
#     How to cite and acknowledge Gaia: 
#     https://gea.esac.esa.int/archive/documentation/credits.html 
# - KNOWN_ISSUES: >
#     Known issues: 
#     https://www.cosmos.esa.int/web/gaia-users/known-issues 
# - DOCUMENTATION: >
#     Tutorials and documentation: 
#     https://www.cosmos.esa.int/web/gaia-users/archive 
# datatype:
# - 
#   name: solution_id
#   datatype: int64
#   description: Solution Identifier
#   meta:
#     ucd: meta.version
# - 
#   name: source_id
#   datatype: int64
#   description: Unique source identifier
#   meta:
#     ucd: meta.id;meta.main
# - 
#   name: global_ranking
#   datatype: float32
#   description: Number between 0 (worst) and 1 (best)
#   meta:
#     ucd: stat.param
# - 
#   name: reference_time
#   datatype: float64
#   unit: d
#   description: Reference time used for the geometric model fit
#   meta:
#     ucd: time.epoch
# - 
#   name: frequency
#   datatype: float64
#   unit: d**-1
#   description: Frequency of geometric model of the eclipsing binary light curve
#   meta:
#     ucd: src.orbital
# - 
#   name: frequency_error
#   datatype: float32
#   unit: d**-1
#   description: "Uncertainty of \\texttt{frequency}"
#   meta:
#     ucd: stat.error
# - 
#   name: geom_model_reference_level
#   datatype: float32
#   unit: mag
#   description: Magnitude reference level of geometric model
#   meta:
#     ucd: phot.mag;em.opt
# - 
#   name: geom_model_reference_level_error
#   datatype: float32
#   unit: mag
#   description: "Uncertainty of \\texttt{geomModelReferenceLevel}"
#   meta:
#     ucd: stat.error;phot.mag;em.opt
# - 
#   name: geom_model_gaussian1_phase
#   datatype: float32
#   description: Phase of the Gaussian 1 component
#   meta:
#     ucd: time.phase
# - 
#   name: geom_model_gaussian1_phase_error
#   datatype: float32
#   description: "Uncertainty of \\texttt{geomModelGaussian1Phase}"
#   meta:
#     ucd: stat.error;time.phase
# - 
#   name: geom_model_gaussian1_sigma
#   datatype: float32
#   description: "Standard deviation [phase] of Gaussian 1 component"
#   meta:
#     ucd: stat.stdev
# - 
#   name: geom_model_gaussian1_sigma_error
#   datatype: float32
#   description: "Uncertainty of \\texttt{geomModelGaussian1Sigma}"
#   meta:
#     ucd: stat.error
# - 
#   name: geom_model_gaussian1_depth
#   datatype: float32
#   unit: mag
#   description: Magnitude depth of Gaussian 1 component
#   meta:
#     ucd: src.var.amplitude
# - 
#   name: geom_model_gaussian1_depth_error
#   datatype: float32
#   unit: mag
#   description: "Uncertainty of \\texttt{geomModelGaussian1Depth}"
#   meta:
#     ucd: stat.error;src.var.amplitude
# - 
#   name: geom_model_gaussian2_phase
#   datatype: float32
#   description: Phase of Gaussian 2 component
#   meta:
#     ucd: time.phase
# - 
#   name: geom_model_gaussian2_phase_error
#   datatype: float32
#   description: "Uncertainty of \\texttt{geomModelGaussian2Phase}"
#   meta:
#     ucd: stat.error;time.phase
# - 
#   name: geom_model_gaussian2_sigma
#   datatype: float32
[...]
#   datatype: float32
#   description: "Secondary eclipse: uncertainty of \\texttt{derivedSecondaryEclDuration}"
#   meta:
#     ucd: stat.error;time.duration
# - 
#   name: derived_secondary_ecl_depth
#   datatype: float32
#   unit: mag
#   description: "Secondary eclipse: depth"
#   meta:
#     ucd: src.var.amplitude
# - 
#   name: derived_secondary_ecl_depth_error
#   datatype: float32
#   unit: mag
#   description: "Secondary eclipse: uncertainty of \\texttt{derivedSecondaryEclDepth}"
#   meta:
#     ucd: stat.error;src.var.amplitude
solution_id,source_id,global_ranking,reference_time,frequency,frequency_error,geom_model_reference_level,geom_model_reference_level_error,geom_model_gaussian1_phase,geom_model_gaussian1_phase_error,geom_model_gaussian1_sigma,geom_model_gaussian1_sigma_error,geom_model_gaussian1_depth,geom_model_gaussian1_depth_error,geom_model_gaussian2_phase,geom_model_gaussian2_phase_error,geom_model_gaussian2_sigma,geom_model_gaussian2_sigma_error,geom_model_gaussian2_depth,geom_model_gaussian2_depth_error,geom_model_cosine_half_period_amplitude,geom_model_cosine_half_period_amplitude_error,geom_model_cosine_half_period_phase,geom_model_cosine_half_period_phase_error,model_type,num_model_parameters,reduced_chi2,derived_primary_ecl_phase,derived_primary_ecl_phase_error,derived_primary_ecl_duration,derived_primary_ecl_duration_error,derived_primary_ecl_depth,derived_primary_ecl_depth_error,derived_secondary_ecl_phase,derived_secondary_ecl_phase_error,derived_secondary_ecl_duration,derived_secondary_ecl_duration_error,derived_secondary_ecl_depth,derived_secondary_ecl_depth_error
375316653866487564,4151237143154230016,0.62494737,2268.4328136388804,4.056765332699932,8.656753E-6,17.661827,0.017089378,0.30874974,0.004703847,0.04337142,0.0077088117,0.36267388,0.032351207,0.81457204,0.0054238783,0.05217122,0.0046197576,0.411515,0.04116675,0.11966595,0.018530525,0.30874974,0.004703847,"TWOGAUSSIANS_WITH_ELLIPSOIDAL_ON_ECLIPSE1",9,6.399006,0.81457204,0.0054238783,0.29215884,0.025870644,0.65052396,0.029453991,0.30874974,0.004703847,0.24287994,0.043169346,0.602003,0.03346992
375316653866487564,4151237383672836736,0.5411114,2239.5791134192636,1.4773707119263515,5.4393455E-5,19.63266,0.007963076,0.25368592,3.977597E-4,0.02764678,8.6989434E-4,6.9394655,1.2341061,0.7046835,0.033070166,0.050856583,0.032142036,0.081114255,0.04980057,null,null,null,null,"TWOGAUSSIANS",8,1.7215548,0.25368592,3.977597E-4,0.15482196,0.0048714085,6.9394655,1.2341061,0.7046835,0.033070166,0.28479686,0.1799954,0.081114255,0.04980057
375316653866487564,4151238002148290944,0.53112054,2268.036298893877,2.6394915554864626,4.4655506E-5,17.21939,0.01806289,0.20384203,0.011333024,0.069230616,0.0155290235,0.5330395,0.12800805,0.7198897,0.010116108,0.06978036,0.008674243,0.62936974,0.06356137,null,null,null,null,"TWOGAUSSIANS",8,40.07599,0.7198897,0.010116108,0.39077,0.033697776,0.62819105,0.06382044,0.20384203,0.011333024,0.38769144,0.029085413,0.53186077,0.13070624
375316653866487564,4151238483184314880,0.48095784,2236.3543163267104,0.30898141534775836,3.0764768E-5,19.635227,0.041800823,0.24510574,0.013241561,0.08364166,0.023362294,0.4641781,0.16308762,0.7950162,0.006826141,0.061942413,0.015112609,0.34280112,0.042609625,null,null,null,null,"TWOGAUSSIANS",8,2.1281354,0.24510574,0.013241561,0.4,0.0,0.4635342,0.16435179,0.7950162,0.006827753,0.34687752,0.073667616,0.34215748,0.03988773
375316653866487564,4151238792422324096,0.64047194,2280.23630849388,1.7533045717898326,1.21747435E-5,18.125326,0.0054328786,0.23602155,0.0055218795,0.04647284,0.003838173,0.2957772,0.028716162,0.7336385,0.0043361154,0.05528775,0.002637772,0.7095411,0.017343154,null,null,null,null,"TWOGAUSSIANS",8,3.6849434,0.7336385,0.0043361154,0.30961138,0.014771523,0.7095363,0.01734501,0.23602155,0.0055218795,0.2602479,0.02149377,0.29577237,0.028717233
375316653866487564,4151239277788199424,0.49523506,2255.2883387173492,1.3622569058410912,2.676883E-5,17.300732,0.00838713,0.27765116,0.018401092,0.058167893,0.018083733,0.16357428,0.016527439,0.79662573,0.010583174,0.02957059,0.012669578,0.3346769,1.3863193,0.018691264,0.011684846,0.27765116,0.018401092,"TWOGAUSSIANS_WITH_ELLIPSOIDAL_ON_ECLIPSE1",9,31.398228,0.79662573,0.010583174,0.16559531,0.070949644,0.3715148,1.3942538,0.27765116,0.018401092,0.32574022,0.08748481,0.20094101,0.014800914
375316653866487564,4151240445994305664,0.506985,2224.094140346279,0.1556328015553749,2.0216152E-5,19.150526,0.02271419,0.32561478,0.004783065,0.06304778,0.091715276,0.25283933,0.46050718,0.84330696,0.01108546,0.014152431,0.014101623,0.75059927,4.27065677E9,0.2860799,0.054936793,0.32561478,0.004783065,"TWOGAUSSIANS_WITH_ELLIPSOIDAL_ON_ECLIPSE1",9,7.916227,0.84330696,0.01108546,0.079253614,0.078969084,1.3156201,4.27065677E9,0.32561478,0.004783065,0.3530676,0.135277,0.82490146,0.4425398
375316653866487564,4151240544769274752,0.668995,2282.111103611561,1.4015400166689982,3.342414E-6,15.602134,0.0029494297,0.16898514,0.0018712723,0.04308391,0.005087733,0.10411041,0.010825793,0.6671721,0.0018888087,0.05075661,0.0023701077,0.13524698,0.008529005,0.091623664,0.0031628194,0.16898514,0.0018712723,"TWOGAUSSIANS_WITH_ELLIPSOIDAL_ON_ECLIPSE1",9,4.798034,0.66756207,0.0013839613,0.28423703,0.013272603,0.318475,0.006784078,0.16898514,0.0018712723,0.2412699,0.028491303,0.2873571,0.010895112
375316653866487564,4151240716568034816,0.5770738,2210.5995315929067,0.6535534149581577,1.2229623E-5,19.007202,0.0053873425,0.20565856,0.035752486,0.0176401,0.013215518,0.73339444,1.2148079,0.69880676,0.0014327222,0.02290364,8.96287E-4,0.62963665,0.009895067,null,null,null,null,"TWOGAUSSIANS",8,1.7170076,0.20565856,0.035752486,0.098784566,0.07400689,0.73339444,1.2148079,0.69880676,0.0014327222,0.12826037,0.005019207,0.62963665,0.009895067
375316653866487564,4151243263493896832,0.48668468,2247.3942770205035,1.3434477775500118,5.6591827E-5,19.236288,0.009679616,0.29680914,0.022907246,0.04299523,0.0106670875,1.8538904,1.9093072,0.7384417,0.007405216,0.07772751,0.005394396,0.35869822,0.015968926,null,null,null,null,"TWOGAUSSIANS",8,6.159036,0.29680914,0.022907246,0.24077329,0.05973569,1.8538632,1.9093617,0.7384417,0.007405216,0.4,0.0,0.35867104,0.015938224
375316653866487564,4151243332213390976,0.45907632,2300.6196174302704,3.4544035687904797,2.5451453E-5,19.827658,0.04710907,0.31653067,0.022257429,0.120126605,0.062424723,0.19770367,0.035974726,0.8202041,0.0066915886,0.05886933,0.013282475,0.25106746,0.1529074,null,null,null,null,"TWOGAUSSIANS",8,1.8350059,0.8202041,0.006695916,0.32966822,0.07438186,0.24355255,0.1520054,0.31653067,0.022257429,0.4,0.0,0.19011985,0.05027868
375316653866487564,4151244152542129792,0.48318288,2232.8478927608357,0.19574642985613502,2.2821761E-5,19.369453,0.01683091,0.3068762,0.031354606,0.07989353,0.022746325,0.20838031,0.03865095,0.8394217,0.031420868,0.07210548,0.019292576,0.22531669,0.04152597,null,null,null,null,"TWOGAUSSIANS",8,2.4438195,0.8394217,0.031420868,0.4,0.0877562,0.22438405,0.041068085,0.3068762,0.031354606,0.4,0.032870322,0.20744768,0.037351
375316653866487564,4151245526932027904,0.6105734,2212.5047276741893,2.3723070655946925,1.0778888E-5,19.007109,0.01401711,0.3486902,0.0036275499,0.060057204,0.005732749,0.62242067,0.028101016,0.8510036,0.006882369,0.054645583,0.0059883012,0.6206591,0.040619988,null,null,null,null,"TWOGAUSSIANS",8,2.6481242,0.3486902,0.0036275499,0.33632034,0.032103393,0.6223356,0.028134277,0.8510036,0.006882369,0.30601525,0.03353449,0.620574,0.040572766
375316653866487564,4151246729521508224,0.55027604,2256.4483659250586,3.92150288525605,7.56409E-6,18.73623,0.025362903,0.24845637,0.0026854035,0.04632009,0.006852814,0.35506454,0.053957827,0.73421806,0.0059495443,0.05253611,0.0034597984,0.45289513,0.11246367,0.14610645,0.036972366,0.24845637,0.0026854035,"TWOGAUSSIANS_WITH_ELLIPSOIDAL_ON_ECLIPSE1",9,11.360822,0.73596805,0.005528425,0.29420224,0.019374872,0.7430573,0.049829096,0.24845637,0.0026854035,0.2593925,0.038375758,0.64727336,0.027712563
375316653866487564,4151248005138078848,0.56960833,2258.9188965979506,1.9278294537116976,2.47639E-5,18.749426,0.021312552,0.17600079,0.002446305,0.08305366,0.008890352,0.39500418,0.014551833,0.66082424,0.0044782776,0.09345614,0.015648173,0.16251694,0.019417856,null,null,null,null,"TWOGAUSSIANS",8,2.1920922,0.17600079,0.002446305,0.4,0.0,0.38815498,0.0106660025,0.66082424,0.0044782776,0.4,0.0,0.15566748,0.017256504
375316653866487564,4151248108217175552,0.48250964,2274.028925168266,2.660735926814685,1.2122737E-5,19.815742,0.017178625,0.290923,0.007020527,0.06761685,0.009373095,0.30490166,0.05396395,0.76742905,0.007108512,0.04318798,0.009708119,0.27913934,0.023454227,null,null,null,null,"TWOGAUSSIANS",8,3.1494532,0.290923,0.007020527,0.37865436,0.042847715,0.3048935,0.053976774,0.76742905,0.007108512,0.24185269,0.054365464,0.27913114,0.023452204
375316653866487564,4151248726692547968,0.48526803,2208.6189895313964,2.933842237735401,1.6363925E-5,19.0685,0.009236083,0.29276693,0.008378291,0.05594182,0.0063334987,0.2344595,0.027201837,0.7987028,3.350889E-5,0.00934943,4.11169E-4,0.14365532,0.009101231,null,null,null,null,"TWOGAUSSIANS",8,4.6861663,0.29276693,0.008378291,0.3132742,0.035467595,0.2344595,0.027201837,0.7987028,3.350889E-5,0.05235681,0.0023025463,0.14365532,0.009101231
375316653866487564,4151248864155683712,0.63290745,2248.529736976824,3.498043100063912,2.8611487E-6,16.231989,0.009740007,0.29709014,0.0019980234,0.039270166,0.0069007725,0.286189,0.110794425,0.8029531,0.0014637972,0.041089848,0.003882677,0.18892945,0.020820545,0.11665183,0.011242618,0.29709014,0.0019980234,"TWOGAUSSIANS_WITH_ELLIPSOIDAL_ON_ECLIPSE1",9,13.892433,0.29709014,0.0019980234,0.21991292,0.038644325,0.5194926,0.11768331,0.8029531,0.0014637972,0.23010315,0.021742992,0.42191663,0.0069844993
375316653866487564,4151249306509447296,0.48212478,2276.616531458966,2.3461361079150174,2.1431604E-5,18.26508,0.22786672,0.32916063,0.009284888,0.11968635,0.07155114,0.19141799,0.21864471,0.82487047,0.00781525,0.1139092,0.044259246,0.23685555,0.2132602,null,null,null,null,"TWOGAUSSIANS",8,5.610857,0.82487047,0.00781525,0.4,0.0,0.19571249,0.018172,0.3291706,0.009369114,0.4,0.0,0.15024357,0.017779531
375316653866487564,4151249310808622080,0.47044224,2243.7799511058774,2.4421724706585093,8.051567E-5,18.238443,0.0061746286,0.1648153,0.021590814,0.020338753,0.02129289,0.047465738,1.469936,0.50328344,0.00803788,0.09454146,0.010264771,0.2176799,0.038982973,null,null,null,null,"TWOGAUSSIANS",8,3.0296514,0.50328344,0.00803788,0.4,0.0,0.21767955,0.03898427,0.1649353,0.021386266,0.11389701,0.11924019,0.04782478,1.4698408
375316653866487564,4151249482631028864,0.5984283,2209.9682042160853,2.997717947269616,1.20776995E-5,17.699755,0.010741352,0.28204602,0.005983242,0.08766786,0.006525392,0.37669685,0.01727202,0.7732348,0.0026827035,0.088189885,0.0048668813,0.3631126,0.012623928,null,null,null,null,"TWOGAUSSIANS",8,5.040795,0.28204602,0.005983242,0.4,0.0,0.36544466,0.013459176,0.7732348,0.0026827035,0.4,0.0,0.35186034,0.011079866
375316653866487564,4151249516968301568,0.46290115,2256.7870108242128,1.7420446838906212,4.5618915E-5,19.773165,0.020812578,0.5673654,0.05054112,0.10608101,0.031577755,0.2244526,0.04742945,0.2889763,0.03940764,0.07511619,0.052054457,0.18804936,0.041327104,null,null,null,null,"TWOGAUSSIANS",8,1.9381295,0.5668654,0.04831137,0.4,0.0,0.22450279,0.04377808,0.29503632,0.06997984,0.4,0.05135208,0.19560876,0.040261377
375316653866487564,4151250028057358592,0.4672519,2293.662190184994,1.5147862373523269,2.039841E-5,19.880615,0.014340197,null,null,null,null,null,null,null,null,null,null,null,null,0.16671064,0.022703279,0.19793677,0.008192526,"ELLIPSOIDAL",4,5.003216,null,null,null,null,null,null,null,null,null,null,null,null
375316653866487564,4151251853430026880,0.51788425,2267.943265857858,3.8307654622397256,2.1832639E-5,19.699772,0.047583185,0.25075123,0.008956938,0.114665404,0.02349999,0.34080812,0.03233866,0.7280229,0.013427584,0.08894748,0.014970805,0.42320025,0.05345362,null,null,null,null,"TWOGAUSSIANS",8,1.5713546,0.7280229,0.013427584,0.4,0.0,0.39586195,0.037365507,0.25075123,0.008956938,0.4,0.0,0.3134007,0.02658676
375316653866487564,4151251922177688064,0.5027932,2278.1764350660333,0.12220035379198255,3.0263805E-6,19.136261,0.01752516,0.08076284,0.046533473,0.032641005,0.021868458,0.09296762,0.038304996,0.64870703,0.0012940046,0.038820527,0.002722893,1.2068365,0.25322393,null,null,null,null,"TWOGAUSSIANS",8,3.7102764,0.64870703,0.0012940046,0.21739495,0.0152482,1.2068365,0.25322393,0.08076284,0.046533473,0.18278962,0.12246337,0.09296762,0.038304996
375316653866487564,4151252334465839360,0.596984,2298.0120349688673,2.9685246950983433,1.1557947E-5,19.739742,0.048128538,0.26994285,0.0046230317,0.08815774,0.009694142,0.47266218,0.047088336,0.76103777,0.019177167,0.09738615,0.023539893,0.5350766,0.05083229,null,null,null,null,"TWOGAUSSIANS",8,0.67619026,0.76103777,0.019177167,0.4,0.0,0.51164633,0.026050605,0.26994285,0.004596837,0.4,0.0,0.449234,0.028125765
375316653866487564,4151252403185386368,0.5161192,2282.2777585894514,2.3463522081741712,3.0394174E-5,19.60348,0.026938705,0.24063745,0.0116391415,0.075553864,0.014745192,0.52908295,0.039286286,0.74775773,0.009129236,0.07756277,0.021907402,0.43787682,0.06497257,null,null,null,null,"TWOGAUSSIANS",8,3.3645124,0.24063745,0.0116391415,0.4,0.04815488,0.52509546,0.03663183,0.74775773,0.009129236,0.4,0.0,0.43388933,0.07267992
375316653866487564,4151252879914902016,0.5060069,2252.1451278327722,1.1641790963222411,2.9934294E-5,14.571278,0.4303898,0.24911612,0.044886805,0.15491399,0.15450299,0.21644372,0.42571405,0.7234765,0.008008965,0.103536315,0.031277526,0.43918085,0.25029343,null,null,null,null,"TWOGAUSSIANS",8,250.82123,0.7234765,0.008008965,0.4,0.0,0.37366924,0.017691663,0.24916613,0.04479672,0.4,0.0,0.14826901,0.091457136
375316653866487564,4151253292232730240,0.5559926,2250.3277727987165,0.16416607858635998,6.3910134E-5,18.342783,0.007228261,0.19873455,0.013582251,0.070028566,0.0066652247,0.4045803,0.07298821,0.5879984,0.07205474,0.11803441,0.05372488,0.024780514,0.019696826,null,null,null,null,"TWOGAUSSIANS",8,1.5826353,0.19877455,0.013539059,0.39215997,0.02880129,0.40407312,0.07327661,0.5879984,0.07205474,0.4,0.0023159562,0.024165569,0.020011999
375316653866487564,4151254426104388864,0.48391485,2276.4084657572416,4.331023333769849,1.1703897E-5,19.336689,0.011623711,0.25115752,0.0070121656,0.07405377,0.013610159,0.2106983,0.037308615,0.7931124,0.00885643,0.1008473,0.009727457,0.21103579,0.0134409545,null,null,null,null,"TWOGAUSSIANS",8,1.2812922,0.7931124,0.00885643,0.4,0.0,0.20761243,0.011999427,0.2511475,0.0070139905,0.4,0.034472305,0.20728205,0.03958516
375316653866487564,4151256148396737664,0.44066423,2268.488799567791,1.1579870729692625,4.4238783E-5,19.18266,0.12868017,0.39122656,0.015509465,0.0666067,0.0155042345,0.28242582,0.041669782,0.73820525,0.024097774,0.19075948,0.09811542,0.21151453,0.122399926,null,null,null,null,"TWOGAUSSIANS",8,5.3665137,0.39740655,0.013285464,0.3729975,0.076835155,0.30552778,0.04999012,0.73820525,0.024097774,0.4,0.0,0.19240914,0.049459513
375316653866487564,4151256595096879872,0.5882445,2293.490150374314,2.471455301489566,1.05344825E-5,17.967102,0.016754637,0.22751345,0.003981389,0.10008199,0.0069834366,0.28983188,0.015972307,0.743043,0.007897186,0.103094876,0.015469903,0.19748639,0.01576498,null,null,null,null,"TWOGAUSSIANS",8,2.1002505,0.22751345,0.0039787353,0.4,0.0,0.27083048,0.010704745,0.743043,0.00789917,0.4,0.0,0.17848396,0.011614232
375316653866487564,4151256796926094336,0.53637105,2247.494794850095,2.359517951967959,2.3002289E-5,18.60537,0.016217727,0.2541255,0.0051779673,0.08023127,0.011456893,0.22957714,0.013990837,0.76654416,0.0077778785,0.107473955,0.013382719,0.19264826,0.017216545,null,null,null,null,"TWOGAUSSIANS",8,2.009514,0.2541255,0.0051765284,0.4,0.0,0.21972942,0.013886242,0.76654416,0.0077778785,0.4,0.0,0.18279177,0.014183033
375316653866487564,4151258038205859968,0.538185,2262.1690225119537,1.1264810916880732,6.829443E-6,14.96208,0.019283112,0.23633917,0.0025525629,0.12292532,0.027553685,0.062744066,0.016344564,0.73574835,0.0077181295,0.11651408,0.03861999,0.048464447,0.02095871,null,null,null,null,"TWOGAUSSIANS",8,3.6510582,0.23633917,0.0025613052,0.4,0.0,0.050335426,0.004137246,0.73574835,0.007729381,0.4,0.0,0.036078155,0.021052895
375316653866487564,4151258965895291904,0.48794314,2274.1803623829433,3.5421415409660817,5.65236E-5,19.168116,0.070951,0.32093194,0.017143542,0.12472618,0.04842293,0.25713414,0.06007464,0.796102,0.024240613,0.08695774,0.038403504,0.38956,0.061786152,null,null,null,null,"TWOGAUSSIANS",8,3.2694218,0.796102,0.024240613,0.4,0.09941229,0.36238718,0.04235669,0.32093194,0.017138701,0.4,0.0,0.22974335,0.034488138
375316653866487564,4151263879362545280,0.46844554,2309.610829814895,0.39137942848699364,5.7743997E-5,19.796177,0.024218602,0.16557488,0.013754329,0.04067632,0.011057187,0.30589488,0.29648128,0.5982861,0.038687475,0.12592055,0.027892102,0.5071825,0.06291847,null,null,null,null,"TWOGAUSSIANS",8,9.322297,0.5982861,0.038687475,0.4,0.0,0.5048045,0.063301966,0.16577487,0.013732245,0.2277874,0.061920248,0.30492386,0.2974768
375316653866487564,4151264046836095616,0.46911466,2317.234885766649,3.1913297223297783,4.7952577E-5,15.66997,0.43026286,0.16791837,0.010066314,0.17214727,0.11122836,0.27786967,0.41732052,0.66605824,0.00835697,0.14654672,0.060985215,0.29862642,0.35655993,null,null,null,null,"TWOGAUSSIANS",8,83.34441,0.66605824,0.00835697,0.4,0.0,0.14181323,0.012462952,0.16810837,0.009983062,0.4,0.0,0.11464151,0.013587289
