Gaia/vari_eclipsing_binary/VariEclipsingBinary_677476-677495.csv
# %ECSV 1.0
# ---
# delimiter: ','
# meta: !!omap
# - RELEASE: Gaia DR3
# - TABLE: vari_eclipsing_binary
# - DESCRIPTION: >
#     This table describes the properties of the eclipsing binaries resulting from the variability analysis. 
# - CITATION: >
#     How to cite and acknowledge Gaia: 
#     https://gea.esac.esa.int/archive/documentation/credits.html 
# - KNOWN_ISSUES: >
#     Known issues: 
#     https://www.cosmos.esa.int/web/gaia-users/known-issues 
# - DOCUMENTATION: >
#     Tutorials and documentation: 
#     https://www.cosmos.esa.int/web/gaia-users/archive 
# datatype:
# - 
#   name: solution_id
#   datatype: int64
#   description: Solution Identifier
#   meta:
#     ucd: meta.version
# - 
#   name: source_id
#   datatype: int64
#   description: Unique source identifier
#   meta:
#     ucd: meta.id;meta.main
# - 
#   name: global_ranking
#   datatype: float32
#   description: Number between 0 (worst) and 1 (best)
#   meta:
#     ucd: stat.param
# - 
#   name: reference_time
#   datatype: float64
#   unit: d
#   description: Reference time used for the geometric model fit
#   meta:
#     ucd: time.epoch
# - 
#   name: frequency
#   datatype: float64
#   unit: d**-1
#   description: Frequency of geometric model of the eclipsing binary light curve
#   meta:
#     ucd: src.orbital
# - 
#   name: frequency_error
#   datatype: float32
#   unit: d**-1
#   description: "Uncertainty of \\texttt{frequency}"
#   meta:
#     ucd: stat.error
# - 
#   name: geom_model_reference_level
#   datatype: float32
#   unit: mag
#   description: Magnitude reference level of geometric model
#   meta:
#     ucd: phot.mag;em.opt
# - 
#   name: geom_model_reference_level_error
#   datatype: float32
#   unit: mag
#   description: "Uncertainty of \\texttt{geomModelReferenceLevel}"
#   meta:
#     ucd: stat.error;phot.mag;em.opt
# - 
#   name: geom_model_gaussian1_phase
#   datatype: float32
#   description: Phase of the Gaussian 1 component
#   meta:
#     ucd: time.phase
# - 
#   name: geom_model_gaussian1_phase_error
#   datatype: float32
#   description: "Uncertainty of \\texttt{geomModelGaussian1Phase}"
#   meta:
#     ucd: stat.error;time.phase
# - 
#   name: geom_model_gaussian1_sigma
#   datatype: float32
#   description: "Standard deviation [phase] of Gaussian 1 component"
#   meta:
#     ucd: stat.stdev
# - 
#   name: geom_model_gaussian1_sigma_error
#   datatype: float32
#   description: "Uncertainty of \\texttt{geomModelGaussian1Sigma}"
#   meta:
#     ucd: stat.error
# - 
#   name: geom_model_gaussian1_depth
#   datatype: float32
#   unit: mag
#   description: Magnitude depth of Gaussian 1 component
#   meta:
#     ucd: src.var.amplitude
# - 
#   name: geom_model_gaussian1_depth_error
#   datatype: float32
#   unit: mag
#   description: "Uncertainty of \\texttt{geomModelGaussian1Depth}"
#   meta:
#     ucd: stat.error;src.var.amplitude
# - 
#   name: geom_model_gaussian2_phase
#   datatype: float32
#   description: Phase of Gaussian 2 component
#   meta:
#     ucd: time.phase
# - 
#   name: geom_model_gaussian2_phase_error
#   datatype: float32
#   description: "Uncertainty of \\texttt{geomModelGaussian2Phase}"
#   meta:
#     ucd: stat.error;time.phase
# - 
#   name: geom_model_gaussian2_sigma
#   datatype: float32
[...]
#   datatype: float32
#   description: "Secondary eclipse: uncertainty of \\texttt{derivedSecondaryEclDuration}"
#   meta:
#     ucd: stat.error;time.duration
# - 
#   name: derived_secondary_ecl_depth
#   datatype: float32
#   unit: mag
#   description: "Secondary eclipse: depth"
#   meta:
#     ucd: src.var.amplitude
# - 
#   name: derived_secondary_ecl_depth_error
#   datatype: float32
#   unit: mag
#   description: "Secondary eclipse: uncertainty of \\texttt{derivedSecondaryEclDepth}"
#   meta:
#     ucd: stat.error;src.var.amplitude
solution_id,source_id,global_ranking,reference_time,frequency,frequency_error,geom_model_reference_level,geom_model_reference_level_error,geom_model_gaussian1_phase,geom_model_gaussian1_phase_error,geom_model_gaussian1_sigma,geom_model_gaussian1_sigma_error,geom_model_gaussian1_depth,geom_model_gaussian1_depth_error,geom_model_gaussian2_phase,geom_model_gaussian2_phase_error,geom_model_gaussian2_sigma,geom_model_gaussian2_sigma_error,geom_model_gaussian2_depth,geom_model_gaussian2_depth_error,geom_model_cosine_half_period_amplitude,geom_model_cosine_half_period_amplitude_error,geom_model_cosine_half_period_phase,geom_model_cosine_half_period_phase_error,model_type,num_model_parameters,reduced_chi2,derived_primary_ecl_phase,derived_primary_ecl_phase_error,derived_primary_ecl_duration,derived_primary_ecl_duration_error,derived_primary_ecl_depth,derived_primary_ecl_depth_error,derived_secondary_ecl_phase,derived_secondary_ecl_phase_error,derived_secondary_ecl_duration,derived_secondary_ecl_duration_error,derived_secondary_ecl_depth,derived_secondary_ecl_depth_error
[from data line 301]
375316653866487564,5959233970403474048,0.4410551,2209.3326157150714,1.8642488441976146,1.676719E-4,19.288826,0.010541917,0.36763737,0.009191944,0.053746104,0.012055421,0.15369444,0.027647534,0.82415015,0.020111881,0.018744702,0.019544674,0.089742646,616.32086,null,null,null,null,"TWOGAUSSIANS",8,2.9262729,0.36763737,0.009191944,0.30097818,0.06751036,0.15369444,0.027647534,0.82415015,0.020111881,0.104970336,0.10945018,0.089742646,616.32086
375316653866487564,5959234760678241920,0.44418016,2261.748148648547,1.6607059866968468,7.408139E-5,19.352114,0.18927431,0.17404579,0.019013526,0.100489035,0.038440134,0.39100692,0.1984151,0.53656006,0.012812291,0.07759632,0.029008681,0.22885273,0.18470277,null,null,null,null,"TWOGAUSSIANS",8,20.714014,0.17405578,0.018821303,0.4,0.0,0.3899986,0.17299083,0.53656006,0.012812291,0.4,0.026410744,0.22842397,0.16570584
375316653866487564,5959234829397019008,0.479367,2267.9788554790553,1.8976194893447682,4.468066E-5,18.762085,0.011864331,0.3936875,0.013182369,0.07841644,0.017077832,0.19466715,0.06390245,0.8769659,0.009373922,0.085800484,0.029508067,0.07783217,0.027348863,null,null,null,null,"TWOGAUSSIANS",8,2.5341833,0.3936875,0.013182369,0.4,0.030983645,0.19298533,0.06526399,0.8769659,0.009373922,0.4,0.03288611,0.07615033,0.028583726
375316653866487564,5959234859412083840,0.5760761,2258.8510935527065,3.8153120542903625,1.5394564E-5,18.457531,0.03540274,0.28754583,0.0042675985,0.043952353,0.01159769,0.40161806,0.08102222,0.7877873,0.027223004,0.055164445,0.023031956,0.38016072,0.21157049,0.120770484,0.059903167,0.28754583,0.0042675985,"TWOGAUSSIANS_WITH_ELLIPSOIDAL_ON_ECLIPSE1",9,10.96839,0.28754583,0.0042675985,0.24613316,0.06494706,0.6431461,0.061750107,0.7877873,0.025985545,0.3089209,0.12897895,0.6216882,0.19573838
375316653866487564,5959234859414375424,0.52348876,2257.9017965248495,2.8189875324401212,1.9786161E-5,18.787834,0.01615277,0.27068275,0.007351309,0.07483378,0.01249536,0.44553098,0.072328426,0.7740981,0.0053209327,0.078450784,0.010037465,0.32157463,0.055814408,null,null,null,null,"TWOGAUSSIANS",8,2.774009,0.27068275,0.007351309,0.4,0.0,0.44210768,0.07568127,0.7740981,0.0053209327,0.4,0.0,0.31815132,0.05824904
375316653866487564,5959234932476483200,0.53153664,2224.4749606311548,1.7421050813262393,4.436843E-5,19.328028,0.06444618,0.26724687,0.011826757,0.10823651,0.049381837,0.26880616,0.030670764,0.77220935,0.0048222495,0.08429849,0.011504144,0.35263678,0.0594078,null,null,null,null,"TWOGAUSSIANS",8,1.5783943,0.77220935,0.0048564235,0.4,0.0,0.3334791,0.014356848,0.26724687,0.011826757,0.4,0.0,0.24963574,0.065766595
375316653866487564,5959235310434236672,0.51335293,2220.319752680555,2.780229944094094,1.2510939E-5,19.339857,0.03925247,0.2920375,0.004998634,0.08490305,0.011419381,0.3624928,0.03580675,0.79832387,0.0034993114,0.0870751,0.011897336,0.33791375,0.033973247,null,null,null,null,"TWOGAUSSIANS",8,2.912963,0.2920375,0.004998634,0.4,0.0,0.3533122,0.026450058,0.79832387,0.0034993114,0.4,0.0,0.3287331,0.026649484
375316653866487564,5959235585312352256,0.46424016,2225.0778213118138,4.462173277212561,7.571038E-5,19.380281,0.12657061,0.48012808,0.020130735,0.1652167,0.03928596,0.85460263,0.12185476,0.8938811,0.0367673,0.058984045,0.02807167,0.2890841,0.122944266,null,null,null,null,"TWOGAUSSIANS",8,20.0334,0.48012808,0.020130735,0.4,0.0,0.8148341,0.120189816,0.8938811,0.0367673,0.33031064,0.14804775,0.28803846,0.13930549
375316653866487564,5959235757111679360,0.50727546,2260.9946003478985,2.084933097521723,2.5325784E-5,18.737019,0.041830115,0.26527944,0.017131569,0.09960077,0.019771228,0.26064202,0.041936304,0.7689791,0.0073572393,0.09064229,0.022713583,0.2560461,0.03073015,null,null,null,null,"TWOGAUSSIANS",8,4.175334,0.26527944,0.01713174,0.4,0.0,0.24513142,0.024176888,0.7689791,0.0073619825,0.4,0.0,0.24053712,0.031805065
375316653866487564,5959235997629308416,0.54047394,2196.7633963714748,3.0963928101532154,4.9216193E-5,19.67423,0.013699609,0.2931565,0.015338072,0.1050532,0.02206499,0.19684154,0.0602493,0.7912699,0.003980523,0.074454024,0.004582152,0.3931541,0.016094794,null,null,null,null,"TWOGAUSSIANS",8,2.1694887,0.7912699,0.003980523,0.4,0.0,0.38297516,0.01441417,0.2931565,0.015338072,0.4,0.0,0.18665785,0.06527867
375316653866487564,5959236268163702400,0.5241308,2216.9097074348556,1.539359720970164,2.3722712E-5,19.360765,0.0054322756,0.18897098,0.010757338,0.052827828,0.019036505,0.12984115,0.04748001,0.68774724,0.0045926487,0.051454097,0.008724621,0.26369917,0.03873452,null,null,null,null,"TWOGAUSSIANS",8,1.2788892,0.68774724,0.0045926487,0.28814295,0.048857875,0.26369563,0.03875124,0.18897098,0.010757338,0.29583582,0.10660443,0.12983762,0.047490567
375316653866487564,5959236306867657216,0.57040733,2231.948394396228,2.806458718225388,1.5583359E-5,19.40644,0.023402099,0.20983979,0.0096363975,0.07092306,0.014164221,0.5057155,0.07767201,0.6992515,0.0027525157,0.07679036,0.0055735954,0.56102043,0.026701594,null,null,null,null,"TWOGAUSSIANS",8,2.4068427,0.6992515,0.0027525157,0.4,0.0,0.55830705,0.02301622,0.20983979,0.0096363975,0.3971691,0.02470245,0.5030021,0.081185065
375316653866487564,5959236439957356288,0.59588456,2224.2612616186157,2.6642621487158062,6.4534734E-6,17.066309,0.012453339,0.28622878,0.0051437113,0.041865733,0.0075441017,0.18548281,0.033568937,0.77821577,0.0070197955,0.043869164,0.0065202955,0.2788529,0.040313195,0.10817574,0.024523146,0.28622878,0.0051437113,"TWOGAUSSIANS_WITH_ELLIPSOIDAL_ON_ECLIPSE1",9,28.042927,0.7790558,0.005935929,0.24566732,0.036513653,0.49471378,0.020307068,0.28622878,0.0051437113,0.2344481,0.04224697,0.40183398,0.019192114
375316653866487564,5959236547384568064,0.49012324,2200.243907037606,2.165797639654831,4.3862816E-5,18.395943,0.05679836,0.23461343,0.0059399484,0.099588744,0.020463211,0.22966595,0.05194102,0.7345756,0.008074795,0.1285811,0.02531029,0.2973185,0.0519139,null,null,null,null,"TWOGAUSSIANS",8,9.177774,0.7345756,0.008074795,0.4,0.0,0.24957724,0.012782727,0.23461343,0.0059982548,0.4,0.0,0.1822327,0.014677546
375316653866487564,5959236616103764608,0.4466976,2253.283008419062,0.9334361185744812,4.9633458E-5,19.179485,0.028106486,0.205175,0.016432304,0.08880499,0.017806096,0.18518566,0.034402166,0.747754,0.021432374,0.10180224,0.023915982,0.110935986,0.036985375,null,null,null,null,"TWOGAUSSIANS",8,2.830524,0.20516498,0.016429095,0.4,0.0,0.1803369,0.028643081,0.747754,0.021430068,0.4,0.0,0.10608289,0.026054885
375316653866487564,5959236680477574144,0.47640866,2215.485713523925,2.447672523544822,3.083543E-5,17.7547,0.012938415,0.26617438,0.01058003,0.10139537,0.015297935,0.14364132,0.013414104,0.7650923,0.01369868,0.07874288,0.0136668775,0.16182525,0.02992472,null,null,null,null,"TWOGAUSSIANS",8,7.539826,0.7650923,0.01369868,0.4,0.0,0.155572,0.02911989,0.26617438,0.01058003,0.4,0.0,0.13738658,0.009574442
375316653866487564,5959236719183365120,0.57704335,2199.817989729039,2.5543274910778604,1.2583073E-5,19.188198,0.0117291175,0.22033496,0.02969045,0.06151881,0.021286068,0.7393538,0.06638289,0.7257551,0.0020428414,0.06097461,0.0020582892,0.70333153,0.026679512,null,null,null,null,"TWOGAUSSIANS",8,4.682041,0.22033496,0.02969045,0.34450534,0.10317489,0.73906386,0.066255234,0.7257551,0.0020428414,0.3414578,0.01152642,0.7030417,0.026486326
375316653866487564,5959236753550376320,0.52915627,2220.396676617321,1.8418166460628898,3.7473983E-5,18.709356,0.02368491,0.22028868,0.009461182,0.0781089,0.014999946,0.41510507,0.058681224,0.7216627,0.01755697,0.08351344,0.016564397,0.38338238,0.056366734,null,null,null,null,"TWOGAUSSIANS",8,5.4471602,0.22028868,0.009461182,0.4,0.0,0.40862873,0.06471933,0.7216627,0.01755697,0.4,0.0,0.37690604,0.057723846
375316653866487564,5959237131500203520,0.52720875,2188.8186485262704,1.2444768591652842,1.7811764E-5,19.69217,0.016393263,0.31599382,0.0071922583,0.053283647,0.011028753,0.111310735,0.016414704,0.8207184,0.04175668,0.05146853,0.02072355,0.521395,0.4099102,null,null,null,null,"TWOGAUSSIANS",8,0.90021724,0.8207184,0.04175668,0.28822377,0.11605188,0.5213908,0.40988907,0.31599382,0.0071922583,0.29838842,0.061761014,0.111306466,0.01635938
375316653866487564,5959237131500230400,0.47283435,2238.320906541611,1.3666984433623044,3.8569568E-5,19.669975,0.029085122,0.27968135,0.0140371835,0.08805267,0.021032976,0.36923876,0.04429281,0.7543576,0.012386305,0.07787661,0.023063855,0.33225602,0.68998075,null,null,null,null,"TWOGAUSSIANS",8,3.486847,0.27968135,0.0140371835,0.4,0.0,0.36456686,0.04726007,0.7543576,0.012386305,0.4,0.074063905,0.3275843,0.69330823
375316653866487564,5959237200219474176,0.51324797,2254.1142461886243,1.916226205193658,2.321964E-5,19.116608,0.016967664,0.26962256,0.026468238,0.11217423,0.031456117,0.10619026,0.018909194,0.7916652,0.0040253038,0.073306,0.0071975654,0.24601844,0.016689057,null,null,null,null,"TWOGAUSSIANS",8,1.9774808,0.7916752,0.0040270174,0.4,0.003846333,0.24066159,0.011318918,0.26962256,0.026468238,0.4,0.0,0.100819185,0.01440788
375316653866487564,5959237853055685632,0.5426916,2218.0847801436817,0.39757599681254296,2.5297905E-4,17.887915,0.0086919,0.2979079,0.020166779,0.04087572,0.0114436,0.6626838,0.08549652,0.6130239,0.08462149,0.042164326,0.038362905,0.10908614,0.80177754,null,null,null,null,"TWOGAUSSIANS",8,18.79439,0.2979079,0.020166779,0.22890405,0.06408416,0.6626838,0.08549652,0.6130239,0.08462149,0.23612022,0.21483226,0.10908614,0.80177754
375316653866487564,5959238093574195840,0.5645582,2211.2112371826966,0.7759204594664232,1.3652226E-5,18.286491,0.012876799,0.14621153,0.0038555404,0.030686112,0.0036263645,0.5008319,0.020634014,0.64505625,0.0013238664,0.032004204,0.0013644451,0.46026963,0.017322863,null,null,null,null,"TWOGAUSSIANS",8,11.829305,0.14621153,0.0038555404,0.17184223,0.020307641,0.5008319,0.020634014,0.64505625,0.0013238664,0.17922354,0.007640892,0.46026963,0.017322863
375316653866487564,5959238192304088704,0.6564674,2237.0764876224334,2.9835922421813605,9.531155E-6,13.857677,0.035513308,0.2531927,0.0028158443,0.0627894,0.0063943285,0.42332706,0.073421486,0.7497455,0.009404992,0.04930822,0.010694873,0.428749,0.09237339,0.08285123,0.03839873,0.2531927,0.0028158443,"TWOGAUSSIANS_WITH_ELLIPSOIDAL_ON_ECLIPSE1",9,229.42616,0.74998546,0.008958995,0.27612606,0.059891287,0.5942272,0.02311245,0.2531927,0.0028158443,0.35162064,0.03580824,0.5888777,0.011803174
375316653866487564,5959238265372526592,0.5112784,2231.6550885460065,2.501708420641348,3.536178E-5,17.635824,1.0175683,0.28717977,0.0055700047,0.2718176,0.2154286,0.8941827,1.0032847,0.7682545,0.029081263,0.1284534,0.071690835,0.7182999,0.4286243,null,null,null,null,"TWOGAUSSIANS",8,4.734336,0.7682545,0.029081263,0.4,0.09102027,0.36968848,0.02441728,0.28829977,0.005160493,0.4,0.0,0.21719916,0.057682227
375316653866487564,5959238334092197888,0.46977964,2208.842369110347,2.411875995381928,5.364809E-5,19.367094,0.004647815,null,null,null,null,null,null,null,null,null,null,null,null,0.07637367,0.007071299,0.25071767,0.006812013,"ELLIPSOIDAL",4,2.1772819,null,null,null,null,null,null,null,null,null,null,null,null
375316653866487564,5959238815125400704,0.53154373,2221.0894066034025,2.2750942116845745,9.194678E-6,18.27003,0.012272153,0.2706741,0.007350495,0.069464885,0.007758115,0.53053045,0.033334363,0.75550526,0.009356707,0.07688794,0.010472554,0.38078701,0.032563552,null,null,null,null,"TWOGAUSSIANS",8,13.730275,0.2706741,0.007350495,0.38900334,0.04006928,0.52871895,0.033607353,0.75550526,0.009356707,0.4,0.007992549,0.3789755,0.0333225
375316653866487564,5959238849485140864,0.5115452,2210.0230715633893,0.044523283636228664,6.3734983E-6,19.700325,0.017747216,0.48396456,0.01900162,0.11002178,0.019524563,0.20015456,0.017741451,0.84665227,0.0023689978,0.035556324,0.003706382,1.3155316,0.5364413,null,null,null,null,"TWOGAUSSIANS",8,0.9285557,0.84665227,0.0023689978,0.19911541,0.020755738,1.3163681,0.53621453,0.48396456,0.01900162,0.4,0.0,0.2001167,0.017729037
375316653866487564,5959239021284615552,0.5129755,2216.803910033464,0.06579809912442375,2.7012402E-5,18.892035,0.004955153,0.19390585,0.022322847,0.009251752,0.004188016,3.1169906,97.387215,0.5311301,0.030142026,0.08718974,0.03548177,0.09491953,0.039238963,null,null,null,null,"TWOGAUSSIANS",8,1.5818423,0.19390585,0.022322847,0.05180981,0.02345289,3.1170442,97.38716,0.5311301,0.030142026,0.4,0.028408369,0.09491952,0.039243087
375316653866487564,5959239124367687680,0.47722986,2239.6615276342186,1.5303209920351615,4.499722E-5,19.879543,0.010348941,0.21503118,0.010041084,0.061987534,0.015232305,0.17124327,0.046437513,0.69441503,0.005707667,0.056973606,0.009323353,0.22573873,0.020092156,null,null,null,null,"TWOGAUSSIANS",8,1.4346255,0.69441503,0.005707667,0.3190522,0.052210778,0.22571166,0.020113932,0.21503118,0.010041084,0.34713018,0.08530091,0.17121619,0.04647774
375316653866487564,5959239158723456384,0.50905675,2265.1608996250175,3.854416584190154,5.028817E-5,19.047182,0.040264003,0.2608854,0.019376619,0.08372011,0.015785374,0.6124537,0.103884704,0.77841383,0.023727959,0.06749894,0.017379701,0.85648566,0.2060655,null,null,null,null,"TWOGAUSSIANS",8,17.194498,0.77841383,0.023727959,0.37799406,0.08535306,0.8524514,0.20628808,0.2608854,0.019376619,0.4,0.0,0.60841936,0.10150302
375316653866487564,5959239223096122240,0.62646955,2254.617702150178,2.639385574224331,1.0196687E-5,16.873093,0.011723328,0.19422802,0.0022937406,0.08101168,0.004224306,0.5328237,0.026612788,0.6863441,0.0033780248,0.082518496,0.004237581,0.51310444,0.01746747,null,null,null,null,"TWOGAUSSIANS",8,15.692377,0.19422802,0.0022937406,0.4,0.0,0.524414,0.026435504,0.6863441,0.0033780248,0.4,0.0,0.50469476,0.016403176
375316653866487564,5959239532335945600,0.5851693,2248.3683450922695,1.4585458253145103,1.0288977E-5,17.514845,0.01320019,0.30556387,0.0032728293,0.08208542,0.006325453,0.4667246,0.017382396,0.8070426,0.002832985,0.08761665,0.005525634,0.26937884,0.012541911,null,null,null,null,"TWOGAUSSIANS",8,5.6227584,0.30556387,0.0032728293,0.4,0.0,0.4578566,0.018263247,0.8070426,0.002832985,0.4,0.0,0.26051077,0.009002214
375316653866487564,5959240258236125056,0.59160423,2194.417240717428,2.401272862799344,9.983714E-6,19.235634,0.014066777,0.15728636,0.0031787825,0.074644044,0.004013041,0.531525,0.015891448,0.65795636,0.0034428455,0.0741375,0.0050772564,0.5051882,0.060141362,null,null,null,null,"TWOGAUSSIANS",8,1.7712642,0.15728636,0.0031787825,0.4,0.0,0.5279225,0.014982579,0.65795636,0.0034428455,0.4,0.006074186,0.5015857,0.060949035
375316653866487564,5959240391323554816,0.58701074,2247.191694299503,0.8067535982679356,1.2668302E-5,12.355277,9.516901E-4,0.25372097,0.00423995,0.02802639,0.0038666055,0.080761805,0.0034724027,0.7590153,7.373523E-4,0.02317874,0.0015491464,0.08764582,0.0025642882,0.006224206,0.001497836,0.25372097,0.00423995,"TWOGAUSSIANS_WITH_ELLIPSOIDAL_ON_ECLIPSE1",9,25.828098,0.7590153,7.373523E-4,0.12980095,0.0086752195,0.10008044,9.776193E-4,0.25372097,0.00423995,0.15694779,0.021652991,0.09321019,0.002949703
375316653866487564,5959240430034668544,0.5390364,2255.454904657645,4.153485450899307,3.9853134E-5,19.747612,0.01918803,0.21960975,0.006755153,0.076417096,0.006896848,0.6975488,0.061944906,0.7315813,0.009784393,0.0799164,0.01099529,0.5508262,0.10319802,null,null,null,null,"TWOGAUSSIANS",8,3.2378612,0.21960975,0.006755153,0.4,0.0,0.69175744,0.06292584,0.7315813,0.009784393,0.4,0.0,0.5450349,0.10482734
