Gaia/vari_eclipsing_binary/VariEclipsingBinary_040555-040907.csv
# %ECSV 1.0
# ---
# delimiter: ','
# meta: !!omap
# - RELEASE: Gaia DR3
# - TABLE: vari_eclipsing_binary
# - DESCRIPTION: >
#     This table describes the properties of the eclipsing binaries resulting from the variability analysis. 
# - CITATION: >
#     How to cite and acknowledge Gaia: 
#     https://gea.esac.esa.int/archive/documentation/credits.html 
# - KNOWN_ISSUES: >
#     Known issues: 
#     https://www.cosmos.esa.int/web/gaia-users/known-issues 
# - DOCUMENTATION: >
#     Tutorials and documentation: 
#     https://www.cosmos.esa.int/web/gaia-users/archive 
# datatype:
# - 
#   name: solution_id
#   datatype: int64
#   description: Solution Identifier
#   meta:
#     ucd: meta.version
# - 
#   name: source_id
#   datatype: int64
#   description: Unique source identifier
#   meta:
#     ucd: meta.id;meta.main
# - 
#   name: global_ranking
#   datatype: float32
#   description: Number between 0 (worst) and 1 (best)
#   meta:
#     ucd: stat.param
# - 
#   name: reference_time
#   datatype: float64
#   unit: d
#   description: Reference time used for the geometric model fit
#   meta:
#     ucd: time.epoch
# - 
#   name: frequency
#   datatype: float64
#   unit: d**-1
#   description: Frequency of geometric model of the eclipsing binary light curve
#   meta:
#     ucd: src.orbital
# - 
#   name: frequency_error
#   datatype: float32
#   unit: d**-1
#   description: "Uncertainty of \\texttt{frequency}"
#   meta:
#     ucd: stat.error
# - 
#   name: geom_model_reference_level
#   datatype: float32
#   unit: mag
#   description: Magnitude reference level of geometric model
#   meta:
#     ucd: phot.mag;em.opt
# - 
#   name: geom_model_reference_level_error
#   datatype: float32
#   unit: mag
#   description: "Uncertainty of \\texttt{geomModelReferenceLevel}"
#   meta:
#     ucd: stat.error;phot.mag;em.opt
# - 
#   name: geom_model_gaussian1_phase
#   datatype: float32
#   description: Phase of the Gaussian 1 component
#   meta:
#     ucd: time.phase
# - 
#   name: geom_model_gaussian1_phase_error
#   datatype: float32
#   description: "Uncertainty of \\texttt{geomModelGaussian1Phase}"
#   meta:
#     ucd: stat.error;time.phase
# - 
#   name: geom_model_gaussian1_sigma
#   datatype: float32
#   description: "Standard deviation [phase] of Gaussian 1 component"
#   meta:
#     ucd: stat.stdev
# - 
#   name: geom_model_gaussian1_sigma_error
#   datatype: float32
#   description: "Uncertainty of \\texttt{geomModelGaussian1Sigma}"
#   meta:
#     ucd: stat.error
# - 
#   name: geom_model_gaussian1_depth
#   datatype: float32
#   unit: mag
#   description: Magnitude depth of Gaussian 1 component
#   meta:
#     ucd: src.var.amplitude
# - 
#   name: geom_model_gaussian1_depth_error
#   datatype: float32
#   unit: mag
#   description: "Uncertainty of \\texttt{geomModelGaussian1Depth}"
#   meta:
#     ucd: stat.error;src.var.amplitude
# - 
#   name: geom_model_gaussian2_phase
#   datatype: float32
#   description: Phase of Gaussian 2 component
#   meta:
#     ucd: time.phase
# - 
#   name: geom_model_gaussian2_phase_error
#   datatype: float32
#   description: "Uncertainty of \\texttt{geomModelGaussian2Phase}"
#   meta:
#     ucd: stat.error;time.phase
# - 
#   name: geom_model_gaussian2_sigma
#   datatype: float32
[...]
#   datatype: float32
#   description: "Secondary eclipse: uncertainty of \\texttt{derivedSecondaryEclDuration}"
#   meta:
#     ucd: stat.error;time.duration
# - 
#   name: derived_secondary_ecl_depth
#   datatype: float32
#   unit: mag
#   description: "Secondary eclipse: depth"
#   meta:
#     ucd: src.var.amplitude
# - 
#   name: derived_secondary_ecl_depth_error
#   datatype: float32
#   unit: mag
#   description: "Secondary eclipse: uncertainty of \\texttt{derivedSecondaryEclDepth}"
#   meta:
#     ucd: stat.error;src.var.amplitude
solution_id,source_id,global_ranking,reference_time,frequency,frequency_error,geom_model_reference_level,geom_model_reference_level_error,geom_model_gaussian1_phase,geom_model_gaussian1_phase_error,geom_model_gaussian1_sigma,geom_model_gaussian1_sigma_error,geom_model_gaussian1_depth,geom_model_gaussian1_depth_error,geom_model_gaussian2_phase,geom_model_gaussian2_phase_error,geom_model_gaussian2_sigma,geom_model_gaussian2_sigma_error,geom_model_gaussian2_depth,geom_model_gaussian2_depth_error,geom_model_cosine_half_period_amplitude,geom_model_cosine_half_period_amplitude_error,geom_model_cosine_half_period_phase,geom_model_cosine_half_period_phase_error,model_type,num_model_parameters,reduced_chi2,derived_primary_ecl_phase,derived_primary_ecl_phase_error,derived_primary_ecl_duration,derived_primary_ecl_duration_error,derived_primary_ecl_depth,derived_primary_ecl_depth_error,derived_secondary_ecl_phase,derived_secondary_ecl_phase_error,derived_secondary_ecl_duration,derived_secondary_ecl_duration_error,derived_secondary_ecl_depth,derived_secondary_ecl_depth_error
[from data line 147]
375316653866487564,357528853136828928,0.56621116,2218.5377590737216,2.391890840047246,8.962865E-6,14.78862,0.0068018124,0.16456664,0.0018114015,0.05074863,0.007922349,0.06666014,0.014370445,0.67259103,0.0044411253,0.068723574,0.0074783997,0.09172464,0.015899936,0.031443126,0.008692629,0.16456664,0.0018114015,"TWOGAUSSIANS_WITH_ELLIPSOIDAL_ON_ECLIPSE1",9,25.313028,0.67259103,0.0044411253,0.384852,0.03788456,0.15437263,0.009501391,0.16456664,0.0018114015,0.28419232,0.04436515,0.12946786,0.004953924
375316653866487564,357535583347714816,0.594669,2210.2047710957177,2.5051631621556236,6.376402E-6,15.017924,0.013693695,0.27401483,0.0018083155,0.11524366,0.008683845,0.20673817,0.010330358,0.7621941,0.0018011493,0.10496797,0.006946058,0.1893776,0.012578284,null,null,null,null,"TWOGAUSSIANS",8,14.2106,0.2740248,0.0018096133,0.4,0.0,0.18014845,0.008808983,0.7621941,0.0018011493,0.4,0.0,0.1628198,0.003884644
375316653866487564,357535999962364672,0.62898046,2217.946561132626,3.76504708853135,3.8847847E-6,15.8889675,0.0059687532,0.2441797,0.001013248,0.044733748,0.0020005738,0.29342148,0.014327582,0.7484198,0.0013685538,0.042920165,0.0038922548,0.2407105,0.019291176,0.098694935,0.0075788824,0.7484198,0.0013685538,"TWOGAUSSIANS_WITH_ELLIPSOIDAL_ON_ECLIPSE2",9,27.481527,0.24458969,8.758159E-4,0.25050896,0.011203214,0.49068463,0.01058869,0.7484198,0.0013685538,0.24035293,0.021796627,0.43810028,0.022716133
375316653866487564,357541355784784000,0.4966543,2196.202700320413,1.690685369853912,1.642557E-5,18.285845,0.004589372,0.32028446,0.010982427,0.03318371,0.0073372014,0.373095,0.03264104,0.8424875,0.002472011,0.027079012,0.0022329444,0.20269473,0.022412812,null,null,null,null,"TWOGAUSSIANS",8,5.445516,0.32028446,0.010982427,0.18582878,0.041088328,0.373095,0.03264104,0.8424875,0.002472011,0.15164247,0.012504488,0.20269473,0.022412812
375316653866487564,357541699382804864,0.47484878,2240.2549861837224,1.7069247920809003,2.760368E-5,19.483494,0.0075872596,0.86377394,0.0022084366,0.0124548925,0.0031088945,0.3620291,0.21889888,0.76004064,0.008656668,0.024840768,0.0055391644,0.65055907,0.34700704,null,null,null,null,"TWOGAUSSIANS",8,2.1143367,0.76004064,0.008656668,0.13910832,0.031019323,0.65055907,0.34700704,0.8637639,0.0021949608,0.069747396,0.017409809,0.36213547,0.2191329
375316653866487564,357545547672076928,0.5902064,2168.719948150747,1.7105076392591962,8.801786E-6,17.361565,0.00908059,0.24018756,0.0040315166,0.096406415,0.0072266506,0.19952737,0.008213526,0.7257031,0.0032982863,0.08865716,0.004649717,0.33768973,0.012106489,null,null,null,null,"TWOGAUSSIANS",8,4.527264,0.7257031,0.0032982863,0.4,0.0,0.3270025,0.011254162,0.24018756,0.0040315166,0.4,0.0,0.1888395,0.006197848
375316653866487564,357573894456935040,0.6522227,2210.2115155822,4.234583672078481,6.2980216E-6,18.006191,0.010294891,0.2663819,0.0016907695,0.052687645,0.003354744,0.41722974,0.02138676,0.7712244,0.0022792646,0.0514397,0.003974229,0.38919407,0.02388594,0.082229964,0.012398285,0.2663819,0.0016907695,"TWOGAUSSIANS_WITH_ELLIPSOIDAL_ON_ECLIPSE1",9,3.2531018,0.2663819,0.0016907695,0.29505083,0.018786566,0.5816824,0.008523821,0.7712244,0.0022792646,0.2880623,0.022255683,0.5534945,0.01928522
375316653866487564,357577403446866432,0.47286466,2185.649767462997,3.096780833449213,5.9979968E-5,14.690038,0.41723856,0.17392942,0.009794851,0.15999782,0.07538589,0.37345567,0.31201714,0.67007273,0.022317465,0.24706925,0.17120819,0.48951483,0.41074905,null,null,null,null,"TWOGAUSSIANS",8,89.48457,0.17694943,0.009835659,0.4,0.0,0.096079014,0.009891766,0.67007273,0.022317465,0.4,0.0,0.09167485,0.010267647
375316653866487564,357583446464051328,0.5834941,2185.248972806054,1.9348387987493731,1.5195105E-5,18.03482,0.0031849938,0.24313542,0.0020747045,0.07633771,0.0027262256,0.2616862,0.0061049364,0.7397219,0.0067902612,0.08463831,0.007811561,0.14087111,0.016785732,null,null,null,null,"TWOGAUSSIANS",8,1.651007,0.24313542,0.0020747045,0.4,0.0,0.258868,0.0062289643,0.7397219,0.0067902612,0.4,0.0,0.1380529,0.017761473
375316653866487564,357585851645939840,0.66056585,2206.6933790175926,2.6588082149256436,5.17398E-6,17.799511,0.012217715,0.28668985,0.0015812734,0.049620688,0.003534554,0.3537014,0.027795376,0.7810974,0.0055628177,0.052450456,0.006987346,0.29185522,0.026059326,0.16252086,0.015649404,0.28668985,0.0015812734,"TWOGAUSSIANS_WITH_ELLIPSOIDAL_ON_ECLIPSE1",9,3.2481308,0.28668985,0.0015812734,0.27787587,0.019793503,0.6787385,0.00866684,0.7821874,0.0044472343,0.29372254,0.039129138,0.6165692,0.012539067
375316653866487564,357590460147584128,0.63950527,2220.5632076404154,0.349645445134754,8.124747E-6,15.461313,0.004849165,0.22285092,0.0033018694,0.050486743,0.0051184464,0.08959954,0.014030255,0.7174321,0.0033016682,0.043511838,0.0036129775,0.49979076,0.1011404,0.019632393,0.00593693,0.22285092,0.0033018694,"TWOGAUSSIANS_WITH_ELLIPSOIDAL_ON_ECLIPSE1",9,10.582584,0.7174921,0.0032631438,0.24366629,0.020232674,0.5390101,0.10501855,0.22285092,0.0033018694,0.28272575,0.0286633,0.12886386,0.009854617
375316653866487564,357592109415039744,0.522678,2222.6901750177003,0.8796022777433552,4.6381712E-5,13.553522,7.3178095E-4,0.7297346,0.026257796,0.039721362,0.008162636,0.21611473,0.112181455,null,null,null,null,null,null,null,null,null,null,"ONEGAUSSIAN",5,63.03934,0.7297346,0.026257796,0.22243962,0.045710765,0.21611473,0.0,null,null,null,null,null,null
375316653866487564,357593101550869248,0.51123905,2220.2418139099605,3.326944146233186,2.7949312E-5,19.134226,0.0048102806,0.29514292,0.0058982796,0.049034413,0.005038476,0.29211554,0.032481164,0.76555216,0.0025296751,0.05298475,0.0061191726,0.188892,0.04321341,null,null,null,null,"TWOGAUSSIANS",8,1.657962,0.29514292,0.0058982796,0.2745927,0.028215466,0.29211488,0.032481633,0.76555216,0.0025296751,0.2967146,0.034267366,0.18889135,0.043214962
375316653866487564,357598088006861312,0.49711865,2198.090167626547,4.259894395609814,2.4429097E-5,18.69277,0.024451125,0.28923953,0.004607306,0.085552216,0.009039173,0.2792676,0.023657326,0.78266037,0.0045445734,0.10194911,0.010225406,0.32176256,0.023791673,null,null,null,null,"TWOGAUSSIANS",8,4.773983,0.78266037,0.0045445734,0.4,0.0,0.30613807,0.016702,0.28923953,0.004607306,0.4,0.0,0.2636471,0.015041459
375316653866487564,357601313528333440,0.46223956,2204.61808329462,3.515244695306279,1.8444614E-5,19.341084,0.8019175,0.3013307,0.011931992,0.21162271,0.1670915,0.5220846,0.7924464,0.79046565,0.00818511,0.13037878,0.028865026,0.5410818,0.43399972,null,null,null,null,"TWOGAUSSIANS",8,1.8275436,0.79046565,0.00818511,0.4,0.0,0.2746202,0.020765955,0.3018807,0.011463677,0.4,0.0,0.19191916,0.023508342
375316653866487564,357601695782458240,0.6260445,2211.1006213218147,0.6047909386475979,1.419527E-4,12.002203,5.2254915E-4,0.34404078,0.012506534,0.032949265,0.0053485283,0.18747164,0.06826209,0.5369961,0.0131374225,0.01684714,0.0131340325,0.013997769,0.0090412805,null,null,null,null,"TWOGAUSSIANS",8,14.221735,0.34404078,0.012506534,0.1845159,0.029951757,0.18747164,0.06826209,0.5369961,0.0131374225,0.09434398,0.07355058,0.0139977755,0.0090412665
375316653866487564,357604719438824832,0.582386,2224.5333597807667,0.6846420912030663,2.1206306E-5,14.545624,0.0033618275,0.37144643,0.0053363363,0.02322559,0.006208307,0.46588245,0.06905647,0.77690876,0.011499914,0.013816882,0.0044446946,0.07943971,0.09182401,0.0045400984,0.0058774403,0.37144643,0.0053363363,"TWOGAUSSIANS_WITH_ELLIPSOIDAL_ON_ECLIPSE1",9,117.73119,0.37144643,0.0053363363,0.1300633,0.03476652,0.47496262,0.071933,0.77703875,0.011412874,0.07737454,0.02489029,0.08567897,0.09176057
375316653866487564,357618287240400384,0.43732274,2235.7238563198252,2.5110460521497795,9.1848364E-5,18.20184,0.00881294,0.1848975,0.017941935,0.070277706,0.02310409,0.121166155,0.021189874,0.62863535,0.013343263,0.032844484,0.013538238,0.044549026,0.010059645,null,null,null,null,"TWOGAUSSIANS",8,11.690952,0.1848975,0.017941935,0.39355516,0.07848246,0.12116608,0.02119001,0.62863535,0.013343263,0.18392912,0.07581413,0.044548944,0.0100588305
375316653866487564,357622139826744960,0.6584452,2234.49129306557,0.39929129195317836,2.9341631E-6,14.445576,0.0014932756,0.17842934,6.088368E-4,0.019560901,0.0020487874,0.40649277,0.011229126,0.6811991,0.007281434,0.017665239,0.0071069365,0.16672325,0.052626636,0.00268454,0.002902729,0.17842934,6.088368E-4,"TWOGAUSSIANS_WITH_ELLIPSOIDAL_ON_ECLIPSE1",9,30.2786,0.17842934,6.088368E-4,0.10954105,0.01147321,0.41186184,0.014137363,0.6811991,0.007281434,0.098925345,0.039798845,0.17209071,0.054992765
375316653866487564,357622449062088320,0.5089819,2251.8903840057083,2.5155748259865978,3.000294E-5,19.523808,0.0070241704,0.24226502,0.036014713,0.035463504,0.030542642,0.29060847,0.7231284,0.75053656,0.007863628,0.037129126,0.007680731,0.67853004,0.21277843,null,null,null,null,"TWOGAUSSIANS",8,3.4519863,0.75053656,0.007863628,0.2079231,0.043012094,0.67853004,0.21277845,0.24226502,0.036014713,0.19859563,0.17103879,0.29060847,0.7231285
375316653866487564,357628530738069504,0.53015864,2237.571759601573,2.825923499040211,1.45434215E-5,14.767584,0.0066536046,0.26105946,0.0051723244,0.04809191,0.012393611,0.08013071,0.0154147735,0.78901494,0.024577675,0.038627192,0.027023897,0.08527711,0.1569991,0.09625492,0.009699982,0.26105946,0.0051723244,"TWOGAUSSIANS_WITH_ELLIPSOIDAL_ON_ECLIPSE1",9,285.56375,0.26105946,0.0051723244,0.2693147,0.06940422,0.2726404,0.009234203,0.78901494,0.024577675,0.21631229,0.15133382,0.27190822,0.15590271
375316653866487564,357629900831505280,0.56063795,2251.1679859388682,0.4306967481685333,1.7125034E-5,16.585653,0.0021032616,0.30894583,0.0016601566,0.009044639,0.0020089156,0.3244578,0.03349302,0.80798227,0.002380042,0.015520803,0.0023529371,0.16816561,0.119805105,null,null,null,null,"TWOGAUSSIANS",8,12.166572,0.30894583,0.0016601566,0.05064998,0.011249927,0.3244578,0.03349302,0.80798227,0.002380042,0.08691649,0.013176448,0.16816561,0.119805105
375316653866487564,357633306742626688,0.55576336,2246.919035236334,2.7553033225526398,7.2210155E-6,13.653313,0.0013322261,0.22798261,0.0020224976,0.03135001,0.006013969,0.021371607,0.0038104993,0.7349198,0.006741859,0.015767131,0.028299915,0.02801331,0.009054526,0.041520048,0.0019993444,0.22798261,0.0020224976,"TWOGAUSSIANS_WITH_ELLIPSOIDAL_ON_ECLIPSE1",9,12.86234,0.7349198,0.006741859,0.08829593,0.15847953,0.11089574,0.011630495,0.22798261,0.0020224976,0.17556004,0.033678226,0.1044117,0.0031127394
375316653866487564,357645401370504960,0.5067646,2210.405178495262,1.2378061166517833,3.4100194E-5,17.069946,0.0052817683,0.34029552,0.04487156,0.110892564,0.03961337,0.06823735,0.03716069,0.5219705,0.004428783,0.007876917,0.00212241,1.1443057,0.92682284,null,null,null,null,"TWOGAUSSIANS",8,63.94354,0.5219705,0.004428783,0.044110734,0.011885497,1.1621323,0.92681414,0.34029552,0.04487156,0.4,0.0,0.0682321,0.03718114
375316653866487564,357650898927895936,0.44847447,2323.4527856613863,4.983584924828119,8.8342E-5,16.962109,0.012311297,0.284282,0.010610833,0.096090235,0.02770731,0.08376709,0.019715495,0.8023009,0.012362474,0.08669441,0.015970474,0.08316704,0.018441113,null,null,null,null,"TWOGAUSSIANS",8,7.6314425,0.284282,0.010610833,0.4,0.0,0.08076162,0.021493189,0.8023009,0.012365995,0.4,0.0,0.08016188,0.016376015
375316653866487564,357652513833458432,0.583525,2242.90331780013,4.157641958806727,1.563468E-5,18.827206,0.006459167,0.23074566,0.003163487,0.079662375,0.004488259,0.50087,0.03531802,0.741679,0.0015095479,0.07280612,0.0018206423,0.50695574,0.016256344,null,null,null,null,"TWOGAUSSIANS",8,2.2970128,0.741679,0.0015095479,0.4,0.0,0.50328916,0.016232222,0.23074566,0.003163487,0.4,0.0,0.49720332,0.036336135
375316653866487564,357653338469294592,0.56943333,2232.827791762386,2.475326264274993,5.94718E-6,16.084986,0.0013309016,0.3074379,0.0055034272,0.06888651,0.0071759573,0.037615724,0.0050474796,0.82018507,0.0017025559,0.013076256,0.02133296,0.012063973,0.0050378577,0.053259153,0.0015868709,0.82018507,0.0017025559,"TWOGAUSSIANS_WITH_ELLIPSOIDAL_ON_ECLIPSE2",9,2.9373913,0.31400788,0.002503087,0.38576445,0.03719285,0.1437768,0.0042449953,0.82018507,0.0017025559,0.07322703,0.11946458,0.11855613,0.0063645635
375316653866487564,357663298497628928,0.4880673,2281.498356835363,3.0811753528159205,5.0638828E-5,19.579927,0.003543425,0.2805438,0.0112433685,0.036455527,0.01535715,0.22609755,0.0984584,0.76209265,0.004870057,0.036419284,0.0031272303,0.34366482,0.09055042,null,null,null,null,"TWOGAUSSIANS",8,1.4940418,0.76209265,0.004870057,0.20394799,0.01751249,0.34366482,0.09055042,0.2805438,0.0112433685,0.20415094,0.08600004,0.22609755,0.0984584
375316653866487564,357670793216339456,0.5466119,2206.582573216567,3.278484489323238,7.526166E-6,17.850353,0.0025413907,0.2356327,0.0016526701,0.039305355,0.003492782,0.09005756,0.008325994,0.7543572,0.00812659,0.0321696,0.019907024,0.07175341,0.01040423,0.064045876,0.006776913,0.2356327,0.0016526701,"TWOGAUSSIANS_WITH_ELLIPSOIDAL_ON_ECLIPSE1",9,4.4749846,0.2356327,0.0016526701,0.22010998,0.019559579,0.2181492,0.007783095,0.7543572,0.00812659,0.18014976,0.111479335,0.19808024,0.008442845
375316653866487564,357671441753617024,0.49844787,2204.8144513043676,3.325750074990626,1.3998912E-5,17.62723,0.23943298,0.26085627,0.00791886,0.12569152,0.052481644,0.1652417,0.21713576,0.7537367,0.0055066952,0.14014569,0.06462554,0.18311067,0.23340875,null,null,null,null,"TWOGAUSSIANS",8,5.0911055,0.7537367,0.0055066952,0.4,0.0,0.12676592,0.0066675316,0.26112628,0.0076379133,0.4,0.0,0.10941357,0.008931765
375316653866487564,357671854070578176,0.49532,2174.542358657485,1.9450724627924947,1.2285875E-5,18.878696,0.0059068524,0.056319505,0.018719122,0.026386831,0.08904715,0.034821395,0.029362902,0.5325165,0.0015167133,0.0074901115,0.001471904,0.9055023,1.939561,null,null,null,null,"TWOGAUSSIANS",8,2.1712956,0.5325165,0.0015167133,0.041944627,0.008242662,0.9055023,1.939561,0.056319505,0.018719122,0.14776626,0.32112753,0.034821395,0.029363805
375316653866487564,357676050256298880,0.5522528,2212.0967095901983,3.3374594107818663,1.0143325E-5,15.538493,0.08547582,0.23108992,0.0013286909,0.22172487,0.014915611,0.8778676,0.078701615,0.7285294,0.0015684834,0.17929487,0.0094562955,0.8090057,0.085116655,null,null,null,null,"TWOGAUSSIANS",8,7.8360395,0.7285294,0.0015684834,0.4,0.0,0.17930232,0.0030118083,0.23273993,0.0015652095,0.4,0.0,0.14325753,0.003449689
375316653866487564,357682303728656000,0.5953021,2209.2288829711756,2.8579952258606087,8.050105E-6,14.460052,0.0044048447,0.23152918,0.003963672,0.08757516,0.004821624,0.1974928,0.006438797,0.72901505,0.0020557796,0.09436509,0.0029615571,0.21359459,0.0045449603,null,null,null,null,"TWOGAUSSIANS",8,44.859974,0.72901505,0.0020557796,0.4,0.0,0.20452812,0.0030076886,0.23152918,0.003963672,0.4,0.0,0.18842666,0.005742779
375316653866487564,357685705342694272,0.48955604,2255.3984133717518,1.2089092262582168,2.3706363E-5,16.721735,0.013489758,0.2496909,0.005064359,0.10999198,0.0230292,0.05530022,0.01253177,0.76971084,0.008425803,0.10772044,0.028113373,0.0608245,0.011338314,null,null,null,null,"TWOGAUSSIANS",8,2.887261,0.76973087,0.008416266,0.4,0.0,0.054143276,0.0033238153,0.24967091,0.0050483714,0.4,0.0,0.048617672,0.0036453283
