Gaia/vari_eclipsing_binary/VariEclipsingBinary_604013-604086.csv
# %ECSV 1.0
# ---
# delimiter: ','
# meta: !!omap
# - RELEASE: Gaia DR3
# - TABLE: vari_eclipsing_binary
# - DESCRIPTION: >
#     This table describes the properties of the eclipsing binaries resulting from the variability analysis. 
# - CITATION: >
#     How to cite and acknowledge Gaia: 
#     https://gea.esac.esa.int/archive/documentation/credits.html 
# - KNOWN_ISSUES: >
#     Known issues: 
#     https://www.cosmos.esa.int/web/gaia-users/known-issues 
# - DOCUMENTATION: >
#     Tutorials and documentation: 
#     https://www.cosmos.esa.int/web/gaia-users/archive 
# datatype:
# - 
#   name: solution_id
#   datatype: int64
#   description: Solution Identifier
#   meta:
#     ucd: meta.version
# - 
#   name: source_id
#   datatype: int64
#   description: Unique source identifier
#   meta:
#     ucd: meta.id;meta.main
# - 
#   name: global_ranking
#   datatype: float32
#   description: Number between 0 (worst) and 1 (best)
#   meta:
#     ucd: stat.param
# - 
#   name: reference_time
#   datatype: float64
#   unit: d
#   description: Reference time used for the geometric model fit
#   meta:
#     ucd: time.epoch
# - 
#   name: frequency
#   datatype: float64
#   unit: d**-1
#   description: Frequency of geometric model of the eclipsing binary light curve
#   meta:
#     ucd: src.orbital
# - 
#   name: frequency_error
#   datatype: float32
#   unit: d**-1
#   description: "Uncertainty of \\texttt{frequency}"
#   meta:
#     ucd: stat.error
# - 
#   name: geom_model_reference_level
#   datatype: float32
#   unit: mag
#   description: Magnitude reference level of geometric model
#   meta:
#     ucd: phot.mag;em.opt
# - 
#   name: geom_model_reference_level_error
#   datatype: float32
#   unit: mag
#   description: "Uncertainty of \\texttt{geomModelReferenceLevel}"
#   meta:
#     ucd: stat.error;phot.mag;em.opt
# - 
#   name: geom_model_gaussian1_phase
#   datatype: float32
#   description: Phase of the Gaussian 1 component
#   meta:
#     ucd: time.phase
# - 
#   name: geom_model_gaussian1_phase_error
#   datatype: float32
#   description: "Uncertainty of \\texttt{geomModelGaussian1Phase}"
#   meta:
#     ucd: stat.error;time.phase
# - 
#   name: geom_model_gaussian1_sigma
#   datatype: float32
#   description: "Standard deviation [phase] of Gaussian 1 component"
#   meta:
#     ucd: stat.stdev
# - 
#   name: geom_model_gaussian1_sigma_error
#   datatype: float32
#   description: "Uncertainty of \\texttt{geomModelGaussian1Sigma}"
#   meta:
#     ucd: stat.error
# - 
#   name: geom_model_gaussian1_depth
#   datatype: float32
#   unit: mag
#   description: Magnitude depth of Gaussian 1 component
#   meta:
#     ucd: src.var.amplitude
# - 
#   name: geom_model_gaussian1_depth_error
#   datatype: float32
#   unit: mag
#   description: "Uncertainty of \\texttt{geomModelGaussian1Depth}"
#   meta:
#     ucd: stat.error;src.var.amplitude
# - 
#   name: geom_model_gaussian2_phase
#   datatype: float32
#   description: Phase of Gaussian 2 component
#   meta:
#     ucd: time.phase
# - 
#   name: geom_model_gaussian2_phase_error
#   datatype: float32
#   description: "Uncertainty of \\texttt{geomModelGaussian2Phase}"
#   meta:
#     ucd: stat.error;time.phase
# - 
#   name: geom_model_gaussian2_sigma
#   datatype: float32
[...]
#   datatype: float32
#   description: "Secondary eclipse: uncertainty of \\texttt{derivedSecondaryEclDuration}"
#   meta:
#     ucd: stat.error;time.duration
# - 
#   name: derived_secondary_ecl_depth
#   datatype: float32
#   unit: mag
#   description: "Secondary eclipse: depth"
#   meta:
#     ucd: src.var.amplitude
# - 
#   name: derived_secondary_ecl_depth_error
#   datatype: float32
#   unit: mag
#   description: "Secondary eclipse: uncertainty of \\texttt{derivedSecondaryEclDepth}"
#   meta:
#     ucd: stat.error;src.var.amplitude
solution_id,source_id,global_ranking,reference_time,frequency,frequency_error,geom_model_reference_level,geom_model_reference_level_error,geom_model_gaussian1_phase,geom_model_gaussian1_phase_error,geom_model_gaussian1_sigma,geom_model_gaussian1_sigma_error,geom_model_gaussian1_depth,geom_model_gaussian1_depth_error,geom_model_gaussian2_phase,geom_model_gaussian2_phase_error,geom_model_gaussian2_sigma,geom_model_gaussian2_sigma_error,geom_model_gaussian2_depth,geom_model_gaussian2_depth_error,geom_model_cosine_half_period_amplitude,geom_model_cosine_half_period_amplitude_error,geom_model_cosine_half_period_phase,geom_model_cosine_half_period_phase_error,model_type,num_model_parameters,reduced_chi2,derived_primary_ecl_phase,derived_primary_ecl_phase_error,derived_primary_ecl_duration,derived_primary_ecl_duration_error,derived_primary_ecl_depth,derived_primary_ecl_depth_error,derived_secondary_ecl_phase,derived_secondary_ecl_phase_error,derived_secondary_ecl_duration,derived_secondary_ecl_duration_error,derived_secondary_ecl_depth,derived_secondary_ecl_depth_error
[from data line 826]
375316653866487564,5313574904009508992,0.554857,2130.8238254104926,0.08509375037252566,1.314154E-5,16.242628,0.0021306705,0.65183717,0.0010242509,0.0061088568,0.0010345737,0.44797233,0.10689313,0.8945185,0.0030332336,0.014342038,0.005923116,0.026630014,0.0049363594,0.005442738,0.0033926473,0.65183717,0.0010242509,"TWOGAUSSIANS_WITH_ELLIPSOIDAL_ON_ECLIPSE1",9,21.001226,0.65183717,0.0010242509,0.034209598,0.005793613,0.45885774,0.10775335,0.8945185,0.0030332336,0.08031542,0.03316945,0.026652934,0.00493552
375316653866487564,5313576759420251520,0.49820626,2116.824355963643,2.549793223806782,1.1555486E-5,18.658283,0.03512503,0.26830274,0.005646871,0.10001448,0.017021252,0.19222878,0.033205718,0.76629066,0.0089177955,0.1166373,0.021212975,0.1962276,0.034064233,null,null,null,null,"TWOGAUSSIANS",8,2.9648187,0.76629066,0.0089177955,0.4,0.0,0.16978797,0.018054973,0.26831272,0.0056649474,0.4,0.0,0.16582794,0.009021334
375316653866487564,5313577373607123328,0.426803,2093.8808923221945,2.4843187787455823,3.8952006E-5,18.276228,0.008818477,0.3350214,0.01253974,0.046243187,0.011234722,0.15908423,0.026602581,0.78984296,0.02257588,0.07609015,0.039488446,0.045842655,0.027518127,null,null,null,null,"TWOGAUSSIANS",8,17.215239,0.3350214,0.01253974,0.25896186,0.062914446,0.15907742,0.026605742,0.78984296,0.02257588,0.4,0.1598556,0.04583585,0.027535671
375316653866487564,5313577785921561728,0.5793318,2108.2335676082716,1.4855006697745956,4.1214325E-6,17.461426,0.0031595728,0.2765994,0.0017705839,0.0699634,0.00287286,0.14704624,0.003446976,0.7802236,0.0014811968,0.060860064,0.0015233044,0.32219726,0.006659677,null,null,null,null,"TWOGAUSSIANS",8,3.6574137,0.7802236,0.0014811968,0.34081638,0.008530504,0.32194343,0.0066523654,0.2765994,0.0017705839,0.39179504,0.016088016,0.14679243,0.0034171804
375316653866487564,5313581329282352384,0.6091273,2075.479087429745,3.6231266803692193,5.7912657E-6,17.860413,0.018141925,0.22749572,0.0010670484,0.04760894,0.0050653378,0.33359954,0.03202772,0.7203819,0.00311639,0.05685695,0.009336796,0.37935573,0.038854387,0.10178781,0.022056144,0.22749572,0.0010670484,"TWOGAUSSIANS_WITH_ELLIPSOIDAL_ON_ECLIPSE1",9,5.710179,0.7212419,0.0026358247,0.31839892,0.052286055,0.58255833,0.052654542,0.22749572,0.0010670484,0.26661006,0.028365891,0.5371597,0.016870221
375316653866487564,5313581501081065088,0.44257817,2092.4047832991205,3.0133208252761987,3.47838E-5,16.503761,0.121249296,0.22258154,0.015424241,0.3079042,0.049335632,0.2001285,0.11188572,0.75918037,0.00973115,0.036658414,0.011809779,0.06608843,0.056375716,null,null,null,null,"TWOGAUSSIANS",8,27.930151,0.22258154,0.015424241,0.4,0.0,0.08982245,0.009653694,0.7606003,0.01056806,0.20528711,0.066134766,0.062099513,0.058155756
375316653866487564,5313581702933557760,0.5612615,2084.3766655062886,2.9532823430726927,3.722382E-6,18.752918,0.009748841,0.24086472,0.002291458,0.07521926,0.0036691779,0.3788602,0.01630305,0.7394308,0.0015827228,0.073973574,0.0025953369,0.42693236,0.011769294,null,null,null,null,"TWOGAUSSIANS",8,1.9293352,0.7394308,0.0015827228,0.4,0.0,0.42409956,0.011320612,0.24086472,0.002291458,0.4,0.0,0.3760274,0.016327873
375316653866487564,5313581737299001344,0.5222938,2105.45079377905,0.32329482475380916,2.948004E-5,18.62411,0.0041204435,0.25226867,0.0070239296,0.02167345,0.0075441087,0.28523126,0.05839236,0.749035,0.002002542,0.020659536,0.0024440535,0.2358303,0.011142969,null,null,null,null,"TWOGAUSSIANS",8,3.5077848,0.25226867,0.0070239296,0.12137132,0.04224701,0.28523126,0.05839236,0.749035,0.002002542,0.115693405,0.013686701,0.2358303,0.011142969
375316653866487564,5313582360074507264,0.45935726,2086.9020162234397,3.212458419065744,3.7286693E-5,16.801409,0.001460134,0.26110002,0.009774238,0.0036382738,0.0055012517,0.029738847,0.11131823,0.5987203,0.0064914767,0.08367119,0.008196033,0.053312488,0.004780391,null,null,null,null,"TWOGAUSSIANS",8,4.007899,0.5987203,0.0064914767,0.4,0.0,0.053312488,0.0047803964,0.26110002,0.009774238,0.020374333,0.030807009,0.029754378,0.11131287
375316653866487564,5313582909830344320,0.7135728,2100.437836785119,0.31505760416554757,3.8047605E-5,14.476763,5.380361E-4,0.28599244,0.001623281,0.015278302,0.0013776063,0.647676,0.08722845,null,null,null,null,null,null,null,null,null,null,"ONEGAUSSIAN",5,8.088952,0.28599244,0.001623281,0.08555849,0.007714595,0.647676,0.0,null,null,null,null,null,null
375316653866487564,5313583455279878272,0.5776686,2154.690197301175,0.4575935186622546,4.082434E-6,17.931698,0.00260397,0.23741388,1.7773229E-4,0.012431454,2.1744636E-4,0.42796186,0.007046168,0.7380305,0.0045798454,0.013032923,0.0031846298,0.15031469,0.029767802,null,null,null,null,"TWOGAUSSIANS",8,3.1682065,0.23741388,1.7773229E-4,0.06961614,0.0012176996,0.42796186,0.007046168,0.7380305,0.0045798454,0.07298437,0.017833928,0.15031469,0.029767802
375316653866487564,5313583459585858688,0.5305884,2106.2111116490323,0.05292991551873961,9.859589E-7,17.588842,0.005158781,0.34377536,0.100329794,0.10613952,0.10761541,0.02028765,0.017605655,0.67034465,1.538496E-6,2.0462793E-4,2.072454E-6,0.55551106,0.0051358338,null,null,null,null,"TWOGAUSSIANS",8,8.645539,0.67034465,1.538496E-6,0.0011459164,1.1605743E-5,0.5556889,0.0059634843,0.34377536,0.100329794,0.4,0.066208325,0.020287033,0.017623888
375316653866487564,5313583833237305344,0.516452,2117.69816392954,0.10652000386802142,1.9561216E-5,18.725338,0.0028109457,0.09068494,0.0021666933,0.008475039,0.001853009,0.26839015,0.03354109,0.5939105,0.0022544859,0.013185428,0.0015333944,0.20714189,0.04940834,null,null,null,null,"TWOGAUSSIANS",8,1.3323494,0.09068494,0.0021666933,0.047460217,0.01037685,0.26839015,0.03354109,0.5939105,0.0022544859,0.0738384,0.008587009,0.20714189,0.04940834
375316653866487564,5313584073755502464,0.571446,2106.6936381303244,2.302210681912438,6.574482E-6,18.647465,0.007927806,0.258461,0.003412289,0.080680095,0.003894972,0.44374016,0.017472101,0.7556879,0.0025960035,0.08151091,0.0031870026,0.405732,0.010668443,null,null,null,null,"TWOGAUSSIANS",8,2.3723607,0.258461,0.003412289,0.4,0.0,0.43679118,0.01825759,0.7556879,0.0025960035,0.4,0.0,0.39878303,0.010062238
375316653866487564,5313584146769564672,0.4796524,2084.99825468935,0.4682890587604148,1.4796112E-5,18.168331,0.010575609,0.31044388,0.0016608702,0.008873009,0.0031875544,3.007091,24.731005,0.6762331,0.046414558,0.09987219,0.039285697,0.04411739,0.01850764,null,null,null,null,"TWOGAUSSIANS",8,22.98829,0.31044388,0.0016608702,0.04968885,0.017850306,3.0071447,24.731022,0.6762331,0.046414558,0.4,0.0,0.04411707,0.018507566
375316653866487564,5313584245554386944,0.5457632,2151.0844327928767,0.029438408399218165,1.1884468E-4,15.851677,0.0028756745,0.62580115,1.1599335E-5,0.003402721,5.9767728E-5,1.5591931,0.08820545,0.8393185,0.025750283,0.041752797,0.058750287,0.009734384,0.013643301,null,null,null,null,"TWOGAUSSIANS",8,11.684296,0.62580115,1.1599335E-5,0.019055238,3.346993E-4,1.5591931,0.08820263,0.8393185,0.025750283,0.23381567,0.3290016,0.009734384,0.013643301
375316653866487564,5313584559086322176,0.43270755,2067.162194604764,2.3453803001933142,5.3453474E-5,17.665516,0.03289259,0.2549557,0.02310973,0.08260199,0.07026943,0.0725339,0.02707742,0.7515478,0.01669978,0.10236055,0.03770243,0.09445501,0.032503508,null,null,null,null,"TWOGAUSSIANS",8,14.44741,0.7515478,0.016718375,0.4,0.0,0.09034338,0.013165066,0.2549557,0.023120785,0.4,0.046931244,0.068423524,0.03103124
375316653866487564,5313585177561693568,0.56153226,2120.09193724336,2.1474845647370935,6.2258296E-6,17.520374,0.011105614,0.23125008,0.0037741573,0.03458982,0.0043742983,0.7315925,0.05718353,0.73565704,0.0017962161,0.03998022,0.0025083113,0.718789,0.068956845,0.029381985,0.020909067,0.23125008,0.0037741573,"TWOGAUSSIANS_WITH_ELLIPSOIDAL_ON_ECLIPSE1",9,26.045536,0.23125008,0.0037741573,0.19370298,0.02449607,0.7903563,0.062483426,0.73565704,0.0017962161,0.22388923,0.014046543,0.7775078,0.06827184
375316653866487564,5313585418090983296,0.52327263,2144.6947607598913,2.8929884590458506,9.7843795E-6,16.185287,0.18507336,0.22322366,0.003346842,0.14156091,0.06497517,0.15322006,0.18023089,0.7266065,0.0043067653,0.12552205,0.045699503,0.14252904,0.1632685,null,null,null,null,"TWOGAUSSIANS",8,7.5611677,0.22318365,0.0033396748,0.4,0.0,0.103274375,0.005856587,0.7267365,0.004085921,0.4,0.0,0.09308155,0.0053348853
375316653866487564,5313587032998713728,0.47577956,2137.3840905147467,2.7927316631828507,1.3520507E-5,16.743507,0.0037636065,0.26007086,0.004830537,0.09839632,0.008875519,0.06684967,0.0055636484,0.76907235,0.007009521,0.080427185,0.0112463515,0.052705083,0.003983904,null,null,null,null,"TWOGAUSSIANS",8,4.0586696,0.26007086,0.004830537,0.4,0.0,0.06476908,0.005485078,0.76907235,0.007009521,0.4,0.0,0.050624866,0.0033989397
375316653866487564,5313588098150879872,0.61006,2094.525431454883,1.6141374123588266,7.3109927E-6,17.34873,0.0054893387,0.22171745,0.00295642,0.033755228,0.011860252,0.03386982,0.014586574,0.71325386,0.0031396358,0.05538475,0.0028415904,0.37471697,0.013240412,0.09063021,0.0060569206,0.22171745,0.00295642,"TWOGAUSSIANS_WITH_ELLIPSOIDAL_ON_ECLIPSE1",9,6.3856606,0.7141438,0.002762012,0.31015462,0.015912907,0.5555116,0.009215816,0.22171745,0.00295642,0.18902928,0.06641741,0.21512294,0.012394993
375316653866487564,5313588854055151488,0.5188097,2073.2418716125526,2.8817446310586736,7.3637693E-6,19.618284,0.01491708,0.28599206,0.0050268844,0.06792127,0.0058856667,0.673441,0.07815704,0.77215016,0.0026452832,0.07368846,0.0044371025,0.67469496,0.044352513,null,null,null,null,"TWOGAUSSIANS",8,4.8233724,0.77215016,0.0026452832,0.4,0.0,0.6728314,0.04474015,0.28599206,0.0050268844,0.38035914,0.032959733,0.67157745,0.078856
375316653866487564,5313589055911464960,0.53373647,2067.4739289459785,1.0067553333985744,2.9448142E-5,19.360939,0.0038452952,0.25090048,0.013608369,0.037400372,0.008871826,0.51630193,0.094155125,0.80763966,0.0041389624,0.024126042,0.0062601585,0.05159554,0.019077087,null,null,null,null,"TWOGAUSSIANS",8,1.6830859,0.25090048,0.013608369,0.2094421,0.04968223,0.51630193,0.094155125,0.80763966,0.0041389624,0.13510583,0.03505689,0.05159554,0.019077087
375316653866487564,5313589541259905024,0.56134427,2092.4600420540482,2.825965410760449,9.545105E-6,18.556894,0.01148559,0.23251922,0.0044070263,0.08801599,0.006424622,0.3647263,0.01373439,0.7300315,0.0034885283,0.081739165,0.0040449933,0.40863782,0.015610028,null,null,null,null,"TWOGAUSSIANS",8,3.8160093,0.7300315,0.0034885283,0.4,0.0,0.399009,0.013728154,0.23251922,0.0044070263,0.4,0.0,0.3550974,0.012075462
375316653866487564,5313590086703820416,0.5618969,2101.884162898557,3.2322976537101678,7.106152E-6,18.346968,0.013272493,0.25581887,0.005080618,0.083079346,0.0068088993,0.4780597,0.014896519,0.7498223,0.0024298346,0.08530999,0.005357867,0.44988397,0.021825043,null,null,null,null,"TWOGAUSSIANS",8,7.457771,0.25581887,0.005080618,0.4,0.0,0.467913,0.014173517,0.7498223,0.0024298346,0.4,0.0,0.43973723,0.022778139
375316653866487564,5313590464661259648,0.5569686,2112.412821973384,0.33653149905824825,8.252569E-6,18.734234,0.0024099604,0.36674008,9.867524E-4,0.015177394,0.0010487026,0.14034188,0.006562364,0.8677581,1.3670056E-4,0.011762815,1.1501982E-4,0.50495505,0.0035173388,null,null,null,null,"TWOGAUSSIANS",8,1.6692188,0.8677581,1.3670056E-4,0.06587176,6.44111E-4,0.50495505,0.0035173388,0.36674008,9.867524E-4,0.08499341,0.0058727344,0.14034188,0.006562364
375316653866487564,5313590468972871808,0.56078273,2103.800686509078,0.6214645674553897,2.5010263E-6,16.907434,0.0014417731,0.34475654,0.0048744464,0.018556332,0.0030363565,0.23943017,0.026858632,0.8415933,1.5610375E-4,0.010761838,2.9428583E-4,0.5633645,0.031440478,null,null,null,null,"TWOGAUSSIANS",8,4.1345143,0.8415933,1.5610375E-4,0.060266294,0.0016480007,0.5633645,0.031440478,0.34475654,0.0048744464,0.10391546,0.017003596,0.23943017,0.026858632
375316653866487564,5313590670819808768,0.5521064,2094.5595645183344,4.27854703821668,8.398334E-6,19.327791,0.016102428,0.24163362,0.00312634,0.04813956,0.0076490813,0.17020188,0.03824701,0.734726,0.006353182,0.039724823,0.009562372,0.21112913,0.034773838,0.11969194,0.021699613,0.24163362,0.00312634,"TWOGAUSSIANS_WITH_ELLIPSOIDAL_ON_ECLIPSE1",9,2.1364963,0.735576,0.0055282833,0.22245902,0.053549286,0.45011762,0.021903286,0.24163362,0.00312634,0.26958153,0.042834856,0.40958533,0.010295526
375316653866487564,5313590709491052800,0.598654,2088.285136554389,1.7090342521983135,3.8713174E-6,16.254175,0.0058978065,0.23860984,0.0016531311,0.092799515,0.0035543893,0.19863479,0.00563936,0.7362756,0.001510092,0.101019666,0.004420984,0.1916444,0.00563489,null,null,null,null,"TWOGAUSSIANS",8,4.8565593,0.23860984,0.0016531311,0.4,0.0,0.18508972,0.003206746,0.7362756,0.001510092,0.4,0.0,0.1780977,0.005075833
375316653866487564,5313590980060313984,0.66421974,2090.3636377891394,0.8350547951213291,1.1536756E-6,17.715183,0.00397887,0.27319655,4.7029764E-4,0.036854077,7.619564E-4,0.7154098,0.01103771,0.7600714,0.0019613318,0.0147791635,0.0058888537,0.52858394,4.3885913,0.02084589,0.0069442904,0.27319655,4.7029764E-4,"TWOGAUSSIANS_WITH_ELLIPSOIDAL_ON_ECLIPSE1",9,4.7250834,0.27319655,4.7029764E-4,0.20638284,0.004266956,0.75710154,0.011016159,0.76009136,0.0019919842,0.08276332,0.03297758,0.56999314,4.3925285
375316653866487564,5313591048777310336,0.48319897,2079.6009202634405,2.8698002168109493,2.0050718E-5,18.531088,0.002165981,0.25811213,0.0013209999,0.020961974,7.588135E-4,0.23596515,0.0042754724,0.45557177,0.0079529,0.019960504,0.025178252,0.077617764,0.105407596,null,null,null,null,"TWOGAUSSIANS",8,1.8537375,0.25811213,0.0013209999,0.11738705,0.0042493558,0.23596515,0.004275499,0.45557177,0.0079529,0.11177882,0.1409982,0.077617764,0.105407596
375316653866487564,5313591465405282432,0.5589617,2082.837295700917,1.6456322896410405,5.021997E-6,16.165983,0.008177475,0.21481855,0.0067382255,0.08772641,0.010062681,0.12774837,0.009553384,0.69270045,0.0020195392,0.0895543,0.0046838005,0.18232529,0.007560573,null,null,null,null,"TWOGAUSSIANS",8,11.493873,0.69270045,0.0020195392,0.4,0.0,0.17833413,0.0053936485,0.21481855,0.0067382255,0.4,0.0,0.123757295,0.007948442
375316653866487564,5313592324398471680,0.6155416,2077.9791369449167,0.8240727167765636,3.7898697E-6,16.851446,0.0035958064,0.28978878,0.0010258327,0.042334955,0.0021216297,0.15834777,0.0079916045,0.7853397,0.0019593248,0.0447925,0.003287648,0.16577756,0.011389597,0.047312032,0.0044910014,0.28978878,0.0010258327,"TWOGAUSSIANS_WITH_ELLIPSOIDAL_ON_ECLIPSE1",9,4.0966425,0.7857097,0.0017770098,0.250838,0.01841083,0.26033357,0.0068649417,0.28978878,0.0010258327,0.23707575,0.011881126,0.2529716,0.0053686313
375316653866487564,5313592423166204800,0.47554836,2037.5445533238103,3.4291112705225175,1.775583E-5,19.853601,0.028737988,0.29013127,0.0091189565,0.08669585,0.015661309,0.27142277,0.052267075,0.7988217,0.007475186,0.07887242,0.011239522,0.35013494,0.031238556,null,null,null,null,"TWOGAUSSIANS",8,2.5801146,0.7988217,0.007475186,0.4,0.004081136,0.3446857,0.027776176,0.29013127,0.0091189565,0.4,0.0,0.26597354,0.053652618
375316653866487564,5313592530556899840,0.54632974,2078.9321608558935,2.6444513726456558,5.798063E-6,19.557602,0.009541626,0.23056854,0.0028505868,0.0732348,0.0031325954,0.6229125,0.018720316,0.73714525,0.003467546,0.0678315,0.004437722,0.58087283,0.065584615,null,null,null,null,"TWOGAUSSIANS",8,1.7677715,0.23056854,0.0028505868,0.4,0.0,0.6210058,0.018774744,0.73714525,0.003467546,0.37985644,0.024851242,0.57896614,0.06637772
