Gaia/vari_eclipsing_binary/VariEclipsingBinary_667793-667816.csv
# %ECSV 1.0
# ---
# delimiter: ','
# meta: !!omap
# - RELEASE: Gaia DR3
# - TABLE: vari_eclipsing_binary
# - DESCRIPTION: >
#     This table describes the properties of the eclipsing binaries resulting from the variability analysis. 
# - CITATION: >
#     How to cite and acknowledge Gaia: 
#     https://gea.esac.esa.int/archive/documentation/credits.html 
# - KNOWN_ISSUES: >
#     Known issues: 
#     https://www.cosmos.esa.int/web/gaia-users/known-issues 
# - DOCUMENTATION: >
#     Tutorials and documentation: 
#     https://www.cosmos.esa.int/web/gaia-users/archive 
# datatype:
# - 
#   name: solution_id
#   datatype: int64
#   description: Solution Identifier
#   meta:
#     ucd: meta.version
# - 
#   name: source_id
#   datatype: int64
#   description: Unique source identifier
#   meta:
#     ucd: meta.id;meta.main
# - 
#   name: global_ranking
#   datatype: float32
#   description: Number between 0 (worst) and 1 (best)
#   meta:
#     ucd: stat.param
# - 
#   name: reference_time
#   datatype: float64
#   unit: d
#   description: Reference time used for the geometric model fit
#   meta:
#     ucd: time.epoch
# - 
#   name: frequency
#   datatype: float64
#   unit: d**-1
#   description: Frequency of geometric model of the eclipsing binary light curve
#   meta:
#     ucd: src.orbital
# - 
#   name: frequency_error
#   datatype: float32
#   unit: d**-1
#   description: "Uncertainty of \\texttt{frequency}"
#   meta:
#     ucd: stat.error
# - 
#   name: geom_model_reference_level
#   datatype: float32
#   unit: mag
#   description: Magnitude reference level of geometric model
#   meta:
#     ucd: phot.mag;em.opt
# - 
#   name: geom_model_reference_level_error
#   datatype: float32
#   unit: mag
#   description: "Uncertainty of \\texttt{geomModelReferenceLevel}"
#   meta:
#     ucd: stat.error;phot.mag;em.opt
# - 
#   name: geom_model_gaussian1_phase
#   datatype: float32
#   description: Phase of the Gaussian 1 component
#   meta:
#     ucd: time.phase
# - 
#   name: geom_model_gaussian1_phase_error
#   datatype: float32
#   description: "Uncertainty of \\texttt{geomModelGaussian1Phase}"
#   meta:
#     ucd: stat.error;time.phase
# - 
#   name: geom_model_gaussian1_sigma
#   datatype: float32
#   description: "Standard deviation [phase] of Gaussian 1 component"
#   meta:
#     ucd: stat.stdev
# - 
#   name: geom_model_gaussian1_sigma_error
#   datatype: float32
#   description: "Uncertainty of \\texttt{geomModelGaussian1Sigma}"
#   meta:
#     ucd: stat.error
# - 
#   name: geom_model_gaussian1_depth
#   datatype: float32
#   unit: mag
#   description: Magnitude depth of Gaussian 1 component
#   meta:
#     ucd: src.var.amplitude
# - 
#   name: geom_model_gaussian1_depth_error
#   datatype: float32
#   unit: mag
#   description: "Uncertainty of \\texttt{geomModelGaussian1Depth}"
#   meta:
#     ucd: stat.error;src.var.amplitude
# - 
#   name: geom_model_gaussian2_phase
#   datatype: float32
#   description: Phase of Gaussian 2 component
#   meta:
#     ucd: time.phase
# - 
#   name: geom_model_gaussian2_phase_error
#   datatype: float32
#   description: "Uncertainty of \\texttt{geomModelGaussian2Phase}"
#   meta:
#     ucd: stat.error;time.phase
# - 
#   name: geom_model_gaussian2_sigma
#   datatype: float32
[...]
#   datatype: float32
#   description: "Secondary eclipse: uncertainty of \\texttt{derivedSecondaryEclDuration}"
#   meta:
#     ucd: stat.error;time.duration
# - 
#   name: derived_secondary_ecl_depth
#   datatype: float32
#   unit: mag
#   description: "Secondary eclipse: depth"
#   meta:
#     ucd: src.var.amplitude
# - 
#   name: derived_secondary_ecl_depth_error
#   datatype: float32
#   unit: mag
#   description: "Secondary eclipse: uncertainty of \\texttt{derivedSecondaryEclDepth}"
#   meta:
#     ucd: stat.error;src.var.amplitude
solution_id,source_id,global_ranking,reference_time,frequency,frequency_error,geom_model_reference_level,geom_model_reference_level_error,geom_model_gaussian1_phase,geom_model_gaussian1_phase_error,geom_model_gaussian1_sigma,geom_model_gaussian1_sigma_error,geom_model_gaussian1_depth,geom_model_gaussian1_depth_error,geom_model_gaussian2_phase,geom_model_gaussian2_phase_error,geom_model_gaussian2_sigma,geom_model_gaussian2_sigma_error,geom_model_gaussian2_depth,geom_model_gaussian2_depth_error,geom_model_cosine_half_period_amplitude,geom_model_cosine_half_period_amplitude_error,geom_model_cosine_half_period_phase,geom_model_cosine_half_period_phase_error,model_type,num_model_parameters,reduced_chi2,derived_primary_ecl_phase,derived_primary_ecl_phase_error,derived_primary_ecl_duration,derived_primary_ecl_duration_error,derived_primary_ecl_depth,derived_primary_ecl_depth_error,derived_secondary_ecl_phase,derived_secondary_ecl_phase_error,derived_secondary_ecl_duration,derived_secondary_ecl_duration_error,derived_secondary_ecl_depth,derived_secondary_ecl_depth_error
[from data line 181]
375316653866487564,5874045252560643456,0.518332,2267.0368592394925,3.1411170215438196,7.837125E-6,19.062576,0.0087530445,0.2688094,0.00406382,0.07750844,0.005600161,0.34426337,0.018062541,0.77318156,0.0026989935,0.072209544,0.0031340579,0.48092848,0.017817745,null,null,null,null,"TWOGAUSSIANS",8,5.1537647,0.77318156,0.0026989935,0.4,9.6290885E-4,0.47815824,0.017732663,0.2688094,0.00406382,0.4,0.0,0.34149313,0.018400311
375316653866487564,5874046210321709312,0.4984943,2221.168227259229,2.7046209375014922,1.8331906E-5,15.931315,0.18769954,0.28735444,0.0038995198,0.18550639,0.019338518,0.89660037,0.15083759,0.78487957,0.0033335132,0.19680595,0.024116255,0.92349577,0.17735651,null,null,null,null,"TWOGAUSSIANS",8,33.817505,0.78487957,0.0033335132,0.4,0.0,0.20286861,0.008681437,0.28897443,0.004361304,0.4,0.0,0.20182303,0.00847647
375316653866487564,5874046283381685120,0.5645572,2229.6699879917496,1.8860315974107815,7.660232E-6,17.745878,0.0030755587,0.2733064,0.0036122487,0.049488746,0.0054845675,0.1311038,0.00922027,0.76943964,0.0050416063,0.04443164,0.0047730072,0.08911994,0.008628634,0.026725264,0.0053444025,0.2733064,0.0036122487,"TWOGAUSSIANS_WITH_ELLIPSOIDAL_ON_ECLIPSE1",9,2.6377816,0.2733064,0.0036122487,0.27713698,0.030713577,0.18455383,0.0061763995,0.76976967,0.0045670606,0.24881719,0.026728839,0.14254114,0.004644476
375316653866487564,5874047004908232064,0.53141105,2247.498268340762,3.266526333319814,1.8094988E-5,19.722677,0.012070145,0.22151607,0.0066978387,0.06325902,0.008645089,0.4743361,0.03132748,0.7245971,0.0074704885,0.066552624,0.012743698,0.585864,0.098199636,null,null,null,null,"TWOGAUSSIANS",8,2.7400591,0.7245971,0.0074704885,0.37269467,0.045964137,0.5852852,0.09908046,0.22151607,0.0066978387,0.35425052,0.0484125,0.47375727,0.03143472
375316653866487564,5874048035733821440,0.5093869,2219.8768512826177,1.443635455545042,1.354773E-5,17.728912,0.00868104,0.27995878,0.00596345,0.086647905,0.007609101,0.23529437,0.019748777,0.76549923,0.0033699966,0.08104919,0.006941239,0.23586008,0.01604999,null,null,null,null,"TWOGAUSSIANS",8,8.161818,0.76549923,0.0033699966,0.4,0.0,0.23160182,0.017254598,0.27995878,0.00596345,0.4,0.0,0.2310361,0.019759549
375316653866487564,5874048654179376640,0.5618717,2324.2553709443896,2.2268661995213628,6.1994056E-6,18.498137,0.0064378986,0.22791417,0.0018207675,0.07558646,0.0024487693,0.4008776,0.010582741,0.7222605,0.0031783911,0.07813854,0.0041873143,0.46880695,0.011520192,null,null,null,null,"TWOGAUSSIANS",8,5.0478745,0.7222605,0.0031783911,0.4,0.0,0.46492565,0.011811472,0.22791417,0.0018207675,0.4,0.0,0.3969963,0.010347592
375316653866487564,5874048722898855680,0.48156464,2331.4302507368047,2.0831561717049043,1.1679296E-5,18.703054,0.086631276,0.2631842,0.010547779,0.04716592,0.020279994,0.36988318,0.19227372,0.7629045,0.0072361394,0.06081876,0.012803213,0.764593,0.16559362,0.07531443,0.10309436,0.2631842,0.010547779,"TWOGAUSSIANS_WITH_ELLIPSOIDAL_ON_ECLIPSE1",9,39.78971,0.76292455,0.0069046514,0.34058508,0.07169799,0.91506505,0.11896866,0.2631842,0.010547779,0.26412913,0.11356797,0.5203557,0.03570567
375316653866487564,5874048787301558144,0.47298616,2322.122856944966,0.2999960769439667,9.536638E-6,17.608986,0.0013275392,0.20866938,0.0017520523,0.015067469,0.001298183,0.12953341,0.008363642,0.71739197,0.0073819333,0.027968893,0.007724335,0.026880208,0.0033287809,null,null,null,null,"TWOGAUSSIANS",8,2.5433729,0.20866938,0.0017520523,0.084377825,0.0072698244,0.12953341,0.008363642,0.71739197,0.0073819333,0.15662579,0.043256275,0.026880208,0.0033287809
375316653866487564,5874048791616451072,0.4873989,2328.6401394368227,2.6727371670920563,1.42392055E-5,18.827843,0.008830222,0.21507905,0.0050191283,0.0908487,0.008516182,0.1524887,0.0100123705,0.7244478,0.0058949706,0.096957035,0.008793852,0.12865725,0.009657835,null,null,null,null,"TWOGAUSSIANS",8,1.8707793,0.21507905,0.0050191283,0.4,0.0,0.14544024,0.008017367,0.7244478,0.0058949706,0.4,0.0,0.1216084,0.0066287694
375316653866487564,5874048821654193792,0.43378723,2311.2129437525614,0.44523712659094905,4.7306785E-6,12.013303,0.0018645227,0.21810019,8.7598106E-4,0.024463693,0.0010351671,0.16188641,0.0069489283,0.72889745,0.0055160057,0.024710532,0.002188912,0.15900257,0.02707786,null,null,null,null,"TWOGAUSSIANS",8,906.25476,0.21810019,8.7598106E-4,0.13699667,0.005796936,0.16188641,0.0069489283,0.72889745,0.0055160057,0.13837898,0.012257908,0.15900257,0.02707786
375316653866487564,5874049066521184256,0.5325623,2320.903086865798,2.7086707053795562,8.870704E-6,17.361118,0.14740792,0.2751776,0.0026088415,0.09216994,0.043402787,0.38478443,0.07293492,0.7810618,0.002831101,0.07982542,0.054329216,0.41082364,0.013651138,null,null,null,null,"TWOGAUSSIANS",8,10.602101,0.7810618,0.002780273,0.4,0.0,0.40036508,0.14816432,0.2751776,0.0025724813,0.4,0.0,0.3743255,0.08653196
375316653866487564,5874049822408853376,0.56142503,2321.413310204647,2.2725005008359735,5.047186E-6,19.439695,0.0076258904,0.13968053,0.0020980947,0.07636364,0.0028205286,0.48474658,0.009864684,0.63613856,0.0019070362,0.0703199,0.00266972,0.52143055,0.013839946,null,null,null,null,"TWOGAUSSIANS",8,1.670118,0.63613856,0.0019070362,0.39379144,0.014140172,0.5186612,0.013879941,0.13968053,0.0020980947,0.4,0.0,0.4819772,0.009631373
375316653866487564,5874050269085618688,0.4960074,2298.2504604371343,1.5195561534740618,8.520453E-6,19.04337,0.01132319,0.28108558,0.0150911445,0.09914244,0.019685091,0.15370366,0.014103188,0.80599135,0.00260528,0.0702803,0.0043574683,0.39375845,0.016684242,null,null,null,null,"TWOGAUSSIANS",8,3.5120845,0.80599135,0.00260528,0.39356968,0.018210586,0.39015734,0.016467461,0.28108558,0.0150911445,0.4,0.0,0.15010086,0.014197942
375316653866487564,5874050303472409600,0.5084846,2300.123791668175,3.962913347621984,1.29235505E-5,19.455097,0.01918054,0.24100502,0.006442841,0.0743926,0.006069939,0.6080348,0.03876123,0.7505636,0.008761145,0.09004605,0.0146946665,0.4045827,0.027944127,null,null,null,null,"TWOGAUSSIANS",8,4.870306,0.24100502,0.006442841,0.4,0.0,0.6001144,0.03669106,0.7505636,0.008761145,0.4,0.0,0.39666212,0.029183066
375316653866487564,5874050372164891392,0.50234026,2326.069372253334,2.492686828122679,1.3943197E-5,19.551535,0.006749279,0.2685497,0.0031805101,0.03185623,0.0033929194,0.6659927,0.1518319,0.7714746,0.0036005834,0.034023583,0.004185545,0.41537443,0.02831024,null,null,null,null,"TWOGAUSSIANS",8,3.3357356,0.2685497,0.0031805101,0.1783949,0.01900035,0.6659927,0.1518319,0.7714746,0.0036005834,0.19053206,0.02343905,0.41537443,0.02831024
375316653866487564,5874050505288703488,0.5882731,2265.6322258057003,3.152688668945611,6.805132E-6,19.199165,0.016304363,0.22401074,0.002175204,0.048017055,0.0031940953,0.52981585,0.0382945,0.72124404,0.0016973433,0.052432105,0.0028265167,0.6290959,0.038663782,0.08467213,0.022446327,0.22401074,0.002175204,"TWOGAUSSIANS_WITH_ELLIPSOIDAL_ON_ECLIPSE1",9,3.36887,0.72139406,0.001586729,0.2936198,0.015828494,0.79838544,0.021154882,0.22401074,0.002175204,0.2688955,0.017886933,0.6991537,0.012847162
375316653866487564,5874050578323441280,0.5592556,2312.908161712034,2.5222565149159286,7.100664E-6,19.123587,0.007778661,0.25976527,0.004096699,0.078617916,0.0050082505,0.45162266,0.015506274,0.7587997,0.0019706332,0.07948189,0.0028840227,0.4950095,0.01565433,null,null,null,null,"TWOGAUSSIANS",8,2.600341,0.7587997,0.0019706332,0.4,0.0,0.48876423,0.015740661,0.25976527,0.004096699,0.4,0.0,0.4453774,0.015630739
375316653866487564,5874050612683279616,0.5340231,2314.0326214349643,1.1624090140825731,9.866149E-6,17.911186,0.00444619,0.13687928,0.0037266796,0.07742347,0.0038446023,0.15762813,0.008504862,0.6520205,0.0022925362,0.06773442,0.0033309706,0.22667892,0.005887571,null,null,null,null,"TWOGAUSSIANS",8,4.5287795,0.6520205,0.0022925362,0.37931272,0.018653436,0.22599438,0.0058108293,0.13687928,0.0037266796,0.4,0.0,0.15694359,0.008430302
375316653866487564,5874051020684568192,0.49264923,2319.1180839912176,2.5263353820236687,9.006322E-6,17.842272,0.044657104,0.14679864,0.003212986,0.18399645,0.018167071,0.41978216,0.04345505,0.6474636,0.0031492973,0.18197349,0.017580956,0.41625237,0.040816676,null,null,null,null,"TWOGAUSSIANS",8,2.763321,0.14650865,0.003512986,0.4,0.0,0.11073279,0.005368147,0.6477636,0.0034585588,0.4,0.0,0.10902238,0.00568072
375316653866487564,5874051055044534656,0.52075285,2297.8542810212807,0.1898039680258898,1.2714274E-5,16.635658,6.54676E-4,0.25967783,5.923538E-4,0.0090166265,0.001106834,0.12915571,0.016241785,0.7551502,0.007941489,0.0068418807,0.004440997,0.12154992,0.3733681,null,null,null,null,"TWOGAUSSIANS",8,2.5647466,0.25967783,5.923538E-4,0.050493106,0.0061982702,0.12915571,0.016241785,0.7551502,0.007941489,0.038314532,0.024869582,0.12154992,0.3733681
375316653866487564,5874051746554774784,0.5233583,2281.058265524278,0.37750290336784453,1.3195749E-5,18.095901,0.0014044585,0.34976938,0.0021401693,0.02533011,0.0024156393,0.13055667,0.0068620443,0.8625069,7.0882996E-4,0.0071770586,0.0036177884,0.15456784,0.005101656,null,null,null,null,"TWOGAUSSIANS",8,1.6460778,0.8625069,7.0882996E-4,0.040191527,0.020259615,0.15456784,0.005101656,0.34976938,0.0021401693,0.14184861,0.013527581,0.13055667,0.0068620443
375316653866487564,5874051952712972672,0.5570806,2277.9309767296613,0.8466475062962513,1.4777465E-5,18.470213,0.0029440874,0.30736333,0.00240461,0.040023904,0.0025563994,0.5126531,0.032196995,0.8077399,0.0076991636,0.032080717,0.005047761,0.11469885,0.015663207,null,null,null,null,"TWOGAUSSIANS",8,4.5336337,0.30736333,0.00240461,0.22413386,0.014315837,0.5126531,0.032196995,0.8077399,0.0076991636,0.179652,0.028267462,0.11469885,0.015663207
375316653866487564,5874053292775643392,0.5118127,2313.2508499036326,2.5182049822722137,1.0995042E-5,18.682503,0.010828521,0.24112129,0.003007486,0.053980082,0.0030816165,0.62580085,0.01809793,0.72579,0.008732409,0.07684702,0.013159581,0.20042361,0.02829091,null,null,null,null,"TWOGAUSSIANS",8,11.984408,0.24112129,0.003007486,0.30228847,0.017257053,0.6255359,0.017985284,0.72579,0.008732409,0.4,0.0,0.20015863,0.028475435
375316653866487564,5874053567620962816,0.4711148,2283.3673145915845,0.5498743907906933,9.679683E-6,17.767319,0.0028477497,0.19194008,0.0011447732,0.0017824463,7.88312E-4,0.3290927,1.734578,0.7023373,0.0030615171,0.0069711106,0.0044587534,0.27668625,133.52892,0.006322978,0.0039343536,0.19194008,0.0011447732,"TWOGAUSSIANS_WITH_ELLIPSOIDAL_ON_ECLIPSE1",9,8.77482,0.19194008,0.0011447732,0.009981699,0.0044145472,0.34173867,1.7347522,0.7023373,0.0030615171,0.03903822,0.024969019,0.2892783,133.52892
375316653866487564,5874053906907472256,0.51480913,2295.548997755432,0.8275318734628818,1.2818877E-5,18.75745,0.003102122,0.23568878,0.0028085548,0.030356966,0.0027790647,0.14347047,0.01367781,0.743308,0.0030856011,0.04289713,0.0024381643,0.25498545,0.010659036,null,null,null,null,"TWOGAUSSIANS",8,2.4057968,0.743308,0.0030856011,0.24022393,0.01365372,0.25498545,0.010659036,0.23568878,0.0028085548,0.169999,0.0155627625,0.14347047,0.01367781
375316653866487564,5874053911218656896,0.526396,2277.0499066275056,2.7682864082735086,9.797191E-6,19.131422,0.0065397494,0.24983115,0.002039281,0.0814792,0.0036724918,0.3262347,0.009050936,0.7526438,0.006504027,0.07339156,0.0067590876,0.31071,0.01852627,null,null,null,null,"TWOGAUSSIANS",8,2.057366,0.24983115,0.002039281,0.4,0.0,0.32296118,0.008981266,0.7526438,0.006504027,0.4,0.0,0.3074365,0.018549709
375316653866487564,5874054083043214464,0.5247871,2323.7022641651415,0.9218773840751574,5.8197625E-6,18.540895,0.0031421958,0.24826764,0.0026690448,0.048178487,0.0023046702,0.2822641,0.01336826,0.74696714,0.0041791266,0.05760309,0.0047496744,0.19579165,0.00998531,null,null,null,null,"TWOGAUSSIANS",8,3.493341,0.24826764,0.0026690448,0.26979953,0.012906153,0.282258,0.013368855,0.74696714,0.0041791266,0.3225773,0.026598178,0.19578554,0.009987446
375316653866487564,5874054804597862016,0.5548612,2293.7053967112142,0.07570139346333628,3.4109787E-6,17.606758,0.0014470998,0.29393038,1.8011585E-4,0.0038984297,9.846517E-5,0.5760725,0.014448627,0.6926908,0.04557364,0.073383465,0.02330645,0.01606669,0.010577988,null,null,null,null,"TWOGAUSSIANS",8,3.3815212,0.29393038,1.8011585E-4,0.021831207,5.5140496E-4,0.5760725,0.014448624,0.6926908,0.04557364,0.4,0.098147266,0.01606669,0.010577988
375316653866487564,5874055281292348160,0.4240748,2296.12846264978,0.10359891819910115,2.3392677E-5,18.811686,0.009383006,0.37936482,0.026142549,0.059343647,0.011492371,0.08538431,0.021342378,0.6734642,0.015785567,0.03092103,0.031373292,0.6695404,0.6948327,0.030117558,0.010608138,0.6734642,0.015785567,"TWOGAUSSIANS_WITH_ELLIPSOIDAL_ON_ECLIPSE2",9,5.1331735,0.6734642,0.015785567,0.17315777,0.17569044,0.7297754,0.68856233,0.36942482,0.026524628,0.33232442,0.06435727,0.09087593,0.021055857
375316653866487564,5874055491766808320,0.54498297,2266.9452887490056,3.4007237929834573,5.957158E-6,19.613598,0.017794026,0.28605685,0.0031597079,0.04563032,0.005789406,0.49585474,0.059578843,0.7834321,0.0047852253,0.05131907,0.007376963,0.49959722,0.066919,0.1156964,0.024792021,0.28605685,0.0031597079,"TWOGAUSSIANS_WITH_ELLIPSOIDAL_ON_ECLIPSE1",9,2.8288977,0.78366214,0.0044080475,0.2873868,0.041310992,0.73092973,0.08155415,0.28605685,0.0031597079,0.2555298,0.032420672,0.7272447,0.056461822
375316653866487564,5874055629231580544,0.567323,2271.956087869581,2.033562224006572,6.7955493E-6,16.35741,0.41493267,0.22827086,0.0048889355,0.15580513,0.047396466,0.36969122,0.3167937,0.73297125,0.0055365106,0.22101814,0.13880984,0.36271745,0.40709403,null,null,null,null,"TWOGAUSSIANS",8,3.3264122,0.22615087,0.0021265591,0.4,0.0,0.1364856,0.0042352187,0.7343113,0.00427926,0.4,0.0,0.07763542,0.004588763
375316653866487564,5874056007188737536,0.5334578,2243.4637447748014,2.2872770004117244,9.451504E-6,18.123533,0.008717408,0.28647122,0.0036147034,0.0946103,0.0073373164,0.19778214,0.007854977,0.7967823,0.0034268682,0.094711125,0.005743845,0.16458118,0.009397039,null,null,null,null,"TWOGAUSSIANS",8,2.1414042,0.28647122,0.0036147034,0.4,0.0,0.18824777,0.005824901,0.7967823,0.0034268682,0.4,0.0,0.15504687,0.0064640585
375316653866487564,5874056105926319488,0.56185037,2237.7003399651076,2.3098243832411054,7.2765756E-6,17.743208,0.013863438,0.31884512,0.002118872,0.09639609,0.0083700465,0.29587436,0.012934504,0.8110376,0.002344995,0.099773616,0.005641247,0.27591455,0.013418535,null,null,null,null,"TWOGAUSSIANS",8,4.075855,0.31884512,0.002118872,0.4,0.0,0.2758568,0.017480237,0.8110376,0.002344995,0.4,0.0,0.25589582,0.007042711
375316653866487564,5874056178961926016,0.55033207,2214.2136517971758,0.6096155923701589,4.5831657E-6,19.758715,0.008055647,0.38356003,0.002736387,0.028296277,0.0017915709,1.2822053,0.21887662,0.87669384,0.026001116,0.034718577,0.016803702,0.113834195,0.065173455,null,null,null,null,"TWOGAUSSIANS",8,2.3028657,0.38356003,0.002736387,0.15845914,0.010032797,1.2822053,0.21887662,0.87669384,0.026001116,0.19442402,0.09410073,0.113834195,0.065173455
375316653866487564,5874056247706858624,0.5277328,2240.073671812324,3.4088851233742377,1.0783344E-5,19.255493,0.008423129,0.2587495,0.0037270763,0.07974742,0.0038734276,0.3830264,0.015427249,0.75981456,0.0029173915,0.074222766,0.00303437,0.47995174,0.01482937,null,null,null,null,"TWOGAUSSIANS",8,3.5211604,0.75981456,0.0029173915,0.4,0.0,0.4756759,0.014429041,0.2587495,0.0037270763,0.4,0.0,0.37875053,0.015377615
