Gaia/vari_eclipsing_binary/VariEclipsingBinary_471561-471575.csv
# %ECSV 1.0
# ---
# delimiter: ','
# meta: !!omap
# - RELEASE: Gaia DR3
# - TABLE: vari_eclipsing_binary
# - DESCRIPTION: >
#     This table describes the properties of the eclipsing binaries resulting from the variability analysis. 
# - CITATION: >
#     How to cite and acknowledge Gaia: 
#     https://gea.esac.esa.int/archive/documentation/credits.html 
# - KNOWN_ISSUES: >
#     Known issues: 
#     https://www.cosmos.esa.int/web/gaia-users/known-issues 
# - DOCUMENTATION: >
#     Tutorials and documentation: 
#     https://www.cosmos.esa.int/web/gaia-users/archive 
# datatype:
# - 
#   name: solution_id
#   datatype: int64
#   description: Solution Identifier
#   meta:
#     ucd: meta.version
# - 
#   name: source_id
#   datatype: int64
#   description: Unique source identifier
#   meta:
#     ucd: meta.id;meta.main
# - 
#   name: global_ranking
#   datatype: float32
#   description: Number between 0 (worst) and 1 (best)
#   meta:
#     ucd: stat.param
# - 
#   name: reference_time
#   datatype: float64
#   unit: d
#   description: Reference time used for the geometric model fit
#   meta:
#     ucd: time.epoch
# - 
#   name: frequency
#   datatype: float64
#   unit: d**-1
#   description: Frequency of geometric model of the eclipsing binary light curve
#   meta:
#     ucd: src.orbital
# - 
#   name: frequency_error
#   datatype: float32
#   unit: d**-1
#   description: "Uncertainty of \\texttt{frequency}"
#   meta:
#     ucd: stat.error
# - 
#   name: geom_model_reference_level
#   datatype: float32
#   unit: mag
#   description: Magnitude reference level of geometric model
#   meta:
#     ucd: phot.mag;em.opt
# - 
#   name: geom_model_reference_level_error
#   datatype: float32
#   unit: mag
#   description: "Uncertainty of \\texttt{geomModelReferenceLevel}"
#   meta:
#     ucd: stat.error;phot.mag;em.opt
# - 
#   name: geom_model_gaussian1_phase
#   datatype: float32
#   description: Phase of the Gaussian 1 component
#   meta:
#     ucd: time.phase
# - 
#   name: geom_model_gaussian1_phase_error
#   datatype: float32
#   description: "Uncertainty of \\texttt{geomModelGaussian1Phase}"
#   meta:
#     ucd: stat.error;time.phase
# - 
#   name: geom_model_gaussian1_sigma
#   datatype: float32
#   description: "Standard deviation [phase] of Gaussian 1 component"
#   meta:
#     ucd: stat.stdev
# - 
#   name: geom_model_gaussian1_sigma_error
#   datatype: float32
#   description: "Uncertainty of \\texttt{geomModelGaussian1Sigma}"
#   meta:
#     ucd: stat.error
# - 
#   name: geom_model_gaussian1_depth
#   datatype: float32
#   unit: mag
#   description: Magnitude depth of Gaussian 1 component
#   meta:
#     ucd: src.var.amplitude
# - 
#   name: geom_model_gaussian1_depth_error
#   datatype: float32
#   unit: mag
#   description: "Uncertainty of \\texttt{geomModelGaussian1Depth}"
#   meta:
#     ucd: stat.error;src.var.amplitude
# - 
#   name: geom_model_gaussian2_phase
#   datatype: float32
#   description: Phase of Gaussian 2 component
#   meta:
#     ucd: time.phase
# - 
#   name: geom_model_gaussian2_phase_error
#   datatype: float32
#   description: "Uncertainty of \\texttt{geomModelGaussian2Phase}"
#   meta:
#     ucd: stat.error;time.phase
# - 
#   name: geom_model_gaussian2_sigma
#   datatype: float32
[...]
#   datatype: float32
#   description: "Secondary eclipse: uncertainty of \\texttt{derivedSecondaryEclDuration}"
#   meta:
#     ucd: stat.error;time.duration
# - 
#   name: derived_secondary_ecl_depth
#   datatype: float32
#   unit: mag
#   description: "Secondary eclipse: depth"
#   meta:
#     ucd: src.var.amplitude
# - 
#   name: derived_secondary_ecl_depth_error
#   datatype: float32
#   unit: mag
#   description: "Secondary eclipse: uncertainty of \\texttt{derivedSecondaryEclDepth}"
#   meta:
#     ucd: stat.error;src.var.amplitude
solution_id,source_id,global_ranking,reference_time,frequency,frequency_error,geom_model_reference_level,geom_model_reference_level_error,geom_model_gaussian1_phase,geom_model_gaussian1_phase_error,geom_model_gaussian1_sigma,geom_model_gaussian1_sigma_error,geom_model_gaussian1_depth,geom_model_gaussian1_depth_error,geom_model_gaussian2_phase,geom_model_gaussian2_phase_error,geom_model_gaussian2_sigma,geom_model_gaussian2_sigma_error,geom_model_gaussian2_depth,geom_model_gaussian2_depth_error,geom_model_cosine_half_period_amplitude,geom_model_cosine_half_period_amplitude_error,geom_model_cosine_half_period_phase,geom_model_cosine_half_period_phase_error,model_type,num_model_parameters,reduced_chi2,derived_primary_ecl_phase,derived_primary_ecl_phase_error,derived_primary_ecl_duration,derived_primary_ecl_duration_error,derived_primary_ecl_depth,derived_primary_ecl_depth_error,derived_secondary_ecl_phase,derived_secondary_ecl_phase_error,derived_secondary_ecl_duration,derived_secondary_ecl_duration_error,derived_secondary_ecl_depth,derived_secondary_ecl_depth_error
[from data line 413]
375316653866487564,4147981527889660032,0.6028076,2261.655483082612,2.774436330787883,1.076163E-5,18.404665,0.013303115,0.32796136,0.0050020707,0.05103828,0.0074547655,0.23441234,0.047715273,0.815887,0.011930433,0.044665504,0.0074275197,0.26802325,0.048653584,0.11228462,0.021041716,0.32796136,0.0050020707,"TWOGAUSSIANS_WITH_ELLIPSOIDAL_ON_ECLIPSE1",9,4.8357363,0.81728697,0.010540413,0.25012684,0.04159411,0.4914506,0.034293775,0.32796136,0.0050020707,0.28581437,0.041746687,0.45898,0.03543805
375316653866487564,4147981665329328128,0.47157252,2229.256393753277,1.081250933311823,4.60975E-5,19.272217,0.018673243,0.5361735,0.0071510826,0.108051606,0.016693896,0.22646737,0.03173964,0.9178319,0.010445545,0.04101756,0.014355224,0.056688376,0.01854753,null,null,null,null,"TWOGAUSSIANS",8,2.4611485,0.5361735,0.0071510826,0.4,0.0,0.22641571,0.031640332,0.9178319,0.010445545,0.22969833,0.080389254,0.057079125,0.018472314
375316653866487564,4147981905919916160,0.54281557,2226.941776553794,3.131280985310504,2.0627815E-5,16.715908,0.021218333,0.26683193,0.0025952484,0.06931,0.0077974675,0.25010958,0.03223154,0.7705222,0.008612099,0.07936521,0.01159454,0.27226806,0.036822163,null,null,null,null,"TWOGAUSSIANS",8,26.357004,0.7705222,0.008612099,0.4,0.0,0.27058718,0.036568772,0.26683193,0.0025952484,0.388136,0.027939072,0.24842872,0.031460516
375316653866487564,4147982077645691776,0.5320826,2231.020583134651,2.6866429329208534,9.551414E-6,18.247087,0.015454226,0.1476379,0.003222594,0.07333419,0.013222952,0.70853853,0.20603472,0.6572734,0.0061391196,0.07534126,0.008214454,0.46862164,0.049346782,null,null,null,null,"TWOGAUSSIANS",8,6.186901,0.1476379,0.003222594,0.4,0.0,0.70531815,0.2112441,0.6572734,0.0061391196,0.4,0.012216839,0.46540126,0.050849337
375316653866487564,4147982283804214400,0.5670871,2232.339255494409,2.218979529012022,2.9809216E-5,18.993229,0.019310141,0.2566518,0.037316,0.07940281,0.01805939,0.4628144,0.10256269,0.7857681,0.025824398,0.075905964,0.02652761,0.21246144,0.04850868,null,null,null,null,"TWOGAUSSIANS",8,2.247052,0.2566518,0.037316,0.4,0.0,0.46091786,0.094572335,0.7857681,0.025824398,0.4,0.11072574,0.21056493,0.048975013
375316653866487564,4147982799195590784,0.4709533,2323.5394567179346,0.5539723455741263,8.403692E-5,18.414288,0.035325326,0.25792837,0.016995098,0.09121473,0.0165442,0.21888517,0.039215144,0.76005965,0.009934941,0.08157758,0.017661074,0.29506767,0.029880472,null,null,null,null,"TWOGAUSSIANS",8,13.696631,0.76005965,0.009934941,0.4,0.010390726,0.2877079,0.024777202,0.25792837,0.016995098,0.4,0.0,0.21152528,0.030807883
375316653866487564,4147983207217434624,0.6078896,2299.1792323231884,3.264960649441202,3.6730296E-6,18.434803,0.008832196,0.15579022,0.002002741,0.07432646,0.0029195894,0.40076885,0.012293762,0.6572709,0.00151912,0.07680492,0.002993373,0.4330165,0.017076658,null,null,null,null,"TWOGAUSSIANS",8,1.5681964,0.6572709,0.00151912,0.4,0.0,0.42962682,0.017231764,0.15579022,0.002002741,0.4,0.0,0.39737916,0.012037381
375316653866487564,4147983452031347200,0.49666822,2305.9399461233406,2.7378181697196244,5.7042234E-5,19.449121,0.12423739,0.22501534,0.011962833,0.08486308,0.025944153,0.51356155,0.119028576,0.7117825,0.008722803,0.12518175,0.028344048,0.51282126,0.115532815,null,null,null,null,"TWOGAUSSIANS",8,5.7520165,0.22507533,0.012039676,0.4,0.018943852,0.46322528,0.053907014,0.7117825,0.008722803,0.4,0.0,0.46210307,0.05000777
375316653866487564,4147983619553835648,0.6109377,2292.8278922619943,2.6960055200403037,7.722646E-6,18.097895,0.02701448,0.22905585,0.0024551868,0.043931168,0.009798194,0.41062084,0.06718847,0.7310111,0.0033886035,0.05391258,0.008319233,0.43472794,0.061500315,0.099598266,0.030738411,0.22905585,0.0024551868,"TWOGAUSSIANS_WITH_ELLIPSOIDAL_ON_ECLIPSE1",9,8.613253,0.7310111,0.0033227243,0.30191043,0.046587702,0.63388485,0.062169004,0.22905585,0.0024551868,0.24601454,0.05486989,0.6098078,0.08257345
375316653866487564,4147983658189881728,0.5086751,2282.066628551141,1.0092226560122108,3.666896E-5,18.928968,0.020543724,0.10100002,0.012080806,0.03202794,0.0060532875,0.3289077,0.062315222,0.3502815,0.024891403,0.06794526,0.035547014,0.12605801,0.079492986,null,null,null,null,"TWOGAUSSIANS",8,3.963414,0.10103002,0.012087454,0.17935649,0.03389841,0.32905835,0.062481012,0.3502815,0.024891403,0.38049343,0.1874438,0.12605801,0.079492986
375316653866487564,4147983864426082560,0.45992333,2293.021930108917,0.15506198307534858,8.4893116E-5,18.240059,0.0074435077,0.32466894,0.043215152,0.048978668,0.03303107,0.30943072,1.5899935,0.76788336,0.0073425793,0.033595424,0.017803075,0.23019223,0.111459635,null,null,null,null,"TWOGAUSSIANS",8,8.381752,0.32466894,0.043215152,0.27428055,0.12991056,0.30943072,1.5899937,0.76788336,0.0073425793,0.18813439,0.09969722,0.23019223,0.111459725
375316653866487564,4147984036146975744,0.4956504,2335.375606876875,2.0715831596098573,2.0205678E-4,18.370853,0.0027850815,0.44601643,0.010544141,0.04291006,0.008872024,0.21936221,0.16151507,0.7473264,0.0029322887,0.058679305,0.0041577583,0.09557631,0.0035422875,null,null,null,null,"TWOGAUSSIANS",8,4.7316084,0.44601643,0.010544141,0.24029633,0.049683332,0.2193624,0.16151506,0.7473264,0.0029322887,0.3286041,0.023283446,0.09557631,0.0035422875
375316653866487564,4147984036224633344,0.5589971,2324.9740652162836,1.0795716567157352,3.095928E-5,17.596886,0.004531893,0.24175423,0.052046984,0.07153281,0.024100866,0.056838896,0.034631025,0.70964384,0.011670746,0.0686159,0.0144056035,0.14827777,0.012340812,null,null,null,null,"TWOGAUSSIANS",8,2.883469,0.70964384,0.011670746,0.384249,0.040927064,0.14814436,0.012343109,0.24175423,0.052046984,0.4,0.034870625,0.056705493,0.034969214
375316653866487564,4147984070506669184,0.55927986,2308.6240425294754,2.2058077234250253,1.798759E-5,18.75621,0.020645486,0.2765062,0.006178162,0.09706152,0.009347301,0.50644225,0.043961458,0.7518134,0.009339024,0.0677427,0.01046493,0.5175444,0.03693003,null,null,null,null,"TWOGAUSSIANS",8,4.801289,0.7518134,0.009339024,0.3793591,0.057626247,0.51122856,0.03697635,0.2765062,0.006178162,0.4,0.0,0.50012296,0.045471195
375316653866487564,4147984173586197504,0.5077333,2264.553026495796,0.196850463342343,7.9984595E-5,19.77091,0.028327126,0.24156538,0.009923622,0.10322525,0.027111277,0.31488076,0.03930225,0.5181792,0.008691138,0.035891254,0.015397767,0.11386447,0.019981982,null,null,null,null,"TWOGAUSSIANS",8,1.2233049,0.24156538,0.009923622,0.4,0.0,0.3148757,0.039331358,0.5181792,0.008691138,0.20099102,0.08622749,0.1225459,0.028427487
375316653866487564,4147984517261093248,0.47859114,2270.7936798564874,4.4699494836705576,1.3378472E-4,17.36938,0.013483252,0.30455115,0.02292469,0.10515598,0.014896576,0.17192504,0.03445932,0.8352627,0.041138664,0.024892554,0.01924942,0.24201258,0.16729775,null,null,null,null,"TWOGAUSSIANS",8,33.91865,0.8352627,0.041138664,0.1393983,0.10779676,0.24194987,0.16605024,0.30455115,0.02292469,0.4,0.0,0.17185369,0.034427557
375316653866487564,4147984585980267776,0.43395463,2304.4100043999138,0.7361268117476004,4.9572725E-5,17.283691,0.030055206,0.23183493,0.011396415,0.07221795,0.02673255,0.10372602,0.015537367,0.76852727,0.012132569,0.13556269,0.051345218,0.099036746,0.023968432,null,null,null,null,"TWOGAUSSIANS",8,21.27679,0.23152493,0.010760513,0.4,0.12749025,0.097281225,0.012530714,0.76852727,0.012132569,0.4,0.0,0.09226386,0.017159771
375316653866487564,4147984826419766272,0.44122684,2273.6249811692705,2.453154593100477,2.7799224E-5,19.470646,0.020925246,0.26927313,0.006911293,0.030198319,0.030224554,0.13997896,null,null,null,null,null,null,null,0.15013774,0.034504514,0.26927313,0.006911293,"ONEGAUSSIAN_WITH_ELLIPSOIDAL",6,13.695895,0.26927313,0.006911293,0.16911058,0.1692575,0.4402537,null,null,null,null,null,null,null
375316653866487564,4147984895139616384,0.5105966,2282.004562026335,3.1248574314404185,6.1249855E-5,19.45874,0.071269825,0.30170542,0.005414754,0.12554614,0.022967251,0.2965105,0.06830411,0.79854876,0.014173476,0.105311014,0.023524716,0.31121957,0.070020184,null,null,null,null,"TWOGAUSSIANS",8,1.59686,0.79854876,0.014179443,0.4,0.0,0.2553579,0.027196065,0.30170542,0.005402063,0.4,0.0,0.24044257,0.014303394
375316653866487564,4147984963937522304,0.46926424,2290.8445802403194,1.694341314591185,6.979178E-5,16.171513,0.03552223,0.2522455,0.016279886,0.06971803,0.029074237,0.39378753,0.16303991,0.8007344,0.03123678,0.06229221,0.057770208,0.32095867,0.22247659,null,null,null,null,"TWOGAUSSIANS",8,91.15201,0.2522455,0.016279886,0.390421,0.0982171,0.3936602,0.16447175,0.8007344,0.03123678,0.3488364,0.32351318,0.32083133,0.22270504
375316653866487564,4147984998297201920,0.7453035,2304.801116553164,0.4504381140678152,1.0383726E-6,17.517776,0.006325908,0.22939216,0.024577536,0.02166921,0.014861983,0.059901677,1.0849679,0.7342482,1.3692363E-4,0.022886848,6.2528293E-4,1.4173626,0.015056907,0.019354504,0.008257806,0.7342482,1.3692363E-4,"TWOGAUSSIANS_WITH_ELLIPSOIDAL_ON_ECLIPSE2",9,4.245054,0.7342482,1.3692363E-4,0.12816635,0.0035015845,1.4560715,0.026955338,0.22950216,0.024657922,0.12134758,0.083227105,0.09857542,1.083154
375316653866487564,4147985097004168320,0.49087605,2290.099274694578,3.553274299147564,5.411483E-5,18.942354,0.024024604,0.21140277,0.016094161,0.09300674,0.022754105,0.21578978,0.036342084,0.6980478,0.007963583,0.10350365,0.016089924,0.20226489,0.024203895,null,null,null,null,"TWOGAUSSIANS",8,3.4645755,0.21140277,0.016099295,0.4,0.0,0.20207013,0.038900692,0.6980478,0.007963583,0.4,0.0,0.18854141,0.01568822
375316653866487564,4147985135657231488,0.5454932,2281.251111957814,2.79063151309339,1.2045342E-5,19.661837,0.02341982,0.31814846,0.010193842,0.08648309,0.010190751,0.5506027,0.054084107,0.808286,0.002801059,0.07525863,0.004787041,0.50621283,0.022098586,null,null,null,null,"TWOGAUSSIANS",8,1.8029087,0.31814846,0.010193842,0.4,0.0,0.54325736,0.053743135,0.808286,0.002801059,0.4,0.0,0.49886754,0.018724222
375316653866487564,4147985440601830528,0.5493575,2278.7447586584085,2.540473161218119,1.5170644E-5,18.187996,0.008380774,0.2631518,0.003080595,0.06819409,0.004116852,0.38350835,0.013799439,0.7670947,0.003831038,0.067419834,0.0047854935,0.3358783,0.020788206,null,null,null,null,"TWOGAUSSIANS",8,7.4948826,0.2631518,0.003080595,0.3818869,0.02305437,0.38278788,0.013816981,0.7670947,0.003831038,0.37755105,0.026798762,0.33515787,0.02086937
375316653866487564,4147985444895507584,0.53724146,2258.0286400758546,3.7141486114886404,3.626228E-5,18.897825,0.0386863,0.6049244,0.0064221234,0.19773576,0.024208637,0.34555233,0.034928136,0.23632729,0.003038811,0.019386413,0.009453506,0.067779906,0.19217892,null,null,null,null,"TWOGAUSSIANS",8,2.7557707,0.6049244,0.0064221234,0.4,0.0,0.31729797,0.014299149,0.23942728,0.0052107605,0.10856391,0.052939635,0.10327403,0.1905929
375316653866487564,4147985513615567488,0.53698236,2304.567129921819,2.4838359580270213,3.7933263E-5,19.251778,0.030817773,0.28692213,0.01227658,0.08168808,0.019076243,0.2906326,0.07501844,0.77454036,0.011819032,0.07669274,0.014381979,0.46177346,0.06393166,null,null,null,null,"TWOGAUSSIANS",8,4.713022,0.77454036,0.011819032,0.4,6.527661E-4,0.4579071,0.06385779,0.28692213,0.01227658,0.4,0.0,0.28676626,0.07699737
375316653866487564,4147985685414718464,0.5487289,2262.6251313014404,1.042151201485216,7.689893E-6,17.389248,0.0016751725,0.7631337,8.4481423E-4,0.042585336,0.0012643917,0.24334581,0.010708342,null,null,null,null,null,null,null,null,null,null,"ONEGAUSSIAN",5,1.7900892,0.7631337,8.4481423E-4,0.23847787,0.007080593,0.24334581,0.0,null,null,null,null,null,null
375316653866487564,4147986299595481856,0.5399249,2297.491737298042,3.4929781219657454,1.2747669E-5,18.578905,0.0056144358,0.22813039,0.005011837,0.0693508,0.008607701,0.18158545,0.011006453,0.73722434,0.033345826,0.06079625,0.013280664,0.20042492,0.07301133,null,null,null,null,"TWOGAUSSIANS",8,1.5350801,0.73722434,0.033345826,0.340459,0.062065825,0.20024446,0.07264066,0.22813039,0.005011837,0.3883645,0.036051076,0.181405,0.011091856
375316653866487564,4147986303967423872,0.603219,2288.9130169732175,2.154998868285552,8.535311E-6,17.410442,0.023123467,0.24855718,0.0029751637,0.04811476,0.009985087,0.35693714,0.06068805,0.7405717,0.004425898,0.046974022,0.006660032,0.3468286,0.049861103,0.14880407,0.028296592,0.24855718,0.0029751637,"TWOGAUSSIANS_WITH_ELLIPSOIDAL_ON_ECLIPSE1",9,20.176653,0.24855718,0.0029751637,0.26944265,0.055916492,0.6545442,0.06988858,0.7416117,0.0039436747,0.26305452,0.03729618,0.6437842,0.021885972
375316653866487564,4147986475689066240,0.5439894,2273.6195448718904,0.2404838346729166,2.4548808E-5,17.47549,0.004253874,0.47488254,0.041134372,0.1147345,0.02759711,0.068128414,0.007123012,0.7238108,0.027631752,0.073048614,0.018397123,0.22406499,0.06480675,null,null,null,null,"TWOGAUSSIANS",8,2.5587406,0.7238108,0.027631752,0.4,0.013126221,0.23046914,0.06494333,0.48368254,0.35737014,0.4,0.0,0.068867385,0.24019945
375316653866487564,4147986540114117120,0.57502013,2275.127416518366,2.62682282271628,1.3470908E-5,18.441969,0.0229886,0.2632019,0.015368282,0.09061903,0.015217787,0.36910844,0.038129646,0.77946496,0.009666479,0.06919733,0.007446282,0.42136857,0.03930361,null,null,null,null,"TWOGAUSSIANS",8,3.4661183,0.77946496,0.00966501,0.38750505,0.030012447,0.41717806,0.03576989,0.2632019,0.015368282,0.4,0.0,0.36491767,0.0341435
375316653866487564,4147986647564857344,0.48748577,2278.779675924891,1.8397132626102646,3.8585884E-5,17.644337,0.0600821,0.24567331,0.015783628,0.10386921,0.047810018,0.1320934,0.08870482,0.7263214,0.006411477,0.08908679,0.028990805,0.23655805,0.05489644,null,null,null,null,"TWOGAUSSIANS",8,14.185404,0.7263214,0.006411477,0.4,0.0,0.22744718,0.03637539,0.24567331,0.01575893,0.4,0.0,0.12297921,0.07835694
375316653866487564,4147986716207795456,0.5025712,2260.787744976697,0.2722970708594534,7.108059E-5,19.437832,0.005056413,0.42398465,0.017203262,0.12786125,0.016308485,0.27061823,0.056671876,0.79885805,0.0043719686,0.04386993,0.0068806377,0.13729857,0.010794699,null,null,null,null,"TWOGAUSSIANS",8,0.60255164,0.42398465,0.017203262,0.4,0.0,0.27004838,0.056891464,0.79885805,0.0043719686,0.24567162,0.03853157,0.1404099,0.011874439
375316653866487564,4147986853723400448,0.63190216,2269.197247918853,1.9539565661479519,2.018262E-5,18.19487,0.005803125,0.20440716,0.0057810005,0.07188265,0.009640169,0.1951475,0.00888979,0.7067438,0.0062502944,0.0786204,0.0073713637,0.45203486,0.013216679,null,null,null,null,"TWOGAUSSIANS",8,2.875045,0.7067438,0.0062502944,0.4,0.0,0.4497468,0.013476756,0.20440716,0.0057810005,0.4,0.016667703,0.19285941,0.009246133
375316653866487564,4147987399124659840,0.49372822,2272.9645095266583,3.642867618927586,3.4327768E-5,19.32367,0.04800527,0.34909084,0.013038235,0.08791191,0.017975084,0.42049056,0.08006933,0.8403779,0.010941221,0.08450999,0.021252764,0.4442478,0.06465291,null,null,null,null,"TWOGAUSSIANS",8,8.202999,0.8403779,0.010941221,0.4,0.0,0.43312764,0.06954404,0.34909084,0.013038235,0.4,0.0,0.40937036,0.083131194
375316653866487564,4147987575201993600,0.52256966,2299.1372110338975,2.802356770713484,3.4880897E-5,18.789185,0.055657484,0.19224449,0.0034618184,0.11878836,0.024342362,0.25394452,0.047041584,0.6937016,0.0073054633,0.116323024,0.020892939,0.2926592,0.050792143,null,null,null,null,"TWOGAUSSIANS",8,2.5561447,0.69371164,0.007308476,0.4,0.0,0.23675252,0.01033296,0.19223449,0.003452979,0.4,0.0,0.19802256,0.009842779
