Gaia/vari_eclipsing_binary/VariEclipsingBinary_676665-676683.csv
# %ECSV 1.0
# ---
# delimiter: ','
# meta: !!omap
# - RELEASE: Gaia DR3
# - TABLE: vari_eclipsing_binary
# - DESCRIPTION: >
#     This table describes the properties of the eclipsing binaries resulting from the variability analysis. 
# - CITATION: >
#     How to cite and acknowledge Gaia: 
#     https://gea.esac.esa.int/archive/documentation/credits.html 
# - KNOWN_ISSUES: >
#     Known issues: 
#     https://www.cosmos.esa.int/web/gaia-users/known-issues 
# - DOCUMENTATION: >
#     Tutorials and documentation: 
#     https://www.cosmos.esa.int/web/gaia-users/archive 
# datatype:
# - 
#   name: solution_id
#   datatype: int64
#   description: Solution Identifier
#   meta:
#     ucd: meta.version
# - 
#   name: source_id
#   datatype: int64
#   description: Unique source identifier
#   meta:
#     ucd: meta.id;meta.main
# - 
#   name: global_ranking
#   datatype: float32
#   description: Number between 0 (worst) and 1 (best)
#   meta:
#     ucd: stat.param
# - 
#   name: reference_time
#   datatype: float64
#   unit: d
#   description: Reference time used for the geometric model fit
#   meta:
#     ucd: time.epoch
# - 
#   name: frequency
#   datatype: float64
#   unit: d**-1
#   description: Frequency of geometric model of the eclipsing binary light curve
#   meta:
#     ucd: src.orbital
# - 
#   name: frequency_error
#   datatype: float32
#   unit: d**-1
#   description: "Uncertainty of \\texttt{frequency}"
#   meta:
#     ucd: stat.error
# - 
#   name: geom_model_reference_level
#   datatype: float32
#   unit: mag
#   description: Magnitude reference level of geometric model
#   meta:
#     ucd: phot.mag;em.opt
# - 
#   name: geom_model_reference_level_error
#   datatype: float32
#   unit: mag
#   description: "Uncertainty of \\texttt{geomModelReferenceLevel}"
#   meta:
#     ucd: stat.error;phot.mag;em.opt
# - 
#   name: geom_model_gaussian1_phase
#   datatype: float32
#   description: Phase of the Gaussian 1 component
#   meta:
#     ucd: time.phase
# - 
#   name: geom_model_gaussian1_phase_error
#   datatype: float32
#   description: "Uncertainty of \\texttt{geomModelGaussian1Phase}"
#   meta:
#     ucd: stat.error;time.phase
# - 
#   name: geom_model_gaussian1_sigma
#   datatype: float32
#   description: "Standard deviation [phase] of Gaussian 1 component"
#   meta:
#     ucd: stat.stdev
# - 
#   name: geom_model_gaussian1_sigma_error
#   datatype: float32
#   description: "Uncertainty of \\texttt{geomModelGaussian1Sigma}"
#   meta:
#     ucd: stat.error
# - 
#   name: geom_model_gaussian1_depth
#   datatype: float32
#   unit: mag
#   description: Magnitude depth of Gaussian 1 component
#   meta:
#     ucd: src.var.amplitude
# - 
#   name: geom_model_gaussian1_depth_error
#   datatype: float32
#   unit: mag
#   description: "Uncertainty of \\texttt{geomModelGaussian1Depth}"
#   meta:
#     ucd: stat.error;src.var.amplitude
# - 
#   name: geom_model_gaussian2_phase
#   datatype: float32
#   description: Phase of Gaussian 2 component
#   meta:
#     ucd: time.phase
# - 
#   name: geom_model_gaussian2_phase_error
#   datatype: float32
#   description: "Uncertainty of \\texttt{geomModelGaussian2Phase}"
#   meta:
#     ucd: stat.error;time.phase
# - 
#   name: geom_model_gaussian2_sigma
#   datatype: float32
[...]
#   datatype: float32
#   description: "Secondary eclipse: uncertainty of \\texttt{derivedSecondaryEclDuration}"
#   meta:
#     ucd: stat.error;time.duration
# - 
#   name: derived_secondary_ecl_depth
#   datatype: float32
#   unit: mag
#   description: "Secondary eclipse: depth"
#   meta:
#     ucd: src.var.amplitude
# - 
#   name: derived_secondary_ecl_depth_error
#   datatype: float32
#   unit: mag
#   description: "Secondary eclipse: uncertainty of \\texttt{derivedSecondaryEclDepth}"
#   meta:
#     ucd: stat.error;src.var.amplitude
solution_id,source_id,global_ranking,reference_time,frequency,frequency_error,geom_model_reference_level,geom_model_reference_level_error,geom_model_gaussian1_phase,geom_model_gaussian1_phase_error,geom_model_gaussian1_sigma,geom_model_gaussian1_sigma_error,geom_model_gaussian1_depth,geom_model_gaussian1_depth_error,geom_model_gaussian2_phase,geom_model_gaussian2_phase_error,geom_model_gaussian2_sigma,geom_model_gaussian2_sigma_error,geom_model_gaussian2_depth,geom_model_gaussian2_depth_error,geom_model_cosine_half_period_amplitude,geom_model_cosine_half_period_amplitude_error,geom_model_cosine_half_period_phase,geom_model_cosine_half_period_phase_error,model_type,num_model_parameters,reduced_chi2,derived_primary_ecl_phase,derived_primary_ecl_phase_error,derived_primary_ecl_duration,derived_primary_ecl_duration_error,derived_primary_ecl_depth,derived_primary_ecl_depth_error,derived_secondary_ecl_phase,derived_secondary_ecl_phase_error,derived_secondary_ecl_duration,derived_secondary_ecl_duration_error,derived_secondary_ecl_depth,derived_secondary_ecl_depth_error
[from data line 443]
375316653866487564,5952143254242279424,0.4736869,2191.134524348442,1.8891678414118553,1.6515723E-5,18.344543,0.010463147,0.27197805,0.0061009955,0.06616781,0.009079796,0.17483695,0.022649141,0.71450907,0.014088509,0.085884236,0.01900654,0.15570906,0.012327764,null,null,null,null,"TWOGAUSSIANS",8,4.2287626,0.27197805,0.0061021666,0.37053972,0.048549145,0.17444624,0.022529513,0.71450907,0.014088509,0.4,0.0,0.15531808,0.011519481
375316653866487564,5952143662266134272,0.46967065,2205.7229382109263,3.2175229895608917,4.657714E-5,18.898605,0.004718277,null,null,null,null,null,null,null,null,null,null,null,null,0.07646997,0.0067216735,0.2536013,0.007176254,"ELLIPSOIDAL",4,3.494651,null,null,null,null,null,null,null,null,null,null,null,null
375316653866487564,5952143735278843648,0.54899395,2204.4929434621877,3.1968073133147086,1.3158975E-5,18.948792,0.016970392,0.2613493,0.004608498,0.03670861,0.0037306987,0.41813546,0.042571414,0.7691219,0.0054856115,0.05669658,0.00473561,0.5847978,0.04017084,0.12607622,0.016224146,0.2613493,0.004608498,"TWOGAUSSIANS_WITH_ELLIPSOIDAL_ON_ECLIPSE1",9,5.449412,0.7691219,0.0054856115,0.31750083,0.026519416,0.8363298,0.029408291,0.2613493,0.004608498,0.2055682,0.020891912,0.6702684,0.030816298
375316653866487564,5952143765322218368,0.5854412,2197.4533473677293,3.415959514969791,6.4237533E-6,17.621407,0.004727217,0.29481632,0.0037341255,0.052041106,0.008336085,0.19930953,0.012859909,0.79093915,0.0027958131,0.040264267,0.0043952065,0.12741978,0.013942569,0.06761373,0.0076991455,0.29481632,0.0037341255,"TWOGAUSSIANS_WITH_ELLIPSOIDAL_ON_ECLIPSE1",9,4.470327,0.29481632,0.0037341255,0.2914302,0.04668208,0.3345347,0.007386904,0.7913991,0.0022722916,0.2254799,0.024613157,0.26257434,0.013537774
375316653866487564,5952143838358086912,0.60858256,2216.0363320028614,3.0879773441143556,1.080295E-6,18.426023,0.0028836722,0.17818584,0.0148403095,0.04043456,0.010479746,0.031773724,0.025305882,0.69194895,1.6170004E-8,9.131779E-4,2.4469869E-6,1.5914568,4.6888908E-4,null,null,null,null,"TWOGAUSSIANS",8,2.1479797,0.69194895,1.6170004E-8,0.0051137963,1.3703127E-5,1.5914568,4.6888908E-4,0.17818584,0.0148403095,0.22643355,0.058686577,0.031773724,0.025305882
375316653866487564,5952144250712224000,0.4769808,2187.1384699019263,2.9948707026787194,1.23722575E-5,19.352613,0.019524466,0.22644596,0.008736483,0.07801048,0.011386554,0.32195646,0.046553224,0.7174594,0.002813328,0.08571319,0.009161412,0.26205897,0.01374312,null,null,null,null,"TWOGAUSSIANS",8,1.7899374,0.22644596,0.008736483,0.4,0.0,0.31736058,0.047775026,0.7174594,0.002813328,0.4,0.0,0.2574631,0.012102989
375316653866487564,5952144525590470784,0.64289844,2225.010554056024,2.518712366517223,3.0883568E-6,15.375578,0.0065874453,0.2947769,9.6744247E-4,0.0639494,0.004723439,0.09131628,0.012909217,0.7936305,0.0034238896,0.065666325,0.005267084,0.12885976,0.0127588315,0.05034114,0.0065978714,0.2947769,9.6744247E-4,"TWOGAUSSIANS_WITH_ELLIPSOIDAL_ON_ECLIPSE1",9,5.349929,0.7938705,0.0026719507,0.36773142,0.02949567,0.22940853,0.007871259,0.2947769,9.6744247E-4,0.35811663,0.026451258,0.19186918,0.0017730492
375316653866487564,5952144761756028544,0.512859,2191.312848511803,2.8832172065501958,2.4040059E-5,18.3534,0.01707674,0.30712745,0.006125716,0.09812261,0.012496489,0.24171208,0.012910671,0.8100082,0.0042472784,0.08377467,0.0072849137,0.2910918,0.026311465,null,null,null,null,"TWOGAUSSIANS",8,4.2060018,0.8100082,0.0042472784,0.4,0.0,0.27962413,0.02712439,0.30712745,0.006125716,0.4,0.0,0.23024331,0.009133308
375316653866487564,5952144761761286272,0.584652,2207.5580988988822,1.4312586828248104,6.3324346E-6,17.397112,0.005726086,0.3344076,0.0014983312,0.03801613,0.0019241823,0.5090166,0.021456243,null,null,null,null,null,null,0.013406691,0.013620004,0.3344076,0.0014983312,"ONEGAUSSIAN_WITH_ELLIPSOIDAL",6,9.26159,0.3344076,0.0014983312,0.21289031,0.010775421,0.5358299,0.01683298,null,null,null,null,null,null
375316653866487564,5952144903547586560,0.49555805,2227.85163870982,1.6198556523081826,2.3617844E-5,14.718421,0.07251897,0.2736699,0.008183213,0.14362456,0.041690182,0.11123845,0.06766091,0.798464,0.014460792,0.14300032,0.0437344,0.08322554,0.06791839,null,null,null,null,"TWOGAUSSIANS",8,24.61013,0.2726599,0.00647492,0.4,0.0,0.07581488,0.0038647477,0.800374,0.01160969,0.4,0.0,0.047981385,0.00519494
375316653866487564,5952145964345486336,0.6078597,2223.4459293420487,1.9944174188316626,1.1259918E-5,17.372759,0.03125545,0.24802613,0.011283203,0.096497335,0.015784143,0.35769263,0.033625755,0.74907905,0.006128797,0.10205549,0.0139509635,0.26034105,0.030553466,null,null,null,null,"TWOGAUSSIANS",8,4.618421,0.24802613,0.011283203,0.4,0.0,0.33262187,0.018239213,0.74907905,0.006128797,0.4,0.0,0.23526813,0.009889402
375316653866487564,5952146003073310848,0.5094211,2245.571497694423,2.681694744875159,3.0737432E-5,18.889816,0.044799116,0.23563395,0.0048772776,0.09008457,0.019634962,0.17269221,0.04219871,0.7381427,0.006114774,0.0850667,0.04404874,0.23900531,0.02574019,null,null,null,null,"TWOGAUSSIANS",8,1.508216,0.7381427,0.0061197127,0.4,0.0,0.23242572,0.06113441,0.23563395,0.0048886994,0.4,0.0,0.16611257,0.011855937
375316653866487564,5952146174820892800,0.52621925,2222.8842678525757,0.7837045713136739,2.483486E-5,19.454166,0.027728511,0.24809366,0.024724979,0.06500805,0.029968685,0.14368789,0.030568605,0.72786695,0.03276023,0.030483294,0.08226525,0.84543556,0.90729916,null,null,null,null,"TWOGAUSSIANS",8,1.9988359,0.72786695,0.03276023,0.17070645,0.22643137,0.8454354,0.9119517,0.24809366,0.024751004,0.3640451,0.12627862,0.14368773,0.026271492
375316653866487564,5952146342334010240,0.52788305,2229.867492415331,2.967803547402559,1.1843542E-5,19.2279,0.008008995,0.20148405,0.004663128,0.07666208,0.0053114924,0.45371318,0.023031285,0.70335966,0.0015899687,0.070920676,0.0026918873,0.5700318,0.016157242,null,null,null,null,"TWOGAUSSIANS",8,2.3887742,0.70335966,0.0015899687,0.39715576,0.012881694,0.56691676,0.016432334,0.20148405,0.004663128,0.4,0.0,0.4505981,0.02383678
375316653866487564,5952146587137828224,0.4926491,2223.4272700557985,2.3058831610213018,2.2460254E-5,19.110016,0.0087426165,0.2787136,0.020392533,0.06892553,0.020697013,0.06639444,0.018073492,0.7646205,0.0027524012,0.055989187,0.004532427,0.22428617,0.013168695,null,null,null,null,"TWOGAUSSIANS",8,2.2548952,0.7646205,0.0027524012,0.31353945,0.025381591,0.22423907,0.013170583,0.2787136,0.020392533,0.38598296,0.08830539,0.06634733,0.018104063
375316653866487564,5952146827692655616,0.4411993,2228.7576267478858,2.582579462861169,7.443936E-5,19.02334,0.011615797,0.38198,0.017568862,0.11642566,0.027859686,0.0913409,0.015796982,0.6825004,0.0058708307,0.048895262,0.007506843,0.12550576,0.012129129,null,null,null,null,"TWOGAUSSIANS",8,4.7772303,0.6825004,0.0058708307,0.27381346,0.04203832,0.12874256,0.0122887,0.38198,0.017568862,0.4,0.0,0.09131274,0.015799712
375316653866487564,5952146965094542080,0.5918638,2214.9829070245223,3.0116653842156,8.371968E-6,17.840397,0.010365556,0.21340828,0.0021198133,0.09630685,0.0042671217,0.28525192,0.010325569,0.7066195,0.0048575345,0.09650604,0.005902451,0.31175825,0.012576609,null,null,null,null,"TWOGAUSSIANS",8,2.2984343,0.7066195,0.0048575345,0.4,0.0,0.2929073,0.010210534,0.21340828,0.0021198133,0.4,0.0,0.26640108,0.005272699
375316653866487564,5952147068210879872,0.59142077,2219.3420669129005,1.7580419945346448,8.049825E-6,14.689967,0.00785946,0.2489499,0.0022423842,0.09552029,0.0076087723,0.23962177,0.014229492,0.751109,0.0029010712,0.08914424,0.0057469425,0.19306019,0.007992804,null,null,null,null,"TWOGAUSSIANS",8,26.077446,0.2489499,0.0022423842,0.4,0.0,0.22892888,0.018173752,0.751109,0.0029010712,0.4,0.0,0.18236779,0.0072903708
375316653866487564,5952147583573425280,0.48319495,2218.2305426376315,4.31517604789462,1.6851276E-5,18.215826,0.005794207,0.13655347,0.0029191044,0.02853127,0.0042566676,0.15531108,0.008308351,0.45494786,0.024867373,0.058424987,0.026601188,0.03301002,0.011376914,null,null,null,null,"TWOGAUSSIANS",8,2.8147056,0.13655347,0.0029191044,0.15977512,0.023837337,0.1553111,0.008308571,0.45494786,0.024867373,0.32717994,0.14896666,0.03301002,0.011376914
375316653866487564,5952147824125225472,0.4980659,2203.840923161528,2.9385151242691694,2.0555362E-5,18.028912,0.29512858,0.2446064,0.008067575,0.13902952,0.07212262,0.2103674,0.2872904,0.764077,0.010510861,0.12422582,0.047566563,0.23187433,0.25130638,null,null,null,null,"TWOGAUSSIANS",8,5.8505936,0.764627,0.007936872,0.4,0.0,0.16995585,0.017265324,0.2443464,0.007388912,0.4,0.0,0.14788337,0.016138813
375316653866487564,5952148305125018112,0.47773665,2231.5542386517213,3.1813672955608316,3.840357E-5,18.975252,0.008769504,0.23513818,0.0072969627,0.08839026,0.010550641,0.19712506,0.013101941,0.72628427,0.007352755,0.06981013,0.01496009,0.15572721,0.02994887,null,null,null,null,"TWOGAUSSIANS",8,3.4766538,0.23513818,0.0072969627,0.4,0.0,0.1951252,0.013067277,0.72628427,0.007352755,0.39093673,0.06768364,0.1537274,0.031277303
375316653866487564,5952148373844486016,0.62366045,2226.6214687409506,0.3997857845787175,5.4209646E-5,17.920244,0.0011289901,0.3616743,0.012622956,0.007180023,0.0055182655,3.6538126,2.8892708,null,null,null,null,null,null,6.582691E-4,0.002228249,0.3616743,0.012622956,"ONEGAUSSIAN_WITH_ELLIPSOIDAL",6,3.2656472,0.3616743,0.012622956,0.040208127,0.030902285,3.6551292,2.888036,null,null,null,null,null,null
375316653866487564,5952148511283341952,0.62505186,2238.32614500479,2.953259467077466,6.1527835E-6,18.84214,0.0066499542,0.16487035,0.0018454506,0.041324206,0.0029576847,0.34013286,0.05299118,0.66344005,0.0029735514,0.052573074,0.003014829,0.38662186,0.022722699,0.120693184,0.009350959,0.16487035,0.0018454506,"TWOGAUSSIANS_WITH_ELLIPSOIDAL_ON_ECLIPSE1",9,0.8405383,0.66361004,0.002586711,0.29440922,0.016883042,0.6279869,0.020941375,0.16487035,0.0018454506,0.23141555,0.016563036,0.5815151,0.048517976
375316653866487564,5952148953643206016,0.64814353,2219.7217197173504,0.2703278957106144,1.07535825E-5,16.821428,0.0036797225,0.26033658,0.0040064957,0.028319221,0.010005637,0.10901758,0.25920868,0.7583512,3.5702917E-4,0.028505556,8.679168E-4,0.59919316,0.015270051,0.044634335,0.0052331747,0.26033658,0.0040064957,"TWOGAUSSIANS_WITH_ELLIPSOIDAL_ON_ECLIPSE1",9,7.240567,0.7583712,3.5575777E-4,0.1596311,0.004860334,0.68844795,0.015625102,0.26033658,0.0040064957,0.15858763,0.056031566,0.19828615,0.26092148
375316653866487564,5952149056721942400,0.45935413,2209.7459174723767,2.5828608308802177,2.7693042E-5,17.46558,0.001827169,0.23778951,0.025856575,0.023437992,0.016728874,0.023991967,0.025422746,0.52516276,0.00535282,0.056300998,0.004185045,0.06700952,0.004229156,null,null,null,null,"TWOGAUSSIANS",8,2.8575814,0.52516276,0.00535282,0.3152856,0.023436252,0.06700952,0.004229156,0.23778951,0.025856575,0.13125275,0.09368169,0.023992114,0.025422499
375316653866487564,5952149129760891008,0.4672526,2208.481012555251,4.006523288395942,2.6367063E-5,18.115995,0.0028534904,0.70642585,0.0042327074,0.016164977,0.050697304,0.016266642,0.010621323,null,null,null,null,null,null,0.07391054,0.007581535,0.70642585,0.0042327074,"ONEGAUSSIAN_WITH_ELLIPSOIDAL",6,6.4070706,0.70642585,0.0042327074,0.090523876,0.2839049,0.16408773,0.009445864,null,null,null,null,null,null
375316653866487564,5952149679516855168,0.4980516,2210.7199752181555,2.9480702911843655,3.9826584E-5,19.163343,0.014141818,0.26551986,0.006141255,0.088854775,0.0077958354,0.357712,0.02412014,0.75607884,0.009342591,0.09061965,0.01015103,0.26470375,0.027395517,null,null,null,null,"TWOGAUSSIANS",8,3.767342,0.26551986,0.006141255,0.4,0.0,0.34679335,0.02394842,0.75607884,0.009342591,0.4,0.0,0.25378507,0.024254117
375316653866487564,5952150053155902080,0.47295648,2222.251186800987,2.6007331524474835,2.3724191E-5,18.280947,0.003585523,0.7728441,0.004899216,0.013090344,0.004222925,0.008962092,0.0065456997,null,null,null,null,null,null,0.06368492,0.005881741,0.7728441,0.004899216,"ONEGAUSSIAN_WITH_ELLIPSOIDAL",6,5.901923,0.7728441,0.004899216,0.07330593,0.02364838,0.13633177,0.00846052,null,null,null,null,null,null
375316653866487564,5952150057474283264,0.41847903,2262.6149018674128,2.800268980431967,1.6467553E-5,19.900791,0.023539338,0.26553148,0.016019875,0.058164384,0.014095031,0.25386482,0.15008073,0.57332486,4.1071622E-4,0.018972084,0.0021539782,0.43332723,0.028303334,null,null,null,null,"TWOGAUSSIANS",8,7.157678,0.57332486,4.1071622E-4,0.10624367,0.012062278,0.43332744,0.028303431,0.26553148,0.016019875,0.32572055,0.07893217,0.25386482,0.15008073
375316653866487564,5952150298027383296,0.47743157,2209.3109017080815,2.638883956087448,4.06961E-5,17.78978,0.030537402,0.32708433,0.012538173,0.10004248,0.026164114,0.21688932,0.026085526,0.8229835,0.010344633,0.08502854,0.023807557,0.21221225,0.023366034,null,null,null,null,"TWOGAUSSIANS",8,14.325459,0.32708433,0.012538173,0.4,0.0,0.20641151,0.023597939,0.8229835,0.010346094,0.4,0.0,0.2017361,0.011627699
375316653866487564,5952150328039131648,0.46853554,2222.65183283802,0.14986097364858927,2.7387975E-6,15.44356,0.004122249,0.21540482,0.026028937,0.028114691,0.020815749,0.043194618,3.8043118,0.8930553,1.3502075E-5,0.0022502267,5.740432E-5,1.759016,0.10867712,0.012868975,0.0075220717,0.21540482,0.026028937,"TWOGAUSSIANS_WITH_ELLIPSOIDAL_ON_ECLIPSE1",9,240.41867,0.8930553,1.3502075E-5,0.012601269,3.214642E-4,1.7639782,0.10919472,0.21540482,0.026028937,0.15744227,0.11656819,0.06893256,3.803434
375316653866487564,5952150504151039488,0.49566326,2224.7647264208945,4.438675233560698,4.625203E-5,18.885857,0.003807182,0.08849019,0.010074665,0.022995794,0.0053409296,0.4087531,0.32124683,0.4195635,0.024426827,0.0130794225,0.028950403,0.5851459,0.88585067,null,null,null,null,"TWOGAUSSIANS",8,3.4573557,0.4195635,0.024426827,0.073244765,0.16212225,0.5851459,0.88585067,0.08849019,0.010074665,0.12877645,0.029909207,0.4087531,0.32124683
375316653866487564,5952150779063797888,0.46910575,2216.4242581687563,3.03478138939426,4.0054383E-5,18.93572,0.027680628,0.26188135,0.007697369,0.07991364,0.010807309,0.37451568,0.038709782,0.7588773,0.00989968,0.084294625,0.012670673,0.3711759,0.032826442,null,null,null,null,"TWOGAUSSIANS",8,14.111441,0.26188135,0.007697369,0.4,0.0,0.36768,0.036633734,0.7588773,0.00989968,0.4,0.0,0.3643402,0.028924245
375316653866487564,5952151260100021760,0.59291524,2199.5830340437315,1.0642450864750248,7.944306E-6,14.147275,0.038609285,0.27229905,0.002094817,0.13993594,0.026470141,0.11658506,0.036806602,0.77294624,0.0014787931,0.12506998,0.018072665,0.124311954,0.03642629,null,null,null,null,"TWOGAUSSIANS",8,8.694745,0.7729662,0.0014753313,0.4,0.0,0.08448177,0.0015249804,0.27228907,0.0021279023,0.4,0.0,0.07644509,0.0020630995
375316653866487564,5952151805507895296,0.58690816,2215.2747150607916,3.941759619467518,1.10509145E-5,18.375908,0.014741474,0.23479997,0.004234652,0.04952713,0.008690135,0.34118837,0.064698234,0.73731107,0.0028858527,0.047963794,0.0047974284,0.28785777,0.033047855,0.068223596,0.017799018,0.23479997,0.004234652,"TWOGAUSSIANS_WITH_ELLIPSOIDAL_ON_ECLIPSE1",9,3.2178981,0.23479997,0.004234652,0.27735195,0.048664752,0.47763386,0.06901746,0.73731107,0.0028858527,0.26859725,0.026865598,0.42426932,0.016366566
375316653866487564,5952151942941618048,0.54093987,2231.5246738035794,2.9384872924710597,1.3859305E-5,17.786171,0.02439773,0.2608562,0.0031746826,0.09557678,0.007346053,0.4511008,0.022183662,0.7691796,0.0033350333,0.091363065,0.0067307213,0.4671447,0.02445496,null,null,null,null,"TWOGAUSSIANS",8,14.880888,0.7691796,0.0033350333,0.4,0.0,0.44439474,0.019688334,0.2608562,0.0031746826,0.4,0.0,0.42835003,0.015048584
