Gaia/vari_eclipsing_binary/VariEclipsingBinary_678803-678825.csv
# %ECSV 1.0
# ---
# delimiter: ','
# meta: !!omap
# - RELEASE: Gaia DR3
# - TABLE: vari_eclipsing_binary
# - DESCRIPTION: >
#     This table describes the properties of the eclipsing binaries resulting from the variability analysis. 
# - CITATION: >
#     How to cite and acknowledge Gaia: 
#     https://gea.esac.esa.int/archive/documentation/credits.html 
# - KNOWN_ISSUES: >
#     Known issues: 
#     https://www.cosmos.esa.int/web/gaia-users/known-issues 
# - DOCUMENTATION: >
#     Tutorials and documentation: 
#     https://www.cosmos.esa.int/web/gaia-users/archive 
# datatype:
# - 
#   name: solution_id
#   datatype: int64
#   description: Solution Identifier
#   meta:
#     ucd: meta.version
# - 
#   name: source_id
#   datatype: int64
#   description: Unique source identifier
#   meta:
#     ucd: meta.id;meta.main
# - 
#   name: global_ranking
#   datatype: float32
#   description: Number between 0 (worst) and 1 (best)
#   meta:
#     ucd: stat.param
# - 
#   name: reference_time
#   datatype: float64
#   unit: d
#   description: Reference time used for the geometric model fit
#   meta:
#     ucd: time.epoch
# - 
#   name: frequency
#   datatype: float64
#   unit: d**-1
#   description: Frequency of geometric model of the eclipsing binary light curve
#   meta:
#     ucd: src.orbital
# - 
#   name: frequency_error
#   datatype: float32
#   unit: d**-1
#   description: "Uncertainty of \\texttt{frequency}"
#   meta:
#     ucd: stat.error
# - 
#   name: geom_model_reference_level
#   datatype: float32
#   unit: mag
#   description: Magnitude reference level of geometric model
#   meta:
#     ucd: phot.mag;em.opt
# - 
#   name: geom_model_reference_level_error
#   datatype: float32
#   unit: mag
#   description: "Uncertainty of \\texttt{geomModelReferenceLevel}"
#   meta:
#     ucd: stat.error;phot.mag;em.opt
# - 
#   name: geom_model_gaussian1_phase
#   datatype: float32
#   description: Phase of the Gaussian 1 component
#   meta:
#     ucd: time.phase
# - 
#   name: geom_model_gaussian1_phase_error
#   datatype: float32
#   description: "Uncertainty of \\texttt{geomModelGaussian1Phase}"
#   meta:
#     ucd: stat.error;time.phase
# - 
#   name: geom_model_gaussian1_sigma
#   datatype: float32
#   description: "Standard deviation [phase] of Gaussian 1 component"
#   meta:
#     ucd: stat.stdev
# - 
#   name: geom_model_gaussian1_sigma_error
#   datatype: float32
#   description: "Uncertainty of \\texttt{geomModelGaussian1Sigma}"
#   meta:
#     ucd: stat.error
# - 
#   name: geom_model_gaussian1_depth
#   datatype: float32
#   unit: mag
#   description: Magnitude depth of Gaussian 1 component
#   meta:
#     ucd: src.var.amplitude
# - 
#   name: geom_model_gaussian1_depth_error
#   datatype: float32
#   unit: mag
#   description: "Uncertainty of \\texttt{geomModelGaussian1Depth}"
#   meta:
#     ucd: stat.error;src.var.amplitude
# - 
#   name: geom_model_gaussian2_phase
#   datatype: float32
#   description: Phase of Gaussian 2 component
#   meta:
#     ucd: time.phase
# - 
#   name: geom_model_gaussian2_phase_error
#   datatype: float32
#   description: "Uncertainty of \\texttt{geomModelGaussian2Phase}"
#   meta:
#     ucd: stat.error;time.phase
# - 
#   name: geom_model_gaussian2_sigma
#   datatype: float32
[...]
#   datatype: float32
#   description: "Secondary eclipse: uncertainty of \\texttt{derivedSecondaryEclDuration}"
#   meta:
#     ucd: stat.error;time.duration
# - 
#   name: derived_secondary_ecl_depth
#   datatype: float32
#   unit: mag
#   description: "Secondary eclipse: depth"
#   meta:
#     ucd: src.var.amplitude
# - 
#   name: derived_secondary_ecl_depth_error
#   datatype: float32
#   unit: mag
#   description: "Secondary eclipse: uncertainty of \\texttt{derivedSecondaryEclDepth}"
#   meta:
#     ucd: stat.error;src.var.amplitude
solution_id,source_id,global_ranking,reference_time,frequency,frequency_error,geom_model_reference_level,geom_model_reference_level_error,geom_model_gaussian1_phase,geom_model_gaussian1_phase_error,geom_model_gaussian1_sigma,geom_model_gaussian1_sigma_error,geom_model_gaussian1_depth,geom_model_gaussian1_depth_error,geom_model_gaussian2_phase,geom_model_gaussian2_phase_error,geom_model_gaussian2_sigma,geom_model_gaussian2_sigma_error,geom_model_gaussian2_depth,geom_model_gaussian2_depth_error,geom_model_cosine_half_period_amplitude,geom_model_cosine_half_period_amplitude_error,geom_model_cosine_half_period_phase,geom_model_cosine_half_period_phase_error,model_type,num_model_parameters,reduced_chi2,derived_primary_ecl_phase,derived_primary_ecl_phase_error,derived_primary_ecl_duration,derived_primary_ecl_duration_error,derived_primary_ecl_depth,derived_primary_ecl_depth_error,derived_secondary_ecl_phase,derived_secondary_ecl_phase_error,derived_secondary_ecl_duration,derived_secondary_ecl_duration_error,derived_secondary_ecl_depth,derived_secondary_ecl_depth_error
[from data line 369]
375316653866487564,5970939504306302464,0.4776454,2183.857788839188,1.5548761693815947,4.2377902E-5,19.171097,0.045505907,0.30870658,0.018125577,0.121395804,0.03274848,0.19510163,0.041795697,0.7871503,0.0058333687,0.09691318,0.014270085,0.29318967,0.04296259,null,null,null,null,"TWOGAUSSIANS",8,2.847526,0.7871503,0.0058333687,0.4,0.0,0.26679438,0.027628189,0.30871657,0.018117813,0.4,0.0,0.16860616,0.01746096
375316653866487564,5970939611714170752,0.42408085,2159.511937801022,1.1444616302700064,3.679957E-5,19.625969,0.0221265,0.17115942,0.008011592,0.08201565,0.010590921,0.23401442,0.034558486,0.895621,0.023427647,0.016971372,0.04384849,0.40966803,0.30770582,null,null,null,null,"TWOGAUSSIANS",8,4.8564153,0.89564097,0.022921253,0.09503969,0.24555154,0.41049704,0.30799344,0.17115942,0.008011592,0.4,0.0,0.2340144,0.034557033
375316653866487564,5970939882242793216,0.44221604,2217.338467421541,2.5030795725074744,2.7181526E-5,19.824198,0.04589404,0.19760898,0.059361912,0.051895842,0.043805417,0.18632938,0.10989049,0.7533998,0.0034490174,0.07650043,0.01634914,0.3098383,0.03218352,null,null,null,null,"TWOGAUSSIANS",8,3.694986,0.7533998,0.0034490174,0.4,0.0,0.309796,0.023785042,0.19760898,0.059361912,0.29061672,0.1125093,0.18628712,0.09462229
375316653866487564,5970939882246818816,0.48260882,2173.390689777035,3.817434667851447,1.2646907E-5,19.104513,0.024925744,0.04442379,8.998821E-4,0.016169006,0.0062944577,0.0486632,0.02919392,0.41705823,0.0034417184,0.041104667,0.007789993,0.40841666,0.08689078,null,null,null,null,"TWOGAUSSIANS",8,2.5533695,0.41705823,0.0034417184,0.23018613,0.04362396,0.40841666,0.08689078,0.04442379,8.998821E-4,0.09054644,0.035248965,0.0486632,0.02919392
375316653866487564,5970940775593710976,0.55403066,2244.7612761346927,0.38169685211008886,3.3484812E-5,18.035187,0.0035026928,0.56225795,0.011794871,0.04885305,0.009622576,0.024935815,0.005145997,0.77386373,0.0022430907,0.019899787,0.001432816,0.29888108,0.020859698,null,null,null,null,"TWOGAUSSIANS",8,2.9976313,0.77386373,0.0022430907,0.11143881,0.00802377,0.29888317,0.02086007,0.56225795,0.011794871,0.2735771,0.053886425,0.024935815,0.005145997
375316653866487564,5970942222996964864,0.47128236,2216.2595627335813,2.3180498260881404,2.2770835E-5,18.89829,0.04496806,0.27044713,0.0042630346,0.10703122,0.025296433,0.2072242,0.033676244,0.7753496,0.01620164,0.111908935,0.034228083,0.16868374,0.042221475,null,null,null,null,"TWOGAUSSIANS",8,2.4480894,0.27043712,0.004260859,0.4,0.0,0.18117459,0.019640913,0.77535963,0.016206844,0.4,0.0,0.14262596,0.009799313
375316653866487564,5970942326076228352,0.4930811,2208.959286916413,1.1654752946474767,3.1547042E-5,18.927906,0.003966132,0.24284004,8.57467E-4,0.029270599,0.0010117627,0.41067687,0.025477456,0.7424649,0.021498293,0.03708672,0.008741045,0.20007154,0.08416453,null,null,null,null,"TWOGAUSSIANS",8,1.7430618,0.24284004,8.57467E-4,0.16391535,0.005665871,0.41067687,0.025477456,0.7424649,0.021498293,0.20768565,0.048949856,0.20007154,0.08416453
375316653866487564,5970942463572455936,0.534893,2240.6728494839335,0.5911851363166024,1.3515668E-4,16.37345,0.0019978909,0.5479278,0.0011110745,0.01859331,9.095523E-4,0.54206747,0.037263785,null,null,null,null,null,null,null,null,null,null,"ONEGAUSSIAN",5,15.645138,0.5479278,0.0011110745,0.10412253,0.005093493,0.54206747,0.0,null,null,null,null,null,null
375316653866487564,5970942841529618048,0.5664836,2236.5927477282808,3.11127844029917,1.5947982E-5,18.024889,0.017701881,0.293295,0.004074626,0.100867264,0.008672173,0.26468182,0.016825354,0.80275893,0.0038810167,0.10384533,0.009662597,0.21334502,0.017227452,null,null,null,null,"TWOGAUSSIANS",8,2.6727061,0.293295,0.004081285,0.4,0.0,0.243273,0.00969869,0.80275893,0.0038800437,0.4,0.0,0.19193459,0.0069445414
375316653866487564,5970942871565238656,0.5217975,2247.0527105433516,0.44523535953746146,2.8067047E-5,17.718266,0.005559143,0.27184582,0.0040562637,0.034946,0.0045941668,0.14534038,0.023509981,0.77275205,0.0023475941,0.036167804,0.0033034491,1.2864968,0.32390916,null,null,null,null,"TWOGAUSSIANS",8,13.855228,0.77275205,0.0023475941,0.20253971,0.018499317,1.2864968,0.32390916,0.27184582,0.0040562637,0.19569759,0.025727335,0.14534038,0.023509981
375316653866487564,5970943219429873792,0.4619066,2218.6309641220228,1.7526015703570743,8.765618E-5,19.463095,0.031062566,0.25189075,0.012483993,0.08789825,0.020149738,0.16714625,0.031856634,0.6042943,0.010807787,0.036054395,0.018252825,0.24346417,0.56715494,null,null,null,null,"TWOGAUSSIANS",8,2.6655755,0.6042943,0.010807787,0.20190462,0.10221582,0.24351782,0.5671149,0.25189075,0.012483993,0.4,0.0,0.16714585,0.03185286
375316653866487564,5970943460004960640,0.55688894,2231.0270100389594,2.412341249874983,1.7477127E-5,18.768631,0.012274616,0.22392994,0.0047160974,0.073767096,0.0062858504,0.50943583,0.025357177,0.71930325,0.0069478513,0.07043909,0.0082164705,0.5504078,0.04062578,null,null,null,null,"TWOGAUSSIANS",8,7.374193,0.71930325,0.0069478513,0.39445892,0.034672935,0.5480888,0.041270215,0.22392994,0.0047160974,0.4,0.0,0.5071168,0.026151929
375316653866487564,5970943494364701440,0.5234308,2253.6829243405564,4.117369543801324,1.4625194E-5,16.852398,0.001541669,0.22923306,0.003332483,0.0721734,0.004785457,0.0570289,0.0019929637,0.73079515,0.0048680864,0.069310755,0.005606553,0.07204597,0.005058419,null,null,null,null,"TWOGAUSSIANS",8,1.9335846,0.73079515,0.0048680864,0.3881402,0.027043093,0.071807414,0.0050892765,0.22923306,0.003332483,0.4,0.00826431,0.056790352,0.001961969
375316653866487564,5970943524394743552,0.41435137,2209.7264186143484,3.8105017184397303,3.668619E-4,19.270506,0.053708848,0.11862768,0.036898497,0.0825099,0.026336119,0.102729686,0.038024575,0.5040893,0.019445982,0.15971452,0.05669812,0.19962369,0.05161996,null,null,null,null,"TWOGAUSSIANS",8,7.005653,0.5040893,0.019445982,0.4,0.0,0.1873318,0.044586264,0.13131768,0.03600376,0.4,0.0,0.10241842,0.03606131
375316653866487564,5970943528724403840,0.4687552,2242.2309714586872,0.3617606128583276,5.286308E-5,16.884506,0.009434653,0.18324873,0.0013946011,0.024837753,0.0019777091,0.2843591,0.023386728,0.6455475,0.08684728,0.07664868,0.061098948,0.057685368,0.03710811,null,null,null,null,"TWOGAUSSIANS",8,32.570053,0.18324873,0.0013946011,0.13909142,0.011075172,0.28435898,0.023382148,0.6455475,0.08684728,0.4,0.2138511,0.057685252,0.03709217
375316653866487564,5970944078480374400,0.49991006,2245.7867483237906,0.7714306703140631,1.214363E-5,17.865715,0.0031553304,0.18630855,0.0031920576,0.033479735,0.0033999889,0.1217698,0.015597931,null,null,null,null,null,null,0.0458134,0.0045208014,0.18630855,0.0031920576,"ONEGAUSSIAN_WITH_ELLIPSOIDAL",6,4.509951,0.18630855,0.0031920576,0.18748651,0.019039938,0.21339653,0.014827082,null,null,null,null,null,null
375316653866487564,5970945001845779584,0.5136506,2245.68168067448,1.6053113749667183,2.1067162E-5,18.023808,0.119214945,0.18580648,0.0057695303,0.12813152,0.025059784,0.20597288,0.10984437,0.6979006,0.0027546745,0.15021703,0.036242712,0.1942947,0.117335774,null,null,null,null,"TWOGAUSSIANS",8,1.2914984,0.18510649,0.0049644182,0.4,0.0,0.13447846,0.007482235,0.6981606,0.0027102039,0.4,0.0,0.12143744,0.0066634603
375316653866487564,5970945345439304832,0.5747592,2267.4425873599407,0.5236602549398264,1.7273389E-5,17.323336,0.0015206939,0.16896446,8.7519916E-4,0.020511588,8.772488E-4,0.30371964,0.019435624,0.55369484,0.025724532,0.05495053,0.01963947,0.017261056,0.018380241,null,null,null,null,"TWOGAUSSIANS",8,3.1116512,0.16896446,8.7519916E-4,0.114864886,0.0049125934,0.30371964,0.019435624,0.55369484,0.025724532,0.307723,0.10998102,0.017261056,0.018380241
375316653866487564,5970945555895260544,0.4730936,2274.5819694885595,0.7465845678652479,4.0372237E-5,18.351688,0.0039387946,0.3009018,0.005186713,0.041722476,0.005612878,0.28210774,0.059412546,null,null,null,null,null,null,null,null,null,null,"ONEGAUSSIAN",5,5.2781534,0.3009018,0.005186713,0.23364587,0.03143212,0.28210774,0.0,null,null,null,null,null,null
375316653866487564,5970946586741845376,0.60146827,2245.9629378774484,0.7289460923944041,1.1619475E-5,17.053276,0.0073821903,0.2631693,0.0040452853,0.09458943,0.006332516,0.21180874,0.0077938666,0.75449663,0.0010107296,0.090066545,0.0033510996,0.25517634,0.0066764792,null,null,null,null,"TWOGAUSSIANS",8,3.4752183,0.75449663,0.0010107296,0.4,0.0,0.24475239,0.0047027054,0.2631693,0.0040452853,0.4,0.0,0.2013845,0.006627502
375316653866487564,5970946655461331968,0.48083577,2222.0631730776863,2.740498588524074,2.1743135E-5,18.654799,0.7464472,0.23991027,0.007037796,0.13202609,0.039556265,0.45802072,0.5405848,0.74810773,0.0076229246,0.1710497,0.11768147,0.44993377,0.74054486,null,null,null,null,"TWOGAUSSIANS",8,4.055473,0.23876028,0.005379893,0.4,0.0,0.25126928,0.018284414,0.7484077,0.0072997087,0.4,0.0,0.23122855,0.015073871
375316653866487564,5970946724123229184,0.48223767,2189.3811111623945,2.2902408712698668,3.1191656E-5,19.299826,0.08380724,0.291173,0.0096709635,0.10821186,0.040001966,0.23682539,0.07137906,0.76850504,0.009010121,0.1055204,0.0324418,0.25446978,0.0759765,null,null,null,null,"TWOGAUSSIANS",8,2.4698079,0.76850504,0.009010121,0.4,0.0,0.22981659,0.023336943,0.291193,0.009704872,0.4,0.0,0.21216643,0.022524552
375316653866487564,5970947239519328256,0.46550256,2201.078660406124,1.7673523527103832,3.956077E-5,19.844517,0.0065078693,0.20720041,0.013586469,0.03812533,0.012949417,0.24164781,0.20874909,0.7144593,0.00983112,0.086705156,0.00944322,0.23955296,0.024235927,null,null,null,null,"TWOGAUSSIANS",8,2.7635717,0.20720041,0.013586469,0.21350184,0.07251674,0.24153294,0.2088351,0.7144593,0.00983112,0.4,0.0,0.23943806,0.024294442
375316653866487564,5970947995491197824,0.44653437,2267.8185473590097,0.8412157909110467,5.417725E-5,15.655258,0.025298856,0.29795164,0.006278152,0.08953789,0.014166133,0.19066745,0.023296818,0.8246144,0.016125308,0.11026192,0.03011,0.0987391,0.02476772,null,null,null,null,"TWOGAUSSIANS",8,210.98494,0.29794163,0.0062794145,0.4,0.0,0.18262832,0.015038769,0.8246144,0.016125308,0.4,0.0,0.0906892,0.014782474
375316653866487564,5970948613966425472,0.46610886,2270.513101375185,0.596997023323233,6.6703947E-6,16.417776,0.0022273003,0.22076027,0.0020918408,0.026495805,0.003080326,0.27347016,0.031453893,0.7232249,0.0028126864,0.024968944,0.0029769717,0.3025209,0.017927093,null,null,null,null,"TWOGAUSSIANS",8,26.952223,0.7232249,0.0028126864,0.13982609,0.016671041,0.3025209,0.017927093,0.22076027,0.0020918408,0.14837651,0.017249824,0.27347016,0.031453893
375316653866487564,5970948991923608448,0.5840522,2260.3523831459074,1.5021386903602492,6.1843875E-6,16.47595,0.0039458172,0.17758903,0.0013009065,0.092530735,0.0026871662,0.17694333,0.0037836104,0.67946434,0.0033280093,0.09725493,0.005213716,0.15800078,0.0041443156,null,null,null,null,"TWOGAUSSIANS",8,3.2057528,0.17758903,0.0013009065,0.4,0.0,0.16683315,0.0022856414,0.67946434,0.0033280093,0.4,0.0,0.14789018,0.0026570146
375316653866487564,5970948991923609728,0.46523312,2185.0915660442556,2.6339310752545027,2.4189012E-5,19.322159,0.056401506,0.2695631,0.0074200025,0.07887066,0.011665295,0.39264223,0.07874843,0.7368058,0.012291358,0.15665737,0.04007339,0.2665665,0.04192472,null,null,null,null,"TWOGAUSSIANS",8,4.758561,0.27023312,0.0070341467,0.4,0.007251931,0.35335684,0.084442616,0.7368058,0.012291358,0.4,0.0,0.22332622,0.03089866
375316653866487564,5970949502969328768,0.58584,2234.2695665424467,4.128906353823774,7.0757087E-6,18.945837,0.012344677,0.14506282,0.001990212,0.04623271,0.005473448,0.2584493,0.037129335,0.6480057,0.0018404494,0.04859888,0.003296599,0.42293933,0.030186519,0.13824059,0.019896107,0.14506282,0.001990212,"TWOGAUSSIANS_WITH_ELLIPSOIDAL_ON_ECLIPSE1",9,2.7368371,0.6480057,0.0018404494,0.27215374,0.018460955,0.6993245,0.017260203,0.14506282,0.001990212,0.25890318,0.030651309,0.53492904,0.032781407
375316653866487564,5970949606075269504,0.51229614,2232.707082808298,1.531509489167395,2.7494778E-5,19.46696,0.026392885,0.2822351,0.009331681,0.09648444,0.018796206,0.25216743,0.029386899,0.76721424,0.0060062576,0.089612976,0.009112148,0.22870646,0.027229605,null,null,null,null,"TWOGAUSSIANS",8,1.583785,0.2822351,0.009331681,0.4,0.0,0.24172303,0.026225781,0.76721424,0.0060062576,0.4,0.0,0.21826294,0.01599887
375316653866487564,5970949640412152576,0.42958578,2277.0329666990797,1.8628388686731914,5.3396467E-5,18.029503,0.024908688,0.30800632,0.011617774,0.0853793,0.02806156,0.14628123,0.024226232,0.80278575,0.0135766445,0.07646353,0.01767724,0.1271511,0.027240304,null,null,null,null,"TWOGAUSSIANS",8,22.349155,0.30800632,0.011617774,0.4,0.0,0.14418842,0.024325041,0.80278575,0.0135766445,0.4,0.007665401,0.12505831,0.021647422
375316653866487564,5970950538111959168,0.48713112,2262.6361014020326,2.660819629933272,3.2945016E-5,18.86157,0.019041272,0.17739302,0.010870711,0.09114044,0.01835671,0.21911651,0.024011165,0.6717055,0.006557176,0.098787524,0.009271425,0.23787756,0.022673748,null,null,null,null,"TWOGAUSSIANS",8,3.9125564,0.6717055,0.006557176,0.4,0.0,0.22467835,0.016150072,0.17739302,0.010870711,0.4,0.0,0.20591852,0.029383065
375316653866487564,5970950671202254336,0.57695657,2276.3237339744574,1.607039863441089,5.28352E-6,18.300426,0.003215696,0.21789931,0.0012845935,0.048152298,0.0018340142,0.40063167,0.016548358,0.7185274,0.0054700254,0.058252033,0.007366032,0.08943836,0.016468419,null,null,null,null,"TWOGAUSSIANS",8,2.6694937,0.21789931,0.0012845935,0.26965287,0.010270479,0.40062627,0.016550517,0.7185274,0.0054700254,0.3262114,0.041249778,0.08943297,0.016472906
375316653866487564,5970950877359068288,0.53385913,2253.7409185642787,2.2988888064933732,1.2646834E-5,18.430185,0.020512493,0.29218936,0.005285573,0.093684494,0.008967447,0.4219815,0.024287416,0.77775395,0.0033967486,0.08576089,0.0061441027,0.4470978,0.023857895,null,null,null,null,"TWOGAUSSIANS",8,8.288025,0.77775395,0.0033967486,0.4,0.0,0.43287188,0.022164632,0.29218936,0.005285573,0.4,0.0,0.4077549,0.020711984
375316653866487564,5970952908877264384,0.47497377,2206.8824653299926,2.1416118093831873,9.370439E-5,19.823898,0.037192117,0.19076094,0.009830291,0.06274141,0.040473267,0.16527496,0.036033317,0.70818174,0.013000165,0.0638844,0.027632935,0.23905623,0.02386786,null,null,null,null,"TWOGAUSSIANS",8,2.1013992,0.70818174,0.013000165,0.35775265,0.08659139,0.23896205,0.022671212,0.19076094,0.009830291,0.35135192,0.18618566,0.16518079,0.03422397
375316653866487564,5970953385618090496,0.4043278,2251.160185495406,0.6210799010483311,6.290069E-5,17.96467,0.022598106,0.19132052,0.011291701,0.12030171,0.02845197,0.08817751,0.02222648,0.63416034,0.024514938,0.06993831,0.03306844,0.08961711,0.041368026,null,null,null,null,"TWOGAUSSIANS",8,2.015975,0.63416034,0.024514938,0.39165452,0.11663427,0.08738081,0.039048,0.19132052,0.011291701,0.4,0.0,0.085838586,0.015454257
375316653866487564,5970953763580830080,0.51095283,2218.146176176521,2.037664687731214,2.4249992E-5,19.380486,0.009177778,0.27320653,0.007226691,0.0782696,0.007662082,0.28244847,0.023491224,0.77754736,0.0049533416,0.060203202,0.007124795,0.3172529,0.015932597,null,null,null,null,"TWOGAUSSIANS",8,1.9746732,0.77754736,0.0049533416,0.33713794,0.039898854,0.31647834,0.016119214,0.27320653,0.007226691,0.4,0.0,0.28167394,0.023595639
375316653866487564,5970953871006676736,0.5606493,2244.714872496549,1.507888376531649,9.831519E-6,18.038334,0.01375181,0.2920606,0.010965928,0.10651876,0.018033797,0.12369985,0.011950397,0.7938424,0.0020869807,0.08912974,0.0068863584,0.23810476,0.010675848,null,null,null,null,"TWOGAUSSIANS",8,2.2016695,0.7938424,0.0020869807,0.4,0.0,0.22591026,0.008394406,0.2920606,0.010965928,0.4,0.0,0.11150134,0.0061899885
