Gaia/vari_eclipsing_binary/VariEclipsingBinary_382490-382890.csv
# %ECSV 1.0
# ---
# delimiter: ','
# meta: !!omap
# - RELEASE: Gaia DR3
# - TABLE: vari_eclipsing_binary
# - DESCRIPTION: >
#     This table describes the properties of the eclipsing binaries resulting from the variability analysis. 
# - CITATION: >
#     How to cite and acknowledge Gaia: 
#     https://gea.esac.esa.int/archive/documentation/credits.html 
# - KNOWN_ISSUES: >
#     Known issues: 
#     https://www.cosmos.esa.int/web/gaia-users/known-issues 
# - DOCUMENTATION: >
#     Tutorials and documentation: 
#     https://www.cosmos.esa.int/web/gaia-users/archive 
# datatype:
# - 
#   name: solution_id
#   datatype: int64
#   description: Solution Identifier
#   meta:
#     ucd: meta.version
# - 
#   name: source_id
#   datatype: int64
#   description: Unique source identifier
#   meta:
#     ucd: meta.id;meta.main
# - 
#   name: global_ranking
#   datatype: float32
#   description: Number between 0 (worst) and 1 (best)
#   meta:
#     ucd: stat.param
# - 
#   name: reference_time
#   datatype: float64
#   unit: d
#   description: Reference time used for the geometric model fit
#   meta:
#     ucd: time.epoch
# - 
#   name: frequency
#   datatype: float64
#   unit: d**-1
#   description: Frequency of geometric model of the eclipsing binary light curve
#   meta:
#     ucd: src.orbital
# - 
#   name: frequency_error
#   datatype: float32
#   unit: d**-1
#   description: "Uncertainty of \\texttt{frequency}"
#   meta:
#     ucd: stat.error
# - 
#   name: geom_model_reference_level
#   datatype: float32
#   unit: mag
#   description: Magnitude reference level of geometric model
#   meta:
#     ucd: phot.mag;em.opt
# - 
#   name: geom_model_reference_level_error
#   datatype: float32
#   unit: mag
#   description: "Uncertainty of \\texttt{geomModelReferenceLevel}"
#   meta:
#     ucd: stat.error;phot.mag;em.opt
# - 
#   name: geom_model_gaussian1_phase
#   datatype: float32
#   description: Phase of the Gaussian 1 component
#   meta:
#     ucd: time.phase
# - 
#   name: geom_model_gaussian1_phase_error
#   datatype: float32
#   description: "Uncertainty of \\texttt{geomModelGaussian1Phase}"
#   meta:
#     ucd: stat.error;time.phase
# - 
#   name: geom_model_gaussian1_sigma
#   datatype: float32
#   description: "Standard deviation [phase] of Gaussian 1 component"
#   meta:
#     ucd: stat.stdev
# - 
#   name: geom_model_gaussian1_sigma_error
#   datatype: float32
#   description: "Uncertainty of \\texttt{geomModelGaussian1Sigma}"
#   meta:
#     ucd: stat.error
# - 
#   name: geom_model_gaussian1_depth
#   datatype: float32
#   unit: mag
#   description: Magnitude depth of Gaussian 1 component
#   meta:
#     ucd: src.var.amplitude
# - 
#   name: geom_model_gaussian1_depth_error
#   datatype: float32
#   unit: mag
#   description: "Uncertainty of \\texttt{geomModelGaussian1Depth}"
#   meta:
#     ucd: stat.error;src.var.amplitude
# - 
#   name: geom_model_gaussian2_phase
#   datatype: float32
#   description: Phase of Gaussian 2 component
#   meta:
#     ucd: time.phase
# - 
#   name: geom_model_gaussian2_phase_error
#   datatype: float32
#   description: "Uncertainty of \\texttt{geomModelGaussian2Phase}"
#   meta:
#     ucd: stat.error;time.phase
# - 
#   name: geom_model_gaussian2_sigma
#   datatype: float32
[...]
#   datatype: float32
#   description: "Secondary eclipse: uncertainty of \\texttt{derivedSecondaryEclDuration}"
#   meta:
#     ucd: stat.error;time.duration
# - 
#   name: derived_secondary_ecl_depth
#   datatype: float32
#   unit: mag
#   description: "Secondary eclipse: depth"
#   meta:
#     ucd: src.var.amplitude
# - 
#   name: derived_secondary_ecl_depth_error
#   datatype: float32
#   unit: mag
#   description: "Secondary eclipse: uncertainty of \\texttt{derivedSecondaryEclDepth}"
#   meta:
#     ucd: stat.error;src.var.amplitude
solution_id,source_id,global_ranking,reference_time,frequency,frequency_error,geom_model_reference_level,geom_model_reference_level_error,geom_model_gaussian1_phase,geom_model_gaussian1_phase_error,geom_model_gaussian1_sigma,geom_model_gaussian1_sigma_error,geom_model_gaussian1_depth,geom_model_gaussian1_depth_error,geom_model_gaussian2_phase,geom_model_gaussian2_phase_error,geom_model_gaussian2_sigma,geom_model_gaussian2_sigma_error,geom_model_gaussian2_depth,geom_model_gaussian2_depth_error,geom_model_cosine_half_period_amplitude,geom_model_cosine_half_period_amplitude_error,geom_model_cosine_half_period_phase,geom_model_cosine_half_period_phase_error,model_type,num_model_parameters,reduced_chi2,derived_primary_ecl_phase,derived_primary_ecl_phase_error,derived_primary_ecl_duration,derived_primary_ecl_duration_error,derived_primary_ecl_depth,derived_primary_ecl_depth_error,derived_secondary_ecl_phase,derived_secondary_ecl_phase_error,derived_secondary_ecl_duration,derived_secondary_ecl_duration_error,derived_secondary_ecl_depth,derived_secondary_ecl_depth_error
[from data line 148]
375316653866487564,3365122647536851200,0.5369639,2237.137260928633,2.4518347974572436,2.0494857E-5,19.004929,0.012518097,0.14727987,0.0063173627,0.062078614,0.0061692153,0.14825243,0.014768108,0.65723336,0.020665528,0.051912747,0.015535045,0.58505243,0.332051,null,null,null,null,"TWOGAUSSIANS",8,1.160833,0.65723336,0.020665528,0.29071137,0.08699625,0.58502793,0.33220878,0.14727987,0.0063173627,0.34764022,0.03454761,0.14822792,0.014544745
375316653866487564,3365123098510640128,0.5135513,2248.3064085578308,2.7035365787004544,3.1748546E-5,15.389136,0.017741848,0.17792718,0.008410937,0.06462731,0.026329545,0.08039292,0.0396708,0.65771925,0.034858353,0.052739423,0.040872406,0.057167035,0.071823284,0.038979378,0.018958557,0.17792718,0.008410937,"TWOGAUSSIANS_WITH_ELLIPSOIDAL_ON_ECLIPSE1",9,50.600777,0.17792718,0.008410937,0.36191294,0.10660505,0.15830629,0.027761228,0.66236925,0.028510027,0.29534078,0.22618431,0.13411605,0.07727686
375316653866487564,3365134540303474560,0.69809204,2230.9291059048583,2.506081199399554,2.5623217E-6,13.98114,0.01068534,0.32754588,0.002024471,0.059109718,0.013652178,0.12500052,0.022212354,0.8269734,0.0023896894,0.055581704,0.005464816,0.16799922,0.02192763,0.11049817,0.012299019,0.32754588,0.002024471,"TWOGAUSSIANS_WITH_ELLIPSOIDAL_ON_ECLIPSE1",9,15.579603,0.82711333,0.002071976,0.31125754,0.03060297,0.38897,0.0054439693,0.32754588,0.002024471,0.33101442,0.076452196,0.34597343,0.0042989776
375316653866487564,3365136322712828160,0.5854039,2205.1777484719178,0.4573063144949993,2.911535E-6,12.292857,4.7489867E-4,0.6547804,7.9821993E-4,0.02055005,0.0015502077,0.05583965,0.0038858135,null,null,null,null,null,null,0.003770972,8.510155E-4,0.6547804,7.9821993E-4,"ONEGAUSSIAN_WITH_ELLIPSOIDAL",6,8.779052,0.6547804,7.9821993E-4,0.11508028,0.008681163,0.06338159,0.0045721773,null,null,null,null,null,null
375316653866487564,3365137873198063744,0.52405924,2217.8822894819286,3.010396121054833,1.697831E-5,17.037956,0.03900088,0.27415103,0.005859856,0.10254036,0.017424565,0.32658264,0.03722077,0.7719127,0.0036332319,0.09691723,0.012048572,0.37816396,0.038562693,null,null,null,null,"TWOGAUSSIANS",8,33.485065,0.7719127,0.0036332319,0.4,0.0,0.34875256,0.030833898,0.27415103,0.005859856,0.4,0.0,0.297168,0.040313877
375316653866487564,3365138732191505280,0.5572609,2214.4564040137006,3.495226696096743,2.7972268E-5,17.136082,0.021295423,0.18608563,0.0070037586,0.10789217,0.015672868,0.2006258,0.020199805,0.6994554,0.0023247618,0.059540518,0.0052255634,0.6748386,0.031035218,null,null,null,null,"TWOGAUSSIANS",8,19.176088,0.6994554,0.0023247618,0.3334269,0.029263154,0.669687,0.033341233,0.18608563,0.0070037586,0.4,0.0,0.19546404,0.018029014
375316653866487564,3365139728624877312,0.5834654,2247.5389372290138,3.1012473728529626,6.321042E-5,17.30196,0.009291394,0.26540253,0.013047713,0.056341324,0.058093857,0.44662064,2.1774752,0.7306976,0.006035772,0.050893,0.0065037105,0.89260936,0.23565641,null,null,null,null,"TWOGAUSSIANS",8,25.83013,0.7306976,0.006035772,0.2850008,0.036420777,0.8926044,0.23572508,0.26540253,0.013047713,0.3155114,0.1725606,0.44661573,2.17775
375316653866487564,3365140480241770880,0.55041707,2260.588076887698,1.5044568878030748,9.914692E-5,16.008064,0.008197616,0.24247018,0.008486868,0.034268472,0.0086387005,0.11851299,0.11047192,0.58598256,0.031105103,0.024183588,0.024067083,0.38778466,9.8935243E11,null,null,null,null,"TWOGAUSSIANS",8,56.83013,0.58598256,0.031105103,0.1354281,0.13477567,0.38778466,9.8935243E11,0.24247018,0.008486868,0.19190344,0.048376724,0.11851299,0.11047192
375316653866487564,3365153743101304832,0.55387104,2183.915538046242,2.4992390817332386,3.7913855E-5,17.152237,0.012604128,0.28066877,0.005825163,0.052230217,0.0048065945,0.47683004,0.020518795,0.7866999,0.012375505,0.0549738,0.0068017626,0.6587369,0.16587824,null,null,null,null,"TWOGAUSSIANS",8,49.681522,0.7866999,0.012375505,0.30785328,0.03808987,0.65872055,0.1658869,0.28066877,0.005825163,0.29248923,0.02691693,0.4768137,0.020509725
375316653866487564,3365155186210419840,0.6250415,2255.759960837628,1.164328179222238,1.912947E-5,15.951649,9.4734563E-4,0.12520292,0.001026111,0.022987623,8.528644E-4,0.14818221,0.0042909267,0.44460082,0.061372273,0.027240021,0.024824565,0.011163655,0.006447275,0.017205404,0.0014166975,0.12520292,0.001026111,"TWOGAUSSIANS_WITH_ELLIPSOIDAL_ON_ECLIPSE1",9,2.5923982,0.12520292,0.001026111,0.12873068,0.0047760406,0.18259287,0.0043629073,0.4589408,0.1728344,0.15254411,0.13901757,0.018397568,0.024491863
375316653866487564,3365164124038103680,0.63447577,2223.6510510318903,2.114593406191073,2.2965216E-5,15.619501,0.09593744,0.2760956,0.009813393,0.049768914,0.018310446,0.63861936,0.17093524,0.77753216,0.01467804,0.026432844,0.06007299,0.11738582,3.85179418E9,0.10130274,0.098641776,0.77753216,0.01467804,"TWOGAUSSIANS_WITH_ELLIPSOIDAL_ON_ECLIPSE2",9,157.46333,0.27617562,0.00985118,0.27870592,0.102538496,0.8412075,0.032460358,0.77753216,0.01467804,0.14802393,0.31886747,0.31998947,3.85179418E9
375316653866487564,3365172537878430848,0.5740337,2217.755023810072,2.513269254813674,1.50953765E-5,17.911411,0.01107349,0.2811384,0.0038816505,0.078507945,0.0054288753,0.2511216,0.017709635,0.7873577,0.00272756,0.083528936,0.005008502,0.23767352,0.011740931,null,null,null,null,"TWOGAUSSIANS",8,2.431542,0.2811384,0.0038816505,0.4,0.0,0.24741484,0.017125476,0.7873577,0.00272756,0.4,0.0,0.23396674,0.010209739
375316653866487564,3365173744761852928,0.56753683,2262.8002784049872,4.18217573098147,2.0367783E-5,19.497728,0.046432283,0.24319433,0.005306083,0.06989598,0.009824509,0.6549544,0.040966284,0.72644544,0.009377491,0.080361515,0.032933768,0.55687815,0.10785068,null,null,null,null,"TWOGAUSSIANS",8,3.2121146,0.24319433,0.005306083,0.3914175,0.03158842,0.65171987,0.034199055,0.72644544,0.009377491,0.4,0.11574851,0.55364364,0.108801134
375316653866487564,3365173985282957184,0.6723906,2227.2971442664684,1.4863542353699104,8.406188E-6,15.204481,0.004700096,0.26481727,0.0012194451,0.034959726,9.879408E-4,0.8822967,0.026271991,0.7686066,0.003374968,0.040051926,0.004998175,0.15378563,0.04611761,0.0550379,0.0062991404,0.26481727,0.0012194451,"TWOGAUSSIANS_WITH_ELLIPSOIDAL_ON_ECLIPSE1",9,46.414078,0.26481727,0.0012194451,0.19577448,0.005532468,0.99237233,0.024759289,0.7686066,0.003374968,0.22429079,0.027989779,0.2637989,0.043904837
375316653866487564,3365182540857871616,0.53907835,2216.911091684554,4.374302097598235,2.5905512E-5,19.49481,0.11662771,0.23114827,0.005270381,0.09426187,0.03700953,0.39857683,0.07222646,0.7397631,0.015795719,0.07253603,0.03380149,0.43251306,0.12128696,null,null,null,null,"TWOGAUSSIANS",8,2.5176566,0.7397631,0.016050652,0.4,0.0045510884,0.42468923,0.067663796,0.23114827,0.005260558,0.4,0.0,0.39075232,0.061131697
375316653866487564,3365187827961306752,0.5939277,2179.1929636149725,3.1924132886422627,1.7318567E-5,16.354494,0.15196282,0.20372842,0.012149298,0.04861316,0.035354394,0.24990943,0.52417076,0.7212142,0.010763467,0.048656728,0.042789042,0.31500795,0.2910436,0.13425012,0.16251908,0.7212142,0.010763467,"TWOGAUSSIANS_WITH_ELLIPSOIDAL_ON_ECLIPSE2",9,55.367123,0.7212142,0.010763467,0.2724777,0.22214505,0.5835068,0.04486961,0.20663843,0.007904605,0.2722337,0.19768143,0.51571524,0.46323097
375316653866487564,3365193325519402496,0.52441126,2214.1328221880476,0.4867634596350433,1.2041636E-5,16.491362,0.0019569458,0.2984524,0.0044139894,0.052214023,0.0028750794,0.12844592,0.0043886784,0.71570504,5.888571E-6,0.010050383,1.9230068E-4,0.22493185,0.00386627,null,null,null,null,"TWOGAUSSIANS",8,5.55174,0.71570504,5.888571E-6,0.056282144,0.0010768838,0.22493185,0.00386627,0.2984524,0.0044139894,0.29239854,0.016100444,0.12844592,0.0043886784
375316653866487564,3365195150881872256,0.497458,2213.2356062098397,3.199811232854895,2.4266734E-5,13.210745,0.013356121,0.2712402,0.03168087,0.08387433,0.032784216,0.1014446,0.039452527,0.7616254,0.007397481,0.09100092,0.021681756,0.097156405,0.012199119,null,null,null,null,"TWOGAUSSIANS",8,149.97626,0.2712402,0.03168087,0.4,0.099002734,0.09860701,0.040848985,0.7616254,0.007397481,0.4,0.0,0.094318755,0.012145871
375316653866487564,3365198410760800256,0.71087366,2200.7332455536957,0.648717321384336,1.6343165E-6,16.368176,0.0026537415,0.2411417,0.008457916,0.041809417,0.008785471,0.09959456,0.04104149,0.68562603,4.7050475E-4,0.02982102,4.5165748E-4,1.3657986,0.02610061,null,null,null,null,"TWOGAUSSIANS",8,9.538358,0.68562603,4.7050475E-4,0.16699772,0.002529282,1.3657986,0.02610061,0.2411417,0.008457916,0.23413274,0.04919864,0.09959456,0.04104149
375316653866487564,3365207623466803712,0.55428916,2261.3026565793034,2.9175680564290594,8.867949E-6,15.9007225,0.024278298,0.2890445,0.0060532703,0.09048552,0.023082359,0.28369492,0.055282768,0.7500516,0.004219955,0.079590194,0.007200075,0.40822318,0.020539127,null,null,null,null,"TWOGAUSSIANS",8,72.712494,0.7500516,0.004219955,0.4,0.0,0.40381157,0.012525919,0.2890445,0.0060532703,0.4,0.0,0.27928272,0.064318836
375316653866487564,3365213945658644096,0.58351547,2208.521564645957,2.1558524598841897,9.483114E-6,14.707758,0.012553254,0.18256404,0.0039366647,0.09179222,0.0063532246,0.2813539,0.012785317,0.6906691,0.0026519978,0.08161851,0.007390542,0.31142452,0.07492619,null,null,null,null,"TWOGAUSSIANS",8,53.462654,0.6906691,0.0026519978,0.4,0.0,0.30337623,0.07651904,0.18256404,0.0039366647,0.4,0.0,0.27330536,0.009477973
375316653866487564,3365214151817680640,0.46062055,2235.5464703155003,0.4501458917643764,1.4070564E-4,19.333323,0.13141935,0.33557647,0.019670457,0.19777156,0.040808126,0.76738554,0.12332119,0.75373805,0.003266017,0.03573017,0.004301603,0.45210028,0.06664462,null,null,null,null,"TWOGAUSSIANS",8,12.735919,0.33557647,0.019670457,0.4,0.0,0.69731015,0.05766759,0.75373805,0.003266017,0.20008893,0.024088975,0.47423127,0.057176355
375316653866487564,3365215590628586752,0.61707133,2152.0895477790427,3.7811042482646893,9.81328E-6,18.083836,0.0054990184,0.23489077,0.0014663853,0.074192815,0.0024681678,0.38235256,0.008856351,0.7364895,0.010983069,0.07431154,0.006393514,0.5385043,0.041047383,null,null,null,null,"TWOGAUSSIANS",8,2.3675365,0.7364895,0.010983069,0.4,0.010668509,0.5354847,0.040098798,0.23489077,0.0014663853,0.4,0.0,0.3793329,0.008919737
375316653866487564,3365219679437589632,0.47322702,2228.236425244144,1.9224834446402863,3.7495272E-5,19.159803,0.0049285893,0.21848254,0.008810631,0.08029538,0.012114975,0.1360666,0.013656517,0.7957263,0.031823326,0.05311312,0.024745956,0.11097203,0.032938927,null,null,null,null,"TWOGAUSSIANS",8,1.7199699,0.21848254,0.008810631,0.4,0.0,0.13604547,0.013670286,0.7957263,0.031823326,0.2974335,0.13857736,0.11095103,0.03295505
375316653866487564,3365222290777213312,0.48434752,2269.192900636021,0.12485609683180704,1.4260176E-4,17.870033,0.010961113,0.3279854,0.013993645,0.08737718,0.019086512,0.08128612,0.011560221,0.8203468,0.016293246,0.033069745,0.0135349715,0.17173487,0.042206872,null,null,null,null,"TWOGAUSSIANS",8,6.779074,0.8203468,0.016293246,0.18519057,0.075795844,0.17171034,0.04218448,0.3279854,0.013993645,0.4,0.0,0.081261575,0.01149734
375316653866487564,3365228922207228928,0.5211859,2222.0730659648234,3.851742958035095,1.4630042E-5,18.68044,0.037328858,0.18755646,0.006475037,0.046168163,0.032554097,0.7114424,2.23763791E13,0.6703788,0.032141443,0.05016384,0.025957664,0.5473024,0.17137943,0.11454817,0.050844893,0.18755646,0.006475037,"TWOGAUSSIANS_WITH_ELLIPSOIDAL_ON_ECLIPSE1",9,6.819438,0.18755646,0.006475037,0.2585417,0.18230294,0.9405368,2.23763791E13,0.6716888,0.029851172,0.2809175,0.14536291,0.7739405,0.10914851
375316653866487564,3365232152022707200,0.45834908,2215.914981433508,0.10655016149467847,3.492466E-5,18.809721,0.018237973,0.2503833,0.0049941344,0.047871694,0.02050133,1.6951269,2.6127627,0.68662316,0.0040693744,0.032450035,0.010634887,0.25370747,0.07814393,null,null,null,null,"TWOGAUSSIANS",8,4.022902,0.2503833,0.0049941344,0.2680815,0.11480745,1.6951269,2.6127627,0.68662316,0.0040693744,0.18172021,0.05955537,0.25370747,0.07814394
375316653866487564,3365240024699900928,0.46214038,2240.6609485241406,0.5418938745419722,5.9924656E-5,17.258558,0.017943762,0.19363673,0.014341342,0.08328076,0.022291005,0.10915468,0.019468151,0.7148907,0.009004914,0.07558855,0.010036641,0.22655374,0.026029726,null,null,null,null,"TWOGAUSSIANS",8,3.8118267,0.7148907,0.009004914,0.4,0.0074774404,0.2251473,0.025609938,0.19363673,0.014341342,0.4,0.015509513,0.10774823,0.01904295
375316653866487564,3365241497871867648,0.6357219,2278.953026032776,2.994951781581332,1.4277757E-5,18.15972,0.014258003,0.30963653,0.002004771,0.06204109,0.002720043,0.5008371,0.011385154,0.8181987,0.003680906,0.07479187,0.0037959192,0.62388307,0.026555205,null,null,null,null,"TWOGAUSSIANS",8,4.298966,0.8181987,0.003680906,0.4,0.0,0.62275726,0.026288273,0.30963653,0.002004771,0.3474301,0.015232241,0.49971128,0.010706227
375316653866487564,3365246102077716480,0.5230412,2305.5592044336654,0.3736346205663697,3.5167373E-5,18.318878,0.09097968,0.46401167,0.012591992,0.16564365,0.052708402,0.36003542,0.07470359,0.9689372,0.0033562449,0.027646285,0.01114328,0.089939624,0.036569603,null,null,null,null,"TWOGAUSSIANS",8,3.5706744,0.46401167,0.012591992,0.4,0.0,0.34445372,0.017574023,0.96903723,0.00336988,0.15481919,0.062402368,0.081951044,0.02342074
375316653866487564,3365247579546569728,0.4849827,2261.8951464804213,0.2250123605477249,2.152016E-5,17.859638,0.0093297865,0.27193487,0.0064169387,0.06502851,0.0053313905,0.146247,0.01439384,0.74850637,0.0072694607,0.057513803,0.013758245,0.20408249,0.066632316,null,null,null,null,"TWOGAUSSIANS",8,4.1854005,0.74850637,0.0072694607,0.3220773,0.07704617,0.20404525,0.06668797,0.27193487,0.0064169387,0.36415964,0.029855788,0.14620976,0.014353889
375316653866487564,3365248163662127104,0.50694764,2279.9314885163917,0.20656634800030876,5.3778713E-5,18.275589,0.004312924,0.33695537,0.0093859965,0.062384892,0.008059889,0.08241972,0.013595085,0.78668183,0.024686972,0.06259837,0.02052448,0.097689636,0.013576319,null,null,null,null,"TWOGAUSSIANS",8,0.86792964,0.78668183,0.024686972,0.3505509,0.11493708,0.09767854,0.013571732,0.33695537,0.0093859965,0.3493554,0.04513538,0.08240863,0.013603474
375316653866487564,3365249331893188352,0.5164954,2277.1433910756105,0.4500814796835878,1.5682516E-4,19.159313,0.010985059,0.7013893,0.031590845,0.09144573,0.026448173,0.287149,0.038612206,0.5363502,0.015519281,0.038783725,0.025485408,0.27125135,0.12681329,null,null,null,null,"TWOGAUSSIANS",8,1.8907938,0.5432002,0.02413853,0.21718886,0.14271829,0.33136725,0.112375334,0.7012893,0.029551199,0.4,0.0,0.28718072,0.037702203
375316653866487564,3365249950368897280,0.6084927,2221.1476246671937,3.460051239048876,1.062138E-5,16.897762,0.03523123,0.18657355,0.0022674098,0.095596865,0.011266056,0.396404,0.021691367,0.68873495,0.003152756,0.10005381,0.015262688,0.38508493,0.025493115,null,null,null,null,"TWOGAUSSIANS",8,12.423594,0.18657355,0.0022674098,0.4,0.0,0.36742663,0.02025072,0.68873495,0.003152756,0.4,0.0,0.35610554,0.012337451
375316653866487564,3365250671923055360,0.5361573,2285.5013095062186,3.6768663462018827,1.1183651E-5,19.076944,0.038865536,0.22953741,0.017601278,0.061181825,0.01675253,0.5852567,0.035345826,0.73748106,0.0054522096,0.07878645,0.016748022,0.5766613,0.07383495,null,null,null,null,"TWOGAUSSIANS",8,7.7061744,0.22953741,0.017601278,0.34261823,0.05904094,0.58366716,0.03480953,0.73748106,0.0054522096,0.4,0.0,0.57507175,0.075540766
