Gaia/vari_eclipsing_binary/VariEclipsingBinary_462497-462509.csv
# %ECSV 1.0
# ---
# delimiter: ','
# meta: !!omap
# - RELEASE: Gaia DR3
# - TABLE: vari_eclipsing_binary
# - DESCRIPTION: >
#     This table describes the properties of the eclipsing binaries resulting from the variability analysis. 
# - CITATION: >
#     How to cite and acknowledge Gaia: 
#     https://gea.esac.esa.int/archive/documentation/credits.html 
# - KNOWN_ISSUES: >
#     Known issues: 
#     https://www.cosmos.esa.int/web/gaia-users/known-issues 
# - DOCUMENTATION: >
#     Tutorials and documentation: 
#     https://www.cosmos.esa.int/web/gaia-users/archive 
# datatype:
# - 
#   name: solution_id
#   datatype: int64
#   description: Solution Identifier
#   meta:
#     ucd: meta.version
# - 
#   name: source_id
#   datatype: int64
#   description: Unique source identifier
#   meta:
#     ucd: meta.id;meta.main
# - 
#   name: global_ranking
#   datatype: float32
#   description: Number between 0 (worst) and 1 (best)
#   meta:
#     ucd: stat.param
# - 
#   name: reference_time
#   datatype: float64
#   unit: d
#   description: Reference time used for the geometric model fit
#   meta:
#     ucd: time.epoch
# - 
#   name: frequency
#   datatype: float64
#   unit: d**-1
#   description: Frequency of geometric model of the eclipsing binary light curve
#   meta:
#     ucd: src.orbital
# - 
#   name: frequency_error
#   datatype: float32
#   unit: d**-1
#   description: "Uncertainty of \\texttt{frequency}"
#   meta:
#     ucd: stat.error
# - 
#   name: geom_model_reference_level
#   datatype: float32
#   unit: mag
#   description: Magnitude reference level of geometric model
#   meta:
#     ucd: phot.mag;em.opt
# - 
#   name: geom_model_reference_level_error
#   datatype: float32
#   unit: mag
#   description: "Uncertainty of \\texttt{geomModelReferenceLevel}"
#   meta:
#     ucd: stat.error;phot.mag;em.opt
# - 
#   name: geom_model_gaussian1_phase
#   datatype: float32
#   description: Phase of the Gaussian 1 component
#   meta:
#     ucd: time.phase
# - 
#   name: geom_model_gaussian1_phase_error
#   datatype: float32
#   description: "Uncertainty of \\texttt{geomModelGaussian1Phase}"
#   meta:
#     ucd: stat.error;time.phase
# - 
#   name: geom_model_gaussian1_sigma
#   datatype: float32
#   description: "Standard deviation [phase] of Gaussian 1 component"
#   meta:
#     ucd: stat.stdev
# - 
#   name: geom_model_gaussian1_sigma_error
#   datatype: float32
#   description: "Uncertainty of \\texttt{geomModelGaussian1Sigma}"
#   meta:
#     ucd: stat.error
# - 
#   name: geom_model_gaussian1_depth
#   datatype: float32
#   unit: mag
#   description: Magnitude depth of Gaussian 1 component
#   meta:
#     ucd: src.var.amplitude
# - 
#   name: geom_model_gaussian1_depth_error
#   datatype: float32
#   unit: mag
#   description: "Uncertainty of \\texttt{geomModelGaussian1Depth}"
#   meta:
#     ucd: stat.error;src.var.amplitude
# - 
#   name: geom_model_gaussian2_phase
#   datatype: float32
#   description: Phase of Gaussian 2 component
#   meta:
#     ucd: time.phase
# - 
#   name: geom_model_gaussian2_phase_error
#   datatype: float32
#   description: "Uncertainty of \\texttt{geomModelGaussian2Phase}"
#   meta:
#     ucd: stat.error;time.phase
# - 
#   name: geom_model_gaussian2_sigma
#   datatype: float32
[...]
#   datatype: float32
#   description: "Secondary eclipse: uncertainty of \\texttt{derivedSecondaryEclDuration}"
#   meta:
#     ucd: stat.error;time.duration
# - 
#   name: derived_secondary_ecl_depth
#   datatype: float32
#   unit: mag
#   description: "Secondary eclipse: depth"
#   meta:
#     ucd: src.var.amplitude
# - 
#   name: derived_secondary_ecl_depth_error
#   datatype: float32
#   unit: mag
#   description: "Secondary eclipse: uncertainty of \\texttt{derivedSecondaryEclDepth}"
#   meta:
#     ucd: stat.error;src.var.amplitude
solution_id,source_id,global_ranking,reference_time,frequency,frequency_error,geom_model_reference_level,geom_model_reference_level_error,geom_model_gaussian1_phase,geom_model_gaussian1_phase_error,geom_model_gaussian1_sigma,geom_model_gaussian1_sigma_error,geom_model_gaussian1_depth,geom_model_gaussian1_depth_error,geom_model_gaussian2_phase,geom_model_gaussian2_phase_error,geom_model_gaussian2_sigma,geom_model_gaussian2_sigma_error,geom_model_gaussian2_depth,geom_model_gaussian2_depth_error,geom_model_cosine_half_period_amplitude,geom_model_cosine_half_period_amplitude_error,geom_model_cosine_half_period_phase,geom_model_cosine_half_period_phase_error,model_type,num_model_parameters,reduced_chi2,derived_primary_ecl_phase,derived_primary_ecl_phase_error,derived_primary_ecl_duration,derived_primary_ecl_duration_error,derived_primary_ecl_depth,derived_primary_ecl_depth_error,derived_secondary_ecl_phase,derived_secondary_ecl_phase_error,derived_secondary_ecl_duration,derived_secondary_ecl_duration_error,derived_secondary_ecl_depth,derived_secondary_ecl_depth_error
[from data line 110]
375316653866487564,4068197111616459520,0.449467,2472.4688770704074,1.7999636490652657,7.609446E-5,19.858953,0.022881187,0.24313961,0.020300442,0.050451543,0.027332027,0.32249424,0.11028312,0.7383666,0.016060717,0.05318749,0.017797608,0.28835517,0.11553268,null,null,null,null,"TWOGAUSSIANS",8,7.2749686,0.24313961,0.020300442,0.28252864,0.1483506,0.32248995,0.11047862,0.7383666,0.016060717,0.29784992,0.0996666,0.28835088,0.11553512
375316653866487564,4068197283380541696,0.4671842,2416.4871014775254,2.989118667385668,2.428391E-5,18.07036,0.111942664,0.27445734,0.0257956,0.1387568,0.032911483,0.22962536,0.09255664,0.7044902,0.044358466,0.16131416,0.069501296,0.15309006,0.11139101,null,null,null,null,"TWOGAUSSIANS",8,9.366133,0.28059733,0.015653072,0.4,0.0,0.17473632,0.0101714255,0.7044902,0.044358466,0.4,0.0,0.09525271,0.014595258
375316653866487564,4068197287771715456,0.43344426,2454.6310893587506,2.445099314838382,1.2504648E-5,18.769104,0.0063854926,0.20324212,0.0010140697,0.015108523,0.0015779025,0.2001571,0.04363073,0.7091901,0.04861175,0.029465524,0.019518951,1.0081656,3.3388631,null,null,null,null,"TWOGAUSSIANS",8,2.9820492,0.7091901,0.04861175,0.16500694,0.10930613,1.0081656,3.3388631,0.20324212,0.0010140697,0.08460773,0.008836254,0.2001571,0.04363073
375316653866487564,4068197562564616960,0.45423046,2497.292446613883,3.733602733453885,1.4902094E-5,17.213316,0.16423686,0.18943797,3.2017738E-4,0.011407313,0.0010757227,4.0515122,1.7053397,0.3776071,0.05716597,0.24780495,0.12732397,0.2006483,0.16069733,null,null,null,null,"TWOGAUSSIANS",8,4.8419075,0.18944797,3.1455915E-4,0.06388095,0.0060240477,4.1504364,1.72496,0.3776071,0.05716597,0.4,0.0,0.14835419,0.023523025
375316653866487564,4068197906162327936,0.5987793,2440.5149250738177,2.326153358324034,4.8204056E-6,16.82404,0.0099832155,0.25360963,0.00201726,0.05627874,0.014991959,0.112855695,0.041760214,0.74632144,0.0042038443,0.04596439,0.007735046,0.12506436,0.023383299,0.10014981,0.014118277,0.25360963,0.00201726,"TWOGAUSSIANS_WITH_ELLIPSOIDAL_ON_ECLIPSE1",9,8.151194,0.74786144,0.0032007534,0.25740057,0.04331626,0.32502654,0.007244666,0.25360963,0.00201726,0.31516093,0.08395497,0.3131492,0.044077657
375316653866487564,4068198249760777216,0.43297526,2490.3415278300195,0.8933029702086751,5.7808003E-5,19.740921,0.019488784,0.1898938,0.016329953,0.1048336,0.017602853,0.13290773,0.023743698,0.73118323,0.0064702984,0.055044774,0.010834645,0.3113179,0.05880694,null,null,null,null,"TWOGAUSSIANS",8,4.422288,0.73118323,0.0064729615,0.30825073,0.060674008,0.31025237,0.059252884,0.1898938,0.016329953,0.4,0.0,0.13183275,0.022713535
375316653866487564,4068198249843928960,0.46403414,2415.39714564019,0.29096623669857596,6.0016623E-6,18.411507,0.018337576,0.2228501,0.019105896,0.058330573,0.009500139,0.12729278,0.04545017,0.7672426,0.001750911,0.03534697,0.003587487,0.5455457,0.06509796,null,null,null,null,"TWOGAUSSIANS",8,32.98605,0.7672426,0.001750911,0.19794303,0.020089926,0.54554564,0.065097995,0.2228501,0.019105896,0.32665122,0.053200778,0.12729277,0.04545016
375316653866487564,4068198279851334528,0.44081703,2514.880647771847,3.4835119530483762,3.16462E-5,19.19563,0.0048534963,0.098845646,0.011447114,0.026189387,0.014736968,0.09665942,0.2621588,0.6705775,0.01718982,0.024900584,0.0071836826,0.3304293,0.18925121,null,null,null,null,"TWOGAUSSIANS",8,2.3566372,0.6705775,0.01718982,0.13944326,0.04022862,0.3304293,0.18925121,0.098845646,0.011447114,0.14666057,0.08252702,0.09665942,0.2621588
375316653866487564,4068198421642594688,0.6169655,2413.6495625868715,0.6121287484241552,2.3302941E-6,18.273853,0.003021901,0.19317584,9.399232E-4,0.02926148,0.0014793818,0.81579137,0.036254957,0.6997745,0.0038637049,0.034575496,0.0053220754,0.1024691,0.0050298297,null,null,null,null,"TWOGAUSSIANS",8,2.3925612,0.19317584,9.399232E-4,0.16386428,0.008284538,0.81579137,0.036254957,0.6997745,0.0038637049,0.19362278,0.029803623,0.1024691,0.0050298297
375316653866487564,4068198451611509632,0.4746392,2405.979315022679,0.40519620215928687,1.0258291E-5,18.579914,0.003932803,0.25174886,0.0047056708,0.043004837,0.0037979947,0.20669763,0.021306306,0.7578997,0.006910639,0.047798388,0.0059361476,0.06851285,0.0048116837,null,null,null,null,"TWOGAUSSIANS",8,2.073302,0.25174886,0.0047056708,0.24082708,0.02126877,0.20669758,0.021306302,0.7578997,0.006910639,0.26767096,0.033242427,0.068512805,0.0048116534
375316653866487564,4068198486011183104,0.43701196,2552.915110429882,1.5976402016153781,1.2803472E-4,19.671196,0.011410398,0.15124123,0.01579937,0.02788421,0.009021631,0.3406309,0.16787481,0.6978273,0.010681237,0.057207372,0.010940879,0.19947885,0.043468334,null,null,null,null,"TWOGAUSSIANS",8,3.3099208,0.15124123,0.01579937,0.15615158,0.050521135,0.3406309,0.16787484,0.6978273,0.010681237,0.3203613,0.061268922,0.19947883,0.043468334
375316653866487564,4068198623448416128,0.5187564,2470.9096137100323,0.8762878190733357,1.2734738E-5,19.389793,0.0088094715,0.29899746,0.0029672706,0.04027421,0.0030489455,0.57073176,0.049721424,0.8039224,0.006253686,0.041141137,0.005603506,0.16230433,0.020314323,null,null,null,null,"TWOGAUSSIANS",8,2.8090801,0.29899746,0.0029672706,0.22553557,0.017074095,0.57073176,0.049721427,0.8039224,0.006253686,0.23039037,0.031379636,0.16230433,0.020314328
375316653866487564,4068198760887362304,0.47930235,2434.8566782953176,0.3943684188787624,1.3242115E-5,18.004625,0.0035696991,0.3952917,0.002057111,0.02611476,0.00249626,0.3949015,0.1807992,0.8706882,0.014714147,0.012232703,0.010019037,0.0449414,0.027724685,null,null,null,null,"TWOGAUSSIANS",8,7.2951922,0.3952917,0.002057111,0.14624266,0.013979056,0.3949015,0.1807992,0.8706882,0.014714147,0.06850314,0.05610661,0.0449414,0.027724685
375316653866487564,4068198967047203712,0.5740597,2451.462806975557,0.9874359976267895,1.7287068E-5,19.018852,0.012007431,0.21833768,0.0068293395,0.09274984,0.012602045,0.16627203,0.014283728,0.71960247,0.0023239125,0.07750215,0.0031466575,0.5222227,0.023690365,null,null,null,null,"TWOGAUSSIANS",8,2.9976633,0.71960247,0.0023239125,0.4,0.0,0.51511216,0.023156889,0.21833768,0.0068293395,0.4,0.0,0.15916133,0.014387475
375316653866487564,4068199005674292736,0.42615545,2529.843673896009,2.6951656509986672,9.079863E-5,19.761087,0.010102323,0.23451632,0.024305794,0.052131828,0.027320156,0.28295705,0.33061028,0.6819566,0.0041417177,0.020029454,0.0044712843,2.1484385,9.580411,null,null,null,null,"TWOGAUSSIANS",8,3.8595245,0.6819566,0.0041417177,0.11216494,0.02503919,2.1484385,9.580411,0.23451632,0.024305794,0.29193825,0.15040314,0.28295705,0.33061028
375316653866487564,4068200994273184768,0.44528458,2472.2148365596267,0.039853136211220504,4.8967813E-5,19.18001,0.044549473,0.33570877,0.027715929,0.15201136,0.036292527,0.44006446,0.050945874,0.9488169,0.014003609,0.04584798,0.010567674,0.2253794,0.027807103,null,null,null,null,"TWOGAUSSIANS",8,4.538444,0.33570877,0.027715929,0.4,0.0,0.4338976,0.05102619,0.95159686,0.0124119865,0.25674868,0.05917898,0.23699127,0.030297274
375316653866487564,4068200994273188736,0.54881525,2444.818521946794,0.44344192421373235,1.0197425E-5,19.34802,0.0062649115,0.13904908,0.002808568,0.0328655,0.002816519,0.18303359,0.016562635,0.6423391,0.001698792,0.036887404,0.0016466159,1.0065602,0.06012388,null,null,null,null,"TWOGAUSSIANS",8,2.2157018,0.6423391,0.001698792,0.20656945,0.009221049,1.0065602,0.06012388,0.13904908,0.002808568,0.18404679,0.015772507,0.18303359,0.016562635
375316653866487564,4068201097352429184,0.5068654,2373.3189152966393,1.2005536914249175,2.1336491E-5,19.9962,0.020229839,0.22090267,0.005294266,0.021203164,0.007548468,0.38459986,0.1223466,0.6613447,0.0042326907,0.030398881,0.006233324,0.7758006,0.6997924,0.17756693,0.028694035,0.22090267,0.005294266,"TWOGAUSSIANS_WITH_ELLIPSOIDAL_ON_ECLIPSE1",9,6.451693,0.6631147,0.0051055136,0.17023373,0.034906615,1.0848227,0.6987739,0.22090267,0.005294266,0.11873772,0.04227142,0.7397337,0.11027308
375316653866487564,4068201101618364928,0.554168,2393.4876873471185,2.1819736655035014,7.022411E-6,18.075449,0.006548871,0.22543828,0.008329959,0.07035577,0.00789555,0.12291329,0.008334157,0.72666633,0.0019246489,0.059511565,0.0034413752,0.31912965,0.008364136,null,null,null,null,"TWOGAUSSIANS",8,4.7465816,0.72666633,0.0019246489,0.33326477,0.019271702,0.31891105,0.008365094,0.22543828,0.008329959,0.3939923,0.030539386,0.12269467,0.008257621
375316653866487564,4068201170337766272,0.4199575,2506.300677461045,1.12742955329734,2.9383924E-5,19.758713,0.017185763,0.54066646,0.0041535897,0.025750292,0.0062067313,0.32737172,0.09874908,0.77236706,0.026010437,0.04192764,0.026562512,0.37421036,0.111408845,null,null,null,null,"TWOGAUSSIANS",8,5.6028466,0.77236706,0.026010437,0.23479478,0.14875007,0.37421036,0.111408845,0.54066646,0.0041535897,0.14420164,0.034757696,0.32737178,0.09874907
375316653866487564,4068201204697566464,0.42728096,2487.162812256021,3.399145749304384,8.503225E-5,18.985245,0.014269214,0.2042698,0.01641674,0.057938203,0.01338347,0.21216531,0.042926054,0.66058123,0.0072239283,0.031499006,0.005245126,0.35924828,0.025349721,null,null,null,null,"TWOGAUSSIANS",8,5.858403,0.66058123,0.0072239283,0.17639443,0.029372705,0.35924825,0.02534971,0.2042698,0.01641674,0.32445392,0.07494743,0.2121653,0.04292606
375316653866487564,4068201307778625792,0.45438918,2457.3729912654917,2.4831529949952316,3.9010014E-5,19.441605,0.007272892,0.27659857,0.04356919,0.052137684,0.042831976,0.19979218,0.5578037,0.74371034,0.009050077,0.072737746,0.011007302,0.17816205,0.030492924,null,null,null,null,"TWOGAUSSIANS",8,2.4907076,0.27659857,0.04356919,0.29197103,0.23985906,0.19975127,0.55784285,0.74371034,0.009050077,0.4,0.031119088,0.17812113,0.030536748
375316653866487564,4068201479576716032,0.44921386,2495.4781852148626,4.087339460409547,2.0868205E-5,19.200228,0.012294304,0.051932584,0.002696491,0.009030536,0.005110878,0.39164078,2.616888,0.3949259,0.028827917,0.085108615,0.0151329925,0.11762048,0.022105431,null,null,null,null,"TWOGAUSSIANS",8,4.334806,0.051932584,0.002696491,0.050571002,0.028620917,0.39167574,2.616872,0.3949259,0.028827917,0.4,0.0,0.117620476,0.022105444
375316653866487564,4068201513936839424,0.45395225,2497.6744567214896,2.034350185313599,1.2516336E-5,19.861465,0.14844136,0.28266832,0.005982591,0.04410081,0.0116561055,0.60283136,0.113900505,0.7811699,0.03417935,0.06772853,0.14126377,0.30045328,0.14133674,null,null,null,null,"TWOGAUSSIANS",8,2.7386832,0.28266832,0.005752499,0.24696454,0.065274194,0.6027984,0.12194528,0.7811699,0.03417935,0.37927973,0.080842495,0.3004203,0.14086978
375316653866487564,4068201513936841600,0.4892647,2484.7460134515727,0.03200739073396217,3.415555E-5,19.271566,0.018794533,0.22234812,0.0074656573,0.07779063,0.01287383,0.3865148,0.071746275,0.68218243,0.008077498,0.10999278,0.010210364,0.33615053,0.02320495,null,null,null,null,"TWOGAUSSIANS",8,2.765722,0.22237812,0.0074535604,0.4,0.015914505,0.37540716,0.07774441,0.68218243,0.008077498,0.4,0.0,0.32498702,0.019530958
375316653866487564,4068201548296754688,0.42865026,2510.3360715798367,0.559171703885436,4.5602337E-5,19.647985,0.07404424,0.31033176,0.003986029,0.045011826,0.010780501,0.3848053,0.101817176,0.8382316,0.042747404,0.08207614,0.09347357,0.13948709,0.043402888,null,null,null,null,"TWOGAUSSIANS",8,5.04611,0.31033176,0.0039503374,0.25206622,0.060370807,0.3847379,0.09944118,0.8382316,0.042747404,0.4,0.1444712,0.13941969,0.036434855
375316653866487564,4068201685735714304,0.46357623,2462.0450883969706,2.7490252311273777,2.2523358E-5,19.668882,0.007325304,0.26645878,0.005238293,0.07075438,0.006420923,0.20910482,0.017479874,0.7480518,0.009595347,0.06791354,0.016728465,0.20962308,0.041560277,null,null,null,null,"TWOGAUSSIANS",8,1.5285945,0.7480518,0.009595347,0.3803158,0.053232443,0.20923671,0.042681158,0.26645878,0.005238293,0.3962245,0.024063008,0.20871845,0.017396884
375316653866487564,4068201921980018816,0.42608237,2476.7977884496463,0.517894392976098,1.0763101E-4,19.477499,0.14803287,0.34944198,0.057322383,0.11316081,0.19397691,0.20637509,1.4293977,0.9155803,0.015236381,0.034729928,0.015389648,0.6779098,0.5420768,null,null,null,null,"TWOGAUSSIANS",8,9.608075,0.9155903,0.015208967,0.19448759,0.08618203,0.67774373,0.5401223,0.34944198,0.057322383,0.4,0.26962718,0.20607562,1.431177
375316653866487564,4068202162498045440,0.5580094,2476.387200384374,1.732439327918556,1.6516218E-5,19.357534,0.01913936,0.25337926,0.005822778,0.08829546,0.00833145,0.38972726,0.019658582,0.75215673,0.001962573,0.089386724,0.004013927,0.5347156,0.020900577,null,null,null,null,"TWOGAUSSIANS",8,1.9439794,0.75215673,0.001962573,0.4,0.0,0.51764554,0.015908726,0.25337926,0.005822778,0.4,0.0,0.37265727,0.015786408
375316653866487564,4068202201216726144,0.5210695,2421.644997073154,3.6266939551133714,1.2170777E-5,18.622168,0.053500943,0.30928424,0.004104877,0.10494103,0.013618132,0.41615275,0.04358966,0.805349,0.006780552,0.10815174,0.020939456,0.30831352,0.048231516,null,null,null,null,"TWOGAUSSIANS",8,6.6762905,0.30928424,0.004101149,0.4,0.0,0.3726736,0.019659884,0.805349,0.006780552,0.4,0.0,0.26483005,0.026166921
375316653866487564,4068202334297922816,0.5119447,2468.828121878347,1.1816886846934613,1.8890985E-5,19.240168,0.020902725,0.26131275,0.007507747,0.08373469,0.01144643,0.47577104,0.040064592,0.747078,0.004076695,0.08373037,0.0077208504,0.33389613,0.020561142,null,null,null,null,"TWOGAUSSIANS",8,4.5577664,0.26131275,0.007507747,0.4,0.0,0.46863896,0.043657977,0.747078,0.004076695,0.4,0.0,0.32676405,0.017526641
375316653866487564,4068202368656806016,0.42898986,2492.2851821006197,1.8060624400345324,6.496945E-5,19.265724,0.015869964,0.22303353,0.010249325,0.022281565,0.0074879318,0.25762498,0.10237175,0.6047577,0.009293669,0.04293419,0.0072437697,0.4405241,0.07185579,null,null,null,null,"TWOGAUSSIANS",8,4.359759,0.6047577,0.009293669,0.24043146,0.04056511,0.4405241,0.07185579,0.22303353,0.010249325,0.12477676,0.04193242,0.25762498,0.10237175
375316653866487564,4068202613449544448,0.5263939,2372.9079537802504,3.926372756960045,3.177444E-5,18.244694,0.0047528753,0.13005412,0.014276707,0.026404709,0.0061060535,0.38258842,0.13336551,0.46601343,0.04835404,0.0121745225,0.024893373,0.37528184,0.54134816,null,null,null,null,"TWOGAUSSIANS",8,5.5631275,0.13005412,0.014276707,0.14786637,0.0341939,0.38258842,0.13336551,0.46601343,0.04835404,0.06817733,0.1394029,0.37528184,0.54134816
375316653866487564,4068202780974748800,0.46924487,2431.456524655553,3.907643269914915,3.3094893E-5,19.86209,0.030208157,0.51060796,0.012101701,0.16743849,0.024461323,0.3151538,0.035300158,0.9375648,0.01806011,0.043003168,0.018586302,0.063621126,0.021173926,null,null,null,null,"TWOGAUSSIANS",8,1.6999506,0.51060796,0.012101701,0.4,0.0,0.30425364,0.035501428,0.9375648,0.01806011,0.24081774,0.10408329,0.06582941,0.023071112
375316653866487564,4068202888327824640,0.47367775,2448.010757024025,1.1093939479718362,2.4690118E-5,19.522966,0.014953782,0.22921313,0.011939121,0.060793348,0.0137107195,0.195032,0.030336445,0.70336396,0.009961026,0.047513746,0.013707252,0.27368608,0.054148927,null,null,null,null,"TWOGAUSSIANS",8,4.7344294,0.70336396,0.009961026,0.26607695,0.07676061,0.27368265,0.054159943,0.22921313,0.011939121,0.34044275,0.07678003,0.19502859,0.030337363
375316653866487564,4068202918413266688,0.4317129,2449.8621644195564,0.26877034326128596,2.9198603E-5,18.62226,0.0048295707,0.37879917,0.009224395,0.020126667,0.0116007095,0.09565024,0.043651722,0.8414158,0.00702723,0.020219818,0.005394624,0.14699395,0.019367347,null,null,null,null,"TWOGAUSSIANS",8,2.8775275,0.8414158,0.00702723,0.11323098,0.030209895,0.14699395,0.019367347,0.37879917,0.009224395,0.112709336,0.064963974,0.09565024,0.043651722
