Gaia/vari_eclipsing_binary/VariEclipsingBinary_685839-685859.csv
# %ECSV 1.0
# ---
# delimiter: ','
# meta: !!omap
# - RELEASE: Gaia DR3
# - TABLE: vari_eclipsing_binary
# - DESCRIPTION: >
#     This table describes the properties of the eclipsing binaries resulting from the variability analysis. 
# - CITATION: >
#     How to cite and acknowledge Gaia: 
#     https://gea.esac.esa.int/archive/documentation/credits.html 
# - KNOWN_ISSUES: >
#     Known issues: 
#     https://www.cosmos.esa.int/web/gaia-users/known-issues 
# - DOCUMENTATION: >
#     Tutorials and documentation: 
#     https://www.cosmos.esa.int/web/gaia-users/archive 
# datatype:
# - 
#   name: solution_id
#   datatype: int64
#   description: Solution Identifier
#   meta:
#     ucd: meta.version
# - 
#   name: source_id
#   datatype: int64
#   description: Unique source identifier
#   meta:
#     ucd: meta.id;meta.main
# - 
#   name: global_ranking
#   datatype: float32
#   description: Number between 0 (worst) and 1 (best)
#   meta:
#     ucd: stat.param
# - 
#   name: reference_time
#   datatype: float64
#   unit: d
#   description: Reference time used for the geometric model fit
#   meta:
#     ucd: time.epoch
# - 
#   name: frequency
#   datatype: float64
#   unit: d**-1
#   description: Frequency of geometric model of the eclipsing binary light curve
#   meta:
#     ucd: src.orbital
# - 
#   name: frequency_error
#   datatype: float32
#   unit: d**-1
#   description: "Uncertainty of \\texttt{frequency}"
#   meta:
#     ucd: stat.error
# - 
#   name: geom_model_reference_level
#   datatype: float32
#   unit: mag
#   description: Magnitude reference level of geometric model
#   meta:
#     ucd: phot.mag;em.opt
# - 
#   name: geom_model_reference_level_error
#   datatype: float32
#   unit: mag
#   description: "Uncertainty of \\texttt{geomModelReferenceLevel}"
#   meta:
#     ucd: stat.error;phot.mag;em.opt
# - 
#   name: geom_model_gaussian1_phase
#   datatype: float32
#   description: Phase of the Gaussian 1 component
#   meta:
#     ucd: time.phase
# - 
#   name: geom_model_gaussian1_phase_error
#   datatype: float32
#   description: "Uncertainty of \\texttt{geomModelGaussian1Phase}"
#   meta:
#     ucd: stat.error;time.phase
# - 
#   name: geom_model_gaussian1_sigma
#   datatype: float32
#   description: "Standard deviation [phase] of Gaussian 1 component"
#   meta:
#     ucd: stat.stdev
# - 
#   name: geom_model_gaussian1_sigma_error
#   datatype: float32
#   description: "Uncertainty of \\texttt{geomModelGaussian1Sigma}"
#   meta:
#     ucd: stat.error
# - 
#   name: geom_model_gaussian1_depth
#   datatype: float32
#   unit: mag
#   description: Magnitude depth of Gaussian 1 component
#   meta:
#     ucd: src.var.amplitude
# - 
#   name: geom_model_gaussian1_depth_error
#   datatype: float32
#   unit: mag
#   description: "Uncertainty of \\texttt{geomModelGaussian1Depth}"
#   meta:
#     ucd: stat.error;src.var.amplitude
# - 
#   name: geom_model_gaussian2_phase
#   datatype: float32
#   description: Phase of Gaussian 2 component
#   meta:
#     ucd: time.phase
# - 
#   name: geom_model_gaussian2_phase_error
#   datatype: float32
#   description: "Uncertainty of \\texttt{geomModelGaussian2Phase}"
#   meta:
#     ucd: stat.error;time.phase
# - 
#   name: geom_model_gaussian2_sigma
#   datatype: float32
[...]
#   datatype: float32
#   description: "Secondary eclipse: uncertainty of \\texttt{derivedSecondaryEclDuration}"
#   meta:
#     ucd: stat.error;time.duration
# - 
#   name: derived_secondary_ecl_depth
#   datatype: float32
#   unit: mag
#   description: "Secondary eclipse: depth"
#   meta:
#     ucd: src.var.amplitude
# - 
#   name: derived_secondary_ecl_depth_error
#   datatype: float32
#   unit: mag
#   description: "Secondary eclipse: uncertainty of \\texttt{derivedSecondaryEclDepth}"
#   meta:
#     ucd: stat.error;src.var.amplitude
solution_id,source_id,global_ranking,reference_time,frequency,frequency_error,geom_model_reference_level,geom_model_reference_level_error,geom_model_gaussian1_phase,geom_model_gaussian1_phase_error,geom_model_gaussian1_sigma,geom_model_gaussian1_sigma_error,geom_model_gaussian1_depth,geom_model_gaussian1_depth_error,geom_model_gaussian2_phase,geom_model_gaussian2_phase_error,geom_model_gaussian2_sigma,geom_model_gaussian2_sigma_error,geom_model_gaussian2_depth,geom_model_gaussian2_depth_error,geom_model_cosine_half_period_amplitude,geom_model_cosine_half_period_amplitude_error,geom_model_cosine_half_period_phase,geom_model_cosine_half_period_phase_error,model_type,num_model_parameters,reduced_chi2,derived_primary_ecl_phase,derived_primary_ecl_phase_error,derived_primary_ecl_duration,derived_primary_ecl_duration_error,derived_primary_ecl_depth,derived_primary_ecl_depth_error,derived_secondary_ecl_phase,derived_secondary_ecl_phase_error,derived_secondary_ecl_duration,derived_secondary_ecl_duration_error,derived_secondary_ecl_depth,derived_secondary_ecl_depth_error
[from data line 296]
375316653866487564,6032805420163167360,0.45877934,2182.564301706377,2.0556524788309787,4.902317E-5,18.648647,0.019314447,0.22913739,0.005522657,0.063776106,0.008948713,0.3180486,0.036130648,0.6707099,0.014559059,0.030327186,0.01318905,0.10521199,0.8404748,0.049766738,0.022074498,0.22913739,0.005522657,"TWOGAUSSIANS_WITH_ELLIPSOIDAL_ON_ECLIPSE1",9,26.725742,0.22913739,0.005522657,0.35714617,0.050112788,0.41744038,0.020810151,0.67420995,0.014052575,0.16983224,0.073858686,0.19251356,0.82630205
375316653866487564,6032805518908418176,0.47731823,2219.5280722204398,0.022764628757066852,1.5625226E-5,18.781977,0.008662781,0.33002102,0.004509253,0.056597646,0.005433486,0.41787112,0.053478707,0.8743954,0.007889528,0.037767325,0.01102032,0.053975318,0.01827977,null,null,null,null,"TWOGAUSSIANS",8,6.617427,0.33002102,0.004509253,0.31694683,0.030427521,0.4178711,0.05347874,0.8743954,0.007889528,0.21149702,0.061713792,0.053975295,0.018279765
375316653866487564,6032806206081358080,0.52840775,2205.232869188239,1.4509809476866997,1.1241206E-5,16.985878,0.0030389314,0.23747614,0.0042420966,0.08025112,0.0044895536,0.09569282,0.005016362,0.72833055,0.0046877805,0.080722086,0.0058291336,0.12546226,0.007308658,null,null,null,null,"TWOGAUSSIANS",8,4.288414,0.72833055,0.0046877805,0.4,0.0,0.123989396,0.007556859,0.23747614,0.0042420966,0.4,0.0,0.094219945,0.0048453473
375316653866487564,6032806755837570304,0.58007073,2210.1340441799202,2.410848845076268,9.785666E-6,18.162813,0.008778319,0.30662143,0.0019509117,0.08440918,0.0035819672,0.2841272,0.00881739,0.80369437,0.004091461,0.10227419,0.0071585802,0.17217295,0.009138957,null,null,null,null,"TWOGAUSSIANS",8,1.572779,0.30662143,0.0019509117,0.4,0.0,0.27282286,0.0061355284,0.80369437,0.004091461,0.4,0.0,0.16086635,0.0058752606
375316653866487564,6032807103759830016,0.49175718,2216.716764392783,0.682452214142089,2.9473705E-4,19.389086,0.015498966,0.14079736,0.023159504,0.028680922,0.03108266,0.092513144,0.049142238,0.58128226,0.003509454,0.055358488,0.0036212478,0.66469103,0.046422552,null,null,null,null,"TWOGAUSSIANS",8,5.0124016,0.58128226,0.003509454,0.31000754,0.020278987,0.66469103,0.046422485,0.14079736,0.023159504,0.16061316,0.1740629,0.092513144,0.04914268
375316653866487564,6032807168154370048,0.59160334,2214.361839521901,2.687029962219087,6.145366E-6,15.594404,0.007526842,0.30245143,0.0013270158,0.08443869,0.0029763188,0.32368392,0.007935603,0.81742,0.0019384826,0.08556215,0.0033276044,0.27926657,0.0098093245,null,null,null,null,"TWOGAUSSIANS",8,37.347897,0.30245143,0.0013270158,0.4,0.0,0.31757247,0.007275188,0.81742,0.0019384826,0.4,0.0,0.2731551,0.009361905
375316653866487564,6032807206839172736,0.4497503,2207.715218412372,3.0186052384554642,3.5782662E-4,19.316788,0.027015282,0.23004836,0.028900063,0.07633499,0.029873881,0.22603151,0.07738178,0.76978505,0.0112850685,0.08553855,0.01651678,0.38832456,0.03778988,null,null,null,null,"TWOGAUSSIANS",8,12.704734,0.76978505,0.0112850685,0.4,0.0,0.3860146,0.040529534,0.23004836,0.028900063,0.4,0.10786984,0.22372176,0.078788474
375316653866487564,6032807309948824192,0.46500665,2187.615567127132,0.1318733819797739,2.2340875E-5,18.476368,0.010828211,0.28366077,0.012051359,0.06400397,0.018923206,0.21238539,0.06988307,0.71122926,0.015866617,0.107967734,0.014518517,0.11443362,0.016462058,null,null,null,null,"TWOGAUSSIANS",8,3.8461702,0.28369075,0.012006966,0.3584222,0.06839053,0.21135177,0.07277987,0.71122926,0.015866617,0.4,0.0,0.11335489,0.014818404
375316653866487564,6032808271991576832,0.5723498,2225.14759996137,3.1698025844448012,1.0063998E-5,19.370222,0.010376621,0.26808771,0.005757761,0.06083342,0.004055099,0.64893556,0.02534989,0.7624187,0.003167721,0.062413394,0.0030273714,0.70856047,0.033032726,null,null,null,null,"TWOGAUSSIANS",8,3.9738867,0.7624187,0.003167721,0.349515,0.01695328,0.7082605,0.033058323,0.26808771,0.005757761,0.34066716,0.022708556,0.64863557,0.025249587
375316653866487564,6032808306351367552,0.5656219,2218.3340727448485,3.759912929517443,9.836433E-6,19.256811,0.010554796,0.14049523,0.0015363799,0.060545105,0.00283396,0.6821007,0.035171773,0.6375044,0.0029993544,0.072573766,0.0037329851,0.5149729,0.020115566,null,null,null,null,"TWOGAUSSIANS",8,2.0858727,0.14049523,0.0015363799,0.3390526,0.015870176,0.6811769,0.03537138,0.6375044,0.0029993544,0.4,0.0031245975,0.51404905,0.020155985
375316653866487564,6032808645625644672,0.49663994,2186.6242901558608,0.41089482278343853,3.3157765E-5,18.201399,0.004610813,0.22878507,0.0044398103,0.019223705,0.008088132,0.3017742,0.04998225,0.68074226,0.039857935,0.032304652,0.031704843,0.079270564,0.053792663,null,null,null,null,"TWOGAUSSIANS",8,5.549988,0.22878507,0.0044398103,0.107652746,0.04529354,0.3017742,0.04998225,0.68074226,0.039857935,0.18090604,0.17754713,0.079270564,0.053792663
375316653866487564,6032809161040887808,0.50788695,2221.6018221055538,3.1227399247083008,1.3506543E-5,18.615456,0.01196965,0.32614776,0.0042461897,0.08678277,0.008918413,0.21409594,0.014888027,0.838474,0.0033254777,0.08362465,0.00863237,0.16008212,0.011081042,null,null,null,null,"TWOGAUSSIANS",8,1.7343681,0.32614776,0.0042461897,0.4,0.0,0.2100553,0.014151726,0.838474,0.0033254777,0.4,0.0,0.15604152,0.009108304
375316653866487564,6032809749458548992,0.60600257,2240.77767720387,1.6055124905261857,1.5866352E-5,18.680836,0.014854059,0.27282068,0.002809475,0.0360669,0.003457453,0.37075818,0.04845399,0.77563345,0.0043419036,0.04550798,0.0052074185,0.64638823,0.03103205,0.14499067,0.018242028,0.27282068,0.002809475,"TWOGAUSSIANS_WITH_ELLIPSOIDAL_ON_ECLIPSE1",9,5.124533,0.77563345,0.0043226574,0.25484467,0.029161543,0.9362783,0.016545776,0.27282068,0.002809475,0.20197465,0.019361736,0.66073877,0.027376639
375316653866487564,6032809955617116800,0.43026188,2238.531911183569,0.03811181953158606,4.1427673E-5,19.321913,0.0623285,0.074384406,0.013658057,0.09237915,0.030513458,0.1330189,0.07356212,0.541995,0.007255597,0.06712654,0.015179125,0.52797866,0.027487343,null,null,null,null,"TWOGAUSSIANS",8,11.254628,0.541995,0.007255597,0.3759086,0.0835404,0.5262504,0.02486845,0.074384406,0.013658057,0.4,0.00967652,0.13129027,0.071482696
375316653866487564,6032811055131584384,0.5168549,2223.3033031879568,3.9475047229487226,2.9902898E-5,18.102634,1.4226041,0.35694948,0.015567934,0.22103697,0.24843359,0.7705731,1.4073391,0.8449921,0.015791137,0.13668108,0.072765894,0.6946819,0.80558,null,null,null,null,"TWOGAUSSIANS",8,5.1971507,0.8449921,0.015791137,0.4,0.0,0.30121014,0.04608649,0.3578995,0.016649542,0.4,0.0,0.25893193,0.04251809
375316653866487564,6032811089520895744,0.4707424,2236.0241588421145,2.7340458541179347,3.1053933E-5,18.368015,0.011638277,0.22944927,0.005933427,0.013405876,0.020075101,0.104766995,1.08242403E12,0.7615702,0.06140708,0.033853862,0.034247775,0.35629198,847738.6,0.10393707,0.016453233,0.22944927,0.005933427,"TWOGAUSSIANS_WITH_ELLIPSOIDAL_ON_ECLIPSE1",9,13.04966,0.7615702,0.06140708,0.18958163,0.19178754,0.5558133,847738.6,0.22944927,0.005933427,0.07507291,0.11242057,0.3126411,1.08242403E12
375316653866487564,6032813357234090368,0.5837099,2217.4722984509626,2.9659064119663077,9.530277E-6,19.1012,0.009300042,0.2394695,0.012346883,0.06521933,0.007948054,0.54816735,0.030447902,0.7462026,0.0012852364,0.06319915,0.0017333912,0.595269,0.017718596,null,null,null,null,"TWOGAUSSIANS",8,2.735218,0.7462026,0.0012852364,0.3539152,0.009706991,0.5947943,0.017541092,0.2394695,0.012346883,0.36522824,0.035234172,0.54769266,0.029652722
375316653866487564,6032813391592218880,0.5515546,2194.2242168841117,1.9225295296899299,2.6751899E-5,19.623573,0.007527516,0.22660874,0.0045940443,0.042932305,0.004945638,0.14664514,0.010031338,0.7254361,0.0028885368,0.041460864,0.0022657658,1.0158625,0.032003578,null,null,null,null,"TWOGAUSSIANS",8,2.0078528,0.7254361,0.0028885368,0.23218085,0.012688288,1.0158623,0.032003578,0.22660874,0.0045940443,0.24042091,0.027695572,0.14664513,0.010031331
375316653866487564,6032813559067045248,0.46889514,2202.14237913016,1.9672616125276114,4.0075734E-5,17.740124,0.01120304,0.31751424,0.0075068306,0.0977867,0.01673197,0.06936804,0.011089676,0.8162486,0.010879359,0.09722391,0.021074336,0.068348065,0.010790729,null,null,null,null,"TWOGAUSSIANS",8,2.2941186,0.31751424,0.007505261,0.4,0.0,0.06430725,0.005854018,0.8162486,0.010879359,0.4,0.0,0.063287325,0.0057480014
375316653866487564,6032814830376837376,0.51472336,2219.079024953234,0.039861526962391626,8.194214E-6,17.710798,0.004018421,0.029366054,6.475533E-4,0.00814099,0.0016494642,0.047058187,0.019646432,0.4653385,0.009769686,0.1392337,0.009781099,0.10359974,0.0063790525,null,null,null,null,"TWOGAUSSIANS",8,1.6618425,0.4653385,0.009769686,0.4,0.0,0.103271574,0.006334902,0.029386055,6.426414E-4,0.04558954,0.009237,0.04752821,0.01962045
375316653866487564,6032815075220279808,0.4492658,2225.6291336847785,0.13185693011311744,5.6408266E-5,18.471066,0.008388375,0.27170834,0.014310173,0.08360479,0.018962666,0.122167915,0.026735244,0.71257484,0.011126361,0.09416037,0.021401776,0.1485722,0.06729904,null,null,null,null,"TWOGAUSSIANS",8,2.5949059,0.71257484,0.011126361,0.4,0.0,0.14664961,0.070103996,0.27171832,0.014280362,0.4,0.0,0.12024779,0.030679403
375316653866487564,6032815139635380480,0.5216349,2260.6395194051192,3.8925921222340096,2.3275943E-5,19.586,0.025164848,0.28272352,0.020255443,0.07677122,0.018980727,0.4187258,0.04466223,0.7895599,0.005689752,0.06853763,0.008334779,0.35415214,0.025859537,null,null,null,null,"TWOGAUSSIANS",8,2.71965,0.28272352,0.020255443,0.4,0.0,0.41696304,0.04293792,0.7895599,0.005689752,0.38381073,0.040569026,0.35238937,0.022901366
375316653866487564,6032815311434106496,0.54733616,2235.5685396008494,3.9101918736477455,2.2735934E-5,18.760225,0.0071899323,0.24361432,0.005648586,0.0980686,0.006005324,0.25801897,0.009027179,0.7525949,0.003792223,0.0791993,0.005144334,0.25278458,0.009358534,null,null,null,null,"TWOGAUSSIANS",8,1.8188998,0.24361432,0.005648586,0.4,0.0,0.24978127,0.008142682,0.7525949,0.003792223,0.4,0.0,0.24454816,0.0077303224
375316653866487564,6032815723730525568,0.6035758,2208.764300593861,0.6415951211792005,1.0569392E-5,17.949602,0.0055084736,0.15523598,0.01824702,0.023830729,0.010496746,0.73067504,0.16836116,0.48149362,0.04049119,0.040671192,0.042552885,0.053235475,0.045661144,null,null,null,null,"TWOGAUSSIANS",8,6.5047135,0.15523598,0.01824702,0.13345207,0.05878178,0.73067504,0.16836047,0.48149362,0.04049119,0.22775868,0.17527331,0.053235475,0.045661144
375316653866487564,6032815964248589824,0.4797671,2211.8187148582847,3.690656657250837,2.6025664E-5,17.562643,0.008465681,0.29296225,0.007820469,0.0987492,0.013052457,0.11510291,0.009820822,0.7889441,0.0065082274,0.08774729,0.013606085,0.114156224,0.008628486,null,null,null,null,"TWOGAUSSIANS",8,6.397012,0.29296225,0.007820469,0.4,0.0,0.10916587,0.008729508,0.7889441,0.0065082274,0.4,0.0,0.1082198,0.0081782425
375316653866487564,6032816655798759808,0.54062605,2207.4205694629595,3.3173452017414857,1.8506607E-5,19.642025,0.007901723,0.2381566,0.007687695,0.07242142,0.0063111857,0.51892364,0.043830883,0.744286,0.004023735,0.06827902,0.0050951806,0.46423793,0.021777077,null,null,null,null,"TWOGAUSSIANS",8,2.0834122,0.2381566,0.007687695,0.4,0.020107925,0.5174009,0.044078548,0.744286,0.004023735,0.3823625,0.028533012,0.46271515,0.022011539
375316653866487564,6032817308633737088,0.4913868,2246.377437661164,2.609908528879526,4.114533E-5,18.970867,0.023364684,0.24206875,0.005431102,0.10327755,0.013256321,0.19460428,0.022668304,0.71979344,0.0105512105,0.08603945,0.01958844,0.20736438,0.024511216,null,null,null,null,"TWOGAUSSIANS",8,2.8087244,0.71979344,0.0105512105,0.4,0.0,0.19850186,0.023475222,0.24206875,0.005431102,0.4,0.0,0.18573686,0.012252827
375316653866487564,6032817617840886656,0.47735262,2213.2897469659833,3.1514042331165495,4.8176258E-5,18.972178,0.09271123,0.28990912,0.013434218,0.10280799,0.049395654,0.26041552,0.056241352,0.78792197,0.0104206875,0.10029968,0.024484653,0.2975888,0.086441435,null,null,null,null,"TWOGAUSSIANS",8,5.3861904,0.78792197,0.0104179885,0.4,0.0,0.2713752,0.02127178,0.28990912,0.013454344,0.4,0.0,0.2342005,0.046202518
375316653866487564,6032817789639755008,0.49521458,2244.6181175654147,1.9944394056294215,1.8420165E-5,19.119568,0.0089978855,0.449171,0.004099377,0.026909148,0.008498071,0.71987677,0.36022067,0.7832428,0.003161294,0.030313019,0.0062935716,0.749058,0.49642935,null,null,null,null,"TWOGAUSSIANS",8,5.6906524,0.7832428,0.003161294,0.16975291,0.035244,0.749058,0.49642935,0.449171,0.004099377,0.15069124,0.047589194,0.71987677,0.36022067
375316653866487564,6032818163270581760,0.62238306,2218.8948624202685,3.2027092284758303,6.6777607E-6,16.698221,0.00863316,0.22948493,0.0011381081,0.08236097,0.0019506265,0.592936,0.010575401,0.73561096,0.0028650616,0.072107226,0.0034790349,0.4091157,0.019403076,null,null,null,null,"TWOGAUSSIANS",8,21.158092,0.22948493,0.0011381081,0.4,0.0,0.58829874,0.010100517,0.73561096,0.0028650616,0.4,0.008640614,0.40447846,0.019548051
375316653866487564,6032818201987518080,0.61928606,2207.644992066888,1.1107417978275167,9.560629E-6,15.694413,0.005975883,0.2375289,0.0017031257,0.09557677,0.0031197683,0.2632844,0.006223474,0.7376864,0.0030268857,0.10673991,0.004557733,0.22184126,0.0071223434,null,null,null,null,"TWOGAUSSIANS",8,11.03306,0.2375289,0.0017031257,0.4,0.0,0.24071774,0.004481722,0.7376864,0.0030268857,0.4,0.0,0.1992676,0.005406037
375316653866487564,6032818575604288000,0.6247229,2240.414193098235,1.74371591818417,9.261178E-6,18.20018,0.0030796404,0.27796534,0.0020029729,0.05179007,0.0017575846,0.48335624,0.009588069,0.7800484,0.0049699657,0.056962688,0.0045026164,0.09808491,0.00713869,null,null,null,null,"TWOGAUSSIANS",8,1.4128718,0.27796534,0.0020029729,0.2900244,0.009842474,0.48334655,0.009586614,0.7800484,0.0049699657,0.31899107,0.025214652,0.098075226,0.0071392045
375316653866487564,6032818579920051840,0.47149572,2227.023423644403,2.2208461897585754,2.1600543E-5,18.661978,0.04609452,0.24497604,0.011333883,0.11542451,0.040376596,0.120797195,0.04375135,0.7377451,0.0069314856,0.102148384,0.02433024,0.1458076,0.043540917,null,null,null,null,"TWOGAUSSIANS",8,2.0255525,0.7377451,0.0069314856,0.4,0.0,0.12847933,0.013613118,0.24497604,0.011345972,0.4,0.0,0.10344982,0.011723625
375316653866487564,6032818609971336064,0.48621726,2198.5386644370255,3.5439965269236073,1.9875613E-5,18.716398,0.017846769,0.17039174,0.0077961907,0.08219383,0.014040286,0.14040592,0.017242821,0.68141776,0.005572608,0.105337754,0.024935402,0.115164384,0.012913134,null,null,null,null,"TWOGAUSSIANS",8,1.8472483,0.17039174,0.007800481,0.4,0.0,0.13434656,0.012627037,0.68141776,0.005572608,0.4,0.0,0.10910173,0.011441899
375316653866487564,6032818683023935744,0.4697195,2252.3907443307253,3.5234047070561703,1.1887712E-4,19.687223,0.06121206,0.31756333,0.039089102,0.11836079,0.07782114,0.15273608,0.05949445,0.7819264,0.0079540545,0.08865709,0.025407104,0.26941782,0.054738086,null,null,null,null,"TWOGAUSSIANS",8,2.6750636,0.7819264,0.0079540545,0.4,0.0,0.25613764,0.028983388,0.31756333,0.039090812,0.4,0.040232293,0.1393813,0.06356103
375316653866487564,6032819159706288896,0.45387352,2196.0941598176864,0.19842028741871146,3.4015095E-5,17.916191,0.0055349125,0.32551298,0.011111472,0.068176664,0.016439896,0.21504112,0.061764773,0.77086717,0.003388046,0.044693697,0.004957445,0.38136622,0.098702446,null,null,null,null,"TWOGAUSSIANS",8,8.850014,0.77086717,0.003388046,0.2502847,0.027761692,0.3813632,0.09870854,0.32551298,0.011111472,0.38178933,0.044840578,0.21503812,0.061808288
