Gaia/vari_eclipsing_binary/VariEclipsingBinary_662288-662326.csv
# %ECSV 1.0
# ---
# delimiter: ','
# meta: !!omap
# - RELEASE: Gaia DR3
# - TABLE: vari_eclipsing_binary
# - DESCRIPTION: >
#     This table describes the properties of the eclipsing binaries resulting from the variability analysis. 
# - CITATION: >
#     How to cite and acknowledge Gaia: 
#     https://gea.esac.esa.int/archive/documentation/credits.html 
# - KNOWN_ISSUES: >
#     Known issues: 
#     https://www.cosmos.esa.int/web/gaia-users/known-issues 
# - DOCUMENTATION: >
#     Tutorials and documentation: 
#     https://www.cosmos.esa.int/web/gaia-users/archive 
# datatype:
# - 
#   name: solution_id
#   datatype: int64
#   description: Solution Identifier
#   meta:
#     ucd: meta.version
# - 
#   name: source_id
#   datatype: int64
#   description: Unique source identifier
#   meta:
#     ucd: meta.id;meta.main
# - 
#   name: global_ranking
#   datatype: float32
#   description: Number between 0 (worst) and 1 (best)
#   meta:
#     ucd: stat.param
# - 
#   name: reference_time
#   datatype: float64
#   unit: d
#   description: Reference time used for the geometric model fit
#   meta:
#     ucd: time.epoch
# - 
#   name: frequency
#   datatype: float64
#   unit: d**-1
#   description: Frequency of geometric model of the eclipsing binary light curve
#   meta:
#     ucd: src.orbital
# - 
#   name: frequency_error
#   datatype: float32
#   unit: d**-1
#   description: "Uncertainty of \\texttt{frequency}"
#   meta:
#     ucd: stat.error
# - 
#   name: geom_model_reference_level
#   datatype: float32
#   unit: mag
#   description: Magnitude reference level of geometric model
#   meta:
#     ucd: phot.mag;em.opt
# - 
#   name: geom_model_reference_level_error
#   datatype: float32
#   unit: mag
#   description: "Uncertainty of \\texttt{geomModelReferenceLevel}"
#   meta:
#     ucd: stat.error;phot.mag;em.opt
# - 
#   name: geom_model_gaussian1_phase
#   datatype: float32
#   description: Phase of the Gaussian 1 component
#   meta:
#     ucd: time.phase
# - 
#   name: geom_model_gaussian1_phase_error
#   datatype: float32
#   description: "Uncertainty of \\texttt{geomModelGaussian1Phase}"
#   meta:
#     ucd: stat.error;time.phase
# - 
#   name: geom_model_gaussian1_sigma
#   datatype: float32
#   description: "Standard deviation [phase] of Gaussian 1 component"
#   meta:
#     ucd: stat.stdev
# - 
#   name: geom_model_gaussian1_sigma_error
#   datatype: float32
#   description: "Uncertainty of \\texttt{geomModelGaussian1Sigma}"
#   meta:
#     ucd: stat.error
# - 
#   name: geom_model_gaussian1_depth
#   datatype: float32
#   unit: mag
#   description: Magnitude depth of Gaussian 1 component
#   meta:
#     ucd: src.var.amplitude
# - 
#   name: geom_model_gaussian1_depth_error
#   datatype: float32
#   unit: mag
#   description: "Uncertainty of \\texttt{geomModelGaussian1Depth}"
#   meta:
#     ucd: stat.error;src.var.amplitude
# - 
#   name: geom_model_gaussian2_phase
#   datatype: float32
#   description: Phase of Gaussian 2 component
#   meta:
#     ucd: time.phase
# - 
#   name: geom_model_gaussian2_phase_error
#   datatype: float32
#   description: "Uncertainty of \\texttt{geomModelGaussian2Phase}"
#   meta:
#     ucd: stat.error;time.phase
# - 
#   name: geom_model_gaussian2_sigma
#   datatype: float32
[...]
#   datatype: float32
#   description: "Secondary eclipse: uncertainty of \\texttt{derivedSecondaryEclDuration}"
#   meta:
#     ucd: stat.error;time.duration
# - 
#   name: derived_secondary_ecl_depth
#   datatype: float32
#   unit: mag
#   description: "Secondary eclipse: depth"
#   meta:
#     ucd: src.var.amplitude
# - 
#   name: derived_secondary_ecl_depth_error
#   datatype: float32
#   unit: mag
#   description: "Secondary eclipse: uncertainty of \\texttt{derivedSecondaryEclDepth}"
#   meta:
#     ucd: stat.error;src.var.amplitude
solution_id,source_id,global_ranking,reference_time,frequency,frequency_error,geom_model_reference_level,geom_model_reference_level_error,geom_model_gaussian1_phase,geom_model_gaussian1_phase_error,geom_model_gaussian1_sigma,geom_model_gaussian1_sigma_error,geom_model_gaussian1_depth,geom_model_gaussian1_depth_error,geom_model_gaussian2_phase,geom_model_gaussian2_phase_error,geom_model_gaussian2_sigma,geom_model_gaussian2_sigma_error,geom_model_gaussian2_depth,geom_model_gaussian2_depth_error,geom_model_cosine_half_period_amplitude,geom_model_cosine_half_period_amplitude_error,geom_model_cosine_half_period_phase,geom_model_cosine_half_period_phase_error,model_type,num_model_parameters,reduced_chi2,derived_primary_ecl_phase,derived_primary_ecl_phase_error,derived_primary_ecl_duration,derived_primary_ecl_duration_error,derived_primary_ecl_depth,derived_primary_ecl_depth_error,derived_secondary_ecl_phase,derived_secondary_ecl_phase_error,derived_secondary_ecl_duration,derived_secondary_ecl_duration_error,derived_secondary_ecl_depth,derived_secondary_ecl_depth_error
[from data line 497]
375316653866487564,5825840773033898624,0.42401034,2418.8463739907975,0.4211884823779944,2.4806497E-5,18.983091,0.021317203,0.32492965,0.044257235,0.07028413,0.08704687,0.10948416,0.42680597,0.78896004,0.0032527645,0.03456515,0.0057049533,0.23754951,0.03843337,null,null,null,null,"TWOGAUSSIANS",8,8.945129,0.78896004,0.0032527645,0.19356485,0.03194774,0.23754896,0.03843326,0.32492965,0.044257235,0.39359114,0.44881693,0.1094836,0.42681637
375316653866487564,5825841391498674304,0.4883909,2370.2915846855526,0.2837562623850266,3.983841E-6,14.9771385,0.0017543401,0.31103745,0.0015180593,0.010517153,0.0030244768,0.21418118,0.3515462,0.8208901,0.0016885063,0.012330462,0.002472941,0.061062384,0.008537713,0.005048153,0.0032259994,0.31103745,0.0015180593,"TWOGAUSSIANS_WITH_ELLIPSOIDAL_ON_ECLIPSE1",9,31.460978,0.31103745,0.0015180593,0.058896054,0.01693707,0.2242775,0.35170016,0.8208901,0.0016885063,0.06905059,0.0138484705,0.071120046,0.009277636
375316653866487564,5825842903294303232,0.4692921,2380.784986257177,3.970835259309121,1.8634097E-5,19.238714,0.0063917926,0.80683213,0.007104516,0.03586233,0.011053183,0.028717063,0.011237526,null,null,null,null,null,null,0.12558316,0.007590621,0.80683213,0.007104516,"ONEGAUSSIAN_WITH_ELLIPSOIDAL",6,6.2817416,0.80683213,0.007104516,0.20082906,0.061897825,0.27988288,0.012574439,null,null,null,null,null,null
375316653866487564,5825843212575376000,0.4996613,2370.036017678482,0.20681617483779138,1.970102E-5,19.539919,0.008972084,0.29134852,0.001138779,0.0056705163,8.779424E-4,0.98757863,0.24911346,0.7830029,0.0032874588,0.011226618,0.01254501,0.08156082,0.44622204,0.030731753,0.00977056,0.7830029,0.0032874588,"TWOGAUSSIANS_WITH_ELLIPSOIDAL_ON_ECLIPSE2",9,5.9104633,0.29134852,0.001138779,0.031754892,0.0049164775,1.0488733,0.2505546,0.7830029,0.0032874588,0.06286906,0.07025205,0.14302433,0.45696607
375316653866487564,5825844552594690560,0.501611,2340.808444523186,0.612696470762076,1.9545898E-5,13.359247,0.0012895047,0.14684358,4.1427242E-4,0.009229972,3.045561E-4,0.33738384,0.024661165,0.8213707,0.0030339344,0.031736523,0.002667485,0.036210563,0.0023977722,null,null,null,null,"TWOGAUSSIANS",8,117.83657,0.14684358,4.1427242E-4,0.051687844,0.0017055143,0.33738384,0.024661165,0.8213707,0.0030339344,0.17772454,0.014937916,0.036210563,0.0023977722
375316653866487564,5825844685712145920,0.49330825,2356.762789687964,1.4527212534781615,1.0891226E-5,18.713284,0.006985553,0.22718896,0.005626915,0.0786473,0.006819075,0.1573513,0.010228226,0.7277991,0.0035113082,0.070471786,0.0058954787,0.24173974,0.012853703,null,null,null,null,"TWOGAUSSIANS",8,4.5873113,0.7277991,0.0035113082,0.394642,0.026369965,0.24037023,0.013073892,0.22718896,0.005626915,0.4,0.0,0.15598181,0.009924851
375316653866487564,5825844793112931200,0.543243,2349.283193395211,1.6917191835222283,4.6389423E-6,16.015593,0.0056168125,0.21655296,0.00936318,0.024179911,0.005229779,0.08253209,0.030184988,0.7070246,7.15584E-4,0.030304851,0.0012508238,0.43810463,0.021796722,0.013919831,0.0070533413,0.21655296,0.00936318,"TWOGAUSSIANS_WITH_ELLIPSOIDAL_ON_ECLIPSE1",9,91.11637,0.70706457,6.978898E-4,0.16970716,0.0070046135,0.46584508,0.018774912,0.21655296,0.00936318,0.1354075,0.029286763,0.110371746,0.02549881
375316653866487564,5825844930562354176,0.5184446,2364.0910730171536,3.4527527942359444,9.612937E-6,18.165121,0.035971202,0.1530752,0.003897161,0.1136481,0.015983205,0.2429113,0.03156865,0.64146703,0.0036150597,0.11000323,0.016031904,0.25710547,0.031325195,null,null,null,null,"TWOGAUSSIANS",8,4.2975817,0.64146703,0.0036150597,0.4,0.0,0.22064944,0.008228328,0.1530952,0.0039019333,0.4,0.0,0.20644054,0.014940439
375316653866487564,5825844964922087552,0.47360873,2373.2071938351855,1.2141756051333124,1.6737411E-5,13.62792,0.0066406517,0.24792919,0.005868906,0.0918862,0.014180805,0.049467232,0.0065259775,0.73187834,0.009190545,0.099994056,0.016747838,0.05958876,0.0060303384,null,null,null,null,"TWOGAUSSIANS",8,21.010225,0.73187834,0.009190545,0.4,0.0,0.05666227,0.0033813345,0.24792919,0.0058691176,0.4,0.0,0.04654127,0.0045967093
375316653866487564,5825845201117730944,0.5096179,2366.8181927438995,3.608023094045338,9.698018E-6,18.981152,0.045707505,0.2519751,0.0045109475,0.11147573,0.01625382,0.38062787,0.04326519,0.7648463,0.0036406964,0.100923605,0.011698945,0.40303424,0.04094176,null,null,null,null,"TWOGAUSSIANS",8,5.704368,0.76486635,0.003644325,0.4,0.0,0.3607598,0.013864308,0.2519751,0.0045071742,0.4,0.0,0.33832118,0.03744363
375316653866487564,5825846614179357312,0.53289133,2366.8775738314107,1.5753129047628316,7.903497E-6,16.245384,0.028794754,0.2510145,0.003128655,0.12865873,0.023173165,0.107212715,0.027924512,0.75375086,0.0026204945,0.119629204,0.020116175,0.10516342,0.027221026,null,null,null,null,"TWOGAUSSIANS",8,4.5129786,0.2509945,0.0031647268,0.4,0.0,0.07991747,0.0020261677,0.75379086,0.0026422606,0.4,0.0,0.07794718,0.0024432936
375316653866487564,5825846648539108992,0.44656977,2380.269691604481,1.0830209649950537,2.0294343E-5,17.041586,0.0018086825,0.21999739,0.006767344,0.03566418,0.012663212,0.1301047,0.038171917,0.7078842,0.019374296,0.028369494,0.020721575,0.032969836,0.008253249,null,null,null,null,"TWOGAUSSIANS",8,13.17738,0.21999739,0.006767344,0.19971938,0.070913985,0.1301047,0.038171917,0.7078842,0.019374296,0.15886916,0.11604082,0.032969836,0.008253249
375316653866487564,5825846751618310912,0.511294,2373.9231083742334,0.7722933090091415,1.1986575E-5,16.407425,6.3517515E-4,null,null,null,null,null,null,null,null,null,null,null,null,0.030484917,7.197605E-4,0.2445057,0.002690593,"ELLIPSOIDAL",4,3.104251,null,null,null,null,null,null,null,null,null,null,null,null
375316653866487564,5825847159625084800,0.50229675,2378.4358621032316,1.9313525398124154,9.227917E-6,19.381716,0.008156773,0.23344834,0.002655477,0.040301796,0.0036125735,0.25437936,0.023510402,0.7280134,0.007331554,0.0705896,0.009527049,0.15619627,0.025495423,0.048563983,0.013746019,0.23344834,0.002655477,"TWOGAUSSIANS_WITH_ELLIPSOIDAL_ON_ECLIPSE1",9,3.5847623,0.23344834,0.002655477,0.22569005,0.02023041,0.35129127,0.014829753,0.72908336,0.0059049544,0.3953018,0.046023443,0.2530172,0.01825865
375316653866487564,5825847262691531520,0.4464766,2384.6870395204824,2.052117427895754,1.5258896E-5,18.271067,0.0081380755,0.25586292,0.008521286,0.029934132,0.0026184663,0.8026891,0.30711165,0.75574046,0.0094086435,0.020860715,0.012226868,0.43882626,0.15278573,null,null,null,null,"TWOGAUSSIANS",8,36.57511,0.25586292,0.008521286,0.16763113,0.01466341,0.8026891,0.30711165,0.75574046,0.0094086435,0.11682,0.06847046,0.43882626,0.15278573
375316653866487564,5825847301339423488,0.5779649,2363.8618964388993,3.219812663982225,4.535133E-6,18.439352,0.007812075,0.24319968,0.0016868911,0.05107784,0.003086334,0.25935778,0.017773626,0.74053526,0.0025463663,0.03793109,0.0039808033,0.21407561,0.023114614,0.12286808,0.009652408,0.24319968,0.0016868911,"TWOGAUSSIANS_WITH_ELLIPSOIDAL_ON_ECLIPSE1",9,4.903631,0.24319968,0.0016868911,0.2860359,0.017283471,0.50509197,0.00784449,0.74084526,0.0022150842,0.21241409,0.022292498,0.45974883,0.022475045
375316653866487564,5825848332135583488,0.6421298,2365.444101820434,1.6167131868552413,3.0520682E-6,18.08083,0.005567913,0.22939011,0.0012166135,0.0521238,0.0025563736,0.25283808,0.013212423,0.73374814,0.002017668,0.051165298,0.0025964258,0.22186166,0.012602149,0.11125126,0.0065466766,0.22939011,0.0012166135,"TWOGAUSSIANS_WITH_ELLIPSOIDAL_ON_ECLIPSE1",9,1.3918468,0.22939011,0.0012166135,0.29189327,0.014315692,0.47533703,0.006005775,0.73374814,0.002017668,0.28652567,0.014539985,0.4441938,0.005594862
375316653866487564,5825848881922043648,0.5262143,2366.147783859078,2.892307857108995,5.4115444E-6,17.599302,0.010428801,0.30175692,0.0021049115,0.086533494,0.006829306,0.30389264,0.017750746,0.8054146,0.0022261576,0.08235168,0.0045426222,0.2575194,0.009882444,null,null,null,null,"TWOGAUSSIANS",8,9.166847,0.30175692,0.0021049115,0.4,0.0,0.29732823,0.019997217,0.8054146,0.0022261576,0.4,0.0,0.25095502,0.007960813
375316653866487564,5825848916248751488,0.58936334,2381.509045391811,2.8161568824187335,2.5953618E-6,18.411213,0.00975931,0.24434829,9.1154216E-4,0.05368019,0.0032041485,0.4141863,0.022165205,0.7504133,0.002940808,0.041106638,0.0045104604,0.26365706,0.032970168,0.10568119,0.011383532,0.24434829,9.1154216E-4,"TWOGAUSSIANS_WITH_ELLIPSOIDAL_ON_ECLIPSE1",9,4.0639424,0.24434829,9.1154216E-4,0.30060905,0.017943231,0.6255405,0.021415247,0.7504133,0.002940808,0.23019716,0.025258576,0.47470447,0.03051739
375316653866487564,5825848916281785088,0.6935793,2365.4901908888132,0.27539854075101056,1.0097249E-6,16.098995,0.0019747936,0.23998548,2.4704347E-4,0.0234712,2.5718036E-4,1.2764258,0.015970455,0.7392689,0.002079494,0.024983428,0.0030818263,0.078522794,0.007002272,0.019186895,0.0035876837,0.23998548,2.4704347E-4,"TWOGAUSSIANS_WITH_ELLIPSOIDAL_ON_ECLIPSE1",9,13.737627,0.23998548,2.4704347E-4,0.13143873,0.00144021,1.3147997,0.016931014,0.7392889,0.0020504254,0.1399072,0.017258227,0.116895825,0.0077313143
375316653866487564,5825849225488795904,0.49431062,2400.8385484569308,4.081872530422994,1.9841456E-5,18.794176,0.020945614,0.2576134,0.00362594,0.07352246,0.0077984035,0.390785,0.025732826,0.77157193,0.0047453493,0.0976592,0.010193558,0.2616043,0.029296929,null,null,null,null,"TWOGAUSSIANS",8,8.686072,0.2576134,0.00362594,0.4,0.006881736,0.38404575,0.02620485,0.77157193,0.0047453493,0.4,0.0,0.25486368,0.0282967
375316653866487564,5825849431677999104,0.5098179,2396.322138324141,4.094474460710219,1.1187701E-5,19.2001,0.02255577,0.26096153,0.0034195401,0.09701718,0.0113919545,0.28627762,0.01751652,0.77844316,0.004277826,0.09119058,0.008635246,0.30729663,0.024138706,null,null,null,null,"TWOGAUSSIANS",8,2.5846481,0.77844316,0.004277826,0.4,0.0,0.2937837,0.02005942,0.26096153,0.0034195401,0.4,0.0,0.27276355,0.013457039
375316653866487564,5825849500397456256,0.54355,2396.417998915111,0.27565961826307867,8.9176265E-6,17.881752,0.0025692368,0.47667813,9.442352E-4,0.016798707,9.733878E-4,0.4695963,0.036802217,0.80396974,0.056292284,0.029019596,0.035219517,0.013111081,0.046545606,null,null,null,null,"TWOGAUSSIANS",8,7.1704717,0.47667813,9.442352E-4,0.09407276,0.0054509714,0.4695963,0.036802217,0.80396974,0.056292284,0.16250974,0.1972293,0.013111081,0.046545606
375316653866487564,5825850634268672256,0.58563733,2374.057286592225,1.9344738454588122,4.020383E-6,16.706991,0.0055441065,0.21771432,0.0011952909,0.09112912,0.0026172707,0.26207897,0.006121612,0.7195386,0.0027748905,0.09685778,0.004344781,0.21366154,0.0060884333,null,null,null,null,"TWOGAUSSIANS",8,6.7886944,0.21771432,0.0011952909,0.4,0.0,0.24872802,0.005067549,0.7195386,0.0027748905,0.4,0.0,0.20031005,0.005345893
375316653866487564,5825851493262139136,0.58037484,2380.639075725277,0.6420433705719086,2.627097E-6,16.430286,0.0018692901,0.09882202,4.5713244E-4,0.01285842,4.6819114E-4,0.6655732,0.0250929,0.59832215,5.379079E-4,0.013016631,8.9698564E-4,0.51316226,0.07622353,null,null,null,null,"TWOGAUSSIANS",8,18.15589,0.09882202,4.5713244E-4,0.07200715,0.0026218705,0.6655732,0.0250929,0.59832215,5.379079E-4,0.07289313,0.0050231195,0.51316226,0.07622353
375316653866487564,5825851763817766144,0.50375146,2372.5521398324054,2.602487614008073,8.574253E-6,18.813528,0.008868374,0.24094081,0.0026754946,0.08722342,0.005283588,0.24509731,0.011418492,0.7427468,0.0045150598,0.097135484,0.008246717,0.21756662,0.010331871,null,null,null,null,"TWOGAUSSIANS",8,2.9868004,0.24094081,0.0026754946,0.4,0.0,0.23379302,0.011194216,0.7427468,0.0045150598,0.4,0.0,0.20626159,0.010494005
375316653866487564,5825852077377887744,0.5430602,2405.237413500037,2.5790694832642362,7.931234E-6,13.993947,0.0062574483,0.26705766,0.0026423805,0.09287685,0.0051320936,0.21554762,0.006675895,0.77525246,0.0051912973,0.08589839,0.005849312,0.20091097,0.007996787,null,null,null,null,"TWOGAUSSIANS",8,245.4902,0.26705766,0.0026423805,0.4,0.0,0.20822088,0.0061101965,0.77525246,0.0051912973,0.4,0.0,0.19358447,0.005750866
375316653866487564,5825852146097380480,0.55265737,2423.8166162717594,0.10635828021842436,3.4310233E-5,14.240177,0.017870052,0.21031226,6.511052E-5,0.0034123913,3.9594266E-5,0.33371606,0.005003953,0.5169139,0.03342281,0.22810893,0.16314112,0.012999482,0.017267564,null,null,null,null,"TWOGAUSSIANS",8,29.264057,0.21031226,6.511052E-5,0.01910939,2.217279E-4,0.3367587,0.0052682036,0.5169139,0.03342281,0.4,0.0,0.0106480485,0.0018809867
375316653866487564,5825853383047998848,0.41666672,2425.2644313376013,4.5872013325754075,1.1741741E-5,18.065212,0.010264254,0.9131875,0.0038540896,0.020365633,0.004190076,0.29922774,0.03581718,null,null,null,null,null,null,0.036220234,0.014941355,0.9131875,0.0038540896,"ONEGAUSSIAN_WITH_ELLIPSOIDAL",6,10.485921,0.9131875,0.0038540896,0.11404755,0.023464425,0.3716682,0.0348,null,null,null,null,null,null
375316653866487564,5825853657925886464,0.4276476,2407.557999932098,2.530384301846233,2.5815394E-5,16.744928,0.0015650323,null,null,null,null,null,null,null,null,null,null,null,null,0.026429348,0.0019950804,0.25316098,0.007586341,"ELLIPSOIDAL",4,16.681162,null,null,null,null,null,null,null,null,null,null,null,null
375316653866487564,5825854379450186496,0.5806978,2387.7082045619236,3.4079829256773193,3.942319E-6,18.454723,0.006517444,0.233868,0.0016691096,0.080698155,0.003004861,0.4862985,0.01566171,0.73914087,0.001468303,0.07444327,0.0017410836,0.4916551,0.009963937,null,null,null,null,"TWOGAUSSIANS",8,4.141835,0.73914087,0.001468303,0.4,0.0,0.48679647,0.00964141,0.233868,0.0016691096,0.4,0.0,0.48143986,0.01616069
375316653866487564,5825854478237877760,0.4856361,2388.274456372651,1.2862112721378312,1.9084831E-5,17.77029,0.014461977,0.19725911,0.0061680404,0.037961327,0.015959065,0.09078693,0.03227916,0.69045824,0.0065707127,0.0567504,0.013360337,0.123990856,0.030197306,0.05020093,0.01853781,0.19725911,0.0061680404,"TWOGAUSSIANS_WITH_ELLIPSOIDAL_ON_ECLIPSE1",9,16.44074,0.69161826,0.005005717,0.31780225,0.07481789,0.22423582,0.01465628,0.19725911,0.0061680404,0.21258344,0.089370765,0.19118385,0.029510168
375316653866487564,5825854585608623616,0.57315624,2394.2311783904997,3.086815944850797,5.243671E-6,19.488924,0.0066480944,0.29219276,0.0020012066,0.04087806,0.003137958,0.3105615,0.023385068,0.79527617,0.0034773184,0.03418194,0.0035754181,0.24407473,0.029362276,0.16166665,0.014088593,0.29219276,0.0020012066,"TWOGAUSSIANS_WITH_ELLIPSOIDAL_ON_ECLIPSE1",9,2.6424353,0.29219276,0.0020012066,0.22891714,0.017572565,0.6338945,0.020651804,0.79527617,0.0034773184,0.19141887,0.020022342,0.5672864,0.026885582
375316653866487564,5825854860483480064,0.5814252,2369.222641393333,3.2166402559250757,5.9506333E-6,18.584764,0.012774493,0.2474459,0.001691775,0.04390039,0.0024586571,0.59422314,0.0326044,0.7461051,0.0024785085,0.042156793,0.0031829223,0.6246216,0.043513574,0.11419963,0.016143989,0.2474459,0.001691775,"TWOGAUSSIANS_WITH_ELLIPSOIDAL_ON_ECLIPSE1",9,10.766378,0.74617505,0.0023601863,0.23607805,0.017824365,0.8530054,0.042695053,0.2474459,0.001691775,0.24584217,0.01376848,0.8226223,0.021034224
375316653866487564,5825855822556410752,0.41857162,2356.4676245096252,0.7847443052014554,2.0809928E-5,19.258753,0.008215177,0.30573893,0.018232454,0.04579712,0.02406028,0.1328645,0.041637465,0.79585,0.010908708,0.02588035,0.011873252,0.14008988,0.014647928,null,null,null,null,"TWOGAUSSIANS",8,7.5461054,0.79585,0.010908708,0.14492996,0.06649021,0.14008988,0.014647928,0.30573893,0.018232454,0.2564639,0.13473757,0.1328645,0.041637465
