Gaia/vari_eclipsing_binary/VariEclipsingBinary_466672-466690.csv
# %ECSV 1.0
# ---
# delimiter: ','
# meta: !!omap
# - RELEASE: Gaia DR3
# - TABLE: vari_eclipsing_binary
# - DESCRIPTION: >
#     This table describes the properties of the eclipsing binaries resulting from the variability analysis. 
# - CITATION: >
#     How to cite and acknowledge Gaia: 
#     https://gea.esac.esa.int/archive/documentation/credits.html 
# - KNOWN_ISSUES: >
#     Known issues: 
#     https://www.cosmos.esa.int/web/gaia-users/known-issues 
# - DOCUMENTATION: >
#     Tutorials and documentation: 
#     https://www.cosmos.esa.int/web/gaia-users/archive 
# datatype:
# - 
#   name: solution_id
#   datatype: int64
#   description: Solution Identifier
#   meta:
#     ucd: meta.version
# - 
#   name: source_id
#   datatype: int64
#   description: Unique source identifier
#   meta:
#     ucd: meta.id;meta.main
# - 
#   name: global_ranking
#   datatype: float32
#   description: Number between 0 (worst) and 1 (best)
#   meta:
#     ucd: stat.param
# - 
#   name: reference_time
#   datatype: float64
#   unit: d
#   description: Reference time used for the geometric model fit
#   meta:
#     ucd: time.epoch
# - 
#   name: frequency
#   datatype: float64
#   unit: d**-1
#   description: Frequency of geometric model of the eclipsing binary light curve
#   meta:
#     ucd: src.orbital
# - 
#   name: frequency_error
#   datatype: float32
#   unit: d**-1
#   description: "Uncertainty of \\texttt{frequency}"
#   meta:
#     ucd: stat.error
# - 
#   name: geom_model_reference_level
#   datatype: float32
#   unit: mag
#   description: Magnitude reference level of geometric model
#   meta:
#     ucd: phot.mag;em.opt
# - 
#   name: geom_model_reference_level_error
#   datatype: float32
#   unit: mag
#   description: "Uncertainty of \\texttt{geomModelReferenceLevel}"
#   meta:
#     ucd: stat.error;phot.mag;em.opt
# - 
#   name: geom_model_gaussian1_phase
#   datatype: float32
#   description: Phase of the Gaussian 1 component
#   meta:
#     ucd: time.phase
# - 
#   name: geom_model_gaussian1_phase_error
#   datatype: float32
#   description: "Uncertainty of \\texttt{geomModelGaussian1Phase}"
#   meta:
#     ucd: stat.error;time.phase
# - 
#   name: geom_model_gaussian1_sigma
#   datatype: float32
#   description: "Standard deviation [phase] of Gaussian 1 component"
#   meta:
#     ucd: stat.stdev
# - 
#   name: geom_model_gaussian1_sigma_error
#   datatype: float32
#   description: "Uncertainty of \\texttt{geomModelGaussian1Sigma}"
#   meta:
#     ucd: stat.error
# - 
#   name: geom_model_gaussian1_depth
#   datatype: float32
#   unit: mag
#   description: Magnitude depth of Gaussian 1 component
#   meta:
#     ucd: src.var.amplitude
# - 
#   name: geom_model_gaussian1_depth_error
#   datatype: float32
#   unit: mag
#   description: "Uncertainty of \\texttt{geomModelGaussian1Depth}"
#   meta:
#     ucd: stat.error;src.var.amplitude
# - 
#   name: geom_model_gaussian2_phase
#   datatype: float32
#   description: Phase of Gaussian 2 component
#   meta:
#     ucd: time.phase
# - 
#   name: geom_model_gaussian2_phase_error
#   datatype: float32
#   description: "Uncertainty of \\texttt{geomModelGaussian2Phase}"
#   meta:
#     ucd: stat.error;time.phase
# - 
#   name: geom_model_gaussian2_sigma
#   datatype: float32
[...]
#   datatype: float32
#   description: "Secondary eclipse: uncertainty of \\texttt{derivedSecondaryEclDuration}"
#   meta:
#     ucd: stat.error;time.duration
# - 
#   name: derived_secondary_ecl_depth
#   datatype: float32
#   unit: mag
#   description: "Secondary eclipse: depth"
#   meta:
#     ucd: src.var.amplitude
# - 
#   name: derived_secondary_ecl_depth_error
#   datatype: float32
#   unit: mag
#   description: "Secondary eclipse: uncertainty of \\texttt{derivedSecondaryEclDepth}"
#   meta:
#     ucd: stat.error;src.var.amplitude
solution_id,source_id,global_ranking,reference_time,frequency,frequency_error,geom_model_reference_level,geom_model_reference_level_error,geom_model_gaussian1_phase,geom_model_gaussian1_phase_error,geom_model_gaussian1_sigma,geom_model_gaussian1_sigma_error,geom_model_gaussian1_depth,geom_model_gaussian1_depth_error,geom_model_gaussian2_phase,geom_model_gaussian2_phase_error,geom_model_gaussian2_sigma,geom_model_gaussian2_sigma_error,geom_model_gaussian2_depth,geom_model_gaussian2_depth_error,geom_model_cosine_half_period_amplitude,geom_model_cosine_half_period_amplitude_error,geom_model_cosine_half_period_phase,geom_model_cosine_half_period_phase_error,model_type,num_model_parameters,reduced_chi2,derived_primary_ecl_phase,derived_primary_ecl_phase_error,derived_primary_ecl_duration,derived_primary_ecl_duration_error,derived_primary_ecl_depth,derived_primary_ecl_depth_error,derived_secondary_ecl_phase,derived_secondary_ecl_phase_error,derived_secondary_ecl_duration,derived_secondary_ecl_duration_error,derived_secondary_ecl_depth,derived_secondary_ecl_depth_error
[from data line 303]
375316653866487564,4104945440208877440,0.6320313,2246.127910732351,0.4670502505978941,6.635186E-5,18.37641,0.0023836102,0.39724985,1.498641E-6,0.014111978,5.2213625E-5,0.8459563,0.0013963465,0.9151001,0.003466541,0.019207643,0.010015818,0.14222115,0.12366578,null,null,null,null,"TWOGAUSSIANS",8,2.5906088,0.39724985,1.498641E-6,0.07902708,2.923963E-4,0.8459563,0.0013963465,0.9151001,0.003466541,0.10756281,0.05608858,0.14222115,0.12366578
375316653866487564,4104945577694836480,0.5036229,2214.6544527259284,3.1108413812121305,1.4249169E-5,16.02099,0.002460837,0.8110547,0.005024236,0.05440801,0.017545143,0.0024661615,0.006405636,null,null,null,null,null,null,0.056929383,0.0028090798,0.8110547,0.005024236,"ONEGAUSSIAN_WITH_ELLIPSOIDAL",6,19.749752,0.8110547,0.005024236,0.30468488,0.098252796,0.116324864,0.006732859,null,null,null,null,null,null
375316653866487564,4104945886885419392,0.48672178,2249.01517165663,4.707188825866644,3.8265345E-5,19.275072,0.015718708,0.50617105,0.0298859,0.071883775,0.03474759,0.20940556,0.03931143,0.27061132,0.066483796,0.060389467,0.022631917,0.59249437,0.7372726,null,null,null,null,"TWOGAUSSIANS",8,2.9938574,0.27089134,0.066611916,0.33818102,0.12673874,0.5934758,0.73785776,0.50569105,0.030555341,0.4,0.1775714,0.20970437,0.039548937
375316653866487564,4104946127450642304,0.49443406,2248.1196998281625,0.4076660894829599,1.1050338E-4,19.227985,0.06578745,0.6102966,0.019137641,0.0464574,0.016659293,0.11953672,0.0579827,0.34884286,0.115304366,0.25944883,0.14421178,0.14870912,0.073176935,null,null,null,null,"TWOGAUSSIANS",8,1.6211295,0.6044566,0.015939908,0.26016143,0.09329205,0.16611238,0.011069189,0.34884286,0.115304366,0.4,0.0,0.10244565,0.023534896
375316653866487564,4104946436643029632,0.49405974,2215.2347351721346,2.7898445675318637,4.562226E-5,19.656569,0.1576861,0.27405477,0.013462894,0.116479754,0.037622217,0.31209597,0.1344932,0.79038984,0.009615244,0.12787665,0.036920067,0.28932065,0.15478095,null,null,null,null,"TWOGAUSSIANS",8,1.3794863,0.27387476,0.013139284,0.4,0.0,0.24819234,0.025657,0.7904698,0.009340349,0.4,0.0,0.22518004,0.006428775
375316653866487564,4104946711522177408,0.47206563,2223.206084495008,0.9146271673781424,1.7839338E-4,19.776031,0.021337634,0.22592042,0.06816997,0.06810108,0.034282174,0.5258174,0.4196361,0.721496,0.015700473,0.06392537,0.018881634,0.39063984,0.3348946,null,null,null,null,"TWOGAUSSIANS",8,2.9059317,0.22592042,0.06816997,0.381366,0.1889535,0.5252018,0.4197559,0.721496,0.015700473,0.35798207,0.10282941,0.39002424,0.33544067
375316653866487564,4104947123883153792,0.57949877,2264.4439781752585,2.8409473335979185,1.8963736E-5,17.486422,0.015969388,0.2679267,0.0050491975,0.065819256,0.00610289,0.559701,0.04529869,0.7752838,0.0035817437,0.06367516,0.005806673,0.5108078,0.06779477,null,null,null,null,"TWOGAUSSIANS",8,16.569786,0.2679267,0.0050491975,0.36858785,0.034176182,0.55920434,0.045439824,0.7752838,0.0035817437,0.35658088,0.032517366,0.5103111,0.068194255
375316653866487564,4104947398716540160,0.51982987,2237.8783284594087,2.9798704271478895,2.7056816E-5,19.697737,0.05165104,0.19912502,0.015833259,0.073435545,0.019665949,0.43091655,0.051593807,0.69450283,0.01721598,0.08706653,0.019222714,0.5028194,0.06978053,null,null,null,null,"TWOGAUSSIANS",8,2.8206754,0.69450283,0.01721598,0.4,0.0,0.4961554,0.055513453,0.19912502,0.015833259,0.4,0.027255591,0.42425263,0.03783711
375316653866487564,4104947536200537216,0.50000495,2311.463872576038,0.5655709351910309,2.2533E-5,18.900383,0.027443716,0.2009019,6.8141444E-4,0.012087653,8.289802E-4,0.55533075,0.04098272,0.86941093,0.089341655,0.037601434,0.028722515,0.9931645,1.3721038,null,null,null,null,"TWOGAUSSIANS",8,21.486135,0.86941093,0.089341655,0.21056804,0.16084608,0.9931645,1.3721038,0.2009019,6.8141444E-4,0.06769086,0.004642289,0.55533075,0.04098272
375316653866487564,4104947707998932480,0.5929279,2230.4391425393273,2.8476951907894494,1.2742209E-5,14.105022,0.009873532,0.26100796,0.0029480741,0.09892701,0.0064759483,0.26914605,0.00942401,0.7654573,0.0049800808,0.090623766,0.0059284805,0.24082327,0.013162186,null,null,null,null,"TWOGAUSSIANS",8,113.18858,0.26100796,0.0029480741,0.4,0.0,0.25436932,0.010902266,0.7654573,0.0049800808,0.4,0.0,0.22604798,0.011448478
375316653866487564,4104948081588847104,0.46337193,2266.9035841227505,0.8709686841192311,2.942834E-5,18.42954,0.01014605,0.18827899,0.011316454,0.063887835,0.013256399,0.1518774,0.012280683,0.72409123,0.026741376,0.0676334,0.024725528,0.062803574,0.017089548,null,null,null,null,"TWOGAUSSIANS",8,3.7350736,0.18827899,0.011316454,0.35777187,0.056045625,0.15182975,0.01217758,0.72409123,0.026741376,0.37874702,0.091389716,0.06275593,0.016922949
375316653866487564,4104948390851236480,0.5713269,2286.782180702593,1.0704889522096919,1.7167873E-5,18.599617,0.16136181,0.3002606,0.0064092786,0.15481684,0.039472647,0.32866675,0.15779452,0.8098087,0.004247105,0.1351122,0.0292392,0.396529,0.1458109,null,null,null,null,"TWOGAUSSIANS",8,0.91377926,0.8104687,0.003930592,0.4,0.0,0.24832952,0.019937472,0.2998306,0.0059230346,0.4,0.0,0.17769773,0.013947307
375316653866487564,4104948532632706816,0.53991777,2218.9314035590087,0.3796501718331373,2.9153254E-5,16.422415,0.0030174789,0.22269268,0.0076304027,0.05322638,0.015619777,0.30342883,0.24648184,0.74997205,0.00390931,0.01457842,0.0026259697,0.13018419,0.024383405,null,null,null,null,"TWOGAUSSIANS",8,5.194777,0.22269268,0.0076304027,0.29806775,0.08747075,0.30342883,0.24648184,0.74997205,0.00390931,0.08163915,0.014705431,0.13018419,0.024383405
375316653866487564,4104948631340897536,0.4769653,2278.133137305343,0.18704060363275454,1.5031092E-5,17.77096,0.0067777275,0.31297576,0.010736954,0.041333172,0.03173357,0.11454093,0.055475883,0.7863126,0.06818883,0.04435046,0.030517925,0.22514206,0.630987,null,null,null,null,"TWOGAUSSIANS",8,6.6169353,0.7863126,0.06818883,0.24836259,0.17090037,0.22514206,0.63098776,0.31297576,0.010736954,0.23146577,0.16602612,0.11454093,0.055489935
375316653866487564,4104948665697053184,0.73710364,2278.0969148009253,0.25197238376179804,6.757732E-5,14.756605,9.3436387E-4,0.14874469,0.010657546,0.015113486,0.014487211,0.6488712,8.432677,null,null,null,null,null,null,0.0045885965,0.0022976403,0.14874469,0.010657546,"ONEGAUSSIAN_WITH_ELLIPSOIDAL",6,10.8589325,0.14874469,0.010657546,0.08463552,0.08112838,0.6580484,8.432346,null,null,null,null,null,null
375316653866487564,4104948670030418432,0.4461583,2277.804405785302,1.136114437287113,5.2103325E-5,19.660948,0.014439641,0.17731418,5.2809964E-6,0.0116605805,6.295518E-4,0.25968212,0.010593897,0.77937967,0.018485883,0.09106886,0.017679125,0.20236556,0.054105494,null,null,null,null,"TWOGAUSSIANS",8,3.9326756,0.17731418,5.2809964E-6,0.06529925,0.0035254902,0.25969645,0.010646934,0.77937967,0.018485883,0.4,0.0,0.20236546,0.054106403
375316653866487564,4104948876230222080,0.49221557,2268.1773419823294,3.7044989177633028,1.3818285E-5,19.195433,0.01011401,0.07205178,0.0014343595,0.01754122,0.0017956655,0.56407,0.25161237,0.84913385,0.05734003,0.113450855,0.054134402,0.036858913,0.013855369,null,null,null,null,"TWOGAUSSIANS",8,1.9709063,0.072001785,0.0014421111,0.09823083,0.010055726,0.5694158,0.25219032,0.84913385,0.05734003,0.4,0.0,0.03685445,0.013848487
375316653866487564,4104948944949744512,0.4462967,2318.9746254310026,0.18625019191453288,6.569057E-5,18.542576,0.0237633,0.32745248,0.026980715,0.06844781,0.031033931,0.13781849,0.034694612,0.86592406,0.013434181,0.06592157,0.012128504,0.46302435,0.13998704,null,null,null,null,"TWOGAUSSIANS",8,10.611479,0.86592406,0.013434181,0.36916077,0.06791962,0.4628638,0.14018498,0.32745248,0.026980715,0.38330778,0.08329832,0.13765793,0.036216386
375316653866487564,4104948979269143424,0.60050654,2256.4149452253937,2.4254080679804133,1.3701581E-5,19.652393,0.018161677,0.20913358,0.005827771,0.06516865,0.0058511007,0.71096677,0.030833306,0.7178908,0.02055851,0.062198594,0.0056845695,0.651493,0.22335276,null,null,null,null,"TWOGAUSSIANS",8,1.7963272,0.20913358,0.005827771,0.36494443,0.032766163,0.7104994,0.030753717,0.7178908,0.02055851,0.34831214,0.03183359,0.6510256,0.22312592
375316653866487564,4104949322864926592,0.48762572,2233.975160603796,0.06325207059696304,2.730563E-5,19.303099,0.054940064,0.28365064,0.009244385,0.07184143,0.019903876,0.44692266,0.06535193,0.788037,0.026557188,0.086899325,0.026759852,0.23720144,0.08665663,null,null,null,null,"TWOGAUSSIANS",8,7.437123,0.28365064,0.009244385,0.4,0.05000304,0.4429192,0.071784884,0.788037,0.026557188,0.4,0.01563199,0.23319794,0.0833501
375316653866487564,4104949559076081664,0.5217605,2266.934272158709,2.0193573967440748,3.3000448E-5,19.346676,0.027653245,0.24836396,0.010483514,0.095857024,0.016130667,0.3509656,0.03190771,0.7649175,0.010137149,0.07160119,0.009174332,0.44715166,0.038193814,null,null,null,null,"TWOGAUSSIANS",8,3.4110098,0.7649175,0.010137149,0.4,0.036862012,0.44056454,0.033507142,0.24836396,0.010483514,0.4,0.0,0.34437728,0.033800963
375316653866487564,4104949632144523136,0.6501884,2216.417412303944,2.7269028255482857,3.8877033E-6,16.797132,0.01893635,0.33699098,0.0014000777,0.055546112,0.0060345065,0.34381986,0.04240565,0.8371425,0.0053050816,0.051908053,0.008130929,0.25201407,0.04815927,0.09073602,0.029618023,0.33699098,0.0014000777,"TWOGAUSSIANS_WITH_ELLIPSOIDAL_ON_ECLIPSE1",9,10.137511,0.33699098,0.0014000777,0.31105822,0.033793237,0.52527565,0.026806524,0.8371425,0.0052658506,0.29068512,0.045533203,0.4334697,0.016226994
375316653866487564,4104949941338981248,0.50999284,2265.545965223717,0.20655362998465462,1.141638E-4,19.151365,0.030095892,0.24324653,0.030542715,0.055816174,0.04621494,0.24488741,0.20616443,0.7782964,0.026395801,0.12543485,0.042966332,0.14541689,0.031668864,null,null,null,null,"TWOGAUSSIANS",8,1.8957684,0.24319652,0.030617787,0.31257057,0.2050257,0.24108867,0.20954905,0.7782964,0.026395801,0.4,0.0,0.14145075,0.019741062
375316653866487564,4104950280606626944,0.50666374,2276.3696852635376,0.029240409983116927,2.43794E-5,18.721865,0.1193561,0.24475217,0.006283779,0.10447053,0.039357822,0.28527635,0.1119227,0.73296076,0.010610298,0.14511827,0.053059146,0.22384106,0.11583019,null,null,null,null,"TWOGAUSSIANS",8,1.4108535,0.24503218,0.005864037,0.4,0.0,0.22747834,0.13229525,0.73296076,0.010610298,0.4,0.0,0.1648228,0.022046722
375316653866487564,4104950834693269888,0.56058514,2196.293912117395,3.081919121778114,1.1624811E-5,18.10927,0.00997288,0.2772217,0.0047910586,0.08370007,0.008241069,0.36563104,0.047912396,0.7762508,0.0038013617,0.07917227,0.0044904537,0.32129297,0.024777079,null,null,null,null,"TWOGAUSSIANS",8,6.5404987,0.2772217,0.0047910586,0.4,0.0,0.35957468,0.050617196,0.7762508,0.0038013617,0.4,0.0,0.31523663,0.024896024
375316653866487564,4104951796767122944,0.50141215,2269.8523733686256,0.31182326264587756,7.849823E-5,18.56947,0.01103971,0.23464149,0.03778122,0.09567497,0.064520195,0.081012554,0.02159465,0.6669541,0.0048793308,0.06783749,0.00850338,0.2267926,0.0223282,null,null,null,null,"TWOGAUSSIANS",8,2.7353497,0.6669541,0.0048793308,0.37988994,0.04761893,0.22621667,0.022439014,0.23464149,0.03778122,0.4,0.085899286,0.08043364,0.021926248
375316653866487564,4104951968607050368,0.4770699,2220.1810869093197,2.051160400359279,1.0811203E-4,15.057207,0.0021919683,0.44555834,0.01968058,0.02601515,0.019627487,0.019645443,0.0064543043,0.76525426,0.015323831,0.06886977,0.013656343,0.05369455,0.005465312,null,null,null,null,"TWOGAUSSIANS",8,14.091585,0.76525426,0.015323831,0.3856707,0.054768227,0.05369455,0.005465312,0.44555834,0.019683002,0.14568484,0.10991393,0.019646566,0.0064563965
375316653866487564,4104952106046000640,0.48498678,2260.961458338579,0.6852163963802026,3.8101298E-5,18.344728,0.0130826635,0.16462196,0.004879232,0.062731415,0.0069601852,0.20776959,0.02544381,0.5930822,0.01026851,0.05328454,0.015505092,0.32005337,0.099110834,null,null,null,null,"TWOGAUSSIANS",8,6.617755,0.5930822,0.01026851,0.29839343,0.086828515,0.32005066,0.09915012,0.16462196,0.004879232,0.35129592,0.038977038,0.20776688,0.025436038
375316653866487564,4104952209077995520,0.4901349,2205.909037010006,0.5979401240057319,2.8602995E-5,19.814972,0.036534023,0.26535165,0.009439897,0.10257007,0.019490102,0.32632652,0.034838274,0.91359615,0.034011748,0.0427014,0.018451244,0.28641018,0.22619294,null,null,null,null,"TWOGAUSSIANS",8,1.5731168,0.26535165,0.009439897,0.4,0.0,0.3262991,0.034628812,0.9137961,0.03401377,0.23912784,0.10332696,0.28729734,0.22642298
375316653866487564,4104952587082281216,0.651865,2260.930289049517,1.7537383269534887,6.8777185E-6,17.271488,0.010065176,0.3681834,0.015617548,0.0707327,0.009605968,0.60330707,0.03641046,0.8782098,0.005465524,0.08038785,0.004889016,0.2793848,0.018986512,null,null,null,null,"TWOGAUSSIANS",8,6.479976,0.3681834,0.015617548,0.3961031,0.015570704,0.6006445,0.034560107,0.8782098,0.005465524,0.4,0.0,0.27672228,0.017899042
375316653866487564,4104952965039534464,0.48276797,2303.403493281628,0.21381200252430296,1.6631065E-4,18.44863,0.13628633,0.16448037,0.013167517,0.09200061,0.041004807,0.20665435,0.1399091,0.64429396,0.024623727,0.103536054,0.04714834,0.24546702,0.12972856,null,null,null,null,"TWOGAUSSIANS",8,3.1072006,0.64429396,0.024623727,0.4,0.0,0.23233694,0.0438207,0.16449037,0.01300847,0.4,0.0,0.19353013,0.0672611
375316653866487564,4104953033712899072,0.5785243,2223.6737254572954,1.3908960988979555,1.2655263E-5,19.341007,0.024751963,0.24297231,0.004362619,0.07364986,0.007976608,0.62878305,0.055957463,0.74937654,0.017867217,0.088419,0.026444344,0.30624098,0.36978093,null,null,null,null,"TWOGAUSSIANS",8,1.9848984,0.24297231,0.004362619,0.4,0.0043773837,0.6224398,0.058206152,0.74937654,0.017867217,0.4,0.010843455,0.29989764,0.37433946
375316653866487564,4104953819662366720,0.5635552,2203.189937666645,2.3832148520707013,7.983886E-6,15.736858,0.0018653201,0.20864597,0.004504457,0.05078892,0.005103568,0.04080666,0.0028007727,0.7037729,8.9275604E-4,0.05377761,0.0021722675,0.055415396,0.0020588357,null,null,null,null,"TWOGAUSSIANS",8,1.6415015,0.7037729,8.9275604E-4,0.3011546,0.012164698,0.05541457,0.002057545,0.20864597,0.004504457,0.28441796,0.028579982,0.04080583,0.0028001657
375316653866487564,4104954128894258944,0.68240404,2278.62406041712,0.7183511141613727,9.0485264E-5,15.338074,0.0011767622,0.5248845,0.0017498224,0.030345267,0.0012853593,0.42639023,0.008996155,null,null,null,null,null,null,null,null,null,null,"ONEGAUSSIAN",5,8.737141,0.5248845,0.0017498224,0.16993348,0.007198012,0.42639023,0.0,null,null,null,null,null,null
375316653866487564,4104954236349714560,0.5411533,2252.8341392701695,2.37674057252723,6.5599655E-5,18.065184,0.0051535773,0.4209581,0.028201198,0.10818024,0.02265028,0.21734893,0.011399189,0.7375201,0.057212315,0.059072286,0.05625887,0.06395126,0.16550153,null,null,null,null,"TWOGAUSSIANS",8,2.9139066,0.4209581,0.028173856,0.4,0.0,0.21728474,0.011414231,0.7375201,0.057212315,0.3308048,0.27514347,0.06689133,0.16802667
375316653866487564,4104954476867993984,0.5469471,2292.616508658771,0.3738554291069543,2.3958102E-5,18.224585,0.00798975,0.44047725,0.0067800838,0.07598355,0.015781406,0.07058286,0.014182775,0.78642994,0.080637954,0.049119726,0.047552217,0.4442585,0.410845,null,null,null,null,"TWOGAUSSIANS",8,1.669776,0.78642994,0.080637954,0.27507046,0.1906515,0.44426042,0.41113827,0.44047725,0.00678015,0.4,0.0039515663,0.07058254,0.014076184
