Gaia/vari_eclipsing_binary/VariEclipsingBinary_253254-253549.csv
# %ECSV 1.0
# ---
# delimiter: ','
# meta: !!omap
# - RELEASE: Gaia DR3
# - TABLE: vari_eclipsing_binary
# - DESCRIPTION: >
#     This table describes the properties of the eclipsing binaries resulting from the variability analysis. 
# - CITATION: >
#     How to cite and acknowledge Gaia: 
#     https://gea.esac.esa.int/archive/documentation/credits.html 
# - KNOWN_ISSUES: >
#     Known issues: 
#     https://www.cosmos.esa.int/web/gaia-users/known-issues 
# - DOCUMENTATION: >
#     Tutorials and documentation: 
#     https://www.cosmos.esa.int/web/gaia-users/archive 
# datatype:
# - 
#   name: solution_id
#   datatype: int64
#   description: Solution Identifier
#   meta:
#     ucd: meta.version
# - 
#   name: source_id
#   datatype: int64
#   description: Unique source identifier
#   meta:
#     ucd: meta.id;meta.main
# - 
#   name: global_ranking
#   datatype: float32
#   description: Number between 0 (worst) and 1 (best)
#   meta:
#     ucd: stat.param
# - 
#   name: reference_time
#   datatype: float64
#   unit: d
#   description: Reference time used for the geometric model fit
#   meta:
#     ucd: time.epoch
# - 
#   name: frequency
#   datatype: float64
#   unit: d**-1
#   description: Frequency of geometric model of the eclipsing binary light curve
#   meta:
#     ucd: src.orbital
# - 
#   name: frequency_error
#   datatype: float32
#   unit: d**-1
#   description: "Uncertainty of \\texttt{frequency}"
#   meta:
#     ucd: stat.error
# - 
#   name: geom_model_reference_level
#   datatype: float32
#   unit: mag
#   description: Magnitude reference level of geometric model
#   meta:
#     ucd: phot.mag;em.opt
# - 
#   name: geom_model_reference_level_error
#   datatype: float32
#   unit: mag
#   description: "Uncertainty of \\texttt{geomModelReferenceLevel}"
#   meta:
#     ucd: stat.error;phot.mag;em.opt
# - 
#   name: geom_model_gaussian1_phase
#   datatype: float32
#   description: Phase of the Gaussian 1 component
#   meta:
#     ucd: time.phase
# - 
#   name: geom_model_gaussian1_phase_error
#   datatype: float32
#   description: "Uncertainty of \\texttt{geomModelGaussian1Phase}"
#   meta:
#     ucd: stat.error;time.phase
# - 
#   name: geom_model_gaussian1_sigma
#   datatype: float32
#   description: "Standard deviation [phase] of Gaussian 1 component"
#   meta:
#     ucd: stat.stdev
# - 
#   name: geom_model_gaussian1_sigma_error
#   datatype: float32
#   description: "Uncertainty of \\texttt{geomModelGaussian1Sigma}"
#   meta:
#     ucd: stat.error
# - 
#   name: geom_model_gaussian1_depth
#   datatype: float32
#   unit: mag
#   description: Magnitude depth of Gaussian 1 component
#   meta:
#     ucd: src.var.amplitude
# - 
#   name: geom_model_gaussian1_depth_error
#   datatype: float32
#   unit: mag
#   description: "Uncertainty of \\texttt{geomModelGaussian1Depth}"
#   meta:
#     ucd: stat.error;src.var.amplitude
# - 
#   name: geom_model_gaussian2_phase
#   datatype: float32
#   description: Phase of Gaussian 2 component
#   meta:
#     ucd: time.phase
# - 
#   name: geom_model_gaussian2_phase_error
#   datatype: float32
#   description: "Uncertainty of \\texttt{geomModelGaussian2Phase}"
#   meta:
#     ucd: stat.error;time.phase
# - 
#   name: geom_model_gaussian2_sigma
#   datatype: float32
[...]
#   datatype: float32
#   description: "Secondary eclipse: uncertainty of \\texttt{derivedSecondaryEclDuration}"
#   meta:
#     ucd: stat.error;time.duration
# - 
#   name: derived_secondary_ecl_depth
#   datatype: float32
#   unit: mag
#   description: "Secondary eclipse: depth"
#   meta:
#     ucd: src.var.amplitude
# - 
#   name: derived_secondary_ecl_depth_error
#   datatype: float32
#   unit: mag
#   description: "Secondary eclipse: uncertainty of \\texttt{derivedSecondaryEclDepth}"
#   meta:
#     ucd: stat.error;src.var.amplitude
solution_id,source_id,global_ranking,reference_time,frequency,frequency_error,geom_model_reference_level,geom_model_reference_level_error,geom_model_gaussian1_phase,geom_model_gaussian1_phase_error,geom_model_gaussian1_sigma,geom_model_gaussian1_sigma_error,geom_model_gaussian1_depth,geom_model_gaussian1_depth_error,geom_model_gaussian2_phase,geom_model_gaussian2_phase_error,geom_model_gaussian2_sigma,geom_model_gaussian2_sigma_error,geom_model_gaussian2_depth,geom_model_gaussian2_depth_error,geom_model_cosine_half_period_amplitude,geom_model_cosine_half_period_amplitude_error,geom_model_cosine_half_period_phase,geom_model_cosine_half_period_phase_error,model_type,num_model_parameters,reduced_chi2,derived_primary_ecl_phase,derived_primary_ecl_phase_error,derived_primary_ecl_duration,derived_primary_ecl_duration_error,derived_primary_ecl_depth,derived_primary_ecl_depth_error,derived_secondary_ecl_phase,derived_secondary_ecl_phase_error,derived_secondary_ecl_duration,derived_secondary_ecl_duration_error,derived_secondary_ecl_depth,derived_secondary_ecl_depth_error
[from data line 795]
375316653866487564,2230135964286728832,0.6526764,2196.7294462441796,2.4784219852008125,4.573215E-6,16.354433,0.0029676135,0.23931661,0.0014033588,0.085875966,0.0015882951,0.4064872,0.007623506,0.7357867,0.0010910851,0.08177481,0.0011132404,0.43806002,0.0038218412,null,null,null,null,"TWOGAUSSIANS",8,8.303677,0.7357867,0.0010910851,0.4,0.0,0.42879382,0.0034593951,0.23931661,0.0014033588,0.4,0.0,0.39722097,0.007993154
375316653866487564,2230147818396041216,0.45337868,2196.755282678582,2.946018723934756,2.5871066E-5,18.827562,0.004863544,null,null,null,null,null,null,null,null,null,null,null,null,0.06529694,0.0075735888,0.22827202,0.0070908084,"ELLIPSOIDAL",4,3.643703,null,null,null,null,null,null,null,null,null,null,null,null
375316653866487564,2230148677389981952,0.4898965,2168.4942470186165,4.0960698082997204,1.4355977E-5,18.921804,0.06172094,0.2396621,0.0070457677,0.115491904,0.02668935,0.24836046,0.059915166,0.7277139,0.0063395333,0.10451043,0.020828683,0.2546015,0.05997991,null,null,null,null,"TWOGAUSSIANS",8,2.5279496,0.7277139,0.0063395333,0.4,0.0,0.22117688,0.015938008,0.2396721,0.0070297755,0.4,0.0,0.21489574,0.015397707
375316653866487564,2230151254369933440,0.52767015,2174.042824736516,3.6765234793917805,1.5926127E-5,19.774275,0.009698272,0.2611254,0.006127003,0.06919104,0.005394983,0.649312,0.06960042,0.7545374,0.0021276877,0.07342957,0.004077801,0.5824878,0.069696344,null,null,null,null,"TWOGAUSSIANS",8,1.3095382,0.2611254,0.006127003,0.3874698,0.027095072,0.64707685,0.070147626,0.7545374,0.0021276877,0.4,0.004013118,0.58025265,0.07031187
375316653866487564,2230152972356821888,0.5542395,2201.484738424701,0.706388171853624,3.5107747E-5,17.32541,0.0016940427,0.2512885,0.0027046571,0.019503742,0.002665744,0.2463949,0.06883434,0.7487527,0.0018886263,0.02180769,0.0016199033,0.237621,0.04064426,null,null,null,null,"TWOGAUSSIANS",8,3.969895,0.2512885,0.0027046571,0.10922096,0.014928166,0.2463949,0.06883434,0.7487527,0.0018886263,0.12212306,0.009071458,0.237621,0.04064426
375316653866487564,2230161940247092096,0.5582044,2205.4554394516117,1.0666874324876703,1.1692051E-5,18.290628,0.00597785,0.378947,0.0021464513,0.020678729,0.0011769551,0.87208533,0.045213062,0.88328403,0.0018210562,0.015320325,0.0059804707,0.19154157,0.13214011,null,null,null,null,"TWOGAUSSIANS",8,9.210375,0.378947,0.0021464513,0.11580088,0.0065909484,0.87208533,0.045213062,0.88328403,0.0018210562,0.08579382,0.033490635,0.19154157,0.13214011
375316653866487564,2230168502956738048,0.5647207,2198.5054162041347,0.7555051851840326,2.61516E-5,12.048586,5.8794656E-4,0.21766636,0.007938598,0.01955728,0.004380164,0.045018215,0.009799471,0.71924007,0.0029374817,0.016184678,0.0026208556,0.107027195,0.0152534805,0.0010507612,9.7544224E-4,0.21766636,0.007938598,"TWOGAUSSIANS_WITH_ELLIPSOIDAL_ON_ECLIPSE1",9,37.749237,0.71924007,0.0029374817,0.090634204,0.014676792,0.109128505,0.015258227,0.21766636,0.007938598,0.10952076,0.02452892,0.047119733,0.009735456
375316653866487564,2230168812194455296,0.43551332,2177.3181415323766,2.768381808901683,8.798527E-5,19.05909,0.00798232,0.21526621,0.040575463,0.076644704,0.03731821,0.07048681,0.017914854,0.72042763,0.01326956,0.043318924,0.012559004,0.14953214,0.019631928,null,null,null,null,"TWOGAUSSIANS",8,3.7878234,0.72042763,0.01326956,0.24258597,0.07033042,0.14950733,0.019568136,0.21526621,0.040575463,0.4,0.053693727,0.070461996,0.017799044
375316653866487564,2230168816493126272,0.62018585,2171.501072083855,2.3740894535423416,3.2394553E-6,17.597406,0.0033659784,0.20577838,0.0019254406,0.08135667,0.0029416303,0.4712612,0.023454094,0.7053066,0.001399488,0.07783205,0.0013806737,0.52453345,0.008986361,null,null,null,null,"TWOGAUSSIANS",8,4.322549,0.7053066,0.001399488,0.4,0.0,0.5174458,0.008985185,0.20577838,0.0019254406,0.4,0.0,0.46417356,0.024428915
375316653866487564,2230169155791823488,0.51226604,2195.4482882451784,2.704533962979271,2.0091105E-5,19.148048,0.00648636,0.22498114,0.0075636916,0.08519071,0.009469105,0.21480472,0.024667583,0.73081386,0.0039533647,0.07073568,0.0050928923,0.23667657,0.01197206,null,null,null,null,"TWOGAUSSIANS",8,1.5119662,0.73081386,0.0039533647,0.3961198,0.02191061,0.23436111,0.011968641,0.22498114,0.0075636916,0.4,0.0,0.21248926,0.0258505
375316653866487564,2230171393473516544,0.43226576,2194.138724940748,0.7787828799263989,7.118643E-5,16.553919,0.027340252,0.28389713,0.029430415,0.1022308,0.042981137,0.15748414,0.03477183,0.76850307,0.008743839,0.07059985,0.020016931,0.20662251,0.044361744,null,null,null,null,"TWOGAUSSIANS",8,144.08353,0.76850307,0.008743839,0.39535916,0.06174785,0.20259422,0.047448218,0.28389713,0.029430415,0.4,0.017972216,0.1534533,0.034602027
375316653866487564,2230171874509854336,0.49791592,2148.5077489827154,1.8601153885676405,2.1923282E-5,18.118021,0.007966675,0.17380625,0.0060272575,0.082981415,0.012852213,0.10196578,0.008504439,0.6666899,0.012739789,0.07639296,0.012768403,0.18110359,0.017066568,null,null,null,null,"TWOGAUSSIANS",8,3.190634,0.6666899,0.012739789,0.4,0.039426424,0.17941469,0.01743832,0.17380625,0.0060272575,0.4,0.0,0.10027687,0.008421471
375316653866487564,2230173145817883520,0.5193295,2190.9695968441233,3.143152704575016,1.0211153E-5,19.731522,0.01974152,0.2619879,0.0046348623,0.05856543,0.0069672964,0.35745725,0.02998887,0.7632798,0.0049711447,0.060168527,0.007551888,0.59715396,0.036956012,null,null,null,null,"TWOGAUSSIANS",8,2.9709468,0.7632798,0.0049711447,0.33694378,0.042290572,0.59702927,0.03700237,0.2619879,0.0046348623,0.32796642,0.039016858,0.3573326,0.02997976
375316653866487564,2230173317618872064,0.46177065,2213.352824129925,1.429825739782696,2.272754E-5,15.068821,0.01691098,0.16921327,0.014363146,0.09716548,0.03237994,0.065104894,0.016477117,0.676108,0.008133796,0.099632345,0.02492128,0.11396689,0.018074313,null,null,null,null,"TWOGAUSSIANS",8,98.31803,0.676108,0.008135531,0.4,0.0,0.1077393,0.020247523,0.16921327,0.014373298,0.4,0.0,0.058877878,0.012674166
375316653866487564,2230176650513448576,0.5986788,2221.1475325209685,1.488131255964288,5.3850963E-6,12.579744,0.09540849,0.27428898,0.004497673,0.14650694,0.027881369,0.24815117,0.09424144,0.7590179,0.0032841756,0.12775323,0.021003157,0.2560662,0.088144414,null,null,null,null,"TWOGAUSSIANS",8,96.10485,0.7590179,0.0032841756,0.4,0.0,0.17171541,0.005237277,0.274579,0.004277393,0.4,0.0,0.16251463,0.0060967603
375316653866487564,2230180803747652224,0.45812783,2151.1572090629925,4.411664868712872,3.9250783E-5,19.797203,0.034246944,0.22984295,0.017978206,0.0868079,0.024297463,0.18088637,0.034572687,0.7655039,0.0153340185,0.09136337,0.029852651,0.25642127,0.03316469,null,null,null,null,"TWOGAUSSIANS",8,2.0920472,0.7655039,0.015337827,0.4,0.0,0.25171468,0.038168803,0.22984295,0.017980259,0.4,0.0,0.17618033,0.023672407
375316653866487564,2230184140936099712,0.5666135,2186.2694027761813,3.9152036138293678,1.2383248E-5,16.137125,0.017690899,0.28961477,0.0024872492,0.04481075,0.008487948,0.15735358,0.05170543,0.79080564,0.005620676,0.061376765,0.009246657,0.24426162,0.037966203,0.103157535,0.022644753,0.28961477,0.0024872492,"TWOGAUSSIANS_WITH_ELLIPSOIDAL_ON_ECLIPSE1",9,56.859516,0.79080564,0.005290078,0.3437099,0.051781274,0.450509,0.013201249,0.28961477,0.0024872492,0.2509402,0.04753251,0.36361253,0.03406524
375316653866487564,2230190630629708416,0.59913415,2187.9484254806066,3.286519738885774,9.555384E-6,17.719501,0.00620142,0.22876762,0.003824801,0.078702554,0.0043257526,0.309862,0.01673833,0.7212335,0.0037796374,0.0770578,0.0038501695,0.37381136,0.012499642,null,null,null,null,"TWOGAUSSIANS",8,4.89987,0.7212335,0.0037796374,0.4,0.0,0.37044847,0.011987681,0.22876762,0.003824801,0.4,0.0,0.3064991,0.017070377
375316653866487564,2230193108825625728,0.5604683,2213.6312921378094,2.754208343060174,1.7728182E-5,19.720232,0.009409629,0.2621941,0.0024063427,0.042292856,0.0027054555,0.41671628,0.024873046,0.77154905,0.0030559038,0.037251938,0.0037568149,0.57888895,0.06483741,0.14111383,0.016798358,0.2621941,0.0024063427,"TWOGAUSSIANS_WITH_ELLIPSOIDAL_ON_ECLIPSE1",9,2.684922,0.77154905,0.0030559038,0.20861085,0.021038163,0.8601423,0.070181675,0.2621941,0.0024063427,0.23683998,0.015150551,0.69894356,0.023527127
375316653866487564,2230203240654243072,0.5021414,2166.049814769772,2.535055670329324,3.488329E-5,18.273127,0.014623915,0.32848972,0.008583334,0.09342899,0.015216198,0.13902867,0.019695818,0.8181706,0.006041769,0.09201937,0.012519747,0.14747871,0.0134690385,null,null,null,null,"TWOGAUSSIANS",8,3.1954827,0.8181706,0.006041769,0.4,0.0,0.1409857,0.009948307,0.32848972,0.008583334,0.4,0.0,0.13253559,0.02086095
375316653866487564,2230206543485459968,0.54401255,2216.2527883030984,0.081300513031959,1.5750113E-5,14.406052,0.0029593103,0.26382908,0.0021259869,0.022455659,0.0017290156,0.1383267,0.013820388,0.7588537,0.007628779,0.02131688,0.01963137,0.23322494,2.38084588E10,0.0340353,0.004121248,0.7588537,0.007628779,"TWOGAUSSIANS_WITH_ELLIPSOIDAL_ON_ECLIPSE2",9,106.62968,0.7588537,0.007628779,0.119374536,0.10993568,0.3012955,2.38084588E10,0.26372907,0.00204546,0.12575169,0.009682487,0.20633201,0.013297837
375316653866487564,2230209219247369344,0.5422768,2190.7133651456033,1.0656352182025899,1.7213408E-5,17.984085,0.0029100666,0.5266004,0.02270214,0.041690663,0.028732024,0.012571323,0.01749129,0.7914985,0.002630156,0.05036549,0.0035408163,0.2922474,0.03827947,null,null,null,null,"TWOGAUSSIANS",8,2.6032226,0.7914985,0.002630156,0.28204674,0.019828571,0.2922474,0.03827947,0.5266004,0.02270849,0.23346771,0.16089934,0.0125716105,0.017491262
375316653866487564,2230214922965330816,0.58951133,2170.3807812981277,1.2545160292162703,1.14805025E-5,19.12939,0.0033535515,0.2859939,0.008104912,0.046240073,0.004206801,0.6385431,0.04643244,0.7826928,0.0012020017,0.03510467,0.0031981845,0.21338935,0.023990123,null,null,null,null,"TWOGAUSSIANS",8,1.0867453,0.2859939,0.008104912,0.2589444,0.023558084,0.6385431,0.046432436,0.7826928,0.0012020017,0.19658616,0.017909834,0.21338935,0.02399013
375316653866487564,2230220386162332032,0.6735273,2194.7112070425396,2.1233470479752286,3.8056546E-6,17.507187,0.0031421336,0.27214736,5.508364E-4,0.0554915,8.586428E-4,0.46087718,0.007269684,0.7881432,0.008551276,0.04241875,0.011394298,0.06681858,0.007920931,0.047717802,0.0048166,0.27214736,5.508364E-4,"TWOGAUSSIANS_WITH_ELLIPSOIDAL_ON_ECLIPSE1",9,1.6343461,0.27214736,5.508364E-4,0.3107524,0.0048084,0.55629486,0.0034987014,0.7881432,0.008551276,0.237545,0.06380807,0.16127548,0.0057074167
375316653866487564,2230220768413879680,0.60312635,2176.0106409525615,3.1174156585859905,9.350778E-6,18.756187,0.01622837,0.2929721,0.0023988269,0.046044275,0.0077703367,0.37035662,0.02877593,0.7930147,0.03341407,0.040504456,0.037527535,0.30470565,2.964446,0.14684917,0.02029094,0.2929721,0.0023988269,"TWOGAUSSIANS_WITH_ELLIPSOIDAL_ON_ECLIPSE1",9,2.9253793,0.2929721,0.0023988269,0.25784793,0.043513883,0.66405475,0.026348323,0.7930147,0.033347037,0.22682494,0.2101542,0.59840375,2.967393
375316653866487564,2230224097015890944,0.6769654,2199.6950694700354,1.3073092474862926,4.388489E-6,17.586224,0.0018207176,0.14746024,9.155275E-4,0.040501058,4.8571327E-4,0.70277745,0.014142931,0.6471601,0.002892387,0.04352986,0.0034627353,0.15506183,0.027776174,null,null,null,null,"TWOGAUSSIANS",8,2.3160203,0.14746024,9.155275E-4,0.22680591,0.0027199944,0.70277745,0.014142931,0.6471601,0.002892387,0.24376722,0.019391319,0.15506183,0.027776184
375316653866487564,2230229701949028992,0.71202517,2208.2364522360954,1.2392176112233093,5.069419E-6,13.735008,0.007718866,0.23175637,0.0011238403,0.049055733,0.0021278607,0.30026925,0.01458988,0.7390329,0.00867864,0.053582486,0.05986969,0.099717505,0.06609568,0.090971306,0.00810974,0.23175637,0.0011238403,"TWOGAUSSIANS_WITH_ELLIPSOIDAL_ON_ECLIPSE1",9,39.767845,0.23175637,0.0011238403,0.27471212,0.01191602,0.48220965,0.0044643073,0.7390329,0.00867864,0.3000619,0.1070591,0.28127787,0.06735475
375316653866487564,2230236810117483520,0.6427018,2219.0094419506518,0.6911226654778587,1.007603E-5,17.895794,0.0028548378,0.18148603,0.033475198,0.03578834,0.024617083,0.15745409,3763.5657,0.6805063,7.984195E-4,0.034565173,0.0015390868,1.1845398,0.07205189,null,null,null,null,"TWOGAUSSIANS",8,6.124552,0.6805063,7.984195E-4,0.19356498,0.008618887,1.1845398,0.07205189,0.18148603,0.033475198,0.20041469,0.13785566,0.15745409,3763.5657
375316653866487564,2230243583284551808,0.530338,2187.4545267819453,2.5265118299493237,7.3812716E-6,14.398352,0.009153183,0.18987797,0.024431335,0.033853084,0.015825488,0.13332137,1.338477,0.7140663,0.0031747047,0.04516668,0.005903916,0.12650983,0.026255619,0.11126654,0.014545141,0.7140663,0.0031747047,"TWOGAUSSIANS_WITH_ELLIPSOIDAL_ON_ECLIPSE2",9,399.82217,0.19302797,0.02136704,0.18957727,0.08862273,0.35141256,1.3361362,0.7140663,0.0031747047,0.2529334,0.03306193,0.34904277,0.011880545
375316653866487564,2230248801666946432,0.6636553,2208.5112194320855,2.9177384343165707,2.6335777E-6,17.35145,0.0049169906,0.24745257,0.0010264608,0.04211832,0.0019035613,0.42218786,0.01541076,0.7482055,0.001209685,0.041359115,0.001575506,0.38027853,0.015928987,0.1465752,0.007051401,0.24745257,0.0010264608,"TWOGAUSSIANS_WITH_ELLIPSOIDAL_ON_ECLIPSE1",9,4.7287602,0.24745257,0.0010264608,0.23586258,0.010659943,0.71533823,0.012645266,0.7482055,0.001209685,0.23161104,0.008822833,0.67342234,0.015000778
