Gaia/vari_eclipsing_binary/VariEclipsingBinary_689327-689377.csv
# %ECSV 1.0
# ---
# delimiter: ','
# meta: !!omap
# - RELEASE: Gaia DR3
# - TABLE: vari_eclipsing_binary
# - DESCRIPTION: >
#     This table describes the properties of the eclipsing binaries resulting from the variability analysis. 
# - CITATION: >
#     How to cite and acknowledge Gaia: 
#     https://gea.esac.esa.int/archive/documentation/credits.html 
# - KNOWN_ISSUES: >
#     Known issues: 
#     https://www.cosmos.esa.int/web/gaia-users/known-issues 
# - DOCUMENTATION: >
#     Tutorials and documentation: 
#     https://www.cosmos.esa.int/web/gaia-users/archive 
# datatype:
# - 
#   name: solution_id
#   datatype: int64
#   description: Solution Identifier
#   meta:
#     ucd: meta.version
# - 
#   name: source_id
#   datatype: int64
#   description: Unique source identifier
#   meta:
#     ucd: meta.id;meta.main
# - 
#   name: global_ranking
#   datatype: float32
#   description: Number between 0 (worst) and 1 (best)
#   meta:
#     ucd: stat.param
# - 
#   name: reference_time
#   datatype: float64
#   unit: d
#   description: Reference time used for the geometric model fit
#   meta:
#     ucd: time.epoch
# - 
#   name: frequency
#   datatype: float64
#   unit: d**-1
#   description: Frequency of geometric model of the eclipsing binary light curve
#   meta:
#     ucd: src.orbital
# - 
#   name: frequency_error
#   datatype: float32
#   unit: d**-1
#   description: "Uncertainty of \\texttt{frequency}"
#   meta:
#     ucd: stat.error
# - 
#   name: geom_model_reference_level
#   datatype: float32
#   unit: mag
#   description: Magnitude reference level of geometric model
#   meta:
#     ucd: phot.mag;em.opt
# - 
#   name: geom_model_reference_level_error
#   datatype: float32
#   unit: mag
#   description: "Uncertainty of \\texttt{geomModelReferenceLevel}"
#   meta:
#     ucd: stat.error;phot.mag;em.opt
# - 
#   name: geom_model_gaussian1_phase
#   datatype: float32
#   description: Phase of the Gaussian 1 component
#   meta:
#     ucd: time.phase
# - 
#   name: geom_model_gaussian1_phase_error
#   datatype: float32
#   description: "Uncertainty of \\texttt{geomModelGaussian1Phase}"
#   meta:
#     ucd: stat.error;time.phase
# - 
#   name: geom_model_gaussian1_sigma
#   datatype: float32
#   description: "Standard deviation [phase] of Gaussian 1 component"
#   meta:
#     ucd: stat.stdev
# - 
#   name: geom_model_gaussian1_sigma_error
#   datatype: float32
#   description: "Uncertainty of \\texttt{geomModelGaussian1Sigma}"
#   meta:
#     ucd: stat.error
# - 
#   name: geom_model_gaussian1_depth
#   datatype: float32
#   unit: mag
#   description: Magnitude depth of Gaussian 1 component
#   meta:
#     ucd: src.var.amplitude
# - 
#   name: geom_model_gaussian1_depth_error
#   datatype: float32
#   unit: mag
#   description: "Uncertainty of \\texttt{geomModelGaussian1Depth}"
#   meta:
#     ucd: stat.error;src.var.amplitude
# - 
#   name: geom_model_gaussian2_phase
#   datatype: float32
#   description: Phase of Gaussian 2 component
#   meta:
#     ucd: time.phase
# - 
#   name: geom_model_gaussian2_phase_error
#   datatype: float32
#   description: "Uncertainty of \\texttt{geomModelGaussian2Phase}"
#   meta:
#     ucd: stat.error;time.phase
# - 
#   name: geom_model_gaussian2_sigma
#   datatype: float32
[...]
#   datatype: float32
#   description: "Secondary eclipse: uncertainty of \\texttt{derivedSecondaryEclDuration}"
#   meta:
#     ucd: stat.error;time.duration
# - 
#   name: derived_secondary_ecl_depth
#   datatype: float32
#   unit: mag
#   description: "Secondary eclipse: depth"
#   meta:
#     ucd: src.var.amplitude
# - 
#   name: derived_secondary_ecl_depth_error
#   datatype: float32
#   unit: mag
#   description: "Secondary eclipse: uncertainty of \\texttt{derivedSecondaryEclDepth}"
#   meta:
#     ucd: stat.error;src.var.amplitude
solution_id,source_id,global_ranking,reference_time,frequency,frequency_error,geom_model_reference_level,geom_model_reference_level_error,geom_model_gaussian1_phase,geom_model_gaussian1_phase_error,geom_model_gaussian1_sigma,geom_model_gaussian1_sigma_error,geom_model_gaussian1_depth,geom_model_gaussian1_depth_error,geom_model_gaussian2_phase,geom_model_gaussian2_phase_error,geom_model_gaussian2_sigma,geom_model_gaussian2_sigma_error,geom_model_gaussian2_depth,geom_model_gaussian2_depth_error,geom_model_cosine_half_period_amplitude,geom_model_cosine_half_period_amplitude_error,geom_model_cosine_half_period_phase,geom_model_cosine_half_period_phase_error,model_type,num_model_parameters,reduced_chi2,derived_primary_ecl_phase,derived_primary_ecl_phase_error,derived_primary_ecl_duration,derived_primary_ecl_duration_error,derived_primary_ecl_depth,derived_primary_ecl_depth_error,derived_secondary_ecl_phase,derived_secondary_ecl_phase_error,derived_secondary_ecl_duration,derived_secondary_ecl_duration_error,derived_secondary_ecl_depth,derived_secondary_ecl_depth_error
[from data line 71]
375316653866487564,6063418710068132608,0.54434216,2132.015754079372,1.3354976141127797,1.0301282E-5,16.38711,0.00525879,0.24516925,0.0033504225,0.09708915,0.0077303736,0.08543809,0.0050156973,0.738394,0.0037625742,0.105787575,0.009718771,0.057721846,0.0048849224,null,null,null,null,"TWOGAUSSIANS",8,2.6078458,0.24516925,0.0033504225,0.4,0.0,0.07932778,0.0021704573,0.738394,0.0037625742,0.4,0.0,0.051610153,0.0017643581
375316653866487564,6063419122385009536,0.4751922,2154.164868401082,1.6530879708514623,7.698284E-6,18.132671,0.0023836645,0.18720952,0.0016741612,0.003552962,0.002140344,0.28573835,3.087857,0.6674336,0.0011755067,0.004058806,7.2531786E-4,0.27470046,0.10653316,null,null,null,null,"TWOGAUSSIANS",8,6.2876387,0.18720952,0.0016741612,0.019896587,0.011985926,0.28573835,3.087857,0.6674336,0.0011755067,0.022729315,0.00406178,0.27470046,0.10653316
375316653866487564,6063419362874103296,0.5305363,2139.432570279305,2.8265166979746534,8.409469E-6,19.595737,0.007523183,0.24023217,0.002699674,0.077746525,0.0035883388,0.37814748,0.01274454,0.7455326,0.0038001721,0.08274631,0.003857654,0.37528417,0.015734663,null,null,null,null,"TWOGAUSSIANS",8,1.349942,0.24023217,0.002699674,0.4,0.0,0.3728469,0.012693294,0.7455326,0.0038001721,0.4,0.0,0.36998358,0.015410647
375316653866487564,6063419397262929152,0.58746225,2147.9568396449977,3.527003731034565,3.5065996E-6,17.997036,0.02306112,0.26669475,0.0018311149,0.049314372,0.0047239643,0.45861256,0.048504733,0.7685975,0.0027438018,0.057361517,0.004309325,0.56573075,0.051078565,0.07943034,0.028318623,0.26669475,0.0018311149,"TWOGAUSSIANS_WITH_ELLIPSOIDAL_ON_ECLIPSE1",9,16.758305,0.7685975,0.0027438018,0.32122448,0.02413222,0.72453105,0.021751238,0.26669475,0.0018311149,0.27616048,0.0264542,0.61743563,0.022678126
375316653866487564,6063419740860786304,0.47334978,2174.473074433694,2.2715366021305443,1.6166794E-5,18.33562,0.01832975,0.24462336,0.0060643065,0.09656877,0.01022475,0.22560224,0.0207385,0.7461868,0.006896707,0.0956898,0.017489467,0.17291452,0.019509636,null,null,null,null,"TWOGAUSSIANS",8,7.1287694,0.24462336,0.0060643065,0.4,0.0,0.21246801,0.016528921,0.7461868,0.006896707,0.4,0.0,0.15978058,0.019958269
375316653866487564,6063420118789524480,0.62740827,2147.2438464128727,2.781665621497449,4.122421E-6,18.464941,0.011504368,0.27868724,8.117978E-4,0.050524894,0.0023266117,0.42454252,0.024898889,0.7781464,0.0028378912,0.04538788,0.004911727,0.38595346,0.029350553,0.116325654,0.014211187,0.27868724,8.117978E-4,"TWOGAUSSIANS_WITH_ELLIPSOIDAL_ON_ECLIPSE1",9,2.0074594,0.27868724,8.117978E-4,0.2829394,0.013029025,0.6571914,0.011550308,0.7781964,0.002734314,0.25417212,0.02750567,0.6185999,0.027261036
375316653866487564,6063420943451437184,0.52026093,2119.257303356673,2.6057973597602104,8.08832E-6,17.910501,0.006199206,0.22393572,0.0033748609,0.100352794,0.0069162287,0.1374989,0.0065781795,0.73448336,0.0058575715,0.093682505,0.011574272,0.07948082,0.0058438075,null,null,null,null,"TWOGAUSSIANS",8,1.7005364,0.22393572,0.0033748609,0.4,0.0,0.13091226,0.005638398,0.73448336,0.00586445,0.4,0.0,0.072895326,0.0038822205
375316653866487564,6063422176077469184,0.447259,2155.7510564949494,2.7612920259406937,1.6789983E-5,18.738317,0.0852711,0.2922831,0.013862481,0.15692998,0.04280359,0.22760688,0.08085546,0.73947304,0.011935739,0.117362745,0.019607093,0.24519399,0.07111301,null,null,null,null,"TWOGAUSSIANS",8,6.004827,0.73947304,0.011935739,0.4,0.0,0.18886274,0.018478723,0.2928831,0.013157129,0.4,0.0,0.1670683,0.015027407
375316653866487564,6063423279885990656,0.5592907,2150.963289409156,3.285164040869392,6.656451E-6,17.212536,0.017236406,0.26287627,0.0027506717,0.06294213,0.0040927758,0.3613088,0.03798938,0.7697114,0.0033465456,0.051912427,0.0071062353,0.3056007,0.042376913,0.09985689,0.020487495,0.7697114,0.0033465456,"TWOGAUSSIANS_WITH_ELLIPSOIDAL_ON_ECLIPSE2",9,27.943918,0.26388627,0.0020950055,0.3524759,0.022919543,0.5606174,0.017571421,0.7697114,0.0033465456,0.2907096,0.03979492,0.5052232,0.026353844
375316653866487564,6063424035800639744,0.44867975,2147.809139793494,0.01848767325628704,2.9186149E-6,19.070452,0.009876126,0.23271562,6.798818E-6,4.539077E-4,1.0091918E-5,0.7705507,0.011561124,0.08269254,0.0063592466,0.03372724,0.0036314458,0.06440816,0.015241884,0.03591338,0.012841255,0.23271562,6.798818E-6,"TWOGAUSSIANS_WITH_ELLIPSOIDAL_ON_ECLIPSE1",9,6.2224903,0.23271562,6.798818E-6,0.0025418832,5.6514742E-5,0.8423806,0.020481847,0.09070254,0.005710781,0.18887253,0.020336095,0.09091069,0.022449652
375316653866487564,6063424615627677312,0.46256328,2142.894108599842,2.6815951668335543,1.06512525E-5,19.060509,0.0066641467,0.21625867,0.009134271,0.028527707,0.016480954,0.10323974,0.029059432,0.6833209,0.0025596493,0.040527955,0.0019334487,0.51630765,0.02015667,null,null,null,null,"TWOGAUSSIANS",8,10.389494,0.6833209,0.0025596493,0.22695656,0.010827313,0.51630765,0.02015667,0.21625867,0.009134271,0.15975517,0.092293344,0.10323974,0.029059432
375316653866487564,6063425169671438208,0.5849655,2143.000060099189,3.513283560424598,3.5791484E-6,19.332277,0.016336834,0.24166381,0.0031966628,0.043657705,0.005821079,0.6487617,0.04276722,0.7370987,0.0022151726,0.0402559,0.0029998343,0.49737877,0.038206376,0.13437556,0.020726042,0.24166381,0.0031966628,"TWOGAUSSIANS_WITH_ELLIPSOIDAL_ON_ECLIPSE1",9,3.2686126,0.24166381,0.0031966628,0.24448314,0.03259804,0.9175125,0.049713753,0.7373987,0.002010394,0.22543305,0.016799072,0.7659227,0.016877336
375316653866487564,6063425513296738432,0.5676941,2143.4202195598004,0.08891574592356247,1.24813905E-5,9.214843,3.382196E-4,0.5573059,0.008702468,0.032443527,0.009187692,0.010341313,0.0032636456,0.7861496,6.046354E-4,0.006307486,7.2983647E-4,0.58480066,0.18202011,2.8367166E-4,4.6024637E-4,0.7861496,6.046354E-4,"TWOGAUSSIANS_WITH_ELLIPSOIDAL_ON_ECLIPSE2",9,32.76835,0.7861496,6.046354E-4,0.03532192,0.004087084,0.58536804,0.18203017,0.5574059,0.008748466,0.18168375,0.051451072,0.010351323,0.0032580085
375316653866487564,6063426372290244736,0.5321006,2153.354457952332,0.3314205911701053,1.05915415E-5,17.45611,0.0024402037,0.2452859,0.0033156576,0.034868762,0.002589397,0.5167748,0.045350496,0.7508117,0.0025468643,0.028445914,0.0030305346,0.057308745,0.011055781,0.026879556,0.0033935767,0.2452859,0.0033156576,"TWOGAUSSIANS_WITH_ELLIPSOIDAL_ON_ECLIPSE1",9,3.6321576,0.2452859,0.0033156576,0.19526507,0.014500623,0.5705338,0.046879474,0.7508117,0.0025468643,0.15929712,0.016970994,0.11100299,0.009397162
375316653866487564,6063426509701535744,0.45272508,2115.150901606322,3.9889027606633056,6.3144003E-6,19.526253,0.016196227,0.19623493,0.002776618,0.07626104,0.005282194,0.5378534,0.033874486,0.65019214,0.024812931,0.056668334,0.018898835,0.49856755,0.053027734,null,null,null,null,"TWOGAUSSIANS",8,4.935538,0.19623493,0.002776618,0.4,0.0,0.53763026,0.034002773,0.65019214,0.024812931,0.31734267,0.10583348,0.4983444,0.052880038
375316653866487564,6063427982869901568,0.5499954,2137.767994247424,2.086824850468015,9.850235E-6,18.487738,0.0033214695,0.25537682,0.0013718316,0.060042914,0.0017791984,0.4172199,0.0057271966,0.7738098,0.015611972,0.07735915,0.010863752,0.12567753,0.00775163,null,null,null,null,"TWOGAUSSIANS",8,4.0614743,0.25537682,0.0013718316,0.33624032,0.0099635115,0.41688508,0.005714365,0.7738098,0.015611972,0.4,0.020122882,0.1253427,0.007697123
375316653866487564,6063428566987389824,0.5526873,2132.762618926172,1.8861435084584823,5.121188E-6,18.00751,0.010268767,0.2284319,0.0025535882,0.07951262,0.0070286347,0.17743482,0.008313269,0.7168462,0.0016838429,0.08775894,0.0040573278,0.26841933,0.011838022,null,null,null,null,"TWOGAUSSIANS",8,4.038787,0.7168462,0.0016838429,0.4,0.0,0.2643263,0.010179232,0.2284319,0.0025535882,0.4,0.0,0.17334187,0.006824696
375316653866487564,6063431766743794304,0.5352179,2120.450408261065,2.9972567605343885,9.61559E-6,19.396318,0.01727615,0.26304695,0.0045728665,0.030023633,0.04294312,0.17784011,0.08977655,0.7652209,0.003890273,0.044450708,0.005954339,0.22327915,0.039515126,0.1396954,0.02259926,0.26304695,0.0045728665,"TWOGAUSSIANS_WITH_ELLIPSOIDAL_ON_ECLIPSE1",9,2.7303324,0.7652209,0.0036557363,0.24892396,0.0333443,0.5026178,0.014035479,0.26304695,0.0045728665,0.16813235,0.23336339,0.45723087,0.12244639
375316653866487564,6063432557043678848,0.49281454,2128.7666401216115,1.704610187978199,6.6166995E-6,18.117613,0.0056665693,0.16774912,0.016044073,0.022208607,0.009913332,0.05478335,0.017081419,0.682728,0.0022892803,0.050852943,0.0030387416,0.24039495,0.014008584,0.013613516,0.0077952454,0.16774912,0.016044073,"TWOGAUSSIANS_WITH_ELLIPSOIDAL_ON_ECLIPSE1",9,9.821823,0.682728,0.0022892803,0.28477648,0.017016953,0.2673811,0.010989972,0.16774912,0.016044073,0.12436819,0.05551466,0.08200997,0.011419007
375316653866487564,6063432969360328448,0.51199377,2142.5549592864504,2.954165749966735,7.341164E-6,17.0398,0.014609173,0.27914414,0.00308055,0.08547008,0.0079965135,0.3047482,0.017312365,0.8002344,0.0025007965,0.0984201,0.006575274,0.29992133,0.014272668,null,null,null,null,"TWOGAUSSIANS",8,22.584612,0.27914414,0.00308055,0.4,0.0,0.29387778,0.018812634,0.8002344,0.0025007965,0.4,0.0,0.28904855,0.012001529
375316653866487564,6063433720950376704,0.56874555,2128.606994178486,3.1239590909895747,4.101577E-6,19.000008,0.0053943982,0.26979494,0.0011547422,0.034561962,0.003052852,0.2635917,0.023185961,0.7703285,0.0025501817,0.03567873,0.002974068,0.31699038,0.020312125,0.10023048,0.009405659,0.26979494,0.0011547422,"TWOGAUSSIANS_WITH_ELLIPSOIDAL_ON_ECLIPSE1",9,2.2717888,0.7703285,0.002538296,0.19980088,0.01665478,0.51744866,0.018411543,0.26979494,0.0011547422,0.19354698,0.017095972,0.46405226,0.025141757
375316653866487564,6063435752499364864,0.6000957,2103.8471331192795,2.9779659554448665,3.953812E-6,17.568941,0.016363855,0.2541187,0.0011045532,0.056681473,0.004149237,0.33526015,0.0331687,0.7488031,0.0014893649,0.056013696,0.003985638,0.36108822,0.032446656,0.08634066,0.018427532,0.2541187,0.0011045532,"TWOGAUSSIANS_WITH_ELLIPSOIDAL_ON_ECLIPSE1",9,11.989713,0.74936306,0.0013366451,0.3136767,0.022319572,0.53356624,0.011921268,0.2541187,0.0011045532,0.31741625,0.023235729,0.5079103,0.005933471
375316653866487564,6063436572803512064,0.53036404,2122.0663637793555,3.098042896685055,7.316781E-6,18.014877,0.0061497535,0.29126853,0.012911498,0.063586995,0.022617273,0.07350897,0.016600754,0.7695968,0.0026356233,0.036082506,0.007060375,0.047431353,0.018168956,0.09090757,0.0071490123,0.7695968,0.0026356233,"TWOGAUSSIANS_WITH_ELLIPSOIDAL_ON_ECLIPSE2",9,7.275629,0.2816685,0.009346619,0.35608718,0.11777813,0.25343764,0.01752288,0.7695968,0.0026356233,0.20206204,0.0395381,0.229237,0.011690766
375316653866487564,6063436641528683776,0.49699742,2112.931429065719,3.0450899920454964,8.891703E-6,18.550812,0.018324772,0.21581756,0.0060545304,0.10083548,0.012648497,0.17946306,0.017726779,0.7156786,0.0029299671,0.112337716,0.0106056435,0.19621421,0.01630369,null,null,null,null,"TWOGAUSSIANS",8,2.2012672,0.7156786,0.0029299671,0.4,0.0,0.17225432,0.006905001,0.21581756,0.0060616056,0.4,0.0,0.15552111,0.007017369
375316653866487564,6063438398199398144,0.5511615,2095.293617606728,2.72196084590062,6.6940415E-6,18.769545,0.011308862,0.27130872,0.0028584276,0.05145043,0.005273606,0.2687809,0.026186818,0.7697821,0.0034795562,0.05091916,0.0038307193,0.26665717,0.029099109,0.09554954,0.013891753,0.27130872,0.0028584276,"TWOGAUSSIANS_WITH_ELLIPSOIDAL_ON_ECLIPSE1",9,4.672913,0.27130872,0.0028584276,0.28812242,0.029532194,0.459876,0.016801998,0.7699821,0.0029672794,0.2851473,0.021452028,0.45773694,0.017600782
375316653866487564,6063439257192917632,0.6567226,2086.5143667954294,0.22058705815217855,4.7906997E-6,17.510275,0.002730322,0.16806291,0.0010830649,0.032271944,0.0012335373,0.25304455,0.007292696,0.6668971,0.0011494135,0.02861438,0.0010589765,1.3568987,0.054333016,0.03594864,0.0038723499,0.16806291,0.0010830649,"TWOGAUSSIANS_WITH_ELLIPSOIDAL_ON_ECLIPSE1",9,6.390599,0.6668971,0.0011385378,0.16024052,0.0059302687,1.428792,0.054778546,0.16806291,0.0010830649,0.18072289,0.006907809,0.32494175,0.0062002465
375316653866487564,6063442212105945344,0.5630362,2087.638872123222,2.6500866575411197,6.355517E-6,18.645868,0.008128059,0.26444918,0.0017248563,0.07526775,0.0032538723,0.48476478,0.010293842,0.7614203,0.0026167755,0.07603599,0.0026903057,0.49661317,0.019211467,null,null,null,null,"TWOGAUSSIANS",8,5.751298,0.7614203,0.0026167755,0.4,0.0,0.49270734,0.019120263,0.26444918,0.0017248563,0.4,0.0,0.48085895,0.010298569
375316653866487564,6063442315185312000,0.5548204,2088.593794466682,2.52889417821987,4.6087866E-6,19.344063,0.005420402,0.21574388,0.0021740987,0.07624246,0.0028665473,0.46348467,0.0075902087,0.7202509,0.0021273775,0.07432854,0.0024716347,0.47520497,0.012366851,null,null,null,null,"TWOGAUSSIANS",8,1.630972,0.7202509,0.0021273775,0.4,0.0,0.471781,0.012428286,0.21574388,0.0021740987,0.4,0.0,0.4600607,0.0076366873
375316653866487564,6063446026061672832,0.43570733,2107.967263843504,0.2715886865739662,1.680216E-5,16.687721,0.0055481154,0.32266405,0.04455886,0.09920793,0.08431516,0.021720609,0.009067941,0.50620365,0.0049350574,0.033054613,0.004609472,0.10799148,0.024678668,null,null,null,null,"TWOGAUSSIANS",8,25.304008,0.50620365,0.0049350574,0.18510585,0.025813043,0.1119146,0.024289336,0.32266405,0.04462566,0.4,0.19433708,0.021720497,0.009062495
375316653866487564,6063446468408323840,0.48220295,2144.0383482516227,0.18258472028516623,7.095749E-5,18.260754,0.0017456576,0.2815785,0.02072995,0.0497503,0.0155121945,0.008846164,0.0024793914,0.49765456,0.013527782,0.016541287,0.012005787,0.18212931,0.15207262,null,null,null,null,"TWOGAUSSIANS",8,1.9251155,0.49765456,0.013527782,0.092631206,0.06723241,0.18213002,0.15207209,0.2815785,0.02072995,0.27860168,0.086868286,0.008846164,0.0024793914
375316653866487564,6063447469170721536,0.56666493,2126.687780402851,1.7719921876000002,1.0400274E-6,17.739416,0.0013959451,0.21677051,1.1106068E-6,0.001715435,2.9453481E-6,2.8140593,0.0053651948,0.91216266,0.008706165,0.012667318,0.0038257523,0.1347175,0.06787146,null,null,null,null,"TWOGAUSSIANS",8,3.5493271,0.21677051,1.1106068E-6,0.009606436,1.6493948E-5,2.8140593,0.0053651948,0.91216266,0.008706165,0.070936985,0.021424213,0.1347175,0.06787146
375316653866487564,6063447640969418752,0.54730445,2101.182177095334,0.29760363152956804,8.449052E-6,17.055754,0.004932016,0.32974055,0.00447323,0.011697634,0.009177941,0.4624045,2.4584882,0.82820594,5.84585E-4,0.013260124,0.0012087726,0.1678342,0.019046014,0.007819263,0.0058120433,0.32974055,0.00447323,"TWOGAUSSIANS_WITH_ELLIPSOIDAL_ON_ECLIPSE1",9,18.054377,0.32974055,0.00447323,0.06550675,0.05139647,0.478043,2.4607956,0.82820594,5.844182E-4,0.074256696,0.0067691267,0.18347126,0.01744085
375316653866487564,6063448499963032704,0.5386898,2107.1281898317698,2.2867575427039624,9.821754E-6,17.65838,0.014706972,0.2635923,0.0033378864,0.10561068,0.008561238,0.25325218,0.012916155,0.7677886,0.0022442143,0.09271574,0.005964877,0.25788784,0.01416965,null,null,null,null,"TWOGAUSSIANS",8,7.446619,0.7677886,0.0022442143,0.4,0.0,0.23777162,0.0093374,0.2635923,0.0033378864,0.4,0.0,0.23312923,0.009003678
375316653866487564,6063448671761835776,0.56381416,2111.980048850622,3.97360990028549,5.1366055E-6,17.75414,0.003544054,0.22555342,0.0015262434,0.08275161,0.0030396576,0.22403675,0.0065594125,0.71784335,0.0013427956,0.081578575,0.0021299124,0.23427005,0.004118355,null,null,null,null,"TWOGAUSSIANS",8,2.5088418,0.71784335,0.0013427956,0.4,0.0,0.23039581,0.0037837867,0.22555342,0.0015262434,0.4,0.0,0.2201625,0.0067997877
