Gaia/vari_eclipsing_binary/VariEclipsingBinary_205425-205483.csv
# %ECSV 1.0
# ---
# delimiter: ','
# meta: !!omap
# - RELEASE: Gaia DR3
# - TABLE: vari_eclipsing_binary
# - DESCRIPTION: >
#     This table describes the properties of the eclipsing binaries resulting from the variability analysis. 
# - CITATION: >
#     How to cite and acknowledge Gaia: 
#     https://gea.esac.esa.int/archive/documentation/credits.html 
# - KNOWN_ISSUES: >
#     Known issues: 
#     https://www.cosmos.esa.int/web/gaia-users/known-issues 
# - DOCUMENTATION: >
#     Tutorials and documentation: 
#     https://www.cosmos.esa.int/web/gaia-users/archive 
# datatype:
# - 
#   name: solution_id
#   datatype: int64
#   description: Solution Identifier
#   meta:
#     ucd: meta.version
# - 
#   name: source_id
#   datatype: int64
#   description: Unique source identifier
#   meta:
#     ucd: meta.id;meta.main
# - 
#   name: global_ranking
#   datatype: float32
#   description: Number between 0 (worst) and 1 (best)
#   meta:
#     ucd: stat.param
# - 
#   name: reference_time
#   datatype: float64
#   unit: d
#   description: Reference time used for the geometric model fit
#   meta:
#     ucd: time.epoch
# - 
#   name: frequency
#   datatype: float64
#   unit: d**-1
#   description: Frequency of geometric model of the eclipsing binary light curve
#   meta:
#     ucd: src.orbital
# - 
#   name: frequency_error
#   datatype: float32
#   unit: d**-1
#   description: "Uncertainty of \\texttt{frequency}"
#   meta:
#     ucd: stat.error
# - 
#   name: geom_model_reference_level
#   datatype: float32
#   unit: mag
#   description: Magnitude reference level of geometric model
#   meta:
#     ucd: phot.mag;em.opt
# - 
#   name: geom_model_reference_level_error
#   datatype: float32
#   unit: mag
#   description: "Uncertainty of \\texttt{geomModelReferenceLevel}"
#   meta:
#     ucd: stat.error;phot.mag;em.opt
# - 
#   name: geom_model_gaussian1_phase
#   datatype: float32
#   description: Phase of the Gaussian 1 component
#   meta:
#     ucd: time.phase
# - 
#   name: geom_model_gaussian1_phase_error
#   datatype: float32
#   description: "Uncertainty of \\texttt{geomModelGaussian1Phase}"
#   meta:
#     ucd: stat.error;time.phase
# - 
#   name: geom_model_gaussian1_sigma
#   datatype: float32
#   description: "Standard deviation [phase] of Gaussian 1 component"
#   meta:
#     ucd: stat.stdev
# - 
#   name: geom_model_gaussian1_sigma_error
#   datatype: float32
#   description: "Uncertainty of \\texttt{geomModelGaussian1Sigma}"
#   meta:
#     ucd: stat.error
# - 
#   name: geom_model_gaussian1_depth
#   datatype: float32
#   unit: mag
#   description: Magnitude depth of Gaussian 1 component
#   meta:
#     ucd: src.var.amplitude
# - 
#   name: geom_model_gaussian1_depth_error
#   datatype: float32
#   unit: mag
#   description: "Uncertainty of \\texttt{geomModelGaussian1Depth}"
#   meta:
#     ucd: stat.error;src.var.amplitude
# - 
#   name: geom_model_gaussian2_phase
#   datatype: float32
#   description: Phase of Gaussian 2 component
#   meta:
#     ucd: time.phase
# - 
#   name: geom_model_gaussian2_phase_error
#   datatype: float32
#   description: "Uncertainty of \\texttt{geomModelGaussian2Phase}"
#   meta:
#     ucd: stat.error;time.phase
# - 
#   name: geom_model_gaussian2_sigma
#   datatype: float32
[...]
#   datatype: float32
#   description: "Secondary eclipse: uncertainty of \\texttt{derivedSecondaryEclDuration}"
#   meta:
#     ucd: stat.error;time.duration
# - 
#   name: derived_secondary_ecl_depth
#   datatype: float32
#   unit: mag
#   description: "Secondary eclipse: depth"
#   meta:
#     ucd: src.var.amplitude
# - 
#   name: derived_secondary_ecl_depth_error
#   datatype: float32
#   unit: mag
#   description: "Secondary eclipse: uncertainty of \\texttt{derivedSecondaryEclDepth}"
#   meta:
#     ucd: stat.error;src.var.amplitude
solution_id,source_id,global_ranking,reference_time,frequency,frequency_error,geom_model_reference_level,geom_model_reference_level_error,geom_model_gaussian1_phase,geom_model_gaussian1_phase_error,geom_model_gaussian1_sigma,geom_model_gaussian1_sigma_error,geom_model_gaussian1_depth,geom_model_gaussian1_depth_error,geom_model_gaussian2_phase,geom_model_gaussian2_phase_error,geom_model_gaussian2_sigma,geom_model_gaussian2_sigma_error,geom_model_gaussian2_depth,geom_model_gaussian2_depth_error,geom_model_cosine_half_period_amplitude,geom_model_cosine_half_period_amplitude_error,geom_model_cosine_half_period_phase,geom_model_cosine_half_period_phase_error,model_type,num_model_parameters,reduced_chi2,derived_primary_ecl_phase,derived_primary_ecl_phase_error,derived_primary_ecl_duration,derived_primary_ecl_duration_error,derived_primary_ecl_depth,derived_primary_ecl_depth_error,derived_secondary_ecl_phase,derived_secondary_ecl_phase_error,derived_secondary_ecl_duration,derived_secondary_ecl_duration_error,derived_secondary_ecl_depth,derived_secondary_ecl_depth_error
[from data line 250]
375316653866487564,1807187998974285440,0.47279516,2181.822925357562,2.5972861126380407,3.0596515E-5,19.175682,0.00374399,0.27238044,3.755662E-5,0.0059182514,1.0402096E-4,0.5056675,9.581898E-4,0.7185028,0.03334063,0.021634946,0.023613371,0.07927048,4.16851763E9,null,null,null,null,"TWOGAUSSIANS",8,1.6563984,0.27238044,3.755662E-5,0.03314221,5.8251736E-4,0.5056675,9.581898E-4,0.7185028,0.03334063,0.1211557,0.13223489,0.07927048,4.16851763E9
375316653866487564,1807188063385903104,0.5834544,2150.1826218967994,1.007765967604327,9.831623E-6,19.069418,0.00861978,0.30132747,0.017700229,0.027086988,0.0172457,0.14327165,0.5428483,0.7988356,0.0043222983,0.027466798,0.002507626,1.1124578,0.24236995,0.03159959,0.0115545895,0.30132747,0.017700229,"TWOGAUSSIANS_WITH_ELLIPSOIDAL_ON_ECLIPSE1",9,2.4293623,0.7988456,0.004310439,0.15381408,0.014042706,1.1756414,0.24323787,0.30132747,0.017700229,0.15168713,0.09657593,0.20647071,0.5411065
375316653866487564,1807188342577752320,0.555696,2166.7261413648334,2.5123328775044933,1.1786943E-5,18.893454,0.008570954,0.25799936,0.0017811614,0.082715824,0.003124626,0.4045211,0.009848075,0.7643172,0.0035322488,0.084720396,0.0052845213,0.20298196,0.012391488,null,null,null,null,"TWOGAUSSIANS",8,1.5897979,0.25799936,0.0017811614,0.4,0.0,0.3986679,0.0091275005,0.7643172,0.0035322488,0.4,0.0,0.19712877,0.012164892
375316653866487564,1807188445651013248,0.5221521,2164.196313243098,2.79172164176862,1.2721016E-5,17.560246,0.022883274,0.23605815,0.006842979,0.05990704,0.007917815,0.36415976,0.027375504,0.70785,0.007838607,0.096664235,0.015036044,0.5058908,0.030756155,null,null,null,null,"TWOGAUSSIANS",8,41.69429,0.70785,0.007838607,0.4,0.0,0.5029606,0.03227698,0.23605815,0.006842979,0.33547944,0.044339765,0.36123317,0.02510964
375316653866487564,1807190472875489152,0.52534074,2163.650963177215,0.5520453856970181,4.3060113E-6,15.722554,5.5922754E-4,0.24561568,0.020194247,0.028489644,0.034944996,0.024208443,null,0.7921395,6.249523E-4,0.013503922,5.6692905E-4,0.16067179,0.014504702,0.004244723,8.228076E-4,0.7921395,6.249523E-4,"TWOGAUSSIANS_WITH_ELLIPSOIDAL_ON_ECLIPSE2",9,3.4485958,0.7921395,6.249523E-4,0.07562196,0.0031748028,0.16916123,0.014769884,0.24658568,0.020936921,0.15954201,0.19569197,0.032007158,null
375316653866487564,1807190507228874112,0.6301926,2160.756253846614,2.33206966866921,4.552134E-6,16.695751,0.0070941816,0.2880039,7.0620107E-4,0.052448496,0.0015130782,0.64182997,0.016612818,0.78673655,0.0027271993,0.049153507,0.0038355866,0.14140572,0.016933616,0.06024983,0.009255372,0.2880039,7.0620107E-4,"TWOGAUSSIANS_WITH_ELLIPSOIDAL_ON_ECLIPSE1",9,12.073877,0.2880039,7.0620107E-4,0.29371157,0.008473238,0.7623218,0.014441692,0.78691655,0.0023554706,0.27525964,0.021479284,0.261891,0.0051954747
375316653866487564,1807190674725917440,0.5756359,2176.445786382565,3.2524736367410134,1.0165995E-5,18.380974,0.0054818722,0.17390853,0.0025228555,0.08277173,0.0035331259,0.2998368,0.005300171,0.67946154,0.0027325856,0.08375221,0.0027734586,0.41178128,0.014436494,null,null,null,null,"TWOGAUSSIANS",8,2.5076184,0.67946154,0.0027325856,0.4,0.0,0.40477988,0.014793715,0.17390853,0.0025228555,0.4,0.0,0.29283538,0.0046029505
375316653866487564,1807190949603938432,0.56618994,2149.2441904569123,1.396425227143242,1.4134604E-5,17.2014,0.00216674,0.3657233,0.007708159,0.01890761,0.008138072,0.021953095,0.3662815,0.60340285,0.0012471529,0.03767075,9.5415773E-4,0.4610324,0.01481718,null,null,null,null,"TWOGAUSSIANS",8,9.246599,0.60340285,0.0012471529,0.2109562,0.0053432835,0.4610324,0.01481718,0.3657233,0.007708159,0.105882615,0.0455732,0.021953095,0.3662815
375316653866487564,1807192053417414656,0.43841445,2170.696351872856,3.085409160424393,4.643718E-5,17.473906,0.07189023,0.27618665,0.01393545,0.14782543,0.04469187,0.20098041,0.068031676,0.715471,0.020030433,0.10837658,0.028173143,0.1820024,0.054005347,null,null,null,null,"TWOGAUSSIANS",8,23.306831,0.27638662,0.013680743,0.4,0.0,0.16634546,0.02292462,0.715471,0.020030433,0.4,0.0,0.14989868,0.029522235
375316653866487564,1807192942467800448,0.6168544,2171.902772205282,2.924242556585581,5.3818526E-6,18.630829,0.016991721,0.2751529,0.0015090269,0.048028074,0.004206124,0.3465446,0.043885946,0.77496415,0.002349248,0.047456127,0.006023905,0.39309627,0.043160975,0.12942633,0.028279953,0.2751529,0.0015090269,"TWOGAUSSIANS_WITH_ELLIPSOIDAL_ON_ECLIPSE1",9,4.0226665,0.7749842,0.002184678,0.2657543,0.033733867,0.6519476,0.02891971,0.2751529,0.0015090269,0.26895723,0.023554295,0.6053963,0.01819896
375316653866487564,1807194660455217408,0.5422168,2152.6074972620854,3.2323041017364056,1.27948115E-5,18.253075,0.008830242,0.31522462,0.0021906015,0.087488994,0.0050534247,0.3042278,0.010877681,0.81106967,0.0054113218,0.08635767,0.006909493,0.22008455,0.014839967,null,null,null,null,"TWOGAUSSIANS",8,3.8500695,0.31522462,0.0021906015,0.4,0.0,0.29651055,0.01157907,0.81106967,0.0054113218,0.4,0.0,0.21236731,0.0140140215
375316653866487564,1807195386312696192,0.55761397,2166.165597260931,3.007501783000186,1.4781824E-5,19.105675,0.01538428,0.25763312,0.002820667,0.06870489,0.0032591075,0.73891175,0.01878266,0.7524365,0.003561088,0.06960841,0.0054017305,0.63157266,0.02770353,null,null,null,null,"TWOGAUSSIANS",8,7.2393594,0.25763312,0.002820667,0.3847474,0.018251002,0.7371812,0.01828234,0.7524365,0.003561088,0.3898071,0.029924167,0.6298421,0.028136523
375316653866487564,1807195386318410240,0.506882,2196.223621504943,1.048163765476088,1.4124361E-5,15.063682,0.0017627908,0.271501,0.004538628,0.04718412,0.0065285456,0.08784569,0.00808491,0.7690233,0.002122425,0.0076561607,0.0030399454,0.013004336,0.0046604774,0.01312682,0.0034827294,0.271501,0.004538628,"TWOGAUSSIANS_WITH_ELLIPSOIDAL_ON_ECLIPSE1",9,31.001974,0.271501,0.004538628,0.26423106,0.036559854,0.114099264,0.008326409,0.76904327,0.0021079874,0.0428745,0.017023694,0.0392516,0.004506236
375316653866487564,1807196485830076288,0.45638153,2175.8451770771144,0.8785141476105488,4.7285976E-5,15.342805,0.0023548438,0.69958454,0.013067401,0.05054457,0.023191871,0.08478946,0.02712239,null,null,null,null,null,null,0.01186957,0.0021798857,0.69958454,0.013067401,"ONEGAUSSIAN_WITH_ELLIPSOIDAL",6,56.868885,0.69958454,0.013067401,0.2830496,0.12987448,0.108528174,0.027821511,null,null,null,null,null,null
375316653866487564,1807196515881407872,0.48661768,2175.7628727774254,0.5009214402050388,2.062707E-5,16.789478,0.0013291091,0.15535544,0.0034474537,0.011955852,0.003806737,0.007985873,0.0032980042,0.729721,0.006296004,0.02395283,0.0055730427,0.08723643,0.008719186,0.013003419,0.0017150003,0.729721,0.006296004,"TWOGAUSSIANS_WITH_ELLIPSOIDAL_ON_ECLIPSE2",9,5.4541535,0.729721,0.006296004,0.13413584,0.03120904,0.11324321,0.009035486,0.15769544,0.003634045,0.06695277,0.021317728,0.028868731,0.0018155577
375316653866487564,1807196859478966528,0.4824341,2150.5769647653487,4.050056803426598,2.169805E-5,19.494062,0.005349874,null,null,null,null,null,null,null,null,null,null,null,null,0.108181424,0.0053067994,0.28646743,0.0058798427,"ELLIPSOIDAL",4,1.9995992,null,null,null,null,null,null,null,null,null,null,null,null
375316653866487564,1807196893837963008,0.52888554,2149.3940997973477,2.7320697931641114,1.3220185E-5,18.83023,0.009540799,0.24952441,0.0033361958,0.081021234,0.004754338,0.3506103,0.013629353,0.75119203,0.0038774484,0.07968057,0.004618087,0.40153176,0.021978144,null,null,null,null,"TWOGAUSSIANS",8,3.7089078,0.75119203,0.0038774484,0.4,0.0,0.39579362,0.022009613,0.24952441,0.0033361958,0.4,0.0,0.34487215,0.013362941
375316653866487564,1807197099996508800,0.6142138,2166.546316009052,2.8451594338869564,6.2992503E-6,18.00714,0.008248733,0.25493568,0.0012258252,0.05264255,0.0033677046,0.22349435,0.016912818,0.7517142,0.0015667396,0.051255494,0.0030486693,0.29549915,0.017983675,0.09896138,0.010406458,0.25493568,0.0012258252,"TWOGAUSSIANS_WITH_ELLIPSOIDAL_ON_ECLIPSE1",9,3.769425,0.7521042,0.0013339976,0.2870308,0.017072547,0.49334636,0.01212041,0.25493568,0.0012258252,0.29479828,0.018859146,0.42141277,0.007623782
375316653866487564,1807197684112323328,0.466154,2139.8366131562907,0.20067666327112915,4.158492E-5,18.109324,0.0031420249,0.0440963,8.207144E-4,0.0058497814,4.903753E-4,0.25539282,0.034741327,0.6268827,0.028877744,0.12496689,0.026082786,0.03293704,0.003336803,null,null,null,null,"TWOGAUSSIANS",8,3.3631117,0.0440963,8.207144E-4,0.032758776,0.002746102,0.25549656,0.034743678,0.6268827,0.028877744,0.4,0.0,0.032915033,0.0033426376
375316653866487564,1807198238176893696,0.58388966,2150.5307907737633,0.33225850618419983,1.2203615E-6,15.133429,0.0037457838,0.259839,0.0038403592,0.015586237,0.0033664422,0.12301314,0.035328668,0.76509124,0.012112594,0.0059815114,0.0021933208,7.2657065,69.31116,0.02229798,0.006898821,0.76509124,0.012112594,"TWOGAUSSIANS_WITH_ELLIPSOIDAL_ON_ECLIPSE2",9,199.03026,0.76509124,0.012112594,0.03349646,0.012282596,7.3103023,69.31435,0.259879,0.0037927877,0.08728293,0.018852076,0.16756086,0.033506423
375316653866487564,1807198444341028352,0.63091546,2159.5203445447137,2.788813187037558,5.183769E-6,15.9598675,0.004009114,0.28084573,0.0024341322,0.09334808,0.0027552089,0.29839736,0.006600861,0.78375554,9.666552E-4,0.08633315,0.0016589601,0.33226442,0.004082249,null,null,null,null,"TWOGAUSSIANS",8,9.789485,0.78375554,9.666552E-4,0.4,0.0,0.31977478,0.0032213053,0.28084573,0.0024341322,0.4,0.0,0.2859074,0.006347124
375316653866487564,1807199372048197248,0.43723705,2163.9488641257244,0.04809241600967648,2.3832037E-5,17.067562,0.0041956943,0.1951788,6.763566E-4,0.029118307,0.0025329562,0.30463806,0.12107731,0.8655321,0.0033745528,0.03560136,0.0044547874,0.086703084,0.030015584,null,null,null,null,"TWOGAUSSIANS",8,28.085361,0.1951788,6.763566E-4,0.16306253,0.014184555,0.30463806,0.12107731,0.8655321,0.0033745528,0.19936761,0.024946809,0.086703084,0.030015584
375316653866487564,1807201193120083584,0.48299187,2114.3132044831127,3.4283520631431763,1.7441607E-5,19.494776,0.01911537,0.2242127,0.0050939578,0.07223482,0.0063108476,0.37837327,0.026074544,0.71528375,0.004736172,0.06257576,0.006778341,0.5215773,0.07257686,null,null,null,null,"TWOGAUSSIANS",8,3.5318525,0.71528375,0.004736172,0.35042426,0.03795871,0.5208743,0.07285205,0.2242127,0.0050939578,0.4,0.0097314445,0.3776703,0.025854815
375316653866487564,1807202223906869376,0.6419632,2166.182684472931,2.125658417531852,6.4096703E-6,16.192327,0.0025797843,0.23082896,0.0024154107,0.09024814,0.002970222,0.11424384,0.0037779396,0.73232734,0.0011536886,0.066565394,0.0015691561,0.43166882,0.010391781,null,null,null,null,"TWOGAUSSIANS",8,7.7232275,0.73232734,0.0011536886,0.3727662,0.008787274,0.42936105,0.010601868,0.23082896,0.0024154107,0.4,0.0,0.11193601,0.0036833284
375316653866487564,1807202670583536128,0.5471071,2167.6609283498133,2.8737618304389825,1.4792133E-5,16.349207,0.005039248,0.2875407,0.003941725,0.08478144,0.005453734,0.20650259,0.007278805,0.7838335,0.0020937794,0.078968145,0.0032441006,0.2409346,0.0070964643,null,null,null,null,"TWOGAUSSIANS",8,20.323896,0.7838335,0.0020937794,0.4,0.0,0.23701766,0.006654503,0.2875407,0.003941725,0.4,0.0,0.20258565,0.00686541
375316653866487564,1807202769354041600,0.54479325,2167.040582397118,0.3101640023111626,8.981569E-5,16.598024,0.0026336308,0.24921788,0.020768719,0.017282752,0.016311936,0.1113784,1208456.5,0.47869366,0.025844261,0.024762616,0.016989509,0.42904943,6.1058087,null,null,null,null,"TWOGAUSSIANS",8,19.257708,0.47869366,0.025844261,0.13867065,0.09514125,0.42904943,6.1058087,0.24921788,0.020768719,0.096783414,0.091346845,0.1113784,1208456.5
375316653866487564,1807202876736222976,0.6207309,2157.400662205215,3.2608017000270975,5.6058275E-6,17.338829,0.008620223,0.26062322,0.0017272808,0.041479778,0.004290584,0.261091,0.022619672,0.7559586,0.0023868412,0.05116035,0.0023589924,0.4513949,0.020532018,0.12488232,0.010218932,0.26062322,0.0017272808,"TWOGAUSSIANS_WITH_ELLIPSOIDAL_ON_ECLIPSE1",9,8.871926,0.7564386,0.0020727871,0.28649795,0.013210357,0.70096374,0.01043318,0.26062322,0.0017272808,0.23228675,0.02402727,0.51085234,0.02112574
375316653866487564,1807204315542496256,0.5928685,2182.383093162271,3.5346597265358057,7.588345E-6,19.172825,0.014747989,0.26147428,0.0034889209,0.049291044,0.0074303173,0.41569504,0.027458865,0.76535994,0.0028832017,0.041119263,0.0042744484,0.32493892,0.029809128,0.13730645,0.018234447,0.26147428,0.0034889209,"TWOGAUSSIANS_WITH_ELLIPSOIDAL_ON_ECLIPSE1",9,1.9003608,0.26147428,0.0034889209,0.27602986,0.04160978,0.69030684,0.017453393,0.76535994,0.0028776224,0.23026787,0.023936912,0.59938705,0.011579488
375316653866487564,1807204526009299072,0.5780234,2155.514041663455,3.812250295657298,8.2778235E-5,17.156942,0.001095183,0.17652597,3.2889313E-4,0.010979165,0.013668577,0.01336396,0.0038638094,0.35468847,0.007449021,0.026007632,0.002385241,0.40068865,0.089576386,null,null,null,null,"TWOGAUSSIANS",8,2.0783222,0.35468847,0.007449021,0.14564274,0.01335735,0.40068865,0.089576386,0.17652597,3.2889313E-4,0.061483327,0.07654403,0.01336396,0.0038638094
375316653866487564,1807204693500477952,0.44986784,2168.1656890942854,2.5713591143154813,5.269389E-5,18.492493,0.4893049,0.21077497,0.05411255,0.13932225,0.04953052,0.18984586,0.1596009,0.67271173,0.02302576,0.24197644,0.17291263,0.3613582,0.48169115,null,null,null,null,"TWOGAUSSIANS",8,6.6496778,0.67271173,0.02302576,0.4,0.0,0.14989576,0.009160538,0.24802499,0.052491236,0.4,0.0,0.069547385,0.027214328
375316653866487564,1807206656313231488,0.4690739,2149.1918989058054,0.7548796799110086,8.6587475E-5,19.38558,0.0039317794,0.27407828,0.010829448,0.018245474,0.007447406,2.006652,1.2166665,0.6215244,0.026029473,0.110579334,0.02555164,0.034455594,0.008518046,null,null,null,null,"TWOGAUSSIANS",8,1.1685522,0.27407828,0.010829448,0.10217465,0.041705474,2.0068972,1.2167346,0.6215244,0.026029473,0.4,0.0,0.03445309,0.008525986
375316653866487564,1807207682797032576,0.6358823,2133.406090420845,1.138482069887954,2.4735366E-6,17.272402,0.004461833,0.28357628,7.5027306E-4,0.054831482,0.003565248,0.15455063,0.008873162,0.77657366,0.0061914525,0.055455126,0.0048860754,0.07898307,0.011756947,0.09190472,0.005965998,0.28357628,7.5027306E-4,"TWOGAUSSIANS_WITH_ELLIPSOIDAL_ON_ECLIPSE1",9,1.835252,0.28357628,7.5027306E-4,0.3070563,0.019965388,0.338352,0.0056317975,0.77910364,0.0039867675,0.3105487,0.027362023,0.26255715,0.0058892844
375316653866487564,1807207927623507328,0.46641946,2157.4223233440075,0.9538291262310068,3.0242205E-5,16.05364,0.033400886,0.2666823,0.011581209,0.11246492,0.027582942,0.05438245,0.028213227,0.74920064,0.010168778,0.15620595,0.048312943,0.07471451,0.032326646,null,null,null,null,"TWOGAUSSIANS",8,8.789217,0.74920064,0.010168778,0.4,0.0,0.054518342,0.0030007828,0.2681923,0.009855268,0.4,0.0,0.035126172,0.0035290516
375316653866487564,1807208236855614592,0.4280554,2153.9662823690755,0.06402161511676158,5.207551E-5,18.9579,0.0047185877,0.3659198,0.008407245,0.05342209,0.0050358647,1.2348976,0.34457624,0.61130524,0.0063286573,0.004596497,0.0029568255,0.9934518,30.084208,null,null,null,null,"TWOGAUSSIANS",8,3.5863636,0.3659198,0.008407245,0.2991637,0.028200842,1.2348976,0.34457624,0.61130524,0.0063286573,0.025740381,0.016558222,0.99348414,30.084215
375316653866487564,1807208954107466496,0.54494804,2161.697952794876,2.70154306784189,1.7164331E-5,18.505554,0.017500281,0.23447838,0.0036684077,0.08949247,0.0087657105,0.24406107,0.01693314,0.7575627,0.004060606,0.10981934,0.009460719,0.2983475,0.015721524,null,null,null,null,"TWOGAUSSIANS",8,2.5380852,0.7575627,0.004060606,0.4,0.0,0.2810228,0.009316692,0.23444839,0.0036817053,0.4,0.0,0.22676368,0.01183575
