Gaia/vari_eclipsing_binary/VariEclipsingBinary_212306-212413.csv
# %ECSV 1.0
# ---
# delimiter: ','
# meta: !!omap
# - RELEASE: Gaia DR3
# - TABLE: vari_eclipsing_binary
# - DESCRIPTION: >
#     This table describes the properties of the eclipsing binaries resulting from the variability analysis. 
# - CITATION: >
#     How to cite and acknowledge Gaia: 
#     https://gea.esac.esa.int/archive/documentation/credits.html 
# - KNOWN_ISSUES: >
#     Known issues: 
#     https://www.cosmos.esa.int/web/gaia-users/known-issues 
# - DOCUMENTATION: >
#     Tutorials and documentation: 
#     https://www.cosmos.esa.int/web/gaia-users/archive 
# datatype:
# - 
#   name: solution_id
#   datatype: int64
#   description: Solution Identifier
#   meta:
#     ucd: meta.version
# - 
#   name: source_id
#   datatype: int64
#   description: Unique source identifier
#   meta:
#     ucd: meta.id;meta.main
# - 
#   name: global_ranking
#   datatype: float32
#   description: Number between 0 (worst) and 1 (best)
#   meta:
#     ucd: stat.param
# - 
#   name: reference_time
#   datatype: float64
#   unit: d
#   description: Reference time used for the geometric model fit
#   meta:
#     ucd: time.epoch
# - 
#   name: frequency
#   datatype: float64
#   unit: d**-1
#   description: Frequency of geometric model of the eclipsing binary light curve
#   meta:
#     ucd: src.orbital
# - 
#   name: frequency_error
#   datatype: float32
#   unit: d**-1
#   description: "Uncertainty of \\texttt{frequency}"
#   meta:
#     ucd: stat.error
# - 
#   name: geom_model_reference_level
#   datatype: float32
#   unit: mag
#   description: Magnitude reference level of geometric model
#   meta:
#     ucd: phot.mag;em.opt
# - 
#   name: geom_model_reference_level_error
#   datatype: float32
#   unit: mag
#   description: "Uncertainty of \\texttt{geomModelReferenceLevel}"
#   meta:
#     ucd: stat.error;phot.mag;em.opt
# - 
#   name: geom_model_gaussian1_phase
#   datatype: float32
#   description: Phase of the Gaussian 1 component
#   meta:
#     ucd: time.phase
# - 
#   name: geom_model_gaussian1_phase_error
#   datatype: float32
#   description: "Uncertainty of \\texttt{geomModelGaussian1Phase}"
#   meta:
#     ucd: stat.error;time.phase
# - 
#   name: geom_model_gaussian1_sigma
#   datatype: float32
#   description: "Standard deviation [phase] of Gaussian 1 component"
#   meta:
#     ucd: stat.stdev
# - 
#   name: geom_model_gaussian1_sigma_error
#   datatype: float32
#   description: "Uncertainty of \\texttt{geomModelGaussian1Sigma}"
#   meta:
#     ucd: stat.error
# - 
#   name: geom_model_gaussian1_depth
#   datatype: float32
#   unit: mag
#   description: Magnitude depth of Gaussian 1 component
#   meta:
#     ucd: src.var.amplitude
# - 
#   name: geom_model_gaussian1_depth_error
#   datatype: float32
#   unit: mag
#   description: "Uncertainty of \\texttt{geomModelGaussian1Depth}"
#   meta:
#     ucd: stat.error;src.var.amplitude
# - 
#   name: geom_model_gaussian2_phase
#   datatype: float32
#   description: Phase of Gaussian 2 component
#   meta:
#     ucd: time.phase
# - 
#   name: geom_model_gaussian2_phase_error
#   datatype: float32
#   description: "Uncertainty of \\texttt{geomModelGaussian2Phase}"
#   meta:
#     ucd: stat.error;time.phase
# - 
#   name: geom_model_gaussian2_sigma
#   datatype: float32
[...]
#   datatype: float32
#   description: "Secondary eclipse: uncertainty of \\texttt{derivedSecondaryEclDuration}"
#   meta:
#     ucd: stat.error;time.duration
# - 
#   name: derived_secondary_ecl_depth
#   datatype: float32
#   unit: mag
#   description: "Secondary eclipse: depth"
#   meta:
#     ucd: src.var.amplitude
# - 
#   name: derived_secondary_ecl_depth_error
#   datatype: float32
#   unit: mag
#   description: "Secondary eclipse: uncertainty of \\texttt{derivedSecondaryEclDepth}"
#   meta:
#     ucd: stat.error;src.var.amplitude
solution_id,source_id,global_ranking,reference_time,frequency,frequency_error,geom_model_reference_level,geom_model_reference_level_error,geom_model_gaussian1_phase,geom_model_gaussian1_phase_error,geom_model_gaussian1_sigma,geom_model_gaussian1_sigma_error,geom_model_gaussian1_depth,geom_model_gaussian1_depth_error,geom_model_gaussian2_phase,geom_model_gaussian2_phase_error,geom_model_gaussian2_sigma,geom_model_gaussian2_sigma_error,geom_model_gaussian2_depth,geom_model_gaussian2_depth_error,geom_model_cosine_half_period_amplitude,geom_model_cosine_half_period_amplitude_error,geom_model_cosine_half_period_phase,geom_model_cosine_half_period_phase_error,model_type,num_model_parameters,reduced_chi2,derived_primary_ecl_phase,derived_primary_ecl_phase_error,derived_primary_ecl_duration,derived_primary_ecl_duration_error,derived_primary_ecl_depth,derived_primary_ecl_depth_error,derived_secondary_ecl_phase,derived_secondary_ecl_phase_error,derived_secondary_ecl_duration,derived_secondary_ecl_duration_error,derived_secondary_ecl_depth,derived_secondary_ecl_depth_error
[from data line 356]
375316653866487564,1867964500625371008,0.58436775,2217.7962913871506,2.5151318840157963,5.6893923E-6,16.16061,0.010200884,0.25543958,0.00232751,0.10360472,0.0060032085,0.22322406,0.009527838,0.75717956,0.0021206543,0.10706185,0.005306827,0.21819596,0.010027875,null,null,null,null,"TWOGAUSSIANS",8,10.162586,0.25543958,0.00232751,0.4,0.0,0.19735551,0.004294031,0.75717956,0.0021206543,0.4,0.0,0.19232328,0.0048440085
375316653866487564,1867965428338046336,0.63333154,2209.64284923826,1.5181175865300398,2.628823E-6,14.722111,0.0029970256,0.2699241,6.699129E-4,0.08756738,0.0013594782,0.26620582,0.002984149,0.7739404,8.7493955E-4,0.07672753,0.0018342407,0.2732821,0.0044924463,null,null,null,null,"TWOGAUSSIANS",8,14.919278,0.7739404,8.7493955E-4,0.4,0.0,0.26841924,0.0046806075,0.2699241,6.699129E-4,0.4,0.0,0.2613429,0.0025262563
375316653866487564,1867965909374474112,0.48014864,2207.5965211662383,2.713701840722202,2.0003208E-5,17.95409,0.0054348167,0.22078443,0.0045137387,0.028763352,0.007828363,0.07060783,0.019373138,0.6826808,0.0111682145,0.034571823,0.009442052,0.052614965,0.0129798055,0.044314783,0.008658171,0.22078443,0.0045137387,"TWOGAUSSIANS_WITH_ELLIPSOIDAL_ON_ECLIPSE1",9,8.28113,0.22078443,0.0045137387,0.16107477,0.043838836,0.15923728,0.01693101,0.6878308,0.009459894,0.1936022,0.05287549,0.13691819,0.007308261
375316653866487564,1867967936599007488,0.5738103,2189.8929904628276,0.46809081982769785,8.939412E-6,16.651335,0.0010349646,0.34866714,0.001680662,0.016885137,0.0014690208,0.045518324,0.0017654294,0.85030943,0.0020124093,0.0134891495,9.406308E-4,0.27469918,0.020486105,null,null,null,null,"TWOGAUSSIANS",8,3.430631,0.85030943,0.0020124093,0.07553924,0.0052675325,0.27469918,0.020486105,0.34866714,0.001680662,0.09455677,0.008226517,0.045518324,0.0017654294
375316653866487564,1867970165677594368,0.40325823,2244.0915737262353,0.9407554560759757,5.0184837E-5,17.829834,0.019926121,0.35248524,0.031735633,0.14171222,0.030974545,0.11874256,0.030291962,0.78720015,0.007880935,0.027050246,0.0074154963,0.09677946,0.017993858,null,null,null,null,"TWOGAUSSIANS",8,25.72206,0.35248524,0.031735633,0.4,0.0,0.118004836,0.02956798,0.78720015,0.007880935,0.15148138,0.04152678,0.09715791,0.018333342
375316653866487564,1867972437726634752,0.43586385,2203.6935246455946,0.7794177214383242,3.0288671E-5,19.697878,0.032068208,0.20142898,0.004116557,0.02710695,0.006259184,3.9304914,7.7003393,0.4403729,0.06741687,0.01337793,0.044034917,0.00973027,70.82159,0.07260304,0.060010046,0.4403729,0.06741687,"TWOGAUSSIANS_WITH_ELLIPSOIDAL_ON_ECLIPSE2",9,12.271872,0.20144898,0.004099728,0.15179892,0.035051428,3.931192,7.702456,0.4403729,0.06741687,0.07491641,0.24659553,0.15493576,70.83171
375316653866487564,1867972540804095488,0.452062,2212.2862932950634,4.100354869398858,7.5863856E-5,13.13531,0.009647542,0.16596514,0.010181378,0.039199393,0.0062630614,0.3686783,0.044061843,0.77196574,0.046530027,0.018888,0.034240343,0.051493958,609105.9,0.018739218,0.014397634,0.77196574,0.046530027,"TWOGAUSSIANS_WITH_ELLIPSOIDAL_ON_ECLIPSE2",9,404.82053,0.16691515,0.010318993,0.21951659,0.035073142,0.3919577,0.04381647,0.77196574,0.046530027,0.10577281,0.19174592,0.0889721,609105.9
375316653866487564,1867973537236929024,0.60673994,2236.0278862371756,0.6560191369612249,2.9347193E-6,16.010431,0.0015447553,0.27884987,4.4956146E-4,0.034057777,0.0010091099,0.31067324,0.009118549,0.7799327,0.004434855,0.024542915,0.0050291414,0.031315688,0.013750121,0.0071076727,0.0027425217,0.27884987,4.4956146E-4,"TWOGAUSSIANS_WITH_ELLIPSOIDAL_ON_ECLIPSE1",9,7.0777235,0.27884987,4.4956146E-4,0.19072355,0.005651016,0.32488856,0.009850815,0.7799327,0.004431366,0.13744032,0.028163193,0.045530356,0.0140158385
375316653866487564,1867974598083272960,0.51317316,2238.7186879068217,1.9688194671783366,1.7142793E-5,17.477024,0.010749242,0.2156396,0.011002413,0.04632865,0.014099261,0.14152087,0.05558632,0.70891225,0.0027768863,0.040706977,0.0030595404,0.36491692,0.02765861,0.048341185,0.015823476,0.2156396,0.011002413,"TWOGAUSSIANS_WITH_ELLIPSOIDAL_ON_ECLIPSE1",9,40.512302,0.70914227,0.0025669215,0.22795907,0.017133428,0.46143225,0.018217027,0.2156396,0.011002413,0.25944042,0.07895586,0.23820305,0.04652855
375316653866487564,1867974666802777216,0.63247055,2236.865643111983,3.1823716056147813,4.8319084E-6,18.266487,0.0078074518,0.26316687,6.930235E-4,0.048444312,0.0018176113,0.48704535,0.017992713,0.7592407,0.002306779,0.0529486,0.0039394456,0.35900408,0.01737555,0.117043465,0.009721684,0.26316687,6.930235E-4,"TWOGAUSSIANS_WITH_ELLIPSOIDAL_ON_ECLIPSE1",9,3.9901483,0.26316687,6.930235E-4,0.27128816,0.010178624,0.72112757,0.0088842865,0.7597407,0.0020022169,0.2965122,0.022060895,0.59296185,0.009147157
375316653866487564,1867975731954814208,0.58740795,2243.9039349938753,4.215769967128115,7.051641E-6,18.915718,0.00980568,0.25031406,0.0012828123,0.05404638,0.0030363277,0.39719233,0.026738346,0.7470856,0.0027124407,0.048500314,0.004398208,0.26558596,0.02501754,0.11337081,0.017067125,0.25031406,0.0012828123,"TWOGAUSSIANS_WITH_ELLIPSOIDAL_ON_ECLIPSE1",9,3.4184506,0.25031406,0.0012828123,0.30265975,0.017003434,0.62392414,0.018651204,0.7475256,0.0023185806,0.27160177,0.024629965,0.49223727,0.012150055
375316653866487564,1867977278143401472,0.48031282,2230.911816673435,3.3309796440557538,1.3241291E-5,18.725574,0.0192269,0.30121633,0.0055038747,0.090204224,0.01107896,0.17222473,0.018447394,0.77439356,0.0039422926,0.103252195,0.011442258,0.2079459,0.017675722,null,null,null,null,"TWOGAUSSIANS",8,4.686024,0.77439356,0.0039422926,0.4,0.0,0.19862458,0.012292608,0.30122635,0.00550297,0.4,0.0,0.16290942,0.012149056
375316653866487564,1867977351167920640,0.5334002,2223.1404728762086,3.1558560772925013,1.6741655E-5,15.772806,0.013867416,0.24359332,0.0069742627,0.10325905,0.014256996,0.14533749,0.013781393,0.7315342,0.0038125475,0.09885989,0.011628255,0.12547052,0.0130804535,null,null,null,null,"TWOGAUSSIANS",8,20.75391,0.24359332,0.006975582,0.4,0.0,0.13441738,0.0058806646,0.7315342,0.0038125475,0.4,0.0,0.114552304,0.008277774
375316653866487564,1867978072722450304,0.6056922,2212.3831289968603,0.9255441538758246,6.03619E-6,13.07977,9.6964306E-4,0.23154153,0.0012022126,0.07060948,0.0071521644,0.03139034,0.0031395021,0.75639623,0.0051686005,0.027281411,0.004722311,0.011457912,0.0020542399,0.051367484,0.0014915174,0.23154153,0.0012022126,"TWOGAUSSIANS_WITH_ELLIPSOIDAL_ON_ECLIPSE1",9,27.87463,0.23154153,0.0012022126,0.3954131,0.027960895,0.13406616,0.0026524402,0.75639623,0.0051686005,0.1527759,0.026444942,0.11164854,0.001741124
375316653866487564,1867978412014614272,0.5867084,2195.1386098116736,0.839001883337511,3.2110925E-6,16.519333,0.0013549844,0.31996995,9.736773E-4,0.031640273,0.0015092067,0.44252005,0.011102027,0.8208348,0.005217721,0.03645644,0.008305438,0.0820371,0.011781152,null,null,null,null,"TWOGAUSSIANS",8,9.589875,0.31996995,9.736773E-4,0.17718552,0.008451558,0.44252005,0.011102027,0.8208348,0.005217721,0.20415606,0.046510454,0.0820371,0.011781152
375316653866487564,1867978996130053120,0.58496493,2195.6909968883833,3.673501740818152,5.3604485E-6,19.079878,0.009239557,0.27694508,0.0015472135,0.04471169,0.0040981537,0.19216907,0.020416945,0.7789863,0.0066174977,0.05055137,0.0073338547,0.29075235,0.024716426,0.1098218,0.011504536,0.27694508,0.0015472135,"TWOGAUSSIANS_WITH_ELLIPSOIDAL_ON_ECLIPSE1",9,1.216955,0.7789863,0.0066174977,0.28308767,0.041069586,0.510358,0.020620512,0.27694508,0.0015472135,0.25038546,0.02294966,0.41181085,0.0065733674
375316653866487564,1867980855861602944,0.5699774,2224.2055521123943,2.4332834307865023,5.4445236E-6,16.974861,0.0072746924,0.28829196,0.0022825245,0.086640686,0.0045286575,0.2780113,0.009926776,0.7996484,0.0026482933,0.0844914,0.0037333106,0.27365282,0.008479797,null,null,null,null,"TWOGAUSSIANS",8,10.129852,0.28829196,0.0022825245,0.4,0.0,0.27165946,0.010002607,0.7996484,0.0026482933,0.4,0.0,0.26730102,0.008037045
375316653866487564,1867982161531693184,0.5240503,2216.1243796984413,0.4713640340493291,1.6385618E-5,16.74308,0.0022250868,0.30968526,8.868369E-4,0.016932404,0.0011959246,0.21834314,0.035527237,0.8011849,0.017700296,0.018104091,0.016855525,0.5421671,9195007.0,0.0054042353,0.003737337,0.8011849,0.017700296,"TWOGAUSSIANS_WITH_ELLIPSOIDAL_ON_ECLIPSE2",9,16.475147,0.8011849,0.017700296,0.101382904,0.094390936,0.5529756,9195007.0,0.30967525,8.8522E-4,0.09482146,0.006697178,0.22912084,0.035957154
375316653866487564,1867982329024906880,0.5475474,2270.5192115858886,4.348064315804371,3.4658015E-6,18.6402,0.008565305,0.20928642,0.0013228522,0.06653344,0.002329858,0.40936342,0.011440504,0.7084491,0.004776026,0.07637487,0.0049426793,0.380539,0.021588966,null,null,null,null,"TWOGAUSSIANS",8,4.0691857,0.20928642,0.0013228522,0.37258723,0.013047205,0.40767333,0.011260388,0.7084491,0.004776026,0.4,0.0,0.37884894,0.021788016
375316653866487564,1867984253170785024,0.58241993,2209.35438938088,3.097166742858286,8.337883E-6,17.6747,0.0058504315,0.25187898,0.0016586011,0.08245869,0.0028156298,0.3434628,0.007236789,0.76587266,0.0033942305,0.08761709,0.0036704515,0.30228713,0.007910951,null,null,null,null,"TWOGAUSSIANS",8,5.4033036,0.25187898,0.0016586011,0.4,0.0,0.33678454,0.0069489307,0.76587266,0.0033942305,0.4,0.0,0.2956088,0.0072332425
375316653866487564,1867984772871854592,0.58481085,2220.126493014194,1.262366002415603,4.5081674E-6,16.394747,0.0018983352,0.28255495,0.0011699599,0.03970094,0.0011676258,0.38141766,0.01714746,0.7849138,0.003143342,0.047941625,0.0046352125,0.08608279,0.00855414,null,null,null,null,"TWOGAUSSIANS",8,9.880726,0.28255495,0.0011699599,0.22232525,0.0065387045,0.38141763,0.017147465,0.7849138,0.003143342,0.26847312,0.02595719,0.08608276,0.008554169
375316653866487564,1867984841591322752,0.5471204,2230.5100499558953,0.6983958247022989,3.7341157E-5,17.356207,0.0040085386,0.30208227,0.007095755,0.02116298,0.0050834105,0.1353273,0.054707278,0.7855936,0.0062626856,0.012991277,0.008252013,0.5683847,0.11417083,null,null,null,null,"TWOGAUSSIANS",8,24.340908,0.7855936,0.0062626856,0.07275115,0.04621127,0.5683847,0.11417083,0.30208227,0.007095755,0.11851268,0.0284671,0.1353273,0.054707278
375316653866487564,1867988071406708608,0.5097312,2219.1013849316005,0.13181633696777295,5.389944E-6,15.164937,9.854261E-4,0.72442347,0.001848715,0.044943307,0.009379379,9.097379E-5,0.0032001073,null,null,null,null,null,null,0.048102174,0.001607449,0.72442347,0.001848715,"ONEGAUSSIAN_WITH_ELLIPSOIDAL",6,28.367825,0.72442347,0.001848715,0.25168252,0.052524522,0.09629531,0.0023282166,null,null,null,null,null,null
375316653866487564,1867989235333197312,0.56605244,2229.2404578730348,3.565469452646088,5.5718647E-6,17.388767,0.0077994266,0.24601199,0.0013080325,0.071280785,0.0018185602,0.47733536,0.008641048,0.7529368,0.003995375,0.07789914,0.0031830755,0.40235463,0.017127825,null,null,null,null,"TWOGAUSSIANS",8,17.966753,0.24601199,0.0013080325,0.3991724,0.007364134,0.47462544,0.00819707,0.7529368,0.003995375,0.4,0.0,0.39964473,0.017128034
375316653866487564,1867989853808652160,0.521321,2220.903186878487,3.708539894164303,1.14503655E-5,19.490894,0.015227173,0.18664645,0.003336507,0.081949174,0.004796216,0.4987538,0.024088081,0.69365233,0.00389927,0.07877847,0.005742348,0.37356356,0.023376184,null,null,null,null,"TWOGAUSSIANS",8,3.0368328,0.18664645,0.003336507,0.4,0.0,0.49278036,0.023614034,0.69365233,0.00389927,0.4,0.0,0.36759013,0.022932561
375316653866487564,1867990614027158400,0.445833,2192.933366637295,1.8415207010867514,1.5209053E-5,16.78438,0.010707122,0.34452325,0.0015181883,0.014174519,0.0015110003,0.2763629,0.032035507,0.6641696,0.051377773,0.012455743,0.07471611,0.0880197,0.23887019,0.020776408,0.015765369,0.34452325,0.0015181883,"TWOGAUSSIANS_WITH_ELLIPSOIDAL_ON_ECLIPSE1",9,93.218994,0.34452325,0.0015181883,0.07937731,0.008461602,0.31791568,0.03615025,0.6645196,0.022345072,0.06975216,0.41841024,0.09551723,0.23877308
375316653866487564,1867991473020502656,0.56161,2209.3602304247097,3.61682831516135,9.967554E-6,16.776424,0.004172205,0.2863644,0.0029173982,0.03845908,0.010217706,0.07422168,0.022275897,0.7947519,0.009904673,0.049964555,0.008882774,0.06913886,0.013465662,0.10537271,0.005985898,0.2863644,0.0029173982,"TWOGAUSSIANS_WITH_ELLIPSOIDAL_ON_ECLIPSE1",9,19.538954,0.2863644,0.0029173982,0.21537085,0.057219155,0.28496674,0.018626528,0.7947519,0.009904673,0.27980152,0.049743533,0.27929917,0.009683021
375316653866487564,1867993324141629312,0.48369792,2216.553324640961,2.862800558228697,4.29E-5,19.22629,0.03254019,0.25483266,0.025202624,0.022670032,0.046749644,0.15644175,0.8563895,0.75368667,0.0107688205,0.06579849,0.008691557,0.23384702,0.06896174,0.0612932,0.035010226,0.25483266,0.025202624,"TWOGAUSSIANS_WITH_ELLIPSOIDAL_ON_ECLIPSE1",9,6.8730373,0.75385666,0.009846212,0.36847153,0.048200585,0.35627148,0.017095875,0.25483266,0.025202624,0.12695219,0.261798,0.2788716,0.8601132
375316653866487564,1867994118720645760,0.61778295,2180.348755727625,0.8102727438289449,5.7564575E-6,18.183765,0.0058500757,0.22045067,0.016093003,0.020881372,0.0072060246,0.084047295,0.030512169,0.72438836,8.2526787E-4,0.03400416,9.911322E-4,1.2259783,0.043725993,0.010655382,0.0098802345,0.22045067,0.016093003,"TWOGAUSSIANS_WITH_ELLIPSOIDAL_ON_ECLIPSE1",9,13.181909,0.72438836,8.2526787E-4,0.1904233,0.0055503403,1.247276,0.045544203,0.22045067,0.016093003,0.11693568,0.040353738,0.105358064,0.030662
375316653866487564,1867997245456599296,0.5387778,2205.2058482245175,1.9325145925876144,8.58908E-6,15.432894,0.59598935,0.183902,0.0051040947,0.0991601,0.14010093,0.07882628,0.566181,0.69573724,0.006093061,0.09536424,0.086777836,0.13368726,0.42642567,null,null,null,null,"TWOGAUSSIANS",8,13.795929,0.69573724,0.0035073394,0.4,0.0,0.12732314,0.013640021,0.183902,0.0040992107,0.4,0.0,0.07246194,0.0057046018
375316653866487564,1867998959139327872,0.5262004,2207.5420609343696,3.9414657184143183,1.1181424E-5,18.721079,0.010332292,0.30156144,0.0031705718,0.07877253,0.004113308,0.46390602,0.022018125,0.79098773,0.0029496076,0.07230391,0.0036293978,0.41963828,0.015180295,null,null,null,null,"TWOGAUSSIANS",8,6.9261603,0.30156144,0.0031705718,0.4,0.0,0.46098137,0.022218537,0.79098773,0.0029496076,0.4,0.003539814,0.41671365,0.014801175
375316653866487564,1868000058650780032,0.6679956,2181.619633312474,1.7714040639543123,1.1177012E-6,14.970949,0.002251439,0.25030577,0.00201149,0.049345344,0.0028106605,0.05830124,0.005568487,0.7482895,2.962022E-4,0.045377668,8.004259E-4,0.30316183,0.0059288316,0.019046063,0.0029012712,0.25030577,0.00201149,"TWOGAUSSIANS_WITH_ELLIPSOIDAL_ON_ECLIPSE1",9,9.110114,0.7483295,2.8663507E-4,0.25411493,0.0044823852,0.34124765,0.0049912483,0.25030577,0.00201149,0.27633393,0.015739698,0.096393056,0.0027511176
375316653866487564,1868001776635446912,0.5257387,2196.598045170013,3.2714586129212266,1.2319467E-5,19.620277,0.007038062,0.29091918,0.0049806363,0.082888834,0.005455169,0.4054437,0.025323333,0.77562976,0.010000792,0.07407055,0.007750041,0.42325798,0.027357444,null,null,null,null,"TWOGAUSSIANS",8,1.9593977,0.77562976,0.010000792,0.4,0.017840598,0.4194857,0.027426023,0.29091918,0.0049806363,0.4,0.0,0.40167138,0.02591105
375316653866487564,1868007858309333888,0.5581201,2214.442538532148,0.3021756637851199,8.037568E-6,16.257849,6.1007275E-4,0.7138277,5.0874776E-4,0.016792169,3.1801057E-4,0.15681726,0.0028472415,0.9177247,0.0073770345,0.008608741,0.0049960427,0.0068319323,0.04631937,3.865071E-4,9.576501E-4,0.7138277,5.0874776E-4,"TWOGAUSSIANS_WITH_ELLIPSOIDAL_ON_ECLIPSE1",9,2.9031804,0.7138277,5.0874776E-4,0.09403614,0.0017808592,0.15759027,0.0026118571,0.9177247,0.0073770345,0.04820895,0.02797784,0.0068949987,0.046306778
