Gaia/vari_eclipsing_binary/VariEclipsingBinary_150328-151647.csv
# %ECSV 1.0
# ---
# delimiter: ','
# meta: !!omap
# - RELEASE: Gaia DR3
# - TABLE: vari_eclipsing_binary
# - DESCRIPTION: >
#     This table describes the properties of the eclipsing binaries resulting from the variability analysis. 
# - CITATION: >
#     How to cite and acknowledge Gaia: 
#     https://gea.esac.esa.int/archive/documentation/credits.html 
# - KNOWN_ISSUES: >
#     Known issues: 
#     https://www.cosmos.esa.int/web/gaia-users/known-issues 
# - DOCUMENTATION: >
#     Tutorials and documentation: 
#     https://www.cosmos.esa.int/web/gaia-users/archive 
# datatype:
# - 
#   name: solution_id
#   datatype: int64
#   description: Solution Identifier
#   meta:
#     ucd: meta.version
# - 
#   name: source_id
#   datatype: int64
#   description: Unique source identifier
#   meta:
#     ucd: meta.id;meta.main
# - 
#   name: global_ranking
#   datatype: float32
#   description: Number between 0 (worst) and 1 (best)
#   meta:
#     ucd: stat.param
# - 
#   name: reference_time
#   datatype: float64
#   unit: d
#   description: Reference time used for the geometric model fit
#   meta:
#     ucd: time.epoch
# - 
#   name: frequency
#   datatype: float64
#   unit: d**-1
#   description: Frequency of geometric model of the eclipsing binary light curve
#   meta:
#     ucd: src.orbital
# - 
#   name: frequency_error
#   datatype: float32
#   unit: d**-1
#   description: "Uncertainty of \\texttt{frequency}"
#   meta:
#     ucd: stat.error
# - 
#   name: geom_model_reference_level
#   datatype: float32
#   unit: mag
#   description: Magnitude reference level of geometric model
#   meta:
#     ucd: phot.mag;em.opt
# - 
#   name: geom_model_reference_level_error
#   datatype: float32
#   unit: mag
#   description: "Uncertainty of \\texttt{geomModelReferenceLevel}"
#   meta:
#     ucd: stat.error;phot.mag;em.opt
# - 
#   name: geom_model_gaussian1_phase
#   datatype: float32
#   description: Phase of the Gaussian 1 component
#   meta:
#     ucd: time.phase
# - 
#   name: geom_model_gaussian1_phase_error
#   datatype: float32
#   description: "Uncertainty of \\texttt{geomModelGaussian1Phase}"
#   meta:
#     ucd: stat.error;time.phase
# - 
#   name: geom_model_gaussian1_sigma
#   datatype: float32
#   description: "Standard deviation [phase] of Gaussian 1 component"
#   meta:
#     ucd: stat.stdev
# - 
#   name: geom_model_gaussian1_sigma_error
#   datatype: float32
#   description: "Uncertainty of \\texttt{geomModelGaussian1Sigma}"
#   meta:
#     ucd: stat.error
# - 
#   name: geom_model_gaussian1_depth
#   datatype: float32
#   unit: mag
#   description: Magnitude depth of Gaussian 1 component
#   meta:
#     ucd: src.var.amplitude
# - 
#   name: geom_model_gaussian1_depth_error
#   datatype: float32
#   unit: mag
#   description: "Uncertainty of \\texttt{geomModelGaussian1Depth}"
#   meta:
#     ucd: stat.error;src.var.amplitude
# - 
#   name: geom_model_gaussian2_phase
#   datatype: float32
#   description: Phase of Gaussian 2 component
#   meta:
#     ucd: time.phase
# - 
#   name: geom_model_gaussian2_phase_error
#   datatype: float32
#   description: "Uncertainty of \\texttt{geomModelGaussian2Phase}"
#   meta:
#     ucd: stat.error;time.phase
# - 
#   name: geom_model_gaussian2_sigma
#   datatype: float32
[...]
#   datatype: float32
#   description: "Secondary eclipse: uncertainty of \\texttt{derivedSecondaryEclDuration}"
#   meta:
#     ucd: stat.error;time.duration
# - 
#   name: derived_secondary_ecl_depth
#   datatype: float32
#   unit: mag
#   description: "Secondary eclipse: depth"
#   meta:
#     ucd: src.var.amplitude
# - 
#   name: derived_secondary_ecl_depth_error
#   datatype: float32
#   unit: mag
#   description: "Secondary eclipse: uncertainty of \\texttt{derivedSecondaryEclDepth}"
#   meta:
#     ucd: stat.error;src.var.amplitude
solution_id,source_id,global_ranking,reference_time,frequency,frequency_error,geom_model_reference_level,geom_model_reference_level_error,geom_model_gaussian1_phase,geom_model_gaussian1_phase_error,geom_model_gaussian1_sigma,geom_model_gaussian1_sigma_error,geom_model_gaussian1_depth,geom_model_gaussian1_depth_error,geom_model_gaussian2_phase,geom_model_gaussian2_phase_error,geom_model_gaussian2_sigma,geom_model_gaussian2_sigma_error,geom_model_gaussian2_depth,geom_model_gaussian2_depth_error,geom_model_cosine_half_period_amplitude,geom_model_cosine_half_period_amplitude_error,geom_model_cosine_half_period_phase,geom_model_cosine_half_period_phase_error,model_type,num_model_parameters,reduced_chi2,derived_primary_ecl_phase,derived_primary_ecl_phase_error,derived_primary_ecl_duration,derived_primary_ecl_duration_error,derived_primary_ecl_depth,derived_primary_ecl_depth_error,derived_secondary_ecl_phase,derived_secondary_ecl_phase_error,derived_secondary_ecl_duration,derived_secondary_ecl_duration_error,derived_secondary_ecl_depth,derived_secondary_ecl_depth_error
[from data line 251]
375316653866487564,1332637509097532544,0.6125699,2161.7654624839906,3.2562008001413068,6.877801E-6,15.400775,0.024503553,0.15814784,0.0026923,0.051038336,0.0063773044,0.42155123,0.04597794,0.6538052,0.0015509885,0.061544895,0.008533018,0.4626604,0.048902456,0.07893049,0.02750443,0.6538052,0.0015509885,"TWOGAUSSIANS_WITH_ELLIPSOIDAL_ON_ECLIPSE2",9,62.26875,0.6538052,0.0015509885,0.3446514,0.0477849,0.6203996,0.06665008,0.15783784,0.0024905044,0.28581467,0.035712905,0.5791813,0.029945932
375316653866487564,1332671795819932416,0.4985731,2242.80019226708,0.8235294565548306,3.2253472E-5,19.705986,0.012486218,0.20745304,0.00876289,0.026830576,0.004507193,0.7288051,0.5148778,0.7137292,0.032656543,0.041481875,0.039737564,0.2167202,0.08627592,null,null,null,null,"TWOGAUSSIANS",8,3.0589206,0.20745304,0.00876289,0.15025122,0.025240282,0.7288051,0.5148778,0.7137292,0.032656543,0.2322985,0.16812287,0.2167202,0.08627893
375316653866487564,1332725053414559872,0.56112033,2210.467013447298,3.5217494756877037,9.826083E-6,18.944656,0.009287148,0.21411505,0.0025565359,0.074658014,0.0040582037,0.45648065,0.017947478,0.7083756,0.0036872309,0.07038521,0.0061927093,0.39285898,0.017501224,null,null,null,null,"TWOGAUSSIANS",8,3.455119,0.21411505,0.0025565359,0.4,0.0,0.45453727,0.018169234,0.7083756,0.0036872309,0.3941572,0.025942259,0.39091563,0.017790128
375316653866487564,1332775222928828800,0.5848943,2160.5422370362535,0.4394933390653647,7.41798E-6,14.042458,0.0027579786,0.24565484,6.035001E-4,0.032347225,9.148827E-4,0.50761914,0.018296788,0.7663309,0.015112801,0.037242614,0.010094719,0.057856906,0.014512586,null,null,null,null,"TWOGAUSSIANS",8,123.720825,0.24565484,6.035001E-4,0.18114445,0.0051233433,0.50761914,0.018296788,0.7663309,0.015112801,0.20855863,0.056530427,0.057856906,0.014512586
375316653866487564,1332777589454956800,0.56042105,2185.3395072650114,4.502278704929579,1.0398221E-5,18.494595,0.0048708995,0.20068553,0.0032943375,0.07747079,0.0038448288,0.2947706,0.0096696345,0.7097095,0.003750036,0.08027935,0.0053295093,0.28418592,0.01872157,null,null,null,null,"TWOGAUSSIANS",8,1.8329245,0.20068553,0.0032943375,0.4,0.0,0.29159817,0.009640559,0.7097095,0.003750036,0.4,0.0,0.2810135,0.019778928
375316653866487564,1332853734930683008,0.5678181,2234.2925700969286,3.799088195004258,7.685253E-6,17.46597,0.016275601,0.21862696,0.0032217929,0.10002063,0.008702223,0.2218667,0.014786497,0.7369315,0.0036280677,0.10721064,0.009165872,0.2492792,0.014464931,null,null,null,null,"TWOGAUSSIANS",8,4.746163,0.7369315,0.0036350095,0.4,0.0,0.228644,0.009466423,0.21860695,0.0032247722,0.4,0.0,0.20124154,0.00828549
375316653866487564,1332865309866576256,0.51702344,2193.163703037286,2.8434956073672772,1.7318564E-5,18.996777,0.042998143,0.27014253,0.0048031243,0.114094175,0.014023995,0.34088576,0.039347574,0.74363565,0.0043067047,0.10637166,0.009263272,0.42829773,0.042969447,null,null,null,null,"TWOGAUSSIANS",8,2.1449761,0.74363565,0.0043067047,0.4,0.0,0.38454235,0.014488006,0.27017254,0.004805075,0.4,0.0,0.29708362,0.014532791
375316653866487564,1332869158157328640,0.511031,2222.8631942950155,3.8920368308701856,1.6568803E-5,19.087244,0.009531142,0.31496015,0.0033405754,0.0900882,0.0070702955,0.19513994,0.009525597,0.7854448,0.005304438,0.08056447,0.009579728,0.12309665,0.011404638,null,null,null,null,"TWOGAUSSIANS",8,1.3354839,0.31496015,0.0033405754,0.4,0.0,0.19260016,0.008263122,0.7854448,0.005304438,0.4,0.0,0.12055709,0.010663585
375316653866487564,1332873384405020672,0.5629737,2191.1928942188233,4.637113710034606,1.0680477E-5,18.773249,0.009399223,0.25080052,0.002457948,0.073334284,0.0036434983,0.42062998,0.011380826,0.74655807,0.0039249766,0.074847765,0.0044499612,0.36851102,0.013229091,null,null,null,null,"TWOGAUSSIANS",8,2.7613013,0.25080052,0.002457948,0.4,0.0,0.41822335,0.010946845,0.74655807,0.0039249766,0.4,0.0,0.36610442,0.0129633015
375316653866487564,1332886273603316608,0.56509596,2219.855448349644,0.7503308295808659,1.5617043E-4,12.952864,7.6669996E-4,0.50370246,0.02479305,0.038923845,0.01387317,0.25824875,0.15380614,null,null,null,null,null,null,null,null,null,null,"ONEGAUSSIAN",5,11.047856,0.50370246,0.02479305,0.21797355,0.07768975,0.25824875,0.0,null,null,null,null,null,null
375316653866487564,1332909569505545088,0.5107454,2217.3451268048657,0.7397915760638338,2.0680274E-5,12.923961,0.050758053,0.38539085,0.0071394052,0.15369579,0.045404993,0.07134877,0.049159743,0.8967421,0.012430395,0.13634816,0.050172746,0.038558055,0.04746825,null,null,null,null,"TWOGAUSSIANS",8,19.79855,0.38515085,0.0069882045,0.4,0.0,0.049229316,0.00231832,0.8986121,0.011381397,0.4,0.0,0.017082036,0.002607548
375316653866487564,1332983752180863232,0.49577087,2260.032551627206,2.319939106418861,2.1880822E-5,18.257673,0.008472776,0.18348415,0.01998203,0.046620708,0.021710224,0.07084598,0.026946455,0.69879544,0.0010645684,0.029770987,0.0016104411,0.29506838,0.012161237,null,null,null,null,"TWOGAUSSIANS",8,9.28205,0.69879544,0.0010645684,0.16671753,0.0090184705,0.29506838,0.012161236,0.18348415,0.01998203,0.26107597,0.121577255,0.07084598,0.026946459
375316653866487564,1332987634831330560,0.40332818,2179.437079041594,0.0071618271099493465,3.8730355E-5,10.869824,0.0021523847,0.18991311,0.0014671771,0.023350067,0.013359661,2.2337835,374.6606,0.88916606,0.007622084,0.03705308,0.009300283,0.78506714,0.91120154,null,null,null,null,"TWOGAUSSIANS",8,219.74986,0.18991311,0.0014671771,0.13076037,0.0748141,2.2337835,374.6606,0.88916606,0.007622084,0.20749722,0.052081585,0.78506714,0.91120154
375316653866487564,1333000691532292608,0.44437385,2211.1763173771906,0.2410621904267211,6.018733E-6,19.318655,0.010813926,0.28042623,5.0099165E-4,0.008695985,4.8099647E-4,0.6130261,0.04169757,0.4586548,2.415053E-4,0.027963594,0.0026098962,0.12578064,0.010493652,null,null,null,null,"TWOGAUSSIANS",8,7.0724287,0.28042623,5.0099165E-4,0.048697516,0.0026935802,0.6130261,0.04169757,0.4586548,2.415053E-4,0.15659612,0.014615419,0.12578064,0.010493652
375316653866487564,1333023918715117312,0.59031695,2190.9199017448304,3.04309168313036,6.708343E-6,15.376782,0.008609918,0.2423351,0.0019040501,0.097581506,0.0041035865,0.3445044,0.009933428,0.7418297,0.0024369636,0.08901074,0.003244364,0.38245285,0.011978152,null,null,null,null,"TWOGAUSSIANS",8,56.26672,0.7418297,0.0024369636,0.4,0.0,0.36265096,0.010694076,0.2423351,0.0019040501,0.4,0.0,0.32470125,0.009841406
375316653866487564,1333139470515136896,0.57586455,2168.789588720246,2.0592076932064125,2.1536285E-5,16.724117,0.0038666963,0.23066097,0.001641531,0.022147106,0.0015179001,0.8023474,0.03677642,0.74514425,0.010541357,0.013425384,0.012896278,0.4524982,73.53755,null,null,null,null,"TWOGAUSSIANS",8,63.314167,0.23066097,0.001641531,0.124023795,0.008500241,0.8023474,0.03677642,0.74514425,0.010541357,0.07518215,0.072219156,0.4524982,73.53755
375316653866487564,1333153111331293312,0.44391194,2225.86699582683,1.4086335545281556,2.4971057E-5,14.626914,0.007129596,0.38254175,0.008257609,0.035713486,0.009392824,0.07654619,0.021891624,0.8691757,0.005254649,0.03714957,0.0036107283,0.08799331,0.012280094,null,null,null,null,"TWOGAUSSIANS",8,233.50035,0.8691757,0.005254649,0.20803759,0.020220079,0.08799331,0.012280094,0.38254175,0.008257609,0.19999552,0.052599814,0.07654619,0.021891624
375316653866487564,1333161357668554496,0.5292016,2188.8060906858914,1.2900696166975645,1.6109638E-5,16.78313,0.002453134,0.17169392,0.00174069,0.01880212,0.0013570206,0.5454187,0.0185055,0.67074573,0.0050075236,0.022058835,0.0035041068,0.26297167,0.022284562,null,null,null,null,"TWOGAUSSIANS",8,29.199368,0.17169392,0.00174069,0.105291866,0.007599315,0.5454187,0.0185055,0.67074573,0.0050075236,0.12352948,0.019622998,0.26297167,0.022284562
375316653866487564,1333162251022354048,0.5715713,2174.5545761988246,0.11027842463235309,2.2035028E-6,10.793738,0.0041126064,0.23321286,0.0041643614,0.0051104804,0.0034763755,0.069660544,1.0222895,0.6076358,6.7368126E-4,0.0065703136,2.889741E-4,3.6435695,0.2290779,null,null,null,null,"TWOGAUSSIANS",8,849.3971,0.6076358,6.7368126E-4,0.036793757,0.0016182549,3.6435695,0.2290779,0.23321286,0.0041643614,0.02861869,0.019467702,0.069660544,1.0222895
375316653866487564,1333168813731789952,0.5326467,2164.8358502415194,0.7799414907795393,1.6137743E-5,15.055838,0.00159527,0.30794865,0.0018238758,0.020521237,0.0018050848,0.211793,0.009697111,0.81253624,0.008229844,0.02960016,0.007118494,0.048908394,0.010076209,0.031075682,0.002702129,0.30794865,0.0018238758,"TWOGAUSSIANS_WITH_ELLIPSOIDAL_ON_ECLIPSE1",9,17.455156,0.30794865,0.0018238758,0.114918925,0.010108475,0.27394435,0.009908209,0.81253624,0.008229844,0.1657609,0.039863564,0.11100811,0.009379104
375316653866487564,1333182037937873920,0.56067526,2246.9507910093575,3.2862956378760253,1.00869565E-5,16.966,0.0069303825,0.17017777,0.002158537,0.081278995,0.0040488197,0.30195972,0.009449174,0.66594905,0.0039588143,0.09036307,0.005320025,0.34431827,0.015245554,null,null,null,null,"TWOGAUSSIANS",8,13.928445,0.66594905,0.0039588143,0.4,0.0,0.33568022,0.015946105,0.17017777,0.002158537,0.4,0.0,0.29332185,0.0097978925
375316653866487564,1333194922836526464,0.49621317,2217.3138001007223,4.494293116976686,1.7225628E-5,19.560532,0.01670115,0.26826003,0.0060474435,0.09569174,0.00949867,0.2886163,0.018814845,0.74759907,0.0069506923,0.088675216,0.008355985,0.25357422,0.023278601,null,null,null,null,"TWOGAUSSIANS",8,1.7278286,0.26826003,0.0060474435,0.4,0.0,0.27856624,0.016539501,0.74759907,0.0069506923,0.4,0.0,0.24352518,0.01840272
375316653866487564,1333208464870062592,0.61857384,2210.0625662730395,3.27113296816731,4.760263E-6,14.428921,0.018018981,0.2796808,0.0020384009,0.058431827,0.004941719,0.39400733,0.03482818,0.7823484,0.0021883033,0.06174842,0.003633532,0.44862363,0.043025058,0.07873839,0.020862447,0.7823484,0.0021883033,"TWOGAUSSIANS_WITH_ELLIPSOIDAL_ON_ECLIPSE2",9,180.6619,0.7823484,0.0021883033,0.34579113,0.02034778,0.6059426,0.027861934,0.27994078,0.0018135165,0.32721823,0.027673628,0.55128634,0.02264919
375316653866487564,1333213374016093184,0.49752238,2189.9673958416324,3.5554098682667705,1.8785158E-5,19.242764,0.012982026,0.27589297,0.0041567064,0.07430499,0.007108238,0.3751213,0.0384788,0.76760167,0.008179179,0.08248464,0.010945218,0.28977638,0.020873204,null,null,null,null,"TWOGAUSSIANS",8,3.5305173,0.27589297,0.0041567064,0.4,0.0,0.37171143,0.03949554,0.76760167,0.008179179,0.4,0.0,0.28636652,0.020711482
375316653866487564,1333272408343115136,0.5715001,2164.6917935484043,2.5757740909481286,7.0480005E-6,16.287588,0.06641778,0.27810186,0.0025823244,0.11412122,0.013609274,0.33688104,0.0630692,0.7991312,0.0022366461,0.12652758,0.017083919,0.323516,0.06315245,null,null,null,null,"TWOGAUSSIANS",8,12.555203,0.27789184,0.002313894,0.4,0.0,0.2740344,0.0098454775,0.79920125,0.0021463877,0.4,0.0,0.26041192,0.009911183
375316653866487564,1333276703310474752,0.53159374,2218.0410536975505,2.980924217139159,1.3338804E-5,17.125578,0.0044262875,0.16895267,0.0039157937,0.086011715,0.0056105116,0.14157447,0.005214477,0.6489724,0.0039998447,0.08504255,0.0040318076,0.1661076,0.0062219016,null,null,null,null,"TWOGAUSSIANS",8,6.3397546,0.6489724,0.0039998447,0.4,0.0,0.16308945,0.0054074717,0.16895267,0.0039157937,0.4,0.0,0.13855633,0.0047521414
375316653866487564,1333285224525450368,0.46829706,2173.874297184089,0.6940985873139206,3.229081E-5,15.937134,0.0051308656,0.36383656,0.004465712,0.017771797,0.012077393,0.069720484,423.218,0.7163229,0.0041704155,0.012645663,0.0023111824,0.43125063,0.07905727,0.018690165,0.009213718,0.7163229,0.0041704155,"TWOGAUSSIANS_WITH_ELLIPSOIDAL_ON_ECLIPSE2",9,156.47508,0.7163229,0.0041704155,0.07081571,0.0129426215,0.4686309,0.080000944,0.36280656,0.0043272637,0.09952207,0.067633405,0.08330887,423.21777
375316653866487564,1333318690910714112,0.61981803,2189.7080346376483,2.2354485496403127,5.082539E-6,10.857224,0.0010970326,0.27757668,0.0026373551,0.02167297,0.0033477887,0.03243396,0.0028841828,0.7055221,0.0015063403,0.060910158,0.009057863,0.06059972,0.022725865,0.10806777,0.001295442,0.7055221,0.0015063403,"TWOGAUSSIANS_WITH_ELLIPSOIDAL_ON_ECLIPSE2",9,79.880714,0.7055221,0.0015063403,0.34109688,0.05072403,0.27672195,0.022304736,0.26047668,0.0058158664,0.12136863,0.018747617,0.21512008,0.002756193
375316653866487564,1333370058720196736,0.6156636,2165.3445133657324,3.678633325386838,5.2528194E-6,16.855892,0.009481004,0.21272217,0.0015886296,0.039757125,0.006314587,0.142546,0.016406141,0.7079709,0.0043994705,0.049915005,0.005181934,0.2749724,0.020759536,0.124006934,0.011344333,0.21272217,0.0015886296,"TWOGAUSSIANS_WITH_ELLIPSOIDAL_ON_ECLIPSE1",9,13.789367,0.70869094,0.0036134098,0.27952403,0.02901883,0.5227974,0.028800895,0.21272217,0.0015886296,0.22263989,0.035361685,0.39055872,0.010917171
375316653866487564,1333431592714231296,0.6084272,2187.2931686202583,3.0870540370079262,6.576236E-6,18.083725,0.008309309,0.26330277,0.0023799406,0.04350042,0.0046274564,0.24949272,0.019744825,0.75077075,0.003813254,0.034534752,0.0033997188,0.32379788,0.021378316,0.11233676,0.0118625425,0.26330277,0.0023799406,"TWOGAUSSIANS_WITH_ELLIPSOIDAL_ON_ECLIPSE1",9,5.1928177,0.7515408,0.0036943448,0.19339462,0.019038426,0.5471657,0.01223153,0.26330277,0.0023799406,0.24360235,0.025913756,0.47416586,0.009256097
375316653866487564,1333464509343800704,0.4775209,2194.034672584852,3.4927536416878446,1.6005102E-5,18.032084,0.28768107,0.23691024,0.005321467,0.11874577,0.039380573,0.19752581,0.20379806,0.7331957,0.008733002,0.16755693,0.14801565,0.15570094,0.28416333,null,null,null,null,"TWOGAUSSIANS",8,4.0370564,0.23720023,0.004974329,0.4,0.0,0.13041769,0.007747018,0.7331957,0.008733002,0.4,0.0,0.08501314,0.00717782
375316653866487564,1333480898938609664,0.5401075,2226.6270827474327,3.1676663663001525,9.562571E-6,18.730309,0.0057780826,0.25550503,0.0022714038,0.025707198,0.0087040905,0.16321047,0.052962136,0.7463384,0.0026851317,0.04314451,0.0024966274,0.26768664,0.015097894,0.062913656,0.008506961,0.25550503,0.0022714038,"TWOGAUSSIANS_WITH_ELLIPSOIDAL_ON_ECLIPSE1",9,4.2604437,0.7469284,0.0024976672,0.24160925,0.013981113,0.39312384,0.010710385,0.25550503,0.0022714038,0.14396031,0.04874291,0.28903773,0.057973314
375316653866487564,1333517285902557440,0.49895892,2208.4506743798474,2.601859385258709,1.44601545E-5,14.305771,0.015293215,0.28041953,0.008193879,0.108087845,0.016260713,0.13675788,0.015356573,0.7899151,0.0032952086,0.09258711,0.008356257,0.16929895,0.014831042,null,null,null,null,"TWOGAUSSIANS",8,232.65817,0.7899251,0.0033055565,0.4,0.0,0.15735522,0.0076094335,0.28041953,0.008193879,0.4,0.0,0.12480767,0.009948014
375316653866487564,1333536733514812160,0.5647672,2194.342752489298,1.939655078075272,1.0150414E-5,19.21052,0.009187404,0.27744207,0.0027485178,0.032627378,0.00285502,0.5918603,0.017991858,0.7904106,0.007927271,0.044120647,0.008240598,0.19711384,0.03307502,0.04756399,0.011753225,0.27744207,0.0027485178,"TWOGAUSSIANS_WITH_ELLIPSOIDAL_ON_ECLIPSE1",9,2.1163003,0.27744207,0.0027485178,0.18271331,0.015988113,0.6869883,0.011460167,0.7904106,0.007927271,0.24707562,0.04614735,0.29161158,0.032687157
375316653866487564,1333539516653643264,0.44933707,2147.310573899895,0.3797398702036808,2.4201983E-5,18.698215,0.027304247,0.25547367,0.0122162355,0.07321613,0.02789009,0.112185925,0.020900471,0.76050234,0.010313573,0.03974349,0.07530223,0.181802,0.088957675,null,null,null,null,"TWOGAUSSIANS",8,3.7804947,0.76050234,0.010313573,0.22256355,0.17720093,0.18179047,0.10293051,0.25547367,0.012222464,0.4,0.027263667,0.11217439,0.010572685
