Gaia/vari_eclipsing_binary/VariEclipsingBinary_513609-513660.csv
# %ECSV 1.0
# ---
# delimiter: ','
# meta: !!omap
# - RELEASE: Gaia DR3
# - TABLE: vari_eclipsing_binary
# - DESCRIPTION: >
#     This table describes the properties of the eclipsing binaries resulting from the variability analysis. 
# - CITATION: >
#     How to cite and acknowledge Gaia: 
#     https://gea.esac.esa.int/archive/documentation/credits.html 
# - KNOWN_ISSUES: >
#     Known issues: 
#     https://www.cosmos.esa.int/web/gaia-users/known-issues 
# - DOCUMENTATION: >
#     Tutorials and documentation: 
#     https://www.cosmos.esa.int/web/gaia-users/archive 
# datatype:
# - 
#   name: solution_id
#   datatype: int64
#   description: Solution Identifier
#   meta:
#     ucd: meta.version
# - 
#   name: source_id
#   datatype: int64
#   description: Unique source identifier
#   meta:
#     ucd: meta.id;meta.main
# - 
#   name: global_ranking
#   datatype: float32
#   description: Number between 0 (worst) and 1 (best)
#   meta:
#     ucd: stat.param
# - 
#   name: reference_time
#   datatype: float64
#   unit: d
#   description: Reference time used for the geometric model fit
#   meta:
#     ucd: time.epoch
# - 
#   name: frequency
#   datatype: float64
#   unit: d**-1
#   description: Frequency of geometric model of the eclipsing binary light curve
#   meta:
#     ucd: src.orbital
# - 
#   name: frequency_error
#   datatype: float32
#   unit: d**-1
#   description: "Uncertainty of \\texttt{frequency}"
#   meta:
#     ucd: stat.error
# - 
#   name: geom_model_reference_level
#   datatype: float32
#   unit: mag
#   description: Magnitude reference level of geometric model
#   meta:
#     ucd: phot.mag;em.opt
# - 
#   name: geom_model_reference_level_error
#   datatype: float32
#   unit: mag
#   description: "Uncertainty of \\texttt{geomModelReferenceLevel}"
#   meta:
#     ucd: stat.error;phot.mag;em.opt
# - 
#   name: geom_model_gaussian1_phase
#   datatype: float32
#   description: Phase of the Gaussian 1 component
#   meta:
#     ucd: time.phase
# - 
#   name: geom_model_gaussian1_phase_error
#   datatype: float32
#   description: "Uncertainty of \\texttt{geomModelGaussian1Phase}"
#   meta:
#     ucd: stat.error;time.phase
# - 
#   name: geom_model_gaussian1_sigma
#   datatype: float32
#   description: "Standard deviation [phase] of Gaussian 1 component"
#   meta:
#     ucd: stat.stdev
# - 
#   name: geom_model_gaussian1_sigma_error
#   datatype: float32
#   description: "Uncertainty of \\texttt{geomModelGaussian1Sigma}"
#   meta:
#     ucd: stat.error
# - 
#   name: geom_model_gaussian1_depth
#   datatype: float32
#   unit: mag
#   description: Magnitude depth of Gaussian 1 component
#   meta:
#     ucd: src.var.amplitude
# - 
#   name: geom_model_gaussian1_depth_error
#   datatype: float32
#   unit: mag
#   description: "Uncertainty of \\texttt{geomModelGaussian1Depth}"
#   meta:
#     ucd: stat.error;src.var.amplitude
# - 
#   name: geom_model_gaussian2_phase
#   datatype: float32
#   description: Phase of Gaussian 2 component
#   meta:
#     ucd: time.phase
# - 
#   name: geom_model_gaussian2_phase_error
#   datatype: float32
#   description: "Uncertainty of \\texttt{geomModelGaussian2Phase}"
#   meta:
#     ucd: stat.error;time.phase
# - 
#   name: geom_model_gaussian2_sigma
#   datatype: float32
[...]
#   datatype: float32
#   description: "Secondary eclipse: uncertainty of \\texttt{derivedSecondaryEclDuration}"
#   meta:
#     ucd: stat.error;time.duration
# - 
#   name: derived_secondary_ecl_depth
#   datatype: float32
#   unit: mag
#   description: "Secondary eclipse: depth"
#   meta:
#     ucd: src.var.amplitude
# - 
#   name: derived_secondary_ecl_depth_error
#   datatype: float32
#   unit: mag
#   description: "Secondary eclipse: uncertainty of \\texttt{derivedSecondaryEclDepth}"
#   meta:
#     ucd: stat.error;src.var.amplitude
solution_id,source_id,global_ranking,reference_time,frequency,frequency_error,geom_model_reference_level,geom_model_reference_level_error,geom_model_gaussian1_phase,geom_model_gaussian1_phase_error,geom_model_gaussian1_sigma,geom_model_gaussian1_sigma_error,geom_model_gaussian1_depth,geom_model_gaussian1_depth_error,geom_model_gaussian2_phase,geom_model_gaussian2_phase_error,geom_model_gaussian2_sigma,geom_model_gaussian2_sigma_error,geom_model_gaussian2_depth,geom_model_gaussian2_depth_error,geom_model_cosine_half_period_amplitude,geom_model_cosine_half_period_amplitude_error,geom_model_cosine_half_period_phase,geom_model_cosine_half_period_phase_error,model_type,num_model_parameters,reduced_chi2,derived_primary_ecl_phase,derived_primary_ecl_phase_error,derived_primary_ecl_duration,derived_primary_ecl_duration_error,derived_primary_ecl_depth,derived_primary_ecl_depth_error,derived_secondary_ecl_phase,derived_secondary_ecl_phase_error,derived_secondary_ecl_duration,derived_secondary_ecl_duration_error,derived_secondary_ecl_depth,derived_secondary_ecl_depth_error
[from data line 369]
375316653866487564,4517973989557897984,0.55999875,2104.144734713332,2.004472460478661,1.2732637E-5,19.727451,0.007870376,0.20892513,0.0031561037,0.07698225,0.004202005,0.41605738,0.01368786,0.7092711,0.0053931703,0.07125658,0.004561837,0.4044847,0.018587073,null,null,null,null,"TWOGAUSSIANS",8,1.0254024,0.20892513,0.0031561037,0.4,0.0,0.41330215,0.013824405,0.7092711,0.0053931703,0.39903685,0.015355025,0.40172946,0.018335028
375316653866487564,4517974852866791936,0.50947064,2138.438803421574,2.608309350674539,2.570812E-5,16.438986,0.02364105,0.24563287,0.0051738825,0.051546965,0.015713153,0.13411556,0.048483443,0.7297455,0.014774622,0.05597777,0.01606931,0.1445644,0.06292125,0.11396179,0.026805934,0.24563287,0.0051738825,"TWOGAUSSIANS_WITH_ELLIPSOIDAL_ON_ECLIPSE1",9,121.529755,0.7342055,0.00966909,0.31347552,0.089988135,0.37085283,0.04971534,0.24563287,0.0051738825,0.288663,0.08799366,0.3620351,0.0145741105
375316653866487564,4517976635258361344,0.62834144,2132.9693898401824,0.4693041118334634,1.3545497E-6,15.919041,0.0028167812,0.15294562,5.1388016E-4,0.020536179,6.0450454E-4,0.5546383,0.013364618,0.4259322,0.07356423,0.16911137,0.0684829,0.01096951,0.0035984784,null,null,null,null,"TWOGAUSSIANS",8,14.331371,0.15296562,5.1365397E-4,0.1150026,0.0033852255,0.55734324,0.013638552,0.4259322,0.07356423,0.4,0.0,0.010692187,0.0031770575
375316653866487564,4517977872208717568,0.59484804,2139.9345707643383,2.302515938665902,5.3498143E-6,18.775328,0.0075622443,0.2151514,0.0020452032,0.08468573,0.0036843796,0.39252496,0.009960696,0.7120826,0.0021210276,0.07933337,0.0026119344,0.44475904,0.020964397,null,null,null,null,"TWOGAUSSIANS",8,1.4768251,0.7120826,0.0021210276,0.4,0.0,0.43720943,0.021240728,0.2151514,0.0020452032,0.4,0.0,0.3849753,0.009872302
375316653866487564,4517978426261183232,0.5410777,2110.322141329425,3.1201089696964037,1.385026E-5,19.693642,0.023318678,0.31991836,0.00136272,0.059628174,0.0037702068,0.6583849,0.0765084,0.82216406,0.00787456,0.06995956,0.013925483,0.5998473,0.09517511,null,null,null,null,"TWOGAUSSIANS",8,2.207148,0.31991836,0.00136272,0.33391777,0.021113157,0.6577021,0.076421805,0.82216406,0.00787456,0.39177352,0.052178957,0.5991645,0.09622922
375316653866487564,4517979457072194048,0.53231674,2130.1119735132934,3.1279296730742927,1.0250596E-5,17.125696,0.016976887,0.21009575,0.0059105074,0.084685564,0.008651116,0.27726176,0.01617743,0.6893615,0.0051115137,0.088831075,0.0060078893,0.34903577,0.023664406,null,null,null,null,"TWOGAUSSIANS",8,31.085182,0.6893615,0.0051115137,0.4,0.0,0.34213266,0.021296026,0.21009575,0.0059105074,0.4,0.0,0.27035883,0.013303293
375316653866487564,4517979933793486080,0.46480983,2099.656386236705,3.4466536411510758,2.1759754E-5,17.302452,0.17071325,0.33000806,0.006965703,0.25604212,0.04221547,0.5254213,0.16636509,0.8206329,0.0052557667,0.15266414,0.02157266,0.39596388,0.13876088,null,null,null,null,"TWOGAUSSIANS",8,8.603266,0.8206329,0.0052557667,0.4,0.0,0.12633957,0.0074798525,0.33230805,0.007761037,0.4,0.0,0.10368954,0.010014906
375316653866487564,4517980419144905216,0.53547627,2177.6756961605856,3.5513545468736796,1.3557758E-5,19.389832,0.010677772,0.26024985,0.0035649624,0.0754623,0.0046232385,0.44429326,0.019714775,0.76769876,0.0032434773,0.07411495,0.0052393298,0.48567724,0.040379155,null,null,null,null,"TWOGAUSSIANS",8,2.33411,0.76769876,0.0032434773,0.4,0.0,0.48273534,0.041312207,0.26024985,0.0035649624,0.4,0.0,0.44135132,0.019769963
375316653866487564,4517981102024993408,0.52396184,2132.4194068574498,2.3551137576479664,1.4160197E-5,18.95569,0.0060777743,0.259537,0.0039219707,0.078234404,0.0057954965,0.21938206,0.020607535,0.7629789,0.0031996744,0.07359573,0.003924063,0.25185624,0.012512244,null,null,null,null,"TWOGAUSSIANS",8,1.8248988,0.7629789,0.0031996744,0.4,0.0,0.24993576,0.012667679,0.259537,0.0039219707,0.4,0.0,0.21746159,0.021011135
375316653866487564,4517981759174258048,0.52060276,2147.573192346108,2.2335234719340806,9.233931E-6,19.02142,0.009342284,0.28021502,0.0027273642,0.08374749,0.0045362394,0.25329226,0.0113738775,0.7714193,0.0072825723,0.08516962,0.008579402,0.20276673,0.0101392735,null,null,null,null,"TWOGAUSSIANS",8,1.6143453,0.28021502,0.0027273642,0.4,0.0,0.24844596,0.010175283,0.7714193,0.0072825723,0.4,0.0,0.19792041,0.009590103
375316653866487564,4517981759174261888,0.5231148,2143.5957313104727,2.220575910865907,1.8781204E-5,17.734655,0.012101042,0.3111646,0.0042924075,0.04228481,0.00877515,0.29823756,0.044913843,0.8173898,0.0024977687,0.03360055,0.0045478023,0.24017313,0.028417693,0.041577533,0.015660463,0.3111646,0.0042924075,"TWOGAUSSIANS_WITH_ELLIPSOIDAL_ON_ECLIPSE1",9,23.733746,0.3111646,0.0042924075,0.23679493,0.04914084,0.38139257,0.04515148,0.8173898,0.0024977687,0.18816307,0.025467692,0.323201,0.021637728
375316653866487564,4517982171491123840,0.6074458,2131.901068398673,2.4166357433827423,4.2176416E-6,17.557808,0.02438482,0.2419798,0.017734023,0.05540878,0.019495431,0.27202645,0.053586252,0.7551676,0.0027470372,0.05492685,0.008102355,0.25065243,0.047949634,0.1274019,0.028371891,0.7551676,0.0027470372,"TWOGAUSSIANS_WITH_ELLIPSOIDAL_ON_ECLIPSE2",9,9.514237,0.24441978,0.016091967,0.31028917,0.109174415,0.5253937,0.025162512,0.7551676,0.0027470372,0.30759037,0.045373186,0.5054436,0.014851558
375316653866487564,4517982171491126528,0.5249816,2121.908212202691,2.3342889255414594,1.3524758E-5,17.611053,0.060463503,0.28327197,0.0049838373,0.114111446,0.021254798,0.25967035,0.05581147,0.7633594,0.00563332,0.11570944,0.022541711,0.24141036,0.057188746,null,null,null,null,"TWOGAUSSIANS",8,7.766989,0.283332,0.0048642256,0.4,0.0,0.22099012,0.010014271,0.7633594,0.00563332,0.4,0.0,0.2027213,0.012567566
375316653866487564,4517983163609116800,0.5419203,2132.170570695959,0.28328092200800287,2.8691942E-5,17.52574,0.0024310234,0.36495674,0.006133304,0.023685422,0.003499798,0.4565919,0.27038658,0.8559758,0.004379762,0.010979525,0.0047080778,0.02008338,0.0089310035,null,null,null,null,"TWOGAUSSIANS",8,4.1935883,0.36495674,0.006133304,0.13263837,0.01959887,0.4565919,0.27038658,0.8559758,0.004379762,0.061485343,0.026365235,0.02008338,0.0089310035
375316653866487564,4517984198695504768,0.47295257,2153.8451823757173,0.4610025958922769,1.2789936E-5,18.009102,0.0042364514,0.13445318,0.0031859325,0.020716883,0.0017698414,0.50532305,0.17582059,0.709293,0.04143465,0.055501755,0.056824736,0.028240608,10.052601,null,null,null,null,"TWOGAUSSIANS",8,8.687226,0.13445318,0.0031859325,0.11601455,0.009911112,0.50532305,0.17582054,0.709293,0.04143465,0.31080982,0.2748838,0.028240608,10.052601
375316653866487564,4517984198715923968,0.59751767,2152.6791133244524,1.0051581623901897,6.076869E-6,15.81589,0.0104512395,0.2830949,0.001918853,0.11238054,0.008278762,0.14511,0.009379086,0.78099483,0.0031883945,0.09951401,0.0067713894,0.16822118,0.010130483,null,null,null,null,"TWOGAUSSIANS",8,7.146497,0.78099483,0.0031883945,0.4,0.0,0.1495305,0.003888421,0.2830949,0.001918853,0.4,0.0,0.12640579,0.0031561654
375316653866487564,4517986122861427456,0.64929986,2117.2510798090334,1.364364980226808,4.561755E-6,16.3875,0.002969618,0.26532534,0.0012002753,0.07886443,0.0013358247,0.4107399,0.0056711505,0.7674297,0.0016814994,0.07698143,0.0025095295,0.24962376,0.007184009,null,null,null,null,"TWOGAUSSIANS",8,6.3232446,0.26532534,0.0012002753,0.4,0.0,0.4071716,0.0055795666,0.7674297,0.0016814994,0.4,0.0,0.24605548,0.0073231733
375316653866487564,4517986569518095872,0.5135441,2157.9977298752046,0.44822033678413636,3.399854E-5,18.811342,0.014758057,0.3009058,0.031878676,0.022262406,0.050935134,1.0679067,1.1396555,0.8087307,0.003296959,0.030160846,0.0066218837,0.16151854,0.012013952,null,null,null,null,"TWOGAUSSIANS",8,4.0190454,0.3009058,0.031878676,0.12466947,0.28236178,1.0679067,1.1396569,0.8087307,0.003296959,0.16890074,0.03708255,0.16151854,0.012013076
375316653866487564,4517986737022115840,0.61626285,2094.282884495338,2.896428721415768,7.169834E-6,18.703566,0.006956562,0.20891392,0.0031869132,0.07314692,0.002855675,0.5690782,0.01607814,0.7114755,0.0025073208,0.065220825,0.0029723383,0.58529764,0.014189874,null,null,null,null,"TWOGAUSSIANS",8,2.9192247,0.7114755,0.0025073208,0.36523664,0.016645094,0.58372504,0.014172195,0.20891392,0.0031869132,0.4,0.0,0.5675056,0.015999604
375316653866487564,4517987011900223360,0.48573288,2095.150768252749,3.170568654321092,1.9255527E-5,16.840324,0.2938952,0.2863783,0.0032453248,0.17057653,0.043303296,0.39393833,0.27128348,0.78401566,0.007078926,0.17350729,0.054273732,0.37421846,0.27355587,null,null,null,null,"TWOGAUSSIANS",8,13.452151,0.2870083,0.003257372,0.4,0.0,0.14136028,0.00793902,0.78401566,0.007078926,0.4,0.0,0.1205974,0.009256796
375316653866487564,4517987943927279232,0.5961183,2077.629418167907,0.6488538642639107,3.8281076E-5,17.450851,0.005156098,0.2378743,0.0063967165,0.024641251,0.0052555357,0.2033515,0.044936694,0.7405952,0.00110954,0.02511715,0.0018281012,0.9195706,0.064933,0.020809943,0.0074182767,0.2378743,0.0063967165,"TWOGAUSSIANS_WITH_ELLIPSOIDAL_ON_ECLIPSE1",9,12.663286,0.7405952,0.00110954,0.14065604,0.010237367,0.96117836,0.06512965,0.2378743,0.0063967165,0.13799101,0.029431,0.24497136,0.04499254
375316653866487564,4517988734201318272,0.5771885,2167.6379847700646,2.043235008491117,1.3228912E-5,16.85213,0.011556136,0.25495327,0.0037157496,0.095790125,0.006440941,0.21425614,0.01223867,0.7539667,0.00293804,0.09325713,0.006130311,0.21710198,0.011214064,null,null,null,null,"TWOGAUSSIANS",8,7.4227977,0.7539667,0.00293804,0.4,0.0,0.20422736,0.007788301,0.25495327,0.0037157496,0.4,0.0,0.20138125,0.008224085
375316653866487564,4517989077798707328,0.6575429,2136.0835799046126,1.288797430239685,2.0743043E-6,17.557247,0.0028965103,0.26557633,0.005372171,0.045713462,0.004884128,0.085318014,0.01305022,0.7628038,4.4787998E-4,0.03633403,4.2486878E-4,0.67635465,0.0050201346,null,null,null,null,"TWOGAUSSIANS",8,4.2576914,0.7628038,4.4787998E-4,0.20347057,0.0023792651,0.67635465,0.0050201337,0.26557633,0.005372171,0.2559954,0.027351117,0.085318014,0.013050222
375316653866487564,4517989215237688960,0.65113425,2094.262386148156,2.543695571105127,2.523036E-6,17.325327,0.0092422785,0.26937792,0.0014587158,0.048043314,0.003895984,0.31958938,0.022792751,0.7689126,0.0014985524,0.045046363,0.0032597552,0.3103836,0.02361221,0.12908177,0.015088742,0.26937792,0.0014587158,"TWOGAUSSIANS_WITH_ELLIPSOIDAL_ON_ECLIPSE1",9,7.0996165,0.26937792,0.0014587158,0.26904255,0.021817511,0.57775223,0.012258353,0.7689626,0.0013088234,0.25225964,0.018254628,0.5685445,0.014062679
375316653866487564,4517990830145937408,0.6650553,2181.9261632038792,0.20162488195144504,2.7924448E-6,12.76802,0.001471223,0.27955213,4.254863E-4,0.028412092,6.0440117E-4,0.8557192,0.04953923,0.7803428,0.0019228447,0.030293783,0.0022500977,0.07951825,0.004015819,0.011865683,0.0017240202,0.27955213,4.254863E-4,"TWOGAUSSIANS_WITH_ELLIPSOIDAL_ON_ECLIPSE1",9,68.10979,0.27955213,4.254863E-4,0.15910771,0.0033846467,0.87945056,0.050253134,0.7803428,0.0019148497,0.16964519,0.012600548,0.103249036,0.0034829467
375316653866487564,4517991513026573952,0.60040796,2157.0274929715824,1.8291375944717139,5.018366E-6,18.025856,0.0061313515,0.2736162,0.0033834705,0.095943026,0.004772066,0.13979712,0.0073527503,0.76660264,0.0013227828,0.07526633,0.0025722317,0.3417079,0.0079735005,null,null,null,null,"TWOGAUSSIANS",8,1.7817544,0.76660264,0.0013227828,0.4,0.0,0.33668485,0.007937925,0.2736162,0.0033834705,0.4,0.0,0.13477373,0.0062010637
375316653866487564,4517991753543588352,0.57732654,2152.773517360422,3.6264546507400195,1.0251367E-5,17.872084,0.030308364,0.205328,0.002513214,0.049339533,0.012956869,0.2167876,0.059687153,0.6981875,0.004416323,0.054891873,0.016821664,0.21201043,0.052170023,0.096704334,0.034167398,0.205328,0.002513214,"TWOGAUSSIANS_WITH_ELLIPSOIDAL_ON_ECLIPSE1",9,7.2874646,0.205328,0.002513214,0.27630138,0.07255846,0.4101909,0.011797762,0.69945747,0.0035038514,0.3073945,0.09420132,0.40509397,0.022681354
375316653866487564,4517993746409622784,0.5225328,2142.1812802760965,0.3916941242046513,4.293397E-5,18.80061,0.010702015,0.17252086,4.398131E-5,0.0060287854,1.6837397E-4,2.7026033,0.2607044,0.49538523,0.019016823,0.01022998,0.01562389,1.313884,1.3084072,null,null,null,null,"TWOGAUSSIANS",8,27.353563,0.17252086,4.398131E-5,0.0337612,9.4289426E-4,2.7026033,0.2607044,0.49538523,0.019016823,0.057287887,0.087493785,1.313884,1.3084072
375316653866487564,4517994399244451200,0.52921,2153.317256010914,4.0414689581578465,4.2890315E-5,17.838612,0.0018511056,0.39726064,2.1713825E-4,0.009035264,2.169745E-4,0.24299544,0.0026811368,0.64717484,0.062606126,0.015005232,0.029179547,0.025690597,17214.914,null,null,null,null,"TWOGAUSSIANS",8,2.2359354,0.39726064,2.1713825E-4,0.05059748,0.0012150572,0.24299544,0.0026811368,0.64717484,0.062606126,0.0840293,0.16340546,0.025690597,17214.914
375316653866487564,4517994914639878400,0.5044852,2106.080048363614,2.896915580425834,1.3809121E-5,19.761786,0.022640083,0.25943443,0.0041032955,0.08447382,0.007013785,0.44928488,0.02393626,0.7692506,0.003895547,0.08401683,0.0072685387,0.43840733,0.024476292,null,null,null,null,"TWOGAUSSIANS",8,2.2030258,0.25943443,0.0041032955,0.4,0.0,0.44016087,0.022124697,0.7692506,0.003895547,0.4,0.0,0.42928332,0.021399377
375316653866487564,4517995704914021632,0.5130086,2143.2538928433282,0.058680208955136384,8.839828E-6,17.158194,0.0019958364,0.13871372,0.01126952,0.052944288,0.013415843,0.026938593,0.008469404,0.68674964,5.6576397E-4,0.004248356,5.511095E-4,0.22257821,0.017488504,null,null,null,null,"TWOGAUSSIANS",8,4.71612,0.68674964,5.6576397E-4,0.023790795,0.003086213,0.22257821,0.017488504,0.13871372,0.01126952,0.29648802,0.07512872,0.026938593,0.008469404
375316653866487564,4517996598268614528,0.5661358,2167.021898536545,3.4548162114429,9.673109E-6,18.362915,0.0076986165,0.25823155,0.0021210825,0.08386324,0.0041829883,0.2826387,0.00881668,0.76898843,0.0027670811,0.07784361,0.006697094,0.3052461,0.014190751,null,null,null,null,"TWOGAUSSIANS",8,2.8974092,0.76898843,0.0027670811,0.4,0.0,0.30125007,0.015819252,0.25823155,0.0021210825,0.4,0.0,0.27864262,0.008455889
375316653866487564,4517996808740579584,0.66503835,2168.766040856003,0.10070538100186356,5.2817886E-6,16.256578,0.0014436874,0.13893043,5.497337E-4,0.0031113345,9.018709E-4,0.15663719,0.17180279,0.23457393,1.7410728E-4,0.012181573,2.0615509E-4,1.5683287,0.06026205,0.007978102,0.0021240655,0.23457393,1.7410728E-4,"TWOGAUSSIANS_WITH_ELLIPSOIDAL_ON_ECLIPSE2",9,10.725833,0.23457393,1.7410728E-4,0.06821681,0.0011544685,1.584285,0.06045148,0.13894042,5.608808E-4,0.017423473,0.005050477,0.16749227,0.17178956
375316653866487564,4517997770796755584,0.5632601,2168.2898513474843,2.3056844749102803,7.2071857E-6,18.963734,0.0054469598,0.26240316,0.0030298068,0.08214466,0.004882534,0.25478855,0.012156737,0.76149327,0.0024226839,0.08097727,0.0036121288,0.2831399,0.012589093,null,null,null,null,"TWOGAUSSIANS",8,1.0435276,0.76149327,0.0024226839,0.4,0.0,0.2783289,0.013006126,0.26240316,0.0030298068,0.4,0.0,0.24997754,0.012808298
375316653866487564,4517998247536397440,0.5728333,2155.413406280501,3.529326777473761,5.6858416E-6,18.62289,0.011381762,0.23144794,0.0023788703,0.071048126,0.0069674524,0.48662433,0.020589912,0.7299105,0.0031641468,0.06956095,0.0068002325,0.56321555,0.059372034,null,null,null,null,"TWOGAUSSIANS",8,6.6783676,0.7299105,0.0031641468,0.38954133,0.038081303,0.5614093,0.060147814,0.23144794,0.0023788703,0.3978695,0.021839892,0.48481807,0.021483079
