Gaia/vari_eclipsing_binary/VariEclipsingBinary_765657-765687.csv
# %ECSV 1.0
# ---
# delimiter: ','
# meta: !!omap
# - RELEASE: Gaia DR3
# - TABLE: vari_eclipsing_binary
# - DESCRIPTION: >
#     This table describes the properties of the eclipsing binaries resulting from the variability analysis. 
# - CITATION: >
#     How to cite and acknowledge Gaia: 
#     https://gea.esac.esa.int/archive/documentation/credits.html 
# - KNOWN_ISSUES: >
#     Known issues: 
#     https://www.cosmos.esa.int/web/gaia-users/known-issues 
# - DOCUMENTATION: >
#     Tutorials and documentation: 
#     https://www.cosmos.esa.int/web/gaia-users/archive 
# datatype:
# - 
#   name: solution_id
#   datatype: int64
#   description: Solution Identifier
#   meta:
#     ucd: meta.version
# - 
#   name: source_id
#   datatype: int64
#   description: Unique source identifier
#   meta:
#     ucd: meta.id;meta.main
# - 
#   name: global_ranking
#   datatype: float32
#   description: Number between 0 (worst) and 1 (best)
#   meta:
#     ucd: stat.param
# - 
#   name: reference_time
#   datatype: float64
#   unit: d
#   description: Reference time used for the geometric model fit
#   meta:
#     ucd: time.epoch
# - 
#   name: frequency
#   datatype: float64
#   unit: d**-1
#   description: Frequency of geometric model of the eclipsing binary light curve
#   meta:
#     ucd: src.orbital
# - 
#   name: frequency_error
#   datatype: float32
#   unit: d**-1
#   description: "Uncertainty of \\texttt{frequency}"
#   meta:
#     ucd: stat.error
# - 
#   name: geom_model_reference_level
#   datatype: float32
#   unit: mag
#   description: Magnitude reference level of geometric model
#   meta:
#     ucd: phot.mag;em.opt
# - 
#   name: geom_model_reference_level_error
#   datatype: float32
#   unit: mag
#   description: "Uncertainty of \\texttt{geomModelReferenceLevel}"
#   meta:
#     ucd: stat.error;phot.mag;em.opt
# - 
#   name: geom_model_gaussian1_phase
#   datatype: float32
#   description: Phase of the Gaussian 1 component
#   meta:
#     ucd: time.phase
# - 
#   name: geom_model_gaussian1_phase_error
#   datatype: float32
#   description: "Uncertainty of \\texttt{geomModelGaussian1Phase}"
#   meta:
#     ucd: stat.error;time.phase
# - 
#   name: geom_model_gaussian1_sigma
#   datatype: float32
#   description: "Standard deviation [phase] of Gaussian 1 component"
#   meta:
#     ucd: stat.stdev
# - 
#   name: geom_model_gaussian1_sigma_error
#   datatype: float32
#   description: "Uncertainty of \\texttt{geomModelGaussian1Sigma}"
#   meta:
#     ucd: stat.error
# - 
#   name: geom_model_gaussian1_depth
#   datatype: float32
#   unit: mag
#   description: Magnitude depth of Gaussian 1 component
#   meta:
#     ucd: src.var.amplitude
# - 
#   name: geom_model_gaussian1_depth_error
#   datatype: float32
#   unit: mag
#   description: "Uncertainty of \\texttt{geomModelGaussian1Depth}"
#   meta:
#     ucd: stat.error;src.var.amplitude
# - 
#   name: geom_model_gaussian2_phase
#   datatype: float32
#   description: Phase of Gaussian 2 component
#   meta:
#     ucd: time.phase
# - 
#   name: geom_model_gaussian2_phase_error
#   datatype: float32
#   description: "Uncertainty of \\texttt{geomModelGaussian2Phase}"
#   meta:
#     ucd: stat.error;time.phase
# - 
#   name: geom_model_gaussian2_sigma
#   datatype: float32
[...]
#   datatype: float32
#   description: "Secondary eclipse: uncertainty of \\texttt{derivedSecondaryEclDuration}"
#   meta:
#     ucd: stat.error;time.duration
# - 
#   name: derived_secondary_ecl_depth
#   datatype: float32
#   unit: mag
#   description: "Secondary eclipse: depth"
#   meta:
#     ucd: src.var.amplitude
# - 
#   name: derived_secondary_ecl_depth_error
#   datatype: float32
#   unit: mag
#   description: "Secondary eclipse: uncertainty of \\texttt{derivedSecondaryEclDepth}"
#   meta:
#     ucd: stat.error;src.var.amplitude
solution_id,source_id,global_ranking,reference_time,frequency,frequency_error,geom_model_reference_level,geom_model_reference_level_error,geom_model_gaussian1_phase,geom_model_gaussian1_phase_error,geom_model_gaussian1_sigma,geom_model_gaussian1_sigma_error,geom_model_gaussian1_depth,geom_model_gaussian1_depth_error,geom_model_gaussian2_phase,geom_model_gaussian2_phase_error,geom_model_gaussian2_sigma,geom_model_gaussian2_sigma_error,geom_model_gaussian2_depth,geom_model_gaussian2_depth_error,geom_model_cosine_half_period_amplitude,geom_model_cosine_half_period_amplitude_error,geom_model_cosine_half_period_phase,geom_model_cosine_half_period_phase_error,model_type,num_model_parameters,reduced_chi2,derived_primary_ecl_phase,derived_primary_ecl_phase_error,derived_primary_ecl_duration,derived_primary_ecl_duration_error,derived_primary_ecl_depth,derived_primary_ecl_depth_error,derived_secondary_ecl_phase,derived_secondary_ecl_phase_error,derived_secondary_ecl_duration,derived_secondary_ecl_duration_error,derived_secondary_ecl_depth,derived_secondary_ecl_depth_error
[from data line 76]
375316653866487564,6734833591483008768,0.50493366,2265.0179782665027,1.946274592145002,3.3845372E-5,17.255484,0.016883604,0.26940078,0.011137068,0.09944446,0.021314839,0.104875654,0.024223214,0.7356433,0.0118035795,0.09900436,0.019207584,0.23525077,0.022915442,null,null,null,null,"TWOGAUSSIANS",8,12.698936,0.7356433,0.0118035795,0.4,0.0,0.2269326,0.025093125,0.26942077,0.011128488,0.4,0.0,0.09655938,0.022870792
375316653866487564,6734834970172174464,0.6691317,2209.6192489555633,3.4212239764433194,2.0795649E-6,17.518215,0.01890911,0.2824536,0.006066781,0.057070684,0.0075517576,0.47139156,0.053702395,0.76747036,8.649186E-4,0.04746986,0.002433705,0.5016054,0.041258097,0.11619723,0.023051374,0.2824536,0.006066781,"TWOGAUSSIANS_WITH_ELLIPSOIDAL_ON_ECLIPSE1",9,6.3076005,0.76861036,5.320652E-4,0.2658312,0.013628748,0.7320687,0.0096244905,0.2824536,0.006066781,0.3195958,0.042289842,0.70375323,0.023478083
375316653866487564,6734835416850470784,0.55565935,2231.104097719601,2.1825720959761483,1.3563572E-5,17.43867,0.0039002614,0.28657138,0.009830681,0.067603484,0.007841826,0.1617058,0.010676018,0.7821565,0.005801485,0.05151289,0.00883634,0.31433573,0.1172693,null,null,null,null,"TWOGAUSSIANS",8,3.7159002,0.7821565,0.005801485,0.2884722,0.049483508,0.31428152,0.117351174,0.28657138,0.009830681,0.3785795,0.036415584,0.16165161,0.010676005
375316653866487564,6734835549962211328,0.52973413,2219.121451511402,1.5005621344369633,1.8617631E-5,17.827208,0.002707302,0.6092298,8.0827787E-4,0.00652472,5.290492E-4,0.2189592,0.0049350457,0.89526504,0.045391425,0.05180197,0.07216061,0.023400191,0.019931978,null,null,null,null,"TWOGAUSSIANS",8,1.9863131,0.6092298,8.077323E-4,0.036538433,0.0029626754,0.21895921,0.0049857455,0.89526504,0.045391425,0.290091,0.13916562,0.023400191,0.0199361
375316653866487564,6734835657356323072,0.4370624,2205.622183293081,0.50005139913781,9.304831E-5,18.259224,0.01562116,0.2791023,0.018565025,0.052027863,0.023408374,0.08307355,0.03403465,0.59586096,0.01971688,0.012956245,0.019991329,0.10346768,1.6276089,0.051159844,0.026935872,0.59586096,0.01971688,"TWOGAUSSIANS_WITH_ELLIPSOIDAL_ON_ECLIPSE2",9,5.466155,0.59586096,0.01971688,0.07255497,0.11195144,0.20578738,1.6541963,0.2591023,0.029608859,0.29135603,0.13108689,0.10466701,0.04173087
375316653866487564,6734836168451942656,0.46535453,2179.9941170528823,0.23748815004023321,7.995437E-5,18.42673,0.2658303,0.4731581,0.0073853484,0.28442326,0.07862381,0.52289927,0.24926779,0.97277546,0.01127524,0.065189496,0.013903735,0.11828623,0.025166573,null,null,null,null,"TWOGAUSSIANS",8,6.411269,0.4731581,0.0073853484,0.4,0.0,0.24078543,0.022087438,0.97277546,0.011619173,0.3650612,0.0681407,0.05705061,0.020082302
375316653866487564,6734836546409752960,0.48137325,2210.543652349212,0.28329872249103155,1.7201023E-4,18.582314,0.0074287383,0.30087587,0.02317773,0.07815821,0.011864333,0.17675476,0.048437577,0.5126473,0.07371767,0.116154,0.06468531,0.07808162,0.016502392,null,null,null,null,"TWOGAUSSIANS",8,4.2372084,0.30975586,0.013659838,0.4,0.0,0.19254273,0.02445339,0.5126473,0.07371767,0.4,0.0,0.08252373,0.017013729
375316653866487564,6734838852812199936,0.4689798,2388.269160402377,0.4619618384690761,4.019659E-5,19.453238,0.16356526,0.31175673,0.0051934444,0.040389262,0.0068148244,0.3084111,0.04313838,0.7084295,0.02038682,0.21863505,0.115988046,0.22285597,0.14686301,null,null,null,null,"TWOGAUSSIANS",8,2.7716196,0.31333673,0.0051180436,0.22617987,0.038163017,0.32135394,0.053060144,0.7084295,0.02038682,0.4,0.0,0.18765427,0.040819418
375316653866487564,6734839643086260864,0.4936486,2268.9453672786544,1.8147181964304056,3.02058E-5,19.342953,0.017403306,0.18801057,0.008761841,0.088070504,0.013862466,0.2872588,0.055109482,0.66862535,0.00605271,0.08575613,0.010944697,0.35467488,0.048057873,null,null,null,null,"TWOGAUSSIANS",8,3.4096417,0.66862535,0.00605271,0.4,0.0,0.34734002,0.049673427,0.18801057,0.008761841,0.4,0.0,0.2799239,0.05701376
375316653866487564,6734839741872691456,0.5404696,2231.2290153628483,3.742565519507573,7.347979E-5,19.109198,0.010642372,0.20440401,0.01029481,0.07985039,0.008471763,0.3432407,0.025757644,0.68399125,0.0108679505,0.06683338,0.011451564,0.40714762,0.060852528,null,null,null,null,"TWOGAUSSIANS",8,2.9409661,0.68399125,0.0108679505,0.3742669,0.06412876,0.40578353,0.06143729,0.20440401,0.01029481,0.4,0.0,0.3418766,0.0247892
375316653866487564,6734840051091795456,0.5301912,2323.215328640734,3.983048915058989,1.635951E-5,19.124035,0.009173812,0.13671084,0.0068921996,0.030059205,0.0055058897,0.3502769,0.077622555,0.74520767,0.006639401,0.051417805,0.012079296,0.07394397,0.019586414,0.06512309,0.012330378,0.74520767,0.006639401,"TWOGAUSSIANS_WITH_ELLIPSOIDAL_ON_ECLIPSE2",9,1.2432312,0.13877083,0.0057350365,0.16833155,0.030832984,0.42963138,0.07323834,0.74520767,0.006639401,0.28793973,0.06764405,0.20418917,0.02584612
375316653866487564,6734840673878615552,0.55917656,2194.890342210589,0.7040785420039966,3.0881067E-5,17.582996,0.0018302844,0.5897592,0.005970005,0.030847048,0.002643248,0.24217816,0.046007127,0.8503512,0.007623195,0.05127371,0.0152219385,0.019623509,0.0037205876,null,null,null,null,"TWOGAUSSIANS",8,1.637056,0.5897592,0.005970005,0.17274347,0.01480219,0.2421782,0.04600719,0.8503512,0.007623195,0.28713277,0.08524285,0.019623509,0.0037205876
375316653866487564,6734840708238382720,0.45244163,2207.695840804736,0.11061542232259586,2.2462795E-5,18.474241,0.013769497,0.16362749,0.005259009,0.06380493,0.007816607,0.15553328,0.028527373,0.7512507,0.032183215,0.19367814,0.05257247,0.06801031,0.014761809,null,null,null,null,"TWOGAUSSIANS",8,3.046807,0.16183749,0.004663009,0.3573076,0.043773,0.15267773,0.03017928,0.7512507,0.032183215,0.4,0.0,0.05736405,0.009033165
375316653866487564,6734841081880138368,0.44424546,2209.6643963871516,0.658326233231075,3.926617E-5,18.490019,0.010260238,0.30328196,0.023535281,0.11594569,0.024345126,0.12725042,0.013928102,0.58628374,0.028098788,0.026599357,0.019323725,0.17707,11.00052,null,null,null,null,"TWOGAUSSIANS",8,3.844155,0.58628374,0.028098788,0.1489564,0.108212866,0.18351796,11.000522,0.30328196,0.023535281,0.4,0.0,0.12722711,0.013882157
375316653866487564,6734841665999539840,0.48728445,2253.713260448071,0.2727548932565986,5.0596307E-5,17.45512,0.008491396,0.45601085,0.023523327,0.09618131,0.04530653,0.04437291,0.0087088905,0.8426243,0.0066772494,0.025158111,0.006687194,0.20850942,0.037057035,null,null,null,null,"TWOGAUSSIANS",8,10.745929,0.8426243,0.0066772494,0.14088541,0.037448287,0.20852289,0.037053734,0.45601085,0.023523327,0.4,0.05969429,0.044372614,0.008707804
375316653866487564,6734841704681054080,0.57555646,2222.9296481081,2.558703764652001,1.2033803E-5,17.22224,0.013736946,0.19159847,0.0033008186,0.10161,0.009171913,0.2556716,0.011694641,0.69966906,0.0075765993,0.093309425,0.009811227,0.2471647,0.015768949,null,null,null,null,"TWOGAUSSIANS",8,5.379939,0.19159847,0.0033008186,0.4,0.0,0.23884824,0.009294406,0.69966906,0.0075765993,0.4,0.0,0.23034406,0.012805495
375316653866487564,6734841945188876160,0.45652455,2158.6898189260237,3.3775265980305074,3.4692068E-5,18.171814,0.0078041963,0.19278404,0.011954013,0.068223216,0.02036794,0.14918675,0.09611366,0.707049,0.009232956,0.08130682,0.010220804,0.082968004,0.008160887,null,null,null,null,"TWOGAUSSIANS",8,2.5093644,0.19278404,0.011954013,0.38205,0.064827114,0.14860703,0.09697532,0.707049,0.009232956,0.4,0.0,0.08238829,0.0076049715
375316653866487564,6734842048278446720,0.62844247,2223.9812768475254,0.09807365926006886,1.357496E-4,16.021616,0.005825561,0.19592595,0.018855771,0.028733343,0.010548707,1.4103009,3.1250083,0.79115343,0.04268395,0.051994603,0.04197112,0.0738536,0.12794743,0.004916117,0.00804692,0.19592595,0.018855771,"TWOGAUSSIANS_WITH_ELLIPSOIDAL_ON_ECLIPSE1",9,97.59501,0.19592595,0.018855771,0.16090672,0.059072763,1.420133,3.1278853,0.79115343,0.04268395,0.29116976,0.23503828,0.080566294,0.13180459
375316653866487564,6734842185717431808,0.5332927,2238.2877315687547,2.85758539377842,1.8072065E-5,19.390915,0.015632093,0.29269955,0.0037460092,0.07638649,0.00699652,0.41157165,0.016974423,0.80541813,0.009794938,0.07180476,0.011094024,0.30095813,0.03653411,null,null,null,null,"TWOGAUSSIANS",8,2.313961,0.29269955,0.0037460092,0.4,0.0,0.40979427,0.017440181,0.80541813,0.009794938,0.4,0.04157079,0.29918078,0.036621064
375316653866487564,6734843658863423872,0.6038773,2270.3830537503095,3.6129432427719284,1.6358792E-5,19.353582,0.010396816,0.21379447,0.003990347,0.08500784,0.0061181225,0.46943313,0.029004917,0.7135091,0.0033852411,0.06721566,0.0030000415,0.71007705,0.013593717,null,null,null,null,"TWOGAUSSIANS",8,2.0014093,0.7135091,0.0033852411,0.37640768,0.016800232,0.70504993,0.012451904,0.21379447,0.003990347,0.4,0.0,0.46440598,0.030253142
375316653866487564,6734843830658659584,0.6011764,2263.649121167278,2.3523095415430118,7.0586966E-6,16.939678,0.007029519,0.21249247,0.0035083035,0.07339474,0.0050566355,0.32118523,0.008926831,0.7214648,0.0044934615,0.101220295,0.006005015,0.116399415,0.007182789,null,null,null,null,"TWOGAUSSIANS",8,2.871596,0.21249247,0.0035083035,0.4,0.0,0.31629345,0.010207875,0.7214648,0.0044934615,0.4,0.0,0.11150634,0.005049644
375316653866487564,6734844208640012160,0.4839351,2268.3656067029015,0.1852750130404514,1.8724784E-5,19.255682,0.012065897,0.3157736,0.0026497392,0.056897413,0.0045433114,0.21869788,0.018488344,0.73911613,0.0023855946,0.0528234,0.0068711005,0.1885254,0.009742666,null,null,null,null,"TWOGAUSSIANS",8,2.6942594,0.3157736,0.0026497392,0.3186255,0.025442543,0.21869747,0.018488051,0.73911613,0.0023855946,0.29581103,0.038478166,0.18852498,0.009742052
375316653866487564,6734844449134072320,0.5976068,2236.7185253494117,3.323796647027926,4.1144162E-6,17.815443,0.013238292,0.3248797,0.004318209,0.053856798,0.00734276,0.61163133,0.10562721,0.8192416,8.4372197E-4,0.046277035,0.0023319202,0.52816874,0.028180374,0.110437594,0.018468376,0.8192416,8.4372197E-4,"TWOGAUSSIANS_WITH_ELLIPSOIDAL_ON_ECLIPSE2",9,15.157269,0.3244497,0.0040325867,0.30159807,0.041119456,0.83224237,0.111327454,0.8192416,8.4372197E-4,0.2591514,0.013058753,0.7490357,0.012636839
375316653866487564,6734845514312193152,0.44318143,2287.691585483774,4.030921473417277,5.237971E-5,19.34678,0.011349514,0.2941735,0.011997775,0.087124795,0.021985414,0.16048259,0.025445472,0.788663,0.01624016,0.064718276,0.015072564,0.2016628,0.086395085,null,null,null,null,"TWOGAUSSIANS",8,3.1165805,0.788663,0.01624016,0.36242235,0.078645624,0.20029533,0.086737365,0.2941735,0.011997775,0.4,0.0,0.1591151,0.026798438
375316653866487564,6734845930929507456,0.5212619,2274.462031447564,3.515101747988134,1.5961321E-5,16.977348,0.02398522,0.227734,0.0074950526,0.10002887,0.03280306,0.1334968,0.01540653,0.7419609,0.0051732026,0.09057108,0.016902281,0.11524883,0.023043161,null,null,null,null,"TWOGAUSSIANS",8,3.970865,0.227734,0.007504208,0.4,0.0,0.12696517,0.027803337,0.7419609,0.005101137,0.4,0.0,0.108718365,0.009258746
375316653866487564,6734846068368465664,0.5093126,2288.3802408063375,0.532747386762078,1.6385147E-5,17.669847,0.007951393,0.3092104,0.048432864,0.049315814,0.057058472,0.2883693,39.07418,0.89384645,0.015212614,0.022658687,0.01514454,0.4089329,40.07558,null,null,null,null,"TWOGAUSSIANS",8,14.813869,0.89384645,0.015212614,0.12688865,0.08480942,0.4089329,40.07558,0.3092104,0.048432864,0.27616856,0.31952745,0.2883693,39.07418
375316653866487564,6734846957396103296,0.62337065,2296.213534672648,0.9286479653773616,3.1218894E-6,12.248697,0.002900195,0.19635823,6.0330523E-4,0.029976431,0.0012159136,0.17326906,0.0053760326,0.70457035,0.00752224,0.022476757,0.0066428245,0.45532107,0.46407145,0.019533023,0.0041779047,0.70457035,0.00752224,"TWOGAUSSIANS_WITH_ELLIPSOIDAL_ON_ECLIPSE2",9,60.645725,0.70457035,0.00752224,0.12586984,0.037199818,0.49438712,0.46797302,0.19648823,5.2641914E-4,0.16786802,0.006809116,0.21223281,0.004695611
375316653866487564,6734847163555516032,0.65535975,2286.995769096086,2.2524457373261177,4.3337395E-6,17.592384,0.015318476,0.2514031,0.001569073,0.047727995,0.0057221325,0.2617944,0.04197173,0.752714,0.015578214,0.04596209,0.01196303,0.2974359,0.05824672,0.13642061,0.017839465,0.2514031,0.001569073,"TWOGAUSSIANS_WITH_ELLIPSOIDAL_ON_ECLIPSE1",9,2.8468342,0.752714,0.015578214,0.25738773,0.06699297,0.57025814,0.033067267,0.2514031,0.001569073,0.26727676,0.03204394,0.5346351,0.030753385
375316653866487564,6734847507151510656,0.5095261,2212.0654425438847,1.4586158353298944,3.555849E-5,18.667278,0.008479183,0.2922255,0.006907319,0.067713246,0.0068830973,0.2947728,0.049250286,0.791681,0.0028634507,0.056952313,0.003075521,0.5007112,0.013575221,null,null,null,null,"TWOGAUSSIANS",8,6.881932,0.791681,0.0028634507,0.31893295,0.017222917,0.5004759,0.013522752,0.2922255,0.006907319,0.37919417,0.038545344,0.29453748,0.049363777
375316653866487564,6734847610229105024,0.56802106,2232.42533250878,2.274729533237005,1.2874067E-5,17.268822,0.017081358,0.2625943,0.0032260309,0.09561404,0.007696639,0.21517098,0.01620463,0.7514968,0.0073233657,0.09927839,0.011547849,0.32131913,0.016875647,null,null,null,null,"TWOGAUSSIANS",8,5.4450507,0.7514968,0.0073233657,0.4,0.0,0.304421,0.014757356,0.2625943,0.0032257074,0.4,0.0,0.19827457,0.008675145
375316653866487564,6734847683275898880,0.62406784,2238.360046800512,2.3475611598394366,6.505649E-6,17.272375,0.0033792735,0.27232066,0.005444298,0.06769833,0.0060746674,0.09687181,0.0049905656,0.7719194,0.0015129723,0.05410906,0.0014229587,0.3280636,0.004798576,null,null,null,null,"TWOGAUSSIANS",8,3.009855,0.7719194,0.0015129723,0.30301073,0.007968569,0.3279931,0.0047717066,0.27232066,0.005444298,0.37911066,0.034018137,0.09680129,0.0049819797
375316653866487564,6734847919468746752,0.63232076,2227.696418004976,3.936313232525937,9.34392E-6,18.354109,0.008662017,0.2650104,0.0029536926,0.06515683,0.0022311485,0.7377718,0.014258597,0.76077,0.002924767,0.06934385,0.0065184864,0.5624783,0.10118526,null,null,null,null,"TWOGAUSSIANS",8,3.3878148,0.2650104,0.0029536926,0.36487827,0.012494432,0.7366349,0.013871459,0.76077,0.002924767,0.38832557,0.026446043,0.5613414,0.101824954
375316653866487564,6734847958153783552,0.48297653,2231.6190434662553,2.4274421699437125,8.504815E-5,18.059889,0.0050028195,0.5108868,0.068668,0.01725739,0.049647085,0.02684979,0.41283873,0.85636246,0.0077648317,0.035531696,0.009575263,0.38475454,0.37674534,null,null,null,null,"TWOGAUSSIANS",8,13.051279,0.85636246,0.0077648317,0.19897749,0.05362147,0.38475454,0.3767453,0.5108868,0.068668,0.09664139,0.2780237,0.02684979,0.41283873
375316653866487564,6734848439180895872,0.41277924,2239.622049823507,2.026655221570458,2.1140506E-5,17.25801,0.005183567,0.43700197,0.0022021162,0.029397938,0.004384404,0.5052367,0.94873846,null,null,null,null,null,null,null,null,null,null,"ONEGAUSSIAN",5,58.96233,0.43700197,0.0022021162,0.16462845,0.024552662,0.5052367,0.0,null,null,null,null,null,null
375316653866487564,6734848984618678144,0.44663492,2194.736178080792,2.4781457870551384,1.3222016E-4,18.28138,0.009547535,0.71075803,0.07200955,0.08741664,0.06187186,0.0506625,0.015074626,0.400867,0.032773115,0.07336434,0.019269953,0.104941376,0.023062777,null,null,null,null,"TWOGAUSSIANS",8,3.6681235,0.401067,0.028222874,0.4,0.04760788,0.10502236,0.019804973,0.71063805,0.07225838,0.4,0.037518866,0.05066259,0.01495212
