Gaia/vari_eclipsing_binary/VariEclipsingBinary_463777-463791.csv
# %ECSV 1.0
# ---
# delimiter: ','
# meta: !!omap
# - RELEASE: Gaia DR3
# - TABLE: vari_eclipsing_binary
# - DESCRIPTION: >
#     This table describes the properties of the eclipsing binaries resulting from the variability analysis. 
# - CITATION: >
#     How to cite and acknowledge Gaia: 
#     https://gea.esac.esa.int/archive/documentation/credits.html 
# - KNOWN_ISSUES: >
#     Known issues: 
#     https://www.cosmos.esa.int/web/gaia-users/known-issues 
# - DOCUMENTATION: >
#     Tutorials and documentation: 
#     https://www.cosmos.esa.int/web/gaia-users/archive 
# datatype:
# - 
#   name: solution_id
#   datatype: int64
#   description: Solution Identifier
#   meta:
#     ucd: meta.version
# - 
#   name: source_id
#   datatype: int64
#   description: Unique source identifier
#   meta:
#     ucd: meta.id;meta.main
# - 
#   name: global_ranking
#   datatype: float32
#   description: Number between 0 (worst) and 1 (best)
#   meta:
#     ucd: stat.param
# - 
#   name: reference_time
#   datatype: float64
#   unit: d
#   description: Reference time used for the geometric model fit
#   meta:
#     ucd: time.epoch
# - 
#   name: frequency
#   datatype: float64
#   unit: d**-1
#   description: Frequency of geometric model of the eclipsing binary light curve
#   meta:
#     ucd: src.orbital
# - 
#   name: frequency_error
#   datatype: float32
#   unit: d**-1
#   description: "Uncertainty of \\texttt{frequency}"
#   meta:
#     ucd: stat.error
# - 
#   name: geom_model_reference_level
#   datatype: float32
#   unit: mag
#   description: Magnitude reference level of geometric model
#   meta:
#     ucd: phot.mag;em.opt
# - 
#   name: geom_model_reference_level_error
#   datatype: float32
#   unit: mag
#   description: "Uncertainty of \\texttt{geomModelReferenceLevel}"
#   meta:
#     ucd: stat.error;phot.mag;em.opt
# - 
#   name: geom_model_gaussian1_phase
#   datatype: float32
#   description: Phase of the Gaussian 1 component
#   meta:
#     ucd: time.phase
# - 
#   name: geom_model_gaussian1_phase_error
#   datatype: float32
#   description: "Uncertainty of \\texttt{geomModelGaussian1Phase}"
#   meta:
#     ucd: stat.error;time.phase
# - 
#   name: geom_model_gaussian1_sigma
#   datatype: float32
#   description: "Standard deviation [phase] of Gaussian 1 component"
#   meta:
#     ucd: stat.stdev
# - 
#   name: geom_model_gaussian1_sigma_error
#   datatype: float32
#   description: "Uncertainty of \\texttt{geomModelGaussian1Sigma}"
#   meta:
#     ucd: stat.error
# - 
#   name: geom_model_gaussian1_depth
#   datatype: float32
#   unit: mag
#   description: Magnitude depth of Gaussian 1 component
#   meta:
#     ucd: src.var.amplitude
# - 
#   name: geom_model_gaussian1_depth_error
#   datatype: float32
#   unit: mag
#   description: "Uncertainty of \\texttt{geomModelGaussian1Depth}"
#   meta:
#     ucd: stat.error;src.var.amplitude
# - 
#   name: geom_model_gaussian2_phase
#   datatype: float32
#   description: Phase of Gaussian 2 component
#   meta:
#     ucd: time.phase
# - 
#   name: geom_model_gaussian2_phase_error
#   datatype: float32
#   description: "Uncertainty of \\texttt{geomModelGaussian2Phase}"
#   meta:
#     ucd: stat.error;time.phase
# - 
#   name: geom_model_gaussian2_sigma
#   datatype: float32
[...]
#   datatype: float32
#   description: "Secondary eclipse: uncertainty of \\texttt{derivedSecondaryEclDuration}"
#   meta:
#     ucd: stat.error;time.duration
# - 
#   name: derived_secondary_ecl_depth
#   datatype: float32
#   unit: mag
#   description: "Secondary eclipse: depth"
#   meta:
#     ucd: src.var.amplitude
# - 
#   name: derived_secondary_ecl_depth_error
#   datatype: float32
#   unit: mag
#   description: "Secondary eclipse: uncertainty of \\texttt{derivedSecondaryEclDepth}"
#   meta:
#     ucd: stat.error;src.var.amplitude
solution_id,source_id,global_ranking,reference_time,frequency,frequency_error,geom_model_reference_level,geom_model_reference_level_error,geom_model_gaussian1_phase,geom_model_gaussian1_phase_error,geom_model_gaussian1_sigma,geom_model_gaussian1_sigma_error,geom_model_gaussian1_depth,geom_model_gaussian1_depth_error,geom_model_gaussian2_phase,geom_model_gaussian2_phase_error,geom_model_gaussian2_sigma,geom_model_gaussian2_sigma_error,geom_model_gaussian2_depth,geom_model_gaussian2_depth_error,geom_model_cosine_half_period_amplitude,geom_model_cosine_half_period_amplitude_error,geom_model_cosine_half_period_phase,geom_model_cosine_half_period_phase_error,model_type,num_model_parameters,reduced_chi2,derived_primary_ecl_phase,derived_primary_ecl_phase_error,derived_primary_ecl_duration,derived_primary_ecl_duration_error,derived_primary_ecl_depth,derived_primary_ecl_depth_error,derived_secondary_ecl_phase,derived_secondary_ecl_phase_error,derived_secondary_ecl_duration,derived_secondary_ecl_duration_error,derived_secondary_ecl_depth,derived_secondary_ecl_depth_error
[from data line 76]
375316653866487564,4079438282325578112,0.5557019,2095.6013577996796,0.1308376637451489,2.7498725E-6,18.691946,0.01066952,0.83603597,0.07798079,0.06788789,0.039314255,0.053847726,0.018562665,0.43125126,4.072571E-5,0.0026312352,1.2231246E-4,1.228833,0.104287535,null,null,null,null,"TWOGAUSSIANS",8,3.3571987,0.43125126,4.072571E-5,0.014734917,6.8494974E-4,1.228833,0.10428665,0.83603597,0.07798079,0.38017216,0.17762864,0.053847726,0.018562661
375316653866487564,4079438312310915456,0.4249262,2128.053457246798,0.487843415253225,1.4575156E-4,19.132196,0.19394028,0.21394557,0.04559168,0.06291723,0.049134754,0.6137789,0.3657545,0.70600885,0.034067392,0.12820634,0.070513315,0.4562491,0.19092265,null,null,null,null,"TWOGAUSSIANS",8,4.5926385,0.21396556,0.048901074,0.35233653,0.081933014,0.5869868,0.46479422,0.70600885,0.034067392,0.4,0.0,0.42899013,0.07024209
375316653866487564,4079438930807885952,0.60529107,2217.043856888781,1.115375142306886,1.4944022E-5,14.818484,0.0057265945,0.25596267,0.0036196576,0.055101957,0.0037065963,0.3429698,0.059867606,0.7691387,0.006857546,0.051212154,0.019999932,0.038635127,0.08905414,0.04774675,0.0062841577,0.7691387,0.006857546,"TWOGAUSSIANS_WITH_ELLIPSOIDAL_ON_ECLIPSE2",9,25.375738,0.25678268,0.003051432,0.30857095,0.02075694,0.43784642,0.0597623,0.7691387,0.006857546,0.28678808,0.111999616,0.13412413,0.08891895
375316653866487564,4079438999502775040,0.68523926,2236.1067086281732,1.5366788463349756,4.0082523E-6,13.793539,0.003987288,0.24161471,0.001212855,0.044783607,0.004587267,0.08257076,0.009581718,0.7399857,0.0018467549,0.04916267,0.0024157495,0.30453023,0.014206062,0.090247355,0.0053419163,0.24161471,0.001212855,"TWOGAUSSIANS_WITH_ELLIPSOIDAL_ON_ECLIPSE1",9,42.706013,0.7401557,0.0016299501,0.27531096,0.013528197,0.485007,0.012911033,0.24161471,0.001212855,0.25078818,0.025688697,0.2630645,0.006885577
375316653866487564,4079439553636022400,0.54362684,2186.578476380328,0.5575061998321886,4.339102E-5,19.246052,0.0186454,0.5618272,0.017640552,0.15189068,0.028296068,0.12663649,0.020135658,0.22557516,0.0051607364,0.03344891,0.0061488757,3.2012782,9.660629,null,null,null,null,"TWOGAUSSIANS",8,1.5252717,0.22563516,0.005140531,0.1873139,0.034433704,3.211077,9.660104,0.5618272,0.017640552,0.4,0.0,0.12549824,0.017924488
375316653866487564,4079439656641643264,0.4550984,2196.6251347332036,0.9898808652535112,4.6093115E-5,19.502935,0.016010575,0.2529898,0.014012011,0.03770499,0.02029812,0.2613422,0.048582084,0.78921956,0.0042781034,0.051223557,0.006995226,0.20141536,0.024160929,null,null,null,null,"TWOGAUSSIANS",8,6.7810407,0.2529898,0.014012011,0.21114793,0.11366948,0.2613422,0.04858297,0.78921956,0.0042781034,0.2868519,0.039173264,0.20141535,0.02416082
375316653866487564,4079440309477655552,0.4847992,2206.2180510124595,0.4802396936001774,1.6523469E-5,18.986794,0.11262649,0.027708815,0.018256642,0.09075434,0.027113913,0.23734964,0.12170518,0.45904207,0.015637102,0.13509436,0.04656444,0.32679957,0.10513038,null,null,null,null,"TWOGAUSSIANS",8,3.0752292,0.45904207,0.015637102,0.4,0.0,0.30312252,0.06863874,0.029358815,0.016440969,0.4,0.008340929,0.21575204,0.093348674
375316653866487564,4079440446916571648,0.536957,2188.947104232865,1.0165503796205202,1.4186084E-5,19.684984,0.035464477,0.13689534,0.017819582,0.19887884,0.059355818,0.12114329,0.033613205,0.39903504,0.0054310793,0.035091672,0.004156892,0.35846537,0.050196275,null,null,null,null,"TWOGAUSSIANS",8,0.8832718,0.39903504,0.0054310793,0.19651335,0.023278596,0.39913416,0.050719757,0.13689534,0.017819582,0.4,0.0,0.11086826,0.014565605
375316653866487564,4079441477781478528,0.5360337,2183.490879745296,2.172741578832214,2.1020502E-5,17.698557,0.028129488,0.27297023,0.0048812865,0.09293049,0.012732064,0.28523958,0.030378746,0.7871744,0.009462186,0.10587638,0.020875352,0.23319487,0.034797613,null,null,null,null,"TWOGAUSSIANS",8,5.256511,0.27296025,0.0048916712,0.4,0.0,0.26725742,0.027427394,0.7871744,0.009461618,0.4,0.0,0.21520512,0.03659741
375316653866487564,4079441546427342848,0.50085914,2234.694407011594,2.828405703640682,1.7184902E-5,17.554432,0.45183906,0.33294615,0.028045634,0.15336542,0.079194754,0.4921761,0.4192658,0.8280132,0.0063135675,0.14719601,0.05602769,0.4663323,0.41715622,null,null,null,null,"TWOGAUSSIANS",8,20.726904,0.33330616,0.027718157,0.4,0.0,0.26136178,0.039626144,0.8280132,0.0063135675,0.4,0.0,0.23745488,0.013044752
375316653866487564,4079441645239452544,0.56531876,2217.231599814926,4.928983966260698,4.7099868E-5,19.406733,0.018554797,0.2777083,0.008833632,0.11298134,0.015025513,0.3712748,0.016217934,0.67311215,0.0081995055,0.0641494,0.010962926,0.4052112,0.1757942,null,null,null,null,"TWOGAUSSIANS",8,0.49146354,0.67311215,0.0081995055,0.35923666,0.05618753,0.40385675,0.17692463,0.2777083,0.008833632,0.4,0.0,0.3691072,0.0151418215
375316653866487564,4079441718225516672,0.5369957,2117.395818071887,2.7184093626212458,2.8332857E-5,18.06583,0.021135675,0.22319397,0.009407611,0.094092704,0.013701154,0.24774192,0.031058991,0.7345962,0.008343709,0.09032952,0.014550181,0.22436865,0.022042064,null,null,null,null,"TWOGAUSSIANS",8,5.175103,0.22319397,0.009407611,0.4,0.0,0.23764747,0.03361157,0.7345962,0.008343709,0.4,0.0,0.21427453,0.0135558
375316653866487564,4079441821304751872,0.49712393,2227.740214140247,0.18681416852716454,2.9413239E-5,18.922499,0.40856835,0.25068882,0.011351502,0.16690311,0.06666311,0.6333593,0.39889103,0.7582337,0.029254144,0.14775646,0.07274722,0.79961777,0.32816634,null,null,null,null,"TWOGAUSSIANS",8,2.5277452,0.75918376,0.0283521,0.4,0.0,0.43355256,0.081369005,0.24975882,0.011021842,0.4,0.0,0.25820696,0.018308438
375316653866487564,4079441821304891136,0.5543825,2176.9164767734974,3.2151167982862052,1.7231274E-5,19.28842,0.00888399,0.16010185,0.0022718133,0.06359124,0.0027201057,0.31194115,0.011969349,0.6662979,0.012136527,0.06741613,0.014872186,0.3566581,0.025704665,null,null,null,null,"TWOGAUSSIANS",8,1.1857818,0.6662979,0.012136527,0.37753034,0.07432804,0.3562753,0.026103767,0.16010185,0.0022718133,0.35611096,0.015232593,0.31155834,0.011733597
375316653866487564,4079441958744230528,0.46356753,2161.9117715290513,0.08022137399721108,9.693759E-5,19.0425,0.034227714,0.14496447,0.029464653,0.049614407,0.016214767,0.054933697,0.033703633,0.7956815,0.017943747,0.136314,0.037431248,0.2229817,0.03646935,null,null,null,null,"TWOGAUSSIANS",8,3.203875,0.7956815,0.017943747,0.4,0.0,0.22223124,0.03748957,0.13685447,0.03202468,0.27784067,0.0908027,0.06318373,0.037273653
375316653866487564,4079442199262698112,0.56571096,2147.5507296683704,0.9754539505127803,5.7570902E-5,19.113407,0.004088463,0.36496052,0.017027464,0.06741818,0.01553332,0.45515135,0.010783179,null,null,null,null,null,null,null,null,null,null,"ONEGAUSSIAN",5,1.5561489,0.36496052,0.017027464,0.3775418,0.024295561,0.45515135,0.0,null,null,null,null,null,null
375316653866487564,4079442233695819136,0.55359614,2141.7140285723153,0.3872713472348408,4.9143408E-5,18.94481,0.009835786,0.3240042,0.010368933,0.04500549,0.012087751,0.93830013,1.1369255,0.7946007,0.015331309,0.07019807,0.007859021,0.61186165,0.06415976,null,null,null,null,"TWOGAUSSIANS",8,1.6212946,0.3240042,0.010368933,0.25203076,0.06769141,0.93826365,1.1369889,0.7946007,0.015331309,0.39310917,0.0348532,0.6118251,0.06415383
375316653866487564,4079442267982120064,0.5449717,2161.8963465383836,2.4849071276598056,1.5313284E-5,18.51926,0.02801147,0.23972811,0.006134136,0.07953482,0.008154,0.3532232,0.030755907,0.7320099,0.004883396,0.0783924,0.009814637,0.35055858,0.026833214,null,null,null,null,"TWOGAUSSIANS",8,4.3445854,0.23972811,0.006134136,0.4,0.0,0.34921345,0.026521513,0.7320099,0.004883396,0.4,0.0,0.34654883,0.023742678
375316653866487564,4079442744718089728,0.5629725,2188.5696097034124,1.2507874921313504,6.547394E-5,17.764067,0.006511598,0.18509038,0.032669604,0.065475844,0.020437218,0.3891389,0.12318989,0.54451215,0.011055876,0.039406277,0.008971995,0.032840863,0.0117436815,null,null,null,null,"TWOGAUSSIANS",8,2.7140682,0.18509038,0.032669604,0.36666474,0.05155411,0.3891389,0.12319267,0.54451215,0.011055876,0.22067516,0.05024317,0.03284097,0.011744787
375316653866487564,4079442882191224832,0.53022283,2144.4997012795607,0.975516410734943,5.1384453E-5,19.016775,0.002525948,0.3268542,0.011658714,0.09029937,0.006894607,0.13572262,0.008980981,0.7990319,1.7880612E-4,0.034160223,0.0021885182,0.09531047,0.0029005192,null,null,null,null,"TWOGAUSSIANS",8,0.8404757,0.3268542,0.011658714,0.4,0.0,0.13569513,0.008989981,0.7990319,1.7880612E-4,0.19129726,0.012255702,0.09528313,0.0029090715
375316653866487564,4079442882191225472,0.5372546,2123.4218233570923,0.10272685337663223,2.3689347E-5,18.75091,0.062585965,0.51155853,0.004433667,0.14616635,0.014761294,0.673999,0.07215236,0.92562145,0.003220749,0.060395766,0.008602052,0.31468913,0.10399542,null,null,null,null,"TWOGAUSSIANS",8,4.1428785,0.51155853,0.004433667,0.4,0.0,0.6561283,0.06457486,0.92562145,0.003220749,0.3382163,0.04817149,0.30922896,0.103926
375316653866487564,4079442955262706688,0.47967452,2133.7507488235187,3.384733182864205,5.3285064E-5,18.449085,0.021174582,0.23880711,0.020338526,0.018405136,0.030078895,0.070614666,0.028955892,0.850882,0.03053563,0.052942306,0.022111185,0.4893138,0.11118064,null,null,null,null,"TWOGAUSSIANS",8,9.715017,0.850882,0.03053563,0.2964769,0.10715064,0.4893138,0.11118064,0.23880711,0.020338526,0.10306876,0.16844182,0.070614666,0.028955908
375316653866487564,4079443023896955904,0.5211269,2162.515894499969,1.5726321882580427,9.678057E-5,19.272608,0.022733651,0.34265736,0.009389806,0.06401216,0.01856392,0.30304155,0.061128497,0.7956344,0.011418533,0.08731556,0.011030172,0.28738946,0.028548416,null,null,null,null,"TWOGAUSSIANS",8,3.0136857,0.34265736,0.009389806,0.35846812,0.057483815,0.3021985,0.062438402,0.7956344,0.011418533,0.4,0.0,0.28654602,0.027039608
375316653866487564,4079444398289302272,0.5256059,2168.523442531696,4.064282389583355,3.866799E-5,19.346403,0.020682117,0.39998037,0.021587647,0.060483214,0.028216563,0.3983254,0.16257666,0.19855864,0.090376325,0.08889667,0.054679096,0.27327627,0.09742255,null,null,null,null,"TWOGAUSSIANS",8,3.134184,0.39447036,0.018524455,0.338706,0.15801275,0.42077252,0.031229295,0.20141865,0.1957918,0.4,0.0,0.27495384,0.16353261
375316653866487564,4079444570087971200,0.45315388,2141.8091085171795,0.8636428847478416,5.447078E-5,18.33121,0.041673176,0.18771948,0.06393599,0.06593876,0.047833566,0.22997108,0.25411293,0.7276802,0.026560444,0.13141742,0.052703585,0.10936727,0.04617117,null,null,null,null,"TWOGAUSSIANS",8,6.892299,0.18760948,0.0637025,0.36925706,0.2612125,0.22415541,0.26126462,0.7276802,0.026560444,0.4,0.0,0.10328895,0.025503326
375316653866487564,4079444638807489664,0.5800746,2184.6775962186716,2.222671742341414,4.917253E-5,17.63026,0.010461642,0.20849648,0.015881356,0.11642926,0.03657175,0.031224886,0.01074307,0.7142784,0.17053512,0.07162213,0.06318319,0.45163476,8.626347,null,null,null,null,"TWOGAUSSIANS",8,1.2540935,0.7142784,0.1706537,0.4,0.32009065,0.44782567,8.629555,0.20849648,0.0158795,0.4,0.0,0.02740949,0.0052956343
375316653866487564,4079444638807537024,0.5002528,2121.335614950236,0.5777255247337442,4.3583357E-5,19.30271,0.021273326,0.14939024,0.0100186085,0.07657462,0.014718257,0.25229117,0.02389478,0.64823747,0.02341163,0.085865244,0.015571997,0.42185944,0.10933368,null,null,null,null,"TWOGAUSSIANS",8,4.9034696,0.64823747,0.02341163,0.4,0.0,0.41620523,0.10920679,0.14939024,0.0100186085,0.4,0.032060284,0.246637,0.022394963
375316653866487564,4079444741957241344,0.6132895,2205.0318455513266,0.01043769223188365,1.0335299E-6,16.11454,0.0058455733,0.1770378,2.0037105E-7,1.9849313E-4,1.0820904E-6,5.1682396,0.06546757,0.70251703,0.020774348,0.14708032,0.057233885,0.03435411,0.03269905,null,null,null,null,"TWOGAUSSIANS",8,113.0178,0.1770378,2.0037105E-7,0.0011115615,6.0597063E-6,5.1682734,0.06540393,0.70251703,0.020774348,0.4,0.0,0.034141526,0.032927647
375316653866487564,4079444776246483200,0.59930223,2234.6879750747753,1.9452286622508075,1.2664947E-5,17.709705,0.014641853,0.3999506,0.0034637435,0.04757584,0.009587772,0.16668436,0.05786401,0.9092346,0.0010321919,0.035975724,0.0064066267,0.58682096,0.15467411,0.123828,0.028439173,0.3999506,0.0034637435,"TWOGAUSSIANS_WITH_ELLIPSOIDAL_ON_ECLIPSE1",9,11.870359,0.9092346,0.0010321919,0.20146406,0.03587711,0.8336347,0.19183478,0.3999506,0.0034637435,0.26642472,0.053691525,0.4143398,0.04443597
375316653866487564,4079444943741363968,0.6074491,2258.5018386017887,0.01911804115915811,5.62617E-5,16.848122,0.0073433495,0.4605333,0.0698709,0.010024738,0.013388507,1.3224641,146.75926,0.7113231,0.008132012,0.03859545,0.003910599,0.74025476,0.22214712,0.015056344,0.008973464,0.7113231,0.008132012,"TWOGAUSSIANS_WITH_ELLIPSOIDAL_ON_ECLIPSE2",9,43.261154,0.4605333,0.0698709,0.05613853,0.07497564,1.3224647,146.76361,0.7113231,0.008132012,0.21613452,0.021899354,0.77036726,0.2246575
375316653866487564,4079445085485303296,0.5265089,2216.905910422199,0.18671192320911015,1.6170763E-4,18.983608,0.009124648,0.28794685,0.007955903,0.063125536,0.0123980325,0.17612875,0.009104292,0.7666485,0.020187514,0.0943527,0.021357168,0.16291118,0.022081226,null,null,null,null,"TWOGAUSSIANS",8,1.6958673,0.28794685,0.007954958,0.35350302,0.067555,0.17475745,0.0073662763,0.7666485,0.020187514,0.4,0.0,0.16153944,0.021662163
375316653866487564,4079445253013736320,0.47913957,2188.104156059182,0.38738961435192354,3.440632E-5,19.237125,0.09541548,0.17456079,0.011198453,0.06683234,0.011895732,0.2537212,0.085980944,0.7844148,0.032895405,0.10130025,0.07408652,0.41992748,0.09592724,null,null,null,null,"TWOGAUSSIANS",8,5.341102,0.7844148,0.032895405,0.4,0.0,0.41899177,0.12713796,0.1743908,0.010751241,0.3742611,0.06269058,0.25303876,0.07134967
375316653866487564,4079445493494989824,0.58903337,2226.8792031240177,0.1979902203859102,1.8738267E-5,16.482973,0.0032129853,0.113192126,0.007400569,0.15459599,0.018766388,0.029024566,0.0032548504,0.70747334,0.0054040356,0.055746187,0.0066699316,0.18307045,0.044837996,null,null,null,null,"TWOGAUSSIANS",8,0.24860486,0.70773333,0.005396248,0.31217864,0.037351616,0.18258785,0.04522548,0.113192126,0.007400569,0.4,0.0,0.027594782,0.0024357429
375316653866487564,4079445497871635840,0.55914056,2225.9084906509456,2.575524627682355,1.5567251E-5,18.10925,0.005232702,null,null,null,null,null,null,null,null,null,null,null,null,0.14633298,0.005679168,0.22589749,0.0043261717,"ELLIPSOIDAL",4,4.371032,null,null,null,null,null,null,null,null,null,null,null,null
375316653866487564,4079445566521102464,0.5043906,2290.9683548848216,2.2349731155268686,1.2433149E-4,17.61043,0.004890695,0.3648139,0.020934802,0.11690427,0.021571187,0.12147748,0.009656116,0.85417426,0.0067396797,0.0375284,0.005791147,0.046054605,0.016845893,null,null,null,null,"TWOGAUSSIANS",8,3.1197736,0.3648139,0.020934802,0.4,0.0,0.12077148,0.009531817,0.85417426,0.0067396797,0.21015903,0.03243042,0.04537638,0.01682255
375316653866487564,4079445600880840704,0.510004,2228.6466357159347,3.319109989183205,4.809381E-5,19.565697,0.030185824,0.2420084,0.01141291,0.08288438,0.015535467,0.3506164,0.041084375,0.76196057,0.009822471,0.074723735,0.010495704,0.3862986,0.056780998,null,null,null,null,"TWOGAUSSIANS",8,3.3321862,0.76196057,0.009822471,0.4,0.008657824,0.3831238,0.055366512,0.2420084,0.01141291,0.4,0.0,0.34744155,0.04019774
375316653866487564,4079445669683260032,0.44392273,2209.020005011011,0.07465081202339842,2.1533648E-5,18.155094,0.027598275,0.88575,0.0093081575,0.04780653,0.013224716,0.3790878,0.14633013,0.61770386,0.0041712057,0.07022611,0.019347914,0.90783167,0.49063566,null,null,null,null,"TWOGAUSSIANS",8,15.72845,0.61770386,0.0041712057,0.39326623,0.072750784,0.9078317,0.49063686,0.88554,0.009211048,0.26771656,0.07405841,0.37971425,0.14636746
