Gaia/vari_eclipsing_binary/VariEclipsingBinary_684824-684881.csv
# %ECSV 1.0
# ---
# delimiter: ','
# meta: !!omap
# - RELEASE: Gaia DR3
# - TABLE: vari_eclipsing_binary
# - DESCRIPTION: >
#     This table describes the properties of the eclipsing binaries resulting from the variability analysis. 
# - CITATION: >
#     How to cite and acknowledge Gaia: 
#     https://gea.esac.esa.int/archive/documentation/credits.html 
# - KNOWN_ISSUES: >
#     Known issues: 
#     https://www.cosmos.esa.int/web/gaia-users/known-issues 
# - DOCUMENTATION: >
#     Tutorials and documentation: 
#     https://www.cosmos.esa.int/web/gaia-users/archive 
# datatype:
# - 
#   name: solution_id
#   datatype: int64
#   description: Solution Identifier
#   meta:
#     ucd: meta.version
# - 
#   name: source_id
#   datatype: int64
#   description: Unique source identifier
#   meta:
#     ucd: meta.id;meta.main
# - 
#   name: global_ranking
#   datatype: float32
#   description: Number between 0 (worst) and 1 (best)
#   meta:
#     ucd: stat.param
# - 
#   name: reference_time
#   datatype: float64
#   unit: d
#   description: Reference time used for the geometric model fit
#   meta:
#     ucd: time.epoch
# - 
#   name: frequency
#   datatype: float64
#   unit: d**-1
#   description: Frequency of geometric model of the eclipsing binary light curve
#   meta:
#     ucd: src.orbital
# - 
#   name: frequency_error
#   datatype: float32
#   unit: d**-1
#   description: "Uncertainty of \\texttt{frequency}"
#   meta:
#     ucd: stat.error
# - 
#   name: geom_model_reference_level
#   datatype: float32
#   unit: mag
#   description: Magnitude reference level of geometric model
#   meta:
#     ucd: phot.mag;em.opt
# - 
#   name: geom_model_reference_level_error
#   datatype: float32
#   unit: mag
#   description: "Uncertainty of \\texttt{geomModelReferenceLevel}"
#   meta:
#     ucd: stat.error;phot.mag;em.opt
# - 
#   name: geom_model_gaussian1_phase
#   datatype: float32
#   description: Phase of the Gaussian 1 component
#   meta:
#     ucd: time.phase
# - 
#   name: geom_model_gaussian1_phase_error
#   datatype: float32
#   description: "Uncertainty of \\texttt{geomModelGaussian1Phase}"
#   meta:
#     ucd: stat.error;time.phase
# - 
#   name: geom_model_gaussian1_sigma
#   datatype: float32
#   description: "Standard deviation [phase] of Gaussian 1 component"
#   meta:
#     ucd: stat.stdev
# - 
#   name: geom_model_gaussian1_sigma_error
#   datatype: float32
#   description: "Uncertainty of \\texttt{geomModelGaussian1Sigma}"
#   meta:
#     ucd: stat.error
# - 
#   name: geom_model_gaussian1_depth
#   datatype: float32
#   unit: mag
#   description: Magnitude depth of Gaussian 1 component
#   meta:
#     ucd: src.var.amplitude
# - 
#   name: geom_model_gaussian1_depth_error
#   datatype: float32
#   unit: mag
#   description: "Uncertainty of \\texttt{geomModelGaussian1Depth}"
#   meta:
#     ucd: stat.error;src.var.amplitude
# - 
#   name: geom_model_gaussian2_phase
#   datatype: float32
#   description: Phase of Gaussian 2 component
#   meta:
#     ucd: time.phase
# - 
#   name: geom_model_gaussian2_phase_error
#   datatype: float32
#   description: "Uncertainty of \\texttt{geomModelGaussian2Phase}"
#   meta:
#     ucd: stat.error;time.phase
# - 
#   name: geom_model_gaussian2_sigma
#   datatype: float32
[...]
#   datatype: float32
#   description: "Secondary eclipse: uncertainty of \\texttt{derivedSecondaryEclDuration}"
#   meta:
#     ucd: stat.error;time.duration
# - 
#   name: derived_secondary_ecl_depth
#   datatype: float32
#   unit: mag
#   description: "Secondary eclipse: depth"
#   meta:
#     ucd: src.var.amplitude
# - 
#   name: derived_secondary_ecl_depth_error
#   datatype: float32
#   unit: mag
#   description: "Secondary eclipse: uncertainty of \\texttt{derivedSecondaryEclDepth}"
#   meta:
#     ucd: stat.error;src.var.amplitude
solution_id,source_id,global_ranking,reference_time,frequency,frequency_error,geom_model_reference_level,geom_model_reference_level_error,geom_model_gaussian1_phase,geom_model_gaussian1_phase_error,geom_model_gaussian1_sigma,geom_model_gaussian1_sigma_error,geom_model_gaussian1_depth,geom_model_gaussian1_depth_error,geom_model_gaussian2_phase,geom_model_gaussian2_phase_error,geom_model_gaussian2_sigma,geom_model_gaussian2_sigma_error,geom_model_gaussian2_depth,geom_model_gaussian2_depth_error,geom_model_cosine_half_period_amplitude,geom_model_cosine_half_period_amplitude_error,geom_model_cosine_half_period_phase,geom_model_cosine_half_period_phase_error,model_type,num_model_parameters,reduced_chi2,derived_primary_ecl_phase,derived_primary_ecl_phase_error,derived_primary_ecl_duration,derived_primary_ecl_duration_error,derived_primary_ecl_depth,derived_primary_ecl_depth_error,derived_secondary_ecl_phase,derived_secondary_ecl_phase_error,derived_secondary_ecl_duration,derived_secondary_ecl_duration_error,derived_secondary_ecl_depth,derived_secondary_ecl_depth_error
[from data line 75]
375316653866487564,6023838486170050304,0.55435055,2205.052133412677,2.8638857389722365,2.1492575E-5,16.564863,0.043574587,0.21086434,0.0073505687,0.126553,0.032422274,0.17134602,0.04026696,0.71212643,0.0034704837,0.1010179,0.020359041,0.16385347,0.04097221,null,null,null,null,"TWOGAUSSIANS",8,7.9781184,0.21086434,0.0073533375,0.4,0.0,0.14186522,0.008384637,0.71213645,0.0034884037,0.4,0.0,0.13451092,0.008639846
375316653866487564,6023838662275690240,0.47844756,2227.561095186464,0.4128959125886061,2.3102553E-5,19.615559,0.024727961,0.28323612,0.03683158,0.11919113,0.031326707,0.20766778,0.03561737,0.7406222,0.0071412236,0.078954495,0.0098617505,0.31799254,0.03936607,null,null,null,null,"TWOGAUSSIANS",8,1.5665685,0.7406222,0.0071412236,0.4,0.0,0.30693007,0.041680317,0.28323612,0.03683158,0.4,0.0,0.19646703,0.03056
375316653866487564,6023839207729418624,0.61764675,2178.705042061619,2.6934699661600154,1.0950537E-5,17.884693,0.011385678,0.22807853,0.0037773955,0.04939724,0.0046207556,0.51464176,0.04536125,0.7153304,0.009690101,0.03950553,0.022735426,0.30250338,9.42097,0.15286937,0.026626026,0.22807853,0.0037773955,"TWOGAUSSIANS_WITH_ELLIPSOIDAL_ON_ECLIPSE1",9,11.365675,0.22807853,0.0037773955,0.27662456,0.02587623,0.820379,0.023587704,0.7167404,0.008454304,0.22123097,0.12731838,0.606499,9.43321
375316653866487564,6023839315120873344,0.65404516,2200.2181206957043,2.4413962731862475,7.627452E-6,17.54846,0.009206457,0.16615948,0.0024571798,0.048784196,0.0052157245,0.20795567,0.025906691,0.6414134,0.0037777363,0.060946614,0.0036967958,0.20479037,0.021305326,0.120419435,0.011402497,0.16615948,0.0024571798,"TWOGAUSSIANS_WITH_ELLIPSOIDAL_ON_ECLIPSE1",9,2.6378684,0.16615948,0.0024571798,0.2731915,0.029208058,0.4487855,0.01635914,0.6477434,0.0024671117,0.34130102,0.020702057,0.44130838,0.007962554
375316653866487564,6023840375955986944,0.50046366,2211.3839915915746,3.9188988330627756,1.7513219E-5,17.729038,0.16965395,0.2688713,0.005137217,0.2258336,0.042513903,0.6330337,0.16889966,0.7626124,0.004955455,0.15318146,0.01924988,0.56476957,0.10961937,null,null,null,null,"TWOGAUSSIANS",8,6.9174457,0.7626124,0.004955455,0.4,0.0,0.18972261,0.01038297,0.2702713,0.004701709,0.4,0.0,0.15428357,0.011673758
375316653866487564,6023842166979163904,0.54030585,2255.9476876821236,0.12060569533440595,8.908004E-5,14.246425,0.0023248598,0.30798405,0.0026521191,0.0027042935,7.4894074E-4,0.41701716,0.2653356,0.61854905,0.01012144,0.03386699,0.009168418,0.019315843,0.005943415,0.0067115133,0.0029609308,0.30798405,0.0026521191,"TWOGAUSSIANS_WITH_ELLIPSOIDAL_ON_ECLIPSE1",9,45.128483,0.30798405,0.0026521191,0.015144044,0.0041940683,0.4304402,0.2668616,0.62218904,0.011391508,0.18965514,0.05134314,0.021273114,0.0059746644
375316653866487564,6023843163401626496,0.46633914,2216.1477130264843,2.155553145138154,2.2818378E-5,19.739786,0.024786491,0.21049942,0.0029559562,0.036705464,0.004684727,0.5187299,0.08120714,0.7240686,0.035350543,0.05607897,0.041875463,0.25524867,0.13947769,null,null,null,null,"TWOGAUSSIANS",8,3.849248,0.21049942,0.0029559562,0.2055506,0.026234472,0.5187298,0.08120871,0.7240686,0.035350543,0.31404224,0.20732102,0.25524852,0.13949253
375316653866487564,6023843365244665728,0.5127117,2227.124308728668,0.4231396083080913,4.2076063E-5,18.63214,0.008485452,0.13655403,1.2528531E-4,0.005318354,0.0032121032,0.6838529,0.24636336,0.26643232,0.06494876,0.0863315,0.035704523,0.041941546,0.011898144,null,null,null,null,"TWOGAUSSIANS",8,4.950491,0.13656403,1.4286287E-4,0.029782783,0.017987777,0.6973805,0.25456005,0.26643232,0.06494876,0.4,0.022983849,0.041941542,0.011898335
375316653866487564,6023843541360212992,0.54200894,2215.396433515695,1.7845094580909857,6.3556254E-6,19.194921,0.009781015,0.27183834,0.009740143,0.065160744,0.009639122,0.43928245,0.10555245,0.77812034,0.0036354263,0.07204139,0.003630471,0.51920515,0.024268975,null,null,null,null,"TWOGAUSSIANS",8,2.9313128,0.77812034,0.0036354263,0.4,0.0060762106,0.51814693,0.02437726,0.27183834,0.009740143,0.36490017,0.047220204,0.43822426,0.106235795
375316653866487564,6023844537792644480,0.50658107,2257.420666508063,3.2278960675355695,2.2362314E-5,19.343273,0.03954234,0.30411077,0.004640196,0.0941634,0.015836403,0.28956783,0.034051783,0.8007048,0.008142876,0.10813895,0.02249838,0.26708925,0.034724407,null,null,null,null,"TWOGAUSSIANS",8,1.4767752,0.30411077,0.0046473187,0.4,0.0,0.26458123,0.023423698,0.8007048,0.008142876,0.4,0.0,0.24209082,0.031745806
375316653866487564,6023844945792676992,0.49829397,2225.4705521911364,3.9682081120139587,3.0061754E-5,18.670652,0.04362963,0.18914661,0.02817624,0.03841781,0.031429477,0.17772084,1.858507,0.7155911,0.028453374,0.054788772,0.030521443,0.1779556,0.092591666,0.039757762,0.050769918,0.18914661,0.02817624,"TWOGAUSSIANS_WITH_ELLIPSOIDAL_ON_ECLIPSE1",9,7.965373,0.18914661,0.02817624,0.21513973,0.17600507,0.25723556,1.8591582,0.7155911,0.028453374,0.3068171,0.15550943,0.2552952,0.019673249
375316653866487564,6023847041740737792,0.49503392,2167.483855345875,0.951065493221879,2.1237482E-5,18.886032,0.0043361112,0.2835207,0.0059198383,0.05839358,0.0080269165,0.104358755,0.023334391,0.7821221,0.0017294908,0.042245794,0.0019934566,0.19903107,0.010335078,null,null,null,null,"TWOGAUSSIANS",8,1.1613953,0.7821221,0.0017294908,0.23657645,0.011163357,0.19902997,0.010334733,0.2835207,0.0059198383,0.32700405,0.04495073,0.10435766,0.023335144
375316653866487564,6023848622288772736,0.49062893,2168.3449419137787,0.17705249928772834,1.20190285E-4,18.623993,0.0056839637,0.33319,0.009417902,0.12834659,0.011894817,0.13485585,0.0054824697,0.67876524,0.012349427,0.02952519,0.0043441886,0.08688287,0.06819894,null,null,null,null,"TWOGAUSSIANS",8,1.4977617,0.33319,0.009417902,0.4,0.0,0.13471916,0.005360988,0.67876524,0.012349427,0.16534106,0.024327457,0.09034091,0.06816466
375316653866487564,6023851684596827264,0.53250235,2154.7176418301196,4.727123340707251,2.4434703E-5,19.70392,0.0045926636,0.15486404,0.0024661224,0.031975143,0.0042484114,0.7809791,0.36657572,0.52175474,0.021166988,0.11225602,0.013546695,0.048865292,0.008868822,null,null,null,null,"TWOGAUSSIANS",8,0.3587875,0.15487406,0.0024588217,0.1790608,0.023791105,0.78120315,0.3665714,0.52175474,0.021166988,0.4,0.0,0.048855215,0.008869356
375316653866487564,6023852303072212480,0.5630418,2156.67777948528,2.7761226022511063,1.2211047E-5,19.019714,0.014926005,0.3147002,0.01243296,0.07172859,0.009446678,0.49626216,0.18188766,0.81922454,0.0042602043,0.07867976,0.0042833397,0.55425745,0.025257394,null,null,null,null,"TWOGAUSSIANS",8,2.9130135,0.81922454,0.0042602043,0.4,0.0,0.5504714,0.024132233,0.3147002,0.01243296,0.4,0.03781172,0.49247614,0.1830948
375316653866487564,6023856769838026112,0.49423087,2209.7488738136853,3.608933526918261,1.0644743E-4,19.679985,0.020490112,0.23924755,1.9194673E-5,0.030749649,6.930233E-4,0.6413323,0.019416388,0.73445606,0.014665946,0.061561614,0.009903615,0.5218898,0.06861819,null,null,null,null,"TWOGAUSSIANS",8,8.45201,0.23924755,1.9194673E-5,0.17219803,0.0038809306,0.641332,0.019415243,0.73445606,0.014665946,0.34474504,0.05546025,0.52188945,0.068617985
375316653866487564,6023857113449049216,0.41725233,2167.6914306722415,0.2764402547865084,1.9830673E-4,17.065506,0.0013845771,0.66550183,0.0048706993,0.012703241,0.009746339,0.43526283,21.442518,null,null,null,null,null,null,null,null,null,null,"ONEGAUSSIAN",5,310.39572,0.66550183,0.0048706993,0.07113815,0.054579496,0.43526283,0.0,null,null,null,null,null,null
375316653866487564,6023858075510607488,0.53282785,2154.142982778915,1.8760764477019547,2.5281775E-5,19.722786,0.085430495,0.17390569,0.0063958103,0.047970213,0.022053003,0.25708807,0.16971594,0.7196226,0.034752864,0.03146008,0.038560826,1.4490136,1.0027697,0.08542038,0.098124385,0.17390569,0.0063958103,"TWOGAUSSIANS_WITH_ELLIPSOIDAL_ON_ECLIPSE1",9,3.3759077,0.7196226,0.034752864,0.17617646,0.21594062,1.6061411,1.1675363,0.17390569,0.0063958103,0.2686332,0.123496816,0.42792848,0.053367384
375316653866487564,6023858277375985024,0.590743,2176.8616275652503,1.831719241041888,5.9430795E-6,14.19464,0.41750765,0.22285968,0.0022775398,0.1421608,0.06372904,0.2687471,0.38563046,0.72400314,0.0019283155,0.14645642,0.061474055,0.28968853,0.39280477,null,null,null,null,"TWOGAUSSIANS",8,23.202993,0.7240631,0.0018014855,0.4,0.0,0.16716532,0.004262753,0.22277968,0.0024817572,0.4,0.0,0.1468232,0.0067001157
375316653866487564,6023858552254028288,0.56272507,2153.863680314802,1.5376421477441087,1.4645857E-5,18.157091,0.0044785133,0.26401445,0.0040983167,0.056153093,0.0042889337,0.15970163,0.0061993124,0.76276886,0.0085170595,0.062161542,0.008724717,0.17916174,0.0103902025,null,null,null,null,"TWOGAUSSIANS",8,1.7005042,0.76276886,0.0085170595,0.34810463,0.04885842,0.17911883,0.010383685,0.26401445,0.0040983167,0.31445733,0.024018029,0.15965872,0.006184769
375316653866487564,6023859449911367680,0.65413904,2188.4620533384787,1.622661984500974,6.6406833E-6,15.2777605,0.012904646,0.27199355,0.0018200675,0.053011026,0.0071590045,0.20250516,0.02433445,0.7737994,0.002931904,0.052223314,0.007090673,0.22080591,0.026906963,0.11298281,0.016770795,0.27199355,0.0018200675,"TWOGAUSSIANS_WITH_ELLIPSOIDAL_ON_ECLIPSE1",9,33.614475,0.7737994,0.002931904,0.29245055,0.03970777,0.4467367,0.011779959,0.27199355,0.0018200675,0.29686174,0.040090427,0.428465,0.01818709
375316653866487564,6023859656056254848,0.5247352,2184.4420150706455,3.8732753161227462,9.174569E-6,19.407953,0.012695399,0.20754641,0.0036243352,0.0666003,0.00415607,0.5224291,0.02774487,0.70682204,0.009335364,0.07235031,0.012633934,0.52326924,0.1064148,null,null,null,null,"TWOGAUSSIANS",8,2.128222,0.70682204,0.009335364,0.4,0.029616704,0.5216873,0.10810075,0.20754641,0.0036243352,0.3729617,0.023273991,0.52084726,0.027517455
375316653866487564,6023860201521480576,0.6105061,2191.0077317541345,1.4318198094130303,1.5717316E-5,18.992197,0.007880766,0.36658183,0.0027448144,0.044138983,0.0031298562,0.24092872,0.030488836,0.8555682,0.002607371,0.03553185,0.002463693,0.8824051,0.021483812,null,null,null,null,"TWOGAUSSIANS",8,2.2031312,0.8555682,0.002607371,0.19897836,0.013796681,0.8824051,0.021483812,0.36658183,0.0027448144,0.2471783,0.017527195,0.24092872,0.030488836
375316653866487564,6023861507191547008,0.4559645,2167.901631562685,0.6957971189237506,1.7058819E-4,17.611832,0.019217547,0.15922822,0.09040889,0.050939575,0.06302176,0.030115662,0.017203799,0.52590996,0.10801448,0.09298288,0.08984971,0.54800797,4.097426,null,null,null,null,"TWOGAUSSIANS",8,91.91641,0.52590996,0.10801448,0.4,0.30950317,0.5479853,4.0976963,0.16009822,0.09066276,0.2852616,0.16552325,0.030327277,0.019667232
375316653866487564,6023863156454602368,0.47581375,2172.7151159559535,3.1714968703010302,3.6603426E-5,18.256538,0.039792236,0.21791661,0.011602789,0.09319573,0.027162367,0.12758787,0.03886875,0.71647143,0.008833253,0.1162823,0.027848603,0.18981777,0.037165135,null,null,null,null,"TWOGAUSSIANS",8,7.03048,0.71647143,0.008833253,0.4,0.0,0.17181528,0.012272208,0.21791661,0.011639443,0.4,0.0,0.10962199,0.019223759
375316653866487564,6023865909542217856,0.48770684,2150.899029356258,0.7338508247789165,1.037246E-4,16.857225,0.006093257,0.4256117,0.07980087,0.11234066,0.051677275,0.032471854,0.01072962,0.6541424,0.0044025276,0.011708814,0.0040714727,0.44616017,7.4337783,null,null,null,null,"TWOGAUSSIANS",8,13.400824,0.6541424,0.0044025276,0.065569356,0.022800246,0.45025802,7.433914,0.4256117,0.07980087,0.4,0.0446168,0.032468613,0.0107241105
375316653866487564,6023870445014713344,0.4923868,2137.3934752782598,2.1846204096279647,6.820743E-5,19.538355,0.015959194,0.1764451,0.020699464,0.08477849,0.019581687,0.23266007,0.016005876,0.67215747,0.016728228,0.06674977,0.022185624,0.20176962,0.04351203,null,null,null,null,"TWOGAUSSIANS",8,1.7574826,0.1764451,0.020699464,0.4,0.022343062,0.23095247,0.014289647,0.67215747,0.016728228,0.3737987,0.07339416,0.20006205,0.045590583
375316653866487564,6023871230993216384,0.48637784,2168.05639930486,3.200218907843106,2.8941846E-5,19.337442,0.015442375,0.19099323,0.03695008,0.06418764,0.02235886,0.574373,0.38881692,0.7070268,0.009045652,0.06907797,0.015182714,0.2922234,0.0646099,null,null,null,null,"TWOGAUSSIANS",8,3.0605404,0.19099323,0.03695008,0.35945076,0.12520961,0.5739266,0.38901675,0.7070268,0.009045652,0.38683662,0.060793668,0.29177698,0.06530118
375316653866487564,6023871785057675904,0.6446064,2137.565739307167,1.3450145873836832,7.124106E-6,15.688773,0.0049650557,0.25582203,0.001979024,0.08529023,0.0028701269,0.3756735,0.008205061,0.77791226,0.017345095,0.07299191,0.00949178,0.24732037,0.0419779,null,null,null,null,"TWOGAUSSIANS",8,16.722353,0.25582203,0.001979024,0.4,0.0,0.3729951,0.008458908,0.77791226,0.017345095,0.4,0.0074102753,0.24464202,0.03893774
375316653866487564,6023872399228579968,0.5747729,2188.8774562785084,2.5495348335347727,1.2478725E-5,18.370825,0.008026511,0.31739566,0.0026738294,0.07911868,0.0048230416,0.34388262,0.014912507,0.81538206,0.002556472,0.079009145,0.003913358,0.3471489,0.01503753,null,null,null,null,"TWOGAUSSIANS",8,2.4194727,0.81538206,0.002556472,0.4,0.0,0.3426727,0.015276517,0.31739566,0.0026738294,0.4,0.0,0.33940646,0.015157669
375316653866487564,6023873090714256640,0.51877934,2181.935039610497,2.594936771625112,2.2348067E-5,19.18866,0.019383697,0.21208236,0.0034875677,0.074319996,0.006494918,0.5070273,0.05122536,0.71717507,0.003844581,0.0662633,0.0044567306,0.5138789,0.021256898,null,null,null,null,"TWOGAUSSIANS",8,4.168238,0.71717507,0.003844581,0.3710745,0.02495769,0.5122756,0.020122398,0.21208236,0.0034875677,0.4,0.009605516,0.505424,0.051647704
375316653866487564,6023876110076609408,0.46201745,2151.11747721413,3.6492779635386086,1.16498195E-4,17.903006,0.028512828,0.3469862,0.04029005,0.16219126,0.07820043,0.112250395,0.025659421,0.6581491,0.053904925,0.099327154,0.033058688,0.07596466,0.023721818,null,null,null,null,"TWOGAUSSIANS",8,5.2575436,0.35173622,0.037328843,0.4,0.0,0.10679665,0.014242522,0.6581491,0.053904925,0.4,0.0,0.087742634,0.016726155
375316653866487564,6023876316235030016,0.5194645,2176.766743359602,2.5413690045002104,1.8023962E-5,18.516115,0.012016728,0.31576654,0.0037264577,0.09506931,0.009261433,0.20133743,0.010238022,0.8144227,0.0060891164,0.08470457,0.00937907,0.25152758,0.017879613,null,null,null,null,"TWOGAUSSIANS",8,1.8604575,0.8144227,0.0060891164,0.4,0.0,0.24240585,0.018800799,0.31576654,0.0037264577,0.4,0.0,0.1922153,0.0068923724
375316653866487564,6023876694203191296,0.5381633,2204.9005804900526,2.657856411871229,2.2149621E-5,18.17613,0.013793297,0.20833299,0.011985882,0.08674097,0.011178909,0.20598903,0.023968803,0.7068078,0.0080488855,0.08579315,0.011080709,0.2162061,0.019844467,null,null,null,null,"TWOGAUSSIANS",8,4.6882567,0.7068078,0.0080488855,0.4,0.0,0.21003303,0.018362878,0.20833299,0.011985882,0.4,0.0,0.19981594,0.02459751
375316653866487564,6023877935437883904,0.49540815,2119.064408422585,3.443366612091929,2.9256486E-5,19.37971,0.027563782,0.2189563,0.007732557,0.081070594,0.010156804,0.3083266,0.027049145,0.73015934,0.0069544315,0.086944394,0.009169227,0.37260118,0.026479442,null,null,null,null,"TWOGAUSSIANS",8,3.3993452,0.73015934,0.0069544315,0.4,0.0,0.36596322,0.019291012,0.2189563,0.007732557,0.4,0.0,0.3016887,0.02121951
375316653866487564,6023879339892274944,0.5607422,2186.943613042288,1.2115339421689038,6.0377075E-5,17.159645,0.004667766,0.15621997,0.0055263406,0.037399907,0.0070198537,0.06518374,0.013335286,0.6496148,0.024096109,0.03203405,0.01076977,0.39063832,0.25841433,null,null,null,null,"TWOGAUSSIANS",8,9.244752,0.6496148,0.024096109,0.17939068,0.06031071,0.39063832,0.25841433,0.15621997,0.0055263406,0.20943947,0.03931118,0.06518374,0.013335286
