Gaia/vari_eclipsing_binary/VariEclipsingBinary_663716-663836.csv
# %ECSV 1.0
# ---
# delimiter: ','
# meta: !!omap
# - RELEASE: Gaia DR3
# - TABLE: vari_eclipsing_binary
# - DESCRIPTION: >
#     This table describes the properties of the eclipsing binaries resulting from the variability analysis. 
# - CITATION: >
#     How to cite and acknowledge Gaia: 
#     https://gea.esac.esa.int/archive/documentation/credits.html 
# - KNOWN_ISSUES: >
#     Known issues: 
#     https://www.cosmos.esa.int/web/gaia-users/known-issues 
# - DOCUMENTATION: >
#     Tutorials and documentation: 
#     https://www.cosmos.esa.int/web/gaia-users/archive 
# datatype:
# - 
#   name: solution_id
#   datatype: int64
#   description: Solution Identifier
#   meta:
#     ucd: meta.version
# - 
#   name: source_id
#   datatype: int64
#   description: Unique source identifier
#   meta:
#     ucd: meta.id;meta.main
# - 
#   name: global_ranking
#   datatype: float32
#   description: Number between 0 (worst) and 1 (best)
#   meta:
#     ucd: stat.param
# - 
#   name: reference_time
#   datatype: float64
#   unit: d
#   description: Reference time used for the geometric model fit
#   meta:
#     ucd: time.epoch
# - 
#   name: frequency
#   datatype: float64
#   unit: d**-1
#   description: Frequency of geometric model of the eclipsing binary light curve
#   meta:
#     ucd: src.orbital
# - 
#   name: frequency_error
#   datatype: float32
#   unit: d**-1
#   description: "Uncertainty of \\texttt{frequency}"
#   meta:
#     ucd: stat.error
# - 
#   name: geom_model_reference_level
#   datatype: float32
#   unit: mag
#   description: Magnitude reference level of geometric model
#   meta:
#     ucd: phot.mag;em.opt
# - 
#   name: geom_model_reference_level_error
#   datatype: float32
#   unit: mag
#   description: "Uncertainty of \\texttt{geomModelReferenceLevel}"
#   meta:
#     ucd: stat.error;phot.mag;em.opt
# - 
#   name: geom_model_gaussian1_phase
#   datatype: float32
#   description: Phase of the Gaussian 1 component
#   meta:
#     ucd: time.phase
# - 
#   name: geom_model_gaussian1_phase_error
#   datatype: float32
#   description: "Uncertainty of \\texttt{geomModelGaussian1Phase}"
#   meta:
#     ucd: stat.error;time.phase
# - 
#   name: geom_model_gaussian1_sigma
#   datatype: float32
#   description: "Standard deviation [phase] of Gaussian 1 component"
#   meta:
#     ucd: stat.stdev
# - 
#   name: geom_model_gaussian1_sigma_error
#   datatype: float32
#   description: "Uncertainty of \\texttt{geomModelGaussian1Sigma}"
#   meta:
#     ucd: stat.error
# - 
#   name: geom_model_gaussian1_depth
#   datatype: float32
#   unit: mag
#   description: Magnitude depth of Gaussian 1 component
#   meta:
#     ucd: src.var.amplitude
# - 
#   name: geom_model_gaussian1_depth_error
#   datatype: float32
#   unit: mag
#   description: "Uncertainty of \\texttt{geomModelGaussian1Depth}"
#   meta:
#     ucd: stat.error;src.var.amplitude
# - 
#   name: geom_model_gaussian2_phase
#   datatype: float32
#   description: Phase of Gaussian 2 component
#   meta:
#     ucd: time.phase
# - 
#   name: geom_model_gaussian2_phase_error
#   datatype: float32
#   description: "Uncertainty of \\texttt{geomModelGaussian2Phase}"
#   meta:
#     ucd: stat.error;time.phase
# - 
#   name: geom_model_gaussian2_sigma
#   datatype: float32
[...]
#   datatype: float32
#   description: "Secondary eclipse: uncertainty of \\texttt{derivedSecondaryEclDuration}"
#   meta:
#     ucd: stat.error;time.duration
# - 
#   name: derived_secondary_ecl_depth
#   datatype: float32
#   unit: mag
#   description: "Secondary eclipse: depth"
#   meta:
#     ucd: src.var.amplitude
# - 
#   name: derived_secondary_ecl_depth_error
#   datatype: float32
#   unit: mag
#   description: "Secondary eclipse: uncertainty of \\texttt{derivedSecondaryEclDepth}"
#   meta:
#     ucd: stat.error;src.var.amplitude
solution_id,source_id,global_ranking,reference_time,frequency,frequency_error,geom_model_reference_level,geom_model_reference_level_error,geom_model_gaussian1_phase,geom_model_gaussian1_phase_error,geom_model_gaussian1_sigma,geom_model_gaussian1_sigma_error,geom_model_gaussian1_depth,geom_model_gaussian1_depth_error,geom_model_gaussian2_phase,geom_model_gaussian2_phase_error,geom_model_gaussian2_sigma,geom_model_gaussian2_sigma_error,geom_model_gaussian2_depth,geom_model_gaussian2_depth_error,geom_model_cosine_half_period_amplitude,geom_model_cosine_half_period_amplitude_error,geom_model_cosine_half_period_phase,geom_model_cosine_half_period_phase_error,model_type,num_model_parameters,reduced_chi2,derived_primary_ecl_phase,derived_primary_ecl_phase_error,derived_primary_ecl_duration,derived_primary_ecl_duration_error,derived_primary_ecl_depth,derived_primary_ecl_depth_error,derived_secondary_ecl_phase,derived_secondary_ecl_phase_error,derived_secondary_ecl_duration,derived_secondary_ecl_duration_error,derived_secondary_ecl_depth,derived_secondary_ecl_depth_error
[from data line 580]
375316653866487564,5839155339112936320,0.50408983,2225.4197137496044,4.018892117191516,8.388689E-6,18.65657,0.005486234,0.13709535,0.0036219764,0.07359035,0.005893157,0.1528465,0.008235788,0.65221673,0.0035959403,0.072566666,0.0039829877,0.14998922,0.007962311,null,null,null,null,"TWOGAUSSIANS",8,1.6369902,0.13709535,0.0036219764,0.4,0.0,0.15223852,0.008286523,0.65221673,0.0035959403,0.4,0.0028246087,0.14938125,0.0078008263
375316653866487564,5839156408567950080,0.63829947,2212.209587959625,2.877702714037246,4.0366E-6,16.985172,0.006233576,0.27702868,0.0011204771,0.045985933,0.0018780632,0.5208173,0.016135544,0.77734673,4.0719172E-4,0.038290016,0.0014571303,0.32880378,0.015827738,0.14489299,0.011102405,0.27702868,0.0011204771,"TWOGAUSSIANS_WITH_ELLIPSOIDAL_ON_ECLIPSE1",9,14.814804,0.27702868,0.0011204771,0.2575212,0.010517154,0.8106031,0.018402576,0.77734673,3.9036223E-4,0.2144241,0.00815993,0.61858845,0.008893394
375316653866487564,5839156614719584896,0.48721126,2217.0781490242935,3.0178310512972226,2.1500102E-5,19.880327,0.013040239,0.25299603,0.0054172873,0.07048756,0.00517747,0.46546897,0.041019168,0.75473493,0.008788923,0.08504413,0.009670096,0.41050628,0.04112635,null,null,null,null,"TWOGAUSSIANS",8,2.5258918,0.25299603,0.0054172873,0.39473033,0.022076782,0.46071777,0.040967353,0.75473493,0.008788923,0.4,0.0,0.40575504,0.041866325
375316653866487564,5839158298353609856,0.5917809,2180.8013379979943,2.627910858006764,6.3790317E-6,16.955011,0.004342973,0.23845468,0.0019971088,0.07768062,0.0022549452,0.30486757,0.009865123,0.73258775,0.0022396834,0.08011303,0.0029667264,0.32741606,0.0068790717,null,null,null,null,"TWOGAUSSIANS",8,8.901903,0.73258775,0.0022396834,0.4,0.0,0.32370883,0.006882939,0.23845468,0.0019971088,0.4,0.0,0.3011603,0.009922213
375316653866487564,5839158672008210304,0.56133115,2183.5248059573987,3.090493880401905,1.8550018E-5,17.661846,0.013380748,0.2505105,0.0038795911,0.051935483,0.012408348,0.16461147,0.03053755,0.7463964,0.0075102244,0.03886161,0.009807974,0.09473407,0.03347993,0.09078117,0.016810523,0.2505105,0.0038795911,"TWOGAUSSIANS_WITH_ELLIPSOIDAL_ON_ECLIPSE1",9,8.728651,0.2505105,0.0038795911,0.2908387,0.06948675,0.34617227,0.018645568,0.74716645,0.00640027,0.217625,0.054924652,0.27619612,0.015423683
375316653866487564,5839160188139191552,0.6529377,2184.015870596429,3.612462031216609,2.8456202E-6,16.69331,0.012885717,0.18442559,0.0011271654,0.043076262,0.0019837825,0.4918118,0.030666856,0.68323267,0.0012382001,0.0498143,0.002728657,0.50603455,0.026331754,0.12571985,0.016204488,0.18442559,0.0011271654,"TWOGAUSSIANS_WITH_ELLIPSOIDAL_ON_ECLIPSE1",9,18.66285,0.6833427,0.0010995958,0.27896008,0.01528048,0.7574594,0.012592319,0.18442559,0.0011271654,0.24122706,0.011109182,0.74324954,0.011796056
375316653866487564,5839161081492414208,0.586079,2149.285297559274,2.212930857671743,7.1937125E-6,16.298157,0.0074382727,0.22541253,0.0028036262,0.065371744,0.005756348,0.20657893,0.021860806,0.74451804,0.00327673,0.043957125,0.0033843298,0.3019313,0.032509074,0.14958148,0.012005502,0.22541253,0.0028036262,"TWOGAUSSIANS_WITH_ELLIPSOIDAL_ON_ECLIPSE1",9,55.057045,0.74451804,0.00327673,0.24615991,0.018952247,0.59666693,0.030569619,0.22541253,0.0028036262,0.36608177,0.032235548,0.505605,0.012152196
375316653866487564,5839168606275755008,0.5570479,2218.1969532751723,2.673932822816239,9.382316E-6,16.37787,0.008930207,0.1881025,0.0028817104,0.08641033,0.004093935,0.31843463,0.008627574,0.6871271,0.0036811677,0.08370037,0.0051233913,0.30451116,0.012016667,null,null,null,null,"TWOGAUSSIANS",8,38.215904,0.1881025,0.0028817104,0.4,0.0,0.31028432,0.006021597,0.6871271,0.0036811677,0.4,0.0,0.29636088,0.0111907
375316653866487564,5839171217615683328,0.58754885,2215.0300515648273,1.0754596979841207,9.363229E-6,15.086236,7.671778E-4,0.2915167,0.0012726615,0.024764014,0.004786937,0.2303012,0.1372252,0.7782914,0.009433126,0.008820587,0.012207736,0.0049645994,0.005291023,0.035157673,0.001757363,0.2915167,0.0012726615,"TWOGAUSSIANS_WITH_ELLIPSOIDAL_ON_ECLIPSE1",9,8.375066,0.2915167,0.0012726615,0.13867848,0.026806848,0.30061653,0.1382325,0.7793514,0.011346818,0.049395286,0.068363324,0.074834205,0.0065365466
