Gaia/vari_eclipsing_binary/VariEclipsingBinary_462535-462547.csv
# %ECSV 1.0
# ---
# delimiter: ','
# meta: !!omap
# - RELEASE: Gaia DR3
# - TABLE: vari_eclipsing_binary
# - DESCRIPTION: >
#     This table describes the properties of the eclipsing binaries resulting from the variability analysis. 
# - CITATION: >
#     How to cite and acknowledge Gaia: 
#     https://gea.esac.esa.int/archive/documentation/credits.html 
# - KNOWN_ISSUES: >
#     Known issues: 
#     https://www.cosmos.esa.int/web/gaia-users/known-issues 
# - DOCUMENTATION: >
#     Tutorials and documentation: 
#     https://www.cosmos.esa.int/web/gaia-users/archive 
# datatype:
# - 
#   name: solution_id
#   datatype: int64
#   description: Solution Identifier
#   meta:
#     ucd: meta.version
# - 
#   name: source_id
#   datatype: int64
#   description: Unique source identifier
#   meta:
#     ucd: meta.id;meta.main
# - 
#   name: global_ranking
#   datatype: float32
#   description: Number between 0 (worst) and 1 (best)
#   meta:
#     ucd: stat.param
# - 
#   name: reference_time
#   datatype: float64
#   unit: d
#   description: Reference time used for the geometric model fit
#   meta:
#     ucd: time.epoch
# - 
#   name: frequency
#   datatype: float64
#   unit: d**-1
#   description: Frequency of geometric model of the eclipsing binary light curve
#   meta:
#     ucd: src.orbital
# - 
#   name: frequency_error
#   datatype: float32
#   unit: d**-1
#   description: "Uncertainty of \\texttt{frequency}"
#   meta:
#     ucd: stat.error
# - 
#   name: geom_model_reference_level
#   datatype: float32
#   unit: mag
#   description: Magnitude reference level of geometric model
#   meta:
#     ucd: phot.mag;em.opt
# - 
#   name: geom_model_reference_level_error
#   datatype: float32
#   unit: mag
#   description: "Uncertainty of \\texttt{geomModelReferenceLevel}"
#   meta:
#     ucd: stat.error;phot.mag;em.opt
# - 
#   name: geom_model_gaussian1_phase
#   datatype: float32
#   description: Phase of the Gaussian 1 component
#   meta:
#     ucd: time.phase
# - 
#   name: geom_model_gaussian1_phase_error
#   datatype: float32
#   description: "Uncertainty of \\texttt{geomModelGaussian1Phase}"
#   meta:
#     ucd: stat.error;time.phase
# - 
#   name: geom_model_gaussian1_sigma
#   datatype: float32
#   description: "Standard deviation [phase] of Gaussian 1 component"
#   meta:
#     ucd: stat.stdev
# - 
#   name: geom_model_gaussian1_sigma_error
#   datatype: float32
#   description: "Uncertainty of \\texttt{geomModelGaussian1Sigma}"
#   meta:
#     ucd: stat.error
# - 
#   name: geom_model_gaussian1_depth
#   datatype: float32
#   unit: mag
#   description: Magnitude depth of Gaussian 1 component
#   meta:
#     ucd: src.var.amplitude
# - 
#   name: geom_model_gaussian1_depth_error
#   datatype: float32
#   unit: mag
#   description: "Uncertainty of \\texttt{geomModelGaussian1Depth}"
#   meta:
#     ucd: stat.error;src.var.amplitude
# - 
#   name: geom_model_gaussian2_phase
#   datatype: float32
#   description: Phase of Gaussian 2 component
#   meta:
#     ucd: time.phase
# - 
#   name: geom_model_gaussian2_phase_error
#   datatype: float32
#   description: "Uncertainty of \\texttt{geomModelGaussian2Phase}"
#   meta:
#     ucd: stat.error;time.phase
# - 
#   name: geom_model_gaussian2_sigma
#   datatype: float32
[...]
#   datatype: float32
#   description: "Secondary eclipse: uncertainty of \\texttt{derivedSecondaryEclDuration}"
#   meta:
#     ucd: stat.error;time.duration
# - 
#   name: derived_secondary_ecl_depth
#   datatype: float32
#   unit: mag
#   description: "Secondary eclipse: depth"
#   meta:
#     ucd: src.var.amplitude
# - 
#   name: derived_secondary_ecl_depth_error
#   datatype: float32
#   unit: mag
#   description: "Secondary eclipse: uncertainty of \\texttt{derivedSecondaryEclDepth}"
#   meta:
#     ucd: stat.error;src.var.amplitude
solution_id,source_id,global_ranking,reference_time,frequency,frequency_error,geom_model_reference_level,geom_model_reference_level_error,geom_model_gaussian1_phase,geom_model_gaussian1_phase_error,geom_model_gaussian1_sigma,geom_model_gaussian1_sigma_error,geom_model_gaussian1_depth,geom_model_gaussian1_depth_error,geom_model_gaussian2_phase,geom_model_gaussian2_phase_error,geom_model_gaussian2_sigma,geom_model_gaussian2_sigma_error,geom_model_gaussian2_depth,geom_model_gaussian2_depth_error,geom_model_cosine_half_period_amplitude,geom_model_cosine_half_period_amplitude_error,geom_model_cosine_half_period_phase,geom_model_cosine_half_period_phase_error,model_type,num_model_parameters,reduced_chi2,derived_primary_ecl_phase,derived_primary_ecl_phase_error,derived_primary_ecl_duration,derived_primary_ecl_duration_error,derived_primary_ecl_depth,derived_primary_ecl_depth_error,derived_secondary_ecl_phase,derived_secondary_ecl_phase_error,derived_secondary_ecl_duration,derived_secondary_ecl_duration_error,derived_secondary_ecl_depth,derived_secondary_ecl_depth_error
[from data line 702]
375316653866487564,4068594142656432768,0.4771363,2504.8366277300534,4.050377814342159,1.3885688E-5,18.630816,0.058245886,0.27705318,0.005177007,0.04652846,0.008068278,0.2553757,0.039271735,0.72176045,0.059751205,0.12935853,0.122827284,0.10328728,0.059072394,null,null,null,null,"TWOGAUSSIANS",8,1.688919,0.2771132,0.0046653925,0.26055935,0.04518236,0.25412086,0.033260766,0.72176045,0.059751205,0.4,0.0,0.10174155,0.045912452
375316653866487564,4068594245735299712,0.43264598,2514.097733267629,4.0568383841722975,2.8874655E-4,19.04475,0.014355167,0.2597071,0.011992261,0.036514044,0.010642752,0.1758556,0.038141105,0.6211947,0.037690666,0.046739474,0.047565673,0.529247,0.25509658,null,null,null,null,"TWOGAUSSIANS",8,4.803945,0.6211947,0.037690666,0.26174104,0.14156769,0.529247,0.25509757,0.2597071,0.011970888,0.20447865,0.05959941,0.1758556,0.038387656
375316653866487564,4068594417535023488,0.51656795,2428.319161697323,0.5248106025849707,2.5985477E-5,18.72635,0.0052251546,0.17834291,0.015364141,0.05400509,0.013574097,0.10256037,0.040514186,0.6792832,0.003800471,0.04499251,0.0042551807,0.3571222,0.028229406,null,null,null,null,"TWOGAUSSIANS",8,3.61557,0.6792832,0.003800471,0.25195807,0.023829011,0.35712123,0.028229948,0.17834291,0.015364141,0.3024285,0.07601494,0.102559395,0.040514983
375316653866487564,4068594417535149056,0.5565314,2447.1173573750443,3.153052845204183,9.539463E-6,18.21439,0.0039460706,0.27563626,0.002432051,0.027180644,0.005980823,0.069424786,0.012267298,0.76545274,0.03179991,0.026427032,0.021123966,0.064287096,0.02136442,0.11072622,0.0060496717,0.27563626,0.002432051,"TWOGAUSSIANS_WITH_ELLIPSOIDAL_ON_ECLIPSE1",9,3.4096127,0.27563626,0.002432051,0.1522116,0.03349261,0.29087713,0.009855597,0.76708275,0.030074097,0.14799139,0.11829421,0.28497824,0.015636645
375316653866487564,4068594451894627200,0.4364817,2458.547539090823,0.8561380691371729,3.6884256E-5,19.73052,0.01197894,0.438158,0.011727179,0.092595175,0.019448536,0.23988223,0.03248621,0.9015129,0.0032963853,0.019017901,0.014119195,0.11135826,0.05211067,null,null,null,null,"TWOGAUSSIANS",8,2.7601607,0.438158,0.011727179,0.4,0.0,0.23987906,0.032495096,0.9015129,0.0032963853,0.10650025,0.07906749,0.111355975,0.05214418
375316653866487564,4068594623693712000,0.4308156,2492.5155676983736,3.971896513088186,4.2888183E-5,19.52847,0.036230862,0.19983174,0.0045174933,0.0065296665,0.0059834053,0.5641113,1.3945708,0.5077787,0.051167123,0.04772223,0.09218486,0.18179914,0.03343398,null,null,null,null,"TWOGAUSSIANS",8,6.8730044,0.19983174,0.004517182,0.03656613,0.033507068,0.5641113,1.394166,0.5077787,0.051167123,0.2672445,0.2268924,0.18179914,0.033434737
375316653866487564,4068594623702832512,0.485769,2421.9112399397945,2.0762278904645957,1.9590529E-5,17.54743,0.0022907378,0.26823026,0.0031447718,0.035558768,0.0020093096,0.14023872,0.0076470366,0.7692456,0.020291949,0.033885833,0.039734337,0.041483246,0.05001484,null,null,null,null,"TWOGAUSSIANS",8,3.461081,0.26823026,0.0031447718,0.1991291,0.011252133,0.14023872,0.0076470366,0.7692456,0.020291949,0.18976066,0.2225123,0.041483246,0.05001484
375316653866487564,4068595001650576640,0.4662369,2535.193742724181,4.1050636560504365,3.4681707E-5,19.237288,0.014223524,0.34656695,0.005832991,0.067307286,0.008135871,0.31182632,0.045668714,0.8565027,0.009332373,0.06928996,0.011446091,0.14459886,0.022931501,null,null,null,null,"TWOGAUSSIANS",8,1.3525264,0.34656695,0.005832991,0.37692082,0.045560878,0.3114312,0.045762762,0.8565027,0.009332373,0.38802376,0.055413444,0.14420375,0.02274938
375316653866487564,4068595276529361920,0.4313733,2514.354475433918,3.9656090522199903,5.049567E-5,18.165993,0.06341458,0.27273393,0.007459533,0.028058166,0.0085069025,0.29477566,0.08482681,0.73468596,0.05071566,0.1052677,0.07143514,0.3183189,0.049586438,null,null,null,null,"TWOGAUSSIANS",8,5.5280094,0.73468596,0.05071566,0.4,0.0,0.3181677,0.04563279,0.27273393,0.0073479717,0.15712573,0.047638655,0.29464608,0.088560894
375316653866487564,4068596822717133312,0.4886279,2529.33292354118,1.9131250631672734,1.4083795E-4,19.369383,0.011193558,0.20635633,0.011643672,0.060650814,0.012926783,0.25903448,0.03107799,0.6688398,0.007620309,0.037091564,0.006845041,0.40781203,0.08904198,null,null,null,null,"TWOGAUSSIANS",8,1.1860332,0.6688398,0.007620309,0.20771275,0.03833223,0.40781188,0.089042924,0.20635633,0.011643672,0.33964455,0.07238998,0.25903434,0.03107825
375316653866487564,4068597200673982976,0.5400988,2433.933089070346,2.4950038623252238,2.1101316E-5,18.644844,0.017118538,0.22835864,0.0030761291,0.08011686,0.005738892,0.4416025,0.020804686,0.7341548,0.0030300664,0.07479678,0.0054286513,0.5126359,0.021284549,null,null,null,null,"TWOGAUSSIANS",8,7.9238186,0.7341548,0.0030300664,0.4,0.0,0.5080439,0.02055672,0.22835864,0.0030761291,0.4,0.0,0.4370105,0.020455478
375316653866487564,4068597338112873856,0.46059224,2423.367996971207,2.3636517733982605,2.2331089E-5,19.576107,0.0069243596,0.21182849,0.016260002,0.07160405,0.0126966685,0.19726227,0.021445196,0.58859456,0.008486056,0.026780259,0.0053070243,0.15169865,0.019795727,null,null,null,null,"TWOGAUSSIANS",8,3.2725554,0.21182849,0.016260002,0.4,0.048698653,0.19726227,0.021445196,0.58859456,0.008486056,0.14996944,0.029719336,0.15169884,0.019795638
375316653866487564,4068597338113017216,0.5029539,2465.224861801395,1.0071407136584687,1.1179429E-5,19.584673,0.019006845,0.28154913,0.00437593,0.040667206,0.0037640245,0.6594023,0.05939215,0.73614764,0.0062570637,0.026365977,0.008114917,0.22774419,0.042192526,0.11665877,0.021610579,0.28154913,0.00437593,"TWOGAUSSIANS_WITH_ELLIPSOIDAL_ON_ECLIPSE1",9,9.780941,0.28154913,0.00437593,0.22773635,0.021078536,0.8927198,0.061549567,0.7384677,0.0068911407,0.14764947,0.04544354,0.4434995,0.027050335
375316653866487564,4068597402533387648,0.52935404,2430.271704708378,1.9468369532683547,1.4985242E-5,15.843265,0.0037328564,0.2428474,0.015700584,0.028769035,0.019414946,0.06848659,1.4968566,0.74615073,0.0035521386,0.027488962,0.017941892,0.061221946,1630.5564,0.08422823,0.004839085,0.74615073,0.0035521386,"TWOGAUSSIANS_WITH_ELLIPSOIDAL_ON_ECLIPSE2",9,34.845093,0.2433074,0.015423348,0.1611066,0.1087237,0.23688038,1.4960579,0.74615073,0.0035521386,0.15393819,0.10047459,0.22967824,1630.5535
375316653866487564,4068597441192966144,0.44755828,2509.3897099848577,4.0558262105336444,2.4062272E-5,19.095032,0.029622288,0.2693892,0.08167629,0.0573242,0.096961014,0.10265707,0.048783418,0.7868951,0.0115260165,0.016205361,0.007071911,0.31885734,0.13708298,null,null,null,null,"TWOGAUSSIANS",8,2.8055956,0.7868951,0.011526739,0.09075002,0.0396027,0.31885734,0.13716175,0.2693892,0.08167629,0.32101554,0.18665269,0.10265707,0.048754692
375316653866487564,4068597612991593984,0.49897903,2460.8961840954275,1.9622757296779647,5.5095417E-5,19.69012,0.022989878,0.3371252,0.015569451,0.06765701,0.0123533495,0.40774065,0.03424141,0.8317315,0.012590165,0.07991929,0.012639777,0.27217716,0.03893188,null,null,null,null,"TWOGAUSSIANS",8,3.653224,0.3371252,0.015569451,0.37887922,0.049030017,0.40589327,0.032442126,0.8317315,0.012590165,0.4,0.0,0.2703298,0.038201936
375316653866487564,4068597647361148160,0.5948188,2433.0654774247446,2.881595639867242,5.424693E-6,18.903683,0.018873995,0.2566676,0.002720841,0.037997738,0.0056960154,0.50697845,0.04719403,0.762075,0.0019285134,0.042201944,0.0029784983,0.6094422,0.038719796,0.14407516,0.024005942,0.2566676,0.002720841,"TWOGAUSSIANS_WITH_ELLIPSOIDAL_ON_ECLIPSE1",9,4.7417183,0.762075,0.0019285134,0.23633088,0.01667959,0.89725965,0.012440838,0.2566676,0.002720841,0.21278732,0.031897686,0.79512846,0.03678953
375316653866487564,4068597922325717120,0.47124138,2456.7095896036903,0.5042329150284627,2.2752365E-5,17.477026,0.0047703832,0.14832714,0.022004975,0.03084346,0.014205356,0.06956051,0.007927165,0.6343794,0.016586898,0.06525345,0.059695646,0.08093748,0.31754524,null,null,null,null,"TWOGAUSSIANS",8,3.0978196,0.6343794,0.016586898,0.36541933,0.33258867,0.0809374,0.31754547,0.14832714,0.022004975,0.17272337,0.07954999,0.06956042,0.007927009
375316653866487564,4068598334546479872,0.42944214,2517.189045798031,0.6705351793720977,2.0622905E-5,19.400805,0.013268883,0.4243743,0.0074152607,0.037093155,0.005748031,0.40613857,0.14666581,0.66375464,0.0068163914,0.013857069,0.0049009323,0.4053364,0.041622814,null,null,null,null,"TWOGAUSSIANS",8,4.8293324,0.4243743,0.0074152607,0.20772168,0.032188974,0.40613857,0.14666581,0.66375464,0.0068163914,0.07759959,0.02744522,0.4053364,0.041622814
375316653866487564,4068598403266497024,0.4921028,2419.157304127941,0.8339954414229536,3.844966E-5,19.37985,0.008675718,0.36777866,2.3814836E-4,0.015578011,4.0926525E-4,0.757411,0.034323875,0.6708649,0.009930454,0.031078482,0.007865367,0.08561412,0.013781236,null,null,null,null,"TWOGAUSSIANS",8,2.822155,0.36777866,2.3814836E-4,0.08723687,0.0022918854,0.757411,0.034323875,0.6708649,0.009930454,0.1740395,0.04404606,0.08561412,0.013781236
375316653866487564,4068598643784907008,0.42847672,2484.690182195493,0.3498510487565045,1.939445E-5,17.706299,0.005303845,0.2704895,0.007325254,0.025041778,0.007051693,0.2509924,0.05261109,0.7411572,8.0294407E-4,0.021852978,0.0012664056,0.24978654,0.034997303,null,null,null,null,"TWOGAUSSIANS",8,9.238308,0.2704895,0.007325254,0.14023395,0.03948948,0.2509924,0.05261109,0.7411572,8.0294407E-4,0.12237667,0.007091871,0.24978654,0.034997303
375316653866487564,4068598678145484928,0.44914624,2452.7254803532505,2.740888164639963,3.5099565E-5,19.556574,0.06539911,0.25790083,0.01363756,0.08931046,0.021306427,0.5595139,0.082784794,0.74578166,0.011340874,0.07227885,0.022760367,0.653208,0.04613781,null,null,null,null,"TWOGAUSSIANS",8,18.541458,0.74578166,0.011340874,0.4,0.037275653,0.64536256,0.050535496,0.25790083,0.01363756,0.4,0.0,0.5516682,0.07842159
375316653866487564,4068598678145491840,0.5638686,2436.600905999732,0.7619778256468114,1.383939E-5,17.371094,0.0019960098,0.37115276,0.0015266213,0.023736233,0.0011646058,0.36739013,0.0049229036,0.87093794,0.011404155,0.022509824,0.0047960533,0.39570746,0.11555471,null,null,null,null,"TWOGAUSSIANS",8,5.6734433,0.87093794,0.011404155,0.12605502,0.026857898,0.39570746,0.11555471,0.37115276,0.0015266213,0.1329229,0.006521793,0.36739013,0.0049229036
375316653866487564,4068598884304216192,0.4802514,2465.2526157400325,1.9792715469280864,4.1818137E-5,19.811148,0.00689045,0.29041082,0.008861305,0.06978287,0.017821418,0.09277511,0.02039574,0.70710504,0.075242124,0.033020284,0.028671885,0.09061684,0.05195779,0.07965395,0.0066015786,0.29041082,0.008861305,"TWOGAUSSIANS_WITH_ELLIPSOIDAL_ON_ECLIPSE1",9,1.3330238,0.29041082,0.008861305,0.39078408,0.07018611,0.2519335,0.018831452,0.717145,0.06377453,0.18491359,0.16056256,0.21424039,0.017325098
375316653866487564,4068599257992823168,0.56978947,2424.83424282061,0.5754158610536768,2.6299213E-5,18.39931,0.0036569752,0.16453119,5.802435E-4,0.0144080175,4.1208588E-4,0.7147323,0.0037496027,0.6622203,9.91996E-4,0.01343467,0.0010478024,0.6067905,0.017509364,null,null,null,null,"TWOGAUSSIANS",8,4.7259765,0.16453119,5.802435E-4,0.0806849,0.002307681,0.7147323,0.0037496027,0.6622203,9.91996E-4,0.07523415,0.0058676936,0.6067905,0.017509364
375316653866487564,4068599399700977408,0.56823266,2437.891650736665,1.3873931649814497,6.47385E-6,16.826042,0.0047772964,0.22624785,0.0068569942,0.06079127,0.007175823,0.15484531,0.02318644,0.7428295,0.002183505,0.041861665,0.0067583765,0.03641305,0.0107258875,0.07826378,0.0056184367,0.7428295,0.002183505,"TWOGAUSSIANS_WITH_ELLIPSOIDAL_ON_ECLIPSE2",9,7.7934613,0.23001784,0.005139824,0.3404311,0.04018461,0.310052,0.021735152,0.7428295,0.002183505,0.23442532,0.037846908,0.19292931,0.0042407317
375316653866487564,4068599468513353088,0.4239802,2506.943420566185,0.5709824975158486,2.6219277E-5,19.005507,0.00835762,0.099543855,0.004769901,0.018814918,0.008703834,1.382778,3.0403435,0.30202174,0.0063488735,0.01998111,0.0064565907,0.14279722,0.13721846,0.024100112,0.017482646,0.099543855,0.004769901,"TWOGAUSSIANS_WITH_ELLIPSOIDAL_ON_ECLIPSE1",9,5.849448,0.099543855,0.004769901,0.10536354,0.04874147,1.4309781,3.0478241,0.30202174,0.0063488735,0.11189421,0.036156908,0.14696817,0.13781558
375316653866487564,4068599537139756160,0.4053938,2475.516350587356,0.7038184913200155,3.1235068E-5,19.437344,0.9006619,0.2687873,0.01200266,0.15910444,0.16090964,0.57362187,0.71674746,0.7800588,0.023364736,0.1548603,0.11497701,0.42739445,0.8054419,null,null,null,null,"TWOGAUSSIANS",8,11.980882,0.2677873,0.011438872,0.4,0.22408059,0.3163282,0.55006456,0.7822488,0.020237986,0.4,0.059447117,0.17376037,0.08935567
375316653866487564,4068599846470243840,0.57868665,2467.9170878473965,0.5840021125856237,7.163635E-5,16.623226,0.0027141261,0.15242818,5.669235E-4,0.030364733,0.0011327493,0.55993915,0.009511794,0.6582927,0.010329798,0.02754053,0.018376525,0.09358833,8.019082,null,null,null,null,"TWOGAUSSIANS",8,18.893703,0.15242818,5.669235E-4,0.1700425,0.006343396,0.55993915,0.009511794,0.6582927,0.010329798,0.15422696,0.102908544,0.09358833,8.019082
375316653866487564,4068599880745402112,0.44090578,2528.3301818191308,1.2347562216024786,1.6392181E-4,19.87524,0.08401839,0.2993819,0.015172249,0.1141072,0.03850435,0.23879582,0.08044444,0.78239334,0.019639408,0.09404032,0.029895518,0.26119456,0.07770266,null,null,null,null,"TWOGAUSSIANS",8,4.151533,0.78239334,0.019639408,0.4,0.0,0.23862867,0.028641693,0.2993819,0.015186604,0.4,0.0,0.21619144,0.05333369
375316653866487564,4068599915095067008,0.5153612,2450.7611969719214,0.9324312047993762,8.216689E-6,19.315323,0.02052367,0.27553514,0.0031425678,0.07819381,0.0076726964,0.350809,0.020203408,0.7897149,0.0050415704,0.06354199,0.008991993,0.19604929,0.024152325,null,null,null,null,"TWOGAUSSIANS",8,2.5095367,0.27553514,0.0031425678,0.4,0.0,0.35006392,0.019428419,0.7897149,0.0050415704,0.35583514,0.050355162,0.1953042,0.023385512
375316653866487564,4068600018173829376,0.50559086,2432.5697184638825,2.9204603424769275,2.2036591E-5,18.977213,0.0117271235,0.25920418,0.0054931776,0.07927469,0.008015351,0.26915738,0.02566667,0.7742673,0.006916928,0.093778275,0.009899727,0.24075015,0.022256467,null,null,null,null,"TWOGAUSSIANS",8,2.7479534,0.25920418,0.0054931776,0.4,0.0,0.26314437,0.02617213,0.7742673,0.006916928,0.4,0.0,0.23473671,0.023008376
375316653866487564,4068600048232330496,0.43117428,2526.6901838000827,0.04796263167073933,4.8481903E-5,15.772677,0.014661735,0.124928534,0.026334168,0.07537453,0.025823005,0.072534405,0.017899465,0.7311365,0.018476915,0.12975746,0.025927639,0.13406436,0.059119232,null,null,null,null,"TWOGAUSSIANS",8,12.173721,0.7311365,0.018473832,0.4,0.0,0.13144186,0.060053457,0.12233853,0.024687622,0.4,0.037601393,0.07129542,0.011152108
375316653866487564,4068600116993321472,0.49786192,2455.814106214889,1.8230163295605009,9.798847E-6,19.027506,0.012668733,0.2922709,0.00847715,0.06664519,0.0078070397,0.29003558,0.025232749,0.7838706,0.003343097,0.067270085,0.004483582,0.55198073,0.024059702,null,null,null,null,"TWOGAUSSIANS",8,6.8918395,0.7838706,0.003343097,0.37671247,0.025108058,0.55138844,0.02408332,0.2922709,0.00847715,0.37321308,0.043719422,0.28944325,0.025311915
375316653866487564,4068600189973622656,0.49859712,2429.068358410465,2.2150980288435123,3.8423255E-5,18.777004,0.010232869,0.1737357,0.007023565,0.067502856,0.0059597674,0.3641714,0.025385292,0.67006826,0.006769122,0.08044614,0.005815333,0.4011648,0.03325772,null,null,null,null,"TWOGAUSSIANS",8,7.7819915,0.67006826,0.006769122,0.4,0.0,0.39883742,0.033427842,0.1737357,0.007023565,0.378016,0.033374697,0.361844,0.025212966
