Gaia/vari_eclipsing_binary/VariEclipsingBinary_674298-674314.csv
# %ECSV 1.0
# ---
# delimiter: ','
# meta: !!omap
# - RELEASE: Gaia DR3
# - TABLE: vari_eclipsing_binary
# - DESCRIPTION: >
#     This table describes the properties of the eclipsing binaries resulting from the variability analysis. 
# - CITATION: >
#     How to cite and acknowledge Gaia: 
#     https://gea.esac.esa.int/archive/documentation/credits.html 
# - KNOWN_ISSUES: >
#     Known issues: 
#     https://www.cosmos.esa.int/web/gaia-users/known-issues 
# - DOCUMENTATION: >
#     Tutorials and documentation: 
#     https://www.cosmos.esa.int/web/gaia-users/archive 
# datatype:
# - 
#   name: solution_id
#   datatype: int64
#   description: Solution Identifier
#   meta:
#     ucd: meta.version
# - 
#   name: source_id
#   datatype: int64
#   description: Unique source identifier
#   meta:
#     ucd: meta.id;meta.main
# - 
#   name: global_ranking
#   datatype: float32
#   description: Number between 0 (worst) and 1 (best)
#   meta:
#     ucd: stat.param
# - 
#   name: reference_time
#   datatype: float64
#   unit: d
#   description: Reference time used for the geometric model fit
#   meta:
#     ucd: time.epoch
# - 
#   name: frequency
#   datatype: float64
#   unit: d**-1
#   description: Frequency of geometric model of the eclipsing binary light curve
#   meta:
#     ucd: src.orbital
# - 
#   name: frequency_error
#   datatype: float32
#   unit: d**-1
#   description: "Uncertainty of \\texttt{frequency}"
#   meta:
#     ucd: stat.error
# - 
#   name: geom_model_reference_level
#   datatype: float32
#   unit: mag
#   description: Magnitude reference level of geometric model
#   meta:
#     ucd: phot.mag;em.opt
# - 
#   name: geom_model_reference_level_error
#   datatype: float32
#   unit: mag
#   description: "Uncertainty of \\texttt{geomModelReferenceLevel}"
#   meta:
#     ucd: stat.error;phot.mag;em.opt
# - 
#   name: geom_model_gaussian1_phase
#   datatype: float32
#   description: Phase of the Gaussian 1 component
#   meta:
#     ucd: time.phase
# - 
#   name: geom_model_gaussian1_phase_error
#   datatype: float32
#   description: "Uncertainty of \\texttt{geomModelGaussian1Phase}"
#   meta:
#     ucd: stat.error;time.phase
# - 
#   name: geom_model_gaussian1_sigma
#   datatype: float32
#   description: "Standard deviation [phase] of Gaussian 1 component"
#   meta:
#     ucd: stat.stdev
# - 
#   name: geom_model_gaussian1_sigma_error
#   datatype: float32
#   description: "Uncertainty of \\texttt{geomModelGaussian1Sigma}"
#   meta:
#     ucd: stat.error
# - 
#   name: geom_model_gaussian1_depth
#   datatype: float32
#   unit: mag
#   description: Magnitude depth of Gaussian 1 component
#   meta:
#     ucd: src.var.amplitude
# - 
#   name: geom_model_gaussian1_depth_error
#   datatype: float32
#   unit: mag
#   description: "Uncertainty of \\texttt{geomModelGaussian1Depth}"
#   meta:
#     ucd: stat.error;src.var.amplitude
# - 
#   name: geom_model_gaussian2_phase
#   datatype: float32
#   description: Phase of Gaussian 2 component
#   meta:
#     ucd: time.phase
# - 
#   name: geom_model_gaussian2_phase_error
#   datatype: float32
#   description: "Uncertainty of \\texttt{geomModelGaussian2Phase}"
#   meta:
#     ucd: stat.error;time.phase
# - 
#   name: geom_model_gaussian2_sigma
#   datatype: float32
[...]
#   datatype: float32
#   description: "Secondary eclipse: uncertainty of \\texttt{derivedSecondaryEclDuration}"
#   meta:
#     ucd: stat.error;time.duration
# - 
#   name: derived_secondary_ecl_depth
#   datatype: float32
#   unit: mag
#   description: "Secondary eclipse: depth"
#   meta:
#     ucd: src.var.amplitude
# - 
#   name: derived_secondary_ecl_depth_error
#   datatype: float32
#   unit: mag
#   description: "Secondary eclipse: uncertainty of \\texttt{derivedSecondaryEclDepth}"
#   meta:
#     ucd: stat.error;src.var.amplitude
solution_id,source_id,global_ranking,reference_time,frequency,frequency_error,geom_model_reference_level,geom_model_reference_level_error,geom_model_gaussian1_phase,geom_model_gaussian1_phase_error,geom_model_gaussian1_sigma,geom_model_gaussian1_sigma_error,geom_model_gaussian1_depth,geom_model_gaussian1_depth_error,geom_model_gaussian2_phase,geom_model_gaussian2_phase_error,geom_model_gaussian2_sigma,geom_model_gaussian2_sigma_error,geom_model_gaussian2_depth,geom_model_gaussian2_depth_error,geom_model_cosine_half_period_amplitude,geom_model_cosine_half_period_amplitude_error,geom_model_cosine_half_period_phase,geom_model_cosine_half_period_phase_error,model_type,num_model_parameters,reduced_chi2,derived_primary_ecl_phase,derived_primary_ecl_phase_error,derived_primary_ecl_duration,derived_primary_ecl_duration_error,derived_primary_ecl_depth,derived_primary_ecl_depth_error,derived_secondary_ecl_phase,derived_secondary_ecl_phase_error,derived_secondary_ecl_duration,derived_secondary_ecl_duration_error,derived_secondary_ecl_depth,derived_secondary_ecl_depth_error
[from data line 365]
375316653866487564,5931266861390468352,0.49630034,2118.146190119995,0.6753105109390676,1.7454196E-5,16.610332,0.0073757595,0.30089167,0.008754087,0.09515268,0.010367128,0.11510719,0.009893482,0.7946219,0.0022722203,0.066476405,0.003913287,0.22865188,0.0075900164,null,null,null,null,"TWOGAUSSIANS",8,40.07207,0.7946219,0.0022722203,0.37226784,0.021914408,0.22645931,0.0065232893,0.30089167,0.008754087,0.4,0.0,0.112914376,0.009207917
375316653866487564,5931266998829444608,0.57914704,2121.4497417031307,3.2481774160564103,8.393649E-6,17.110323,0.008145188,0.26292095,0.0014792916,0.05437222,0.005037825,0.14534557,0.02127963,0.75125164,0.0028433993,0.05084108,0.0044480064,0.20214325,0.019341294,0.092517816,0.011214395,0.26292095,0.0014792916,"TWOGAUSSIANS_WITH_ELLIPSOIDAL_ON_ECLIPSE1",9,12.40022,0.7530816,0.002266648,0.28471005,0.024908837,0.3863375,0.015632318,0.26292095,0.0014792916,0.30448443,0.02821182,0.33037704,0.013534242
375316653866487564,5931267204914555008,0.53403366,2131.9363807208674,3.121240771814216,1.5646734E-5,18.767033,0.008645935,0.30304843,0.004664635,0.08222595,0.0048834705,0.39658827,0.015191831,0.8055742,0.0019400588,0.08202906,0.0035972677,0.36468932,0.0098728705,null,null,null,null,"TWOGAUSSIANS",8,4.2253695,0.30304843,0.004664635,0.4,0.0,0.38953084,0.014893265,0.8055742,0.0019400588,0.4,0.0,0.35763192,0.009072769
375316653866487564,5931267995261999232,0.6459226,2138.215008015315,3.0478963009577535,2.3804655E-6,17.372816,0.008188814,0.26416013,7.0907274E-4,0.03997164,0.0016417614,0.43644968,0.018661704,0.7639452,0.0010495657,0.046499234,0.0015738471,0.6423544,0.019808834,0.1400305,0.010802504,0.26416013,7.0907274E-4,"TWOGAUSSIANS_WITH_ELLIPSOIDAL_ON_ECLIPSE1",9,9.714051,0.7639552,9.878979E-4,0.2603957,0.008813544,0.92241436,0.013604064,0.26416013,7.0907274E-4,0.22384118,0.009193864,0.7165101,0.011968715
375316653866487564,5931268270139903104,0.5980585,2135.1370020944732,1.200857837923259,3.5817877E-6,17.857658,0.002767512,0.23822412,0.011961244,0.050842397,0.009493253,0.051672082,0.010371902,0.7294401,8.037789E-4,0.04408361,9.1148395E-4,0.3916907,0.0041936333,null,null,null,null,"TWOGAUSSIANS",8,3.7048829,0.7294401,8.037789E-4,0.24686821,0.00510431,0.39169055,0.004193472,0.23822412,0.011961244,0.28471744,0.053162217,0.051671933,0.01037201
375316653866487564,5931268441938627200,0.5748018,2145.7673208550414,0.4525930253260619,4.2123625E-6,17.05638,0.00196217,0.23552339,0.008559332,0.017457962,0.009127242,0.03254838,0.011256355,0.7489934,5.1489944E-4,0.032907713,6.958689E-4,0.4488792,0.015337836,0.010156087,0.003360178,0.23552339,0.008559332,"TWOGAUSSIANS_WITH_ELLIPSOIDAL_ON_ECLIPSE1",9,8.548425,0.7489934,5.1489944E-4,0.1842832,0.003896866,0.46904624,0.016025012,0.23552339,0.008559332,0.09776459,0.05111255,0.05286055,0.01094711
375316653866487564,5931269300859772416,0.519211,2134.0321252765284,2.685505500218282,1.4538097E-5,19.363863,0.00976243,0.15953235,0.0037974357,0.084330894,0.004745343,0.44354284,0.024612237,0.6622679,0.0035788962,0.08258652,0.0046881717,0.42718467,0.011387679,null,null,null,null,"TWOGAUSSIANS",8,2.9356349,0.15953235,0.0037974357,0.4,0.0,0.43420896,0.025251506,0.6622679,0.0035788962,0.4,0.0,0.41785076,0.010315427
375316653866487564,5931269335291953920,0.5842287,2131.4962563948807,1.8774534711533168,5.191977E-6,16.32681,0.015373274,0.26340106,0.0014211294,0.05392528,0.0039135893,0.42322356,0.031885423,0.7623518,0.0021193004,0.04479329,0.0024565677,0.43114415,0.03227121,0.051227633,0.018935576,0.26340106,0.0014211294,"TWOGAUSSIANS_WITH_ELLIPSOIDAL_ON_ECLIPSE1",9,49.78005,0.7623918,0.0020190605,0.25084242,0.01375678,0.53358597,0.012982285,0.26340106,0.0014211294,0.30198157,0.0219161,0.5256697,0.013163758
375316653866487564,5931269507090665600,0.51378244,2133.210563335717,3.429556442005289,1.0277235E-5,19.508646,0.010509168,0.24425459,0.0036170138,0.07136226,0.004720204,0.29733738,0.010541966,0.74805576,0.004784605,0.08323239,0.0079744365,0.3489895,0.019101989,null,null,null,null,"TWOGAUSSIANS",8,2.3296244,0.74805576,0.004784605,0.4,0.0,0.34579542,0.020861864,0.24425459,0.0036170138,0.39962864,0.0166438,0.29414332,0.009745714
375316653866487564,5931270022414472192,0.43840027,2198.7786924742777,3.914828644793618,5.5108092E-5,18.856077,0.2789752,0.25820842,0.008328502,0.06307794,0.019969784,0.29220378,0.07514951,0.67643356,0.037002668,0.21611956,0.14370829,0.20934844,0.27606124,null,null,null,null,"TWOGAUSSIANS",8,2.7612712,0.26129845,0.006889245,0.3532365,0.08112529,0.2836631,0.06620531,0.67643356,0.037002668,0.4,0.0,0.16270271,0.049540464
375316653866487564,5931270159853517312,0.5267966,2143.882018874364,1.8656722328424558,1.4789204E-5,18.888948,0.008374165,0.16548926,0.003339412,0.08307378,0.0058364174,0.26599646,0.01013646,0.66967607,0.010804772,0.083246596,0.009816987,0.17926107,0.013535238,null,null,null,null,"TWOGAUSSIANS",8,2.0237823,0.16548926,0.003339412,0.4,0.0,0.26159495,0.009680836,0.66967607,0.010804772,0.4,0.0,0.17485955,0.0118338
375316653866487564,5931270744041449216,0.49945465,2145.9218078467393,3.384138665108947,1.2481263E-5,18.053465,0.017473208,0.22339539,0.0042411587,0.10270417,0.01301054,0.16526403,0.014845372,0.7224334,0.0043051573,0.10272621,0.011461135,0.18105352,0.016058441,null,null,null,null,"TWOGAUSSIANS",8,4.5630565,0.7224334,0.0043051573,0.4,0.0,0.1633703,0.00866927,0.22339539,0.0042411587,0.4,0.0,0.14758106,0.009906554
375316653866487564,5931270847120593664,0.49499604,2136.4785474457217,2.769332161384102,1.7412953E-5,19.477917,0.013834294,0.24659048,0.0025419001,0.07074679,0.003743298,0.6427843,0.022290226,0.7478583,0.0073233466,0.072463654,0.008786978,0.38173527,0.03410841,null,null,null,null,"TWOGAUSSIANS",8,8.044759,0.24659048,0.0025419001,0.39618203,0.018840913,0.64063275,0.022047881,0.7478583,0.0073233466,0.4,0.02297755,0.3795837,0.034711
375316653866487564,5931270984559511296,0.5819415,2138.2581572266577,2.6709287971959905,1.1624762E-5,16.923597,0.0068348786,0.2553851,0.002877266,0.09293646,0.0037578435,0.24247497,0.0075058904,0.75691664,0.0022464665,0.085942596,0.0032573554,0.26366824,0.007211929,null,null,null,null,"TWOGAUSSIANS",8,7.3943095,0.75691664,0.0022464665,0.4,0.0,0.25376716,0.005311135,0.2553851,0.002877266,0.4,0.0,0.23257367,0.004907836
375316653866487564,5931270984559526656,0.5064234,2119.055567900846,2.917536483852859,1.9944748E-5,19.722588,0.0111364275,0.16459802,0.004211902,0.067734316,0.0048105,0.3621523,0.018647673,0.6740387,0.004587141,0.07695316,0.006069698,0.38740715,0.018926276,null,null,null,null,"TWOGAUSSIANS",8,2.1198974,0.6740387,0.004587141,0.4,0.0,0.38588443,0.01901247,0.16459802,0.004211902,0.37931216,0.0269388,0.3606296,0.018460287
375316653866487564,5931271087654094080,0.45532468,2108.353394436381,3.675543099054864,4.489609E-5,19.587124,0.03436524,0.2288948,0.0074782884,0.08424735,0.017867047,0.29019022,0.029281601,0.7138971,0.006513681,0.10089458,0.014784174,0.2917418,0.032620873,null,null,null,null,"TWOGAUSSIANS",8,3.5161257,0.7138971,0.006513681,0.4,0.0,0.27964127,0.019584982,0.2288948,0.0074970345,0.4,0.0,0.2780931,0.024888927
375316653866487564,5931271122013841024,0.61576307,2128.2387790073944,2.976475917617044,4.47292E-6,18.149883,0.0063777626,0.2870754,0.0016550465,0.046804044,0.0030277986,0.3099867,0.014738027,0.7826961,0.0016067242,0.056657754,0.0019934273,0.36483034,0.016007494,0.08925817,0.0084453765,0.2870754,0.0016550465,"TWOGAUSSIANS_WITH_ELLIPSOIDAL_ON_ECLIPSE1",9,2.659017,0.7831761,0.0013927737,0.31728342,0.011163193,0.5432109,0.010078987,0.2870754,0.0016550465,0.26210263,0.016955672,0.4884875,0.008895046
375316653866487564,5931271156358249088,0.5890541,2125.498956521543,1.64730115015192,5.2542937E-6,17.082071,0.008019523,0.24714953,0.0019800898,0.09446176,0.0047595967,0.25284654,0.009520333,0.74043775,0.0011975972,0.08982948,0.002884762,0.3416399,0.0074459016,null,null,null,null,"TWOGAUSSIANS",8,7.152882,0.74043775,0.0011975972,0.4,0.0,0.32830968,0.0052943756,0.24714953,0.0019800898,0.4,0.0,0.239516,0.009658878
375316653866487564,5931271740402642432,0.45842266,2157.6427808531544,2.442151000500946,2.3186538E-5,18.623953,0.0035776456,0.3425221,0.006762049,0.086338826,0.009713777,0.41196623,0.09963889,0.667105,2.6162903E-4,0.0028850785,8.7891635E-4,0.507684,2.5068913,null,null,null,null,"TWOGAUSSIANS",8,5.354237,0.667105,2.6162903E-4,0.016156439,0.004921932,0.5080354,2.5068834,0.3425221,0.006762049,0.4,0.0,0.41196617,0.09963912
375316653866487564,5931271877841713280,0.5062602,2114.78245017514,2.6097033235145433,1.0376972E-5,19.572187,0.008882395,0.18166137,0.002763891,0.07969067,0.0044011394,0.3765636,0.018763386,0.6849138,0.0047913,0.0808081,0.0070656105,0.3401095,0.015345133,null,null,null,null,"TWOGAUSSIANS",8,2.1230516,0.18166137,0.002763891,0.4,0.0,0.3713203,0.019073954,0.6849138,0.0047913,0.4,0.0,0.3348662,0.015492516
375316653866487564,5931271877841745536,0.5150018,2138.714284989105,0.046127276831458286,1.8981866E-5,18.582628,0.003757678,0.03981124,5.586772E-4,0.0035305605,2.7223307E-4,0.5983035,0.07313228,0.40840134,0.027952485,0.037054095,0.023477253,0.045936223,0.028848182,null,null,null,null,"TWOGAUSSIANS",8,3.881482,0.03981124,5.586772E-4,0.019771138,0.0015245052,0.5983035,0.07313228,0.40840134,0.027952485,0.20750293,0.13147262,0.045936223,0.028848182
375316653866487564,5931272702546676096,0.5241371,2138.202137436881,0.2932810675725466,4.7765854E-5,15.914828,0.001020394,0.2725629,0.006399906,0.012614726,0.0061726687,0.01775581,0.046286017,0.61889756,0.0033486853,0.021346068,0.0023851802,0.14248554,0.004489796,null,null,null,null,"TWOGAUSSIANS",8,5.2379975,0.61889756,0.0033486853,0.11953799,0.01335701,0.14248554,0.004489796,0.2725629,0.006399906,0.070642464,0.034566946,0.01775581,0.046286017
375316653866487564,5931272874345449344,0.43554527,2133.205544750571,1.741545837163432,3.898577E-5,17.59053,0.11647905,0.3284575,0.13423468,0.06503605,0.25150603,0.062040277,0.106822826,0.7587645,0.007439518,0.033892173,0.005421195,0.21720956,0.03227604,0.036002725,0.014773636,0.7587645,0.007439518,"TWOGAUSSIANS_WITH_ELLIPSOIDAL_ON_ECLIPSE2",9,68.93256,0.7587645,0.007439518,0.18979616,0.030358694,0.2892145,0.0419638,0.30933753,0.023649672,0.3642019,0.14550918,0.12439219,0.021790659
375316653866487564,5931273046073161856,0.50667596,2137.611845341494,3.5690363495123414,1.8830162E-5,19.115221,0.026057813,0.21197234,0.003315865,0.104590006,0.010583089,0.2969649,0.02300488,0.69925666,0.0040442524,0.10183689,0.009868564,0.31884298,0.024154436,null,null,null,null,"TWOGAUSSIANS",8,3.1381469,0.69925666,0.0040442524,0.4,0.0,0.29071605,0.013155688,0.21197234,0.0033268803,0.4,0.0,0.26883486,0.01463618
375316653866487564,5931273522832312960,0.55654645,2135.4747901866567,3.9814485164993694,1.693344E-5,19.127691,0.0040224902,0.22828345,0.0014933915,0.0644905,0.001985891,0.5819078,0.011824691,0.72939587,0.0066062347,0.07094648,0.004692453,0.39495322,0.021550993,null,null,null,null,"TWOGAUSSIANS",8,3.2714515,0.22828345,0.0014933915,0.36114678,0.01112099,0.5808996,0.011900544,0.72939587,0.0066062347,0.3973003,0.024321033,0.393945,0.021700941
375316653866487564,5931273527180457856,0.50273603,2156.0054430152613,2.156304296684844,1.4732055E-5,19.139126,0.008634321,0.22346886,0.0056650424,0.07711357,0.0073095444,0.3478729,0.013006872,0.73482096,0.0045860214,0.081430614,0.006032876,0.27007836,0.016477613,null,null,null,null,"TWOGAUSSIANS",8,4.5694366,0.22346886,0.0056650424,0.4,0.0,0.3445124,0.013158692,0.73482096,0.0045860214,0.4,0.0,0.26671788,0.01664761
375316653866487564,5931274111296124800,0.5918267,2164.2517823715652,2.74603466196694,6.4743435E-6,14.195128,0.015750038,0.25775844,0.0018385802,0.052975096,0.005481853,0.28550887,0.034762092,0.7499718,0.0026407752,0.0598249,0.0040807836,0.37931994,0.035561,0.101219244,0.020944325,0.25775844,0.0018385802,"TWOGAUSSIANS_WITH_ELLIPSOIDAL_ON_ECLIPSE1",9,241.43643,0.7509918,0.0021924973,0.33501944,0.022852387,0.58129823,0.014636367,0.25775844,0.0018385802,0.29666054,0.030698378,0.487908,0.012298501
375316653866487564,5931274313095588224,0.5405871,2156.3147559957824,0.43244919762303796,3.29156E-5,19.112892,0.0038122034,0.2969895,0.002706414,0.024398828,0.0015427455,0.66177076,0.05024662,0.80267054,0.0068272655,0.03307481,0.007935183,0.08430303,0.032678362,null,null,null,null,"TWOGAUSSIANS",8,2.4038935,0.2969895,0.002706414,0.13663344,0.008639375,0.66177076,0.05024662,0.80267054,0.0068272655,0.18521893,0.044437025,0.08430303,0.032678362
375316653866487564,5931274489268271360,0.57719636,2160.816588752788,0.8705072918583037,4.34014E-6,18.125834,0.004357965,0.13115492,0.003239671,0.03734129,0.0033452688,0.122182906,0.008838559,0.6324382,7.3897594E-4,0.031100797,8.4621034E-4,0.7004588,0.013551735,null,null,null,null,"TWOGAUSSIANS",8,6.6138744,0.6324382,7.3897594E-4,0.17416446,0.004738778,0.7004588,0.013551735,0.13115492,0.003239671,0.20911121,0.018733505,0.122182906,0.008838559
375316653866487564,5931274798490906752,0.49840108,2156.668298924195,0.7150613805944074,1.4861301E-5,15.442243,6.1446225E-4,null,null,null,null,null,null,null,null,null,null,null,null,0.019954693,0.0010062316,0.13295953,0.0032695956,"ELLIPSOIDAL",4,6.2863,null,null,null,null,null,null,null,null,null,null,null,null
375316653866487564,5931274862851217280,0.48858657,2144.5760294960123,3.0340147766521657,1.5148333E-5,17.755232,0.7528134,0.23195179,0.0038524573,0.19463634,0.084052324,0.8953705,0.7152524,0.7280356,0.0030637193,0.16911367,0.054204743,0.8869614,0.64664036,null,null,null,null,"TWOGAUSSIANS",8,6.6891923,0.7280356,0.0030637193,0.4,0.0,0.27279523,0.016178358,0.23330179,0.0031270364,0.4,0.0,0.23754741,0.019683884
375316653866487564,5931275245167584512,0.5783831,2140.560407347033,2.2095744380383104,7.5604416E-6,17.659855,0.005561218,0.29277223,0.0023911532,0.09103698,0.0037895734,0.27869523,0.005568375,0.80734146,0.002770242,0.08589314,0.005037737,0.15617663,0.005094504,null,null,null,null,"TWOGAUSSIANS",8,3.5695353,0.29277223,0.0023911532,0.4,0.0,0.2725971,0.0046164263,0.80734146,0.002770242,0.4,0.0,0.15007871,0.0037787466
375316653866487564,5931275721844675968,0.5403139,2149.7541501724927,1.2820707396149613,7.064603E-6,17.942726,0.014329535,0.29042265,0.0026100043,0.09548518,0.0066955686,0.27516848,0.014499449,0.786886,0.0030998136,0.11369254,0.0097655505,0.2183608,0.0122413365,null,null,null,null,"TWOGAUSSIANS",8,4.743375,0.29042265,0.0026229154,0.4,0.0,0.24863434,0.014026727,0.786886,0.0030998136,0.4,0.0,0.19179949,0.010055494
375316653866487564,5931275932293179776,0.4941885,2133.811612865767,2.7133479659411264,1.5880973E-5,19.880192,0.025605751,0.31597194,0.009233344,0.07752695,0.011958977,0.3510527,0.04818109,0.79922163,0.00509665,0.0886313,0.008967465,0.40624595,0.02850958,null,null,null,null,"TWOGAUSSIANS",8,2.1727028,0.79922163,0.00509665,0.4,0.0,0.40023416,0.025925519,0.31597194,0.009233344,0.4,0.0,0.34504107,0.047296006
375316653866487564,5931276997514392192,0.6673955,2159.812974419468,0.3676166374641301,1.0748469E-6,13.974332,0.001881554,0.21840057,0.0017150355,0.041435964,0.0026953786,0.05274512,0.004383873,0.7198385,2.6058988E-4,0.042823352,6.574604E-4,0.32251957,0.00418789,0.01932786,0.002434337,0.21840057,0.0017150355,"TWOGAUSSIANS_WITH_ELLIPSOIDAL_ON_ECLIPSE1",9,31.180664,0.7198385,2.6058988E-4,0.23981076,0.0036817782,0.36117214,0.003141568,0.21840057,0.0017150355,0.2320414,0.015094121,0.09140082,0.0020428195
