Gaia/vari_eclipsing_binary/VariEclipsingBinary_027518-027832.csv
# %ECSV 1.0
# ---
# delimiter: ','
# meta: !!omap
# - RELEASE: Gaia DR3
# - TABLE: vari_eclipsing_binary
# - DESCRIPTION: >
#     This table describes the properties of the eclipsing binaries resulting from the variability analysis. 
# - CITATION: >
#     How to cite and acknowledge Gaia: 
#     https://gea.esac.esa.int/archive/documentation/credits.html 
# - KNOWN_ISSUES: >
#     Known issues: 
#     https://www.cosmos.esa.int/web/gaia-users/known-issues 
# - DOCUMENTATION: >
#     Tutorials and documentation: 
#     https://www.cosmos.esa.int/web/gaia-users/archive 
# datatype:
# - 
#   name: solution_id
#   datatype: int64
#   description: Solution Identifier
#   meta:
#     ucd: meta.version
# - 
#   name: source_id
#   datatype: int64
#   description: Unique source identifier
#   meta:
#     ucd: meta.id;meta.main
# - 
#   name: global_ranking
#   datatype: float32
#   description: Number between 0 (worst) and 1 (best)
#   meta:
#     ucd: stat.param
# - 
#   name: reference_time
#   datatype: float64
#   unit: d
#   description: Reference time used for the geometric model fit
#   meta:
#     ucd: time.epoch
# - 
#   name: frequency
#   datatype: float64
#   unit: d**-1
#   description: Frequency of geometric model of the eclipsing binary light curve
#   meta:
#     ucd: src.orbital
# - 
#   name: frequency_error
#   datatype: float32
#   unit: d**-1
#   description: "Uncertainty of \\texttt{frequency}"
#   meta:
#     ucd: stat.error
# - 
#   name: geom_model_reference_level
#   datatype: float32
#   unit: mag
#   description: Magnitude reference level of geometric model
#   meta:
#     ucd: phot.mag;em.opt
# - 
#   name: geom_model_reference_level_error
#   datatype: float32
#   unit: mag
#   description: "Uncertainty of \\texttt{geomModelReferenceLevel}"
#   meta:
#     ucd: stat.error;phot.mag;em.opt
# - 
#   name: geom_model_gaussian1_phase
#   datatype: float32
#   description: Phase of the Gaussian 1 component
#   meta:
#     ucd: time.phase
# - 
#   name: geom_model_gaussian1_phase_error
#   datatype: float32
#   description: "Uncertainty of \\texttt{geomModelGaussian1Phase}"
#   meta:
#     ucd: stat.error;time.phase
# - 
#   name: geom_model_gaussian1_sigma
#   datatype: float32
#   description: "Standard deviation [phase] of Gaussian 1 component"
#   meta:
#     ucd: stat.stdev
# - 
#   name: geom_model_gaussian1_sigma_error
#   datatype: float32
#   description: "Uncertainty of \\texttt{geomModelGaussian1Sigma}"
#   meta:
#     ucd: stat.error
# - 
#   name: geom_model_gaussian1_depth
#   datatype: float32
#   unit: mag
#   description: Magnitude depth of Gaussian 1 component
#   meta:
#     ucd: src.var.amplitude
# - 
#   name: geom_model_gaussian1_depth_error
#   datatype: float32
#   unit: mag
#   description: "Uncertainty of \\texttt{geomModelGaussian1Depth}"
#   meta:
#     ucd: stat.error;src.var.amplitude
# - 
#   name: geom_model_gaussian2_phase
#   datatype: float32
#   description: Phase of Gaussian 2 component
#   meta:
#     ucd: time.phase
# - 
#   name: geom_model_gaussian2_phase_error
#   datatype: float32
#   description: "Uncertainty of \\texttt{geomModelGaussian2Phase}"
#   meta:
#     ucd: stat.error;time.phase
# - 
#   name: geom_model_gaussian2_sigma
#   datatype: float32
[...]
#   datatype: float32
#   description: "Secondary eclipse: uncertainty of \\texttt{derivedSecondaryEclDuration}"
#   meta:
#     ucd: stat.error;time.duration
# - 
#   name: derived_secondary_ecl_depth
#   datatype: float32
#   unit: mag
#   description: "Secondary eclipse: depth"
#   meta:
#     ucd: src.var.amplitude
# - 
#   name: derived_secondary_ecl_depth_error
#   datatype: float32
#   unit: mag
#   description: "Secondary eclipse: uncertainty of \\texttt{derivedSecondaryEclDepth}"
#   meta:
#     ucd: stat.error;src.var.amplitude
solution_id,source_id,global_ranking,reference_time,frequency,frequency_error,geom_model_reference_level,geom_model_reference_level_error,geom_model_gaussian1_phase,geom_model_gaussian1_phase_error,geom_model_gaussian1_sigma,geom_model_gaussian1_sigma_error,geom_model_gaussian1_depth,geom_model_gaussian1_depth_error,geom_model_gaussian2_phase,geom_model_gaussian2_phase_error,geom_model_gaussian2_sigma,geom_model_gaussian2_sigma_error,geom_model_gaussian2_depth,geom_model_gaussian2_depth_error,geom_model_cosine_half_period_amplitude,geom_model_cosine_half_period_amplitude_error,geom_model_cosine_half_period_phase,geom_model_cosine_half_period_phase_error,model_type,num_model_parameters,reduced_chi2,derived_primary_ecl_phase,derived_primary_ecl_phase_error,derived_primary_ecl_duration,derived_primary_ecl_duration_error,derived_primary_ecl_depth,derived_primary_ecl_depth_error,derived_secondary_ecl_phase,derived_secondary_ecl_phase_error,derived_secondary_ecl_duration,derived_secondary_ecl_duration_error,derived_secondary_ecl_depth,derived_secondary_ecl_depth_error
[from data line 182]
375316653866487564,242751968187726464,0.4900631,2063.2812339995107,2.219526540978091,2.769653E-5,16.430338,0.0083900625,0.27973184,0.005401483,0.0120873405,0.017311106,1.4084023,8.635124,0.7478852,0.0068696397,0.037021995,0.0088929515,0.27909005,0.054275203,0.060065396,0.01347053,0.7478852,0.0068696397,"TWOGAUSSIANS_WITH_ELLIPSOIDAL_ON_ECLIPSE2",9,83.96395,0.27970183,0.007115925,0.067689106,0.09694219,1.5237914,8.634482,0.7478852,0.0068696397,0.20732316,0.04980053,0.3992208,0.05410287
375316653866487564,242755915257774464,0.49292386,2082.1904399556292,3.7449461679488456,2.1386893E-5,19.321524,0.023439767,0.2524626,0.0038037756,0.10751734,0.011591507,0.25023213,0.022368267,0.7371432,0.004936912,0.102475956,0.011513958,0.26117507,0.02097049,null,null,null,null,"TWOGAUSSIANS",8,1.5487478,0.7371432,0.004936912,0.4,0.0,0.23603572,0.013708954,0.2524726,0.003806447,0.4,0.0,0.225085,0.0149508715
375316653866487564,242756469312870912,0.62432677,2059.5230847574194,0.7851713624237794,1.2259346E-5,16.678284,0.0045059645,0.29193106,9.18482E-4,0.030330751,0.0011239295,1.351919,0.070835255,0.7940514,0.0022091295,0.027595907,0.0023381282,0.10419584,0.0130916415,0.027426954,0.0065891347,0.29193106,9.18482E-4,"TWOGAUSSIANS_WITH_ELLIPSOIDAL_ON_ECLIPSE1",9,28.45975,0.29193106,9.18482E-4,0.1698522,0.0062940056,1.4067729,0.076621585,0.7940514,0.0022091295,0.15453708,0.013093517,0.15903999,0.008144382
375316653866487564,242757603184212224,0.5919839,2078.8148124620984,2.407568603403965,6.2966847E-6,16.625492,0.019711979,0.268299,0.009365531,0.038278803,0.015752716,0.15624084,0.04751296,0.7533208,0.0018040092,0.05729567,0.00299763,0.6613414,0.048535187,0.08120507,0.023193164,0.268299,0.009365531,"TWOGAUSSIANS_WITH_ELLIPSOIDAL_ON_ECLIPSE1",9,56.613884,0.7542108,0.001327084,0.32085574,0.016786728,0.8223867,0.033787556,0.268299,0.009365531,0.2143613,0.08821521,0.3186351,0.012393554
375316653866487564,242762100010914432,0.5075039,2074.233041888953,3.222127752032017,1.8827312E-5,19.01474,0.012054181,0.31601822,0.009584188,0.07012522,0.011594281,0.3314254,0.036499325,0.8345274,0.002400882,0.0546297,0.0042054704,0.3026937,0.009037632,null,null,null,null,"TWOGAUSSIANS",8,3.679827,0.31601822,0.009584188,0.39270124,0.042529672,0.33131322,0.036569323,0.8345274,0.002400882,0.30592632,0.023550635,0.30258155,0.0089019565
375316653866487564,242780860428278912,0.5242596,2087.833700689924,3.842444112765178,1.8392973E-5,19.41655,0.022293815,0.27197203,0.006938855,0.07972529,0.00915225,0.45175165,0.029459544,0.7695775,0.0048824735,0.077254206,0.008995335,0.44100016,0.024982339,null,null,null,null,"TWOGAUSSIANS",8,3.1150103,0.27197203,0.006938855,0.4,0.0,0.44642308,0.02864974,0.7695775,0.0048824735,0.4,0.0,0.4356716,0.024990791
375316653866487564,242787221278597888,0.4860371,2074.6140296409167,0.1554809369571621,5.3621225E-5,15.217176,0.0053652506,0.25664836,0.0043474725,0.02315669,0.005817578,0.18052195,0.02477027,0.8018319,0.009412601,0.03295571,0.023359928,0.00964508,0.014579925,0.06969911,0.006817588,0.8018319,0.009412601,"TWOGAUSSIANS_WITH_ELLIPSOIDAL_ON_ECLIPSE2",9,311.25406,0.25800836,0.004354338,0.12967746,0.03257844,0.30930433,0.026317872,0.8018319,0.009412601,0.18455198,0.1308156,0.14904304,0.016383246
375316653866487564,242790068838022784,0.46170142,2058.10002938684,0.21284548284834776,4.577393E-5,18.175802,0.011383302,0.2898118,0.014481745,0.099210516,0.012294327,0.2157502,0.026060354,0.7059343,0.012211175,0.10512308,0.038322017,0.13615122,0.1074988,null,null,null,null,"TWOGAUSSIANS",8,6.763985,0.2899018,0.0143698845,0.4,0.0,0.210091,0.023850681,0.7059343,0.012211175,0.4,0.0,0.13047065,0.11283308
375316653866487564,242800999533635456,0.61649865,2077.3007383428358,4.944882415349854,2.9591612E-5,16.078127,0.003672687,0.26196283,0.0019899483,0.0061432873,0.0019751715,3.606736,14.074434,null,null,null,null,null,null,0.007520153,0.0058171586,0.26196283,0.0019899483,"ONEGAUSSIAN_WITH_ELLIPSOIDAL",6,83.77327,0.26196283,0.0019899483,0.034402408,0.01106096,3.6217763,14.076189,null,null,null,null,null,null
375316653866487564,242801068253122048,0.54610246,2075.3685767746083,0.11270541327692363,1.1065019E-4,17.683933,0.0022389204,0.6689927,2.788368E-4,0.0034632839,2.2458953E-4,0.47902668,0.026658569,0.8651344,0.048771113,0.00843688,0.012581503,0.19104128,8.247863,null,null,null,null,"TWOGAUSSIANS",8,4.5802655,0.6689927,2.788368E-4,0.019394388,0.0012577014,0.47902668,0.026658569,0.8651344,0.048771113,0.04724653,0.07045642,0.19104128,8.247863
375316653866487564,242803576514029696,0.541831,2063.7339715390267,1.153234094796017,1.7283006E-5,16.25002,0.0010310124,0.26206347,0.0020291002,0.024084518,0.002142787,0.08544405,0.0045420737,null,null,null,null,null,null,0.009348022,0.0014294531,0.26206347,0.0020291002,"ONEGAUSSIAN_WITH_ELLIPSOIDAL",6,3.6617339,0.26206347,0.0020291002,0.1348733,0.011999606,0.10414009,0.0046762265,null,null,null,null,null,null
375316653866487564,242803709654601600,0.55476964,2099.8253068626,3.0892765538188174,1.2588845E-5,18.746061,0.0059008,0.28767323,0.0034894643,0.037749562,0.005623774,0.40652844,0.07945984,0.785247,0.006772149,0.042440966,0.006255809,0.26013297,0.03919751,0.10369386,0.013556066,0.28767323,0.0034894643,"TWOGAUSSIANS_WITH_ELLIPSOIDAL_ON_ECLIPSE1",9,5.4674683,0.28767323,0.0034894643,0.21139754,0.031493135,0.613916,0.083330564,0.785497,0.0061453865,0.23766941,0.035032533,0.46747723,0.035858486
375316653866487564,242805633800040704,0.57283205,2074.74305152737,2.166673057839766,6.2071063E-6,16.41998,0.6526933,0.15866785,0.00691268,0.15745994,0.10636941,0.25295895,0.64174026,0.6300024,0.011147209,0.13386165,0.02774398,0.31186172,0.37179956,null,null,null,null,"TWOGAUSSIANS",8,5.29215,0.6300024,0.011147209,0.4,0.0,0.20942579,0.010998985,0.15999785,0.0037688564,0.4,0.0,0.14752445,0.007666734
375316653866487564,242808421237381888,0.5221937,2094.125147543568,3.006378835161972,1.2269419E-5,16.16474,0.008090009,0.23618461,0.016617585,0.04197114,0.015414447,0.1352889,0.043058444,0.7568963,0.0021995688,0.044704117,0.014776742,0.098581046,0.019800462,0.12841824,0.013888918,0.7568963,0.0021995688,"TWOGAUSSIANS_WITH_ELLIPSOIDAL_ON_ECLIPSE2",9,97.10578,0.24050461,0.01554809,0.23503838,0.0863209,0.38869572,0.041855447,0.7568963,0.0021995688,0.25034305,0.082749754,0.35541734,0.016736051
375316653866487564,242809933065867520,0.5093733,2089.357595546714,0.6496240830084822,2.4679055E-5,16.932047,0.0014144612,0.8436735,2.1364672E-4,0.012111347,4.0412732E-4,0.087309666,0.0016245642,null,null,null,null,null,null,null,null,null,null,"ONEGAUSSIAN",5,3.612413,0.8436735,2.1364672E-4,0.067823544,0.002263113,0.087309666,0.0,null,null,null,null,null,null
375316653866487564,242811303155183616,0.50262684,2118.1390528152333,3.1133633513468277,3.8422786E-5,18.45167,0.52139336,0.33311868,0.013629213,0.11989756,0.054555047,0.21670768,0.43141848,0.8127657,0.006561667,0.1244805,0.08930041,0.21114542,0.50601834,null,null,null,null,"TWOGAUSSIANS",8,2.8709285,0.33330867,0.012216527,0.4,0.0,0.17255813,0.024641747,0.8127657,0.006561667,0.4,0.0,0.16692583,0.017711982
375316653866487564,242811857210940800,0.5977044,2067.7195923188106,3.7548405273211998,5.889917E-6,17.79411,0.006284448,0.1841419,0.0016980702,0.07723957,0.002400047,0.41454315,0.011518947,0.676499,0.0028661108,0.08240725,0.0031920616,0.5696072,0.009500245,null,null,null,null,"TWOGAUSSIANS",8,6.313158,0.676499,0.0028661108,0.4,0.0,0.56338924,0.009406781,0.1841419,0.0016980702,0.4,0.0,0.40832523,0.0115248505
375316653866487564,242822298271584128,0.519931,2088.683252049625,4.338950250398847,2.5497147E-5,19.501522,0.025327083,0.19200498,0.007965887,0.07945915,0.0091298,0.4885511,0.037364822,0.6832246,0.00806334,0.09063464,0.009978344,0.39661944,0.024549253,null,null,null,null,"TWOGAUSSIANS",8,3.3818126,0.19200498,0.007965887,0.4,0.0,0.4786172,0.035403818,0.6832246,0.00806334,0.4,0.0,0.38668528,0.019476166
375316653866487564,242832473053796608,0.45988694,2065.7657818775156,0.06389462915744498,8.55079E-5,19.22465,0.038380224,0.23657429,0.024476454,0.06917917,0.015007866,0.47785896,0.14777815,0.9068048,0.01724814,0.042141072,0.037438296,0.14210603,0.19837399,0.12582587,0.047594283,0.9068048,0.01724814,"TWOGAUSSIANS_WITH_ELLIPSOIDAL_ON_ECLIPSE2",9,10.2543545,0.2516343,0.021484356,0.38740337,0.07500475,0.5459243,0.14219417,0.9068048,0.017236967,0.23599,0.20965447,0.3937631,0.19149454
375316653866487564,242834186741091328,0.47487867,2066.120075957244,3.2365413711766755,4.1984695E-5,17.77559,0.04266661,0.22561051,0.0074650454,0.11176514,0.032761432,0.14478227,0.038025197,0.72838044,0.005495295,0.10431094,0.021636998,0.16475946,0.040097795,null,null,null,null,"TWOGAUSSIANS",8,6.1300883,0.72838044,0.0054472703,0.4,0.0,0.14423893,0.016435588,0.22561051,0.007495225,0.4,0.0,0.12425203,0.014418645
375316653866487564,242840783810952832,0.5489231,2077.105648778179,2.1966486927394553,2.1958253E-5,18.211643,0.01287785,0.25959077,0.004806268,0.09708999,0.009603209,0.20817432,0.012838542,0.769758,0.0047530103,0.10289124,0.0072022784,0.24081703,0.013319389,null,null,null,null,"TWOGAUSSIANS",8,2.162732,0.769758,0.0047530103,0.4,0.0,0.22349726,0.006373642,0.25959077,0.0048061395,0.4,0.0,0.1908577,0.009690164
375316653866487564,242841333566784512,0.5176835,2078.1781450628755,3.45021420895154,1.6512951E-5,19.419003,0.017863685,0.26374495,0.0071096933,0.0774195,0.010742157,0.3623128,0.024255155,0.7609648,0.0042129983,0.06686964,0.008007279,0.47236803,0.02687451,null,null,null,null,"TWOGAUSSIANS",8,3.4510162,0.7609648,0.0042129983,0.37446997,0.04328587,0.47048438,0.027272658,0.26374495,0.0071096933,0.4,0.011048469,0.36042914,0.024312396
375316653866487564,242843223353562112,0.6026605,2077.676861179098,3.2889061877478434,6.0570924E-6,18.554337,0.013710428,0.18059991,0.0010629939,0.04447782,0.0040644733,0.36569017,0.033274096,0.6820329,0.0032269233,0.052884147,0.0049779676,0.44081274,0.059849963,0.116767295,0.024517138,0.18059991,0.0010629939,"TWOGAUSSIANS_WITH_ELLIPSOIDAL_ON_ECLIPSE1",9,3.784167,0.6820329,0.0030838952,0.29615122,0.02787662,0.6743227,0.052112184,0.18059991,0.0010629939,0.2490758,0.02276105,0.5992191,0.023229396
375316653866487564,242848102436510848,0.51432985,2035.0053014437863,1.1383432354318423,1.9244806E-5,19.675953,0.006928712,0.17558266,0.0034391603,0.017642599,0.0020839872,0.40369347,0.10318507,0.67807776,8.6503604E-4,0.023357289,0.0010056585,0.40715936,0.013745365,null,null,null,null,"TWOGAUSSIANS",8,1.838062,0.67807776,8.6503604E-4,0.13080081,0.0056316876,0.40715936,0.013745365,0.17558266,0.0034391603,0.09879855,0.011670328,0.40369347,0.10318507
375316653866487564,242848927070335872,0.45874476,2093.630866463295,0.10634401841311815,6.496422E-5,18.320635,0.0060768854,0.44241154,0.012922819,0.072891295,0.015611255,0.16029426,0.020136619,0.8924706,0.008911729,0.06602303,0.011836108,0.1091718,0.017255947,null,null,null,null,"TWOGAUSSIANS",8,3.3429506,0.44241154,0.012922819,0.4,0.051215883,0.16018891,0.020174537,0.8924706,0.008911729,0.36972898,0.062398277,0.109066464,0.017335959
375316653866487564,242849893440872832,0.6925114,2080.876604330632,0.5836562673519604,3.4947327E-6,16.559076,0.0025068414,0.3385175,3.2202722E-4,0.027997883,4.2617982E-4,1.18252,0.019087305,0.83963,0.003855101,0.028500794,0.002621032,0.09639799,0.0036529053,null,null,null,null,"TWOGAUSSIANS",8,10.613366,0.3385175,3.2202722E-4,0.15678814,0.002386607,1.18252,0.019087305,0.83963,0.003855101,0.15960445,0.01467778,0.09639799,0.0036529053
375316653866487564,242850030879839488,0.52248675,2084.6488843418483,0.6630406743297289,1.0914093E-5,16.796759,0.003455828,0.31982604,0.00917834,0.009535169,0.0054587633,0.5650727,0.70737416,0.81257224,0.014255702,0.004529162,0.016697718,0.2827216,0.29277447,0.009767613,0.004603301,0.81257224,0.014255702,"TWOGAUSSIANS_WITH_ELLIPSOIDAL_ON_ECLIPSE2",9,35.339798,0.31982604,0.009178516,0.053396948,0.030569075,0.5845674,0.7086462,0.81257224,0.014255702,0.025363307,0.093507215,0.30225682,0.2931762
375316653866487564,242855665877263616,0.5699632,2093.433061513667,2.411737200006108,7.787797E-6,15.065745,0.055295404,0.20864317,0.0023363514,0.24374668,0.02338112,0.42715028,0.055342626,0.70623446,0.0019609258,0.15710534,0.008720757,0.3563208,0.034522437,null,null,null,null,"TWOGAUSSIANS",8,6.200005,0.70623446,0.0019609258,0.4,0.0,0.10633208,0.002793456,0.20937316,0.002568675,0.4,0.0,0.07763926,0.0030167615
375316653866487564,242856112553489280,0.6471241,2095.302199765778,2.7750904037110944,5.123467E-6,16.665176,0.007177845,0.26313812,0.0011488285,0.04141274,0.0028744303,0.26601014,0.021717729,0.7596065,0.01175659,0.0405328,0.00861398,0.2795138,0.05031925,0.15474404,0.01409996,0.26313812,0.0011488285,"TWOGAUSSIANS_WITH_ELLIPSOIDAL_ON_ECLIPSE1",9,15.9679365,0.7600465,0.011061087,0.22698368,0.04823829,0.58886844,0.043586835,0.26313812,0.0011488285,0.23191135,0.01609681,0.57549804,0.013410833
375316653866487564,242856314414252288,0.42532906,2090.6010653108347,2.759542182069769,5.9147158E-5,18.343409,0.014648713,0.42795053,0.10530109,0.04438498,0.09498504,0.05603023,0.1530701,0.8480667,0.0095087895,0.06698349,0.014685658,0.14263776,0.022490503,null,null,null,null,"TWOGAUSSIANS",8,15.00911,0.8480667,0.0095087895,0.37510756,0.06820501,0.14263752,0.022071742,0.42795053,0.10530109,0.24855588,0.39478007,0.05602998,0.15322337
375316653866487564,242857482645437440,0.5531662,2068.247651792188,0.8155168351385524,1.8876523E-5,17.644571,0.0047628838,0.18505064,2.1237109E-5,0.004009409,3.748566E-5,1.043182,0.0013074037,0.74883515,0.026388966,0.017834054,0.01957761,0.06848546,0.029657884,null,null,null,null,"TWOGAUSSIANS",8,16.241943,0.18505064,2.1237109E-5,0.02245269,2.099197E-4,1.043182,0.0013074037,0.74883515,0.026388966,0.0998707,0.109634615,0.06848546,0.029657884
375316653866487564,242865114804975232,0.5068441,2104.157302566814,2.476093665647761,3.0873645E-5,15.944553,0.05641875,0.24133597,0.017526956,0.11473243,0.043497015,0.098801635,0.054246783,0.7269685,0.0055389763,0.120420955,0.019067265,0.23437765,0.056624647,null,null,null,null,"TWOGAUSSIANS",8,45.84728,0.7269685,0.0055389763,0.4,0.0,0.20690134,0.007706036,0.24152598,0.017742472,0.4,0.0,0.071403,0.011603308
375316653866487564,242865419744962176,0.5636596,2077.941439411607,3.0968288959066297,1.2197459E-5,18.834915,0.00907987,0.3103892,0.0055505796,0.07453214,0.0063954806,0.4862525,0.024314888,0.80490977,0.0021970747,0.07961115,0.00285745,0.45896634,0.013780254,null,null,null,null,"TWOGAUSSIANS",8,3.2127542,0.3103892,0.0055505796,0.4,3.909269E-4,0.48189217,0.0248987,0.80490977,0.0021970747,0.4,0.0,0.45460603,0.0132582765
375316653866487564,242868340326126720,0.50298953,2087.914103280831,0.7897195066929328,2.794093E-5,17.182379,0.005748691,0.2539199,0.0060773366,0.04235159,0.025614342,0.013724929,0.025558136,0.83090013,0.006520997,0.044999186,0.0061971038,0.0872005,0.018235438,0.08638535,0.006376065,0.2539199,0.0060773366,"TWOGAUSSIANS_WITH_ELLIPSOIDAL_ON_ECLIPSE1",9,18.715645,0.83090013,0.006520997,0.25199544,0.03470378,0.22260602,0.012624717,0.2539199,0.0060773366,0.2371689,0.1434403,0.18649442,0.020990772
375316653866487564,242870474924070784,0.63684905,2096.3199441493452,0.43720535139323774,6.348592E-6,15.642273,0.0021728382,0.26528788,0.0011420092,0.02198588,7.795528E-4,0.6059327,0.013742859,null,null,null,null,null,null,0.021061713,0.0028555964,0.26528788,0.0011420092,"ONEGAUSSIAN_WITH_ELLIPSOIDAL",6,23.556423,0.26528788,0.0011420092,0.12312093,0.004365496,0.64805603,0.012165128,null,null,null,null,null,null
