Gaia/vari_eclipsing_binary/VariEclipsingBinary_494920-495475.csv
# %ECSV 1.0
# ---
# delimiter: ','
# meta: !!omap
# - RELEASE: Gaia DR3
# - TABLE: vari_eclipsing_binary
# - DESCRIPTION: >
#     This table describes the properties of the eclipsing binaries resulting from the variability analysis. 
# - CITATION: >
#     How to cite and acknowledge Gaia: 
#     https://gea.esac.esa.int/archive/documentation/credits.html 
# - KNOWN_ISSUES: >
#     Known issues: 
#     https://www.cosmos.esa.int/web/gaia-users/known-issues 
# - DOCUMENTATION: >
#     Tutorials and documentation: 
#     https://www.cosmos.esa.int/web/gaia-users/archive 
# datatype:
# - 
#   name: solution_id
#   datatype: int64
#   description: Solution Identifier
#   meta:
#     ucd: meta.version
# - 
#   name: source_id
#   datatype: int64
#   description: Unique source identifier
#   meta:
#     ucd: meta.id;meta.main
# - 
#   name: global_ranking
#   datatype: float32
#   description: Number between 0 (worst) and 1 (best)
#   meta:
#     ucd: stat.param
# - 
#   name: reference_time
#   datatype: float64
#   unit: d
#   description: Reference time used for the geometric model fit
#   meta:
#     ucd: time.epoch
# - 
#   name: frequency
#   datatype: float64
#   unit: d**-1
#   description: Frequency of geometric model of the eclipsing binary light curve
#   meta:
#     ucd: src.orbital
# - 
#   name: frequency_error
#   datatype: float32
#   unit: d**-1
#   description: "Uncertainty of \\texttt{frequency}"
#   meta:
#     ucd: stat.error
# - 
#   name: geom_model_reference_level
#   datatype: float32
#   unit: mag
#   description: Magnitude reference level of geometric model
#   meta:
#     ucd: phot.mag;em.opt
# - 
#   name: geom_model_reference_level_error
#   datatype: float32
#   unit: mag
#   description: "Uncertainty of \\texttt{geomModelReferenceLevel}"
#   meta:
#     ucd: stat.error;phot.mag;em.opt
# - 
#   name: geom_model_gaussian1_phase
#   datatype: float32
#   description: Phase of the Gaussian 1 component
#   meta:
#     ucd: time.phase
# - 
#   name: geom_model_gaussian1_phase_error
#   datatype: float32
#   description: "Uncertainty of \\texttt{geomModelGaussian1Phase}"
#   meta:
#     ucd: stat.error;time.phase
# - 
#   name: geom_model_gaussian1_sigma
#   datatype: float32
#   description: "Standard deviation [phase] of Gaussian 1 component"
#   meta:
#     ucd: stat.stdev
# - 
#   name: geom_model_gaussian1_sigma_error
#   datatype: float32
#   description: "Uncertainty of \\texttt{geomModelGaussian1Sigma}"
#   meta:
#     ucd: stat.error
# - 
#   name: geom_model_gaussian1_depth
#   datatype: float32
#   unit: mag
#   description: Magnitude depth of Gaussian 1 component
#   meta:
#     ucd: src.var.amplitude
# - 
#   name: geom_model_gaussian1_depth_error
#   datatype: float32
#   unit: mag
#   description: "Uncertainty of \\texttt{geomModelGaussian1Depth}"
#   meta:
#     ucd: stat.error;src.var.amplitude
# - 
#   name: geom_model_gaussian2_phase
#   datatype: float32
#   description: Phase of Gaussian 2 component
#   meta:
#     ucd: time.phase
# - 
#   name: geom_model_gaussian2_phase_error
#   datatype: float32
#   description: "Uncertainty of \\texttt{geomModelGaussian2Phase}"
#   meta:
#     ucd: stat.error;time.phase
# - 
#   name: geom_model_gaussian2_sigma
#   datatype: float32
[...]
#   datatype: float32
#   description: "Secondary eclipse: uncertainty of \\texttt{derivedSecondaryEclDuration}"
#   meta:
#     ucd: stat.error;time.duration
# - 
#   name: derived_secondary_ecl_depth
#   datatype: float32
#   unit: mag
#   description: "Secondary eclipse: depth"
#   meta:
#     ucd: src.var.amplitude
# - 
#   name: derived_secondary_ecl_depth_error
#   datatype: float32
#   unit: mag
#   description: "Secondary eclipse: uncertainty of \\texttt{derivedSecondaryEclDepth}"
#   meta:
#     ucd: stat.error;src.var.amplitude
solution_id,source_id,global_ranking,reference_time,frequency,frequency_error,geom_model_reference_level,geom_model_reference_level_error,geom_model_gaussian1_phase,geom_model_gaussian1_phase_error,geom_model_gaussian1_sigma,geom_model_gaussian1_sigma_error,geom_model_gaussian1_depth,geom_model_gaussian1_depth_error,geom_model_gaussian2_phase,geom_model_gaussian2_phase_error,geom_model_gaussian2_sigma,geom_model_gaussian2_sigma_error,geom_model_gaussian2_depth,geom_model_gaussian2_depth_error,geom_model_cosine_half_period_amplitude,geom_model_cosine_half_period_amplitude_error,geom_model_cosine_half_period_phase,geom_model_cosine_half_period_phase_error,model_type,num_model_parameters,reduced_chi2,derived_primary_ecl_phase,derived_primary_ecl_phase_error,derived_primary_ecl_duration,derived_primary_ecl_duration_error,derived_primary_ecl_depth,derived_primary_ecl_depth_error,derived_secondary_ecl_phase,derived_secondary_ecl_phase_error,derived_secondary_ecl_duration,derived_secondary_ecl_duration_error,derived_secondary_ecl_depth,derived_secondary_ecl_depth_error
[from data line 326]
375316653866487564,4357740648212889856,0.52086234,2182.6955785892224,2.165502674407649,1.6064907E-5,17.801306,0.0132134855,0.15185688,0.004608729,0.03964586,0.006459404,0.20191024,0.036312915,0.6355887,0.0038997678,0.05134438,0.004861289,0.2654253,0.035838094,0.059239384,0.023595618,0.15185688,0.004608729,"TWOGAUSSIANS_WITH_ELLIPSOIDAL_ON_ECLIPSE1",9,26.482428,0.6369687,0.003455987,0.2875285,0.02722322,0.38277406,0.024766887,0.15185688,0.004608729,0.22201683,0.036172662,0.32038862,0.023529636
375316653866487564,4357747730617002752,0.58650917,2239.9938429272797,1.0244758335274091,1.0138356E-5,11.543114,0.008500446,0.22686289,0.0026054732,0.060362898,0.0037152437,0.25562418,0.021479111,0.7306416,0.0025826895,0.05000032,0.018532418,0.012932417,0.023993652,0.07453035,0.013211628,0.7306416,0.0025826895,"TWOGAUSSIANS_WITH_ELLIPSOIDAL_ON_ECLIPSE2",9,78.21293,0.2274029,0.0021044903,0.33803225,0.020805364,0.4045752,0.009836437,0.7306416,0.0025826895,0.2800018,0.10378154,0.16195539,0.0056761843
375316653866487564,4357753945431800064,0.46693665,2164.702623063096,2.62312456661355,5.273045E-5,19.268436,0.007886021,0.28008598,0.006199116,0.04631303,0.040783845,0.04772273,2.6147017,0.74456716,0.019964239,0.01652152,0.018479547,0.23554136,0.15135208,0.062854715,0.012256244,0.28008598,0.006199116,"TWOGAUSSIANS_WITH_ELLIPSOIDAL_ON_ECLIPSE1",9,3.7391868,0.74495715,0.020330599,0.09252051,0.10348546,0.35515967,0.15665625,0.28008598,0.006199116,0.25935298,0.22838953,0.17343211,2.6171257
375316653866487564,4357762539663817344,0.52479076,2188.8366152706185,3.4331377386743864,1.8750066E-5,16.982483,0.30470058,0.18065995,0.0049685077,0.13349263,0.048076108,0.20840049,0.23395443,0.67818916,0.005567337,0.15803005,0.08908917,0.21352814,0.29662055,null,null,null,null,"TWOGAUSSIANS",8,5.123688,0.67818916,0.005567337,0.4,0.0,0.11874193,0.0076258588,0.18089995,0.0050351974,0.4,0.0,0.11610454,0.017979681
375316653866487564,4357815140127138304,0.44322518,2152.515486514372,0.3218913540253775,3.506265E-5,17.63959,0.0030188055,0.17580272,0.017155401,0.04368299,0.016324084,0.02381566,0.0059533003,0.6583489,0.008910977,0.065708645,0.01413787,0.082278065,0.0076778214,null,null,null,null,"TWOGAUSSIANS",8,5.166622,0.6583489,0.008910977,0.3679684,0.074136525,0.08227671,0.007681787,0.17580272,0.017155401,0.24462473,0.09141487,0.023814304,0.005952507
375316653866487564,4357821840276055936,0.48824355,2149.1790139838577,3.9380312216093567,2.3027216E-5,18.735346,1.1969651,0.20792276,0.008301428,0.21884081,0.16765897,0.7116516,1.1790781,0.7229109,0.011584403,0.14605263,0.050176032,0.74346113,0.68061817,null,null,null,null,"TWOGAUSSIANS",8,2.7486293,0.7283109,0.0054673026,0.4,0.0,0.3339749,0.040627327,0.20536275,0.005111331,0.4,0.0,0.20066676,0.037682656
375316653866487564,4357833075909748992,0.5984043,2159.3309700216873,2.256194375443422,7.8405765E-6,17.109467,0.0022346305,0.27035177,0.0023037829,0.032080807,0.0016559379,0.4060312,0.01078139,0.732608,0.029578712,0.022047726,0.021590311,0.04937189,0.79417753,null,null,null,null,"TWOGAUSSIANS",8,6.803692,0.27035177,0.0023037829,0.17965253,0.009273252,0.4060312,0.01078139,0.732608,0.029578712,0.123467274,0.12090574,0.04937189,0.79417753
375316653866487564,4357836791057984640,0.6128002,2154.8960095282823,3.6488173386401477,5.390656E-6,14.681363,0.010900379,0.25714707,0.0010315035,0.0468944,0.0031179006,0.29650447,0.02637239,0.7545808,0.0042217905,0.047250893,0.0061672647,0.45331594,0.045852575,0.12072743,0.017233735,0.25714707,0.0010315035,"TWOGAUSSIANS_WITH_ELLIPSOIDAL_ON_ECLIPSE1",9,177.52841,0.7548008,0.003928504,0.264605,0.034536682,0.6947127,0.054475795,0.25714707,0.0010315035,0.26260865,0.017460242,0.5379587,0.010309337
375316653866487564,4357854829920645248,0.57690156,2150.079535069026,2.9070203689102,1.2754495E-5,14.830694,0.0047492,0.24037144,0.001819406,0.08969272,0.0028658116,0.23739272,0.005568922,0.7342836,0.00194639,0.093702674,0.0030966583,0.2699633,0.0060923765,null,null,null,null,"TWOGAUSSIANS",8,61.0844,0.7342836,0.00194639,0.4,0.0,0.25870934,0.005839528,0.24037144,0.001819406,0.4,0.0,0.22613904,0.0048482115
375316653866487564,4357912038885288448,0.49298993,2168.5709677734258,1.0622173517743891,7.071218E-5,13.4811,0.08547156,0.29753953,0.005774331,0.1540267,0.06402862,0.1067183,0.0843005,0.80570143,0.0076448293,0.117272,0.034061626,0.117155746,0.074998125,null,null,null,null,"TWOGAUSSIANS",8,134.66852,0.80615145,0.007422197,0.4,0.0,0.08040915,0.005631596,0.29747954,0.005658742,0.4,0.0,0.06888465,0.004609586
375316653866487564,4357913413274658048,0.5376312,2163.8060046663672,3.088267345608736,1.2994943E-5,19.209408,0.012782503,0.25981852,0.0033033425,0.08118931,0.0038757524,0.48938876,0.017340474,0.76543623,0.002663473,0.08515413,0.0039360817,0.41902447,0.014858683,null,null,null,null,"TWOGAUSSIANS",8,2.1867917,0.25981852,0.0033033425,0.4,0.0,0.48048595,0.016205797,0.76543623,0.002663473,0.4,0.0,0.41012162,0.013390765
375316653866487564,4357916608730453760,0.42045826,2162.6475168881293,1.3409089520127222,6.2420186E-5,18.105375,0.0044635534,0.30711588,6.6764705E-6,0.004887758,6.4569624E-4,0.21552177,0.045454614,0.6833369,0.0021505752,0.009387466,0.0022549303,0.12613434,0.03901297,null,null,null,null,"TWOGAUSSIANS",8,6.270072,0.30711588,6.6764705E-6,0.027371444,0.003615899,0.21552177,0.045454614,0.6833369,0.0021505752,0.05256981,0.01262761,0.12613434,0.03901297
375316653866487564,4357931894516900480,0.48709476,2145.74760228232,3.8577168001178777,1.3843388E-5,19.074245,0.036586147,0.2655027,0.0037697498,0.11251913,0.017431155,0.20874691,0.032052066,0.76705664,0.004419137,0.113126785,0.016201697,0.24124774,0.033626024,null,null,null,null,"TWOGAUSSIANS",8,1.5262421,0.76705664,0.0044308286,0.4,0.0,0.20333293,0.009658473,0.2655027,0.0037795121,0.4,0.0,0.17083824,0.010500929
375316653866487564,4357932070612537216,0.5554131,2148.123749800965,1.7862306376780968,6.7344213E-6,16.556963,0.008648574,0.2375848,0.0015223615,0.033708267,0.001860373,0.70352167,0.022734886,0.7406001,0.0012196352,0.03317734,0.0018478032,0.4832154,0.034705676,0.03781889,0.01344196,0.7406001,0.0012196352,"TWOGAUSSIANS_WITH_ELLIPSOIDAL_ON_ECLIPSE2",9,112.20214,0.23761481,0.0015085745,0.1887663,0.010418089,0.77913254,0.023895225,0.7406001,0.0012196352,0.18579309,0.010347698,0.55885315,0.034222748
375316653866487564,4357946295544309632,0.6124886,2165.8329514129946,3.778067691523364,5.5451915E-6,14.16474,0.012296508,0.14262758,0.0014201583,0.05482307,0.0035787146,0.40974662,0.026347544,0.6433508,0.0031111639,0.0524138,0.0032772154,0.34304544,0.02955988,0.10643773,0.016329208,0.14262758,0.0014201583,"TWOGAUSSIANS_WITH_ELLIPSOIDAL_ON_ECLIPSE1",9,253.32191,0.14262758,0.0014201583,0.3070092,0.0200408,0.6226052,0.016290821,0.6433508,0.003083671,0.29351726,0.018352406,0.5558997,0.012469488
375316653866487564,4357947532494874368,0.49939263,2193.5011108273256,3.662418618648667,3.5007975E-5,16.33558,0.01599045,0.26211482,0.0055249743,0.04684904,0.007185873,0.33321863,0.057513524,0.7505512,0.0052794064,0.099294275,0.0144666005,0.16750562,0.011666362,null,null,null,null,"TWOGAUSSIANS",8,62.4394,0.26211482,0.0055249743,0.2623546,0.04024089,0.33238187,0.05769808,0.7505512,0.0052794064,0.4,0.0,0.16666767,0.010600263
375316653866487564,4357950693590854144,0.51983273,2169.6785116666374,0.442713033053181,1.4212214E-5,18.249498,0.0017225607,0.121463634,0.006561658,0.029805465,0.0043583075,0.23807725,0.0775315,0.59599453,0.017879704,0.04277305,0.014577952,0.011223857,0.004403372,null,null,null,null,"TWOGAUSSIANS",8,1.0280187,0.121463634,0.006561658,0.1669106,0.02440652,0.23807725,0.0775315,0.59599453,0.017879704,0.23952907,0.08163653,0.011223857,0.004403372
375316653866487564,4357953511089397248,0.49255395,2175.1109576821204,1.5117291875409282,2.6811927E-5,15.082906,0.0039447364,0.3040589,0.007821484,0.034126803,0.015197049,0.12897097,0.016535541,0.8049613,4.5867806E-4,0.01577758,0.0015358439,1.1883166,0.35585004,null,null,null,null,"TWOGAUSSIANS",8,169.33798,0.8049613,4.5867806E-4,0.08835445,0.008600727,1.1883166,0.35585004,0.3040589,0.007821484,0.1911101,0.085103475,0.12897097,0.016535541
375316653866487564,4357965055961507456,0.652748,2177.8073629825744,0.6273720305181002,2.532826E-6,16.947588,0.0026452413,0.31402814,2.6468086E-4,0.030719608,4.68909E-4,0.7623141,0.0059246537,0.8122164,0.014409697,0.0236093,0.0074073956,0.08707971,0.020096572,0.01551157,0.0027710944,0.31402814,2.6468086E-4,"TWOGAUSSIANS_WITH_ELLIPSOIDAL_ON_ECLIPSE1",9,10.5066395,0.31402814,2.6468086E-4,0.17202981,0.0026258905,0.7933372,0.0057252315,0.8122464,0.014280806,0.13221207,0.041481417,0.11809889,0.01975967
375316653866487564,4357975982358563968,0.5380336,2206.3378766884202,2.670295349410366,1.420706E-5,19.829044,0.0065786713,0.2526108,0.005726552,0.080007724,0.005341831,0.21722633,0.013682681,0.75982094,0.003920146,0.0538105,0.0048101638,0.6986886,0.06643132,null,null,null,null,"TWOGAUSSIANS",8,1.2221631,0.75982094,0.003920146,0.3013388,0.026936917,0.69818205,0.066709876,0.2526108,0.005726552,0.4,0.0,0.21671972,0.013638838
375316653866487564,4357985018969882240,0.5644531,2174.6274021701083,0.28885257468225045,1.8640934E-5,15.662326,0.0012944946,0.4217947,0.001271587,0.0126417605,8.115151E-4,0.19084918,0.0145856915,0.9166537,0.0040185307,0.012782178,0.0037079721,0.021291548,0.03141001,null,null,null,null,"TWOGAUSSIANS",8,10.832119,0.4217947,0.001271587,0.07079386,0.0045444844,0.19084918,0.0145856915,0.9166537,0.0040185307,0.071580194,0.020764643,0.021291548,0.03141001
375316653866487564,4357986835738314368,0.48667043,2183.363331544429,1.941681130517658,2.274408E-5,18.979687,0.010127737,0.2238101,3.8445866E-4,0.014231852,8.1527024E-4,0.49613178,0.008684034,0.72740495,0.025741767,0.107948944,0.030723192,0.07764811,0.021971282,null,null,null,null,"TWOGAUSSIANS",8,4.470769,0.2238101,3.8445866E-4,0.07969837,0.004565513,0.496108,0.008676626,0.72740495,0.025741767,0.4,0.0,0.07762088,0.02201697
375316653866487564,4358007009202139392,0.70115626,2174.4097457027683,0.19410102008767763,1.1915201E-6,8.8447695,6.45558E-4,0.5484209,0.025110204,0.06277288,0.021315852,0.025837276,0.17761897,0.7786901,9.3931136E-5,0.012516579,1.15059534E-4,0.43879673,0.0021172764,6.1660545E-4,8.4957934E-4,0.5484209,0.025110204,"TWOGAUSSIANS_WITH_ELLIPSOIDAL_ON_ECLIPSE1",9,19.978247,0.7786901,9.3931136E-5,0.07009284,6.4433337E-4,0.43883854,0.0020216382,0.5484209,0.025110204,0.35152814,0.10598245,0.027062524,0.17733859
375316653866487564,4358040269428991232,0.6310674,2159.261441025225,0.29407004693280014,1.0726493E-5,15.394448,5.28374E-4,0.11973856,0.012089081,0.033173643,0.008206683,0.0076386943,0.0035502047,0.2970113,2.2729057E-4,0.003471705,4.4986056E-4,0.6677595,0.2108035,0.0020463723,8.8160165E-4,0.2970113,2.2729057E-4,"TWOGAUSSIANS_WITH_ELLIPSOIDAL_ON_ECLIPSE2",9,5.3058715,0.2970113,2.2729057E-4,0.019441547,0.0025192192,0.6718522,0.21081635,0.12276856,0.013448469,0.18577239,0.045957427,0.008466216,0.0034236256
375316653866487564,4358079817487590272,0.6485551,2160.160134003217,0.3442982562266314,5.286017E-6,15.344911,0.0012726954,0.7202641,1.9301742E-4,0.01614456,3.761162E-4,0.4676763,0.01228837,0.8946778,0.017895915,0.012921305,0.019435765,0.00456397,7.2862124E33,null,null,null,null,"TWOGAUSSIANS",8,13.216751,0.7202641,1.9301742E-4,0.09040954,0.0021062507,0.4676763,0.01228837,0.8946778,0.017895915,0.07235931,0.10884029,0.00456397,7.2862124E33
375316653866487564,4358084868369208064,0.5596768,2201.5224361222245,3.2795681704584565,1.4358537E-5,17.976957,0.01513516,0.32362184,0.004309647,0.08682647,0.005090561,0.51314086,0.022651592,0.83121157,0.0030677926,0.08819367,0.005798946,0.4234774,0.024844838,null,null,null,null,"TWOGAUSSIANS",8,10.371198,0.32362184,0.004309647,0.4,0.0,0.49925712,0.020941649,0.83121157,0.0030677926,0.4,0.0,0.40959364,0.025710238
375316653866487564,4358086375900433024,0.5541668,2148.407783362547,0.2797193886407245,8.450493E-6,18.853153,0.004548658,0.13992964,0.0014221289,0.007245042,0.001655434,0.18450658,0.010514552,0.6419364,0.0012844149,0.0065188794,0.0011566335,0.9821688,0.13222072,null,null,null,null,"TWOGAUSSIANS",8,4.92009,0.6419364,0.0012844149,0.036505725,0.006477148,0.9821688,0.13222072,0.13992964,0.0014221289,0.040572233,0.009270431,0.18450658,0.010514552
375316653866487564,4358093630102492288,0.55502313,2160.4316402867134,2.871121430527292,1.3294102E-5,16.215996,0.006819456,0.31043229,0.0034045908,0.039039355,0.009122192,0.099745445,0.027266856,0.80014277,0.004030792,0.046446394,0.0052909497,0.18999578,0.024051616,0.11500949,0.01960284,0.31043229,0.0034045908,"TWOGAUSSIANS_WITH_ELLIPSOIDAL_ON_ECLIPSE1",9,77.46904,0.8019028,0.0030732586,0.2600998,0.029629318,0.4192179,0.017940678,0.31043229,0.0034045908,0.21862039,0.051084273,0.32976395,0.01783153
375316653866487564,4358094592175183232,0.63280666,2201.140338113906,2.648484463225807,5.5600563E-6,17.143215,0.006541023,0.23865524,0.0012905395,0.08759106,0.002547335,0.4117358,0.006076492,0.74053687,0.002095432,0.0834243,0.0029210404,0.41549107,0.010617448,null,null,null,null,"TWOGAUSSIANS",8,6.144856,0.74053687,0.002095432,0.4,0.0,0.40434203,0.0104318485,0.23865524,0.0012905395,0.4,0.0,0.4005867,0.0050444836
375316653866487564,4358117166523263872,0.44575882,2167.2872383878216,0.04048315017831509,1.2423097E-4,15.553919,0.0017026546,0.4437093,0.02175727,0.103939936,0.014530237,0.029252997,0.005597019,0.9286759,0.004830305,0.0031417962,0.005140186,0.08518044,0.35425183,null,null,null,null,"TWOGAUSSIANS",8,25.652462,0.9286759,0.004830305,0.017594058,0.02878504,0.08518056,0.354252,0.4437093,0.02175727,0.4,0.0,0.029252436,0.0055970647
375316653866487564,4358139667855272960,0.54957193,2149.9754709357317,1.617195859354878,1.0624474E-5,11.251211,0.0022969758,0.2547901,9.2787406E-4,0.051618204,0.0026714597,0.12500381,0.0050582965,0.76019514,0.023252552,0.03694544,0.02220136,0.019199343,0.024407258,0.060858898,0.0031287812,0.2547901,9.2787406E-4,"TWOGAUSSIANS_WITH_ELLIPSOIDAL_ON_ECLIPSE1",9,24.44389,0.2547901,9.2787406E-4,0.28906193,0.014960174,0.24672036,0.003182554,0.76019514,0.022719001,0.20689447,0.12432761,0.14077556,0.02501741
375316653866487564,4358143687944831616,0.5431835,2170.1866244218086,3.509508292732757,1.6716418E-5,18.7324,0.0074069514,0.24843624,0.0029104468,0.07844727,0.0035601177,0.3324079,0.014339744,0.75712556,0.002652489,0.086080454,0.0035035226,0.3213695,0.01091037,null,null,null,null,"TWOGAUSSIANS",8,3.1383135,0.24843624,0.0029104468,0.4,0.0,0.32692873,0.014271078,0.75712556,0.002652489,0.4,0.0,0.31589034,0.010578146
375316653866487564,4358144860472817536,0.533482,2180.509281273394,0.3748505233814235,2.912923E-5,14.032956,0.0034713242,0.35161945,0.0034162377,0.013042942,0.0027795404,0.2799876,0.047841057,0.844016,0.009158202,0.0093167,0.0033845224,0.466092,0.32254434,null,null,null,null,"TWOGAUSSIANS",8,585.4731,0.844016,0.009158202,0.052173518,0.018953325,0.466092,0.32254434,0.35161945,0.0034162377,0.07304047,0.015565426,0.2799876,0.047841057
375316653866487564,4358154584278534912,0.48637623,2159.6735256850575,4.032706623100309,6.0173777E-5,16.27803,0.013052806,0.30947804,0.005705225,0.05752981,0.010126808,0.16896608,0.031959213,0.56368566,0.00959076,0.066573165,0.011040503,0.12803763,0.024373377,0.06371438,0.017086357,0.30947804,0.005705225,"TWOGAUSSIANS_WITH_ELLIPSOIDAL_ON_ECLIPSE1",9,70.11045,0.30955803,0.005627815,0.32216695,0.056710124,0.2964685,0.026750837,0.5658957,0.013228618,0.3728097,0.061826818,0.12816852,0.024417097
