Gaia/vari_eclipsing_binary/VariEclipsingBinary_679887-679903.csv
# %ECSV 1.0
# ---
# delimiter: ','
# meta: !!omap
# - RELEASE: Gaia DR3
# - TABLE: vari_eclipsing_binary
# - DESCRIPTION: >
#     This table describes the properties of the eclipsing binaries resulting from the variability analysis. 
# - CITATION: >
#     How to cite and acknowledge Gaia: 
#     https://gea.esac.esa.int/archive/documentation/credits.html 
# - KNOWN_ISSUES: >
#     Known issues: 
#     https://www.cosmos.esa.int/web/gaia-users/known-issues 
# - DOCUMENTATION: >
#     Tutorials and documentation: 
#     https://www.cosmos.esa.int/web/gaia-users/archive 
# datatype:
# - 
#   name: solution_id
#   datatype: int64
#   description: Solution Identifier
#   meta:
#     ucd: meta.version
# - 
#   name: source_id
#   datatype: int64
#   description: Unique source identifier
#   meta:
#     ucd: meta.id;meta.main
# - 
#   name: global_ranking
#   datatype: float32
#   description: Number between 0 (worst) and 1 (best)
#   meta:
#     ucd: stat.param
# - 
#   name: reference_time
#   datatype: float64
#   unit: d
#   description: Reference time used for the geometric model fit
#   meta:
#     ucd: time.epoch
# - 
#   name: frequency
#   datatype: float64
#   unit: d**-1
#   description: Frequency of geometric model of the eclipsing binary light curve
#   meta:
#     ucd: src.orbital
# - 
#   name: frequency_error
#   datatype: float32
#   unit: d**-1
#   description: "Uncertainty of \\texttt{frequency}"
#   meta:
#     ucd: stat.error
# - 
#   name: geom_model_reference_level
#   datatype: float32
#   unit: mag
#   description: Magnitude reference level of geometric model
#   meta:
#     ucd: phot.mag;em.opt
# - 
#   name: geom_model_reference_level_error
#   datatype: float32
#   unit: mag
#   description: "Uncertainty of \\texttt{geomModelReferenceLevel}"
#   meta:
#     ucd: stat.error;phot.mag;em.opt
# - 
#   name: geom_model_gaussian1_phase
#   datatype: float32
#   description: Phase of the Gaussian 1 component
#   meta:
#     ucd: time.phase
# - 
#   name: geom_model_gaussian1_phase_error
#   datatype: float32
#   description: "Uncertainty of \\texttt{geomModelGaussian1Phase}"
#   meta:
#     ucd: stat.error;time.phase
# - 
#   name: geom_model_gaussian1_sigma
#   datatype: float32
#   description: "Standard deviation [phase] of Gaussian 1 component"
#   meta:
#     ucd: stat.stdev
# - 
#   name: geom_model_gaussian1_sigma_error
#   datatype: float32
#   description: "Uncertainty of \\texttt{geomModelGaussian1Sigma}"
#   meta:
#     ucd: stat.error
# - 
#   name: geom_model_gaussian1_depth
#   datatype: float32
#   unit: mag
#   description: Magnitude depth of Gaussian 1 component
#   meta:
#     ucd: src.var.amplitude
# - 
#   name: geom_model_gaussian1_depth_error
#   datatype: float32
#   unit: mag
#   description: "Uncertainty of \\texttt{geomModelGaussian1Depth}"
#   meta:
#     ucd: stat.error;src.var.amplitude
# - 
#   name: geom_model_gaussian2_phase
#   datatype: float32
#   description: Phase of Gaussian 2 component
#   meta:
#     ucd: time.phase
# - 
#   name: geom_model_gaussian2_phase_error
#   datatype: float32
#   description: "Uncertainty of \\texttt{geomModelGaussian2Phase}"
#   meta:
#     ucd: stat.error;time.phase
# - 
#   name: geom_model_gaussian2_sigma
#   datatype: float32
[...]
#   datatype: float32
#   description: "Secondary eclipse: uncertainty of \\texttt{derivedSecondaryEclDuration}"
#   meta:
#     ucd: stat.error;time.duration
# - 
#   name: derived_secondary_ecl_depth
#   datatype: float32
#   unit: mag
#   description: "Secondary eclipse: depth"
#   meta:
#     ucd: src.var.amplitude
# - 
#   name: derived_secondary_ecl_depth_error
#   datatype: float32
#   unit: mag
#   description: "Secondary eclipse: uncertainty of \\texttt{derivedSecondaryEclDepth}"
#   meta:
#     ucd: stat.error;src.var.amplitude
solution_id,source_id,global_ranking,reference_time,frequency,frequency_error,geom_model_reference_level,geom_model_reference_level_error,geom_model_gaussian1_phase,geom_model_gaussian1_phase_error,geom_model_gaussian1_sigma,geom_model_gaussian1_sigma_error,geom_model_gaussian1_depth,geom_model_gaussian1_depth_error,geom_model_gaussian2_phase,geom_model_gaussian2_phase_error,geom_model_gaussian2_sigma,geom_model_gaussian2_sigma_error,geom_model_gaussian2_depth,geom_model_gaussian2_depth_error,geom_model_cosine_half_period_amplitude,geom_model_cosine_half_period_amplitude_error,geom_model_cosine_half_period_phase,geom_model_cosine_half_period_phase_error,model_type,num_model_parameters,reduced_chi2,derived_primary_ecl_phase,derived_primary_ecl_phase_error,derived_primary_ecl_duration,derived_primary_ecl_duration_error,derived_primary_ecl_depth,derived_primary_ecl_depth_error,derived_secondary_ecl_phase,derived_secondary_ecl_phase_error,derived_secondary_ecl_duration,derived_secondary_ecl_duration_error,derived_secondary_ecl_depth,derived_secondary_ecl_depth_error
375316653866487564,5980349644564537728,0.48698086,2336.021030572921,2.322039314814358,2.0379446E-5,18.926682,0.16339615,0.2716926,0.0026638517,0.10281036,0.03823289,0.27727377,0.1499193,0.76308274,0.005784328,0.10638959,0.040362746,0.27112523,0.154881,null,null,null,null,"TWOGAUSSIANS",8,4.0007944,0.2717026,0.0028823758,0.4,0.0,0.24874797,0.011252331,0.76308274,0.005784328,0.4,0.0,0.24259453,0.018704806
375316653866487564,5980349747643788544,0.48739022,2336.308821424073,0.07707212176130813,6.781205E-5,19.574749,0.08551737,0.23695731,0.018197231,0.11456859,0.021308223,0.25762892,0.03352572,0.6043359,0.030877758,0.20661373,0.04736484,0.31370962,0.0812376,null,null,null,null,"TWOGAUSSIANS",8,0.9515427,0.2710373,0.022612672,0.4,0.0,0.24968953,0.023251023,0.6043359,0.030877758,0.4,0.0,0.23131248,0.010402768
375316653866487564,5980349816404723072,0.4085971,2362.459123288238,0.9754257367365458,1.4003097E-4,19.361654,0.01662093,0.28148106,0.017770546,0.068247154,0.018968657,0.10289906,0.028412612,0.822822,0.007727565,0.03200024,0.006460069,0.23293927,0.0336569,null,null,null,null,"TWOGAUSSIANS",8,6.0305467,0.822822,0.007727565,0.17920133,0.036176387,0.23293917,0.03365689,0.28148106,0.017770546,0.38218406,0.08948254,0.10289894,0.02841226
375316653866487564,5980350022562427776,0.46136084,2333.5123641843866,1.2167702796786044,5.1054045E-5,19.60019,0.0072970213,0.2153502,0.021737216,0.036075007,0.023632439,0.14019653,0.042653147,0.71263385,0.0045305328,0.053922113,0.0065004327,0.374564,0.10903341,null,null,null,null,"TWOGAUSSIANS",8,2.59146,0.71263385,0.0045305328,0.30196384,0.036402423,0.37456393,0.10903372,0.2153502,0.021737216,0.20202003,0.13234165,0.14019644,0.042657528
375316653866487564,5980350331759780224,0.49719995,2329.219743074474,0.3292535703104532,1.2961865E-4,17.509089,0.0027295644,0.18596052,0.0018552721,0.012595669,0.0015903434,0.5916325,0.11721648,0.6985724,0.00976982,0.030458363,0.011415976,0.119976975,0.067978434,null,null,null,null,"TWOGAUSSIANS",8,7.441901,0.18596052,0.0018552721,0.07053575,0.008905923,0.5916325,0.11721648,0.6985724,0.00976982,0.17056683,0.06392946,0.119976975,0.067978434
375316653866487564,5980350469198581120,0.42128673,2362.4319467774553,1.2340980181834202,2.8935841E-5,19.944422,0.015911514,0.22970249,0.007818201,0.026868578,0.0053760894,0.15858555,0.04037958,0.77695435,0.007580405,0.04180988,0.009099878,0.23074102,0.077541955,null,null,null,null,"TWOGAUSSIANS",8,3.9110732,0.77695435,0.007580405,0.23413533,0.05095932,0.23074102,0.077541955,0.22970249,0.007818201,0.15046404,0.030106101,0.15858555,0.04037958
375316653866487564,5980350469239765760,0.4904898,2347.111879317299,1.2810814409109492,1.307267E-5,18.697165,0.012151876,0.2775043,0.004324414,0.08492883,0.006804872,0.20968428,0.018602278,0.78030884,0.004251864,0.083118044,0.0087018395,0.17655572,0.011446503,null,null,null,null,"TWOGAUSSIANS",8,3.9384382,0.2775043,0.004324414,0.4,0.0,0.20530353,0.017971668,0.78030884,0.004251864,0.4,0.0,0.17217499,0.009622609
375316653866487564,5980350744077009792,0.51837045,2342.775340600371,2.4707470734798185,1.7542263E-5,18.959452,0.0126707675,0.2936792,0.004644253,0.080135465,0.006765807,0.30233887,0.012496686,0.7919173,0.005000089,0.08508387,0.007422524,0.35168025,0.018484643,null,null,null,null,"TWOGAUSSIANS",8,3.5835447,0.7919173,0.005000089,0.4,0.0,0.3451885,0.018402243,0.2936792,0.004644253,0.4,0.0,0.29584718,0.0101585025
375316653866487564,5980350812796360320,0.42053232,2337.5084471934106,4.570133342274067,1.12962414E-4,19.814375,0.034064505,0.17377187,0.0052328757,0.022412233,0.008134346,0.3415571,0.7419953,0.5584822,0.026474098,0.165567,0.040768024,0.24982384,0.03638493,null,null,null,null,"TWOGAUSSIANS",8,7.5169015,0.17411187,0.004909272,0.1255085,0.045552343,0.35341567,0.7434644,0.5584822,0.026474098,0.4,0.0,0.24459568,0.03810237
375316653866487564,5980350945865328512,0.62345135,2325.5174150822872,2.4606008589049644,5.4614106E-6,16.576424,0.013805362,0.25223342,0.0016026979,0.05127925,0.0042134984,0.33474556,0.029167622,0.75174445,0.002141596,0.048523996,0.0051497,0.2969639,0.026364854,0.11405286,0.017720869,0.25223342,0.0016026979,"TWOGAUSSIANS_WITH_ELLIPSOIDAL_ON_ECLIPSE1",9,22.067589,0.25223342,0.0016026979,0.2871638,0.023595592,0.56284803,0.008386314,0.7518045,0.0018863275,0.2717344,0.028838322,0.5250645,0.017426047
375316653866487564,5980350950235116160,0.52562386,2331.7106575848866,1.8648042473911544,2.1018039E-5,18.655727,0.014368073,0.2476921,0.0045171743,0.07835537,0.0066795987,0.24436085,0.015567613,0.740173,0.0075105955,0.09077916,0.01094181,0.35065314,0.024817253,null,null,null,null,"TWOGAUSSIANS",8,4.9694653,0.740173,0.0075105955,0.4,0.0,0.3440985,0.025808567,0.2476921,0.0045171743,0.4,0.0,0.23780641,0.013283896
375316653866487564,5980351461265788416,0.44818783,2373.6854900901176,1.2807031696768503,1.3060402E-4,17.722694,0.013635081,0.18270388,0.007937152,0.0306614,0.012304293,0.42500764,0.030322516,0.6704906,0.0076326435,0.02705046,0.009449532,0.3335595,0.09468277,null,null,null,null,"TWOGAUSSIANS",8,2.1514287,0.18270388,0.007937152,0.17170385,0.06890404,0.42500764,0.030322516,0.6704906,0.0076326435,0.15148258,0.05291738,0.3335595,0.09468277
375316653866487564,5980351598701673088,0.5682742,2321.699022287694,0.2277804340344678,1.0862681E-6,17.6445,0.0039046968,0.25140154,0.0012896119,0.024988132,0.0011428046,0.355785,0.009617571,0.7497707,0.005095175,0.025541255,0.0019802914,0.5660718,0.06710445,0.014556571,0.0054644775,0.25140154,0.0012896119,"TWOGAUSSIANS_WITH_ELLIPSOIDAL_ON_ECLIPSE1",9,7.988327,0.7497707,0.005094819,0.14303103,0.011089631,0.5951819,0.06768027,0.25140154,0.0012896119,0.13993354,0.006399706,0.38489813,0.005922296
375316653866487564,5980351671829882880,0.58928806,2301.7609392711515,0.7496485549079897,6.208983E-6,17.705439,0.006163281,0.2889779,0.0015565301,0.088023625,0.003144839,0.29942092,0.0076676267,0.80171907,0.002507612,0.08949435,0.0053108935,0.20236316,0.006520663,null,null,null,null,"TWOGAUSSIANS",8,2.3266218,0.2889779,0.0015565301,0.4,0.0,0.2918583,0.0074040215,0.80171907,0.002507612,0.4,0.0,0.19480053,0.006977732
375316653866487564,5980351774865074560,0.4840536,2305.3931744496945,1.8218160572358721,1.9697334E-5,19.026957,0.020897247,0.2464891,0.00553647,0.10631992,0.01408277,0.23718934,0.019571943,0.74681956,0.0076536955,0.08391823,0.011314357,0.2868933,0.032060172,null,null,null,null,"TWOGAUSSIANS",8,4.208673,0.74681956,0.0076536955,0.4,0.0,0.27083433,0.032887176,0.2464891,0.00553647,0.4,0.0,0.22112289,0.017352495
375316653866487564,5980352255901473024,0.4626442,2334.351695174752,1.8213366619790312,5.1893618E-5,19.647074,0.020471368,0.19648385,0.017482938,0.061228823,0.015331111,0.24727787,0.04411828,0.7024534,0.0075239344,0.054529913,0.012258501,0.7383157,0.16581912,null,null,null,null,"TWOGAUSSIANS",8,13.113431,0.7024534,0.0075239344,0.3053675,0.06864761,0.7382576,0.16606739,0.19648385,0.017482938,0.3428814,0.08585422,0.24721974,0.04407777
375316653866487564,5980352633902716800,0.47239143,2311.7003515588503,1.9659697684142465,3.695901E-5,17.525496,0.010005746,0.2384288,0.01035652,0.10426986,0.014816321,0.13281757,0.017243622,0.72628826,0.005147255,0.076924235,0.015872026,0.17654495,0.019205417,null,null,null,null,"TWOGAUSSIANS",8,14.687055,0.72628826,0.005147255,0.4,0.019413713,0.17112273,0.02295337,0.2384288,0.01035652,0.4,0.0,0.12739223,0.017915254
375316653866487564,5980353114895968256,0.45283014,2338.8687853221486,3.1771716800949896,1.1601957E-4,18.65635,0.029760659,0.09523866,0.016548548,0.018658062,0.01767186,0.06356725,3.9142728,0.45035198,0.012727874,0.19773948,0.032981746,0.21941149,0.025840158,null,null,null,null,"TWOGAUSSIANS",8,8.702309,0.45035198,0.012727874,0.4,0.0,0.20146883,0.017738543,0.09735867,0.015645027,0.104485154,0.09896242,0.09084613,3.9189086
375316653866487564,5980353424133551744,0.5091343,2312.6110427548983,3.5454974306677247,3.185211E-5,19.675228,0.017742831,0.25430974,0.0059035444,0.08154768,0.009184471,0.38551518,0.033809252,0.755444,0.005789932,0.07767271,0.0067324718,0.51284486,0.03392103,null,null,null,null,"TWOGAUSSIANS",8,3.8396156,0.755444,0.005789932,0.4,0.0,0.5065986,0.033917096,0.25430974,0.0059035444,0.4,0.0,0.3792689,0.034955435
375316653866487564,5980353492896280576,0.51056856,2321.410680037763,2.3048893311862764,3.1831594E-5,19.574713,0.19515704,0.2498985,0.004552671,0.11851982,0.029392505,0.52258,0.18306921,0.75342417,0.004018448,0.12492339,0.036465783,0.49523008,0.18522918,null,null,null,null,"TWOGAUSSIANS",8,1.9085107,0.2498685,0.0045972676,0.4,0.0,0.40326414,0.021180643,0.75344414,0.004066663,0.4,0.0,0.37572697,0.016803538
375316653866487564,5980353630292118400,0.48245338,2313.1137369947114,1.61140228820159,1.7619472E-5,18.682232,0.35982633,0.24390727,0.013546154,0.17227052,0.108725905,0.32951242,0.33796835,0.7428784,0.0050429455,0.16155943,0.081307486,0.34820157,0.33855736,null,null,null,null,"TWOGAUSSIANS",8,2.227661,0.7428784,0.0050429455,0.4,0.0,0.13889559,0.0068507395,0.24411727,0.013288997,0.4,0.0,0.11623636,0.014887444
375316653866487564,5980353939533210112,0.4724467,2339.8770218070395,2.1828439344589694,5.278421E-5,19.31847,0.018214678,0.27249077,0.005010102,0.08607704,0.008913248,0.35258797,0.022987355,0.76113665,0.012703677,0.07368254,0.009412688,0.33747992,0.052326247,null,null,null,null,"TWOGAUSSIANS",8,6.8180575,0.27249077,0.005010102,0.4,0.0,0.34848064,0.022642901,0.76113665,0.012703677,0.4,0.01281107,0.33337265,0.05182866
375316653866487564,5980353973892881792,0.51328087,2340.32676196368,2.8373645291374037,3.8575366E-5,18.916885,0.051970884,0.22509578,0.013003296,0.045900796,0.013565172,0.2660447,0.14640018,0.74399626,0.011073565,0.05949294,0.02426199,0.3251293,0.08250609,0.075766794,0.057473715,0.22509578,0.013003296,"TWOGAUSSIANS_WITH_ELLIPSOIDAL_ON_ECLIPSE1",9,9.434203,0.74399626,0.011073565,0.33316046,0.1323058,0.47452268,0.046332862,0.22509578,0.013003296,0.25704446,0.075964965,0.41756508,0.077218026
375316653866487564,5980354180051641984,0.45723853,2331.5954356495913,0.3279242359728378,6.933797E-5,18.464218,0.009409986,0.30457073,0.0020886862,0.02581695,0.0033917748,0.3854318,0.08267028,0.8117715,0.0033345998,0.020432295,0.0038467601,0.87317115,0.3003326,null,null,null,null,"TWOGAUSSIANS",8,15.263069,0.8117715,0.0033345998,0.114420846,0.021541856,0.87317115,0.3003326,0.30457073,0.0020886862,0.14457491,0.01899394,0.3854318,0.08267028
375316653866487564,5980354180123105280,0.5503067,2350.4429071635386,1.4517622580052734,1.4668918E-5,19.489765,0.008887392,0.21593526,0.0017261488,0.057727236,0.0019381046,0.65525717,0.022330822,0.71512747,0.011620937,0.07631413,0.015846437,0.19116922,0.013495823,null,null,null,null,"TWOGAUSSIANS",8,2.1185124,0.21593526,0.0017261488,0.32327253,0.010853386,0.6546707,0.022225726,0.71512747,0.011620937,0.4,0.012131731,0.1905828,0.013676529
375316653866487564,5980354523648886400,0.55121815,2343.678649586021,2.145485786073224,1.2812426E-5,19.66804,0.014311525,0.20681335,0.008916931,0.05060962,0.027871832,0.057190645,0.07629029,0.7180687,0.0032664386,0.04351678,0.0033560088,0.49614546,0.036182586,0.08611441,0.013549848,0.20681335,0.008916931,"TWOGAUSSIANS_WITH_ELLIPSOIDAL_ON_ECLIPSE1",9,2.6146057,0.7180687,0.0032664386,0.24369398,0.018793648,0.6675138,0.02784581,0.20681335,0.008916931,0.28341386,0.14707746,0.22941889,0.07037942
375316653866487564,5980354862875607424,0.5875185,2334.0897864807202,2.6188469574431683,1.2350633E-5,15.055109,0.004444149,0.21676564,0.002080433,0.08293735,0.0026532123,0.41145754,0.010119336,0.7194954,0.0022511915,0.09065449,0.0021998626,0.36481163,0.0057052425,null,null,null,null,"TWOGAUSSIANS",8,95.132286,0.21676564,0.002080433,0.4,0.0,0.39981416,0.010729193,0.7194954,0.0022511915,0.4,0.0,0.35316807,0.004387336
375316653866487564,5980354931629774336,0.47914863,2327.8785838527406,1.0331324063498115,3.70718E-5,18.536108,0.015199554,0.21859992,0.0051694894,0.09470819,0.008349411,0.1705721,0.015709883,0.7223216,0.0051179035,0.111929916,0.02069278,0.10687109,0.011384403,null,null,null,null,"TWOGAUSSIANS",8,1.9442014,0.21859992,0.005169099,0.4,0.0,0.15719368,0.007613352,0.7223216,0.0051179035,0.4,0.0,0.09348294,0.008348063
375316653866487564,5980356035516959104,0.4619502,2332.2454000789335,0.05756004116283576,9.201777E-6,19.674482,0.029069902,0.26038623,0.005331386,0.025063014,0.0038289046,0.2541121,0.047519024,0.71411103,0.022911884,0.12217048,0.025416147,0.1713319,0.032149196,null,null,null,null,"TWOGAUSSIANS",8,2.1336284,0.2603962,0.0053304047,0.14035287,0.021441866,0.2539975,0.047322385,0.71411103,0.022911884,0.4,0.0,0.1710362,0.03092812
375316653866487564,5980356241632947968,0.42256245,2317.8054370530654,2.0682782206921297,2.0050735E-5,19.557766,0.010849543,0.3014712,0.017028095,0.023162141,0.01916946,0.043131385,15318.116,0.6519998,0.017674351,0.008463493,0.007270211,0.13153781,0.25042838,0.07395586,0.01400559,0.3014712,0.017028095,"TWOGAUSSIANS_WITH_ELLIPSOIDAL_ON_ECLIPSE1",9,4.742705,0.3014712,0.017028095,0.12970799,0.10734897,0.19104308,15318.114,0.65247977,0.017687818,0.04739556,0.04071318,0.1833219,0.23737869
375316653866487564,5980356241633013632,0.48030233,2313.7769826691638,0.94165602066673,4.1410327E-5,18.354496,0.014109548,0.28307256,0.004557484,0.08691679,0.009737527,0.1686352,0.013446105,0.7756674,0.0092299,0.10065169,0.025976054,0.10974443,0.011433981,null,null,null,null,"TWOGAUSSIANS",8,4.3078938,0.28307256,0.004555571,0.4,0.0,0.16179965,0.008974781,0.7756674,0.0092299,0.4,0.0,0.10290787,0.01618857
375316653866487564,5980356344712188416,0.51884794,2306.351646065276,3.413118231688147,2.5975774E-5,19.3558,0.016049894,0.25861317,0.004937102,0.07973975,0.008001629,0.33096096,0.03391741,0.74295866,0.0052450327,0.07753683,0.010184653,0.2870372,0.017348707,null,null,null,null,"TWOGAUSSIANS",8,2.4437697,0.25861317,0.004937102,0.4,0.0,0.3281033,0.034322828,0.74295866,0.0052450327,0.4,0.0,0.2841795,0.016567854
375316653866487564,5980356379071922816,0.51682884,2317.9623378660276,2.612265237073884,1.863925E-5,19.390947,0.021571273,0.27857542,0.008134515,0.079198346,0.008945644,0.3843738,0.031677794,0.758439,0.004415463,0.06849907,0.00564796,0.45911822,0.020947397,null,null,null,null,"TWOGAUSSIANS",8,5.3589544,0.758439,0.004415463,0.3835948,0.028067406,0.45743188,0.018765884,0.27857542,0.008134515,0.4,0.0,0.38268745,0.030261429
375316653866487564,5980356722669212416,0.45309258,2307.723529399683,2.3051798265199426,2.663386E-5,18.591558,0.0032055203,0.29697517,0.009025808,0.024925888,0.0046342914,0.060040884,0.01399146,0.73746395,0.004708543,0.026181102,0.0048302743,0.081122994,0.022303423,0.04723373,0.005251499,0.73746395,0.004708543,"TWOGAUSSIANS_WITH_ELLIPSOIDAL_ON_ECLIPSE2",9,4.156204,0.73746395,0.004708543,0.14661418,0.027049536,0.17559046,0.021863347,0.2929752,0.007982413,0.13958497,0.025952032,0.1427065,0.012216355
375316653866487564,5980357096294554624,0.5144445,2332.023900893761,2.7146107175837364,2.203268E-5,18.485447,0.040621758,0.06459752,0.008546217,0.045957673,0.0086469,0.08472518,0.02770691,0.49235865,0.0047623,0.192462,0.018297937,0.4265533,0.036897376,null,null,null,null,"TWOGAUSSIANS",8,7.42356,0.49235865,0.0047623,0.4,0.0,0.38948256,0.020083038,0.07445752,0.010729043,0.25736296,0.04842264,0.09050869,0.02533305
375316653866487564,5980357134986400512,0.55188525,2314.759112289432,1.3454790840589261,1.9250423E-5,18.167713,0.0072999382,0.25941908,0.00515594,0.08812368,0.005513752,0.25760072,0.016083239,0.76373965,0.002946699,0.0828446,0.0052226777,0.2211251,0.006735218,null,null,null,null,"TWOGAUSSIANS",8,3.685707,0.25941908,0.00515594,0.4,0.0,0.25143263,0.015549249,0.76373965,0.002946699,0.4,0.0,0.21495706,0.005494667
