Gaia/vari_eclipsing_binary/VariEclipsingBinary_513423-513465.csv
# %ECSV 1.0
# ---
# delimiter: ','
# meta: !!omap
# - RELEASE: Gaia DR3
# - TABLE: vari_eclipsing_binary
# - DESCRIPTION: >
#     This table describes the properties of the eclipsing binaries resulting from the variability analysis. 
# - CITATION: >
#     How to cite and acknowledge Gaia: 
#     https://gea.esac.esa.int/archive/documentation/credits.html 
# - KNOWN_ISSUES: >
#     Known issues: 
#     https://www.cosmos.esa.int/web/gaia-users/known-issues 
# - DOCUMENTATION: >
#     Tutorials and documentation: 
#     https://www.cosmos.esa.int/web/gaia-users/archive 
# datatype:
# - 
#   name: solution_id
#   datatype: int64
#   description: Solution Identifier
#   meta:
#     ucd: meta.version
# - 
#   name: source_id
#   datatype: int64
#   description: Unique source identifier
#   meta:
#     ucd: meta.id;meta.main
# - 
#   name: global_ranking
#   datatype: float32
#   description: Number between 0 (worst) and 1 (best)
#   meta:
#     ucd: stat.param
# - 
#   name: reference_time
#   datatype: float64
#   unit: d
#   description: Reference time used for the geometric model fit
#   meta:
#     ucd: time.epoch
# - 
#   name: frequency
#   datatype: float64
#   unit: d**-1
#   description: Frequency of geometric model of the eclipsing binary light curve
#   meta:
#     ucd: src.orbital
# - 
#   name: frequency_error
#   datatype: float32
#   unit: d**-1
#   description: "Uncertainty of \\texttt{frequency}"
#   meta:
#     ucd: stat.error
# - 
#   name: geom_model_reference_level
#   datatype: float32
#   unit: mag
#   description: Magnitude reference level of geometric model
#   meta:
#     ucd: phot.mag;em.opt
# - 
#   name: geom_model_reference_level_error
#   datatype: float32
#   unit: mag
#   description: "Uncertainty of \\texttt{geomModelReferenceLevel}"
#   meta:
#     ucd: stat.error;phot.mag;em.opt
# - 
#   name: geom_model_gaussian1_phase
#   datatype: float32
#   description: Phase of the Gaussian 1 component
#   meta:
#     ucd: time.phase
# - 
#   name: geom_model_gaussian1_phase_error
#   datatype: float32
#   description: "Uncertainty of \\texttt{geomModelGaussian1Phase}"
#   meta:
#     ucd: stat.error;time.phase
# - 
#   name: geom_model_gaussian1_sigma
#   datatype: float32
#   description: "Standard deviation [phase] of Gaussian 1 component"
#   meta:
#     ucd: stat.stdev
# - 
#   name: geom_model_gaussian1_sigma_error
#   datatype: float32
#   description: "Uncertainty of \\texttt{geomModelGaussian1Sigma}"
#   meta:
#     ucd: stat.error
# - 
#   name: geom_model_gaussian1_depth
#   datatype: float32
#   unit: mag
#   description: Magnitude depth of Gaussian 1 component
#   meta:
#     ucd: src.var.amplitude
# - 
#   name: geom_model_gaussian1_depth_error
#   datatype: float32
#   unit: mag
#   description: "Uncertainty of \\texttt{geomModelGaussian1Depth}"
#   meta:
#     ucd: stat.error;src.var.amplitude
# - 
#   name: geom_model_gaussian2_phase
#   datatype: float32
#   description: Phase of Gaussian 2 component
#   meta:
#     ucd: time.phase
# - 
#   name: geom_model_gaussian2_phase_error
#   datatype: float32
#   description: "Uncertainty of \\texttt{geomModelGaussian2Phase}"
#   meta:
#     ucd: stat.error;time.phase
# - 
#   name: geom_model_gaussian2_sigma
#   datatype: float32
[...]
#   datatype: float32
#   description: "Secondary eclipse: uncertainty of \\texttt{derivedSecondaryEclDuration}"
#   meta:
#     ucd: stat.error;time.duration
# - 
#   name: derived_secondary_ecl_depth
#   datatype: float32
#   unit: mag
#   description: "Secondary eclipse: depth"
#   meta:
#     ucd: src.var.amplitude
# - 
#   name: derived_secondary_ecl_depth_error
#   datatype: float32
#   unit: mag
#   description: "Secondary eclipse: uncertainty of \\texttt{derivedSecondaryEclDepth}"
#   meta:
#     ucd: stat.error;src.var.amplitude
solution_id,source_id,global_ranking,reference_time,frequency,frequency_error,geom_model_reference_level,geom_model_reference_level_error,geom_model_gaussian1_phase,geom_model_gaussian1_phase_error,geom_model_gaussian1_sigma,geom_model_gaussian1_sigma_error,geom_model_gaussian1_depth,geom_model_gaussian1_depth_error,geom_model_gaussian2_phase,geom_model_gaussian2_phase_error,geom_model_gaussian2_sigma,geom_model_gaussian2_sigma_error,geom_model_gaussian2_depth,geom_model_gaussian2_depth_error,geom_model_cosine_half_period_amplitude,geom_model_cosine_half_period_amplitude_error,geom_model_cosine_half_period_phase,geom_model_cosine_half_period_phase_error,model_type,num_model_parameters,reduced_chi2,derived_primary_ecl_phase,derived_primary_ecl_phase_error,derived_primary_ecl_duration,derived_primary_ecl_duration_error,derived_primary_ecl_depth,derived_primary_ecl_depth_error,derived_secondary_ecl_phase,derived_secondary_ecl_phase_error,derived_secondary_ecl_duration,derived_secondary_ecl_duration_error,derived_secondary_ecl_depth,derived_secondary_ecl_depth_error
[from data line 219]
375316653866487564,4516227587139809536,0.5535596,2199.8272228455116,3.0021504527160117,1.0979462E-5,19.037703,0.008393218,0.23124394,0.0025739295,0.059636835,0.0033861413,0.6012529,0.028171653,0.74110186,0.0062873964,0.06346038,0.0076612514,0.47005507,0.042326123,null,null,null,null,"TWOGAUSSIANS",8,3.3327236,0.23124394,0.0025739295,0.33396628,0.01896239,0.6010538,0.028219447,0.74110186,0.0062873964,0.35537815,0.042903006,0.4698559,0.042525094
375316653866487564,4516227728906985856,0.43986672,2187.507925318625,2.708191411339422,7.242544E-5,18.919926,0.036815684,0.28429875,0.016519204,0.09445201,0.031223759,0.1291875,0.03378862,0.79671913,0.016890049,0.08478998,0.036600374,0.15345432,0.030931026,null,null,null,null,"TWOGAUSSIANS",8,6.602919,0.79671913,0.016943427,0.4,0.0,0.14875898,0.015823403,0.28429875,0.016505545,0.4,0.0,0.12449191,0.014155497
375316653866487564,4516227896377670784,0.59428316,2191.086794791643,1.9633560408962218,9.926235E-6,18.753632,0.008191631,0.27356064,0.012717673,0.06381069,0.006967018,0.6627454,0.067325436,0.78024745,0.003682449,0.06807326,0.005550522,0.24211562,0.01839569,null,null,null,null,"TWOGAUSSIANS",8,2.830991,0.27356064,0.012717673,0.3573399,0.0390153,0.6622593,0.06699085,0.78024745,0.003682449,0.38121024,0.031082923,0.24162948,0.018483423
375316653866487564,4516228794043402240,0.4871208,2189.2456783462635,2.1653463488337565,1.1955157E-5,19.710384,0.024678204,0.21427915,0.010185195,0.09496707,0.01291458,0.18196234,0.028360255,0.701333,0.0032845119,0.10336177,0.009477412,0.31904408,0.024398228,null,null,null,null,"TWOGAUSSIANS",8,1.3984088,0.701333,0.0032845119,0.4,0.0,0.30194303,0.01743961,0.21428914,0.010189186,0.4,0.0,0.16486707,0.020918854
375316653866487564,4516228858450583680,0.49308002,2204.588571051539,2.3025032293086127,1.4569411E-5,17.349924,0.01909354,0.22161871,0.0058720387,0.10573481,0.015148684,0.14187048,0.018057145,0.72462857,0.004456107,0.11024508,0.013937318,0.16107096,0.016986394,null,null,null,null,"TWOGAUSSIANS",8,8.128558,0.72462857,0.004456107,0.4,0.0,0.14098163,0.010069598,0.22161871,0.005877066,0.4,0.0,0.12178824,0.007474052
375316653866487564,4516228965842424832,0.47507545,2195.527676993154,3.0576161360375713,2.5071444E-5,17.878601,0.009331929,0.19431135,0.017288009,0.056799065,0.013947016,0.23922266,0.033582855,0.6848872,0.005819047,0.063125774,0.0062465738,0.2594533,0.029235573,null,null,null,null,"TWOGAUSSIANS",8,18.876535,0.6848872,0.005819047,0.35350436,0.034980815,0.2593931,0.029250622,0.19431135,0.017288009,0.31807476,0.07810329,0.23916247,0.03359947
375316653866487564,4516229343814603520,0.4887596,2195.93942469465,0.4021811131409428,1.4237145E-5,17.291677,0.0062217573,0.27387923,0.059240647,0.024429519,0.057302482,0.027288126,0.123053454,0.7706073,0.010910835,0.013532548,0.023800725,0.17223208,0.11186813,0.01148069,0.008423532,0.27387923,0.059240647,"TWOGAUSSIANS_WITH_ELLIPSOIDAL_ON_ECLIPSE1",9,4.717753,0.7706173,0.0109028835,0.07578227,0.13328406,0.19518374,0.12887816,0.27387923,0.059240647,0.13680531,0.30534098,0.050249487,0.12288648
375316653866487564,4516229481253605120,0.46070164,2187.676220983768,0.6231243356210672,2.1590244E-5,16.739658,0.0045106052,0.2239476,0.010489482,0.031179035,0.012973273,0.10007156,0.0325199,0.7319319,0.0042115725,0.030582499,0.0074344533,0.098722555,0.026159102,0.009176342,0.0068468074,0.2239476,0.010489482,"TWOGAUSSIANS_WITH_ELLIPSOIDAL_ON_ECLIPSE1",9,23.430298,0.2239476,0.010489482,0.1746026,0.07265033,0.11842424,0.035019986,0.7319319,0.0042079603,0.17126198,0.04163294,0.117029086,0.029855093
375316653866487564,4516230305872325120,0.4776112,2173.311239969819,2.336801078883909,1.9462868E-5,19.738333,0.0528748,0.28603426,0.0062458063,0.099679984,0.020610346,0.42225316,0.05607203,0.8073838,0.008038261,0.11549364,0.028197527,0.18787466,0.048572164,null,null,null,null,"TWOGAUSSIANS",8,1.9134786,0.28601426,0.006187353,0.4,0.0,0.3939887,0.07568485,0.8073937,0.008026313,0.4,0.0,0.15957278,0.015042859
375316653866487564,4516230374591951232,0.45542964,2202.6329568011597,2.089507761618284,4.9439936E-5,18.41153,0.022065967,0.2069418,0.02677676,0.08364322,0.017193383,0.11738386,0.03355305,0.6965395,0.012131777,0.102570266,0.02257973,0.19723935,0.0207216,null,null,null,null,"TWOGAUSSIANS",8,11.127258,0.6965395,0.012131777,0.4,0.0,0.18998946,0.015222077,0.2069418,0.026771827,0.4,0.0,0.11013701,0.028586967
375316653866487564,4516230473358557184,0.50451785,2199.575888412908,1.1420226950086592,5.0685903E-5,17.9001,0.043054227,0.48182532,0.13161659,0.086646296,0.22419073,0.034981593,0.05831059,0.8207423,0.008481661,0.029430384,0.0067438087,0.5275119,0.05892179,null,null,null,null,"TWOGAUSSIANS",8,16.02118,0.8207423,0.008481661,0.16481015,0.037765328,0.5275285,0.05901644,0.48182532,0.13161659,0.4,0.3795172,0.034981582,0.044995483
375316653866487564,4516230542078012288,0.47831342,2175.0145156256267,2.040339731909074,1.9233006E-5,18.776318,0.5462106,0.237769,0.007048221,0.14481275,0.025322387,0.54398793,0.3024165,0.72621673,0.007934288,0.24271414,0.090823025,0.83196265,0.5315494,null,null,null,null,"TWOGAUSSIANS",8,2.5363243,0.72621673,0.007934288,0.4,0.0,0.24764508,0.011417029,0.24624899,0.0058002532,0.4,0.0,0.15704301,0.012147177
375316653866487564,4516234154178659840,0.6086407,2196.9542167659533,0.8718354023658503,3.9166357E-6,15.612543,0.006044158,0.28117788,0.0020137588,0.09009661,0.0032538895,0.3465716,0.01120059,0.7785735,0.001283166,0.09877536,0.0037118185,0.2975153,0.0066921595,null,null,null,null,"TWOGAUSSIANS",8,18.030478,0.28117788,0.0020137588,0.4,0.0,0.32805985,0.011492028,0.7785735,0.001283166,0.4,0.0,0.27900207,0.0077517233
375316653866487564,4516234188538401664,0.51268727,2220.65450821261,1.0800975153943524,1.1630875E-5,17.3232,0.003035168,0.19125754,0.00261361,0.037427153,0.004424367,0.2123101,0.07969871,null,null,null,null,null,null,0.024963537,0.0042309333,0.19125754,0.00261361,"ONEGAUSSIAN_WITH_ELLIPSOIDAL",6,4.1977606,0.19125754,0.00261361,0.20959206,0.024776455,0.2622371,0.08082875,null,null,null,null,null,null
375316653866487564,4516237001708486784,0.48321065,2160.508140153021,2.3554354604460794,1.7475539E-5,19.166458,0.021014413,0.116271645,0.008768068,0.074389,0.031843774,0.29159132,0.071795724,0.6277547,0.0054120934,0.07680524,0.007837593,0.3015303,0.033542853,null,null,null,null,"TWOGAUSSIANS",8,6.061377,0.6277547,0.0054120934,0.4,0.0,0.29958892,0.03063075,0.116271645,0.008768068,0.4,0.06020706,0.28964993,0.07805277
375316653866487564,4516237006025427712,0.49624938,2193.7260581396517,2.443529583042447,2.156811E-5,19.663177,0.014550908,0.20912889,0.007010755,0.07797564,0.010713013,0.2829857,0.026757987,0.6946912,0.010802432,0.083296455,0.013899232,0.28799307,0.03326961,null,null,null,null,"TWOGAUSSIANS",8,2.086818,0.6946912,0.010802432,0.4,0.0,0.2844697,0.03568937,0.20912889,0.007010755,0.4,0.0054207356,0.27946234,0.02730342
375316653866487564,4516237315274719232,0.5923317,2161.789465287106,0.7888361734820493,5.7235197E-6,18.473192,0.0022375276,0.18888468,8.9158444E-4,0.022387756,9.5979235E-4,0.47410947,0.025383651,0.6868291,0.0011840542,0.024284003,5.572281E-4,0.3313074,0.01938209,null,null,null,null,"TWOGAUSSIANS",8,1.5487126,0.18888468,8.9158444E-4,0.12537143,0.005374837,0.47410947,0.025383651,0.6868291,0.0011840542,0.13599043,0.0031204773,0.3313074,0.01938209
375316653866487564,4516237383982750848,0.5306502,2194.4465089655073,3.65090896213746,1.7759454E-5,19.112518,0.019074041,0.26364905,0.0033696608,0.098607674,0.009950482,0.2731719,0.015683342,0.76393735,0.003385388,0.098736346,0.0085060885,0.23357278,0.018850783,null,null,null,null,"TWOGAUSSIANS",8,1.1243714,0.26364905,0.0033696608,0.4,0.0,0.25286645,0.01013959,0.76393735,0.003385388,0.4,0.0,0.2132675,0.011607026
375316653866487564,4516238135583349632,0.506327,2164.1977971943084,2.8710409516976347,3.9904313E-5,18.769455,0.01047907,0.25891384,0.005606128,0.05111046,0.017549194,0.15650928,0.038689055,0.74419934,0.012426304,0.034993656,0.015316668,0.2654385,0.79655266,0.074852236,0.012723237,0.25891384,0.005606128,"TWOGAUSSIANS_WITH_ELLIPSOIDAL_ON_ECLIPSE1",9,5.7642183,0.74495935,0.0119135855,0.19596447,0.08577334,0.4139314,0.8084372,0.25891384,0.005606128,0.28621858,0.09827549,0.3062127,0.04060436
375316653866487564,4516238552225277440,0.51321495,2179.3828088146997,3.4412997872499345,1.3794747E-5,16.636732,0.51604086,0.2474916,0.005619681,0.15548988,0.047457967,0.37394693,0.43159568,0.74912614,0.0032039601,0.17780323,0.077359416,0.38353443,0.49537635,null,null,null,null,"TWOGAUSSIANS",8,12.171778,0.2470616,0.005722629,0.4,0.0,0.14519355,0.010691094,0.74938613,0.0032605005,0.4,0.0,0.14431743,0.007587209
375316653866487564,4516238616616352640,0.52890176,2166.716860114586,0.05900428752518098,1.0443041E-6,19.153904,0.008116354,0.32834223,0.0031511383,0.0029722168,0.0010875571,0.6015395,0.44257185,0.7009003,0.017805338,0.027390277,0.0072855777,0.11749381,0.0614563,null,null,null,null,"TWOGAUSSIANS",8,5.927851,0.32834223,0.0031511383,0.016644415,0.0060903197,0.6015395,0.44257185,0.7009003,0.017805338,0.15338555,0.040799234,0.11749381,0.0614563
375316653866487564,4516238792743472640,0.6514793,2185.619633543651,0.48034088565845173,7.108079E-6,15.993909,0.001718578,0.14532822,0.0021224786,0.03351148,0.0014684713,0.35562763,0.02635599,0.64545125,0.0015561177,0.033033326,0.0013921164,0.34927982,0.030460462,0.01707122,0.0024641084,0.14532822,0.0021224786,"TWOGAUSSIANS_WITH_ELLIPSOIDAL_ON_ECLIPSE1",9,3.9622564,0.14532822,0.0021224786,0.18766429,0.008223439,0.38977006,0.026044954,0.64545125,0.0015466791,0.18498662,0.007795852,0.38342223,0.031679377
375316653866487564,4516238827091733248,0.5126385,2161.477201104634,0.28506486867329905,1.6199558E-5,18.521759,0.008204768,0.181135,0.0213712,0.043342922,0.013517839,0.4366746,0.05545295,0.6921921,0.0068321885,0.05398871,0.006753738,0.19630185,0.013302343,null,null,null,null,"TWOGAUSSIANS",8,7.5866423,0.181135,0.0213712,0.24272037,0.075699896,0.43667403,0.05545263,0.6921921,0.0068321885,0.30233678,0.037820935,0.19630128,0.01330215
375316653866487564,4516239617377470720,0.45267257,2182.274730550241,1.398833636305296,2.704325E-5,19.494287,0.013995349,0.13794814,0.011492224,0.033855844,0.006231974,0.31360254,0.1269779,0.6283984,2.848135E-4,0.018945413,5.4824556E-4,0.6798262,0.017187523,null,null,null,null,"TWOGAUSSIANS",8,14.871297,0.6283984,2.848135E-4,0.10609431,0.0030701752,0.6798262,0.017187523,0.13794814,0.011492224,0.18959273,0.034899052,0.31360254,0.1269779
375316653866487564,4516240442011219840,0.55905926,2210.2326164224996,0.543431729575225,2.228261E-5,17.466038,0.0018260645,0.080245696,0.005293746,0.0061495667,0.0037459661,0.52377284,0.53060603,0.574575,0.008891098,0.015652925,0.001948841,0.35625893,0.19139534,null,null,null,null,"TWOGAUSSIANS",8,3.9333384,0.080245696,0.005293746,0.034437574,0.02097741,0.52377284,0.53060603,0.574575,0.008891098,0.087656386,0.01091351,0.35625893,0.19139534
375316653866487564,4516240579439972480,0.4955822,2215.444490219922,2.5581731929649956,2.488478E-5,19.89461,0.008075561,0.27564132,0.006369885,0.07382435,0.008372789,0.26139218,0.040739857,0.767207,0.0053027906,0.06192559,0.0068740332,0.49311763,0.0813725,null,null,null,null,"TWOGAUSSIANS",8,1.3581762,0.767207,0.0053027906,0.3467833,0.038494587,0.49249592,0.08187204,0.27564132,0.006369885,0.4,0.013818,0.26077044,0.041133605
375316653866487564,4516240781279812480,0.5981097,2197.261481116576,0.935469937352752,5.325565E-6,17.19724,0.002270343,0.2748888,0.0022898247,0.03897505,0.0016605478,0.32275173,0.011646794,0.7740651,7.8911E-4,0.042637017,0.0014428676,0.21113214,0.0064869816,null,null,null,null,"TWOGAUSSIANS",8,5.3832135,0.2748888,0.0022898247,0.21826027,0.009299068,0.32275173,0.011646794,0.7740651,7.8911E-4,0.2387673,0.008080059,0.21113212,0.0064869826
375316653866487564,4516240957397213696,0.5054634,2176.0844346646863,0.5051063344922967,1.0443848E-6,19.74103,0.0052875574,0.08248269,2.8863844E-5,0.0016224658,2.1713956E-4,0.13190399,0.024710676,0.70260316,0.051821534,0.035339016,0.02630564,0.46523422,0.24973011,null,null,null,null,"TWOGAUSSIANS",8,1.3170654,0.70260316,0.051821534,0.19789849,0.14731158,0.46523422,0.24973011,0.08248269,2.8863844E-5,0.009085808,0.0012159816,0.13190399,0.024710676
375316653866487564,4516241537192650496,0.47281495,2196.4425620366205,2.5694022471903857,2.8937988E-5,14.614023,0.0718416,0.2650456,0.0074716634,0.19827738,0.06016948,0.6558461,0.19525264,0.7606983,0.007479257,0.21657312,0.0740417,0.70116293,0.13761051,null,null,null,null,"TWOGAUSSIANS",8,58.815704,0.7606983,0.007479257,0.4,0.0,0.10543768,0.0039567444,0.2701556,0.0076133674,0.4,0.0,0.10323258,0.009710178
375316653866487564,4516241541512862976,0.5412736,2216.393376359169,1.422111811406516,9.420706E-6,19.552635,0.010387545,0.24080926,0.0070593376,0.063279234,0.017918691,0.33607182,0.08867782,0.7382085,0.002669605,0.08157731,0.0050707012,0.452361,0.029700898,null,null,null,null,"TWOGAUSSIANS",8,1.6026404,0.7382085,0.002669605,0.4,0.0,0.45044416,0.030147849,0.24080926,0.0070593376,0.3543637,0.05216056,0.334155,0.09280309
375316653866487564,4516241988199798784,0.59388524,2214.7549212136823,0.4821339444889254,1.037476E-5,17.048347,0.0028113846,0.1691329,0.0035257456,0.023798548,0.004046313,0.09090951,0.012703418,0.6711971,0.0017391152,0.030423867,9.416624E-4,0.99133104,0.051699568,null,null,null,null,"TWOGAUSSIANS",8,12.464099,0.6711971,0.0017391152,0.17037365,0.0052733095,0.99133104,0.051699568,0.1691329,0.0035257456,0.13327187,0.022659352,0.09090951,0.012703418
375316653866487564,4516242400516662144,0.59233576,2228.040842522818,2.473241797863505,6.811613E-6,17.675049,0.011555053,0.29083505,0.002023499,0.04321965,0.005649146,0.4169263,0.08191871,0.7934864,0.0033905571,0.04680503,0.005306739,0.34568486,0.03753485,0.15608662,0.013888046,0.29083505,0.002023499,"TWOGAUSSIANS_WITH_ELLIPSOIDAL_ON_ECLIPSE1",9,11.317756,0.29083505,0.002023499,0.24203002,0.031635217,0.7290987,0.09253281,0.7934864,0.0033905571,0.26210818,0.029717736,0.65777063,0.039555307
375316653866487564,4516242774146909952,0.4444549,2233.6620562842236,0.16464458518348432,4.64435E-5,19.265224,0.04214336,0.03423729,0.08524568,0.13002145,0.09019082,0.07585555,0.041840084,0.6645288,0.050142806,0.059261624,0.06510553,0.23657936,0.04822696,null,null,null,null,"TWOGAUSSIANS",8,3.1464562,0.6649688,0.04972085,0.3318651,0.09757202,0.23715518,0.05221356,0.03423729,0.082646586,0.4,0.088409044,0.07509302,0.040352404
375316653866487564,4516242984621929216,0.546045,2183.7456166605934,3.4905820351015797,1.0849611E-5,19.441242,0.007204301,0.26342666,0.0066042882,0.055341776,0.0057967473,0.25021422,0.030637193,0.77189714,0.0042302124,0.061860908,0.0057060295,0.6382003,0.057774756,null,null,null,null,"TWOGAUSSIANS",8,2.7990608,0.77189714,0.0042302124,0.3464211,0.031953763,0.6381336,0.05781848,0.26342666,0.0066042882,0.30991396,0.032461785,0.25014752,0.03065807
375316653866487564,4516244285972497792,0.41265252,2182.780078142276,4.692148414371611,1.0141464E-4,18.455393,0.006493332,0.20321141,0.016934576,0.039611783,0.01799172,0.110547505,0.022767713,0.7105659,0.02629998,0.03466613,0.026604353,0.0764199,0.17012021,null,null,null,null,"TWOGAUSSIANS",8,6.589948,0.20321141,0.016934576,0.22182599,0.10075363,0.110547505,0.022767715,0.7105659,0.02629998,0.19413032,0.14898437,0.0764199,0.17012022
375316653866487564,4516244560849652992,0.5244346,2187.8234115303617,1.5811482716844196,2.8285767E-5,18.832888,0.007136357,0.24177526,0.005764871,0.06611143,0.008478692,0.32185125,0.051138252,0.7472322,0.0034526736,0.07581615,0.0077269482,0.12363874,0.007355143,null,null,null,null,"TWOGAUSSIANS",8,1.7715417,0.24177526,0.005764871,0.370224,0.033756185,0.32118112,0.051893536,0.7472322,0.0034526736,0.4,0.0,0.1229686,0.007157215
