Gaia/vari_eclipsing_binary/VariEclipsingBinary_465351-465366.csv
# %ECSV 1.0
# ---
# delimiter: ','
# meta: !!omap
# - RELEASE: Gaia DR3
# - TABLE: vari_eclipsing_binary
# - DESCRIPTION: >
#     This table describes the properties of the eclipsing binaries resulting from the variability analysis. 
# - CITATION: >
#     How to cite and acknowledge Gaia: 
#     https://gea.esac.esa.int/archive/documentation/credits.html 
# - KNOWN_ISSUES: >
#     Known issues: 
#     https://www.cosmos.esa.int/web/gaia-users/known-issues 
# - DOCUMENTATION: >
#     Tutorials and documentation: 
#     https://www.cosmos.esa.int/web/gaia-users/archive 
# datatype:
# - 
#   name: solution_id
#   datatype: int64
#   description: Solution Identifier
#   meta:
#     ucd: meta.version
# - 
#   name: source_id
#   datatype: int64
#   description: Unique source identifier
#   meta:
#     ucd: meta.id;meta.main
# - 
#   name: global_ranking
#   datatype: float32
#   description: Number between 0 (worst) and 1 (best)
#   meta:
#     ucd: stat.param
# - 
#   name: reference_time
#   datatype: float64
#   unit: d
#   description: Reference time used for the geometric model fit
#   meta:
#     ucd: time.epoch
# - 
#   name: frequency
#   datatype: float64
#   unit: d**-1
#   description: Frequency of geometric model of the eclipsing binary light curve
#   meta:
#     ucd: src.orbital
# - 
#   name: frequency_error
#   datatype: float32
#   unit: d**-1
#   description: "Uncertainty of \\texttt{frequency}"
#   meta:
#     ucd: stat.error
# - 
#   name: geom_model_reference_level
#   datatype: float32
#   unit: mag
#   description: Magnitude reference level of geometric model
#   meta:
#     ucd: phot.mag;em.opt
# - 
#   name: geom_model_reference_level_error
#   datatype: float32
#   unit: mag
#   description: "Uncertainty of \\texttt{geomModelReferenceLevel}"
#   meta:
#     ucd: stat.error;phot.mag;em.opt
# - 
#   name: geom_model_gaussian1_phase
#   datatype: float32
#   description: Phase of the Gaussian 1 component
#   meta:
#     ucd: time.phase
# - 
#   name: geom_model_gaussian1_phase_error
#   datatype: float32
#   description: "Uncertainty of \\texttt{geomModelGaussian1Phase}"
#   meta:
#     ucd: stat.error;time.phase
# - 
#   name: geom_model_gaussian1_sigma
#   datatype: float32
#   description: "Standard deviation [phase] of Gaussian 1 component"
#   meta:
#     ucd: stat.stdev
# - 
#   name: geom_model_gaussian1_sigma_error
#   datatype: float32
#   description: "Uncertainty of \\texttt{geomModelGaussian1Sigma}"
#   meta:
#     ucd: stat.error
# - 
#   name: geom_model_gaussian1_depth
#   datatype: float32
#   unit: mag
#   description: Magnitude depth of Gaussian 1 component
#   meta:
#     ucd: src.var.amplitude
# - 
#   name: geom_model_gaussian1_depth_error
#   datatype: float32
#   unit: mag
#   description: "Uncertainty of \\texttt{geomModelGaussian1Depth}"
#   meta:
#     ucd: stat.error;src.var.amplitude
# - 
#   name: geom_model_gaussian2_phase
#   datatype: float32
#   description: Phase of Gaussian 2 component
#   meta:
#     ucd: time.phase
# - 
#   name: geom_model_gaussian2_phase_error
#   datatype: float32
#   description: "Uncertainty of \\texttt{geomModelGaussian2Phase}"
#   meta:
#     ucd: stat.error;time.phase
# - 
#   name: geom_model_gaussian2_sigma
#   datatype: float32
[...]
#   datatype: float32
#   description: "Secondary eclipse: uncertainty of \\texttt{derivedSecondaryEclDuration}"
#   meta:
#     ucd: stat.error;time.duration
# - 
#   name: derived_secondary_ecl_depth
#   datatype: float32
#   unit: mag
#   description: "Secondary eclipse: depth"
#   meta:
#     ucd: src.var.amplitude
# - 
#   name: derived_secondary_ecl_depth_error
#   datatype: float32
#   unit: mag
#   description: "Secondary eclipse: uncertainty of \\texttt{derivedSecondaryEclDepth}"
#   meta:
#     ucd: stat.error;src.var.amplitude
solution_id,source_id,global_ranking,reference_time,frequency,frequency_error,geom_model_reference_level,geom_model_reference_level_error,geom_model_gaussian1_phase,geom_model_gaussian1_phase_error,geom_model_gaussian1_sigma,geom_model_gaussian1_sigma_error,geom_model_gaussian1_depth,geom_model_gaussian1_depth_error,geom_model_gaussian2_phase,geom_model_gaussian2_phase_error,geom_model_gaussian2_sigma,geom_model_gaussian2_sigma_error,geom_model_gaussian2_depth,geom_model_gaussian2_depth_error,geom_model_cosine_half_period_amplitude,geom_model_cosine_half_period_amplitude_error,geom_model_cosine_half_period_phase,geom_model_cosine_half_period_phase_error,model_type,num_model_parameters,reduced_chi2,derived_primary_ecl_phase,derived_primary_ecl_phase_error,derived_primary_ecl_duration,derived_primary_ecl_duration_error,derived_primary_ecl_depth,derived_primary_ecl_depth_error,derived_secondary_ecl_phase,derived_secondary_ecl_phase_error,derived_secondary_ecl_duration,derived_secondary_ecl_duration_error,derived_secondary_ecl_depth,derived_secondary_ecl_depth_error
[from data line 77]
375316653866487564,4093285737882046080,0.5602704,2144.0103769146986,2.141320630310596,1.7028162E-5,19.036457,0.024118287,0.20039834,0.0062375097,0.08833315,0.009017921,0.50136757,0.027845893,0.7131559,0.0033654636,0.08157023,0.0066101663,0.4772027,0.03968269,null,null,null,null,"TWOGAUSSIANS",8,3.1736183,0.20039834,0.0062375097,0.4,0.0,0.49106908,0.02533849,0.7131559,0.0033654636,0.4,0.0,0.46690437,0.038837306
375316653866487564,4093286008455458560,0.49240914,2206.323052923568,0.5898206568814592,3.186443E-5,18.483278,0.41347027,0.24215572,0.011585663,0.15684837,0.06021728,0.51450014,0.4022093,0.76448685,0.011808409,0.13025953,0.034639377,0.4862117,0.37231904,null,null,null,null,"TWOGAUSSIANS",8,5.575156,0.24158572,0.011098252,0.4,0.0,0.32455,0.039841175,0.76655686,0.009186536,0.4,0.0,0.3025654,0.032916218
375316653866487564,4093286523823713024,0.50116193,2195.1850721333763,0.6262109200977571,5.733354E-5,17.849844,0.01478074,0.32073012,0.011219235,0.040362388,0.01459644,0.11569947,0.016823066,0.48540676,0.034897048,0.16854188,0.0967649,0.052369725,0.01417689,null,null,null,null,"TWOGAUSSIANS",8,3.9276822,0.32339013,0.010563225,0.22602937,0.08174006,0.1471563,0.012397578,0.48540676,0.034897048,0.4,0.0,0.051112417,0.01614334
375316653866487564,4093286699953860352,0.5298403,2194.958018065675,2.4882387416933183,1.8871326E-5,16.987211,0.0028984,0.21554449,0.004065798,0.004862387,0.0050383965,6.0153316E-4,13250.323,null,null,null,null,null,null,0.07374439,0.004350563,0.21554449,0.004065798,"ONEGAUSSIAN_WITH_ELLIPSOIDAL",6,12.682985,0.21554449,0.004065798,0.027229367,0.02821502,0.14809027,13250.322,null,null,null,null,null,null
375316653866487564,4093286867420275712,0.42535442,2173.750425999917,0.8838267653935848,1.7217611E-4,16.192303,0.006130537,0.37486887,0.03420712,0.013060286,0.026113275,0.14252888,0.057952892,0.53449714,0.019188488,0.12868385,0.03610801,0.16828507,0.032553323,null,null,null,null,"TWOGAUSSIANS",8,27.553509,0.37576887,0.028318854,0.0731376,0.14623435,0.22065738,0.061926335,0.53449714,0.019188488,0.4,0.0,0.16810772,0.033018205
375316653866487564,4093286906114268672,0.5610083,2185.49259264547,4.633951030334881,2.1294012E-5,19.486046,0.0791007,0.4482502,0.0027579318,0.15099627,0.018133469,0.50321245,0.07912823,0.94051254,0.0203622,0.09804783,0.02966411,0.13946491,0.07262778,null,null,null,null,"TWOGAUSSIANS",8,0.84860384,0.4482502,0.0027557497,0.4,0.0,0.43105033,0.022358032,0.94051254,0.020763058,0.4,0.0,0.07154265,0.035589207
375316653866487564,4093287073605557504,0.5599903,2167.095845493846,2.1627509624537917,2.4575673E-5,18.213833,0.022595998,0.21425125,0.019269928,0.07367045,0.021600492,0.42949265,0.13250646,0.7153221,0.0043675597,0.07758263,0.0075357473,0.44917652,0.022245001,null,null,null,null,"TWOGAUSSIANS",8,8.822673,0.7153221,0.0043675597,0.4,0.0,0.44553977,0.019598406,0.21425125,0.019269928,0.4,0.08249898,0.4258559,0.13489392
375316653866487564,4093287799466318592,0.5012628,2218.214000300509,0.4262477616994589,3.0503865E-5,18.774385,0.20637229,0.27371645,0.00977941,0.12053509,0.030300047,0.33883148,0.19255397,0.7876848,0.009581736,0.12966332,0.047851924,0.30133435,0.20679711,null,null,null,null,"TWOGAUSSIANS",8,3.0858667,0.27353644,0.0095351385,0.4,0.0,0.2620581,0.022717547,0.7877948,0.009421979,0.4,0.0,0.22431406,0.018220287
375316653866487564,4093288417944438784,0.45847583,2157.6731404118664,1.0636902801923753,5.3871536E-5,18.396286,0.6581709,0.30310243,0.008738091,0.27503264,0.09997698,0.93237454,0.65234524,0.86377895,0.011823216,0.11092426,0.028079826,0.46587557,0.15706451,null,null,null,null,"TWOGAUSSIANS",8,3.9108233,0.30255243,0.0072406214,0.4,0.0,0.38662064,0.059180193,0.88765895,0.0053939437,0.4,0.0,0.30211678,0.07420803
375316653866487564,4093288795948504320,0.46911004,2213.153393492746,2.7931557079082596,5.7191564E-6,17.689037,0.0039679953,0.4418561,0.002438309,0.033703785,0.0022467629,0.14724271,0.009822791,0.5495166,0.021501059,0.029810067,0.021589335,0.032117713,0.011474458,null,null,null,null,"TWOGAUSSIANS",8,4.023097,0.44189608,0.0023364623,0.18874119,0.012581873,0.1472901,0.009803664,0.5495166,0.021501059,0.16693638,0.12090028,0.033013776,0.011707346
375316653866487564,4093289070779568640,0.5310252,2177.6304717342814,1.8917530316980886,2.2432429E-5,18.659492,0.03183088,0.23030028,0.013054262,0.119815946,0.03600368,0.15292764,0.04771345,0.69917625,0.003628408,0.092289634,0.009359095,0.28893885,0.030651934,null,null,null,null,"TWOGAUSSIANS",8,1.6728905,0.69917625,0.003628408,0.4,0.0,0.271937,0.011760761,0.23030028,0.013049144,0.4,0.0,0.13584597,0.053279083
375316653866487564,4093289135181510016,0.4609694,2186.3968638847105,0.30878522526411156,3.8119E-5,18.931372,0.007447272,0.17354125,0.0023007388,0.0148979705,0.0014130024,0.21026002,0.008066527,0.4703908,0.013964139,0.03485487,0.011698776,0.051283848,0.009133413,null,null,null,null,"TWOGAUSSIANS",8,2.7482808,0.17354125,0.0023007388,0.083428636,0.007912813,0.21026002,0.008066527,0.4703908,0.013964139,0.19518729,0.06551315,0.051283848,0.009133413
375316653866487564,4093289276938263424,0.5895243,2224.4008747520106,2.486188903495579,1.3196572E-5,18.7928,0.021534443,0.28556973,0.0012014257,0.0865322,0.005958293,0.5034497,0.013258796,0.7884764,0.0039709667,0.0812719,0.01106513,0.5487171,0.08407189,null,null,null,null,"TWOGAUSSIANS",8,1.7845198,0.7884764,0.0039709667,0.4,0.0,0.5369592,0.0922713,0.28556973,0.0012014257,0.4,0.0,0.4916917,0.0129435025
375316653866487564,4093289414377530496,0.4354493,2140.9484363904044,0.8837164657846819,3.5548423E-4,19.280293,0.06793862,0.31999874,0.1079212,0.0728546,0.04889,0.18093029,0.42682275,0.62737983,0.04984568,0.13390566,0.08254994,0.43080318,0.43658668,null,null,null,null,"TWOGAUSSIANS",8,3.7626905,0.62737983,0.04984568,0.4,0.0,0.42850885,0.43890697,0.34157872,0.11583954,0.4,0.20545577,0.21501096,0.41680983
375316653866487564,4093289513119979136,0.6497138,2196.6541103421905,4.023480129220577,7.22997E-6,17.397074,0.014424548,0.293361,0.0038335195,0.052423347,0.0074730176,0.21528494,0.029393846,0.7927467,0.0012248728,0.046431214,0.0054461644,0.28473422,0.025134701,0.09981695,0.015929414,0.293361,0.0038335195,"TWOGAUSSIANS_WITH_ELLIPSOIDAL_ON_ECLIPSE1",9,5.7624774,0.79281676,0.0010360184,0.2600148,0.03049852,0.4843626,0.010234312,0.293361,0.0038335195,0.29357073,0.041848898,0.41491598,0.008953658
375316653866487564,4093289586176513664,0.49827874,2167.5094465722573,0.9793779710568209,2.4404095E-5,19.324692,0.040012453,0.24188766,0.012921557,0.121803835,0.030782228,0.19975945,0.03853501,0.8005627,0.14105509,0.09303603,0.09798553,0.124713846,101.28486,null,null,null,null,"TWOGAUSSIANS",8,1.6256903,0.24187766,0.012907556,0.4,0.0,0.18878965,0.039268002,0.8011427,0.14026543,0.4,0.35976127,0.11403191,101.30117
375316653866487564,4093290135932302720,0.5313474,2159.4794234938367,1.220206966182874,7.1391178E-6,19.81809,0.018015234,0.17989172,0.0031358285,0.018584887,0.013513347,5.9144173,7.14493,0.6581947,0.03235023,0.09105202,0.028251601,0.37236577,0.04900409,null,null,null,null,"TWOGAUSSIANS",8,1.5237651,0.17989172,0.0031358285,0.10407536,0.07567474,5.914407,7.145127,0.6581947,0.03235023,0.4,0.0,0.37235498,0.049547553
375316653866487564,4093290406473560832,0.48320493,2178.522783561204,0.6773396552812793,3.780073E-5,17.535688,0.005677108,0.4247975,0.025095362,0.04066536,0.013154439,0.040537402,0.13309775,0.7465604,0.0074125556,0.05416593,0.006523803,0.19412374,0.038040068,null,null,null,null,"TWOGAUSSIANS",8,11.910001,0.7465604,0.0074125556,0.3033292,0.036533296,0.19412374,0.038040068,0.4247975,0.025095362,0.227726,0.07366486,0.040537406,0.13309775
375316653866487564,4093290612658948352,0.5280076,2184.121382647611,2.0814362607570187,1.8310076E-5,18.322062,0.004396572,null,null,null,null,null,null,null,null,null,null,null,null,0.09678949,0.0067067374,0.26432815,0.0046004266,"ELLIPSOIDAL",4,3.3466773,null,null,null,null,null,null,null,null,null,null,null,null
375316653866487564,4093290823126613248,0.4850375,2217.292602338393,0.18536645317047612,3.9737595E-5,18.380463,0.012825195,0.284844,0.018707555,0.07643372,0.019572701,0.16734561,0.026249155,0.6844133,0.06906985,0.052868698,0.044166725,0.14380409,0.09245334,null,null,null,null,"TWOGAUSSIANS",8,2.8713467,0.284844,0.018707555,0.4,0.04710061,0.16733919,0.02540105,0.6844133,0.06906985,0.2960647,0.12684786,0.14379786,0.08717738
375316653866487564,4093290887536923264,0.5506473,2199.695818534218,2.2189481779999434,2.0240928E-5,18.195246,0.0091639245,0.12022466,0.004502637,0.07564941,0.006867707,0.40783483,0.02679647,0.61176556,0.011979049,0.0658764,0.009939805,0.44525158,0.036812812,null,null,null,null,"TWOGAUSSIANS",8,9.59484,0.61176556,0.011979049,0.36890787,0.04750013,0.44391754,0.03680654,0.12022466,0.004502637,0.4,0.0,0.4065008,0.02720093
375316653866487564,4093291299846878464,0.54590124,2202.6250805234517,3.834029878087428,1.7657618E-5,18.577847,0.012214864,0.2851519,0.011786337,0.04062194,0.010630208,0.24364707,0.045340646,0.7497483,0.004664597,0.034509663,0.0052943625,0.4938686,0.11390694,0.14742015,0.026029274,0.7497483,0.004664597,"TWOGAUSSIANS_WITH_ELLIPSOIDAL_ON_ECLIPSE2",9,12.813507,0.7497483,0.004664597,0.1932541,0.029648429,0.78870815,0.113737606,0.2804019,0.010365688,0.22748287,0.059529167,0.5260239,0.037653398
375316653866487564,4093291304209332352,0.53742,2158.8620285999864,0.3103707880714558,5.047075E-5,19.366034,0.14345415,0.24166372,0.01889876,0.12697631,0.029502599,0.68103695,0.13771299,0.72798336,0.028373942,0.07893649,0.06874102,0.8228288,0.5598115,null,null,null,null,"TWOGAUSSIANS",8,1.7152221,0.72798336,0.028379353,0.4,0.044774078,0.7606297,0.6646787,0.24166372,0.018668078,0.4,0.0,0.6182031,0.0410268
375316653866487564,4093291338522516480,0.5617974,2193.518711580306,0.09734664288233776,2.3539766E-5,18.974054,0.0024478743,0.31381243,0.037429035,0.06600266,0.024965828,0.24932835,0.89486134,0.7256657,0.0091282,0.046472553,0.0065168934,0.19752437,0.0075354516,null,null,null,null,"TWOGAUSSIANS",8,0.87503517,0.31381243,0.037429035,0.3696149,0.13980864,0.24932784,0.8948621,0.7256657,0.0091282,0.2602463,0.036494605,0.19752386,0.0075365403
375316653866487564,4093291819559412096,0.4729125,2231.662138679589,2.4861919126550838,4.1114436E-5,18.809675,0.04764855,0.26374593,0.014875055,0.10065963,0.023861587,0.21788758,0.04771743,0.76666605,0.007808687,0.093347155,0.031363618,0.25334963,0.031121692,null,null,null,null,"TWOGAUSSIANS",8,5.1895137,0.76666605,0.007813075,0.4,0.0,0.23710458,0.042677157,0.26374593,0.014874029,0.4,0.0,0.2016409,0.024524443
375316653866487564,4093291853974613632,0.46244028,2210.888500488427,0.08914826802577579,6.14042E-5,17.44237,0.04892664,0.18600209,0.002481326,0.028079432,0.0033269061,0.7604275,0.045422405,0.687298,0.019304072,0.061463732,0.012481118,0.11995909,0.062978,null,null,null,null,"TWOGAUSSIANS",8,18.975267,0.18600209,0.002481326,0.15724482,0.018630674,0.7604274,0.04542138,0.687298,0.019304072,0.3441969,0.06989426,0.11995903,0.062977016
375316653866487564,4093292124480621056,0.5816044,2205.4382139420527,2.709675825550486,1.8049559E-5,18.775867,0.012398771,0.267763,0.0044178795,0.08143265,0.005128263,0.46171573,0.019961186,0.776092,0.003450522,0.08114469,0.005290402,0.35241717,0.014412718,null,null,null,null,"TWOGAUSSIANS",8,1.7681206,0.267763,0.0044178795,0.4,0.0,0.45564052,0.01945808,0.776092,0.003450522,0.4,0.0,0.346342,0.012358744
375316653866487564,4093292536797506048,0.48675975,2186.4046665824794,0.36503885481030424,2.8494953E-5,19.775492,0.02527293,0.26985773,0.011569059,0.08390448,0.013300884,0.41580185,0.086497426,0.7374434,0.03145998,0.0903924,0.042996787,0.29003388,0.1992502,null,null,null,null,"TWOGAUSSIANS",8,1.4700619,0.26985773,0.011566317,0.4,0.0,0.409329,0.088966705,0.7374434,0.03145998,0.4,0.08874652,0.28356063,0.20458193
375316653866487564,4093292571161100032,0.572706,2202.901363002442,2.011938400473733,7.97296E-6,18.33031,0.008623395,0.3504491,0.0044647073,0.08090399,0.006919393,0.30025953,0.015857374,0.84832776,0.0019901155,0.0823076,0.004289845,0.29556084,0.011719567,null,null,null,null,"TWOGAUSSIANS",8,1.8547037,0.3504491,0.0044647073,0.4,0.0,0.29501417,0.016740693,0.84832776,0.0019901155,0.4,0.0,0.29031548,0.011561795
375316653866487564,4093292816047339008,0.48657912,2141.2179825212597,0.31036603962071535,1.4234202E-4,19.469229,0.0620526,0.2985132,0.0040807077,0.056512155,0.01192616,0.18311518,0.043665133,0.6877212,0.031078251,0.16938204,0.068061076,0.19081986,0.044978913,null,null,null,null,"TWOGAUSSIANS",8,1.4889797,0.3017532,0.003472966,0.31646806,0.0667865,0.18808605,0.04516808,0.6877212,0.031078251,0.4,0.0,0.18159729,0.020500584
375316653866487564,4093293193950136576,0.5008472,2143.842933700932,0.4229306368334715,6.760608E-5,17.969341,0.007027396,0.1815901,0.009953444,0.026601827,0.009365051,0.11672294,0.011315169,0.70172966,0.034339145,0.076121606,0.050346933,0.06194344,0.04301144,null,null,null,null,"TWOGAUSSIANS",8,3.5314934,0.1815901,0.009953444,0.14897023,0.052444287,0.1167226,0.011244499,0.70172966,0.034339145,0.4,0.045527633,0.061943095,0.043123193
375316653866487564,4093293503187497984,0.49174058,2171.8177667253417,0.0749600727757968,5.1728155E-5,19.410532,0.033551704,0.28755444,0.0085938675,0.12005557,0.015722342,0.3383338,0.036413178,0.68051434,0.009204065,0.05775239,0.010145108,0.21426317,0.034539774,null,null,null,null,"TWOGAUSSIANS",8,2.6147604,0.28755444,0.0085938675,0.4,0.0,0.33671993,0.034739047,0.68051434,0.009204065,0.32341337,0.056812607,0.2142459,0.034543693
375316653866487564,4093293503187523072,0.504692,2181.9790665466157,0.41351352522468166,1.0908236E-4,19.36171,0.007934975,0.6633635,0.0030883714,0.061575275,0.012384705,0.43248737,0.025474174,0.39023265,0.03911912,0.06189285,0.03430933,0.31943506,0.057200775,null,null,null,null,"TWOGAUSSIANS",8,2.976122,0.6633535,0.0014131546,0.34482154,0.056499574,0.43250623,0.023569396,0.39025265,0.03922762,0.34659997,0.12642495,0.31945816,0.057122547
375316653866487564,4093293571907200896,0.46723422,2177.0851328790354,0.4472632857664771,5.9172497E-5,18.848425,0.00803655,0.337515,0.03257678,0.074293345,0.039696813,0.07364426,0.020282064,0.8386042,0.019305732,0.027636392,0.016992725,0.13751422,0.022632964,null,null,null,null,"TWOGAUSSIANS",8,2.3729448,0.8386042,0.019305732,0.1547638,0.09515927,0.13751334,0.022628425,0.337515,0.03257678,0.4,0.1615746,0.07364339,0.02028562
375316653866487564,4093294568339918208,0.4455428,2214.4227714931626,0.18547624353676026,4.360066E-5,18.397022,0.012413976,0.17389318,0.045913022,0.07838986,0.037814107,0.27340347,0.25849134,0.7664438,0.016459644,0.05607199,0.014506851,0.19672823,0.045646902,null,null,null,null,"TWOGAUSSIANS",8,6.477334,0.17389318,0.045913022,0.4,0.14666091,0.27337492,0.25860772,0.7664438,0.016459292,0.31400314,0.08123837,0.19670007,0.045657516
375316653866487564,4093295118095008768,0.48119453,2138.5901485254303,0.24545252538361526,2.3370032E-5,19.404085,0.20747368,0.29944375,0.011152947,0.10274249,0.040244117,0.3682478,0.18951507,0.78862953,0.0052689086,0.16416377,0.0651723,0.35156852,0.1955194,null,null,null,null,"TWOGAUSSIANS",8,1.3517994,0.30013373,0.010433394,0.4,0.0,0.2647485,0.19739333,0.78862953,0.0052689086,0.4,0.0,0.24114257,0.04247517
375316653866487564,4093295633491141632,0.46353596,2152.975233613765,1.8230535018132414,2.4497476E-5,18.73165,0.07345126,0.048608348,0.018807424,0.06234992,0.020228054,0.10834237,0.07538082,0.5675094,0.014753764,0.17057946,0.069685556,0.24787445,0.048914514,null,null,null,null,"TWOGAUSSIANS",8,1.3238263,0.5675094,0.014753764,0.4,0.0,0.2178995,0.05819877,0.047318347,0.019209962,0.34915954,0.1021939,0.08545889,0.060414612
