Gaia/vari_eclipsing_binary/VariEclipsingBinary_489564-489649.csv
# %ECSV 1.0
# ---
# delimiter: ','
# meta: !!omap
# - RELEASE: Gaia DR3
# - TABLE: vari_eclipsing_binary
# - DESCRIPTION: >
#     This table describes the properties of the eclipsing binaries resulting from the variability analysis. 
# - CITATION: >
#     How to cite and acknowledge Gaia: 
#     https://gea.esac.esa.int/archive/documentation/credits.html 
# - KNOWN_ISSUES: >
#     Known issues: 
#     https://www.cosmos.esa.int/web/gaia-users/known-issues 
# - DOCUMENTATION: >
#     Tutorials and documentation: 
#     https://www.cosmos.esa.int/web/gaia-users/archive 
# datatype:
# - 
#   name: solution_id
#   datatype: int64
#   description: Solution Identifier
#   meta:
#     ucd: meta.version
# - 
#   name: source_id
#   datatype: int64
#   description: Unique source identifier
#   meta:
#     ucd: meta.id;meta.main
# - 
#   name: global_ranking
#   datatype: float32
#   description: Number between 0 (worst) and 1 (best)
#   meta:
#     ucd: stat.param
# - 
#   name: reference_time
#   datatype: float64
#   unit: d
#   description: Reference time used for the geometric model fit
#   meta:
#     ucd: time.epoch
# - 
#   name: frequency
#   datatype: float64
#   unit: d**-1
#   description: Frequency of geometric model of the eclipsing binary light curve
#   meta:
#     ucd: src.orbital
# - 
#   name: frequency_error
#   datatype: float32
#   unit: d**-1
#   description: "Uncertainty of \\texttt{frequency}"
#   meta:
#     ucd: stat.error
# - 
#   name: geom_model_reference_level
#   datatype: float32
#   unit: mag
#   description: Magnitude reference level of geometric model
#   meta:
#     ucd: phot.mag;em.opt
# - 
#   name: geom_model_reference_level_error
#   datatype: float32
#   unit: mag
#   description: "Uncertainty of \\texttt{geomModelReferenceLevel}"
#   meta:
#     ucd: stat.error;phot.mag;em.opt
# - 
#   name: geom_model_gaussian1_phase
#   datatype: float32
#   description: Phase of the Gaussian 1 component
#   meta:
#     ucd: time.phase
# - 
#   name: geom_model_gaussian1_phase_error
#   datatype: float32
#   description: "Uncertainty of \\texttt{geomModelGaussian1Phase}"
#   meta:
#     ucd: stat.error;time.phase
# - 
#   name: geom_model_gaussian1_sigma
#   datatype: float32
#   description: "Standard deviation [phase] of Gaussian 1 component"
#   meta:
#     ucd: stat.stdev
# - 
#   name: geom_model_gaussian1_sigma_error
#   datatype: float32
#   description: "Uncertainty of \\texttt{geomModelGaussian1Sigma}"
#   meta:
#     ucd: stat.error
# - 
#   name: geom_model_gaussian1_depth
#   datatype: float32
#   unit: mag
#   description: Magnitude depth of Gaussian 1 component
#   meta:
#     ucd: src.var.amplitude
# - 
#   name: geom_model_gaussian1_depth_error
#   datatype: float32
#   unit: mag
#   description: "Uncertainty of \\texttt{geomModelGaussian1Depth}"
#   meta:
#     ucd: stat.error;src.var.amplitude
# - 
#   name: geom_model_gaussian2_phase
#   datatype: float32
#   description: Phase of Gaussian 2 component
#   meta:
#     ucd: time.phase
# - 
#   name: geom_model_gaussian2_phase_error
#   datatype: float32
#   description: "Uncertainty of \\texttt{geomModelGaussian2Phase}"
#   meta:
#     ucd: stat.error;time.phase
# - 
#   name: geom_model_gaussian2_sigma
#   datatype: float32
[...]
#   datatype: float32
#   description: "Secondary eclipse: uncertainty of \\texttt{derivedSecondaryEclDuration}"
#   meta:
#     ucd: stat.error;time.duration
# - 
#   name: derived_secondary_ecl_depth
#   datatype: float32
#   unit: mag
#   description: "Secondary eclipse: depth"
#   meta:
#     ucd: src.var.amplitude
# - 
#   name: derived_secondary_ecl_depth_error
#   datatype: float32
#   unit: mag
#   description: "Secondary eclipse: uncertainty of \\texttt{derivedSecondaryEclDepth}"
#   meta:
#     ucd: stat.error;src.var.amplitude
solution_id,source_id,global_ranking,reference_time,frequency,frequency_error,geom_model_reference_level,geom_model_reference_level_error,geom_model_gaussian1_phase,geom_model_gaussian1_phase_error,geom_model_gaussian1_sigma,geom_model_gaussian1_sigma_error,geom_model_gaussian1_depth,geom_model_gaussian1_depth_error,geom_model_gaussian2_phase,geom_model_gaussian2_phase_error,geom_model_gaussian2_sigma,geom_model_gaussian2_sigma_error,geom_model_gaussian2_depth,geom_model_gaussian2_depth_error,geom_model_cosine_half_period_amplitude,geom_model_cosine_half_period_amplitude_error,geom_model_cosine_half_period_phase,geom_model_cosine_half_period_phase_error,model_type,num_model_parameters,reduced_chi2,derived_primary_ecl_phase,derived_primary_ecl_phase_error,derived_primary_ecl_duration,derived_primary_ecl_duration_error,derived_primary_ecl_depth,derived_primary_ecl_depth_error,derived_secondary_ecl_phase,derived_secondary_ecl_phase_error,derived_secondary_ecl_duration,derived_secondary_ecl_duration_error,derived_secondary_ecl_depth,derived_secondary_ecl_depth_error
[from data line 224]
375316653866487564,4306481244333203200,0.45423725,2182.789517342782,2.8501235153003814,4.877314E-5,18.44192,0.045408297,0.3084966,0.01614319,0.1063544,0.036570776,0.20819186,0.042062294,0.80429745,0.01968603,0.090594806,0.029479494,0.22513914,0.04644138,null,null,null,null,"TWOGAUSSIANS",8,15.153121,0.80429745,0.019686228,0.4,0.02318733,0.20892544,0.041188788,0.3084966,0.01614319,0.4,0.0,0.19197156,0.024486717
375316653866487564,4306481729670838272,0.4835634,2186.543963696489,2.0562874443456685,5.037367E-5,19.420748,0.036320694,0.3067612,0.012929774,0.088254645,0.019186452,0.34301966,0.068367586,0.8176901,0.014381918,0.08777321,0.031035542,0.28631845,0.049794614,null,null,null,null,"TWOGAUSSIANS",8,2.9018447,0.3067612,0.012929774,0.4,0.0,0.33373845,0.07154177,0.8176901,0.014381918,0.4,0.0,0.27703723,0.06877136
375316653866487564,4306481867109926784,0.4914272,2189.2132426645308,3.3226618552560465,2.5201638E-5,19.146286,0.03696662,0.22076379,0.016194748,0.09020155,0.03085019,0.2586314,0.120211825,0.71265274,0.012644633,0.10199764,0.026227938,0.27800056,0.033181157,null,null,null,null,"TWOGAUSSIANS",8,3.600595,0.71265274,0.012644633,0.4,0.0,0.26171207,0.02397223,0.22076379,0.016194064,0.4,0.04044358,0.2423464,0.13281347
375316653866487564,4306482073282711168,0.4731127,2076.0875670003497,4.0509771561428,1.02566024E-4,17.765875,0.037429072,0.31273305,0.046652578,0.03075442,0.10182344,0.6818089,1.1454918,0.794565,0.01116964,0.0716623,0.017013391,0.33300066,0.17546497,null,null,null,null,"TWOGAUSSIANS",8,5.2957077,0.31273305,0.046652578,0.17222476,0.24175812,0.6818068,1.1555163,0.794565,0.01116964,0.4,0.03847951,0.33299857,0.1806677
375316653866487564,4306482451225436288,0.5110579,2188.3967835017324,1.9174506937113884,1.7276821E-5,15.877306,0.0079557635,0.7324234,0.028671263,0.08432255,0.031401414,0.034303058,0.008521315,0.4690026,0.009187742,0.04229429,0.005844275,0.21574993,0.062283978,null,null,null,null,"TWOGAUSSIANS",8,18.779486,0.46908262,0.009134131,0.23684803,0.03272794,0.21601102,0.06245135,0.7324234,0.028671263,0.4,0.03240807,0.034303054,0.008520506
375316653866487564,4306482584361654912,0.5430287,2145.0221029544346,2.954203618417032,1.9613424E-5,19.52365,0.021777023,0.23859832,0.009117254,0.06456043,0.008552534,0.51276016,0.06927499,0.73827595,0.009050485,0.0683732,0.0076608676,0.6077999,0.047509346,null,null,null,null,"TWOGAUSSIANS",8,3.41128,0.73827595,0.009050485,0.38288993,0.042900857,0.60686064,0.047274083,0.23859832,0.009117254,0.3615384,0.04789419,0.511821,0.069421835
375316653866487564,4306482760463622784,0.48713446,2198.3036170190694,2.453828523826936,6.1025963E-5,18.392706,0.069460094,0.28986332,0.01814233,0.08116652,0.03804755,0.17343615,0.06546434,0.7746998,0.010617393,0.0901553,0.04627013,0.15621883,0.058344495,null,null,null,null,"TWOGAUSSIANS",8,6.9675255,0.28986332,0.018364206,0.4,0.0023546321,0.16987193,0.029728202,0.7746998,0.010617393,0.4,0.0,0.15265451,0.019431608
375316653866487564,4306483791273890432,0.53212804,2151.162796674199,1.9776569116507763,1.6770684E-5,18.075748,0.019054854,0.31074357,0.0040106825,0.08065921,0.007566061,0.47967368,0.043504305,0.81882036,0.006965728,0.0829882,0.0067946147,0.42540097,0.03604857,null,null,null,null,"TWOGAUSSIANS",8,13.923524,0.31074357,0.0040106825,0.4,0.0,0.4723919,0.045343798,0.81882036,0.006965728,0.4,0.0,0.4181192,0.035064902
375316653866487564,4306484233629095936,0.6066251,2179.073818094691,2.4308881209127384,7.683733E-6,18.340395,0.011355749,0.34603962,0.002905942,0.06133002,0.0072950684,0.2267805,0.029208444,0.8440044,0.0054627624,0.045695584,0.0077427058,0.26417232,0.030613506,0.10241138,0.014797256,0.34603962,0.002905942,"TWOGAUSSIANS_WITH_ELLIPSOIDAL_ON_ECLIPSE1",9,2.4642274,0.8442344,0.005161086,0.2558953,0.043359153,0.4689092,0.033170555,0.34603962,0.002905942,0.3434481,0.040852383,0.43154705,0.0207883
375316653866487564,4306484267988830336,0.6619829,2171.0106281798153,0.44602008136997395,6.9709154E-6,17.093714,0.010784784,0.29100323,0.011665099,0.027212683,0.010213689,0.14407633,0.13687913,0.7841748,0.0013766687,0.03234146,0.0017433364,1.4420031,0.078871526,0.024191553,0.0145056015,0.29100323,0.011665099,"TWOGAUSSIANS_WITH_ELLIPSOIDAL_ON_ECLIPSE1",9,14.767744,0.78419477,0.0013610836,0.18111219,0.009762685,1.4902976,0.08401979,0.29100323,0.011665099,0.15239102,0.057196658,0.19245943,0.13299584
375316653866487564,4306486436969846016,0.4499901,2169.555140043276,1.653973319286704,6.5982684E-5,12.94686,0.002788781,0.28840736,0.03145481,0.05442792,0.028181642,0.1602723,0.0945486,0.71331394,0.043933745,0.06627818,0.03645076,0.035511665,0.015857043,null,null,null,null,"TWOGAUSSIANS",8,16.50251,0.28840736,0.03145427,0.30479637,0.09624809,0.16027068,0.09458887,0.71331394,0.043933745,0.37115782,0.11694776,0.035510052,0.015857847
375316653866487564,4306486746194168576,0.48587653,2119.5699755862247,2.302419616814729,4.5416236E-5,19.578184,0.1431896,0.1624042,0.010934836,0.094659604,0.032711156,0.37590915,0.17575628,0.6589617,0.013280832,0.103367515,0.045427263,0.33582708,0.12726669,null,null,null,null,"TWOGAUSSIANS",8,3.3687005,0.1624042,0.010931775,0.4,0.0,0.34797233,0.13009574,0.6589617,0.013283774,0.4,0.0,0.3078853,0.054370046
375316653866487564,4306487158524546432,0.5504442,2176.205227716682,0.4402638010174386,1.490384E-5,14.481419,0.0022984839,0.21242273,0.00805315,0.05579775,0.004073389,0.22346132,0.05749966,0.71531177,0.0030467482,0.049253907,0.0024912227,0.21904024,0.021009475,null,null,null,null,"TWOGAUSSIANS",8,20.197542,0.21242273,0.00805315,0.3124674,0.022810977,0.22345665,0.05750067,0.71531177,0.0030467482,0.2758219,0.013950848,0.21903558,0.021011185
375316653866487564,4306487875765683328,0.6230634,2170.3630880434357,3.4326176417698555,1.3490148E-5,18.104952,0.07965968,0.3112461,0.0037728227,0.047175206,0.016201979,0.37662318,0.1529697,0.8066427,0.0038770407,0.05169067,0.026056983,0.4149125,0.06136004,0.1034152,0.08242127,0.3112461,0.0037728227,"TWOGAUSSIANS_WITH_ELLIPSOIDAL_ON_ECLIPSE1",9,6.814839,0.8070827,0.0037627188,0.28946775,0.11018744,0.6215835,0.114839524,0.3112461,0.0037728227,0.26418117,0.09073108,0.58345073,0.026355173
375316653866487564,4306487875765684224,0.47621414,2147.754161516961,1.0811289783953362,6.4272484E-5,18.476,0.013652554,0.27600628,0.011658601,0.07442298,0.016678814,0.1442723,0.01519715,0.7704813,0.0073685627,0.08189041,0.021615164,0.19797817,0.0732786,null,null,null,null,"TWOGAUSSIANS",8,2.281805,0.7704813,0.0073685627,0.4,0.0,0.19615722,0.077664204,0.27600628,0.011658601,0.4,0.004737553,0.14245135,0.011392625
375316653866487564,4306487914438841856,0.54174155,2171.025763194136,0.9057311042421071,1.0977996E-5,16.17925,0.012502,0.2535958,0.0038535893,0.09968344,0.012669075,0.11820923,0.011023276,0.7690432,0.0052988455,0.10258193,0.01516997,0.089240305,0.01006306,null,null,null,null,"TWOGAUSSIANS",8,5.908892,0.2535958,0.0038463813,0.4,0.0,0.110256754,0.0045587714,0.7690432,0.0053137993,0.4,0.0,0.08128732,0.006731763
375316653866487564,4306488051877211520,0.61965716,2161.4109389131017,2.6283898590875188,5.7630705E-6,17.524973,0.0105191395,0.2624526,0.0020674122,0.0876167,0.0033847785,0.41907638,0.013911604,0.76373357,0.0025174343,0.08389197,0.0045347465,0.41959172,0.0136504425,null,null,null,null,"TWOGAUSSIANS",8,4.9064198,0.76373357,0.0025174343,0.4,0.0,0.40788382,0.013441678,0.2624526,0.0020674122,0.4,0.0,0.40736845,0.013453936
375316653866487564,4306489151389038592,0.45976838,2206.0284716063643,0.830372991040252,6.784038E-5,12.07042,0.0089067565,0.3175967,0.03393022,0.046519533,0.033467833,0.023553135,0.03214165,0.8369188,0.009422208,0.047989424,0.029226594,0.043658756,0.014873615,0.0074675754,0.010730336,0.3175967,0.03393022,"TWOGAUSSIANS_WITH_ELLIPSOIDAL_ON_ECLIPSE1",9,135.97354,0.8369188,0.0090062395,0.26874077,0.16366893,0.058374837,0.017852796,0.3175967,0.03393022,0.26050937,0.18741986,0.038488265,0.02047591
375316653866487564,4306489185748772224,0.5392796,2224.5795746747644,2.278036692318963,1.4428735E-5,14.5000515,0.724159,0.27562556,0.003347811,0.20267504,0.16263282,0.38170278,0.7142091,0.7724359,0.009625085,0.14362995,0.054484587,0.35916725,0.41276026,null,null,null,null,"TWOGAUSSIANS",8,39.549435,0.7724359,0.009625085,0.4,0.0,0.14189792,0.011987911,0.27596554,0.003219195,0.4,0.0,0.12969154,0.008447064
375316653866487564,4306490457058978432,0.5293554,2154.3900904676157,1.7199234938975678,1.6749662E-5,17.664572,0.004515519,0.29072505,0.0067366776,0.08260709,0.0057027983,0.17193562,0.010126868,0.76955235,0.01003836,0.064970076,0.014850416,0.077797934,0.018293835,null,null,null,null,"TWOGAUSSIANS",8,2.7970662,0.29072505,0.0067366776,0.4,0.0,0.17146565,0.0099434275,0.76955235,0.01003836,0.36383244,0.06596554,0.07732798,0.018812014
375316653866487564,4306491590930512896,0.6010943,2209.278205940997,1.4223972624681338,5.8991823E-6,16.3829,1.3759141,0.21451016,0.009828395,0.18560556,0.14213549,0.61934626,1.3538874,0.70009756,0.009801318,0.14196841,0.038793325,0.65005124,0.7916261,null,null,null,null,"TWOGAUSSIANS",8,5.9990144,0.70009756,0.009801318,0.4,0.0,0.32090864,0.008577555,0.21583015,0.0077895173,0.4,0.0,0.25949216,0.008879402
375316653866487564,4306492857927724800,0.5628398,2177.9837544779016,1.9683948772881694,5.175132E-6,18.426466,0.007087339,0.23711477,0.0014007601,0.07454879,0.003159941,0.47048196,0.017897446,0.73899865,0.0032693804,0.074112326,0.0051177,0.48824894,0.023245381,null,null,null,null,"TWOGAUSSIANS",8,3.7386007,0.73899865,0.0032693804,0.4,0.0022796371,0.4850378,0.023999838,0.23711477,0.0014007601,0.4,0.0,0.46727085,0.018407203
375316653866487564,4306493648201795456,0.46662065,2191.993393960459,0.47137888173154235,1.9818413E-5,18.197758,0.008179822,0.30201113,0.020141024,0.016410474,0.013541142,0.22127147,2.673591,0.79855347,0.0048672943,0.017012535,0.0048928717,0.23093466,0.086193055,null,null,null,null,"TWOGAUSSIANS",8,16.131723,0.79855347,0.0048672943,0.095270194,0.02740008,0.23093466,0.086193055,0.30201113,0.020141024,0.09189865,0.0758304,0.22127147,2.673591
375316653866487564,4306494060520553088,0.61986846,2187.3881162306902,3.1028116061735225,1.1848479E-5,17.818008,0.016192554,0.3112959,0.0023988043,0.050424706,0.0061441334,0.38425025,0.047112454,0.8143981,0.0069525484,0.048746612,0.007349772,0.38435084,0.08354772,0.10849992,0.021360816,0.3112959,0.0023988043,"TWOGAUSSIANS_WITH_ELLIPSOIDAL_ON_ECLIPSE1",9,3.2457483,0.8143981,0.0066739507,0.27298105,0.04115872,0.6012654,0.09768823,0.3112959,0.0023988043,0.28237835,0.034407146,0.6012472,0.045835674
375316653866487564,4306494889465562368,0.5684506,2185.6718682573664,2.085123629876257,9.854746E-6,16.648106,0.023001783,0.31483385,0.002021965,0.12061307,0.014724327,0.15926662,0.019801892,0.8103753,0.0046024197,0.10977163,0.01378435,0.15576959,0.022626856,null,null,null,null,"TWOGAUSSIANS",8,2.6871824,0.31484386,0.0020356744,0.4,0.0,0.13064182,0.0073034465,0.8103753,0.0046024197,0.4,0.0,0.12719464,0.0053396095
375316653866487564,4306495091311057280,0.58196056,2188.7771074515554,2.6470765240756173,5.6428244E-6,18.806189,0.0057282,0.28022775,0.0025886968,0.033758793,0.0024694926,0.26057854,0.014713691,0.7758341,0.008090576,0.047748335,0.0085762,0.2295789,0.023119768,0.12373785,0.010842787,0.28022775,0.0025886968,"TWOGAUSSIANS_WITH_ELLIPSOIDAL_ON_ECLIPSE1",9,2.1431608,0.28022775,0.0025886968,0.18904924,0.013829159,0.5080537,0.009283578,0.7765441,0.006688833,0.26739067,0.048026726,0.47689614,0.025608793
375316653866487564,4306495778507519104,0.51470214,2202.6620078495653,3.479854748341814,1.7551205E-5,17.827785,0.776264,0.25491646,0.010160699,0.13291761,0.05043338,0.45348695,0.5207319,0.7467368,0.011222838,0.17150326,0.15589203,0.4088449,0.7649462,null,null,null,null,"TWOGAUSSIANS",8,8.132584,0.25598645,0.0066007655,0.4,0.0,0.25634095,0.014821679,0.7467368,0.011222838,0.4,0.0,0.2007061,0.018328568
375316653866487564,4306499871628649088,0.51075816,2181.458640908842,3.177766392450661,7.011482E-5,19.60104,0.03358091,0.18682376,0.018402511,0.043174874,0.021063393,0.64139587,0.22372013,0.7345043,0.0051754466,0.063370995,0.006333986,0.93690836,0.10038876,null,null,null,null,"TWOGAUSSIANS",8,9.214837,0.7345043,0.0051754466,0.35487756,0.035470318,0.9369055,0.10038955,0.18682376,0.018402511,0.2417793,0.117955,0.64139295,0.22380538
375316653866487564,4306504093554191360,0.5168974,2149.733179102341,1.1252078271973522,8.175381E-5,18.544468,0.009044075,0.2533969,0.025114575,0.04150611,0.01968775,0.55969244,0.31632406,0.7624854,0.015302535,0.061173327,0.018338678,0.08548755,0.03573674,null,null,null,null,"TWOGAUSSIANS",8,5.982565,0.2533969,0.025114575,0.23243423,0.110251404,0.55969083,0.31635267,0.7624854,0.015302535,0.34257063,0.102696605,0.08548595,0.035734653
375316653866487564,4306505914620076032,0.5316453,2139.115865955825,2.811853535709649,3.550761E-5,19.329866,0.013575363,0.26251662,0.006475133,0.07515957,0.0077133873,0.29096207,0.022456268,0.7778498,0.018069742,0.06627811,0.018760024,0.26875204,0.027403183,null,null,null,null,"TWOGAUSSIANS",8,1.6532176,0.26251662,0.006475133,0.4,0.010741635,0.29022893,0.02220382,0.7778498,0.018069742,0.37115738,0.08582264,0.26801887,0.027173122
375316653866487564,4306505983339550976,0.48144597,2153.735465076143,1.0167390084591745,2.2999995E-5,18.254927,0.003900807,0.2164606,0.003251477,0.025077747,0.0035475865,0.15925762,0.048779003,0.6932859,0.06257508,0.061947443,0.017490717,0.05518501,0.028292831,null,null,null,null,"TWOGAUSSIANS",8,1.869514,0.2164606,0.003251477,0.14043538,0.019866485,0.15925762,0.048779026,0.6932859,0.06257508,0.34690568,0.07167153,0.05518501,0.02829268
375316653866487564,4306506228170216704,0.51598185,2181.8254618007236,2.7904623972551463,4.3086035E-5,18.161852,0.03889182,0.24655873,0.005027228,0.08963229,0.011125483,0.26073307,0.03964621,0.7363576,0.00639399,0.11400135,0.022668505,0.31323695,0.028980391,null,null,null,null,"TWOGAUSSIANS",8,6.3577747,0.7363576,0.00639399,0.4,0.0,0.2883733,0.03297701,0.24657872,0.0050405194,0.4,0.0,0.23591405,0.019056194
375316653866487564,4306507804417437312,0.47313833,2156.506661402468,0.6400024701835652,1.363815E-5,19.834366,0.008890548,0.28178573,0.005886566,0.014622752,0.0038019284,0.35839337,0.21029407,0.7798696,0.0068189367,0.020713931,0.0051437756,0.24076888,0.099946536,null,null,null,null,"TWOGAUSSIANS",8,1.547836,0.28178573,0.005886566,0.08188741,0.0212908,0.35839337,0.21029407,0.7798696,0.0068189367,0.11599801,0.028805144,0.24076888,0.099946536
375316653866487564,4306508732123952000,0.48391864,2181.0701646553607,0.3600800730960555,2.2619595E-5,18.476854,0.0075382404,0.30129784,0.0045769135,0.0564668,0.005235001,0.19511385,0.02651269,0.50501055,0.015217272,0.021474373,0.010252197,0.09996751,0.023078263,null,null,null,null,"TWOGAUSSIANS",8,2.862582,0.30129784,0.0045769135,0.31621405,0.029316004,0.19511385,0.02651269,0.50501055,0.015217272,0.12025648,0.057412304,0.10025863,0.023465535
375316653866487564,4306509041356984192,0.46854275,2186.8363355795746,1.7084680735143032,5.7849964E-5,19.17794,0.13950789,0.43249917,0.026457088,0.105537884,0.027864333,0.38940662,0.15570578,0.85755056,0.030185118,0.17051159,0.1501814,0.14049993,0.12038125,null,null,null,null,"TWOGAUSSIANS",8,3.010497,0.4349492,0.022463912,0.4,0.0,0.35328454,0.14412235,0.85755056,0.030185118,0.4,0.0,0.09763163,0.020903789
375316653866487564,4306510763655826560,0.5192988,2154.355500929753,3.4097939972664695,6.719934E-5,19.32091,0.023304757,0.15865746,0.017371446,0.08411191,0.01552177,0.24496324,0.026034178,0.679065,0.016287917,0.08529805,0.022155756,0.28431275,0.032858208,null,null,null,null,"TWOGAUSSIANS",8,1.6458997,0.679065,0.016287917,0.4,0.0,0.27959725,0.02688384,0.15865746,0.017371446,0.4,0.0,0.24024777,0.01526102
