Gaia/vari_eclipsing_binary/VariEclipsingBinary_467325-467340.csv
# %ECSV 1.0
# ---
# delimiter: ','
# meta: !!omap
# - RELEASE: Gaia DR3
# - TABLE: vari_eclipsing_binary
# - DESCRIPTION: >
#     This table describes the properties of the eclipsing binaries resulting from the variability analysis. 
# - CITATION: >
#     How to cite and acknowledge Gaia: 
#     https://gea.esac.esa.int/archive/documentation/credits.html 
# - KNOWN_ISSUES: >
#     Known issues: 
#     https://www.cosmos.esa.int/web/gaia-users/known-issues 
# - DOCUMENTATION: >
#     Tutorials and documentation: 
#     https://www.cosmos.esa.int/web/gaia-users/archive 
# datatype:
# - 
#   name: solution_id
#   datatype: int64
#   description: Solution Identifier
#   meta:
#     ucd: meta.version
# - 
#   name: source_id
#   datatype: int64
#   description: Unique source identifier
#   meta:
#     ucd: meta.id;meta.main
# - 
#   name: global_ranking
#   datatype: float32
#   description: Number between 0 (worst) and 1 (best)
#   meta:
#     ucd: stat.param
# - 
#   name: reference_time
#   datatype: float64
#   unit: d
#   description: Reference time used for the geometric model fit
#   meta:
#     ucd: time.epoch
# - 
#   name: frequency
#   datatype: float64
#   unit: d**-1
#   description: Frequency of geometric model of the eclipsing binary light curve
#   meta:
#     ucd: src.orbital
# - 
#   name: frequency_error
#   datatype: float32
#   unit: d**-1
#   description: "Uncertainty of \\texttt{frequency}"
#   meta:
#     ucd: stat.error
# - 
#   name: geom_model_reference_level
#   datatype: float32
#   unit: mag
#   description: Magnitude reference level of geometric model
#   meta:
#     ucd: phot.mag;em.opt
# - 
#   name: geom_model_reference_level_error
#   datatype: float32
#   unit: mag
#   description: "Uncertainty of \\texttt{geomModelReferenceLevel}"
#   meta:
#     ucd: stat.error;phot.mag;em.opt
# - 
#   name: geom_model_gaussian1_phase
#   datatype: float32
#   description: Phase of the Gaussian 1 component
#   meta:
#     ucd: time.phase
# - 
#   name: geom_model_gaussian1_phase_error
#   datatype: float32
#   description: "Uncertainty of \\texttt{geomModelGaussian1Phase}"
#   meta:
#     ucd: stat.error;time.phase
# - 
#   name: geom_model_gaussian1_sigma
#   datatype: float32
#   description: "Standard deviation [phase] of Gaussian 1 component"
#   meta:
#     ucd: stat.stdev
# - 
#   name: geom_model_gaussian1_sigma_error
#   datatype: float32
#   description: "Uncertainty of \\texttt{geomModelGaussian1Sigma}"
#   meta:
#     ucd: stat.error
# - 
#   name: geom_model_gaussian1_depth
#   datatype: float32
#   unit: mag
#   description: Magnitude depth of Gaussian 1 component
#   meta:
#     ucd: src.var.amplitude
# - 
#   name: geom_model_gaussian1_depth_error
#   datatype: float32
#   unit: mag
#   description: "Uncertainty of \\texttt{geomModelGaussian1Depth}"
#   meta:
#     ucd: stat.error;src.var.amplitude
# - 
#   name: geom_model_gaussian2_phase
#   datatype: float32
#   description: Phase of Gaussian 2 component
#   meta:
#     ucd: time.phase
# - 
#   name: geom_model_gaussian2_phase_error
#   datatype: float32
#   description: "Uncertainty of \\texttt{geomModelGaussian2Phase}"
#   meta:
#     ucd: stat.error;time.phase
# - 
#   name: geom_model_gaussian2_sigma
#   datatype: float32
[...]
#   datatype: float32
#   description: "Secondary eclipse: uncertainty of \\texttt{derivedSecondaryEclDuration}"
#   meta:
#     ucd: stat.error;time.duration
# - 
#   name: derived_secondary_ecl_depth
#   datatype: float32
#   unit: mag
#   description: "Secondary eclipse: depth"
#   meta:
#     ucd: src.var.amplitude
# - 
#   name: derived_secondary_ecl_depth_error
#   datatype: float32
#   unit: mag
#   description: "Secondary eclipse: uncertainty of \\texttt{derivedSecondaryEclDepth}"
#   meta:
#     ucd: stat.error;src.var.amplitude
solution_id,source_id,global_ranking,reference_time,frequency,frequency_error,geom_model_reference_level,geom_model_reference_level_error,geom_model_gaussian1_phase,geom_model_gaussian1_phase_error,geom_model_gaussian1_sigma,geom_model_gaussian1_sigma_error,geom_model_gaussian1_depth,geom_model_gaussian1_depth_error,geom_model_gaussian2_phase,geom_model_gaussian2_phase_error,geom_model_gaussian2_sigma,geom_model_gaussian2_sigma_error,geom_model_gaussian2_depth,geom_model_gaussian2_depth_error,geom_model_cosine_half_period_amplitude,geom_model_cosine_half_period_amplitude_error,geom_model_cosine_half_period_phase,geom_model_cosine_half_period_phase_error,model_type,num_model_parameters,reduced_chi2,derived_primary_ecl_phase,derived_primary_ecl_phase_error,derived_primary_ecl_duration,derived_primary_ecl_duration_error,derived_primary_ecl_depth,derived_primary_ecl_depth_error,derived_secondary_ecl_phase,derived_secondary_ecl_phase_error,derived_secondary_ecl_duration,derived_secondary_ecl_duration_error,derived_secondary_ecl_depth,derived_secondary_ecl_depth_error
[from data line 38]
375316653866487564,4110644449517761408,0.48566517,2288.812102705309,0.4453383601609897,1.0370586E-4,19.448038,0.01632322,0.29466802,0.0050812527,0.053367265,0.010203745,0.26565552,0.06530822,0.7057228,0.026115227,0.09539685,0.02201727,0.15974446,0.023869079,null,null,null,null,"TWOGAUSSIANS",8,1.935953,0.29467803,0.005080093,0.29885668,0.057140976,0.2655262,0.06544026,0.7057228,0.026115227,0.4,0.0,0.15960027,0.023705771
375316653866487564,4110644513889460864,0.5310263,2296.054475985133,1.825886652464789,1.8393392E-5,17.968035,0.01199527,0.78822887,0.00415234,0.06450883,0.06468079,0.014076537,0.028279234,null,null,null,null,null,null,0.12756631,0.014139389,0.78822887,0.00415234,"ONEGAUSSIAN_WITH_ELLIPSOIDAL",6,7.3858633,0.78822887,0.00415234,0.36124945,0.2431837,0.26920098,0.0112632485,null,null,null,null,null,null
375316653866487564,4110644793114877952,0.47411078,2268.586744949582,1.9953551601546582,2.0027208E-5,19.461344,0.28212357,0.3669218,0.010527473,0.12751882,0.063602045,0.4016439,0.26981503,0.86383134,0.008456238,0.10085622,0.03388847,0.4238776,0.25685373,null,null,null,null,"TWOGAUSSIANS",8,5.347618,0.86383134,0.008456238,0.4,0.0,0.35225022,0.052929148,0.3669218,0.010537339,0.4,0.0,0.3296504,0.049957275
375316653866487564,4110644896201764480,0.5255724,2293.3230486599364,1.870411259426983,5.4068903E-5,19.115152,0.029763356,0.27046424,0.021167375,0.06798601,0.019819986,0.4414041,0.043588042,0.75962377,0.008526551,0.07429764,0.011558992,0.46741855,0.029134996,null,null,null,null,"TWOGAUSSIANS",8,7.7198887,0.75962377,0.008526551,0.4,0.02385469,0.46597528,0.027988324,0.27046424,0.021167375,0.38072166,0.10253927,0.43996084,0.04335229
375316653866487564,4110645342877905408,0.5261383,2320.5819346527855,2.277664288636383,1.3193487E-5,19.074444,0.036058176,0.17197305,0.013471027,0.104289934,0.021540044,0.26694125,0.038916014,0.68188155,0.0036941816,0.09389325,0.013275146,0.27163687,0.037274677,null,null,null,null,"TWOGAUSSIANS",8,1.5986739,0.68188155,0.0036952402,0.4,0.0,0.25201824,0.0272816,0.17197305,0.013471027,0.4,0.0,0.24731706,0.014084081
375316653866487564,4110645411589754240,0.52156425,2283.387054214387,1.3103562595372718,1.5975726E-5,19.195606,0.01248777,0.25296476,0.0072971317,0.0575811,0.008445264,0.21230477,0.022177622,0.7370323,0.0032238537,0.07401211,0.0064780978,0.4253564,0.031068359,null,null,null,null,"TWOGAUSSIANS",8,4.034872,0.7370323,0.0032238537,0.4,0.0044975784,0.42507082,0.03117226,0.25296476,0.0072971317,0.32245418,0.047293477,0.2120192,0.022372674
375316653866487564,4110645411597402624,0.51214886,2346.6835321547323,2.1566767460005596,1.9861676E-5,18.86493,0.009589396,0.24678996,0.00776461,0.080018975,0.008518013,0.26523423,0.03472877,0.7553021,0.0076409816,0.081287034,0.011332611,0.27171215,0.028489593,null,null,null,null,"TWOGAUSSIANS",8,2.7054446,0.7553021,0.0076409816,0.4,0.0,0.26798,0.030811112,0.24678996,0.00776461,0.4,0.0,0.2615021,0.03563064
375316653866487564,4110645720834965632,0.5133315,2294.1748650566087,0.09094173285067447,6.6575158E-6,18.820938,0.01859,0.32616132,9.333907E-4,0.011196846,0.0012422182,0.6398663,0.117964506,0.6689086,0.09540023,0.035464063,0.011782295,0.14054568,0.0356656,0.04043078,0.037425853,0.32616132,9.333907E-4,"TWOGAUSSIANS_WITH_ELLIPSOIDAL_ON_ECLIPSE1",9,5.8566804,0.32616132,9.333907E-4,0.062702335,0.006956422,0.72072786,0.1528777,0.6732086,0.099297285,0.19859874,0.06598085,0.16603547,0.05464782
375316653866487564,4110646785980023296,0.46611667,2319.881842040203,1.2368744004651822,3.640757E-5,19.410488,0.016758708,0.21502931,0.0064007696,0.027200826,0.004895761,0.43126616,0.052108843,0.6469826,0.008602022,0.05711138,0.0076147313,0.53228426,0.13072562,null,null,null,null,"TWOGAUSSIANS",8,4.5132813,0.6469826,0.008602022,0.3198237,0.042642493,0.53228426,0.13072562,0.21502931,0.0064007696,0.15232462,0.027416263,0.43126616,0.052108843
375316653866487564,4110646854706891776,0.481253,2359.679086313607,2.23989478076215,4.574205E-5,18.504921,0.014574486,0.27245393,0.007369094,0.08074513,0.009660743,0.19474496,0.026625475,0.6715215,0.020468662,0.08250905,0.029794792,0.07339295,0.032523524,null,null,null,null,"TWOGAUSSIANS",8,1.8019624,0.27245393,0.0073604295,0.4,0.0,0.19447654,0.026307473,0.6715215,0.020468662,0.4,0.01654085,0.07312489,0.032460548
375316653866487564,4110646884711962880,0.49033576,2327.82200429353,1.723814159974908,4.717364E-5,18.925749,0.020928262,0.24129187,0.015241009,0.07632199,0.022529203,0.102983944,0.029450191,0.746597,0.011873584,0.08367844,0.019749537,0.14767821,0.02208879,null,null,null,null,"TWOGAUSSIANS",8,1.8009931,0.746597,0.011873584,0.4,0.0,0.14598398,0.017149717,0.24129187,0.015241009,0.4,0.032640927,0.10128971,0.0266264
375316653866487564,4110646992145879680,0.49614966,2301.431104902566,1.702526856018417,3.7561174E-5,19.301062,0.051298443,0.18398736,0.015146983,0.08296948,0.02049359,0.30209082,0.04299773,0.67060417,0.008909114,0.1008932,0.018405467,0.3789982,0.06080635,null,null,null,null,"TWOGAUSSIANS",8,4.691417,0.67060417,0.008909114,0.4,0.0,0.36518896,0.054181132,0.18398736,0.015150448,0.4,3.1533078E-4,0.28828585,0.026887378
375316653866487564,4110647679370440192,0.47972402,2301.230077076646,1.0438096236169687,9.129836E-5,17.956194,0.0079750335,0.37483144,0.067014985,0.055777453,0.03817616,0.18974541,0.07104166,0.79812545,0.023639573,0.042145886,0.030062491,0.03248154,0.054439355,null,null,null,null,"TWOGAUSSIANS",8,4.753991,0.37483144,0.067014985,0.31235373,0.092673734,0.18974541,0.07103743,0.79812545,0.023639573,0.23601696,0.16834995,0.032481536,0.054453433
375316653866487564,4110647954248292352,0.53159237,2257.0709662076392,2.6770720700035184,3.3836342E-5,19.02137,0.013692665,0.12471308,0.0029292933,0.079678595,0.0037380785,0.38603002,0.016333265,0.6328155,0.006292078,0.08340865,0.010003482,0.360275,0.02495974,null,null,null,null,"TWOGAUSSIANS",8,2.6168027,0.12471308,0.0029292933,0.4,0.0,0.38021708,0.01433548,0.6328155,0.006292078,0.4,0.0,0.35446203,0.026181648
375316653866487564,4110648435247927168,0.4892001,2268.9040020306074,2.7871642293090795,5.157069E-5,19.541565,0.024039462,0.2579593,0.03482436,0.06543808,0.024935298,0.38849163,0.064367436,0.76332206,0.00536096,0.054750092,0.006597493,0.40513274,0.034735315,null,null,null,null,"TWOGAUSSIANS",8,7.3108115,0.76332206,0.00536096,0.3066005,0.036945958,0.40501854,0.034693748,0.2579593,0.03482436,0.36645323,0.13963766,0.38837746,0.06435966
375316653866487564,4110648637075660288,0.47775,2294.5912357433153,1.8906868830194565,5.1468567E-5,19.01386,0.022772834,0.2091116,0.004286295,0.082938775,0.015700605,0.115905285,0.024019673,0.7145036,0.02059477,0.090234585,0.031050265,0.12853338,0.02065968,null,null,null,null,"TWOGAUSSIANS",8,1.7839519,0.7145036,0.02059477,0.4,0.0,0.12507635,0.015715245,0.2091116,0.0042835833,0.4,0.0,0.11244831,0.01743842
375316653866487564,4110649500460075776,0.46416846,2259.2979028762625,0.19421335987223154,2.145758E-4,19.23865,0.06490468,0.307211,0.01794133,0.09006683,0.03389188,0.5778344,0.11088564,0.785237,0.01636769,0.078851,0.011782898,1.1154175,0.26825857,null,null,null,null,"TWOGAUSSIANS",8,20.034977,0.785237,0.01636769,0.4,0.0,1.1023018,0.26455936,0.307211,0.01794133,0.4,0.043804184,0.56471837,0.1200687
375316653866487564,4110650118882398208,0.48648447,2341.241098130068,1.4536886773274764,1.1463928E-5,19.785604,0.016824326,0.16836679,0.0013986308,0.03748325,0.0046796394,0.23091029,0.017015256,0.7321166,0.0022758553,0.05641837,0.0042714793,0.35337102,0.016345758,null,null,null,null,"TWOGAUSSIANS",8,1.5893755,0.7321166,0.0022758553,0.31594285,0.023920285,0.353371,0.016345736,0.16836679,0.0013986308,0.20990619,0.026205981,0.23091027,0.01701524
375316653866487564,4110650806069931392,0.4419964,2263.3080005807738,0.4114225740664038,5.7755118E-5,18.63474,0.14163119,0.41334867,0.029565208,0.1598006,0.12137925,0.24822743,0.10251209,0.91003495,0.006391086,0.07820666,0.027845815,0.15619467,0.12947287,null,null,null,null,"TWOGAUSSIANS",8,9.288039,0.41334867,0.029565208,0.4,0.015990423,0.20535308,0.04541913,0.91003495,0.0064495425,0.4,0.090543,0.11704274,0.07249825
375316653866487564,4110650840429658240,0.47254258,2281.165313132775,3.6324886120045847,3.856815E-5,19.342289,0.05602867,0.18682185,0.008918385,0.09412217,0.02409221,0.25497115,0.051024396,0.68987167,0.009994998,0.10830595,0.0241967,0.2910793,0.050856516,null,null,null,null,"TWOGAUSSIANS",8,4.070354,0.68987167,0.009994998,0.4,0.0,0.26617748,0.026883392,0.18682185,0.008926877,0.4,0.0,0.23008277,0.027657924
375316653866487564,4110650840466415616,0.52336335,2300.3667471580475,0.9568483947279377,1.1448029E-5,18.776337,0.024815684,0.2732117,0.0041616787,0.09954003,0.013138656,0.30911142,0.023463132,0.7737454,0.0034154954,0.09772548,0.011515678,0.36604968,0.022565132,null,null,null,null,"TWOGAUSSIANS",8,2.9358287,0.7737454,0.0034154954,0.4,0.0,0.33919123,0.031372257,0.2732117,0.0041616787,0.4,0.0,0.28225243,0.028843822
375316653866487564,4110651012228603264,0.47495776,2244.348557340374,1.7310107561821013,3.981576E-5,19.521475,0.030035803,0.1248178,0.011916096,0.08274517,0.021587992,0.2634715,0.03790565,0.6086931,0.009400242,0.097364865,0.009799103,0.60255605,0.044487946,null,null,null,null,"TWOGAUSSIANS",8,7.427695,0.6086931,0.009400242,0.4,0.0,0.58912575,0.038133852,0.1248178,0.011923719,0.4,0.0,0.25004432,0.038758907
375316653866487564,4110651046588374784,0.4809839,2209.079864979107,3.761523049296135,1.797292E-5,19.289131,0.056039732,0.24277304,0.00800144,0.08152027,0.013291538,0.61678827,0.080148496,0.69735557,0.0141230365,0.060873315,0.029657954,0.5892611,0.17392161,null,null,null,null,"TWOGAUSSIANS",8,23.009132,0.24277304,0.00800144,0.4,0.0,0.61600846,0.07940754,0.69735557,0.0141230365,0.3408906,0.12140471,0.5884814,0.17575857
375316653866487564,4110651115307719552,0.4849987,2299.6067659976034,3.5270293958988432,2.8747718E-5,18.862713,0.016813686,0.25403523,0.007099473,0.07763528,0.013620605,0.29017594,0.048762985,0.73165053,0.008284358,0.08782965,0.012396104,0.28618914,0.075925246,null,null,null,null,"TWOGAUSSIANS",8,7.011255,0.25403523,0.007099473,0.4,0.0,0.2862384,0.050229695,0.73165053,0.008284358,0.4,0.0,0.2822515,0.07717334
375316653866487564,4110651557636913280,0.5929658,2308.8460804457472,0.8091146160150374,6.127051E-6,18.323828,0.005809372,0.18429543,0.0070176767,0.05798718,0.009910155,0.08654063,0.025288215,0.6901497,0.0011278659,0.041484836,9.250143E-4,0.74634916,0.0204779,null,null,null,null,"TWOGAUSSIANS",8,4.437472,0.6901497,0.0011278659,0.23231508,0.00518008,0.7463482,0.020477781,0.18429543,0.0070176767,0.3247282,0.055496868,0.08653965,0.025289122
375316653866487564,4110651935593641600,0.5569984,2362.87885755254,0.7636096566609173,5.232612E-6,18.103237,0.0097780395,0.21061833,0.037424643,0.012838383,0.027218828,0.092358455,0.04512734,0.73706746,0.0010527661,0.04681415,0.0016351743,0.480957,0.008400371,null,null,null,null,"TWOGAUSSIANS",8,10.620787,0.73706746,0.0010527661,0.26215923,0.009156976,0.480957,0.0084003685,0.21061833,0.037424643,0.07189494,0.15242544,0.092358455,0.045127347
375316653866487564,4110652386627873408,0.48054388,2297.098406752213,0.1942501159687376,1.5420299E-5,19.137352,0.24903367,0.38791892,0.0690456,0.17641145,0.13069631,0.3620163,0.22477521,0.8676765,0.034720704,0.12865691,0.0335443,0.42780992,0.21938242,null,null,null,null,"TWOGAUSSIANS",8,2.5318475,0.8676765,0.034720704,0.4,0.0,0.26464292,0.011485582,0.3886389,0.06940861,0.4,0.0,0.18573295,0.03056711
375316653866487564,4110652627146130688,0.44866753,2256.6637137331772,0.3341094165740508,5.126601E-4,19.767433,0.08595565,0.22106995,0.012868804,0.06734846,0.025682159,0.3270954,0.27838698,0.79988956,0.010963507,0.08189413,0.032250278,0.23485634,0.086936675,null,null,null,null,"TWOGAUSSIANS",8,2.4242687,0.22106995,0.012833006,0.37715137,0.0977717,0.3268025,0.27751306,0.79988956,0.010968535,0.4,0.0,0.23456301,0.079629414
375316653866487564,4110652764578279040,0.46424145,2284.6676438580776,0.18397317844363853,1.2655083E-4,19.067421,0.054920144,0.5523577,0.0131703215,0.21234003,0.062582,0.19765402,0.040724117,0.9321652,0.0029500902,0.017945562,0.0027618299,0.22264433,0.062474728,null,null,null,null,"TWOGAUSSIANS",8,2.593587,0.9321652,0.0029500902,0.100495145,0.015466248,0.24062599,0.0629099,0.5523577,0.0131703215,0.4,0.0,0.172947,0.03296367
375316653866487564,4110652798944866560,0.5333171,2297.2483736322174,4.435727359954726,4.8720092E-5,19.875896,0.032796867,0.054242957,0.014432824,0.02824468,0.011989818,0.098272935,0.12873444,0.45566827,0.011092372,0.1425779,0.0130702285,0.45916772,0.037579797,null,null,null,null,"TWOGAUSSIANS",8,2.084554,0.45566827,0.011092372,0.4,0.0,0.45709273,0.035178646,0.055662956,0.013889891,0.15817021,0.06714298,0.105109885,0.12922402
375316653866487564,4110652863306613760,0.5829018,2312.3103680086638,2.3233168071726924,8.960581E-6,16.949608,0.016882414,0.12869926,0.001817483,0.094454184,0.0050900984,0.3672902,0.015316586,0.6379296,0.0053175334,0.09685029,0.0089160465,0.3571841,0.022047592,null,null,null,null,"TWOGAUSSIANS",8,11.641288,0.12869926,0.001817483,0.4,0.0,0.34633952,0.007872811,0.6379296,0.0053175334,0.4,0.0,0.33623284,0.023792865
375316653866487564,4110654207687217280,0.49487334,2304.08269543484,0.21465842190244322,1.7244038E-5,18.998594,0.014878486,0.37866583,0.012362797,0.046140816,0.017658485,0.18719406,0.0383423,0.85715145,0.013727332,0.031376448,0.012250825,1.9137772,3.155448,null,null,null,null,"TWOGAUSSIANS",8,4.482138,0.85715145,0.013727332,0.17570812,0.06860462,1.9137772,3.155448,0.37866583,0.012362797,0.25838858,0.09888752,0.18719406,0.038342305
375316653866487564,4110654310766544000,0.48746604,2279.1085071486796,2.0791723076581268,6.1000555E-5,19.571259,0.024043074,0.2699575,0.029127106,0.07877669,0.029465377,0.32648537,0.053244904,0.7804716,0.008817423,0.0727006,0.006984605,0.43650037,0.03535792,null,null,null,null,"TWOGAUSSIANS",8,3.8582113,0.7804716,0.008817423,0.4,0.010857524,0.4339421,0.032819368,0.2699575,0.029127106,0.4,0.09796055,0.3239271,0.057437606
375316653866487564,4110654443855016064,0.6700401,2275.7586090582845,0.9389318104255415,2.3559746E-6,16.255209,0.0049405694,0.27310064,0.006466217,0.06717059,0.0037351863,0.2777332,0.060456645,0.75477433,8.360451E-4,0.05000353,0.0024200443,0.1858472,0.013893177,0.0954092,0.006794599,0.75477433,8.360451E-4,"TWOGAUSSIANS_WITH_ELLIPSOIDAL_ON_ECLIPSE2",9,3.908006,0.26951063,0.0053251735,0.3761553,0.020917043,0.46642786,0.060379874,0.75477433,8.360451E-4,0.28001976,0.013552248,0.37656948,0.009682622
375316653866487564,4110655272839459456,0.47594696,2279.4136987974766,1.3471447515958084,2.4787585E-5,18.90627,0.14837031,0.22818124,0.025131242,0.08467347,0.06767957,0.29512373,0.14628272,0.75013906,0.0067067756,0.09112669,0.023869721,0.56066144,0.13067581,null,null,null,null,"TWOGAUSSIANS",8,19.371796,0.75013906,0.00671657,0.4,0.0,0.5506892,0.07001937,0.22818124,0.025125032,0.4,0.07640192,0.2851521,0.107722096
375316653866487564,4110655307199214848,0.58210236,2342.258809261707,1.647211100618911,4.2361316E-5,19.46021,0.012639943,0.29715466,0.008274625,0.063498095,0.009605842,0.64648736,0.1095965,0.78905356,0.0053731,0.09398456,0.009393291,0.24097773,0.0348727,null,null,null,null,"TWOGAUSSIANS",8,0.8744724,0.29715466,0.008274625,0.3555893,0.05252956,0.6427119,0.11318806,0.78905356,0.0053731,0.4,0.0,0.23720188,0.036172688
