Gaia/vari_eclipsing_binary/VariEclipsingBinary_528850-528870.csv
# %ECSV 1.0
# ---
# delimiter: ','
# meta: !!omap
# - RELEASE: Gaia DR3
# - TABLE: vari_eclipsing_binary
# - DESCRIPTION: >
#     This table describes the properties of the eclipsing binaries resulting from the variability analysis. 
# - CITATION: >
#     How to cite and acknowledge Gaia: 
#     https://gea.esac.esa.int/archive/documentation/credits.html 
# - KNOWN_ISSUES: >
#     Known issues: 
#     https://www.cosmos.esa.int/web/gaia-users/known-issues 
# - DOCUMENTATION: >
#     Tutorials and documentation: 
#     https://www.cosmos.esa.int/web/gaia-users/archive 
# datatype:
# - 
#   name: solution_id
#   datatype: int64
#   description: Solution Identifier
#   meta:
#     ucd: meta.version
# - 
#   name: source_id
#   datatype: int64
#   description: Unique source identifier
#   meta:
#     ucd: meta.id;meta.main
# - 
#   name: global_ranking
#   datatype: float32
#   description: Number between 0 (worst) and 1 (best)
#   meta:
#     ucd: stat.param
# - 
#   name: reference_time
#   datatype: float64
#   unit: d
#   description: Reference time used for the geometric model fit
#   meta:
#     ucd: time.epoch
# - 
#   name: frequency
#   datatype: float64
#   unit: d**-1
#   description: Frequency of geometric model of the eclipsing binary light curve
#   meta:
#     ucd: src.orbital
# - 
#   name: frequency_error
#   datatype: float32
#   unit: d**-1
#   description: "Uncertainty of \\texttt{frequency}"
#   meta:
#     ucd: stat.error
# - 
#   name: geom_model_reference_level
#   datatype: float32
#   unit: mag
#   description: Magnitude reference level of geometric model
#   meta:
#     ucd: phot.mag;em.opt
# - 
#   name: geom_model_reference_level_error
#   datatype: float32
#   unit: mag
#   description: "Uncertainty of \\texttt{geomModelReferenceLevel}"
#   meta:
#     ucd: stat.error;phot.mag;em.opt
# - 
#   name: geom_model_gaussian1_phase
#   datatype: float32
#   description: Phase of the Gaussian 1 component
#   meta:
#     ucd: time.phase
# - 
#   name: geom_model_gaussian1_phase_error
#   datatype: float32
#   description: "Uncertainty of \\texttt{geomModelGaussian1Phase}"
#   meta:
#     ucd: stat.error;time.phase
# - 
#   name: geom_model_gaussian1_sigma
#   datatype: float32
#   description: "Standard deviation [phase] of Gaussian 1 component"
#   meta:
#     ucd: stat.stdev
# - 
#   name: geom_model_gaussian1_sigma_error
#   datatype: float32
#   description: "Uncertainty of \\texttt{geomModelGaussian1Sigma}"
#   meta:
#     ucd: stat.error
# - 
#   name: geom_model_gaussian1_depth
#   datatype: float32
#   unit: mag
#   description: Magnitude depth of Gaussian 1 component
#   meta:
#     ucd: src.var.amplitude
# - 
#   name: geom_model_gaussian1_depth_error
#   datatype: float32
#   unit: mag
#   description: "Uncertainty of \\texttt{geomModelGaussian1Depth}"
#   meta:
#     ucd: stat.error;src.var.amplitude
# - 
#   name: geom_model_gaussian2_phase
#   datatype: float32
#   description: Phase of Gaussian 2 component
#   meta:
#     ucd: time.phase
# - 
#   name: geom_model_gaussian2_phase_error
#   datatype: float32
#   description: "Uncertainty of \\texttt{geomModelGaussian2Phase}"
#   meta:
#     ucd: stat.error;time.phase
# - 
#   name: geom_model_gaussian2_sigma
#   datatype: float32
[...]
#   datatype: float32
#   description: "Secondary eclipse: uncertainty of \\texttt{derivedSecondaryEclDuration}"
#   meta:
#     ucd: stat.error;time.duration
# - 
#   name: derived_secondary_ecl_depth
#   datatype: float32
#   unit: mag
#   description: "Secondary eclipse: depth"
#   meta:
#     ucd: src.var.amplitude
# - 
#   name: derived_secondary_ecl_depth_error
#   datatype: float32
#   unit: mag
#   description: "Secondary eclipse: uncertainty of \\texttt{derivedSecondaryEclDepth}"
#   meta:
#     ucd: stat.error;src.var.amplitude
solution_id,source_id,global_ranking,reference_time,frequency,frequency_error,geom_model_reference_level,geom_model_reference_level_error,geom_model_gaussian1_phase,geom_model_gaussian1_phase_error,geom_model_gaussian1_sigma,geom_model_gaussian1_sigma_error,geom_model_gaussian1_depth,geom_model_gaussian1_depth_error,geom_model_gaussian2_phase,geom_model_gaussian2_phase_error,geom_model_gaussian2_sigma,geom_model_gaussian2_sigma_error,geom_model_gaussian2_depth,geom_model_gaussian2_depth_error,geom_model_cosine_half_period_amplitude,geom_model_cosine_half_period_amplitude_error,geom_model_cosine_half_period_phase,geom_model_cosine_half_period_phase_error,model_type,num_model_parameters,reduced_chi2,derived_primary_ecl_phase,derived_primary_ecl_phase_error,derived_primary_ecl_duration,derived_primary_ecl_duration_error,derived_primary_ecl_depth,derived_primary_ecl_depth_error,derived_secondary_ecl_phase,derived_secondary_ecl_phase_error,derived_secondary_ecl_duration,derived_secondary_ecl_duration_error,derived_secondary_ecl_depth,derived_secondary_ecl_depth_error
375316653866487564,4651813902208254336,0.43235698,2183.491892065957,1.4752462020221937,4.635874E-5,18.960371,0.10013872,0.277273,0.01438589,0.105589226,0.01996072,0.1461324,0.06289807,0.81967676,0.018550439,0.1759414,0.1035903,0.11583342,0.097122446,null,null,null,null,"TWOGAUSSIANS",8,2.537279,0.273913,0.009889932,0.4,0.0,0.11364123,0.013866627,0.81980675,0.018374834,0.4,0.0,0.07835116,0.011301654
375316653866487564,4651814069703784704,0.52816516,2194.3604942782754,0.6320982567695422,8.834803E-5,19.463367,0.0032261503,0.22403364,7.825295E-4,0.012570859,0.0016953695,0.079543725,0.005200605,0.7441657,0.03722732,0.025071084,0.024717549,0.5199076,2757.8079,null,null,null,null,"TWOGAUSSIANS",8,1.4857775,0.7441657,0.03722732,0.14039807,0.13841827,0.5199076,2757.8079,0.22403364,7.825295E-4,0.07039681,0.009494069,0.079543725,0.005200605
375316653866487564,4651814074006927232,0.4866466,2183.1970876261676,2.0869073051449467,2.2429136E-5,17.886742,0.0041528475,0.2978711,0.016646074,0.060858794,0.030902183,0.08596236,0.008833897,0.7735807,0.0064855525,0.05537633,0.015028481,0.050791513,0.009076252,null,null,null,null,"TWOGAUSSIANS",8,1.7838929,0.2978711,0.016646074,0.34080926,0.092907496,0.08595726,0.008885749,0.7735807,0.0064855525,0.31010744,0.0841595,0.05078641,0.009089512
375316653866487564,4651814894425512192,0.4850439,2199.5923335836947,0.9703315551039374,3.726394E-5,19.645542,0.0058625937,0.27617115,0.0069181575,0.029171329,0.0044915387,0.38889235,0.09003024,0.7157205,0.02321052,0.023231283,0.015594073,0.08859258,0.23381282,null,null,null,null,"TWOGAUSSIANS",8,1.6667706,0.27617115,0.0069181575,0.16335945,0.025152616,0.38889235,0.09003024,0.7157205,0.02321052,0.13009518,0.08732681,0.08859258,0.23381282
375316653866487564,4651815203550928256,0.5461465,2212.5660429769,0.9157664434737938,9.074491E-6,17.821398,0.006531145,0.3048771,0.006858745,0.034659963,0.011230061,0.107490845,0.029896418,0.81399095,0.011947031,0.0525311,0.019863185,0.16123453,0.08009541,0.046697624,0.008217202,0.3048771,0.006858745,"TWOGAUSSIANS_WITH_ELLIPSOIDAL_ON_ECLIPSE1",9,3.1556904,0.81399095,0.011947031,0.29417416,0.11123383,0.25432265,0.0806051,0.3048771,0.006858745,0.19409579,0.06288834,0.2008849,0.02760974
375316653866487564,4651815723239102976,0.4850832,2205.3238248073885,0.6126719208741178,3.1366446E-5,17.229967,0.008890463,0.21557577,0.0049576103,0.052066952,0.009902479,0.3626126,0.08790946,0.74960893,0.0069189435,0.025868231,0.025340993,0.6174967,4481162.5,null,null,null,null,"TWOGAUSSIANS",8,47.10938,0.74960893,0.0069189435,0.1448621,0.14190955,0.6174967,4481162.5,0.21557577,0.0049576103,0.29157493,0.05545388,0.3626126,0.08790946
375316653866487564,4651815890746145920,0.5969513,2212.6770413028003,0.7381048981302685,1.6936272E-5,19.132555,0.0076724607,0.15102984,0.0037081188,0.038338073,0.00441266,0.12591669,0.01212487,0.648648,0.009994813,0.033216238,0.0064773657,0.845191,0.050638124,null,null,null,null,"TWOGAUSSIANS",8,3.5642598,0.648648,0.009994813,0.18601093,0.03627325,0.845191,0.050638124,0.15102984,0.0037081188,0.2146932,0.024710895,0.12591669,0.01212487
375316653866487564,4651816234342333568,0.44973865,2208.5500438697445,0.500466427372842,6.589752E-5,19.52187,0.21739484,0.34045148,0.09609286,0.04172687,0.19472279,0.076085456,0.40427297,0.73979,0.03151517,0.08303884,0.06158509,0.15059263,0.1746761,null,null,null,null,"TWOGAUSSIANS",8,2.372726,0.73979,0.03151517,0.4,0.0,0.15059052,0.031772964,0.34045148,0.09412841,0.23367046,0.5161385,0.076084785,0.3725513
375316653866487564,4651816650987271040,0.52120453,2224.9370759033714,0.87755693184824,3.0746618E-5,18.813215,0.0063832127,0.34228414,0.02627532,0.03284476,0.016271684,0.36547163,0.10278982,0.83291674,0.020358497,0.032162912,0.013241552,0.23861526,0.07023557,null,null,null,null,"TWOGAUSSIANS",8,5.1320305,0.34228414,0.02627532,0.18393067,0.091121435,0.36547163,0.10278982,0.83291674,0.020358497,0.1801123,0.07415269,0.23861526,0.07023557
375316653866487564,4651817131988400768,0.43426305,2205.8764552580024,0.44305329061602466,2.1335069E-5,19.223866,0.42110872,0.15860085,0.016374081,0.16290689,0.1386407,0.3021188,0.41745445,0.6889039,0.010103888,0.048488848,0.018877845,0.50905704,0.27815333,null,null,null,null,"TWOGAUSSIANS",8,8.887997,0.68915397,0.009726727,0.27153754,0.10571594,0.4910313,0.22577506,0.15860085,0.016374081,0.4,0.0,0.27784383,0.21095012
375316653866487564,4651817162141960448,0.4389888,2188.0038399628147,0.4849100625435487,2.7181652E-5,19.053915,0.08328012,0.19618717,0.0057603274,0.067405365,0.007384775,0.23806857,0.03757207,0.6667348,0.03192679,0.23525938,0.12506637,0.13029784,0.07934999,null,null,null,null,"TWOGAUSSIANS",8,3.803939,0.19718716,0.005345271,0.37747005,0.041354742,0.21329898,0.030219413,0.6667348,0.03192679,0.4,0.0,0.07754962,0.011293248
375316653866487564,4651817166383274880,0.4681855,2204.3111852929496,0.05173774198959456,3.138078E-5,19.776926,0.009882178,0.16265711,0.04298509,0.03249375,0.024968607,0.4370884,0.19752724,0.6583303,0.013712815,0.07709775,0.012425951,0.28497508,0.03055545,null,null,null,null,"TWOGAUSSIANS",8,2.787232,0.16265711,0.04298509,0.18196501,0.1398242,0.43707356,0.19755757,0.6583303,0.013712815,0.4,0.0013739057,0.28496024,0.030556716
375316653866487564,4651817540012483328,0.51832426,2174.424359539263,3.4584222869684824,5.2135097E-6,19.693546,0.0043320423,0.13202068,0.012893186,0.014027071,0.007836504,0.07129288,0.018473359,0.6809994,0.0037430832,0.041759685,0.0024171553,0.44744515,0.06897772,null,null,null,null,"TWOGAUSSIANS",8,0.82406145,0.6809994,0.0037430832,0.23385423,0.01353607,0.44744515,0.06897772,0.13202068,0.012893186,0.0785516,0.043884423,0.07129288,0.018473359
375316653866487564,4651817746199319424,0.52376777,2214.9065798624947,0.1588292125489254,3.6495E-5,18.608345,0.00571857,0.3827797,0.004027401,0.052161742,0.0041076476,0.34542364,0.018886877,0.78265464,0.016238522,0.06388007,0.031242669,0.04827223,0.25880387,0.0041315686,0.007877761,0.78265464,0.016238522,"TWOGAUSSIANS_WITH_ELLIPSOIDAL_ON_ECLIPSE2",9,3.9876258,0.3823897,0.0038672208,0.29210576,0.023002826,0.35081384,0.02003325,0.78265464,0.016238522,0.3577284,0.1713379,0.05651383,0.2552522
375316653866487564,4651818158575645696,0.51045024,2219.035154258853,1.1780203276822077,1.5797475E-5,19.117683,0.032098398,0.23215263,0.0049231043,0.08720923,0.013274459,0.34508672,0.06749995,0.73791564,0.006151724,0.11043955,0.021169284,0.20758605,0.02303254,null,null,null,null,"TWOGAUSSIANS",8,2.307731,0.23215263,0.0049284515,0.4,0.0,0.32580397,0.07211098,0.73791564,0.006151724,0.4,0.0,0.18828827,0.01608794
375316653866487564,4651818918695199744,0.43497366,2188.3078225190598,2.5532639761947302,2.204092E-4,18.625044,0.101590864,0.097183056,0.060862374,0.06037512,0.020723624,0.02624783,0.059518863,0.4322228,0.043817535,0.11958197,0.14915521,0.09916777,0.089517616,null,null,null,null,"TWOGAUSSIANS",8,3.8297853,0.4322228,0.043817535,0.4,0.0,0.0990355,0.023611698,0.104643054,0.060419984,0.33810067,0.11605229,0.028243303,0.058701724
375316653866487564,4651819262327159552,0.45564812,2119.4730080676413,1.135001771080494,2.0525127E-5,18.876102,0.008495551,0.28160065,0.06821393,0.064696416,0.086687155,0.025495984,0.031844307,0.66351,0.0030276347,0.009275897,0.0011430053,0.649007,0.24167417,null,null,null,null,"TWOGAUSSIANS",8,1.6329887,0.66351,0.0030276347,0.051945023,0.00640083,0.649007,0.24166948,0.28160065,0.06821393,0.36229995,0.21742734,0.025495984,0.031845685
375316653866487564,4651820464918045056,0.508309,2184.6989713131006,0.5084460171060733,2.0957192E-5,19.321634,0.00417599,0.2730701,0.047869623,0.01919715,0.02909212,0.1536041,0.47814596,0.6131017,0.007386551,0.06644795,0.0031805215,0.34625727,0.02257018,null,null,null,null,"TWOGAUSSIANS",8,1.8511244,0.6131017,0.007386551,0.37210855,0.01781092,0.34625727,0.02257018,0.2730701,0.047869623,0.10750404,0.16291587,0.15360482,0.4781454
375316653866487564,4651821147872901888,0.5227444,2211.4815776411865,1.386215971414882,2.5214205E-5,19.17653,0.06897624,0.27814868,0.01500941,0.1116245,0.027894614,0.43030328,0.034108758,0.7694265,0.0072618104,0.090820014,0.021498311,0.5764222,0.23520246,null,null,null,null,"TWOGAUSSIANS",8,4.1114283,0.7694265,0.0072618104,0.4,0.0,0.5351777,0.26033938,0.27814868,0.01500941,0.4,0.0,0.38901907,0.0726021
375316653866487564,4651821667508785792,0.42554927,2237.589927923427,1.83179997642139,4.821377E-5,19.165512,0.007406016,null,null,null,null,null,null,null,null,null,null,null,null,0.07250265,0.009656621,0.24300694,0.012341438,"ELLIPSOIDAL",4,9.914679,null,null,null,null,null,null,null,null,null,null,null,null
375316653866487564,4651821697652482432,0.48788938,2231.6651292321667,1.8888365735169883,1.3028777E-5,19.004322,0.34553474,0.30540714,0.0065038446,0.13538468,0.05010675,0.3686644,0.30261746,0.8049339,0.0047459705,0.16924447,0.08929929,0.36140445,0.33683595,null,null,null,null,"TWOGAUSSIANS",8,2.3010314,0.30547714,0.006669643,0.4,0.0,0.19066267,0.016699774,0.8049339,0.0047555324,0.4,0.0,0.1750078,0.015894081
375316653866487564,4651821835005415936,0.5226499,2213.2770153123124,0.8227846923196935,5.045038E-5,19.03636,0.020104812,0.2560719,0.011246396,0.039286356,0.016797762,0.51971656,0.15016769,0.7523291,0.0070259976,0.027978966,0.0068644416,0.53957105,0.2268234,0.06355088,0.026499057,0.2560719,0.011246396,"TWOGAUSSIANS_WITH_ELLIPSOIDAL_ON_ECLIPSE1",9,8.35664,0.7523791,0.006967525,0.15668221,0.038440872,0.6666035,0.23177175,0.2560719,0.011246396,0.2200036,0.09406747,0.64681834,0.17117183
375316653866487564,4651822148509787520,0.44924667,2305.2073541560376,0.06723531693861126,1.4891088E-4,18.70007,0.017878052,0.2426189,0.023755968,0.042763785,0.041140523,0.15991895,4.574316,0.74615955,0.011800182,0.074114,0.01636579,0.17672345,0.03177606,null,null,null,null,"TWOGAUSSIANS",8,5.8449802,0.74615955,0.011800182,0.4,0.027458096,0.17669286,0.03167926,0.2426189,0.023755968,0.23947719,0.22970742,0.15988834,4.5744166
375316653866487564,4651822900133271168,0.47822422,2219.8718380580794,0.2146022869898025,1.193187E-5,18.119583,0.004931588,0.2301659,0.14638774,0.058455903,0.024843099,0.49868357,0.5231331,0.6391303,0.001210883,0.005223558,0.001578515,0.03433518,0.010440281,null,null,null,null,"TWOGAUSSIANS",8,5.2139835,0.2301659,0.14638774,0.32735306,0.13118622,0.49868357,0.5231331,0.6391303,0.001210883,0.029251924,0.008839685,0.03433518,0.010440303
375316653866487564,4651823278177225856,0.42479163,2199.5687277799134,4.816738363811548,1.367107E-4,18.902685,0.0048947255,0.27883932,0.031056229,0.10899585,0.021950856,0.043926056,0.009241617,0.5837776,0.041954152,0.029299365,0.023946486,0.18723628,7.348171,null,null,null,null,"TWOGAUSSIANS",8,4.3845706,0.5837776,0.041954152,0.16407645,0.13410033,0.18811107,7.3480263,0.27883932,0.031056229,0.4,0.0,0.043923687,0.009244011
375316653866487564,4651823557295401344,0.4451306,2178.3061691634357,2.9593861903067857,8.8101566E-5,18.745895,0.008237213,0.36198387,0.022646088,0.111694746,0.028593667,0.07435802,0.009400801,0.7992781,0.009186563,0.031490408,0.009274921,0.09433498,0.026958128,null,null,null,null,"TWOGAUSSIANS",8,2.314068,0.7992781,0.009186563,0.17634629,0.05193956,0.09431192,0.026950162,0.36198387,0.022646088,0.4,0.0,0.074299835,0.009238536
375316653866487564,4651823621714728576,0.4767606,2224.238776935521,0.0631838528383574,2.6271526E-5,19.686954,0.014896214,0.33468997,0.025293462,0.12422454,0.019318683,0.172062,0.01766644,0.73738265,0.007792422,0.07856604,0.011821415,0.291345,0.030840829,null,null,null,null,"TWOGAUSSIANS",8,2.5762668,0.73738265,0.007792422,0.4,0.004295135,0.28694847,0.032051254,0.33468997,0.025293894,0.4,0.0,0.16676524,0.015937733
375316653866487564,4651823935218022656,0.43695533,2219.852013376781,2.634673286803297,9.403898E-5,17.317636,0.012930036,0.23665914,0.0094137145,0.0651435,0.020585634,0.07614081,0.03934002,0.58607876,0.015808651,0.047166456,0.015204934,0.14250652,0.024692766,null,null,null,null,"TWOGAUSSIANS",8,17.53744,0.58607876,0.015808651,0.26413214,0.085147634,0.14250655,0.024692858,0.23665914,0.0094137145,0.3648036,0.112979814,0.076140806,0.03934004
375316653866487564,4651824755553833600,0.4801055,2242.8453363565523,1.9812917358573008,1.5201718E-5,18.811625,0.0056536603,0.15038088,0.013237261,0.03905848,0.020019569,0.03905768,0.00991283,0.3336843,0.0024900688,0.021471312,0.0023147035,0.24500716,0.03359268,null,null,null,null,"TWOGAUSSIANS",8,3.5061128,0.3336843,0.0024900688,0.120239355,0.012962339,0.2450078,0.033592768,0.15038088,0.013237261,0.21872748,0.11210958,0.03905768,0.00991283
375316653866487564,4651825133543277312,0.5277446,2192.139488868068,0.12267012541141264,1.0083451E-4,19.334053,0.10303068,0.22123353,9.98605E-4,0.030714685,0.0028686656,1.1121114,0.23865253,0.6623355,0.038508825,0.19024195,0.15208746,0.09674193,0.09619642,null,null,null,null,"TWOGAUSSIANS",8,2.947942,0.22128353,9.250453E-4,0.17200223,0.016064528,1.1114397,0.23911838,0.6623355,0.038508825,0.4,0.0,0.08819642,0.030191438
375316653866487564,4651826684031668608,0.49595106,2238.230768853141,1.022704726402306,1.7484314E-4,18.502241,0.004975086,0.41893622,0.15676297,0.04952741,0.042845137,0.3286413,14.760843,0.76496214,0.025585482,0.013850397,0.009772369,0.01576225,0.011215054,null,null,null,null,"TWOGAUSSIANS",8,3.6925771,0.41893622,0.15676297,0.2773535,0.21777028,0.3286413,14.760843,0.76496214,0.025585482,0.07756222,0.054725263,0.01576225,0.011215091
375316653866487564,4651827233787262336,0.46166453,2237.88077787308,0.3413262288560979,3.2797852E-5,19.747896,0.0120722065,0.23063454,7.859349E-4,0.030287355,0.002504422,0.47189972,0.04933204,0.7046897,0.008453722,0.060748767,0.008033097,0.18679523,0.019178387,null,null,null,null,"TWOGAUSSIANS",8,3.478441,0.23063454,7.859349E-4,0.16960919,0.014024764,0.4718997,0.049332183,0.7046897,0.008453722,0.3401931,0.04498534,0.18679522,0.01917835
375316653866487564,4651827405585954432,0.4236151,2250.385074432116,0.6797932106240842,4.158275E-5,18.034834,0.0051947525,0.25049838,0.005672807,0.016677162,0.0058692205,0.14824711,0.13117786,0.7578958,0.056463,0.07088856,0.044504646,0.04476503,0.01518934,null,null,null,null,"TWOGAUSSIANS",8,4.849274,0.25049838,0.005672807,0.093392104,0.032867637,0.14824711,0.13117787,0.7578958,0.056463,0.3969759,0.23440059,0.04476502,0.015189337
375316653866487564,4651828470703211136,0.46705297,2221.5314932699516,0.6457232389018339,3.0222567E-5,19.06642,0.012586213,0.25198096,0.00583262,0.061442006,0.007702297,0.3191851,0.05291975,0.77332556,0.011455655,0.08255618,0.012770644,0.14973177,0.022905217,null,null,null,null,"TWOGAUSSIANS",8,4.1375594,0.25198096,0.00583262,0.34407523,0.043132864,0.31860867,0.05346153,0.77332556,0.011455655,0.4,0.0,0.1491553,0.022859331
375316653866487564,4651829497200281856,0.4615887,2260.4428436308203,1.3259628475915748,2.0546631E-5,19.397778,0.0075882524,0.26662078,1.7642244E-4,0.011799724,0.0029845368,0.8860101,4.7678533,0.7523408,0.0068385727,0.05586628,0.005632832,0.150448,0.009817019,null,null,null,null,"TWOGAUSSIANS",8,2.2083993,0.26662078,1.7642244E-4,0.066078454,0.016713407,0.8860101,4.7678533,0.7523408,0.0068385727,0.31285116,0.03154386,0.150448,0.009817019
375316653866487564,4651829604609705088,0.58558935,2270.233924407845,0.026115713584532227,3.0437104E-5,18.584871,0.0033979227,0.28868636,0.0034610615,0.014963426,0.0056013116,0.33166996,0.17062438,0.7935831,0.0023355149,0.028354047,0.0039371103,0.20317979,0.040653963,0.09175388,0.0075590527,0.28868636,0.0034610615,"TWOGAUSSIANS_WITH_ELLIPSOIDAL_ON_ECLIPSE1",9,2.2088962,0.28868636,0.0034610615,0.08379518,0.031367343,0.51517755,0.16990049,0.7935831,0.0023355149,0.15878266,0.022047816,0.38651374,0.047099825
