Gaia/vari_eclipsing_binary/VariEclipsingBinary_304000-305414.csv
# %ECSV 1.0
# ---
# delimiter: ','
# meta: !!omap
# - RELEASE: Gaia DR3
# - TABLE: vari_eclipsing_binary
# - DESCRIPTION: >
#     This table describes the properties of the eclipsing binaries resulting from the variability analysis. 
# - CITATION: >
#     How to cite and acknowledge Gaia: 
#     https://gea.esac.esa.int/archive/documentation/credits.html 
# - KNOWN_ISSUES: >
#     Known issues: 
#     https://www.cosmos.esa.int/web/gaia-users/known-issues 
# - DOCUMENTATION: >
#     Tutorials and documentation: 
#     https://www.cosmos.esa.int/web/gaia-users/archive 
# datatype:
# - 
#   name: solution_id
#   datatype: int64
#   description: Solution Identifier
#   meta:
#     ucd: meta.version
# - 
#   name: source_id
#   datatype: int64
#   description: Unique source identifier
#   meta:
#     ucd: meta.id;meta.main
# - 
#   name: global_ranking
#   datatype: float32
#   description: Number between 0 (worst) and 1 (best)
#   meta:
#     ucd: stat.param
# - 
#   name: reference_time
#   datatype: float64
#   unit: d
#   description: Reference time used for the geometric model fit
#   meta:
#     ucd: time.epoch
# - 
#   name: frequency
#   datatype: float64
#   unit: d**-1
#   description: Frequency of geometric model of the eclipsing binary light curve
#   meta:
#     ucd: src.orbital
# - 
#   name: frequency_error
#   datatype: float32
#   unit: d**-1
#   description: "Uncertainty of \\texttt{frequency}"
#   meta:
#     ucd: stat.error
# - 
#   name: geom_model_reference_level
#   datatype: float32
#   unit: mag
#   description: Magnitude reference level of geometric model
#   meta:
#     ucd: phot.mag;em.opt
# - 
#   name: geom_model_reference_level_error
#   datatype: float32
#   unit: mag
#   description: "Uncertainty of \\texttt{geomModelReferenceLevel}"
#   meta:
#     ucd: stat.error;phot.mag;em.opt
# - 
#   name: geom_model_gaussian1_phase
#   datatype: float32
#   description: Phase of the Gaussian 1 component
#   meta:
#     ucd: time.phase
# - 
#   name: geom_model_gaussian1_phase_error
#   datatype: float32
#   description: "Uncertainty of \\texttt{geomModelGaussian1Phase}"
#   meta:
#     ucd: stat.error;time.phase
# - 
#   name: geom_model_gaussian1_sigma
#   datatype: float32
#   description: "Standard deviation [phase] of Gaussian 1 component"
#   meta:
#     ucd: stat.stdev
# - 
#   name: geom_model_gaussian1_sigma_error
#   datatype: float32
#   description: "Uncertainty of \\texttt{geomModelGaussian1Sigma}"
#   meta:
#     ucd: stat.error
# - 
#   name: geom_model_gaussian1_depth
#   datatype: float32
#   unit: mag
#   description: Magnitude depth of Gaussian 1 component
#   meta:
#     ucd: src.var.amplitude
# - 
#   name: geom_model_gaussian1_depth_error
#   datatype: float32
#   unit: mag
#   description: "Uncertainty of \\texttt{geomModelGaussian1Depth}"
#   meta:
#     ucd: stat.error;src.var.amplitude
# - 
#   name: geom_model_gaussian2_phase
#   datatype: float32
#   description: Phase of Gaussian 2 component
#   meta:
#     ucd: time.phase
# - 
#   name: geom_model_gaussian2_phase_error
#   datatype: float32
#   description: "Uncertainty of \\texttt{geomModelGaussian2Phase}"
#   meta:
#     ucd: stat.error;time.phase
# - 
#   name: geom_model_gaussian2_sigma
#   datatype: float32
[...]
#   datatype: float32
#   description: "Secondary eclipse: uncertainty of \\texttt{derivedSecondaryEclDuration}"
#   meta:
#     ucd: stat.error;time.duration
# - 
#   name: derived_secondary_ecl_depth
#   datatype: float32
#   unit: mag
#   description: "Secondary eclipse: depth"
#   meta:
#     ucd: src.var.amplitude
# - 
#   name: derived_secondary_ecl_depth_error
#   datatype: float32
#   unit: mag
#   description: "Secondary eclipse: uncertainty of \\texttt{derivedSecondaryEclDepth}"
#   meta:
#     ucd: stat.error;src.var.amplitude
solution_id,source_id,global_ranking,reference_time,frequency,frequency_error,geom_model_reference_level,geom_model_reference_level_error,geom_model_gaussian1_phase,geom_model_gaussian1_phase_error,geom_model_gaussian1_sigma,geom_model_gaussian1_sigma_error,geom_model_gaussian1_depth,geom_model_gaussian1_depth_error,geom_model_gaussian2_phase,geom_model_gaussian2_phase_error,geom_model_gaussian2_sigma,geom_model_gaussian2_sigma_error,geom_model_gaussian2_depth,geom_model_gaussian2_depth_error,geom_model_cosine_half_period_amplitude,geom_model_cosine_half_period_amplitude_error,geom_model_cosine_half_period_phase,geom_model_cosine_half_period_phase_error,model_type,num_model_parameters,reduced_chi2,derived_primary_ecl_phase,derived_primary_ecl_phase_error,derived_primary_ecl_duration,derived_primary_ecl_duration_error,derived_primary_ecl_depth,derived_primary_ecl_depth_error,derived_secondary_ecl_phase,derived_secondary_ecl_phase_error,derived_secondary_ecl_duration,derived_secondary_ecl_duration_error,derived_secondary_ecl_depth,derived_secondary_ecl_depth_error
[from data line 221]
375316653866487564,2684352979453149952,0.43880755,2355.142815322822,2.1320781833408677,2.3012073E-5,18.001007,0.0047837147,0.26638994,0.018486645,0.026033757,0.012081113,0.16711514,0.12164645,0.6976618,0.01244506,0.016209861,0.014176081,0.048719227,0.12625144,null,null,null,null,"TWOGAUSSIANS",8,10.351537,0.26638994,0.018486645,0.14578904,0.06765423,0.16711514,0.12164645,0.6976618,0.01244506,0.09077522,0.079386055,0.048719227,0.12625144
375316653866487564,2684357450513671424,0.60578763,2385.6738726316307,1.8011695601648554,4.1517187E-6,15.493785,0.0028460298,0.22829254,0.00175464,0.09070709,0.0030981193,0.22987014,0.0073964824,0.7306707,0.0010438458,0.08143175,0.0018613548,0.25752532,0.004285895,null,null,null,null,"TWOGAUSSIANS",8,10.761042,0.7306707,0.0010438458,0.4,0.0,0.25068066,0.0043455656,0.22829254,0.00175464,0.4,0.0,0.22302538,0.007858317
375316653866487564,2684369407702620544,0.5802871,2378.2964451061084,3.7753005870952716,8.460834E-6,16.972239,0.010217313,0.17736864,0.0038000755,0.053747717,0.004053785,0.37697574,0.034406677,0.6831265,0.0013863627,0.051174175,0.0066025318,0.18121937,0.017652338,0.09881535,0.013349308,0.6831265,0.0013863627,"TWOGAUSSIANS_WITH_ELLIPSOIDAL_ON_ECLIPSE2",9,22.360155,0.17797863,0.0033736203,0.3009872,0.022701196,0.5743691,0.029382944,0.6831265,0.0013863627,0.28657538,0.036974177,0.37884367,0.015598407
375316653866487564,2684369575205949184,0.6566099,2403.1281722609624,0.5140243920527233,1.9568083E-6,16.924889,7.0293277E-4,0.43632168,0.026261851,0.03372848,0.015945895,0.0063049234,0.0030922939,0.55610675,3.1421045E-4,0.016071113,3.1675937E-4,0.43683705,0.0073371152,null,null,null,null,"TWOGAUSSIANS",8,1.6930839,0.55610675,3.1421045E-4,0.08999823,0.0017738524,0.43684855,0.0073339795,0.43632168,0.026261851,0.18887947,0.08929701,0.0063049234,0.0030923006
375316653866487564,2684427578739610880,0.548726,2290.6189595123724,0.20672007464977196,1.9461942E-5,10.732535,0.0035437203,0.2299886,0.003684312,0.101971075,0.012941104,0.0857791,0.009027843,0.725895,0.0036360538,0.07429752,0.00470575,0.0961084,0.004243486,null,null,null,null,"TWOGAUSSIANS",8,54.577576,0.725895,0.0036360538,0.4,2.205548E-4,0.09314067,0.003190336,0.2299886,0.003684312,0.4,0.0,0.08281032,0.010415803
375316653866487564,2684440601080458368,0.53438634,2299.6671866884767,3.6862165278451453,2.6582831E-5,15.087385,0.25521404,0.2766061,0.0073699052,0.1520812,0.054072175,0.24114259,0.24374259,0.7638708,0.007998027,0.14851588,0.036365204,0.27116734,0.23061955,null,null,null,null,"TWOGAUSSIANS",8,65.99406,0.7638708,0.007998027,0.4,0.0,0.15425584,0.008248503,0.2777861,0.0067590796,0.4,0.0,0.123941295,0.009691405
375316653866487564,2684456127387423616,0.4639178,2279.2577165950042,0.5862469818683937,5.2108084E-5,18.756433,0.0057916455,0.24928512,0.006938666,0.06363987,0.007110179,0.100685835,0.009390226,0.73358434,0.020465061,0.042530812,0.03079567,0.13849066,0.08785254,null,null,null,null,"TWOGAUSSIANS",8,1.8901832,0.73358434,0.020465061,0.23817256,0.17245574,0.13848898,0.08793977,0.24928512,0.006938666,0.35638326,0.039817,0.10068415,0.009344721
375316653866487564,2684485195726180992,0.61244345,2262.551975541721,0.7680140591663955,6.102835E-5,17.01871,0.0016648953,0.4324306,0.092612974,0.055099733,0.08028415,0.026026327,0.028774986,0.82456833,0.008719365,0.031815797,0.005909764,0.8384629,0.57938004,null,null,null,null,"TWOGAUSSIANS",8,2.2772603,0.82456833,0.008719365,0.17816846,0.033094678,0.8384629,0.57937926,0.4324306,0.092612974,0.3085585,0.28610373,0.026026327,0.028776044
375316653866487564,2684496298216474624,0.47550344,2289.44751023341,2.845327222005265,3.7772006E-5,16.232521,0.31777865,0.2581641,0.007726247,0.14049827,0.10149906,0.14234182,0.3140971,0.7420659,0.013640541,0.1180528,0.03946133,0.16913062,0.21911964,null,null,null,null,"TWOGAUSSIANS",8,28.81889,0.7420659,0.013640541,0.4,0.0,0.12803034,0.009213646,0.2582841,0.0075415103,0.4,0.0,0.10074639,0.005561598
375316653866487564,2684514023546056832,0.5438782,2297.9192495522666,3.7029007535780636,1.9360106E-5,18.197098,0.06362537,0.17303249,0.016999602,0.035200987,0.036810607,0.19126031,0.14045273,0.6688444,0.018924214,0.0530405,0.026796289,0.16817108,0.11706674,0.09331706,0.06251532,0.17303249,0.016999602,"TWOGAUSSIANS_WITH_ELLIPSOIDAL_ON_ECLIPSE1",9,6.5692077,0.17303249,0.016999602,0.19712552,0.20075119,0.37789258,0.045728028,0.6696744,0.016411044,0.2970268,0.13591498,0.3546997,0.051143434
375316653866487564,2684528763873877632,0.47089258,2245.6177188219417,0.2899586625689697,8.416225E-5,19.124187,0.008120183,0.6941545,0.11417242,0.07099191,0.1057433,0.102054864,0.14155981,0.43495756,0.0135704,0.06265786,0.019449966,0.16410668,0.022467146,null,null,null,null,"TWOGAUSSIANS",8,2.8020713,0.43511757,0.013148348,0.35088405,0.102389656,0.16423725,0.02280841,0.6940545,0.115327,0.3975547,0.5587354,0.102086484,0.14115664
375316653866487564,2684566907478829696,0.52570057,2312.7582011362306,1.3124561223728857,1.1024934E-5,15.488881,0.0059727747,0.274898,0.0049035735,0.027327592,0.0101101175,0.09076308,0.29415154,0.7679515,0.016013578,0.046251543,0.022050165,0.04914207,0.013978661,0.018881131,0.006614895,0.274898,0.0049035735,"TWOGAUSSIANS_WITH_ELLIPSOIDAL_ON_ECLIPSE1",9,7.8109827,0.274898,0.0049035735,0.15303451,0.05661666,0.1285253,0.29588377,0.7687515,0.013579805,0.25900862,0.12348092,0.08684066,0.0033003238
375316653866487564,2684577284119883008,0.48880693,2377.4084776788245,2.297814306326974,1.4057357E-5,14.251034,0.0050878003,0.21447761,0.015558611,0.07633854,0.023189195,0.058103926,0.007839341,0.7286296,0.0041732304,0.0948433,0.008894786,0.07147464,0.0048271692,null,null,null,null,"TWOGAUSSIANS",8,39.66364,0.7286296,0.0041732304,0.4,0.0,0.070050225,0.003509111,0.21447761,0.015558611,0.4,0.002914322,0.056679677,0.010772599
375316653866487564,2684581506072943744,0.5700088,2424.9330548094995,2.0621164235366476,3.2496107E-5,15.472266,0.004771431,0.29693457,0.0018897934,0.029891307,0.0015426086,0.70152444,0.038668104,0.79335326,0.002514419,0.027108593,0.0034352653,0.7140776,0.24165548,0.02338718,0.010185779,0.79335326,0.002514419,"TWOGAUSSIANS_WITH_ELLIPSOIDAL_ON_ECLIPSE2",9,191.2516,0.79335326,0.002514419,0.15180811,0.019237485,0.7608519,0.24437304,0.29691458,0.0018812438,0.16739132,0.008638608,0.74827516,0.038475562
375316653866487564,2684601022404572032,0.46509603,2366.9549886248537,2.4679827857813037,2.5973008E-5,19.522697,0.0099004535,0.28142893,0.044515654,0.018777484,0.004546694,0.2780161,0.21581157,0.53304833,0.010037337,0.047998182,0.016692426,0.33175942,0.17496642,null,null,null,null,"TWOGAUSSIANS",8,5.4803443,0.53304833,0.010037337,0.26878983,0.093477584,0.33175942,0.17496642,0.28142893,0.04453504,0.10515392,0.025461486,0.27801645,0.2157783
375316653866487564,2684640639182523264,0.52561307,2294.708233592545,2.6705365412206,1.6659915E-5,9.845205,0.23875086,0.2116175,0.006681179,0.05341739,0.05889408,0.104945034,0.43379354,0.70810825,0.026760237,0.06784995,0.062123854,0.15433264,0.45647585,0.15191293,0.21120933,0.2116175,0.006681179,"TWOGAUSSIANS_WITH_ELLIPSOIDAL_ON_ECLIPSE1",9,496.89853,0.70956826,0.02106351,0.3799597,0.2543601,0.4579282,0.16464418,0.2116175,0.006681179,0.29913738,0.1730502,0.4086267,0.0341626
375316653866487564,2684645827502184448,0.53691787,2241.5692869222994,0.922858755079942,8.084349E-5,17.831728,0.002241444,0.8544871,0.013658632,0.021014865,0.017567812,0.018342754,112096.12,0.65194035,0.04119535,0.034948647,0.023584658,0.20133935,29.112513,null,null,null,null,"TWOGAUSSIANS",8,1.5952817,0.65194035,0.04119535,0.19571242,0.13207409,0.20133935,29.112513,0.8544871,0.013658632,0.11768325,0.098379746,0.018342765,112096.12
375316653866487564,2684649469634557056,0.44030565,2397.885241136395,1.7868159652850468,1.8853707E-5,16.90853,0.009159429,0.2961931,0.0049608094,0.045532536,0.011220588,0.22760919,0.07323995,0.79637706,0.004950063,0.013994628,0.0046915733,0.1488111,0.045681097,null,null,null,null,"TWOGAUSSIANS",8,72.18503,0.2961931,0.0049608094,0.2549822,0.06283529,0.22760919,0.07323995,0.79637706,0.004950063,0.078369915,0.026272811,0.1488111,0.045681097
375316653866487564,2684746024794938368,0.6430186,2366.3898818690427,1.2032610576685527,2.9607813E-6,15.203734,0.0020491357,0.17098558,8.858744E-4,0.03418702,0.0013029879,0.62887603,0.027401607,0.67177415,0.0012526823,0.03700817,0.0017613294,0.17920041,0.006515787,0.0124358935,0.004347747,0.17098558,8.858744E-4,"TWOGAUSSIANS_WITH_ELLIPSOIDAL_ON_ECLIPSE1",9,25.747238,0.17098558,8.858744E-4,0.1914473,0.0072967326,0.65374786,0.027547097,0.67177415,0.0012526823,0.20724575,0.009863445,0.20407158,0.0062655397
375316653866487564,2684767151738505088,0.53415406,2386.7136747534782,1.4222240868559064,8.123855E-6,17.94983,0.0026555774,0.23293874,0.0030829473,0.010158261,0.0018777937,0.06377015,0.011628342,0.3857679,0.0065573407,0.022898175,0.0057973075,0.29779476,0.02378487,null,null,null,null,"TWOGAUSSIANS",8,5.0861998,0.3857679,0.0065573407,0.12822978,0.03246492,0.29779476,0.02378487,0.23293874,0.0030829473,0.056886263,0.010515644,0.06377015,0.01162842
375316653866487564,2684797804920257408,0.4422191,2448.998895757189,2.998098702857289,1.15059374E-4,16.785727,0.013883663,0.2879033,0.0051752124,0.028165782,0.006179669,0.42074326,0.047649525,0.61193216,3.680124E-4,0.012131381,0.0017026946,1.6151153,0.9371783,null,null,null,null,"TWOGAUSSIANS",8,12.960722,0.61193216,3.680124E-4,0.067935735,0.00953509,1.6151153,0.9371783,0.2879033,0.0051752124,0.15772837,0.034606148,0.42074326,0.047649525
375316653866487564,2684817488755406720,0.5519353,2337.807753750386,4.562689561354819,6.0847556E-6,19.031757,0.0064610704,0.33507103,0.0039299955,0.03383096,0.002719155,0.47540113,0.018654337,0.64471835,0.0016510594,0.01806294,0.004583669,0.10242481,0.081069045,null,null,null,null,"TWOGAUSSIANS",8,3.1693273,0.33507103,0.0039299955,0.18945338,0.015227268,0.47540113,0.018654337,0.64471835,0.0016510594,0.10115246,0.025668547,0.10242481,0.081069045
375316653866487564,2684835257035600256,0.5154506,2350.6848659706484,1.3918618782427992,5.2542923E-6,12.671367,0.004149298,0.73232746,0.0037583245,0.049895164,0.0063039972,0.10939859,0.009935695,null,null,null,null,null,null,0.02764937,0.004877992,0.73232746,0.0037583245,"ONEGAUSSIAN_WITH_ELLIPSOIDAL",6,308.9641,0.73232746,0.0037583245,0.27941293,0.035302386,0.16469689,0.009363914,null,null,null,null,null,null
375316653866487564,2684850169161797376,0.5332656,2386.330903335401,4.2483033181616925,1.9300294E-5,19.340334,0.017268693,0.26204142,0.0042958646,0.089616574,0.0066736345,0.36003366,0.017134078,0.7648208,0.0041070282,0.10285069,0.010126959,0.34677222,0.028163275,null,null,null,null,"TWOGAUSSIANS",8,2.2869542,0.26204142,0.0042958646,0.4,0.0,0.3368353,0.012269376,0.7648208,0.0041070282,0.4,0.0,0.32356882,0.03398136
375316653866487564,2684910809805547904,0.5963391,2331.1661368634886,4.263720202995627,6.74358E-6,18.799051,0.0056559425,0.23031448,0.0039839153,0.07042257,0.005344969,0.60781795,0.06339638,0.7329301,0.0017443513,0.06774124,0.0023772777,0.62414265,0.026018715,null,null,null,null,"TWOGAUSSIANS",8,2.313901,0.7329301,0.0017443513,0.37935093,0.013312755,0.62249553,0.02630727,0.23031448,0.0039839153,0.39436638,0.016038828,0.6061708,0.064322166
375316653866487564,2684944276191103744,0.5218763,2361.57030972896,3.894698297370517,1.0420047E-5,17.982845,0.04110151,0.25744286,0.0041918894,0.10998945,0.017673815,0.20754378,0.03728695,0.76442045,0.0043560714,0.119127944,0.02352935,0.15525606,0.039196134,null,null,null,null,"TWOGAUSSIANS",8,2.2638805,0.25742286,0.004185331,0.4,0.0,0.17689025,0.008963665,0.76443046,0.004372653,0.4,0.0,0.124568835,0.006336036
375316653866487564,2684967782546416768,0.48316157,2376.218981150381,3.59522865526405,2.4152865E-5,17.930084,0.007743278,0.6208165,0.0077457717,0.042310726,0.012031525,0.05178336,0.013778627,0.83746123,0.024228618,0.039183937,0.017831286,0.21384162,0.030742716,null,null,null,null,"TWOGAUSSIANS",8,8.9065275,0.83746123,0.024228618,0.21943004,0.0998552,0.21384172,0.030742481,0.6208165,0.0077457717,0.23694006,0.06737654,0.05178341,0.013778678
375316653866487564,2684971592188197504,0.5823069,2348.052370403601,0.5267137469278024,4.470406E-6,18.19947,0.0032768203,0.26706266,4.3807444E-4,0.025337696,4.0985917E-4,0.65581256,0.012210015,0.76406854,0.029281514,0.06306294,0.03293363,0.09882426,0.056574035,null,null,null,null,"TWOGAUSSIANS",8,3.5722375,0.26706266,4.3807444E-4,0.14189109,0.0022952114,0.65581256,0.012209921,0.76406854,0.029281514,0.35315248,0.15674846,0.09882423,0.05657498
375316653866487564,2684983515017148928,0.48657963,2357.8955325186757,4.115066244699532,4.5606448E-5,18.238167,0.0057683056,0.28159767,0.011223174,0.04533641,0.007300415,0.398949,0.021100014,0.7140089,0.023373708,0.04181213,0.010080664,0.043866646,0.022650106,null,null,null,null,"TWOGAUSSIANS",8,2.000733,0.28159767,0.011223174,0.2538839,0.040882327,0.398949,0.021100016,0.7140089,0.023373708,0.23414794,0.05645172,0.043866646,0.022650106
375316653866487564,2685007223230955648,0.58684695,2335.395377742402,3.421985488672815,1.1284059E-5,16.388962,0.016158216,0.20116083,0.0061050337,0.049410947,0.015176602,0.3127623,0.051348645,0.70410305,0.005295112,0.048016928,0.007444714,0.3021892,0.054891482,0.13297394,0.020433838,0.20116083,0.0061050337,"TWOGAUSSIANS_WITH_ELLIPSOIDAL_ON_ECLIPSE1",9,60.359314,0.20116083,0.0061050337,0.2767013,0.084988974,0.5787083,0.04375348,0.70410305,0.0050818752,0.2688948,0.0416904,0.56804436,0.056759678
375316653866487564,2685007291950038528,0.54971176,2362.0587475206707,3.3830559370317212,1.1143564E-5,18.237776,0.038381763,0.16721883,0.0039245244,0.11411177,0.0148592405,0.2360922,0.035925988,0.69023925,0.0054988717,0.108232826,0.024288647,0.22324619,0.026535723,null,null,null,null,"TWOGAUSSIANS",8,2.2654889,0.16718884,0.003852963,0.4,0.0,0.20722754,0.010683527,0.6902993,0.0055874656,0.4,0.0,0.19441056,0.018939134
375316653866487564,2685027804713843840,0.58413196,2379.4234217165185,0.9576434058377086,1.315032E-5,18.570927,0.00392203,0.18993875,0.084658965,0.04334484,0.08210375,0.028362716,0.023083998,0.8963533,0.002082254,0.015232168,0.0018767634,0.93325174,0.23511718,null,null,null,null,"TWOGAUSSIANS",8,2.7098358,0.8963533,0.002082254,0.08530014,0.010509875,0.93325174,0.23511535,0.18993875,0.084658965,0.24273111,0.27350625,0.028362716,0.023084568
375316653866487564,2685057216650494208,0.5358271,2362.763592874633,2.846922733132671,1.4315055E-5,19.300838,0.010143837,0.25687593,0.0034848896,0.07311781,0.004054836,0.33797142,0.01395344,0.7586878,0.0033602056,0.06921099,0.004957358,0.39650187,0.018314855,null,null,null,null,"TWOGAUSSIANS",8,2.0942025,0.7586878,0.0033602056,0.38758156,0.027661704,0.3950431,0.018205207,0.25687593,0.0034848896,0.4,0.0021900642,0.33651266,0.0133972755
375316653866487564,2685084811815481216,0.57068944,2378.0008578012053,0.06251147203413855,2.5132724E-5,15.224443,5.271571E-4,0.84794676,0.0077342535,0.006874958,0.003074057,0.12268986,0.006774321,null,null,null,null,null,null,null,null,null,null,"ONEGAUSSIAN",5,3.0892599,0.84794676,0.0077342535,0.038499765,0.01721472,0.12268986,0.0,null,null,null,null,null,null
375316653866487564,2685101854245638528,0.5939763,2357.885341031504,3.492412796163949,7.0562323E-6,15.591706,0.020148281,0.24236393,0.002418784,0.05180371,0.0064073866,0.37424132,0.041529898,0.7549738,0.004269768,0.054555617,0.004948335,0.61009324,0.053701293,0.09302567,0.02450007,0.24236393,0.002418784,"TWOGAUSSIANS_WITH_ELLIPSOIDAL_ON_ECLIPSE1",9,173.57457,0.7549738,0.004269768,0.30551147,0.027710674,0.79497,0.047283344,0.24236393,0.002418784,0.29010078,0.035881363,0.5602836,0.011242388
