Gaia/vari_eclipsing_binary/VariEclipsingBinary_483732-483751.csv
# %ECSV 1.0
# ---
# delimiter: ','
# meta: !!omap
# - RELEASE: Gaia DR3
# - TABLE: vari_eclipsing_binary
# - DESCRIPTION: >
#     This table describes the properties of the eclipsing binaries resulting from the variability analysis. 
# - CITATION: >
#     How to cite and acknowledge Gaia: 
#     https://gea.esac.esa.int/archive/documentation/credits.html 
# - KNOWN_ISSUES: >
#     Known issues: 
#     https://www.cosmos.esa.int/web/gaia-users/known-issues 
# - DOCUMENTATION: >
#     Tutorials and documentation: 
#     https://www.cosmos.esa.int/web/gaia-users/archive 
# datatype:
# - 
#   name: solution_id
#   datatype: int64
#   description: Solution Identifier
#   meta:
#     ucd: meta.version
# - 
#   name: source_id
#   datatype: int64
#   description: Unique source identifier
#   meta:
#     ucd: meta.id;meta.main
# - 
#   name: global_ranking
#   datatype: float32
#   description: Number between 0 (worst) and 1 (best)
#   meta:
#     ucd: stat.param
# - 
#   name: reference_time
#   datatype: float64
#   unit: d
#   description: Reference time used for the geometric model fit
#   meta:
#     ucd: time.epoch
# - 
#   name: frequency
#   datatype: float64
#   unit: d**-1
#   description: Frequency of geometric model of the eclipsing binary light curve
#   meta:
#     ucd: src.orbital
# - 
#   name: frequency_error
#   datatype: float32
#   unit: d**-1
#   description: "Uncertainty of \\texttt{frequency}"
#   meta:
#     ucd: stat.error
# - 
#   name: geom_model_reference_level
#   datatype: float32
#   unit: mag
#   description: Magnitude reference level of geometric model
#   meta:
#     ucd: phot.mag;em.opt
# - 
#   name: geom_model_reference_level_error
#   datatype: float32
#   unit: mag
#   description: "Uncertainty of \\texttt{geomModelReferenceLevel}"
#   meta:
#     ucd: stat.error;phot.mag;em.opt
# - 
#   name: geom_model_gaussian1_phase
#   datatype: float32
#   description: Phase of the Gaussian 1 component
#   meta:
#     ucd: time.phase
# - 
#   name: geom_model_gaussian1_phase_error
#   datatype: float32
#   description: "Uncertainty of \\texttt{geomModelGaussian1Phase}"
#   meta:
#     ucd: stat.error;time.phase
# - 
#   name: geom_model_gaussian1_sigma
#   datatype: float32
#   description: "Standard deviation [phase] of Gaussian 1 component"
#   meta:
#     ucd: stat.stdev
# - 
#   name: geom_model_gaussian1_sigma_error
#   datatype: float32
#   description: "Uncertainty of \\texttt{geomModelGaussian1Sigma}"
#   meta:
#     ucd: stat.error
# - 
#   name: geom_model_gaussian1_depth
#   datatype: float32
#   unit: mag
#   description: Magnitude depth of Gaussian 1 component
#   meta:
#     ucd: src.var.amplitude
# - 
#   name: geom_model_gaussian1_depth_error
#   datatype: float32
#   unit: mag
#   description: "Uncertainty of \\texttt{geomModelGaussian1Depth}"
#   meta:
#     ucd: stat.error;src.var.amplitude
# - 
#   name: geom_model_gaussian2_phase
#   datatype: float32
#   description: Phase of Gaussian 2 component
#   meta:
#     ucd: time.phase
# - 
#   name: geom_model_gaussian2_phase_error
#   datatype: float32
#   description: "Uncertainty of \\texttt{geomModelGaussian2Phase}"
#   meta:
#     ucd: stat.error;time.phase
# - 
#   name: geom_model_gaussian2_sigma
#   datatype: float32
[...]
#   datatype: float32
#   description: "Secondary eclipse: uncertainty of \\texttt{derivedSecondaryEclDuration}"
#   meta:
#     ucd: stat.error;time.duration
# - 
#   name: derived_secondary_ecl_depth
#   datatype: float32
#   unit: mag
#   description: "Secondary eclipse: depth"
#   meta:
#     ucd: src.var.amplitude
# - 
#   name: derived_secondary_ecl_depth_error
#   datatype: float32
#   unit: mag
#   description: "Secondary eclipse: uncertainty of \\texttt{derivedSecondaryEclDepth}"
#   meta:
#     ucd: stat.error;src.var.amplitude
solution_id,source_id,global_ranking,reference_time,frequency,frequency_error,geom_model_reference_level,geom_model_reference_level_error,geom_model_gaussian1_phase,geom_model_gaussian1_phase_error,geom_model_gaussian1_sigma,geom_model_gaussian1_sigma_error,geom_model_gaussian1_depth,geom_model_gaussian1_depth_error,geom_model_gaussian2_phase,geom_model_gaussian2_phase_error,geom_model_gaussian2_sigma,geom_model_gaussian2_sigma_error,geom_model_gaussian2_depth,geom_model_gaussian2_depth_error,geom_model_cosine_half_period_amplitude,geom_model_cosine_half_period_amplitude_error,geom_model_cosine_half_period_phase,geom_model_cosine_half_period_phase_error,model_type,num_model_parameters,reduced_chi2,derived_primary_ecl_phase,derived_primary_ecl_phase_error,derived_primary_ecl_duration,derived_primary_ecl_duration_error,derived_primary_ecl_depth,derived_primary_ecl_depth_error,derived_secondary_ecl_phase,derived_secondary_ecl_phase_error,derived_secondary_ecl_duration,derived_secondary_ecl_duration_error,derived_secondary_ecl_depth,derived_secondary_ecl_depth_error
[from data line 151]
375316653866487564,4254985518488918912,0.51570404,2242.9009155732606,2.4519811950065282,4.8677604E-5,18.256453,0.022093968,0.25172558,0.011495854,0.09452213,0.024160357,0.2553387,0.0727648,0.7457809,0.007845933,0.09167836,0.01801343,0.25914335,0.018919483,null,null,null,null,"TWOGAUSSIANS",8,5.471623,0.7457809,0.007845933,0.4,0.0,0.24632028,0.01762151,0.25172558,0.011495854,0.4,0.0,0.24251537,0.080278866
375316653866487564,4254985789052335744,0.5640866,2269.356076200635,2.1797020224308694,1.1813798E-5,17.865572,0.020074451,0.34063298,0.004014635,0.09314319,0.011513532,0.26876235,0.016550153,0.84138274,0.0057652956,0.08975974,0.010984637,0.24659048,0.02189113,null,null,null,null,"TWOGAUSSIANS",8,2.937235,0.34063298,0.004014635,0.4,0.0,0.25661936,0.009915642,0.84138274,0.0057652956,0.4,0.0,0.23444772,0.017089777
375316653866487564,4254986171325517568,0.57315964,2230.422036121662,0.8134715543812121,1.2941953E-5,18.283215,0.081724755,0.28040725,0.021295344,0.19276337,0.13711812,0.07866932,0.0773646,0.7666471,0.00425795,0.061328117,0.003934425,0.4908717,0.017111309,null,null,null,null,"TWOGAUSSIANS",8,2.628507,0.7666471,0.00425795,0.34343743,0.02203278,0.47306845,0.0066464357,0.28040725,0.021295344,0.4,0.0,0.055343647,0.0109464405
375316653866487564,4254986205685304704,0.52625024,2220.632016310478,2.9920923194833957,3.38935E-5,18.251013,0.04117492,0.17944692,0.029003633,0.024683505,0.028418599,0.11930447,0.18181375,0.7482762,0.0068422495,0.049908042,0.01672704,0.080691405,0.102414936,0.18955083,0.053326856,0.7482762,0.0068422495,"TWOGAUSSIANS_WITH_ELLIPSOIDAL_ON_ECLIPSE2",9,17.854195,0.7482762,0.0068422495,0.27948505,0.093671426,0.45979205,0.018128715,0.18832693,0.03765149,0.13822763,0.15914415,0.43963772,0.15986809
375316653866487564,4254986240093028992,0.62240255,2217.514187762815,0.7281073799646061,2.3321754E-5,16.10146,0.0033171133,0.23500048,0.02296374,0.04100661,0.019292543,0.099085726,0.035292424,0.7427303,0.003356485,0.044097397,0.025886834,0.014326626,0.0076911286,0.039046105,0.004723667,0.7427303,0.003356485,"TWOGAUSSIANS_WITH_ELLIPSOIDAL_ON_ECLIPSE2",9,4.2607546,0.23573047,0.021569943,0.22963701,0.10803824,0.1770111,0.038731657,0.7427303,0.003356485,0.24694543,0.14496627,0.092418656,0.0023722753
375316653866487564,4254986613680592896,0.6329754,2233.882080691488,2.1791558731255587,6.743183E-6,17.472908,0.015662942,0.19007659,0.0046787434,0.07704785,0.005887568,0.41426942,0.014437939,0.6832742,0.044186816,0.081960194,0.022567686,0.45612606,0.13418707,null,null,null,null,"TWOGAUSSIANS",8,4.4804482,0.6832742,0.044186816,0.4,0.0,0.4507097,0.13046607,0.19007659,0.0046729594,0.4,0.0,0.40885308,0.011376019
375316653866487564,4254986789801087488,0.567045,2183.7553396788685,2.4575021989354435,1.4923454E-5,18.85042,0.029117765,0.22324675,0.011700963,0.053175036,0.012449509,0.4550028,0.15964322,0.72310805,0.004739286,0.059719425,0.0076075997,1.0124514,0.048860487,null,null,null,null,"TWOGAUSSIANS",8,16.233822,0.72310805,0.004739286,0.3344288,0.042602558,1.0123758,0.048886176,0.22324675,0.011700963,0.29778022,0.06971726,0.45492712,0.159766
375316653866487564,4254986824208568704,0.52293295,2286.000258762524,2.8797838055504923,1.3553461E-5,18.69286,0.030726487,0.3265134,0.00976857,0.082652286,0.015109375,0.21942998,0.025694732,0.8227724,0.013132561,0.06336286,0.03433666,0.27650425,0.08855781,null,null,null,null,"TWOGAUSSIANS",8,3.0302033,0.8227724,0.013132561,0.35483202,0.05124769,0.27525568,0.09829782,0.3265134,0.00976857,0.4,0.0,0.2181814,0.017600216
375316653866487564,4254986922913442816,0.50432277,2136.2185046604104,2.7869469361210837,1.6681744E-5,18.124472,0.034624394,0.27258956,0.0056038843,0.05896305,0.007075543,0.63700783,0.052694432,0.78015554,0.016742002,0.0638692,0.010971235,0.54909736,0.086339965,null,null,null,null,"TWOGAUSSIANS",8,20.402386,0.27258956,0.0056038843,0.33019307,0.03962304,0.63677686,0.052661598,0.78015554,0.016742002,0.3576675,0.061438914,0.5488664,0.08630575
375316653866487564,4254986995963748480,0.5886872,2145.695119542366,2.111090445454577,2.0878608E-5,19.41888,0.0158992,0.29153576,0.0036644603,0.079622366,0.0047894367,0.46131518,0.022353824,0.7935781,0.0023955654,0.06791563,0.0065604364,0.45127803,0.04509548,null,null,null,null,"TWOGAUSSIANS",8,0.82828104,0.29153576,0.0036644603,0.4,0.0,0.45853004,0.022011355,0.7935781,0.0023955654,0.38032752,0.036738444,0.4484929,0.045741536
375316653866487564,4254987197791381248,0.51798654,2189.329252891827,2.324687723788161,1.3254624E-4,18.391825,0.017306058,0.102749795,0.009797456,0.027872192,0.012462592,0.04854246,0.011410476,0.5760485,0.07571808,0.07508142,0.09470651,0.32961854,0.18172276,null,null,null,null,"TWOGAUSSIANS",8,3.6430075,0.5760485,0.07571808,0.4,5.2807847E-4,0.32961783,0.18552943,0.102749795,0.008886076,0.15608427,0.06979051,0.048541732,0.012245358
375316653866487564,4254987202166055936,0.4500433,2192.571739118035,1.2270047551544383,7.569561E-5,17.996326,0.004854696,0.2579452,0.014521941,0.078002684,0.017305845,0.07783447,0.0281509,0.7529637,0.03187993,0.049618892,0.042257693,0.07683225,0.14073291,null,null,null,null,"TWOGAUSSIANS",8,3.2563791,0.2579452,0.014521941,0.4,0.026665032,0.0777744,0.028196888,0.7529637,0.03187993,0.2778658,0.23664308,0.076772176,0.1408326
375316653866487564,4254987648803130112,0.45588568,2208.16431370028,0.5244498425937563,3.2475297E-4,19.535397,0.083790116,0.21197173,0.013186482,0.114518754,0.052978408,0.18613414,0.0759071,0.7028945,0.049463082,0.048632544,0.028364243,0.41437942,0.37778568,null,null,null,null,"TWOGAUSSIANS",8,2.1152575,0.7028945,0.049690265,0.27234223,0.14545733,0.41116726,0.35703203,0.21197173,0.013186482,0.4,0.0,0.18289346,0.054595664
375316653866487564,4254988198555088000,0.5236134,2167.3190306360434,2.0275730803223446,3.76948E-5,18.86712,0.023229012,0.21093018,0.00482416,0.08296606,0.008061292,0.28527915,0.022551563,0.7063381,0.0084298365,0.08282263,0.01181957,0.38706735,0.027923826,null,null,null,null,"TWOGAUSSIANS",8,4.051113,0.7063381,0.0084298365,0.4,0.0,0.38060543,0.025525855,0.21093018,0.00482416,0.4,0.0,0.27881724,0.01767817
375316653866487564,4254988473433239680,0.48247093,2128.9609244080348,2.867603965597507,1.969738E-5,18.847317,0.00674698,null,null,null,null,null,null,null,null,null,null,null,null,0.10772868,0.011707366,0.2817341,0.0054414645,"ELLIPSOIDAL",4,4.2731605,null,null,null,null,null,null,null,null,null,null,null,null
375316653866487564,4254988576512241664,0.509476,2188.657086079336,2.7465949035793895,7.389969E-5,18.096468,0.024277374,0.21136384,0.0043911096,0.03127623,0.0063462895,0.32605258,0.054306913,0.7541611,0.016440323,0.046629846,0.033875447,0.15808804,0.1665836,0.08751846,0.024510978,0.7541611,0.016440323,"TWOGAUSSIANS_WITH_ELLIPSOIDAL_ON_ECLIPSE2",9,28.854158,0.21299383,0.003983605,0.17514688,0.03553922,0.4891946,0.02603857,0.7541611,0.016440323,0.2611271,0.1897025,0.3331247,0.15466088
375316653866487564,4254989160631677056,0.5539154,2215.065042528391,1.92107173072615,1.5876569E-5,18.05604,0.009019252,null,null,null,null,null,null,null,null,null,null,null,null,0.14953333,0.010666776,0.2505254,0.004701826,"ELLIPSOIDAL",4,4.4666195,null,null,null,null,null,null,null,null,null,null,null,null
375316653866487564,4254989469877894144,0.5535147,2281.730615972882,0.08929737683337169,2.4297638E-5,19.49304,0.05280658,0.34354717,0.04439271,0.08610991,0.027024938,0.53486186,0.32199666,0.80210346,0.0373772,0.07977145,0.021293132,0.5126763,0.14520045,null,null,null,null,"TWOGAUSSIANS",8,1.555753,0.34354717,0.044384617,0.4,0.029166382,0.529773,0.3274026,0.80210346,0.0373772,0.4,0.0,0.50758773,0.14017914
375316653866487564,4254989607348015232,0.4624962,2249.578188578542,1.339022972985446,3.155389E-5,18.454659,0.00862388,0.21413215,0.013192352,0.073831044,0.041535057,0.15708837,0.8872305,0.7174874,0.0030408578,0.049749367,0.0060179257,0.22416925,0.019817699,null,null,null,null,"TWOGAUSSIANS",8,3.2697716,0.7174874,0.0030408578,0.27859646,0.033700384,0.22408077,0.019874828,0.21413215,0.013192352,0.4,0.21211848,0.15699989,0.88732785
375316653866487564,4254989607348034944,0.44854084,2231.049390043168,3.932899584882685,1.6181166E-6,18.105219,0.010925447,0.731502,4.297424E-5,2.9298326E-4,3.2470845E-5,0.4746675,0.035099506,null,null,null,null,null,null,0.012667653,0.0137343025,0.731502,4.297424E-5,"ONEGAUSSIAN_WITH_ELLIPSOIDAL",6,49.015392,0.731502,4.297424E-5,0.0016407062,1.8183673E-4,0.5000028,0.023814062,null,null,null,null,null,null
375316653866487564,4254989882186457984,0.49278757,2240.9715400564746,0.21589276713236502,5.8353784E-5,19.23396,0.12549166,0.095656276,0.018346809,0.051880054,0.02993,0.25849643,0.53840476,0.43624753,0.0136472555,0.09446836,0.03863639,0.5150348,0.13053353,null,null,null,null,"TWOGAUSSIANS",8,8.967048,0.43624753,0.0136472555,0.4,0.0,0.51500463,0.12777881,0.09596628,0.016531091,0.2905283,0.1475256,0.25924575,0.5382219
375316653866487564,4254989946589793792,0.58587116,2243.9452638873518,3.7071523589790214,1.0857571E-5,18.117388,0.0050563067,0.7715789,0.0019334586,0.026226958,0.004729264,0.22358127,0.08014383,null,null,null,null,null,null,0.1511568,0.006842186,0.7715789,0.0019334586,"ONEGAUSSIAN_WITH_ELLIPSOIDAL",6,2.6976085,0.7715789,0.0019334586,0.14687097,0.026483878,0.5258948,0.080120385,null,null,null,null,null,null
375316653866487564,4254990019625281280,0.55218345,2164.0008528857893,0.21038920317473586,3.0447345E-5,19.35215,0.00632498,0.47992995,0.012561614,0.12200302,0.016076488,0.192606,0.021443175,0.9481111,0.0052644564,0.010552236,0.0037134567,0.061204053,0.01931476,null,null,null,null,"TWOGAUSSIANS",8,0.55361474,0.47992995,0.012561614,0.4,0.0,0.19250542,0.021544801,0.9481111,0.0052644564,0.05909252,0.020795356,0.061240043,0.019299371
375316653866487564,4254990049650834048,0.52055687,2235.3036985012945,2.720959852818617,7.6795724E-5,16.063425,0.0029300207,0.66008687,0.010091273,0.040977143,0.011794458,0.6618849,2.1921802,null,null,null,null,null,null,null,null,null,null,"ONEGAUSSIAN",5,27.986187,0.66008687,0.010091273,0.22947201,0.066048965,0.6618849,0.0,null,null,null,null,null,null
375316653866487564,4254990053985056640,0.5037092,2223.6756170883477,0.40766301645152053,2.0472628E-5,19.176138,0.2622849,0.28402865,0.023801936,0.20666254,0.064415745,0.51917213,0.24864055,0.69489413,0.027979324,0.13371818,0.030815538,0.81892955,0.34936494,null,null,null,null,"TWOGAUSSIANS",8,2.50393,0.69489413,0.027979324,0.4,0.0,0.63807005,0.44821638,0.30501863,0.0141465925,0.4,0.0,0.2664757,0.011065596
375316653866487564,4254990157103975808,0.4797967,2238.5239409241985,1.1790272358368497,4.828388E-5,18.300562,0.013530002,0.22554438,0.010690496,0.08571293,0.01602929,0.14617833,0.019564677,0.76280683,0.015331418,0.10778329,0.02093459,0.1406456,0.0130564375,null,null,null,null,"TWOGAUSSIANS",8,2.320572,0.22551438,0.010665035,0.4,0.0,0.14017986,0.02128669,0.76280683,0.01533102,0.4,0.0,0.13463263,0.010114293
375316653866487564,4254990191463715840,0.6096596,2272.9196137091617,2.324159171918671,1.4608122E-5,17.254309,0.017456178,0.30615294,0.0057688747,0.09726125,0.011900776,0.3152347,0.032271557,0.798056,0.0020982174,0.08912407,0.0045947195,0.41587675,0.016939417,null,null,null,null,"TWOGAUSSIANS",8,6.144839,0.798056,0.0020982174,0.4,0.0,0.39842096,0.0058466205,0.30615294,0.0057688747,0.4,0.0,0.29777777,0.04044718
375316653866487564,4254990255834954880,0.48509204,2235.9489196024474,0.20385988310462402,2.3191775E-5,19.442326,0.015962496,0.20871507,0.022643767,0.087836325,0.018279437,0.25389498,0.038520046,0.79631734,0.012537038,0.063525915,0.010544069,0.40408456,0.18603642,null,null,null,null,"TWOGAUSSIANS",8,2.1802087,0.79631734,0.012537209,0.35574514,0.059046786,0.40376517,0.18629843,0.20871507,0.022643767,0.4,0.0,0.25357145,0.038777705
375316653866487564,4254990328863512320,0.5419159,2246.612404097289,2.7789696408436173,2.8087396E-5,19.601345,0.038423713,0.24311216,0.01214806,0.07109856,0.014866468,0.5928512,0.09635949,0.74837554,0.030853678,0.061546095,0.02305406,0.46043605,0.5355612,null,null,null,null,"TWOGAUSSIANS",8,5.8054066,0.24311216,0.01214806,0.3981519,0.049373344,0.5921077,0.09718342,0.74837554,0.030853678,0.34465814,0.12910274,0.45969257,0.5362055
375316653866487564,4254990397583076224,0.5645224,2238.736892191588,2.4136280762805544,1.7240909E-5,18.651447,0.03148584,0.17767197,0.008670879,0.070439175,0.01570388,0.51483935,0.11882562,0.6780097,0.004514447,0.07427184,0.009903768,0.5396292,0.032165922,null,null,null,null,"TWOGAUSSIANS",8,4.9034376,0.6780097,0.004514447,0.4,0.0053706346,0.536955,0.031177541,0.17767197,0.008670879,0.39445937,0.039462805,0.5121651,0.12336017
375316653866487564,4254990466341699968,0.6162958,2223.7523908996086,2.3478585512861767,1.0167176E-5,16.611021,0.013339948,0.2983056,0.0047108456,0.01790352,0.013141092,0.09229302,28.937626,0.78602713,0.003360885,0.061279833,0.0516905,0.058536645,0.029427413,0.11585014,0.01952843,0.78602713,0.003360885,"TWOGAUSSIANS_WITH_ELLIPSOIDAL_ON_ECLIPSE2",9,7.9879475,0.2975756,0.0039312304,0.100259714,0.073590115,0.3226846,28.96918,0.78602713,0.003360885,0.34316707,0.17415261,0.2902227,0.015871892
375316653866487564,4254990569382006784,0.5254267,2226.072885612026,0.2039061972411816,1.8970886E-5,18.779755,0.04986312,0.26582676,0.0074085062,0.10004228,0.025256611,0.43379354,0.041900795,0.78534484,0.011670342,0.08552947,0.019544648,0.36565134,0.09710847,null,null,null,null,"TWOGAUSSIANS",8,3.3352675,0.26582676,0.0074085062,0.4,0.0,0.41791144,0.05115455,0.78534484,0.011669886,0.4,0.0,0.34977403,0.10080308
375316653866487564,4254990603749913344,0.4586747,2249.2070058262866,1.2263751943839798,4.6882295E-5,18.41974,0.057861432,0.23753335,0.024438178,0.090809725,0.06976626,0.040689033,0.05703761,0.7279183,0.02068387,0.06937631,0.06732152,0.12121174,0.019470653,null,null,null,null,"TWOGAUSSIANS",8,2.3116145,0.7279183,0.02068387,0.38850737,0.028143793,0.120410964,0.041005224,0.23753335,0.024421107,0.4,0.0,0.039888233,0.012492548
375316653866487564,4254991016097502720,0.5941746,2244.092984016491,2.332289724608526,3.580893E-5,17.52348,0.008639667,0.44808185,0.00768962,0.1515906,0.020503212,0.2688002,0.017623859,0.15415996,0.004102021,0.014191431,0.00830331,0.098221555,0.084632084,null,null,null,null,"TWOGAUSSIANS",8,2.796656,0.44808185,0.00768962,0.4,0.0,0.26646632,0.02159216,0.15524997,0.005585685,0.07947201,0.046498533,0.13720678,0.093599215
375316653866487564,4254991561504909696,0.51115906,2062.2834446013444,0.3383837157053856,2.057943E-5,19.044329,0.004301323,0.23616485,0.003091937,0.05674778,0.016352938,0.1502087,0.014024317,0.7652625,0.0060723526,0.074818835,0.008385689,0.15400003,0.00404067,null,null,null,null,"TWOGAUSSIANS",8,0.58155304,0.7652625,0.0060723526,0.4,0.0012959923,0.1539072,0.0039321403,0.23616485,0.003091937,0.31778756,0.09157645,0.15011586,0.014122185
375316653866487564,4254992218645083648,0.48578787,2170.320160690647,1.4851531623887224,2.2981478E-5,19.001072,0.09019757,0.23267464,0.007081722,0.07563997,0.018088361,0.60532457,0.08718592,0.71368814,0.008345209,0.057285257,0.018094294,1.4427671,3.2276945,null,null,null,null,"TWOGAUSSIANS",8,18.134098,0.71368814,0.008345209,0.32079744,0.101328045,1.4419228,3.2291105,0.23267464,0.007081722,0.4,0.034235008,0.6044802,0.08542792
375316653866487564,4254992454832142976,0.50657004,2144.8652930042554,2.154695417728101,6.115253E-5,18.087166,0.026298195,0.29773632,0.0026572987,0.06925757,0.013074636,0.20155361,0.016923057,0.8027534,0.011994268,0.10967824,0.021736786,0.17478299,0.026357701,null,null,null,null,"TWOGAUSSIANS",8,6.848799,0.29773632,0.0026875231,0.3878424,0.022723379,0.19489685,0.014909125,0.8027534,0.011994268,0.4,0.0,0.16811527,0.016983796
