Gaia/vari_eclipsing_binary/VariEclipsingBinary_460420-460430.csv
# %ECSV 1.0
# ---
# delimiter: ','
# meta: !!omap
# - RELEASE: Gaia DR3
# - TABLE: vari_eclipsing_binary
# - DESCRIPTION: >
#     This table describes the properties of the eclipsing binaries resulting from the variability analysis. 
# - CITATION: >
#     How to cite and acknowledge Gaia: 
#     https://gea.esac.esa.int/archive/documentation/credits.html 
# - KNOWN_ISSUES: >
#     Known issues: 
#     https://www.cosmos.esa.int/web/gaia-users/known-issues 
# - DOCUMENTATION: >
#     Tutorials and documentation: 
#     https://www.cosmos.esa.int/web/gaia-users/archive 
# datatype:
# - 
#   name: solution_id
#   datatype: int64
#   description: Solution Identifier
#   meta:
#     ucd: meta.version
# - 
#   name: source_id
#   datatype: int64
#   description: Unique source identifier
#   meta:
#     ucd: meta.id;meta.main
# - 
#   name: global_ranking
#   datatype: float32
#   description: Number between 0 (worst) and 1 (best)
#   meta:
#     ucd: stat.param
# - 
#   name: reference_time
#   datatype: float64
#   unit: d
#   description: Reference time used for the geometric model fit
#   meta:
#     ucd: time.epoch
# - 
#   name: frequency
#   datatype: float64
#   unit: d**-1
#   description: Frequency of geometric model of the eclipsing binary light curve
#   meta:
#     ucd: src.orbital
# - 
#   name: frequency_error
#   datatype: float32
#   unit: d**-1
#   description: "Uncertainty of \\texttt{frequency}"
#   meta:
#     ucd: stat.error
# - 
#   name: geom_model_reference_level
#   datatype: float32
#   unit: mag
#   description: Magnitude reference level of geometric model
#   meta:
#     ucd: phot.mag;em.opt
# - 
#   name: geom_model_reference_level_error
#   datatype: float32
#   unit: mag
#   description: "Uncertainty of \\texttt{geomModelReferenceLevel}"
#   meta:
#     ucd: stat.error;phot.mag;em.opt
# - 
#   name: geom_model_gaussian1_phase
#   datatype: float32
#   description: Phase of the Gaussian 1 component
#   meta:
#     ucd: time.phase
# - 
#   name: geom_model_gaussian1_phase_error
#   datatype: float32
#   description: "Uncertainty of \\texttt{geomModelGaussian1Phase}"
#   meta:
#     ucd: stat.error;time.phase
# - 
#   name: geom_model_gaussian1_sigma
#   datatype: float32
#   description: "Standard deviation [phase] of Gaussian 1 component"
#   meta:
#     ucd: stat.stdev
# - 
#   name: geom_model_gaussian1_sigma_error
#   datatype: float32
#   description: "Uncertainty of \\texttt{geomModelGaussian1Sigma}"
#   meta:
#     ucd: stat.error
# - 
#   name: geom_model_gaussian1_depth
#   datatype: float32
#   unit: mag
#   description: Magnitude depth of Gaussian 1 component
#   meta:
#     ucd: src.var.amplitude
# - 
#   name: geom_model_gaussian1_depth_error
#   datatype: float32
#   unit: mag
#   description: "Uncertainty of \\texttt{geomModelGaussian1Depth}"
#   meta:
#     ucd: stat.error;src.var.amplitude
# - 
#   name: geom_model_gaussian2_phase
#   datatype: float32
#   description: Phase of Gaussian 2 component
#   meta:
#     ucd: time.phase
# - 
#   name: geom_model_gaussian2_phase_error
#   datatype: float32
#   description: "Uncertainty of \\texttt{geomModelGaussian2Phase}"
#   meta:
#     ucd: stat.error;time.phase
# - 
#   name: geom_model_gaussian2_sigma
#   datatype: float32
[...]
#   datatype: float32
#   description: "Secondary eclipse: uncertainty of \\texttt{derivedSecondaryEclDuration}"
#   meta:
#     ucd: stat.error;time.duration
# - 
#   name: derived_secondary_ecl_depth
#   datatype: float32
#   unit: mag
#   description: "Secondary eclipse: depth"
#   meta:
#     ucd: src.var.amplitude
# - 
#   name: derived_secondary_ecl_depth_error
#   datatype: float32
#   unit: mag
#   description: "Secondary eclipse: uncertainty of \\texttt{derivedSecondaryEclDepth}"
#   meta:
#     ucd: stat.error;src.var.amplitude
solution_id,source_id,global_ranking,reference_time,frequency,frequency_error,geom_model_reference_level,geom_model_reference_level_error,geom_model_gaussian1_phase,geom_model_gaussian1_phase_error,geom_model_gaussian1_sigma,geom_model_gaussian1_sigma_error,geom_model_gaussian1_depth,geom_model_gaussian1_depth_error,geom_model_gaussian2_phase,geom_model_gaussian2_phase_error,geom_model_gaussian2_sigma,geom_model_gaussian2_sigma_error,geom_model_gaussian2_depth,geom_model_gaussian2_depth_error,geom_model_cosine_half_period_amplitude,geom_model_cosine_half_period_amplitude_error,geom_model_cosine_half_period_phase,geom_model_cosine_half_period_phase_error,model_type,num_model_parameters,reduced_chi2,derived_primary_ecl_phase,derived_primary_ecl_phase_error,derived_primary_ecl_duration,derived_primary_ecl_duration_error,derived_primary_ecl_depth,derived_primary_ecl_depth_error,derived_secondary_ecl_phase,derived_secondary_ecl_phase_error,derived_secondary_ecl_duration,derived_secondary_ecl_duration_error,derived_secondary_ecl_depth,derived_secondary_ecl_depth_error
[from data line 566]
375316653866487564,4049949444925474048,0.5674357,2249.777196403476,2.903753288644051,1.0860985E-5,18.46803,0.017791985,0.22359368,0.0028592737,0.06759085,0.004749246,0.4406804,0.018785812,0.71817553,0.012765893,0.071827106,0.013521301,0.53215647,0.0577373,null,null,null,null,"TWOGAUSSIANS",8,7.1881695,0.71817553,0.012765893,0.4,0.010984262,0.5307972,0.05840689,0.22359368,0.0028592737,0.37850875,0.026595777,0.4393211,0.01807584
375316653866487564,4049949479281412480,0.470765,2280.608806647096,0.5074969081277375,2.4253985E-5,18.978455,0.43231022,0.3352135,0.023315292,0.11390234,0.03892878,0.59142524,0.37280306,0.81127167,0.011621578,0.14576626,0.072892,0.5144383,0.4198321,null,null,null,null,"TWOGAUSSIANS",8,5.9111147,0.3360235,0.020578811,0.4,0.0,0.45378268,0.034844868,0.81127167,0.011621578,0.4,0.0,0.37360188,0.029492991
375316653866487564,4049949552256719360,0.4373221,2303.6867708726895,0.16598915785304033,7.85454E-5,18.875862,0.012862749,0.33328265,0.039712645,0.10300776,0.02924592,0.23782922,0.037697762,0.8308263,0.0025835515,0.030585984,0.0036931692,0.22017717,0.01867908,null,null,null,null,"TWOGAUSSIANS",8,7.8662477,0.33328265,0.039712645,0.4,0.0,0.23749264,0.036798116,0.8308263,0.0025808257,0.1712815,0.020681748,0.21984425,0.018318431
375316653866487564,4049949685439855616,0.43713766,2279.726466475989,0.5591695990461748,4.1005722E-5,18.983248,0.02657037,0.4142737,0.02733352,0.17849582,0.061936524,0.11403744,0.02519222,0.7294813,0.013147915,0.06838647,0.014982758,0.16469288,0.031906627,null,null,null,null,"TWOGAUSSIANS",8,2.600893,0.7294813,0.013147915,0.38296425,0.07877325,0.18271464,0.03716001,0.4143537,0.027257634,0.4,0.0,0.108008556,0.018756105
375316653866487564,4049949827134230656,0.4472717,2313.1281931863264,0.14628154253830386,4.628942E-5,16.43524,0.0014360925,0.28564265,0.012831884,0.058508676,0.017790359,0.07130107,0.049556635,0.9277795,0.0070086266,0.0059611523,0.006156992,0.03856985,0.015363468,null,null,null,null,"TWOGAUSSIANS",8,5.5309057,0.28564265,0.012831884,0.32764858,0.099626005,0.07130107,0.049556635,0.9277795,0.0070086266,0.033382453,0.034479156,0.03856985,0.015363468
375316653866487564,4049949994777316992,0.45056143,2386.4045035202403,0.12365376629244705,4.9282768E-5,19.44916,0.007640004,0.6138173,0.00982169,0.058334965,0.020933025,0.103457436,0.059393886,null,null,null,null,null,null,0.102520585,0.008397342,0.6138173,0.00982169,"ONEGAUSSIAN_WITH_ELLIPSOIDAL",6,4.14541,0.6138173,0.00982169,0.3266758,0.11722493,0.308488,0.06136789,null,null,null,null,null,null
375316653866487564,4049949998885978368,0.49673298,2385.395145769591,0.1751201901217663,1.2028234E-5,19.110481,0.2622506,0.24012312,0.013958506,0.13628463,0.08701403,0.22623785,0.25843218,0.74039966,0.0035077515,0.09754462,0.031012818,0.43820357,0.17623766,null,null,null,null,"TWOGAUSSIANS",8,2.3728998,0.74039966,0.0035595736,0.4,0.0,0.3809982,0.049976636,0.24012312,0.013957435,0.4,0.0,0.16849369,0.027697384
375316653866487564,4049950269441143552,0.5291347,2329.319159759928,2.5366085836704615,1.7254666E-5,16.620274,0.015523738,0.77051324,0.006318737,0.03844525,0.0063986205,0.17131333,0.042102993,null,null,null,null,null,null,0.20338337,0.018348465,0.77051324,0.006318737,"ONEGAUSSIAN_WITH_ELLIPSOIDAL",6,111.57643,0.77051324,0.006318737,0.21529339,0.035832275,0.57808006,0.0252868,null,null,null,null,null,null
375316653866487564,4049950583050000128,0.6044554,2329.781697441287,1.109079323696544,1.059E-5,15.674192,0.003260966,0.51639795,7.9773273E-4,0.0544875,0.0016088142,0.19911824,0.002266043,0.80458724,0.024294512,0.05030545,0.0125957085,0.010207763,0.0041438304,null,null,null,null,"TWOGAUSSIANS",8,11.632221,0.51639795,7.9773273E-4,0.30513,0.00900936,0.19911824,0.0022660608,0.80458724,0.024294512,0.2817105,0.070535965,0.010207931,0.004144129
375316653866487564,4049950617409630080,0.46841067,2357.352004594959,0.126549884648992,5.1174204E-5,18.556698,0.01574916,0.39035994,1.7491766E-4,0.018548587,0.002475249,0.091920935,0.013775837,0.73920435,0.019535968,0.10134885,0.017428076,0.16020164,0.023878546,null,null,null,null,"TWOGAUSSIANS",8,6.7368937,0.73920435,0.019535968,0.4,0.0,0.16019998,0.023874426,0.39040995,1.1385391E-4,0.10387208,0.0138613945,0.09234823,0.014279828
375316653866487564,4049950853766135040,0.50670266,2354.0883499580596,0.4948508130109314,2.6422988E-5,17.716583,0.006463992,0.26050654,0.024310218,0.026027758,0.021593254,0.0950368,0.78382117,0.75787485,0.0027902317,0.031449635,0.007733779,0.5417512,0.2657587,null,null,null,null,"TWOGAUSSIANS",8,7.27493,0.75787485,0.0027902317,0.17611794,0.04330916,0.5417512,0.2657587,0.26050654,0.024310218,0.14575544,0.12092222,0.0950368,0.78382117
375316653866487564,4049951884555592064,0.4596766,2365.9695597087366,0.022904665394256417,2.588032E-5,18.940529,0.010086701,null,null,null,null,null,null,null,null,null,null,null,null,0.17606261,0.029301975,0.32162604,0.006351636,"ELLIPSOIDAL",4,6.3655915,null,null,null,null,null,null,null,null,null,null,null,null
375316653866487564,4049951987631184768,0.5301132,2411.720274338577,0.07314380858060135,2.7702155E-5,19.046198,0.2416445,0.15170173,0.011325326,0.07820244,0.011997531,0.6351756,0.07133659,0.58184665,0.023807177,0.19864742,0.0866412,0.6154568,0.39093205,null,null,null,null,"TWOGAUSSIANS",8,2.3194387,0.15688173,0.0062098284,0.4,0.0,0.5690855,0.03524553,0.58184665,0.023807177,0.4,0.0,0.4790068,0.44946903
375316653866487564,4049951987634411520,0.47053447,2359.3379424210707,0.6630137211225898,6.0430986E-5,19.831884,0.050458353,0.31796393,0.045967948,0.06948983,0.03603572,0.28420898,0.3114968,0.7377206,0.026306765,0.08068754,0.05063787,0.28157884,0.08451595,null,null,null,null,"TWOGAUSSIANS",8,3.8883626,0.31796393,0.045892235,0.38914302,0.17895214,0.28388608,0.31156674,0.7377206,0.026306765,0.4,0.038180806,0.28125557,0.08613858
375316653866487564,4049952125072612352,0.5103008,2270.2533691211815,0.057269701330223466,3.2450545E-5,18.473764,0.225234,0.3259642,0.009704836,0.20156336,0.048244666,0.6841089,0.22649297,0.8701967,0.007948507,0.041247975,0.0076681683,0.96752954,0.4375623,null,null,null,null,"TWOGAUSSIANS",8,7.479672,0.8708367,0.0075526536,0.23098867,0.04294174,0.9393799,0.45604196,0.3259642,0.009704836,0.4,0.0,0.58491117,0.050565194
375316653866487564,4049952266677129344,0.4945673,2320.3243403693136,0.10785986698787209,5.4701786E-6,18.763277,0.16208147,0.24873443,0.0091236355,0.1396524,0.059363768,0.41058138,0.13346143,0.752271,0.002791892,0.07346891,0.014447865,0.47267005,0.13552323,null,null,null,null,"TWOGAUSSIANS",8,1.9204,0.752301,0.0026136385,0.4,0.021150567,0.4243804,0.0690445,0.24873443,0.0091236355,0.4,0.0,0.36093482,0.066246375
375316653866487564,4049952747713529856,0.50865096,2293.058710554264,3.6405660609164885,1.0252884E-5,17.027863,0.8853439,0.2590409,0.008036589,0.27836522,0.13966139,0.8843673,0.8722784,0.747934,0.023305241,0.09379316,0.041642014,0.5446007,0.11262431,null,null,null,null,"TWOGAUSSIANS",8,20.91956,0.747934,0.023305241,0.4,0.10174821,0.3278248,0.17342567,0.2590409,0.008038363,0.4,0.0,0.3173258,0.050086275
375316653866487564,4049953018422542848,0.5722268,2341.077747508438,2.4653797784749316,3.6195248E-5,19.5463,0.031415768,0.20223367,0.052744713,0.05200483,0.027300442,0.40543467,0.18953046,0.73405594,0.0078417,0.093541466,0.013165819,0.34117463,0.038618032,null,null,null,null,"TWOGAUSSIANS",8,1.4292501,0.20223367,0.052744713,0.29122704,0.10686486,0.40456223,0.17984214,0.73405594,0.0078417,0.4,0.0,0.34030092,0.036669668
375316653866487564,4049953194390417408,0.49527413,2274.984995201786,0.8499061178750356,1.8799998E-5,17.855734,0.0018507726,0.26236317,0.020719,0.051192746,0.01534897,0.07982225,0.009942477,0.9516283,0.01423687,0.01654963,0.008963248,0.02169818,0.009447359,null,null,null,null,"TWOGAUSSIANS",8,1.1121057,0.26236317,0.020719,0.2866794,0.085954234,0.07982225,0.009942477,0.9516283,0.01423687,0.09267792,0.05019419,0.02169818,0.0094473595
375316653866487564,4049953224581384960,0.5269889,2331.950162050828,0.22994850871008668,5.0290608E-5,19.244785,0.009318741,0.38661435,0.11594792,0.06855153,0.09203911,0.16660209,null,0.70758885,0.036503315,0.081948,0.015253582,0.54993176,0.19183634,null,null,null,null,"TWOGAUSSIANS",8,2.2890625,0.70758885,0.036503315,0.4,0.0,0.54991066,0.18067093,0.38696435,0.32798687,0.38388857,0.35537395,0.16683666,null
375316653866487564,4049953366190555008,0.48344302,2330.0963143068866,0.8127449809750916,3.643094E-5,17.061499,0.15285163,0.2258052,0.018931335,0.15099268,0.083195336,0.22817194,0.15009555,0.80965626,0.016406232,0.05869917,0.015424216,0.316807,0.11147692,null,null,null,null,"TWOGAUSSIANS",8,57.128197,0.8106563,0.015931666,0.32871532,0.08637561,0.31283823,0.095119365,0.2258052,0.018931335,0.4,0.0,0.21891446,0.08800738
375316653866487564,4049953469220061056,0.5520471,2321.930121021111,4.336830238559724,3.4730845E-5,19.12986,0.005365526,0.38242954,0.035879795,0.022216914,0.021128252,0.072952636,12.610993,0.8099564,0.03672815,0.050320175,0.02709724,0.5880416,3683.5623,null,null,null,null,"TWOGAUSSIANS",8,2.2739031,0.8099564,0.03672815,0.28179297,0.15174454,0.5880416,3683.5623,0.38242954,0.035879795,0.12441471,0.11831821,0.072952636,12.610993
375316653866487564,4049954221008316544,0.5539505,2309.287446181578,0.04255084124994172,4.4517645E-5,19.350742,0.02694293,0.13914213,0.0075308895,0.035579313,0.0069340155,0.33866847,0.07539396,0.8487313,0.0071569015,0.030436058,0.0062295557,0.55487955,0.048715375,null,null,null,null,"TWOGAUSSIANS",8,5.2338347,0.8487313,0.0071569015,0.17044193,0.03488551,0.55487955,0.048715375,0.13914213,0.0075308895,0.19924416,0.038830485,0.33866847,0.07539396
375316653866487564,4049954259579723136,0.46686453,2320.2221318752104,0.2791919652136869,1.82776E-5,18.931534,0.07788011,0.37290913,0.037734106,0.18964769,0.16117626,0.17351156,0.09905366,0.9455455,0.009256715,0.016286206,0.010351038,0.074796304,0.08354252,null,null,null,null,"TWOGAUSSIANS",8,2.4065018,0.37290913,0.037734106,0.4,0.0985123,0.16276903,0.09085614,0.9460255,0.008627378,0.09120275,0.05796581,0.07960057,0.083628245
375316653866487564,4049954392789723648,0.47196355,2318.4064656906144,0.5865829310313265,3.733423E-5,19.055971,0.38207325,0.22964115,0.012674918,0.16062105,0.062980935,0.6348673,0.3515567,0.7242607,0.005846149,0.14517058,0.037033126,0.7265968,0.3705307,null,null,null,null,"TWOGAUSSIANS",8,2.908685,0.7242607,0.005846149,0.4,0.0,0.39295244,0.049582697,0.23011115,0.012184505,0.4,0.0,0.29507524,0.031018205
375316653866487564,4049954461508967424,0.4755531,2220.4634719922005,0.1836098573374769,2.9358953E-5,18.506502,0.035206147,0.19124955,0.0027212615,0.0693333,0.00928878,0.3688376,0.08295169,0.74980485,0.014562758,0.11228842,0.023088409,0.24868988,0.03757694,null,null,null,null,"TWOGAUSSIANS",8,2.1849875,0.19119954,0.002678547,0.38826647,0.033448372,0.36403322,0.08269271,0.74980485,0.014562758,0.4,0.0,0.24377483,0.034348574
375316653866487564,4049954564587109376,0.50327706,2267.5496966634755,1.186935125482536,3.8003604E-5,18.5811,0.008786975,0.27042127,0.009141649,0.07721582,0.009984828,0.21235518,0.01884572,0.7685956,0.01676018,0.061063435,0.0092081325,0.47450402,0.08629464,null,null,null,null,"TWOGAUSSIANS",8,6.2897058,0.7685956,0.01676018,0.34195524,0.05156554,0.47368217,0.08630223,0.27042127,0.009141649,0.4,0.012722986,0.21153332,0.019047445
375316653866487564,4049954637537164544,0.4664456,2282.9259841921735,1.8434617836538845,3.496179E-5,18.771587,0.123446,0.2389518,0.041411348,0.11738609,0.14318332,0.06641798,0.118057266,0.6704474,0.011407144,0.09850334,0.018349301,0.9767884,0.37050247,null,null,null,null,"TWOGAUSSIANS",8,2.3373554,0.6704474,0.011407144,0.4,0.0,0.9649172,0.3731868,0.2395818,0.040694613,0.4,0.087975144,0.054536384,0.016380925
375316653866487564,4049954770745482240,0.49405345,2312.443988446388,0.2062380859182099,8.081694E-5,19.038708,0.047234695,0.24613227,0.0064555,0.070146866,0.0150827,0.25083703,0.04830845,0.80304426,0.029188236,0.062606506,0.05453328,0.23449954,0.06421527,null,null,null,null,"TWOGAUSSIANS",8,5.3887286,0.24613227,0.006466103,0.39282244,0.04953151,0.25076383,0.045070216,0.80304426,0.029188236,0.35059643,0.10986619,0.23442633,0.06769701
375316653866487564,4049954770745548160,0.46986747,2300.962447575579,2.0537098652026162,5.776704E-5,18.508984,0.016309975,0.14423971,0.010431032,0.09617523,0.022647182,0.066356,0.024418965,0.6902594,0.0070655993,0.05130952,0.009892702,0.16973744,0.032111797,null,null,null,null,"TWOGAUSSIANS",8,6.082354,0.6902594,0.0070655993,0.2873333,0.05539913,0.16955689,0.03203702,0.14423971,0.010431032,0.4,0.0,0.06617447,0.024354879
375316653866487564,4049954805105721984,0.55368423,2268.9143090576968,2.0583076301569196,1.0347709E-5,18.949955,0.02307416,0.30403292,0.004948397,0.08186961,0.008051008,0.33161685,0.026633374,0.80743253,0.0032589578,0.07248517,0.0071722283,0.39056832,0.019060679,null,null,null,null,"TWOGAUSSIANS",8,2.770169,0.80743253,0.0032589578,0.4,0.009253471,0.3870674,0.015671698,0.30403292,0.004948397,0.4,0.0,0.3281159,0.024708603
375316653866487564,4049954976928822784,0.47621548,2296.7485716456,0.26157971472053204,2.8614118E-5,18.887548,0.009488484,null,null,null,null,null,null,null,null,null,null,null,null,0.16541213,0.0127259875,0.28260285,0.008464729,"ELLIPSOIDAL",4,12.856287,null,null,null,null,null,null,null,null,null,null,null,null
375316653866487564,4049955011288546048,0.51500237,2328.597909455763,0.20633815630489188,3.9163213E-5,18.89388,0.03387121,0.30689803,0.012369342,0.058615893,0.011871968,0.24908006,0.117741354,0.7429272,0.01228653,0.17105728,0.03633157,0.21418916,0.027387196,null,null,null,null,"TWOGAUSSIANS",8,2.421192,0.30839804,0.010676029,0.328249,0.06648302,0.23919922,0.12748028,0.7429272,0.01228653,0.4,0.0,0.19497947,0.018501995
375316653866487564,4049955148702685440,0.5264175,2358.9352632824366,0.28198656808849765,1.8217677E-5,17.453457,0.008583546,0.28072566,0.008725272,0.12900995,0.027704554,0.068074204,0.014365679,0.77425003,0.0047739204,0.06531959,0.0063513718,0.15295999,0.008360634,null,null,null,null,"TWOGAUSSIANS",8,1.6215326,0.77425003,0.0047739204,0.3657897,0.035567682,0.1475857,0.0048400667,0.28072566,0.008725272,0.4,0.0,0.062624075,0.016394174
375316653866487564,4049955183062312448,0.46276718,2328.936453742377,0.07773460073482051,2.108399E-5,19.132462,0.114057966,0.31256723,0.016195381,0.09292639,0.029013209,0.4755931,0.11375036,0.80220026,0.011226443,0.09772609,0.03695598,0.4986874,0.23295695,null,null,null,null,"TWOGAUSSIANS",8,8.607728,0.80220026,0.011226443,0.4,0.0,0.47161043,0.25506157,0.31256723,0.016217751,0.4,0.0,0.44851795,0.0794347
375316653866487564,4049955183062391040,0.48531395,2272.237356556764,0.15156941603647206,4.02137E-5,18.614546,0.04847804,0.18688369,0.08179163,0.10345507,0.08689102,0.20975307,0.09258356,0.55375654,0.012827185,0.0648094,0.026216459,0.17395042,0.04964043,null,null,null,null,"TWOGAUSSIANS",8,6.0333004,0.18688369,0.08179163,0.4,0.2997713,0.20943302,0.09262406,0.55375654,0.012827185,0.36293265,0.13004808,0.17402026,0.050070424
375316653866487564,4049955393414530944,0.47166878,2281.436819473777,0.5054619993023329,2.578487E-5,19.73251,0.017936038,0.29038817,0.008968262,0.065043785,0.010248823,0.35204512,0.09958508,0.6847462,0.026614105,0.109523356,0.027635548,0.34894353,0.055958983,null,null,null,null,"TWOGAUSSIANS",8,3.1169043,0.29059815,0.008647698,0.36424518,0.057393406,0.35093674,0.10091108,0.6847462,0.026614105,0.4,0.0,0.34729928,0.054277997
375316653866487564,4049955427774394752,0.49281776,2330.327630214731,1.7891731288076638,2.6531081E-5,19.487158,0.020917434,0.17939255,0.006602319,0.059233807,0.02188175,0.2426182,0.036099672,0.7326081,0.0029272372,0.06822109,0.013351853,0.2830979,0.039666038,null,null,null,null,"TWOGAUSSIANS",8,1.249547,0.7326081,0.0029272372,0.38203812,0.04731583,0.28305525,0.03982622,0.17939255,0.006602319,0.33170933,0.082243994,0.24257557,0.036481608
