Gaia/vari_eclipsing_binary/VariEclipsingBinary_528423-528606.csv
# %ECSV 1.0
# ---
# delimiter: ','
# meta: !!omap
# - RELEASE: Gaia DR3
# - TABLE: vari_eclipsing_binary
# - DESCRIPTION: >
#     This table describes the properties of the eclipsing binaries resulting from the variability analysis. 
# - CITATION: >
#     How to cite and acknowledge Gaia: 
#     https://gea.esac.esa.int/archive/documentation/credits.html 
# - KNOWN_ISSUES: >
#     Known issues: 
#     https://www.cosmos.esa.int/web/gaia-users/known-issues 
# - DOCUMENTATION: >
#     Tutorials and documentation: 
#     https://www.cosmos.esa.int/web/gaia-users/archive 
# datatype:
# - 
#   name: solution_id
#   datatype: int64
#   description: Solution Identifier
#   meta:
#     ucd: meta.version
# - 
#   name: source_id
#   datatype: int64
#   description: Unique source identifier
#   meta:
#     ucd: meta.id;meta.main
# - 
#   name: global_ranking
#   datatype: float32
#   description: Number between 0 (worst) and 1 (best)
#   meta:
#     ucd: stat.param
# - 
#   name: reference_time
#   datatype: float64
#   unit: d
#   description: Reference time used for the geometric model fit
#   meta:
#     ucd: time.epoch
# - 
#   name: frequency
#   datatype: float64
#   unit: d**-1
#   description: Frequency of geometric model of the eclipsing binary light curve
#   meta:
#     ucd: src.orbital
# - 
#   name: frequency_error
#   datatype: float32
#   unit: d**-1
#   description: "Uncertainty of \\texttt{frequency}"
#   meta:
#     ucd: stat.error
# - 
#   name: geom_model_reference_level
#   datatype: float32
#   unit: mag
#   description: Magnitude reference level of geometric model
#   meta:
#     ucd: phot.mag;em.opt
# - 
#   name: geom_model_reference_level_error
#   datatype: float32
#   unit: mag
#   description: "Uncertainty of \\texttt{geomModelReferenceLevel}"
#   meta:
#     ucd: stat.error;phot.mag;em.opt
# - 
#   name: geom_model_gaussian1_phase
#   datatype: float32
#   description: Phase of the Gaussian 1 component
#   meta:
#     ucd: time.phase
# - 
#   name: geom_model_gaussian1_phase_error
#   datatype: float32
#   description: "Uncertainty of \\texttt{geomModelGaussian1Phase}"
#   meta:
#     ucd: stat.error;time.phase
# - 
#   name: geom_model_gaussian1_sigma
#   datatype: float32
#   description: "Standard deviation [phase] of Gaussian 1 component"
#   meta:
#     ucd: stat.stdev
# - 
#   name: geom_model_gaussian1_sigma_error
#   datatype: float32
#   description: "Uncertainty of \\texttt{geomModelGaussian1Sigma}"
#   meta:
#     ucd: stat.error
# - 
#   name: geom_model_gaussian1_depth
#   datatype: float32
#   unit: mag
#   description: Magnitude depth of Gaussian 1 component
#   meta:
#     ucd: src.var.amplitude
# - 
#   name: geom_model_gaussian1_depth_error
#   datatype: float32
#   unit: mag
#   description: "Uncertainty of \\texttt{geomModelGaussian1Depth}"
#   meta:
#     ucd: stat.error;src.var.amplitude
# - 
#   name: geom_model_gaussian2_phase
#   datatype: float32
#   description: Phase of Gaussian 2 component
#   meta:
#     ucd: time.phase
# - 
#   name: geom_model_gaussian2_phase_error
#   datatype: float32
#   description: "Uncertainty of \\texttt{geomModelGaussian2Phase}"
#   meta:
#     ucd: stat.error;time.phase
# - 
#   name: geom_model_gaussian2_sigma
#   datatype: float32
[...]
#   datatype: float32
#   description: "Secondary eclipse: uncertainty of \\texttt{derivedSecondaryEclDuration}"
#   meta:
#     ucd: stat.error;time.duration
# - 
#   name: derived_secondary_ecl_depth
#   datatype: float32
#   unit: mag
#   description: "Secondary eclipse: depth"
#   meta:
#     ucd: src.var.amplitude
# - 
#   name: derived_secondary_ecl_depth_error
#   datatype: float32
#   unit: mag
#   description: "Secondary eclipse: uncertainty of \\texttt{derivedSecondaryEclDepth}"
#   meta:
#     ucd: stat.error;src.var.amplitude
solution_id,source_id,global_ranking,reference_time,frequency,frequency_error,geom_model_reference_level,geom_model_reference_level_error,geom_model_gaussian1_phase,geom_model_gaussian1_phase_error,geom_model_gaussian1_sigma,geom_model_gaussian1_sigma_error,geom_model_gaussian1_depth,geom_model_gaussian1_depth_error,geom_model_gaussian2_phase,geom_model_gaussian2_phase_error,geom_model_gaussian2_sigma,geom_model_gaussian2_sigma_error,geom_model_gaussian2_depth,geom_model_gaussian2_depth_error,geom_model_cosine_half_period_amplitude,geom_model_cosine_half_period_amplitude_error,geom_model_cosine_half_period_phase,geom_model_cosine_half_period_phase_error,model_type,num_model_parameters,reduced_chi2,derived_primary_ecl_phase,derived_primary_ecl_phase_error,derived_primary_ecl_duration,derived_primary_ecl_duration_error,derived_primary_ecl_depth,derived_primary_ecl_depth_error,derived_secondary_ecl_phase,derived_secondary_ecl_phase_error,derived_secondary_ecl_duration,derived_secondary_ecl_duration_error,derived_secondary_ecl_depth,derived_secondary_ecl_depth_error
[from data line 111]
375316653866487564,4648912389767448320,0.5107587,2193.315282281781,0.024410241973985183,1.393658E-5,18.386248,0.005648932,0.2912334,0.0051446995,0.06976754,0.008479814,0.22117454,0.02271222,0.77989715,0.0040519545,0.0674353,0.0029448355,0.38713437,0.04358416,null,null,null,null,"TWOGAUSSIANS",8,5.4752617,0.77989715,0.0040519545,0.37763768,0.01649108,0.38657504,0.043707006,0.2912334,0.0051446995,0.39069825,0.04247887,0.22061524,0.022998417
375316653866487564,4648917234490621312,0.49573767,2189.130039914538,0.7272495420129729,4.8826187E-5,19.723192,0.0057768454,0.24823277,0.0049854927,0.03687789,0.019589264,0.22079194,0.025904676,0.72773594,0.0036316912,0.056043524,0.00441741,0.20586704,0.020792665,null,null,null,null,"TWOGAUSSIANS",8,1.3604491,0.24823277,0.0049854927,0.20651618,0.109699875,0.22079188,0.025913715,0.72773594,0.0036316912,0.31384373,0.024737496,0.20586696,0.020791804
375316653866487564,4648930879604818048,0.48276052,2200.483446183328,2.2409392062979547,3.5703833E-5,13.2342205,0.00213302,0.25798973,0.013570954,0.034835465,0.015809681,0.1004017,0.09958126,0.75568944,0.011145661,0.013616853,0.01518399,0.03513578,0.015881512,0.0115271825,0.0033910258,0.25798973,0.013570954,"TWOGAUSSIANS_WITH_ELLIPSOIDAL_ON_ECLIPSE1",9,58.90966,0.25798973,0.013570954,0.1950786,0.08853422,0.12345607,0.100321345,0.75570947,0.010676682,0.076254375,0.08503034,0.058185373,0.017775565
375316653866487564,4648934723597672448,0.5359016,2214.139952966065,1.5472934814749555,1.2391486E-5,19.735373,0.015316104,0.1638156,0.0032217933,0.074698865,0.0042785197,0.4688139,0.023667151,0.6760862,0.010273588,0.07878115,0.016544841,0.12022022,0.015157852,null,null,null,null,"TWOGAUSSIANS",8,1.5860251,0.1638156,0.0032217933,0.4,0.0,0.46708065,0.022754062,0.6760862,0.010273588,0.4,0.017433751,0.11848698,0.014263407
375316653866487564,4648938331370268288,0.55507827,2179.503415662507,3.10213833469379,9.009434E-6,19.031485,0.0073931534,0.2736567,0.004652748,0.07127787,0.0049908143,0.45500872,0.024670951,0.7684943,0.004157746,0.07535243,0.002692097,0.487374,0.020553805,null,null,null,null,"TWOGAUSSIANS",8,3.2151172,0.7684943,0.004157746,0.4,0.0,0.48487988,0.020522933,0.2736567,0.004652748,0.3991561,0.023639295,0.45251462,0.025010087
375316653866487564,4648949262064876672,0.5256199,2191.2198098606677,4.377944247243895,2.2009008E-5,14.070384,0.676189,0.23527189,0.0036097292,0.17563595,0.057993144,0.85938036,0.6048313,0.7340116,0.012188562,0.19523673,0.09285453,0.84525895,0.63724875,null,null,null,null,"TWOGAUSSIANS",8,234.12108,0.23590189,0.0037977293,0.4,0.0,0.24140052,0.011927493,0.7340116,0.012188562,0.4,0.0,0.19350505,0.015045529
375316653866487564,4648953655814138752,0.5086706,2167.827843512859,0.8124969446486032,1.8114546E-5,19.832775,0.011057783,0.24186088,0.013235617,0.060299184,0.0099473605,0.49489596,0.043850336,0.7360426,0.004050107,0.057208825,0.0063299406,0.5739705,0.0771864,null,null,null,null,"TWOGAUSSIANS",8,2.757681,0.7360426,0.004050107,0.32036942,0.03544767,0.57386976,0.07728935,0.24186088,0.013235617,0.33767542,0.05570522,0.49479523,0.04370724
375316653866487564,4648958333035672320,0.49012357,2182.486894107437,1.2515129421934483,1.7770075E-5,19.714224,0.011071614,0.06822065,0.018302428,0.029060531,0.013852894,0.062209215,0.016821958,0.66073203,0.024896335,0.07746039,0.016846161,0.62257206,0.38115326,null,null,null,null,"TWOGAUSSIANS",8,2.3654497,0.66073203,0.024896335,0.4,0.048265472,0.62257195,0.3811534,0.06822065,0.018302428,0.16273898,0.077576205,0.06220971,0.016822444
375316653866487564,4648958534896774272,0.45958632,2185.0907325359976,0.7707008465087365,1.9073144E-5,19.377441,0.0064087566,0.75349283,0.0067352317,0.05714793,0.032093346,0.022023875,0.027771493,null,null,null,null,null,null,0.0683952,0.010656825,0.75349283,0.0067352317,"ONEGAUSSIAN_WITH_ELLIPSOIDAL",6,2.001771,0.75349283,0.0067352317,0.32002842,0.16605741,0.15881273,0.020984221,null,null,null,null,null,null
375316653866487564,4648960871359030784,0.5641885,2174.940809645448,0.4112737960082273,3.0981726E-5,19.33814,0.0041980185,0.3545197,7.6395815E-4,0.02168309,8.571018E-4,0.5674402,0.011880383,0.71178323,0.046994988,0.091771744,0.025997305,0.035997838,0.034427874,null,null,null,null,"TWOGAUSSIANS",8,1.3356715,0.3545197,7.6395815E-4,0.1214253,0.00479977,0.5674586,0.011884075,0.71178323,0.046994988,0.4,0.0,0.03599781,0.0344279
375316653866487564,4648964650930153856,0.5575777,2179.383821566113,0.0963026371235379,2.120343E-5,19.637506,0.005774854,0.12180331,0.021308396,0.026647655,0.021055728,0.14948714,0.39336756,0.4421513,4.2406737E-6,0.001271275,1.5877078E-5,5.2475824,0.23573236,null,null,null,null,"TWOGAUSSIANS",8,1.4448208,0.4421513,4.2406737E-6,0.0071191397,8.891164E-5,5.2475824,0.23573236,0.12180331,0.021308396,0.14922687,0.11791208,0.14948714,0.39336756
375316653866487564,4648965544283393920,0.52411735,2191.1104846235994,0.33335338528589353,6.116958E-6,19.789585,0.0073135938,0.22906601,0.027819855,0.043557968,0.020684974,0.42742798,0.21928692,0.7514427,0.0012541626,0.025591375,0.0015199664,0.5038539,0.03741297,null,null,null,null,"TWOGAUSSIANS",8,1.6096187,0.7514427,0.0012541626,0.14331171,0.0085118115,0.5038539,0.03741297,0.22906601,0.027819855,0.24392462,0.11583586,0.42742798,0.21928693
375316653866487564,4648979837937713664,0.5796482,2296.0204855168854,0.04131932426705857,1.49547E-5,18.93773,0.0079105105,0.14293075,0.0034551495,0.021792827,0.0020715445,0.99439394,0.14480485,0.6626955,0.04408243,0.05451985,0.017130423,0.19563226,0.08204314,0.012578864,0.0121882465,0.14293075,0.0034551495,"TWOGAUSSIANS_WITH_ELLIPSOIDAL_ON_ECLIPSE1",9,3.2737405,0.14293075,0.0034551495,0.122039825,0.011600649,1.0195504,0.1400978,0.6626955,0.043607105,0.30531117,0.09593037,0.2204028,0.081923194
375316653866487564,4648989802259857536,0.53364456,2162.7108924772674,1.6413776999789178,1.1349345E-4,19.415405,0.011344308,0.27933013,0.0013139483,0.0034510118,4.962964E-4,0.6868395,0.547487,0.71038026,0.02607398,0.20635305,0.06034826,0.045920722,0.010904197,null,null,null,null,"TWOGAUSSIANS",8,0.60157806,0.27933013,0.0013139483,0.019325666,0.0027792598,0.68817073,0.5475174,0.71038026,0.02607398,0.4,0.0,0.041044485,0.005682281
375316653866487564,4648990425035561088,0.63803864,2170.228381791737,3.8848324978216215,5.506961E-6,17.145071,0.005932282,0.22165044,0.0030241942,0.08516718,0.004066685,0.2757455,0.0076802685,0.7209791,0.0016714141,0.08163386,0.0020037917,0.3046739,0.0062985253,null,null,null,null,"TWOGAUSSIANS",8,3.2412739,0.7209791,0.0016714141,0.4,0.0,0.29827505,0.0049462193,0.22165044,0.0030241942,0.4,0.0,0.2693466,0.0071262396
375316653866487564,4649001896887871232,0.5933056,2127.7397139640934,2.153422206465112,5.2373603E-6,18.34646,0.0042974264,0.5199937,9.081042E-4,0.039006036,0.0013471284,0.57888204,0.016827257,null,null,null,null,null,null,null,null,null,null,"ONEGAUSSIAN",5,4.2322793,0.5199937,9.081042E-4,0.21843381,0.007543919,0.57888204,0.0,null,null,null,null,null,null
375316653866487564,4649007153928124928,0.49909875,2162.998145738104,1.0115666077552123,1.3531623E-5,19.15421,0.005227927,0.21793793,0.017551485,0.033095974,0.020583428,0.22977458,0.03151987,0.72558933,0.003343075,0.04742142,0.0036888295,0.2036189,0.01469319,null,null,null,null,"TWOGAUSSIANS",8,1.8213533,0.21793793,0.017551485,0.18533747,0.115267195,0.22977458,0.03151982,0.72558933,0.003343075,0.26555994,0.020657446,0.2036189,0.014693165
375316653866487564,4649013682276368896,0.5005661,2183.578743860316,0.06032260371477083,1.2197603E-5,18.599257,0.044842552,0.3023841,0.0066797123,0.12487646,0.034868218,0.14724022,0.04043537,0.7996611,0.002979415,0.10141787,0.017229592,0.16763638,0.042097785,null,null,null,null,"TWOGAUSSIANS",8,1.7316804,0.7996611,0.0029803407,0.4,0.0,0.141506,0.008113124,0.3023841,0.0066797123,0.4,0.0,0.12101404,0.008808044
375316653866487564,4649021791174400128,0.616852,2205.648891038805,0.7403849512275642,1.601441E-5,11.042367,0.0028602825,0.5977117,0.0018992035,0.033148315,0.0021566588,0.4668152,0.052407052,0.39739612,0.14132854,0.09096869,0.095551215,0.0057066996,0.0067361426,null,null,null,null,"TWOGAUSSIANS",8,30.205973,0.59768164,0.0018871424,0.18563057,0.012077289,0.46732056,0.052926775,0.39739612,0.19819604,0.4,6.2696054E-5,0.005706702,0.45670372
375316653866487564,4649022375290253696,0.48216337,2205.2200414840613,0.9431058833699526,3.660169E-5,19.421385,0.0075697433,0.46624604,0.04597745,0.08066021,0.051458523,0.373713,0.21378955,0.8583197,1.3166873E-6,0.002587677,5.4135174E-4,0.0472299,0.0041831583,null,null,null,null,"TWOGAUSSIANS",8,3.0073907,0.46624604,0.04597745,0.4,0.22548512,0.373713,0.21378955,0.8583197,1.3166873E-6,0.014490991,0.0030315698,0.047232665,0.004187143
375316653866487564,4649038971046614400,0.5902687,2176.1975118881414,4.051703257261782,2.6785401E-5,19.632418,0.00355819,0.13572526,0.002175236,0.034170266,0.0013229762,0.9698238,0.06447911,0.45743713,3.5090365E-5,0.0043711853,7.597953E-5,0.36469367,0.0040329453,null,null,null,null,"TWOGAUSSIANS",8,0.8757996,0.13572526,0.002175236,0.1913535,0.0074086664,0.9698238,0.06447911,0.45743713,3.5090365E-5,0.024478637,4.2548534E-4,0.36469367,0.0040329453
375316653866487564,4649042789270284672,0.53701276,2210.7057255168543,0.33735884808532995,6.993803E-5,19.977852,0.017523365,0.23983204,0.0024692202,0.033759408,0.0042747245,0.27791056,0.018660046,0.7742714,0.0086521525,0.028653758,0.009448608,1.9673977,9.80066,null,null,null,null,"TWOGAUSSIANS",8,2.2004175,0.7742714,0.0086521525,0.16046104,0.052912205,1.9673977,9.80066,0.23983204,0.0024692202,0.18905269,0.023938457,0.27791056,0.018660046
375316653866487564,4649042853697469568,0.4659457,2236.8754605092545,1.0175376594057026,2.5104659E-5,19.463646,0.018123904,0.24203806,0.007712098,0.06475513,0.018737473,0.1987912,0.018939601,0.740526,0.0049304958,0.06071529,0.009157984,0.19471227,0.024956454,null,null,null,null,"TWOGAUSSIANS",8,2.4734545,0.24203806,0.007712098,0.3626287,0.099324845,0.19865763,0.019129604,0.740526,0.0049304958,0.34000564,0.051284708,0.19457869,0.024868673
375316653866487564,4649047462201008640,0.4879117,2222.117853492223,0.17593451118527256,1.1758361E-4,18.324389,0.007057864,0.24984163,0.011231114,0.06553078,0.008769404,0.3265984,0.08720364,0.7446164,0.011651121,0.04617143,0.011370132,0.2415335,0.041286957,null,null,null,null,"TWOGAUSSIANS",8,16.771751,0.24984163,0.011231114,0.36697236,0.04910866,0.3265779,0.08721952,0.7446164,0.011651121,0.25856003,0.06367274,0.24151298,0.041308805
375316653866487564,4649049592504720000,0.5449536,2203.0480724334384,0.4796893976247756,3.9694546E-6,18.258041,0.0048694527,0.39172506,0.0010933888,0.0042511737,5.6827744E-4,0.87928295,0.32123458,0.8661012,0.0011645126,0.019307088,0.02032227,0.036933456,0.0051443884,null,null,null,null,"TWOGAUSSIANS",8,7.1101456,0.39172506,0.0010933888,0.023806574,0.0031823535,0.87928295,0.32123458,0.8661012,0.0011645126,0.10811969,0.11380472,0.036933456,0.0051443884
375316653866487564,4649052405703441152,0.659225,2152.824369522996,0.03452814252431445,2.776239E-6,18.697268,0.006042812,0.26600507,0.0023194815,0.01984305,0.0019363232,0.8400063,0.0753001,0.765988,0.0010597786,0.024671372,0.0016009583,0.29101595,0.013635031,0.07407841,0.0078018033,0.26600507,0.0023194815,"TWOGAUSSIANS_WITH_ELLIPSOIDAL_ON_ECLIPSE1",9,1.0032108,0.26600507,0.0023194815,0.11112108,0.01084341,0.9881631,0.07553556,0.765988,0.0010464397,0.13815968,0.0089653665,0.43917277,0.007980616
375316653866487564,4649052749300194048,0.5240409,2139.7397125395582,0.11224132636316006,3.4800505E-6,19.819265,0.007277022,0.31810334,6.2056864E-4,0.01449884,7.1478705E-4,0.41816458,0.025111103,0.81702226,2.0781152E-4,0.013139254,5.268379E-4,0.31228513,0.007144518,null,null,null,null,"TWOGAUSSIANS",8,1.3076445,0.31810334,6.2056864E-4,0.08119351,0.0040028077,0.41816458,0.025111103,0.81702226,2.0781152E-4,0.073579825,0.002950292,0.31228513,0.007144518
375316653866487564,4649056292654137472,0.5262726,2141.875139151085,1.6183165373894555,2.7987959E-5,15.748604,0.031614643,0.228319,0.031902634,0.09083896,0.07479173,0.06731647,0.074290805,0.7095892,0.0318584,0.12833767,0.04141806,0.16891202,0.031274717,null,null,null,null,"TWOGAUSSIANS",8,32.21436,0.7095892,0.0318584,0.4,0.0,0.15521823,0.014078059,0.228679,0.03265053,0.4,0.17519115,0.053820264,0.08969134
375316653866487564,4649056636251426048,0.48403105,2140.6448043849696,0.363606491967747,3.0196614E-5,19.670065,0.0048924456,0.32121038,0.0066073774,0.02854557,0.003287498,0.36048862,0.01822923,0.8045749,0.00853719,0.040600736,0.011898951,0.26213965,0.034241028,null,null,null,null,"TWOGAUSSIANS",8,1.5677152,0.32121038,0.0066073774,0.15985519,0.018409988,0.36048862,0.01822923,0.8045749,0.00853719,0.22736412,0.066634126,0.26213965,0.034241028
375316653866487564,4649057117287395584,0.56885064,2162.808600977858,3.308354699045536,1.0641612E-5,14.358397,0.009078176,0.31064793,0.0019220149,0.04913827,0.008324133,0.1453373,0.02114673,0.8099181,0.016709961,0.02773127,0.035684023,0.4515558,4.601262,0.107989445,0.013384413,0.31064793,0.0019220149,"TWOGAUSSIANS_WITH_ELLIPSOIDAL_ON_ECLIPSE1",9,183.3478,0.80993813,0.014286409,0.1552951,0.19983053,0.6675299,4.599957,0.31064793,0.0019220149,0.27517432,0.04661515,0.3613158,0.016147707
375316653866487564,4649070444568353536,0.50875324,2229.488317468104,1.7528695145015962,1.1158689E-4,19.300867,0.0058499114,0.78031206,0.051391315,0.08924738,0.026487794,0.043099843,0.018171685,0.5257818,0.010239179,0.018515535,0.006722199,0.38772246,2.9710906,null,null,null,null,"TWOGAUSSIANS",8,1.0760285,0.5258018,0.010207082,0.10368699,0.03764431,0.38846105,2.9710853,0.78031206,0.051391315,0.4,0.0,0.04309983,0.018171726
375316653866487564,4649070788168431872,0.4849002,2197.9579714866454,1.0390742000895123,2.1916769E-5,19.183916,0.035409033,0.21376505,0.0076736435,0.101733655,0.017749613,0.19615284,0.03234162,0.7437379,0.00912744,0.11561449,0.040297836,0.12083633,0.028619887,null,null,null,null,"TWOGAUSSIANS",8,1.2477375,0.21371505,0.007444262,0.4,0.0,0.18085162,0.009551702,0.74375784,0.009126413,0.4,0.0,0.10550546,0.011722524
375316653866487564,4649076285726826752,0.5352609,2194.296124222076,0.8557289924078372,1.6699447E-5,19.637094,0.007459843,0.23424236,0.0024812731,0.042466965,0.0020821025,0.74853104,0.05644602,0.7116518,0.122549124,0.07742344,0.064768694,0.15530457,0.10974916,null,null,null,null,"TWOGAUSSIANS",8,3.5186784,0.23424236,0.0024812731,0.23781501,0.011659774,0.74849325,0.056454033,0.7116518,0.122549124,0.4,0.32031298,0.1552668,0.10977612
375316653866487564,4649085494137157248,0.49937877,2205.830223257101,0.18189380182741327,8.7402645E-5,19.64501,0.0061933985,0.22255442,0.0057749213,0.043611992,0.011996822,0.41460645,0.19370563,0.73366946,0.022122001,0.100002475,0.017764091,0.053416435,0.012864315,null,null,null,null,"TWOGAUSSIANS",8,0.89722234,0.22255442,0.0057749213,0.24422716,0.067182206,0.41430172,0.19438168,0.73366946,0.022122001,0.4,0.0,0.05311125,0.012884433
375316653866487564,4649088930107888384,0.5096942,2254.1236996189787,0.21492265971864116,9.4185736E-5,19.557213,0.015617742,0.24123845,0.022721047,0.05613288,0.018501082,0.24962084,0.09935189,0.73355985,0.008450495,0.053739026,0.0063587762,0.48604307,0.02888239,null,null,null,null,"TWOGAUSSIANS",8,3.2471592,0.73355985,0.008450495,0.30093855,0.035609145,0.48602715,0.028854394,0.24123845,0.022721047,0.31434414,0.10360606,0.2496049,0.09943923
375316653866487564,4649093882207807872,0.545915,2230.0048342387927,0.677573881208829,3.263577E-5,19.922634,0.013245262,0.28525123,1.4033403E-4,0.010799601,0.0030083288,0.14730923,0.032060828,0.5403489,0.013025969,0.027319074,0.010495768,0.9747351,0.6665398,null,null,null,null,"TWOGAUSSIANS",8,4.1068306,0.5403489,0.013025969,0.15298681,0.058776297,0.9747351,0.6665398,0.28525123,1.4033403E-4,0.060477763,0.016846642,0.14730923,0.032060828
