Gaia/vari_eclipsing_binary/VariEclipsingBinary_466691-466716.csv
# %ECSV 1.0
# ---
# delimiter: ','
# meta: !!omap
# - RELEASE: Gaia DR3
# - TABLE: vari_eclipsing_binary
# - DESCRIPTION: >
#     This table describes the properties of the eclipsing binaries resulting from the variability analysis. 
# - CITATION: >
#     How to cite and acknowledge Gaia: 
#     https://gea.esac.esa.int/archive/documentation/credits.html 
# - KNOWN_ISSUES: >
#     Known issues: 
#     https://www.cosmos.esa.int/web/gaia-users/known-issues 
# - DOCUMENTATION: >
#     Tutorials and documentation: 
#     https://www.cosmos.esa.int/web/gaia-users/archive 
# datatype:
# - 
#   name: solution_id
#   datatype: int64
#   description: Solution Identifier
#   meta:
#     ucd: meta.version
# - 
#   name: source_id
#   datatype: int64
#   description: Unique source identifier
#   meta:
#     ucd: meta.id;meta.main
# - 
#   name: global_ranking
#   datatype: float32
#   description: Number between 0 (worst) and 1 (best)
#   meta:
#     ucd: stat.param
# - 
#   name: reference_time
#   datatype: float64
#   unit: d
#   description: Reference time used for the geometric model fit
#   meta:
#     ucd: time.epoch
# - 
#   name: frequency
#   datatype: float64
#   unit: d**-1
#   description: Frequency of geometric model of the eclipsing binary light curve
#   meta:
#     ucd: src.orbital
# - 
#   name: frequency_error
#   datatype: float32
#   unit: d**-1
#   description: "Uncertainty of \\texttt{frequency}"
#   meta:
#     ucd: stat.error
# - 
#   name: geom_model_reference_level
#   datatype: float32
#   unit: mag
#   description: Magnitude reference level of geometric model
#   meta:
#     ucd: phot.mag;em.opt
# - 
#   name: geom_model_reference_level_error
#   datatype: float32
#   unit: mag
#   description: "Uncertainty of \\texttt{geomModelReferenceLevel}"
#   meta:
#     ucd: stat.error;phot.mag;em.opt
# - 
#   name: geom_model_gaussian1_phase
#   datatype: float32
#   description: Phase of the Gaussian 1 component
#   meta:
#     ucd: time.phase
# - 
#   name: geom_model_gaussian1_phase_error
#   datatype: float32
#   description: "Uncertainty of \\texttt{geomModelGaussian1Phase}"
#   meta:
#     ucd: stat.error;time.phase
# - 
#   name: geom_model_gaussian1_sigma
#   datatype: float32
#   description: "Standard deviation [phase] of Gaussian 1 component"
#   meta:
#     ucd: stat.stdev
# - 
#   name: geom_model_gaussian1_sigma_error
#   datatype: float32
#   description: "Uncertainty of \\texttt{geomModelGaussian1Sigma}"
#   meta:
#     ucd: stat.error
# - 
#   name: geom_model_gaussian1_depth
#   datatype: float32
#   unit: mag
#   description: Magnitude depth of Gaussian 1 component
#   meta:
#     ucd: src.var.amplitude
# - 
#   name: geom_model_gaussian1_depth_error
#   datatype: float32
#   unit: mag
#   description: "Uncertainty of \\texttt{geomModelGaussian1Depth}"
#   meta:
#     ucd: stat.error;src.var.amplitude
# - 
#   name: geom_model_gaussian2_phase
#   datatype: float32
#   description: Phase of Gaussian 2 component
#   meta:
#     ucd: time.phase
# - 
#   name: geom_model_gaussian2_phase_error
#   datatype: float32
#   description: "Uncertainty of \\texttt{geomModelGaussian2Phase}"
#   meta:
#     ucd: stat.error;time.phase
# - 
#   name: geom_model_gaussian2_sigma
#   datatype: float32
[...]
#   datatype: float32
#   description: "Secondary eclipse: uncertainty of \\texttt{derivedSecondaryEclDuration}"
#   meta:
#     ucd: stat.error;time.duration
# - 
#   name: derived_secondary_ecl_depth
#   datatype: float32
#   unit: mag
#   description: "Secondary eclipse: depth"
#   meta:
#     ucd: src.var.amplitude
# - 
#   name: derived_secondary_ecl_depth_error
#   datatype: float32
#   unit: mag
#   description: "Secondary eclipse: uncertainty of \\texttt{derivedSecondaryEclDepth}"
#   meta:
#     ucd: stat.error;src.var.amplitude
solution_id,source_id,global_ranking,reference_time,frequency,frequency_error,geom_model_reference_level,geom_model_reference_level_error,geom_model_gaussian1_phase,geom_model_gaussian1_phase_error,geom_model_gaussian1_sigma,geom_model_gaussian1_sigma_error,geom_model_gaussian1_depth,geom_model_gaussian1_depth_error,geom_model_gaussian2_phase,geom_model_gaussian2_phase_error,geom_model_gaussian2_sigma,geom_model_gaussian2_sigma_error,geom_model_gaussian2_depth,geom_model_gaussian2_depth_error,geom_model_cosine_half_period_amplitude,geom_model_cosine_half_period_amplitude_error,geom_model_cosine_half_period_phase,geom_model_cosine_half_period_phase_error,model_type,num_model_parameters,reduced_chi2,derived_primary_ecl_phase,derived_primary_ecl_phase_error,derived_primary_ecl_duration,derived_primary_ecl_duration_error,derived_primary_ecl_depth,derived_primary_ecl_depth_error,derived_secondary_ecl_phase,derived_secondary_ecl_phase_error,derived_secondary_ecl_duration,derived_secondary_ecl_duration_error,derived_secondary_ecl_depth,derived_secondary_ecl_depth_error
375316653866487564,4105057487338115840,0.65186435,2242.457076349217,2.659868529848721,1.8402267E-5,16.487066,0.0075096665,0.2713964,0.0031208221,0.084425926,0.0042298143,0.3930579,0.009661339,0.7620304,0.0072280625,0.08298944,0.008619812,0.4131902,0.03565321,null,null,null,null,"TWOGAUSSIANS",8,8.098382,0.7620304,0.0072280625,0.4,0.0,0.40531757,0.038874134,0.2713964,0.0031208221,0.4,0.0,0.38518527,0.008351136
375316653866487564,4105057762216089216,0.4601384,2240.663376026807,0.02924162039494952,1.0941521E-4,18.595211,0.026094846,0.28438467,0.034329154,0.09453888,0.029184524,0.58147323,0.35504672,0.68893677,0.018939568,0.06352125,0.0073206867,0.40910044,0.061810933,null,null,null,null,"TWOGAUSSIANS",8,12.582114,0.28438467,0.034329154,0.4,0.0,0.58065283,0.3556026,0.68893677,0.018939568,0.355719,0.040995844,0.4083414,0.0621026
375316653866487564,4105057929664788096,0.64913,2209.0929124332188,2.6724404813304194,4.6315913E-6,17.047073,0.010765111,0.32981715,0.0051912926,0.0439211,0.028052516,0.32803813,49425.29,0.8293968,0.0032624167,0.047276087,0.0040062694,0.38601118,0.054416034,0.12828127,0.019377455,0.32981715,0.0051912926,"TWOGAUSSIANS_WITH_ELLIPSOIDAL_ON_ECLIPSE1",9,13.372808,0.8294368,0.002559556,0.2647461,0.02243511,0.64257115,0.056603216,0.32981715,0.0051912926,0.24595818,0.15709409,0.58459973,49425.29
375316653866487564,4105057934014814592,0.5386015,2212.536796018964,1.56507676640856,2.0436531E-5,16.78443,0.0045102676,0.3506369,0.05265682,0.08250773,0.059170034,0.057363067,0.28298005,0.8067028,0.004311414,0.03172033,0.007836099,0.39350414,0.287333,null,null,null,null,"TWOGAUSSIANS",8,19.661045,0.8067028,0.004311414,0.17763384,0.04388215,0.39350215,0.28733528,0.3506369,0.05265682,0.4,0.24597555,0.057361033,0.28298292
375316653866487564,4105058105813441664,0.5872606,2238.384491415248,0.7973944286357749,1.5678259E-5,16.675152,0.0061935675,0.32506776,0.003174746,0.035725836,0.0039935247,0.3053145,0.018453939,null,null,null,null,null,null,0.016691476,0.00858271,0.32506776,0.003174746,"ONEGAUSSIAN_WITH_ELLIPSOIDAL",6,10.845228,0.32506776,0.003174746,0.20006469,0.022363737,0.33869746,0.015138103,null,null,null,null,null,null
375316653866487564,4105058414999675904,0.5931338,2217.8690862125245,2.3670582744781408,1.3018547E-5,18.521118,0.02735615,0.23357761,0.00401259,0.061380282,0.0042903936,0.8911492,0.10284416,0.765308,0.008104577,0.072502166,0.012049614,0.55704457,0.03201696,null,null,null,null,"TWOGAUSSIANS",8,7.901116,0.23357761,0.00401259,0.3437296,0.024026206,0.8906335,0.102901794,0.765308,0.008104577,0.4,0.036063954,0.55652887,0.032365195
375316653866487564,4105059274044644352,0.5760044,2206.12921728815,2.776085782633883,6.764387E-6,17.622293,0.0030321174,0.25863478,0.006358878,0.06881295,0.0034900005,0.21121198,0.013798258,0.7509326,0.006643314,0.076084144,0.007790362,0.19809408,0.027708001,null,null,null,null,"TWOGAUSSIANS",8,2.5107052,0.25863478,0.006358878,0.38535252,0.019544004,0.21033184,0.013755415,0.7509326,0.006643314,0.4,0.0,0.19721395,0.02813642
375316653866487564,4105059514562874240,0.7207847,2233.2032242011383,0.9355786881748727,6.793014E-6,16.053959,0.0038083957,0.25066352,0.040028583,0.04103345,0.051957723,0.37629995,0.34864256,0.7508702,5.343079E-4,0.030792853,0.0010004326,0.48775557,0.009552226,0.0085286675,0.00525663,0.7508702,5.343079E-4,"TWOGAUSSIANS_WITH_ELLIPSOIDAL_ON_ECLIPSE2",9,5.11732,0.7508702,5.343079E-4,0.17243998,0.005602423,0.5048129,0.0072269887,0.25066352,0.034065492,0.22978732,0.17911807,0.39335725,0.34617582
375316653866487564,4105060300487379328,0.53055555,2266.0247590149534,0.6451184665427036,1.1533494E-4,19.354406,0.015509699,0.7389948,0.028755538,0.08206017,0.017660521,0.38079986,0.049623888,0.5469318,0.049844597,0.06758834,0.048534207,0.49231502,14.645472,null,null,null,null,"TWOGAUSSIANS",8,5.2017817,0.55476177,0.048072744,0.3784947,0.23115811,0.51965404,14.694167,0.73005474,0.021788048,0.4,0.0,0.3910839,0.03194567
375316653866487564,4105060472286047488,0.5245702,2222.8668317190286,2.455251807622449,2.910428E-5,18.180809,0.022489913,0.24014696,0.015601569,0.0958937,0.033151925,0.14489406,0.028504947,0.7283804,0.005369075,0.09235447,0.015056619,0.15169768,0.020152334,null,null,null,null,"TWOGAUSSIANS",8,2.8137584,0.7283804,0.005369075,0.4,0.0,0.14433831,0.0123465285,0.24014696,0.015601569,0.4,0.0,0.13753441,0.037872136
375316653866487564,4105060506645891840,0.60156024,2228.7418960678115,1.4720317608417317,1.0255693E-5,15.395231,0.032712046,0.2206201,0.002619122,0.1187891,0.020767717,0.15669729,0.02690809,0.7153187,0.0065500443,0.11053483,0.019404847,0.15277602,0.030937875,null,null,null,null,"TWOGAUSSIANS",8,9.373871,0.2206301,0.0026265122,0.4,0.0,0.12940586,0.007925112,0.7153187,0.0065500443,0.4,0.0,0.12551862,0.00533202
375316653866487564,4105060682742678656,0.55247617,2200.0544448787427,3.834717089215375,2.0299272E-5,18.865507,0.02876856,0.3139339,0.0062337816,0.09877876,0.012733023,0.35188878,0.029575082,0.8043498,0.0042398563,0.078771,0.008707782,0.4519289,0.030925263,null,null,null,null,"TWOGAUSSIANS",8,3.9413817,0.8043498,0.0042398563,0.4,0.0,0.43926895,0.029327765,0.3139339,0.0062337816,0.4,0.0,0.33922666,0.024643568
375316653866487564,4105061159480924032,0.65353614,2206.5686079960105,0.7913608711704615,1.5772774E-5,17.162926,0.0037541995,0.17408662,0.0038099596,0.03718667,0.003542941,0.48618087,0.041171085,0.6661984,0.0066870777,0.048801795,0.014385683,0.030975586,0.014628518,0.024341414,0.00883554,0.17408662,0.0038099596,"TWOGAUSSIANS_WITH_ELLIPSOIDAL_ON_ECLIPSE1",9,3.8811483,0.17408662,0.0038099596,0.20824537,0.01984047,0.5348636,0.044141974,0.6679984,0.006290427,0.27329004,0.08055983,0.07956607,0.011482909
375316653866487564,4105061232549804800,0.5898691,2216.987447526707,2.528054637246366,1.3287137E-5,17.022766,0.006756228,0.21262093,0.00462895,0.041744288,0.008855864,0.1287889,0.018957632,0.7090961,0.013846703,0.05830248,0.008298799,0.13301514,0.023084108,0.105102174,0.012829884,0.21262093,0.00462895,"TWOGAUSSIANS_WITH_ELLIPSOIDAL_ON_ECLIPSE1",9,18.869516,0.71014607,0.0101719545,0.3264939,0.046473276,0.34313595,0.013400396,0.21262093,0.00462895,0.23376802,0.04959284,0.3389821,0.0110534355
375316653866487564,4105061369937880576,0.53173625,2209.2218312342907,0.06795225526212022,7.099566E-6,18.899343,0.0057115,0.28970283,0.020327816,0.048911016,0.025201011,0.13026708,0.014914593,0.7549809,3.3166123E-4,0.034156077,0.0012757927,0.39790297,0.023881182,null,null,null,null,"TWOGAUSSIANS",8,1.2738291,0.7549809,3.3166123E-4,0.19127402,0.0071444395,0.39790297,0.023881184,0.28970283,0.020327816,0.2739017,0.14112566,0.13026708,0.014914588
375316653866487564,4105061709237107328,0.5534674,2174.6969924444556,3.355526906469673,9.781797E-6,18.46984,0.019605706,0.30142674,0.0053560873,0.08350213,0.008672967,0.41017687,0.04008751,0.7846416,0.009084788,0.08718507,0.012466857,0.39641947,0.05508675,null,null,null,null,"TWOGAUSSIANS",8,3.5660644,0.30142674,0.0053560873,0.4,0.0,0.4019399,0.042086683,0.7846416,0.009084788,0.4,0.0,0.3881824,0.05764539
375316653866487564,4105061747895151744,0.6044237,2190.2650524685737,3.015360652863435,7.671711E-6,17.127893,0.009885771,0.23631695,0.005316329,0.06840189,0.0041852766,0.41230708,0.022449756,0.74491125,0.0059188544,0.06625294,0.00507858,0.4002821,0.01951985,null,null,null,null,"TWOGAUSSIANS",8,8.325886,0.23631695,0.005316329,0.38305056,0.021897314,0.41165832,0.022175156,0.74491125,0.0059188544,0.37101647,0.028440049,0.39963335,0.019195413
375316653866487564,4105062052833837312,0.4650124,2263.850727822555,0.6642978122241415,2.1804244E-5,18.200977,0.008909421,0.22664009,0.009451526,0.06452078,0.022762293,0.089311354,0.022248104,0.89340466,0.007900516,0.0069796387,0.006988758,0.23833597,212.7183,0.0864675,0.012707484,0.22664009,0.009451526,"TWOGAUSSIANS_WITH_ELLIPSOIDAL_ON_ECLIPSE1",9,4.3138423,0.89340466,0.007900516,0.039085977,0.039137047,0.28142807,212.72116,0.22664009,0.009451526,0.36131638,0.10326099,0.26219663,0.025304606
375316653866487564,4105063431524148608,0.5402446,2305.0849337707828,3.3011609817134593,2.2164626E-5,18.953533,0.012585748,0.25063545,0.0046145823,0.08277696,0.009921013,0.5061509,0.06951129,0.7586676,0.005913031,0.08083989,0.007649297,0.32695848,0.07311548,null,null,null,null,"TWOGAUSSIANS",8,2.3829515,0.25063545,0.0046145823,0.4,0.0,0.49959078,0.07482011,0.7586676,0.005913031,0.4,0.0,0.32039836,0.07450376
375316653866487564,4105063672041657856,0.49777833,2299.118967941537,1.802646865251485,5.8448095E-5,19.545244,0.048120473,0.3118292,0.0064120265,0.06237265,0.018392257,0.3972252,0.0920091,0.78362906,0.04020258,0.09372536,0.04753218,0.41056162,0.12205558,null,null,null,null,"TWOGAUSSIANS",8,5.0202103,0.78362906,0.04020258,0.4,0.08721808,0.40797424,0.12475819,0.3118292,0.0064120265,0.34928685,0.10299665,0.39463916,0.09568888
375316653866487564,4105063672041693440,0.45844394,2284.0758666880256,0.4353166106669132,9.899083E-6,18.623436,0.006668842,0.20667785,0.017258752,0.046612915,0.038330574,0.18767762,0.13682061,0.80171335,0.005002834,0.036127966,0.0033154737,0.17664602,0.01925246,null,null,null,null,"TWOGAUSSIANS",8,2.6778183,0.20667785,0.017258752,0.2610323,0.18153125,0.18767762,0.13682094,0.80171335,0.005002834,0.2023166,0.018566653,0.17664602,0.019252466
375316653866487564,4105063946969377792,0.49811578,2275.9556880586947,1.5939133514385406,4.6600253E-5,16.573706,0.049894664,0.23320857,0.008666513,0.097465366,0.03455856,0.09845475,0.047928303,0.7232261,0.0077523775,0.102355346,0.034234803,0.13739951,0.044464726,null,null,null,null,"TWOGAUSSIANS",8,13.767063,0.7232261,0.0077523775,0.4,0.0,0.12842466,0.012948174,0.23320857,0.008631143,0.4,0.0,0.08948149,0.011382965
375316653866487564,4105064359236157568,0.51208836,2224.560265653184,2.8108753698394655,1.8453882E-5,16.481068,0.013290485,0.28860396,0.0070020542,0.08308849,0.01686163,0.25614804,0.04210356,0.7928751,0.0052537816,0.08673167,0.008641858,0.23724592,0.019736504,null,null,null,null,"TWOGAUSSIANS",8,28.48341,0.28860396,0.0070020542,0.4,0.0,0.25015536,0.047722757,0.7928751,0.0052537816,0.4,0.0,0.23125324,0.019329837
375316653866487564,4105064668473470208,0.5383304,2208.5388138889457,2.7329169270703804,1.6921038E-5,18.664753,0.0065405453,0.22940114,0.004412067,0.040957216,0.007053048,0.10078262,0.020740887,0.737692,0.06866736,0.029557455,0.02440984,0.19560638,0.5462647,0.12415724,0.011429131,0.22940114,0.004412067,"TWOGAUSSIANS_WITH_ELLIPSOIDAL_ON_ECLIPSE1",9,4.1833043,0.737692,0.06862168,0.16552176,0.1366951,0.4432476,0.488295,0.22940114,0.004412067,0.2293604,0.03949707,0.34909704,0.0145340115
375316653866487564,4105064805962668928,0.4641968,2212.3165238593274,0.7800834239757902,2.02188E-4,19.579397,0.21492629,0.2636027,0.016669573,0.10952265,0.043111432,0.38092613,0.19506018,0.7518675,0.01935886,0.13021502,0.060649417,0.37906086,0.2113065,null,null,null,null,"TWOGAUSSIANS",8,3.7309139,0.2637527,0.016834563,0.4,0.0,0.3039432,0.0789595,0.7518675,0.01935886,0.4,0.0,0.3015996,0.09052614
375316653866487564,4105065179570799360,0.46996778,2239.581103057998,2.369091181467918,3.250964E-5,17.812307,0.10622473,0.33405167,0.013606193,0.14100514,0.04769098,0.31511706,0.101353295,0.8214276,0.019210475,0.07929095,0.021918047,0.3793786,0.09713768,null,null,null,null,"TWOGAUSSIANS",8,32.288822,0.8214276,0.01922761,0.4,0.022774229,0.3380233,0.03669337,0.33405167,0.013606193,0.4,0.0,0.27253464,0.02702208
375316653866487564,4105065523183139840,0.57140654,2258.6714049354896,1.7932208504716343,5.312015E-5,18.831753,0.0077011227,0.20878898,0.0049700844,0.04520632,0.0027394965,0.685905,0.0460735,0.75020295,0.022216782,0.06509269,0.015628202,0.15925562,0.012078418,null,null,null,null,"TWOGAUSSIANS",8,3.218229,0.20878898,0.0049700844,0.25315538,0.01534118,0.6859017,0.046074267,0.75020295,0.022216782,0.36451906,0.085348435,0.15925233,0.0120767355
375316653866487564,4105066347800441856,0.48063907,2244.5458503164937,3.174517085294154,4.6472007E-5,15.688687,0.049285892,0.2550191,0.010541084,0.1122268,0.030366862,0.2579149,0.041538443,0.76601124,0.012713832,0.08546869,0.020470886,0.2666748,0.056473076,null,null,null,null,"TWOGAUSSIANS",8,112.5083,0.76602125,0.012715092,0.4,0.0,0.24837156,0.047175203,0.2550191,0.010541084,0.4,0.0,0.23958413,0.028431615
375316653866487564,4105066352108162688,0.5411705,2267.5500274282585,0.2671027114329908,1.2900276E-5,19.273666,0.0617533,0.22710846,0.0078119175,0.11094712,0.016405847,0.40687028,0.059159964,0.7328618,0.005533845,0.11966809,0.02397819,0.30467287,0.04667482,null,null,null,null,"TWOGAUSSIANS",8,1.5035119,0.22708845,0.007808881,0.4,0.0,0.34405962,0.02009321,0.73287183,0.005545962,0.4,0.0,0.24179414,0.026722608
375316653866487564,4105068104498977920,0.5464275,2216.3202789224047,1.1512184970178807,9.023485E-6,18.874296,0.019329397,0.29797044,0.0015988189,0.03677989,0.0025116187,0.5048402,0.027597936,0.79514784,2.9174518E-4,0.036980577,0.0024585817,0.5192072,0.013660328,null,null,null,null,"TWOGAUSSIANS",8,5.9822807,0.79514784,2.9174518E-4,0.20709124,0.013768058,0.5192072,0.013660328,0.29797044,0.0015988189,0.2059674,0.014065064,0.5048402,0.027597936
375316653866487564,4105068409385633664,0.51765585,2225.387836130727,2.2956977289374065,1.5783426E-5,17.271292,0.0400112,0.25855514,0.0051712017,0.11144072,0.029530423,0.18966259,0.029096259,0.7387763,0.004548354,0.09757183,0.014980285,0.20251475,0.03799139,null,null,null,null,"TWOGAUSSIANS",8,10.116435,0.7387763,0.004548354,0.4,0.0,0.18483308,0.014143589,0.25855514,0.005177649,0.4,0.0,0.17196098,0.012848076
375316653866487564,4105069341405742208,0.54763365,2257.877066298561,0.8152988748004475,6.12468E-5,19.15939,0.005678479,0.3345662,0.06067767,0.051724546,0.036751147,0.13249837,0.064067185,0.8431521,2.8973844E-4,0.0064192438,2.251077E-4,0.4811828,0.011995146,null,null,null,null,"TWOGAUSSIANS",8,2.6081257,0.8431521,2.8973844E-4,0.035947762,0.0012606031,0.4811828,0.011995541,0.3345662,0.06067767,0.28965744,0.11711984,0.13249837,0.064067185
375316653866487564,4105070543997389312,0.52821386,2180.7894930839802,2.7375713521863814,1.8650611E-5,18.648338,0.079617344,0.25498173,0.012971979,0.114840284,0.03144765,0.40784797,0.082492575,0.7597537,0.0045754425,0.07985033,0.0118123805,0.64312166,0.07817248,null,null,null,null,"TWOGAUSSIANS",8,5.9899006,0.7597537,0.004575473,0.4,0.0,0.61007625,0.04486752,0.25498173,0.012971979,0.4,0.0,0.3747392,0.03823425
375316653866487564,4105070956357435520,0.58767015,2208.031805086296,0.4641872466057361,3.8600516E-5,16.40255,0.0015391961,0.27498633,0.00142242,0.026616892,0.0011172945,0.18291192,0.0035310949,null,null,null,null,null,null,null,null,null,null,"ONEGAUSSIAN",5,3.7472155,0.27498633,0.00142242,0.14905459,0.006256849,0.18291192,0.0,null,null,null,null,null,null
375316653866487564,4105071128156179072,0.55230993,2225.286432804859,3.2196081447002367,1.5154187E-5,17.76363,0.0058038705,0.20832343,0.0067165126,0.06054818,0.009044751,0.27273944,0.019158952,0.7155409,0.0059531913,0.06948838,0.0047484594,0.2586719,0.018556884,null,null,null,null,"TWOGAUSSIANS",8,6.19277,0.20832343,0.0067165126,0.33906978,0.050650604,0.27247667,0.019354988,0.7155409,0.0059531913,0.3891349,0.025501082,0.25840914,0.01850167
375316653866487564,4105072330705272320,0.62049,2216.742497575106,2.5984438695603775,8.321714E-6,15.614771,0.014180461,0.25131753,0.0019431632,0.04503356,0.010572012,0.19413888,0.136286,0.74900806,0.020510595,0.06816024,0.02417499,0.22528376,0.046691656,0.09950725,0.018539658,0.25131753,0.0019431632,"TWOGAUSSIANS_WITH_ELLIPSOIDAL_ON_ECLIPSE1",9,34.859165,0.74957806,0.019777691,0.3816974,0.048142437,0.42403322,0.03651552,0.25131753,0.0019431632,0.25218794,0.059203263,0.39292002,0.14694934
