Gaia/vari_eclipsing_binary/VariEclipsingBinary_674282-674297.csv
# %ECSV 1.0
# ---
# delimiter: ','
# meta: !!omap
# - RELEASE: Gaia DR3
# - TABLE: vari_eclipsing_binary
# - DESCRIPTION: >
#     This table describes the properties of the eclipsing binaries resulting from the variability analysis. 
# - CITATION: >
#     How to cite and acknowledge Gaia: 
#     https://gea.esac.esa.int/archive/documentation/credits.html 
# - KNOWN_ISSUES: >
#     Known issues: 
#     https://www.cosmos.esa.int/web/gaia-users/known-issues 
# - DOCUMENTATION: >
#     Tutorials and documentation: 
#     https://www.cosmos.esa.int/web/gaia-users/archive 
# datatype:
# - 
#   name: solution_id
#   datatype: int64
#   description: Solution Identifier
#   meta:
#     ucd: meta.version
# - 
#   name: source_id
#   datatype: int64
#   description: Unique source identifier
#   meta:
#     ucd: meta.id;meta.main
# - 
#   name: global_ranking
#   datatype: float32
#   description: Number between 0 (worst) and 1 (best)
#   meta:
#     ucd: stat.param
# - 
#   name: reference_time
#   datatype: float64
#   unit: d
#   description: Reference time used for the geometric model fit
#   meta:
#     ucd: time.epoch
# - 
#   name: frequency
#   datatype: float64
#   unit: d**-1
#   description: Frequency of geometric model of the eclipsing binary light curve
#   meta:
#     ucd: src.orbital
# - 
#   name: frequency_error
#   datatype: float32
#   unit: d**-1
#   description: "Uncertainty of \\texttt{frequency}"
#   meta:
#     ucd: stat.error
# - 
#   name: geom_model_reference_level
#   datatype: float32
#   unit: mag
#   description: Magnitude reference level of geometric model
#   meta:
#     ucd: phot.mag;em.opt
# - 
#   name: geom_model_reference_level_error
#   datatype: float32
#   unit: mag
#   description: "Uncertainty of \\texttt{geomModelReferenceLevel}"
#   meta:
#     ucd: stat.error;phot.mag;em.opt
# - 
#   name: geom_model_gaussian1_phase
#   datatype: float32
#   description: Phase of the Gaussian 1 component
#   meta:
#     ucd: time.phase
# - 
#   name: geom_model_gaussian1_phase_error
#   datatype: float32
#   description: "Uncertainty of \\texttt{geomModelGaussian1Phase}"
#   meta:
#     ucd: stat.error;time.phase
# - 
#   name: geom_model_gaussian1_sigma
#   datatype: float32
#   description: "Standard deviation [phase] of Gaussian 1 component"
#   meta:
#     ucd: stat.stdev
# - 
#   name: geom_model_gaussian1_sigma_error
#   datatype: float32
#   description: "Uncertainty of \\texttt{geomModelGaussian1Sigma}"
#   meta:
#     ucd: stat.error
# - 
#   name: geom_model_gaussian1_depth
#   datatype: float32
#   unit: mag
#   description: Magnitude depth of Gaussian 1 component
#   meta:
#     ucd: src.var.amplitude
# - 
#   name: geom_model_gaussian1_depth_error
#   datatype: float32
#   unit: mag
#   description: "Uncertainty of \\texttt{geomModelGaussian1Depth}"
#   meta:
#     ucd: stat.error;src.var.amplitude
# - 
#   name: geom_model_gaussian2_phase
#   datatype: float32
#   description: Phase of Gaussian 2 component
#   meta:
#     ucd: time.phase
# - 
#   name: geom_model_gaussian2_phase_error
#   datatype: float32
#   description: "Uncertainty of \\texttt{geomModelGaussian2Phase}"
#   meta:
#     ucd: stat.error;time.phase
# - 
#   name: geom_model_gaussian2_sigma
#   datatype: float32
[...]
#   datatype: float32
#   description: "Secondary eclipse: uncertainty of \\texttt{derivedSecondaryEclDuration}"
#   meta:
#     ucd: stat.error;time.duration
# - 
#   name: derived_secondary_ecl_depth
#   datatype: float32
#   unit: mag
#   description: "Secondary eclipse: depth"
#   meta:
#     ucd: src.var.amplitude
# - 
#   name: derived_secondary_ecl_depth_error
#   datatype: float32
#   unit: mag
#   description: "Secondary eclipse: uncertainty of \\texttt{derivedSecondaryEclDepth}"
#   meta:
#     ucd: stat.error;src.var.amplitude
solution_id,source_id,global_ranking,reference_time,frequency,frequency_error,geom_model_reference_level,geom_model_reference_level_error,geom_model_gaussian1_phase,geom_model_gaussian1_phase_error,geom_model_gaussian1_sigma,geom_model_gaussian1_sigma_error,geom_model_gaussian1_depth,geom_model_gaussian1_depth_error,geom_model_gaussian2_phase,geom_model_gaussian2_phase_error,geom_model_gaussian2_sigma,geom_model_gaussian2_sigma_error,geom_model_gaussian2_depth,geom_model_gaussian2_depth_error,geom_model_cosine_half_period_amplitude,geom_model_cosine_half_period_amplitude_error,geom_model_cosine_half_period_phase,geom_model_cosine_half_period_phase_error,model_type,num_model_parameters,reduced_chi2,derived_primary_ecl_phase,derived_primary_ecl_phase_error,derived_primary_ecl_duration,derived_primary_ecl_duration_error,derived_primary_ecl_depth,derived_primary_ecl_depth_error,derived_secondary_ecl_phase,derived_secondary_ecl_phase_error,derived_secondary_ecl_duration,derived_secondary_ecl_duration_error,derived_secondary_ecl_depth,derived_secondary_ecl_depth_error
[from data line 220]
375316653866487564,5931101243094018048,0.44954315,2173.821583121445,2.4040959998485807,4.0280713E-5,18.895924,0.0049258615,null,null,null,null,null,null,null,null,null,null,null,null,0.080566525,0.0055542523,0.24571556,0.0079054395,"ELLIPSOIDAL",4,4.510402,null,null,null,null,null,null,null,null,null,null,null,null
375316653866487564,5931101487882297088,0.48843518,2166.064245966394,1.6726683080132578,3.1010855E-5,19.081831,0.015894108,0.13305625,0.0081594605,0.047564615,0.008677753,0.3417585,0.03389225,0.6434344,0.018626224,0.08707452,0.0583776,0.09747002,0.032959588,null,null,null,null,"TWOGAUSSIANS",8,4.85994,0.13305625,0.0081594605,0.26636183,0.048595417,0.3415443,0.032972693,0.6434344,0.018626224,0.4,0.0,0.097255826,0.035478316
375316653866487564,5931101659682135424,0.5043375,2167.5013885006874,1.7885291408920765,4.075404E-5,18.176622,0.002217715,0.24892794,0.04586894,0.044648375,0.041216273,0.02220434,11799.738,0.7488756,0.01684186,0.023685023,0.009596719,0.24806133,0.14524944,null,null,null,null,"TWOGAUSSIANS",8,2.259288,0.7488756,0.01684186,0.13263613,0.053741626,0.24806133,0.14524944,0.24892794,0.04586894,0.2500309,0.23081113,0.02220434,11799.738
375316653866487564,5931102071999275136,0.49845225,2180.3451920553507,2.298192847271016,3.445662E-5,19.637033,0.013230301,0.19564134,0.006796155,0.058389563,0.005934989,0.41814843,0.090298,0.6965457,0.0036711267,0.06326089,0.0054394086,0.6449828,0.03351341,null,null,null,null,"TWOGAUSSIANS",8,3.798301,0.6965457,0.0036711267,0.35426098,0.030460687,0.6447651,0.03362202,0.19564134,0.006796155,0.32698157,0.033235937,0.41793072,0.09038756
375316653866487564,5931102651849662336,0.49459222,2177.480226765048,0.14851721465153256,2.5465259E-5,18.698038,0.0038414428,0.37073132,0.012743306,0.05584547,0.009935727,0.04312997,0.009715448,0.8156162,4.339432E-5,0.009442329,1.821913E-4,0.3252768,0.0028685576,null,null,null,null,"TWOGAUSSIANS",8,1.4173256,0.8156162,4.339432E-5,0.052877046,0.0010202713,0.3252768,0.0028685576,0.37073132,0.012743306,0.31273463,0.055640075,0.04312997,0.009715448
375316653866487564,5931102724836730880,0.5544365,2184.271847256974,2.5261727791671165,1.1097779E-5,19.32085,0.008515344,0.12462749,0.0061474065,0.061467294,0.0048929583,0.45936042,0.019518144,0.6200059,0.0075187194,0.067536816,0.0055457014,0.49205554,0.023759874,null,null,null,null,"TWOGAUSSIANS",8,2.5504148,0.6200059,0.0075187194,0.37820616,0.031055927,0.49160293,0.02372376,0.12462749,0.0061474065,0.34421685,0.027400568,0.4589078,0.019498441
375316653866487564,5931102759278342528,0.42425132,2152.2555759756547,2.844333950794529,6.229695E-5,19.27127,0.014523967,0.5132857,0.014379301,0.08125822,0.015586193,0.26129943,0.041212913,0.84515226,0.013100577,0.027592814,0.01114796,0.09180217,0.07866126,null,null,null,null,"TWOGAUSSIANS",8,7.512892,0.5132857,0.014379301,0.4,0.0027608753,0.26129943,0.041212924,0.84515226,0.013100577,0.15451975,0.06242858,0.09186456,0.07865451
375316653866487564,5931102793637608576,0.52805877,2205.9969718064685,0.7064738906772224,1.3829677E-5,17.693632,0.009437965,0.22183302,0.003952597,0.09905054,0.0079839,0.15672342,0.008731832,0.71009207,0.0025812073,0.111187935,0.0099022975,0.11088776,0.008802794,null,null,null,null,"TWOGAUSSIANS",8,2.052986,0.22184302,0.003953216,0.4,0.0,0.14333381,0.0048769084,0.71009207,0.0025812073,0.4,0.0,0.09748922,0.005403585
375316653866487564,5931102857986276224,0.627502,2223.766991864293,2.752820706575564,8.475252E-6,17.446594,0.03038984,0.31927076,0.0031685547,0.052758966,0.0053273244,0.40826273,0.06977532,0.8174049,0.0036661555,0.056653336,0.008774278,0.5273506,0.046398114,0.0891622,0.035397086,0.31927076,0.0031685547,"TWOGAUSSIANS_WITH_ELLIPSOIDAL_ON_ECLIPSE1",9,6.697583,0.81755495,0.0033784558,0.3172587,0.049135957,0.7056194,0.033305116,0.31927076,0.0031685547,0.2954502,0.029833015,0.5865541,0.011151702
375316653866487564,5931103171595126272,0.6315543,2212.5814200681166,1.8433692330998506,6.770017E-6,15.843752,0.009642052,0.26228255,0.0018922413,0.064967476,0.0066113123,0.19271569,0.019717118,0.7510643,0.005204106,0.047046874,0.010615461,0.1293487,0.022883771,0.08408434,0.010691046,0.26228255,0.0018922413,"TWOGAUSSIANS_WITH_ELLIPSOIDAL_ON_ECLIPSE1",9,20.54834,0.26228255,0.0018922413,0.36381787,0.037023347,0.36076838,0.006525396,0.7531343,0.0040481696,0.2634625,0.059446577,0.29672122,0.0254098
375316653866487564,5931103446389009664,0.45349222,2211.0787771311584,2.389090731455283,2.939709E-5,18.489727,0.039845757,0.24982522,0.019113107,0.051791366,0.032503076,0.24153283,0.06916192,0.7266942,0.010654086,0.017014168,0.013089005,0.34561372,0.16412477,0.1228465,0.056333218,0.7266942,0.010654086,"TWOGAUSSIANS_WITH_ELLIPSOIDAL_ON_ECLIPSE2",9,47.602917,0.7266942,0.010654086,0.09527934,0.073298424,0.59130573,0.11668236,0.24574523,0.01788913,0.29003164,0.18201722,0.48297295,0.06270021
375316653866487564,5931103682642163584,0.532525,2201.7468892224438,0.4229381799890103,1.0540986E-4,18.579483,0.0033101838,0.17866416,5.096466E-4,0.01622341,5.012991E-4,0.41909087,0.012730944,0.46621987,0.034535695,0.024204722,0.027673392,0.06505985,0.42610374,null,null,null,null,"TWOGAUSSIANS",8,2.233533,0.17866416,5.096466E-4,0.09085109,0.002807275,0.41909087,0.012730944,0.46621987,0.034535695,0.13554645,0.15497099,0.06505985,0.42610374
375316653866487564,5931103893065751936,0.4658946,2177.880839184932,2.489476789869765,2.8400742E-5,19.755869,0.035585266,0.2488693,0.009152887,0.092601486,0.017451739,0.35133442,0.082621165,0.7489909,0.0101107145,0.09807384,0.017009582,0.3007594,0.036057044,null,null,null,null,"TWOGAUSSIANS",8,2.1319537,0.2488693,0.009152887,0.4,0.0,0.3305599,0.08979415,0.7489909,0.0101107145,0.4,0.0,0.27998388,0.028151171
375316653866487564,5931104202303685760,0.45180002,2201.525994390062,2.4942304950223133,5.6317705E-5,19.70662,0.043502726,0.13664898,0.0070288326,0.07490367,0.01795998,0.33926255,0.036458883,0.6495072,0.014952002,0.09099128,0.02430221,0.35011554,0.039246306,null,null,null,null,"TWOGAUSSIANS",8,2.908618,0.6495072,0.014952002,0.4,0.0,0.34434035,0.034669608,0.13664898,0.0070366953,0.4,0.00919344,0.33348763,0.024716124
375316653866487564,5931104232368010240,0.49423614,2221.1733485069203,2.5124571746473197,3.1995845E-5,17.399752,0.014383591,0.19111997,0.008137401,0.08974733,0.010079393,0.28476495,0.02995384,0.70294785,0.0057350234,0.07616053,0.0081577115,0.2850518,0.020452209,null,null,null,null,"TWOGAUSSIANS",8,35.467045,0.70294785,0.0057350234,0.4,0.0,0.28018302,0.020193627,0.19111997,0.008137401,0.4,0.0,0.27989605,0.03075023
375316653866487564,5931104545899123840,0.5429142,2182.978357048283,0.1743009502019117,3.8438175E-5,18.300535,0.002779232,0.34016138,0.027156895,0.016495358,0.004352906,0.039545562,0.028610736,0.4854803,4.1149706E-5,0.0077881333,2.3423857E-4,0.71392363,0.018853595,null,null,null,null,"TWOGAUSSIANS",8,3.6220675,0.4854803,4.1149706E-5,0.043613546,0.001311736,0.71392363,0.018853595,0.34016138,0.027156895,0.092374004,0.024376271,0.039545562,0.028610736
375316653866487564,5931104580258914816,0.53068775,2179.006362834531,3.7733597095036258,1.11363715E-5,19.03812,0.009601844,0.26246902,0.0035893822,0.06896846,0.004875579,0.33835316,0.024717167,0.76363367,0.0021776038,0.06933263,0.0035551547,0.3226566,0.01363514,null,null,null,null,"TWOGAUSSIANS",8,2.3619454,0.26246902,0.0035893822,0.38622335,0.027303243,0.33742267,0.024869585,0.76363367,0.0021776038,0.38826275,0.019908866,0.32172614,0.013530892
375316653866487564,5931104717782713856,0.64338946,2190.459727426219,2.5282935956091115,2.8799248E-6,14.373438,0.059119225,0.29395816,0.0010913181,0.22803624,0.013345398,0.60854423,0.05861128,0.7933916,8.84308E-4,0.17090842,0.005455975,0.516047,0.03369393,null,null,null,null,"TWOGAUSSIANS",8,2.8673003,0.7933916,8.84308E-4,0.4,0.0,0.11361243,0.0018154392,0.29421815,0.001212873,0.4,0.0,0.11049525,0.0015425447
375316653866487564,5931104855221677568,0.6478462,2188.6757641845907,0.29545518190764325,2.5902176E-5,15.405405,0.0010790266,0.21888183,0.014810301,0.011205511,0.0048462586,2.007413,7.210541,0.78800404,0.0069776573,0.0075702984,0.005442089,0.06200372,194.77876,null,null,null,null,"TWOGAUSSIANS",8,10.875041,0.21888183,0.014810301,0.06275086,0.027139049,2.007413,7.210541,0.78800404,0.0069776573,0.04239367,0.030475698,0.06200372,194.77876
375316653866487564,5931105198734297728,0.5208908,2242.0792474552914,3.11868712424501,2.1728412E-5,19.045017,0.0146573195,0.2563269,0.007624177,0.083880775,0.009809337,0.5742437,0.01977715,0.76141614,0.005384093,0.07984848,0.005938463,0.46570933,0.020401457,null,null,null,null,"TWOGAUSSIANS",8,3.1963816,0.2563269,0.007624177,0.4,0.0,0.56535274,0.020961791,0.76141614,0.005384093,0.4,0.0,0.45681837,0.016886584
375316653866487564,5931105331902317312,0.6115921,2187.7677619849246,2.555095980150683,6.9538023E-6,18.415804,0.013558755,0.21250895,0.0016210489,0.048398476,0.0033761663,0.39595386,0.033247147,0.7086896,0.0046779676,0.0576193,0.005733974,0.40273857,0.03256251,0.09912246,0.016956782,0.21250895,0.0016210489,"TWOGAUSSIANS_WITH_ELLIPSOIDAL_ON_ECLIPSE1",9,4.6496015,0.7091296,0.0041732755,0.32266808,0.03211025,0.6008563,0.021185655,0.21250895,0.0016210489,0.27103147,0.018906532,0.5941727,0.021437917
375316653866487564,5931105469326368640,0.41561255,2192.705640154508,1.6227956662468197,5.3171996E-5,18.194458,0.037619688,0.26209253,0.03357768,0.09124668,0.03356049,0.14301164,0.04384648,0.76328886,0.018514125,0.107263274,0.040553633,0.17939362,0.030155161,null,null,null,null,"TWOGAUSSIANS",8,12.33374,0.76328886,0.018514125,0.4,0.0,0.16609104,0.013911963,0.26209253,0.033538595,0.4,0.0412322,0.12971586,0.025188465
375316653866487564,5931105538039289088,0.66202897,2178.053066136603,0.6408700311324453,5.012779E-5,12.668861,4.1700283E-4,0.7394582,3.5412557E-4,0.024683129,6.633937E-4,0.372585,0.009641592,null,null,null,null,null,null,null,null,null,null,"ONEGAUSSIAN",5,15.961845,0.7394582,3.5412557E-4,0.13822553,0.0037150048,0.372585,0.0,null,null,null,null,null,null
375316653866487564,5931105709866221312,0.5836577,2192.8684027239206,3.888317921624383,9.31702E-6,18.3266,0.010843979,0.34790564,0.0026786893,0.07561003,0.0043287026,0.38013935,0.018344712,0.8449157,0.0020222885,0.07357982,0.0032758177,0.47037125,0.01724401,null,null,null,null,"TWOGAUSSIANS",8,4.313428,0.8449157,0.0020222885,0.4,0.0,0.46750057,0.017151257,0.34790564,0.0026786893,0.4,0.0,0.37726867,0.018702907
375316653866487564,5931105847275680256,0.62148035,2193.6621057073753,2.282407133972134,4.0661494E-6,17.96025,0.0057301605,0.29110548,0.0010605857,0.09269462,0.003078134,0.3651534,0.008839391,0.78915113,0.0010390377,0.08756459,0.002015732,0.41803443,0.007900244,null,null,null,null,"TWOGAUSSIANS",8,1.5704064,0.78915113,0.0010390377,0.4,0.0,0.40189794,0.007843357,0.29110548,0.0010605857,0.4,0.0,0.34901664,0.010113218
375316653866487564,5931106160807355776,0.51978123,2196.66921721087,3.1306645319936206,1.45973745E-5,16.263535,0.10779845,0.23067622,0.0044031353,0.1716077,0.019150222,0.419173,0.09029418,0.729118,0.0050845197,0.18908483,0.026384246,0.44996622,0.09970566,null,null,null,null,"TWOGAUSSIANS",8,10.876498,0.729118,0.0050845197,0.4,0.0,0.13128743,0.0093975095,0.23141621,0.0042340546,0.4,0.0,0.11575377,0.004738961
375316653866487564,5931106328334368128,0.57224107,2183.867448363686,2.540400601444318,7.3506594E-6,18.913803,0.011543454,0.20293596,0.0035968656,0.07638301,0.0043233433,0.5292323,0.015902555,0.7046654,0.0023937798,0.06984387,0.003629957,0.47160998,0.028143043,null,null,null,null,"TWOGAUSSIANS",8,2.9076543,0.20293596,0.0035968656,0.4,0.0,0.52645344,0.015170215,0.7046654,0.0023937798,0.39112568,0.018356794,0.46883106,0.028327014
375316653866487564,5931106435685200640,0.4298863,2074.3922018452786,2.3346647811846437,7.091466E-5,17.765013,0.015453655,0.5036381,0.014886261,0.044250727,0.012774675,0.33040774,0.2467385,0.79247206,0.009252456,0.05202643,0.015628869,0.21347941,0.08166648,0.06504561,0.021479044,0.79247206,0.009252456,"TWOGAUSSIANS_WITH_ELLIPSOIDAL_ON_ECLIPSE2",9,53.893635,0.79247206,0.009252456,0.291348,0.08752167,0.34356755,0.08062026,0.5012381,0.016509056,0.24780408,0.07153818,0.33845752,0.24590877
375316653866487564,5931106435769708160,0.57803,2190.575175825279,2.248752294917816,5.070169E-6,17.867863,0.0101212235,0.19258551,0.001944939,0.036989786,0.0028407802,0.5974055,0.031606942,0.6967901,0.0020692442,0.038784858,0.003151443,0.5712166,0.036894403,0.07364085,0.01801615,0.19258551,0.001944939,"TWOGAUSSIANS_WITH_ELLIPSOIDAL_ON_ECLIPSE1",9,16.745878,0.19258551,0.001944939,0.2071428,0.01590837,0.7446871,0.029645784,0.6967901,0.0020692442,0.2171952,0.017648082,0.7183954,0.037488192
375316653866487564,5931106779284073856,0.5282205,2204.9724299779123,2.258281204314115,1.579444E-6,18.482382,0.004074729,0.28192618,0.0047449865,0.00798209,0.0010379617,4.466035,2.3417442,0.81393576,0.016101358,0.019843094,0.011873867,0.15485398,0.2327787,null,null,null,null,"TWOGAUSSIANS",8,4.999355,0.28192618,0.0047449865,0.044699706,0.0058125854,4.466035,2.3417442,0.81393576,0.016101358,0.11112133,0.06649366,0.15485398,0.2327787
375316653866487564,5931106916723192064,0.46737722,2199.963063072482,2.467131698506094,2.8831215E-5,18.647875,0.008629629,0.2311852,0.0020017466,0.038801815,0.003852525,0.15587132,0.015866436,0.7368171,0.014204622,0.063099585,0.02061644,0.16518585,0.045303795,null,null,null,null,"TWOGAUSSIANS",8,5.209519,0.7368171,0.014204622,0.35335767,0.08003399,0.16518444,0.04533583,0.2311852,0.0020017466,0.21729016,0.02157414,0.1558699,0.015861189
375316653866487564,5931107256054840576,0.61637956,2195.45742580678,1.0600721275462257,7.1754994E-6,18.575085,0.003134252,0.21878159,0.0046499716,0.045168523,0.0062335236,0.07975432,0.00821318,0.7039821,0.004181349,0.042177778,0.0032209407,0.5049587,0.025831938,null,null,null,null,"TWOGAUSSIANS",8,1.4795032,0.7039821,0.004181349,0.23619555,0.018037267,0.5049587,0.025831943,0.21878159,0.0046499716,0.25294372,0.034907732,0.079754315,0.008213194
375316653866487564,5931107294680510464,0.50857073,2199.575278229715,3.1377195429060354,1.4746904E-5,19.07236,0.017230881,0.25479743,0.0058439793,0.0909849,0.009120275,0.2124627,0.018998409,0.7469745,0.005487735,0.09437609,0.009255639,0.28188467,0.018070959,null,null,null,null,"TWOGAUSSIANS",8,1.6927241,0.7469745,0.005487735,0.4,0.0,0.27039164,0.011711644,0.25479743,0.0058439793,0.4,0.0,0.20097002,0.0128132
375316653866487564,5931107432119438848,0.49912828,2237.3432483823894,2.844050499182464,2.291677E-5,19.272707,0.037605222,0.102680236,0.0061505144,0.08762273,0.01486682,0.3266952,0.035001654,0.5903093,0.0089478465,0.10227251,0.019242203,0.34955463,0.03622367,null,null,null,null,"TWOGAUSSIANS",8,5.339481,0.5903093,0.0089478465,0.4,0.0,0.33182147,0.020482806,0.102680236,0.006160656,0.4,0.0,0.30896726,0.026053676
375316653866487564,5931107535281764736,0.52378935,2228.7091746933547,0.0860342653674916,5.285785E-5,11.95411,0.0030031812,0.112265624,0.023187404,0.014951975,0.014665121,0.09619505,0.4552787,0.8177085,0.021381669,0.027091967,0.018837092,0.17569138,0.7700971,0.02176386,0.0048233694,0.8177085,0.021381669,"TWOGAUSSIANS_WITH_ELLIPSOIDAL_ON_ECLIPSE2",9,401.12997,0.8177085,0.021381669,0.15171501,0.10548772,0.21921906,0.7704044,0.112605624,0.023688478,0.08373106,0.08212468,0.09954311,0.45446596
