Gaia/vari_eclipsing_binary/VariEclipsingBinary_608564-608616.csv
# %ECSV 1.0
# ---
# delimiter: ','
# meta: !!omap
# - RELEASE: Gaia DR3
# - TABLE: vari_eclipsing_binary
# - DESCRIPTION: >
#     This table describes the properties of the eclipsing binaries resulting from the variability analysis. 
# - CITATION: >
#     How to cite and acknowledge Gaia: 
#     https://gea.esac.esa.int/archive/documentation/credits.html 
# - KNOWN_ISSUES: >
#     Known issues: 
#     https://www.cosmos.esa.int/web/gaia-users/known-issues 
# - DOCUMENTATION: >
#     Tutorials and documentation: 
#     https://www.cosmos.esa.int/web/gaia-users/archive 
# datatype:
# - 
#   name: solution_id
#   datatype: int64
#   description: Solution Identifier
#   meta:
#     ucd: meta.version
# - 
#   name: source_id
#   datatype: int64
#   description: Unique source identifier
#   meta:
#     ucd: meta.id;meta.main
# - 
#   name: global_ranking
#   datatype: float32
#   description: Number between 0 (worst) and 1 (best)
#   meta:
#     ucd: stat.param
# - 
#   name: reference_time
#   datatype: float64
#   unit: d
#   description: Reference time used for the geometric model fit
#   meta:
#     ucd: time.epoch
# - 
#   name: frequency
#   datatype: float64
#   unit: d**-1
#   description: Frequency of geometric model of the eclipsing binary light curve
#   meta:
#     ucd: src.orbital
# - 
#   name: frequency_error
#   datatype: float32
#   unit: d**-1
#   description: "Uncertainty of \\texttt{frequency}"
#   meta:
#     ucd: stat.error
# - 
#   name: geom_model_reference_level
#   datatype: float32
#   unit: mag
#   description: Magnitude reference level of geometric model
#   meta:
#     ucd: phot.mag;em.opt
# - 
#   name: geom_model_reference_level_error
#   datatype: float32
#   unit: mag
#   description: "Uncertainty of \\texttt{geomModelReferenceLevel}"
#   meta:
#     ucd: stat.error;phot.mag;em.opt
# - 
#   name: geom_model_gaussian1_phase
#   datatype: float32
#   description: Phase of the Gaussian 1 component
#   meta:
#     ucd: time.phase
# - 
#   name: geom_model_gaussian1_phase_error
#   datatype: float32
#   description: "Uncertainty of \\texttt{geomModelGaussian1Phase}"
#   meta:
#     ucd: stat.error;time.phase
# - 
#   name: geom_model_gaussian1_sigma
#   datatype: float32
#   description: "Standard deviation [phase] of Gaussian 1 component"
#   meta:
#     ucd: stat.stdev
# - 
#   name: geom_model_gaussian1_sigma_error
#   datatype: float32
#   description: "Uncertainty of \\texttt{geomModelGaussian1Sigma}"
#   meta:
#     ucd: stat.error
# - 
#   name: geom_model_gaussian1_depth
#   datatype: float32
#   unit: mag
#   description: Magnitude depth of Gaussian 1 component
#   meta:
#     ucd: src.var.amplitude
# - 
#   name: geom_model_gaussian1_depth_error
#   datatype: float32
#   unit: mag
#   description: "Uncertainty of \\texttt{geomModelGaussian1Depth}"
#   meta:
#     ucd: stat.error;src.var.amplitude
# - 
#   name: geom_model_gaussian2_phase
#   datatype: float32
#   description: Phase of Gaussian 2 component
#   meta:
#     ucd: time.phase
# - 
#   name: geom_model_gaussian2_phase_error
#   datatype: float32
#   description: "Uncertainty of \\texttt{geomModelGaussian2Phase}"
#   meta:
#     ucd: stat.error;time.phase
# - 
#   name: geom_model_gaussian2_sigma
#   datatype: float32
[...]
#   datatype: float32
#   description: "Secondary eclipse: uncertainty of \\texttt{derivedSecondaryEclDuration}"
#   meta:
#     ucd: stat.error;time.duration
# - 
#   name: derived_secondary_ecl_depth
#   datatype: float32
#   unit: mag
#   description: "Secondary eclipse: depth"
#   meta:
#     ucd: src.var.amplitude
# - 
#   name: derived_secondary_ecl_depth_error
#   datatype: float32
#   unit: mag
#   description: "Secondary eclipse: uncertainty of \\texttt{derivedSecondaryEclDepth}"
#   meta:
#     ucd: stat.error;src.var.amplitude
solution_id,source_id,global_ranking,reference_time,frequency,frequency_error,geom_model_reference_level,geom_model_reference_level_error,geom_model_gaussian1_phase,geom_model_gaussian1_phase_error,geom_model_gaussian1_sigma,geom_model_gaussian1_sigma_error,geom_model_gaussian1_depth,geom_model_gaussian1_depth_error,geom_model_gaussian2_phase,geom_model_gaussian2_phase_error,geom_model_gaussian2_sigma,geom_model_gaussian2_sigma_error,geom_model_gaussian2_depth,geom_model_gaussian2_depth_error,geom_model_cosine_half_period_amplitude,geom_model_cosine_half_period_amplitude_error,geom_model_cosine_half_period_phase,geom_model_cosine_half_period_phase_error,model_type,num_model_parameters,reduced_chi2,derived_primary_ecl_phase,derived_primary_ecl_phase_error,derived_primary_ecl_duration,derived_primary_ecl_duration_error,derived_primary_ecl_depth,derived_primary_ecl_depth_error,derived_secondary_ecl_phase,derived_secondary_ecl_phase_error,derived_secondary_ecl_duration,derived_secondary_ecl_duration_error,derived_secondary_ecl_depth,derived_secondary_ecl_depth_error
[from data line 585]
375316653866487564,5353300774510038400,0.5283333,2236.407660704609,2.421614039899421,1.6432363E-5,18.84194,0.03246786,0.30459452,0.0048951795,0.112150826,0.016067216,0.22449937,0.02984688,0.8030051,0.005085205,0.10785962,0.021884792,0.18122025,0.024972485,null,null,null,null,"TWOGAUSSIANS",8,1.3266349,0.30459452,0.0048953183,0.4,0.0,0.19447999,0.010041346,0.8030051,0.005085205,0.4,0.0,0.15121476,0.011742296
375316653866487564,5353301148165082880,0.46640313,2238.567703977472,4.0287862732228685,8.44881E-5,18.030928,0.0026214013,0.28011963,0.02579361,0.028822448,0.021560315,0.018616663,0.010094732,0.48115218,0.008837651,0.039804872,0.003580282,0.23812142,0.05464225,null,null,null,null,"TWOGAUSSIANS",8,3.741565,0.48115218,0.008837651,0.22290729,0.02004958,0.23812142,0.05464225,0.28011963,0.025798699,0.16140571,0.12073776,0.018617352,0.010098769
375316653866487564,5353302178960781952,0.61766636,2255.0341546294567,1.8437195108471778,1.0470015E-5,17.447664,0.0065803956,0.2839175,0.0016301499,0.07326829,0.0033729067,0.40728983,0.009369741,0.7948834,0.0061885864,0.084700845,0.006398419,0.1833858,0.008373755,null,null,null,null,"TWOGAUSSIANS",8,4.506172,0.2839175,0.0016301499,0.4,0.0015743048,0.40449068,0.009569459,0.7948834,0.0061885864,0.4,0.0,0.18058664,0.007945887
375316653866487564,5353302389421691776,0.5608325,2186.390800052359,2.9391747456595025,7.983857E-6,19.648245,0.0077631315,0.25375932,0.0034197376,0.04387723,0.005713274,0.390233,0.07039497,0.7488806,0.003469687,0.029560896,0.009214817,0.4444833,0.13899659,0.1339644,0.011945477,0.25375932,0.0034197376,"TWOGAUSSIANS_WITH_ELLIPSOIDAL_ON_ECLIPSE1",9,1.3594465,0.74907064,0.0034175834,0.16554101,0.05160297,0.71216977,0.15496974,0.25375932,0.0034197376,0.24571247,0.03199433,0.6581611,0.066147104
375316653866487564,5353302419477454080,0.4252206,2218.260109614702,0.33682003917889886,5.938379E-5,17.086937,0.0038760263,0.21607745,0.009030783,0.018104192,0.03199633,0.09098433,0.044845093,0.6587933,0.03525105,0.04335363,0.028255507,0.028653894,0.0075303437,null,null,null,null,"TWOGAUSSIANS",8,10.001639,0.21607745,0.009030783,0.10138348,0.17917944,0.09098433,0.04484517,0.6587933,0.03525105,0.24278031,0.15823084,0.028653894,0.0075303353
375316653866487564,5353302526873313664,0.68263584,2204.8915090735586,0.2776622412569828,1.0070838E-6,15.13542,5.857919E-4,0.2262685,1.6228067E-4,0.0148070855,1.6836064E-4,0.41075802,0.0056358213,0.72653794,3.384647E-4,0.014476604,2.1366408E-4,0.401203,0.007174895,null,null,null,null,"TWOGAUSSIANS",8,6.549749,0.2262685,1.6228067E-4,0.08291968,9.428196E-4,0.41075802,0.0056358213,0.72653794,3.384647E-4,0.08106898,0.0011965189,0.401203,0.007174895
375316653866487564,5353302767391538688,0.57591,2223.051525603701,3.2927515681878594,8.522767E-6,15.906157,0.0012835588,0.2348814,0.0022119386,0.06643416,0.0030659854,0.077719755,0.0014717926,0.73913914,0.0022000556,0.071210496,0.0022900603,0.082852244,0.002659212,null,null,null,null,"TWOGAUSSIANS",8,2.488768,0.73913914,0.0022000556,0.39877877,0.009112821,0.08265666,0.0026449072,0.2348814,0.0022119386,0.3720313,0.017169518,0.07752417,0.0014410267
375316653866487564,5353303866903162752,0.6136198,2215.410433528102,1.1271395904581814,3.1194234E-6,15.692236,0.007994908,0.27862504,0.001229593,0.09182864,0.0039215004,0.2195084,0.0075033735,0.78617364,0.0014830325,0.09769733,0.005698108,0.13904454,0.008484051,null,null,null,null,"TWOGAUSSIANS",8,7.3516006,0.27862504,0.001229593,0.4,0.0,0.2099499,0.005079193,0.78617364,0.0014830325,0.4,0.0,0.1294856,0.0070710764
375316653866487564,5353306821827918848,0.5784746,2210.2518193721044,1.5831256901960948,1.0811405E-5,18.737476,0.005073917,0.19841595,0.0026081305,0.036552284,0.0014204709,0.79212934,0.03156831,0.6918399,0.0021294008,0.041720957,0.0022558372,0.35460085,0.014060933,null,null,null,null,"TWOGAUSSIANS",8,3.7027938,0.19841595,0.0026081305,0.2046928,0.0079546375,0.79212934,0.03156831,0.6918399,0.0021294008,0.23363736,0.0126326885,0.35460085,0.014060934
375316653866487564,5353307062358829312,0.6339988,2180.080430960181,1.3804117599594334,2.6995735E-6,15.004511,0.0035103224,0.24351817,0.0011860298,0.08794852,0.0016410394,0.35367656,0.0049902922,0.74311984,0.0015832601,0.09527873,0.0021424696,0.28144816,0.005743155,null,null,null,null,"TWOGAUSSIANS",8,21.542803,0.24351817,0.0011860298,0.4,0.0,0.33863416,0.0046867514,0.74311984,0.0015832601,0.4,0.0,0.26640525,0.0057683713
375316653866487564,5353307298568153472,0.50352615,2202.251191829051,3.070112870726501,2.8459894E-5,18.852451,0.08999149,0.25808886,0.008451,0.106878854,0.024954313,0.33988065,0.08374341,0.75094634,0.006529833,0.11328986,0.030110031,0.32894033,0.085565895,null,null,null,null,"TWOGAUSSIANS",8,5.46169,0.25809884,0.008436973,0.4,0.0,0.29286367,0.028005332,0.75094634,0.006529833,0.4,0.0,0.28189573,0.015433619
375316653866487564,5353307440303446528,0.46663743,2171.73815752392,2.426096882789071,2.4792987E-5,19.264252,0.01168808,0.15846641,0.017048456,0.020647459,0.010519614,0.20867111,0.05150384,0.66303915,0.012817727,0.039380766,0.009831631,0.7294585,0.13251309,null,null,null,null,"TWOGAUSSIANS",8,18.393473,0.66303915,0.012817727,0.2205323,0.05505713,0.7294585,0.13251309,0.15846641,0.017048456,0.11562576,0.05890984,0.20867111,0.05150384
375316653866487564,5353308402376253824,0.54694915,2187.026556858251,3.2604346127396364,2.898411E-5,19.547918,0.021421744,0.2449297,0.004029296,0.045079134,0.0056528393,0.43770942,0.06435015,0.7396046,0.007000441,0.028407257,0.01329601,0.40135416,0.08035943,0.14787105,0.02776984,0.2449297,0.004029296,"TWOGAUSSIANS_WITH_ELLIPSOIDAL_ON_ECLIPSE1",9,4.7778554,0.2449297,0.004029296,0.25244313,0.0316559,0.73345137,0.043274168,0.73984456,0.0065049324,0.15908064,0.07445765,0.69678,0.10977553
375316653866487564,5353308711626349696,0.51117593,2227.3078427146997,1.9448754108460111,8.567605E-6,14.935757,0.0013400416,null,null,null,null,null,null,null,null,null,null,null,null,0.046895355,0.002718778,0.25819057,0.002275331,"ELLIPSOIDAL",4,30.751617,null,null,null,null,null,null,null,null,null,null,null,null
375316653866487564,5353308879108463360,0.53399396,2216.92852706185,2.9860063438513236,9.625057E-6,17.654877,0.009676164,0.24650338,0.005503811,0.08420077,0.011405487,0.2564256,0.03401756,0.7385269,0.004253579,0.081634544,0.0051110713,0.29222143,0.014362146,null,null,null,null,"TWOGAUSSIANS",8,8.120294,0.7385269,0.004253579,0.4,0.0,0.28720662,0.013367127,0.24650338,0.005503811,0.4,0.0,0.25141078,0.036896795
375316653866487564,5353308917784825728,0.53497016,2230.370227766779,3.174245896026826,1.4495303E-5,17.335854,0.044439606,0.24696857,0.0036276712,0.10691884,0.019334115,0.22436054,0.040327035,0.74777883,0.0101624355,0.102278195,0.022576274,0.20263352,0.044681147,null,null,null,null,"TWOGAUSSIANS",8,9.946816,0.24696857,0.0036251717,0.4,0.0,0.20005679,0.010802152,0.74777883,0.010178654,0.4,0.0,0.17833516,0.017412048
375316653866487564,5353309158302980864,0.53172684,2232.2963131156175,1.0173627309481768,3.567435E-5,15.4558735,0.0014043598,0.2659576,0.0039029925,0.04064804,0.0036112352,0.04881567,0.0034574205,0.74063915,0.07506008,0.06474769,0.08705239,0.011368314,0.009891429,null,null,null,null,"TWOGAUSSIANS",8,3.6346228,0.2659576,0.0039029925,0.22762902,0.020222917,0.04881552,0.0034572594,0.74063915,0.07506008,0.36258706,0.4874934,0.01136816,0.00989192
375316653866487564,5353309703744390528,0.5662101,2180.4700915413464,3.0028677853015027,6.5792888E-6,19.011658,0.019361908,0.22387858,0.003649108,0.0828666,0.006430227,0.461957,0.019445568,0.722152,0.0022504423,0.07929478,0.005821728,0.4707944,0.026799474,null,null,null,null,"TWOGAUSSIANS",8,3.2547643,0.722152,0.0022504423,0.4,0.0,0.46301633,0.027400607,0.22387858,0.003649108,0.4,0.0,0.45417893,0.01778971
375316653866487564,5353310017284201088,0.4740755,2234.539466753962,0.08654135459260306,6.0215076E-5,18.871233,0.0037993959,0.24628507,0.011848123,0.016356388,0.009170238,0.060558114,0.020910315,0.80416685,0.01747954,0.02602499,0.02219114,0.7165317,55.415142,null,null,null,null,"TWOGAUSSIANS",8,3.0752337,0.80416685,0.01747954,0.14573994,0.12427039,0.7165317,55.415142,0.24628507,0.011848123,0.09159577,0.05135333,0.060558114,0.020910315
375316653866487564,5353310116059188736,0.5737229,2216.1778693440797,2.4649160069284815,9.471692E-6,16.74058,0.0077737086,0.26221725,0.0046643713,0.025327276,0.007097613,0.103794254,0.018360268,0.74691486,0.003431934,0.041340906,0.002267146,0.53158987,0.024819857,0.044585593,0.010223294,0.26221725,0.0046643713,"TWOGAUSSIANS_WITH_ELLIPSOIDAL_ON_ECLIPSE1",9,22.716385,0.74725485,0.0033422646,0.23150907,0.0126960175,0.61995715,0.017275233,0.26221725,0.0046643713,0.14183275,0.039746635,0.19296528,0.009114584
375316653866487564,5353310635759891328,0.50763845,2211.0673691327793,1.655007864952898,1.9101175E-5,18.165216,0.040167265,0.25547332,0.004819998,0.13236846,0.028452396,0.12446917,0.03898251,0.7650464,0.0044763377,0.12407084,0.021611543,0.15372783,0.038355578,null,null,null,null,"TWOGAUSSIANS",8,2.6506193,0.76519644,0.0043491726,0.4,0.0,0.115791366,0.006217274,0.2553433,0.0048625125,0.4,0.0,0.08642285,0.0072011156
375316653866487564,5353312250679590656,0.59517205,2220.2765351882595,2.6647880712254572,5.4325924E-6,17.994955,0.0028440524,0.2682382,0.0014974996,0.038073797,0.0025567294,0.13773003,0.008136745,0.76032716,0.008669241,0.04410661,0.005841363,0.12843396,0.011286408,0.08998848,0.0050368,0.2682382,0.0014974996,"TWOGAUSSIANS_WITH_ELLIPSOIDAL_ON_ECLIPSE1",9,2.1466675,0.2682382,0.0014974996,0.21321325,0.014317684,0.31770664,0.0060995705,0.76172715,0.0075144903,0.24699701,0.032711636,0.30804482,0.009989275
375316653866487564,5353312315082440192,0.6687532,2207.8476506429683,0.46250697004723135,2.2982688E-6,15.680119,0.0016809563,0.33200034,0.010859131,0.024350023,0.004214012,0.4629988,0.0963856,0.8295957,8.1468874E-4,0.025943715,4.988197E-4,0.49546996,0.006225638,null,null,null,null,"TWOGAUSSIANS",8,12.823526,0.8295957,8.1468874E-4,0.1452848,0.0027933903,0.49546996,0.006225638,0.33200034,0.010859131,0.13636012,0.023598468,0.4629988,0.0963856
375316653866487564,5353312766075708672,0.45599356,2224.183877081905,0.6963958521206833,1.0070839E-6,18.293308,0.0037365693,0.17173265,2.0235186E-4,0.012566433,2.9390128E-4,0.18401031,0.0037229883,null,null,null,null,null,null,null,null,null,null,"ONEGAUSSIAN",5,5.0817366,0.17173265,2.0235186E-4,0.07037203,0.0016458472,0.18401031,0.0,null,null,null,null,null,null
375316653866487564,5353313796867959808,0.6723176,2185.0242667746616,1.1143053082466723,4.0558652E-6,16.166828,0.0015595125,0.26713243,0.0013017212,0.03162445,0.0021134808,0.2250866,0.0151395,0.7655484,4.9088406E-4,0.030312533,6.8922725E-4,0.5546193,0.0059149945,0.017752673,0.0028014402,0.26713243,0.0013017212,"TWOGAUSSIANS_WITH_ELLIPSOIDAL_ON_ECLIPSE1",9,6.176859,0.7655584,4.9071497E-4,0.16975018,0.0038596725,0.59012115,0.0055871517,0.26713243,0.0013017212,0.17709692,0.011835492,0.26059192,0.014620658
375316653866487564,5353314758929156864,0.5796422,2198.7831207579416,1.9392004488034376,1.0350119E-5,18.995052,0.01097874,0.21981868,0.0044236006,0.09586906,0.0064630155,0.23077758,0.010602464,0.72490036,0.0033981248,0.0698613,0.0042850142,0.55679274,0.014775043,null,null,null,null,"TWOGAUSSIANS",8,1.8566055,0.72490036,0.0033981248,0.3912233,0.019939769,0.55056596,0.014626367,0.21981868,0.0044236006,0.4,0.0,0.22455023,0.008257657
375316653866487564,5353314930739321856,0.62013996,2193.672758292022,2.7121837100774684,7.0762417E-6,17.59889,0.00821343,0.27249873,0.0010523907,0.075703435,0.002002825,0.48322764,0.007524757,0.7729115,0.002089567,0.08514128,0.002601288,0.51400435,0.014806819,null,null,null,null,"TWOGAUSSIANS",8,7.502567,0.7729115,0.002089567,0.4,0.0,0.5061192,0.0147997,0.27249873,0.0010523907,0.4,0.0,0.47534257,0.0061777057
375316653866487564,5353315270020326016,0.6035725,2187.465837586424,1.4197756373154715,4.2091083E-6,15.523277,0.0030336138,0.24993002,5.711034E-4,0.043240245,0.0011681109,0.26678097,0.0061227935,0.7551832,0.011110196,0.028053435,0.008799118,0.05053702,0.013044375,0.027772047,0.0032571408,0.24993002,5.711034E-4,"TWOGAUSSIANS_WITH_ELLIPSOIDAL_ON_ECLIPSE1",9,20.148592,0.24993002,5.711034E-4,0.24214537,0.006541421,0.32232502,0.0034292587,0.7551832,0.010950919,0.15709923,0.04927506,0.1060206,0.012293834
375316653866487564,5353317645158618624,0.525031,2203.7516235453886,0.8085785659448201,1.3413099E-5,15.576429,0.0012317254,0.19757995,0.0059906654,0.0313814,0.004444413,0.025256554,0.003978393,0.677644,0.018815076,0.059363507,0.03300809,0.007625842,0.0034991722,0.008814511,0.0017758053,0.19757995,0.0059906654,"TWOGAUSSIANS_WITH_ELLIPSOIDAL_ON_ECLIPSE1",9,2.8489978,0.19757995,0.0059906654,0.17573582,0.024888713,0.04288524,0.0022703018,0.68547404,0.009882247,0.33243564,0.18484531,0.025086682,0.0023796381
375316653866487564,5353317816945801984,0.54928434,2205.6702944321178,3.2879896002519104,8.522114E-6,18.609089,0.013151526,0.22440746,0.0035940895,0.09068442,0.0051247035,0.2725777,0.014168487,0.7231318,0.0022455452,0.0911967,0.0061546685,0.28408277,0.010305856,null,null,null,null,"TWOGAUSSIANS",8,2.455744,0.7231318,0.0022455452,0.4,0.0,0.27160642,0.0065582152,0.22440746,0.0035940895,0.4,0.0,0.26010138,0.01007027
375316653866487564,5353318263636788608,0.44258657,2147.132267654704,1.0938000030328747,9.67946E-5,17.7344,0.01485903,0.385944,0.025617696,0.047674216,0.070751086,0.32876664,0.1873452,0.7413524,0.0042460756,0.026776368,0.0028165483,0.4241692,0.053407077,null,null,null,null,"TWOGAUSSIANS",8,6.828418,0.7413524,0.0042460756,0.14994766,0.01577267,0.4241692,0.053445455,0.385944,0.025617696,0.2669756,0.19251622,0.32876664,0.18734813
375316653866487564,5353318985188399872,0.65226936,2229.306011784386,0.5147742250539795,9.279302E-6,14.701182,0.0012543538,0.22107433,0.0019439296,0.023173802,0.0022882128,0.21816808,0.012755306,0.71344084,0.017393166,0.018830007,0.008052255,0.20580454,0.12707059,0.007283119,0.0019655137,0.22107433,0.0019439296,"TWOGAUSSIANS_WITH_ELLIPSOIDAL_ON_ECLIPSE1",9,7.507204,0.22107433,0.0019439296,0.12977329,0.012813992,0.23273431,0.011066593,0.71346086,0.017363712,0.10544804,0.045092627,0.22033735,0.1256072
375316653866487564,5353319053896278656,0.5151702,2236.4353882948863,3.85926242438592,2.3620463E-5,19.760597,0.08303565,0.21349685,0.0055129305,0.092397735,0.018513177,0.3705879,0.07544499,0.7307438,0.00979325,0.091762334,0.044429228,0.39813605,0.07443629,null,null,null,null,"TWOGAUSSIANS",8,1.8732011,0.7307438,0.00981008,0.4,0.0,0.38326418,0.11915645,0.21349685,0.0055017187,0.4,0.0,0.355716,0.026076602
375316653866487564,5353319260054920064,0.5509205,2239.8783921434365,2.2450642467392448,9.126515E-6,18.314535,0.011412818,0.26126757,0.0054115234,0.08471775,0.0055589518,0.40520227,0.014585664,0.7664454,0.002993804,0.08083491,0.006660208,0.41329518,0.011815096,null,null,null,null,"TWOGAUSSIANS",8,6.639983,0.7664454,0.002993804,0.4,0.0,0.4055182,0.01281169,0.26126757,0.0054115234,0.4,0.0,0.39742526,0.012636379
375316653866487564,5353319397505334144,0.6631902,2223.939533114593,0.4715823705480827,2.317612E-6,16.18357,0.001106048,0.2548402,0.009190357,0.029792352,0.0060039507,0.27793068,0.033175193,0.7581565,5.8376195E-4,0.031047814,6.2972266E-4,0.26684856,0.0065717143,0.014352135,0.0017838599,0.2548402,0.009190357,"TWOGAUSSIANS_WITH_ELLIPSOIDAL_ON_ECLIPSE1",9,2.7601092,0.2548402,0.009190357,0.16683717,0.033622123,0.3066349,0.034047775,0.7581565,5.8376195E-4,0.17386775,0.0035264469,0.29554033,0.006529365
