Gaia/vari_eclipsing_binary/VariEclipsingBinary_487125-487173.csv
# %ECSV 1.0
# ---
# delimiter: ','
# meta: !!omap
# - RELEASE: Gaia DR3
# - TABLE: vari_eclipsing_binary
# - DESCRIPTION: >
#     This table describes the properties of the eclipsing binaries resulting from the variability analysis. 
# - CITATION: >
#     How to cite and acknowledge Gaia: 
#     https://gea.esac.esa.int/archive/documentation/credits.html 
# - KNOWN_ISSUES: >
#     Known issues: 
#     https://www.cosmos.esa.int/web/gaia-users/known-issues 
# - DOCUMENTATION: >
#     Tutorials and documentation: 
#     https://www.cosmos.esa.int/web/gaia-users/archive 
# datatype:
# - 
#   name: solution_id
#   datatype: int64
#   description: Solution Identifier
#   meta:
#     ucd: meta.version
# - 
#   name: source_id
#   datatype: int64
#   description: Unique source identifier
#   meta:
#     ucd: meta.id;meta.main
# - 
#   name: global_ranking
#   datatype: float32
#   description: Number between 0 (worst) and 1 (best)
#   meta:
#     ucd: stat.param
# - 
#   name: reference_time
#   datatype: float64
#   unit: d
#   description: Reference time used for the geometric model fit
#   meta:
#     ucd: time.epoch
# - 
#   name: frequency
#   datatype: float64
#   unit: d**-1
#   description: Frequency of geometric model of the eclipsing binary light curve
#   meta:
#     ucd: src.orbital
# - 
#   name: frequency_error
#   datatype: float32
#   unit: d**-1
#   description: "Uncertainty of \\texttt{frequency}"
#   meta:
#     ucd: stat.error
# - 
#   name: geom_model_reference_level
#   datatype: float32
#   unit: mag
#   description: Magnitude reference level of geometric model
#   meta:
#     ucd: phot.mag;em.opt
# - 
#   name: geom_model_reference_level_error
#   datatype: float32
#   unit: mag
#   description: "Uncertainty of \\texttt{geomModelReferenceLevel}"
#   meta:
#     ucd: stat.error;phot.mag;em.opt
# - 
#   name: geom_model_gaussian1_phase
#   datatype: float32
#   description: Phase of the Gaussian 1 component
#   meta:
#     ucd: time.phase
# - 
#   name: geom_model_gaussian1_phase_error
#   datatype: float32
#   description: "Uncertainty of \\texttt{geomModelGaussian1Phase}"
#   meta:
#     ucd: stat.error;time.phase
# - 
#   name: geom_model_gaussian1_sigma
#   datatype: float32
#   description: "Standard deviation [phase] of Gaussian 1 component"
#   meta:
#     ucd: stat.stdev
# - 
#   name: geom_model_gaussian1_sigma_error
#   datatype: float32
#   description: "Uncertainty of \\texttt{geomModelGaussian1Sigma}"
#   meta:
#     ucd: stat.error
# - 
#   name: geom_model_gaussian1_depth
#   datatype: float32
#   unit: mag
#   description: Magnitude depth of Gaussian 1 component
#   meta:
#     ucd: src.var.amplitude
# - 
#   name: geom_model_gaussian1_depth_error
#   datatype: float32
#   unit: mag
#   description: "Uncertainty of \\texttt{geomModelGaussian1Depth}"
#   meta:
#     ucd: stat.error;src.var.amplitude
# - 
#   name: geom_model_gaussian2_phase
#   datatype: float32
#   description: Phase of Gaussian 2 component
#   meta:
#     ucd: time.phase
# - 
#   name: geom_model_gaussian2_phase_error
#   datatype: float32
#   description: "Uncertainty of \\texttt{geomModelGaussian2Phase}"
#   meta:
#     ucd: stat.error;time.phase
# - 
#   name: geom_model_gaussian2_sigma
#   datatype: float32
[...]
#   datatype: float32
#   description: "Secondary eclipse: uncertainty of \\texttt{derivedSecondaryEclDuration}"
#   meta:
#     ucd: stat.error;time.duration
# - 
#   name: derived_secondary_ecl_depth
#   datatype: float32
#   unit: mag
#   description: "Secondary eclipse: depth"
#   meta:
#     ucd: src.var.amplitude
# - 
#   name: derived_secondary_ecl_depth_error
#   datatype: float32
#   unit: mag
#   description: "Secondary eclipse: uncertainty of \\texttt{derivedSecondaryEclDepth}"
#   meta:
#     ucd: stat.error;src.var.amplitude
solution_id,source_id,global_ranking,reference_time,frequency,frequency_error,geom_model_reference_level,geom_model_reference_level_error,geom_model_gaussian1_phase,geom_model_gaussian1_phase_error,geom_model_gaussian1_sigma,geom_model_gaussian1_sigma_error,geom_model_gaussian1_depth,geom_model_gaussian1_depth_error,geom_model_gaussian2_phase,geom_model_gaussian2_phase_error,geom_model_gaussian2_sigma,geom_model_gaussian2_sigma_error,geom_model_gaussian2_depth,geom_model_gaussian2_depth_error,geom_model_cosine_half_period_amplitude,geom_model_cosine_half_period_amplitude_error,geom_model_cosine_half_period_phase,geom_model_cosine_half_period_phase_error,model_type,num_model_parameters,reduced_chi2,derived_primary_ecl_phase,derived_primary_ecl_phase_error,derived_primary_ecl_duration,derived_primary_ecl_duration_error,derived_primary_ecl_depth,derived_primary_ecl_depth_error,derived_secondary_ecl_phase,derived_secondary_ecl_phase_error,derived_secondary_ecl_duration,derived_secondary_ecl_duration_error,derived_secondary_ecl_depth,derived_secondary_ecl_depth_error
[from data line 338]
375316653866487564,4285099080364417664,0.47761646,2202.820399616153,3.510064186542273,1.8380422E-5,19.71513,0.037841395,0.23510231,0.007310001,0.09161054,0.015951963,0.33005118,0.061584983,0.7615075,0.006439169,0.09594011,0.012439391,0.33143282,0.04091084,null,null,null,null,"TWOGAUSSIANS",8,2.2286928,0.7615075,0.0064388104,0.4,0.0,0.3185565,0.032752454,0.23510231,0.007310441,0.4,0.0,0.3171761,0.061681475
375316653866487564,4285099114743978112,0.50363827,2217.1456097406076,3.4690751522029655,2.4118108E-5,19.357786,0.053771216,0.172677,0.005309718,0.07925749,0.017805086,0.41865632,0.03904699,0.6839239,0.030828359,0.06096561,0.018495398,0.45546836,0.16396724,null,null,null,null,"TWOGAUSSIANS",8,8.345536,0.6839239,0.030828359,0.34140742,0.087339915,0.45435122,0.16305585,0.172677,0.005309718,0.4,0.0,0.41753915,0.033216678
375316653866487564,4285100244294288512,0.51575685,2175.247167283812,3.8223664465009626,5.1862226E-5,19.757906,0.013290315,0.28702486,0.0109215835,0.03904561,0.010293915,0.42600614,0.91153187,0.60819596,0.008618665,0.041419975,0.0118471775,0.9522906,0.62076545,null,null,null,null,"TWOGAUSSIANS",8,2.9877412,0.60819596,0.008618665,0.23195186,0.066344194,0.9522906,0.62076545,0.28702486,0.0109215835,0.21865542,0.057645924,0.42600614,0.91153187
375316653866487564,4285100897130365440,0.51851237,2292.743783244666,3.119050310501308,2.027956E-4,18.756403,0.02336635,0.22772709,0.025976703,0.087514274,0.02472417,0.2038429,0.09840199,0.7443798,0.027585687,0.08233197,0.030418452,0.17978005,0.034448445,null,null,null,null,"TWOGAUSSIANS",8,1.734351,0.22772709,0.02597637,0.4,0.021715675,0.2000895,0.0997811,0.7443798,0.027585687,0.4,0.0,0.17602672,0.021228064
375316653866487564,4285103164872045056,0.5625342,2218.8284040801414,3.8760720751827558,2.134823E-5,19.176895,0.010226056,0.20341435,0.00410365,0.067233354,0.004346672,0.60503894,0.028736655,0.7019093,0.015030009,0.0659979,0.0169803,0.5138657,0.13462256,null,null,null,null,"TWOGAUSSIANS",8,2.9989195,0.20341435,0.00410365,0.37650678,0.024341363,0.6041039,0.02866917,0.7019093,0.015030009,0.36958823,0.053068895,0.5129307,0.13583346
375316653866487564,4285103753304682752,0.51118004,2281.2262105637374,0.022604323858423828,5.418474E-6,17.557783,0.0048281197,0.2427108,2.892347E-4,0.042623777,0.0027985582,1.0750601,0.40991375,0.72145075,0.011425698,0.059803296,0.01191345,0.3305952,0.4102461,null,null,null,null,"TWOGAUSSIANS",8,4.826289,0.2427108,2.892347E-4,0.23869315,0.015671926,1.0750576,0.40991604,0.72145075,0.011425698,0.33489844,0.06671532,0.3305927,0.4102487
375316653866487564,4285103852066813568,0.5192776,2196.8637965632643,3.1797355132602316,2.641964E-5,19.112808,0.0990147,0.21237995,0.017726487,0.100499764,0.0320356,0.2991801,0.07985009,0.7158814,0.010304397,0.14017005,0.05294143,0.28328297,0.0781708,null,null,null,null,"TWOGAUSSIANS",8,1.9789605,0.21230994,0.017670283,0.4,0.0,0.23640552,0.034170333,0.7158814,0.010308599,0.4,0.0,0.21952954,0.051894136
375316653866487564,4285105230764711808,0.53021264,2247.934738080883,3.2557549322231263,1.8254084E-5,19.685633,0.016652048,0.304807,0.003069273,0.06663136,0.0098983925,0.5657484,0.10305257,0.7955343,0.00764796,0.06587556,0.007101799,0.42926165,0.030084744,null,null,null,null,"TWOGAUSSIANS",8,1.9831281,0.304807,0.003069273,0.37313563,0.04426201,0.56513715,0.10385375,0.7955343,0.00764796,0.36890313,0.039770074,0.4286504,0.029949099
375316653866487564,4285105638786417792,0.60790193,2247.976324373663,2.8461764653079773,5.4389066E-6,18.123285,0.0070272917,0.24509305,0.00328739,0.06633207,0.0041857776,0.47882006,0.011975657,0.74122757,0.0057370765,0.06624022,0.006398261,0.49388605,0.01556226,null,null,null,null,"TWOGAUSSIANS",8,4.9643836,0.74122757,0.0057370765,0.37094525,0.035593618,0.4931761,0.015432157,0.24509305,0.00328739,0.3714596,0.023440355,0.47811007,0.012085476
375316653866487564,4285105746157544064,0.5060188,2179.82486549531,4.087392802353807,4.0003648E-5,19.716738,0.02683299,0.46405414,0.009309529,0.13193524,0.0119060585,0.6476982,0.036649983,0.85555655,8.367388E-4,0.010717704,0.0029418364,1.1749785,1.4024953,null,null,null,null,"TWOGAUSSIANS",8,3.7051933,0.85555655,8.367388E-4,0.06001914,0.016474282,1.1819391,1.401338,0.46405414,0.009309529,0.4,0.0,0.6467126,0.036672764
375316653866487564,4285105917968956416,0.5849072,2236.221825804673,2.727637001122616,1.0093104E-5,17.948801,0.04169511,0.20722753,0.0056531397,0.10128437,0.01322804,0.28469324,0.040762614,0.7052799,0.003462177,0.11510964,0.015975624,0.26814595,0.03865761,null,null,null,null,"TWOGAUSSIANS",8,2.145932,0.20722753,0.005658574,0.4,0.0,0.24742138,0.0090235025,0.7052799,0.003462177,0.4,0.0,0.23083402,0.012086378
375316653866487564,4285110277341129216,0.52668846,2201.2077198048014,0.06524074528245583,5.1462554E-5,19.360237,0.027216192,0.34939334,0.021095036,0.052796137,0.019091211,0.3735162,0.4623192,0.8316304,0.016474172,0.071429476,0.01936767,0.4198252,0.09095029,null,null,null,null,"TWOGAUSSIANS",8,1.7282329,0.8316304,0.016474172,0.4,0.09921593,0.41969174,0.09113711,0.34939334,0.021095036,0.29565838,0.10691078,0.37338275,0.4624427
375316653866487564,4285110724017845248,0.46392813,2170.546337880425,1.0074519237924382,9.525428E-6,19.743137,0.023625605,0.24623972,0.15336458,0.049362984,0.037089072,0.5575707,0.51037896,0.81571454,0.0021954267,0.06648444,0.006084826,0.7382331,0.08826881,null,null,null,null,"TWOGAUSSIANS",8,6.6728168,0.81571454,0.0021954267,0.3723128,0.034075025,0.73822576,0.088287055,0.24623972,0.15353087,0.2764327,0.20769879,0.55756336,0.51025325
375316653866487564,4285111896563562880,0.55891335,2258.7021666440073,3.270233848099996,1.3699355E-5,18.897436,0.014561897,0.26508224,0.0020786158,0.06549172,0.0033569173,0.52317524,0.02190712,0.77907294,0.036433566,0.057246678,0.015021141,0.5526965,0.20413461,null,null,null,null,"TWOGAUSSIANS",8,3.6596305,0.77907294,0.036433566,0.3205814,0.08411839,0.55252993,0.20404896,0.26508224,0.0020786158,0.3667536,0.018798737,0.52300864,0.0218633
375316653866487564,4285112583758460032,0.5692793,2198.597032837914,2.4855670137020396,1.1287064E-5,17.107533,0.015816461,0.21695936,0.0053716754,0.087486774,0.008386368,0.41053966,0.024378492,0.7095403,0.003482892,0.08410461,0.0042243637,0.4568115,0.014619537,null,null,null,null,"TWOGAUSSIANS",8,21.33242,0.7095403,0.003482892,0.4,0.0,0.4458964,0.010738028,0.21695936,0.0053716754,0.4,0.0,0.3996245,0.024695717
375316653866487564,4285112721197473152,0.6464879,2180.3024442427654,3.0180627447421227,1.2509962E-5,16.26683,0.0328516,0.22768576,0.0026031057,0.057014234,0.006709268,0.36504015,0.06622204,0.71013397,0.013512658,0.056785546,0.01108612,0.4572586,0.09309517,0.08574612,0.035010602,0.22768576,0.0026031057,"TWOGAUSSIANS_WITH_ELLIPSOIDAL_ON_ECLIPSE1",9,21.686874,0.711654,0.012259612,0.31799906,0.062082272,0.6268206,0.034912106,0.22768576,0.0026031057,0.3192797,0.0375719,0.5365001,0.020788962
375316653866487564,4285112991761200384,0.59797007,2223.294838782251,1.8499778142821277,6.134889E-6,16.67711,0.008095149,0.17875656,0.017096108,0.07330334,0.009098876,0.2553629,0.031580523,0.68319625,0.0026383759,0.078985654,0.0038051542,0.31751463,0.008628279,null,null,null,null,"TWOGAUSSIANS",8,8.680046,0.68319625,0.0026383759,0.4,0.0,0.3151467,0.007686641,0.17875656,0.017096108,0.4,0.033671405,0.25299495,0.03011063
375316653866487564,4285113305313015424,0.59813815,2182.271655991841,1.9312038269288467,7.761478E-6,17.712421,0.017188564,0.2255516,0.008304175,0.09517373,0.0145289665,0.29564738,0.020757223,0.7226519,0.008677383,0.09174139,0.013257711,0.19164114,0.019306256,null,null,null,null,"TWOGAUSSIANS",8,1.6761347,0.2255516,0.008304175,0.4,0.0,0.2828811,0.023583839,0.7226519,0.008677383,0.4,0.0,0.17887534,0.006610454
375316653866487564,4285113511458017408,0.5650537,2248.8950323511663,1.5265531799428964,7.010216E-6,18.69442,0.006820822,0.11302597,0.0021783998,0.015370586,0.00516728,0.24582207,0.06335968,0.6051628,0.007195051,0.057208337,0.0040295264,0.3611378,0.024564158,null,null,null,null,"TWOGAUSSIANS",8,4.201083,0.6051628,0.007195051,0.32036668,0.022565348,0.3611378,0.024564158,0.11302597,0.0021783998,0.08607528,0.028936768,0.24582207,0.06335968
375316653866487564,4285113816398799744,0.46437156,2224.766393506947,4.202069905818118,1.0906941E-5,18.728617,0.008151855,0.3701279,2.805109E-4,0.022972153,8.3225674E-4,0.28703734,0.00859303,0.85387033,0.0026187394,0.034267753,0.011016154,0.7349117,7.31986,null,null,null,null,"TWOGAUSSIANS",8,3.0339053,0.85387033,0.0026187394,0.1918994,0.06169046,0.7349117,7.31986,0.3701279,2.805109E-4,0.12864406,0.0046606376,0.28703734,0.00859303
375316653866487564,4285115744857110144,0.5177575,2216.7172019736545,0.06523078958966774,1.381169E-5,19.422829,0.006782872,0.34189034,0.0114108315,0.056353793,0.013182418,0.18437369,0.039300006,0.82459676,0.0057397354,0.075981066,0.009652651,0.19131783,0.013390332,null,null,null,null,"TWOGAUSSIANS",8,0.85374445,0.82459676,0.0057397354,0.4,0.0,0.1911388,0.013591626,0.34189034,0.0114108315,0.31558123,0.073821545,0.18419467,0.03943285
375316653866487564,4285116706913994880,0.56008184,2225.643595221477,3.4602307453220322,2.2877306E-5,19.879398,0.014881764,0.24708402,0.008308324,0.046813387,0.008496416,0.7715161,0.14991677,0.744437,0.007984052,0.053272855,0.010922164,0.8971164,0.08933857,null,null,null,null,"TWOGAUSSIANS",8,1.9050419,0.744437,0.007984052,0.29832798,0.06116412,0.8971108,0.0893612,0.24708402,0.008308324,0.26215497,0.047579926,0.77151054,0.1499359
375316653866487564,4285117699046309376,0.51792026,2213.9710663489172,2.6507997870026223,1.1477775E-5,19.445707,0.0134592345,0.31673914,0.00557977,0.086297035,0.0063942564,0.3585893,0.027595948,0.81817275,0.0033751226,0.07407342,0.005757596,0.41600904,0.022841034,null,null,null,null,"TWOGAUSSIANS",8,2.4929442,0.81817275,0.0033751226,0.4,0.004349786,0.41024524,0.02253939,0.31673914,0.00557977,0.4,0.0,0.35282543,0.027090264
375316653866487564,4285118081316469376,0.47496015,2200.4223811804886,0.2714654735738181,4.1309206E-5,17.838593,0.016777482,0.286394,0.012030136,0.06354004,0.010650355,0.092695355,0.016189862,0.6846532,0.038326148,0.11382451,0.08687884,0.042661212,0.013068926,null,null,null,null,"TWOGAUSSIANS",8,2.025197,0.286524,0.011764173,0.35582423,0.05964199,0.092453316,0.013778937,0.6846532,0.038326148,0.4,0.0,0.042325266,0.008014648
375316653866487564,4285118253103156608,0.55195796,2220.759122133918,2.394420466801182,1.940824E-5,18.138905,0.014917341,0.32723737,0.015970908,0.10405472,0.021262111,0.23478435,0.017455518,0.8378092,0.00391779,0.08859836,0.009558939,0.21371871,0.014477336,null,null,null,null,"TWOGAUSSIANS",8,2.427258,0.32723737,0.015970908,0.4,0.0,0.22140855,0.012523622,0.8378092,0.003924446,0.4,0.0,0.20034793,0.009975822
375316653866487564,4285118253115241216,0.50601095,2199.7107158041313,3.7550439111886447,1.5677299E-5,18.58137,0.00434966,0.18393818,0.007192612,0.08523484,0.0079178,0.14817168,0.0067097466,0.6779186,0.004467531,0.066427484,0.0067472453,0.18341547,0.027198048,null,null,null,null,"TWOGAUSSIANS",8,1.5531555,0.6779186,0.004467531,0.37199393,0.035502326,0.18218341,0.027844146,0.18393818,0.007192612,0.4,0.0,0.1469396,0.0064942953
375316653866487564,4285118351880727424,0.59680057,2217.8445732915275,1.404029883887891,1.891697E-5,17.199268,0.003377318,0.1770471,0.0046788636,0.037786085,0.0070926524,0.10526242,0.013499149,0.6721188,0.03480829,0.030298334,0.01593488,0.24132103,0.69804204,0.031302646,0.006291134,0.1770471,0.0046788636,"TWOGAUSSIANS_WITH_ELLIPSOIDAL_ON_ECLIPSE1",9,2.6356182,0.6722088,0.034707453,0.16967066,0.089235336,0.30386737,0.69875693,0.1770471,0.0046788636,0.21160206,0.039718855,0.16786768,0.016187163
375316653866487564,4285118661118662912,0.55147076,2198.9349921525213,2.4130395422323367,4.226996E-5,19.139462,0.011593962,0.168153,0.011417803,0.087715395,0.012606297,0.100538865,0.013446777,0.660319,0.0036260665,0.06251414,0.0075171525,0.41367057,0.011415233,null,null,null,null,"TWOGAUSSIANS",8,1.7193426,0.660319,0.0036260665,0.35007918,0.042096052,0.41253188,0.010888311,0.168153,0.011417803,0.4,0.0,0.09940014,0.012561645
375316653866487564,4285118695478183168,0.58376354,2198.9151472163003,2.84358256214357,1.7845587E-5,17.620392,0.017547185,0.15586042,0.0056067784,0.052299388,0.02124955,0.28467348,0.040208243,0.6327045,0.048877634,0.050185777,0.02789661,0.31191555,0.11760698,0.117127806,0.02442743,0.15586042,0.0056067784,"TWOGAUSSIANS_WITH_ELLIPSOIDAL_ON_ECLIPSE1",9,15.857598,0.6356945,0.04841217,0.28104034,0.15622102,0.54187405,0.13949925,0.15586042,0.0056067784,0.29287657,0.11899748,0.51892585,0.02869405
375316653866487564,4285120761376049152,0.49048325,2201.223869372986,0.13900164882399202,2.9233199E-5,16.584225,0.0034538459,0.25168553,0.0069807596,0.04316502,0.009992773,0.12837131,0.038046364,0.7220586,0.0106444545,0.066156514,0.011427448,0.06706338,0.0060070865,null,null,null,null,"TWOGAUSSIANS",8,10.818177,0.25168553,0.0069807596,0.24172412,0.05595953,0.12836997,0.03805642,0.7220586,0.0106444545,0.37047648,0.0636863,0.06706203,0.0060061114
375316653866487564,4285121998315006976,0.51914656,2200.1297917755196,2.861282579177469,1.612409E-5,19.798576,0.018698044,0.2537237,0.01654037,0.07896113,0.010937631,0.3925401,0.05215312,0.73656297,0.00762341,0.072291814,0.010809275,0.34006628,0.05578079,null,null,null,null,"TWOGAUSSIANS",8,1.9887472,0.2537237,0.01654037,0.4,0.0,0.3904214,0.05144445,0.73656297,0.00762341,0.4,0.028372595,0.33794758,0.05650489
375316653866487564,4285122028373788928,0.45887592,2213.732726350027,2.9214103478052764,7.102461E-5,19.785894,0.04405836,0.25895643,0.01656758,0.08896727,0.023915483,0.21021473,0.05870584,0.75183886,0.01433857,0.09735816,0.021149863,0.30650035,0.04560446,null,null,null,null,"TWOGAUSSIANS",8,2.9650652,0.75183886,0.01433857,0.4,0.0,0.29392165,0.03319336,0.25895643,0.01656758,0.4,0.0,0.1976372,0.050509345
375316653866487564,4285123681943076864,0.48031995,2176.753055384523,2.6058594427079225,3.941963E-5,19.813848,0.025744157,0.1760468,0.013409899,0.081834584,0.03393212,0.12160529,0.026717564,0.6669517,0.014876447,0.050750975,0.014485074,0.32999015,0.051700067,null,null,null,null,"TWOGAUSSIANS",8,2.7301059,0.6669517,0.014876447,0.28420547,0.081116416,0.3297761,0.0510859,0.1760468,0.013409899,0.4,0.0011561451,0.12139125,0.026791498
375316653866487564,4285124296115340032,0.54608136,2225.7127485375295,3.3895887168931145,2.3244036E-5,18.692442,0.035713267,0.24663514,0.011197661,0.09888484,0.0149437785,0.36319962,0.034124378,0.71326506,0.0048049553,0.10863503,0.010966541,0.32398337,0.03525442,null,null,null,null,"TWOGAUSSIANS",8,3.3813782,0.24666515,0.011185983,0.4,0.0,0.33812323,0.036452774,0.71326506,0.0048049553,0.4,0.0,0.29887864,0.016970154
375316653866487564,4285124369139431168,0.48840573,2170.1652717693605,3.890522011353341,3.154394E-5,19.874773,0.02631255,0.24865988,0.006163001,0.086899064,0.013506365,0.26959416,0.024694517,0.75701755,0.003486834,0.062785015,0.0077693425,0.31016567,0.022472879,null,null,null,null,"TWOGAUSSIANS",8,1.7220677,0.75701755,0.003486834,0.3515961,0.043508317,0.308404,0.02009212,0.24865988,0.006163001,0.4,0.0,0.26783243,0.023110395
375316653866487564,4285125086389472128,0.49783182,2186.9712977567774,4.185193151812559,1.09231E-5,19.41469,0.006492177,0.25363207,0.046053547,0.08529322,0.04934669,0.15129265,0.046680737,0.79164416,0.0014530277,0.067675024,0.0037300407,0.26475608,0.01602383,null,null,null,null,"TWOGAUSSIANS",8,1.3065281,0.79164416,0.0014530277,0.37898013,0.020888228,0.26396844,0.01600853,0.25363207,0.046053547,0.4,0.18181562,0.15050493,0.047017977
