Gaia/vari_eclipsing_binary/VariEclipsingBinary_630271-630379.csv
# %ECSV 1.0
# ---
# delimiter: ','
# meta: !!omap
# - RELEASE: Gaia DR3
# - TABLE: vari_eclipsing_binary
# - DESCRIPTION: >
#     This table describes the properties of the eclipsing binaries resulting from the variability analysis. 
# - CITATION: >
#     How to cite and acknowledge Gaia: 
#     https://gea.esac.esa.int/archive/documentation/credits.html 
# - KNOWN_ISSUES: >
#     Known issues: 
#     https://www.cosmos.esa.int/web/gaia-users/known-issues 
# - DOCUMENTATION: >
#     Tutorials and documentation: 
#     https://www.cosmos.esa.int/web/gaia-users/archive 
# datatype:
# - 
#   name: solution_id
#   datatype: int64
#   description: Solution Identifier
#   meta:
#     ucd: meta.version
# - 
#   name: source_id
#   datatype: int64
#   description: Unique source identifier
#   meta:
#     ucd: meta.id;meta.main
# - 
#   name: global_ranking
#   datatype: float32
#   description: Number between 0 (worst) and 1 (best)
#   meta:
#     ucd: stat.param
# - 
#   name: reference_time
#   datatype: float64
#   unit: d
#   description: Reference time used for the geometric model fit
#   meta:
#     ucd: time.epoch
# - 
#   name: frequency
#   datatype: float64
#   unit: d**-1
#   description: Frequency of geometric model of the eclipsing binary light curve
#   meta:
#     ucd: src.orbital
# - 
#   name: frequency_error
#   datatype: float32
#   unit: d**-1
#   description: "Uncertainty of \\texttt{frequency}"
#   meta:
#     ucd: stat.error
# - 
#   name: geom_model_reference_level
#   datatype: float32
#   unit: mag
#   description: Magnitude reference level of geometric model
#   meta:
#     ucd: phot.mag;em.opt
# - 
#   name: geom_model_reference_level_error
#   datatype: float32
#   unit: mag
#   description: "Uncertainty of \\texttt{geomModelReferenceLevel}"
#   meta:
#     ucd: stat.error;phot.mag;em.opt
# - 
#   name: geom_model_gaussian1_phase
#   datatype: float32
#   description: Phase of the Gaussian 1 component
#   meta:
#     ucd: time.phase
# - 
#   name: geom_model_gaussian1_phase_error
#   datatype: float32
#   description: "Uncertainty of \\texttt{geomModelGaussian1Phase}"
#   meta:
#     ucd: stat.error;time.phase
# - 
#   name: geom_model_gaussian1_sigma
#   datatype: float32
#   description: "Standard deviation [phase] of Gaussian 1 component"
#   meta:
#     ucd: stat.stdev
# - 
#   name: geom_model_gaussian1_sigma_error
#   datatype: float32
#   description: "Uncertainty of \\texttt{geomModelGaussian1Sigma}"
#   meta:
#     ucd: stat.error
# - 
#   name: geom_model_gaussian1_depth
#   datatype: float32
#   unit: mag
#   description: Magnitude depth of Gaussian 1 component
#   meta:
#     ucd: src.var.amplitude
# - 
#   name: geom_model_gaussian1_depth_error
#   datatype: float32
#   unit: mag
#   description: "Uncertainty of \\texttt{geomModelGaussian1Depth}"
#   meta:
#     ucd: stat.error;src.var.amplitude
# - 
#   name: geom_model_gaussian2_phase
#   datatype: float32
#   description: Phase of Gaussian 2 component
#   meta:
#     ucd: time.phase
# - 
#   name: geom_model_gaussian2_phase_error
#   datatype: float32
#   description: "Uncertainty of \\texttt{geomModelGaussian2Phase}"
#   meta:
#     ucd: stat.error;time.phase
# - 
#   name: geom_model_gaussian2_sigma
#   datatype: float32
[...]
#   datatype: float32
#   description: "Secondary eclipse: uncertainty of \\texttt{derivedSecondaryEclDuration}"
#   meta:
#     ucd: stat.error;time.duration
# - 
#   name: derived_secondary_ecl_depth
#   datatype: float32
#   unit: mag
#   description: "Secondary eclipse: depth"
#   meta:
#     ucd: src.var.amplitude
# - 
#   name: derived_secondary_ecl_depth_error
#   datatype: float32
#   unit: mag
#   description: "Secondary eclipse: uncertainty of \\texttt{derivedSecondaryEclDepth}"
#   meta:
#     ucd: stat.error;src.var.amplitude
solution_id,source_id,global_ranking,reference_time,frequency,frequency_error,geom_model_reference_level,geom_model_reference_level_error,geom_model_gaussian1_phase,geom_model_gaussian1_phase_error,geom_model_gaussian1_sigma,geom_model_gaussian1_sigma_error,geom_model_gaussian1_depth,geom_model_gaussian1_depth_error,geom_model_gaussian2_phase,geom_model_gaussian2_phase_error,geom_model_gaussian2_sigma,geom_model_gaussian2_sigma_error,geom_model_gaussian2_depth,geom_model_gaussian2_depth_error,geom_model_cosine_half_period_amplitude,geom_model_cosine_half_period_amplitude_error,geom_model_cosine_half_period_phase,geom_model_cosine_half_period_phase_error,model_type,num_model_parameters,reduced_chi2,derived_primary_ecl_phase,derived_primary_ecl_phase_error,derived_primary_ecl_duration,derived_primary_ecl_duration_error,derived_primary_ecl_depth,derived_primary_ecl_depth_error,derived_secondary_ecl_phase,derived_secondary_ecl_phase_error,derived_secondary_ecl_duration,derived_secondary_ecl_duration_error,derived_secondary_ecl_depth,derived_secondary_ecl_depth_error
[from data line 539]
375316653866487564,5544524980653291648,0.5705298,2192.327928504546,4.095746603126071,9.552838E-6,18.42336,0.011786823,0.27881062,0.0017997518,0.04710803,0.0037438674,0.3140518,0.029512381,0.77381593,0.0030846007,0.03561513,0.010934615,0.369819,0.15062547,0.13378708,0.017699124,0.27881062,0.0017997518,"TWOGAUSSIANS_WITH_ELLIPSOIDAL_ON_ECLIPSE1",9,8.673518,0.7741559,0.0030561576,0.19944473,0.06123384,0.6371468,0.17036378,0.27881062,0.0017997518,0.26380497,0.020965656,0.5816252,0.016711079
375316653866487564,5544526806025485056,0.563233,2224.9607301674396,0.7278817993282086,2.107835E-5,15.329328,0.0010040546,0.27950883,0.0059068585,0.01996063,0.004918554,0.06530893,0.032770712,0.7818935,0.0020986341,0.023311906,0.0020692954,0.20003141,0.053697906,0.017074293,0.0017182834,0.27950883,0.0059068585,"TWOGAUSSIANS_WITH_ELLIPSOIDAL_ON_ECLIPSE1",9,9.1294775,0.7818935,0.0020962819,0.13054667,0.011588055,0.23417233,0.054083314,0.27950883,0.0059068585,0.11177953,0.0275439,0.09945751,0.033257067
375316653866487564,5544527458848049536,0.5425326,2208.979816662657,1.4545137679316344,6.4600076E-6,19.504295,0.010260079,0.13982812,0.0038220524,0.060139276,0.006592505,0.47428212,0.02919431,0.6387723,0.0023653721,0.054270495,0.0026542684,0.69125515,0.04138475,null,null,null,null,"TWOGAUSSIANS",8,2.8879588,0.6387723,0.0023653721,0.30391476,0.014863904,0.6911778,0.04140386,0.13982812,0.0038220524,0.33677992,0.03691803,0.47420475,0.029254107
375316653866487564,5544528695810936832,0.68306154,2216.8227334054277,1.9803095087588078,4.0910118E-6,16.07263,0.0050859265,0.24918559,0.0020069475,0.056066528,0.005468447,0.12500668,0.012034614,0.74783224,7.011718E-4,0.0494795,0.0011221631,0.5749895,0.013488724,0.068864405,0.0074916356,0.24918559,0.0020069475,"TWOGAUSSIANS_WITH_ELLIPSOIDAL_ON_ECLIPSE1",9,9.152026,0.74789226,6.371779E-4,0.2770852,0.0062841135,0.7127012,0.012338533,0.24918559,0.0020069475,0.31397256,0.030623306,0.26272792,0.006828284
375316653866487564,5544529344339586816,0.4948399,2253.03263704407,0.19463753736912773,1.0072094E-5,19.951368,0.006983625,0.22459194,8.830158E-4,0.009732018,0.0011852325,0.26960206,0.020040454,0.72047454,0.0021636211,0.0098434035,0.0018324363,0.53621966,0.10154659,null,null,null,null,"TWOGAUSSIANS",8,1.6476699,0.72047454,0.0021636211,0.055123057,0.010261644,0.53621966,0.10154659,0.22459194,8.830158E-4,0.054499306,0.006637302,0.26960206,0.020040454
375316653866487564,5544530890528208896,0.55506265,2239.604135672018,0.9107070467636581,1.472802E-5,18.639412,0.0057867295,0.13386825,0.024748683,0.044912815,0.014042191,0.39873272,0.06882921,0.6185624,0.009587176,0.07453332,0.0095015615,0.13161431,0.01301897,null,null,null,null,"TWOGAUSSIANS",8,2.317375,0.13386825,0.024748683,0.25151178,0.078636274,0.39869812,0.06869562,0.6185624,0.009587176,0.4,0.0033884319,0.13157971,0.013010952
375316653866487564,5544530890528240640,0.5445115,2234.2664269074803,0.3776440194351269,1.7252203E-5,17.580843,0.0032030991,0.17528434,0.0018596682,0.019662416,0.003009931,0.045846734,0.003852915,0.673161,0.002110729,0.035972744,0.003418354,0.30199093,0.013745585,null,null,null,null,"TWOGAUSSIANS",8,8.076363,0.673161,0.002110729,0.20144737,0.019142782,0.30199093,0.013745585,0.17528434,0.0018596682,0.11010953,0.016855612,0.045846734,0.003852915
375316653866487564,5544531165406270848,0.48437995,2201.3951867980954,3.9969915904988538,3.5834903E-5,19.889776,0.007197664,0.48772746,0.0058758855,0.11097018,0.008258556,0.31152052,0.020953747,0.80938816,0.025148764,0.05095408,0.016472446,0.05673874,0.02751075,null,null,null,null,"TWOGAUSSIANS",8,1.9114746,0.48772746,0.0058758855,0.4,0.0,0.31146443,0.020993222,0.80938816,0.025148764,0.28534284,0.09224569,0.061349366,0.026832044
375316653866487564,5544531616380643456,0.44816086,2194.4759903237587,0.3121828090800352,1.047604E-5,18.891638,0.008039579,0.299895,0.02994215,0.054322254,0.037145987,0.06028165,0.05776389,0.76171386,0.00267928,0.01324919,0.0021741923,0.48344636,0.18254735,null,null,null,null,"TWOGAUSSIANS",8,6.542138,0.76171386,0.00267928,0.07419546,0.012175477,0.48344636,0.18254735,0.299895,0.02994215,0.3042046,0.20801753,0.06028165,0.05776389
375316653866487564,5544532402357099776,0.54652816,2241.8929732446904,0.9963213982939919,1.2109712E-6,17.959736,0.0033314126,0.48573476,4.423772E-5,0.016645996,1.0425496E-4,3.0441322,0.041110754,0.7958246,0.01177503,0.004391816,0.004974233,0.09059526,1870.4801,0.003936936,0.005007963,0.7958246,0.01177503,"TWOGAUSSIANS_WITH_ELLIPSOIDAL_ON_ECLIPSE2",9,6.152156,0.48573476,3.9408482E-5,0.09321758,5.838278E-4,3.0452023,0.040846847,0.7958246,0.01177503,0.02459417,0.027855705,0.098469116,1870.4801
375316653866487564,5544532574155472768,0.5090945,2207.4304370074065,2.006766867072533,3.5642195E-5,19.759174,0.020174751,0.31352776,0.008051274,0.0780825,0.011713287,0.30336705,0.022679117,0.7875797,0.036902964,0.0782754,0.03518297,0.37445793,0.09616719,null,null,null,null,"TWOGAUSSIANS",8,1.5018499,0.7875797,0.036902964,0.4,0.15253727,0.37210473,0.09818217,0.31352776,0.008051274,0.4,0.0,0.30101386,0.021925552
375316653866487564,5544532711594627456,0.47347805,2252.6040012491126,3.3443029786148832,2.0906084E-5,16.683455,0.32361716,0.27719647,0.00591017,0.22444753,0.107240066,0.43450984,0.31819296,0.778951,0.020624451,0.15335542,0.06622988,0.34869942,0.24751183,null,null,null,null,"TWOGAUSSIANS",8,17.45876,0.27685645,0.006105953,0.4,0.0,0.113731466,0.007763261,0.780051,0.019663012,0.4,0.0,0.09714083,0.008693224
375316653866487564,5544533162578040448,0.50295657,2242.3950166661452,0.25992584744632086,8.297073E-6,14.213006,0.00508345,0.27736908,0.0032554248,0.10792938,0.011424821,0.049441244,0.004519976,0.77983695,0.0044005476,0.104933314,0.011938937,0.049021862,0.0047768485,null,null,null,null,"TWOGAUSSIANS",8,8.192026,0.27736908,0.0032554248,0.4,0.0,0.043371037,0.0021937806,0.77983695,0.0044017406,0.4,0.0,0.042952668,0.0013366244
375316653866487564,5544534124650935296,0.6314457,2220.149035162653,0.3941584602436595,7.118362E-6,16.7831,0.0025067793,0.16832057,0.03870221,0.021974025,0.021681886,0.08943677,0.061012734,0.6884728,0.009410534,0.028060995,0.0033433458,0.96762305,0.24554105,0.01145358,0.0034847704,0.6884728,0.009410534,"TWOGAUSSIANS_WITH_ELLIPSOIDAL_ON_ECLIPSE2",9,4.740045,0.6884728,0.009410534,0.15714157,0.018722737,0.9905302,0.24214166,0.16851057,0.038834542,0.12305454,0.12141856,0.1119821,0.06341605
375316653866487564,5544535052355323648,0.5450597,2213.5621039141392,3.56232300632491,1.0521612E-5,19.873238,0.013493415,0.24318391,0.0056832284,0.078670345,0.0052438728,0.44722018,0.021055255,0.7380066,0.0028255929,0.08244868,0.0049251933,0.5714462,0.021829402,null,null,null,null,"TWOGAUSSIANS",8,1.567556,0.7380066,0.0028255929,0.4,0.0,0.56401694,0.022886205,0.24318391,0.0056832284,0.4,0.0,0.43979093,0.019518677
375316653866487564,5544536426753212800,0.5059247,2262.396166868589,0.8656135245842529,3.04943E-5,12.778343,0.0056763478,0.2563545,0.011262166,0.035326328,0.007847143,0.3728001,0.11809373,null,null,null,null,null,null,0.032780733,0.009058433,0.2563545,0.011262166,"ONEGAUSSIAN_WITH_ELLIPSOIDAL",6,1013.40936,0.2563545,0.011262166,0.19782744,0.043944005,0.4383615,0.11668001,null,null,null,null,null,null
375316653866487564,5544536491166219776,0.6638216,2235.799426328641,1.5609908385021907,3.715491E-6,18.031189,0.009514432,0.19026536,0.0036026884,0.055333145,0.006049947,0.11172007,0.025223518,0.69104916,0.0011277153,0.045587372,0.0014812389,0.6905658,0.023487583,0.03658942,0.012134274,0.19026536,0.0036026884,"TWOGAUSSIANS_WITH_ELLIPSOIDAL_ON_ECLIPSE1",9,3.0881817,0.69104916,0.0011266232,0.2552893,0.008294937,0.7637385,0.013357238,0.19026536,0.0036026884,0.30986562,0.0338797,0.18489456,0.013570789
375316653866487564,5544536662965122176,0.50159985,2242.0724349443226,1.3160270830038028,1.5658325E-5,19.644915,0.004991105,0.1309798,0.002577048,0.028600337,0.0024214704,0.27829692,0.0140481945,0.6335755,0.0017763944,0.02755863,0.0014800308,0.2950525,0.015225913,null,null,null,null,"TWOGAUSSIANS",8,1.3138963,0.6335755,0.0017763944,0.15432833,0.008288173,0.2950525,0.015225913,0.1309798,0.002577048,0.16016188,0.013560234,0.27829692,0.0140481945
375316653866487564,5544536839070039296,0.6371565,2247.246559488899,2.4002930584594915,2.6747778E-6,16.267426,0.018594204,0.24514353,0.0013416933,0.12922983,0.008473092,0.20056877,0.018289242,0.74566245,9.503667E-4,0.1171758,0.006521853,0.20679736,0.017677454,null,null,null,null,"TWOGAUSSIANS",8,1.729307,0.74567246,9.5980684E-4,0.4,0.0,0.15540086,0.0015854776,0.24514353,0.0013414185,0.4,0.0,0.148993,0.0018302833
375316653866487564,5544537354466221312,0.55245084,2243.954259258597,1.981973342552875,1.908224E-5,17.70017,0.009621866,0.20970161,0.004283147,0.03479265,0.0046975715,0.40160167,0.030732544,0.7028248,0.0048766346,0.03647771,0.0031762656,0.4956997,0.035449784,0.021285297,0.016461087,0.20970161,0.004283147,"TWOGAUSSIANS_WITH_ELLIPSOIDAL_ON_ECLIPSE1",9,25.837986,0.70288473,0.0048295986,0.20427518,0.017787088,0.5381915,0.025986481,0.20970161,0.004283147,0.19483885,0.0263064,0.44417217,0.027033899
375316653866487564,5544537865556160896,0.6354825,2196.6329043345536,0.36657686863712063,2.2067394E-5,18.41714,0.0019749932,0.1792259,0.02042673,0.013291405,0.0060754432,0.76125747,0.6131746,0.6813928,5.6099484E-4,0.01377331,8.103543E-4,0.60512596,0.044332657,null,null,null,null,"TWOGAUSSIANS",8,1.451371,0.1792259,0.02042673,0.07443187,0.03402248,0.76125747,0.6131746,0.6813928,5.6099484E-4,0.077130534,0.0045379843,0.60512596,0.044332657
375316653866487564,5544538419608340992,0.5522339,2232.840419282278,3.8175317706980794,1.6550146E-5,19.279953,0.011021205,0.28120765,0.0034856247,0.029973652,0.00625242,0.34192294,0.06428874,0.7847785,0.0047899275,0.04792029,0.004867886,0.3428607,0.03253303,0.14134772,0.014563024,0.28120765,0.0034856247,"TWOGAUSSIANS_WITH_ELLIPSOIDAL_ON_ECLIPSE1",9,4.1798396,0.7847785,0.004697599,0.2683536,0.027260162,0.6254129,0.027273947,0.28120765,0.0034856247,0.16785245,0.035013553,0.6246174,0.05750578
375316653866487564,5544538930707763072,0.5908959,2205.97216237616,0.7529727566017194,1.3035865E-5,18.353106,0.0034271488,0.13085948,5.245225E-4,0.026374435,0.0010158553,0.46761358,0.022632794,0.39866972,0.04959692,0.083422616,0.026514165,0.009671961,0.0050500003,null,null,null,null,"TWOGAUSSIANS",8,1.8184521,0.13085948,5.2445516E-4,0.14769684,0.0056887898,0.46766952,0.022629796,0.39866972,0.04959692,0.4,0.008527382,0.00967196,0.0050500003
375316653866487564,5544538999427274496,0.5431912,2227.2353352139844,3.4375246563094084,2.5866132E-6,19.452417,0.0092777265,0.32348573,0.0013157626,0.042183533,0.002972289,0.63552386,0.033850577,0.8296949,0.0017354145,0.038908035,0.007634385,0.31860474,0.018137118,null,null,null,null,"TWOGAUSSIANS",8,2.53707,0.32348573,0.0013157626,0.2362278,0.016644819,0.63552386,0.03385058,0.8296949,0.0017354145,0.21788499,0.042752557,0.3186047,0.01813716
375316653866487564,5544540309403391232,0.4593473,2216.133929526578,2.649237092156854,3.0575076E-5,15.176057,0.25080404,0.237472,0.005500961,0.12266281,0.0577968,0.14825207,0.21813634,0.73441035,0.008285664,0.14098962,0.10770664,0.15273201,0.24348427,null,null,null,null,"TWOGAUSSIANS",8,102.55139,0.73441035,0.008285664,0.4,0.0,0.104153894,0.01052292,0.237582,0.005578309,0.4,0.0,0.10016959,0.008595005
375316653866487564,5544540442536533120,0.6033111,2191.397782028094,1.8354582307473024,7.918766E-6,18.408003,0.011022362,0.22261393,0.0019903758,0.052050505,0.0059492174,0.17910708,0.025929073,0.72646,0.0033569336,0.046441406,0.006063145,0.2676338,0.035765387,0.111231394,0.014626664,0.22261393,0.0019903758,"TWOGAUSSIANS_WITH_ELLIPSOIDAL_ON_ECLIPSE1",9,2.1286929,0.72646,0.0033569336,0.26007187,0.03395361,0.48996466,0.034894798,0.22261393,0.0019903758,0.29148284,0.033315618,0.40156785,0.009418946
375316653866487564,5544542061749992320,0.4707464,2209.0367444584917,1.0221785104067869,3.779001E-5,16.983532,0.0030176835,0.37489572,0.0049846605,0.013225611,0.011176513,0.043709517,0.7886793,0.6989992,0.0012659926,0.025662685,0.0024897861,0.21403477,0.016820002,null,null,null,null,"TWOGAUSSIANS",8,15.332779,0.6989992,0.0012659926,0.14371103,0.013942802,0.21403477,0.016820002,0.37489572,0.0049846605,0.07406343,0.062588476,0.043709517,0.7886793
375316653866487564,5544542233548707072,0.53325224,2209.0707441999352,0.8477083525492519,7.5700286E-6,15.739992,0.13041298,0.34310296,0.005133725,0.15708342,0.09793078,0.073583454,0.12916765,0.8410323,0.0019445204,0.122577414,0.037453767,0.06552582,0.08618244,null,null,null,null,"TWOGAUSSIANS",8,1.8498356,0.34312296,0.0051268553,0.4,0.0,0.04593596,0.0016391815,0.8410323,0.0019445204,0.4,0.0,0.03877548,0.0015835989
375316653866487564,5544544363853067264,0.62733614,2208.649293624316,0.3716120568196609,7.5402036E-6,16.789806,0.0016166221,0.29383615,0.013429609,0.021537775,0.01634939,0.20044236,1.4340396,0.7937206,0.0026032785,0.021159034,0.0018302449,0.18798909,0.0051193386,0.007336054,0.0023598429,0.29383615,0.013429609,"TWOGAUSSIANS_WITH_ELLIPSOIDAL_ON_ECLIPSE1",9,1.9673171,0.29383615,0.013429609,0.12061154,0.09155658,0.21511444,1.4361042,0.7937206,0.0025943841,0.11849059,0.010249372,0.20266116,0.0038124598
375316653866487564,5544546249333294464,0.6473995,2215.94098544764,0.7668020007285028,1.8229357E-6,18.242046,0.0018358018,0.2828199,6.075496E-4,0.024269465,6.7495735E-4,0.51375455,0.011291622,0.782375,2.3331767E-4,0.025815502,4.4980436E-4,0.52370137,0.01107662,null,null,null,null,"TWOGAUSSIANS",8,1.5103971,0.782375,2.3331767E-4,0.1445668,0.0025189044,0.52370137,0.01107662,0.2828199,6.075496E-4,0.135909,0.0037797613,0.51375455,0.011291622
375316653866487564,5544546592930751104,0.49966192,2227.743550646392,0.7151303472873257,5.2941257E-5,17.898304,0.0037559501,0.5897995,0.009721901,0.025224611,0.0042729946,0.029412415,0.006210579,0.79181856,0.011030335,0.008669213,0.016008532,0.9522747,0.9376032,0.011486731,0.0064035775,0.79181856,0.011030335,"TWOGAUSSIANS_WITH_ELLIPSOIDAL_ON_ECLIPSE2",9,7.174093,0.79181856,0.011030335,0.048547596,0.08964778,0.9752481,0.94600445,0.5916295,0.010046981,0.14125782,0.023928769,0.031512823,0.0070009045
375316653866487564,5544546837743448064,0.52412874,2202.2232583765035,3.403290269355018,1.6489432E-5,19.841936,0.007937164,0.21721043,0.004266168,0.07135059,0.0073058256,0.40074253,0.021873167,0.72572273,0.005388579,0.071227014,0.0043620775,0.36783695,0.015298399,null,null,null,null,"TWOGAUSSIANS",8,1.0503304,0.21721043,0.004266168,0.3995633,0.03341008,0.3994149,0.022337426,0.72572273,0.005388579,0.3988713,0.016020332,0.36650932,0.01493015
375316653866487564,5544547215711323776,0.57799673,2254.121247529417,0.4555144535555132,2.1371054E-5,15.520671,0.0014770179,0.3157888,0.002498477,0.03603086,0.0028860215,0.0440292,0.0044593136,0.8318835,0.0023167238,0.027236992,0.0025510082,0.24276245,0.047134627,0.013011564,0.0026473731,0.3157888,0.002498477,"TWOGAUSSIANS_WITH_ELLIPSOIDAL_ON_ECLIPSE1",9,8.350016,0.8318835,0.0023167238,0.15252715,0.014285646,0.2685203,0.047663905,0.3157888,0.002498477,0.20177281,0.016161721,0.07005227,0.002963991
375316653866487564,5544549513507589248,0.5320032,2259.8138950617354,0.039477299725467485,2.9661342E-5,19.044191,0.0046376362,0.22373155,0.12421491,0.05272025,0.049097247,0.02370587,0.048907258,0.73463786,0.0038546938,0.037724294,0.002273484,0.5932965,0.042091247,null,null,null,null,"TWOGAUSSIANS",8,3.2956605,0.73463786,0.0038546938,0.21125606,0.01273151,0.59329647,0.042091243,0.22373155,0.12421491,0.2952334,0.27494457,0.023705851,0.048907287
