Gaia/vari_eclipsing_binary/VariEclipsingBinary_609323-609433.csv
# %ECSV 1.0
# ---
# delimiter: ','
# meta: !!omap
# - RELEASE: Gaia DR3
# - TABLE: vari_eclipsing_binary
# - DESCRIPTION: >
#     This table describes the properties of the eclipsing binaries resulting from the variability analysis. 
# - CITATION: >
#     How to cite and acknowledge Gaia: 
#     https://gea.esac.esa.int/archive/documentation/credits.html 
# - KNOWN_ISSUES: >
#     Known issues: 
#     https://www.cosmos.esa.int/web/gaia-users/known-issues 
# - DOCUMENTATION: >
#     Tutorials and documentation: 
#     https://www.cosmos.esa.int/web/gaia-users/archive 
# datatype:
# - 
#   name: solution_id
#   datatype: int64
#   description: Solution Identifier
#   meta:
#     ucd: meta.version
# - 
#   name: source_id
#   datatype: int64
#   description: Unique source identifier
#   meta:
#     ucd: meta.id;meta.main
# - 
#   name: global_ranking
#   datatype: float32
#   description: Number between 0 (worst) and 1 (best)
#   meta:
#     ucd: stat.param
# - 
#   name: reference_time
#   datatype: float64
#   unit: d
#   description: Reference time used for the geometric model fit
#   meta:
#     ucd: time.epoch
# - 
#   name: frequency
#   datatype: float64
#   unit: d**-1
#   description: Frequency of geometric model of the eclipsing binary light curve
#   meta:
#     ucd: src.orbital
# - 
#   name: frequency_error
#   datatype: float32
#   unit: d**-1
#   description: "Uncertainty of \\texttt{frequency}"
#   meta:
#     ucd: stat.error
# - 
#   name: geom_model_reference_level
#   datatype: float32
#   unit: mag
#   description: Magnitude reference level of geometric model
#   meta:
#     ucd: phot.mag;em.opt
# - 
#   name: geom_model_reference_level_error
#   datatype: float32
#   unit: mag
#   description: "Uncertainty of \\texttt{geomModelReferenceLevel}"
#   meta:
#     ucd: stat.error;phot.mag;em.opt
# - 
#   name: geom_model_gaussian1_phase
#   datatype: float32
#   description: Phase of the Gaussian 1 component
#   meta:
#     ucd: time.phase
# - 
#   name: geom_model_gaussian1_phase_error
#   datatype: float32
#   description: "Uncertainty of \\texttt{geomModelGaussian1Phase}"
#   meta:
#     ucd: stat.error;time.phase
# - 
#   name: geom_model_gaussian1_sigma
#   datatype: float32
#   description: "Standard deviation [phase] of Gaussian 1 component"
#   meta:
#     ucd: stat.stdev
# - 
#   name: geom_model_gaussian1_sigma_error
#   datatype: float32
#   description: "Uncertainty of \\texttt{geomModelGaussian1Sigma}"
#   meta:
#     ucd: stat.error
# - 
#   name: geom_model_gaussian1_depth
#   datatype: float32
#   unit: mag
#   description: Magnitude depth of Gaussian 1 component
#   meta:
#     ucd: src.var.amplitude
# - 
#   name: geom_model_gaussian1_depth_error
#   datatype: float32
#   unit: mag
#   description: "Uncertainty of \\texttt{geomModelGaussian1Depth}"
#   meta:
#     ucd: stat.error;src.var.amplitude
# - 
#   name: geom_model_gaussian2_phase
#   datatype: float32
#   description: Phase of Gaussian 2 component
#   meta:
#     ucd: time.phase
# - 
#   name: geom_model_gaussian2_phase_error
#   datatype: float32
#   description: "Uncertainty of \\texttt{geomModelGaussian2Phase}"
#   meta:
#     ucd: stat.error;time.phase
# - 
#   name: geom_model_gaussian2_sigma
#   datatype: float32
[...]
#   datatype: float32
#   description: "Secondary eclipse: uncertainty of \\texttt{derivedSecondaryEclDuration}"
#   meta:
#     ucd: stat.error;time.duration
# - 
#   name: derived_secondary_ecl_depth
#   datatype: float32
#   unit: mag
#   description: "Secondary eclipse: depth"
#   meta:
#     ucd: src.var.amplitude
# - 
#   name: derived_secondary_ecl_depth_error
#   datatype: float32
#   unit: mag
#   description: "Secondary eclipse: uncertainty of \\texttt{derivedSecondaryEclDepth}"
#   meta:
#     ucd: stat.error;src.var.amplitude
solution_id,source_id,global_ranking,reference_time,frequency,frequency_error,geom_model_reference_level,geom_model_reference_level_error,geom_model_gaussian1_phase,geom_model_gaussian1_phase_error,geom_model_gaussian1_sigma,geom_model_gaussian1_sigma_error,geom_model_gaussian1_depth,geom_model_gaussian1_depth_error,geom_model_gaussian2_phase,geom_model_gaussian2_phase_error,geom_model_gaussian2_sigma,geom_model_gaussian2_sigma_error,geom_model_gaussian2_depth,geom_model_gaussian2_depth_error,geom_model_cosine_half_period_amplitude,geom_model_cosine_half_period_amplitude_error,geom_model_cosine_half_period_phase,geom_model_cosine_half_period_phase_error,model_type,num_model_parameters,reduced_chi2,derived_primary_ecl_phase,derived_primary_ecl_phase_error,derived_primary_ecl_duration,derived_primary_ecl_duration_error,derived_primary_ecl_depth,derived_primary_ecl_depth_error,derived_secondary_ecl_phase,derived_secondary_ecl_phase_error,derived_secondary_ecl_duration,derived_secondary_ecl_duration_error,derived_secondary_ecl_depth,derived_secondary_ecl_depth_error
[from data line 216]
375316653866487564,5359945157640907136,0.5460213,2240.984296539532,2.6200512692028792,1.255347E-5,14.033895,0.1368093,0.2617456,0.0030298927,0.2054075,0.02647611,0.48530143,0.123083875,0.7628522,0.0034746914,0.1816306,0.023149064,0.43728644,0.118667305,null,null,null,null,"TWOGAUSSIANS",8,38.96694,0.2611656,0.0031235937,0.4,0.0,0.10528046,0.0045034452,0.7637322,0.004172909,0.4,0.0,0.087645,0.0074123424
375316653866487564,5359947249278192768,0.6124962,2222.5776331366055,3.0639109562808926,5.984535E-6,18.909885,0.006697882,0.25033417,0.0021264495,0.04573697,0.0024599957,0.45039818,0.016230829,0.75687623,0.0030213026,0.041163463,0.002286016,0.4297019,0.025146369,0.13458285,0.007884569,0.25033417,0.0021264495,"TWOGAUSSIANS_WITH_ELLIPSOIDAL_ON_ECLIPSE1",9,1.5622919,0.25033417,0.0021264495,0.25612703,0.013775976,0.7195634,0.006183656,0.75687623,0.0030213026,0.2305154,0.01280169,0.6984126,0.022387482
375316653866487564,5359948829828403456,0.6030768,2229.994123832809,3.7147127919128167,5.6907397E-6,17.927536,0.018087931,0.25442922,0.0027518729,0.04953173,0.0100855585,0.21062402,0.03507391,0.7551248,0.0026275024,0.05024317,0.005215551,0.32401937,0.04002959,0.11127771,0.022418577,0.25442922,0.0027518729,"TWOGAUSSIANS_WITH_ELLIPSOIDAL_ON_ECLIPSE1",9,6.4061127,0.7551248,0.002492869,0.28136173,0.029207086,0.5465686,0.022993386,0.25442922,0.0027518729,0.2773777,0.056479126,0.4331775,0.017024873
375316653866487564,5359949177730181760,0.49071512,2222.4817104373783,0.12780610455147917,2.9631621E-5,11.339408,0.011834981,0.33924812,0.0074708746,0.104618035,0.008440239,0.23768145,0.014522671,0.63224095,0.04926638,0.06099925,0.039725967,0.06831528,0.01678096,null,null,null,null,"TWOGAUSSIANS",8,1080.2139,0.33924812,0.0074538137,0.4,0.0,0.23764995,0.014169279,0.63224095,0.04926638,0.34159577,0.13948558,0.07299111,0.020020558
375316653866487564,5359951033156063872,0.5897179,2247.5963638166386,3.9794001837022055,7.2055896E-6,17.555935,0.0118784,0.23840563,0.0021881312,0.0544226,0.007832668,0.25027567,0.025219573,0.7408592,0.0051518832,0.04937664,0.0075545455,0.18728969,0.030433174,0.106308885,0.015302272,0.23840563,0.0021881312,"TWOGAUSSIANS_WITH_ELLIPSOIDAL_ON_ECLIPSE1",9,10.332492,0.23840563,0.0021881312,0.30476657,0.043862943,0.46288648,0.019705268,0.7408592,0.0051518832,0.2765092,0.042305455,0.39984998,0.022921998
375316653866487564,5359951063209341184,0.4898896,2236.6748093548986,2.5507431973492056,1.7875656E-5,19.377245,0.014200914,0.28340924,0.0073368694,0.093438946,0.011027053,0.23385245,0.018196646,0.78689486,0.0071246023,0.07804133,0.008931376,0.29944485,0.018441247,null,null,null,null,"TWOGAUSSIANS",8,2.404089,0.78689486,0.0071246023,0.4,0.0,0.2924654,0.016604673,0.28340924,0.0073368694,0.4,0.0,0.22687273,0.01849832
375316653866487564,5359954503490731136,0.5267456,2217.3332607772186,4.498362902908435,4.087335E-6,16.668135,0.0017963863,0.11383555,0.01923008,0.02127875,0.008170347,0.14342682,1.1115149,0.7630457,2.9302458E-4,0.014565552,3.683917E-4,0.30166778,0.008155283,null,null,null,null,"TWOGAUSSIANS",8,7.3656607,0.7630457,2.9302458E-4,0.08156709,0.0020629936,0.30166778,0.008155283,0.11383555,0.01923008,0.119161,0.04575394,0.14342682,1.1115149
375316653866487564,5359955461255530240,0.559691,2240.356179048325,2.6827695337127917,1.7060496E-5,17.276968,0.00968983,0.199899,0.011591061,0.044596884,0.027834924,0.086158015,1.5718201,0.72494876,0.0050253393,0.044346206,0.011300609,0.05033489,0.026744524,0.10116764,0.011840361,0.72494876,0.0050253393,"TWOGAUSSIANS_WITH_ELLIPSOIDAL_ON_ECLIPSE2",9,11.947655,0.206659,0.010049937,0.24974254,0.15587558,0.28484857,1.5782275,0.72494876,0.0050253393,0.24833874,0.06328341,0.2526699,0.01583165
375316653866487564,5359958141315214208,0.44019753,2257.186482861714,0.0516464544756359,4.179822E-5,19.66292,0.017919738,0.22500019,0.018016879,0.06973181,0.0146692805,0.3340577,0.046992294,0.7516045,0.008268633,0.061763503,0.015959766,0.36264163,0.09524968,null,null,null,null,"TWOGAUSSIANS",8,6.7038455,0.7516045,0.008268633,0.34587562,0.076303504,0.36241356,0.095911264,0.22500019,0.018016879,0.39049813,0.075518064,0.33382964,0.046915796
375316653866487564,5359958592299420672,0.4265604,2237.3546653129215,0.05160064100160148,2.4213545E-5,18.31015,0.021382885,0.24350376,0.0063724504,0.050892092,0.007330543,0.19215761,0.03816243,0.7230666,0.026877256,0.14064527,0.038358226,0.10148117,0.02405652,null,null,null,null,"TWOGAUSSIANS",8,10.547612,0.24356377,0.006324668,0.28499573,0.04105104,0.18741083,0.035976302,0.7230666,0.026877256,0.4,0.0,0.09632311,0.019485315
375316653866487564,5359958759798986112,0.52906036,2228.2856009908805,3.077783563633828,2.8396218E-5,19.7465,0.022549894,0.26590437,0.0076523316,0.07658775,0.0154703595,0.4690815,0.051682632,0.77667665,0.003053826,0.07066302,0.0059770485,0.4536898,0.019508222,null,null,null,null,"TWOGAUSSIANS",8,3.0595145,0.26590437,0.0076523316,0.4,0.013857205,0.46683067,0.053383756,0.77667665,0.003053826,0.3957129,0.020490404,0.451439,0.018568244
375316653866487564,5359958867177502464,0.6876295,2238.4160589751295,0.1745713544644033,5.0658705E-6,17.2635,0.0013604399,0.6749374,4.3343243E-4,0.008554296,4.1183666E-4,0.61045873,0.009473924,null,null,null,null,null,null,null,null,null,null,"ONEGAUSSIAN",5,1.7613437,0.6749374,4.3343243E-4,0.047904056,0.0023062853,0.61045873,0.0,null,null,null,null,null,null
375316653866487564,5359959172107598720,0.5350207,2244.044185679397,2.9413985702096785,2.0756052E-5,18.794365,0.019047076,0.25291523,0.0056325556,0.09198049,0.008261012,0.30878168,0.027405536,0.7627563,0.0039218143,0.096273184,0.00925526,0.2718416,0.022619313,null,null,null,null,"TWOGAUSSIANS",8,2.9918323,0.25291523,0.0056325556,0.4,0.0,0.2940152,0.02433074,0.7627563,0.0039218143,0.4,0.0,0.2570745,0.0196181
375316653866487564,5359960546497406336,0.5786136,2221.492179012696,1.956240510296777,6.51408E-6,18.70562,0.0067183487,0.32036978,0.0015695798,0.055893317,0.00205363,0.44815272,0.01768829,0.81723714,0.016666882,0.051606286,0.019239472,0.11226698,0.047366675,null,null,null,null,"TWOGAUSSIANS",8,2.656513,0.32036978,0.0015695798,0.31300256,0.011500329,0.44814473,0.017679617,0.81723714,0.016666882,0.2889952,0.10774104,0.11225899,0.04738841
375316653866487564,5359961959553983232,0.53742665,2216.9081126959536,0.37483497445961356,1.635574E-5,18.242289,0.036563557,0.23831439,0.0085374275,0.038152207,0.0115329325,0.35787076,0.08892458,0.75210184,0.01127238,0.04418888,0.012595806,0.591817,0.11869896,0.05277614,0.04532803,0.75210184,0.01127238,"TWOGAUSSIANS_WITH_ELLIPSOIDAL_ON_ECLIPSE2",9,20.044804,0.75210184,0.01127238,0.24745771,0.07053652,0.69736916,0.071812876,0.23876439,0.008258412,0.21365236,0.06458442,0.4626585,0.059328716
375316653866487564,5359966701197719808,0.6251507,2220.865947973069,0.12127727623901588,3.974461E-5,17.137009,8.159719E-4,0.14833298,6.7993277E-4,0.021317588,5.6130264E-4,0.4920151,0.0033357642,null,null,null,null,null,null,null,null,null,null,"ONEGAUSSIAN",5,2.2851229,0.14833298,6.7993277E-4,0.11937849,0.003143295,0.4920151,0.0,null,null,null,null,null,null
375316653866487564,5359967796402514176,0.5464159,2211.879130763638,2.3348670578640087,5.6363438E-6,17.321053,0.0034871153,0.23136038,0.00163836,0.029674873,0.0012810249,0.37550518,0.028217336,0.7333391,0.002202679,0.03093056,0.0026291108,0.27608532,0.013468244,null,null,null,null,"TWOGAUSSIANS",8,10.82306,0.23136038,0.00163836,0.16617928,0.0071737394,0.37550518,0.028217336,0.7333391,0.002202679,0.17321113,0.014723021,0.27608532,0.013468244
375316653866487564,5359969961065276160,0.5471633,2225.234306207689,4.104576005212831,1.3441954E-5,19.300104,0.01672503,0.1750415,0.0071689896,0.07952245,0.0042906306,0.52419883,0.039166,0.6687287,0.0046976726,0.07783928,0.008707564,0.45342708,0.03169044,null,null,null,null,"TWOGAUSSIANS",8,2.262648,0.1750415,0.0071689896,0.4,0.0,0.51868665,0.036401942,0.6687287,0.0046976726,0.4,0.0,0.4479149,0.034699928
375316653866487564,5359970446409162624,0.54483503,2227.799836806891,3.354790723889031,7.424821E-6,18.472736,0.0072665215,0.17807753,0.0026628345,0.07466869,0.00332636,0.3521649,0.009785336,0.6709513,0.002354361,0.07011626,0.0037283027,0.48044223,0.018731138,null,null,null,null,"TWOGAUSSIANS",8,5.3609285,0.6709513,0.002354361,0.39265102,0.015688544,0.4786713,0.019122263,0.17807753,0.0026628345,0.4,0.0,0.35039398,0.009713277
375316653866487564,5359971133603903744,0.5007289,2233.54616796998,1.6852641335719059,3.7167436E-5,17.928602,0.0018283135,0.36159897,8.31488E-5,0.008913219,1.8832835E-4,1.5103111,0.16518685,0.63168526,0.013550753,0.045953352,0.0118402755,0.025257923,0.00942185,null,null,null,null,"TWOGAUSSIANS",8,2.1734495,0.36159897,8.31488E-5,0.049914025,0.0010546388,1.5103111,0.16518687,0.63168526,0.013550753,0.2573388,0.06630555,0.025257923,0.00942185
375316653866487564,5359971752079223936,0.5978196,2225.5697334155398,1.4227280328095873,4.6559726E-6,15.206534,0.0051145456,0.23599356,0.001353952,0.063254245,0.004308194,0.09605914,0.012132674,0.7365758,0.009357788,0.054191746,0.012503378,0.05481315,0.011309082,0.062888354,0.006132403,0.23599356,0.001353952,"TWOGAUSSIANS_WITH_ELLIPSOIDAL_ON_ECLIPSE1",9,13.691625,0.23599356,0.001353952,0.35422376,0.024125885,0.22179557,0.004478696,0.7365758,0.008490718,0.30347377,0.07001892,0.1805479,0.0038188242
375316653866487564,5359972920310363264,0.5010923,2220.81481983859,3.184565433234951,2.0359772E-5,18.22282,0.018056372,0.2260501,0.0049809944,0.08376664,0.009370408,0.4039878,0.034812443,0.7024052,0.005799579,0.07508915,0.009068075,0.45415533,0.021108735,null,null,null,null,"TWOGAUSSIANS",8,23.83457,0.7024052,0.005799579,0.4,0.0,0.45043156,0.02050652,0.2260501,0.0049809944,0.4,0.0,0.40026397,0.036048073
375316653866487564,5359976317617560576,0.47821894,2237.842271756282,2.755543097478462,1.5249396E-5,18.072403,0.6194063,0.17709067,0.006481512,0.108904466,0.054390628,0.31215537,0.49695337,0.6763399,0.0128976265,0.11757695,0.13122833,0.3027793,0.6061783,null,null,null,null,"TWOGAUSSIANS",8,18.5766,0.17709067,0.005578457,0.4,0.0,0.25895286,0.015713863,0.6763399,0.0128976265,0.4,0.0,0.24952164,0.018570546
375316653866487564,5359979414300942080,0.47828966,2222.1688680286443,1.6116259954323768,2.5452831E-5,18.81119,0.037709597,0.2564898,0.007837137,0.08073422,0.01655429,0.3614743,0.049658336,0.7792509,0.008580242,0.085885294,0.01726681,0.3205908,0.03388327,null,null,null,null,"TWOGAUSSIANS",8,14.904553,0.2564898,0.007837137,0.4,0.0,0.3565277,0.049629506,0.7792509,0.008580242,0.4,0.0,0.31564412,0.026769932
375316653866487564,5359980097189007360,0.5104118,2214.120725020087,1.5127562411524578,3.0680316E-5,19.267601,0.0059470213,0.21695353,0.0059809526,0.04164562,0.010365425,0.17778432,0.051252104,0.7053806,0.0060916045,0.04391843,0.00556739,0.52299243,0.10174375,null,null,null,null,"TWOGAUSSIANS",8,2.9458067,0.7053806,0.0060916045,0.24594322,0.031177385,0.52299243,0.10174378,0.21695353,0.0059809526,0.23321547,0.05804638,0.17778431,0.051252346
375316653866487564,5359980543865744256,0.46308106,2189.1950124400687,0.07803585754605247,1.4448745E-5,18.116982,0.033770945,0.17152643,0.0065875654,0.07389676,0.01619651,0.21256103,0.03414974,0.6128109,0.014827035,0.07676728,0.056846414,0.14214437,0.048881713,null,null,null,null,"TWOGAUSSIANS",8,10.082766,0.17152643,0.0065728766,0.4,0.01957332,0.21220425,0.031048547,0.6128109,0.014827035,0.4,0.07323351,0.14178757,0.051249504
375316653866487564,5359980891764896768,0.45567235,2212.076295728679,1.636060660905629,1.2705016E-5,19.196945,0.006224168,0.2980045,0.004918923,0.060470436,0.0056258887,0.10027474,0.010495459,0.7738858,0.00318829,0.052128624,0.00520802,0.20275585,0.01468405,null,null,null,null,"TWOGAUSSIANS",8,2.3954813,0.7738858,0.00318829,0.2919203,0.029164912,0.20275041,0.014685581,0.2980045,0.004918923,0.33863446,0.031504977,0.100269295,0.010494317
375316653866487564,5359981716398658048,0.523154,2232.8761051802844,3.3808450855755794,1.6605332E-5,19.996199,0.038474187,0.27038437,0.004111172,0.042710252,0.014405742,0.27704486,0.31849232,0.78135556,0.009782481,0.04956976,0.020356148,0.3462892,0.07122552,0.16056763,0.049242947,0.27038437,0.004111172,"TWOGAUSSIANS_WITH_ELLIPSOIDAL_ON_ECLIPSE1",9,3.138695,0.78135556,0.009782481,0.27759066,0.11399443,0.66590023,0.07113069,0.27038437,0.004111172,0.23917742,0.08067216,0.5981795,0.3208175
375316653866487564,5359983434385472000,0.4578067,2198.6411434588495,3.194274551692303,2.0608388E-5,18.550392,0.004237759,null,null,null,null,null,null,null,null,null,null,null,null,0.11207201,0.0066842455,0.30849487,0.0033230495,"ELLIPSOIDAL",4,9.858274,null,null,null,null,null,null,null,null,null,null,null,null
375316653866487564,5359984667034493184,0.5142638,2178.7104745375605,3.824257344377033,1.7872653E-5,18.122023,0.01775527,0.25452355,0.0066013345,0.09655365,0.013974761,0.15459034,0.018058844,0.76189816,0.0059005613,0.09366615,0.0123143075,0.19485141,0.017096577,null,null,null,null,"TWOGAUSSIANS",8,5.4050956,0.76189816,0.0058985483,0.4,0.0,0.18498561,0.008376718,0.25452355,0.0066013345,0.4,0.0,0.14472431,0.010062757
375316653866487564,5359984907552663168,0.5180623,2170.5098619351193,2.850137181557326,1.1463229E-5,18.121748,0.020697206,0.17950182,0.003578019,0.038229533,0.005643029,0.338185,0.06250885,0.68283737,0.0111375265,0.04719571,0.021564184,0.17549476,0.03589109,0.06285583,0.034470957,0.17950182,0.003578019,"TWOGAUSSIANS_WITH_ELLIPSOIDAL_ON_ECLIPSE1",9,16.834497,0.17950182,0.003578019,0.21408539,0.031600963,0.46389654,0.046047837,0.68283737,0.010775911,0.26429597,0.12075943,0.3011511,0.05696276
375316653866487564,5359987282677806592,0.5416943,2221.600992068426,3.561544922498007,1.0854559E-5,16.261518,0.04812278,0.2750024,0.0045127254,0.062441364,0.0134010045,0.26537585,0.0963169,0.7765277,0.004696087,0.07121479,0.01219186,0.29520658,0.09687199,0.07902436,0.05177988,0.7765277,0.004696087,"TWOGAUSSIANS_WITH_ELLIPSOIDAL_ON_ECLIPSE2",9,62.66203,0.7765277,0.004696087,0.39880282,0.04483833,0.4525762,0.0352804,0.2752424,0.0035331198,0.34967163,0.07504562,0.4227332,0.011808748
375316653866487564,5359987621975420032,0.47817177,2207.802860158724,2.8788074020423555,3.7238915E-5,18.839893,0.24680983,0.27496743,0.017941024,0.058390323,0.042395063,0.36713633,0.11711916,0.7589309,0.038074158,0.11337893,0.13706706,0.12986203,0.24053197,null,null,null,null,"TWOGAUSSIANS",8,13.518591,0.27496743,0.018504642,0.3269858,0.13968527,0.36344787,0.07006273,0.7589309,0.038074158,0.4,0.0,0.1261551,0.02786675
375316653866487564,5359989412981668224,0.543258,2247.8325677098615,2.6010704078595963,9.315639E-6,16.991634,0.0039959606,0.2535454,0.003394917,0.09387919,0.0062851934,0.14424981,0.0064843106,0.7565952,0.002146748,0.07030405,0.0032072342,0.11589085,0.004756825,null,null,null,null,"TWOGAUSSIANS",8,4.481951,0.2535454,0.003394917,0.4,0.0,0.14187069,0.006830852,0.7565952,0.002146748,0.3937027,0.017021907,0.11351193,0.004199003
375316653866487564,5359991852523026560,0.5132364,2244.3887958065775,3.4259971134751592,1.5928847E-5,17.861877,0.0049347966,0.1907989,0.004742074,0.02562314,0.016007077,0.048891187,0.0134384455,0.6926642,0.020467447,0.043630242,0.02585022,0.084897734,0.028289983,0.07074938,0.0077887564,0.1907989,0.004742074,"TWOGAUSSIANS_WITH_ELLIPSOIDAL_ON_ECLIPSE1",9,7.4879136,0.6926642,0.014849762,0.24432936,0.14476123,0.22637694,0.03194334,0.1907989,0.004742074,0.14348958,0.08963963,0.19038983,0.008994257
