Gaia/vari_eclipsing_binary/VariEclipsingBinary_508278-508370.csv
# %ECSV 1.0
# ---
# delimiter: ','
# meta: !!omap
# - RELEASE: Gaia DR3
# - TABLE: vari_eclipsing_binary
# - DESCRIPTION: >
#     This table describes the properties of the eclipsing binaries resulting from the variability analysis. 
# - CITATION: >
#     How to cite and acknowledge Gaia: 
#     https://gea.esac.esa.int/archive/documentation/credits.html 
# - KNOWN_ISSUES: >
#     Known issues: 
#     https://www.cosmos.esa.int/web/gaia-users/known-issues 
# - DOCUMENTATION: >
#     Tutorials and documentation: 
#     https://www.cosmos.esa.int/web/gaia-users/archive 
# datatype:
# - 
#   name: solution_id
#   datatype: int64
#   description: Solution Identifier
#   meta:
#     ucd: meta.version
# - 
#   name: source_id
#   datatype: int64
#   description: Unique source identifier
#   meta:
#     ucd: meta.id;meta.main
# - 
#   name: global_ranking
#   datatype: float32
#   description: Number between 0 (worst) and 1 (best)
#   meta:
#     ucd: stat.param
# - 
#   name: reference_time
#   datatype: float64
#   unit: d
#   description: Reference time used for the geometric model fit
#   meta:
#     ucd: time.epoch
# - 
#   name: frequency
#   datatype: float64
#   unit: d**-1
#   description: Frequency of geometric model of the eclipsing binary light curve
#   meta:
#     ucd: src.orbital
# - 
#   name: frequency_error
#   datatype: float32
#   unit: d**-1
#   description: "Uncertainty of \\texttt{frequency}"
#   meta:
#     ucd: stat.error
# - 
#   name: geom_model_reference_level
#   datatype: float32
#   unit: mag
#   description: Magnitude reference level of geometric model
#   meta:
#     ucd: phot.mag;em.opt
# - 
#   name: geom_model_reference_level_error
#   datatype: float32
#   unit: mag
#   description: "Uncertainty of \\texttt{geomModelReferenceLevel}"
#   meta:
#     ucd: stat.error;phot.mag;em.opt
# - 
#   name: geom_model_gaussian1_phase
#   datatype: float32
#   description: Phase of the Gaussian 1 component
#   meta:
#     ucd: time.phase
# - 
#   name: geom_model_gaussian1_phase_error
#   datatype: float32
#   description: "Uncertainty of \\texttt{geomModelGaussian1Phase}"
#   meta:
#     ucd: stat.error;time.phase
# - 
#   name: geom_model_gaussian1_sigma
#   datatype: float32
#   description: "Standard deviation [phase] of Gaussian 1 component"
#   meta:
#     ucd: stat.stdev
# - 
#   name: geom_model_gaussian1_sigma_error
#   datatype: float32
#   description: "Uncertainty of \\texttt{geomModelGaussian1Sigma}"
#   meta:
#     ucd: stat.error
# - 
#   name: geom_model_gaussian1_depth
#   datatype: float32
#   unit: mag
#   description: Magnitude depth of Gaussian 1 component
#   meta:
#     ucd: src.var.amplitude
# - 
#   name: geom_model_gaussian1_depth_error
#   datatype: float32
#   unit: mag
#   description: "Uncertainty of \\texttt{geomModelGaussian1Depth}"
#   meta:
#     ucd: stat.error;src.var.amplitude
# - 
#   name: geom_model_gaussian2_phase
#   datatype: float32
#   description: Phase of Gaussian 2 component
#   meta:
#     ucd: time.phase
# - 
#   name: geom_model_gaussian2_phase_error
#   datatype: float32
#   description: "Uncertainty of \\texttt{geomModelGaussian2Phase}"
#   meta:
#     ucd: stat.error;time.phase
# - 
#   name: geom_model_gaussian2_sigma
#   datatype: float32
[...]
#   datatype: float32
#   description: "Secondary eclipse: uncertainty of \\texttt{derivedSecondaryEclDuration}"
#   meta:
#     ucd: stat.error;time.duration
# - 
#   name: derived_secondary_ecl_depth
#   datatype: float32
#   unit: mag
#   description: "Secondary eclipse: depth"
#   meta:
#     ucd: src.var.amplitude
# - 
#   name: derived_secondary_ecl_depth_error
#   datatype: float32
#   unit: mag
#   description: "Secondary eclipse: uncertainty of \\texttt{derivedSecondaryEclDepth}"
#   meta:
#     ucd: stat.error;src.var.amplitude
solution_id,source_id,global_ranking,reference_time,frequency,frequency_error,geom_model_reference_level,geom_model_reference_level_error,geom_model_gaussian1_phase,geom_model_gaussian1_phase_error,geom_model_gaussian1_sigma,geom_model_gaussian1_sigma_error,geom_model_gaussian1_depth,geom_model_gaussian1_depth_error,geom_model_gaussian2_phase,geom_model_gaussian2_phase_error,geom_model_gaussian2_sigma,geom_model_gaussian2_sigma_error,geom_model_gaussian2_depth,geom_model_gaussian2_depth_error,geom_model_cosine_half_period_amplitude,geom_model_cosine_half_period_amplitude_error,geom_model_cosine_half_period_phase,geom_model_cosine_half_period_phase_error,model_type,num_model_parameters,reduced_chi2,derived_primary_ecl_phase,derived_primary_ecl_phase_error,derived_primary_ecl_duration,derived_primary_ecl_duration_error,derived_primary_ecl_depth,derived_primary_ecl_depth_error,derived_secondary_ecl_phase,derived_secondary_ecl_phase_error,derived_secondary_ecl_duration,derived_secondary_ecl_duration_error,derived_secondary_ecl_depth,derived_secondary_ecl_depth_error
[from data line 296]
375316653866487564,4471280243287549184,0.6148959,2243.4859369582264,2.802330877180787,6.8943446E-6,16.433664,0.006399862,0.22363819,0.0023196507,0.0884019,0.0030053088,0.30651116,0.00860111,0.72624236,0.0023641214,0.08304749,0.002970809,0.25698492,0.0079369,null,null,null,null,"TWOGAUSSIANS",8,9.954312,0.22363819,0.0023196507,0.4,0.0,0.29885507,0.007924193,0.72624236,0.0023641214,0.4,0.0,0.2493289,0.0070418357
375316653866487564,4471280994904930944,0.48529324,2271.4383233660487,2.2486509495918945,3.97412E-5,17.575388,0.015719838,0.33083272,0.0045704497,0.0428206,0.0078881085,0.1836096,0.031834394,0.7921436,0.01979467,0.06543935,0.06711988,0.0937694,2407988.8,0.047438122,0.022185639,0.7921436,0.01979467,"TWOGAUSSIANS_WITH_ELLIPSOIDAL_ON_ECLIPSE2",9,22.594246,0.32822272,0.0032229887,0.23979536,0.044173405,0.27328914,0.01738189,0.7921436,0.01979467,0.36646035,0.3717258,0.18858236,2407988.8
375316653866487564,4471282300575174784,0.5798293,2256.772603805573,2.6244911618733084,1.2088421E-5,17.925478,0.0063536963,0.28163034,0.004015411,0.08460612,0.0047946502,0.19406001,0.008354549,0.7823251,0.0019502037,0.09755916,0.0032863924,0.26856923,0.006693908,null,null,null,null,"TWOGAUSSIANS",8,1.7874498,0.7823251,0.0019502037,0.4,0.0,0.2580326,0.004851705,0.28163034,0.004015411,0.4,0.0,0.18352441,0.007408884
375316653866487564,4471283159565884288,0.5105499,2310.4382195696035,3.6612752939041635,2.4549181E-5,18.484772,0.010587203,0.12817147,0.0035238452,0.082671724,0.0073977434,0.15240219,0.01137096,0.6233094,0.014765176,0.06247371,0.023379197,0.16963069,0.0602986,null,null,null,null,"TWOGAUSSIANS",8,2.4262283,0.6233094,0.014765176,0.34985277,0.100735985,0.16888613,0.06226818,0.12817147,0.0035238452,0.4,0.0,0.15165763,0.010212562
375316653866487564,4471288416618740352,0.51072055,2289.1671964881184,2.491942997265296,2.0611411E-5,19.306398,0.011009597,0.2613604,0.0036180897,0.072451994,0.0050267405,0.70496404,0.057097893,0.7659544,0.01368576,0.07221633,0.017107029,0.39094266,0.4660695,null,null,null,null,"TWOGAUSSIANS",8,6.5149918,0.2613604,0.0036180897,0.4,0.010881402,0.7025764,0.057809524,0.7659544,0.01368576,0.4,0.07406978,0.388555,0.46753168
375316653866487564,4471289756648764800,0.57492024,2316.259334570667,3.5927064833048443,4.3570875E-5,18.91757,0.01834561,0.2490816,0.015811505,0.071739085,0.013101852,0.37192392,0.034897145,0.74162346,0.020900125,0.0724559,0.02061095,0.4627844,0.034410454,null,null,null,null,"TWOGAUSSIANS",8,3.9023657,0.74162346,0.020900125,0.4,0.03579418,0.46108782,0.03223815,0.2490816,0.015811505,0.4,0.023837766,0.37022734,0.031330984
375316653866487564,4471292234836277504,0.54128414,2241.811362540794,3.0702946356391694,1.8754357E-5,15.0684395,0.17053412,0.28804174,0.0062184823,0.1281727,0.055452727,0.16736022,0.16422841,0.782855,0.0041548368,0.12407559,0.0481124,0.15170924,0.16107462,null,null,null,null,"TWOGAUSSIANS",8,24.96395,0.28809175,0.0061040334,0.4,0.0,0.12453624,0.0076827854,0.782855,0.0041548368,0.4,0.0,0.108961724,0.0062404363
375316653866487564,4471293501849913984,0.51531893,2222.399250636756,2.9446222342308204,1.75586E-5,19.056746,0.027489942,0.24215557,0.0044865333,0.08167109,0.009139759,0.5595769,0.05957469,0.7389577,0.006345773,0.09236338,0.009100107,0.5745245,0.065341,null,null,null,null,"TWOGAUSSIANS",8,6.4096293,0.7389577,0.006345773,0.4,0.0,0.55719644,0.06972599,0.24215557,0.0044865333,0.4,0.0,0.5422493,0.06296731
375316653866487564,4471297625018737536,0.4805088,2294.436732186682,3.503912948205928,2.7405958E-5,17.766006,0.021916106,0.24226326,0.007267162,0.10239124,0.019304698,0.12586282,0.02087696,0.7406633,0.012050184,0.10806973,0.02873568,0.088738605,0.020498924,null,null,null,null,"TWOGAUSSIANS",8,5.1547594,0.24226326,0.007266788,0.4,0.0,0.113634646,0.0077191982,0.7406633,0.012050184,0.4,0.0,0.07650811,0.014941609
375316653866487564,4471300309375132928,0.46019822,2297.0941310145604,0.6812580935732669,4.329482E-5,18.539064,0.10388021,0.40592143,0.016454991,0.14197941,0.08355333,0.10687355,0.09860412,0.74039423,0.07300252,0.049690876,0.07138605,0.1518901,0.04649913,null,null,null,null,"TWOGAUSSIANS",8,3.0506098,0.74039423,0.07300252,0.2782689,0.13024385,0.15794821,0.087866835,0.40592143,0.014736214,0.4,0.0,0.10626539,0.026583893
375316653866487564,4471300579952356096,0.52819335,2260.523307950337,3.6738793658299462,1.15016555E-5,18.186424,0.018571284,0.3326844,0.0024315133,0.090405904,0.0069342623,0.22809812,0.017545385,0.81894666,0.006825871,0.10212885,0.016367385,0.2339187,0.025826344,null,null,null,null,"TWOGAUSSIANS",8,2.651772,0.81894666,0.006825871,0.4,0.0,0.22079527,0.030404802,0.3326844,0.002430145,0.4,0.0,0.2149781,0.008990176
375316653866487564,4471302748915467264,0.5450101,2246.861437237576,2.646310581722417,1.7463992E-5,17.334816,0.011954356,0.2243198,0.0046457313,0.08568168,0.0065922006,0.26461166,0.014140295,0.7244359,0.0038598152,0.089945756,0.008079468,0.23057662,0.013978137,null,null,null,null,"TWOGAUSSIANS",8,8.432723,0.2243198,0.0046457313,0.4,0.0,0.25606462,0.0113982,0.7244359,0.0038598152,0.4,0.0,0.22202949,0.013931602
375316653866487564,4471304810499832192,0.67625076,2230.757925205246,1.565706760443913,3.038077E-5,17.386631,0.006814078,0.22727863,0.01499215,0.032660335,0.0055595776,0.06119275,0.017010432,0.7269781,0.0014596622,0.03498108,0.0020333845,0.74971503,0.020231789,0.023013413,0.008901762,0.22727863,0.01499215,"TWOGAUSSIANS_WITH_ELLIPSOIDAL_ON_ECLIPSE1",9,5.0514965,0.7269781,0.0014452685,0.19589403,0.011386953,0.7957416,0.01632696,0.22727863,0.01499215,0.18289787,0.031133635,0.10721951,0.020177599
375316653866487564,4471305532054348160,0.44646227,2167.495000125291,0.48532000614674675,3.474359E-5,19.413958,0.01119511,0.26301777,0.028327776,0.0795891,0.025915168,0.216604,0.034882274,0.78438747,0.014693732,0.0744446,0.02510269,0.15246038,0.017408302,null,null,null,null,"TWOGAUSSIANS",8,2.592762,0.26301777,0.028327776,0.4,0.0144859655,0.21541658,0.033535115,0.78438747,0.014693732,0.4,0.014640427,0.15127297,0.018310487
375316653866487564,4471307245742346240,0.5223513,2214.0440603914035,3.1805364997070873,1.9439958E-5,18.082575,0.05901717,0.2392416,0.005633587,0.103240244,0.023677392,0.22198619,0.05617309,0.7144735,0.008349071,0.116363324,0.02481591,0.22898333,0.056496494,null,null,null,null,"TWOGAUSSIANS",8,4.0143685,0.7144735,0.008349071,0.4,0.0,0.20306768,0.018462207,0.2393216,0.005598472,0.4,0.0,0.19612795,0.013547567
375316653866487564,4471311167051841408,0.55029166,2302.441177210978,3.2902266234229334,1.2585573E-5,17.359951,0.0055644144,0.30424803,0.003118945,0.08985497,0.005868325,0.13240209,0.005379314,0.81249917,0.004172196,0.08290663,0.0053205476,0.14372021,0.007789006,null,null,null,null,"TWOGAUSSIANS",8,2.2179556,0.81249917,0.004172196,0.4,0.0,0.14008848,0.007466671,0.30424803,0.003118945,0.4,0.0,0.12877032,0.0048094178
375316653866487564,4471314117690582912,0.45289207,2326.7973901085015,0.5296781809873196,5.784092E-5,17.583532,0.0042101177,0.3898241,0.018597279,0.048595894,0.017662082,0.05332321,0.017099554,0.24000289,0.031310294,0.1020442,0.017252486,0.04448106,0.016063416,null,null,null,null,"TWOGAUSSIANS",8,2.9855697,0.3791841,0.024064248,0.27213702,0.09890766,0.06960722,0.015035941,0.25695288,0.32518193,0.4,0.0,0.045140352,0.060654394
375316653866487564,4471317691114459776,0.60857993,2321.3486774697876,2.808144093171864,9.738677E-6,17.357016,0.014765909,0.25988403,0.003953044,0.040881693,0.007071679,0.16749941,0.0420951,0.75125116,0.0025182343,0.047113135,0.006422147,0.25759467,0.031453997,0.11141198,0.016620561,0.25988403,0.003953044,"TWOGAUSSIANS_WITH_ELLIPSOIDAL_ON_ECLIPSE1",9,10.324228,0.75239116,0.0019543627,0.26383355,0.035964023,0.47984952,0.028212415,0.25988403,0.003953044,0.22893749,0.039601404,0.39032316,0.024110118
375316653866487564,4471318829273176320,0.5898631,2170.3202102859104,2.0289305910718674,1.3652586E-5,17.35592,0.009416631,0.16597226,0.0064479695,0.08692584,0.00766447,0.29907134,0.015281054,0.66440403,0.0023589288,0.08103695,0.0033789293,0.44825867,0.016548507,null,null,null,null,"TWOGAUSSIANS",8,7.4464474,0.66440403,0.0023589288,0.4,0.0,0.43987525,0.016221292,0.16597226,0.0064479695,0.4,0.0,0.29068786,0.015103471
375316653866487564,4471319031137661184,0.56281596,2221.690222428539,4.179895484196067,1.0569099E-5,19.378777,0.015519183,0.26280555,0.0039169253,0.08320496,0.008503661,0.40717357,0.043115053,0.7688772,0.0030551106,0.06456019,0.0048161293,0.6774784,0.039201617,null,null,null,null,"TWOGAUSSIANS",8,2.789236,0.7688772,0.0030551106,0.36153704,0.026970323,0.6746331,0.03977206,0.26280555,0.0039169253,0.4,0.0,0.4043283,0.04426256
375316653866487564,4471319306010892800,0.53939986,2204.6690463980126,3.7171716532380032,9.898941E-6,18.303375,0.010977091,0.1302035,0.0032192622,0.085855275,0.00533369,0.22904366,0.012573037,0.63492644,0.010460909,0.08384846,0.011503207,0.25304767,0.01919896,null,null,null,null,"TWOGAUSSIANS",8,2.1291242,0.63492644,0.010460909,0.4,0.0,0.24727435,0.018986586,0.1302035,0.0032192622,0.4,0.0,0.22327034,0.010469559
375316653866487564,4471320547260108672,0.5076952,2219.280105577817,0.5416664316315182,2.73365E-5,17.226608,0.0018350059,0.29721165,0.004974355,0.072085775,0.005328576,0.09224779,0.0024291987,0.75501424,0.011664605,0.036597162,0.015094199,0.020064697,0.047360294,null,null,null,null,"TWOGAUSSIANS",8,1.7476335,0.29721165,0.004974355,0.4,0.010295875,0.09224738,0.0024288227,0.75501424,0.011664605,0.20494412,0.084527515,0.020064285,0.047360677
375316653866487564,4471321711193036288,0.49985558,2227.251986646375,3.0788032339746647,2.7910108E-5,17.942913,0.01342245,0.2614521,0.0074118283,0.08251635,0.011710409,0.29207674,0.036221992,0.77555364,0.0065295245,0.07415905,0.00829114,0.30003387,0.016007733,null,null,null,null,"TWOGAUSSIANS",8,16.889046,0.77555364,0.0065295245,0.4,0.00429398,0.2973218,0.01533794,0.2614521,0.0074118283,0.4,0.0,0.28936464,0.03699611
375316653866487564,4471322127808097408,0.475932,2227.292876541427,0.7842842362229375,5.51412E-5,17.247507,0.010794515,0.11167041,0.015388388,0.01430559,0.013518842,0.2194842,27.089125,0.609101,0.0014098007,0.015339262,0.0014749948,0.32947585,0.009742138,null,null,null,null,"TWOGAUSSIANS",8,63.353363,0.609101,0.0014098007,0.08589987,0.008259972,0.32947585,0.009742138,0.11167041,0.015388388,0.0801113,0.07570551,0.2194842,27.089125
375316653866487564,4471326491494935424,0.50683856,2234.834614676929,1.2116311793315255,7.227744E-5,15.398455,0.0033688024,0.31243125,0.0063133487,0.02945742,0.070114285,0.11801188,0.084766366,null,null,null,null,null,null,0.011020592,0.0026584486,0.31243125,0.0063133487,"ONEGAUSSIAN_WITH_ELLIPSOIDAL",6,13.638035,0.31243125,0.0063133487,0.16496156,0.22961812,0.14005305,0.08670515,null,null,null,null,null,null
375316653866487564,4471326590276359552,0.46992883,2253.9658358834536,0.15547097628952025,4.523985E-5,18.001444,0.004724741,0.20055279,0.00508547,0.062488824,0.0063392017,0.13736604,0.03121011,0.7017787,0.02604488,0.06928895,0.01645356,0.07160351,0.011876637,null,null,null,null,"TWOGAUSSIANS",8,3.4567237,0.20055279,0.00508547,0.3499374,0.035499528,0.13722615,0.031265955,0.7017787,0.02604488,0.3880181,0.07715617,0.071463615,0.011786839
375316653866487564,4471327865884380800,0.58294815,2251.9762760056265,2.2327188050200664,1.0477537E-5,14.196856,0.006526289,0.2305122,0.005781451,0.07343872,0.0058986633,0.36515167,0.014394445,0.73541814,0.0030784397,0.08122568,0.0032683131,0.3454803,0.011632372,null,null,null,null,"TWOGAUSSIANS",8,169.86127,0.2305122,0.005781451,0.4,0.0050467593,0.36171585,0.014458293,0.73541814,0.0030784397,0.4,0.0,0.34204447,0.011416808
375316653866487564,4471327930305875712,0.5468022,2273.8856903056726,2.3128182818365572,3.8271177E-5,18.77339,0.006360395,0.21986322,0.010368924,0.01248021,0.030397391,0.034045342,0.01333622,0.50711787,7.716631E-5,0.027090888,3.2097803E-4,0.6331634,0.0044306116,null,null,null,null,"TWOGAUSSIANS",8,4.931004,0.50711787,7.716631E-5,0.15170898,0.0017974769,0.6331634,0.0044306116,0.21986322,0.010368924,0.06988917,0.17022538,0.034045342,0.01333622
375316653866487564,4471328067744914176,0.56952465,2250.0723008249415,0.707145426012396,3.47778E-5,17.834457,0.0036346891,0.33286822,0.0047883075,0.039454162,0.003171783,0.33403492,0.034270182,0.6813076,0.004752557,0.014499562,0.010416486,0.050859746,4.781691,0.015066691,0.004118232,0.33286822,0.0047883075,"TWOGAUSSIANS_WITH_ELLIPSOIDAL_ON_ECLIPSE1",9,1.6148623,0.33286822,0.0047883075,0.2209433,0.017761985,0.36416823,0.033471067,0.6820476,0.004682673,0.08119755,0.058332324,0.061056804,4.7819552
375316653866487564,4471328617500863616,0.47549725,2267.5345250056507,2.207701023007092,2.0509544E-5,19.814516,0.009321743,0.22312813,0.0021773346,0.046024777,0.0035794347,0.44846362,0.052298047,0.7128375,0.023080474,0.04436315,0.01693017,0.24868672,0.40875974,null,null,null,null,"TWOGAUSSIANS",8,1.8386886,0.22312813,0.0021773346,0.25773874,0.020044833,0.44846353,0.05229812,0.7128375,0.023080474,0.24843363,0.09480895,0.24868663,0.40875983
375316653866487564,4471329549511908864,0.5393619,2318.9059828241616,2.3798876200158663,3.6476744E-5,14.981384,0.17501307,0.19984393,0.0050231647,0.12204388,0.049288362,0.1933553,0.17035277,0.6952587,0.003244531,0.12153411,0.044748235,0.19968572,0.16913758,null,null,null,null,"TWOGAUSSIANS",8,37.546,0.6952587,0.003244531,0.4,0.0,0.15380143,0.009325997,0.19987394,0.004980999,0.4,0.0,0.1474677,0.007883228
375316653866487564,4471329957530856704,0.4879929,2282.7396115880633,3.5127200160942134,5.357694E-5,19.741602,0.015812416,0.19375248,0.023950174,0.042559423,0.030633967,0.233985,0.09647935,0.6954386,0.0053918143,0.044225372,0.008314408,0.48170346,0.11371678,null,null,null,null,"TWOGAUSSIANS",8,3.091018,0.6954386,0.0053918143,0.24766208,0.046560686,0.48170343,0.11372108,0.19375248,0.023950174,0.23833278,0.17155021,0.23398498,0.0964929
375316653866487564,4471332053474832896,0.46701092,2294.081638005521,0.12475539121215978,1.6643637E-5,18.040693,0.0045946073,0.3508287,0.024079619,0.08344996,0.020817306,0.05746524,0.007290588,0.83249193,0.019237347,0.014447878,0.023625635,0.20266737,0.124748476,null,null,null,null,"TWOGAUSSIANS",8,7.195292,0.83249193,0.019237347,0.08090811,0.13230355,0.20266728,0.12476052,0.3508287,0.024079619,0.4,0.041572638,0.057465155,0.007287186
375316653866487564,4471332603230664960,0.5572848,2253.664547891259,4.0242671660873075,1.527169E-5,19.70975,0.08403522,0.2501965,0.006701703,0.08714086,0.01592358,0.4540765,0.09490387,0.7599164,0.008247709,0.086784855,0.04246566,0.4459273,0.07375083,null,null,null,null,"TWOGAUSSIANS",8,1.2151356,0.2501965,0.0067240754,0.4,0.0,0.4417964,0.057909146,0.7599164,0.008247709,0.4,0.0,0.4336472,0.13779391
375316653866487564,4471332641883382400,0.5690912,2261.841294871692,3.7638156645856577,7.4949025E-6,17.786205,0.03030079,0.18583909,0.0044037225,0.07573211,0.010593893,0.349697,0.024585092,0.69739616,0.004341671,0.08964743,0.01162267,0.4047767,0.025634669,null,null,null,null,"TWOGAUSSIANS",8,9.184911,0.69739616,0.004341671,0.4,0.0,0.3984681,0.022871133,0.18583909,0.0044037225,0.4,0.015034685,0.3433886,0.020997291
375316653866487564,4471335115789589248,0.5699017,2304.4633331137507,3.3135363996978495,1.3320692E-5,16.63002,0.009325287,0.26976523,0.002108299,0.08460465,0.0036408603,0.3611819,0.010543694,0.76002485,0.006361496,0.084069096,0.008249528,0.2472201,0.011260106,null,null,null,null,"TWOGAUSSIANS",8,17.263487,0.26976523,0.002108299,0.4,0.0,0.35497862,0.009136812,0.76002485,0.006361496,0.4,0.0,0.24101685,0.009946893
