Gaia/vari_eclipsing_binary/VariEclipsingBinary_688149-688172.csv
# %ECSV 1.0
# ---
# delimiter: ','
# meta: !!omap
# - RELEASE: Gaia DR3
# - TABLE: vari_eclipsing_binary
# - DESCRIPTION: >
#     This table describes the properties of the eclipsing binaries resulting from the variability analysis. 
# - CITATION: >
#     How to cite and acknowledge Gaia: 
#     https://gea.esac.esa.int/archive/documentation/credits.html 
# - KNOWN_ISSUES: >
#     Known issues: 
#     https://www.cosmos.esa.int/web/gaia-users/known-issues 
# - DOCUMENTATION: >
#     Tutorials and documentation: 
#     https://www.cosmos.esa.int/web/gaia-users/archive 
# datatype:
# - 
#   name: solution_id
#   datatype: int64
#   description: Solution Identifier
#   meta:
#     ucd: meta.version
# - 
#   name: source_id
#   datatype: int64
#   description: Unique source identifier
#   meta:
#     ucd: meta.id;meta.main
# - 
#   name: global_ranking
#   datatype: float32
#   description: Number between 0 (worst) and 1 (best)
#   meta:
#     ucd: stat.param
# - 
#   name: reference_time
#   datatype: float64
#   unit: d
#   description: Reference time used for the geometric model fit
#   meta:
#     ucd: time.epoch
# - 
#   name: frequency
#   datatype: float64
#   unit: d**-1
#   description: Frequency of geometric model of the eclipsing binary light curve
#   meta:
#     ucd: src.orbital
# - 
#   name: frequency_error
#   datatype: float32
#   unit: d**-1
#   description: "Uncertainty of \\texttt{frequency}"
#   meta:
#     ucd: stat.error
# - 
#   name: geom_model_reference_level
#   datatype: float32
#   unit: mag
#   description: Magnitude reference level of geometric model
#   meta:
#     ucd: phot.mag;em.opt
# - 
#   name: geom_model_reference_level_error
#   datatype: float32
#   unit: mag
#   description: "Uncertainty of \\texttt{geomModelReferenceLevel}"
#   meta:
#     ucd: stat.error;phot.mag;em.opt
# - 
#   name: geom_model_gaussian1_phase
#   datatype: float32
#   description: Phase of the Gaussian 1 component
#   meta:
#     ucd: time.phase
# - 
#   name: geom_model_gaussian1_phase_error
#   datatype: float32
#   description: "Uncertainty of \\texttt{geomModelGaussian1Phase}"
#   meta:
#     ucd: stat.error;time.phase
# - 
#   name: geom_model_gaussian1_sigma
#   datatype: float32
#   description: "Standard deviation [phase] of Gaussian 1 component"
#   meta:
#     ucd: stat.stdev
# - 
#   name: geom_model_gaussian1_sigma_error
#   datatype: float32
#   description: "Uncertainty of \\texttt{geomModelGaussian1Sigma}"
#   meta:
#     ucd: stat.error
# - 
#   name: geom_model_gaussian1_depth
#   datatype: float32
#   unit: mag
#   description: Magnitude depth of Gaussian 1 component
#   meta:
#     ucd: src.var.amplitude
# - 
#   name: geom_model_gaussian1_depth_error
#   datatype: float32
#   unit: mag
#   description: "Uncertainty of \\texttt{geomModelGaussian1Depth}"
#   meta:
#     ucd: stat.error;src.var.amplitude
# - 
#   name: geom_model_gaussian2_phase
#   datatype: float32
#   description: Phase of Gaussian 2 component
#   meta:
#     ucd: time.phase
# - 
#   name: geom_model_gaussian2_phase_error
#   datatype: float32
#   description: "Uncertainty of \\texttt{geomModelGaussian2Phase}"
#   meta:
#     ucd: stat.error;time.phase
# - 
#   name: geom_model_gaussian2_sigma
#   datatype: float32
[...]
#   datatype: float32
#   description: "Secondary eclipse: uncertainty of \\texttt{derivedSecondaryEclDuration}"
#   meta:
#     ucd: stat.error;time.duration
# - 
#   name: derived_secondary_ecl_depth
#   datatype: float32
#   unit: mag
#   description: "Secondary eclipse: depth"
#   meta:
#     ucd: src.var.amplitude
# - 
#   name: derived_secondary_ecl_depth_error
#   datatype: float32
#   unit: mag
#   description: "Secondary eclipse: uncertainty of \\texttt{derivedSecondaryEclDepth}"
#   meta:
#     ucd: stat.error;src.var.amplitude
solution_id,source_id,global_ranking,reference_time,frequency,frequency_error,geom_model_reference_level,geom_model_reference_level_error,geom_model_gaussian1_phase,geom_model_gaussian1_phase_error,geom_model_gaussian1_sigma,geom_model_gaussian1_sigma_error,geom_model_gaussian1_depth,geom_model_gaussian1_depth_error,geom_model_gaussian2_phase,geom_model_gaussian2_phase_error,geom_model_gaussian2_sigma,geom_model_gaussian2_sigma_error,geom_model_gaussian2_depth,geom_model_gaussian2_depth_error,geom_model_cosine_half_period_amplitude,geom_model_cosine_half_period_amplitude_error,geom_model_cosine_half_period_phase,geom_model_cosine_half_period_phase_error,model_type,num_model_parameters,reduced_chi2,derived_primary_ecl_phase,derived_primary_ecl_phase_error,derived_primary_ecl_duration,derived_primary_ecl_duration_error,derived_primary_ecl_depth,derived_primary_ecl_depth_error,derived_secondary_ecl_phase,derived_secondary_ecl_phase_error,derived_secondary_ecl_duration,derived_secondary_ecl_duration_error,derived_secondary_ecl_depth,derived_secondary_ecl_depth_error
[from data line 37]
375316653866487564,6053030008802785792,0.51165414,2200.865532506969,1.9792183552677305,1.2721635E-5,19.398474,0.014648386,0.31797603,0.011149726,0.07865596,0.014853248,0.34384075,0.034027267,0.8254673,0.0048399847,0.0686003,0.006520915,0.2184788,0.017937016,null,null,null,null,"TWOGAUSSIANS",8,2.8717933,0.31797603,0.011149726,0.4,0.03268937,0.34237838,0.034920998,0.8254673,0.0048399847,0.38416168,0.03651712,0.21701643,0.016834354
375316653866487564,6053030111929492096,0.6587539,2201.1578631194498,0.754831170757146,3.0994065E-6,16.803766,0.002381404,0.25965983,0.007203251,0.046255935,0.005660103,0.06352213,0.006329294,0.7691594,0.0017977891,0.04364079,0.0013972098,0.4556288,0.012234062,0.021797642,0.0031932897,0.25965983,0.007203251,"TWOGAUSSIANS_WITH_ELLIPSOIDAL_ON_ECLIPSE1",9,3.7896945,0.7691594,0.0017977891,0.24438842,0.007824374,0.4990689,0.011191245,0.25965983,0.007203251,0.25903323,0.031696577,0.10711733,0.0049245027
375316653866487564,6053030421119191296,0.48899937,2233.7804989372876,3.0803264894550364,3.2318352E-5,19.859451,0.03478067,0.18751946,0.00974764,0.07410666,0.015164187,0.48419437,0.06129383,0.68982404,0.02313677,0.072557606,0.016949791,0.5945396,0.06936628,null,null,null,null,"TWOGAUSSIANS",8,4.587026,0.68982404,0.02313677,0.4,0.080923945,0.59149987,0.068041086,0.18751946,0.00974764,0.4,0.03117174,0.48115465,0.06304301
375316653866487564,6053030455480363136,0.4643036,2211.294773264261,3.3731356629811278,9.8726596E-5,19.847252,0.04014902,0.2761213,0.016739829,0.08678903,0.027350271,0.2068477,0.03675396,0.7596544,0.022520892,0.099019885,0.033035688,0.19489345,0.042779487,null,null,null,null,"TWOGAUSSIANS",8,2.7440739,0.2761213,0.016738717,0.4,0.0,0.19845451,0.026664985,0.7596544,0.022520892,0.4,0.0,0.18649879,0.028565265
375316653866487564,6053030867796190336,0.54684293,2200.644180481527,2.3793670383496486,1.4317108E-5,19.043106,0.020317888,0.2959954,0.0025256283,0.0471729,0.005058099,0.29362747,0.062324386,0.8035045,0.0073179146,0.06016741,0.010717763,0.2458138,0.05362479,0.115566574,0.031266257,0.2959954,0.0025256283,"TWOGAUSSIANS_WITH_ELLIPSOIDAL_ON_ECLIPSE1",9,5.158248,0.2959954,0.0025256283,0.26416823,0.028325357,0.5247335,0.033092413,0.8035045,0.0073179146,0.3369375,0.060019467,0.47640565,0.028613543
375316653866487564,6053031074002218112,0.5204774,2207.979119511781,0.889910612149073,2.0797293E-5,16.841852,0.0024445392,0.20523748,0.020751415,0.019239634,0.021535728,0.068670236,3538687.5,0.6977018,0.0012346244,0.029328447,0.0021319743,0.21025017,0.008922884,0.011395045,0.0040534954,0.20523748,0.020751415,"TWOGAUSSIANS_WITH_ELLIPSOIDAL_ON_ECLIPSE1",9,10.436638,0.6977518,0.0011929683,0.1642393,0.011939057,0.23298952,0.009339472,0.20523748,0.020751415,0.10774195,0.12060008,0.09146028,3538687.5
375316653866487564,6053031074002220160,0.46272382,2193.6624426932945,2.3192871544889795,2.1676527E-5,17.742704,0.12265172,0.28096208,0.0111417575,0.13592659,0.04409536,0.098106265,0.107315525,0.77221364,0.0059440774,0.16394497,0.07066999,0.12998046,0.1209051,null,null,null,null,"TWOGAUSSIANS",8,2.4830914,0.77221364,0.0059440774,0.4,0.0,0.07620706,0.0056004305,0.28244206,0.009807763,0.4,0.0,0.04661917,0.008139829
375316653866487564,6053031520633681024,0.49311668,2208.7392372483932,1.715053458258816,1.2066532E-5,19.731201,0.014301942,0.24243361,0.0042265183,0.060544945,0.005693149,0.49540526,0.02190396,0.7291373,0.01643032,0.06376722,0.025153138,0.2185653,0.025862962,null,null,null,null,"TWOGAUSSIANS",8,2.960604,0.24243361,0.0042265183,0.3390517,0.031881634,0.49527675,0.021995608,0.7291373,0.01643032,0.3570964,0.065442935,0.21843678,0.026908677
375316653866487564,6053031550696072064,0.5597748,2186.981913125169,0.5857337291628917,5.148724E-6,19.460491,0.0038662485,0.2615607,0.0018499574,0.027898278,0.002551072,0.56067103,0.08678989,0.7592438,6.632843E-4,0.027671164,0.0011003778,0.58621234,0.008137038,null,null,null,null,"TWOGAUSSIANS",8,2.1188622,0.7592438,6.632843E-4,0.15495852,0.0061621154,0.58621234,0.008137038,0.2615607,0.0018499574,0.15623036,0.014286003,0.56067103,0.08678989
375316653866487564,6053031619396861440,0.5240054,2213.5990812917835,1.098585507968322,1.9374034E-5,17.428953,0.001884842,0.3166622,0.00625117,0.04891872,0.004201913,0.1424407,0.009613985,0.8101502,0.010279591,0.051305667,0.007995488,0.044166088,0.0037889353,null,null,null,null,"TWOGAUSSIANS",8,2.5202389,0.3166622,0.00625117,0.27394482,0.02353071,0.14244027,0.009613931,0.8101502,0.010279591,0.28731173,0.044774733,0.044165645,0.0037888566
375316653866487564,6053032684573749504,0.4952636,2191.2793596936035,0.5244066164232427,1.2742425E-4,18.81025,0.008267626,0.3715679,0.005103612,0.022292845,0.002533281,0.5253278,0.045678485,0.6048598,0.023051785,0.06813765,0.055205945,0.040897876,0.024582388,0.020224383,0.011395228,0.3715679,0.005103612,"TWOGAUSSIANS_WITH_ELLIPSOIDAL_ON_ECLIPSE1",9,6.249674,0.37157792,0.005110332,0.12483994,0.014186374,0.56589276,0.047701932,0.6048598,0.023051785,0.38157088,0.28355762,0.041341696,0.02490402
375316653866487564,6053032688910402688,0.5887478,2207.3394199413046,1.8748653409321954,5.1796906E-6,16.072887,0.007642939,0.26037586,0.0019889695,0.09514704,0.0050718808,0.19010772,0.007141093,0.76451147,0.0032021068,0.09222821,0.009514877,0.14934771,0.006161003,null,null,null,null,"TWOGAUSSIANS",8,6.1630764,0.26037586,0.0019889695,0.4,0.0,0.18106905,0.00461546,0.76451147,0.0032021068,0.4,0.0,0.14030929,0.0088152
375316653866487564,6053032787629635584,0.5853374,2184.35341338129,2.787346659898272,1.1000966E-5,17.864754,0.013067874,0.2648819,0.001535762,0.049905345,0.003968851,0.37278488,0.025849627,0.76641244,0.004820357,0.050246112,0.0061590127,0.26720318,0.028327886,0.10071845,0.01559714,0.2648819,0.001535762,"TWOGAUSSIANS_WITH_ELLIPSOIDAL_ON_ECLIPSE1",9,8.793906,0.2648819,0.001535762,0.27946994,0.022225568,0.574219,0.009155704,0.76641244,0.004646598,0.2813782,0.03449047,0.4686187,0.014000054
375316653866487564,6053032963743174528,0.49081326,2219.4133391117034,1.8920723525296526,1.5853098E-5,19.20449,0.09051884,0.19724968,0.013238711,0.101553164,0.059250332,0.15698889,0.07357874,0.6770381,0.005759079,0.11047301,0.043600116,0.22072968,0.077303655,null,null,null,null,"TWOGAUSSIANS",8,1.4496036,0.6770381,0.005759079,0.4,0.0,0.20229329,0.019362347,0.19728969,0.013622146,0.4,0.0,0.13857105,0.011702199
375316653866487564,6053033273035183616,0.51397574,2217.024643508271,2.9086164538792834,2.2765611E-5,19.019787,0.023893796,0.23937933,0.0033483377,0.09291298,0.010977138,0.25036046,0.023220442,0.73491967,0.011275446,0.08494413,0.017414525,0.25695518,0.027330464,null,null,null,null,"TWOGAUSSIANS",8,3.9140391,0.73491967,0.011275446,0.4,0.0,0.24788636,0.022356153,0.23937933,0.0033483377,0.4,0.0,0.24129139,0.014698344
375316653866487564,6053033303025969152,0.51121706,2153.265576896155,0.36150861383639954,8.777914E-6,17.697311,0.0013256905,0.20646979,0.008489946,0.023837766,0.008005402,0.12615739,0.056968976,0.70007735,0.0011741264,0.017459791,9.6233265E-4,0.1080772,0.0045306915,null,null,null,null,"TWOGAUSSIANS",8,1.3797715,0.20646979,0.008489946,0.13349149,0.04483025,0.12615739,0.056968976,0.70007735,0.0011741264,0.097774826,0.0053890627,0.1080772,0.0045306915
375316653866487564,6053033616578418688,0.43340924,2190.4081227526626,2.1865138115926954,4.2933305E-5,19.82777,0.26557344,0.22438589,0.023207525,0.12123711,0.11413613,0.23432516,0.25511146,0.72234035,0.009992824,0.09143834,0.036826093,0.3806372,0.21479115,null,null,null,null,"TWOGAUSSIANS",8,7.88121,0.72234035,0.010025736,0.4,0.0,0.34602317,0.048219945,0.22438589,0.023215847,0.4,0.0,0.19961622,0.035994492
375316653866487564,6053033925816280064,0.5233006,2199.421974857262,3.150435126914257,1.2524111E-5,19.54554,0.009481319,0.27303836,0.0033987816,0.06821159,0.0065821083,0.4992724,0.04255643,0.7644334,0.009761216,0.07272837,0.007935756,0.39370537,0.04305167,null,null,null,null,"TWOGAUSSIANS",8,3.099445,0.27303836,0.0033987816,0.38198495,0.029312104,0.49796093,0.043292932,0.7644334,0.009761216,0.4,0.03059137,0.39239386,0.043304227
375316653866487564,6053033925861118976,0.51391745,2210.241592794958,1.2146754785976734,2.5890215E-5,16.876898,0.024010932,0.21170858,0.0021349387,0.04494175,0.007817972,0.14839497,0.02035699,0.71155256,0.008528554,0.04980515,0.10209294,0.56059223,0.47469467,null,null,null,null,"TWOGAUSSIANS",8,15.762184,0.71155256,0.008528554,0.27890885,0.12030734,0.5605917,0.482698,0.21170858,0.0021267487,0.2516738,0.043780643,0.14839444,0.013676232
375316653866487564,6053034265120973696,0.4950314,2217.4388745994606,4.390813158463445,1.0119354E-6,19.110495,0.0055264365,0.41875422,9.156974E-4,0.002847487,5.3844095E-4,1.2029582,2.479151,0.70710564,0.0045062318,0.0064990474,0.0015912646,0.47552314,0.255111,null,null,null,null,"TWOGAUSSIANS",8,4.09745,0.41875422,9.156974E-4,0.015945928,0.0030152693,1.2029582,2.479151,0.70710564,0.0045062318,0.036394663,0.008911082,0.47552314,0.255111
375316653866487564,6053034441213016832,0.44059074,2173.9476884318096,1.031769629414941,3.556357E-5,19.376236,0.031617135,0.2225368,0.008405891,0.07074345,0.019532105,0.17002618,0.028981972,0.7516259,0.011599304,0.07479259,0.02103583,0.32338285,0.06038925,null,null,null,null,"TWOGAUSSIANS",8,8.354036,0.7516259,0.011599304,0.4,0.041236352,0.32274693,0.061821893,0.2225368,0.008405891,0.3961633,0.068179324,0.16939026,0.027007006
375316653866487564,6053034539976572928,0.5235842,2194.797172329449,1.1846151177075739,1.43537545E-5,18.272207,0.0029448816,0.28224424,0.01596554,0.062112045,0.02224222,0.07106698,0.010763869,0.76387995,0.0041370303,0.052138027,0.0037139303,0.24336043,0.016454732,null,null,null,null,"TWOGAUSSIANS",8,4.08954,0.76387995,0.0041370303,0.29197294,0.02079801,0.24335212,0.01645155,0.28224424,0.01596554,0.34782743,0.08147617,0.07105867,0.010839858
375316653866487564,6053034578696338816,0.5719354,2216.9156945961518,1.1746138490378706,8.660944E-6,16.617805,0.048524287,0.24761043,0.022862332,0.031879112,0.025073756,0.20541453,0.121191375,0.7802994,0.0022614135,0.05088255,0.018344797,0.15167846,0.10280703,0.18119816,0.059097923,0.7802994,0.0022614135,"TWOGAUSSIANS_WITH_ELLIPSOIDAL_ON_ECLIPSE2",9,42.148464,0.25161043,0.020303896,0.17852303,0.14041303,0.5545502,0.033830494,0.7802994,0.0022614135,0.2849423,0.10273086,0.51407313,0.01961123
375316653866487564,6053034681731779072,0.4405336,2192.7061141058407,2.675788270552238,2.3178722E-5,18.47257,0.07035058,0.15754586,0.010241144,0.07624094,0.05370768,0.13789795,0.049465865,0.651879,0.012140801,0.10849312,0.048028927,0.12494248,0.06876179,null,null,null,null,"TWOGAUSSIANS",8,7.2024417,0.15754586,0.010339677,0.4,0.035432693,0.13187627,0.020035645,0.651879,0.012140801,0.4,0.0,0.11891453,0.027890611
375316653866487564,6053034849211446016,0.47023335,2181.845263371088,2.566108278933092,2.2958475E-5,17.37912,0.0016583788,0.28627726,0.004582206,0.021101369,0.00888728,0.054772858,0.018865105,null,null,null,null,null,null,0.032213878,0.0027200552,0.28627726,0.004582206,"ONEGAUSSIAN_WITH_ELLIPSOIDAL",6,3.7120655,0.28627726,0.004582206,0.11816767,0.04976877,0.11920047,0.01931446,null,null,null,null,null,null
375316653866487564,6053035094092363392,0.61418486,2195.700060962491,1.4387117438317394,4.635962E-6,18.825184,0.006184839,0.19285372,0.0049297847,0.037541665,0.006002297,0.097870246,0.016728707,0.70113754,0.0011999987,0.039676152,0.0012582099,0.7446637,0.014596391,0.03664505,0.008366525,0.19285372,0.0049297847,"TWOGAUSSIANS_WITH_ELLIPSOIDAL_ON_ECLIPSE1",9,2.7510817,0.70113754,0.0011999987,0.22218646,0.0070459754,0.8177554,0.013701961,0.19285372,0.0049297847,0.21023332,0.033612866,0.17116033,0.010072538
375316653866487564,6053035128407847936,0.43870485,2181.526890294318,2.7781324898460285,5.3718602E-5,18.357925,0.08746819,0.24579707,0.008273388,0.08662431,0.033112492,0.14840375,0.0791417,0.7544131,0.020961462,0.12451544,0.09715783,0.11880643,0.079035215,null,null,null,null,"TWOGAUSSIANS",8,10.700275,0.24576707,0.00807315,0.4,0.0,0.13452569,0.027843026,0.7544131,0.02096328,0.4,0.0,0.10485077,0.019859552
375316653866487564,6053035295888952448,0.6081462,2208.5664803160917,2.4827017936246003,5.707506E-6,17.39491,0.0050917845,0.28679278,0.0011354967,0.08458107,0.002072536,0.33940193,0.0063730944,0.7864233,0.0021354563,0.08909597,0.0024352549,0.31327632,0.0070085563,null,null,null,null,"TWOGAUSSIANS",8,3.6214087,0.28679278,0.0011354967,0.4,0.0,0.32914007,0.0060064713,0.7864233,0.0021354563,0.4,0.0,0.30301437,0.006132306
375316653866487564,6053035643804519424,0.53468716,2184.375379460017,0.10876432958422493,8.3341736E-5,18.04654,0.003423244,0.1378261,0.004177358,0.010691845,0.0044544023,0.45930794,0.06140309,0.608858,0.009820422,0.032761697,0.0036921569,0.4676415,0.09676791,null,null,null,null,"TWOGAUSSIANS",8,8.242819,0.608858,0.009820422,0.18346551,0.020676078,0.4676415,0.09676791,0.1378261,0.004177358,0.059874333,0.024944654,0.45930794,0.06140309
375316653866487564,6053035746883964032,0.49861023,2215.9158033465274,3.3718467569299286,2.9133105E-5,19.653471,0.029524088,0.2507889,0.0050015463,0.088006295,0.009869643,0.3553666,0.027820539,0.74659103,0.013295043,0.10160491,0.018316546,0.30287898,0.03049616,null,null,null,null,"TWOGAUSSIANS",8,2.9687545,0.2507889,0.0050015463,0.4,0.0,0.33643818,0.01795318,0.74659103,0.013295043,0.4,0.0,0.28394723,0.01719963
375316653866487564,6053036193558798976,0.5486229,2214.1381645300535,1.0476363024571276,2.2710663E-5,18.310947,0.0023068464,0.21632083,2.131304E-4,0.008779591,1.4191285E-4,0.5760559,0.004211614,0.6852912,0.0011296318,0.01419702,7.913461E-4,0.11692169,0.0064694174,null,null,null,null,"TWOGAUSSIANS",8,2.5054717,0.21632083,2.131304E-4,0.04916571,7.94712E-4,0.5760559,0.004211614,0.6852912,0.0011296318,0.07950331,0.004431538,0.11692169,0.0064694174
375316653866487564,6053036502796979328,0.54038477,2186.494866010233,2.8445088218789962,6.283622E-6,19.417892,0.008631833,0.25495425,0.003164002,0.075786136,0.0032946256,0.5343516,0.024806214,0.7697214,0.003954529,0.073232815,0.008047538,0.47901207,0.038221456,null,null,null,null,"TWOGAUSSIANS",8,3.0281763,0.25495425,0.003164002,0.4,0.0,0.53175575,0.024851132,0.7697214,0.003954529,0.4,0.013793861,0.47641617,0.039795354
375316653866487564,6053036983832884096,0.45540118,2213.5271356280914,0.49077452759716833,3.105625E-5,19.793299,0.007466321,0.2182905,0.009093575,0.030713415,0.006899343,0.09073737,0.009503476,0.69596785,0.005176563,0.03404848,0.008221299,0.5951798,0.2641547,null,null,null,null,"TWOGAUSSIANS",8,3.4617505,0.69596785,0.005176563,0.19067147,0.04603928,0.5951798,0.2641547,0.2182905,0.009093575,0.17199512,0.03863632,0.09073737,0.009503476
375316653866487564,6053037293070840960,0.46015483,2190.0610757929494,2.4946993875104075,3.4728586E-5,19.825815,0.008561633,0.3625719,0.016541494,0.06610931,0.026964746,0.25769535,0.05665881,0.8476226,0.024399355,0.030850895,0.016702244,0.062222842,0.01694599,null,null,null,null,"TWOGAUSSIANS",8,2.9283283,0.3625719,0.016541494,0.3702121,0.06490545,0.25769514,0.056679975,0.8476226,0.024399355,0.172765,0.09353257,0.062222615,0.016936101
375316653866487564,6053037361790598400,0.4973756,2184.8108853560134,2.5400774391522662,2.4380886E-5,19.798527,0.015232828,0.25432834,0.0054526497,0.084543936,0.007309194,0.31267408,0.019843489,0.7508598,0.010116035,0.07486698,0.00817422,0.3262412,0.025100885,null,null,null,null,"TWOGAUSSIANS",8,2.4676445,0.7508598,0.010116035,0.4,0.0,0.32189766,0.024418687,0.25432834,0.0054526497,0.4,0.0,0.3083305,0.018975072
