Gaia/vari_eclipsing_binary/VariEclipsingBinary_639828-640055.csv
# %ECSV 1.0
# ---
# delimiter: ','
# meta: !!omap
# - RELEASE: Gaia DR3
# - TABLE: vari_eclipsing_binary
# - DESCRIPTION: >
#     This table describes the properties of the eclipsing binaries resulting from the variability analysis. 
# - CITATION: >
#     How to cite and acknowledge Gaia: 
#     https://gea.esac.esa.int/archive/documentation/credits.html 
# - KNOWN_ISSUES: >
#     Known issues: 
#     https://www.cosmos.esa.int/web/gaia-users/known-issues 
# - DOCUMENTATION: >
#     Tutorials and documentation: 
#     https://www.cosmos.esa.int/web/gaia-users/archive 
# datatype:
# - 
#   name: solution_id
#   datatype: int64
#   description: Solution Identifier
#   meta:
#     ucd: meta.version
# - 
#   name: source_id
#   datatype: int64
#   description: Unique source identifier
#   meta:
#     ucd: meta.id;meta.main
# - 
#   name: global_ranking
#   datatype: float32
#   description: Number between 0 (worst) and 1 (best)
#   meta:
#     ucd: stat.param
# - 
#   name: reference_time
#   datatype: float64
#   unit: d
#   description: Reference time used for the geometric model fit
#   meta:
#     ucd: time.epoch
# - 
#   name: frequency
#   datatype: float64
#   unit: d**-1
#   description: Frequency of geometric model of the eclipsing binary light curve
#   meta:
#     ucd: src.orbital
# - 
#   name: frequency_error
#   datatype: float32
#   unit: d**-1
#   description: "Uncertainty of \\texttt{frequency}"
#   meta:
#     ucd: stat.error
# - 
#   name: geom_model_reference_level
#   datatype: float32
#   unit: mag
#   description: Magnitude reference level of geometric model
#   meta:
#     ucd: phot.mag;em.opt
# - 
#   name: geom_model_reference_level_error
#   datatype: float32
#   unit: mag
#   description: "Uncertainty of \\texttt{geomModelReferenceLevel}"
#   meta:
#     ucd: stat.error;phot.mag;em.opt
# - 
#   name: geom_model_gaussian1_phase
#   datatype: float32
#   description: Phase of the Gaussian 1 component
#   meta:
#     ucd: time.phase
# - 
#   name: geom_model_gaussian1_phase_error
#   datatype: float32
#   description: "Uncertainty of \\texttt{geomModelGaussian1Phase}"
#   meta:
#     ucd: stat.error;time.phase
# - 
#   name: geom_model_gaussian1_sigma
#   datatype: float32
#   description: "Standard deviation [phase] of Gaussian 1 component"
#   meta:
#     ucd: stat.stdev
# - 
#   name: geom_model_gaussian1_sigma_error
#   datatype: float32
#   description: "Uncertainty of \\texttt{geomModelGaussian1Sigma}"
#   meta:
#     ucd: stat.error
# - 
#   name: geom_model_gaussian1_depth
#   datatype: float32
#   unit: mag
#   description: Magnitude depth of Gaussian 1 component
#   meta:
#     ucd: src.var.amplitude
# - 
#   name: geom_model_gaussian1_depth_error
#   datatype: float32
#   unit: mag
#   description: "Uncertainty of \\texttt{geomModelGaussian1Depth}"
#   meta:
#     ucd: stat.error;src.var.amplitude
# - 
#   name: geom_model_gaussian2_phase
#   datatype: float32
#   description: Phase of Gaussian 2 component
#   meta:
#     ucd: time.phase
# - 
#   name: geom_model_gaussian2_phase_error
#   datatype: float32
#   description: "Uncertainty of \\texttt{geomModelGaussian2Phase}"
#   meta:
#     ucd: stat.error;time.phase
# - 
#   name: geom_model_gaussian2_sigma
#   datatype: float32
[...]
#   datatype: float32
#   description: "Secondary eclipse: uncertainty of \\texttt{derivedSecondaryEclDuration}"
#   meta:
#     ucd: stat.error;time.duration
# - 
#   name: derived_secondary_ecl_depth
#   datatype: float32
#   unit: mag
#   description: "Secondary eclipse: depth"
#   meta:
#     ucd: src.var.amplitude
# - 
#   name: derived_secondary_ecl_depth_error
#   datatype: float32
#   unit: mag
#   description: "Secondary eclipse: uncertainty of \\texttt{derivedSecondaryEclDepth}"
#   meta:
#     ucd: stat.error;src.var.amplitude
solution_id,source_id,global_ranking,reference_time,frequency,frequency_error,geom_model_reference_level,geom_model_reference_level_error,geom_model_gaussian1_phase,geom_model_gaussian1_phase_error,geom_model_gaussian1_sigma,geom_model_gaussian1_sigma_error,geom_model_gaussian1_depth,geom_model_gaussian1_depth_error,geom_model_gaussian2_phase,geom_model_gaussian2_phase_error,geom_model_gaussian2_sigma,geom_model_gaussian2_sigma_error,geom_model_gaussian2_depth,geom_model_gaussian2_depth_error,geom_model_cosine_half_period_amplitude,geom_model_cosine_half_period_amplitude_error,geom_model_cosine_half_period_phase,geom_model_cosine_half_period_phase_error,model_type,num_model_parameters,reduced_chi2,derived_primary_ecl_phase,derived_primary_ecl_phase_error,derived_primary_ecl_duration,derived_primary_ecl_duration_error,derived_primary_ecl_depth,derived_primary_ecl_depth_error,derived_secondary_ecl_phase,derived_secondary_ecl_phase_error,derived_secondary_ecl_duration,derived_secondary_ecl_duration_error,derived_secondary_ecl_depth,derived_secondary_ecl_depth_error
[from data line 460]
375316653866487564,5629064063191271808,0.62254,2179.124284457563,2.9609958714315274,2.9892324E-6,16.231508,0.026098879,0.26089364,0.001392053,0.066795856,0.0050186734,0.3557397,0.050380744,0.76572675,0.0013988719,0.0705352,0.0043206173,0.35409445,0.052766647,0.06920511,0.026663695,0.76572675,0.0013988719,"TWOGAUSSIANS_WITH_ELLIPSOIDAL_ON_ECLIPSE2",9,22.830887,0.26147366,0.0011581612,0.3740568,0.028104572,0.49314296,0.008295399,0.76572675,0.0013988719,0.39499712,0.019945126,0.49160993,0.0069423285
375316653866487564,5629065368854317696,0.5434101,2197.913306771647,1.7978728929108387,8.055877E-6,18.562698,0.039341763,0.27372947,0.0013371125,0.046710722,0.006406776,0.7316086,0.06789353,0.7794796,0.0026690958,0.038600303,0.004215348,0.6959721,0.105756044,0.047243103,0.051017497,0.7794796,0.0026690958,"TWOGAUSSIANS_WITH_ELLIPSOIDAL_ON_ECLIPSE2",9,28.342459,0.27385947,0.0013001417,0.26158005,0.035877947,0.825974,0.062195465,0.7794796,0.0026690958,0.2161617,0.023605948,0.790458,0.061121985
375316653866487564,5629066120476319360,0.52586234,2166.6112254814548,1.7928584783240222,3.9253837E-6,19.403427,0.005248874,0.24525437,0.0013556641,0.049422093,0.0017191747,0.3781019,0.008508526,0.74184185,0.0040754583,0.049879164,0.004042197,0.2523754,0.020452969,null,null,null,null,"TWOGAUSSIANS",8,1.9335407,0.24525437,0.0013556641,0.2767637,0.009627379,0.37810028,0.008508317,0.74184185,0.0040754583,0.2793233,0.022636304,0.25237378,0.020453582
375316653866487564,5629069285871591040,0.55724543,2185.592879834795,2.1750301157523517,8.390987E-6,16.7153,0.061980832,0.21742404,0.0019457133,0.12430666,0.01696831,0.24129687,0.058473203,0.713741,0.0025017252,0.13451332,0.019404521,0.27059606,0.057598446,null,null,null,null,"TWOGAUSSIANS",8,6.9536834,0.713741,0.0025017252,0.4,0.0,0.1937071,0.006914609,0.21751404,0.001987176,0.4,0.0,0.16480237,0.005133585
375316653866487564,5629074641691657472,0.55184454,2221.676569338985,3.291116447808538,6.7439164E-6,19.377747,0.014960079,0.296034,0.0034783857,0.08477162,0.005630843,0.4189811,0.016797265,0.79184496,0.0020697347,0.09150788,0.0045473985,0.38550708,0.016629146,null,null,null,null,"TWOGAUSSIANS",8,1.567866,0.296034,0.0034783857,0.4,0.0,0.40556696,0.016013322,0.79184496,0.0020697347,0.4,0.0,0.3720927,0.014284091
375316653866487564,5629077463488874112,0.5542403,2181.7614752149093,0.16033878173964325,1.8207797E-5,17.631176,0.001276559,0.43361765,3.3092545E-4,0.0036609746,1.1179477E-4,0.8365374,0.06183219,0.57873,0.015917642,0.027058052,0.013206575,0.025094042,0.022708058,null,null,null,null,"TWOGAUSSIANS",8,2.3857667,0.43361765,3.3092545E-4,0.020501457,6.260507E-4,0.8365375,0.06183218,0.57873,0.015917642,0.1515251,0.073956825,0.025094042,0.022708058
375316653866487564,5629081792815854848,0.59669954,2198.836052129929,2.870450670426675,4.006219E-6,18.11099,0.017211126,0.22166954,0.001722876,0.06287517,0.0037893958,0.39792985,0.041733216,0.7254478,0.002042927,0.05955556,0.0038380018,0.36059088,0.04047162,0.08529781,0.023335656,0.22166954,0.001722876,"TWOGAUSSIANS_WITH_ELLIPSOIDAL_ON_ECLIPSE1",9,5.9298744,0.22166954,0.001722876,0.35210094,0.021220615,0.56833804,0.021027189,0.7254478,0.002042927,0.33351114,0.021492809,0.530903,0.012872079
375316653866487564,5629091619694519680,0.520828,2178.204476034513,3.674813934097992,1.2670995E-5,18.761402,0.01333179,0.25723487,0.003496615,0.07427148,0.0040662843,0.53347445,0.023636293,0.76282,0.0034855625,0.08618202,0.00648839,0.41106623,0.02118503,null,null,null,null,"TWOGAUSSIANS",8,9.597581,0.25723487,0.003496615,0.4,0.0,0.52702945,0.023420917,0.76282,0.0034855625,0.4,0.0,0.40462118,0.022060545
375316653866487564,5629096911094476672,0.55682284,2192.715345493348,3.5944285191862053,4.8620373E-6,19.351734,0.010125901,0.28623658,0.0023238538,0.06858083,0.0035103022,0.548602,0.019271636,0.77528405,0.0016963753,0.06928636,0.0023087037,0.5332594,0.015459567,null,null,null,null,"TWOGAUSSIANS",8,2.4722555,0.28623658,0.0023238538,0.38405263,0.019657692,0.54747593,0.019407226,0.77528405,0.0016963753,0.38800362,0.012928741,0.53213334,0.015324278
375316653866487564,5629100862470636032,0.6086096,2183.4258238941775,0.05190202376230596,1.085843E-6,15.671494,3.324276E-4,0.72071385,0.01040895,8.3694013E-4,0.0014007331,1.4600822,456956.47,null,null,null,null,null,null,9.910101E-4,4.913595E-4,0.72071385,0.01040895,"ONEGAUSSIAN_WITH_ELLIPSOIDAL",6,1.9790261,0.72071385,0.01040895,0.0046868646,0.007844105,1.4620643,456956.47,null,null,null,null,null,null
375316653866487564,5629101446586168448,0.66893095,2168.6556359632264,3.310118342384808,2.3385871E-6,14.678792,0.006528848,0.28482962,7.8724534E-4,0.049703453,0.0014675288,0.5720564,0.019190058,0.7810754,7.752579E-4,0.046357878,0.0013848727,0.4207668,0.013281196,0.1221876,0.007219875,0.28482962,7.8724534E-4,"TWOGAUSSIANS_WITH_ELLIPSOIDAL_ON_ECLIPSE1",9,75.09117,0.28482962,7.8724534E-4,0.27833933,0.008218161,0.8164292,0.016954524,0.7814154,6.8246113E-4,0.25960413,0.007755287,0.6650158,0.00512393
375316653866487564,5629104332806883456,0.40931845,2176.65104814062,1.20187170597315,1.2127421E-5,18.513159,0.0064599975,0.36748558,0.0073391274,0.009830122,0.005210165,0.20528246,5.2017126,0.86367244,0.003233286,0.02983145,0.005689362,0.14251529,0.0218213,null,null,null,null,"TWOGAUSSIANS",8,12.964949,0.36748558,0.0073391274,0.055048686,0.029176924,0.20528246,5.2017126,0.86367244,0.003233286,0.16705611,0.031860426,0.14251529,0.0218213
375316653866487564,5629104573322236416,0.53559804,2170.632437618008,1.9116287390177158,9.854115E-6,16.691093,0.0052490127,0.25418714,0.0028254944,0.042673133,0.0138645135,0.04929256,0.009620729,0.75780493,0.01112236,0.042100072,0.016797276,0.031308938,0.013460796,0.049404744,0.007057719,0.25418714,0.0028254944,"TWOGAUSSIANS_WITH_ELLIPSOIDAL_ON_ECLIPSE1",9,10.176829,0.25418714,0.0028254944,0.23896955,0.07764128,0.14810191,0.006496475,0.75780493,0.010994897,0.23576039,0.09406474,0.13006724,0.009354541
375316653866487564,5629105604114369536,0.5526157,2182.517116008061,3.6589786811232963,7.5261996E-6,17.566092,0.0076644025,0.2847805,0.001518431,0.079233065,0.0031895344,0.3021865,0.0072546615,0.7945984,0.004171129,0.07933151,0.006805638,0.34339038,0.013323577,null,null,null,null,"TWOGAUSSIANS",8,15.349337,0.7945984,0.004171129,0.4,0.0,0.339724,0.013711076,0.2847805,0.001518431,0.4,0.0,0.29852012,0.006201605
375316653866487564,5629105982071482112,0.62996286,2162.6477869943687,1.6789514677222752,2.2553527E-6,15.62025,0.004800549,0.24183816,6.6593074E-4,0.0456562,0.0012261391,0.4203766,0.011026407,0.74492663,0.0019486172,0.04400818,0.003114656,0.13680813,0.010648019,0.03410309,0.0053957244,0.74492663,0.0019486172,"TWOGAUSSIANS_WITH_ELLIPSOIDAL_ON_ECLIPSE2",9,21.194674,0.24191816,6.350573E-4,0.25567472,0.006866379,0.48855755,0.008101031,0.74492663,0.0019486172,0.24644582,0.017442074,0.2050141,0.005655242
375316653866487564,5629105982071486848,0.47568873,2155.816254412118,0.8909751706607327,1.882578E-5,15.529243,8.427844E-4,0.22883976,0.0030309877,0.018353531,0.0025597806,0.049213275,0.0046619386,0.7305815,0.004342703,0.027552119,0.0042457874,0.078007914,0.011390829,null,null,null,null,"TWOGAUSSIANS",8,7.7793813,0.7305815,0.004342703,0.15429185,0.02377641,0.078007914,0.011390829,0.22883976,0.0030309877,0.102779776,0.014334772,0.049213275,0.0046619386
375316653866487564,5629119176211675904,0.62662494,2149.42879072777,2.371101193779643,3.0144338E-6,17.38178,0.009650151,0.2418772,0.0013026982,0.05435641,0.0044915797,0.32780474,0.020889942,0.7416823,0.001438929,0.05221862,0.0031458163,0.34121385,0.02481332,0.12533277,0.012449273,0.2418772,0.0013026982,"TWOGAUSSIANS_WITH_ELLIPSOIDAL_ON_ECLIPSE1",9,9.018063,0.7417123,0.00119717,0.29242426,0.017616572,0.591867,0.024333201,0.2418772,0.0013026982,0.3043959,0.025152847,0.57845825,0.0072942083
375316653866487564,5629119622888245632,0.5115279,2177.543150628444,0.38622387659823604,1.1694809E-5,15.662204,0.0013344303,0.30479237,9.5595466E-4,0.023431828,0.0014480634,0.18685195,0.018345281,0.79841375,0.005299135,0.021651799,0.0044051874,0.07234896,0.020323003,0.006026015,0.002095495,0.30479237,9.5595466E-4,"TWOGAUSSIANS_WITH_ELLIPSOIDAL_ON_ECLIPSE1",9,15.505156,0.30479237,9.5595466E-4,0.13121824,0.008109155,0.19890395,0.018882696,0.79845375,0.005271247,0.12125007,0.02466905,0.08438174,0.019849079
375316653866487564,5629129071816179456,0.5350495,2147.7613709767625,0.0850663322363754,1.0099346E-5,17.32405,0.001381424,0.076929584,0.0057181804,0.006404617,0.0035532275,0.5622236,0.16615611,null,null,null,null,null,null,null,null,null,null,"ONEGAUSSIAN",5,10.56643,0.076929584,0.0057181804,0.035865854,0.019898074,0.5622236,0.0,null,null,null,null,null,null
375316653866487564,5629129445472100608,0.5228827,2120.418071099683,3.6137055082745393,9.095957E-6,19.749157,0.008993305,0.2749498,0.002781383,0.07421978,0.0047118245,0.43946794,0.025377715,0.77071124,0.0043084137,0.072366074,0.0042901016,0.46046087,0.02555511,null,null,null,null,"TWOGAUSSIANS",8,2.6835036,0.77071124,0.0043084137,0.4,0.004931382,0.45803687,0.025618592,0.2749498,0.002781383,0.4,3.545389E-4,0.43704394,0.025820753
375316653866487564,5629132232907193344,0.41900834,2135.7738534114883,4.009053490333045,1.2092076E-5,17.476639,0.008325005,0.16586545,0.0041967216,0.009202252,0.006433924,0.30453545,0.47203398,0.40665096,0.002192755,0.023787402,0.003017429,0.2046621,0.035617962,null,null,null,null,"TWOGAUSSIANS",8,7.658402,0.16586545,0.0041967216,0.051532615,0.036029976,0.30453545,0.47203398,0.40665096,0.002192755,0.13320945,0.016897602,0.2046621,0.035617962
375316653866487564,5629133882179681024,0.58350295,2172.962235266717,2.243140901386459,4.6672153E-6,16.28883,0.009188976,0.24074641,0.001586058,0.051012818,0.005809483,0.17124268,0.020507371,0.7400374,0.00566396,0.04913286,0.007723593,0.16857539,0.02193233,0.11385538,0.011181518,0.24074641,0.001586058,"TWOGAUSSIANS_WITH_ELLIPSOIDAL_ON_ECLIPSE1",9,22.790592,0.24074641,0.001586058,0.28567177,0.032533105,0.39895147,0.014517695,0.7401874,0.0053087072,0.27514404,0.04325212,0.3962806,0.013923514
375316653866487564,5629134912971904512,0.515237,2172.7657152831107,0.6087769173635709,5.5087585E-6,16.510569,0.0012358119,0.23569144,0.0021750834,0.011367027,0.0022307415,0.06892154,0.013260614,0.7384994,7.8796584E-4,0.011967385,7.124782E-4,0.12504433,0.004659278,null,null,null,null,"TWOGAUSSIANS",8,5.2739134,0.7384994,7.8796584E-4,0.067017354,0.0039898776,0.12504433,0.004659278,0.23569144,0.0021750834,0.06365535,0.012492153,0.06892154,0.013260614
375316653866487564,5629138074067779456,0.47611302,2157.167267880325,3.5941760866583303,1.782098E-5,18.650393,0.018552665,0.27612147,0.0073369457,0.07339198,0.009936598,0.44274333,0.027996404,0.76381093,0.004070759,0.085556895,0.0057329712,0.44778663,0.024594754,null,null,null,null,"TWOGAUSSIANS",8,23.479372,0.76381093,0.004070759,0.4,0.0,0.4428587,0.023175858,0.27612147,0.0073369457,0.4,0.01410603,0.43781546,0.02787632
375316653866487564,5629142334675170432,0.5706849,2138.833972951415,4.079257332551534,5.1374404E-6,17.722118,0.006428464,0.23997901,0.0016352189,0.044582427,0.0032725758,0.27086252,0.016195133,0.735737,0.0025482788,0.04134305,0.003920089,0.1855776,0.014138403,0.14007135,0.0087846415,0.23997901,0.0016352189,"TWOGAUSSIANS_WITH_ELLIPSOIDAL_ON_ECLIPSE1",9,15.009207,0.23997901,0.0016352189,0.2496616,0.018326424,0.5510052,0.01183118,0.736457,0.0019514451,0.23152107,0.021952499,0.46555495,0.010027619
375316653866487564,5629145113514925952,0.565418,2132.024163439442,3.441452649812483,5.1527704E-6,19.119678,0.010230312,0.2359212,0.0015913601,0.049487885,0.00522415,0.28150767,0.023587244,0.73333126,0.0024496994,0.047806825,0.004907234,0.20134062,0.02432464,0.10000457,0.014321934,0.2359212,0.0015913601,"TWOGAUSSIANS_WITH_ELLIPSOIDAL_ON_ECLIPSE1",9,2.7786446,0.2359212,0.0015913601,0.27713215,0.029255241,0.4815158,0.019344777,0.7337213,0.0020193749,0.26771823,0.027480513,0.40130383,0.015358006
375316653866487564,5629147076319062656,0.53606135,2100.8452928187726,2.727374693372971,7.794676E-6,19.693306,0.010492054,0.20252788,0.0031163977,0.08108452,0.0052348305,0.42729813,0.018227711,0.70105463,0.0016838727,0.09317922,0.004881963,0.35401627,0.014625786,null,null,null,null,"TWOGAUSSIANS",8,1.4603908,0.20252788,0.0031163977,0.4,0.0,0.4150504,0.019105881,0.70105463,0.0016838727,0.4,0.0,0.34176812,0.015163464
375316653866487564,5629148377688319488,0.52923894,2191.098909620073,3.531396006801408,1.3494094E-5,18.95648,0.015608443,0.2548186,0.006422627,0.0925571,0.011499809,0.34523317,0.016360255,0.7514758,0.0038378066,0.08210597,0.007912277,0.25090417,0.014679151,null,null,null,null,"TWOGAUSSIANS",8,3.2548225,0.2548186,0.006422627,0.4,0.0,0.33590952,0.01757589,0.7514758,0.0038378066,0.4,0.0,0.24158083,0.011195988
375316653866487564,5629149275343066880,0.4985106,2167.041478952981,3.130727643571399,2.2431592E-5,10.476141,0.07430192,0.16222446,0.0043653096,0.0609757,0.028541038,0.09266237,0.14818862,0.649718,0.01804259,0.05282474,0.047885086,0.082586676,0.1444738,0.052559175,0.073987715,0.16222446,0.0043653096,"TWOGAUSSIANS_WITH_ELLIPSOIDAL_ON_ECLIPSE1",9,710.6203,0.16222446,0.0043653096,0.34146392,0.08854138,0.19775964,0.008546026,0.65245795,0.013236681,0.29581854,0.16958125,0.18717758,0.015270595
375316653866487564,5629149580279252480,0.44504556,2180.358448397191,1.3846390438947356,1.044646E-5,19.151714,0.020699104,0.33264413,0.19258477,0.070673525,0.18552257,0.04097787,0.16584785,0.77808905,0.002023879,0.0222516,0.0032657646,0.44001266,0.110511184,null,null,null,null,"TWOGAUSSIANS",8,6.5168037,0.77808905,0.002023879,0.12460896,0.018288283,0.44001266,0.11058453,0.33264413,0.19258477,0.39577174,0.8293208,0.040977865,0.1658688
375316653866487564,5629150989028515968,0.48466125,2177.4508277140244,4.9212744389432075,1.4018284E-5,18.855022,0.011658382,0.25569996,0.0019449439,0.039046265,0.0022656927,0.47792253,0.020650322,0.6018345,0.12421433,0.029797014,0.1427284,0.062640645,0.06063865,null,null,null,null,"TWOGAUSSIANS",8,11.488265,0.25569996,0.0016297284,0.21865907,0.012687879,0.47792253,0.026317827,0.6018345,0.12421433,0.16686328,0.40217367,0.062640645,0.060665708
375316653866487564,5629151817959587200,0.51848865,2162.9538292876773,1.6446852486446464,1.4969377E-5,18.752626,0.004145633,0.16203617,0.00238086,0.02354035,0.0014584432,0.5428993,0.03552569,0.6702673,0.006943687,0.03358029,0.009212894,0.096899934,0.018157372,null,null,null,null,"TWOGAUSSIANS",8,4.401841,0.16203617,0.00238086,0.13182595,0.008167283,0.5428993,0.03552569,0.6702673,0.006943687,0.18804961,0.05159221,0.096899934,0.018157372
375316653866487564,5629152161557266560,0.44749695,2183.020966286981,2.8072403066964355,3.367227E-5,19.045073,0.02952505,0.33422542,0.03288083,0.15453056,0.035139028,0.1651524,0.029708195,0.7296859,0.010506914,0.08138264,0.012897133,0.27026895,0.029262204,null,null,null,null,"TWOGAUSSIANS",8,10.971878,0.7296859,0.010506914,0.4,0.0,0.26291186,0.025944399,0.33424544,0.03286813,0.4,0.0,0.15147033,0.02418204
375316653866487564,5629156353445042560,0.53732914,2185.5719059576854,2.3441176316855024,7.2433554E-6,19.483381,0.011761127,0.22469798,0.0023533595,0.07817447,0.0031537693,0.4764141,0.017207842,0.7237463,0.0033145817,0.09522373,0.0052498155,0.45641288,0.015673054,null,null,null,null,"TWOGAUSSIANS",8,2.074029,0.22469798,0.0023533595,0.4,0.0,0.46216363,0.016090607,0.7237463,0.0033145817,0.4,0.0,0.44216144,0.01530831
