Gaia/vari_eclipsing_binary/VariEclipsingBinary_207492-207524.csv
# %ECSV 1.0
# ---
# delimiter: ','
# meta: !!omap
# - RELEASE: Gaia DR3
# - TABLE: vari_eclipsing_binary
# - DESCRIPTION: >
#     This table describes the properties of the eclipsing binaries resulting from the variability analysis. 
# - CITATION: >
#     How to cite and acknowledge Gaia: 
#     https://gea.esac.esa.int/archive/documentation/credits.html 
# - KNOWN_ISSUES: >
#     Known issues: 
#     https://www.cosmos.esa.int/web/gaia-users/known-issues 
# - DOCUMENTATION: >
#     Tutorials and documentation: 
#     https://www.cosmos.esa.int/web/gaia-users/archive 
# datatype:
# - 
#   name: solution_id
#   datatype: int64
#   description: Solution Identifier
#   meta:
#     ucd: meta.version
# - 
#   name: source_id
#   datatype: int64
#   description: Unique source identifier
#   meta:
#     ucd: meta.id;meta.main
# - 
#   name: global_ranking
#   datatype: float32
#   description: Number between 0 (worst) and 1 (best)
#   meta:
#     ucd: stat.param
# - 
#   name: reference_time
#   datatype: float64
#   unit: d
#   description: Reference time used for the geometric model fit
#   meta:
#     ucd: time.epoch
# - 
#   name: frequency
#   datatype: float64
#   unit: d**-1
#   description: Frequency of geometric model of the eclipsing binary light curve
#   meta:
#     ucd: src.orbital
# - 
#   name: frequency_error
#   datatype: float32
#   unit: d**-1
#   description: "Uncertainty of \\texttt{frequency}"
#   meta:
#     ucd: stat.error
# - 
#   name: geom_model_reference_level
#   datatype: float32
#   unit: mag
#   description: Magnitude reference level of geometric model
#   meta:
#     ucd: phot.mag;em.opt
# - 
#   name: geom_model_reference_level_error
#   datatype: float32
#   unit: mag
#   description: "Uncertainty of \\texttt{geomModelReferenceLevel}"
#   meta:
#     ucd: stat.error;phot.mag;em.opt
# - 
#   name: geom_model_gaussian1_phase
#   datatype: float32
#   description: Phase of the Gaussian 1 component
#   meta:
#     ucd: time.phase
# - 
#   name: geom_model_gaussian1_phase_error
#   datatype: float32
#   description: "Uncertainty of \\texttt{geomModelGaussian1Phase}"
#   meta:
#     ucd: stat.error;time.phase
# - 
#   name: geom_model_gaussian1_sigma
#   datatype: float32
#   description: "Standard deviation [phase] of Gaussian 1 component"
#   meta:
#     ucd: stat.stdev
# - 
#   name: geom_model_gaussian1_sigma_error
#   datatype: float32
#   description: "Uncertainty of \\texttt{geomModelGaussian1Sigma}"
#   meta:
#     ucd: stat.error
# - 
#   name: geom_model_gaussian1_depth
#   datatype: float32
#   unit: mag
#   description: Magnitude depth of Gaussian 1 component
#   meta:
#     ucd: src.var.amplitude
# - 
#   name: geom_model_gaussian1_depth_error
#   datatype: float32
#   unit: mag
#   description: "Uncertainty of \\texttt{geomModelGaussian1Depth}"
#   meta:
#     ucd: stat.error;src.var.amplitude
# - 
#   name: geom_model_gaussian2_phase
#   datatype: float32
#   description: Phase of Gaussian 2 component
#   meta:
#     ucd: time.phase
# - 
#   name: geom_model_gaussian2_phase_error
#   datatype: float32
#   description: "Uncertainty of \\texttt{geomModelGaussian2Phase}"
#   meta:
#     ucd: stat.error;time.phase
# - 
#   name: geom_model_gaussian2_sigma
#   datatype: float32
[...]
#   datatype: float32
#   description: "Secondary eclipse: uncertainty of \\texttt{derivedSecondaryEclDuration}"
#   meta:
#     ucd: stat.error;time.duration
# - 
#   name: derived_secondary_ecl_depth
#   datatype: float32
#   unit: mag
#   description: "Secondary eclipse: depth"
#   meta:
#     ucd: src.var.amplitude
# - 
#   name: derived_secondary_ecl_depth_error
#   datatype: float32
#   unit: mag
#   description: "Secondary eclipse: uncertainty of \\texttt{derivedSecondaryEclDepth}"
#   meta:
#     ucd: stat.error;src.var.amplitude
solution_id,source_id,global_ranking,reference_time,frequency,frequency_error,geom_model_reference_level,geom_model_reference_level_error,geom_model_gaussian1_phase,geom_model_gaussian1_phase_error,geom_model_gaussian1_sigma,geom_model_gaussian1_sigma_error,geom_model_gaussian1_depth,geom_model_gaussian1_depth_error,geom_model_gaussian2_phase,geom_model_gaussian2_phase_error,geom_model_gaussian2_sigma,geom_model_gaussian2_sigma_error,geom_model_gaussian2_depth,geom_model_gaussian2_depth_error,geom_model_cosine_half_period_amplitude,geom_model_cosine_half_period_amplitude_error,geom_model_cosine_half_period_phase,geom_model_cosine_half_period_phase_error,model_type,num_model_parameters,reduced_chi2,derived_primary_ecl_phase,derived_primary_ecl_phase_error,derived_primary_ecl_duration,derived_primary_ecl_duration_error,derived_primary_ecl_depth,derived_primary_ecl_depth_error,derived_secondary_ecl_phase,derived_secondary_ecl_phase_error,derived_secondary_ecl_duration,derived_secondary_ecl_duration_error,derived_secondary_ecl_depth,derived_secondary_ecl_depth_error
[from data line 540]
375316653866487564,1825370377934019200,0.43667588,2165.7450435947358,0.5050309024110945,2.3774955E-5,19.230055,0.013816217,0.18526736,0.006312289,0.009959585,0.007872972,0.33268133,0.23120755,0.8979964,0.0013244281,0.010245502,0.0023199632,1.0865887,0.32779217,null,null,null,null,"TWOGAUSSIANS",8,5.2374735,0.8979964,0.0013244281,0.05737481,0.012991794,1.0865887,0.32779217,0.18526736,0.006312289,0.055773675,0.044088643,0.33268133,0.23120755
375316653866487564,1825370554024472320,0.5357409,2167.9597523354823,2.522566996678173,9.3402605E-6,19.102821,0.011824061,0.2603187,0.0022488788,0.08812887,0.0047800317,0.3027098,0.012714175,0.7537399,0.0022199454,0.08331308,0.0033052268,0.33783084,0.013396626,null,null,null,null,"TWOGAUSSIANS",8,1.6394972,0.7537399,0.0022199454,0.4,0.0,0.32972136,0.011022495,0.2603187,0.0022488788,0.4,0.0,0.29460025,0.011353924
375316653866487564,1825370931981785344,0.45258316,2173.92025309641,1.085686784690191,1.2796604E-5,18.184374,0.0019263929,0.413521,0.005992076,0.015680835,0.0065100286,0.054540023,0.12500276,0.8763792,0.0042707724,0.031098401,0.0027020038,0.108450755,0.007922838,null,null,null,null,"TWOGAUSSIANS",8,1.9312072,0.8763792,0.0042707724,0.17415105,0.015131221,0.108450755,0.007922838,0.413521,0.005992076,0.08781268,0.03645616,0.054540023,0.12500276
375316653866487564,1825370932017362432,0.47394553,2185.001046939341,1.4525286885745585,1.3530862E-5,18.132736,0.01207255,0.23543115,0.0049805483,0.09418639,0.0072509656,0.20198998,0.013258915,0.7301203,0.0032556835,0.1059633,0.008349677,0.20098266,0.011243118,null,null,null,null,"TWOGAUSSIANS",8,2.8779087,0.23543115,0.0049805483,0.4,0.0,0.18539132,0.009593846,0.7301203,0.0032556835,0.4,0.0,0.1843783,0.0073741125
375316653866487564,1825370966376991104,0.5437965,2186.7013277688116,0.6701351485375112,8.830445E-6,15.717271,0.0010536991,0.30168304,0.0015453729,0.024350012,0.0014443147,0.07635612,0.0040680324,null,null,null,null,null,null,0.022049181,0.0016165916,0.30168304,0.0015453729,"ONEGAUSSIAN_WITH_ELLIPSOIDAL",6,7.2904854,0.30168304,0.0015453729,0.13636006,0.008088162,0.12045445,0.0033507543,null,null,null,null,null,null
375316653866487564,1825371065126794752,0.53144825,2187.8676020114995,0.9532376500784475,9.717389E-6,18.911076,0.003728194,0.3089375,0.0021381357,0.036434807,0.0038518833,0.3557134,0.034620203,0.8080311,0.0013664967,0.034964416,0.0019070294,0.24304858,0.008655352,null,null,null,null,"TWOGAUSSIANS",8,2.3208425,0.3089375,0.0021381357,0.20403492,0.021570547,0.3557134,0.034620203,0.8080311,0.0013664967,0.19580074,0.010679365,0.24304858,0.008655352
375316653866487564,1825371649244579584,0.47539937,2178.0539859958285,0.9591621821451478,3.380224E-5,18.870213,0.006693038,0.2860509,0.0065710912,0.007381619,0.006307642,0.19188416,24.128988,0.5789113,0.004819982,0.038589485,0.0036659008,0.59429604,0.09253601,null,null,null,null,"TWOGAUSSIANS",8,13.142442,0.5789113,0.004819982,0.21610111,0.020529045,0.59429604,0.09253601,0.2860509,0.0065710912,0.041337065,0.035322797,0.19188416,24.128988
375316653866487564,1825372100212484096,0.52314335,2171.393632676322,2.7007505612910063,1.8708526E-5,19.80221,0.0153106395,0.23569927,0.0052817925,0.07487274,0.0051773,0.38309917,0.022655185,0.73854595,0.007207318,0.07943645,0.007702279,0.52761537,0.027278984,null,null,null,null,"TWOGAUSSIANS",8,1.9697793,0.73854595,0.007207318,0.4,0.0,0.5231544,0.027043747,0.23569927,0.0052817925,0.4,0.0,0.37863818,0.021430358
375316653866487564,1825372650004075264,0.516595,2160.75896465887,1.1551419293827514,7.773726E-6,19.400215,0.018250141,0.2391368,0.016466727,0.018548701,0.014001249,0.10838023,0.23386778,0.7024548,0.00406697,0.027657392,0.0057965172,0.4256492,0.02393307,0.05003286,0.0215592,0.2391368,0.016466727,"TWOGAUSSIANS_WITH_ELLIPSOIDAL_ON_ECLIPSE1",9,4.1087947,0.7029548,0.0038387475,0.15488139,0.032460496,0.5205621,0.03925857,0.2391368,0.016466727,0.103872724,0.078407,0.20844588,0.23274852
375316653866487564,1825373199759969152,0.5518111,2168.1770121432814,0.10165115796764809,3.2209807E-6,18.087994,0.0026306503,0.12357514,6.1564584E-4,0.009682928,7.95672E-4,0.42688358,0.052025937,0.624955,0.010538239,0.009038457,0.004598123,0.36916772,0.402695,null,null,null,null,"TWOGAUSSIANS",8,4.3290954,0.12357514,6.1564584E-4,0.054224398,0.0044557634,0.42688358,0.052025937,0.624955,0.010538239,0.05061536,0.025749488,0.36916772,0.402695
375316653866487564,1825373234084206976,0.5417747,2157.428020114413,2.2691383452748695,8.725907E-6,19.10987,0.0071076695,0.2952954,0.0017540993,0.08016991,0.0025940945,0.4604684,0.012526747,0.7927952,0.0033571299,0.07473046,0.003697236,0.24921198,0.0093371505,null,null,null,null,"TWOGAUSSIANS",8,1.4649363,0.2952954,0.0017540993,0.4,0.0,0.45693287,0.0125426,0.7927952,0.0033571299,0.4,0.0,0.24567646,0.008812479
375316653866487564,1825374436673694464,0.5352588,2165.9376198189757,0.045235234572563725,3.149264E-6,18.892193,0.0038537558,0.51805294,0.007016837,0.07390673,0.009666692,0.43379903,0.23056266,0.9186311,1.7495816E-4,0.003414776,6.111349E-5,1.1953983,0.04469693,null,null,null,null,"TWOGAUSSIANS",8,2.5167007,0.9186311,1.7495816E-4,0.019122746,3.4223552E-4,1.1953986,0.044696894,0.51805294,0.007016837,0.4,0.009480314,0.43379903,0.23056266
375316653866487564,1825374535462848896,0.50472385,2156.724139306099,0.2088774846051068,2.0410203E-5,17.951986,0.032013852,0.5729197,0.002113134,0.019308362,0.0019273849,0.50600773,0.031353567,0.30946848,0.033198565,0.16369174,0.07457663,0.117313236,0.024524314,null,null,null,null,"TWOGAUSSIANS",8,30.736208,0.5726897,0.0020749501,0.108126834,0.010793355,0.53596663,0.031180933,0.30946848,0.033198565,0.4,0.0,0.11510331,0.02314552
375316653866487564,1825375055148958464,0.45256132,2153.0858165699965,1.8215132776312195,3.1107393E-5,19.351088,0.008052994,0.6172455,0.008345527,0.024590798,0.009684125,0.2960295,0.061131634,null,null,null,null,null,null,0.044047195,0.01140327,0.6172455,0.008345527,"ONEGAUSSIAN_WITH_ELLIPSOIDAL",6,4.160577,0.6172455,0.008345527,0.13770847,0.0542311,0.38412383,0.065838076,null,null,null,null,null,null
375316653866487564,1825375089508690176,0.42969015,2148.720255815958,1.9760049421490022,1.1141724E-5,19.523657,0.021330152,0.28894788,0.027345145,0.072996266,0.017016958,0.17790453,0.051422324,0.7815561,0.0035045266,0.06483105,0.006184315,0.5084518,0.024363482,null,null,null,null,"TWOGAUSSIANS",8,11.414082,0.7815561,0.0035045266,0.36305386,0.03463216,0.5077968,0.024445733,0.28894788,0.027345145,0.4,0.061099697,0.1772495,0.051620904
375316653866487564,1825375398783872512,0.6263152,2170.7032218774775,2.0992969417457914,3.4351606E-6,18.315304,0.010436687,0.19276546,0.0012220396,0.047082104,0.0026245825,0.29353055,0.0221612,0.69107217,0.0012139417,0.052906394,0.0029137617,0.49033168,0.020530153,0.09883611,0.012454317,0.19276546,0.0012220396,"TWOGAUSSIANS_WITH_ELLIPSOIDAL_ON_ECLIPSE1",9,2.6337304,0.6912122,0.0010992883,0.2962758,0.016317066,0.687977,0.018849913,0.19276546,0.0012220396,0.26365978,0.014697663,0.49119642,0.0064527034
375316653866487564,1825375703693959296,0.5728072,2172.456792974447,0.08700375620536667,2.816625E-5,18.415394,0.0014912998,0.3194648,0.0060917027,0.011246474,0.004214107,0.024486663,0.004624017,0.89151496,4.9755105E-5,0.003696949,4.1554827E-5,0.546266,0.0025035627,null,null,null,null,"TWOGAUSSIANS",8,1.5023855,0.89151496,4.9755105E-5,0.020702913,2.3270703E-4,0.546266,0.0025035627,0.3194648,0.0060917027,0.06298026,0.023599,0.024486663,0.004624017
375316653866487564,1825375742381224960,0.5996525,2179.699375609989,0.6234652366102066,3.995885E-6,17.143484,0.006472337,0.27773908,0.0027845723,0.045273557,0.0036722715,0.11827586,0.018176947,0.7756112,5.7224015E-4,0.044610087,0.0015846057,0.61715,0.020190684,0.019568644,0.012395497,0.27773908,0.0027845723,"TWOGAUSSIANS_WITH_ELLIPSOIDAL_ON_ECLIPSE1",9,13.953283,0.77563125,5.689996E-4,0.24981649,0.008873792,0.65628016,0.023072284,0.27773908,0.0027845723,0.2535319,0.02056472,0.15741293,0.010949115
375316653866487564,1825376944937647104,0.5339941,2158.0591398056467,3.7389851265116616,2.11124E-5,19.765213,0.018873237,0.2523437,0.0062650745,0.039457805,0.008675283,0.6273005,0.16583239,0.7498651,0.003890413,0.039382722,0.006065965,0.44913873,0.053394996,0.14475238,0.025644494,0.2523437,0.0062650745,"TWOGAUSSIANS_WITH_ELLIPSOIDAL_ON_ECLIPSE1",9,4.045583,0.2523437,0.0062650745,0.2209637,0.048581585,0.91680497,0.16495636,0.7500451,0.0035730933,0.22054324,0.033969406,0.73857814,0.038486704
375316653866487564,1825377838287970048,0.5398298,2165.394745727344,0.14944199726010976,1.475296E-4,19.210136,0.021420734,0.4458082,0.015012921,0.01400753,0.011757325,0.59026957,7.2054834,0.7844473,0.03357742,0.1820785,0.11310437,0.035065264,0.018697012,null,null,null,null,"TWOGAUSSIANS",8,1.5148727,0.4458282,0.014988126,0.07844217,0.06584102,0.59492165,7.205533,0.7844473,0.03357742,0.4,0.0,0.033449344,0.009476044
375316653866487564,1825377872650604800,0.49151865,2150.504432524878,2.0652194844449236,1.29791115E-5,19.767582,0.015825467,0.24667738,0.0101814885,0.09607607,0.012878831,0.1948069,0.022304475,0.7505764,0.0028569705,0.08271574,0.0067551993,0.42222667,0.022477128,null,null,null,null,"TWOGAUSSIANS",8,1.4387532,0.7505764,0.0028569705,0.4,0.0,0.41191185,0.023870533,0.24667738,0.0101814885,0.4,0.0,0.18449157,0.021041226
375316653866487564,1825379625031793536,0.501325,2180.819428203648,2.4904816945608257,2.3919201E-5,16.477066,0.030291097,0.1498803,0.0048981872,0.12174737,0.020245798,0.166921,0.027728602,0.65200126,0.0052921856,0.10957502,0.016016146,0.17121013,0.02966267,null,null,null,null,"TWOGAUSSIANS",8,14.071877,0.6520113,0.0053076325,0.4,0.0,0.1393105,0.004198852,0.1498803,0.0049049077,0.4,0.0,0.13495891,0.0070506935
375316653866487564,1825379968629181056,0.49236852,2170.150559030614,0.695892203639163,9.015771E-5,16.79872,0.003239958,0.2859868,0.024019428,0.10626427,0.041319314,0.02087402,0.005701437,0.76574343,0.006783954,0.03096696,0.0053674676,0.11813299,0.0048671556,null,null,null,null,"TWOGAUSSIANS",8,5.5191565,0.76574343,0.006783954,0.17341498,0.03005782,0.11809603,0.0047872295,0.2859868,0.024019428,0.4,0.0,0.02083614,0.005769826
375316653866487564,1825380071671687168,0.52009636,2183.291857284091,2.0545445161089564,1.4730514E-5,17.838652,0.009621637,0.24685195,0.0044252384,0.08537004,0.007835823,0.17722838,0.011967144,0.7426303,0.0019476868,0.085483596,0.004362618,0.27920926,0.010269898,null,null,null,null,"TWOGAUSSIANS",8,6.8940616,0.7426303,0.0019476868,0.4,0.0,0.27351215,0.009132728,0.24685195,0.0044252384,0.4,0.0,0.17153129,0.011443501
375316653866487564,1825381063814282240,0.5249348,2198.7052578215375,2.5741796111021524,1.5075519E-5,17.719719,0.026457489,0.1489812,0.0052397526,0.09167527,0.013827049,0.17710882,0.025743138,0.6502787,0.0055244295,0.0891247,0.01666428,0.17243265,0.020583872,null,null,null,null,"TWOGAUSSIANS",8,8.853482,0.1489812,0.0052397526,0.4,0.0,0.16962449,0.016900808,0.6502787,0.0055244295,0.4,0.0,0.16494837,0.011130418
375316653866487564,1825382987958211072,0.51844823,2202.5362453617217,0.9293672051064787,1.4938968E-5,19.020723,0.0041951463,0.25602543,0.0025350251,0.02654986,0.0015410411,0.40642723,0.039222986,0.75022006,0.016307518,0.021761294,0.009085187,0.48833779,0.5976943,null,null,null,null,"TWOGAUSSIANS",8,2.5112755,0.75022006,0.016307518,0.121863246,0.050877046,0.48833779,0.5976943,0.25602543,0.0025350251,0.14867923,0.00862983,0.40642723,0.039222986
375316653866487564,1825383125394007296,0.48166695,2195.082909282644,0.10148029010301297,1.5773125E-5,15.530189,0.0015250104,0.36584243,0.03171682,0.10012848,0.021911655,0.008739519,0.0022473629,0.85224676,0.00814068,0.010012676,0.0054732244,0.13101472,0.1879041,null,null,null,null,"TWOGAUSSIANS",8,9.486324,0.85224676,0.00814068,0.056070987,0.030650059,0.13101453,0.18790428,0.36584243,0.03171682,0.4,0.0,0.008739239,0.0022473158
375316653866487564,1825383301524300928,0.4983815,2183.3111132623176,2.5567817688026,2.2957449E-5,19.727936,0.010491781,0.28263277,0.006085473,0.07671736,0.0052297055,0.44396228,0.024597088,0.7747679,0.0056293295,0.07332117,0.0051258937,0.47025794,0.03402978,null,null,null,null,"TWOGAUSSIANS",8,1.9011647,0.7747679,0.0056293295,0.4,0.0065751453,0.46728995,0.034431353,0.28263277,0.006085473,0.4,0.0,0.4409943,0.024108278
375316653866487564,1825383610761882368,0.4761591,2187.923975732262,1.1217746668400692,1.1614835E-5,19.14398,0.0079151755,0.23164397,0.0022471056,0.022241132,0.0033364608,0.6186577,0.13805948,0.7342365,0.0023630615,0.02193881,0.0032797158,0.39179,0.12579453,null,null,null,null,"TWOGAUSSIANS",8,7.9036393,0.23164397,0.0022471056,0.12455034,0.01868418,0.6186577,0.13805948,0.7342365,0.0023630615,0.12285734,0.018366408,0.39179,0.12579453
375316653866487564,1825383816920328192,0.5113102,2175.2203223317388,3.9264996054062733,1.0663212E-5,19.32606,0.020865493,0.2078677,0.0038353305,0.08646528,0.009578071,0.3667933,0.028423164,0.71545416,0.0057039834,0.073701404,0.0050509223,0.45521995,0.0259431,null,null,null,null,"TWOGAUSSIANS",8,3.2144725,0.71545416,0.0057039834,0.4,0.002203896,0.44990462,0.022737397,0.2078677,0.0038353305,0.4,0.0,0.36147794,0.02947539
375316653866487564,1825383915668004352,0.470707,2212.4517961277397,1.5606460370324222,6.3282E-5,16.07833,0.052641623,0.25990674,0.0032637713,0.15249155,0.020862116,0.40774843,0.11599403,0.75478715,0.0037562423,0.28444597,0.03139948,0.72542006,0.04878408,null,null,null,null,"TWOGAUSSIANS",8,24.406065,0.75478715,0.0037562423,0.4,0.0,0.11883097,0.003078541,0.26419672,0.003953357,0.4,0.0,0.1040545,0.013365634
375316653866487564,1825384327987949440,0.5565512,2183.716930487932,0.38514039630772007,1.4726142E-5,19.127594,0.0024798312,0.2660681,0.012628439,0.02170021,0.007529532,0.62435395,0.3632033,0.7643667,0.0011081169,0.018134786,0.001643769,0.61323875,0.03637002,null,null,null,null,"TWOGAUSSIANS",8,1.5854995,0.2660681,0.012628439,0.12152118,0.04216538,0.62435395,0.3632033,0.7643667,0.0011081169,0.1015548,0.009205106,0.61323875,0.03637002
375316653866487564,1825384366640482304,0.57488304,2172.6783916966456,1.8256717372595503,7.655899E-6,18.831266,0.008048048,0.2307139,0.0038719487,0.055891898,0.005106465,0.22727385,0.020436915,0.72922134,9.151179E-4,0.05282927,0.0014513214,0.5850966,0.015053938,null,null,null,null,"TWOGAUSSIANS",8,2.695932,0.72922134,9.151179E-4,0.29584393,0.0081274,0.58507943,0.015050458,0.2307139,0.0038719487,0.31299463,0.028596206,0.2272567,0.02044192
375316653866487564,1825384877744301824,0.50734043,2177.21010481009,2.492130002793709,1.5911774E-5,19.11756,0.035254642,0.12665091,0.0050744913,0.10345737,0.01444132,0.28112525,0.03381045,0.62390876,0.0047778334,0.09524368,0.012163254,0.3099266,0.032177676,null,null,null,null,"TWOGAUSSIANS",8,2.8687327,0.62390876,0.0047778334,0.4,0.0,0.2859736,0.014268521,0.12665091,0.0050744913,0.4,0.0,0.25716808,0.022699876
375316653866487564,1825386664450751744,0.5091597,2145.3665726838667,3.255092127618952,1.718092E-5,18.637325,0.009618339,0.25810507,0.0041758623,0.08857219,0.0077793105,0.23881964,0.012068812,0.7543551,0.0046377666,0.09327876,0.006713124,0.26682052,0.011764848,null,null,null,null,"TWOGAUSSIANS",8,3.902755,0.7543551,0.0046377666,0.4,0.0,0.25592306,0.012111578,0.25810507,0.0041758623,0.4,0.0,0.22792245,0.012563586
375316653866487564,1825387420374729344,0.5315862,2166.9051224730592,0.059800449867447605,2.960824E-5,18.717974,0.0026454485,0.30270526,5.315862E-4,0.0062449737,5.4329215E-4,0.4640498,0.018592287,0.8127922,0.014848781,0.03673799,0.0075819627,0.051338524,0.018864416,null,null,null,null,"TWOGAUSSIANS",8,2.1925309,0.30270526,5.315862E-4,0.03497185,0.003042436,0.4640498,0.018592287,0.8127922,0.014848781,0.20573275,0.04245899,0.051338524,0.018864416
