Gaia/vari_eclipsing_binary/VariEclipsingBinary_468154-468167.csv
# %ECSV 1.0
# ---
# delimiter: ','
# meta: !!omap
# - RELEASE: Gaia DR3
# - TABLE: vari_eclipsing_binary
# - DESCRIPTION: >
#     This table describes the properties of the eclipsing binaries resulting from the variability analysis. 
# - CITATION: >
#     How to cite and acknowledge Gaia: 
#     https://gea.esac.esa.int/archive/documentation/credits.html 
# - KNOWN_ISSUES: >
#     Known issues: 
#     https://www.cosmos.esa.int/web/gaia-users/known-issues 
# - DOCUMENTATION: >
#     Tutorials and documentation: 
#     https://www.cosmos.esa.int/web/gaia-users/archive 
# datatype:
# - 
#   name: solution_id
#   datatype: int64
#   description: Solution Identifier
#   meta:
#     ucd: meta.version
# - 
#   name: source_id
#   datatype: int64
#   description: Unique source identifier
#   meta:
#     ucd: meta.id;meta.main
# - 
#   name: global_ranking
#   datatype: float32
#   description: Number between 0 (worst) and 1 (best)
#   meta:
#     ucd: stat.param
# - 
#   name: reference_time
#   datatype: float64
#   unit: d
#   description: Reference time used for the geometric model fit
#   meta:
#     ucd: time.epoch
# - 
#   name: frequency
#   datatype: float64
#   unit: d**-1
#   description: Frequency of geometric model of the eclipsing binary light curve
#   meta:
#     ucd: src.orbital
# - 
#   name: frequency_error
#   datatype: float32
#   unit: d**-1
#   description: "Uncertainty of \\texttt{frequency}"
#   meta:
#     ucd: stat.error
# - 
#   name: geom_model_reference_level
#   datatype: float32
#   unit: mag
#   description: Magnitude reference level of geometric model
#   meta:
#     ucd: phot.mag;em.opt
# - 
#   name: geom_model_reference_level_error
#   datatype: float32
#   unit: mag
#   description: "Uncertainty of \\texttt{geomModelReferenceLevel}"
#   meta:
#     ucd: stat.error;phot.mag;em.opt
# - 
#   name: geom_model_gaussian1_phase
#   datatype: float32
#   description: Phase of the Gaussian 1 component
#   meta:
#     ucd: time.phase
# - 
#   name: geom_model_gaussian1_phase_error
#   datatype: float32
#   description: "Uncertainty of \\texttt{geomModelGaussian1Phase}"
#   meta:
#     ucd: stat.error;time.phase
# - 
#   name: geom_model_gaussian1_sigma
#   datatype: float32
#   description: "Standard deviation [phase] of Gaussian 1 component"
#   meta:
#     ucd: stat.stdev
# - 
#   name: geom_model_gaussian1_sigma_error
#   datatype: float32
#   description: "Uncertainty of \\texttt{geomModelGaussian1Sigma}"
#   meta:
#     ucd: stat.error
# - 
#   name: geom_model_gaussian1_depth
#   datatype: float32
#   unit: mag
#   description: Magnitude depth of Gaussian 1 component
#   meta:
#     ucd: src.var.amplitude
# - 
#   name: geom_model_gaussian1_depth_error
#   datatype: float32
#   unit: mag
#   description: "Uncertainty of \\texttt{geomModelGaussian1Depth}"
#   meta:
#     ucd: stat.error;src.var.amplitude
# - 
#   name: geom_model_gaussian2_phase
#   datatype: float32
#   description: Phase of Gaussian 2 component
#   meta:
#     ucd: time.phase
# - 
#   name: geom_model_gaussian2_phase_error
#   datatype: float32
#   description: "Uncertainty of \\texttt{geomModelGaussian2Phase}"
#   meta:
#     ucd: stat.error;time.phase
# - 
#   name: geom_model_gaussian2_sigma
#   datatype: float32
[...]
#   datatype: float32
#   description: "Secondary eclipse: uncertainty of \\texttt{derivedSecondaryEclDuration}"
#   meta:
#     ucd: stat.error;time.duration
# - 
#   name: derived_secondary_ecl_depth
#   datatype: float32
#   unit: mag
#   description: "Secondary eclipse: depth"
#   meta:
#     ucd: src.var.amplitude
# - 
#   name: derived_secondary_ecl_depth_error
#   datatype: float32
#   unit: mag
#   description: "Secondary eclipse: uncertainty of \\texttt{derivedSecondaryEclDepth}"
#   meta:
#     ucd: stat.error;src.var.amplitude
solution_id,source_id,global_ranking,reference_time,frequency,frequency_error,geom_model_reference_level,geom_model_reference_level_error,geom_model_gaussian1_phase,geom_model_gaussian1_phase_error,geom_model_gaussian1_sigma,geom_model_gaussian1_sigma_error,geom_model_gaussian1_depth,geom_model_gaussian1_depth_error,geom_model_gaussian2_phase,geom_model_gaussian2_phase_error,geom_model_gaussian2_sigma,geom_model_gaussian2_sigma_error,geom_model_gaussian2_depth,geom_model_gaussian2_depth_error,geom_model_cosine_half_period_amplitude,geom_model_cosine_half_period_amplitude_error,geom_model_cosine_half_period_phase,geom_model_cosine_half_period_phase_error,model_type,num_model_parameters,reduced_chi2,derived_primary_ecl_phase,derived_primary_ecl_phase_error,derived_primary_ecl_duration,derived_primary_ecl_duration_error,derived_primary_ecl_depth,derived_primary_ecl_depth_error,derived_secondary_ecl_phase,derived_secondary_ecl_phase_error,derived_secondary_ecl_duration,derived_secondary_ecl_duration_error,derived_secondary_ecl_depth,derived_secondary_ecl_depth_error
[from data line 38]
375316653866487564,4117938570951807744,0.5584745,2310.009795732614,1.0111613003449424,3.0036617E-5,18.678083,0.004762097,0.2554814,0.0025426743,0.042644363,0.0022603439,0.45283198,0.020392258,0.74329966,0.006416981,0.042741973,0.005784932,0.1073264,0.015193429,null,null,null,null,"TWOGAUSSIANS",8,2.1803453,0.2554814,0.0025426743,0.23880844,0.0126579255,0.45283198,0.02039226,0.74329966,0.006416981,0.23935506,0.03239562,0.107326396,0.0151934335
375316653866487564,4117939846601886464,0.5346518,2263.8149547580056,1.657289510043147,1.01219675E-5,18.728493,0.011613678,0.24158244,0.0054318216,0.071917914,0.0081982855,0.26704964,0.02706716,0.75006104,0.0039999243,0.08755343,0.0071499273,0.22389296,0.012589871,null,null,null,null,"TWOGAUSSIANS",8,2.046525,0.24158244,0.0054318216,0.4,0.028737402,0.2640637,0.027276004,0.75006104,0.0039999243,0.4,0.0,0.22090696,0.011793369
375316653866487564,4117940052759816320,0.56243765,2305.522689507218,2.2456773462265787,3.210652E-5,19.011257,0.23712476,0.29341924,0.008454694,0.117994666,0.0290928,0.49826556,0.21630304,0.81218076,0.004950217,0.1428878,0.060355876,0.32683754,0.23240243,null,null,null,null,"TWOGAUSSIANS",8,1.6358595,0.29298925,0.0077116378,0.4,0.0,0.3924668,0.034761857,0.8123708,0.0049290205,0.4,0.0,0.21961512,0.033827428
375316653866487564,4117940392032947456,0.5127678,2279.6459575272643,1.9492357789656236,1.1940763E-5,18.480877,0.05232269,0.24591327,0.0061080237,0.09500936,0.02663162,0.202832,0.047081083,0.7516994,0.002117576,0.090825595,0.016689746,0.24137677,0.048747245,null,null,null,null,"TWOGAUSSIANS",8,4.642282,0.7516994,0.0021185952,0.4,0.0,0.23051168,0.027986392,0.24591327,0.0061080237,0.4,0.0,0.19196661,0.026004408
375316653866487564,4117940877394751488,0.5807702,2239.669687988359,2.412316966193941,1.4193316E-5,18.889465,0.015478243,0.2607433,0.0028480443,0.083349496,0.0052197115,0.387809,0.01404361,0.75801903,0.0046820254,0.08165828,0.008825184,0.42918476,0.019161897,null,null,null,null,"TWOGAUSSIANS",8,1.7021805,0.75801903,0.0046820254,0.4,0.0,0.42131892,0.0210273,0.2607433,0.0028480443,0.4,0.0,0.3799432,0.010490153
375316653866487564,4117942011305842688,0.46540028,2286.0670829587675,0.883551538354148,2.8516939E-5,17.792318,0.004600224,null,null,null,null,null,null,null,null,null,null,null,null,0.06632413,0.005919829,0.32551968,0.0063714287,"ELLIPSOIDAL",4,9.921234,null,null,null,null,null,null,null,null,null,null,null,null
375316653866487564,4117942148744756224,0.5361635,2351.8648275527707,1.636369482818061,2.8548917E-5,19.00482,0.0063776993,0.19948162,0.006495593,0.084460914,0.009657477,0.10470418,0.008241375,0.6871051,0.005319196,0.06862581,0.006483756,0.45799568,0.04116737,null,null,null,null,"TWOGAUSSIANS",8,1.7860667,0.6871051,0.005319196,0.38430452,0.03481329,0.45655403,0.04162707,0.19948162,0.006495593,0.4,0.0,0.10326252,0.008070657
375316653866487564,4117942217423376384,0.5174776,2361.145895713431,2.8399208312444975,3.835632E-5,19.698965,0.18393214,0.24414182,0.006737036,0.093198895,0.03577019,0.470043,0.15503919,0.7532547,0.018807575,0.14531945,0.054912303,0.5013962,0.16928904,null,null,null,null,"TWOGAUSSIANS",8,1.3419769,0.7532547,0.018807055,0.4,0.0,0.40401855,0.028356818,0.24390182,0.006907258,0.4,0.022178654,0.37541875,0.048319615
375316653866487564,4117943042058252672,0.5114006,2300.9748757263237,0.039379301336492756,1.388467E-4,19.643127,0.014306952,0.3176704,0.025238028,0.090732425,0.013547796,0.5431012,0.16038921,0.63088006,0.030224945,0.027209366,0.013215072,0.07002367,0.16535449,null,null,null,null,"TWOGAUSSIANS",8,2.4220612,0.3176704,0.025238028,0.4,0.0,0.5431009,0.1603901,0.63088006,0.030224945,0.15237245,0.074004404,0.07142707,0.16733432
375316653866487564,4117943243876527872,0.48378158,2303.453496478826,1.5570789813156096,4.632395E-5,17.695047,0.013565203,0.33145744,0.0010209543,0.02758682,0.0040309364,0.28227532,0.0214954,0.9344054,0.02101612,0.031592324,0.039505366,0.14125253,1.3560808,null,null,null,null,"TWOGAUSSIANS",8,16.05295,0.33145744,0.0010209543,0.1544862,0.022573244,0.28227532,0.0214954,0.9344054,0.02101612,0.176917,0.22123006,0.14125253,1.3560808
375316653866487564,4117943248216591232,0.5061912,2325.8085470857595,1.6221425241482705,4.4136472E-5,18.725145,0.014584015,0.27460298,0.017642438,0.08184844,0.013676083,0.31228253,0.04964656,0.76257586,0.006301571,0.08697798,0.010708612,0.26633692,0.02375201,null,null,null,null,"TWOGAUSSIANS",8,4.2801666,0.27460298,0.017642438,0.4,0.0,0.30650058,0.049984124,0.76257586,0.006301571,0.4,0.0,0.26055494,0.02456881
375316653866487564,4117943450044026880,0.5196558,2298.695909206668,1.6175013398296572,3.5347246E-5,18.924704,0.0322813,0.28065276,0.005165159,0.06711986,0.06221139,0.6582554,0.50148773,0.78672343,0.00195923,0.0748471,0.011439072,0.25197628,0.025694417,null,null,null,null,"TWOGAUSSIANS",8,1.8194699,0.28065276,0.005165159,0.37587124,0.04666923,0.6568929,0.5249994,0.78672343,0.0019609248,0.4,0.0,0.25061375,0.012451239
375316653866487564,4117944725700200192,0.47608623,2290.4855080687407,2.0827268814978845,3.8695758E-5,19.745829,0.44296974,0.27977338,0.030555192,0.10820506,0.13126692,0.20806819,0.46736974,0.7493206,0.02486618,0.08807591,0.031788133,0.41666073,0.2908682,null,null,null,null,"TWOGAUSSIANS",8,2.1850257,0.7493206,0.024865743,0.4,0.0012055923,0.4022405,0.0739633,0.27977338,0.030555587,0.4,0.0,0.19363007,0.04883741
375316653866487564,4117944794416701440,0.51138294,2332.963586714689,0.023076567715061683,2.8673536E-4,19.773844,0.05586978,0.34893513,0.030490534,0.06460076,0.13815008,0.65834796,0.5064195,0.67886186,0.06129648,0.09146056,0.06025257,0.07925828,0.03757768,null,null,null,null,"TWOGAUSSIANS",8,1.0779256,0.34896514,0.030399717,0.36176425,0.0790305,0.6584307,0.5328477,0.67886186,0.06129648,0.4,0.14464356,0.07922397,0.036171976
375316653866487564,4117945344172820864,0.45829806,2270.018248038764,1.959587073571478,7.0947375E-5,19.352169,0.09248033,0.28713682,0.0154909985,0.09861178,0.030755064,0.36591873,0.08376102,0.8273469,0.03163024,0.12219109,0.045444004,0.2250064,0.083404355,null,null,null,null,"TWOGAUSSIANS",8,5.0949116,0.28699684,0.01541216,0.4,0.0,0.33857277,0.06381437,0.8273669,0.031645842,0.4,0.0,0.19746484,0.06099352
375316653866487564,4117946508044351360,0.61925465,2229.6943065134274,2.0822907244607545,6.1365045E-6,17.148176,0.0058212015,0.26525325,0.0021049306,0.0941896,0.0033789186,0.31315127,0.008075266,0.7676252,8.61401E-4,0.086466596,0.0024518433,0.3451408,0.005316577,null,null,null,null,"TWOGAUSSIANS",8,3.4957893,0.7676252,8.61401E-4,0.4,0.0,0.33142743,0.0053482363,0.26525325,0.0021049306,0.4,0.0,0.29943743,0.0085224835
375316653866487564,4117946512432377216,0.4537468,2267.1496429030753,3.0651430656866214,4.348098E-5,18.429195,0.09643979,0.22648023,0.015456711,0.108825915,0.049672488,0.21201853,0.090674795,0.70862234,0.012890029,0.0902491,0.023319976,0.24845068,0.097604156,null,null,null,null,"TWOGAUSSIANS",8,17.047718,0.70862234,0.012890029,0.4,0.0,0.23311102,0.045323007,0.22648023,0.0154754305,0.4,0.0,0.1966649,0.034469943
375316653866487564,4117946581122973696,0.5341023,2246.3339778359787,2.2460924247531477,1.192249E-5,18.197582,0.046040487,0.2502626,0.0046861335,0.051272616,0.020267364,0.24629173,0.10087471,0.72776127,0.048547875,0.02914834,0.027982775,0.41320962,0.46067637,0.15929121,0.06826003,0.2502626,0.0046861335,"TWOGAUSSIANS_WITH_ELLIPSOIDAL_ON_ECLIPSE1",9,23.886759,0.72885126,0.044834368,0.1632307,0.15670355,0.72576964,0.53469753,0.2502626,0.0046861335,0.28712666,0.113497235,0.5648718,0.039134286
375316653866487564,4117946684231092480,0.4276504,2256.5424822196073,1.3160872235001975,7.235403E-5,16.047512,0.014352045,0.22753035,0.0038799548,0.026112285,0.004446652,0.318009,0.08007578,0.6942392,0.016626528,0.07924547,0.020599127,0.21779504,0.025804505,null,null,null,null,"TWOGAUSSIANS",8,45.633064,0.22753035,0.0038799548,0.14622879,0.02490125,0.31800786,0.08007712,0.6942392,0.016626528,0.4,0.004263822,0.2177939,0.025804743
375316653866487564,4117946924720464896,0.48531872,2264.08374011912,2.023793025378226,2.4000745E-5,19.71371,0.0126605015,0.23260593,0.007890358,0.05762259,0.0093651,0.19723901,0.029609296,0.7212546,0.002780922,0.07733145,0.006337202,0.30378875,0.017642708,null,null,null,null,"TWOGAUSSIANS",8,1.8492719,0.7212546,0.002780922,0.4,0.0,0.30340743,0.017638462,0.23260593,0.007890358,0.3226865,0.052444562,0.19685766,0.029608727
375316653866487564,4117947160880488192,0.5848085,2257.5322915169413,1.6616467755578488,3.172489E-5,17.299803,0.0026316885,0.29347718,7.845413E-4,0.041168306,8.125415E-4,0.40327102,0.005660592,0.78703135,0.039621126,0.055331096,0.011179923,0.09117091,0.0042153886,null,null,null,null,"TWOGAUSSIANS",8,4.4646544,0.29347718,7.845413E-4,0.23054251,0.0045502326,0.4032707,0.0056603593,0.78703135,0.039621126,0.30985415,0.06260757,0.09117056,0.004216216
375316653866487564,4117948470909338880,0.4835377,2305.1388247205205,2.3271885626973714,2.0482235E-5,19.568512,0.009196245,null,null,null,null,null,null,null,null,null,null,null,null,0.14439903,0.012789483,0.26809096,0.00521548,"ELLIPSOIDAL",4,3.338032,null,null,null,null,null,null,null,null,null,null,null,null
375316653866487564,4117949291190241664,0.56804055,2269.448731519994,1.4385588617934044,1.5768814E-5,18.508211,0.00936752,0.26183945,0.003384109,0.08445702,0.0052261357,0.27487987,0.0150206005,0.7529532,0.007858026,0.09240792,0.006782897,0.24646525,0.012905781,null,null,null,null,"TWOGAUSSIANS",8,1.2489693,0.26183945,0.003384109,0.4,0.0,0.26661927,0.014300846,0.7529532,0.007858026,0.4,0.0,0.2382044,0.008250104
375316653866487564,4117950257616085888,0.54563993,2261.5185487348917,2.0897684681577564,1.6035854E-5,19.435234,0.037873887,0.31490055,0.0052478225,0.08984972,0.011566483,0.36969927,0.038283937,0.8008796,0.02679686,0.100050196,0.03547752,0.28926808,0.17581125,null,null,null,null,"TWOGAUSSIANS",8,1.4712263,0.31490055,0.0052415263,0.4,0.0,0.35310206,0.027945772,0.8008796,0.02679686,0.4,0.0,0.27266833,0.18283162
375316653866487564,4117950532493504512,0.474325,2265.8786881992337,0.8207750958627551,8.207248E-6,19.534504,0.006282045,0.32788914,0.0027991484,0.028788483,0.0018381962,0.4103236,0.024241593,0.8096097,0.0027025468,0.01893868,0.004696234,0.24216689,0.10372532,null,null,null,null,"TWOGAUSSIANS",8,1.7528343,0.32788914,0.0027991484,0.1612155,0.010293899,0.4103236,0.024241593,0.8096097,0.0027025468,0.1060566,0.02629891,0.24216689,0.10372532
375316653866487564,4117950562494717952,0.56974036,2230.5979944620026,1.2918318434654037,7.830183E-6,18.097095,0.01866847,0.24568763,0.003963209,0.096004315,0.0063025914,0.30920127,0.022520117,0.748896,0.0027839409,0.10618388,0.008514629,0.26483798,0.017704068,null,null,null,null,"TWOGAUSSIANS",8,2.2369564,0.24568763,0.0039658947,0.4,0.0,0.2835246,0.016836368,0.748896,0.0027839409,0.4,0.0,0.23915394,0.01182064
375316653866487564,4117950566853251328,0.53635997,2248.9915423458933,1.9202878082151398,1.6965469E-5,19.570877,0.013960398,0.28909978,0.0058718263,0.08090595,0.008950301,0.3372306,0.027585402,0.78615445,0.006997685,0.07898278,0.008208548,0.2772152,0.016826859,null,null,null,null,"TWOGAUSSIANS",8,1.4557592,0.28909978,0.0058718263,0.4,0.0,0.33288464,0.02893203,0.78615445,0.006997685,0.4,0.0,0.27286926,0.015528462
375316653866487564,4117950699939868544,0.49127257,2275.9731684188127,0.05784720947824891,3.049096E-4,19.367863,0.012287386,0.44827124,0.057891786,0.1513365,0.079482324,0.04910849,0.02072467,0.81896293,0.0035320625,0.023153972,0.004353904,0.4367109,0.139831,null,null,null,null,"TWOGAUSSIANS",8,2.0819132,0.81896293,0.0035320625,0.12966225,0.024381863,0.43874598,0.13780752,0.44827124,0.057891786,0.4,0.0,0.048689734,0.020595575
375316653866487564,4117951180976225408,0.6293171,2252.6000389114374,0.2735824925859388,7.3548945E-6,19.314367,0.006230544,0.3308424,8.4591494E-4,0.027387822,0.0010312595,1.23246,0.104676746,0.81027234,0.025025165,0.06529711,0.017726656,0.10095002,0.039354857,null,null,null,null,"TWOGAUSSIANS",8,1.6854488,0.3308424,8.4591494E-4,0.15337181,0.005775053,1.23246,0.104676776,0.81027234,0.025025165,0.36566383,0.09926927,0.10094996,0.039354917
375316653866487564,4117951425846992640,0.50428903,2301.4954111073343,1.8920298034371286,2.6027516E-5,19.127039,0.015510696,0.24450523,0.0028806622,0.08324522,0.010126402,0.1987959,0.011189986,0.7786352,0.007515641,0.09910245,0.023032501,0.19221893,0.13889015,null,null,null,null,"TWOGAUSSIANS",8,1.6224778,0.24450523,0.002877318,0.4,0.0,0.19347253,0.00771613,0.7786352,0.007515641,0.4,0.0,0.18689245,0.14220452
375316653866487564,4117953143833034624,0.5520227,2280.600379552573,0.23663332288333858,5.0598963E-5,19.008112,0.0054942924,0.09583213,0.0019570102,0.018153736,0.0013273344,0.5838166,0.046159215,0.59681517,0.01033648,0.017376272,0.0034994236,0.58656746,0.2392152,null,null,null,null,"TWOGAUSSIANS",8,2.2941349,0.59681517,0.01033648,0.09730713,0.019596772,0.58656746,0.2392152,0.09583213,0.0019570102,0.10166092,0.007433073,0.5838166,0.046159215
375316653866487564,4117953281274942848,0.50158143,2289.322506746916,0.2462045678503767,7.26497E-5,19.363665,0.02153274,0.23111343,0.008554633,0.07013265,0.010523737,0.3425919,0.03443806,0.7183262,0.009749747,0.10269832,0.017193677,0.3213695,0.024250394,null,null,null,null,"TWOGAUSSIANS",8,2.665554,0.23111343,0.008553846,0.3927428,0.033916876,0.33467808,0.03552773,0.7183262,0.009749747,0.4,0.0,0.31345028,0.022527747
375316653866487564,4117955171060717824,0.45284674,2289.1655714205813,0.44451925800083336,6.512795E-5,19.357433,0.14086601,0.08983733,0.015057719,0.06250551,0.02552655,0.7041348,0.1947761,0.5248172,0.007845969,0.084538065,0.024847098,0.39334697,0.14209476,null,null,null,null,"TWOGAUSSIANS",8,9.4191675,0.08983733,0.015057719,0.35003087,0.12790947,0.70352,0.19605576,0.5248172,0.007845969,0.4,0.04012926,0.39273146,0.14067818
375316653866487564,4117955308499452672,0.48690373,2306.3761875283144,2.3379740789215955,2.4554423E-5,18.999407,0.20337461,0.15268728,0.005119787,0.10293251,0.03319236,0.30940297,0.16992868,0.64804965,0.0143834,0.14515196,0.08471269,0.2622332,0.1927295,null,null,null,null,"TWOGAUSSIANS",8,2.898663,0.15280728,0.004912956,0.4,0.0,0.24153815,0.0226426,0.64804965,0.0143834,0.4,0.0,0.19297493,0.020051472
375316653866487564,4117955617737396864,0.4592938,2268.426047986137,3.664545296500753,2.5037143E-4,19.724354,0.008797381,0.225999,0.021959664,0.056347612,0.015410558,0.15046622,0.06860462,0.88336736,0.04973243,0.042305633,0.043112315,0.5671299,2.68457468E14,null,null,null,null,"TWOGAUSSIANS",8,5.1097646,0.88336736,0.04973243,0.23691154,0.24142897,0.5671299,2.68457468E14,0.225999,0.021959664,0.31554663,0.08629913,0.15046622,0.06860462
375316653866487564,4117956820328699008,0.47830048,2309.542254593855,3.3378341408846257,8.770762E-6,19.996073,0.0049078595,null,null,null,null,null,null,null,null,null,null,null,null,0.14882046,0.00875231,0.29897055,0.0024351813,"ELLIPSOIDAL",4,1.0811707,null,null,null,null,null,null,null,null,null,null,null,null
375316653866487564,4117957095203523712,0.5153252,2272.803557902,3.1237279141530077,2.4958697E-5,18.879833,0.024996538,0.31114075,0.007355874,0.09239635,0.014705848,0.3480174,0.04323064,0.8110406,0.006944351,0.08467562,0.009213525,0.34667102,0.03429188,null,null,null,null,"TWOGAUSSIANS",8,3.5651836,0.31114075,0.007355874,0.4,0.0,0.33515558,0.04913015,0.8110406,0.006944351,0.4,0.0,0.3338095,0.030284967
375316653866487564,4117957507520402048,0.53156155,2289.0253460489434,1.4325376029821624,3.5053672E-5,18.715923,0.087892465,0.19822688,0.005829576,0.115160614,0.026138792,0.24072306,0.08635069,0.704139,0.005485851,0.11340016,0.023549639,0.3154834,0.08268862,null,null,null,null,"TWOGAUSSIANS",8,1.9080111,0.704149,0.0054899035,0.4,0.0,0.26812235,0.014003907,0.19820689,0.0058730254,0.4,0.0,0.19336109,0.012085606
