Gaia/vari_eclipsing_binary/VariEclipsingBinary_468643-468672.csv
# %ECSV 1.0
# ---
# delimiter: ','
# meta: !!omap
# - RELEASE: Gaia DR3
# - TABLE: vari_eclipsing_binary
# - DESCRIPTION: >
#     This table describes the properties of the eclipsing binaries resulting from the variability analysis. 
# - CITATION: >
#     How to cite and acknowledge Gaia: 
#     https://gea.esac.esa.int/archive/documentation/credits.html 
# - KNOWN_ISSUES: >
#     Known issues: 
#     https://www.cosmos.esa.int/web/gaia-users/known-issues 
# - DOCUMENTATION: >
#     Tutorials and documentation: 
#     https://www.cosmos.esa.int/web/gaia-users/archive 
# datatype:
# - 
#   name: solution_id
#   datatype: int64
#   description: Solution Identifier
#   meta:
#     ucd: meta.version
# - 
#   name: source_id
#   datatype: int64
#   description: Unique source identifier
#   meta:
#     ucd: meta.id;meta.main
# - 
#   name: global_ranking
#   datatype: float32
#   description: Number between 0 (worst) and 1 (best)
#   meta:
#     ucd: stat.param
# - 
#   name: reference_time
#   datatype: float64
#   unit: d
#   description: Reference time used for the geometric model fit
#   meta:
#     ucd: time.epoch
# - 
#   name: frequency
#   datatype: float64
#   unit: d**-1
#   description: Frequency of geometric model of the eclipsing binary light curve
#   meta:
#     ucd: src.orbital
# - 
#   name: frequency_error
#   datatype: float32
#   unit: d**-1
#   description: "Uncertainty of \\texttt{frequency}"
#   meta:
#     ucd: stat.error
# - 
#   name: geom_model_reference_level
#   datatype: float32
#   unit: mag
#   description: Magnitude reference level of geometric model
#   meta:
#     ucd: phot.mag;em.opt
# - 
#   name: geom_model_reference_level_error
#   datatype: float32
#   unit: mag
#   description: "Uncertainty of \\texttt{geomModelReferenceLevel}"
#   meta:
#     ucd: stat.error;phot.mag;em.opt
# - 
#   name: geom_model_gaussian1_phase
#   datatype: float32
#   description: Phase of the Gaussian 1 component
#   meta:
#     ucd: time.phase
# - 
#   name: geom_model_gaussian1_phase_error
#   datatype: float32
#   description: "Uncertainty of \\texttt{geomModelGaussian1Phase}"
#   meta:
#     ucd: stat.error;time.phase
# - 
#   name: geom_model_gaussian1_sigma
#   datatype: float32
#   description: "Standard deviation [phase] of Gaussian 1 component"
#   meta:
#     ucd: stat.stdev
# - 
#   name: geom_model_gaussian1_sigma_error
#   datatype: float32
#   description: "Uncertainty of \\texttt{geomModelGaussian1Sigma}"
#   meta:
#     ucd: stat.error
# - 
#   name: geom_model_gaussian1_depth
#   datatype: float32
#   unit: mag
#   description: Magnitude depth of Gaussian 1 component
#   meta:
#     ucd: src.var.amplitude
# - 
#   name: geom_model_gaussian1_depth_error
#   datatype: float32
#   unit: mag
#   description: "Uncertainty of \\texttt{geomModelGaussian1Depth}"
#   meta:
#     ucd: stat.error;src.var.amplitude
# - 
#   name: geom_model_gaussian2_phase
#   datatype: float32
#   description: Phase of Gaussian 2 component
#   meta:
#     ucd: time.phase
# - 
#   name: geom_model_gaussian2_phase_error
#   datatype: float32
#   description: "Uncertainty of \\texttt{geomModelGaussian2Phase}"
#   meta:
#     ucd: stat.error;time.phase
# - 
#   name: geom_model_gaussian2_sigma
#   datatype: float32
[...]
#   datatype: float32
#   description: "Secondary eclipse: uncertainty of \\texttt{derivedSecondaryEclDuration}"
#   meta:
#     ucd: stat.error;time.duration
# - 
#   name: derived_secondary_ecl_depth
#   datatype: float32
#   unit: mag
#   description: "Secondary eclipse: depth"
#   meta:
#     ucd: src.var.amplitude
# - 
#   name: derived_secondary_ecl_depth_error
#   datatype: float32
#   unit: mag
#   description: "Secondary eclipse: uncertainty of \\texttt{derivedSecondaryEclDepth}"
#   meta:
#     ucd: stat.error;src.var.amplitude
solution_id,source_id,global_ranking,reference_time,frequency,frequency_error,geom_model_reference_level,geom_model_reference_level_error,geom_model_gaussian1_phase,geom_model_gaussian1_phase_error,geom_model_gaussian1_sigma,geom_model_gaussian1_sigma_error,geom_model_gaussian1_depth,geom_model_gaussian1_depth_error,geom_model_gaussian2_phase,geom_model_gaussian2_phase_error,geom_model_gaussian2_sigma,geom_model_gaussian2_sigma_error,geom_model_gaussian2_depth,geom_model_gaussian2_depth_error,geom_model_cosine_half_period_amplitude,geom_model_cosine_half_period_amplitude_error,geom_model_cosine_half_period_phase,geom_model_cosine_half_period_phase_error,model_type,num_model_parameters,reduced_chi2,derived_primary_ecl_phase,derived_primary_ecl_phase_error,derived_primary_ecl_duration,derived_primary_ecl_duration_error,derived_primary_ecl_depth,derived_primary_ecl_depth_error,derived_secondary_ecl_phase,derived_secondary_ecl_phase_error,derived_secondary_ecl_duration,derived_secondary_ecl_duration_error,derived_secondary_ecl_depth,derived_secondary_ecl_depth_error
[from data line 113]
375316653866487564,4122283845212243584,0.57939726,2330.8752153937653,3.180092462099013,7.0798606E-6,18.11408,0.0070145153,0.30072987,0.003498777,0.08416488,0.0031046905,0.2994126,0.011970047,0.7985454,0.0020439492,0.07953119,0.0027826016,0.43480325,0.012190899,null,null,null,null,"TWOGAUSSIANS",8,2.7249942,0.7985454,0.0020439492,0.4,0.0,0.42833152,0.0120221,0.30072987,0.003498777,0.4,0.0,0.29294088,0.0117729455
375316653866487564,4122286314799625984,0.56884277,2352.318541349864,3.1490039855383456,1.0165508E-5,17.190119,0.024310313,0.26043895,0.00270764,0.113665044,0.009645577,0.2604397,0.02316992,0.7638473,0.0022678815,0.10577165,0.01212833,0.20122227,0.019901937,null,null,null,null,"TWOGAUSSIANS",8,4.146441,0.26043895,0.0027068665,0.4,0.0,0.22739324,0.0049456903,0.7638573,0.002273617,0.4,0.0,0.1682031,0.008666972
375316653866487564,4122286697070861696,0.5238852,2350.4354230484337,0.081798121304557,9.990712E-6,18.630474,0.0038759043,0.058132704,0.001515504,0.0023276997,6.014646E-4,0.5629992,0.2140457,0.54785305,0.014239971,0.009271126,0.013768595,0.038248252,0.021771578,null,null,null,null,"TWOGAUSSIANS",8,3.593496,0.058132704,0.001515504,0.013035119,0.003368202,0.5629992,0.2140457,0.54785305,0.014239971,0.05191831,0.07710413,0.038248252,0.021771578
375316653866487564,4122287487344563584,0.53390926,2327.0422376572924,3.4019709112766345,1.4506814E-5,19.411661,0.009737961,0.24192971,0.0047734636,0.076018356,0.0050892076,0.4935435,0.017686678,0.7334577,0.0023763282,0.069863364,0.003630694,0.6074014,0.028868802,null,null,null,null,"TWOGAUSSIANS",8,2.8965514,0.7334577,0.0023763282,0.39123484,0.019021582,0.60489696,0.029238677,0.24192971,0.0047734636,0.4,0.0,0.49103913,0.01756575
375316653866487564,4122288689935654016,0.565549,2336.698153968654,2.717852675872031,1.1209923E-5,18.86298,0.009846641,0.23833583,0.0029181226,0.07465327,0.0040313555,0.40653485,0.017900279,0.7357471,0.0024894234,0.08249609,0.0040284763,0.38857287,0.011674836,null,null,null,null,"TWOGAUSSIANS",8,2.7189512,0.23833583,0.0029181226,0.4,0.0,0.40176857,0.017708892,0.7357471,0.0024894234,0.4,0.0,0.3838066,0.011105911
375316653866487564,4122290785878593152,0.5433541,2351.357040409436,3.5757124076504487,1.33733665E-5,18.641783,0.015967457,0.21928445,0.0017072579,0.04686646,0.0056627174,0.3871329,0.03404716,0.7121979,0.009149573,0.045173235,0.0068921777,0.2734564,0.0671471,0.10030738,0.025746867,0.21928445,0.0017072579,"TWOGAUSSIANS_WITH_ELLIPSOIDAL_ON_ECLIPSE1",9,7.709226,0.21928445,0.0017072579,0.2624522,0.031711217,0.58774704,0.03321749,0.7129479,0.008358484,0.25297013,0.038596198,0.47371498,0.054549072
375316653866487564,4122291468760205184,0.59455734,2339.9835829318977,3.208215071427801,5.300142E-6,16.453894,0.006469242,0.27566293,0.0020223926,0.083151996,0.0027568084,0.33894268,0.0075200074,0.78794825,0.001846915,0.0752609,0.003116691,0.3279579,0.011059546,null,null,null,null,"TWOGAUSSIANS",8,15.993738,0.27566293,0.0020223926,0.4,0.0,0.33537075,0.0070061143,0.78794825,0.001846915,0.4,0.0,0.32438597,0.011372143
375316653866487564,4122291606204990208,0.5981581,2338.619180962172,1.8824252830333166,6.009172E-6,17.38404,0.0062468513,0.21107203,0.0023579116,0.0911756,0.004474994,0.1998677,0.005801931,0.71204644,0.003925662,0.08167167,0.0046607493,0.2072554,0.008287698,null,null,null,null,"TWOGAUSSIANS",8,2.2272797,0.71204644,0.003925662,0.4,0.0,0.20117007,0.007076563,0.21107203,0.0023579116,0.4,0.0,0.19378226,0.004197184
375316653866487564,4122291812358600192,0.4541881,2342.656086753616,1.2578723709039874,2.0575124E-5,18.185051,0.97315675,0.2863976,0.012220501,0.24790499,0.17849378,0.69499016,0.95757645,0.7620686,0.024202647,0.14772658,0.02933863,0.53968656,0.44979376,null,null,null,null,"TWOGAUSSIANS",8,7.1547985,0.7620686,0.024202647,0.4,0.0,0.20926657,0.021024594,0.2908976,0.008410445,0.4,0.0,0.1845715,0.019971414
375316653866487564,4122291915442711168,0.6062617,2370.7697819120294,2.28007806184166,4.382069E-6,18.18388,0.010467021,0.20684302,0.0014960949,0.04613323,0.0031776892,0.33945706,0.022346923,0.7136397,0.0025282209,0.04441811,0.0035001622,0.25001875,0.024916187,0.1273549,0.0136439735,0.20684302,0.0014960949,"TWOGAUSSIANS_WITH_ELLIPSOIDAL_ON_ECLIPSE1",9,4.1531787,0.20684302,0.0014960949,0.25834608,0.01779506,0.5941665,0.006965377,0.7136397,0.0025282209,0.24874142,0.01960091,0.504264,0.011389343
375316653866487564,4122292430832992896,0.46196768,2358.5923302214705,1.8127469307363893,3.0349398E-5,17.696346,0.01804735,0.24835832,0.007847513,0.107273914,0.019068096,0.09101114,0.018237287,0.73492414,0.008055807,0.12143005,0.021543203,0.0932828,0.017453939,null,null,null,null,"TWOGAUSSIANS",8,3.9044755,0.73492414,0.008055807,0.4,0.0,0.0784803,0.005389413,0.24842833,0.007833267,0.4,0.0,0.07624727,0.0117591815
375316653866487564,4122292916203589632,0.46701193,2361.097974087101,3.0489489974384547,4.3960477E-5,18.853884,0.006392816,0.22966847,0.013487866,0.05076436,0.015497274,0.15006937,0.02592526,0.7443395,0.006127187,0.07301212,0.0078525925,0.14575543,0.010206332,null,null,null,null,"TWOGAUSSIANS",8,2.917735,0.22966847,0.013487866,0.28428042,0.086784735,0.15001832,0.026094336,0.7443395,0.006127187,0.4,0.0033543734,0.14570437,0.010175284
375316653866487564,4122293152387586176,0.49444523,2336.8471330573934,2.442264964843073,1.42649615E-5,18.858902,0.043533072,0.27404764,0.0055341343,0.10227235,0.023098378,0.18169002,0.03485338,0.78193396,0.0058001354,0.12263016,0.020920154,0.22314212,0.039109074,null,null,null,null,"TWOGAUSSIANS",8,1.8019643,0.78193396,0.0057975654,0.4,0.0,0.19153239,0.012070014,0.27399763,0.0054995674,0.4,0.0,0.15019093,0.014294601
375316653866487564,4122294050053919744,0.6214162,2337.34732140739,2.395963161850147,8.69761E-6,18.897856,0.010322865,0.28946078,0.001267212,0.045369323,0.0032055296,0.38576785,0.018933358,0.78549105,0.0030580994,0.055313185,0.0032792657,0.4695891,0.023475055,0.11748095,0.013012538,0.28946078,0.001267212,"TWOGAUSSIANS_WITH_ELLIPSOIDAL_ON_ECLIPSE1",9,1.7113403,0.78592104,0.0026921984,0.30975384,0.01836389,0.704406,0.011169856,0.28946078,0.001267212,0.2540682,0.017950965,0.62071514,0.012514691
375316653866487564,4122296042922349952,0.53490883,2336.833448078271,2.755083447784896,2.6097507E-5,18.586264,0.013552484,0.25238928,0.004144416,0.098065935,0.007755793,0.31758538,0.015464141,0.7527997,0.0041414076,0.096759915,0.007281957,0.3380311,0.014653953,null,null,null,null,"TWOGAUSSIANS",8,3.9171147,0.7527997,0.0041414076,0.4,0.0,0.3138379,0.013820547,0.25238928,0.004144416,0.4,0.0,0.2933918,0.015361146
375316653866487564,4122297486031660672,0.51299727,2348.4320645545486,3.9555623679632617,2.2891441E-5,16.075079,0.009003902,0.24148567,0.008906129,0.047061205,0.017004697,0.015541329,0.025369152,0.74783593,0.0076334816,0.06320522,0.017693361,0.05695671,0.018344853,0.04099382,0.011218794,0.24148567,0.008906129,"TWOGAUSSIANS_WITH_ELLIPSOIDAL_ON_ECLIPSE1",9,15.766024,0.74783593,0.0076334816,0.35394922,0.09908282,0.13879862,0.006040688,0.24148567,0.008906129,0.26354277,0.0952263,0.0975137,0.009715734
375316653866487564,4122297619174623488,0.44946802,2332.0148888674335,3.2117695050170134,5.939201E-5,19.17098,0.038377557,0.22336814,0.023881359,0.07197228,0.053849615,0.13216901,0.034628093,0.70643574,0.011688711,0.12065291,0.023952072,0.17570134,0.038759597,null,null,null,null,"TWOGAUSSIANS",8,3.390774,0.70643574,0.011688711,0.4,0.0,0.16735852,0.017934127,0.22341813,0.024560113,0.4,0.10760902,0.12390242,0.034966152
375316653866487564,4122297657847596928,0.50439346,2346.2141678165617,2.691450778825709,2.3800956E-5,15.083007,0.016916228,0.25801226,0.009167134,0.09571117,0.012540643,0.3994049,0.016115341,0.7419629,0.004839351,0.092068836,0.0073556863,0.40135503,0.020335507,null,null,null,null,"TWOGAUSSIANS",8,512.17554,0.7419629,0.004839351,0.4,0.0,0.38301596,0.017511385,0.25801226,0.009167134,0.4,0.0,0.38106498,0.017123455
375316653866487564,4122298001426969984,0.4576637,2334.749603203924,4.3174941910682305,9.170643E-5,19.69827,0.008383945,0.21727592,1.0790074E-4,0.008971885,2.38472E-4,1.0718398,0.07427142,0.4826572,0.02805165,0.07178057,0.08134884,0.034833014,0.03045407,null,null,null,null,"TWOGAUSSIANS",8,1.6979871,0.21727592,1.0790074E-4,0.050242554,0.0013354431,1.0718774,0.07423047,0.4826572,0.02805165,0.4,0.4275706,0.034833014,0.03045407
375316653866487564,4122299650692529024,0.516349,2371.3508030625453,3.97687895216353,1.5474461E-5,19.909618,0.015081151,0.27489823,0.007854102,0.066676825,0.015373196,0.4749092,0.08876827,0.7693866,0.002659566,0.06807558,0.0039610593,0.54620045,0.035037555,null,null,null,null,"TWOGAUSSIANS",8,1.7241969,0.7693866,0.002659566,0.38122326,0.022181932,0.5453045,0.035098903,0.27489823,0.007854102,0.37339023,0.044377986,0.47401318,0.090887755
375316653866487564,4122299753791151232,0.61835015,2325.8691787172243,2.1495431427618867,5.306705E-6,15.03871,0.0014714955,0.23248406,0.0063075074,0.029448088,0.0055469805,0.027227974,0.0054434077,0.7535357,9.138872E-4,0.057824984,0.003762207,0.05968408,0.00575052,0.059016444,0.0017683792,0.7535357,9.138872E-4,"TWOGAUSSIANS_WITH_ELLIPSOIDAL_ON_ECLIPSE2",9,8.529765,0.7535357,9.138872E-4,0.3238199,0.021068359,0.17771176,0.0052714166,0.23732404,0.006143363,0.1649093,0.03106309,0.14366993,0.0040642484
375316653866487564,4122300471012048512,0.5576794,2341.7144725856515,2.205261085142675,1.25397855E-5,18.211124,0.0064293393,0.12196369,0.003933248,0.09744472,0.005925394,0.12762532,0.0068513453,0.62264687,0.0029629208,0.073797144,0.0034210146,0.2658992,0.009161257,null,null,null,null,"TWOGAUSSIANS",8,1.931368,0.62264687,0.0029629208,0.4,0.0,0.2611489,0.008325912,0.12196369,0.003933248,0.4,0.0,0.12287451,0.0053352444
375316653866487564,4122300784563759360,0.6013717,2327.196613836903,2.3926436726022926,7.208269E-6,18.766165,0.007626117,0.2824849,0.0013641841,0.07880978,0.003962093,0.48151326,0.025457535,0.7862861,0.003405058,0.08241718,0.0035310206,0.5189924,0.008025693,null,null,null,null,"TWOGAUSSIANS",8,1.3772827,0.7862861,0.003405058,0.4,0.0,0.51140875,0.0066186464,0.2824849,0.0013641841,0.4,0.0,0.47392964,0.027155789
375316653866487564,4122301093801495808,0.50849545,2331.9570460483005,2.8559961324295298,1.9354264E-5,19.471298,0.029363083,0.25245532,0.0041524074,0.083310656,0.008567246,0.378307,0.039431483,0.7490752,0.0056929337,0.09464802,0.010285442,0.38667268,0.037111193,null,null,null,null,"TWOGAUSSIANS",8,2.3047585,0.7490752,0.0056929337,0.4,0.0,0.37269205,0.033712834,0.25245532,0.0041524074,0.4,0.0,0.36432707,0.035920102
375316653866487564,4122301433084760448,0.6213887,2333.2771285705726,4.342368340238251,9.328291E-6,17.870668,0.0116807185,0.29241076,0.0016004835,0.055582054,0.0029664293,0.3979007,0.030344795,0.78875715,0.0015990444,0.05000716,0.003053896,0.38826904,0.025856527,0.10984276,0.015685918,0.29241076,0.0016004835,"TWOGAUSSIANS_WITH_ELLIPSOIDAL_ON_ECLIPSE1",9,5.84409,0.29241076,0.0016004835,0.3112595,0.016612004,0.6175684,0.013649451,0.7891272,0.0013937318,0.28004012,0.017101817,0.6078326,0.009439594
375316653866487564,4122301540497544960,0.5891345,2353.175808839549,0.517655375781006,1.091324E-6,18.327726,0.0015435664,0.7513193,2.1790918E-6,0.006381177,1.9121473E-5,0.5509239,0.001136447,null,null,null,null,null,null,null,null,null,null,"ONEGAUSSIAN",5,1.2458411,0.7513193,2.1790918E-6,0.03573459,1.0708025E-4,0.5509239,0.0,null,null,null,null,null,null
375316653866487564,4122301540497552512,0.5523373,2336.3376785872533,0.3949155970732068,1.0777846E-5,16.496593,0.006616365,0.28657377,0.003960214,0.04162631,0.0053319596,0.1521936,0.01595678,0.79032004,0.0053115026,0.038360503,0.0073252195,0.48497105,0.11177513,0.016639767,0.0081548095,0.28657377,0.003960214,"TWOGAUSSIANS_WITH_ELLIPSOIDAL_ON_ECLIPSE1",9,20.503508,0.79032004,0.0053115026,0.2148188,0.041021228,0.5182321,0.11660039,0.28657377,0.003960214,0.23310734,0.029858973,0.18547314,0.009317414
375316653866487564,4122301712296232192,0.61191624,2343.3307910258586,2.209748261996489,4.6676078E-6,16.700632,0.009902415,0.22810112,0.0013691166,0.086568885,0.0029199922,0.42443556,0.009365404,0.72197354,0.0016808292,0.09347918,0.0030995752,0.37727353,0.010164995,null,null,null,null,"TWOGAUSSIANS",8,9.861548,0.22810112,0.0013691166,0.4,0.0,0.40909863,0.0075197294,0.72197354,0.0016808292,0.4,0.0,0.36193618,0.007756853
375316653866487564,4122302223378226048,0.5012908,2323.92159829643,3.046563696842245,2.9163939E-5,19.51455,0.009502873,0.25566882,0.0054436037,0.07986182,0.0059139603,0.28118038,0.017139798,0.74268335,0.006087893,0.075244844,0.0059703877,0.36714464,0.018922336,null,null,null,null,"TWOGAUSSIANS",8,1.7623216,0.74268335,0.006087893,0.4,0.007031064,0.3644516,0.01870776,0.25566882,0.0054436037,0.4,0.0,0.27848732,0.017315062
375316653866487564,4122302262034984320,0.44460985,2372.817251553658,0.018705454848838714,4.9852206E-5,18.63841,0.018416392,0.3778353,0.007971999,0.12144904,0.0126264775,0.23356585,0.022037707,0.79322237,8.4998144E-4,0.029866397,0.010746911,0.15638873,0.024298934,null,null,null,null,"TWOGAUSSIANS",8,10.7534075,0.3778353,0.007971999,0.4,0.0,0.23335052,0.021861099,0.79322237,8.4998144E-4,0.16725183,0.0601827,0.15684882,0.024867533
375316653866487564,4122302605649888512,0.543937,2351.5384285196474,3.305739621057469,1.4926884E-5,18.154005,0.19267146,0.20821673,0.006552547,0.13371867,0.1002455,0.18384147,0.18247136,0.6847413,0.007622396,0.10412264,0.027841505,0.3120954,0.15392314,null,null,null,null,"TWOGAUSSIANS",8,2.7895343,0.6847413,0.007622396,0.4,0.0,0.27245054,0.019537102,0.20824672,0.0066598053,0.4,0.0,0.14379884,0.017316924
375316653866487564,4122302639992278400,0.47231928,2340.901416980933,0.10589843966532533,9.674825E-5,19.233917,0.005727073,0.326057,0.025742829,0.10803986,0.019452967,0.09540727,0.012011531,0.944353,0.001504518,0.0029133302,0.0016145699,0.41107324,0.62766683,null,null,null,null,"TWOGAUSSIANS",8,2.4569128,0.944353,0.001504518,0.01631465,0.009041592,0.41125482,0.62766457,0.326057,0.025742829,0.4,0.0,0.09540301,0.01201381
375316653866487564,4122303666468985472,0.612552,2369.0240032098973,1.538278560929753,7.1378363E-6,17.03946,0.0065769176,0.22674997,0.0017904416,0.07697623,0.0022276726,0.5911751,0.0111030955,0.7325911,0.0011847931,0.071630016,0.0019242305,0.3382317,0.0076808133,null,null,null,null,"TWOGAUSSIANS",8,11.927672,0.22674997,0.0017904416,0.4,0.0,0.5884311,0.010969931,0.7325911,0.0011847931,0.4,0.0046083797,0.33548775,0.0072871842
375316653866487564,4122304662900210816,0.5366291,2326.9809679874224,2.2649997414275105,1.1534699E-5,18.52182,0.02817471,0.26922446,0.0041016797,0.10394292,0.012054889,0.27699777,0.025828714,0.7834036,0.0051030787,0.09674431,0.012740389,0.28011623,0.024913603,null,null,null,null,"TWOGAUSSIANS",8,2.4404905,0.7834136,0.0051268283,0.4,0.0,0.2592257,0.011471948,0.26922446,0.0040990026,0.4,0.0,0.25610203,0.013361518
375316653866487564,4122304800339182592,0.44929555,2338.0390191120487,3.840426487115601,2.4123847E-5,18.183718,0.005482637,null,null,null,null,null,null,null,null,null,null,null,null,0.07793497,0.0077501563,0.14759248,0.0094121,"ELLIPSOIDAL",4,19.787882,null,null,null,null,null,null,null,null,null,null,null,null
375316653866487564,4122305624972927744,0.49454662,2342.3210928073217,2.694093678964326,2.931195E-5,18.696,0.020244205,0.26030517,0.009166524,0.087877326,0.015602672,0.19542833,0.019182725,0.74865925,0.00781321,0.07875856,0.010012303,0.3974102,0.03337429,null,null,null,null,"TWOGAUSSIANS",8,7.8436236,0.74865925,0.00781321,0.4,0.0,0.39256185,0.032852717,0.26030517,0.009166524,0.4,0.0,0.19057994,0.015492117
