Gaia/vari_eclipsing_binary/VariEclipsingBinary_058548-058704.csv
# %ECSV 1.0
# ---
# delimiter: ','
# meta: !!omap
# - RELEASE: Gaia DR3
# - TABLE: vari_eclipsing_binary
# - DESCRIPTION: >
#     This table describes the properties of the eclipsing binaries resulting from the variability analysis. 
# - CITATION: >
#     How to cite and acknowledge Gaia: 
#     https://gea.esac.esa.int/archive/documentation/credits.html 
# - KNOWN_ISSUES: >
#     Known issues: 
#     https://www.cosmos.esa.int/web/gaia-users/known-issues 
# - DOCUMENTATION: >
#     Tutorials and documentation: 
#     https://www.cosmos.esa.int/web/gaia-users/archive 
# datatype:
# - 
#   name: solution_id
#   datatype: int64
#   description: Solution Identifier
#   meta:
#     ucd: meta.version
# - 
#   name: source_id
#   datatype: int64
#   description: Unique source identifier
#   meta:
#     ucd: meta.id;meta.main
# - 
#   name: global_ranking
#   datatype: float32
#   description: Number between 0 (worst) and 1 (best)
#   meta:
#     ucd: stat.param
# - 
#   name: reference_time
#   datatype: float64
#   unit: d
#   description: Reference time used for the geometric model fit
#   meta:
#     ucd: time.epoch
# - 
#   name: frequency
#   datatype: float64
#   unit: d**-1
#   description: Frequency of geometric model of the eclipsing binary light curve
#   meta:
#     ucd: src.orbital
# - 
#   name: frequency_error
#   datatype: float32
#   unit: d**-1
#   description: "Uncertainty of \\texttt{frequency}"
#   meta:
#     ucd: stat.error
# - 
#   name: geom_model_reference_level
#   datatype: float32
#   unit: mag
#   description: Magnitude reference level of geometric model
#   meta:
#     ucd: phot.mag;em.opt
# - 
#   name: geom_model_reference_level_error
#   datatype: float32
#   unit: mag
#   description: "Uncertainty of \\texttt{geomModelReferenceLevel}"
#   meta:
#     ucd: stat.error;phot.mag;em.opt
# - 
#   name: geom_model_gaussian1_phase
#   datatype: float32
#   description: Phase of the Gaussian 1 component
#   meta:
#     ucd: time.phase
# - 
#   name: geom_model_gaussian1_phase_error
#   datatype: float32
#   description: "Uncertainty of \\texttt{geomModelGaussian1Phase}"
#   meta:
#     ucd: stat.error;time.phase
# - 
#   name: geom_model_gaussian1_sigma
#   datatype: float32
#   description: "Standard deviation [phase] of Gaussian 1 component"
#   meta:
#     ucd: stat.stdev
# - 
#   name: geom_model_gaussian1_sigma_error
#   datatype: float32
#   description: "Uncertainty of \\texttt{geomModelGaussian1Sigma}"
#   meta:
#     ucd: stat.error
# - 
#   name: geom_model_gaussian1_depth
#   datatype: float32
#   unit: mag
#   description: Magnitude depth of Gaussian 1 component
#   meta:
#     ucd: src.var.amplitude
# - 
#   name: geom_model_gaussian1_depth_error
#   datatype: float32
#   unit: mag
#   description: "Uncertainty of \\texttt{geomModelGaussian1Depth}"
#   meta:
#     ucd: stat.error;src.var.amplitude
# - 
#   name: geom_model_gaussian2_phase
#   datatype: float32
#   description: Phase of Gaussian 2 component
#   meta:
#     ucd: time.phase
# - 
#   name: geom_model_gaussian2_phase_error
#   datatype: float32
#   description: "Uncertainty of \\texttt{geomModelGaussian2Phase}"
#   meta:
#     ucd: stat.error;time.phase
# - 
#   name: geom_model_gaussian2_sigma
#   datatype: float32
[...]
#   datatype: float32
#   description: "Secondary eclipse: uncertainty of \\texttt{derivedSecondaryEclDuration}"
#   meta:
#     ucd: stat.error;time.duration
# - 
#   name: derived_secondary_ecl_depth
#   datatype: float32
#   unit: mag
#   description: "Secondary eclipse: depth"
#   meta:
#     ucd: src.var.amplitude
# - 
#   name: derived_secondary_ecl_depth_error
#   datatype: float32
#   unit: mag
#   description: "Secondary eclipse: uncertainty of \\texttt{derivedSecondaryEclDepth}"
#   meta:
#     ucd: stat.error;src.var.amplitude
solution_id,source_id,global_ranking,reference_time,frequency,frequency_error,geom_model_reference_level,geom_model_reference_level_error,geom_model_gaussian1_phase,geom_model_gaussian1_phase_error,geom_model_gaussian1_sigma,geom_model_gaussian1_sigma_error,geom_model_gaussian1_depth,geom_model_gaussian1_depth_error,geom_model_gaussian2_phase,geom_model_gaussian2_phase_error,geom_model_gaussian2_sigma,geom_model_gaussian2_sigma_error,geom_model_gaussian2_depth,geom_model_gaussian2_depth_error,geom_model_cosine_half_period_amplitude,geom_model_cosine_half_period_amplitude_error,geom_model_cosine_half_period_phase,geom_model_cosine_half_period_phase_error,model_type,num_model_parameters,reduced_chi2,derived_primary_ecl_phase,derived_primary_ecl_phase_error,derived_primary_ecl_duration,derived_primary_ecl_duration_error,derived_primary_ecl_depth,derived_primary_ecl_depth_error,derived_secondary_ecl_phase,derived_secondary_ecl_phase_error,derived_secondary_ecl_duration,derived_secondary_ecl_duration_error,derived_secondary_ecl_depth,derived_secondary_ecl_depth_error
[from data line 178]
375316653866487564,515163086439668736,0.6404597,2254.6088421882114,1.2700615968005258,1.8056112E-6,13.204668,0.0118948035,0.2595973,0.001124444,0.04880387,0.004817107,0.22520766,0.024955928,0.77184147,0.003986487,0.05604959,0.0074913115,0.15112534,0.026685202,0.13367683,0.014604756,0.2595973,0.001124444,"TWOGAUSSIANS_WITH_ELLIPSOIDAL_ON_ECLIPSE1",9,144.33516,0.2595973,0.001124444,0.27330166,0.0269758,0.49255815,0.0059406506,0.77184147,0.003986487,0.3138777,0.041951347,0.41689658,0.007518892
375316653866487564,515163597534078592,0.46797308,2289.6961759721494,2.2381420224077346,2.1680291E-5,18.909271,0.0049548177,0.31058028,0.0063547352,0.035178874,0.010714325,0.04053255,0.013477298,0.7360082,0.02980931,0.047570944,0.01150199,0.029182848,0.011902081,0.060531903,0.0048876745,0.31058028,0.0063547352,"TWOGAUSSIANS_WITH_ELLIPSOIDAL_ON_ECLIPSE1",9,3.040729,0.31058028,0.0063547352,0.1970017,0.06000022,0.16159526,0.011497363,0.7724682,0.016060365,0.2663973,0.06441115,0.13600773,0.012523573
375316653866487564,515165354182206336,0.6745088,2275.9529839177876,0.5045524534433276,3.8291223E-6,17.108665,8.803941E-4,0.16551729,3.2942105E-4,0.021691388,4.817108E-4,0.48020282,0.009577734,0.6660955,9.481384E-4,0.022118973,0.0013856646,0.4121682,0.017708234,0.0073310267,0.0016130354,0.16551729,3.2942105E-4,"TWOGAUSSIANS_WITH_ELLIPSOIDAL_ON_ECLIPSE1",9,1.8927944,0.16551729,3.2942105E-4,0.12147177,0.0026975805,0.49486488,0.00947281,0.6660955,9.481384E-4,0.123866245,0.007759722,0.42683005,0.018221196
375316653866487564,515167617623682176,0.5511778,2242.402756181626,2.5555914160629736,3.994115E-6,19.673428,0.007998022,0.2753617,0.0016427453,0.07160963,0.0030310457,0.47764733,0.015764926,0.7662592,0.003191308,0.07081838,0.0049383445,0.481233,0.021964712,null,null,null,null,"TWOGAUSSIANS",8,1.5057315,0.7662592,0.003191308,0.39658293,0.020066543,0.47962087,0.022336058,0.2753617,0.0016427453,0.4,0.007746876,0.4760352,0.015919
375316653866487564,515168854574400640,0.5416221,2286.4869369493945,0.6292957636475639,2.2075072E-5,17.520739,0.0014372547,0.2047646,0.020726252,0.06822249,0.044234037,0.020357646,0.023333907,0.6868741,7.9835363E-4,0.018227642,0.0012340347,0.3451208,0.032203097,null,null,null,null,"TWOGAUSSIANS",8,2.11864,0.6868741,7.9835363E-4,0.102074794,0.006910594,0.3451208,0.0322031,0.2047646,0.020726252,0.38204598,0.24618928,0.020357646,0.023333909
375316653866487564,515168996314435200,0.6382089,2258.9198436693837,2.6667124867727634,3.005922E-6,17.586464,0.009969316,0.2689399,7.9570693E-4,0.057177808,0.003231824,0.28210968,0.022056986,0.76701874,0.0018830898,0.060917493,0.003223831,0.25829464,0.023324646,0.09104467,0.013431971,0.2689399,7.9570693E-4,"TWOGAUSSIANS_WITH_ELLIPSOIDAL_ON_ECLIPSE1",9,3.4601004,0.2689399,7.9570693E-4,0.32019573,0.018098213,0.46412927,0.008542441,0.76734877,0.0015127282,0.34113795,0.018053453,0.44029224,0.0066171438
375316653866487564,515171225393121024,0.5141168,2261.296042459617,2.9535518284153155,1.0747776E-5,19.5975,0.018058361,0.27894434,0.006485586,0.04225328,0.013443614,0.12021723,0.048404407,0.7727311,0.0062644435,0.02419761,0.017243274,0.15439896,0.073954746,0.1202701,0.02162921,0.27894434,0.006485586,"TWOGAUSSIANS_WITH_ELLIPSOIDAL_ON_ECLIPSE1",9,2.6433563,0.77315116,0.0063512702,0.13550662,0.09656233,0.3945973,0.07591635,0.27894434,0.006485586,0.23661835,0.075284235,0.36075735,0.02221042
375316653866487564,515172432289494656,0.6908657,2257.034140519531,0.18669369705886268,5.7045905E-5,14.999386,3.3226024E-4,0.39653218,4.3915835E-4,0.0069368677,2.164953E-4,0.37464863,0.010046701,0.054012585,0.015431556,0.025523767,0.008615397,0.0039444286,0.0021110026,null,null,null,null,"TWOGAUSSIANS",8,2.4412098,0.39653218,4.3915835E-4,0.03884646,0.0012123737,0.37464863,0.010046701,0.054012585,0.015431556,0.1429331,0.04824622,0.0039444286,0.0021110026
375316653866487564,515172535368708224,0.5677736,2253.0751838379656,2.0596656831282636,4.891972E-6,17.494648,0.010796401,0.26688844,0.0029502034,0.0802242,0.00536108,0.44397157,0.020906318,0.7788829,0.0015252162,0.08780534,0.004274093,0.41097465,0.012689212,null,null,null,null,"TWOGAUSSIANS",8,11.179498,0.26688844,0.0029502034,0.4,0.0,0.435765,0.02238276,0.7788829,0.0015252162,0.4,0.0,0.402768,0.013208122
375316653866487564,515173218258203008,0.4885884,2270.349792379034,0.811252264715708,7.730565E-6,18.160929,0.0014766107,null,null,null,null,null,null,null,null,null,null,null,null,0.060935885,0.0024757222,0.20444368,0.0025033474,"ELLIPSOIDAL",4,3.000442,null,null,null,null,null,null,null,null,null,null,null,null
375316653866487564,515173733654462080,0.5715195,2316.253209863443,1.8674527087392014,4.7785206E-6,18.30844,0.00544975,0.2629538,0.0014362186,0.07311322,0.0024672549,0.34235442,0.0071811075,0.76945305,0.002490969,0.091417655,0.0039753728,0.21284214,0.008390342,null,null,null,null,"TWOGAUSSIANS",8,2.182465,0.2629538,0.0014362186,0.4,0.0,0.33781293,0.0070058764,0.76945305,0.002490969,0.4,0.0,0.20830052,0.00828297
375316653866487564,515175279842509952,0.5911033,2296.0525300920062,0.6487294763554559,5.0173835E-6,18.399338,0.0015181493,0.774659,4.5500425E-4,0.024546612,4.7779753E-4,0.4286476,0.0041322303,0.9148846,0.0064876713,0.012655482,0.0071986136,0.034204375,0.018927358,null,null,null,null,"TWOGAUSSIANS",8,1.4252939,0.774659,4.5500425E-4,0.13746104,0.0026756662,0.4286476,0.0041322303,0.9148846,0.0064876713,0.0708707,0.040312238,0.034204412,0.018927356
375316653866487564,515178720121581952,0.65841544,2265.2290575956827,0.8059045557106141,1.3374046E-6,17.729244,0.0028372935,0.22766796,0.0011928933,0.028717244,0.0014743406,0.53976196,0.022682002,0.72671974,6.206005E-4,0.029828792,5.632484E-4,0.5816083,0.0084308805,0.02038548,0.0039855638,0.22766796,0.0011928933,"TWOGAUSSIANS_WITH_ELLIPSOIDAL_ON_ECLIPSE1",9,2.0100574,0.72671974,6.1499135E-4,0.16704124,0.003154191,0.62237775,0.0056787087,0.22766796,0.0011928933,0.16081657,0.008256307,0.58053285,0.027012868
375316653866487564,515179166798116736,0.535137,2227.4086989262346,0.49668538695321696,2.4883699E-5,17.836878,0.0019055727,0.22101624,0.0018979671,0.032916494,0.0014782794,0.27959558,0.016801503,0.8233361,0.03656665,0.08576591,0.05160712,0.011593307,0.005416844,null,null,null,null,"TWOGAUSSIANS",8,1.8974223,0.22101624,0.0018979671,0.18433237,0.008278364,0.2795957,0.0168013,0.8233361,0.03656665,0.4,0.0,0.011593186,0.0054403422
375316653866487564,515179579115007616,0.5654202,2264.609933113976,0.48750680831497895,3.1466866E-6,14.163615,0.006416911,0.27822438,0.002625294,0.035039734,0.0024722463,0.33525926,0.019581495,0.7781891,0.0013690573,0.036394905,0.0020035047,0.36188126,0.018618597,0.019019313,0.008687666,0.27822438,0.002625294,"TWOGAUSSIANS_WITH_ELLIPSOIDAL_ON_ECLIPSE1",9,214.72797,0.7781891,0.0013682807,0.20381148,0.011219626,0.3999198,0.016938677,0.27822438,0.002625294,0.19622251,0.013844579,0.37329784,0.0153393475
375316653866487564,515180193285615104,0.5882728,2280.843713405764,0.595365312286974,1.4060981E-5,18.519213,0.002411528,0.24028783,0.005742363,0.01774544,0.0038965093,0.5711854,0.05308052,0.7407442,0.0018482778,0.020656522,0.0026245061,0.41704,0.047150724,null,null,null,null,"TWOGAUSSIANS",8,2.904218,0.24028783,0.005742363,0.099374466,0.021820452,0.5711854,0.05308052,0.7407442,0.0018482778,0.11567652,0.014697234,0.41704,0.047150724
375316653866487564,515180506827877120,0.6761293,2248.2861621295515,2.5849545188693748,1.7584823E-6,16.27428,0.0039372332,0.27840784,7.644594E-4,0.04781393,0.002100045,0.22282107,0.010637574,0.77835965,0.0013302304,0.046167623,0.003065494,0.21714474,0.009860638,0.14543772,0.006540796,0.27840784,7.644594E-4,"TWOGAUSSIANS_WITH_ELLIPSOIDAL_ON_ECLIPSE1",9,8.938393,0.27840784,7.644594E-4,0.267758,0.011760252,0.513696,0.005387841,0.77836967,0.0011694294,0.2585387,0.017166767,0.5080196,0.0065934933
375316653866487564,515180605602379008,0.4585119,2258.861575072113,0.03174249015121309,1.2139348E-5,19.06116,0.49091431,0.39894837,0.012441298,0.2609891,0.12175755,0.42749435,0.45334536,0.8601203,0.010711158,0.0069569116,0.0061735194,0.14793618,0.7462253,null,null,null,null,"TWOGAUSSIANS",8,4.306724,0.39894837,0.012441298,0.4,0.0,0.29159802,0.0287759,0.8601203,0.010711158,0.038958706,0.034571707,0.15195294,0.7460451
375316653866487564,515185351550911104,0.59719795,2263.694052652462,0.33431759342681455,1.4295914E-6,15.078739,5.806881E-4,0.07235945,4.2843196E-4,0.018288234,6.374414E-4,0.203089,0.012015032,0.29621437,0.09093857,0.05134292,0.072676785,0.0032951704,0.0011942019,null,null,null,null,"TWOGAUSSIANS",8,4.654691,0.07235945,4.2843196E-4,0.102414116,0.003569672,0.20308924,0.01201487,0.29621437,0.09093857,0.28752035,0.20609829,0.0032951704,0.0011942119
375316653866487564,515188645781128192,0.4275289,2243.5610268543655,1.3883296468229587,1.5814447E-5,18.316015,0.06045632,0.26642743,0.018341426,0.15704717,0.06889384,0.11577085,0.055827595,0.73820585,0.008633614,0.09982252,0.017774498,0.15675855,0.046098575,null,null,null,null,"TWOGAUSSIANS",8,9.378197,0.73820585,0.008633614,0.4,0.0,0.12836441,0.01208989,0.26644742,0.018333001,0.4,0.0,0.08570392,0.016698213
375316653866487564,515189371640441344,0.6133346,2275.6796560693742,2.2380278153127158,3.9191123E-6,15.308415,0.0041424,0.24141656,0.0016416106,0.10262728,0.0033811626,0.18560392,0.0045133913,0.73981965,0.0013401974,0.094261274,0.002405836,0.23379794,0.0042757713,null,null,null,null,"TWOGAUSSIANS",8,15.123756,0.73981965,0.0013401974,0.4,0.0,0.21769856,0.0030874296,0.24141656,0.0016416106,0.4,0.0,0.1695023,0.0041998615
375316653866487564,515191776821877120,0.4594381,2221.3133400305537,0.6160303916755132,2.336858E-5,12.91815,0.0010205776,0.07882291,2.7575853E-4,0.0063241366,0.0012645213,0.24537863,0.5463284,0.59616685,0.007093969,0.025034525,0.0068727937,0.08558832,0.020278791,null,null,null,null,"TWOGAUSSIANS",8,71.23151,0.07882291,2.7575853E-4,0.035415165,0.007081319,0.24537863,0.5463284,0.59616685,0.007093969,0.14019333,0.038487647,0.08558832,0.020278791
375316653866487564,515191806877190528,0.58031297,2244.2391902456357,2.971354810643918,3.5298065E-6,18.717293,0.005947239,0.20551793,0.0011685771,0.076440446,0.0018581221,0.42489246,0.007119187,0.7009061,0.0012066126,0.07817208,0.002259557,0.4541649,0.006860236,null,null,null,null,"TWOGAUSSIANS",8,2.146196,0.7009061,0.0012066126,0.4,0.0,0.44989008,0.0068237213,0.20551793,0.0011685771,0.4,0.0,0.42061764,0.006780025
375316653866487564,515194388155588480,0.46699038,2247.664148496231,3.3995631479639017,1.15005605E-5,19.166956,0.10877726,0.28724226,0.0040526837,0.10895809,0.030952735,0.24803545,0.09952172,0.776669,0.007577584,0.13219924,0.053362332,0.20862336,0.10019303,null,null,null,null,"TWOGAUSSIANS",8,2.405261,0.28737226,0.004318469,0.4,0.0,0.2008501,0.012287183,0.776669,0.007577584,0.4,0.0,0.16111173,0.012563439
375316653866487564,515194761815186176,0.5280262,2257.373730814911,1.4838246957868304,1.1879979E-5,17.787235,0.0011484465,0.1246384,0.009064417,0.04854652,0.007617136,0.11507985,0.009542733,0.63013065,0.0039796196,0.0269542,0.0072687813,0.004867307,0.0031778372,0.028037548,0.0017450388,0.63013065,0.0039796196,"TWOGAUSSIANS_WITH_ELLIPSOIDAL_ON_ECLIPSE2",9,1.2370062,0.1250984,0.008360434,0.2718605,0.04265596,0.1710935,0.009378824,0.63013065,0.0039796196,0.15094352,0.040705178,0.060942158,0.0019185463
375316653866487564,515194903551683456,0.4526176,2239.858563264081,2.8450040373910865,4.917388E-5,19.735846,0.021769924,0.1960644,0.007905142,0.09810582,0.012427113,0.25066942,0.020881867,0.67069614,0.006060787,0.09181268,0.011824565,0.2652421,0.025917422,null,null,null,null,"TWOGAUSSIANS",8,2.8489847,0.67069614,0.006060787,0.4,0.0,0.25402522,0.023358533,0.1960644,0.007905142,0.4,0.0,0.23945074,0.011875835
375316653866487564,515197270076001536,0.46698043,2260.195119446204,3.405076753865737,1.4215346E-5,19.13215,0.05534505,0.20404409,0.0063789915,0.11212598,0.028291764,0.19463384,0.05254456,0.6931808,0.006955299,0.11752943,0.023602234,0.20384194,0.052450016,null,null,null,null,"TWOGAUSSIANS",8,1.7991867,0.6931808,0.006955299,0.4,0.0,0.17029625,0.013492138,0.20408408,0.0065170447,0.4,0.0,0.1611192,0.013468217
375316653866487564,515197338795475328,0.62806195,2276.2362641402724,3.369036642932938,3.6368438E-6,17.41838,0.00831333,0.24109542,0.0011774694,0.050735492,0.0019723142,0.46368942,0.020968754,0.74312544,0.0014922279,0.052178316,0.0029363092,0.34248254,0.018810391,0.0909044,0.010537881,0.24109542,0.0011774694,"TWOGAUSSIANS_WITH_ELLIPSOIDAL_ON_ECLIPSE1",9,6.904617,0.24109542,0.0011774694,0.28411874,0.01104496,0.64549166,0.012794394,0.74312544,0.0014922279,0.29219857,0.01644333,0.5242552,0.015350625
375316653866487564,515197682392939392,0.5407732,2265.9068791545956,2.910008994894609,5.9246863E-6,18.505022,0.012216979,0.2834264,0.0026567492,0.093861856,0.005435309,0.33741122,0.014646317,0.78054273,0.002325741,0.09007589,0.0046084384,0.33605856,0.013176674,null,null,null,null,"TWOGAUSSIANS",8,2.8493345,0.2834264,0.0026567492,0.4,0.0,0.32137287,0.014348557,0.78054273,0.002325741,0.4,0.0,0.32002053,0.011340547
375316653866487564,515199335964381568,0.60681367,2273.236247541952,0.3044964653860148,1.8509752E-6,16.928778,0.001311912,0.34460926,4.1159595E-4,0.017859358,5.33541E-4,0.51584524,0.021271665,0.84557295,3.809864E-4,0.017974248,4.514192E-4,0.48333436,0.018817227,0.005486071,0.0022378967,0.34460926,4.1159595E-4,"TWOGAUSSIANS_WITH_ELLIPSOIDAL_ON_ECLIPSE1",9,4.3373194,0.34460926,4.1159595E-4,0.10001241,0.00298783,0.5268174,0.02186387,0.84557295,3.809864E-4,0.10065579,0.0025279475,0.4943061,0.019708289
375316653866487564,515201672426453888,0.5918967,2252.7925609352837,3.0197899790193596,3.3098338E-6,16.964828,0.009699363,0.25468153,8.87095E-4,0.04357599,0.0030516966,0.56198806,0.032984365,0.7523185,0.002182809,0.038139895,0.002900765,0.39032742,0.029265234,0.13885207,0.013047476,0.25468153,8.87095E-4,"TWOGAUSSIANS_WITH_ELLIPSOIDAL_ON_ECLIPSE1",9,34.913982,0.25468153,8.87095E-4,0.24402556,0.017089501,0.8396918,0.041992616,0.7524985,0.0020072504,0.21358341,0.016244285,0.6679746,0.02506131
375316653866487564,515201706786191104,0.47179505,2248.786118415774,3.792521079724547,1.34094935E-5,19.387142,0.01059758,0.22551589,0.0045842426,0.080526955,0.006803392,0.24606295,0.022118432,0.72233593,0.004800981,0.087954186,0.008060013,0.1939104,0.011260004,null,null,null,null,"TWOGAUSSIANS",8,2.753739,0.22551589,0.0045842426,0.4,0.0,0.24105035,0.022217559,0.72233593,0.004800981,0.4,0.0,0.18889776,0.009846811
375316653866487564,515202119103046784,0.44715628,2225.757360460995,0.8605156204253755,2.9519759E-5,17.643908,0.0011896201,0.1172278,0.010375502,0.023071894,0.00691995,0.056984633,0.021113167,0.6152787,0.002489861,0.025376478,0.0020746822,0.07342971,0.0055320826,null,null,null,null,"TWOGAUSSIANS",8,2.9338949,0.6152787,0.002489861,0.14210828,0.011618219,0.07342971,0.0055320826,0.1172278,0.010375502,0.1292026,0.038751718,0.056984633,0.021113167
375316653866487564,515203076872052480,0.53948396,2253.0288791181933,2.655990552050314,6.25787E-6,18.912321,0.006078857,0.21698238,0.0027655368,0.07710197,0.0031363433,0.34021792,0.0118014775,0.7132093,0.0022081526,0.07973558,0.0036944712,0.33084735,0.008291687,null,null,null,null,"TWOGAUSSIANS",8,2.400537,0.21698238,0.0027655368,0.4,0.0,0.3363612,0.011897569,0.7132093,0.0022081526,0.4,0.0,0.32699063,0.00833389
375316653866487564,515203218614778752,0.5844733,2264.57444870777,0.2331369442537393,1.361955E-6,15.733311,0.0015579419,0.09249888,4.4577313E-4,0.015202336,3.1289022E-4,0.40736708,0.005747178,0.59254456,3.883424E-4,0.015065989,3.6153712E-4,0.41852757,0.011862569,0.017459592,0.0026250186,0.09249888,4.4577313E-4,"TWOGAUSSIANS_WITH_ELLIPSOIDAL_ON_ECLIPSE1",9,31.641008,0.59254456,3.883424E-4,0.08436954,0.002024608,0.45344672,0.01258744,0.09249888,4.4577313E-4,0.08513308,0.0017521853,0.44228622,0.006118324
