Gaia/vari_eclipsing_binary/VariEclipsingBinary_670970-671011.csv
# %ECSV 1.0
# ---
# delimiter: ','
# meta: !!omap
# - RELEASE: Gaia DR3
# - TABLE: vari_eclipsing_binary
# - DESCRIPTION: >
#     This table describes the properties of the eclipsing binaries resulting from the variability analysis. 
# - CITATION: >
#     How to cite and acknowledge Gaia: 
#     https://gea.esac.esa.int/archive/documentation/credits.html 
# - KNOWN_ISSUES: >
#     Known issues: 
#     https://www.cosmos.esa.int/web/gaia-users/known-issues 
# - DOCUMENTATION: >
#     Tutorials and documentation: 
#     https://www.cosmos.esa.int/web/gaia-users/archive 
# datatype:
# - 
#   name: solution_id
#   datatype: int64
#   description: Solution Identifier
#   meta:
#     ucd: meta.version
# - 
#   name: source_id
#   datatype: int64
#   description: Unique source identifier
#   meta:
#     ucd: meta.id;meta.main
# - 
#   name: global_ranking
#   datatype: float32
#   description: Number between 0 (worst) and 1 (best)
#   meta:
#     ucd: stat.param
# - 
#   name: reference_time
#   datatype: float64
#   unit: d
#   description: Reference time used for the geometric model fit
#   meta:
#     ucd: time.epoch
# - 
#   name: frequency
#   datatype: float64
#   unit: d**-1
#   description: Frequency of geometric model of the eclipsing binary light curve
#   meta:
#     ucd: src.orbital
# - 
#   name: frequency_error
#   datatype: float32
#   unit: d**-1
#   description: "Uncertainty of \\texttt{frequency}"
#   meta:
#     ucd: stat.error
# - 
#   name: geom_model_reference_level
#   datatype: float32
#   unit: mag
#   description: Magnitude reference level of geometric model
#   meta:
#     ucd: phot.mag;em.opt
# - 
#   name: geom_model_reference_level_error
#   datatype: float32
#   unit: mag
#   description: "Uncertainty of \\texttt{geomModelReferenceLevel}"
#   meta:
#     ucd: stat.error;phot.mag;em.opt
# - 
#   name: geom_model_gaussian1_phase
#   datatype: float32
#   description: Phase of the Gaussian 1 component
#   meta:
#     ucd: time.phase
# - 
#   name: geom_model_gaussian1_phase_error
#   datatype: float32
#   description: "Uncertainty of \\texttt{geomModelGaussian1Phase}"
#   meta:
#     ucd: stat.error;time.phase
# - 
#   name: geom_model_gaussian1_sigma
#   datatype: float32
#   description: "Standard deviation [phase] of Gaussian 1 component"
#   meta:
#     ucd: stat.stdev
# - 
#   name: geom_model_gaussian1_sigma_error
#   datatype: float32
#   description: "Uncertainty of \\texttt{geomModelGaussian1Sigma}"
#   meta:
#     ucd: stat.error
# - 
#   name: geom_model_gaussian1_depth
#   datatype: float32
#   unit: mag
#   description: Magnitude depth of Gaussian 1 component
#   meta:
#     ucd: src.var.amplitude
# - 
#   name: geom_model_gaussian1_depth_error
#   datatype: float32
#   unit: mag
#   description: "Uncertainty of \\texttt{geomModelGaussian1Depth}"
#   meta:
#     ucd: stat.error;src.var.amplitude
# - 
#   name: geom_model_gaussian2_phase
#   datatype: float32
#   description: Phase of Gaussian 2 component
#   meta:
#     ucd: time.phase
# - 
#   name: geom_model_gaussian2_phase_error
#   datatype: float32
#   description: "Uncertainty of \\texttt{geomModelGaussian2Phase}"
#   meta:
#     ucd: stat.error;time.phase
# - 
#   name: geom_model_gaussian2_sigma
#   datatype: float32
[...]
#   datatype: float32
#   description: "Secondary eclipse: uncertainty of \\texttt{derivedSecondaryEclDuration}"
#   meta:
#     ucd: stat.error;time.duration
# - 
#   name: derived_secondary_ecl_depth
#   datatype: float32
#   unit: mag
#   description: "Secondary eclipse: depth"
#   meta:
#     ucd: src.var.amplitude
# - 
#   name: derived_secondary_ecl_depth_error
#   datatype: float32
#   unit: mag
#   description: "Secondary eclipse: uncertainty of \\texttt{derivedSecondaryEclDepth}"
#   meta:
#     ucd: stat.error;src.var.amplitude
solution_id,source_id,global_ranking,reference_time,frequency,frequency_error,geom_model_reference_level,geom_model_reference_level_error,geom_model_gaussian1_phase,geom_model_gaussian1_phase_error,geom_model_gaussian1_sigma,geom_model_gaussian1_sigma_error,geom_model_gaussian1_depth,geom_model_gaussian1_depth_error,geom_model_gaussian2_phase,geom_model_gaussian2_phase_error,geom_model_gaussian2_sigma,geom_model_gaussian2_sigma_error,geom_model_gaussian2_depth,geom_model_gaussian2_depth_error,geom_model_cosine_half_period_amplitude,geom_model_cosine_half_period_amplitude_error,geom_model_cosine_half_period_phase,geom_model_cosine_half_period_phase_error,model_type,num_model_parameters,reduced_chi2,derived_primary_ecl_phase,derived_primary_ecl_phase_error,derived_primary_ecl_duration,derived_primary_ecl_duration_error,derived_primary_ecl_depth,derived_primary_ecl_depth_error,derived_secondary_ecl_phase,derived_secondary_ecl_phase_error,derived_secondary_ecl_duration,derived_secondary_ecl_duration_error,derived_secondary_ecl_depth,derived_secondary_ecl_depth_error
[from data line 403]
375316653866487564,5902170725648960384,0.63634104,2069.0588411356816,2.952389933849412,6.1569576E-6,14.7780905,0.0051657064,0.2775574,0.0020638793,0.08506709,0.0024117418,0.4105898,0.0063596414,0.77377135,8.963124E-4,0.09171418,0.0018117442,0.3891845,0.0057928595,null,null,null,null,"TWOGAUSSIANS",8,40.70592,0.2775574,0.0020638793,0.4,0.0,0.39683533,0.005542648,0.77377135,8.963124E-4,0.4,0.0,0.37542978,0.0050598243
375316653866487564,5902171206661449216,0.49193662,2095.7962053533483,0.5272572055897317,2.5925508E-5,19.254736,0.0074219927,0.1207666,0.011301132,0.025379064,0.00550078,0.19899169,0.045961842,0.6307855,0.001857893,0.010148554,0.0036257454,0.7058178,12.344056,null,null,null,null,"TWOGAUSSIANS",8,4.285608,0.6307855,0.001857893,0.056831904,0.020304175,0.7058178,12.344056,0.1207666,0.011301132,0.14212275,0.030804366,0.19899169,0.045961842
375316653866487564,5902171241045194624,0.46288982,2079.265138809002,1.8987379327415983,1.1385891E-5,17.520823,0.005838004,0.19666153,0.02390321,0.054357275,0.01807857,0.08490412,0.025260542,0.65958416,0.001045875,0.031365786,0.0017147756,0.21555783,0.014203713,null,null,null,null,"TWOGAUSSIANS",8,29.860044,0.65958416,0.001045875,0.17564839,0.009602743,0.21555783,0.014203717,0.19666153,0.02390321,0.30440074,0.101239994,0.08490412,0.025260545
375316653866487564,5902171515923104256,0.5020872,2071.856775005318,1.4857896240746147,2.1347014E-5,16.246891,0.05821304,0.2334193,0.009643401,0.12981397,0.05146629,0.08776796,0.057446837,0.74246985,0.008809449,0.11031942,0.038623348,0.09666168,0.05299096,null,null,null,null,"TWOGAUSSIANS",8,6.1365414,0.74256986,0.0086455885,0.4,0.0,0.07748031,0.00916662,0.2333993,0.009590994,0.4,0.0,0.06848471,0.003597868
375316653866487564,5902172168758073984,0.5490549,2064.9687300669225,2.8757616229080627,1.128607E-5,16.858006,0.018526025,0.26504585,0.0031181262,0.09309878,0.0054264786,0.3248223,0.018444166,0.78450215,0.01410663,0.10118383,0.019215288,0.16981123,0.020683931,null,null,null,null,"TWOGAUSSIANS",8,17.620642,0.26504585,0.003117155,0.4,0.0,0.31198442,0.009386685,0.78450215,0.01410663,0.4,0.0,0.15697148,0.011261963
375316653866487564,5902172752849914240,0.46273386,2076.3452550284783,1.8875669351340212,2.0631118E-5,18.604795,0.02975186,0.26020816,0.007914957,0.107986376,0.021031674,0.1765707,0.027016286,0.76260865,0.007593236,0.099479236,0.016556714,0.20578364,0.031271685,null,null,null,null,"TWOGAUSSIANS",8,4.075331,0.76260865,0.007594302,0.4,0.0,0.18558638,0.02410026,0.26020816,0.007914957,0.4,0.0,0.15636694,0.018153772
375316653866487564,5902173611843562752,0.54376185,2081.8550965173554,3.1880136457527266,1.3496796E-5,18.395502,0.039088093,0.25271738,0.0051296228,0.10502597,0.011279106,0.4023264,0.03855095,0.7550073,0.0059058703,0.10854256,0.012056542,0.38839263,0.03819764,null,null,null,null,"TWOGAUSSIANS",8,3.7349114,0.25271738,0.0051295045,0.4,0.0,0.35261908,0.012266031,0.7550073,0.0059058703,0.4,0.0,0.33867574,0.009409889
375316653866487564,5902174329095512576,0.5498721,2091.6399793476717,0.28906011654188657,1.342357E-5,16.991417,0.0032805006,0.28099415,0.013031562,0.042337675,0.009132656,0.19530253,0.013759927,0.77123415,0.0023827218,0.0397153,0.0030238193,0.6099184,0.12258148,null,null,null,null,"TWOGAUSSIANS",8,15.067934,0.77123415,0.0023827218,0.2224057,0.016933387,0.6099184,0.12258149,0.28099415,0.013031562,0.23709098,0.051142875,0.19530253,0.013759926
375316653866487564,5902174432177192192,0.4705399,2095.515858036146,2.6394207895090123,3.353036E-5,18.351843,0.00629581,null,null,null,null,null,null,null,null,null,null,null,null,0.11574878,0.007764667,0.21702376,0.0071988814,"ELLIPSOIDAL",4,17.012535,null,null,null,null,null,null,null,null,null,null,null,null
375316653866487564,5902175020621291648,0.56043917,2113.278315934718,4.643457509767561,1.5218284E-5,15.305104,0.0032975154,0.299139,0.0038378246,0.06639048,0.008090302,0.04345848,0.008679245,0.79344976,0.010874152,0.033704884,0.008292821,0.05618037,0.021239553,0.03444692,0.004494009,0.299139,0.0038378246,"TWOGAUSSIANS_WITH_ELLIPSOIDAL_ON_ECLIPSE1",9,19.53589,0.79400975,0.009996633,0.18874735,0.0464398,0.12495908,0.020226058,0.299139,0.0038378246,0.37178665,0.045305695,0.112316474,0.003486713
375316653866487564,5902175085009837952,0.5056417,2068.324137624985,0.7034105261274396,3.1311665E-5,17.548038,0.004590521,0.40294394,0.03677334,0.04255238,0.029212976,0.035876088,0.021438727,0.624515,0.0073858933,0.050803136,0.0058619394,0.32014084,0.037025403,null,null,null,null,"TWOGAUSSIANS",8,14.251124,0.624515,0.0073858933,0.28449756,0.03282686,0.32014087,0.037025068,0.40304396,0.03704296,0.23829335,0.16359267,0.0358999,0.021421192
375316653866487564,5902175742171062144,0.543434,2082.401823093948,2.6257294726892844,1.6620668E-5,17.670073,0.007179443,0.25698796,0.003839373,0.050474975,0.008811671,0.1191031,0.028283997,0.7536367,0.006148016,0.037833452,0.0047735833,0.13957198,0.02301671,0.056804426,0.0124376975,0.25698796,0.003839373,"TWOGAUSSIANS_WITH_ELLIPSOIDAL_ON_ECLIPSE1",9,5.4351134,0.75391674,0.0055932677,0.21186733,0.026732067,0.25313416,0.016989596,0.25698796,0.003839373,0.28265986,0.04934536,0.23271139,0.021325065
375316653866487564,5902176188847721984,0.65808505,2058.4001158536157,0.7424763913602901,3.7011352E-5,17.19927,0.002494809,0.23327872,0.0036231598,0.03173936,0.004370296,0.78676397,0.16444583,0.7530252,0.018376319,0.038427573,0.017344242,0.1042809,0.050180253,0.020476626,0.005591936,0.23327872,0.0036231598,"TWOGAUSSIANS_WITH_ELLIPSOIDAL_ON_ECLIPSE1",9,4.6581755,0.23327872,0.0036231598,0.17774044,0.024473656,0.8277172,0.1668112,0.7530252,0.018376319,0.2151944,0.09712776,0.14460689,0.051301014
375316653866487564,5902176218884245248,0.5415925,2068.7305047820305,2.8369153903586812,1.7162374E-5,18.820095,0.013382788,0.24800317,0.0027766558,0.06399541,0.004077385,0.52249897,0.041250095,0.74198127,0.0015205335,0.06919864,0.003626369,0.63112617,0.038557183,null,null,null,null,"TWOGAUSSIANS",8,4.9943337,0.74198127,0.0015205335,0.38751236,0.020307666,0.63028055,0.038823023,0.24800317,0.0027766558,0.3583743,0.022833357,0.52165335,0.041401923
375316653866487564,5902176257543532800,0.530719,2100.9216466345915,3.439429025169895,1.5360994E-5,19.166588,0.011866841,0.25434536,0.0030149873,0.06438966,0.0031320744,0.705691,0.023497792,0.7530325,0.005782175,0.07665292,0.0082152495,0.5670323,0.06655459,null,null,null,null,"TWOGAUSSIANS",8,5.7164903,0.25434536,0.0030149873,0.36058208,0.017539617,0.70343983,0.02323617,0.7530325,0.005782175,0.4,0.0,0.5647811,0.067793384
375316653866487564,5902176395006070912,0.52539617,2101.38117083557,2.6134711593206963,1.6131333E-5,19.615978,0.009356022,0.26042044,0.002622495,0.06924255,0.0030773908,0.50449216,0.020124972,0.7606102,0.0038601486,0.07451686,0.0070229857,0.56744367,0.0587065,null,null,null,null,"TWOGAUSSIANS",8,2.382757,0.7606102,0.0038601486,0.4,0.0,0.564924,0.05989226,0.26042044,0.002622495,0.38775828,0.017233388,0.5019725,0.0200795
375316653866487564,5902176532421589120,0.5704971,2099.8936251417012,3.883844798496406,7.340309E-6,18.696562,0.01631217,0.32706293,0.0029629169,0.041401066,0.017083397,0.36496437,3.8454723,0.81971896,0.0030643896,0.047957078,0.0049113464,0.4218391,0.04885866,0.14611243,0.020667477,0.32706293,0.0029629169,"TWOGAUSSIANS_WITH_ELLIPSOIDAL_ON_ECLIPSE1",9,3.87852,0.82053894,0.0024714237,0.26855963,0.02750354,0.7135113,0.055141766,0.32706293,0.0029629169,0.23184596,0.09566703,0.65718895,3.8539724
375316653866487564,5902177013458063360,0.45620337,2028.5259483114407,3.7056799609710316,1.1039578E-4,18.777582,0.022212803,0.4367889,0.061946884,0.14379062,0.09380052,0.084011145,0.029486384,0.7915918,0.013716902,0.070989504,0.017096698,0.17935498,0.032758642,null,null,null,null,"TWOGAUSSIANS",8,1.8994951,0.7915918,0.013716902,0.39754125,0.042687766,0.18116942,0.035071064,0.43679887,0.061983455,0.4,0.0,0.081821166,0.02950674
375316653866487564,5902177219639985792,0.61235857,2081.425914964228,0.17880719803337625,1.09475244E-4,16.344023,0.0011071016,0.12721638,0.007872933,0.013222866,0.0052730483,0.25185397,0.10697045,0.67971236,5.9742666E-5,0.018534446,1.7211313E-4,0.30670023,0.0024238296,null,null,null,null,"TWOGAUSSIANS",8,4.624276,0.67971236,5.9742666E-5,0.1037929,9.6383353E-4,0.30670023,0.0024238296,0.12721638,0.007872933,0.07404805,0.02952907,0.25185397,0.10697045
375316653866487564,5902177906834643712,0.50275683,2066.7811272148692,1.9407759485618488,3.1335818E-5,17.221424,0.0016079643,0.27316076,0.0020764219,0.02266741,0.0023260664,0.10183527,0.013950441,0.7716338,0.009282965,0.029012179,0.008233906,0.045716587,0.007885682,null,null,null,null,"TWOGAUSSIANS",8,2.6358852,0.27316076,0.0020764219,0.1269375,0.013025971,0.10183527,0.013950441,0.7716338,0.009282965,0.16246821,0.04610987,0.045716587,0.007885682
375316653866487564,5902178112993083008,0.442377,2070.9805322157645,1.1037242667067355,5.8018344E-5,13.24358,0.1981058,0.2707336,0.009136401,0.1187927,0.091978125,0.05884243,0.17645827,0.7599903,0.012180981,0.12760526,0.10289256,0.06407727,0.18714052,null,null,null,null,"TWOGAUSSIANS",8,56.433,0.7599903,0.012180981,0.4,0.0,0.049753483,0.005085919,0.2708736,0.0079779215,0.4,0.0,0.04456323,0.007737299
375316653866487564,5902178697090698752,0.5020933,2128.8367453871588,3.4061221523083893,2.201764E-5,19.648138,0.018242666,0.2773509,0.005712748,0.07560848,0.011696885,0.35423002,0.024058295,0.7780809,0.004843475,0.083155975,0.009921482,0.37268102,0.031228121,null,null,null,null,"TWOGAUSSIANS",8,2.405527,0.7780809,0.004843475,0.4,0.0,0.36765343,0.033110365,0.2773509,0.005712748,0.4,0.0,0.34920245,0.025391849
375316653866487564,5902178765828692480,0.46246466,2108.6963630009673,0.8177907392589561,7.856661E-5,18.602163,0.005479136,0.29771683,0.01571931,0.082219616,0.013131227,0.164328,0.039584566,0.77163047,0.005137341,0.064950496,0.011593304,0.09464247,0.018528227,null,null,null,null,"TWOGAUSSIANS",8,2.1353655,0.29771683,0.01571931,0.4,0.0,0.16389866,0.03981648,0.77163047,0.005137341,0.36372277,0.052019868,0.094213136,0.018999696
375316653866487564,5902178967662854912,0.46759287,2130.462577872903,2.667352350305795,4.0197614E-5,19.041096,0.011153544,0.13397664,0.0108346045,0.06642922,0.013905412,0.14398302,0.015018824,0.65099365,0.007624925,0.0825446,0.008811086,0.19818087,0.0154826455,null,null,null,null,"TWOGAUSSIANS",8,2.5906968,0.65099365,0.007624925,0.4,0.0,0.19735256,0.015120486,0.13397664,0.0108346045,0.37200364,0.05775134,0.14315473,0.01523683
375316653866487564,5902179796620779264,0.6122513,2065.4029704803747,1.3042548302225259,3.7764942E-6,14.83872,0.005638058,0.26828825,0.0010346372,0.09762827,0.0035328812,0.16833928,0.005091661,0.7677187,0.0015895218,0.11166113,0.004811451,0.17713624,0.0043737837,null,null,null,null,"TWOGAUSSIANS",8,8.227027,0.7677187,0.0015895218,0.4,0.0,0.15737686,0.0042926874,0.26828825,0.0010346372,0.4,0.0,0.14859492,0.0015516997
375316653866487564,5902180002779292416,0.60356843,2101.7197927297398,1.0447568402288208,9.740263E-6,16.432796,0.0050790277,0.2676631,8.290583E-4,0.045781005,0.0013172411,0.60449696,0.025226632,0.76952046,0.029779915,0.02950171,0.021141412,0.109676026,0.114105515,0.0282536,0.007452583,0.2676631,8.290583E-4,"TWOGAUSSIANS_WITH_ELLIPSOIDAL_ON_ECLIPSE1",9,21.178036,0.2676631,8.290583E-4,0.25637364,0.00737655,0.66100395,0.026791362,0.76952046,0.029614499,0.16520958,0.1183919,0.16617528,0.11485693
375316653866487564,5902180273332964992,0.4315536,2087.1484108391683,3.0279661741299795,2.3648387E-4,19.022121,0.0143234,0.23181531,0.026693674,0.06930669,0.034846745,0.111481726,0.03195086,0.7106563,0.02190048,0.06467291,0.02592903,0.15507272,0.055386037,null,null,null,null,"TWOGAUSSIANS",8,5.012088,0.7106563,0.02190048,0.36216828,0.12637971,0.15493754,0.055721577,0.23181531,0.026693674,0.38811743,0.16917843,0.11134654,0.03197046
375316653866487564,5902180960525421312,0.5076285,2083.8867141378023,2.322091432295634,3.2828542E-5,17.783203,0.0066184155,0.22712232,0.0041633616,0.022984872,0.0135369785,0.08376893,0.037952233,0.78698415,0.03242679,0.057619132,0.02299929,0.06767929,0.023888862,0.09518989,0.014305811,0.22712232,0.0041633616,"TWOGAUSSIANS_WITH_ELLIPSOIDAL_ON_ECLIPSE1",9,12.255126,0.22712232,0.0041633616,0.12871528,0.07580708,0.27414772,0.049178295,0.78698415,0.03242679,0.32266712,0.12879603,0.23237167,0.017494729
375316653866487564,5902180999211910912,0.56048596,2116.9720536169025,2.9774472850856877,1.6199876E-5,19.541971,0.012384442,0.23170488,0.002227816,0.049121343,0.0042697755,0.88207424,0.055229027,0.736192,0.0031280771,0.047736585,0.004239981,0.49853382,0.042379,null,null,null,null,"TWOGAUSSIANS",8,5.253791,0.23170488,0.002227816,0.27507952,0.023910744,0.8820725,0.055230517,0.736192,0.0031280771,0.26732486,0.023743896,0.49853212,0.042380173
375316653866487564,5902183851050929536,0.5482978,2131.6796028971175,3.263550668793495,1.3577011E-5,18.623352,0.012584173,0.22055711,0.0023615232,0.08303055,0.0051924093,0.2998829,0.014502271,0.7217969,0.0044519263,0.094639555,0.008184296,0.35253873,0.024861695,null,null,null,null,"TWOGAUSSIANS",8,2.8910377,0.7217969,0.0044519263,0.4,0.0,0.34034356,0.027642334,0.22055711,0.0023615232,0.4,0.0,0.28768834,0.013163036
375316653866487564,5902186050093386880,0.65529144,2118.517370825441,1.818782509685136,8.718875E-6,16.978214,0.003351506,0.27180886,0.0014882263,0.0495627,0.0016846642,0.36295542,0.010764334,0.77672625,0.0014814126,0.03305506,0.0033298451,0.057966173,0.007682915,0.033485312,0.0050555044,0.27180886,0.0014882263,"TWOGAUSSIANS_WITH_ELLIPSOIDAL_ON_ECLIPSE1",9,2.5978086,0.27180886,0.0014882263,0.2775511,0.00943412,0.42992482,0.0096288705,0.77672625,0.0014814126,0.18510833,0.018647132,0.12487166,0.0034953076
375316653866487564,5902187149586316544,0.4879915,2092.761456643866,2.8159239545368164,2.2642655E-5,19.59469,0.0051954235,null,null,null,null,null,null,null,null,null,null,null,null,0.110680394,0.0069016702,0.24836656,0.005709249,"ELLIPSOIDAL",4,1.5321337,null,null,null,null,null,null,null,null,null,null,null,null
375316653866487564,5902188111660119296,0.5215243,2113.1908944228344,0.6002906343574409,1.7224203E-5,18.084496,0.0040507326,0.2832614,7.878841E-4,0.032506913,0.0012856992,0.48882917,0.026594326,0.7840677,0.003497643,0.03400389,0.0024171798,0.12803897,0.009194843,null,null,null,null,"TWOGAUSSIANS",8,5.6895194,0.2832614,7.878841E-4,0.18203871,0.0071999156,0.48882917,0.026594326,0.7840677,0.003497643,0.19042179,0.013536206,0.12803897,0.009194843
375316653866487564,5902188176072879488,0.55277145,2110.5051247211354,2.670379890408367,8.772817E-6,18.796097,0.012434939,0.29753944,0.0031051624,0.08776996,0.005568222,0.34688962,0.014071898,0.80435336,0.00389246,0.08356078,0.0058668666,0.351451,0.021167839,null,null,null,null,"TWOGAUSSIANS",8,2.206237,0.80435336,0.00389246,0.4,0.0,0.34266594,0.02177648,0.29753944,0.0031051624,0.4,0.0,0.3381045,0.012826844
375316653866487564,5902188180397390848,0.5769286,2090.88839894987,3.758912319300645,1.2860622E-5,19.460928,0.008524644,0.25982442,0.0048168567,0.06667325,0.006079457,0.6099402,0.021806281,0.7503596,0.002455678,0.07399631,0.00262417,0.5720314,0.021438979,null,null,null,null,"TWOGAUSSIANS",8,2.0962007,0.25982442,0.0048168567,0.3733702,0.03404496,0.60827,0.02220071,0.7503596,0.002455678,0.4,0.0,0.5703612,0.02149811
