Gaia/vari_eclipsing_binary/VariEclipsingBinary_486328-486387.csv
# %ECSV 1.0
# ---
# delimiter: ','
# meta: !!omap
# - RELEASE: Gaia DR3
# - TABLE: vari_eclipsing_binary
# - DESCRIPTION: >
#     This table describes the properties of the eclipsing binaries resulting from the variability analysis. 
# - CITATION: >
#     How to cite and acknowledge Gaia: 
#     https://gea.esac.esa.int/archive/documentation/credits.html 
# - KNOWN_ISSUES: >
#     Known issues: 
#     https://www.cosmos.esa.int/web/gaia-users/known-issues 
# - DOCUMENTATION: >
#     Tutorials and documentation: 
#     https://www.cosmos.esa.int/web/gaia-users/archive 
# datatype:
# - 
#   name: solution_id
#   datatype: int64
#   description: Solution Identifier
#   meta:
#     ucd: meta.version
# - 
#   name: source_id
#   datatype: int64
#   description: Unique source identifier
#   meta:
#     ucd: meta.id;meta.main
# - 
#   name: global_ranking
#   datatype: float32
#   description: Number between 0 (worst) and 1 (best)
#   meta:
#     ucd: stat.param
# - 
#   name: reference_time
#   datatype: float64
#   unit: d
#   description: Reference time used for the geometric model fit
#   meta:
#     ucd: time.epoch
# - 
#   name: frequency
#   datatype: float64
#   unit: d**-1
#   description: Frequency of geometric model of the eclipsing binary light curve
#   meta:
#     ucd: src.orbital
# - 
#   name: frequency_error
#   datatype: float32
#   unit: d**-1
#   description: "Uncertainty of \\texttt{frequency}"
#   meta:
#     ucd: stat.error
# - 
#   name: geom_model_reference_level
#   datatype: float32
#   unit: mag
#   description: Magnitude reference level of geometric model
#   meta:
#     ucd: phot.mag;em.opt
# - 
#   name: geom_model_reference_level_error
#   datatype: float32
#   unit: mag
#   description: "Uncertainty of \\texttt{geomModelReferenceLevel}"
#   meta:
#     ucd: stat.error;phot.mag;em.opt
# - 
#   name: geom_model_gaussian1_phase
#   datatype: float32
#   description: Phase of the Gaussian 1 component
#   meta:
#     ucd: time.phase
# - 
#   name: geom_model_gaussian1_phase_error
#   datatype: float32
#   description: "Uncertainty of \\texttt{geomModelGaussian1Phase}"
#   meta:
#     ucd: stat.error;time.phase
# - 
#   name: geom_model_gaussian1_sigma
#   datatype: float32
#   description: "Standard deviation [phase] of Gaussian 1 component"
#   meta:
#     ucd: stat.stdev
# - 
#   name: geom_model_gaussian1_sigma_error
#   datatype: float32
#   description: "Uncertainty of \\texttt{geomModelGaussian1Sigma}"
#   meta:
#     ucd: stat.error
# - 
#   name: geom_model_gaussian1_depth
#   datatype: float32
#   unit: mag
#   description: Magnitude depth of Gaussian 1 component
#   meta:
#     ucd: src.var.amplitude
# - 
#   name: geom_model_gaussian1_depth_error
#   datatype: float32
#   unit: mag
#   description: "Uncertainty of \\texttt{geomModelGaussian1Depth}"
#   meta:
#     ucd: stat.error;src.var.amplitude
# - 
#   name: geom_model_gaussian2_phase
#   datatype: float32
#   description: Phase of Gaussian 2 component
#   meta:
#     ucd: time.phase
# - 
#   name: geom_model_gaussian2_phase_error
#   datatype: float32
#   description: "Uncertainty of \\texttt{geomModelGaussian2Phase}"
#   meta:
#     ucd: stat.error;time.phase
# - 
#   name: geom_model_gaussian2_sigma
#   datatype: float32
[...]
#   datatype: float32
#   description: "Secondary eclipse: uncertainty of \\texttt{derivedSecondaryEclDuration}"
#   meta:
#     ucd: stat.error;time.duration
# - 
#   name: derived_secondary_ecl_depth
#   datatype: float32
#   unit: mag
#   description: "Secondary eclipse: depth"
#   meta:
#     ucd: src.var.amplitude
# - 
#   name: derived_secondary_ecl_depth_error
#   datatype: float32
#   unit: mag
#   description: "Secondary eclipse: uncertainty of \\texttt{derivedSecondaryEclDepth}"
#   meta:
#     ucd: stat.error;src.var.amplitude
solution_id,source_id,global_ranking,reference_time,frequency,frequency_error,geom_model_reference_level,geom_model_reference_level_error,geom_model_gaussian1_phase,geom_model_gaussian1_phase_error,geom_model_gaussian1_sigma,geom_model_gaussian1_sigma_error,geom_model_gaussian1_depth,geom_model_gaussian1_depth_error,geom_model_gaussian2_phase,geom_model_gaussian2_phase_error,geom_model_gaussian2_sigma,geom_model_gaussian2_sigma_error,geom_model_gaussian2_depth,geom_model_gaussian2_depth_error,geom_model_cosine_half_period_amplitude,geom_model_cosine_half_period_amplitude_error,geom_model_cosine_half_period_phase,geom_model_cosine_half_period_phase_error,model_type,num_model_parameters,reduced_chi2,derived_primary_ecl_phase,derived_primary_ecl_phase_error,derived_primary_ecl_duration,derived_primary_ecl_duration_error,derived_primary_ecl_depth,derived_primary_ecl_depth_error,derived_secondary_ecl_phase,derived_secondary_ecl_phase_error,derived_secondary_ecl_duration,derived_secondary_ecl_duration_error,derived_secondary_ecl_depth,derived_secondary_ecl_depth_error
[from data line 489]
375316653866487564,4278240979669120512,0.53486234,2339.6615464856386,3.4228541954448786,2.4266543E-5,19.133184,0.011402767,0.21231207,0.0033832467,0.07272761,0.004523874,0.34089577,0.019821182,0.7135273,0.0044446145,0.079208784,0.008906108,0.374132,0.035480257,null,null,null,null,"TWOGAUSSIANS",8,2.214542,0.7135273,0.0044446145,0.4,0.0,0.37103263,0.037096508,0.21231207,0.0033832467,0.4,0.004043316,0.3377964,0.019469261
375316653866487564,4278241009730135680,0.4708073,2310.6947228593503,2.902993898520541,4.3849366E-5,19.27081,0.052093994,0.22254582,0.01230276,0.08765858,0.021352105,0.29394048,0.050740026,0.69254965,0.006984834,0.08760648,0.024312656,0.27486593,0.038781393,null,null,null,null,"TWOGAUSSIANS",8,5.2907457,0.22254582,0.01229467,0.4,0.0,0.28806496,0.029579049,0.69254965,0.006984834,0.4,0.0,0.26899043,0.026065666
375316653866487564,4278241731284726528,0.54627573,2269.597206852886,2.6645093272448452,1.5276606E-5,16.852743,0.044982556,0.41736636,0.12314727,0.11971267,0.27888542,0.02527391,0.04387701,0.6166808,0.0011141265,0.046843093,0.003814163,0.5530082,0.062480487,null,null,null,null,"TWOGAUSSIANS",8,23.05948,0.6166808,0.0011141265,0.26232132,0.021359311,0.5593202,0.07743382,0.42253637,0.462726,0.4,0.0,0.025345081,1.283358
375316653866487564,4278241804308755200,0.605319,2283.302092082842,2.3133706086920416,1.0916471E-5,16.139051,0.009725177,0.28566352,0.0019092703,0.06630909,0.013197872,0.084396996,0.019972524,0.78539467,0.003441419,0.048673946,0.0060521276,0.101768866,0.021931618,0.08592814,0.010559834,0.28566352,0.0019092703,"TWOGAUSSIANS_WITH_ELLIPSOIDAL_ON_ECLIPSE1",9,8.389841,0.78545463,0.0029041064,0.2725741,0.033891913,0.2735552,0.0039463975,0.28566352,0.0019092703,0.3713309,0.073553085,0.25618368,0.010521873
375316653866487564,4278242869450779520,0.6045968,2302.247838751887,3.0995105014275977,7.125414E-6,18.087564,0.010902053,0.24156979,0.0028282774,0.054289043,0.008025419,0.34348947,0.04622986,0.7465376,0.0029268789,0.04392711,0.0052985633,0.33058792,0.025368385,0.107233465,0.013965626,0.24156979,0.0028282774,"TWOGAUSSIANS_WITH_ELLIPSOIDAL_ON_ECLIPSE1",9,5.82262,0.24156979,0.0028282774,0.30401865,0.044942345,0.55794775,0.04380423,0.7465376,0.0029268789,0.24599183,0.029671954,0.5448373,0.017804483
375316653866487564,4278243728454622080,0.48060012,2269.2860330881767,2.6078721466875585,1.3671244E-4,15.688091,0.0080881445,0.29845136,0.010371469,0.08495334,0.011035687,0.09226586,0.009601703,0.7668503,0.012122341,0.10591109,0.016181681,0.075231425,0.012666087,null,null,null,null,"TWOGAUSSIANS",8,39.77151,0.29846135,0.0103727775,0.4,0.0,0.08889477,0.00727199,0.7668503,0.012122341,0.4,0.0,0.07185585,0.011784839
375316653866487564,4278243792862796544,0.63999295,2244.844188574345,2.6006501876078705,9.161281E-6,17.013184,0.015942864,0.23525234,0.0018550827,0.045461778,0.005421837,0.322575,0.038633835,0.7295562,0.022450546,0.055125237,0.01151742,0.35879898,0.034861103,0.115258366,0.017070374,0.23525234,0.0018550827,"TWOGAUSSIANS_WITH_ELLIPSOIDAL_ON_ECLIPSE1",9,5.598193,0.73031616,0.01843412,0.3087013,0.06449755,0.5890514,0.013862142,0.23525234,0.0018550827,0.25458595,0.030362288,0.5530832,0.0321882
375316653866487564,4278245961837605248,0.53482544,2313.136125392196,2.905897785844594,3.0375959E-5,15.872553,0.046817474,0.23461746,0.0040154783,0.10883555,0.017545715,0.2551559,0.04421655,0.7261328,0.010514547,0.1148263,0.020867761,0.23759122,0.04609028,null,null,null,null,"TWOGAUSSIANS",8,60.609432,0.23463745,0.004036974,0.4,0.0,0.21810526,0.012260168,0.7261328,0.010514547,0.4,0.0,0.20051669,0.016301112
375316653866487564,4278247473653163264,0.50167805,2266.2446152669777,2.525828012835662,2.0804879E-5,17.380081,0.07181449,0.34892553,0.006327433,0.093620375,0.02884824,0.3585689,0.044209693,0.8360113,0.009619278,0.091748446,0.02517177,0.2987426,0.06513966,null,null,null,null,"TWOGAUSSIANS",8,25.802814,0.34892553,0.0063271103,0.4,0.0,0.34432578,0.04285595,0.8360113,0.009619278,0.4,0.0,0.28449976,0.03479922
375316653866487564,4278247606800999168,0.5655024,2271.779146193598,3.1081327376049277,1.9594007E-5,17.286367,0.03026159,0.26292577,0.008383053,0.06989218,0.01654575,0.12964109,0.059956677,0.7348248,0.0032639736,0.04685286,0.0155651085,0.38602263,0.03311595,0.038130604,0.030497191,0.26292577,0.008383053,"TWOGAUSSIANS_WITH_ELLIPSOIDAL_ON_ECLIPSE1",9,19.103199,0.73573476,0.003387717,0.262376,0.08716461,0.45979986,0.05179234,0.26292577,0.008383053,0.39139625,0.07841673,0.20569548,0.013164825
375316653866487564,4278247989062278784,0.69716513,2303.819735422407,0.16266088959829025,1.0415632E-6,14.405319,0.001994245,0.11749699,8.2072546E-7,0.007074925,1.6615508E-5,0.6471554,0.0018339341,0.6169771,2.7389153E-6,0.008709569,3.8910937E-5,0.6650812,2.0874212E-4,null,null,null,null,"TWOGAUSSIANS",8,51.511265,0.6169771,2.7389153E-6,0.04877359,2.1790125E-4,0.6650812,2.0874212E-4,0.11749699,8.2072546E-7,0.03961958,9.304684E-5,0.6471554,0.0018339341
375316653866487564,4278248568867131520,0.44270432,2292.5590252733437,1.1919606485754772,2.5492229E-5,19.215328,0.010788033,0.23472233,0.005841892,0.018973045,0.0036144718,0.08563531,0.017643766,0.56638765,0.018138893,0.13360083,0.01879965,0.12968054,0.018907623,null,null,null,null,"TWOGAUSSIANS",8,2.6968644,0.56638765,0.018138893,0.4,0.0,0.12944476,0.01890141,0.23519233,0.006033254,0.10624905,0.020241043,0.09137742,0.018287782
375316653866487564,4278248740665788544,0.53162265,2276.2963279474952,3.495656724549365,4.287308E-5,18.638752,0.016666818,0.3151744,0.005956451,0.09787088,0.010000229,0.2672543,0.02352733,0.8186164,0.0045006936,0.0933075,0.008059372,0.26278225,0.01896868,null,null,null,null,"TWOGAUSSIANS",8,2.4131968,0.3151744,0.005956451,0.4,0.0,0.25071856,0.0228784,0.8186164,0.0045006936,0.4,0.0,0.24624738,0.015797134
375316653866487564,4278249603970144256,0.6091877,2333.395257653504,2.5537931227033503,5.8554037E-6,18.229168,0.0040288293,0.26031467,0.0014663021,0.02698055,0.0029504674,0.25945827,0.038904794,0.7595107,6.4554205E-4,0.029371375,5.273782E-4,0.6062715,0.014107335,0.04897598,0.0075379713,0.26031467,0.0014663021,"TWOGAUSSIANS_WITH_ELLIPSOIDAL_ON_ECLIPSE1",9,4.2077723,0.7595207,6.3604664E-4,0.1644797,0.002953318,0.70422083,0.011824697,0.26031467,0.0014663021,0.15109108,0.016522618,0.35741007,0.044272665
375316653866487564,4278250493012779648,0.5283775,2309.5247512950136,2.688159972099339,3.120848E-5,18.60549,0.007289874,0.21102904,0.011760557,0.049473375,0.0052980576,0.43781063,0.13268624,0.7105215,0.0043911114,0.05358066,0.0030189,0.37686554,0.01826772,null,null,null,null,"TWOGAUSSIANS",8,5.8716903,0.21102904,0.011760557,0.27705088,0.02966912,0.43780452,0.13268739,0.7105215,0.0043911114,0.3000517,0.01690584,0.37685943,0.018267604
375316653866487564,4278250875280340224,0.47267804,2285.2457199299515,2.864792003141563,2.267867E-5,16.1077,0.0029458546,0.68017143,0.00523487,0.022202943,0.023942003,0.012130341,1563876.5,null,null,null,null,null,null,0.056430865,0.0046856245,0.68017143,0.00523487,"ONEGAUSSIAN_WITH_ELLIPSOIDAL",6,28.304104,0.68017143,0.00523487,0.12433648,0.13407521,0.12499181,1563876.5,null,null,null,null,null,null
375316653866487564,4278251562462729472,0.50361043,2307.438350494446,3.333008893204394,5.475528E-5,18.859499,0.32347107,0.27839857,0.016211238,0.101302676,0.03731178,0.32905483,0.28058076,0.7484212,0.014439645,0.13022484,0.05988226,0.35639924,0.32584095,null,null,null,null,"TWOGAUSSIANS",8,4.972267,0.7484212,0.014439645,0.4,0.0,0.30671954,0.022959998,0.2787686,0.014858271,0.4,0.0,0.27998888,0.0161505
375316653866487564,4278252524547641984,0.4888111,2224.243528726005,0.20570904721240452,1.30372E-4,16.917032,0.0068021333,0.47768137,0.0041623837,0.06933012,0.0042351694,0.23735377,0.009838185,null,null,null,null,null,null,null,null,null,null,"ONEGAUSSIAN",5,28.187632,0.47768137,0.0041623837,0.38824865,0.023098005,0.23735377,0.0,null,null,null,null,null,null
375316653866487564,4278252829481233152,0.54071176,2244.34048019384,2.715575984366126,8.105449E-6,16.34138,0.0036370617,0.26067796,0.0066233817,0.051392734,0.0075944895,0.14881682,0.0062984326,0.7533959,0.005778458,0.05132902,0.0057978155,0.105586015,0.024005128,null,null,null,null,"TWOGAUSSIANS",8,6.73939,0.26067796,0.0066233817,0.2877993,0.042529143,0.14881556,0.0063014845,0.7533959,0.005778458,0.28744254,0.032467768,0.10558475,0.02400676
375316653866487564,4278254036363215488,0.42489615,2355.5065613099932,0.1902799072598439,5.5340275E-5,18.557365,0.29161534,0.124782935,0.014827927,0.0689494,0.01503117,0.1206296,0.058090907,0.5629486,0.019499566,0.24401404,0.14369152,0.29294923,0.2825192,null,null,null,null,"TWOGAUSSIANS",8,5.0559645,0.5629486,0.019499566,0.4,0.0,0.19524544,0.029751353,0.13575293,0.012754403,0.38611665,0.07590844,0.10318409,0.036373418
375316653866487564,4278254753620701440,0.5275403,2238.4887670401977,0.4554151122740787,7.435511E-5,19.124397,0.00749458,0.48443902,0.010267682,0.15738194,0.01024578,0.23746864,0.011951903,0.75824636,0.016487306,0.04612816,0.022409441,0.1417062,0.01255002,null,null,null,null,"TWOGAUSSIANS",8,1.4599553,0.48443902,0.010269251,0.4,0.0,0.23441333,0.0121272085,0.75824636,0.016487306,0.2583177,0.12549287,0.19093825,0.02661642
375316653866487564,4278256991301073792,0.46435595,2315.281595644537,3.654251536823712,1.5209986E-5,19.15999,0.065734565,0.32355124,0.009036667,0.12826945,0.02347307,0.2666057,0.06649703,0.7928021,0.0061803935,0.12004773,0.019971345,0.22955209,0.06432506,null,null,null,null,"TWOGAUSSIANS",8,1.5737675,0.32374123,0.008742586,0.4,0.0,0.21624906,0.024708088,0.7928021,0.0061803935,0.4,0.0,0.17945366,0.011646369
375316653866487564,4278257296247241088,0.5002992,2293.8804399899427,1.2277235619675726,2.1954445E-5,17.006277,0.005483111,0.24927351,0.0040215645,0.09747364,0.009827333,0.061498407,0.005142652,0.7337746,0.032328527,0.11000529,0.047130868,0.018388862,0.005997191,null,null,null,null,"TWOGAUSSIANS",8,1.2555381,0.24927351,0.004022352,0.4,0.0,0.05866512,0.0031641661,0.7337746,0.032328527,0.4,0.0,0.015554448,0.0034418812
375316653866487564,4278258640581303808,0.5664306,2285.0615578415955,1.7937799663635234,1.07788765E-5,15.666318,0.010194127,0.30628437,0.003041107,0.098333105,0.008020574,0.14539163,0.009619444,0.80457324,0.00397006,0.10121398,0.00887691,0.14689283,0.0115535045,null,null,null,null,"TWOGAUSSIANS",8,12.734392,0.80457324,0.00397006,0.4,0.0,0.13450211,0.010810134,0.30628437,0.003041107,0.4,0.0,0.13300169,0.004593827
375316653866487564,4278259671373808768,0.49386045,2287.4539610330003,2.0844508671571838,8.72728E-6,11.425687,0.012667703,0.2612465,0.0015198849,0.11048801,0.0104131065,0.10501136,0.012085667,0.7632891,0.011046113,0.11765907,0.01971645,0.10888047,0.012878199,null,null,null,null,"TWOGAUSSIANS",8,10.983948,0.7632891,0.011046113,0.4,0.0,0.08989216,0.0013481408,0.2612365,0.0015138398,0.4,0.0,0.08604168,0.0024675403
375316653866487564,4278262351421337600,0.4156555,2333.4638189510624,3.6001421492992463,3.2225136E-5,18.282326,0.019158453,0.2594502,0.021632783,0.12583242,0.040051438,0.05769617,0.019204708,0.77747786,0.007998584,0.06950666,0.014413321,0.0930071,0.022373531,null,null,null,null,"TWOGAUSSIANS",8,4.8983974,0.77751786,0.008075468,0.3892373,0.06478088,0.08924137,0.016873157,0.2594502,0.021632783,0.4,0.0,0.05388076,0.010988385
375316653866487564,4278263107335716608,0.5916009,2346.5954821510495,3.6808774793219103,9.09994E-6,18.809368,0.0041714697,0.24843141,0.0030378962,0.076090194,0.0030752674,0.4491268,0.026357308,0.74267995,0.0029501421,0.071273826,0.0031988593,0.49113917,0.021930361,null,null,null,null,"TWOGAUSSIANS",8,1.5135726,0.74267995,0.0029501421,0.39913344,0.012987266,0.48854405,0.022340536,0.24843141,0.0030378962,0.4,0.0,0.44653168,0.026852952
375316653866487564,4278263210426660608,0.7259038,2412.3900559890008,0.010665858716251338,1.1687412E-5,14.423808,8.333328E-4,0.29526633,0.0026920545,0.0025287953,0.0022220477,0.016036343,0.07177681,0.8593834,4.58743E-6,3.2875405E-4,6.847318E-6,0.7915369,0.02236912,0.0018413861,9.938839E-4,0.29526633,0.0026920545,"TWOGAUSSIANS_WITH_ELLIPSOIDAL_ON_ECLIPSE1",9,9.036595,0.8593834,4.58743E-6,0.0018410227,3.834498E-5,0.7946536,0.022382293,0.29526633,0.0026920545,0.014161253,0.012443466,0.019719109,0.07196658
375316653866487564,4278265065842977152,0.4430036,2336.975294326345,1.549828709927139,2.3484569E-4,18.516624,0.007167438,0.20730813,0.009492449,0.058421,0.009160792,0.09499085,0.008397186,0.69168305,0.025344063,0.053037837,0.04442489,0.09186281,0.033492066,null,null,null,null,"TWOGAUSSIANS",8,6.161629,0.20730813,0.009492449,0.32715762,0.05130044,0.09498664,0.0082122935,0.69168305,0.025344063,0.29701188,0.17224228,0.0918586,0.033773664
375316653866487564,4278265164621799296,0.5296852,2339.944136933232,2.889065861536691,2.4485413E-5,18.926395,0.018707678,0.25712258,0.0059132753,0.039264116,0.008659553,0.13465412,0.05845577,0.7500596,0.019884223,0.036998063,0.026537364,0.12162323,0.027408136,0.131209,0.023722945,0.25712258,0.0059132753,"TWOGAUSSIANS_WITH_ELLIPSOIDAL_ON_ECLIPSE1",9,4.5379715,0.25712258,0.0059132753,0.21987906,0.048493493,0.39707196,0.03694596,0.7513996,0.012316866,0.20718916,0.14860924,0.38362217,0.04251045
375316653866487564,4278265198981588736,0.53898615,2297.1066527533526,3.422741857634731,1.1241339E-5,17.501482,0.3927678,0.22686131,0.0045621856,0.13530067,0.05438885,0.24019061,0.31359982,0.7240135,0.004702287,0.16106896,0.100107506,0.25537348,0.38417274,null,null,null,null,"TWOGAUSSIANS",8,2.5597014,0.7240135,0.004702287,0.4,0.0,0.13868625,0.0067650024,0.22719131,0.00431941,0.4,0.0,0.12711544,0.0054569235
375316653866487564,4278265581237042944,0.543144,2331.3458528904125,3.849096080786139,3.3305358E-5,19.89189,0.023585085,0.25382382,0.0025470702,0.06987735,0.0047433963,0.53753084,0.019006075,0.7557113,0.011762131,0.07512497,0.0107237,0.675969,0.05405897,null,null,null,null,"TWOGAUSSIANS",8,2.3355174,0.7557113,0.011762131,0.4,0.006596946,0.6729407,0.05480284,0.25382382,0.0025470702,0.39131317,0.021082288,0.5345025,0.016701661
375316653866487564,4278267191851007872,0.71001756,2306.5656558183196,1.6190079457197164,4.1994845E-6,15.853307,0.0047814585,0.24060538,9.197669E-4,0.05410966,0.0024880576,0.22919615,0.014106708,0.7411715,0.001980914,0.050879795,0.0032240036,0.2730582,0.0076819058,0.110334314,0.0052655465,0.24060538,9.197669E-4,"TWOGAUSSIANS_WITH_ELLIPSOIDAL_ON_ECLIPSE1",9,5.398159,0.7411715,0.0017935642,0.28492686,0.01805442,0.4937171,0.0074137654,0.24060538,9.197669E-4,0.30301407,0.013933122,0.44985783,0.009542657
375316653866487564,4278268325717981312,0.4850286,2309.506747063345,2.9974389812106703,2.2611055E-5,18.510199,0.020299904,0.18705195,0.0034593442,0.08091687,0.009624036,0.2704558,0.0194767,0.70268947,0.014473532,0.09815541,0.024496663,0.25066528,0.019186988,null,null,null,null,"TWOGAUSSIANS",8,8.069178,0.18705195,0.0034575309,0.4,0.0,0.2622908,0.01791526,0.70268947,0.014473532,0.4,0.0,0.24249873,0.024028629
375316653866487564,4278268398736211968,0.5299973,2326.1901497542513,3.235737290641673,8.096936E-6,19.275826,0.020125018,0.27971047,0.0025986277,0.086295895,0.00515149,0.46299845,0.019956786,0.7738218,0.0054690144,0.0955118,0.008586497,0.40981045,0.02209849,null,null,null,null,"TWOGAUSSIANS",8,1.695471,0.27971047,0.0025986277,0.4,0.0,0.44494614,0.01557602,0.7738218,0.0054690144,0.4,0.0,0.39175725,0.018751362
