Gaia/vari_eclipsing_binary/VariEclipsingBinary_674375-674389.csv
# %ECSV 1.0
# ---
# delimiter: ','
# meta: !!omap
# - RELEASE: Gaia DR3
# - TABLE: vari_eclipsing_binary
# - DESCRIPTION: >
#     This table describes the properties of the eclipsing binaries resulting from the variability analysis. 
# - CITATION: >
#     How to cite and acknowledge Gaia: 
#     https://gea.esac.esa.int/archive/documentation/credits.html 
# - KNOWN_ISSUES: >
#     Known issues: 
#     https://www.cosmos.esa.int/web/gaia-users/known-issues 
# - DOCUMENTATION: >
#     Tutorials and documentation: 
#     https://www.cosmos.esa.int/web/gaia-users/archive 
# datatype:
# - 
#   name: solution_id
#   datatype: int64
#   description: Solution Identifier
#   meta:
#     ucd: meta.version
# - 
#   name: source_id
#   datatype: int64
#   description: Unique source identifier
#   meta:
#     ucd: meta.id;meta.main
# - 
#   name: global_ranking
#   datatype: float32
#   description: Number between 0 (worst) and 1 (best)
#   meta:
#     ucd: stat.param
# - 
#   name: reference_time
#   datatype: float64
#   unit: d
#   description: Reference time used for the geometric model fit
#   meta:
#     ucd: time.epoch
# - 
#   name: frequency
#   datatype: float64
#   unit: d**-1
#   description: Frequency of geometric model of the eclipsing binary light curve
#   meta:
#     ucd: src.orbital
# - 
#   name: frequency_error
#   datatype: float32
#   unit: d**-1
#   description: "Uncertainty of \\texttt{frequency}"
#   meta:
#     ucd: stat.error
# - 
#   name: geom_model_reference_level
#   datatype: float32
#   unit: mag
#   description: Magnitude reference level of geometric model
#   meta:
#     ucd: phot.mag;em.opt
# - 
#   name: geom_model_reference_level_error
#   datatype: float32
#   unit: mag
#   description: "Uncertainty of \\texttt{geomModelReferenceLevel}"
#   meta:
#     ucd: stat.error;phot.mag;em.opt
# - 
#   name: geom_model_gaussian1_phase
#   datatype: float32
#   description: Phase of the Gaussian 1 component
#   meta:
#     ucd: time.phase
# - 
#   name: geom_model_gaussian1_phase_error
#   datatype: float32
#   description: "Uncertainty of \\texttt{geomModelGaussian1Phase}"
#   meta:
#     ucd: stat.error;time.phase
# - 
#   name: geom_model_gaussian1_sigma
#   datatype: float32
#   description: "Standard deviation [phase] of Gaussian 1 component"
#   meta:
#     ucd: stat.stdev
# - 
#   name: geom_model_gaussian1_sigma_error
#   datatype: float32
#   description: "Uncertainty of \\texttt{geomModelGaussian1Sigma}"
#   meta:
#     ucd: stat.error
# - 
#   name: geom_model_gaussian1_depth
#   datatype: float32
#   unit: mag
#   description: Magnitude depth of Gaussian 1 component
#   meta:
#     ucd: src.var.amplitude
# - 
#   name: geom_model_gaussian1_depth_error
#   datatype: float32
#   unit: mag
#   description: "Uncertainty of \\texttt{geomModelGaussian1Depth}"
#   meta:
#     ucd: stat.error;src.var.amplitude
# - 
#   name: geom_model_gaussian2_phase
#   datatype: float32
#   description: Phase of Gaussian 2 component
#   meta:
#     ucd: time.phase
# - 
#   name: geom_model_gaussian2_phase_error
#   datatype: float32
#   description: "Uncertainty of \\texttt{geomModelGaussian2Phase}"
#   meta:
#     ucd: stat.error;time.phase
# - 
#   name: geom_model_gaussian2_sigma
#   datatype: float32
[...]
#   datatype: float32
#   description: "Secondary eclipse: uncertainty of \\texttt{derivedSecondaryEclDuration}"
#   meta:
#     ucd: stat.error;time.duration
# - 
#   name: derived_secondary_ecl_depth
#   datatype: float32
#   unit: mag
#   description: "Secondary eclipse: depth"
#   meta:
#     ucd: src.var.amplitude
# - 
#   name: derived_secondary_ecl_depth_error
#   datatype: float32
#   unit: mag
#   description: "Secondary eclipse: uncertainty of \\texttt{derivedSecondaryEclDepth}"
#   meta:
#     ucd: stat.error;src.var.amplitude
solution_id,source_id,global_ranking,reference_time,frequency,frequency_error,geom_model_reference_level,geom_model_reference_level_error,geom_model_gaussian1_phase,geom_model_gaussian1_phase_error,geom_model_gaussian1_sigma,geom_model_gaussian1_sigma_error,geom_model_gaussian1_depth,geom_model_gaussian1_depth_error,geom_model_gaussian2_phase,geom_model_gaussian2_phase_error,geom_model_gaussian2_sigma,geom_model_gaussian2_sigma_error,geom_model_gaussian2_depth,geom_model_gaussian2_depth_error,geom_model_cosine_half_period_amplitude,geom_model_cosine_half_period_amplitude_error,geom_model_cosine_half_period_phase,geom_model_cosine_half_period_phase_error,model_type,num_model_parameters,reduced_chi2,derived_primary_ecl_phase,derived_primary_ecl_phase_error,derived_primary_ecl_duration,derived_primary_ecl_duration_error,derived_primary_ecl_depth,derived_primary_ecl_depth_error,derived_secondary_ecl_phase,derived_secondary_ecl_phase_error,derived_secondary_ecl_duration,derived_secondary_ecl_duration_error,derived_secondary_ecl_depth,derived_secondary_ecl_depth_error
[from data line 148]
375316653866487564,5931891418310430976,0.6128095,2183.869642702794,2.866019050585897,6.4657333E-6,18.26435,0.010977265,0.28130624,0.00405934,0.048338342,0.014000168,0.41333535,0.1108696,0.7836607,0.0024167441,0.045966774,0.0036543536,0.298434,0.026578328,0.13195036,0.018552832,0.28130624,0.00405934,"TWOGAUSSIANS_WITH_ELLIPSOIDAL_ON_ECLIPSE1",9,3.5364866,0.28130624,0.00405934,0.2706947,0.07840094,0.6772348,0.12101382,0.7836607,0.0021968628,0.25741392,0.02046438,0.56227577,0.012598364
375316653866487564,5931891590154274816,0.4615295,2210.5169327427648,0.13710201473228648,8.263033E-5,19.32969,0.031085853,0.31275496,0.026799481,0.031191703,0.0279865,0.20522207,0.12348444,0.67945313,0.017640522,0.15170988,0.028409895,0.21421754,0.03103533,null,null,null,null,"TWOGAUSSIANS",8,3.3791978,0.31363496,0.02558011,0.17467353,0.1567244,0.21498312,0.12433896,0.67945313,0.017640522,0.4,0.0,0.21232331,0.027199661
375316653866487564,5931891658874125056,0.49393412,2219.7167124042626,2.501125600025053,1.8573914E-5,17.15942,0.02532013,0.2136253,0.0059417402,0.109579764,0.02487265,0.09860394,0.02351037,0.70888734,0.00724678,0.10095406,0.022482447,0.10059389,0.024943179,null,null,null,null,"TWOGAUSSIANS",8,6.449487,0.70888734,0.00724678,0.4,0.0,0.089366,0.013251152,0.2136253,0.0059391414,0.4,0.0,0.08737097,0.005859995
375316653866487564,5931891761953348736,0.44154382,2235.190585364033,1.6461470585472928,4.880933E-5,18.291866,0.28291368,0.25687987,0.019495351,0.14292622,0.13124725,0.16556327,0.27873197,0.76909983,0.01265415,0.08849158,0.035820156,0.21543346,0.1588536,null,null,null,null,"TWOGAUSSIANS",8,8.634627,0.76927984,0.013331255,0.4,0.0,0.18593206,0.025268542,0.25687987,0.019496733,0.4,0.0,0.13530278,0.018454708
375316653866487564,5931891791956930816,0.5037596,2217.7349427955346,2.3519462184625186,2.9467985E-5,18.677626,0.0044012372,0.2389943,0.0050163367,0.06574523,0.018854488,0.04035033,0.009891038,null,null,null,null,null,null,0.062230173,0.005000161,0.2389943,0.0050163367,"ONEGAUSSIAN_WITH_ELLIPSOIDAL",6,2.2197855,0.2389943,0.0050163367,0.36817324,0.095888264,0.16478144,0.0070995837,null,null,null,null,null,null
375316653866487564,5931891830672838784,0.5723653,2214.441118936902,3.8882310848048713,5.006718E-6,18.022099,0.012626522,0.18612745,0.006992667,0.04914346,0.009549656,0.1953384,0.032782234,0.697525,0.0044595995,0.04369923,0.0048913,0.24934112,0.026792351,0.112919785,0.017295431,0.697525,0.0044595995,"TWOGAUSSIANS_WITH_ELLIPSOIDAL_ON_ECLIPSE2",9,6.5430655,0.697525,0.0044595995,0.24471569,0.027391281,0.47518048,0.018971605,0.18818745,0.005129728,0.27520338,0.05347807,0.42022973,0.025459312
375316653866487564,5931891929397963008,0.5773948,2212.507234743176,0.8836432651853626,5.817868E-6,18.468334,0.0038633093,0.25622815,0.015399193,0.039163914,0.0056656315,0.058966454,0.015549536,0.7311152,7.190294E-4,0.038513623,6.143055E-4,0.954768,0.017209733,null,null,null,null,"TWOGAUSSIANS",8,3.9868636,0.7311152,7.190294E-4,0.2156763,0.0034401107,0.954768,0.017209733,0.25622815,0.015399193,0.21931791,0.031727538,0.058966454,0.015549536
375316653866487564,5931892002471571200,0.5944045,2220.790485731384,1.6664065593434683,7.795629E-6,15.210716,0.097716704,0.13585292,0.0032630751,0.14655542,0.029020026,0.29345036,0.09664912,0.6342568,0.0017424041,0.12193282,0.013966955,0.35317773,0.08994026,null,null,null,null,"TWOGAUSSIANS",8,16.728907,0.6342568,0.0017424041,0.4,0.0,0.24464379,0.00404508,0.13587293,0.0033138792,0.4,0.0,0.1833311,0.0034632748
375316653866487564,5931892066836892672,0.48787406,2221.214660923908,3.071663014095155,2.9529285E-5,18.55326,0.03541002,0.27178115,0.009154404,0.11343488,0.02560496,0.17248614,0.033246763,0.7687577,0.0078107715,0.092569746,0.017883183,0.18659455,0.033855326,null,null,null,null,"TWOGAUSSIANS",8,4.5139046,0.7687577,0.007809908,0.4,0.0,0.16861351,0.012429466,0.27178115,0.009156176,0.4,0.0,0.1544843,0.013668582
375316653866487564,5931892066836903936,0.43491462,2206.088584434603,1.0761566391290018,1.9011717E-5,18.975836,0.009516835,0.21090949,0.0012392304,0.014963434,0.0015167241,0.39453903,0.046837546,0.6114318,0.066314854,0.026505299,0.041791923,0.27722123,0.941459,null,null,null,null,"TWOGAUSSIANS",8,8.728192,0.21090949,0.0012392304,0.08379523,0.008493655,0.39453903,0.046837546,0.6114318,0.066314854,0.14842968,0.23403476,0.27722123,0.941459
375316653866487564,5931892174270227968,0.4627957,2225.449921745117,2.6714864702196337,8.318751E-5,17.339981,0.05096731,0.2788004,0.008935746,0.08727787,0.03322641,0.15575545,0.03713633,0.76067436,0.018620025,0.10572561,0.04470443,0.11208545,0.053368416,null,null,null,null,"TWOGAUSSIANS",8,16.826244,0.2788104,0.008926021,0.4,0.0,0.14874569,0.024633395,0.76067436,0.018620025,0.4,0.0,0.10507159,0.011271324
375316653866487564,5931892341712718464,0.4335841,2179.4456969391777,2.7219591207947085,6.31253E-5,18.985106,0.0133825205,0.27663654,0.007617955,0.07384805,0.01086055,0.123573326,0.018948575,0.8050717,0.02264336,0.042750336,0.044068743,0.16542253,0.062207066,null,null,null,null,"TWOGAUSSIANS",8,6.0913477,0.8050717,0.02264336,0.23940188,0.23581216,0.16541336,0.06274513,0.27663654,0.007617955,0.4,0.019803686,0.12356416,0.018626552
375316653866487564,5931892376072432128,0.573322,2206.39282272922,2.571879722732808,8.3798495E-6,17.597153,0.007052068,0.25883344,0.0027116288,0.09170308,0.003609252,0.3188261,0.0072614164,0.77023375,0.00651854,0.08820843,0.006668824,0.16477956,0.008722365,null,null,null,null,"TWOGAUSSIANS",8,3.362234,0.25883344,0.0027116288,0.4,0.0,0.3107634,0.0051057143,0.77023375,0.00651854,0.4,0.0,0.15671706,0.0058603473
375316653866487564,5931892414745540736,0.48658845,2181.860862571581,2.5120002581331846,2.1223868E-5,19.43611,0.006017957,0.26503062,0.007728244,0.06351485,0.0072739082,0.15254124,0.014203053,0.7642974,0.004226281,0.063519426,0.004383381,0.28789485,0.010451178,null,null,null,null,"TWOGAUSSIANS",8,1.7645729,0.7642974,0.004226281,0.3557088,0.024546934,0.28771824,0.01042324,0.26503062,0.007728244,0.35568315,0.040733885,0.15236463,0.014230772
375316653866487564,5931892444794020864,0.47337967,2220.5198206062846,0.5600026058869793,4.5461715E-5,19.371439,0.028660437,0.50302804,0.0035215754,0.005776742,0.0023123585,1.7301005,0.25432202,0.846013,0.009788554,0.03757628,0.013929333,0.4042003,0.08113226,0.089132644,0.042983916,0.846013,0.009788554,"TWOGAUSSIANS_WITH_ELLIPSOIDAL_ON_ECLIPSE2",9,61.55718,0.50300807,0.0035413438,0.032349754,0.012949208,1.7843437,0.25511715,0.846013,0.009788554,0.21042718,0.07800426,0.5824655,0.07417816
375316653866487564,5931892719671898752,0.5633159,2216.5562854187538,1.4779016307481165,1.5036848E-5,18.263195,0.00471329,0.28649825,0.0023347887,0.061463445,0.0035173432,0.34465328,0.01052339,0.7829875,0.0058639324,0.061503254,0.006434502,0.13807544,0.023931617,null,null,null,null,"TWOGAUSSIANS",8,3.8763292,0.28649825,0.0023347887,0.34419528,0.019697122,0.34455413,0.010543284,0.7829875,0.0058639324,0.34441823,0.03603321,0.1379763,0.023971677
375316653866487564,5931892788391360128,0.5537325,2206.5397283487637,2.449506376423712,1.9381212E-5,18.370129,0.017880766,0.29342717,0.005018768,0.049547426,0.004283656,0.3445747,0.049681757,0.792811,0.0038402893,0.042338863,0.005140354,0.3945769,0.072568655,0.11895702,0.024328606,0.29342717,0.005018768,"TWOGAUSSIANS_WITH_ELLIPSOIDAL_ON_ECLIPSE1",9,17.60377,0.7928609,0.0036208753,0.23709762,0.028785983,0.6324865,0.039416716,0.29342717,0.005018768,0.27746558,0.023988474,0.5824876,0.022201415
375316653866487564,5931893819156609280,0.54317963,2206.6088608438804,1.9355753496777337,1.5530908E-5,16.682047,0.00805159,0.2151273,0.0029472744,0.10297765,0.007785397,0.14354816,0.0071918857,0.71695596,0.004545079,0.09427617,0.0074317358,0.16064551,0.008144475,null,null,null,null,"TWOGAUSSIANS",8,7.007907,0.71695596,0.004545079,0.4,0.0,0.14875947,0.00411442,0.2151273,0.0029472744,0.4,0.0,0.13166018,0.004259314
375316653866487564,5931893857897443840,0.48068374,2206.7747244581487,1.9474290550802515,2.1069016E-5,16.512157,0.06488236,0.2544962,0.016268516,0.14301953,0.061601903,0.09080557,0.063421555,0.721238,0.0094958935,0.12039591,0.02173562,0.16251634,0.05792694,null,null,null,null,"TWOGAUSSIANS",8,22.560991,0.721238,0.0094958935,0.4,0.0,0.13329366,0.009195533,0.25507617,0.015852168,0.4,0.0,0.061152186,0.009240402
375316653866487564,5931893892214360064,0.4418476,2181.4712492858016,1.2590694846279427,3.339812E-5,18.714533,0.009675348,0.37309578,0.0038801418,0.030076422,0.0033541915,0.22070235,0.029386375,0.8601732,0.012574081,0.042628545,0.010528377,0.23892832,0.056645542,null,null,null,null,"TWOGAUSSIANS",8,15.642798,0.8601732,0.012574081,0.23871985,0.058958914,0.23892832,0.056645546,0.37309578,0.0038801418,0.16842796,0.018783472,0.22070235,0.029386375
375316653866487564,5931894407610692992,0.4338857,2212.1077350664877,3.8260454126857284,8.335045E-6,19.416763,0.16371134,0.11739384,0.002065047,0.008240743,0.0017742387,0.4541602,0.17107573,0.31222856,0.0210631,0.3007143,0.1812302,0.17161752,0.15539967,null,null,null,null,"TWOGAUSSIANS",8,3.326222,0.11743384,0.0020506668,0.04614816,0.009935737,0.5119633,0.18088423,0.31222856,0.0210631,0.4,0.0,0.08682606,0.011884152
375316653866487564,5931894579409572096,0.43851537,2189.726617604714,3.0422230752044768,6.194407E-5,18.486628,0.027290879,0.24601936,0.015524725,0.11360766,0.033224747,0.17622507,0.027317528,0.7495106,0.013627434,0.08746968,0.020163935,0.17910074,0.029984618,null,null,null,null,"TWOGAUSSIANS",8,13.7304,0.7495106,0.013642243,0.4,0.0,0.16383855,0.022665208,0.24601936,0.015524725,0.4,0.0,0.16094078,0.024966106
375316653866487564,5931894991726582784,0.50755835,2182.288280586869,0.87477825353658,2.2424323E-5,19.470188,0.008316292,0.1846061,0.005931935,0.02604582,0.0045433193,0.57917726,0.13961077,0.78464425,0.06370485,0.07024186,0.024682097,0.03566152,0.01591105,null,null,null,null,"TWOGAUSSIANS",8,3.832659,0.1846061,0.005931935,0.14585659,0.02544259,0.57917726,0.13961077,0.78464425,0.06370485,0.39335442,0.12642154,0.035661515,0.015911048
375316653866487564,5931895129165798400,0.4855416,2196.9020195014186,3.2487310233118722,1.6372544E-5,19.461111,0.007537384,0.26760495,0.0043885475,0.07314652,0.005509375,0.38229924,0.014797866,0.7655559,0.008189138,0.07414887,0.008961742,0.2929062,0.01774243,null,null,null,null,"TWOGAUSSIANS",8,2.909745,0.26760495,0.0043885475,0.4,0.0,0.3802944,0.015121409,0.7655559,0.008189138,0.4,0.018054951,0.29090136,0.018085033
375316653866487564,5931895438445690368,0.5948272,2196.83979076567,1.1716546819618259,7.531634E-6,14.420686,0.011327671,0.23731273,0.0024928178,0.10681259,0.0058197123,0.23889722,0.010553829,0.7115478,0.001388025,0.07920444,0.007310363,0.56723166,0.048989117,null,null,null,null,"TWOGAUSSIANS",8,85.73783,0.7115478,0.001388025,0.4,0.0,0.5549532,0.05627762,0.23731273,0.0024928178,0.4,0.0,0.22660495,0.0044929655
375316653866487564,5931895541524846976,0.48034975,2200.002675580338,1.1325723956403995,3.500501E-5,18.279259,0.010699978,0.24700698,0.018555935,0.09278884,0.02493647,0.0784578,0.016409583,0.7386633,0.004793591,0.06665142,0.0065885712,0.24930498,0.023517892,null,null,null,null,"TWOGAUSSIANS",8,12.111526,0.7386633,0.004793591,0.37324792,0.036896,0.24779171,0.023409063,0.24700698,0.018555935,0.4,0.0,0.07694445,0.016268598
375316653866487564,5931895782001266432,0.5384254,2202.4437942280756,3.4466891837361446,1.8918554E-5,18.73054,0.014163086,0.2505083,0.005627307,0.09492,0.0064765927,0.29569688,0.017886164,0.74026984,0.0028641648,0.08162261,0.006005202,0.24058422,0.014061735,null,null,null,null,"TWOGAUSSIANS",8,3.1014824,0.2505083,0.005627307,0.4,0.0,0.28746754,0.015735397,0.74026984,0.0028641648,0.4,0.0,0.23235552,0.011237489
375316653866487564,5931895850720950016,0.54612255,2206.435314064516,2.3921093570539447,1.0672879E-5,19.336523,0.006442184,0.16430338,0.0038046816,0.06389954,0.0031812752,0.5675447,0.01655458,0.6695479,0.0036114762,0.07160802,0.0039437413,0.5439431,0.016021233,null,null,null,null,"TWOGAUSSIANS",8,2.4734097,0.16430338,0.0038046816,0.3578374,0.017815141,0.5664836,0.01647423,0.6695479,0.0036114762,0.4,0.005670748,0.542882,0.016211094
375316653866487564,5931896469195980160,0.60069245,2232.355969172476,1.8136640923534162,5.913313E-6,17.27844,0.0026335912,0.21620381,0.0014641155,0.06751425,0.0021508157,0.20536703,0.0041189124,0.71404845,0.0069524683,0.0754947,0.00851123,0.08496679,0.0040459777,null,null,null,null,"TWOGAUSSIANS",8,2.403528,0.21620381,0.0014641155,0.3780798,0.012044569,0.20483181,0.0040880544,0.71404845,0.0069524683,0.4,0.010405287,0.084431574,0.004103787
375316653866487564,5931897053311976320,0.51504695,2216.6260996540154,3.4604003247876656,2.5056761E-5,18.534534,0.014914228,0.28394365,0.005398065,0.089992456,0.009423139,0.36245444,0.037387863,0.7846957,0.006138787,0.07560767,0.0049564946,0.5588145,0.014912845,null,null,null,null,"TWOGAUSSIANS",8,9.738592,0.7846957,0.006138787,0.4,0.0,0.54976684,0.010802002,0.28394365,0.005398065,0.4,0.0,0.35340655,0.040029958
375316653866487564,5931897362591153280,0.65551925,2199.7122972273164,1.4718175048193494,6.2007734E-6,14.45546,0.0049821143,0.2533606,0.0013745907,0.093370445,0.002708298,0.23604015,0.0047430783,0.7618808,0.0011813478,0.109197736,0.0044279364,0.16852081,0.0037465403,null,null,null,null,"TWOGAUSSIANS",8,9.048766,0.2533506,0.0013820326,0.4,0.0,0.21934313,0.0025975415,0.7618808,0.0011813478,0.4,0.0,0.15181409,0.0028665778
375316653866487564,5931897396950877952,0.5521211,2229.6167692282656,1.9559476583464361,1.0757161E-6,17.070223,0.0013283201,0.20288165,6.928659E-5,0.0062997327,3.3162007E-4,0.04784591,0.0029073928,0.58588207,1.1026975E-6,0.002232097,1.1801121E-5,1.6027571,0.02745378,null,null,null,null,"TWOGAUSSIANS",8,3.2975206,0.58588207,1.1026975E-6,0.012499744,6.608628E-5,1.6027571,0.02745378,0.20288165,6.928659E-5,0.035278503,0.0018570723,0.04784591,0.0029073928
375316653866487564,5931897877946009216,0.46339893,2194.554965054075,3.048133636696892,2.3184442E-5,18.946922,0.040154006,0.31773552,0.0053910813,0.09138406,0.015619445,0.28272852,0.032109864,0.8143963,0.0092750015,0.10762645,0.02424098,0.23723747,0.039917465,null,null,null,null,"TWOGAUSSIANS",8,6.776445,0.31773552,0.0053910813,0.4,0.0,0.26186708,0.024223942,0.8143963,0.0092750015,0.4,0.0,0.21636637,0.028254788
375316653866487564,5931898217232015616,0.5172091,2207.9011577376464,2.4600939808012448,1.6186928E-5,18.821661,0.011654688,0.22394486,0.0072735744,0.019425742,0.027040634,0.17896654,0.12162915,0.74641573,0.0050517446,0.04165637,0.004474016,0.25525543,0.03276038,0.13511088,0.017517414,0.22394486,0.0072735744,"TWOGAUSSIANS_WITH_ELLIPSOIDAL_ON_ECLIPSE1",9,8.26808,0.74641573,0.0050517446,0.23327568,0.02505449,0.5201261,0.02808222,0.22394486,0.0072735744,0.10878416,0.15142755,0.4491882,0.14010212
375316653866487564,5931898771298816768,0.5561519,2181.8049724510015,0.3930471527354445,5.662668E-5,18.579702,0.0032226753,0.3712882,0.0032195358,0.030904235,0.0017967109,0.45309293,0.0151415095,0.89253664,0.013546864,0.034330137,0.00838647,0.06843003,0.006186216,null,null,null,null,"TWOGAUSSIANS",8,2.892089,0.3712882,0.0032195358,0.17306373,0.010061581,0.45309293,0.0151415095,0.89253664,0.013546864,0.19224878,0.046964232,0.06843003,0.006186216
375316653866487564,5931899355464353408,0.5034596,2194.637002112101,2.238186576599339,1.4553416E-5,18.751522,0.062228754,0.16999735,0.004727082,0.103572,0.01783281,0.29993382,0.053556256,0.6791145,0.0041253045,0.11831551,0.023410296,0.29198807,0.0552695,null,null,null,null,"TWOGAUSSIANS",8,2.927063,0.16996734,0.004768042,0.4,0.0,0.2576166,0.016092436,0.6791145,0.0041371314,0.4,0.0,0.24959527,0.015419202
