Gaia/vari_eclipsing_binary/VariEclipsingBinary_488255-488291.csv
# %ECSV 1.0
# ---
# delimiter: ','
# meta: !!omap
# - RELEASE: Gaia DR3
# - TABLE: vari_eclipsing_binary
# - DESCRIPTION: >
#     This table describes the properties of the eclipsing binaries resulting from the variability analysis. 
# - CITATION: >
#     How to cite and acknowledge Gaia: 
#     https://gea.esac.esa.int/archive/documentation/credits.html 
# - KNOWN_ISSUES: >
#     Known issues: 
#     https://www.cosmos.esa.int/web/gaia-users/known-issues 
# - DOCUMENTATION: >
#     Tutorials and documentation: 
#     https://www.cosmos.esa.int/web/gaia-users/archive 
# datatype:
# - 
#   name: solution_id
#   datatype: int64
#   description: Solution Identifier
#   meta:
#     ucd: meta.version
# - 
#   name: source_id
#   datatype: int64
#   description: Unique source identifier
#   meta:
#     ucd: meta.id;meta.main
# - 
#   name: global_ranking
#   datatype: float32
#   description: Number between 0 (worst) and 1 (best)
#   meta:
#     ucd: stat.param
# - 
#   name: reference_time
#   datatype: float64
#   unit: d
#   description: Reference time used for the geometric model fit
#   meta:
#     ucd: time.epoch
# - 
#   name: frequency
#   datatype: float64
#   unit: d**-1
#   description: Frequency of geometric model of the eclipsing binary light curve
#   meta:
#     ucd: src.orbital
# - 
#   name: frequency_error
#   datatype: float32
#   unit: d**-1
#   description: "Uncertainty of \\texttt{frequency}"
#   meta:
#     ucd: stat.error
# - 
#   name: geom_model_reference_level
#   datatype: float32
#   unit: mag
#   description: Magnitude reference level of geometric model
#   meta:
#     ucd: phot.mag;em.opt
# - 
#   name: geom_model_reference_level_error
#   datatype: float32
#   unit: mag
#   description: "Uncertainty of \\texttt{geomModelReferenceLevel}"
#   meta:
#     ucd: stat.error;phot.mag;em.opt
# - 
#   name: geom_model_gaussian1_phase
#   datatype: float32
#   description: Phase of the Gaussian 1 component
#   meta:
#     ucd: time.phase
# - 
#   name: geom_model_gaussian1_phase_error
#   datatype: float32
#   description: "Uncertainty of \\texttt{geomModelGaussian1Phase}"
#   meta:
#     ucd: stat.error;time.phase
# - 
#   name: geom_model_gaussian1_sigma
#   datatype: float32
#   description: "Standard deviation [phase] of Gaussian 1 component"
#   meta:
#     ucd: stat.stdev
# - 
#   name: geom_model_gaussian1_sigma_error
#   datatype: float32
#   description: "Uncertainty of \\texttt{geomModelGaussian1Sigma}"
#   meta:
#     ucd: stat.error
# - 
#   name: geom_model_gaussian1_depth
#   datatype: float32
#   unit: mag
#   description: Magnitude depth of Gaussian 1 component
#   meta:
#     ucd: src.var.amplitude
# - 
#   name: geom_model_gaussian1_depth_error
#   datatype: float32
#   unit: mag
#   description: "Uncertainty of \\texttt{geomModelGaussian1Depth}"
#   meta:
#     ucd: stat.error;src.var.amplitude
# - 
#   name: geom_model_gaussian2_phase
#   datatype: float32
#   description: Phase of Gaussian 2 component
#   meta:
#     ucd: time.phase
# - 
#   name: geom_model_gaussian2_phase_error
#   datatype: float32
#   description: "Uncertainty of \\texttt{geomModelGaussian2Phase}"
#   meta:
#     ucd: stat.error;time.phase
# - 
#   name: geom_model_gaussian2_sigma
#   datatype: float32
[...]
#   datatype: float32
#   description: "Secondary eclipse: uncertainty of \\texttt{derivedSecondaryEclDuration}"
#   meta:
#     ucd: stat.error;time.duration
# - 
#   name: derived_secondary_ecl_depth
#   datatype: float32
#   unit: mag
#   description: "Secondary eclipse: depth"
#   meta:
#     ucd: src.var.amplitude
# - 
#   name: derived_secondary_ecl_depth_error
#   datatype: float32
#   unit: mag
#   description: "Secondary eclipse: uncertainty of \\texttt{derivedSecondaryEclDepth}"
#   meta:
#     ucd: stat.error;src.var.amplitude
solution_id,source_id,global_ranking,reference_time,frequency,frequency_error,geom_model_reference_level,geom_model_reference_level_error,geom_model_gaussian1_phase,geom_model_gaussian1_phase_error,geom_model_gaussian1_sigma,geom_model_gaussian1_sigma_error,geom_model_gaussian1_depth,geom_model_gaussian1_depth_error,geom_model_gaussian2_phase,geom_model_gaussian2_phase_error,geom_model_gaussian2_sigma,geom_model_gaussian2_sigma_error,geom_model_gaussian2_depth,geom_model_gaussian2_depth_error,geom_model_cosine_half_period_amplitude,geom_model_cosine_half_period_amplitude_error,geom_model_cosine_half_period_phase,geom_model_cosine_half_period_phase_error,model_type,num_model_parameters,reduced_chi2,derived_primary_ecl_phase,derived_primary_ecl_phase_error,derived_primary_ecl_duration,derived_primary_ecl_duration_error,derived_primary_ecl_depth,derived_primary_ecl_depth_error,derived_secondary_ecl_phase,derived_secondary_ecl_phase_error,derived_secondary_ecl_duration,derived_secondary_ecl_duration_error,derived_secondary_ecl_depth,derived_secondary_ecl_depth_error
[from data line 259]
375316653866487564,4294861506701309696,0.60483146,2046.2791938816151,1.9838428052313741,1.17520685E-5,17.35381,0.00600597,0.28088403,0.0060721957,0.084129594,0.0032474713,0.33971485,0.020693632,0.78075075,0.0035562841,0.08212634,0.0041614855,0.27709705,0.009065871,null,null,null,null,"TWOGAUSSIANS",8,4.862141,0.28088403,0.0060721957,0.4,0.0,0.33305988,0.01984644,0.78075075,0.0035562841,0.4,0.0,0.27044207,0.008609693
375316653866487564,4294861781579080960,0.46358222,2035.9642580227164,0.9922096392165656,5.2936113E-5,17.03797,0.029403662,0.2811762,0.009709143,0.08833143,0.016498473,0.08073141,0.028461086,0.7300735,0.015739847,0.12757297,0.037357982,0.1234916,0.028765162,null,null,null,null,"TWOGAUSSIANS",8,13.002739,0.7300735,0.015739847,0.4,0.0,0.11563759,0.011189325,0.28182623,0.0089050885,0.4,0.0,0.07314324,0.012504152
375316653866487564,4294863289091123584,0.48028523,1997.8129277582636,4.845397281709013,6.3136344E-5,19.42077,0.016416352,0.18773778,0.0018335142,0.020239243,0.002871839,0.2531578,0.042162217,0.7137,0.035902563,0.06928688,0.04377315,0.39308408,0.12107738,null,null,null,null,"TWOGAUSSIANS",8,5.9771314,0.7137,0.035902563,0.38800654,0.03672426,0.39308405,0.12142188,0.18773778,0.0018335142,0.11333976,0.0160823,0.2531578,0.042188123
375316653866487564,4294864461638895360,0.60388446,2093.448704363226,1.998835546662814,6.550582E-6,16.960957,0.013990396,0.22297981,0.0016928015,0.051396083,0.0047481363,0.34798506,0.02973285,0.7374952,0.018038366,0.033770576,0.037544426,0.08330927,0.07306269,0.0658376,0.018823598,0.22297981,0.0016928015,"TWOGAUSSIANS_WITH_ELLIPSOIDAL_ON_ECLIPSE1",9,11.091823,0.22297981,0.0016928015,0.28781807,0.026589563,0.4796577,0.01885577,0.7374952,0.018038366,0.18911523,0.2102488,0.2138897,0.08904896
375316653866487564,4294864491668559360,0.5702683,2053.274861717992,1.4098636651271663,5.6578756E-6,16.520943,0.0063057295,0.27824888,0.0013936998,0.089188,0.0040752096,0.14772202,0.006200903,0.78222984,0.00333649,0.09788739,0.0061839763,0.13417785,0.0062032435,null,null,null,null,"TWOGAUSSIANS",8,4.024494,0.27824888,0.0013936998,0.4,0.0,0.14027745,0.0044279196,0.78222984,0.00333649,0.4,0.0,0.12673274,0.004513101
375316653866487564,4294866454503723648,0.6408538,2046.1670527334593,3.8656824205391085,7.0157234E-6,17.875025,0.013981538,0.23465791,0.0069550634,0.036426444,0.005567582,0.32139263,0.041944455,0.75244886,0.0017427051,0.050723635,0.0052616056,0.38961083,0.026067909,0.13343427,0.015147836,0.75244886,0.0017427051,"TWOGAUSSIANS_WITH_ELLIPSOIDAL_ON_ECLIPSE2",9,6.95092,0.75244886,0.0017427051,0.28405234,0.029464992,0.6564772,0.017276146,0.23607792,0.0064622294,0.20398809,0.03117846,0.58520126,0.037995946
375316653866487564,4294866793771609728,0.6428918,2061.006182943857,0.5927327567936285,1.8089546E-5,15.787766,5.199433E-4,0.6230714,0.0011798051,0.0110452315,0.0044116285,1.2361567,15.329903,0.31792244,0.0014450464,0.016567705,0.0015665649,0.02017747,0.001081696,null,null,null,null,"TWOGAUSSIANS",8,1.4321747,0.6230714,0.0011798051,0.061853293,0.02470512,1.2361567,15.329903,0.31792244,0.0014450464,0.092779145,0.008772763,0.02017747,0.001081696
375316653866487564,4294867588361811200,0.541357,2067.605429970161,1.8437613314621881,1.6026283E-5,17.215841,0.0056899106,0.32249206,0.006015699,0.06619572,0.0052517904,0.28898418,0.009693235,0.8174467,0.0039431774,0.075002454,0.005292449,0.10697193,0.006422648,null,null,null,null,"TWOGAUSSIANS",8,8.178018,0.32249206,0.006015699,0.37069604,0.029410027,0.28842446,0.00960128,0.8174467,0.0039431774,0.4,0.0,0.10641222,0.0062197875
375316653866487564,4294867657081022592,0.46495342,2017.3901815538031,3.6602094113878345,2.6879803E-5,19.795254,0.022940738,0.2338492,0.00882166,0.08912621,0.01605541,0.30910695,0.07321198,0.70933646,0.009273209,0.08974202,0.012627671,0.23817477,0.023492018,null,null,null,null,"TWOGAUSSIANS",8,1.4850541,0.2338492,0.00882166,0.4,0.0,0.3017521,0.0760907,0.70933646,0.009273209,0.4,0.0,0.23081993,0.016661603
375316653866487564,4294867790204067840,0.56927794,2041.08251129354,1.4576349260802557,8.146135E-6,16.903093,0.13567148,0.31346807,0.0060596317,0.14113642,0.07481449,0.13244368,0.13392277,0.81361157,0.0020791749,0.11848303,0.028262848,0.18845502,0.11676578,null,null,null,null,"TWOGAUSSIANS",8,2.5378864,0.81361157,0.0021243906,0.4,0.0,0.1410892,0.0036468655,0.31346807,0.0060947803,0.4,0.0,0.08463045,0.0031987997
375316653866487564,4294868103771259008,0.52908766,2051.038712546241,0.36415943146392715,1.7095499E-5,15.836938,8.4804563E-4,0.079662845,5.367075E-4,0.010600938,4.6005374E-4,0.11598245,0.007012976,0.56647617,0.0024714072,0.021412639,0.0014924142,0.1430442,0.0027390341,null,null,null,null,"TWOGAUSSIANS",8,6.194775,0.56647617,0.0024714072,0.119910784,0.008357519,0.1430442,0.0027390341,0.079662845,5.367075E-4,0.059365258,0.0025763009,0.11598245,0.007012976
375316653866487564,4294869924837730560,0.60124576,2072.8883473543187,1.433247453234781,1.4546759E-5,15.952035,0.017742679,0.23582813,0.0031207833,0.100495085,0.008495613,0.31249294,0.01567926,0.73582417,0.0037961465,0.10670802,0.008029172,0.25403926,0.018538898,null,null,null,null,"TWOGAUSSIANS",8,15.547392,0.23582813,0.0031207833,0.4,0.0,0.28201538,0.014448411,0.73582417,0.0037961465,0.4,0.0,0.22355568,0.007226263
375316653866487564,4294870440220954240,0.44009152,2082.00750261963,0.31004862922982906,2.357623E-5,17.39745,0.002001289,0.23115674,0.0111513315,0.05925091,0.012598648,0.06486295,0.008121219,0.7787127,0.012626934,0.034533575,0.01239597,0.03509443,0.025084445,null,null,null,null,"TWOGAUSSIANS",8,3.0637212,0.23115674,0.0111513315,0.3318051,0.07055243,0.064862944,0.008121237,0.7787127,0.012626934,0.19338802,0.069417424,0.035094425,0.02508445
375316653866487564,4294870745140916224,0.5484414,2102.2378904690254,0.06157668080167332,1.9343366E-5,18.114157,0.004846813,0.79797703,1.2752052E-6,0.0011531188,1.122061E-5,1.8666104,0.018274587,null,null,null,null,null,null,0.021138417,0.006070855,0.79797703,1.2752052E-6,"ONEGAUSSIAN_WITH_ELLIPSOIDAL",6,11.277367,0.79797703,1.2752052E-6,0.0064574652,6.283542E-5,1.9088871,0.027581615,null,null,null,null,null,null
375316653866487564,4294871333586906368,0.52854407,2079.403504706025,0.9768365324031477,4.9637794E-5,18.209192,0.009155945,0.2633814,0.015458845,0.03936061,0.013566303,0.3328096,0.0239809,0.7399338,0.021786496,0.08310878,0.021045899,0.07057651,0.011346399,null,null,null,null,"TWOGAUSSIANS",8,5.461694,0.2633814,0.015458845,0.22041942,0.0759713,0.33278686,0.023853777,0.7399338,0.021786496,0.4,0.0044510546,0.07055375,0.011186786
375316653866487564,4294871677171195648,0.47741798,2071.918392991923,2.8575727101721884,2.1854721E-5,18.514666,0.008691154,0.22265194,0.03165806,0.045352213,0.026310392,0.100837894,0.07619242,0.7638014,0.007269555,0.019334108,0.016481567,0.13167608,122.954384,0.09490179,0.015858602,0.7638014,0.007269555,"TWOGAUSSIANS_WITH_ELLIPSOIDAL_ON_ECLIPSE2",9,12.705122,0.7638014,0.007269555,0.108271,0.09229678,0.32147905,122.95928,0.23225194,0.03384069,0.2539724,0.1473382,0.2810456,0.06829837
375316653866487564,4294871810293062272,0.5903107,2075.0492922383555,2.982381037915658,5.86553E-6,18.598185,0.014299811,0.22902177,0.0028834771,0.08266402,0.004035182,0.5144346,0.016254852,0.74183464,0.003531518,0.07151132,0.004290737,0.5019906,0.016473526,null,null,null,null,"TWOGAUSSIANS",8,3.6276324,0.22902177,0.0028834771,0.4,0.0,0.51041824,0.015247862,0.74183464,0.003531518,0.4,0.016429052,0.49797428,0.015382106
375316653866487564,4294872085183565056,0.5549765,2070.2028547309246,4.101621080972773,4.6992473E-6,19.673859,0.014982597,0.16912632,0.0032881736,0.076442435,0.0056388304,0.5479014,0.03560691,0.66483766,0.0074690944,0.07064471,0.0052575697,0.72542816,0.075239144,null,null,null,null,"TWOGAUSSIANS",8,1.1722866,0.66483766,0.0074690944,0.39561036,0.028494105,0.7219218,0.07485454,0.16912632,0.0032881736,0.4,0.0,0.544395,0.03655056
375316653866487564,4294872188250184192,0.47928378,2067.9380970615452,0.16775048843583287,4.8027912E-5,19.107862,0.00890485,0.9113966,0.028628655,0.03709233,0.031907376,0.09239196,0.12008049,0.6959997,0.014988539,0.12376858,0.016060969,0.3234399,0.032152854,null,null,null,null,"TWOGAUSSIANS",8,4.6370163,0.6959997,0.014988539,0.4,0.0,0.32325497,0.032310665,0.8905866,0.053058572,0.20771705,0.17868131,0.17273769,0.11170833
375316653866487564,4294872463128172032,0.54609036,2095.2861291032327,2.426087293237219,2.021487E-5,16.689552,0.008962165,0.24059916,0.003633672,0.09182128,0.004104197,0.29416764,0.013169913,0.7401782,0.0028367403,0.08958036,0.005670566,0.2805927,0.010743047,null,null,null,null,"TWOGAUSSIANS",8,10.957886,0.24059916,0.003633672,0.4,0.0,0.28137532,0.012435285,0.7401782,0.0028367403,0.4,0.0,0.2678005,0.010977961
375316653866487564,4294872463140693632,0.46484432,2100.1511066658572,0.05603594356584124,1.0083344E-4,19.46354,0.01599477,0.12595627,0.0027357875,0.024847412,0.0050642593,0.12428609,0.01572591,0.7524722,0.025478194,0.07464474,0.02802255,0.23365341,0.028319284,null,null,null,null,"TWOGAUSSIANS",8,3.3265188,0.7524722,0.025478194,0.4,0.06360025,0.2336534,0.0283194,0.12595627,0.002725747,0.13914551,0.02835985,0.12428695,0.015959267
375316653866487564,4294873493921443968,0.48347825,2058.4575658463987,3.0964744488569007,3.8205628E-5,18.963076,0.019458897,0.26623636,0.009890435,0.09037472,0.01634696,0.27677146,0.03486305,0.7526651,0.00760067,0.066930205,0.012339782,0.5042778,0.13347755,null,null,null,null,"TWOGAUSSIANS",8,10.054996,0.7526651,0.00760067,0.37480915,0.045233708,0.5008879,0.13802469,0.26623636,0.009890435,0.4,0.0,0.2733813,0.03553863
375316653866487564,4294873738756630272,0.5612047,2117.09924412887,4.192258699321179,1.2900704E-5,18.197523,0.018948538,0.27628863,0.0052014026,0.073884815,0.006513279,0.58432025,0.045417685,0.7789132,0.011120892,0.07424497,0.016235845,0.58684635,0.21944073,null,null,null,null,"TWOGAUSSIANS",8,9.824558,0.7789132,0.011120892,0.4,0.002272245,0.5831429,0.22397165,0.27628863,0.0052014026,0.4,0.0012175712,0.5806168,0.04589967
375316653866487564,4294873871877231616,0.52240473,2068.1659318428756,2.4377325681848694,2.1013255E-5,18.450844,0.025053067,0.23049095,0.00391342,0.09498449,0.011470234,0.21565601,0.024170667,0.7215204,0.0053461944,0.09423161,0.011183824,0.24099694,0.024565663,null,null,null,null,"TWOGAUSSIANS",8,3.48507,0.7215204,0.0053461944,0.4,0.0,0.22876383,0.015453708,0.23049095,0.00391342,0.4,0.0,0.20342287,0.016267879
375316653866487564,4294874765230848768,0.5766156,2057.921248682738,3.577671050276025,5.6843037E-6,17.856073,0.015221425,0.296468,0.003042591,0.04966862,0.006344513,0.3331893,0.03920986,0.7858641,0.0019060073,0.043309603,0.005813159,0.22001997,0.033274725,0.11921403,0.022046037,0.7858641,0.0019060073,"TWOGAUSSIANS_WITH_ELLIPSOIDAL_ON_ECLIPSE2",9,15.701574,0.29516798,0.0028385513,0.27814427,0.035529274,0.5706887,0.035479814,0.7858641,0.0019060073,0.24253377,0.03255369,0.45844737,0.018002234
375316653866487564,4294875113158266368,0.6196074,2059.3842855313756,2.234563412644315,4.7590133E-6,16.388956,0.005545411,0.25121176,0.0019731282,0.08794986,0.002366236,0.3969066,0.013366765,0.74613416,0.0017837894,0.08426169,0.0024124987,0.4264484,0.008953566,null,null,null,null,"TWOGAUSSIANS",8,13.200053,0.74613416,0.0017837894,0.4,0.0,0.4153076,0.008861165,0.25121176,0.0019731282,0.4,0.0,0.38576576,0.013392643
375316653866487564,4294875216225320576,0.47743446,2061.53151707427,3.884554579628157,1.663281E-5,14.744774,0.0037498623,0.3166787,0.016497623,0.022691254,0.012306338,0.06561472,0.017888585,0.70135057,0.0057718093,0.057466943,0.010717291,0.08976252,0.0050558294,null,null,null,null,"TWOGAUSSIANS",8,11.104217,0.70135057,0.0057718093,0.3218149,0.06001683,0.08976252,0.0050558294,0.3166787,0.016497623,0.12707102,0.068915494,0.06561472,0.017888585
375316653866487564,4294875972153023104,0.52904904,2062.9008126826097,3.016825923503287,1.088961E-5,18.992432,0.014273673,0.24000542,0.010767038,0.05692304,0.0072742137,0.27829853,0.03566918,0.7521237,0.0031226543,0.06887298,0.0048277816,0.5088926,0.021218333,null,null,null,null,"TWOGAUSSIANS",8,5.606507,0.7521237,0.0031226543,0.3856887,0.026838215,0.50869864,0.02120285,0.24000542,0.010767038,0.318769,0.040735595,0.27810457,0.035596635
375316653866487564,4294876247018039680,0.60474,2055.006377947827,1.8827462880195733,4.693959E-6,17.5682,0.009306084,0.24515821,0.0024108775,0.05358744,0.008501072,0.08589087,0.017608581,0.7471241,0.0023663433,0.053527568,0.005175523,0.1764953,0.01724404,0.08515635,0.009538556,0.24515821,0.0024108775,"TWOGAUSSIANS_WITH_ELLIPSOIDAL_ON_ECLIPSE1",9,4.002456,0.7471241,0.0023663433,0.29975438,0.02898293,0.34677687,0.0107390685,0.24515821,0.0024108775,0.30008966,0.047606006,0.25619844,0.006187419
375316653866487564,4294876448851898112,0.60792595,2085.3671027217124,2.8811856074281663,7.0485894E-6,16.858131,0.018050758,0.29095018,0.002674622,0.052232187,0.0057315216,0.29305723,0.04287682,0.79697716,0.0027480733,0.04865514,0.007529669,0.19814049,0.040584397,0.09903479,0.024197767,0.29095018,0.002674622,"TWOGAUSSIANS_WITH_ELLIPSOIDAL_ON_ECLIPSE1",9,16.201715,0.29095018,0.002674622,0.29250026,0.03209652,0.49112293,0.01800914,0.79697716,0.0027480733,0.2724688,0.042166147,0.3959223,0.013890383
375316653866487564,4294877174743021440,0.45716143,2069.415675455661,1.6282666688666538,2.3070141E-4,16.579035,0.0042974977,0.38892907,0.0059904587,0.0366889,0.0059848265,0.24651572,0.057309646,0.68726534,0.017221587,0.07242953,0.013436436,0.024079058,0.0061275894,null,null,null,null,"TWOGAUSSIANS",8,36.078846,0.38892907,0.0059904587,0.20545785,0.03351503,0.24652071,0.057310026,0.68726534,0.017221587,0.4,0.04880459,0.024079058,0.006127589
375316653866487564,4294878239881309824,0.45529702,2109.8964995134033,0.10387632549783281,3.7430997E-5,18.824144,0.09814571,0.27848947,0.047283612,0.06006459,0.030026553,0.50615466,0.2208971,0.7609646,0.008729319,0.16679274,0.06790905,0.24158297,0.085288465,null,null,null,null,"TWOGAUSSIANS",8,6.755986,0.27868947,0.047490124,0.3363617,0.1681487,0.4751087,0.19666414,0.7609646,0.008729319,0.4,0.0,0.20489118,0.026771856
375316653866487564,4294878373003410432,0.5969284,2080.7082455007267,1.9387410193601593,6.830167E-6,17.968801,0.010551641,0.08998615,0.0042150742,0.057021394,0.014622339,0.02157226,0.030515734,0.5877042,0.0018457168,0.053701866,0.003184509,0.33957025,0.026355915,0.052451205,0.013427569,0.08998615,0.0042150742,"TWOGAUSSIANS_WITH_ELLIPSOIDAL_ON_ECLIPSE1",9,3.299484,0.58785415,0.0016453984,0.30073047,0.017833252,0.44444546,0.021636449,0.08998615,0.0042150742,0.3193198,0.0818851,0.1264676,0.01206213
375316653866487564,4294878549119511552,0.5578467,2085.552412544933,0.41888158655208635,8.009299E-6,17.893694,0.0033851762,0.13760391,0.0034770358,0.021612177,0.0024361294,0.435591,0.06692656,0.7992207,0.039165836,0.031265438,0.029284723,0.012595629,0.009592901,0.0022447724,0.0060822912,0.13760391,0.0034770358,"TWOGAUSSIANS_WITH_ELLIPSOIDAL_ON_ECLIPSE1",9,6.0837765,0.13760391,0.0034770358,0.121028185,0.013642324,0.44008055,0.069726,0.7992207,0.039165836,0.17508645,0.16399445,0.0138435485,0.010614857
375316653866487564,4294880885594925440,0.59884,2035.5812070317763,4.040570341193602,9.792043E-6,17.872704,0.008414101,0.24859683,0.0039212997,0.075952195,0.0043990444,0.39394346,0.013312755,0.7383998,0.0023316965,0.07022257,0.0034508426,0.46114773,0.009407038,null,null,null,null,"TWOGAUSSIANS",8,5.6260138,0.7383998,0.0023316965,0.39324638,0.015832875,0.45922738,0.008987003,0.24859683,0.0039212997,0.4,0.0,0.39202315,0.013017817
