Gaia/vari_eclipsing_binary/VariEclipsingBinary_230774-230814.csv
# %ECSV 1.0
# ---
# delimiter: ','
# meta: !!omap
# - RELEASE: Gaia DR3
# - TABLE: vari_eclipsing_binary
# - DESCRIPTION: >
#     This table describes the properties of the eclipsing binaries resulting from the variability analysis. 
# - CITATION: >
#     How to cite and acknowledge Gaia: 
#     https://gea.esac.esa.int/archive/documentation/credits.html 
# - KNOWN_ISSUES: >
#     Known issues: 
#     https://www.cosmos.esa.int/web/gaia-users/known-issues 
# - DOCUMENTATION: >
#     Tutorials and documentation: 
#     https://www.cosmos.esa.int/web/gaia-users/archive 
# datatype:
# - 
#   name: solution_id
#   datatype: int64
#   description: Solution Identifier
#   meta:
#     ucd: meta.version
# - 
#   name: source_id
#   datatype: int64
#   description: Unique source identifier
#   meta:
#     ucd: meta.id;meta.main
# - 
#   name: global_ranking
#   datatype: float32
#   description: Number between 0 (worst) and 1 (best)
#   meta:
#     ucd: stat.param
# - 
#   name: reference_time
#   datatype: float64
#   unit: d
#   description: Reference time used for the geometric model fit
#   meta:
#     ucd: time.epoch
# - 
#   name: frequency
#   datatype: float64
#   unit: d**-1
#   description: Frequency of geometric model of the eclipsing binary light curve
#   meta:
#     ucd: src.orbital
# - 
#   name: frequency_error
#   datatype: float32
#   unit: d**-1
#   description: "Uncertainty of \\texttt{frequency}"
#   meta:
#     ucd: stat.error
# - 
#   name: geom_model_reference_level
#   datatype: float32
#   unit: mag
#   description: Magnitude reference level of geometric model
#   meta:
#     ucd: phot.mag;em.opt
# - 
#   name: geom_model_reference_level_error
#   datatype: float32
#   unit: mag
#   description: "Uncertainty of \\texttt{geomModelReferenceLevel}"
#   meta:
#     ucd: stat.error;phot.mag;em.opt
# - 
#   name: geom_model_gaussian1_phase
#   datatype: float32
#   description: Phase of the Gaussian 1 component
#   meta:
#     ucd: time.phase
# - 
#   name: geom_model_gaussian1_phase_error
#   datatype: float32
#   description: "Uncertainty of \\texttt{geomModelGaussian1Phase}"
#   meta:
#     ucd: stat.error;time.phase
# - 
#   name: geom_model_gaussian1_sigma
#   datatype: float32
#   description: "Standard deviation [phase] of Gaussian 1 component"
#   meta:
#     ucd: stat.stdev
# - 
#   name: geom_model_gaussian1_sigma_error
#   datatype: float32
#   description: "Uncertainty of \\texttt{geomModelGaussian1Sigma}"
#   meta:
#     ucd: stat.error
# - 
#   name: geom_model_gaussian1_depth
#   datatype: float32
#   unit: mag
#   description: Magnitude depth of Gaussian 1 component
#   meta:
#     ucd: src.var.amplitude
# - 
#   name: geom_model_gaussian1_depth_error
#   datatype: float32
#   unit: mag
#   description: "Uncertainty of \\texttt{geomModelGaussian1Depth}"
#   meta:
#     ucd: stat.error;src.var.amplitude
# - 
#   name: geom_model_gaussian2_phase
#   datatype: float32
#   description: Phase of Gaussian 2 component
#   meta:
#     ucd: time.phase
# - 
#   name: geom_model_gaussian2_phase_error
#   datatype: float32
#   description: "Uncertainty of \\texttt{geomModelGaussian2Phase}"
#   meta:
#     ucd: stat.error;time.phase
# - 
#   name: geom_model_gaussian2_sigma
#   datatype: float32
[...]
#   datatype: float32
#   description: "Secondary eclipse: uncertainty of \\texttt{derivedSecondaryEclDuration}"
#   meta:
#     ucd: stat.error;time.duration
# - 
#   name: derived_secondary_ecl_depth
#   datatype: float32
#   unit: mag
#   description: "Secondary eclipse: depth"
#   meta:
#     ucd: src.var.amplitude
# - 
#   name: derived_secondary_ecl_depth_error
#   datatype: float32
#   unit: mag
#   description: "Secondary eclipse: uncertainty of \\texttt{derivedSecondaryEclDepth}"
#   meta:
#     ucd: stat.error;src.var.amplitude
solution_id,source_id,global_ranking,reference_time,frequency,frequency_error,geom_model_reference_level,geom_model_reference_level_error,geom_model_gaussian1_phase,geom_model_gaussian1_phase_error,geom_model_gaussian1_sigma,geom_model_gaussian1_sigma_error,geom_model_gaussian1_depth,geom_model_gaussian1_depth_error,geom_model_gaussian2_phase,geom_model_gaussian2_phase_error,geom_model_gaussian2_sigma,geom_model_gaussian2_sigma_error,geom_model_gaussian2_depth,geom_model_gaussian2_depth_error,geom_model_cosine_half_period_amplitude,geom_model_cosine_half_period_amplitude_error,geom_model_cosine_half_period_phase,geom_model_cosine_half_period_phase_error,model_type,num_model_parameters,reduced_chi2,derived_primary_ecl_phase,derived_primary_ecl_phase_error,derived_primary_ecl_duration,derived_primary_ecl_duration_error,derived_primary_ecl_depth,derived_primary_ecl_depth_error,derived_secondary_ecl_phase,derived_secondary_ecl_phase_error,derived_secondary_ecl_duration,derived_secondary_ecl_duration_error,derived_secondary_ecl_depth,derived_secondary_ecl_depth_error
[from data line 684]
375316653866487564,2030255131323697920,0.5182457,2205.6813676964803,2.5228570045317977,6.4462706E-6,19.78673,0.01426186,0.3133672,0.0033190546,0.084459856,0.005765227,0.4402238,0.0132651515,0.81421703,0.0023866782,0.070461035,0.0043554986,0.34163907,0.020401198,null,null,null,null,"TWOGAUSSIANS",8,1.0643088,0.3133672,0.0033190546,0.4,0.0,0.43602392,0.012405505,0.81421703,0.0023866782,0.3945818,0.022814335,0.3374392,0.01973188
375316653866487564,2030255230076657792,0.47616625,2224.3539204629296,2.5239033930772186,2.5706473E-5,18.409319,0.06401369,0.2779276,0.00494534,0.12255717,0.024095474,0.28853196,0.057312395,0.7841024,0.011031144,0.10177853,0.02446327,0.27151343,0.061352804,null,null,null,null,"TWOGAUSSIANS",8,12.794302,0.2779276,0.0049467073,0.4,0.0,0.24471483,0.020323474,0.78413236,0.011083,0.4,0.0,0.22783613,0.028978128
375316653866487564,2030255436235097344,0.6090493,2207.9819369975685,0.35795985836577876,3.905434E-6,17.733103,0.003590483,0.31765682,0.001045132,0.019657997,0.0010241936,1.5703541,0.08639103,0.8146591,0.011672045,0.020896954,0.016965043,0.18534957,1.0064648,0.034391977,0.007054381,0.31765682,0.001045132,"TWOGAUSSIANS_WITH_ELLIPSOIDAL_ON_ECLIPSE1",9,22.201937,0.31765682,0.001045132,0.11008479,0.0057354844,1.639138,0.0896795,0.8146991,0.0116904015,0.11702294,0.09500424,0.2541094,1.0075456
375316653866487564,2030255509280910592,0.49213728,2221.0003880597214,2.7095303504955717,2.38177E-5,19.20158,0.007491116,0.28254855,0.017123275,0.07860061,0.01345222,0.25921553,0.021501306,0.7984786,0.004044611,0.08552035,0.005859422,0.24257949,0.014180206,null,null,null,null,"TWOGAUSSIANS",8,3.0800781,0.28254855,0.017123275,0.4,0.0,0.25564048,0.021665998,0.7984786,0.004044611,0.4,0.0,0.23900439,0.0142391315
375316653866487564,2030255646719859840,0.54874116,2211.990629907114,3.368775818565328,1.8160921E-5,19.433176,0.012648103,0.2979153,0.00264327,0.074587636,0.0061127506,0.453856,0.021185676,0.7974362,0.0066500236,0.07761305,0.009466095,0.3352659,0.017988827,null,null,null,null,"TWOGAUSSIANS",8,2.0072825,0.2979153,0.00264327,0.4,0.0,0.45037112,0.021774966,0.7974362,0.0066500236,0.4,0.010993637,0.33178103,0.018109662
375316653866487564,2030255715439354880,0.50647587,2260.1132180303043,0.1107456980357373,3.567118E-5,19.897215,0.010955279,0.414136,0.021063812,0.011935149,0.01834626,0.67936474,0.68282825,0.763836,2.3462021E-4,0.008501672,3.2982184E-4,0.69410795,0.011769638,null,null,null,null,"TWOGAUSSIANS",8,4.166677,0.763836,2.3462021E-4,0.047609363,0.0018470023,0.69410795,0.011769638,0.414136,0.021063812,0.066836834,0.10273906,0.67936474,0.68282825
375316653866487564,2030255921597707136,0.50837684,2225.6142863875384,3.4932738303163178,1.54556E-5,19.629879,0.011072553,0.3015406,0.00327942,0.065539196,0.0047514834,0.26461813,0.027071575,0.7997832,0.005151364,0.06649834,0.00654567,0.3014907,0.023012336,null,null,null,null,"TWOGAUSSIANS",8,1.6849811,0.7997832,0.005151364,0.3723907,0.03665575,0.3010772,0.023049455,0.3015406,0.00327942,0.36701947,0.026608309,0.26420462,0.027050193
375316653866487564,2030256849326524544,0.5714606,2237.3330485416304,0.6299575157580467,4.4815974E-6,16.574934,0.002161875,0.21240707,0.001996561,0.02525314,0.0021886013,0.14073496,0.017858371,0.71249866,0.0035397918,0.032084785,0.0024080386,0.22679782,0.01176195,0.011328089,0.002987299,0.21240707,0.001996561,"TWOGAUSSIANS_WITH_ELLIPSOIDAL_ON_ECLIPSE1",9,5.8748164,0.71249866,0.0035345238,0.1796748,0.013485016,0.24945399,0.0100838505,0.21240707,0.001996561,0.14141758,0.012256168,0.16339113,0.018479828
375316653866487564,2030256986765411840,0.42501348,2263.087891734684,1.1513344916309525,6.65446E-5,18.691137,0.020640397,0.3191452,0.025273329,0.087498866,0.017310925,0.44679973,0.15149617,0.6417934,0.010820383,0.057926856,0.013952011,0.08093065,0.04330062,null,null,null,null,"TWOGAUSSIANS",8,5.4601474,0.3191452,0.025273329,0.4,0.0,0.44679117,0.15149648,0.6417934,0.010820383,0.3243904,0.078131266,0.08142041,0.043643378
375316653866487564,2030257124188105856,0.44481328,2249.883370410462,0.4233406983831064,2.2732029E-5,17.645689,0.014371442,0.57710886,0.022740593,0.042078644,0.042262007,0.09247905,0.03415691,0.79007703,0.0113330465,0.059653737,0.014607004,0.31520358,0.06217552,null,null,null,null,"TWOGAUSSIANS",8,56.393738,0.79007703,0.0113330465,0.33406094,0.08179922,0.31520382,0.062245183,0.57774884,0.022752495,0.2356404,0.22137812,0.093027554,0.03541145
375316653866487564,2030257124189059328,0.49461272,2259.5705677140154,3.11372601607081,2.4347692E-5,19.396599,0.03329256,0.27898544,0.0058983425,0.10742047,0.016898872,0.28055432,0.02876168,0.7804217,0.0053996188,0.099061176,0.010735815,0.28945383,0.0350932,null,null,null,null,"TWOGAUSSIANS",8,2.0240548,0.7804217,0.0053996188,0.4,0.0,0.2596488,0.018153444,0.27898544,0.0058983425,0.4,0.0,0.2507399,0.014038556
375316653866487564,2030258013215797888,0.4904049,2247.42941798567,3.7866495084753726,3.2695993E-5,17.203157,0.018505123,0.32436246,0.009189705,0.119705275,0.02283305,0.14657353,0.015856167,0.81029886,0.0106718205,0.0857403,0.01634826,0.11399232,0.020867113,null,null,null,null,"TWOGAUSSIANS",8,12.871836,0.32436246,0.009189705,0.4,0.0,0.13519861,0.009279768,0.81029886,0.0106718205,0.4,0.0,0.10267057,0.012694529
375316653866487564,2030258185015569536,0.5447888,2230.5305667496928,2.791332212438293,4.9426735E-6,17.78402,0.012425355,0.3222893,0.0016166281,0.09215961,0.0042886524,0.26163945,0.011757501,0.8171891,0.0030383859,0.10741728,0.0077157705,0.2500815,0.011941342,null,null,null,null,"TWOGAUSSIANS",8,3.873253,0.3222893,0.0016156439,0.4,0.0,0.24096489,0.005996576,0.8171891,0.0030383859,0.4,0.0,0.22939707,0.011873954
375316653866487564,2030258219374030208,0.5375577,2242.613597484234,0.12417016242049911,9.564997E-5,18.555399,0.0030040874,0.23557906,0.07959531,0.08959923,0.035764307,0.030380134,0.06564263,0.8781448,0.0010591834,0.014688747,7.470123E-4,0.4549937,0.008189635,null,null,null,null,"TWOGAUSSIANS",8,2.8194418,0.8781448,0.0010591834,0.08225698,0.004183269,0.4550043,0.008192885,0.23557906,0.07959531,0.4,0.022903772,0.030380122,0.065642744
375316653866487564,2030258219383695232,0.40776706,2244.490419806349,3.4715670457219825,5.062381E-5,18.350397,0.007067725,null,null,null,null,null,null,null,null,null,null,null,null,0.06374926,0.010421183,0.25517187,0.010142759,"ELLIPSOIDAL",4,18.609304,null,null,null,null,null,null,null,null,null,null,null,null
375316653866487564,2030259284526092032,0.5580247,2230.337106989703,2.332528700471073,7.4442537E-6,19.017302,0.009703905,0.23034929,0.0022034992,0.08699098,0.008788301,0.3472365,0.0192531,0.72268564,0.0015452586,0.088423386,0.0036378233,0.34155098,0.01096951,null,null,null,null,"TWOGAUSSIANS",8,1.5454353,0.23034929,0.0022034992,0.4,0.0,0.33678323,0.023967613,0.72268564,0.0015452586,0.4,0.0,0.33109766,0.009244728
375316653866487564,2030259391946908416,0.6044765,2240.2228837474654,0.4956027335966664,8.146127E-6,17.237347,0.0013246962,0.26699367,4.7860038E-4,0.020404465,7.8410987E-4,0.33002377,0.008068243,0.7621217,0.0039824457,0.018474452,0.0017802545,0.2585347,0.024121247,null,null,null,null,"TWOGAUSSIANS",8,2.7870362,0.26699367,4.7860038E-4,0.114265,0.0043910155,0.33002377,0.008068243,0.7621217,0.0039824457,0.10345693,0.009969425,0.2585347,0.024121247
375316653866487564,2030259593764901888,0.55713326,2223.6698168652338,0.6144612862097631,4.8978004E-6,18.522995,0.0045754295,0.25357732,0.0010780728,0.036862686,0.0019759561,0.22731529,0.014539895,0.75648797,0.0022442474,0.03703892,0.0032223468,0.20595868,0.016495582,0.03385602,0.007797803,0.25357732,0.0010780728,"TWOGAUSSIANS_WITH_ELLIPSOIDAL_ON_ECLIPSE1",9,2.3669002,0.25357732,0.0010780728,0.20643103,0.011065354,0.29502732,0.012854256,0.75648797,0.0022442474,0.20741794,0.018045142,0.27364805,0.014332265
375316653866487564,2030259765562606336,0.5449804,2232.415153390289,2.8978930952027304,1.1841601E-5,18.7063,0.010270454,0.29357907,0.0027228359,0.034265514,0.0077689076,0.17153202,0.030447986,0.79000145,0.015094329,0.04219905,0.010607727,0.21565197,0.034106784,0.09557261,0.013104129,0.29357907,0.0027228359,"TWOGAUSSIANS_WITH_ELLIPSOIDAL_ON_ECLIPSE1",9,3.944649,0.79040146,0.012839041,0.23631468,0.05940327,0.4067113,0.014635864,0.29357907,0.0027228359,0.19188689,0.043505885,0.36267725,0.030864256
375316653866487564,2030260800681247488,0.55602425,2268.205446538239,2.4043060371181153,1.0748878E-5,19.203327,0.010107713,0.21695861,0.00440355,0.070294306,0.0045367577,0.43905634,0.02292433,0.7148831,0.0022780912,0.07168918,0.00367379,0.4864145,0.01715387,null,null,null,null,"TWOGAUSSIANS",8,2.5741515,0.7148831,0.0022780912,0.4,0.0103344,0.48463327,0.017121863,0.21695861,0.00440355,0.39364812,0.024532778,0.4372751,0.022977566
375316653866487564,2030261762769357440,0.5098235,2230.9600836488194,0.26396072282883803,3.2740856E-5,16.717752,0.0015634196,0.09618053,0.0016928444,0.015857918,0.0013346368,0.17739666,0.01085608,0.7841179,0.07485451,0.06020319,0.07009979,0.020719418,9.779795,null,null,null,null,"TWOGAUSSIANS",8,5.0445232,0.09618053,0.0016928444,0.088804334,0.007473966,0.17739668,0.010856064,0.7841179,0.07485451,0.33713788,0.38863853,0.020719418,9.779795
375316653866487564,2030261968913320832,0.64109355,2237.3042874740736,0.664207370839226,2.9335088E-6,16.978203,0.014781427,0.22972098,0.0011305035,0.039462186,0.0012464102,0.9052015,0.04341352,0.7281462,0.0015850129,0.041039966,0.0034175059,0.37068105,0.032481443,0.051915437,0.018871501,0.22972098,0.0011305035,"TWOGAUSSIANS_WITH_ELLIPSOIDAL_ON_ECLIPSE1",9,23.39414,0.22972098,0.0011305035,0.22098824,0.006979897,1.0090321,0.01990562,0.7282062,0.0015153829,0.22982381,0.019138033,0.47450188,0.013964581
375316653866487564,2030262381244611200,0.6052212,2230.297666155755,2.618445517212465,1.1975699E-5,17.193348,0.009499081,0.22735557,0.0022446434,0.043210085,0.0032472508,0.37419772,0.028742908,0.72825813,0.0044507147,0.04630877,0.005829383,0.3887372,0.03770631,0.10192293,0.011576445,0.22735557,0.0022446434,"TWOGAUSSIANS_WITH_ELLIPSOIDAL_ON_ECLIPSE1",9,18.804768,0.72825813,0.004282375,0.2593291,0.032644548,0.5925762,0.04369744,0.22735557,0.0022446434,0.24197648,0.018184604,0.5780433,0.018103164
375316653866487564,2030262484323826816,0.56971705,2236.209239661489,1.785774889851023,4.922065E-6,17.327215,0.0033006954,0.27122885,0.0019021363,0.043300204,0.0057911556,0.041884333,0.00906151,0.76532626,0.0033807156,0.055283472,0.003847767,0.12844077,0.0077313744,0.059612952,0.004460609,0.27122885,0.0019021363,"TWOGAUSSIANS_WITH_ELLIPSOIDAL_ON_ECLIPSE1",9,3.2732522,0.7664063,0.00266903,0.30958745,0.021547494,0.24752963,0.0055586235,0.27122885,0.0019021363,0.24248114,0.032430474,0.16110712,0.005463989
375316653866487564,2030262587403110144,0.5688292,2226.186784131972,0.48569411995578005,1.4659755E-5,18.636618,0.00229357,0.6476884,0.0013504481,0.022037378,0.0013654173,0.54148793,0.027390618,null,null,null,null,null,null,null,null,null,null,"ONEGAUSSIAN",5,2.501164,0.6476884,0.0013504481,0.12340931,0.007646337,0.54148793,0.0,null,null,null,null,null,null
375316653866487564,2030262724827875200,0.5456273,2204.650635260909,0.20684875611462158,9.129881E-6,17.236567,0.012146907,0.21722446,0.001520475,0.027801098,0.0035122116,0.14322615,0.016035713,0.7191286,0.011782065,0.020306498,0.06266739,1.4531845,1.4558299,null,null,null,null,"TWOGAUSSIANS",8,19.273058,0.7191286,0.011782065,0.113716386,0.28153762,1.4531845,1.4558371,0.21722446,0.001520475,0.15568615,0.019668385,0.14322615,0.016030818
375316653866487564,2030262793548636160,0.53397197,2280.6575873930597,0.8422182836097916,6.868816E-6,19.702457,0.0074509894,0.19870637,0.004898493,0.017201504,0.0055023287,0.56860304,0.19114806,0.6921588,4.4521547E-4,0.021491433,4.7793076E-4,0.7934115,0.028202688,null,null,null,null,"TWOGAUSSIANS",8,3.4250793,0.6921588,4.4521547E-4,0.12035203,0.0026764122,0.7934115,0.028202688,0.19870637,0.004898493,0.096328415,0.03081304,0.56860304,0.19114806
375316653866487564,2030263205878364032,0.51695216,2235.8346549018897,0.37390182449550324,6.176302E-6,13.359903,5.8479974E-4,0.33091936,0.0020830317,0.029388571,0.0086722085,0.025463214,0.0026648203,null,null,null,null,null,null,0.023658881,9.143621E-4,0.33091936,0.0020830317,"ONEGAUSSIAN_WITH_ELLIPSOIDAL",6,21.825813,0.33091936,0.0020830317,0.164576,0.048564367,0.07278093,0.0032184257,null,null,null,null,null,null
375316653866487564,2030263442053997824,0.47108847,2208.9719187838186,0.4836995811338196,4.7591806E-5,18.165161,0.00427502,0.41028124,0.0039108293,0.03243823,0.0035632343,0.42855874,0.104582116,0.82994366,0.010532687,0.036418054,0.009558112,0.05119353,0.012086157,null,null,null,null,"TWOGAUSSIANS",8,9.654692,0.41028124,0.0039108293,0.18165408,0.019954113,0.42855874,0.104582116,0.82994366,0.010532687,0.2039411,0.05352543,0.05119353,0.012086157
375316653866487564,2030263442054007680,0.4630782,2235.880948081343,4.694521444282004,4.5288605E-5,18.967493,0.008998331,0.5845527,0.007025052,0.10891001,0.008945137,0.15275893,0.012063624,0.8259663,0.02051066,0.03424594,0.021426028,0.060001634,0.018738838,null,null,null,null,"TWOGAUSSIANS",8,4.4939537,0.5845527,0.007025052,0.4,0.0,0.15275083,0.012061894,0.8259663,0.02051066,0.19177727,0.11998575,0.07308721,0.021238742
375316653866487564,2030263583835546624,0.564136,2237.264559200021,1.2505614399372345,5.4581483E-6,17.620764,0.0019832586,0.2707022,0.0028628032,0.061330743,0.005629104,0.118011214,0.00519892,0.7759984,0.0048689623,0.04608382,0.0022027139,0.69392,0.09623972,null,null,null,null,"TWOGAUSSIANS",8,2.7968922,0.7759984,0.0048689623,0.25806937,0.012335197,0.6939124,0.09624053,0.2707022,0.0028628032,0.34345216,0.03152298,0.11800358,0.005203354
375316653866487564,2030263686914640640,0.64415485,2216.4638998368137,0.765436103376339,2.2936747E-6,16.30512,0.0020208594,0.15306659,9.651387E-4,0.049231157,0.0016170503,0.15924884,0.007857062,0.6447315,0.0039258227,0.041299887,0.00408925,0.044140056,0.006139316,0.0819543,0.002954838,0.15306659,9.651387E-4,"TWOGAUSSIANS_WITH_ELLIPSOIDAL_ON_ECLIPSE1",9,3.297672,0.15306659,9.651387E-4,0.27569446,0.009055481,0.32315686,0.0058341827,0.64751154,0.002723669,0.23127936,0.022899803,0.2077486,0.0034603092
375316653866487564,2030264545908383232,0.50522435,2230.552097903224,0.303881573915739,1.4026867E-5,16.922037,0.0017847198,0.10779076,0.003249237,0.010211233,0.0033949416,0.015133474,0.0066839587,0.7427742,0.0015239172,0.02734428,0.0021567745,0.0953991,0.0036137654,0.01770786,0.0026206227,0.7427742,0.0015239172,"TWOGAUSSIANS_WITH_ELLIPSOIDAL_ON_ECLIPSE2",9,4.2482796,0.7427742,0.0015239172,0.15312798,0.012077938,0.13081475,0.0031949522,0.10933076,0.0035639268,0.057182904,0.019011673,0.030794801,0.00681302
375316653866487564,2030264958225018752,0.60677767,2217.393815059551,2.667352625044947,6.9084444E-6,17.317932,0.011485701,0.2391094,0.0015618148,0.05802159,0.005720535,0.2598239,0.031926233,0.7422571,0.006523034,0.052043915,0.008096561,0.25191286,0.023998328,0.12174967,0.014214221,0.2391094,0.0015618148,"TWOGAUSSIANS_WITH_ELLIPSOIDAL_ON_ECLIPSE1",9,7.445598,0.2391094,0.0015618148,0.3249209,0.032034993,0.50329643,0.029509967,0.7422571,0.0063249962,0.2914459,0.045340743,0.4952902,0.023513598
375316653866487564,2030265748486706048,0.43782783,2246.4909041064793,2.3580487374089443,5.9063794E-5,19.383184,0.012847108,0.24790688,0.048829444,0.033270095,0.036796004,0.18221815,0.11481102,0.7418288,0.008090067,0.034898125,0.0074761175,0.278363,0.055285834,null,null,null,null,"TWOGAUSSIANS",8,8.749055,0.7418288,0.008090067,0.19542949,0.041866258,0.278363,0.055285845,0.24790688,0.048829444,0.18631253,0.20605762,0.18221815,0.11481111
