Gaia/vari_eclipsing_binary/VariEclipsingBinary_153561-154811.csv
# %ECSV 1.0
# ---
# delimiter: ','
# meta: !!omap
# - RELEASE: Gaia DR3
# - TABLE: vari_eclipsing_binary
# - DESCRIPTION: >
#     This table describes the properties of the eclipsing binaries resulting from the variability analysis. 
# - CITATION: >
#     How to cite and acknowledge Gaia: 
#     https://gea.esac.esa.int/archive/documentation/credits.html 
# - KNOWN_ISSUES: >
#     Known issues: 
#     https://www.cosmos.esa.int/web/gaia-users/known-issues 
# - DOCUMENTATION: >
#     Tutorials and documentation: 
#     https://www.cosmos.esa.int/web/gaia-users/archive 
# datatype:
# - 
#   name: solution_id
#   datatype: int64
#   description: Solution Identifier
#   meta:
#     ucd: meta.version
# - 
#   name: source_id
#   datatype: int64
#   description: Unique source identifier
#   meta:
#     ucd: meta.id;meta.main
# - 
#   name: global_ranking
#   datatype: float32
#   description: Number between 0 (worst) and 1 (best)
#   meta:
#     ucd: stat.param
# - 
#   name: reference_time
#   datatype: float64
#   unit: d
#   description: Reference time used for the geometric model fit
#   meta:
#     ucd: time.epoch
# - 
#   name: frequency
#   datatype: float64
#   unit: d**-1
#   description: Frequency of geometric model of the eclipsing binary light curve
#   meta:
#     ucd: src.orbital
# - 
#   name: frequency_error
#   datatype: float32
#   unit: d**-1
#   description: "Uncertainty of \\texttt{frequency}"
#   meta:
#     ucd: stat.error
# - 
#   name: geom_model_reference_level
#   datatype: float32
#   unit: mag
#   description: Magnitude reference level of geometric model
#   meta:
#     ucd: phot.mag;em.opt
# - 
#   name: geom_model_reference_level_error
#   datatype: float32
#   unit: mag
#   description: "Uncertainty of \\texttt{geomModelReferenceLevel}"
#   meta:
#     ucd: stat.error;phot.mag;em.opt
# - 
#   name: geom_model_gaussian1_phase
#   datatype: float32
#   description: Phase of the Gaussian 1 component
#   meta:
#     ucd: time.phase
# - 
#   name: geom_model_gaussian1_phase_error
#   datatype: float32
#   description: "Uncertainty of \\texttt{geomModelGaussian1Phase}"
#   meta:
#     ucd: stat.error;time.phase
# - 
#   name: geom_model_gaussian1_sigma
#   datatype: float32
#   description: "Standard deviation [phase] of Gaussian 1 component"
#   meta:
#     ucd: stat.stdev
# - 
#   name: geom_model_gaussian1_sigma_error
#   datatype: float32
#   description: "Uncertainty of \\texttt{geomModelGaussian1Sigma}"
#   meta:
#     ucd: stat.error
# - 
#   name: geom_model_gaussian1_depth
#   datatype: float32
#   unit: mag
#   description: Magnitude depth of Gaussian 1 component
#   meta:
#     ucd: src.var.amplitude
# - 
#   name: geom_model_gaussian1_depth_error
#   datatype: float32
#   unit: mag
#   description: "Uncertainty of \\texttt{geomModelGaussian1Depth}"
#   meta:
#     ucd: stat.error;src.var.amplitude
# - 
#   name: geom_model_gaussian2_phase
#   datatype: float32
#   description: Phase of Gaussian 2 component
#   meta:
#     ucd: time.phase
# - 
#   name: geom_model_gaussian2_phase_error
#   datatype: float32
#   description: "Uncertainty of \\texttt{geomModelGaussian2Phase}"
#   meta:
#     ucd: stat.error;time.phase
# - 
#   name: geom_model_gaussian2_sigma
#   datatype: float32
[...]
#   datatype: float32
#   description: "Secondary eclipse: uncertainty of \\texttt{derivedSecondaryEclDuration}"
#   meta:
#     ucd: stat.error;time.duration
# - 
#   name: derived_secondary_ecl_depth
#   datatype: float32
#   unit: mag
#   description: "Secondary eclipse: depth"
#   meta:
#     ucd: src.var.amplitude
# - 
#   name: derived_secondary_ecl_depth_error
#   datatype: float32
#   unit: mag
#   description: "Secondary eclipse: uncertainty of \\texttt{derivedSecondaryEclDepth}"
#   meta:
#     ucd: stat.error;src.var.amplitude
solution_id,source_id,global_ranking,reference_time,frequency,frequency_error,geom_model_reference_level,geom_model_reference_level_error,geom_model_gaussian1_phase,geom_model_gaussian1_phase_error,geom_model_gaussian1_sigma,geom_model_gaussian1_sigma_error,geom_model_gaussian1_depth,geom_model_gaussian1_depth_error,geom_model_gaussian2_phase,geom_model_gaussian2_phase_error,geom_model_gaussian2_sigma,geom_model_gaussian2_sigma_error,geom_model_gaussian2_depth,geom_model_gaussian2_depth_error,geom_model_cosine_half_period_amplitude,geom_model_cosine_half_period_amplitude_error,geom_model_cosine_half_period_phase,geom_model_cosine_half_period_phase_error,model_type,num_model_parameters,reduced_chi2,derived_primary_ecl_phase,derived_primary_ecl_phase_error,derived_primary_ecl_duration,derived_primary_ecl_duration_error,derived_primary_ecl_depth,derived_primary_ecl_depth_error,derived_secondary_ecl_phase,derived_secondary_ecl_phase_error,derived_secondary_ecl_duration,derived_secondary_ecl_duration_error,derived_secondary_ecl_depth,derived_secondary_ecl_depth_error
[from data line 250]
375316653866487564,1359282077451975040,0.4389722,2201.4350862040974,0.07990957188462162,7.0961564E-6,13.562466,0.005840141,0.14109252,0.007880264,0.005749272,0.008456454,0.046839382,1.2385281,0.7747774,0.002271842,0.019947404,0.0037994664,2.4554753,1.6398593,0.013057603,0.006595956,0.14109252,0.007880264,"TWOGAUSSIANS_WITH_ELLIPSOIDAL_ON_ECLIPSE1",9,1805.3445,0.7747774,0.002271842,0.11170546,0.021277012,2.4671106,1.6398863,0.14109252,0.007880264,0.032195922,0.047356144,0.0729545,1.2396095
375316653866487564,1359287879951594624,0.53848726,2180.0003324709787,2.9316239018099703,9.2899194E-5,18.841702,0.009428472,0.24404095,0.046600293,0.058085326,0.079062775,0.048213456,0.10084363,0.5872414,0.00850543,0.034656964,0.004982952,0.58121437,0.22749755,null,null,null,null,"TWOGAUSSIANS",8,3.0964353,0.5872414,0.00850543,0.194079,0.027904531,0.58121437,0.22749609,0.24404095,0.046600293,0.32527784,0.38142097,0.048213456,0.10084364
375316653866487564,1359326603377881472,0.5787718,2145.584020770566,3.1800598043075543,7.923568E-6,16.95402,0.014087828,0.28297383,0.002428662,0.09140918,0.007802949,0.19011882,0.013076717,0.7819207,0.006524084,0.09938652,0.010474515,0.21466789,0.014096285,null,null,null,null,"TWOGAUSSIANS",8,4.8190885,0.7819207,0.006524084,0.4,0.0,0.20179771,0.0067399764,0.28297383,0.0024280432,0.4,0.0,0.1772499,0.008233648
375316653866487564,1359326843894950144,0.63061315,2187.187467202235,3.8543951329759674,6.861696E-6,18.105253,0.007893655,0.16302384,0.0014634416,0.052348103,0.003424525,0.41637084,0.04179204,0.6553429,0.0026246936,0.047771834,0.0028405064,0.32731038,0.023803575,0.126602,0.011109812,0.16302384,0.0014634416,"TWOGAUSSIANS_WITH_ELLIPSOIDAL_ON_ECLIPSE1",9,3.1036596,0.16302384,0.0014634416,0.29314938,0.01917734,0.6695699,0.04167321,0.65628284,0.0022278333,0.26752228,0.015906835,0.5799922,0.018681927
375316653866487564,1359345333730320640,0.61195433,2188.535258512304,2.4003433581747147,6.060279E-6,15.362077,0.0019350976,0.1893663,9.7451016E-4,0.056185637,0.0011931553,0.20874396,0.004898974,0.6929049,0.0054994156,0.042743266,0.0054987785,0.024251262,0.005126121,0.046476267,0.0023506265,0.1893663,9.7451016E-4,"TWOGAUSSIANS_WITH_ELLIPSOIDAL_ON_ECLIPSE1",9,8.049386,0.1893663,9.7451016E-4,0.31463957,0.0066816695,0.30168605,0.0033167724,0.6929049,0.0054994156,0.2393623,0.03079316,0.117147416,0.0033254675
375316653866487564,1359351823424849280,0.5918055,2202.1206170889923,1.073324364566377,1.2326817E-6,17.594498,0.0041593076,0.5808166,5.493545E-4,0.020037824,8.6966506E-4,0.5133097,0.025431026,0.7087268,0.033499643,0.06649792,0.024502907,0.021063216,0.008213955,null,null,null,null,"TWOGAUSSIANS",8,7.885743,0.5808967,5.212232E-4,0.112211816,0.004870124,0.51662534,0.026964273,0.7087268,0.033499643,0.37238836,0.1295661,0.021063218,0.008213937
375316653866487564,1359389103740703232,0.6372926,2206.610166710986,3.7337624912895673,5.5253345E-6,17.775146,0.01351036,0.2047655,0.0020401205,0.04882978,0.003212667,0.48793703,0.030353049,0.70318884,0.002056891,0.048544403,0.0035763716,0.41563073,0.029881805,0.113345146,0.017112948,0.2047655,0.0020401205,"TWOGAUSSIANS_WITH_ELLIPSOIDAL_ON_ECLIPSE1",9,7.1965823,0.2047655,0.0020401205,0.27344677,0.017990936,0.7146254,0.010953872,0.7033388,0.0018410094,0.27184865,0.02002768,0.6422989,0.014164787
375316653866487564,1359398350806587008,0.57152855,2177.419466094191,3.1273223407758906,1.0707897E-5,15.515226,2.0467148,0.23185429,0.008663667,0.123429604,0.10680107,0.30526826,1.5201063,0.74439675,0.010357164,0.12511776,0.2053427,0.26700845,1.9579597,null,null,null,null,"TWOGAUSSIANS",8,40.937344,0.23174429,0.004399981,0.4,0.0,0.23744121,0.01226486,0.74452674,0.0070593264,0.4,0.0,0.19916604,0.009436675
375316653866487564,1359410372419171328,0.45901692,2210.6038122611917,0.015066660483564906,6.942199E-6,18.118677,0.005588587,0.2716677,6.611238E-4,0.013097641,8.3152164E-4,0.31258795,0.01388889,0.85762537,0.008778857,0.027980296,0.00929604,0.058644895,0.01277851,null,null,null,null,"TWOGAUSSIANS",8,9.952955,0.2716677,6.611238E-4,0.073346786,0.004656521,0.31258795,0.01388889,0.85762537,0.008778857,0.15668966,0.052057825,0.058644895,0.01277851
375316653866487564,1359499742101380224,0.6399243,2193.9530470843247,4.035060598367724,3.991884E-6,18.957096,0.008777097,0.14107427,0.001168366,0.042822454,0.002527267,0.4121595,0.025343537,0.6387918,0.003712853,0.042833753,0.0038763029,0.4492166,0.026387716,0.148763,0.014884315,0.14107427,0.001168366,"TWOGAUSSIANS_WITH_ELLIPSOIDAL_ON_ECLIPSE1",9,1.373366,0.63899183,0.0034081952,0.23986903,0.021707296,0.74668634,0.02671502,0.14107427,0.001168366,0.23980574,0.0141526945,0.7096851,0.020679368
375316653866487564,1359509259746514432,0.45852622,2221.0324372610953,0.029815952783565792,3.0095283E-5,18.417564,0.005990479,0.12778082,0.006399236,0.022634717,0.009804615,0.053195175,0.38375327,0.6367334,0.005147257,0.09250281,0.007511672,0.19421288,0.010509036,null,null,null,null,"TWOGAUSSIANS",8,4.0681176,0.6367334,0.005147257,0.4,0.0,0.19419876,0.0105141625,0.12778082,0.006399236,0.1267544,0.054905843,0.05318125,0.38376516
375316653866487564,1359524519766192640,0.44273573,2189.057111840331,3.1768155006947576,1.9251538E-4,16.08856,0.0042764735,0.33117002,0.027073374,0.067721896,0.023387564,0.03493762,0.007316078,0.5925512,0.026202496,0.09613734,0.02819446,0.062377736,0.005266192,null,null,null,null,"TWOGAUSSIANS",8,22.440931,0.5925512,0.026202496,0.4,0.0,0.06239434,0.005270654,0.33797002,0.022788633,0.3792426,0.09681978,0.036630172,0.0060964683
375316653866487564,1359563002673245184,0.47166798,2174.1023042545803,3.3457252604558243,5.7984057E-6,18.882532,0.55395716,0.25318488,0.012856276,0.22710699,0.09189727,0.76689404,0.5414253,0.7440578,0.007230594,0.16626628,0.034474555,0.802753,0.4283802,null,null,null,null,"TWOGAUSSIANS",8,2.3114674,0.7440578,0.007230594,0.4,0.0,0.28123796,0.005615956,0.25796488,0.010212385,0.4,0.0,0.12692092,0.009711029
375316653866487564,1359611175026465280,0.4948888,2216.9739567358693,2.26656242196246,9.961954E-6,12.988489,0.025174374,0.25628328,0.0023026983,0.25689247,0.017251054,0.524176,0.025571542,0.7568077,0.0023353256,0.16822597,0.008327336,0.37336192,0.04182387,null,null,null,null,"TWOGAUSSIANS",8,117.033195,0.2560333,0.0023468714,0.4,0.0,0.077007696,0.00208029,0.7573477,0.0024142927,0.4,0.0,0.07436975,0.0019848475
375316653866487564,1359645397325996032,0.44757608,2161.0243102056197,0.5339107382576438,7.0497976E-5,18.326357,0.007576465,0.27502355,2.4648925E-4,0.043460198,0.0016342943,0.149129,0.00879309,0.7574079,0.010351496,0.04835429,0.01172914,0.121532634,0.009050437,null,null,null,null,"TWOGAUSSIANS",8,10.108645,0.27502355,2.4648925E-4,0.2433771,0.009152047,0.14912897,0.008793002,0.7574079,0.010351496,0.27078402,0.065683186,0.121532604,0.009050479
375316653866487564,1359683429260402176,0.56530327,2119.2481992594776,1.6230136674228437,1.3622342E-5,18.770182,0.0039142165,0.546795,0.0045637754,0.017870884,0.0031053456,0.63770556,0.07570762,0.7149664,0.07181789,0.064267084,0.052517492,0.031015536,0.0183134,null,null,null,null,"TWOGAUSSIANS",8,2.3648973,0.546815,0.0045723883,0.10007695,0.017389936,0.6387168,0.07580149,0.7149664,0.07181789,0.35989565,0.29208001,0.031015536,0.0183134
375316653866487564,1359716655127831808,0.48561555,2192.342092746236,4.4018196803074305,2.7481205E-5,19.197477,0.00584036,0.16659407,0.0065598264,0.05026727,0.015111395,0.05685398,0.016004518,0.67025375,0.022401223,0.02100045,0.021716436,0.063438304,99182.83,0.04909327,0.010936542,0.16659407,0.0065598264,"TWOGAUSSIANS_WITH_ELLIPSOIDAL_ON_ECLIPSE1",9,1.872518,0.67025375,0.022303576,0.11760252,0.12161204,0.16157256,99182.82,0.16659407,0.0065598264,0.28149673,0.08462381,0.15504014,0.009729717
375316653866487564,1359802833647221120,0.43028924,2197.276404153839,0.35895740903190376,1.2496535E-5,17.273514,0.0033277895,0.27891418,0.0010837305,0.020550491,0.0017963211,0.07059825,0.0030438288,0.9003427,0.002264443,0.016770408,0.0024606977,0.120835625,0.029440312,null,null,null,null,"TWOGAUSSIANS",8,10.665747,0.9003427,0.002264443,0.093914285,0.013779907,0.120835625,0.029440312,0.27891418,0.0010837305,0.11508275,0.010059399,0.07059825,0.0030438288
375316653866487564,1359813171631661568,0.4326,2186.6745268033483,0.6436971914181345,6.30681E-5,18.691952,0.012578145,0.23449634,0.023002261,0.019956436,0.0062094415,0.7875152,1.2124964,0.78301406,0.076120235,0.09567753,0.078362495,0.0524176,0.028991232,null,null,null,null,"TWOGAUSSIANS",8,10.533468,0.23449634,0.023002261,0.11175604,0.034772873,0.7875144,1.2124494,0.78301406,0.076120235,0.4,0.25478294,0.05241596,0.028990969
375316653866487564,1359860283129171584,0.64190054,2189.2321185665037,3.3171535373561656,3.281058E-6,16.288927,0.018880306,0.2978112,0.0018277267,0.059568904,0.004218825,0.4253157,0.043837193,0.79754084,0.0010934226,0.054154668,0.0043189996,0.3754788,0.037292987,0.09700936,0.024074716,0.2978112,0.0018277267,"TWOGAUSSIANS_WITH_ELLIPSOIDAL_ON_ECLIPSE1",9,16.173653,0.2978112,0.0018277267,0.33358586,0.02362542,0.6192608,0.010587126,0.7975708,9.7088714E-4,0.30326614,0.024186399,0.5694234,0.013705716
375316653866487564,1359865471449673344,0.6089504,2202.5899885100525,1.4073912609772814,7.025757E-6,15.654576,0.018069506,0.26504683,0.0018990607,0.06435656,0.014759612,0.10331423,0.034957025,0.75738114,0.008466477,0.06574669,0.012233683,0.16615474,0.03635615,0.06813947,0.02030836,0.26504683,0.0018990607,"TWOGAUSSIANS_WITH_ELLIPSOIDAL_ON_ECLIPSE1",9,19.063028,0.7590611,0.006512039,0.36818144,0.068508625,0.30205533,0.010751497,0.26504683,0.0018990607,0.3603967,0.08265383,0.23946172,0.008554987
375316653866487564,1359922646054473984,0.5467299,2218.5421896036823,3.459121316947091,1.0167743E-5,15.12755,0.010245755,0.1845291,0.0031530578,0.095494024,0.005990062,0.1725998,0.010607101,0.7007259,0.003436164,0.097342215,0.00976404,0.19465788,0.011003334,null,null,null,null,"TWOGAUSSIANS",8,46.312862,0.7007259,0.003436164,0.4,0.0,0.18446414,0.013028668,0.1845291,0.0031517365,0.4,0.0,0.16240652,0.0070835063
375316653866487564,1359923024011553664,0.6415834,2214.629004153774,4.139283080480869,3.8897274E-6,17.738028,0.0076696305,0.25008848,0.0020349193,0.04559321,0.0027558682,0.48826173,0.027666494,0.7511494,0.0016482531,0.0447806,0.0026407987,0.44707766,0.019494308,0.13430475,0.012996296,0.25008848,0.0020349193,"TWOGAUSSIANS_WITH_ELLIPSOIDAL_ON_ECLIPSE1",9,5.616276,0.25008848,0.0020349193,0.25532198,0.015432862,0.7568709,0.022188053,0.7511494,0.001635827,0.25077137,0.014788473,0.71567494,0.01621886
375316653866487564,1359979477062298240,0.5317897,2177.7230813885567,1.0832105495737412,2.3818282E-5,17.34837,0.0059902314,0.24927749,0.0019746611,0.013844775,0.001653487,0.5156262,0.20653819,0.7561312,0.0034058935,0.018449701,0.0029951762,0.45334992,0.2967994,0.027419234,0.008142919,0.24927749,0.0019746611,"TWOGAUSSIANS_WITH_ELLIPSOIDAL_ON_ECLIPSE1",9,22.93589,0.24927749,0.0019746611,0.07753074,0.009259528,0.57046455,0.2063666,0.7561312,0.0034058935,0.10331833,0.016772987,0.5080866,0.29772884
375316653866487564,1360040289503630080,0.57882255,2181.9424040173094,4.075046901920348,5.489936E-6,17.923754,0.006248642,0.19993854,0.0014933883,0.08203827,0.0028829076,0.3903819,0.010790609,0.7049452,0.002252228,0.0803375,0.0042680018,0.3519167,0.018334538,null,null,null,null,"TWOGAUSSIANS",8,3.34252,0.19993854,0.0014933883,0.4,0.0,0.3844968,0.011159758,0.7049452,0.002252228,0.4,0.0,0.34603164,0.01951781
375316653866487564,1360081864786747776,0.4529073,2147.049152066673,4.603730464517244,1.9939711E-5,19.923594,0.009082246,null,null,null,null,null,null,null,null,null,null,null,null,0.12871872,0.012609728,0.29095155,0.007678522,"ELLIPSOIDAL",4,4.0166,null,null,null,null,null,null,null,null,null,null,null,null
375316653866487564,1360118599643000704,0.63588274,2227.271911683263,2.7233706368727737,2.7336102E-6,17.286032,0.01027354,0.2480026,0.0011684711,0.05063585,0.004051966,0.28520834,0.0265746,0.74889696,0.0012538757,0.050916206,0.0026327393,0.39073548,0.024148125,0.11216046,0.014499313,0.2480026,0.0011684711,"TWOGAUSSIANS_WITH_ELLIPSOIDAL_ON_ECLIPSE1",9,8.924174,0.74889696,0.0012538757,0.28513074,0.014743339,0.61504537,0.014783676,0.2480026,0.0011684711,0.28356075,0.02269101,0.5095253,0.018230967
375316653866487564,1360153887094381952,0.5172685,2165.6818288964287,1.5495718794903708,6.762617E-5,16.268652,0.004098796,0.2256721,0.014406783,0.010618256,0.019251445,0.05485616,0.046198484,0.7375929,0.006291579,0.024823671,0.007587501,0.14206913,0.011384628,0.010920839,0.0054774377,0.2256721,0.014406783,"TWOGAUSSIANS_WITH_ELLIPSOIDAL_ON_ECLIPSE1",9,24.315203,0.7375929,0.006291579,0.13901256,0.042490005,0.16378848,0.008107209,0.2256721,0.014406783,0.059462234,0.1078081,0.076697804,0.04389307
375316653866487564,1360214665175299328,0.5332678,2184.0217880056402,3.2077953083794832,1.8577088E-5,17.015148,0.037734102,0.3189912,0.00786186,0.049144704,0.018509885,0.13075078,0.08762215,0.7597286,0.03806394,0.040062785,0.04761555,0.1242882,0.04636846,0.14217797,0.04034618,0.3189912,0.00786186,"TWOGAUSSIANS_WITH_ELLIPSOIDAL_ON_ECLIPSE1",9,43.731647,0.3189912,0.00786186,0.27521035,0.10365535,0.41510633,0.03208331,0.7730386,0.034177072,0.2243516,0.1825147,0.3789167,0.018122105
375316653866487564,1360276345201186048,0.54871935,2184.031963061439,0.3770568705917767,6.9651294E-5,17.218716,0.0016932463,0.32323486,0.018447325,0.113884985,0.021357328,0.012646682,0.0027164582,0.77465266,0.0132708205,0.027030455,0.005708943,0.16168149,0.036046665,null,null,null,null,"TWOGAUSSIANS",8,1.1073173,0.77465266,0.0132708205,0.15137056,0.031970084,0.16167049,0.036049236,0.32323486,0.018447325,0.4,0.0,0.012630676,0.0027076846
375316653866487564,1360345438339735552,0.6355273,2173.4417670480643,1.0866836061488487,4.55596E-6,12.09616,0.00823506,0.20647304,0.0015542706,0.09088494,0.0033258528,0.30134258,0.008320707,0.70566565,0.004537469,0.09995934,0.006760705,0.2538692,0.0095105255,null,null,null,null,"TWOGAUSSIANS",8,92.44677,0.20647304,0.0015542706,0.4,0.0,0.28377983,0.005972888,0.70566565,0.004537469,0.4,0.0,0.23630475,0.0061171143
375316653866487564,1360350356077809152,0.5268244,2194.8107706177166,1.8474582347887785,1.9731673E-5,16.166203,0.013637864,0.19355945,0.0033440148,0.052978702,0.0086549455,0.23637652,0.03139891,0.6979489,0.0033887567,0.04406059,0.006098928,0.1887533,0.03646492,0.044074338,0.01915882,0.19355945,0.0033440148,"TWOGAUSSIANS_WITH_ELLIPSOIDAL_ON_ECLIPSE1",9,65.643265,0.19355945,0.0033440148,0.29668075,0.048467696,0.32452166,0.030340752,0.6979489,0.0033887567,0.24673931,0.034153998,0.2768314,0.024043491
375316653866487564,1360404403944909312,0.43817857,2203.62165706806,2.3252396327245903,1.4120643E-5,19.35053,0.011546079,0.33886766,0.016662892,0.074535795,0.01731352,0.13850223,0.040993847,0.70190203,0.00631997,0.026314275,0.0066649467,0.15670699,0.01463969,null,null,null,null,"TWOGAUSSIANS",8,3.3158066,0.70190203,0.00631997,0.14735995,0.037323702,0.15670797,0.014646721,0.33886766,0.016662892,0.4,0.0063883206,0.13850223,0.04099387
375316653866487564,1360404575743707904,0.49410567,2156.9371919167857,1.2587846346168476,4.6285477E-5,19.637205,0.008246392,0.62802446,0.024918195,0.025250945,0.017894816,0.22569905,3.5643075,0.362663,0.010610446,0.14574698,0.010770648,0.19644792,0.012255287,null,null,null,null,"TWOGAUSSIANS",8,1.7036291,0.6266845,0.026135366,0.1414053,0.100210965,0.26236632,3.5613544,0.362663,0.010610446,0.4,0.0,0.1953548,0.0121474825
375316653866487564,1360404678823104128,0.47801414,2292.5684782215703,1.175710082020873,2.0438316E-5,18.869537,0.08634974,0.23922129,0.02197577,0.03747325,0.03212883,0.5030018,0.1117142,0.75374144,0.016021317,0.135904,0.085834235,0.10016145,0.08256978,null,null,null,null,"TWOGAUSSIANS",8,2.6453378,0.23921129,0.022811612,0.2098502,0.17493042,0.5005309,0.14935982,0.75374144,0.016021317,0.4,0.0,0.097443454,0.023958597
