Gaia/vari_eclipsing_binary/VariEclipsingBinary_690706-690770.csv
# %ECSV 1.0
# ---
# delimiter: ','
# meta: !!omap
# - RELEASE: Gaia DR3
# - TABLE: vari_eclipsing_binary
# - DESCRIPTION: >
#     This table describes the properties of the eclipsing binaries resulting from the variability analysis. 
# - CITATION: >
#     How to cite and acknowledge Gaia: 
#     https://gea.esac.esa.int/archive/documentation/credits.html 
# - KNOWN_ISSUES: >
#     Known issues: 
#     https://www.cosmos.esa.int/web/gaia-users/known-issues 
# - DOCUMENTATION: >
#     Tutorials and documentation: 
#     https://www.cosmos.esa.int/web/gaia-users/archive 
# datatype:
# - 
#   name: solution_id
#   datatype: int64
#   description: Solution Identifier
#   meta:
#     ucd: meta.version
# - 
#   name: source_id
#   datatype: int64
#   description: Unique source identifier
#   meta:
#     ucd: meta.id;meta.main
# - 
#   name: global_ranking
#   datatype: float32
#   description: Number between 0 (worst) and 1 (best)
#   meta:
#     ucd: stat.param
# - 
#   name: reference_time
#   datatype: float64
#   unit: d
#   description: Reference time used for the geometric model fit
#   meta:
#     ucd: time.epoch
# - 
#   name: frequency
#   datatype: float64
#   unit: d**-1
#   description: Frequency of geometric model of the eclipsing binary light curve
#   meta:
#     ucd: src.orbital
# - 
#   name: frequency_error
#   datatype: float32
#   unit: d**-1
#   description: "Uncertainty of \\texttt{frequency}"
#   meta:
#     ucd: stat.error
# - 
#   name: geom_model_reference_level
#   datatype: float32
#   unit: mag
#   description: Magnitude reference level of geometric model
#   meta:
#     ucd: phot.mag;em.opt
# - 
#   name: geom_model_reference_level_error
#   datatype: float32
#   unit: mag
#   description: "Uncertainty of \\texttt{geomModelReferenceLevel}"
#   meta:
#     ucd: stat.error;phot.mag;em.opt
# - 
#   name: geom_model_gaussian1_phase
#   datatype: float32
#   description: Phase of the Gaussian 1 component
#   meta:
#     ucd: time.phase
# - 
#   name: geom_model_gaussian1_phase_error
#   datatype: float32
#   description: "Uncertainty of \\texttt{geomModelGaussian1Phase}"
#   meta:
#     ucd: stat.error;time.phase
# - 
#   name: geom_model_gaussian1_sigma
#   datatype: float32
#   description: "Standard deviation [phase] of Gaussian 1 component"
#   meta:
#     ucd: stat.stdev
# - 
#   name: geom_model_gaussian1_sigma_error
#   datatype: float32
#   description: "Uncertainty of \\texttt{geomModelGaussian1Sigma}"
#   meta:
#     ucd: stat.error
# - 
#   name: geom_model_gaussian1_depth
#   datatype: float32
#   unit: mag
#   description: Magnitude depth of Gaussian 1 component
#   meta:
#     ucd: src.var.amplitude
# - 
#   name: geom_model_gaussian1_depth_error
#   datatype: float32
#   unit: mag
#   description: "Uncertainty of \\texttt{geomModelGaussian1Depth}"
#   meta:
#     ucd: stat.error;src.var.amplitude
# - 
#   name: geom_model_gaussian2_phase
#   datatype: float32
#   description: Phase of Gaussian 2 component
#   meta:
#     ucd: time.phase
# - 
#   name: geom_model_gaussian2_phase_error
#   datatype: float32
#   description: "Uncertainty of \\texttt{geomModelGaussian2Phase}"
#   meta:
#     ucd: stat.error;time.phase
# - 
#   name: geom_model_gaussian2_sigma
#   datatype: float32
[...]
#   datatype: float32
#   description: "Secondary eclipse: uncertainty of \\texttt{derivedSecondaryEclDuration}"
#   meta:
#     ucd: stat.error;time.duration
# - 
#   name: derived_secondary_ecl_depth
#   datatype: float32
#   unit: mag
#   description: "Secondary eclipse: depth"
#   meta:
#     ucd: src.var.amplitude
# - 
#   name: derived_secondary_ecl_depth_error
#   datatype: float32
#   unit: mag
#   description: "Secondary eclipse: uncertainty of \\texttt{derivedSecondaryEclDepth}"
#   meta:
#     ucd: stat.error;src.var.amplitude
solution_id,source_id,global_ranking,reference_time,frequency,frequency_error,geom_model_reference_level,geom_model_reference_level_error,geom_model_gaussian1_phase,geom_model_gaussian1_phase_error,geom_model_gaussian1_sigma,geom_model_gaussian1_sigma_error,geom_model_gaussian1_depth,geom_model_gaussian1_depth_error,geom_model_gaussian2_phase,geom_model_gaussian2_phase_error,geom_model_gaussian2_sigma,geom_model_gaussian2_sigma_error,geom_model_gaussian2_depth,geom_model_gaussian2_depth_error,geom_model_cosine_half_period_amplitude,geom_model_cosine_half_period_amplitude_error,geom_model_cosine_half_period_phase,geom_model_cosine_half_period_phase_error,model_type,num_model_parameters,reduced_chi2,derived_primary_ecl_phase,derived_primary_ecl_phase_error,derived_primary_ecl_duration,derived_primary_ecl_duration_error,derived_primary_ecl_depth,derived_primary_ecl_depth_error,derived_secondary_ecl_phase,derived_secondary_ecl_phase_error,derived_secondary_ecl_duration,derived_secondary_ecl_duration_error,derived_secondary_ecl_depth,derived_secondary_ecl_depth_error
[from data line 327]
375316653866487564,6075783749099220224,0.5735008,2208.521024018038,2.489856759741834,5.6793056E-6,16.463614,0.011861289,0.25961587,0.0017396931,0.095375955,0.004145253,0.33858654,0.011624986,0.75492066,0.0026728802,0.103766926,0.005791741,0.31464463,0.011426125,null,null,null,null,"TWOGAUSSIANS",8,18.868338,0.25961587,0.0017396931,0.4,0.0,0.31236416,0.008600721,0.75492066,0.0026728802,0.4,0.0,0.28841716,0.008729717
375316653866487564,6075784019663018240,0.5112307,2193.0953342242387,3.0355758155238934,1.4258909E-5,18.897266,0.0073477426,0.2307788,0.0032612614,0.08747508,0.005211773,0.22202827,0.008172768,0.7388259,0.0055939076,0.08324011,0.0075042727,0.22397026,0.01153376,null,null,null,null,"TWOGAUSSIANS",8,2.0345833,0.7388259,0.0055939076,0.4,0.0,0.21864948,0.010515004,0.2307788,0.0032612614,0.4,0.0,0.21670745,0.007152301
375316653866487564,6075784058336905216,0.741115,2211.367514361043,0.4270974782768745,2.2579834E-6,15.371438,6.0818857E-4,0.36991638,5.9097427E-5,0.016839063,1.856874E-4,0.53240603,0.003729694,0.86882335,0.0010173161,0.017093012,8.4315176E-4,0.6561876,0.009351635,null,null,null,null,"TWOGAUSSIANS",8,4.7296095,0.86882335,0.0010173161,0.09572087,0.00472165,0.6561876,0.009351635,0.36991638,5.9097427E-5,0.09429875,0.0010398494,0.53240603,0.003729694
375316653866487564,6075786081251547776,0.595973,2230.3167822278697,1.0934647094140149,5.2871815E-6,18.465555,0.0033455938,0.26245525,0.0048131985,0.042362418,0.007094952,0.07959815,0.02517957,0.7564689,5.8786257E-4,0.036917128,6.583588E-4,0.7154292,0.013033501,null,null,null,null,"TWOGAUSSIANS",8,3.0432281,0.7564689,5.8786257E-4,0.20673592,0.0036868094,0.7154292,0.013033501,0.26245525,0.0048131985,0.23722954,0.03973173,0.07959815,0.025179576
375316653866487564,6075786287410124672,0.48279193,2232.0198194617137,2.621449049620111,1.4871174E-5,18.819561,0.004909705,0.18932629,0.0061144074,0.08231548,0.0077194218,0.13340975,0.00807608,0.6775334,0.006108493,0.08717663,0.0067972867,0.16788642,0.01205508,null,null,null,null,"TWOGAUSSIANS",8,1.6771649,0.6775334,0.006108493,0.4,0.0,0.1647435,0.012089349,0.18932629,0.0061144074,0.4,0.0,0.13026686,0.007940206
375316653866487564,6075786665367307776,0.5490649,2213.4208735837788,0.596690875896683,3.352468E-5,17.053314,0.0035724111,0.30939123,0.006635135,0.011180931,0.004163297,0.65787995,0.9500865,0.80701077,0.009763938,0.013652014,0.0048489715,0.41937232,0.3247654,null,null,null,null,"TWOGAUSSIANS",8,25.385036,0.30939123,0.006635135,0.06261321,0.023314463,0.65787995,0.9500865,0.80701077,0.009763938,0.07645128,0.02715424,0.41937232,0.3247654
375316653866487564,6075786738396715520,0.5826666,2226.6570228741602,0.5882536725445462,1.5980182E-5,17.120008,0.002189684,0.23333831,0.004726419,0.05394443,0.0045596785,0.0859717,0.004790756,0.7437885,0.0027988863,0.04615332,0.0017865201,0.32613072,0.019699637,null,null,null,null,"TWOGAUSSIANS",8,5.398183,0.7437885,0.0027988863,0.2584586,0.010004512,0.32613,0.019699873,0.23333831,0.004726419,0.30208883,0.0255342,0.08597099,0.004790499
375316653866487564,6075787047634234624,0.62098724,2218.256705154871,2.952204113069563,3.7196119E-6,15.280739,0.0050097983,0.28520226,0.0029975558,0.04629296,0.004787587,0.1779774,0.015032547,0.79620254,6.610365E-4,0.047204584,0.0021418117,0.2166165,0.011489005,0.11705672,0.0071509713,0.79620254,6.610365E-4,"TWOGAUSSIANS_WITH_ELLIPSOIDAL_ON_ECLIPSE2",9,52.141308,0.79620254,6.610365E-4,0.26434568,0.011994146,0.45072925,0.0051936097,0.28720227,0.002256757,0.2592406,0.026810488,0.41117623,0.015121079
375316653866487564,6075787459951686528,0.525727,2191.4832318570807,3.3168771990759724,1.25017705E-5,17.613266,0.014220079,0.23815583,0.0033124108,0.1089277,0.00883506,0.1911023,0.0134568205,0.74912786,0.004602035,0.096539065,0.012035626,0.13577051,0.013403734,null,null,null,null,"TWOGAUSSIANS",8,4.4586477,0.23815583,0.0033124108,0.4,0.0,0.17637038,0.005407648,0.7491378,0.004614634,0.4,0.0,0.12104935,0.007879873
375316653866487564,6075787971037362688,0.58478564,2206.078470677474,3.0959186121799163,1.0171057E-5,18.968557,0.007480895,0.28033704,0.002311566,0.06588985,0.0024406102,0.5552518,0.010581276,0.7876902,0.0030381344,0.0732319,0.0032193158,0.615976,0.022484865,null,null,null,null,"TWOGAUSSIANS",8,2.3190496,0.7876902,0.0030381344,0.4,0.0,0.6144599,0.02262136,0.28033704,0.002311566,0.36898315,0.013667417,0.5537357,0.010384045
375316653866487564,6075790208730376320,0.5777746,2201.451875337298,2.524664343938087,7.2816956E-6,15.062992,0.00731015,0.26489407,0.002095256,0.06529882,0.009691341,0.059258588,0.014399269,0.7743723,0.00844907,0.053585563,0.015958045,0.045175206,0.015313717,0.036127403,0.007895791,0.26489407,0.002095256,"TWOGAUSSIANS_WITH_ELLIPSOIDAL_ON_ECLIPSE1",9,13.260221,0.26489407,0.002095256,0.3656734,0.05399337,0.1314744,0.0044218143,0.7743723,0.00844907,0.30007917,0.08936506,0.11713507,0.0022002612
375316653866487564,6075790964644760704,0.5135818,2194.9264432334057,2.1117969552560854,1.3679345E-5,19.624456,0.008975527,0.22998072,0.00267012,0.03904348,0.0023469175,0.7686643,0.034447867,0.7289473,0.004357476,0.040793728,0.003490172,0.3075346,0.036171306,null,null,null,null,"TWOGAUSSIANS",8,3.9881375,0.22998072,0.00267012,0.21864347,0.013142738,0.7686643,0.034447867,0.7289473,0.004357476,0.22844489,0.019544965,0.3075346,0.036171306
375316653866487564,6075792197289461760,0.53930527,2191.0246012524817,2.8490138639347267,8.369874E-6,17.905886,0.010215233,0.23848423,0.0030378967,0.08247807,0.0042182887,0.31999272,0.015981644,0.7353754,0.0023448723,0.08511229,0.0037799096,0.34258276,0.012441801,null,null,null,null,"TWOGAUSSIANS",8,9.38591,0.7353754,0.0023448723,0.4,0.0,0.33526707,0.011319883,0.23848423,0.0030378967,0.4,0.0,0.31267706,0.015380295
375316653866487564,6075792648253573632,0.475564,2175.6901964623958,2.768691226634447,2.0831398E-5,18.612024,0.2926003,0.22142942,0.016773665,0.1301647,0.059619136,0.37050146,0.27077845,0.69179404,0.009054332,0.13069968,0.043164283,0.5770033,0.2595923,null,null,null,null,"TWOGAUSSIANS",8,17.84969,0.69179404,0.009054332,0.4,0.0,0.46075672,0.034418803,0.22235942,0.01641695,0.4,0.0,0.2546744,0.07648203
375316653866487564,6075792747041160960,0.51378226,2202.0325880180917,3.3394572012740475,1.7892295E-5,18.625572,0.01648076,0.29213303,0.0043232716,0.07120278,0.0061108354,0.46048734,0.021307489,0.8101891,0.008826853,0.08225819,0.010247946,0.3004729,0.030166812,null,null,null,null,"TWOGAUSSIANS",8,11.680786,0.29213303,0.0043232716,0.39873552,0.02718601,0.45804724,0.020741744,0.8101891,0.008826853,0.4,0.0,0.2980328,0.029877132
375316653866487564,6075793026210754432,0.5392173,2181.6776557252488,3.274554391593965,1.375785E-5,19.426764,0.00950625,0.28263134,0.003798227,0.053586785,0.0051030684,0.73988515,0.059941005,0.7692065,0.0032964675,0.058200937,0.0033147987,0.34308165,0.026474906,null,null,null,null,"TWOGAUSSIANS",8,4.5054955,0.28263134,0.003798227,0.300086,0.028577184,0.7398592,0.05995653,0.7692065,0.0032964675,0.32592523,0.018562872,0.34305573,0.026475636
375316653866487564,6075793747783578624,0.506248,2193.397603571555,2.612514547045626,1.2593208E-5,15.580581,0.008728847,0.20276734,0.0030087442,0.07273354,0.004047883,0.4360431,0.022466872,0.69821095,0.004909913,0.08309796,0.005005827,0.45763353,0.015897717,null,null,null,null,"TWOGAUSSIANS",8,138.01996,0.69821095,0.004909913,0.4,0.0,0.45290983,0.01584069,0.20276734,0.0030087442,0.4,0.0017952644,0.43131942,0.023068793
375316653866487564,6075794022643673984,0.43454564,2158.889970653717,1.3561442508976165,2.7142503E-5,19.212294,0.009674376,0.50956696,0.005208446,0.052262772,0.004955518,0.12920348,0.015172129,0.7767151,0.0041970895,0.03372164,0.0029032887,0.45956177,0.044651043,null,null,null,null,"TWOGAUSSIANS",8,6.12158,0.7767151,0.0041970895,0.1888412,0.016258417,0.45956203,0.044651207,0.50956696,0.005208446,0.29267153,0.0277509,0.12920348,0.015172129
375316653866487564,6075794812935719808,0.53505695,2192.8758157355205,3.5220373542220655,1.0172315E-5,13.466843,0.02950529,0.2340723,0.003356427,0.03755978,0.0057974122,0.45342773,0.07952264,0.7280488,0.0025978799,0.052598223,0.0053953445,0.8486211,0.068650976,0.106218085,0.040835608,0.2340723,0.003356427,"TWOGAUSSIANS_WITH_ELLIPSOIDAL_ON_ECLIPSE1",9,2097.6038,0.7283588,0.002404128,0.29455006,0.03021393,1.0607626,0.05551556,0.2340723,0.003356427,0.21033478,0.03246551,0.66585773,0.05009609
375316653866487564,6075795637569312512,0.57822835,2205.444263091412,2.5920983746785553,7.315425E-6,17.757599,0.0070517156,0.24463393,0.0022412874,0.05358337,0.0031305726,0.23619127,0.015836883,0.75664747,0.0025431914,0.060715266,0.004113443,0.18775357,0.025135053,0.10652294,0.009565284,0.75664747,0.0025431914,"TWOGAUSSIANS_WITH_ELLIPSOIDAL_ON_ECLIPSE2",9,6.5636277,0.24667393,0.0016392394,0.30006686,0.017531207,0.4481901,0.0067621707,0.75664747,0.0025431914,0.3400055,0.023035282,0.40075904,0.019318083
375316653866487564,6075799653348663040,0.47425464,2208.412410456161,2.1990842373923463,2.0269837E-5,17.03808,0.020188924,0.30741838,0.010310653,0.014211194,0.010677693,0.21076371,0.06271969,0.79868233,0.010022803,0.03508829,0.03390763,0.04001529,0.15899186,0.15512094,0.025880104,0.79868233,0.010022803,"TWOGAUSSIANS_WITH_ELLIPSOIDAL_ON_ECLIPSE2",9,98.424934,0.30721837,0.010227527,0.079582684,0.05979508,0.5200929,0.049974844,0.79868233,0.010022803,0.19649442,0.18988274,0.35025695,0.1697893
375316653866487564,6075799898176604672,0.5170321,2200.919322335771,2.9153863925325103,9.113663E-6,17.803463,0.05201182,0.32642233,0.0031355724,0.120289676,0.017341895,0.29995888,0.04643271,0.8154342,0.002760499,0.113582544,0.01954607,0.24816196,0.042957917,null,null,null,null,"TWOGAUSSIANS",8,4.859226,0.32644236,0.003150213,0.4,0.0,0.24975096,0.009025522,0.8154342,0.002760499,0.4,0.0,0.19803411,0.013235909
375316653866487564,6075800722791469696,0.4995285,2230.396233589058,0.31584411750884955,1.49303E-5,19.349052,0.0048763207,0.30346486,7.891676E-4,0.0034974902,0.0013587911,0.06399229,0.0046631433,0.8421271,0.001372563,0.009279178,0.0019073355,0.4808276,0.14980929,null,null,null,null,"TWOGAUSSIANS",8,3.0630507,0.8421271,0.001372563,0.0519634,0.010681079,0.4808276,0.14980929,0.30346486,7.891676E-4,0.019585945,0.0076092305,0.06399229,0.0046631433
375316653866487564,6075800894608917760,0.50277686,2215.2610558809192,2.647337436647832,1.3170761E-5,17.506918,0.01558506,0.26521567,0.0030144549,0.1007414,0.011077832,0.11720241,0.014368701,0.75942236,0.006635215,0.110152386,0.020597544,0.09915066,0.015414225,null,null,null,null,"TWOGAUSSIANS",8,2.9780786,0.26522565,0.0030150057,0.4,0.0,0.105136156,0.004833338,0.75942236,0.006635215,0.4,0.0,0.08707866,0.008745732
375316653866487564,6075801066389112576,0.5843359,2206.4971792599727,1.7090574234093556,8.511602E-6,17.480366,0.008227217,0.28109366,0.0024103622,0.08762656,0.0037715042,0.36609057,0.008658401,0.7935415,0.0019476346,0.1001574,0.004956985,0.19872026,0.0075764493,null,null,null,null,"TWOGAUSSIANS",8,5.1519685,0.28109366,0.0024103622,0.4,0.0,0.3534905,0.0063864947,0.7935415,0.0019476346,0.4,0.0,0.18611847,0.005146581
375316653866487564,6075801577493947904,0.5507765,2240.7299647749687,2.983245768218064,6.992881E-6,18.23981,0.010157431,0.29840413,0.0029293753,0.042606108,0.013293951,0.14070736,0.03272712,0.7946837,0.004139387,0.05031614,0.0059143654,0.18070118,0.023061896,0.10504409,0.013793681,0.29840413,0.0029293753,"TWOGAUSSIANS_WITH_ELLIPSOIDAL_ON_ECLIPSE1",9,5.651133,0.7953837,0.0032761628,0.28177038,0.033120446,0.3906949,0.011784089,0.29840413,0.0029293753,0.2385942,0.07444613,0.35079423,0.041390557
375316653866487564,6075801891022940544,0.5723324,2216.307666953305,1.7902810441380794,6.229151E-6,17.819624,0.049100883,0.2919296,0.0014918111,0.06397832,0.008317058,0.722019,0.08186089,0.7905974,0.0012721508,0.045165736,0.009865012,0.42830983,0.09296613,0.05946438,0.06093746,0.2919296,0.0014918111,"TWOGAUSSIANS_WITH_ELLIPSOIDAL_ON_ECLIPSE1",9,19.397793,0.2919296,0.0014918111,0.35827863,0.046575524,0.84062004,0.06623952,0.7906574,0.001205948,0.25292814,0.05524407,0.5469029,0.03338494
375316653866487564,6075802372077697024,0.57302445,2225.8368695076715,0.7461503317404489,2.0039097E-5,16.46239,0.0028148827,0.39821637,0.08537199,0.047349043,0.041357324,0.019386247,0.014127887,0.65725255,0.0012314578,0.03464921,0.0026083793,0.5225655,0.044295892,null,null,null,null,"TWOGAUSSIANS",8,12.8170805,0.65725255,0.0012314578,0.19403557,0.014606925,0.5225655,0.044295873,0.39821637,0.08537199,0.26515466,0.15704846,0.019386247,0.0141279
375316653866487564,6075803196711546112,0.54957724,2190.3190179422368,0.30910704477957357,3.6182282E-5,17.889261,0.0027833262,0.26918736,0.007338684,0.03965045,0.00656359,0.042431034,0.005721799,0.7595214,0.0063379444,0.03438232,0.0050406912,0.6965038,0.25680706,null,null,null,null,"TWOGAUSSIANS",8,2.9465408,0.7595214,0.0063379444,0.192541,0.02822787,0.6965038,0.25680706,0.26918736,0.007338684,0.22204252,0.036756106,0.042431034,0.0057217986
375316653866487564,6075804193144071552,0.4711424,2217.50957048034,4.307682554750977,1.8785451E-5,18.940634,0.010969862,0.22013108,0.005493438,0.037201576,0.015253886,0.12064094,0.035924174,0.7572647,0.030531418,0.03286656,0.01828015,0.057273213,0.034685798,0.084626585,0.015329081,0.22013108,0.005493438,"TWOGAUSSIANS_WITH_ELLIPSOIDAL_ON_ECLIPSE1",9,8.818897,0.22013108,0.005493438,0.20832883,0.08542176,0.28989395,0.038006812,0.7572647,0.030531418,0.18405272,0.10236885,0.21747857,0.032144833
375316653866487564,6075805979850406784,0.62562364,2186.745444488682,0.32123445504874254,1.4484403E-6,16.170746,0.0011936327,0.26525626,1.4434983E-4,0.018507699,1.8689991E-4,0.31737536,0.0026384061,0.43036908,0.027952174,0.019669252,0.03070287,0.008285397,0.14748771,null,null,null,null,"TWOGAUSSIANS",8,4.255209,0.26525626,1.4434983E-4,0.10364311,0.0010466395,0.31737536,0.0026411596,0.43036908,0.027952174,0.110147804,0.17193608,0.008285397,0.14748771
375316653866487564,6075806014210166272,0.5473408,2163.2667727132457,0.34463167453095367,1.9269359E-5,10.507599,3.4703774E-4,0.2551446,0.0020331475,0.01043015,0.0031643107,0.07505155,0.040566374,0.76576453,0.015147525,0.019818963,0.012394279,0.09274356,5.6093907,0.0069415024,4.958199E-4,0.2551446,0.0020331475,"TWOGAUSSIANS_WITH_ELLIPSOIDAL_ON_ECLIPSE1",9,10.7738905,0.76576453,0.015147525,0.110986196,0.06940796,0.10656483,5.6093326,0.2551446,0.0020331475,0.05840884,0.01772014,0.08893455,0.04066177
375316653866487564,6075806044260293888,0.4940728,2192.61945428413,3.0470625197933985,1.2703129E-5,19.316523,0.24133666,0.28545386,0.0050934115,0.12991644,0.06761273,0.27836218,0.23205106,0.7816368,0.0031333594,0.11164446,0.031378936,0.37090907,0.21234544,null,null,null,null,"TWOGAUSSIANS",8,1.7669073,0.7816368,0.0031333594,0.4,0.0,0.29974166,0.0141176265,0.28546384,0.0051422827,0.4,0.0,0.20688759,0.015168978
375316653866487564,6075807109407630080,0.51350105,2228.1993711276377,0.9902377638175202,5.311765E-6,18.303522,0.004307664,0.21201114,0.001794878,0.025267104,0.001962567,0.28194016,0.013215345,0.7084421,5.163349E-4,0.019781874,0.0012680313,0.42788795,0.052791372,null,null,null,null,"TWOGAUSSIANS",8,6.745562,0.7084421,5.163349E-4,0.110778496,0.007100975,0.42788795,0.052791372,0.21201114,0.001794878,0.14149578,0.010990375,0.28194016,0.013215345
