Gaia/vari_eclipsing_binary/VariEclipsingBinary_677753-677770.csv
# %ECSV 1.0
# ---
# delimiter: ','
# meta: !!omap
# - RELEASE: Gaia DR3
# - TABLE: vari_eclipsing_binary
# - DESCRIPTION: >
#     This table describes the properties of the eclipsing binaries resulting from the variability analysis. 
# - CITATION: >
#     How to cite and acknowledge Gaia: 
#     https://gea.esac.esa.int/archive/documentation/credits.html 
# - KNOWN_ISSUES: >
#     Known issues: 
#     https://www.cosmos.esa.int/web/gaia-users/known-issues 
# - DOCUMENTATION: >
#     Tutorials and documentation: 
#     https://www.cosmos.esa.int/web/gaia-users/archive 
# datatype:
# - 
#   name: solution_id
#   datatype: int64
#   description: Solution Identifier
#   meta:
#     ucd: meta.version
# - 
#   name: source_id
#   datatype: int64
#   description: Unique source identifier
#   meta:
#     ucd: meta.id;meta.main
# - 
#   name: global_ranking
#   datatype: float32
#   description: Number between 0 (worst) and 1 (best)
#   meta:
#     ucd: stat.param
# - 
#   name: reference_time
#   datatype: float64
#   unit: d
#   description: Reference time used for the geometric model fit
#   meta:
#     ucd: time.epoch
# - 
#   name: frequency
#   datatype: float64
#   unit: d**-1
#   description: Frequency of geometric model of the eclipsing binary light curve
#   meta:
#     ucd: src.orbital
# - 
#   name: frequency_error
#   datatype: float32
#   unit: d**-1
#   description: "Uncertainty of \\texttt{frequency}"
#   meta:
#     ucd: stat.error
# - 
#   name: geom_model_reference_level
#   datatype: float32
#   unit: mag
#   description: Magnitude reference level of geometric model
#   meta:
#     ucd: phot.mag;em.opt
# - 
#   name: geom_model_reference_level_error
#   datatype: float32
#   unit: mag
#   description: "Uncertainty of \\texttt{geomModelReferenceLevel}"
#   meta:
#     ucd: stat.error;phot.mag;em.opt
# - 
#   name: geom_model_gaussian1_phase
#   datatype: float32
#   description: Phase of the Gaussian 1 component
#   meta:
#     ucd: time.phase
# - 
#   name: geom_model_gaussian1_phase_error
#   datatype: float32
#   description: "Uncertainty of \\texttt{geomModelGaussian1Phase}"
#   meta:
#     ucd: stat.error;time.phase
# - 
#   name: geom_model_gaussian1_sigma
#   datatype: float32
#   description: "Standard deviation [phase] of Gaussian 1 component"
#   meta:
#     ucd: stat.stdev
# - 
#   name: geom_model_gaussian1_sigma_error
#   datatype: float32
#   description: "Uncertainty of \\texttt{geomModelGaussian1Sigma}"
#   meta:
#     ucd: stat.error
# - 
#   name: geom_model_gaussian1_depth
#   datatype: float32
#   unit: mag
#   description: Magnitude depth of Gaussian 1 component
#   meta:
#     ucd: src.var.amplitude
# - 
#   name: geom_model_gaussian1_depth_error
#   datatype: float32
#   unit: mag
#   description: "Uncertainty of \\texttt{geomModelGaussian1Depth}"
#   meta:
#     ucd: stat.error;src.var.amplitude
# - 
#   name: geom_model_gaussian2_phase
#   datatype: float32
#   description: Phase of Gaussian 2 component
#   meta:
#     ucd: time.phase
# - 
#   name: geom_model_gaussian2_phase_error
#   datatype: float32
#   description: "Uncertainty of \\texttt{geomModelGaussian2Phase}"
#   meta:
#     ucd: stat.error;time.phase
# - 
#   name: geom_model_gaussian2_sigma
#   datatype: float32
[...]
#   datatype: float32
#   description: "Secondary eclipse: uncertainty of \\texttt{derivedSecondaryEclDuration}"
#   meta:
#     ucd: stat.error;time.duration
# - 
#   name: derived_secondary_ecl_depth
#   datatype: float32
#   unit: mag
#   description: "Secondary eclipse: depth"
#   meta:
#     ucd: src.var.amplitude
# - 
#   name: derived_secondary_ecl_depth_error
#   datatype: float32
#   unit: mag
#   description: "Secondary eclipse: uncertainty of \\texttt{derivedSecondaryEclDepth}"
#   meta:
#     ucd: stat.error;src.var.amplitude
solution_id,source_id,global_ranking,reference_time,frequency,frequency_error,geom_model_reference_level,geom_model_reference_level_error,geom_model_gaussian1_phase,geom_model_gaussian1_phase_error,geom_model_gaussian1_sigma,geom_model_gaussian1_sigma_error,geom_model_gaussian1_depth,geom_model_gaussian1_depth_error,geom_model_gaussian2_phase,geom_model_gaussian2_phase_error,geom_model_gaussian2_sigma,geom_model_gaussian2_sigma_error,geom_model_gaussian2_depth,geom_model_gaussian2_depth_error,geom_model_cosine_half_period_amplitude,geom_model_cosine_half_period_amplitude_error,geom_model_cosine_half_period_phase,geom_model_cosine_half_period_phase_error,model_type,num_model_parameters,reduced_chi2,derived_primary_ecl_phase,derived_primary_ecl_phase_error,derived_primary_ecl_duration,derived_primary_ecl_duration_error,derived_primary_ecl_depth,derived_primary_ecl_depth_error,derived_secondary_ecl_phase,derived_secondary_ecl_phase_error,derived_secondary_ecl_duration,derived_secondary_ecl_duration_error,derived_secondary_ecl_depth,derived_secondary_ecl_depth_error
[from data line 294]
375316653866487564,5961635024595322112,0.54487437,2442.9538627007632,0.5571613041290291,2.7356742E-5,19.299917,0.005709135,0.3402922,0.0014351376,0.032790083,0.0013543064,1.1116158,0.038485095,0.8513109,0.006202121,0.04175194,0.0061875326,0.11472332,0.02094655,null,null,null,null,"TWOGAUSSIANS",8,3.1905642,0.3402922,0.0014351376,0.18362448,0.0075841155,1.1116158,0.038485095,0.8513109,0.006202121,0.23381086,0.034650184,0.11472332,0.02094655
375316653866487564,5961635097662210432,0.5619323,2463.8173379074533,2.9409758100025742,7.560586E-6,17.854305,0.0028730691,0.308011,0.001976223,0.036169074,0.005847441,0.07636699,0.01564337,0.79226977,0.023937317,0.028508948,0.015803367,0.052613027,0.0081723295,0.09500342,0.004805383,0.308011,0.001976223,"TWOGAUSSIANS_WITH_ELLIPSOIDAL_ON_ECLIPSE1",9,3.7315297,0.308011,0.001976223,0.20254682,0.03274567,0.2663738,0.01586753,0.79522973,0.02111725,0.15965012,0.08849885,0.24111426,0.0061232722
375316653866487564,5961635303820818048,0.5167271,2456.434215367546,3.378555846995273,9.005353E-6,18.930742,0.015625762,0.24357623,0.0035960902,0.07695186,0.007978631,0.28062543,0.0141693335,0.75748265,0.003594639,0.08278585,0.008714137,0.22875468,0.02309601,null,null,null,null,"TWOGAUSSIANS",8,4.9377155,0.24357623,0.0035960902,0.4,0.0,0.27777475,0.012968375,0.75748265,0.003594639,0.4,0.0,0.225904,0.022853058
375316653866487564,5961636334613321856,0.45469862,2466.1274004174966,3.6015859658961387,2.8840715E-5,19.34902,0.01962544,0.16967757,0.0026142623,0.0024001617,0.00201155,0.16063316,7.693579,0.5790815,0.012569314,0.17590901,0.038868688,0.16918758,0.014703897,null,null,null,null,"TWOGAUSSIANS",8,3.3497643,0.16967757,0.0026136031,0.013440906,0.011264679,0.16655575,7.6934676,0.5790815,0.012569314,0.4,0.0,0.16323043,0.012749516
375316653866487564,5961636403334225408,0.46794823,2470.602752928124,1.8720921988138075,1.9695448E-5,19.726896,0.017561011,0.25761932,0.006738422,0.02732614,0.013046208,0.25827527,0.115300715,0.7976721,0.02002537,0.05985277,0.012756439,0.15851597,0.039100222,0.09966995,0.026689272,0.25761932,0.006738422,"TWOGAUSSIANS_WITH_ELLIPSOIDAL_ON_ECLIPSE1",9,5.458427,0.25761932,0.006738422,0.15302639,0.07305876,0.45761383,0.14290483,0.7976721,0.02002537,0.3351755,0.071436055,0.34549415,0.022871414
375316653866487564,5961636403356236544,0.47809297,2210.779635071962,0.4569312492524129,1.03405146E-4,18.479967,0.018621486,0.22398897,0.112926774,0.0548682,0.041262902,0.3765157,0.26316947,0.5245782,0.11385884,0.0711028,0.105494276,0.0822998,0.15081295,null,null,null,null,"TWOGAUSSIANS",8,3.8298216,0.22399896,0.11318602,0.3072619,0.23107226,0.37652645,0.26319665,0.5245782,0.11385884,0.39817566,0.32260525,0.08229985,0.1508859
375316653866487564,5961636437693979392,0.50224805,2472.2957627837945,1.655688757315924,2.677519E-5,19.656769,0.02355204,0.27186975,0.009645397,0.08547788,0.011117274,0.41847754,0.02959901,0.78045976,0.007442103,0.0862685,0.013035653,0.23254335,0.02250732,null,null,null,null,"TWOGAUSSIANS",8,3.2011015,0.27186975,0.009645397,0.4,0.0,0.41075358,0.026414752,0.78045976,0.007442103,0.4,0.0,0.22481942,0.01725706
375316653866487564,5961636437716014720,0.5045982,2462.2519289610664,1.5588644178967417,1.2440802E-5,18.710258,0.034596853,0.25416717,0.005923199,0.11940342,0.023013437,0.16420522,0.032296885,0.74924403,0.0028138747,0.10130945,0.010514603,0.30362406,0.031292573,null,null,null,null,"TWOGAUSSIANS",8,4.064522,0.74924403,0.0028138747,0.4,0.0,0.27252704,0.011617662,0.25416717,0.005928649,0.4,0.0,0.13305953,0.009929813
375316653866487564,5961636575154979072,0.5097891,2476.920308049409,2.164004761000406,1.7150898E-5,19.460392,0.04629685,0.23514527,0.004268184,0.09626403,0.015322487,0.31884593,0.040849786,0.73559064,0.0057708775,0.112645194,0.01772752,0.29378617,0.04266345,null,null,null,null,"TWOGAUSSIANS",8,1.423583,0.23514527,0.0042796843,0.4,0.0,0.2844117,0.013005563,0.73559064,0.0057708775,0.4,0.0,0.25932187,0.014208647
375316653866487564,5961636918729552768,0.47246468,2516.3051933425118,0.018615635949680243,8.840081E-5,19.787258,0.033512045,0.19229497,0.09354801,0.07309857,0.052854892,0.5032474,0.11225547,0.70557445,0.0034316787,0.01695421,0.0099559,0.3639776,0.28010887,null,null,null,null,"TWOGAUSSIANS",8,3.1694443,0.19229497,0.09354801,0.4,0.020475453,0.5032473,0.11177552,0.70557445,0.0034316787,0.094943576,0.055753037,0.36397755,0.27973744
375316653866487564,5961637021808876544,0.4382835,2453.770605737838,0.09359043280991214,1.4346111E-5,19.003975,0.8290651,0.28983375,0.0061499793,0.29230672,0.24385126,0.7749947,0.71246326,0.8156014,0.009211773,0.092688024,0.026196776,0.46440846,0.25221875,null,null,null,null,"TWOGAUSSIANS",8,2.2391877,0.8201114,0.0032882437,0.4,0.0,0.31071958,0.060950078,0.28982374,0.006150237,0.4,0.0,0.2637108,0.14312257
375316653866487564,5961637434125652480,0.46555048,2454.7463747830343,3.5284530575806925,3.121624E-5,17.903152,0.030403858,0.26989332,0.010399377,0.096782885,0.024003232,0.1984597,0.023412015,0.75584096,0.013242063,0.10125219,0.019521562,0.15389329,0.032124564,null,null,null,null,"TWOGAUSSIANS",8,12.670547,0.26989332,0.010393027,0.4,0.0,0.18649048,0.014833477,0.75584096,0.013242063,0.4,0.0,0.14192295,0.018665459
375316653866487564,5961637571564805504,0.53797156,2456.4102093014967,2.832126798837702,1.2789411E-5,19.139887,0.22135103,0.28006762,0.0032110177,0.117845505,0.026003582,0.51445645,0.21168332,0.77319527,0.0041111517,0.12895434,0.038876466,0.43294626,0.21471798,null,null,null,null,"TWOGAUSSIANS",8,2.551927,0.28013763,0.0031076726,0.4,0.0,0.401249,0.015465082,0.77319527,0.0041111517,0.4,0.0,0.31938893,0.021808539
375316653866487564,5961637777723489664,0.42594424,2522.1445238075507,2.3368595779215937,2.8714221E-5,18.825825,0.0108209895,0.2019395,2.93587E-5,0.01007674,2.8706907E-4,0.3819505,0.008296087,0.6046601,0.009840924,0.051166017,0.011250794,0.26432022,0.048585456,null,null,null,null,"TWOGAUSSIANS",8,6.946536,0.2019395,2.93587E-5,0.056429744,0.0016075867,0.3819505,0.008296087,0.6046601,0.009840924,0.2865297,0.06300444,0.26432022,0.048585456
375316653866487564,5961637812082059264,0.47966796,2480.2938602625823,3.8532444673708786,8.7061766E-5,19.540203,0.05414042,0.42571822,0.014449536,0.20939623,0.037599746,0.31623167,0.052341364,0.8075227,0.012836752,0.032072823,0.008466772,0.09710763,0.049390536,null,null,null,null,"TWOGAUSSIANS",8,2.6541107,0.42571822,0.014449536,0.4,0.0,0.27959082,0.014297095,0.8075227,0.012836752,0.17960782,0.047413923,0.12449755,0.04936017
375316653866487564,5961637842100539904,0.5230925,2487.543761495471,1.0698436394397024,1.1791952E-6,18.730606,0.0023157683,0.32982284,3.4185025E-6,0.0013476218,1.9955392E-5,0.6214818,0.006604868,0.8179291,0.02014351,0.048337556,0.022777947,0.020736037,0.00978378,null,null,null,null,"TWOGAUSSIANS",8,1.3016288,0.32982284,3.4185025E-6,0.0075466824,1.11750196E-4,0.6214818,0.006604868,0.8179291,0.02014351,0.27069032,0.1275565,0.020736037,0.00978378
375316653866487564,5961637949521076608,0.4912869,2454.8870184939383,0.5249509827213311,1.1642163E-5,18.278315,0.014003075,0.25534686,0.0048581553,0.08175733,0.007565048,0.2980624,0.015146607,0.7518041,0.0039148876,0.07391909,0.008072106,0.26908514,0.022859503,null,null,null,null,"TWOGAUSSIANS",8,12.319803,0.25534686,0.0048581553,0.4,0.0,0.2950296,0.014321956,0.7518041,0.0039148876,0.4,0.018387625,0.26605237,0.02321352
375316653866487564,5961637949562633728,0.46880093,2362.6440195857476,0.6886057069323434,3.1474752E-5,17.371151,0.004126279,0.33602917,0.07664669,0.05938764,0.04396618,0.01766724,0.014645609,0.63323355,0.005091527,0.057560254,0.0074023693,0.25646812,0.06820648,null,null,null,null,"TWOGAUSSIANS",8,2.6213598,0.63323355,0.005091527,0.32233742,0.04145327,0.25646818,0.068206735,0.33603916,0.07666326,0.3325708,0.24621062,0.017667655,0.014645309
375316653866487564,5961638396221086720,0.48662505,2512.464868558092,0.05469622863189141,7.438616E-5,15.238618,0.004669622,0.26609313,0.011820357,0.10799241,0.01564712,0.058092285,0.005170645,0.75616205,0.01622412,0.07654644,0.014854732,0.074699886,0.007359244,null,null,null,null,"TWOGAUSSIANS",8,5.899246,0.75616205,0.01622412,0.4,0.010637913,0.07192753,0.006700947,0.26609313,0.011820357,0.4,0.0,0.05531713,0.00529913
375316653866487564,5961638499276967552,0.56410706,2490.3665333438585,2.4140861286954456,9.575392E-6,19.52008,0.010389863,0.21681659,0.0052055367,0.06661916,0.00478184,0.68764555,0.020203337,0.71720064,0.0012922391,0.06743448,0.0024357168,0.6024995,0.020621886,null,null,null,null,"TWOGAUSSIANS",8,2.5696585,0.21681659,0.0052055367,0.3730673,0.026778305,0.6864322,0.020214751,0.71720064,0.0012922391,0.37763312,0.013640014,0.6012861,0.0206787
375316653866487564,5961638636716211584,0.43509635,2541.838597072387,4.001554133335973,2.093407E-5,16.946712,0.046198938,0.17707881,0.011172683,0.1283408,0.049858004,0.16974705,0.022720167,0.693284,0.0023481874,0.07065336,0.007826951,0.6886668,0.07339275,null,null,null,null,"TWOGAUSSIANS",8,3.9425178,0.69330394,0.0023690488,0.39565882,0.03781371,0.67164713,0.07717602,0.17707881,0.011172683,0.4,0.0,0.15253587,0.0325077
375316653866487564,5961638671076040704,0.48433292,2488.5129011808895,1.8043427116236916,1.0956699E-5,19.051119,0.23639977,0.25910726,0.004181105,0.1269527,0.040007435,0.2671562,0.21352206,0.76468,0.0065266876,0.15335771,0.07249726,0.2720821,0.2299501,null,null,null,null,"TWOGAUSSIANS",8,2.10323,0.76478004,0.006551191,0.4,0.0,0.16684112,0.0119998455,0.25870726,0.0039211665,0.4,0.0,0.16437735,0.01099809
375316653866487564,5961638705435890688,0.48743153,2474.599782419743,0.868761010610984,2.513727E-5,19.311777,0.007355305,0.23880485,0.014753717,0.05932306,0.019684276,0.18098201,0.028821025,0.7495687,0.002580232,0.056080405,0.0043582497,0.23481321,0.015731335,null,null,null,null,"TWOGAUSSIANS",8,2.8948417,0.7495687,0.002580232,0.31405026,0.024406197,0.23479033,0.015709527,0.23880485,0.014753717,0.33220914,0.0915369,0.1809591,0.02905817
375316653866487564,5961638980313937920,0.45437554,2479.043736970754,1.2741734946447938,1.411144E-5,18.909452,0.0065784846,null,null,null,null,null,null,null,null,null,null,null,null,0.11639836,0.013115943,0.2359714,0.0046075196,"ELLIPSOIDAL",4,9.963699,null,null,null,null,null,null,null,null,null,null,null,null
375316653866487564,5961639010323928448,0.5986094,2458.503099774638,3.600564520912373,4.481332E-6,18.682737,0.014216288,0.21917553,0.0016095971,0.03916892,0.003419451,0.51942325,0.034776732,0.72387004,0.0030086585,0.044280455,0.004650823,0.53099173,0.034922916,0.15611291,0.02103009,0.21917553,0.0016095971,"TWOGAUSSIANS_WITH_ELLIPSOIDAL_ON_ECLIPSE1",9,8.119039,0.72387004,0.0030086585,0.24797054,0.026044609,0.84294534,0.027994264,0.21917553,0.0016095971,0.21934596,0.019148925,0.8316484,0.025342725
375316653866487564,5961639117775841408,0.49886262,2486.4451508467296,2.0492216948288617,1.2143897E-5,18.182379,0.02635259,0.1895029,0.0069674742,0.04945363,0.015711283,0.15094264,0.07372006,0.70230615,0.012355775,0.04968956,0.015788302,0.1645293,0.07392499,0.075499035,0.039503574,0.1895029,0.0069674742,"TWOGAUSSIANS_WITH_ELLIPSOIDAL_ON_ECLIPSE1",9,16.582916,0.70230615,0.012355775,0.27826154,0.08841449,0.3145517,0.035380043,0.1895029,0.0069674742,0.27694032,0.08798318,0.3019401,0.040289827
375316653866487564,5961639426990920960,0.48829865,2469.932050347317,1.3790429138349682,1.8954637E-5,18.798773,0.010972983,0.21217652,0.019799057,0.08223565,0.024287552,0.10846264,0.029407742,0.70560366,0.0032300376,0.058218095,0.0033232416,0.42304328,0.019606058,null,null,null,null,"TWOGAUSSIANS",8,12.10149,0.70560366,0.0032300376,0.32602134,0.018610153,0.42249653,0.01925515,0.21217652,0.019799057,0.4,0.0,0.107915886,0.029854044
375316653866487564,5961639731860087808,0.52960783,2479.740995256726,2.263652112622957,1.436873E-5,16.888803,0.015220655,0.28026906,0.0031712388,0.084470004,0.0056608734,0.3419589,0.013342479,0.76561564,0.0032656188,0.08012447,0.0052117016,0.32780442,0.014663692,null,null,null,null,"TWOGAUSSIANS",8,45.00274,0.28026906,0.0031712388,0.4,0.0,0.33691323,0.011183335,0.76561564,0.0032656188,0.4,0.0,0.32275873,0.012191811
375316653866487564,5961639770610809088,0.4988207,2466.019080895964,1.0489580080561085,1.1144744E-5,18.852835,0.009898323,0.23915441,0.005024599,0.08971177,0.008655972,0.16299202,0.00986728,0.7381956,0.0041766167,0.09126355,0.008427304,0.16843817,0.010464452,null,null,null,null,"TWOGAUSSIANS",8,1.6732007,0.7381956,0.0041766167,0.4,0.0,0.16125187,0.009347527,0.23915441,0.005024599,0.4,0.0,0.15580577,0.007664739
375316653866487564,5961640006731804544,0.5591781,2287.759530822907,2.2604839803571752,1.8491604E-5,17.205614,0.1664032,0.24292783,0.0066657956,0.10940003,0.042238038,0.20672862,0.16094212,0.721728,0.0067262114,0.088261805,0.058342222,0.3480521,0.038372308,null,null,null,null,"TWOGAUSSIANS",8,7.0120173,0.721728,0.0067262114,0.4,0.0,0.33220622,0.11678192,0.24292783,0.0060222694,0.4,0.0,0.19086613,0.014339298
375316653866487564,5961640217185159296,0.5224161,2224.3654171065964,3.0296446580365144,4.1269253E-5,19.185732,0.009381372,0.2691562,0.0053591835,0.08134404,0.010320638,0.26551172,0.052050825,0.7609073,0.008970137,0.07903309,0.01000797,0.28889126,0.023225699,null,null,null,null,"TWOGAUSSIANS",8,1.5381364,0.7609073,0.008970137,0.4,0.0,0.28524187,0.022099195,0.2691562,0.0053591835,0.4,0.0,0.26186234,0.054710884
375316653866487564,5961640389030783744,0.5604844,2266.502154487099,2.2183233147536012,1.3220912E-5,16.62348,0.010694247,0.21141677,0.003442203,0.08459064,0.006122579,0.22774598,0.013061565,0.7053788,0.003255425,0.09044031,0.00593952,0.2602908,0.01244191,null,null,null,null,"TWOGAUSSIANS",8,14.256069,0.7053788,0.003255425,0.4,0.0,0.25282428,0.011496463,0.21141677,0.003442203,0.4,0.0,0.22027957,0.011765855
375316653866487564,5961640492063202560,0.4714466,2246.2458487311465,2.618484007934622,1.6567648E-5,17.954683,0.013424103,0.33315295,0.0053159697,0.06950478,0.008427796,0.18685849,0.01569649,0.8532633,0.014626184,0.07689211,0.014611639,0.13556892,0.027280945,null,null,null,null,"TWOGAUSSIANS",8,6.6251216,0.33315295,0.0053159697,0.3892268,0.028715286,0.1862868,0.015597737,0.8532633,0.014626184,0.4,0.0052927467,0.13499722,0.027326914
375316653866487564,5961640766941034752,0.5041375,2264.8378056811157,0.15758614143653932,8.364413E-5,18.361149,0.03130116,0.2173773,0.011588428,0.23767783,0.12277254,0.045226943,0.029642804,0.53885055,0.10786221,0.057611637,0.046879973,0.9341689,4814.4116,null,null,null,null,"TWOGAUSSIANS",8,2.1429286,0.53885055,0.10786221,0.32262516,0.26252785,0.94206214,4814.41,0.2173973,0.011587948,0.4,0.0,0.034245405,0.0078320755
375316653866487564,5961641076178847872,0.5218639,2272.816455087895,1.7018959018751845,1.8808722E-5,19.491287,0.01808945,0.3014153,0.0071006157,0.071310475,0.010257826,0.18227424,0.016734734,0.799884,0.022864057,0.05933912,0.014149079,0.21706273,0.0451074,null,null,null,null,"TWOGAUSSIANS",8,1.0435958,0.799884,0.022864057,0.33229908,0.07477616,0.21681498,0.04453943,0.3014153,0.0071006157,0.39933866,0.02471138,0.18202649,0.01628206
375316653866487564,5961641621641565440,0.5746638,2239.2060022023597,0.2369314186314754,1.3259072E-4,17.48339,0.008178203,0.82196325,1.347143E-5,0.021020146,1.6684247E-4,1.3225005,0.00520547,null,null,null,null,null,null,null,null,null,null,"ONEGAUSSIAN",5,33.098938,0.82196325,1.347143E-5,0.11771282,9.343178E-4,1.3225005,0.0,null,null,null,null,null,null
375316653866487564,5961641896517498880,0.5159181,2307.8537993505506,2.0616333812325434,4.9062135E-5,15.371744,0.73696446,0.2879877,0.014449879,0.15124498,0.13498986,0.25107837,0.7046523,0.78162885,0.004868535,0.13330382,0.0741793,0.2598809,0.59455484,null,null,null,null,"TWOGAUSSIANS",8,50.03242,0.78162885,0.004868535,0.4,0.0,0.15762177,0.015315772,0.28818768,0.014641439,0.4,0.0,0.1471391,0.017127628
