Gaia/vari_eclipsing_binary/VariEclipsingBinary_630771-631532.csv
# %ECSV 1.0
# ---
# delimiter: ','
# meta: !!omap
# - RELEASE: Gaia DR3
# - TABLE: vari_eclipsing_binary
# - DESCRIPTION: >
#     This table describes the properties of the eclipsing binaries resulting from the variability analysis. 
# - CITATION: >
#     How to cite and acknowledge Gaia: 
#     https://gea.esac.esa.int/archive/documentation/credits.html 
# - KNOWN_ISSUES: >
#     Known issues: 
#     https://www.cosmos.esa.int/web/gaia-users/known-issues 
# - DOCUMENTATION: >
#     Tutorials and documentation: 
#     https://www.cosmos.esa.int/web/gaia-users/archive 
# datatype:
# - 
#   name: solution_id
#   datatype: int64
#   description: Solution Identifier
#   meta:
#     ucd: meta.version
# - 
#   name: source_id
#   datatype: int64
#   description: Unique source identifier
#   meta:
#     ucd: meta.id;meta.main
# - 
#   name: global_ranking
#   datatype: float32
#   description: Number between 0 (worst) and 1 (best)
#   meta:
#     ucd: stat.param
# - 
#   name: reference_time
#   datatype: float64
#   unit: d
#   description: Reference time used for the geometric model fit
#   meta:
#     ucd: time.epoch
# - 
#   name: frequency
#   datatype: float64
#   unit: d**-1
#   description: Frequency of geometric model of the eclipsing binary light curve
#   meta:
#     ucd: src.orbital
# - 
#   name: frequency_error
#   datatype: float32
#   unit: d**-1
#   description: "Uncertainty of \\texttt{frequency}"
#   meta:
#     ucd: stat.error
# - 
#   name: geom_model_reference_level
#   datatype: float32
#   unit: mag
#   description: Magnitude reference level of geometric model
#   meta:
#     ucd: phot.mag;em.opt
# - 
#   name: geom_model_reference_level_error
#   datatype: float32
#   unit: mag
#   description: "Uncertainty of \\texttt{geomModelReferenceLevel}"
#   meta:
#     ucd: stat.error;phot.mag;em.opt
# - 
#   name: geom_model_gaussian1_phase
#   datatype: float32
#   description: Phase of the Gaussian 1 component
#   meta:
#     ucd: time.phase
# - 
#   name: geom_model_gaussian1_phase_error
#   datatype: float32
#   description: "Uncertainty of \\texttt{geomModelGaussian1Phase}"
#   meta:
#     ucd: stat.error;time.phase
# - 
#   name: geom_model_gaussian1_sigma
#   datatype: float32
#   description: "Standard deviation [phase] of Gaussian 1 component"
#   meta:
#     ucd: stat.stdev
# - 
#   name: geom_model_gaussian1_sigma_error
#   datatype: float32
#   description: "Uncertainty of \\texttt{geomModelGaussian1Sigma}"
#   meta:
#     ucd: stat.error
# - 
#   name: geom_model_gaussian1_depth
#   datatype: float32
#   unit: mag
#   description: Magnitude depth of Gaussian 1 component
#   meta:
#     ucd: src.var.amplitude
# - 
#   name: geom_model_gaussian1_depth_error
#   datatype: float32
#   unit: mag
#   description: "Uncertainty of \\texttt{geomModelGaussian1Depth}"
#   meta:
#     ucd: stat.error;src.var.amplitude
# - 
#   name: geom_model_gaussian2_phase
#   datatype: float32
#   description: Phase of Gaussian 2 component
#   meta:
#     ucd: time.phase
# - 
#   name: geom_model_gaussian2_phase_error
#   datatype: float32
#   description: "Uncertainty of \\texttt{geomModelGaussian2Phase}"
#   meta:
#     ucd: stat.error;time.phase
# - 
#   name: geom_model_gaussian2_sigma
#   datatype: float32
[...]
#   datatype: float32
#   description: "Secondary eclipse: uncertainty of \\texttt{derivedSecondaryEclDuration}"
#   meta:
#     ucd: stat.error;time.duration
# - 
#   name: derived_secondary_ecl_depth
#   datatype: float32
#   unit: mag
#   description: "Secondary eclipse: depth"
#   meta:
#     ucd: src.var.amplitude
# - 
#   name: derived_secondary_ecl_depth_error
#   datatype: float32
#   unit: mag
#   description: "Secondary eclipse: uncertainty of \\texttt{derivedSecondaryEclDepth}"
#   meta:
#     ucd: stat.error;src.var.amplitude
solution_id,source_id,global_ranking,reference_time,frequency,frequency_error,geom_model_reference_level,geom_model_reference_level_error,geom_model_gaussian1_phase,geom_model_gaussian1_phase_error,geom_model_gaussian1_sigma,geom_model_gaussian1_sigma_error,geom_model_gaussian1_depth,geom_model_gaussian1_depth_error,geom_model_gaussian2_phase,geom_model_gaussian2_phase_error,geom_model_gaussian2_sigma,geom_model_gaussian2_sigma_error,geom_model_gaussian2_depth,geom_model_gaussian2_depth_error,geom_model_cosine_half_period_amplitude,geom_model_cosine_half_period_amplitude_error,geom_model_cosine_half_period_phase,geom_model_cosine_half_period_phase_error,model_type,num_model_parameters,reduced_chi2,derived_primary_ecl_phase,derived_primary_ecl_phase_error,derived_primary_ecl_duration,derived_primary_ecl_duration_error,derived_primary_ecl_depth,derived_primary_ecl_depth_error,derived_secondary_ecl_phase,derived_secondary_ecl_phase_error,derived_secondary_ecl_duration,derived_secondary_ecl_duration_error,derived_secondary_ecl_depth,derived_secondary_ecl_depth_error
[from data line 217]
375316653866487564,5550676061015312896,0.45888183,2192.0681466789174,3.6381693582027688,2.2782804E-5,19.75231,0.006226289,0.10059873,0.01045623,0.03324429,0.008232277,0.04870637,0.008294383,0.6182727,0.0074027553,0.02203724,0.0035315151,0.39543298,0.06148195,null,null,null,null,"TWOGAUSSIANS",8,1.6903063,0.6182727,0.0074027553,0.12340854,0.019776484,0.39543298,0.06148195,0.10059873,0.01045623,0.18616803,0.04610075,0.04870637,0.008294383
375316653866487564,5550678328758030336,0.44558167,2221.832671127174,1.5032255727982466,1.644508E-5,18.686176,0.0043969983,0.19637121,0.016658643,0.027503513,0.008091375,0.049203932,0.015243689,0.56399894,0.001387721,0.012580225,0.0019960278,0.42837554,0.14679886,null,null,null,null,"TWOGAUSSIANS",8,5.5879474,0.56399894,0.001387721,0.07044926,0.011177756,0.42837554,0.14679886,0.19637121,0.016658643,0.15401967,0.0453117,0.049203932,0.015243689
375316653866487564,5550686300218925184,0.50732666,2138.3638386440825,2.037425290297653,1.4627535E-5,19.197243,0.0038432088,0.34116605,0.031930413,0.034463458,0.021391006,0.35069367,2.7976668,0.79178596,0.0038705412,0.025365371,0.0045461757,0.056128483,0.030501552,null,null,null,null,"TWOGAUSSIANS",8,1.3444148,0.34116605,0.031930413,0.19299537,0.11978964,0.35069367,2.7976668,0.79178596,0.0038705412,0.14204608,0.025458584,0.056128483,0.030501552
375316653866487564,5550704957556023680,0.58817685,2144.5322347118667,1.7468332608787742,1.1311815E-5,18.853321,0.00460833,0.26289055,0.009674816,0.022415396,0.011634515,0.5348494,0.14898646,0.7676314,9.9156105E-6,0.018817652,1.0001508E-4,0.78185576,0.0039808704,null,null,null,null,"TWOGAUSSIANS",8,2.930687,0.7676314,9.9156105E-6,0.10537885,5.600845E-4,0.78185576,0.0039808704,0.26289055,0.009674816,0.12552622,0.06515328,0.5348494,0.14898646
375316653866487564,5550710592552940160,0.5480426,2193.398330606711,3.6995816848846,1.5673953E-5,18.600773,0.0064601977,0.2795852,0.0043967036,0.08053549,0.005298321,0.44059578,0.0277472,0.78853023,0.0039204923,0.06636195,0.004166292,0.32205433,0.016404452,null,null,null,null,"TWOGAUSSIANS",8,5.681266,0.2795852,0.0043967036,0.4,0.0,0.4387121,0.028179916,0.78853023,0.0039204923,0.37162694,0.023331236,0.32017064,0.016565405
375316653866487564,5550719667818941952,0.558475,2250.893910400374,2.0668115011555854,7.689101E-6,15.954893,0.0055219554,0.26491997,0.0036634207,0.048397142,0.0056201816,0.13256346,0.016545035,0.76924783,0.006070943,0.044577677,0.00794454,0.062430628,0.013100823,0.02067036,0.0061426344,0.26491997,0.0036634207,"TWOGAUSSIANS_WITH_ELLIPSOIDAL_ON_ECLIPSE1",9,9.440274,0.26491997,0.0036634207,0.27102402,0.03147302,0.17390393,0.0131656835,0.76924783,0.0059786905,0.24963498,0.044489425,0.103740536,0.0075470884
375316653866487564,5550760895208081280,0.5630702,2218.6576410867024,1.3472231082371886,1.0109835E-5,16.678171,0.035783425,0.24860984,0.002817614,0.1138599,0.015084103,0.18641783,0.03344243,0.74454606,0.00499027,0.1278482,0.021439163,0.16236076,0.03462246,null,null,null,null,"TWOGAUSSIANS",8,5.0823536,0.24864984,0.0028140165,0.4,0.0,0.14734133,0.00418005,0.74454606,0.00499027,0.4,0.0,0.12315265,0.004910467
375316653866487564,5550768115050020736,0.65487057,2230.552138139009,2.355196578931017,4.8189527E-6,13.203859,0.003678029,0.29614842,9.882177E-4,0.09733411,0.0038304823,0.24877782,0.0050466666,0.7998474,9.135886E-4,0.090669826,0.0020220717,0.28178832,0.0034588329,null,null,null,null,"TWOGAUSSIANS",8,18.814695,0.7998474,9.135886E-4,0.4,0.0,0.26721272,0.0017268101,0.29614842,9.882177E-4,0.4,0.0,0.23420145,0.0066075022
375316653866487564,5550768286848708608,0.63328516,2219.643550807185,1.0013945053929971,2.2837944E-6,13.196172,0.0025856148,0.17523558,0.0010851173,0.034593113,7.624752E-4,1.1281875,0.037707362,0.67627406,0.0040714685,0.036634114,0.00626769,0.06564219,0.009390892,0.01566899,0.006349122,0.17523558,0.0010851173,"TWOGAUSSIANS_WITH_ELLIPSOIDAL_ON_ECLIPSE1",9,70.81483,0.17523558,0.0010851173,0.19372143,0.004269861,1.1595254,0.039509784,0.67627406,0.0040679383,0.20515105,0.035099063,0.0969788,0.009270887
375316653866487564,5550772233922476288,0.5933856,2250.169226098939,1.4275334659785297,7.7254435E-6,18.035442,0.005921526,0.2543556,0.0015810515,0.030113231,0.0017107378,0.5065875,0.024935504,0.752976,0.0011649509,0.025115486,0.0025156213,0.8130549,0.04937341,null,null,null,null,"TWOGAUSSIANS",8,12.857835,0.752976,0.0011649509,0.14064673,0.014087479,0.8130549,0.04937341,0.2543556,0.0015810515,0.1686341,0.009580132,0.5065875,0.024935504
375316653866487564,5550781171750541952,0.5214621,2207.993044381676,0.6920434687472787,4.4227814E-5,13.7502985,8.6101535E-4,0.22277775,0.0059245215,0.07011089,0.014106695,0.016403873,0.0017499403,0.71218705,0.007991414,0.031887516,0.0066942205,0.125378,0.016608939,null,null,null,null,"TWOGAUSSIANS",8,21.163755,0.71218705,0.007991414,0.17857009,0.037487634,0.12537779,0.016608993,0.22277775,0.0059245215,0.39262095,0.06251896,0.01640367,0.0017503293
375316653866487564,5550820822888527104,0.6099889,2207.4868659317463,1.4670908684234325,1.4509366E-5,15.872728,0.0065879184,0.22516257,0.001887902,0.043523464,0.00212761,0.44894174,0.017557736,0.7234462,0.0031550662,0.052881625,0.006952377,0.068752885,0.019146983,0.021728253,0.011770165,0.22516257,0.001887902,"TWOGAUSSIANS_WITH_ELLIPSOIDAL_ON_ECLIPSE1",9,13.154155,0.22516257,0.001887902,0.2437314,0.0119146155,0.4923973,0.007067136,0.72365624,0.002713133,0.2961371,0.03893331,0.11220402,0.009478517
375316653866487564,5550829168010079232,0.52936447,2223.329603061543,4.722650561330773,1.5704036E-5,18.276718,0.024875117,0.3057,0.009677644,0.09563179,0.013090726,0.23292476,0.025596276,0.7971546,0.0035146195,0.107248865,0.011067891,0.22820295,0.022659162,null,null,null,null,"TWOGAUSSIANS",8,3.4640007,0.30571,0.00968955,0.4,0.0,0.21306007,0.015821334,0.7971546,0.0035146195,0.4,0.0,0.20832957,0.009860376
375316653866487564,5550835391416603904,0.48075235,2240.4149198907908,3.679300723571791,3.742297E-5,18.0349,0.117261976,0.2298444,0.009187712,0.118155025,0.040341035,0.18622701,0.11520451,0.7395483,0.010049871,0.12368266,0.036765072,0.19828413,0.11525349,null,null,null,null,"TWOGAUSSIANS",8,7.4927936,0.7395883,0.010074089,0.4,0.0,0.15661907,0.013879951,0.2297644,0.009016404,0.4,0.0,0.14462848,0.015497291
375316653866487564,5550862398172489344,0.52037716,2192.2942831164537,0.6237177510221997,4.7848644E-5,18.143457,0.0018628223,0.2105233,0.008647304,0.008791285,0.0067659332,0.03844323,0.029547388,0.5899216,0.0029547445,0.028665869,0.0027201495,0.15130734,0.0050650053,null,null,null,null,"TWOGAUSSIANS",8,1.2622949,0.5899216,0.0029547445,0.16052887,0.015232837,0.15130734,0.0050650053,0.2105233,0.008647304,0.04923119,0.037889227,0.03844323,0.029547388
375316653866487564,5550866280823011072,0.524515,2287.2646926527104,3.1382922832449207,1.6172366E-5,17.249794,0.01030804,0.21957098,0.0011443496,0.008719301,0.0029318528,0.11798265,0.012883278,0.7567369,0.0035299705,0.04373276,0.010265677,0.076891854,0.02780549,0.16949366,0.013439976,0.7567369,0.0035299705,"TWOGAUSSIANS_WITH_ELLIPSOIDAL_ON_ECLIPSE2",9,48.48548,0.22018099,8.013549E-4,0.048828084,0.016418377,0.4391094,0.015680512,0.7567369,0.0035299705,0.24490346,0.05748779,0.41587847,0.016111782
375316653866487564,5550866688842432256,0.4581074,2215.885730287684,2.8105434139641057,3.4147175E-5,18.37058,0.027787857,0.22727554,0.009764604,0.09777649,0.025735538,0.11480026,0.02589292,0.6994575,0.008824037,0.1128214,0.01903685,0.18471123,0.025069268,null,null,null,null,"TWOGAUSSIANS",8,4.748784,0.6994575,0.008824037,0.4,0.0,0.1719654,0.011200834,0.22735554,0.009764342,0.4,0.0,0.10208573,0.016209202
375316653866487564,5550882051942828032,0.54421926,2185.026678965837,2.7322113436580993,1.1721404E-5,14.26911,0.023332601,0.21917222,0.004292099,0.117612526,0.016382849,0.17552881,0.020063676,0.7285092,0.0036981418,0.1015001,0.016309207,0.17546755,0.020186963,null,null,null,null,"TWOGAUSSIANS",8,95.13589,0.21917222,0.0042907307,0.4,0.0,0.15206084,0.009354916,0.7285392,0.0037149722,0.4,0.0,0.15204154,0.01927253
375316653866487564,5550894760748852480,0.4863791,2196.7144148701877,3.1442408032185467,2.5697651E-5,16.558817,0.0997716,0.26796925,0.00704386,0.25036135,0.04804493,0.84780955,0.09283368,0.76372975,0.0065122275,0.15660389,0.02281581,0.6826246,0.16532098,null,null,null,null,"TWOGAUSSIANS",8,24.274658,0.76372975,0.0065122275,0.4,0.0,0.2063327,0.012817436,0.26926926,0.0065879836,0.4,0.0,0.1495824,0.01599475
375316653866487564,5550898883919202816,0.47816464,2206.3156769262314,3.289187881924549,8.783301E-6,17.554052,0.0034651787,0.10600377,1.213577E-5,0.0017872863,1.1959975E-4,0.06831866,0.0030886927,0.61931574,0.036114275,0.01946734,0.01664349,0.21928158,0.13721748,null,null,null,null,"TWOGAUSSIANS",8,10.07824,0.61931574,0.036114275,0.10901711,0.093203545,0.21928158,0.13721748,0.10600377,1.213577E-5,0.010008803,6.697586E-4,0.06831866,0.0030886927
375316653866487564,5550905206110074496,0.41959116,2227.643110647434,0.679930686413494,2.119825E-4,15.682125,0.023084287,0.29757404,0.031171508,0.13912123,0.06237096,0.071754314,0.018909115,0.72347784,0.013438415,0.072839595,0.01832767,0.15722944,0.04077891,null,null,null,null,"TWOGAUSSIANS",8,127.535416,0.72347784,0.013438415,0.4,0.05186023,0.1534922,0.04194291,0.29757404,0.031171508,0.4,0.0,0.0673409,0.017398972
375316653866487564,5550944204412166656,0.58695155,2239.53847896745,0.4537473721867755,2.2844897E-5,11.831034,0.0015253385,0.26211748,0.0022212416,0.029147644,0.0029263243,0.11492409,0.016652096,0.7575176,0.047794778,0.024198933,0.016464883,0.6978969,1.71984,0.019567126,0.002137006,0.26211748,0.0022212416,"TWOGAUSSIANS_WITH_ELLIPSOIDAL_ON_ECLIPSE1",9,45.967392,0.7575276,0.04763991,0.13551402,0.09220335,0.73699856,1.7218906,0.26211748,0.0022212416,0.1632268,0.016387416,0.15405832,0.016703863
375316653866487564,5550950079927807616,0.6393084,2207.3910475281937,2.8285712896655144,5.536783E-6,17.948414,0.011256367,0.23116803,7.543146E-4,0.03619222,0.0022189708,0.64313567,0.017606677,0.7275316,0.031297993,0.035086296,0.030159153,0.6852053,127.159706,0.040599998,0.012866045,0.23116803,7.543146E-4,"TWOGAUSSIANS_WITH_ELLIPSOIDAL_ON_ECLIPSE1",9,5.041006,0.7275716,0.03131878,0.19648327,0.16889127,0.76636326,127.16147,0.23116803,7.543146E-4,0.20267643,0.012426237,0.72433555,0.012190375
375316653866487564,5550961865318082048,0.49208966,2188.066195142659,3.6074784384621497,5.1460258E-5,19.491533,0.018455647,0.2902201,0.004432414,0.044537805,0.0065768315,0.6666133,0.106769085,0.7860178,0.006796784,0.04955501,0.008463104,0.19785194,0.03274445,null,null,null,null,"TWOGAUSSIANS",8,4.23071,0.2902201,0.004432414,0.2494117,0.036830258,0.66661286,0.10677123,0.7860178,0.006796784,0.27750808,0.04739338,0.19785152,0.03274435
375316653866487564,5550965820984682112,0.63018155,2200.5785774851947,0.4386193767924629,9.982731E-6,15.332706,0.0025255391,0.11480878,0.015636556,0.007083682,0.0066083535,8.44693,7.8887963,0.7666934,9.3677384E-4,0.011078257,8.279318E-4,0.45292872,0.10754712,0.0042476663,0.004766663,0.11480878,0.015636556,"TWOGAUSSIANS_WITH_ELLIPSOIDAL_ON_ECLIPSE1",9,32.689915,0.11480878,0.015636556,0.03966862,0.03700678,8.455425,7.887651,0.7666934,9.3677384E-4,0.06203824,0.004636418,0.4557685,0.10776775
375316653866487564,5550966125927330560,0.5702487,2164.0484581561605,3.7171782497815298,1.192251E-5,18.899433,0.0150665175,0.22556694,0.0031342003,0.040236644,0.006842049,0.37791452,0.11526772,0.72428244,0.011441393,0.047166996,0.008203235,0.4346576,0.08015186,0.15303452,0.024961809,0.22556694,0.0031342003,"TWOGAUSSIANS_WITH_ELLIPSOIDAL_ON_ECLIPSE1",9,4.418136,0.72442245,0.010059666,0.26413518,0.04593812,0.7407084,0.07694407,0.22556694,0.0031342003,0.22532521,0.038315475,0.6839831,0.11309772
375316653866487564,5551004643193434240,0.49965274,2212.9741094839414,0.016081250634666974,1.4734991E-4,19.37133,0.0044917446,0.37701264,0.0037487943,0.0052065286,0.004085501,0.6435132,1507.9519,null,null,null,null,null,null,0.012948823,0.009334922,0.37701264,0.0037487943,"ONEGAUSSIAN_WITH_ELLIPSOIDAL",6,2.9479182,0.37701264,0.0037487943,0.029156562,0.022878807,0.6694108,1507.9525,null,null,null,null,null,null
375316653866487564,5551014916754002432,0.45040205,2218.9089750101784,1.240077919767576,1.718567E-5,17.92311,0.01053617,0.4009843,0.0023854126,0.044319935,0.004107381,0.15122452,0.010459274,0.90239614,0.0073599126,0.03687851,0.011230261,0.12734681,0.026499968,null,null,null,null,"TWOGAUSSIANS",8,20.38217,0.4009843,0.0023854126,0.24819164,0.023001334,0.15122452,0.010459264,0.90239614,0.0073599126,0.20651966,0.06288946,0.12734681,0.026499964
375316653866487564,5551047356644161280,0.6051449,2202.471449626832,3.442623206079036,9.4304305E-6,17.761229,0.030628541,0.1904564,0.00470992,0.047547705,0.0067395847,0.4515208,0.062368147,0.68804073,0.0024644018,0.053342596,0.005339161,0.63337654,0.06149244,0.07656592,0.033480473,0.1904564,0.00470992,"TWOGAUSSIANS_WITH_ELLIPSOIDAL_ON_ECLIPSE1",9,18.859732,0.6881607,0.0023048958,0.29871854,0.029899303,0.7864647,0.033555396,0.1904564,0.00470992,0.26626715,0.037741676,0.6046424,0.007907743
375316653866487564,5551059416912350720,0.6030999,2255.1644194659716,3.861386810774346,1.19195765E-5,17.037214,0.025900086,0.25143272,0.002807774,0.048851993,0.00831778,0.5432042,0.06813144,0.7504427,0.003142478,0.044786844,0.007872797,0.3415986,0.05065435,0.12467935,0.029217318,0.25143272,0.002807774,"TWOGAUSSIANS_WITH_ELLIPSOIDAL_ON_ECLIPSE1",9,29.064337,0.25143272,0.002807774,0.27357116,0.046579566,0.79256165,0.109550186,0.75054264,0.0028125967,0.25080633,0.04408766,0.59094745,0.02936259
375316653866487564,5551070961781976832,0.51449543,2239.392750396214,3.402396133395001,3.1679232E-5,18.012617,0.0111173,0.2407803,0.004895793,0.092816725,0.0080984915,0.13856858,0.011165155,0.7038558,0.011838828,0.09242873,0.015499099,0.122200325,0.010044301,null,null,null,null,"TWOGAUSSIANS",8,3.7648628,0.2407803,0.0048965355,0.4,0.0,0.13466848,0.008485229,0.7038558,0.011838828,0.4,0.0,0.11830034,0.0054135183
375316653866487564,5551073534467394944,0.4575406,2231.8669347124273,3.0744598365003353,2.8510756E-5,16.338373,0.005394108,0.2794967,0.011230641,0.04042247,0.031203577,0.09349118,24.664703,0.759667,0.013334461,0.019150969,0.010793757,0.05124251,0.016896915,0.036429115,0.0071529574,0.2794967,0.011230641,"TWOGAUSSIANS_WITH_ELLIPSOIDAL_ON_ECLIPSE1",9,52.09739,0.2794967,0.011230641,0.22636583,0.17474003,0.16634941,24.664522,0.76044697,0.012866508,0.10724542,0.060445037,0.12301943,0.011257635
375316653866487564,5551079375623358208,0.48192897,2235.9578424994206,2.8519621253208194,3.8656497E-5,16.68541,0.0032336449,0.307939,0.008031788,0.021673255,0.040369265,0.017974695,0.031204985,null,null,null,null,null,null,0.055496514,0.0044339783,0.307939,0.008031788,"ONEGAUSSIAN_WITH_ELLIPSOIDAL",6,15.605184,0.307939,0.008031788,0.121370226,0.22606789,0.12896766,0.030208224,null,null,null,null,null,null
375316653866487564,5551084396441874944,0.50588816,2216.917606196448,3.4257538525518414,2.5830577E-5,15.9942045,0.018259253,0.24155417,0.0063626887,0.08225076,0.007969594,0.30657056,0.025729666,0.72929245,0.009737445,0.094460465,0.014457828,0.2736461,0.03241902,null,null,null,null,"TWOGAUSSIANS",8,130.49295,0.24155417,0.0063626887,0.4,0.0,0.2979628,0.023566285,0.72929245,0.009737445,0.4,0.0,0.26503778,0.03296567
375316653866487564,5551131194405685504,0.4878365,2192.440991590954,2.3893418681474734,3.6179685E-5,11.577408,0.012704209,0.25229657,0.013993817,0.07742785,0.013912064,0.12830204,0.01682102,0.75857174,0.0067128446,0.1022559,0.0138655715,0.10908552,0.014272193,null,null,null,null,"TWOGAUSSIANS",8,509.744,0.25229657,0.013993817,0.4,0.0,0.12394192,0.01371027,0.75857174,0.0067128446,0.4,0.0,0.104723945,0.010897887
