Gaia/vari_eclipsing_binary/VariEclipsingBinary_460763-460773.csv
# %ECSV 1.0
# ---
# delimiter: ','
# meta: !!omap
# - RELEASE: Gaia DR3
# - TABLE: vari_eclipsing_binary
# - DESCRIPTION: >
#     This table describes the properties of the eclipsing binaries resulting from the variability analysis. 
# - CITATION: >
#     How to cite and acknowledge Gaia: 
#     https://gea.esac.esa.int/archive/documentation/credits.html 
# - KNOWN_ISSUES: >
#     Known issues: 
#     https://www.cosmos.esa.int/web/gaia-users/known-issues 
# - DOCUMENTATION: >
#     Tutorials and documentation: 
#     https://www.cosmos.esa.int/web/gaia-users/archive 
# datatype:
# - 
#   name: solution_id
#   datatype: int64
#   description: Solution Identifier
#   meta:
#     ucd: meta.version
# - 
#   name: source_id
#   datatype: int64
#   description: Unique source identifier
#   meta:
#     ucd: meta.id;meta.main
# - 
#   name: global_ranking
#   datatype: float32
#   description: Number between 0 (worst) and 1 (best)
#   meta:
#     ucd: stat.param
# - 
#   name: reference_time
#   datatype: float64
#   unit: d
#   description: Reference time used for the geometric model fit
#   meta:
#     ucd: time.epoch
# - 
#   name: frequency
#   datatype: float64
#   unit: d**-1
#   description: Frequency of geometric model of the eclipsing binary light curve
#   meta:
#     ucd: src.orbital
# - 
#   name: frequency_error
#   datatype: float32
#   unit: d**-1
#   description: "Uncertainty of \\texttt{frequency}"
#   meta:
#     ucd: stat.error
# - 
#   name: geom_model_reference_level
#   datatype: float32
#   unit: mag
#   description: Magnitude reference level of geometric model
#   meta:
#     ucd: phot.mag;em.opt
# - 
#   name: geom_model_reference_level_error
#   datatype: float32
#   unit: mag
#   description: "Uncertainty of \\texttt{geomModelReferenceLevel}"
#   meta:
#     ucd: stat.error;phot.mag;em.opt
# - 
#   name: geom_model_gaussian1_phase
#   datatype: float32
#   description: Phase of the Gaussian 1 component
#   meta:
#     ucd: time.phase
# - 
#   name: geom_model_gaussian1_phase_error
#   datatype: float32
#   description: "Uncertainty of \\texttt{geomModelGaussian1Phase}"
#   meta:
#     ucd: stat.error;time.phase
# - 
#   name: geom_model_gaussian1_sigma
#   datatype: float32
#   description: "Standard deviation [phase] of Gaussian 1 component"
#   meta:
#     ucd: stat.stdev
# - 
#   name: geom_model_gaussian1_sigma_error
#   datatype: float32
#   description: "Uncertainty of \\texttt{geomModelGaussian1Sigma}"
#   meta:
#     ucd: stat.error
# - 
#   name: geom_model_gaussian1_depth
#   datatype: float32
#   unit: mag
#   description: Magnitude depth of Gaussian 1 component
#   meta:
#     ucd: src.var.amplitude
# - 
#   name: geom_model_gaussian1_depth_error
#   datatype: float32
#   unit: mag
#   description: "Uncertainty of \\texttt{geomModelGaussian1Depth}"
#   meta:
#     ucd: stat.error;src.var.amplitude
# - 
#   name: geom_model_gaussian2_phase
#   datatype: float32
#   description: Phase of Gaussian 2 component
#   meta:
#     ucd: time.phase
# - 
#   name: geom_model_gaussian2_phase_error
#   datatype: float32
#   description: "Uncertainty of \\texttt{geomModelGaussian2Phase}"
#   meta:
#     ucd: stat.error;time.phase
# - 
#   name: geom_model_gaussian2_sigma
#   datatype: float32
[...]
#   datatype: float32
#   description: "Secondary eclipse: uncertainty of \\texttt{derivedSecondaryEclDuration}"
#   meta:
#     ucd: stat.error;time.duration
# - 
#   name: derived_secondary_ecl_depth
#   datatype: float32
#   unit: mag
#   description: "Secondary eclipse: depth"
#   meta:
#     ucd: src.var.amplitude
# - 
#   name: derived_secondary_ecl_depth_error
#   datatype: float32
#   unit: mag
#   description: "Secondary eclipse: uncertainty of \\texttt{derivedSecondaryEclDepth}"
#   meta:
#     ucd: stat.error;src.var.amplitude
solution_id,source_id,global_ranking,reference_time,frequency,frequency_error,geom_model_reference_level,geom_model_reference_level_error,geom_model_gaussian1_phase,geom_model_gaussian1_phase_error,geom_model_gaussian1_sigma,geom_model_gaussian1_sigma_error,geom_model_gaussian1_depth,geom_model_gaussian1_depth_error,geom_model_gaussian2_phase,geom_model_gaussian2_phase_error,geom_model_gaussian2_sigma,geom_model_gaussian2_sigma_error,geom_model_gaussian2_depth,geom_model_gaussian2_depth_error,geom_model_cosine_half_period_amplitude,geom_model_cosine_half_period_amplitude_error,geom_model_cosine_half_period_phase,geom_model_cosine_half_period_phase_error,model_type,num_model_parameters,reduced_chi2,derived_primary_ecl_phase,derived_primary_ecl_phase_error,derived_primary_ecl_duration,derived_primary_ecl_duration_error,derived_primary_ecl_depth,derived_primary_ecl_depth_error,derived_secondary_ecl_phase,derived_secondary_ecl_phase_error,derived_secondary_ecl_duration,derived_secondary_ecl_duration_error,derived_secondary_ecl_depth,derived_secondary_ecl_depth_error
[from data line 869]
375316653866487564,4052987498740636672,0.48044282,2170.5345711582713,0.026598893493721607,6.886945E-5,18.169588,0.069132745,0.27899736,0.011652489,0.09739034,0.020207463,0.33736616,0.08497185,0.7354287,0.012916354,0.12228864,0.03624395,0.28641194,0.0656072,null,null,null,null,"TWOGAUSSIANS",8,4.267946,0.27921736,0.0115885595,0.4,0.0,0.30909756,0.06417379,0.7354287,0.012916354,0.4,0.0,0.25786322,0.037187334
375316653866487564,4052987502816743424,0.47536272,2170.907603018814,4.577552640765358,1.2643156E-5,18.868309,0.019470556,0.24380898,0.005463923,0.040888153,0.0035152812,0.5956975,0.046258807,0.6764268,0.016361069,0.052522637,0.011511493,0.43321404,0.21772909,null,null,null,null,"TWOGAUSSIANS",8,17.670488,0.24380898,0.005463923,0.22897366,0.019685576,0.5956975,0.046258796,0.6764268,0.016361069,0.29412678,0.06446436,0.433214,0.21772914
375316653866487564,4052987601819152128,0.55528724,2202.480318757322,0.19296211827962773,2.554368E-5,19.193863,0.10908837,0.33449712,0.0055807526,0.10558681,0.029916417,0.3268195,0.10072849,0.8173432,0.009449786,0.1007868,0.027185336,0.3980864,0.11166496,null,null,null,null,"TWOGAUSSIANS",8,1.5327399,0.8173432,0.009449786,0.4,0.0,0.3669909,0.07214674,0.33450714,0.0055635506,0.4,0.0,0.29571745,0.024531128
375316653866487564,4052987605946602880,0.4483297,2208.4386000485056,0.34291217091467513,5.3329808E-5,18.351812,0.00809862,0.2876142,0.0027244692,0.017400844,0.002251187,0.18704838,0.016168319,0.7364265,0.010875337,0.086824864,0.008750469,0.080508836,0.014537449,null,null,null,null,"TWOGAUSSIANS",8,5.1630425,0.2876142,0.0027244692,0.09744473,0.012606648,0.18704838,0.016168334,0.7364265,0.010875337,0.4,0.0,0.08050872,0.014537389
375316653866487564,4052987635990762624,0.6688552,2201.726592652516,1.132604267553693,6.6636458E-6,17.825228,0.010655993,0.23629655,0.0042031454,0.07166879,0.012144184,0.18605363,0.0105018215,0.7166267,8.889874E-4,0.054814115,0.0012530071,0.69473755,0.013813717,null,null,null,null,"TWOGAUSSIANS",8,3.8162978,0.7166267,8.889874E-4,0.30695903,0.0070168395,0.6945992,0.013686337,0.23629655,0.0042031454,0.4,0.049458727,0.18591528,0.010439848
375316653866487564,4052987636178872960,0.4590707,2202.556282449939,0.19304843000336883,6.657334E-5,18.507933,0.018181633,0.28852677,0.010630324,0.06565563,0.011111337,0.23431262,0.036342625,0.7122219,0.045486838,0.07100962,0.0327423,0.4841226,0.20205903,null,null,null,null,"TWOGAUSSIANS",8,7.3528137,0.7122219,0.045486838,0.39765388,0.05495585,0.48402894,0.20609193,0.28852677,0.010630208,0.3676715,0.060820874,0.23421898,0.035887834
375316653866487564,4052987640306274560,0.49228182,2241.5473757492578,1.7517077684972588,1.50892565E-5,17.776363,0.0027664346,null,null,null,null,null,null,null,null,null,null,null,null,0.05067509,0.0053543784,0.20538346,0.002720898,"ELLIPSOIDAL",4,2.0507019,null,null,null,null,null,null,null,null,null,null,null,null
375316653866487564,4052987670406889600,0.4765238,2217.6900828401817,1.9270214003893857,1.1107165E-4,17.569132,0.32987386,0.26683587,0.022356438,0.1212819,0.18615998,0.14619881,0.3053391,0.71951354,0.012198561,0.0876657,0.01872548,0.33460346,0.120872065,null,null,null,null,"TWOGAUSSIANS",8,29.213285,0.71951354,0.012198561,0.4,0.0,0.3218738,0.069250375,0.26683587,0.022341186,0.4,0.0,0.1333262,0.035494667
375316653866487564,4052987709025921920,0.49804646,2197.532052199491,0.19306616355253023,7.510141E-5,19.048422,0.0049042394,0.24603969,0.02072735,0.06341988,0.021704134,0.13523167,0.021962475,0.75596875,0.009244841,0.068355106,0.0284122,0.12000619,0.0036030735,null,null,null,null,"TWOGAUSSIANS",8,1.7490442,0.24603969,0.02072735,0.3551513,0.10481931,0.1350894,0.021930387,0.75596875,0.009244841,0.3827886,0.067971006,0.11986391,0.0037040357
375316653866487564,4052987709025952768,0.49162182,2202.4114680009825,1.903286878063677,1.2927233E-5,17.861275,0.023891615,0.2938223,0.008246099,0.09257651,0.0108437175,0.36242375,0.028951466,0.8140545,0.0063306596,0.056040954,0.009608499,0.31733453,0.04298165,null,null,null,null,"TWOGAUSSIANS",8,29.519644,0.2938223,0.008246099,0.4,0.0,0.36096537,0.027889742,0.8140545,0.0063306596,0.31382933,0.053807594,0.31587672,0.043137833
375316653866487564,4052987773618092928,0.59985256,2156.98420690054,1.0686145231061854,1.27392295E-5,19.25137,0.005537868,0.31396332,0.0067423307,0.036872517,0.013474954,1.2654527,277.28568,0.77234566,4.8120174E-4,0.030029055,0.007803685,0.92432684,0.35115373,null,null,null,null,"TWOGAUSSIANS",8,1.926016,0.31396332,0.0067423307,0.2064861,0.07545974,1.2654527,277.28568,0.77234566,4.8120174E-4,0.1681627,0.043700635,0.92432684,0.35115373
375316653866487564,4052987842148280832,0.48034942,2187.043269211856,0.19304243380492284,3.1268242E-5,18.491041,0.0050669825,0.30523124,0.0115663195,0.07976904,0.008918835,0.14679201,0.03368949,0.7066781,0.011244117,0.055851784,0.008440869,0.28368545,0.11631873,null,null,null,null,"TWOGAUSSIANS",8,3.6363792,0.7066781,0.011244117,0.31276998,0.047268867,0.28366372,0.116341464,0.30523124,0.0115663195,0.4,0.0,0.1467698,0.03370308
375316653866487564,4052987979641334272,0.4727931,2269.5783203790215,2.3325551846891726,9.6637435E-5,18.901093,0.42132482,0.11679852,0.011632507,0.02403613,0.020203788,0.35360712,0.15009862,0.5954426,0.018350821,0.19780813,0.12440658,0.36888015,0.3713997,null,null,null,null,"TWOGAUSSIANS",8,10.628004,0.11694852,0.011461612,0.13460234,0.11314121,0.34600875,0.15759382,0.5954426,0.018350821,0.4,0.0,0.33009237,0.044478755
375316653866487564,4052988052623444992,0.4753112,2189.8810850019663,0.14349522852525545,7.768969E-5,19.336851,0.09349559,0.22521476,0.02493937,0.118553825,0.06129967,0.121194094,0.09240909,0.7266952,0.03129505,0.056742217,0.028757047,0.29854172,0.1457078,null,null,null,null,"TWOGAUSSIANS",8,2.223446,0.7266952,0.03130046,0.3177564,0.098333426,0.29367536,0.10750077,0.22521476,0.02493937,0.4,0.0,0.11629439,0.048271906
375316653866487564,4052988117083484544,0.4836649,2209.1037796879623,2.256794183632086,1.0149004E-4,17.386175,0.004623115,0.20809035,0.020023916,0.06199101,0.020825531,0.07735919,0.025719158,0.7164434,0.00761278,0.06185335,0.011229792,0.065482885,0.00500755,null,null,null,null,"TWOGAUSSIANS",8,5.1940994,0.20809035,0.020023916,0.34714967,0.10601068,0.07732796,0.025808526,0.7164434,0.00761278,0.34637874,0.062886834,0.065451644,0.004843585
375316653866487564,4052988155702853120,0.4563658,2243.9966602239206,0.193079399723228,2.3346913E-5,19.024446,0.011008868,0.29206675,0.009077215,0.052378602,0.012899287,0.14739977,0.030378845,0.70822567,0.025891742,0.08754311,0.024313789,0.18871714,0.09180642,null,null,null,null,"TWOGAUSSIANS",8,3.3485174,0.70822567,0.025891742,0.4,0.024833273,0.18866195,0.09189212,0.29206675,0.009084784,0.29332018,0.07223601,0.1473469,0.030420212
375316653866487564,4052988288881876096,0.5087579,2213.3682139706066,2.447696358160111,2.6549194E-5,18.947067,0.019836614,0.20753238,0.004746877,0.038664874,0.0068608625,0.371187,0.11004117,0.71203005,0.002210755,0.028143492,0.0074067116,0.21820472,0.059442278,0.19606042,0.047339316,0.20753238,0.004746877,"TWOGAUSSIANS_WITH_ELLIPSOIDAL_ON_ECLIPSE1",9,24.768587,0.20753238,0.004746877,0.21652329,0.03842083,0.76330775,0.10444112,0.71203005,0.002210755,0.15760355,0.041477583,0.6100124,0.039219912
375316653866487564,4052988396221106304,0.40364957,2212.888768926737,0.39015265606108845,1.01197715E-4,18.993639,0.03191202,0.2844082,0.02793174,0.066204265,0.07124908,0.16667086,0.39222094,0.5266173,0.038567342,0.11289929,0.09084219,0.1688149,0.031277377,null,null,null,null,"TWOGAUSSIANS",8,5.079751,0.2942482,0.034251817,0.37074387,0.39479342,0.1850969,0.45300138,0.5266173,0.038567342,0.4,0.0,0.16897665,0.030651351
375316653866487564,4052988426321155200,0.42937148,2202.0985878348233,3.379055958854415,3.3933575E-5,18.666231,0.033777148,0.3919461,0.008750806,0.108003266,0.01417662,0.340187,0.06785395,0.836267,0.010555429,0.08167324,0.013328469,0.39138755,0.02950019,null,null,null,null,"TWOGAUSSIANS",8,18.936028,0.836267,0.010555429,0.4,0.0,0.38169113,0.021827752,0.3919461,0.008750806,0.4,0.0,0.33041826,0.06629272
375316653866487564,4052988739768104704,0.46695262,2191.420276854387,0.1904374094908422,3.6465848E-5,18.974669,0.0067969984,null,null,null,null,null,null,null,null,null,null,null,null,0.08930796,0.010238923,0.67447305,0.00543825,"ELLIPSOIDAL",4,2.8847132,null,null,null,null,null,null,null,null,null,null,null,null
375316653866487564,4052988804221833600,0.45382753,2155.0510235545426,0.2719897442152324,8.796464E-6,18.349619,0.018044267,0.21014124,0.041929267,0.06919991,0.07234371,0.07788986,0.018096954,0.707324,0.031253386,0.038203523,0.018388728,0.12274608,0.06098155,null,null,null,null,"TWOGAUSSIANS",8,3.6463077,0.707324,0.031253386,0.21393973,0.10297687,0.12274304,0.060779523,0.21014124,0.041929267,0.3875195,0.09240691,0.07788682,0.017198429
375316653866487564,4052989010429264640,0.44629386,2296.6543611506327,2.2714964913088775,5.410897E-5,19.061766,0.052300315,0.21854524,0.032420993,0.031115506,0.03512531,0.24245203,0.15021788,0.60522366,0.020615894,0.14084317,0.06300922,0.13855827,0.04759211,null,null,null,null,"TWOGAUSSIANS",8,1.4901159,0.21879524,0.031930894,0.17424683,0.19670175,0.2450792,0.14900355,0.60522366,0.020615894,0.4,0.0,0.13796915,0.03598909
375316653866487564,4052989186496610560,0.5437802,2283.5832076600286,0.009274607287170632,5.546313E-5,18.797426,0.006387346,0.027028916,0.0056814365,0.029338952,0.015151225,0.23708649,0.04503356,0.4976226,0.010890855,0.08701891,0.007581405,0.23745874,0.015136765,null,null,null,null,"TWOGAUSSIANS",8,1.3086965,0.4976226,0.010890855,0.4,0.0,0.23744546,0.015132421,0.027028916,0.0056814365,0.16429813,0.08484686,0.23707332,0.045118663
375316653866487564,4052989186496646784,0.5020074,2311.204035249908,0.31737564547786623,1.8364763E-5,18.678526,0.014847983,0.3126432,0.0077573163,0.095775776,0.014283195,0.27073509,0.03659278,0.7408155,0.03873593,0.05841775,0.033973563,0.097603574,0.044813838,null,null,null,null,"TWOGAUSSIANS",8,2.452086,0.3126432,0.0077573163,0.4,0.0,0.27036756,0.036950633,0.7408155,0.03873593,0.32713938,0.12630746,0.09724843,0.047200195
375316653866487564,4052989255216138752,0.44628334,2296.8263770990375,0.40673720636391586,6.65572E-5,17.984854,0.07749912,0.19908555,0.010116711,0.14660563,0.063327454,0.21020032,0.056219887,0.6828528,0.014287152,0.05835074,0.037635032,0.21203387,0.96518123,null,null,null,null,"TWOGAUSSIANS",8,11.127539,0.6828528,0.014287152,0.32676414,0.20438471,0.19754644,0.9794671,0.19908555,0.010116711,0.4,0.0,0.19437785,0.02424251
375316653866487564,4052989457108859264,0.5602772,2283.704241544086,2.215912716037694,1.0463721E-5,17.844496,0.00998074,0.3033034,0.004027644,0.08448829,0.008807811,0.21542239,0.012779033,0.7935967,0.0031102002,0.08294441,0.00524223,0.22220598,0.00966681,null,null,null,null,"TWOGAUSSIANS",8,3.990329,0.7935967,0.0031102002,0.4,0.0,0.21795428,0.0067784074,0.3033034,0.004027644,0.4,0.0,0.21117067,0.012879385
375316653866487564,4052989560188487040,0.4453553,2194.4072022370865,0.40521219669703384,7.936641E-5,18.514566,0.40416977,0.13183843,0.08500837,0.13587734,0.17583944,0.5024708,0.4695781,0.73533183,0.053661026,0.1565315,0.082964264,0.7495585,0.24978957,null,null,null,null,"TWOGAUSSIANS",8,25.387295,0.7408519,0.027518189,0.4,0.0,0.6098025,0.077711225,0.10655842,0.10359787,0.4,0.10335501,0.39179993,0.5023817
375316653866487564,4052989560188563584,0.49129245,2223.179416207201,0.19298213951846868,4.9053942E-5,19.202429,0.039364085,0.33806038,0.011180223,0.08416142,0.018590035,0.2797334,0.06409007,0.80546826,0.008415346,0.110276125,0.02396613,0.20246877,0.0407219,null,null,null,null,"TWOGAUSSIANS",8,1.8430146,0.33808038,0.01117577,0.4,0.009067569,0.2689918,0.06287769,0.80546826,0.008415346,0.4,0.0,0.19170004,0.023914516
375316653866487564,4052989564496345600,0.44108638,2234.919403780029,0.7334631197193177,7.6557386E-5,18.73708,0.006944052,0.2662175,0.0071108104,0.036403272,0.0058644777,0.16742575,0.022209603,0.69062215,0.0036095404,0.034395754,0.004664337,0.08584382,0.014948339,null,null,null,null,"TWOGAUSSIANS",8,3.6624775,0.2662175,0.0071108104,0.20385833,0.032841075,0.16742575,0.022209603,0.69062215,0.0036095404,0.19261621,0.026120285,0.08584382,0.014948339
375316653866487564,4052989736251176320,0.46737647,2243.9974538231927,0.2500092736655575,2.7404156E-5,19.224176,0.05650985,0.31503847,0.019749131,0.08772116,0.023763461,0.27370638,0.061391804,0.7022054,0.009640587,0.06330641,0.0107948985,0.63041013,0.08937882,null,null,null,null,"TWOGAUSSIANS",8,4.5489593,0.7022054,0.009640587,0.3545159,0.06045143,0.63022465,0.08914529,0.31503847,0.019749131,0.4,0.0,0.27350476,0.060755678
375316653866487564,4052989766350314624,0.44365042,2318.7104779534384,1.6004996226991457,5.0982468E-5,19.096928,0.040620353,0.17701231,0.007062097,0.0414983,0.0073891063,0.36637983,0.046913054,0.64261556,0.019987764,0.09275706,0.022598999,0.58506024,0.08851153,null,null,null,null,"TWOGAUSSIANS",8,7.5169687,0.64261556,0.019987764,0.4,0.0,0.5847197,0.0886848,0.17701231,0.0070616966,0.23239048,0.041378994,0.36604133,0.046205804
375316653866487564,4052989839330412160,0.4404284,2282.636500878712,0.800508513663943,2.177552E-5,18.72754,0.014641589,0.15988484,0.01063421,0.04743859,0.006449333,0.268023,0.0375064,0.47819647,0.02365222,0.028795257,0.04047968,0.36987,0.20083793,null,null,null,null,"TWOGAUSSIANS",8,8.2567215,0.47819647,0.02365222,0.16125344,0.22668621,0.36987,0.20083795,0.15988484,0.01063421,0.2656561,0.036116265,0.268023,0.03750749
375316653866487564,4052989903788591744,0.48755378,2274.766721884184,0.29332602825328746,4.8573154E-5,18.828905,0.0049716313,0.222469,0.01640493,0.08003222,0.013028777,0.15230973,0.03349576,0.7910421,0.0061455993,0.03447232,0.008619496,0.16111988,0.036714226,null,null,null,null,"TWOGAUSSIANS",8,2.9597096,0.7910421,0.0061455993,0.19304499,0.048269175,0.16111869,0.036716476,0.222469,0.01640493,0.4,0.0,0.15230846,0.033497676
375316653866487564,4052989903788604928,0.54713345,2206.9807471022873,0.42603079996464954,3.214549E-5,18.877382,0.15088701,0.32642436,0.01092561,0.08450916,0.11153147,0.7783078,0.39899397,0.8394599,0.00528144,0.080785215,0.009212435,0.53269845,0.11808884,null,null,null,null,"TWOGAUSSIANS",8,3.2718759,0.32642436,0.01092561,0.4,0.0,0.7678599,0.5359869,0.8394599,0.004880244,0.4,0.0,0.5222506,0.0275917
375316653866487564,4052989903788607872,0.44073936,2242.2401393207138,1.0754088518120302,3.981331E-5,19.06579,0.037358884,0.12698828,0.0073497556,0.082795456,0.014307927,0.22747928,0.04011401,0.619559,0.03602898,0.068166494,0.0635916,0.1947783,62.33589,null,null,null,null,"TWOGAUSSIANS",8,6.0484776,0.12698828,0.0073497556,0.4,0.0,0.22599296,0.039623965,0.619559,0.03602898,0.38173237,0.34872147,0.19329198,62.337307
375316653866487564,4052989938094912512,0.47238988,2185.434676491207,0.7712230936977738,4.713194E-5,18.263405,0.013338927,0.3005872,0.008996609,0.09703454,0.0232348,0.096220985,0.014110416,0.8210863,0.008277489,0.054276086,0.011281973,0.10044771,0.01479109,null,null,null,null,"TWOGAUSSIANS",8,2.8738232,0.8210863,0.008277489,0.30394608,0.063179046,0.09994461,0.014243514,0.3005872,0.008996609,0.4,0.0,0.09571735,0.014247847
375316653866487564,4052989938148609408,0.44049475,2244.214190921702,0.9225571607442832,3.332286E-5,18.575924,0.0090452675,0.28012028,0.012015739,0.049474593,0.011379515,0.1278852,0.03257354,0.7303017,0.011094101,0.05001175,0.015127596,0.1281596,0.02741501,null,null,null,null,"TWOGAUSSIANS",8,3.0833259,0.7303017,0.011094101,0.2800658,0.08471454,0.12815954,0.027415501,0.28012028,0.012015739,0.2770577,0.063725285,0.12788513,0.032573592
