Gaia/vari_eclipsing_binary/VariEclipsingBinary_468738-468749.csv
# %ECSV 1.0
# ---
# delimiter: ','
# meta: !!omap
# - RELEASE: Gaia DR3
# - TABLE: vari_eclipsing_binary
# - DESCRIPTION: >
#     This table describes the properties of the eclipsing binaries resulting from the variability analysis. 
# - CITATION: >
#     How to cite and acknowledge Gaia: 
#     https://gea.esac.esa.int/archive/documentation/credits.html 
# - KNOWN_ISSUES: >
#     Known issues: 
#     https://www.cosmos.esa.int/web/gaia-users/known-issues 
# - DOCUMENTATION: >
#     Tutorials and documentation: 
#     https://www.cosmos.esa.int/web/gaia-users/archive 
# datatype:
# - 
#   name: solution_id
#   datatype: int64
#   description: Solution Identifier
#   meta:
#     ucd: meta.version
# - 
#   name: source_id
#   datatype: int64
#   description: Unique source identifier
#   meta:
#     ucd: meta.id;meta.main
# - 
#   name: global_ranking
#   datatype: float32
#   description: Number between 0 (worst) and 1 (best)
#   meta:
#     ucd: stat.param
# - 
#   name: reference_time
#   datatype: float64
#   unit: d
#   description: Reference time used for the geometric model fit
#   meta:
#     ucd: time.epoch
# - 
#   name: frequency
#   datatype: float64
#   unit: d**-1
#   description: Frequency of geometric model of the eclipsing binary light curve
#   meta:
#     ucd: src.orbital
# - 
#   name: frequency_error
#   datatype: float32
#   unit: d**-1
#   description: "Uncertainty of \\texttt{frequency}"
#   meta:
#     ucd: stat.error
# - 
#   name: geom_model_reference_level
#   datatype: float32
#   unit: mag
#   description: Magnitude reference level of geometric model
#   meta:
#     ucd: phot.mag;em.opt
# - 
#   name: geom_model_reference_level_error
#   datatype: float32
#   unit: mag
#   description: "Uncertainty of \\texttt{geomModelReferenceLevel}"
#   meta:
#     ucd: stat.error;phot.mag;em.opt
# - 
#   name: geom_model_gaussian1_phase
#   datatype: float32
#   description: Phase of the Gaussian 1 component
#   meta:
#     ucd: time.phase
# - 
#   name: geom_model_gaussian1_phase_error
#   datatype: float32
#   description: "Uncertainty of \\texttt{geomModelGaussian1Phase}"
#   meta:
#     ucd: stat.error;time.phase
# - 
#   name: geom_model_gaussian1_sigma
#   datatype: float32
#   description: "Standard deviation [phase] of Gaussian 1 component"
#   meta:
#     ucd: stat.stdev
# - 
#   name: geom_model_gaussian1_sigma_error
#   datatype: float32
#   description: "Uncertainty of \\texttt{geomModelGaussian1Sigma}"
#   meta:
#     ucd: stat.error
# - 
#   name: geom_model_gaussian1_depth
#   datatype: float32
#   unit: mag
#   description: Magnitude depth of Gaussian 1 component
#   meta:
#     ucd: src.var.amplitude
# - 
#   name: geom_model_gaussian1_depth_error
#   datatype: float32
#   unit: mag
#   description: "Uncertainty of \\texttt{geomModelGaussian1Depth}"
#   meta:
#     ucd: stat.error;src.var.amplitude
# - 
#   name: geom_model_gaussian2_phase
#   datatype: float32
#   description: Phase of Gaussian 2 component
#   meta:
#     ucd: time.phase
# - 
#   name: geom_model_gaussian2_phase_error
#   datatype: float32
#   description: "Uncertainty of \\texttt{geomModelGaussian2Phase}"
#   meta:
#     ucd: stat.error;time.phase
# - 
#   name: geom_model_gaussian2_sigma
#   datatype: float32
[...]
#   datatype: float32
#   description: "Secondary eclipse: uncertainty of \\texttt{derivedSecondaryEclDuration}"
#   meta:
#     ucd: stat.error;time.duration
# - 
#   name: derived_secondary_ecl_depth
#   datatype: float32
#   unit: mag
#   description: "Secondary eclipse: depth"
#   meta:
#     ucd: src.var.amplitude
# - 
#   name: derived_secondary_ecl_depth_error
#   datatype: float32
#   unit: mag
#   description: "Secondary eclipse: uncertainty of \\texttt{derivedSecondaryEclDepth}"
#   meta:
#     ucd: stat.error;src.var.amplitude
solution_id,source_id,global_ranking,reference_time,frequency,frequency_error,geom_model_reference_level,geom_model_reference_level_error,geom_model_gaussian1_phase,geom_model_gaussian1_phase_error,geom_model_gaussian1_sigma,geom_model_gaussian1_sigma_error,geom_model_gaussian1_depth,geom_model_gaussian1_depth_error,geom_model_gaussian2_phase,geom_model_gaussian2_phase_error,geom_model_gaussian2_sigma,geom_model_gaussian2_sigma_error,geom_model_gaussian2_depth,geom_model_gaussian2_depth_error,geom_model_cosine_half_period_amplitude,geom_model_cosine_half_period_amplitude_error,geom_model_cosine_half_period_phase,geom_model_cosine_half_period_phase_error,model_type,num_model_parameters,reduced_chi2,derived_primary_ecl_phase,derived_primary_ecl_phase_error,derived_primary_ecl_duration,derived_primary_ecl_duration_error,derived_primary_ecl_depth,derived_primary_ecl_depth_error,derived_secondary_ecl_phase,derived_secondary_ecl_phase_error,derived_secondary_ecl_duration,derived_secondary_ecl_duration_error,derived_secondary_ecl_depth,derived_secondary_ecl_depth_error
[from data line 595]
375316653866487564,4123152317667272064,0.46978718,2404.62230902286,4.954979448633019,2.8901297E-5,18.915363,0.12660047,0.02504597,0.007609305,0.013210205,0.010842873,0.20960923,0.14360635,0.5492656,0.012399279,0.24162075,0.0823056,0.24511015,0.11859126,null,null,null,null,"TWOGAUSSIANS",8,4.7728815,0.02497597,0.0073104706,0.07397715,0.06072009,0.20936112,0.1468825,0.5492656,0.012399279,0.4,0.0,0.18639201,0.020424025
375316653866487564,4123152317677118976,0.51725376,2371.144223896899,1.4464105394760753,4.5123958E-5,18.516838,0.003270493,0.25378036,0.037042182,0.029403517,0.044972453,0.23520677,0.28140536,0.7396951,0.00467387,0.041849457,0.0063181547,0.27674288,0.023955127,null,null,null,null,"TWOGAUSSIANS",8,2.634856,0.7396951,0.00467387,0.23435695,0.035381664,0.27674288,0.023955109,0.25378036,0.037042182,0.1646597,0.25184575,0.23520677,0.2814063
375316653866487564,4123152352036868352,0.55841535,2406.1665215621747,2.227777160252581,1.0874218E-5,18.28296,0.016899152,0.17576975,0.0050151385,0.10477921,0.009938571,0.21134898,0.016898306,0.6679104,0.0023813916,0.09856641,0.0051572993,0.3374855,0.017312767,null,null,null,null,"TWOGAUSSIANS",8,2.5199277,0.6679104,0.0023813916,0.4,0.0,0.31421053,0.010106444,0.17576975,0.0050151385,0.4,0.0,0.1880708,0.008189208
375316653866487564,4123152390776722432,0.43601134,2380.489665009751,0.6149504101361041,1.6751212E-4,16.848276,0.012151483,0.27501088,0.03582696,0.082489245,0.020910224,0.33928332,0.114989385,0.65605426,0.022773076,0.0282584,0.03187793,0.059467856,9.832878,null,null,null,null,"TWOGAUSSIANS",8,79.083984,0.27501088,0.03582696,0.4,0.0,0.33928326,0.11498735,0.65605426,0.022773076,0.15824704,0.17851642,0.059475683,9.83285
375316653866487564,4123152562537243520,0.45211965,2388.883458725113,1.7612240784406683,3.7825528E-5,17.941916,0.40916,0.26083657,0.013897522,0.1413753,0.069436155,0.306163,0.3570362,0.76060796,0.005613549,0.16886243,0.11934462,0.29163715,0.3984957,null,null,null,null,"TWOGAUSSIANS",8,8.733084,0.26086658,0.013948109,0.4,0.0,0.15215726,0.019609138,0.76060796,0.0056615137,0.4,0.0,0.13153014,0.011414181
375316653866487564,4123152871774568576,0.5242799,2417.866719886541,2.4079084573991905,1.3741288E-5,19.59973,0.031049632,0.317139,0.01153505,0.08785806,0.01828724,0.34812728,0.029527552,0.8218274,0.004630087,0.07304454,0.006487203,0.3777858,0.03228135,null,null,null,null,"TWOGAUSSIANS",8,2.3426743,0.8218274,0.004630087,0.4,0.0059289564,0.37253428,0.025684835,0.317139,0.01153505,0.4,0.0,0.3428757,0.030364113
375316653866487564,4123152906134248704,0.57157916,2440.967271585765,0.08565234204663143,1.2701117E-5,19.434517,0.008703033,0.047120593,0.01772362,0.056099366,0.0153562445,0.109926485,0.025425777,0.73408717,4.6368694E-4,0.012883381,7.907286E-4,0.44549802,0.017382903,0.062848166,0.015333641,0.73408717,4.6368694E-4,"TWOGAUSSIANS_WITH_ELLIPSOIDAL_ON_ECLIPSE2",9,1.166607,0.73408717,4.6368694E-4,0.07214693,0.00442808,0.5711936,0.022749588,0.068270594,0.013618031,0.31415644,0.08599497,0.13439186,0.029575631
375316653866487564,4123153146652868224,0.5046339,2440.215584103553,2.6322389149557,2.371555E-5,19.885296,0.011900311,0.2634729,0.003465145,0.07556828,0.00530291,0.45981434,0.03276879,0.7660046,0.009209466,0.054965388,0.0055709095,0.55928546,0.09914501,null,null,null,null,"TWOGAUSSIANS",8,2.8809907,0.7660046,0.009209466,0.3078062,0.031197093,0.5586902,0.09917263,0.2634729,0.003465145,0.4,0.0,0.4592191,0.03293207
375316653866487564,4123153181015586688,0.4685834,2438.7386096892365,2.5301914778248618,1.0368683E-5,19.421091,0.023356726,0.27543917,0.0033181764,0.07039555,0.005884831,0.6637969,0.06154869,0.78002137,0.009490723,0.0687141,0.009502861,0.50060475,0.036701635,null,null,null,null,"TWOGAUSSIANS",8,12.334894,0.27543917,0.0033181764,0.39421508,0.02219032,0.6621927,0.062151477,0.78002137,0.009490723,0.38479894,0.044946566,0.49900055,0.036052406
375316653866487564,4123153352809878016,0.54180753,2425.2785148813377,2.840230451388722,8.54674E-6,19.108559,0.019963173,0.29217952,0.0030980357,0.08021599,0.004423517,0.46666598,0.020568443,0.79745597,0.0040928693,0.07669113,0.0068658525,0.40504462,0.029463101,null,null,null,null,"TWOGAUSSIANS",8,3.7089522,0.29217952,0.0030980357,0.4,0.0,0.46179017,0.018223552,0.79745597,0.0040928693,0.4,0.0,0.40016884,0.028938333
375316653866487564,4123153558968859008,0.5277014,2401.4410023234673,0.8520850946376538,1.09429775E-5,17.890669,0.0026680315,0.23961653,0.0076760296,0.04448888,0.007241642,0.09223663,0.006624039,0.7394939,0.0015443559,0.031684667,0.0022199485,0.17317855,0.009782397,null,null,null,null,"TWOGAUSSIANS",8,2.191897,0.7394939,0.0015443559,0.17743413,0.012431711,0.17317855,0.009782397,0.23961653,0.0076760296,0.24913773,0.040553197,0.09223663,0.0066240383
375316653866487564,4123153833846267648,0.4678327,2394.90257389559,3.484291468669874,3.210349E-5,19.48851,0.042758297,0.18071803,0.00482756,0.07681382,0.010202906,0.3859215,0.038481284,0.66846603,0.015012685,0.11049096,0.03205262,0.25881505,0.043264106,null,null,null,null,"TWOGAUSSIANS",8,3.0588803,0.18072803,0.004844624,0.4,0.0,0.37183717,0.024127794,0.66846603,0.015012685,0.4,0.0,0.24470995,0.038375862
375316653866487564,4123154486682111360,0.68833256,2385.310257824019,0.2891229434636886,2.953352E-6,17.09341,0.0018900909,0.23756887,2.0099491E-4,0.028498588,2.7416844E-4,0.9696177,0.017931772,0.7340134,0.0050630514,0.026702372,0.0064402814,0.109929346,0.13123973,0.014895795,0.0028841407,0.23756887,2.0099491E-4,"TWOGAUSSIANS_WITH_ELLIPSOIDAL_ON_ECLIPSE1",9,3.006291,0.23756887,2.0099491E-4,0.15959209,0.0015353434,0.9994093,0.018549968,0.7340634,0.005047398,0.14953329,0.036065575,0.13970628,0.13111997
375316653866487564,4123154521042046464,0.5387487,2412.1419887644724,2.522960509831855,1.2901156E-5,19.284521,0.013289308,0.216903,0.002671077,0.073842786,0.006020237,0.32550532,0.019091357,0.72417235,0.005580586,0.07792812,0.006451398,0.32228282,0.016152661,null,null,null,null,"TWOGAUSSIANS",8,1.7524871,0.216903,0.002671077,0.4,0.0077742273,0.32307652,0.019147135,0.72417235,0.005580586,0.4,0.0,0.319854,0.015024991
375316653866487564,4123154757208946048,0.63531226,2385.523745214386,0.7494074518542998,9.015694E-6,17.870077,0.004834774,0.23644225,0.0044423,0.018724004,0.010652891,0.6606117,65.66436,0.72444206,0.0012013185,0.04228521,0.0018284282,0.5866842,0.014602045,0.018412929,0.006946645,0.23644225,0.0044423,"TWOGAUSSIANS_WITH_ELLIPSOIDAL_ON_ECLIPSE1",9,4.5896287,0.23644225,0.0044423,0.10485443,0.05965619,0.69743747,65.6652,0.72455204,0.0011886643,0.23679718,0.010239198,0.6233029,0.014358564
375316653866487564,4123154899001719680,0.5420971,2395.1695327756934,2.09831284806729,1.2996145E-5,18.919916,0.016717775,0.33499193,0.01761029,0.07105491,0.0135109,0.62796086,0.16157511,0.8366556,0.0043775113,0.057042338,0.0056946576,0.34096378,0.019483674,null,null,null,null,"TWOGAUSSIANS",8,3.0160584,0.33499193,0.01761029,0.3979075,0.020078838,0.627517,0.16214854,0.8366556,0.0043775113,0.3194371,0.031890083,0.3405199,0.019168176
375316653866487564,4123154899037543936,0.53480464,2389.5868581566924,0.3047928854073705,1.1130205E-5,18.00382,0.0045548654,0.24815539,0.031725623,0.020765243,0.017822543,0.6852974,5.741678,0.7623504,0.0017222216,0.030172266,0.0040173437,0.211255,0.02805844,0.04099398,0.012082707,0.7623504,0.0017222216,"TWOGAUSSIANS_WITH_ELLIPSOIDAL_ON_ECLIPSE2",9,6.7247624,0.24821538,0.03172805,0.11628536,0.09980624,0.76663744,5.743346,0.7623504,0.0017222216,0.1689647,0.022497125,0.29324287,0.027446834
375316653866487564,4123154997737968768,0.5120728,2403.7137758110202,1.041490344981444,6.352503E-6,18.329437,0.0037680452,0.26441813,0.0076653278,0.078574546,0.009129746,0.07935081,0.010504248,0.75960726,0.0022479724,0.059793137,0.0024734032,0.18892688,0.008896682,null,null,null,null,"TWOGAUSSIANS",8,1.6161674,0.75960726,0.0022479724,0.33484155,0.013851059,0.18863611,0.008878449,0.26441813,0.0076653278,0.4,0.0,0.07906005,0.010605214
375316653866487564,4123155276956546688,0.48110574,2392.791194012681,3.292675568963167,3.9116607E-5,19.523764,0.041414306,0.2257256,0.0062003904,0.10607592,0.011568644,0.47379798,0.041495778,0.7016354,0.010775585,0.10242153,0.021460256,0.35240453,0.042258162,null,null,null,null,"TWOGAUSSIANS",8,4.065766,0.2257356,0.0062092757,0.4,0.0,0.43907735,0.018580796,0.7016354,0.010775585,0.4,0.0,0.3176985,0.0313785
375316653866487564,4123155341335368192,0.5934257,2401.955299248152,1.1993579199539999,2.0795667E-6,18.46843,0.0044105207,0.24290462,0.0048437025,0.06220237,0.0049053924,0.13649963,0.009187295,0.7377807,0.0013093477,0.051564448,0.0025664368,0.5249319,0.021336643,null,null,null,null,"TWOGAUSSIANS",8,1.8922819,0.7377807,0.0013093477,0.2887609,0.014372046,0.5249061,0.021347223,0.24290462,0.0048437025,0.3483333,0.027470198,0.1364738,0.009187551
375316653866487564,4123155375695118464,0.42326134,2363.1413770249565,1.8173126028227986,8.235972E-5,18.339626,0.12596838,0.258194,0.02147612,0.12870407,0.07991513,0.13701648,0.12356021,0.7419209,0.009082693,0.11616357,0.03318337,0.15271121,0.10911398,null,null,null,null,"TWOGAUSSIANS",8,7.190024,0.7419209,0.009082693,0.4,0.0,0.12171157,0.014197741,0.258274,0.02135522,0.4,0.0,0.10588967,0.01877738
375316653866487564,4123155448755575808,0.5601299,2408.0518551801383,2.0898957624252175,1.0607754E-5,18.794804,0.0121946605,0.20256415,0.0027465739,0.08281438,0.0043886593,0.43859026,0.01486466,0.7033873,0.002211496,0.08206726,0.0035546143,0.4453725,0.013962333,null,null,null,null,"TWOGAUSSIANS",8,3.8422713,0.7033873,0.002211496,0.4,0.0,0.43660313,0.012430185,0.20256415,0.0027465739,0.4,0.0,0.4298209,0.014544039
375316653866487564,4123155448793499776,0.49492422,2403.9108694500105,1.1343668519374288,1.582399E-4,17.945923,0.20387878,0.20636308,0.007961341,0.023581319,0.0063207503,0.46740657,0.05774389,0.6669457,0.02272229,0.25442162,0.22332208,0.12068973,0.19068474,null,null,null,null,"TWOGAUSSIANS",8,19.695082,0.20643307,0.007937237,0.13205537,0.035396203,0.46634802,0.05769618,0.6669457,0.02272229,0.4,0.0,0.0835402,0.013627056
375316653866487564,4123155792353845120,0.43466127,2401.755782954717,1.7247999407513905,2.2440718E-5,17.899284,0.010487684,null,null,null,null,null,null,null,null,null,null,null,null,0.09609701,0.01191441,0.25819084,0.011628327,"ELLIPSOIDAL",4,39.368477,null,null,null,null,null,null,null,null,null,null,null,null
375316653866487564,4123155925449633536,0.41373816,2396.1809425226584,0.7279976920483116,9.507023E-5,18.681911,0.15217657,0.29974395,0.019004038,0.0819883,0.06402389,0.069297135,0.10223664,0.8059092,0.03715625,0.071902916,0.18028082,0.04379997,0.14617251,null,null,null,null,"TWOGAUSSIANS",8,3.0644343,0.29974395,0.018077653,0.4,0.07415468,0.068798274,0.018869208,0.8059092,0.03754193,0.4,0.16138661,0.043301113,0.016761672
375316653866487564,4123156170310342016,0.4562124,2400.7743974872983,4.663710426778854,1.4444995E-4,18.762878,0.063150816,0.4997437,0.11190205,0.120138146,0.096164376,0.3106448,0.16948122,0.7341087,0.30216452,0.11862365,0.17425445,0.15061088,0.20518757,null,null,null,null,"TWOGAUSSIANS",8,22.682459,0.5212437,0.067556396,0.4,0.0,0.33329374,0.05568983,0.7341087,0.30216452,0.4,0.13208462,0.19442326,0.19306806
375316653866487564,4123156376469169536,0.42179114,2391.367352801218,0.6007990226313205,3.6162757E-5,18.879574,0.009951042,0.13994195,0.008939193,0.058432814,0.011503249,0.14534464,0.038892247,0.6010781,0.008382709,0.039641377,0.024786776,0.26538146,9794.597,null,null,null,null,"TWOGAUSSIANS",8,5.3506684,0.6010781,0.008382709,0.2219917,0.13880594,0.26538137,9794.597,0.13994195,0.008939193,0.32722375,0.0644182,0.14534454,0.038892426
375316653866487564,4123156445226034560,0.5712312,2410.769182758785,1.5453191620612603,1.095527E-5,16.773973,0.15797244,0.25450337,0.003858471,0.1296736,0.030451639,0.34252438,0.15336686,0.7525597,0.0030539238,0.1292432,0.030823173,0.32994145,0.15371597,null,null,null,null,"TWOGAUSSIANS",8,10.6954155,0.25453335,0.0039104884,0.4,0.0,0.24021502,0.008719913,0.7525597,0.0030965812,0.4,0.0,0.22766584,0.010988505
375316653866487564,4123156548268193792,0.5629339,2386.8790935204347,2.1520956632642387,7.3895744E-6,18.906097,0.010511473,0.25648722,0.0022580193,0.08443169,0.003737796,0.4895123,0.013403383,0.74465925,0.0036316472,0.08418681,0.0037471373,0.47392574,0.018762141,null,null,null,null,"TWOGAUSSIANS",8,3.1057792,0.25648722,0.0022580193,0.4,0.0,0.47989526,0.012881454,0.74465925,0.0036316472,0.4,0.0,0.4643087,0.017989023
375316653866487564,4123156887512187904,0.5579941,2358.1071143919185,2.9272709537136206,6.6584994E-6,18.55998,0.009200162,0.254024,0.0040283585,0.07801788,0.004729795,0.43516666,0.019210735,0.7589335,0.0032885412,0.079382956,0.004051286,0.49114805,0.02510989,null,null,null,null,"TWOGAUSSIANS",8,4.9463677,0.7589335,0.0032885412,0.4,0.0,0.48575634,0.025481254,0.254024,0.0040283585,0.4,0.0,0.42977494,0.01956703
375316653866487564,4123156960585677568,0.50221765,2420.3835872743175,2.556605039172225,1.2716129E-5,19.837809,0.037310664,0.23534904,0.0064890557,0.036680732,0.0069915378,0.5506814,0.11085929,0.7379395,0.027596682,0.052271288,0.023665361,0.5581305,0.08606733,0.1096459,0.04379613,0.23534904,0.0064890557,"TWOGAUSSIANS_WITH_ELLIPSOIDAL_ON_ECLIPSE1",9,8.602646,0.7379395,0.02555924,0.29271922,0.13252603,0.77735925,0.040973656,0.23534904,0.0064890557,0.20541209,0.03915261,0.7699682,0.08237298
375316653866487564,4123156990602132224,0.45723784,2419.0200486333433,3.598133487407269,3.9368013E-5,19.13317,0.012971586,0.24823684,0.009349557,0.07455907,0.014011852,0.14117377,0.025278036,0.7372135,0.013329323,0.09167845,0.019543534,0.118391946,0.013194291,null,null,null,null,"TWOGAUSSIANS",8,2.7440977,0.24823684,0.009349557,0.4,0.02708244,0.13891742,0.024977928,0.7372135,0.013329323,0.4,0.0,0.1161355,0.011244872
375316653866487564,4123157029305205376,0.4727306,2414.3427001572477,2.6438068030793396,2.2661145E-5,18.747541,0.118448466,0.30424052,0.0045846608,0.13126662,0.03939984,0.2509986,0.11299123,0.8052179,0.008440121,0.12474675,0.040585864,0.23609513,0.11520658,null,null,null,null,"TWOGAUSSIANS",8,4.119787,0.30423054,0.0045989,0.4,0.0,0.17935617,0.013387458,0.8052379,0.008487371,0.4,0.0,0.16465437,0.011251511
375316653866487564,4123157235463139072,0.46896324,2412.385922007879,4.012409523869316,2.6693257E-5,19.867397,0.0054982086,0.794163,0.0066125873,0.014151331,0.0068860315,0.008468234,0.04317011,null,null,null,null,null,null,0.106072396,0.007836345,0.794163,0.0066125873,"ONEGAUSSIAN_WITH_ELLIPSOIDAL",6,2.3068016,0.794163,0.0066125873,0.07924745,0.038561776,0.2206129,0.04204226,null,null,null,null,null,null
375316653866487564,4123157613475676672,0.50020474,2387.959594561545,1.0179866589249391,2.4654508E-5,18.54259,0.004733433,0.28329623,0.01114134,0.041167755,0.015255198,0.19395325,0.064536445,0.7960006,0.005667576,0.059779175,0.00676645,0.11725205,0.013271622,null,null,null,null,"TWOGAUSSIANS",8,1.6202034,0.28329623,0.01114134,0.23053944,0.08542911,0.19395253,0.06454692,0.7960006,0.005667576,0.33476338,0.037892118,0.117251344,0.013269906
375316653866487564,4123157918288140288,0.47679117,2398.7616400681145,2.3852291217711388,1.9278095E-5,18.521479,0.0057018274,null,null,null,null,null,null,null,null,null,null,null,null,0.09543259,0.0078408085,0.25888985,0.0062231775,"ELLIPSOIDAL",4,8.45142,null,null,null,null,null,null,null,null,null,null,null,null
375316653866487564,4123157922657236096,0.48504815,2404.624459888094,3.184539217550887,2.0491903E-5,19.879122,0.02917124,0.20785238,0.0055300915,0.07650721,0.013198425,0.35897553,0.04375386,0.7128893,0.008293711,0.09593586,0.018603154,0.26813328,0.029547276,null,null,null,null,"TWOGAUSSIANS",8,1.7641454,0.20785238,0.0055300915,0.4,0.0047918903,0.35068917,0.047865517,0.7128893,0.008293711,0.4,0.0,0.2598462,0.02428063
