Gaia/vari_eclipsing_binary/VariEclipsingBinary_224755-224837.csv
# %ECSV 1.0
# ---
# delimiter: ','
# meta: !!omap
# - RELEASE: Gaia DR3
# - TABLE: vari_eclipsing_binary
# - DESCRIPTION: >
#     This table describes the properties of the eclipsing binaries resulting from the variability analysis. 
# - CITATION: >
#     How to cite and acknowledge Gaia: 
#     https://gea.esac.esa.int/archive/documentation/credits.html 
# - KNOWN_ISSUES: >
#     Known issues: 
#     https://www.cosmos.esa.int/web/gaia-users/known-issues 
# - DOCUMENTATION: >
#     Tutorials and documentation: 
#     https://www.cosmos.esa.int/web/gaia-users/archive 
# datatype:
# - 
#   name: solution_id
#   datatype: int64
#   description: Solution Identifier
#   meta:
#     ucd: meta.version
# - 
#   name: source_id
#   datatype: int64
#   description: Unique source identifier
#   meta:
#     ucd: meta.id;meta.main
# - 
#   name: global_ranking
#   datatype: float32
#   description: Number between 0 (worst) and 1 (best)
#   meta:
#     ucd: stat.param
# - 
#   name: reference_time
#   datatype: float64
#   unit: d
#   description: Reference time used for the geometric model fit
#   meta:
#     ucd: time.epoch
# - 
#   name: frequency
#   datatype: float64
#   unit: d**-1
#   description: Frequency of geometric model of the eclipsing binary light curve
#   meta:
#     ucd: src.orbital
# - 
#   name: frequency_error
#   datatype: float32
#   unit: d**-1
#   description: "Uncertainty of \\texttt{frequency}"
#   meta:
#     ucd: stat.error
# - 
#   name: geom_model_reference_level
#   datatype: float32
#   unit: mag
#   description: Magnitude reference level of geometric model
#   meta:
#     ucd: phot.mag;em.opt
# - 
#   name: geom_model_reference_level_error
#   datatype: float32
#   unit: mag
#   description: "Uncertainty of \\texttt{geomModelReferenceLevel}"
#   meta:
#     ucd: stat.error;phot.mag;em.opt
# - 
#   name: geom_model_gaussian1_phase
#   datatype: float32
#   description: Phase of the Gaussian 1 component
#   meta:
#     ucd: time.phase
# - 
#   name: geom_model_gaussian1_phase_error
#   datatype: float32
#   description: "Uncertainty of \\texttt{geomModelGaussian1Phase}"
#   meta:
#     ucd: stat.error;time.phase
# - 
#   name: geom_model_gaussian1_sigma
#   datatype: float32
#   description: "Standard deviation [phase] of Gaussian 1 component"
#   meta:
#     ucd: stat.stdev
# - 
#   name: geom_model_gaussian1_sigma_error
#   datatype: float32
#   description: "Uncertainty of \\texttt{geomModelGaussian1Sigma}"
#   meta:
#     ucd: stat.error
# - 
#   name: geom_model_gaussian1_depth
#   datatype: float32
#   unit: mag
#   description: Magnitude depth of Gaussian 1 component
#   meta:
#     ucd: src.var.amplitude
# - 
#   name: geom_model_gaussian1_depth_error
#   datatype: float32
#   unit: mag
#   description: "Uncertainty of \\texttt{geomModelGaussian1Depth}"
#   meta:
#     ucd: stat.error;src.var.amplitude
# - 
#   name: geom_model_gaussian2_phase
#   datatype: float32
#   description: Phase of Gaussian 2 component
#   meta:
#     ucd: time.phase
# - 
#   name: geom_model_gaussian2_phase_error
#   datatype: float32
#   description: "Uncertainty of \\texttt{geomModelGaussian2Phase}"
#   meta:
#     ucd: stat.error;time.phase
# - 
#   name: geom_model_gaussian2_sigma
#   datatype: float32
[...]
#   datatype: float32
#   description: "Secondary eclipse: uncertainty of \\texttt{derivedSecondaryEclDuration}"
#   meta:
#     ucd: stat.error;time.duration
# - 
#   name: derived_secondary_ecl_depth
#   datatype: float32
#   unit: mag
#   description: "Secondary eclipse: depth"
#   meta:
#     ucd: src.var.amplitude
# - 
#   name: derived_secondary_ecl_depth_error
#   datatype: float32
#   unit: mag
#   description: "Secondary eclipse: uncertainty of \\texttt{derivedSecondaryEclDepth}"
#   meta:
#     ucd: stat.error;src.var.amplitude
solution_id,source_id,global_ranking,reference_time,frequency,frequency_error,geom_model_reference_level,geom_model_reference_level_error,geom_model_gaussian1_phase,geom_model_gaussian1_phase_error,geom_model_gaussian1_sigma,geom_model_gaussian1_sigma_error,geom_model_gaussian1_depth,geom_model_gaussian1_depth_error,geom_model_gaussian2_phase,geom_model_gaussian2_phase_error,geom_model_gaussian2_sigma,geom_model_gaussian2_sigma_error,geom_model_gaussian2_depth,geom_model_gaussian2_depth_error,geom_model_cosine_half_period_amplitude,geom_model_cosine_half_period_amplitude_error,geom_model_cosine_half_period_phase,geom_model_cosine_half_period_phase_error,model_type,num_model_parameters,reduced_chi2,derived_primary_ecl_phase,derived_primary_ecl_phase_error,derived_primary_ecl_duration,derived_primary_ecl_duration_error,derived_primary_ecl_depth,derived_primary_ecl_depth_error,derived_secondary_ecl_phase,derived_secondary_ecl_phase_error,derived_secondary_ecl_duration,derived_secondary_ecl_duration_error,derived_secondary_ecl_depth,derived_secondary_ecl_depth_error
[from data line 750]
375316653866487564,1977528527923024128,0.66189075,2160.3215738986974,0.20807114616561095,9.848255E-7,16.431372,0.0012718149,0.36647958,5.0543185E-4,0.011446556,2.1020556E-4,0.8025094,0.02476513,0.8612057,0.0014822035,0.008979475,6.9088995E-4,0.6947208,0.025781631,null,null,null,null,"TWOGAUSSIANS",8,6.9795475,0.36647958,5.0543185E-4,0.06410071,0.0011771511,0.8025094,0.02476513,0.8612057,0.0014822035,0.05028506,0.0038689838,0.6947208,0.025781631
375316653866487564,1977530318937477632,0.5422352,2138.3783901161955,2.3449685505473274,9.264163E-6,18.174124,0.008541603,0.22108677,0.0028272716,0.08384225,0.0033620484,0.32940397,0.01590403,0.73102695,0.0044429605,0.09590378,0.0068095517,0.27509916,0.012414654,null,null,null,null,"TWOGAUSSIANS",8,4.8138733,0.22108677,0.0028272716,0.4,0.0,0.31874976,0.015649458,0.73102695,0.0044429605,0.4,0.0,0.26444417,0.0125792995
375316653866487564,1977530417708089728,0.59723,2144.5802735897637,2.5557107801822556,4.4737635E-6,12.5944395,0.005016756,0.22147553,0.0013206749,0.08533803,0.0028390954,0.3245107,0.0072676726,0.71961665,0.0012162401,0.080996975,0.002746626,0.3311338,0.009703859,null,null,null,null,"TWOGAUSSIANS",8,299.49243,0.71961665,0.0012162401,0.4,0.0,0.3242217,0.010143651,0.22147553,0.0013206749,0.4,0.0,0.31759855,0.007576394
375316653866487564,1977531796406396160,0.57038903,2131.1631077171533,1.1256202396355919,5.945321E-6,16.406956,0.0011045503,0.2830952,0.04209947,0.084118724,0.030730221,0.007227043,0.0033264442,0.54939985,9.697771E-4,0.037828334,9.451335E-4,0.1345804,0.0024331184,null,null,null,null,"TWOGAUSSIANS",8,3.638165,0.54939985,9.697771E-4,0.21183866,0.0052927476,0.13462856,0.0024417988,0.2830952,0.04209947,0.4,0.07692123,0.0072270427,0.003326445
375316653866487564,1977532101339315200,0.54309547,2173.0186443780726,3.8790463763902827,1.011955E-5,18.622618,0.014391458,0.23525542,0.004160253,0.04003629,0.006741218,0.22887954,0.038473684,0.73663795,0.009414535,0.058784474,0.013531813,0.15845148,0.033019416,0.09215844,0.018546749,0.23525542,0.004160253,"TWOGAUSSIANS_WITH_ELLIPSOIDAL_ON_ECLIPSE1",9,5.5206637,0.23525542,0.004160253,0.22420324,0.037750818,0.4131788,0.023879427,0.73663795,0.008628184,0.32919306,0.07577816,0.34273684,0.023966923
375316653866487564,1977532307497611904,0.4764223,2121.59303577547,0.270391356820029,1.37502075E-5,18.944475,0.010643254,0.37772653,0.014751817,0.11447218,0.0143548865,0.22957368,0.02616744,0.79060453,0.006853453,0.045509823,0.0055337534,1.2958335,0.94485307,null,null,null,null,"TWOGAUSSIANS",8,8.69146,0.79060453,0.006853453,0.254855,0.03098902,1.295407,0.9451549,0.37772653,0.014751817,0.4,0.0,0.22880319,0.026151523
375316653866487564,1977533273874973312,0.6515051,2163.6275813155894,2.024677624862899,2.7171038E-6,15.115305,0.0029976335,0.2609262,0.003252857,0.037859306,0.011016918,0.12258109,0.04629567,0.76002216,9.991378E-4,0.055548772,0.0012746106,0.34946975,0.007370473,0.043884538,0.0040183156,0.2609262,0.003252857,"TWOGAUSSIANS_WITH_ELLIPSOIDAL_ON_ECLIPSE1",9,23.151428,0.7600722,8.6967833E-4,0.31107312,0.007137819,0.43722326,0.0049000643,0.2609262,0.003252857,0.21201211,0.061694745,0.21033725,0.048036896
375316653866487564,1977533857990518912,0.49154016,2120.5719700912014,2.574894277434376,2.6888933E-5,17.297346,0.13468945,0.29927027,0.008353462,0.13334163,0.030599458,0.29918054,0.12802035,0.7779044,0.009537631,0.14239278,0.033892464,0.32015377,0.12597355,null,null,null,null,"TWOGAUSSIANS",8,25.717085,0.7779044,0.009537631,0.4,0.0,0.21712127,0.012959843,0.30030027,0.007859971,0.4,0.0,0.19705646,0.009598247
375316653866487564,1977534407746319872,0.62888664,2193.2572345309745,1.01879354291936,7.2123685E-6,16.180668,0.0037602924,0.26755264,0.0023208547,0.07873813,0.003123231,0.33867982,0.0068754125,0.7705199,0.0015785225,0.10098379,0.003470821,0.15159185,0.0036583168,null,null,null,null,"TWOGAUSSIANS",8,7.02813,0.26755264,0.0023208547,0.4,0.0,0.3303229,0.0072996295,0.7705199,0.0015785225,0.4,0.0,0.14323346,0.0027088074
375316653866487564,1977535640392413952,0.5307997,2164.2172608488795,1.3770755838403175,1.8956316E-5,18.599703,0.0054149586,0.2757975,0.0038325463,0.041627407,0.00415578,0.28986526,0.025963718,0.7916975,0.012589461,0.031455163,0.018971238,0.08313464,0.07609219,0.034273334,0.00733322,0.2757975,0.0038325463,"TWOGAUSSIANS_WITH_ELLIPSOIDAL_ON_ECLIPSE1",9,4.9115686,0.2757975,0.0038325463,0.23311347,0.023272369,0.3584118,0.026096798,0.7916975,0.012589461,0.1761489,0.10623894,0.15099931,0.07638167
375316653866487564,1977536572409987328,0.54053354,2138.9657167118207,1.1688652530494466,3.1928344E-6,17.134705,0.0016403086,0.26150194,0.001181925,0.023150867,0.0011530864,0.1456558,0.007171904,0.7643683,0.003551266,0.024278048,0.0035457471,0.096344754,0.011334535,null,null,null,null,"TWOGAUSSIANS",8,3.5851398,0.26150194,0.001181925,0.12964486,0.0064572836,0.1456558,0.007171904,0.7643683,0.003551266,0.13595708,0.019856183,0.096344754,0.011334535
375316653866487564,1977536950367206400,0.44545925,2225.653296987043,2.206611294139037,5.082075E-5,17.36564,0.3168037,0.24678516,0.021679083,0.07486094,0.02605811,0.15764083,0.04900602,0.7045645,0.013669594,0.25685033,0.120806284,0.323016,0.31140012,null,null,null,null,"TWOGAUSSIANS",8,9.199115,0.7045645,0.013669594,0.4,0.0,0.18263374,0.025438476,0.25394517,0.026149673,0.4,0.11101054,0.11832249,0.032246467
375316653866487564,1977537637562269056,0.62410194,2112.273925315473,1.941799723490084,3.9339675E-6,17.879313,0.0075182794,0.23752677,0.001391788,0.044323392,0.0031572254,0.22909334,0.0185263,0.7376762,0.0018979276,0.052932583,0.0053102854,0.19626392,0.01856371,0.1335483,0.010975517,0.23752677,0.001391788,"TWOGAUSSIANS_WITH_ELLIPSOIDAL_ON_ECLIPSE1",9,3.5495925,0.23752677,0.001391788,0.248211,0.017680462,0.49618712,0.0073783984,0.7376762,0.0016734013,0.29642245,0.029737597,0.46335748,0.018314773
375316653866487564,1977544505204893440,0.43656033,2166.663887279033,0.322109244166345,1.0304873E-5,18.701952,0.007997705,0.31593847,0.01300665,0.018985948,0.040918145,0.061981168,0.02257646,0.67074835,1.4485946E-4,0.008879986,4.5492663E-4,0.71491534,0.056581505,null,null,null,null,"TWOGAUSSIANS",8,11.727909,0.67074835,1.4485946E-4,0.049727917,0.0025475891,0.71491534,0.056581505,0.31593847,0.01300665,0.10632131,0.22914161,0.061981168,0.02257646
375316653866487564,1977545299788721408,0.6248056,2161.6942407723764,0.5852800355354945,6.581181E-6,17.64446,0.0015081967,0.43182552,0.003095856,0.019249715,0.0019281014,0.6856017,0.051599823,null,null,null,null,null,null,null,null,null,null,"ONEGAUSSIAN",5,3.7469833,0.43182552,0.003095856,0.107798405,0.010797367,0.6856017,0.0,null,null,null,null,null,null
375316653866487564,1977545707796008064,0.5125607,2145.630604867191,2.5400301499409625,8.594499E-6,18.463598,0.0048996257,0.25287074,0.0041889832,0.07056418,0.006947509,0.16130947,0.015433663,0.750888,0.003146532,0.073209226,0.0038661545,0.14873187,0.00564637,null,null,null,null,"TWOGAUSSIANS",8,2.1571705,0.25287074,0.0041889832,0.39515942,0.02240425,0.16061206,0.015698621,0.750888,0.003146532,0.4,0.0,0.14803447,0.0053937198
375316653866487564,1977547361368742144,0.65088445,2158.209129268224,2.9529089555785504,4.2299985E-6,17.374863,0.005995893,0.20752458,0.0010853386,0.041979726,0.0022367106,0.33293483,0.014071466,0.7093165,0.003758009,0.0556788,0.0031256666,0.40973023,0.014779534,0.11835581,0.0068406085,0.20752458,0.0010853386,"TWOGAUSSIANS_WITH_ELLIPSOIDAL_ON_ECLIPSE1",9,5.588359,0.7093165,0.0035335296,0.31180128,0.017503735,0.646397,0.009355318,0.20752458,0.0010853386,0.23508647,0.012525579,0.56963164,0.007656673
375316653866487564,1977548357801143808,0.4780367,2185.3737457686098,0.4919299743059119,8.675924E-6,15.632615,0.0016112034,0.2951345,0.009262442,0.056151666,0.00729941,0.05599938,0.009473325,0.7997445,0.003264286,0.048506152,0.005081553,0.06314495,0.004451647,null,null,null,null,"TWOGAUSSIANS",8,16.741867,0.7997445,0.003264286,0.27163446,0.028456697,0.063143894,0.004452321,0.2951345,0.009262442,0.31444934,0.040876698,0.055998325,0.009473874
375316653866487564,1977549830962657792,0.46669587,2148.1955675531462,1.9156546154795866,3.1640295E-5,17.65722,0.35701147,0.23583047,0.0069887633,0.1318323,0.07715706,0.25837696,0.35017666,0.7463532,0.012814045,0.10988531,0.054992434,0.24351622,0.3121845,null,null,null,null,"TWOGAUSSIANS",8,25.22807,0.23581047,0.006953462,0.4,0.0,0.20457755,0.0150129795,0.74651325,0.012331028,0.4,0.0,0.19010556,0.022282828
375316653866487564,1977552034281982848,0.48191836,2162.534423894947,3.214372128124496,2.237009E-5,19.630747,0.025891675,0.31393528,0.005986679,0.09830005,0.012390347,0.23483631,0.028952654,0.8195359,0.009536566,0.07852122,0.019042015,0.23903243,0.027737943,null,null,null,null,"TWOGAUSSIANS",8,2.4826458,0.8195359,0.009536566,0.4,0.0,0.23115149,0.033880055,0.31393528,0.005986679,0.4,0.0,0.22695419,0.023347374
375316653866487564,1977554091580636800,0.6002096,2126.826022211203,1.4547101538054337,6.0961274E-6,14.348335,0.0040596663,0.19757098,0.0039672987,0.034601025,0.0039050037,0.16219646,0.025756069,0.70890766,0.013830093,0.045038506,0.014973122,0.40135002,0.1917758,0.012829063,0.005225997,0.19757098,0.0039672987,"TWOGAUSSIANS_WITH_ELLIPSOIDAL_ON_ECLIPSE1",9,63.93762,0.70890766,0.013830093,0.25221565,0.08384948,0.42687812,0.19968294,0.19757098,0.0039672987,0.19376574,0.02186802,0.18785454,0.02442014
375316653866487564,1977554405115041280,0.565385,2137.7365080566833,2.499792522167576,7.0422757E-6,17.148987,0.00917216,0.21926476,0.0026338967,0.085721195,0.0047668726,0.23462187,0.009446545,0.7233046,0.00278186,0.09221446,0.00507271,0.2763006,0.008746607,null,null,null,null,"TWOGAUSSIANS",8,11.184654,0.7233046,0.00278186,0.4,0.0,0.26706627,0.006597808,0.21926476,0.0026338967,0.4,0.0,0.22538774,0.007516576
375316653866487564,1977556496753797248,0.43902096,2106.9071911337687,1.0438260014504321,2.4453553E-5,19.085209,0.006317606,0.3819223,0.010158118,0.05149626,0.007315777,0.123369984,0.009225984,0.8689124,0.005483093,0.047090013,0.0041063624,0.14973119,0.017442297,null,null,null,null,"TWOGAUSSIANS",8,4.604122,0.8689124,0.005483093,0.26370406,0.022995628,0.14973083,0.017442266,0.3819223,0.010158118,0.28837904,0.04096835,0.12336963,0.009225728
375316653866487564,1977556604126448768,0.51597255,2133.5232280321266,4.1154040937300715,9.080124E-6,19.068121,0.019638266,0.2351362,0.00426422,0.089590736,0.009324655,0.27076182,0.0190256,0.73757243,0.0041248077,0.09873103,0.008261866,0.27692932,0.018136522,null,null,null,null,"TWOGAUSSIANS",8,2.2867377,0.73757243,0.0041248077,0.4,0.0,0.26135087,0.011586224,0.2351362,0.00426422,0.4,0.0,0.25518477,0.0155553175
375316653866487564,1977557188253468288,0.6595924,2122.6815181503725,0.2645727568263656,2.8832128E-5,16.318384,7.212397E-4,0.3915633,0.0013680174,0.011553317,0.0012654165,0.45461237,0.037707645,0.8969139,0.0029742373,0.00698962,0.0021079523,0.3308179,0.17371495,null,null,null,null,"TWOGAUSSIANS",8,2.59318,0.3915633,0.0013680174,0.06469858,0.0070863324,0.45461237,0.037707645,0.8969139,0.0029742373,0.039141875,0.011804532,0.3308179,0.17371495
375316653866487564,1977557458825765120,0.47592008,2144.174271204558,2.5642155025796867,1.6458665E-5,18.190702,0.0014896228,null,null,null,null,null,null,null,null,null,null,null,null,0.045477394,0.0018070152,0.28163385,0.004055416,"ELLIPSOIDAL",4,2.2893207,null,null,null,null,null,null,null,null,null,null,null,null
375316653866487564,1977558322125094784,0.55949205,2158.270444614806,0.27511209327790737,2.2116015E-5,16.645359,0.0010051384,0.32476118,0.0071340757,0.00778585,0.0070907795,0.21332428,0.31613106,0.8263584,0.0075590806,0.01450574,0.004503637,0.2179567,0.06047211,0.004969589,0.0017792983,0.32476118,0.0071340757,"TWOGAUSSIANS_WITH_ELLIPSOIDAL_ON_ECLIPSE1",9,3.1681433,0.8263584,0.0075590806,0.081232145,0.025220366,0.22789487,0.0599277,0.32476118,0.0071340757,0.04360076,0.039708365,0.22326344,0.31646097
375316653866487564,1977558867573878912,0.5223204,2141.383036019517,3.6137001694929407,9.525574E-6,17.252193,0.024633164,0.2590183,0.003982135,0.09822896,0.009837522,0.22849174,0.02360993,0.75318855,0.004342727,0.10054901,0.011425639,0.22848296,0.024439221,null,null,null,null,"TWOGAUSSIANS",8,11.2224655,0.2590183,0.003982135,0.4,0.0,0.21055664,0.009814067,0.75318855,0.004342727,0.4,0.0,0.21054696,0.015357817
375316653866487564,1977559760929088896,0.5558399,2130.649450287401,2.547047614261376,1.0409393E-5,17.021584,0.005702194,0.290566,0.0030969502,0.055535663,0.01652972,0.055776186,0.013203944,0.785178,0.011324615,0.04413133,0.015536367,0.03759936,0.01085736,0.04638478,0.006857411,0.290566,0.0030969502,"TWOGAUSSIANS_WITH_ELLIPSOIDAL_ON_ECLIPSE1",9,3.7677066,0.290566,0.0030969502,0.3109997,0.09256644,0.14854352,0.012316284,0.786658,0.0073447884,0.24713545,0.087003656,0.13028963,0.0072205984
375316653866487564,1977559833942038784,0.5534983,2102.0610625082436,2.957268511886081,5.399527E-6,19.472328,0.011952473,0.23184247,0.0017545527,0.06688041,0.0037420522,0.62990296,0.055916168,0.7370684,0.0034478356,0.0712705,0.004299462,0.6141441,0.032730054,null,null,null,null,"TWOGAUSSIANS",8,2.2632341,0.23184247,0.0017545527,0.37453032,0.020955492,0.6283533,0.056418154,0.7370684,0.0034478356,0.39911482,0.014234128,0.6125944,0.032947738
375316653866487564,1977560108831198848,0.673519,2140.3940069306777,0.845548693508966,2.1552405E-6,15.768309,0.001061756,0.32704234,0.02740339,0.062279057,0.030293733,0.008956355,0.003903275,0.5509651,2.643757E-4,0.041409142,2.4133187E-4,0.55185175,0.0024201027,null,null,null,null,"TWOGAUSSIANS",8,7.027744,0.5509651,2.643757E-4,0.23189119,0.0013514585,0.55186576,0.0024307943,0.32705233,0.027584093,0.34876272,0.117456146,0.008956602,0.0039024805
375316653866487564,1977560899105171968,0.50227666,2146.11410238726,2.9441991730253707,2.2757484E-5,18.979908,0.011369607,0.23337536,0.005935513,0.07930925,0.00594132,0.32842687,0.017959384,0.73725647,0.0077236053,0.07205499,0.00913211,0.37665716,0.032322645,null,null,null,null,"TWOGAUSSIANS",8,6.7078595,0.73725647,0.0077236053,0.4,0.016920108,0.37391162,0.033157744,0.23337536,0.005935513,0.4,0.0,0.32568133,0.017725974
375316653866487564,1977560929158169856,0.5839222,2141.4643095120036,0.2607485017747619,4.6466554E-5,13.708945,0.0014850695,0.35992506,0.0038061317,0.018553298,0.0034504829,0.26136062,0.010459673,0.8180569,0.013053301,0.01783462,0.012005788,0.015118612,0.015660357,null,null,null,null,"TWOGAUSSIANS",8,81.84744,0.35992506,0.0038061317,0.10389847,0.019322703,0.26136062,0.010459673,0.8180569,0.013053301,0.09987388,0.067232415,0.015118612,0.015660357
375316653866487564,1977561238404532864,0.44802916,2148.0270669091506,2.5361895550971316,3.211339E-5,19.728304,0.020697562,0.2674366,0.031165361,0.02647652,0.020366501,0.2188671,21.559525,0.81317866,0.0076178405,0.015832724,0.0305376,0.1646796,0.9153024,0.16642068,0.030270964,0.81317866,0.0076178405,"TWOGAUSSIANS_WITH_ELLIPSOIDAL_ON_ECLIPSE2",9,13.610141,0.2708566,0.030855197,0.1482685,0.1140524,0.5269036,21.554594,0.81317866,0.0076178405,0.08866325,0.17101055,0.49752077,0.92252
375316653866487564,1977561792463051136,0.5859312,2158.9186731726677,2.123251333778212,8.594868E-6,17.854725,0.009830444,0.23906605,0.0021989727,0.08780145,0.0037768213,0.38063106,0.01002915,0.75394857,0.0042106602,0.10818117,0.009782494,0.15460204,0.008755957,null,null,null,null,"TWOGAUSSIANS",8,2.5280008,0.23906605,0.0022043723,0.4,0.0,0.36640143,0.007215185,0.75394857,0.0042106602,0.4,0.0,0.140364,0.005624932
