Gaia/vari_eclipsing_binary/VariEclipsingBinary_595680-595720.csv
# %ECSV 1.0
# ---
# delimiter: ','
# meta: !!omap
# - RELEASE: Gaia DR3
# - TABLE: vari_eclipsing_binary
# - DESCRIPTION: >
#     This table describes the properties of the eclipsing binaries resulting from the variability analysis. 
# - CITATION: >
#     How to cite and acknowledge Gaia: 
#     https://gea.esac.esa.int/archive/documentation/credits.html 
# - KNOWN_ISSUES: >
#     Known issues: 
#     https://www.cosmos.esa.int/web/gaia-users/known-issues 
# - DOCUMENTATION: >
#     Tutorials and documentation: 
#     https://www.cosmos.esa.int/web/gaia-users/archive 
# datatype:
# - 
#   name: solution_id
#   datatype: int64
#   description: Solution Identifier
#   meta:
#     ucd: meta.version
# - 
#   name: source_id
#   datatype: int64
#   description: Unique source identifier
#   meta:
#     ucd: meta.id;meta.main
# - 
#   name: global_ranking
#   datatype: float32
#   description: Number between 0 (worst) and 1 (best)
#   meta:
#     ucd: stat.param
# - 
#   name: reference_time
#   datatype: float64
#   unit: d
#   description: Reference time used for the geometric model fit
#   meta:
#     ucd: time.epoch
# - 
#   name: frequency
#   datatype: float64
#   unit: d**-1
#   description: Frequency of geometric model of the eclipsing binary light curve
#   meta:
#     ucd: src.orbital
# - 
#   name: frequency_error
#   datatype: float32
#   unit: d**-1
#   description: "Uncertainty of \\texttt{frequency}"
#   meta:
#     ucd: stat.error
# - 
#   name: geom_model_reference_level
#   datatype: float32
#   unit: mag
#   description: Magnitude reference level of geometric model
#   meta:
#     ucd: phot.mag;em.opt
# - 
#   name: geom_model_reference_level_error
#   datatype: float32
#   unit: mag
#   description: "Uncertainty of \\texttt{geomModelReferenceLevel}"
#   meta:
#     ucd: stat.error;phot.mag;em.opt
# - 
#   name: geom_model_gaussian1_phase
#   datatype: float32
#   description: Phase of the Gaussian 1 component
#   meta:
#     ucd: time.phase
# - 
#   name: geom_model_gaussian1_phase_error
#   datatype: float32
#   description: "Uncertainty of \\texttt{geomModelGaussian1Phase}"
#   meta:
#     ucd: stat.error;time.phase
# - 
#   name: geom_model_gaussian1_sigma
#   datatype: float32
#   description: "Standard deviation [phase] of Gaussian 1 component"
#   meta:
#     ucd: stat.stdev
# - 
#   name: geom_model_gaussian1_sigma_error
#   datatype: float32
#   description: "Uncertainty of \\texttt{geomModelGaussian1Sigma}"
#   meta:
#     ucd: stat.error
# - 
#   name: geom_model_gaussian1_depth
#   datatype: float32
#   unit: mag
#   description: Magnitude depth of Gaussian 1 component
#   meta:
#     ucd: src.var.amplitude
# - 
#   name: geom_model_gaussian1_depth_error
#   datatype: float32
#   unit: mag
#   description: "Uncertainty of \\texttt{geomModelGaussian1Depth}"
#   meta:
#     ucd: stat.error;src.var.amplitude
# - 
#   name: geom_model_gaussian2_phase
#   datatype: float32
#   description: Phase of Gaussian 2 component
#   meta:
#     ucd: time.phase
# - 
#   name: geom_model_gaussian2_phase_error
#   datatype: float32
#   description: "Uncertainty of \\texttt{geomModelGaussian2Phase}"
#   meta:
#     ucd: stat.error;time.phase
# - 
#   name: geom_model_gaussian2_sigma
#   datatype: float32
[...]
#   datatype: float32
#   description: "Secondary eclipse: uncertainty of \\texttt{derivedSecondaryEclDuration}"
#   meta:
#     ucd: stat.error;time.duration
# - 
#   name: derived_secondary_ecl_depth
#   datatype: float32
#   unit: mag
#   description: "Secondary eclipse: depth"
#   meta:
#     ucd: src.var.amplitude
# - 
#   name: derived_secondary_ecl_depth_error
#   datatype: float32
#   unit: mag
#   description: "Secondary eclipse: uncertainty of \\texttt{derivedSecondaryEclDepth}"
#   meta:
#     ucd: stat.error;src.var.amplitude
solution_id,source_id,global_ranking,reference_time,frequency,frequency_error,geom_model_reference_level,geom_model_reference_level_error,geom_model_gaussian1_phase,geom_model_gaussian1_phase_error,geom_model_gaussian1_sigma,geom_model_gaussian1_sigma_error,geom_model_gaussian1_depth,geom_model_gaussian1_depth_error,geom_model_gaussian2_phase,geom_model_gaussian2_phase_error,geom_model_gaussian2_sigma,geom_model_gaussian2_sigma_error,geom_model_gaussian2_depth,geom_model_gaussian2_depth_error,geom_model_cosine_half_period_amplitude,geom_model_cosine_half_period_amplitude_error,geom_model_cosine_half_period_phase,geom_model_cosine_half_period_phase_error,model_type,num_model_parameters,reduced_chi2,derived_primary_ecl_phase,derived_primary_ecl_phase_error,derived_primary_ecl_duration,derived_primary_ecl_duration_error,derived_primary_ecl_depth,derived_primary_ecl_depth_error,derived_secondary_ecl_phase,derived_secondary_ecl_phase_error,derived_secondary_ecl_duration,derived_secondary_ecl_duration_error,derived_secondary_ecl_depth,derived_secondary_ecl_depth_error
[from data line 76]
375316653866487564,5239694903823590784,0.5697498,2207.73235400328,4.154025257798118,7.162768E-6,18.705141,0.008249192,0.15796795,0.0024903251,0.08892111,0.0043310714,0.44293076,0.018576529,0.6542319,0.0030984674,0.0825712,0.0043908977,0.42928892,0.012284721,null,null,null,null,"TWOGAUSSIANS",8,2.3200452,0.15796795,0.0024903251,0.4,0.0,0.43126327,0.019967811,0.6542319,0.0030984674,0.4,0.0,0.41762155,0.01183075
375316653866487564,5239694972524732928,0.6165105,2222.6939731724565,0.668766435796378,2.455657E-6,18.775135,0.0020333636,0.36362255,0.0019156385,0.036294423,0.0026706299,0.50437605,0.013940628,null,null,null,null,null,null,null,null,null,null,"ONEGAUSSIAN",5,0.96518695,0.36362255,0.0019156385,0.20324877,0.014955527,0.50437605,0.0,null,null,null,null,null,null
375316653866487564,5239695694076829184,0.5098741,2255.884400524028,0.8163362441506605,6.1618994E-5,19.83672,0.014958233,0.2351167,0.0033857985,0.02082834,0.005291931,0.10450792,0.015398839,0.7410039,0.0045324783,0.022149611,0.004391959,0.44023284,0.08100818,null,null,null,null,"TWOGAUSSIANS",8,2.6287913,0.7410039,0.0045324783,0.124037825,0.02459497,0.44023284,0.08100818,0.2351167,0.0033857985,0.116638705,0.029634811,0.10450792,0.015398839
375316653866487564,5239695694076834304,0.4826195,2221.4393698139743,2.6525794911687064,2.5305026E-5,19.816967,0.03420158,0.19009186,0.018187014,0.08311345,0.027784694,0.18789949,0.036545362,0.66823,0.0062949196,0.089398205,0.009335092,0.409681,0.050726965,null,null,null,null,"TWOGAUSSIANS",8,1.9998127,0.66823,0.0062949196,0.4,0.0,0.40393162,0.04610388,0.19009186,0.018187014,0.4,0.0,0.18215036,0.025576359
375316653866487564,5239696037694616576,0.41824403,2263.747935528071,0.8296601140545813,6.5952217E-6,17.484978,0.008828073,0.2769172,0.042490423,0.06510175,0.02531731,0.2321576,0.05581595,0.5342551,0.0013036997,0.007865006,0.0010047795,0.09154443,0.009668752,null,null,null,null,"TWOGAUSSIANS",8,9.676697,0.2769172,0.042490423,0.3645698,0.14177693,0.2321576,0.05581595,0.5342551,0.0013036997,0.044044036,0.005626765,0.091638364,0.009733033
375316653866487564,5239696342611262592,0.5872757,2218.3492767292005,0.38869581379425194,2.2942915E-5,18.039654,0.0043557812,0.6796912,0.004593809,0.021628419,0.003106053,0.7745888,0.03618775,0.8203074,0.033080664,0.055842966,0.04269142,0.026463604,0.09637665,0.016201237,0.0065849465,0.6796912,0.004593809,"TWOGAUSSIANS_WITH_ELLIPSOIDAL_ON_ECLIPSE1",9,7.801455,0.6797212,0.004601531,0.12111915,0.017393896,0.8081032,0.03485868,0.8203074,0.033080664,0.31272063,0.23907195,0.039505802,0.101323746
375316653866487564,5239696376969571584,0.5701389,2222.8283770975613,0.8873921969742553,7.0395276E-6,17.881758,0.002704342,0.15141647,0.002524288,0.03755346,0.0077543277,0.1302434,0.021971477,0.658557,7.2361465E-4,0.04009816,0.0013583613,0.39584258,0.014408409,null,null,null,null,"TWOGAUSSIANS",8,3.0211468,0.658557,7.2361465E-4,0.22454971,0.0076068235,0.39584258,0.014408409,0.15141647,0.002524288,0.21029937,0.043424234,0.1302434,0.021971477
375316653866487564,5239696823646231040,0.5840543,2203.830436349731,0.3029855482627299,2.0497233E-5,17.444593,0.0037010966,0.22407953,0.0031686672,0.031799503,0.0033913096,0.09248806,0.0050346255,0.7329174,0.00376234,0.049341682,0.0030807958,0.449485,0.014396471,null,null,null,null,"TWOGAUSSIANS",8,8.184972,0.7329174,0.00376234,0.27631342,0.017252456,0.449485,0.01439647,0.22407953,0.0031686672,0.17807722,0.018991334,0.09248806,0.0050346265
375316653866487564,5239697854438616960,0.573947,2204.474195909613,2.7100131685736066,1.0127941E-5,16.682285,0.0021941438,0.22411764,0.0018971995,0.07440634,0.0024069964,0.1316699,0.0026492379,0.73380923,0.006751805,0.072399005,0.0063423333,0.109278955,0.0074732853,null,null,null,null,"TWOGAUSSIANS",8,3.404338,0.22411764,0.0018971995,0.4,0.0,0.13109052,0.002539671,0.73380923,0.006751805,0.4,0.024492346,0.10869958,0.0074825846
375316653866487564,5239697858760634496,0.5571435,2212.5766364022606,0.8337255800583766,9.569491E-6,17.224154,0.002917829,0.26078045,0.0026618706,0.049973514,0.001998837,0.25141498,0.009272441,0.76060605,0.0036669152,0.055166125,0.0053936224,0.07698769,0.003332512,null,null,null,null,"TWOGAUSSIANS",8,3.6031368,0.26078045,0.0026618706,0.27985168,0.011193488,0.2514117,0.009272131,0.76060605,0.0036669152,0.3089303,0.030204285,0.076984435,0.0033316456
375316653866487564,5239698786453153792,0.521692,2227.986047372384,2.6105451296322277,1.3481313E-5,19.185526,0.03246212,0.218583,0.0031283929,0.094768606,0.008501317,0.40032086,0.02775384,0.721936,0.0047189514,0.09244534,0.014777069,0.3737067,0.031211933,null,null,null,null,"TWOGAUSSIANS",8,2.6187866,0.218583,0.0031283929,0.4,0.0,0.37948024,0.012852443,0.721936,0.0047189514,0.4,0.0,0.35286647,0.036618665
375316653866487564,5239699469343196160,0.5525865,2233.2418885670036,3.050001984375432,2.1913655E-5,16.613024,0.017515963,0.26162183,0.0041401736,0.080370136,0.0049202205,0.45563608,0.027573196,0.7521522,0.0063543287,0.09004426,0.0070528816,0.53398144,0.027304692,null,null,null,null,"TWOGAUSSIANS",8,79.01887,0.7521522,0.0063543287,0.4,0.0,0.5226429,0.024705406,0.26162183,0.0041401736,0.4,0.0,0.44429785,0.02592797
375316653866487564,5239699709864688512,0.5861783,2238.29435496729,2.865600752610651,1.48987965E-5,17.371645,0.037733,0.29062024,0.0044292402,0.058025725,0.015212429,0.19309074,0.07439565,0.7752219,0.016276114,0.054146767,0.020492587,0.22940703,0.078851916,0.0851293,0.04027184,0.29062024,0.0044292402,"TWOGAUSSIANS_WITH_ELLIPSOIDAL_ON_ECLIPSE1",9,15.673623,0.77747184,0.01390124,0.30322188,0.11475849,0.39828733,0.023881909,0.29062024,0.0044292402,0.32494405,0.0851896,0.36332837,0.009648375
375316653866487564,5239699989064492544,0.58084655,2249.8720646673846,1.513335436873718,8.563209E-6,15.302873,0.0026139636,0.30871844,0.0017258208,0.047829434,0.0043964665,0.18140888,0.021445228,0.8017795,0.010788958,0.041868445,0.0082589835,0.036282063,0.0074841105,0.028786613,0.0040247478,0.30871844,0.0017258208,"TWOGAUSSIANS_WITH_ELLIPSOIDAL_ON_ECLIPSE1",9,11.39458,0.30871844,0.0017258208,0.26784483,0.024620213,0.23898183,0.024107821,0.8030295,0.009362379,0.23446329,0.046250306,0.09376532,0.0034057808
375316653866487564,5239700435720823808,0.45516863,2155.440011793962,1.8954429391391783,6.077927E-5,19.879934,0.041242067,0.2649694,0.011003397,0.06422299,0.027741354,0.27451715,0.043946017,0.74024475,0.008966008,0.067802645,0.020049425,0.4251625,0.047210466,null,null,null,null,"TWOGAUSSIANS",8,5.304595,0.74024475,0.008966008,0.37969482,0.10213802,0.42490757,0.047094654,0.2649694,0.011003397,0.35964876,0.11055214,0.2742622,0.044867568
375316653866487564,5239701260357176320,0.48735267,2201.3775010861573,2.465797551344417,2.6463147E-5,19.834574,0.010911354,0.19021004,0.008635719,0.029498152,0.0345159,0.04396272,57.58796,0.65246034,0.020854525,0.051921275,0.02149242,0.06546045,0.03467587,0.099383466,0.01886598,0.19021004,0.008635719,"TWOGAUSSIANS_WITH_ELLIPSOIDAL_ON_ECLIPSE1",9,2.5218306,0.6675404,0.012856481,0.29075915,0.12035755,0.25751776,0.024896549,0.19021004,0.008635719,0.16518965,0.19328903,0.24272907,57.608807
375316653866487564,5239701535257410944,0.6021225,2245.5104068918076,2.4576114631936785,5.8448027E-6,17.44748,0.009282476,0.21799238,0.002900153,0.08103539,0.0053170305,0.40672705,0.019461652,0.7203488,0.002250143,0.08823036,0.0028621734,0.36333543,0.011782367,null,null,null,null,"TWOGAUSSIANS",8,4.801413,0.21799238,0.002900153,0.4,0.0,0.39736295,0.02113372,0.7203488,0.002250143,0.4,0.0,0.35397124,0.0101529835
375316653866487564,5239701878830009344,0.501669,2225.48096607349,2.0470214089985634,2.1184998E-5,19.38524,0.014232497,0.31783083,0.005677643,0.10338413,0.009230951,0.25824124,0.018082947,0.814492,0.006076112,0.07947171,0.006265294,0.3161268,0.019281905,null,null,null,null,"TWOGAUSSIANS",8,1.2956088,0.814492,0.006076112,0.4,0.0,0.30352965,0.016298955,0.31783083,0.005677643,0.4,0.0,0.24563976,0.016461477
375316653866487564,5239702458641851392,0.4255471,2212.502668908237,0.5857568853586453,5.6041066E-5,18.870712,0.10890107,0.3410246,0.021606104,0.15397939,0.07554553,0.16000879,0.10693623,0.7971761,0.016646244,0.093808666,0.029913586,0.19149007,0.0800122,null,null,null,null,"TWOGAUSSIANS",8,8.08328,0.7971761,0.016646244,0.4,0.0,0.1642766,0.05717197,0.34103462,0.02156251,0.4,0.0,0.13049564,0.020543523
375316653866487564,5239702531685263232,0.5310815,2234.8318698830544,0.45806866625503556,2.9289477E-5,16.094006,0.008202626,0.19423217,0.002840894,0.024322726,0.0031849274,0.101219736,0.007969728,0.7336361,0.057116587,0.042653296,0.09817827,1.8444723,1.867445,0.009708261,0.004110175,0.19423217,0.002840894,"TWOGAUSSIANS_WITH_ELLIPSOIDAL_ON_ECLIPSE1",9,15.277761,0.7336361,0.04724983,0.23885846,0.158011,1.8627228,1.8685943,0.19423217,0.0028449527,0.13620727,0.017835593,0.120636225,0.0067579714
375316653866487564,5239703218860163072,0.47071975,2211.9648657785588,1.6135383675354935,3.526943E-5,19.620338,0.011867848,0.3153314,0.02026449,0.07583719,0.04088875,0.090145916,0.020252269,0.7907573,0.025404532,0.038924802,0.010190423,0.4660176,0.22474618,null,null,null,null,"TWOGAUSSIANS",8,1.8833565,0.7907573,0.025404532,0.2179789,0.057066366,0.46600917,0.22454616,0.3153314,0.02026449,0.4,0.18252376,0.0901375,0.020238504
375316653866487564,5239703283293847168,0.44862953,2180.6249038954543,1.4513535014795953,3.408808E-5,18.75421,0.030643009,0.31235594,0.009813937,0.09750305,0.031513773,0.11583078,0.029655542,0.80568606,0.021483742,0.09502743,0.04508217,0.09738242,0.025197918,null,null,null,null,"TWOGAUSSIANS",8,3.4569848,0.31235594,0.009821689,0.4,0.0,0.10916897,0.009718557,0.80568606,0.021483742,0.4,0.0,0.09072089,0.020354783
375316653866487564,5239703523793769984,0.52287024,2196.896433190393,3.188902082181859,2.6921129E-5,18.53619,0.053799998,0.2463365,0.015853912,0.09411304,0.027510192,0.36808294,0.04973556,0.7345058,0.007682828,0.102362394,0.014441474,0.42282,0.051384192,null,null,null,null,"TWOGAUSSIANS",8,6.8582067,0.7345058,0.007682828,0.4,0.0,0.39625537,0.022582475,0.2463365,0.015900342,0.4,0.0,0.3415241,0.01711293
375316653866487564,5239704524530460288,0.46389398,2184.560283092361,3.7367869827256786,2.6453414E-5,19.086838,0.071984656,0.2872793,0.028278843,0.07479617,0.078621805,0.31960502,0.111502446,0.75460476,0.0056217774,0.07219743,0.012925879,0.39221326,0.07011425,null,null,null,null,"TWOGAUSSIANS",8,10.0856285,0.75460476,0.0056217774,0.4,0.02500554,0.3912191,0.04546335,0.2872793,0.028278843,0.4,0.06530647,0.3186109,0.12734786
375316653866487564,5239704936867041408,0.43958154,2222.391211185999,1.0106127080540876,3.3289616E-5,16.05992,0.003985638,0.3714329,0.005820736,0.036389425,0.0072865854,0.12381324,0.034745604,0.8760055,0.019313408,0.038299512,0.011381297,0.084936045,0.013266212,null,null,null,null,"TWOGAUSSIANS",8,35.264645,0.3714329,0.005820736,0.20378079,0.040804878,0.12381324,0.034745604,0.8760055,0.019313408,0.21447727,0.06373526,0.084936045,0.013266212
375316653866487564,5239705035622339456,0.4193786,2198.9597927470054,1.9197939003417255,4.2354073E-5,18.465815,0.006159977,0.35376236,0.006560658,0.04755868,0.010568861,0.12012036,0.008000122,0.7459388,0.01786845,0.0973091,0.022042923,0.04807163,0.011859175,null,null,null,null,"TWOGAUSSIANS",8,3.5826855,0.35377234,0.0065518213,0.2663286,0.05918562,0.12011656,0.008025571,0.7459388,0.01786845,0.4,0.0,0.048053544,0.011859249
375316653866487564,5239705379218220800,0.53131425,2217.2724014220476,4.015941920472568,9.431478E-6,17.518778,0.013176817,0.14312817,0.0052544316,0.101327576,0.009838953,0.19429156,0.0130704725,0.6281845,0.0030428069,0.10997849,0.008155367,0.1685078,0.012496722,null,null,null,null,"TWOGAUSSIANS",8,5.3748136,0.14313817,0.005260399,0.4,0.0,0.17581938,0.009424918,0.6281845,0.0030428069,0.4,0.0,0.15002516,0.005083694
375316653866487564,5239705486602586624,0.56325793,2199.4492249186546,2.363233049203015,1.1932724E-5,18.271849,0.014018939,0.21845873,0.0026794437,0.08836974,0.004450583,0.37286937,0.014836783,0.71396005,0.0028681091,0.09486962,0.004931685,0.33643103,0.01700255,null,null,null,null,"TWOGAUSSIANS",8,3.6141918,0.21845873,0.0026794437,0.4,0.0,0.3569142,0.01112537,0.71396005,0.0028681091,0.4,0.0,0.32047528,0.014271701
375316653866487564,5239705520962404352,0.43543682,2191.6716689476884,2.7419639418125366,5.2317828E-5,17.355185,0.0073361015,0.22912766,0.004654898,0.08536412,0.014970856,0.068234034,0.012497412,0.7369967,0.015871102,0.084299445,0.018214379,0.08071425,0.0122561855,null,null,null,null,"TWOGAUSSIANS",8,11.692637,0.7369967,0.015871102,0.4,0.0,0.07903411,0.01212274,0.22912766,0.004654898,0.4,0.0,0.0665539,0.012526381
375316653866487564,5239705791547511296,0.6002895,2166.140471822977,0.8650777894925131,1.9095234E-5,18.561743,0.0038485872,0.25497362,0.008799116,0.03093765,0.0046008034,0.761658,0.1306971,0.7537599,0.0018915465,0.035798952,0.0020679086,0.17483467,0.0058283717,null,null,null,null,"TWOGAUSSIANS",8,1.8030742,0.25497362,0.008799116,0.17325084,0.025764499,0.761658,0.1306971,0.7537599,0.0018915465,0.20047413,0.011580288,0.17483467,0.0058283717
375316653866487564,5239705894615727872,0.44946873,2205.581093671025,0.03975689698272313,2.1633512E-5,18.439995,0.005814818,0.12503205,0.0016721762,0.018564766,0.002479631,0.19797195,0.041830923,0.44685015,0.00756966,0.0861787,0.008501879,0.3500889,0.069325015,null,null,null,null,"TWOGAUSSIANS",8,9.536835,0.44685015,0.00756966,0.4,0.0,0.35008886,0.069325134,0.12505205,0.0016641885,0.10396269,0.013885934,0.19830021,0.041932523
375316653866487564,5239705997693587328,0.5863339,2205.7497637039683,1.2438372045350568,8.2847655E-6,17.394997,0.012005267,0.32239625,0.003224171,0.091136634,0.0054189796,0.2734452,0.012966311,0.8242137,0.0018499425,0.113294445,0.007836961,0.1605606,0.011067348,null,null,null,null,"TWOGAUSSIANS",8,2.421709,0.32239625,0.003224171,0.4,0.0,0.25383663,0.008021914,0.8242137,0.0018499425,0.4,0.0,0.1409332,0.0050177113
375316653866487564,5239706895350180480,0.5774347,2181.0932686326178,2.9220285189294244,1.3737561E-5,18.80503,0.013662836,0.24602853,0.0055065965,0.08917509,0.008798146,0.3453267,0.013364116,0.74920934,0.0036788562,0.089680046,0.0046660504,0.38238406,0.015660258,null,null,null,null,"TWOGAUSSIANS",8,2.1005106,0.74920934,0.0036788562,0.4,0.0,0.36849403,0.011927125,0.24602853,0.0055065965,0.4,0.0,0.33143672,0.00867057
375316653866487564,5239707269023510528,0.60694736,2196.5466751795952,2.7961490148628334,6.6780444E-6,17.723436,0.004699191,0.22029924,0.002852871,0.06521426,0.00294649,0.5704254,0.014254888,0.7233043,0.0018953555,0.06492396,0.0015728116,0.5264045,0.005758173,null,null,null,null,"TWOGAUSSIANS",8,7.330797,0.22029924,0.002852871,0.36519986,0.016500343,0.5698004,0.014287888,0.7233043,0.0018953555,0.36357418,0.008807745,0.52577955,0.005649953
375316653866487564,5239707720005386496,0.60133827,2209.1238052829817,2.1864828578624187,1.2373541E-5,15.165814,0.028824588,0.21278028,0.0044317525,0.058114015,0.012687929,0.119494796,0.06208563,0.6970535,0.003304992,0.05886912,0.0073916153,0.5670516,0.04919054,0.0735034,0.03233515,0.21278028,0.0044317525,"TWOGAUSSIANS_WITH_ELLIPSOIDAL_ON_ECLIPSE1",9,210.6179,0.6980935,0.0032265615,0.32966706,0.041393045,0.71268874,0.028906047,0.21278028,0.0044317525,0.3254385,0.0710524,0.26646873,0.008807453
375316653866487564,5239708437247228160,0.5157222,2201.4690250855056,2.4965047081709266,1.11106865E-5,18.956362,0.016333316,0.26171088,0.0035769811,0.091353506,0.006043502,0.31258202,0.01689551,0.77044976,0.0062897597,0.08946132,0.010938364,0.30579382,0.040568147,null,null,null,null,"TWOGAUSSIANS",8,2.3912897,0.26171088,0.0035769811,0.4,0.0,0.3007718,0.011223183,0.77044976,0.0062897597,0.4,0.0,0.29398373,0.044589896
