Gaia/vari_eclipsing_binary/VariEclipsingBinary_662149-662187.csv
# %ECSV 1.0
# ---
# delimiter: ','
# meta: !!omap
# - RELEASE: Gaia DR3
# - TABLE: vari_eclipsing_binary
# - DESCRIPTION: >
#     This table describes the properties of the eclipsing binaries resulting from the variability analysis. 
# - CITATION: >
#     How to cite and acknowledge Gaia: 
#     https://gea.esac.esa.int/archive/documentation/credits.html 
# - KNOWN_ISSUES: >
#     Known issues: 
#     https://www.cosmos.esa.int/web/gaia-users/known-issues 
# - DOCUMENTATION: >
#     Tutorials and documentation: 
#     https://www.cosmos.esa.int/web/gaia-users/archive 
# datatype:
# - 
#   name: solution_id
#   datatype: int64
#   description: Solution Identifier
#   meta:
#     ucd: meta.version
# - 
#   name: source_id
#   datatype: int64
#   description: Unique source identifier
#   meta:
#     ucd: meta.id;meta.main
# - 
#   name: global_ranking
#   datatype: float32
#   description: Number between 0 (worst) and 1 (best)
#   meta:
#     ucd: stat.param
# - 
#   name: reference_time
#   datatype: float64
#   unit: d
#   description: Reference time used for the geometric model fit
#   meta:
#     ucd: time.epoch
# - 
#   name: frequency
#   datatype: float64
#   unit: d**-1
#   description: Frequency of geometric model of the eclipsing binary light curve
#   meta:
#     ucd: src.orbital
# - 
#   name: frequency_error
#   datatype: float32
#   unit: d**-1
#   description: "Uncertainty of \\texttt{frequency}"
#   meta:
#     ucd: stat.error
# - 
#   name: geom_model_reference_level
#   datatype: float32
#   unit: mag
#   description: Magnitude reference level of geometric model
#   meta:
#     ucd: phot.mag;em.opt
# - 
#   name: geom_model_reference_level_error
#   datatype: float32
#   unit: mag
#   description: "Uncertainty of \\texttt{geomModelReferenceLevel}"
#   meta:
#     ucd: stat.error;phot.mag;em.opt
# - 
#   name: geom_model_gaussian1_phase
#   datatype: float32
#   description: Phase of the Gaussian 1 component
#   meta:
#     ucd: time.phase
# - 
#   name: geom_model_gaussian1_phase_error
#   datatype: float32
#   description: "Uncertainty of \\texttt{geomModelGaussian1Phase}"
#   meta:
#     ucd: stat.error;time.phase
# - 
#   name: geom_model_gaussian1_sigma
#   datatype: float32
#   description: "Standard deviation [phase] of Gaussian 1 component"
#   meta:
#     ucd: stat.stdev
# - 
#   name: geom_model_gaussian1_sigma_error
#   datatype: float32
#   description: "Uncertainty of \\texttt{geomModelGaussian1Sigma}"
#   meta:
#     ucd: stat.error
# - 
#   name: geom_model_gaussian1_depth
#   datatype: float32
#   unit: mag
#   description: Magnitude depth of Gaussian 1 component
#   meta:
#     ucd: src.var.amplitude
# - 
#   name: geom_model_gaussian1_depth_error
#   datatype: float32
#   unit: mag
#   description: "Uncertainty of \\texttt{geomModelGaussian1Depth}"
#   meta:
#     ucd: stat.error;src.var.amplitude
# - 
#   name: geom_model_gaussian2_phase
#   datatype: float32
#   description: Phase of Gaussian 2 component
#   meta:
#     ucd: time.phase
# - 
#   name: geom_model_gaussian2_phase_error
#   datatype: float32
#   description: "Uncertainty of \\texttt{geomModelGaussian2Phase}"
#   meta:
#     ucd: stat.error;time.phase
# - 
#   name: geom_model_gaussian2_sigma
#   datatype: float32
[...]
#   datatype: float32
#   description: "Secondary eclipse: uncertainty of \\texttt{derivedSecondaryEclDuration}"
#   meta:
#     ucd: stat.error;time.duration
# - 
#   name: derived_secondary_ecl_depth
#   datatype: float32
#   unit: mag
#   description: "Secondary eclipse: depth"
#   meta:
#     ucd: src.var.amplitude
# - 
#   name: derived_secondary_ecl_depth_error
#   datatype: float32
#   unit: mag
#   description: "Secondary eclipse: uncertainty of \\texttt{derivedSecondaryEclDepth}"
#   meta:
#     ucd: stat.error;src.var.amplitude
solution_id,source_id,global_ranking,reference_time,frequency,frequency_error,geom_model_reference_level,geom_model_reference_level_error,geom_model_gaussian1_phase,geom_model_gaussian1_phase_error,geom_model_gaussian1_sigma,geom_model_gaussian1_sigma_error,geom_model_gaussian1_depth,geom_model_gaussian1_depth_error,geom_model_gaussian2_phase,geom_model_gaussian2_phase_error,geom_model_gaussian2_sigma,geom_model_gaussian2_sigma_error,geom_model_gaussian2_depth,geom_model_gaussian2_depth_error,geom_model_cosine_half_period_amplitude,geom_model_cosine_half_period_amplitude_error,geom_model_cosine_half_period_phase,geom_model_cosine_half_period_phase_error,model_type,num_model_parameters,reduced_chi2,derived_primary_ecl_phase,derived_primary_ecl_phase_error,derived_primary_ecl_duration,derived_primary_ecl_duration_error,derived_primary_ecl_depth,derived_primary_ecl_depth_error,derived_secondary_ecl_phase,derived_secondary_ecl_phase_error,derived_secondary_ecl_duration,derived_secondary_ecl_duration_error,derived_secondary_ecl_depth,derived_secondary_ecl_depth_error
[from data line 462]
375316653866487564,5824606914822880896,0.6092565,2234.188929457681,1.0501421041428145,1.8280534E-6,15.112754,0.002235733,0.26786438,6.363134E-4,0.04295032,0.0015819274,0.17920744,0.0056030867,0.76732045,0.0019291538,0.047164377,0.0030818232,0.092154935,0.0053902166,0.021037484,0.0031519418,0.26786438,6.363134E-4,"TWOGAUSSIANS_WITH_ELLIPSOIDAL_ON_ECLIPSE1",9,15.041177,0.26786438,6.363134E-4,0.2405218,0.008858793,0.2212823,0.0049235886,0.76736045,0.0017933615,0.2641205,0.01725821,0.13422933,0.003661648
375316653866487564,5824607189673132288,0.4757738,2229.7046741591735,3.2434913952492477,1.3702151E-5,19.477043,0.011352435,0.25842202,0.005277465,0.09426351,0.00929262,0.20723473,0.013024619,0.76556003,0.005985281,0.09088943,0.010308392,0.20911768,0.013465304,null,null,null,null,"TWOGAUSSIANS",8,1.7320921,0.76556003,0.005985281,0.4,0.0,0.19934008,0.0128111625,0.25842202,0.005277465,0.4,0.0,0.19745691,0.011962612
375316653866487564,5824608357931950592,0.56070733,2241.919239482575,2.6812287108056454,6.2821555E-6,16.33651,0.005389032,0.18463738,0.0016638364,0.041476436,0.008628297,0.051335026,0.012591216,0.688451,0.008852551,0.0474925,0.017359255,0.054470006,0.009974199,0.0922796,0.0074286335,0.18463738,0.0016638364,"TWOGAUSSIANS_WITH_ELLIPSOIDAL_ON_ECLIPSE1",9,15.610874,0.688451,0.008783453,0.265958,0.09721183,0.23892292,0.008584876,0.18463738,0.0016638364,0.23226805,0.04831846,0.23589389,0.0036676752
375316653866487564,5824609384396939264,0.5276202,2234.1800884129957,0.36002056304638935,4.806417E-6,16.528458,0.0040752133,0.35039347,0.0025494902,0.023122866,0.003096216,0.4263976,0.050301485,0.84969735,0.0023734586,0.019539353,0.002725718,0.33264914,0.02512027,null,null,null,null,"TWOGAUSSIANS",8,74.41849,0.35039347,0.0025494902,0.12948805,0.017338809,0.4263976,0.050301485,0.84969735,0.0023734586,0.109420374,0.01526402,0.33264914,0.02512027
375316653866487564,5824609556191291520,0.53527707,2215.3183937420918,2.6612017989504646,1.2320565E-5,18.73781,0.002857324,0.15344678,3.8891978E-4,0.0046321456,6.1003567E-4,1.3883822,0.32300177,0.35872406,0.0181577,0.00991303,0.010273669,0.2059876,36855.24,null,null,null,null,"TWOGAUSSIANS",8,3.15827,0.15344678,3.8891978E-4,0.025940016,0.0034161997,1.3883822,0.32300177,0.35872406,0.0181577,0.05551297,0.057532545,0.2059876,36855.24
375316653866487564,5824611381562394624,0.5896303,2239.040027548671,2.751537359911787,3.1150598E-6,18.269167,0.012116012,0.24473163,0.002380659,0.04512696,0.0077953446,0.14607996,0.021380506,0.7433341,0.0018440807,0.053559177,0.004672757,0.21877086,0.025278116,0.09929876,0.014518986,0.24473163,0.002380659,"TWOGAUSSIANS_WITH_ELLIPSOIDAL_ON_ECLIPSE1",9,4.5390897,0.7435741,0.00151719,0.2999314,0.026167437,0.4173516,0.0113627175,0.24473163,0.002380659,0.25271097,0.043653928,0.34467337,0.009415021
375316653866487564,5824612687259202688,0.48669752,2218.395022387563,3.178207772438524,1.1112229E-5,16.433886,0.018862078,0.22214846,0.005368145,0.0953857,0.011594576,0.16551174,0.019048104,0.725016,0.004289266,0.103636585,0.009604233,0.26587704,0.017192999,null,null,null,null,"TWOGAUSSIANS",8,51.690346,0.725016,0.004289266,0.4,0.0,0.24854523,0.010795683,0.22214846,0.005368145,0.4,0.0,0.1481843,0.0113825975
375316653866487564,5824612790338432512,0.5158213,2217.972193395817,2.895458675574054,9.280105E-6,16.276958,0.008933593,0.2534561,0.0020140822,0.10336546,0.0066144974,0.14827394,0.008171366,0.7569312,0.006435818,0.09139001,0.015361558,0.10193226,0.0074159973,null,null,null,null,"TWOGAUSSIANS",8,12.514426,0.2534561,0.0020140822,0.4,0.0,0.1395021,0.0034510673,0.7569312,0.0064395317,0.4,0.0,0.093162835,0.006542797
375316653866487564,5824614645764877056,0.4297499,2319.7341887357225,0.05296250501310273,6.732409E-6,17.200274,0.0027337447,0.21590267,5.825135E-4,0.008633006,0.0031647605,0.19871482,2.002675,0.83353066,0.001907138,0.026498135,0.010847705,0.26973814,0.18200025,0.011185524,0.0034498672,0.21590267,5.825135E-4,"TWOGAUSSIANS_WITH_ELLIPSOIDAL_ON_ECLIPSE1",9,5.9205966,0.83353066,0.001907138,0.14838956,0.06074715,0.28195825,0.18211134,0.21590267,5.825135E-4,0.048344836,0.017722659,0.22108571,2.0026164
375316653866487564,5824615058055368960,0.5648683,2269.405047029969,3.2525138217458665,9.034621E-6,19.021694,0.00787138,0.21815085,0.005356634,0.037260693,0.0065439395,0.4499283,0.039608724,0.7091023,0.003162157,0.04659295,0.004213543,0.53627396,0.028313428,0.12255925,0.010749802,0.21815085,0.005356634,"TWOGAUSSIANS_WITH_ELLIPSOIDAL_ON_ECLIPSE1",9,4.8585377,0.7097623,0.0027639647,0.26092052,0.023595842,0.7806579,0.027874755,0.21815085,0.005356634,0.20865987,0.03664606,0.69504637,0.041786637
375316653866487564,5824615779636262400,0.4785394,2264.4473538494426,0.3854010185205981,8.415636E-5,18.483465,0.0033475999,0.25085104,0.012451053,0.020687597,0.012421024,0.36060622,6.1155443,0.75076485,0.005164245,0.02214589,0.0049897484,0.28074723,0.10884282,null,null,null,null,"TWOGAUSSIANS",8,7.8134794,0.25085104,0.012451053,0.11585054,0.069557734,0.36060622,6.1155443,0.75076485,0.005164245,0.124016985,0.027942592,0.28074723,0.10884282
375316653866487564,5824615882715470336,0.53423506,2257.799430517114,2.4706738549474543,1.6958878E-5,18.611994,0.019853642,0.2840673,0.0037426152,0.04765149,0.007475657,0.2063248,0.05233899,0.77909076,0.007821378,0.044695247,0.01027243,0.26215518,0.04802439,0.09731283,0.025534729,0.2840673,0.0037426152,"TWOGAUSSIANS_WITH_ELLIPSOIDAL_ON_ECLIPSE1",9,9.581343,0.77961075,0.0067474446,0.25029337,0.05752561,0.4566103,0.027857585,0.2840673,0.0037426152,0.26684833,0.04186368,0.40095022,0.027550941
375316653866487564,5824617050946354816,0.57398814,2247.074098366544,1.0546328690237061,6.0257494E-6,15.033889,0.0020619289,0.319203,0.0010584651,0.035107624,0.0010007487,0.32728544,0.0070853867,0.8133281,0.0036980754,0.028117236,0.0035690598,0.034700446,0.007937228,0.0055636736,0.0031471616,0.319203,0.0010584651,"TWOGAUSSIANS_WITH_ELLIPSOIDAL_ON_ECLIPSE1",9,44.904163,0.319203,0.0010584651,0.1966027,0.005604193,0.3384128,0.0074012824,0.8134481,0.0036297883,0.15745652,0.019986736,0.045812927,0.007056251
375316653866487564,5824617050946358144,0.6172963,2242.615608299897,1.511086166923748,4.7466115E-6,14.295254,0.0065725357,0.28587446,0.0012884265,0.09174357,0.0023942173,0.35510495,0.006275318,0.80315,0.002424366,0.098759666,0.0043300106,0.20166431,0.00634574,null,null,null,null,"TWOGAUSSIANS",8,52.331573,0.28587446,0.0012884265,0.4,0.0,0.34194663,0.003874054,0.80315,0.002424366,0.4,0.0,0.18850484,0.004256692
375316653866487564,5824617050946364032,0.43469533,2258.6675857204887,3.1296911664105944,1.485286E-5,16.718996,0.006050351,0.16850711,0.0049720644,0.01423821,0.0031838787,0.0446207,0.03915552,0.65595424,0.007053389,0.054986168,0.0067439256,0.15311323,0.012235196,null,null,null,null,"TWOGAUSSIANS",8,72.27606,0.65595424,0.007053389,0.30792254,0.037765983,0.15311323,0.012235196,0.16850711,0.0049720644,0.07973398,0.017829722,0.0446207,0.03915552
375316653866487564,5824617871254602624,0.5378454,2262.1336086086785,1.0145310538623968,1.237408E-5,18.554405,0.0062582153,0.29535997,0.0032411083,0.021602176,0.0042940336,0.43240497,0.16370489,0.7935652,7.047341E-4,0.020895073,7.2561926E-4,0.53660256,0.02728427,null,null,null,null,"TWOGAUSSIANS",8,8.141457,0.7935652,7.047341E-4,0.11701241,0.0040634675,0.53660256,0.02728427,0.29535997,0.0032411083,0.12097219,0.024046589,0.43240497,0.16370489
375316653866487564,5824618047378811648,0.53495276,2251.2362960522164,2.914241969995232,7.76392E-6,16.541018,0.012392479,0.25594795,0.003931387,0.08852629,0.0056577,0.36222476,0.017478188,0.7555782,0.0017242188,0.08957903,0.004444798,0.3340807,0.012570775,null,null,null,null,"TWOGAUSSIANS",8,48.74043,0.25594795,0.003931387,0.4,0.0,0.34878442,0.016830416,0.7555782,0.0017242188,0.4,0.0,0.32064033,0.010335537
375316653866487564,5824618940732207104,0.5886421,2302.987093444259,1.4304956362560906,2.533037E-6,16.666954,0.0022026594,0.19660492,0.003923584,0.033106826,0.005788927,0.037282098,0.0070290253,0.6877341,0.001185949,0.043315303,0.0012531785,0.27054784,0.0077736536,0.013374582,0.0035450216,0.19660492,0.003923584,"TWOGAUSSIANS_WITH_ELLIPSOIDAL_ON_ECLIPSE1",9,6.545342,0.6878641,0.0011659807,0.24256569,0.007017799,0.2972151,0.006682393,0.19660492,0.003923584,0.18539822,0.03241799,0.06403118,0.0065515763
375316653866487564,5824618970763833088,0.55402404,2268.5225513658334,2.3445863934646396,8.643798E-6,17.791407,0.011295635,0.31798738,0.002377726,0.09610096,0.005960274,0.32579535,0.011385267,0.8119608,0.0030534808,0.08846675,0.0042872494,0.3430969,0.012016683,null,null,null,null,"TWOGAUSSIANS",8,7.1543083,0.8119608,0.0030534808,0.4,0.0,0.32753944,0.008181869,0.31798738,0.002377726,0.4,0.0,0.31023708,0.011386685
375316653866487564,5824619937164740480,0.54301846,2285.456365076508,0.8716967362130051,3.2974751E-6,14.885721,0.0036464515,0.2757495,0.006175258,0.026900966,0.0059732893,0.17578432,0.02437684,0.77083296,3.4892544E-4,0.025553135,0.0019124451,0.59243906,0.059423734,0.013387069,0.005121766,0.2757495,0.006175258,"TWOGAUSSIANS_WITH_ELLIPSOIDAL_ON_ECLIPSE1",9,100.823044,0.7708429,3.474041E-4,0.14309756,0.010709693,0.6191877,0.064592995,0.2757495,0.006175258,0.1506454,0.03345042,0.20255841,0.024128681
375316653866487564,5824620899212561024,0.49023768,2270.64284485432,0.812293841945988,2.3117062E-5,19.806154,0.0056719068,0.39834338,0.006412554,0.013540754,0.002690434,1.1270392,0.92387503,0.87434894,1.2145248E-6,0.004515782,3.6218786E-5,0.95972764,0.0017200661,null,null,null,null,"TWOGAUSSIANS",8,2.7597694,0.39834338,0.006412554,0.075828224,0.015066431,1.1270392,0.92387503,0.87434894,1.2145248E-6,0.025288379,2.0282519E-4,0.95972764,0.0017200661
375316653866487564,5824621380247787904,0.5006714,2270.9040111434165,1.5635863523693996,4.8912884E-6,19.181572,0.00587483,0.21278076,0.001482015,0.027226241,0.0011706739,0.62303984,0.039314076,0.7139547,0.009615877,0.044890143,0.011234383,0.10914413,0.02640608,null,null,null,null,"TWOGAUSSIANS",8,4.9963036,0.21278076,0.001482015,0.15246695,0.006555774,0.62303984,0.039314076,0.7139547,0.009615877,0.2513848,0.062912546,0.10914413,0.02640608
375316653866487564,5824621719553050880,0.60515326,2253.1504760035887,3.932026677564424,2.3411812E-6,18.066795,0.008630677,0.26419863,0.0012748878,0.04495657,0.0020063634,0.42880806,0.020247998,0.7695167,0.0015779067,0.048512693,0.0024653838,0.49852064,0.03184009,0.1319782,0.012686115,0.7695167,0.0015779067,"TWOGAUSSIANS_WITH_ELLIPSOIDAL_ON_ECLIPSE2",9,6.755795,0.7695167,0.0015779067,0.2716711,0.013806149,0.76247615,0.02862664,0.26467863,0.0011271357,0.2517568,0.011235635,0.6924953,0.010502414
375316653866487564,5824621930029332992,0.5110458,2306.278432790549,1.7040154984007807,4.5897823E-6,19.201214,0.005468487,0.22855502,0.0019068506,0.046428315,0.0015393563,0.37171263,0.011566922,0.72100943,0.004680144,0.06720785,0.004703567,0.20175578,0.0110330535,null,null,null,null,"TWOGAUSSIANS",8,2.5206833,0.22855502,0.0019068506,0.25999856,0.008620395,0.37168905,0.011563059,0.72100943,0.004680144,0.37636396,0.026339974,0.20173219,0.011034217
375316653866487564,5824622376680332288,0.47967,2284.8795988768984,3.443450695238081,1.5184572E-5,19.250305,0.06371447,0.21975899,0.00670438,0.1308413,0.029294142,0.22278374,0.06096577,0.70400757,0.004796159,0.105690405,0.013973939,0.33798027,0.061130278,null,null,null,null,"TWOGAUSSIANS",8,2.8456206,0.70400757,0.004796159,0.4,0.0,0.2894052,0.01337142,0.21977898,0.0066982512,0.4,0.0,0.17388982,0.012798755
375316653866487564,5824622509826257792,0.65373325,2304.773386433713,1.97061886771693,2.4054902E-6,13.221763,0.0025704196,0.29282218,7.653157E-4,0.047889523,0.002216287,0.14132358,0.00624296,0.7941059,0.001763187,0.047236156,0.0017312006,0.16552554,0.006521287,0.10221685,0.003367823,0.29282218,7.653157E-4,"TWOGAUSSIANS_WITH_ELLIPSOIDAL_ON_ECLIPSE1",9,63.254906,0.7941059,0.001763187,0.2645225,0.009694723,0.36994523,0.0032115988,0.29282218,7.653157E-4,0.26818135,0.012411207,0.34575656,0.0042792177
375316653866487564,5824622754663074176,0.625702,2279.205450552215,1.6377598223161296,3.3964102E-6,16.0472,0.003529081,0.26249146,0.0013296792,0.08356363,0.0012975293,0.32416645,0.005084451,0.7630026,0.0015838657,0.09094603,0.0035039457,0.24178562,0.008046737,null,null,null,null,"TWOGAUSSIANS",8,9.052799,0.26249146,0.0013296792,0.4,0.0,0.31509396,0.0041947253,0.7630026,0.0015838657,0.4,0.0,0.232713,0.009011782
375316653866487564,5824623300086562048,0.5140625,2243.610464808157,0.6284029518806291,1.6807406E-5,18.495295,0.0034933935,0.07508194,0.057669103,0.015734205,0.03229834,0.12480899,0.12702732,0.5890468,0.001023103,0.020425107,0.0014708422,0.39585507,0.012033761,null,null,null,null,"TWOGAUSSIANS",8,5.797741,0.5890468,0.001023103,0.1143806,0.0082367165,0.39585507,0.012033761,0.07508194,0.057669103,0.08811155,0.18087073,0.12480899,0.12702732
375316653866487564,5824624541369980416,0.5611856,2250.2191259329256,3.0433546181599698,6.933208E-6,17.369753,0.017389849,0.22221218,0.00525418,0.039151203,0.013083549,0.051412582,0.038371965,0.7074212,0.018280527,0.056271072,0.037964698,0.08248346,0.0228437,0.0983666,0.018798562,0.22221218,0.00525418,"TWOGAUSSIANS_WITH_ELLIPSOIDAL_ON_ECLIPSE1",9,9.371985,0.7129512,0.011474379,0.315118,0.21260232,0.2781522,0.016330952,0.22221218,0.00525418,0.21924673,0.07326788,0.24814403,0.007869739
375316653866487564,5824625262931568512,0.4276944,2239.712911406855,3.405822155717092,3.556415E-5,19.628553,0.6155247,0.2520186,0.0066220155,0.07817874,0.015678408,0.6925863,0.15357414,0.7252379,0.017766785,0.20750968,0.18470845,0.37595752,0.5810018,null,null,null,null,"TWOGAUSSIANS",8,20.93952,0.2531586,0.006315852,0.4,0.0200291,0.59862226,0.12216133,0.7252379,0.017766785,0.4,0.0,0.23902567,0.056587644
375316653866487564,5824625503442631296,0.52648646,2232.8361320529884,2.3878270831238,5.5560376E-6,17.778114,0.015427067,0.2283417,0.008463138,0.06672215,0.016148888,0.08867879,0.038854875,0.74273825,0.0017779925,0.044027813,0.0028959338,0.50453466,0.032397114,0.020963363,0.018290216,0.2283417,0.008463138,"TWOGAUSSIANS_WITH_ELLIPSOIDAL_ON_ECLIPSE1",9,23.767866,0.74273825,0.0017779925,0.24655575,0.016217228,0.5460427,0.023125244,0.2283417,0.008463138,0.37364402,0.07955015,0.13052899,0.019115329
375316653866487564,5824626220679662592,0.58877504,2211.1859381320014,2.664010787984446,4.766097E-6,18.07325,0.006574515,0.26198038,0.0018309044,0.100447424,0.0026893236,0.35578,0.007940707,0.7624735,0.001207715,0.095076226,0.0022842526,0.39219218,0.0065316474,null,null,null,null,"TWOGAUSSIANS",8,2.9814656,0.7624735,0.001207715,0.4,0.0,0.36403888,0.004425292,0.26198038,0.0018309044,0.4,0.0,0.3276245,0.0065524797
375316653866487564,5824626396795947648,0.57441425,2234.127444925484,2.849021671960903,3.5240425E-6,17.705044,0.017562747,0.24688087,0.0012111194,0.059524,0.0037331712,0.42607412,0.035593987,0.75172704,0.0026701957,0.0602926,0.0051608304,0.35350743,0.035588164,0.06596627,0.019379867,0.24688087,0.0012111194,"TWOGAUSSIANS_WITH_ELLIPSOIDAL_ON_ECLIPSE1",9,11.422708,0.24688087,0.0012111194,0.3333344,0.02090576,0.55789584,0.022004966,0.75172704,0.0026701957,0.33763856,0.02890065,0.48520684,0.020153435
375316653866487564,5824626843472577280,0.52911675,2225.4578798011894,1.295280284300612,8.702017E-6,17.60446,0.66137964,0.26824814,0.007327329,0.119080484,0.03660336,0.39447865,0.3796189,0.7812862,0.005750946,0.16866368,0.16185002,0.29063118,0.6555583,null,null,null,null,"TWOGAUSSIANS",8,5.37154,0.26724812,0.00414972,0.4,0.0,0.27215934,0.010221562,0.7814661,0.0050768834,0.4,0.0,0.16108204,0.011307824
