Gaia/vari_eclipsing_binary/VariEclipsingBinary_207050-207079.csv
# %ECSV 1.0
# ---
# delimiter: ','
# meta: !!omap
# - RELEASE: Gaia DR3
# - TABLE: vari_eclipsing_binary
# - DESCRIPTION: >
#     This table describes the properties of the eclipsing binaries resulting from the variability analysis. 
# - CITATION: >
#     How to cite and acknowledge Gaia: 
#     https://gea.esac.esa.int/archive/documentation/credits.html 
# - KNOWN_ISSUES: >
#     Known issues: 
#     https://www.cosmos.esa.int/web/gaia-users/known-issues 
# - DOCUMENTATION: >
#     Tutorials and documentation: 
#     https://www.cosmos.esa.int/web/gaia-users/archive 
# datatype:
# - 
#   name: solution_id
#   datatype: int64
#   description: Solution Identifier
#   meta:
#     ucd: meta.version
# - 
#   name: source_id
#   datatype: int64
#   description: Unique source identifier
#   meta:
#     ucd: meta.id;meta.main
# - 
#   name: global_ranking
#   datatype: float32
#   description: Number between 0 (worst) and 1 (best)
#   meta:
#     ucd: stat.param
# - 
#   name: reference_time
#   datatype: float64
#   unit: d
#   description: Reference time used for the geometric model fit
#   meta:
#     ucd: time.epoch
# - 
#   name: frequency
#   datatype: float64
#   unit: d**-1
#   description: Frequency of geometric model of the eclipsing binary light curve
#   meta:
#     ucd: src.orbital
# - 
#   name: frequency_error
#   datatype: float32
#   unit: d**-1
#   description: "Uncertainty of \\texttt{frequency}"
#   meta:
#     ucd: stat.error
# - 
#   name: geom_model_reference_level
#   datatype: float32
#   unit: mag
#   description: Magnitude reference level of geometric model
#   meta:
#     ucd: phot.mag;em.opt
# - 
#   name: geom_model_reference_level_error
#   datatype: float32
#   unit: mag
#   description: "Uncertainty of \\texttt{geomModelReferenceLevel}"
#   meta:
#     ucd: stat.error;phot.mag;em.opt
# - 
#   name: geom_model_gaussian1_phase
#   datatype: float32
#   description: Phase of the Gaussian 1 component
#   meta:
#     ucd: time.phase
# - 
#   name: geom_model_gaussian1_phase_error
#   datatype: float32
#   description: "Uncertainty of \\texttt{geomModelGaussian1Phase}"
#   meta:
#     ucd: stat.error;time.phase
# - 
#   name: geom_model_gaussian1_sigma
#   datatype: float32
#   description: "Standard deviation [phase] of Gaussian 1 component"
#   meta:
#     ucd: stat.stdev
# - 
#   name: geom_model_gaussian1_sigma_error
#   datatype: float32
#   description: "Uncertainty of \\texttt{geomModelGaussian1Sigma}"
#   meta:
#     ucd: stat.error
# - 
#   name: geom_model_gaussian1_depth
#   datatype: float32
#   unit: mag
#   description: Magnitude depth of Gaussian 1 component
#   meta:
#     ucd: src.var.amplitude
# - 
#   name: geom_model_gaussian1_depth_error
#   datatype: float32
#   unit: mag
#   description: "Uncertainty of \\texttt{geomModelGaussian1Depth}"
#   meta:
#     ucd: stat.error;src.var.amplitude
# - 
#   name: geom_model_gaussian2_phase
#   datatype: float32
#   description: Phase of Gaussian 2 component
#   meta:
#     ucd: time.phase
# - 
#   name: geom_model_gaussian2_phase_error
#   datatype: float32
#   description: "Uncertainty of \\texttt{geomModelGaussian2Phase}"
#   meta:
#     ucd: stat.error;time.phase
# - 
#   name: geom_model_gaussian2_sigma
#   datatype: float32
[...]
#   datatype: float32
#   description: "Secondary eclipse: uncertainty of \\texttt{derivedSecondaryEclDuration}"
#   meta:
#     ucd: stat.error;time.duration
# - 
#   name: derived_secondary_ecl_depth
#   datatype: float32
#   unit: mag
#   description: "Secondary eclipse: depth"
#   meta:
#     ucd: src.var.amplitude
# - 
#   name: derived_secondary_ecl_depth_error
#   datatype: float32
#   unit: mag
#   description: "Secondary eclipse: uncertainty of \\texttt{derivedSecondaryEclDepth}"
#   meta:
#     ucd: stat.error;src.var.amplitude
solution_id,source_id,global_ranking,reference_time,frequency,frequency_error,geom_model_reference_level,geom_model_reference_level_error,geom_model_gaussian1_phase,geom_model_gaussian1_phase_error,geom_model_gaussian1_sigma,geom_model_gaussian1_sigma_error,geom_model_gaussian1_depth,geom_model_gaussian1_depth_error,geom_model_gaussian2_phase,geom_model_gaussian2_phase_error,geom_model_gaussian2_sigma,geom_model_gaussian2_sigma_error,geom_model_gaussian2_depth,geom_model_gaussian2_depth_error,geom_model_cosine_half_period_amplitude,geom_model_cosine_half_period_amplitude_error,geom_model_cosine_half_period_phase,geom_model_cosine_half_period_phase_error,model_type,num_model_parameters,reduced_chi2,derived_primary_ecl_phase,derived_primary_ecl_phase_error,derived_primary_ecl_duration,derived_primary_ecl_duration_error,derived_primary_ecl_depth,derived_primary_ecl_depth_error,derived_secondary_ecl_phase,derived_secondary_ecl_phase_error,derived_secondary_ecl_duration,derived_secondary_ecl_duration_error,derived_secondary_ecl_depth,derived_secondary_ecl_depth_error
[from data line 473]
375316653866487564,1821417260007449216,0.4918494,2107.2689023616795,1.1852855737822101,1.3255725E-5,17.237076,0.0011152286,null,null,null,null,null,null,null,null,null,null,null,null,0.027633175,0.0016337961,0.26719275,0.0046456708,"ELLIPSOIDAL",4,1.8800725,null,null,null,null,null,null,null,null,null,null,null,null
375316653866487564,1821418222079911680,0.44376615,2132.234840872086,4.156457772891178,3.9902483E-5,18.745138,0.016515743,0.26901314,0.016073165,0.072717145,0.026674703,0.22758302,0.026830617,0.7484635,0.010508674,0.09657273,0.019165764,0.15821236,0.027177807,null,null,null,null,"TWOGAUSSIANS",8,9.952768,0.26901314,0.016073165,0.4,0.06714482,0.2243623,0.028601306,0.7484635,0.010508674,0.4,0.0,0.15499085,0.027741143
375316653866487564,1821418909274709120,0.47372442,2097.939365612192,0.4923617512410122,7.8858226E-5,18.510592,0.00539879,0.26802048,0.0034597996,0.007480787,0.0013426663,0.4932123,0.12044777,0.6960812,0.024403471,0.051766675,0.035160612,0.03212961,0.016951846,0.018306196,0.0090544615,0.26802048,0.0034597996,"TWOGAUSSIANS_WITH_ELLIPSOIDAL_ON_ECLIPSE1",9,5.6664176,0.26802048,0.0034597996,0.041892406,0.0075189318,0.5298247,0.121787824,0.70940125,0.021742534,0.28989336,0.19689944,0.062949665,0.015791534
375316653866487564,1821420073174401024,0.4602389,2123.988437810222,2.825343617247622,2.1210415E-5,19.385588,0.039934993,0.27613953,0.0051679183,0.109451555,0.019435149,0.29978207,0.034470234,0.7799677,0.0051842076,0.07465244,0.010342087,0.32799494,0.040892772,null,null,null,null,"TWOGAUSSIANS",8,3.6132712,0.7799677,0.0051824814,0.4,0.0021751483,0.31362996,0.028841138,0.27613953,0.0051679183,0.4,0.0,0.28539926,0.022346584
375316653866487564,1821420107552558208,0.5297846,2126.026289824421,0.21527442600475732,7.586874E-5,18.128721,0.003374822,0.2096854,0.009834681,0.0071881358,0.006226473,0.4897114,281962.6,0.68041456,0.015939925,0.028289545,0.009423386,0.1299279,0.023714118,0.017181173,0.0045846202,0.2096854,0.009834681,"TWOGAUSSIANS_WITH_ELLIPSOIDAL_ON_ECLIPSE1",9,3.7912438,0.2096854,0.009834681,0.040253557,0.034868248,0.52407366,281962.6,0.6808846,0.015328407,0.15842146,0.052770965,0.1631592,0.022859482
375316653866487564,1821420146210328576,0.5160855,2139.1249579169184,2.575920565978423,1.20910245E-5,19.06885,0.012540896,0.25887084,0.0039581354,0.07898943,0.006505819,0.3400243,0.017356452,0.7559663,0.003018543,0.0812614,0.0047322693,0.30733502,0.014036616,null,null,null,null,"TWOGAUSSIANS",8,2.5757987,0.25887084,0.0039581354,0.4,0.0,0.3353301,0.017338054,0.7559663,0.003018543,0.4,0.0,0.30264083,0.0126711335
375316653866487564,1821420244972533760,0.4613215,2116.0122175949637,3.3033564084253757,8.050173E-5,17.998678,0.008084839,0.28942266,0.00796609,0.084107265,0.021157311,0.11029138,0.007538852,0.79247344,0.05248867,0.07248774,0.03648973,0.032587577,0.0153959505,null,null,null,null,"TWOGAUSSIANS",8,5.8918595,0.28942266,0.00796609,0.4,0.0,0.10958384,0.00802312,0.79247344,0.05248867,0.4,0.17959414,0.03188004,0.015104551
375316653866487564,1821420524182693888,0.52392703,2156.880661220606,2.1345890624746864,1.711548E-5,16.63808,0.020817863,0.2519318,0.003653336,0.06257525,0.005144953,0.40238532,0.019484615,0.73473656,0.0054970365,0.08073614,0.015401885,0.61327827,0.11551869,null,null,null,null,"TWOGAUSSIANS",8,120.7969,0.73473656,0.0054970365,0.4,0.0,0.61177504,0.11880649,0.2519318,0.003653336,0.3504214,0.028811736,0.4008821,0.016965296
375316653866487564,1821421211377424512,0.5319007,2138.52699434705,0.07778502949127473,1.6421016E-5,16.887516,0.0015067406,0.18327475,0.0063630906,0.03784401,0.005965467,0.09824794,0.05497966,0.9109805,0.0018358045,0.017914413,0.0013892226,0.18844405,0.004280449,null,null,null,null,"TWOGAUSSIANS",8,5.000824,0.9109805,0.0018358045,0.100320704,0.0077796467,0.18844405,0.004280449,0.18327475,0.0063630906,0.21192645,0.033406615,0.09824794,0.05497966
375316653866487564,1821421245737144960,0.7043725,2148.3632538924453,1.0131257855433993,3.9113975E-6,14.254329,0.0031808992,0.1805628,0.0011174154,0.05174655,0.0020835926,0.119766496,0.006971016,0.67596304,0.0011391868,0.048591673,0.0011553484,0.4821836,0.0075448886,0.072301894,0.0038800829,0.1805628,0.0011174154,"TWOGAUSSIANS_WITH_ELLIPSOIDAL_ON_ECLIPSE1",9,21.095873,0.6762031,0.0010668659,0.27211335,0.0064699505,0.6266707,0.0043842043,0.1805628,0.0011174154,0.28978068,0.011668119,0.26436794,0.001640842
375316653866487564,1821421554974900864,0.5952198,2143.7659937935914,0.34447273138864754,3.8047787E-5,16.905128,0.0011555861,0.25284186,0.009606542,0.01838093,0.006090855,0.03804044,0.022128906,0.50901335,0.01154386,0.014279748,0.007974172,0.38542545,0.28110224,null,null,null,null,"TWOGAUSSIANS",8,2.358038,0.50901335,0.01154386,0.07996659,0.044655364,0.38542545,0.28110224,0.25284186,0.009606542,0.10293321,0.03410879,0.03804044,0.022128906
375316653866487564,1821422272197694464,0.5441649,2120.1793009225235,2.3145115112062307,1.7896522E-5,19.622574,0.01706005,0.20825364,0.005284175,0.07801551,0.0060327137,0.5232223,0.02164012,0.70074767,0.005153164,0.073761255,0.006801507,0.52060336,0.028011397,null,null,null,null,"TWOGAUSSIANS",8,2.2601407,0.20825364,0.005284175,0.4,0.0,0.51932645,0.020341754,0.70074767,0.005153164,0.4,0.010107705,0.51670754,0.028097669
375316653866487564,1821422306557420544,0.5244933,2122.4599565692724,3.69196472623915,1.0208063E-5,18.583048,0.01200087,0.20763542,0.002309013,0.081861556,0.00766269,0.39759737,0.016326768,0.70077693,0.0045634196,0.08317686,0.004754686,0.30004823,0.016997825,null,null,null,null,"TWOGAUSSIANS",8,6.2259665,0.20763542,0.002309013,0.4,0.0,0.39142922,0.017689329,0.70077693,0.0045634196,0.4,0.0,0.29388008,0.015896909
375316653866487564,1821422723193412480,0.50672144,2129.2099544856387,3.8554943254128777,1.4484469E-5,19.687178,0.008099712,0.8250341,0.0048296936,0.021544024,0.029890692,0.44138607,1.1395533E25,null,null,null,null,null,null,0.12235802,0.015790593,0.8250341,0.0048296936,"ONEGAUSSIAN_WITH_ELLIPSOIDAL",6,1.166511,0.8250341,0.0048296936,0.12064654,0.16738787,0.6861021,1.1395533E25,null,null,null,null,null,null
375316653866487564,1821423994502530176,0.64848965,2134.4015747236035,1.7233535001347056,5.6271847E-6,17.378689,0.0027009866,0.20991926,9.2278904E-4,0.050930265,0.001500569,0.34788924,0.008354569,0.7171707,0.0050786906,0.04685636,0.0053023566,0.042919327,0.008455914,0.03305388,0.005260015,0.20991926,9.2278904E-4,"TWOGAUSSIANS_WITH_ELLIPSOIDAL_ON_ECLIPSE1",9,1.865996,0.20991926,9.2278904E-4,0.2852095,0.008403187,0.41399488,0.006185133,0.7171707,0.0050786906,0.2623956,0.029693196,0.10888783,0.0035304104
375316653866487564,1821424127623665536,0.41612497,2169.6573491327963,4.234848976843604,3.235875E-5,19.453922,0.017423607,0.28504595,0.007022001,0.06822285,0.009198478,0.20544662,0.028862195,0.7080289,0.017078284,0.076902226,0.010501817,0.15490909,0.031783864,null,null,null,null,"TWOGAUSSIANS",8,6.911214,0.28504595,0.007022001,0.38204798,0.04069001,0.20531645,0.028769754,0.7080289,0.017078284,0.4,0.0069188997,0.15477888,0.031669993
375316653866487564,1821424166300445696,0.5581693,2141.316121306171,3.3595971005231164,1.2943884E-5,17.703167,0.009461885,0.20829767,0.0024516543,0.09486485,0.005012448,0.25713688,0.009412449,0.6957779,0.004830256,0.08939268,0.007417795,0.20918994,0.0133030135,null,null,null,null,"TWOGAUSSIANS",8,4.4693217,0.20829767,0.0024516543,0.4,0.0,0.24742511,0.006795453,0.6957779,0.004830256,0.4,0.0,0.19947866,0.012846146
375316653866487564,1821424471221073152,0.46007717,2178.10945929536,3.0120342733842116,2.1133279E-5,16.724243,1.5406889,0.19450378,0.011333488,0.09884591,0.083931826,0.29144868,0.9316979,0.6712416,0.011921259,0.12248515,0.19178785,0.27201915,1.5040287,null,null,null,null,"TWOGAUSSIANS",8,74.09103,0.19461378,0.0053544454,0.4,0.0,0.2575847,0.040862773,0.6712416,0.011921259,0.4,0.0,0.23798856,0.04221577
375316653866487564,1821424509912355840,0.46938813,2140.9808077193916,1.730707580571004,3.3983695E-5,16.285599,0.004770994,0.33508345,0.0075161164,0.08603159,0.009975918,0.17674652,0.026899992,0.82844025,0.030090712,0.014641397,0.018254202,0.1270136,0.91550034,null,null,null,null,"TWOGAUSSIANS",8,42.423637,0.33508345,0.0075161164,0.4,0.0,0.17674571,0.026902193,0.82844025,0.030090712,0.08199182,0.10222353,0.1270128,0.91550255
375316653866487564,1821424647351974528,0.57992035,2171.73155154991,3.759172378611265,1.4267828E-5,19.23695,0.012193951,0.2247831,0.0021853116,0.052029125,0.005963383,0.346437,0.031016892,0.7150578,0.0046582245,0.04192751,0.00511679,0.23976378,0.029843586,0.1330552,0.01495811,0.2247831,0.0021853116,"TWOGAUSSIANS_WITH_ELLIPSOIDAL_ON_ECLIPSE1",9,2.8875852,0.2247831,0.0021853116,0.2913631,0.033394944,0.6125436,0.02593808,0.71635777,0.0040304186,0.23479405,0.028654024,0.50501007,0.018412793
375316653866487564,1821424716030301824,0.5229367,2203.5615475886084,2.658180090209703,1.2226802E-5,19.5741,0.021155974,0.26839602,0.004197863,0.10171676,0.008487658,0.37663755,0.025280159,0.7685297,0.0022218516,0.09189485,0.0061248634,0.4305108,0.021182416,null,null,null,null,"TWOGAUSSIANS",8,1.8181152,0.7685297,0.0022218516,0.4,0.0,0.40203974,0.01830254,0.26839602,0.004197863,0.4,0.0,0.34816256,0.023999142
375316653866487564,1821424716071459840,0.52214205,2177.1899039383297,2.321546956271045,1.2581103E-5,19.259548,0.04380626,0.15708421,0.0038108195,0.099627174,0.013987296,0.39661714,0.03789093,0.6427375,0.0055626244,0.10439922,0.014581379,0.39819106,0.041283514,null,null,null,null,"TWOGAUSSIANS",8,2.8069909,0.6427375,0.0055626244,0.4,0.0,0.36507383,0.022221042,0.15709421,0.0038159874,0.4,0.0,0.36350664,0.03272649
375316653866487564,1821424814838914432,0.52654076,2181.558730838812,4.147782632621859,9.130974E-6,19.36249,0.017085416,0.28282818,0.0045082234,0.08191677,0.007416188,0.31957686,0.017282695,0.785692,0.0033854316,0.08231466,0.010317216,0.309071,0.02300212,null,null,null,null,"TWOGAUSSIANS",8,1.6331484,0.28282818,0.0045082234,0.4,0.0,0.31378913,0.014822624,0.785692,0.0033854316,0.4,0.0,0.30328324,0.026007159
375316653866487564,1821424853510408704,0.7409822,2207.4135443148534,1.831387600359771,1.911754E-6,14.85476,0.0033197969,0.22460093,8.142722E-4,0.046945665,0.0038691044,0.063386634,0.0078884475,0.7219707,4.776165E-4,0.049364846,8.3397096E-4,0.40489352,0.0077552525,0.085040145,0.0046755807,0.22460093,8.142722E-4,"TWOGAUSSIANS_WITH_ELLIPSOIDAL_ON_ECLIPSE1",9,8.627506,0.7221707,4.2042928E-4,0.27644312,0.0046702377,0.5749293,0.0029820167,0.22460093,8.142722E-4,0.26289573,0.021666985,0.23346536,0.0029935609
375316653866487564,1821425678102418304,0.48867202,2189.99082823628,1.3024997870371144,2.185849E-5,18.245087,0.004461632,0.23894492,0.014091257,0.06404785,0.01079119,0.08000492,0.008338719,0.7508762,0.003994627,0.06770302,0.0066416017,0.15233378,0.013395887,null,null,null,null,"TWOGAUSSIANS",8,3.3884373,0.7508762,0.003994627,0.37913695,0.03719297,0.15221685,0.013462367,0.23894492,0.014091257,0.35866794,0.060430665,0.079888,0.008332383
375316653866487564,1821425884302602368,0.49243382,2202.2846343508195,0.31895059983973245,2.4828569E-5,15.935059,0.0017803469,0.62534046,0.0020420123,0.012700587,0.0017389974,0.11340702,0.025953587,0.86494666,0.003465435,0.02548714,0.007915532,0.023383355,0.0041341903,0.0069071506,0.0034409603,0.62534046,0.0020420123,"TWOGAUSSIANS_WITH_ELLIPSOIDAL_ON_ECLIPSE1",9,12.276462,0.62534046,0.0020420123,0.07112329,0.009738386,0.12722133,0.026553573,0.86494666,0.003465435,0.14272799,0.04432698,0.023442188,0.004155433
375316653866487564,1821425948692228096,0.6170668,2179.6375080061252,3.1366317584105157,7.872447E-6,18.134382,0.013968123,0.2468399,0.0023180353,0.040179014,0.0031336278,0.6658346,0.04086573,0.7421877,0.003588943,0.04818791,0.005037092,0.44792902,0.029733399,0.14463925,0.01722499,0.2468399,0.0023180353,"TWOGAUSSIANS_WITH_ELLIPSOIDAL_ON_ECLIPSE1",9,8.412827,0.2468399,0.0023180353,0.22500248,0.017548317,0.95511246,0.036833495,0.7426776,0.0031898248,0.2698523,0.028207717,0.7369859,0.015607673
375316653866487564,1821426090461049344,0.55348575,2201.2681557780047,0.7697446213203395,2.1919053E-5,16.26432,0.0024535656,0.23835544,0.008650112,0.075848274,0.009845117,0.038653754,0.0042607184,0.7226275,0.0048690876,0.0678945,0.004843936,0.10698957,0.0035756258,null,null,null,null,"TWOGAUSSIANS",8,2.9433327,0.7226275,0.0048690876,0.38020924,0.02712604,0.10679212,0.003478555,0.23835544,0.008650112,0.4,0.016832205,0.038456306,0.0041845366
375316653866487564,1821426399698353024,0.560298,2172.3108027312987,0.8509734701572034,7.522326E-6,13.830134,0.0031446281,0.6722659,0.0010960611,0.03520975,0.0021193097,0.20143962,0.009142495,null,null,null,null,null,null,0.014268012,0.0042556636,0.6722659,0.0010960611,"ONEGAUSSIAN_WITH_ELLIPSOIDAL",6,66.301834,0.6722659,0.0010960611,0.1971746,0.011868135,0.22997561,0.007924618,null,null,null,null,null,null
375316653866487564,1821426601545004672,0.49496692,2159.05920821524,0.4373372956201991,7.888926E-5,19.170952,0.004351162,0.23191328,0.003628922,0.01984346,0.003888791,0.44162756,0.05994838,0.7417171,0.005723293,0.02127328,0.0065949103,0.42901778,0.50310546,null,null,null,null,"TWOGAUSSIANS",8,4.2177,0.23191328,0.003628922,0.11112337,0.02177723,0.44162756,0.05994838,0.7417171,0.005723293,0.11913036,0.036931496,0.42901778,0.50310546
375316653866487564,1821427430447978112,0.45765617,2173.5953739490715,1.568892549032496,3.921152E-5,17.538525,0.010272721,0.2387137,0.010297746,0.0684232,0.017568413,0.04698172,0.051811498,0.76483953,0.0068884296,0.033527117,0.007525751,0.18728797,0.09792164,0.07315144,0.017279644,0.2387137,0.010297746,"TWOGAUSSIANS_WITH_ELLIPSOIDAL_ON_ECLIPSE1",9,26.346628,0.76483953,0.0068884296,0.18775186,0.042144205,0.3296237,0.08819694,0.2387137,0.010297746,0.38316992,0.09145818,0.1932245,0.04133195
375316653866487564,1821428186404786560,0.57672024,2189.161520892274,2.249329616174688,1.5840995E-5,16.689266,0.008338469,0.19632147,0.0027191408,0.07498727,0.0055553787,0.18302187,0.008838949,0.69238,0.0035403906,0.08771646,0.0042713843,0.37323925,0.012657122,null,null,null,null,"TWOGAUSSIANS",8,15.923784,0.69238,0.0035403906,0.4,0.0,0.36883402,0.012544463,0.19632147,0.0027191408,0.4,0.0,0.17861672,0.008003438
375316653866487564,1821428255124286720,0.60086197,2165.758878249984,3.300491209608907,1.16659985E-5,16.48532,0.005986294,0.24408624,0.007634138,0.052172236,0.007242017,0.19633731,0.01753673,0.7565166,0.0015738552,0.04573413,0.0046172794,0.124357685,0.013663374,0.09862083,0.009904943,0.7565166,0.0015738552,"TWOGAUSSIANS_WITH_ELLIPSOIDAL_ON_ECLIPSE2",9,18.93265,0.24628623,0.006229065,0.29216453,0.040555295,0.39259,0.014006156,0.7565166,0.0015738552,0.25611115,0.025856765,0.32159868,0.0072725965
375316653866487564,1821428392520996992,0.471779,2159.1677808881122,2.525660953949081,2.0229105E-5,18.40624,0.002809763,null,null,null,null,null,null,null,null,null,null,null,null,0.07033027,0.004118492,0.21500449,0.0042317673,"ELLIPSOIDAL",4,3.8316426,null,null,null,null,null,null,null,null,null,null,null,null
375316653866487564,1821428667454444032,0.5226041,2163.0073119615754,0.154150273299379,7.812248E-5,18.083359,0.0012803952,0.26795527,0.00630085,0.020204522,0.002708535,0.28179443,0.09136567,0.5217362,0.012550834,0.0072238967,0.007395836,0.015306658,0.04655521,null,null,null,null,"TWOGAUSSIANS",8,1.3440865,0.26795527,0.00630085,0.11314532,0.015167795,0.28179443,0.09136567,0.5217362,0.012550834,0.04045382,0.041416682,0.015306658,0.04655521
375316653866487564,1821429114076431616,0.47148114,2180.2621331505507,4.4801760993621516,7.671055E-5,16.431536,0.015780011,0.23169531,0.008446152,0.007439034,0.0048524495,0.14485323,1.7498368,0.434585,0.01279999,0.18826084,0.03278052,0.13001102,0.012843659,null,null,null,null,"TWOGAUSSIANS",8,34.96188,0.23185532,0.007890134,0.04165859,0.027173717,0.20999934,1.7486843,0.434585,0.01279999,0.4,0.0,0.12236737,0.008064485
