Gaia/vari_eclipsing_binary/VariEclipsingBinary_460518-460527.csv
# %ECSV 1.0
# ---
# delimiter: ','
# meta: !!omap
# - RELEASE: Gaia DR3
# - TABLE: vari_eclipsing_binary
# - DESCRIPTION: >
#     This table describes the properties of the eclipsing binaries resulting from the variability analysis. 
# - CITATION: >
#     How to cite and acknowledge Gaia: 
#     https://gea.esac.esa.int/archive/documentation/credits.html 
# - KNOWN_ISSUES: >
#     Known issues: 
#     https://www.cosmos.esa.int/web/gaia-users/known-issues 
# - DOCUMENTATION: >
#     Tutorials and documentation: 
#     https://www.cosmos.esa.int/web/gaia-users/archive 
# datatype:
# - 
#   name: solution_id
#   datatype: int64
#   description: Solution Identifier
#   meta:
#     ucd: meta.version
# - 
#   name: source_id
#   datatype: int64
#   description: Unique source identifier
#   meta:
#     ucd: meta.id;meta.main
# - 
#   name: global_ranking
#   datatype: float32
#   description: Number between 0 (worst) and 1 (best)
#   meta:
#     ucd: stat.param
# - 
#   name: reference_time
#   datatype: float64
#   unit: d
#   description: Reference time used for the geometric model fit
#   meta:
#     ucd: time.epoch
# - 
#   name: frequency
#   datatype: float64
#   unit: d**-1
#   description: Frequency of geometric model of the eclipsing binary light curve
#   meta:
#     ucd: src.orbital
# - 
#   name: frequency_error
#   datatype: float32
#   unit: d**-1
#   description: "Uncertainty of \\texttt{frequency}"
#   meta:
#     ucd: stat.error
# - 
#   name: geom_model_reference_level
#   datatype: float32
#   unit: mag
#   description: Magnitude reference level of geometric model
#   meta:
#     ucd: phot.mag;em.opt
# - 
#   name: geom_model_reference_level_error
#   datatype: float32
#   unit: mag
#   description: "Uncertainty of \\texttt{geomModelReferenceLevel}"
#   meta:
#     ucd: stat.error;phot.mag;em.opt
# - 
#   name: geom_model_gaussian1_phase
#   datatype: float32
#   description: Phase of the Gaussian 1 component
#   meta:
#     ucd: time.phase
# - 
#   name: geom_model_gaussian1_phase_error
#   datatype: float32
#   description: "Uncertainty of \\texttt{geomModelGaussian1Phase}"
#   meta:
#     ucd: stat.error;time.phase
# - 
#   name: geom_model_gaussian1_sigma
#   datatype: float32
#   description: "Standard deviation [phase] of Gaussian 1 component"
#   meta:
#     ucd: stat.stdev
# - 
#   name: geom_model_gaussian1_sigma_error
#   datatype: float32
#   description: "Uncertainty of \\texttt{geomModelGaussian1Sigma}"
#   meta:
#     ucd: stat.error
# - 
#   name: geom_model_gaussian1_depth
#   datatype: float32
#   unit: mag
#   description: Magnitude depth of Gaussian 1 component
#   meta:
#     ucd: src.var.amplitude
# - 
#   name: geom_model_gaussian1_depth_error
#   datatype: float32
#   unit: mag
#   description: "Uncertainty of \\texttt{geomModelGaussian1Depth}"
#   meta:
#     ucd: stat.error;src.var.amplitude
# - 
#   name: geom_model_gaussian2_phase
#   datatype: float32
#   description: Phase of Gaussian 2 component
#   meta:
#     ucd: time.phase
# - 
#   name: geom_model_gaussian2_phase_error
#   datatype: float32
#   description: "Uncertainty of \\texttt{geomModelGaussian2Phase}"
#   meta:
#     ucd: stat.error;time.phase
# - 
#   name: geom_model_gaussian2_sigma
#   datatype: float32
[...]
#   datatype: float32
#   description: "Secondary eclipse: uncertainty of \\texttt{derivedSecondaryEclDuration}"
#   meta:
#     ucd: stat.error;time.duration
# - 
#   name: derived_secondary_ecl_depth
#   datatype: float32
#   unit: mag
#   description: "Secondary eclipse: depth"
#   meta:
#     ucd: src.var.amplitude
# - 
#   name: derived_secondary_ecl_depth_error
#   datatype: float32
#   unit: mag
#   description: "Secondary eclipse: uncertainty of \\texttt{derivedSecondaryEclDepth}"
#   meta:
#     ucd: stat.error;src.var.amplitude
solution_id,source_id,global_ranking,reference_time,frequency,frequency_error,geom_model_reference_level,geom_model_reference_level_error,geom_model_gaussian1_phase,geom_model_gaussian1_phase_error,geom_model_gaussian1_sigma,geom_model_gaussian1_sigma_error,geom_model_gaussian1_depth,geom_model_gaussian1_depth_error,geom_model_gaussian2_phase,geom_model_gaussian2_phase_error,geom_model_gaussian2_sigma,geom_model_gaussian2_sigma_error,geom_model_gaussian2_depth,geom_model_gaussian2_depth_error,geom_model_cosine_half_period_amplitude,geom_model_cosine_half_period_amplitude_error,geom_model_cosine_half_period_phase,geom_model_cosine_half_period_phase_error,model_type,num_model_parameters,reduced_chi2,derived_primary_ecl_phase,derived_primary_ecl_phase_error,derived_primary_ecl_duration,derived_primary_ecl_duration_error,derived_primary_ecl_depth,derived_primary_ecl_depth_error,derived_secondary_ecl_phase,derived_secondary_ecl_phase_error,derived_secondary_ecl_duration,derived_secondary_ecl_duration_error,derived_secondary_ecl_depth,derived_secondary_ecl_depth_error
[from data line 868]
375316653866487564,4050814348352207744,0.47488803,2330.688482578755,0.18830440269449325,2.6226482E-5,18.783417,0.48847792,0.21296096,0.0043904977,0.13563101,0.050309703,0.63965327,0.46940356,0.7013641,0.013510151,0.14057434,0.06588287,0.61528635,0.47537646,null,null,null,null,"TWOGAUSSIANS",8,4.9099436,0.21341096,0.004209351,0.4,0.0,0.41641113,0.031119054,0.7013641,0.013510151,0.4,0.0,0.39124852,0.029171197
375316653866487564,4050814348352402688,0.4600546,2407.2558095273866,2.446946584822996,1.0767862E-4,16.628159,0.0054058805,0.17163491,0.0024947806,0.02396073,0.004997822,0.08205302,0.012062977,0.44446146,0.022620684,0.04810731,0.010819482,0.16230713,0.031571228,null,null,null,null,"TWOGAUSSIANS",8,2.0164866,0.44446146,0.022620684,0.26940092,0.060589094,0.16230713,0.031571228,0.17163491,0.0024947806,0.13418008,0.027987802,0.082053035,0.012062986
375316653866487564,4050814455608858880,0.49789977,2273.1357490286236,0.09159166633287764,1.079777E-5,18.28815,0.0059513343,0.34299386,0.006153886,0.05042378,0.004871102,0.13956408,0.016217522,0.58456284,0.0040211705,0.0136480015,0.003227707,0.095193826,0.009199083,null,null,null,null,"TWOGAUSSIANS",8,1.4764642,0.34299386,0.006153886,0.28237316,0.027278172,0.13956408,0.016217522,0.58456284,0.0040211705,0.07642881,0.018075159,0.09519528,0.009201385
375316653866487564,4050814554510394752,0.46124005,2290.198348826434,0.15964780592463132,2.8376855E-5,19.006842,0.009506408,0.100494556,0.013343825,0.06554542,0.014400889,0.21585591,0.030718928,0.6314692,0.019554783,0.07555589,0.027538337,0.10336772,0.013838911,null,null,null,null,"TWOGAUSSIANS",8,3.8608959,0.100494556,0.013343825,0.36705434,0.058018062,0.21561334,0.030956281,0.6314692,0.019554783,0.4,0.09729702,0.10312514,0.01365277
375316653866487564,4050814593050187648,0.48279944,2228.290648527538,2.3499266428961803,1.0274108E-4,18.515047,0.03643378,0.27365693,0.027469931,0.097755134,0.021082412,0.13609675,0.028699186,0.8892716,0.050918784,0.14564113,0.08292635,0.057330694,0.036333103,null,null,null,null,"TWOGAUSSIANS",8,1.8748612,0.27134693,0.023631759,0.4,0.0,0.13162078,0.018764589,0.8901916,0.05040394,0.4,0.0,0.05111028,0.016432494
375316653866487564,4050814726310178816,0.51595837,2230.214496726121,3.8835755261744374,4.19086E-5,18.794474,0.018925363,0.46581516,0.016325967,0.1424585,0.027321422,0.42656595,0.023711376,0.09729706,0.008882597,0.01712251,0.014850383,0.06639162,0.09003637,null,null,null,null,"TWOGAUSSIANS",8,7.172611,0.46581516,0.016325967,0.4,0.0,0.4247627,0.024720842,0.09852706,0.008183748,0.09588606,0.083162144,0.07980585,0.091107406
375316653866487564,4050814730486422272,0.51819944,2326.009308732586,0.049423826654812805,5.004114E-5,19.441399,0.16817875,0.16528104,0.015325642,0.1056622,0.033705927,0.41086966,0.198632,0.59487665,0.010116867,0.08588668,0.025752945,0.41850802,0.16646907,null,null,null,null,"TWOGAUSSIANS",8,4.2120776,0.59487665,0.010116867,0.4,0.0,0.40883964,0.104205705,0.16528104,0.015205129,0.4,0.0,0.4010969,0.12474966
375316653866487564,4050814799242518912,0.53437525,2218.878803098511,0.2289171991100726,3.679678E-5,19.154991,0.06375754,0.2779932,0.0075446214,0.10954956,0.018150138,0.41307497,0.068736695,0.7319646,0.015416709,0.10582541,0.03513579,0.54212266,0.41099945,null,null,null,null,"TWOGAUSSIANS",8,1.1974981,0.7319646,0.015416709,0.4,0.0,0.5043257,0.44843754,0.2780532,0.0075406046,0.4,0.0,0.3752549,0.04223177
375316653866487564,4050814829392899584,0.46841457,2254.2813484017474,0.24202423452983188,2.4290817E-5,18.654371,0.0330447,0.3526078,0.004998764,0.042561408,0.010079994,0.1279826,0.033570237,0.7846153,0.0065359767,0.11598449,0.021172453,0.2254934,0.02741618,null,null,null,null,"TWOGAUSSIANS",8,3.1696317,0.7846153,0.0065359767,0.4,0.0,0.22492774,0.027058292,0.3527078,0.0049620275,0.2383439,0.056447964,0.12763773,0.033192147
375316653866487564,4050814932472115584,0.43943825,2254.138193268431,0.5030024025115242,9.766131E-5,18.573298,0.95545584,0.22100858,0.05879067,0.14842048,0.03355683,0.43592128,0.34472036,0.6412741,0.012323662,0.16577247,0.12191155,0.72025764,0.9116824,null,null,null,null,"TWOGAUSSIANS",8,18.9861,0.6412741,0.012323662,0.4,0.0,0.52304083,0.09326021,0.2548186,0.037427396,0.4,0.0,0.2677512,0.03467406
375316653866487564,4050814936645055616,0.5082311,2223.271598968445,0.20639364819694483,2.9819634E-5,18.341373,0.03967467,0.29262123,0.043595567,0.07333093,0.031449977,0.31307822,0.11081291,0.7329561,0.0034275155,0.05885936,0.0062335827,0.44815207,0.041520864,null,null,null,null,"TWOGAUSSIANS",8,6.689243,0.7329561,0.0034275155,0.3296124,0.034908064,0.44805875,0.035488736,0.29262123,0.043595567,0.4,0.016504312,0.31298488,0.10383659
375316653866487564,4050815001191146496,0.49283808,2255.2625606361876,0.1520486808948278,3.6276866E-5,18.323864,0.007110206,0.22621082,0.022273801,0.03345763,0.011925688,0.10404655,0.03149704,0.56446123,0.03859039,0.1001216,0.026493283,0.14559342,0.015497861,null,null,null,null,"TWOGAUSSIANS",8,3.1557994,0.56446123,0.03859039,0.4,0.0,0.14559197,0.015365243,0.22639081,0.02237765,0.18736272,0.06678385,0.1045304,0.03177709
375316653866487564,4050815074084328064,0.44948795,2257.180824576353,0.36843816476933544,1.0895799E-5,18.404083,0.013765662,0.17531335,0.01986965,0.0320021,0.031711068,0.16322392,1.7256483,0.6688025,0.005833048,0.01397016,0.007007023,0.6069683,0.5791379,0.03595097,0.02882128,0.17531335,0.01986965,"TWOGAUSSIANS_WITH_ELLIPSOIDAL_ON_ECLIPSE1",9,22.864698,0.6688125,0.0057821334,0.07823289,0.03923933,0.67875016,0.59910285,0.17531335,0.01986965,0.17921175,0.17758198,0.23512581,1.7303759
375316653866487564,4050815241704555264,0.5754106,2264.9149572387228,0.07862676980549535,1.1027653E-5,19.094423,0.008506808,0.38300622,0.0018011298,0.043053262,0.0030123715,0.25135475,0.010115163,0.78235006,0.004124121,0.05738827,0.0035182093,0.41953498,0.023328153,null,null,null,null,"TWOGAUSSIANS",8,1.8160008,0.78235006,0.004124121,0.3213743,0.01970197,0.41953498,0.023328155,0.38300622,0.0018011298,0.24109825,0.01686928,0.25135475,0.010115148
375316653866487564,4050815245883053824,0.52916205,2214.867874778162,0.3247041386197733,3.098127E-5,18.898293,0.058515158,0.10778776,0.025190797,0.033822443,0.012515181,0.16648094,0.07608783,0.57525045,0.008774125,0.19088317,0.027271712,0.3786059,0.05663355,null,null,null,null,"TWOGAUSSIANS",8,2.044622,0.57525045,0.008774125,0.4,0.0,0.3430889,0.019837841,0.108697765,0.026123824,0.18940568,0.07008501,0.1576248,0.079157054
375316653866487564,4050815344787608320,0.44270462,2199.24691177477,0.3305020792947341,6.0687074E-5,18.572279,0.012514439,0.0793765,0.008472876,0.04948327,0.018217813,0.07364628,0.10039906,null,null,null,null,null,null,0.12079542,0.017869448,0.0793765,0.008472876,"ONEGAUSSIAN_WITH_ELLIPSOIDAL",6,10.375268,0.0793765,0.008472876,0.2771063,0.10201975,0.3152369,0.101716086,null,null,null,null,null,null
375316653866487564,4050815379147800064,0.56151646,2272.6561592163544,0.038438586294483316,8.7701055E-6,18.754206,0.060693,0.32224226,0.008008939,0.04347085,0.0108702285,0.62956613,0.468545,0.7146584,0.0079397485,0.17304651,0.026401648,0.42447168,0.058665723,null,null,null,null,"TWOGAUSSIANS",8,1.6152989,0.32348228,0.0067783445,0.24343675,0.06087328,0.645539,0.47802007,0.7146584,0.0079397485,0.4,0.0,0.40685126,0.04009104
375316653866487564,4050815486401597184,0.48756096,2286.3187842203665,0.1276132611672611,4.6330202E-5,18.89017,0.18003747,0.5400516,0.025676092,0.20609972,0.10681987,0.29239547,0.16342162,0.93023735,0.05597351,0.059360117,0.046815835,0.11455136,0.04970759,null,null,null,null,"TWOGAUSSIANS",8,4.1853004,0.5400516,0.025676092,0.4,0.0,0.25415656,0.034449883,0.93023735,0.05597351,0.33241665,0.25922397,0.12869686,0.05641049
375316653866487564,4050815520797633664,0.4093094,2212.160462910744,0.16497754136667406,8.284029E-5,18.626682,0.04436572,0.48819876,0.034526214,0.081800595,0.02540511,0.18575531,0.07106359,0.87573045,0.02320853,0.09817119,0.035878558,0.2001769,0.043978743,null,null,null,null,"TWOGAUSSIANS",8,5.5038385,0.87573045,0.02320853,0.4,0.0,0.19900185,0.04199856,0.48831877,0.034589104,0.4,0.015615388,0.1846607,0.067393266
375316653866487564,4050815550946154368,0.45383725,2238.142607846744,0.02391542228020436,9.323024E-5,18.416706,0.26164186,0.25915504,0.04027175,0.094729,0.088489,0.2822228,0.24427524,0.62362176,0.03934466,0.11004842,0.037761565,0.1431854,0.23206103,null,null,null,null,"TWOGAUSSIANS",8,4.7004833,0.25973505,0.038136262,0.4,0.03851876,0.27968746,0.086139366,0.62362176,0.03934466,0.4,0.0,0.14022267,0.09682329
375316653866487564,4050815688388577280,0.4872009,2211.69467895891,0.0663919586876359,1.9440407E-5,19.028215,0.018426456,0.21535392,0.02680995,0.03270644,0.022507014,0.5086051,0.15511839,0.7674525,0.005766414,0.1337798,0.010593301,0.42031088,0.016917115,null,null,null,null,"TWOGAUSSIANS",8,0.8225,0.21527392,0.0267591,0.18315606,0.12603928,0.5073113,0.1681373,0.7674525,0.005766414,0.4,0.0,0.41738456,0.018937662
375316653866487564,4050815692560066432,0.5137187,2284.111584986545,2.911295019825207,3.9245093E-5,16.168543,0.75700134,0.31045645,0.005646909,0.13617948,0.05240066,0.3236593,0.5302,0.8023009,0.007979044,0.16428226,0.12386991,0.33469626,0.74473226,null,null,null,null,"TWOGAUSSIANS",8,10.854629,0.8023009,0.007979044,0.4,0.0,0.17864704,0.011613988,0.31151646,0.0040817796,0.4,0.0,0.17342222,0.022987956
375316653866487564,4050815756896177536,0.5440271,2268.6005805429636,0.0492935380099696,5.524329E-5,14.968939,0.0063402466,0.27994367,0.01935444,0.011235837,0.010988849,0.7540305,46484.336,null,null,null,null,null,null,0.042045265,0.0044541713,0.27994367,0.01935444,"ONEGAUSSIAN_WITH_ELLIPSOIDAL",6,91.312874,0.27994367,0.01935444,0.06292068,0.061537556,0.838121,46484.336,null,null,null,null,null,null
375316653866487564,4050815791279066496,0.59533054,2271.000130529241,1.072041218862991,8.245277E-6,17.039446,0.008393496,0.22467403,0.0034040795,0.09430464,0.006421206,0.21445468,0.00874099,0.7278147,0.004974981,0.088774845,0.005510684,0.2896222,0.009909164,null,null,null,null,"TWOGAUSSIANS",8,4.287014,0.7278147,0.004974981,0.4,0.0,0.27828896,0.0075853663,0.22467403,0.0034040795,0.4,0.0,0.2031212,0.008473673
375316653866487564,4050815864358752384,0.47549847,2180.0476819738833,0.1437645165154284,4.153476E-5,19.170792,0.038972594,0.2870732,0.039197978,0.11257194,0.05014768,0.20563939,0.052550025,0.7701242,0.01372587,0.06399945,0.029319266,0.58210397,2.0892682,null,null,null,null,"TWOGAUSSIANS",8,3.065935,0.7701242,0.01372587,0.35839692,0.13100614,0.5744752,2.0955517,0.2870732,0.039197978,0.4,0.027558284,0.19798458,0.047060054
375316653866487564,4050816031987017216,0.4830307,2277.2879186726504,0.029218762478926668,1.4830281E-5,18.195322,0.0060659153,0.43749848,0.010698569,0.024237312,0.007226155,0.111445755,0.009431788,0.8737479,0.054859035,0.05682319,0.031316612,0.08294932,0.024624713,null,null,null,null,"TWOGAUSSIANS",8,2.6216812,0.43749848,0.010698569,0.13572896,0.04046647,0.111445755,0.009431698,0.8737479,0.054859035,0.31820986,0.122165084,0.08294932,0.02462472
375316653866487564,4050816135065528192,0.5793246,2251.7056865994773,1.4078713056197716,6.252843E-6,17.363182,0.005440129,0.25835195,0.0046024392,0.03477071,0.00736104,0.14270641,0.018543692,0.74517953,0.001403371,0.04972064,0.0016282296,0.5532596,0.022009544,null,null,null,null,"TWOGAUSSIANS",8,16.490671,0.74517953,0.001403371,0.2784356,0.009118086,0.5532596,0.022009546,0.25835195,0.0046024392,0.19471598,0.041221824,0.14270641,0.01854372
375316653866487564,4050816238149563520,0.47002292,2186.9701830237314,3.8058646553244313,5.3992433E-5,18.97054,0.092764884,0.33614412,0.0067676506,0.070283264,0.013882913,0.3510517,0.09528012,0.85842174,0.022008102,0.09506685,0.054421358,0.35169393,0.047608856,null,null,null,null,"TWOGAUSSIANS",8,3.6191702,0.85842174,0.022008102,0.4,0.0,0.3469625,0.053605873,0.33614412,0.0067663225,0.39358628,0.04833495,0.34632152,0.05809932
375316653866487564,4050816272508633216,0.5339033,2256.0753651521118,1.2612188985848,2.8126773E-5,19.10949,0.012845389,0.049593706,0.016403925,0.03339978,0.025972964,0.055374324,0.01551535,0.45526418,0.011358436,0.10543201,0.0101347575,0.48738858,0.041544393,null,null,null,null,"TWOGAUSSIANS",8,1.8755866,0.45526418,0.011358436,0.4,0.0,0.4873354,0.04147926,0.049813706,0.016975027,0.18703876,0.1454486,0.055619635,0.015618554
375316653866487564,4050816276675982720,0.47708434,2255.9400175764595,2.7021112031126946,3.2233133E-5,18.69504,0.017155025,0.2151472,0.008916291,0.06005527,0.01252205,0.52272016,0.034202125,0.70619035,0.011451013,0.08055343,0.009608926,0.49896625,0.06537928,null,null,null,null,"TWOGAUSSIANS",8,17.77555,0.2151472,0.008916291,0.33630952,0.07012348,0.5212828,0.035320405,0.70619035,0.011451013,0.4,0.0,0.49752885,0.06534543
375316653866487564,4050816341209952896,0.54372084,2240.1752066679114,0.12498189947014111,5.576157E-5,19.002737,0.09742524,0.25650722,0.018720716,0.09090476,0.030305028,0.26057845,0.09668345,0.7953282,0.0349916,0.082538284,0.06780564,0.20906141,0.1364203,null,null,null,null,"TWOGAUSSIANS",8,2.0092552,0.25650722,0.018675046,0.4,0.0,0.2568187,0.028118663,0.7953282,0.0349392,0.4,0.055559617,0.20530233,0.12384593
375316653866487564,4050816345395427840,0.5116552,2243.9910829750347,0.1300630424475604,3.7297494E-5,18.731731,0.036875077,0.088467285,0.06261237,0.053228334,0.05253994,0.2423365,0.04910686,0.73045385,0.009161947,0.09081104,0.017346399,0.2579914,0.03449777,null,null,null,null,"TWOGAUSSIANS",8,5.2435517,0.73045385,0.009147533,0.4,0.0,0.25796777,0.02981981,0.088407286,0.062591515,0.29807866,0.10854932,0.24242179,0.057853155
375316653866487564,4050816478654065024,0.4426039,2304.3858071845825,0.29446296891213086,4.3900603E-5,18.630474,0.056365628,0.25608665,0.032617208,0.07003023,0.050302114,0.19367443,0.05321742,0.6233225,0.06792012,0.11956724,0.061464667,0.33385828,0.15280652,null,null,null,null,"TWOGAUSSIANS",8,7.947051,0.6233225,0.06792012,0.4,0.0,0.33184528,0.15107034,0.25812665,0.029959189,0.39216927,0.04497514,0.19472586,0.044847604
375316653866487564,4050816684811821952,0.5144894,2237.9439365654907,0.0494492418883644,4.303884E-5,16.554049,0.0055033755,0.32560506,0.028370311,0.05326292,0.013134247,0.046756856,0.015728202,0.6661815,0.0113413865,0.04990905,0.06462947,1.1897833,1.2506603,0.00914961,0.0081565855,0.6661815,0.0113413865,"TWOGAUSSIANS_WITH_ELLIPSOIDAL_ON_ECLIPSE2",9,7.9169183,0.6661815,0.0113413865,0.27949068,0.11958652,1.2080781,1.2450291,0.31900507,0.022813031,0.29827237,0.07355178,0.05241025,0.017202133
375316653866487564,4050816895151302144,0.50535,2273.7785025713843,0.18847330991502312,8.263432E-5,18.65524,0.49621233,0.21899316,0.018996753,0.18149935,0.1239638,0.4904755,0.4646916,0.7017203,0.011459903,0.12771563,0.031597883,0.52913666,0.31324783,null,null,null,null,"TWOGAUSSIANS",8,4.9917874,0.7017203,0.011459903,0.4,0.0,0.30852425,0.035595264,0.21953316,0.018982945,0.4,0.0,0.24770449,0.07109782
375316653866487564,4050817028414254080,0.54458016,2268.629595883009,1.8997860347800206,1.6491278E-5,18.797606,0.023254208,0.2586388,0.0028469267,0.07933863,0.01354117,0.4783647,0.0657224,0.7510402,0.006979653,0.07482825,0.009274169,0.4530983,0.048658784,null,null,null,null,"TWOGAUSSIANS",8,3.6969855,0.2586388,0.0028469267,0.4,0.0,0.47424176,0.070751324,0.7510402,0.006979653,0.4,0.0061287666,0.44897532,0.04918264
375316653866487564,4050817097133972736,0.54312605,2265.1943795629163,0.2888036402362938,3.247904E-5,19.217337,0.0059923306,0.13450994,0.0011371956,0.012473931,0.0028029133,0.07755446,0.00801344,0.5118361,0.006912067,0.15014438,0.008860863,0.3351335,0.02452755,null,null,null,null,"TWOGAUSSIANS",8,2.762163,0.5118361,0.006912067,0.4,0.0,0.33251444,0.025413431,0.13498993,0.0013094258,0.06985401,0.015696315,0.08930331,0.010610738
