Gaia/vari_eclipsing_binary/VariEclipsingBinary_331031-331736.csv
# %ECSV 1.0
# ---
# delimiter: ','
# meta: !!omap
# - RELEASE: Gaia DR3
# - TABLE: vari_eclipsing_binary
# - DESCRIPTION: >
#     This table describes the properties of the eclipsing binaries resulting from the variability analysis. 
# - CITATION: >
#     How to cite and acknowledge Gaia: 
#     https://gea.esac.esa.int/archive/documentation/credits.html 
# - KNOWN_ISSUES: >
#     Known issues: 
#     https://www.cosmos.esa.int/web/gaia-users/known-issues 
# - DOCUMENTATION: >
#     Tutorials and documentation: 
#     https://www.cosmos.esa.int/web/gaia-users/archive 
# datatype:
# - 
#   name: solution_id
#   datatype: int64
#   description: Solution Identifier
#   meta:
#     ucd: meta.version
# - 
#   name: source_id
#   datatype: int64
#   description: Unique source identifier
#   meta:
#     ucd: meta.id;meta.main
# - 
#   name: global_ranking
#   datatype: float32
#   description: Number between 0 (worst) and 1 (best)
#   meta:
#     ucd: stat.param
# - 
#   name: reference_time
#   datatype: float64
#   unit: d
#   description: Reference time used for the geometric model fit
#   meta:
#     ucd: time.epoch
# - 
#   name: frequency
#   datatype: float64
#   unit: d**-1
#   description: Frequency of geometric model of the eclipsing binary light curve
#   meta:
#     ucd: src.orbital
# - 
#   name: frequency_error
#   datatype: float32
#   unit: d**-1
#   description: "Uncertainty of \\texttt{frequency}"
#   meta:
#     ucd: stat.error
# - 
#   name: geom_model_reference_level
#   datatype: float32
#   unit: mag
#   description: Magnitude reference level of geometric model
#   meta:
#     ucd: phot.mag;em.opt
# - 
#   name: geom_model_reference_level_error
#   datatype: float32
#   unit: mag
#   description: "Uncertainty of \\texttt{geomModelReferenceLevel}"
#   meta:
#     ucd: stat.error;phot.mag;em.opt
# - 
#   name: geom_model_gaussian1_phase
#   datatype: float32
#   description: Phase of the Gaussian 1 component
#   meta:
#     ucd: time.phase
# - 
#   name: geom_model_gaussian1_phase_error
#   datatype: float32
#   description: "Uncertainty of \\texttt{geomModelGaussian1Phase}"
#   meta:
#     ucd: stat.error;time.phase
# - 
#   name: geom_model_gaussian1_sigma
#   datatype: float32
#   description: "Standard deviation [phase] of Gaussian 1 component"
#   meta:
#     ucd: stat.stdev
# - 
#   name: geom_model_gaussian1_sigma_error
#   datatype: float32
#   description: "Uncertainty of \\texttt{geomModelGaussian1Sigma}"
#   meta:
#     ucd: stat.error
# - 
#   name: geom_model_gaussian1_depth
#   datatype: float32
#   unit: mag
#   description: Magnitude depth of Gaussian 1 component
#   meta:
#     ucd: src.var.amplitude
# - 
#   name: geom_model_gaussian1_depth_error
#   datatype: float32
#   unit: mag
#   description: "Uncertainty of \\texttt{geomModelGaussian1Depth}"
#   meta:
#     ucd: stat.error;src.var.amplitude
# - 
#   name: geom_model_gaussian2_phase
#   datatype: float32
#   description: Phase of Gaussian 2 component
#   meta:
#     ucd: time.phase
# - 
#   name: geom_model_gaussian2_phase_error
#   datatype: float32
#   description: "Uncertainty of \\texttt{geomModelGaussian2Phase}"
#   meta:
#     ucd: stat.error;time.phase
# - 
#   name: geom_model_gaussian2_sigma
#   datatype: float32
[...]
#   datatype: float32
#   description: "Secondary eclipse: uncertainty of \\texttt{derivedSecondaryEclDuration}"
#   meta:
#     ucd: stat.error;time.duration
# - 
#   name: derived_secondary_ecl_depth
#   datatype: float32
#   unit: mag
#   description: "Secondary eclipse: depth"
#   meta:
#     ucd: src.var.amplitude
# - 
#   name: derived_secondary_ecl_depth_error
#   datatype: float32
#   unit: mag
#   description: "Secondary eclipse: uncertainty of \\texttt{derivedSecondaryEclDepth}"
#   meta:
#     ucd: stat.error;src.var.amplitude
solution_id,source_id,global_ranking,reference_time,frequency,frequency_error,geom_model_reference_level,geom_model_reference_level_error,geom_model_gaussian1_phase,geom_model_gaussian1_phase_error,geom_model_gaussian1_sigma,geom_model_gaussian1_sigma_error,geom_model_gaussian1_depth,geom_model_gaussian1_depth_error,geom_model_gaussian2_phase,geom_model_gaussian2_phase_error,geom_model_gaussian2_sigma,geom_model_gaussian2_sigma_error,geom_model_gaussian2_depth,geom_model_gaussian2_depth_error,geom_model_cosine_half_period_amplitude,geom_model_cosine_half_period_amplitude_error,geom_model_cosine_half_period_phase,geom_model_cosine_half_period_phase_error,model_type,num_model_parameters,reduced_chi2,derived_primary_ecl_phase,derived_primary_ecl_phase_error,derived_primary_ecl_duration,derived_primary_ecl_duration_error,derived_primary_ecl_depth,derived_primary_ecl_depth_error,derived_secondary_ecl_phase,derived_secondary_ecl_phase_error,derived_secondary_ecl_duration,derived_secondary_ecl_duration_error,derived_secondary_ecl_depth,derived_secondary_ecl_depth_error
[from data line 35]
375316653866487564,2912189346555233792,0.42551294,2293.1571402003665,0.010616384240988298,4.8193848E-5,14.868654,0.0028701082,0.09414421,0.010305112,0.0107038785,0.012541362,0.20847529,0.5547357,0.7436766,0.0067401193,0.068802,0.009767374,0.5663474,0.36527947,0.007098761,0.0031338425,0.7436766,0.0067401193,"TWOGAUSSIANS_WITH_ELLIPSOIDAL_ON_ECLIPSE2",9,45.2835,0.7436766,0.0067401193,0.38529122,0.054697298,0.58008033,0.3631205,0.09419421,0.010314778,0.05994172,0.07023163,0.21295881,0.5551811
375316653866487564,2912199864932510080,0.5800947,2176.194557307897,0.15216384999025218,1.2728094E-5,18.714828,0.0023420032,0.46552226,0.01265583,0.047851555,0.012349244,0.018797949,0.0045452043,0.89889306,1.0620088E-5,0.0025305878,3.2751064E-5,4.433419,0.24890038,null,null,null,null,"TWOGAUSSIANS",8,1.4884877,0.89889306,1.0620088E-5,0.014171292,1.8340595E-4,4.433419,0.24890038,0.46552226,0.01265583,0.2679687,0.06915577,0.018797949,0.0045452043
375316653866487564,2912219793580588032,0.56091064,2222.3485782009043,0.3412687381693822,5.263866E-6,17.476713,0.0020075857,0.21894914,0.0062268134,0.01074438,0.004918601,0.06439673,0.05838213,0.72711504,0.0012997154,0.019940507,0.0014364462,0.32330775,0.01838288,0.020216621,0.002852869,0.21894914,0.0062268134,"TWOGAUSSIANS_WITH_ELLIPSOIDAL_ON_ECLIPSE1",9,4.1306224,0.72711504,0.0012997154,0.111666836,0.0080440985,0.36363465,0.01729514,0.21894914,0.0062268134,0.060168527,0.027544165,0.104829974,0.059727844
375316653866487564,2912231643391574912,0.49372932,2191.543843247681,4.090832494201427,1.8814195E-5,17.505484,0.024782436,0.22832438,0.004567569,0.106145285,0.022827348,0.0961767,0.02154893,0.724155,0.0047723106,0.11864217,0.020630749,0.12657593,0.023407476,null,null,null,null,"TWOGAUSSIANS",8,3.8664637,0.724155,0.0047723106,0.4,0.0,0.10864474,0.0070042447,0.22834438,0.004570806,0.4,0.0,0.07827811,0.0068452777
375316653866487564,2912232055708477056,0.559426,2143.4029335652685,3.499633739995561,4.2668694E-6,19.109528,0.018314868,0.25873896,0.0019392592,0.04577919,0.0031133674,0.5182707,0.04412887,0.7560457,0.0012447427,0.043244444,0.007634772,0.40888807,0.041108645,0.13145173,0.024287563,0.25873896,0.0019392592,"TWOGAUSSIANS_WITH_ELLIPSOIDAL_ON_ECLIPSE1",9,5.1113315,0.25873896,0.0019392592,0.25636348,0.017434858,0.7811734,0.019747535,0.7562757,0.0011010789,0.24216887,0.042754725,0.671722,0.055481885
375316653866487564,2912233876774583680,0.53125,2194.0183137806216,1.135934938273842,8.563922E-6,18.362473,0.0024970232,0.28597364,0.006303972,0.028521456,0.0026734846,0.20488182,0.026737534,0.7944372,0.018383766,0.029928058,0.012458772,0.048432034,0.036462422,0.023403015,0.004638817,0.28597364,0.006303972,"TWOGAUSSIANS_WITH_ELLIPSOIDAL_ON_ECLIPSE1",9,1.7517709,0.28597364,0.006303972,0.15972015,0.014971514,0.25168785,0.0264115,0.7944372,0.01824121,0.16759713,0.06976913,0.09510582,0.03607845
375316653866487564,2912236767291117824,0.45353788,2218.6276653337654,4.119593810551327,3.5596557E-5,17.412064,0.07489213,0.35187238,0.010415851,0.13038392,0.024243161,0.21464527,0.070490375,0.8145024,0.011313289,0.14228196,0.04170974,0.14217892,0.07369967,null,null,null,null,"TWOGAUSSIANS",8,16.865154,0.3529724,0.008840067,0.4,0.0,0.16640152,0.012680985,0.8145024,0.011313289,0.4,0.0,0.09353472,0.009525015
375316653866487564,2912244188994770176,0.5030646,2207.699663209096,4.076971566506894,1.3411571E-5,16.801264,0.007465412,0.2378759,0.0045865015,0.06716296,0.0046095946,0.518844,0.016369512,0.7379586,0.0029455447,0.07610794,0.003756574,0.56403905,0.020647215,null,null,null,null,"TWOGAUSSIANS",8,36.272324,0.7379586,0.0029455447,0.4,0.0,0.5615904,0.020902036,0.2378759,0.0045865015,0.37611255,0.025813729,0.51639533,0.016462872
375316653866487564,2912250403808868480,0.62950087,2223.7964999357387,1.0227955858802922,2.4430774E-6,17.108149,0.0022557173,0.24914403,3.7951535E-4,0.03101093,7.4099953E-4,0.50196654,0.008578063,0.74788946,0.0261844,0.013796156,0.009295059,0.17931186,0.29400313,0.016404497,0.0030478835,0.24914403,3.7951535E-4,"TWOGAUSSIANS_WITH_ELLIPSOIDAL_ON_ECLIPSE1",9,6.5873327,0.24914403,3.7951535E-4,0.1736612,0.0041495976,0.5347755,0.008527428,0.74788946,0.026115164,0.077258475,0.05205233,0.21211879,0.2961534
375316653866487564,2912265526392258944,0.55708313,2192.6521751025703,2.8093929520364216,5.1956454E-6,17.041685,0.010507263,0.21358462,0.0018832076,0.07694159,0.0044623665,0.38299352,0.025509335,0.6991896,0.0019993922,0.071717925,0.0031705317,0.51222205,0.01641887,null,null,null,null,"TWOGAUSSIANS",8,25.137785,0.6991896,0.0019993922,0.4,0.007831012,0.51001227,0.016362382,0.21358462,0.0018832076,0.4,0.0,0.38078374,0.025893508
375316653866487564,2912265560750731136,0.54050016,2212.70753184901,3.0189109581894398,6.3571833E-6,16.00164,0.011521001,0.2554628,0.002332925,0.092897356,0.004881472,0.39168212,0.015652584,0.7556721,0.002304241,0.08938018,0.004133533,0.40663496,0.012961041,null,null,null,null,"TWOGAUSSIANS",8,41.180412,0.7556721,0.002304241,0.4,0.0,0.3881611,0.011283165,0.2554628,0.002332925,0.4,0.0,0.373208,0.016286103
375316653866487564,2912277792819988224,0.46227458,2175.254669725345,0.036917323252343086,2.8151426E-5,14.236738,0.008373532,0.35956433,0.0014899529,0.024267353,0.0047064945,0.35319275,0.12520637,0.84007305,0.018196173,0.09531457,0.059095573,0.06052516,0.019645192,null,null,null,null,"TWOGAUSSIANS",8,44.40537,0.35956433,0.0014899529,0.13589717,0.02635637,0.35318196,0.12523867,0.84007305,0.018196173,0.4,0.060359724,0.06051417,0.019694924
375316653866487564,2912284183732197888,0.47297278,2184.483800066982,4.149277147372059,2.0996285E-5,19.23609,0.015326385,0.24064662,0.009365567,0.08491966,0.014235673,0.21748357,0.031710997,0.72130114,0.0071582235,0.09452499,0.011563749,0.21655954,0.019155245,null,null,null,null,"TWOGAUSSIANS",8,3.0054646,0.24064662,0.009365567,0.4,0.0,0.21090937,0.034617357,0.72130114,0.0071582235,0.4,0.0,0.20998478,0.017351009
375316653866487564,2912299576893852544,0.55690414,2225.183634229875,2.848078990786171,4.9195205E-6,17.605585,0.007214235,0.2451654,0.0015700688,0.04628804,0.0041114595,0.1805673,0.017298335,0.7541514,0.010990822,0.035306722,0.009913189,0.14637807,0.021427719,0.12114186,0.010813117,0.2451654,0.0015700688,"TWOGAUSSIANS_WITH_ELLIPSOIDAL_ON_ECLIPSE1",9,10.090453,0.2451654,0.0015700688,0.25921303,0.023024172,0.42285064,0.011176194,0.7541514,0.010613821,0.19771764,0.05551386,0.3878899,0.014471084
375316653866487564,2912305143169006464,0.45878074,2262.464759421652,2.1923473144492918,2.5580708E-5,17.589573,0.0048056836,0.22379805,0.003920274,0.052138142,0.013736623,0.10127697,0.13207033,0.7680019,0.008154987,0.04960255,0.00642742,0.16976815,0.0087124305,null,null,null,null,"TWOGAUSSIANS",8,3.1822615,0.7680019,0.008154987,0.27777427,0.035993554,0.16976799,0.008712378,0.22379805,0.003920274,0.29197362,0.07692509,0.101276815,0.1320705
375316653866487564,2912314003686113664,0.6235296,2195.1097467007867,4.133685343120919,5.8212236E-6,18.204388,0.014568127,0.26952055,0.001352713,0.05318082,0.0038242447,0.50683796,0.03859494,0.76964,0.0031352337,0.050879467,0.0051280884,0.512234,0.030475264,0.10201517,0.017896935,0.26952055,0.001352713,"TWOGAUSSIANS_WITH_ELLIPSOIDAL_ON_ECLIPSE1",9,4.7439594,0.76964,0.0029744369,0.284925,0.028717294,0.7162533,0.014985997,0.26952055,0.001352713,0.2978126,0.02141577,0.7108574,0.028749824
375316653866487564,2912315481154886016,0.6275971,2158.0070923977987,4.1531681788632495,3.6175136E-6,16.92162,0.008244073,0.23928906,5.9115584E-4,0.049749464,0.002238751,0.34612557,0.01953262,0.7351434,0.0018512803,0.0466651,0.0031450675,0.28179535,0.019170305,0.11600305,0.011467775,0.23928906,5.9115584E-4,"TWOGAUSSIANS_WITH_ELLIPSOIDAL_ON_ECLIPSE1",9,15.845478,0.23928906,5.9115584E-4,0.278597,0.012537004,0.57812995,0.012216024,0.73565346,0.0016006051,0.26132455,0.017612377,0.5136618,0.007910986
375316653866487564,2912318607891414528,0.48235577,2194.8599966112597,4.832938542154732,2.6635993E-5,18.079544,0.23138544,0.22751689,0.0063641276,0.050161745,0.04948207,0.34008703,0.39190796,0.68226254,0.038753748,0.05252887,0.052498747,0.24680915,0.43922204,0.26092663,0.22294952,0.22751689,0.0063641276,"TWOGAUSSIANS_WITH_ELLIPSOIDAL_ON_ECLIPSE1",9,153.06697,0.22751689,0.0063641276,0.28090578,0.23129165,0.8619344,0.120656356,0.69665253,0.021575224,0.29416168,0.23814215,0.7401864,0.09012292
375316653866487564,2912322494839159552,0.5206509,2210.2141130942123,1.882563246504157,4.26987E-5,17.669903,0.0016247246,0.72683066,0.04007123,0.063425235,0.019750457,0.010005185,0.0037821291,0.87920356,0.005351424,0.006660644,0.005619078,0.21679299,0.77754307,null,null,null,null,"TWOGAUSSIANS",8,2.627644,0.87920356,0.005351424,0.037299607,0.031466838,0.21735139,0.77776605,0.72683066,0.04007123,0.35518134,0.084255435,0.010005185,0.0037821291
375316653866487564,2912325685997627136,0.45349666,2184.526702620594,0.6440091681713729,3.0925803E-5,16.70333,0.002252816,0.1840605,0.013824147,0.074315436,0.01876215,0.01055211,0.0027562957,0.65030766,0.0038407422,0.03829937,0.0040234514,0.06291362,0.0042088656,null,null,null,null,"TWOGAUSSIANS",8,3.7761474,0.65030766,0.0038407422,0.21447648,0.022531329,0.06291315,0.0042078355,0.1840605,0.013824147,0.4,0.020721514,0.010551637,0.0027546845
375316653866487564,2912338369038306816,0.64264214,2179.624454452949,0.2427130586642559,3.4768177E-6,15.625314,0.003383714,0.2492727,0.0010353621,0.028680798,9.807901E-4,0.96332383,0.030374344,0.75250566,0.0032199542,0.032860305,0.004083871,0.1397669,0.012139818,0.022684302,0.0050811726,0.2492727,0.0010353621,"TWOGAUSSIANS_WITH_ELLIPSOIDAL_ON_ECLIPSE1",9,40.423927,0.2492727,0.0010353621,0.16061246,0.005492425,1.0086924,0.029821835,0.75250566,0.0032199542,0.18401772,0.022869676,0.1851167,0.010659063
375316653866487564,2912340323246326400,0.45463097,2168.2842322279434,0.0968040540742639,2.5093766E-5,17.609264,0.0025258742,0.72620374,0.016968565,0.011909795,0.005284901,0.4292375,0.24372593,null,null,null,null,null,null,null,null,null,null,"ONEGAUSSIAN",5,16.620478,0.72620374,0.016968565,0.066694856,0.029595446,0.4292375,0.0,null,null,null,null,null,null
375316653866487564,2912360840306944256,0.537989,2176.0211744504163,2.944549744202981,1.2737962E-5,17.712141,0.007651325,0.2819096,0.003998895,0.097061224,0.0052387193,0.19976084,0.008241928,0.77448493,0.003954517,0.08678117,0.0066307276,0.20972535,0.010454755,null,null,null,null,"TWOGAUSSIANS",8,3.3628318,0.77448493,0.003954517,0.4,0.0,0.20068209,0.010953493,0.2819096,0.003998895,0.4,0.0,0.19071686,0.0061729467
375316653866487564,2912380081760405632,0.40310958,2208.1565412126415,0.049693013757876846,2.4257107E-4,15.171183,0.0025878237,0.13918969,0.0035883603,0.029495638,0.009761632,0.12131969,0.24505734,0.8755572,0.03976093,0.028265242,0.03505864,0.13389155,5.4593897,null,null,null,null,"TWOGAUSSIANS",8,321.80865,0.8755572,0.03976093,0.15828535,0.19632839,0.13389155,5.4593897,0.13918969,0.0035883603,0.16517557,0.05466514,0.12131969,0.24505734
375316653866487564,2912385613678086400,0.57967573,2178.1086330168046,3.4847274262214087,7.629466E-6,18.012554,0.01822229,0.22209351,0.0038369626,0.058229726,0.00837165,0.14979059,0.040710773,0.7222653,0.0035181458,0.055450365,0.008528756,0.20772935,0.035968956,0.09203048,0.02197824,0.22209351,0.0038369626,"TWOGAUSSIANS_WITH_ELLIPSOIDAL_ON_ECLIPSE1",9,6.708231,0.7222653,0.0030506286,0.31052205,0.047761034,0.39176705,0.0152536,0.22209351,0.0038369626,0.32608646,0.046881244,0.33382848,0.009381294
375316653866487564,2912388774774431616,0.52553606,2200.3555679525743,3.4858477524725586,1.0777115E-5,17.26397,0.0018366562,0.2520823,0.0018069737,0.07190019,0.0031402754,0.095204115,0.002373631,0.7477682,0.0042498372,0.06274904,0.0044232784,0.10749006,0.009824766,null,null,null,null,"TWOGAUSSIANS",8,2.6533313,0.7477682,0.0042498372,0.35139462,0.02477036,0.107309386,0.00986878,0.2520823,0.0018069737,0.4,0.004128064,0.095023446,0.002364326
375316653866487564,2912399971749810816,0.58098966,2212.493002604531,3.2385214500778687,4.7497774E-6,18.326689,0.007053323,0.2707601,0.0015748432,0.07187758,0.0029970333,0.5036536,0.015978608,0.7721377,0.0017074526,0.07625864,0.0021384708,0.53544974,0.017156824,null,null,null,null,"TWOGAUSSIANS",8,4.941003,0.7721377,0.0017074526,0.4,0.0,0.532067,0.017206293,0.2707601,0.0015748432,0.4,0.0033507054,0.50027084,0.016481733
375316653866487564,2912408115008683520,0.5650517,2205.090827968856,3.7052185779846165,4.5022516E-6,17.27982,0.008753256,0.2280258,0.0018847522,0.044348963,0.0066171708,0.13932943,0.019943267,0.72052705,0.00742814,0.058694087,0.011498082,0.08308546,0.02852864,0.11471274,0.012297363,0.2280258,0.0018847522,"TWOGAUSSIANS_WITH_ELLIPSOIDAL_ON_ECLIPSE1",9,11.285399,0.2280258,0.0018847522,0.2483542,0.037056156,0.36874935,0.008786367,0.723747,0.004272893,0.3286869,0.06438926,0.31221467,0.022475367
375316653866487564,2912410314031936000,0.47811025,2164.827285349969,4.016388885594801,2.2678214E-5,19.279415,0.030935153,0.18264422,0.0070104343,0.03873166,0.0042699976,0.4437986,0.10079342,0.6837993,0.022696756,0.040979944,0.0200071,0.7507342,0.2307894,0.081679426,0.04070157,0.18264422,0.0070104343,"TWOGAUSSIANS_WITH_ELLIPSOIDAL_ON_ECLIPSE1",9,21.107714,0.6837993,0.021457847,0.22948769,0.11203975,0.9140842,0.2562656,0.18264422,0.0070104343,0.2168973,0.023911987,0.6071572,0.059885193
375316653866487564,2912429491064007296,0.5201277,2216.007184480286,3.9334154431293933,8.366452E-6,17.235378,0.008952264,0.17226173,0.002516948,0.07662448,0.0053556585,0.26871428,0.015490564,0.6487415,0.0030684914,0.0833742,0.0066662654,0.20554921,0.008322336,null,null,null,null,"TWOGAUSSIANS",8,14.188802,0.17226173,0.002516948,0.4,0.0,0.26650736,0.015806573,0.6487415,0.0030684914,0.4,0.0,0.20334227,0.007726266
375316653866487564,2912430006460053888,0.65649956,2190.7881288886183,0.7427374726144984,2.3041132E-6,14.472675,0.0026537552,0.22766848,0.01738411,0.019148476,0.016837072,0.041661028,0.026455192,0.7375589,4.5754004E-4,0.028564185,4.3955276E-4,0.7611749,0.006850132,0.007413336,0.0035655024,0.22766848,0.01738411,"TWOGAUSSIANS_WITH_ELLIPSOIDAL_ON_ECLIPSE1",9,44.611183,0.7375589,4.5754004E-4,0.15995944,0.0024614956,0.77594435,0.005182297,0.22766848,0.01738411,0.10723147,0.094287604,0.056487676,0.028471997
375316653866487564,2912430487496385280,0.46236652,2195.470696234609,3.481586029793485,1.8590723E-5,18.392742,0.0067820605,0.11120219,0.0035107727,0.028229358,0.0048114583,0.18134,0.033688456,null,null,null,null,null,null,0.086706325,0.010935261,0.11120219,0.0035107727,"ONEGAUSSIAN_WITH_ELLIPSOIDAL",6,20.760525,0.11120219,0.0035107727,0.15808439,0.026944166,0.35475248,0.028380886,null,null,null,null,null,null
375316653866487564,2912441448252969216,0.5688159,2213.8386391284594,2.68218145206575,6.5432164E-6,14.856957,0.063966185,0.23978488,0.0027293991,0.13698503,0.034274805,0.16118954,0.0594546,0.7267176,0.0030803413,0.1232618,0.017081222,0.20769772,0.060489275,null,null,null,null,"TWOGAUSSIANS",8,15.114415,0.7267176,0.0030803413,0.4,0.0,0.15642802,0.0037011995,0.23996487,0.002700763,0.4,0.0,0.10960503,0.004771222
375316653866487564,2912442410326550144,0.55870676,2210.4137881546144,0.3684201174726232,9.172273E-6,17.595104,0.0026061768,0.34088734,0.020739185,0.10626906,0.022330076,0.022454578,0.0055571436,0.6366322,3.3239447E-4,0.005795664,3.2066664E-4,3.8595655,1.3831928,null,null,null,null,"TWOGAUSSIANS",8,3.9316213,0.6366322,3.3239447E-4,0.03245572,0.0017957332,3.860032,1.3831745,0.34088734,0.020739185,0.4,0.0,0.022453878,0.0055571725
375316653866487564,2912443406755877888,0.5641742,2202.62315565495,0.06564834329671397,7.296813E-5,18.184217,0.0018012061,0.19664924,0.03229866,0.0561212,0.028753612,0.024085492,0.010752249,0.4579165,0.0031932662,0.0040999097,0.0013802019,0.5230549,0.19732063,null,null,null,null,"TWOGAUSSIANS",8,1.6896267,0.4579165,0.0031932662,0.022959493,0.007729131,0.5230553,0.19732109,0.19664924,0.03229866,0.31427872,0.16102022,0.024085492,0.010752249
