Gaia/vari_eclipsing_binary/VariEclipsingBinary_017659-018028.csv
# %ECSV 1.0
# ---
# delimiter: ','
# meta: !!omap
# - RELEASE: Gaia DR3
# - TABLE: vari_eclipsing_binary
# - DESCRIPTION: >
#     This table describes the properties of the eclipsing binaries resulting from the variability analysis. 
# - CITATION: >
#     How to cite and acknowledge Gaia: 
#     https://gea.esac.esa.int/archive/documentation/credits.html 
# - KNOWN_ISSUES: >
#     Known issues: 
#     https://www.cosmos.esa.int/web/gaia-users/known-issues 
# - DOCUMENTATION: >
#     Tutorials and documentation: 
#     https://www.cosmos.esa.int/web/gaia-users/archive 
# datatype:
# - 
#   name: solution_id
#   datatype: int64
#   description: Solution Identifier
#   meta:
#     ucd: meta.version
# - 
#   name: source_id
#   datatype: int64
#   description: Unique source identifier
#   meta:
#     ucd: meta.id;meta.main
# - 
#   name: global_ranking
#   datatype: float32
#   description: Number between 0 (worst) and 1 (best)
#   meta:
#     ucd: stat.param
# - 
#   name: reference_time
#   datatype: float64
#   unit: d
#   description: Reference time used for the geometric model fit
#   meta:
#     ucd: time.epoch
# - 
#   name: frequency
#   datatype: float64
#   unit: d**-1
#   description: Frequency of geometric model of the eclipsing binary light curve
#   meta:
#     ucd: src.orbital
# - 
#   name: frequency_error
#   datatype: float32
#   unit: d**-1
#   description: "Uncertainty of \\texttt{frequency}"
#   meta:
#     ucd: stat.error
# - 
#   name: geom_model_reference_level
#   datatype: float32
#   unit: mag
#   description: Magnitude reference level of geometric model
#   meta:
#     ucd: phot.mag;em.opt
# - 
#   name: geom_model_reference_level_error
#   datatype: float32
#   unit: mag
#   description: "Uncertainty of \\texttt{geomModelReferenceLevel}"
#   meta:
#     ucd: stat.error;phot.mag;em.opt
# - 
#   name: geom_model_gaussian1_phase
#   datatype: float32
#   description: Phase of the Gaussian 1 component
#   meta:
#     ucd: time.phase
# - 
#   name: geom_model_gaussian1_phase_error
#   datatype: float32
#   description: "Uncertainty of \\texttt{geomModelGaussian1Phase}"
#   meta:
#     ucd: stat.error;time.phase
# - 
#   name: geom_model_gaussian1_sigma
#   datatype: float32
#   description: "Standard deviation [phase] of Gaussian 1 component"
#   meta:
#     ucd: stat.stdev
# - 
#   name: geom_model_gaussian1_sigma_error
#   datatype: float32
#   description: "Uncertainty of \\texttt{geomModelGaussian1Sigma}"
#   meta:
#     ucd: stat.error
# - 
#   name: geom_model_gaussian1_depth
#   datatype: float32
#   unit: mag
#   description: Magnitude depth of Gaussian 1 component
#   meta:
#     ucd: src.var.amplitude
# - 
#   name: geom_model_gaussian1_depth_error
#   datatype: float32
#   unit: mag
#   description: "Uncertainty of \\texttt{geomModelGaussian1Depth}"
#   meta:
#     ucd: stat.error;src.var.amplitude
# - 
#   name: geom_model_gaussian2_phase
#   datatype: float32
#   description: Phase of Gaussian 2 component
#   meta:
#     ucd: time.phase
# - 
#   name: geom_model_gaussian2_phase_error
#   datatype: float32
#   description: "Uncertainty of \\texttt{geomModelGaussian2Phase}"
#   meta:
#     ucd: stat.error;time.phase
# - 
#   name: geom_model_gaussian2_sigma
#   datatype: float32
[...]
#   datatype: float32
#   description: "Secondary eclipse: uncertainty of \\texttt{derivedSecondaryEclDuration}"
#   meta:
#     ucd: stat.error;time.duration
# - 
#   name: derived_secondary_ecl_depth
#   datatype: float32
#   unit: mag
#   description: "Secondary eclipse: depth"
#   meta:
#     ucd: src.var.amplitude
# - 
#   name: derived_secondary_ecl_depth_error
#   datatype: float32
#   unit: mag
#   description: "Secondary eclipse: uncertainty of \\texttt{derivedSecondaryEclDepth}"
#   meta:
#     ucd: stat.error;src.var.amplitude
solution_id,source_id,global_ranking,reference_time,frequency,frequency_error,geom_model_reference_level,geom_model_reference_level_error,geom_model_gaussian1_phase,geom_model_gaussian1_phase_error,geom_model_gaussian1_sigma,geom_model_gaussian1_sigma_error,geom_model_gaussian1_depth,geom_model_gaussian1_depth_error,geom_model_gaussian2_phase,geom_model_gaussian2_phase_error,geom_model_gaussian2_sigma,geom_model_gaussian2_sigma_error,geom_model_gaussian2_depth,geom_model_gaussian2_depth_error,geom_model_cosine_half_period_amplitude,geom_model_cosine_half_period_amplitude_error,geom_model_cosine_half_period_phase,geom_model_cosine_half_period_phase_error,model_type,num_model_parameters,reduced_chi2,derived_primary_ecl_phase,derived_primary_ecl_phase_error,derived_primary_ecl_duration,derived_primary_ecl_duration_error,derived_primary_ecl_depth,derived_primary_ecl_depth_error,derived_secondary_ecl_phase,derived_secondary_ecl_phase_error,derived_secondary_ecl_duration,derived_secondary_ecl_duration_error,derived_secondary_ecl_depth,derived_secondary_ecl_depth_error
[from data line 793]
375316653866487564,158256114496653056,0.41919917,2227.180759375947,3.0189334362642124,1.3651529E-4,16.044653,0.009665419,0.3958225,0.04110725,0.03237062,0.06579289,0.025633905,223.77383,0.755608,0.014725154,0.05442488,0.036431737,0.29174414,94.80206,0.006517724,0.008540395,0.755608,0.014725154,"TWOGAUSSIANS_WITH_ELLIPSOIDAL_ON_ECLIPSE2",9,259.83304,0.755608,0.014725154,0.30477932,0.20401773,0.3047721,94.808815,0.3924925,0.04750004,0.18127547,0.36844018,0.03103911,223.77509
375316653866487564,158257725108451456,0.649807,2232.438613027436,0.5543361626640876,9.768969E-6,16.659056,0.0026248954,0.2705475,8.9540123E-4,0.057234135,0.001096487,0.56249434,0.008220706,0.7684576,0.0022119984,0.0715103,0.0027087776,0.14310782,0.0031897076,null,null,null,null,"TWOGAUSSIANS",8,4.23678,0.2705475,8.9540123E-4,0.32051116,0.0061403275,0.5622394,0.008230101,0.7684576,0.0022119984,0.4,0.007566239,0.1428529,0.003156503
375316653866487564,158268101748881024,0.60868984,2265.280699767245,2.480806653098077,1.1250648E-5,18.162945,0.0028326183,0.2831721,0.0022160748,0.041902646,0.005608961,0.04629053,0.015758036,0.7818758,0.0036788539,0.050078772,0.0028903377,0.31272724,0.015529717,0.07907265,0.0047660344,0.2831721,0.0022160748,"TWOGAUSSIANS_WITH_ELLIPSOIDAL_ON_ECLIPSE1",9,1.6358941,0.7819958,0.003277775,0.2804411,0.01618589,0.4708618,0.0152265625,0.2831721,0.0022160748,0.23465483,0.031410184,0.20443462,0.013349847
375316653866487564,158280333815915008,0.46058804,2247.4263430969727,3.965105851071785,1.753984E-4,18.76337,0.07927258,0.18388414,0.020293243,0.15647513,0.05199549,0.14989866,0.08348957,0.6414222,0.012020025,0.110056914,0.02731803,0.23507255,0.06658209,null,null,null,null,"TWOGAUSSIANS",8,4.8038807,0.6414222,0.012020025,0.4,0.0,0.1937521,0.017363204,0.18413414,0.019794572,0.4,0.0,0.10616756,0.024537675
375316653866487564,158283774085964544,0.6059926,2255.026007631365,2.8789161006990653,7.671407E-6,15.768783,0.034763027,0.27057984,0.0013452676,0.063541226,0.008733544,0.28326014,0.065423004,0.77952635,0.0015625788,0.064015456,0.011431118,0.24288046,0.06070277,0.055252302,0.037976574,0.77952635,0.0015625788,"TWOGAUSSIANS_WITH_ELLIPSOIDAL_ON_ECLIPSE2",9,30.362768,0.27156985,8.7536854E-4,0.35583088,0.048907842,0.3932658,0.0126937665,0.77952635,0.0015625788,0.35848656,0.061862487,0.35319647,0.019868925
375316653866487564,158284938020992256,0.5129097,2252.4970435789237,2.822563615234637,3.8449518E-5,18.38749,0.031704895,0.24104764,0.003713478,0.038290065,0.003046981,0.27492663,0.011370254,0.34944767,0.035497684,0.21523114,0.10436949,0.055939343,0.03009915,null,null,null,null,"TWOGAUSSIANS",8,4.5749493,0.24165763,0.0034683445,0.21442436,0.017063092,0.31671727,0.007677526,0.34944767,0.035497684,0.4,0.0,0.053408988,0.014620707
375316653866487564,158286999605302400,0.60729265,2249.5484479361644,4.707607952100481,5.7153466E-6,18.041279,0.0067114728,0.26331633,0.0010411615,0.047094677,0.002410442,0.3034401,0.015462314,0.76798457,0.002275645,0.052248005,0.0030535427,0.25430036,0.016498582,0.106333405,0.009328867,0.26331633,0.0010411615,"TWOGAUSSIANS_WITH_ELLIPSOIDAL_ON_ECLIPSE1",9,2.4183922,0.26331633,0.0010411615,0.2637302,0.013498476,0.5161046,0.0055649895,0.76798457,0.002275645,0.29258883,0.017099839,0.4667819,0.008333788
375316653866487564,158287416218443392,0.59445184,2246.3384126833844,3.5087010338638334,1.0069826E-5,15.580826,0.022783527,0.2506162,0.002308777,0.05255458,0.0050935033,0.4777825,0.06076266,0.76225454,0.0025065332,0.05050374,0.0107729845,0.35516402,0.03154376,0.11729207,0.030544436,0.76225454,0.0025065332,"TWOGAUSSIANS_WITH_ELLIPSOIDAL_ON_ECLIPSE2",9,132.39032,0.2517362,0.0021910241,0.29430565,0.028523618,0.71123075,0.048126414,0.76225454,0.0025065332,0.28282094,0.060328715,0.58974385,0.056022238
375316653866487564,158294833625586048,0.5821513,2229.4713006424154,2.7957526679266396,7.662486E-6,16.105394,0.022703892,0.2219167,0.0017246758,0.05563095,0.0061238566,0.2719793,0.048964716,0.7112018,0.003528057,0.056339435,0.0077672033,0.3576414,0.060922395,0.10005239,0.026986655,0.2219167,0.0017246758,"TWOGAUSSIANS_WITH_ELLIPSOIDAL_ON_ECLIPSE1",9,59.042366,0.7125218,0.0030199566,0.31550083,0.043496337,0.55693233,0.05985418,0.2219167,0.0017246758,0.3115333,0.0342936,0.47206485,0.011257358
375316653866487564,158297479325662336,0.50796604,2235.972086028627,2.8157830267072383,1.6519638E-5,18.10881,0.037824024,0.2727706,0.004122299,0.10804279,0.013901896,0.22039388,0.036084335,0.7728954,0.003641122,0.1252324,0.019270495,0.2088211,0.034370054,null,null,null,null,"TWOGAUSSIANS",8,3.1465132,0.2727706,0.0041484004,0.4,0.0,0.1777062,0.00903322,0.7728954,0.0036409146,0.4,0.0,0.16599895,0.007900502
375316653866487564,158301602494346624,0.54283166,2255.644070845512,2.8385658746537215,1.3733091E-5,18.761738,0.01658347,0.28362098,0.004760742,0.09638053,0.0076413946,0.30487975,0.0153222475,0.78255403,0.0030779531,0.103025384,0.008928474,0.28507945,0.014533438,null,null,null,null,"TWOGAUSSIANS",8,2.3099253,0.28362098,0.004760742,0.4,0.0,0.2798477,0.006793773,0.78255403,0.0030779531,0.4,0.0,0.2600439,0.013964519
375316653866487564,158302530207292416,0.5097174,2230.0588342942474,2.832384156799571,7.5458505E-5,16.043222,0.023828074,0.24059203,0.0069273384,0.09780409,0.01412307,0.19726403,0.022826254,0.74999726,0.011078436,0.08922907,0.0152244475,0.16401736,0.024670694,null,null,null,null,"TWOGAUSSIANS",8,44.870228,0.24059203,0.0069273384,0.4,0.0,0.18842284,0.012223239,0.74999726,0.011080466,0.4,0.0,0.15517706,0.014801882
375316653866487564,158302736365736320,0.59806824,2242.1365920064572,0.14773452634403164,2.7639643E-4,14.922909,0.0033937867,0.23552166,0.0055293953,0.0023749631,0.0019589816,4.5940914,4.254553,null,null,null,null,null,null,0.004852771,0.004000693,0.23552166,0.0055293953,"ONEGAUSSIAN_WITH_ELLIPSOIDAL",6,52.65462,0.23552166,0.0055293953,0.013299794,0.010970297,4.603797,4.2548947,null,null,null,null,null,null
375316653866487564,158326758118623744,0.5941653,2238.871792364992,0.44420487481716553,3.7898117E-5,14.738402,8.019285E-4,0.27490926,0.0076604844,0.016281191,0.00465877,0.23108318,0.05107696,0.77702487,0.007913369,0.019014854,0.00483405,0.14905104,0.07337101,null,null,null,null,"TWOGAUSSIANS",8,19.551804,0.27490926,0.0076604844,0.09117467,0.026089111,0.23108318,0.05107696,0.77702487,0.007913369,0.10648318,0.02707068,0.14905104,0.07337101
375316653866487564,158329399521917312,0.59810865,2252.7159359725956,2.66334579372116,8.501637E-6,18.684702,0.008563951,0.2287263,0.0021986682,0.08828128,0.0038814647,0.39330742,0.017929256,0.7294069,0.001306411,0.08289606,0.002533303,0.43209583,0.00896701,null,null,null,null,"TWOGAUSSIANS",8,1.6370229,0.7294069,0.001306411,0.4,0.0,0.42068228,0.00730258,0.2287263,0.0021986682,0.4,0.0,0.3818938,0.018681187
375316653866487564,158332079583129856,0.47350585,2276.824425115152,3.312529001296684,8.126819E-5,19.500282,0.021729786,0.23237857,0.021589223,0.06333344,0.023046043,0.6295521,0.107864514,0.7140409,0.009410824,0.05750997,0.011193586,0.6147206,0.18003242,null,null,null,null,"TWOGAUSSIANS",8,17.501883,0.23237857,0.021589223,0.35466725,0.11068159,0.62942636,0.10820958,0.7140409,0.009410824,0.32205582,0.06268408,0.6145948,0.18029103
375316653866487564,158334278606721152,0.4404379,2232.2690110501258,2.7045128251039214,4.6354016E-5,18.761068,0.067937225,0.22920318,0.011352376,0.11510974,0.025387364,0.17423858,0.06450701,0.7050767,0.018300736,0.13367042,0.04824222,0.16135369,0.061625406,null,null,null,null,"TWOGAUSSIANS",8,4.5001945,0.22962318,0.010657823,0.4,0.0,0.13842317,0.009026397,0.7050767,0.018300736,0.4,0.0,0.12521696,0.019212397
375316653866487564,158335893514470912,0.53762394,2221.772890596666,2.379517982872685,1.5415075E-5,18.285002,0.017262714,0.19943881,0.0037185175,0.10706746,0.008416686,0.21650441,0.017720383,0.7063965,0.0025661967,0.11282397,0.009697537,0.20809717,0.014723438,null,null,null,null,"TWOGAUSSIANS",8,1.477975,0.19942881,0.0037176628,0.4,0.0,0.18679523,0.007553323,0.70640653,0.0025636805,0.4,0.0,0.17837287,0.007268331
375316653866487564,158336825520887552,0.51798373,2222.577282671113,1.8156690083423783,5.0366256E-5,19.234848,0.0074689784,0.20904893,0.006989034,0.06533096,0.0097599365,0.22069629,0.021975145,0.70977813,0.0112980995,0.059983604,0.022324061,0.35429406,0.14715537,null,null,null,null,"TWOGAUSSIANS",8,1.8704765,0.70977813,0.0112980995,0.33590817,0.070524186,0.35410583,0.14841804,0.20904893,0.006989034,0.36585337,0.054655645,0.22050807,0.022013592
375316653866487564,158341051770080000,0.56207883,2237.4948552224714,3.4778832804936117,2.2572562E-5,18.795671,0.008751585,0.25098637,0.003457876,0.07541418,0.0033153368,0.46691862,0.014544974,0.7532334,0.007647797,0.07552712,0.0070234356,0.46910375,0.04839438,null,null,null,null,"TWOGAUSSIANS",8,4.4994173,0.7532334,0.007647797,0.4,0.001897751,0.46541288,0.04909239,0.25098637,0.003457876,0.4,0.0,0.46322775,0.014169342
375316653866487564,158345449816582272,0.7067349,2252.406094531938,0.5932026621758179,1.5884738E-6,14.201061,0.001059692,0.29786265,1.8742074E-4,0.026127003,5.9852604E-4,0.45930374,0.018228635,0.79774207,3.5696386E-4,0.026618209,4.422565E-4,0.4794738,0.012580283,0.012354778,0.0015394327,0.29786265,1.8742074E-4,"TWOGAUSSIANS_WITH_ELLIPSOIDAL_ON_ECLIPSE1",9,14.9694805,0.79774207,3.5696386E-4,0.14906196,0.0024766366,0.5041833,0.012675092,0.29786265,1.8742074E-4,0.14631121,0.0033517457,0.48401326,0.018427914
375316653866487564,158351772008330240,0.51156783,2225.251314415199,3.4961358263530338,2.0328682E-5,17.557812,0.5322463,0.24103938,0.004905804,0.17590629,0.078496546,0.43340415,0.50705343,0.7453718,0.004964019,0.16279039,0.063150145,0.44033325,0.47452188,null,null,null,null,"TWOGAUSSIANS",8,4.1780176,0.74652183,0.0046014725,0.4,0.0,0.1677934,0.008668522,0.24008939,0.0038720756,0.4,0.0,0.1534691,0.009509991
375316653866487564,158353142102952064,0.6279965,2233.0554609332635,0.8765104012714646,5.517798E-6,18.365664,0.0054467376,0.23139268,0.0033309017,0.034354534,0.0033795822,0.17800583,0.009441021,0.7331756,8.0365146E-4,0.03011512,5.9142604E-4,1.7381163,0.023313161,null,null,null,null,"TWOGAUSSIANS",8,8.101493,0.7331756,8.0365146E-4,0.16864467,0.0033119856,1.7381163,0.023313161,0.23139268,0.0033309017,0.19238539,0.018925661,0.17800583,0.009441021
375316653866487564,158355345421069312,0.5128961,2240.4944148629306,1.1381431870881122,1.7028828E-5,18.009861,0.014635905,0.26914534,0.0057552047,0.100906655,0.015301449,0.113728024,0.013502023,0.7710976,0.0056412322,0.10447191,0.011304173,0.14051072,0.0149455145,null,null,null,null,"TWOGAUSSIANS",8,2.5271397,0.7710976,0.005641075,0.4,0.0,0.12774368,0.0072233505,0.26914534,0.0057611684,0.4,0.0,0.10096291,0.006248989
375316653866487564,158356956033034624,0.5411866,2219.308791160938,0.24390782363365368,6.277227E-5,18.064777,0.009608342,0.6715007,0.027558079,0.083336346,0.020030411,0.056878332,0.013945779,0.8276382,0.0037692527,0.031174986,0.0022790988,0.47538605,0.024465375,null,null,null,null,"TWOGAUSSIANS",8,17.516346,0.8276382,0.0037692527,0.17457992,0.0127629535,0.48521918,0.02472095,0.6715307,0.027763208,0.4,0.0,0.056880035,0.013952892
375316653866487564,158359086336498944,0.5736917,2248.893310782434,0.2759313033803585,1.3907345E-4,18.544807,0.002399407,0.22913557,0.13435206,0.08715031,0.072602145,0.035055272,0.08872224,0.6408165,6.946645E-4,0.016575437,5.969118E-4,0.5344631,0.030732835,null,null,null,null,"TWOGAUSSIANS",8,1.4079177,0.6408165,6.946645E-4,0.092822455,0.0033427062,0.53446364,0.03073219,0.22913557,0.13435206,0.4,0.284533,0.035055265,0.08872237
375316653866487564,158359296790866688,0.5330096,2197.09913199209,3.3299763215874116,1.8728306E-5,19.181126,0.010944617,0.25359935,0.0031692497,0.074566446,0.0043882844,0.36505726,0.019366488,0.74626994,0.0051304367,0.067046724,0.009484285,0.4593417,0.06369048,null,null,null,null,"TWOGAUSSIANS",8,2.146056,0.74626994,0.0051304367,0.37546167,0.03974941,0.45801562,0.06487528,0.25359935,0.0031692497,0.4,0.0,0.3637312,0.01912217
375316653866487564,158381557605565696,0.5904608,2217.408758020175,1.5239773884658439,1.2832208E-5,18.32225,0.003749986,0.2203736,0.004291284,0.048152786,0.0029730026,0.48184335,0.018356705,0.7172224,0.004716125,0.06203859,0.0048338487,0.14655358,0.005846299,null,null,null,null,"TWOGAUSSIANS",8,2.8130727,0.2203736,0.004291284,0.26965562,0.016648814,0.48182902,0.018354025,0.7172224,0.004716125,0.3474161,0.027069554,0.14653923,0.0058396035
375316653866487564,158393858392209024,0.55129135,2223.070877386311,2.5943055133873507,7.956452E-6,18.531832,0.006352784,0.26887503,0.0033757864,0.06377713,0.002551153,0.48738033,0.015957864,0.77097976,0.0020758158,0.077592865,0.0035124803,0.4941921,0.02315803,null,null,null,null,"TWOGAUSSIANS",8,4.4938884,0.77097976,0.0020758158,0.4,0.0,0.49241072,0.023522079,0.26887503,0.0033757864,0.3571519,0.014286457,0.48559895,0.015935391
375316653866487564,158399733907600000,0.62111956,2225.464710497337,2.778158523869161,9.034915E-6,17.861252,0.010447322,0.26243767,0.0015198204,0.045855734,0.0043339683,0.25373718,0.025665332,0.7680516,0.005216337,0.048419897,0.0069623445,0.25611252,0.02659047,0.15084586,0.0148869725,0.26243767,0.0015198204,"TWOGAUSSIANS_WITH_ELLIPSOIDAL_ON_ECLIPSE1",9,4.7458696,0.7680516,0.005216337,0.27115142,0.038989127,0.55742866,0.023375794,0.26243767,0.0015198204,0.2567921,0.024270222,0.5554285,0.010479869
375316653866487564,158407602286516224,0.47147965,2261.213623431429,0.04011977414239875,3.3430893E-5,19.166286,0.018196944,0.3059359,0.0035904166,0.023326883,0.006067155,0.36270124,0.38428217,0.75465894,0.009645564,0.09576171,0.01365346,0.30335277,0.041748885,null,null,null,null,"TWOGAUSSIANS",8,4.967618,0.3059359,0.0035904166,0.13063054,0.033976067,0.3626951,0.3842922,0.75465894,0.009645564,0.4,0.0,0.30334142,0.04174933
375316653866487564,158407984540225152,0.4844307,2219.4004198340954,3.856414662760144,5.1729105E-5,18.886106,0.009587726,0.2404354,0.008674314,0.09986266,0.012496524,0.13320391,0.013191723,0.71583885,0.008694474,0.06948797,0.007694896,0.28046018,0.041610144,null,null,null,null,"TWOGAUSSIANS",8,3.329762,0.71583885,0.008694474,0.38913262,0.03396793,0.27757636,0.042520665,0.2404354,0.008674314,0.4,0.0,0.13031836,0.0129480325
375316653866487564,158410763382461056,0.47235563,2228.4189191240157,1.9196943578463388,3.8636113E-5,19.33146,0.0129488055,0.29593983,0.006822792,0.035823457,0.0054013054,0.3295384,0.028141653,0.86231005,0.032546714,0.039664563,0.014095628,0.079904795,0.031601824,null,null,null,null,"TWOGAUSSIANS",8,9.365444,0.29593983,0.006822792,0.20061135,0.03024731,0.3295384,0.028141653,0.86231005,0.032546714,0.22212157,0.07893551,0.079904795,0.031601824
375316653866487564,158412691824281344,0.49949107,2231.4235432904534,2.711984043372111,2.6051654E-5,18.371351,0.0049801045,0.16486482,0.03410182,0.057902433,0.03008447,0.024662567,0.016181141,0.8399715,0.004082615,0.01537584,0.005028848,0.3415927,0.18665892,null,null,null,null,"TWOGAUSSIANS",8,3.2523203,0.8399715,0.004082615,0.0861047,0.02816155,0.3415927,0.18665892,0.16486482,0.03410182,0.32425362,0.16847304,0.024662567,0.016181141
375316653866487564,158415882983822080,0.544656,2249.4257027316253,3.6588174998069656,1.3510808E-5,19.30979,0.010901193,0.19887236,0.00306802,0.067752145,0.004153263,0.6120933,0.03640782,0.706674,0.004987955,0.07070789,0.004838855,0.50818896,0.022467861,null,null,null,null,"TWOGAUSSIANS",8,2.4867432,0.19887236,0.00306802,0.37941203,0.023258273,0.6107581,0.03673057,0.706674,0.004987955,0.39596418,0.026491927,0.50685376,0.022360632
