Gaia/vari_eclipsing_binary/VariEclipsingBinary_606385-606443.csv
# %ECSV 1.0
# ---
# delimiter: ','
# meta: !!omap
# - RELEASE: Gaia DR3
# - TABLE: vari_eclipsing_binary
# - DESCRIPTION: >
#     This table describes the properties of the eclipsing binaries resulting from the variability analysis. 
# - CITATION: >
#     How to cite and acknowledge Gaia: 
#     https://gea.esac.esa.int/archive/documentation/credits.html 
# - KNOWN_ISSUES: >
#     Known issues: 
#     https://www.cosmos.esa.int/web/gaia-users/known-issues 
# - DOCUMENTATION: >
#     Tutorials and documentation: 
#     https://www.cosmos.esa.int/web/gaia-users/archive 
# datatype:
# - 
#   name: solution_id
#   datatype: int64
#   description: Solution Identifier
#   meta:
#     ucd: meta.version
# - 
#   name: source_id
#   datatype: int64
#   description: Unique source identifier
#   meta:
#     ucd: meta.id;meta.main
# - 
#   name: global_ranking
#   datatype: float32
#   description: Number between 0 (worst) and 1 (best)
#   meta:
#     ucd: stat.param
# - 
#   name: reference_time
#   datatype: float64
#   unit: d
#   description: Reference time used for the geometric model fit
#   meta:
#     ucd: time.epoch
# - 
#   name: frequency
#   datatype: float64
#   unit: d**-1
#   description: Frequency of geometric model of the eclipsing binary light curve
#   meta:
#     ucd: src.orbital
# - 
#   name: frequency_error
#   datatype: float32
#   unit: d**-1
#   description: "Uncertainty of \\texttt{frequency}"
#   meta:
#     ucd: stat.error
# - 
#   name: geom_model_reference_level
#   datatype: float32
#   unit: mag
#   description: Magnitude reference level of geometric model
#   meta:
#     ucd: phot.mag;em.opt
# - 
#   name: geom_model_reference_level_error
#   datatype: float32
#   unit: mag
#   description: "Uncertainty of \\texttt{geomModelReferenceLevel}"
#   meta:
#     ucd: stat.error;phot.mag;em.opt
# - 
#   name: geom_model_gaussian1_phase
#   datatype: float32
#   description: Phase of the Gaussian 1 component
#   meta:
#     ucd: time.phase
# - 
#   name: geom_model_gaussian1_phase_error
#   datatype: float32
#   description: "Uncertainty of \\texttt{geomModelGaussian1Phase}"
#   meta:
#     ucd: stat.error;time.phase
# - 
#   name: geom_model_gaussian1_sigma
#   datatype: float32
#   description: "Standard deviation [phase] of Gaussian 1 component"
#   meta:
#     ucd: stat.stdev
# - 
#   name: geom_model_gaussian1_sigma_error
#   datatype: float32
#   description: "Uncertainty of \\texttt{geomModelGaussian1Sigma}"
#   meta:
#     ucd: stat.error
# - 
#   name: geom_model_gaussian1_depth
#   datatype: float32
#   unit: mag
#   description: Magnitude depth of Gaussian 1 component
#   meta:
#     ucd: src.var.amplitude
# - 
#   name: geom_model_gaussian1_depth_error
#   datatype: float32
#   unit: mag
#   description: "Uncertainty of \\texttt{geomModelGaussian1Depth}"
#   meta:
#     ucd: stat.error;src.var.amplitude
# - 
#   name: geom_model_gaussian2_phase
#   datatype: float32
#   description: Phase of Gaussian 2 component
#   meta:
#     ucd: time.phase
# - 
#   name: geom_model_gaussian2_phase_error
#   datatype: float32
#   description: "Uncertainty of \\texttt{geomModelGaussian2Phase}"
#   meta:
#     ucd: stat.error;time.phase
# - 
#   name: geom_model_gaussian2_sigma
#   datatype: float32
[...]
#   datatype: float32
#   description: "Secondary eclipse: uncertainty of \\texttt{derivedSecondaryEclDuration}"
#   meta:
#     ucd: stat.error;time.duration
# - 
#   name: derived_secondary_ecl_depth
#   datatype: float32
#   unit: mag
#   description: "Secondary eclipse: depth"
#   meta:
#     ucd: src.var.amplitude
# - 
#   name: derived_secondary_ecl_depth_error
#   datatype: float32
#   unit: mag
#   description: "Secondary eclipse: uncertainty of \\texttt{derivedSecondaryEclDepth}"
#   meta:
#     ucd: stat.error;src.var.amplitude
solution_id,source_id,global_ranking,reference_time,frequency,frequency_error,geom_model_reference_level,geom_model_reference_level_error,geom_model_gaussian1_phase,geom_model_gaussian1_phase_error,geom_model_gaussian1_sigma,geom_model_gaussian1_sigma_error,geom_model_gaussian1_depth,geom_model_gaussian1_depth_error,geom_model_gaussian2_phase,geom_model_gaussian2_phase_error,geom_model_gaussian2_sigma,geom_model_gaussian2_sigma_error,geom_model_gaussian2_depth,geom_model_gaussian2_depth_error,geom_model_cosine_half_period_amplitude,geom_model_cosine_half_period_amplitude_error,geom_model_cosine_half_period_phase,geom_model_cosine_half_period_phase_error,model_type,num_model_parameters,reduced_chi2,derived_primary_ecl_phase,derived_primary_ecl_phase_error,derived_primary_ecl_duration,derived_primary_ecl_duration_error,derived_primary_ecl_depth,derived_primary_ecl_depth_error,derived_secondary_ecl_phase,derived_secondary_ecl_phase_error,derived_secondary_ecl_duration,derived_secondary_ecl_duration_error,derived_secondary_ecl_depth,derived_secondary_ecl_depth_error
[from data line 321]
375316653866487564,5334130480039364480,0.5023334,2199.439541510154,0.3111301489067067,2.47681E-5,17.327703,0.0037811766,0.4023996,0.0018784165,0.02799722,0.0021669467,0.508823,0.020455843,0.8124998,0.0063972375,0.01117613,0.0042067626,0.14913842,0.06002167,null,null,null,null,"TWOGAUSSIANS",8,13.5388155,0.4023996,0.0018784165,0.15678443,0.012134901,0.508823,0.020455843,0.8124998,0.0063972375,0.06258633,0.023557872,0.14913842,0.06002167
375316653866487564,5334130651865081344,0.45171994,2190.817959507157,1.0829987402561259,1.0735091E-5,15.37409,0.002332426,0.1155904,0.0044914717,0.04072611,0.0031714195,0.056643736,0.004021445,0.61094016,0.0043896,0.041053124,0.0034952136,0.05336805,0.0053564594,null,null,null,null,"TWOGAUSSIANS",8,32.2858,0.1155904,0.0044914717,0.2280662,0.017759949,0.056643736,0.004021445,0.61094016,0.0043896,0.2298975,0.019573197,0.05336805,0.0053564594
375316653866487564,5334131132901206016,0.6402062,2178.137333981859,3.664388699258936,2.6952532E-6,17.611763,0.008014731,0.264938,0.0011052147,0.046786003,0.0023114544,0.44005355,0.02258532,0.76736903,0.0015047523,0.04360227,0.0030014422,0.38389903,0.022694916,0.13364331,0.011038962,0.264938,0.0011052147,"TWOGAUSSIANS_WITH_ELLIPSOIDAL_ON_ECLIPSE1",9,4.8747897,0.264938,0.0011052147,0.2620016,0.012944144,0.70733976,0.016888423,0.76736903,0.0015047523,0.2441727,0.016808076,0.6511229,0.022684872
375316653866487564,5334131442145682944,0.5296913,2187.522918630507,0.1924916501754221,1.8340845E-5,11.470715,0.0021661585,0.6192802,1.0000169E-4,0.011780038,2.2559693E-4,0.29463235,9.5277897E-4,0.74147516,0.0016709963,0.009887632,0.0024167355,1.0035844,0.5573684,null,null,null,null,"TWOGAUSSIANS",8,213.69612,0.74147516,0.0016709963,0.05537074,0.013533719,1.0035844,0.5573684,0.6192802,1.0000169E-4,0.06596821,0.0012633428,0.29463235,9.5277897E-4
375316653866487564,5334133606802525184,0.5965444,2176.595269189604,2.634930509434461,1.0662169E-5,15.866359,0.038639285,0.25371218,0.0016415565,0.066773266,0.008470262,0.26250583,0.075620055,0.7498104,0.0074580396,0.06080203,0.014238402,0.2710282,0.069725834,0.06881651,0.03856694,0.25371218,0.0016415565,"TWOGAUSSIANS_WITH_ELLIPSOIDAL_ON_ECLIPSE1",9,32.81129,0.75031036,0.0068942662,0.34049138,0.071280606,0.40831193,0.019469649,0.25371218,0.0016415565,0.37393028,0.04097988,0.3998616,0.009957967
375316653866487564,5334133808640505600,0.46168962,2208.734283504151,0.6254217474748945,8.020792E-6,19.149776,0.007246653,0.3157085,0.01903984,0.014326061,0.0064439815,0.5384709,0.39428622,0.60906756,3.9342852E-4,0.0106093185,5.184814E-4,0.2977177,0.011915226,null,null,null,null,"TWOGAUSSIANS",8,1.8282907,0.3157085,0.01903984,0.080225945,0.036086295,0.5384709,0.39428622,0.60906756,3.9342852E-4,0.059412185,0.0029034961,0.2977177,0.011915226
375316653866487564,5334134706287158016,0.4976977,2159.184470841197,2.5330857407073384,1.677441E-5,18.789879,0.07057327,0.19713458,0.005889933,0.10808821,0.024693506,0.2754993,0.06619003,0.70614076,0.0051039043,0.11025582,0.019098539,0.39372522,0.06230841,null,null,null,null,"TWOGAUSSIANS",8,5.621286,0.70615077,0.0051023853,0.4,0.0,0.35029304,0.027430657,0.19711459,0.005890691,0.4,0.0,0.23208255,0.018427217
375316653866487564,5334135737106498816,0.5162725,2196.2754362579126,0.9552523406161528,8.440581E-6,13.572887,6.330859E-4,0.1999866,0.0048914184,0.023708992,0.005316531,0.023973403,0.0013157337,0.89348143,0.02213132,0.05537425,0.009633256,0.0062553408,0.002961013,0.017953226,9.0552017E-4,0.1999866,0.0048914184,"TWOGAUSSIANS_WITH_ELLIPSOIDAL_ON_ECLIPSE1",9,11.863233,0.1999866,0.0048914184,0.13277036,0.029772572,0.059879553,0.0015447407,0.89348143,0.02213132,0.31009582,0.053946238,0.010593982,0.0039279796
375316653866487564,5334136286862443264,0.47172472,2206.805560977716,0.7100135376491016,2.6366384E-5,15.575896,0.0041760067,0.29154015,0.022787264,0.13198325,0.025640808,0.030692223,0.0041916817,0.7470432,0.007077967,0.04836676,0.012312291,0.0834005,0.0073801694,null,null,null,null,"TWOGAUSSIANS",8,20.06271,0.7470432,0.007077967,0.27085385,0.06894883,0.08276498,0.0073860935,0.29154015,0.022787264,0.4,0.0,0.029970983,0.0033241033
375316653866487564,5334136493027361152,0.5072114,2206.0138314996816,0.7820668669667568,3.5559184E-5,19.156275,0.0072779474,0.32518658,0.0055421717,0.057205044,0.007284995,0.37265313,0.035991397,0.82771087,0.0046879267,0.04098721,0.0048564733,0.40662917,0.06625407,null,null,null,null,"TWOGAUSSIANS",8,4.4270616,0.82771087,0.0046879267,0.22952835,0.027196249,0.40662763,0.06625517,0.32518658,0.0055421717,0.32034823,0.04079597,0.37265158,0.035992574
375316653866487564,5334136527380653312,0.59698343,2201.9419567745786,2.744197941906995,3.1490924E-6,15.887763,0.017142735,0.23579685,8.207058E-4,0.049722176,0.003698643,0.36298284,0.038214307,0.7425481,0.004771571,0.04675076,0.0085521145,0.3116254,0.10725955,0.09184471,0.022626864,0.23579685,8.207058E-4,"TWOGAUSSIANS_WITH_ELLIPSOIDAL_ON_ECLIPSE1",9,68.34814,0.23579685,8.207058E-4,0.2784442,0.020712402,0.5466704,0.0154192755,0.7425481,0.004771571,0.26180425,0.04789184,0.49498263,0.10983354
375316653866487564,5334136729213762176,0.4311354,2231.059225447503,1.8044458047013372,1.754632E-5,18.34221,0.006227315,null,null,null,null,null,null,null,null,null,null,null,null,0.09001582,0.010881962,0.34400174,0.006791225,"ELLIPSOIDAL",4,21.861979,null,null,null,null,null,null,null,null,null,null,null,null
375316653866487564,5334136974030423808,0.58010006,2187.823898625785,1.8502684670280831,4.941721E-6,19.178207,0.012160909,0.33231425,0.002349843,0.045282032,0.007900261,0.45791754,0.108307384,0.835182,0.0023764798,0.039997514,0.0029907438,0.37747708,0.02874023,0.12951726,0.01589931,0.33231425,0.002349843,"TWOGAUSSIANS_WITH_ELLIPSOIDAL_ON_ECLIPSE1",9,1.7995459,0.33231425,0.002349843,0.25357938,0.044241462,0.7169514,0.11593844,0.835182,0.0023764798,0.22398607,0.016748166,0.63642687,0.014994995
375316653866487564,5334137695585645568,0.5109259,2173.370425678562,3.1037086751835794,7.728597E-6,19.363441,0.0032557142,0.06727628,2.6162754E-6,0.0042404644,9.790386E-5,0.5059223,0.0028445297,0.27151003,0.07107763,0.07494118,0.052777484,0.03759253,0.10603893,null,null,null,null,"TWOGAUSSIANS",8,1.4858263,0.06727628,2.6162754E-6,0.023746602,5.4826157E-4,0.5068393,0.0032283324,0.27151003,0.07107763,0.4,0.25406763,0.03759253,0.10603893
375316653866487564,5334138069241871872,0.6107557,2182.250301725804,0.5953797257962464,2.6953971E-6,12.925093,0.0028471432,0.7395447,5.608993E-4,0.03828503,8.0352236E-4,0.37237012,0.0068135816,null,null,null,null,null,null,0.078684844,0.0044086804,0.7395447,5.608993E-4,"ONEGAUSSIAN_WITH_ELLIPSOIDAL",6,95.789894,0.7395447,5.608993E-4,0.21439616,0.004499725,0.5297398,0.004057977,null,null,null,null,null,null
375316653866487564,5334138932562427520,0.575862,2206.271323804066,0.5715776011439295,1.16908E-5,16.989626,0.0029177133,0.21326186,0.00303654,0.03607249,0.0049618804,0.17463875,0.027248476,0.71738726,0.0020127331,0.03699672,0.0031664872,0.18116567,0.008532673,0.03595595,0.0042084223,0.21326186,0.00303654,"TWOGAUSSIANS_WITH_ELLIPSOIDAL_ON_ECLIPSE1",9,5.4828815,0.71738726,0.0020127331,0.20718163,0.017732328,0.25302914,0.009263207,0.21326186,0.00303654,0.20200594,0.02778653,0.24655053,0.030410074
375316653866487564,5334139722836498176,0.51815146,2197.95662482758,2.795927476273347,1.5013872E-5,18.058302,0.007755139,0.2861075,0.0073248507,0.08729215,0.008582074,0.19914494,0.011090409,0.7711212,0.0035394588,0.08794682,0.0070567015,0.23158737,0.011327771,null,null,null,null,"TWOGAUSSIANS",8,5.146108,0.7711212,0.0035394588,0.4,0.0,0.22586489,0.012309212,0.2861075,0.0073248507,0.4,0.0,0.1934225,0.010420723
375316653866487564,5334140130826177280,0.46434408,2215.233163741093,1.826632872662933,4.9720835E-5,15.200307,0.0036599357,0.30001438,0.020989085,0.070024066,0.023097225,0.024228187,0.0045019276,0.77704567,0.0050891344,0.030776229,0.005332118,0.09756734,0.012942473,null,null,null,null,"TWOGAUSSIANS",8,50.83775,0.77704567,0.0050891344,0.17234688,0.029859861,0.097567245,0.012942338,0.30001438,0.020989085,0.3921348,0.08752755,0.024228092,0.004501251
375316653866487564,5334140341311543936,0.5802057,2167.4896928018106,0.6960996248760553,6.597216E-5,16.806793,0.006041588,0.25165987,0.0021966065,0.037332173,0.0026484765,0.36794433,0.021070061,0.72752035,0.033072133,0.03063713,0.04085617,0.059771433,388.34982,0.018573482,0.0067248526,0.72752035,0.033072133,"TWOGAUSSIANS_WITH_ELLIPSOIDAL_ON_ECLIPSE2",9,15.625347,0.25139987,0.0021408643,0.20906018,0.014831469,0.40425238,0.017039115,0.72752035,0.033072133,0.17156793,0.22879454,0.09691839,388.34772
375316653866487564,5334140581803511168,0.4878857,2133.114950480677,0.38393920956456373,2.1126172E-5,19.868334,0.0040617515,0.35118726,0.008493818,0.0110697495,0.0055390447,0.31340843,0.051013026,0.8552893,0.00325175,0.0145795895,0.0025527715,0.5487841,0.28888598,null,null,null,null,"TWOGAUSSIANS",8,1.2166412,0.8552893,0.00325175,0.081645705,0.01429552,0.5487841,0.28888598,0.35118726,0.008493818,0.0619906,0.03101865,0.31340843,0.051013026
375316653866487564,5334140616163339520,0.47916767,2135.577215869578,3.319860772127856,2.0287143E-5,19.815414,0.0308082,0.13663153,0.0060951374,0.09931905,0.013880042,0.2874498,0.028270287,0.620949,0.007861111,0.08671553,0.010785169,0.3205758,0.035375416,null,null,null,null,"TWOGAUSSIANS",8,2.3064592,0.620949,0.007861111,0.4,0.0,0.30764595,0.029324366,0.13663153,0.0060951374,0.4,0.0,0.27451763,0.018711127
375316653866487564,5334140714943590528,0.565441,2200.283756132673,0.04953068163002687,1.0259539E-5,17.958752,0.0028879158,0.5100695,1.2177889E-5,9.2735153E-4,8.2088605E-5,0.04952355,0.0028226979,0.81869733,9.231323E-4,0.011726539,0.0015501735,8.121951,14.190269,null,null,null,null,"TWOGAUSSIANS",8,3.8516188,0.81869733,9.231323E-4,0.06566861,0.008680971,8.121951,14.190269,0.5100695,1.2177889E-5,0.0051931688,4.596962E-4,0.04952355,0.0028226979
375316653866487564,5334140787962002688,0.560489,2145.3173175402335,3.437338336771348,7.5545986E-6,18.339537,0.016756881,0.3129742,0.0053938413,0.037577905,0.009879201,0.19288513,0.03308404,0.8090218,0.0052816793,0.046050258,0.0056729587,0.2852871,0.04332811,0.06171793,0.018631676,0.3129742,0.0053938413,"TWOGAUSSIANS_WITH_ELLIPSOIDAL_ON_ECLIPSE1",9,4.4410653,0.8092917,0.004754661,0.25788146,0.031768568,0.40865192,0.030780135,0.3129742,0.0053938413,0.21043627,0.055323526,0.3163209,0.014565457
375316653866487564,5334141131585515776,0.50958836,2178.1632911590236,2.669423209052777,1.372527E-5,16.33878,0.021155594,0.23932163,0.0065039666,0.08639675,0.009856334,0.40221784,0.025510324,0.744593,0.0046003475,0.08299734,0.007840257,0.46991146,0.032035597,null,null,null,null,"TWOGAUSSIANS",8,94.4241,0.744593,0.0046003475,0.4,0.0,0.45976585,0.032021057,0.23932163,0.0065039666,0.4,0.0,0.3920722,0.02324013
375316653866487564,5334141303384613888,0.5425851,2167.9408332596076,0.8530674426603629,1.918268E-5,17.13943,0.0024417057,0.2521645,0.006275374,0.055152673,0.0072309584,0.24039055,0.020953313,0.75497895,0.005729962,0.047447458,0.0068528983,0.07469528,0.00846164,null,null,null,null,"TWOGAUSSIANS",8,7.3273454,0.2521645,0.006275374,0.30885497,0.04049337,0.24038886,0.020954415,0.75497895,0.005729962,0.26570576,0.03837623,0.07469359,0.0084631415
375316653866487564,5334142059298595584,0.49223125,2166.95254398995,1.5286533019811694,2.0782005E-5,15.668614,0.0019060222,null,null,null,null,null,null,null,null,null,null,null,null,0.043897256,0.0031797893,0.21439274,0.004686169,"ELLIPSOIDAL",4,30.218748,null,null,null,null,null,null,null,null,null,null,null,null
375316653866487564,5334142643414279168,0.5418169,2191.0230026272106,0.47686039286264587,8.237173E-6,14.894243,7.046334E-4,0.23816057,0.002111443,0.02385017,0.0027169108,0.034644343,0.006589583,0.73639494,0.0012624522,0.021099618,0.0016052709,0.11198094,0.009666096,0.012941072,0.0011530066,0.23816057,0.002111443,"TWOGAUSSIANS_WITH_ELLIPSOIDAL_ON_ECLIPSE1",9,11.744637,0.73640496,0.001250824,0.11815786,0.008989517,0.13785988,0.009904212,0.23816057,0.002111443,0.13356096,0.015214701,0.060526457,0.0067096455
375316653866487564,5334143571101353216,0.50577486,2196.458917039258,3.2875203491755856,1.6386823E-5,19.445522,0.026770482,0.2563543,0.0071035665,0.08486844,0.0096879825,0.36056367,0.030048698,0.7401841,0.0035861596,0.09515455,0.010903663,0.36173394,0.020369695,null,null,null,null,"TWOGAUSSIANS",8,2.3690376,0.7401841,0.0035861596,0.4,0.0,0.34990996,0.017085264,0.2563543,0.0071035665,0.4,0.0,0.34874067,0.025158778
375316653866487564,5334143669881235200,0.58981436,2220.726431098697,2.8458332823038552,8.760072E-6,18.670418,0.015079187,0.23618816,0.0023316625,0.03455835,0.012528188,0.23501885,0.0280093,0.72830236,0.0052749612,0.04642375,0.0058929655,0.36513022,0.04173445,0.12775172,0.018032134,0.23618816,0.0023316625,"TWOGAUSSIANS_WITH_ELLIPSOIDAL_ON_ECLIPSE1",9,4.534761,0.72914237,0.0046004835,0.25997302,0.033000607,0.620073,0.033997547,0.23618816,0.0023316625,0.19352676,0.07015785,0.49052182,0.026224121
375316653866487564,5334143910399425920,0.5190154,2203.30760000505,0.4848311122693989,4.1479457E-6,18.269644,0.003106455,0.21765536,3.689411E-4,0.021316461,6.0517085E-4,0.2197568,0.008808244,0.7197342,0.0033840938,0.019050155,0.0019052249,0.4719726,0.043562572,null,null,null,null,"TWOGAUSSIANS",8,5.1417136,0.7197342,0.0033840938,0.10668086,0.010669259,0.4719726,0.043562572,0.21765536,3.689411E-4,0.11937218,0.0033889567,0.2197568,0.008808244
375316653866487564,5334146491704506496,0.5609623,2159.2159338300703,0.5661312886681937,9.01338E-6,16.579544,0.0031326336,0.1891678,0.011106056,0.017889569,0.008804919,0.099939905,0.024817953,0.6811045,0.009988491,0.019007847,0.009659549,0.015224065,0.023475727,0.021853605,0.004220302,0.1891678,0.011106056,"TWOGAUSSIANS_WITH_ELLIPSOIDAL_ON_ECLIPSE1",9,2.9734876,0.1891678,0.011106056,0.10018159,0.049307548,0.14364703,0.016908769,0.6817145,0.0093439855,0.10644394,0.054093476,0.058827564,0.021854527
375316653866487564,5334146590463126144,0.459934,2177.810886906226,4.965047869682072,1.7381326E-5,19.595331,0.007826387,0.20258394,8.424148E-4,0.007965942,0.0015382891,0.2563305,0.037526768,0.79097867,0.026282912,0.02382023,0.021035174,0.32443798,7744.787,null,null,null,null,"TWOGAUSSIANS",8,1.6173047,0.79097867,0.026282912,0.13339329,0.11779697,0.32443798,7744.787,0.20258394,8.424148E-4,0.04460927,0.008614419,0.2563305,0.037526768
375316653866487564,5334146663476361984,0.46406087,2235.842201418646,0.02099571699894947,5.922261E-5,18.660337,0.008523689,0.16937093,0.00892685,0.052819952,0.008187585,0.093406156,0.02203803,0.6071683,4.495297E-4,0.013028805,6.171016E-4,0.60524446,0.036287665,null,null,null,null,"TWOGAUSSIANS",8,10.471966,0.6071683,4.495297E-4,0.07296131,0.0034557693,0.60524446,0.036287665,0.16937093,0.00892685,0.29579172,0.045850474,0.093406156,0.02203803
375316653866487564,5334146697862975104,0.51995283,2170.5874504638964,0.6095610730516643,4.3191862E-6,16.59399,0.0010354765,0.8180803,0.002855415,0.019763617,0.0028295352,0.051858205,0.007937175,null,null,null,null,null,null,0.023232905,0.0018551564,0.8180803,0.002855415,"ONEGAUSSIAN_WITH_ELLIPSOIDAL",6,2.761572,0.8180803,0.002855415,0.11067625,0.015845397,0.098324016,0.008124864,null,null,null,null,null,null
375316653866487564,5334147625575870080,0.6166267,2178.870984328327,0.223690014654651,1.5808806E-5,15.96257,8.851011E-4,0.51557195,0.0027513816,0.018317923,0.0022381744,0.20258227,0.014017634,0.69359076,0.0052478053,0.010296036,0.0036228034,0.053604387,0.024625298,null,null,null,null,"TWOGAUSSIANS",8,4.503783,0.51557195,0.0027513816,0.102580376,0.012533777,0.20258227,0.014017634,0.69359076,0.0052478053,0.0576578,0.020287698,0.053604387,0.024625298
