Gaia/vari_eclipsing_binary/VariEclipsingBinary_237297-237433.csv
# %ECSV 1.0
# ---
# delimiter: ','
# meta: !!omap
# - RELEASE: Gaia DR3
# - TABLE: vari_eclipsing_binary
# - DESCRIPTION: >
#     This table describes the properties of the eclipsing binaries resulting from the variability analysis. 
# - CITATION: >
#     How to cite and acknowledge Gaia: 
#     https://gea.esac.esa.int/archive/documentation/credits.html 
# - KNOWN_ISSUES: >
#     Known issues: 
#     https://www.cosmos.esa.int/web/gaia-users/known-issues 
# - DOCUMENTATION: >
#     Tutorials and documentation: 
#     https://www.cosmos.esa.int/web/gaia-users/archive 
# datatype:
# - 
#   name: solution_id
#   datatype: int64
#   description: Solution Identifier
#   meta:
#     ucd: meta.version
# - 
#   name: source_id
#   datatype: int64
#   description: Unique source identifier
#   meta:
#     ucd: meta.id;meta.main
# - 
#   name: global_ranking
#   datatype: float32
#   description: Number between 0 (worst) and 1 (best)
#   meta:
#     ucd: stat.param
# - 
#   name: reference_time
#   datatype: float64
#   unit: d
#   description: Reference time used for the geometric model fit
#   meta:
#     ucd: time.epoch
# - 
#   name: frequency
#   datatype: float64
#   unit: d**-1
#   description: Frequency of geometric model of the eclipsing binary light curve
#   meta:
#     ucd: src.orbital
# - 
#   name: frequency_error
#   datatype: float32
#   unit: d**-1
#   description: "Uncertainty of \\texttt{frequency}"
#   meta:
#     ucd: stat.error
# - 
#   name: geom_model_reference_level
#   datatype: float32
#   unit: mag
#   description: Magnitude reference level of geometric model
#   meta:
#     ucd: phot.mag;em.opt
# - 
#   name: geom_model_reference_level_error
#   datatype: float32
#   unit: mag
#   description: "Uncertainty of \\texttt{geomModelReferenceLevel}"
#   meta:
#     ucd: stat.error;phot.mag;em.opt
# - 
#   name: geom_model_gaussian1_phase
#   datatype: float32
#   description: Phase of the Gaussian 1 component
#   meta:
#     ucd: time.phase
# - 
#   name: geom_model_gaussian1_phase_error
#   datatype: float32
#   description: "Uncertainty of \\texttt{geomModelGaussian1Phase}"
#   meta:
#     ucd: stat.error;time.phase
# - 
#   name: geom_model_gaussian1_sigma
#   datatype: float32
#   description: "Standard deviation [phase] of Gaussian 1 component"
#   meta:
#     ucd: stat.stdev
# - 
#   name: geom_model_gaussian1_sigma_error
#   datatype: float32
#   description: "Uncertainty of \\texttt{geomModelGaussian1Sigma}"
#   meta:
#     ucd: stat.error
# - 
#   name: geom_model_gaussian1_depth
#   datatype: float32
#   unit: mag
#   description: Magnitude depth of Gaussian 1 component
#   meta:
#     ucd: src.var.amplitude
# - 
#   name: geom_model_gaussian1_depth_error
#   datatype: float32
#   unit: mag
#   description: "Uncertainty of \\texttt{geomModelGaussian1Depth}"
#   meta:
#     ucd: stat.error;src.var.amplitude
# - 
#   name: geom_model_gaussian2_phase
#   datatype: float32
#   description: Phase of Gaussian 2 component
#   meta:
#     ucd: time.phase
# - 
#   name: geom_model_gaussian2_phase_error
#   datatype: float32
#   description: "Uncertainty of \\texttt{geomModelGaussian2Phase}"
#   meta:
#     ucd: stat.error;time.phase
# - 
#   name: geom_model_gaussian2_sigma
#   datatype: float32
[...]
#   datatype: float32
#   description: "Secondary eclipse: uncertainty of \\texttt{derivedSecondaryEclDuration}"
#   meta:
#     ucd: stat.error;time.duration
# - 
#   name: derived_secondary_ecl_depth
#   datatype: float32
#   unit: mag
#   description: "Secondary eclipse: depth"
#   meta:
#     ucd: src.var.amplitude
# - 
#   name: derived_secondary_ecl_depth_error
#   datatype: float32
#   unit: mag
#   description: "Secondary eclipse: uncertainty of \\texttt{derivedSecondaryEclDepth}"
#   meta:
#     ucd: stat.error;src.var.amplitude
solution_id,source_id,global_ranking,reference_time,frequency,frequency_error,geom_model_reference_level,geom_model_reference_level_error,geom_model_gaussian1_phase,geom_model_gaussian1_phase_error,geom_model_gaussian1_sigma,geom_model_gaussian1_sigma_error,geom_model_gaussian1_depth,geom_model_gaussian1_depth_error,geom_model_gaussian2_phase,geom_model_gaussian2_phase_error,geom_model_gaussian2_sigma,geom_model_gaussian2_sigma_error,geom_model_gaussian2_depth,geom_model_gaussian2_depth_error,geom_model_cosine_half_period_amplitude,geom_model_cosine_half_period_amplitude_error,geom_model_cosine_half_period_phase,geom_model_cosine_half_period_phase_error,model_type,num_model_parameters,reduced_chi2,derived_primary_ecl_phase,derived_primary_ecl_phase_error,derived_primary_ecl_duration,derived_primary_ecl_duration_error,derived_primary_ecl_depth,derived_primary_ecl_depth_error,derived_secondary_ecl_phase,derived_secondary_ecl_phase_error,derived_secondary_ecl_duration,derived_secondary_ecl_duration_error,derived_secondary_ecl_depth,derived_secondary_ecl_depth_error
[from data line 400]
375316653866487564,2087932350198268800,0.59542143,2231.2402711419245,0.38477978762078585,2.3202747E-5,17.05154,0.004676142,0.7611709,5.73139E-4,0.03509011,0.0011054209,0.72398525,0.017637849,null,null,null,null,null,null,0.028634897,0.006191742,0.7611709,5.73139E-4,"ONEGAUSSIAN_WITH_ELLIPSOIDAL",6,6.9958687,0.7611709,5.73139E-4,0.19650462,0.0061903573,0.781255,0.022789914,null,null,null,null,null,null
375316653866487564,2087933621508538496,0.563877,2218.4062524247215,4.4145787776856285,7.3217143E-6,15.955826,0.46712378,0.27242482,0.0058508352,0.18306617,0.1096523,0.3158822,0.46423844,0.7625083,0.0038380572,0.12974524,0.022227136,0.3849571,0.26759753,null,null,null,null,"TWOGAUSSIANS",8,13.319028,0.7625083,0.0038380572,0.4,0.0,0.22473462,0.007122317,0.27284482,0.0054171854,0.4,0.0,0.1408346,0.0068597035
375316653866487564,2087937121899103744,0.50566655,2212.22652101648,2.723716540415628,3.8369115E-5,19.620646,0.0069104237,0.49811405,0.0027344986,0.028471738,0.003412665,0.52026856,0.064183556,0.7448215,0.061075,0.030639483,0.026484955,0.044073347,0.2626462,null,null,null,null,"TWOGAUSSIANS",8,3.3093586,0.49811405,0.0027344986,0.15944174,0.019110925,0.52026856,0.064183556,0.7448215,0.061075,0.1715811,0.14831576,0.044073347,0.2626462
375316653866487564,2087938981627977728,0.5791615,2246.9307154333073,3.823001985987431,1.96524E-5,15.385534,0.009357232,0.4377338,0.002172729,0.06887637,0.0023933223,0.52913505,0.010896909,0.8152365,0.1420323,0.025649413,0.075230636,0.39047313,0.8740283,null,null,null,null,"TWOGAUSSIANS",8,231.40378,0.4377338,0.0021655802,0.38570765,0.0134026045,0.52913505,0.010939167,0.8152365,0.1420323,0.14363672,0.37266427,0.3904733,0.873669
375316653866487564,2087939767599012736,0.6159714,2211.080246939554,3.7891119179693247,1.4260204E-5,17.50902,0.008481163,0.23751101,0.0022087395,0.04145503,0.0077925753,0.24786161,0.0561482,0.7392688,0.009578812,0.04385946,0.012471684,0.21219918,0.026456356,0.1137573,0.011853005,0.23751101,0.0022087395,"TWOGAUSSIANS_WITH_ELLIPSOIDAL_ON_ECLIPSE1",9,10.318163,0.23751101,0.0022087395,0.23214817,0.04363842,0.4753762,0.052268453,0.7392688,0.008327971,0.24561298,0.06984143,0.439686,0.01889079
375316653866487564,2087940008117236736,0.5241511,2225.782609378359,3.777822573328489,1.7404576E-5,19.587019,0.016691245,0.3028336,0.004631479,0.06358362,0.0064251907,0.48958507,0.052950867,0.7972932,0.0051078363,0.05778971,0.0053898734,0.72273487,0.06879607,null,null,null,null,"TWOGAUSSIANS",8,5.501112,0.7972932,0.0051078363,0.32362238,0.030183291,0.72253394,0.068850935,0.3028336,0.004631479,0.35606828,0.035981067,0.48938417,0.05303073
375316653866487564,2087941043212426240,0.50357795,2251.4201558686195,1.4807760348790564,2.1064447E-5,15.270952,0.007982933,0.3220685,0.013538425,0.027617356,0.009171245,0.36896223,0.06795801,0.8243265,0.020965587,0.02633945,0.009439191,0.2982883,0.17557774,0.019939175,0.012292585,0.3220685,0.013538425,"TWOGAUSSIANS_WITH_ELLIPSOIDAL_ON_ECLIPSE1",9,196.36977,0.3220685,0.013538425,0.1546572,0.051358968,0.4088406,0.060312323,0.8243265,0.02082771,0.14750092,0.05285947,0.33815864,0.1724859
375316653866487564,2087946639546341888,0.5052627,2201.0391395947104,3.2553246769901834,1.4185493E-5,19.689936,0.031971823,0.19970286,0.0042978944,0.085068956,0.012035026,0.39351997,0.026890628,0.7066481,0.020565297,0.09018275,0.018565271,0.40541154,0.053344946,null,null,null,null,"TWOGAUSSIANS",8,2.3194015,0.7066481,0.020565297,0.4,0.0,0.3932363,0.04364136,0.19970286,0.0042978944,0.4,0.0,0.38134488,0.025582992
375316653866487564,2087950217262786944,0.49938557,2227.1807118619,1.3116136277947734,1.5211822E-5,14.570466,0.0024586571,0.7351664,0.004075606,0.018050168,0.015713446,0.004679204,0.028109824,null,null,null,null,null,null,0.08654793,0.0054250467,0.7351664,0.004075606,"ONEGAUSSIAN_WITH_ELLIPSOIDAL",6,208.4766,0.7351664,0.004075606,0.10108094,0.08799529,0.17777485,0.029935569,null,null,null,null,null,null
375316653866487564,2087950492140690176,0.42731458,2217.904356060013,0.8540839334307343,4.967898E-5,18.655321,0.012664023,0.12670122,0.016241215,0.07328316,0.023662657,0.14017522,0.025698232,0.61326736,0.026519276,0.08512267,0.033090875,0.117772415,0.03839051,null,null,null,null,"TWOGAUSSIANS",8,7.615308,0.12670122,0.016241215,0.4,0.039985802,0.13884489,0.02735273,0.61326736,0.026519276,0.4,0.08328064,0.116442084,0.039389953
375316653866487564,2087955543022247424,0.6548065,2247.1682269907838,2.603982300268755,3.4952736E-6,17.22259,0.009366763,0.22703618,7.9915E-4,0.055964332,0.0026337707,0.48929197,0.02359187,0.7302632,0.00213675,0.04782113,0.001951932,0.40771455,0.021876534,0.09603732,0.011736268,0.22703618,7.9915E-4,"TWOGAUSSIANS_WITH_ELLIPSOIDAL_ON_ECLIPSE1",9,6.0161743,0.22703618,7.9915E-4,0.31340027,0.014749116,0.6813433,0.023083463,0.7302632,0.00213675,0.26779833,0.010930819,0.5996869,0.0061159856
375316653866487564,2087957673326311808,0.6318969,2210.939734758338,2.678865872978614,8.775143E-6,14.953526,0.010972793,0.22996898,0.0015604236,0.04283592,0.0032869624,0.26967335,0.02520119,0.7229583,0.0025112296,0.049000137,0.0057111382,0.34143287,0.021771835,0.13126425,0.013884473,0.22996898,0.0015604236,"TWOGAUSSIANS_WITH_ELLIPSOIDAL_ON_ECLIPSE1",9,90.46584,0.72384834,0.0021704955,0.27440077,0.031982373,0.60351664,0.02358449,0.22996898,0.0015604236,0.23988116,0.018406989,0.53220147,0.012343297
375316653866487564,2087959043410122624,0.5938072,2226.16155312824,1.1169096704786998,1.721736E-5,18.231243,0.0037095828,0.26374832,0.004933776,0.025686942,0.01163739,0.13857085,0.015637621,0.765204,0.0014820016,0.02970144,0.002013741,0.45490736,0.024325226,0.020515474,0.0055586915,0.26374832,0.004933776,"TWOGAUSSIANS_WITH_ELLIPSOIDAL_ON_ECLIPSE1",9,2.1533647,0.765204,0.0014815908,0.16632806,0.01127695,0.49593478,0.027290521,0.26374832,0.004933776,0.14384687,0.06516938,0.1796017,0.01591541
375316653866487564,2087959455726665984,0.61202717,2238.2423807784826,1.2744626459167552,1.6810858E-5,17.558834,0.0037978876,0.22780222,0.046751916,0.031813428,0.02835271,0.6185603,83.449524,0.7335515,0.006674463,0.025368039,0.010972781,0.5527659,1.3706342,0.027089193,0.005620529,0.7335515,0.006674463,"TWOGAUSSIANS_WITH_ELLIPSOIDAL_ON_ECLIPSE2",9,2.7343898,0.22784223,0.046748955,0.1781552,0.15877517,0.6726685,83.45182,0.7335515,0.006674463,0.14206101,0.061447576,0.6069443,1.3691134
375316653866487564,2087969454410747136,0.5506095,2292.219843874374,0.8390710759533678,7.3544135E-5,17.808178,0.0013950637,0.34564894,0.013804894,0.026647218,0.02126867,0.047259003,0.029278671,0.7686489,0.021613589,0.025076335,0.022704897,0.19736448,0.16904804,null,null,null,null,"TWOGAUSSIANS",8,0.86142063,0.7686489,0.021613589,0.14042747,0.12714744,0.19736448,0.16904804,0.34564894,0.013804894,0.14922442,0.11910455,0.047259003,0.029278671
375316653866487564,2087970386424042496,0.485656,2259.6476283863817,3.0527507511117475,3.3906064E-5,18.686419,0.031422116,0.2853961,0.008000502,0.12527683,0.026755136,0.12949297,0.02905425,0.7811108,0.008114897,0.10445287,0.02290428,0.12220383,0.029794887,null,null,null,null,"TWOGAUSSIANS",8,1.8560618,0.2853961,0.00799883,0.4,0.0,0.10692692,0.014554565,0.7811108,0.008114897,0.4,0.0,0.09972594,0.007056877
375316653866487564,2087971000599158272,0.6244644,2269.747406422358,3.644024908791829,4.9260816E-5,17.888935,0.0020816487,0.30222997,0.033327956,0.08052552,0.044457562,0.01477355,0.004608308,0.8288988,4.9537954E-7,0.0066237976,2.2036993E-5,2.91396,0.022507932,null,null,null,null,"TWOGAUSSIANS",8,1.458152,0.8288988,4.9537954E-7,0.037093267,1.2340715E-4,2.91396,0.022508614,0.30222997,0.033327956,0.4,0.03854754,0.01477355,0.004607599
375316653866487564,2087972104416218624,0.53649545,2239.600966537281,3.2052392262705056,1.3715205E-5,14.421932,0.015269751,0.2581005,0.0044702133,0.09729374,0.011468023,0.20753278,0.013264362,0.7300213,0.008832933,0.09566234,0.013598626,0.22180785,0.017054422,null,null,null,null,"TWOGAUSSIANS",8,167.93147,0.7300213,0.008832933,0.4,0.0,0.21167117,0.011731624,0.2581005,0.004473585,0.4,0.0,0.1973956,0.0074845557
375316653866487564,2087972512427800832,0.63417804,2234.8302654047397,1.2771303653640245,7.0489355E-6,15.732585,0.0031040215,0.25268146,0.016043067,0.03177448,0.020576445,0.053964037,15.0719385,0.7364623,0.0014341997,0.038230326,0.0012059213,0.60856164,0.017644025,0.012163834,0.003846534,0.25268146,0.016043067,"TWOGAUSSIANS_WITH_ELLIPSOIDAL_ON_ECLIPSE1",9,18.258469,0.73653233,0.0014022227,0.21408983,0.0067531597,0.63263863,0.01898344,0.25268146,0.016043067,0.17793709,0.115228094,0.07829167,15.07219
375316653866487564,2087973444446132352,0.47320047,2206.7541401388426,1.3845758682697096,3.8291506E-5,16.29774,0.004997865,0.2177034,0.009672864,0.07472342,0.043961056,0.03972877,0.073665835,0.718992,0.007107826,0.08822723,0.011232621,0.06598917,0.00772047,null,null,null,null,"TWOGAUSSIANS",8,7.77886,0.718992,0.007107826,0.4,0.0,0.06507255,0.0075049726,0.2177034,0.009672864,0.4,0.2096273,0.038812168,0.07455582
375316653866487564,2087974642731562880,0.5840321,2226.626658550226,2.9314304899538093,1.0565242E-5,17.896767,0.0050336015,0.26300228,0.0045785173,0.080117725,0.0044012317,0.24689844,0.0115964115,0.7580588,0.0025673278,0.07713468,0.0031479863,0.29457465,0.007057496,null,null,null,null,"TWOGAUSSIANS",8,3.5909944,0.7580588,0.0025673278,0.4,0.0,0.2914708,0.0067709982,0.26300228,0.0045785173,0.4,0.0,0.24379459,0.011712615
375316653866487564,2087976979193690112,0.47185093,2245.5590836690653,1.302476159763239,3.5109857E-4,19.27071,0.017092794,0.30993834,0.01090746,0.027692055,0.09198215,0.69883144,0.63377553,null,null,null,null,null,null,null,null,null,null,"ONEGAUSSIAN",5,3.0992684,0.30993834,0.01090746,0.1550755,0.23811936,0.69883144,0.0,null,null,null,null,null,null
375316653866487564,2087978250504139136,0.50813574,2241.6619253499102,3.7558669306527572,1.7316597E-5,19.622952,0.023047023,0.27385446,0.012322513,0.08967742,0.019605517,0.2896464,0.022629153,0.76617825,0.01147198,0.08237291,0.016539482,0.278983,0.047737487,null,null,null,null,"TWOGAUSSIANS",8,2.3915777,0.27385446,0.012322513,0.4,0.0,0.28233472,0.014993192,0.76617825,0.01147198,0.4,3.6040644E-4,0.27167144,0.050645772
375316653866487564,2087980075875768192,0.6284729,2237.9305422867324,2.8922618436368905,6.4631445E-6,17.80574,0.005516964,0.26157606,0.0011777877,0.04639427,0.0026937395,0.19880658,0.015480696,0.76297694,0.0073758746,0.051824283,0.004114231,0.22118258,0.02093099,0.10672875,0.008109454,0.26157606,0.0011777877,"TWOGAUSSIANS_WITH_ELLIPSOIDAL_ON_ECLIPSE1",9,3.5522115,0.76297694,0.0065186825,0.29021597,0.023039695,0.4346217,0.017229928,0.26157606,0.0011777877,0.2598079,0.015084942,0.41226223,0.010717033
375316653866487564,2087981072303856896,0.5303457,2246.4119702119374,3.072018401989596,2.2051438E-5,18.79475,0.04933377,0.22502162,0.0052059046,0.094992876,0.012444395,0.47088775,0.04798981,0.7226486,0.0035992372,0.114845544,0.0130496025,0.47712654,0.046658378,null,null,null,null,"TWOGAUSSIANS",8,5.9038544,0.7226486,0.0035992372,0.4,0.0,0.423405,0.015555715,0.22502162,0.0052244766,0.4,0.0,0.41723865,0.03745558
375316653866487564,2087982373674630400,0.5192342,2236.2142971733238,0.432610035652381,3.1504384E-5,17.581978,0.0059076766,0.44338232,0.0044039385,0.030340647,0.0033340873,0.31857315,0.030413909,0.7641508,0.027064944,0.035923492,0.037714344,0.047777776,0.04226617,null,null,null,null,"TWOGAUSSIANS",8,12.940737,0.44338232,0.0044039385,0.16990763,0.018670889,0.31857315,0.030413909,0.7641508,0.027064944,0.20117155,0.21120033,0.047777776,0.04226617
375316653866487564,2087986844742915712,0.61247903,2258.6196345799167,0.20755195060268666,1.5013246E-5,16.25898,0.0034669978,0.16524173,0.016152985,0.03939185,0.014391564,0.02899155,0.011304573,0.47222376,0.0016257568,0.037835702,0.0012689546,0.8562345,0.041057527,null,null,null,null,"TWOGAUSSIANS",8,29.326138,0.47222376,0.0016257568,0.21187994,0.007106146,0.8562345,0.041057527,0.16524173,0.016152985,0.22059435,0.08059276,0.02899155,0.011304573
375316653866487564,2087987287119806848,0.5814511,2242.062462191788,2.6042629105961588,1.0760049E-5,17.897902,0.012457318,0.26729843,0.006226361,0.10000821,0.007582322,0.34838754,0.020669008,0.76141584,0.0017860982,0.09592414,0.0051785726,0.39945996,0.015042334,null,null,null,null,"TWOGAUSSIANS",8,5.183716,0.76141584,0.0017860982,0.4,0.0,0.37290415,0.017179126,0.26729843,0.006226361,0.4,0.0,0.3218301,0.02338448
375316653866487564,2087991311509029120,0.64643925,2267.7031515884714,2.5702242231957757,6.8041777E-6,16.817114,0.0037980753,0.28103945,0.004848635,0.07877378,0.0035704914,0.47152355,0.01183878,0.7833399,0.0011675678,0.08451069,0.0014362398,0.41761854,0.0060163005,null,null,null,null,"TWOGAUSSIANS",8,5.0571017,0.28103945,0.004848635,0.4,0.0,0.46372768,0.010696607,0.7833399,0.0011675678,0.4,0.0,0.40982264,0.005477002
375316653866487564,2087991552027184128,0.5193654,2260.5389999950085,1.877229852420277,2.2447932E-5,16.185196,0.011687975,0.25092846,0.0072538876,0.051102903,0.013325116,0.3326816,0.10467248,0.7601976,0.00201397,0.03483499,0.0024846517,0.36073372,0.016554004,null,null,null,null,"TWOGAUSSIANS",8,125.109055,0.7601976,0.00201397,0.19507593,0.01391405,0.3607337,0.016553825,0.25092846,0.0072538876,0.28617623,0.07462065,0.33268157,0.10467315
375316653866487564,2087995262878975488,0.46551895,2260.237032872507,0.5272613907619295,4.935152E-5,15.983887,0.0017275126,0.27846932,0.015238203,0.054861657,0.014206945,0.15278043,0.08426081,0.83444107,0.017191753,0.055065267,0.009866309,0.0716543,0.019016592,null,null,null,null,"TWOGAUSSIANS",8,3.5393226,0.27846932,0.015238203,0.3072253,0.079558894,0.15277985,0.08426179,0.83444107,0.017191753,0.3083655,0.055251334,0.071653716,0.019018883
375316653866487564,2087995572116621184,0.519626,2250.9025500201606,0.24294159459636355,6.413981E-5,17.66023,0.004374755,0.4789817,0.03385545,0.12094615,0.018729554,0.03376561,0.007944126,0.8260546,0.0038297877,0.016118232,0.0024839174,0.6174705,0.19476776,null,null,null,null,"TWOGAUSSIANS",8,8.086694,0.8260546,0.0038297877,0.09026209,0.013909938,0.6180073,0.19472851,0.4789817,0.03385545,0.4,0.0,0.03375248,0.007942149
375316653866487564,2087999248608849664,0.51165843,2247.9316821734674,2.906739315069497,1.715381E-5,15.972641,0.080181785,0.30592754,0.005783544,0.0620618,0.019360084,0.20163453,0.16022988,0.7930994,0.009217766,0.054674122,0.039264064,0.16112041,0.13167566,0.071592115,0.085116625,0.30592754,0.005783544,"TWOGAUSSIANS_WITH_ELLIPSOIDAL_ON_ECLIPSE1",9,147.12494,0.30592754,0.005783544,0.3475461,0.084399134,0.34475625,0.028588735,0.79531944,0.0073003923,0.30617508,0.14579089,0.3034742,0.052137908
375316653866487564,2087999416107495168,0.5339366,2224.191522783488,2.663527914320977,1.126634E-5,16.85903,0.009860489,0.19220069,0.0040908055,0.082632214,0.0071797404,0.19922265,0.010684819,0.6946842,0.002772338,0.09896981,0.0052464246,0.28064355,0.012532089,null,null,null,null,"TWOGAUSSIANS",8,11.958454,0.6946842,0.002772338,0.4,0.0,0.27024332,0.01167633,0.19220069,0.0040908055,0.4,0.0,0.18882406,0.009164735
375316653866487564,2088001172744314112,0.48127925,2212.100428840627,3.2768399036423626,2.4357938E-5,18.670052,0.016235208,0.28202346,0.0065391366,0.08342419,0.011145777,0.2320268,0.019778518,0.777104,0.0069310297,0.084562555,0.0145049505,0.17262322,0.015825024,null,null,null,null,"TWOGAUSSIANS",8,6.1439624,0.28202346,0.0065391366,0.4,0.0,0.22766645,0.018597877,0.777104,0.0069310297,0.4,0.0,0.16826285,0.014106255
375316653866487564,2088002164884438016,0.4606431,2198.283716750761,0.5875865059930997,9.0866706E-5,19.907206,0.027153708,0.14494488,0.0877286,0.029876754,0.05242299,0.47056383,0.3609677,0.3999883,0.014590643,0.057520196,0.016945347,0.08906474,0.042672347,null,null,null,null,"TWOGAUSSIANS",8,3.1567438,0.14494488,0.08772908,0.16730982,0.22554044,0.47056863,0.36099374,0.3999883,0.014590643,0.3221131,0.09489394,0.08906474,0.0426717
