Gaia/vari_eclipsing_binary/VariEclipsingBinary_683058-683144.csv
# %ECSV 1.0
# ---
# delimiter: ','
# meta: !!omap
# - RELEASE: Gaia DR3
# - TABLE: vari_eclipsing_binary
# - DESCRIPTION: >
#     This table describes the properties of the eclipsing binaries resulting from the variability analysis. 
# - CITATION: >
#     How to cite and acknowledge Gaia: 
#     https://gea.esac.esa.int/archive/documentation/credits.html 
# - KNOWN_ISSUES: >
#     Known issues: 
#     https://www.cosmos.esa.int/web/gaia-users/known-issues 
# - DOCUMENTATION: >
#     Tutorials and documentation: 
#     https://www.cosmos.esa.int/web/gaia-users/archive 
# datatype:
# - 
#   name: solution_id
#   datatype: int64
#   description: Solution Identifier
#   meta:
#     ucd: meta.version
# - 
#   name: source_id
#   datatype: int64
#   description: Unique source identifier
#   meta:
#     ucd: meta.id;meta.main
# - 
#   name: global_ranking
#   datatype: float32
#   description: Number between 0 (worst) and 1 (best)
#   meta:
#     ucd: stat.param
# - 
#   name: reference_time
#   datatype: float64
#   unit: d
#   description: Reference time used for the geometric model fit
#   meta:
#     ucd: time.epoch
# - 
#   name: frequency
#   datatype: float64
#   unit: d**-1
#   description: Frequency of geometric model of the eclipsing binary light curve
#   meta:
#     ucd: src.orbital
# - 
#   name: frequency_error
#   datatype: float32
#   unit: d**-1
#   description: "Uncertainty of \\texttt{frequency}"
#   meta:
#     ucd: stat.error
# - 
#   name: geom_model_reference_level
#   datatype: float32
#   unit: mag
#   description: Magnitude reference level of geometric model
#   meta:
#     ucd: phot.mag;em.opt
# - 
#   name: geom_model_reference_level_error
#   datatype: float32
#   unit: mag
#   description: "Uncertainty of \\texttt{geomModelReferenceLevel}"
#   meta:
#     ucd: stat.error;phot.mag;em.opt
# - 
#   name: geom_model_gaussian1_phase
#   datatype: float32
#   description: Phase of the Gaussian 1 component
#   meta:
#     ucd: time.phase
# - 
#   name: geom_model_gaussian1_phase_error
#   datatype: float32
#   description: "Uncertainty of \\texttt{geomModelGaussian1Phase}"
#   meta:
#     ucd: stat.error;time.phase
# - 
#   name: geom_model_gaussian1_sigma
#   datatype: float32
#   description: "Standard deviation [phase] of Gaussian 1 component"
#   meta:
#     ucd: stat.stdev
# - 
#   name: geom_model_gaussian1_sigma_error
#   datatype: float32
#   description: "Uncertainty of \\texttt{geomModelGaussian1Sigma}"
#   meta:
#     ucd: stat.error
# - 
#   name: geom_model_gaussian1_depth
#   datatype: float32
#   unit: mag
#   description: Magnitude depth of Gaussian 1 component
#   meta:
#     ucd: src.var.amplitude
# - 
#   name: geom_model_gaussian1_depth_error
#   datatype: float32
#   unit: mag
#   description: "Uncertainty of \\texttt{geomModelGaussian1Depth}"
#   meta:
#     ucd: stat.error;src.var.amplitude
# - 
#   name: geom_model_gaussian2_phase
#   datatype: float32
#   description: Phase of Gaussian 2 component
#   meta:
#     ucd: time.phase
# - 
#   name: geom_model_gaussian2_phase_error
#   datatype: float32
#   description: "Uncertainty of \\texttt{geomModelGaussian2Phase}"
#   meta:
#     ucd: stat.error;time.phase
# - 
#   name: geom_model_gaussian2_sigma
#   datatype: float32
[...]
#   datatype: float32
#   description: "Secondary eclipse: uncertainty of \\texttt{derivedSecondaryEclDuration}"
#   meta:
#     ucd: stat.error;time.duration
# - 
#   name: derived_secondary_ecl_depth
#   datatype: float32
#   unit: mag
#   description: "Secondary eclipse: depth"
#   meta:
#     ucd: src.var.amplitude
# - 
#   name: derived_secondary_ecl_depth_error
#   datatype: float32
#   unit: mag
#   description: "Secondary eclipse: uncertainty of \\texttt{derivedSecondaryEclDepth}"
#   meta:
#     ucd: stat.error;src.var.amplitude
solution_id,source_id,global_ranking,reference_time,frequency,frequency_error,geom_model_reference_level,geom_model_reference_level_error,geom_model_gaussian1_phase,geom_model_gaussian1_phase_error,geom_model_gaussian1_sigma,geom_model_gaussian1_sigma_error,geom_model_gaussian1_depth,geom_model_gaussian1_depth_error,geom_model_gaussian2_phase,geom_model_gaussian2_phase_error,geom_model_gaussian2_sigma,geom_model_gaussian2_sigma_error,geom_model_gaussian2_depth,geom_model_gaussian2_depth_error,geom_model_cosine_half_period_amplitude,geom_model_cosine_half_period_amplitude_error,geom_model_cosine_half_period_phase,geom_model_cosine_half_period_phase_error,model_type,num_model_parameters,reduced_chi2,derived_primary_ecl_phase,derived_primary_ecl_phase_error,derived_primary_ecl_duration,derived_primary_ecl_duration_error,derived_primary_ecl_depth,derived_primary_ecl_depth_error,derived_secondary_ecl_phase,derived_secondary_ecl_phase_error,derived_secondary_ecl_duration,derived_secondary_ecl_duration_error,derived_secondary_ecl_depth,derived_secondary_ecl_depth_error
[from data line 291]
375316653866487564,6008641968470781696,0.5320335,2089.8933752238927,2.433091794076921,1.4929334E-5,16.797157,0.17401597,0.26968473,0.007366209,0.05708528,0.04511219,0.23711818,0.3149229,0.7654087,0.00808226,0.060891345,0.033042476,0.18367113,0.34507763,0.12717009,0.1764957,0.26968473,0.007366209,"TWOGAUSSIANS_WITH_ELLIPSOIDAL_ON_ECLIPSE1",9,102.29673,0.26968473,0.007366209,0.31967756,0.16379452,0.49141127,0.07105006,0.7666387,0.0051282174,0.34099153,0.09701079,0.43783358,0.038326025
375316653866487564,6008642617001893376,0.44119206,2124.7104932457505,2.11318409446594,5.9551407E-5,19.670115,0.024935221,0.24307857,0.020364752,0.07211491,0.015772209,0.13638704,0.041658692,0.75143677,0.001802694,0.078062825,0.016269187,0.2099167,0.016742542,null,null,null,null,"TWOGAUSSIANS",8,5.929563,0.75143677,0.001802694,0.4,0.017256819,0.20880993,0.014917543,0.24307857,0.020364752,0.4,0.06746836,0.13528027,0.040389664
375316653866487564,6008643544706423552,0.52146566,2117.81460308005,3.967281768885929,2.7022115E-5,19.245304,0.011754444,0.19217141,0.0063111437,0.08701486,0.010256118,0.29728493,0.026925484,0.68682075,0.003835446,0.083587356,0.0046322485,0.34898356,0.020516815,null,null,null,null,"TWOGAUSSIANS",8,1.8039107,0.68682075,0.003835446,0.4,0.0,0.34099197,0.019159451,0.19217141,0.0063111437,0.4,0.0,0.28929332,0.030225633
375316653866487564,6008645919840406912,0.5835834,2125.553922309387,3.824570812963425,6.0989664E-6,16.176922,0.026601039,0.19766493,0.001220382,0.06695442,0.0072264313,0.28669798,0.050831966,0.70687777,0.0025936475,0.056342464,0.008235595,0.25651994,0.053366426,0.06322952,0.029930405,0.19766493,0.001220382,"TWOGAUSSIANS_WITH_ELLIPSOIDAL_ON_ECLIPSE1",9,29.341805,0.19766493,0.001220382,0.37494475,0.03862443,0.41289008,0.022868656,0.70687777,0.0025936475,0.31551778,0.046119332,0.38228875,0.0098576825
375316653866487564,6008649836844920448,0.58288,2084.739233322843,1.1496779934970316,5.0322055E-6,16.217041,0.0018955595,0.29784092,0.0010810448,0.041840542,0.0023148002,0.17518565,0.0064543025,0.7912861,0.009091756,0.032495715,0.005556432,0.026814763,0.0048500537,0.010932657,0.0027907572,0.29784092,0.0010810448,"TWOGAUSSIANS_WITH_ELLIPSOIDAL_ON_ECLIPSE1",9,5.574574,0.29784092,0.0010810448,0.23430705,0.012962881,0.19705091,0.0064120954,0.7917061,0.00856465,0.181976,0.031116018,0.048645325,0.002881659
375316653866487564,6008651447444512512,0.48579553,2091.503004635481,0.6626583624513455,1.1481547E-5,17.993587,0.0029835573,0.15214616,0.0024072204,0.031893082,0.0025337844,0.198171,0.029815935,0.6540416,0.0029456888,0.030351454,0.0025012533,0.19297954,0.027933463,null,null,null,null,"TWOGAUSSIANS",8,4.0301538,0.15214616,0.0024072204,0.17860126,0.014189192,0.198171,0.029815935,0.6540416,0.0029456888,0.16996814,0.014007019,0.19297954,0.027933463
375316653866487564,6008651657911084544,0.6610663,2083.197194364815,2.3687161120719322,5.9710683E-6,17.374674,0.009322094,0.23338827,0.0011131539,0.0585235,0.004823245,0.18060675,0.019472905,0.7426818,0.0063508167,0.043671623,0.009162042,0.15835622,0.031530123,0.07758711,0.011335285,0.23338827,0.0011131539,"TWOGAUSSIANS_WITH_ELLIPSOIDAL_ON_ECLIPSE1",9,1.7030447,0.23338827,0.0011131539,0.32773158,0.027010173,0.33576137,0.00554471,0.7426818,0.0063508167,0.24456109,0.051307436,0.31298232,0.02959834
375316653866487564,6008656292167666432,0.5055696,2102.3667783099436,3.2354717504798596,4.268395E-5,17.742882,0.051746942,0.25998822,0.010732521,0.12569633,0.027518366,0.17657214,0.05083919,0.7291403,0.01148366,0.11582671,0.019746006,0.1961039,0.05392728,null,null,null,null,"TWOGAUSSIANS",8,8.381157,0.7291403,0.01148366,0.4,0.0,0.16318524,0.010546798,0.2601382,0.010571946,0.4,0.0,0.14352237,0.009581745
375316653866487564,6008658216313113088,0.60171413,2100.4611950406716,3.451823632804783,7.656776E-6,19.12625,0.013199599,0.20635727,0.0018774803,0.039123274,0.0036160806,0.28886846,0.030986026,0.70556366,0.002698718,0.05618887,0.004282022,0.43212622,0.031126438,0.13661051,0.01599987,0.20635727,0.0018774803,"TWOGAUSSIANS_WITH_ELLIPSOIDAL_ON_ECLIPSE1",9,1.9111178,0.7056737,0.0023726104,0.31465766,0.023979321,0.70531857,0.022364909,0.20635727,0.0018774803,0.21909034,0.020250052,0.5620667,0.014974315
375316653866487564,6008659006591224576,0.5902606,2111.1499721752743,3.448634673662056,1.1634718E-5,18.092167,0.015186026,0.22386938,0.0024895472,0.047282208,0.0033478243,0.35226387,0.03834373,0.7242725,0.0035438712,0.061126802,0.004090971,0.47232187,0.041039396,0.07708415,0.022133887,0.22386938,0.0024895472,"TWOGAUSSIANS_WITH_ELLIPSOIDAL_ON_ECLIPSE1",9,8.301873,0.7242725,0.0033256009,0.3423101,0.022909436,0.6263835,0.02616413,0.22386938,0.0024895472,0.26478037,0.018747816,0.5063265,0.01720708
375316653866487564,6008659968660357888,0.54389536,2101.3101829004167,3.772713081429487,1.3777183E-5,19.105204,0.011705293,0.2556702,0.004885939,0.0704053,0.007365957,0.47133937,0.047800347,0.76221997,0.0019719668,0.0794891,0.0038111946,0.32566306,0.01260055,null,null,null,null,"TWOGAUSSIANS",8,1.9145179,0.2556702,0.004885939,0.39426968,0.019563405,0.46878487,0.048904777,0.76221997,0.0019719668,0.4,0.0,0.32310855,0.011282322
375316653866487564,6008663580740601472,0.59129447,2107.8151686836086,2.152216022604198,2.076177E-5,14.469934,0.114042915,0.23851961,0.009148387,0.06465299,0.024539126,0.17406274,0.2140359,0.7325556,0.0019439756,0.060926747,0.022245757,0.2141902,0.21074915,0.1180571,0.10325139,0.7325556,0.0019439756,"TWOGAUSSIANS_WITH_ELLIPSOIDAL_ON_ECLIPSE2",9,274.52872,0.7325556,0.0019439756,0.34118977,0.07766796,0.45018622,0.020895576,0.23667961,0.0061355396,0.3620567,0.057767406,0.40982977,0.01377164
375316653866487564,6008666295145833600,0.55278724,2099.6314125175513,3.529191393769489,1.0207314E-5,19.666538,0.009340199,0.20848446,0.0023795757,0.07817989,0.0034528505,0.46425906,0.017651483,0.7083109,0.005141455,0.086285956,0.004974023,0.45121348,0.014522533,null,null,null,null,"TWOGAUSSIANS",8,0.95859,0.20848446,0.0023795757,0.4,0.0,0.45529935,0.018092787,0.7083109,0.005141455,0.4,0.0,0.4422537,0.01429222
375316653866487564,6008666909326925568,0.43082583,2093.3844815397483,0.06921214464220093,2.5166293E-5,18.2707,0.00971963,0.20258084,0.013142424,0.12822962,0.035638228,0.11875199,0.03735303,0.7662276,0.0030771934,0.032106463,0.0022464655,0.31333876,0.035887115,null,null,null,null,"TWOGAUSSIANS",8,10.756632,0.7662576,0.0030678222,0.1797962,0.012580208,0.31322655,0.03590659,0.20258084,0.013142424,0.4,0.0,0.118268885,0.038634174
375316653866487564,6008667669549282688,0.60021514,2089.917125292079,2.3030917732447835,6.937079E-6,17.880398,0.0072986977,0.23639338,0.0020902886,0.10034545,0.005427194,0.18347599,0.0067973207,0.7399906,0.002145902,0.08198532,0.003346593,0.25729507,0.007568391,null,null,null,null,"TWOGAUSSIANS",8,1.293316,0.7399906,0.002145902,0.4,0.0,0.2479736,0.006098087,0.23639338,0.0020902886,0.4,0.0,0.174153,0.005241365
375316653866487564,6008668318076757632,0.55072266,2079.2520481090337,3.2531126035418954,1.05102345E-5,19.091734,0.0064613763,0.26021472,0.0033074068,0.079577155,0.0035966297,0.4016555,0.0149000855,0.7650623,0.002426854,0.086386554,0.003749503,0.39806706,0.008255653,null,null,null,null,"TWOGAUSSIANS",8,2.1514127,0.26021472,0.0033074068,0.4,0.0,0.393837,0.015489774,0.7650623,0.002426854,0.4,0.0,0.3902485,0.008117835
375316653866487564,6008674262311613952,0.5470171,2084.129855024323,2.69151220391196,1.0656596E-5,18.826761,0.0053683114,0.219929,0.0023359193,0.08696716,0.0029419276,0.29289827,0.011582218,0.7097973,0.0031825034,0.08352117,0.0035744223,0.34044412,0.015284619,null,null,null,null,"TWOGAUSSIANS",8,1.7265774,0.7097973,0.0031825034,0.4,0.0,0.33327824,0.015779551,0.219929,0.0023359193,0.4,0.0,0.28573233,0.011585673
375316653866487564,6008676804932327552,0.46166384,2102.767705663221,1.4729640924834164,3.676187E-5,19.144035,0.013451354,0.33887222,0.012310752,0.039933037,0.006196756,0.50322825,0.14122573,0.8578085,0.0032642547,0.020519689,0.004011702,0.38733664,0.11306768,null,null,null,null,"TWOGAUSSIANS",8,11.681953,0.33887222,0.012310752,0.22362502,0.03470183,0.50322825,0.14122573,0.8578085,0.0032642547,0.11491026,0.022465529,0.38733664,0.11306768
375316653866487564,6008677801364698880,0.5665179,2096.497341798294,0.737670245237598,5.5280176E-5,18.543024,0.0027440405,0.32297555,0.00703611,0.035799995,0.037898295,0.02672767,0.08566487,0.8194094,0.0072168345,0.016151536,0.0057173735,0.4222726,0.08973762,0.038114227,0.0052527697,0.32297555,0.00703611,"TWOGAUSSIANS_WITH_ELLIPSOIDAL_ON_ECLIPSE1",9,1.9498665,0.8194193,0.0072036013,0.090448596,0.03201729,0.4984629,0.08875538,0.32297555,0.00703611,0.20047997,0.21223044,0.102956094,0.08359441
375316653866487564,6008678802107703296,0.44656488,2125.0018607274733,4.8839298785471605,5.296636E-5,19.050127,0.060912125,0.3095333,0.010191359,0.167363,0.059696767,0.18672489,0.051484615,0.7673076,0.004788834,0.043809716,0.014844953,0.38662222,0.40476802,null,null,null,null,"TWOGAUSSIANS",8,2.443711,0.7673076,0.004788834,0.24533442,0.08313174,0.37900862,0.4116735,0.3095333,0.010191359,0.4,0.0,0.17369735,0.02623283
375316653866487564,6008680172186158720,0.5854533,2068.802401144375,2.0653114211995174,1.31320385E-5,18.38693,0.021046657,0.18113244,0.0032626407,0.11863868,0.011882647,0.23602577,0.019370653,0.66664517,0.0018367408,0.09520222,0.0054679518,0.31524783,0.020166615,null,null,null,null,"TWOGAUSSIANS",8,1.0692836,0.66664517,0.0018367408,0.4,0.0,0.28597862,0.008641965,0.18113244,0.0032626407,0.4,0.0,0.20668347,0.007883795
375316653866487564,6008681138566993408,0.58613133,2114.3583341112558,1.2845271124724722,9.769239E-6,16.590725,0.001905162,0.24979037,0.0024324732,0.06116341,0.0014470043,0.2708942,0.006517606,0.75286984,0.0027899023,0.06934146,0.0029052815,0.17716125,0.0042425385,null,null,null,null,"TWOGAUSSIANS",8,6.474052,0.24979037,0.0024324732,0.3425151,0.0081032235,0.27063894,0.006513009,0.75286984,0.0027899023,0.3883122,0.016269576,0.17690597,0.0042547844
375316653866487564,6008681649654270080,0.5336894,2112.282254429606,2.8455830104417883,1.6306578E-5,17.527569,0.03416029,0.24901076,0.009082113,0.092071146,0.020979948,0.2700765,0.02932565,0.77141064,0.0083768675,0.09787238,0.02067942,0.22676969,0.02959743,null,null,null,null,"TWOGAUSSIANS",8,11.801889,0.24901076,0.009064209,0.4,0.0,0.25885156,0.016571589,0.77141064,0.008381435,0.4,0.0,0.2155435,0.016515572
375316653866487564,6008682341158490496,0.5560411,2173.848989465493,0.01975496667583348,3.0545013E-6,16.08742,0.0018681184,0.2771166,0.0040810863,0.0015682027,0.0010136325,0.61850023,3.2199473,0.84457684,0.083013065,0.071317255,0.055565905,0.02473243,0.15940683,null,null,null,null,"TWOGAUSSIANS",8,19.0137,0.2771166,0.0040810863,0.008781935,0.005676342,0.61850023,3.2199473,0.84457684,0.083013065,0.3993766,0.3070036,0.02473243,0.15940683
375316653866487564,6008683543749360512,0.58970165,2147.872235396014,0.45407219766729356,1.2938354E-5,16.08331,0.0026417254,0.22830005,0.014049122,0.011057099,0.015364163,0.03577912,1.8250648,0.7138331,0.0020017724,0.027207805,0.0013438402,0.28749952,0.014378068,0.018962936,0.0026880924,0.22830005,0.014049122,"TWOGAUSSIANS_WITH_ELLIPSOIDAL_ON_ECLIPSE1",9,6.551892,0.7139431,0.0019614415,0.1523637,0.0075255046,0.32511523,0.01366515,0.22830005,0.014049122,0.061919756,0.08603931,0.07370494,1.8262738
375316653866487564,6008684570236604032,0.51906854,2116.561301680134,2.85328058170596,3.0252713E-5,17.356346,0.01923748,0.3372602,0.0051510353,0.036734663,0.006052155,0.49377018,0.048159413,0.8477395,0.03202254,0.0370103,0.024436973,0.16608794,8.204705,0.043426476,0.028089408,0.8477395,0.03202254,"TWOGAUSSIANS_WITH_ELLIPSOIDAL_ON_ECLIPSE2",9,43.89352,0.33745018,0.0048659956,0.20571412,0.03389207,0.58025396,0.026927456,0.8477395,0.03202254,0.20725769,0.13684705,0.25294083,8.203331
375316653866487564,6008686120719212928,0.5103051,2097.8547742749915,4.220553049417943,2.6858126E-5,19.249834,0.04395309,0.28723833,0.00538867,0.10284642,0.016749352,0.296723,0.040963054,0.78628045,0.008821985,0.091105446,0.019441178,0.26518115,0.042340998,null,null,null,null,"TWOGAUSSIANS",8,2.9512765,0.28723833,0.00538867,0.4,0.0,0.2767247,0.024696236,0.78628045,0.008821985,0.4,0.0,0.24518707,0.018448832
375316653866487564,6008686533036128384,0.46022052,2130.5784252001054,0.10533890906928361,2.2122837E-5,18.956707,0.015215216,0.20130856,0.0037981477,0.021310411,0.0040558255,0.16030277,0.027921882,0.7960564,0.0053277696,0.036024593,0.010596898,0.2920289,0.03781911,0.05727658,0.023906559,0.7960564,0.0053277696,"TWOGAUSSIANS_WITH_ELLIPSOIDAL_ON_ECLIPSE2",9,9.236699,0.7960564,0.0053277696,0.20173772,0.059342634,0.4065821,0.043049887,0.20318857,0.0034725647,0.119338304,0.022712622,0.23946084,0.02818515
375316653866487564,6008686773564781952,0.6112772,2146.4206920898964,1.5204672437509525,1.0030227E-5,15.235685,0.005914856,0.18274394,0.0013640221,0.09391125,0.0036458715,0.14405146,0.005721345,0.6820891,0.003510276,0.10318995,0.006618817,0.13755408,0.0055852,null,null,null,null,"TWOGAUSSIANS",8,7.469878,0.18274394,0.0013640221,0.4,0.0,0.13290223,0.003001856,0.6820891,0.003510276,0.4,0.0,0.12640284,0.0035819532
375316653866487564,6008687632558253952,0.51123947,2128.643819851429,0.08793782123582737,9.607221E-6,18.17274,0.011050615,0.84110844,0.0044979933,0.012071744,0.007020448,0.20459943,0.22244027,0.59420854,0.0013473172,0.009186598,9.3156204E-4,0.49763647,0.05629181,0.0205175,0.020276906,0.59420854,0.0013473172,"TWOGAUSSIANS_WITH_ELLIPSOIDAL_ON_ECLIPSE2",9,20.355652,0.59420854,0.0013473172,0.051444948,0.0052167475,0.53867143,0.0648987,0.8410984,0.00449214,0.06760176,0.03931451,0.20461498,0.22250547
375316653866487564,6008691171599480960,0.4566863,2073.9764238796843,1.4192337675645246,5.3747044E-5,19.56087,0.0066057574,0.43809155,0.01188676,0.05152561,0.015669955,0.33936137,0.18026981,0.80825084,0.0030803885,0.017761322,0.004191459,0.25373504,0.17686383,null,null,null,null,"TWOGAUSSIANS",8,2.636618,0.43809155,0.01188676,0.28854343,0.08775175,0.33936137,0.18026981,0.80825084,0.0030803885,0.099463396,0.023472173,0.25373504,0.17686383
375316653866487564,6008692168043350400,0.6592687,2095.6158977903965,1.6282388038633377,2.2701224E-6,15.6346245,0.0040198877,0.2649986,0.0019765457,0.10657882,0.0051022707,0.15364817,0.004645573,0.7583114,7.4181677E-4,0.08505898,0.0011472604,0.32841218,0.004157277,null,null,null,null,"TWOGAUSSIANS",8,6.0719767,0.7583114,7.4181677E-4,0.4,0.0,0.3156896,0.002532119,0.2649986,0.0019765457,0.4,0.0,0.1409203,0.0053433753
375316653866487564,6008692198093836800,0.52055633,2110.4086366963866,1.512139601470715,2.5185593E-5,19.24101,0.02429356,0.26814914,0.022334676,0.048274904,0.013759566,0.61473227,0.027118366,0.7456581,0.006194786,0.05158066,0.009177697,0.17811583,0.025044266,null,null,null,null,"TWOGAUSSIANS",8,9.105505,0.26814914,0.022334676,0.27033946,0.07705357,0.61473155,0.027116962,0.7456581,0.006194786,0.2888517,0.0513951,0.1781151,0.025038121
375316653866487564,6008692752158873728,0.6435317,2099.503533003374,1.2169764999070383,1.04132905E-5,15.287102,0.0031854515,0.17920746,0.0023784146,0.045813322,0.0060355836,0.054656096,0.007138997,0.68114316,7.607412E-4,0.047349982,0.0016577834,0.18808176,0.007386981,0.020165538,0.004424382,0.17920746,0.0023784146,"TWOGAUSSIANS_WITH_ELLIPSOIDAL_ON_ECLIPSE1",9,8.677166,0.68114316,7.607412E-4,0.2651599,0.009283587,0.22840662,0.0044451007,0.17920746,0.0023784146,0.2565546,0.03379927,0.09498694,0.0026087824
375316653866487564,6008693400684702848,0.5421437,2112.1432666878204,2.630382856355068,2.5162703E-5,17.980862,0.019491414,0.24955963,0.01685985,0.08902913,0.019576598,0.2658951,0.02167082,0.768855,0.003775422,0.09456555,0.009524035,0.24730775,0.019673504,null,null,null,null,"TWOGAUSSIANS",8,6.488248,0.24955963,0.01685985,0.4,0.0,0.25652096,0.016761946,0.768855,0.003775422,0.4,0.0,0.23793305,0.014264009
