Gaia/vari_eclipsing_binary/VariEclipsingBinary_474771-474914.csv
# %ECSV 1.0
# ---
# delimiter: ','
# meta: !!omap
# - RELEASE: Gaia DR3
# - TABLE: vari_eclipsing_binary
# - DESCRIPTION: >
#     This table describes the properties of the eclipsing binaries resulting from the variability analysis. 
# - CITATION: >
#     How to cite and acknowledge Gaia: 
#     https://gea.esac.esa.int/archive/documentation/credits.html 
# - KNOWN_ISSUES: >
#     Known issues: 
#     https://www.cosmos.esa.int/web/gaia-users/known-issues 
# - DOCUMENTATION: >
#     Tutorials and documentation: 
#     https://www.cosmos.esa.int/web/gaia-users/archive 
# datatype:
# - 
#   name: solution_id
#   datatype: int64
#   description: Solution Identifier
#   meta:
#     ucd: meta.version
# - 
#   name: source_id
#   datatype: int64
#   description: Unique source identifier
#   meta:
#     ucd: meta.id;meta.main
# - 
#   name: global_ranking
#   datatype: float32
#   description: Number between 0 (worst) and 1 (best)
#   meta:
#     ucd: stat.param
# - 
#   name: reference_time
#   datatype: float64
#   unit: d
#   description: Reference time used for the geometric model fit
#   meta:
#     ucd: time.epoch
# - 
#   name: frequency
#   datatype: float64
#   unit: d**-1
#   description: Frequency of geometric model of the eclipsing binary light curve
#   meta:
#     ucd: src.orbital
# - 
#   name: frequency_error
#   datatype: float32
#   unit: d**-1
#   description: "Uncertainty of \\texttt{frequency}"
#   meta:
#     ucd: stat.error
# - 
#   name: geom_model_reference_level
#   datatype: float32
#   unit: mag
#   description: Magnitude reference level of geometric model
#   meta:
#     ucd: phot.mag;em.opt
# - 
#   name: geom_model_reference_level_error
#   datatype: float32
#   unit: mag
#   description: "Uncertainty of \\texttt{geomModelReferenceLevel}"
#   meta:
#     ucd: stat.error;phot.mag;em.opt
# - 
#   name: geom_model_gaussian1_phase
#   datatype: float32
#   description: Phase of the Gaussian 1 component
#   meta:
#     ucd: time.phase
# - 
#   name: geom_model_gaussian1_phase_error
#   datatype: float32
#   description: "Uncertainty of \\texttt{geomModelGaussian1Phase}"
#   meta:
#     ucd: stat.error;time.phase
# - 
#   name: geom_model_gaussian1_sigma
#   datatype: float32
#   description: "Standard deviation [phase] of Gaussian 1 component"
#   meta:
#     ucd: stat.stdev
# - 
#   name: geom_model_gaussian1_sigma_error
#   datatype: float32
#   description: "Uncertainty of \\texttt{geomModelGaussian1Sigma}"
#   meta:
#     ucd: stat.error
# - 
#   name: geom_model_gaussian1_depth
#   datatype: float32
#   unit: mag
#   description: Magnitude depth of Gaussian 1 component
#   meta:
#     ucd: src.var.amplitude
# - 
#   name: geom_model_gaussian1_depth_error
#   datatype: float32
#   unit: mag
#   description: "Uncertainty of \\texttt{geomModelGaussian1Depth}"
#   meta:
#     ucd: stat.error;src.var.amplitude
# - 
#   name: geom_model_gaussian2_phase
#   datatype: float32
#   description: Phase of Gaussian 2 component
#   meta:
#     ucd: time.phase
# - 
#   name: geom_model_gaussian2_phase_error
#   datatype: float32
#   description: "Uncertainty of \\texttt{geomModelGaussian2Phase}"
#   meta:
#     ucd: stat.error;time.phase
# - 
#   name: geom_model_gaussian2_sigma
#   datatype: float32
[...]
#   datatype: float32
#   description: "Secondary eclipse: uncertainty of \\texttt{derivedSecondaryEclDuration}"
#   meta:
#     ucd: stat.error;time.duration
# - 
#   name: derived_secondary_ecl_depth
#   datatype: float32
#   unit: mag
#   description: "Secondary eclipse: depth"
#   meta:
#     ucd: src.var.amplitude
# - 
#   name: derived_secondary_ecl_depth_error
#   datatype: float32
#   unit: mag
#   description: "Secondary eclipse: uncertainty of \\texttt{derivedSecondaryEclDepth}"
#   meta:
#     ucd: stat.error;src.var.amplitude
solution_id,source_id,global_ranking,reference_time,frequency,frequency_error,geom_model_reference_level,geom_model_reference_level_error,geom_model_gaussian1_phase,geom_model_gaussian1_phase_error,geom_model_gaussian1_sigma,geom_model_gaussian1_sigma_error,geom_model_gaussian1_depth,geom_model_gaussian1_depth_error,geom_model_gaussian2_phase,geom_model_gaussian2_phase_error,geom_model_gaussian2_sigma,geom_model_gaussian2_sigma_error,geom_model_gaussian2_depth,geom_model_gaussian2_depth_error,geom_model_cosine_half_period_amplitude,geom_model_cosine_half_period_amplitude_error,geom_model_cosine_half_period_phase,geom_model_cosine_half_period_phase_error,model_type,num_model_parameters,reduced_chi2,derived_primary_ecl_phase,derived_primary_ecl_phase_error,derived_primary_ecl_duration,derived_primary_ecl_duration_error,derived_primary_ecl_depth,derived_primary_ecl_depth_error,derived_secondary_ecl_phase,derived_secondary_ecl_phase_error,derived_secondary_ecl_duration,derived_secondary_ecl_duration_error,derived_secondary_ecl_depth,derived_secondary_ecl_depth_error
[from data line 36]
375316653866487564,4176210075880164736,0.52403045,2430.968884426308,0.14181296285951564,3.5132932E-6,18.895353,0.0027066506,0.41353077,0.010641393,0.04462544,0.010269675,0.28133678,0.16948283,0.8557991,0.0010408162,0.008295315,5.832432E-4,0.4615592,0.024678936,null,null,null,null,"TWOGAUSSIANS",8,1.8136015,0.8557991,0.0010408162,0.046453763,0.0032661618,0.4615592,0.024678936,0.41353077,0.010641393,0.24990246,0.057510186,0.28133678,0.16948283
375316653866487564,4176213477492887552,0.50303304,2400.454856040909,2.8117676940450345,2.0362082E-5,18.722048,0.0077822893,0.2750644,0.004614078,0.08934012,0.0073800753,0.25234067,0.013891466,0.75997955,0.0059606116,0.0995883,0.008218513,0.14615266,0.010762997,null,null,null,null,"TWOGAUSSIANS",8,1.9262547,0.2750644,0.004614078,0.4,0.0,0.24322708,0.016670069,0.75997955,0.0059606116,0.4,0.0,0.1370379,0.010151278
375316653866487564,4176213924169580544,0.44673845,2410.2230970415176,0.05175706420722207,5.882987E-6,17.758997,0.0031777115,0.20527259,0.05353972,0.029500572,0.028425122,0.019740362,0.010648647,0.65869963,4.7314434E-6,0.0011880557,2.356487E-5,0.43219584,0.010035694,null,null,null,null,"TWOGAUSSIANS",8,7.548322,0.65869963,4.7314434E-6,0.0066531124,1.3196327E-4,0.43219584,0.010035694,0.20527259,0.05353972,0.1652032,0.15918069,0.019740362,0.010648647
375316653866487564,4176214027248811392,0.5558024,2425.161594278055,2.374635628310842,1.2495489E-5,18.301504,0.023382464,0.26079285,0.0051095067,0.12114746,0.01928782,0.15052553,0.02180878,0.7551082,0.004116039,0.09547997,0.007712707,0.32519308,0.02255491,null,null,null,null,"TWOGAUSSIANS",8,2.7997277,0.7551082,0.004116039,0.4,0.0,0.29846984,0.0075663077,0.26079285,0.0051093926,0.4,0.0,0.123741746,0.005416808
375316653866487564,4176215062340414208,0.66541487,2378.70494215577,0.40156971690491133,2.5561707E-5,16.377153,0.0035850897,0.29002428,0.0046684407,0.029452134,0.010023319,1.0203531,0.2588078,0.7889993,0.0024685003,0.034601297,0.0022656687,0.11656206,0.008787549,0.034204323,0.004875652,0.29002428,0.0046684407,"TWOGAUSSIANS_WITH_ELLIPSOIDAL_ON_ECLIPSE1",9,16.908962,0.29002428,0.0046684407,0.16493195,0.056130588,1.0887618,0.26165614,0.7890493,0.0022811708,0.19376726,0.012687745,0.18496802,0.0038289868
375316653866487564,4176215783895137408,0.595326,2429.1857684376414,1.5779152975213935,2.9103205E-6,16.446344,0.0022219513,0.21391812,0.0049061403,0.06954984,0.006143974,0.09034147,0.0041625225,0.7125,0.0011036582,0.056963157,0.0015211651,0.38427263,0.009723299,null,null,null,null,"TWOGAUSSIANS",8,7.646738,0.7125,0.0011036582,0.3189937,0.0085185245,0.38414168,0.009735663,0.21391812,0.0049061403,0.38947913,0.03301881,0.09021054,0.00417516
375316653866487564,4176217123924947456,0.62796324,2386.323471767687,0.2919657840397047,4.661997E-6,18.387226,0.0052946876,0.24843255,0.012041232,0.025729226,0.021084305,0.17166036,7.5208154E8,0.7583542,3.7148694E-4,0.026187459,9.7146066E-4,1.4683032,0.05586515,0.025193727,0.007410756,0.24843255,0.012041232,"TWOGAUSSIANS_WITH_ELLIPSOIDAL_ON_ECLIPSE1",9,5.140426,0.7583542,3.7148694E-4,0.14664976,0.0054401797,1.5184951,0.058495205,0.24843255,0.012041232,0.14408366,0.11807211,0.22204782,7.5208154E8
375316653866487564,4176217635021714176,0.64659363,2402.6875736138354,3.246724394539427,2.236548E-6,18.013725,0.0101803625,0.23270062,8.454868E-4,0.045960154,0.0014622944,0.59075236,0.025187273,0.7305502,0.0019302326,0.04558795,0.0040927986,0.41598383,0.019832626,0.124605194,0.013545691,0.23270062,8.454868E-4,"TWOGAUSSIANS_WITH_ELLIPSOIDAL_ON_ECLIPSE1",9,3.5637872,0.23270062,8.454868E-4,0.25737688,0.008188848,0.8399619,0.014716631,0.7307402,0.0017823104,0.2552925,0.022919672,0.66515195,0.026597394
375316653866487564,4176223957213721472,0.4336836,2448.8627282726184,0.16524595437974976,1.9189623E-5,17.685904,0.0029167163,0.30959943,0.02681159,0.04290412,0.03632871,0.011149983,0.01990825,0.83211094,0.005404948,0.0027383675,0.0029714885,0.51281494,1009662.7,0.011091516,0.003982933,0.30959943,0.02681159,"TWOGAUSSIANS_WITH_ELLIPSOIDAL_ON_ECLIPSE1",9,9.287826,0.83211094,0.005404948,0.015334859,0.016640337,0.5345571,1009662.7,0.30959943,0.02681159,0.24026307,0.20344079,0.033333015,0.019252565
375316653866487564,4176224060293006848,0.5075707,2435.881925165283,0.8178626951087691,3.4878256E-5,17.58908,0.004401491,0.41036823,0.0013200636,0.01770779,0.0024845013,0.6877436,0.20018314,0.90611964,0.00770202,0.016939493,0.0043278094,0.50183374,0.32253098,null,null,null,null,"TWOGAUSSIANS",8,22.827074,0.41036823,0.0013200636,0.09916362,0.013913207,0.6877436,0.20018314,0.90611964,0.00770202,0.094861165,0.024235733,0.50183374,0.32253098
375316653866487564,4176224816207245440,0.53545666,2441.325839492097,3.8105104681416426,1.3009845E-5,18.305738,0.021668438,0.26264843,0.003785364,0.100206055,0.010078948,0.24532475,0.019751139,0.7521739,0.0034044688,0.113490075,0.010624487,0.2609318,0.019765794,null,null,null,null,"TWOGAUSSIANS",8,2.727416,0.7521739,0.0034044688,0.4,0.0,0.2317583,0.010720234,0.26266846,0.0037936189,0.4,0.0,0.21618341,0.008024285
375316653866487564,4176225984438471936,0.55039483,2468.5775053785123,2.7591253611434947,9.951555E-6,19.354774,0.010729007,0.24865343,0.0020011484,0.0693206,0.0040189894,0.46080825,0.026114915,0.7460187,0.003957443,0.072279714,0.0050809993,0.52838945,0.02138451,null,null,null,null,"TWOGAUSSIANS",8,2.498335,0.7460187,0.003957443,0.4,0.0057466915,0.526575,0.021594401,0.24865343,0.0020011484,0.38819534,0.02250634,0.45899385,0.026316607
375316653866487564,4176226091816751488,0.5933739,2435.587136336111,1.9066940637643435,6.575187E-6,17.08363,0.005598916,0.29593056,0.0016431505,0.0872656,0.0027957603,0.38218534,0.0074904743,0.7978787,0.0025423751,0.09324409,0.00337404,0.22761619,0.0068117385,null,null,null,null,"TWOGAUSSIANS",8,6.1471257,0.29593056,0.0016431505,0.4,0.0,0.3700242,0.0076137176,0.7978787,0.0025423751,0.4,0.0,0.21545486,0.0055997204
375316653866487564,4176226194890313728,0.5473261,2432.6117662026895,3.052149321011333,1.2488829E-5,19.297472,0.010739991,0.21540232,0.002369472,0.082089186,0.004150952,0.4691847,0.01265708,0.7073315,0.0060270745,0.08513382,0.0057624476,0.47096914,0.021656845,null,null,null,null,"TWOGAUSSIANS",8,2.0599566,0.7073315,0.0060270745,0.4,0.0,0.46166512,0.02094096,0.21540232,0.002369472,0.4,0.0,0.4598807,0.012037686
375316653866487564,4176227187028792192,0.5095959,2367.718716661999,2.7123375626885506,2.192699E-5,19.083286,0.020306729,0.278944,0.008390362,0.09859582,0.015892657,0.22657573,0.020906627,0.7789749,0.0037185296,0.088461444,0.009136231,0.24406233,0.019417187,null,null,null,null,"TWOGAUSSIANS",8,2.5614572,0.7789749,0.0037185296,0.4,0.0,0.2309136,0.010721687,0.278944,0.008390362,0.4,0.0,0.21342586,0.013148695
375316653866487564,4176228149101573120,0.52369833,2390.878342233452,0.4931770984985876,1.5344995E-5,18.530964,0.0055536204,0.22394508,0.0058213496,0.05246389,0.006703382,0.24293135,0.033351846,0.72636193,0.004245064,0.062029377,0.007785884,0.11837009,0.008437973,null,null,null,null,"TWOGAUSSIANS",8,1.8442658,0.22394508,0.0058213496,0.2937978,0.03753894,0.24290986,0.03339589,0.72636193,0.004245064,0.34736452,0.043600954,0.118348606,0.008433276
375316653866487564,4176233169922643072,0.57489294,2390.937352201226,3.153479927509493,7.8362345E-6,18.703222,0.010265687,0.17979339,0.0034654536,0.07755489,0.0037368715,0.43692318,0.010298803,0.68008614,0.0018627673,0.080809064,0.003121012,0.50029457,0.014737021,null,null,null,null,"TWOGAUSSIANS",8,2.8887694,0.68008614,0.0018627673,0.4,0.0,0.49392444,0.014475164,0.17979339,0.0034654536,0.4,0.0,0.43055302,0.009292716
375316653866487564,4176233612300287744,0.5828422,2383.2377087723835,4.307378860916437,8.410169E-6,17.689373,0.005702752,0.2589705,0.002041681,0.04735008,0.00626596,0.07884824,0.018214647,0.74666095,0.0036252216,0.03869289,0.012578783,0.12720236,0.018289767,0.10076739,0.007230833,0.2589705,0.002041681,"TWOGAUSSIANS_WITH_ELLIPSOIDAL_ON_ECLIPSE1",9,4.6600137,0.74860096,0.0038270836,0.21668018,0.07044119,0.32772297,0.02588828,0.2589705,0.002041681,0.26516044,0.035089377,0.28038293,0.013263577
375316653866487564,4176236120561233792,0.5349256,2434.8234192165164,3.205188558148189,1.3753809E-5,18.992231,0.009651107,0.25968185,0.0043968675,0.08903045,0.005936899,0.4029878,0.014985721,0.75784916,0.0037961216,0.081313804,0.005383299,0.45426193,0.0141877625,null,null,null,null,"TWOGAUSSIANS",8,3.902951,0.75784916,0.0037961216,0.4,0.0,0.44314963,0.013955087,0.25968185,0.0043968675,0.4,0.0,0.3918754,0.015703881
375316653866487564,4176239075498899712,0.6151795,2420.132251407679,0.6469350012629139,1.7793018E-5,18.382565,0.0047087767,0.21587802,0.013347565,0.024197496,0.0065904832,0.08194853,0.08063674,0.70733553,3.6308987E-4,0.030320201,5.5756466E-4,1.0165813,0.022525193,0.01942949,0.006533569,0.21587802,0.013347565,"TWOGAUSSIANS_WITH_ELLIPSOIDAL_ON_ECLIPSE1",9,4.0973105,0.70735556,3.575105E-4,0.16979313,0.0031223623,1.0553287,0.022638625,0.21587802,0.013347565,0.13550597,0.036906704,0.1208075,0.0796046
375316653866487564,4176243061226320640,0.64733845,2425.8660748139087,1.6755993354735426,3.9749525E-6,13.445749,0.00585859,0.25884593,6.5171305E-4,0.04766904,0.0027966695,0.16215393,0.012844394,0.7637112,0.0055890917,0.056118265,0.0064375205,0.14219955,0.013503069,0.101142146,0.0077908034,0.25884593,6.5171305E-4,"TWOGAUSSIANS_WITH_ELLIPSOIDAL_ON_ECLIPSE1",9,89.296646,0.25884593,6.5171305E-4,0.2669466,0.01566135,0.36443254,0.004628421,0.7637112,0.0055890917,0.31426227,0.036050115,0.34428918,0.006290034
375316653866487564,4176245401982139392,0.42727438,2403.299446407571,1.9472582235281162,1.455369E-4,19.328152,0.0558996,0.25615343,0.012558911,0.11206166,0.024735799,0.32697377,0.05225571,0.790102,0.02747823,0.072108075,0.03835274,0.5017411,0.6029702,null,null,null,null,"TWOGAUSSIANS",8,6.4965086,0.79012203,0.02748834,0.4,0.19087002,0.4906414,0.6139027,0.25615343,0.012558911,0.4,0.0,0.3158128,0.04030638
375316653866487564,4176247188688484864,0.5796083,2346.776620288623,2.917032051929389,1.0679833E-5,16.959644,0.011549892,0.24040684,0.0031179925,0.04439,0.0068982015,0.15059185,0.026164068,0.7355957,0.004688176,0.054182228,0.008592981,0.21125966,0.022434015,0.059934534,0.014225673,0.24040684,0.0031179925,"TWOGAUSSIANS_WITH_ELLIPSOIDAL_ON_ECLIPSE1",9,11.676901,0.7361557,0.004042459,0.30342045,0.048120692,0.33102766,0.012904835,0.24040684,0.0031179925,0.248584,0.038629927,0.2704566,0.007354948
375316653866487564,4176250208050607488,0.60654587,2335.0231095418576,2.20024298455923,6.909761E-6,16.601551,0.0063893874,0.28673118,0.0015220179,0.032449353,0.0038115936,0.28381786,0.05465095,0.78360754,0.017245043,0.04124487,0.012463666,0.15623155,0.025242802,0.14454082,0.008274837,0.28673118,0.0015220179,"TWOGAUSSIANS_WITH_ELLIPSOIDAL_ON_ECLIPSE1",9,16.759775,0.28673118,0.0015220179,0.18171638,0.021344924,0.57289904,0.06044152,0.78422755,0.014146933,0.23097126,0.069796525,0.44522354,0.016019037
375316653866487564,4176250723446747776,0.5561892,2368.5243471714966,2.5722115366991294,6.5389854E-6,18.506123,0.007986542,0.25853914,0.0014911304,0.041075498,0.0053709857,0.22795686,0.024760209,0.7729717,0.011987732,0.04850592,0.008796259,0.106795356,0.02631416,0.13627361,0.010108958,0.25853914,0.0014911304,"TWOGAUSSIANS_WITH_ELLIPSOIDAL_ON_ECLIPSE1",9,2.4524133,0.25853914,0.0014911304,0.23002279,0.030077519,0.500504,0.03090219,0.7729717,0.011987732,0.27163315,0.049259048,0.37710744,0.021426806
375316653866487564,4176250723450014336,0.56556916,2344.494163495277,3.3739114546322173,9.484703E-6,18.971315,0.008147764,0.23955269,0.0028743607,0.04612502,0.005407737,0.3008917,0.032579172,0.72644985,0.009727784,0.04545377,0.0076009654,0.19366845,0.027419461,0.12447111,0.0107467035,0.23955269,0.0028743607,"TWOGAUSSIANS_WITH_ELLIPSOIDAL_ON_ECLIPSE1",9,3.1059992,0.23955269,0.0028743607,0.2583001,0.030283328,0.54983354,0.023754343,0.72871983,0.007492959,0.2545411,0.042565405,0.4412174,0.023508562
375316653866487564,4176251891677925376,0.495835,2351.907983557222,3.2071555986695675,5.5857563E-6,18.824581,0.0026352864,0.4578682,0.0044445875,0.030363305,0.0049210493,0.13586079,0.031279597,0.35073042,0.018454324,0.07179359,0.014368062,0.12927605,0.017405462,null,null,null,null,"TWOGAUSSIANS",8,1.6569444,0.4512982,0.0055162385,0.17003451,0.027557876,0.18118228,0.007657193,0.35218042,0.01956536,0.4,0.06499484,0.1295675,0.017379075
375316653866487564,4176254880976139904,0.52546716,2360.356324942085,3.3681185958060667,9.702111E-6,18.86854,0.024593554,0.28433096,0.004960922,0.092221685,0.0075687813,0.42617157,0.025650417,0.7777123,0.0042599933,0.09554201,0.00791565,0.4484047,0.024568357,null,null,null,null,"TWOGAUSSIANS",8,4.590957,0.7777123,0.0042599933,0.4,0.0,0.4254473,0.019818623,0.28433096,0.004960922,0.4,0.0,0.40321484,0.019154593
375316653866487564,4176258316949059584,0.5798155,2357.4835786172493,3.923225742416388,9.7405555E-6,19.219185,0.017559577,0.23212692,0.001478111,0.048168167,0.005054769,0.3810754,0.044247966,0.7315297,9.571862E-4,0.04502436,0.004258884,0.32090023,0.043679755,0.13884838,0.026902212,0.23212692,0.001478111,"TWOGAUSSIANS_WITH_ELLIPSOIDAL_ON_ECLIPSE1",9,2.858827,0.23212692,0.001478111,0.26974174,0.028306708,0.65877134,0.0277356,0.7315997,7.503086E-4,0.25213644,0.023849752,0.5985927,0.02087639
375316653866487564,4176263303411225472,0.42635283,2321.043712936478,1.7672177992125662,4.2295003E-5,17.858685,0.55817574,0.2170071,0.017178752,0.107822426,0.020267377,0.3038983,0.17459975,0.74416757,0.0116837295,0.22961222,0.20324437,0.33297613,0.5385311,null,null,null,null,"TWOGAUSSIANS",8,24.972132,0.2114971,0.01451933,0.4,0.0,0.19057903,0.035835676,0.7442876,0.011521474,0.4,0.0,0.15557832,0.027827673
375316653866487564,4176277493983184000,0.53621566,2344.356513208912,2.901726132998169,8.952349E-6,16.21846,0.022332603,0.27572215,0.002894118,0.09940085,0.0075071906,0.3331105,0.021486098,0.7714557,0.0021290018,0.10749412,0.008587131,0.30676576,0.018963825,null,null,null,null,"TWOGAUSSIANS",8,33.74249,0.27572215,0.0028954425,0.4,0.0,0.30042896,0.0076437606,0.7714557,0.0021290018,0.4,0.0,0.27407393,0.0105077205
375316653866487564,4176279967884537472,0.6545754,2385.827724360551,1.361768970805559,3.2818527E-6,14.738552,0.0027568573,0.23014903,9.3054725E-4,0.102572456,0.0018656353,0.18453144,0.002933297,0.72780836,6.8871997E-4,0.09192537,0.0014851572,0.19893312,0.0026448932,null,null,null,null,"TWOGAUSSIANS",8,5.7473054,0.72780836,6.8871997E-4,0.4,0.0,0.18535087,0.0016208962,0.23014903,9.3054725E-4,0.4,0.0,0.17094676,0.0023141454
375316653866487564,4176280478981412352,0.5870504,2387.7186057463764,1.601263346984803,6.61245E-6,15.725855,0.007680572,0.25508875,0.0014683933,0.09431947,0.003356522,0.25795355,0.0071592275,0.7608654,0.0052438304,0.110064894,0.007991122,0.14771487,0.00902679,null,null,null,null,"TWOGAUSSIANS",8,13.520714,0.25508875,0.00146716,0.4,0.0,0.24034934,0.0038359256,0.7608654,0.0052438304,0.4,0.0,0.13010105,0.0071115526
375316653866487564,4176281617147136768,0.5263578,2399.4342511910068,3.648600233080387,2.2562226E-5,19.878828,0.013103268,0.31170285,0.0044069136,0.07892855,0.0051626847,0.520424,0.03872821,0.8233655,0.003660743,0.07204032,0.006068877,0.45989805,0.017952276,null,null,null,null,"TWOGAUSSIANS",8,1.4445968,0.31170285,0.0044069136,0.4,0.0,0.5172834,0.039194465,0.8233655,0.003660743,0.4,0.0095871985,0.45675743,0.018011607
375316653866487564,4176287660167045248,0.4963677,2352.2907743313385,1.0360156909668692,3.205114E-5,18.768126,0.004611434,0.22806263,0.0027390185,0.048276734,0.003603955,0.32110432,0.053429566,0.72583205,0.012048908,0.05256048,0.010814484,0.0960667,0.012259035,null,null,null,null,"TWOGAUSSIANS",8,3.5079029,0.22806263,0.0027390185,0.2703497,0.02018215,0.32110292,0.0534309,0.72583205,0.012048908,0.29433867,0.06056111,0.096065305,0.012259427
