Gaia/vari_eclipsing_binary/VariEclipsingBinary_521422-521692.csv
# %ECSV 1.0
# ---
# delimiter: ','
# meta: !!omap
# - RELEASE: Gaia DR3
# - TABLE: vari_eclipsing_binary
# - DESCRIPTION: >
#     This table describes the properties of the eclipsing binaries resulting from the variability analysis. 
# - CITATION: >
#     How to cite and acknowledge Gaia: 
#     https://gea.esac.esa.int/archive/documentation/credits.html 
# - KNOWN_ISSUES: >
#     Known issues: 
#     https://www.cosmos.esa.int/web/gaia-users/known-issues 
# - DOCUMENTATION: >
#     Tutorials and documentation: 
#     https://www.cosmos.esa.int/web/gaia-users/archive 
# datatype:
# - 
#   name: solution_id
#   datatype: int64
#   description: Solution Identifier
#   meta:
#     ucd: meta.version
# - 
#   name: source_id
#   datatype: int64
#   description: Unique source identifier
#   meta:
#     ucd: meta.id;meta.main
# - 
#   name: global_ranking
#   datatype: float32
#   description: Number between 0 (worst) and 1 (best)
#   meta:
#     ucd: stat.param
# - 
#   name: reference_time
#   datatype: float64
#   unit: d
#   description: Reference time used for the geometric model fit
#   meta:
#     ucd: time.epoch
# - 
#   name: frequency
#   datatype: float64
#   unit: d**-1
#   description: Frequency of geometric model of the eclipsing binary light curve
#   meta:
#     ucd: src.orbital
# - 
#   name: frequency_error
#   datatype: float32
#   unit: d**-1
#   description: "Uncertainty of \\texttt{frequency}"
#   meta:
#     ucd: stat.error
# - 
#   name: geom_model_reference_level
#   datatype: float32
#   unit: mag
#   description: Magnitude reference level of geometric model
#   meta:
#     ucd: phot.mag;em.opt
# - 
#   name: geom_model_reference_level_error
#   datatype: float32
#   unit: mag
#   description: "Uncertainty of \\texttt{geomModelReferenceLevel}"
#   meta:
#     ucd: stat.error;phot.mag;em.opt
# - 
#   name: geom_model_gaussian1_phase
#   datatype: float32
#   description: Phase of the Gaussian 1 component
#   meta:
#     ucd: time.phase
# - 
#   name: geom_model_gaussian1_phase_error
#   datatype: float32
#   description: "Uncertainty of \\texttt{geomModelGaussian1Phase}"
#   meta:
#     ucd: stat.error;time.phase
# - 
#   name: geom_model_gaussian1_sigma
#   datatype: float32
#   description: "Standard deviation [phase] of Gaussian 1 component"
#   meta:
#     ucd: stat.stdev
# - 
#   name: geom_model_gaussian1_sigma_error
#   datatype: float32
#   description: "Uncertainty of \\texttt{geomModelGaussian1Sigma}"
#   meta:
#     ucd: stat.error
# - 
#   name: geom_model_gaussian1_depth
#   datatype: float32
#   unit: mag
#   description: Magnitude depth of Gaussian 1 component
#   meta:
#     ucd: src.var.amplitude
# - 
#   name: geom_model_gaussian1_depth_error
#   datatype: float32
#   unit: mag
#   description: "Uncertainty of \\texttt{geomModelGaussian1Depth}"
#   meta:
#     ucd: stat.error;src.var.amplitude
# - 
#   name: geom_model_gaussian2_phase
#   datatype: float32
#   description: Phase of Gaussian 2 component
#   meta:
#     ucd: time.phase
# - 
#   name: geom_model_gaussian2_phase_error
#   datatype: float32
#   description: "Uncertainty of \\texttt{geomModelGaussian2Phase}"
#   meta:
#     ucd: stat.error;time.phase
# - 
#   name: geom_model_gaussian2_sigma
#   datatype: float32
[...]
#   datatype: float32
#   description: "Secondary eclipse: uncertainty of \\texttt{derivedSecondaryEclDuration}"
#   meta:
#     ucd: stat.error;time.duration
# - 
#   name: derived_secondary_ecl_depth
#   datatype: float32
#   unit: mag
#   description: "Secondary eclipse: depth"
#   meta:
#     ucd: src.var.amplitude
# - 
#   name: derived_secondary_ecl_depth_error
#   datatype: float32
#   unit: mag
#   description: "Secondary eclipse: uncertainty of \\texttt{derivedSecondaryEclDepth}"
#   meta:
#     ucd: stat.error;src.var.amplitude
solution_id,source_id,global_ranking,reference_time,frequency,frequency_error,geom_model_reference_level,geom_model_reference_level_error,geom_model_gaussian1_phase,geom_model_gaussian1_phase_error,geom_model_gaussian1_sigma,geom_model_gaussian1_sigma_error,geom_model_gaussian1_depth,geom_model_gaussian1_depth_error,geom_model_gaussian2_phase,geom_model_gaussian2_phase_error,geom_model_gaussian2_sigma,geom_model_gaussian2_sigma_error,geom_model_gaussian2_depth,geom_model_gaussian2_depth_error,geom_model_cosine_half_period_amplitude,geom_model_cosine_half_period_amplitude_error,geom_model_cosine_half_period_phase,geom_model_cosine_half_period_phase_error,model_type,num_model_parameters,reduced_chi2,derived_primary_ecl_phase,derived_primary_ecl_phase_error,derived_primary_ecl_duration,derived_primary_ecl_duration_error,derived_primary_ecl_depth,derived_primary_ecl_depth_error,derived_secondary_ecl_phase,derived_secondary_ecl_phase_error,derived_secondary_ecl_duration,derived_secondary_ecl_duration_error,derived_secondary_ecl_depth,derived_secondary_ecl_depth_error
[from data line 430]
375316653866487564,4588561781367537152,0.5936744,2220.5578915760016,3.057754608981934,7.3755887E-6,17.89545,0.0147457635,0.26050982,0.0019097845,0.054811276,0.00550555,0.2284885,0.03588909,0.75471795,0.0055944226,0.050366882,0.0074196737,0.3353604,0.061742425,0.11572689,0.01940035,0.26050982,0.0019097845,"TWOGAUSSIANS_WITH_ELLIPSOIDAL_ON_ECLIPSE1",9,6.598555,0.75541794,0.004997269,0.28205454,0.04155017,0.5665354,0.06088225,0.26050982,0.0019097845,0.30694315,0.03083108,0.4599327,0.013318867
375316653866487564,4588564113529492608,0.5794112,2219.158228483831,3.7256841915193712,7.60186E-6,17.557384,0.007395341,0.2511509,0.00190162,0.045454465,0.006053579,0.11471521,0.017833259,0.7500245,0.003516321,0.048039712,0.0073022437,0.17447184,0.024907982,0.075018235,0.010777033,0.2511509,0.00190162,"TWOGAUSSIANS_WITH_ELLIPSOIDAL_ON_ECLIPSE1",9,7.321537,0.7501745,0.0029003415,0.2690224,0.040892564,0.32450145,0.022395043,0.2511509,0.00190162,0.254545,0.033900045,0.26475132,0.009922049
375316653866487564,4588574941147559168,0.5754968,2186.9639243806755,3.61620057769561,1.37809575E-5,15.756071,0.023786943,0.30925518,0.0030356937,0.056006603,0.021731406,0.106614865,0.054257132,0.78763616,0.00903506,0.060999837,0.016010499,0.17954579,0.046082087,0.09348389,0.028704511,0.30925518,0.0030356937,"TWOGAUSSIANS_WITH_ELLIPSOIDAL_ON_ECLIPSE1",9,74.098976,0.79268616,0.0072149695,0.34159908,0.08965879,0.36386603,0.0190344,0.30925518,0.0030356937,0.313637,0.121695876,0.2935684,0.048778843
375316653866487564,4588586653519648768,0.6099948,2205.1089076897715,2.511071130337034,2.6688401E-6,16.74039,0.004885704,0.25685677,0.0023929726,0.06282259,0.021936333,5.4475013E-4,0.013165485,0.76037395,6.5594946E-4,0.055529363,0.001378333,0.2547524,0.010325145,0.049524195,0.0057722945,0.25685677,0.0023929726,"TWOGAUSSIANS_WITH_ELLIPSOIDAL_ON_ECLIPSE1",9,4.3703156,0.76037395,6.5594946E-4,0.31096444,0.0077186646,0.3537444,0.0023677622,0.25685677,0.0023929726,0.3518065,0.0808736,0.099585086,0.0043902392
375316653866487564,4588587207574313472,0.4735737,2191.795918243675,0.8681412041802052,5.020989E-5,15.696035,0.010378376,0.3130519,0.008357092,0.038050618,0.010285865,0.102529764,0.047789343,0.7988483,0.0027173497,0.019932058,0.0030921046,0.4002759,0.052742004,null,null,null,null,"TWOGAUSSIANS",8,552.0035,0.7988483,0.0027173497,0.111619525,0.017315786,0.4002759,0.052742004,0.3130519,0.008357092,0.21308346,0.05760084,0.102529764,0.047789343
375316653866487564,4588591704399642624,0.59785235,2233.8866304829976,3.9934964699993754,7.5097746E-6,19.280369,0.01907382,0.25476232,0.0031944772,0.045200128,0.007448172,0.5325448,0.07111795,0.749359,0.0051024975,0.041741803,0.006304647,0.42692667,0.036486287,0.14682297,0.02144086,0.25476232,0.0031944772,"TWOGAUSSIANS_WITH_ELLIPSOIDAL_ON_ECLIPSE1",9,2.5765266,0.25476232,0.0031944772,0.25312072,0.041709766,0.8261899,0.071192145,0.749829,0.004620133,0.2337541,0.03530602,0.7202627,0.022165136
375316653866487564,4588594556257930624,0.5142425,2208.6266237279274,4.890490813968809,1.931646E-5,18.320354,0.0044699954,0.4888014,0.0028282306,0.059717435,0.002797275,0.46798754,0.033341266,0.74226016,0.019195834,0.018145919,0.030831162,0.0048429337,0.00882883,0.025025578,0.004515733,0.74226016,0.019195834,"TWOGAUSSIANS_WITH_ELLIPSOIDAL_ON_ECLIPSE2",9,6.4986672,0.48869142,0.002664111,0.33441764,0.015664741,0.46801177,0.033322472,0.74226016,0.019195834,0.10161714,0.17265451,0.054951295,0.0071603493
375316653866487564,4588603592869246336,0.48472992,2217.156742545809,3.1881595099483326,1.477316E-5,17.73817,0.003061706,null,null,null,null,null,null,null,null,null,null,null,null,0.07899453,0.0043327087,0.30187684,0.0044501745,"ELLIPSOIDAL",4,7.9727235,null,null,null,null,null,null,null,null,null,null,null,null
375316653866487564,4588607651618756352,0.621738,2210.49773164183,2.147739295920648,1.9224165E-6,16.768553,0.0052559692,0.27301574,0.0049101124,0.04535408,0.010546879,0.042414945,0.009987934,0.76511794,7.5590046E-4,0.048965607,0.0022923695,0.29631722,0.010552607,0.032878038,0.005854211,0.76511794,7.5590046E-4,"TWOGAUSSIANS_WITH_ELLIPSOIDAL_ON_ECLIPSE2",9,3.2132149,0.76511794,7.5590046E-4,0.2742074,0.012837269,0.36207262,0.012424377,0.27142575,0.0039445274,0.25398284,0.059062522,0.10804104,0.003413007
375316653866487564,4588610503477108096,0.5485264,2204.7508432314607,3.984014977216383,8.3542445E-6,17.784561,0.0037408334,0.33192858,0.00213015,0.039766766,0.006513869,0.10488071,0.026620882,0.8099954,0.006908394,0.023561351,0.010802929,0.117300935,0.18844405,0.10984143,0.0067786262,0.33192858,0.00213015,"TWOGAUSSIANS_WITH_ELLIPSOIDAL_ON_ECLIPSE1",9,6.821449,0.8116454,0.005256727,0.13194357,0.0604964,0.33314756,0.19030811,0.33192858,0.00213015,0.22269389,0.036477666,0.32456335,0.025874037
375316653866487564,4588622009689736960,0.57045585,2182.969522911888,2.9340416179077873,9.297709E-6,17.159088,0.021460205,0.24656917,0.0035767313,0.11224483,0.012641366,0.16913024,0.020579377,0.74706507,0.0072259638,0.10461973,0.015590212,0.17065832,0.02142419,null,null,null,null,"TWOGAUSSIANS",8,3.118457,0.74706507,0.0072259638,0.4,0.0,0.1470046,0.0039295033,0.24656917,0.0035684349,0.4,0.0,0.14546366,0.0047467654
375316653866487564,4588624449230866688,0.57494986,2233.5760819634834,3.049622397306842,1.02884305E-5,18.074053,0.009990365,0.26442185,0.007534117,0.080495976,0.006869504,0.39611068,0.017593123,0.76815003,0.002884187,0.081699215,0.005066232,0.30004153,0.012396806,null,null,null,null,"TWOGAUSSIANS",8,5.964651,0.26442185,0.007534117,0.4,0.0,0.3905761,0.015357511,0.76815003,0.002884187,0.4,0.0,0.29450694,0.011446165
375316653866487564,4588631252459380736,0.5435349,2206.2608885064587,4.208985070709458,1.2702478E-5,18.675287,0.017786274,0.25021896,0.0036223517,0.0741253,0.005577637,0.4237047,0.019195974,0.7561542,0.0050914935,0.08103009,0.006835992,0.3267278,0.019756632,null,null,null,null,"TWOGAUSSIANS",8,6.6362147,0.25021896,0.0036223517,0.4,0.006494359,0.42008144,0.018344734,0.7561542,0.0050914935,0.4,0.0,0.32310453,0.01872441
375316653866487564,4588637024895495552,0.5499659,2181.881210063151,0.49219949898367193,1.4550051E-5,17.746832,0.004539593,0.21049637,0.004388753,0.024850434,0.0034726036,0.3521048,0.05384572,0.70826066,0.015899874,0.026707357,0.014978692,0.91652924,80.50456,0.013186656,0.005369434,0.70826066,0.015899874,"TWOGAUSSIANS_WITH_ELLIPSOIDAL_ON_ECLIPSE2",9,7.8045435,0.70826066,0.015899874,0.1495612,0.08388067,0.9429025,80.506996,0.21048637,0.004371454,0.13916242,0.01944658,0.3784729,0.052260738
375316653866487564,4588639979831568640,0.53893524,2224.1602126365683,3.8390234873486313,6.7473056E-6,18.301405,0.13842241,0.26161805,0.005355063,0.1388192,0.02253379,0.3579506,0.13131857,0.7856852,0.004871473,0.15083794,0.029516893,0.35941514,0.13189009,null,null,null,null,"TWOGAUSSIANS",8,1.7450985,0.25975806,0.0037776444,0.4,0.0,0.22185782,0.012362488,0.7868152,0.0036900325,0.4,0.0,0.22125748,0.010322737
375316653866487564,4588644553979712128,0.4629117,2235.539787151233,0.011926091562269424,1.4734651E-5,13.112063,0.0024197665,0.28415015,0.027809829,0.030830339,0.011341787,0.23344383,0.053254254,0.6260803,0.0027720495,0.011276314,0.0022784525,0.0441217,0.013053012,0.015330846,0.0034725864,0.6260803,0.0027720495,"TWOGAUSSIANS_WITH_ELLIPSOIDAL_ON_ECLIPSE2",9,35.349495,0.28343016,0.028258823,0.17264989,0.06351401,0.24264891,0.05703178,0.6260803,0.0027720495,0.06314736,0.0127593335,0.07478334,0.012006122
375316653866487564,4588646409403783040,0.5630759,2216.170374598355,2.1118997580086796,1.1515126E-5,15.313779,0.008342843,0.17509238,0.006909504,0.04032519,0.008949895,0.16101822,0.040604804,0.68148315,0.0029648321,0.044486366,0.0027157448,0.57012576,0.02978662,0.055834703,0.012693401,0.17509238,0.006909504,"TWOGAUSSIANS_WITH_ELLIPSOIDAL_ON_ECLIPSE1",9,254.69531,0.68148315,0.0029648321,0.24912366,0.01520817,0.68161494,0.025630394,0.17509238,0.006909504,0.22582106,0.05011941,0.27268735,0.031388488
375316653866487564,4588649055104099456,0.5158103,2222.027350664115,1.7624708481390452,2.3852921E-5,19.16382,0.008644086,0.2216872,0.004756917,0.06345657,0.008729162,0.14033931,0.019139405,0.73046744,0.003377259,0.053232953,0.003544614,0.37989205,0.021989446,null,null,null,null,"TWOGAUSSIANS",8,2.3445985,0.73046744,0.003377259,0.29810452,0.019849839,0.37985957,0.021986565,0.2216872,0.004756917,0.3553568,0.048883308,0.14030683,0.019161245
375316653866487564,4588652147480962432,0.59402996,2249.1041094701563,3.3239080157834935,6.132097E-6,17.346529,0.014793024,0.24270639,0.0032933226,0.034027327,0.015674867,0.40533814,0.15235649,0.7342967,0.0020729671,0.0519583,0.0035940995,0.44138667,0.035412233,0.12944022,0.021402204,0.24270639,0.0032933226,"TWOGAUSSIANS_WITH_ELLIPSOIDAL_ON_ECLIPSE1",9,12.152438,0.7352267,0.0017294512,0.29096648,0.020126957,0.6996224,0.02395632,0.24270639,0.0032933226,0.19055304,0.08777926,0.6642159,0.18802702
375316653866487564,4588663722410952320,0.46300083,2217.1686567164693,0.13024308381024619,1.657405E-5,18.11543,0.007637905,0.30082008,0.00728859,0.09274118,0.008032577,0.12593913,0.009565184,0.8127824,0.0047675967,0.07356318,0.008835518,0.12433098,0.010680256,null,null,null,null,"TWOGAUSSIANS",8,4.8423114,0.30082008,0.00728859,0.4,0.0,0.12376294,0.008540139,0.8127824,0.0047675967,0.4,0.011562863,0.12215495,0.010572106
375316653866487564,4588674236492724608,0.4995525,2238.5057438000217,1.0099989578369417,1.25022E-5,17.818123,0.008244672,0.23902752,0.003106143,0.024668623,0.0034105899,0.27342457,0.019598914,0.73755217,0.0024865973,0.019702202,0.0016448966,0.56807876,0.059076935,null,null,null,null,"TWOGAUSSIANS",8,28.025146,0.73755217,0.0024865973,0.11033233,0.00921142,0.56807876,0.059076935,0.23902752,0.003106143,0.13814428,0.019099304,0.27342457,0.019598914
375316653866487564,4588678192161920896,0.53834456,2191.1982673104453,4.153378300600134,1.12861335E-5,17.473715,0.0077676913,0.28013727,0.0037495776,0.069561265,0.0055606146,0.27270338,0.013136803,0.79064167,0.005063709,0.07249104,0.00941443,0.30643487,0.053373035,null,null,null,null,"TWOGAUSSIANS",8,10.089847,0.79064167,0.005063709,0.4,0.023350233,0.30552712,0.054022815,0.28013727,0.0037495776,0.3895431,0.029509751,0.27179563,0.013039218
375316653866487564,4588691523740516608,0.64686483,2199.4885866791997,0.5119107320103692,1.2939242E-6,16.255205,0.0022571865,0.28486684,0.0011339057,0.029579522,0.0023346941,0.070241675,0.006787343,0.78527564,3.2643697E-4,0.029752329,4.7543354E-4,0.7211156,0.01732272,0.010634827,0.0035029536,0.28486684,0.0011339057,"TWOGAUSSIANS_WITH_ELLIPSOIDAL_ON_ECLIPSE1",9,8.414384,0.78527564,3.2643697E-4,0.16661304,0.002662428,0.7423851,0.018421164,0.28486684,0.0011339057,0.16564533,0.013074287,0.09151131,0.004915576
375316653866487564,4588693787181779072,0.5245684,2206.754936745563,4.6567123042435865,6.932998E-5,17.776114,0.0036851603,0.18050762,4.590321E-5,0.014003086,1.3976455E-4,0.47658804,0.003440806,0.5857002,0.010631173,0.020378225,0.013024553,0.08368876,1230.8022,null,null,null,null,"TWOGAUSSIANS",8,10.642341,0.18050762,4.590321E-5,0.07841728,7.826815E-4,0.47658804,0.003440806,0.5857002,0.010631173,0.11411806,0.072937496,0.08368876,1230.8022
375316653866487564,4588694513037845760,0.61291236,2204.8750917838515,1.184993935397765,4.4736084E-6,14.179396,0.017145945,0.1786822,9.6003304E-4,0.10404778,0.0045945384,0.30744478,0.016480396,0.6811837,0.0033749964,0.111491576,0.009403449,0.24566272,0.016200004,null,null,null,null,"TWOGAUSSIANS",8,52.493412,0.1786822,9.59295E-4,0.4,0.0,0.27142155,0.00455617,0.6811837,0.0033808965,0.4,0.0,0.20962429,0.005863933
375316653866487564,4588698322667442176,0.48195544,2196.5970723273945,1.9525371143989898,1.9351268E-5,19.150726,0.035478648,0.33624664,6.182656E-5,0.0047311047,5.382819E-4,1.1640437,0.4293624,0.5794762,0.03467004,0.06265,0.20381176,0.15128909,0.16302149,null,null,null,null,"TWOGAUSSIANS",8,3.131479,0.33624664,6.182656E-5,0.026494185,0.003014379,1.1641244,0.4536937,0.5794762,0.03467004,0.35084,0.11145834,0.15128909,0.17619236
375316653866487564,4588699838797326848,0.45188424,2214.118009323663,0.699653125244055,6.3812055E-5,18.066763,0.010760885,0.33446625,0.071848765,0.120607466,0.045721605,0.08407269,0.024185304,0.7907969,0.026927123,0.0105463285,0.016678963,0.6949645,0.6605656,null,null,null,null,"TWOGAUSSIANS",8,25.841816,0.7907969,0.026927123,0.05905944,0.09340219,0.694999,0.66059434,0.33446625,0.071848765,0.4,0.0,0.084038414,0.024175363
375316653866487564,4588703858881780864,0.55563253,2192.7319253621054,0.5235310912568945,3.7367831E-6,16.5496,0.0035265945,0.24326855,0.016463239,0.01609629,0.009967184,0.12307492,0.08078975,0.7314797,4.8321162E-4,0.023548469,4.361684E-4,1.1261262,0.022179674,0.024721911,0.0040168,0.24326855,0.016463239,"TWOGAUSSIANS_WITH_ELLIPSOIDAL_ON_ECLIPSE1",9,41.32266,0.73149973,4.7461846E-4,0.13187142,0.002442543,1.1752996,0.023041142,0.24326855,0.016463239,0.090139225,0.05581623,0.17251864,0.08461956
375316653866487564,4588712036504302336,0.555884,2205.948342794168,0.16990672188645245,1.9264799E-4,16.025988,0.011100814,0.37878397,0.056565035,0.0174994,0.17852144,0.3060585,0.33343953,0.92078507,0.014017508,0.015720757,0.014832713,0.89826435,3593.7056,null,null,null,null,"TWOGAUSSIANS",8,41.778694,0.92078507,0.01401758,0.08803624,0.08306319,0.89826435,3593.7053,0.37878397,0.056565035,0.09799664,0.29664505,0.3060585,0.33528638
375316653866487564,4588721897747461376,0.4612628,2238.7361085725133,3.3812558654117595,2.2740636E-5,19.100569,0.010686144,0.27751032,0.015798232,0.08745374,0.02410872,0.12716693,0.010163441,0.7641808,0.004626983,0.07303648,0.008446108,0.15942778,0.011796173,null,null,null,null,"TWOGAUSSIANS",8,2.4772463,0.7641808,0.004626983,0.4,0.011847286,0.15774551,0.010451669,0.27751032,0.015798232,0.4,0.003324379,0.12548465,0.010084917
375316653866487564,4588732068232210048,0.53318375,2177.0849570739115,3.0234181985517834,1.2904759E-5,16.815407,0.009001526,0.26299372,0.00471949,0.08920411,0.0070709535,0.1620242,0.0125946645,0.7490401,0.0039453777,0.09955104,0.0069925156,0.21557301,0.012269212,null,null,null,null,"TWOGAUSSIANS",8,11.287672,0.7490401,0.0039453777,0.4,0.0,0.20634298,0.011631371,0.26299372,0.004719719,0.4,0.0,0.15279587,0.010805786
375316653866487564,4588742303134175232,0.5078412,2250.374957091451,0.6578219772641531,2.6150246E-5,11.911375,0.0025483668,0.26775146,0.0036314018,0.034959108,0.0034033838,0.14392297,0.011815788,0.6281606,0.07771492,0.13293844,0.058897432,0.01854191,0.007032942,null,null,null,null,"TWOGAUSSIANS",8,484.1708,0.26783147,0.0036249054,0.195771,0.01905895,0.1443531,0.011800076,0.6281606,0.07771492,0.4,0.0,0.018501457,0.0070229177
375316653866487564,4588746739839009664,0.6430513,2248.0472450220295,3.064227535275392,2.827612E-6,15.419649,0.009147066,0.2421323,0.0013302162,0.05030754,0.0022261466,0.58044934,0.022230329,0.73960054,6.3610944E-4,0.045095515,0.0019773908,0.383127,0.021919802,0.104984306,0.013767922,0.2421323,0.0013302162,"TWOGAUSSIANS_WITH_ELLIPSOIDAL_ON_ECLIPSE1",9,63.481487,0.2421323,0.0013302162,0.28172222,0.012466421,0.7904152,0.007856677,0.7398005,5.6378386E-4,0.25253487,0.011073389,0.5930441,0.009416822
375316653866487564,4588748973216417792,0.5270242,2190.5797372145616,4.489322777317301,8.8372886E-5,19.591692,0.007497881,0.20475158,0.0025538076,0.013072089,0.0045874394,3.06566,56.448315,0.8454365,0.019340944,0.08035513,0.03245461,0.056054477,0.011571016,null,null,null,null,"TWOGAUSSIANS",8,1.0566401,0.20475158,0.0025538076,0.0732037,0.025689662,3.0656624,56.448315,0.8454365,0.019340944,0.4,0.03143808,0.056054477,0.011571085
