Gaia/vari_eclipsing_binary/VariEclipsingBinary_591023-591341.csv
# %ECSV 1.0
# ---
# delimiter: ','
# meta: !!omap
# - RELEASE: Gaia DR3
# - TABLE: vari_eclipsing_binary
# - DESCRIPTION: >
#     This table describes the properties of the eclipsing binaries resulting from the variability analysis. 
# - CITATION: >
#     How to cite and acknowledge Gaia: 
#     https://gea.esac.esa.int/archive/documentation/credits.html 
# - KNOWN_ISSUES: >
#     Known issues: 
#     https://www.cosmos.esa.int/web/gaia-users/known-issues 
# - DOCUMENTATION: >
#     Tutorials and documentation: 
#     https://www.cosmos.esa.int/web/gaia-users/archive 
# datatype:
# - 
#   name: solution_id
#   datatype: int64
#   description: Solution Identifier
#   meta:
#     ucd: meta.version
# - 
#   name: source_id
#   datatype: int64
#   description: Unique source identifier
#   meta:
#     ucd: meta.id;meta.main
# - 
#   name: global_ranking
#   datatype: float32
#   description: Number between 0 (worst) and 1 (best)
#   meta:
#     ucd: stat.param
# - 
#   name: reference_time
#   datatype: float64
#   unit: d
#   description: Reference time used for the geometric model fit
#   meta:
#     ucd: time.epoch
# - 
#   name: frequency
#   datatype: float64
#   unit: d**-1
#   description: Frequency of geometric model of the eclipsing binary light curve
#   meta:
#     ucd: src.orbital
# - 
#   name: frequency_error
#   datatype: float32
#   unit: d**-1
#   description: "Uncertainty of \\texttt{frequency}"
#   meta:
#     ucd: stat.error
# - 
#   name: geom_model_reference_level
#   datatype: float32
#   unit: mag
#   description: Magnitude reference level of geometric model
#   meta:
#     ucd: phot.mag;em.opt
# - 
#   name: geom_model_reference_level_error
#   datatype: float32
#   unit: mag
#   description: "Uncertainty of \\texttt{geomModelReferenceLevel}"
#   meta:
#     ucd: stat.error;phot.mag;em.opt
# - 
#   name: geom_model_gaussian1_phase
#   datatype: float32
#   description: Phase of the Gaussian 1 component
#   meta:
#     ucd: time.phase
# - 
#   name: geom_model_gaussian1_phase_error
#   datatype: float32
#   description: "Uncertainty of \\texttt{geomModelGaussian1Phase}"
#   meta:
#     ucd: stat.error;time.phase
# - 
#   name: geom_model_gaussian1_sigma
#   datatype: float32
#   description: "Standard deviation [phase] of Gaussian 1 component"
#   meta:
#     ucd: stat.stdev
# - 
#   name: geom_model_gaussian1_sigma_error
#   datatype: float32
#   description: "Uncertainty of \\texttt{geomModelGaussian1Sigma}"
#   meta:
#     ucd: stat.error
# - 
#   name: geom_model_gaussian1_depth
#   datatype: float32
#   unit: mag
#   description: Magnitude depth of Gaussian 1 component
#   meta:
#     ucd: src.var.amplitude
# - 
#   name: geom_model_gaussian1_depth_error
#   datatype: float32
#   unit: mag
#   description: "Uncertainty of \\texttt{geomModelGaussian1Depth}"
#   meta:
#     ucd: stat.error;src.var.amplitude
# - 
#   name: geom_model_gaussian2_phase
#   datatype: float32
#   description: Phase of Gaussian 2 component
#   meta:
#     ucd: time.phase
# - 
#   name: geom_model_gaussian2_phase_error
#   datatype: float32
#   description: "Uncertainty of \\texttt{geomModelGaussian2Phase}"
#   meta:
#     ucd: stat.error;time.phase
# - 
#   name: geom_model_gaussian2_sigma
#   datatype: float32
[...]
#   datatype: float32
#   description: "Secondary eclipse: uncertainty of \\texttt{derivedSecondaryEclDuration}"
#   meta:
#     ucd: stat.error;time.duration
# - 
#   name: derived_secondary_ecl_depth
#   datatype: float32
#   unit: mag
#   description: "Secondary eclipse: depth"
#   meta:
#     ucd: src.var.amplitude
# - 
#   name: derived_secondary_ecl_depth_error
#   datatype: float32
#   unit: mag
#   description: "Secondary eclipse: uncertainty of \\texttt{derivedSecondaryEclDepth}"
#   meta:
#     ucd: stat.error;src.var.amplitude
solution_id,source_id,global_ranking,reference_time,frequency,frequency_error,geom_model_reference_level,geom_model_reference_level_error,geom_model_gaussian1_phase,geom_model_gaussian1_phase_error,geom_model_gaussian1_sigma,geom_model_gaussian1_sigma_error,geom_model_gaussian1_depth,geom_model_gaussian1_depth_error,geom_model_gaussian2_phase,geom_model_gaussian2_phase_error,geom_model_gaussian2_sigma,geom_model_gaussian2_sigma_error,geom_model_gaussian2_depth,geom_model_gaussian2_depth_error,geom_model_cosine_half_period_amplitude,geom_model_cosine_half_period_amplitude_error,geom_model_cosine_half_period_phase,geom_model_cosine_half_period_phase_error,model_type,num_model_parameters,reduced_chi2,derived_primary_ecl_phase,derived_primary_ecl_phase_error,derived_primary_ecl_duration,derived_primary_ecl_duration_error,derived_primary_ecl_depth,derived_primary_ecl_depth_error,derived_secondary_ecl_phase,derived_secondary_ecl_phase_error,derived_secondary_ecl_duration,derived_secondary_ecl_duration_error,derived_secondary_ecl_depth,derived_secondary_ecl_depth_error
[from data line 216]
375316653866487564,5200082794086393216,0.5050178,2236.3609426766,3.7235897058243106,2.1700198E-5,19.579805,0.010383652,0.3262919,0.009610266,0.08523384,0.009890891,0.39255357,0.024241902,0.81296396,0.0045072916,0.07887753,0.005528685,0.33590794,0.01623525,null,null,null,null,"TWOGAUSSIANS",8,2.217552,0.3262919,0.009610266,0.4,0.0,0.38708904,0.024522796,0.81296396,0.0045072916,0.4,0.0,0.3304434,0.015229392
375316653866487564,5200083038900909312,0.52487755,2265.740173881849,0.30259522170045083,3.4771176E-5,16.295399,0.0018106287,0.27237356,0.018986978,0.04872628,0.009225065,0.037423294,0.014143407,0.7672801,0.0011975614,0.017810298,0.010764714,0.21262917,0.022997286,null,null,null,null,"TWOGAUSSIANS",8,10.933353,0.7672801,0.0011975614,0.09973767,0.0602824,0.21262917,0.022997286,0.27237356,0.018986978,0.27286717,0.051660363,0.037423294,0.014143407
375316653866487564,5200085542865495552,0.5204579,2236.1415660546413,1.7677279897513902,3.8187172E-5,18.195332,0.005061181,0.37673694,0.019091496,0.05509092,0.027098821,0.47701833,13.775046,0.9303819,1.1184065E-6,0.0030845806,3.8412603E-5,1.7661527,0.04478839,null,null,null,null,"TWOGAUSSIANS",8,7.6026735,0.9303819,1.1184065E-6,0.017273651,2.1511057E-4,1.7661527,0.04478839,0.37673694,0.019091496,0.30850914,0.1517534,0.47701833,13.775046
375316653866487564,5200088772679413248,0.5594725,2254.909862085724,3.8902697031805737,6.8987583E-6,18.021364,0.020513613,0.2575987,0.0047215265,0.061582655,0.008609798,0.28680086,0.043579306,0.74812317,0.0040434306,0.05052934,0.009084189,0.2526886,0.040638175,0.0864528,0.025019748,0.2575987,0.0047215265,"TWOGAUSSIANS_WITH_ELLIPSOIDAL_ON_ECLIPSE1",9,9.413643,0.2575987,0.0047215265,0.34486288,0.048214864,0.4596308,0.030489793,0.7492732,0.0031781404,0.2829643,0.050871458,0.42498037,0.03135131
375316653866487564,5200097401271517312,0.539476,2232.9030971180023,2.587176369094205,1.26317855E-5,14.946842,0.055603474,0.24986449,0.004022415,0.10306167,0.014048493,0.39460778,0.05350145,0.73039657,0.0051859654,0.12132309,0.018490845,0.42828986,0.05004345,null,null,null,null,"TWOGAUSSIANS",8,266.03207,0.73039657,0.0051859654,0.4,0.0,0.3719229,0.014394313,0.24997449,0.0039823432,0.4,0.0,0.33844504,0.038590945
375316653866487564,5200100768525915392,0.57031465,2244.814554779215,0.1375829461940207,1.3137749E-5,15.665374,0.0010319003,0.25609943,8.306385E-5,0.008294691,2.1478646E-4,0.14369848,4.3826683E-5,0.90063596,2.085055E-4,0.018903337,2.8228428E-4,0.19850682,0.0011986339,null,null,null,null,"TWOGAUSSIANS",8,5.3087697,0.90063596,2.085055E-4,0.10585869,0.001580792,0.19850682,0.0011986339,0.25609943,8.306385E-5,0.04645027,0.0012028042,0.14369848,4.3826683E-5
375316653866487564,5200102314714154112,0.5232256,2229.664014833108,2.5694871763040057,1.9325813E-5,14.521832,0.06751693,0.2754167,0.0034375612,0.21049142,0.036939293,0.9388737,0.09220179,0.77796245,0.0035565086,0.19746926,0.034808073,0.87830704,0.14229086,null,null,null,null,"TWOGAUSSIANS",8,56.12221,0.2731867,0.0034687931,0.4,0.0,0.15676005,0.00861698,0.78072244,0.003858768,0.4,0.0,0.13677625,0.0064134
375316653866487564,5200116707149518336,0.5670715,2178.8406897584114,3.231882159462452,5.8787787E-6,18.181458,0.004430118,0.18422537,0.0021594965,0.034294844,0.0076440093,0.095737204,0.02807286,0.6809357,0.0046603386,0.042286277,0.0073451297,0.11138946,0.014788069,0.108991794,0.0071043526,0.18422537,0.0021594965,"TWOGAUSSIANS_WITH_ELLIPSOIDAL_ON_ECLIPSE1",9,2.904354,0.6816457,0.003577621,0.23680314,0.041132726,0.32929972,0.016161466,0.18422537,0.0021594965,0.19205111,0.042806454,0.3137204,0.026901852
375316653866487564,5200122548303178112,0.5240835,2219.436676667917,3.2948319244170743,1.5079056E-5,19.518255,0.015197191,0.19794016,0.0042897533,0.077051625,0.0051364545,0.432753,0.021739272,0.7083183,0.0044142967,0.07912526,0.010771895,0.32950526,0.034038346,null,null,null,null,"TWOGAUSSIANS",8,2.6781805,0.19794016,0.0042897533,0.4,0.0,0.42914096,0.020634161,0.7083183,0.0044142967,0.4,0.0,0.32589322,0.03617968
375316653866487564,5200123510375713152,0.50952405,2160.5399579503332,3.745142110601554,2.7257332E-5,18.686308,0.013262612,0.2691,0.0073036826,0.09410262,0.010176429,0.19571263,0.013714849,0.76578856,0.0083880285,0.08897991,0.013782006,0.1546652,0.013630487,null,null,null,null,"TWOGAUSSIANS",8,2.348487,0.2691,0.0073036826,0.4,0.0,0.18774313,0.008122136,0.76578856,0.0083880285,0.4,0.0,0.14669596,0.01041458
375316653866487564,5200124820344424192,0.5758965,2174.1223485304436,2.182167938512485,9.300837E-6,16.2232,0.013065947,0.25413534,0.003184357,0.09827965,0.008741328,0.1581462,0.0119120525,0.72983,0.0045489366,0.10935459,0.009795586,0.24061498,0.011257305,null,null,null,null,"TWOGAUSSIANS",8,12.3737955,0.72983,0.0045489366,0.4,0.0,0.22440232,0.009436963,0.25417534,0.0031806054,0.4,0.0,0.14195332,0.0057974155
375316653866487564,5200125915557643648,0.4435938,2207.995867050937,0.30021608521488585,4.44268E-5,18.075153,0.006646975,0.4077241,0.013484044,0.044585414,0.014236931,0.1459033,0.025484463,0.65801936,0.0066113933,0.012415894,0.00969381,0.13791241,0.06873726,0.048041273,0.013913179,0.65801936,0.0066113933,"TWOGAUSSIANS_WITH_ELLIPSOIDAL_ON_ECLIPSE2",9,17.322496,0.65801936,0.0066113933,0.069529004,0.054285336,0.23399492,0.07294081,0.4076941,0.014957403,0.24967833,0.079726815,0.14590362,0.025508316
375316653866487564,5200125984277006464,0.5690813,2182.6424265499886,3.8847603598878817,1.2175969E-5,18.275291,0.011259665,0.2470235,0.006906885,0.06961891,0.0057043005,0.55326164,0.027418721,0.7355938,0.0025484983,0.07290931,0.0033581615,0.48639253,0.011621853,null,null,null,null,"TWOGAUSSIANS",8,9.606503,0.2470235,0.006906885,0.3898659,0.027088495,0.551605,0.02738396,0.7355938,0.0025484983,0.4,0.0015510017,0.48473588,0.011046082
375316653866487564,5200131069518220288,0.5685001,2207.817525377595,3.1450564314856653,1.6624508E-5,18.377596,0.0076897237,0.2877606,0.006351397,0.07382124,0.0046922406,0.5358753,0.022536712,0.79338855,0.003948057,0.072491296,0.0037195105,0.45401222,0.021280406,null,null,null,null,"TWOGAUSSIANS",8,8.446428,0.2877606,0.006351397,0.4,0.0037002524,0.5333577,0.022356864,0.79338855,0.003948057,0.4,3.475764E-4,0.45149457,0.021612922
375316653866487564,5200131138237726336,0.5444754,2219.21375152647,4.574712002481749,1.0188932E-6,18.155891,0.003779487,0.1368205,2.6390282E-8,0.002263193,1.0867353E-5,0.5865182,0.003527453,0.85854715,0.0012935121,0.010370334,0.0019484604,0.038796257,0.0035190696,null,null,null,null,"TWOGAUSSIANS",8,5.4278646,0.1368205,2.6390282E-8,0.012673881,6.0857175E-5,0.5865182,0.003527453,0.85854715,0.0012935121,0.058073867,0.010911378,0.038796257,0.0035190696
375316653866487564,5200132894883169280,0.6388726,2218.940227325301,3.9741421448729364,9.421015E-6,17.705326,0.017127473,0.27227083,0.0017531924,0.043328207,0.0030591858,0.3788145,0.037587315,0.77862823,0.002118242,0.050140664,0.0043957517,0.39183274,0.039563436,0.13896537,0.02147038,0.27227083,0.0017531924,"TWOGAUSSIANS_WITH_ELLIPSOIDAL_ON_ECLIPSE1",9,11.620929,0.77862823,0.002118242,0.2807877,0.02461621,0.66931874,0.024590079,0.27227083,0.0017531924,0.24263795,0.01713144,0.6567437,0.011800523
375316653866487564,5200133616437680128,0.6086672,2190.632784713819,3.0266650034585565,6.2026243E-6,17.141039,0.014538512,0.15234643,0.007265051,0.050094757,0.016930318,0.2439117,0.032771256,0.6580137,0.004415515,0.04521925,0.0072832606,0.16829479,0.033066656,0.10507216,0.020852536,0.15234643,0.007265051,"TWOGAUSSIANS_WITH_ELLIPSOIDAL_ON_ECLIPSE1",9,11.634155,0.15234643,0.007265051,0.28053063,0.09480978,0.45405504,0.012615898,0.6580137,0.003713135,0.2532278,0.04078626,0.37817177,0.011932334
375316653866487564,5200136537015205504,0.58981,2180.0766121993033,0.6767201704489454,1.0188932E-6,17.895208,0.0069838343,0.08717402,0.007782919,0.038813982,0.024490738,0.021556376,0.0062399744,0.9168561,7.8511344E-5,0.0055222744,6.0186565E-5,1.4032885,0.015752882,null,null,null,null,"TWOGAUSSIANS",8,12.841744,0.9168561,7.8511344E-5,0.030924736,3.3704477E-4,1.4032899,0.016055416,0.08717402,0.007782919,0.2173583,0.13714814,0.021556376,0.0062399744
375316653866487564,5200140518446441856,0.5273495,2187.103086770244,2.9445471642730543,2.4683264E-5,17.983725,0.022543823,0.22236228,0.011347555,0.08427164,0.014758305,0.3193635,0.03380089,0.7091991,0.0053203274,0.0927309,0.012996173,0.33745736,0.024568116,null,null,null,null,"TWOGAUSSIANS",8,15.362081,0.7091991,0.0053203274,0.4,0.0,0.3276356,0.027028047,0.22236228,0.011347555,0.4,0.0,0.30954215,0.026190229
375316653866487564,5200145466248682240,0.61393684,2188.563921207547,3.5651051674896284,1.2031364E-5,18.030106,0.028682822,0.22847259,0.0034599716,0.055535123,0.00842391,0.31427765,0.05658446,0.72784436,0.009663614,0.045467217,0.01747284,0.4154047,0.03830852,0.08967637,0.032311536,0.22847259,0.0034599716,"TWOGAUSSIANS_WITH_ELLIPSOIDAL_ON_ECLIPSE1",9,4.9062996,0.7278844,0.008887811,0.2546164,0.0978479,0.59474224,0.055464633,0.22847259,0.0034599716,0.31099668,0.04717389,0.49361777,0.012873242
375316653866487564,5200145573626445824,0.6692249,2177.366167294449,0.2934887766016076,1.5432399E-5,16.264353,0.0011656444,0.22665286,0.0033301685,0.015366695,0.0019520827,0.72072965,0.052068956,0.55921334,1.4168982E-4,0.006761952,1.8852059E-4,0.20765321,3.4514623E-4,null,null,null,null,"TWOGAUSSIANS",8,5.3963704,0.22665286,0.0033301685,0.08605349,0.010931663,0.72072965,0.052068956,0.55921334,1.4168982E-4,0.037866928,0.0010557153,0.20765321,3.4514623E-4
375316653866487564,5200150349630083328,0.4387213,2167.755929836927,0.38282750845874025,2.6908254E-5,17.449623,0.14110915,0.44578043,0.029957844,0.2056086,0.19482225,0.09100159,0.13319981,0.8711638,0.002074558,0.017304553,0.0029160292,0.2596356,0.079068616,null,null,null,null,"TWOGAUSSIANS",8,11.669517,0.8711638,0.002074558,0.09690549,0.016329763,0.26269582,0.0789706,0.44578043,0.029957844,0.4,0.0,0.08152568,0.018729268
375316653866487564,5200153678224626304,0.6275212,2220.20704974475,1.4854078316848416,4.392283E-6,17.45523,0.0025336032,0.3034922,0.0010249682,0.05724909,0.0018935025,0.34887022,0.019837022,0.7835836,0.017802734,0.031582367,0.016452638,0.015813988,0.0077104797,0.06587005,0.0038554678,0.3034922,0.0010249682,"TWOGAUSSIANS_WITH_ELLIPSOIDAL_ON_ECLIPSE1",9,3.833276,0.3034922,0.0010249682,0.3205949,0.010603614,0.4805852,0.02119026,0.79160357,0.0122009115,0.17686126,0.09213478,0.14629349,0.006009007
375316653866487564,5200153888683185792,0.5048135,2238.647267981942,0.7944560529593422,2.6808148E-5,14.759687,0.0019059716,0.23057006,0.0066116666,0.038155947,0.0044554095,0.062695414,0.020506142,0.71444446,0.014447788,0.035735007,0.010596791,0.18599598,0.024717169,null,null,null,null,"TWOGAUSSIANS",8,60.728985,0.71444446,0.014447788,0.20011605,0.05934203,0.18599598,0.024717169,0.23057006,0.0066116666,0.21367331,0.024950292,0.062695414,0.020506142
375316653866487564,5200153888683186432,0.64539915,2226.4225553520387,1.0961341138773542,3.538532E-6,16.274618,0.0055066436,0.17400599,0.0066123162,0.024555866,0.0076741474,0.11885121,0.100086145,0.6752681,0.0010278168,0.030344795,0.0022540363,1.0006067,0.100091934,0.014743003,0.0054590194,0.6752681,0.0010278168,"TWOGAUSSIANS_WITH_ELLIPSOIDAL_ON_ECLIPSE2",9,21.797792,0.6752681,0.0010278168,0.16993086,0.012622603,1.0300926,0.106207736,0.17401598,0.0065804487,0.13751285,0.04297523,0.14833535,0.10123331
375316653866487564,5200158011851805568,0.5696862,2204.4603816652734,3.500129202527834,8.361848E-6,17.593689,0.010764134,0.18929778,0.0018133114,0.081350096,0.0032384205,0.46635205,0.018123887,0.7030246,0.0039851516,0.07697732,0.0052121514,0.3507032,0.010400176,null,null,null,null,"TWOGAUSSIANS",8,11.010235,0.18929778,0.0018133114,0.4,0.0,0.462155,0.018025447,0.7030246,0.0039851516,0.4,0.0,0.34650618,0.009274055
375316653866487564,5200171751447629184,0.5742377,2236.789348059554,3.138975299327227,4.0096224E-6,15.11575,0.00476138,0.20379508,0.0017590456,0.10159761,0.004076354,0.12986921,0.004558612,0.7107106,0.0017853556,0.10530018,0.006894692,0.09948592,0.0041858503,null,null,null,null,"TWOGAUSSIANS",8,5.4472394,0.20379508,0.0017590704,0.4,0.0,0.11862422,0.0023739717,0.7107106,0.0017853556,0.4,0.0,0.08823979,0.0046123913
375316653866487564,5200178077938749696,0.46327147,2234.920844283388,3.476576596411087,2.3506387E-5,17.094828,0.010725851,0.18040809,0.0059793037,0.021570046,0.008285828,0.08755624,0.0290379,0.6525121,0.0348648,0.06972881,0.03154631,0.084894545,0.027965141,0.07145668,0.013787798,0.18040809,0.0059793037,"TWOGAUSSIANS_WITH_ELLIPSOIDAL_ON_ECLIPSE1",9,52.490242,0.18040809,0.0059793037,0.12079225,0.046400636,0.23043875,0.009132172,0.663492,0.025424968,0.39048132,0.13425744,0.22512265,0.019398075
375316653866487564,5200179383608815744,0.4782317,2213.5876640833935,0.1047004100711177,1.0343286E-5,18.378775,0.013817076,0.31746286,0.010266138,0.081112795,0.012561365,0.19440563,0.023396892,0.8274502,0.011307338,0.045221258,0.0051664687,0.46937236,0.10187688,null,null,null,null,"TWOGAUSSIANS",8,10.739315,0.8274502,0.011307338,0.25323904,0.028932225,0.4692266,0.101891354,0.31746286,0.010266138,0.4,0.0,0.19425988,0.023360211
375316653866487564,5200180547541535360,0.55759543,2240.247078341138,2.9653973438327337,2.3446368E-5,17.66774,0.018011848,0.30832502,0.005496331,0.09227354,0.008441094,0.28271276,0.020477623,0.8061698,0.00547226,0.095334515,0.009539086,0.28408584,0.017120915,null,null,null,null,"TWOGAUSSIANS",8,9.081243,0.8061698,0.00547226,0.4,0.0,0.26832134,0.00836734,0.30832502,0.005496331,0.4,0.0,0.2669486,0.015695373
375316653866487564,5200183816016244608,0.50331205,2226.1335683193156,3.0983654449895113,1.4956164E-5,16.81946,0.3189151,0.26352292,0.0045264293,0.21733657,0.090943016,0.45644706,0.31171244,0.76448554,0.0025547172,0.1604202,0.048816543,0.40090445,0.2541599,null,null,null,null,"TWOGAUSSIANS",8,6.341976,0.76506555,0.0025000076,0.4,0.0,0.1113404,0.0029099244,0.2632529,0.00485171,0.4,0.0,0.10840034,0.00423521
375316653866487564,5200198071006502784,0.5200686,2210.038040353604,0.5737324442646157,3.8317634E-5,18.153214,0.0019430654,0.18136212,0.005006821,0.024363255,0.006794649,0.2689838,0.06431827,0.54653025,0.0047738147,0.021913,0.00879631,0.02403568,0.03703168,null,null,null,null,"TWOGAUSSIANS",8,2.8516872,0.18136212,0.005006821,0.13643423,0.038050037,0.2689838,0.06431827,0.54653025,0.0047738147,0.1227128,0.049259335,0.02403568,0.03703168
375316653866487564,5200201747500884224,0.49047503,2165.888173283309,1.0967191718865936,5.8809077E-5,19.1674,0.0050247465,0.18975642,0.03208837,0.04425251,0.028484782,0.016098646,0.015062733,0.57553643,0.004104387,0.045694213,0.0043691066,0.86792827,0.24661468,null,null,null,null,"TWOGAUSSIANS",8,2.5654178,0.57553643,0.004104387,0.2558876,0.024466999,0.86792827,0.24661468,0.18975642,0.03208837,0.24781407,0.15951478,0.016098646,0.015062733
375316653866487564,5200210234356385792,0.50295675,2181.9956491533867,3.8842945853749025,9.883486E-6,18.962067,0.0077362964,0.22646235,0.0022152246,0.043179765,0.0049699657,0.24668008,0.01844018,0.73688763,0.006191247,0.05067758,0.005083049,0.24965282,0.023258079,0.090429395,0.013170562,0.22646235,0.0022152246,"TWOGAUSSIANS_WITH_ELLIPSOIDAL_ON_ECLIPSE1",9,2.9320538,0.73688763,0.006191247,0.28379443,0.028465075,0.42973623,0.015853839,0.22646235,0.0022152246,0.24180669,0.027831808,0.4275384,0.010435298
375316653866487564,5200212330300384000,0.48552305,2165.4639038524347,3.311682438951439,3.1630312E-5,18.278328,0.020006325,0.23268299,0.0073485067,0.089259334,0.022395723,0.14731424,0.015805673,0.7382404,0.005842501,0.09444628,0.013088124,0.17980887,0.020325243,null,null,null,null,"TWOGAUSSIANS",8,4.1803527,0.7382404,0.005842501,0.4,0.0,0.17241496,0.0145121785,0.23268299,0.0073485067,0.4,0.0,0.13992058,0.016868023
