Gaia/vari_eclipsing_binary/VariEclipsingBinary_668143-668168.csv
# %ECSV 1.0
# ---
# delimiter: ','
# meta: !!omap
# - RELEASE: Gaia DR3
# - TABLE: vari_eclipsing_binary
# - DESCRIPTION: >
#     This table describes the properties of the eclipsing binaries resulting from the variability analysis. 
# - CITATION: >
#     How to cite and acknowledge Gaia: 
#     https://gea.esac.esa.int/archive/documentation/credits.html 
# - KNOWN_ISSUES: >
#     Known issues: 
#     https://www.cosmos.esa.int/web/gaia-users/known-issues 
# - DOCUMENTATION: >
#     Tutorials and documentation: 
#     https://www.cosmos.esa.int/web/gaia-users/archive 
# datatype:
# - 
#   name: solution_id
#   datatype: int64
#   description: Solution Identifier
#   meta:
#     ucd: meta.version
# - 
#   name: source_id
#   datatype: int64
#   description: Unique source identifier
#   meta:
#     ucd: meta.id;meta.main
# - 
#   name: global_ranking
#   datatype: float32
#   description: Number between 0 (worst) and 1 (best)
#   meta:
#     ucd: stat.param
# - 
#   name: reference_time
#   datatype: float64
#   unit: d
#   description: Reference time used for the geometric model fit
#   meta:
#     ucd: time.epoch
# - 
#   name: frequency
#   datatype: float64
#   unit: d**-1
#   description: Frequency of geometric model of the eclipsing binary light curve
#   meta:
#     ucd: src.orbital
# - 
#   name: frequency_error
#   datatype: float32
#   unit: d**-1
#   description: "Uncertainty of \\texttt{frequency}"
#   meta:
#     ucd: stat.error
# - 
#   name: geom_model_reference_level
#   datatype: float32
#   unit: mag
#   description: Magnitude reference level of geometric model
#   meta:
#     ucd: phot.mag;em.opt
# - 
#   name: geom_model_reference_level_error
#   datatype: float32
#   unit: mag
#   description: "Uncertainty of \\texttt{geomModelReferenceLevel}"
#   meta:
#     ucd: stat.error;phot.mag;em.opt
# - 
#   name: geom_model_gaussian1_phase
#   datatype: float32
#   description: Phase of the Gaussian 1 component
#   meta:
#     ucd: time.phase
# - 
#   name: geom_model_gaussian1_phase_error
#   datatype: float32
#   description: "Uncertainty of \\texttt{geomModelGaussian1Phase}"
#   meta:
#     ucd: stat.error;time.phase
# - 
#   name: geom_model_gaussian1_sigma
#   datatype: float32
#   description: "Standard deviation [phase] of Gaussian 1 component"
#   meta:
#     ucd: stat.stdev
# - 
#   name: geom_model_gaussian1_sigma_error
#   datatype: float32
#   description: "Uncertainty of \\texttt{geomModelGaussian1Sigma}"
#   meta:
#     ucd: stat.error
# - 
#   name: geom_model_gaussian1_depth
#   datatype: float32
#   unit: mag
#   description: Magnitude depth of Gaussian 1 component
#   meta:
#     ucd: src.var.amplitude
# - 
#   name: geom_model_gaussian1_depth_error
#   datatype: float32
#   unit: mag
#   description: "Uncertainty of \\texttt{geomModelGaussian1Depth}"
#   meta:
#     ucd: stat.error;src.var.amplitude
# - 
#   name: geom_model_gaussian2_phase
#   datatype: float32
#   description: Phase of Gaussian 2 component
#   meta:
#     ucd: time.phase
# - 
#   name: geom_model_gaussian2_phase_error
#   datatype: float32
#   description: "Uncertainty of \\texttt{geomModelGaussian2Phase}"
#   meta:
#     ucd: stat.error;time.phase
# - 
#   name: geom_model_gaussian2_sigma
#   datatype: float32
[...]
#   datatype: float32
#   description: "Secondary eclipse: uncertainty of \\texttt{derivedSecondaryEclDuration}"
#   meta:
#     ucd: stat.error;time.duration
# - 
#   name: derived_secondary_ecl_depth
#   datatype: float32
#   unit: mag
#   description: "Secondary eclipse: depth"
#   meta:
#     ucd: src.var.amplitude
# - 
#   name: derived_secondary_ecl_depth_error
#   datatype: float32
#   unit: mag
#   description: "Secondary eclipse: uncertainty of \\texttt{derivedSecondaryEclDepth}"
#   meta:
#     ucd: stat.error;src.var.amplitude
solution_id,source_id,global_ranking,reference_time,frequency,frequency_error,geom_model_reference_level,geom_model_reference_level_error,geom_model_gaussian1_phase,geom_model_gaussian1_phase_error,geom_model_gaussian1_sigma,geom_model_gaussian1_sigma_error,geom_model_gaussian1_depth,geom_model_gaussian1_depth_error,geom_model_gaussian2_phase,geom_model_gaussian2_phase_error,geom_model_gaussian2_sigma,geom_model_gaussian2_sigma_error,geom_model_gaussian2_depth,geom_model_gaussian2_depth_error,geom_model_cosine_half_period_amplitude,geom_model_cosine_half_period_amplitude_error,geom_model_cosine_half_period_phase,geom_model_cosine_half_period_phase_error,model_type,num_model_parameters,reduced_chi2,derived_primary_ecl_phase,derived_primary_ecl_phase_error,derived_primary_ecl_duration,derived_primary_ecl_duration_error,derived_primary_ecl_depth,derived_primary_ecl_depth_error,derived_secondary_ecl_phase,derived_secondary_ecl_phase_error,derived_secondary_ecl_duration,derived_secondary_ecl_duration_error,derived_secondary_ecl_depth,derived_secondary_ecl_depth_error
[from data line 610]
375316653866487564,5877274655648654208,0.56842774,2206.7156451449864,3.757989396544155,6.8256622E-6,19.102757,0.007808736,0.26845312,0.0017288877,0.075052425,0.0026455752,0.5092793,0.01516146,0.76696855,0.002613765,0.07572366,0.003073399,0.44827655,0.010223035,null,null,null,null,"TWOGAUSSIANS",8,2.3376818,0.26845312,0.0017288877,0.4,0.0,0.50549585,0.0153475525,0.76696855,0.002613765,0.4,0.0,0.44449314,0.010221057
375316653866487564,5877274724368231296,0.44843903,2235.7897184516705,2.313275777468546,3.851105E-5,19.681572,0.038422912,0.26228306,0.010104688,0.06638519,0.011121179,0.38316637,0.03998952,0.7410122,0.009017173,0.072168574,0.025240716,0.4318547,0.053433236,null,null,null,null,"TWOGAUSSIANS",8,12.845821,0.7410122,0.009017173,0.4,0.06551757,0.4311668,0.05582365,0.26228306,0.010104688,0.37175706,0.062278602,0.38247848,0.038816124
375316653866487564,5877274788798177792,0.5667683,2218.744356461263,2.2822537753119616,8.06768E-6,18.3085,0.009869104,0.25201952,0.0025710803,0.09201738,0.004984406,0.26063016,0.0096185105,0.7484687,0.0018007767,0.10015412,0.004462015,0.23939228,0.009875834,null,null,null,null,"TWOGAUSSIANS",8,1.7578894,0.25201952,0.0025710803,0.4,0.0,0.24455446,0.006526755,0.7484687,0.0018007767,0.4,0.0,0.2233149,0.005902119
375316653866487564,5877274891885005056,0.6479422,2223.2894587027045,1.091643681221364,4.9013606E-6,15.994308,0.0026701498,0.24487552,5.117898E-4,0.048058067,7.3906867E-4,0.46263084,0.007281892,0.7476271,0.002878659,0.043619797,0.0031560638,0.10732243,0.008211964,0.051447187,0.004290344,0.24487552,5.117898E-4,"TWOGAUSSIANS_WITH_ELLIPSOIDAL_ON_ECLIPSE1",9,10.895822,0.24487552,5.117898E-4,0.26912516,0.0041387845,0.5655245,0.005123789,0.7476271,0.002878659,0.24427086,0.017673958,0.21018536,0.0051082172
375316653866487564,5877275205404838016,0.53143543,2216.4855927854965,1.5475594565717914,1.11470645E-5,18.900776,0.0075055384,0.24980259,0.0022000717,0.08157176,0.00407141,0.3908581,0.026650107,0.75375426,0.0024946695,0.065852694,0.0036232655,0.43054166,0.008542725,null,null,null,null,"TWOGAUSSIANS",8,4.210403,0.75375426,0.0024946695,0.3687751,0.020290287,0.42818916,0.008286969,0.24980259,0.0022000717,0.4,0.0,0.38850558,0.027091796
375316653866487564,5877275510335799424,0.54978955,2226.2290421899056,3.958012895390503,1.5288124E-5,16.132223,0.07627642,0.26516366,0.0042960267,0.1153928,0.013156779,0.38931364,0.06401142,0.7354676,0.008762303,0.15659651,0.019608421,0.4027752,0.07008726,null,null,null,null,"TWOGAUSSIANS",8,39.745743,0.7354676,0.008762303,0.4,0.0,0.28541052,0.011582791,0.26723364,0.003557477,0.4,0.0,0.27765137,0.009073386
375316653866487564,5877276133118456832,0.45050132,2237.9048715982362,2.34882915049476,4.7513568E-5,18.744465,0.016833985,0.24725573,0.015396435,0.077151336,0.015909662,0.27008995,0.031396527,0.7277512,0.008846288,0.0776997,0.010437436,0.23564409,0.030694326,null,null,null,null,"TWOGAUSSIANS",8,15.154636,0.24725573,0.015396435,0.4,0.0,0.26827556,0.029099938,0.7277512,0.008846288,0.4,0.0,0.2338297,0.029512202
375316653866487564,5877276201837621632,0.5595903,2217.752593673621,2.4486185365609106,1.1747355E-5,19.143047,0.007134249,0.2947692,0.0023601882,0.08007601,0.0024644225,0.4602981,0.013147843,0.7921525,0.0021445644,0.082419544,0.0027225711,0.47769818,0.011096733,null,null,null,null,"TWOGAUSSIANS",8,2.1269207,0.7921525,0.0021445644,0.4,0.0,0.46985155,0.010746859,0.2947692,0.0023601882,0.4,0.0,0.45245144,0.012895857
375316653866487564,5877276511148563072,0.46524253,2227.9797749353047,1.0756318585712652,2.9803672E-5,16.826532,0.0030485527,0.22410744,0.020610608,0.027525034,0.010884579,0.054423444,0.021905666,0.7241447,0.003493535,0.032332815,0.0029280768,0.22050813,0.032431588,null,null,null,null,"TWOGAUSSIANS",8,32.14073,0.7241447,0.003493535,0.18106376,0.016397228,0.22050813,0.032431588,0.22410744,0.020610608,0.15414019,0.060953643,0.054423444,0.021905666
375316653866487564,5877276575482019840,0.51663893,2228.1123367088744,1.7490014857657685,1.9669387E-5,19.03002,0.002873228,0.27515718,0.0030768772,0.059532788,0.0029437267,0.40345377,0.039714105,0.78051275,0.0054292325,0.06020273,0.008829245,0.09490298,0.008836399,null,null,null,null,"TWOGAUSSIANS",8,1.762005,0.27515718,0.0030768772,0.33338362,0.01648487,0.4034018,0.039730538,0.78051275,0.0054292325,0.3371353,0.04944377,0.094850995,0.008880562
375316653866487564,5877276644196431872,0.6065352,2209.6469039532553,2.9928629129639823,7.2506477E-6,18.366,0.023405945,0.24526878,0.002064216,0.0629997,0.005746444,0.33222926,0.047750913,0.7466366,0.0017888964,0.04942983,0.007079092,0.33427575,0.041433726,0.11307396,0.025286157,0.24526878,0.002064216,"TWOGAUSSIANS_WITH_ELLIPSOIDAL_ON_ECLIPSE1",9,5.138332,0.7466366,0.0017860028,0.27680704,0.039642915,0.560281,0.016949454,0.24526878,0.002064216,0.35279834,0.032180086,0.5582512,0.011468644
