Gaia/vari_eclipsing_binary/VariEclipsingBinary_052637-052821.csv
# %ECSV 1.0
# ---
# delimiter: ','
# meta: !!omap
# - RELEASE: Gaia DR3
# - TABLE: vari_eclipsing_binary
# - DESCRIPTION: >
#     This table describes the properties of the eclipsing binaries resulting from the variability analysis. 
# - CITATION: >
#     How to cite and acknowledge Gaia: 
#     https://gea.esac.esa.int/archive/documentation/credits.html 
# - KNOWN_ISSUES: >
#     Known issues: 
#     https://www.cosmos.esa.int/web/gaia-users/known-issues 
# - DOCUMENTATION: >
#     Tutorials and documentation: 
#     https://www.cosmos.esa.int/web/gaia-users/archive 
# datatype:
# - 
#   name: solution_id
#   datatype: int64
#   description: Solution Identifier
#   meta:
#     ucd: meta.version
# - 
#   name: source_id
#   datatype: int64
#   description: Unique source identifier
#   meta:
#     ucd: meta.id;meta.main
# - 
#   name: global_ranking
#   datatype: float32
#   description: Number between 0 (worst) and 1 (best)
#   meta:
#     ucd: stat.param
# - 
#   name: reference_time
#   datatype: float64
#   unit: d
#   description: Reference time used for the geometric model fit
#   meta:
#     ucd: time.epoch
# - 
#   name: frequency
#   datatype: float64
#   unit: d**-1
#   description: Frequency of geometric model of the eclipsing binary light curve
#   meta:
#     ucd: src.orbital
# - 
#   name: frequency_error
#   datatype: float32
#   unit: d**-1
#   description: "Uncertainty of \\texttt{frequency}"
#   meta:
#     ucd: stat.error
# - 
#   name: geom_model_reference_level
#   datatype: float32
#   unit: mag
#   description: Magnitude reference level of geometric model
#   meta:
#     ucd: phot.mag;em.opt
# - 
#   name: geom_model_reference_level_error
#   datatype: float32
#   unit: mag
#   description: "Uncertainty of \\texttt{geomModelReferenceLevel}"
#   meta:
#     ucd: stat.error;phot.mag;em.opt
# - 
#   name: geom_model_gaussian1_phase
#   datatype: float32
#   description: Phase of the Gaussian 1 component
#   meta:
#     ucd: time.phase
# - 
#   name: geom_model_gaussian1_phase_error
#   datatype: float32
#   description: "Uncertainty of \\texttt{geomModelGaussian1Phase}"
#   meta:
#     ucd: stat.error;time.phase
# - 
#   name: geom_model_gaussian1_sigma
#   datatype: float32
#   description: "Standard deviation [phase] of Gaussian 1 component"
#   meta:
#     ucd: stat.stdev
# - 
#   name: geom_model_gaussian1_sigma_error
#   datatype: float32
#   description: "Uncertainty of \\texttt{geomModelGaussian1Sigma}"
#   meta:
#     ucd: stat.error
# - 
#   name: geom_model_gaussian1_depth
#   datatype: float32
#   unit: mag
#   description: Magnitude depth of Gaussian 1 component
#   meta:
#     ucd: src.var.amplitude
# - 
#   name: geom_model_gaussian1_depth_error
#   datatype: float32
#   unit: mag
#   description: "Uncertainty of \\texttt{geomModelGaussian1Depth}"
#   meta:
#     ucd: stat.error;src.var.amplitude
# - 
#   name: geom_model_gaussian2_phase
#   datatype: float32
#   description: Phase of Gaussian 2 component
#   meta:
#     ucd: time.phase
# - 
#   name: geom_model_gaussian2_phase_error
#   datatype: float32
#   description: "Uncertainty of \\texttt{geomModelGaussian2Phase}"
#   meta:
#     ucd: stat.error;time.phase
# - 
#   name: geom_model_gaussian2_sigma
#   datatype: float32
[...]
#   datatype: float32
#   description: "Secondary eclipse: uncertainty of \\texttt{derivedSecondaryEclDuration}"
#   meta:
#     ucd: stat.error;time.duration
# - 
#   name: derived_secondary_ecl_depth
#   datatype: float32
#   unit: mag
#   description: "Secondary eclipse: depth"
#   meta:
#     ucd: src.var.amplitude
# - 
#   name: derived_secondary_ecl_depth_error
#   datatype: float32
#   unit: mag
#   description: "Secondary eclipse: uncertainty of \\texttt{derivedSecondaryEclDepth}"
#   meta:
#     ucd: stat.error;src.var.amplitude
solution_id,source_id,global_ranking,reference_time,frequency,frequency_error,geom_model_reference_level,geom_model_reference_level_error,geom_model_gaussian1_phase,geom_model_gaussian1_phase_error,geom_model_gaussian1_sigma,geom_model_gaussian1_sigma_error,geom_model_gaussian1_depth,geom_model_gaussian1_depth_error,geom_model_gaussian2_phase,geom_model_gaussian2_phase_error,geom_model_gaussian2_sigma,geom_model_gaussian2_sigma_error,geom_model_gaussian2_depth,geom_model_gaussian2_depth_error,geom_model_cosine_half_period_amplitude,geom_model_cosine_half_period_amplitude_error,geom_model_cosine_half_period_phase,geom_model_cosine_half_period_phase_error,model_type,num_model_parameters,reduced_chi2,derived_primary_ecl_phase,derived_primary_ecl_phase_error,derived_primary_ecl_duration,derived_primary_ecl_duration_error,derived_primary_ecl_depth,derived_primary_ecl_depth_error,derived_secondary_ecl_phase,derived_secondary_ecl_phase_error,derived_secondary_ecl_duration,derived_secondary_ecl_duration_error,derived_secondary_ecl_depth,derived_secondary_ecl_depth_error
[from data line 218]
375316653866487564,463514588573390592,0.5739827,2178.5675121794175,3.0381706244640005,1.04259425E-5,18.779493,0.009292342,0.2594236,0.0038310124,0.079844326,0.004283323,0.45501518,0.020299919,0.74750423,0.0033907685,0.074339144,0.0035742966,0.5933525,0.019074738,null,null,null,null,"TWOGAUSSIANS",8,3.5551116,0.74750423,0.0033907685,0.4,0.0,0.58918345,0.019100534,0.2594236,0.0038310124,0.4,0.0,0.4508461,0.020562848
375316653866487564,463515413207367936,0.51913327,2173.0780472399765,0.9928871913344653,1.8042212E-5,19.163946,0.003294202,0.31018433,0.0020993745,0.010484019,0.0012791571,0.41023263,0.08629063,0.7672402,0.0048496434,0.023963023,0.0067599914,0.0417587,0.051103856,null,null,null,null,"TWOGAUSSIANS",8,1.1795893,0.31018433,0.0020993745,0.05871051,0.00716328,0.41023263,0.08629063,0.7672402,0.0048496434,0.13419293,0.037855953,0.0417587,0.051103856
375316653866487564,463515585006155520,0.49764234,2186.3514695284093,2.684969974553987,1.6263508E-5,18.272678,0.0028990987,0.29532492,0.0046254583,0.020447625,0.008677036,0.007112908,0.006352406,null,null,null,null,null,null,0.055737942,0.004144757,0.29532492,0.0046254583,"ONEGAUSSIAN_WITH_ELLIPSOIDAL",6,2.662242,0.29532492,0.0046254583,0.11450669,0.0485914,0.11858858,0.004515949,null,null,null,null,null,null
375316653866487564,463516963694235008,0.48642105,2194.303130035782,0.6394703727024859,2.8275994E-5,15.857609,0.0011897124,0.27102166,0.005393765,0.021208905,0.018623974,0.009910941,0.0141714085,null,null,null,null,null,null,0.022188624,0.0015779554,0.27102166,0.005393765,"ONEGAUSSIAN_WITH_ELLIPSOIDAL",6,7.023873,0.27102166,0.005393765,0.11876987,0.104294255,0.05428819,0.014018495,null,null,null,null,null,null
375316653866487564,463517440432173184,0.515324,2205.8054948468443,2.5155114918055355,2.1302561E-5,19.444798,0.015398611,0.22267361,0.0047885664,0.089033335,0.007456664,0.33235288,0.019224579,0.727365,0.0036769065,0.08138464,0.0061539,0.36640853,0.01595045,null,null,null,null,"TWOGAUSSIANS",8,2.0839078,0.727365,0.0036769065,0.4,0.0,0.35774478,0.012282683,0.22267361,0.0047885664,0.4,0.0,0.323689,0.018345945
375316653866487564,463518028846118144,0.64729345,2201.274086007884,0.44711880913867785,2.7079839E-6,15.621995,0.0010524841,0.35597068,4.724957E-4,0.03177027,7.5504766E-4,0.29865095,0.00936602,0.85760677,0.023636255,0.032639734,0.023784548,0.06799829,0.49423602,0.007284105,0.0019934631,0.35597068,4.724957E-4,"TWOGAUSSIANS_WITH_ELLIPSOIDAL_ON_ECLIPSE1",9,3.079624,0.35597068,4.724957E-4,0.17791352,0.004228267,0.31321916,0.009656996,0.85760677,0.023608582,0.1827825,0.13319346,0.08256494,0.49646583
375316653866487564,463524759055025792,0.5885348,2222.304797109936,2.6330459122994245,9.677054E-6,18.500967,0.004237491,0.27303836,0.0026599676,0.06965729,0.0030864608,0.413841,0.008024258,0.7834178,0.0032313883,0.07404707,0.0029247957,0.44687915,0.012365073,null,null,null,null,"TWOGAUSSIANS",8,2.2347007,0.7834178,0.0032313883,0.4,0.0,0.44530943,0.012409697,0.27303836,0.0026599676,0.3900808,0.017284181,0.4122713,0.007987882
375316653866487564,463524969514570752,0.5171831,2223.7359039018147,1.218779497783043,1.3696272E-5,15.407559,0.00161103,0.24075401,0.0071746097,0.054115765,0.0063477317,0.05567552,0.0043927045,0.74199826,0.0022998468,0.052121695,0.004264497,0.05779413,0.0036462958,null,null,null,null,"TWOGAUSSIANS",8,5.778466,0.74199826,0.0022998468,0.2918815,0.023881186,0.05779247,0.0036472604,0.24075401,0.0071746097,0.30304828,0.035547297,0.05567386,0.004392304
375316653866487564,463525652408307328,0.5826649,2170.9141112365846,2.120535113204299,1.0802125E-5,18.937763,0.0132200625,0.30096015,0.003022486,0.08538916,0.005221303,0.27500325,0.015377056,0.7995387,0.0039194147,0.06608271,0.00435294,0.6620191,0.030195236,null,null,null,null,"TWOGAUSSIANS",8,4.039876,0.7995387,0.0039194147,0.37006316,0.024376463,0.65873104,0.030012544,0.30096015,0.003022486,0.4,0.0,0.27171522,0.014322141
375316653866487564,463530119174586880,0.4696145,2143.624809890831,1.2344318137838586,7.708833E-5,19.743258,0.005443437,0.22452447,0.004267839,0.038376123,0.0061208205,0.4445867,0.10318701,0.71080434,0.011470889,0.03553381,0.011522118,0.14784744,0.05219806,null,null,null,null,"TWOGAUSSIANS",8,2.1106765,0.22452447,0.004267839,0.21490629,0.034276597,0.4445867,0.10318701,0.71080434,0.011470889,0.19898933,0.06452386,0.14784744,0.05219806
375316653866487564,463535444934425344,0.57216305,2154.460534074564,2.653182043612527,7.609233E-6,18.313362,0.007581245,0.2271056,0.001359103,0.08308846,0.0043151197,0.30508548,0.010688073,0.72622013,0.0026688552,0.08730145,0.0034196593,0.30498055,0.008100819,null,null,null,null,"TWOGAUSSIANS",8,2.0951145,0.2271056,0.001359103,0.4,0.0,0.29698065,0.011429189,0.72622013,0.0026688552,0.4,0.0,0.29687566,0.0064135897
375316653866487564,463535788531910784,0.5149925,2168.6032641763213,1.7684677157717092,1.6387243E-5,19.04505,0.004652911,0.60333794,0.0033336896,0.04319401,0.0027462845,0.41662794,0.06155517,null,null,null,null,null,null,null,null,null,null,"ONEGAUSSIAN",5,2.3742676,0.60333794,0.0033336896,0.24188647,0.015379193,0.41662794,0.0,null,null,null,null,null,null
375316653866487564,463548364196401536,0.62732357,2180.138957359303,3.5856274298807693,3.0722663E-6,18.490856,0.008691223,0.2722909,7.7515375E-4,0.046146758,0.0027715345,0.47883764,0.02246426,0.77938205,0.002376997,0.042410597,0.0046197227,0.3975092,0.041194115,0.12641184,0.014600467,0.2722909,7.7515375E-4,"TWOGAUSSIANS_WITH_ELLIPSOIDAL_ON_ECLIPSE1",9,2.2144246,0.2722909,7.7515375E-4,0.25842184,0.015520593,0.7316606,0.02807161,0.77938205,0.002376997,0.23749934,0.025870448,0.6498306,0.04988632
375316653866487564,463559771629550336,0.53941655,2165.3845616694903,0.17887691773717113,2.077361E-5,18.793375,0.002381656,0.38940406,0.004938611,0.011223404,0.0060198265,0.043622423,0.011611098,0.8254177,3.505123E-5,0.005339049,9.384287E-5,0.68551666,0.012668852,null,null,null,null,"TWOGAUSSIANS",8,1.2032095,0.8254177,3.505123E-5,0.029898673,5.2552007E-4,0.68551666,0.012668852,0.38940406,0.004938611,0.062851064,0.033711027,0.043622423,0.011611098
375316653866487564,463561150317450112,0.64478225,2177.371684272934,0.9028269814688226,3.7924733E-6,14.880835,9.974708E-4,0.23037012,0.00203287,0.03591886,0.0037716099,0.047971662,0.0033134944,0.7254688,8.4494485E-4,0.04377353,0.0010953235,0.13614178,0.0025867587,0.017895363,0.0013574248,0.23037012,0.00203287,"TWOGAUSSIANS_WITH_ELLIPSOIDAL_ON_ECLIPSE1",9,4.15695,0.72565883,7.943076E-4,0.24513176,0.0061338115,0.17189984,0.0018981682,0.23037012,0.00203287,0.20114562,0.021121016,0.083762355,0.0027985258
375316653866487564,463566579155997824,0.5330213,2185.9029384821433,2.081666390125484,1.064236E-5,15.528844,6.611821E-4,0.2783933,0.0027261232,0.052744515,0.013606373,0.0062109306,0.003883581,null,null,null,null,null,null,0.024877803,0.0010854244,0.2783933,0.0027261232,"ONEGAUSSIAN_WITH_ELLIPSOIDAL",6,3.75141,0.2783933,0.0027261232,0.2953693,0.076195695,0.055966422,0.0039580627,null,null,null,null,null,null
375316653866487564,463572454666347648,0.47237444,2176.540467121753,2.4909845403763797,2.272897E-5,18.804552,0.026310608,0.24642324,0.0064337715,0.09509982,0.0126466155,0.27027667,0.026944153,0.7453494,0.007831133,0.07561617,0.032971907,0.2793663,0.29892227,null,null,null,null,"TWOGAUSSIANS",8,8.891497,0.7453494,0.007831133,0.4,0.12469404,0.27203512,0.30683464,0.24642324,0.0064337715,0.4,0.0,0.26294497,0.021382082
375316653866487564,463575821925666432,0.6044534,2191.6230628051153,2.1366349395741326,5.35681E-6,17.367647,0.0022217627,0.24759002,0.0024333594,0.03019086,0.016840508,0.040010337,0.055831444,0.75046116,0.0023470456,0.055572383,0.001985841,0.19546823,0.0073499978,0.06239352,0.0028249514,0.24759002,0.0024333594,"TWOGAUSSIANS_WITH_ELLIPSOIDAL_ON_ECLIPSE1",9,2.2499795,0.75046116,0.0023470456,0.31120533,0.01112071,0.32020843,0.005728985,0.24759002,0.0024333594,0.16906881,0.09430684,0.16479114,0.056744657
375316653866487564,463576543480231936,0.5640807,2193.0041513548126,0.17690558155832986,1.484577E-4,17.785326,0.0029827403,0.26529497,0.017885428,0.021499172,0.008030711,0.5497534,0.52322704,0.6468605,0.034034155,0.10222046,0.10309096,0.012615355,39.124905,null,null,null,null,"TWOGAUSSIANS",8,1.3476523,0.26529497,0.017885428,0.12039536,0.04497198,0.5497651,0.52322406,0.6468605,0.034034155,0.4,0.30377796,0.012615167,39.12491
375316653866487564,463577780430782208,0.6572091,2178.719052214224,1.9102446345890314,5.637986E-6,15.280171,0.010256371,0.26196262,7.058441E-4,0.061631903,0.005412849,0.17829439,0.017533373,0.7665684,0.0043915566,0.053131092,0.009428885,0.14990246,0.04124679,0.08046094,0.011013437,0.26196262,7.058441E-4,"TWOGAUSSIANS_WITH_ELLIPSOIDAL_ON_ECLIPSE1",9,12.941857,0.26196262,7.058441E-4,0.34513867,0.030311955,0.33916676,0.007232538,0.7665684,0.0043915566,0.2975341,0.052801758,0.3106401,0.047456082
375316653866487564,463578089668177408,0.62447196,2188.931174609296,2.9826575032979643,4.0159325E-6,17.595715,0.013693485,0.27244654,0.0013461515,0.055717763,0.0063921064,0.2026249,0.027273966,0.7669113,0.02275614,0.057453927,0.011645717,0.21481216,0.05694311,0.081482396,0.01631299,0.27244654,0.0013461515,"TWOGAUSSIANS_WITH_ELLIPSOIDAL_ON_ECLIPSE1",9,2.9546332,0.7678213,0.019562388,0.32174197,0.06521601,0.3775917,0.045413956,0.27244654,0.0013461515,0.31201947,0.035795797,0.36556897,0.01318138
375316653866487564,463578291526321920,0.53512555,2153.4313987258197,2.6967494020002585,1.7758513E-5,19.651085,0.014837813,0.2688629,0.0045096707,0.060341615,0.00525136,0.66481364,0.016601317,0.77878505,0.00674427,0.06821066,0.0068516443,0.6676272,0.034828138,null,null,null,null,"TWOGAUSSIANS",8,2.9512174,0.77878505,0.00674427,0.3819797,0.03836921,0.6671176,0.034764204,0.2688629,0.0045096707,0.33791304,0.029407617,0.6643041,0.016347803
375316653866487564,463579842015029120,0.48835695,2184.4915059383734,0.09011684398077369,3.0171166E-6,15.8166065,0.003039867,0.1308544,0.011648319,0.010435207,0.010198613,0.03179469,1977790.9,0.37962732,0.0010508505,0.0030183343,6.0188334E-4,0.49096742,0.10768989,0.017623106,0.0044479677,0.1308544,0.011648319,"TWOGAUSSIANS_WITH_ELLIPSOIDAL_ON_ECLIPSE1",9,114.16319,0.37962732,0.0010508505,0.016902672,0.0033705467,0.4909695,0.10769226,0.1308544,0.011648319,0.058437157,0.05711223,0.0670409,1977790.9
375316653866487564,463580387470449920,0.550874,2182.6227562297413,3.8819110443017917,2.2423324E-5,19.83468,0.017220218,0.30450934,0.005076419,0.08206849,0.005044383,0.60945016,0.0388847,0.78277886,0.0052346834,0.07535078,0.0069230064,0.54155797,0.056453906,null,null,null,null,"TWOGAUSSIANS",8,1.7098886,0.30450934,0.005076419,0.4,0.0,0.6047101,0.039157454,0.78277886,0.0052346834,0.4,0.0060896766,0.53681797,0.057468027
375316653866487564,463580735368210304,0.6229664,2192.917233111972,0.5091835319364935,6.342244E-6,17.131784,0.0015582062,0.5711599,3.432729E-4,0.014156911,4.05471E-4,0.5333394,0.014117767,null,null,null,null,null,null,null,null,null,null,"ONEGAUSSIAN",5,4.9896183,0.5711599,3.432729E-4,0.0792787,0.0022706375,0.5333394,0.0,null,null,null,null,null,null
375316653866487564,463581560001892352,0.60266674,2181.958983668719,1.8862586706950324,4.2770885E-6,18.393536,0.0057690213,0.26221278,0.007156764,0.07039007,0.005904548,0.15955564,0.0126522705,0.7590398,0.0012895496,0.06192091,0.0024048549,0.45024547,0.013715608,null,null,null,null,"TWOGAUSSIANS",8,2.0556443,0.7590398,0.0012895496,0.3467571,0.013467187,0.4498756,0.013789774,0.26221278,0.007156764,0.39418438,0.025767805,0.15918577,0.012574114
375316653866487564,463583587221114112,0.4927427,2206.2414354924854,1.2598430651934807,7.302003E-5,17.246534,0.0028510622,0.2909773,0.0031802459,0.04613147,0.0031405634,0.16913548,0.007716585,0.79818094,0.047470976,0.061735913,0.030415004,0.0382406,0.010902545,null,null,null,null,"TWOGAUSSIANS",8,5.6374006,0.2909773,0.0031802459,0.25833622,0.017587155,0.16913326,0.0077162944,0.79818094,0.047470976,0.34572113,0.17032403,0.03823838,0.0109045915
375316653866487564,463590149937968896,0.6612883,2204.6705636779875,0.10848655750807988,1.4412674E-5,13.323764,4.7289435E-4,0.2626755,0.0071127815,0.00798309,0.0070380126,0.0071128854,0.0047181714,0.5610256,0.0065337247,0.03151285,0.0036670896,1.0992428,0.64355165,null,null,null,null,"TWOGAUSSIANS",8,9.106261,0.5610256,0.0065337247,0.17647196,0.020535702,1.0992428,0.64355165,0.2626755,0.0071127815,0.04470531,0.03941287,0.0071128854,0.0047181714
375316653866487564,463591897986040448,0.48235002,2194.142900670943,2.8778050815395932,3.3575016E-5,19.483238,0.06822449,0.23093507,0.0104698,0.11718364,0.022544228,0.29733554,0.06631247,0.7452867,0.0070935427,0.11452277,0.024272667,0.2739943,0.06178552,null,null,null,null,"TWOGAUSSIANS",8,1.6174704,0.23089507,0.010446171,0.4,0.0,0.24878164,0.017722068,0.7453467,0.0070621273,0.4,0.0,0.22546983,0.020056607
375316653866487564,463592516461386880,0.52396286,2201.15706087837,3.7653346571697766,1.412729E-5,18.703875,0.030695004,0.23621103,0.00373875,0.097354315,0.013005393,0.27405176,0.02564257,0.73744106,0.0093358215,0.10979078,0.01786321,0.25405475,0.027505627,null,null,null,null,"TWOGAUSSIANS",8,2.7888896,0.23621103,0.00373875,0.4,0.0,0.24595958,0.014310898,0.73744106,0.0093358215,0.4,0.0,0.22594765,0.0145736495
375316653866487564,463593615973123072,0.6383283,2215.175723655018,2.9531288882031057,8.259466E-6,18.033802,0.017179541,0.27602682,0.0012607132,0.05140806,0.003067385,0.46799457,0.036333025,0.7749686,0.014254633,0.048720684,0.010998277,0.4346778,0.070745476,0.106749,0.019572863,0.27602682,0.0012607132,"TWOGAUSSIANS_WITH_ELLIPSOIDAL_ON_ECLIPSE1",9,5.895959,0.27602682,0.0012607132,0.28788513,0.017177356,0.6814884,0.010603895,0.7750586,0.012898549,0.27283585,0.061590355,0.64816296,0.06611714
375316653866487564,463594956002783744,0.5914849,2139.734242821847,1.9292946218505078,1.5920343E-5,19.112577,0.014220987,0.23222615,0.0043206546,0.083523475,0.0067599304,0.27307847,0.013498537,0.72805434,0.009089316,0.07045279,0.012267048,0.6111946,0.05313537,null,null,null,null,"TWOGAUSSIANS",8,1.8357784,0.72805434,0.009089316,0.3945356,0.040161952,0.60754263,0.054150622,0.23222615,0.0043206546,0.4,0.0,0.2694265,0.01057849
375316653866487564,463595127801484160,0.5306988,2152.541339548561,1.0668103151838038,3.3872046E-5,17.993084,0.0066917576,0.18877687,0.028359821,0.048492905,0.026601609,0.038640153,0.016994454,0.70596915,0.0020997373,0.02257531,0.0011478262,0.504214,0.02465579,null,null,null,null,"TWOGAUSSIANS",8,10.650534,0.70596915,0.0020997373,0.12642173,0.006427827,0.504214,0.02465579,0.18877687,0.028359821,0.27156025,0.14896901,0.038640153,0.016994454
375316653866487564,463596609564396032,0.5745411,2206.8236156407415,2.5228569602908735,1.0404228E-5,18.901152,0.0066474015,0.23085928,0.003883618,0.07605008,0.0043444466,0.4055551,0.02752199,0.7306259,0.0035890792,0.07048392,0.003699118,0.47629988,0.016480612,null,null,null,null,"TWOGAUSSIANS",8,2.689906,0.7306259,0.0035890792,0.39470997,0.019708725,0.47372076,0.016419735,0.23085928,0.003883618,0.4,0.0,0.40297595,0.028039392
375316653866487564,463598701214374784,0.48932186,2166.6927299563285,0.8037674326771266,5.2446943E-5,19.558311,0.00810151,0.30299222,0.010148881,0.036428228,0.00700932,0.4474934,0.07599374,0.71905,0.045369733,0.07744504,0.043345425,0.03648839,0.014642844,null,null,null,null,"TWOGAUSSIANS",8,2.5402086,0.30299222,0.010148881,0.20399807,0.03925219,0.44749317,0.0759936,0.71905,0.045369733,0.4,0.19389808,0.03648811,0.014642635
375316653866487564,463599388409744640,0.6151065,2216.5684017319554,0.4101190336094992,1.3289007E-4,16.999485,0.0013019907,0.31448707,0.057657633,0.03066948,0.022298217,0.37923375,0.27109915,null,null,null,null,null,null,null,null,null,null,"ONEGAUSSIAN",5,2.2931473,0.31448707,0.057657633,0.1717491,0.12487001,0.37923375,0.0,null,null,null,null,null,null
