Gaia/vari_eclipsing_binary/VariEclipsingBinary_686934-687105.csv
# %ECSV 1.0
# ---
# delimiter: ','
# meta: !!omap
# - RELEASE: Gaia DR3
# - TABLE: vari_eclipsing_binary
# - DESCRIPTION: >
#     This table describes the properties of the eclipsing binaries resulting from the variability analysis. 
# - CITATION: >
#     How to cite and acknowledge Gaia: 
#     https://gea.esac.esa.int/archive/documentation/credits.html 
# - KNOWN_ISSUES: >
#     Known issues: 
#     https://www.cosmos.esa.int/web/gaia-users/known-issues 
# - DOCUMENTATION: >
#     Tutorials and documentation: 
#     https://www.cosmos.esa.int/web/gaia-users/archive 
# datatype:
# - 
#   name: solution_id
#   datatype: int64
#   description: Solution Identifier
#   meta:
#     ucd: meta.version
# - 
#   name: source_id
#   datatype: int64
#   description: Unique source identifier
#   meta:
#     ucd: meta.id;meta.main
# - 
#   name: global_ranking
#   datatype: float32
#   description: Number between 0 (worst) and 1 (best)
#   meta:
#     ucd: stat.param
# - 
#   name: reference_time
#   datatype: float64
#   unit: d
#   description: Reference time used for the geometric model fit
#   meta:
#     ucd: time.epoch
# - 
#   name: frequency
#   datatype: float64
#   unit: d**-1
#   description: Frequency of geometric model of the eclipsing binary light curve
#   meta:
#     ucd: src.orbital
# - 
#   name: frequency_error
#   datatype: float32
#   unit: d**-1
#   description: "Uncertainty of \\texttt{frequency}"
#   meta:
#     ucd: stat.error
# - 
#   name: geom_model_reference_level
#   datatype: float32
#   unit: mag
#   description: Magnitude reference level of geometric model
#   meta:
#     ucd: phot.mag;em.opt
# - 
#   name: geom_model_reference_level_error
#   datatype: float32
#   unit: mag
#   description: "Uncertainty of \\texttt{geomModelReferenceLevel}"
#   meta:
#     ucd: stat.error;phot.mag;em.opt
# - 
#   name: geom_model_gaussian1_phase
#   datatype: float32
#   description: Phase of the Gaussian 1 component
#   meta:
#     ucd: time.phase
# - 
#   name: geom_model_gaussian1_phase_error
#   datatype: float32
#   description: "Uncertainty of \\texttt{geomModelGaussian1Phase}"
#   meta:
#     ucd: stat.error;time.phase
# - 
#   name: geom_model_gaussian1_sigma
#   datatype: float32
#   description: "Standard deviation [phase] of Gaussian 1 component"
#   meta:
#     ucd: stat.stdev
# - 
#   name: geom_model_gaussian1_sigma_error
#   datatype: float32
#   description: "Uncertainty of \\texttt{geomModelGaussian1Sigma}"
#   meta:
#     ucd: stat.error
# - 
#   name: geom_model_gaussian1_depth
#   datatype: float32
#   unit: mag
#   description: Magnitude depth of Gaussian 1 component
#   meta:
#     ucd: src.var.amplitude
# - 
#   name: geom_model_gaussian1_depth_error
#   datatype: float32
#   unit: mag
#   description: "Uncertainty of \\texttt{geomModelGaussian1Depth}"
#   meta:
#     ucd: stat.error;src.var.amplitude
# - 
#   name: geom_model_gaussian2_phase
#   datatype: float32
#   description: Phase of Gaussian 2 component
#   meta:
#     ucd: time.phase
# - 
#   name: geom_model_gaussian2_phase_error
#   datatype: float32
#   description: "Uncertainty of \\texttt{geomModelGaussian2Phase}"
#   meta:
#     ucd: stat.error;time.phase
# - 
#   name: geom_model_gaussian2_sigma
#   datatype: float32
[...]
#   datatype: float32
#   description: "Secondary eclipse: uncertainty of \\texttt{derivedSecondaryEclDuration}"
#   meta:
#     ucd: stat.error;time.duration
# - 
#   name: derived_secondary_ecl_depth
#   datatype: float32
#   unit: mag
#   description: "Secondary eclipse: depth"
#   meta:
#     ucd: src.var.amplitude
# - 
#   name: derived_secondary_ecl_depth_error
#   datatype: float32
#   unit: mag
#   description: "Secondary eclipse: uncertainty of \\texttt{derivedSecondaryEclDepth}"
#   meta:
#     ucd: stat.error;src.var.amplitude
solution_id,source_id,global_ranking,reference_time,frequency,frequency_error,geom_model_reference_level,geom_model_reference_level_error,geom_model_gaussian1_phase,geom_model_gaussian1_phase_error,geom_model_gaussian1_sigma,geom_model_gaussian1_sigma_error,geom_model_gaussian1_depth,geom_model_gaussian1_depth_error,geom_model_gaussian2_phase,geom_model_gaussian2_phase_error,geom_model_gaussian2_sigma,geom_model_gaussian2_sigma_error,geom_model_gaussian2_depth,geom_model_gaussian2_depth_error,geom_model_cosine_half_period_amplitude,geom_model_cosine_half_period_amplitude_error,geom_model_cosine_half_period_phase,geom_model_cosine_half_period_phase_error,model_type,num_model_parameters,reduced_chi2,derived_primary_ecl_phase,derived_primary_ecl_phase_error,derived_primary_ecl_duration,derived_primary_ecl_duration_error,derived_primary_ecl_depth,derived_primary_ecl_depth_error,derived_secondary_ecl_phase,derived_secondary_ecl_phase_error,derived_secondary_ecl_duration,derived_secondary_ecl_duration_error,derived_secondary_ecl_depth,derived_secondary_ecl_depth_error
[from data line 288]
375316653866487564,6043435803460990848,0.53923666,2103.2545116919237,4.25009911064021,2.3192002E-5,19.183578,0.009698875,0.17780797,0.002599798,0.060057465,0.0027472936,0.54388386,0.015387474,0.67477906,0.007976567,0.06807309,0.004977121,0.63449115,0.055554956,null,null,null,null,"TWOGAUSSIANS",8,3.908202,0.67477906,0.007976567,0.3812093,0.026582954,0.63396084,0.055559747,0.17780797,0.002599798,0.3363218,0.015384844,0.5433536,0.015275992
375316653866487564,6043436116996972800,0.48114902,2096.662134754284,3.0331445679196563,2.5295123E-5,17.120132,0.035986964,0.23126474,0.00867374,0.12255204,0.025130436,0.1322708,0.035963006,0.7077468,0.01066146,0.10704657,0.023767507,0.14117171,0.034683194,null,null,null,null,"TWOGAUSSIANS",8,11.674551,0.7077468,0.01066146,0.4,0.0,0.12106152,0.013131986,0.23129474,0.008594171,0.4,0.0,0.11208512,0.008307593
375316653866487564,6043438483520701440,0.4893907,2110.0415891395824,1.555777083517983,2.3033752E-5,18.732857,0.018083183,0.27697513,0.028044542,0.026465014,0.04267804,0.06837484,389761.62,0.79017407,0.0025555973,0.034795005,0.0042488873,0.4630884,0.034992628,0.039021287,0.022287736,0.27697513,0.028044542,"TWOGAUSSIANS_WITH_ELLIPSOIDAL_ON_ECLIPSE1",9,17.132673,0.79017407,0.00253702,0.19485202,0.023793768,0.5405955,0.029703671,0.27697513,0.028044542,0.14820407,0.23899701,0.14641741,389761.62
375316653866487564,6043441988214580224,0.5292205,2114.120361229694,0.8959836908905706,7.5648255E-5,18.969034,0.0032117656,0.29648283,0.014743792,0.024895452,0.0064671687,0.4473731,0.09586392,0.70206666,0.03745305,0.023190841,0.02447528,0.083169244,18.438065,null,null,null,null,"TWOGAUSSIANS",8,1.7157743,0.29648283,0.014743792,0.13941453,0.036216147,0.4473731,0.09586392,0.70206666,0.03745305,0.12986872,0.13706157,0.083169244,18.438065
375316653866487564,6043444290314685312,0.5568389,2116.888190170247,0.1911593120332443,1.4034142E-4,19.077415,0.010224319,0.1930608,2.9646035E-4,0.0089506935,4.5220397E-4,0.9074832,0.025636097,0.6197505,0.017493146,0.13964823,0.042367823,0.06735168,0.013307924,null,null,null,null,"TWOGAUSSIANS",8,2.1630175,0.1930608,2.9646035E-4,0.05012388,0.0025323422,0.90790886,0.025208585,0.6197505,0.017493146,0.4,0.0,0.067130014,0.013538665
375316653866487564,6043444878730755456,0.48161158,2112.7864757374127,0.20231453177701006,7.774469E-5,18.88876,0.0026437961,0.3781343,0.03207137,0.1007025,0.021952264,0.037332695,0.013419044,0.7512701,0.0072822543,0.016383218,0.005055385,0.23264226,0.21040499,null,null,null,null,"TWOGAUSSIANS",8,1.5015807,0.7512701,0.0072822543,0.09174602,0.028310157,0.23268092,0.2103895,0.3781343,0.03207137,0.4,0.0,0.037332363,0.013420877
375316653866487564,6043445806443709184,0.5192558,2084.9961244626343,1.3852701471377948,3.9568095E-5,16.60476,0.1396101,0.27934638,0.004692394,0.12549464,0.05220017,0.08650034,0.123661146,0.7780549,0.00397134,0.13715073,0.06873307,0.09526315,0.13588282,null,null,null,null,"TWOGAUSSIANS",8,2.555964,0.7780549,0.0039784485,0.4,0.0,0.065916754,0.002960005,0.27938637,0.004835699,0.4,0.0,0.05733993,0.0022795384
375316653866487564,6043449792173396992,0.5705856,2110.1214429765287,2.925995836789897,1.4416292E-5,17.266768,0.0068679904,0.2433266,0.0035902464,0.08126485,0.004509725,0.32861426,0.0111249145,0.7408127,0.0023418623,0.08064746,0.003053179,0.4386404,0.012415023,null,null,null,null,"TWOGAUSSIANS",8,11.053284,0.7408127,0.0023418623,0.4,0.0,0.4325024,0.012215413,0.2433266,0.0035902464,0.4,0.0,0.32247627,0.011095655
375316653866487564,6043456870279486464,0.63279766,2122.102481185563,1.2160672979196503,3.2448745E-6,15.434442,0.003565518,0.20662165,0.0045769787,0.04475149,0.0040570577,0.06803322,0.009677657,0.70722556,0.0016487853,0.043835606,0.0018803179,0.5112202,0.031851605,0.009246394,0.004688397,0.20662165,0.0045769787,"TWOGAUSSIANS_WITH_ELLIPSOIDAL_ON_ECLIPSE1",9,16.97199,0.70722556,0.0016397769,0.24547939,0.010529781,0.5297127,0.034080904,0.20662165,0.0045769787,0.25060835,0.022719523,0.08652594,0.004911751
375316653866487564,6043458175943464448,0.5709521,2118.780718511026,4.232591410525363,1.7391585E-5,19.101505,0.017238468,0.2925766,0.0030808717,0.040778223,0.004879157,0.42924723,0.040750653,0.7961172,0.0039102756,0.04705792,0.0053637614,0.46839127,0.043789446,0.12376514,0.02433474,0.2925766,0.0030808717,"TWOGAUSSIANS_WITH_ELLIPSOIDAL_ON_ECLIPSE1",9,3.5246737,0.7961172,0.003900104,0.26352435,0.030037064,0.71579885,0.03201842,0.2925766,0.0030808717,0.22835806,0.02732328,0.67677724,0.030827165
375316653866487564,6043458863144369152,0.4815164,2116.7710390183474,1.6353890123698305,1.6829765E-5,16.626022,0.008790952,0.32843652,0.018423112,0.09637284,0.02844033,0.08058291,0.014385705,0.77915114,0.002914628,0.047285963,0.004245685,0.20468758,0.007967822,null,null,null,null,"TWOGAUSSIANS",8,35.255245,0.77915114,0.002914628,0.2648014,0.023775835,0.20455381,0.007765336,0.32843652,0.018423112,0.4,0.0,0.080447696,0.014563293
375316653866487564,6043459305519376512,0.49395972,2132.3535822266845,4.14349558942418,1.7119057E-5,19.179876,0.031499967,0.29344636,0.010185564,0.10240712,0.023302453,0.23192126,0.027648272,0.804668,0.0044841995,0.08050599,0.011985594,0.27316582,0.029347204,null,null,null,null,"TWOGAUSSIANS",8,2.3775008,0.804668,0.004491783,0.4,0.0,0.26323676,0.021925546,0.29344636,0.010185564,0.4,0.0,0.22198868,0.019524872
375316653866487564,6043460615486274176,0.49454007,2125.677780347561,3.539207814062744,2.2070262E-5,19.699602,0.01419968,0.3243906,0.005296647,0.087690674,0.011733734,0.29652283,0.025971245,0.8208712,0.0018551204,0.070982255,0.00766678,0.26726308,0.01950601,null,null,null,null,"TWOGAUSSIANS",8,1.4363968,0.3243906,0.005296647,0.4,0.0,0.29285988,0.027051587,0.8208712,0.0018551204,0.3975006,0.023393732,0.2636002,0.019955155
375316653866487564,6043460851707701760,0.52955455,2128.6109171440617,1.598030204993876,1.11354175E-5,17.074265,0.0011365269,null,null,null,null,null,null,null,null,null,null,null,null,0.04403775,0.0016748474,0.26267627,0.002963625,"ELLIPSOIDAL",4,2.0102983,null,null,null,null,null,null,null,null,null,null,null,null
375316653866487564,6043465597653138304,0.4699878,2106.305576623471,4.369944782040344,9.700089E-5,18.279835,0.008088845,0.17720126,0.011917894,0.04179234,0.009918517,0.4561577,0.24517366,0.807189,0.019677639,0.011821865,0.0060930913,0.9306764,1.8291795,null,null,null,null,"TWOGAUSSIANS",8,33.59871,0.807189,0.019677639,0.06620245,0.034121312,0.9306764,1.8291795,0.17720126,0.011917894,0.23403712,0.055543695,0.4561577,0.24517366
375316653866487564,6043480234902077696,0.5658843,2154.2444876942814,1.6460345035702788,1.3981467E-5,18.60862,0.01455994,0.28494942,0.003123403,0.039321013,0.0039688097,0.6251362,0.032016203,0.7849819,0.0071317316,0.039474394,0.009611451,0.29264572,0.035752047,0.053324316,0.020295212,0.28494942,0.003123403,"TWOGAUSSIANS_WITH_ELLIPSOIDAL_ON_ECLIPSE1",9,8.700482,0.28494942,0.003123403,0.22019766,0.022225335,0.73178476,0.01809117,0.7849819,0.0070968685,0.22105661,0.053824127,0.39929432,0.029916
375316653866487564,6043483842674611584,0.4902828,2150.8977791400566,2.442382298738505,7.9262245E-6,19.497345,0.0056661437,0.32607964,0.01979368,0.046121705,0.016561594,0.13634044,0.021513931,0.8076776,0.0035573086,0.027444147,0.005447857,0.49130744,0.13699283,null,null,null,null,"TWOGAUSSIANS",8,2.4534755,0.8076776,0.0035573086,0.15368722,0.030508,0.49130744,0.13699283,0.32607964,0.01979368,0.25828153,0.09274493,0.13634044,0.021513931
375316653866487564,6043484014473479296,0.4351937,2145.3888675782537,2.0475516925606314,6.867408E-5,16.73429,0.0065291165,0.5566468,0.008115674,0.04237064,0.005545996,0.31752867,0.06924529,0.91970915,5.628781E-4,0.005490457,0.001614662,0.05479192,0.008033974,null,null,null,null,"TWOGAUSSIANS",8,137.24568,0.5566468,0.008115674,0.23727559,0.031057578,0.31752867,0.06924529,0.91970915,5.628781E-4,0.030746559,0.0090421075,0.05479192,0.008033974
375316653866487564,6043497552210240896,0.5317646,2099.3832395377835,0.09237995777148256,1.4117526E-5,14.018085,0.0026824272,0.2658851,0.0057415836,0.070411526,0.030994594,0.039500117,0.0062922547,null,null,null,null,null,null,0.063531555,0.0025872185,0.2658851,0.0057415836,"ONEGAUSSIAN_WITH_ELLIPSOIDAL",6,181.26155,0.2658851,0.0057415836,0.39430454,0.10769209,0.1664912,0.00653717,null,null,null,null,null,null
375316653866487564,6043511570983736960,0.45385376,2126.451003665389,1.2450580231694266,4.3184315E-5,15.690576,0.0014667052,0.19078097,0.037960216,0.018642329,0.02329051,0.07397285,6224.7983,0.7643566,0.013020984,0.010546963,0.04480092,0.03222771,0.025192808,0.02097222,0.0021682875,0.7643566,0.013020984,"TWOGAUSSIANS_WITH_ELLIPSOIDAL_ON_ECLIPSE2",9,18.905827,0.19176097,0.037728116,0.104397036,0.13042685,0.10767698,6224.799,0.7643566,0.013020984,0.05906299,0.25088516,0.07417211,0.024873134
375316653866487564,6043513181593078912,0.51119006,2108.202900160918,3.472893052646992,3.5552726E-5,18.774792,0.017684175,0.1960106,0.0033813508,0.094241574,0.0064984267,0.26201397,0.017691605,0.7063982,0.0052905697,0.106293164,0.014367861,0.217923,0.0146740135,null,null,null,null,"TWOGAUSSIANS",8,2.5585809,0.1960106,0.0033803892,0.4,0.0,0.24345824,0.010426997,0.7063982,0.0052905697,0.4,0.0,0.19936022,0.012430555
375316653866487564,6043516862383837440,0.5626651,2102.7645045005706,3.609560721438813,1.751385E-5,17.340294,0.010455024,0.26973787,0.0028241354,0.09021858,0.0071328273,0.35040858,0.012314833,0.78560436,0.0028164203,0.077863,0.005314563,0.23721631,0.011451381,null,null,null,null,"TWOGAUSSIANS",8,10.571244,0.26973787,0.0028241354,0.4,0.0,0.345159,0.013411088,0.78560436,0.0028164203,0.4,0.0,0.23196694,0.009761508
375316653866487564,6043519782961675136,0.6101925,2093.6982983636963,2.368961705845451,8.2742245E-6,16.182804,0.010488716,0.28974357,0.0017904326,0.053096116,0.0034656415,0.463296,0.022272432,0.7938686,0.0011291945,0.03969744,0.0036123556,0.29880607,0.022262236,0.091247976,0.012393132,0.28974357,0.0017904326,"TWOGAUSSIANS_WITH_ELLIPSOIDAL_ON_ECLIPSE1",9,39.898926,0.28974357,0.0017904326,0.29733825,0.019407593,0.6457844,0.016885158,0.7938686,0.0011291945,0.22230566,0.02022919,0.4811719,0.022678668
375316653866487564,6043519916099475328,0.49806666,2086.610223309587,2.876815969147219,3.150943E-5,17.060114,0.013728717,0.29473102,0.003696852,0.109425165,0.011989212,0.1445252,0.011997676,0.7806819,0.00443951,0.099089615,0.011406681,0.15172662,0.012555585,null,null,null,null,"TWOGAUSSIANS",8,8.098927,0.7806819,0.00443951,0.4,0.0,0.13759452,0.008799077,0.29473102,0.003695798,0.4,0.0,0.13038436,0.007406475
375316653866487564,6043525791613402496,0.52024126,2111.044426534872,4.171825918374471,3.792216E-5,18.811222,0.011177888,0.27783775,0.009451139,0.088932805,0.00960867,0.24032497,0.016524348,0.7656162,0.006270023,0.07373312,0.008174538,0.31473726,0.03677065,null,null,null,null,"TWOGAUSSIANS",8,4.28073,0.7656162,0.006270023,0.4,0.016882895,0.31094736,0.037739247,0.27783775,0.009451139,0.4,0.0,0.236535,0.015338815
375316653866487564,6043526307011090176,0.594724,2097.1099262045295,0.707778431801469,3.414055E-5,17.232084,0.006867582,0.43400225,0.01131746,0.027223403,0.0042126663,0.7447981,0.21578845,0.23062053,0.062234953,0.1460696,0.05404881,0.025258634,0.0072050644,null,null,null,null,"TWOGAUSSIANS",8,7.548948,0.43391225,0.01128663,0.15245105,0.02359093,0.7542395,0.21101785,0.23062053,0.062234953,0.4,0.0,0.02511439,0.0068405704
375316653866487564,6043526345671674880,0.5404288,2104.382859494268,2.926959878852925,1.8823615E-5,15.45874,1.2643155,0.23652765,0.007586378,0.1202739,0.08829689,0.32907444,1.1537373,0.7140678,0.011873924,0.117404245,0.08585335,0.33779103,1.1092876,null,null,null,null,"TWOGAUSSIANS",8,67.0554,0.7140678,0.011873924,0.4,0.0,0.27842882,0.017869134,0.23662765,0.0039811246,0.4,0.0,0.2696651,0.012531992
375316653866487564,6043538440299717376,0.5154369,2112.832446815973,0.4849932012545413,3.9477563E-5,16.74721,0.020866262,0.32068062,0.012167683,0.03696947,0.017061142,0.49683422,0.04641942,0.82703626,0.022375343,0.025362782,0.021988235,0.06406019,0.052360814,0.021407755,0.025026867,0.32068062,0.012167683,"TWOGAUSSIANS_WITH_ELLIPSOIDAL_ON_ECLIPSE1",9,116.4156,0.32068062,0.012167683,0.20702904,0.0955424,0.5396497,0.03868521,0.82703626,0.022224724,0.14203158,0.123134114,0.10680744,0.012566923
375316653866487564,6043542593527355776,0.58139426,2134.238532309618,3.584324444847063,4.6789887E-6,17.885447,0.012150985,0.24647756,0.0017439434,0.05056211,0.004172285,0.3308681,0.030412551,0.7553984,0.001514871,0.05351,0.0048240772,0.23817955,0.026465973,0.09242449,0.016909547,0.7553984,0.001514871,"TWOGAUSSIANS_WITH_ELLIPSOIDAL_ON_ECLIPSE2",9,6.3667493,0.24737756,0.0015681667,0.2831478,0.023364797,0.5151904,0.025566077,0.7553984,0.001514871,0.299656,0.027014831,0.4230234,0.015244928
375316653866487564,6043543040203920896,0.45248672,2132.6892384173634,0.636678049579802,4.5673776E-5,18.27896,0.020333858,0.28456017,0.0067899865,0.083615795,0.02112033,0.107661285,0.017171903,0.81306535,0.01944819,0.0680647,0.041309375,0.12643272,0.034192823,null,null,null,null,"TWOGAUSSIANS",8,5.820755,0.81306535,0.01945149,0.3811623,0.08086612,0.12590161,0.039281577,0.28456017,0.006786336,0.4,0.0,0.10713017,0.013071303
375316653866487564,6043543349441614848,0.4597177,2114.498190684838,3.2396857947482327,3.2088723E-5,18.595924,0.015463062,0.23355675,0.008572972,0.0879944,0.012942933,0.1471705,0.020234102,0.7405498,0.009137933,0.09474227,0.017907806,0.1378292,0.016030062,null,null,null,null,"TWOGAUSSIANS",8,6.278522,0.23355675,0.008572972,0.4,0.0,0.14111549,0.018671293,0.7405498,0.009137933,0.4,0.0,0.13177396,0.014308638
375316653866487564,6043544556333152000,0.54247415,2137.8228288611126,2.5894220856686974,1.5559135E-5,16.679293,0.018124444,0.2505697,0.0028249437,0.045611057,0.013257009,0.11379438,0.036457006,0.7514628,0.016193029,0.051665284,0.033534538,0.09457985,0.022310173,0.10954039,0.019911913,0.2505697,0.0028249437,"TWOGAUSSIANS_WITH_ELLIPSOIDAL_ON_ECLIPSE1",9,21.904701,0.2505697,0.0028249437,0.25542194,0.07423925,0.33287436,0.013904581,0.7514628,0.015168752,0.2893256,0.18779342,0.31365293,0.034150094
375316653866487564,6043544861269998720,0.45123455,2136.6353645410754,3.1192907073432523,4.8305737E-5,19.348526,0.070512965,0.310181,0.011174722,0.10864895,0.037839003,0.25679845,0.043971546,0.7753451,0.011069591,0.10709208,0.025939457,0.24001855,0.07020492,null,null,null,null,"TWOGAUSSIANS",8,4.630238,0.31021097,0.011014107,0.4,0.0,0.23383091,0.03979372,0.7753451,0.011069591,0.4,0.0,0.21705915,0.032018524
375316653866487564,6043552630876431616,0.5043237,2051.0492513972677,3.373178683306748,1.480202E-5,15.623581,0.016214706,0.2531009,0.0054707937,0.10610805,0.016837455,0.12260735,0.014386047,0.76254666,0.0036540525,0.09892722,0.011266948,0.14351358,0.015083898,null,null,null,null,"TWOGAUSSIANS",8,15.447849,0.76254666,0.0036535892,0.4,0.0,0.13146274,0.0079782205,0.2531009,0.005476082,0.4,0.0,0.1105534,0.0057598995
375316653866487564,6043554658100849024,0.50850666,2052.0873141233005,0.32262251159320865,9.880056E-6,15.964499,0.009027383,0.2432016,0.0032249799,0.09511993,0.01087678,0.07523985,0.008338334,0.7520665,0.0065724994,0.10970004,0.015609705,0.09579891,0.005689376,null,null,null,null,"TWOGAUSSIANS",8,9.382385,0.7520665,0.0065724994,0.4,0.0,0.08799824,0.0062345346,0.2431916,0.0032154503,0.4,0.0,0.067445315,0.0036436925
375316653866487564,6043560190021136768,0.50881535,2020.1206050258425,3.48907681202696,1.9084231E-5,18.381447,0.023702288,0.23605168,0.0048825787,0.099183515,0.00915616,0.37031242,0.024151634,0.73002857,0.0051022135,0.09147161,0.011308125,0.38603306,0.020944258,null,null,null,null,"TWOGAUSSIANS",8,11.769716,0.73002857,0.0051022135,0.4,0.0,0.3637448,0.019450061,0.23605168,0.0048825787,0.4,0.0,0.34802207,0.017570801
