Gaia/vari_eclipsing_binary/VariEclipsingBinary_498535-498893.csv
# %ECSV 1.0
# ---
# delimiter: ','
# meta: !!omap
# - RELEASE: Gaia DR3
# - TABLE: vari_eclipsing_binary
# - DESCRIPTION: >
#     This table describes the properties of the eclipsing binaries resulting from the variability analysis. 
# - CITATION: >
#     How to cite and acknowledge Gaia: 
#     https://gea.esac.esa.int/archive/documentation/credits.html 
# - KNOWN_ISSUES: >
#     Known issues: 
#     https://www.cosmos.esa.int/web/gaia-users/known-issues 
# - DOCUMENTATION: >
#     Tutorials and documentation: 
#     https://www.cosmos.esa.int/web/gaia-users/archive 
# datatype:
# - 
#   name: solution_id
#   datatype: int64
#   description: Solution Identifier
#   meta:
#     ucd: meta.version
# - 
#   name: source_id
#   datatype: int64
#   description: Unique source identifier
#   meta:
#     ucd: meta.id;meta.main
# - 
#   name: global_ranking
#   datatype: float32
#   description: Number between 0 (worst) and 1 (best)
#   meta:
#     ucd: stat.param
# - 
#   name: reference_time
#   datatype: float64
#   unit: d
#   description: Reference time used for the geometric model fit
#   meta:
#     ucd: time.epoch
# - 
#   name: frequency
#   datatype: float64
#   unit: d**-1
#   description: Frequency of geometric model of the eclipsing binary light curve
#   meta:
#     ucd: src.orbital
# - 
#   name: frequency_error
#   datatype: float32
#   unit: d**-1
#   description: "Uncertainty of \\texttt{frequency}"
#   meta:
#     ucd: stat.error
# - 
#   name: geom_model_reference_level
#   datatype: float32
#   unit: mag
#   description: Magnitude reference level of geometric model
#   meta:
#     ucd: phot.mag;em.opt
# - 
#   name: geom_model_reference_level_error
#   datatype: float32
#   unit: mag
#   description: "Uncertainty of \\texttt{geomModelReferenceLevel}"
#   meta:
#     ucd: stat.error;phot.mag;em.opt
# - 
#   name: geom_model_gaussian1_phase
#   datatype: float32
#   description: Phase of the Gaussian 1 component
#   meta:
#     ucd: time.phase
# - 
#   name: geom_model_gaussian1_phase_error
#   datatype: float32
#   description: "Uncertainty of \\texttt{geomModelGaussian1Phase}"
#   meta:
#     ucd: stat.error;time.phase
# - 
#   name: geom_model_gaussian1_sigma
#   datatype: float32
#   description: "Standard deviation [phase] of Gaussian 1 component"
#   meta:
#     ucd: stat.stdev
# - 
#   name: geom_model_gaussian1_sigma_error
#   datatype: float32
#   description: "Uncertainty of \\texttt{geomModelGaussian1Sigma}"
#   meta:
#     ucd: stat.error
# - 
#   name: geom_model_gaussian1_depth
#   datatype: float32
#   unit: mag
#   description: Magnitude depth of Gaussian 1 component
#   meta:
#     ucd: src.var.amplitude
# - 
#   name: geom_model_gaussian1_depth_error
#   datatype: float32
#   unit: mag
#   description: "Uncertainty of \\texttt{geomModelGaussian1Depth}"
#   meta:
#     ucd: stat.error;src.var.amplitude
# - 
#   name: geom_model_gaussian2_phase
#   datatype: float32
#   description: Phase of Gaussian 2 component
#   meta:
#     ucd: time.phase
# - 
#   name: geom_model_gaussian2_phase_error
#   datatype: float32
#   description: "Uncertainty of \\texttt{geomModelGaussian2Phase}"
#   meta:
#     ucd: stat.error;time.phase
# - 
#   name: geom_model_gaussian2_sigma
#   datatype: float32
[...]
#   datatype: float32
#   description: "Secondary eclipse: uncertainty of \\texttt{derivedSecondaryEclDuration}"
#   meta:
#     ucd: stat.error;time.duration
# - 
#   name: derived_secondary_ecl_depth
#   datatype: float32
#   unit: mag
#   description: "Secondary eclipse: depth"
#   meta:
#     ucd: src.var.amplitude
# - 
#   name: derived_secondary_ecl_depth_error
#   datatype: float32
#   unit: mag
#   description: "Secondary eclipse: uncertainty of \\texttt{derivedSecondaryEclDepth}"
#   meta:
#     ucd: stat.error;src.var.amplitude
solution_id,source_id,global_ranking,reference_time,frequency,frequency_error,geom_model_reference_level,geom_model_reference_level_error,geom_model_gaussian1_phase,geom_model_gaussian1_phase_error,geom_model_gaussian1_sigma,geom_model_gaussian1_sigma_error,geom_model_gaussian1_depth,geom_model_gaussian1_depth_error,geom_model_gaussian2_phase,geom_model_gaussian2_phase_error,geom_model_gaussian2_sigma,geom_model_gaussian2_sigma_error,geom_model_gaussian2_depth,geom_model_gaussian2_depth_error,geom_model_cosine_half_period_amplitude,geom_model_cosine_half_period_amplitude_error,geom_model_cosine_half_period_phase,geom_model_cosine_half_period_phase_error,model_type,num_model_parameters,reduced_chi2,derived_primary_ecl_phase,derived_primary_ecl_phase_error,derived_primary_ecl_duration,derived_primary_ecl_duration_error,derived_primary_ecl_depth,derived_primary_ecl_depth_error,derived_secondary_ecl_phase,derived_secondary_ecl_phase_error,derived_secondary_ecl_duration,derived_secondary_ecl_duration_error,derived_secondary_ecl_depth,derived_secondary_ecl_depth_error
[from data line 144]
375316653866487564,4386843621490031616,0.46553835,2229.5656842165013,3.6832609764675937,2.3696703E-5,19.10411,0.045977592,0.22139917,0.008206151,0.112569764,0.027510833,0.25035676,0.037584633,0.70326966,0.006750167,0.09772258,0.019160854,0.25854298,0.041746855,null,null,null,null,"TWOGAUSSIANS",8,4.1655316,0.70326966,0.006750167,0.4,0.0,0.23422572,0.021319622,0.22139917,0.008209025,0.4,0.0,0.2260085,0.020569216
375316653866487564,4386848745387244032,0.61577797,2258.517765336044,1.4022233939969646,6.621428E-6,14.856622,0.0057454268,0.22730269,0.002407195,0.09762783,0.0041996576,0.23445958,0.0056952913,0.7299939,0.003872369,0.092274435,0.0037850693,0.29597682,0.007099324,null,null,null,null,"TWOGAUSSIANS",8,32.658566,0.7299939,0.003872369,0.4,0.0,0.2802104,0.0053762044,0.22730269,0.002407195,0.4,0.0,0.21869247,0.004184455
375316653866487564,4386851081849391360,0.5721221,2290.7174957621837,2.0944648444173186,1.1260793E-5,17.79663,0.009785505,0.25722682,0.0023380476,0.0430439,0.0029581338,0.24538092,0.025057664,0.761299,0.0027920906,0.04346144,0.0055468846,0.18508653,0.022324558,0.07430018,0.011713306,0.25722682,0.0023380476,"TWOGAUSSIANS_WITH_ELLIPSOIDAL_ON_ECLIPSE1",9,8.193628,0.25722682,0.0023380476,0.24104585,0.01656555,0.39398095,0.015110699,0.761299,0.0027920906,0.24338406,0.031062553,0.33358932,0.00976923
375316653866487564,4386852215721263872,0.43251157,2301.862713536669,0.7124212383957369,2.367943E-5,14.581457,0.0022462795,0.2755429,0.039873756,0.027567118,0.029064935,0.061126888,0.023461422,0.7570579,0.006858433,0.06698601,0.010655006,0.08282209,0.013738041,null,null,null,null,"TWOGAUSSIANS",8,55.495663,0.7570579,0.006858433,0.37512165,0.052011345,0.08282205,0.013738032,0.2755429,0.039873756,0.15437587,0.16276363,0.061126847,0.023472566
375316653866487564,4386860118461254784,0.5390393,2272.2547042462634,0.2137464514928759,1.616702E-5,16.642633,0.0048201424,0.24581344,0.00818191,0.023560947,0.015976466,0.027956665,4.869858,0.7337677,0.0012484104,0.020456757,0.001265879,0.46641725,0.023763873,0.06638113,0.011359227,0.24581344,0.00818191,"TWOGAUSSIANS_WITH_ELLIPSOIDAL_ON_ECLIPSE1",9,76.6799,0.7338777,0.0012135684,0.11455784,0.0070889224,0.5984273,0.02355467,0.24581344,0.00818191,0.1319413,0.08946821,0.16071874,4.869823
375316653866487564,4386862175748579328,0.4635174,2286.04077834173,3.9650441714115727,1.7816326E-4,19.767838,0.013696394,0.18520357,0.011892717,0.040217385,0.007829717,0.6683802,0.15636113,0.7748416,0.025659073,0.08815241,0.017436534,0.061296254,0.018751932,null,null,null,null,"TWOGAUSSIANS",8,2.875855,0.18520357,0.011892717,0.22521736,0.043846417,0.66837543,0.15637307,0.7748416,0.025659073,0.4,0.0,0.061290246,0.018731086
375316653866487564,4386868158639534720,0.5269294,2273.9403275402283,3.5695299410226164,3.2681502E-5,17.104652,0.047351215,0.32171988,0.026264796,0.05309894,0.035499148,0.27108175,0.117441155,0.80096805,0.011040488,0.04988951,0.03001996,0.13201478,0.086208865,0.094907135,0.044946127,0.32171988,0.026264796,"TWOGAUSSIANS_WITH_ELLIPSOIDAL_ON_ECLIPSE1",9,64.69893,0.32171988,0.026264796,0.29735407,0.13034207,0.46089074,0.041766714,0.80552804,0.007824161,0.27938125,0.15555961,0.3193156,0.041636698
375316653866487564,4386878054244737664,0.53067315,2270.0964679625945,3.0933827055813232,1.1739916E-5,16.75783,0.05035891,0.20713034,0.0044722953,0.11077372,0.030682912,0.13721815,0.042978566,0.6939816,0.003584525,0.116118304,0.02760521,0.14017786,0.04742239,null,null,null,null,"TWOGAUSSIANS",8,6.5106425,0.6939816,0.003584525,0.4,0.0,0.11869437,0.007120894,0.20717034,0.0042878785,0.4,0.0,0.115752295,0.0067633404
375316653866487564,4386883856744744448,0.5739501,2259.017551627528,3.2543875961357167,1.5121133E-5,19.532898,0.01032087,0.25689027,0.0033505186,0.072812825,0.003954669,0.40976647,0.013746374,0.7576969,0.0059664273,0.06427662,0.008116772,0.56376386,0.025674732,null,null,null,null,"TWOGAUSSIANS",8,1.9469042,0.7576969,0.0059664273,0.35994908,0.042930502,0.56256455,0.026119348,0.25689027,0.0033505186,0.4,0.002165358,0.4085672,0.013402014
375316653866487564,4386884445155617664,0.60180223,2219.7935965972747,3.1688146277084206,6.627469E-6,18.396528,0.005835619,0.24427201,0.001543242,0.07383887,0.0021507149,0.4579595,0.011180987,0.7398219,0.0026063898,0.076723784,0.0022286375,0.49732602,0.01394123,null,null,null,null,"TWOGAUSSIANS",8,3.2335083,0.7398219,0.0026063898,0.4,0.0,0.49383843,0.013971633,0.24427201,0.001543242,0.4,0.0,0.45447192,0.011298211
375316653866487564,4386890350737588224,0.5231909,2253.78515706342,3.2936704594150608,1.1651393E-5,18.632078,0.012764821,0.16069,0.0034349558,0.08487356,0.011454762,0.16058037,0.009170708,0.66342044,0.006346884,0.100072116,0.010031012,0.15917471,0.0124681005,null,null,null,null,"TWOGAUSSIANS",8,1.2503608,0.16069,0.0034349558,0.4,0.0,0.15266621,0.009640171,0.66342044,0.006346884,0.4,0.0,0.15125933,0.008768168
375316653866487564,4386891317103416192,0.6466192,2256.5706340119605,2.786187458896489,4.303041E-6,16.009401,0.007820643,0.27352068,0.0017241563,0.052738994,0.003916399,0.28566024,0.019327138,0.7772543,0.0026087053,0.050152127,0.0037529164,0.2570811,0.019930447,0.09976522,0.00942733,0.27352068,0.0017241563,"TWOGAUSSIANS_WITH_ELLIPSOIDAL_ON_ECLIPSE1",9,14.157667,0.27352068,0.0017241563,0.29533836,0.021931835,0.48518622,0.012215304,0.7772543,0.0026087053,0.28085193,0.021016331,0.45649728,0.015648205
375316653866487564,4386902514082206208,0.49416545,2259.817061484776,3.1068748305296627,1.7844108E-5,17.818993,0.15847366,0.27011624,0.0031551807,0.05722916,0.006722321,0.34490696,0.05400705,0.71119666,0.08436626,0.12604846,0.18644938,0.090077356,0.14583786,null,null,null,null,"TWOGAUSSIANS",8,37.418415,0.27016625,0.0031149497,0.3204833,0.037644994,0.34279877,0.024395611,0.71119666,0.08436626,0.4,0.0,0.08776665,0.023540078
375316653866487564,4386903476153102848,0.44850907,2272.7231389841927,0.02823397916430006,7.7143675E-5,18.923977,0.0067586955,0.21237767,0.019134821,0.013228806,0.008208659,0.30858305,0.5583359,null,null,null,null,null,null,0.050863195,0.015555719,0.21237767,0.019134821,"ONEGAUSSIAN_WITH_ELLIPSOIDAL",6,9.780651,0.21237767,0.019134821,0.07408131,0.045968488,0.4103094,0.5702345,null,null,null,null,null,null
375316653866487564,4386909149807778048,0.5921637,2307.2955174890185,3.3555330678281274,7.2101243E-6,16.73182,0.003138846,0.3323903,0.0023143096,0.041346617,0.0042608595,0.09446406,0.007635123,0.83138406,0.0059124357,0.054248486,0.0059727607,0.11282745,0.01233156,0.03927618,0.005608216,0.3323903,0.0023143096,"TWOGAUSSIANS_WITH_ELLIPSOIDAL_ON_ECLIPSE1",9,3.9372845,0.8315241,0.00513184,0.30379152,0.03344746,0.19137421,0.011035369,0.3323903,0.0023143096,0.23154107,0.023860812,0.17301352,0.004623658
375316653866487564,4386915983097963776,0.5439793,2257.25441787538,3.152107467173627,1.0510404E-5,16.836594,0.011056741,0.21765484,0.0040506646,0.08038673,0.0061343564,0.4396262,0.016131794,0.7288846,0.0027408204,0.070399046,0.0043544443,0.36778414,0.01300301,null,null,null,null,"TWOGAUSSIANS",8,51.39733,0.21765484,0.0040506646,0.4,0.0,0.4370506,0.016047578,0.7288846,0.0027408204,0.39423463,0.02243894,0.36520857,0.01263515
375316653866487564,4386927188670293120,0.51352495,2267.6218407384126,2.846967070804772,9.964151E-6,16.285517,0.01793817,0.20737617,0.0037000235,0.0904284,0.010564406,0.2284695,0.016269522,0.6962274,0.0048892954,0.09853403,0.0103764385,0.22754043,0.016742494,null,null,null,null,"TWOGAUSSIANS",8,33.021908,0.20737617,0.0037000235,0.4,0.0,0.21673375,0.014201299,0.6962274,0.0048892954,0.4,0.0,0.21580346,0.011601385
375316653866487564,4386933476503287680,0.4737774,2253.5891231236246,0.06598777957059403,3.916577E-5,16.455278,0.0045833685,0.091409,0.035847373,0.027085135,0.064622626,0.0775118,0.053736504,0.50363016,0.007534188,0.0444616,0.011715554,0.34584296,0.1548184,0.01802895,0.011575054,0.091409,0.035847373,"TWOGAUSSIANS_WITH_ELLIPSOIDAL_ON_ECLIPSE1",9,62.28063,0.5047801,0.00597638,0.24898495,0.0656071,0.3721163,0.15543167,0.091409,0.035847373,0.15167676,0.2430884,0.11356944,0.039524574
375316653866487564,4386939553880358400,0.5378594,2242.05994900248,0.8399233676435003,6.944537E-6,17.814491,0.004702303,0.20567141,0.014547389,0.012198679,0.0066390536,0.81105685,0.60470295,0.7150195,0.025328455,0.02143599,0.018321045,0.23675969,7121685.5,0.007185729,0.009068726,0.7150195,0.025328455,"TWOGAUSSIANS_WITH_ELLIPSOIDAL_ON_ECLIPSE2",9,9.680813,0.20567141,0.0145476395,0.0683126,0.0371787,0.82537884,0.6042368,0.7150195,0.025328455,0.12004155,0.10259785,0.25113115,7121685.5
375316653866487564,4386939656959584128,0.50200075,2233.169889276025,1.0137463162377762,1.5253587E-5,17.909147,0.07890482,0.28577885,0.0117636835,0.13276453,0.06712008,0.12009445,0.07396242,0.77490234,0.003864468,0.10670867,0.025068833,0.13646661,0.07102065,null,null,null,null,"TWOGAUSSIANS",8,1.8308663,0.77490234,0.003864468,0.4,0.0,0.110813364,0.005207027,0.28578883,0.011713553,0.4,0.0,0.09423765,0.01182429
375316653866487564,4386955634236922624,0.623075,2317.001226092915,1.0788485917355661,9.736974E-6,18.299137,0.0039324854,0.2240451,0.0015445629,0.02728627,0.0011831278,0.3582472,0.010426936,0.73091614,0.0058570122,0.02589834,0.0061382926,0.68688166,0.07154492,0.045186285,0.0052062683,0.73091614,0.0058570122,"TWOGAUSSIANS_WITH_ELLIPSOIDAL_ON_ECLIPSE2",9,1.6285713,0.73091614,0.0058570122,0.14503069,0.03437444,0.7772542,0.06637067,0.2241451,0.0015102921,0.15280312,0.0066255154,0.44845387,0.009197558
375316653866487564,4386958554814704768,0.57466644,2254.723111658013,3.6540594591153033,1.4058506E-5,18.127054,0.01893105,0.20355292,0.004355553,0.0852657,0.00797279,0.34483966,0.01910135,0.6857844,0.005358716,0.0910557,0.008302317,0.30474588,0.023311257,null,null,null,null,"TWOGAUSSIANS",8,5.1354346,0.20355292,0.004355553,0.4,0.0,0.33617103,0.015171323,0.6857844,0.005358716,0.4,0.0,0.29607704,0.021518407
375316653866487564,4386975773340729088,0.5350126,2242.551137148383,2.165667728227034,1.3082619E-5,14.808257,0.02505787,0.24239625,0.0026250174,0.18944754,0.01818511,0.41692477,0.040872943,0.74348414,0.0026853506,0.20486505,0.018904872,0.42970535,0.020605987,null,null,null,null,"TWOGAUSSIANS",8,13.769226,0.24152625,0.0028032935,0.4,0.0,0.08265087,0.002261195,0.7442541,0.002991026,0.4,0.0,0.077327035,0.0016999253
375316653866487564,4386979793430563072,0.46768525,2271.232052140879,0.7670482759227365,2.5550478E-5,16.838833,0.012552292,0.2160643,0.0065825996,0.06761283,0.009716723,0.197403,0.022967894,0.8168221,0.014893559,0.053320378,0.015185169,0.11517262,0.025055103,0.015004163,0.0122096855,0.2160643,0.0065825996,"TWOGAUSSIANS_WITH_ELLIPSOIDAL_ON_ECLIPSE1",9,58.66442,0.2160643,0.0065825996,0.3786318,0.05441365,0.22722198,0.014812881,0.8168221,0.014893559,0.29859412,0.08503694,0.13448788,0.023261229
375316653866487564,4386991849401748736,0.5705249,2256.6892302758924,3.5771038905015557,9.724355E-6,17.866585,0.0090677515,0.26023555,0.0029266393,0.077221274,0.0030813268,0.37709802,0.013615704,0.7608175,0.0031938425,0.08316048,0.0035241777,0.3559162,0.012271545,null,null,null,null,"TWOGAUSSIANS",8,7.1140623,0.26023555,0.0029266393,0.4,0.0,0.37149158,0.012548732,0.7608175,0.0031938425,0.4,0.0,0.35030976,0.01132742
375316653866487564,4386993021929840640,0.49553236,2270.290706478021,1.71724830295231,1.8178973E-5,17.774893,0.017072085,0.24718519,0.069810085,0.045516636,0.072716534,0.1330366,0.08797716,0.74884075,0.0043178955,0.03255054,0.0035772629,0.40519887,0.03508614,null,null,null,null,"TWOGAUSSIANS",8,25.001999,0.74884075,0.0043178955,0.18228303,0.020032672,0.40519887,0.03507067,0.24718519,0.069810085,0.25489315,0.23137026,0.1330366,0.088014886
375316653866487564,4387003089332651648,0.47740734,2294.9582197107143,0.1405733324262048,6.1128085E-6,16.109064,0.0024177283,0.22233146,3.3091535E-4,0.0024021943,2.6923578E-4,0.12928511,0.009723556,0.80584735,0.017411621,0.039609995,0.009088116,0.028867537,0.006193881,0.0055440213,0.0032971718,0.22233146,3.3091535E-4,"TWOGAUSSIANS_WITH_ELLIPSOIDAL_ON_ECLIPSE1",9,16.496248,0.22233146,3.3091535E-4,0.013452288,0.0015077203,0.14037314,0.010917409,0.80584735,0.017411621,0.22181597,0.05089345,0.03717254,0.007788249
375316653866487564,4387004291921445120,0.58444864,2258.1783355899342,2.726184144641136,1.1136162E-5,17.493279,0.009377411,0.2364212,0.0031400546,0.10664105,0.0087176375,0.13264817,0.008767082,0.73723626,0.0044448455,0.07444502,0.005160287,0.25894776,0.012976631,null,null,null,null,"TWOGAUSSIANS",8,2.6633422,0.73723626,0.0044448455,0.4,0.0,0.25158527,0.009944894,0.2364212,0.0031400546,0.4,0.0,0.1252812,0.0049368874
375316653866487564,4387006765825299968,0.48415175,2256.5572401744903,1.039876872785952,2.7895912E-5,16.841946,0.0062923827,0.26140136,0.005405349,0.027490841,0.005834764,0.19007102,0.031781796,0.7536899,0.008343491,0.036021832,0.008837632,0.06669908,0.017512107,0.031706978,0.010601855,0.26140136,0.005405349,"TWOGAUSSIANS_WITH_ELLIPSOIDAL_ON_ECLIPSE1",9,29.771158,0.26140136,0.005405349,0.15394871,0.032674678,0.25348496,0.033261072,0.75436985,0.0074428082,0.20172226,0.04949074,0.12997743,0.007555424
375316653866487564,4387015596277800832,0.48117757,2273.1178158400858,0.570118645923189,1.1138508E-4,19.736597,0.007622469,0.2782618,0.01230693,0.01452986,0.012251309,0.80135083,30.47172,0.84950125,0.02307381,0.0397849,0.033471607,0.07550866,1.16703859E9,null,null,null,null,"TWOGAUSSIANS",8,4.1053896,0.2782618,0.01230693,0.08136721,0.06860733,0.80135083,30.47172,0.84950125,0.02307381,0.22279544,0.187441,0.07550866,1.16703859E9
375316653866487564,4387020406641452288,0.63769627,2274.482218654969,1.7995059048592712,4.1872486E-6,16.81797,0.003911104,0.22127634,0.002088364,0.041874543,0.0027848356,0.118537925,0.009241194,0.7170837,5.1416585E-4,0.04031678,0.0010803278,0.64964986,0.036370203,0.020857172,0.005616535,0.22127634,0.002088364,"TWOGAUSSIANS_WITH_ELLIPSOIDAL_ON_ECLIPSE1",9,3.3847578,0.7171137,5.021865E-4,0.22577396,0.0060498356,0.69133544,0.037296653,0.22127634,0.002088364,0.23449744,0.015595079,0.1602522,0.0036307452
375316653866487564,4387029271453726336,0.5010696,2291.195627037898,0.48896260658240376,2.5542437E-5,15.58511,0.0032214578,0.20401469,0.009489417,0.031702243,0.008274568,0.08330238,0.00666535,0.7113766,0.018383507,0.04757785,0.034691975,0.16357692,0.25085622,null,null,null,null,"TWOGAUSSIANS",8,39.608532,0.7113766,0.018383507,0.26643595,0.19427507,0.16357692,0.25085622,0.20401469,0.009489417,0.17753255,0.04633758,0.08330238,0.0066653504
375316653866487564,4387049646778484736,0.6391718,2267.8315169604434,3.0824744881300874,3.3951642E-6,16.768911,0.011152178,0.2007701,0.0012374723,0.046098936,0.0037323693,0.36149698,0.020852704,0.7026045,0.0022176038,0.04609997,0.002587832,0.426483,0.029603126,0.10490083,0.013836835,0.2007701,0.0012374723,"TWOGAUSSIANS_WITH_ELLIPSOIDAL_ON_ECLIPSE1",9,12.498338,0.7026045,0.0022176038,0.25815982,0.014491859,0.63625616,0.018140694,0.2007701,0.0012374723,0.25815406,0.020901268,0.571298,0.016577097
375316653866487564,4387054177966963584,0.4952134,2258.212343660825,4.2895563146794915,2.1353128E-5,19.853642,0.06147531,0.26262385,0.0066871177,0.09021419,0.01773768,0.37819418,0.05581262,0.78035766,0.009900947,0.09742412,0.021612654,0.34357244,0.05408304,null,null,null,null,"TWOGAUSSIANS",8,2.7954772,0.26262385,0.0066847103,0.4,0.0,0.362224,0.036911648,0.78035766,0.009900947,0.4,0.0,0.32760063,0.032005396
375316653866487564,4387069021372607488,0.54292357,2340.979109320181,4.064438193313184,8.971554E-6,18.894123,0.011660592,0.23923375,0.0019296026,0.08602481,0.0042653107,0.32564467,0.011147125,0.73946506,0.0047783414,0.09010948,0.0050689657,0.34203488,0.013283834,null,null,null,null,"TWOGAUSSIANS",8,1.6494277,0.73946506,0.0047783414,0.4,0.0,0.33020243,0.010110478,0.23923375,0.0019296026,0.4,0.0,0.31381235,0.008837942
