Gaia/vari_eclipsing_binary/VariEclipsingBinary_490002-490067.csv
# %ECSV 1.0
# ---
# delimiter: ','
# meta: !!omap
# - RELEASE: Gaia DR3
# - TABLE: vari_eclipsing_binary
# - DESCRIPTION: >
#     This table describes the properties of the eclipsing binaries resulting from the variability analysis. 
# - CITATION: >
#     How to cite and acknowledge Gaia: 
#     https://gea.esac.esa.int/archive/documentation/credits.html 
# - KNOWN_ISSUES: >
#     Known issues: 
#     https://www.cosmos.esa.int/web/gaia-users/known-issues 
# - DOCUMENTATION: >
#     Tutorials and documentation: 
#     https://www.cosmos.esa.int/web/gaia-users/archive 
# datatype:
# - 
#   name: solution_id
#   datatype: int64
#   description: Solution Identifier
#   meta:
#     ucd: meta.version
# - 
#   name: source_id
#   datatype: int64
#   description: Unique source identifier
#   meta:
#     ucd: meta.id;meta.main
# - 
#   name: global_ranking
#   datatype: float32
#   description: Number between 0 (worst) and 1 (best)
#   meta:
#     ucd: stat.param
# - 
#   name: reference_time
#   datatype: float64
#   unit: d
#   description: Reference time used for the geometric model fit
#   meta:
#     ucd: time.epoch
# - 
#   name: frequency
#   datatype: float64
#   unit: d**-1
#   description: Frequency of geometric model of the eclipsing binary light curve
#   meta:
#     ucd: src.orbital
# - 
#   name: frequency_error
#   datatype: float32
#   unit: d**-1
#   description: "Uncertainty of \\texttt{frequency}"
#   meta:
#     ucd: stat.error
# - 
#   name: geom_model_reference_level
#   datatype: float32
#   unit: mag
#   description: Magnitude reference level of geometric model
#   meta:
#     ucd: phot.mag;em.opt
# - 
#   name: geom_model_reference_level_error
#   datatype: float32
#   unit: mag
#   description: "Uncertainty of \\texttt{geomModelReferenceLevel}"
#   meta:
#     ucd: stat.error;phot.mag;em.opt
# - 
#   name: geom_model_gaussian1_phase
#   datatype: float32
#   description: Phase of the Gaussian 1 component
#   meta:
#     ucd: time.phase
# - 
#   name: geom_model_gaussian1_phase_error
#   datatype: float32
#   description: "Uncertainty of \\texttt{geomModelGaussian1Phase}"
#   meta:
#     ucd: stat.error;time.phase
# - 
#   name: geom_model_gaussian1_sigma
#   datatype: float32
#   description: "Standard deviation [phase] of Gaussian 1 component"
#   meta:
#     ucd: stat.stdev
# - 
#   name: geom_model_gaussian1_sigma_error
#   datatype: float32
#   description: "Uncertainty of \\texttt{geomModelGaussian1Sigma}"
#   meta:
#     ucd: stat.error
# - 
#   name: geom_model_gaussian1_depth
#   datatype: float32
#   unit: mag
#   description: Magnitude depth of Gaussian 1 component
#   meta:
#     ucd: src.var.amplitude
# - 
#   name: geom_model_gaussian1_depth_error
#   datatype: float32
#   unit: mag
#   description: "Uncertainty of \\texttt{geomModelGaussian1Depth}"
#   meta:
#     ucd: stat.error;src.var.amplitude
# - 
#   name: geom_model_gaussian2_phase
#   datatype: float32
#   description: Phase of Gaussian 2 component
#   meta:
#     ucd: time.phase
# - 
#   name: geom_model_gaussian2_phase_error
#   datatype: float32
#   description: "Uncertainty of \\texttt{geomModelGaussian2Phase}"
#   meta:
#     ucd: stat.error;time.phase
# - 
#   name: geom_model_gaussian2_sigma
#   datatype: float32
[...]
#   datatype: float32
#   description: "Secondary eclipse: uncertainty of \\texttt{derivedSecondaryEclDuration}"
#   meta:
#     ucd: stat.error;time.duration
# - 
#   name: derived_secondary_ecl_depth
#   datatype: float32
#   unit: mag
#   description: "Secondary eclipse: depth"
#   meta:
#     ucd: src.var.amplitude
# - 
#   name: derived_secondary_ecl_depth_error
#   datatype: float32
#   unit: mag
#   description: "Secondary eclipse: uncertainty of \\texttt{derivedSecondaryEclDepth}"
#   meta:
#     ucd: stat.error;src.var.amplitude
solution_id,source_id,global_ranking,reference_time,frequency,frequency_error,geom_model_reference_level,geom_model_reference_level_error,geom_model_gaussian1_phase,geom_model_gaussian1_phase_error,geom_model_gaussian1_sigma,geom_model_gaussian1_sigma_error,geom_model_gaussian1_depth,geom_model_gaussian1_depth_error,geom_model_gaussian2_phase,geom_model_gaussian2_phase_error,geom_model_gaussian2_sigma,geom_model_gaussian2_sigma_error,geom_model_gaussian2_depth,geom_model_gaussian2_depth_error,geom_model_cosine_half_period_amplitude,geom_model_cosine_half_period_amplitude_error,geom_model_cosine_half_period_phase,geom_model_cosine_half_period_phase_error,model_type,num_model_parameters,reduced_chi2,derived_primary_ecl_phase,derived_primary_ecl_phase_error,derived_primary_ecl_duration,derived_primary_ecl_duration_error,derived_primary_ecl_depth,derived_primary_ecl_depth_error,derived_secondary_ecl_phase,derived_secondary_ecl_phase_error,derived_secondary_ecl_duration,derived_secondary_ecl_duration_error,derived_secondary_ecl_depth,derived_secondary_ecl_depth_error
[from data line 186]
375316653866487564,4310452096213903360,0.54294986,2162.421586582495,4.2172965962804785,1.5590318E-5,19.533503,0.029813021,0.25382954,0.0063637686,0.058992982,0.007777914,0.5125442,0.0926234,0.7536264,0.009471169,0.05305665,0.013211173,0.43348718,0.020725656,null,null,null,null,"TWOGAUSSIANS",8,3.4663284,0.25382954,0.0063637686,0.33036068,0.043556318,0.51249975,0.09259374,0.7536264,0.009471169,0.29711723,0.07398257,0.43344268,0.020582756
375316653866487564,4310452164933450240,0.5246643,2145.3479127883797,1.1368617465560935,6.6206936E-5,19.149338,0.017756265,0.33241937,0.0048981654,0.07368989,0.008572905,0.6466632,0.08364105,0.82643247,0.029613934,0.06805935,0.03019655,0.33582774,0.03124104,null,null,null,null,"TWOGAUSSIANS",8,6.4500422,0.33241937,0.0048981654,0.4,0.0029457724,0.64505506,0.08514437,0.82643247,0.029613934,0.38113236,0.16660033,0.3342196,0.03159064
375316653866487564,4310454849294307968,0.5415771,2123.620272311354,1.757511925565554,9.976838E-6,19.193115,0.013689049,0.20393689,0.03541117,0.057040937,0.03289758,0.10230374,0.04998089,0.71844625,0.0026137948,0.051002048,0.0032161614,0.48461714,0.023728581,null,null,null,null,"TWOGAUSSIANS",8,3.6224158,0.71844625,0.0026137948,0.28561148,0.018010505,0.48461214,0.023726506,0.20393689,0.03541117,0.31942925,0.18422644,0.10229876,0.049983162
375316653866487564,4310456631696769664,0.57746595,2184.3822613348766,1.2072844721650735,1.9177423E-5,18.184269,0.004206968,0.4183113,0.0035791807,0.060744148,0.004866555,0.49578422,0.0328759,0.79323745,0.0023056671,0.01105195,0.0038210643,0.029016765,0.00802094,null,null,null,null,"TWOGAUSSIANS",8,4.4338684,0.4183113,0.0035791807,0.34016722,0.027252706,0.49578422,0.0328759,0.79323745,0.0023056671,0.06189092,0.021397961,0.029016769,0.008020944
375316653866487564,4310456906574701696,0.6483503,2201.1313503942515,2.6814166838868854,5.1560355E-6,17.965462,0.01675089,0.28479835,0.0036943844,0.042996228,0.014535348,0.41142368,0.16391753,0.7915469,0.003249498,0.04893017,0.0054710396,0.35703397,0.04026991,0.12343711,0.024720153,0.28479835,0.0036943844,"TWOGAUSSIANS_WITH_ELLIPSOIDAL_ON_ECLIPSE1",9,2.3935494,0.28479835,0.0036943844,0.24077886,0.08139794,0.6582968,0.18934251,0.7915469,0.003249498,0.27400893,0.030637821,0.60346353,0.020703465
375316653866487564,4310457769889425920,0.6532378,2205.976284268134,1.0429322256178268,3.668948E-6,15.151749,0.0036515694,0.28433958,6.317914E-4,0.054261215,0.0017053691,0.19973467,0.00640851,0.7768871,0.0033235848,0.029810188,0.0111975195,0.016935168,0.0057543432,0.05128295,0.002998931,0.28433958,6.317914E-4,"TWOGAUSSIANS_WITH_ELLIPSOIDAL_ON_ECLIPSE1",9,11.431996,0.28433958,6.317914E-4,0.3038628,0.009550067,0.3022956,0.003467464,0.7791171,0.0024579281,0.16693705,0.06270611,0.11933837,0.001940027
375316653866487564,4310458074805884928,0.65696925,2166.6005145307813,1.198102442736103,8.6943155E-6,17.369675,0.0045419843,0.24192593,0.0020077054,0.07141758,0.005295354,0.14690068,0.009383446,0.73621625,0.0011945353,0.05578813,9.4636675E-4,0.6379211,0.008403129,null,null,null,null,"TWOGAUSSIANS",8,3.354791,0.73621625,0.0011945353,0.3124135,0.005299654,0.6377206,0.0083443755,0.24192593,0.0020077054,0.39993843,0.017467132,0.14670019,0.009467271
375316653866487564,4310458250925822848,0.53172207,2131.426965893105,2.4165203229945194,3.004357E-5,19.511887,0.037755296,0.2417517,0.005762208,0.09446721,0.013898731,0.37836966,0.04396157,0.761956,0.021458816,0.069481164,0.0403864,0.22563708,0.024982013,null,null,null,null,"TWOGAUSSIANS",8,1.9202611,0.2417517,0.005762208,0.4,0.0,0.3744586,0.040463474,0.761956,0.021458816,0.38909453,0.06428797,0.22172707,0.045842227
375316653866487564,4310460239471821824,0.53791434,2167.433597444741,3.1638291702421304,1.8126697E-5,19.286964,0.016247073,0.28266898,0.013611319,0.076734595,0.010012662,0.42589244,0.039889734,0.79678047,0.004703718,0.07615479,0.0075176097,0.36783955,0.028927792,null,null,null,null,"TWOGAUSSIANS",8,1.4828311,0.28266898,0.013611319,0.4,0.0,0.42311803,0.03679589,0.79678047,0.004703718,0.4,0.007955829,0.36506513,0.02927298
375316653866487564,4310460514347237504,0.4943036,2190.9752728925173,1.5400976841469873,1.85773E-5,19.169565,0.0035525796,null,null,null,null,null,null,null,null,null,null,null,null,0.09086458,0.00521475,0.2618268,0.0041055544,"ELLIPSOIDAL",4,1.4144857,null,null,null,null,null,null,null,null,null,null,null,null
375316653866487564,4310460961026451584,0.46781677,2212.1758704263534,2.5894172934619704,2.074659E-5,19.675331,0.37033048,0.27398327,0.0066640037,0.14021769,0.07521173,0.28004205,0.36182937,0.7599778,0.008946952,0.12210177,0.051975224,0.29465443,0.32214308,null,null,null,null,"TWOGAUSSIANS",8,1.6430779,0.7599778,0.008946952,0.4,0.0,0.21191204,0.01694078,0.27413327,0.006364677,0.4,0.0,0.19642071,0.021010255
375316653866487564,4310461274583027072,0.7082318,2201.0264396632856,0.33234373003880563,1.1448453E-5,15.270044,0.0013955308,0.10612835,0.0069655236,0.028892066,0.0053505083,0.04941082,0.023434311,0.5973187,7.969868E-4,0.016602213,6.3658244E-4,0.4560679,0.0079429215,null,null,null,null,"TWOGAUSSIANS",8,7.417311,0.5973187,7.969868E-4,0.09297239,0.0035648618,0.4560679,0.0079429215,0.10612835,0.0069655236,0.16179557,0.029962847,0.04941082,0.023434311
375316653866487564,4310463297486309376,0.51108825,2246.6210909388615,0.053174375612926914,1.9437335E-5,19.539347,0.34867144,0.26556575,0.0063610724,0.16151854,0.11803271,0.36140984,0.32662648,0.85344505,0.047931194,0.042161644,0.050160814,0.705109,53494.164,null,null,null,null,"TWOGAUSSIANS",8,1.3910828,0.85397506,0.04255233,0.2361052,0.2782715,0.70835507,53494.18,0.26556575,0.0063610724,0.4,0.0,0.35017896,0.10226154
375316653866487564,4310463331846042112,0.54355544,2209.6150120795587,1.2824912403878101,2.5891692E-5,17.434048,0.408995,0.28707826,0.009818828,0.11277215,0.09985913,0.12543756,0.39874926,0.7658045,0.008062678,0.111329906,0.05161085,0.19019236,0.3394625,null,null,null,null,"TWOGAUSSIANS",8,3.9715075,0.7658045,0.008062678,0.4,0.0,0.1696935,0.019582888,0.28713825,0.008740478,0.4,0.0,0.10494218,0.0173921
375316653866487564,4310464744899285376,0.50238854,2141.6802878972544,1.263447091303644,2.369353E-5,19.760105,0.022833236,0.25675443,0.007604876,0.08570027,0.013143584,0.27312532,0.029892031,0.74352413,0.008610855,0.08790646,0.021837894,0.17179787,0.02160586,null,null,null,null,"TWOGAUSSIANS",8,1.2177091,0.25675443,0.007604876,0.4,0.0,0.26768073,0.026631476,0.74352413,0.008610855,0.4,0.0,0.16635324,0.018822411
375316653866487564,4310466565982451456,0.5728606,2187.1332921778776,4.831736906734256,2.755638E-5,12.846285,0.0032706633,0.44244984,0.07882804,0.0577999,0.074626915,0.10028204,299842.25,0.83889055,0.011770425,0.034234703,0.005626899,0.29551348,0.018937906,null,null,null,null,"TWOGAUSSIANS",8,229.82582,0.83889055,0.011770425,0.19171433,0.031510636,0.29551348,0.018937904,0.44244984,0.07882804,0.32367945,0.41791075,0.10028204,299842.25
375316653866487564,4310466703421408640,0.5521567,2130.455061468649,2.826956592590245,9.845057E-6,14.970184,0.009112587,0.23780161,0.0030687503,0.10157546,0.0100015635,0.18756007,0.010122402,0.7433961,0.0043810434,0.08545935,0.0074705128,0.20517226,0.011678015,null,null,null,null,"TWOGAUSSIANS",8,37.753044,0.7433961,0.0043810434,0.4,0.0,0.19510444,0.01120039,0.23780161,0.0030687503,0.4,0.0,0.17749014,0.013074176
375316653866487564,4310466840843258496,0.5353571,2161.1402424052008,0.05319149844962904,3.741191E-5,19.407125,0.07277474,0.20503744,0.043380607,0.101721965,0.018534645,0.59673285,0.19950308,0.6853213,0.013070485,0.13528669,0.029167548,0.32605997,0.06794678,null,null,null,null,"TWOGAUSSIANS",8,0.6434357,0.20520744,0.043383908,0.4,0.0,0.52377445,0.20739955,0.6853213,0.013070485,0.4,0.0,0.25230926,0.013383999
375316653866487564,4310466978299358464,0.49429318,2118.635385429741,2.760844120694696,3.861667E-5,19.777143,0.14823915,0.21306768,0.021215897,0.12609285,0.060401484,0.32271546,0.1464655,0.7340547,0.011223839,0.10099907,0.028890641,0.40909454,0.14338408,null,null,null,null,"TWOGAUSSIANS",8,2.4899538,0.7341847,0.011384385,0.4,0.0,0.35840374,0.06370479,0.21305767,0.021190114,0.4,0.0,0.27172986,0.03868518
375316653866487564,4310467424976056064,0.4783733,2148.4053863538843,0.9018740987356123,2.4793548E-5,17.596363,0.0047806674,null,null,null,null,null,null,null,null,null,null,null,null,0.079246886,0.0076387883,0.18553257,0.005626454,"ELLIPSOIDAL",4,16.316483,null,null,null,null,null,null,null,null,null,null,null,null
375316653866487564,4310468004773530240,0.51356757,2113.8985366791044,1.7489612532402168,1.736982E-5,19.397692,0.013306019,0.35033458,0.0069940495,0.061932255,0.00960306,0.36061797,0.042737924,0.8480997,0.021679929,0.06898501,0.01875723,0.1747278,0.040721096,null,null,null,null,"TWOGAUSSIANS",8,2.8648102,0.35033458,0.0069940495,0.34682062,0.053777136,0.36030668,0.04311525,0.8480997,0.021679929,0.38631603,0.058739915,0.17441653,0.041148078
375316653866487564,4310468043434801536,0.54643947,2128.6315654358286,2.73623427158222,1.3038313E-5,18.912731,0.015518245,0.2470745,0.0066004437,0.06252024,0.005497146,0.5640906,0.034890205,0.75140077,0.005815021,0.06503962,0.008629631,0.51068336,0.06795051,null,null,null,null,"TWOGAUSSIANS",8,5.79042,0.2470745,0.0066004437,0.35011336,0.030784018,0.5636582,0.034812503,0.75140077,0.005815021,0.36422187,0.048325934,0.5102509,0.0682257
375316653866487564,4310468455768258048,0.61625075,2216.914741644074,2.1238154332323504,5.9513595E-6,15.137641,0.025897367,0.29233056,0.015826985,0.052476473,0.008136725,0.52966803,0.23727159,0.78982824,0.0018224557,0.044814304,0.005083291,0.4139066,0.053506657,0.05872333,0.030869456,0.78982824,0.0018224557,"TWOGAUSSIANS_WITH_ELLIPSOIDAL_ON_ECLIPSE2",9,97.07252,0.29221058,0.014409202,0.29386824,0.045565657,0.6470817,0.23781471,0.78982824,0.0018224557,0.25096008,0.02846643,0.53134793,0.025876246
375316653866487564,4310468863764014720,0.52522844,2215.40762564171,1.52127852430882,2.2682023E-5,18.485174,0.0058265952,0.1473059,0.0129997125,0.060082834,0.02179869,0.09471993,0.027614448,0.6887538,0.00680683,0.06902578,0.004588121,0.2103845,0.01071217,null,null,null,null,"TWOGAUSSIANS",8,1.9832356,0.6887538,0.00680683,0.38654435,0.025693478,0.21034071,0.01066905,0.1473059,0.0129997125,0.33646387,0.107897826,0.09467614,0.027799621
375316653866487564,4310470001940487296,0.458028,2200.163879647631,0.38140900703711106,1.18069795E-4,18.997213,0.08021905,0.4148991,0.025941089,0.14058265,0.066268474,0.3211186,0.03308271,0.8654747,0.114145316,0.045237385,0.02437057,0.16286182,0.11507908,null,null,null,null,"TWOGAUSSIANS",8,10.057556,0.4148991,0.025941089,0.4,0.0,0.31509334,0.060172167,0.8654747,0.114145316,0.25332934,0.13647519,0.15887962,0.09727627
375316653866487564,4310471067091997056,0.49336222,2154.2984978781487,0.9318296191593624,1.9148436E-5,19.532278,0.0053272927,null,null,null,null,null,null,null,null,null,null,null,null,0.1278697,0.007620237,0.20509033,0.004283089,"ELLIPSOIDAL",4,1.4703957,null,null,null,null,null,null,null,null,null,null,null,null
375316653866487564,4310471341986349312,0.6252388,2154.5194921293764,2.7048888821580603,1.0673691E-5,14.901676,0.005508738,0.20006861,0.0021778608,0.084425755,0.0036419432,0.32759067,0.0066980314,0.6989337,0.002456099,0.08401879,0.004392893,0.3311747,0.009526476,null,null,null,null,"TWOGAUSSIANS",8,52.08458,0.6989337,0.002456099,0.4,0.0,0.3232908,0.010406508,0.20006861,0.0021778608,0.4,0.0,0.3197068,0.0066086757
375316653866487564,4310472677697237504,0.558029,2176.6091614337597,0.5009199215417126,7.876734E-5,18.793135,0.0051534004,0.46934953,0.006816029,0.02098875,0.008683153,0.02912893,0.00461263,0.6184307,3.1657497E-4,0.019975726,4.4207016E-4,0.57750887,0.02614216,null,null,null,null,"TWOGAUSSIANS",8,2.3554142,0.6184307,3.1657497E-4,0.11186406,0.002475593,0.57750887,0.02614216,0.46934953,0.006816029,0.117537,0.04862566,0.02912893,0.00461263
375316653866487564,4310472853815318784,0.5523678,2160.7995655202526,2.324395008769486,1.2132852E-5,19.56724,0.030129546,0.25463688,0.0036398026,0.08728446,0.006728146,0.45890778,0.032037083,0.7693575,0.005062717,0.09594661,0.008810644,0.49669126,0.033822812,null,null,null,null,"TWOGAUSSIANS",8,1.7275026,0.7693575,0.005062717,0.4,0.0,0.4782103,0.03110143,0.25463688,0.0036398026,0.4,0.0,0.44042838,0.025828952
375316653866487564,4310473811568841728,0.48471692,2168.5842841476347,2.171235712360078,7.556533E-5,18.993599,0.020344548,0.2698295,0.01067721,0.09421485,0.018328262,0.17621672,0.02259231,0.77428967,0.013211652,0.093067326,0.02133302,0.19834025,0.027434971,null,null,null,null,"TWOGAUSSIANS",8,2.314426,0.77428967,0.013211652,0.4,0.0,0.18840961,0.025717352,0.2698295,0.01067597,0.4,0.0,0.16628602,0.021635944
375316653866487564,4310473880290656256,0.57203627,2175.2520743324603,2.1551571124034394,1.14277755E-5,18.702517,0.019193614,0.22024849,0.0043482194,0.07652329,0.006247934,0.5124802,0.025099589,0.7206584,0.0031256382,0.07996995,0.0057263263,0.47381693,0.023313377,null,null,null,null,"TWOGAUSSIANS",8,4.6385217,0.22024849,0.0043482194,0.4,0.0,0.50655377,0.024956498,0.7206584,0.0031256382,0.4,0.0,0.4678905,0.021938631
375316653866487564,4310474292611874944,0.50294924,2165.928710764162,3.6944573009115196,1.6056416E-4,19.213078,0.0063288133,0.1902881,1.2380425E-4,0.021437006,5.210076E-4,0.32465604,0.0060665472,0.6780654,0.048438825,0.0708317,0.04134344,0.20315161,0.11949362,null,null,null,null,"TWOGAUSSIANS",8,1.6038688,0.1902881,1.2380425E-4,0.120047234,0.0029176425,0.32465598,0.006040835,0.6780654,0.048438825,0.39665753,0.0318263,0.20315154,0.11951309
375316653866487564,4310474709227993856,0.57552284,2196.019221888732,1.8201642938764189,1.4828663E-5,18.790035,0.009308752,0.22617903,0.06780889,0.07432873,0.023558334,0.3354046,0.17913377,0.7253952,0.005498044,0.07551834,0.005109464,0.43501794,0.025444772,null,null,null,null,"TWOGAUSSIANS",8,2.2759528,0.7253952,0.005498044,0.4,0.0,0.43214756,0.025539488,0.22617903,0.06780889,0.4,0.014708005,0.33253422,0.17735839
375316653866487564,4310474945442726144,0.5224649,2145.6857447943903,2.4745507341976967,1.9205354E-5,18.70921,0.01242835,0.26441717,0.010450589,0.0883963,0.010765325,0.24416529,0.015691806,0.7537023,0.004283791,0.07482141,0.007330026,0.29245502,0.0145137245,null,null,null,null,"TWOGAUSSIANS",8,3.2658625,0.7537023,0.004283791,0.4,0.0,0.28850737,0.013819967,0.26441717,0.010450589,0.4,0.0,0.24021758,0.014019116
375316653866487564,4310475533874906624,0.600496,2126.0419359947955,1.1256878188594335,1.15835E-5,16.755201,0.009424275,0.21860865,0.002385138,0.08915504,0.0034934701,0.34125504,0.011008905,0.7338027,0.0040968033,0.09536113,0.0046032416,0.325141,0.015650354,null,null,null,null,"TWOGAUSSIANS",8,8.4760685,0.21860865,0.002385138,0.4,0.0,0.32776546,0.009256853,0.7338027,0.0040968033,0.4,0.0,0.31165066,0.014820361
375316653866487564,4310476525991129088,0.5143578,2112.6172025953438,1.805295942783577,2.7358185E-5,18.990221,0.006252301,0.21932869,0.008957336,0.053585507,0.006489803,0.2525085,0.04696391,0.7146895,0.0101211425,0.067952126,0.008306163,0.19926736,0.0139497155,null,null,null,null,"TWOGAUSSIANS",8,1.735707,0.21932869,0.008957336,0.30007884,0.036342897,0.25242937,0.047009166,0.7146895,0.0101211425,0.3805319,0.042766646,0.1991882,0.013953979
