Gaia/vari_eclipsing_binary/VariEclipsingBinary_659429-659576.csv
# %ECSV 1.0
# ---
# delimiter: ','
# meta: !!omap
# - RELEASE: Gaia DR3
# - TABLE: vari_eclipsing_binary
# - DESCRIPTION: >
#     This table describes the properties of the eclipsing binaries resulting from the variability analysis. 
# - CITATION: >
#     How to cite and acknowledge Gaia: 
#     https://gea.esac.esa.int/archive/documentation/credits.html 
# - KNOWN_ISSUES: >
#     Known issues: 
#     https://www.cosmos.esa.int/web/gaia-users/known-issues 
# - DOCUMENTATION: >
#     Tutorials and documentation: 
#     https://www.cosmos.esa.int/web/gaia-users/archive 
# datatype:
# - 
#   name: solution_id
#   datatype: int64
#   description: Solution Identifier
#   meta:
#     ucd: meta.version
# - 
#   name: source_id
#   datatype: int64
#   description: Unique source identifier
#   meta:
#     ucd: meta.id;meta.main
# - 
#   name: global_ranking
#   datatype: float32
#   description: Number between 0 (worst) and 1 (best)
#   meta:
#     ucd: stat.param
# - 
#   name: reference_time
#   datatype: float64
#   unit: d
#   description: Reference time used for the geometric model fit
#   meta:
#     ucd: time.epoch
# - 
#   name: frequency
#   datatype: float64
#   unit: d**-1
#   description: Frequency of geometric model of the eclipsing binary light curve
#   meta:
#     ucd: src.orbital
# - 
#   name: frequency_error
#   datatype: float32
#   unit: d**-1
#   description: "Uncertainty of \\texttt{frequency}"
#   meta:
#     ucd: stat.error
# - 
#   name: geom_model_reference_level
#   datatype: float32
#   unit: mag
#   description: Magnitude reference level of geometric model
#   meta:
#     ucd: phot.mag;em.opt
# - 
#   name: geom_model_reference_level_error
#   datatype: float32
#   unit: mag
#   description: "Uncertainty of \\texttt{geomModelReferenceLevel}"
#   meta:
#     ucd: stat.error;phot.mag;em.opt
# - 
#   name: geom_model_gaussian1_phase
#   datatype: float32
#   description: Phase of the Gaussian 1 component
#   meta:
#     ucd: time.phase
# - 
#   name: geom_model_gaussian1_phase_error
#   datatype: float32
#   description: "Uncertainty of \\texttt{geomModelGaussian1Phase}"
#   meta:
#     ucd: stat.error;time.phase
# - 
#   name: geom_model_gaussian1_sigma
#   datatype: float32
#   description: "Standard deviation [phase] of Gaussian 1 component"
#   meta:
#     ucd: stat.stdev
# - 
#   name: geom_model_gaussian1_sigma_error
#   datatype: float32
#   description: "Uncertainty of \\texttt{geomModelGaussian1Sigma}"
#   meta:
#     ucd: stat.error
# - 
#   name: geom_model_gaussian1_depth
#   datatype: float32
#   unit: mag
#   description: Magnitude depth of Gaussian 1 component
#   meta:
#     ucd: src.var.amplitude
# - 
#   name: geom_model_gaussian1_depth_error
#   datatype: float32
#   unit: mag
#   description: "Uncertainty of \\texttt{geomModelGaussian1Depth}"
#   meta:
#     ucd: stat.error;src.var.amplitude
# - 
#   name: geom_model_gaussian2_phase
#   datatype: float32
#   description: Phase of Gaussian 2 component
#   meta:
#     ucd: time.phase
# - 
#   name: geom_model_gaussian2_phase_error
#   datatype: float32
#   description: "Uncertainty of \\texttt{geomModelGaussian2Phase}"
#   meta:
#     ucd: stat.error;time.phase
# - 
#   name: geom_model_gaussian2_sigma
#   datatype: float32
[...]
#   datatype: float32
#   description: "Secondary eclipse: uncertainty of \\texttt{derivedSecondaryEclDuration}"
#   meta:
#     ucd: stat.error;time.duration
# - 
#   name: derived_secondary_ecl_depth
#   datatype: float32
#   unit: mag
#   description: "Secondary eclipse: depth"
#   meta:
#     ucd: src.var.amplitude
# - 
#   name: derived_secondary_ecl_depth_error
#   datatype: float32
#   unit: mag
#   description: "Secondary eclipse: uncertainty of \\texttt{derivedSecondaryEclDepth}"
#   meta:
#     ucd: stat.error;src.var.amplitude
solution_id,source_id,global_ranking,reference_time,frequency,frequency_error,geom_model_reference_level,geom_model_reference_level_error,geom_model_gaussian1_phase,geom_model_gaussian1_phase_error,geom_model_gaussian1_sigma,geom_model_gaussian1_sigma_error,geom_model_gaussian1_depth,geom_model_gaussian1_depth_error,geom_model_gaussian2_phase,geom_model_gaussian2_phase_error,geom_model_gaussian2_sigma,geom_model_gaussian2_sigma_error,geom_model_gaussian2_depth,geom_model_gaussian2_depth_error,geom_model_cosine_half_period_amplitude,geom_model_cosine_half_period_amplitude_error,geom_model_cosine_half_period_phase,geom_model_cosine_half_period_phase_error,model_type,num_model_parameters,reduced_chi2,derived_primary_ecl_phase,derived_primary_ecl_phase_error,derived_primary_ecl_duration,derived_primary_ecl_duration_error,derived_primary_ecl_depth,derived_primary_ecl_depth_error,derived_secondary_ecl_phase,derived_secondary_ecl_phase_error,derived_secondary_ecl_duration,derived_secondary_ecl_duration_error,derived_secondary_ecl_depth,derived_secondary_ecl_depth_error
[from data line 532]
375316653866487564,5801654162884326400,0.44398218,2238.511780859015,0.3055553545401005,6.0722414E-6,19.555456,0.009629562,0.37732545,0.0010878191,0.014303826,8.5891207E-4,0.53260106,0.039168645,0.7709616,0.031499233,0.03923512,0.03711233,0.060739804,0.027409941,null,null,null,null,"TWOGAUSSIANS",8,5.230341,0.37732545,0.0010878191,0.08010142,0.0048099076,0.53260106,0.039168645,0.7709616,0.031499233,0.21971667,0.20782904,0.060739804,0.027409941
375316653866487564,5801656460685772288,0.47534445,2251.2117580438894,1.5728748592269322,1.832841E-5,18.227203,0.0064514056,0.2797505,0.0054169158,0.021749446,0.0061460626,0.3327029,0.12260045,0.7583138,0.0041759154,0.030420803,0.007685095,0.05776663,0.018169569,null,null,null,null,"TWOGAUSSIANS",8,16.464836,0.2797505,0.0054169158,0.1217969,0.03441795,0.3327029,0.12260045,0.7583138,0.0041759154,0.1703565,0.04303653,0.05776663,0.018169569
375316653866487564,5801666257510547584,0.4803938,2239.4115116695525,0.1747044145307237,2.8642475E-5,15.661323,0.004016492,0.48084715,0.05166263,0.10637674,0.021969194,0.022353018,0.005285693,0.8002575,0.0056843017,0.017550295,0.0042432444,1.5912333,1.7559326,null,null,null,null,"TWOGAUSSIANS",8,83.16036,0.8002575,0.0056843017,0.09828165,0.023762168,1.591479,1.7559483,0.48084715,0.05166263,0.4,0.0,0.022352304,0.0052847234
375316653866487564,5801670445099997440,0.49847916,2206.7959095263423,0.7337902992812672,1.7020213E-5,17.255621,0.004707073,0.27808553,0.0050287135,0.015726594,0.0057529,0.09536038,0.016050443,0.77700835,0.002117731,0.015344388,0.0018596265,0.57248753,0.12078244,null,null,null,null,"TWOGAUSSIANS",8,40.07983,0.77700835,0.002117731,0.085928574,0.010413908,0.57248753,0.12078244,0.27808553,0.0050287135,0.08806893,0.03221624,0.09536038,0.016050443
375316653866487564,5801680894759241088,0.5063053,2218.2925680485355,1.506422063725651,3.179982E-5,17.08162,0.008433865,0.39696163,0.03200779,0.04429657,0.2608894,0.009380642,0.0051052044,0.8702716,1.7418785E-4,0.00925336,0.0012963021,1.4940648,0.8005278,null,null,null,null,"TWOGAUSSIANS",8,2.6376216,0.8702716,1.7418785E-4,0.05181882,0.0072592916,1.4940648,0.80040824,0.39696163,0.03200779,0.2480608,0.23699841,0.009380642,0.0041401517
375316653866487564,5801685945640761728,0.5646582,2177.489156543393,4.0642113151497945,1.2055183E-5,17.13484,0.040171344,0.29621077,0.008667686,0.04823571,0.023372551,0.30044785,0.07745495,0.80045074,0.0024259058,0.040815238,0.0061174007,0.65425974,0.08791769,0.13435169,0.05359551,0.80045074,0.0024259058,"TWOGAUSSIANS_WITH_ELLIPSOIDAL_ON_ECLIPSE2",9,82.13272,0.80045074,0.0024259058,0.22856532,0.034257445,0.9229627,0.02819667,0.29681078,0.0074576586,0.27011997,0.13088629,0.568987,0.05417564
375316653866487564,5801697658013022080,0.53646904,2202.152901773586,3.5098981110700325,7.510676E-6,19.396206,0.0063042063,0.29935732,0.006985142,0.074429445,0.0056444206,0.49495867,0.048022915,0.8004361,0.0020274315,0.07139483,0.0029973837,0.53714997,0.008920196,null,null,null,null,"TWOGAUSSIANS",8,1.9400383,0.8004361,0.0020274315,0.39981103,0.012912424,0.5343387,0.008784898,0.29935732,0.006985142,0.4,0.0,0.49214745,0.048676208
375316653866487564,5801699071056475392,0.4611759,2282.3187047807332,1.1750875803087515,3.5357025E-5,14.680998,0.0024123602,0.27588812,0.009739954,0.021888176,0.009218248,0.28223634,0.5561802,0.5400552,0.00863643,0.073060796,0.010067293,0.13876575,0.041179143,null,null,null,null,"TWOGAUSSIANS",8,8.081262,0.2759081,0.009709367,0.122573785,0.051622186,0.2824375,0.55619234,0.5400552,0.00863643,0.4,0.032317124,0.13876575,0.041179143
375316653866487564,5801700097554512640,0.4983889,2232.9316767469354,3.544164338942696,1.5655007E-5,17.055902,0.016200561,0.27452782,0.004763791,0.08995749,0.010665779,0.18973187,0.015472446,0.7819244,0.0048579397,0.09991537,0.011151813,0.20602338,0.014526467,null,null,null,null,"TWOGAUSSIANS",8,21.28941,0.7819244,0.0048579397,0.4,0.0,0.1948879,0.010258117,0.27452782,0.004763791,0.4,0.0,0.17859791,0.011739058
375316653866487564,5801700617248838016,0.54207677,2193.9388705327597,2.8559800546269947,1.5436151E-5,14.656742,0.003699627,0.22555716,0.003011155,0.031798594,0.0068029156,0.022957496,0.013508563,0.73216903,0.015826175,0.013499587,0.023552185,0.04332474,1.0697969,0.08886599,0.005544194,0.22555716,0.003011155,"TWOGAUSSIANS_WITH_ELLIPSOIDAL_ON_ECLIPSE1",9,129.8119,0.73216903,0.014125377,0.07559769,0.13189223,0.22075011,1.0723928,0.22555716,0.003011155,0.17807212,0.038096327,0.20068944,0.0099393595
