Gaia/vari_eclipsing_binary/VariEclipsingBinary_688267-688289.csv
# %ECSV 1.0
# ---
# delimiter: ','
# meta: !!omap
# - RELEASE: Gaia DR3
# - TABLE: vari_eclipsing_binary
# - DESCRIPTION: >
#     This table describes the properties of the eclipsing binaries resulting from the variability analysis. 
# - CITATION: >
#     How to cite and acknowledge Gaia: 
#     https://gea.esac.esa.int/archive/documentation/credits.html 
# - KNOWN_ISSUES: >
#     Known issues: 
#     https://www.cosmos.esa.int/web/gaia-users/known-issues 
# - DOCUMENTATION: >
#     Tutorials and documentation: 
#     https://www.cosmos.esa.int/web/gaia-users/archive 
# datatype:
# - 
#   name: solution_id
#   datatype: int64
#   description: Solution Identifier
#   meta:
#     ucd: meta.version
# - 
#   name: source_id
#   datatype: int64
#   description: Unique source identifier
#   meta:
#     ucd: meta.id;meta.main
# - 
#   name: global_ranking
#   datatype: float32
#   description: Number between 0 (worst) and 1 (best)
#   meta:
#     ucd: stat.param
# - 
#   name: reference_time
#   datatype: float64
#   unit: d
#   description: Reference time used for the geometric model fit
#   meta:
#     ucd: time.epoch
# - 
#   name: frequency
#   datatype: float64
#   unit: d**-1
#   description: Frequency of geometric model of the eclipsing binary light curve
#   meta:
#     ucd: src.orbital
# - 
#   name: frequency_error
#   datatype: float32
#   unit: d**-1
#   description: "Uncertainty of \\texttt{frequency}"
#   meta:
#     ucd: stat.error
# - 
#   name: geom_model_reference_level
#   datatype: float32
#   unit: mag
#   description: Magnitude reference level of geometric model
#   meta:
#     ucd: phot.mag;em.opt
# - 
#   name: geom_model_reference_level_error
#   datatype: float32
#   unit: mag
#   description: "Uncertainty of \\texttt{geomModelReferenceLevel}"
#   meta:
#     ucd: stat.error;phot.mag;em.opt
# - 
#   name: geom_model_gaussian1_phase
#   datatype: float32
#   description: Phase of the Gaussian 1 component
#   meta:
#     ucd: time.phase
# - 
#   name: geom_model_gaussian1_phase_error
#   datatype: float32
#   description: "Uncertainty of \\texttt{geomModelGaussian1Phase}"
#   meta:
#     ucd: stat.error;time.phase
# - 
#   name: geom_model_gaussian1_sigma
#   datatype: float32
#   description: "Standard deviation [phase] of Gaussian 1 component"
#   meta:
#     ucd: stat.stdev
# - 
#   name: geom_model_gaussian1_sigma_error
#   datatype: float32
#   description: "Uncertainty of \\texttt{geomModelGaussian1Sigma}"
#   meta:
#     ucd: stat.error
# - 
#   name: geom_model_gaussian1_depth
#   datatype: float32
#   unit: mag
#   description: Magnitude depth of Gaussian 1 component
#   meta:
#     ucd: src.var.amplitude
# - 
#   name: geom_model_gaussian1_depth_error
#   datatype: float32
#   unit: mag
#   description: "Uncertainty of \\texttt{geomModelGaussian1Depth}"
#   meta:
#     ucd: stat.error;src.var.amplitude
# - 
#   name: geom_model_gaussian2_phase
#   datatype: float32
#   description: Phase of Gaussian 2 component
#   meta:
#     ucd: time.phase
# - 
#   name: geom_model_gaussian2_phase_error
#   datatype: float32
#   description: "Uncertainty of \\texttt{geomModelGaussian2Phase}"
#   meta:
#     ucd: stat.error;time.phase
# - 
#   name: geom_model_gaussian2_sigma
#   datatype: float32
[...]
#   datatype: float32
#   description: "Secondary eclipse: uncertainty of \\texttt{derivedSecondaryEclDuration}"
#   meta:
#     ucd: stat.error;time.duration
# - 
#   name: derived_secondary_ecl_depth
#   datatype: float32
#   unit: mag
#   description: "Secondary eclipse: depth"
#   meta:
#     ucd: src.var.amplitude
# - 
#   name: derived_secondary_ecl_depth_error
#   datatype: float32
#   unit: mag
#   description: "Secondary eclipse: uncertainty of \\texttt{derivedSecondaryEclDepth}"
#   meta:
#     ucd: stat.error;src.var.amplitude
solution_id,source_id,global_ranking,reference_time,frequency,frequency_error,geom_model_reference_level,geom_model_reference_level_error,geom_model_gaussian1_phase,geom_model_gaussian1_phase_error,geom_model_gaussian1_sigma,geom_model_gaussian1_sigma_error,geom_model_gaussian1_depth,geom_model_gaussian1_depth_error,geom_model_gaussian2_phase,geom_model_gaussian2_phase_error,geom_model_gaussian2_sigma,geom_model_gaussian2_sigma_error,geom_model_gaussian2_depth,geom_model_gaussian2_depth_error,geom_model_cosine_half_period_amplitude,geom_model_cosine_half_period_amplitude_error,geom_model_cosine_half_period_phase,geom_model_cosine_half_period_phase_error,model_type,num_model_parameters,reduced_chi2,derived_primary_ecl_phase,derived_primary_ecl_phase_error,derived_primary_ecl_duration,derived_primary_ecl_duration_error,derived_primary_ecl_depth,derived_primary_ecl_depth_error,derived_secondary_ecl_phase,derived_secondary_ecl_phase_error,derived_secondary_ecl_duration,derived_secondary_ecl_duration_error,derived_secondary_ecl_depth,derived_secondary_ecl_depth_error
[from data line 37]
375316653866487564,6054071452482161920,0.43101826,2224.0958897424202,3.1984072902249063,2.9881085E-5,18.054895,0.0068020048,0.31182608,0.01288852,0.052618146,0.027525559,0.13390182,2.9651592,0.77758974,0.0120053105,0.01197811,0.0030682858,0.47066647,0.6555403,null,null,null,null,"TWOGAUSSIANS",8,18.092041,0.77758974,0.0120053105,0.06707741,0.0171824,0.47066647,0.6555403,0.31182608,0.01288852,0.2946616,0.15414312,0.13390182,2.9651592
375316653866487564,6054072410225946240,0.58172405,2213.8246079852966,2.325964875754543,7.3854085E-6,12.355377,0.019058064,0.2507175,0.001985312,0.12507257,0.017784141,0.09118726,0.017907342,0.7504823,0.004392298,0.12522812,0.019307368,0.08227028,0.018935485,null,null,null,null,"TWOGAUSSIANS",8,23.67728,0.2507175,0.0019941728,0.4,0.0,0.06774255,0.0015331318,0.7504823,0.0044019665,0.4,0.0,0.058830492,0.0013629575
375316653866487564,6054072758174770304,0.53961825,2237.690563188348,2.114552641345954,1.8399094E-5,17.703817,0.04114275,0.18853037,0.068769984,0.11827491,0.1631678,0.057233684,0.02349449,0.7508291,0.0013326093,0.038162373,0.0041760853,0.43138686,0.030638918,null,null,null,null,"TWOGAUSSIANS",8,15.079296,0.7508391,0.00122424,0.21370928,0.023386078,0.43120927,0.031049587,0.18853037,0.068769984,0.4,0.0,0.056994602,0.019671677
375316653866487564,6054072792513776000,0.4414088,2158.1218155418214,0.047891482602205035,1.03258004E-4,18.178074,0.005971377,0.23318869,0.0021214187,0.0010795627,0.0010584824,0.38143182,43900.01,null,null,null,null,null,null,0.04128106,0.008673596,0.23318869,0.0021214187,"ONEGAUSSIAN_WITH_ELLIPSOIDAL",6,10.958211,0.23318869,0.0021214187,0.006045551,0.0059275017,0.4639938,43900.01,null,null,null,null,null,null
375316653866487564,6054073033056466560,0.5002917,2255.1228438361213,0.018483852880995084,1.0492997E-6,19.588398,0.004105458,0.08178547,0.0062187337,0.009861314,0.0030282356,0.1165826,0.018622577,0.58642155,2.0027082E-6,7.327513E-4,7.818423E-6,0.37343,0.0042202007,null,null,null,null,"TWOGAUSSIANS",8,1.2301577,0.58642155,2.0027082E-6,0.0041034073,4.3783166E-5,0.37343,0.0042202007,0.08178547,0.0062187337,0.055223353,0.01695812,0.1165826,0.018622577
375316653866487564,6054073101750607616,0.4532314,2202.0738563261157,0.782606644488055,3.690995E-5,19.40908,0.010168141,0.2069113,0.034735058,0.03784524,0.03632459,0.101342455,0.050932657,0.7101261,0.0091967825,0.059375506,0.010440352,0.14463775,0.017572688,null,null,null,null,"TWOGAUSSIANS",8,2.235284,0.7101261,0.0091967825,0.33250284,0.058465973,0.14463738,0.01755437,0.2069113,0.034735058,0.21193334,0.20341772,0.10134208,0.050930474
375316653866487564,6054073136110275072,0.4420729,2178.374566201477,1.0945939369218218,1.215705E-4,19.065657,0.009474309,0.3724532,0.006830389,0.067378156,0.008232955,0.18943495,0.024407469,0.66486317,0.054776378,0.18504871,0.05873166,0.04530187,0.01125892,null,null,null,null,"TWOGAUSSIANS",8,5.193918,0.37513322,0.005791787,0.37731767,0.033646863,0.19970118,0.025337318,0.66486317,0.054776378,0.4,0.0,0.04240626,0.011463619
375316653866487564,6054073479729337984,0.6051485,2235.909950843341,2.609323216245313,1.0682885E-5,17.085184,0.006848228,0.23347464,0.0036089146,0.030861607,0.007560787,0.1738968,0.030131336,0.72652304,0.0028264783,0.0471444,0.005958558,0.19962895,0.015328122,0.11151165,0.0076371664,0.23347464,0.0036089146,"TWOGAUSSIANS_WITH_ELLIPSOIDAL_ON_ECLIPSE1",9,13.440274,0.72766304,0.0019429455,0.26400864,0.033367924,0.4222963,0.01144119,0.23347464,0.0036089146,0.172825,0.042340405,0.39691976,0.025609614
375316653866487564,6054073754584083456,0.4817045,2191.336095294359,2.088811466000653,3.370533E-5,19.675943,0.0072115003,0.3112848,0.009106362,0.050641727,0.009713645,0.1742157,0.03372472,0.81279266,0.015839608,0.042889073,0.012070091,0.2692806,0.03273221,null,null,null,null,"TWOGAUSSIANS",8,1.3276166,0.81279266,0.015839608,0.24017881,0.06759252,0.26928037,0.03273019,0.3112848,0.009106362,0.28359368,0.05439641,0.17421547,0.0337252
375316653866487564,6054073960765394560,0.57798153,2222.249768791859,0.3805531423636524,2.5514304E-5,15.215945,9.302744E-4,0.34132707,0.005506259,0.028626947,0.0043410193,0.32211185,0.023255073,0.5905182,0.0092562055,0.0073082075,0.007312644,0.014385236,0.18299097,null,null,null,null,"TWOGAUSSIANS",8,23.780226,0.34132707,0.005506259,0.16031091,0.024309708,0.32211185,0.023255073,0.5905182,0.0092562055,0.04092596,0.040950805,0.014385236,0.18299097
375316653866487564,6054074029462158208,0.5790495,2222.838997723217,1.5804667853210013,4.099695E-6,19.049335,0.014033502,0.24056311,0.0033684724,0.07829281,0.0036377718,0.5725809,0.020421872,0.74761856,0.007350057,0.073505476,0.008856517,0.23803936,0.021500507,null,null,null,null,"TWOGAUSSIANS",8,2.4428566,0.24056311,0.0033684724,0.4,0.0,0.5697776,0.019137805,0.74761856,0.007350057,0.4,0.013515659,0.23523611,0.021374056
375316653866487564,6054074373082298240,0.61546683,2220.7324689543375,1.256069796500149,4.457398E-6,16.123308,0.0073946305,0.25763208,0.0018370311,0.07376183,0.0023484414,0.55549175,0.010453198,0.7755971,0.0034805476,0.08758525,0.0043021343,0.21653084,0.00731023,null,null,null,null,"TWOGAUSSIANS",8,20.814325,0.25763208,0.0018370311,0.4,0.0,0.5517157,0.010134278,0.7755971,0.0034805476,0.4,0.0,0.21275468,0.0066467533
375316653866487564,6054075094614410752,0.4685568,2225.030715674559,2.3553169924735795,1.2925304E-5,19.67373,0.005815831,0.6602077,0.004256097,0.040113382,0.0032292143,0.10434959,0.005425641,0.8379202,0.017377254,0.032714207,0.00890246,0.33242476,0.078612626,null,null,null,null,"TWOGAUSSIANS",8,1.7686021,0.8379202,0.017377254,0.18319955,0.04985378,0.33243045,0.07861915,0.6602077,0.0042579635,0.22463493,0.0180836,0.104349725,0.0054255393
375316653866487564,6054076091047814272,0.5061292,2216.036475514673,2.764775315912132,2.7794918E-5,18.61539,0.07134326,0.22847188,0.02163592,0.07873116,0.035993613,0.29939237,0.060024325,0.7204442,0.010865583,0.08655017,0.0225054,0.2908303,0.07938334,null,null,null,null,"TWOGAUSSIANS",8,8.243728,0.22847188,0.021644538,0.4,0.0,0.2941615,0.019664874,0.7204442,0.010859415,0.4,0.0,0.2855994,0.05315043
375316653866487564,6054076228485948160,0.5642059,2224.4774969826003,0.5783073270109147,1.8861632E-5,19.415586,0.010082367,0.27700162,0.01385225,0.034663722,0.015363692,1.281711,0.849757,0.76840276,0.0036765186,0.047112584,0.004958468,0.17339094,0.012688436,null,null,null,null,"TWOGAUSSIANS",8,2.1668742,0.27700162,0.01385225,0.19411685,0.086036675,1.281711,0.84975815,0.76840276,0.0036765186,0.26383048,0.027767422,0.17339092,0.012688053
375316653866487564,6054076743883411200,0.46987212,2211.5146613409993,1.30092878667041,4.3085613E-5,18.786434,0.019631099,0.28697935,0.008143515,0.09909575,0.018408576,0.1521334,0.018132232,0.7676112,0.013771801,0.10888027,0.034179635,0.080727234,0.017237255,null,null,null,null,"TWOGAUSSIANS",8,1.9488748,0.28698936,0.008141012,0.4,0.0,0.1426091,0.01523537,0.7676112,0.013771801,0.4,0.0,0.07119862,0.01565919
375316653866487564,6054077018761404288,0.5506077,2176.963577355207,2.669212226462021,8.393947E-6,19.382324,0.012151024,0.26021636,0.0030622864,0.08771759,0.0044041276,0.41814888,0.015278501,0.76084507,0.002826103,0.084772855,0.004168814,0.4003703,0.016460963,null,null,null,null,"TWOGAUSSIANS",8,1.4555506,0.26021636,0.0030622864,0.4,0.0,0.4060181,0.013717661,0.76084507,0.002826103,0.4,0.0,0.38823956,0.015543432
375316653866487564,6054077018761406976,0.4510868,2321.113495542918,0.6306234543758912,3.566794E-5,18.70512,0.010070678,0.21186812,0.022570273,0.02993285,0.04840553,0.6616669,197.18661,0.5559086,0.018530587,0.09306527,0.01951054,0.19621432,0.052646928,null,null,null,null,"TWOGAUSSIANS",8,3.0149236,0.21187812,0.023020994,0.16762395,0.23805338,0.66187805,197.18661,0.5559086,0.018530587,0.4,0.0,0.19621396,0.052643802
375316653866487564,6054077327997692032,0.5114613,2204.9383229429036,0.35937489484859353,2.4176445E-5,18.510777,0.0027732805,0.40361995,0.0068125483,0.015243872,0.0057338723,0.3558861,0.18148564,0.74361116,0.1323619,0.055076543,0.056506086,0.07067548,1.1306144,null,null,null,null,"TWOGAUSSIANS",8,1.7198226,0.40361995,0.0068125483,0.08536568,0.032109685,0.3558861,0.18148564,0.74361116,0.1323619,0.30842865,0.3164341,0.07067548,1.1306144
375316653866487564,6054077843395124352,0.54003567,2185.410251817466,2.88229723590389,1.506907E-5,18.65224,0.015191563,0.24879782,0.004552606,0.047133822,0.009277141,0.18396749,0.037911743,0.7299897,0.0117181605,0.050299674,0.0142249325,0.1858418,0.05521417,0.11655442,0.019107018,0.24879782,0.004552606,"TWOGAUSSIANS_WITH_ELLIPSOIDAL_ON_ECLIPSE1",9,5.879981,0.24879782,0.004552606,0.26394942,0.051951986,0.4170757,0.014964787,0.7337497,0.010692598,0.28167817,0.079659626,0.41635376,0.049212933
375316653866487564,6054077877754664704,0.48350894,2188.481198018357,2.037345813259603,1.5237784E-5,19.610792,0.011938841,0.2940977,0.0032441802,0.06550594,0.0027297444,0.6276709,0.027016511,0.79592067,0.0025326794,0.06645723,0.0025830416,0.6355737,0.018784111,null,null,null,null,"TWOGAUSSIANS",8,2.7851498,0.79592067,0.0025326794,0.37216046,0.014465032,0.6346587,0.0185945,0.2940977,0.0032441802,0.36683327,0.015286569,0.6267559,0.027006514
375316653866487564,6054078049552322816,0.5588397,2153.6937590647526,0.4238445670728698,7.0761926E-6,19.455639,0.007831551,0.25092223,0.0013716685,0.03937039,0.0017456078,0.70073533,0.033086438,0.7383517,0.006026147,0.04273036,0.0071653933,0.18871064,0.021770531,null,null,null,null,"TWOGAUSSIANS",8,2.0314505,0.25092223,0.0013716685,0.22047418,0.009775404,0.70073533,0.033086438,0.7383517,0.006026147,0.23929003,0.0401262,0.18871064,0.021770533
375316653866487564,6054078393152054784,0.4733505,2175.400574057183,3.5110527412851606,5.0165774E-5,19.704811,0.017163537,0.27927518,0.013312221,0.05818484,0.015887942,0.2298385,0.029652573,0.7841452,0.006051124,0.075855985,0.010686504,0.23208146,0.025610367,null,null,null,null,"TWOGAUSSIANS",8,2.5062194,0.7841452,0.006051124,0.4,0.015956279,0.23170106,0.025451073,0.27927518,0.013312221,0.3258351,0.08897248,0.22945811,0.02945183
375316653866487564,6054078564971598208,0.56556123,2178.5134943557946,1.0766009036920163,1.2102222E-5,18.743559,0.0050446168,0.25757784,0.009362984,0.040114257,0.007512263,0.5230761,0.070877306,0.7597903,0.0019971605,0.04607747,0.0024677583,0.4508778,0.04746166,null,null,null,null,"TWOGAUSSIANS",8,2.385904,0.25757784,0.009362984,0.22463985,0.042068675,0.52307606,0.07087757,0.7597903,0.0019971605,0.25803384,0.013819446,0.45087776,0.047461692
375316653866487564,6054078839849068672,0.58516973,2213.0637724111784,2.229233212064697,1.1248086E-5,17.072504,0.010013611,0.23459272,0.0026631455,0.107821934,0.008037629,0.16748671,0.0086330315,0.73385423,0.0018633198,0.09933884,0.005007432,0.18184374,0.009954292,null,null,null,null,"TWOGAUSSIANS",8,2.353626,0.73385423,0.0018633198,0.4,0.0,0.16311085,0.0048925197,0.23459272,0.0026631455,0.4,0.0,0.1487478,0.0039281617
375316653866487564,6054078942928306688,0.46169418,2219.8534160040945,0.26836395221958703,5.8752223E-5,18.188251,0.0038982974,0.3227251,0.0210913,0.07334095,0.010831426,0.03430528,0.007845275,0.72407174,1.8688789E-6,0.0053330194,3.2007397E-4,0.28206116,0.0166406,null,null,null,null,"TWOGAUSSIANS",8,3.6038654,0.72407174,1.8688789E-6,0.02986491,0.0017924143,0.28206116,0.016640555,0.3227251,0.0210913,0.4,0.013612233,0.03430528,0.007845275
375316653866487564,6054079149066443904,0.4923165,2192.4574977967854,1.12189951274912,9.595058E-5,19.281116,0.0069294553,0.3878114,0.0035937412,0.05481739,0.0034844393,0.33391505,0.055639982,0.870271,0.04337326,0.04811388,0.024944372,0.033637,0.009468127,null,null,null,null,"TWOGAUSSIANS",8,2.2885973,0.3878114,0.0035937412,0.3069774,0.01951286,0.3339143,0.055640187,0.870271,0.04337326,0.26943773,0.13968849,0.033636276,0.009467646
375316653866487564,6054079179117336320,0.6453397,2197.9741253966295,1.6895593198534316,5.919003E-6,18.267418,0.003518945,0.2443511,0.0011672146,0.044296518,0.0016068494,0.6664832,0.028245676,0.7490654,0.0019896307,0.037807915,0.0026322945,0.12396476,0.009538258,0.120531164,0.00535716,0.2443511,0.0011672146,"TWOGAUSSIANS_WITH_ELLIPSOIDAL_ON_ECLIPSE1",9,1.6353534,0.2443511,0.0011672146,0.24806051,0.008998357,0.90754527,0.029109271,0.7490654,0.0019896307,0.21172433,0.014740849,0.36481538,0.0062454552
375316653866487564,6054079217785954176,0.45734742,2188.728601809654,1.3634627623699582,6.018833E-5,18.783636,0.007023543,0.32403332,0.0017816481,0.025795758,0.0034384246,0.204555,0.01025893,0.81606215,0.010559926,0.03344836,0.014525974,0.33316284,0.1719996,null,null,null,null,"TWOGAUSSIANS",8,11.535868,0.81606215,0.010559926,0.18731081,0.081345454,0.33316284,0.1719996,0.32403332,0.0017816481,0.14445624,0.019255178,0.204555,0.01025893
375316653866487564,6054079630104255488,0.53535837,2183.087691850659,0.844650578853766,9.982417E-6,19.233969,0.0075882287,0.3253517,0.0033828095,0.07831303,0.0036429844,0.38569403,0.020829795,0.8183871,0.007050618,0.067139104,0.00835545,0.2102637,0.023478486,null,null,null,null,"TWOGAUSSIANS",8,1.39873,0.3253517,0.0033828095,0.4,0.0,0.38435918,0.0208504,0.8183871,0.007050618,0.37597898,0.033367675,0.20892887,0.024117641
375316653866487564,6054079767544241408,0.4760652,2207.9782702497264,2.017729981775977,3.2827113E-5,19.712734,0.0064951805,0.37463602,0.006909759,0.06845097,0.0060338057,0.25128463,0.01749566,null,null,null,null,null,null,null,null,null,null,"ONEGAUSSIAN",5,1.7873374,0.37463602,0.006909759,0.38332543,0.028788649,0.25128463,0.0,null,null,null,null,null,null
375316653866487564,6054080008059948672,0.56373477,2177.0295734472625,1.269444820627366,1.2491446E-5,19.16008,0.003604861,0.44379255,9.1884374E-7,0.004498281,3.223881E-5,0.6852288,2.4589145E-4,0.61566997,0.0029932335,0.008508953,0.0013928957,0.6899866,0.2597448,null,null,null,null,"TWOGAUSSIANS",8,1.1227372,0.61566997,0.0029932335,0.04765014,0.0078002163,0.6899866,0.2597448,0.44379255,9.1884374E-7,0.025190374,1.8053735E-4,0.6852288,2.4589145E-4
375316653866487564,6054080008080222592,0.5785332,2214.7349816319975,0.2521361440971569,7.17741E-5,17.150951,0.0011485685,0.13951975,6.172053E-4,0.013239199,0.0010716174,0.28499866,0.05202807,0.41235313,0.16769189,0.087568566,0.13845839,0.0044480576,0.011474645,null,null,null,null,"TWOGAUSSIANS",8,1.6076682,0.13951975,6.172053E-4,0.07413951,0.0060010576,0.28503335,0.052091334,0.41235313,0.16769189,0.4,0.40869778,0.004448057,0.011480775
375316653866487564,6054080111139136640,0.47764635,2231.0647891965177,0.523522784470236,1.627766E-5,18.613398,0.0031681512,0.28001246,0.0128866015,0.01238015,0.01193003,0.22592817,0.20053566,0.7722747,0.002258638,0.022999743,0.0022440366,0.17574228,0.019177392,null,null,null,null,"TWOGAUSSIANS",8,2.2448118,0.28001246,0.0128866015,0.06932884,0.066808164,0.22592817,0.20053566,0.7722747,0.002258638,0.12879856,0.012566605,0.17574228,0.019177392
375316653866487564,6054080111139157504,0.48379523,2216.3082011239694,1.6029169804621082,2.1890037E-5,19.485035,0.014193653,0.24108593,0.0036342915,0.046429973,0.0047853375,0.7036167,0.13711125,0.740175,0.014308782,0.04815018,0.01640853,0.18014589,0.12730335,null,null,null,null,"TWOGAUSSIANS",8,6.765847,0.24108593,0.0036342915,0.26000786,0.02679789,0.70361614,0.137112,0.740175,0.014308782,0.269641,0.09188776,0.18014532,0.12730469
375316653866487564,6054080214238669824,0.49475706,2199.9500051696427,0.8229036648495875,2.7537812E-5,10.913016,0.10032651,0.31557214,0.030678235,0.32312804,0.23176147,0.07403668,0.095105395,0.7828639,0.006943702,0.050070073,0.0057956795,0.12808378,0.010405974,null,null,null,null,"TWOGAUSSIANS",8,175.16309,0.7828639,0.006943702,0.2803924,0.032455806,0.12307936,0.0102405045,0.31557214,0.030678235,0.4,0.0,0.025218217,0.0033567618
