Gaia/vari_eclipsing_binary/VariEclipsingBinary_665206-665227.csv
# %ECSV 1.0
# ---
# delimiter: ','
# meta: !!omap
# - RELEASE: Gaia DR3
# - TABLE: vari_eclipsing_binary
# - DESCRIPTION: >
#     This table describes the properties of the eclipsing binaries resulting from the variability analysis. 
# - CITATION: >
#     How to cite and acknowledge Gaia: 
#     https://gea.esac.esa.int/archive/documentation/credits.html 
# - KNOWN_ISSUES: >
#     Known issues: 
#     https://www.cosmos.esa.int/web/gaia-users/known-issues 
# - DOCUMENTATION: >
#     Tutorials and documentation: 
#     https://www.cosmos.esa.int/web/gaia-users/archive 
# datatype:
# - 
#   name: solution_id
#   datatype: int64
#   description: Solution Identifier
#   meta:
#     ucd: meta.version
# - 
#   name: source_id
#   datatype: int64
#   description: Unique source identifier
#   meta:
#     ucd: meta.id;meta.main
# - 
#   name: global_ranking
#   datatype: float32
#   description: Number between 0 (worst) and 1 (best)
#   meta:
#     ucd: stat.param
# - 
#   name: reference_time
#   datatype: float64
#   unit: d
#   description: Reference time used for the geometric model fit
#   meta:
#     ucd: time.epoch
# - 
#   name: frequency
#   datatype: float64
#   unit: d**-1
#   description: Frequency of geometric model of the eclipsing binary light curve
#   meta:
#     ucd: src.orbital
# - 
#   name: frequency_error
#   datatype: float32
#   unit: d**-1
#   description: "Uncertainty of \\texttt{frequency}"
#   meta:
#     ucd: stat.error
# - 
#   name: geom_model_reference_level
#   datatype: float32
#   unit: mag
#   description: Magnitude reference level of geometric model
#   meta:
#     ucd: phot.mag;em.opt
# - 
#   name: geom_model_reference_level_error
#   datatype: float32
#   unit: mag
#   description: "Uncertainty of \\texttt{geomModelReferenceLevel}"
#   meta:
#     ucd: stat.error;phot.mag;em.opt
# - 
#   name: geom_model_gaussian1_phase
#   datatype: float32
#   description: Phase of the Gaussian 1 component
#   meta:
#     ucd: time.phase
# - 
#   name: geom_model_gaussian1_phase_error
#   datatype: float32
#   description: "Uncertainty of \\texttt{geomModelGaussian1Phase}"
#   meta:
#     ucd: stat.error;time.phase
# - 
#   name: geom_model_gaussian1_sigma
#   datatype: float32
#   description: "Standard deviation [phase] of Gaussian 1 component"
#   meta:
#     ucd: stat.stdev
# - 
#   name: geom_model_gaussian1_sigma_error
#   datatype: float32
#   description: "Uncertainty of \\texttt{geomModelGaussian1Sigma}"
#   meta:
#     ucd: stat.error
# - 
#   name: geom_model_gaussian1_depth
#   datatype: float32
#   unit: mag
#   description: Magnitude depth of Gaussian 1 component
#   meta:
#     ucd: src.var.amplitude
# - 
#   name: geom_model_gaussian1_depth_error
#   datatype: float32
#   unit: mag
#   description: "Uncertainty of \\texttt{geomModelGaussian1Depth}"
#   meta:
#     ucd: stat.error;src.var.amplitude
# - 
#   name: geom_model_gaussian2_phase
#   datatype: float32
#   description: Phase of Gaussian 2 component
#   meta:
#     ucd: time.phase
# - 
#   name: geom_model_gaussian2_phase_error
#   datatype: float32
#   description: "Uncertainty of \\texttt{geomModelGaussian2Phase}"
#   meta:
#     ucd: stat.error;time.phase
# - 
#   name: geom_model_gaussian2_sigma
#   datatype: float32
[...]
#   datatype: float32
#   description: "Secondary eclipse: uncertainty of \\texttt{derivedSecondaryEclDuration}"
#   meta:
#     ucd: stat.error;time.duration
# - 
#   name: derived_secondary_ecl_depth
#   datatype: float32
#   unit: mag
#   description: "Secondary eclipse: depth"
#   meta:
#     ucd: src.var.amplitude
# - 
#   name: derived_secondary_ecl_depth_error
#   datatype: float32
#   unit: mag
#   description: "Secondary eclipse: uncertainty of \\texttt{derivedSecondaryEclDepth}"
#   meta:
#     ucd: stat.error;src.var.amplitude
solution_id,source_id,global_ranking,reference_time,frequency,frequency_error,geom_model_reference_level,geom_model_reference_level_error,geom_model_gaussian1_phase,geom_model_gaussian1_phase_error,geom_model_gaussian1_sigma,geom_model_gaussian1_sigma_error,geom_model_gaussian1_depth,geom_model_gaussian1_depth_error,geom_model_gaussian2_phase,geom_model_gaussian2_phase_error,geom_model_gaussian2_sigma,geom_model_gaussian2_sigma_error,geom_model_gaussian2_depth,geom_model_gaussian2_depth_error,geom_model_cosine_half_period_amplitude,geom_model_cosine_half_period_amplitude_error,geom_model_cosine_half_period_phase,geom_model_cosine_half_period_phase_error,model_type,num_model_parameters,reduced_chi2,derived_primary_ecl_phase,derived_primary_ecl_phase_error,derived_primary_ecl_duration,derived_primary_ecl_duration_error,derived_primary_ecl_depth,derived_primary_ecl_depth_error,derived_secondary_ecl_phase,derived_secondary_ecl_phase_error,derived_secondary_ecl_duration,derived_secondary_ecl_duration_error,derived_secondary_ecl_depth,derived_secondary_ecl_depth_error
[from data line 504]
375316653866487564,5851329101834757248,0.6148227,2194.134498917374,0.2744499265452055,1.1464948E-4,17.600878,0.004426292,0.2617988,0.008916335,0.028467776,0.0053123515,0.9253234,0.16624987,0.7556412,0.0073420336,0.026385669,0.008265426,0.054375414,0.015719442,0.02526899,0.0066823,0.7556412,0.0073420336,"TWOGAUSSIANS_WITH_ELLIPSOIDAL_ON_ECLIPSE2",9,6.4871683,0.2617788,0.008884759,0.15941955,0.029749168,0.97578603,0.16172585,0.7556412,0.0073420336,0.14775975,0.046286386,0.10491336,0.012916994
375316653866487564,5851329411029446016,0.4882027,2184.8729776798623,3.194000965907245,1.0163118E-5,18.887005,0.0048468946,0.21581572,0.0055241957,0.016956383,0.0067565963,0.20450643,1.0133773,0.6475635,0.006644999,0.04770909,0.014981025,0.058584586,0.015826013,0.056157578,0.013410163,0.6475635,0.006644999,"TWOGAUSSIANS_WITH_ELLIPSOIDAL_ON_ECLIPSE2",9,3.7378755,0.21506572,0.0057752402,0.09495575,0.03783694,0.29760036,1.010266,0.6475635,0.006644999,0.2671709,0.08389374,0.17089956,0.018004365
375316653866487564,5851329475472870656,0.50035113,2196.58972189569,2.4629561510785414,1.8938823E-5,17.973076,0.020968316,0.27432182,0.0071180305,0.09412823,0.016854024,0.19723871,0.019056233,0.7846313,0.007070351,0.094859965,0.011585871,0.22204597,0.022008859,null,null,null,null,"TWOGAUSSIANS",8,10.039964,0.7846313,0.007070351,0.4,0.0,0.21111959,0.015242569,0.27432182,0.0071180305,0.4,0.0,0.18631247,0.017892977
375316653866487564,5851329479791881472,0.56203866,2205.081884837905,2.238710396077986,8.930412E-6,17.10433,0.004316943,0.2698346,0.002734304,0.07372716,0.0036012367,0.30203474,0.0104037495,0.7724288,0.004138242,0.08383824,0.004362764,0.25795782,0.013934675,null,null,null,null,"TWOGAUSSIANS",8,9.454859,0.2698346,0.002734304,0.4,0.0,0.2986154,0.0107841315,0.7724288,0.004138242,0.4,0.0,0.25453848,0.014093336
375316653866487564,5851329788987009792,0.44971332,2195.193990552445,3.1168732233595553,2.652234E-5,18.515375,0.055481095,0.24333161,0.0070609925,0.086755395,0.017393861,0.25376114,0.05133412,0.7253529,0.014108429,0.13142031,0.03492652,0.21441483,0.052788444,null,null,null,null,"TWOGAUSSIANS",8,13.172486,0.24346161,0.006830751,0.4,0.0,0.22752976,0.01947967,0.7253529,0.014108429,0.4,0.0,0.18783538,0.014993375
375316653866487564,5851329926468502528,0.46659395,2243.4100940263315,2.8027507031154277,1.6351021E-5,17.360754,0.0034022715,0.2832437,0.0021770126,0.018381149,0.004551529,0.06263448,0.011363878,0.76726806,0.013286642,0.021488259,0.026669733,0.048386715,3563278.2,0.05508238,0.005990756,0.76726806,0.013286642,"TWOGAUSSIANS_WITH_ELLIPSOIDAL_ON_ECLIPSE2",9,10.643248,0.28253368,0.0018844082,0.102934435,0.025488563,0.17174186,0.015187194,0.76726806,0.013286642,0.12033425,0.14935051,0.1585512,3563278.2
375316653866487564,5851329926468505600,0.52406585,2238.3767222599918,1.2960207249989124,1.0557785E-5,16.813894,0.02712002,0.20155086,0.0029647192,0.11006613,0.0171145,0.13278013,0.025770746,0.7100516,0.0056988015,0.11347049,0.021409208,0.14635551,0.024359457,null,null,null,null,"TWOGAUSSIANS",8,8.454567,0.71006155,0.005709487,0.4,0.0,0.1253824,0.015349284,0.20153086,0.0029744755,0.4,0.0,0.11181644,0.006938835
375316653866487564,5851330235663918336,0.48067704,2218.8939859418183,2.343652156112003,1.81891E-5,18.798935,0.18065335,0.2027738,0.008671812,0.14447197,0.046613093,0.24827819,0.17635325,0.7123123,0.006570417,0.13860682,0.04126349,0.25621983,0.16808143,null,null,null,null,"TWOGAUSSIANS",8,2.074503,0.7128123,0.006159144,0.4,0.0,0.15774937,0.014251983,0.20237379,0.008184315,0.4,0.0,0.14931995,0.009955501
375316653866487564,5851331403937440768,0.5374582,2168.910342854676,2.9836483721680818,9.971696E-6,18.63405,0.007891449,0.18129462,0.0028521544,0.06730868,0.0030713712,0.48521987,0.031774722,0.6842548,0.0032303138,0.069677174,0.0038707734,0.3198439,0.013748018,null,null,null,null,"TWOGAUSSIANS",8,6.0301824,0.18129462,0.0028521544,0.37692863,0.017199678,0.48429355,0.03192076,0.6842548,0.0032303138,0.39019215,0.02167633,0.31891757,0.013743533
375316653866487564,5851331610053633152,0.4216704,2216.2887992433675,0.31282486844256463,5.347573E-5,19.344355,0.009206405,0.16283222,0.012112903,0.011710413,0.007956319,0.18112938,0.20737134,0.67727673,0.015059013,0.05772417,0.016491696,0.113472916,0.04518717,0.029017719,0.0125024645,0.16283222,0.012112903,"TWOGAUSSIANS_WITH_ELLIPSOIDAL_ON_ECLIPSE1",9,6.2105904,0.16283222,0.012112903,0.06557831,0.044555385,0.23916137,0.21009214,0.67727673,0.01482903,0.32325536,0.09235349,0.17102818,0.04243739
375316653866487564,5851331640114807040,0.57355934,2196.084017304486,1.8270712626706218,1.6424756E-5,17.014297,0.002141404,0.26785886,0.0060361265,0.037978157,0.0041673374,0.21734735,0.024793683,0.7691636,0.0055187326,0.011300135,0.029201921,0.047463864,0.04282754,0.038311537,0.0032146368,0.26785886,0.0060361265,"TWOGAUSSIANS_WITH_ELLIPSOIDAL_ON_ECLIPSE1",9,3.1312075,0.26785886,0.0060361265,0.21267769,0.023337089,0.29397035,0.025753863,0.7691636,0.003931712,0.06328076,0.16353075,0.124081716,0.04703842
375316653866487564,5851331781852338944,0.5060745,2205.369569647196,2.311728177057592,1.4969228E-5,19.32773,0.014707192,0.26004297,0.0040748636,0.085348524,0.0068544718,0.22829407,0.018166577,0.72782344,0.012597811,0.09651808,0.018490212,0.40307194,0.03902464,null,null,null,null,"TWOGAUSSIANS",8,2.2977848,0.72782344,0.012597811,0.4,0.0,0.3945868,0.04357919,0.26004297,0.0040792497,0.4,0.0,0.21981217,0.0150415525
375316653866487564,5851332331650393856,0.5566837,2201.9132950290677,3.626842577020311,6.678992E-6,18.701817,0.07812882,0.20650762,0.0035692363,0.10712755,0.018722571,0.45382366,0.0694488,0.7089728,0.0046337997,0.10463788,0.018842656,0.4723263,0.07300269,null,null,null,null,"TWOGAUSSIANS",8,5.422573,0.7089728,0.00464655,0.4,0.0,0.41689143,0.014940663,0.20650762,0.0035719827,0.4,0.0,0.39838228,0.023668248
375316653866487564,5851332984485287424,0.598294,2219.207781139342,2.775461041306319,5.0807143E-6,16.791605,0.012456587,0.2171014,0.0023761385,0.052628744,0.009287746,0.19102195,0.026991785,0.71786183,0.0031999869,0.04462594,0.007564545,0.16014542,0.026701557,0.096302785,0.016503928,0.2171014,0.0023761385,"TWOGAUSSIANS_WITH_ELLIPSOIDAL_ON_ECLIPSE1",9,10.141965,0.2171014,0.0023761385,0.29472098,0.052011374,0.38362497,0.013474065,0.71786183,0.0029807594,0.24990527,0.042361453,0.35274404,0.012551499
375316653866487564,5851334015277488384,0.5431466,2199.2610728909935,2.9114638104952593,1.0575658E-5,18.83351,0.0116825355,0.2646689,0.0033952738,0.04851675,0.009094604,0.1609763,0.034256596,0.7664429,0.003729698,0.048993547,0.0039196517,0.28067854,0.03537201,0.086229555,0.015361599,0.2646689,0.0033952738,"TWOGAUSSIANS_WITH_ELLIPSOIDAL_ON_ECLIPSE1",9,5.681155,0.7664429,0.0036447847,0.27436385,0.02195005,0.45311525,0.02568288,0.2646689,0.0033952738,0.27169383,0.050929785,0.33343446,0.03270657
375316653866487564,5851334801232517760,0.5209912,2175.367556273316,0.7094776941408616,1.2476185E-5,18.484001,0.002500002,0.28861663,0.0058244183,0.0505571,0.0035783052,0.26956424,0.02064405,0.874573,0.00555231,0.008859437,0.006930034,0.06720444,0.035284385,null,null,null,null,"TWOGAUSSIANS",8,1.4898629,0.28861663,0.0058244183,0.28311977,0.02003851,0.26956424,0.02064405,0.874573,0.00555231,0.049612846,0.038808193,0.06720444,0.035284385
375316653866487564,5851335454045933440,0.46810177,2175.86471260905,3.4420658053792903,2.1517773E-5,16.983908,0.0030010063,null,null,null,null,null,null,null,null,null,null,null,null,0.0628953,0.004128563,0.2212241,0.005843842,"ELLIPSOIDAL",4,23.024815,null,null,null,null,null,null,null,null,null,null,null,null
375316653866487564,5851335458386668672,0.50959206,2189.4911208541157,2.4614649668410853,1.0108573E-5,19.448689,0.010312848,0.14034644,0.0037119566,0.07430424,0.0038398786,0.3554036,0.015378701,0.63671803,0.005637315,0.076432705,0.0060797418,0.34174114,0.016854761,null,null,null,null,"TWOGAUSSIANS",8,2.2296972,0.14034644,0.0037119566,0.4,0.0,0.35277888,0.014807799,0.63671803,0.005637315,0.4,0.0,0.3391164,0.016540242
375316653866487564,5851335522764935296,0.49582535,2180.6901977125185,1.334880429561624,8.6292375E-6,12.173727,0.032873355,0.24160671,0.0030293763,0.20202707,0.04340157,0.37469167,0.1065298,0.7381104,0.0034221828,0.24101499,0.057923824,0.43740863,0.078115635,null,null,null,null,"TWOGAUSSIANS",8,54.591633,0.24756671,0.0026918603,0.4,0.0,0.046700094,0.002283788,0.7381104,0.0034221828,0.4,0.0,0.042841032,0.0018850226
375316653866487564,5851335939422970880,0.5209099,2201.994506876622,2.371134805410195,1.3965457E-5,17.264305,0.011611747,0.29636422,0.005661458,0.09772494,0.010037532,0.20138681,0.011752717,0.79879904,0.0030985011,0.08722295,0.005140098,0.24401432,0.012655467,null,null,null,null,"TWOGAUSSIANS",8,9.962881,0.79879904,0.0030985011,0.4,0.0,0.2330416,0.0103645,0.29636422,0.005661458,0.4,0.0,0.1904133,0.009756102
375316653866487564,5851336553583269504,0.54278946,2208.2523552034195,4.221031201645933,8.596674E-6,19.42639,0.0069912835,0.21872087,0.0019911733,0.0661325,0.00329834,0.5472187,0.029799195,0.7134887,0.003548899,0.07033175,0.0041204505,0.5176252,0.034054637,null,null,null,null,"TWOGAUSSIANS",8,1.9042622,0.21872087,0.0019911733,0.37034202,0.018470705,0.5460965,0.030112647,0.7134887,0.003548899,0.3938578,0.01767359,0.51650304,0.034305338
375316653866487564,5851337378190905088,0.4960132,2189.9374381268794,1.5000263158156868,1.2377097E-5,18.86975,0.019138323,0.2569786,0.005436961,0.120320655,0.014802896,0.17080857,0.017979644,0.7573553,0.0030653288,0.07324359,0.0071555646,0.37168556,0.038100876,null,null,null,null,"TWOGAUSSIANS",8,5.0939445,0.7573553,0.0030653207,0.4,0.015509768,0.35648942,0.040516034,0.2569786,0.005436961,0.4,0.0,0.15555164,0.010190528
375316653866487564,5851337485611557888,0.47027752,2259.4119697000265,0.06585285718539398,1.42194785E-5,14.593259,0.002980618,0.17488225,0.00434333,0.010710151,0.002869648,0.10578188,0.03302187,0.72321975,0.01589023,0.055603284,0.030603267,0.024623992,0.00925106,0.009246979,0.00415168,0.72321975,0.01589023,"TWOGAUSSIANS_WITH_ELLIPSOIDAL_ON_ECLIPSE2",9,14.792481,0.17495225,0.004348299,0.059976846,0.016070029,0.12262305,0.033480965,0.72321975,0.01589023,0.3113784,0.1713783,0.04311688,0.007547326
375316653866487564,5851337657410371328,0.5120996,2212.213201644434,3.4548791320080015,1.4468138E-5,18.137768,0.02198827,0.2480291,0.0034795734,0.09454921,0.010287222,0.1885761,0.021340232,0.7315894,0.004522433,0.11196494,0.011037692,0.21862817,0.021780208,null,null,null,null,"TWOGAUSSIANS",8,3.096311,0.7315894,0.004522433,0.4,0.0,0.2007719,0.013746206,0.24805911,0.00347689,0.4,0.0,0.17074409,0.012531264
375316653866487564,5851338344567866880,0.53658974,2197.4709309938758,3.9497798498172108,6.3219586E-6,19.151098,0.008135222,0.25412726,0.0020733103,0.074738175,0.0024716095,0.3903415,0.01817545,0.7521548,0.003272037,0.0746429,0.005214602,0.42685676,0.018333288,null,null,null,null,"TWOGAUSSIANS",8,2.1437542,0.7521548,0.003272037,0.4,0.0019591085,0.4239739,0.018913636,0.25412726,0.0020733103,0.4,0.0,0.3874586,0.017835306
375316653866487564,5851338378964764032,0.5317047,2186.8404839488194,3.0692296995313764,8.836971E-6,18.779688,0.009907216,0.22388327,0.002304524,0.08283138,0.004272477,0.37735832,0.01541643,0.74041146,0.005874776,0.08929146,0.009147061,0.2848282,0.014168543,null,null,null,null,"TWOGAUSSIANS",8,4.64879,0.22388327,0.002304524,0.4,0.0,0.37015194,0.01544749,0.74041146,0.005874776,0.4,0.0,0.27762166,0.014333116
375316653866487564,5851338924411632896,0.58054215,2200.1180500006226,2.333268392600466,6.837973E-6,18.268574,0.007906523,0.26221704,0.0014512824,0.08454766,0.0038356103,0.40003648,0.014301776,0.77037567,0.0031215618,0.097285844,0.004211819,0.33021176,0.009618822,null,null,null,null,"TWOGAUSSIANS",8,2.7114773,0.26221704,0.0014512824,0.4,0.0,0.38555992,0.016078724,0.77037567,0.0031215618,0.4,0.0,0.3157339,0.0076498534
375316653866487564,5851339031764115584,0.5029493,2191.2138655880185,2.0947697612326905,1.9501713E-5,18.08338,0.044820465,0.21499574,0.006575893,0.10356901,0.027798502,0.12992802,0.04223727,0.7151078,0.008432931,0.10110118,0.028560108,0.15104434,0.04294039,null,null,null,null,"TWOGAUSSIANS",8,4.067692,0.7151078,0.008443728,0.4,0.0,0.1369161,0.011233698,0.21499574,0.0065657715,0.4,0.0,0.115798995,0.011114302
375316653866487564,5851339203562627072,0.50678784,2208.808238721506,3.2632704652989326,1.801776E-5,19.371683,0.014925431,0.20777439,0.0027548207,0.074655965,0.004589522,0.42475826,0.019658916,0.7040831,0.0059572905,0.076034985,0.0074210037,0.32908416,0.028617596,null,null,null,null,"TWOGAUSSIANS",8,2.8126402,0.20777439,0.0027548207,0.4,0.0,0.42196098,0.01927022,0.7040831,0.0059572905,0.4,0.0,0.32628688,0.029194923
375316653866487564,5851339306641925504,0.51922756,2227.181139668861,3.9547043830793336,1.574526E-5,19.341185,0.016971389,0.23415749,0.0058083166,0.080672905,0.0069936123,0.54534566,0.051156864,0.74431425,0.0066026268,0.07974447,0.0074889944,0.44249624,0.0367658,null,null,null,null,"TWOGAUSSIANS",8,4.0719094,0.23415749,0.0058083166,0.4,0.0,0.53909093,0.051725328,0.74431425,0.0066026268,0.4,0.0,0.43624148,0.03676668
375316653866487564,5851339341037589888,0.6307871,2211.439807004767,1.51203831972435,1.9910804E-6,14.114877,0.003167578,0.30894703,3.961702E-4,0.042665236,7.537219E-4,0.39215717,0.007956253,0.8153139,0.0032912907,0.038406927,0.0041497275,0.04182814,0.0074941786,0.016425448,0.0039079916,0.8153139,0.0032912907,"TWOGAUSSIANS_WITH_ELLIPSOIDAL_ON_ECLIPSE2",9,41.961277,0.30902702,3.8433852E-4,0.23892532,0.004220843,0.42495605,0.006153914,0.8153139,0.0032912907,0.21507879,0.023238475,0.07467895,0.0041087703
375316653866487564,5851340028196621568,0.5090052,2186.086976236561,3.0194881970735765,2.8481294E-5,19.735909,0.01449367,0.20439366,0.0035910138,0.052492708,0.0028369587,0.77392995,0.05549046,0.7099298,0.0099213505,0.06556576,0.014841569,0.6333826,0.19549099,null,null,null,null,"TWOGAUSSIANS",8,4.557641,0.20439366,0.0035910138,0.29395917,0.01588697,0.77378654,0.055480603,0.7099298,0.0099213505,0.36716822,0.07691959,0.6332392,0.19581598
375316653866487564,5851340092642634112,0.5579192,2190.841880613851,2.0721772206180233,8.663895E-6,18.485775,0.01797785,0.2413579,0.0026701621,0.096883185,0.0055795675,0.42804152,0.0168556,0.7415654,0.0025280656,0.10454706,0.0062416284,0.3750866,0.016429558,null,null,null,null,"TWOGAUSSIANS",8,2.9789233,0.2413579,0.0026701621,0.4,0.0,0.39149612,0.00981477,0.7415654,0.0025280656,0.4,0.0,0.3385345,0.008991297
375316653866487564,5851340165635619072,0.49985984,2224.397648146663,3.9816845590436625,1.2244215E-5,19.829802,0.035581928,0.26156646,0.004462739,0.101015456,0.013268082,0.46984637,0.032476228,0.723931,0.006959999,0.101909496,0.0114691695,0.38938054,0.035484973,null,null,null,null,"TWOGAUSSIANS",8,1.5424384,0.26157644,0.004448683,0.4,0.0,0.44430777,0.042205952,0.723931,0.006959999,0.4,0.0,0.36384198,0.019102607
375316653866487564,5851340474909039488,0.50027215,2217.487128319343,4.658103530808665,2.7910706E-5,19.500622,0.014398286,0.08663023,0.020218272,0.061551917,0.012238026,0.051712286,0.017088804,0.4951761,0.0072103976,0.1613123,0.0141439745,0.253647,0.01487239,null,null,null,null,"TWOGAUSSIANS",8,1.3833352,0.4951761,0.0072103976,0.4,0.0,0.2443902,0.011440328,0.10081023,0.025159119,0.34469074,0.068532944,0.0540979,0.014931568
