Gaia/vari_eclipsing_binary/VariEclipsingBinary_674783-674825.csv
# %ECSV 1.0
# ---
# delimiter: ','
# meta: !!omap
# - RELEASE: Gaia DR3
# - TABLE: vari_eclipsing_binary
# - DESCRIPTION: >
#     This table describes the properties of the eclipsing binaries resulting from the variability analysis. 
# - CITATION: >
#     How to cite and acknowledge Gaia: 
#     https://gea.esac.esa.int/archive/documentation/credits.html 
# - KNOWN_ISSUES: >
#     Known issues: 
#     https://www.cosmos.esa.int/web/gaia-users/known-issues 
# - DOCUMENTATION: >
#     Tutorials and documentation: 
#     https://www.cosmos.esa.int/web/gaia-users/archive 
# datatype:
# - 
#   name: solution_id
#   datatype: int64
#   description: Solution Identifier
#   meta:
#     ucd: meta.version
# - 
#   name: source_id
#   datatype: int64
#   description: Unique source identifier
#   meta:
#     ucd: meta.id;meta.main
# - 
#   name: global_ranking
#   datatype: float32
#   description: Number between 0 (worst) and 1 (best)
#   meta:
#     ucd: stat.param
# - 
#   name: reference_time
#   datatype: float64
#   unit: d
#   description: Reference time used for the geometric model fit
#   meta:
#     ucd: time.epoch
# - 
#   name: frequency
#   datatype: float64
#   unit: d**-1
#   description: Frequency of geometric model of the eclipsing binary light curve
#   meta:
#     ucd: src.orbital
# - 
#   name: frequency_error
#   datatype: float32
#   unit: d**-1
#   description: "Uncertainty of \\texttt{frequency}"
#   meta:
#     ucd: stat.error
# - 
#   name: geom_model_reference_level
#   datatype: float32
#   unit: mag
#   description: Magnitude reference level of geometric model
#   meta:
#     ucd: phot.mag;em.opt
# - 
#   name: geom_model_reference_level_error
#   datatype: float32
#   unit: mag
#   description: "Uncertainty of \\texttt{geomModelReferenceLevel}"
#   meta:
#     ucd: stat.error;phot.mag;em.opt
# - 
#   name: geom_model_gaussian1_phase
#   datatype: float32
#   description: Phase of the Gaussian 1 component
#   meta:
#     ucd: time.phase
# - 
#   name: geom_model_gaussian1_phase_error
#   datatype: float32
#   description: "Uncertainty of \\texttt{geomModelGaussian1Phase}"
#   meta:
#     ucd: stat.error;time.phase
# - 
#   name: geom_model_gaussian1_sigma
#   datatype: float32
#   description: "Standard deviation [phase] of Gaussian 1 component"
#   meta:
#     ucd: stat.stdev
# - 
#   name: geom_model_gaussian1_sigma_error
#   datatype: float32
#   description: "Uncertainty of \\texttt{geomModelGaussian1Sigma}"
#   meta:
#     ucd: stat.error
# - 
#   name: geom_model_gaussian1_depth
#   datatype: float32
#   unit: mag
#   description: Magnitude depth of Gaussian 1 component
#   meta:
#     ucd: src.var.amplitude
# - 
#   name: geom_model_gaussian1_depth_error
#   datatype: float32
#   unit: mag
#   description: "Uncertainty of \\texttt{geomModelGaussian1Depth}"
#   meta:
#     ucd: stat.error;src.var.amplitude
# - 
#   name: geom_model_gaussian2_phase
#   datatype: float32
#   description: Phase of Gaussian 2 component
#   meta:
#     ucd: time.phase
# - 
#   name: geom_model_gaussian2_phase_error
#   datatype: float32
#   description: "Uncertainty of \\texttt{geomModelGaussian2Phase}"
#   meta:
#     ucd: stat.error;time.phase
# - 
#   name: geom_model_gaussian2_sigma
#   datatype: float32
[...]
#   datatype: float32
#   description: "Secondary eclipse: uncertainty of \\texttt{derivedSecondaryEclDuration}"
#   meta:
#     ucd: stat.error;time.duration
# - 
#   name: derived_secondary_ecl_depth
#   datatype: float32
#   unit: mag
#   description: "Secondary eclipse: depth"
#   meta:
#     ucd: src.var.amplitude
# - 
#   name: derived_secondary_ecl_depth_error
#   datatype: float32
#   unit: mag
#   description: "Secondary eclipse: uncertainty of \\texttt{derivedSecondaryEclDepth}"
#   meta:
#     ucd: stat.error;src.var.amplitude
solution_id,source_id,global_ranking,reference_time,frequency,frequency_error,geom_model_reference_level,geom_model_reference_level_error,geom_model_gaussian1_phase,geom_model_gaussian1_phase_error,geom_model_gaussian1_sigma,geom_model_gaussian1_sigma_error,geom_model_gaussian1_depth,geom_model_gaussian1_depth_error,geom_model_gaussian2_phase,geom_model_gaussian2_phase_error,geom_model_gaussian2_sigma,geom_model_gaussian2_sigma_error,geom_model_gaussian2_depth,geom_model_gaussian2_depth_error,geom_model_cosine_half_period_amplitude,geom_model_cosine_half_period_amplitude_error,geom_model_cosine_half_period_phase,geom_model_cosine_half_period_phase_error,model_type,num_model_parameters,reduced_chi2,derived_primary_ecl_phase,derived_primary_ecl_phase_error,derived_primary_ecl_duration,derived_primary_ecl_duration_error,derived_primary_ecl_depth,derived_primary_ecl_depth_error,derived_secondary_ecl_phase,derived_secondary_ecl_phase_error,derived_secondary_ecl_duration,derived_secondary_ecl_duration_error,derived_secondary_ecl_depth,derived_secondary_ecl_depth_error
[from data line 71]
375316653866487564,5935482212796707200,0.54977065,2130.6924418829326,0.8759448992551725,1.1803667E-5,19.637117,0.00880253,0.26339528,0.026071366,0.044382364,0.017103136,0.86821276,0.1681072,0.75926554,0.004776625,0.07606525,0.0088906055,0.33087808,0.011826079,null,null,null,null,"TWOGAUSSIANS",8,1.6139185,0.26339528,0.026071366,0.24854122,0.09577756,0.8680718,0.16780289,0.75926554,0.004776625,0.4,0.0,0.3307371,0.011783502
375316653866487564,5935482285806031744,0.48727816,2197.8603208993313,1.5173571026266734,4.3069016E-5,18.172287,0.012064375,0.22492526,0.0066721733,0.09129909,0.016420381,0.13419294,0.010907236,0.72807103,0.010177495,0.08781516,0.010754863,0.14956327,0.016183546,null,null,null,null,"TWOGAUSSIANS",8,5.127161,0.72807103,0.010177495,0.4,0.0,0.14409174,0.014031314,0.22492526,0.0066721733,0.4,0.0,0.12872137,0.010241285
375316653866487564,5935482560684123648,0.551136,2153.6836317318534,2.4383788603279615,1.6516417E-5,19.516573,0.013218329,0.256582,0.006399917,0.05968464,0.0055288086,0.6891753,0.09120687,0.7509361,0.00540986,0.05764459,0.015881913,0.60645807,0.114629,null,null,null,null,"TWOGAUSSIANS",8,3.0524545,0.256582,0.006399917,0.334234,0.03096133,0.6890553,0.09124858,0.7509361,0.00540986,0.3228097,0.07910901,0.6063381,0.1153414
375316653866487564,5935482766860297088,0.59911335,2207.206204787705,1.1659232853433381,9.558011E-6,15.859726,0.001385331,0.25580546,0.0023181431,0.035196427,0.006744277,0.036566164,0.010266221,0.75053287,0.0027099675,0.04046701,0.0020721073,0.138761,0.0045357724,0.01534707,0.0026458562,0.25580546,0.0023181431,"TWOGAUSSIANS_WITH_ELLIPSOIDAL_ON_ECLIPSE1",9,5.4640675,0.7506829,0.0026136723,0.22661525,0.011603801,0.16942236,0.0026738024,0.25580546,0.0023181431,0.1971,0.03776795,0.06726026,0.010542555
375316653866487564,5935482899991497728,0.5091751,2133.8521058126257,0.6493474489689873,3.0000165E-5,19.808346,0.006447093,0.5751438,3.6416033E-5,0.013451629,3.2855204E-4,1.9156107,0.12120276,0.8994246,0.02814993,0.019329047,0.027664358,0.48553243,0.5078151,null,null,null,null,"TWOGAUSSIANS",8,1.70243,0.5751438,3.6416033E-5,0.075329125,0.0018398914,1.9156107,0.12120276,0.8994246,0.02814993,0.10824267,0.1549204,0.48553243,0.5078151
375316653866487564,5935483591476153216,0.5228258,2166.382140491173,2.1036575567597042,1.8424964E-5,19.418026,0.019791309,0.2236283,0.0013041756,0.080062024,0.0031815178,0.35331786,0.022252923,0.7120152,0.006219721,0.08716759,0.00845051,0.3656998,0.022299793,null,null,null,null,"TWOGAUSSIANS",8,2.0310924,0.7120152,0.006219721,0.4,0.0,0.35902902,0.02028059,0.2236283,0.0013041756,0.4,0.0,0.34664714,0.019337915
375316653866487564,5935484141250022272,0.515241,2212.693142023046,0.3636342462082542,1.426393E-5,17.221695,9.4826164E-4,0.08263588,0.0017836265,0.010509141,0.0018556316,0.110229515,0.009350596,0.19042587,0.013411517,0.024934245,0.012768723,0.013687884,0.004566286,null,null,null,null,"TWOGAUSSIANS",8,2.0229414,0.08263588,0.0017836265,0.058851186,0.010391537,0.11023071,0.009351082,0.19042587,0.013411517,0.13963178,0.071504846,0.013687884,0.004566286
375316653866487564,5935485481279841152,0.41805485,2153.9529481620348,2.764501700769404,5.1076546E-5,19.442366,0.018894086,0.31002063,0.015301932,0.08557419,0.0178681,0.1473703,0.026398951,0.7621756,0.0017680519,0.03547924,0.008192636,0.14085208,0.012529916,null,null,null,null,"TWOGAUSSIANS",8,5.655547,0.31002063,0.015301932,0.4,0.0,0.14736082,0.026359616,0.7621756,0.0017680519,0.19868374,0.04587876,0.14084274,0.012478792
375316653866487564,5935485515639576064,0.47048256,2195.6486838806195,1.364387299196015,3.798098E-5,17.277346,0.005865895,0.17146093,0.0077105905,0.015550505,0.011475922,0.090409055,142456.3,0.6934681,0.010463017,0.07018815,0.006839099,0.14809184,0.0135961715,0.05510194,0.008575673,0.17146093,0.0077105905,"TWOGAUSSIANS_WITH_ELLIPSOIDAL_ON_ECLIPSE1",9,21.18962,0.6934681,0.010463017,0.39305362,0.030299103,0.25612104,0.0112349745,0.17146093,0.0077105905,0.087082826,0.06426516,0.20053196,142456.3
375316653866487564,5935485721781368320,0.5038595,2169.709488763008,2.2111687913311746,2.7798109E-5,19.85509,0.013829138,0.3265359,0.0060786386,0.08115615,0.0074115256,0.44007355,0.026574168,0.8190797,0.0048621334,0.08250474,0.005630356,0.4397361,0.018496463,null,null,null,null,"TWOGAUSSIANS",8,1.5601602,0.3265359,0.0060786386,0.4,0.0,0.43288317,0.026226277,0.8190797,0.0048621334,0.4,0.0,0.4325457,0.017198455
375316653866487564,5935485859219364480,0.4629598,2168.4700640284636,3.033441134200137,2.7390714E-5,19.556797,0.03226356,0.18155436,0.00834761,0.09149319,0.017886199,0.21343729,0.031419694,0.6775664,0.010515348,0.09427304,0.02033341,0.26881924,0.03721555,null,null,null,null,"TWOGAUSSIANS",8,2.3495932,0.6775664,0.010515348,0.4,0.0,0.25672835,0.03330813,0.18155436,0.008347143,0.4,0.0,0.20134667,0.024099754
375316653866487564,5935487194956643968,0.47417414,2216.0109380711033,0.9224010854863979,2.0151132E-5,17.894815,0.00283748,0.27774778,0.005286023,0.030509202,0.0056727924,0.09073893,0.018112166,0.77162164,0.014766608,0.021767484,0.016869418,0.040671322,0.0626436,0.024378818,0.0048082843,0.27774778,0.005286023,"TWOGAUSSIANS_WITH_ELLIPSOIDAL_ON_ECLIPSE1",9,4.323889,0.27774778,0.005286023,0.17085153,0.031767637,0.13949648,0.01882353,0.77188164,0.014824403,0.12189791,0.09446874,0.08935975,0.06322685
375316653866487564,5935487435472428672,0.44691628,2176.5908303285273,0.29340916465835326,4.5058146E-6,19.456917,0.005759914,0.19668567,0.005609833,0.01669972,0.0027319368,0.33672565,0.052195713,0.7195309,0.03928993,0.007966203,0.012991515,0.18495509,3.3031056,null,null,null,null,"TWOGAUSSIANS",8,2.3613243,0.19668567,0.005609833,0.09351843,0.015298846,0.33672565,0.052195713,0.7195309,0.03928993,0.044610735,0.07275248,0.18495509,3.3031056
375316653866487564,5935487439767427840,0.44456482,2161.291650088457,2.3012139744168816,1.0469846E-4,19.187616,0.019134594,0.1981636,0.029792486,0.0980966,0.042753827,0.13029411,0.025689943,0.7103775,0.0071362266,0.04139461,0.008564929,0.4503408,0.18815494,null,null,null,null,"TWOGAUSSIANS",8,8.091384,0.7103775,0.0071361777,0.23180982,0.0479636,0.449947,0.18849576,0.1981636,0.029792486,0.4,0.0,0.12989959,0.025565475
375316653866487564,5935488230063728768,0.46250322,2202.591100014271,0.16814140937183458,1.5662272E-5,18.914833,0.004840933,0.09509797,0.00693665,0.011402289,0.0072690696,0.31142128,0.0809654,0.929375,0.005323375,0.024179872,0.004806116,0.17152013,0.07758871,null,null,null,null,"TWOGAUSSIANS",8,1.755466,0.09509797,0.00693665,0.063852824,0.040706787,0.31142128,0.0809654,0.929375,0.005323375,0.13540728,0.026914252,0.17152013,0.07758871
375316653866487564,5935488294468398464,0.5468713,2214.10896807478,2.8178845306222966,1.311836E-5,18.314219,0.0098586315,0.24078684,0.0029431148,0.089070626,0.0049270242,0.28382218,0.0107605485,0.73219144,0.0031203933,0.090146296,0.0048323646,0.34351107,0.015925815,null,null,null,null,"TWOGAUSSIANS",8,3.9580243,0.73219144,0.0031203933,0.4,0.0,0.33237526,0.016058568,0.24078684,0.0029431148,0.4,0.0,0.27268642,0.009338308
375316653866487564,5935489428342310272,0.4993249,2192.3814889014943,2.107136240534362,1.9302239E-5,18.774054,0.015200795,0.218894,0.0037852288,0.087103136,0.0077397306,0.19682798,0.015243679,0.7309246,0.009981288,0.09052012,0.016097873,0.17717956,0.017114757,null,null,null,null,"TWOGAUSSIANS",8,2.4808564,0.218894,0.0037852288,0.4,0.0,0.19097815,0.009930931,0.7309246,0.009981288,0.4,0.0,0.17132966,0.016047314
375316653866487564,5935490532143782400,0.49510288,2155.8293361016213,3.4946617596733702,2.1612239E-5,19.602894,0.022004865,0.28993338,0.01678113,0.08580334,0.012563826,0.2609114,0.027799085,0.7831666,0.003755619,0.08166593,0.009157475,0.34799594,0.024243075,null,null,null,null,"TWOGAUSSIANS",8,2.4081407,0.7831666,0.003755619,0.4,0.0,0.34183988,0.023048049,0.28993338,0.01678113,0.4,0.0,0.25475532,0.028284855
375316653866487564,5935490910118556160,0.561864,2208.745015984304,1.6583646830359455,9.369603E-6,15.7491,0.0045542894,0.2896526,0.0026857336,0.096105374,0.004472275,0.14321728,0.0047771926,0.78544986,0.001808061,0.09235915,0.0036592127,0.18338743,0.004482525,null,null,null,null,"TWOGAUSSIANS",8,13.668897,0.78544986,0.001808061,0.4,0.0,0.17437916,0.0035939652,0.2896526,0.0026857336,0.4,0.0,0.13420878,0.0036940742
375316653866487564,5935491047557537536,0.5459116,2232.1479967503483,1.7309334933460876,1.0442238E-5,14.955219,0.008410133,0.25489092,0.0033604468,0.102881774,0.00984637,0.086786024,0.0076837465,0.75860083,0.0030356876,0.11493268,0.012256045,0.076218195,0.00757104,null,null,null,null,"TWOGAUSSIANS",8,10.50358,0.2548809,0.003367584,0.4,0.0,0.07565368,0.0022472523,0.75860083,0.0030356876,0.4,0.0,0.065075204,0.0024131853
375316653866487564,5935491459874326144,0.48284408,2202.717547497756,0.727957939222857,1.04247765E-5,17.517239,0.0043607918,0.18139297,0.002204598,0.017998016,0.0020391322,0.32431594,0.052819435,0.8547587,0.015949816,0.028738484,0.015362311,0.25002676,26.600063,0.017097881,0.0063756197,0.18139297,0.002204598,"TWOGAUSSIANS_WITH_ELLIPSOIDAL_ON_ECLIPSE1",9,24.511671,0.18139297,0.002204598,0.100788884,0.01141914,0.35851172,0.053579535,0.8547587,0.015949816,0.1609355,0.08602894,0.25736094,26.598997
375316653866487564,5935491631673423872,0.56420094,2247.676275202993,0.513616696511257,1.0778372E-6,16.921862,0.0010137242,0.7881007,5.0880877E-5,0.007283576,2.479534E-5,2.0809948,0.02354815,null,null,null,null,null,null,null,null,null,null,"ONEGAUSSIAN",5,3.819795,0.7881007,5.0880877E-5,0.040788025,1.3885391E-4,2.0809948,0.0,null,null,null,null,null,null
375316653866487564,5935492868623806080,0.6551334,2227.7564549420517,2.1932511359117344,3.5079506E-6,16.374004,0.0054921643,0.26039767,5.074154E-4,0.04721647,0.00154455,0.38620445,0.012815613,0.75900227,0.0028062589,0.052386455,0.0027462374,0.37762478,0.015058899,0.13712583,0.0066831596,0.26039767,5.074154E-4,"TWOGAUSSIANS_WITH_ELLIPSOIDAL_ON_ECLIPSE1",9,14.507412,0.26039767,5.074154E-4,0.26441225,0.00864948,0.66045076,0.0102270385,0.7591923,0.0024233798,0.29336414,0.01537893,0.6518529,0.011396947
375316653866487564,5935493452739395840,0.5606648,2201.2548834419413,1.2879496971078546,2.789307E-5,17.898863,0.0028662598,0.18834463,0.003986216,0.033225287,0.0034612042,0.7137084,0.067330554,0.3817399,0.040519815,0.04371149,0.018400542,0.019486675,0.0062570563,null,null,null,null,"TWOGAUSSIANS",8,15.700466,0.18834463,0.003986216,0.1860616,0.019382743,0.71370953,0.06733035,0.3817399,0.040519815,0.24478434,0.10304304,0.019486707,0.0062570693
375316653866487564,5935493792029594240,0.5768932,2153.1051213896867,4.2773145606128935,8.638751E-6,19.103128,0.015794719,0.20008305,0.0058000544,0.072249025,0.008139043,0.6683699,0.096470945,0.69199455,0.0035230806,0.05752068,0.0038491706,0.67379135,0.026480576,null,null,null,null,"TWOGAUSSIANS",8,3.9280815,0.69199455,0.0035230806,0.3221158,0.021555357,0.67316633,0.026186602,0.20008305,0.0058000544,0.4,0.014519942,0.6677449,0.09704445
375316653866487564,5935494036837459456,0.54657704,2181.568316141452,3.3446464576969355,7.764932E-6,19.24134,0.02111511,0.35333627,0.0025552749,0.06283185,0.003578703,0.5034071,0.021107992,0.84632593,0.0027271935,0.07006805,0.005096475,0.555587,0.02215918,null,null,null,null,"TWOGAUSSIANS",8,2.4393215,0.84632593,0.0027271935,0.39238104,0.028540261,0.5548548,0.021913271,0.35333627,0.0025552749,0.35185835,0.020040736,0.50267494,0.020639291
375316653866487564,5935495376884791168,0.5740513,2194.2089355670705,2.682217547114726,8.765118E-6,17.5933,0.013470661,0.17844361,0.0026003579,0.0905776,0.004462912,0.3533319,0.01427944,0.6972874,0.0041277264,0.09089513,0.0064385165,0.31163725,0.015870336,null,null,null,null,"TWOGAUSSIANS",8,6.636396,0.17844361,0.0026003579,0.4,0.0,0.3421953,0.0107587315,0.6972874,0.0041277264,0.4,0.0,0.3005007,0.014736474
375316653866487564,5935495376884796416,0.5506633,2202.2678954674675,0.5195732718973962,1.38363375E-5,16.339294,9.327798E-4,0.24361993,0.0012621889,0.019189933,0.0019433305,0.102976516,0.009368176,0.7433444,0.0013628157,0.018468186,0.0014027646,0.103805415,0.0053044185,0.0062853517,0.0013742578,0.24361993,0.0012621889,"TWOGAUSSIANS_WITH_ELLIPSOIDAL_ON_ECLIPSE1",9,3.1531987,0.7433444,0.0013628157,0.103421845,0.0078554815,0.11637607,0.0048046457,0.24361993,0.0012621889,0.10746362,0.0108826505,0.11554722,0.009679559
375316653866487564,5935496373317427584,0.61556375,2230.324767340462,0.9812979876100841,6.0089624E-6,15.14043,0.044951834,0.22035103,0.002407203,0.15645671,0.017667439,0.20215765,0.043397073,0.69614094,0.0030204977,0.13333689,0.009028149,0.2588947,0.039700266,null,null,null,null,"TWOGAUSSIANS",8,6.522985,0.69614094,0.0030204977,0.4,0.0,0.17444414,0.0031661033,0.22144103,0.0019984709,0.4,0.0,0.11554862,0.0027005915
375316653866487564,5935496579475633792,0.5223435,2216.7420830797973,0.6730061312482841,2.0601196E-5,16.3715,0.0020655731,0.3561587,0.001612613,0.02764988,0.002450078,0.1613232,0.019906294,0.8252712,0.04667966,0.031635832,0.049966782,0.018169174,5.4989914E16,0.00615034,0.0036645834,0.3561587,0.001612613,"TWOGAUSSIANS_WITH_ELLIPSOIDAL_ON_ECLIPSE1",9,9.115798,0.3561587,0.001612613,0.15483932,0.013720437,0.17362389,0.020456638,0.8268112,0.046982847,0.17716067,0.27981398,0.030034812,5.4989914E16
375316653866487564,5935498469261910528,0.6891797,2220.2494778646073,1.735164094447193,2.803272E-6,17.056412,0.0052845813,0.2151966,0.0022688694,0.045239884,0.0028943857,0.14238155,0.016301975,0.71192396,8.0567366E-4,0.04729473,0.0010675483,0.63519496,0.012698472,0.06128877,0.006790988,0.2151966,0.0022688694,"TWOGAUSSIANS_WITH_ELLIPSOIDAL_ON_ECLIPSE1",9,4.6943917,0.7120339,7.5058633E-4,0.2648505,0.0059782704,0.7577217,0.008357243,0.2151966,0.0022688694,0.25334334,0.016208561,0.2649584,0.009519228
375316653866487564,5935498641045587712,0.4628574,2162.7682780853384,3.4366195029138296,1.10445006E-4,19.670456,0.06824097,0.49184796,0.0129002,0.15393277,0.026206216,0.5416896,0.07248134,0.91694254,0.047438316,0.040527944,0.034902163,0.11592484,0.06698862,null,null,null,null,"TWOGAUSSIANS",8,10.327332,0.49184796,0.0129002,0.4,0.0,0.53234124,0.065401845,0.91694254,0.047438316,0.22695647,0.19545212,0.11904352,0.06734769
375316653866487564,5935499362615139840,0.5187571,2238.144984061595,1.9711554590651736,1.3277095E-5,18.453312,0.011151063,0.27169004,0.007604696,0.033489153,0.009743427,0.11941,0.042327106,0.76208806,0.0032939508,0.048959207,0.004109841,0.23632812,0.024653299,0.055281933,0.015600507,0.27169004,0.007604696,"TWOGAUSSIANS_WITH_ELLIPSOIDAL_ON_ECLIPSE1",9,6.6985917,0.76286805,0.0026061283,0.27417156,0.023015108,0.34652197,0.013083611,0.27169004,0.007604696,0.18753925,0.05456319,0.22997321,0.028281244
375316653866487564,5935499465694363904,0.51695406,2257.6362390122936,2.132154489787937,3.4095494E-5,16.228777,0.016872188,0.27214888,0.0034345188,0.09749693,0.00954198,0.18439811,0.014849135,0.76751393,0.002458921,0.08984186,0.009412658,0.18245329,0.015715549,null,null,null,null,"TWOGAUSSIANS",8,35.355198,0.27214888,0.0034345188,0.4,0.0,0.1746585,0.007178046,0.76751393,0.002458921,0.4,0.0,0.17271435,0.009868536
375316653866487564,5935500187248923776,0.54694295,2268.457262900609,0.05779200139145399,3.599754E-5,16.590364,0.0035242736,0.23704158,0.041342128,0.010349139,0.010720051,1.1894823,47.481556,0.5725318,1.11054374E-4,0.0069170212,8.030235E-5,0.9219566,0.009440449,null,null,null,null,"TWOGAUSSIANS",8,68.440125,0.23704158,0.041342128,0.057955176,0.060032282,1.1894823,47.481556,0.5725318,1.11054374E-4,0.03873532,4.4969318E-4,0.9219566,0.009440449
375316653866487564,5935500187249564672,0.5792483,2258.290759969941,0.439758320701508,5.6433753E-5,16.699417,0.001008129,0.63532674,0.0028133166,0.027132565,0.001838962,0.42494303,0.034317885,null,null,null,null,null,null,null,null,null,null,"ONEGAUSSIAN",5,9.743003,0.63532674,0.0028133166,0.15194236,0.010298187,0.42494303,0.0,null,null,null,null,null,null
