Gaia/vari_eclipsing_binary/VariEclipsingBinary_471634-471659.csv
# %ECSV 1.0
# ---
# delimiter: ','
# meta: !!omap
# - RELEASE: Gaia DR3
# - TABLE: vari_eclipsing_binary
# - DESCRIPTION: >
#     This table describes the properties of the eclipsing binaries resulting from the variability analysis. 
# - CITATION: >
#     How to cite and acknowledge Gaia: 
#     https://gea.esac.esa.int/archive/documentation/credits.html 
# - KNOWN_ISSUES: >
#     Known issues: 
#     https://www.cosmos.esa.int/web/gaia-users/known-issues 
# - DOCUMENTATION: >
#     Tutorials and documentation: 
#     https://www.cosmos.esa.int/web/gaia-users/archive 
# datatype:
# - 
#   name: solution_id
#   datatype: int64
#   description: Solution Identifier
#   meta:
#     ucd: meta.version
# - 
#   name: source_id
#   datatype: int64
#   description: Unique source identifier
#   meta:
#     ucd: meta.id;meta.main
# - 
#   name: global_ranking
#   datatype: float32
#   description: Number between 0 (worst) and 1 (best)
#   meta:
#     ucd: stat.param
# - 
#   name: reference_time
#   datatype: float64
#   unit: d
#   description: Reference time used for the geometric model fit
#   meta:
#     ucd: time.epoch
# - 
#   name: frequency
#   datatype: float64
#   unit: d**-1
#   description: Frequency of geometric model of the eclipsing binary light curve
#   meta:
#     ucd: src.orbital
# - 
#   name: frequency_error
#   datatype: float32
#   unit: d**-1
#   description: "Uncertainty of \\texttt{frequency}"
#   meta:
#     ucd: stat.error
# - 
#   name: geom_model_reference_level
#   datatype: float32
#   unit: mag
#   description: Magnitude reference level of geometric model
#   meta:
#     ucd: phot.mag;em.opt
# - 
#   name: geom_model_reference_level_error
#   datatype: float32
#   unit: mag
#   description: "Uncertainty of \\texttt{geomModelReferenceLevel}"
#   meta:
#     ucd: stat.error;phot.mag;em.opt
# - 
#   name: geom_model_gaussian1_phase
#   datatype: float32
#   description: Phase of the Gaussian 1 component
#   meta:
#     ucd: time.phase
# - 
#   name: geom_model_gaussian1_phase_error
#   datatype: float32
#   description: "Uncertainty of \\texttt{geomModelGaussian1Phase}"
#   meta:
#     ucd: stat.error;time.phase
# - 
#   name: geom_model_gaussian1_sigma
#   datatype: float32
#   description: "Standard deviation [phase] of Gaussian 1 component"
#   meta:
#     ucd: stat.stdev
# - 
#   name: geom_model_gaussian1_sigma_error
#   datatype: float32
#   description: "Uncertainty of \\texttt{geomModelGaussian1Sigma}"
#   meta:
#     ucd: stat.error
# - 
#   name: geom_model_gaussian1_depth
#   datatype: float32
#   unit: mag
#   description: Magnitude depth of Gaussian 1 component
#   meta:
#     ucd: src.var.amplitude
# - 
#   name: geom_model_gaussian1_depth_error
#   datatype: float32
#   unit: mag
#   description: "Uncertainty of \\texttt{geomModelGaussian1Depth}"
#   meta:
#     ucd: stat.error;src.var.amplitude
# - 
#   name: geom_model_gaussian2_phase
#   datatype: float32
#   description: Phase of Gaussian 2 component
#   meta:
#     ucd: time.phase
# - 
#   name: geom_model_gaussian2_phase_error
#   datatype: float32
#   description: "Uncertainty of \\texttt{geomModelGaussian2Phase}"
#   meta:
#     ucd: stat.error;time.phase
# - 
#   name: geom_model_gaussian2_sigma
#   datatype: float32
[...]
#   datatype: float32
#   description: "Secondary eclipse: uncertainty of \\texttt{derivedSecondaryEclDuration}"
#   meta:
#     ucd: stat.error;time.duration
# - 
#   name: derived_secondary_ecl_depth
#   datatype: float32
#   unit: mag
#   description: "Secondary eclipse: depth"
#   meta:
#     ucd: src.var.amplitude
# - 
#   name: derived_secondary_ecl_depth_error
#   datatype: float32
#   unit: mag
#   description: "Secondary eclipse: uncertainty of \\texttt{derivedSecondaryEclDepth}"
#   meta:
#     ucd: stat.error;src.var.amplitude
solution_id,source_id,global_ranking,reference_time,frequency,frequency_error,geom_model_reference_level,geom_model_reference_level_error,geom_model_gaussian1_phase,geom_model_gaussian1_phase_error,geom_model_gaussian1_sigma,geom_model_gaussian1_sigma_error,geom_model_gaussian1_depth,geom_model_gaussian1_depth_error,geom_model_gaussian2_phase,geom_model_gaussian2_phase_error,geom_model_gaussian2_sigma,geom_model_gaussian2_sigma_error,geom_model_gaussian2_depth,geom_model_gaussian2_depth_error,geom_model_cosine_half_period_amplitude,geom_model_cosine_half_period_amplitude_error,geom_model_cosine_half_period_phase,geom_model_cosine_half_period_phase_error,model_type,num_model_parameters,reduced_chi2,derived_primary_ecl_phase,derived_primary_ecl_phase_error,derived_primary_ecl_duration,derived_primary_ecl_duration_error,derived_primary_ecl_depth,derived_primary_ecl_depth_error,derived_secondary_ecl_phase,derived_secondary_ecl_phase_error,derived_secondary_ecl_duration,derived_secondary_ecl_duration_error,derived_secondary_ecl_depth,derived_secondary_ecl_depth_error
[from data line 491]
375316653866487564,4148732185117415936,0.56253177,2316.0658385808515,2.1740650678626223,1.816548E-5,19.028534,0.01567808,0.1270593,0.0033574435,0.07011403,0.005214756,0.51025003,0.023599155,0.6293745,0.007647833,0.0763733,0.00927002,0.43262863,0.043727543,null,null,null,null,"TWOGAUSSIANS",8,2.7825663,0.1270593,0.0033574435,0.3926386,0.025839569,0.5076354,0.023970341,0.6293745,0.007647833,0.4,1.7821041E-4,0.430014,0.044281006
375316653866487564,4148732460023144448,0.4554982,2281.781791656093,0.5552420532712155,8.9965455E-5,19.481127,0.015323824,0.23954707,0.015840668,0.053965393,0.026506647,0.46386114,0.13094763,0.8092475,0.0032431262,0.048897848,0.0034404641,0.5635564,0.041482434,null,null,null,null,"TWOGAUSSIANS",8,8.685169,0.8092475,0.0032431262,0.27382794,0.0192666,0.5635562,0.041482005,0.23954707,0.015840668,0.30220622,0.122044586,0.4638609,0.13096388
375316653866487564,4148732593109224064,0.49579924,2340.2748491191855,0.8554933799492541,3.0052353E-5,14.733523,0.034775697,0.33064207,0.05535818,0.12870242,0.10427723,0.09983956,0.025589418,0.7516102,0.02346286,0.056885414,0.016267419,0.3891573,0.147958,null,null,null,null,"TWOGAUSSIANS",8,422.08963,0.7516102,0.02346286,0.3185583,0.09109755,0.3875861,0.14830652,0.33064207,0.05535818,0.4,0.0,0.09778996,0.027400507
375316653866487564,4148732941023364736,0.48005924,2376.6400301477147,0.6324193246517236,2.42517E-5,19.950718,0.014945402,0.42332464,0.0020452964,0.007464673,0.0028898288,0.18016122,0.07356795,0.8033501,0.039382543,0.06340115,0.0152381575,1.5202217,1.1145877,0.018761802,0.01896255,0.8033501,0.039382543,"TWOGAUSSIANS_WITH_ELLIPSOIDAL_ON_ECLIPSE2",9,9.005862,0.8033501,0.039382543,0.35504642,0.08533368,1.5572647,1.1097873,0.42325464,0.0019766511,0.041802168,0.016183041,0.19963507,0.08686339
375316653866487564,4148733250291929856,0.57981026,2328.97194857533,2.787324352812186,1.7860155E-5,15.2303705,0.06461171,0.24299178,0.004590882,0.114481926,0.021573048,0.22900514,0.0636648,0.7436194,0.0043815803,0.10431829,0.024473052,0.20615548,0.061811946,null,null,null,null,"TWOGAUSSIANS",8,28.569279,0.24299178,0.004594169,0.4,0.0,0.19725294,0.010459803,0.7436194,0.00439365,0.4,0.0,0.17443207,0.009229417
375316653866487564,4148733490810167296,0.46382657,2306.7831669116063,1.1668195388010745,3.638622E-5,17.71428,0.016274627,0.07583172,0.00983392,0.047741864,0.02068201,0.03173392,0.013176762,0.60696,0.008560829,0.15993953,0.042376004,0.0717663,0.012917062,null,null,null,null,"TWOGAUSSIANS",8,1.9394889,0.60696,0.008560829,0.4,0.0,0.067833014,0.0077014524,0.07495172,0.009928967,0.26735446,0.11581926,0.029071793,0.009630878
375316653866487564,4148733971816280320,0.45169792,2320.8571919419596,0.19712642898373783,3.073606E-5,19.610456,0.117332764,0.1525648,0.007565435,0.088837475,0.029975066,0.65011996,0.22579663,0.5210982,0.030879032,0.082971066,0.058254514,0.19988716,0.10557493,null,null,null,null,"TWOGAUSSIANS",8,5.8852353,0.15257479,0.0075620045,0.4,0.04820605,0.6492837,0.22688201,0.5210982,0.030879032,0.4,0.23271102,0.19915967,0.10431184
375316653866487564,4148734040535570176,0.51037496,2311.5130520497837,2.272813349196004,1.4332325E-5,18.89954,0.01746521,0.2097542,0.0070571564,0.082650825,0.009459942,0.51327616,0.04309907,0.72119373,0.0027684534,0.08135443,0.0038387934,0.49928492,0.018951131,null,null,null,null,"TWOGAUSSIANS",8,5.4009595,0.2097542,0.0070571564,0.4,0.0,0.50544643,0.045965403,0.72119373,0.0027684534,0.4,0.0,0.4914552,0.015070453
375316653866487564,4148734246694477696,0.4755026,2318.0224832892677,3.722892466137198,1.8762615E-4,19.848269,0.026157899,0.1442798,0.01258445,0.081231885,0.009951914,0.31935298,0.036003012,0.6846643,0.016087443,0.090976655,0.025956346,0.29721048,0.059698455,null,null,null,null,"TWOGAUSSIANS",8,2.5498846,0.1442798,0.012583802,0.4,0.0,0.31488967,0.027961204,0.6846643,0.016087443,0.4,0.0,0.29274637,0.06018539
375316653866487564,4148734899560502272,0.5022938,2413.833469487969,2.069603368746888,1.1115449E-5,18.731106,0.008173779,0.34624228,0.047774423,0.045145776,0.019511346,0.3171425,0.2284347,0.84025383,0.0027786887,0.046121176,0.0028872082,0.5487625,0.06433159,null,null,null,null,"TWOGAUSSIANS",8,1.5795559,0.84025383,0.0027786887,0.25827858,0.016168367,0.5487623,0.06433191,0.34624228,0.047774423,0.25281635,0.10926353,0.3171423,0.2284316
375316653866487564,4148735002616352512,0.43983153,2358.6358622973057,2.532413711219637,5.1426883E-5,19.575632,0.28988063,0.13411169,0.045588344,0.13811074,0.05188977,0.3593541,0.19486128,0.53190404,0.030518642,0.16399896,0.088979386,0.41664976,0.2757933,null,null,null,null,"TWOGAUSSIANS",8,1.2170157,0.53190404,0.030518642,0.4,0.0,0.31584686,0.050586797,0.1565217,0.015787436,0.4,0.0,0.2787882,0.063225016
375316653866487564,4148736273926120448,0.5392968,2344.408141376626,3.0008991475407574,5.4960623E-5,19.876972,0.009319864,0.27824944,0.008793268,0.08466593,0.012720841,0.27538705,0.014393229,0.79432344,0.0026309297,0.0560709,0.009506623,0.33526003,0.052525464,null,null,null,null,"TWOGAUSSIANS",8,0.85610795,0.79432344,0.0026309297,0.31399703,0.053237088,0.33456087,0.05293367,0.27824944,0.008793268,0.4,0.0,0.27468786,0.014948249
375316653866487564,4148736858064695040,0.6153828,2316.2669019159957,1.2033865844089167,7.044902E-6,17.16367,0.03687362,0.24484503,0.0036793393,0.12584269,0.016486323,0.24252436,0.03481982,0.7485124,0.0021901696,0.113760196,0.009096668,0.28904802,0.035867084,null,null,null,null,"TWOGAUSSIANS",8,1.6497825,0.74854237,0.0022071216,0.4,0.0,0.23159485,0.0034351666,0.24483503,0.0036759742,0.4,0.0,0.18492626,0.006443526
375316653866487564,4148737132916334336,0.5009249,2319.0892502217953,2.9836771022204602,1.8983628E-5,19.586294,0.7511466,0.22996144,0.018779848,0.11723059,0.03836219,0.55442184,0.5145115,0.7144626,0.028405761,0.16428114,0.16628699,0.4779667,0.73015815,null,null,null,null,"TWOGAUSSIANS",8,2.2146041,0.23115143,0.013627979,0.4,0.0,0.37874004,0.03670544,0.7144626,0.028405761,0.4,0.0,0.2927489,0.033049595
375316653866487564,4148737266043524992,0.49181947,2275.4996863823,1.5874256520507872,2.029992E-5,19.254648,0.010429507,0.12722808,0.0018641744,0.030615646,0.0024270983,0.7776846,0.089948244,0.5238808,0.01876927,0.049879443,0.012784083,0.11007618,0.032126512,null,null,null,null,"TWOGAUSSIANS",8,4.8208976,0.12722808,0.0018641744,0.17144762,0.0135917505,0.7776846,0.089948244,0.5238808,0.01876927,0.27932486,0.07159087,0.11007618,0.032126512
375316653866487564,4148737781430858496,0.48884043,2324.827743502057,2.932294754566675,6.60086E-5,19.278147,0.029240832,0.22903168,0.009596725,0.090948306,0.024299659,0.14771035,0.025917929,0.7184342,0.0154040195,0.081428155,0.020583414,0.18799688,0.041094605,null,null,null,null,"TWOGAUSSIANS",8,1.953832,0.7184342,0.0154040195,0.4,0.0,0.18389332,0.032327212,0.22903168,0.00959732,0.4,0.0,0.14360671,0.019212436
375316653866487564,4148738331187187072,0.58361316,2324.2047461541924,2.6662066801828495,1.5570004E-5,17.629578,0.014039023,0.31241754,0.0033316615,0.08364523,0.0058395886,0.3442479,0.014889185,0.8162736,0.002132651,0.08721554,0.0058249966,0.33382812,0.01359256,null,null,null,null,"TWOGAUSSIANS",8,7.215199,0.31241754,0.0033316615,0.4,0.0,0.33548552,0.012564439,0.8162736,0.002132651,0.4,0.0,0.3250657,0.012122445
375316653866487564,4148738679130985088,0.45404902,2304.204528445665,4.578873895936316,3.8303944E-5,18.801483,0.08289215,0.37479705,0.012680535,0.08683302,0.021582821,0.539135,0.07579152,0.8415066,0.016267354,0.089873314,0.024012217,0.5046251,0.087551504,null,null,null,null,"TWOGAUSSIANS",8,26.274847,0.37479705,0.012679638,0.4,0.0,0.52816576,0.062242664,0.8415066,0.016267354,0.4,0.0,0.49365538,0.07440247
375316653866487564,4148739228855971968,0.50350106,2299.8918015093545,2.339813581118697,1.5120659E-5,19.50659,0.00968606,null,null,null,null,null,null,null,null,null,null,null,null,0.18793704,0.014856162,0.28019822,0.0049853805,"ELLIPSOIDAL",4,3.581647,null,null,null,null,null,null,null,null,null,null,null,null
375316653866487564,4148739744252029184,0.516513,2238.6462798445777,3.3149972000220465,3.0818235E-5,19.572056,0.059943747,0.26870573,0.014833961,0.09364425,0.027399717,0.3514387,0.05247363,0.7585897,0.013290372,0.097222485,0.02330294,0.3643367,0.07062564,null,null,null,null,"TWOGAUSSIANS",8,3.420703,0.7585897,0.013290372,0.4,0.0,0.34421268,0.05242293,0.26870573,0.014850608,0.4,0.0,0.33131564,0.017072909
375316653866487564,4148740427131257728,0.46924993,2264.9120034952794,1.7683371281660862,3.208524E-5,19.061876,0.70140994,0.19305298,0.046546813,0.067942925,0.020111375,0.4794634,0.23656133,0.65313447,0.014842781,0.23989487,0.13751338,0.63277143,0.6558274,null,null,null,null,"TWOGAUSSIANS",8,8.059286,0.65313447,0.014842781,0.4,0.0,0.4001569,0.062429592,0.19653298,0.05301575,0.3804804,0.06764763,0.39807278,0.26470223
375316653866487564,4148740427131275136,0.5609458,2268.622239219309,1.8057784238306855,1.870492E-5,18.204775,0.007316206,0.20274523,0.0031360392,0.07946008,0.005191466,0.12799335,0.008354978,0.699294,0.0033875774,0.08075134,0.0049750935,0.17086771,0.008075647,null,null,null,null,"TWOGAUSSIANS",8,1.4688928,0.699294,0.0033875774,0.4,0.0,0.16874589,0.0071694604,0.20274523,0.0031360392,0.4,0.0,0.12587154,0.0075794966
375316653866487564,4148740465807049856,0.60799956,2269.5182693875213,3.014728001809823,7.669783E-6,17.988987,0.02011057,0.31154072,0.0011465773,0.051789235,0.004265801,0.36084107,0.04265491,0.8048421,0.01549875,0.05566194,0.0188998,0.4199478,0.059482362,0.11142014,0.026009796,0.31154072,0.0011465773,"TWOGAUSSIANS_WITH_ELLIPSOIDAL_ON_ECLIPSE1",9,7.9595866,0.80561215,0.014583628,0.31170687,0.10583888,0.64242345,0.038672343,0.31154072,0.0011465773,0.29001972,0.023888486,0.58366597,0.012626198
375316653866487564,4148741148685933440,0.4939209,2226.0652317075387,3.957692109681679,2.5747204E-5,19.123785,0.026583765,0.23240015,0.0099465465,0.09137227,0.02063731,0.1327196,0.025636118,0.7325172,0.018461106,0.06754017,0.03372058,0.14564723,0.026821231,null,null,null,null,"TWOGAUSSIANS",8,1.0194522,0.7325172,0.018479673,0.37822494,0.051529136,0.14372163,0.024457563,0.23240015,0.0099465465,0.4,0.0,0.13079393,0.016238334
375316653866487564,4148741153031687040,0.5533637,2257.7527775643293,0.15509572068511873,2.028966E-5,18.975725,0.008888088,0.28541088,0.03106525,0.03953293,0.04183574,0.05392367,0.016749145,0.542748,0.0018224728,0.042159226,0.002471125,0.36477157,0.014580574,null,null,null,null,"TWOGAUSSIANS",8,1.806428,0.542748,0.0018224728,0.23609167,0.0138383,0.36477157,0.0146019645,0.28541088,0.03106525,0.2213844,0.1772513,0.05392367,0.016749166
375316653866487564,4148742179478389376,0.5209209,2235.783158273226,0.42440281941336516,5.216671E-5,18.022972,0.00585643,0.6814832,0.0041857525,0.029595034,0.008082566,1.1297268,0.49607453,null,null,null,null,null,null,0.01747339,0.0067030173,0.6814832,0.0041857525,"ONEGAUSSIAN_WITH_ELLIPSOIDAL",6,16.924229,0.6814832,0.0041857525,0.16573219,0.04526237,1.1646736,0.4959794,null,null,null,null,null,null
375316653866487564,4148742733549326592,0.5628523,2293.8766938402505,0.7804765903547101,6.2885083E-6,17.534304,0.0037842009,0.23548649,0.0045887115,0.036942065,0.004443935,0.20497939,0.03016175,0.73246735,0.008035898,0.039247844,0.006700084,0.09876929,0.0117921345,null,null,null,null,"TWOGAUSSIANS",8,2.4987977,0.23548649,0.0045887115,0.20687555,0.024886036,0.20497939,0.03016175,0.73246735,0.008035898,0.21978793,0.037520472,0.09876929,0.0117921345
375316653866487564,4148742836628555776,0.5080535,2231.1731180009565,3.3475735730283054,8.747014E-5,19.161247,0.014037469,0.32809588,0.025505632,0.06806284,0.018837318,0.25952026,0.02076477,0.78860116,0.012410905,0.055046894,0.010241338,0.40621498,0.08842481,null,null,null,null,"TWOGAUSSIANS",8,7.1896925,0.78860116,0.012410905,0.3082626,0.057351492,0.40617245,0.08844071,0.32809588,0.025505632,0.3811519,0.09896636,0.25947773,0.020718561
375316653866487564,4148743386414950528,0.60525763,2246.799941215802,1.6817614326688437,6.615327E-6,16.662327,0.009889944,0.2501189,0.0014914891,0.09506587,0.0066840434,0.14515176,0.008433268,0.75909144,0.0068242946,0.099827446,0.01232795,0.13320544,0.009950851,null,null,null,null,"TWOGAUSSIANS",8,1.9113054,0.2501189,0.0014903885,0.4,0.0,0.13598064,0.003070632,0.75909144,0.0068242946,0.4,0.0,0.12403359,0.0050762068
375316653866487564,4148743450788425088,0.4969309,2292.154956421816,1.724607790195052,2.1216712E-5,18.044704,0.011513005,0.3523035,0.014242388,0.06636144,0.011062677,0.22238232,0.029650293,0.833688,0.06513908,0.03711874,0.025761846,0.6443559,0.6161684,null,null,null,null,"TWOGAUSSIANS",8,9.385671,0.833688,0.06513908,0.20786496,0.14426634,0.64435375,0.61616933,0.3523035,0.014242388,0.37162408,0.061950993,0.22238015,0.029650092
375316653866487564,4148744211019036416,0.5036289,2183.0909696592353,2.7235343579980396,3.6326775E-5,19.099869,0.042999633,0.237227,0.005489909,0.08161333,0.015617323,0.30359465,0.038127348,0.7307131,0.035306696,0.070488356,0.038695637,0.3602696,0.043119226,null,null,null,null,"TWOGAUSSIANS",8,3.5721781,0.7307131,0.035306696,0.39473477,0.025816893,0.3577106,0.044220112,0.237227,0.0054630605,0.4,0.0,0.30103564,0.024420636
375316653866487564,4148744692085199360,0.55787754,2334.733924130143,2.1421179244918624,1.2513834E-5,17.64973,0.02599206,0.23458123,0.008564382,0.08640879,0.01804704,0.3405452,0.02184168,0.73632896,0.004064683,0.08191209,0.0091042705,0.36221072,0.031875193,null,null,null,null,"TWOGAUSSIANS",8,7.4496837,0.73632896,0.004064683,0.4,0.0,0.35396025,0.02742659,0.23458123,0.008564382,0.4,0.0,0.3322947,0.027783494
375316653866487564,4148745306206930176,0.5259374,2223.967648368617,2.580573552660078,1.027984E-5,19.053492,0.015161153,0.23220594,0.0070854346,0.0893579,0.01087403,0.35858813,0.019800577,0.74621534,0.0031117005,0.07761682,0.0058352444,0.4468624,0.03085627,null,null,null,null,"TWOGAUSSIANS",8,2.3321905,0.74621534,0.0031117005,0.4,0.0,0.4399375,0.03174133,0.23220594,0.0070854346,0.4,0.0,0.35166308,0.020969264
375316653866487564,4148745443645518976,0.56414735,2230.5393569931907,3.7139268502536424,1.3369326E-5,17.39307,0.0101797115,0.25015256,0.00925168,0.078217246,0.021690583,0.4200171,0.32446995,0.7715869,0.0024242431,0.08980554,0.0050917654,0.33323768,0.014110813,null,null,null,null,"TWOGAUSSIANS",8,10.046171,0.25015256,0.00925168,0.4,0.06741018,0.41402793,0.32972682,0.7715869,0.0024242431,0.4,0.0,0.32724825,0.013796695
375316653866487564,4148745791596742528,0.53697294,2208.6784451237254,0.1198243387251535,7.1150105E-5,18.963657,0.013087556,0.28836957,0.077990815,0.07700572,0.035725616,0.41690361,0.68637127,0.5542099,0.027283683,0.13754869,0.026058048,0.41414395,0.022877727,null,null,null,null,"TWOGAUSSIANS",8,5.637409,0.30347955,0.09540538,0.4,0.1420048,0.48512375,0.6541584,0.5542099,0.027283683,0.4,0.0,0.41275397,0.022923073
375316653866487564,4148745791601854848,0.50936836,2242.6740846200655,0.522063877252352,1.09498455E-4,19.622702,0.16217436,0.10386175,0.052053005,0.065873526,0.06392967,0.14004447,0.31668457,0.52415097,0.017114365,0.15810053,0.055448767,0.48206893,0.15470421,null,null,null,null,"TWOGAUSSIANS",8,5.430627,0.52415097,0.017114365,0.4,0.0,0.4600345,0.028524408,0.111781746,0.049852822,0.36889172,0.32918507,0.13354714,0.31898457
375316653866487564,4148746959798702976,0.449603,2271.1492785284127,0.44697006627392344,1.00812285E-4,19.731623,0.007227103,0.16377938,0.006665307,0.037519645,0.011852033,0.2826237,0.111550085,0.6752168,0.011526486,0.036550254,0.040307444,0.2965989,1.9922856E32,null,null,null,null,"TWOGAUSSIANS",8,2.2143571,0.6752168,0.011526486,0.20468143,0.22572169,0.2965989,1.9922856E32,0.16377938,0.006665307,0.21011001,0.06637139,0.2826237,0.1115501
