Gaia/vari_eclipsing_binary/VariEclipsingBinary_143214-145582.csv
# %ECSV 1.0
# ---
# delimiter: ','
# meta: !!omap
# - RELEASE: Gaia DR3
# - TABLE: vari_eclipsing_binary
# - DESCRIPTION: >
#     This table describes the properties of the eclipsing binaries resulting from the variability analysis. 
# - CITATION: >
#     How to cite and acknowledge Gaia: 
#     https://gea.esac.esa.int/archive/documentation/credits.html 
# - KNOWN_ISSUES: >
#     Known issues: 
#     https://www.cosmos.esa.int/web/gaia-users/known-issues 
# - DOCUMENTATION: >
#     Tutorials and documentation: 
#     https://www.cosmos.esa.int/web/gaia-users/archive 
# datatype:
# - 
#   name: solution_id
#   datatype: int64
#   description: Solution Identifier
#   meta:
#     ucd: meta.version
# - 
#   name: source_id
#   datatype: int64
#   description: Unique source identifier
#   meta:
#     ucd: meta.id;meta.main
# - 
#   name: global_ranking
#   datatype: float32
#   description: Number between 0 (worst) and 1 (best)
#   meta:
#     ucd: stat.param
# - 
#   name: reference_time
#   datatype: float64
#   unit: d
#   description: Reference time used for the geometric model fit
#   meta:
#     ucd: time.epoch
# - 
#   name: frequency
#   datatype: float64
#   unit: d**-1
#   description: Frequency of geometric model of the eclipsing binary light curve
#   meta:
#     ucd: src.orbital
# - 
#   name: frequency_error
#   datatype: float32
#   unit: d**-1
#   description: "Uncertainty of \\texttt{frequency}"
#   meta:
#     ucd: stat.error
# - 
#   name: geom_model_reference_level
#   datatype: float32
#   unit: mag
#   description: Magnitude reference level of geometric model
#   meta:
#     ucd: phot.mag;em.opt
# - 
#   name: geom_model_reference_level_error
#   datatype: float32
#   unit: mag
#   description: "Uncertainty of \\texttt{geomModelReferenceLevel}"
#   meta:
#     ucd: stat.error;phot.mag;em.opt
# - 
#   name: geom_model_gaussian1_phase
#   datatype: float32
#   description: Phase of the Gaussian 1 component
#   meta:
#     ucd: time.phase
# - 
#   name: geom_model_gaussian1_phase_error
#   datatype: float32
#   description: "Uncertainty of \\texttt{geomModelGaussian1Phase}"
#   meta:
#     ucd: stat.error;time.phase
# - 
#   name: geom_model_gaussian1_sigma
#   datatype: float32
#   description: "Standard deviation [phase] of Gaussian 1 component"
#   meta:
#     ucd: stat.stdev
# - 
#   name: geom_model_gaussian1_sigma_error
#   datatype: float32
#   description: "Uncertainty of \\texttt{geomModelGaussian1Sigma}"
#   meta:
#     ucd: stat.error
# - 
#   name: geom_model_gaussian1_depth
#   datatype: float32
#   unit: mag
#   description: Magnitude depth of Gaussian 1 component
#   meta:
#     ucd: src.var.amplitude
# - 
#   name: geom_model_gaussian1_depth_error
#   datatype: float32
#   unit: mag
#   description: "Uncertainty of \\texttt{geomModelGaussian1Depth}"
#   meta:
#     ucd: stat.error;src.var.amplitude
# - 
#   name: geom_model_gaussian2_phase
#   datatype: float32
#   description: Phase of Gaussian 2 component
#   meta:
#     ucd: time.phase
# - 
#   name: geom_model_gaussian2_phase_error
#   datatype: float32
#   description: "Uncertainty of \\texttt{geomModelGaussian2Phase}"
#   meta:
#     ucd: stat.error;time.phase
# - 
#   name: geom_model_gaussian2_sigma
#   datatype: float32
[...]
#   datatype: float32
#   description: "Secondary eclipse: uncertainty of \\texttt{derivedSecondaryEclDuration}"
#   meta:
#     ucd: stat.error;time.duration
# - 
#   name: derived_secondary_ecl_depth
#   datatype: float32
#   unit: mag
#   description: "Secondary eclipse: depth"
#   meta:
#     ucd: src.var.amplitude
# - 
#   name: derived_secondary_ecl_depth_error
#   datatype: float32
#   unit: mag
#   description: "Secondary eclipse: uncertainty of \\texttt{derivedSecondaryEclDepth}"
#   meta:
#     ucd: stat.error;src.var.amplitude
solution_id,source_id,global_ranking,reference_time,frequency,frequency_error,geom_model_reference_level,geom_model_reference_level_error,geom_model_gaussian1_phase,geom_model_gaussian1_phase_error,geom_model_gaussian1_sigma,geom_model_gaussian1_sigma_error,geom_model_gaussian1_depth,geom_model_gaussian1_depth_error,geom_model_gaussian2_phase,geom_model_gaussian2_phase_error,geom_model_gaussian2_sigma,geom_model_gaussian2_sigma_error,geom_model_gaussian2_depth,geom_model_gaussian2_depth_error,geom_model_cosine_half_period_amplitude,geom_model_cosine_half_period_amplitude_error,geom_model_cosine_half_period_phase,geom_model_cosine_half_period_phase_error,model_type,num_model_parameters,reduced_chi2,derived_primary_ecl_phase,derived_primary_ecl_phase_error,derived_primary_ecl_duration,derived_primary_ecl_duration_error,derived_primary_ecl_depth,derived_primary_ecl_depth_error,derived_secondary_ecl_phase,derived_secondary_ecl_phase_error,derived_secondary_ecl_duration,derived_secondary_ecl_duration_error,derived_secondary_ecl_depth,derived_secondary_ecl_depth_error
[from data line 142]
375316653866487564,1270291553374213760,0.48451692,2157.9000522557963,0.266691899580883,2.3743181E-5,19.39981,0.004247178,0.2037006,0.0058343974,0.045854982,0.0038289253,0.37755758,0.045780923,0.6125686,0.013257377,0.023230068,0.011191917,0.04712146,0.019454453,null,null,null,null,"TWOGAUSSIANS",8,2.1238096,0.2037006,0.0058343974,0.2567879,0.021441983,0.37755758,0.045780923,0.6125686,0.013257377,0.13008839,0.06267473,0.04712146,0.019454453
375316653866487564,1270370963026208768,0.48986793,2254.4655887731624,4.460902946049191,1.0327269E-5,12.65156,0.020808134,0.24180417,0.005308666,0.12063415,0.023890238,0.08035906,0.019690048,0.74042916,0.00520394,0.11337719,0.021513,0.09582945,0.01818215,null,null,null,null,"TWOGAUSSIANS",8,54.462727,0.74042916,0.00520394,0.4,0.0,0.07826961,0.005272477,0.24180417,0.0053158733,0.4,0.0,0.06278076,0.0028293927
375316653866487564,1270389998321286528,0.54240054,2276.717625952213,2.5336492394516563,9.3407425E-6,14.742379,0.0118584605,0.27557337,0.0072026947,0.09881815,0.016755657,0.11058899,0.008792066,0.77950084,0.0044023693,0.112956114,0.01836628,0.06570412,0.011062239,null,null,null,null,"TWOGAUSSIANS",8,15.253336,0.27557337,0.00722591,0.4,0.0,0.10085278,0.0052648108,0.77950084,0.0044011925,0.4,0.0,0.055961143,0.0031977983
375316653866487564,1270450471464563200,0.5615945,2092.501799158853,1.5668116599966504,4.2296583E-6,15.491335,0.003888073,0.23478453,0.0017244808,0.024973357,0.0013134357,0.5706445,0.02535033,0.73323816,0.0031606283,0.026693301,0.0025094396,0.6580397,0.052564304,0.009140446,0.00515558,0.23478453,0.0017244808,"TWOGAUSSIANS_WITH_ELLIPSOIDAL_ON_ECLIPSE1",9,144.44121,0.73323816,0.0031606283,0.14948249,0.014052861,0.6763188,0.05001483,0.23478453,0.0017244808,0.1398508,0.00735524,0.58892536,0.02509773
375316653866487564,1270475824650422912,0.55769163,2096.14826288229,3.2247654614083188,6.4476517E-6,18.628838,0.004671367,0.28436506,0.0039219256,0.0787285,0.0044557066,0.27218723,0.011252144,0.77968657,0.0021749765,0.08478812,0.0024781516,0.32171783,0.007800642,null,null,null,null,"TWOGAUSSIANS",8,1.9350357,0.77968657,0.0021749765,0.4,0.0,0.3166515,0.0075169597,0.28436506,0.0039219256,0.4,0.0,0.2671209,0.011582861
375316653866487564,1270509948171624960,0.5361577,2071.569315598687,1.4836171134483604,1.685412E-6,15.896111,0.003709336,0.1678261,0.0016335646,0.028090194,0.0014350425,0.2652269,0.016030403,0.6606401,3.7152244E-4,0.028297875,5.349049E-4,0.5855803,0.008068855,null,null,null,null,"TWOGAUSSIANS",8,125.45922,0.6606401,3.7152244E-4,0.1584681,0.0029954675,0.5855803,0.008068855,0.1678261,0.0016335646,0.15730508,0.008036238,0.2652269,0.016030403
375316653866487564,1270701568132099072,0.4865192,2242.294481331259,1.4407560589285546,7.4007553E-6,18.68222,0.0050933934,0.54629743,0.0023601144,0.02210395,0.0012576912,0.54825354,0.040262043,0.9356505,0.005214171,0.011115053,0.007203476,0.040614065,0.00687855,null,null,null,null,"TWOGAUSSIANS",8,12.003124,0.54629743,0.0023601144,0.12378213,0.0070430706,0.54825354,0.040262043,0.9356505,0.005214171,0.062244296,0.040339466,0.040614065,0.00687855
375316653866487564,1270774788740020992,0.5425632,2196.1676661447846,4.292031932225018,5.589599E-6,18.298544,0.0071638674,0.2549877,0.0029677004,0.08029396,0.0033002077,0.32435685,0.012724626,0.74992543,0.0020080453,0.07954355,0.002944732,0.41164362,0.00996389,null,null,null,null,"TWOGAUSSIANS",8,7.311779,0.74992543,0.0020080453,0.4,0.0,0.40668836,0.00970696,0.2549877,0.0029677004,0.4,0.0,0.3194016,0.012454984
375316653866487564,1270828939681887872,0.47339836,2194.2653655446957,3.0189491865715063,1.33008625E-5,19.612513,0.006376558,0.19326371,0.020246917,0.056588188,0.029776108,0.22293118,0.1993476,0.6886957,0.0044860747,0.03875275,0.0037557818,0.40740472,0.033633076,null,null,null,null,"TWOGAUSSIANS",8,2.6826463,0.6886957,0.0044860747,0.21701539,0.021032378,0.40740427,0.033633463,0.19326371,0.020246917,0.31689385,0.11575226,0.22293071,0.19936866
375316653866487564,1270883026207821056,0.49438545,2142.7788156560473,1.6841700151766683,1.0093087E-5,12.540758,0.12314459,0.26763663,0.005726282,0.1274752,0.038444817,0.093321346,0.1083973,0.7877254,0.012733025,0.1253724,0.0772826,0.06305701,0.11987825,null,null,null,null,"TWOGAUSSIANS",8,61.3943,0.26747665,0.00380835,0.4,0.0,0.074946396,0.006118356,0.78812534,0.011636072,0.4,0.0,0.044729963,0.006092116
375316653866487564,1271064784929408000,0.47496343,2192.8009209001143,1.801207577084443,1.2372664E-5,18.411674,0.0019287455,0.086085126,0.006853928,0.013252326,0.007905438,0.189583,5.232374,0.5857121,0.0025782844,0.020367175,0.001337964,0.22022733,0.023449998,null,null,null,null,"TWOGAUSSIANS",8,2.8182383,0.5857121,0.0025782844,0.11405618,0.007492598,0.22022733,0.023449998,0.086085126,0.006853928,0.07421303,0.04427045,0.189583,5.232374
375316653866487564,1271215662834708736,0.5494465,2269.7906858550514,0.24860568827855628,2.2631208E-5,16.986238,9.82359E-4,0.37413663,0.0066647627,0.01074454,0.0027112868,0.44102475,0.21684247,0.82379884,0.01907788,0.01774128,0.021512657,0.018222699,8.5989316E21,null,null,null,null,"TWOGAUSSIANS",8,2.6869018,0.37413663,0.0066647627,0.060169425,0.015183206,0.44102475,0.21684247,0.82379884,0.01907788,0.09935117,0.12047088,0.018222699,8.5989316E21
375316653866487564,1271263560310099840,0.5403222,2091.3749716951356,3.936439810755666,5.1596985E-6,13.153817,0.006809597,0.25248542,0.002244285,0.04371782,0.003765093,0.1801087,0.016996818,0.7539857,0.0053133587,0.063789345,0.0048109954,0.20023926,0.026137313,0.06570261,0.00832443,0.25248542,0.002244285,"TWOGAUSSIANS_WITH_ELLIPSOIDAL_ON_ECLIPSE1",9,496.01007,0.7539857,0.005234371,0.35722035,0.026941573,0.3315484,0.019561984,0.25248542,0.002244285,0.2448198,0.021084521,0.3114295,0.0075297863
375316653866487564,1271330561803283968,0.5320571,2120.5911656989483,0.20936269456416753,3.0135966E-6,15.411778,8.226684E-4,0.3969425,7.0897094E-4,0.007249661,6.0657447E-4,0.11115671,0.012719212,0.8975759,0.0050744745,0.006235612,0.0030986601,0.17412044,0.50820816,null,null,null,null,"TWOGAUSSIANS",8,12.04007,0.8975759,0.0050744745,0.034919426,0.017352497,0.17412044,0.50820816,0.3969425,7.0897094E-4,0.0405981,0.003396817,0.11115671,0.012719212
375316653866487564,1271448651923053568,0.46983528,2234.2132334910334,0.8576831496592126,2.7571374E-5,17.865252,0.0038540226,0.3411905,0.07147165,0.02503939,0.04659488,0.32788062,0.36216226,0.83855087,0.005071986,0.022240438,0.0050111073,0.18210743,0.051547665,null,null,null,null,"TWOGAUSSIANS",8,4.7681766,0.3411905,0.07147165,0.14022058,0.2609313,0.32788062,0.36216226,0.83855087,0.005071986,0.12454645,0.028062202,0.18210743,0.051547665
375316653866487564,1271449236038575232,0.49263465,2253.9492264077467,0.09370882493083324,5.5078194E-6,18.786232,0.004329745,0.58666885,7.153614E-4,0.0037441852,3.2284702E-4,0.4841885,0.060884796,0.9040146,0.013225164,0.041523732,0.010232163,0.043736167,0.010335171,null,null,null,null,"TWOGAUSSIANS",8,3.6911821,0.58666885,7.153614E-4,0.020967437,0.0018079432,0.4841885,0.060884796,0.9040146,0.013225164,0.2325329,0.057300113,0.043736167,0.010335171
375316653866487564,1271848053818838400,0.5015188,2174.8438167244926,1.5471055163825467,1.2847297E-5,17.761814,0.0012365181,0.17124192,0.0023084544,0.020805275,0.0035042386,0.059814032,0.012370768,0.6750722,0.006094759,0.027198277,0.005781515,0.03476782,0.009448162,0.035653587,0.0023151047,0.17124192,0.0023084544,"TWOGAUSSIANS_WITH_ELLIPSOIDAL_ON_ECLIPSE1",9,2.7948036,0.17124192,0.0023084544,0.11650954,0.019623736,0.13112111,0.012707865,0.6750722,0.0060819327,0.15231036,0.032376483,0.106033616,0.009657967
375316653866487564,1271886983402599680,0.42706928,2173.812220446291,1.74531190121893,1.0760504E-5,14.203315,0.0037692303,0.27546933,0.020539843,0.060657416,0.030822935,0.0925973,0.04725981,0.7522236,0.0015086299,0.016858147,0.002347185,0.19292317,0.06320357,0.00400746,0.0044827852,0.7522236,0.0015086299,"TWOGAUSSIANS_WITH_ELLIPSOIDAL_ON_ECLIPSE2",9,856.7687,0.7522236,0.0015086299,0.09440562,0.013144236,0.2009345,0.064095944,0.27490935,0.019845838,0.33968154,0.17260844,0.100442946,0.051522344
375316653866487564,1272046137711545216,0.51337945,2167.7324884500767,0.3925435081930578,3.0589712E-5,15.366405,0.0053099985,0.6718248,0.055956792,0.09279068,0.20049866,0.008622181,0.0045312666,0.8633862,0.0038168114,0.008144723,0.0036723341,0.5554697,0.2219905,null,null,null,null,"TWOGAUSSIANS",8,74.11232,0.8633862,0.0038168114,0.04561045,0.020565072,0.55649334,0.22541568,0.6718248,0.055956792,0.4,0.01096413,0.008622172,0.003846721
375316653866487564,1272097952197018240,0.6750567,2177.96676892401,2.07824238562519,1.5605998E-6,14.855345,0.002565854,0.281633,4.5068728E-4,0.049513947,0.0011204374,0.33842996,0.008647299,0.78226584,7.71706E-4,0.047154974,0.0010270049,0.39045617,0.0074346443,0.13657345,0.0038127727,0.281633,4.5068728E-4,"TWOGAUSSIANS_WITH_ELLIPSOIDAL_ON_ECLIPSE1",9,30.45877,0.78226584,7.71706E-4,0.26406786,0.005751227,0.6635974,0.006451266,0.281633,4.5068728E-4,0.27727813,0.0062744496,0.6115755,0.008237224
375316653866487564,1272112486366357248,0.48371112,2179.4864048085888,0.32301105609211195,6.2047707E-6,16.114243,0.0010024706,0.19673271,0.0019082681,0.012669691,0.0010992135,0.12948845,0.005055802,null,null,null,null,null,null,null,null,null,null,"ONEGAUSSIAN",5,11.572623,0.19673271,0.0019082681,0.07095027,0.006155595,0.12948845,0.0,null,null,null,null,null,null
375316653866487564,1272270369362789376,0.6118632,2191.72493529355,2.2491890432847588,2.4697233E-6,18.21953,0.0052112476,0.22272456,8.327721E-4,0.038846336,0.0013388176,0.37419513,0.014183168,0.7204811,6.6591136E-4,0.04093364,8.775532E-4,0.75941056,0.014363486,0.06848991,0.007161708,0.22272456,8.327721E-4,"TWOGAUSSIANS_WITH_ELLIPSOIDAL_ON_ECLIPSE1",9,4.8008537,0.7205311,6.5320864E-4,0.22922838,0.0049142977,0.8963635,0.011794992,0.22272456,8.327721E-4,0.21753947,0.007497379,0.5111746,0.010529324
375316653866487564,1272298578708018176,0.5432357,2190.710413575377,0.10634927518492683,1.3296427E-6,13.790351,7.4555486E-4,0.57031316,0.0028246706,0.008175546,0.0032564695,0.16231172,0.043875545,0.90440494,0.0012065717,0.0041125356,4.5359216E-4,0.40130666,0.07567675,0.0017857148,0.0010058157,0.90440494,0.0012065717,"TWOGAUSSIANS_WITH_ELLIPSOIDAL_ON_ECLIPSE2",9,57.550594,0.90440494,0.0012065717,0.023030201,0.0025401162,0.40487808,0.075673245,0.57030314,0.0028232406,0.04578306,0.01823623,0.16321942,0.043831553
375316653866487564,1272323111561384320,0.47785655,2213.7290045536074,0.7076704950714978,2.06074E-5,15.307323,0.0044534663,0.42935258,0.0027721897,0.019460866,0.0018451259,0.41499823,0.02855891,0.9211195,0.018309671,0.008814986,0.01727041,0.08721624,4.8847214E25,null,null,null,null,"TWOGAUSSIANS",8,385.49353,0.42935258,0.0027721897,0.10898085,0.010332705,0.41499823,0.02855891,0.9211195,0.018309671,0.049363922,0.0967143,0.08721624,4.8847214E25
375316653866487564,1272331491041466496,0.43022805,2206.2308671641067,0.8130577122426288,6.05948E-6,19.135826,0.005460323,0.742313,0.0019682215,0.010578579,8.1798807E-4,0.29307157,0.03430892,null,null,null,null,null,null,0.02714131,0.009029977,0.742313,0.0019682215,"ONEGAUSSIAN_WITH_ELLIPSOIDAL",6,6.590074,0.742313,0.0019682215,0.059240043,0.004580733,0.3473541,0.036218226,null,null,null,null,null,null
375316653866487564,1272342456093930752,0.56720793,2194.385882275135,1.0101140125193178,2.7986373E-6,15.485376,0.0031218156,0.3280165,4.3388602E-4,0.03190075,6.568385E-4,0.5203161,0.007711816,0.8265936,0.0037136264,0.029558262,0.0034312163,0.056794897,0.008027357,0.014212984,0.0039623566,0.3280165,4.3388602E-4,"TWOGAUSSIANS_WITH_ELLIPSOIDAL_ON_ECLIPSE1",9,73.27983,0.3280165,4.3388602E-4,0.17864418,0.0036782958,0.54874206,0.007996693,0.8266436,0.0036024034,0.16552626,0.01921481,0.08521866,0.006127359
375316653866487564,1272383271167248384,0.6061411,2195.678137510336,1.2164474790452724,1.7274126E-6,18.425997,0.002600163,0.2384835,0.0020537032,0.054752,0.0024757353,0.24173222,0.0063747433,0.73895353,4.2335383E-4,0.04489075,7.699188E-4,0.62397426,0.01266085,null,null,null,null,"TWOGAUSSIANS",8,2.102738,0.73895353,4.2335383E-4,0.25138822,0.0043115453,0.6239718,0.012661197,0.2384835,0.0020537032,0.30661118,0.013864117,0.24172978,0.0063755447
375316653866487564,1272384203176148608,0.5971432,2199.4496489222506,3.7207768871982534,3.524946E-6,16.13498,0.009903784,0.22604088,7.460444E-4,0.050533537,0.003877318,0.20550744,0.020853575,0.71990216,0.0026267942,0.06627208,0.005164383,0.25952333,0.021075359,0.07157607,0.012637029,0.22604088,7.460444E-4,"TWOGAUSSIANS_WITH_ELLIPSOIDAL_ON_ECLIPSE1",9,28.942635,0.72089213,0.00215604,0.37112364,0.028920544,0.40235052,0.009040835,0.22604088,7.460444E-4,0.2829878,0.021712981,0.34851333,0.005942103
375316653866487564,1272432409888875392,0.53430545,2188.99094344472,3.4166126010421123,1.1254336E-5,17.742538,0.014080113,0.27133137,0.0037248873,0.10163666,0.009081024,0.20481534,0.0126657,0.7598794,0.0026424753,0.10434063,0.0075763804,0.22355038,0.012537958,null,null,null,null,"TWOGAUSSIANS",8,5.029116,0.7598794,0.0026424753,0.4,0.0,0.20393004,0.0056935777,0.27134138,0.0037337116,0.4,0.0,0.18519762,0.005870279
375316653866487564,1272465017280638592,0.60059124,2204.9661336417194,0.21015434015181036,3.3018467E-5,15.250711,8.118134E-4,0.30820566,0.0022240884,0.013010872,0.0017873214,0.6881337,0.036772337,null,null,null,null,null,null,null,null,null,null,"ONEGAUSSIAN",5,56.513268,0.30820566,0.0022240884,0.07286088,0.010009,0.6881337,0.0,null,null,null,null,null,null
375316653866487564,1272498689824194432,0.5439882,2207.9558467927827,0.8314467766373942,3.9948172E-6,17.493141,0.0036882712,0.27648,0.0022556107,0.012245256,0.0015417957,0.62925285,0.042154983,0.7736069,0.0014713577,0.01514586,0.0013675924,0.23452263,0.006436729,null,null,null,null,"TWOGAUSSIANS",8,19.177946,0.27648,0.0022556107,0.06857344,0.008634056,0.62925285,0.042154983,0.7736069,0.0014713577,0.08481681,0.0076585175,0.23452263,0.006436729
375316653866487564,1272613691868811648,0.4647866,2190.30810742511,1.309004762914405,2.0326375E-5,15.970291,0.0059468374,0.3778165,0.0028637184,0.015349227,0.0031660905,0.4652131,0.07070494,0.87811387,0.0064504435,0.0136610055,0.00705783,0.49041575,0.6434346,null,null,null,null,"TWOGAUSSIANS",8,321.171,0.87811387,0.0064504435,0.07650163,0.03952385,0.49041575,0.6434346,0.3778165,0.0028637184,0.08595567,0.017730108,0.4652131,0.07070494
375316653866487564,1272626714209491200,0.5287648,2168.5100023777227,3.019544359936207,5.8909195E-6,15.501906,0.0034608087,0.17881587,0.0018045106,0.100809276,0.0045451596,0.11922489,0.0036852008,0.68148744,0.002697107,0.08541821,0.004288593,0.097082645,0.0043597454,null,null,null,null,"TWOGAUSSIANS",8,13.354828,0.17881587,0.0018045106,0.4,0.0,0.11356409,0.0035895582,0.68148744,0.002697107,0.4,0.0,0.09142293,0.0038279556
375316653866487564,1272647050877670784,0.47364476,2174.064820502324,0.44018946967825084,1.4156478E-5,18.688736,0.0024689075,null,null,null,null,null,null,null,null,null,null,null,null,0.06438788,0.0031324879,0.25516787,0.004641813,"ELLIPSOIDAL",4,3.3076952,null,null,null,null,null,null,null,null,null,null,null,null
375316653866487564,1272734191470934784,0.48780033,2200.473274572907,3.888805654595253,1.3185303E-5,17.396704,0.01722484,0.23097472,0.005232014,0.08893173,0.0076557146,0.38012898,0.026608752,0.7086846,0.0045063617,0.090188235,0.007918255,0.36451745,0.021934172,null,null,null,null,"TWOGAUSSIANS",8,63.53758,0.23097472,0.005232014,0.4,0.0,0.3695239,0.025970096,0.7086846,0.0045063617,0.4,0.0,0.35391226,0.020774512
