Gaia/vari_eclipsing_binary/VariEclipsingBinary_533075-533135.csv
# %ECSV 1.0
# ---
# delimiter: ','
# meta: !!omap
# - RELEASE: Gaia DR3
# - TABLE: vari_eclipsing_binary
# - DESCRIPTION: >
#     This table describes the properties of the eclipsing binaries resulting from the variability analysis. 
# - CITATION: >
#     How to cite and acknowledge Gaia: 
#     https://gea.esac.esa.int/archive/documentation/credits.html 
# - KNOWN_ISSUES: >
#     Known issues: 
#     https://www.cosmos.esa.int/web/gaia-users/known-issues 
# - DOCUMENTATION: >
#     Tutorials and documentation: 
#     https://www.cosmos.esa.int/web/gaia-users/archive 
# datatype:
# - 
#   name: solution_id
#   datatype: int64
#   description: Solution Identifier
#   meta:
#     ucd: meta.version
# - 
#   name: source_id
#   datatype: int64
#   description: Unique source identifier
#   meta:
#     ucd: meta.id;meta.main
# - 
#   name: global_ranking
#   datatype: float32
#   description: Number between 0 (worst) and 1 (best)
#   meta:
#     ucd: stat.param
# - 
#   name: reference_time
#   datatype: float64
#   unit: d
#   description: Reference time used for the geometric model fit
#   meta:
#     ucd: time.epoch
# - 
#   name: frequency
#   datatype: float64
#   unit: d**-1
#   description: Frequency of geometric model of the eclipsing binary light curve
#   meta:
#     ucd: src.orbital
# - 
#   name: frequency_error
#   datatype: float32
#   unit: d**-1
#   description: "Uncertainty of \\texttt{frequency}"
#   meta:
#     ucd: stat.error
# - 
#   name: geom_model_reference_level
#   datatype: float32
#   unit: mag
#   description: Magnitude reference level of geometric model
#   meta:
#     ucd: phot.mag;em.opt
# - 
#   name: geom_model_reference_level_error
#   datatype: float32
#   unit: mag
#   description: "Uncertainty of \\texttt{geomModelReferenceLevel}"
#   meta:
#     ucd: stat.error;phot.mag;em.opt
# - 
#   name: geom_model_gaussian1_phase
#   datatype: float32
#   description: Phase of the Gaussian 1 component
#   meta:
#     ucd: time.phase
# - 
#   name: geom_model_gaussian1_phase_error
#   datatype: float32
#   description: "Uncertainty of \\texttt{geomModelGaussian1Phase}"
#   meta:
#     ucd: stat.error;time.phase
# - 
#   name: geom_model_gaussian1_sigma
#   datatype: float32
#   description: "Standard deviation [phase] of Gaussian 1 component"
#   meta:
#     ucd: stat.stdev
# - 
#   name: geom_model_gaussian1_sigma_error
#   datatype: float32
#   description: "Uncertainty of \\texttt{geomModelGaussian1Sigma}"
#   meta:
#     ucd: stat.error
# - 
#   name: geom_model_gaussian1_depth
#   datatype: float32
#   unit: mag
#   description: Magnitude depth of Gaussian 1 component
#   meta:
#     ucd: src.var.amplitude
# - 
#   name: geom_model_gaussian1_depth_error
#   datatype: float32
#   unit: mag
#   description: "Uncertainty of \\texttt{geomModelGaussian1Depth}"
#   meta:
#     ucd: stat.error;src.var.amplitude
# - 
#   name: geom_model_gaussian2_phase
#   datatype: float32
#   description: Phase of Gaussian 2 component
#   meta:
#     ucd: time.phase
# - 
#   name: geom_model_gaussian2_phase_error
#   datatype: float32
#   description: "Uncertainty of \\texttt{geomModelGaussian2Phase}"
#   meta:
#     ucd: stat.error;time.phase
# - 
#   name: geom_model_gaussian2_sigma
#   datatype: float32
[...]
#   datatype: float32
#   description: "Secondary eclipse: uncertainty of \\texttt{derivedSecondaryEclDuration}"
#   meta:
#     ucd: stat.error;time.duration
# - 
#   name: derived_secondary_ecl_depth
#   datatype: float32
#   unit: mag
#   description: "Secondary eclipse: depth"
#   meta:
#     ucd: src.var.amplitude
# - 
#   name: derived_secondary_ecl_depth_error
#   datatype: float32
#   unit: mag
#   description: "Secondary eclipse: uncertainty of \\texttt{derivedSecondaryEclDepth}"
#   meta:
#     ucd: stat.error;src.var.amplitude
solution_id,source_id,global_ranking,reference_time,frequency,frequency_error,geom_model_reference_level,geom_model_reference_level_error,geom_model_gaussian1_phase,geom_model_gaussian1_phase_error,geom_model_gaussian1_sigma,geom_model_gaussian1_sigma_error,geom_model_gaussian1_depth,geom_model_gaussian1_depth_error,geom_model_gaussian2_phase,geom_model_gaussian2_phase_error,geom_model_gaussian2_sigma,geom_model_gaussian2_sigma_error,geom_model_gaussian2_depth,geom_model_gaussian2_depth_error,geom_model_cosine_half_period_amplitude,geom_model_cosine_half_period_amplitude_error,geom_model_cosine_half_period_phase,geom_model_cosine_half_period_phase_error,model_type,num_model_parameters,reduced_chi2,derived_primary_ecl_phase,derived_primary_ecl_phase_error,derived_primary_ecl_duration,derived_primary_ecl_duration_error,derived_primary_ecl_depth,derived_primary_ecl_depth_error,derived_secondary_ecl_phase,derived_secondary_ecl_phase_error,derived_secondary_ecl_duration,derived_secondary_ecl_duration_error,derived_secondary_ecl_depth,derived_secondary_ecl_depth_error
[from data line 437]
375316653866487564,4689015564661256320,0.43161884,2191.231420178121,2.520488742333249,3.795245E-5,18.417734,0.0033054021,0.23820907,0.009160982,0.05826512,0.007977241,0.08549269,0.008976982,0.5863265,0.006036967,0.01056177,0.0046153064,0.11118457,0.040828,null,null,null,null,"TWOGAUSSIANS",8,3.9766135,0.5863265,0.006036967,0.05914591,0.025845714,0.11118457,0.040828,0.23820907,0.009160982,0.32628468,0.04467255,0.08549269,0.008976982
375316653866487564,4689015598961787648,0.4682162,2193.0640848847006,1.0223502309409624,1.0296334E-6,17.742323,0.0023270512,0.15219635,3.5142726E-5,0.008449053,5.8944068E-5,1.7148694,0.015565865,0.63927823,1.0673357E-6,0.006126354,8.7491935E-5,1.3964553,0.07088925,null,null,null,null,"TWOGAUSSIANS",8,5.9104686,0.15219635,3.5142726E-5,0.0473147,3.3008677E-4,1.7148694,0.015565865,0.63927823,1.0673357E-6,0.03430758,4.8995484E-4,1.3964553,0.07088925
375316653866487564,4689015603281577472,0.46071416,2200.224856635123,1.4221611916483503,3.821282E-5,14.758377,0.013028629,0.2807716,0.013599904,0.21246779,0.047146544,0.06427135,0.011269712,0.9124057,0.0028451036,0.01759185,0.0037515073,0.027983278,0.008538218,null,null,null,null,"TWOGAUSSIANS",8,16.222927,0.2807716,0.013599904,0.4,0.0,0.05621058,0.003973648,0.9135857,0.003269822,0.09851437,0.02100844,0.035056103,0.008461294
375316653866487564,4689015633299729280,0.5782878,2230.914406776476,0.021197410870617665,1.0576999E-5,15.316244,0.0014473306,0.20205922,0.014784828,0.058213558,0.01656545,0.04986419,0.07473257,0.8525022,3.923239E-5,0.0048366413,1.3674352E-4,0.34293061,0.004706038,null,null,null,null,"TWOGAUSSIANS",8,10.349923,0.8525022,3.923239E-5,0.02708519,7.6576375E-4,0.34293061,0.0047060377,0.20205922,0.014784828,0.32599592,0.092766516,0.04986419,0.07473257
375316653866487564,4689015702019202048,0.5062667,2220.89049042547,0.8359946321918947,1.43658835E-5,15.89663,0.013535375,0.2273104,0.011797421,0.038147636,0.0065928,0.3676666,0.13132909,0.71792877,0.014199341,0.04135842,0.03720754,0.49845865,0.3989454,0.026074402,0.0141530605,0.2273104,0.011797421,"TWOGAUSSIANS_WITH_ELLIPSOIDAL_ON_ECLIPSE1",9,14.583545,0.71805876,0.014044403,0.23160715,0.16589159,0.5504289,0.42191738,0.2273104,0.011797421,0.21362676,0.03691968,0.41981533,0.14069563
375316653866487564,4689015702041058816,0.42545208,2200.0621446713662,4.133919377637278,5.8756035E-5,18.3767,0.01022962,0.23181312,0.008869311,0.0631553,0.016663864,0.0761078,0.015125199,0.6594762,0.01515994,0.07600299,0.017193101,0.09969631,0.031203758,null,null,null,null,"TWOGAUSSIANS",8,6.8566527,0.6594762,0.01515994,0.4,0.025214208,0.099659026,0.031192848,0.23181312,0.008869311,0.35366967,0.08762691,0.07607053,0.0150782615
375316653866487564,4689015702100223488,0.53925425,2199.2900839820672,0.32610971192403876,1.16434E-5,17.772722,0.0055396035,0.29326496,5.564818E-4,0.015883978,6.171083E-4,1.5894521,0.071687795,0.8926764,0.02240116,0.035463244,0.013771943,0.07445655,0.016140247,0.040729392,0.01344614,0.29326496,5.564818E-4,"TWOGAUSSIANS_WITH_ELLIPSOIDAL_ON_ECLIPSE1",9,26.433714,0.29326496,5.564818E-4,0.088950284,0.0034558065,1.6709107,0.07699538,0.8926764,0.02240116,0.19859417,0.077122875,0.12805793,0.021408202
375316653866487564,4689015706360739456,0.50089586,2208.0267367446845,0.4246398310512143,3.552711E-5,13.601475,0.0039505847,0.25807127,0.009272423,0.021942599,0.02351369,0.35500675,5.916542,0.7528133,0.0033168322,0.028982233,0.0031629596,0.18346609,0.023410685,0.018475486,0.006308359,0.25807127,0.009272423,"TWOGAUSSIANS_WITH_ELLIPSOIDAL_ON_ECLIPSE1",9,30.715496,0.25807127,0.009272423,0.12287855,0.13167666,0.3919577,5.9255705,0.75288326,0.0032689462,0.16230051,0.017712574,0.22037728,0.022368971
375316653866487564,4689015706360772864,0.568157,2204.5727665127256,1.0536581254419286,7.018643E-6,16.548868,0.004118876,0.22442903,0.001234381,0.034993626,0.002128867,0.17320971,0.013138306,0.72067606,0.001463465,0.044111572,0.0017859216,0.23930338,0.008407969,0.0127203185,0.004599277,0.22442903,0.001234381,"TWOGAUSSIANS_WITH_ELLIPSOIDAL_ON_ECLIPSE1",9,9.700225,0.7207361,0.0014393855,0.2470248,0.010001161,0.26473007,0.0042430675,0.22442903,0.001234381,0.19596429,0.011921654,0.1986503,0.01120071
375316653866487564,4689015740667751936,0.43706354,2218.744922614579,1.386540242311029,1.2613394E-5,16.256107,0.005762835,0.3274261,0.004764859,0.05900609,0.007432677,0.09140144,0.007304663,0.8124392,0.010047488,0.058115747,0.016123952,0.12962666,0.019632628,null,null,null,null,"TWOGAUSSIANS",8,24.215073,0.8124392,0.010047488,0.3254482,0.09029413,0.1296129,0.019668613,0.3274261,0.004764859,0.3304341,0.04162299,0.09138768,0.0072896257
375316653866487564,4689015775080816768,0.452523,2225.295111632176,0.014460627857283215,2.2715629E-5,16.938614,0.0042388733,0.16665007,7.2300626E-4,0.033134613,0.002228193,1.282391,0.30340025,null,null,null,null,null,null,0.025905568,0.007339127,0.16665007,7.2300626E-4,"ONEGAUSSIAN_WITH_ELLIPSOIDAL",6,74.569595,0.16665007,7.2300626E-4,0.18555383,0.012477881,1.3342019,0.30439547,null,null,null,null,null,null
375316653866487564,4689015946879021952,0.42150298,2219.9400554526796,4.716234394235624,3.3173244E-5,17.645346,0.002766045,0.2880873,0.0068564755,0.019817047,0.012841021,0.107602544,0.39926788,0.72913235,0.010376076,0.017510146,0.008537375,0.10585011,0.055344004,null,null,null,null,"TWOGAUSSIANS",8,5.810206,0.2880873,0.0068564755,0.11097546,0.07190972,0.107602544,0.39926788,0.72913235,0.010376076,0.09805682,0.047809303,0.10585011,0.055344004
375316653866487564,4689016015598478080,0.55351347,2213.150790476814,0.5755163417919409,5.1494208E-6,16.168924,0.0019741363,0.57446027,9.5873047E-4,0.022585945,0.0011188631,0.4828526,0.010452382,null,null,null,null,null,null,null,null,null,null,"ONEGAUSSIAN",5,17.774076,0.57446027,9.5873047E-4,0.1264813,0.0062656333,0.4828526,0.0,null,null,null,null,null,null
375316653866487564,4689016079997697024,0.42482358,2226.1692515825216,4.882060727838302,5.426375E-5,16.808369,0.004583828,0.17971556,0.021485768,0.011633268,0.0064400663,0.25322813,0.78653985,0.8554371,0.0152999535,0.038360566,0.011240216,0.03572598,0.011874057,null,null,null,null,"TWOGAUSSIANS",8,20.485697,0.17971556,0.021485768,0.0651463,0.03606437,0.25322813,0.78653985,0.8554371,0.0152999535,0.21481918,0.06294521,0.03572598,0.011874057
375316653866487564,4689016496634610944,0.42962548,2188.304083784339,0.6605769180330229,2.4473089E-5,18.916458,0.008296478,0.3229162,0.013237779,0.13172452,0.017040214,0.14769381,0.015971236,0.8427711,0.0014491698,0.010656016,0.0065316153,1.0592287,237.93588,null,null,null,null,"TWOGAUSSIANS",8,5.3041024,0.8427711,0.0014491698,0.05967369,0.036577046,1.0591656,237.93597,0.3229162,0.013237779,0.4,0.0,0.14737704,0.016079862
375316653866487564,4689016496634630400,0.44131082,2222.2313345363145,0.051847175458046034,2.1918571E-5,19.2839,0.013289046,0.35259357,0.011468112,0.06811995,0.02407721,0.21282586,0.088413954,0.68502223,0.009958891,0.025662683,0.01975508,0.044275563,7.5103992E7,0.13139655,0.011211652,0.68502223,0.009958891,"TWOGAUSSIANS_WITH_ELLIPSOIDAL_ON_ECLIPSE2",9,6.861611,0.68502223,0.009958891,0.14371102,0.11062845,0.30707002,7.5103992E7,0.30800357,0.08606812,0.3814717,0.051722854,0.30651298,0.034420248
375316653866487564,4689016526733994496,0.42358106,2182.5375678060614,0.3293848053042666,2.7363563E-5,18.488483,0.005801751,0.43127832,0.016110994,0.05751024,0.0147589715,0.10685677,0.019987045,0.60180646,0.00903927,0.033578694,0.011126149,0.104799725,0.029789781,null,null,null,null,"TWOGAUSSIANS",8,7.5412116,0.43127832,0.016094536,0.32205734,0.08265024,0.10685703,0.0199849,0.60180646,0.00903927,0.18804067,0.062306438,0.10611671,0.03024898
375316653866487564,4689016565300207872,0.41554925,2216.55754217331,0.3656591883568635,3.049905E-5,17.631893,0.003729768,0.3945129,9.368237E-4,0.010715897,0.001444878,0.08550688,0.007810282,0.79513866,0.022399886,0.011588094,0.014797718,0.033469867,219176.38,0.009337044,0.006205781,0.79513866,0.022399886,"TWOGAUSSIANS_WITH_ELLIPSOIDAL_ON_ECLIPSE2",9,7.953261,0.3943629,9.2020305E-4,0.060009025,0.0080913175,0.09780727,0.009910918,0.79513866,0.022399886,0.06489333,0.08286722,0.05214395,219176.39
375316653866487564,4689016634073591040,0.5376669,2210.8954822509795,2.105285072163036,1.0497994E-5,17.959295,0.006045684,0.29670697,0.0045471024,0.05643639,0.0063580694,0.21560991,0.026845329,0.7970295,0.002176774,0.05894633,0.0035825819,0.23514414,0.0066975825,null,null,null,null,"TWOGAUSSIANS",8,5.6409583,0.7970295,0.002176774,0.33009943,0.020062458,0.23510689,0.006685296,0.29670697,0.0045471024,0.3160438,0.03560519,0.21557267,0.026872419
375316653866487564,4689016801612950144,0.5180231,2199.2920353384193,2.4765115924605534,2.0529322E-5,19.742924,0.009218738,0.22905225,0.003709273,0.028176913,0.0034758956,0.28398162,0.036706522,0.7219044,0.0075821276,0.042012613,0.0064488295,0.23335905,0.041391786,0.06631129,0.012728933,0.22905225,0.003709273,"TWOGAUSSIANS_WITH_ELLIPSOIDAL_ON_ECLIPSE1",9,1.7231086,0.22905225,0.003709273,0.1577907,0.019465016,0.41660416,0.02336749,0.7224244,0.0069743367,0.23527063,0.036113445,0.36573386,0.038231984
375316653866487564,4689016805872243456,0.43624777,2210.1921533145323,0.9286225104526983,2.149142E-5,15.963519,0.0029620728,0.19932859,0.013678406,0.06270342,0.1291702,0.016083878,0.077725865,0.70739603,0.002547058,0.021902924,0.0037451258,0.08318606,0.025612881,0.01949079,0.0056524263,0.19932859,0.013678406,"TWOGAUSSIANS_WITH_ELLIPSOIDAL_ON_ECLIPSE1",9,27.530495,0.70739603,0.002543614,0.122656375,0.020972705,0.12206191,0.02533092,0.19932859,0.013678406,0.35113916,0.6185756,0.055059798,0.08148613
375316653866487564,4689016835972705024,0.48613217,2206.060041937933,1.1924710105443994,8.3436906E-5,19.59354,0.008813956,0.4466436,0.02194712,0.03628323,0.006797876,0.63769567,0.3095279,0.80074316,0.025122695,0.02459203,0.050645005,0.04753888,0.029299969,null,null,null,null,"TWOGAUSSIANS",8,1.381859,0.4466436,0.02194712,0.20318608,0.03806811,0.63769567,0.3095279,0.80074316,0.025122695,0.13771537,0.28361204,0.04753888,0.029299969
375316653866487564,4689017179578510720,0.4214448,2214.314196331837,0.6967278296578089,1.563436E-4,19.319328,0.023042236,0.43783846,0.031561997,0.070219375,0.010587491,0.13621365,0.029969594,0.6510884,0.044546675,0.040880322,0.084276564,0.07591114,884.2958,0.070829175,0.023187207,0.6510884,0.044546675,"TWOGAUSSIANS_WITH_ELLIPSOIDAL_ON_ECLIPSE2",9,6.8592396,0.6510884,0.044546675,0.2289298,0.40728787,0.21892296,884.3013,0.46118847,0.16861628,0.3932285,0.052683886,0.14814639,0.071338005
375316653866487564,4689017213838458624,0.4741843,2223.7740029883253,0.7276449804354536,6.210053E-5,18.891273,0.0055109095,0.30727673,0.0027721252,0.01906617,0.0018555123,0.21310158,0.013882803,0.8016552,0.01130701,0.010568236,0.016618147,0.16714431,8.682376,null,null,null,null,"TWOGAUSSIANS",8,3.1449826,0.30727673,0.0027721252,0.10677055,0.010390868,0.21310158,0.013882803,0.8016552,0.01130701,0.059182122,0.093061626,0.16714431,8.682376
375316653866487564,4689017355628463104,0.54546344,2203.017076865431,0.7585929745398735,6.7772567E-6,16.710327,0.00628621,0.22165088,0.0016837924,0.0404504,0.007001493,0.14344727,0.013241061,0.7128226,0.0040163,0.02905831,0.004793524,0.03395977,0.017541662,0.05885482,0.0076011936,0.22165088,0.0016837924,"TWOGAUSSIANS_WITH_ELLIPSOIDAL_ON_ECLIPSE1",9,6.6883807,0.22165088,0.0016837924,0.22652225,0.039208364,0.26115677,0.019891877,0.7144826,0.0037670012,0.16272652,0.026843732,0.15137526,0.0064610746
375316653866487564,4689017802304898304,0.42611215,2208.182717151365,0.707419047210538,7.741882E-6,18.297445,0.0031868708,0.25024644,0.02689577,0.01926533,0.03431397,0.011004843,5.5104573E10,0.75585467,0.0044935257,0.0085058715,0.001537314,0.34296316,0.22809751,0.017706895,0.0047529354,0.25024644,0.02689577,"TWOGAUSSIANS_WITH_ELLIPSOIDAL_ON_ECLIPSE1",9,4.799404,0.75585467,0.0044935257,0.04763288,0.008608959,0.37833288,0.22917849,0.25024644,0.02689577,0.10788585,0.19215822,0.046418548,5.5104573E10
375316653866487564,4689018420780180608,0.53141314,2225.4418792705455,2.085761953637431,1.0535905E-5,19.475843,0.018682308,0.26824313,0.0034800079,0.039454214,0.0061466857,0.33633575,0.053305637,0.77495295,0.00366706,0.041587748,0.016392825,0.5190831,0.19760248,0.0705637,0.024174929,0.26824313,0.0034800079,"TWOGAUSSIANS_WITH_ELLIPSOIDAL_ON_ECLIPSE1",9,1.672103,0.77495295,0.00366706,0.2328914,0.09179982,0.6599595,0.23687495,0.26824313,0.0034800079,0.2209436,0.03442144,0.47746283,0.043471266
375316653866487564,4689018558165400064,0.44928023,2220.8697740733473,3.688892697414644,3.537999E-5,19.307524,0.015621025,0.26908115,0.029697668,0.044580135,0.017577976,0.06410016,0.035318375,0.5714347,0.005952208,0.104815304,0.013313642,0.20397925,0.015484276,null,null,null,null,"TWOGAUSSIANS",8,5.233073,0.5714347,0.005952208,0.4,0.0,0.20397289,0.015483461,0.27200115,0.0299154,0.24964876,0.09843667,0.067403235,0.036035314
375316653866487564,4689018592578884480,0.4917502,2198.7710319631847,1.430648135159064,6.67493E-6,17.950773,0.0025724408,0.5612971,2.6585732E-4,0.004246578,2.288211E-4,2.224281,0.8211196,0.8749455,0.071585394,0.0442623,0.043978762,0.039041355,0.027490841,null,null,null,null,"TWOGAUSSIANS",8,4.4552374,0.5612971,2.6585732E-4,0.023780838,0.0012813981,2.224281,0.8211202,0.8749455,0.071585394,0.24786888,0.24628107,0.039041355,0.027490841
375316653866487564,4689018626884825088,0.5125262,2233.8501393880024,3.8389429589899255,2.1465758E-5,18.473476,0.014192389,0.39270008,0.009696984,0.11571466,0.011114979,0.5328021,0.055956572,0.8092713,0.0378008,0.030187337,0.03783689,0.07135625,0.029138016,null,null,null,null,"TWOGAUSSIANS",8,25.265455,0.39270008,0.009696984,0.4,0.0,0.53259224,0.056057196,0.8092713,0.0378008,0.16904908,0.21188658,0.07196525,0.029188653
375316653866487564,4689018695658001664,0.5770223,2201.46656341218,0.5489046923795166,5.6026493E-6,17.3364,0.0023934166,0.23192704,0.0057658353,0.026723202,0.00337911,0.45431924,0.09467975,0.7747185,0.0023290052,0.026998816,0.0012806769,0.394001,0.022682939,null,null,null,null,"TWOGAUSSIANS",8,6.3663964,0.23192704,0.0057658353,0.14964993,0.018923016,0.45431924,0.09467975,0.7747185,0.0023290052,0.15119338,0.007171791,0.394001,0.022682939
375316653866487564,4689019137975309312,0.509201,2213.938196789542,1.7650419473439265,1.3960513E-5,18.930971,0.0048404033,0.17913048,0.0052431365,0.051510766,0.0047309347,0.33743984,0.053135943,0.7084017,0.002403822,0.052322105,0.00491753,0.22510329,0.031567737,null,null,null,null,"TWOGAUSSIANS",8,1.9806789,0.17913048,0.0052431365,0.2884603,0.026493235,0.33743858,0.05313812,0.7084017,0.002403822,0.2930038,0.027538167,0.22510204,0.03156915
375316653866487564,4689019382852743680,0.45674255,2224.717421658473,0.6767206482814823,4.8971833E-6,19.172968,0.0035405015,0.24474128,2.5023059E-5,0.0033133023,9.922086E-5,0.25016615,0.0027763653,0.7501626,0.1613834,0.054580994,0.050772704,0.14637105,0.067720294,null,null,null,null,"TWOGAUSSIANS",8,1.4754131,0.24474128,2.5023059E-5,0.018554494,5.556368E-4,0.25016615,0.0027763653,0.7501626,0.1613834,0.30565357,0.28432715,0.14637105,0.067720294
375316653866487564,4689019412964053248,0.46298245,2219.5122295523333,1.6390897642722635,3.6626116E-5,18.436447,0.006162651,0.20130996,0.014983417,0.053868607,0.013664334,0.19978788,0.05905669,0.70787716,0.006184318,0.040052757,0.004721473,0.18432249,0.018455096,null,null,null,null,"TWOGAUSSIANS",8,9.540596,0.20130996,0.014983417,0.3016642,0.07652027,0.1997877,0.05905684,0.70787716,0.006184318,0.22429544,0.026440248,0.1843223,0.018454973
375316653866487564,4689019760755731200,0.4233704,2218.472340640642,0.8561694544434765,6.751636E-5,17.748577,0.0065202643,0.4550708,0.011053207,0.050725393,0.012136577,0.06133741,0.008664046,0.77222514,0.019120153,0.054330654,0.018263886,0.043924615,0.07410626,null,null,null,null,"TWOGAUSSIANS",8,4.7152085,0.4550708,0.011053207,0.2840622,0.06796483,0.06133741,0.008664076,0.77222514,0.019120153,0.30425167,0.10227776,0.043924615,0.07410626
