Gaia/vari_eclipsing_binary/VariEclipsingBinary_050655-050902.csv
# %ECSV 1.0
# ---
# delimiter: ','
# meta: !!omap
# - RELEASE: Gaia DR3
# - TABLE: vari_eclipsing_binary
# - DESCRIPTION: >
#     This table describes the properties of the eclipsing binaries resulting from the variability analysis. 
# - CITATION: >
#     How to cite and acknowledge Gaia: 
#     https://gea.esac.esa.int/archive/documentation/credits.html 
# - KNOWN_ISSUES: >
#     Known issues: 
#     https://www.cosmos.esa.int/web/gaia-users/known-issues 
# - DOCUMENTATION: >
#     Tutorials and documentation: 
#     https://www.cosmos.esa.int/web/gaia-users/archive 
# datatype:
# - 
#   name: solution_id
#   datatype: int64
#   description: Solution Identifier
#   meta:
#     ucd: meta.version
# - 
#   name: source_id
#   datatype: int64
#   description: Unique source identifier
#   meta:
#     ucd: meta.id;meta.main
# - 
#   name: global_ranking
#   datatype: float32
#   description: Number between 0 (worst) and 1 (best)
#   meta:
#     ucd: stat.param
# - 
#   name: reference_time
#   datatype: float64
#   unit: d
#   description: Reference time used for the geometric model fit
#   meta:
#     ucd: time.epoch
# - 
#   name: frequency
#   datatype: float64
#   unit: d**-1
#   description: Frequency of geometric model of the eclipsing binary light curve
#   meta:
#     ucd: src.orbital
# - 
#   name: frequency_error
#   datatype: float32
#   unit: d**-1
#   description: "Uncertainty of \\texttt{frequency}"
#   meta:
#     ucd: stat.error
# - 
#   name: geom_model_reference_level
#   datatype: float32
#   unit: mag
#   description: Magnitude reference level of geometric model
#   meta:
#     ucd: phot.mag;em.opt
# - 
#   name: geom_model_reference_level_error
#   datatype: float32
#   unit: mag
#   description: "Uncertainty of \\texttt{geomModelReferenceLevel}"
#   meta:
#     ucd: stat.error;phot.mag;em.opt
# - 
#   name: geom_model_gaussian1_phase
#   datatype: float32
#   description: Phase of the Gaussian 1 component
#   meta:
#     ucd: time.phase
# - 
#   name: geom_model_gaussian1_phase_error
#   datatype: float32
#   description: "Uncertainty of \\texttt{geomModelGaussian1Phase}"
#   meta:
#     ucd: stat.error;time.phase
# - 
#   name: geom_model_gaussian1_sigma
#   datatype: float32
#   description: "Standard deviation [phase] of Gaussian 1 component"
#   meta:
#     ucd: stat.stdev
# - 
#   name: geom_model_gaussian1_sigma_error
#   datatype: float32
#   description: "Uncertainty of \\texttt{geomModelGaussian1Sigma}"
#   meta:
#     ucd: stat.error
# - 
#   name: geom_model_gaussian1_depth
#   datatype: float32
#   unit: mag
#   description: Magnitude depth of Gaussian 1 component
#   meta:
#     ucd: src.var.amplitude
# - 
#   name: geom_model_gaussian1_depth_error
#   datatype: float32
#   unit: mag
#   description: "Uncertainty of \\texttt{geomModelGaussian1Depth}"
#   meta:
#     ucd: stat.error;src.var.amplitude
# - 
#   name: geom_model_gaussian2_phase
#   datatype: float32
#   description: Phase of Gaussian 2 component
#   meta:
#     ucd: time.phase
# - 
#   name: geom_model_gaussian2_phase_error
#   datatype: float32
#   description: "Uncertainty of \\texttt{geomModelGaussian2Phase}"
#   meta:
#     ucd: stat.error;time.phase
# - 
#   name: geom_model_gaussian2_sigma
#   datatype: float32
[...]
#   datatype: float32
#   description: "Secondary eclipse: uncertainty of \\texttt{derivedSecondaryEclDuration}"
#   meta:
#     ucd: stat.error;time.duration
# - 
#   name: derived_secondary_ecl_depth
#   datatype: float32
#   unit: mag
#   description: "Secondary eclipse: depth"
#   meta:
#     ucd: src.var.amplitude
# - 
#   name: derived_secondary_ecl_depth_error
#   datatype: float32
#   unit: mag
#   description: "Secondary eclipse: uncertainty of \\texttt{derivedSecondaryEclDepth}"
#   meta:
#     ucd: stat.error;src.var.amplitude
solution_id,source_id,global_ranking,reference_time,frequency,frequency_error,geom_model_reference_level,geom_model_reference_level_error,geom_model_gaussian1_phase,geom_model_gaussian1_phase_error,geom_model_gaussian1_sigma,geom_model_gaussian1_sigma_error,geom_model_gaussian1_depth,geom_model_gaussian1_depth_error,geom_model_gaussian2_phase,geom_model_gaussian2_phase_error,geom_model_gaussian2_sigma,geom_model_gaussian2_sigma_error,geom_model_gaussian2_depth,geom_model_gaussian2_depth_error,geom_model_cosine_half_period_amplitude,geom_model_cosine_half_period_amplitude_error,geom_model_cosine_half_period_phase,geom_model_cosine_half_period_phase_error,model_type,num_model_parameters,reduced_chi2,derived_primary_ecl_phase,derived_primary_ecl_phase_error,derived_primary_ecl_duration,derived_primary_ecl_duration_error,derived_primary_ecl_depth,derived_primary_ecl_depth_error,derived_secondary_ecl_phase,derived_secondary_ecl_phase_error,derived_secondary_ecl_duration,derived_secondary_ecl_duration_error,derived_secondary_ecl_depth,derived_secondary_ecl_depth_error
[from data line 618]
375316653866487564,447073732941058944,0.49267784,2166.9326927271054,0.7280597773355012,6.27386E-5,16.06191,0.0051529845,0.20634249,0.03482384,0.12276219,0.036056716,0.01328636,0.0054788394,0.6727343,0.013476337,0.10819179,0.018929128,0.0626059,0.0047680964,null,null,null,null,"TWOGAUSSIANS",8,7.192408,0.6727343,0.013476337,0.4,0.0,0.05910394,0.007608457,0.20659249,0.035042312,0.4,0.0,0.009779719,0.0025310265
375316653866487564,447076202545023616,0.50668865,2123.374638914161,3.122417031191456,1.749971E-5,19.372578,0.022823708,0.21361716,0.005198589,0.082971,0.0079791825,0.39593574,0.024656434,0.71918523,0.0031824936,0.07516727,0.007025241,0.40384084,0.025639236,null,null,null,null,"TWOGAUSSIANS",8,2.6795459,0.71918523,0.0031824936,0.4,0.0,0.3990245,0.02443939,0.21361716,0.005198589,0.4,0.0,0.3911194,0.022398561
375316653866487564,447076649221636224,0.6246432,2157.5344421665022,0.589999623222098,2.70713E-6,17.162209,0.0026110066,0.29354185,3.3258775E-4,0.030689681,5.0747785E-4,0.46412688,0.0077855173,0.8069538,0.021406244,0.042331956,0.029319277,0.25495338,0.21005677,null,null,null,null,"TWOGAUSSIANS",8,3.9458756,0.29354185,3.3258775E-4,0.17186221,0.002841876,0.46412688,0.0077854763,0.8069538,0.021406244,0.23705895,0.16418795,0.25495338,0.21005751
375316653866487564,447076825317518080,0.47759256,2159.786917462689,4.708573425332554,5.463294E-5,16.846882,0.0029771014,0.44963264,0.010931558,0.16235182,0.01996449,0.059110317,0.0037977549,0.75667715,0.004740492,0.017491665,0.0035427324,0.024552153,0.0021160087,null,null,null,null,"TWOGAUSSIANS",8,3.2600129,0.44963264,0.010931558,0.4,0.0,0.05807966,0.004080766,0.75667715,0.004740492,0.09795333,0.019839302,0.033413168,0.0023703433
375316653866487564,447079677175718656,0.5031934,2142.870387850744,0.9663763255716633,1.46540315E-5,16.84675,0.006540171,0.1208438,0.01831654,0.055727936,0.050088614,0.035526074,0.025727093,0.61482847,0.0032880402,0.028003452,0.0073976326,0.16100506,0.049446415,0.019151183,0.008022136,0.1208438,0.01831654,"TWOGAUSSIANS_WITH_ELLIPSOIDAL_ON_ECLIPSE1",9,11.366295,0.6149185,0.0032041639,0.15681933,0.041426744,0.19925201,0.053293988,0.1208438,0.01831654,0.31207645,0.28049624,0.07382692,0.023812817
375316653866487564,447084831136444544,0.4795886,2124.4550943541217,3.490463777364858,1.9007615E-5,19.544556,0.011706504,0.19192334,0.009837116,0.07419721,0.011615611,0.23588967,0.015387456,0.69209766,0.00399718,0.075470015,0.010707676,0.26712412,0.01644077,null,null,null,null,"TWOGAUSSIANS",8,1.6736363,0.69209766,0.00399718,0.4,0.018489042,0.26523733,0.016935194,0.19192334,0.009837116,0.4,0.027324658,0.23400289,0.01427968
375316653866487564,447084895556687104,0.6557476,2175.191053290852,0.07875850127891704,4.316517E-5,15.961248,0.0011995136,0.052456524,0.008475855,0.013802179,0.005582697,0.01224971,0.0034749638,0.21892312,0.006500659,0.008639634,0.0048138727,0.80604774,4.3618746,0.003569391,0.0014324958,0.21892312,0.006500659,"TWOGAUSSIANS_WITH_ELLIPSOIDAL_ON_ECLIPSE2",9,7.991343,0.21892312,0.006500659,0.04838195,0.026957687,0.8131865,4.363064,0.053066526,0.008823623,0.077292204,0.0312631,0.014054006,0.0032782238
375316653866487564,447085037294854784,0.5006104,2149.974703604897,2.3695318437256634,2.901599E-5,17.09449,0.0060147657,0.26136276,0.0075860885,0.096135,0.013372686,0.07681382,0.0053768395,0.7418777,0.0070904978,0.090250134,0.008943097,0.07162612,0.0070372624,null,null,null,null,"TWOGAUSSIANS",8,2.93932,0.26136276,0.0075860885,0.4,0.0,0.07376101,0.0037013208,0.7418777,0.0070904978,0.4,0.0,0.06857358,0.005051179
375316653866487564,447086171166184960,0.4784021,2128.865454821268,3.568635571283773,2.1746202E-5,19.206205,0.026277458,0.28561184,0.017897978,0.07758514,0.025396883,0.24236953,0.06045163,0.8093562,0.0068044756,0.083287776,0.014298746,0.19714011,0.02490367,null,null,null,null,"TWOGAUSSIANS",8,4.9529333,0.28561184,0.017897978,0.4,0.06510861,0.24019767,0.0606012,0.8093562,0.0068044756,0.4,0.0,0.19496824,0.021232286
375316653866487564,447086411684326656,0.5911264,2162.139962458249,3.5542917363364825,3.5833664E-6,17.693838,0.009938191,0.22781713,0.0012315875,0.055395093,0.0050216834,0.24769378,0.021561781,0.72830456,0.0042811465,0.05145131,0.006587447,0.21068095,0.024971686,0.10060646,0.013514027,0.22781713,0.0012315875,"TWOGAUSSIANS_WITH_ELLIPSOIDAL_ON_ECLIPSE1",9,5.9139276,0.22781713,0.0012315875,0.31021252,0.028121427,0.44889536,0.020556146,0.72830456,0.004206255,0.28812733,0.036889702,0.41188067,0.018310754
375316653866487564,447087442476461824,0.57913804,2159.4985951016374,2.694411658229768,7.458648E-6,15.802086,0.004549327,0.26941442,0.0021221624,0.03989056,0.009434706,0.09374708,0.1495655,0.7644365,0.008748955,0.03253242,0.008064851,0.10194523,0.017265102,0.1081719,0.007738908,0.26941442,0.0021221624,"TWOGAUSSIANS_WITH_ELLIPSOIDAL_ON_ECLIPSE1",9,35.345257,0.7651865,0.007793735,0.18218157,0.045163166,0.3181092,0.015472587,0.26941442,0.0021221624,0.22338714,0.05283435,0.31009078,0.14973257
375316653866487564,447093416771671424,0.4835759,2155.498777956498,0.7094981932610023,4.189144E-5,18.876005,0.0027230817,0.15479594,0.013578259,0.021131175,0.009175819,0.03458551,0.022466067,0.73291713,0.017642932,0.014378409,0.014714367,0.821535,0.7712234,null,null,null,null,"TWOGAUSSIANS",8,1.4398426,0.73291713,0.017642932,0.08051909,0.08240045,0.821535,0.7712234,0.15479594,0.013578259,0.118334584,0.051384587,0.03458551,0.022466067
375316653866487564,447095134758919296,0.55600005,2148.213906803779,0.2754644706138806,9.152761E-5,18.601738,0.004368862,0.14063126,0.0168525,0.058118083,0.042235296,0.02369804,0.009990654,0.48442096,0.010940081,0.040334653,0.003197129,1.2513689,0.4145273,null,null,null,null,"TWOGAUSSIANS",8,1.1828856,0.48442096,0.010940081,0.22587405,0.01790392,1.2513689,0.4145273,0.14063126,0.0168525,0.32546127,0.23651765,0.02369804,0.009990656
375316653866487564,447097505580857088,0.4990161,2119.1367944045533,4.119624890475942,4.690087E-5,17.988583,0.0021704799,0.22030154,0.018219749,0.015483589,0.013794947,0.42315945,0.38648084,0.5800709,0.008039419,0.032660574,0.0058455737,0.14555903,0.07852746,null,null,null,null,"TWOGAUSSIANS",8,3.5087104,0.22030154,0.018219749,0.0867081,0.0772517,0.42315945,0.38648084,0.5800709,0.008039419,0.1828992,0.032735214,0.14555903,0.07852746
375316653866487564,447099296586583168,0.6483352,2141.9226883109236,2.5716652235154585,7.0082606E-6,16.292479,0.0093429405,0.23592545,0.002632143,0.050490625,0.004770244,0.2855843,0.020307435,0.7346065,0.0054972167,0.049383804,0.006801841,0.2655788,0.040168077,0.10106257,0.010488233,0.23592545,0.002632143,"TWOGAUSSIANS_WITH_ELLIPSOIDAL_ON_ECLIPSE1",9,13.868519,0.23592545,0.002632143,0.2827475,0.026713366,0.48770744,0.008845869,0.7347765,0.0051857345,0.2765493,0.038090307,0.4676898,0.04461323
375316653866487564,447106512125907456,0.47754776,2119.48929851753,2.4166837841474496,3.5378544E-5,19.514915,0.01293245,0.4779036,0.0015596037,0.034540884,0.005127555,1.0855055,0.4347463,0.8470684,0.090886876,0.027291156,0.05884639,0.07644446,0.05670866,null,null,null,null,"TWOGAUSSIANS",8,4.8942447,0.4779036,0.0015561495,0.19342896,0.028714309,1.0855055,0.43476817,0.8470684,0.090886876,0.15283048,0.25034568,0.07644446,0.05670866
375316653866487564,447107435545466112,0.57928807,2170.84626312544,2.9260401564343677,1.2253492E-5,17.229773,0.011791331,0.30427268,0.0022536449,0.08818654,0.0041018054,0.43036216,0.013108645,0.8086242,0.002379525,0.09480092,0.004594596,0.38850924,0.014220046,null,null,null,null,"TWOGAUSSIANS",8,10.26428,0.30427268,0.0022536449,0.4,0.0,0.41209394,0.011647108,0.8086242,0.002379525,0.4,0.0,0.3702404,0.013362778
375316653866487564,447109428410480640,0.5304359,2171.5768376571245,2.506836262254135,1.101449E-5,18.269037,0.019595696,0.22230358,0.0045340843,0.102487154,0.011979403,0.24726792,0.0165339,0.7259459,0.004898598,0.10518789,0.011642157,0.24204828,0.0176293,null,null,null,null,"TWOGAUSSIANS",8,2.7759542,0.22230358,0.0045340843,0.4,0.0,0.22143096,0.015358008,0.7259459,0.004898598,0.4,0.0,0.21620865,0.0118306
375316653866487564,447109497129976320,0.46804535,2134.4243613736444,4.595294573747711,3.8508897E-5,19.28281,0.073160596,0.2673404,0.011460447,0.11145648,0.037310556,0.22916465,0.06347562,0.7275791,0.011345561,0.117506735,0.034794606,0.2282588,0.068003275,null,null,null,null,"TWOGAUSSIANS",8,3.4740453,0.2675204,0.011287068,0.4,0.0,0.20087662,0.020942388,0.7275791,0.011345561,0.4,0.0,0.19990532,0.027522923
375316653866487564,447112353281243264,0.6022551,2174.901974928931,3.0132933451212485,8.537759E-6,19.487032,0.010562925,0.28836134,0.0025141095,0.043428224,0.0028872052,0.49324632,0.05097053,0.79383135,0.0023177261,0.04391319,0.0029267052,0.5596784,0.0345409,0.12960716,0.016654652,0.28836134,0.0025141095,"TWOGAUSSIANS_WITH_ELLIPSOIDAL_ON_ECLIPSE1",9,1.7942976,0.79383135,0.0023177261,0.24591385,0.016389549,0.81858623,0.030123608,0.28836134,0.0025141095,0.24319805,0.016168348,0.75246024,0.04501782
375316653866487564,447114238773796864,0.41353074,2148.5161320168277,0.18077049216677013,4.0501567E-5,18.221058,0.01093155,0.22198118,0.008376682,0.046033617,0.012067158,0.22067216,0.14846355,0.90747154,0.01578839,0.030648751,0.022249104,0.05221256,0.007648275,0.021421913,0.011597863,0.22198118,0.008376682,"TWOGAUSSIANS_WITH_ELLIPSOIDAL_ON_ECLIPSE1",9,9.769166,0.22198118,0.008376682,0.25778824,0.06757608,0.2635155,0.14898549,0.90747154,0.01578839,0.171633,0.12459499,0.05887373,0.009129144
375316653866487564,447117438527926912,0.43681857,2145.377401131325,4.817519240699147,1.1357992E-5,16.515024,0.041916102,0.101614855,0.0039733127,0.014226677,0.0030829785,0.11325137,0.021455828,0.5855931,0.01918319,0.21895535,0.078204595,0.101661265,0.03834223,null,null,null,null,"TWOGAUSSIANS",8,29.387548,0.10165485,0.003977694,0.079669386,0.017264681,0.112430446,0.021644806,0.5855931,0.01918319,0.4,0.0,0.08568588,0.009238985
375316653866487564,447117644686372352,0.6042983,2153.441988769571,0.5972881333215132,8.996193E-6,16.514147,0.0027046707,0.32724038,0.004561396,0.03556469,0.006144717,0.20017408,0.022970768,0.827095,0.004943709,0.030775823,0.00251862,0.2765274,0.023028627,0.013662744,0.0045794444,0.32724038,0.004561396,"TWOGAUSSIANS_WITH_ELLIPSOIDAL_ON_ECLIPSE1",9,7.1549563,0.827095,0.004895958,0.17234461,0.014104272,0.30385286,0.016445497,0.32724038,0.004561396,0.19916227,0.034410413,0.22749954,0.024173578
375316653866487564,447117674747915392,0.5913029,2109.9806288856007,3.016140290099274,4.081249E-6,18.99019,0.010922503,0.20341808,0.0010797394,0.04095618,0.0026550794,0.4145298,0.024441382,0.7019088,0.0063117985,0.043644045,0.0065110736,0.38187513,0.12574744,0.13282058,0.019276025,0.20341808,0.0010797394,"TWOGAUSSIANS_WITH_ELLIPSOIDAL_ON_ECLIPSE1",9,2.497972,0.20341808,0.0010797394,0.2293546,0.014868444,0.6801709,0.016490981,0.70204884,0.0059989365,0.24440664,0.036462013,0.64749455,0.1264368
375316653866487564,447122863068512768,0.47334254,2180.823213926205,3.1110430225249814,1.3838175E-5,18.527683,0.0037844207,null,null,null,null,null,null,null,null,null,null,null,null,0.10010887,0.0071770377,0.20708759,0.0047795777,"ELLIPSOIDAL",4,6.3108664,null,null,null,null,null,null,null,null,null,null,null,null
375316653866487564,447131865319693824,0.4789837,2155.1555359125673,3.778111438221204,2.3844545E-5,19.268175,0.054580647,0.21630582,0.013329393,0.0954467,0.031196047,0.18750387,0.049937673,0.70464385,0.0058385013,0.09566848,0.02481646,0.1938589,0.049397036,null,null,null,null,"TWOGAUSSIANS",8,1.7215137,0.70464385,0.0058385013,0.4,0.0,0.1832699,0.019376352,0.21630582,0.013358089,0.4,0.0,0.17691492,0.017791389
375316653866487564,447134446598477056,0.5053374,2162.128340809753,2.614316079814343,2.0506975E-5,16.821405,0.68603265,0.27243754,0.004297959,0.14562874,0.04175475,0.5460984,0.45655572,0.7698683,0.0069026556,0.23093809,0.14247857,0.65185106,0.67587686,null,null,null,null,"TWOGAUSSIANS",8,12.756505,0.27373755,0.0038559905,0.4,0.0,0.18533179,0.014817776,0.7698683,0.0069026556,0.4,0.0,0.16905949,0.01168501
375316653866487564,447135473092460160,0.5536689,2138.6328187115296,2.66295582599241,2.2738674E-5,18.976164,0.016663944,0.28530473,0.0067932387,0.075248264,0.009487296,0.48246047,0.019525617,0.77627915,0.004075853,0.07103998,0.004880972,0.54376286,0.017333291,null,null,null,null,"TWOGAUSSIANS",8,5.409249,0.77627915,0.004075853,0.3978239,0.019580005,0.54136217,0.015888667,0.28530473,0.0067932387,0.4,0.00528919,0.48005977,0.0191887
375316653866487564,447140695772472960,0.515585,2130.693275105626,3.9762006890557995,1.5346217E-5,19.41332,0.01458996,0.32772487,0.0050299913,0.07854914,0.0077815857,0.41663644,0.017501626,0.8319947,0.009929861,0.08847601,0.00877798,0.29475015,0.027600108,null,null,null,null,"TWOGAUSSIANS",8,2.0412142,0.32772487,0.0050299913,0.4,0.0,0.4093971,0.017070958,0.8319947,0.009929861,0.4,0.0,0.28751075,0.025038598
375316653866487564,447141524704427392,0.5187557,2177.9382010067907,0.3858406169230239,1.19852675E-5,17.315357,0.0026569758,0.37679446,0.009506136,0.0088771265,0.005757038,0.3531316,0.10293439,0.6684177,0.0012855678,0.008982814,8.707996E-4,0.51326084,0.07549346,0.002358816,0.0038444558,0.37679446,0.009506136,"TWOGAUSSIANS_WITH_ELLIPSOIDAL_ON_ECLIPSE1",9,10.910364,0.6684177,0.0012855678,0.050303757,0.0048764776,0.51357615,0.07539687,0.37679446,0.009506136,0.04971191,0.032239415,0.3578492,0.102466136
375316653866487564,447149285705420800,0.5637623,2156.244091126589,2.701918764718141,9.314279E-6,17.962587,0.03924967,0.30980828,0.0050109536,0.1103497,0.016307471,0.22383688,0.03884844,0.808074,0.002092946,0.10854284,0.014955693,0.22088498,0.03704186,null,null,null,null,"TWOGAUSSIANS",8,1.9116148,0.30980828,0.0050265063,0.4,0.0,0.1916958,0.010486661,0.808074,0.002092946,0.4,0.0,0.18874858,0.008327887
375316653866487564,447152103206098304,0.5682802,2167.2417122534857,0.9635177266900785,1.0126747E-5,17.521559,0.0015968649,0.2738659,6.0720975E-4,0.029907318,7.2170387E-4,0.43452826,0.017121188,0.7689096,5.1130087E-4,0.027120499,6.9463684E-4,0.42554235,0.009034698,null,null,null,null,"TWOGAUSSIANS",8,2.35129,0.2738659,6.0720975E-4,0.16748099,0.004041542,0.43452826,0.017121188,0.7689096,5.1130087E-4,0.1518748,0.0038899663,0.42554235,0.009034698
375316653866487564,447153447533391872,0.6911019,2171.1907832066017,1.1202491609403904,3.3375331E-6,17.2396,0.004330189,0.2243765,0.001092843,0.04296489,0.0019699833,0.34448785,0.012856498,0.72590107,0.0012795152,0.043158494,0.0019970469,0.51873344,0.024493603,0.10080052,0.0058035003,0.2243765,0.001092843,"TWOGAUSSIANS_WITH_ELLIPSOIDAL_ON_ECLIPSE1",9,2.4623306,0.72590107,0.0012795152,0.24168758,0.011183462,0.7203159,0.028508307,0.2243765,0.001092843,0.24060339,0.011031906,0.54608876,0.010575428
375316653866487564,447155783995650816,0.56128246,2164.991666022149,1.0113994262128208,1.3354405E-5,15.461962,0.0133686075,0.2439768,0.006928861,0.044624828,0.016176127,0.11581869,0.023729753,0.7352854,0.004291639,0.04645255,0.010382034,0.12774488,0.0846241,0.089571215,0.016342267,0.7352854,0.004291639,"TWOGAUSSIANS_WITH_ELLIPSOIDAL_ON_ECLIPSE2",9,32.026928,0.7352854,0.004291639,0.26013428,0.058139388,0.3068869,0.078491114,0.2422768,0.0058432566,0.24989904,0.09058631,0.29453123,0.01325919
375316653866487564,447158223537419392,0.45925424,2154.798052287124,0.10104680392221407,1.0748504E-6,17.773365,0.0035087478,0.4151827,5.8317464E-4,0.0020522673,2.1216445E-4,0.32985514,0.05152973,0.5890449,9.50293E-5,0.015940564,1.3901989E-4,0.34435153,0.0039325804,null,null,null,null,"TWOGAUSSIANS",8,12.993709,0.5890449,9.50293E-5,0.08926716,7.785114E-4,0.34435153,0.0039325804,0.4151827,5.8317464E-4,0.0114926975,0.0011881209,0.32985514,0.05152973
