Gaia/vari_eclipsing_binary/VariEclipsingBinary_463647-463668.csv
# %ECSV 1.0
# ---
# delimiter: ','
# meta: !!omap
# - RELEASE: Gaia DR3
# - TABLE: vari_eclipsing_binary
# - DESCRIPTION: >
#     This table describes the properties of the eclipsing binaries resulting from the variability analysis. 
# - CITATION: >
#     How to cite and acknowledge Gaia: 
#     https://gea.esac.esa.int/archive/documentation/credits.html 
# - KNOWN_ISSUES: >
#     Known issues: 
#     https://www.cosmos.esa.int/web/gaia-users/known-issues 
# - DOCUMENTATION: >
#     Tutorials and documentation: 
#     https://www.cosmos.esa.int/web/gaia-users/archive 
# datatype:
# - 
#   name: solution_id
#   datatype: int64
#   description: Solution Identifier
#   meta:
#     ucd: meta.version
# - 
#   name: source_id
#   datatype: int64
#   description: Unique source identifier
#   meta:
#     ucd: meta.id;meta.main
# - 
#   name: global_ranking
#   datatype: float32
#   description: Number between 0 (worst) and 1 (best)
#   meta:
#     ucd: stat.param
# - 
#   name: reference_time
#   datatype: float64
#   unit: d
#   description: Reference time used for the geometric model fit
#   meta:
#     ucd: time.epoch
# - 
#   name: frequency
#   datatype: float64
#   unit: d**-1
#   description: Frequency of geometric model of the eclipsing binary light curve
#   meta:
#     ucd: src.orbital
# - 
#   name: frequency_error
#   datatype: float32
#   unit: d**-1
#   description: "Uncertainty of \\texttt{frequency}"
#   meta:
#     ucd: stat.error
# - 
#   name: geom_model_reference_level
#   datatype: float32
#   unit: mag
#   description: Magnitude reference level of geometric model
#   meta:
#     ucd: phot.mag;em.opt
# - 
#   name: geom_model_reference_level_error
#   datatype: float32
#   unit: mag
#   description: "Uncertainty of \\texttt{geomModelReferenceLevel}"
#   meta:
#     ucd: stat.error;phot.mag;em.opt
# - 
#   name: geom_model_gaussian1_phase
#   datatype: float32
#   description: Phase of the Gaussian 1 component
#   meta:
#     ucd: time.phase
# - 
#   name: geom_model_gaussian1_phase_error
#   datatype: float32
#   description: "Uncertainty of \\texttt{geomModelGaussian1Phase}"
#   meta:
#     ucd: stat.error;time.phase
# - 
#   name: geom_model_gaussian1_sigma
#   datatype: float32
#   description: "Standard deviation [phase] of Gaussian 1 component"
#   meta:
#     ucd: stat.stdev
# - 
#   name: geom_model_gaussian1_sigma_error
#   datatype: float32
#   description: "Uncertainty of \\texttt{geomModelGaussian1Sigma}"
#   meta:
#     ucd: stat.error
# - 
#   name: geom_model_gaussian1_depth
#   datatype: float32
#   unit: mag
#   description: Magnitude depth of Gaussian 1 component
#   meta:
#     ucd: src.var.amplitude
# - 
#   name: geom_model_gaussian1_depth_error
#   datatype: float32
#   unit: mag
#   description: "Uncertainty of \\texttt{geomModelGaussian1Depth}"
#   meta:
#     ucd: stat.error;src.var.amplitude
# - 
#   name: geom_model_gaussian2_phase
#   datatype: float32
#   description: Phase of Gaussian 2 component
#   meta:
#     ucd: time.phase
# - 
#   name: geom_model_gaussian2_phase_error
#   datatype: float32
#   description: "Uncertainty of \\texttt{geomModelGaussian2Phase}"
#   meta:
#     ucd: stat.error;time.phase
# - 
#   name: geom_model_gaussian2_sigma
#   datatype: float32
[...]
#   datatype: float32
#   description: "Secondary eclipse: uncertainty of \\texttt{derivedSecondaryEclDuration}"
#   meta:
#     ucd: stat.error;time.duration
# - 
#   name: derived_secondary_ecl_depth
#   datatype: float32
#   unit: mag
#   description: "Secondary eclipse: depth"
#   meta:
#     ucd: src.var.amplitude
# - 
#   name: derived_secondary_ecl_depth_error
#   datatype: float32
#   unit: mag
#   description: "Secondary eclipse: uncertainty of \\texttt{derivedSecondaryEclDepth}"
#   meta:
#     ucd: stat.error;src.var.amplitude
solution_id,source_id,global_ranking,reference_time,frequency,frequency_error,geom_model_reference_level,geom_model_reference_level_error,geom_model_gaussian1_phase,geom_model_gaussian1_phase_error,geom_model_gaussian1_sigma,geom_model_gaussian1_sigma_error,geom_model_gaussian1_depth,geom_model_gaussian1_depth_error,geom_model_gaussian2_phase,geom_model_gaussian2_phase_error,geom_model_gaussian2_sigma,geom_model_gaussian2_sigma_error,geom_model_gaussian2_depth,geom_model_gaussian2_depth_error,geom_model_cosine_half_period_amplitude,geom_model_cosine_half_period_amplitude_error,geom_model_cosine_half_period_phase,geom_model_cosine_half_period_phase_error,model_type,num_model_parameters,reduced_chi2,derived_primary_ecl_phase,derived_primary_ecl_phase_error,derived_primary_ecl_duration,derived_primary_ecl_duration_error,derived_primary_ecl_depth,derived_primary_ecl_depth_error,derived_secondary_ecl_phase,derived_secondary_ecl_phase_error,derived_secondary_ecl_duration,derived_secondary_ecl_duration_error,derived_secondary_ecl_depth,derived_secondary_ecl_depth_error
[from data line 264]
375316653866487564,4078367461054589696,0.572273,2225.311476142745,1.1395029150013778,1.97032E-5,17.119745,0.12365091,0.24361205,0.003928606,0.26540342,0.08929311,0.23605746,0.121271536,0.739581,0.0033286498,0.1099008,0.0103636095,0.24923988,0.045490343,null,null,null,null,"TWOGAUSSIANS",8,2.0605226,0.739581,0.0033286498,0.4,0.0,0.15743865,0.0024612863,0.24364205,0.003941484,0.4,0.0,0.064590186,0.0038607765
375316653866487564,4078367525421995648,0.4885702,2129.533107426722,2.4801281212582325,2.2705663E-5,18.347563,0.004044099,null,null,null,null,null,null,null,null,null,null,null,null,0.07719857,0.0054987785,0.27798593,0.006916522,"ELLIPSOIDAL",4,3.3490994,null,null,null,null,null,null,null,null,null,null,null,null
375316653866487564,4078367529741935232,0.48769808,2217.8655732572,0.33435547859080683,3.623122E-5,17.485506,0.0043956754,0.26624462,0.006717105,0.036830876,0.0059303134,0.112806305,0.011984052,0.7634489,0.016252063,0.07025678,0.014128024,0.11149895,0.040145334,null,null,null,null,"TWOGAUSSIANS",8,2.039159,0.26624462,0.006717105,0.2062529,0.033209756,0.11280283,0.011987584,0.7634489,0.016252063,0.39343795,0.036872286,0.11149548,0.040155478
375316653866487564,4078367598461534336,0.49933177,2159.9457072230293,0.41078627526232225,1.0860526E-5,18.795559,0.16059755,0.21737897,0.009912953,0.14007612,0.058494538,0.17573595,0.110321686,0.70241666,0.0045732236,0.2083543,0.0610281,0.3037124,0.15630126,null,null,null,null,"TWOGAUSSIANS",8,1.2438391,0.70241666,0.0045732236,0.4,0.0,0.14279181,0.010488822,0.22817898,0.008999365,0.4,0.0,0.04900482,0.019259784
375316653866487564,4078367804620171520,0.5318153,2189.44656321555,0.20525721815872733,8.790859E-5,18.83151,0.010937154,0.32384437,0.015685914,0.06285823,0.012993535,0.1375961,0.053032994,0.74038315,0.016491327,0.107228145,0.023640051,0.12820081,0.013253205,null,null,null,null,"TWOGAUSSIANS",8,1.7412575,0.32391438,0.015662225,0.35200608,0.07276379,0.13695864,0.053372297,0.74038315,0.016491327,0.4,0.0,0.12749544,0.012452897
375316653866487564,4078367972098542464,0.55747837,2127.343212912184,1.2052569803256206,1.2779438E-4,17.91803,0.0056024445,0.27000174,0.0068244673,0.04399336,0.010788871,0.5352993,0.10392041,0.57050407,0.001188993,0.0097705,0.0014311639,0.09069355,0.0021764736,null,null,null,null,"TWOGAUSSIANS",8,8.175792,0.27000174,0.0068244673,0.24636282,0.06041768,0.5352993,0.10392041,0.57050407,0.001188993,0.054714795,0.008014518,0.09069355,0.0021764897
375316653866487564,4078368113856732672,0.49625903,2156.8241365385547,0.4158464087293531,1.0332377E-4,19.25246,0.019483428,0.7196107,0.16051789,0.071017064,0.031919416,0.17300722,0.08624929,0.4609039,0.023899665,0.11393944,0.024906086,0.21027794,0.022371162,null,null,null,null,"TWOGAUSSIANS",8,2.1149876,0.46165392,0.021091929,0.4,0.0,0.21038404,0.021215145,0.7084407,0.17007147,0.39769557,0.105068475,0.1906106,0.10209039
375316653866487564,4078368212614147200,0.60457414,2214.8240242352117,1.6551778187531407,1.0358079E-5,17.115076,0.008490934,0.1956197,0.0054022856,0.07200352,0.009750433,0.2316881,0.022938475,0.69355416,0.0015764753,0.09399439,0.0039048367,0.3941865,0.012009723,null,null,null,null,"TWOGAUSSIANS",8,5.823754,0.69355416,0.0015764753,0.4,0.0,0.38779026,0.011980309,0.1956197,0.0054022856,0.4,0.008585385,0.22529241,0.026247736
375316653866487564,4078368388735144320,0.56773466,2238.761391440411,2.6668609589168724,1.034683E-5,19.552315,0.025261832,0.32826215,0.0068734833,0.09315761,0.009985433,0.5485749,0.042309675,0.82229674,0.0071121296,0.08655778,0.0069796797,0.5413471,0.045373198,null,null,null,null,"TWOGAUSSIANS",8,1.0047863,0.32826215,0.0068734833,0.4,0.0,0.5278739,0.041012406,0.82229674,0.0071121296,0.4,0.0,0.52064663,0.040249266
375316653866487564,4078368663612624384,0.47986722,2171.942269628343,0.4155110440738424,5.9675513E-5,19.456762,0.5057916,0.23869997,0.01829426,0.20763434,0.111747645,0.43506858,0.4912536,0.6624133,0.020618495,0.08473603,0.024570625,0.1872511,0.11043255,null,null,null,null,"TWOGAUSSIANS",8,2.1581662,0.23869997,0.01827176,0.4,0.0,0.33886033,0.06853063,0.6624133,0.020618495,0.4,0.03587499,0.15451235,0.077144206
375316653866487564,4078368831092147200,0.50476074,2154.7411970097587,4.531721716066627,3.4774257E-5,17.716814,0.010970167,0.28692248,0.006785964,0.06965792,0.008379461,0.20980033,0.012776108,0.8183051,0.004527194,0.06665747,0.011502373,0.09575763,0.010361641,null,null,null,null,"TWOGAUSSIANS",8,5.670871,0.28692248,0.006785964,0.39008436,0.034441996,0.20965765,0.01281022,0.8183051,0.004527194,0.37328184,0.05109025,0.095614955,0.010261455
375316653866487564,4078368904131011968,0.50752056,2202.9794928212464,0.20785100583477287,3.0879834E-5,19.301842,0.08154103,0.1921045,0.012139068,0.10280538,0.039939526,0.27541208,0.07184665,0.71607727,0.028589401,0.10689273,0.032791708,0.3120938,0.093380295,null,null,null,null,"TWOGAUSSIANS",8,1.1888996,0.7160873,0.028577514,0.4,0.0,0.2862309,0.06662461,0.19208449,0.012059749,0.4,0.0,0.24955977,0.060627043
375316653866487564,4078369075930262528,0.43876916,2124.165723861026,1.5694784417384249,9.434604E-5,18.542826,0.01859123,0.4194151,0.11559835,0.080330774,0.042342357,0.10304493,0.04169434,0.19512786,0.06695834,0.074794546,0.044706956,0.06483684,0.022164345,null,null,null,null,"TWOGAUSSIANS",8,3.8009884,0.4174651,0.116072804,0.4,0.13180056,0.10379556,0.04213404,0.20311786,0.06029266,0.4,0.1564239,0.06721338,0.024195982
375316653866487564,4078369105967500160,0.5706493,2165.771768589634,2.752422415068845,1.8430339E-5,16.47972,0.010216284,0.25079212,0.0058072456,0.049218465,0.013992844,0.17284276,0.030005598,0.73688793,0.022763597,0.028387457,0.018020272,0.116673596,25.255693,0.07113509,0.012826432,0.25079212,0.0058072456,"TWOGAUSSIANS_WITH_ELLIPSOIDAL_ON_ECLIPSE1",9,28.086636,0.25079212,0.0058072456,0.2756234,0.07835993,0.31511226,0.033969495,0.7378879,0.023726664,0.15896976,0.10091353,0.25793752,25.24898
375316653866487564,4078369247729050880,0.5189946,2121.138371126319,0.2052017365051208,7.742805E-5,18.822916,0.004447023,0.32429487,0.04098973,0.054174557,0.015376716,0.18283227,0.035473388,0.72714156,0.012625871,0.11106352,0.010047459,0.1763222,0.012146795,null,null,null,null,"TWOGAUSSIANS",8,1.0620404,0.3244249,0.04105415,0.30337754,0.08610961,0.18259038,0.03618798,0.72714156,0.012625871,0.4,0.0,0.17583457,0.012213836
375316653866487564,4078369350840261888,0.53427535,2075.480266868596,2.6117663111747746,3.7250633E-5,18.024252,0.071917325,0.30313602,0.014632707,0.11832737,0.017265275,0.268211,0.08216472,0.7922978,0.009932403,0.105264656,0.030328497,0.22439925,0.064768545,null,null,null,null,"TWOGAUSSIANS",8,5.159357,0.30314603,0.014647192,0.4,0.0,0.23201084,0.01931562,0.7922978,0.009927904,0.4,0.0,0.188269,0.021792373
375316653866487564,4078369655725921664,0.5103962,2194.143760470861,0.20527085062413622,7.834672E-5,18.90876,0.06916361,0.3074423,0.017113447,0.057158336,0.016544025,0.19886734,0.055388708,0.7700592,0.01930969,0.14672324,0.05756406,0.19051316,0.06511143,null,null,null,null,"TWOGAUSSIANS",8,3.2420099,0.3078223,0.017018294,0.3200867,0.09264655,0.18975073,0.034169503,0.7700592,0.01930969,0.4,0.0,0.17983761,0.029116657
375316653866487564,4078369694405456768,0.4615856,2178.579495188377,2.208692425371669,8.0141726E-5,17.602648,0.005590922,0.35565433,0.029581897,0.080802776,0.032117672,0.10291516,0.035261635,0.71708024,0.029603202,0.08637492,0.019502921,0.058049064,0.014930392,null,null,null,null,"TWOGAUSSIANS",8,5.141568,0.35568434,0.029591784,0.4,0.12128862,0.10282081,0.035406355,0.71708024,0.029603202,0.4,0.0,0.057950206,0.014886086
375316653866487564,4078369900564394496,0.5292844,2095.100398161959,0.14780975856489667,1.0294652E-4,19.090324,0.1067259,0.26338807,0.035304856,0.12229304,0.06467715,0.40371662,0.08487612,0.737134,0.0030074974,0.07190576,0.016169647,0.5358059,0.09436169,null,null,null,null,"TWOGAUSSIANS",8,3.370279,0.737134,0.0030074974,0.4,0.06828118,0.5142814,0.05515866,0.26338807,0.035304856,0.4,0.0,0.38193116,0.07339994
375316653866487564,4078370205507141888,0.46421945,2156.879949002789,2.5199695669173185,3.7299327E-5,18.903181,0.3557526,0.18911326,0.020802036,0.15903151,0.16133156,0.23788868,0.33483317,0.69826186,0.033647858,0.112310424,0.07092977,0.28562343,0.25796264,null,null,null,null,"TWOGAUSSIANS",8,5.1293445,0.6987719,0.03296882,0.4,0.08979261,0.20323953,0.053058866,0.18907326,0.020727674,0.4,0.10567214,0.15208657,0.0408213
375316653866487564,4078371103158989824,0.63777226,2233.821017958599,3.2886012362279033,1.5466194E-5,17.70219,0.0050921305,0.22253135,0.0027042443,0.0761822,0.0024392654,0.4030794,0.005827508,0.7167555,0.004260121,0.07306807,0.00297829,0.46239224,0.015744265,null,null,null,null,"TWOGAUSSIANS",8,2.8271306,0.7167555,0.004260121,0.4,0.0,0.45962688,0.015320875,0.22253135,0.0027042443,0.4,0.0,0.40031403,0.0051842434
375316653866487564,4078371579896707584,0.5873058,2126.504707496648,2.767052083765732,1.8100169E-5,18.529686,0.008333223,0.35046133,0.0031292266,0.07508984,0.0048209815,0.39247686,0.016541697,0.85021436,0.008177538,0.07633739,0.006538313,0.35258508,0.029265705,null,null,null,null,"TWOGAUSSIANS",8,1.7041336,0.35046133,0.0031292266,0.4,0.0,0.38930374,0.01712035,0.85021436,0.008177538,0.4,0.0,0.34941196,0.028909292
375316653866487564,4078372129652673664,0.5191238,2199.9535365245542,0.7590979930982602,4.2782878E-5,19.261057,0.013641531,0.40589547,0.004431742,0.029523214,0.0038980339,0.29373723,0.02404168,0.89411277,0.0065286853,0.028442804,0.004327548,0.37180144,0.015965182,null,null,null,null,"TWOGAUSSIANS",8,3.8446536,0.89411277,0.0065286853,0.1592797,0.02423427,0.37180144,0.015965182,0.40589547,0.004431742,0.16533,0.021828989,0.29373723,0.02404168
375316653866487564,4078372168339071104,0.5702403,2239.7002171181252,2.1870674146645572,3.564519E-5,17.830334,0.026306199,0.20943171,0.005608375,0.035867788,0.008202565,0.37823895,0.06361568,0.72052944,0.0051746005,0.04997842,0.02120258,0.3020816,4.0882187,0.15470459,0.03752939,0.20943171,0.005608375,"TWOGAUSSIANS_WITH_ELLIPSOIDAL_ON_ECLIPSE1",9,22.453281,0.20943171,0.005608375,0.20085962,0.045934364,0.68764776,0.024746135,0.72052944,0.0051746005,0.27987915,0.11873444,0.60998845,4.082712
375316653866487564,4078372271418490752,0.53330225,2203.6672123916896,2.435408324780434,2.776133E-5,15.4659815,0.0053678425,0.209378,0.0061742617,0.035026796,0.0076339035,0.030349765,0.009099724,0.7994337,0.008157488,0.0599473,0.021645349,0.048432067,0.009499524,0.03767732,0.005331969,0.7994337,0.008157488,"TWOGAUSSIANS_WITH_ELLIPSOIDAL_ON_ECLIPSE2",9,37.61045,0.7994337,0.008157488,0.3357049,0.09884377,0.12377851,0.0074751726,0.226488,0.002136135,0.19615006,0.04274986,0.08753117,0.005181698
375316653866487564,4078372477576815872,0.5880693,2253.8186864552313,1.3849464969470435,6.219682E-6,16.562635,0.0023138982,0.32729748,0.0028298898,0.04617234,0.0033649541,0.15109056,0.01030287,0.8256204,0.0035247204,0.042581752,0.0024489923,0.21413876,0.013215424,null,null,null,null,"TWOGAUSSIANS",8,3.764374,0.8256204,0.0035247204,0.23845781,0.013714357,0.21413872,0.013215445,0.32729748,0.0028298898,0.2585651,0.018843742,0.15109053,0.010302908
375316653866487564,4078372679408763904,0.43671545,2181.9366646075982,0.8058591440413674,4.1055657E-5,18.522953,0.058597133,0.2024306,0.01822733,0.103140056,0.025316117,0.27823007,0.057723325,0.66838,0.023791801,0.1034517,0.024355171,0.3116686,0.084312685,null,null,null,null,"TWOGAUSSIANS",8,5.2114544,0.66838,0.023791801,0.4,0.0,0.2908374,0.06317741,0.2024506,0.018220361,0.4,0.0,0.25740093,0.038041122
375316653866487564,4078373027304136960,0.5011527,2297.019308836024,0.22383494505527865,3.450019E-5,18.882723,0.004378917,null,null,null,null,null,null,null,null,null,null,null,null,0.069438316,0.0041861665,0.21936826,0.008081079,"ELLIPSOIDAL",4,1.2334933,null,null,null,null,null,null,null,null,null,null,null,null
375316653866487564,4078373370930069888,0.42853287,2251.7008783711963,0.2273685995438598,1.328875E-4,18.825846,0.034480557,0.37248054,0.05648616,0.14348094,0.07862099,0.16211352,0.066940464,0.7154598,0.009001928,0.042451832,0.013818966,0.100722216,0.031961843,null,null,null,null,"TWOGAUSSIANS",8,4.5316443,0.37248054,0.05648616,0.4,0.0,0.16130136,0.067133054,0.7154598,0.009001928,0.23773025,0.07738621,0.109226085,0.03921277
375316653866487564,4078373680139752448,0.52092856,2213.7270746766717,0.41014039815183817,8.809154E-5,18.59842,0.05821356,0.5416633,0.02425113,0.18542403,0.06309063,0.1910081,0.055557534,0.95253015,0.8874524,0.028783854,0.019654246,0.03819583,0.09818457,null,null,null,null,"TWOGAUSSIANS",8,2.341265,0.5416633,0.02425113,0.4,0.0,0.1807479,0.016499164,0.95253015,0.8874524,0.16118959,0.11006378,0.04556451,0.08948234
375316653866487564,4078373714499474432,0.47243494,2280.311254419613,0.257074814219075,1.7759052E-5,19.287857,0.036428213,0.25200188,0.027089095,0.11160546,0.029192487,0.19740689,0.05057078,0.80920476,0.0062758895,0.08519793,0.013053955,0.31105125,0.05120268,null,null,null,null,"TWOGAUSSIANS",8,2.1796546,0.8092647,0.006186545,0.4,0.0,0.30254942,0.050031032,0.25200188,0.027089112,0.4,0.0,0.18882927,0.039614074
375316653866487564,4078373851938401920,0.45603073,2181.7111168825313,1.157728475088355,4.2397143E-5,18.20872,0.0053124293,null,null,null,null,null,null,null,null,null,null,null,null,0.046408407,0.00954374,0.25722533,0.015397334,"ELLIPSOIDAL",4,2.8831573,null,null,null,null,null,null,null,null,null,null,null,null
375316653866487564,4078374092456421504,0.5852264,2258.704889725765,3.795297749065581,6.205612E-5,19.900312,0.051259186,0.3484824,0.07192018,0.14711882,0.112769715,0.070293956,0.05574177,0.73913395,0.02074506,0.012786424,0.024616927,2.138838,2.0576932,null,null,null,null,"TWOGAUSSIANS",8,1.6249526,0.73913395,0.02074506,0.071603976,0.13785478,2.1404846,2.0546365,0.3484824,0.07192018,0.4,0.0,0.06985766,0.04787084
375316653866487564,4078374333002794880,0.4717183,2279.7049062592187,0.103822591333841,3.068789E-5,17.95915,0.030666957,0.16041112,0.018675363,0.0908368,0.036494378,0.06603111,0.037117198,0.80498457,0.008578595,0.06422929,0.012253722,0.14093535,0.037368983,null,null,null,null,"TWOGAUSSIANS",8,2.18129,0.80502456,0.008422597,0.359684,0.055071726,0.1409354,0.037394196,0.16041112,0.018674312,0.4,0.0,0.065999895,0.03645321
375316653866487564,4078374436054123264,0.46123388,2226.77325112533,3.450169985083388,8.6459004E-5,18.572151,0.022629166,0.27144268,0.06435496,0.042320177,0.035462808,0.08073368,0.052066304,0.85524976,0.09559959,0.045994323,0.053943302,0.35372484,0.7901063,null,null,null,null,"TWOGAUSSIANS",8,2.6868868,0.85524976,0.09559959,0.2575682,0.18941827,0.35372484,0.7900332,0.27144268,0.064351894,0.236993,0.19859172,0.08073368,0.052025307
375316653866487564,4078374981500802560,0.4525371,2160.621122458864,0.675755998675476,2.4297755E-5,18.874949,0.06927752,0.238517,0.02354278,0.071314506,0.055059873,0.16401303,0.45231444,0.78578,0.04281339,0.039426506,0.025498575,0.56193,0.33982307,null,null,null,null,"TWOGAUSSIANS",8,10.727924,0.78578,0.04287411,0.22078843,0.14279202,0.5619276,0.33656314,0.238517,0.02354278,0.39936122,0.10716325,0.16401064,0.45226237
375316653866487564,4078374985804849024,0.5991932,2223.9122382844184,1.8919383196936432,1.0902013E-5,17.111446,0.010669153,0.26715288,0.0032513465,0.079056494,0.0037117351,0.406543,0.016506579,0.76499087,0.004987371,0.082922556,0.005407961,0.32221597,0.013957172,null,null,null,null,"TWOGAUSSIANS",8,11.935282,0.26715288,0.0032513465,0.4,0.0,0.40064338,0.015330308,0.76499087,0.004987371,0.4,0.0,0.31631634,0.012260018
