Gaia/vari_eclipsing_binary/VariEclipsingBinary_235968-236056.csv
# %ECSV 1.0
# ---
# delimiter: ','
# meta: !!omap
# - RELEASE: Gaia DR3
# - TABLE: vari_eclipsing_binary
# - DESCRIPTION: >
#     This table describes the properties of the eclipsing binaries resulting from the variability analysis. 
# - CITATION: >
#     How to cite and acknowledge Gaia: 
#     https://gea.esac.esa.int/archive/documentation/credits.html 
# - KNOWN_ISSUES: >
#     Known issues: 
#     https://www.cosmos.esa.int/web/gaia-users/known-issues 
# - DOCUMENTATION: >
#     Tutorials and documentation: 
#     https://www.cosmos.esa.int/web/gaia-users/archive 
# datatype:
# - 
#   name: solution_id
#   datatype: int64
#   description: Solution Identifier
#   meta:
#     ucd: meta.version
# - 
#   name: source_id
#   datatype: int64
#   description: Unique source identifier
#   meta:
#     ucd: meta.id;meta.main
# - 
#   name: global_ranking
#   datatype: float32
#   description: Number between 0 (worst) and 1 (best)
#   meta:
#     ucd: stat.param
# - 
#   name: reference_time
#   datatype: float64
#   unit: d
#   description: Reference time used for the geometric model fit
#   meta:
#     ucd: time.epoch
# - 
#   name: frequency
#   datatype: float64
#   unit: d**-1
#   description: Frequency of geometric model of the eclipsing binary light curve
#   meta:
#     ucd: src.orbital
# - 
#   name: frequency_error
#   datatype: float32
#   unit: d**-1
#   description: "Uncertainty of \\texttt{frequency}"
#   meta:
#     ucd: stat.error
# - 
#   name: geom_model_reference_level
#   datatype: float32
#   unit: mag
#   description: Magnitude reference level of geometric model
#   meta:
#     ucd: phot.mag;em.opt
# - 
#   name: geom_model_reference_level_error
#   datatype: float32
#   unit: mag
#   description: "Uncertainty of \\texttt{geomModelReferenceLevel}"
#   meta:
#     ucd: stat.error;phot.mag;em.opt
# - 
#   name: geom_model_gaussian1_phase
#   datatype: float32
#   description: Phase of the Gaussian 1 component
#   meta:
#     ucd: time.phase
# - 
#   name: geom_model_gaussian1_phase_error
#   datatype: float32
#   description: "Uncertainty of \\texttt{geomModelGaussian1Phase}"
#   meta:
#     ucd: stat.error;time.phase
# - 
#   name: geom_model_gaussian1_sigma
#   datatype: float32
#   description: "Standard deviation [phase] of Gaussian 1 component"
#   meta:
#     ucd: stat.stdev
# - 
#   name: geom_model_gaussian1_sigma_error
#   datatype: float32
#   description: "Uncertainty of \\texttt{geomModelGaussian1Sigma}"
#   meta:
#     ucd: stat.error
# - 
#   name: geom_model_gaussian1_depth
#   datatype: float32
#   unit: mag
#   description: Magnitude depth of Gaussian 1 component
#   meta:
#     ucd: src.var.amplitude
# - 
#   name: geom_model_gaussian1_depth_error
#   datatype: float32
#   unit: mag
#   description: "Uncertainty of \\texttt{geomModelGaussian1Depth}"
#   meta:
#     ucd: stat.error;src.var.amplitude
# - 
#   name: geom_model_gaussian2_phase
#   datatype: float32
#   description: Phase of Gaussian 2 component
#   meta:
#     ucd: time.phase
# - 
#   name: geom_model_gaussian2_phase_error
#   datatype: float32
#   description: "Uncertainty of \\texttt{geomModelGaussian2Phase}"
#   meta:
#     ucd: stat.error;time.phase
# - 
#   name: geom_model_gaussian2_sigma
#   datatype: float32
[...]
#   datatype: float32
#   description: "Secondary eclipse: uncertainty of \\texttt{derivedSecondaryEclDuration}"
#   meta:
#     ucd: stat.error;time.duration
# - 
#   name: derived_secondary_ecl_depth
#   datatype: float32
#   unit: mag
#   description: "Secondary eclipse: depth"
#   meta:
#     ucd: src.var.amplitude
# - 
#   name: derived_secondary_ecl_depth_error
#   datatype: float32
#   unit: mag
#   description: "Secondary eclipse: uncertainty of \\texttt{derivedSecondaryEclDepth}"
#   meta:
#     ucd: stat.error;src.var.amplitude
solution_id,source_id,global_ranking,reference_time,frequency,frequency_error,geom_model_reference_level,geom_model_reference_level_error,geom_model_gaussian1_phase,geom_model_gaussian1_phase_error,geom_model_gaussian1_sigma,geom_model_gaussian1_sigma_error,geom_model_gaussian1_depth,geom_model_gaussian1_depth_error,geom_model_gaussian2_phase,geom_model_gaussian2_phase_error,geom_model_gaussian2_sigma,geom_model_gaussian2_sigma_error,geom_model_gaussian2_depth,geom_model_gaussian2_depth_error,geom_model_cosine_half_period_amplitude,geom_model_cosine_half_period_amplitude_error,geom_model_cosine_half_period_phase,geom_model_cosine_half_period_phase_error,model_type,num_model_parameters,reduced_chi2,derived_primary_ecl_phase,derived_primary_ecl_phase_error,derived_primary_ecl_duration,derived_primary_ecl_duration_error,derived_primary_ecl_depth,derived_primary_ecl_depth_error,derived_secondary_ecl_phase,derived_secondary_ecl_phase_error,derived_secondary_ecl_duration,derived_secondary_ecl_duration_error,derived_secondary_ecl_depth,derived_secondary_ecl_depth_error
[from data line 584]
375316653866487564,2076168194259767552,0.5707728,2218.8513600925403,2.4356427300042993,7.685346E-6,14.142696,0.0053229965,0.29027742,0.0017280205,0.10533869,0.004168142,0.1580831,0.0051219766,0.79806846,0.0028112442,0.1047305,0.0067337165,0.10678992,0.0047926228,null,null,null,null,"TWOGAUSSIANS",8,21.215837,0.29027742,0.0017280205,0.4,0.0,0.14413765,0.0032214322,0.7980784,0.0028110668,0.4,0.0,0.09284622,0.0027222342
375316653866487564,2076168258670609280,0.61773914,2235.6638482503477,3.2905928470165704,6.961749E-6,17.431149,0.011060063,0.23068981,0.0020308376,0.04987245,0.0031214976,0.45172757,0.035403725,0.73479146,0.0028538334,0.0443219,0.0034615025,0.39084846,0.024797156,0.11247539,0.0147391725,0.23068981,0.0020308376,"TWOGAUSSIANS_WITH_ELLIPSOIDAL_ON_ECLIPSE1",9,11.159128,0.23068981,0.0020308376,0.27928573,0.017480386,0.6766763,0.030177869,0.73479146,0.0028538334,0.24820264,0.019384414,0.61564785,0.013248941
375316653866487564,2076169426902328576,0.56351775,2223.834196026143,1.5839203202836707,3.5455087E-5,17.79306,0.0030005085,0.2681523,0.0141703,0.013797508,0.022868074,0.034703795,0.014244705,0.74675703,0.0034245632,0.033395942,0.003636217,0.18997347,0.0067013325,0.018227352,0.0036077737,0.2681523,0.0141703,"TWOGAUSSIANS_WITH_ELLIPSOIDAL_ON_ECLIPSE1",9,1.7554077,0.747107,0.0033421395,0.18701728,0.020362815,0.225784,0.0040704706,0.2681523,0.0141703,0.07726604,0.12806122,0.071158476,0.013694218
375316653866487564,2076170805600117888,0.6324183,2230.5861439416512,0.03472067574886257,1.2796888E-5,11.32997,2.7425878E-4,0.28529674,2.3628646E-4,0.024747536,3.8120092E-4,0.16035132,4.2263398E-4,0.8813601,2.235373E-4,0.0015596704,5.0805474E-4,0.0035145856,0.002317026,null,null,null,null,"TWOGAUSSIANS",8,6.8758645,0.28529674,2.3628646E-4,0.13858621,0.0021347252,0.16035132,4.2263398E-4,0.8813601,2.235373E-4,0.0087341545,0.0028451064,0.0035145856,0.002317026
375316653866487564,2076173378271796992,0.5185777,2220.9945647178806,0.44061255712148023,5.342942E-5,18.707369,0.0036071371,0.13360628,0.0038865749,0.010742783,0.0014590607,0.4354898,0.09867885,0.58140486,0.008386329,0.01655529,0.014616809,0.048931565,0.4403491,null,null,null,null,"TWOGAUSSIANS",8,2.747715,0.13360628,0.0038865749,0.060159583,0.00817074,0.4354898,0.09867885,0.58140486,0.008386329,0.09270962,0.08185413,0.048931565,0.4403491
375316653866487564,2076173687509953408,0.5370291,2155.9976792086513,3.3476985838013396,1.9366513E-5,19.003962,0.032285526,0.26190794,0.0068181017,0.099415295,0.01288048,0.4190447,0.035786513,0.7587265,0.0033875399,0.096981466,0.009619283,0.42094073,0.02819536,null,null,null,null,"TWOGAUSSIANS",8,4.171933,0.7587265,0.0033875399,0.4,0.0,0.38940609,0.014963658,0.26190794,0.0068181017,0.4,0.0,0.38750878,0.034251463
375316653866487564,2076174890100329216,0.52236104,2211.8386440429895,0.4904477564472511,8.373009E-6,18.174015,0.0055874554,0.2906359,0.0065355,0.037226662,0.0073204874,0.4523251,0.049575537,0.787984,0.0010930222,0.02500093,0.0017609012,0.3838578,0.03431312,null,null,null,null,"TWOGAUSSIANS",8,13.82791,0.2906359,0.0065355,0.2084693,0.04099473,0.4523251,0.049575537,0.787984,0.0010930222,0.14000522,0.009861047,0.3838578,0.03431312
375316653866487564,2076174928768715904,0.68553585,2214.617134317955,0.04333263083312936,3.978906E-5,14.067396,4.488843E-4,0.52461267,1.6592535E-4,0.009368084,6.8929825E-5,0.7038735,0.009059586,0.66533023,0.039558727,0.04811394,0.0232085,0.0053346436,0.005387127,null,null,null,null,"TWOGAUSSIANS",8,6.436131,0.52461267,1.6592535E-4,0.05246127,3.86007E-4,0.7039476,0.009110253,0.66533023,0.039558727,0.26943806,0.12996762,0.0053346436,0.005387127
375316653866487564,2076175474215963264,0.45760727,2190.345236594712,0.06992326350432138,5.4619024E-5,18.457537,0.004609644,0.45074332,0.008270335,0.016480358,0.0046096686,0.11418668,0.08023776,0.8089367,0.011650082,0.008093023,0.009711205,0.22059813,2.15335178E15,0.020640997,0.0060277437,0.8089367,0.011650082,"TWOGAUSSIANS_WITH_ELLIPSOIDAL_ON_ECLIPSE2",9,7.587886,0.8089367,0.011650082,0.045320928,0.05438275,0.2618801,2.15335178E15,0.45014334,0.008395485,0.09229001,0.025814144,0.1305773,0.07938172
375316653866487564,2076175920892536576,0.5530031,2194.385586599903,3.3530699553508674,9.323251E-6,19.938541,0.0074686822,0.22998951,0.0043183453,0.029348237,0.0107253995,0.12082237,0.036922023,0.7181117,0.00453708,0.024475796,0.007017491,0.3876473,0.16691063,0.14712669,0.023458935,0.22998951,0.0043183453,"TWOGAUSSIANS_WITH_ELLIPSOIDAL_ON_ECLIPSE1",9,1.1186358,0.7185217,0.0045234202,0.13706446,0.03929795,0.6803212,0.18540488,0.22998951,0.0043183453,0.16435012,0.060062237,0.41507575,0.0329166
375316653866487564,2076176921622607360,0.48542136,2196.943263565409,3.383210158681742,7.560075E-5,19.707253,0.06589822,0.24518779,0.07742927,0.065604255,0.11680962,0.2118417,0.12679183,0.71850276,0.010671798,0.05554072,0.027601058,0.31702882,0.042423036,null,null,null,null,"TWOGAUSSIANS",8,2.4871957,0.71850276,0.010671798,0.31102803,0.15456593,0.31698895,0.037731644,0.24518779,0.07742927,0.3673838,0.13421471,0.21180184,0.13178352
375316653866487564,2076177432723233536,0.46304774,2183.1987141808927,2.4499124813628885,2.0285723E-5,18.07941,0.0028928507,null,null,null,null,null,null,null,null,null,null,null,null,0.052334517,0.0046467427,0.24952106,0.005275274,"ELLIPSOIDAL",4,5.9367347,null,null,null,null,null,null,null,null,null,null,null,null
375316653866487564,2076177814986337152,0.55352026,2187.0103882578023,0.41449949414172754,2.0680669E-5,17.989212,0.0032002167,0.22599307,0.0073818965,0.011058941,0.0038048513,0.09126942,0.061389185,0.7195014,0.0052433554,0.043812558,0.0021905995,0.5962661,0.04918851,0.019636357,0.0040564695,0.22599307,0.0073818965,"TWOGAUSSIANS_WITH_ELLIPSOIDAL_ON_ECLIPSE1",9,3.6267695,0.7195614,0.0051738895,0.24535033,0.012267358,0.63547415,0.049722295,0.22599307,0.0073818965,0.061930068,0.021307169,0.13054211,0.06162843
375316653866487564,2076178463524277248,0.47994223,2216.2893687074175,0.9864663242328928,2.2473462E-6,18.396381,0.0070443344,0.12067705,6.47525E-7,4.1461387E-4,7.6106376E-6,0.87965155,0.0073407777,0.4840779,0.0071279802,0.022375692,0.0059429,0.16977975,0.03688761,null,null,null,null,"TWOGAUSSIANS",8,14.903656,0.12067705,6.47525E-7,0.0023218377,4.261957E-5,0.87965155,0.0073407777,0.4840779,0.0071279802,0.12530388,0.03328024,0.16977975,0.03688761
375316653866487564,2076179017577131136,0.5448233,2214.695662417103,3.0576984894083714,9.946415E-6,16.179102,0.08020462,0.24366304,0.004686729,0.07050231,0.020652903,0.28107557,0.14407685,0.71572155,0.015606891,0.06710824,0.021596031,0.20297925,0.15741405,0.0671044,0.076493874,0.24366304,0.004686729,"TWOGAUSSIANS_WITH_ELLIPSOIDAL_ON_ECLIPSE1",9,45.048603,0.24366304,0.004686729,0.39481294,0.069527715,0.41474658,0.04066268,0.72099155,0.009343111,0.37580615,0.086893454,0.33332038,0.011436369
375316653866487564,2076179120643607936,0.47857547,2220.6316510578154,2.1442711278792137,5.242748E-5,19.678102,0.004020363,0.2828811,0.0053345617,0.021858463,0.0039857496,0.13539718,0.030921137,0.7346485,1.8172215E-4,0.019596066,3.655427E-4,0.43900844,0.0027788556,null,null,null,null,"TWOGAUSSIANS",8,1.4641606,0.7346485,1.8172215E-4,0.10973797,0.002047039,0.43900844,0.0027788556,0.2828811,0.0053345617,0.1224074,0.022320196,0.13539718,0.030921137
375316653866487564,2076180666844648320,0.6539153,2197.288958584462,3.037816413734804,5.5545433E-6,15.96313,0.0068154754,0.14028081,0.0012886189,0.05098208,0.0014220328,0.34268016,0.014753381,0.6384037,0.002539527,0.051589888,0.0028523165,0.35454112,0.015619241,0.10831029,0.00946106,0.14028081,0.0012886189,"TWOGAUSSIANS_WITH_ELLIPSOIDAL_ON_ECLIPSE1",9,20.480701,0.6386137,0.0022359714,0.28890336,0.015972972,0.57112944,0.006656826,0.14028081,0.0012886189,0.28549963,0.007963384,0.55929524,0.0060759997
375316653866487564,2076181697623370240,0.5071489,2197.611028525882,1.977363717229235,4.098106E-5,19.255224,0.006757086,0.32364386,0.012815263,0.013740824,0.008718859,0.07716198,0.07161781,0.694893,0.01451902,0.013710946,0.007819182,1.3660356,5.929246,null,null,null,null,"TWOGAUSSIANS",8,4.176965,0.694893,0.01451902,0.076781295,0.04378742,1.3660356,5.929246,0.32364386,0.012815263,0.07694861,0.04882561,0.07716198,0.07161781
375316653866487564,2076182247392536320,0.5966916,2229.1071002856443,2.420181482959595,9.448795E-6,17.641178,0.0052331756,0.2737526,0.002145922,0.08939624,0.005446399,0.3919969,0.014450194,0.7783425,0.0017069187,0.076371096,0.0030670003,0.2236274,0.0067709517,null,null,null,null,"TWOGAUSSIANS",8,4.0648,0.2737526,0.002145922,0.4,0.0,0.38614053,0.01621946,0.7783425,0.0017069187,0.4,0.0,0.21777114,0.006285329
375316653866487564,2076182586684227072,0.5606565,2224.836086477594,2.054030690295731,1.8090399E-5,18.809052,0.006626535,0.23456255,0.008549058,0.0749368,0.013161887,0.08266087,0.02206409,0.72801465,0.014000213,0.056164414,0.012211138,0.34777966,0.014492849,null,null,null,null,"TWOGAUSSIANS",8,1.6222082,0.72801465,0.014000213,0.31452072,0.068382375,0.3476105,0.014142162,0.23456255,0.008549058,0.4,0.034079183,0.082491696,0.022053577
375316653866487564,2076184446415940352,0.6138081,2201.5313095432048,0.5244260334125735,4.9767837E-6,15.243234,0.0019679856,0.3009393,5.87998E-4,0.02681073,6.5299E-4,0.4938619,0.008130137,0.7954564,0.012387775,0.017127069,0.0055349115,0.044454664,0.017607959,0.0060373656,0.002379572,0.3009393,5.87998E-4,"TWOGAUSSIANS_WITH_ELLIPSOIDAL_ON_ECLIPSE1",9,24.557459,0.3009393,5.87998E-4,0.15014009,0.003656744,0.5059366,0.00920843,0.7954864,0.012327863,0.09591159,0.030995505,0.056515153,0.017476367
375316653866487564,2076186744212882304,0.50374997,2204.21379119674,3.938054811455517,1.882532E-5,18.921701,0.014621776,0.24518196,0.0081514,0.085740834,0.009605294,0.27387935,0.018292615,0.7435796,0.0043508806,0.07439636,0.010107275,0.26433337,0.013906871,null,null,null,null,"TWOGAUSSIANS",8,4.8246384,0.24518196,0.0081514,0.4,0.0,0.26990065,0.016400162,0.7435796,0.0043508806,0.4,0.0012111616,0.2603547,0.014581682
375316653866487564,2076188157256515712,0.4352038,2200.161233809302,1.2411621539423867,1.2739533E-5,19.615772,0.009079576,0.38760665,0.0036765258,0.038871985,0.003815072,0.20785394,0.02494807,0.8899911,0.009428163,0.03003132,0.006936292,0.19752441,0.14357798,null,null,null,null,"TWOGAUSSIANS",8,4.0886855,0.38760665,0.0036765258,0.2176831,0.021364402,0.20785394,0.02494807,0.8899911,0.009428163,0.1681754,0.038843237,0.19752441,0.14357798
375316653866487564,2076190386343106816,0.44831732,2180.6332705301047,2.64547212892614,2.6307984E-5,18.208864,0.00362398,0.23682298,0.0036827822,0.008715766,0.0044324966,0.11836317,0.046133194,0.7494252,0.009558682,0.01654828,0.008057592,0.22634941,0.06838753,null,null,null,null,"TWOGAUSSIANS",8,6.0943003,0.7494252,0.009558682,0.092670366,0.045122515,0.22634941,0.06838753,0.23682298,0.0036827822,0.048808288,0.024821982,0.11836317,0.046133194
375316653866487564,2076191382775564928,0.49493453,2193.1612258784567,2.490345945814755,2.2545424E-5,18.012821,0.0040362626,0.7520149,0.004410698,0.029439164,0.008548528,0.044727806,0.03489205,null,null,null,null,null,null,0.09102409,0.005312429,0.7520149,0.004410698,"ONEGAUSSIAN_WITH_ELLIPSOIDAL",6,9.879317,0.7520149,0.004410698,0.16485932,0.047871754,0.22677599,0.032051068,null,null,null,null,null,null
375316653866487564,2076191558882228736,0.4808981,2216.6690805436865,2.4650989232459595,1.8786977E-5,15.359783,0.31142968,0.3024343,0.004731898,0.21456087,0.056777906,0.87704283,0.31253156,0.81077623,0.0041971514,0.18210897,0.036325227,0.7904309,0.22364877,null,null,null,null,"TWOGAUSSIANS",8,63.428276,0.2973543,0.0045862584,0.4,0.0,0.17870243,0.019535456,0.8181462,0.0038337251,0.4,0.0,0.17201553,0.008898854
375316653866487564,2076192314796286592,0.496783,2228.6797344829088,1.9158904077725263,2.1594069E-5,16.033672,0.0073743225,0.28480148,0.006992505,0.040054493,0.008474469,0.15082611,0.033946276,0.77992624,0.007648384,0.040874805,0.009697975,0.13663888,0.015947076,0.040560663,0.009764551,0.28480148,0.006992505,"TWOGAUSSIANS_WITH_ELLIPSOIDAL_ON_ECLIPSE1",9,56.96666,0.28480148,0.006992505,0.22430515,0.04745703,0.23194726,0.029918185,0.78027624,0.007022192,0.22889891,0.054308657,0.21768945,0.00644951
375316653866487564,2076194200274504832,0.4467558,2174.3228854055283,0.9879840895743478,2.4435134E-5,18.405525,0.0073882462,0.24766247,0.010197654,0.050740853,0.04230956,0.014977438,0.021804696,null,null,null,null,null,null,0.08112309,0.010105147,0.24766247,0.010197654,"ONEGAUSSIAN_WITH_ELLIPSOIDAL",6,18.265877,0.24766247,0.010197654,0.28414878,0.17594154,0.17722337,0.018503733,null,null,null,null,null,null
375316653866487564,2076194376380713984,0.60125834,2164.5663909938075,3.313952367861329,8.639647E-6,16.38867,0.019240547,0.36008263,0.0026565758,0.043688584,0.011293241,0.13183591,0.03822855,0.84462804,0.004619456,0.04793313,0.009571792,0.19300419,0.04324043,0.10069595,0.024801295,0.36008263,0.0026565758,"TWOGAUSSIANS_WITH_ELLIPSOIDAL_ON_ECLIPSE1",9,18.523731,0.847078,0.0036671984,0.26842555,0.053602032,0.39280248,0.009249843,0.36008263,0.0026565758,0.24465607,0.06324215,0.33322775,0.01600596
375316653866487564,2076194681318868736,0.533977,2170.964747853367,3.333731086982186,1.24454755E-5,18.143166,0.0051837945,0.2918468,0.0046212105,0.06317385,0.0083394,0.23281282,0.01591716,0.81429076,0.005972171,0.08465257,0.006507546,0.20718823,0.0085388785,null,null,null,null,"TWOGAUSSIANS",8,5.3547993,0.2918468,0.0046212105,0.35377356,0.046700645,0.23197836,0.016288204,0.81429076,0.005972171,0.4,0.0,0.20635374,0.00843414
375316653866487564,2076195613331762944,0.58045554,2204.621235503883,2.239649113160593,8.713974E-6,15.822362,0.013084038,0.22315869,0.0023722814,0.07998569,0.006893721,0.18191761,0.011598294,0.7008358,0.0027198829,0.09235677,0.0049609905,0.38550785,0.013034746,null,null,null,null,"TWOGAUSSIANS",8,48.609142,0.7008358,0.0027198829,0.4,0.0,0.3800427,0.0111937765,0.22315869,0.0023722814,0.4,0.0,0.1764531,0.0091723045
375316653866487564,2076195853849826560,0.5262072,2204.53166944188,0.3666782012130911,2.6058682E-5,17.502686,0.001075531,0.15500195,0.002809464,0.018931247,0.0020620532,0.018801533,0.0010674141,0.5269641,0.004414658,0.011048548,0.008371092,0.121237844,0.016647683,null,null,null,null,"TWOGAUSSIANS",8,1.6410203,0.5269641,0.004414658,0.061871868,0.046878118,0.121237844,0.016647683,0.15500195,0.002809464,0.10601498,0.011547498,0.018801533,0.0010674141
375316653866487564,2076196094357374336,0.48784482,2167.765557800401,4.310467679766419,4.911747E-5,19.547426,0.027977653,0.24854292,0.008080704,0.094224505,0.0150426915,0.30057442,0.028785573,0.74116474,0.0092950305,0.06596336,0.008859828,0.39363506,0.049428962,null,null,null,null,"TWOGAUSSIANS",8,4.7515244,0.74116474,0.0092950305,0.3693948,0.04961504,0.38927326,0.047865033,0.24854292,0.008080704,0.4,0.0,0.2962121,0.026689954
375316653866487564,2076196399300606592,0.5736167,2196.8285935609288,3.2657598628047126,6.355428E-6,16.768335,0.01411636,0.27783176,0.0021934384,0.09582617,0.0065262425,0.22995037,0.013080468,0.7861712,0.0025957313,0.10037021,0.0069697583,0.25707132,0.012758469,null,null,null,null,"TWOGAUSSIANS",8,8.431847,0.7861712,0.0025957313,0.4,0.0,0.24010745,0.00728789,0.27783176,0.0021936225,0.4,0.0,0.21298817,0.00835005
375316653866487564,2076196815922631296,0.7005764,2193.916936136944,1.219777456516782,2.7663416E-6,15.081348,0.0026749372,0.287723,7.585739E-4,0.049273577,8.137542E-4,0.4644813,0.008935161,0.7860843,0.0027179464,0.04771226,0.0036978503,0.044573955,0.0065550013,0.07592615,0.0034312345,0.287723,7.585739E-4,"TWOGAUSSIANS_WITH_ELLIPSOIDAL_ON_ECLIPSE1",9,10.952722,0.287723,7.585739E-4,0.275932,0.0045570238,0.6163321,0.0074314843,0.7867043,0.0015976583,0.26718864,0.020707961,0.1964148,0.002417787
