Gaia/vari_eclipsing_binary/VariEclipsingBinary_644006-645213.csv
# %ECSV 1.0
# ---
# delimiter: ','
# meta: !!omap
# - RELEASE: Gaia DR3
# - TABLE: vari_eclipsing_binary
# - DESCRIPTION: >
#     This table describes the properties of the eclipsing binaries resulting from the variability analysis. 
# - CITATION: >
#     How to cite and acknowledge Gaia: 
#     https://gea.esac.esa.int/archive/documentation/credits.html 
# - KNOWN_ISSUES: >
#     Known issues: 
#     https://www.cosmos.esa.int/web/gaia-users/known-issues 
# - DOCUMENTATION: >
#     Tutorials and documentation: 
#     https://www.cosmos.esa.int/web/gaia-users/archive 
# datatype:
# - 
#   name: solution_id
#   datatype: int64
#   description: Solution Identifier
#   meta:
#     ucd: meta.version
# - 
#   name: source_id
#   datatype: int64
#   description: Unique source identifier
#   meta:
#     ucd: meta.id;meta.main
# - 
#   name: global_ranking
#   datatype: float32
#   description: Number between 0 (worst) and 1 (best)
#   meta:
#     ucd: stat.param
# - 
#   name: reference_time
#   datatype: float64
#   unit: d
#   description: Reference time used for the geometric model fit
#   meta:
#     ucd: time.epoch
# - 
#   name: frequency
#   datatype: float64
#   unit: d**-1
#   description: Frequency of geometric model of the eclipsing binary light curve
#   meta:
#     ucd: src.orbital
# - 
#   name: frequency_error
#   datatype: float32
#   unit: d**-1
#   description: "Uncertainty of \\texttt{frequency}"
#   meta:
#     ucd: stat.error
# - 
#   name: geom_model_reference_level
#   datatype: float32
#   unit: mag
#   description: Magnitude reference level of geometric model
#   meta:
#     ucd: phot.mag;em.opt
# - 
#   name: geom_model_reference_level_error
#   datatype: float32
#   unit: mag
#   description: "Uncertainty of \\texttt{geomModelReferenceLevel}"
#   meta:
#     ucd: stat.error;phot.mag;em.opt
# - 
#   name: geom_model_gaussian1_phase
#   datatype: float32
#   description: Phase of the Gaussian 1 component
#   meta:
#     ucd: time.phase
# - 
#   name: geom_model_gaussian1_phase_error
#   datatype: float32
#   description: "Uncertainty of \\texttt{geomModelGaussian1Phase}"
#   meta:
#     ucd: stat.error;time.phase
# - 
#   name: geom_model_gaussian1_sigma
#   datatype: float32
#   description: "Standard deviation [phase] of Gaussian 1 component"
#   meta:
#     ucd: stat.stdev
# - 
#   name: geom_model_gaussian1_sigma_error
#   datatype: float32
#   description: "Uncertainty of \\texttt{geomModelGaussian1Sigma}"
#   meta:
#     ucd: stat.error
# - 
#   name: geom_model_gaussian1_depth
#   datatype: float32
#   unit: mag
#   description: Magnitude depth of Gaussian 1 component
#   meta:
#     ucd: src.var.amplitude
# - 
#   name: geom_model_gaussian1_depth_error
#   datatype: float32
#   unit: mag
#   description: "Uncertainty of \\texttt{geomModelGaussian1Depth}"
#   meta:
#     ucd: stat.error;src.var.amplitude
# - 
#   name: geom_model_gaussian2_phase
#   datatype: float32
#   description: Phase of Gaussian 2 component
#   meta:
#     ucd: time.phase
# - 
#   name: geom_model_gaussian2_phase_error
#   datatype: float32
#   description: "Uncertainty of \\texttt{geomModelGaussian2Phase}"
#   meta:
#     ucd: stat.error;time.phase
# - 
#   name: geom_model_gaussian2_sigma
#   datatype: float32
[...]
#   datatype: float32
#   description: "Secondary eclipse: uncertainty of \\texttt{derivedSecondaryEclDuration}"
#   meta:
#     ucd: stat.error;time.duration
# - 
#   name: derived_secondary_ecl_depth
#   datatype: float32
#   unit: mag
#   description: "Secondary eclipse: depth"
#   meta:
#     ucd: src.var.amplitude
# - 
#   name: derived_secondary_ecl_depth_error
#   datatype: float32
#   unit: mag
#   description: "Secondary eclipse: uncertainty of \\texttt{derivedSecondaryEclDepth}"
#   meta:
#     ucd: stat.error;src.var.amplitude
solution_id,source_id,global_ranking,reference_time,frequency,frequency_error,geom_model_reference_level,geom_model_reference_level_error,geom_model_gaussian1_phase,geom_model_gaussian1_phase_error,geom_model_gaussian1_sigma,geom_model_gaussian1_sigma_error,geom_model_gaussian1_depth,geom_model_gaussian1_depth_error,geom_model_gaussian2_phase,geom_model_gaussian2_phase_error,geom_model_gaussian2_sigma,geom_model_gaussian2_sigma_error,geom_model_gaussian2_depth,geom_model_gaussian2_depth_error,geom_model_cosine_half_period_amplitude,geom_model_cosine_half_period_amplitude_error,geom_model_cosine_half_period_phase,geom_model_cosine_half_period_phase_error,model_type,num_model_parameters,reduced_chi2,derived_primary_ecl_phase,derived_primary_ecl_phase_error,derived_primary_ecl_duration,derived_primary_ecl_duration_error,derived_primary_ecl_depth,derived_primary_ecl_depth_error,derived_secondary_ecl_phase,derived_secondary_ecl_phase_error,derived_secondary_ecl_duration,derived_secondary_ecl_duration_error,derived_secondary_ecl_depth,derived_secondary_ecl_depth_error
[from data line 327]
375316653866487564,5674570719155683456,0.5026887,2349.106224048021,1.2025758685465504,1.2669459E-5,14.566543,0.0012647274,0.24793637,0.005254721,0.050982844,0.0030293083,0.052097484,0.0034150486,0.75194126,0.0040579354,0.053235635,0.0034965277,0.04723239,0.0022888205,null,null,null,null,"TWOGAUSSIANS",8,15.340906,0.24793637,0.005254721,0.28550392,0.016964126,0.052096657,0.0034147573,0.75194126,0.0040579354,0.29811957,0.019580556,0.047231562,0.0022886833
375316653866487564,5674575117202248704,0.5573127,2381.620704815351,2.908042771108123,1.00244115E-5,14.350275,0.023529112,0.22819902,0.015814725,0.06584731,0.02303464,0.072181076,0.046494756,0.74951583,0.0036489465,0.048473097,0.026359167,0.084325306,0.04501772,0.08784107,0.027676735,0.74951583,0.0036489465,"TWOGAUSSIANS_WITH_ELLIPSOIDAL_ON_ECLIPSE2",9,173.22462,0.74951583,0.0036489465,0.27144936,0.14761133,0.25999245,0.016519804,0.23792903,0.0079670595,0.36874494,0.10972595,0.24613497,0.012126452
375316653866487564,5674576354152575104,0.6115799,2329.0097547085697,2.822552352344231,3.7014995E-6,15.185414,0.008644392,0.2610562,0.0010516103,0.051870063,0.0031690295,0.25564787,0.01841192,0.7603307,0.0028013794,0.061481018,0.0050086896,0.3038505,0.018693913,0.09136215,0.011064864,0.2610562,0.0010516103,"TWOGAUSSIANS_WITH_ELLIPSOIDAL_ON_ECLIPSE1",9,48.389565,0.7604407,0.0024004313,0.3442937,0.028048662,0.48649472,0.01216285,0.2610562,0.0010516103,0.29047236,0.017746564,0.43829527,0.008538325
375316653866487564,5674583187445101440,0.5296364,2336.9030527064806,0.1276460789523111,2.4823577E-5,18.019825,0.0039509847,0.28386334,0.0019908564,0.0059846262,0.0013509622,0.79212385,1.4385506,0.4135947,0.01118641,0.1191568,0.017136022,0.083771236,0.011165584,null,null,null,null,"TWOGAUSSIANS",8,5.601738,0.28388333,0.0020103343,0.033513907,0.0075653885,0.838415,1.4377625,0.4135947,0.01118641,0.4,0.0,0.08374608,0.011203397
375316653866487564,5674583427963270656,0.5055195,2333.957623669208,0.41353562509313535,3.990386E-5,19.351488,0.008246677,0.28440037,0.015173357,0.06792535,0.015219824,0.039208725,0.0098125795,0.60204977,4.3875776E-4,0.01621899,0.0010213521,0.43462816,0.022288684,null,null,null,null,"TWOGAUSSIANS",8,1.1378485,0.60204977,4.3875776E-4,0.09082635,0.005719572,0.43462884,0.022288254,0.28440037,0.015173357,0.38038197,0.08281448,0.039208725,0.0098125795
375316653866487564,5674597206218059392,0.52980065,2328.8376749784456,1.760711674325812,1.2857057E-4,18.981367,0.0029926284,0.32897663,0.005588534,0.031244244,0.0065180133,0.43995,0.04236953,null,null,null,null,null,null,null,null,null,null,"ONEGAUSSIAN",5,1.7283404,0.32897663,0.005588534,0.17496777,0.036500875,0.43995,0.0,null,null,null,null,null,null
375316653866487564,5674600917070157440,0.56185395,2332.0446573982613,0.23966027073536178,3.2797663E-5,19.815125,0.003837154,0.21762295,2.81358E-6,0.003245184,4.389645E-5,4.5184197,0.22894435,0.42780688,0.013652923,0.037382327,0.0098642865,0.048258636,0.013957351,null,null,null,null,"TWOGAUSSIANS",8,0.91863924,0.21762295,2.81358E-6,0.018173032,2.4582012E-4,4.5184197,0.22894433,0.42780688,0.013652923,0.20934103,0.05524,0.048258636,0.013957351
375316653866487564,5674605937887466368,0.5320392,2272.071134857105,0.1758414442008549,1.7519838E-4,15.475007,0.0011688968,0.7234436,0.0040223217,0.009486824,0.0022764548,0.19841106,0.048781794,0.22955564,0.055683173,0.06252606,0.054649103,0.016701056,0.0098124035,null,null,null,null,"TWOGAUSSIANS",8,14.080758,0.7234436,0.0040223217,0.053126216,0.012748146,0.19841106,0.048781794,0.22955564,0.055683173,0.35014597,0.29383135,0.016701056,0.009812404
375316653866487564,5674628168636572800,0.68722415,2335.0189057996563,0.4050625001670527,5.004111E-6,15.616709,8.4427866E-4,0.2989986,8.6821173E-4,0.017404845,7.6984824E-4,0.56530905,0.027208827,0.7979425,0.0014288843,0.017426923,7.833394E-4,0.55168074,0.016065044,null,null,null,null,"TWOGAUSSIANS",8,6.3174496,0.2989986,8.6821173E-4,0.09746713,0.00431115,0.56530905,0.027208827,0.7979425,0.0014288843,0.097590774,0.0043867007,0.55168074,0.016065044
375316653866487564,5674657129602169984,0.4902112,2348.7272898472656,4.393233239726663,1.3174389E-5,19.36546,0.008652451,0.25553873,0.03266045,0.049932513,0.045435663,0.02209739,1.6390238,0.64901304,0.006284643,0.068783395,0.007686937,0.46080017,0.074801564,null,null,null,null,"TWOGAUSSIANS",8,1.9824667,0.64901304,0.006284643,0.38518703,0.03660519,0.46079963,0.07480378,0.25553873,0.03266045,0.27962208,0.2544397,0.022096902,1.6390245
375316653866487564,5674660909173835520,0.45016107,2351.3524042718223,3.739451388768012,5.0346807E-5,14.35225,0.275109,0.23169248,0.015713317,0.18060488,0.14424387,0.10088336,0.2661135,0.7127862,0.022791758,0.14566559,0.06480041,0.10578327,0.19613081,null,null,null,null,"TWOGAUSSIANS",8,57.72342,0.7127862,0.022791758,0.4,0.0,0.05275212,0.006550572,0.23375247,0.011505099,0.4,0.0,0.043966025,0.0038064902
375316653866487564,5674673867090833408,0.5002364,2318.4054835050906,0.4520920840546161,4.86606E-6,19.908964,0.014431107,0.4067511,0.016803248,0.1944167,0.07444812,0.04597704,0.010969465,0.74604577,1.4044359E-4,0.009052022,2.624303E-4,0.62659484,0.0065640034,null,null,null,null,"TWOGAUSSIANS",8,1.2019978,0.74604577,1.4044359E-4,0.050691325,0.0014696096,0.63339704,0.0077704266,0.4067511,0.016803248,0.4,0.0,0.04260952,0.011607191
375316653866487564,5674699185922036352,0.5807001,2332.457505425713,3.389862102715767,6.715564E-6,17.536026,0.00512763,0.2507166,0.0016020221,0.040170714,0.006690705,0.078956544,0.012190331,0.7379165,0.0038995103,0.03899675,0.005937539,0.17428108,0.024021033,0.11089536,0.007151699,0.2507166,0.0016020221,"TWOGAUSSIANS_WITH_ELLIPSOIDAL_ON_ECLIPSE1",9,4.6930575,0.73960656,0.0033220283,0.2183818,0.03325022,0.39482877,0.026609302,0.2507166,0.0016020221,0.224956,0.03746795,0.30074686,0.0061887284
375316653866487564,5674707432259347328,0.5193315,2305.731475158207,3.6580840319347776,9.638984E-6,19.25594,0.007902145,0.20448823,0.00433755,0.07089909,0.0072755823,0.2854605,0.02402521,0.71450734,0.0026347677,0.069384485,0.0038809758,0.28089562,0.011360223,null,null,null,null,"TWOGAUSSIANS",8,1.9616749,0.20448823,0.00433755,0.3970349,0.029021356,0.28469682,0.02436792,0.71450734,0.0026347677,0.3885531,0.021733465,0.28013194,0.011226181
375316653866487564,5674708810944105216,0.57621425,2321.794100631996,3.922997541714665,8.886503E-6,17.16032,0.07073798,0.24783713,0.0063842433,0.06439032,0.016759356,0.4467514,0.133779,0.7405078,0.0056522507,0.05205139,0.019385364,0.27189296,0.13270244,0.059183095,0.073012315,0.7405078,0.0056522507,"TWOGAUSSIANS_WITH_ELLIPSOIDAL_ON_ECLIPSE2",9,42.154114,0.24725713,0.0057895686,0.36058578,0.075175874,0.5647354,0.031578787,0.7405078,0.0056522507,0.29148778,0.10855804,0.3901079,0.03830233
375316653866487564,5674731041694771456,0.58451635,2339.0582010151684,2.2193585354240213,4.349267E-6,13.9351225,0.0037423335,0.23316923,0.0025870414,0.11159332,0.0054225554,0.0976437,0.0035892406,0.7239409,0.0011264614,0.09408725,0.0024263663,0.15641938,0.0036449495,null,null,null,null,"TWOGAUSSIANS",8,11.731466,0.7239409,0.0011264614,0.4,0.0,0.1452751,0.0017325439,0.23316923,0.0025870414,0.4,0.0,0.08649059,0.0021716943
375316653866487564,5674753199429527936,0.5202395,2349.709073689202,3.5412260209240976,1.3371352E-5,17.975565,0.011797906,0.24891824,0.0068220845,0.07917449,0.00838491,0.2272516,0.016630355,0.7400422,0.004905267,0.083766535,0.007403076,0.25870255,0.012997662,null,null,null,null,"TWOGAUSSIANS",8,7.1579094,0.7400422,0.004905267,0.4,0.0,0.2550014,0.012087852,0.24891824,0.0068220845,0.4,0.0,0.22355047,0.016261293
375316653866487564,5674795844161273856,0.5329335,2355.4481412305086,0.8867481264920893,1.7429216E-5,10.570345,0.06623476,0.28910714,0.0039624786,0.14170249,0.014635723,0.2531712,0.057828445,0.8053857,0.007863548,0.31453225,0.02449648,0.4856164,0.065151915,null,null,null,null,"TWOGAUSSIANS",8,86.33143,0.28088716,0.0041784337,0.4,0.0,0.1037001,0.0047514173,0.8079157,0.007012507,0.4,0.0,0.06805182,0.0052485913
375316653866487564,5674803948764800000,0.5898428,2328.4134642396666,3.781482168013445,5.1711186E-6,18.23809,0.007101039,0.23454578,0.0015742779,0.06780351,0.0023189145,0.4951091,0.014016483,0.7334964,0.0016657995,0.07081986,0.0023243546,0.44548154,0.014588207,null,null,null,null,"TWOGAUSSIANS",8,4.0354023,0.23454578,0.0015742779,0.37969968,0.012985921,0.49374387,0.014045579,0.7334964,0.0016657995,0.39659125,0.012313491,0.4441163,0.014600964
375316653866487564,5674804120563343872,0.5634431,2325.7827214278764,2.65615580142465,1.8811976E-5,13.761286,0.055026077,0.25041535,0.0023917097,0.06578019,0.022648394,0.1443856,0.108131975,0.74576366,0.00919472,0.06635844,0.02798848,0.14109442,0.10715724,0.065050974,0.057742983,0.25041535,0.0023917097,"TWOGAUSSIANS_WITH_ELLIPSOIDAL_ON_ECLIPSE1",9,246.48521,0.25041535,0.0023917097,0.36836907,0.10391787,0.27429208,0.012666435,0.74689364,0.0076712817,0.37160727,0.11901033,0.27091676,0.022096971
375316653866487564,5674808999647646208,0.4952016,2321.2821748058977,2.1703738404977284,1.3619693E-5,19.013243,0.010452834,0.17090277,0.030522238,0.078860715,0.049554817,0.122229725,0.027808875,0.6523877,0.0034260128,0.027648693,0.0021034186,0.4901452,0.047997426,null,null,null,null,"TWOGAUSSIANS",8,6.1756496,0.6523877,0.0034260128,0.15483269,0.011779144,0.49014303,0.047997095,0.17090277,0.030522238,0.4,0.22806256,0.12222756,0.027809998
375316653866487564,5674826076434530304,0.48048383,2309.6627497252566,0.08415542828294088,1.05744675E-5,18.46629,0.006252426,0.26303244,0.012802185,0.0016319655,0.0037971365,0.4508059,26.673489,0.7588784,0.07967243,0.054229517,0.052284148,0.029228235,0.08293371,0.014025497,0.008978091,0.26303244,0.012802185,"TWOGAUSSIANS_WITH_ELLIPSOIDAL_ON_ECLIPSE1",9,4.787848,0.26303244,0.012802185,0.009139007,0.021263964,0.4788564,26.66797,0.7596384,0.073017225,0.30368528,0.28239012,0.057263106,0.08126009
375316653866487564,5674827519543593984,0.47236767,2291.577594076693,0.13054393470839515,6.506332E-5,18.346777,0.011142464,0.36982438,0.02076397,0.08560729,0.021809822,0.27818567,0.0322494,0.84318006,0.02140304,0.07117376,0.041717444,0.065874204,0.07494592,null,null,null,null,"TWOGAUSSIANS",8,7.7865543,0.36982438,0.02076397,0.4,0.0,0.27718347,0.034401875,0.84318006,0.02140304,0.398573,0.21564516,0.06487206,0.07609057
375316653866487564,5674834872527556480,0.4941651,2313.8269613881134,3.5822541415859783,1.1267905E-5,18.054466,0.10900567,0.26071304,0.008849761,0.13124242,0.035464983,0.2336783,0.10461223,0.7766379,0.0066224807,0.12438651,0.02964371,0.23285693,0.10399882,null,null,null,null,"TWOGAUSSIANS",8,7.550525,0.26054305,0.00877468,0.4,0.0,0.17300166,0.014835007,0.77692795,0.006235502,0.4,0.0,0.17238086,0.013485834
375316653866487564,5674835460939809792,0.6196462,2332.6654365900404,2.3604002198737657,3.368566E-6,14.711846,0.004289063,0.32388088,0.0010199888,0.07367546,0.0019020009,0.27076307,0.004498193,0.82938516,0.0030446935,0.09794181,0.00470552,0.11418781,0.0047108615,null,null,null,null,"TWOGAUSSIANS",8,11.946486,0.32388088,0.0010199888,0.4,0.0,0.26657215,0.0038909926,0.82938516,0.0030446935,0.4,0.0,0.109996356,0.00407392
375316653866487564,5674869648879386752,0.66876894,2314.7603499879765,2.127903120989972,2.5675715E-6,14.1408825,0.0066769794,0.2668548,0.001204289,0.05589455,0.0035195367,0.24215676,0.013232015,0.76166695,0.0011017389,0.04736142,0.00406385,0.13062641,0.0139572155,0.08681762,0.008659015,0.76166695,0.0011017389,"TWOGAUSSIANS_WITH_ELLIPSOIDAL_ON_ECLIPSE2",9,34.359367,0.26607478,9.850722E-4,0.31300947,0.019709406,0.4156269,0.0076835155,0.76166695,0.0011017389,0.26522395,0.02275756,0.3042533,0.0040196637
375316653866487564,5674869855037871616,0.5533429,2284.3920477479373,1.8481807373281323,1.2844604E-5,14.5949955,0.0030302082,0.22130899,0.0056940094,0.03606746,0.018963711,0.018032858,0.007954826,0.71533865,0.0038975081,0.040432356,0.006708584,0.11283674,0.023904255,0.021298489,0.0046309335,0.22130899,0.0056940094,"TWOGAUSSIANS_WITH_ELLIPSOIDAL_ON_ECLIPSE1",9,17.726206,0.7156186,0.0037692965,0.22642119,0.03756807,0.15537654,0.02743469,0.22130899,0.0056940094,0.20197779,0.10619678,0.06062979,0.00791685
375316653866487564,5674874734120526080,0.53643095,2291.185169681421,2.824199973283578,7.710422E-6,13.331222,0.006494235,0.26590246,0.0051234476,0.0824128,0.00462,0.24676184,0.010940196,0.75888413,0.00385852,0.07887764,0.00405505,0.26284835,0.009631214,null,null,null,null,"TWOGAUSSIANS",8,287.93732,0.75888413,0.00385852,0.4,0.0,0.2592108,0.0092966985,0.26590246,0.0051234476,0.4,0.0,0.2431243,0.010431114
375316653866487564,5674875558754264832,0.4863947,2340.5676523277552,0.036432743279273615,3.2453583E-5,16.660559,0.006095095,0.23865281,0.0191312,0.02646652,0.011524003,0.1182874,0.027095383,0.71452606,0.004394349,0.024838028,0.0029854933,0.4893069,0.21601364,null,null,null,null,"TWOGAUSSIANS",8,13.795646,0.71452606,0.004394349,0.13909297,0.016718762,0.4893069,0.21601364,0.23865281,0.0191312,0.14821252,0.06453441,0.1182874,0.027095383
375316653866487564,5674878685490602496,0.4457209,2324.6783913450013,2.112954336286285,2.6925845E-5,14.934038,0.37517092,0.2174944,0.009095552,0.16747868,0.12032667,0.16168766,0.3620845,0.7312792,0.0126713095,0.14769264,0.04101554,0.19900893,0.25725275,null,null,null,null,"TWOGAUSSIANS",8,101.43286,0.7330992,0.009489507,0.4,0.0,0.10943709,0.016848946,0.2158144,0.008430071,0.4,0.0,0.06960763,0.008728071
375316653866487564,5674881636132584064,0.47592676,2335.604101703727,0.8331404855289777,1.0823029E-6,17.60392,0.02031845,0.34563002,9.3907516E-7,4.1086166E-4,4.5205976E-5,2.3058298,0.6626197,0.8500158,0.03339718,0.01675229,0.05565804,0.26122534,0.23744674,0.017130712,0.01804252,0.8500158,0.03339718,"TWOGAUSSIANS_WITH_ELLIPSOIDAL_ON_ECLIPSE2",9,42.414375,0.34563002,9.3907516E-7,0.0023008252,2.5315347E-4,2.340065,0.69828135,0.8500158,0.03339718,0.09381282,0.30238238,0.29548675,0.26065323
375316653866487564,5674881846586274176,0.49300614,2305.9687603911125,2.5777897704580846,1.2719307E-6,17.073174,0.004191283,0.35973725,0.025304573,0.041810572,0.041603915,0.05563029,0.025465244,0.6745638,1.8628715E-6,0.0037368457,3.0864234E-5,4.644121,0.15878093,null,null,null,null,"TWOGAUSSIANS",8,36.656216,0.6745638,1.8628715E-6,0.020926336,1.7283972E-4,4.644121,0.15878502,0.35973725,0.025304573,0.23413922,0.1801259,0.05563029,0.025465244
375316653866487564,5674882426406588800,0.44012764,2328.342133170045,0.7930085449674075,7.6067977E-6,17.994116,0.0058472278,0.27775973,0.00982766,0.009536416,0.0060880505,0.063938744,0.044452194,0.62699157,0.01113622,0.03900162,0.042271025,0.081332065,0.023677934,0.016193533,0.009678274,0.62699157,0.01113622,"TWOGAUSSIANS_WITH_ELLIPSOIDAL_ON_ECLIPSE2",9,13.914108,0.62699157,0.01113622,0.21840909,0.18839073,0.11371911,0.023535825,0.27748972,0.010001845,0.053403933,0.034093082,0.07500625,0.04586869
375316653866487564,5674884251768000640,0.595307,2315.3043026606765,3.676076347728326,6.874585E-6,16.429089,0.017960217,0.2474094,0.0015395291,0.063796185,0.0056478605,0.28663215,0.038218528,0.7440269,0.004881047,0.052672464,0.0072471895,0.22618715,0.04024235,0.07442082,0.02316362,0.2474094,0.0015395291,"TWOGAUSSIANS_WITH_ELLIPSOIDAL_ON_ECLIPSE1",9,36.462986,0.2474094,0.0015395291,0.35725865,0.031628016,0.43534124,0.016000997,0.7444569,0.004360734,0.2949658,0.040584262,0.3748375,0.017147725
375316653866487564,5674891536032669568,0.5523612,2289.5311414066873,1.849789362425941,5.3838075E-6,15.299135,0.0022844833,0.19915296,0.00192083,0.03385292,0.0013035433,0.15382753,0.0034402006,0.69984615,0.0010366468,0.042244073,0.002337414,0.11193554,0.007468979,null,null,null,null,"TWOGAUSSIANS",8,14.687855,0.19915296,0.00192083,0.18957634,0.007299843,0.15382753,0.0034402006,0.69984615,0.0010366468,0.23656681,0.013089518,0.11193554,0.007468979
