Gaia/vari_eclipsing_binary/VariEclipsingBinary_603738-603782.csv
# %ECSV 1.0
# ---
# delimiter: ','
# meta: !!omap
# - RELEASE: Gaia DR3
# - TABLE: vari_eclipsing_binary
# - DESCRIPTION: >
#     This table describes the properties of the eclipsing binaries resulting from the variability analysis. 
# - CITATION: >
#     How to cite and acknowledge Gaia: 
#     https://gea.esac.esa.int/archive/documentation/credits.html 
# - KNOWN_ISSUES: >
#     Known issues: 
#     https://www.cosmos.esa.int/web/gaia-users/known-issues 
# - DOCUMENTATION: >
#     Tutorials and documentation: 
#     https://www.cosmos.esa.int/web/gaia-users/archive 
# datatype:
# - 
#   name: solution_id
#   datatype: int64
#   description: Solution Identifier
#   meta:
#     ucd: meta.version
# - 
#   name: source_id
#   datatype: int64
#   description: Unique source identifier
#   meta:
#     ucd: meta.id;meta.main
# - 
#   name: global_ranking
#   datatype: float32
#   description: Number between 0 (worst) and 1 (best)
#   meta:
#     ucd: stat.param
# - 
#   name: reference_time
#   datatype: float64
#   unit: d
#   description: Reference time used for the geometric model fit
#   meta:
#     ucd: time.epoch
# - 
#   name: frequency
#   datatype: float64
#   unit: d**-1
#   description: Frequency of geometric model of the eclipsing binary light curve
#   meta:
#     ucd: src.orbital
# - 
#   name: frequency_error
#   datatype: float32
#   unit: d**-1
#   description: "Uncertainty of \\texttt{frequency}"
#   meta:
#     ucd: stat.error
# - 
#   name: geom_model_reference_level
#   datatype: float32
#   unit: mag
#   description: Magnitude reference level of geometric model
#   meta:
#     ucd: phot.mag;em.opt
# - 
#   name: geom_model_reference_level_error
#   datatype: float32
#   unit: mag
#   description: "Uncertainty of \\texttt{geomModelReferenceLevel}"
#   meta:
#     ucd: stat.error;phot.mag;em.opt
# - 
#   name: geom_model_gaussian1_phase
#   datatype: float32
#   description: Phase of the Gaussian 1 component
#   meta:
#     ucd: time.phase
# - 
#   name: geom_model_gaussian1_phase_error
#   datatype: float32
#   description: "Uncertainty of \\texttt{geomModelGaussian1Phase}"
#   meta:
#     ucd: stat.error;time.phase
# - 
#   name: geom_model_gaussian1_sigma
#   datatype: float32
#   description: "Standard deviation [phase] of Gaussian 1 component"
#   meta:
#     ucd: stat.stdev
# - 
#   name: geom_model_gaussian1_sigma_error
#   datatype: float32
#   description: "Uncertainty of \\texttt{geomModelGaussian1Sigma}"
#   meta:
#     ucd: stat.error
# - 
#   name: geom_model_gaussian1_depth
#   datatype: float32
#   unit: mag
#   description: Magnitude depth of Gaussian 1 component
#   meta:
#     ucd: src.var.amplitude
# - 
#   name: geom_model_gaussian1_depth_error
#   datatype: float32
#   unit: mag
#   description: "Uncertainty of \\texttt{geomModelGaussian1Depth}"
#   meta:
#     ucd: stat.error;src.var.amplitude
# - 
#   name: geom_model_gaussian2_phase
#   datatype: float32
#   description: Phase of Gaussian 2 component
#   meta:
#     ucd: time.phase
# - 
#   name: geom_model_gaussian2_phase_error
#   datatype: float32
#   description: "Uncertainty of \\texttt{geomModelGaussian2Phase}"
#   meta:
#     ucd: stat.error;time.phase
# - 
#   name: geom_model_gaussian2_sigma
#   datatype: float32
[...]
#   datatype: float32
#   description: "Secondary eclipse: uncertainty of \\texttt{derivedSecondaryEclDuration}"
#   meta:
#     ucd: stat.error;time.duration
# - 
#   name: derived_secondary_ecl_depth
#   datatype: float32
#   unit: mag
#   description: "Secondary eclipse: depth"
#   meta:
#     ucd: src.var.amplitude
# - 
#   name: derived_secondary_ecl_depth_error
#   datatype: float32
#   unit: mag
#   description: "Secondary eclipse: uncertainty of \\texttt{derivedSecondaryEclDepth}"
#   meta:
#     ucd: stat.error;src.var.amplitude
solution_id,source_id,global_ranking,reference_time,frequency,frequency_error,geom_model_reference_level,geom_model_reference_level_error,geom_model_gaussian1_phase,geom_model_gaussian1_phase_error,geom_model_gaussian1_sigma,geom_model_gaussian1_sigma_error,geom_model_gaussian1_depth,geom_model_gaussian1_depth_error,geom_model_gaussian2_phase,geom_model_gaussian2_phase_error,geom_model_gaussian2_sigma,geom_model_gaussian2_sigma_error,geom_model_gaussian2_depth,geom_model_gaussian2_depth_error,geom_model_cosine_half_period_amplitude,geom_model_cosine_half_period_amplitude_error,geom_model_cosine_half_period_phase,geom_model_cosine_half_period_phase_error,model_type,num_model_parameters,reduced_chi2,derived_primary_ecl_phase,derived_primary_ecl_phase_error,derived_primary_ecl_duration,derived_primary_ecl_duration_error,derived_primary_ecl_depth,derived_primary_ecl_depth_error,derived_secondary_ecl_phase,derived_secondary_ecl_phase_error,derived_secondary_ecl_duration,derived_secondary_ecl_duration_error,derived_secondary_ecl_depth,derived_secondary_ecl_depth_error
[from data line 253]
375316653866487564,5310649099263059072,0.5759057,2187.234855885336,0.007281272938035261,1.3287828E-4,17.666313,0.0019755368,0.89272594,0.00143841,0.016653443,8.49202E-4,0.49302962,0.015870932,null,null,null,null,null,null,null,null,null,null,"ONEGAUSSIAN",5,2.8131118,0.89272594,0.00143841,0.09325928,0.004755531,0.49302962,0.0,null,null,null,null,null,null
375316653866487564,5310649099263072896,0.47616494,2126.26760111343,1.9399420082511263,1.8670378E-5,17.002836,0.18831186,0.17865615,0.017153226,0.13093574,0.061026495,0.10097479,0.1697522,0.6640181,0.0071541807,0.14715993,0.075365745,0.11957632,0.17992407,null,null,null,null,"TWOGAUSSIANS",8,6.9404864,0.6640181,0.0071541807,0.4,0.0,0.07994651,0.008016585,0.17962615,0.015200362,0.4,0.0,0.061981753,0.0051904027
375316653866487564,5310649172309842432,0.5990581,2155.2035018705083,0.8120794872523899,2.5433578E-6,16.9133,7.737852E-4,0.20162544,5.677641E-4,0.028695654,5.775192E-4,0.24512617,0.005321162,0.5043462,0.024809841,0.044865746,0.023479536,0.009317563,0.0038615938,null,null,null,null,"TWOGAUSSIANS",8,1.8084075,0.20162544,5.677641E-4,0.16069566,0.0032341073,0.24512617,0.005321162,0.5043462,0.024809841,0.25124818,0.1314854,0.009317563,0.0038615938
375316653866487564,5310649378442915328,0.5126965,2123.794206562005,1.2778654676795569,1.4156521E-5,17.800842,0.0069524045,0.10709874,0.0021514504,0.026383849,0.0026807636,0.5886255,0.028004589,0.6034583,0.0016279446,0.027382808,0.0017963208,0.6437974,0.10529203,null,null,null,null,"TWOGAUSSIANS",8,34.524406,0.6034583,0.0016279446,0.15334372,0.010059397,0.6437974,0.10529203,0.10709874,0.0021514504,0.14774956,0.015012275,0.5886255,0.028004589
375316653866487564,5310649378468292352,0.5357242,2109.189533514389,0.2967596312801905,7.504028E-6,18.435642,0.0021930404,0.3866588,0.046999812,0.01412838,0.009224269,0.48027313,0.4185978,0.900843,9.550219E-6,0.008512008,8.449628E-5,0.34557116,0.0011082647,null,null,null,null,"TWOGAUSSIANS",8,2.4795804,0.3866588,0.046999812,0.07911893,0.051655903,0.48027313,0.4185978,0.900843,9.550219E-6,0.047667246,4.7317916E-4,0.34557116,0.0011082647
375316653866487564,5310649923897563392,0.4807313,2108.6502635145303,2.599850556845286,2.0525807E-5,18.402382,0.016365249,0.31289142,0.0070382305,0.078134656,0.008546285,0.24614322,0.021645168,0.8172741,0.011498778,0.08336482,0.020651193,0.21662793,0.021217473,null,null,null,null,"TWOGAUSSIANS",8,8.911057,0.31289142,0.0070382305,0.4,0.0,0.24263492,0.019457297,0.8172741,0.011498778,0.4,0.0,0.21311961,0.025441112
375316653866487564,5310650065663866752,0.5584701,2090.98680757965,0.048657969850528775,3.3377833E-5,16.185778,8.431302E-4,0.2696283,0.054009896,0.03946781,0.022842249,0.42959946,0.2910924,0.49807033,0.021996483,0.013062931,0.020194938,0.007817331,1.2600816,0.0013472739,0.0015039844,0.2696283,0.054009896,"TWOGAUSSIANS_WITH_ELLIPSOIDAL_ON_ECLIPSE1",9,4.0202227,0.2696283,0.054009896,0.22101974,0.12791659,0.43229398,0.29280877,0.49807033,0.02199553,0.073152415,0.113091655,0.007866473,1.2601054
375316653866487564,5310650336213054976,0.5361027,2088.912845445986,3.1931303029592337,6.930732E-6,17.549723,0.0077746003,0.2514707,0.0033487806,0.06878236,0.008120488,0.11490187,0.0062121726,0.7569781,0.003574911,0.070965655,0.006304584,0.13107382,0.008717419,null,null,null,null,"TWOGAUSSIANS",8,2.4683366,0.7569781,0.003574911,0.39740768,0.024415283,0.13071978,0.008415866,0.2514707,0.0033487806,0.3851812,0.03518063,0.11454784,0.00584027
375316653866487564,5310650404938296320,0.46766374,2073.593878045134,2.484591153941415,2.7369699E-5,18.908327,0.033404943,0.27327573,0.010933814,0.116630174,0.025982171,0.11205205,0.032895885,0.7178149,0.010390096,0.112522736,0.018796744,0.19687045,0.02783722,null,null,null,null,"TWOGAUSSIANS",8,2.965007,0.7178149,0.010390096,0.4,0.0,0.18143684,0.014557588,0.27361575,0.010830005,0.4,0.0,0.09662046,0.013741811
375316653866487564,5310650752858528512,0.54091716,2088.3094070499915,0.4991794871220886,5.0094724E-5,17.125889,0.00429861,0.6293589,0.040665705,0.112806596,0.027370693,0.028861381,0.008594948,0.86816627,0.0036272872,0.023987994,0.0024808166,0.8289606,0.09907468,null,null,null,null,"TWOGAUSSIANS",8,22.24656,0.86816627,0.0036272872,0.13433278,0.013892572,0.8320276,0.09862785,0.6293589,0.040665705,0.4,0.0,0.028858252,0.008598244
375316653866487564,5310651302590950400,0.4896119,2060.2592166458326,3.5845062327745234,1.705948E-5,19.49536,0.01987975,0.23772459,0.005044116,0.07912849,0.0060000275,0.31456414,0.030719286,0.7469766,0.006975824,0.07854234,0.009701093,0.33492,0.030681735,null,null,null,null,"TWOGAUSSIANS",8,3.1190226,0.7469766,0.006975824,0.4,0.0,0.3313961,0.029769951,0.23772459,0.005044116,0.4,0.0,0.31104022,0.0290582
375316653866487564,5310651611851952640,0.4091814,2063.0386111198113,1.0520600962617124,3.8977534E-5,18.149406,0.00472017,0.16422597,0.036789432,0.045888945,0.032673415,0.07629673,0.018990578,0.6932977,0.018235754,0.028417664,0.020052047,0.08748668,4.591967,null,null,null,null,"TWOGAUSSIANS",8,7.9056993,0.6932977,0.018235754,0.15913892,0.11229147,0.08748668,4.591967,0.16422597,0.036789432,0.2569781,0.18297113,0.07629673,0.018990396
375316653866487564,5310651852370163328,0.5753412,2094.747099371895,2.4943740388125413,8.779503E-6,17.67053,0.04329506,0.24250363,0.005740572,0.058801096,0.013566425,0.23977043,0.098328084,0.7460314,0.0036710412,0.06438633,0.014574532,0.27698252,0.08128125,0.071726255,0.05180395,0.24250363,0.005740572,"TWOGAUSSIANS_WITH_ELLIPSOIDAL_ON_ECLIPSE1",9,11.005359,0.7460314,0.0034373354,0.36056346,0.08161738,0.42021713,0.02736069,0.24250363,0.005740572,0.32928613,0.07597198,0.38307548,0.014667501
375316653866487564,5310651989809445888,0.4943143,2097.871359037324,3.9489502064859403,2.2954342E-5,18.990034,0.1440714,0.26868004,0.0038963943,0.10840556,0.03527504,0.25837895,0.12583812,0.757853,0.008542403,0.12523237,0.04803282,0.23223408,0.14328922,null,null,null,null,"TWOGAUSSIANS",8,2.0455487,0.26876003,0.0039702132,0.4,0.0,0.21404535,0.022941096,0.757853,0.008542403,0.4,0.0,0.18774454,0.009773904
375316653866487564,5310652024145607680,0.4956634,2072.435128650423,3.704759965872557,3.3828434E-5,19.50232,0.018450728,0.26290727,0.005208289,0.07881693,0.0075802067,0.3339995,0.026601598,0.7800573,0.012658675,0.076201946,0.016636278,0.26420614,0.020415429,null,null,null,null,"TWOGAUSSIANS",8,3.6043327,0.26290727,0.005208289,0.4,0.0,0.33172032,0.025624953,0.7800573,0.012658675,0.4,0.0,0.26192692,0.021828687
375316653866487564,5310652333406543104,0.57029337,2086.192381411341,1.155925442309365,6.9193775E-6,14.587418,0.0022441999,0.2259742,0.0011560275,0.044565603,0.0015124573,0.16500524,0.0057671005,0.72765106,0.0050682384,0.030496271,0.006953152,0.02823718,0.0050930297,0.014042343,0.002930739,0.2259742,0.0011560275,"TWOGAUSSIANS_WITH_ELLIPSOIDAL_ON_ECLIPSE1",9,33.440605,0.2259742,0.0011560275,0.24956737,0.008469761,0.1930899,0.003715462,0.72765106,0.005049979,0.17077912,0.03893765,0.056318726,0.0031095427
375316653866487564,5310652470845476992,0.62825644,2106.9067548794947,2.645704650190631,5.7400835E-6,17.138515,0.0043670936,0.3171653,0.002718231,0.096941285,0.002786629,0.3223706,0.0054593985,0.81469464,0.0014786017,0.08745174,0.00159921,0.3731626,0.006440676,null,null,null,null,"TWOGAUSSIANS",8,3.3200715,0.81469464,0.0014786017,0.4,0.0,0.35633776,0.005869914,0.3171653,0.002718231,0.4,0.0,0.30554473,0.0038281975
375316653866487564,5310652608284717952,0.4717161,2089.3818564560297,0.05169787923898437,9.2237555E-5,17.496737,0.009820655,0.24558802,0.0061207293,0.021763485,0.0104975635,0.09325242,0.014815551,0.7274574,0.0024107245,0.025748484,0.002229849,0.53360593,0.058683906,null,null,null,null,"TWOGAUSSIANS",8,85.473045,0.7274574,0.0024107245,0.14419152,0.012487154,0.53360593,0.058683906,0.24558802,0.0061207293,0.12187552,0.05878636,0.09325242,0.014815551
375316653866487564,5310652775755716736,0.51188743,2076.964502072474,1.3110938522435946,3.4473615E-6,18.242529,0.004053683,0.313166,5.5643416E-4,0.03629096,0.001608189,0.18167096,0.0055431016,0.80877286,7.07915E-4,0.03210793,0.0024956753,0.21896625,0.026273144,null,null,null,null,"TWOGAUSSIANS",8,3.1924417,0.80877286,7.07915E-4,0.17980441,0.013975781,0.21896625,0.026273144,0.313166,5.5643416E-4,0.20322938,0.009005858,0.18167096,0.0055431016
375316653866487564,5310653016274190976,0.59110504,2082.4846812258115,0.8491303205162016,3.0487452E-6,17.366457,0.0022942517,0.29453927,7.050849E-4,0.022286022,9.12329E-4,0.6333864,0.039377045,0.79949033,7.064249E-4,0.021386467,6.916403E-4,0.59396756,0.033183403,0.02195349,0.005381823,0.29453927,7.050849E-4,"TWOGAUSSIANS_WITH_ELLIPSOIDAL_ON_ECLIPSE1",9,9.351513,0.29453927,7.050849E-4,0.124801725,0.0051090424,0.67729336,0.040060878,0.79949033,7.064249E-4,0.119764216,0.0038731857,0.63783205,0.03353413
375316653866487564,5310653050633908864,0.619358,2107.209021280046,1.360433751106404,2.5619377E-6,17.776878,0.0034144437,0.19049777,0.0021614742,0.035738382,0.0047312835,0.08013589,0.008200906,0.6939359,8.104006E-4,0.044626486,0.0012681516,0.32461008,0.012888288,0.050491035,0.0046272622,0.19049777,0.0021614742,"TWOGAUSSIANS_WITH_ELLIPSOIDAL_ON_ECLIPSE1",9,1.7123711,0.6939359,8.104006E-4,0.24990831,0.007101649,0.42554498,0.011569173,0.19049777,0.0021614742,0.20013495,0.026495187,0.18111792,0.0052572093
375316653866487564,5310653050633909248,0.48674053,2102.469681430074,0.13499272745787907,3.826849E-5,18.414734,0.0037816975,0.7189809,0.0054136794,0.03891532,0.009547628,0.0700509,0.01358991,0.56822747,0.005071563,0.007416621,0.004291337,0.37788722,0.5090931,null,null,null,null,"TWOGAUSSIANS",8,3.8010023,0.56822747,0.005071563,0.04153308,0.024031488,0.3779258,0.5090805,0.7189809,0.0054136794,0.2179258,0.053466722,0.0700509,0.01358991
375316653866487564,5310653192376999808,0.5246836,2106.46010184834,2.6749547610929345,2.0844422E-5,17.194136,0.018553214,0.15202236,0.006701831,0.09245853,0.01403626,0.24448864,0.016299497,0.641394,0.0052923965,0.098660536,0.010098619,0.26671788,0.017281806,null,null,null,null,"TWOGAUSSIANS",8,15.646985,0.641394,0.0052923965,0.4,0.0,0.2523133,0.008691998,0.15202236,0.0067016026,0.4,0.0,0.23008542,0.010748655
375316653866487564,5310653432895043840,0.48338208,2101.0137288004094,1.982133394646905,2.3013024E-5,19.401041,0.008502763,0.30993342,0.002713543,0.023261992,0.003646546,1.0589234,0.33469385,0.6315087,0.06968699,0.13185805,0.063789934,0.060598385,0.02768254,null,null,null,null,"TWOGAUSSIANS",8,5.8048215,0.3099634,0.0027050194,0.13026716,0.020420657,1.0619298,0.33560833,0.6315087,0.06968699,0.4,0.0,0.060506936,0.027860511
375316653866487564,5310654704228188928,0.6408832,2099.257250165425,1.7307151235218687,2.7230717E-6,15.081029,0.0013189935,0.25901768,6.706277E-4,0.0501537,0.0017991471,0.09643303,0.0029544684,0.7574238,0.010261618,0.033355508,0.01003717,0.02066487,0.0037112888,0.03935691,0.0017234209,0.25901768,6.706277E-4,"TWOGAUSSIANS_WITH_ELLIPSOIDAL_ON_ECLIPSE1",9,3.276003,0.25901768,6.706277E-4,0.2808607,0.010075225,0.17514646,0.0016191559,0.7578238,0.008630538,0.18679084,0.056208152,0.09937239,0.0023777613
375316653866487564,5310654738564079232,0.47340208,2059.261196699296,1.9552930256186007,1.1677329E-5,18.501577,0.21825051,0.27583155,0.0064891307,0.16157587,0.10400725,0.15987454,0.21635605,0.76850945,0.00471436,0.11722742,0.046238367,0.16536708,0.16239281,null,null,null,null,"TWOGAUSSIANS",8,1.4283816,0.76850945,0.00471436,0.4,0.0,0.107278764,0.013790928,0.27589154,0.0062608337,0.4,0.0,0.09913796,0.004766954
375316653866487564,5310654910386656768,0.509113,2067.384444306054,2.671842007262895,1.4272171E-5,18.429842,0.0132280495,0.32134637,0.0039443607,0.100591116,0.009399411,0.23785627,0.015214854,0.8383166,0.008115152,0.06496302,0.009486215,0.16896312,0.02850162,null,null,null,null,"TWOGAUSSIANS",8,5.496373,0.32134637,0.0039443607,0.4,0.0,0.23475505,0.014941812,0.8383166,0.008115901,0.36379293,0.053122807,0.16586469,0.028440049
375316653866487564,5310654910386661504,0.53392136,2123.3679794850314,1.8290700958718789,7.9803785E-6,17.243593,0.0019956077,0.24011242,0.002537884,0.051805504,0.006196562,0.08350251,0.012616385,null,null,null,null,null,null,0.04388122,0.002255414,0.24011242,0.002537884,"ONEGAUSSIAN_WITH_ELLIPSOIDAL",6,4.692348,0.24011242,0.002537884,0.29011083,0.034700748,0.17126417,0.012838461,null,null,null,null,null,null
375316653866487564,5310655357063295104,0.57628673,2122.304633180487,0.32398071884125335,5.9547565E-6,16.326778,7.238111E-4,0.35960543,9.952133E-4,0.0141966175,3.3527517E-4,0.27023077,0.015387485,0.8585891,0.0015553589,0.0166556,0.0014791973,0.10747908,0.0065866346,null,null,null,null,"TWOGAUSSIANS",8,2.7254188,0.35960543,9.952133E-4,0.07950106,0.0018775408,0.27023077,0.015387485,0.8585891,0.0015553589,0.09327136,0.008283504,0.10747908,0.0065866346
375316653866487564,5310656005571414656,0.63083994,2119.755476650257,3.248629247149984,3.1686795E-6,18.105001,0.0036215726,0.28036696,0.0017641921,0.046600007,0.004240806,0.2537188,0.016172966,0.7816264,0.0016545125,0.03920007,0.0025930116,0.18371704,0.014002714,0.07507405,0.005236912,0.28036696,0.0017641921,"TWOGAUSSIANS_WITH_ELLIPSOIDAL_ON_ECLIPSE1",9,1.9966737,0.28036696,0.0017641921,0.26096004,0.023748515,0.4038666,0.019222783,0.7816264,0.0016396812,0.2195204,0.014520865,0.33385542,0.013871976
375316653866487564,5310656250416497024,0.57369757,2140.991801876987,2.8571904801450674,5.6354743E-6,17.074636,0.0038379137,0.26733965,0.0023875004,0.052519638,0.0040394673,0.16170026,0.012755539,0.7682356,0.0031505115,0.042180732,0.003838506,0.101445995,0.011156118,0.055354703,0.0075834533,0.26733965,0.0023875004,"TWOGAUSSIANS_WITH_ELLIPSOIDAL_ON_ECLIPSE1",9,5.331827,0.26733965,0.0023875004,0.29410997,0.022621017,0.27240762,0.009560053,0.7682356,0.0030486512,0.23621209,0.021495633,0.21214984,0.006271472
375316653866487564,5310656387855339904,0.54825515,2103.1366201093456,3.55578650670522,5.6381086E-6,16.44761,0.004426758,0.21944144,0.018174997,0.053267032,0.024781803,0.06488554,0.01328406,0.7384864,0.002004005,0.037151966,0.012970539,0.04012536,0.01219414,0.09649652,0.0058152443,0.7384864,0.002004005,"TWOGAUSSIANS_WITH_ELLIPSOIDAL_ON_ECLIPSE2",9,22.084307,0.22709145,0.008210365,0.29829538,0.13877809,0.25622508,0.013457167,0.7384864,0.002004005,0.20805101,0.07263502,0.23311822,0.008840137
375316653866487564,5310656795845898112,0.55943865,2086.137102463145,3.20212111418365,6.4402707E-6,18.422342,0.0050649997,0.25467327,0.004175475,0.07941264,0.0038283835,0.32912415,0.0074923127,0.7518366,0.0037476744,0.079838775,0.004694146,0.29427427,0.014628762,null,null,null,null,"TWOGAUSSIANS",8,2.4708664,0.25467327,0.004175475,0.4,0.0,0.32486776,0.0070306254,0.7518366,0.0037476744,0.4,0.0,0.2900179,0.015256577
375316653866487564,5310656937611282816,0.46843222,2126.172778474448,1.284099251713021,5.520511E-5,14.081437,0.002453464,0.10512539,0.009259073,0.025228629,0.009715729,0.024177484,0.006454587,0.77951306,0.01486307,0.020580962,0.0056326264,1.0523816,1.3322983,0.0049178284,0.0030588855,0.77951306,0.01486307,"TWOGAUSSIANS_WITH_ELLIPSOIDAL_ON_ECLIPSE2",9,186.149,0.77951306,0.01486307,0.11525339,0.031542707,1.0622172,1.3314607,0.106465384,0.00993064,0.14128032,0.054408085,0.026269076,0.0069072573
375316653866487564,5310657379961616000,0.47283572,2099.9426339485194,3.4516389194661525,2.2157608E-5,18.861506,0.018484455,0.17342892,0.009331276,0.10108295,0.015645271,0.15087989,0.01839045,0.6764056,0.010071069,0.08892566,0.019355914,0.11947412,0.01736028,null,null,null,null,"TWOGAUSSIANS",8,2.4532626,0.17342892,0.009331276,0.4,0.0,0.14275847,0.011959631,0.6764056,0.010071069,0.4,0.0,0.11135416,0.013328486
