Gaia/vari_eclipsing_binary/VariEclipsingBinary_477879-477895.csv
# %ECSV 1.0
# ---
# delimiter: ','
# meta: !!omap
# - RELEASE: Gaia DR3
# - TABLE: vari_eclipsing_binary
# - DESCRIPTION: >
#     This table describes the properties of the eclipsing binaries resulting from the variability analysis. 
# - CITATION: >
#     How to cite and acknowledge Gaia: 
#     https://gea.esac.esa.int/archive/documentation/credits.html 
# - KNOWN_ISSUES: >
#     Known issues: 
#     https://www.cosmos.esa.int/web/gaia-users/known-issues 
# - DOCUMENTATION: >
#     Tutorials and documentation: 
#     https://www.cosmos.esa.int/web/gaia-users/archive 
# datatype:
# - 
#   name: solution_id
#   datatype: int64
#   description: Solution Identifier
#   meta:
#     ucd: meta.version
# - 
#   name: source_id
#   datatype: int64
#   description: Unique source identifier
#   meta:
#     ucd: meta.id;meta.main
# - 
#   name: global_ranking
#   datatype: float32
#   description: Number between 0 (worst) and 1 (best)
#   meta:
#     ucd: stat.param
# - 
#   name: reference_time
#   datatype: float64
#   unit: d
#   description: Reference time used for the geometric model fit
#   meta:
#     ucd: time.epoch
# - 
#   name: frequency
#   datatype: float64
#   unit: d**-1
#   description: Frequency of geometric model of the eclipsing binary light curve
#   meta:
#     ucd: src.orbital
# - 
#   name: frequency_error
#   datatype: float32
#   unit: d**-1
#   description: "Uncertainty of \\texttt{frequency}"
#   meta:
#     ucd: stat.error
# - 
#   name: geom_model_reference_level
#   datatype: float32
#   unit: mag
#   description: Magnitude reference level of geometric model
#   meta:
#     ucd: phot.mag;em.opt
# - 
#   name: geom_model_reference_level_error
#   datatype: float32
#   unit: mag
#   description: "Uncertainty of \\texttt{geomModelReferenceLevel}"
#   meta:
#     ucd: stat.error;phot.mag;em.opt
# - 
#   name: geom_model_gaussian1_phase
#   datatype: float32
#   description: Phase of the Gaussian 1 component
#   meta:
#     ucd: time.phase
# - 
#   name: geom_model_gaussian1_phase_error
#   datatype: float32
#   description: "Uncertainty of \\texttt{geomModelGaussian1Phase}"
#   meta:
#     ucd: stat.error;time.phase
# - 
#   name: geom_model_gaussian1_sigma
#   datatype: float32
#   description: "Standard deviation [phase] of Gaussian 1 component"
#   meta:
#     ucd: stat.stdev
# - 
#   name: geom_model_gaussian1_sigma_error
#   datatype: float32
#   description: "Uncertainty of \\texttt{geomModelGaussian1Sigma}"
#   meta:
#     ucd: stat.error
# - 
#   name: geom_model_gaussian1_depth
#   datatype: float32
#   unit: mag
#   description: Magnitude depth of Gaussian 1 component
#   meta:
#     ucd: src.var.amplitude
# - 
#   name: geom_model_gaussian1_depth_error
#   datatype: float32
#   unit: mag
#   description: "Uncertainty of \\texttt{geomModelGaussian1Depth}"
#   meta:
#     ucd: stat.error;src.var.amplitude
# - 
#   name: geom_model_gaussian2_phase
#   datatype: float32
#   description: Phase of Gaussian 2 component
#   meta:
#     ucd: time.phase
# - 
#   name: geom_model_gaussian2_phase_error
#   datatype: float32
#   description: "Uncertainty of \\texttt{geomModelGaussian2Phase}"
#   meta:
#     ucd: stat.error;time.phase
# - 
#   name: geom_model_gaussian2_sigma
#   datatype: float32
[...]
#   datatype: float32
#   description: "Secondary eclipse: uncertainty of \\texttt{derivedSecondaryEclDuration}"
#   meta:
#     ucd: stat.error;time.duration
# - 
#   name: derived_secondary_ecl_depth
#   datatype: float32
#   unit: mag
#   description: "Secondary eclipse: depth"
#   meta:
#     ucd: src.var.amplitude
# - 
#   name: derived_secondary_ecl_depth_error
#   datatype: float32
#   unit: mag
#   description: "Secondary eclipse: uncertainty of \\texttt{derivedSecondaryEclDepth}"
#   meta:
#     ucd: stat.error;src.var.amplitude
solution_id,source_id,global_ranking,reference_time,frequency,frequency_error,geom_model_reference_level,geom_model_reference_level_error,geom_model_gaussian1_phase,geom_model_gaussian1_phase_error,geom_model_gaussian1_sigma,geom_model_gaussian1_sigma_error,geom_model_gaussian1_depth,geom_model_gaussian1_depth_error,geom_model_gaussian2_phase,geom_model_gaussian2_phase_error,geom_model_gaussian2_sigma,geom_model_gaussian2_sigma_error,geom_model_gaussian2_depth,geom_model_gaussian2_depth_error,geom_model_cosine_half_period_amplitude,geom_model_cosine_half_period_amplitude_error,geom_model_cosine_half_period_phase,geom_model_cosine_half_period_phase_error,model_type,num_model_parameters,reduced_chi2,derived_primary_ecl_phase,derived_primary_ecl_phase_error,derived_primary_ecl_duration,derived_primary_ecl_duration_error,derived_primary_ecl_depth,derived_primary_ecl_depth_error,derived_secondary_ecl_phase,derived_secondary_ecl_phase_error,derived_secondary_ecl_duration,derived_secondary_ecl_duration_error,derived_secondary_ecl_depth,derived_secondary_ecl_depth_error
[from data line 189]
375316653866487564,4203508961077841024,0.48722106,2259.084420322306,1.2613361117396067,3.7170546E-5,19.148102,0.0730159,0.19239314,0.020795459,0.11693316,0.061168972,0.1493357,0.06739456,0.5548732,0.026216406,0.106840596,0.021528125,0.23601402,0.058660846,null,null,null,null,"TWOGAUSSIANS",8,2.6427593,0.5548732,0.026216406,0.4,0.0,0.23085587,0.03775252,0.19471313,0.021108832,0.4,0.0,0.143729,0.04003088
375316653866487564,4203508995437265536,0.57510334,2264.271371364343,2.0692300472355476,9.662624E-6,17.982542,0.013582671,0.14631228,0.0017154097,0.08827308,0.004884678,0.27666798,0.013068146,0.652037,0.016551713,0.098199934,0.014795974,0.15231459,0.018948864,null,null,null,null,"TWOGAUSSIANS",8,2.577002,0.14631228,0.0017154097,0.4,0.0,0.26656422,0.007944746,0.652037,0.016551713,0.4,0.0,0.14221013,0.014243416
375316653866487564,4203508995476763008,0.47325605,2245.2695952616623,2.3630164447463775,2.0233158E-5,18.646935,0.05207845,0.28451428,0.014386005,0.082930446,0.02207501,0.3024927,0.051037986,0.77617097,0.016834928,0.07217065,0.029453749,0.4068539,0.09461933,null,null,null,null,"TWOGAUSSIANS",8,6.200697,0.77617097,0.016834928,0.4,0.04780621,0.4036403,0.10085682,0.28451428,0.014386005,0.4,0.0,0.29927906,0.036096573
375316653866487564,4203509098517647872,0.55418193,2217.1415483572,3.672454298692013,1.6138307E-5,19.331806,0.011072196,0.19767185,0.0035903086,0.058135785,0.0031204743,0.5609595,0.01631973,0.68939406,0.012779412,0.07212781,0.025592668,0.4000633,0.1058644,null,null,null,null,"TWOGAUSSIANS",8,2.496398,0.19767185,0.0035903086,0.3255604,0.017474655,0.5605035,0.015846282,0.68939406,0.012779412,0.4,0.0062259217,0.3996073,0.10836705
375316653866487564,4203509201597184896,0.5499799,2237.741592430648,2.4368594111152726,2.8378938E-5,19.283974,0.03706765,0.20945962,0.020293426,0.07597024,0.050115302,0.30577022,0.08230216,0.7058854,0.006181489,0.07485481,0.010767412,0.40720984,0.047417436,null,null,null,null,"TWOGAUSSIANS",8,2.3234415,0.7058854,0.006181489,0.4,0.0,0.40453634,0.042271312,0.20945962,0.020293426,0.4,0.0,0.3030967,0.10525425
375316653866487564,4203509472128744064,0.5473471,2229.7633993533527,3.3952293296867353,1.5672384E-5,16.77691,0.023218187,0.21141315,0.007208526,0.09581208,0.022911223,0.14205289,0.070663415,0.7103398,0.005677284,0.116663694,0.015757468,0.1523975,0.022866916,null,null,null,null,"TWOGAUSSIANS",8,6.5737395,0.7103398,0.005677284,0.4,0.0,0.13418753,0.008833448,0.21141315,0.007213302,0.4,0.0,0.12387389,0.07685529
375316653866487564,4203509476474336256,0.51208365,2223.6566390312246,1.966467101730637,1.4090128E-5,17.688808,0.0070455954,0.24796067,0.0043954514,0.05696349,0.010779338,0.28379,0.052439716,0.7343133,0.008235962,0.04049875,0.017352365,0.17793845,0.082605615,null,null,null,null,"TWOGAUSSIANS",8,8.581338,0.24796067,0.0043954514,0.31899554,0.06036429,0.28378958,0.05244367,0.7343133,0.008235962,0.22679299,0.09717325,0.17793801,0.08262353
375316653866487564,4203509510833489280,0.5415965,2249.1241709286655,2.5254936584929037,2.5552905E-5,19.124422,0.01941508,0.28643435,0.039249174,0.067167565,0.017064702,0.682128,0.2664959,0.7672989,0.009224415,0.07066619,0.015284981,0.5804319,0.11093369,null,null,null,null,"TWOGAUSSIANS",8,7.6825876,0.28643435,0.039249174,0.37613836,0.03522276,0.681085,0.265383,0.7672989,0.009224415,0.39573067,0.058228962,0.5793888,0.11293711
375316653866487564,4203509785712423040,0.4911595,2195.5304758414954,3.687011468232354,1.0896798E-5,17.903316,0.007322976,0.3520261,0.016358467,0.034539375,0.022373393,1.277041,1.5593805,0.72333217,6.447707E-5,0.0029328465,3.6421986E-4,0.058961637,0.0064655547,null,null,null,null,"TWOGAUSSIANS",8,1.9204572,0.3520261,0.016358467,0.19342051,0.125291,1.277041,1.5593805,0.72333217,6.447707E-5,0.01642394,0.0020396311,0.058961637,0.0064655547
375316653866487564,4203509820072057600,0.62477255,2202.532293738998,0.5238893290716672,3.046185E-5,16.296196,0.0011473347,0.20925944,0.0014785377,0.031873215,0.0013676806,0.24001685,0.004995887,null,null,null,null,null,null,null,null,null,null,"ONEGAUSSIAN",5,2.270178,0.20925944,0.0014785377,0.17849001,0.0076590115,0.24001685,0.0,null,null,null,null,null,null
375316653866487564,4203509884453306752,0.50460947,2230.2392918585565,2.695316272632346,3.6657188E-5,17.734934,0.029208096,0.3006194,0.019505467,0.07363896,0.052089963,0.20005846,0.04752698,0.7910796,0.012374327,0.08044278,0.019030036,0.15794425,0.026954006,null,null,null,null,"TWOGAUSSIANS",8,10.2088585,0.3006194,0.019505467,0.4,0.007264254,0.19856943,0.06716873,0.7910796,0.012379569,0.4,0.0,0.15645522,0.012851728
375316653866487564,4203509991868376064,0.46263784,2221.2921393101637,2.8930417273758984,5.5248704E-5,19.795338,0.24247502,0.3754497,0.051145382,0.15104611,0.08024049,0.39112547,0.2410505,0.8428704,0.11188886,0.116240464,0.09240536,0.31306702,0.27566648,null,null,null,null,"TWOGAUSSIANS",8,3.0221648,0.3756297,0.05072503,0.4,0.0,0.29451504,0.031809602,0.8428704,0.112294085,0.4,0.20209289,0.22038954,0.18368818
375316653866487564,4203509991868568576,0.63392,2231.6281272363685,2.596353550799673,7.226871E-6,17.439276,0.017524691,0.2999105,0.0013518432,0.05380858,0.0044465247,0.41508982,0.035206825,0.80656636,0.06344084,0.044390142,0.030646188,0.26488385,0.6808456,0.11318629,0.019710667,0.2999105,0.0013518432,"TWOGAUSSIANS_WITH_ELLIPSOIDAL_ON_ECLIPSE1",9,6.9344964,0.2999105,0.0013518432,0.30132806,0.024900537,0.6414535,0.021686317,0.80656636,0.06344084,0.24858479,0.17161866,0.49085188,0.68744034
375316653866487564,4203510232387041408,0.57699543,2209.7810102727803,3.279149027343135,2.9884312E-5,18.514215,0.007568859,0.2828948,0.0074737235,0.06577499,0.0064020106,0.6344812,0.02651088,0.78701645,0.0058253095,0.07237076,0.004352382,0.50111675,0.03318674,null,null,null,null,"TWOGAUSSIANS",8,7.586942,0.2828948,0.0074737235,0.36833996,0.03585126,0.63304526,0.026400272,0.78701645,0.0058253095,0.4,0.001178153,0.49968085,0.033331506
375316653866487564,4203510679063196416,0.497054,2277.5222088073415,0.23633195117632688,3.3768112E-5,18.962673,0.012176491,0.23887107,0.010423576,0.0854636,0.01721822,0.13604614,0.018207178,0.7230345,0.0059868135,0.079578094,0.012284039,0.20513691,0.02248464,null,null,null,null,"TWOGAUSSIANS",8,1.9183221,0.7230345,0.0059868135,0.4,0.0039556376,0.20263794,0.023664035,0.23887107,0.010423576,0.4,0.0,0.13354716,0.01841549
375316653866487564,4203510846518773760,0.586181,2233.3290985244817,0.08992153770410247,2.6786449E-5,15.726632,0.0068221255,0.2958883,0.0035460873,0.025074527,0.004611172,7.598851,8.485968,0.7389855,0.003272724,0.025716882,0.003495612,0.2165339,0.087082036,null,null,null,null,"TWOGAUSSIANS",8,82.40169,0.2958883,0.0035460873,0.14041735,0.025822561,7.598851,8.485968,0.7389855,0.003272724,0.14401454,0.019575426,0.2165339,0.087082036
375316653866487564,4203510988301419008,0.5436954,2231.626858784039,1.840461574915028,1.5072653E-5,18.576181,0.009416812,0.32622972,0.0037236235,0.057141088,0.004877204,0.270798,0.013499916,0.8297472,0.012646221,0.078025214,0.025957348,0.10553034,0.012485919,null,null,null,null,"TWOGAUSSIANS",8,2.732701,0.32622972,0.0037236235,0.3199901,0.027312342,0.27050108,0.0133528365,0.8297472,0.012646221,0.4,0.05533603,0.10523343,0.0127040995
375316653866487564,4203511228821018240,0.5499657,2270.4658754578877,1.594562694530513,1.2048705E-6,17.102146,0.007192919,0.34415892,0.02546083,0.07288131,0.022778358,0.2868496,0.03817924,0.74420375,2.2952391E-4,0.004771605,8.4351853E-4,0.05502408,0.005817949,null,null,null,null,"TWOGAUSSIANS",8,12.038321,0.34415892,0.02546083,0.4,0.0,0.2868496,0.03817949,0.74420375,2.2952391E-4,0.026720988,0.004723704,0.055024162,0.005905103
375316653866487564,4203511435018245632,0.60089934,2260.5890558494816,0.8923835491482909,7.597629E-5,16.65998,0.0019608834,0.5626029,0.03871678,0.04663153,0.038234208,0.012901446,0.0329502,0.73819506,0.0012361064,0.016634129,0.0013916048,0.2678051,0.023304591,null,null,null,null,"TWOGAUSSIANS",8,2.6132195,0.73819506,0.0012361064,0.09315112,0.0077929865,0.26781586,0.023367554,0.5626029,0.03871678,0.26113656,0.21411157,0.012901446,0.0329502
375316653866487564,4203511744216566656,0.45283958,2203.2463530239643,1.5241944248780481,6.9137546E-5,18.923729,0.07726102,0.2066701,0.07865383,0.11969841,0.08180305,0.062217608,0.060548328,0.5381021,0.031954467,0.120926686,0.053945057,0.14758734,0.05621927,null,null,null,null,"TWOGAUSSIANS",8,2.3682945,0.5381021,0.031954467,0.4,0.0,0.1449409,0.02309739,0.24382012,0.660449,0.4,0.0,0.062938854,0.18451135
375316653866487564,4203511812936148864,0.46895853,2208.683296428172,3.0595928975132405,5.489547E-5,19.262993,0.009054004,0.16046609,0.010918527,0.08076617,0.014637703,0.1933491,0.015655981,0.71913755,0.041917138,0.089324765,0.04544878,0.18251991,0.07824021,null,null,null,null,"TWOGAUSSIANS",8,2.2862272,0.16046609,0.0108140325,0.4,0.0,0.19164802,0.01528535,0.71913755,0.041917257,0.4,0.0,0.18081799,0.08156544
375316653866487564,4203511950376148608,0.4896903,2231.970748367769,4.270774147021475,3.5903417E-5,19.207878,0.04091079,0.25253993,0.011349397,0.080672875,0.017716847,0.21163677,0.06294078,0.78166616,0.0164363,0.116841346,0.033040315,0.171914,0.04037755,null,null,null,null,"TWOGAUSSIANS",8,2.268746,0.25248992,0.011378471,0.4,0.0,0.20158483,0.058028888,0.78166616,0.0164363,0.4,0.0,0.16180487,0.029010218
375316653866487564,4203511980423035904,0.49489427,2221.2678218237215,1.5426359696049319,2.7439286E-5,17.82582,0.02501,0.36135775,0.00886876,0.08158049,0.015621969,0.16861197,0.023667645,0.8459187,0.012651349,0.07702563,0.017335406,0.21747199,0.02782467,null,null,null,null,"TWOGAUSSIANS",8,3.945329,0.8459187,0.012651349,0.4,0.009978222,0.21553311,0.025362045,0.36135775,0.00886876,0.4,0.0,0.16667308,0.020288253
375316653866487564,4203512220906598016,0.44412705,2300.249876010927,4.366987074888751,2.1066347E-5,17.952652,0.061905008,0.08926201,0.030724723,0.060235508,0.03158026,0.12709957,0.07350023,0.47011235,0.0064907665,0.0888823,0.018226279,0.8152834,0.1528128,null,null,null,null,"TWOGAUSSIANS",8,12.763141,0.47011235,0.0064907665,0.4,0.0,0.81514925,0.154606,0.089382015,0.030734709,0.33731884,0.15130529,0.1270497,0.07176275
375316653866487564,4203512259620545920,0.5167436,2228.358937202306,2.5664731884954897,1.6699683E-5,18.156624,0.005435401,null,null,null,null,null,null,null,null,null,null,null,null,0.13052619,0.007955837,0.2516924,0.0035551307,"ELLIPSOIDAL",4,15.240903,null,null,null,null,null,null,null,null,null,null,null,null
375316653866487564,4203512568858660992,0.44766217,2250.0780372012105,0.9439844624985373,7.792127E-5,19.29936,0.020107178,0.28921184,0.02696758,0.028048629,0.03362167,0.15782066,0.05060241,0.76166064,0.015502465,0.072566696,0.020224895,0.084363475,0.025577601,null,null,null,null,"TWOGAUSSIANS",8,2.146918,0.28921184,0.02696758,0.15707232,0.18828134,0.15782046,0.050558843,0.76166064,0.015502465,0.4,0.054654952,0.08436328,0.024990845
375316653866487564,4203512603218619776,0.56154233,2198.981740529295,3.37867517035119,1.535573E-5,19.675587,0.014086445,0.2566928,0.0060890317,0.069911055,0.009266418,0.5014217,0.08135445,0.76413524,0.021358848,0.0679876,0.027750473,0.50567114,0.10903393,null,null,null,null,"TWOGAUSSIANS",8,2.274783,0.76413524,0.021358848,0.38073054,0.13901167,0.5045161,0.1093783,0.2566928,0.0060890317,0.3915019,0.031133065,0.50026673,0.08290372
375316653866487564,4203512671969653632,0.58931726,2254.7289414856245,2.7344963269027955,2.940481E-5,17.991404,0.012250431,0.22407964,0.0053969203,0.0415508,0.0075989417,0.18654782,0.030161308,0.73672396,0.0434771,0.047261175,0.03852227,0.172668,3.7909725,0.07849249,0.013071735,0.22407964,0.0053969203,"TWOGAUSSIANS_WITH_ELLIPSOIDAL_ON_ECLIPSE1",9,7.3784027,0.22407964,0.0053969203,0.23268448,0.042554073,0.34353215,0.017575007,0.73672396,0.0434771,0.2646626,0.21572472,0.32866356,3.7908452
375316653866487564,4203513079923117952,0.6017699,2230.875106522595,2.873954639683767,1.3171215E-5,17.570824,0.010558317,0.37248868,0.021180995,0.07919596,0.022556718,0.44701588,0.11437367,0.8704265,0.0035276033,0.07979646,0.0046865162,0.47100505,0.022238035,null,null,null,null,"TWOGAUSSIANS",8,9.752235,0.8704265,0.0035276033,0.4,0.0,0.46473253,0.022591151,0.37248868,0.021180995,0.4,0.068973735,0.4407434,0.1182087
375316653866487564,4203513079923149568,0.4998427,2233.2621049052414,3.7762540467148424,3.5376266E-5,17.508383,0.0070821033,null,null,null,null,null,null,null,null,null,null,null,null,0.0905278,0.009536864,0.21455494,0.010214452,"ELLIPSOIDAL",4,17.340527,null,null,null,null,null,null,null,null,null,null,null,null
375316653866487564,4203513187365293440,0.5162265,2280.240915867214,0.25848921047384443,3.082543E-5,18.76872,0.03287507,0.35160992,0.02168001,0.18262818,0.04063182,0.1729073,0.030732019,0.82984704,0.17230715,0.06613944,0.06280611,0.065158516,15.746206,null,null,null,null,"TWOGAUSSIANS",8,1.4806322,0.35160992,0.02168001,0.4,0.0,0.14596622,0.02063167,0.82984704,0.17230715,0.37038085,0.3500738,0.046745043,15.758195
375316653866487564,4203513977639339520,0.5125909,2215.9438836242516,3.6593950051614423,2.5454041E-5,17.183117,0.0049499506,0.30659294,0.0016684349,0.06958892,0.013633015,0.17834477,0.040722854,0.8176457,0.024100762,0.072691396,0.020817187,0.1230518,0.019879205,null,null,null,null,"TWOGAUSSIANS",8,6.6231756,0.30659294,0.0016684349,0.38969794,0.018187743,0.17787959,0.0415613,0.8176457,0.024100762,0.4,0.042642362,0.122586615,0.019990662
375316653866487564,4203514145085058432,0.5852148,2246.2398540117265,0.2809501937179168,1.4753676E-4,18.172134,0.009852996,0.31252527,0.035907764,0.028448109,0.013097252,0.5402646,0.41848996,0.637771,0.043327626,0.09782994,0.041395105,0.059279166,0.010921484,null,null,null,null,"TWOGAUSSIANS",8,6.1736717,0.3125353,0.03593714,0.1593094,0.07334461,0.5405003,0.41886532,0.637771,0.043327626,0.4,0.0046072337,0.05927891,0.010921455
375316653866487564,4203514213794197760,0.5357058,2188.1307691743245,2.807118964287527,1.3182456E-5,17.459888,0.03497921,0.28264958,0.00439435,0.104833335,0.014046498,0.19049421,0.032640416,0.79318756,0.007673156,0.12270393,0.030253546,0.15743855,0.027309326,null,null,null,null,"TWOGAUSSIANS",8,4.3826027,0.28259957,0.0043455353,0.4,0.0,0.1630271,0.005895136,0.7931976,0.007674228,0.4,0.0,0.12989368,0.01618003
375316653866487564,4203514252517323008,0.64720637,2229.006726875044,2.7157649735662783,7.995898E-6,15.578284,0.012727935,0.2181889,0.0017100449,0.07233634,0.0023222258,0.5730236,0.0136821885,0.70973897,0.020967914,0.06883058,0.021254856,0.5843218,0.16584092,null,null,null,null,"TWOGAUSSIANS",8,50.182884,0.70973897,0.020967914,0.38545126,0.019798808,0.58255863,0.16922751,0.2181889,0.0017100449,0.4,0.0,0.5712605,0.011187552
375316653866487564,4203514870972614912,0.49747294,2245.8996488594607,3.8193793207987214,4.2582113E-5,19.454065,0.019194897,0.19270514,0.09336751,0.04756529,0.05060538,0.5594363,1.265827E7,0.66786695,0.019752657,0.06799536,0.053259507,0.26797807,0.11271179,null,null,null,null,"TWOGAUSSIANS",8,1.6205184,0.19270514,0.093366876,0.26636562,0.2833901,0.5594128,1.265827E7,0.66786695,0.019752657,0.38077402,0.04732228,0.26795453,0.11791646
375316653866487564,4203514939692189568,0.49213207,2310.712342120254,2.7179233990848863,3.6824465E-5,18.267626,0.034705278,0.33044633,0.015747322,0.08048997,0.023288853,0.3752172,0.101463415,0.8338557,0.013772419,0.08645106,0.013363989,0.33539012,0.048011854,null,null,null,null,"TWOGAUSSIANS",8,10.964653,0.33044633,0.015747322,0.4,0.0,0.36771724,0.1097543,0.8338557,0.013772419,0.4,0.0,0.32789013,0.04201492
