Gaia/vari_eclipsing_binary/VariEclipsingBinary_604407-604501.csv
# %ECSV 1.0
# ---
# delimiter: ','
# meta: !!omap
# - RELEASE: Gaia DR3
# - TABLE: vari_eclipsing_binary
# - DESCRIPTION: >
#     This table describes the properties of the eclipsing binaries resulting from the variability analysis. 
# - CITATION: >
#     How to cite and acknowledge Gaia: 
#     https://gea.esac.esa.int/archive/documentation/credits.html 
# - KNOWN_ISSUES: >
#     Known issues: 
#     https://www.cosmos.esa.int/web/gaia-users/known-issues 
# - DOCUMENTATION: >
#     Tutorials and documentation: 
#     https://www.cosmos.esa.int/web/gaia-users/archive 
# datatype:
# - 
#   name: solution_id
#   datatype: int64
#   description: Solution Identifier
#   meta:
#     ucd: meta.version
# - 
#   name: source_id
#   datatype: int64
#   description: Unique source identifier
#   meta:
#     ucd: meta.id;meta.main
# - 
#   name: global_ranking
#   datatype: float32
#   description: Number between 0 (worst) and 1 (best)
#   meta:
#     ucd: stat.param
# - 
#   name: reference_time
#   datatype: float64
#   unit: d
#   description: Reference time used for the geometric model fit
#   meta:
#     ucd: time.epoch
# - 
#   name: frequency
#   datatype: float64
#   unit: d**-1
#   description: Frequency of geometric model of the eclipsing binary light curve
#   meta:
#     ucd: src.orbital
# - 
#   name: frequency_error
#   datatype: float32
#   unit: d**-1
#   description: "Uncertainty of \\texttt{frequency}"
#   meta:
#     ucd: stat.error
# - 
#   name: geom_model_reference_level
#   datatype: float32
#   unit: mag
#   description: Magnitude reference level of geometric model
#   meta:
#     ucd: phot.mag;em.opt
# - 
#   name: geom_model_reference_level_error
#   datatype: float32
#   unit: mag
#   description: "Uncertainty of \\texttt{geomModelReferenceLevel}"
#   meta:
#     ucd: stat.error;phot.mag;em.opt
# - 
#   name: geom_model_gaussian1_phase
#   datatype: float32
#   description: Phase of the Gaussian 1 component
#   meta:
#     ucd: time.phase
# - 
#   name: geom_model_gaussian1_phase_error
#   datatype: float32
#   description: "Uncertainty of \\texttt{geomModelGaussian1Phase}"
#   meta:
#     ucd: stat.error;time.phase
# - 
#   name: geom_model_gaussian1_sigma
#   datatype: float32
#   description: "Standard deviation [phase] of Gaussian 1 component"
#   meta:
#     ucd: stat.stdev
# - 
#   name: geom_model_gaussian1_sigma_error
#   datatype: float32
#   description: "Uncertainty of \\texttt{geomModelGaussian1Sigma}"
#   meta:
#     ucd: stat.error
# - 
#   name: geom_model_gaussian1_depth
#   datatype: float32
#   unit: mag
#   description: Magnitude depth of Gaussian 1 component
#   meta:
#     ucd: src.var.amplitude
# - 
#   name: geom_model_gaussian1_depth_error
#   datatype: float32
#   unit: mag
#   description: "Uncertainty of \\texttt{geomModelGaussian1Depth}"
#   meta:
#     ucd: stat.error;src.var.amplitude
# - 
#   name: geom_model_gaussian2_phase
#   datatype: float32
#   description: Phase of Gaussian 2 component
#   meta:
#     ucd: time.phase
# - 
#   name: geom_model_gaussian2_phase_error
#   datatype: float32
#   description: "Uncertainty of \\texttt{geomModelGaussian2Phase}"
#   meta:
#     ucd: stat.error;time.phase
# - 
#   name: geom_model_gaussian2_sigma
#   datatype: float32
[...]
#   datatype: float32
#   description: "Secondary eclipse: uncertainty of \\texttt{derivedSecondaryEclDuration}"
#   meta:
#     ucd: stat.error;time.duration
# - 
#   name: derived_secondary_ecl_depth
#   datatype: float32
#   unit: mag
#   description: "Secondary eclipse: depth"
#   meta:
#     ucd: src.var.amplitude
# - 
#   name: derived_secondary_ecl_depth_error
#   datatype: float32
#   unit: mag
#   description: "Secondary eclipse: uncertainty of \\texttt{derivedSecondaryEclDepth}"
#   meta:
#     ucd: stat.error;src.var.amplitude
solution_id,source_id,global_ranking,reference_time,frequency,frequency_error,geom_model_reference_level,geom_model_reference_level_error,geom_model_gaussian1_phase,geom_model_gaussian1_phase_error,geom_model_gaussian1_sigma,geom_model_gaussian1_sigma_error,geom_model_gaussian1_depth,geom_model_gaussian1_depth_error,geom_model_gaussian2_phase,geom_model_gaussian2_phase_error,geom_model_gaussian2_sigma,geom_model_gaussian2_sigma_error,geom_model_gaussian2_depth,geom_model_gaussian2_depth_error,geom_model_cosine_half_period_amplitude,geom_model_cosine_half_period_amplitude_error,geom_model_cosine_half_period_phase,geom_model_cosine_half_period_phase_error,model_type,num_model_parameters,reduced_chi2,derived_primary_ecl_phase,derived_primary_ecl_phase_error,derived_primary_ecl_duration,derived_primary_ecl_duration_error,derived_primary_ecl_depth,derived_primary_ecl_depth_error,derived_secondary_ecl_phase,derived_secondary_ecl_phase_error,derived_secondary_ecl_duration,derived_secondary_ecl_duration_error,derived_secondary_ecl_depth,derived_secondary_ecl_depth_error
[from data line 757]
375316653866487564,5317218719908092416,0.48618212,2071.0684996502955,0.042370711103042656,1.7817574E-5,17.366837,0.005661496,0.2028803,0.0033801924,0.04334976,0.0051836516,0.15206881,0.012274164,0.629884,0.015437469,0.048115555,0.026036039,0.20321292,0.018400181,0.019003145,0.0055295127,0.629884,0.015437469,"TWOGAUSSIANS_WITH_ELLIPSOIDAL_ON_ECLIPSE2",9,6.6397486,0.629884,0.015437469,0.26944712,0.13275315,0.24121894,0.016972076,0.2005903,0.0031469082,0.24275868,0.02902845,0.18284227,0.012428377
375316653866487564,5317219677675845376,0.5721613,2092.7253570957423,3.4849078952246053,4.3914024E-6,17.952742,0.020474384,0.25596064,0.0014141871,0.06513021,0.005440613,0.42823747,0.045007434,0.76518375,0.0022922787,0.050723426,0.0062270863,0.3510308,0.04427002,0.07869859,0.02824508,0.25596064,0.0014141871,"TWOGAUSSIANS_WITH_ELLIPSOIDAL_ON_ECLIPSE1",9,9.777754,0.25596064,0.0014141871,0.36472917,0.030467432,0.585372,0.030625219,0.76518375,0.0022922787,0.2840512,0.034871683,0.5076373,0.03430841
375316653866487564,5317220334798139904,0.5584293,2062.3588902084875,2.7945027876322435,7.2910584E-6,17.385864,0.01944924,0.22124244,0.002968925,0.1018094,0.007089295,0.36680615,0.01849678,0.7216509,0.0028681047,0.096113846,0.0057467734,0.3922165,0.0201163,null,null,null,null,"TWOGAUSSIANS",8,13.119591,0.7216509,0.0028681047,0.4,0.0,0.3612322,0.013751461,0.22124244,0.002968925,0.4,0.0,0.33581865,0.01280391
375316653866487564,5317220605381357440,0.4967721,2099.960430082976,0.04437530190286777,3.4682773E-5,18.380274,0.0033730108,0.29894245,0.008886132,0.07337851,0.009649238,0.2082361,0.022448542,0.79751194,0.010582684,0.058795825,0.009345442,0.19267182,0.0053074867,null,null,null,null,"TWOGAUSSIANS",8,5.3853526,0.29894245,0.008886132,0.4,0.0071501858,0.20793644,0.022569101,0.79751194,0.010582684,0.32925662,0.052334476,0.19237216,0.0051964037
375316653866487564,5317221159430139776,0.6051159,2046.0106131056239,2.7050705359255693,5.801578E-6,19.025864,0.004926787,0.27289402,0.0025875394,0.07326406,0.0025032004,0.43001083,0.013641392,0.7814316,0.0025450482,0.0718114,0.002567115,0.41085535,0.014833405,null,null,null,null,"TWOGAUSSIANS",8,1.0161765,0.27289402,0.0025875394,0.4,0.0,0.4282052,0.013707727,0.7814316,0.0025450482,0.4,0.006845483,0.40904972,0.01501713
375316653866487564,5317221189494939136,0.49357793,2042.5802624099606,0.4992717660524043,9.67605E-5,19.8154,0.011045774,0.34953132,0.032525692,0.06347547,0.023332601,0.15286301,0.14816603,0.803134,0.017360903,0.018782891,0.005611481,0.99631226,0.7008542,null,null,null,null,"TWOGAUSSIANS",8,3.0050306,0.803134,0.017360903,0.1051842,0.031424295,0.99631226,0.7008541,0.34953132,0.032525692,0.3554626,0.13066258,0.15286301,0.14816603
375316653866487564,5317221326934006656,0.6131168,2078.61446567933,0.7074716231851184,1.1560475E-5,18.545288,0.0023709831,0.35148346,0.0044680154,0.019190678,0.0053077997,0.6628233,0.12146362,0.8541774,0.0012658341,0.021017473,0.0011386677,0.566523,0.023071032,null,null,null,null,"TWOGAUSSIANS",8,1.6322262,0.35148346,0.0044680154,0.10746779,0.02972368,0.6628233,0.12146362,0.8541774,0.0012658341,0.11769785,0.0063765394,0.566523,0.023071032
375316653866487564,5317223221033540608,0.6081402,2090.0794023392928,1.5607707672562507,2.2231845E-6,16.736624,0.0030010855,0.2906979,0.0021745744,0.037026607,0.0015846586,0.3849471,0.018012509,0.7893243,0.003388946,0.037216738,0.006544367,0.1104702,0.06594877,0.013814926,0.004235161,0.2906979,0.0021745744,"TWOGAUSSIANS_WITH_ELLIPSOIDAL_ON_ECLIPSE1",9,5.9695196,0.2906979,0.0021745744,0.20734899,0.0088740885,0.4125769,0.016979061,0.7893643,0.0033002591,0.20841374,0.036648452,0.13809802,0.06677903
375316653866487564,5317224006993969024,0.45601827,2026.78572491393,3.1815600847679324,2.605059E-5,16.898975,0.6934267,0.26523286,0.009180323,0.31132385,0.1419317,0.97823894,0.6598885,0.7523308,0.0057857577,0.107139796,0.011598212,0.5348138,0.13748059,null,null,null,null,"TWOGAUSSIANS",8,39.735626,0.7523308,0.0057857577,0.4,0.0,0.30689985,0.030071668,0.26528287,0.009151624,0.4,0.0,0.22211872,0.024650784
375316653866487564,5317224114386755200,0.5776336,2077.774519473068,2.9504854703657326,6.137811E-6,18.288485,0.016106956,0.25687522,0.0025698491,0.09632805,0.0046813632,0.43789282,0.019123923,0.7612032,0.003303054,0.093601145,0.0054926253,0.43412808,0.016780287,null,null,null,null,"TWOGAUSSIANS",8,4.192695,0.25687522,0.0025698491,0.4,0.0,0.41222286,0.016024303,0.7612032,0.003303054,0.4,0.0,0.4084588,0.010904765
375316653866487564,5317224217465950720,0.5752129,2071.5445431535486,2.4357469059962567,6.3685748E-6,17.823906,0.01501929,0.2800742,0.0021092806,0.10651773,0.007383603,0.20058662,0.013598293,0.7827547,0.0029936128,0.11470581,0.00936026,0.19758554,0.014097888,null,null,null,null,"TWOGAUSSIANS",8,1.3648545,0.2800642,0.0021197367,0.4,0.0,0.17053056,0.005550563,0.7827547,0.0029936128,0.4,0.0,0.16750641,0.004019231
375316653866487564,5317224457983956096,0.5418449,2078.6653518415815,3.483227003321161,8.900393E-6,16.447226,0.019826286,0.23945874,0.0021937073,0.051686436,0.009763809,0.2314081,0.037832864,0.7442937,0.007355686,0.058863312,0.014860357,0.16018322,0.041188553,0.08579466,0.024228713,0.23945874,0.0021937073,"TWOGAUSSIANS_WITH_ELLIPSOIDAL_ON_ECLIPSE1",9,43.007885,0.23945874,0.0021937073,0.28944403,0.054677334,0.40298185,0.02540594,0.7442937,0.0072809886,0.32963455,0.083218,0.33159864,0.034423828
375316653866487564,5317224904660756480,0.5854328,2067.788239274922,1.4330130508820773,3.3410913E-6,17.563242,0.005837067,0.2537923,0.0030627782,0.036583256,0.0034653677,0.1578119,0.020290049,0.75624925,0.002083996,0.039057627,0.0018447499,0.46306795,0.01768674,0.041921474,0.008359553,0.2537923,0.0030627782,"TWOGAUSSIANS_WITH_ELLIPSOIDAL_ON_ECLIPSE1",9,6.05713,0.75624925,0.002083996,0.2187227,0.0103306,0.54689074,0.012721589,0.2537923,0.0030627782,0.20486625,0.01940606,0.24165468,0.0134199
375316653866487564,5317224973380048128,0.531139,2050.573957866648,0.46480430673409373,3.370224E-5,13.271866,0.001620218,0.14848055,0.008032534,0.017516054,0.006482854,0.050436925,0.008315088,0.6433313,0.006728734,0.015896024,0.009326637,0.17395402,0.04356706,0.004738977,0.0027112241,0.14848055,0.008032534,"TWOGAUSSIANS_WITH_ELLIPSOIDAL_ON_ECLIPSE1",9,53.92604,0.6433413,0.0067181867,0.089017734,0.052229166,0.18342207,0.043370444,0.14848055,0.008032534,0.0980899,0.036303982,0.059914876,0.008194682
375316653866487564,5317225145178675456,0.60287046,2107.3460173648355,1.092088810099565,4.267561E-6,15.53605,0.010117025,0.22889218,0.0012105777,0.11540473,0.0051908563,0.22103469,0.009076248,0.72591084,0.0019416923,0.10251583,0.0041091274,0.3200044,0.0095706815,null,null,null,null,"TWOGAUSSIANS",8,18.433437,0.72591084,0.0019416923,0.4,0.0,0.2836864,0.005420344,0.22889218,0.0012105777,0.4,0.0,0.18468378,0.0036743616
375316653866487564,5317225209584668160,0.49776483,2100.877292587431,3.8359466906917046,1.4609108E-5,18.157421,0.004242825,0.28905192,0.008653262,0.079618715,0.009611604,0.09051632,0.005347007,0.8041395,0.0046795662,0.086944684,0.007959685,0.08688125,0.005208036,null,null,null,null,"TWOGAUSSIANS",8,1.4460366,0.28905192,0.008653262,0.4,0.0,0.089032635,0.0047631147,0.8041395,0.0046795662,0.4,0.0,0.08539754,0.0050610355
375316653866487564,5317226725726664576,0.55826443,2079.156648243656,3.234686552470264,5.0229473E-6,16.691547,0.0050389264,0.28256246,0.0036328423,0.053765055,0.013784575,0.10886927,0.012355195,0.78486943,0.002409099,0.038156737,0.0061626527,0.09358556,0.00925063,0.054209348,0.006797771,0.28256246,0.0036328423,"TWOGAUSSIANS_WITH_ELLIPSOIDAL_ON_ECLIPSE1",9,8.733001,0.28256246,0.0036328423,0.3010843,0.07719362,0.21728575,0.011890684,0.78486943,0.0022778956,0.21367772,0.034510855,0.20197926,0.007915568
375316653866487564,5317226760086396928,0.5336471,2048.9415599070476,3.436241776970564,1.1328742E-5,16.58287,0.014484632,0.19977075,0.0046654865,0.059254937,0.0048252037,0.6372139,0.021504218,0.68554175,0.009164343,0.078651056,0.0073872297,0.71827245,0.081920415,null,null,null,null,"TWOGAUSSIANS",8,182.78677,0.68554175,0.009164343,0.4,0.0,0.7169802,0.08233607,0.19977075,0.0046654865,0.33182764,0.027021142,0.6359217,0.021312183
375316653866487564,5317226790133270784,0.5297879,2082.3410813138253,3.881725122557799,5.78586E-6,19.27658,0.008470655,0.20210174,0.002066134,0.07064234,0.004559708,0.5053815,0.03094042,0.7018963,0.0018792214,0.06562902,0.0034601244,0.51410687,0.019688962,null,null,null,null,"TWOGAUSSIANS",8,3.027659,0.7018963,0.0018792214,0.36752254,0.019376697,0.5128987,0.019863388,0.20210174,0.002066134,0.39559707,0.015091783,0.5041733,0.031397928
375316653866487564,5317227099371138048,0.5103156,2085.981871004778,0.8237162333865788,2.5614949E-5,17.104462,0.0019524602,0.2752294,0.017085738,0.099435,0.012260757,0.0247029,0.0043055112,0.76766354,0.005084694,0.04183247,0.009462593,0.13276023,0.012193012,null,null,null,null,"TWOGAUSSIANS",8,5.1576257,0.76766354,0.005084694,0.23426184,0.052990522,0.13264893,0.012329105,0.2752294,0.017085738,0.4,0.0,0.024591437,0.0042811534
375316653866487564,5317227275482487936,0.5847243,2067.89944000511,1.994006356270115,7.80891E-6,17.52417,0.013839635,0.2142997,0.0019487087,0.049615573,0.0033183524,0.53118473,0.046406124,0.7151695,0.0027260005,0.049094073,0.005935998,0.49102357,0.03383114,0.054376107,0.019201122,0.2142997,0.0019487087,"TWOGAUSSIANS_WITH_ELLIPSOIDAL_ON_ECLIPSE1",9,17.23544,0.2142997,0.0019487087,0.2778472,0.018582774,0.6399341,0.04276314,0.7151695,0.0027134754,0.2749268,0.03324159,0.5997698,0.038916823
375316653866487564,5317228542480327552,0.54763144,2059.4451638446153,2.587808613047242,6.5603454E-6,19.090796,0.0070639793,0.2516437,0.0047909766,0.08877452,0.0062967166,0.3342128,0.009708435,0.75975287,0.0019407381,0.08606785,0.0031505288,0.34959847,0.010633844,null,null,null,null,"TWOGAUSSIANS",8,1.7036752,0.75975287,0.0019407381,0.4,0.0,0.33958265,0.01061988,0.2516437,0.0047909766,0.4,0.0,0.32419696,0.009774535
375316653866487564,5317229096530190720,0.55136067,2070.6556331499423,3.089662691476187,8.723487E-6,19.102339,0.016084362,0.2753371,0.0037349097,0.04746904,0.006849778,0.19899201,0.03849797,0.7709705,0.005627581,0.03508855,0.006337186,0.33732963,0.05149447,0.09394164,0.022811227,0.2753371,0.0037349097,"TWOGAUSSIANS_WITH_ELLIPSOIDAL_ON_ECLIPSE1",9,4.410788,0.7711905,0.0053381952,0.19649589,0.03548824,0.5250783,0.040485382,0.2753371,0.0037349097,0.2658266,0.038358755,0.38687482,0.016417934
375316653866487564,5317230294827024512,0.60670483,2063.372104619469,3.61319662865892,4.21348E-6,18.783102,0.023272516,0.28167406,0.003417077,0.05259421,0.006303393,0.50794584,0.04476826,0.777782,0.0022850616,0.049398005,0.0043630847,0.3966883,0.05092704,0.09825072,0.027795922,0.28167406,0.003417077,"TWOGAUSSIANS_WITH_ELLIPSOIDAL_ON_ECLIPSE1",9,3.152407,0.28167406,0.003417077,0.2945276,0.035299,0.7044391,0.020816348,0.778122,0.0020920178,0.27662882,0.024433276,0.5930743,0.012547916
375316653866487564,5317230677096819712,0.65854555,2073.9937151410904,4.608615113946764,3.1380478E-6,14.960135,4.7107777E-4,0.45844433,0.0665716,0.13750428,0.038247876,0.002328397,0.0012156132,0.8344942,1.2767453E-4,0.016095076,1.1899867E-4,0.35051265,0.003085641,null,null,null,null,"TWOGAUSSIANS",8,3.0175881,0.8344942,1.2767453E-4,0.09013243,6.6639256E-4,0.3505618,0.0030867988,0.45844433,0.0665716,0.4,0.0,0.002322132,0.0012132071
375316653866487564,5317230810223027840,0.5149347,2058.468684846847,3.7156456430263782,1.1676259E-5,17.428219,0.010071521,0.15706098,0.0020114146,0.039690476,0.007578314,0.09204877,0.024119534,0.643056,0.0068143206,0.04706326,0.022832727,0.22364964,0.08979328,0.10049477,0.015001175,0.15706098,0.0020114146,"TWOGAUSSIANS_WITH_ELLIPSOIDAL_ON_ECLIPSE1",9,20.871374,0.644956,0.0070134574,0.26355428,0.12786327,0.42329633,0.10330532,0.15706098,0.0020114146,0.22226666,0.04243856,0.2930381,0.01279734
375316653866487564,5317231600497676800,0.5495053,2096.2701366459482,3.836645263165944,8.011855E-6,19.307123,0.0066913688,0.23161171,0.0027147967,0.06874867,0.0027939775,0.5342217,0.011953012,0.73656774,0.0033103526,0.07086654,0.004630771,0.59099114,0.048260495,null,null,null,null,"TWOGAUSSIANS",8,2.8113396,0.73656774,0.0033103526,0.39685264,0.019338734,0.5893677,0.048831817,0.23161171,0.0027147967,0.3849925,0.015646273,0.53259826,0.011832072
375316653866487564,5317231639169527552,0.58537126,2073.222284207254,1.872922290481553,5.15756E-6,17.09482,0.007105262,0.1192334,0.0020493884,0.08705352,0.0046052877,0.17079964,0.0064039426,0.60859483,0.0019575118,0.0912677,0.0033512518,0.2659641,0.0083491765,null,null,null,null,"TWOGAUSSIANS",8,4.037307,0.60859483,0.0019575118,0.4,0.0,0.25888434,0.0072653936,0.1192334,0.0020493884,0.4,0.0,0.16372006,0.0046865023
375316653866487564,5317232017126658432,0.6313986,2098.542802657864,1.949249114750233,3.2245182E-6,15.860649,0.007275007,0.26331618,7.0725055E-4,0.06541224,0.0045706904,0.1264693,0.0148569625,0.7670985,0.003197279,0.057246406,0.0075382185,0.06643476,0.015350959,0.060194764,0.0082933,0.26331618,7.0725055E-4,"TWOGAUSSIANS_WITH_ELLIPSOIDAL_ON_ECLIPSE1",9,6.0107493,0.26331618,7.0725055E-4,0.3663085,0.025595866,0.24677084,0.0033062617,0.7670985,0.003197279,0.3205799,0.04221402,0.18666832,0.0023623372
375316653866487564,5317234692874270336,0.46134576,2120.9288201867744,3.070648190274935,2.0183228E-5,15.965011,0.019605365,0.30011824,0.0067210146,0.09136796,0.010664376,0.23066951,0.02149219,0.8207918,0.007908715,0.079218164,0.009939233,0.23465995,0.031143239,null,null,null,null,"TWOGAUSSIANS",8,183.24966,0.8207918,0.007908715,0.4,0.0,0.23026276,0.030733395,0.30011824,0.0067210146,0.4,0.0,0.22627205,0.019794902
375316653866487564,5317234903344494080,0.55762136,2088.56483163909,1.7879365095279922,5.191244E-6,17.017918,0.0043000975,0.2865511,0.0015336805,0.038871154,0.0018707077,0.36008096,0.0194544,0.7838591,0.0012684601,0.035408285,0.0011146565,0.5222751,0.014414876,null,null,null,null,"TWOGAUSSIANS",8,25.348919,0.7838591,0.0012684601,0.19828638,0.006242076,0.5222751,0.014414876,0.2865511,0.0015336805,0.21767846,0.010475963,0.36008096,0.0194544
375316653866487564,5317235143844283264,0.5467185,2090.936333724648,2.6002638463765386,9.2770815E-6,19.41952,0.022876265,0.22408184,0.0060771164,0.0907276,0.009436431,0.3973357,0.023258317,0.7142651,0.0030728495,0.09935597,0.007434424,0.33940703,0.02253216,null,null,null,null,"TWOGAUSSIANS",8,1.4845834,0.22408184,0.0060771164,0.4,0.0,0.37732103,0.018000335,0.7142651,0.0030728495,0.4,0.0,0.31939015,0.011524121
375316653866487564,5317235345709309184,0.45319614,2070.432354919835,0.8181153400719773,8.035607E-6,19.47892,0.008457431,0.3524551,0.0014695487,0.015884066,0.0014444479,0.26451772,0.014625506,0.60970855,0.002704826,0.01407996,0.0028636332,0.44554973,0.12161085,null,null,null,null,"TWOGAUSSIANS",8,7.004112,0.60970855,0.002704826,0.07884777,0.016036347,0.44554973,0.12161085,0.3524551,0.0014695487,0.08895077,0.008088908,0.26451772,0.014625506
375316653866487564,5317235487460033792,0.49162522,2085.021575558135,0.711721078311761,2.3038032E-5,15.542439,0.003308254,0.19582564,0.010412378,0.025469847,0.0066887834,0.019920759,0.016373182,0.71258473,0.0038599705,0.031405874,0.0072931587,0.17095256,0.03393099,0.017898658,0.0043517426,0.19582564,0.010412378,"TWOGAUSSIANS_WITH_ELLIPSOIDAL_ON_ECLIPSE1",9,45.807083,0.71258473,0.0038599705,0.17587289,0.040841687,0.2063544,0.0387562,0.19582564,0.010412378,0.14263114,0.037457187,0.055718057,0.014595104
375316653866487564,5317235895465516032,0.62778246,2068.5748954118344,1.4757663822877873,2.5913505E-6,16.948126,0.004600376,0.2811791,0.0010343684,0.090733446,0.0017473222,0.35110933,0.0062568267,0.78375643,0.0011169381,0.080306016,0.0015767403,0.38737318,0.007443575,null,null,null,null,"TWOGAUSSIANS",8,4.554409,0.78375643,0.0011169381,0.4,0.0,0.3775888,0.0073422953,0.2811791,0.0010343684,0.4,0.0,0.3413248,0.005927308
