Gaia/vari_eclipsing_binary/VariEclipsingBinary_468673-468695.csv
# %ECSV 1.0
# ---
# delimiter: ','
# meta: !!omap
# - RELEASE: Gaia DR3
# - TABLE: vari_eclipsing_binary
# - DESCRIPTION: >
#     This table describes the properties of the eclipsing binaries resulting from the variability analysis. 
# - CITATION: >
#     How to cite and acknowledge Gaia: 
#     https://gea.esac.esa.int/archive/documentation/credits.html 
# - KNOWN_ISSUES: >
#     Known issues: 
#     https://www.cosmos.esa.int/web/gaia-users/known-issues 
# - DOCUMENTATION: >
#     Tutorials and documentation: 
#     https://www.cosmos.esa.int/web/gaia-users/archive 
# datatype:
# - 
#   name: solution_id
#   datatype: int64
#   description: Solution Identifier
#   meta:
#     ucd: meta.version
# - 
#   name: source_id
#   datatype: int64
#   description: Unique source identifier
#   meta:
#     ucd: meta.id;meta.main
# - 
#   name: global_ranking
#   datatype: float32
#   description: Number between 0 (worst) and 1 (best)
#   meta:
#     ucd: stat.param
# - 
#   name: reference_time
#   datatype: float64
#   unit: d
#   description: Reference time used for the geometric model fit
#   meta:
#     ucd: time.epoch
# - 
#   name: frequency
#   datatype: float64
#   unit: d**-1
#   description: Frequency of geometric model of the eclipsing binary light curve
#   meta:
#     ucd: src.orbital
# - 
#   name: frequency_error
#   datatype: float32
#   unit: d**-1
#   description: "Uncertainty of \\texttt{frequency}"
#   meta:
#     ucd: stat.error
# - 
#   name: geom_model_reference_level
#   datatype: float32
#   unit: mag
#   description: Magnitude reference level of geometric model
#   meta:
#     ucd: phot.mag;em.opt
# - 
#   name: geom_model_reference_level_error
#   datatype: float32
#   unit: mag
#   description: "Uncertainty of \\texttt{geomModelReferenceLevel}"
#   meta:
#     ucd: stat.error;phot.mag;em.opt
# - 
#   name: geom_model_gaussian1_phase
#   datatype: float32
#   description: Phase of the Gaussian 1 component
#   meta:
#     ucd: time.phase
# - 
#   name: geom_model_gaussian1_phase_error
#   datatype: float32
#   description: "Uncertainty of \\texttt{geomModelGaussian1Phase}"
#   meta:
#     ucd: stat.error;time.phase
# - 
#   name: geom_model_gaussian1_sigma
#   datatype: float32
#   description: "Standard deviation [phase] of Gaussian 1 component"
#   meta:
#     ucd: stat.stdev
# - 
#   name: geom_model_gaussian1_sigma_error
#   datatype: float32
#   description: "Uncertainty of \\texttt{geomModelGaussian1Sigma}"
#   meta:
#     ucd: stat.error
# - 
#   name: geom_model_gaussian1_depth
#   datatype: float32
#   unit: mag
#   description: Magnitude depth of Gaussian 1 component
#   meta:
#     ucd: src.var.amplitude
# - 
#   name: geom_model_gaussian1_depth_error
#   datatype: float32
#   unit: mag
#   description: "Uncertainty of \\texttt{geomModelGaussian1Depth}"
#   meta:
#     ucd: stat.error;src.var.amplitude
# - 
#   name: geom_model_gaussian2_phase
#   datatype: float32
#   description: Phase of Gaussian 2 component
#   meta:
#     ucd: time.phase
# - 
#   name: geom_model_gaussian2_phase_error
#   datatype: float32
#   description: "Uncertainty of \\texttt{geomModelGaussian2Phase}"
#   meta:
#     ucd: stat.error;time.phase
# - 
#   name: geom_model_gaussian2_sigma
#   datatype: float32
[...]
#   datatype: float32
#   description: "Secondary eclipse: uncertainty of \\texttt{derivedSecondaryEclDuration}"
#   meta:
#     ucd: stat.error;time.duration
# - 
#   name: derived_secondary_ecl_depth
#   datatype: float32
#   unit: mag
#   description: "Secondary eclipse: depth"
#   meta:
#     ucd: src.var.amplitude
# - 
#   name: derived_secondary_ecl_depth_error
#   datatype: float32
#   unit: mag
#   description: "Secondary eclipse: uncertainty of \\texttt{derivedSecondaryEclDepth}"
#   meta:
#     ucd: stat.error;src.var.amplitude
solution_id,source_id,global_ranking,reference_time,frequency,frequency_error,geom_model_reference_level,geom_model_reference_level_error,geom_model_gaussian1_phase,geom_model_gaussian1_phase_error,geom_model_gaussian1_sigma,geom_model_gaussian1_sigma_error,geom_model_gaussian1_depth,geom_model_gaussian1_depth_error,geom_model_gaussian2_phase,geom_model_gaussian2_phase_error,geom_model_gaussian2_sigma,geom_model_gaussian2_sigma_error,geom_model_gaussian2_depth,geom_model_gaussian2_depth_error,geom_model_cosine_half_period_amplitude,geom_model_cosine_half_period_amplitude_error,geom_model_cosine_half_period_phase,geom_model_cosine_half_period_phase_error,model_type,num_model_parameters,reduced_chi2,derived_primary_ecl_phase,derived_primary_ecl_phase_error,derived_primary_ecl_duration,derived_primary_ecl_duration_error,derived_primary_ecl_depth,derived_primary_ecl_depth_error,derived_secondary_ecl_phase,derived_secondary_ecl_phase_error,derived_secondary_ecl_duration,derived_secondary_ecl_duration_error,derived_secondary_ecl_depth,derived_secondary_ecl_depth_error
[from data line 113]
375316653866487564,4122544085901852288,0.62919724,2332.564491003423,1.2874236575291023,1.2167919E-5,15.337498,8.591977E-4,0.2970086,0.0012189193,0.02297097,0.0027665487,2.9482553,1.5944375,null,null,null,null,null,null,null,null,null,null,"ONEGAUSSIAN",5,17.03939,0.2970086,0.0012189193,0.12863743,0.015492672,2.9482553,0.0,null,null,null,null,null,null
375316653866487564,4122544120224265728,0.44142565,2365.5131190279617,0.39948118692593826,1.457424E-4,18.455975,0.008850685,0.25941393,0.007478435,0.02447274,0.005789737,0.31397992,0.08074124,0.67634785,0.0093226135,0.02610294,0.0128005,0.28759596,0.18539128,null,null,null,null,"TWOGAUSSIANS",8,5.4662256,0.25941393,0.007478435,0.13704735,0.032422528,0.31397992,0.08074124,0.67634785,0.0093226135,0.14617647,0.071682796,0.28759596,0.18539128
375316653866487564,4122544841778873472,0.6177009,2320.3723314418185,0.7384384437770478,3.870288E-6,17.914791,0.0034553078,0.13386804,0.0066104443,0.032892056,0.0033688517,0.26682085,0.052305758,0.6268809,6.103868E-4,0.026222896,7.676392E-4,0.93454194,0.040143732,0.02952732,0.0054644505,0.13386804,0.0066104443,"TWOGAUSSIANS_WITH_ELLIPSOIDAL_ON_ECLIPSE1",9,5.324628,0.6269009,6.0413027E-4,0.14684822,0.0042987796,0.99348325,0.041531514,0.13386804,0.0066104443,0.18419552,0.01886557,0.3258755,0.051813975
375316653866487564,4122544944895373056,0.5151053,2305.9776964027674,2.2126599678554775,1.9703763E-5,18.758411,0.012061613,0.2957848,0.010058271,0.10529535,0.014269872,0.2607844,0.019494915,0.7676011,0.0032624383,0.088011295,0.0046260944,0.3080763,0.015083061,null,null,null,null,"TWOGAUSSIANS",8,3.5528402,0.7676011,0.0032624383,0.4,0.0,0.29471165,0.014024833,0.2957848,0.010058271,0.4,0.0,0.24740764,0.020858642
375316653866487564,4122544979218142208,0.5399443,2276.4504673710944,2.6265302853339763,1.44577825E-5,19.739265,0.035298493,0.23059204,0.0032326106,0.08002258,0.008811056,0.50889635,0.032571387,0.72711176,0.020185465,0.06936118,0.020364007,0.50582105,0.039489396,null,null,null,null,"TWOGAUSSIANS",8,1.934605,0.23059204,0.0032326106,0.4,0.0,0.50543994,0.024625441,0.72711176,0.020185465,0.38842258,0.031236947,0.50236464,0.029172257
375316653866487564,4122545112354135936,0.63237935,2309.0251205793525,0.4946466471578128,9.208622E-6,17.178709,0.005361184,0.23837931,0.006761784,0.022407172,0.0053618127,0.21458262,0.045999765,0.7333463,0.0012490654,0.020478835,0.003294267,1.33675,0.16280025,0.038399518,0.008240149,0.23837931,0.006761784,"TWOGAUSSIANS_WITH_ELLIPSOIDAL_ON_ECLIPSE1",9,13.767748,0.7333563,0.0012470764,0.114681475,0.018447895,1.4134724,0.17298335,0.23837931,0.006761784,0.12548018,0.03002615,0.29138163,0.041220784
375316653866487564,4122546589816882688,0.58100915,2307.5960613815846,1.9691543408778998,8.799121E-6,18.08435,0.0046425164,0.2844133,0.0040819673,0.08280322,0.004466681,0.22384977,0.005774475,0.78093314,0.0032569617,0.07921431,0.00364396,0.22903644,0.0067459303,null,null,null,null,"TWOGAUSSIANS",8,1.6162564,0.78093314,0.0032569617,0.4,0.0,0.22541624,0.0064277016,0.2844133,0.0040819673,0.4,0.0,0.22022958,0.0055943313
375316653866487564,4122546662845346048,0.557543,2310.0587403494387,1.292171304634375,7.716242E-6,18.331013,0.0058470923,0.27736565,0.0023737939,0.071716405,0.0029569813,0.48123544,0.017369634,0.78098947,0.0035901612,0.06991023,0.0034942664,0.38512018,0.016941411,null,null,null,null,"TWOGAUSSIANS",8,6.174097,0.27736565,0.0023737939,0.4,0.0067956625,0.47968823,0.01751372,0.78098947,0.0035901612,0.39149728,0.019567892,0.38357294,0.017094575
375316653866487564,4122547277011767552,0.47192848,2330.4862908804284,3.806732683778412,4.558207E-5,18.787594,0.028343346,0.23623355,0.0059317774,0.07024909,0.00684685,0.53431636,0.045933895,0.71406376,0.012266572,0.090762995,0.022728473,0.4432795,0.05723435,null,null,null,null,"TWOGAUSSIANS",8,27.073042,0.23623355,0.0059317774,0.3933949,0.03243547,0.5293654,0.04386854,0.71406376,0.012266572,0.4,0.0,0.43832815,0.061159052
375316653866487564,4122548209034106240,0.5122138,2313.465444139572,2.850062003957194,1.4274062E-5,19.135107,0.041164853,0.18031637,0.0046492442,0.10546685,0.023992863,0.1635087,0.03876855,0.67566556,0.004638088,0.10371008,0.013881339,0.24656741,0.040261846,null,null,null,null,"TWOGAUSSIANS",8,1.3353176,0.67566556,0.004638088,0.4,0.0,0.2248418,0.013499843,0.18031637,0.0046554245,0.4,0.0,0.14178322,0.009763142
375316653866487564,4122548930625232896,0.6336774,2332.8419856841333,2.953434001521691,8.491082E-6,16.752026,0.025315344,0.22933356,0.0016445982,0.055397864,0.0061069517,0.33227423,0.05305208,0.72616357,0.003871542,0.04939608,0.0077984673,0.22573704,0.05396807,0.109740525,0.028493416,0.22933356,0.0016445982,"TWOGAUSSIANS_WITH_ELLIPSOIDAL_ON_ECLIPSE1",9,15.941468,0.22933356,0.0016445982,0.31022805,0.03419893,0.55174184,0.009434188,0.7266636,0.0032818345,0.27661803,0.043671418,0.44513127,0.009696669
375316653866487564,4122549136747507456,0.5658435,2311.756516047093,1.9559476348030762,9.199243E-6,18.215286,0.0062330505,0.24083649,0.0034952017,0.072882414,0.0049378974,0.4241894,0.02734073,0.74341714,0.00130175,0.07304266,0.0025435444,0.389876,0.011772247,null,null,null,null,"TWOGAUSSIANS",8,5.170733,0.24083649,0.0034952017,0.4,0.0,0.42202914,0.028096547,0.74341714,0.00130175,0.4,0.0,0.38771573,0.011835723
375316653866487564,4122549239826574976,0.48553693,2322.89901365163,2.4770803712866805,3.0267733E-5,18.989393,0.018879946,0.29962903,0.0043885363,0.08831536,0.008690521,0.2571804,0.01881171,0.8108555,0.009103711,0.08688288,0.014915665,0.25428805,0.030752406,null,null,null,null,"TWOGAUSSIANS",8,4.5191355,0.29962903,0.0043885363,0.4,0.0,0.24993768,0.013419221,0.8108555,0.009103711,0.4,0.0,0.24704538,0.03248338
375316653866487564,4122549789583095552,0.48287266,2332.6938099311487,2.209153332787754,3.715179E-5,19.43536,0.03550634,0.28063923,0.0072626695,0.08692944,0.020462956,0.5779675,0.10250062,0.7984303,0.012000913,0.06990829,0.011468315,0.35636318,0.05080575,null,null,null,null,"TWOGAUSSIANS",8,9.270632,0.28063923,0.0072626695,0.4,0.0,0.5739895,0.10915385,0.7984303,0.012000913,0.39148644,0.047849055,0.3523853,0.046935078
375316653866487564,4122550476778160768,0.51413876,2331.7803619711353,1.9665011001481114,2.2837768E-5,19.323229,0.008429483,0.32338467,0.0072343056,0.05330609,0.0064224415,0.5181009,0.025426624,0.8441266,0.026809204,0.047388226,0.0138499895,0.110963285,0.049332034,null,null,null,null,"TWOGAUSSIANS",8,4.75962,0.32338467,0.0072343056,0.29851413,0.03596567,0.5181002,0.025427165,0.8441266,0.026809204,0.26537406,0.07755994,0.11096251,0.04933183
375316653866487564,4122550614252567936,0.5310133,2322.0113105346622,1.1341894371897756,1.7198532E-5,17.330109,0.0026914014,null,null,null,null,null,null,null,null,null,null,null,null,0.11079108,0.0040020845,0.2876715,0.0028763171,"ELLIPSOIDAL",4,13.09132,null,null,null,null,null,null,null,null,null,null,null,null
375316653866487564,4122551507569539072,0.5253041,2322.8681509385156,2.0940169307016845,1.7998913E-5,18.74813,0.006538989,0.29216102,0.0038000026,0.032430287,0.015786918,0.10011779,0.021195259,0.7896307,0.007983282,0.03515155,0.010870576,0.14617461,0.035254106,0.0945336,0.011414195,0.29216102,0.0038000026,"TWOGAUSSIANS_WITH_ELLIPSOIDAL_ON_ECLIPSE1",9,3.399525,0.78991073,0.0074791205,0.19684868,0.060875226,0.33519927,0.0423045,0.29216102,0.0038000026,0.18160962,0.08840674,0.28918487,0.014617182
375316653866487564,4122551713764092928,0.6439739,2316.2537259002456,0.5795194035799506,1.1924405E-4,10.423628,7.168E-4,0.9076905,0.058668453,0.03659843,0.044473525,0.004179174,0.0033282742,0.670532,0.0046225404,0.047166858,0.007711307,0.27218726,0.029143788,null,null,null,null,"TWOGAUSSIANS",8,29.805723,0.670532,0.0046041375,0.2641344,0.04318332,0.27218726,0.029225865,0.9076605,0.059772093,0.20495121,0.22121917,0.0041800565,0.003325416
375316653866487564,4122552950686058368,0.48257354,2359.8105544781,2.431645482930648,2.2199283E-5,19.232296,0.028370164,0.31114462,0.008028105,0.08801351,0.01590544,0.2642963,0.027486926,0.8065568,0.0026163799,0.085664205,0.009630189,0.23684487,0.028385326,null,null,null,null,"TWOGAUSSIANS",8,1.422723,0.31114462,0.008028105,0.4,0.0,0.2569404,0.020836992,0.8065568,0.0026163799,0.4,0.0,0.229489,0.020963129
375316653866487564,4122554114601857024,0.5395137,2290.9861523058607,2.177445324956176,6.8072477E-6,18.511574,0.015127102,0.25875512,0.0024878988,0.10427659,0.0063719796,0.22932272,0.014701994,0.7788533,0.007515174,0.102591075,0.018184518,0.14557046,0.021720909,null,null,null,null,"TWOGAUSSIANS",8,1.3853335,0.25875512,0.0024717837,0.4,0.0,0.21387193,0.006745321,0.77887326,0.007519934,0.4,0.0,0.13012338,0.02385083
375316653866487564,4122554664360118016,0.5389685,2300.581016834018,1.2903441948879766,2.8759587E-5,18.237,0.003168412,0.2702717,0.003018903,0.039048105,0.0027098549,0.25775674,0.023439625,0.7673758,0.023537634,0.045658868,0.017928837,0.06479507,0.030338934,null,null,null,null,"TWOGAUSSIANS",8,2.8877144,0.2702717,0.003018903,0.2186694,0.015175187,0.25775674,0.023439625,0.7673758,0.023537634,0.25568965,0.10040148,0.06479507,0.03033908
375316653866487564,4122554909221574016,0.60501516,2314.5683173071648,0.8396030825379801,3.6111383E-6,17.016066,0.0012687002,0.20041426,0.0037650594,0.04536896,0.0021485416,0.09861016,0.0068753576,0.70223075,2.4235019E-4,0.045880634,3.872848E-4,0.34134844,0.001305358,null,null,null,null,"TWOGAUSSIANS",8,2.3106213,0.70223075,2.4235019E-4,0.25693154,0.0021687949,0.34134835,0.0013053337,0.20041426,0.0037650594,0.25406617,0.012031834,0.098610066,0.006875367
375316653866487564,4122555802571008256,0.50042117,2305.5620192367705,3.7105902014860863,1.6388987E-5,15.758613,0.036403436,0.21200213,0.0057678455,0.10712292,0.019287521,0.2275034,0.032632142,0.73979974,0.0037239476,0.099678546,0.012679558,0.31572053,0.031114396,null,null,null,null,"TWOGAUSSIANS",8,132.24821,0.73981977,0.0037312713,0.4,0.0,0.29530156,0.017024528,0.21199213,0.0057662106,0.4,0.0,0.20707399,0.014465158
375316653866487564,4122556077423159936,0.47785625,2320.9025214116764,1.869050872132396,2.6077227E-5,18.857586,0.23759295,0.2654701,0.008878029,0.10474684,0.04293587,0.19912821,0.20380035,0.7560069,0.0153045105,0.11098305,0.08810634,0.19212726,0.22581919,null,null,null,null,"TWOGAUSSIANS",8,2.7878995,0.26548007,0.006926148,0.4,0.0,0.1751085,0.015556762,0.7560069,0.0153045105,0.4,0.0,0.16809633,0.01216812
375316653866487564,4122556519783627136,0.5318353,2299.0285220335677,2.9910189496807744,2.099756E-5,18.304264,0.007806808,0.29073334,0.006601953,0.04015628,0.027396815,0.09790866,0.64188296,0.78233075,0.0082285395,0.037409898,0.008472031,0.086589545,0.03492457,0.083572626,0.009347164,0.29073334,0.006601953,"TWOGAUSSIANS_WITH_ELLIPSOIDAL_ON_ECLIPSE1",9,6.2336364,0.29073334,0.006601953,0.22487515,0.15342216,0.26505366,0.63972896,0.78381073,0.0060264515,0.20949543,0.047443375,0.2533508,0.032649457
375316653866487564,4122557005136377856,0.5052672,2309.2529572415856,1.8313110293859114,2.2180408E-5,19.06508,0.0051320666,0.24824265,0.023150135,0.060315557,0.03152306,0.127256,0.21249774,0.73550487,0.0014541476,0.046635956,0.0024619678,0.30172923,0.020563085,null,null,null,null,"TWOGAUSSIANS",8,1.3216071,0.73550487,0.0014541476,0.26116133,0.013787019,0.30172548,0.020563114,0.24824265,0.023150135,0.33776712,0.17652914,0.12725228,0.21250315
375316653866487564,4122557726719879936,0.4304868,2294.965563166057,0.15566329748486632,5.2502462E-5,17.480005,0.010393452,0.2873037,0.015206948,0.0622623,0.02099422,0.19809279,0.0615096,0.81342447,0.022894476,0.099153355,0.028847493,0.06851315,0.013930068,null,null,null,null,"TWOGAUSSIANS",8,9.252715,0.2873037,0.015206948,0.34866887,0.10935136,0.19712913,0.06409903,0.81342447,0.022894476,0.4,0.0,0.067548685,0.012183885
375316653866487564,4122557761049644800,0.5252312,2303.422517401742,2.1543706107452394,2.0300626E-5,18.887772,0.009757455,0.29561883,0.006397715,0.07975817,0.0068253744,0.33976892,0.022568261,0.80554825,0.0040396582,0.078401715,0.008076944,0.32003212,0.026776973,null,null,null,null,"TWOGAUSSIANS",8,2.769802,0.29561883,0.006397715,0.4,0.0,0.3361209,0.02240636,0.80554825,0.0040396582,0.4,0.0,0.3163841,0.028415592
375316653866487564,4122557829799086208,0.42834446,2317.769886464147,2.7246454732853183,6.241305E-5,19.635881,0.035309184,0.24822314,0.007161644,0.052308667,0.007916829,0.5083485,0.14232183,0.78010845,0.01711728,0.09189638,0.01800991,0.29246446,0.06551758,null,null,null,null,"TWOGAUSSIANS",8,9.199605,0.24822314,0.007161644,0.29292855,0.04433424,0.5075928,0.14245415,0.78010845,0.01711728,0.4,0.0,0.29170805,0.065501936
375316653866487564,4122558551323656064,0.46625355,2315.0996950861963,0.10786220892546027,3.6538742E-5,19.016817,0.0075044413,0.17780982,0.012109359,0.052970245,0.012204212,0.14680728,0.021703415,0.309956,0.0035903528,0.006020244,0.0048848093,0.09998404,0.05047341,null,null,null,null,"TWOGAUSSIANS",8,2.5870407,0.17780982,0.012109359,0.2966334,0.06834359,0.14680728,0.021703415,0.309956,0.0035903528,0.033713367,0.027354931,0.10651984,0.05138269
375316653866487564,4122558718806887808,0.50251704,2320.1585464433306,2.427809031376108,1.1088607E-5,18.467066,0.011201317,0.26499772,0.02116754,0.079792626,0.025558207,0.1574494,0.022337219,0.73644394,0.0019363879,0.06650076,0.0036360845,0.5431375,0.035762098,null,null,null,null,"TWOGAUSSIANS",8,11.642526,0.73644394,0.0019363879,0.37240425,0.020362074,0.54234797,0.03602022,0.26499772,0.02116754,0.4,0.03592409,0.15665984,0.023235777
375316653866487564,4122558791841863680,0.5622194,2292.901850810538,1.901725033976421,8.860442E-6,18.083523,0.006036176,0.25345844,0.0058758776,0.092679255,0.0068167876,0.17715396,0.009084686,0.749691,0.0028400372,0.083106965,0.0035989909,0.25847882,0.0076284097,null,null,null,null,"TWOGAUSSIANS",8,2.2052536,0.749691,0.0028400372,0.4,0.0,0.251542,0.006655143,0.25345844,0.0058758776,0.4,0.0,0.17021696,0.00878997
375316653866487564,4122559062420695552,0.5329215,2352.864860121004,1.8658489841786667,1.7245151E-5,19.02687,0.0056561264,0.2589782,0.007603332,0.05059508,0.0073973555,0.093599044,0.012476918,0.75040925,0.0022959476,0.046600815,0.002991431,0.3966011,0.043663524,null,null,null,null,"TWOGAUSSIANS",8,1.9241878,0.75040925,0.0022959476,0.26096457,0.016752014,0.3966007,0.04366379,0.2589782,0.007603332,0.28333244,0.04142519,0.09359863,0.012476918
375316653866487564,4122559474721150848,0.5349301,2341.3761662702377,3.034408640343748,2.9468038E-5,18.631344,0.036705833,0.229998,0.003511972,0.08286207,0.015322747,0.4398784,0.065972164,0.71186596,0.008333015,0.097009964,0.0121510355,0.42561966,0.037741996,null,null,null,null,"TWOGAUSSIANS",8,7.577285,0.229998,0.0035137981,0.4,0.0,0.42629033,0.07827371,0.71186596,0.008333015,0.4,0.0,0.41202947,0.022678511
375316653866487564,4122560544189799296,0.46632385,2348.2958347396166,2.819697475330286,4.35413E-5,19.01521,0.03739325,0.26203254,0.007238971,0.08498417,0.01799699,0.20413148,0.033544824,0.75139856,0.011032742,0.10503782,0.033878554,0.19811267,0.022859836,null,null,null,null,"TWOGAUSSIANS",8,3.3489897,0.26203254,0.0072598485,0.4,0.0,0.19335306,0.017590502,0.75139856,0.011032742,0.4,0.0,0.18732896,0.017084269
375316653866487564,4122560612909327360,0.511562,2373.542565750502,2.882947896732172,3.7127393E-5,19.60844,0.022203675,0.27040973,0.014334229,0.08309577,0.013880615,0.33490664,0.03335591,0.7356201,0.011925779,0.10999769,0.024335425,0.2585551,0.069059014,null,null,null,null,"TWOGAUSSIANS",8,1.492688,0.27043974,0.014331131,0.4,0.0,0.32264596,0.029026015,0.7356201,0.011925779,0.4,0.0,0.24625877,0.0769462
