Gaia/vari_eclipsing_binary/VariEclipsingBinary_672327-672403.csv
# %ECSV 1.0
# ---
# delimiter: ','
# meta: !!omap
# - RELEASE: Gaia DR3
# - TABLE: vari_eclipsing_binary
# - DESCRIPTION: >
#     This table describes the properties of the eclipsing binaries resulting from the variability analysis. 
# - CITATION: >
#     How to cite and acknowledge Gaia: 
#     https://gea.esac.esa.int/archive/documentation/credits.html 
# - KNOWN_ISSUES: >
#     Known issues: 
#     https://www.cosmos.esa.int/web/gaia-users/known-issues 
# - DOCUMENTATION: >
#     Tutorials and documentation: 
#     https://www.cosmos.esa.int/web/gaia-users/archive 
# datatype:
# - 
#   name: solution_id
#   datatype: int64
#   description: Solution Identifier
#   meta:
#     ucd: meta.version
# - 
#   name: source_id
#   datatype: int64
#   description: Unique source identifier
#   meta:
#     ucd: meta.id;meta.main
# - 
#   name: global_ranking
#   datatype: float32
#   description: Number between 0 (worst) and 1 (best)
#   meta:
#     ucd: stat.param
# - 
#   name: reference_time
#   datatype: float64
#   unit: d
#   description: Reference time used for the geometric model fit
#   meta:
#     ucd: time.epoch
# - 
#   name: frequency
#   datatype: float64
#   unit: d**-1
#   description: Frequency of geometric model of the eclipsing binary light curve
#   meta:
#     ucd: src.orbital
# - 
#   name: frequency_error
#   datatype: float32
#   unit: d**-1
#   description: "Uncertainty of \\texttt{frequency}"
#   meta:
#     ucd: stat.error
# - 
#   name: geom_model_reference_level
#   datatype: float32
#   unit: mag
#   description: Magnitude reference level of geometric model
#   meta:
#     ucd: phot.mag;em.opt
# - 
#   name: geom_model_reference_level_error
#   datatype: float32
#   unit: mag
#   description: "Uncertainty of \\texttt{geomModelReferenceLevel}"
#   meta:
#     ucd: stat.error;phot.mag;em.opt
# - 
#   name: geom_model_gaussian1_phase
#   datatype: float32
#   description: Phase of the Gaussian 1 component
#   meta:
#     ucd: time.phase
# - 
#   name: geom_model_gaussian1_phase_error
#   datatype: float32
#   description: "Uncertainty of \\texttt{geomModelGaussian1Phase}"
#   meta:
#     ucd: stat.error;time.phase
# - 
#   name: geom_model_gaussian1_sigma
#   datatype: float32
#   description: "Standard deviation [phase] of Gaussian 1 component"
#   meta:
#     ucd: stat.stdev
# - 
#   name: geom_model_gaussian1_sigma_error
#   datatype: float32
#   description: "Uncertainty of \\texttt{geomModelGaussian1Sigma}"
#   meta:
#     ucd: stat.error
# - 
#   name: geom_model_gaussian1_depth
#   datatype: float32
#   unit: mag
#   description: Magnitude depth of Gaussian 1 component
#   meta:
#     ucd: src.var.amplitude
# - 
#   name: geom_model_gaussian1_depth_error
#   datatype: float32
#   unit: mag
#   description: "Uncertainty of \\texttt{geomModelGaussian1Depth}"
#   meta:
#     ucd: stat.error;src.var.amplitude
# - 
#   name: geom_model_gaussian2_phase
#   datatype: float32
#   description: Phase of Gaussian 2 component
#   meta:
#     ucd: time.phase
# - 
#   name: geom_model_gaussian2_phase_error
#   datatype: float32
#   description: "Uncertainty of \\texttt{geomModelGaussian2Phase}"
#   meta:
#     ucd: stat.error;time.phase
# - 
#   name: geom_model_gaussian2_sigma
#   datatype: float32
[...]
#   datatype: float32
#   description: "Secondary eclipse: uncertainty of \\texttt{derivedSecondaryEclDuration}"
#   meta:
#     ucd: stat.error;time.duration
# - 
#   name: derived_secondary_ecl_depth
#   datatype: float32
#   unit: mag
#   description: "Secondary eclipse: depth"
#   meta:
#     ucd: src.var.amplitude
# - 
#   name: derived_secondary_ecl_depth_error
#   datatype: float32
#   unit: mag
#   description: "Secondary eclipse: uncertainty of \\texttt{derivedSecondaryEclDepth}"
#   meta:
#     ucd: stat.error;src.var.amplitude
solution_id,source_id,global_ranking,reference_time,frequency,frequency_error,geom_model_reference_level,geom_model_reference_level_error,geom_model_gaussian1_phase,geom_model_gaussian1_phase_error,geom_model_gaussian1_sigma,geom_model_gaussian1_sigma_error,geom_model_gaussian1_depth,geom_model_gaussian1_depth_error,geom_model_gaussian2_phase,geom_model_gaussian2_phase_error,geom_model_gaussian2_sigma,geom_model_gaussian2_sigma_error,geom_model_gaussian2_depth,geom_model_gaussian2_depth_error,geom_model_cosine_half_period_amplitude,geom_model_cosine_half_period_amplitude_error,geom_model_cosine_half_period_phase,geom_model_cosine_half_period_phase_error,model_type,num_model_parameters,reduced_chi2,derived_primary_ecl_phase,derived_primary_ecl_phase_error,derived_primary_ecl_duration,derived_primary_ecl_duration_error,derived_primary_ecl_depth,derived_primary_ecl_depth_error,derived_secondary_ecl_phase,derived_secondary_ecl_phase_error,derived_secondary_ecl_duration,derived_secondary_ecl_duration_error,derived_secondary_ecl_depth,derived_secondary_ecl_depth_error
[from data line 394]
375316653866487564,5914408839792373120,0.4458663,2268.711324495031,3.453651950244238,9.245721E-6,17.419926,0.007010587,0.23553638,0.0037506379,0.039348044,0.0054896846,0.19759662,0.02664754,0.723005,0.012404481,0.035304565,0.01225888,0.10816636,0.023820313,0.035163764,0.01340631,0.23553638,0.0037506379,"TWOGAUSSIANS_WITH_ELLIPSOIDAL_ON_ECLIPSE1",9,17.047085,0.23553638,0.0037506379,0.22034904,0.030742234,0.26792416,0.024539463,0.723755,0.012369414,0.19770557,0.06864973,0.1780848,0.0191602
375316653866487564,5914409591408394752,0.61090827,2292.577818634351,3.8966382649224935,8.553775E-6,17.870367,0.012434092,0.23334712,0.0022367914,0.046229996,0.0041612843,0.27927414,0.027533313,0.7413577,0.0025902928,0.04289629,0.0036727171,0.35541978,0.027822023,0.123875804,0.016227787,0.23334712,0.0022367914,"TWOGAUSSIANS_WITH_ELLIPSOIDAL_ON_ECLIPSE1",9,8.370444,0.7413577,0.0025902928,0.24021922,0.020567216,0.60254395,0.010563834,0.23334712,0.0022367914,0.25888798,0.023303192,0.5270254,0.010865214
375316653866487564,5914410072444881920,0.64518416,2271.224076204513,3.51308760145564,3.1615518E-6,17.71828,0.007180972,0.2503242,9.444744E-4,0.041586015,0.0016525064,0.51340973,0.018080948,0.7484029,0.0014062839,0.040776517,0.0020422377,0.48584852,0.018016754,0.15662174,0.009010993,0.2503242,9.444744E-4,"TWOGAUSSIANS_WITH_ELLIPSOIDAL_ON_ECLIPSE1",9,6.986385,0.2503242,9.444744E-4,0.23288168,0.009254036,0.8266528,0.015022539,0.7485529,0.0012697133,0.22834851,0.011436531,0.7990495,0.014303391
375316653866487564,5914412615066455552,0.5323733,2309.3616155954232,0.018754015791183683,1.0151155E-6,17.726814,0.0010004216,0.27814245,0.006156697,0.030212058,0.0031056786,0.3834569,0.09564504,0.6935653,4.0202012E-6,5.552867E-4,2.253819E-5,0.03673289,0.0011593638,null,null,null,null,"TWOGAUSSIANS",8,1.3815898,0.27814245,0.006156697,0.16918752,0.0173918,0.3834569,0.09564504,0.6935653,4.0202012E-6,0.0031096055,1.2621387E-4,0.03673289,0.0011593638
375316653866487564,5914413061742901760,0.4696806,2319.670370677307,3.8408468351779868,3.939308E-5,18.447556,0.2847506,0.23887162,0.009512354,0.16154756,0.035604358,0.44018427,0.24110164,0.7305146,0.006924032,0.19482693,0.05294468,0.46472514,0.27367762,null,null,null,null,"TWOGAUSSIANS",8,4.2780213,0.24248162,0.007933432,0.4,0.0,0.14883749,0.010460597,0.7305146,0.006924032,0.4,0.0,0.14601381,0.0059939087
375316653866487564,5914414058174957824,0.57219756,2235.9751085793555,3.5020678497572786,6.551637E-6,18.779812,0.007500515,0.24660665,0.0025818634,0.07706362,0.0038541341,0.4133226,0.018224766,0.7514376,0.0030073875,0.071659066,0.003351878,0.53717923,0.027680073,null,null,null,null,"TWOGAUSSIANS",8,3.1036851,0.7514376,0.0030073875,0.4,0.008693005,0.5342327,0.02798694,0.24660665,0.0025818634,0.4,0.0,0.410376,0.018567458
375316653866487564,5914414096843291648,0.59448236,2287.791063900669,3.238495414777042,7.6163146E-6,15.834307,0.009415459,0.28800038,0.0027804044,0.047617693,0.0052669677,0.27710518,0.025803572,0.79575247,0.012317977,0.044361852,0.013571682,0.2604821,0.23182592,0.13015981,0.01423241,0.28800038,0.0027804044,"TWOGAUSSIANS_WITH_ELLIPSOIDAL_ON_ECLIPSE1",9,55.94715,0.28800038,0.0027804044,0.26665908,0.02949502,0.53742445,0.015638001,0.79575247,0.012317977,0.24842636,0.07600142,0.5201842,0.2422316
375316653866487564,5914416325928392064,0.5318818,2306.905665576084,1.6325429707352077,1.0878345E-5,16.556704,0.0154481325,0.27735627,0.004787002,0.09920013,0.014545074,0.09537886,0.014817121,0.7747133,0.0034324839,0.09790102,0.01861686,0.13538244,0.0061578555,null,null,null,null,"TWOGAUSSIANS",8,4.670487,0.7747133,0.0034324839,0.4,0.0,0.12662223,0.011614176,0.27735627,0.004786335,0.4,0.0,0.08661866,0.0049736504
375316653866487564,5914417120500358912,0.6036858,2299.3069276625897,3.3870249536853474,2.656524E-6,18.538815,0.007456447,0.29534197,9.5911114E-4,0.07424454,0.0020916597,0.5559551,0.01001879,0.7973047,0.002442915,0.072569825,0.0020849002,0.4572811,0.011509115,null,null,null,null,"TWOGAUSSIANS",8,3.1064644,0.29534197,9.5911114E-4,0.4,0.0,0.55303365,0.009969928,0.7973047,0.002442915,0.4,0.0,0.45435968,0.0109359035
375316653866487564,5914417528515777792,0.5480485,2319.997141848613,3.751597051360377,1.3562155E-5,17.356884,0.010892973,0.27244976,0.010110739,0.065760866,0.006493736,0.39944428,0.038418207,0.7837122,0.003995181,0.04308685,0.0052006603,0.32757002,0.033422388,0.08889621,0.014907946,0.7837122,0.003995181,"TWOGAUSSIANS_WITH_ELLIPSOIDAL_ON_ECLIPSE2",9,34.825974,0.27392977,0.008716522,0.36826086,0.03636492,0.5763179,0.027984757,0.7837122,0.003995181,0.24128635,0.0291237,0.50521564,0.02486458
375316653866487564,5914418666688673920,0.5343933,2298.308331214964,2.217231014119289,1.6296683E-5,17.156067,0.004139391,0.25612324,0.0048696757,0.0224317,0.01426823,0.021395918,0.010526335,0.7282411,0.0182718,0.068660885,0.014594917,0.058543824,0.010952582,0.08665746,0.004621029,0.25612324,0.0048696757,"TWOGAUSSIANS_WITH_ELLIPSOIDAL_ON_ECLIPSE1",9,11.824155,0.74299103,0.008680862,0.38450095,0.069188215,0.22932959,0.00874783,0.25612324,0.0048696757,0.12561752,0.07990209,0.19469438,0.008770984
375316653866487564,5914420693913374208,0.60893524,2331.3280085184374,3.28976415820108,8.07127E-6,16.760124,0.0042065354,0.24612541,0.0013997756,0.04508503,0.0044370675,0.14482926,0.010116531,0.7381817,0.0054982104,0.052823056,0.0054961895,0.18620768,0.012194861,0.103204064,0.006631618,0.24612541,0.0013997756,"TWOGAUSSIANS_WITH_ELLIPSOIDAL_ON_ECLIPSE1",9,8.913474,0.7397417,0.004162348,0.29580912,0.030778661,0.3922013,0.0075267903,0.24612541,0.0013997756,0.25247616,0.024847578,0.35123596,0.006172115
375316653866487564,5914421892196420864,0.61085904,2317.6062764766934,2.877661739238131,7.5508697E-6,17.007238,0.010735519,0.23698992,0.0019610028,0.048766382,0.005895085,0.23320934,0.024555821,0.74419767,0.0034977752,0.048385635,0.004717006,0.21141148,0.025238138,0.11156033,0.01451111,0.23698992,0.0019610028,"TWOGAUSSIANS_WITH_ELLIPSOIDAL_ON_ECLIPSE1",9,12.568847,0.23698992,0.0019610028,0.27309176,0.033012476,0.45632884,0.01622871,0.74419767,0.0034977752,0.27095956,0.026415233,0.43407366,0.008811662
375316653866487564,5914422240101536768,0.48604107,2332.0868799832074,0.8167573428929171,2.0482086E-5,18.596746,0.0064790933,0.17166564,0.03644814,0.058381185,0.04848737,0.049867418,0.025436364,0.71750826,0.002689455,0.020262742,0.0022372094,0.449841,0.069628425,null,null,null,null,"TWOGAUSSIANS",8,5.6330843,0.71750826,0.002689455,0.11347135,0.012528372,0.449841,0.069628425,0.17166564,0.03644814,0.32693464,0.27152926,0.049867418,0.025436364
375316653866487564,5914424679634539776,0.56377995,2329.4788525508666,3.219605739617488,7.420753E-6,16.550335,0.01929407,0.2527373,0.0021847964,0.058382235,0.009375536,0.19260783,0.04142586,0.7546324,0.0066552046,0.060565982,0.010393176,0.14258438,0.04274363,0.08779988,0.024754578,0.2527373,0.0021847964,"TWOGAUSSIANS_WITH_ELLIPSOIDAL_ON_ECLIPSE1",9,27.532927,0.2527373,0.0021847964,0.3269405,0.052502997,0.36816216,0.013526476,0.7546324,0.0060729864,0.3391695,0.058201786,0.31811383,0.0141705675
375316653866487564,5914425057600483072,0.64053893,2292.905292403017,2.9168877872899297,4.3976174E-6,14.83703,0.01889121,0.2518623,0.0015168902,0.054922365,0.005197559,0.40735826,0.0362672,0.75883776,0.0012587798,0.047313847,0.0043211593,0.30917937,0.04073949,0.1020678,0.022787247,0.2518623,0.0015168902,"TWOGAUSSIANS_WITH_ELLIPSOIDAL_ON_ECLIPSE1",9,67.67002,0.2518623,0.0015168902,0.30756524,0.029106332,0.61148006,0.011843207,0.75883776,0.0012587798,0.26495752,0.024198493,0.5129093,0.010373983
375316653866487564,5914425637410192512,0.6064358,2303.4719149537,2.909776739123296,4.3619402E-6,14.483175,0.0114567075,0.30546874,0.0031749047,0.04941127,0.0037860533,0.3498659,0.030569948,0.8068528,0.0016712716,0.05625681,0.0036866104,0.41142863,0.027449543,0.11768331,0.01627682,0.8068528,0.0016712716,"TWOGAUSSIANS_WITH_ELLIPSOIDAL_ON_ECLIPSE2",9,253.7862,0.8068528,0.0016712716,0.3150381,0.020645017,0.64677286,0.021885704,0.30562875,0.0027526226,0.27670312,0.021201897,0.5851944,0.018146219
375316653866487564,5914427703291582976,0.5392811,2323.080880778789,2.910868797412923,8.917084E-6,18.035147,0.029478798,0.22543907,0.0038706067,0.117944136,0.016214993,0.18706727,0.027134718,0.6982771,0.0039462987,0.10438148,0.014906193,0.25387472,0.020331312,null,null,null,null,"TWOGAUSSIANS",8,2.7311795,0.6982771,0.0039462987,0.4,0.0,0.22815053,0.012316701,0.22546907,0.0038657149,0.4,0.0,0.1612836,0.008202255
375316653866487564,5914427943809873408,0.48131785,2294.241148692376,4.344284872795381,2.4338568E-5,19.815166,0.07037437,0.27007848,0.005283626,0.101482704,0.022236224,0.28943068,0.06606133,0.76044124,0.00785452,0.10622733,0.02931812,0.306381,0.057374336,null,null,null,null,"TWOGAUSSIANS",8,2.8735747,0.76044124,0.00785452,0.4,0.0,0.2770178,0.025312657,0.2700885,0.005275843,0.4,0.0,0.26007438,0.021399962
375316653866487564,5914428042589884544,0.59488374,2312.1602889111064,2.8131345821491394,8.767448E-6,18.368456,0.015507994,0.27119985,0.0021520325,0.054971658,0.007387667,0.16407871,0.038316995,0.7858191,0.0068396116,0.05737258,0.0120218005,0.15537407,0.03350579,0.115718104,0.019979618,0.27119985,0.0021520325,"TWOGAUSSIANS_WITH_ELLIPSOIDAL_ON_ECLIPSE1",9,3.021212,0.27119985,0.0021520325,0.30784127,0.041370936,0.39550498,0.019718474,0.7858191,0.0068396116,0.32128647,0.06732208,0.3848531,0.011053332
375316653866487564,5914428935943100032,0.48859546,2303.8964143670673,2.3215907163314546,2.3721084E-5,17.499987,0.0043909685,0.21091297,0.005180088,0.069255576,0.008797229,0.11266263,0.0067737093,0.7153641,0.0057160906,0.07731328,0.009886934,0.10488124,0.010700147,null,null,null,null,"TWOGAUSSIANS",8,6.0196986,0.21091297,0.005180088,0.38783124,0.04559683,0.112082705,0.006805638,0.7153641,0.0057160906,0.4,0.003906705,0.10430132,0.010898269
375316653866487564,5914430138541576192,0.5864756,2305.8442035729577,2.4377386054999515,3.2696983E-6,19.37732,0.006016382,0.18488273,7.2600256E-4,0.046460267,0.0012298032,0.5398789,0.019169811,0.6849326,0.007025698,0.051496554,0.008523631,0.19781372,0.016249591,null,null,null,null,"TWOGAUSSIANS",8,1.3666579,0.18488273,7.2600256E-4,0.2601775,0.006886898,0.53987753,0.019169781,0.6849326,0.007025698,0.28838068,0.047732335,0.19781233,0.01625159
375316653866487564,5914430791371467520,0.4699388,2343.14505287954,2.4164371259247415,3.1258205E-5,19.483923,0.011045883,0.24204558,0.00323094,0.05986688,0.0060076383,0.21349464,0.024031509,0.76552176,0.0072933314,0.04078807,0.006972315,0.45921138,0.30078742,null,null,null,null,"TWOGAUSSIANS",8,3.0119,0.76552176,0.0072933314,0.2284132,0.03904496,0.45921063,0.3007886,0.24204558,0.00323094,0.33525452,0.033642776,0.21349388,0.024032058
375316653866487564,5914432303199901696,0.53948796,2313.2175720954183,3.364679465749626,1.4645803E-5,19.87998,0.011184974,0.24483669,0.0045492873,0.060877707,0.0058445996,0.70236754,0.045954034,0.7469231,0.0027198733,0.063378565,0.0042695063,0.58325195,0.026022743,null,null,null,null,"TWOGAUSSIANS",8,2.2861338,0.24483669,0.0045492873,0.34091514,0.03272976,0.70200384,0.046235014,0.7469231,0.0027198733,0.35491997,0.023909235,0.58288825,0.026112374
375316653866487564,5914432994691512448,0.55073965,2298.629707283033,2.8453287187213414,1.2638235E-5,19.861624,0.0129770255,0.24025252,0.0030624524,0.06526414,0.004134511,0.6802201,0.031114956,0.7491587,0.0029418822,0.059975475,0.0048322245,0.5052854,0.038701653,null,null,null,null,"TWOGAUSSIANS",8,1.937369,0.24025252,0.0030624524,0.36547923,0.023153264,0.679914,0.031229647,0.7491587,0.0029418822,0.33586267,0.027060458,0.50497925,0.03881596
375316653866487564,5914436018357187328,0.5883079,2309.0031430667464,3.0966722671638776,3.4477414E-6,15.618322,0.021960633,0.24008946,0.002825623,0.068134576,0.005311799,0.30567086,0.049954154,0.74786216,0.0013828251,0.054202635,0.006341451,0.3389133,0.040402394,0.10624294,0.026852902,0.74786216,0.0013828251,"TWOGAUSSIANS_WITH_ELLIPSOIDAL_ON_ECLIPSE2",9,54.74663,0.74786216,0.0013828251,0.30353475,0.035512127,0.5511571,0.019238077,0.24166946,0.00217837,0.38155365,0.029746074,0.517511,0.015612542
375316653866487564,5914436323289411584,0.50010544,2339.6540146363955,0.3409974620697271,3.9703216E-5,18.975676,0.003838536,0.26685435,1.119177E-6,0.0037417675,4.5943376E-5,3.4193954,0.15824528,0.7290335,0.023031337,0.016957788,0.0087019885,0.48311388,0.23895743,null,null,null,null,"TWOGAUSSIANS",8,2.965175,0.26685435,1.119177E-6,0.020953897,2.572829E-4,3.4193954,0.15824528,0.7290335,0.023031337,0.09496361,0.048731133,0.48311388,0.23895743
375316653866487564,5914438041272156416,0.53599244,2334.550544141962,2.8470429102969814,9.0464955E-6,17.881712,0.014772359,0.30644724,0.0036127937,0.09348751,0.010378384,0.2997872,0.029379666,0.786587,0.0023630895,0.083341464,0.004237699,0.3713992,0.014873126,null,null,null,null,"TWOGAUSSIANS",8,7.3960524,0.786587,0.0023630895,0.4,0.0,0.36262172,0.011282421,0.30644724,0.0036127937,0.4,0.0,0.29100913,0.03228909
375316653866487564,5914438698416832000,0.47013614,2327.805290222666,3.129495026016761,1.745943E-5,16.893982,0.011052746,0.27954003,0.006226151,0.0798153,0.0113404235,0.16987069,0.014565633,0.75022614,0.0059710606,0.09079859,0.008196322,0.15229608,0.013668077,null,null,null,null,"TWOGAUSSIANS",8,47.023308,0.27954003,0.006226151,0.4,0.0,0.16727291,0.014509127,0.75022614,0.0059710606,0.4,0.0,0.14969808,0.012603042
375316653866487564,5914440205939284608,0.56158674,2320.305200542122,3.3426510404281338,7.0160227E-6,19.054157,0.012303494,0.23696974,0.002205542,0.08425351,0.0039889836,0.44737917,0.017763825,0.7352749,0.0045782267,0.08426098,0.005268155,0.4466097,0.018504491,null,null,null,null,"TWOGAUSSIANS",8,2.2727795,0.23696974,0.002205542,0.4,0.0,0.43674627,0.017467527,0.7352749,0.0045782267,0.4,0.0,0.4359768,0.017570991
375316653866487564,5914440893134413696,0.50959134,2308.8790955308027,2.931245991958138,1.2790911E-5,18.398762,0.14973105,0.16328536,0.004755411,0.12532373,0.03223118,0.40250313,0.14480127,0.6718145,0.003669201,0.12212897,0.02850447,0.3903204,0.14264095,null,null,null,null,"TWOGAUSSIANS",8,6.606286,0.16322537,0.004682128,0.4,0.0,0.3067239,0.012716448,0.6719045,0.0036314053,0.4,0.0,0.2946465,0.015574266
375316653866487564,5914442301881119488,0.5593239,2340.379827435646,3.9068152284169764,7.606283E-6,19.705135,0.007617085,0.24867994,0.0023659423,0.06639592,0.0031328227,0.6193894,0.031693608,0.7412535,0.0036140615,0.07579927,0.0035824538,0.55880654,0.026629496,null,null,null,null,"TWOGAUSSIANS",8,2.21935,0.24867994,0.0023659423,0.37181717,0.017543806,0.61738145,0.031960342,0.7412535,0.0036140615,0.4,0.0,0.5567986,0.026884163
375316653866487564,5914443336981570304,0.42415908,2335.1557110403737,2.310593745035046,3.5646925E-5,18.29458,0.01588464,0.3566909,0.010732157,0.04549667,0.010443018,0.20074426,0.028434949,0.8268639,0.10201883,0.06984832,0.07153096,0.06003573,0.027512295,null,null,null,null,"TWOGAUSSIANS",8,33.47303,0.3566909,0.010717026,0.25478134,0.0584809,0.20073938,0.028627964,0.8268639,0.10201883,0.39115062,0.13571544,0.060030855,0.027535614
375316653866487564,5914444019871398016,0.4624508,2303.244369309431,3.3165125226343593,2.7407426E-5,18.911356,0.046914637,0.19756387,0.0094712665,0.13245772,0.029912626,0.16822802,0.044889614,0.67542875,0.006995927,0.10290417,0.015245475,0.25363106,0.04155776,null,null,null,null,"TWOGAUSSIANS",8,5.3037066,0.67542875,0.006995927,0.4,0.0,0.22030754,0.017175207,0.19758387,0.009480996,0.4,0.0,0.13458835,0.020111647
375316653866487564,5914444436493268608,0.42798725,2335.249997177152,0.21650358676995493,4.846617E-5,18.338076,0.004825666,0.17950387,0.01600341,0.045925684,0.030598985,0.09988225,0.05035655,0.6757039,0.020400284,0.0752384,0.013178366,0.08845471,0.015092258,null,null,null,null,"TWOGAUSSIANS",8,5.7197986,0.17950387,0.01600341,0.25718385,0.17135432,0.09985067,0.050401118,0.6757039,0.020400284,0.4,0.0049068234,0.08842312,0.015084273
