Gaia/vari_eclipsing_binary/VariEclipsingBinary_515289-515386.csv
# %ECSV 1.0
# ---
# delimiter: ','
# meta: !!omap
# - RELEASE: Gaia DR3
# - TABLE: vari_eclipsing_binary
# - DESCRIPTION: >
#     This table describes the properties of the eclipsing binaries resulting from the variability analysis. 
# - CITATION: >
#     How to cite and acknowledge Gaia: 
#     https://gea.esac.esa.int/archive/documentation/credits.html 
# - KNOWN_ISSUES: >
#     Known issues: 
#     https://www.cosmos.esa.int/web/gaia-users/known-issues 
# - DOCUMENTATION: >
#     Tutorials and documentation: 
#     https://www.cosmos.esa.int/web/gaia-users/archive 
# datatype:
# - 
#   name: solution_id
#   datatype: int64
#   description: Solution Identifier
#   meta:
#     ucd: meta.version
# - 
#   name: source_id
#   datatype: int64
#   description: Unique source identifier
#   meta:
#     ucd: meta.id;meta.main
# - 
#   name: global_ranking
#   datatype: float32
#   description: Number between 0 (worst) and 1 (best)
#   meta:
#     ucd: stat.param
# - 
#   name: reference_time
#   datatype: float64
#   unit: d
#   description: Reference time used for the geometric model fit
#   meta:
#     ucd: time.epoch
# - 
#   name: frequency
#   datatype: float64
#   unit: d**-1
#   description: Frequency of geometric model of the eclipsing binary light curve
#   meta:
#     ucd: src.orbital
# - 
#   name: frequency_error
#   datatype: float32
#   unit: d**-1
#   description: "Uncertainty of \\texttt{frequency}"
#   meta:
#     ucd: stat.error
# - 
#   name: geom_model_reference_level
#   datatype: float32
#   unit: mag
#   description: Magnitude reference level of geometric model
#   meta:
#     ucd: phot.mag;em.opt
# - 
#   name: geom_model_reference_level_error
#   datatype: float32
#   unit: mag
#   description: "Uncertainty of \\texttt{geomModelReferenceLevel}"
#   meta:
#     ucd: stat.error;phot.mag;em.opt
# - 
#   name: geom_model_gaussian1_phase
#   datatype: float32
#   description: Phase of the Gaussian 1 component
#   meta:
#     ucd: time.phase
# - 
#   name: geom_model_gaussian1_phase_error
#   datatype: float32
#   description: "Uncertainty of \\texttt{geomModelGaussian1Phase}"
#   meta:
#     ucd: stat.error;time.phase
# - 
#   name: geom_model_gaussian1_sigma
#   datatype: float32
#   description: "Standard deviation [phase] of Gaussian 1 component"
#   meta:
#     ucd: stat.stdev
# - 
#   name: geom_model_gaussian1_sigma_error
#   datatype: float32
#   description: "Uncertainty of \\texttt{geomModelGaussian1Sigma}"
#   meta:
#     ucd: stat.error
# - 
#   name: geom_model_gaussian1_depth
#   datatype: float32
#   unit: mag
#   description: Magnitude depth of Gaussian 1 component
#   meta:
#     ucd: src.var.amplitude
# - 
#   name: geom_model_gaussian1_depth_error
#   datatype: float32
#   unit: mag
#   description: "Uncertainty of \\texttt{geomModelGaussian1Depth}"
#   meta:
#     ucd: stat.error;src.var.amplitude
# - 
#   name: geom_model_gaussian2_phase
#   datatype: float32
#   description: Phase of Gaussian 2 component
#   meta:
#     ucd: time.phase
# - 
#   name: geom_model_gaussian2_phase_error
#   datatype: float32
#   description: "Uncertainty of \\texttt{geomModelGaussian2Phase}"
#   meta:
#     ucd: stat.error;time.phase
# - 
#   name: geom_model_gaussian2_sigma
#   datatype: float32
[...]
#   datatype: float32
#   description: "Secondary eclipse: uncertainty of \\texttt{derivedSecondaryEclDuration}"
#   meta:
#     ucd: stat.error;time.duration
# - 
#   name: derived_secondary_ecl_depth
#   datatype: float32
#   unit: mag
#   description: "Secondary eclipse: depth"
#   meta:
#     ucd: src.var.amplitude
# - 
#   name: derived_secondary_ecl_depth_error
#   datatype: float32
#   unit: mag
#   description: "Secondary eclipse: uncertainty of \\texttt{derivedSecondaryEclDepth}"
#   meta:
#     ucd: stat.error;src.var.amplitude
solution_id,source_id,global_ranking,reference_time,frequency,frequency_error,geom_model_reference_level,geom_model_reference_level_error,geom_model_gaussian1_phase,geom_model_gaussian1_phase_error,geom_model_gaussian1_sigma,geom_model_gaussian1_sigma_error,geom_model_gaussian1_depth,geom_model_gaussian1_depth_error,geom_model_gaussian2_phase,geom_model_gaussian2_phase_error,geom_model_gaussian2_sigma,geom_model_gaussian2_sigma_error,geom_model_gaussian2_depth,geom_model_gaussian2_depth_error,geom_model_cosine_half_period_amplitude,geom_model_cosine_half_period_amplitude_error,geom_model_cosine_half_period_phase,geom_model_cosine_half_period_phase_error,model_type,num_model_parameters,reduced_chi2,derived_primary_ecl_phase,derived_primary_ecl_phase_error,derived_primary_ecl_duration,derived_primary_ecl_duration_error,derived_primary_ecl_depth,derived_primary_ecl_depth_error,derived_secondary_ecl_phase,derived_secondary_ecl_phase_error,derived_secondary_ecl_duration,derived_secondary_ecl_duration_error,derived_secondary_ecl_depth,derived_secondary_ecl_depth_error
[from data line 425]
375316653866487564,4533265584962039040,0.49894118,2246.790862456096,2.500273495657639,1.3142976E-5,13.582396,9.372929E-4,0.17318292,0.0039617084,0.08656129,0.004721713,0.03115837,0.0012711945,0.6723533,0.0034219166,0.085473835,0.0052578147,0.031176925,0.0011909049,null,null,null,null,"TWOGAUSSIANS",8,13.564102,0.6723533,0.0034219166,0.4,0.0,0.030276546,0.001117973,0.17318292,0.0039617084,0.4,0.0,0.030257992,0.0011522372
375316653866487564,4533266929300826880,0.5491552,2239.0540945858334,2.793546334162435,9.0115755E-6,16.858856,0.0030573779,0.22113186,0.003442372,0.012830151,0.0055505913,0.075913906,0.036024157,0.7425658,0.0014451386,0.040834773,0.0055050254,0.06307983,0.012699675,0.10206744,0.004657742,0.7425658,0.0014451386,"TWOGAUSSIANS_WITH_ELLIPSOIDAL_ON_ECLIPSE2",9,16.855747,0.22185186,0.0028670232,0.07184885,0.03108331,0.27649096,0.037216865,0.7425658,0.0014451386,0.22867472,0.03082814,0.26721466,0.010827107
375316653866487564,4533269330176202368,0.574569,2243.7592984140265,2.920219280364063,5.5621717E-6,18.449543,0.0032768596,0.26145425,0.0012951532,0.073289,0.0025042773,0.32358024,0.008239382,0.75872165,0.0021209759,0.075795196,0.0021569878,0.3630323,0.0055246926,null,null,null,null,"TWOGAUSSIANS",8,2.3902774,0.75872165,0.0021209759,0.4,0.0,0.36070368,0.005309353,0.26145425,0.0012951532,0.4,0.0,0.3212516,0.008494652
375316653866487564,4533271292988106496,0.57691145,2249.7295247700467,1.7889839524761153,4.9106616E-6,16.44596,0.009245329,0.25524673,0.0015692953,0.1036776,0.0065241703,0.11505979,0.0087210545,0.7573512,0.0021560038,0.121602066,0.008211607,0.13184087,0.008693499,null,null,null,null,"TWOGAUSSIANS",8,1.9944003,0.7573512,0.0021560038,0.4,0.0,0.111245945,0.0019801215,0.25523674,0.0015796073,0.4,0.0,0.09451916,0.0020865116
375316653866487564,4533272869224550784,0.602848,2247.3980610545595,2.3511165292532836,2.6983007E-6,18.558643,0.008941947,0.20870994,0.003732532,0.048226487,0.010180246,0.09709993,0.023827735,0.70223695,0.0012104674,0.052501787,0.0015844717,0.64652765,0.023120178,0.07425298,0.013148534,0.20870994,0.003732532,"TWOGAUSSIANS_WITH_ELLIPSOIDAL_ON_ECLIPSE1",9,4.1065645,0.7025469,0.0010876879,0.29400998,0.008873041,0.7947951,0.014549791,0.20870994,0.003732532,0.27006832,0.05700938,0.24560122,0.013017036
375316653866487564,4533273320212433792,0.52575326,2251.537986035868,2.8033175255838323,1.1407982E-5,15.763129,0.122514166,0.23828362,0.004356982,0.14879607,0.034553684,0.19886695,0.12016438,0.74401623,0.0032849428,0.13977957,0.02741181,0.20342118,0.11405498,null,null,null,null,"TWOGAUSSIANS",8,17.39054,0.7443962,0.0031546482,0.4,0.0,0.11833345,0.0046775476,0.23801361,0.004149024,0.4,0.0,0.11304749,0.0038420716
375316653866487564,4533274316644873216,0.57032806,2245.243946398409,0.06220018558689948,4.0744093E-5,16.68947,9.722092E-4,0.17577563,0.018795118,0.07883387,0.01880408,0.010384213,0.004257902,0.6597957,5.7398025E-5,0.005713013,1.2926753E-4,0.20863661,0.0013282537,null,null,null,null,"TWOGAUSSIANS",8,1.814365,0.6597957,5.7398025E-5,0.03199287,7.238982E-4,0.20863661,0.0013282535,0.17577563,0.018795118,0.4,0.016495261,0.010384213,0.004257904
375316653866487564,4533275003839659392,0.44533345,2236.353906435098,0.5624983004344479,1.1101948E-5,14.681196,0.0024710633,0.17636257,0.0026217531,0.03432736,0.004036131,0.071260154,0.0061451895,0.65458447,0.032646954,0.09824728,0.04014322,0.0136893215,0.003637102,null,null,null,null,"TWOGAUSSIANS",8,72.69228,0.17636257,0.0026217531,0.19223323,0.022602333,0.07124486,0.006141074,0.65458447,0.032646954,0.4,0.0,0.013673916,0.0036305874
375316653866487564,4533275794113622912,0.62207025,2230.6150356463077,2.786745333675236,2.1959522E-6,16.071602,0.006800024,0.27084816,9.5909584E-4,0.04815768,0.0027425915,0.2127673,0.015914513,0.7696789,0.0026320154,0.04832059,0.00396353,0.18180826,0.016111268,0.10190792,0.0080795,0.27084816,9.5909584E-4,"TWOGAUSSIANS_WITH_ELLIPSOIDAL_ON_ECLIPSE1",9,16.817713,0.27084816,9.5909584E-4,0.269683,0.015358512,0.41658235,0.009327441,0.76987886,0.0022850775,0.2705953,0.022195768,0.3856142,0.009188251
375316653866487564,4533277370350395776,0.5051018,2237.480321165694,2.2714741136409278,9.64786E-6,18.50219,0.006051581,0.22250389,0.002484713,0.040125348,0.0022726266,0.51165205,0.03367878,0.7193423,0.0034436523,0.042796053,0.0050645513,0.18632922,0.013988972,null,null,null,null,"TWOGAUSSIANS",8,12.511079,0.22250389,0.002484713,0.22470194,0.012726709,0.511652,0.033678785,0.7193423,0.0034436523,0.2396579,0.028361488,0.18632922,0.013988977
375316653866487564,4533277443381320448,0.5192542,2235.0499240227173,2.951919567962764,1.611313E-5,16.670855,0.012462281,0.24153511,0.0036757386,0.09910984,0.010097344,0.13893259,0.011746143,0.73214674,0.005042881,0.10221383,0.013435271,0.14430259,0.010882144,null,null,null,null,"TWOGAUSSIANS",8,11.637235,0.73214674,0.005042881,0.4,0.0,0.13276921,0.0051402636,0.24153511,0.0036801226,0.4,0.0,0.12740031,0.005311632
375316653866487564,4533282249434789760,0.459538,2220.2226096008617,2.919972074320067,1.624217E-5,18.96915,0.075278424,0.31195864,0.009617568,0.13288786,0.028049564,0.26420015,0.062466573,0.7644525,0.007977615,0.13991486,0.020793563,0.27057567,0.072341815,null,null,null,null,"TWOGAUSSIANS",8,2.7118304,0.7644525,0.007977615,0.4,0.0,0.2000699,0.010203214,0.31406865,0.008403034,0.4,0.0,0.19444662,0.019948447
375316653866487564,4533282975300889472,0.43964174,2222.2586918732695,3.9716886215973357,2.9999612E-5,18.725355,0.007055964,0.16512652,0.008256063,0.046734627,0.014223352,0.15254106,0.038887724,0.6782605,0.0077569457,0.062230054,0.008348656,0.14550954,0.01302953,null,null,null,null,"TWOGAUSSIANS",8,6.521696,0.16512652,0.008256063,0.26171392,0.079650775,0.15253657,0.03890985,0.6782605,0.0077569457,0.3484883,0.04675247,0.14550504,0.013025994
375316653866487564,4533283250176717824,0.49490345,2224.323371889028,3.343200621647519,1.30411E-5,17.954102,0.016567515,0.2546184,0.0050795944,0.096810944,0.01094913,0.19010638,0.015910285,0.75246984,0.00423176,0.104103416,0.010789047,0.22105986,0.015344364,null,null,null,null,"TWOGAUSSIANS",8,7.2198834,0.75246984,0.00423176,0.4,0.0,0.20297952,0.01126509,0.2546184,0.0050795944,0.4,0.0,0.17202976,0.011035144
375316653866487564,4533284998217169408,0.4313353,2220.470518258441,0.029279397971297947,9.406926E-5,19.478493,0.34403098,0.36623022,0.014796281,0.20922224,0.11720333,0.36076212,0.3392144,0.83149016,0.0105711445,0.08573763,0.047420975,0.29070452,0.11868449,null,null,null,null,"TWOGAUSSIANS",8,5.2983174,0.36623022,0.014789448,0.4,0.0,0.24038067,0.029235927,0.83149016,0.0105711445,0.4,0.08815132,0.21451604,0.04239313
375316653866487564,4533286583071509248,0.4836547,2242.017644246214,2.317662956052187,1.7782191E-5,16.811464,0.008357738,0.2903129,0.004026021,0.04416622,0.0054325173,0.23437777,0.02399387,0.79839927,0.024665387,0.041747574,0.022270326,0.07069961,0.0675217,0.041327972,0.012910794,0.2903129,0.004026021,"TWOGAUSSIANS_WITH_ELLIPSOIDAL_ON_ECLIPSE1",9,50.827118,0.2903129,0.004026021,0.24733083,0.030422097,0.31703353,0.017495267,0.79839927,0.024623297,0.2337864,0.12471382,0.15314217,0.062672555
375316653866487564,4533287781355978112,0.50223887,2216.3305496966786,3.5287956254816373,1.0961632E-5,19.825321,0.02163894,0.17859212,0.0036627539,0.07239284,0.005273977,0.54275537,0.045568086,0.6752824,0.009818645,0.081300266,0.011347655,0.40577745,0.03599198,null,null,null,null,"TWOGAUSSIANS",8,3.739198,0.17859212,0.0036627539,0.4,0.0049553784,0.53840536,0.045292903,0.6752824,0.009818645,0.4,0.0,0.4014274,0.036327768
375316653866487564,4533289568057611264,0.5639753,2223.188883218248,0.3057073072711218,6.403901E-5,18.149584,0.0019683677,0.39779055,3.3759839E-6,0.010044713,5.59597E-5,0.44545475,0.0018107608,null,null,null,null,null,null,null,null,null,null,"ONEGAUSSIAN",5,3.2674875,0.39779055,3.3759839E-6,0.056250393,3.1337433E-4,0.44545475,0.0,null,null,null,null,null,null
375316653866487564,4533289641082777216,0.6162077,2239.628300450909,4.264437198520643,3.8134724E-6,18.876204,0.0079466,0.26415274,0.0019275709,0.045065038,0.0032670682,0.38133276,0.024316428,0.76107097,0.0023186416,0.044795163,0.003143104,0.40499592,0.017082166,0.14084263,0.00948594,0.26415274,0.0019275709,"TWOGAUSSIANS_WITH_ELLIPSOIDAL_ON_ECLIPSE1",9,1.8021686,0.761381,0.0020202787,0.2508529,0.017601382,0.6865857,0.0104135815,0.26415274,0.0019275709,0.25236422,0.018295582,0.6630177,0.021323595
375316653866487564,4533292076323318272,0.5195555,2218.1165108283385,3.014958947595008,1.3851268E-5,19.232937,0.016433522,0.25833312,0.0067133023,0.086014464,0.010768022,0.420512,0.02880824,0.75282925,0.0033762492,0.07868109,0.0046995915,0.4079394,0.01904005,null,null,null,null,"TWOGAUSSIANS",8,4.7911897,0.25833312,0.0067133023,0.4,0.0,0.41305813,0.029420013,0.75282925,0.0033762492,0.4,0.0,0.4004856,0.015926039
375316653866487564,4533293313269132032,0.46453583,2224.8449976705924,3.289062041735327,2.8131743E-5,19.37198,0.0076235645,0.23971261,0.007054468,0.06931668,0.0683326,0.015822258,0.03162136,null,null,null,null,null,null,0.11020651,0.009383863,0.23971261,0.007054468,"ONEGAUSSIAN_WITH_ELLIPSOIDAL",6,5.641947,0.23971261,0.007054468,0.3881734,0.3473624,0.23621087,0.030871175,null,null,null,null,null,null
375316653866487564,4533297509465072256,0.5042364,2267.660845885515,1.1327066565512547,7.6265987E-6,17.491838,0.0033855315,0.45497358,0.0103746895,0.017148843,0.010943765,0.024403907,0.033858955,0.8158443,9.275862E-4,0.017735638,9.370297E-4,0.46035105,0.017998364,null,null,null,null,"TWOGAUSSIANS",8,13.336292,0.8158443,9.275862E-4,0.09931957,0.0052473666,0.46035105,0.017998364,0.45497358,0.0103746895,0.09603352,0.061285082,0.024403907,0.033858955
375316653866487564,4533298712055976832,0.58226126,2238.799550200735,3.3879975920190577,4.939961E-6,17.517462,0.01802404,0.24048488,0.0017014812,0.06368249,0.008636801,0.24487019,0.029541068,0.7482977,0.0017873986,0.04872402,0.006586186,0.22305118,0.03290135,0.07921782,0.01937443,0.24048488,0.0017014812,"TWOGAUSSIANS_WITH_ELLIPSOIDAL_ON_ECLIPSE1",9,9.514212,0.24048488,0.0017014812,0.35662195,0.04836608,0.40319633,0.021144953,0.7482977,0.0017873986,0.2728545,0.036882643,0.38099584,0.009584032
375316653866487564,4533300464402734336,0.56957835,2242.9540882652423,0.4734829879037554,3.0336257E-6,16.712223,7.397481E-4,0.33623934,0.022579746,0.02076401,0.018098561,0.008220946,0.09944747,0.49323684,4.9366057E-4,0.022724615,6.316245E-4,0.14930299,0.0034714926,null,null,null,null,"TWOGAUSSIANS",8,2.1820412,0.49323684,4.9366057E-4,0.12725784,0.0035370972,0.14930299,0.0034714926,0.33623934,0.022579746,0.116278455,0.10135194,0.008220946,0.09944747
375316653866487564,4533300872414795264,0.54925054,2250.778285189084,0.6931550790863898,5.157455E-6,17.472866,0.0018867998,0.20774554,0.010957722,0.016450489,0.012228678,0.027383797,0.010300885,0.6918677,0.0012736545,0.019713858,0.0010927543,0.2661578,0.013978172,null,null,null,null,"TWOGAUSSIANS",8,4.6096854,0.6918677,0.0012736545,0.11039761,0.0061194245,0.2661578,0.013978172,0.20774554,0.010957722,0.09212274,0.068480596,0.027383797,0.010300885
375316653866487564,4533302178084952448,0.5530032,2257.010815592512,2.639014288504388,9.418318E-6,18.78481,0.007271919,0.24639048,0.0024718144,0.08248017,0.0035348025,0.28843716,0.010125178,0.752439,0.0045923493,0.080474086,0.005133391,0.2982237,0.0121403,null,null,null,null,"TWOGAUSSIANS",8,2.9756262,0.752439,0.0045923493,0.4,0.0,0.2935026,0.0121853035,0.24639048,0.0024718144,0.4,0.0,0.28371605,0.00966175
375316653866487564,4533302422907810816,0.5651067,2251.6675797652633,0.6411503227189724,6.3646476E-6,17.037756,0.0017804565,0.17264265,3.3960387E-4,0.026965078,4.452876E-4,0.30613327,0.0039896914,0.660811,0.0066919858,0.01569962,0.011056765,0.03122722,0.5530651,0.013948414,0.0024168568,0.17264265,3.3960387E-4,"TWOGAUSSIANS_WITH_ELLIPSOIDAL_ON_ECLIPSE1",9,7.6341457,0.17264265,3.3960387E-4,0.15100445,0.0024936104,0.33403006,0.0043177353,0.661011,0.0066716853,0.08791787,0.061917882,0.058972724,0.5529471
375316653866487564,4533303380676015360,0.515079,2245.86566384228,4.483623569730416,1.4807299E-5,19.87032,0.0074288975,0.23297559,0.0048708217,0.074407905,0.005110437,0.4339661,0.017922468,0.7293734,0.0031707543,0.077194825,0.0025380023,0.5375839,0.022454178,null,null,null,null,"TWOGAUSSIANS",8,2.0503993,0.7293734,0.0031707543,0.4,0.0,0.5336985,0.022360435,0.23297559,0.0048708217,0.4,0.0,0.4300807,0.018343536
375316653866487564,4533303694218246784,0.47000104,2254.3111349528185,1.4004247272821546,5.1705658E-5,18.074211,0.003939605,0.18314649,0.022953894,0.04491919,0.019029073,0.012354862,0.017594226,0.3445139,0.0016532516,0.0064817276,0.0019458919,1.4154766,32.191803,0.014196443,0.005638414,0.18314649,0.022953894,"TWOGAUSSIANS_WITH_ELLIPSOIDAL_ON_ECLIPSE1",9,14.060257,0.3445139,0.0016532516,0.036297675,0.010896995,1.423428,32.191856,0.18314649,0.022953894,0.25154746,0.10656281,0.040747695,0.016391668
375316653866487564,4533305236101438464,0.69223297,2230.340705261244,0.5152549644436419,2.4338365E-6,12.514965,0.0010681448,0.15315649,6.761478E-4,0.028219745,5.959818E-4,0.55095625,0.00933314,0.6532891,1.9417956E-4,0.028628528,4.3401212E-4,0.59502226,0.0062324665,0.016090862,0.0013796935,0.15315649,6.761478E-4,"TWOGAUSSIANS_WITH_ELLIPSOIDAL_ON_ECLIPSE1",9,68.198875,0.6532891,1.9417956E-4,0.16031976,0.0024304679,0.6272039,0.0064932243,0.15315649,6.761478E-4,0.15803057,0.003337498,0.5831379,0.009192783
375316653866487564,4533308195343858816,0.44681153,2209.745724718112,3.4698983264973036,7.8964775E-5,18.733255,0.0068669813,0.61579573,0.012705442,0.051370833,0.00875323,0.46084735,0.093271025,0.95228744,0.021694038,0.024297494,0.023091847,0.08321716,1141.4784,null,null,null,null,"TWOGAUSSIANS",8,14.679713,0.61579573,0.012705442,0.28767666,0.04901809,0.46084735,0.093271025,0.95228744,0.021694038,0.13606597,0.12931435,0.08321717,1141.4784
375316653866487564,4533308264063352064,0.4830509,2221.211457259635,0.8035801001669405,2.0557687E-5,11.782626,0.005084691,0.19186282,0.010915312,0.040006004,0.015532839,0.05730909,0.03549104,0.6445891,0.004978178,0.029856635,0.0032417586,0.4661637,0.04813384,0.0031783623,0.007657317,0.6445891,0.004978178,"TWOGAUSSIANS_WITH_ELLIPSOIDAL_ON_ECLIPSE2",9,3087.3894,0.6445891,0.004978178,0.16719715,0.018153848,0.4725204,0.047695573,0.19124283,0.010238632,0.22403361,0.0869839,0.06312816,0.0354668
375316653866487564,4533309501014002432,0.5438804,2245.188562394853,0.28955355031260416,2.9555173E-5,16.785406,0.002895428,0.33401188,0.016703175,0.033524275,0.024624571,0.02540039,0.007902194,0.7647925,5.9019995E-4,0.0039060463,3.2164354E-4,0.5182615,0.0844722,null,null,null,null,"TWOGAUSSIANS",8,14.968217,0.7647925,5.9019995E-4,0.02187386,0.0018012038,0.5182615,0.0844722,0.33401188,0.016703175,0.18773593,0.1378976,0.02540039,0.007902194
375316653866487564,4533310875403514240,0.58329374,2234.7963671683315,0.5839068310473318,4.4790117E-6,17.11832,9.5702155E-4,0.27597103,0.0013262468,0.023739483,0.0011080722,0.09626353,0.00634516,0.77396566,8.815669E-4,0.021226289,0.0010207811,0.33203888,0.019831806,0.008137899,0.0016507028,0.27597103,0.0013262468,"TWOGAUSSIANS_WITH_ELLIPSOIDAL_ON_ECLIPSE1",9,2.2283115,0.77396566,8.815769E-4,0.11886722,0.0057163746,0.34831208,0.019933874,0.27597103,0.0013262468,0.1329411,0.0062052044,0.11253933,0.0059748786
375316653866487564,4533311111617698048,0.49589956,2242.350359997685,3.408719994775718,2.0365118E-5,19.31626,0.016006146,0.2268515,0.006533559,0.086402446,0.010363021,0.22490206,0.016845228,0.71252054,0.005554522,0.099073514,0.009177316,0.2712402,0.016872102,null,null,null,null,"TWOGAUSSIANS",8,2.5414875,0.71252054,0.005554522,0.4,0.0,0.26063165,0.013138099,0.2268515,0.0065336046,0.4,0.0,0.21429549,0.012852072
