Gaia/vari_eclipsing_binary/VariEclipsingBinary_490978-491001.csv
# %ECSV 1.0
# ---
# delimiter: ','
# meta: !!omap
# - RELEASE: Gaia DR3
# - TABLE: vari_eclipsing_binary
# - DESCRIPTION: >
#     This table describes the properties of the eclipsing binaries resulting from the variability analysis. 
# - CITATION: >
#     How to cite and acknowledge Gaia: 
#     https://gea.esac.esa.int/archive/documentation/credits.html 
# - KNOWN_ISSUES: >
#     Known issues: 
#     https://www.cosmos.esa.int/web/gaia-users/known-issues 
# - DOCUMENTATION: >
#     Tutorials and documentation: 
#     https://www.cosmos.esa.int/web/gaia-users/archive 
# datatype:
# - 
#   name: solution_id
#   datatype: int64
#   description: Solution Identifier
#   meta:
#     ucd: meta.version
# - 
#   name: source_id
#   datatype: int64
#   description: Unique source identifier
#   meta:
#     ucd: meta.id;meta.main
# - 
#   name: global_ranking
#   datatype: float32
#   description: Number between 0 (worst) and 1 (best)
#   meta:
#     ucd: stat.param
# - 
#   name: reference_time
#   datatype: float64
#   unit: d
#   description: Reference time used for the geometric model fit
#   meta:
#     ucd: time.epoch
# - 
#   name: frequency
#   datatype: float64
#   unit: d**-1
#   description: Frequency of geometric model of the eclipsing binary light curve
#   meta:
#     ucd: src.orbital
# - 
#   name: frequency_error
#   datatype: float32
#   unit: d**-1
#   description: "Uncertainty of \\texttt{frequency}"
#   meta:
#     ucd: stat.error
# - 
#   name: geom_model_reference_level
#   datatype: float32
#   unit: mag
#   description: Magnitude reference level of geometric model
#   meta:
#     ucd: phot.mag;em.opt
# - 
#   name: geom_model_reference_level_error
#   datatype: float32
#   unit: mag
#   description: "Uncertainty of \\texttt{geomModelReferenceLevel}"
#   meta:
#     ucd: stat.error;phot.mag;em.opt
# - 
#   name: geom_model_gaussian1_phase
#   datatype: float32
#   description: Phase of the Gaussian 1 component
#   meta:
#     ucd: time.phase
# - 
#   name: geom_model_gaussian1_phase_error
#   datatype: float32
#   description: "Uncertainty of \\texttt{geomModelGaussian1Phase}"
#   meta:
#     ucd: stat.error;time.phase
# - 
#   name: geom_model_gaussian1_sigma
#   datatype: float32
#   description: "Standard deviation [phase] of Gaussian 1 component"
#   meta:
#     ucd: stat.stdev
# - 
#   name: geom_model_gaussian1_sigma_error
#   datatype: float32
#   description: "Uncertainty of \\texttt{geomModelGaussian1Sigma}"
#   meta:
#     ucd: stat.error
# - 
#   name: geom_model_gaussian1_depth
#   datatype: float32
#   unit: mag
#   description: Magnitude depth of Gaussian 1 component
#   meta:
#     ucd: src.var.amplitude
# - 
#   name: geom_model_gaussian1_depth_error
#   datatype: float32
#   unit: mag
#   description: "Uncertainty of \\texttt{geomModelGaussian1Depth}"
#   meta:
#     ucd: stat.error;src.var.amplitude
# - 
#   name: geom_model_gaussian2_phase
#   datatype: float32
#   description: Phase of Gaussian 2 component
#   meta:
#     ucd: time.phase
# - 
#   name: geom_model_gaussian2_phase_error
#   datatype: float32
#   description: "Uncertainty of \\texttt{geomModelGaussian2Phase}"
#   meta:
#     ucd: stat.error;time.phase
# - 
#   name: geom_model_gaussian2_sigma
#   datatype: float32
[...]
#   datatype: float32
#   description: "Secondary eclipse: uncertainty of \\texttt{derivedSecondaryEclDuration}"
#   meta:
#     ucd: stat.error;time.duration
# - 
#   name: derived_secondary_ecl_depth
#   datatype: float32
#   unit: mag
#   description: "Secondary eclipse: depth"
#   meta:
#     ucd: src.var.amplitude
# - 
#   name: derived_secondary_ecl_depth_error
#   datatype: float32
#   unit: mag
#   description: "Secondary eclipse: uncertainty of \\texttt{derivedSecondaryEclDepth}"
#   meta:
#     ucd: stat.error;src.var.amplitude
solution_id,source_id,global_ranking,reference_time,frequency,frequency_error,geom_model_reference_level,geom_model_reference_level_error,geom_model_gaussian1_phase,geom_model_gaussian1_phase_error,geom_model_gaussian1_sigma,geom_model_gaussian1_sigma_error,geom_model_gaussian1_depth,geom_model_gaussian1_depth_error,geom_model_gaussian2_phase,geom_model_gaussian2_phase_error,geom_model_gaussian2_sigma,geom_model_gaussian2_sigma_error,geom_model_gaussian2_depth,geom_model_gaussian2_depth_error,geom_model_cosine_half_period_amplitude,geom_model_cosine_half_period_amplitude_error,geom_model_cosine_half_period_phase,geom_model_cosine_half_period_phase_error,model_type,num_model_parameters,reduced_chi2,derived_primary_ecl_phase,derived_primary_ecl_phase_error,derived_primary_ecl_duration,derived_primary_ecl_duration_error,derived_primary_ecl_depth,derived_primary_ecl_depth_error,derived_secondary_ecl_phase,derived_secondary_ecl_phase_error,derived_secondary_ecl_duration,derived_secondary_ecl_duration_error,derived_secondary_ecl_depth,derived_secondary_ecl_depth_error
[from data line 38]
375316653866487564,4318703660450041600,0.5155404,2091.142095048621,2.250533542689727,1.4851084E-5,19.545444,0.016588002,0.3530529,0.010586841,0.08777815,0.012709966,0.28789005,0.01781557,0.8516025,0.0048753074,0.07884684,0.008065543,0.30396253,0.016856449,null,null,null,null,"TWOGAUSSIANS",8,1.2257737,0.8516025,0.0048753074,0.4,0.0,0.29759488,0.015457216,0.3530529,0.010586841,0.4,0.0,0.28152233,0.017049892
375316653866487564,4318703827920989312,0.57912606,2131.438351212031,0.6799930378996226,3.2674016E-5,19.349966,0.0059409356,0.1410582,0.008065538,0.062431186,0.014076008,0.13790518,0.09743863,0.6472986,0.0033378012,0.03677026,0.0023619968,0.8313471,0.085907295,null,null,null,null,"TWOGAUSSIANS",8,2.0624495,0.6472986,0.0033378012,0.20591347,0.013227182,0.831346,0.08590789,0.1410582,0.008065538,0.34961465,0.078825645,0.13790406,0.097439826
375316653866487564,4318704141441462784,0.42291403,2161.768496763102,1.639320877127431,2.8785966E-5,18.846811,0.5222655,0.22402403,0.019663103,0.10458634,0.068191335,0.21379271,0.45689735,0.7408115,0.012093296,0.1087658,0.09514799,0.2082247,0.5012185,null,null,null,null,"TWOGAUSSIANS",8,7.2162347,0.22400403,0.019405363,0.4,0.0,0.1913663,0.0319642,0.74082154,0.0111306235,0.4,0.0,0.18579091,0.021349108
375316653866487564,4318704863040930688,0.66427904,2158.088750501063,0.566586867340624,3.0263031E-6,16.001228,0.0010998183,0.5396154,3.9502633E-5,0.011759458,1.3930269E-4,0.45950222,0.0020712663,0.3286741,0.10694996,0.12947297,0.055814598,0.002465413,0.0013590178,null,null,null,null,"TWOGAUSSIANS",8,1.8535771,0.5396154,3.9502633E-5,0.06585296,7.800951E-4,0.46015325,0.0030981824,0.3286741,0.10694996,0.4,0.0,0.0024625652,0.0013168454
375316653866487564,4318705275312979840,0.44418126,2160.463088030812,3.003217859955242,3.3708093E-5,19.74064,0.014731725,0.14927135,0.0111492155,0.067024805,0.0108596105,0.26840675,0.017477077,0.6541069,0.011232418,0.06251844,0.014399478,0.21834132,0.034943715,null,null,null,null,"TWOGAUSSIANS",8,4.1845117,0.14927135,0.0111492155,0.3753389,0.041289054,0.26816216,0.017290248,0.6541069,0.011232418,0.35010326,0.074682735,0.21809672,0.03505428
375316653866487564,4318705584595198208,0.54926324,2167.343596002787,1.1020505149356694,1.1342349E-5,16.058638,0.011848009,0.189447,0.012713779,0.057071354,0.020319493,0.032161787,0.023755414,0.73165166,0.00318285,0.06938992,0.025581403,0.05777643,0.021209015,0.038091853,0.013035777,0.73165166,0.00318285,"TWOGAUSSIANS_WITH_ELLIPSOIDAL_ON_ECLIPSE2",9,10.478858,0.73165166,0.00318285,0.3885835,0.13778625,0.1338734,0.010750782,0.205647,0.012240964,0.3195996,0.11378916,0.10497297,0.005295128
375316653866487564,4318706026922528768,0.6317383,2158.3747541868934,1.0236880275558224,6.0216626E-6,17.900517,0.007018998,0.25772294,0.0021343946,0.04199834,0.0065334258,0.19736387,0.021560706,0.7602575,0.0054362495,0.041186053,0.0076749823,0.1662072,0.020621363,0.13552089,0.008774952,0.25772294,0.0021343946,"TWOGAUSSIANS_WITH_ELLIPSOIDAL_ON_ECLIPSE1",9,2.9988892,0.25772294,0.0021343946,0.23519072,0.036587186,0.46840513,0.015619912,0.7602575,0.0054362495,0.2306419,0.042979904,0.4371797,0.02091342
375316653866487564,4318706271792510208,0.6458539,2152.8792080541384,0.5229228626952555,8.815568E-6,13.557824,7.3687953E-4,0.7004172,0.01468683,0.027511109,0.0063430835,0.4484287,0.12961026,null,null,null,null,null,null,null,null,null,null,"ONEGAUSSIAN",5,19.790148,0.7004172,0.01468683,0.15406221,0.03552127,0.4484287,0.0,null,null,null,null,null,null
375316653866487564,4318706546625435264,0.50701207,2173.016948230396,2.518610206030322,3.7792004E-5,17.61951,0.3408109,0.2470997,0.010035555,0.13434368,0.1267026,0.20768817,0.3251292,0.74706346,0.005324859,0.10419011,0.031897124,0.25206763,0.20688605,null,null,null,null,"TWOGAUSSIANS",8,13.616788,0.74706346,0.0053376434,0.4,0.0,0.20300154,0.008383607,0.2470997,0.010039014,0.4,0.0,0.15821922,0.02132645
375316653866487564,4318706718469075584,0.44799423,2164.600870548254,2.842329131263051,4.8141985E-5,18.033232,0.025832487,0.10925445,0.022912867,0.08203008,0.05036764,0.12081894,0.03931508,0.64399153,0.011565326,0.100496195,0.03237047,0.114486136,0.021578368,null,null,null,null,"TWOGAUSSIANS",8,9.554946,0.10924445,0.022893293,0.4,0.15314044,0.117630884,0.04010416,0.64399153,0.011565948,0.4,0.0,0.11129547,0.012947967
375316653866487564,4318706787188582656,0.52820724,2161.272728113707,2.632890074988287,1.9726065E-5,15.953071,0.047639683,0.2646475,0.0045760474,0.10415041,0.021369608,0.12877582,0.044871535,0.7745223,0.010878335,0.1252562,0.042195987,0.12411335,0.045764044,null,null,null,null,"TWOGAUSSIANS",8,14.635671,0.2645775,0.004630292,0.4,0.0,0.10763635,0.0063498523,0.7745323,0.010863864,0.4,0.0,0.1028866,0.007001642
375316653866487564,4318707435672006144,0.4744998,2168.2265114547986,0.3041552870292692,1.933974E-5,17.22638,0.002397397,0.16100681,0.00350393,0.04134321,0.0062156026,0.04914029,0.0030501427,0.6937469,0.008258013,0.04746032,0.01033747,0.29101497,0.36143178,null,null,null,null,"TWOGAUSSIANS",8,3.3379273,0.6937469,0.008258013,0.2657778,0.05788983,0.29101497,0.36143178,0.16100681,0.00350393,0.23152196,0.034807373,0.049140282,0.0030501415
375316653866487564,4318707921060034944,0.54640275,2171.5105514564666,2.080635460023126,1.173693E-5,16.437862,0.0138384,0.2623036,0.004801372,0.0870951,0.011302163,0.16085939,0.016542591,0.7510467,0.0028904616,0.086825706,0.0059967,0.32474563,0.01515892,null,null,null,null,"TWOGAUSSIANS",8,31.154844,0.7510467,0.0028904616,0.4,0.0,0.31872234,0.013814992,0.2623036,0.004801372,0.4,0.0,0.15483615,0.01624274
375316653866487564,4318708161578050304,0.5981036,2180.7116458432183,1.8720360888202248,6.2874665E-6,15.065433,0.013195738,0.2631736,0.0029383881,0.11123797,0.010816533,0.14989434,0.011773663,0.76375854,0.0011078902,0.11249289,0.0064993775,0.19582318,0.011932493,null,null,null,null,"TWOGAUSSIANS",8,12.964847,0.76375854,0.0011078902,0.4,0.0,0.16783105,0.002572309,0.2631736,0.0029383881,0.4,0.0,0.121910006,0.0038484684
375316653866487564,4318708780008410624,0.47014362,2169.9683560395624,3.2062830457499754,3.1122225E-5,18.799911,0.1635719,0.268602,0.0070368946,0.13717572,0.07590726,0.16063043,0.16122837,0.7720063,0.0066304808,0.11490515,0.050905712,0.17483892,0.1479538,null,null,null,null,"TWOGAUSSIANS",8,2.1211174,0.77207625,0.00665726,0.4,0.0,0.13010114,0.010901849,0.268592,0.0070558097,0.4,0.0,0.115499616,0.008834773
375316653866487564,4318708814413081600,0.53593385,2173.6714802444453,3.144682524296614,9.693267E-6,18.768,0.01895545,0.22691274,0.004376277,0.06738222,0.0046336246,0.5799228,0.045346204,0.7315309,0.0032432869,0.05945645,0.0050476696,0.46669698,0.018210553,null,null,null,null,"TWOGAUSSIANS",8,6.2135057,0.22691274,0.004376277,0.3773404,0.025948297,0.5795405,0.045228664,0.7315309,0.0032432869,0.3329561,0.02826695,0.4663147,0.018000856
375316653866487564,4318709123606174080,0.4485563,2177.723673304929,0.559900607232078,3.088038E-5,19.04573,0.01572848,0.33422568,0.006662078,0.04403435,0.010092451,0.42399517,0.21946162,0.78613937,0.0041462886,0.028713318,0.0040020333,0.3356395,0.062224668,null,null,null,null,"TWOGAUSSIANS",8,16.656883,0.33422568,0.006662078,0.24659237,0.056517724,0.42399517,0.21946162,0.78613937,0.0041462886,0.16079459,0.022411387,0.3356395,0.062224668
375316653866487564,4318709364168990464,0.4630431,2182.1661050337243,2.603527243834094,3.1071904E-5,17.887125,0.004295193,null,null,null,null,null,null,null,null,null,null,null,null,0.06672571,0.0062689073,0.27903754,0.006326561,"ELLIPSOIDAL",4,11.697308,null,null,null,null,null,null,null,null,null,null,null,null
375316653866487564,4318709570327450752,0.51310027,2167.789407092658,2.224427085300922,1.7448785E-5,18.062069,0.0034038362,null,null,null,null,null,null,null,null,null,null,null,null,0.08981108,0.004954223,0.2319214,0.0041911723,"ELLIPSOIDAL",4,6.125755,null,null,null,null,null,null,null,null,null,null,null,null
375316653866487564,4318709913880157056,0.5218226,2165.973751159843,2.3455355483677685,1.8494065E-5,19.498987,0.008817024,0.24620117,0.008627346,0.041935742,0.010347215,0.34159648,0.48269206,0.736644,0.003595352,0.042035814,0.005798638,0.5476017,0.034638695,null,null,null,null,"TWOGAUSSIANS",8,3.2161677,0.736644,0.003595352,0.23540056,0.032472372,0.5476017,0.034638718,0.24620117,0.008627346,0.23484015,0.05794441,0.34159648,0.48269206
375316653866487564,4318710562423785216,0.5349713,2127.453044426112,1.0529939944646043,8.220422E-6,19.306063,0.014707028,0.28517482,0.0029532278,0.08557383,0.0068668383,0.31878376,0.027216608,0.8040563,0.004563207,0.08258366,0.007590454,0.37057364,0.03112211,null,null,null,null,"TWOGAUSSIANS",8,1.6754149,0.8040563,0.004563207,0.4,0.0,0.36470163,0.032567695,0.28517482,0.0029532278,0.4,0.0,0.31291172,0.027379315
375316653866487564,4318710596790210944,0.5214782,2150.815646142603,1.0156163074941669,4.185523E-5,18.737732,0.0096824905,0.33771876,0.015335669,0.047965832,0.015798138,0.43599272,0.1089137,0.8477727,0.011803389,0.061195295,0.010395899,0.086904034,0.015669204,null,null,null,null,"TWOGAUSSIANS",8,3.7841594,0.33771876,0.015335669,0.26860866,0.08846957,0.43598646,0.10899976,0.8477727,0.011803389,0.34269366,0.058217037,0.08689779,0.015641667
375316653866487564,4318710807278119680,0.48702484,2166.296856500684,2.4358861012141935,1.7707358E-5,17.916294,0.004582627,0.30887875,0.026765443,0.022882372,0.02008584,0.04800297,0.53639346,0.7208213,0.00592437,0.05086177,0.028894654,0.01993263,0.012440897,0.0539408,0.007321387,0.7208213,0.00592437,"TWOGAUSSIANS_WITH_ELLIPSOIDAL_ON_ECLIPSE2",9,6.9089413,0.30229875,0.022847494,0.12814128,0.1124807,0.12805182,0.5365131,0.7208213,0.00592437,0.2848259,0.16181006,0.12781402,0.008923433
375316653866487564,4318710940372240000,0.5629207,2176.97938107136,0.7032540886398175,2.193187E-5,17.990662,0.004544991,0.082332976,0.008603492,0.0061690668,0.0065558157,0.079965495,56155.67,0.631148,0.0060331705,0.05344222,0.0027691396,0.6107175,0.05123983,null,null,null,null,"TWOGAUSSIANS",8,9.295821,0.631148,0.0060331705,0.29927644,0.015507182,0.6107175,0.05123983,0.082332976,0.008603492,0.034546774,0.03671257,0.079965495,56155.67
375316653866487564,4318711077804580864,0.5714012,2160.7708739243635,2.1024835616434894,1.1666029E-5,18.06125,0.011630105,0.26904753,0.008096873,0.09310529,0.01347376,0.16207428,0.011965148,0.734668,0.0032727174,0.100555904,0.0069747306,0.2674633,0.010046164,null,null,null,null,"TWOGAUSSIANS",8,2.386999,0.734668,0.0032727174,0.4,0.0,0.25816235,0.0061563384,0.26905754,0.008111705,0.4,0.0,0.15277882,0.011020845
375316653866487564,4318711116515799680,0.4672865,2176.995881306637,4.37892846124386,8.565787E-6,17.434086,0.16991645,0.4481537,0.009944649,0.2572657,0.10658912,0.18124658,0.16219428,0.84464234,0.003012399,0.0028886057,9.060159E-4,0.36182442,0.39582384,null,null,null,null,"TWOGAUSSIANS",8,8.699018,0.84464234,0.003012399,0.016176192,0.0050736894,0.37382743,0.39549416,0.4481537,0.009944649,0.4,0.0,0.12659866,0.008809543
375316653866487564,4318711150875522688,0.6586189,2156.0537121048314,1.0084926983684463,7.1886116E-6,16.139074,0.0013712175,0.2552798,0.0012907789,0.029045016,0.0012178298,0.25859106,0.010615805,0.7550878,0.015832368,0.03149874,0.013389459,0.2601142,0.5702024,0.013501149,0.0018825482,0.2552798,0.0012907789,"TWOGAUSSIANS_WITH_ELLIPSOIDAL_ON_ECLIPSE1",9,3.8588467,0.7550878,0.015822787,0.17639294,0.07498097,0.2871164,0.5699558,0.2552798,0.0012907789,0.16265209,0.0068198466,0.2855933,0.010595041
375316653866487564,4318711558840840448,0.509182,2152.255719827362,3.2076913885608414,2.2407528E-5,18.469004,0.012288305,0.21616907,0.0063987966,0.08327699,0.009835972,0.21078385,0.015334632,0.7202241,0.013645998,0.07645452,0.017404635,0.16729788,0.018508349,null,null,null,null,"TWOGAUSSIANS",8,4.367923,0.21616907,0.0063987966,0.4,0.0,0.20818958,0.014716252,0.7202241,0.013645998,0.4,0.021783158,0.16470361,0.017741773
375316653866487564,4318711666271715200,0.59082925,2183.5049146266692,1.8261224094872466,6.2687554E-6,14.987213,0.007841298,0.25315326,0.0032770317,0.07554249,0.008148382,0.18069008,0.012873727,0.7346307,0.0016666044,0.08625071,0.0036765903,0.28554258,0.009123428,null,null,null,null,"TWOGAUSSIANS",8,60.445007,0.7346307,0.0016666044,0.4,0.0,0.2828382,0.008625185,0.25315326,0.0032770317,0.4,0.0,0.17798576,0.013647456
375316653866487564,4318711769307179520,0.43204755,2199.638026230519,0.7947652671684343,6.134673E-5,18.618158,0.43292132,0.22195141,0.017188074,0.14710599,0.032521755,0.29131687,0.3103523,0.7390884,0.008395052,0.18378864,0.12843642,0.32737726,0.41625932,null,null,null,null,"TWOGAUSSIANS",8,5.9739394,0.7408384,0.0073462874,0.4,0.0,0.14717767,0.010221039,0.21686141,0.013545349,0.4,0.0,0.1259301,0.021989105
375316653866487564,4318711769307185792,0.5286798,2122.2653878573515,2.5841997896646016,2.2989796E-5,18.463959,0.025021423,0.16797528,0.010840666,0.07980249,0.016008984,0.4140831,0.036499467,0.6819522,0.0057112123,0.08370375,0.0075790994,0.33786514,0.029465515,null,null,null,null,"TWOGAUSSIANS",8,10.064987,0.16797528,0.010840666,0.4,0.0,0.40875387,0.035603005,0.6819522,0.0057112123,0.4,0.0,0.33253592,0.024393775
375316653866487564,4318711769350936064,0.4667068,2177.911503944827,2.5204617371858253,4.1891864E-5,17.22263,0.5790814,0.23199154,0.005614327,0.2789052,0.13368158,0.74866503,0.57028794,0.7393599,0.0047839233,0.120424114,0.02641474,0.5462007,0.18439865,null,null,null,null,"TWOGAUSSIANS",8,24.21376,0.7415199,0.004759272,0.4,0.0,0.2758618,0.03147827,0.23181154,0.005669042,0.4,0.0,0.1804305,0.017964603
375316653866487564,4318712078588574720,0.53249896,2205.7662302984813,3.2675216826246687,2.2949529E-5,18.424498,0.015369546,0.22315052,0.00974583,0.08533354,0.011258429,0.39646488,0.019766677,0.71612173,0.005008041,0.077433735,0.0072305207,0.457968,0.042933,null,null,null,null,"TWOGAUSSIANS",8,10.3198805,0.71612173,0.005008041,0.4,0.0,0.45134494,0.044039205,0.22315052,0.00974583,0.4,0.0,0.38984182,0.018120717
375316653866487564,4318712211676130176,0.54891515,2144.845937683623,3.006794787364599,1.2253522E-5,17.240932,0.0132066365,0.31015766,0.012094779,0.043560006,0.011937835,0.11860405,0.06802376,0.79648674,0.0030787624,0.053419217,0.013616373,0.13633822,0.050358452,0.116253406,0.018305402,0.79648674,0.0030787624,"TWOGAUSSIANS_WITH_ELLIPSOIDAL_ON_ECLIPSE2",9,17.166206,0.79648674,0.0030787624,0.2991476,0.07625169,0.36884254,0.04646852,0.30705768,0.009615702,0.24393603,0.06685188,0.3497842,0.05577583
375316653866487564,4318712387781591424,0.56331426,2185.941589329384,3.2274641915256255,1.1099851E-5,19.250263,0.014634028,0.22075705,0.005866446,0.06944374,0.005374804,0.56195664,0.03168617,0.72253346,0.003478421,0.0680845,0.0048645656,0.51189053,0.032508906,null,null,null,null,"TWOGAUSSIANS",8,2.7257597,0.22075705,0.005866446,0.38888496,0.027036667,0.56057596,0.031334426,0.72253346,0.003478421,0.38127318,0.027241569,0.51050985,0.03266958
375316653866487564,4318712422143248640,0.57911146,2193.5905060290147,0.4092549237734928,2.5511965E-6,19.241106,0.007437038,0.31682548,0.004525558,0.038069144,0.006961434,0.30433348,0.018169623,0.8106429,0.0010786331,0.031487916,0.0010676457,0.61031973,0.017254291,null,null,null,null,"TWOGAUSSIANS",8,1.7336222,0.8106429,0.0010786331,0.17633234,0.0059788157,0.61031973,0.017254291,0.31682548,0.004525558,0.2131872,0.03898403,0.30433348,0.018169623
375316653866487564,4318712727087539456,0.54706615,2157.3309430860336,3.1285019988846248,1.7136057E-5,19.63414,0.012956337,0.2452413,0.004831767,0.066630125,0.006218511,0.5732237,0.06902698,0.74499017,0.0048102746,0.0628169,0.004759553,0.50300527,0.02439582,null,null,null,null,"TWOGAUSSIANS",8,2.5444698,0.2452413,0.004831767,0.37312868,0.034823664,0.57260907,0.06934758,0.74499017,0.0048102746,0.35177466,0.026653497,0.5023906,0.024356958
