Gaia/vari_eclipsing_binary/VariEclipsingBinary_662007-662059.csv
# %ECSV 1.0
# ---
# delimiter: ','
# meta: !!omap
# - RELEASE: Gaia DR3
# - TABLE: vari_eclipsing_binary
# - DESCRIPTION: >
#     This table describes the properties of the eclipsing binaries resulting from the variability analysis. 
# - CITATION: >
#     How to cite and acknowledge Gaia: 
#     https://gea.esac.esa.int/archive/documentation/credits.html 
# - KNOWN_ISSUES: >
#     Known issues: 
#     https://www.cosmos.esa.int/web/gaia-users/known-issues 
# - DOCUMENTATION: >
#     Tutorials and documentation: 
#     https://www.cosmos.esa.int/web/gaia-users/archive 
# datatype:
# - 
#   name: solution_id
#   datatype: int64
#   description: Solution Identifier
#   meta:
#     ucd: meta.version
# - 
#   name: source_id
#   datatype: int64
#   description: Unique source identifier
#   meta:
#     ucd: meta.id;meta.main
# - 
#   name: global_ranking
#   datatype: float32
#   description: Number between 0 (worst) and 1 (best)
#   meta:
#     ucd: stat.param
# - 
#   name: reference_time
#   datatype: float64
#   unit: d
#   description: Reference time used for the geometric model fit
#   meta:
#     ucd: time.epoch
# - 
#   name: frequency
#   datatype: float64
#   unit: d**-1
#   description: Frequency of geometric model of the eclipsing binary light curve
#   meta:
#     ucd: src.orbital
# - 
#   name: frequency_error
#   datatype: float32
#   unit: d**-1
#   description: "Uncertainty of \\texttt{frequency}"
#   meta:
#     ucd: stat.error
# - 
#   name: geom_model_reference_level
#   datatype: float32
#   unit: mag
#   description: Magnitude reference level of geometric model
#   meta:
#     ucd: phot.mag;em.opt
# - 
#   name: geom_model_reference_level_error
#   datatype: float32
#   unit: mag
#   description: "Uncertainty of \\texttt{geomModelReferenceLevel}"
#   meta:
#     ucd: stat.error;phot.mag;em.opt
# - 
#   name: geom_model_gaussian1_phase
#   datatype: float32
#   description: Phase of the Gaussian 1 component
#   meta:
#     ucd: time.phase
# - 
#   name: geom_model_gaussian1_phase_error
#   datatype: float32
#   description: "Uncertainty of \\texttt{geomModelGaussian1Phase}"
#   meta:
#     ucd: stat.error;time.phase
# - 
#   name: geom_model_gaussian1_sigma
#   datatype: float32
#   description: "Standard deviation [phase] of Gaussian 1 component"
#   meta:
#     ucd: stat.stdev
# - 
#   name: geom_model_gaussian1_sigma_error
#   datatype: float32
#   description: "Uncertainty of \\texttt{geomModelGaussian1Sigma}"
#   meta:
#     ucd: stat.error
# - 
#   name: geom_model_gaussian1_depth
#   datatype: float32
#   unit: mag
#   description: Magnitude depth of Gaussian 1 component
#   meta:
#     ucd: src.var.amplitude
# - 
#   name: geom_model_gaussian1_depth_error
#   datatype: float32
#   unit: mag
#   description: "Uncertainty of \\texttt{geomModelGaussian1Depth}"
#   meta:
#     ucd: stat.error;src.var.amplitude
# - 
#   name: geom_model_gaussian2_phase
#   datatype: float32
#   description: Phase of Gaussian 2 component
#   meta:
#     ucd: time.phase
# - 
#   name: geom_model_gaussian2_phase_error
#   datatype: float32
#   description: "Uncertainty of \\texttt{geomModelGaussian2Phase}"
#   meta:
#     ucd: stat.error;time.phase
# - 
#   name: geom_model_gaussian2_sigma
#   datatype: float32
[...]
#   datatype: float32
#   description: "Secondary eclipse: uncertainty of \\texttt{derivedSecondaryEclDuration}"
#   meta:
#     ucd: stat.error;time.duration
# - 
#   name: derived_secondary_ecl_depth
#   datatype: float32
#   unit: mag
#   description: "Secondary eclipse: depth"
#   meta:
#     ucd: src.var.amplitude
# - 
#   name: derived_secondary_ecl_depth_error
#   datatype: float32
#   unit: mag
#   description: "Secondary eclipse: uncertainty of \\texttt{derivedSecondaryEclDepth}"
#   meta:
#     ucd: stat.error;src.var.amplitude
solution_id,source_id,global_ranking,reference_time,frequency,frequency_error,geom_model_reference_level,geom_model_reference_level_error,geom_model_gaussian1_phase,geom_model_gaussian1_phase_error,geom_model_gaussian1_sigma,geom_model_gaussian1_sigma_error,geom_model_gaussian1_depth,geom_model_gaussian1_depth_error,geom_model_gaussian2_phase,geom_model_gaussian2_phase_error,geom_model_gaussian2_sigma,geom_model_gaussian2_sigma_error,geom_model_gaussian2_depth,geom_model_gaussian2_depth_error,geom_model_cosine_half_period_amplitude,geom_model_cosine_half_period_amplitude_error,geom_model_cosine_half_period_phase,geom_model_cosine_half_period_phase_error,model_type,num_model_parameters,reduced_chi2,derived_primary_ecl_phase,derived_primary_ecl_phase_error,derived_primary_ecl_duration,derived_primary_ecl_duration_error,derived_primary_ecl_depth,derived_primary_ecl_depth_error,derived_secondary_ecl_phase,derived_secondary_ecl_phase_error,derived_secondary_ecl_duration,derived_secondary_ecl_duration_error,derived_secondary_ecl_depth,derived_secondary_ecl_depth_error
[from data line 142]
375316653866487564,5823188063770680832,0.59865254,2235.7154273528895,3.02353881308563,6.6333614E-6,17.116982,0.013471484,0.2635923,0.001883234,0.04159248,0.005592273,0.22666256,0.027214184,0.76266867,0.008793555,0.050666206,0.01633578,0.3312763,0.10296364,0.1267512,0.015307815,0.2635923,0.001883234,"TWOGAUSSIANS_WITH_ELLIPSOIDAL_ON_ECLIPSE1",9,14.200442,0.7627887,0.0073481305,0.28373075,0.09148037,0.58476937,0.12547967,0.2635923,0.001883234,0.23291788,0.031316727,0.48016304,0.015113768
375316653866487564,5823192186923926272,0.540273,2229.0552544043617,3.408146976944158,8.639629E-6,19.713087,0.008999434,0.25419167,0.0027144377,0.06482188,0.0029408608,0.51785976,0.028567715,0.7529558,0.002781957,0.060961135,0.0031361203,0.48326367,0.022512708,null,null,null,null,"TWOGAUSSIANS",8,1.7163049,0.25419167,0.0027144377,0.3630025,0.01646882,0.5175031,0.02860203,0.7529558,0.002781957,0.34138235,0.017562274,0.48290697,0.022543984
375316653866487564,5823192599257345920,0.607201,2237.2180182583224,2.418667278810176,6.119709E-6,15.358396,0.0116071515,0.25726995,0.0011771817,0.052351452,0.003923881,0.24049085,0.02440511,0.7489031,0.0021174485,0.06719978,0.0038177771,0.2846242,0.027539883,0.07190419,0.014295466,0.7489031,0.0021174485,"TWOGAUSSIANS_WITH_ELLIPSOIDAL_ON_ECLIPSE2",9,92.04833,0.7489031,0.0021174485,0.37631875,0.02137955,0.42815986,0.011365888,0.25630993,9.417624E-4,0.29316816,0.021973733,0.38367483,0.0069396277
375316653866487564,5823193934968971520,0.49088478,2224.5822549120694,1.2911364654415667,1.8073048E-5,18.675861,0.015287274,0.26845166,0.013253641,0.09216557,0.01506741,0.18962361,0.021408178,0.775356,0.0041679554,0.09483592,0.010655834,0.1703789,0.014079426,null,null,null,null,"TWOGAUSSIANS",8,3.75914,0.26845166,0.013253641,0.4,0.0,0.18051194,0.01979246,0.775356,0.0041679554,0.4,0.0,0.16126704,0.009637795
375316653866487564,5823194248524072448,0.4883736,2213.5070558499124,2.080977753239779,6.2025974E-6,18.191183,0.005170262,0.29470477,0.0017258909,0.038125847,0.0019200606,0.31627074,0.025051089,0.80478346,0.0048411814,0.027551811,0.00317116,0.20090112,0.015904512,null,null,null,null,"TWOGAUSSIANS",8,12.865704,0.29470477,0.0017258909,0.21350473,0.01075234,0.31627074,0.025051089,0.80478346,0.0048411814,0.15429014,0.017758494,0.20090112,0.015904512
375316653866487564,5823196791145481216,0.633325,2255.099651012781,2.3979956580157835,1.7700608E-5,17.54978,0.0034629,0.13768466,0.0016442077,0.007970065,0.0013817602,0.62443715,0.10486345,0.3042645,0.051815696,0.058477584,0.06577261,0.005920435,0.0034425142,null,null,null,null,"TWOGAUSSIANS",8,3.3976433,0.13768466,0.0016442077,0.04463236,0.0077378573,0.62453955,0.10486082,0.3042645,0.051815696,0.32747447,0.19809607,0.005920435,0.003442424
375316653866487564,5823198951491568512,0.5375233,2235.1590021613833,1.1106349800316708,9.535748E-6,18.930813,0.006693896,0.31266192,0.0019277263,0.018733205,0.0021767698,0.8335299,0.10083867,0.81085855,0.0015495105,0.018360464,0.0014601991,0.48366043,0.031476066,0.01918563,0.008407579,0.31266192,0.0019277263,"TWOGAUSSIANS_WITH_ELLIPSOIDAL_ON_ECLIPSE1",9,6.3744435,0.31266192,0.0019277263,0.104905955,0.012189911,0.8719011,0.103566095,0.81085855,0.0015404981,0.1028186,0.008177115,0.5220268,0.03079372
375316653866487564,5823200261461247872,0.4244958,2290.401752971882,3.8258715963966172,2.2925236E-5,18.46587,0.008473766,0.13929619,3.7894354E-4,0.011957991,5.991136E-4,0.34711173,0.011361588,0.86612964,0.00776667,0.03720371,0.0064921733,0.21680915,0.06734941,null,null,null,null,"TWOGAUSSIANS",8,5.881371,0.13929619,3.7894354E-4,0.066964746,0.0033550363,0.34711173,0.011361588,0.86612964,0.00776667,0.2083408,0.03635617,0.21680915,0.06734941
375316653866487564,5823203182056368512,0.4847662,2235.9708491861725,2.020920228769232,1.3759689E-5,14.731106,0.17292546,0.24283443,0.0046925596,0.22365852,0.046706498,0.50537705,0.16930057,0.7412564,0.004098219,0.15542306,0.016573578,0.48053345,0.09044102,null,null,null,null,"TWOGAUSSIANS",8,121.97324,0.7412564,0.004098219,0.4,0.0,0.16156425,0.010998889,0.24325444,0.004993378,0.4,0.0,0.108823285,0.0117233535
375316653866487564,5823204247208310400,0.49471316,2246.810796783222,3.3902726310035596,2.1782855E-5,17.508799,0.008077746,0.25069502,0.006321823,0.09445553,0.012151767,0.1684376,0.011554135,0.751469,0.004864816,0.08610077,0.007241172,0.17910321,0.010964754,null,null,null,null,"TWOGAUSSIANS",8,14.710513,0.751469,0.004864816,0.4,0.0,0.1717045,0.009852021,0.25069502,0.006321823,0.4,0.0,0.16103862,0.012926239
375316653866487564,5823205312360187648,0.602422,2258.06286634791,2.9569903016251673,3.4904167E-6,16.485603,0.002804303,0.14101197,0.001048316,0.050439347,0.0031969151,0.089811705,0.005717988,0.64035743,0.003171267,0.06605656,0.003233885,0.1010138,0.006762951,0.040390465,0.0033580193,0.14101197,0.001048316,"TWOGAUSSIANS_WITH_ELLIPSOIDAL_ON_ECLIPSE1",9,3.1121538,0.64049745,0.0026464947,0.3699167,0.018109756,0.18171899,0.0037182074,0.14101197,0.001048316,0.28246033,0.017902724,0.17051797,0.0031298636
375316653866487564,5823205789082376576,0.5744297,2257.360545883034,4.434019485808138,5.593259E-6,18.433212,0.0127317365,0.2626996,0.0076418766,0.05308624,0.008894561,0.35524723,0.033848263,0.7444058,0.0024796608,0.05078624,0.003913724,0.2967533,0.026389385,0.07962107,0.014833671,0.2626996,0.0076418766,"TWOGAUSSIANS_WITH_ELLIPSOIDAL_ON_ECLIPSE1",9,5.350542,0.2626996,0.0076418766,0.29728296,0.04980954,0.5144829,0.024873156,0.7461958,0.0019829795,0.28440294,0.021916853,0.45409852,0.00918114
375316653866487564,5823207335267566592,0.6344673,2239.208474680892,3.9512914988524916,4.683843E-6,17.796968,0.011072838,0.22256608,0.0028132058,0.04587971,0.0026645723,0.569386,0.030745368,0.729204,0.0016419316,0.04245981,0.0028616737,0.3553119,0.026185697,0.13097745,0.013841315,0.729204,0.0016419316,"TWOGAUSSIANS_WITH_ELLIPSOIDAL_ON_ECLIPSE2",9,7.273561,0.22303608,0.0025566912,0.2569264,0.014921606,0.83091694,0.021960009,0.729204,0.0016419316,0.23777492,0.016025374,0.6172659,0.007906096
375316653866487564,5823213932340185856,0.5316559,2214.273509081828,2.7102932888593454,1.4665499E-5,17.512583,0.010557484,0.26825336,0.0025464713,0.09295487,0.0056013092,0.2390171,0.010115273,0.75573105,0.005071195,0.101003535,0.0073237275,0.23511918,0.013706679,null,null,null,null,"TWOGAUSSIANS",8,9.965919,0.26825336,0.0025464713,0.4,0.0,0.22459571,0.0065716347,0.75573105,0.005071195,0.4,0.0,0.22069545,0.0108892415
375316653866487564,5823214005359086464,0.5536333,2216.1205911902634,3.1404913367685774,1.2545506E-5,19.835602,0.008730141,0.26361874,0.0053695636,0.07043872,0.0060548177,0.50433373,0.020198008,0.75169796,0.0023762935,0.06505317,0.0029156432,0.63632655,0.026174704,null,null,null,null,"TWOGAUSSIANS",8,1.5879455,0.75169796,0.0023762935,0.36429775,0.0163276,0.6354315,0.026254393,0.26361874,0.0053695636,0.39445683,0.024857597,0.5034387,0.020294609
375316653866487564,5823215134931158400,0.47168538,2238.9771925006344,2.981430342441194,2.682158E-5,18.898546,0.0057911063,null,null,null,null,null,null,null,null,null,null,null,null,0.124777436,0.0075674774,0.22810683,0.005365613,"ELLIPSOIDAL",4,10.509535,null,null,null,null,null,null,null,null,null,null,null,null
375316653866487564,5823215753406704256,0.6185446,2247.276904552745,2.5083742238403195,3.711554E-6,16.275724,0.022399625,0.22602735,0.0013140503,0.06112652,0.0044545024,0.51463586,0.043804184,0.73221606,0.0010055541,0.061503977,0.0037658743,0.40971917,0.048586864,0.065399334,0.027751673,0.22602735,0.0013140503,"TWOGAUSSIANS_WITH_ELLIPSOIDAL_ON_ECLIPSE1",9,27.11975,0.22602735,0.0013140503,0.34230852,0.024945213,0.6452449,0.023179458,0.73221606,0.0010055541,0.34442225,0.021088896,0.54013056,0.010533225
375316653866487564,5823215792065143296,0.5350403,2224.115794270375,3.2516952555834036,7.2458133E-6,19.087463,0.0052356175,0.22761145,0.0045983996,0.06847199,0.0059763542,0.28245842,0.0153759625,0.7235278,0.0018526822,0.07126091,0.0023205194,0.35649297,0.00742636,null,null,null,null,"TWOGAUSSIANS",8,2.206918,0.7235278,0.0018526822,0.39906108,0.009322898,0.3555436,0.0072819726,0.22761145,0.0045983996,0.38344315,0.033467583,0.2815091,0.015629034
375316653866487564,5823216547977651840,0.59140813,2259.348643236938,3.2005886522473457,3.6084025E-6,19.3515,0.008139239,0.23180662,0.0020017682,0.04232966,0.003463582,0.40099585,0.02457074,0.72530866,0.001524238,0.04665767,0.0019176613,0.44268522,0.024950184,0.10228554,0.013238478,0.23180662,0.0020017682,"TWOGAUSSIANS_WITH_ELLIPSOIDAL_ON_ECLIPSE1",9,1.4367301,0.72578865,0.0013738351,0.26128295,0.010738903,0.6469402,0.017609945,0.23180662,0.0020017682,0.23704611,0.01939606,0.60556656,0.019039769
375316653866487564,5823216612399997952,0.5193337,2289.1870463351133,0.030855823594581073,1.0036387E-6,18.227493,0.0028757332,0.5939093,1.6807347E-5,0.0018200256,7.647457E-5,0.35624,0.0030846694,0.70871943,0.05448108,0.09671763,0.08450096,0.013673584,0.010816821,null,null,null,null,"TWOGAUSSIANS",8,3.2944396,0.5939093,1.6807347E-5,0.010192144,4.282576E-4,0.36299917,0.0078033,0.70871943,0.05448108,0.4,0.3093949,0.013673541,0.010817105
375316653866487564,5823217029031503488,0.6052772,2244.384465292044,2.0795983240000386,3.3873548E-6,15.914089,0.0067082834,0.22640848,0.0016764262,0.10249423,0.0032263517,0.2726561,0.0067160134,0.7302681,0.001648542,0.092548564,0.002783001,0.31448284,0.006719735,null,null,null,null,"TWOGAUSSIANS",8,11.156368,0.7302681,0.001648542,0.4,0.0,0.29379568,0.004625644,0.22640848,0.0016764262,0.4,0.0,0.2519655,0.0050250585
375316653866487564,5823220877306814976,0.43664467,2252.712994887865,2.498490332736103,2.6963682E-5,19.861794,0.01111234,0.2398365,0.009636619,0.07043035,0.0104581835,0.26591673,0.029159404,0.73023033,0.0051452448,0.022531169,0.011287,0.24418537,0.21517375,null,null,null,null,"TWOGAUSSIANS",8,5.6435657,0.2398365,0.009636619,0.39440998,0.048925694,0.26591662,0.029159432,0.73023033,0.0051452448,0.12617454,0.0632072,0.24418524,0.21517433
375316653866487564,5823221152200191744,0.44845676,2243.8074025509695,0.9638209823416586,1.9822108E-5,15.209855,0.0026595986,0.25006792,0.010371295,0.036536034,0.012099582,0.05546493,0.011632989,0.75343096,0.013033642,0.03102876,0.009410709,0.14629674,0.020637522,null,null,null,null,"TWOGAUSSIANS",8,98.12163,0.75343096,0.013033642,0.17376107,0.052699972,0.14629674,0.020637522,0.25006792,0.010371295,0.20460178,0.06775766,0.05546493,0.011632989
375316653866487564,5823222148632623232,0.52988875,2254.993544401386,0.256700999896836,2.5805817E-5,17.416739,0.0048046326,0.2588468,0.0017321385,0.018448006,0.0021558776,0.27012882,0.008273122,0.7955051,0.020520227,0.14172545,0.041222744,0.021869667,0.0045674476,null,null,null,null,"TWOGAUSSIANS",8,3.1461008,0.2588468,0.0017330305,0.10330884,0.012072915,0.27009594,0.008238901,0.7955051,0.020520227,0.4,0.0,0.02171549,0.0041260766
375316653866487564,5823222320431318144,0.57200444,2243.988760911033,0.19452894562164227,1.041204E-6,17.410368,9.59844E-4,0.23538427,2.8443506E-5,0.004416059,4.2110623E-4,0.023788655,0.0026887897,0.8143573,1.8050693E-8,0.0033127645,9.461685E-6,2.0742118,0.017856438,null,null,null,null,"TWOGAUSSIANS",8,1.4166538,0.8143573,1.8050693E-8,0.018551482,5.2985437E-5,2.0742118,0.017856438,0.23538427,2.8443506E-5,0.02472993,0.002358195,0.023788655,0.0026887897
375316653866487564,5823223072038484608,0.46540058,2265.3007959504293,0.26808706342050825,1.0038161E-6,18.427858,0.0046675294,0.29782814,2.572063E-5,0.0035182324,3.572348E-5,2.5233233,0.03266118,0.7964862,0.019754188,0.037333336,0.018662354,0.09431254,0.07865143,null,null,null,null,"TWOGAUSSIANS",8,7.4955716,0.29782814,2.572063E-5,0.019702101,2.0005147E-4,2.5233233,0.03266118,0.7964862,0.019754188,0.20906669,0.10450918,0.09431254,0.07865143
375316653866487564,5823223106391155200,0.47345766,2225.205811158841,3.1599883790075687,1.498733E-5,18.624987,0.017245686,0.26683307,0.0049064206,0.08838659,0.009011887,0.26128155,0.017855829,0.76077074,0.006020735,0.08743304,0.009996431,0.30249298,0.030867036,null,null,null,null,"TWOGAUSSIANS",8,10.325191,0.76077074,0.006020735,0.4,0.0,0.29356825,0.031661857,0.26683307,0.0049064206,0.4,0.0,0.25235683,0.01434357
375316653866487564,5823224412061327232,0.60596675,2256.3887456710054,0.18022546087587812,3.0733192E-6,15.496951,0.0011688648,0.81470764,0.0026169212,0.004592968,6.942734E-4,0.27624765,0.16006957,0.18199058,0.06880144,0.12523521,0.077798285,0.0042634825,0.0015104025,null,null,null,null,"TWOGAUSSIANS",8,3.0228407,0.81470764,0.0026169212,0.02572062,0.0038879311,0.27630252,0.16007707,0.18199058,0.06880144,0.4,0.0,0.0042605344,0.0015143066
375316653866487564,5823224931771934592,0.59149086,2216.5930089749822,2.5275896650616043,6.0131647E-6,14.439525,0.005741285,0.21602957,0.0017296713,0.040024605,0.01192919,0.045156118,0.01229878,0.7144323,0.0040864116,0.051715948,0.010133083,0.07573463,0.008895203,0.10146208,0.0072630383,0.21602957,0.0017296713,"TWOGAUSSIANS_WITH_ELLIPSOIDAL_ON_ECLIPSE1",9,69.948074,0.71501225,0.0025004828,0.2896093,0.05674527,0.27864516,0.0075978655,0.21602957,0.0017296713,0.22413778,0.06680346,0.24807969,0.00868383
375316653866487564,5823225167973901184,0.57090944,2230.6375672523736,2.0811455390267244,3.4187376E-6,17.930073,0.0071524517,0.14634036,0.0011078216,0.033563472,0.0022072927,0.6697292,0.028023254,0.6425531,5.924976E-4,0.031068403,8.7610685E-4,0.607532,0.018987449,0.019986408,0.014534751,0.14634036,0.0011078216,"TWOGAUSSIANS_WITH_ELLIPSOIDAL_ON_ECLIPSE1",9,17.695711,0.14634036,0.0011078216,0.18795544,0.01236084,0.70970196,0.035944022,0.6425731,5.916359E-4,0.17398307,0.0049061985,0.6474823,0.021457015
375316653866487564,5823225584592823936,0.5040155,2216.443062224852,1.4541665062569464,6.054884E-6,18.199736,0.0024303356,0.27728137,0.0073499884,0.029828481,0.0060895896,0.032893457,0.009221516,0.77792877,0.0026526689,0.037215892,0.0028798687,0.1821613,0.008526201,0.014675649,0.0049596196,0.27728137,0.0073499884,"TWOGAUSSIANS_WITH_ELLIPSOIDAL_ON_ECLIPSE1",9,2.3451257,0.77792877,0.0026330717,0.208409,0.016127264,0.21151204,0.009036675,0.27728137,0.0073499884,0.1670395,0.034101702,0.062244684,0.0067492374
375316653866487564,5823226684118669696,0.6760882,2209.9559227157883,0.3194282197263442,1.5839537E-6,15.532923,0.0021591089,0.2766272,0.0029755658,0.022728385,0.0018146918,0.93052834,0.046310123,0.7772096,0.0028182429,0.025005715,0.0032479658,0.08486454,0.0059150322,0.018311093,0.0037268763,0.2766272,0.0029755658,"TWOGAUSSIANS_WITH_ELLIPSOIDAL_ON_ECLIPSE1",9,20.793982,0.2766272,0.0029755658,0.12727895,0.010162274,0.9671505,0.046126857,0.7772096,0.0028182429,0.14003201,0.018188609,0.12148622,0.0049233153
375316653866487564,5823226714160999296,0.6072855,2209.3349272599667,3.172350509514035,3.8494513E-6,17.752153,0.01400027,0.24832246,0.0016146679,0.053633884,0.00396435,0.4257378,0.03409465,0.74510854,0.0019187083,0.046660554,0.005050279,0.3734477,0.026378054,0.13490722,0.018322244,0.24832246,0.0016146679,"TWOGAUSSIANS_WITH_ELLIPSOIDAL_ON_ECLIPSE1",9,8.985453,0.24832246,0.0016146679,0.30034974,0.022200359,0.6955435,0.019437531,0.74546856,0.001675474,0.2612991,0.028281562,0.6431556,0.02195778
375316653866487564,5823228161587439104,0.47936806,2214.0044990667484,1.0342313172757922,2.5321058E-5,16.071173,0.0017622494,0.13733734,0.0067836796,0.021872407,0.0049803457,0.029758366,0.0046946807,0.6428275,0.0020583873,0.040462554,0.0018865286,0.120235234,0.005608785,null,null,null,null,"TWOGAUSSIANS",8,13.271997,0.6428275,0.0020583873,0.2265903,0.01056456,0.120235234,0.005608785,0.13733734,0.0067836796,0.12248548,0.027889937,0.029758366,0.0046946807
