Gaia/vari_eclipsing_binary/VariEclipsingBinary_599535-599922.csv
# %ECSV 1.0
# ---
# delimiter: ','
# meta: !!omap
# - RELEASE: Gaia DR3
# - TABLE: vari_eclipsing_binary
# - DESCRIPTION: >
#     This table describes the properties of the eclipsing binaries resulting from the variability analysis. 
# - CITATION: >
#     How to cite and acknowledge Gaia: 
#     https://gea.esac.esa.int/archive/documentation/credits.html 
# - KNOWN_ISSUES: >
#     Known issues: 
#     https://www.cosmos.esa.int/web/gaia-users/known-issues 
# - DOCUMENTATION: >
#     Tutorials and documentation: 
#     https://www.cosmos.esa.int/web/gaia-users/archive 
# datatype:
# - 
#   name: solution_id
#   datatype: int64
#   description: Solution Identifier
#   meta:
#     ucd: meta.version
# - 
#   name: source_id
#   datatype: int64
#   description: Unique source identifier
#   meta:
#     ucd: meta.id;meta.main
# - 
#   name: global_ranking
#   datatype: float32
#   description: Number between 0 (worst) and 1 (best)
#   meta:
#     ucd: stat.param
# - 
#   name: reference_time
#   datatype: float64
#   unit: d
#   description: Reference time used for the geometric model fit
#   meta:
#     ucd: time.epoch
# - 
#   name: frequency
#   datatype: float64
#   unit: d**-1
#   description: Frequency of geometric model of the eclipsing binary light curve
#   meta:
#     ucd: src.orbital
# - 
#   name: frequency_error
#   datatype: float32
#   unit: d**-1
#   description: "Uncertainty of \\texttt{frequency}"
#   meta:
#     ucd: stat.error
# - 
#   name: geom_model_reference_level
#   datatype: float32
#   unit: mag
#   description: Magnitude reference level of geometric model
#   meta:
#     ucd: phot.mag;em.opt
# - 
#   name: geom_model_reference_level_error
#   datatype: float32
#   unit: mag
#   description: "Uncertainty of \\texttt{geomModelReferenceLevel}"
#   meta:
#     ucd: stat.error;phot.mag;em.opt
# - 
#   name: geom_model_gaussian1_phase
#   datatype: float32
#   description: Phase of the Gaussian 1 component
#   meta:
#     ucd: time.phase
# - 
#   name: geom_model_gaussian1_phase_error
#   datatype: float32
#   description: "Uncertainty of \\texttt{geomModelGaussian1Phase}"
#   meta:
#     ucd: stat.error;time.phase
# - 
#   name: geom_model_gaussian1_sigma
#   datatype: float32
#   description: "Standard deviation [phase] of Gaussian 1 component"
#   meta:
#     ucd: stat.stdev
# - 
#   name: geom_model_gaussian1_sigma_error
#   datatype: float32
#   description: "Uncertainty of \\texttt{geomModelGaussian1Sigma}"
#   meta:
#     ucd: stat.error
# - 
#   name: geom_model_gaussian1_depth
#   datatype: float32
#   unit: mag
#   description: Magnitude depth of Gaussian 1 component
#   meta:
#     ucd: src.var.amplitude
# - 
#   name: geom_model_gaussian1_depth_error
#   datatype: float32
#   unit: mag
#   description: "Uncertainty of \\texttt{geomModelGaussian1Depth}"
#   meta:
#     ucd: stat.error;src.var.amplitude
# - 
#   name: geom_model_gaussian2_phase
#   datatype: float32
#   description: Phase of Gaussian 2 component
#   meta:
#     ucd: time.phase
# - 
#   name: geom_model_gaussian2_phase_error
#   datatype: float32
#   description: "Uncertainty of \\texttt{geomModelGaussian2Phase}"
#   meta:
#     ucd: stat.error;time.phase
# - 
#   name: geom_model_gaussian2_sigma
#   datatype: float32
[...]
#   datatype: float32
#   description: "Secondary eclipse: uncertainty of \\texttt{derivedSecondaryEclDuration}"
#   meta:
#     ucd: stat.error;time.duration
# - 
#   name: derived_secondary_ecl_depth
#   datatype: float32
#   unit: mag
#   description: "Secondary eclipse: depth"
#   meta:
#     ucd: src.var.amplitude
# - 
#   name: derived_secondary_ecl_depth_error
#   datatype: float32
#   unit: mag
#   description: "Secondary eclipse: uncertainty of \\texttt{derivedSecondaryEclDepth}"
#   meta:
#     ucd: stat.error;src.var.amplitude
solution_id,source_id,global_ranking,reference_time,frequency,frequency_error,geom_model_reference_level,geom_model_reference_level_error,geom_model_gaussian1_phase,geom_model_gaussian1_phase_error,geom_model_gaussian1_sigma,geom_model_gaussian1_sigma_error,geom_model_gaussian1_depth,geom_model_gaussian1_depth_error,geom_model_gaussian2_phase,geom_model_gaussian2_phase_error,geom_model_gaussian2_sigma,geom_model_gaussian2_sigma_error,geom_model_gaussian2_depth,geom_model_gaussian2_depth_error,geom_model_cosine_half_period_amplitude,geom_model_cosine_half_period_amplitude_error,geom_model_cosine_half_period_phase,geom_model_cosine_half_period_phase_error,model_type,num_model_parameters,reduced_chi2,derived_primary_ecl_phase,derived_primary_ecl_phase_error,derived_primary_ecl_duration,derived_primary_ecl_duration_error,derived_primary_ecl_depth,derived_primary_ecl_depth_error,derived_secondary_ecl_phase,derived_secondary_ecl_phase_error,derived_secondary_ecl_duration,derived_secondary_ecl_duration_error,derived_secondary_ecl_depth,derived_secondary_ecl_depth_error
[from data line 460]
375316653866487564,5276597430305166208,0.44460958,2005.421478890222,1.9231621148628877,2.2933757E-5,18.094872,0.009980945,0.27949303,0.027698178,0.07087337,0.026003376,0.10605281,0.020523023,0.80085415,0.019855034,0.09737658,0.017859295,0.048681796,0.012234561,null,null,null,null,"TWOGAUSSIANS",8,2.2240055,0.27949303,0.02772745,0.39689088,0.034138948,0.10497378,0.017770737,0.80085415,0.019854214,0.4,0.0,0.04760246,0.010092708
375316653866487564,5276597739542838656,0.6124885,2030.3430602861952,2.273414064775494,5.318196E-6,16.922642,0.004883506,0.29254642,0.002104605,0.095500246,0.0036172548,0.18352267,0.0050997715,0.7897736,0.0017279441,0.10246067,0.0045994194,0.17175473,0.0044088247,null,null,null,null,"TWOGAUSSIANS",8,1.7220479,0.29254642,0.002104605,0.4,0.0,0.16944207,0.002877865,0.7897736,0.0017279441,0.4,0.0,0.15767221,0.003932882
375316653866487564,5276602794723341952,0.60818005,2048.5771054762,2.9244297585751076,3.8751714E-6,17.812342,0.016368713,0.29305255,0.0014376019,0.059954096,0.0039770477,0.3981732,0.037704412,0.7963229,0.0038708874,0.052497882,0.004059882,0.38397038,0.04389907,0.08896206,0.021887653,0.29305255,0.0014376019,"TWOGAUSSIANS_WITH_ELLIPSOIDAL_ON_ECLIPSE1",9,5.209688,0.29305255,0.0014376019,0.33574292,0.022271467,0.57602763,0.018802999,0.7963229,0.0038708874,0.29398814,0.022735339,0.56174964,0.028213235
375316653866487564,5276604890667368448,0.53436697,2021.2815451103254,2.590392367175943,7.2690045E-6,15.437973,0.035462998,0.23852043,0.0026397903,0.056441322,0.01099737,0.29547969,0.079887755,0.72924006,0.00362835,0.060205013,0.010073193,0.3387217,0.0820657,0.051976945,0.05211274,0.23852043,0.0026397903,"TWOGAUSSIANS_WITH_ELLIPSOIDAL_ON_ECLIPSE1",9,280.967,0.72999007,0.0032181528,0.33714807,0.056409884,0.44230247,0.03408513,0.23852043,0.0026397903,0.31607142,0.06158527,0.39938506,0.037404153
375316653866487564,5276605165545180032,0.51264524,2037.5072110222334,3.6706911038049332,1.2574383E-5,17.765722,0.0148709,0.14505763,0.004846608,0.08054859,0.0066174166,0.30268458,0.017553208,0.6597858,0.0046065967,0.08424038,0.007894218,0.31811738,0.020159235,null,null,null,null,"TWOGAUSSIANS",8,16.79593,0.6597858,0.0046065967,0.4,0.0,0.3133931,0.019887434,0.14505763,0.004846608,0.4,0.0,0.29796028,0.016127294
375316653866487564,5276616190722144640,0.57818717,2031.4870239340073,3.734771256139986,5.220837E-6,17.707424,0.0023956955,0.2575425,0.001949311,0.02592028,0.004675321,0.06758866,0.011087522,0.7816649,0.007458229,0.034329414,0.008269551,0.037097834,0.013263874,0.08899764,0.0047413767,0.2575425,0.001949311,"TWOGAUSSIANS_WITH_ELLIPSOIDAL_ON_ECLIPSE1",9,2.9567542,0.2575425,0.001949311,0.14515357,0.026181795,0.24558392,0.0116028,0.7816649,0.007458229,0.19224472,0.046309486,0.21103539,0.014024195
375316653866487564,5276620112031193472,0.51641536,2020.6806434117923,3.306213625107992,1.2516468E-5,14.588621,0.051954642,0.27262118,0.008776041,0.13436422,0.037535287,0.15651469,0.049624346,0.7792611,0.004308831,0.104629375,0.02060807,0.16236813,0.045971066,null,null,null,null,"TWOGAUSSIANS",8,113.86575,0.7793611,0.004376171,0.4,0.0,0.12940657,0.009424167,0.2726112,0.008770775,0.4,0.0,0.12324388,0.007900501
375316653866487564,5276622207975058304,0.64338386,2018.5881359042955,2.800745352827636,3.2306268E-6,15.860892,0.008206966,0.23480526,8.94398E-4,0.049747102,0.0031315798,0.2504365,0.019834243,0.7309661,0.0019030259,0.05120709,0.004723729,0.30421188,0.015562188,0.10917167,0.011706745,0.23480526,8.94398E-4,"TWOGAUSSIANS_WITH_ELLIPSOIDAL_ON_ECLIPSE1",9,21.033894,0.73146605,0.001595166,0.2867597,0.026452884,0.5224421,0.01152943,0.23480526,8.94398E-4,0.27858377,0.017536847,0.46877736,0.011651597
375316653866487564,5276629492239615360,0.45427242,2015.7918980113084,0.2963709307422524,1.011624E-5,15.029828,0.004567614,0.24516107,0.0062199896,0.029044546,0.007301054,0.11561463,0.064756975,0.7349378,0.010013437,0.046435203,0.011327997,0.055353172,0.016905248,0.020935034,0.008573077,0.7349378,0.010013437,"TWOGAUSSIANS_WITH_ELLIPSOIDAL_ON_ECLIPSE2",9,151.59065,0.24492107,0.0061936807,0.16264947,0.040885903,0.1573162,0.06839042,0.7349378,0.010013437,0.26003715,0.063436784,0.09722321,0.011557317
375316653866487564,5276637665558627584,0.42988208,2027.6847727537506,3.3703310468913923,4.777316E-5,18.232967,0.0060706944,null,null,null,null,null,null,null,null,null,null,null,null,0.06832214,0.007008831,0.27306163,0.0112034865,"ELLIPSOIDAL",4,19.89469,null,null,null,null,null,null,null,null,null,null,null,null
375316653866487564,5276642033544135808,0.56773776,2040.4946625008063,2.316418412259493,5.1335533E-6,14.914475,0.011782043,0.211313,0.002437773,0.070961155,0.0046847337,0.2852597,0.01092246,0.7010841,0.0022094885,0.088475116,0.0036159742,0.49144363,0.014002737,null,null,null,null,"TWOGAUSSIANS",8,208.25063,0.7010841,0.0022094885,0.4,0.0,0.4868697,0.013231893,0.211313,0.002437773,0.39738247,0.020810913,0.2806859,0.009557755
375316653866487564,5276649210431179648,0.53222305,2063.9678813460296,3.947171568048437,8.148461E-6,19.4774,0.015331076,0.28250802,0.005355527,0.07508192,0.006266561,0.657101,0.059128042,0.7871989,0.003570856,0.06001566,0.0046097417,0.5872325,0.042350773,null,null,null,null,"TWOGAUSSIANS",8,4.546743,0.28250802,0.005355527,0.4,0.0,0.6559427,0.059497003,0.7871989,0.003570856,0.3360877,0.025814556,0.5860742,0.042600833
375316653866487564,5276655395187297792,0.56104904,2038.7329760739751,1.851161400880867,2.8685479E-6,19.571339,0.0043368335,0.25306928,0.0029441772,0.03349569,0.0041477783,0.5541209,0.045697432,0.7506944,0.001465725,0.030083803,0.0014784472,0.6434474,0.030873897,null,null,null,null,"TWOGAUSSIANS",8,1.2188823,0.7506944,0.001465725,0.1684693,0.008279304,0.6434474,0.030873897,0.25306928,0.0029441772,0.18757586,0.023227558,0.5541209,0.045697432
375316653866487564,5276656464634094208,0.47726876,2036.2682275457948,0.0900119127359406,1.9853911E-5,17.869694,0.023108674,0.30714744,0.0072501167,0.005296029,0.0028568434,0.055428643,0.07660466,0.59508723,0.091455646,0.0043461546,0.2085459,0.61717254,0.810168,0.0058759036,0.006450043,0.30714744,0.0072501167,"TWOGAUSSIANS_WITH_ELLIPSOIDAL_ON_ECLIPSE1",9,8.452071,0.59508723,0.09145664,0.024338465,0.36948454,0.6178278,0.8148183,0.30714744,0.0072530094,0.029657764,0.015998323,0.06718045,0.078403145
375316653866487564,5276658762438426368,0.4637041,2010.6954917938542,0.47474858241392176,4.098478E-6,18.10137,0.0045041433,0.4502404,4.8524293E-4,0.0017715252,2.3895645E-4,2.3490953,3.1281922,0.7747372,0.042447545,0.07274792,0.023645716,0.03745063,0.007742051,null,null,null,null,"TWOGAUSSIANS",8,8.152969,0.4502404,4.8524293E-4,0.009920541,0.001338156,2.3490973,3.128192,0.7747372,0.042447545,0.4,0.11283565,0.03745063,0.007742051
375316653866487564,5276665634384709888,0.51163036,2047.132428277018,0.2617415326233983,4.013558E-6,19.323864,0.0059141596,0.13940036,6.079888E-5,0.003573635,5.9133225E-5,5.0277658,0.32894644,0.67710215,0.01999977,0.077554725,0.029872073,0.060900636,0.017139679,null,null,null,null,"TWOGAUSSIANS",8,2.622827,0.13940036,6.079888E-5,0.020012356,3.3114606E-4,5.0277658,0.3289464,0.67710215,0.01999977,0.4,0.014336298,0.060900636,0.017139714
375316653866487564,5276667283652153344,0.5885765,2063.1130971168977,2.970436691103502,9.85686E-6,18.737526,0.010908023,0.291593,0.0029620235,0.085779615,0.0042015896,0.46904206,0.012271279,0.7933313,0.0050203665,0.09175531,0.0063848593,0.45097834,0.014073462,null,null,null,null,"TWOGAUSSIANS",8,2.6285353,0.291593,0.0029620235,0.4,0.0,0.4521086,0.010371762,0.7933313,0.0050203665,0.4,0.0,0.4340446,0.013671673
375316653866487564,5276667700268451456,0.47817227,2024.3425378625282,2.8842415439382494,1.1237309E-5,14.863875,0.048811365,0.123900555,0.0037312042,0.19720216,0.05056201,0.7418581,0.16403928,0.62158185,0.0034934776,0.22199869,0.05425696,0.8536237,0.1466866,null,null,null,null,"TWOGAUSSIANS",8,57.12055,0.62158185,0.0034934776,0.4,0.0,0.13110228,0.010057937,0.12718056,0.00381953,0.4,0.0,0.094839714,0.0036153807
375316653866487564,5276673816303769088,0.4976274,2036.299259020179,1.5919786230141193,6.613488E-6,12.520808,0.007339417,0.2128804,0.0032177013,0.09840358,0.004448477,0.1811951,0.0076260245,0.6965402,0.0019118736,0.082512945,0.0032366675,0.36775175,0.0096667,null,null,null,null,"TWOGAUSSIANS",8,199.76836,0.6965402,0.0019118736,0.4,0.0,0.3593753,0.01005468,0.2128804,0.0032177013,0.4,0.0,0.17281744,0.005575207
375316653866487564,5276675603010155008,0.5128024,2045.259675509601,0.9974442321927814,4.0102947E-5,16.905327,0.0030110965,0.42741862,0.025252996,0.03451271,0.011177799,0.30500352,0.0827329,0.28511038,0.011990509,0.021731287,0.018305762,0.028150395,0.019523924,null,null,null,null,"TWOGAUSSIANS",8,19.127218,0.42741862,0.025252996,0.19327119,0.06259567,0.30500352,0.082732856,0.28524038,0.012165966,0.121695206,0.10251227,0.028212855,0.019521696
375316653866487564,5276676045388568960,0.47159967,2034.0741908333544,1.431664518499793,1.2356753E-4,19.458118,0.006605706,0.5125097,0.008908221,0.054648276,0.014296604,0.48007858,0.15860903,null,null,null,null,null,null,null,null,null,null,"ONEGAUSSIAN",5,4.687162,0.5125097,0.008908221,0.30603033,0.08006098,0.48007858,0.0,null,null,null,null,null,null
375316653866487564,5276680756970878976,0.5095754,1995.7187016728528,0.3115959830866,1.3081128E-5,16.472029,0.0025565254,0.32281724,0.0039501195,0.041113734,0.004635204,0.14896908,0.017406568,0.8357007,0.0051504723,0.025208194,0.004894349,0.20692298,0.0074666846,null,null,null,null,"TWOGAUSSIANS",8,22.151833,0.8357007,0.0051504723,0.14116588,0.027408354,0.20692298,0.0074666846,0.32281724,0.0039501195,0.23023692,0.025957143,0.14896908,0.017406568
375316653866487564,5276685116357230208,0.57229745,2019.804444593472,2.222498464141618,6.816733E-6,18.937422,0.0061026677,0.25484207,0.002065067,0.04399075,0.0021953902,0.49219525,0.015517181,0.7558618,0.003127605,0.03945821,0.002052718,0.7899484,0.040160075,null,null,null,null,"TWOGAUSSIANS",8,3.7996562,0.7558618,0.003127605,0.22096598,0.011495221,0.7899484,0.04016008,0.25484207,0.002065067,0.2463482,0.012294185,0.49219522,0.015517188
375316653866487564,5276691541628248960,0.57376087,2028.1161894854424,3.103313204081608,4.823026E-6,17.482206,0.033019066,0.2987485,0.00335473,0.051026613,0.007714282,0.4519039,0.067091614,0.81129473,0.0031173967,0.05823554,0.008988133,0.3127057,0.07572312,0.1136946,0.040737256,0.81129473,0.0031173967,"TWOGAUSSIANS_WITH_ELLIPSOIDAL_ON_ECLIPSE2",9,21.88914,0.29991847,0.0029503405,0.28574902,0.04319998,0.6779814,0.01931134,0.81129473,0.0031173967,0.32611904,0.050333545,0.5400617,0.03474427
375316653866487564,5276693190895000960,0.45340064,2032.501120395355,0.14839801614447165,1.5051058E-5,18.0883,0.017197091,0.24165477,0.035877272,0.06333095,0.031449076,0.09994456,0.035797298,0.72420895,0.011232697,0.025867058,0.012166029,0.14757223,0.040091187,0.0464597,0.020104375,0.72420895,0.011232697,"TWOGAUSSIANS_WITH_ELLIPSOIDAL_ON_ECLIPSE2",9,13.644914,0.72420895,0.011232697,0.14485553,0.06812976,0.24047825,0.012283717,0.23769477,0.033012517,0.3546533,0.17611481,0.19198982,0.02664012
375316653866487564,5276705079365831552,0.43454623,2038.4768877054162,0.07136066671145222,2.8512826E-5,18.469904,0.0054275845,0.49077547,0.019635081,0.10122049,0.014612488,0.19069298,0.044493455,0.9040079,0.008070299,0.023318358,0.00618016,0.08023449,0.0139631415,null,null,null,null,"TWOGAUSSIANS",8,7.7900233,0.49077547,0.019635081,0.4,0.0,0.19068874,0.044497974,0.9040079,0.008070299,0.13058281,0.034608897,0.0802761,0.013953277
375316653866487564,5276707695005633664,0.64442664,2043.9627704679936,1.308902132096861,2.5847944E-6,15.594861,0.0018267139,0.27224067,0.0013241606,0.09297403,0.0015170895,0.20723781,0.002756241,0.7698888,8.3716935E-4,0.08752506,0.0010981312,0.25594407,0.0023184177,null,null,null,null,"TWOGAUSSIANS",8,4.6492615,0.7698888,8.3716935E-4,0.4,0.0,0.24641131,0.0019155312,0.27224067,0.0013241606,0.4,0.0,0.19770487,0.0025402957
375316653866487564,5276712982105622272,0.47497335,2027.6463371827376,1.3501166861849871,5.056586E-6,18.54951,0.0036217438,0.45269513,0.0012350612,0.01757245,0.0015591924,0.22511217,0.021020554,0.7033025,0.018476984,0.052102774,0.016097791,0.03792588,0.0123972725,null,null,null,null,"TWOGAUSSIANS",8,2.8473027,0.45269513,0.0012350612,0.09840572,0.008731478,0.22511254,0.021020314,0.7033025,0.018476984,0.29177555,0.09014763,0.03792588,0.0123972725
375316653866487564,5276713222627329280,0.49361873,2040.9059026404486,2.7638788957952665,1.02876475E-5,18.734337,0.06488737,0.22909163,0.007932446,0.10717107,0.020946542,0.28958085,0.062212884,0.71122,0.00576918,0.10467152,0.02732397,0.3020333,0.052261464,null,null,null,null,"TWOGAUSSIANS",8,4.881238,0.71122,0.00576918,0.4,0.0,0.27225772,0.014541993,0.22910163,0.007919793,0.4,0.0,0.25980002,0.021185271
375316653866487564,5276721297163623552,0.47503877,2011.7769283587481,3.0538645002680576,1.2500279E-5,18.644512,0.0032790767,0.7074277,0.004822449,0.007082111,0.0037244514,0.028702002,0.013203668,null,null,null,null,null,null,0.065363236,0.0050603277,0.7074277,0.004822449,"ONEGAUSSIAN_WITH_ELLIPSOIDAL",6,3.4510803,0.7074277,0.004822449,0.039659824,0.020856928,0.15942846,0.010881734,null,null,null,null,null,null
375316653866487564,5276722744566679040,0.4379356,2055.639821234151,0.29541354271370046,5.1853414E-5,19.109425,0.13095292,0.1716894,0.025735345,0.05409967,0.033689816,0.18161254,0.09668831,0.59650004,0.02239833,0.15143883,0.081901364,0.21982093,0.12592992,null,null,null,null,"TWOGAUSSIANS",8,6.0323534,0.59650004,0.02239833,0.4,0.0,0.21236421,0.06343952,0.1729394,0.026340866,0.30295816,0.18866296,0.1786637,0.085559614
375316653866487564,5276725385969580928,0.51483077,2030.3887611902,0.03247195296242913,3.6490335E-5,12.858665,0.0014054422,0.37041208,0.007449685,0.0042957296,0.004339548,0.10461566,174.51366,0.86984354,0.0021009475,0.003777034,0.0012776991,0.17572841,0.09723633,0.0014898154,0.0019345036,0.37041208,0.007449685,"TWOGAUSSIANS_WITH_ELLIPSOIDAL_ON_ECLIPSE1",9,95.765854,0.86984354,0.0021009475,0.021151392,0.0071551153,0.178708,0.09747068,0.37041208,0.007449685,0.024056084,0.02430147,0.10759528,174.51398
375316653866487564,5276730269353380864,0.66639173,2005.507014974464,0.8361500279028306,1.7944526E-6,14.645229,0.008350011,0.2863908,6.430812E-4,0.05895684,0.0021834276,0.32182467,0.017619122,0.79513973,0.0046079005,0.05824799,0.0081918975,0.05945475,0.019240983,0.076480396,0.009838344,0.2863908,6.430812E-4,"TWOGAUSSIANS_WITH_ELLIPSOIDAL_ON_ECLIPSE1",9,26.860441,0.2863908,6.430812E-4,0.3301583,0.012227194,0.47474253,0.008092015,0.79513973,0.0046079005,0.32618874,0.04587463,0.21191086,0.007434001
375316653866487564,5276732635876443904,0.5814677,2037.3502607136236,3.690225452080092,4.05147E-6,19.310335,0.008512709,0.2592603,0.0014656987,0.04519335,0.0041376287,0.37703297,0.02946827,0.76724887,0.004498418,0.051344275,0.004174813,0.42609167,0.025217965,0.12979364,0.012471856,0.2592603,0.0014656987,"TWOGAUSSIANS_WITH_ELLIPSOIDAL_ON_ECLIPSE1",9,2.0229845,0.76724887,0.004498418,0.28752792,0.023378955,0.68502337,0.016996961,0.2592603,0.0014656987,0.25308278,0.02317072,0.6366181,0.031632952
375316653866487564,5276733460510207488,0.5890632,2008.819887224904,3.9306768811865926,1.3285446E-5,18.962002,0.089216545,0.27122602,0.0056824596,0.034673188,0.020965409,0.27112976,0.18293193,0.7752967,0.007781471,0.04108037,0.024586223,0.45944744,0.13995126,0.16210678,0.10180728,0.27122602,0.0056824596,"TWOGAUSSIANS_WITH_ELLIPSOIDAL_ON_ECLIPSE1",9,5.0804887,0.7752967,0.007781471,0.23005007,0.13768286,0.7834484,0.09635269,0.27122602,0.0056824596,0.19416986,0.117406294,0.5953428,0.030629419
