Gaia/vari_eclipsing_binary/VariEclipsingBinary_661523-661619.csv
# %ECSV 1.0
# ---
# delimiter: ','
# meta: !!omap
# - RELEASE: Gaia DR3
# - TABLE: vari_eclipsing_binary
# - DESCRIPTION: >
#     This table describes the properties of the eclipsing binaries resulting from the variability analysis. 
# - CITATION: >
#     How to cite and acknowledge Gaia: 
#     https://gea.esac.esa.int/archive/documentation/credits.html 
# - KNOWN_ISSUES: >
#     Known issues: 
#     https://www.cosmos.esa.int/web/gaia-users/known-issues 
# - DOCUMENTATION: >
#     Tutorials and documentation: 
#     https://www.cosmos.esa.int/web/gaia-users/archive 
# datatype:
# - 
#   name: solution_id
#   datatype: int64
#   description: Solution Identifier
#   meta:
#     ucd: meta.version
# - 
#   name: source_id
#   datatype: int64
#   description: Unique source identifier
#   meta:
#     ucd: meta.id;meta.main
# - 
#   name: global_ranking
#   datatype: float32
#   description: Number between 0 (worst) and 1 (best)
#   meta:
#     ucd: stat.param
# - 
#   name: reference_time
#   datatype: float64
#   unit: d
#   description: Reference time used for the geometric model fit
#   meta:
#     ucd: time.epoch
# - 
#   name: frequency
#   datatype: float64
#   unit: d**-1
#   description: Frequency of geometric model of the eclipsing binary light curve
#   meta:
#     ucd: src.orbital
# - 
#   name: frequency_error
#   datatype: float32
#   unit: d**-1
#   description: "Uncertainty of \\texttt{frequency}"
#   meta:
#     ucd: stat.error
# - 
#   name: geom_model_reference_level
#   datatype: float32
#   unit: mag
#   description: Magnitude reference level of geometric model
#   meta:
#     ucd: phot.mag;em.opt
# - 
#   name: geom_model_reference_level_error
#   datatype: float32
#   unit: mag
#   description: "Uncertainty of \\texttt{geomModelReferenceLevel}"
#   meta:
#     ucd: stat.error;phot.mag;em.opt
# - 
#   name: geom_model_gaussian1_phase
#   datatype: float32
#   description: Phase of the Gaussian 1 component
#   meta:
#     ucd: time.phase
# - 
#   name: geom_model_gaussian1_phase_error
#   datatype: float32
#   description: "Uncertainty of \\texttt{geomModelGaussian1Phase}"
#   meta:
#     ucd: stat.error;time.phase
# - 
#   name: geom_model_gaussian1_sigma
#   datatype: float32
#   description: "Standard deviation [phase] of Gaussian 1 component"
#   meta:
#     ucd: stat.stdev
# - 
#   name: geom_model_gaussian1_sigma_error
#   datatype: float32
#   description: "Uncertainty of \\texttt{geomModelGaussian1Sigma}"
#   meta:
#     ucd: stat.error
# - 
#   name: geom_model_gaussian1_depth
#   datatype: float32
#   unit: mag
#   description: Magnitude depth of Gaussian 1 component
#   meta:
#     ucd: src.var.amplitude
# - 
#   name: geom_model_gaussian1_depth_error
#   datatype: float32
#   unit: mag
#   description: "Uncertainty of \\texttt{geomModelGaussian1Depth}"
#   meta:
#     ucd: stat.error;src.var.amplitude
# - 
#   name: geom_model_gaussian2_phase
#   datatype: float32
#   description: Phase of Gaussian 2 component
#   meta:
#     ucd: time.phase
# - 
#   name: geom_model_gaussian2_phase_error
#   datatype: float32
#   description: "Uncertainty of \\texttt{geomModelGaussian2Phase}"
#   meta:
#     ucd: stat.error;time.phase
# - 
#   name: geom_model_gaussian2_sigma
#   datatype: float32
[...]
#   datatype: float32
#   description: "Secondary eclipse: uncertainty of \\texttt{derivedSecondaryEclDuration}"
#   meta:
#     ucd: stat.error;time.duration
# - 
#   name: derived_secondary_ecl_depth
#   datatype: float32
#   unit: mag
#   description: "Secondary eclipse: depth"
#   meta:
#     ucd: src.var.amplitude
# - 
#   name: derived_secondary_ecl_depth_error
#   datatype: float32
#   unit: mag
#   description: "Secondary eclipse: uncertainty of \\texttt{derivedSecondaryEclDepth}"
#   meta:
#     ucd: stat.error;src.var.amplitude
solution_id,source_id,global_ranking,reference_time,frequency,frequency_error,geom_model_reference_level,geom_model_reference_level_error,geom_model_gaussian1_phase,geom_model_gaussian1_phase_error,geom_model_gaussian1_sigma,geom_model_gaussian1_sigma_error,geom_model_gaussian1_depth,geom_model_gaussian1_depth_error,geom_model_gaussian2_phase,geom_model_gaussian2_phase_error,geom_model_gaussian2_sigma,geom_model_gaussian2_sigma_error,geom_model_gaussian2_depth,geom_model_gaussian2_depth_error,geom_model_cosine_half_period_amplitude,geom_model_cosine_half_period_amplitude_error,geom_model_cosine_half_period_phase,geom_model_cosine_half_period_phase_error,model_type,num_model_parameters,reduced_chi2,derived_primary_ecl_phase,derived_primary_ecl_phase_error,derived_primary_ecl_duration,derived_primary_ecl_duration_error,derived_primary_ecl_depth,derived_primary_ecl_depth_error,derived_secondary_ecl_phase,derived_secondary_ecl_phase_error,derived_secondary_ecl_duration,derived_secondary_ecl_duration_error,derived_secondary_ecl_depth,derived_secondary_ecl_depth_error
[from data line 179]
375316653866487564,5819144845963384704,0.56826854,2243.903147592964,3.712810243234725,6.9998173E-6,19.184675,0.009363249,0.28478435,0.0044182213,0.07031976,0.005273149,0.61874586,0.026094034,0.781921,0.001523059,0.067128606,0.002303767,0.6997712,0.021209903,null,null,null,null,"TWOGAUSSIANS",8,2.895701,0.781921,0.001523059,0.3759202,0.012901095,0.6981423,0.021322766,0.28478435,0.0044182213,0.39379063,0.029529635,0.617117,0.026303936
375316653866487564,5819146740056802560,0.45039213,2249.777621674258,3.18797777564185,2.7362237E-5,13.912924,0.012583142,0.25351915,0.009334139,0.0867179,0.01013841,0.19089471,0.019166533,0.7428431,0.0070747016,0.071808636,0.022853125,0.14861915,0.016841596,null,null,null,null,"TWOGAUSSIANS",8,235.24081,0.25351915,0.009334139,0.4,0.0,0.18900123,0.018025015,0.7428431,0.0070747016,0.4,0.037940223,0.1467257,0.02061163
375316653866487564,5819152478123712640,0.5732419,2237.1314728467487,3.4986231622052535,6.349396E-6,18.646935,0.01567747,0.2133022,0.0015666798,0.05012769,0.0053104344,0.38377997,0.034583192,0.70160574,0.0026225613,0.059097163,0.004043035,0.29276857,0.03711044,0.083947964,0.020972686,0.2133022,0.0015666798,"TWOGAUSSIANS_WITH_ELLIPSOIDAL_ON_ECLIPSE1",9,3.871946,0.2133022,0.0015666798,0.28071505,0.029738432,0.5516571,0.035745226,0.70319575,0.002147518,0.33094412,0.022640998,0.45986363,0.012069361
375316653866487564,5819157421628215808,0.5750178,2236.6381641697285,4.208539654995805,6.458718E-6,19.689274,0.008725246,0.2432039,0.0025781975,0.03454665,0.0039115604,0.37034804,0.049173176,0.73949325,0.0023992122,0.05019771,0.002332519,0.54017234,0.022758415,0.124889575,0.013533972,0.2432039,0.0025781975,"TWOGAUSSIANS_WITH_ELLIPSOIDAL_ON_ECLIPSE1",9,1.3533921,0.73980325,0.0021232897,0.2811072,0.013062106,0.78982514,0.013063816,0.2432039,0.0025781975,0.19346124,0.021904737,0.6201252,0.04363678
375316653866487564,5819160449594166656,0.4894948,2245.126830325087,2.0366029311022436,1.1708095E-5,19.307352,0.0042461264,0.28831065,0.0027289977,0.037894364,0.0023584955,0.37790167,0.036620673,0.86260635,0.017876513,0.035880756,0.014258054,0.064570196,0.07303961,null,null,null,null,"TWOGAUSSIANS",8,2.3195636,0.28831065,0.0027289977,0.21220845,0.013207574,0.37790167,0.036620673,0.86260635,0.017876513,0.20093222,0.07984511,0.064570196,0.07303961
375316653866487564,5819161549104084608,0.5627051,2218.671576370468,2.8507913772486515,7.1510262E-6,17.166216,0.016323768,0.26905388,0.0032465137,0.05306236,0.0049494803,0.24770108,0.04160548,0.7482212,0.0045351367,0.058970053,0.0056502162,0.3234576,0.035754174,0.070484,0.021191198,0.26905388,0.0032465137,"TWOGAUSSIANS_WITH_ELLIPSOIDAL_ON_ECLIPSE1",9,15.952754,0.75043124,0.0038533818,0.3302323,0.03164121,0.462265,0.014890174,0.26905388,0.0032465137,0.29714924,0.02771709,0.3886568,0.01183485
375316653866487564,5819162030139888384,0.47728634,2222.337611752123,0.22228562975072108,1.3972322E-5,15.358402,0.009493885,0.26310027,0.005425465,0.031970885,0.0040746755,0.37307417,0.02231969,0.8524601,0.0058503635,0.023503432,0.02129549,0.06442246,0.019872066,0.009293941,0.01202367,0.8524601,0.0058503635,"TWOGAUSSIANS_WITH_ELLIPSOIDAL_ON_ECLIPSE2",9,380.65576,0.26339024,0.005438879,0.17903695,0.022818182,0.38640794,0.018828474,0.8524601,0.0058503635,0.13161922,0.119254746,0.08301032,0.02437272
375316653866487564,5819166904916120448,0.44887078,2212.902085528432,1.0748142606207227,7.1593668E-6,18.994846,0.0059592356,0.16180435,0.0014795846,0.013947667,0.0018544223,0.28116283,0.025024006,0.7206968,0.011431928,0.05276605,0.014844313,0.10617053,0.024764348,null,null,null,null,"TWOGAUSSIANS",8,6.8815484,0.16180435,0.0014795846,0.07810693,0.0103847645,0.28116283,0.025024006,0.7206968,0.011431928,0.29548988,0.083128154,0.10617053,0.024764348
375316653866487564,5819168627202246272,0.54197633,2229.633723104738,3.478631024192302,6.6071643E-6,19.613571,0.013743295,0.26228586,0.002647823,0.07858621,0.0047696414,0.59249115,0.022150876,0.76689523,0.0023531949,0.06215316,0.0044457936,0.58363986,0.031006817,null,null,null,null,"TWOGAUSSIANS",8,3.3699725,0.26228586,0.002647823,0.4,0.0,0.59060234,0.022388464,0.76689523,0.0023531949,0.3480577,0.024896445,0.5817511,0.031390227
375316653866487564,5819172990896764928,0.60605663,2219.4356513309444,2.9404057164004724,7.970544E-6,16.27773,0.0045187883,0.3026754,0.0019287587,0.08503252,0.002389682,0.39390525,0.010650224,0.79968786,0.0024939757,0.082956545,0.0022925597,0.38348487,0.01062681,null,null,null,null,"TWOGAUSSIANS",8,17.833313,0.3026754,0.0019287587,0.4,0.0,0.385117,0.011007632,0.79968786,0.0024939757,0.4,0.0,0.3746966,0.010460792
375316653866487564,5819173643731825792,0.5829245,2245.4134909212253,1.6832762473708114,4.1022113E-6,16.49956,0.0033199084,0.08346127,0.006427331,0.032458387,0.004613485,0.09089509,0.011984757,0.57883394,7.504427E-4,0.031929243,8.8486774E-4,0.7018973,0.015027663,0.0127030555,0.005435711,0.08346127,0.006427331,"TWOGAUSSIANS_WITH_ELLIPSOIDAL_ON_ECLIPSE1",9,40.741325,0.5788439,7.4947387E-4,0.17880377,0.0049552596,0.72728205,0.016195217,0.08346127,0.006427331,0.18176697,0.025835518,0.11630118,0.009328614
375316653866487564,5819175567869568768,0.4132893,2250.453943405865,2.893558247711171,1.0852573E-5,18.81214,0.011344784,0.5221956,0.0012249752,0.019347496,0.0025113185,0.2957634,0.027266417,0.80706245,0.002587321,0.013746523,0.004224483,0.8423476,2.0377743,null,null,null,null,"TWOGAUSSIANS",8,12.344901,0.80706245,0.002587321,0.07698053,0.023657106,0.8423476,2.0377743,0.5221956,0.0012249752,0.10834598,0.014063383,0.2957634,0.027266417
375316653866487564,5819176804827798400,0.4779375,2237.8722470846214,0.2981847307051144,1.4478752E-5,18.11436,0.010808508,0.33974376,0.018422976,0.016632197,0.011185259,0.13739143,0.10658712,0.69714063,0.007865407,0.009837568,0.005510036,0.6242804,0.027589519,0.035213724,0.01840612,0.69714063,0.007865407,"TWOGAUSSIANS_WITH_ELLIPSOIDAL_ON_ECLIPSE2",9,44.136036,0.69714063,0.007865407,0.055090383,0.0308562,0.6947077,0.030232994,0.33887377,0.019145444,0.093140304,0.06263745,0.16506712,0.10050956
375316653866487564,5819178419737403392,0.5351552,2253.888025147275,1.5483938489566569,8.684379E-6,19.566319,0.008276269,0.19910595,0.08246285,0.025596743,0.0134767955,0.45401028,0.38186115,0.7063127,0.0011562152,0.024055814,7.8042306E-4,0.81380284,0.020529455,null,null,null,null,"TWOGAUSSIANS",8,4.2924304,0.7063127,0.0011562152,0.13471256,0.004370369,0.81380284,0.020529455,0.19910595,0.08246285,0.14334176,0.07547005,0.45401028,0.38186115
375316653866487564,5819178763326843520,0.54060864,2231.172683541148,3.704447215351109,8.567987E-6,18.803766,0.009001379,0.2905281,0.0034418232,0.08292791,0.00434166,0.43060863,0.01898901,0.78681153,0.0042631407,0.090092376,0.0050520077,0.4406936,0.015693832,null,null,null,null,"TWOGAUSSIANS",8,4.6535068,0.78681153,0.0042631407,0.4,0.0,0.4281199,0.016967054,0.2905281,0.0034418232,0.4,0.0,0.41803512,0.019823026
375316653866487564,5819183573696937728,0.6026246,2233.3914893539645,1.3381641377384321,2.745648E-6,14.557375,0.0021275193,0.24540451,9.127851E-4,0.03597092,0.0012628093,0.22115402,0.010023531,0.7450379,9.935086E-4,0.041836265,0.0019369189,0.13517523,0.0052100853,0.019267444,0.0030268033,0.24540451,9.127851E-4,"TWOGAUSSIANS_WITH_ELLIPSOIDAL_ON_ECLIPSE1",9,17.73551,0.24540451,9.127851E-4,0.20143715,0.0070717316,0.25968888,0.010122379,0.7450479,9.4934035E-4,0.23428309,0.010846746,0.1737099,0.0040899874
375316653866487564,5819184982446341120,0.58171374,2235.5460836231723,1.604507625780368,5.9148606E-6,14.142234,0.0064123264,0.25424755,0.0026911069,0.10360953,0.0039243298,0.21959996,0.0075387536,0.7515887,0.0021200269,0.09488231,0.0042809932,0.20600076,0.0063915146,null,null,null,null,"TWOGAUSSIANS",8,41.012356,0.25424755,0.0026911069,0.4,0.0,0.20236492,0.0062379786,0.7515887,0.0021200269,0.4,0.0,0.1887692,0.004054963
375316653866487564,5819187525060285312,0.4203758,2252.4401511850706,0.6141420119536009,1.3079071E-4,18.296303,0.21584032,0.3406402,0.013074155,0.08255871,0.012170754,0.2261457,0.027081896,0.7276972,0.03802728,0.22942181,0.21379218,0.12850115,0.20449607,null,null,null,null,"TWOGAUSSIANS",8,14.725171,0.3465102,0.009913601,0.4,0.0,0.22133872,0.022679076,0.7276972,0.03802728,0.4,0.0,0.08858859,0.018809928
375316653866487564,5819190754882347136,0.5207048,2211.4848891079378,3.637848349905018,1.08441245E-5,17.602566,0.089929156,0.24780053,0.005017103,0.13794798,0.027301494,0.21609238,0.088562004,0.72609097,0.006105918,0.12693636,0.031166714,0.15994895,0.0857804,null,null,null,null,"TWOGAUSSIANS",8,3.6760619,0.24805053,0.004325198,0.4,0.0,0.1626268,0.0073445323,0.72609097,0.006105918,0.4,0.0,0.10701583,0.0071737985
375316653866487564,5819191820034245888,0.52465045,2229.948903839091,2.2985091431923403,1.5608837E-5,15.196835,0.014533986,0.27749878,0.008994178,0.05227395,0.012930762,0.107481495,0.032212812,0.7894276,0.003866694,0.052861735,0.016448155,0.061699554,0.029929908,0.07730518,0.016368022,0.7894276,0.003866694,"TWOGAUSSIANS_WITH_ELLIPSOIDAL_ON_ECLIPSE2",9,112.081985,0.2803188,0.0063433805,0.29273412,0.07241227,0.2614284,0.021461915,0.7894276,0.003866694,0.29602572,0.092109665,0.2163086,0.008191468
375316653866487564,5819193464995087104,0.6718142,2244.2446312187903,3.2773084950826883,1.4230785E-6,16.525633,0.0027804584,0.2059443,6.245736E-4,0.04500045,0.0011709136,0.2541088,0.0074644834,0.7068654,8.743762E-4,0.05280746,0.0010758024,0.2943323,0.008744711,0.09344538,0.004003147,0.2059443,6.245736E-4,"TWOGAUSSIANS_WITH_ELLIPSOIDAL_ON_ECLIPSE1",9,4.443848,0.7068654,8.743762E-4,0.2957218,0.006024493,0.4812124,0.0057512373,0.2059443,6.245736E-4,0.2520025,0.006557116,0.44099516,0.004800782
375316653866487564,5819195943204272000,0.5527905,2251.7410498794848,3.16599805092232,7.544374E-6,19.147959,0.008422688,0.2449716,0.003852699,0.07892317,0.0043070465,0.34906387,0.013414357,0.74558246,0.0022570696,0.07844571,0.0032214343,0.421961,0.013478512,null,null,null,null,"TWOGAUSSIANS",8,2.146329,0.74558246,0.0022570696,0.4,0.0,0.41709325,0.013336377,0.2449716,0.003852699,0.4,0.0,0.3441961,0.013278671
375316653866487564,5819196080641818880,0.59702075,2213.5977339455253,2.362444104549343,3.3137098E-6,16.62986,0.0065699513,0.2618084,0.0017196637,0.11145412,0.004270886,0.18221806,0.0063726516,0.7621274,0.0013428227,0.098706156,0.0040877815,0.19709904,0.005618237,null,null,null,null,"TWOGAUSSIANS",8,2.3785174,0.7621274,0.0013428227,0.4,0.0,0.1749482,0.004173527,0.2618084,0.0017196637,0.4,0.0,0.16005273,0.0023654406
375316653866487564,5819198107866566784,0.5313354,2233.8586685700584,1.0740270880491642,1.0289149E-5,17.670752,0.0031707918,0.2132633,0.0019329785,0.031818107,0.0013457265,0.50009865,0.016230984,0.71085435,0.008648527,0.02964136,0.014886809,0.061989646,0.02748972,null,null,null,null,"TWOGAUSSIANS",8,11.041674,0.2132633,0.0019329785,0.1781814,0.007536069,0.50009865,0.016230984,0.71085435,0.008648527,0.16599162,0.083366126,0.061989646,0.02748972
375316653866487564,5819202231036431744,0.60177886,2214.732176736891,2.9376748110313566,3.4178086E-6,16.968605,0.0076976563,0.21660273,0.0021471796,0.08490996,0.0028196808,0.4439067,0.011646046,0.7153154,0.0016483626,0.08904194,0.002879244,0.4173348,0.009562339,null,null,null,null,"TWOGAUSSIANS",8,10.267566,0.21660273,0.0021471796,0.4,0.0,0.43038347,0.011129116,0.7153154,0.0016483626,0.4,0.0,0.40381148,0.009176275
375316653866487564,5819203154441429376,0.50512403,2229.4183283211883,4.4024959585933106,1.6162208E-5,18.6826,0.07353876,0.25228667,0.0035835826,0.107378505,0.014449014,0.2913365,0.06837849,0.7376976,0.0058474005,0.12997288,0.031604722,0.21230267,0.07206539,null,null,null,null,"TWOGAUSSIANS",8,2.5538318,0.25241667,0.0034926983,0.4,0.0,0.24550636,0.009786464,0.7376976,0.0058474005,0.4,0.0,0.1662035,0.009346417
375316653866487564,5819204292614120192,0.4417097,2254.835512893286,0.0319330862253729,1.7602219E-5,19.662642,0.006292424,0.25187758,0.0042257197,0.015952358,0.00416123,0.08933325,0.035152923,0.56338423,0.018624865,0.10876333,0.015992438,0.18367077,0.020665588,null,null,null,null,"TWOGAUSSIANS",8,3.4839609,0.56338423,0.018624865,0.4,0.0,0.18366131,0.020672744,0.2521076,0.0041480116,0.08933321,0.023302887,0.0923724,0.035339955
375316653866487564,5819206315537400448,0.46582147,2223.0180513117016,3.335515199739285,1.564481E-5,18.89665,0.99969625,0.20823069,0.0046861777,0.1366946,0.16067778,0.28804272,0.9697033,0.702229,0.005566863,0.12483868,0.076736905,0.32874855,0.80076736,null,null,null,null,"TWOGAUSSIANS",8,4.8455358,0.702229,0.005566863,0.4,0.0,0.23536526,0.024367707,0.2083107,0.004080318,0.4,0.0,0.19415429,0.01671924
375316653866487564,5819206418617621248,0.5044832,2219.326163604691,3.969735738085517,1.1664373E-5,17.316347,0.0050680055,0.31820843,0.0037272982,0.06213847,0.023539683,0.06162836,0.020139169,0.7315255,0.0083063645,0.005947865,0.009333859,0.062141195,194.50882,0.08851483,0.0067768716,0.31820843,0.0037272982,"TWOGAUSSIANS_WITH_ELLIPSOIDAL_ON_ECLIPSE1",9,18.25634,0.31820843,0.0037272982,0.34797543,0.12872231,0.23863922,0.020232106,0.73208547,0.007031125,0.033308044,0.05226961,0.19190596,194.51071
375316653866487564,5819210473060436480,0.5385465,2215.934217815835,3.7596415656554405,8.646543E-6,18.503695,0.011227712,0.20701765,0.0031336865,0.07834595,0.004874573,0.5592074,0.01802908,0.7091666,0.0025540676,0.074182436,0.003439658,0.43721834,0.017890746,null,null,null,null,"TWOGAUSSIANS",8,11.571997,0.20701765,0.0031336865,0.4,0.0,0.5548146,0.018464105,0.7091666,0.0025540676,0.4,0.0,0.43282554,0.01745121
375316653866487564,5819215803126683136,0.45662275,2207.6275657709107,0.10090250722527694,4.6311237E-5,17.098825,0.0045246272,0.2626332,0.0042084395,0.018475708,0.003780295,0.45425943,0.33445245,0.5617523,0.004304084,0.02857618,0.007177561,0.11998357,0.033780232,0.045056738,0.0072824494,0.2626332,0.0042084395,"TWOGAUSSIANS_WITH_ELLIPSOIDAL_ON_ECLIPSE1",9,56.192745,0.2626332,0.0042084395,0.103463955,0.021169651,0.5443724,0.33470336,0.5640823,0.0048203245,0.16002661,0.040194344,0.12867823,0.033039708
375316653866487564,5819216795254989184,0.4712214,2187.84725386194,0.290343982142966,1.7502407E-5,16.675074,0.0038162232,0.16635647,0.0049321423,0.018210605,0.0026582493,0.09175272,0.01185183,0.6608525,0.0022608566,0.018439464,0.0019973302,0.3139078,0.022584755,null,null,null,null,"TWOGAUSSIANS",8,43.08605,0.6608525,0.0022608566,0.103261,0.01118505,0.3139078,0.022584755,0.16635647,0.0049321423,0.10197938,0.014886197,0.09175272,0.01185183
375316653866487564,5819220201162867584,0.5689109,2232.901338753956,3.6004977805219753,6.7880196E-6,18.412935,0.007577053,0.24092495,0.0022555483,0.07643958,0.003110661,0.49035498,0.021080026,0.74207354,0.002185217,0.071152225,0.0031953095,0.4513777,0.016470814,null,null,null,null,"TWOGAUSSIANS",8,5.8537703,0.24092495,0.0022555483,0.4,0.0,0.4874015,0.021362387,0.74207354,0.002185217,0.3984525,0.010897137,0.4484242,0.016678417
375316653866487564,5819220441691412864,0.5211594,2214.921098951697,0.21942896339655327,4.9397268E-6,18.38554,0.0077463333,0.2738668,0.04672121,0.07652231,0.059239432,0.047531437,0.02703745,0.43995577,7.5460173E-4,0.0063473023,4.9432344E-4,0.703918,0.025193062,null,null,null,null,"TWOGAUSSIANS",8,13.781505,0.43995577,7.5460173E-4,0.035544895,0.0027682113,0.7084263,0.025331862,0.2738668,0.04672121,0.4,0.2834623,0.047531437,0.027037451
