Gaia/vari_eclipsing_binary/VariEclipsingBinary_465166-465180.csv
# %ECSV 1.0
# ---
# delimiter: ','
# meta: !!omap
# - RELEASE: Gaia DR3
# - TABLE: vari_eclipsing_binary
# - DESCRIPTION: >
#     This table describes the properties of the eclipsing binaries resulting from the variability analysis. 
# - CITATION: >
#     How to cite and acknowledge Gaia: 
#     https://gea.esac.esa.int/archive/documentation/credits.html 
# - KNOWN_ISSUES: >
#     Known issues: 
#     https://www.cosmos.esa.int/web/gaia-users/known-issues 
# - DOCUMENTATION: >
#     Tutorials and documentation: 
#     https://www.cosmos.esa.int/web/gaia-users/archive 
# datatype:
# - 
#   name: solution_id
#   datatype: int64
#   description: Solution Identifier
#   meta:
#     ucd: meta.version
# - 
#   name: source_id
#   datatype: int64
#   description: Unique source identifier
#   meta:
#     ucd: meta.id;meta.main
# - 
#   name: global_ranking
#   datatype: float32
#   description: Number between 0 (worst) and 1 (best)
#   meta:
#     ucd: stat.param
# - 
#   name: reference_time
#   datatype: float64
#   unit: d
#   description: Reference time used for the geometric model fit
#   meta:
#     ucd: time.epoch
# - 
#   name: frequency
#   datatype: float64
#   unit: d**-1
#   description: Frequency of geometric model of the eclipsing binary light curve
#   meta:
#     ucd: src.orbital
# - 
#   name: frequency_error
#   datatype: float32
#   unit: d**-1
#   description: "Uncertainty of \\texttt{frequency}"
#   meta:
#     ucd: stat.error
# - 
#   name: geom_model_reference_level
#   datatype: float32
#   unit: mag
#   description: Magnitude reference level of geometric model
#   meta:
#     ucd: phot.mag;em.opt
# - 
#   name: geom_model_reference_level_error
#   datatype: float32
#   unit: mag
#   description: "Uncertainty of \\texttt{geomModelReferenceLevel}"
#   meta:
#     ucd: stat.error;phot.mag;em.opt
# - 
#   name: geom_model_gaussian1_phase
#   datatype: float32
#   description: Phase of the Gaussian 1 component
#   meta:
#     ucd: time.phase
# - 
#   name: geom_model_gaussian1_phase_error
#   datatype: float32
#   description: "Uncertainty of \\texttt{geomModelGaussian1Phase}"
#   meta:
#     ucd: stat.error;time.phase
# - 
#   name: geom_model_gaussian1_sigma
#   datatype: float32
#   description: "Standard deviation [phase] of Gaussian 1 component"
#   meta:
#     ucd: stat.stdev
# - 
#   name: geom_model_gaussian1_sigma_error
#   datatype: float32
#   description: "Uncertainty of \\texttt{geomModelGaussian1Sigma}"
#   meta:
#     ucd: stat.error
# - 
#   name: geom_model_gaussian1_depth
#   datatype: float32
#   unit: mag
#   description: Magnitude depth of Gaussian 1 component
#   meta:
#     ucd: src.var.amplitude
# - 
#   name: geom_model_gaussian1_depth_error
#   datatype: float32
#   unit: mag
#   description: "Uncertainty of \\texttt{geomModelGaussian1Depth}"
#   meta:
#     ucd: stat.error;src.var.amplitude
# - 
#   name: geom_model_gaussian2_phase
#   datatype: float32
#   description: Phase of Gaussian 2 component
#   meta:
#     ucd: time.phase
# - 
#   name: geom_model_gaussian2_phase_error
#   datatype: float32
#   description: "Uncertainty of \\texttt{geomModelGaussian2Phase}"
#   meta:
#     ucd: stat.error;time.phase
# - 
#   name: geom_model_gaussian2_sigma
#   datatype: float32
[...]
#   datatype: float32
#   description: "Secondary eclipse: uncertainty of \\texttt{derivedSecondaryEclDuration}"
#   meta:
#     ucd: stat.error;time.duration
# - 
#   name: derived_secondary_ecl_depth
#   datatype: float32
#   unit: mag
#   description: "Secondary eclipse: depth"
#   meta:
#     ucd: src.var.amplitude
# - 
#   name: derived_secondary_ecl_depth_error
#   datatype: float32
#   unit: mag
#   description: "Secondary eclipse: uncertainty of \\texttt{derivedSecondaryEclDepth}"
#   meta:
#     ucd: stat.error;src.var.amplitude
solution_id,source_id,global_ranking,reference_time,frequency,frequency_error,geom_model_reference_level,geom_model_reference_level_error,geom_model_gaussian1_phase,geom_model_gaussian1_phase_error,geom_model_gaussian1_sigma,geom_model_gaussian1_sigma_error,geom_model_gaussian1_depth,geom_model_gaussian1_depth_error,geom_model_gaussian2_phase,geom_model_gaussian2_phase_error,geom_model_gaussian2_sigma,geom_model_gaussian2_sigma_error,geom_model_gaussian2_depth,geom_model_gaussian2_depth_error,geom_model_cosine_half_period_amplitude,geom_model_cosine_half_period_amplitude_error,geom_model_cosine_half_period_phase,geom_model_cosine_half_period_phase_error,model_type,num_model_parameters,reduced_chi2,derived_primary_ecl_phase,derived_primary_ecl_phase_error,derived_primary_ecl_duration,derived_primary_ecl_duration_error,derived_primary_ecl_depth,derived_primary_ecl_depth_error,derived_secondary_ecl_phase,derived_secondary_ecl_phase_error,derived_secondary_ecl_duration,derived_secondary_ecl_duration_error,derived_secondary_ecl_depth,derived_secondary_ecl_depth_error
[from data line 152]
375316653866487564,4091667909559066368,0.48740786,2161.209895205195,2.6137800433976652,5.6351102E-5,18.672754,0.14153053,0.22216044,0.017878655,0.12854229,0.035354633,0.38906878,0.1308586,0.6889547,0.014123059,0.11164425,0.037791852,0.41536,0.11860789,null,null,null,null,"TWOGAUSSIANS",8,10.814826,0.6889547,0.014123059,0.4,0.0,0.34797388,0.043665946,0.22226045,0.017428065,0.4,0.0,0.32114983,0.027637387
375316653866487564,4091668012725233536,0.64822507,2184.276394661406,1.8687051536763537,3.6652536E-6,15.946149,0.004283858,0.779119,9.988805E-4,0.05217242,0.002958272,0.27173853,0.018854164,null,null,null,null,null,null,0.08370741,0.004944661,0.779119,9.988805E-4,"ONEGAUSSIAN_WITH_ELLIPSOIDAL",6,9.292561,0.779119,9.988805E-4,0.29216555,0.016566323,0.43915048,0.019006677,null,null,null,null,null,null
375316653866487564,4091668321875630848,0.48403043,2147.8262321141992,3.3569721500893386,1.6736542E-5,19.136967,0.11329139,0.35807467,0.006334029,0.0746517,0.012143692,0.8558291,0.103294246,0.7135021,0.020189032,0.050921366,0.05153918,0.17019302,0.16623597,null,null,null,null,"TWOGAUSSIANS",8,19.382635,0.35807467,0.006334029,0.4,0.02171284,0.85582745,0.10326826,0.7135021,0.020189032,0.28515965,0.2886194,0.1702016,0.1663051
375316653866487564,4091668558120195328,0.55401057,2183.46383221981,1.6487585644068463,9.911074E-6,17.75686,0.009893772,0.19846429,0.003666067,0.08271557,0.0078903595,0.24566236,0.019539082,0.6967574,0.011085415,0.08834737,0.007345325,0.40106115,0.07162237,null,null,null,null,"TWOGAUSSIANS",8,3.7121594,0.6967574,0.011085415,0.4,0.0,0.39251176,0.071331665,0.19846429,0.003666067,0.4,0.0,0.23711306,0.021408286
375316653866487564,4091668699833616768,0.46836624,2229.6077926229013,0.15598250393783958,1.5572949E-5,19.1053,0.026950344,0.311894,0.0034477264,0.07952659,0.0112566715,0.21888427,0.028481191,0.8875077,0.005468481,0.01825436,0.006539789,0.23111652,0.048422463,null,null,null,null,"TWOGAUSSIANS",8,4.4326396,0.8875077,0.005468481,0.10222442,0.03662282,0.23111665,0.048422605,0.311894,0.0034477264,0.4,0.0,0.21888426,0.028481154
375316653866487564,4091668764255455104,0.5465001,2158.7505866311926,2.492109971802855,1.4365857E-5,18.474321,0.006556401,0.0926514,0.014995167,0.015010846,0.012693033,0.09687167,0.8788443,0.72252864,0.005271173,0.041865505,0.004384266,0.12151807,0.014965883,0.15131773,0.0066590784,0.72252864,0.005271173,"TWOGAUSSIANS_WITH_ELLIPSOIDAL_ON_ECLIPSE2",9,3.3642774,0.72252864,0.005271173,0.23444682,0.02455189,0.4241535,0.020440243,0.097291395,0.02011177,0.084060736,0.07108098,0.24321902,0.86389047
375316653866487564,4091668802999362944,0.45029432,2193.952417063248,0.22221068340998568,3.117836E-5,19.49953,0.009816897,0.26815388,0.010893734,0.06063837,0.021188648,0.36141425,0.090415694,0.8488336,0.016585765,0.07594693,0.009035183,0.40792516,0.07404684,null,null,null,null,"TWOGAUSSIANS",8,2.0659974,0.8488336,0.016585765,0.4,0.0025127793,0.40783378,0.07396571,0.26815388,0.010893734,0.3395749,0.09197699,0.361323,0.09073931
375316653866487564,4091669180870645248,0.44130442,2200.793240914742,0.18692486409664805,1.9140725E-5,18.009924,0.0174281,null,null,null,null,null,null,null,null,null,null,null,null,0.23428766,0.031774484,0.27546605,0.006951617,"ELLIPSOIDAL",4,26.11763,null,null,null,null,null,null,null,null,null,null,null,null
375316653866487564,4091669215316283008,0.52472293,2221.7701443146307,0.7097727753132239,4.923219E-5,17.079123,0.0033496153,0.13601881,0.006809084,0.031890273,0.00435842,0.40595657,0.049873542,0.5871263,0.14051275,0.089471154,0.099887595,0.20145407,1624.7373,null,null,null,null,"TWOGAUSSIANS",8,24.629314,0.13601881,0.006809084,0.17858551,0.024407154,0.4059418,0.049877044,0.5871263,0.14051275,0.4,0.3894224,0.20143871,1624.7373
375316653866487564,4091669283949172608,0.51626104,2150.651212295101,2.608767405880989,1.2178373E-5,18.898863,0.07277406,0.31952012,0.027924007,0.082339756,0.01872553,0.5014095,0.10733388,0.82825685,0.005187655,0.09133182,0.016505176,0.44070366,0.06368617,null,null,null,null,"TWOGAUSSIANS",8,4.6695585,0.31952012,0.027924007,0.4,0.018420115,0.48860183,0.092692375,0.82825685,0.005187655,0.4,0.0,0.42789572,0.045008775
375316653866487564,4091669387028269312,0.5491993,2247.820856309017,0.012030757164498798,2.8196784E-5,19.490183,0.004981157,0.18550642,0.002192918,0.04872644,0.006068715,0.2912452,0.04968291,0.720092,0.021889105,0.042035732,0.02030477,0.5919042,0.5995722,null,null,null,null,"TWOGAUSSIANS",8,0.34383816,0.720092,0.021889105,0.2354001,0.11370671,0.59190416,0.5995739,0.18550642,0.002192918,0.27286807,0.033984803,0.29124516,0.049683154
375316653866487564,4091669421387923968,0.4788716,2153.2455440750823,2.4917802586898543,7.84091E-5,19.363375,0.009087492,0.47164384,0.03194673,0.068287134,0.038476065,0.19270425,0.21217453,0.6980654,0.025740653,0.07758941,0.01793414,0.1417263,0.020473214,null,null,null,null,"TWOGAUSSIANS",8,1.256778,0.47359386,0.03326966,0.38240793,0.15382448,0.19478299,0.21609847,0.6980654,0.025740653,0.4,0.020878013,0.14251593,0.018402997
375316653866487564,4091669558827381760,0.5102172,2168.8933574287603,0.2049750519572587,3.194297E-6,19.07326,0.0073261852,0.14283612,0.03504271,0.025964977,0.008140679,1.835507,1.7443753,0.7530572,0.07306019,0.08934255,0.06455237,0.058345933,598.1208,null,null,null,null,"TWOGAUSSIANS",8,2.4666295,0.14283612,0.03504271,0.14540388,0.045587808,1.8355112,1.7443541,0.7530572,0.07306019,0.4,0.25773302,0.058345765,598.1208
375316653866487564,4091669593187346816,0.59688014,2163.9808948129285,3.4356143923228397,2.7996322E-5,18.933834,0.017285736,0.2976511,0.0061915675,0.07273591,0.007708591,0.7650819,0.097455405,0.7830645,0.0026921022,0.08457542,0.0062374347,0.45878595,0.03244467,null,null,null,null,"TWOGAUSSIANS",8,2.742553,0.2976511,0.0061915675,0.4,0.0051226527,0.7596102,0.10120042,0.7830645,0.0026921022,0.4,0.0,0.4533142,0.033553246
375316653866487564,4091669971230866304,0.5681693,2219.226046430744,3.431191969928754,2.6643784E-5,16.256025,0.055353634,0.20231444,0.005810879,0.113402456,0.036481734,0.25574282,0.06619894,0.7170361,0.006146348,0.08683824,0.013141363,0.44265524,0.056303732,null,null,null,null,"TWOGAUSSIANS",8,57.766537,0.71704614,0.0061711,0.4,0.0,0.41939235,0.028759269,0.20231444,0.005810879,0.4,0.0,0.23244442,0.07920007
375316653866487564,4091670001206007552,0.5779675,2157.450934493089,2.2646273255326523,1.7888166E-5,18.196192,0.014564711,0.28679872,0.0056472863,0.084271565,0.008190054,0.3255941,0.01809237,0.7871216,0.0024031415,0.085025325,0.010916874,0.3401301,0.024942202,null,null,null,null,"TWOGAUSSIANS",8,2.5102699,0.7871216,0.0024031415,0.4,0.0,0.33168286,0.033012927,0.28679872,0.0056472863,0.4,0.0,0.31714687,0.015273929
375316653866487564,4091670005506931584,0.4515221,2198.632700736377,0.7109320574472199,4.3051532E-5,17.71689,0.045359112,0.3782165,0.02686985,0.115118004,0.016128244,0.35756707,0.054740272,0.76992893,0.020366944,0.13322021,0.04593186,0.23250623,0.034600087,null,null,null,null,"TWOGAUSSIANS",8,4.9554777,0.3808665,0.023032282,0.4,0.0,0.33278412,0.04658953,0.76992893,0.020366944,0.4,0.0,0.20563756,0.028983008
375316653866487564,4091670795782708480,0.54811585,2205.760052852326,3.5535199738724628,3.9312923E-5,19.399866,0.030496538,0.3222682,0.0037407316,0.06417678,0.0053654388,0.62874395,0.05153894,0.84504145,0.0071618725,0.06986489,0.010394213,0.52404946,0.033995155,null,null,null,null,"TWOGAUSSIANS",8,3.9658294,0.3222682,0.0037407316,0.35939,0.030046457,0.6281754,0.05143023,0.84504145,0.0071618725,0.39124337,0.048543938,0.5234809,0.033918563
375316653866487564,4091670795864617216,0.63808864,2268.5088692171894,3.667075523207821,1.8336974E-5,17.139086,0.0129719535,0.2065293,0.0058371844,0.05011116,0.0069681345,0.20367098,0.025112795,0.72623086,0.0041048187,0.059929125,0.008885355,0.23481289,0.03233048,0.10414406,0.01514545,0.72623086,0.0041048187,"TWOGAUSSIANS_WITH_ELLIPSOIDAL_ON_ECLIPSE2",9,7.359548,0.72623086,0.0041048187,0.33560312,0.049757987,0.44306064,0.02718286,0.2098393,0.0046398616,0.2806225,0.039021555,0.4092734,0.0073648784
375316653866487564,4091671105020598400,0.574394,2219.2772254129395,1.6360160231384782,1.5146139E-5,16.115063,0.023099324,0.19548817,0.005785103,0.096716255,0.0077423146,0.3255646,0.026269997,0.7177839,0.009602323,0.10819942,0.02069492,0.19731225,0.022451965,null,null,null,null,"TWOGAUSSIANS",8,20.7875,0.19547817,0.00577486,0.4,0.0,0.3063572,0.015605556,0.7177839,0.009604396,0.4,0.0,0.1780934,0.021101283
375316653866487564,4091671517335831040,0.60697085,2079.81640161142,1.4780346334403933,9.13491E-6,18.905354,0.011309889,0.27243587,0.015709326,0.07265191,0.011240058,0.21269868,0.023405805,0.75877106,0.0013414636,0.046316165,0.0022552712,0.41444257,0.013070273,null,null,null,null,"TWOGAUSSIANS",8,0.8259924,0.75877106,0.0013414636,0.25937054,0.012629519,0.4143948,0.013046579,0.27243587,0.015709326,0.4,0.044567652,0.2126509,0.023392264
375316653866487564,4091671689134521600,0.47497752,2124.644261738407,3.4753090797818054,9.344246E-5,18.73101,0.04595926,0.23427838,0.016643548,0.09549153,0.02586304,0.2631872,0.08432828,0.62653905,0.043928046,0.055642925,0.05273571,0.5598682,0.36271426,null,null,null,null,"TWOGAUSSIANS",8,1.9316212,0.62653905,0.043928046,0.3116004,0.12008485,0.559721,0.3708226,0.23427838,0.016584257,0.4,0.0,0.262983,0.07721064
375316653866487564,4091672372057796224,0.52914554,2154.299478110988,3.3710059089040016,2.4925512E-5,18.30975,0.07298379,0.29476967,0.01616312,0.12702388,0.03911492,0.26785573,0.07386407,0.78797126,0.01174643,0.10303056,0.02554302,0.28661516,0.067620076,null,null,null,null,"TWOGAUSSIANS",8,5.726082,0.78797126,0.01174643,0.4,0.0,0.23844993,0.021581253,0.29476967,0.016181927,0.4,0.0,0.21945891,0.043757536
375316653866487564,4091672410690386176,0.55471826,2209.776690193832,2.5708812178720675,1.757792E-5,19.462833,0.010642558,0.22017649,0.0053881435,0.059545614,0.0059349686,0.37664273,0.016658913,0.7389638,0.003634232,0.07061802,0.006205809,0.489146,0.08347252,null,null,null,null,"TWOGAUSSIANS",8,1.1257744,0.7389638,0.003634232,0.3954609,0.02014296,0.48883873,0.08367204,0.22017649,0.0053881435,0.33345544,0.033235826,0.37633547,0.016653344
375316653866487564,4091673334130730112,0.50120384,2176.4024202907867,3.3595091360360976,2.2329774E-5,19.095457,0.03542818,0.2037887,0.01049247,0.07145704,0.027700305,0.18872188,0.035534047,0.7044288,0.05022956,0.07713405,0.04784637,0.18458097,0.046695057,null,null,null,null,"TWOGAUSSIANS",8,1.465868,0.2037887,0.010431481,0.4,0.079135716,0.18744397,0.039842475,0.7044288,0.05022956,0.4,0.049858134,0.18330306,0.036066536
375316653866487564,4091673647641139072,0.49027106,2269.9979897467906,0.16448591274206192,3.9642833E-5,19.470406,0.047140375,0.25543866,0.0058093686,0.10016015,0.020456286,0.25758097,0.045861524,0.7465289,0.012075412,0.06880374,0.028828243,0.27790374,0.09585697,null,null,null,null,"TWOGAUSSIANS",8,2.1930943,0.7465289,0.012075412,0.38530093,0.07582826,0.27232558,0.097273745,0.25543866,0.0058093686,0.4,0.0,0.25200063,0.03542431
375316653866487564,4091674334834679040,0.5560397,2126.7167386760575,2.766084062455479,4.3814234E-5,19.17536,0.029435718,0.2693676,0.027144348,0.05428165,0.010092026,0.5466181,0.2903376,0.7726921,0.0057228846,0.060348302,0.011150236,0.6380302,0.04609185,null,null,null,null,"TWOGAUSSIANS",8,7.6738896,0.7726921,0.0057228846,0.3379505,0.062441323,0.6379531,0.04617552,0.2693676,0.027144348,0.30397725,0.05651534,0.54654104,0.2903682
375316653866487564,4091674437914035072,0.48200944,2174.0581272568093,1.991249931947957,4.1851643E-5,17.839785,0.0042343545,0.43954504,0.015797207,0.058768712,0.017675897,0.15388237,0.021902608,0.69506556,0.024004519,0.07973395,0.02464172,0.06627051,0.029256929,null,null,null,null,"TWOGAUSSIANS",8,5.5100746,0.43990505,0.016102333,0.32910478,0.098985024,0.15427522,0.022246737,0.69506556,0.024004519,0.4,0.041146748,0.06628249,0.029234467
375316653866487564,4091674914678023808,0.45503354,2132.673285403761,0.5215652049840875,5.562805E-5,18.773327,0.010242384,0.27374372,0.01980112,0.09997688,0.03513945,0.12295602,0.026957266,0.5390225,0.008588843,0.046163343,0.01643601,0.11951907,0.04823436,null,null,null,null,"TWOGAUSSIANS",8,3.1984568,0.5390225,0.008588843,0.25851473,0.092041664,0.12315642,0.05247677,0.27374372,0.019800592,0.4,0.0,0.122954935,0.02696948
375316653866487564,4091675017734916096,0.5614262,2130.339568594787,3.248764573283407,1.3831185E-5,18.142492,0.02735218,0.20452021,0.010603605,0.05537168,0.022065848,0.40995222,0.020134665,0.7010427,0.0042831236,0.079715036,0.005346231,0.7464523,0.077826045,null,null,null,null,"TWOGAUSSIANS",8,14.931596,0.7010427,0.0042831236,0.4,0.0,0.74534637,0.07711839,0.20452021,0.010603605,0.3100814,0.091141894,0.40884632,0.02070395
375316653866487564,4091675503067822336,0.47931898,2182.3516445587143,2.0570122388044467,3.9954095E-5,17.994669,0.1473842,0.24652292,0.009944105,0.081915356,0.08979196,0.15638529,0.1026009,0.8743082,0.10451239,0.014596252,0.120222524,0.12384428,0.13948528,null,null,null,null,"TWOGAUSSIANS",8,3.063538,0.24652292,0.0094345305,0.4,0.0,0.15638529,0.03865307,0.8743082,0.10272999,0.08173901,0.30545548,0.123849414,0.08272666
375316653866487564,4091675567512883456,0.53124374,2101.9292981137637,0.373452256016339,4.563092E-5,18.59417,0.02258147,0.08898172,0.013068199,0.064498715,0.028131796,0.058110725,0.021239154,0.53971463,0.0095940055,0.1537635,0.0234673,0.1998441,0.020963281,null,null,null,null,"TWOGAUSSIANS",8,1.1952395,0.53971463,0.0095940055,0.4,0.0,0.18905649,0.014342487,0.09239172,0.013164766,0.3611928,0.13700673,0.05045831,0.022194624
375316653866487564,4091675881023375232,0.5250929,2170.948156108466,0.2608594086801041,4.0591505E-5,18.540674,0.0057429937,0.23239663,0.013833727,0.034115773,0.0052092853,0.15829901,0.055345196,0.74507904,0.022790005,0.054211657,0.045302168,0.08934857,0.006583484,null,null,null,null,"TWOGAUSSIANS",8,0.94657254,0.23239663,0.013833727,0.19104834,0.029171996,0.15829901,0.055350147,0.74507904,0.022790005,0.3035853,0.16743019,0.08934856,0.0065771504
375316653866487564,4091676018462315520,0.46816778,2177.3951657568846,0.20641460310892532,4.1274026E-5,19.500038,0.030868994,0.25715038,0.0052342457,0.0488904,0.016485762,0.33040532,0.1612598,0.69459605,0.01570297,0.13899125,0.024556592,0.24234177,0.036931667,null,null,null,null,"TWOGAUSSIANS",8,2.7436054,0.25742036,0.005197811,0.27378625,0.09232026,0.32700685,0.16377254,0.69459605,0.01570297,0.4,0.0,0.23715924,0.028091343
375316653866487564,4091676224621018240,0.41672584,2195.5242579413057,0.9152884278555108,4.0733612E-5,19.724997,0.009257806,0.24722582,0.013575361,0.06827659,0.04304228,0.027397824,0.03366689,null,null,null,null,null,null,0.05928747,0.018914333,0.24722582,0.013575361,"ONEGAUSSIAN_WITH_ELLIPSOIDAL",6,3.2229683,0.24722582,0.013575361,0.38234892,0.10572206,0.14593932,0.029858002,null,null,null,null,null,null
375316653866487564,4091676357787285760,0.56995225,2190.3124300602626,2.4850755083458225,1.1193092E-5,17.94834,0.08722397,0.301726,0.0026689214,0.119275965,0.024288751,0.36027348,0.075814545,0.79207385,0.0038463997,0.11581112,0.022825668,0.3865954,0.082113616,null,null,null,null,"TWOGAUSSIANS",8,2.8322456,0.79207385,0.0038463997,0.4,0.0,0.31559125,0.021635141,0.301766,0.0026436034,0.4,0.0,0.2892268,0.015924599
