Gaia/vari_eclipsing_binary/VariEclipsingBinary_226955-227087.csv
# %ECSV 1.0
# ---
# delimiter: ','
# meta: !!omap
# - RELEASE: Gaia DR3
# - TABLE: vari_eclipsing_binary
# - DESCRIPTION: >
#     This table describes the properties of the eclipsing binaries resulting from the variability analysis. 
# - CITATION: >
#     How to cite and acknowledge Gaia: 
#     https://gea.esac.esa.int/archive/documentation/credits.html 
# - KNOWN_ISSUES: >
#     Known issues: 
#     https://www.cosmos.esa.int/web/gaia-users/known-issues 
# - DOCUMENTATION: >
#     Tutorials and documentation: 
#     https://www.cosmos.esa.int/web/gaia-users/archive 
# datatype:
# - 
#   name: solution_id
#   datatype: int64
#   description: Solution Identifier
#   meta:
#     ucd: meta.version
# - 
#   name: source_id
#   datatype: int64
#   description: Unique source identifier
#   meta:
#     ucd: meta.id;meta.main
# - 
#   name: global_ranking
#   datatype: float32
#   description: Number between 0 (worst) and 1 (best)
#   meta:
#     ucd: stat.param
# - 
#   name: reference_time
#   datatype: float64
#   unit: d
#   description: Reference time used for the geometric model fit
#   meta:
#     ucd: time.epoch
# - 
#   name: frequency
#   datatype: float64
#   unit: d**-1
#   description: Frequency of geometric model of the eclipsing binary light curve
#   meta:
#     ucd: src.orbital
# - 
#   name: frequency_error
#   datatype: float32
#   unit: d**-1
#   description: "Uncertainty of \\texttt{frequency}"
#   meta:
#     ucd: stat.error
# - 
#   name: geom_model_reference_level
#   datatype: float32
#   unit: mag
#   description: Magnitude reference level of geometric model
#   meta:
#     ucd: phot.mag;em.opt
# - 
#   name: geom_model_reference_level_error
#   datatype: float32
#   unit: mag
#   description: "Uncertainty of \\texttt{geomModelReferenceLevel}"
#   meta:
#     ucd: stat.error;phot.mag;em.opt
# - 
#   name: geom_model_gaussian1_phase
#   datatype: float32
#   description: Phase of the Gaussian 1 component
#   meta:
#     ucd: time.phase
# - 
#   name: geom_model_gaussian1_phase_error
#   datatype: float32
#   description: "Uncertainty of \\texttt{geomModelGaussian1Phase}"
#   meta:
#     ucd: stat.error;time.phase
# - 
#   name: geom_model_gaussian1_sigma
#   datatype: float32
#   description: "Standard deviation [phase] of Gaussian 1 component"
#   meta:
#     ucd: stat.stdev
# - 
#   name: geom_model_gaussian1_sigma_error
#   datatype: float32
#   description: "Uncertainty of \\texttt{geomModelGaussian1Sigma}"
#   meta:
#     ucd: stat.error
# - 
#   name: geom_model_gaussian1_depth
#   datatype: float32
#   unit: mag
#   description: Magnitude depth of Gaussian 1 component
#   meta:
#     ucd: src.var.amplitude
# - 
#   name: geom_model_gaussian1_depth_error
#   datatype: float32
#   unit: mag
#   description: "Uncertainty of \\texttt{geomModelGaussian1Depth}"
#   meta:
#     ucd: stat.error;src.var.amplitude
# - 
#   name: geom_model_gaussian2_phase
#   datatype: float32
#   description: Phase of Gaussian 2 component
#   meta:
#     ucd: time.phase
# - 
#   name: geom_model_gaussian2_phase_error
#   datatype: float32
#   description: "Uncertainty of \\texttt{geomModelGaussian2Phase}"
#   meta:
#     ucd: stat.error;time.phase
# - 
#   name: geom_model_gaussian2_sigma
#   datatype: float32
[...]
#   datatype: float32
#   description: "Secondary eclipse: uncertainty of \\texttt{derivedSecondaryEclDuration}"
#   meta:
#     ucd: stat.error;time.duration
# - 
#   name: derived_secondary_ecl_depth
#   datatype: float32
#   unit: mag
#   description: "Secondary eclipse: depth"
#   meta:
#     ucd: src.var.amplitude
# - 
#   name: derived_secondary_ecl_depth_error
#   datatype: float32
#   unit: mag
#   description: "Secondary eclipse: uncertainty of \\texttt{derivedSecondaryEclDepth}"
#   meta:
#     ucd: stat.error;src.var.amplitude
solution_id,source_id,global_ranking,reference_time,frequency,frequency_error,geom_model_reference_level,geom_model_reference_level_error,geom_model_gaussian1_phase,geom_model_gaussian1_phase_error,geom_model_gaussian1_sigma,geom_model_gaussian1_sigma_error,geom_model_gaussian1_depth,geom_model_gaussian1_depth_error,geom_model_gaussian2_phase,geom_model_gaussian2_phase_error,geom_model_gaussian2_sigma,geom_model_gaussian2_sigma_error,geom_model_gaussian2_depth,geom_model_gaussian2_depth_error,geom_model_cosine_half_period_amplitude,geom_model_cosine_half_period_amplitude_error,geom_model_cosine_half_period_phase,geom_model_cosine_half_period_phase_error,model_type,num_model_parameters,reduced_chi2,derived_primary_ecl_phase,derived_primary_ecl_phase_error,derived_primary_ecl_duration,derived_primary_ecl_duration_error,derived_primary_ecl_depth,derived_primary_ecl_depth_error,derived_secondary_ecl_phase,derived_secondary_ecl_phase_error,derived_secondary_ecl_duration,derived_secondary_ecl_duration_error,derived_secondary_ecl_depth,derived_secondary_ecl_depth_error
[from data line 289]
375316653866487564,1996732636677356544,0.69006085,2226.2632380110513,1.1184748758612788,1.1447223E-6,16.176825,0.0024491255,0.24992184,9.791036E-4,0.04993412,0.004295941,0.055933077,0.007535727,0.7512229,3.273324E-4,0.050410826,9.444396E-4,0.3155437,0.00633815,0.08362095,0.0036416466,0.24992184,9.791036E-4,"TWOGAUSSIANS_WITH_ELLIPSOIDAL_ON_ECLIPSE1",9,2.396573,0.7512229,3.273324E-4,0.28230062,0.005288862,0.48277256,0.004385126,0.24992184,9.791036E-4,0.27963105,0.02405727,0.22317311,0.004996826
375316653866487564,1996734968837168128,0.4769494,2246.6851720779614,1.0296361915636139,2.974021E-5,18.461842,0.0042045093,0.69462293,0.001560102,0.016657243,0.0023184118,0.3714374,0.1096283,null,null,null,null,null,null,0.023191668,0.0047777295,0.69462293,0.001560102,"ONEGAUSSIAN_WITH_ELLIPSOIDAL",6,7.9583225,0.69462293,0.001560102,0.093280554,0.012983106,0.41782066,0.11020784,null,null,null,null,null,null
375316653866487564,1996735007499492608,0.5888795,2212.2388268223835,1.2543632362400572,4.385014E-6,14.630182,0.006971848,0.255907,0.0021799426,0.08779171,0.004050953,0.224454,0.006653687,0.75355136,0.0015006618,0.10529936,0.0042611035,0.26057816,0.008001577,null,null,null,null,"TWOGAUSSIANS",8,39.808796,0.75355136,0.0015006618,0.4,0.0,0.24413712,0.008391294,0.255907,0.0021799426,0.4,0.0,0.2080196,0.0042676567
375316653866487564,1996736824262967168,0.5848728,2233.3059232219257,2.9546069198216944,9.313388E-6,18.34932,0.007719252,0.30375415,0.0024205975,0.08437308,0.0037376385,0.381056,0.018612845,0.81014055,0.002724636,0.07995301,0.0035479981,0.41287524,0.011913411,null,null,null,null,"TWOGAUSSIANS",8,3.3392591,0.81014055,0.002724636,0.4,0.0,0.4060105,0.011706867,0.30375415,0.0024205975,0.4,0.0,0.37419125,0.019052936
375316653866487564,1996737820695493632,0.5229124,2209.7959665790004,2.9994285692819522,1.5237217E-5,18.960947,0.015576827,0.25710914,0.005433985,0.09325486,0.009155974,0.23541997,0.015019507,0.7594995,0.004223755,0.098123096,0.00796178,0.23085898,0.015079931,null,null,null,null,"TWOGAUSSIANS",8,1.759412,0.25710914,0.005433985,0.4,0.0,0.22056466,0.010109139,0.7594995,0.004223755,0.4,0.0,0.21600287,0.008664368
375316653866487564,1996739676121295872,0.52964514,2158.498598041554,4.2170564879349,9.675246E-6,18.878756,0.00738545,0.25654823,0.0028559158,0.07182875,0.0036884833,0.27297595,0.011295574,0.75046235,0.0049503385,0.07202653,0.0059956317,0.24478158,0.008476038,null,null,null,null,"TWOGAUSSIANS",8,1.9715198,0.25654823,0.0028559158,0.4,0.008360341,0.27191436,0.011238484,0.75046235,0.0049503385,0.4,0.008229372,0.24372001,0.00826432
375316653866487564,1996739779200463232,0.5955494,2220.6137290158777,2.983240824302796,5.9427075E-6,17.98748,0.012792328,0.20492706,0.0012901223,0.054353338,0.004977147,0.31793067,0.028128998,0.70621943,0.003318763,0.04424006,0.005560952,0.22589906,0.027774142,0.11429611,0.015668057,0.20492706,0.0012901223,"TWOGAUSSIANS_WITH_ELLIPSOIDAL_ON_ECLIPSE1",9,4.824596,0.20492706,0.0012901223,0.3043787,0.027872024,0.54651475,0.024487915,0.70621943,0.0032012656,0.24774435,0.03114133,0.45446804,0.013606509
375316653866487564,1996740127100552064,0.5982082,2182.225317625002,1.232553112619397,8.682285E-6,15.179013,1.1460406,0.30659932,0.005269645,0.2067697,0.1374293,0.54050136,1.1142474,0.79885525,0.0070076957,0.16132589,0.041840237,0.4926504,0.66633725,null,null,null,null,"TWOGAUSSIANS",8,5.8972507,0.79885525,0.0070076957,0.4,0.0,0.15340509,0.003257507,0.3086893,0.0029060587,0.4,0.0,0.15116905,0.0018623995
375316653866487564,1996741634627534976,0.48271903,2225.041187739992,3.761116927345728,2.6215619E-5,17.562336,0.010115792,0.24180903,0.005032421,0.07580151,0.007542016,0.1662187,0.010929986,0.74914867,0.0057981675,0.08384946,0.01433945,0.15662332,0.0125996135,null,null,null,null,"TWOGAUSSIANS",8,9.777158,0.24180903,0.005032421,0.4,0.0,0.16415498,0.0096688345,0.74914867,0.0057981675,0.4,0.0,0.1545596,0.013039529
375316653866487564,1996741840785789312,0.5936198,2212.7177343381186,2.9286883936289754,9.762878E-6,18.03846,0.053015757,0.25099975,0.004358363,0.05474396,0.008903639,0.39407054,0.10029953,0.7556307,0.0043007885,0.06176875,0.013602265,0.4167263,0.098659486,0.08277415,0.056334328,0.25099975,0.004358363,"TWOGAUSSIANS_WITH_ELLIPSOIDAL_ON_ECLIPSE1",9,7.6990485,0.7556307,0.004288115,0.345905,0.07617269,0.5820384,0.032651857,0.25099975,0.004358363,0.30656618,0.04986038,0.55952275,0.019303193
375316653866487564,1996744314687085824,0.6106052,2190.112371649049,2.7850121300415367,4.921419E-6,17.076538,0.0077359746,0.23599291,0.0026325565,0.07112156,0.0040803174,0.344741,0.011165193,0.7248393,0.0018136844,0.07716165,0.0020790033,0.5127514,0.01169655,null,null,null,null,"TWOGAUSSIANS",8,12.239462,0.7248393,0.0018136844,0.4,0.0,0.51052725,0.011311207,0.23599291,0.0026325565,0.3982807,0.018472908,0.34251684,0.011153434
375316653866487564,1996745006183291648,0.5795943,2202.498530202116,1.5219052546197336,5.681584E-6,17.793749,0.010433771,0.26398695,0.0021896777,0.09632516,0.0055622584,0.3266458,0.013568551,0.7514115,0.0022951642,0.08663812,0.0031267297,0.41486618,0.015273813,null,null,null,null,"TWOGAUSSIANS",8,4.61413,0.7514115,0.0022951642,0.4,0.0,0.40046352,0.013792109,0.26398695,0.0021896777,0.4,0.0,0.31224206,0.014365886
375316653866487564,1996745379840473344,0.5352054,2194.9588192799933,2.540838831115118,7.804834E-6,19.349154,0.014080367,0.2966584,0.0012993647,0.07887926,0.0030992988,0.49422482,0.017426526,0.7930429,0.002707,0.08780717,0.004972564,0.46464705,0.0129655935,null,null,null,null,"TWOGAUSSIANS",8,1.7375642,0.2966584,0.0012993647,0.4,0.0,0.48427474,0.0161128,0.7930429,0.002707,0.4,0.0,0.4546969,0.0108358795
375316653866487564,1996745860875677312,0.5309339,2180.6566923266055,1.4801649976664943,1.1554044E-5,18.468796,0.007067731,0.27602735,0.0037947446,0.053283546,0.00539155,0.3308975,0.012512603,0.7797301,0.0033848344,0.060890675,0.007337056,0.11139066,0.0069794096,null,null,null,null,"TWOGAUSSIANS",8,3.5481856,0.27602735,0.0037947446,0.29838786,0.030192677,0.3308758,0.012522464,0.7797301,0.0033848344,0.34098777,0.041087512,0.11136894,0.006979914
375316653866487564,1996747720598199168,0.5142352,2241.541270344097,3.660142765708223,2.2440745E-5,19.70824,0.016430303,0.26562813,0.009960341,0.07266676,0.008986849,0.28092295,0.023229737,0.7503685,0.004848163,0.07004779,0.005773712,0.40540212,0.019203579,null,null,null,null,"TWOGAUSSIANS",8,2.7953823,0.7503685,0.004848163,0.39226764,0.028465109,0.40441006,0.018309228,0.26562813,0.009960341,0.4,0.015362689,0.27993086,0.021847181
375316653866487564,1996755241084276352,0.6115854,2218.16089819813,1.8982476652335567,9.909923E-6,17.643597,0.003781996,0.2614692,8.476572E-4,0.027398929,0.0014016216,0.5526768,0.013262552,0.7590936,0.0022813147,0.027873322,0.0018028516,0.7972868,0.105240844,0.019101242,0.006566354,0.2614692,8.476572E-4,"TWOGAUSSIANS_WITH_ELLIPSOIDAL_ON_ECLIPSE1",9,8.919219,0.7591036,0.002271327,0.1560906,0.010095969,0.83548075,0.10634055,0.2614692,8.476572E-4,0.15343401,0.0078490805,0.5908793,0.012714257
375316653866487564,1996756722854802688,0.5259351,2206.3693706644835,3.302574522524758,9.370033E-6,17.637314,0.003831633,0.26194826,0.003075504,0.028388904,0.003204636,0.31621996,0.05186316,0.7597851,0.0029325923,0.033906996,0.003105201,0.28671992,0.016261471,null,null,null,null,"TWOGAUSSIANS",8,11.788314,0.26194826,0.003075504,0.15897787,0.017945962,0.31621996,0.05186316,0.7597851,0.0029325923,0.18987918,0.017389126,0.28671992,0.016261471
375316653866487564,1996756997732673408,0.56457347,2241.564137252139,0.8667052256934261,4.1702688E-6,14.858251,0.0029921858,0.2967914,1.9308703E-5,0.00612486,4.8310434E-5,1.8721805,0.035713267,0.81788486,0.0038056015,0.018952884,0.0029917131,0.500352,0.1255984,null,null,null,null,"TWOGAUSSIANS",8,158.4214,0.2967914,1.9308703E-5,0.034299217,2.7053844E-4,1.8721805,0.035713267,0.81788486,0.0038056015,0.10613614,0.016753593,0.500352,0.1255984
375316653866487564,1996757199589288064,0.5220356,2204.055451652822,0.4804364402447222,6.376915E-6,16.692608,0.0017226124,0.7101579,7.44659E-4,0.020375675,0.00127225,0.13818964,0.008756171,null,null,null,null,null,null,0.013666777,0.0032270828,0.7101579,7.44659E-4,"ONEGAUSSIAN_WITH_ELLIPSOIDAL",6,7.446038,0.7101579,7.44659E-4,0.11410377,0.0071245995,0.16552316,0.008359222,null,null,null,null,null,null
375316653866487564,1996760502426094208,0.6396206,2214.1378550847603,2.6678402088523243,2.1244293E-6,15.655972,0.0065283757,0.25702515,0.0011454126,0.051949665,0.0021531715,0.45282552,0.022673583,0.75943345,8.2669116E-4,0.045246877,0.0023351077,0.43896452,0.021996949,0.112037666,0.008714856,0.75943345,8.2669116E-4,"TWOGAUSSIANS_WITH_ELLIPSOIDAL_ON_ECLIPSE2",9,28.49323,0.25725517,0.0010278611,0.2909181,0.012057761,0.6768509,0.023243306,0.75943345,8.2669116E-4,0.2533825,0.0130766025,0.66303635,0.026212009
375316653866487564,1996761219679330688,0.45712554,2222.3070744658917,1.302275630489005,1.2714518E-5,18.492245,0.0028008306,0.23544843,0.02237132,0.026318045,0.01200086,0.051788226,0.039594732,0.7679959,0.006344575,0.0164292,0.0071043437,0.11961567,0.045271996,null,null,null,null,"TWOGAUSSIANS",8,2.0456495,0.7679959,0.006344575,0.092003524,0.039784323,0.11961567,0.045271996,0.23544843,0.02237132,0.14738105,0.06720481,0.051788226,0.039594732
375316653866487564,1996762147392141312,0.5096817,2218.535174122834,3.1150760686230528,1.1871454E-5,18.619123,0.0033029797,0.2499881,0.004760271,0.0368702,0.012101251,0.07371582,0.012446797,0.76278776,0.019279249,0.02211489,0.0097174905,0.0943276,0.09188705,0.07623576,0.00737184,0.2499881,0.004760271,"TWOGAUSSIANS_WITH_ELLIPSOIDAL_ON_ECLIPSE1",9,4.1799145,0.76278776,0.019279249,0.12384338,0.05441795,0.24581508,0.094737045,0.2499881,0.004760271,0.20647313,0.06776701,0.22618733,0.01318987
375316653866487564,1996762529650579968,0.6103587,2211.3556956086486,0.22140668031505834,3.0193674E-5,17.378489,0.0010338445,0.3987566,0.0017161227,0.008733165,5.661447E-4,0.3819212,0.06364172,0.89373595,0.006906815,0.0070731547,0.0044732834,0.2895799,2600.9802,null,null,null,null,"TWOGAUSSIANS",8,1.620754,0.3987566,0.0017161227,0.048905727,0.0031704102,0.3819212,0.06364172,0.89373595,0.006906815,0.039609667,0.025050387,0.2895799,2600.9802
375316653866487564,1996762662788186240,0.49391344,2239.0817760838895,2.6128944587736602,1.9742529E-5,18.523764,0.007827148,0.25158265,0.0051248786,0.07478105,0.006065731,0.18424456,0.013092945,0.7306896,0.005355868,0.093824826,0.007469031,0.23563036,0.01006265,null,null,null,null,"TWOGAUSSIANS",8,3.7677135,0.7306896,0.005355868,0.4,0.0,0.23207772,0.008916182,0.25158265,0.0051248786,0.4,0.0,0.18069248,0.012358696
375316653866487564,1996765755165053184,0.52481705,2211.8385229765067,3.223481175980349,4.7327587E-5,19.441053,0.0062529193,0.37916204,0.0066308733,0.050654322,0.007009569,0.5121374,0.06745341,0.7319653,0.0691855,0.03315831,0.045828544,0.071705945,8.547524E7,null,null,null,null,"TWOGAUSSIANS",8,2.5581498,0.37916204,0.0066308733,0.2836642,0.039253585,0.5121374,0.067453414,0.7319653,0.0691855,0.18568654,0.25663984,0.071705945,8.547524E7
375316653866487564,1996765961322539008,0.49981335,2244.3825836616797,1.1183523350861202,9.2204304E-5,18.253704,0.004494264,0.2861805,0.06445181,0.034095045,0.03184348,0.22372362,70.296936,0.8184027,0.024669077,0.08372242,0.03144074,0.03361612,0.0082779955,null,null,null,null,"TWOGAUSSIANS",8,2.010289,0.2861805,0.06445181,0.19093224,0.17832349,0.22371984,70.296936,0.8184027,0.024669077,0.4,0.078142636,0.033612337,0.008274052
375316653866487564,1996766442359028352,0.52758765,2217.301757946224,1.4098336987069886,2.6483085E-5,17.921959,0.003031912,0.43225285,0.005979574,0.018460916,0.016387198,0.052019294,0.5431071,0.6285827,0.0023623265,0.060004942,0.0027530147,0.30557925,0.020615576,null,null,null,null,"TWOGAUSSIANS",8,4.110444,0.6285827,0.0023623265,0.33602768,0.015416882,0.30557925,0.020615576,0.43278286,0.0060058683,0.103381135,0.09176831,0.05348733,0.5431969
375316653866487564,1996768332144974080,0.52385837,2192.92428703273,3.509388709180898,1.3155293E-5,18.982967,0.028548654,0.27603555,0.004325653,0.08527385,0.010496113,0.33246943,0.0250906,0.7707679,0.015726723,0.081547625,0.01754337,0.34984228,0.033043135,null,null,null,null,"TWOGAUSSIANS",8,3.0224102,0.7707679,0.015726723,0.4,0.0,0.34290135,0.023810957,0.27603555,0.004325653,0.4,0.0,0.3255285,0.01785588
375316653866487564,1996769809613891200,0.5752638,2216.652054545441,2.51701944107946,9.815426E-6,18.581501,0.00818615,0.30042878,0.007207382,0.05581054,0.0059803976,0.23345874,0.019651972,0.81483155,0.0030168276,0.07010973,0.0029206553,0.6897399,0.017572837,null,null,null,null,"TWOGAUSSIANS",8,6.7437944,0.81483155,0.0030168276,0.39261448,0.016245583,0.68953943,0.017561262,0.30042878,0.007207382,0.31253904,0.033490226,0.23325828,0.019798277
375316653866487564,1996771390161676032,0.60839796,2236.6315036772867,3.6758513155049384,5.9985805E-6,15.99085,0.010213684,0.25863904,0.0015744633,0.04493165,0.004270722,0.19511363,0.024348738,0.75441337,0.002424555,0.046069264,0.0045645162,0.40502828,0.01888556,0.12339741,0.013085071,0.25863904,0.0015744633,"TWOGAUSSIANS_WITH_ELLIPSOIDAL_ON_ECLIPSE1",9,40.704952,0.75480336,0.002124247,0.2579879,0.025561292,0.6516648,0.021432808,0.25863904,0.0015744633,0.25161722,0.023916045,0.441908,0.011673127
375316653866487564,1996772420958862336,0.44871897,2293.943566907105,3.8199887204508585,1.7680373E-5,17.747446,0.0045438595,0.4296719,0.013108491,0.08547558,0.01322563,0.055764783,0.008894265,0.7978845,0.0020764323,0.023607006,0.0076012877,0.57382745,2.6246805,null,null,null,null,"TWOGAUSSIANS",8,3.415741,0.7978845,0.0020764323,0.13219923,0.042567212,0.57383263,2.6246803,0.4296719,0.013108491,0.4,0.0,0.055764776,0.0088942675
375316653866487564,1996773902723791616,0.5467204,2252.491639713389,2.7052030086465835,1.0318805E-5,19.396786,0.005020573,0.2145977,0.002488544,0.04875035,0.0026720075,0.6349815,0.07264443,0.7106232,0.004271559,0.060371444,0.0056234878,0.5062886,0.021536358,null,null,null,null,"TWOGAUSSIANS",8,3.2555423,0.2145977,0.002488544,0.27300194,0.014963242,0.6349555,0.07265314,0.7106232,0.004271559,0.33808008,0.031491533,0.5062626,0.02155054
375316653866487564,1996774585617832704,0.4596794,2185.3545214545093,1.0038374136288943,5.6624216E-5,19.327072,0.0046833446,0.20892218,0.0051473314,0.033397883,0.0032410691,0.2531987,0.010670287,0.67053986,0.01489724,0.09049701,0.012393509,0.06374451,0.0122775305,null,null,null,null,"TWOGAUSSIANS",8,2.3867123,0.20892218,0.0051473314,0.18702815,0.018149987,0.2531861,0.010669016,0.67053986,0.01489724,0.4,0.0,0.063731745,0.012282358
375316653866487564,1996774963574674560,0.5308635,2207.2559136112523,0.814816880395633,7.766938E-6,19.741476,0.008555942,0.5024184,0.007846172,0.017545316,0.014141726,0.060268607,0.043957517,0.67410004,0.0013311899,0.02249363,9.1816875E-4,0.73447925,0.026002614,null,null,null,null,"TWOGAUSSIANS",8,2.0229914,0.67410004,0.0013311899,0.12596433,0.005141745,0.73447925,0.026002614,0.5024184,0.007846172,0.09825377,0.07919367,0.060268607,0.043957517
375316653866487564,1996776406683877120,0.5973212,2221.859750488001,2.2135108875859295,3.8629164E-6,17.88832,0.0055877934,0.26924166,8.0226175E-4,0.084779955,0.0017553143,0.4576714,0.0077863615,0.76986694,0.0045810114,0.08891207,0.004357018,0.4190362,0.0154224355,null,null,null,null,"TWOGAUSSIANS",8,3.9907477,0.26924166,8.0226175E-4,0.4,0.0,0.44393677,0.007769893,0.76986694,0.0045810114,0.4,0.0,0.4053015,0.016031826
