Gaia/vari_eclipsing_binary/VariEclipsingBinary_468393-468406.csv
# %ECSV 1.0
# ---
# delimiter: ','
# meta: !!omap
# - RELEASE: Gaia DR3
# - TABLE: vari_eclipsing_binary
# - DESCRIPTION: >
#     This table describes the properties of the eclipsing binaries resulting from the variability analysis. 
# - CITATION: >
#     How to cite and acknowledge Gaia: 
#     https://gea.esac.esa.int/archive/documentation/credits.html 
# - KNOWN_ISSUES: >
#     Known issues: 
#     https://www.cosmos.esa.int/web/gaia-users/known-issues 
# - DOCUMENTATION: >
#     Tutorials and documentation: 
#     https://www.cosmos.esa.int/web/gaia-users/archive 
# datatype:
# - 
#   name: solution_id
#   datatype: int64
#   description: Solution Identifier
#   meta:
#     ucd: meta.version
# - 
#   name: source_id
#   datatype: int64
#   description: Unique source identifier
#   meta:
#     ucd: meta.id;meta.main
# - 
#   name: global_ranking
#   datatype: float32
#   description: Number between 0 (worst) and 1 (best)
#   meta:
#     ucd: stat.param
# - 
#   name: reference_time
#   datatype: float64
#   unit: d
#   description: Reference time used for the geometric model fit
#   meta:
#     ucd: time.epoch
# - 
#   name: frequency
#   datatype: float64
#   unit: d**-1
#   description: Frequency of geometric model of the eclipsing binary light curve
#   meta:
#     ucd: src.orbital
# - 
#   name: frequency_error
#   datatype: float32
#   unit: d**-1
#   description: "Uncertainty of \\texttt{frequency}"
#   meta:
#     ucd: stat.error
# - 
#   name: geom_model_reference_level
#   datatype: float32
#   unit: mag
#   description: Magnitude reference level of geometric model
#   meta:
#     ucd: phot.mag;em.opt
# - 
#   name: geom_model_reference_level_error
#   datatype: float32
#   unit: mag
#   description: "Uncertainty of \\texttt{geomModelReferenceLevel}"
#   meta:
#     ucd: stat.error;phot.mag;em.opt
# - 
#   name: geom_model_gaussian1_phase
#   datatype: float32
#   description: Phase of the Gaussian 1 component
#   meta:
#     ucd: time.phase
# - 
#   name: geom_model_gaussian1_phase_error
#   datatype: float32
#   description: "Uncertainty of \\texttt{geomModelGaussian1Phase}"
#   meta:
#     ucd: stat.error;time.phase
# - 
#   name: geom_model_gaussian1_sigma
#   datatype: float32
#   description: "Standard deviation [phase] of Gaussian 1 component"
#   meta:
#     ucd: stat.stdev
# - 
#   name: geom_model_gaussian1_sigma_error
#   datatype: float32
#   description: "Uncertainty of \\texttt{geomModelGaussian1Sigma}"
#   meta:
#     ucd: stat.error
# - 
#   name: geom_model_gaussian1_depth
#   datatype: float32
#   unit: mag
#   description: Magnitude depth of Gaussian 1 component
#   meta:
#     ucd: src.var.amplitude
# - 
#   name: geom_model_gaussian1_depth_error
#   datatype: float32
#   unit: mag
#   description: "Uncertainty of \\texttt{geomModelGaussian1Depth}"
#   meta:
#     ucd: stat.error;src.var.amplitude
# - 
#   name: geom_model_gaussian2_phase
#   datatype: float32
#   description: Phase of Gaussian 2 component
#   meta:
#     ucd: time.phase
# - 
#   name: geom_model_gaussian2_phase_error
#   datatype: float32
#   description: "Uncertainty of \\texttt{geomModelGaussian2Phase}"
#   meta:
#     ucd: stat.error;time.phase
# - 
#   name: geom_model_gaussian2_sigma
#   datatype: float32
[...]
#   datatype: float32
#   description: "Secondary eclipse: uncertainty of \\texttt{derivedSecondaryEclDuration}"
#   meta:
#     ucd: stat.error;time.duration
# - 
#   name: derived_secondary_ecl_depth
#   datatype: float32
#   unit: mag
#   description: "Secondary eclipse: depth"
#   meta:
#     ucd: src.var.amplitude
# - 
#   name: derived_secondary_ecl_depth_error
#   datatype: float32
#   unit: mag
#   description: "Secondary eclipse: uncertainty of \\texttt{derivedSecondaryEclDepth}"
#   meta:
#     ucd: stat.error;src.var.amplitude
solution_id,source_id,global_ranking,reference_time,frequency,frequency_error,geom_model_reference_level,geom_model_reference_level_error,geom_model_gaussian1_phase,geom_model_gaussian1_phase_error,geom_model_gaussian1_sigma,geom_model_gaussian1_sigma_error,geom_model_gaussian1_depth,geom_model_gaussian1_depth_error,geom_model_gaussian2_phase,geom_model_gaussian2_phase_error,geom_model_gaussian2_sigma,geom_model_gaussian2_sigma_error,geom_model_gaussian2_depth,geom_model_gaussian2_depth_error,geom_model_cosine_half_period_amplitude,geom_model_cosine_half_period_amplitude_error,geom_model_cosine_half_period_phase,geom_model_cosine_half_period_phase_error,model_type,num_model_parameters,reduced_chi2,derived_primary_ecl_phase,derived_primary_ecl_phase_error,derived_primary_ecl_duration,derived_primary_ecl_duration_error,derived_primary_ecl_depth,derived_primary_ecl_depth_error,derived_secondary_ecl_phase,derived_secondary_ecl_phase_error,derived_secondary_ecl_duration,derived_secondary_ecl_duration_error,derived_secondary_ecl_depth,derived_secondary_ecl_depth_error
[from data line 409]
375316653866487564,4120103204502231808,0.51382643,2385.0103323148824,0.4202450139245941,4.3087755E-5,16.105026,0.004374668,0.4774807,0.011810437,0.05933653,0.0037163598,2.966735,1.0261648,null,null,null,null,null,null,null,null,null,null,"ONEGAUSSIAN",5,89.79665,0.4774807,0.011810437,0.33228457,0.020811614,2.966735,0.0,null,null,null,null,null,null
375316653866487564,4120103238762578816,0.45890385,2419.029167352926,0.5333629107970617,4.691607E-5,19.808277,0.01563689,0.23662038,0.005412317,0.035082664,0.0034395591,0.34077814,0.054298397,0.58531266,0.014403865,0.07320939,0.02188251,0.17527482,0.029099682,null,null,null,null,"TWOGAUSSIANS",8,2.2941363,0.23662038,0.005412317,0.19646293,0.019261532,0.3407802,0.05430329,0.58531266,0.014403865,0.4,0.042569254,0.17527482,0.029099828
375316653866487564,4120103822881275392,0.54322916,2376.962690501886,1.4250604191074954,6.0614248E-6,19.090982,0.0034303656,0.24763902,0.0017629927,0.04013072,0.0013837647,0.41471577,0.010319157,0.76796013,0.0071766446,0.051437248,0.006369286,0.21711524,0.016935928,null,null,null,null,"TWOGAUSSIANS",8,1.5490053,0.24763902,0.0017629927,0.22473203,0.007749082,0.4147157,0.010319165,0.76796013,0.0071766446,0.28804857,0.035668004,0.2171152,0.016936127
375316653866487564,4120103887327369472,0.48014235,2408.88219659959,2.788613173903319,1.4319381E-5,19.16549,0.02274413,0.260076,0.0050770226,0.068640806,0.01774077,0.259907,0.039237436,0.7466202,0.005016697,0.07617473,0.010532952,0.32392657,0.018490402,null,null,null,null,"TWOGAUSSIANS",8,2.953361,0.7466202,0.005016697,0.4,0.0022987148,0.3228409,0.017276715,0.260076,0.0050770226,0.3843885,0.065997966,0.2588213,0.041143056
375316653866487564,4120104063396431616,0.4989262,2348.5515711894363,2.4300508106892775,2.118783E-5,19.69489,0.049697425,0.33203802,0.007631272,0.08095723,0.011317588,0.50264287,0.0549065,0.81443876,0.005722228,0.11045571,0.01904695,0.34251288,0.045173302,null,null,null,null,"TWOGAUSSIANS",8,2.436334,0.332048,0.0076313782,0.4,0.0,0.4822931,0.04069189,0.81443876,0.005722228,0.4,0.0,0.32213256,0.028188111
375316653866487564,4120104304013534592,0.60989183,2377.6243960699044,1.4271698723506943,9.000552E-6,18.821335,0.0039189276,0.15976407,9.691531E-4,0.04071321,0.0041930396,0.64671665,0.07747618,0.66632545,0.0057418514,0.048354145,0.005232012,0.13283549,0.010541448,null,null,null,null,"TWOGAUSSIANS",8,1.0970725,0.15976407,9.691531E-4,0.22799398,0.02348102,0.6467166,0.07747641,0.66632545,0.0057418514,0.27078322,0.029299267,0.13283545,0.010541563
375316653866487564,4120104372733028992,0.6607631,2357.555662528518,1.0487673482547681,1.4622958E-6,14.691942,0.0014109723,0.26785624,9.109105E-4,0.026339218,0.001210167,0.68469954,0.06673331,0.7678473,4.984828E-4,0.028529854,6.080621E-4,0.28214327,0.0073786983,0.017958272,0.002151832,0.26785624,9.109105E-4,"TWOGAUSSIANS_WITH_ELLIPSOIDAL_ON_ECLIPSE1",9,19.589231,0.26785624,9.109105E-4,0.14749962,0.006776935,0.72061604,0.06633761,0.7678473,4.956623E-4,0.15976718,0.0034051477,0.31805977,0.006931621
375316653866487564,4120104647512282496,0.55183715,2373.4948099757858,2.22214129781158,9.347004E-6,18.4479,0.005754075,0.28397915,0.0069884625,0.07516271,0.005407937,0.49439538,0.033004858,0.77884835,0.002204811,0.07247843,0.0030968534,0.48795816,0.007986336,null,null,null,null,"TWOGAUSSIANS",8,6.757837,0.28397915,0.0069884625,0.4,0.0,0.49157438,0.03325591,0.77884835,0.002204811,0.4,0.0,0.48513716,0.008171156
375316653866487564,4120104750595972864,0.46939853,2362.5999161616355,0.21031706695702737,4.2995245E-5,19.754324,0.008790236,0.38515317,0.013705194,0.030082295,0.013532573,1.8276966,28.0852,0.72863036,0.0039094705,0.015458379,0.0043190024,0.22861922,0.08266865,null,null,null,null,"TWOGAUSSIANS",8,3.3157675,0.38515317,0.013705194,0.16846086,0.07578241,1.8276966,28.0852,0.72863036,0.0039094705,0.086566925,0.024186412,0.22861922,0.08266865
375316653866487564,4120104780656161536,0.59751993,2357.9164515163607,3.8980549136407547,4.4138765E-6,17.719477,0.043295417,0.26470295,0.003844333,0.050652914,0.0073332977,0.5748489,0.09671237,0.77156764,0.012083943,0.04981576,0.012585402,0.47153428,0.11972393,0.08411994,0.05363654,0.26470295,0.003844333,"TWOGAUSSIANS_WITH_ELLIPSOIDAL_ON_ECLIPSE1",9,13.058913,0.26470295,0.003844333,0.2836563,0.041066468,0.7430847,0.036661007,0.77156764,0.011863073,0.27896824,0.07047825,0.63945735,0.036105104
375316653866487564,4120105300351862016,0.45470276,2389.1360025456825,2.6142765922608073,2.2973423E-5,19.24037,0.0076559414,0.3310388,0.011373751,0.08011037,0.011995469,0.12641466,0.009594465,0.8410177,0.0039312625,0.04786586,0.0073963674,0.14542925,0.017011443,null,null,null,null,"TWOGAUSSIANS",8,2.4283123,0.8410177,0.0039312625,0.26804882,0.041419655,0.14533761,0.017048799,0.3310388,0.011373751,0.4,0.0,0.12632301,0.00959453
375316653866487564,4120105330435851008,0.5721992,2374.750417946506,0.1960698090406305,2.7453216E-5,18.891554,0.004313077,0.6452551,5.63165E-4,0.0123642385,6.6964235E-4,1.0064167,0.09497604,null,null,null,null,null,null,0.033512626,0.007742675,0.6452551,5.63165E-4,"ONEGAUSSIAN_WITH_ELLIPSOIDAL",6,4.325492,0.6452551,5.63165E-4,0.069239736,0.0037499971,1.0734419,0.09667865,null,null,null,null,null,null
375316653866487564,4120105678307443072,0.4760724,2390.019684301299,2.547470644065748,8.583777E-5,19.866432,0.031086622,0.24153821,0.007623065,0.0857958,0.010694818,0.47421807,0.042275414,0.73579246,0.014842779,0.0926268,0.01938448,0.37638903,0.0627,null,null,null,null,"TWOGAUSSIANS",8,4.0362844,0.24153821,0.007623065,0.4,0.0,0.4591113,0.041613992,0.73579246,0.014842779,0.4,0.0,0.36128196,0.06381512
375316653866487564,4120105747148697856,0.44413176,2198.9654789846027,0.08794014507715471,8.444787E-5,19.534187,0.017083732,0.385193,0.05023971,0.04380471,0.034239244,0.2832714,0.18149887,0.8982022,0.017424721,0.040454254,0.016275072,0.30611393,0.19778237,null,null,null,null,"TWOGAUSSIANS",8,2.6207223,0.8982022,0.017424721,0.22654383,0.091140404,0.30611393,0.19778241,0.385193,0.05023971,0.24530637,0.19173977,0.2832714,0.18149891
375316653866487564,4120106571661622400,0.49770442,2376.91015222466,2.37834427698292,1.5831818E-5,19.523624,0.02269855,0.23628153,0.0077463747,0.09023748,0.016028296,0.21066009,0.02681292,0.7357918,0.0061561363,0.09015668,0.0143991355,0.23038308,0.020933628,null,null,null,null,"TWOGAUSSIANS",8,1.0341833,0.7357918,0.0061561363,0.4,0.0,0.22099628,0.02036909,0.23628153,0.0077463747,0.4,0.0,0.20127328,0.026089473
375316653866487564,4120106709100478976,0.45789573,2384.4020610707616,2.5596944231895864,5.1498675E-5,19.439024,0.031813003,0.3160283,0.0054714186,0.08318876,0.011669009,0.32738248,0.031699408,0.82098264,0.018883837,0.08323569,0.02551805,0.2514812,0.03382279,null,null,null,null,"TWOGAUSSIANS",8,3.6446002,0.3160283,0.0054714186,0.4,0.0,0.3216376,0.028635688,0.82098264,0.018883837,0.4,0.0069612577,0.24573633,0.029787414
375316653866487564,4120106880899560832,0.4224374,2421.0038674054504,1.152804400515395,1.2192926E-5,19.410213,0.008403267,0.38661745,0.0025403763,0.025633099,0.0033997914,0.26168048,0.0619622,0.6492657,0.0012265785,0.011254298,0.0039665964,0.032063536,0.0076406277,null,null,null,null,"TWOGAUSSIANS",8,3.7215369,0.38661745,0.0025403763,0.14354536,0.019038832,0.26168048,0.0619622,0.6492657,0.0012265785,0.06302407,0.02221294,0.032063536,0.0076406277
375316653866487564,4120107087057744512,0.47471428,2442.9539655345443,0.12769,2.8141547E-5,19.240213,0.009847782,0.2758037,0.033384558,0.084775165,0.02228387,0.05417143,0.0306896,0.60316575,0.009510434,0.070035905,0.006456992,0.32035467,0.065145254,null,null,null,null,"TWOGAUSSIANS",8,2.7583365,0.60316575,0.009510434,0.39220107,0.032256085,0.32036734,0.06515632,0.2758537,0.03343882,0.4,0.0,0.054158542,0.030688964
375316653866487564,4120107087057766656,0.55825484,2397.566820545749,1.3987302767227607,7.907046E-6,18.050964,0.002683914,0.31073552,0.011174739,0.02771279,0.008535621,0.021955412,0.008831363,0.54130113,0.0019129816,0.07402692,0.002200527,0.17721635,0.0047197146,null,null,null,null,"TWOGAUSSIANS",8,1.288059,0.54130113,0.0019129816,0.4,0.0,0.17721635,0.0047197146,0.3129655,0.011928582,0.15519163,0.047799475,0.023406891,0.009233286
375316653866487564,4120107151502604032,0.45357278,2401.089849045741,0.06511807804825898,1.4407642E-5,18.111532,0.0035038155,0.10197596,0.0010521512,0.0057266844,0.0018728583,0.12611094,0.088425,0.6011779,0.008661446,0.063473344,0.01075774,0.09261157,0.014432155,null,null,null,null,"TWOGAUSSIANS",8,4.7631736,0.10197596,0.0010521512,0.032069433,0.010488006,0.12611094,0.088425,0.6011779,0.008661446,0.35545072,0.060243342,0.09261157,0.014432155
375316653866487564,4120107258857819264,0.4361018,2398.0765408917027,3.8233924678777984,4.9191425E-5,19.854538,0.03181896,0.49661702,0.08394214,0.054003976,0.09932575,0.14462762,0.04338557,0.6955143,0.005987411,0.018039966,0.006404646,0.6634521,0.37432823,null,null,null,null,"TWOGAUSSIANS",8,2.8275614,0.6955143,0.005987411,0.10102381,0.03586602,0.66361606,0.37503877,0.49661702,0.08394214,0.30242226,0.14159341,0.14462762,0.04415624
375316653866487564,4120108014772901888,0.53890926,2391.491339772178,1.3330271274648249,1.1699037E-5,18.25411,0.015560831,0.23959309,0.0022367628,0.108431585,0.008185811,0.20769256,0.013990436,0.740191,0.005387302,0.10558082,0.008329417,0.24090001,0.018031944,null,null,null,null,"TWOGAUSSIANS",8,2.0153852,0.740191,0.005387302,0.4,0.0,0.2119554,0.0095807,0.23959309,0.0022367628,0.4,0.0,0.17874442,0.009648133
375316653866487564,4120108014774590336,0.49217954,2450.784233347148,0.03977506175550166,1.188269E-5,19.885996,0.018247792,0.21997125,0.003448145,0.08878232,0.0038899777,1.2282313,0.061614715,0.9316786,0.0064711506,0.016503055,0.010546418,0.16224357,0.27511996,null,null,null,null,"TWOGAUSSIANS",8,3.722906,0.21997125,0.003448145,0.4,0.0,1.2282311,0.061614916,0.9320686,0.0055882907,0.092417106,0.059059937,0.1685927,0.2760975
375316653866487564,4120108117945369216,0.4987281,2354.5732069811215,2.0455666254009244,2.3159253E-5,19.566723,0.020897295,0.23330465,0.016388038,0.072448105,0.014059123,0.673249,0.1281331,0.7508627,0.0046532624,0.052790266,0.006800648,0.3391867,0.03131021,null,null,null,null,"TWOGAUSSIANS",8,8.367543,0.23330465,0.016388038,0.4,0.06722489,0.6730543,0.12823528,0.7508627,0.0046532624,0.29562548,0.038083628,0.338992,0.031273883
375316653866487564,4120108324010457728,0.49289933,2348.7648044271095,1.8724647811605135,1.3803756E-5,19.379848,0.02992303,0.24218607,0.036199167,0.06997982,0.030030278,0.3505431,0.05772759,0.75298536,0.005947458,0.09120896,0.009998186,0.4545875,0.038797606,null,null,null,null,"TWOGAUSSIANS",8,4.4865503,0.75298536,0.005947458,0.4,0.0,0.44927526,0.035442624,0.24218607,0.036199167,0.39188698,0.06285464,0.34523118,0.051488485
375316653866487564,4120108633248303360,0.45214483,2363.3054332386428,1.7492267471807135,3.8586913E-5,19.189402,0.026503514,0.28834483,0.007318516,0.0829961,0.015149683,0.24460858,0.035307787,0.7699434,0.012596897,0.10141021,0.017951375,0.17993546,0.030388892,null,null,null,null,"TWOGAUSSIANS",8,5.1025834,0.28834483,0.0073188054,0.4,0.0,0.23674136,0.034649573,0.7699434,0.012596897,0.4,0.0,0.17206559,0.02412422
375316653866487564,4120108736327761664,0.4399138,2500.9441475197764,0.4981967455460376,3.2543953E-4,19.70143,0.0860408,0.44521475,0.03684783,0.05618521,0.024340943,0.46463308,0.22282226,0.7517768,0.028026734,0.2056531,0.08765872,0.19248198,0.08159817,null,null,null,null,"TWOGAUSSIANS",8,4.2087326,0.44830474,0.035997104,0.31463715,0.13630928,0.50857264,0.2203186,0.7517768,0.028026734,0.4,0.0,0.17171001,0.044917468
375316653866487564,4120108800742985344,0.4824173,2374.1922843611355,4.133425288541971,2.8174247E-5,18.870686,0.039501056,0.021365184,0.018777864,0.04432944,0.02578667,0.056137186,0.04555147,0.5879361,0.010583818,0.17463596,0.026077952,0.297587,0.036709722,null,null,null,null,"TWOGAUSSIANS",8,6.842897,0.5879361,0.010583818,0.4,0.0,0.28298667,0.025633113,0.014845185,0.01870656,0.24824487,0.14440535,0.057293482,0.05043697
375316653866487564,4120108839411755648,0.47753164,2456.4593937764307,3.0261772166303693,4.805427E-5,19.865343,0.06850693,0.28534764,0.011506959,0.09171044,0.024145046,0.5231335,0.06821773,0.78276765,0.015500044,0.08775017,0.027892474,0.33486095,0.05947082,null,null,null,null,"TWOGAUSSIANS",8,3.5882213,0.28534764,0.011506668,0.4,0.0,0.50651956,0.06732371,0.78276765,0.015500044,0.4,0.0,0.31824732,0.040511064
375316653866487564,4120108873766670848,0.49670675,2398.3224833140084,2.399034849484357,2.8346129E-5,19.076166,0.09806091,0.2072133,0.008157978,0.10643753,0.024211837,0.34394377,0.09537969,0.69548565,0.0059623704,0.106717974,0.035242334,0.37970713,0.065813586,null,null,null,null,"TWOGAUSSIANS",8,5.8075285,0.69548565,0.0059623704,0.4,0.0,0.33922425,0.037445694,0.2072233,0.008131339,0.4,0.0,0.303463,0.026383843
375316653866487564,4120108873768433536,0.45672557,2416.2089338662186,2.15279913549661,5.258471E-5,19.356045,0.01140886,0.22500561,0.009497409,0.057576258,0.012519975,0.40094662,0.066285886,0.7013165,0.034321744,0.0623434,0.02217651,0.38326123,0.051879413,null,null,null,null,"TWOGAUSSIANS",8,13.919486,0.22500561,0.009497409,0.32242703,0.07011186,0.40089008,0.06646457,0.7013165,0.034321744,0.34912306,0.055530377,0.38320467,0.051374476
375316653866487564,4120109045565588096,0.48221663,2420.025913081859,2.1565436734932057,3.345594E-5,18.660006,0.003624587,null,null,null,null,null,null,null,null,null,null,null,null,0.08508041,0.005217428,0.2115447,0.0046155294,"ELLIPSOIDAL",4,3.9357831,null,null,null,null,null,null,null,null,null,null,null,null
375316653866487564,4120109114377899264,0.45248067,2377.6893186390685,0.07850419802473071,6.510098E-5,19.72569,0.02140496,0.38011217,0.0069436883,0.06715412,0.011854222,0.25907996,0.025130313,0.8397738,0.056235295,0.09301662,0.055537418,0.26935697,0.07514069,null,null,null,null,"TWOGAUSSIANS",8,3.3901799,0.8397738,0.056235295,0.4,0.13481186,0.26759124,0.076747775,0.38011217,0.00694383,0.37606305,0.060754485,0.2573156,0.023844061
375316653866487564,4120109423522529792,0.5819033,2379.6415420972003,3.144339441299037,4.9836226E-6,18.551914,0.011672868,0.22238365,0.0018767763,0.04402743,0.0052137426,0.2981311,0.03591346,0.72450566,0.0049912855,0.050321955,0.0054252376,0.36844954,0.049408823,0.13455985,0.02237138,0.22238365,0.0018767763,"TWOGAUSSIANS_WITH_ELLIPSOIDAL_ON_ECLIPSE1",9,4.8507953,0.72450566,0.0048970464,0.28180295,0.030381331,0.63751996,0.051020633,0.22238365,0.0018767763,0.2465536,0.029196959,0.56724936,0.027932305
375316653866487564,4120109492242059136,0.4485175,2426.074035057464,0.21051595084182917,4.793819E-5,19.240112,0.010923656,0.10760948,0.0031595668,0.026860576,0.004584457,0.31325936,0.041145865,0.8445385,0.019052515,0.07447852,0.015344032,0.1031103,0.019920884,null,null,null,null,"TWOGAUSSIANS",8,5.048938,0.10758948,0.00315591,0.15041922,0.025672957,0.3134609,0.04119714,0.8445385,0.019052515,0.4,0.042654566,0.1031103,0.019920884
375316653866487564,4120109560961637120,0.46413767,2442.7901359934804,2.9574245568084225,4.205529E-5,19.409237,0.042945173,0.29540193,0.007312412,0.07136818,0.012996927,0.4080978,0.03979886,0.8002713,0.010628827,0.08716448,0.0143363355,0.4112334,0.052850593,null,null,null,null,"TWOGAUSSIANS",8,6.963199,0.8002713,0.010628827,0.4,0.0,0.40611693,0.049891334,0.29540193,0.007312412,0.3996618,0.04519216,0.4029814,0.03719733
