Gaia/vari_eclipsing_binary/VariEclipsingBinary_669573-669598.csv
# %ECSV 1.0
# ---
# delimiter: ','
# meta: !!omap
# - RELEASE: Gaia DR3
# - TABLE: vari_eclipsing_binary
# - DESCRIPTION: >
#     This table describes the properties of the eclipsing binaries resulting from the variability analysis. 
# - CITATION: >
#     How to cite and acknowledge Gaia: 
#     https://gea.esac.esa.int/archive/documentation/credits.html 
# - KNOWN_ISSUES: >
#     Known issues: 
#     https://www.cosmos.esa.int/web/gaia-users/known-issues 
# - DOCUMENTATION: >
#     Tutorials and documentation: 
#     https://www.cosmos.esa.int/web/gaia-users/archive 
# datatype:
# - 
#   name: solution_id
#   datatype: int64
#   description: Solution Identifier
#   meta:
#     ucd: meta.version
# - 
#   name: source_id
#   datatype: int64
#   description: Unique source identifier
#   meta:
#     ucd: meta.id;meta.main
# - 
#   name: global_ranking
#   datatype: float32
#   description: Number between 0 (worst) and 1 (best)
#   meta:
#     ucd: stat.param
# - 
#   name: reference_time
#   datatype: float64
#   unit: d
#   description: Reference time used for the geometric model fit
#   meta:
#     ucd: time.epoch
# - 
#   name: frequency
#   datatype: float64
#   unit: d**-1
#   description: Frequency of geometric model of the eclipsing binary light curve
#   meta:
#     ucd: src.orbital
# - 
#   name: frequency_error
#   datatype: float32
#   unit: d**-1
#   description: "Uncertainty of \\texttt{frequency}"
#   meta:
#     ucd: stat.error
# - 
#   name: geom_model_reference_level
#   datatype: float32
#   unit: mag
#   description: Magnitude reference level of geometric model
#   meta:
#     ucd: phot.mag;em.opt
# - 
#   name: geom_model_reference_level_error
#   datatype: float32
#   unit: mag
#   description: "Uncertainty of \\texttt{geomModelReferenceLevel}"
#   meta:
#     ucd: stat.error;phot.mag;em.opt
# - 
#   name: geom_model_gaussian1_phase
#   datatype: float32
#   description: Phase of the Gaussian 1 component
#   meta:
#     ucd: time.phase
# - 
#   name: geom_model_gaussian1_phase_error
#   datatype: float32
#   description: "Uncertainty of \\texttt{geomModelGaussian1Phase}"
#   meta:
#     ucd: stat.error;time.phase
# - 
#   name: geom_model_gaussian1_sigma
#   datatype: float32
#   description: "Standard deviation [phase] of Gaussian 1 component"
#   meta:
#     ucd: stat.stdev
# - 
#   name: geom_model_gaussian1_sigma_error
#   datatype: float32
#   description: "Uncertainty of \\texttt{geomModelGaussian1Sigma}"
#   meta:
#     ucd: stat.error
# - 
#   name: geom_model_gaussian1_depth
#   datatype: float32
#   unit: mag
#   description: Magnitude depth of Gaussian 1 component
#   meta:
#     ucd: src.var.amplitude
# - 
#   name: geom_model_gaussian1_depth_error
#   datatype: float32
#   unit: mag
#   description: "Uncertainty of \\texttt{geomModelGaussian1Depth}"
#   meta:
#     ucd: stat.error;src.var.amplitude
# - 
#   name: geom_model_gaussian2_phase
#   datatype: float32
#   description: Phase of Gaussian 2 component
#   meta:
#     ucd: time.phase
# - 
#   name: geom_model_gaussian2_phase_error
#   datatype: float32
#   description: "Uncertainty of \\texttt{geomModelGaussian2Phase}"
#   meta:
#     ucd: stat.error;time.phase
# - 
#   name: geom_model_gaussian2_sigma
#   datatype: float32
[...]
#   datatype: float32
#   description: "Secondary eclipse: uncertainty of \\texttt{derivedSecondaryEclDuration}"
#   meta:
#     ucd: stat.error;time.duration
# - 
#   name: derived_secondary_ecl_depth
#   datatype: float32
#   unit: mag
#   description: "Secondary eclipse: depth"
#   meta:
#     ucd: src.var.amplitude
# - 
#   name: derived_secondary_ecl_depth_error
#   datatype: float32
#   unit: mag
#   description: "Secondary eclipse: uncertainty of \\texttt{derivedSecondaryEclDepth}"
#   meta:
#     ucd: stat.error;src.var.amplitude
solution_id,source_id,global_ranking,reference_time,frequency,frequency_error,geom_model_reference_level,geom_model_reference_level_error,geom_model_gaussian1_phase,geom_model_gaussian1_phase_error,geom_model_gaussian1_sigma,geom_model_gaussian1_sigma_error,geom_model_gaussian1_depth,geom_model_gaussian1_depth_error,geom_model_gaussian2_phase,geom_model_gaussian2_phase_error,geom_model_gaussian2_sigma,geom_model_gaussian2_sigma_error,geom_model_gaussian2_depth,geom_model_gaussian2_depth_error,geom_model_cosine_half_period_amplitude,geom_model_cosine_half_period_amplitude_error,geom_model_cosine_half_period_phase,geom_model_cosine_half_period_phase_error,model_type,num_model_parameters,reduced_chi2,derived_primary_ecl_phase,derived_primary_ecl_phase_error,derived_primary_ecl_duration,derived_primary_ecl_duration_error,derived_primary_ecl_depth,derived_primary_ecl_depth_error,derived_secondary_ecl_phase,derived_secondary_ecl_phase_error,derived_secondary_ecl_duration,derived_secondary_ecl_duration_error,derived_secondary_ecl_depth,derived_secondary_ecl_depth_error
[from data line 224]
375316653866487564,5889710681935962880,0.47755632,2156.3268113337635,0.6319173151430997,1.7092949E-5,17.433191,0.0030900994,0.18075123,0.027847236,0.03228723,0.074518844,0.029873317,377.25662,0.6706566,0.0015768551,0.020711854,0.0032275228,0.23087624,0.08585086,0.014412797,0.004798842,0.18075123,0.027847236,"TWOGAUSSIANS_WITH_ELLIPSOIDAL_ON_ECLIPSE1",9,3.6821644,0.6706966,0.0015287047,0.115986384,0.018074127,0.25958648,0.08610749,0.18075123,0.027847236,0.18080848,0.41730553,0.058698874,377.2634
375316653866487564,5889711025533491840,0.46098545,2102.7126130529637,3.7408847810495103,2.98594E-5,19.00087,0.09878814,0.23676914,0.009715941,0.12732776,0.03254203,0.2673751,0.095896006,0.72976243,0.010250437,0.14403285,0.041939393,0.3190152,0.092935085,null,null,null,null,"TWOGAUSSIANS",8,4.193008,0.72976243,0.010257248,0.4,0.0,0.21694316,0.02081883,0.23713914,0.009642939,0.4,0.0,0.16662121,0.017566469
375316653866487564,5889711025533501056,0.5569944,2144.581834103732,2.6748739233811585,1.8961488E-5,18.972618,0.018381575,0.20148672,0.006060841,0.087260425,0.0080043385,0.3718634,0.025409453,0.691831,0.0037327865,0.081680775,0.008094062,0.36095256,0.015871994,null,null,null,null,"TWOGAUSSIANS",8,2.8436038,0.20148672,0.006060841,0.4,0.0,0.3641243,0.024360247,0.691831,0.0037327865,0.4,0.0,0.35321352,0.012324228
375316653866487564,5889711231691721088,0.5270862,2179.6133548857597,0.4070755447567358,3.154675E-5,17.94218,0.0024728107,0.26626876,0.04122914,0.024735907,0.044106405,0.164019,0.19948056,0.771742,0.0054609035,0.018578425,0.003957652,0.20304064,0.01245087,null,null,null,null,"TWOGAUSSIANS",8,2.1684768,0.771742,0.0054609035,0.104039185,0.022162851,0.20304064,0.01245087,0.26626876,0.04122914,0.13852108,0.24699587,0.164019,0.19948056
375316653866487564,5889711364793944192,0.46436617,2147.725161302074,0.5052495173815512,4.6127934E-5,18.450953,0.0060919668,0.25545883,0.019735105,0.056133438,0.014594588,0.27092022,0.022717545,0.5531807,0.013544637,0.05924597,0.01099323,0.09686188,0.022549324,0.020796943,0.008214261,0.25545883,0.019735105,"TWOGAUSSIANS_WITH_ELLIPSOIDAL_ON_ECLIPSE1",9,11.6402235,0.25545883,0.01973507,0.31434724,0.081729695,0.31250122,0.02173564,0.5591207,0.013973477,0.33177745,0.061562087,0.10091515,0.023150507
375316653866487564,5889711850175353344,0.5631848,2198.6491339783606,1.5042922652795472,9.364909E-6,16.202948,0.015756976,0.2609081,0.002917789,0.109702274,0.01012662,0.16253325,0.013895878,0.768767,0.0045180046,0.11604621,0.013883679,0.10894597,0.015698472,null,null,null,null,"TWOGAUSSIANS",8,5.6094036,0.2608881,0.0029281531,0.4,0.0,0.14162517,0.0045912135,0.768787,0.0045267236,0.4,0.0,0.08802733,0.0035656393
375316653866487564,5889712193764579072,0.48108926,2180.9250097029067,3.761250472827012,5.9266276E-5,17.507547,0.009823154,0.15329225,0.04311029,0.053168043,0.116280824,0.042533178,5.896039,0.4881103,0.0043816953,0.011688239,0.0041130017,0.9699807,0.7154011,null,null,null,null,"TWOGAUSSIANS",8,10.168632,0.4881103,0.0043816953,0.06545413,0.023032809,0.9699807,0.71540344,0.15329225,0.04311029,0.29774106,0.36291865,0.042533178,5.8960395
375316653866487564,5889712262484079232,0.49281526,2099.416579336571,3.8756572170277623,2.0923213E-5,19.274153,0.0034114844,0.19129743,0.0030885949,0.031170396,0.01983859,0.023837687,0.01037962,null,null,null,null,null,null,0.09783644,0.005905972,0.19129743,0.0030885949,"ONEGAUSSIAN_WITH_ELLIPSOIDAL",6,1.4924296,0.19129743,0.0030885949,0.17455421,0.1110961,0.21951042,0.011030596,null,null,null,null,null,null
375316653866487564,5889712464306459776,0.49482965,2134.2576217151677,1.5836951063914675,1.8674922E-5,19.029423,0.0067968373,0.27577162,0.004325747,0.08483836,0.0051566786,0.1773768,0.009469255,0.7706287,0.0061827605,0.075034656,0.006272144,0.24282025,0.017487615,null,null,null,null,"TWOGAUSSIANS",8,1.7080208,0.7706287,0.0061827605,0.4,0.0,0.24003977,0.017619876,0.27577162,0.004325747,0.4,0.0,0.17459631,0.008943062
375316653866487564,5889713362003852032,0.4637386,2156.7545460059773,1.3946435954163174,1.1579148E-4,18.25428,0.0042989324,0.15378515,0.023846513,0.019958574,0.025314849,0.06221901,0.047856383,0.6592408,0.00784546,0.049548484,0.0137042785,0.084300295,0.023036325,null,null,null,null,"TWOGAUSSIANS",8,1.6290115,0.6592408,0.00784546,0.2774715,0.07674396,0.084300295,0.023036325,0.15378515,0.023846513,0.111768015,0.14176315,0.06221901,0.047856387
375316653866487564,5889713769974866176,0.56798756,2193.5683984021884,2.461869389306851,1.02561635E-5,16.4971,0.011607868,0.19858979,0.0037538835,0.08502032,0.005809144,0.30989885,0.015082132,0.69925815,0.005421027,0.09134295,0.007992172,0.27481073,0.010849044,null,null,null,null,"TWOGAUSSIANS",8,15.376509,0.19858979,0.0037538835,0.4,0.0,0.2995557,0.013914293,0.69925815,0.005421027,0.4,0.0,0.26446742,0.009251523
375316653866487564,5889714530228147584,0.5124425,2104.6520351751346,3.6328107913075502,4.3162214E-5,19.62662,0.017550413,0.2933908,0.008087767,0.0727701,0.010028881,0.45336574,0.048149403,0.7917635,0.0057800245,0.075005956,0.011864899,0.40776142,0.045613434,null,null,null,null,"TWOGAUSSIANS",8,3.0149562,0.2933908,0.008087767,0.4,0.016384715,0.45066255,0.04898187,0.7917635,0.0057800245,0.4,0.0111268405,0.40505823,0.04775885
375316653866487564,5889714667681766016,0.45248464,2101.32070396342,2.4262084587848274,1.8505036E-5,19.7042,0.058315497,0.2608744,0.01617336,0.10261001,0.052551687,0.18150242,0.04404774,0.7464951,0.004382885,0.10154286,0.015383119,0.35893893,0.04879454,null,null,null,null,"TWOGAUSSIANS",8,2.900337,0.7464951,0.004382885,0.4,0.0,0.3378641,0.01762359,0.2608844,0.016237943,0.4,0.0,0.16042931,0.036536753
375316653866487564,5889714908199930496,0.5775026,2149.337094655618,2.756769400019185,1.1324873E-5,17.934591,0.022774905,0.23662607,0.0027369107,0.05880242,0.0055797915,0.30777663,0.05434465,0.7333774,0.0024168282,0.06306423,0.0064773983,0.39800376,0.051838342,0.10162486,0.02573232,0.23662607,0.0027369107,"TWOGAUSSIANS_WITH_ELLIPSOIDAL_ON_ECLIPSE1",9,6.728843,0.7338274,0.0018606007,0.35315973,0.03627343,0.60101944,0.049706608,0.23662607,0.0027369107,0.32929355,0.031246834,0.5108653,0.02990474
375316653866487564,5889715423596059904,0.48909926,2181.158395024544,3.0181606384528976,2.8861039E-5,17.767437,0.051420573,0.24782184,0.010463435,0.08495258,0.023748966,0.1996879,0.04788579,0.74062645,0.02414909,0.10153525,0.051091667,0.18389507,0.041555498,null,null,null,null,"TWOGAUSSIANS",8,13.2311945,0.24782184,0.010486763,0.4,0.0,0.19028379,0.016782116,0.74062645,0.02414909,0.4,0.0,0.17448887,0.020842353
375316653866487564,5889715522322852608,0.4215516,2136.8855876570233,0.11402489689304758,4.17451E-5,18.73614,0.116952896,0.23516287,0.01887259,0.024178019,0.020428918,0.08383841,0.112381935,0.5299003,0.012834036,0.20474538,0.09774144,0.18726148,0.098283105,null,null,null,null,"TWOGAUSSIANS",8,8.317732,0.5299003,0.012834036,0.4,0.0,0.16827549,0.030366587,0.23843287,0.018596869,0.1353969,0.114401944,0.13253862,0.12190507
375316653866487564,5889715698459467136,0.5092234,2067.464429232126,3.4566483432176973,3.4727276E-5,19.654125,0.01795877,0.24122214,0.005340633,0.08767129,0.008005557,0.3887565,0.02926978,0.74319446,0.009369104,0.07999117,0.011926475,0.44225028,0.0396069,null,null,null,null,"TWOGAUSSIANS",8,2.2850077,0.74319446,0.009369104,0.4,0.0,0.43291336,0.041950747,0.24122214,0.005340633,0.4,0.0,0.37941954,0.028928699
375316653866487564,5889715767180629120,0.5026638,2153.767984545379,3.060549901704019,2.2629978E-5,18.919903,0.44020894,0.1812642,0.0047026877,0.12262847,0.04570794,0.3816371,0.39032698,0.68355095,0.005520202,0.13443714,0.07628252,0.36120752,0.420414,null,null,null,null,"TWOGAUSSIANS",8,2.9038935,0.1812142,0.0047224453,0.4,0.0,0.27263528,0.022829346,0.683571,0.0055250768,0.4,0.0,0.25167587,0.021231733
375316653866487564,5889715831559135744,0.4430316,2173.3837048464466,0.5870934530015496,1.7644208E-5,16.82657,0.0023089615,0.47568282,0.0033520153,0.026136728,0.0036249885,0.040679842,0.0041978657,0.82611746,0.010978496,0.015061129,0.011198794,0.1099466,0.061689213,null,null,null,null,"TWOGAUSSIANS",8,7.1828074,0.82611746,0.010978496,0.08434232,0.06271324,0.1099466,0.061689213,0.47568282,0.0033520153,0.14636569,0.020299936,0.040679842,0.0041978657
375316653866487564,5889716312600471936,0.527738,2130.030291946164,2.0334967208242465,1.1096965E-5,18.22528,0.01322353,0.26625502,0.0050550853,0.09400113,0.0075549157,0.22439253,0.0133421775,0.77246195,0.0042416714,0.104459465,0.009843298,0.19359587,0.012343135,null,null,null,null,"TWOGAUSSIANS",8,2.2234828,0.26625502,0.0050550853,0.4,0.0,0.20838892,0.008405792,0.77246195,0.0042416714,0.4,0.0,0.17758834,0.0068973666
375316653866487564,5889716316949296256,0.4936807,2112.586668720711,2.73181674900347,8.487722E-5,19.916233,0.030668614,0.2536214,0.01563395,0.06469747,0.028140323,0.33804783,0.055185266,0.75854564,0.012499221,0.07587254,0.015181083,0.2504904,0.039714225,null,null,null,null,"TWOGAUSSIANS",8,1.9948112,0.2536214,0.01563395,0.36230582,0.06659597,0.3371446,0.05521338,0.75854564,0.012499221,0.4,0.0,0.24958721,0.035587754
375316653866487564,5889716557454347136,0.45159194,2150.4756548080195,0.19751425949402626,5.4056112E-5,19.02974,0.12955225,0.17411251,0.015234534,0.09827999,0.028382922,0.3449166,0.12423577,0.66671443,0.018699989,0.12966119,0.05961836,0.3194959,0.08630781,null,null,null,null,"TWOGAUSSIANS",8,6.8026924,0.17418252,0.015442569,0.4,0.0,0.29059243,0.031546853,0.66671443,0.018699989,0.4,0.0,0.2647878,0.03886507
375316653866487564,5889716626172363008,0.43966308,2080.028552966736,1.2448975768355601,4.528421E-5,19.692537,0.011207888,0.22047025,0.032740925,0.08188864,0.016913956,0.11494807,0.031211738,0.7202934,0.012405308,0.05981962,0.009693053,0.32198575,0.018478325,null,null,null,null,"TWOGAUSSIANS",8,4.0083866,0.7202934,0.012405308,0.33498988,0.054281097,0.32130706,0.01827225,0.22047025,0.032740925,0.4,0.0,0.114269376,0.030863276
375316653866487564,5889716901057206656,0.58328974,2185.1762899944815,2.4995159957393995,8.280383E-6,17.298182,0.008154509,0.24741195,0.0084415525,0.04138481,0.008986934,0.1090015,0.019265587,0.7477885,0.0017500399,0.04644016,0.00421789,0.1365751,0.018545043,0.09918918,0.010376799,0.7477885,0.0017500399,"TWOGAUSSIANS_WITH_ELLIPSOIDAL_ON_ECLIPSE2",9,8.488965,0.7477885,0.0017500399,0.2600649,0.023620183,0.33495304,0.006769356,0.24748196,0.0066030696,0.23175494,0.05032683,0.30737856,0.009675306
375316653866487564,5889717343388520320,0.5288269,2164.582803096624,2.4244171012635363,2.0943817E-5,18.630613,0.017120123,0.33075443,0.013120588,0.102862224,0.02112624,0.12731229,0.017257264,0.8326102,0.0053147133,0.08250768,0.010152525,0.19572549,0.015587769,null,null,null,null,"TWOGAUSSIANS",8,1.6586549,0.8326102,0.0053147133,0.4,0.0,0.18794219,0.010094074,0.33075443,0.013120588,0.4,0.0,0.11952711,0.016461147
375316653866487564,5889717828763678464,0.4866606,2067.5092983474196,3.0056928803561664,2.7150809E-5,19.490257,0.18176627,0.29808107,0.009417708,0.12170837,0.030808834,0.48030186,0.1699694,0.76774716,0.006967495,0.13283136,0.037139762,0.37186897,0.17588672,null,null,null,null,"TWOGAUSSIANS",8,3.106278,0.29856107,0.008863911,0.4,0.0,0.38573834,0.041807752,0.76774716,0.006967495,0.4,0.0,0.27677277,0.03711671
375316653866487564,5889718241080700032,0.5772012,2119.9738805268944,2.676716152217944,5.9158724E-6,18.595598,0.0070583243,0.21370132,0.0015243486,0.07081203,0.0018917011,0.51742315,0.013118325,0.70473605,0.004301342,0.07955104,0.005797509,0.53623563,0.02866362,null,null,null,null,"TWOGAUSSIANS",8,2.702708,0.70473605,0.004301342,0.4,0.0,0.53281325,0.029571373,0.21370132,0.0015243486,0.39654738,0.010071092,0.5140008,0.012896249
375316653866487564,5889718584678260992,0.44828293,2137.032084084804,3.2324688505955157,2.6664078E-5,18.427244,0.01914203,0.3183294,0.014153034,0.062084686,0.017319817,0.18528397,0.019343881,0.811096,0.0051587885,0.07970253,0.013602929,0.195332,0.015641244,null,null,null,null,"TWOGAUSSIANS",8,12.952785,0.811096,0.0051587885,0.4,0.011271382,0.19470224,0.015310553,0.3183294,0.014153034,0.34767425,0.09005775,0.1846542,0.018392958
375316653866487564,5889719306238957824,0.44797227,2123.552365010253,0.3074848062641486,5.5491702E-5,19.107239,0.006753278,0.04585576,1.3826691E-4,0.016502902,0.0031651652,0.023555854,0.007949768,0.5714773,0.0028036034,0.025206806,0.004511717,0.36351007,0.050046496,null,null,null,null,"TWOGAUSSIANS",8,5.1365366,0.5714773,0.0028036034,0.14115812,0.025265614,0.36351007,0.050046496,0.04585576,1.3826691E-4,0.09241625,0.017724926,0.023555854,0.007949768
375316653866487564,5889719649830965120,0.64045346,2181.023256767145,0.7369080827801964,2.6646505E-6,16.975245,0.003269254,0.27922353,7.3608896E-4,0.034478832,8.2281703E-4,0.8256322,0.02633248,0.7789893,0.0070467484,0.034137134,0.0056521883,0.060524423,0.008733215,0.0087673925,0.0047286577,0.27922353,7.3608896E-4,"TWOGAUSSIANS_WITH_ELLIPSOIDAL_ON_ECLIPSE1",9,7.728311,0.27922353,7.3608896E-4,0.19308145,0.0046077752,0.84316695,0.02838284,0.7789993,0.0069897138,0.19116795,0.031652253,0.078059144,0.0067266277
375316653866487564,5889719752915718912,0.5284773,2194.1500928194373,2.20216434070133,1.6048469E-5,16.76076,0.013699051,0.2238421,0.0036550807,0.09205517,0.006829748,0.32534486,0.021959698,0.7140161,0.00505993,0.08905581,0.007952016,0.23945291,0.020224748,null,null,null,null,"TWOGAUSSIANS",8,28.346436,0.2238421,0.0036550807,0.4,0.0,0.31471407,0.022305088,0.7140161,0.00505993,0.4,0.0,0.22882234,0.01910646
375316653866487564,5889720577556967680,0.6311203,2197.649456632566,0.9088378303130175,3.7922052E-6,16.130463,0.0033088669,0.24130931,0.002048876,0.08683678,0.0019947032,0.38619143,0.0075615547,0.738251,9.112007E-4,0.089021824,0.002127388,0.2949879,0.0063001243,null,null,null,null,"TWOGAUSSIANS",8,7.550269,0.24130931,0.002048876,0.4,0.0,0.37494475,0.007740703,0.738251,9.112007E-4,0.4,0.0,0.2837412,0.0068758396
375316653866487564,5889720818067695744,0.49264637,2203.2873427203795,0.7852681756867426,3.3030537E-5,16.981852,0.004216339,0.24196851,0.007361147,0.06848857,0.009689578,0.09349825,0.008303639,0.727246,0.014360215,0.07105343,0.015646443,0.038394656,0.011675849,null,null,null,null,"TWOGAUSSIANS",8,8.454489,0.24196851,0.007361147,0.38353598,0.05189218,0.09336742,0.008312954,0.727246,0.014360215,0.3978992,0.0730298,0.038263828,0.011705602
375316653866487564,5889720916805163392,0.57332724,2184.9521545633625,2.2876893584099207,6.9596945E-6,18.03589,0.007418206,0.2725517,0.0013815898,0.0909059,0.004179386,0.2559286,0.0070400774,0.7766707,0.0034981302,0.100827,0.006607167,0.21550971,0.0067315497,null,null,null,null,"TWOGAUSSIANS",8,1.7380679,0.2725517,0.0013815898,0.4,0.0,0.24122585,0.006644803,0.7766707,0.0034981302,0.4,0.0,0.20080511,0.005588448
375316653866487564,5889722536048773632,0.49600753,2119.442700973553,3.9561583119773367,1.5206093E-5,19.734825,0.054134086,0.19829254,0.0118911,0.09560317,0.024923595,0.33756775,0.04935665,0.6969822,0.0042029177,0.09657243,0.014528524,0.4225064,0.04248044,null,null,null,null,"TWOGAUSSIANS",8,2.1186252,0.6969822,0.0042029177,0.4,0.0,0.39737013,0.018787337,0.19829254,0.0118911,0.4,0.0,0.31243202,0.04490707
375316653866487564,5889723601153814400,0.4988114,2159.158026550183,2.8238688296307837,2.571218E-5,19.738838,0.015871366,0.16432476,0.005527998,0.061800033,0.005824749,0.32775706,0.029460281,0.6493953,0.0048154225,0.085394755,0.006775482,0.49431345,0.025711553,null,null,null,null,"TWOGAUSSIANS",8,2.4496624,0.6493953,0.0048154225,0.4,0.0,0.49250615,0.025836134,0.16432476,0.005527998,0.34608018,0.032618593,0.32594982,0.029120723
