Gaia/vari_eclipsing_binary/VariEclipsingBinary_660032-660183.csv
# %ECSV 1.0
# ---
# delimiter: ','
# meta: !!omap
# - RELEASE: Gaia DR3
# - TABLE: vari_eclipsing_binary
# - DESCRIPTION: >
#     This table describes the properties of the eclipsing binaries resulting from the variability analysis. 
# - CITATION: >
#     How to cite and acknowledge Gaia: 
#     https://gea.esac.esa.int/archive/documentation/credits.html 
# - KNOWN_ISSUES: >
#     Known issues: 
#     https://www.cosmos.esa.int/web/gaia-users/known-issues 
# - DOCUMENTATION: >
#     Tutorials and documentation: 
#     https://www.cosmos.esa.int/web/gaia-users/archive 
# datatype:
# - 
#   name: solution_id
#   datatype: int64
#   description: Solution Identifier
#   meta:
#     ucd: meta.version
# - 
#   name: source_id
#   datatype: int64
#   description: Unique source identifier
#   meta:
#     ucd: meta.id;meta.main
# - 
#   name: global_ranking
#   datatype: float32
#   description: Number between 0 (worst) and 1 (best)
#   meta:
#     ucd: stat.param
# - 
#   name: reference_time
#   datatype: float64
#   unit: d
#   description: Reference time used for the geometric model fit
#   meta:
#     ucd: time.epoch
# - 
#   name: frequency
#   datatype: float64
#   unit: d**-1
#   description: Frequency of geometric model of the eclipsing binary light curve
#   meta:
#     ucd: src.orbital
# - 
#   name: frequency_error
#   datatype: float32
#   unit: d**-1
#   description: "Uncertainty of \\texttt{frequency}"
#   meta:
#     ucd: stat.error
# - 
#   name: geom_model_reference_level
#   datatype: float32
#   unit: mag
#   description: Magnitude reference level of geometric model
#   meta:
#     ucd: phot.mag;em.opt
# - 
#   name: geom_model_reference_level_error
#   datatype: float32
#   unit: mag
#   description: "Uncertainty of \\texttt{geomModelReferenceLevel}"
#   meta:
#     ucd: stat.error;phot.mag;em.opt
# - 
#   name: geom_model_gaussian1_phase
#   datatype: float32
#   description: Phase of the Gaussian 1 component
#   meta:
#     ucd: time.phase
# - 
#   name: geom_model_gaussian1_phase_error
#   datatype: float32
#   description: "Uncertainty of \\texttt{geomModelGaussian1Phase}"
#   meta:
#     ucd: stat.error;time.phase
# - 
#   name: geom_model_gaussian1_sigma
#   datatype: float32
#   description: "Standard deviation [phase] of Gaussian 1 component"
#   meta:
#     ucd: stat.stdev
# - 
#   name: geom_model_gaussian1_sigma_error
#   datatype: float32
#   description: "Uncertainty of \\texttt{geomModelGaussian1Sigma}"
#   meta:
#     ucd: stat.error
# - 
#   name: geom_model_gaussian1_depth
#   datatype: float32
#   unit: mag
#   description: Magnitude depth of Gaussian 1 component
#   meta:
#     ucd: src.var.amplitude
# - 
#   name: geom_model_gaussian1_depth_error
#   datatype: float32
#   unit: mag
#   description: "Uncertainty of \\texttt{geomModelGaussian1Depth}"
#   meta:
#     ucd: stat.error;src.var.amplitude
# - 
#   name: geom_model_gaussian2_phase
#   datatype: float32
#   description: Phase of Gaussian 2 component
#   meta:
#     ucd: time.phase
# - 
#   name: geom_model_gaussian2_phase_error
#   datatype: float32
#   description: "Uncertainty of \\texttt{geomModelGaussian2Phase}"
#   meta:
#     ucd: stat.error;time.phase
# - 
#   name: geom_model_gaussian2_sigma
#   datatype: float32
[...]
#   datatype: float32
#   description: "Secondary eclipse: uncertainty of \\texttt{derivedSecondaryEclDuration}"
#   meta:
#     ucd: stat.error;time.duration
# - 
#   name: derived_secondary_ecl_depth
#   datatype: float32
#   unit: mag
#   description: "Secondary eclipse: depth"
#   meta:
#     ucd: src.var.amplitude
# - 
#   name: derived_secondary_ecl_depth_error
#   datatype: float32
#   unit: mag
#   description: "Secondary eclipse: uncertainty of \\texttt{derivedSecondaryEclDepth}"
#   meta:
#     ucd: stat.error;src.var.amplitude
solution_id,source_id,global_ranking,reference_time,frequency,frequency_error,geom_model_reference_level,geom_model_reference_level_error,geom_model_gaussian1_phase,geom_model_gaussian1_phase_error,geom_model_gaussian1_sigma,geom_model_gaussian1_sigma_error,geom_model_gaussian1_depth,geom_model_gaussian1_depth_error,geom_model_gaussian2_phase,geom_model_gaussian2_phase_error,geom_model_gaussian2_sigma,geom_model_gaussian2_sigma_error,geom_model_gaussian2_depth,geom_model_gaussian2_depth_error,geom_model_cosine_half_period_amplitude,geom_model_cosine_half_period_amplitude_error,geom_model_cosine_half_period_phase,geom_model_cosine_half_period_phase_error,model_type,num_model_parameters,reduced_chi2,derived_primary_ecl_phase,derived_primary_ecl_phase_error,derived_primary_ecl_duration,derived_primary_ecl_duration_error,derived_primary_ecl_depth,derived_primary_ecl_depth_error,derived_secondary_ecl_phase,derived_secondary_ecl_phase_error,derived_secondary_ecl_duration,derived_secondary_ecl_duration_error,derived_secondary_ecl_depth,derived_secondary_ecl_depth_error
[from data line 357]
375316653866487564,5806725076154420992,0.63188154,2262.913221454869,3.5273131204817365,3.999329E-6,16.479918,0.009254387,0.20391664,0.0012204691,0.048444916,0.0038236028,0.2292119,0.018836156,0.70163476,0.0032532571,0.044933133,0.0055939183,0.17400676,0.023619121,0.08756414,0.011629157,0.20391664,0.0012204691,"TWOGAUSSIANS_WITH_ELLIPSOIDAL_ON_ECLIPSE1",9,11.647053,0.20391664,0.0012204691,0.27129152,0.021412177,0.40433976,0.0067958697,0.7019547,0.0028203453,0.25162554,0.031325944,0.3491036,0.014435169
375316653866487564,5806725484170499712,0.5210387,2274.4337431531703,0.7515691440490521,6.239082E-6,19.230532,0.004668703,0.36230978,2.0133563E-4,0.009686325,3.3467155E-4,0.9784124,0.059696782,0.7586201,0.009402325,0.024298802,0.0077225347,0.2319199,0.2907944,null,null,null,null,"TWOGAUSSIANS",8,2.2672977,0.36230978,2.0133563E-4,0.054243416,0.0018741607,0.9784124,0.059696782,0.7586201,0.009402325,0.13607329,0.043246195,0.2319199,0.2907944
375316653866487564,5806727893645820672,0.60719305,2253.175409485956,3.5137156155202387,4.942884E-6,17.894917,0.005791374,0.3005677,0.0010347465,0.04483525,0.002081429,0.415814,0.018893542,0.8029433,0.0027733396,0.04284411,0.0035182664,0.29886976,0.024906496,0.13001426,0.012352311,0.3005677,0.0010347465,"TWOGAUSSIANS_WITH_ELLIPSOIDAL_ON_ECLIPSE1",9,6.5524487,0.3005677,0.0010347465,0.2510774,0.011656002,0.67584246,0.016593603,0.8029433,0.0027733396,0.23992701,0.019702293,0.5588403,0.022853687
375316653866487564,5806733459925109632,0.5217672,2211.5660518400805,3.7053658320203207,7.2524404E-6,19.84342,0.016248334,0.2234978,0.002715045,0.07942441,0.004762036,0.41307685,0.014886657,0.7210228,0.0025797435,0.07967947,0.0040500546,0.37900105,0.023152972,null,null,null,null,"TWOGAUSSIANS",8,1.4839238,0.2234978,0.002715045,0.4,0.0,0.40767515,0.013097959,0.7210228,0.0025797435,0.4,0.0,0.37359935,0.022130746
375316653866487564,5806736311788732032,0.5388443,2250.4501675978863,2.360215970373104,1.0104161E-5,15.970038,0.19701734,0.28505957,0.0028545551,0.15848999,0.08376922,0.1563804,0.19182263,0.78116053,0.0033330768,0.13691829,0.04292474,0.17044969,0.16789787,null,null,null,null,"TWOGAUSSIANS",8,5.8774285,0.78116053,0.0033330768,0.4,0.0,0.09709112,0.0032064165,0.28524956,0.0026884,0.4,0.0,0.081293665,0.0038558652
375316653866487564,5806740602452679936,0.60921925,2227.3051393506153,3.5023577444720297,3.470972E-6,17.958563,0.003836877,0.27992466,0.0017853287,0.070270546,0.0019629756,0.5356217,0.014450267,0.78334993,0.0013379013,0.07122836,0.00264586,0.43542606,0.010285736,null,null,null,null,"TWOGAUSSIANS",8,4.583535,0.27992466,0.0017853287,0.39351508,0.010992663,0.5339008,0.014572973,0.78334993,0.0013379013,0.39887884,0.011261594,0.43370515,0.010534684
375316653866487564,5806742354803129216,0.45806837,2256.9712755913497,3.2851922519549417,4.4721666E-5,18.609123,0.022021702,0.18562177,0.007816199,0.10511255,0.017530521,0.20068033,0.020294057,0.6782473,0.006555886,0.05062533,0.022196995,0.14991507,0.028898342,null,null,null,null,"TWOGAUSSIANS",8,7.884737,0.18562177,0.007816199,0.4,0.0,0.19898373,0.018862367,0.6782473,0.006555886,0.28350186,0.12430317,0.14822364,0.03134326
375316653866487564,5806742633980467200,0.52245957,2262.2838658529904,3.604104635986346,1.4731538E-5,17.313667,0.010726656,0.23489042,0.0054294025,0.097001284,0.009448798,0.18023905,0.011117512,0.7269344,0.0047118035,0.09781456,0.008573532,0.18330301,0.0108857155,null,null,null,null,"TWOGAUSSIANS",8,8.548283,0.7269344,0.0047118035,0.4,0.0,0.1711611,0.007955736,0.23489042,0.0054294025,0.4,0.0,0.16809732,0.008503501
375316653866487564,5806746722789368064,0.43934894,2228.3054083554052,0.3538990039390347,1.1447898E-4,15.400262,0.004349707,0.29440454,0.051555876,0.04360546,0.05869415,0.09406989,0.10978591,0.91977483,0.0038526952,0.01838659,0.0028926334,0.26184252,0.030283295,null,null,null,null,"TWOGAUSSIANS",8,37.58289,0.91977483,0.0038526952,0.1029649,0.016198749,0.26184252,0.030283334,0.29440454,0.051555876,0.24419059,0.26547158,0.09406989,0.109785914
375316653866487564,5806746890289001600,0.51032114,2233.5643204303756,3.482733030827377,1.5777085E-5,16.873188,0.037139706,0.2503456,0.0062275203,0.107968464,0.02026561,0.19454521,0.03532327,0.7614736,0.0045660706,0.11639733,0.019783562,0.19595857,0.034917317,null,null,null,null,"TWOGAUSSIANS",8,17.044184,0.76148355,0.0045738094,0.4,0.0,0.1668356,0.0075655445,0.25031558,0.0062886206,0.4,0.0,0.16545442,0.0072931065
375316653866487564,5806748612568357504,0.41727385,2323.899779142919,3.8100280823550206,6.189827E-5,18.172653,0.0242709,0.24554554,0.008221311,0.027679393,0.0155542195,0.1907849,0.08441363,0.5567559,0.006522977,0.031347197,0.0069158333,0.45765287,0.054072578,null,null,null,null,"TWOGAUSSIANS",8,15.668066,0.5567559,0.006522977,0.1755443,0.038728666,0.45765287,0.054072578,0.24554554,0.008221311,0.1550046,0.087103635,0.1907849,0.08441363
375316653866487564,5806752353483229440,0.47381693,2242.89982313184,0.039694983916992846,3.2761738E-5,18.5161,0.0051396657,0.23834564,0.0036045872,0.054006774,0.010261893,0.1042012,0.044804454,0.74142855,0.002871222,0.012193643,0.0036133775,0.37667975,0.6778636,0.0826728,0.0076936902,0.23834564,0.0036045872,"TWOGAUSSIANS_WITH_ELLIPSOIDAL_ON_ECLIPSE1",9,6.3679743,0.74142855,0.002871222,0.0682844,0.020234914,0.5419609,0.67854565,0.23834564,0.0036045872,0.30243793,0.057466604,0.26954436,0.043925606
375316653866487564,5806760157447756416,0.58619887,2264.409338260057,2.3110535128465735,4.9372497E-6,15.196581,0.0043192725,0.24686103,0.0049026674,0.045136813,0.0050508007,0.061635625,0.013347869,0.73379695,0.001319074,0.051242284,0.0040193726,0.09457499,0.011542101,0.100319125,0.0067271735,0.73379695,0.001319074,"TWOGAUSSIANS_WITH_ELLIPSOIDAL_ON_ECLIPSE2",9,42.22313,0.73379695,0.001319074,0.2869568,0.022508487,0.29521233,0.006977996,0.24236102,0.00332868,0.25276616,0.028284485,0.26138702,0.0060477196
375316653866487564,5806761119511696384,0.4767912,2258.3683662395397,1.0901353802247675,1.4418548E-5,16.972593,0.25561976,0.2512382,0.0092841,0.18923408,0.07685043,0.25965846,0.24680929,0.770646,0.01468268,0.16170894,0.04676966,0.21057679,0.208022,null,null,null,null,"TWOGAUSSIANS",8,4.886744,0.2474882,0.005313507,0.4,0.0,0.10607082,0.010076601,0.780246,0.0061196582,0.4,0.0,0.06976546,0.012742871
375316653866487564,5806762700059767680,0.58683825,2255.307028903898,3.574609035461765,4.2712622E-6,19.371195,0.008542429,0.24272238,0.001347829,0.04457287,0.0028459595,0.54231817,0.018612614,0.7449402,0.0040487647,0.044546574,0.0052374196,0.41388753,0.03360982,0.13683575,0.0119222,0.24272238,0.001347829,"TWOGAUSSIANS_WITH_ELLIPSOIDAL_ON_ECLIPSE1",9,1.7178156,0.24272238,0.001347829,0.24960808,0.015937373,0.81598896,0.015427176,0.7449402,0.0040487647,0.24946082,0.02932955,0.68750525,0.034760255
375316653866487564,5806763005005412608,0.5735756,2286.3674041642744,3.506620688661663,8.450568E-6,18.343939,0.005555415,0.26642495,0.003263149,0.0699778,0.00333636,0.50014114,0.023849906,0.7657147,0.0036192047,0.08137347,0.005047105,0.48332295,0.031583603,null,null,null,null,"TWOGAUSSIANS",8,6.4597883,0.26642495,0.003263149,0.39187568,0.017980564,0.49602783,0.024129357,0.7657147,0.0036192047,0.4,0.0,0.47920963,0.032557614
375316653866487564,5806764997870469632,0.56510115,2240.536646063081,3.8931504937302317,8.034857E-6,19.38816,0.01150589,0.29016492,0.0020404453,0.048818067,0.0054491083,0.35529277,0.034458328,0.7865361,0.002490217,0.046767835,0.0033364187,0.4166551,0.037756138,0.12222896,0.01696938,0.29016492,0.0020404453,"TWOGAUSSIANS_WITH_ELLIPSOIDAL_ON_ECLIPSE1",9,2.2648005,0.78686607,0.0022087838,0.2618999,0.018683944,0.6609966,0.03199812,0.29016492,0.0020404453,0.27338117,0.030515006,0.5997497,0.033726692
375316653866487564,5806765100949779456,0.5132163,2263.8757100111216,3.4855951873162896,1.5563055E-5,17.359224,0.01841887,0.23943305,0.005076675,0.11328624,0.0136547685,0.17087738,0.017399957,0.74463785,0.0046660523,0.09738728,0.013219362,0.18416856,0.014894924,null,null,null,null,"TWOGAUSSIANS",8,8.22561,0.74464786,0.004675068,0.4,0.0,0.16431823,0.01109832,0.23943305,0.005076675,0.4,0.0,0.15100725,0.0066372445
375316653866487564,5806765483207289984,0.46656263,2263.0602872303675,3.484726764875474,2.6471036E-5,17.353727,0.02792938,0.2739055,0.012707824,0.13753013,0.05439682,0.053033218,0.027812773,0.76481736,0.0070313257,0.10156153,0.023471443,0.07833451,0.025870454,null,null,null,null,"TWOGAUSSIANS",8,2.628859,0.76481736,0.0070313257,0.4,0.0,0.06585906,0.00498585,0.27391547,0.012697574,0.4,0.0,0.04041183,0.0034753731
375316653866487564,5806769606375850752,0.5972197,2247.5338157860397,3.3280397017172842,8.549106E-6,17.236876,0.02638315,0.25793353,0.004106111,0.06327759,0.0076300865,0.38026875,0.0553915,0.7531349,0.0016915358,0.056189127,0.0057113604,0.36128795,0.052528426,0.07145117,0.029118845,0.25793353,0.004106111,"TWOGAUSSIANS_WITH_ELLIPSOIDAL_ON_ECLIPSE1",9,22.610535,0.25793353,0.004106111,0.35435447,0.042728484,0.52300656,0.020452525,0.7535649,0.0014144166,0.31465912,0.031983618,0.50390756,0.011396684
375316653866487564,5806772660088468736,0.6034033,2253.126561841656,2.0314753450643686,7.284442E-6,17.723646,0.0066059427,0.2524673,0.003939582,0.09411264,0.0035963056,0.316517,0.012913498,0.7544199,0.0014806706,0.081079915,0.002467193,0.4232011,0.007363518,null,null,null,null,"TWOGAUSSIANS",8,4.756303,0.7544199,0.0014806706,0.4,0.0,0.41132778,0.0069544404,0.2524673,0.003939582,0.4,0.0,0.3046432,0.012273404
375316653866487564,5806772664392672896,0.5861135,2233.5179536135693,2.7730293795572947,8.73898E-6,16.321783,0.035745867,0.1566948,0.0032146347,0.051582314,0.015282838,0.23789586,0.0734163,0.6501373,0.0035762426,0.06831726,0.012956128,0.2713853,0.069860704,0.11305362,0.03929797,0.1566948,0.0032146347,"TWOGAUSSIANS_WITH_ELLIPSOIDAL_ON_ECLIPSE1",9,41.315895,0.65167725,0.002578766,0.3825766,0.06767516,0.49696428,0.014429689,0.1566948,0.0032146347,0.28886098,0.08558389,0.46376845,0.016072141
375316653866487564,5806775516251019648,0.50429153,2273.294215614149,1.266157354194398,4.028368E-5,17.252842,0.007333003,0.33162484,0.001069117,0.020370446,0.0014585541,0.37993693,0.029874772,0.8352579,0.057968948,0.017959384,0.0080241645,0.43903446,0.35943612,null,null,null,null,"TWOGAUSSIANS",8,59.070766,0.8352579,0.057968948,0.10057255,0.04493532,0.43903446,0.35943612,0.33162484,0.001069117,0.114074506,0.008167903,0.37993693,0.029874772
375316653866487564,5806776886340356992,0.54355925,2248.9321336192406,4.043072724802533,6.1480573E-6,19.722721,0.0059620976,0.32379583,0.0039445483,0.020626679,0.0069596716,0.19364445,0.18965763,0.83405846,0.032132477,0.04018492,0.019886682,0.158452,0.09807142,0.1456513,0.008548005,0.32379583,0.0039445483,"TWOGAUSSIANS_WITH_ELLIPSOIDAL_ON_ECLIPSE1",9,1.3234812,0.32379583,0.0039445483,0.115509406,0.038974162,0.4849465,0.19500448,0.83405846,0.03168831,0.22503555,0.11136542,0.4485445,0.1072348
375316653866487564,5806777921432699136,0.543092,2258.4893897911775,2.5449609264785273,1.306949E-5,16.798536,0.010816351,0.29376113,0.013385352,0.067465186,0.010768403,0.14561234,0.026152909,0.7738241,0.0043317457,0.048841547,0.008143274,0.09782899,0.03339467,0.11013897,0.0146019785,0.7738241,0.0043317457,"TWOGAUSSIANS_WITH_ELLIPSOIDAL_ON_ECLIPSE2",9,34.84685,0.28673112,0.008262358,0.37780505,0.05587738,0.3636066,0.016435748,0.7738241,0.0043317457,0.27351266,0.045602333,0.31805718,0.021066133
375316653866487564,5806778608627451264,0.5990112,2235.0126625212793,2.3256384189067916,4.549588E-6,16.893166,0.005501661,0.24904586,0.0026684187,0.10118844,0.0072837835,0.18923293,0.0057063694,0.74547637,0.0012521126,0.0864265,0.0025550337,0.25179955,0.00552885,null,null,null,null,"TWOGAUSSIANS",8,3.8664668,0.74547637,0.0012521126,0.4,0.0,0.24011222,0.003960714,0.24904586,0.0026684187,0.4,0.0,0.1775437,0.0074029616
375316653866487564,5806783625149395072,0.6211655,2266.6360139428407,0.2474719107889806,1.3587181E-6,14.4832945,7.91968E-4,0.11996128,0.053870343,0.020185852,0.008164934,0.14308225,0.13634679,0.36231863,6.335404E-4,0.009191284,6.29464E-4,0.4117036,0.043588944,0.0029130862,0.0018492797,0.36231863,6.335404E-4,"TWOGAUSSIANS_WITH_ELLIPSOIDAL_ON_ECLIPSE2",9,23.554138,0.36231863,6.335404E-4,0.051471192,0.0035249984,0.41752973,0.043968733,0.11997128,0.055127382,0.113040775,0.045723632,0.14309564,0.1356085
375316653866487564,5806786373920042752,0.4184298,2225.3883992179112,0.6827902559044559,1.2390331E-5,16.275515,0.98783094,0.21692663,0.005023482,0.23322874,0.10463398,1.1902136,0.97759503,0.7198656,0.013353913,0.14753869,0.044597134,1.0241477,0.60017014,null,null,null,null,"TWOGAUSSIANS",8,55.25992,0.7213556,0.012398574,0.4,0.0,0.3522426,0.028389338,0.21642663,0.0054326835,0.4,0.0,0.2858907,0.029859787
375316653866487564,5806787026763390848,0.6049269,2234.926546946361,2.7499487283855695,5.610407E-6,16.794138,0.005420258,0.2332629,0.0015739978,0.08922617,0.0023026504,0.31275922,0.0061598965,0.7322622,0.0021731195,0.0871691,0.004056027,0.30885646,0.01072371,null,null,null,null,"TWOGAUSSIANS",8,7.4411645,0.2332629,0.0015739978,0.4,0.0,0.30174828,0.005175061,0.7322622,0.0021731195,0.4,0.0,0.29784557,0.011968375
375316653866487564,5806794620267447936,0.49983153,2243.300209392846,2.5368997915645894,1.4107745E-5,19.035595,0.017632324,0.27892756,0.0037660776,0.03265523,0.0030877287,0.51547784,0.023635918,0.7923514,0.002826533,0.045961592,0.0030157175,0.47903225,0.021483632,null,null,null,null,"TWOGAUSSIANS",8,13.177073,0.27892756,0.0037660776,0.1828693,0.017291281,0.51547784,0.023635918,0.7923514,0.002826533,0.25738493,0.016888017,0.47903225,0.021483632
375316653866487564,5806796097734901888,0.55238146,2264.0789159716414,2.3059529383796025,2.0948397E-5,17.700205,0.024371319,0.2996883,0.013040066,0.04245949,0.04207925,0.14430062,0.053970765,0.785783,0.009427643,0.0298905,0.0066857273,0.6889353,0.11149744,0.013996494,0.030413464,0.2996883,0.013040066,"TWOGAUSSIANS_WITH_ELLIPSOIDAL_ON_ECLIPSE1",9,17.88391,0.785823,0.009386973,0.1673868,0.037440073,0.7167157,0.0797562,0.2996883,0.013040066,0.23777315,0.23564382,0.17229359,0.099713385
375316653866487564,5806799048368201216,0.5751001,2266.4392013342162,2.9075254614803807,5.077771E-6,17.68871,0.0054961317,0.17123233,0.0012230946,0.090089686,0.0026242377,0.30674195,0.008186768,0.67218983,0.0027273605,0.10001664,0.0038757348,0.25155732,0.008889877,null,null,null,null,"TWOGAUSSIANS",8,2.5330715,0.17123233,0.0012230946,0.4,0.0,0.289635,0.008611944,0.67218983,0.0027273605,0.4,0.0,0.23444861,0.008704841
375316653866487564,5806801938890501504,0.5988141,2265.946500986718,1.4442020385406413,1.1328838E-5,17.112923,0.0063873604,0.23507433,0.005087259,0.04056422,0.008507376,0.15847234,0.18376252,0.72922814,0.0012384244,0.035139572,0.00136113,1.1930171,0.07308454,0.03925848,0.01100328,0.23507433,0.005087259,"TWOGAUSSIANS_WITH_ELLIPSOIDAL_ON_ECLIPSE1",9,45.38285,0.72926813,0.0012240434,0.1967816,0.007622328,1.271429,0.07489027,0.23507433,0.005087259,0.22715962,0.047641303,0.23698927,0.18481553
375316653866487564,5806802419928153984,0.48443022,2268.18241998701,3.070926965127709,6.431514E-5,15.614388,0.0132173,0.27415296,0.034349617,0.079213075,0.043200325,0.08892873,0.01451159,0.7466424,0.0065232553,0.064466886,0.0066695246,0.33253515,0.016961753,null,null,null,null,"TWOGAUSSIANS",8,275.62598,0.7466424,0.0065232553,0.36101454,0.03734934,0.3321654,0.016219057,0.27415296,0.034349617,0.4,0.03454245,0.08855898,0.014359554
