Gaia/vari_eclipsing_binary/VariEclipsingBinary_672737-672787.csv
# %ECSV 1.0
# ---
# delimiter: ','
# meta: !!omap
# - RELEASE: Gaia DR3
# - TABLE: vari_eclipsing_binary
# - DESCRIPTION: >
#     This table describes the properties of the eclipsing binaries resulting from the variability analysis. 
# - CITATION: >
#     How to cite and acknowledge Gaia: 
#     https://gea.esac.esa.int/archive/documentation/credits.html 
# - KNOWN_ISSUES: >
#     Known issues: 
#     https://www.cosmos.esa.int/web/gaia-users/known-issues 
# - DOCUMENTATION: >
#     Tutorials and documentation: 
#     https://www.cosmos.esa.int/web/gaia-users/archive 
# datatype:
# - 
#   name: solution_id
#   datatype: int64
#   description: Solution Identifier
#   meta:
#     ucd: meta.version
# - 
#   name: source_id
#   datatype: int64
#   description: Unique source identifier
#   meta:
#     ucd: meta.id;meta.main
# - 
#   name: global_ranking
#   datatype: float32
#   description: Number between 0 (worst) and 1 (best)
#   meta:
#     ucd: stat.param
# - 
#   name: reference_time
#   datatype: float64
#   unit: d
#   description: Reference time used for the geometric model fit
#   meta:
#     ucd: time.epoch
# - 
#   name: frequency
#   datatype: float64
#   unit: d**-1
#   description: Frequency of geometric model of the eclipsing binary light curve
#   meta:
#     ucd: src.orbital
# - 
#   name: frequency_error
#   datatype: float32
#   unit: d**-1
#   description: "Uncertainty of \\texttt{frequency}"
#   meta:
#     ucd: stat.error
# - 
#   name: geom_model_reference_level
#   datatype: float32
#   unit: mag
#   description: Magnitude reference level of geometric model
#   meta:
#     ucd: phot.mag;em.opt
# - 
#   name: geom_model_reference_level_error
#   datatype: float32
#   unit: mag
#   description: "Uncertainty of \\texttt{geomModelReferenceLevel}"
#   meta:
#     ucd: stat.error;phot.mag;em.opt
# - 
#   name: geom_model_gaussian1_phase
#   datatype: float32
#   description: Phase of the Gaussian 1 component
#   meta:
#     ucd: time.phase
# - 
#   name: geom_model_gaussian1_phase_error
#   datatype: float32
#   description: "Uncertainty of \\texttt{geomModelGaussian1Phase}"
#   meta:
#     ucd: stat.error;time.phase
# - 
#   name: geom_model_gaussian1_sigma
#   datatype: float32
#   description: "Standard deviation [phase] of Gaussian 1 component"
#   meta:
#     ucd: stat.stdev
# - 
#   name: geom_model_gaussian1_sigma_error
#   datatype: float32
#   description: "Uncertainty of \\texttt{geomModelGaussian1Sigma}"
#   meta:
#     ucd: stat.error
# - 
#   name: geom_model_gaussian1_depth
#   datatype: float32
#   unit: mag
#   description: Magnitude depth of Gaussian 1 component
#   meta:
#     ucd: src.var.amplitude
# - 
#   name: geom_model_gaussian1_depth_error
#   datatype: float32
#   unit: mag
#   description: "Uncertainty of \\texttt{geomModelGaussian1Depth}"
#   meta:
#     ucd: stat.error;src.var.amplitude
# - 
#   name: geom_model_gaussian2_phase
#   datatype: float32
#   description: Phase of Gaussian 2 component
#   meta:
#     ucd: time.phase
# - 
#   name: geom_model_gaussian2_phase_error
#   datatype: float32
#   description: "Uncertainty of \\texttt{geomModelGaussian2Phase}"
#   meta:
#     ucd: stat.error;time.phase
# - 
#   name: geom_model_gaussian2_sigma
#   datatype: float32
[...]
#   datatype: float32
#   description: "Secondary eclipse: uncertainty of \\texttt{derivedSecondaryEclDuration}"
#   meta:
#     ucd: stat.error;time.duration
# - 
#   name: derived_secondary_ecl_depth
#   datatype: float32
#   unit: mag
#   description: "Secondary eclipse: depth"
#   meta:
#     ucd: src.var.amplitude
# - 
#   name: derived_secondary_ecl_depth_error
#   datatype: float32
#   unit: mag
#   description: "Secondary eclipse: uncertainty of \\texttt{derivedSecondaryEclDepth}"
#   meta:
#     ucd: stat.error;src.var.amplitude
solution_id,source_id,global_ranking,reference_time,frequency,frequency_error,geom_model_reference_level,geom_model_reference_level_error,geom_model_gaussian1_phase,geom_model_gaussian1_phase_error,geom_model_gaussian1_sigma,geom_model_gaussian1_sigma_error,geom_model_gaussian1_depth,geom_model_gaussian1_depth_error,geom_model_gaussian2_phase,geom_model_gaussian2_phase_error,geom_model_gaussian2_sigma,geom_model_gaussian2_sigma_error,geom_model_gaussian2_depth,geom_model_gaussian2_depth_error,geom_model_cosine_half_period_amplitude,geom_model_cosine_half_period_amplitude_error,geom_model_cosine_half_period_phase,geom_model_cosine_half_period_phase_error,model_type,num_model_parameters,reduced_chi2,derived_primary_ecl_phase,derived_primary_ecl_phase_error,derived_primary_ecl_duration,derived_primary_ecl_duration_error,derived_primary_ecl_depth,derived_primary_ecl_depth_error,derived_secondary_ecl_phase,derived_secondary_ecl_phase_error,derived_secondary_ecl_duration,derived_secondary_ecl_duration_error,derived_secondary_ecl_depth,derived_secondary_ecl_depth_error
[from data line 473]
375316653866487564,5917704007447192960,0.51616645,2182.6325056740966,2.8124818923948482,1.137172E-5,19.164785,0.18260148,0.2608036,0.0045159133,0.114931405,0.02369977,0.3162502,0.15964796,0.75214636,0.0045951917,0.14979354,0.056318827,0.27403137,0.1757791,null,null,null,null,"TWOGAUSSIANS",8,1.2064391,0.26116362,0.003957973,0.4,0.0,0.22776835,0.00894405,0.75214636,0.0045951917,0.4,0.0,0.18347776,0.016709877
375316653866487564,5917704041819165568,0.6175423,2161.2825365927433,0.19334070274348863,1.1184972E-6,15.149508,4.758885E-4,0.77661157,1.1683461E-6,0.008586933,2.2178281E-5,0.21915404,4.4384756E-4,null,null,null,null,null,null,null,null,null,null,"ONEGAUSSIAN",5,4.3181653,0.77661157,1.1683461E-6,0.048086822,1.2419837E-4,0.21915404,0.0,null,null,null,null,null,null
375316653866487564,5917704862123003136,0.45160627,2181.6082019846767,3.5651204043997318,3.068986E-5,18.934307,0.023038017,0.2087193,0.0049482533,0.048495375,0.007891058,0.22745156,0.023767976,0.67490095,0.040051293,0.09379029,0.04535391,0.17885652,0.0376906,null,null,null,null,"TWOGAUSSIANS",8,7.3472404,0.2087193,0.004949512,0.27157408,0.044189926,0.22713068,0.022777207,0.67490095,0.040051293,0.4,0.01073456,0.17853485,0.038067464
375316653866487564,5917704866455242624,0.4245314,2161.1600447750457,0.34804367743216585,1.6371514E-4,19.885557,0.016308632,0.3795455,0.029816747,0.032834325,0.032427605,0.2256551,0.74812853,0.72043896,0.0055581247,0.03868555,0.030218307,0.7045551,0.697144,0.10673931,0.01687413,0.72043896,0.0055581247,"TWOGAUSSIANS_WITH_ELLIPSOIDAL_ON_ECLIPSE2",9,4.7402186,0.72043896,0.0055581247,0.21663907,0.16922252,0.9180319,0.695894,0.37342548,0.025865803,0.18387221,0.1815946,0.29173663,0.74880666
375316653866487564,5917705484927990144,0.64334124,2161.4195661970966,1.382949843997469,2.331633E-6,17.275303,0.0019458767,0.23108968,0.002148721,0.039480362,0.0023947584,0.07026064,0.0034928364,0.74039674,5.789468E-4,0.04076689,6.7844073E-4,0.41443658,0.005005717,null,null,null,null,"TWOGAUSSIANS",8,2.7755725,0.74039674,5.789468E-4,0.22829458,0.003799268,0.41443658,0.005005717,0.23108968,0.002148721,0.22109002,0.0134106465,0.07026063,0.0034928366
375316653866487564,5917706206468854144,0.4555267,2192.5270239951046,0.03717082382300823,1.5799051E-4,19.38852,0.029388275,0.09270996,0.0073625254,0.031321198,0.043596327,0.6368398,1.8789992,0.56319565,0.01364931,0.10596593,0.014575104,0.2647053,0.03724242,null,null,null,null,"TWOGAUSSIANS",8,6.57201,0.09270996,0.007486369,0.1753987,0.22668178,0.6365372,1.8815368,0.56319565,0.01364931,0.4,0.0,0.26438785,0.0330452
375316653866487564,5917706236510189952,0.5521193,2170.692808917873,0.7019499665133199,6.046971E-5,17.591114,0.0030564426,0.22397944,0.0042085,0.019938044,0.0045509865,0.045576498,0.008132801,0.7246901,0.0011297158,0.029268172,0.001596999,0.27545157,0.011466495,0.012185046,0.0034848803,0.22397944,0.0042085,"TWOGAUSSIANS_WITH_ELLIPSOIDAL_ON_ECLIPSE1",9,2.8253653,0.7246901,0.0011301467,0.16390176,0.0089431945,0.2998212,0.011607066,0.22397944,0.0042085,0.11165305,0.025485523,0.069946595,0.0074013406
375316653866487564,5917706343907727616,0.5102235,2187.234800998869,3.576044187389083,1.837583E-5,19.528723,0.011369009,0.2742217,0.010137462,0.077027865,0.011589872,0.35478556,0.0380072,0.7535363,0.004303212,0.078035735,0.004987701,0.41823623,0.032458726,null,null,null,null,"TWOGAUSSIANS",8,2.469007,0.7535363,0.004303212,0.4,0.0,0.41549152,0.03271303,0.2742217,0.010137462,0.4,0.0231186,0.3520409,0.039129928
375316653866487564,5917706580108725504,0.60814244,2169.275748802511,1.5516353991103509,3.7168065E-6,18.541935,0.0039721658,0.302234,0.0049986956,0.044630453,0.005559555,0.1673196,0.025836954,0.80085635,8.6863805E-4,0.042485345,8.641966E-4,0.6083158,0.011587957,null,null,null,null,"TWOGAUSSIANS",8,2.4570858,0.80085635,8.6863805E-4,0.23791793,0.0048395013,0.6083158,0.011587955,0.302234,0.0049986956,0.24993053,0.031133506,0.16731955,0.025837062
375316653866487564,5917706687507231360,0.504365,2178.8830008048267,4.1691061962772755,1.627807E-5,19.111834,0.009377062,0.2550792,0.0051928684,0.09086434,0.008024674,0.16361855,0.013159379,0.72892904,0.0039771535,0.091231,0.007849458,0.19341528,0.009901828,null,null,null,null,"TWOGAUSSIANS",8,1.4955461,0.72892904,0.0039771535,0.4,0.0,0.18794283,0.008965446,0.2550792,0.0051928684,0.4,0.0,0.15814616,0.012534227
375316653866487564,5917707924457616128,0.46163788,2179.0696853636537,2.1785283203648182,2.1174572E-5,18.38141,0.037523583,0.2929526,0.012554798,0.104931265,0.03494059,0.16246727,0.030854302,0.78782105,0.004850366,0.08991847,0.016768115,0.23568524,0.033589173,null,null,null,null,"TWOGAUSSIANS",8,8.975206,0.78782105,0.004850366,0.4,0.0,0.22241132,0.020234313,0.2929526,0.012554798,0.4,0.0,0.14918953,0.017669044
375316653866487564,5917708164987816576,0.66176295,2203.3362497755425,2.7790977102758965,2.7706992E-6,16.114311,0.01327223,0.2355261,0.0011509648,0.05875151,0.0037325446,0.36965224,0.029635308,0.7386614,7.404011E-4,0.056402322,0.0028786073,0.3577258,0.028269375,0.0819869,0.016587004,0.2355261,0.0011509648,"TWOGAUSSIANS_WITH_ELLIPSOIDAL_ON_ECLIPSE1",9,14.826077,0.2355261,0.0011509648,0.32900846,0.02090225,0.5335676,0.018582717,0.7386614,7.404011E-4,0.315853,0.016120201,0.52157754,0.007009563
375316653866487564,5917708401188255744,0.4731903,2184.964172996022,0.037119968794386865,9.713384E-6,19.226797,0.007481575,0.39226755,0.015223657,0.101210386,0.020819668,0.05463568,0.00996653,0.80847603,0.0017456464,0.034155548,0.0059981854,0.21932192,0.09526129,null,null,null,null,"TWOGAUSSIANS",8,1.1592414,0.80847603,0.0017456464,0.19127107,0.03358984,0.21932144,0.09526637,0.39226755,0.015223657,0.4,0.0,0.054623567,0.009939463
375316653866487564,5917708474213608320,0.49170893,2155.911385097704,2.4400135962216556,1.605725E-5,16.482405,0.17293938,0.2295817,0.004999206,0.13883846,0.040996883,0.25737906,0.16200478,0.72344697,0.0035981843,0.1439093,0.04283209,0.25588536,0.166199,null,null,null,null,"TWOGAUSSIANS",8,14.778577,0.2299017,0.0046592583,0.4,0.0,0.15524408,0.010589792,0.72344697,0.0035981843,0.4,0.0,0.15330847,0.0061104237
375316653866487564,5917708920901900288,0.5366545,2161.9959074980043,0.03708951163291152,4.3904474E-5,15.462071,9.449602E-4,0.27425134,0.011213877,0.051331986,0.025325429,0.0033531468,0.0031860946,0.65471226,0.0017360719,0.03247334,0.0015931348,0.09224737,0.002731191,0.004815516,0.0013604562,0.27425134,0.011213877,"TWOGAUSSIANS_WITH_ELLIPSOIDAL_ON_ECLIPSE1",9,3.5475163,0.65540224,0.0017084781,0.1818507,0.008921555,0.09741386,0.0029075053,0.27425134,0.011213877,0.2874591,0.1418224,0.012984136,0.002752712
375316653866487564,5917708950930692992,0.41922382,2169.653498449294,0.7828019682664034,2.0011423E-5,18.38725,0.08093706,0.32782486,0.003240709,0.019098341,0.007906213,0.091652416,0.061320163,0.6583124,0.02423606,0.20295842,0.10121149,0.123766966,0.07696431,null,null,null,null,"TWOGAUSSIANS",8,14.222483,0.32884488,0.0037100206,0.106950715,0.044274796,0.11328643,0.062212586,0.6583124,0.02423606,0.4,0.0,0.11186294,0.020162906
375316653866487564,5917711527908566784,0.522406,2162.616103169128,0.018559390857108296,5.920716E-6,17.769215,0.0024368805,0.10217107,0.013908168,0.015388899,0.012657416,0.04886901,65.70438,0.81712866,0.0020832557,0.020820728,0.0035468363,0.21368943,0.047561504,null,null,null,null,"TWOGAUSSIANS",8,3.817197,0.81712866,0.0020832557,0.11659608,0.019862283,0.21368943,0.047561504,0.10217107,0.013908168,0.08617783,0.07088153,0.04886901,65.70438
375316653866487564,5917712150717392768,0.45474127,2162.5881838957152,0.037152196666495635,5.3348787E-5,19.782377,0.04862114,0.20192787,0.011980206,0.111001335,0.041208312,0.1494402,0.036084414,0.6249784,0.017712105,0.10671154,0.011345459,0.383375,0.06354304,null,null,null,null,"TWOGAUSSIANS",8,2.290507,0.6249784,0.017712105,0.4,0.0,0.3696013,0.044104725,0.20238787,0.011641108,0.4,0.0,0.13571116,0.014491283
375316653866487564,5917713044070872832,0.6691259,2142.937225456645,0.5475627224557524,4.9168198E-6,16.99277,0.00558189,0.21605533,3.449754E-4,0.030383073,6.9183833E-4,1.214709,0.04209651,0.71728724,0.001281488,0.032024603,0.0027198023,0.1536342,0.012808072,0.022488387,0.006899651,0.21605533,3.449754E-4,"TWOGAUSSIANS_WITH_ELLIPSOIDAL_ON_ECLIPSE1",9,8.360186,0.21605533,3.449754E-4,0.17014521,0.0038742947,1.2596858,0.04280794,0.71728724,0.001281488,0.17933777,0.015230892,0.19860826,0.0073053828
375316653866487564,5917713280256412544,0.5061897,2156.953211787665,2.0361827395643384,1.2252485E-5,17.429976,0.14811538,0.2818596,0.006112196,0.14209305,0.069474325,0.12301576,0.1402649,0.78043383,0.003546644,0.14216861,0.057569977,0.12301117,0.13838597,null,null,null,null,"TWOGAUSSIANS",8,1.3821989,0.28192958,0.0062626502,0.4,0.0,0.07160485,0.0050610118,0.78043383,0.0035432817,0.4,0.0,0.07159693,0.003927728
375316653866487564,5917713662546221824,0.59920263,2186.086557747106,4.0621197800092075,1.0762981E-6,13.415562,7.8691635E-4,0.3004388,0.053638022,0.015971046,0.020198476,0.038492348,0.03558354,0.8955333,2.4758783E-6,2.595682E-4,1.5674101E-6,0.41586676,0.0027461338,null,null,null,null,"TWOGAUSSIANS",8,42.371876,0.8955333,2.4758783E-6,0.0014535818,8.777496E-6,0.41586676,0.0027461338,0.3004388,0.053638022,0.08943786,0.113111466,0.038492348,0.03558354
375316653866487564,5917713731250566400,0.50932133,2185.8893584347975,3.823642818913365,3.266599E-5,19.402176,0.027258255,0.2076176,0.010834184,0.07078675,0.013398459,0.36782804,0.12226053,0.69999725,0.0044351807,0.08048878,0.008942025,0.4367846,0.026614865,null,null,null,null,"TWOGAUSSIANS",8,6.3897038,0.69999725,0.0044351807,0.4,0.0,0.43389767,0.025512384,0.2076176,0.010834184,0.3964058,0.06845427,0.36494112,0.12330469
375316653866487564,5917714487180003328,0.55382574,2184.6017762496717,3.5061626976325337,1.0806275E-5,16.129478,0.0022396566,0.28577557,0.0032385313,0.0754826,0.0036003657,0.1406524,0.0056271804,0.7807316,0.002750826,0.072061606,0.0027054092,0.1164866,0.004426715,null,null,null,null,"TWOGAUSSIANS",8,4.9461865,0.28577557,0.0032385313,0.4,0.0,0.13992007,0.0057113143,0.7807316,0.002750826,0.4,0.0011365631,0.11575426,0.0044092536
375316653866487564,5917714826444716288,0.52791125,2187.3107878870437,0.5726027641893229,3.4225504E-5,17.748133,0.0034901279,0.35821506,0.027855255,0.025739906,0.026345866,0.23571858,2.5252936,0.85254127,0.002146767,0.020951392,0.0011400561,0.42900905,0.014863639,null,null,null,null,"TWOGAUSSIANS",8,9.95344,0.85254127,0.002146767,0.117327794,0.0063843136,0.42900905,0.014863639,0.35821506,0.027855255,0.14414348,0.14753684,0.23571858,2.5252936
375316653866487564,5917714895178289408,0.52787334,2158.5565736124713,2.787128527061658,1.3642117E-5,19.261702,0.0044050394,0.28478935,0.006228385,0.026486078,0.0065049897,0.14863491,0.03525314,0.74609977,0.0030439065,0.031780813,0.00919035,0.09067173,0.033098288,0.12691817,0.007839301,0.74609977,0.0030439065,"TWOGAUSSIANS_WITH_ELLIPSOIDAL_ON_ECLIPSE2",9,2.7337387,0.28151935,0.0055655115,0.14832203,0.03642794,0.38897696,0.03875906,0.74609977,0.0030439065,0.17797254,0.051465962,0.34450796,0.033429325
375316653866487564,5917714963882135040,0.4723207,2144.5554300366284,2.270336879331305,3.1620817E-5,17.157694,0.15882258,0.27317452,0.012830561,0.12597795,0.069696255,0.19738503,0.1376452,0.7356936,0.011057787,0.122764476,0.027938021,0.2095971,0.14192522,null,null,null,null,"TWOGAUSSIANS",8,19.949385,0.7356936,0.011057787,0.4,0.0,0.17047945,0.015490538,0.27356452,0.011562237,0.4,0.0,0.15820067,0.022929095
375316653866487564,5917715414893131264,0.5278311,2150.3669432584393,0.46037711755139077,1.1184972E-6,17.57837,0.0021450429,0.45888484,1.05783845E-4,0.0061940174,3.5345685E-4,0.057931554,0.0040907944,0.76370376,1.9697883E-4,0.004817651,1.4271677E-4,0.34940746,0.0058474783,null,null,null,null,"TWOGAUSSIANS",8,4.473181,0.76370376,1.9697883E-4,0.026978847,7.9921394E-4,0.34940746,0.0058474783,0.45888484,1.05783845E-4,0.0346865,0.0019793585,0.057931554,0.0040907944
375316653866487564,5917715724118822144,0.48777005,2150.269927883617,4.907648845174567,1.50034E-4,19.62664,0.021488471,0.27339038,0.004081135,0.021318827,0.0028807959,0.48186153,0.09497335,0.5059334,0.1099981,0.08020128,0.14276351,0.07183448,0.09112409,null,null,null,null,"TWOGAUSSIANS",8,2.5477953,0.27343038,0.0039659445,0.11938543,0.016132457,0.48293567,0.09020849,0.5059334,0.1099981,0.4,0.07994705,0.07183448,0.09138188
375316653866487564,5917715998993517568,0.6121324,2182.179442867198,3.7967981860516185,6.864263E-6,19.115755,0.011281371,0.27052587,0.0013041927,0.043678816,0.0027036825,0.45129117,0.023400089,0.76408863,0.0022858207,0.043074798,0.0025530374,0.5179454,0.034422323,0.13837798,0.014033182,0.27052587,0.0013041927,"TWOGAUSSIANS_WITH_ELLIPSOIDAL_ON_ECLIPSE1",9,2.3388128,0.7645586,0.002077988,0.24121886,0.0142970085,0.7942816,0.026498798,0.27052587,0.0013041927,0.24460137,0.015140622,0.728047,0.012485026
375316653866487564,5917716170795454080,0.5441679,2121.447444339583,2.414995460622201,2.8257366E-5,17.981728,0.031543262,0.19321844,0.0022615215,0.06416979,0.008523517,0.28763577,0.063231416,0.70150524,0.011860067,0.043881163,0.019268189,0.37924704,0.4132125,0.06375537,0.034370787,0.19321844,0.0022615215,"TWOGAUSSIANS_WITH_ELLIPSOIDAL_ON_ECLIPSE1",9,10.557357,0.70150524,0.011860067,0.24573451,0.10790186,0.50626975,0.43430772,0.19321844,0.0022615215,0.35935083,0.047731698,0.41500387,0.011467996
375316653866487564,5917716269552334336,0.59988564,2176.2991896664053,1.918735219904387,3.5475202E-6,16.814215,0.0038290075,0.24498564,0.0016832012,0.09678833,0.0033317506,0.2004495,0.0043710107,0.74312234,0.0012701947,0.08537359,0.0033674908,0.21194394,0.0040580416,null,null,null,null,"TWOGAUSSIANS",8,2.531878,0.74312234,0.0012701947,0.4,0.0,0.20271738,0.0044155596,0.24498564,0.0016832012,0.4,0.0,0.19122231,0.00426427
375316653866487564,5917717304663562240,0.54948556,2193.73344047572,2.4641701225691115,1.0972151E-5,16.599043,0.022899402,0.21294053,0.00292813,0.064195834,0.012277416,0.25183713,0.054905538,0.72146344,0.0063392003,0.059052885,0.009997171,0.20107593,0.046175245,0.08882273,0.025080245,0.21294053,0.00292813,"TWOGAUSSIANS_WITH_ELLIPSOIDAL_ON_ECLIPSE1",9,32.13132,0.21294053,0.00292813,0.35949668,0.06024215,0.42934206,0.049087554,0.72146344,0.0063392003,0.33069614,0.05598416,0.3780719,0.012442949
375316653866487564,5917717682635718272,0.6569511,2189.00787420474,2.5220927126020487,3.2991009E-6,15.274941,0.006133847,0.2703764,0.0014086843,0.043643713,0.0057366234,0.21830548,0.017623445,0.7711427,0.0018767092,0.04812732,0.0024437236,0.26257864,0.014214869,0.12907091,0.008200059,0.2703764,0.0014086843,"TWOGAUSSIANS_WITH_ELLIPSOIDAL_ON_ECLIPSE1",9,34.43556,0.7711427,0.0018025562,0.26951298,0.013684852,0.5207139,0.005637225,0.2703764,0.0014086843,0.2444048,0.03212509,0.47644672,0.020316342
375316653866487564,5917718056258664576,0.46793535,2199.685083315791,0.1218772327704794,8.160872E-5,17.102877,0.004985725,0.56895405,0.013041451,0.050856464,0.019576015,0.053772517,0.007929127,0.8248335,0.010950228,0.0051058684,0.004569625,0.22888783,0.3659928,0.011355856,0.00597931,0.8248335,0.010950228,"TWOGAUSSIANS_WITH_ELLIPSOIDAL_ON_ECLIPSE2",9,17.609932,0.8248335,0.010950228,0.028592864,0.0255899,0.25159967,0.36512998,0.568404,0.014317116,0.28479618,0.10962568,0.053806365,0.007919209
