Gaia/vari_eclipsing_binary/VariEclipsingBinary_246094-246173.csv
# %ECSV 1.0
# ---
# delimiter: ','
# meta: !!omap
# - RELEASE: Gaia DR3
# - TABLE: vari_eclipsing_binary
# - DESCRIPTION: >
#     This table describes the properties of the eclipsing binaries resulting from the variability analysis. 
# - CITATION: >
#     How to cite and acknowledge Gaia: 
#     https://gea.esac.esa.int/archive/documentation/credits.html 
# - KNOWN_ISSUES: >
#     Known issues: 
#     https://www.cosmos.esa.int/web/gaia-users/known-issues 
# - DOCUMENTATION: >
#     Tutorials and documentation: 
#     https://www.cosmos.esa.int/web/gaia-users/archive 
# datatype:
# - 
#   name: solution_id
#   datatype: int64
#   description: Solution Identifier
#   meta:
#     ucd: meta.version
# - 
#   name: source_id
#   datatype: int64
#   description: Unique source identifier
#   meta:
#     ucd: meta.id;meta.main
# - 
#   name: global_ranking
#   datatype: float32
#   description: Number between 0 (worst) and 1 (best)
#   meta:
#     ucd: stat.param
# - 
#   name: reference_time
#   datatype: float64
#   unit: d
#   description: Reference time used for the geometric model fit
#   meta:
#     ucd: time.epoch
# - 
#   name: frequency
#   datatype: float64
#   unit: d**-1
#   description: Frequency of geometric model of the eclipsing binary light curve
#   meta:
#     ucd: src.orbital
# - 
#   name: frequency_error
#   datatype: float32
#   unit: d**-1
#   description: "Uncertainty of \\texttt{frequency}"
#   meta:
#     ucd: stat.error
# - 
#   name: geom_model_reference_level
#   datatype: float32
#   unit: mag
#   description: Magnitude reference level of geometric model
#   meta:
#     ucd: phot.mag;em.opt
# - 
#   name: geom_model_reference_level_error
#   datatype: float32
#   unit: mag
#   description: "Uncertainty of \\texttt{geomModelReferenceLevel}"
#   meta:
#     ucd: stat.error;phot.mag;em.opt
# - 
#   name: geom_model_gaussian1_phase
#   datatype: float32
#   description: Phase of the Gaussian 1 component
#   meta:
#     ucd: time.phase
# - 
#   name: geom_model_gaussian1_phase_error
#   datatype: float32
#   description: "Uncertainty of \\texttt{geomModelGaussian1Phase}"
#   meta:
#     ucd: stat.error;time.phase
# - 
#   name: geom_model_gaussian1_sigma
#   datatype: float32
#   description: "Standard deviation [phase] of Gaussian 1 component"
#   meta:
#     ucd: stat.stdev
# - 
#   name: geom_model_gaussian1_sigma_error
#   datatype: float32
#   description: "Uncertainty of \\texttt{geomModelGaussian1Sigma}"
#   meta:
#     ucd: stat.error
# - 
#   name: geom_model_gaussian1_depth
#   datatype: float32
#   unit: mag
#   description: Magnitude depth of Gaussian 1 component
#   meta:
#     ucd: src.var.amplitude
# - 
#   name: geom_model_gaussian1_depth_error
#   datatype: float32
#   unit: mag
#   description: "Uncertainty of \\texttt{geomModelGaussian1Depth}"
#   meta:
#     ucd: stat.error;src.var.amplitude
# - 
#   name: geom_model_gaussian2_phase
#   datatype: float32
#   description: Phase of Gaussian 2 component
#   meta:
#     ucd: time.phase
# - 
#   name: geom_model_gaussian2_phase_error
#   datatype: float32
#   description: "Uncertainty of \\texttt{geomModelGaussian2Phase}"
#   meta:
#     ucd: stat.error;time.phase
# - 
#   name: geom_model_gaussian2_sigma
#   datatype: float32
[...]
#   datatype: float32
#   description: "Secondary eclipse: uncertainty of \\texttt{derivedSecondaryEclDuration}"
#   meta:
#     ucd: stat.error;time.duration
# - 
#   name: derived_secondary_ecl_depth
#   datatype: float32
#   unit: mag
#   description: "Secondary eclipse: depth"
#   meta:
#     ucd: src.var.amplitude
# - 
#   name: derived_secondary_ecl_depth_error
#   datatype: float32
#   unit: mag
#   description: "Secondary eclipse: uncertainty of \\texttt{derivedSecondaryEclDepth}"
#   meta:
#     ucd: stat.error;src.var.amplitude
solution_id,source_id,global_ranking,reference_time,frequency,frequency_error,geom_model_reference_level,geom_model_reference_level_error,geom_model_gaussian1_phase,geom_model_gaussian1_phase_error,geom_model_gaussian1_sigma,geom_model_gaussian1_sigma_error,geom_model_gaussian1_depth,geom_model_gaussian1_depth_error,geom_model_gaussian2_phase,geom_model_gaussian2_phase_error,geom_model_gaussian2_sigma,geom_model_gaussian2_sigma_error,geom_model_gaussian2_depth,geom_model_gaussian2_depth_error,geom_model_cosine_half_period_amplitude,geom_model_cosine_half_period_amplitude_error,geom_model_cosine_half_period_phase,geom_model_cosine_half_period_phase_error,model_type,num_model_parameters,reduced_chi2,derived_primary_ecl_phase,derived_primary_ecl_phase_error,derived_primary_ecl_duration,derived_primary_ecl_duration_error,derived_primary_ecl_depth,derived_primary_ecl_depth_error,derived_secondary_ecl_phase,derived_secondary_ecl_phase_error,derived_secondary_ecl_duration,derived_secondary_ecl_duration_error,derived_secondary_ecl_depth,derived_secondary_ecl_depth_error
[from data line 576]
375316653866487564,2165173488744608128,0.45919466,2246.933600720141,0.7862365817845669,1.980738E-5,13.909483,0.0013667223,0.7222235,0.0056487904,0.03463324,0.029377209,0.003431738,0.0022997316,null,null,null,null,null,null,0.025203984,0.002253384,0.7222235,0.0056487904,"ONEGAUSSIAN_WITH_ELLIPSOIDAL",6,59.658455,0.7222235,0.0056487904,0.19394617,0.16451237,0.053839583,0.0034271704,null,null,null,null,null,null
375316653866487564,2165174966213493888,0.65216494,2209.781949091808,0.8866913324677945,2.6856392E-6,14.386784,0.0025182185,0.2443763,8.526478E-4,0.03192813,0.001461804,0.6545818,0.03562064,0.7443615,3.8682105E-4,0.031383943,7.3368545E-4,0.59022653,0.013409012,0.03201597,0.0044979863,0.2443763,8.526478E-4,"TWOGAUSSIANS_WITH_ELLIPSOIDAL_ON_ECLIPSE1",9,121.4658,0.2443763,8.526478E-4,0.17879751,0.008186103,0.7186137,0.040894356,0.7443615,3.8691505E-4,0.17575009,0.0041086385,0.65425843,0.013594854
375316653866487564,2165175687767923584,0.61020476,2227.141629979202,0.6980962706328369,2.6970622E-5,16.567148,0.001476492,0.19257767,0.0037120776,0.024268165,0.0032439753,0.06013897,0.0073888586,0.6966591,0.0074779848,0.028006706,0.004933376,0.34831125,0.056636076,null,null,null,null,"TWOGAUSSIANS",8,3.5440066,0.6966591,0.0074779848,0.15683755,0.027626904,0.34831125,0.056636076,0.19257767,0.0037120776,0.13590172,0.01816626,0.06013897,0.0073888586
375316653866487564,2165175962631637120,0.463948,2141.4676584728886,0.3144220411053994,5.14459E-5,18.303865,0.002809767,0.64720124,7.078374E-4,0.011172651,6.9796527E-4,0.6686731,0.17967513,null,null,null,null,null,null,0.021220569,0.004488929,0.64720124,7.078374E-4,"ONEGAUSSIAN_WITH_ELLIPSOIDAL",6,3.6359777,0.64720124,7.078374E-4,0.06256685,0.0039086053,0.71111417,0.18047978,null,null,null,null,null,null
375316653866487564,2165176031365887232,0.6146074,2207.6962452174125,0.8580735343165453,4.052977E-6,16.787138,0.0029499708,0.19908571,0.0069795568,0.03565954,0.004384912,0.07298803,0.02305474,0.7043012,8.352354E-4,0.032873314,0.0011606384,1.0212016,0.04275563,null,null,null,null,"TWOGAUSSIANS",8,17.512762,0.7043012,8.352354E-4,0.18409055,0.0064995755,1.0212016,0.04275563,0.19908571,0.0069795568,0.19969343,0.024555508,0.07298803,0.02305474
375316653866487564,2165176134445109120,0.5977075,2201.0255162209755,2.032223255121129,7.198629E-6,15.262575,0.008777427,0.3016537,0.0017813665,0.085786805,0.004215984,0.2999453,0.009593906,0.82139343,0.0022572256,0.09165995,0.004373974,0.2124752,0.008899016,null,null,null,null,"TWOGAUSSIANS",8,24.699339,0.3016537,0.0017813665,0.4,0.0,0.29308414,0.009167223,0.82139343,0.0022572256,0.4,0.0,0.20561384,0.006795459
375316653866487564,2165178844544629760,0.47431093,2179.763991651035,0.13513034136879826,1.762004E-6,17.833286,0.0016835197,0.2091621,1.6440965E-5,0.017197927,4.233524E-4,0.102668725,7.926937E-4,0.7091287,3.9578376E-6,0.0047472976,1.12247915E-4,0.11197775,7.5756805E-4,null,null,null,null,"TWOGAUSSIANS",8,2.3362656,0.7091287,3.9578376E-6,0.026584866,6.285883E-4,0.11197775,7.5756805E-4,0.2091621,1.6440965E-5,0.09630839,0.0023707736,0.102668725,7.926937E-4
375316653866487564,2165180291973345024,0.520518,2204.6606417485173,1.5008953751852026,1.6494027E-5,14.761992,0.0017876298,null,null,null,null,null,null,null,null,null,null,null,null,0.05462765,0.0026042757,0.22746593,0.0029720715,"ELLIPSOIDAL",4,31.914206,null,null,null,null,null,null,null,null,null,null,null,null
375316653866487564,2165180326333114112,0.515528,2188.2357053069363,0.15126709293608956,1.3946135E-5,16.689327,0.0056240773,0.151956,0.006187978,0.004986008,0.0012195939,1.757266,5.9375076,0.8678628,0.022471372,0.030577565,0.013339898,0.035664376,0.015791444,0.011492473,0.008765899,0.151956,0.006187978,"TWOGAUSSIANS_WITH_ELLIPSOIDAL_ON_ECLIPSE1",9,18.09455,0.151956,0.006187978,0.027921645,0.006829726,1.7802508,5.9376645,0.8678628,0.022471372,0.17123435,0.074703425,0.036702886,0.016408266
375316653866487564,2165180807369454848,0.64859897,2200.3172346419565,0.07560534091789796,9.203147E-6,13.017942,8.481067E-4,0.32025403,3.0128547E-8,0.0013365995,2.064785E-6,1.8510926,0.0049385875,0.5223482,0.004276568,0.02098975,0.002802521,0.01245041,0.0015440345,null,null,null,null,"TWOGAUSSIANS",8,27.53269,0.32025403,3.0128547E-8,0.007484957,1.1562795E-5,1.8510926,0.0049385875,0.5223482,0.004276568,0.1175426,0.015694117,0.01245041,0.0015440345
375316653866487564,2165180944808488448,0.5058346,2189.8883235429157,2.4175010784714845,2.8059716E-5,18.081417,0.035063583,0.270165,0.0049386644,0.058618616,0.054668557,0.25354913,0.04857115,0.80554134,0.007533883,0.025600767,0.005854675,0.21205708,0.089306444,0.10977998,0.039132588,0.270165,0.0049386644,"TWOGAUSSIANS_WITH_ELLIPSOIDAL_ON_ECLIPSE1",9,23.040789,0.270165,0.0049386644,0.32826427,0.30614394,0.47308072,0.07022877,0.80554134,0.007533883,0.1433643,0.032786183,0.42091843,0.036413673
375316653866487564,2165181082247495424,0.5337396,2173.5075700829284,0.08737777214039899,7.079315E-5,17.798235,0.0036423064,0.1515058,0.011839305,0.023124835,0.010163323,0.3429708,0.03434968,0.623065,0.012520301,0.023063838,0.014340789,0.63378125,0.5816292,null,null,null,null,"TWOGAUSSIANS",8,7.833093,0.623065,0.012520301,0.1291575,0.08030842,0.63378125,0.5816292,0.1515058,0.011839305,0.12949906,0.05691461,0.3429708,0.03434968
375316653866487564,2165181872521313920,0.6935471,2210.9956990416194,0.5229655463230534,1.6842095E-6,13.8811245,0.0014495298,0.22998221,0.001104141,0.02642745,9.6912263E-4,0.4678127,0.01787883,0.7299568,4.3913833E-4,0.026848191,6.3992216E-4,0.4455372,0.011030099,0.007897662,0.002394202,0.22998221,0.001104141,"TWOGAUSSIANS_WITH_ELLIPSOIDAL_ON_ECLIPSE1",9,27.869986,0.22998221,0.001104141,0.14799371,0.0054270867,0.483608,0.01817285,0.7299568,4.3913833E-4,0.15034987,0.003583564,0.46133253,0.010447538
375316653866487564,2165183276955901184,0.5855533,2180.9271975227357,2.0089335824563666,7.951254E-6,16.809162,0.014179016,0.27543053,0.0019783557,0.103604026,0.0075829504,0.19826923,0.012269368,0.7773079,0.0028200103,0.116685614,0.009575501,0.15652724,0.013290827,null,null,null,null,"TWOGAUSSIANS",8,2.9680223,0.27543053,0.0019816295,0.4,0.0,0.17233355,0.0075930557,0.7773079,0.0028200103,0.4,0.0,0.13056271,0.003421926
375316653866487564,2165183414394849920,0.54983175,2117.477409667471,0.5937030567588476,1.0774887E-4,18.13854,0.0019546398,0.27390563,0.0029583191,0.035282914,0.013033564,0.49426642,4.0988026,null,null,null,null,null,null,null,null,null,null,"ONEGAUSSIAN",5,1.9711319,0.27390563,0.0029583191,0.19758432,0.07298796,0.49426642,0.0,null,null,null,null,null,null
375316653866487564,2165183590494156544,0.44885838,2169.1811732214965,0.11722843131672972,7.625712E-5,17.43402,0.0034289612,0.083606005,0.0021882765,0.008783187,0.0019223539,0.18082851,0.054258946,0.71985775,0.015892576,0.07306705,0.015985705,0.06274309,0.017291782,null,null,null,null,"TWOGAUSSIANS",8,8.388541,0.083606005,0.0021882765,0.049185846,0.010765182,0.18082877,0.05425883,0.71985775,0.015892576,0.4,0.059216667,0.06274309,0.017291782
375316653866487564,2165183624868159360,0.5176418,2148.249203866603,0.9342509351834782,2.194517E-5,16.858027,0.0016867412,0.23062915,0.0059257946,0.01894999,0.010775553,0.05676172,1.8350011,null,null,null,null,null,null,0.031057265,0.0025677483,0.23062915,0.0059257946,"ONEGAUSSIAN_WITH_ELLIPSOIDAL",6,3.8811693,0.23062915,0.0059257946,0.10611994,0.060343098,0.1188762,1.8362703,null,null,null,null,null,null
375316653866487564,2165183659227850880,0.6127382,2218.503252890044,3.217059438432595,6.4020637E-6,16.16257,0.007635574,0.22342017,0.0025784608,0.047355313,0.0080592185,0.1470946,0.023021108,0.7138412,0.0023643556,0.05274998,0.0042480887,0.20517172,0.021239134,0.102119416,0.01565489,0.22342017,0.0025784608,"TWOGAUSSIANS_WITH_ELLIPSOIDAL_ON_ECLIPSE1",9,19.480001,0.7155612,0.001587218,0.29539987,0.023789296,0.408801,0.0136269815,0.22342017,0.0025784608,0.26518977,0.045131624,0.35133052,0.013202747
375316653866487564,2165183934105747840,0.58116794,2173.6199599519364,0.7768059437990167,1.39618105E-5,16.866507,0.002563824,0.21277256,0.0014820638,0.032739993,0.0041265893,0.20156094,0.021238577,0.71867615,0.0069799125,0.036697067,0.0067424476,0.21807115,0.030474147,0.015542523,0.00366293,0.21277256,0.0014820638,"TWOGAUSSIANS_WITH_ELLIPSOIDAL_ON_ECLIPSE1",9,3.3152618,0.71867615,0.0069799125,0.20550358,0.037757706,0.24911341,0.032166597,0.21277256,0.0014820638,0.18334396,0.023108901,0.23264596,0.023636967
375316653866487564,2165184861819024640,0.48876822,2180.8875914158566,2.7161942774702634,3.329967E-5,18.701216,0.020396646,0.23339574,0.006519186,0.07628144,0.012172718,0.39783567,0.031150416,0.7441099,0.0058202776,0.07127235,0.0059004645,0.47421598,0.029295033,null,null,null,null,"TWOGAUSSIANS",8,22.725157,0.7441099,0.0058202776,0.39912516,0.028990975,0.47205016,0.028252373,0.23339574,0.006519186,0.4,0.0,0.39566985,0.033063732
375316653866487564,2165184999246818816,0.4708822,2197.7009068608254,0.05613402560396361,6.335936E-5,18.321898,0.0039317715,0.3512196,0.014370748,0.028001493,0.012662225,0.60122585,0.5229603,0.8327356,0.027736587,0.012809678,0.05008966,0.669477,1.108643,null,null,null,null,"TWOGAUSSIANS",8,4.405445,0.8327356,0.027736587,0.0717342,0.2805021,0.669477,1.108643,0.3512196,0.014370748,0.15680836,0.070908464,0.60122585,0.5229603
375316653866487564,2165185583360316800,0.45282453,2168.93750619764,2.924109928246081,3.3226217E-5,19.815638,0.035618577,0.25315553,0.013698613,0.10957955,0.025997791,0.17538896,0.035219036,0.73277676,0.01315144,0.084905736,0.030329663,0.23385845,0.061372127,null,null,null,null,"TWOGAUSSIANS",8,2.5892563,0.73277676,0.01315144,0.4,0.057452805,0.22293442,0.06388077,0.25315553,0.013698613,0.4,0.0,0.1644506,0.018537033
375316653866487564,2165187778078338688,0.4680044,2242.0246869441216,2.4793752943469847,3.652138E-5,18.449135,0.023341479,0.41293594,0.0043092915,0.057490736,0.00450311,0.3216229,0.018006707,0.8618266,0.097035825,0.074676715,0.19175825,0.037619915,0.025765367,null,null,null,null,"TWOGAUSSIANS",8,17.746996,0.41293594,0.003925096,0.32194814,0.025217416,0.32159242,0.017447345,0.8618266,0.097035825,0.4,0.09588809,0.037589423,0.028820865
375316653866487564,2165187949880416384,0.57233405,2240.363329693587,0.40314481201276237,4.611282E-6,18.283197,0.0026707025,0.2724233,0.02378356,0.024519093,0.019102335,0.02658653,0.04267024,0.61543304,7.277735E-4,0.016838923,7.8850193E-4,0.38842705,0.017656907,null,null,null,null,"TWOGAUSSIANS",8,2.411937,0.61543304,7.277735E-4,0.09429797,0.004415611,0.38842705,0.017656907,0.2724233,0.02378356,0.13730693,0.10697308,0.02658653,0.04267024
375316653866487564,2165188435231897600,0.51871854,2232.3535348753558,0.43068708908471887,4.2230888E-5,15.671246,0.0016593032,0.20184064,0.0013306327,0.0067722457,0.0010798103,0.22457013,0.2051629,0.8137654,0.0081306975,0.018766247,0.004045307,0.16053915,0.0375104,0.005959135,0.0028583955,0.8137654,0.0081306975,"TWOGAUSSIANS_WITH_ELLIPSOIDAL_ON_ECLIPSE2",9,13.57806,0.20186065,0.0013365578,0.037924577,0.006046938,0.23150447,0.20517129,0.8137654,0.0081306975,0.105090976,0.022653721,0.1724574,0.037636608
375316653866487564,2165188740151473920,0.5691909,2239.4910802283125,2.966636677718174,1.3131064E-5,18.970434,0.010781206,0.3042143,0.0031283046,0.07103159,0.0033086268,0.5565179,0.026541982,0.8014917,0.0030400825,0.0757647,0.004990725,0.44187,0.018383842,null,null,null,null,"TWOGAUSSIANS",8,3.3321757,0.3042143,0.0031283046,0.39777693,0.013920038,0.5537157,0.026583934,0.8014917,0.0030400825,0.4,0.0,0.43906778,0.018581197
375316653866487564,2165189667866381824,0.4935845,2205.071130062573,2.4242448279895417,1.7134304E-5,17.737944,1.6219374,0.23108573,0.012622363,0.13837567,0.1891941,0.2663954,1.4849733,0.7421633,0.0146844145,0.13787372,0.17629188,0.26734304,1.4408873,null,null,null,null,"TWOGAUSSIANS",8,9.471405,0.7425633,0.013978759,0.4,0.0,0.17174946,0.016520398,0.23068573,0.006884787,0.4,0.0,0.17076734,0.019882262
375316653866487564,2165190771680728704,0.500225,2201.130644383699,3.920601020278716,2.9179895E-5,19.808346,0.01318196,0.3034448,0.0029478264,0.07530851,0.010473657,0.43389186,0.018384317,0.78695756,0.0056984313,0.05680356,0.007892294,0.50152504,0.058160268,null,null,null,null,"TWOGAUSSIANS",8,4.001594,0.78695756,0.0056984313,0.31809995,0.044196844,0.50108683,0.05845853,0.3034448,0.0029478264,0.4,0.0,0.43345365,0.018891584
375316653866487564,2165191115291844352,0.55774236,2219.77209872244,0.1328897780972687,1.1272864E-5,12.994253,0.0053470996,0.08888785,0.011482639,0.049971078,0.018536258,0.03881992,0.07150507,0.50681543,0.0030931595,0.16652375,0.0064497082,0.15140578,0.0051624654,null,null,null,null,"TWOGAUSSIANS",8,69.52993,0.50681543,0.0030931595,0.4,0.0,0.14566411,0.00330788,0.09536785,0.012153271,0.27983803,0.103803046,0.04019971,0.072487555
375316653866487564,2165192038686909952,0.44728327,2226.570263096129,2.336433413588196,2.4297398E-5,15.095152,0.6038615,0.29308173,0.016396897,0.13130498,0.059959996,0.2710748,0.42927358,0.8159535,0.014314527,0.15512453,0.13041501,0.2478552,0.5937007,null,null,null,null,"TWOGAUSSIANS",8,169.52266,0.29137173,0.010114783,0.4,0.0,0.17719963,0.025089473,0.81668353,0.012286345,0.4,0.0,0.15139413,0.027650805
375316653866487564,2165192111713382144,0.43304682,2178.3640791543153,0.48908247629547097,4.8953905E-5,18.878323,0.19551194,0.2084545,0.015110555,0.11764583,0.10682982,0.14452884,0.18800436,0.65474653,0.014544344,0.059141252,0.046905514,0.13833171,0.12705043,null,null,null,null,"TWOGAUSSIANS",8,6.715895,0.2084545,0.015110381,0.4,0.0,0.14254273,0.06484565,0.65474653,0.014544344,0.331191,0.17962173,0.13645625,0.055266533
375316653866487564,2165192554082992512,0.47858307,2239.500918155474,0.2766596630472601,2.959242E-5,17.842604,0.005896269,0.2813046,0.0023319814,0.05550608,0.0045030043,0.1643266,0.0064864135,0.76993936,0.0072453213,0.058454666,0.0063789184,0.15012233,0.017688267,null,null,null,null,"TWOGAUSSIANS",8,11.026876,0.2813046,0.0023319814,0.31083405,0.025216823,0.16431327,0.006485413,0.76993936,0.0072453213,0.32734615,0.035721943,0.15010901,0.017685965
375316653866487564,2165193073786137984,0.47419178,2231.7225670974926,3.6858718587108035,1.0860923E-4,18.31678,0.00479053,0.32694831,0.031110022,0.056751497,0.023271894,0.24575143,0.053996082,0.6159522,0.04461602,0.03419409,0.02387603,0.022453401,0.013245183,null,null,null,null,"TWOGAUSSIANS",8,7.3085895,0.32694831,0.031110022,0.3178084,0.11919441,0.24575143,0.053996082,0.6159522,0.04461602,0.1914869,0.13370577,0.022453977,0.013255904
375316653866487564,2165193073797133568,0.60715383,2235.8733281079535,0.024065558093759775,2.0031639E-5,16.106197,9.750747E-4,0.2051428,0.004715559,0.021918388,0.0016362913,0.43016273,0.059646167,0.5531979,0.0058393823,0.017207466,0.0054993844,0.013527033,0.006560534,null,null,null,null,"TWOGAUSSIANS",8,4.352465,0.2051428,0.004715559,0.12274297,0.009163232,0.43016273,0.059646167,0.5531979,0.0058393823,0.09636181,0.030796552,0.013527033,0.006560534
375316653866487564,2165193108156883200,0.47803026,2226.296177323487,3.6017676123915083,2.1334372E-5,17.97024,0.03776181,0.15692562,0.010740519,0.095087096,0.024035076,0.1818425,0.037890308,0.66348827,0.007001431,0.09849156,0.025370667,0.15589897,0.032870695,null,null,null,null,"TWOGAUSSIANS",8,7.741878,0.15692562,0.010739544,0.4,0.0,0.17089479,0.024413306,0.66348827,0.0070009446,0.4,0.0,0.1449508,0.013725501
