Gaia/vari_eclipsing_binary/VariEclipsingBinary_667867-667883.csv
# %ECSV 1.0
# ---
# delimiter: ','
# meta: !!omap
# - RELEASE: Gaia DR3
# - TABLE: vari_eclipsing_binary
# - DESCRIPTION: >
#     This table describes the properties of the eclipsing binaries resulting from the variability analysis. 
# - CITATION: >
#     How to cite and acknowledge Gaia: 
#     https://gea.esac.esa.int/archive/documentation/credits.html 
# - KNOWN_ISSUES: >
#     Known issues: 
#     https://www.cosmos.esa.int/web/gaia-users/known-issues 
# - DOCUMENTATION: >
#     Tutorials and documentation: 
#     https://www.cosmos.esa.int/web/gaia-users/archive 
# datatype:
# - 
#   name: solution_id
#   datatype: int64
#   description: Solution Identifier
#   meta:
#     ucd: meta.version
# - 
#   name: source_id
#   datatype: int64
#   description: Unique source identifier
#   meta:
#     ucd: meta.id;meta.main
# - 
#   name: global_ranking
#   datatype: float32
#   description: Number between 0 (worst) and 1 (best)
#   meta:
#     ucd: stat.param
# - 
#   name: reference_time
#   datatype: float64
#   unit: d
#   description: Reference time used for the geometric model fit
#   meta:
#     ucd: time.epoch
# - 
#   name: frequency
#   datatype: float64
#   unit: d**-1
#   description: Frequency of geometric model of the eclipsing binary light curve
#   meta:
#     ucd: src.orbital
# - 
#   name: frequency_error
#   datatype: float32
#   unit: d**-1
#   description: "Uncertainty of \\texttt{frequency}"
#   meta:
#     ucd: stat.error
# - 
#   name: geom_model_reference_level
#   datatype: float32
#   unit: mag
#   description: Magnitude reference level of geometric model
#   meta:
#     ucd: phot.mag;em.opt
# - 
#   name: geom_model_reference_level_error
#   datatype: float32
#   unit: mag
#   description: "Uncertainty of \\texttt{geomModelReferenceLevel}"
#   meta:
#     ucd: stat.error;phot.mag;em.opt
# - 
#   name: geom_model_gaussian1_phase
#   datatype: float32
#   description: Phase of the Gaussian 1 component
#   meta:
#     ucd: time.phase
# - 
#   name: geom_model_gaussian1_phase_error
#   datatype: float32
#   description: "Uncertainty of \\texttt{geomModelGaussian1Phase}"
#   meta:
#     ucd: stat.error;time.phase
# - 
#   name: geom_model_gaussian1_sigma
#   datatype: float32
#   description: "Standard deviation [phase] of Gaussian 1 component"
#   meta:
#     ucd: stat.stdev
# - 
#   name: geom_model_gaussian1_sigma_error
#   datatype: float32
#   description: "Uncertainty of \\texttt{geomModelGaussian1Sigma}"
#   meta:
#     ucd: stat.error
# - 
#   name: geom_model_gaussian1_depth
#   datatype: float32
#   unit: mag
#   description: Magnitude depth of Gaussian 1 component
#   meta:
#     ucd: src.var.amplitude
# - 
#   name: geom_model_gaussian1_depth_error
#   datatype: float32
#   unit: mag
#   description: "Uncertainty of \\texttt{geomModelGaussian1Depth}"
#   meta:
#     ucd: stat.error;src.var.amplitude
# - 
#   name: geom_model_gaussian2_phase
#   datatype: float32
#   description: Phase of Gaussian 2 component
#   meta:
#     ucd: time.phase
# - 
#   name: geom_model_gaussian2_phase_error
#   datatype: float32
#   description: "Uncertainty of \\texttt{geomModelGaussian2Phase}"
#   meta:
#     ucd: stat.error;time.phase
# - 
#   name: geom_model_gaussian2_sigma
#   datatype: float32
[...]
#   datatype: float32
#   description: "Secondary eclipse: uncertainty of \\texttt{derivedSecondaryEclDuration}"
#   meta:
#     ucd: stat.error;time.duration
# - 
#   name: derived_secondary_ecl_depth
#   datatype: float32
#   unit: mag
#   description: "Secondary eclipse: depth"
#   meta:
#     ucd: src.var.amplitude
# - 
#   name: derived_secondary_ecl_depth_error
#   datatype: float32
#   unit: mag
#   description: "Secondary eclipse: uncertainty of \\texttt{derivedSecondaryEclDepth}"
#   meta:
#     ucd: stat.error;src.var.amplitude
solution_id,source_id,global_ranking,reference_time,frequency,frequency_error,geom_model_reference_level,geom_model_reference_level_error,geom_model_gaussian1_phase,geom_model_gaussian1_phase_error,geom_model_gaussian1_sigma,geom_model_gaussian1_sigma_error,geom_model_gaussian1_depth,geom_model_gaussian1_depth_error,geom_model_gaussian2_phase,geom_model_gaussian2_phase_error,geom_model_gaussian2_sigma,geom_model_gaussian2_sigma_error,geom_model_gaussian2_depth,geom_model_gaussian2_depth_error,geom_model_cosine_half_period_amplitude,geom_model_cosine_half_period_amplitude_error,geom_model_cosine_half_period_phase,geom_model_cosine_half_period_phase_error,model_type,num_model_parameters,reduced_chi2,derived_primary_ecl_phase,derived_primary_ecl_phase_error,derived_primary_ecl_duration,derived_primary_ecl_duration_error,derived_primary_ecl_depth,derived_primary_ecl_depth_error,derived_secondary_ecl_phase,derived_secondary_ecl_phase_error,derived_secondary_ecl_duration,derived_secondary_ecl_duration_error,derived_secondary_ecl_depth,derived_secondary_ecl_depth_error
[from data line 507]
375316653866487564,5874740590646724224,0.5554988,2243.0671668605496,2.2477835608380583,1.2580726E-5,19.218721,0.01117458,0.22094165,0.00552401,0.07843271,0.0060858806,0.4099506,0.016495083,0.7199234,0.0033911772,0.07759796,0.0058547803,0.45289367,0.026473427,null,null,null,null,"TWOGAUSSIANS",8,2.4746466,0.7199234,0.0033911772,0.4,0.0,0.44792414,0.027650379,0.22094165,0.00552401,0.4,0.0,0.40498105,0.015676167
375316653866487564,5874740934194937728,0.4725045,2228.14707708895,0.1434756445893657,1.8560559E-6,17.875732,0.004177264,0.46475834,0.011237093,0.047574345,0.011360145,0.07867947,0.070483014,0.675264,8.925802E-5,0.0036241533,1.311632E-4,0.4272754,0.020014655,0.012218683,0.006006733,0.46475834,0.011237093,"TWOGAUSSIANS_WITH_ELLIPSOIDAL_ON_ECLIPSE1",9,17.391573,0.675264,8.925802E-5,0.020295259,7.3451386E-4,0.4287539,0.020090992,0.46475834,0.011237093,0.26641634,0.06361681,0.10311676,0.06676522
375316653866487564,5874740934244119808,0.472902,2236.437212567075,0.7090839938598664,1.4114958E-5,16.775324,0.003887049,0.5041088,0.03112302,0.03669589,0.029918635,0.037138868,0.019935485,0.7789458,8.2136947E-4,0.015580355,0.0015369012,0.26846966,0.017665792,0.0073122038,0.005396866,0.7789458,8.2136947E-4,"TWOGAUSSIANS_WITH_ELLIPSOIDAL_ON_ECLIPSE2",9,46.641254,0.7789458,8.2136947E-4,0.087249994,0.008606647,0.28309405,0.017376602,0.50303876,0.03219878,0.20549698,0.16754436,0.03750717,0.020408118
375316653866487564,5874740968554807936,0.4822652,2221.085736828778,3.450707633637664,1.4405555E-5,19.573015,0.027310137,0.28024414,0.0048580547,0.09370393,0.009771589,0.33131874,0.026049543,0.77637005,0.0056204116,0.104048245,0.011988045,0.26371738,0.027429167,null,null,null,null,"TWOGAUSSIANS",8,2.4397328,0.28024414,0.0048580547,0.4,0.0,0.3085386,0.015410905,0.77637005,0.0056204116,0.4,0.0,0.2409325,0.017385243
375316653866487564,5874741067306113536,0.56190056,2212.2352832787046,2.407171431210944,1.0470914E-5,18.889877,0.010715981,0.27341706,0.005491357,0.07670313,0.0065978537,0.4757009,0.011748303,0.7676362,0.0048914817,0.07851515,0.0056021665,0.49319217,0.02814366,null,null,null,null,"TWOGAUSSIANS",8,4.853679,0.7676362,0.0048914817,0.4,0.0,0.48839852,0.028553238,0.27341706,0.005491357,0.4,0.0,0.4709073,0.011556572
375316653866487564,5874741518310857600,0.5127764,2221.5005037887445,1.1264644831148962,1.6244026E-5,19.124872,0.017412467,0.26715913,0.005422564,0.095194906,0.011246328,0.24785018,0.015085125,0.7500853,0.0038960245,0.09133103,0.006500034,0.36798328,0.020558033,null,null,null,null,"TWOGAUSSIANS",8,2.7455232,0.7500853,0.0038960245,0.4,0.0,0.3551333,0.017752362,0.26715913,0.005422564,0.4,0.0,0.2349998,0.01109279
375316653866487564,5874741724517677952,0.46274155,2247.279396543167,0.043627075664312745,3.2539097E-5,17.61167,0.005486897,0.26959,0.0018499246,0.0037985193,7.3341513E-4,0.31841597,0.09569044,0.7108952,0.080292724,0.03766612,0.060731377,0.021727279,12.387664,0.021472158,0.0049555497,0.26959,0.0018499246,"TWOGAUSSIANS_WITH_ELLIPSOIDAL_ON_ECLIPSE1",9,15.539941,0.26959,0.0018499246,0.021271707,0.0041071246,0.36136022,0.09571635,0.72132516,0.0634926,0.21093027,0.3400957,0.060024533,12.395625
375316653866487564,5874741827545730816,0.44828054,2244.7565250083467,4.032428493775204,2.9940336E-5,18.106386,0.005391694,0.09997969,0.012661632,0.010561411,0.017198257,0.26167178,1078837.2,0.7698936,0.0021130075,0.0046805446,0.0032854697,0.45454717,221929.69,0.011866728,0.008559854,0.7698936,0.0021130075,"TWOGAUSSIANS_WITH_ELLIPSOIDAL_ON_ECLIPSE2",9,20.016846,0.7698936,0.0021130075,0.02621105,0.018398631,0.4782806,221929.69,0.10002969,0.01275905,0.059143905,0.096310236,0.2671942,1078837.2
375316653866487564,5874741964984717184,0.5184828,2230.653746081131,2.3180482376284672,9.642846E-6,19.540756,0.014170085,0.239909,0.0035721746,0.074543625,0.004559724,0.5762121,0.02115523,0.73967296,0.0069723995,0.07304619,0.0060336273,0.484644,0.03804247,null,null,null,null,"TWOGAUSSIANS",8,2.982409,0.239909,0.0035721746,0.4,0.0,0.5728252,0.020901838,0.73967296,0.0069723995,0.4,0.002134162,0.48125705,0.038354322
375316653866487564,5874742098096251264,0.5382613,2238.188268857049,1.6742827495644204,1.0258751E-5,15.273799,0.0043448196,0.25022906,0.0030799834,0.09387087,0.0051853415,0.13758516,0.005714364,0.7489925,0.0034736516,0.07489106,0.0034440227,0.25518316,0.008783087,null,null,null,null,"TWOGAUSSIANS",8,52.93197,0.7489925,0.0034736516,0.4,0.0,0.25086245,0.008437683,0.25022906,0.0030799834,0.4,0.0,0.13326426,0.005400603
375316653866487564,5874742102474803072,0.5335625,2261.1682624101613,0.5242463148111564,1.1312761E-5,15.796947,8.741468E-4,0.18761848,0.010633788,0.015092027,0.005036924,0.13687809,0.5900682,0.68582296,3.7776952E-4,0.019896992,6.306113E-4,0.12653445,0.0029490436,0.012159391,0.0013451652,0.18761848,0.010633788,"TWOGAUSSIANS_WITH_ELLIPSOIDAL_ON_ECLIPSE1",9,5.1020384,0.18761848,0.010633788,0.084515356,0.028206775,0.16119684,0.59010094,0.685833,3.370359E-4,0.11142315,0.0035314234,0.15085012,0.0034971575
375316653866487564,5874742171143267712,0.4497007,2235.9617601002587,2.7451693852259123,3.5664147E-5,18.90739,0.004877123,0.22891353,0.006507499,0.04120386,0.025964178,0.026208626,0.029531065,null,null,null,null,null,null,0.06827727,0.007238439,0.22891353,0.006507499,"ONEGAUSSIAN_WITH_ELLIPSOIDAL",6,4.8839426,0.22891353,0.006507499,0.23074162,0.14539939,0.16276315,0.022554923,null,null,null,null,null,null
375316653866487564,5874742274222559360,0.60487086,2233.4083672179518,1.1504202631529106,1.0342828E-5,16.33119,0.0023647589,0.24507232,0.0019981223,0.055374112,0.0036276001,0.07273609,0.006299505,0.73783773,0.014333485,0.037962124,0.011767669,0.043723598,0.006499235,0.07445073,0.003673438,0.24507232,0.0019981223,"TWOGAUSSIANS_WITH_ELLIPSOIDAL_ON_ECLIPSE1",9,9.061498,0.24507232,0.0019981223,0.31009504,0.020314561,0.2216348,0.0030725903,0.73985773,0.00883453,0.2125879,0.06589895,0.19240068,0.0041077673
375316653866487564,5874742510417759872,0.55379546,2243.2463311899387,3.067283371469092,8.262551E-6,18.447166,0.037108228,0.19698365,0.004367102,0.052621674,0.008262997,0.4964534,0.08007648,0.6926414,0.0034939884,0.054799456,0.0053981678,0.5878601,0.08652684,0.05977194,0.044929802,0.19698365,0.004367102,"TWOGAUSSIANS_WITH_ELLIPSOIDAL_ON_ECLIPSE1",9,15.171141,0.6928414,0.0033906503,0.30687696,0.03022974,0.70730054,0.021938361,0.19698365,0.004367102,0.29468137,0.04627278,0.6159787,0.045167
375316653866487564,5874742652244249216,0.45709956,2222.0956770441558,3.411101428361208,4.871845E-5,19.894886,0.040071115,0.19931486,0.02626394,0.05484967,0.01819504,0.6288711,0.08907201,0.7148092,0.0142699145,0.07833197,0.0123846335,0.513126,0.12282272,null,null,null,null,"TWOGAUSSIANS",8,11.4688225,0.19931486,0.02626394,0.30715814,0.101892225,0.6282595,0.08717429,0.7148092,0.0142699145,0.4,0.0,0.51251435,0.12280525
375316653866487564,5874743064496640512,0.4726742,2218.8158734581375,0.9874329952492771,1.9148669E-5,19.611696,0.0071349777,0.19193834,0.005060366,0.070605196,0.010809091,0.028721275,0.02405768,null,null,null,null,null,null,0.10012837,0.010004711,0.19193834,0.005060366,"ONEGAUSSIAN_WITH_ELLIPSOIDAL",6,2.1333697,0.19193834,0.005060366,0.3953891,0.056418225,0.22892357,0.016834337,null,null,null,null,null,null
375316653866487564,5874743128911674880,0.5339643,2236.997578321624,0.20573943709422945,4.2521446E-5,18.276407,0.0019872347,0.14959978,0.004699955,0.010107703,0.005183155,0.6757308,1.2786825,0.66642076,0.07380182,0.044618983,0.03774005,0.013957471,0.07896076,null,null,null,null,"TWOGAUSSIANS",8,3.4176967,0.14959978,0.004699955,0.056603134,0.02902567,0.6757308,1.2786825,0.66642076,0.07380182,0.2498663,0.21134429,0.013957471,0.07896076
375316653866487564,5874743133216081280,0.5750181,2236.878743875281,1.692114740148708,1.0493278E-5,19.186728,0.0046586986,0.2558816,0.0031339326,0.06883011,0.0040130853,0.19927295,0.014607132,0.74368864,0.001599668,0.061058197,0.0019139483,0.5576809,0.017097343,null,null,null,null,"TWOGAUSSIANS",8,1.4995863,0.74368864,0.001599668,0.3419259,0.010718111,0.5574127,0.017111668,0.2558816,0.0031339326,0.3854486,0.022473278,0.19900474,0.014654043
375316653866487564,5874743579944448768,0.51524884,2254.7723533468743,0.4770875519802083,2.9534127E-5,16.117643,0.0010567337,0.22925347,0.0019383163,0.032876436,0.001545173,0.072415434,0.0034786838,0.72571677,0.008745147,0.034887217,0.01015946,0.023795672,0.009560307,null,null,null,null,"TWOGAUSSIANS",8,3.5403745,0.22925347,0.0019383163,0.18410803,0.008652968,0.072415434,0.0034786838,0.72571677,0.008745147,0.19536841,0.056892976,0.023795672,0.009560307
375316653866487564,5874743648616379520,0.5606321,2229.1387373984726,2.7071308712292286,1.0212634E-5,18.885117,0.017704405,0.29671296,0.0038326064,0.041943606,0.0125677,0.34328312,0.08966962,0.7974414,0.0035465714,0.042254258,0.004223663,0.54986584,0.04532685,0.14645866,0.021926638,0.29671296,0.0038326064,"TWOGAUSSIANS_WITH_ELLIPSOIDAL_ON_ECLIPSE1",9,8.856734,0.7974414,0.0035034767,0.23662385,0.02365251,0.84277666,0.031351887,0.29671296,0.0038326064,0.23488419,0.070379116,0.6362001,0.10325582
375316653866487564,5874743889182153984,0.4444076,2249.5509886768555,3.4352662001954863,2.4326739E-5,19.09145,0.004342042,null,null,null,null,null,null,null,null,null,null,null,null,0.06668959,0.006085518,0.2319421,0.007067102,"ELLIPSOIDAL",4,3.7726252,null,null,null,null,null,null,null,null,null,null,null,null
375316653866487564,5874743957853996416,0.5612207,2254.407063961864,3.251303918321107,1.02617605E-5,18.536285,0.020747455,0.28366366,0.001746104,0.1065058,0.0065073026,0.34512615,0.017399885,0.77788955,0.004138027,0.105801925,0.0076906905,0.35720164,0.020439122,null,null,null,null,"TWOGAUSSIANS",8,2.5020797,0.77788955,0.004138027,0.4,0.0,0.31609136,0.010005506,0.28366366,0.0017447663,0.4,0.0,0.30401465,0.005317313
375316653866487564,5874744301499047040,0.5800086,2251.024415417764,3.2674462194967107,7.565723E-6,19.367052,0.008899912,0.2546627,0.0019734183,0.0825597,0.0024889968,0.538536,0.016273266,0.7559902,0.0018997997,0.07711709,0.0037495506,0.45437905,0.015435424,null,null,null,null,"TWOGAUSSIANS",8,0.9688965,0.2546627,0.0019734183,0.4,0.0,0.5313612,0.016027128,0.7559902,0.0018997997,0.4,0.0,0.4472043,0.01618671
375316653866487564,5874744335811556864,0.49324477,2238.370565723682,1.0579214473375103,1.6027598E-5,19.802883,0.0074645425,0.21172677,0.0036407223,0.031243471,0.004861675,0.13769509,0.025733164,0.7066685,0.0050771516,0.05008734,0.004074696,0.4102766,0.039556094,null,null,null,null,"TWOGAUSSIANS",8,1.8512925,0.7066685,0.0050771516,0.28048912,0.022818299,0.4102766,0.039556094,0.21172677,0.0036407223,0.17496344,0.027225383,0.13769507,0.025733165
375316653866487564,5874744645052194560,0.509507,2236.753508844307,4.614214033032767,1.9803538E-5,19.906538,0.007473908,0.16015564,0.047726654,0.023564052,0.022337815,0.07675585,0.034975093,0.57514715,0.0048603485,0.14588758,0.007449978,0.41363522,0.023094494,null,null,null,null,"TWOGAUSSIANS",8,1.4930663,0.57514715,0.0048603485,0.4,0.0,0.41124192,0.02383061,0.16116564,0.05243823,0.1319587,0.12509176,0.081801824,0.0437786
375316653866487564,5874744851210625280,0.52702266,2242.7323888346004,2.94363981593019,9.533402E-6,18.028708,0.012329423,0.16752382,0.0028547468,0.062679596,0.0040360056,0.39854345,0.02307583,0.6608476,0.0028577778,0.07581419,0.0058473116,0.46321988,0.044809956,null,null,null,null,"TWOGAUSSIANS",8,12.795974,0.6608476,0.0028577778,0.4,0.0,0.46215105,0.04534567,0.16752382,0.0028547468,0.35100576,0.02260163,0.39747462,0.023061924
375316653866487564,5874744885614702976,0.51485956,2246.518149838542,0.6452332064972713,3.7544327E-5,14.161215,7.9627783E-4,0.31076965,0.0045226025,0.029540155,0.0031315018,0.06693088,0.008760394,null,null,null,null,null,null,0.013979002,0.0010373733,0.31076965,0.0045226025,"ONEGAUSSIAN_WITH_ELLIPSOIDAL",6,25.383852,0.31076965,0.0045226025,0.16542487,0.017536411,0.094888836,0.008831539,null,null,null,null,null,null
375316653866487564,5874745018674123904,0.55328465,2264.9066382353158,1.1414811355802004,6.7290534E-6,16.533524,0.014329833,0.24057119,0.0014844949,0.10318066,0.0062158867,0.19254929,0.013524139,0.747751,0.0021733316,0.11621501,0.009252893,0.17373297,0.012659122,null,null,null,null,"TWOGAUSSIANS",8,5.041771,0.24055119,0.0014935306,0.4,0.0,0.167459,0.004397943,0.747751,0.0021707918,0.4,0.0,0.14861156,0.0045702974
375316653866487564,5874745126144471040,0.5221214,2218.574240561773,0.2773314626418791,6.280449E-5,19.648619,0.006971886,0.20810021,0.024867868,0.025499728,0.013070598,0.9675384,0.43200564,0.7366752,0.01703639,0.060275357,0.018138288,0.1437137,0.024129864,null,null,null,null,"TWOGAUSSIANS",8,2.8263254,0.20810021,0.024867868,0.14279848,0.07319535,0.9675384,0.43200538,0.7366752,0.01703639,0.337542,0.10157441,0.1437137,0.024129827
375316653866487564,5874745366662699520,0.60799974,2255.014830949602,0.7253967748758062,9.488734E-6,16.755583,0.0064308946,0.20746662,0.0017556543,0.05206911,0.003392655,0.33357117,0.019006113,0.70666444,0.0047097914,0.06459675,0.00720584,0.07278028,0.013946514,0.02541461,0.00760639,0.20746662,0.0017556543,"TWOGAUSSIANS_WITH_ELLIPSOIDAL_ON_ECLIPSE1",9,5.3946614,0.20746662,0.0017556543,0.29158702,0.018998867,0.38435882,0.024161778,0.7068144,0.0040330626,0.3617418,0.040352706,0.123566866,0.0029289252
375316653866487564,5874745950766620672,0.59776825,2245.7956558928777,2.4136734083125657,4.5707184E-6,16.307838,0.22510464,0.12631275,0.0012981934,0.15105645,0.0650428,0.18172531,0.21926062,0.62800586,0.0014166894,0.13185534,0.037935294,0.18026568,0.19219199,null,null,null,null,"TWOGAUSSIANS",8,1.6382295,0.12626275,0.001282051,0.4,0.0,0.10708457,0.0023896988,0.6281259,0.0013227178,0.4,0.0,0.106871895,0.0028095155
375316653866487564,5874746633584359040,0.6383595,2231.043617831996,0.9597746092236429,2.9694875E-6,18.295557,0.0024642327,0.26027972,7.464181E-4,0.035030533,7.5969344E-4,0.53293127,0.009361961,0.75876105,0.002269271,0.035299186,0.0011638512,0.42807728,0.021568416,0.035418954,0.0046535786,0.26027972,7.464181E-4,"TWOGAUSSIANS_WITH_ELLIPSOIDAL_ON_ECLIPSE1",9,1.8165867,0.26027972,7.464181E-4,0.19617099,0.0042542834,0.603769,0.008739397,0.7587811,0.002239471,0.19767544,0.0065175667,0.49890867,0.020573974
375316653866487564,5874746878480277504,0.43509048,2256.264326019312,2.61148240203267,2.4860969E-5,17.87019,0.02237296,0.2182643,0.007264365,0.051325865,0.011366586,0.16649613,0.078931384,0.76986915,0.003913462,0.029130524,0.0050118156,0.16310842,0.06123217,0.0756861,0.045879755,0.2182643,0.007264365,"TWOGAUSSIANS_WITH_ELLIPSOIDAL_ON_ECLIPSE1",9,50.168602,0.2182643,0.007264365,0.28742483,0.06365288,0.31786692,0.034477424,0.76986915,0.003913462,0.16313094,0.028066168,0.2991149,0.027385762
375316653866487564,5874747015872035584,0.511756,2249.973877167261,2.668398532926816,2.6953934E-5,19.335526,0.02044174,0.1937799,0.005329687,0.06612563,0.0064014713,0.530068,0.031059744,0.68632853,0.002682754,0.06338938,0.0038325295,0.6111095,0.0357092,null,null,null,null,"TWOGAUSSIANS",8,9.99897,0.68632853,0.002682754,0.35498053,0.021462165,0.6105823,0.035635836,0.1937799,0.005329687,0.37030354,0.035848238,0.5295408,0.031036478
375316653866487564,5874747015918734976,0.5657687,2236.396608155196,0.3851236382307511,1.0710072E-6,16.23841,8.869776E-4,0.14534082,6.704672E-4,0.014913042,5.297461E-4,0.1617622,0.0035609438,0.64944744,8.4428786E-4,0.011556246,6.5910985E-4,0.1556932,0.0044594863,null,null,null,null,"TWOGAUSSIANS",8,4.3552074,0.14534082,6.704672E-4,0.08351304,0.0029665784,0.1617622,0.0035609438,0.64944744,8.4428786E-4,0.06471498,0.003691015,0.1556932,0.0044594863
