Gaia/vari_eclipsing_binary/VariEclipsingBinary_609025-609084.csv
# %ECSV 1.0
# ---
# delimiter: ','
# meta: !!omap
# - RELEASE: Gaia DR3
# - TABLE: vari_eclipsing_binary
# - DESCRIPTION: >
#     This table describes the properties of the eclipsing binaries resulting from the variability analysis. 
# - CITATION: >
#     How to cite and acknowledge Gaia: 
#     https://gea.esac.esa.int/archive/documentation/credits.html 
# - KNOWN_ISSUES: >
#     Known issues: 
#     https://www.cosmos.esa.int/web/gaia-users/known-issues 
# - DOCUMENTATION: >
#     Tutorials and documentation: 
#     https://www.cosmos.esa.int/web/gaia-users/archive 
# datatype:
# - 
#   name: solution_id
#   datatype: int64
#   description: Solution Identifier
#   meta:
#     ucd: meta.version
# - 
#   name: source_id
#   datatype: int64
#   description: Unique source identifier
#   meta:
#     ucd: meta.id;meta.main
# - 
#   name: global_ranking
#   datatype: float32
#   description: Number between 0 (worst) and 1 (best)
#   meta:
#     ucd: stat.param
# - 
#   name: reference_time
#   datatype: float64
#   unit: d
#   description: Reference time used for the geometric model fit
#   meta:
#     ucd: time.epoch
# - 
#   name: frequency
#   datatype: float64
#   unit: d**-1
#   description: Frequency of geometric model of the eclipsing binary light curve
#   meta:
#     ucd: src.orbital
# - 
#   name: frequency_error
#   datatype: float32
#   unit: d**-1
#   description: "Uncertainty of \\texttt{frequency}"
#   meta:
#     ucd: stat.error
# - 
#   name: geom_model_reference_level
#   datatype: float32
#   unit: mag
#   description: Magnitude reference level of geometric model
#   meta:
#     ucd: phot.mag;em.opt
# - 
#   name: geom_model_reference_level_error
#   datatype: float32
#   unit: mag
#   description: "Uncertainty of \\texttt{geomModelReferenceLevel}"
#   meta:
#     ucd: stat.error;phot.mag;em.opt
# - 
#   name: geom_model_gaussian1_phase
#   datatype: float32
#   description: Phase of the Gaussian 1 component
#   meta:
#     ucd: time.phase
# - 
#   name: geom_model_gaussian1_phase_error
#   datatype: float32
#   description: "Uncertainty of \\texttt{geomModelGaussian1Phase}"
#   meta:
#     ucd: stat.error;time.phase
# - 
#   name: geom_model_gaussian1_sigma
#   datatype: float32
#   description: "Standard deviation [phase] of Gaussian 1 component"
#   meta:
#     ucd: stat.stdev
# - 
#   name: geom_model_gaussian1_sigma_error
#   datatype: float32
#   description: "Uncertainty of \\texttt{geomModelGaussian1Sigma}"
#   meta:
#     ucd: stat.error
# - 
#   name: geom_model_gaussian1_depth
#   datatype: float32
#   unit: mag
#   description: Magnitude depth of Gaussian 1 component
#   meta:
#     ucd: src.var.amplitude
# - 
#   name: geom_model_gaussian1_depth_error
#   datatype: float32
#   unit: mag
#   description: "Uncertainty of \\texttt{geomModelGaussian1Depth}"
#   meta:
#     ucd: stat.error;src.var.amplitude
# - 
#   name: geom_model_gaussian2_phase
#   datatype: float32
#   description: Phase of Gaussian 2 component
#   meta:
#     ucd: time.phase
# - 
#   name: geom_model_gaussian2_phase_error
#   datatype: float32
#   description: "Uncertainty of \\texttt{geomModelGaussian2Phase}"
#   meta:
#     ucd: stat.error;time.phase
# - 
#   name: geom_model_gaussian2_sigma
#   datatype: float32
[...]
#   datatype: float32
#   description: "Secondary eclipse: uncertainty of \\texttt{derivedSecondaryEclDuration}"
#   meta:
#     ucd: stat.error;time.duration
# - 
#   name: derived_secondary_ecl_depth
#   datatype: float32
#   unit: mag
#   description: "Secondary eclipse: depth"
#   meta:
#     ucd: src.var.amplitude
# - 
#   name: derived_secondary_ecl_depth_error
#   datatype: float32
#   unit: mag
#   description: "Secondary eclipse: uncertainty of \\texttt{derivedSecondaryEclDepth}"
#   meta:
#     ucd: stat.error;src.var.amplitude
solution_id,source_id,global_ranking,reference_time,frequency,frequency_error,geom_model_reference_level,geom_model_reference_level_error,geom_model_gaussian1_phase,geom_model_gaussian1_phase_error,geom_model_gaussian1_sigma,geom_model_gaussian1_sigma_error,geom_model_gaussian1_depth,geom_model_gaussian1_depth_error,geom_model_gaussian2_phase,geom_model_gaussian2_phase_error,geom_model_gaussian2_sigma,geom_model_gaussian2_sigma_error,geom_model_gaussian2_depth,geom_model_gaussian2_depth_error,geom_model_cosine_half_period_amplitude,geom_model_cosine_half_period_amplitude_error,geom_model_cosine_half_period_phase,geom_model_cosine_half_period_phase_error,model_type,num_model_parameters,reduced_chi2,derived_primary_ecl_phase,derived_primary_ecl_phase_error,derived_primary_ecl_duration,derived_primary_ecl_duration_error,derived_primary_ecl_depth,derived_primary_ecl_depth_error,derived_secondary_ecl_phase,derived_secondary_ecl_phase_error,derived_secondary_ecl_duration,derived_secondary_ecl_duration_error,derived_secondary_ecl_depth,derived_secondary_ecl_depth_error
375316653866487564,5357040660229196800,0.51851994,2136.6651712295115,2.376252171100764,1.2430457E-5,18.629673,0.040616386,0.2852084,0.0067241443,0.11048844,0.01854528,0.21616167,0.03882531,0.7794728,0.004790681,0.11281405,0.020433262,0.21134663,0.036583763,null,null,null,null,"TWOGAUSSIANS",8,2.8372042,0.2852184,0.006726115,0.4,0.0,0.1832992,0.010104107,0.7794728,0.004790681,0.4,0.0,0.17847651,0.009159106
375316653866487564,5357041072575052160,0.5410303,2147.075163761549,2.4160015983829752,7.945347E-6,19.024717,0.05418159,0.3157175,0.0020878322,0.05511266,0.008823768,0.7725841,0.11656537,0.80056554,0.013537599,0.05078306,0.016578935,0.24125642,0.14992929,0.059873383,0.07917615,0.3157175,0.0020878322,"TWOGAUSSIANS_WITH_ELLIPSOIDAL_ON_ECLIPSE1",9,12.080459,0.3157175,0.0020878322,0.3086309,0.0494131,0.8923036,0.10612492,0.80194557,0.012826917,0.28438514,0.092842035,0.3599925,0.035332248
375316653866487564,5357041622330880896,0.59473765,2176.469508881546,0.39959163120357205,2.5119598E-6,16.974302,0.001048202,0.23234114,8.707765E-4,0.017642511,9.801845E-4,0.22427148,0.0061538457,0.5599369,0.028048767,0.009535209,0.01342254,0.012181956,46.13085,0.0013279977,0.0016371072,0.23234114,8.707765E-4,"TWOGAUSSIANS_WITH_ELLIPSOIDAL_ON_ECLIPSE1",9,1.821993,0.23234114,8.707765E-4,0.09879807,0.0054890336,0.22692747,0.0065582357,0.56003684,0.028139153,0.05339717,0.075166225,0.012765541,46.130672
375316653866487564,5357042206439513216,0.5001649,2132.956056769014,0.4712137296255515,1.6178199E-5,19.741789,0.0079200175,0.26223242,0.001042421,0.014356111,8.3496276E-4,0.5161525,0.029195683,0.5605083,0.010948115,0.039087042,0.010003675,0.06425859,0.012794185,null,null,null,null,"TWOGAUSSIANS",8,2.0935352,0.26223242,0.001042421,0.08039422,0.0046757916,0.5161525,0.029195683,0.5605083,0.010948115,0.21888743,0.05602058,0.06425859,0.012794185
375316653866487564,5357042584396638464,0.68167335,2163.995164727691,0.6384279245149839,1.0041197E-6,14.193553,0.0013684453,0.31007916,4.5073812E-4,0.031632166,6.257828E-4,0.27042496,0.0054883193,0.8088348,4.5880655E-4,0.028307749,5.238093E-4,0.44055092,0.0039192443,0.022949228,0.0022188504,0.31007916,4.5073812E-4,"TWOGAUSSIANS_WITH_ELLIPSOIDAL_ON_ECLIPSE1",9,19.53684,0.8088448,4.5880655E-4,0.1585234,0.002933332,0.4864466,0.0023195778,0.31007916,4.5073812E-4,0.17714013,0.0035043838,0.31632343,0.0053864857
375316653866487564,5357043473439810304,0.56062853,2116.2877052746016,1.4991783703473096,2.1172296E-5,18.187765,0.0035441353,0.36089304,0.08252513,0.08516472,0.04191851,0.013864595,0.005062276,0.60855436,0.004105211,0.05401674,0.003432148,0.26672775,0.006422016,null,null,null,null,"TWOGAUSSIANS",8,2.6862633,0.60855436,0.004105211,0.30249372,0.019220028,0.2669298,0.0063494476,0.36122304,0.08429265,0.4,0.10492692,0.013871928,0.0050887647
375316653866487564,5357044336720428032,0.532417,2151.617642809941,3.143047405700268,1.2254836E-5,19.244753,0.01793211,0.15171778,0.0060496232,0.08341144,0.006381766,0.63547474,0.03355362,0.6565987,0.006462247,0.077861995,0.0066624735,0.45646816,0.018720822,null,null,null,null,"TWOGAUSSIANS",8,4.2259736,0.15171778,0.0060496232,0.4,0.0,0.6274225,0.03309323,0.6565987,0.006462247,0.4,0.0,0.44841596,0.014052434
375316653866487564,5357045058274645120,0.50791603,2137.430277470324,2.9081045671964723,1.25877805E-5,19.51378,0.007062353,0.24623172,0.012431484,0.030270414,0.006475981,0.50776374,0.0627267,0.7585636,0.0034371128,0.06255486,0.0042586285,0.25636587,0.014816174,null,null,null,null,"TWOGAUSSIANS",8,3.0620852,0.24623172,0.012431484,0.16951433,0.036265492,0.50776356,0.06272659,0.7585636,0.0034371128,0.3503072,0.02384832,0.25636572,0.014816226
375316653866487564,5357045642390360320,0.46840647,2111.8256718865373,2.6792130465261232,3.4886285E-5,19.047277,0.06521519,0.20053184,0.007806381,0.12779216,0.027718049,0.26914322,0.06361568,0.6702382,0.01100778,0.10219962,0.033033162,0.163192,0.062259305,null,null,null,null,"TWOGAUSSIANS",8,4.8500323,0.20054184,0.007775033,0.4,0.0,0.23919706,0.019223336,0.6702382,0.01100778,0.4,0.0,0.13360406,0.02472514
375316653866487564,5357046226528768640,0.6041166,2169.1077491844912,0.807717089521771,5.9468935E-6,15.556949,0.0017205763,0.2171729,6.7378406E-4,0.02673931,0.001601416,0.41681352,0.030123677,0.7130531,0.0051895212,0.027489197,0.0073907664,0.09729957,0.12198508,0.021957356,0.002739189,0.7130531,0.0051895212,"TWOGAUSSIANS_WITH_ELLIPSOIDAL_ON_ECLIPSE2",9,16.317924,0.21715291,6.6968123E-4,0.14974013,0.0089679295,0.46069896,0.030470107,0.7130531,0.0051895212,0.1539395,0.041388292,0.14121427,0.12447109
375316653866487564,5357047424806268928,0.5842227,2136.1799095404413,2.6292453243047706,1.6111007E-6,17.958324,0.0012577568,0.62970966,1.1024204E-4,0.005896116,7.9536345E-5,3.3111014,0.23247543,0.1800173,0.0042140507,0.005289887,0.0031293614,0.019949887,0.118835926,null,null,null,null,"TWOGAUSSIANS",8,1.4405766,0.62970966,1.1024204E-4,0.03301825,4.4540354E-4,3.3111014,0.23247543,0.1800173,0.0042140507,0.029623369,0.017524423,0.019949887,0.118835926
375316653866487564,5357047497839122176,0.64775985,2165.140157798264,1.1607787623388097,3.59154E-6,14.451366,0.0035982674,0.26709634,0.004939313,0.030583832,0.0050889566,0.10403699,0.04151994,0.76246977,6.248456E-4,0.03487654,0.0019013324,1.2125046,0.09520472,0.03842115,0.004564503,0.26709634,0.004939313,"TWOGAUSSIANS_WITH_ELLIPSOIDAL_ON_ECLIPSE1",9,77.90179,0.76249975,6.226552E-4,0.19530861,0.010647462,1.2892824,0.09838497,0.26709634,0.004939313,0.17126946,0.028498158,0.18087927,0.041456137
375316653866487564,5357047807076806656,0.6102906,2168.592547970373,3.00363532161313,3.778559E-6,17.552544,0.01322844,0.21398531,0.0015762977,0.058877073,0.0031660672,0.4943928,0.045021188,0.7163939,0.0017409461,0.04976816,0.0026683344,0.45132917,0.032102358,0.09055139,0.016671162,0.21398531,0.0015762977,"TWOGAUSSIANS_WITH_ELLIPSOIDAL_ON_ECLIPSE1",9,9.359828,0.21398531,0.0015762977,0.32971162,0.017729975,0.67543465,0.03868111,0.7163939,0.0017409461,0.2787017,0.014942673,0.6323295,0.020789452
375316653866487564,5357048111995231744,0.47944334,2173.5351361315747,1.386528785292998,3.8786347E-5,18.079708,0.0038967803,0.27492082,0.008180379,0.02812656,0.009751821,0.2503614,0.08493723,0.76467913,0.010126892,0.012769507,0.00818515,0.05693782,0.62843955,0.04616952,0.006063506,0.27492082,0.008180379,"TWOGAUSSIANS_WITH_ELLIPSOIDAL_ON_ECLIPSE1",9,9.2001,0.27492082,0.008180379,0.15750873,0.054610197,0.3427004,0.08578525,0.7648891,0.010149516,0.07150924,0.04583684,0.14890276,0.6277855
375316653866487564,5357048386873551616,0.53150964,2154.9957847959627,2.833748945993284,1.0829289E-5,18.56383,0.041090764,0.22415614,0.0043298085,0.099621676,0.011944946,0.32651046,0.038892515,0.7271935,0.00648497,0.11864825,0.020204023,0.294388,0.035442237,null,null,null,null,"TWOGAUSSIANS",8,3.8488998,0.22414614,0.0043446673,0.4,0.0,0.28348997,0.008237949,0.7271935,0.00648497,0.4,0.0,0.25128734,0.01713211
375316653866487564,5357049009643752832,0.59679115,2138.4529125380827,3.5500367145481473,4.1679723E-6,18.755714,0.012182985,0.278892,0.0013671499,0.04502075,0.0034346303,0.46824107,0.019051114,0.77548903,0.0027110423,0.048180286,0.0043143625,0.36730236,0.030958299,0.11655114,0.019066228,0.278892,0.0013671499,"TWOGAUSSIANS_WITH_ELLIPSOIDAL_ON_ECLIPSE1",9,3.8212495,0.278892,0.0013671499,0.25211623,0.019233929,0.7013427,0.026982814,0.77583903,0.0024005384,0.2698096,0.024160432,0.60030854,0.016625129
375316653866487564,5357049181441240448,0.5335517,2152.3453144419614,2.474848508544157,7.773077E-6,17.730005,0.02629253,0.2756448,0.0030504542,0.1137532,0.015104196,0.18595698,0.023252752,0.78289074,0.0038345668,0.10587797,0.013033156,0.18483678,0.024823597,null,null,null,null,"TWOGAUSSIANS",8,3.399613,0.27563483,0.0030623407,0.4,0.0,0.16022356,0.008006507,0.78290075,0.0038536303,0.4,0.0,0.15912238,0.0066801463
375316653866487564,5357049280229005312,0.49314597,2169.1145430867523,1.803442698166137,3.6571775E-5,17.475084,0.0033614647,0.2698974,0.013669133,0.023615705,0.007070806,0.21419619,0.04355317,0.8316896,0.014454061,0.007844012,0.00905572,0.042416114,3.0469174E7,0.0065881284,0.0056371465,0.8316896,0.014454061,"TWOGAUSSIANS_WITH_ELLIPSOIDAL_ON_ECLIPSE2",9,7.7503123,0.2700474,0.013600397,0.13224795,0.039596513,0.22548844,0.04431828,0.8316896,0.014454061,0.04392647,0.050712027,0.05559236,3.0469174E7
375316653866487564,5357051410529598848,0.62994176,2122.1598599544127,2.4396498416411547,3.9630772E-6,16.663088,0.006654911,0.257859,0.0021273694,0.09898635,0.0033232144,0.35029584,0.008022895,0.75910765,0.0012735543,0.09150072,0.002473277,0.398979,0.0077570304,null,null,null,null,"TWOGAUSSIANS",8,6.469426,0.75910765,0.0012735543,0.4,0.0,0.3756297,0.0073985984,0.257859,0.0021273694,0.4,0.0,0.32694477,0.0067980746
375316653866487564,5357052342538479744,0.521604,2149.936911738474,3.881859648525315,9.9208555E-6,19.763456,0.016029151,0.27337503,0.0037962187,0.06989987,0.0049621304,0.5671603,0.03216055,0.7707235,0.005690979,0.061419837,0.0076701143,0.5159348,0.048827246,null,null,null,null,"TWOGAUSSIANS",8,2.6735992,0.27337503,0.0037962187,0.3914393,0.026137251,0.5664472,0.032119002,0.7707235,0.005690979,0.3439511,0.04295264,0.5152218,0.049275547
375316653866487564,5357052441322562432,0.5765531,2148.6990584719238,2.866574251341673,3.222682E-6,18.625076,0.006804802,0.2209603,0.0017919643,0.05148965,0.0050168657,0.22252437,0.04037349,0.72200006,0.0016802872,0.044158187,0.0036833887,0.22239597,0.014997051,0.07486422,0.009466497,0.2209603,0.0017919643,"TWOGAUSSIANS_WITH_ELLIPSOIDAL_ON_ECLIPSE1",9,1.6336687,0.2209603,0.0017919643,0.28834206,0.028094448,0.3722511,0.040809963,0.72200006,0.0016669194,0.24728584,0.020626977,0.3721163,0.014102479
375316653866487564,5357052510041341952,0.57117414,2161.532448133782,0.08955122798732686,8.730281E-6,17.052061,7.050709E-4,0.32647604,0.008713265,0.026895845,0.0063646724,0.23561628,0.5077797,0.7961577,0.0067818915,0.007801403,0.005536871,0.32692072,0.30383024,null,null,null,null,"TWOGAUSSIANS",8,1.0227807,0.7961577,0.0067818915,0.043687858,0.031006478,0.32692072,0.30383024,0.32647604,0.008713265,0.15061674,0.035642166,0.23561628,0.5077797
375316653866487564,5357052647480169216,0.4942916,2133.9627503459055,3.7784867335255226,1.2990894E-5,18.646309,0.021245155,0.26050282,0.0042520547,0.06654704,0.006809259,0.46110657,0.03524918,0.76653016,0.017447682,0.06260543,0.020089379,0.34896213,0.027847506,null,null,null,null,"TWOGAUSSIANS",8,18.602549,0.26050282,0.0042520547,0.37266344,0.038131848,0.46073297,0.03486576,0.76653016,0.017447682,0.3505904,0.0685344,0.3485885,0.027696416
375316653866487564,5357053197236812032,0.60329646,2139.502612239597,1.6413760915371287,4.8335173E-6,17.700508,0.0052835355,0.27876088,0.0014467506,0.07544907,0.0024331452,0.34431133,0.0076413862,0.78505725,0.0037545164,0.10292655,0.0051751183,0.14089903,0.0056336927,null,null,null,null,"TWOGAUSSIANS",8,3.2175503,0.27876088,0.0014467506,0.4,0.0,0.337252,0.007574531,0.78505725,0.0037545164,0.4,0.0,0.13383749,0.004278534
375316653866487564,5357053338969110144,0.4882403,2172.6296778380274,2.876828569018646,1.5701384E-5,19.468044,0.013583967,0.2284383,0.004672168,0.0877299,0.007830318,0.2433157,0.016872704,0.72445446,0.0060084267,0.07905369,0.0075522303,0.25776824,0.016006801,null,null,null,null,"TWOGAUSSIANS",8,1.6719903,0.72445446,0.0060084267,0.4,0.0,0.25257418,0.014360993,0.2284383,0.004672168,0.4,0.0,0.23812158,0.01586507
375316653866487564,5357054094909472768,0.67070115,2153.5776460806883,0.34660938700175636,1.3957682E-5,16.661118,0.0013353479,0.31672153,0.11034602,0.04903373,0.11396771,0.004562961,0.0056609525,0.8343815,9.3942246E-4,0.020175207,9.795879E-4,0.57669866,0.023520019,null,null,null,null,"TWOGAUSSIANS",8,2.2059083,0.8343815,9.3942246E-4,0.112981156,0.005485692,0.57669866,0.02352002,0.31672153,0.11034602,0.27458888,0.6286123,0.004562961,0.0056609553
375316653866487564,5357054575945699456,0.49937695,2140.661772691003,0.07108099027251688,4.6068588E-5,16.349392,0.008086819,0.22920878,0.05090298,0.036356647,0.026696445,0.13629916,5.1097026,0.6973844,0.014919709,0.0060940837,0.0049150707,0.59648234,1.5477895,0.04954115,0.00873539,0.6973844,0.014919709,"TWOGAUSSIANS_WITH_ELLIPSOIDAL_ON_ECLIPSE2",9,43.90772,0.6973844,0.014919709,0.03412687,0.027524395,0.69556457,1.5511485,0.22700879,0.04856803,0.20359722,0.1495001,0.23173876,5.108931
375316653866487564,5357055297500103040,0.5003169,2140.6263934866884,0.37501180494558933,1.6732818E-5,14.445464,6.3079194E-4,0.31097728,0.0038999496,0.014420281,0.0020978658,0.13946395,0.04829149,null,null,null,null,null,null,0.00269837,8.5812405E-4,0.31097728,0.0038999496,"ONEGAUSSIAN_WITH_ELLIPSOIDAL",6,12.246021,0.31097728,0.0038999496,0.08075357,0.011748049,0.14486068,0.04845424,null,null,null,null,null,null
375316653866487564,5357055812896189696,0.57460696,2147.3321369519585,1.3527871876175017,8.919126E-6,17.921804,0.0023229925,0.2699353,0.003973571,0.047827806,0.003017078,0.220213,0.010991092,0.7768482,0.002816997,0.041993964,0.0025312959,0.41683325,0.044724382,null,null,null,null,"TWOGAUSSIANS",8,2.8231418,0.7768482,0.002816997,0.23516619,0.014175257,0.4168332,0.04472442,0.2699353,0.003973571,0.2678357,0.016895637,0.22021292,0.010991132
375316653866487564,5357056019054744832,0.60078233,2144.8113720992837,0.6624452821022062,5.7426637E-6,17.495832,0.0013082904,0.22780877,0.0023168707,0.026597187,0.0021277687,0.30601025,0.008721085,0.83213145,0.011603842,0.015643587,0.012266575,0.0134796705,0.0058980524,null,null,null,null,"TWOGAUSSIANS",8,1.7636175,0.22780877,0.0023168707,0.14894424,0.011915505,0.30601025,0.008721085,0.83213145,0.011603842,0.08760409,0.068692826,0.0134796705,0.0058980524
375316653866487564,5357056122107827328,0.47084075,2131.971868610456,0.6013558477504227,6.5698405E-5,18.731615,0.002057802,0.20097065,0.0055216486,0.016634515,0.005768669,0.041203514,0.028318979,0.5673823,0.06129585,0.05446606,0.033169203,0.18998682,1.1404364,null,null,null,null,"TWOGAUSSIANS",8,1.3181771,0.5673823,0.06129585,0.30500996,0.18574753,0.18998682,1.1404364,0.20097065,0.0055216486,0.09315328,0.032304544,0.041203514,0.028318979
375316653866487564,5357056259572923136,0.5892322,2167.4013289068444,3.369636602926204,6.3348734E-6,17.252962,0.0074957614,0.31472,0.0020053734,0.076515,0.0025584,0.5823593,0.013062513,0.824447,0.003005946,0.081246704,0.0032026616,0.43303612,0.009206162,null,null,null,null,"TWOGAUSSIANS",8,15.893298,0.31472,0.0020053734,0.4,0.0,0.576962,0.013066607,0.824447,0.003005946,0.4,0.0,0.42763883,0.008306468
375316653866487564,5357056809328771200,0.4801229,2167.997605088928,0.9163719028915394,3.2874304E-5,17.657307,0.0027649626,0.2463419,0.0046451986,0.04340988,0.0044233594,0.1566381,0.011692639,0.7737077,0.019638108,0.054617044,0.018435445,0.051552527,0.006708916,null,null,null,null,"TWOGAUSSIANS",8,5.382484,0.2463419,0.0046451986,0.24309532,0.024770813,0.15663801,0.011692939,0.7737077,0.019638108,0.30585545,0.10323849,0.051552437,0.0067120357
375316653866487564,5357056809328776448,0.5334806,2151.4410381040275,3.2934421282039548,1.0900704E-5,19.059628,0.006982637,0.22838292,0.0029191133,0.06980464,0.00425258,0.2973276,0.01248678,0.7409693,0.004624564,0.07833598,0.0046071266,0.40433094,0.01314209,null,null,null,null,"TWOGAUSSIANS",8,2.6476984,0.7409693,0.004624564,0.4,0.0,0.40257636,0.012925071,0.22838292,0.0029191133,0.39090598,0.019891525,0.29557303,0.012593653
375316653866487564,5357057977532788992,0.5046217,2141.4646652403662,3.255839348125647,1.1289392E-5,18.81883,0.013503285,0.23347591,0.0057921074,0.07441812,0.013715484,0.25942865,0.02362569,0.74048394,0.004273429,0.089010276,0.006237593,0.28427777,0.018180218,null,null,null,null,"TWOGAUSSIANS",8,4.7270827,0.74048394,0.004273429,0.4,0.0,0.27986214,0.016575353,0.23347591,0.0057921074,0.4,0.0023881427,0.2550131,0.027833665
