Gaia/vari_eclipsing_binary/VariEclipsingBinary_468168-468178.csv
# %ECSV 1.0
# ---
# delimiter: ','
# meta: !!omap
# - RELEASE: Gaia DR3
# - TABLE: vari_eclipsing_binary
# - DESCRIPTION: >
#     This table describes the properties of the eclipsing binaries resulting from the variability analysis. 
# - CITATION: >
#     How to cite and acknowledge Gaia: 
#     https://gea.esac.esa.int/archive/documentation/credits.html 
# - KNOWN_ISSUES: >
#     Known issues: 
#     https://www.cosmos.esa.int/web/gaia-users/known-issues 
# - DOCUMENTATION: >
#     Tutorials and documentation: 
#     https://www.cosmos.esa.int/web/gaia-users/archive 
# datatype:
# - 
#   name: solution_id
#   datatype: int64
#   description: Solution Identifier
#   meta:
#     ucd: meta.version
# - 
#   name: source_id
#   datatype: int64
#   description: Unique source identifier
#   meta:
#     ucd: meta.id;meta.main
# - 
#   name: global_ranking
#   datatype: float32
#   description: Number between 0 (worst) and 1 (best)
#   meta:
#     ucd: stat.param
# - 
#   name: reference_time
#   datatype: float64
#   unit: d
#   description: Reference time used for the geometric model fit
#   meta:
#     ucd: time.epoch
# - 
#   name: frequency
#   datatype: float64
#   unit: d**-1
#   description: Frequency of geometric model of the eclipsing binary light curve
#   meta:
#     ucd: src.orbital
# - 
#   name: frequency_error
#   datatype: float32
#   unit: d**-1
#   description: "Uncertainty of \\texttt{frequency}"
#   meta:
#     ucd: stat.error
# - 
#   name: geom_model_reference_level
#   datatype: float32
#   unit: mag
#   description: Magnitude reference level of geometric model
#   meta:
#     ucd: phot.mag;em.opt
# - 
#   name: geom_model_reference_level_error
#   datatype: float32
#   unit: mag
#   description: "Uncertainty of \\texttt{geomModelReferenceLevel}"
#   meta:
#     ucd: stat.error;phot.mag;em.opt
# - 
#   name: geom_model_gaussian1_phase
#   datatype: float32
#   description: Phase of the Gaussian 1 component
#   meta:
#     ucd: time.phase
# - 
#   name: geom_model_gaussian1_phase_error
#   datatype: float32
#   description: "Uncertainty of \\texttt{geomModelGaussian1Phase}"
#   meta:
#     ucd: stat.error;time.phase
# - 
#   name: geom_model_gaussian1_sigma
#   datatype: float32
#   description: "Standard deviation [phase] of Gaussian 1 component"
#   meta:
#     ucd: stat.stdev
# - 
#   name: geom_model_gaussian1_sigma_error
#   datatype: float32
#   description: "Uncertainty of \\texttt{geomModelGaussian1Sigma}"
#   meta:
#     ucd: stat.error
# - 
#   name: geom_model_gaussian1_depth
#   datatype: float32
#   unit: mag
#   description: Magnitude depth of Gaussian 1 component
#   meta:
#     ucd: src.var.amplitude
# - 
#   name: geom_model_gaussian1_depth_error
#   datatype: float32
#   unit: mag
#   description: "Uncertainty of \\texttt{geomModelGaussian1Depth}"
#   meta:
#     ucd: stat.error;src.var.amplitude
# - 
#   name: geom_model_gaussian2_phase
#   datatype: float32
#   description: Phase of Gaussian 2 component
#   meta:
#     ucd: time.phase
# - 
#   name: geom_model_gaussian2_phase_error
#   datatype: float32
#   description: "Uncertainty of \\texttt{geomModelGaussian2Phase}"
#   meta:
#     ucd: stat.error;time.phase
# - 
#   name: geom_model_gaussian2_sigma
#   datatype: float32
[...]
#   datatype: float32
#   description: "Secondary eclipse: uncertainty of \\texttt{derivedSecondaryEclDuration}"
#   meta:
#     ucd: stat.error;time.duration
# - 
#   name: derived_secondary_ecl_depth
#   datatype: float32
#   unit: mag
#   description: "Secondary eclipse: depth"
#   meta:
#     ucd: src.var.amplitude
# - 
#   name: derived_secondary_ecl_depth_error
#   datatype: float32
#   unit: mag
#   description: "Secondary eclipse: uncertainty of \\texttt{derivedSecondaryEclDepth}"
#   meta:
#     ucd: stat.error;src.var.amplitude
solution_id,source_id,global_ranking,reference_time,frequency,frequency_error,geom_model_reference_level,geom_model_reference_level_error,geom_model_gaussian1_phase,geom_model_gaussian1_phase_error,geom_model_gaussian1_sigma,geom_model_gaussian1_sigma_error,geom_model_gaussian1_depth,geom_model_gaussian1_depth_error,geom_model_gaussian2_phase,geom_model_gaussian2_phase_error,geom_model_gaussian2_sigma,geom_model_gaussian2_sigma_error,geom_model_gaussian2_depth,geom_model_gaussian2_depth_error,geom_model_cosine_half_period_amplitude,geom_model_cosine_half_period_amplitude_error,geom_model_cosine_half_period_phase,geom_model_cosine_half_period_phase_error,model_type,num_model_parameters,reduced_chi2,derived_primary_ecl_phase,derived_primary_ecl_phase_error,derived_primary_ecl_duration,derived_primary_ecl_duration_error,derived_primary_ecl_depth,derived_primary_ecl_depth_error,derived_secondary_ecl_phase,derived_secondary_ecl_phase_error,derived_secondary_ecl_duration,derived_secondary_ecl_duration_error,derived_secondary_ecl_depth,derived_secondary_ecl_depth_error
[from data line 368]
375316653866487564,4118088723030487168,0.5216528,2393.5454222997473,0.357717843732417,2.5348475E-6,17.92789,0.003857118,0.08608084,0.02170519,0.013342273,0.01391379,0.020926872,0.04543258,0.579299,8.1829785E-4,0.02532227,0.0010949288,0.23599498,0.010346871,0.019681029,0.0067935647,0.08608084,0.02170519,"TWOGAUSSIANS_WITH_ELLIPSOIDAL_ON_ECLIPSE1",9,7.7172594,0.579359,7.479462E-4,0.14180471,0.0061316015,0.2752861,0.012756358,0.08608084,0.02170519,0.07471673,0.077917226,0.060288835,0.04575669
375316653866487564,4118088761747126912,0.5222751,2385.5468044839804,1.7614531581711546,1.7906375E-5,18.109482,0.014309586,0.21572998,0.0039475625,0.094485946,0.009554578,0.15327723,0.014763287,0.7189935,0.006700749,0.08780021,0.0113255745,0.22551163,0.017294124,null,null,null,null,"TWOGAUSSIANS",8,4.186959,0.7189935,0.006700749,0.4,0.0,0.21738094,0.017236752,0.21572998,0.0039475625,0.4,0.0,0.14514633,0.010302098
375316653866487564,4118089002266153216,0.47071803,2436.5683533208617,2.579134637170278,2.505766E-5,19.657524,0.019024698,0.2864536,0.006254918,0.072868384,0.010820643,0.30554616,0.072964184,0.77482307,0.008259617,0.0672901,0.016672628,0.2682811,0.024622694,null,null,null,null,"TWOGAUSSIANS",8,3.8971393,0.2864536,0.006254918,0.4,0.038149074,0.30481318,0.07324974,0.77482307,0.008259617,0.37682453,0.062376,0.2675481,0.02487593
375316653866487564,4118089238401688832,0.4303122,2450.630903745833,1.1598480976734948,4.2387313E-5,16.827213,0.013355057,0.23823167,0.014160456,0.09985,0.020411288,0.08497272,0.019774059,0.67925453,0.026116781,0.07653642,0.041273344,0.084849596,0.01213279,null,null,null,null,"TWOGAUSSIANS",8,33.25666,0.23823167,0.014141569,0.4,0.0,0.08386344,0.01628216,0.67925453,0.026116781,0.4,0.0,0.083745256,0.013402935
375316653866487564,4118089311504450432,0.42626438,2530.2863888388442,2.0250431062555334,7.450954E-5,19.685728,0.015065278,0.12321402,0.0074002245,0.036594715,0.008903702,0.29490006,0.19595654,0.7113662,0.029684493,0.05318372,0.019453302,0.070647486,0.03129295,null,null,null,null,"TWOGAUSSIANS",8,5.6701217,0.12321402,0.0074002245,0.20493041,0.04986073,0.29490006,0.19595654,0.7113662,0.029684493,0.29782882,0.108938485,0.070647486,0.031292956
375316653866487564,4118089552021692032,0.4671448,2458.4556859740005,0.027975410414011834,3.4524233E-5,18.898619,0.031227805,0.17805406,0.010438236,0.06930875,0.011119279,0.25898293,0.07937843,0.60123795,0.016355624,0.17604432,0.029167574,0.2642747,0.030455343,null,null,null,null,"TWOGAUSSIANS",8,5.117792,0.18152405,0.009683651,0.38812903,0.06166331,0.24500538,0.08306063,0.60123795,0.016355624,0.4,0.0,0.23405758,0.020529034
375316653866487564,4118089655101484928,0.4558705,2402.0851393311423,1.9796057634009872,4.2926196E-5,18.585312,0.047330353,0.30296648,0.018400148,0.11772962,0.045201708,0.1260904,0.045771006,0.7897756,0.01602352,0.09873746,0.030794611,0.124272704,0.045418818,null,null,null,null,"TWOGAUSSIANS",8,4.855426,0.30296648,0.018386241,0.4,0.0,0.11108085,0.010101306,0.7897756,0.01602352,0.4,0.0,0.10929619,0.013015594
375316653866487564,4118089689461297792,0.55610925,2402.460622593215,2.139723760399124,8.314362E-6,19.423594,0.00920334,0.2709757,0.003815219,0.08004106,0.0051735444,0.43988222,0.027396379,0.761061,0.0043077837,0.07316051,0.0043271594,0.5052407,0.045165695,null,null,null,null,"TWOGAUSSIANS",8,1.9529979,0.761061,0.0043077837,0.4,0.0,0.50155216,0.046224736,0.2709757,0.003815219,0.4,0.0,0.43619367,0.028421365
375316653866487564,4118089792540972928,0.47569957,2423.6809519603044,0.4483547032917599,5.1218776E-5,19.77196,0.046026953,0.25764766,0.021820197,0.092274316,0.023033302,0.17759235,0.037394017,0.47746885,0.041710485,0.20220008,0.08146933,0.14371511,0.023657603,null,null,null,null,"TWOGAUSSIANS",8,2.6006255,0.27880767,0.025798243,0.4,0.0,0.24698858,0.028575275,0.47746885,0.041710485,0.4,0.0,0.13937354,0.024192711
375316653866487564,4118089895663788416,0.5758638,2395.7020960507843,0.3736474369828047,6.604152E-5,13.6687765,0.0010620918,0.24614637,0.01018615,0.059582893,0.010157436,0.025033794,0.0037604044,0.7594495,2.9500533E-4,0.021980662,3.8940815E-4,0.16762358,0.0033394003,null,null,null,null,"TWOGAUSSIANS",8,17.072393,0.7594495,2.9500533E-4,0.12309171,0.0021806858,0.16762358,0.0033394007,0.24614637,0.01018615,0.3336642,0.056881644,0.025033794,0.003760405
375316653866487564,4118090033059871744,0.49492243,2444.055729568925,2.4889162398861395,2.9880423E-5,19.580425,0.011182777,0.22856732,0.010449839,0.05439245,0.008028775,0.50593054,0.05030102,0.72208387,0.0031528925,0.0752954,0.0033277501,0.5804007,0.024739806,null,null,null,null,"TWOGAUSSIANS",8,8.1074095,0.72208387,0.0031528925,0.4,0.0,0.57987326,0.024759017,0.22856732,0.010449839,0.3045977,0.044961143,0.5054031,0.050337795
375316653866487564,4118090101778945920,0.4447118,2415.2916321663915,2.7996690799767943,2.7623166E-5,19.050907,0.015760543,0.31545907,0.00875639,0.08431642,0.011755847,0.20310111,0.026553905,0.8018292,0.0065452904,0.063253544,0.0149645535,0.24036264,0.02503376,null,null,null,null,"TWOGAUSSIANS",8,5.403469,0.8018292,0.0065452904,0.35421985,0.08064291,0.23935328,0.025893703,0.31545907,0.00875639,0.4,0.0,0.20209174,0.026283627
375316653866487564,4118090136138682880,0.47786474,2446.828030552581,0.05032318811136309,8.853739E-5,19.267939,0.037831683,0.3180254,0.02094246,0.1256313,0.06518935,0.0669043,0.035976112,0.7111112,0.06291099,0.004502812,0.026138322,1.4355431,2.9550664,null,null,null,null,"TWOGAUSSIANS",8,2.9365098,0.7111112,0.06291099,0.025215747,0.1463746,1.4359957,2.9534216,0.3180254,0.02094246,0.4,0.0,0.06685566,0.030330708
375316653866487564,4118090239218484480,0.42432818,2551.2872325383946,4.910102927630402,1.8436083E-5,19.40247,0.018771,0.23131767,0.01547991,0.02718766,0.007743267,0.5123092,0.12652862,0.5601919,0.005848772,0.012845202,0.0039453055,0.42758557,0.23171751,0.02136154,0.026184903,0.23131767,0.01547991,"TWOGAUSSIANS_WITH_ELLIPSOIDAL_ON_ECLIPSE1",9,7.2710757,0.23131767,0.01547991,0.1522509,0.043362297,0.5550322,0.13092624,0.56028193,0.0060345223,0.071933135,0.02209371,0.43725672,0.23171489
375316653866487564,4118090307938157312,0.47126678,2517.649860567866,0.1712677106056888,1.7880931E-5,19.739834,0.01122598,0.16774404,0.008377582,0.06483358,0.012754965,0.0829004,0.020781547,0.61724865,3.909571E-4,0.015059027,0.0010049412,0.655766,0.093528815,null,null,null,null,"TWOGAUSSIANS",8,3.2926328,0.61724865,3.909571E-4,0.08433055,0.005627671,0.655766,0.093528815,0.16774404,0.008377582,0.36306804,0.0714278,0.0829004,0.020781547
375316653866487564,4118090307938165120,0.50458497,2494.5000390451833,1.3808661649135234,1.356855E-5,17.716032,0.7121094,0.26102948,0.0038263767,0.1438151,0.064227715,0.3968145,0.43348393,0.7574308,0.0059353756,0.25120035,0.250354,0.46194085,0.70421034,null,null,null,null,"TWOGAUSSIANS",8,2.9048002,0.26265946,0.002460271,0.4,0.0,0.15363775,0.0073648593,0.7574308,0.0059353756,0.4,0.0,0.09349118,0.0063658427
375316653866487564,4118090578449075840,0.53537965,2402.9542986137344,1.4916916625834638,5.9301183E-6,18.792686,0.00781865,0.115002304,0.027064212,0.072697,0.035808362,0.05913188,0.10933127,0.63325715,0.0014837489,0.041678272,0.0016560486,0.70556384,0.022173617,null,null,null,null,"TWOGAUSSIANS",8,6.91703,0.63325715,0.0014837489,0.23339832,0.009273872,0.70555454,0.02216716,0.115002304,0.027064212,0.4,0.16606335,0.05912259,0.10934388
375316653866487564,4118090582815573888,0.4650681,2446.3497060165414,3.978291855258011,2.6435526E-5,19.037613,0.008130038,0.25424668,0.01569162,0.09195858,0.009787116,0.35223252,0.058440674,0.7272032,0.0059739165,0.009402078,0.002794808,0.2290307,0.12509544,null,null,null,null,"TWOGAUSSIANS",8,4.841565,0.25424668,0.01569162,0.4,0.0,0.35223186,0.058441736,0.7272032,0.0059739165,0.052651633,0.015650924,0.22903071,0.12509438
375316653866487564,4118090582817011328,0.42622656,2518.0363040316824,1.0916975042849673,1.4581916E-5,19.794062,0.017752696,0.5065423,0.035679158,0.07711136,0.034403715,0.10162977,0.035787042,0.70259327,0.0027867563,0.019844629,0.002482297,0.25399426,0.05435682,null,null,null,null,"TWOGAUSSIANS",8,3.0864654,0.70259327,0.0027867563,0.111129925,0.013900862,0.25800645,0.055742722,0.5065423,0.035679158,0.4,0.051846433,0.10162977,0.03578706
375316653866487564,4118090651534828032,0.54837465,2438.5729105075166,2.1604752249614774,8.36065E-6,18.563915,0.009479172,0.27346012,0.0033039183,0.09851474,0.005048028,0.30474138,0.0097909635,0.77094924,0.0024751106,0.08886355,0.004474242,0.32881364,0.010429821,null,null,null,null,"TWOGAUSSIANS",8,2.144563,0.77094924,0.0024751106,0.4,0.0,0.31151572,0.010153341,0.27346012,0.0033039183,0.4,0.0,0.28744197,0.0065119774
375316653866487564,4118090823334245376,0.4139932,2545.971042837453,4.172010327432815,3.4404413E-5,19.299591,0.017365526,0.2561483,0.0073887194,0.025408505,0.008150204,0.124249,0.028849745,0.61922103,0.035628483,0.14020531,0.046236534,0.079589024,0.01726264,null,null,null,null,"TWOGAUSSIANS",8,2.6805637,0.25641832,0.007485774,0.14228763,0.045641143,0.12676693,0.030584166,0.61922103,0.035628483,0.4,0.0,0.07931338,0.014863927
375316653866487564,4118091025132481152,0.5850706,2424.894829985484,1.5122203905461897,5.5496216E-6,17.857199,0.0076846625,0.2720481,0.0033371057,0.082886405,0.0068564657,0.22525942,0.008423555,0.7728762,0.001287602,0.08657035,0.0033347243,0.30508697,0.00706032,null,null,null,null,"TWOGAUSSIANS",8,2.6927185,0.7728762,0.001287602,0.4,0.0,0.29842365,0.0062347446,0.2720481,0.0033371057,0.4,0.0,0.2185961,0.009277173
375316653866487564,4118091059473042304,0.56102204,2394.179291801069,0.9725261190185969,9.352755E-6,16.772842,0.008922479,0.28081706,0.0023208437,0.07036198,0.0032751386,0.25284827,0.010285495,0.7842567,0.003494467,0.080299444,0.0065564136,0.14104016,0.009561059,null,null,null,null,"TWOGAUSSIANS",8,10.985092,0.28081706,0.0023208437,0.39402708,0.016643262,0.25146627,0.0096545955,0.7842567,0.003494467,0.4,0.0,0.13965818,0.00904171
375316653866487564,4118091235648947712,0.5049451,2408.556589528886,0.3501797723278325,1.1248522E-5,18.227594,0.003666632,0.7287686,0.0017537681,0.023927325,0.0024936209,0.8031983,0.28428817,null,null,null,null,null,null,0.03452087,0.006053545,0.7287686,0.0017537681,"ONEGAUSSIAN_WITH_ELLIPSOIDAL",6,2.8545625,0.7287686,0.0017537681,0.13399303,0.013964277,0.8722399,0.29003152,null,null,null,null,null,null
375316653866487564,4118091270011633024,0.43707946,2523.6132275044565,1.6826357071263252,2.6561149E-5,19.492903,0.016644962,0.12594227,0.003392158,0.016764373,0.0037163252,0.30996782,0.080227844,0.6220472,0.0075614047,0.036884867,0.0075948713,0.21007526,0.055550907,null,null,null,null,"TWOGAUSSIANS",8,5.6159496,0.12594227,0.003392158,0.09388049,0.020811422,0.30996782,0.080227844,0.6220472,0.0075614047,0.20655525,0.04253128,0.21007526,0.055550907
375316653866487564,4118091437425380096,0.5711834,2404.3621657659696,1.1363398922557557,6.3062557E-6,17.00788,0.0033986506,0.1949276,9.4980095E-4,0.07228209,0.002466532,0.16039012,0.0037652417,0.6984565,0.005051648,0.09085304,0.008734149,0.0805027,0.0051392624,null,null,null,null,"TWOGAUSSIANS",8,2.6849473,0.1949276,9.4980095E-4,0.4,0.003223975,0.15855916,0.0034806652,0.6984565,0.005051648,0.4,0.0,0.07867169,0.0053327805
375316653866487564,4118091510527794432,0.48108265,2470.044492464258,0.16570867118978375,3.5103105E-5,19.670874,0.015658056,0.46673185,0.0369469,0.050105527,0.03667355,0.20948361,0.039393947,0.7243077,1.5067052E-5,0.010219094,1.5146457E-4,0.9986739,0.0131564075,null,null,null,null,"TWOGAUSSIANS",8,4.499694,0.7243077,1.5067052E-5,0.05722693,8.482016E-4,0.9986743,0.013306383,0.46673185,0.0369469,0.28059095,0.13419442,0.20948361,0.039393943
375316653866487564,4118091544887573888,0.50502557,2413.256785333969,2.813441294829613,7.690516E-6,18.387672,0.0081210565,0.21600659,0.0030500013,0.09043657,0.0054995315,0.16330107,0.007832023,0.72666687,0.0043404866,0.08483746,0.012084293,0.18962528,0.021081315,null,null,null,null,"TWOGAUSSIANS",8,2.3441632,0.72666687,0.0043404866,0.4,0.0,0.18459418,0.024953801,0.21600659,0.0030500013,0.4,0.0,0.15826988,0.004743072
375316653866487564,4118091579247335296,0.44935444,2442.9866538651245,0.623110407339288,2.9566061E-5,19.313002,0.0048884433,0.1474488,0.0053579193,0.019987343,0.004295405,1.1136857,6.368462,0.4647639,0.027834125,0.053171422,0.012595844,0.06481071,0.029229425,0.018738583,0.00785421,0.1474488,0.0053579193,"TWOGAUSSIANS_WITH_ELLIPSOIDAL_ON_ECLIPSE1",9,2.8147864,0.1474488,0.0053579193,0.111929126,0.024054268,1.1511626,6.370013,0.47324392,0.022904808,0.29775998,0.07053673,0.071867734,0.031872876
375316653866487564,4118091579247468544,0.5115739,2383.105977556597,1.9288133337217404,1.5298432E-5,19.03205,0.016393045,0.30297562,0.003346137,0.062005024,0.00494754,0.46330655,0.021069413,0.79615563,0.005410286,0.057330105,0.008258797,0.4758178,0.115114644,null,null,null,null,"TWOGAUSSIANS",8,7.2843876,0.79615563,0.005410286,0.3210486,0.046249267,0.47570416,0.11526354,0.30297562,0.003346137,0.34722814,0.027706224,0.4631929,0.02101363
375316653866487564,4118091922888313472,0.4522825,2493.9924038558916,3.7305330237458167,1.6733413E-4,16.810263,0.050087467,0.23698913,0.024601215,0.20530213,0.09979594,0.10369717,0.046708796,0.59959936,0.014460111,0.06945477,0.022744877,0.18744466,0.02468525,null,null,null,null,"TWOGAUSSIANS",8,2.6230056,0.59959936,0.014460111,0.38894668,0.07997071,0.19414453,0.034523193,0.23699912,0.024569985,0.4,0.0,0.08776642,0.016097415
375316653866487564,4118092159003921408,0.46354416,2447.9636256874173,0.03994945229426624,1.5675527E-5,19.11926,0.012153443,0.43175945,0.0062183137,0.0625678,0.00698323,0.46047783,0.10374951,0.1882553,0.020177778,0.06941344,0.012567799,0.24383457,0.064639896,null,null,null,null,"TWOGAUSSIANS",8,4.924614,0.43152943,0.0059246607,0.35037968,0.039106086,0.4609993,0.10379646,0.18855529,0.020276854,0.38871524,0.056267515,0.24407339,0.06474099
375316653866487564,4118092163363348224,0.4975225,2400.7945840745638,2.742140805246503,2.5521878E-5,19.422743,0.02010263,0.2837311,0.0053697876,0.07412035,0.008356017,0.41041476,0.05132205,0.79470795,0.005649052,0.07357075,0.008436336,0.4001092,0.054150306,null,null,null,null,"TWOGAUSSIANS",8,5.3120866,0.2837311,0.0053697876,0.4,0.012842042,0.40837532,0.051728193,0.79470795,0.005649052,0.4,0.015352252,0.3980698,0.054669343
375316653866487564,4118092300802257152,0.44954056,2403.0235533713885,3.926792681287687,4.502595E-5,19.771614,0.015503808,0.24344328,0.009233407,0.029471815,0.010594404,0.11827751,0.031621605,0.6964088,0.01712277,0.11703714,0.021463968,0.2084863,0.018994253,null,null,null,null,"TWOGAUSSIANS",8,2.0792797,0.6964088,0.01712277,0.4,0.0,0.20819727,0.018238679,0.24347328,0.00926084,0.16504216,0.059328664,0.11810881,0.03154423
375316653866487564,4118092300802363264,0.44215184,2407.6095654754113,3.273721291675576,2.1461698E-5,19.546272,0.086399645,0.24470688,0.013034038,0.11198985,0.036313828,0.39914313,0.06883841,0.76297796,0.006208597,0.07526878,0.010160146,0.55203104,0.103946894,null,null,null,null,"TWOGAUSSIANS",8,13.675569,0.7629879,0.0062242444,0.4,0.0048211687,0.5328904,0.08553668,0.24470688,0.013034038,0.4,0.0,0.37995523,0.061323732
375316653866487564,4118092541321404928,0.5035674,2415.9892434185344,1.4543474941040277,1.0976814E-5,16.884813,0.38521302,0.2518454,0.0060144244,0.16102879,0.13820827,0.18854997,0.38275167,0.7506346,0.0030562566,0.11063251,0.027958136,0.26314893,0.19652686,null,null,null,null,"TWOGAUSSIANS",8,5.7554016,0.7506346,0.0030684404,0.4,0.0,0.19059347,0.008307693,0.2518554,0.006042632,0.4,0.0,0.112972975,0.005919703
