Gaia/vari_eclipsing_binary/VariEclipsingBinary_607100-607132.csv
# %ECSV 1.0
# ---
# delimiter: ','
# meta: !!omap
# - RELEASE: Gaia DR3
# - TABLE: vari_eclipsing_binary
# - DESCRIPTION: >
#     This table describes the properties of the eclipsing binaries resulting from the variability analysis. 
# - CITATION: >
#     How to cite and acknowledge Gaia: 
#     https://gea.esac.esa.int/archive/documentation/credits.html 
# - KNOWN_ISSUES: >
#     Known issues: 
#     https://www.cosmos.esa.int/web/gaia-users/known-issues 
# - DOCUMENTATION: >
#     Tutorials and documentation: 
#     https://www.cosmos.esa.int/web/gaia-users/archive 
# datatype:
# - 
#   name: solution_id
#   datatype: int64
#   description: Solution Identifier
#   meta:
#     ucd: meta.version
# - 
#   name: source_id
#   datatype: int64
#   description: Unique source identifier
#   meta:
#     ucd: meta.id;meta.main
# - 
#   name: global_ranking
#   datatype: float32
#   description: Number between 0 (worst) and 1 (best)
#   meta:
#     ucd: stat.param
# - 
#   name: reference_time
#   datatype: float64
#   unit: d
#   description: Reference time used for the geometric model fit
#   meta:
#     ucd: time.epoch
# - 
#   name: frequency
#   datatype: float64
#   unit: d**-1
#   description: Frequency of geometric model of the eclipsing binary light curve
#   meta:
#     ucd: src.orbital
# - 
#   name: frequency_error
#   datatype: float32
#   unit: d**-1
#   description: "Uncertainty of \\texttt{frequency}"
#   meta:
#     ucd: stat.error
# - 
#   name: geom_model_reference_level
#   datatype: float32
#   unit: mag
#   description: Magnitude reference level of geometric model
#   meta:
#     ucd: phot.mag;em.opt
# - 
#   name: geom_model_reference_level_error
#   datatype: float32
#   unit: mag
#   description: "Uncertainty of \\texttt{geomModelReferenceLevel}"
#   meta:
#     ucd: stat.error;phot.mag;em.opt
# - 
#   name: geom_model_gaussian1_phase
#   datatype: float32
#   description: Phase of the Gaussian 1 component
#   meta:
#     ucd: time.phase
# - 
#   name: geom_model_gaussian1_phase_error
#   datatype: float32
#   description: "Uncertainty of \\texttt{geomModelGaussian1Phase}"
#   meta:
#     ucd: stat.error;time.phase
# - 
#   name: geom_model_gaussian1_sigma
#   datatype: float32
#   description: "Standard deviation [phase] of Gaussian 1 component"
#   meta:
#     ucd: stat.stdev
# - 
#   name: geom_model_gaussian1_sigma_error
#   datatype: float32
#   description: "Uncertainty of \\texttt{geomModelGaussian1Sigma}"
#   meta:
#     ucd: stat.error
# - 
#   name: geom_model_gaussian1_depth
#   datatype: float32
#   unit: mag
#   description: Magnitude depth of Gaussian 1 component
#   meta:
#     ucd: src.var.amplitude
# - 
#   name: geom_model_gaussian1_depth_error
#   datatype: float32
#   unit: mag
#   description: "Uncertainty of \\texttt{geomModelGaussian1Depth}"
#   meta:
#     ucd: stat.error;src.var.amplitude
# - 
#   name: geom_model_gaussian2_phase
#   datatype: float32
#   description: Phase of Gaussian 2 component
#   meta:
#     ucd: time.phase
# - 
#   name: geom_model_gaussian2_phase_error
#   datatype: float32
#   description: "Uncertainty of \\texttt{geomModelGaussian2Phase}"
#   meta:
#     ucd: stat.error;time.phase
# - 
#   name: geom_model_gaussian2_sigma
#   datatype: float32
[...]
#   datatype: float32
#   description: "Secondary eclipse: uncertainty of \\texttt{derivedSecondaryEclDuration}"
#   meta:
#     ucd: stat.error;time.duration
# - 
#   name: derived_secondary_ecl_depth
#   datatype: float32
#   unit: mag
#   description: "Secondary eclipse: depth"
#   meta:
#     ucd: src.var.amplitude
# - 
#   name: derived_secondary_ecl_depth_error
#   datatype: float32
#   unit: mag
#   description: "Secondary eclipse: uncertainty of \\texttt{derivedSecondaryEclDepth}"
#   meta:
#     ucd: stat.error;src.var.amplitude
solution_id,source_id,global_ranking,reference_time,frequency,frequency_error,geom_model_reference_level,geom_model_reference_level_error,geom_model_gaussian1_phase,geom_model_gaussian1_phase_error,geom_model_gaussian1_sigma,geom_model_gaussian1_sigma_error,geom_model_gaussian1_depth,geom_model_gaussian1_depth_error,geom_model_gaussian2_phase,geom_model_gaussian2_phase_error,geom_model_gaussian2_sigma,geom_model_gaussian2_sigma_error,geom_model_gaussian2_depth,geom_model_gaussian2_depth_error,geom_model_cosine_half_period_amplitude,geom_model_cosine_half_period_amplitude_error,geom_model_cosine_half_period_phase,geom_model_cosine_half_period_phase_error,model_type,num_model_parameters,reduced_chi2,derived_primary_ecl_phase,derived_primary_ecl_phase_error,derived_primary_ecl_duration,derived_primary_ecl_duration_error,derived_primary_ecl_depth,derived_primary_ecl_depth_error,derived_secondary_ecl_phase,derived_secondary_ecl_phase_error,derived_secondary_ecl_duration,derived_secondary_ecl_duration_error,derived_secondary_ecl_depth,derived_secondary_ecl_depth_error
[from data line 547]
375316653866487564,5340295437456460416,0.5415438,2187.8301696019953,2.831131630879317,1.3691442E-5,19.13752,0.016770205,0.21706872,0.0025283303,0.08651988,0.0076080947,0.43730494,0.021419818,0.72387326,0.0066451984,0.07771951,0.007082843,0.39500043,0.031958908,null,null,null,null,"TWOGAUSSIANS",8,3.8055027,0.21706872,0.0025283303,0.4,0.0,0.43018168,0.022587774,0.72387326,0.0066451984,0.4,0.0,0.38787726,0.03198091
375316653866487564,5340295510493267200,0.5689948,2211.037867072779,1.9356401344495762,9.848562E-6,17.478716,0.005079076,0.22056116,0.0024018756,0.08582719,0.004449263,0.21279745,0.00984813,0.708807,0.0050708954,0.074705236,0.0056566442,0.2225612,0.0059264502,null,null,null,null,"TWOGAUSSIANS",8,4.657322,0.708807,0.0050708954,0.4,9.417177E-4,0.21986881,0.005890407,0.22056116,0.0024018756,0.4,0.0,0.21010503,0.010305552
375316653866487564,5340295643602759040,0.5622377,2203.37629534993,3.919290679590492,7.907741E-6,17.80154,0.009258592,0.13367882,0.0022289294,0.07820792,0.0037789203,0.40507418,0.011733628,0.64140326,0.0031746088,0.08054904,0.0036760918,0.35376954,0.01687953,null,null,null,null,"TWOGAUSSIANS",8,9.041638,0.13367882,0.0022289294,0.4,0.0,0.40052885,0.012117704,0.64140326,0.0031746088,0.4,0.0,0.34922418,0.016769828
375316653866487564,5340298018714886528,0.5164408,2188.7371086844255,2.9524270227383678,2.570981E-5,19.66129,0.023596656,0.25846037,0.00936749,0.08667401,0.010919019,0.3726886,0.026538428,0.7618559,0.005878251,0.08701176,0.009988047,0.37597635,0.02998638,null,null,null,null,"TWOGAUSSIANS",8,2.4936004,0.7618559,0.005878251,0.4,0.0,0.36475095,0.029948276,0.25846037,0.00936749,0.4,0.0,0.36146316,0.01908223
375316653866487564,5340298018753732480,0.5795311,2222.6933096519174,2.586344919945028,8.611482E-6,17.791002,0.01185261,0.30402076,0.0034599348,0.09330314,0.0056134257,0.26442644,0.011288054,0.80188495,0.004981999,0.08765432,0.009195535,0.23180139,0.009897878,null,null,null,null,"TWOGAUSSIANS",8,2.8489175,0.30402076,0.0034599348,0.4,0.0,0.2538738,0.00570807,0.80188495,0.004981999,0.4,0.0,0.22124901,0.0066883406
375316653866487564,5340298396670974976,0.5347883,2178.92474079115,2.4571612138348855,1.2201539E-5,19.63762,0.034436837,0.20469108,0.006186275,0.09197547,0.012800857,0.39005405,0.030934166,0.7117499,0.006254671,0.109095715,0.012417987,0.35695824,0.033944383,null,null,null,null,"TWOGAUSSIANS",8,1.2892481,0.20468108,0.0061952355,0.4,0.0,0.35930705,0.01343532,0.7117499,0.006254671,0.4,0.0,0.32619113,0.013353792
375316653866487564,5340298946426947840,0.56746256,2203.5862796184897,4.133505036084017,8.1640965E-6,18.190805,0.015835296,0.28066993,0.0024135816,0.05510454,0.0065447693,0.18118544,0.040791698,0.7858111,0.0023663281,0.046623968,0.004919677,0.26376778,0.040374193,0.107541755,0.024694812,0.28066993,0.0024135816,"TWOGAUSSIANS_WITH_ELLIPSOIDAL_ON_ECLIPSE1",9,7.6967373,0.7858111,0.0023663281,0.2610942,0.02755019,0.47862047,0.018490043,0.28066993,0.0024135816,0.30858544,0.036650706,0.3962625,0.012390921
375316653866487564,5340298946466682752,0.4567693,2225.249992725457,0.10898803550986651,3.8709102E-5,13.10022,0.045207694,0.2430165,0.007616741,0.06882387,0.06137824,0.05388571,0.025950324,0.732107,0.005057652,0.121961504,0.060888927,0.053398363,0.0434864,null,null,null,null,"TWOGAUSSIANS",8,29.908926,0.24303651,0.007760795,0.38541368,0.085979335,0.05107305,0.014417413,0.732107,0.005057652,0.4,0.0,0.050560247,0.0035476228
375316653866487564,5340298980826422912,0.64086604,2208.924046731295,0.17555683745229828,3.1200902E-6,15.571241,4.4234082E-4,0.7012811,0.023568247,0.027644733,0.013184037,0.0037457356,0.003793262,0.8713442,1.569197E-7,0.004152403,5.0833455E-6,0.69397604,4.6643018E-4,null,null,null,null,"TWOGAUSSIANS",8,2.0291607,0.8713442,1.569197E-7,0.023253458,2.8466735E-5,0.69397604,4.6643033E-4,0.7012811,0.023568247,0.1548105,0.073830605,0.0037457356,0.003793262
375316653866487564,5340299805465318400,0.5371177,2199.731713850803,3.6127064147545984,9.7245065E-6,18.565321,0.009814458,0.25513735,0.0021215042,0.03748851,0.0048562572,0.24606688,0.02848561,0.7570245,0.02757936,0.04533562,0.021156274,0.23591189,0.13036865,0.13937584,0.019536372,0.25513735,0.0021215042,"TWOGAUSSIANS_WITH_ELLIPSOIDAL_ON_ECLIPSE1",9,7.5707326,0.25513735,0.0021215042,0.20993565,0.027195042,0.5248183,0.019834952,0.7570245,0.02659604,0.2538795,0.11847514,0.5146241,0.1394495
375316653866487564,5340300114658484224,0.5786088,2230.962780904235,1.7187315337059537,7.3772862E-6,18.666298,0.0037515252,0.26357025,7.106057E-4,0.03337256,0.0017124718,0.5844171,0.008165331,0.7504293,0.0061163115,0.03965729,0.0037364285,0.66592824,0.14084776,null,null,null,null,"TWOGAUSSIANS",8,3.6400912,0.7504293,0.0061163115,0.22208084,0.020924,0.66592824,0.14084776,0.26357025,7.106057E-4,0.18688634,0.0095898425,0.5844171,0.008165331
375316653866487564,5340300213466642048,0.65490174,2235.0031910587727,0.8581481389063551,2.4106105E-6,17.241062,0.003062406,0.26469153,5.7953526E-4,0.033814326,8.9446193E-4,0.3963288,0.0076255444,0.7647863,4.6521312E-4,0.032699157,6.3622184E-4,0.4381658,0.0096783405,0.033441294,0.003974011,0.26469153,5.7953526E-4,"TWOGAUSSIANS_WITH_ELLIPSOIDAL_ON_ECLIPSE1",9,1.6353676,0.7647863,4.6521312E-4,0.18311527,0.0035628423,0.5050483,0.0072796415,0.26469153,5.7953526E-4,0.18936023,0.0050089867,0.4632113,0.0056330133
375316653866487564,5340300213466666752,0.44452998,2213.8683196814113,0.9596684771205172,5.3477714E-5,19.497313,0.0053492235,0.44763243,0.0017929836,0.013887452,0.0036164324,2.28233,14.578794,0.69535816,0.028605599,0.108332835,0.023476254,0.063463464,0.01481018,null,null,null,null,"TWOGAUSSIANS",8,3.0387998,0.44764245,0.0017801302,0.077769734,0.020252021,2.286973,14.578974,0.69535816,0.028605599,0.4,0.0,0.06346046,0.01481013
375316653866487564,5340300492615271168,0.49978155,2208.287980562576,2.584540491206922,1.2253272E-5,19.56156,0.026939932,0.26490456,0.016273318,0.043007035,0.016896034,0.69698447,0.7524772,0.7126618,0.02089175,0.033906464,0.013902556,0.41434067,0.17640966,0.09801778,0.031649154,0.26490456,0.016273318,"TWOGAUSSIANS_WITH_ELLIPSOIDAL_ON_ECLIPSE1",9,6.81386,0.26490456,0.016273318,0.2408394,0.09461779,0.89301986,0.7341804,0.7146818,0.021790167,0.18987618,0.07785431,0.5907602,0.16251627
375316653866487564,5340300866301091584,0.441924,2208.3307492016243,2.7394474509384805,2.0623631E-5,18.934551,0.015091183,0.21428598,2.0071751E-5,0.0024963873,2.2041785E-4,0.09215327,0.009191529,0.53874105,0.024071286,0.11639558,0.03457091,0.17241119,0.030240297,null,null,null,null,"TWOGAUSSIANS",8,11.431431,0.53874105,0.024071286,0.4,0.0,0.17237726,0.030235652,0.21429598,1.8900268E-5,0.013979768,0.0012343399,0.095661655,0.013818607
375316653866487564,5340301106819458816,0.52102405,2204.1123916574743,3.0269496680449115,1.6320173E-5,19.720465,0.01592033,0.21178557,0.0038943992,0.06622523,0.0043812348,0.47176114,0.027218116,0.71884584,0.0072202357,0.069021195,0.010482793,0.60555965,0.0633331,null,null,null,null,"TWOGAUSSIANS",8,4.0007715,0.71884584,0.0072202357,0.38651872,0.030891813,0.6046098,0.064601526,0.21178557,0.0038943992,0.37086132,0.024534915,0.47081128,0.027157402
375316653866487564,5340301248569279744,0.5316715,2238.989169474063,1.3093172654373602,7.392757E-5,17.00736,0.012551146,0.27484336,0.0042788964,0.033210114,0.009851942,0.2959658,0.03568302,0.7727182,0.00783813,0.03786543,0.004284608,0.6892675,0.055095457,0.020560628,0.021350175,0.27484336,0.0042788964,"TWOGAUSSIANS_WITH_ELLIPSOIDAL_ON_ECLIPSE1",9,66.81244,0.77272815,0.007812565,0.2120464,0.023993805,0.7303814,0.054151073,0.27484336,0.0042788964,0.18597662,0.055170875,0.337087,0.046312973
375316653866487564,5340301450416889856,0.46559742,2219.107177217729,3.3499782554895994,5.2797197E-5,19.268076,0.01063074,0.3081773,0.0043500485,0.06682724,0.0057510664,0.42198914,0.0657746,0.76782393,0.017543223,0.02092328,0.022166744,0.09520747,3.89748064E11,null,null,null,null,"TWOGAUSSIANS",8,8.427779,0.3081773,0.0043500485,0.37423253,0.032205973,0.42198914,0.06577461,0.76782393,0.017543223,0.11717036,0.124133766,0.09520746,3.89748064E11
375316653866487564,5340301592130199680,0.48976344,2206.9289292034605,2.2661661133654056,2.7063954E-5,19.123531,0.14188561,0.3037293,0.005243633,0.102670915,0.034417257,0.35039455,0.112139605,0.788151,0.007617902,0.11949323,0.03572326,0.34178302,0.13817428,null,null,null,null,"TWOGAUSSIANS",8,3.5317016,0.3037893,0.0051309727,0.4,0.0,0.30388805,0.03219842,0.788151,0.007617902,0.4,0.0,0.29515955,0.025077298
375316653866487564,5340301660849673728,0.55332434,2215.2934202824044,0.8180755614768183,1.997565E-5,19.083412,0.006172046,0.1903625,0.0033285355,0.020577982,0.0022809904,0.6207778,0.051440578,0.7415969,0.062397048,0.050529964,0.04820834,0.21702103,381.97778,0.023449099,0.008216776,0.1903625,0.0033285355,"TWOGAUSSIANS_WITH_ELLIPSOIDAL_ON_ECLIPSE1",9,3.4064767,0.1903625,0.0033285355,0.1152367,0.012773546,0.667676,0.05061242,0.7415969,0.062397048,0.2829678,0.26996672,0.25922477,381.9753
375316653866487564,5340301763966225408,0.47402984,2213.7898953743193,0.13304414402812914,2.5271747E-5,16.84934,0.0033732338,0.2027095,0.0075911335,0.039790157,0.0096923495,0.031565677,0.017224118,0.6853709,0.0033595965,0.0077875955,0.0051545245,0.11056892,0.046144247,0.016156297,0.009598286,0.2027095,0.0075911335,"TWOGAUSSIANS_WITH_ELLIPSOIDAL_ON_ECLIPSE1",9,8.341129,0.6853909,0.003377225,0.043610536,0.028865336,0.14249997,0.05595099,0.2027095,0.0075911335,0.22282489,0.054277156,0.06387819,0.011079366
375316653866487564,5340302000165126272,0.44662797,2205.5811767206296,0.47637593308337395,8.233672E-5,19.568798,0.0071147527,0.11696381,0.014723774,0.02840014,0.0077747647,1.8163657,12.496539,0.6343895,0.026041577,0.04721771,0.012911722,0.15163113,0.1079026,null,null,null,null,"TWOGAUSSIANS",8,3.9439242,0.11696381,0.014723774,0.15904078,0.043538682,1.8163657,12.496539,0.6343895,0.026041577,0.2644192,0.07230564,0.15163113,0.1079026
375316653866487564,5340302038806935424,0.45171204,2199.412640163435,3.365204926047106,3.6699268E-5,19.479158,0.02653366,0.18161942,0.0057624583,0.07471036,0.011036512,0.2510845,0.02912612,0.64875126,0.014881083,0.06826296,0.010848515,0.3534232,0.075702846,null,null,null,null,"TWOGAUSSIANS",8,8.309281,0.64875126,0.014881083,0.38227257,0.060738266,0.35285538,0.075653404,0.18161942,0.0057624583,0.4,0.00957121,0.2505167,0.028843533
375316653866487564,5340302240664955136,0.49302283,2207.8782956995865,2.4681915937439456,2.468989E-5,16.823847,0.0056290566,0.2235669,0.004630669,0.017213473,0.005897091,0.038980406,0.009668487,0.76121706,0.0057386016,0.06382287,0.037415817,0.056748174,0.02160896,0.049480155,0.0067438926,0.76121706,0.0057386016,"TWOGAUSSIANS_WITH_ELLIPSOIDAL_ON_ECLIPSE2",9,23.68875,0.76121706,0.0057386016,0.35740808,0.19319509,0.15568155,0.02595291,0.22562692,0.004780899,0.09639545,0.033023708,0.13276902,0.0073320246
375316653866487564,5340302588599999616,0.5304253,2235.3777176458675,2.7595927557225948,1.1344381E-5,17.97714,0.016579716,0.24813037,0.0051123016,0.09274424,0.012436743,0.30324933,0.020512639,0.7501762,0.003492864,0.0784874,0.0061890627,0.2793206,0.01805326,null,null,null,null,"TWOGAUSSIANS",8,7.6981263,0.24813037,0.0051123016,0.4,0.0,0.2953385,0.023600515,0.7501762,0.003492864,0.4,0.0,0.27141008,0.013577271
375316653866487564,5340303069639766144,0.45381615,2184.1794871781367,2.7643745046051618,2.7695118E-5,17.497065,0.003772242,0.1810288,0.0013061829,0.011827067,0.0016565337,0.33612788,0.13883825,0.4162567,0.019910453,0.09065101,0.040171616,0.023214724,0.0052036853,null,null,null,null,"TWOGAUSSIANS",8,5.943063,0.1810388,0.0013041084,0.06623157,0.009276589,0.33692896,0.13874851,0.4162567,0.019910453,0.4,0.0,0.02321471,0.0052037346
375316653866487564,5340303275757625984,0.46595863,2211.652175107612,3.8088801058650996,2.4879902E-5,17.763777,0.11997875,0.31098074,0.010197515,0.093282185,0.076519385,0.1996501,0.058675796,0.82229334,0.0074283853,0.095607154,0.039637942,0.13580233,0.11197291,null,null,null,null,"TWOGAUSSIANS",8,12.051488,0.31098074,0.01037534,0.4,0.0,0.19125652,0.05562196,0.82229334,0.0064537013,0.4,0.0,0.12740867,0.016001817
375316653866487564,5340303756793050112,0.6072702,2189.3964187392803,3.605012465431227,8.1181E-6,18.6283,0.026519245,0.21847868,0.0013549835,0.04583052,0.0044658207,0.43224043,0.04865816,0.7178111,0.008163302,0.054429825,0.016766109,0.5948615,0.18921551,0.11240909,0.026483575,0.21847868,0.0013549835,"TWOGAUSSIANS_WITH_ELLIPSOIDAL_ON_ECLIPSE1",9,3.7478135,0.7178611,0.008079402,0.304807,0.093890205,0.8196596,0.21263689,0.21847868,0.0013549835,0.25665092,0.025008596,0.65704215,0.01576566
375316653866487564,5340304169148000128,0.5533969,2217.070890808128,1.5527886002054607,9.987573E-6,16.189526,0.02066511,0.21601151,0.0030418725,0.11787228,0.015083611,0.10843775,0.019315042,0.70930076,0.0026296847,0.12932034,0.016029265,0.11219845,0.01987667,null,null,null,null,"TWOGAUSSIANS",8,4.1870713,0.70930076,0.0026296847,0.4,0.0,0.08524898,0.0029078769,0.21610151,0.0030070385,0.4,0.0,0.08159044,0.003222013
375316653866487564,5340304615787673984,0.5993071,2166.06708113607,0.6467510119300816,6.8718628E-6,18.252775,0.0027079636,0.33249906,0.012975205,0.024520358,0.005588346,0.53066117,0.14095673,null,null,null,null,null,null,null,null,null,null,"ONEGAUSSIAN",5,2.2307272,0.33249906,0.012975205,0.137314,0.03129474,0.53066117,0.0,null,null,null,null,null,null
375316653866487564,5340304821983070208,0.4327022,2205.5640871439036,0.0892236238836324,3.7699272E-5,15.759816,0.0017465919,0.5401304,0.008667834,0.07505972,0.0069405157,0.061918806,0.008933585,0.8437409,0.018858535,0.034975987,0.012940131,0.017312216,0.006457237,null,null,null,null,"TWOGAUSSIANS",8,13.870368,0.5401304,0.008667834,0.4,0.0,0.061918806,0.008933585,0.8437409,0.018858535,0.19586553,0.072464734,0.017329553,0.006488922
375316653866487564,5340304890702485248,0.43167257,2178.711188990755,0.6955778735327535,3.1354364E-5,17.256517,0.009283814,0.22470392,0.018284656,0.059422784,0.01637439,0.15422735,0.026779931,0.6482674,0.014795926,0.12070838,0.025120797,0.079622686,0.035173967,null,null,null,null,"TWOGAUSSIANS",8,5.7788353,0.22481392,0.01805205,0.33276758,0.06983938,0.15330532,0.029525835,0.6482674,0.014795926,0.4,0.0,0.07853071,0.03553596
375316653866487564,5340305028141164544,0.5591412,2168.875823703487,0.6720203408707578,6.112223E-6,17.23394,0.00275835,0.40766928,0.0018168092,0.017616127,0.0015754963,0.567881,0.04098343,null,null,null,null,null,null,0.01032531,0.0039794426,0.40766928,0.0018168092,"ONEGAUSSIAN_WITH_ELLIPSOIDAL",6,16.226662,0.40766928,0.0018168092,0.098650314,0.008822779,0.5885316,0.041446067,null,null,null,null,null,null
375316653866487564,5340305436126381952,0.4845426,2198.594459807091,2.350957807954503,1.2485405E-5,18.916355,0.0054043145,0.18083067,0.0064020436,0.073017284,0.0059626373,0.09760616,0.0073591075,0.6938692,0.005052506,0.06555329,0.007603262,0.21264872,0.024483688,null,null,null,null,"TWOGAUSSIANS",8,1.9877082,0.6938692,0.005052506,0.36709842,0.042578265,0.2123536,0.024757596,0.18083067,0.0064020436,0.4,0.0043454124,0.097311035,0.007186564
375316653866487564,5340305509177559808,0.53147197,2223.4707645446315,0.18133979632743896,2.1706348E-6,17.72892,0.0034966487,0.13137056,0.012652252,0.028220722,0.006003139,0.039369352,0.0061943773,0.944658,2.868039E-5,0.004325078,2.9380793E-5,0.80765724,0.006533379,null,null,null,null,"TWOGAUSSIANS",8,15.198372,0.944658,2.868039E-5,0.024220435,1.6453245E-4,0.80765724,0.006533379,0.13137056,0.012652252,0.15803604,0.03361758,0.039369352,0.0061943773
