Gaia/vari_eclipsing_binary/VariEclipsingBinary_055655-055982.csv
# %ECSV 1.0
# ---
# delimiter: ','
# meta: !!omap
# - RELEASE: Gaia DR3
# - TABLE: vari_eclipsing_binary
# - DESCRIPTION: >
#     This table describes the properties of the eclipsing binaries resulting from the variability analysis. 
# - CITATION: >
#     How to cite and acknowledge Gaia: 
#     https://gea.esac.esa.int/archive/documentation/credits.html 
# - KNOWN_ISSUES: >
#     Known issues: 
#     https://www.cosmos.esa.int/web/gaia-users/known-issues 
# - DOCUMENTATION: >
#     Tutorials and documentation: 
#     https://www.cosmos.esa.int/web/gaia-users/archive 
# datatype:
# - 
#   name: solution_id
#   datatype: int64
#   description: Solution Identifier
#   meta:
#     ucd: meta.version
# - 
#   name: source_id
#   datatype: int64
#   description: Unique source identifier
#   meta:
#     ucd: meta.id;meta.main
# - 
#   name: global_ranking
#   datatype: float32
#   description: Number between 0 (worst) and 1 (best)
#   meta:
#     ucd: stat.param
# - 
#   name: reference_time
#   datatype: float64
#   unit: d
#   description: Reference time used for the geometric model fit
#   meta:
#     ucd: time.epoch
# - 
#   name: frequency
#   datatype: float64
#   unit: d**-1
#   description: Frequency of geometric model of the eclipsing binary light curve
#   meta:
#     ucd: src.orbital
# - 
#   name: frequency_error
#   datatype: float32
#   unit: d**-1
#   description: "Uncertainty of \\texttt{frequency}"
#   meta:
#     ucd: stat.error
# - 
#   name: geom_model_reference_level
#   datatype: float32
#   unit: mag
#   description: Magnitude reference level of geometric model
#   meta:
#     ucd: phot.mag;em.opt
# - 
#   name: geom_model_reference_level_error
#   datatype: float32
#   unit: mag
#   description: "Uncertainty of \\texttt{geomModelReferenceLevel}"
#   meta:
#     ucd: stat.error;phot.mag;em.opt
# - 
#   name: geom_model_gaussian1_phase
#   datatype: float32
#   description: Phase of the Gaussian 1 component
#   meta:
#     ucd: time.phase
# - 
#   name: geom_model_gaussian1_phase_error
#   datatype: float32
#   description: "Uncertainty of \\texttt{geomModelGaussian1Phase}"
#   meta:
#     ucd: stat.error;time.phase
# - 
#   name: geom_model_gaussian1_sigma
#   datatype: float32
#   description: "Standard deviation [phase] of Gaussian 1 component"
#   meta:
#     ucd: stat.stdev
# - 
#   name: geom_model_gaussian1_sigma_error
#   datatype: float32
#   description: "Uncertainty of \\texttt{geomModelGaussian1Sigma}"
#   meta:
#     ucd: stat.error
# - 
#   name: geom_model_gaussian1_depth
#   datatype: float32
#   unit: mag
#   description: Magnitude depth of Gaussian 1 component
#   meta:
#     ucd: src.var.amplitude
# - 
#   name: geom_model_gaussian1_depth_error
#   datatype: float32
#   unit: mag
#   description: "Uncertainty of \\texttt{geomModelGaussian1Depth}"
#   meta:
#     ucd: stat.error;src.var.amplitude
# - 
#   name: geom_model_gaussian2_phase
#   datatype: float32
#   description: Phase of Gaussian 2 component
#   meta:
#     ucd: time.phase
# - 
#   name: geom_model_gaussian2_phase_error
#   datatype: float32
#   description: "Uncertainty of \\texttt{geomModelGaussian2Phase}"
#   meta:
#     ucd: stat.error;time.phase
# - 
#   name: geom_model_gaussian2_sigma
#   datatype: float32
[...]
#   datatype: float32
#   description: "Secondary eclipse: uncertainty of \\texttt{derivedSecondaryEclDuration}"
#   meta:
#     ucd: stat.error;time.duration
# - 
#   name: derived_secondary_ecl_depth
#   datatype: float32
#   unit: mag
#   description: "Secondary eclipse: depth"
#   meta:
#     ucd: src.var.amplitude
# - 
#   name: derived_secondary_ecl_depth_error
#   datatype: float32
#   unit: mag
#   description: "Secondary eclipse: uncertainty of \\texttt{derivedSecondaryEclDepth}"
#   meta:
#     ucd: stat.error;src.var.amplitude
solution_id,source_id,global_ranking,reference_time,frequency,frequency_error,geom_model_reference_level,geom_model_reference_level_error,geom_model_gaussian1_phase,geom_model_gaussian1_phase_error,geom_model_gaussian1_sigma,geom_model_gaussian1_sigma_error,geom_model_gaussian1_depth,geom_model_gaussian1_depth_error,geom_model_gaussian2_phase,geom_model_gaussian2_phase_error,geom_model_gaussian2_sigma,geom_model_gaussian2_sigma_error,geom_model_gaussian2_depth,geom_model_gaussian2_depth_error,geom_model_cosine_half_period_amplitude,geom_model_cosine_half_period_amplitude_error,geom_model_cosine_half_period_phase,geom_model_cosine_half_period_phase_error,model_type,num_model_parameters,reduced_chi2,derived_primary_ecl_phase,derived_primary_ecl_phase_error,derived_primary_ecl_duration,derived_primary_ecl_duration_error,derived_primary_ecl_depth,derived_primary_ecl_depth_error,derived_secondary_ecl_phase,derived_secondary_ecl_phase_error,derived_secondary_ecl_duration,derived_secondary_ecl_duration_error,derived_secondary_ecl_depth,derived_secondary_ecl_depth_error
[from data line 883]
375316653866487564,492407142811192960,0.4735265,2250.5395734007166,3.275622480789109,1.6436677E-5,19.055323,0.01124901,0.22555226,0.00616342,0.07732574,0.0150594665,0.1714194,0.014816666,0.7465077,0.0062076915,0.08111446,0.009931356,0.17505449,0.01388722,null,null,null,null,"TWOGAUSSIANS",8,3.564485,0.7465077,0.0062076915,0.4,0.0,0.17349832,0.012853608,0.22555226,0.00616342,0.4,0.0,0.16986322,0.015655408
375316653866487564,492411575217624576,0.5330685,2255.048014709427,2.7276986855694028,1.00731995E-5,18.991268,0.0122666,0.27212825,0.0050249067,0.102423385,0.009275206,0.23447627,0.011732921,0.7705767,0.0035604935,0.088061765,0.0059323777,0.26685232,0.012093352,null,null,null,null,"TWOGAUSSIANS",8,1.9140826,0.7705767,0.0035604935,0.4,0.0,0.2513771,0.00736254,0.27212825,0.0050249067,0.4,0.0,0.21899799,0.008732572
375316653866487564,492412163630196224,0.5450599,2258.325967308974,2.869444561978642,8.224067E-6,16.342907,0.039256085,0.2733366,0.0028086363,0.122863255,0.017335502,0.1858753,0.037584614,0.77412313,0.0026331737,0.121120326,0.016475182,0.19839048,0.037702605,null,null,null,null,"TWOGAUSSIANS",8,10.680139,0.77413315,0.0026532933,0.4,0.0,0.15178038,0.0050188005,0.2733266,0.0028283794,0.4,0.0,0.13925008,0.0049659587
375316653866487564,492412197989929088,0.5475198,2256.378606115181,1.735391309337112,6.5144995E-6,13.126327,0.0011287776,null,null,null,null,null,null,null,null,null,null,null,null,0.06696456,0.0018248125,0.25933805,0.0017596515,"ELLIPSOIDAL",4,131.70036,null,null,null,null,null,null,null,null,null,null,null,null
375316653866487564,492414220917438720,0.5216338,2232.6937268303336,3.0184944872531636,1.2930684E-5,19.714607,0.01203424,0.24729721,0.0039086463,0.079568036,0.004646547,0.49054286,0.030820161,0.75232106,0.0051863324,0.07471669,0.005333788,0.46272376,0.023851017,null,null,null,null,"TWOGAUSSIANS",8,2.3979826,0.24729721,0.0039086463,0.4,0.0,0.48604953,0.031096641,0.75232106,0.0051863324,0.4,0.0,0.45823044,0.023336615
375316653866487564,492418142224567424,0.46571392,2235.512162581162,1.3894241064627308,1.7309136E-5,16.268173,0.0036822364,0.14521384,0.004248119,0.024041055,0.0025579294,0.112305366,0.014212339,0.6551071,0.0026965018,0.022480084,0.002766757,0.18399745,0.027142256,0.012815789,0.005056994,0.6551071,0.0026965018,"TWOGAUSSIANS_WITH_ELLIPSOIDAL_ON_ECLIPSE2",9,54.279816,0.6551071,0.0026965018,0.12588847,0.015493839,0.209629,0.027842535,0.14531384,0.004193675,0.1346299,0.014324404,0.137839,0.012838814
375316653866487564,492422364175741312,0.5833854,2239.1594383690654,0.34183426841707104,2.7770268E-6,17.54291,0.0033013052,0.15776588,0.002779947,0.025417428,0.0020674567,0.10329788,0.008967758,0.6539056,2.5994657E-4,0.028118873,4.7297232E-4,1.2561202,0.03309595,null,null,null,null,"TWOGAUSSIANS",8,14.831116,0.6539056,2.5994657E-4,0.1574657,0.0026486448,1.2561202,0.03309595,0.15776588,0.002779947,0.1423376,0.011577758,0.10329788,0.008967758
375316653866487564,492423674142528000,0.65130717,2272.645947056468,0.2365694628809505,3.4379375E-6,16.779177,8.4320776E-4,0.5131975,0.0011668571,0.0098103555,7.2795106E-4,0.46123627,0.02874788,0.8478963,7.3210284E-4,0.010438873,6.6975417E-4,0.44166583,0.016015582,null,null,null,null,"TWOGAUSSIANS",8,3.0348375,0.5131975,0.0011668571,0.054937992,0.004076526,0.46123627,0.02874788,0.8478963,7.3210284E-4,0.05845769,0.0037506232,0.44166583,0.016015582
375316653866487564,492425151611275392,0.62127256,2270.4106069013424,0.2658074926329341,3.347626E-5,16.667082,0.0010143425,0.23893851,0.010899544,0.037953217,0.007951655,0.005800477,0.002625807,0.6792639,0.0061758235,0.015902761,0.0050141457,0.52139115,0.19469464,null,null,null,null,"TWOGAUSSIANS",8,2.624326,0.6792639,0.0061758235,0.08905546,0.028079217,0.52139115,0.19469464,0.23893851,0.010899544,0.21253802,0.04452927,0.005800477,0.002625807
375316653866487564,492426251122888576,0.52269626,2256.0234377852626,4.300570558441483,6.881941E-6,15.439326,0.042849828,0.24467988,0.0016993271,0.25325364,0.022008445,1.3211708,0.042437278,0.74606484,0.0016054795,0.16347995,0.010314254,0.99784535,0.12480234,null,null,null,null,"TWOGAUSSIANS",8,30.41984,0.74722487,0.0018848043,0.4,0.0,0.24042346,0.010044797,0.2441299,0.0017540117,0.4,0.0,0.20704974,0.009077393
