Gaia/vari_eclipsing_binary/VariEclipsingBinary_755840-756008.csv
# %ECSV 1.0
# ---
# delimiter: ','
# meta: !!omap
# - RELEASE: Gaia DR3
# - TABLE: vari_eclipsing_binary
# - DESCRIPTION: >
#     This table describes the properties of the eclipsing binaries resulting from the variability analysis. 
# - CITATION: >
#     How to cite and acknowledge Gaia: 
#     https://gea.esac.esa.int/archive/documentation/credits.html 
# - KNOWN_ISSUES: >
#     Known issues: 
#     https://www.cosmos.esa.int/web/gaia-users/known-issues 
# - DOCUMENTATION: >
#     Tutorials and documentation: 
#     https://www.cosmos.esa.int/web/gaia-users/archive 
# datatype:
# - 
#   name: solution_id
#   datatype: int64
#   description: Solution Identifier
#   meta:
#     ucd: meta.version
# - 
#   name: source_id
#   datatype: int64
#   description: Unique source identifier
#   meta:
#     ucd: meta.id;meta.main
# - 
#   name: global_ranking
#   datatype: float32
#   description: Number between 0 (worst) and 1 (best)
#   meta:
#     ucd: stat.param
# - 
#   name: reference_time
#   datatype: float64
#   unit: d
#   description: Reference time used for the geometric model fit
#   meta:
#     ucd: time.epoch
# - 
#   name: frequency
#   datatype: float64
#   unit: d**-1
#   description: Frequency of geometric model of the eclipsing binary light curve
#   meta:
#     ucd: src.orbital
# - 
#   name: frequency_error
#   datatype: float32
#   unit: d**-1
#   description: "Uncertainty of \\texttt{frequency}"
#   meta:
#     ucd: stat.error
# - 
#   name: geom_model_reference_level
#   datatype: float32
#   unit: mag
#   description: Magnitude reference level of geometric model
#   meta:
#     ucd: phot.mag;em.opt
# - 
#   name: geom_model_reference_level_error
#   datatype: float32
#   unit: mag
#   description: "Uncertainty of \\texttt{geomModelReferenceLevel}"
#   meta:
#     ucd: stat.error;phot.mag;em.opt
# - 
#   name: geom_model_gaussian1_phase
#   datatype: float32
#   description: Phase of the Gaussian 1 component
#   meta:
#     ucd: time.phase
# - 
#   name: geom_model_gaussian1_phase_error
#   datatype: float32
#   description: "Uncertainty of \\texttt{geomModelGaussian1Phase}"
#   meta:
#     ucd: stat.error;time.phase
# - 
#   name: geom_model_gaussian1_sigma
#   datatype: float32
#   description: "Standard deviation [phase] of Gaussian 1 component"
#   meta:
#     ucd: stat.stdev
# - 
#   name: geom_model_gaussian1_sigma_error
#   datatype: float32
#   description: "Uncertainty of \\texttt{geomModelGaussian1Sigma}"
#   meta:
#     ucd: stat.error
# - 
#   name: geom_model_gaussian1_depth
#   datatype: float32
#   unit: mag
#   description: Magnitude depth of Gaussian 1 component
#   meta:
#     ucd: src.var.amplitude
# - 
#   name: geom_model_gaussian1_depth_error
#   datatype: float32
#   unit: mag
#   description: "Uncertainty of \\texttt{geomModelGaussian1Depth}"
#   meta:
#     ucd: stat.error;src.var.amplitude
# - 
#   name: geom_model_gaussian2_phase
#   datatype: float32
#   description: Phase of Gaussian 2 component
#   meta:
#     ucd: time.phase
# - 
#   name: geom_model_gaussian2_phase_error
#   datatype: float32
#   description: "Uncertainty of \\texttt{geomModelGaussian2Phase}"
#   meta:
#     ucd: stat.error;time.phase
# - 
#   name: geom_model_gaussian2_sigma
#   datatype: float32
[...]
#   datatype: float32
#   description: "Secondary eclipse: uncertainty of \\texttt{derivedSecondaryEclDuration}"
#   meta:
#     ucd: stat.error;time.duration
# - 
#   name: derived_secondary_ecl_depth
#   datatype: float32
#   unit: mag
#   description: "Secondary eclipse: depth"
#   meta:
#     ucd: src.var.amplitude
# - 
#   name: derived_secondary_ecl_depth_error
#   datatype: float32
#   unit: mag
#   description: "Secondary eclipse: uncertainty of \\texttt{derivedSecondaryEclDepth}"
#   meta:
#     ucd: stat.error;src.var.amplitude
solution_id,source_id,global_ranking,reference_time,frequency,frequency_error,geom_model_reference_level,geom_model_reference_level_error,geom_model_gaussian1_phase,geom_model_gaussian1_phase_error,geom_model_gaussian1_sigma,geom_model_gaussian1_sigma_error,geom_model_gaussian1_depth,geom_model_gaussian1_depth_error,geom_model_gaussian2_phase,geom_model_gaussian2_phase_error,geom_model_gaussian2_sigma,geom_model_gaussian2_sigma_error,geom_model_gaussian2_depth,geom_model_gaussian2_depth_error,geom_model_cosine_half_period_amplitude,geom_model_cosine_half_period_amplitude_error,geom_model_cosine_half_period_phase,geom_model_cosine_half_period_phase_error,model_type,num_model_parameters,reduced_chi2,derived_primary_ecl_phase,derived_primary_ecl_phase_error,derived_primary_ecl_duration,derived_primary_ecl_duration_error,derived_primary_ecl_depth,derived_primary_ecl_depth_error,derived_secondary_ecl_phase,derived_secondary_ecl_phase_error,derived_secondary_ecl_duration,derived_secondary_ecl_duration_error,derived_secondary_ecl_depth,derived_secondary_ecl_depth_error
375316653866487564,6648440015059098880,0.57586837,2325.3680783345235,3.1817698307832383,1.2798316E-5,17.903267,0.014466376,0.2381592,0.0077047735,0.08731593,0.012191273,0.26093948,0.013506899,0.74297315,0.0024181982,0.088430315,0.006715352,0.2539915,0.013067392,null,null,null,null,"TWOGAUSSIANS",8,3.737467,0.2381592,0.0077047735,0.4,0.0,0.25262108,0.011627204,0.74297315,0.0024181982,0.4,0.0,0.24567312,0.009577003
375316653866487564,6648440839692853120,0.64625555,2323.9303226887782,3.7644519084306913,5.6278E-6,17.893497,0.014153356,0.23146228,0.0020462272,0.05383,0.0040394706,0.31916878,0.031121025,0.7063523,0.0153804505,0.041164517,0.013148985,0.32589856,0.057631504,0.11174416,0.016753748,0.23146228,0.0020462272,"TWOGAUSSIANS_WITH_ELLIPSOIDAL_ON_ECLIPSE1",9,2.561835,0.7084423,0.014460376,0.23052129,0.07363432,0.5443174,0.048133645,0.23146228,0.0020462272,0.30144802,0.022621034,0.5426504,0.009624133
375316653866487564,6648441874778425984,0.54936725,2326.5869401500477,0.5650752918503431,1.0157111E-6,19.203653,0.0088516455,0.34051427,5.062257E-4,0.012187534,4.2167958E-4,0.5820192,0.018667134,0.82054335,8.340652E-5,0.008222056,2.2242375E-4,4.1007576,0.5053636,null,null,null,null,"TWOGAUSSIANS",8,3.313607,0.82054335,8.340652E-5,0.04604351,0.001245573,4.1007576,0.5053636,0.34051427,5.062257E-4,0.068250194,0.0023614056,0.5820192,0.018667134
375316653866487564,6648442111001695872,0.5097443,2279.4221183488685,1.0723020818771265,2.7380464E-5,18.963566,0.010889776,0.12320159,0.0030015328,0.028622847,0.0020433527,0.59697074,0.06665529,0.41249084,0.020015517,0.024415549,0.01886689,1.3249222,1.9287982,null,null,null,null,"TWOGAUSSIANS",8,9.946258,0.41249084,0.020015517,0.13672708,0.105654575,1.3249222,1.9287982,0.12320159,0.0030015328,0.16028795,0.011442775,0.59697074,0.06665529
375316653866487564,6648443455331280512,0.58225375,2297.4109121386937,0.8111560552711953,8.216537E-5,14.367825,0.0070288694,0.22276326,0.03347848,0.042829,0.023291424,0.059186578,0.035540957,0.71909916,0.017668957,0.033502914,0.010567345,0.36230314,0.58612496,0.006150907,0.010144613,0.22276326,0.03347848,"TWOGAUSSIANS_WITH_ELLIPSOIDAL_ON_ECLIPSE1",9,82.54201,0.7191091,0.017638873,0.18761632,0.05917713,0.3745984,0.5868409,0.22276326,0.03347848,0.2398424,0.13043198,0.071488366,0.034375686
375316653866487564,6648446513348055168,0.55165404,2310.768344898186,3.7369901356244166,2.169976E-5,18.077194,0.17312501,0.21177298,0.0040820786,0.10794615,0.028075768,0.20468801,0.15312183,0.7269183,0.010855931,0.12500796,0.06134278,0.21270326,0.17143959,null,null,null,null,"TWOGAUSSIANS",8,1.8277742,0.7269383,0.010696304,0.4,0.0,0.1765829,0.011525283,0.21165298,0.0038987685,0.4,0.0,0.16871573,0.008867686
375316653866487564,6648446680848497280,0.5163257,2284.135798305354,2.778690002647437,4.1624724E-5,17.625906,0.018408878,0.18932104,0.01175534,0.027835108,0.01689029,0.23994341,0.08101239,0.6995168,0.018001055,0.04640743,0.015275229,0.454433,0.16812484,0.063648045,0.02738322,0.18932104,0.01175534,"TWOGAUSSIANS_WITH_ELLIPSOIDAL_ON_ECLIPSE1",9,40.54758,0.6995168,0.017741581,0.25988162,0.08554128,0.5812073,0.16476017,0.18932104,0.01175534,0.1558766,0.09458562,0.36723936,0.09092284
375316653866487564,6648450907094935040,0.552571,2298.4889482921735,0.8944569186383825,2.1642768E-6,18.866045,0.008804211,0.40022013,6.8909465E-4,0.0104391435,6.02851E-4,7.5919375,2.3634424,0.6699886,0.29791874,0.09188875,0.062045638,0.035329584,0.11723172,null,null,null,null,"TWOGAUSSIANS",8,4.877353,0.40022013,6.8909465E-4,0.058459204,0.0033759654,7.5924125,2.401894,0.6699886,0.26463008,0.4,0.104202695,0.035329558,0.12024421
375316653866487564,6648451804748008064,0.59633356,2307.8786572753634,1.6602475560212036,5.4903894E-6,16.03671,0.007681771,0.24063104,0.0026230793,0.031269304,0.003097351,0.50378543,0.054871175,0.74193966,0.003386109,0.029927483,0.0029890484,0.7186087,0.020475611,0.020150682,0.014059692,0.24063104,0.0026230793,"TWOGAUSSIANS_WITH_ELLIPSOIDAL_ON_ECLIPSE1",9,74.432205,0.74193966,0.0033764723,0.16759391,0.016738672,0.7589073,0.016215576,0.24063104,0.0026230793,0.1751081,0.017345166,0.54408675,0.052167475
375316653866487564,6648454961544159872,0.46236488,2311.113097485282,4.072021483904815,2.1783408E-5,18.256695,0.006783482,0.48392493,0.011156366,0.031034932,0.016526438,0.25462523,0.0148279825,0.8478488,0.016325299,0.05034769,0.008115407,0.06916187,0.016243437,null,null,null,null,"TWOGAUSSIANS",8,10.900699,0.48392493,0.011156366,0.17379563,0.09254806,0.25462523,0.014827983,0.8478488,0.016325299,0.28194708,0.04544628,0.06916187,0.016243437
375316653866487564,6648455172002420224,0.5470809,2332.7171385304996,2.8558092809658313,7.2781636E-6,17.00835,0.016491812,0.21563531,0.005787935,0.066058606,0.006398665,0.29596928,0.027093414,0.72336304,0.0022302212,0.07435493,0.0044015553,0.625754,0.020321453,null,null,null,null,"TWOGAUSSIANS",8,68.06223,0.72336304,0.0022302212,0.4,0.0,0.6244869,0.020304216,0.21563531,0.005787935,0.36992818,0.035832524,0.2947022,0.027117299
375316653866487564,6648461734712185088,0.55859303,2329.3646773779246,3.334238224239622,1.4464225E-5,16.860672,0.046876103,0.22406535,0.004167164,0.1388743,0.023355665,0.24115865,0.04187459,0.69064164,0.0036950028,0.10194791,0.008786328,0.32506308,0.04364422,null,null,null,null,"TWOGAUSSIANS",8,7.7321105,0.69064164,0.0036950028,0.4,0.0,0.28005728,0.010895434,0.22409534,0.004142919,0.4,0.0,0.19515802,0.011601464
375316653866487564,6648466025379895680,0.61006784,2303.42894501285,3.589625014974942,7.879232E-6,17.200607,0.007096507,0.2541108,0.0043830476,0.040504873,0.0065124943,0.10927024,0.016183527,0.77073973,0.003681177,0.056905057,0.005097229,0.13735855,0.016365228,0.05626761,0.009124141,0.2541108,0.0043830476,"TWOGAUSSIANS_WITH_ELLIPSOIDAL_ON_ECLIPSE1",9,3.3665874,0.77073973,0.003681177,0.3186683,0.028544484,0.24866661,0.0058204397,0.2541108,0.0043830476,0.22682728,0.03646997,0.22180234,0.006327689
375316653866487564,6648468984617391104,0.6451808,2300.507697487419,2.698727632562552,5.105038E-6,17.639471,0.0064009037,0.2225118,0.0018459625,0.03697753,0.0023057882,0.43583274,0.01968138,0.7185274,0.0013517076,0.038747415,0.0029671274,0.40479764,0.023224082,0.03805925,0.01013978,0.2225118,0.0018459625,"TWOGAUSSIANS_WITH_ELLIPSOIDAL_ON_ECLIPSE1",9,4.670247,0.2225118,0.0018459625,0.20707417,0.012912414,0.5119512,0.009374274,0.7186174,0.0013126571,0.21698554,0.016615914,0.48086947,0.02325315
375316653866487564,6648473893760691712,0.5702635,2266.4925753641332,2.7976125587514904,4.0487134E-6,17.41538,0.0048358557,0.28673548,0.004868405,0.032327943,0.0070167594,0.1259728,0.019783527,0.72767806,0.0021619913,0.051087122,0.0049546314,0.14906694,0.024525214,0.112681754,0.007845583,0.72767806,0.0021619913,"TWOGAUSSIANS_WITH_ELLIPSOIDAL_ON_ECLIPSE2",9,7.6819096,0.72767806,0.0021619913,0.28608787,0.027745938,0.37442917,0.02218422,0.2794355,0.0065660197,0.18103647,0.039293855,0.3251588,0.01533665
375316653866487564,6648476956076386944,0.47590464,2268.044587342671,4.326781123693776,2.2907194E-5,19.778969,0.015053463,0.25549468,0.0077012475,0.09386862,0.011547131,0.26312232,0.01684985,0.75420564,0.008566287,0.08165051,0.01126434,0.26563,0.022414245,null,null,null,null,"TWOGAUSSIANS",8,1.8768005,0.75420564,0.008566287,0.4,0.0,0.25670502,0.020436805,0.25549468,0.0077012475,0.4,0.0,0.25419697,0.014551012
375316653866487564,6648478330465952640,0.60111415,2280.6966738834067,4.054774909967774,6.2587224E-6,15.520166,0.0060995086,0.22524647,0.0012496862,0.04644641,0.0052022506,0.13397618,0.016280431,0.73005813,0.010217427,0.049931575,0.012367902,0.11891536,0.023283394,0.10243396,0.009925388,0.22524647,0.0012496862,"TWOGAUSSIANS_WITH_ELLIPSOIDAL_ON_ECLIPSE1",9,43.60303,0.22524647,0.0012496862,0.2600999,0.029132603,0.33884332,0.012304296,0.73005813,0.010217427,0.27961683,0.069260255,0.32359532,0.02394693
375316653866487564,6648478429246042752,0.55017936,2272.4837769682376,0.24318410591159695,7.321488E-5,18.291895,0.003069181,0.102090165,3.315437E-5,0.0054084267,3.8352382E-4,0.07632039,0.0019870866,0.7632712,8.957875E-4,0.030389762,0.0014979749,1.0701329,0.08851841,null,null,null,null,"TWOGAUSSIANS",8,3.9106865,0.7632712,8.957875E-4,0.17018266,0.008388659,1.0701329,0.08851841,0.102090165,3.315437E-5,0.03028719,0.0021477335,0.07632039,0.0019870866
375316653866487564,6648481457197492608,0.5565041,2306.11157834173,3.1305547861517007,2.4509658E-5,16.886837,0.023220483,0.1914146,0.0077134655,0.09135414,0.0123755215,0.39462146,0.023734473,0.7060226,0.007887933,0.08982453,0.009159505,0.37977314,0.021937901,null,null,null,null,"TWOGAUSSIANS",8,45.15699,0.1914146,0.0077134655,0.4,0.0,0.3809096,0.019033251,0.7060226,0.007887933,0.4,0.0,0.3660614,0.015812406
375316653866487564,6648481659061525120,0.49655512,2295.566677021341,0.21293659602745174,5.7946592E-5,18.42684,0.006410035,0.36575487,0.017083703,0.04168851,0.013273522,0.07763441,0.039520837,0.64498496,0.015578268,0.009601707,0.036158625,0.4811143,1.40502008E11,0.028928153,0.006507857,0.64498496,0.015578268,"TWOGAUSSIANS_WITH_ELLIPSOIDAL_ON_ECLIPSE2",9,4.417422,0.64498496,0.015578268,0.05376956,0.20248829,0.5389706,1.40502008E11,0.36251488,0.019198652,0.23345564,0.07433172,0.07977516,0.038570855
375316653866487564,6648482140097804928,0.575529,2250.469748808716,2.140681264127384,1.37235165E-5,18.026814,0.0036640202,0.21497284,0.006376082,0.063279174,0.005832988,0.26608032,0.016274476,0.7150039,0.0034268978,0.056666505,0.0027264066,0.31604987,0.013810053,null,null,null,null,"TWOGAUSSIANS",8,3.8854957,0.7150039,0.0034268978,0.31733245,0.015267877,0.3159529,0.013798756,0.21497284,0.006376082,0.35436338,0.03266473,0.26598337,0.016268682
375316653866487564,6648492521038000640,0.5760942,2279.2392898271028,3.4551656891021416,6.669689E-6,16.645844,0.013965959,0.27027494,0.0031055629,0.049416635,0.0046125883,0.28657603,0.03825444,0.7787044,0.0014543079,0.05002979,0.00448163,0.28154284,0.037837446,0.12487474,0.025189217,0.7787044,0.0014543079,"TWOGAUSSIANS_WITH_ELLIPSOIDAL_ON_ECLIPSE2",9,63.18257,0.27148494,0.002559357,0.27673316,0.025830494,0.5357244,0.022453774,0.7787044,0.0014543079,0.2801668,0.025097128,0.53129065,0.015844028
375316653866487564,6648493100854272000,0.56167525,2256.872669489346,3.2171988954133073,1.4416324E-5,17.832151,0.014829733,0.25348434,0.0044398685,0.08846129,0.0069981585,0.27583835,0.014784676,0.75089616,0.0053929207,0.0890688,0.011464521,0.27123788,0.013749228,null,null,null,null,"TWOGAUSSIANS",8,5.924447,0.25348434,0.0044398685,0.4,0.0,0.26589128,0.007993644,0.75089616,0.0053929207,0.4,0.0,0.26129085,0.013860704
375316653866487564,6648493723631496576,0.48846173,2247.581853942794,2.756650746311189,2.5257594E-5,17.9347,0.023279116,0.32256305,0.0040593846,0.087188244,0.01093272,0.29582137,0.021536138,0.83795375,0.008739125,0.08229623,0.016129548,0.15207098,0.023629585,null,null,null,null,"TWOGAUSSIANS",8,4.9393315,0.32256305,0.0040593846,0.4,0.0,0.29164165,0.01843134,0.83795375,0.008739125,0.4,0.0,0.14789134,0.020587223
375316653866487564,6648495853935260800,0.5030277,2277.3834960498048,1.5379748884666193,2.8539755E-5,19.542053,0.0110348025,0.39566812,0.0149598075,0.0411117,0.013987007,0.07701357,0.025634414,0.75583714,0.009638152,0.05849319,0.00983623,0.66085315,0.66813964,null,null,null,null,"TWOGAUSSIANS",8,2.5468218,0.75583714,0.009638152,0.32756186,0.05508289,0.66085315,0.66813964,0.39566812,0.0149598075,0.23022552,0.07832724,0.07701357,0.025634443
375316653866487564,6648504031550967040,0.6059944,2310.5386002173173,3.5469043933431204,6.713066E-6,17.377151,0.006190248,0.3178924,0.0013213388,0.07170485,0.0023526582,0.3812979,0.010104404,0.812194,0.001569629,0.0762516,0.0027144076,0.39109513,0.00833223,null,null,null,null,"TWOGAUSSIANS",8,4.392171,0.812194,0.001569629,0.4,0.0,0.38885072,0.008388636,0.3178924,0.0013213388,0.4,0.0033416208,0.3790535,0.010030295
375316653866487564,6648505298565064192,0.5176148,2284.3806718488654,2.4646492997557177,1.1009214E-5,16.170177,1.6658895,0.20379294,0.012049248,0.14859053,0.098748274,0.70667493,1.5546329,0.68556863,0.012020748,0.13860734,0.085094124,0.6742861,1.4401793,null,null,null,null,"TWOGAUSSIANS",8,91.1308,0.20456295,0.008415352,0.4,0.0,0.43780693,0.0485602,0.68556863,0.012020748,0.4,0.0,0.4084823,0.036502216
375316653866487564,6648506264934012160,0.5546672,2342.975173962654,2.936765498888595,2.0433665E-5,16.37521,0.025460163,0.28391957,0.007830597,0.08737681,0.009251416,0.3215579,0.03373656,0.77193934,0.006262232,0.09321871,0.010018314,0.3224864,0.023753367,null,null,null,null,"TWOGAUSSIANS",8,50.539402,0.77193934,0.006262232,0.4,0.0,0.31091273,0.015727663,0.28391957,0.007830597,0.4,0.0,0.30998462,0.025723701
375316653866487564,6648507879839328000,0.55130893,2318.170354659203,2.9974349205232316,1.3207313E-5,16.555134,0.0127445925,0.25600538,0.0033240705,0.09140159,0.005989816,0.26336396,0.013303482,0.7477345,0.0033554963,0.10389557,0.0072617023,0.29528934,0.012028459,null,null,null,null,"TWOGAUSSIANS",8,15.681972,0.7477345,0.0033554963,0.4,0.0,0.27639493,0.0068511656,0.25600538,0.0033289627,0.4,0.0,0.24447528,0.010061502
375316653866487564,6648508738835787008,0.46788678,2342.3158829225276,3.360174237314376,3.2291635E-5,17.983023,0.0075954506,0.22563349,0.010749632,0.06451617,0.018001158,0.086377114,0.005776319,0.7191663,0.0156020615,0.10559668,0.017979855,0.08419032,0.010103273,null,null,null,null,"TWOGAUSSIANS",8,3.510975,0.22563349,0.010760019,0.36129054,0.06029256,0.08442407,0.004184927,0.7191663,0.0156020615,0.4,0.0,0.082234904,0.0090130335
375316653866487564,6648512724565351808,0.6567438,2339.2751769607303,1.5002404477920264,7.139982E-6,14.61318,0.0024684842,0.2623801,0.01288431,0.053403024,0.009837204,0.08073493,0.018183403,0.7644317,0.0012365133,0.04253005,0.001048939,0.64437044,0.032505374,null,null,null,null,"TWOGAUSSIANS",8,37.73804,0.7644317,0.0012365133,0.23816827,0.005874058,0.64437,0.032505475,0.2623801,0.01288431,0.29905695,0.05508834,0.080734484,0.018183613
375316653866487564,6648514575691934720,0.46705633,2379.7286750937906,2.07808802485482,4.29221E-5,19.340088,0.008576211,0.23440315,0.021891614,0.054262932,0.013615156,0.05591463,0.021351924,0.7294296,0.010665759,0.06965867,0.015963202,0.16004972,0.028313577,null,null,null,null,"TWOGAUSSIANS",8,1.8863575,0.7294296,0.010665759,0.39008853,0.06337051,0.1600003,0.02837855,0.23440315,0.021891614,0.30387244,0.076244876,0.05586519,0.021315195
375316653866487564,6648526635962389248,0.5218618,2290.767152522976,3.3857510706309633,1.5209165E-5,18.678793,0.01529857,0.29627088,0.0084239,0.0814878,0.008665214,0.33196962,0.015077348,0.78471625,0.0054809954,0.083491646,0.007430667,0.34426665,0.018872192,null,null,null,null,"TWOGAUSSIANS",8,6.101787,0.78471625,0.0054809954,0.4,0.0,0.33874133,0.0174444,0.29627088,0.0084239,0.4,0.0,0.3264443,0.013113279
375316653866487564,6648527048277013632,0.45384437,2387.1615294373505,3.082010070759412,7.76598E-5,18.832348,0.010584128,0.28433836,0.0042542606,0.01452774,0.016222538,0.35029912,0.714799,0.74667007,0.018216368,0.040519256,0.030968517,0.15351158,1.9934695,0.06830876,0.018087612,0.74667007,0.018216368,"TWOGAUSSIANS_WITH_ELLIPSOIDAL_ON_ECLIPSE2",9,13.869951,0.28410837,0.0026648794,0.08135534,0.09084622,0.47945142,0.72187006,0.74667007,0.018216368,0.22690783,0.1734237,0.29012895,1.9859833
375316653866487564,6648530213671502080,0.5165887,2306.38760368032,1.8851393997697494,2.339469E-5,15.468436,0.010898237,0.28652442,0.003888744,0.03950006,0.004271686,0.29069158,0.03840282,0.7834504,0.009421264,0.04601679,0.005565978,0.39568725,0.075992115,0.01590024,0.015457892,0.28652442,0.003888744,"TWOGAUSSIANS_WITH_ELLIPSOIDAL_ON_ECLIPSE1",9,87.20595,0.7834904,0.009353817,0.25769404,0.031169478,0.4274758,0.07398349,0.28652442,0.003888744,0.22120033,0.023921441,0.32249185,0.03569709
