Gaia/vari_eclipsing_binary/VariEclipsingBinary_675762-675784.csv
# %ECSV 1.0
# ---
# delimiter: ','
# meta: !!omap
# - RELEASE: Gaia DR3
# - TABLE: vari_eclipsing_binary
# - DESCRIPTION: >
#     This table describes the properties of the eclipsing binaries resulting from the variability analysis. 
# - CITATION: >
#     How to cite and acknowledge Gaia: 
#     https://gea.esac.esa.int/archive/documentation/credits.html 
# - KNOWN_ISSUES: >
#     Known issues: 
#     https://www.cosmos.esa.int/web/gaia-users/known-issues 
# - DOCUMENTATION: >
#     Tutorials and documentation: 
#     https://www.cosmos.esa.int/web/gaia-users/archive 
# datatype:
# - 
#   name: solution_id
#   datatype: int64
#   description: Solution Identifier
#   meta:
#     ucd: meta.version
# - 
#   name: source_id
#   datatype: int64
#   description: Unique source identifier
#   meta:
#     ucd: meta.id;meta.main
# - 
#   name: global_ranking
#   datatype: float32
#   description: Number between 0 (worst) and 1 (best)
#   meta:
#     ucd: stat.param
# - 
#   name: reference_time
#   datatype: float64
#   unit: d
#   description: Reference time used for the geometric model fit
#   meta:
#     ucd: time.epoch
# - 
#   name: frequency
#   datatype: float64
#   unit: d**-1
#   description: Frequency of geometric model of the eclipsing binary light curve
#   meta:
#     ucd: src.orbital
# - 
#   name: frequency_error
#   datatype: float32
#   unit: d**-1
#   description: "Uncertainty of \\texttt{frequency}"
#   meta:
#     ucd: stat.error
# - 
#   name: geom_model_reference_level
#   datatype: float32
#   unit: mag
#   description: Magnitude reference level of geometric model
#   meta:
#     ucd: phot.mag;em.opt
# - 
#   name: geom_model_reference_level_error
#   datatype: float32
#   unit: mag
#   description: "Uncertainty of \\texttt{geomModelReferenceLevel}"
#   meta:
#     ucd: stat.error;phot.mag;em.opt
# - 
#   name: geom_model_gaussian1_phase
#   datatype: float32
#   description: Phase of the Gaussian 1 component
#   meta:
#     ucd: time.phase
# - 
#   name: geom_model_gaussian1_phase_error
#   datatype: float32
#   description: "Uncertainty of \\texttt{geomModelGaussian1Phase}"
#   meta:
#     ucd: stat.error;time.phase
# - 
#   name: geom_model_gaussian1_sigma
#   datatype: float32
#   description: "Standard deviation [phase] of Gaussian 1 component"
#   meta:
#     ucd: stat.stdev
# - 
#   name: geom_model_gaussian1_sigma_error
#   datatype: float32
#   description: "Uncertainty of \\texttt{geomModelGaussian1Sigma}"
#   meta:
#     ucd: stat.error
# - 
#   name: geom_model_gaussian1_depth
#   datatype: float32
#   unit: mag
#   description: Magnitude depth of Gaussian 1 component
#   meta:
#     ucd: src.var.amplitude
# - 
#   name: geom_model_gaussian1_depth_error
#   datatype: float32
#   unit: mag
#   description: "Uncertainty of \\texttt{geomModelGaussian1Depth}"
#   meta:
#     ucd: stat.error;src.var.amplitude
# - 
#   name: geom_model_gaussian2_phase
#   datatype: float32
#   description: Phase of Gaussian 2 component
#   meta:
#     ucd: time.phase
# - 
#   name: geom_model_gaussian2_phase_error
#   datatype: float32
#   description: "Uncertainty of \\texttt{geomModelGaussian2Phase}"
#   meta:
#     ucd: stat.error;time.phase
# - 
#   name: geom_model_gaussian2_sigma
#   datatype: float32
[...]
#   datatype: float32
#   description: "Secondary eclipse: uncertainty of \\texttt{derivedSecondaryEclDuration}"
#   meta:
#     ucd: stat.error;time.duration
# - 
#   name: derived_secondary_ecl_depth
#   datatype: float32
#   unit: mag
#   description: "Secondary eclipse: depth"
#   meta:
#     ucd: src.var.amplitude
# - 
#   name: derived_secondary_ecl_depth_error
#   datatype: float32
#   unit: mag
#   description: "Secondary eclipse: uncertainty of \\texttt{derivedSecondaryEclDepth}"
#   meta:
#     ucd: stat.error;src.var.amplitude
solution_id,source_id,global_ranking,reference_time,frequency,frequency_error,geom_model_reference_level,geom_model_reference_level_error,geom_model_gaussian1_phase,geom_model_gaussian1_phase_error,geom_model_gaussian1_sigma,geom_model_gaussian1_sigma_error,geom_model_gaussian1_depth,geom_model_gaussian1_depth_error,geom_model_gaussian2_phase,geom_model_gaussian2_phase_error,geom_model_gaussian2_sigma,geom_model_gaussian2_sigma_error,geom_model_gaussian2_depth,geom_model_gaussian2_depth_error,geom_model_cosine_half_period_amplitude,geom_model_cosine_half_period_amplitude_error,geom_model_cosine_half_period_phase,geom_model_cosine_half_period_phase_error,model_type,num_model_parameters,reduced_chi2,derived_primary_ecl_phase,derived_primary_ecl_phase_error,derived_primary_ecl_duration,derived_primary_ecl_duration_error,derived_primary_ecl_depth,derived_primary_ecl_depth_error,derived_secondary_ecl_phase,derived_secondary_ecl_phase_error,derived_secondary_ecl_duration,derived_secondary_ecl_duration_error,derived_secondary_ecl_depth,derived_secondary_ecl_depth_error
[from data line 183]
375316653866487564,5944125679864705408,0.5337951,2051.9597523114153,0.2784839527213356,1.2395148E-4,19.381788,0.01331684,0.25353497,0.0058766315,0.04379554,0.014451818,0.7861623,0.2912614,0.7466811,0.017009867,0.038442865,0.010674899,0.4853429,0.33403972,null,null,null,null,"TWOGAUSSIANS",8,3.6176999,0.25353497,0.0058766315,0.24525504,0.08093018,0.7861623,0.29126224,0.7466811,0.017009867,0.21528004,0.059779435,0.4853429,0.33403972
375316653866487564,5944126096551432832,0.48854327,2085.0204775761063,1.512955005790428,1.828392E-5,16.556175,0.00994399,0.24144474,0.0031405804,0.034247044,0.0052942736,0.23867522,0.031227248,0.7477605,0.013455355,0.02926304,0.0073801526,0.26384175,0.13647933,0.03292105,0.018618971,0.24144474,0.0031405804,"TWOGAUSSIANS_WITH_ELLIPSOIDAL_ON_ECLIPSE1",9,87.571434,0.7477605,0.013330007,0.16387302,0.041328855,0.32958022,0.13999031,0.24144474,0.0031405804,0.19178344,0.029647931,0.3045173,0.034660812
375316653866487564,5944126813730598528,0.50729036,2092.8998380993553,2.1010234450106764,1.2922364E-5,17.645716,1.212341,0.31322792,0.009437467,0.28828463,0.21799459,0.9752972,1.2002486,0.7971326,0.013117509,0.1344633,0.029187227,0.66643053,0.4381421,null,null,null,null,"TWOGAUSSIANS",8,5.8236704,0.7971326,0.013117509,0.4,0.0,0.30781814,0.018702053,0.3147579,0.007931236,0.4,0.0,0.18807334,0.01546565
375316653866487564,5944126886831664896,0.62027055,2069.0554072670693,3.4460248551749375,3.004185E-6,17.596718,0.009799801,0.23701368,9.194637E-4,0.04092002,0.002261927,0.34964174,0.021330573,0.73756266,0.0012735684,0.047250245,0.0034281756,0.44181764,0.049851503,0.14947213,0.012134386,0.23701368,9.194637E-4,"TWOGAUSSIANS_WITH_ELLIPSOIDAL_ON_ECLIPSE1",9,9.351159,0.73756266,0.0012442354,0.26460135,0.019197783,0.74075794,0.049554788,0.23701368,9.194637E-4,0.22915211,0.012666791,0.6485856,0.010515243
375316653866487564,5944127294766003968,0.64060944,2063.6839218383548,0.8389768413850613,5.272495E-6,18.081018,0.003678321,0.30607036,2.6018842E-4,0.027781187,4.4257165E-4,0.78511035,0.009100927,0.8055765,0.04115742,0.022010645,0.021563457,0.060608808,0.3994888,0.01923189,0.0044113053,0.30607036,2.6018842E-4,"TWOGAUSSIANS_WITH_ELLIPSOIDAL_ON_ECLIPSE1",9,3.2983644,0.30607036,2.6018842E-4,0.15557465,0.0024784012,0.8235741,0.0078132795,0.8055865,0.04115839,0.12325962,0.12075536,0.099072225,0.39582413
375316653866487564,5944127883258329344,0.4276835,2077.453756177956,1.4335444004757354,3.710593E-5,16.800165,0.003214591,null,null,null,null,null,null,null,null,null,null,null,null,0.031295825,0.0050370977,0.25096402,0.009306452,"ELLIPSOIDAL",4,21.215197,null,null,null,null,null,null,null,null,null,null,null,null
375316653866487564,5944128432933396480,0.47144803,2052.2504510506333,1.1732005996903625,2.248444E-5,19.081158,0.054082092,0.21983656,0.0062727276,0.10276884,0.023295749,0.22295871,0.04672377,0.71987015,0.007268212,0.11531317,0.030609572,0.18420538,0.049586404,null,null,null,null,"TWOGAUSSIANS",8,1.9580644,0.21983656,0.0062895273,0.4,0.0,0.19402193,0.012826143,0.71987015,0.0072689303,0.4,0.0,0.15524136,0.015647335
375316653866487564,5944128467293078016,0.44493404,2024.6386261907967,4.588159642999864,5.5651246E-5,19.327044,0.012347947,0.47227076,0.018654233,0.15818505,0.021421134,0.20311089,0.01675277,0.17948715,0.0059134727,0.01291491,0.006894696,0.10697634,0.019238444,null,null,null,null,"TWOGAUSSIANS",8,3.5851414,0.47227076,0.018654233,0.4,0.0,0.20036142,0.015422407,0.18015715,0.0062652566,0.07232349,0.0386103,0.14100939,0.020866476
375316653866487564,5944128639091535488,0.5001841,2043.8248555870643,2.841256551645723,2.4126426E-5,19.435686,0.02874855,0.2697826,0.005342248,0.0964186,0.009576889,0.446995,0.029786548,0.76388246,0.009520699,0.09359641,0.014610893,0.37449014,0.039094612,null,null,null,null,"TWOGAUSSIANS",8,4.1505485,0.2697826,0.005342248,0.4,0.0,0.42333713,0.021984173,0.76388246,0.009520699,0.4,0.0,0.35083315,0.037828047
375316653866487564,5944128673532353280,0.5065872,2101.634137699111,0.45561492787043795,1.3870393E-5,15.776197,0.00294313,0.21376482,0.002405753,0.02747879,0.0018918187,0.26155844,0.035011616,0.7078223,0.034916043,0.028378893,0.029402489,0.17938335,33322.156,null,null,null,null,"TWOGAUSSIANS",8,79.205574,0.21376482,0.002405753,0.15388122,0.0105941845,0.26155844,0.035011616,0.7078223,0.034916043,0.1589218,0.16465394,0.17938335,33322.156
375316653866487564,5944129012753872896,0.6042536,2084.72366243909,2.5764946507574926,9.871094E-6,18.454699,0.0047457353,0.24417031,0.0021124186,0.069252096,0.0033300985,0.6218545,0.05296144,0.74769926,0.0026748609,0.06974591,0.0030530442,0.53006643,0.0117795095,null,null,null,null,"TWOGAUSSIANS",8,3.1874332,0.24417031,0.0021124186,0.38781175,0.015445311,0.62023187,0.053471148,0.74769926,0.0026748609,0.3905771,0.017097048,0.5284438,0.011952329
375316653866487564,5944129085768779392,0.4660152,2049.0163126618254,1.2520878618308553,2.7448794E-5,18.714237,0.031599235,0.42716867,0.00881987,0.057027124,0.0067819147,0.57464486,0.09203177,0.83446556,0.14325516,0.015117833,0.19890451,0.624283,0.7442048,null,null,null,null,"TWOGAUSSIANS",8,17.48329,0.83446556,0.14325516,0.08465987,0.30900285,0.624283,0.75060177,0.42716867,0.008586079,0.31935188,0.037978724,0.57464486,0.09357422
375316653866487564,5944129292007592192,0.4626054,2046.988595886934,1.74476668425854,1.080585E-6,17.012272,0.0018206281,0.28001466,0.0028425513,0.01395136,7.4738014E-4,0.60837495,0.13312507,0.54908353,5.9075543E-4,0.004161849,3.843741E-4,0.39051852,0.19467747,null,null,null,null,"TWOGAUSSIANS",8,6.4474883,0.28001466,0.0028425513,0.078127615,0.0041853287,0.60837495,0.13312507,0.54908353,5.9075543E-4,0.023306355,0.002152495,0.39051852,0.19467747
375316653866487564,5944129601164304512,0.5409719,2051.390191327618,0.39299259311448553,1.9100591E-5,19.079737,0.0045441603,0.32100734,0.0013907494,0.038673457,0.001409295,0.521017,0.017979417,0.8355178,0.023429636,0.032410026,0.027117372,0.18193355,0.34132826,null,null,null,null,"TWOGAUSSIANS",8,2.27179,0.32100734,0.0013907494,0.21657136,0.007892052,0.521017,0.017979417,0.8355178,0.023429636,0.18149614,0.15185727,0.18193355,0.34132826
375316653866487564,5944129601245281152,0.5042606,2078.165957114173,0.5973138690760377,1.5395226E-6,16.952293,0.003344425,0.41385072,2.677465E-4,0.014814858,1.8300746E-4,0.480292,0.0065912157,0.91205907,6.090294E-4,0.0122603355,8.416268E-4,0.22103475,0.012319055,null,null,null,null,"TWOGAUSSIANS",8,35.71293,0.41385072,2.677465E-4,0.082963206,0.0010248418,0.480292,0.0065912157,0.91205907,6.090294E-4,0.06865788,0.00471311,0.22103475,0.012319055
375316653866487564,5944130043546260736,0.5485907,2072.3606712351675,2.0336037968065623,1.1791597E-5,18.400118,0.008674798,0.23540902,0.0020146316,0.064110175,0.0030359006,0.47616866,0.021982927,0.73572594,0.0026274037,0.07589127,0.004232209,0.7932723,0.06806134,null,null,null,null,"TWOGAUSSIANS",8,8.543595,0.73572594,0.0026274037,0.4,0.0,0.7911647,0.06878054,0.23540902,0.0020146316,0.35901695,0.017001044,0.47406107,0.022240363
375316653866487564,5944130249705167232,0.5248269,2060.943186921009,0.1640969755711815,9.048071E-6,19.18566,0.027808448,0.3170777,0.04824565,0.17362398,0.11840691,0.070911124,0.02520721,0.5314625,0.0034399044,0.017124929,0.002073151,0.82680446,0.08945965,null,null,null,null,"TWOGAUSSIANS",8,4.3719106,0.5314625,0.0034399044,0.095899604,0.0116096465,0.85764945,0.088549234,0.3170777,0.04824565,0.4,0.0,0.068667725,0.018269813
375316653866487564,5944130524582867840,0.4346343,2066.1617834655194,1.4869158262855557,3.3104767E-5,18.24526,0.0054667075,0.3060426,0.01547258,0.04964528,0.06522993,0.0819135,0.047042232,null,null,null,null,null,null,0.029662058,0.006489594,0.3060426,0.01547258,"ONEGAUSSIAN_WITH_ELLIPSOIDAL",6,6.1981936,0.3060426,0.01547258,0.27801356,0.17439996,0.14123736,0.04485028,null,null,null,null,null,null
375316653866487564,5944131009994695552,0.62964886,2094.2433898463114,1.1839975215507597,1.4982146E-6,15.873065,0.0032573938,0.2464625,0.0021981085,0.028534733,0.003443573,0.059576247,0.007078112,0.7448804,0.0010544908,0.039552324,0.0015512927,0.508599,0.018362723,0.024082795,0.0037236153,0.2464625,0.0021981085,"TWOGAUSSIANS_WITH_ELLIPSOIDAL_ON_ECLIPSE1",9,14.685548,0.74490035,0.0010451219,0.221493,0.008687239,0.55675983,0.020542381,0.2464625,0.0021981085,0.15979451,0.019284008,0.10774183,0.0045266524
375316653866487564,5944131078714219392,0.43928722,2050.7074783393264,1.4182995111084014,6.2216466E-5,18.492603,0.017937161,0.22287706,0.034269907,0.10817698,0.07634104,0.040215693,0.016616022,0.6935765,0.011532386,0.07938456,0.023007942,0.11722548,0.016043993,null,null,null,null,"TWOGAUSSIANS",8,3.586637,0.6935765,0.011532386,0.4,0.0,0.114971384,0.017162709,0.22287706,0.034271155,0.4,0.0,0.037958227,0.01423507
375316653866487564,5944131491030995328,0.5301676,2079.333997151028,2.3028091785782374,1.6356747E-5,17.357534,0.014598064,0.28084671,0.0031340267,0.08163341,0.0060676592,0.24366151,0.013754539,0.7875665,0.0033146532,0.08148563,0.0068442505,0.23331676,0.015293763,null,null,null,null,"TWOGAUSSIANS",8,13.096771,0.28084671,0.0031340267,0.4,0.0,0.2398333,0.010834502,0.7875665,0.0033146532,0.4,0.0,0.22948857,0.013079033
375316653866487564,5944131731556090368,0.43273166,2013.8332423762604,3.9285051789189858,5.4312422E-5,19.65354,0.05957606,0.36364964,0.021300666,0.12636174,0.060149796,0.16869432,0.055398073,0.8573292,0.005945186,0.05967648,0.017049048,0.35021096,0.053985387,null,null,null,null,"TWOGAUSSIANS",8,4.502256,0.8573292,0.005945186,0.33418828,0.09547467,0.34084022,0.05508456,0.36364964,0.021300666,0.4,0.0,0.15918675,0.039059903
375316653866487564,5944131800268692224,0.5045987,2088.682375312051,2.309774903012379,9.533911E-6,17.599995,0.024168573,0.2769736,0.013202889,0.08313621,0.022052074,0.25904197,0.02952129,0.78869945,0.0036109283,0.08671002,0.010162045,0.38231668,0.019235354,null,null,null,null,"TWOGAUSSIANS",8,24.606945,0.78869945,0.0036109283,0.4,0.0,0.375576,0.018846394,0.2769736,0.013202889,0.4,0.0,0.25230134,0.035719942
375316653866487564,5944131967691379584,0.6058157,2090.2750634582617,2.2379885870837226,7.407953E-6,17.60426,0.004191961,0.25758633,0.0019171386,0.07747413,0.0023314734,0.5113911,0.017826756,0.7484719,0.0021514497,0.07671153,0.0020816543,0.5534443,0.006746888,null,null,null,null,"TWOGAUSSIANS",8,6.435174,0.7484719,0.0021514497,0.4,0.0,0.5488811,0.006256347,0.25758633,0.0019171386,0.4,0.0,0.50682783,0.018197123
375316653866487564,5944131971986896384,0.48886666,2033.579228062545,3.3979455232422477,2.1297288E-5,19.524252,0.035142913,0.28347072,0.007695259,0.081480585,0.011247083,0.5475824,0.036986474,0.7825687,0.012744836,0.078484416,0.015463707,0.47483924,0.10068468,null,null,null,null,"TWOGAUSSIANS",8,8.122865,0.28347072,0.007695259,0.4,0.0,0.54,0.034412786,0.7825687,0.012744836,0.4,0.0,0.46725684,0.10483546
375316653866487564,5944132006346699008,0.58576757,2067.558332926899,1.0936382874215416,6.350071E-6,18.634655,0.005180798,0.23610136,0.001929426,0.065638945,0.0019038091,0.5613348,0.0228109,0.740889,0.0074461116,0.076433785,0.0054364516,0.19189383,0.018565267,null,null,null,null,"TWOGAUSSIANS",8,2.5241196,0.23610136,0.001929426,0.3675781,0.010661331,0.5602127,0.022882687,0.740889,0.0074461116,0.4,0.0,0.19077173,0.018730285
375316653866487564,5944132551806891904,0.54603016,2051.2301286499155,2.3723945206121932,8.026475E-6,18.706516,0.008956046,0.2948464,0.0043882327,0.075968355,0.004719149,0.42227647,0.022916606,0.79029447,0.0024478252,0.06587422,0.0035383692,0.53128344,0.026398879,null,null,null,null,"TWOGAUSSIANS",8,6.3370376,0.79029447,0.0024478252,0.36889562,0.019814868,0.5296097,0.026869016,0.2948464,0.0043882327,0.4,0.0,0.4206027,0.023078522
375316653866487564,5944133071579120896,0.62310094,2085.717014083373,0.9864472247196382,1.1347146E-5,16.82027,0.010248004,0.2498524,0.0013299886,0.03659236,0.001314028,1.068287,0.03786448,0.7614432,0.013725214,0.039325077,0.006782285,0.16815872,0.04116535,0.015325677,0.011533187,0.2498524,0.0013299886,"TWOGAUSSIANS_WITH_ELLIPSOIDAL_ON_ECLIPSE1",9,33.75688,0.2498524,0.0013299886,0.20491722,0.007358557,1.0989383,0.034980446,0.7614432,0.013725214,0.22022043,0.037980795,0.19864777,0.036251582
375316653866487564,5944133376441355136,0.5275549,2062.750758711653,3.2229428812473806,1.7016735E-5,18.783667,0.030287758,0.2670589,0.0047253836,0.078009024,0.008094482,0.3423063,0.033271827,0.76326114,0.00911546,0.084507376,0.017675899,0.39897224,0.053639926,null,null,null,null,"TWOGAUSSIANS",8,6.859669,0.76326114,0.00911546,0.4,0.0,0.392906,0.05862602,0.2670589,0.0047253836,0.4,0.0,0.33624008,0.028828576
375316653866487564,5944135133163545216,0.6221012,2055.830706611439,0.9556032992648744,9.179189E-6,14.0723095,0.0013411517,0.23252623,0.0012604059,0.032086436,0.0023974534,0.17280091,0.0068100397,0.7310961,0.0034702816,0.030219797,0.0029866747,0.056867275,0.0042750435,0.028627306,0.0018484562,0.23252623,0.0012604059,"TWOGAUSSIANS_WITH_ELLIPSOIDAL_ON_ECLIPSE1",9,19.14362,0.23252623,0.0012604059,0.17968403,0.013425739,0.23005553,0.00674452,0.7311961,0.0032715576,0.16923086,0.016725378,0.11411758,0.0028347685
375316653866487564,5944135236242735232,0.64619225,2100.7643660130625,1.142498229313363,1.7948842E-6,13.8281355,0.0037054443,0.17746069,0.003114877,0.06723827,0.0057510585,0.08215339,0.009759939,0.6796335,8.688858E-4,0.053259853,0.0013346784,0.30373707,0.006692119,0.037137374,0.0038933475,0.17746069,0.003114877,"TWOGAUSSIANS_WITH_ELLIPSOIDAL_ON_ECLIPSE1",9,23.302,0.6796335,8.259679E-4,0.29825518,0.007474199,0.37791324,0.0060459906,0.17746069,0.003114877,0.3765343,0.032205928,0.15634339,0.0044785533
375316653866487564,5944135270522788864,0.48648465,2025.8845472176943,2.333069823336765,4.7130678E-5,19.629633,0.03050087,0.2675758,0.010815271,0.0757138,0.010076448,0.61611927,0.04592025,0.7888757,0.013779082,0.06896347,0.022994932,0.25059128,0.057189066,null,null,null,null,"TWOGAUSSIANS",8,5.6438985,0.2675758,0.010815271,0.4,7.081783E-4,0.61491174,0.044513036,0.7888757,0.013779082,0.38619545,0.10970316,0.24938376,0.05846098
375316653866487564,5944135442401189888,0.57723534,2062.8487619241255,2.1020871590349963,1.0825726E-5,17.11311,0.015592064,0.25062346,0.0019734437,0.090104036,0.0055114245,0.29133144,0.014574445,0.7568148,0.0037017409,0.09681521,0.010065348,0.2805175,0.015292394,null,null,null,null,"TWOGAUSSIANS",8,7.9649916,0.25062346,0.0019734437,0.4,0.0,0.27674237,0.007819659,0.7568148,0.0037017409,0.4,0.0,0.26592758,0.018209742
375316653866487564,5944135506745991552,0.5318844,2057.5046584762526,3.538205401172442,1.1805283E-5,18.88416,0.018112343,0.2448134,0.004694839,0.07994281,0.0066735563,0.5558268,0.04688956,0.74241096,0.0031083494,0.07884027,0.004301474,0.4924757,0.021068292,null,null,null,null,"TWOGAUSSIANS",8,5.6983814,0.2448134,0.004694839,0.4,0.0,0.548814,0.047969885,0.74241096,0.0031083494,0.4,0.0,0.48546287,0.018947955
375316653866487564,5944135751645573760,0.4348402,2032.2681146662494,0.025879660433170998,3.6886446E-5,19.59595,0.009380271,null,null,null,null,null,null,null,null,null,null,null,null,0.100684784,0.015903661,0.18280236,0.008794175,"ELLIPSOIDAL",4,3.8143005,null,null,null,null,null,null,null,null,null,null,null,null
375316653866487564,5944136095160119808,0.4855146,2096.6176997583484,2.398702211443555,3.273786E-5,19.723576,0.025644336,0.22619718,0.0036281885,0.07626356,0.01101719,0.4979863,0.053336788,0.7403192,0.015974523,0.092543684,0.025334928,0.39928874,0.14702216,null,null,null,null,"TWOGAUSSIANS",8,5.0746045,0.22619718,0.0036281885,0.4,0.0029216544,0.4895077,0.05700285,0.7403192,0.015974523,0.4,0.0,0.39080968,0.15418987
