Gaia/vari_eclipsing_binary/VariEclipsingBinary_665377-665395.csv
# %ECSV 1.0
# ---
# delimiter: ','
# meta: !!omap
# - RELEASE: Gaia DR3
# - TABLE: vari_eclipsing_binary
# - DESCRIPTION: >
#     This table describes the properties of the eclipsing binaries resulting from the variability analysis. 
# - CITATION: >
#     How to cite and acknowledge Gaia: 
#     https://gea.esac.esa.int/archive/documentation/credits.html 
# - KNOWN_ISSUES: >
#     Known issues: 
#     https://www.cosmos.esa.int/web/gaia-users/known-issues 
# - DOCUMENTATION: >
#     Tutorials and documentation: 
#     https://www.cosmos.esa.int/web/gaia-users/archive 
# datatype:
# - 
#   name: solution_id
#   datatype: int64
#   description: Solution Identifier
#   meta:
#     ucd: meta.version
# - 
#   name: source_id
#   datatype: int64
#   description: Unique source identifier
#   meta:
#     ucd: meta.id;meta.main
# - 
#   name: global_ranking
#   datatype: float32
#   description: Number between 0 (worst) and 1 (best)
#   meta:
#     ucd: stat.param
# - 
#   name: reference_time
#   datatype: float64
#   unit: d
#   description: Reference time used for the geometric model fit
#   meta:
#     ucd: time.epoch
# - 
#   name: frequency
#   datatype: float64
#   unit: d**-1
#   description: Frequency of geometric model of the eclipsing binary light curve
#   meta:
#     ucd: src.orbital
# - 
#   name: frequency_error
#   datatype: float32
#   unit: d**-1
#   description: "Uncertainty of \\texttt{frequency}"
#   meta:
#     ucd: stat.error
# - 
#   name: geom_model_reference_level
#   datatype: float32
#   unit: mag
#   description: Magnitude reference level of geometric model
#   meta:
#     ucd: phot.mag;em.opt
# - 
#   name: geom_model_reference_level_error
#   datatype: float32
#   unit: mag
#   description: "Uncertainty of \\texttt{geomModelReferenceLevel}"
#   meta:
#     ucd: stat.error;phot.mag;em.opt
# - 
#   name: geom_model_gaussian1_phase
#   datatype: float32
#   description: Phase of the Gaussian 1 component
#   meta:
#     ucd: time.phase
# - 
#   name: geom_model_gaussian1_phase_error
#   datatype: float32
#   description: "Uncertainty of \\texttt{geomModelGaussian1Phase}"
#   meta:
#     ucd: stat.error;time.phase
# - 
#   name: geom_model_gaussian1_sigma
#   datatype: float32
#   description: "Standard deviation [phase] of Gaussian 1 component"
#   meta:
#     ucd: stat.stdev
# - 
#   name: geom_model_gaussian1_sigma_error
#   datatype: float32
#   description: "Uncertainty of \\texttt{geomModelGaussian1Sigma}"
#   meta:
#     ucd: stat.error
# - 
#   name: geom_model_gaussian1_depth
#   datatype: float32
#   unit: mag
#   description: Magnitude depth of Gaussian 1 component
#   meta:
#     ucd: src.var.amplitude
# - 
#   name: geom_model_gaussian1_depth_error
#   datatype: float32
#   unit: mag
#   description: "Uncertainty of \\texttt{geomModelGaussian1Depth}"
#   meta:
#     ucd: stat.error;src.var.amplitude
# - 
#   name: geom_model_gaussian2_phase
#   datatype: float32
#   description: Phase of Gaussian 2 component
#   meta:
#     ucd: time.phase
# - 
#   name: geom_model_gaussian2_phase_error
#   datatype: float32
#   description: "Uncertainty of \\texttt{geomModelGaussian2Phase}"
#   meta:
#     ucd: stat.error;time.phase
# - 
#   name: geom_model_gaussian2_sigma
#   datatype: float32
[...]
#   datatype: float32
#   description: "Secondary eclipse: uncertainty of \\texttt{derivedSecondaryEclDuration}"
#   meta:
#     ucd: stat.error;time.duration
# - 
#   name: derived_secondary_ecl_depth
#   datatype: float32
#   unit: mag
#   description: "Secondary eclipse: depth"
#   meta:
#     ucd: src.var.amplitude
# - 
#   name: derived_secondary_ecl_depth_error
#   datatype: float32
#   unit: mag
#   description: "Secondary eclipse: uncertainty of \\texttt{derivedSecondaryEclDepth}"
#   meta:
#     ucd: stat.error;src.var.amplitude
solution_id,source_id,global_ranking,reference_time,frequency,frequency_error,geom_model_reference_level,geom_model_reference_level_error,geom_model_gaussian1_phase,geom_model_gaussian1_phase_error,geom_model_gaussian1_sigma,geom_model_gaussian1_sigma_error,geom_model_gaussian1_depth,geom_model_gaussian1_depth_error,geom_model_gaussian2_phase,geom_model_gaussian2_phase_error,geom_model_gaussian2_sigma,geom_model_gaussian2_sigma_error,geom_model_gaussian2_depth,geom_model_gaussian2_depth_error,geom_model_cosine_half_period_amplitude,geom_model_cosine_half_period_amplitude_error,geom_model_cosine_half_period_phase,geom_model_cosine_half_period_phase_error,model_type,num_model_parameters,reduced_chi2,derived_primary_ecl_phase,derived_primary_ecl_phase_error,derived_primary_ecl_duration,derived_primary_ecl_duration_error,derived_primary_ecl_depth,derived_primary_ecl_depth_error,derived_secondary_ecl_phase,derived_secondary_ecl_phase_error,derived_secondary_ecl_duration,derived_secondary_ecl_duration_error,derived_secondary_ecl_depth,derived_secondary_ecl_depth_error
[from data line 179]
375316653866487564,5852760356731636864,0.49433348,2254.4129584334555,1.1098827862671319,1.1460193E-5,17.490377,0.010267063,0.24963266,0.007977027,0.08128869,0.007843689,0.23386234,0.034416627,0.72308046,0.0036505996,0.07226702,0.005688243,0.3680733,0.014770781,null,null,null,null,"TWOGAUSSIANS",8,28.413673,0.72308046,0.0036505996,0.4,0.00764125,0.3664627,0.014853723,0.24963266,0.007977027,0.4,0.0,0.23225172,0.03476285
375316653866487564,5852762830681416832,0.52695036,2240.8021958789013,3.7705024816669273,9.062152E-6,17.744698,0.0045708716,0.21431428,0.0019584175,0.072144374,0.0042006117,0.1387356,0.003730856,0.7106083,0.0035835458,0.07735301,0.005521054,0.115480006,0.0068596397,null,null,null,null,"TWOGAUSSIANS",8,2.8136365,0.21431428,0.0019584175,0.4,0.012904114,0.1378721,0.0034812703,0.7106083,0.0035835458,0.4,0.0,0.1146165,0.006805922
375316653866487564,5852763036794465280,0.53227544,2220.8835208875735,0.5990585416529381,1.0023378E-5,19.057976,0.004731441,0.17600517,0.0010895848,0.026947923,0.0010385276,0.43025893,0.011134606,0.6784947,0.014029846,0.027078595,0.02759672,0.44377,0.29573217,null,null,null,null,"TWOGAUSSIANS",8,2.8993967,0.6784947,0.014029846,0.15164013,0.15454163,0.44377,0.29573217,0.17600517,0.0010895848,0.15090838,0.005815754,0.43025893,0.011134606
375316653866487564,5852763036828801152,0.6061315,2236.7464712150254,0.1296968716436316,7.237518E-5,14.888322,7.795119E-4,0.3432846,0.029872745,0.01695155,0.022252029,0.00451699,0.04404714,0.52513844,0.0039572283,0.024585698,0.0014658701,0.25444975,0.032357395,null,null,null,null,"TWOGAUSSIANS",8,5.2912097,0.52513844,0.0039572283,0.1376799,0.008208873,0.25444975,0.032357395,0.3432846,0.029872745,0.094928674,0.12461136,0.00451699,0.04404714
375316653866487564,5852763208592869888,0.5198112,2220.5431066528135,3.3376991721599296,1.0432796E-5,19.637527,0.012109046,0.20185734,0.0045656757,0.08833989,0.005479615,0.35906175,0.01791781,0.69785154,0.0028580346,0.08329785,0.0043476326,0.35650274,0.01590128,null,null,null,null,"TWOGAUSSIANS",8,1.7447454,0.20185734,0.0045656757,0.4,0.0,0.34946534,0.017003873,0.69785154,0.0028580346,0.4,0.0,0.3469064,0.014653852
375316653866487564,5852763208626804864,0.5122737,2229.7789505586106,2.161911765441343,8.239694E-6,17.783493,0.39192346,0.20582993,0.0037372243,0.13545167,0.059576042,0.23673625,0.33577126,0.7063459,0.0036262714,0.15576968,0.10565413,0.22991632,0.3815125,null,null,null,null,"TWOGAUSSIANS",8,3.664697,0.20578992,0.00392908,0.4,0.0,0.13341188,0.0069041965,0.70636594,0.0036728303,0.4,0.0,0.12444994,0.010944369
375316653866487564,5852763483504768640,0.50641143,2248.9622930919368,0.16307995395116345,4.9220955E-5,17.14814,0.0018832122,0.13854274,0.001575392,0.0030982406,3.8552278E-4,1.6645027,0.8263533,0.80223095,0.052631896,0.015590069,0.025483433,0.013866224,0.08518831,null,null,null,null,"TWOGAUSSIANS",8,9.746804,0.13854274,0.001575392,0.017350147,0.0021589277,1.6645027,0.8263533,0.80223095,0.052631896,0.08730438,0.14270723,0.013866224,0.08518831
375316653866487564,5852763586550442496,0.4464954,2218.2872974725215,0.2762528179787733,5.162998E-6,17.693802,0.0029098622,0.51856655,0.0029899834,0.00958692,0.0016230963,0.22565895,0.053544495,0.6438686,0.0024946798,0.026304126,0.002698003,0.2239033,0.033996932,null,null,null,null,"TWOGAUSSIANS",8,4.330482,0.51856655,0.0029899834,0.053686753,0.0090893395,0.22566159,0.05354379,0.6438686,0.0024946798,0.1473031,0.015108817,0.2239033,0.033996932
375316653866487564,5852763891455802624,0.5017236,2239.6055386945177,2.8652205550279475,1.22106185E-5,17.411402,0.03909802,0.22686335,0.0023243756,0.11291061,0.014648061,0.2471247,0.03532597,0.73734677,0.00470112,0.112608574,0.01799182,0.18675639,0.038005248,null,null,null,null,"TWOGAUSSIANS",8,11.505601,0.22684336,0.0023371603,0.4,0.0,0.21406484,0.008734099,0.73737675,0.004702646,0.4,0.0,0.15370485,0.008963762
375316653866487564,5852764170699488000,0.52846706,2219.7398018596664,3.1325925162820196,1.7458971E-5,17.76037,0.0035729834,0.9513527,0.004724695,0.0040971916,0.003090804,0.6912526,10.651095,null,null,null,null,null,null,null,null,null,null,"ONEGAUSSIAN",5,11.3589115,0.9513527,0.004724695,0.022944272,0.017308502,0.6912526,0.0,null,null,null,null,null,null
375316653866487564,5852764205025430144,0.44261444,2239.2842790403834,0.6626257510354536,6.4223113E-6,18.92795,0.008562515,0.20861581,0.002383562,0.013928126,0.0025716957,0.35677448,0.07146821,0.7073598,0.0074159433,0.01282926,0.0054327245,0.3101044,0.2089004,0.021226278,0.011840943,0.20861581,0.002383562,"TWOGAUSSIANS_WITH_ELLIPSOIDAL_ON_ECLIPSE1",9,16.286442,0.20861581,0.002383562,0.0779975,0.014401495,0.399227,0.07127112,0.7073598,0.0074098646,0.071843855,0.030423256,0.3525543,0.20743863
375316653866487564,5852764338131173248,0.42782852,2267.963288495254,2.720677628836678,1.8562812E-5,17.986887,0.08229784,0.24788857,0.005755866,0.19785678,0.03525172,0.4783566,0.085226074,0.7455219,0.005886516,0.1678517,0.023728447,0.4373894,0.06597583,null,null,null,null,"TWOGAUSSIANS",8,11.291838,0.24861856,0.0061599803,0.4,0.0,0.13231872,0.009272338,0.7455219,0.005886516,0.4,0.0,0.120269254,0.014116317
375316653866487564,5852764651702454784,0.5018509,2241.430390365229,1.167255983625018,1.0681457E-5,18.013525,0.0042718723,0.2813535,0.009351566,0.04019553,0.0076004327,0.21952789,0.019265033,0.7818305,0.011018246,0.018648796,0.010817496,0.0501853,0.013078546,0.02537197,0.0060350895,0.2813535,0.009351566,"TWOGAUSSIANS_WITH_ELLIPSOIDAL_ON_ECLIPSE1",9,5.0543447,0.2813535,0.009351566,0.22509496,0.04256242,0.27027175,0.018099366,0.7818305,0.010826022,0.10443325,0.06057798,0.100928724,0.009502679
375316653866487564,5852764995333422976,0.5927749,2240.050494829107,2.7832309847696513,3.563524E-6,18.490246,0.0098609105,0.20279165,0.0020289882,0.084369615,0.0023191294,0.4905166,0.013950779,0.7077967,0.001231769,0.082868785,0.0032725409,0.43385643,0.010641328,null,null,null,null,"TWOGAUSSIANS",8,3.4232936,0.20279165,0.0020289882,0.4,0.0,0.4808526,0.012861743,0.7077967,0.001231769,0.4,0.0,0.42419243,0.010568335
375316653866487564,5852765059706759040,0.55058295,2237.3718856587443,2.523242170710876,5.361539E-6,18.938923,0.006455403,0.26205155,0.002372706,0.06497262,0.0031951813,0.3336561,0.019881023,0.7627561,0.002059259,0.070196055,0.0029428692,0.3803275,0.009742974,null,null,null,null,"TWOGAUSSIANS",8,3.373135,0.7627561,0.002059259,0.3930979,0.015951416,0.37957945,0.009690536,0.26205155,0.002372706,0.36384666,0.017893014,0.33290806,0.019968577
375316653866487564,5852765785619108608,0.50006884,2246.002159358267,2.555961417757081,1.2988672E-5,19.136662,0.03953682,0.26002628,0.005868862,0.10617283,0.01604424,0.28295022,0.037846927,0.76497316,0.004850586,0.10901647,0.015509379,0.26638553,0.037749965,null,null,null,null,"TWOGAUSSIANS",8,2.922954,0.26002628,0.005875528,0.4,0.0,0.24799551,0.012470184,0.76497316,0.0048576295,0.4,0.0,0.23142494,0.011079443
375316653866487564,5852766472768613888,0.52688605,2249.812462165157,1.4261923018395846,4.380045E-6,18.719336,0.0054102107,0.19429049,0.0020282576,0.03180404,0.002679634,0.80300736,0.1353725,0.6933942,0.0012656824,0.036284853,0.002284185,0.49621284,0.03851116,null,null,null,null,"TWOGAUSSIANS",8,7.4802613,0.19429049,0.0020282576,0.17810263,0.01500595,0.80300736,0.1353725,0.6933942,0.0012656824,0.20319518,0.012791436,0.49621284,0.03851116
375316653866487564,5852766472770608000,0.42721248,2266.706627192896,0.5097993195081478,2.3513E-5,18.311846,0.0037070755,null,null,null,null,null,null,null,null,null,null,null,null,0.058625538,0.0053648367,0.2580487,0.007376384,"ELLIPSOIDAL",4,11.787778,null,null,null,null,null,null,null,null,null,null,null,null
375316653866487564,5852766537152633344,0.6313859,2256.7010070683787,4.034145581225334,4.3162845E-6,15.7736435,0.0060498468,0.25000528,0.0012601309,0.043226242,0.0034760318,0.17565404,0.012569948,0.7505154,0.0041666995,0.045612816,0.0073751807,0.15947922,0.016192615,0.111233324,0.006385894,0.25000528,0.0012601309,"TWOGAUSSIANS_WITH_ELLIPSOIDAL_ON_ECLIPSE1",9,23.150366,0.25000528,0.0012601309,0.24206695,0.019465778,0.3981206,0.0028302327,0.7505154,0.004023931,0.25543177,0.041301012,0.38194352,0.014073599
375316653866487564,5852766743314386432,0.5029118,2255.694582111184,0.7121237991579831,1.9465093E-5,18.248913,0.0035904644,0.34420586,0.006296484,0.021010572,0.00804506,0.11799342,0.051484007,0.84369254,0.003059398,0.015389449,0.0030134819,0.36752713,0.024493521,null,null,null,null,"TWOGAUSSIANS",8,9.530961,0.84369254,0.003059398,0.08618092,0.016875498,0.36752713,0.024493521,0.34420586,0.006296484,0.11765921,0.045052335,0.11799342,0.051484007
375316653866487564,5852766747646710144,0.4533281,2247.0277427525475,1.5547221110440896,8.720504E-6,19.31599,0.010268168,0.19402699,0.0013187366,0.037857905,0.0021010214,0.3646445,0.029063882,0.6790096,0.0135157555,0.061345313,0.008249749,0.12853803,0.028185358,null,null,null,null,"TWOGAUSSIANS",8,6.631113,0.19402699,0.0013187366,0.21200427,0.011765719,0.36464396,0.029063875,0.6790096,0.0135157555,0.34353375,0.046198595,0.1285375,0.028185612
375316653866487564,5852766816411179392,0.42017436,2237.1815834000176,3.4461229770852584,4.3537777E-5,18.691505,0.53165543,0.33589414,0.022035727,0.16165845,0.093702845,0.31649646,0.47769338,0.8255839,0.013846607,0.16271733,0.080342844,0.3105231,0.49012247,null,null,null,null,"TWOGAUSSIANS",8,10.772286,0.33766413,0.020052265,0.4,0.0,0.14023969,0.0311256,0.8255839,0.013846607,0.4,0.0,0.13401604,0.015839534
375316653866487564,5852766885085917056,0.53850514,2254.4808754932724,2.8738580191095635,5.387909E-6,18.60302,0.010206843,0.2642815,0.0036178648,0.09209365,0.0061040074,0.29979458,0.01265743,0.75537044,0.0028768298,0.08797341,0.0054183602,0.34770533,0.013761745,null,null,null,null,"TWOGAUSSIANS",8,3.1481671,0.75537044,0.0028768298,0.4,0.0,0.33583516,0.013934265,0.2642815,0.0036178648,0.4,0.0,0.28792423,0.012368689
375316653866487564,5852766919445243008,0.60796565,2250.4588722722847,0.5205954898847359,1.0308778E-5,16.623268,0.0019784374,0.29427403,0.0010108098,0.018728055,0.0012905423,0.22867508,0.009603519,0.79435015,5.0274486E-4,0.014976124,4.5007677E-4,0.7281838,0.039748855,null,null,null,null,"TWOGAUSSIANS",8,14.461402,0.79435015,5.0274486E-4,0.0838663,0.00252043,0.7281838,0.039748855,0.29427403,0.0010108098,0.104877114,0.0072270366,0.22867508,0.009603519
375316653866487564,5852767022524724736,0.52542365,2247.993598423314,2.8262413682710954,8.56556E-6,19.007086,0.018413482,0.3216671,0.0043810704,0.085823976,0.006024912,0.42769384,0.020487968,0.8248929,0.0038562345,0.090302445,0.007059602,0.38978794,0.017852873,null,null,null,null,"TWOGAUSSIANS",8,4.7623353,0.3216671,0.0043810704,0.4,0.0,0.413937,0.01760989,0.8248929,0.0038562345,0.4,0.0,0.37603095,0.01357301
375316653866487564,5852767022524840064,0.5901944,2259.3563928760345,0.5395391131056118,2.845602E-6,18.856592,0.005628072,0.31998467,5.2607234E-4,0.02740537,6.836501E-4,0.79268706,0.017282926,0.81673,0.009403734,0.06540065,0.01619933,0.06736573,0.016573349,null,null,null,null,"TWOGAUSSIANS",8,2.4819655,0.31998467,5.2607234E-4,0.15347007,0.0038284406,0.79268694,0.017282922,0.81673,0.009403734,0.36624366,0.08060654,0.06736563,0.016574092
375316653866487564,5852767228683428736,0.43914723,2247.449366337598,2.540940737281253,3.7789086E-5,19.829268,0.03924324,0.23449944,0.0037221184,0.061612494,0.0104697915,0.38593724,0.03758544,0.73109204,0.024473852,0.05808741,0.07107758,0.24987678,0.10670742,null,null,null,null,"TWOGAUSSIANS",8,8.764435,0.23449944,0.0037221184,0.34502995,0.05863083,0.38584715,0.03464148,0.73109204,0.024473852,0.3252895,0.18180078,0.24978666,0.1138256
375316653866487564,5852767331795820032,0.5728388,2245.765430305014,2.408442739053872,5.7164225E-6,16.141094,0.008778736,0.26599967,0.0021027995,0.093877874,0.0033536495,0.36828876,0.011495285,0.7641582,0.002633436,0.08966872,0.0035170296,0.41297773,0.012523756,null,null,null,null,"TWOGAUSSIANS",8,42.521164,0.7641582,0.002633436,0.4,0.0,0.39444584,0.01173396,0.26599967,0.0021027995,0.4,0.0,0.34975648,0.011245959
375316653866487564,5852767812799145216,0.50908095,2259.0859183946527,2.821765205090698,8.571063E-6,19.508179,0.013255573,0.15033498,0.0021387788,0.07253622,0.0039034963,0.35930258,0.012738954,0.6584688,0.0036552707,0.067413166,0.006501707,0.31880778,0.015921244,null,null,null,null,"TWOGAUSSIANS",8,2.3891575,0.15033498,0.0021387788,0.4,0.0028927345,0.35837242,0.01214855,0.6584688,0.0036552707,0.37751374,0.036409557,0.31787765,0.01563729
375316653866487564,5852768018990561920,0.43741068,2231.5638885202925,0.2382154916535519,2.8297442E-5,19.2201,0.009210391,0.36409375,0.010462242,0.033865176,0.016588574,0.08166888,0.017500013,0.85410994,0.011282821,0.024417296,0.008622433,0.26461264,0.2095933,0.013473883,0.014193751,0.85410994,0.011282821,"TWOGAUSSIANS_WITH_ELLIPSOIDAL_ON_ECLIPSE2",9,6.0632143,0.85410994,0.011282821,0.13673685,0.048285626,0.2915604,0.2129895,0.36380374,0.010115912,0.18964499,0.092896014,0.10851381,0.018135052
375316653866487564,5852769462067291776,0.59407574,2273.476569521905,1.3802618339429145,1.7797777E-6,18.797514,0.003645362,0.2785428,7.4175367E-4,0.041981023,0.0012023809,0.84335613,0.026981473,0.7884916,0.005678031,0.061196882,0.0038700306,0.15582758,0.011720493,null,null,null,null,"TWOGAUSSIANS",8,2.5005171,0.2785428,7.4175367E-4,0.23509373,0.0067333328,0.8433532,0.026982153,0.7884916,0.005678031,0.34270254,0.021672172,0.15582463,0.01172047
375316653866487564,5852769496459541632,0.61819607,2244.8256316280726,1.5369455217479568,3.3398749E-6,15.217332,0.0045278063,0.27027333,0.0013612083,0.10727481,0.0034977987,0.20720649,0.003932879,0.77080065,0.0012572834,0.09848468,0.0026781545,0.18261527,0.0044110706,null,null,null,null,"TWOGAUSSIANS",8,11.221983,0.27027333,0.0013612083,0.4,0.0,0.1869864,0.0026395505,0.77080065,0.0012572834,0.4,0.0,0.1624022,0.0020135702
375316653866487564,5852769732608606976,0.6252825,2248.499984158779,0.07053578179007762,9.996207E-7,17.688086,0.0012182988,0.08818145,1.2106778E-4,0.007844864,1.3392535E-4,0.38175163,0.005961237,0.6038637,0.0045514787,0.009414624,0.0026714401,0.45516104,0.07073059,null,null,null,null,"TWOGAUSSIANS",8,1.7998582,0.6038637,0.0045514787,0.052721895,0.014960065,0.45516104,0.07073059,0.08818145,1.2106778E-4,0.043931242,7.4998196E-4,0.38175163,0.005961237
375316653866487564,5852769835689476736,0.48926416,2247.0280143439227,0.2942860484200465,1.2977727E-6,18.067785,0.0028880194,0.21266864,8.801629E-5,0.005648191,2.5077857E-4,1.0378314,0.14690451,null,null,null,null,null,null,null,null,null,null,"ONEGAUSSIAN",5,5.808396,0.21266864,8.801629E-5,0.03162987,0.00140436,1.0378314,0.0,null,null,null,null,null,null
375316653866487564,5852770321061011584,0.53744906,2278.6483367911696,1.6747833286104865,8.400978E-6,19.650656,0.012669395,0.28940156,0.004101071,0.0790574,0.0039790845,0.6395527,0.018443448,0.799903,0.0030495327,0.07239385,0.004198202,0.29552674,0.013697018,null,null,null,null,"TWOGAUSSIANS",8,2.283492,0.28940156,0.004101071,0.4,0.0,0.63655627,0.017735748,0.799903,0.0030495327,0.4,0.0014521903,0.29253033,0.012812638
375316653866487564,5852770458500007808,0.48408124,2226.6535511053917,2.385257059226521,2.4657056E-5,19.698465,0.020380238,0.28728682,0.011110195,0.07460865,0.0182548,0.5618596,0.6361682,0.7882125,0.009035714,0.078937925,0.012548109,0.46097642,0.027597912,null,null,null,null,"TWOGAUSSIANS",8,6.1421556,0.28728682,0.011110195,0.4,0.0691971,0.5569063,0.63969,0.7882125,0.009035714,0.4,0.0032194057,0.45602307,0.028005967
