Gaia/vari_eclipsing_binary/VariEclipsingBinary_520395-520696.csv
# %ECSV 1.0
# ---
# delimiter: ','
# meta: !!omap
# - RELEASE: Gaia DR3
# - TABLE: vari_eclipsing_binary
# - DESCRIPTION: >
#     This table describes the properties of the eclipsing binaries resulting from the variability analysis. 
# - CITATION: >
#     How to cite and acknowledge Gaia: 
#     https://gea.esac.esa.int/archive/documentation/credits.html 
# - KNOWN_ISSUES: >
#     Known issues: 
#     https://www.cosmos.esa.int/web/gaia-users/known-issues 
# - DOCUMENTATION: >
#     Tutorials and documentation: 
#     https://www.cosmos.esa.int/web/gaia-users/archive 
# datatype:
# - 
#   name: solution_id
#   datatype: int64
#   description: Solution Identifier
#   meta:
#     ucd: meta.version
# - 
#   name: source_id
#   datatype: int64
#   description: Unique source identifier
#   meta:
#     ucd: meta.id;meta.main
# - 
#   name: global_ranking
#   datatype: float32
#   description: Number between 0 (worst) and 1 (best)
#   meta:
#     ucd: stat.param
# - 
#   name: reference_time
#   datatype: float64
#   unit: d
#   description: Reference time used for the geometric model fit
#   meta:
#     ucd: time.epoch
# - 
#   name: frequency
#   datatype: float64
#   unit: d**-1
#   description: Frequency of geometric model of the eclipsing binary light curve
#   meta:
#     ucd: src.orbital
# - 
#   name: frequency_error
#   datatype: float32
#   unit: d**-1
#   description: "Uncertainty of \\texttt{frequency}"
#   meta:
#     ucd: stat.error
# - 
#   name: geom_model_reference_level
#   datatype: float32
#   unit: mag
#   description: Magnitude reference level of geometric model
#   meta:
#     ucd: phot.mag;em.opt
# - 
#   name: geom_model_reference_level_error
#   datatype: float32
#   unit: mag
#   description: "Uncertainty of \\texttt{geomModelReferenceLevel}"
#   meta:
#     ucd: stat.error;phot.mag;em.opt
# - 
#   name: geom_model_gaussian1_phase
#   datatype: float32
#   description: Phase of the Gaussian 1 component
#   meta:
#     ucd: time.phase
# - 
#   name: geom_model_gaussian1_phase_error
#   datatype: float32
#   description: "Uncertainty of \\texttt{geomModelGaussian1Phase}"
#   meta:
#     ucd: stat.error;time.phase
# - 
#   name: geom_model_gaussian1_sigma
#   datatype: float32
#   description: "Standard deviation [phase] of Gaussian 1 component"
#   meta:
#     ucd: stat.stdev
# - 
#   name: geom_model_gaussian1_sigma_error
#   datatype: float32
#   description: "Uncertainty of \\texttt{geomModelGaussian1Sigma}"
#   meta:
#     ucd: stat.error
# - 
#   name: geom_model_gaussian1_depth
#   datatype: float32
#   unit: mag
#   description: Magnitude depth of Gaussian 1 component
#   meta:
#     ucd: src.var.amplitude
# - 
#   name: geom_model_gaussian1_depth_error
#   datatype: float32
#   unit: mag
#   description: "Uncertainty of \\texttt{geomModelGaussian1Depth}"
#   meta:
#     ucd: stat.error;src.var.amplitude
# - 
#   name: geom_model_gaussian2_phase
#   datatype: float32
#   description: Phase of Gaussian 2 component
#   meta:
#     ucd: time.phase
# - 
#   name: geom_model_gaussian2_phase_error
#   datatype: float32
#   description: "Uncertainty of \\texttt{geomModelGaussian2Phase}"
#   meta:
#     ucd: stat.error;time.phase
# - 
#   name: geom_model_gaussian2_sigma
#   datatype: float32
[...]
#   datatype: float32
#   description: "Secondary eclipse: uncertainty of \\texttt{derivedSecondaryEclDuration}"
#   meta:
#     ucd: stat.error;time.duration
# - 
#   name: derived_secondary_ecl_depth
#   datatype: float32
#   unit: mag
#   description: "Secondary eclipse: depth"
#   meta:
#     ucd: src.var.amplitude
# - 
#   name: derived_secondary_ecl_depth_error
#   datatype: float32
#   unit: mag
#   description: "Secondary eclipse: uncertainty of \\texttt{derivedSecondaryEclDepth}"
#   meta:
#     ucd: stat.error;src.var.amplitude
solution_id,source_id,global_ranking,reference_time,frequency,frequency_error,geom_model_reference_level,geom_model_reference_level_error,geom_model_gaussian1_phase,geom_model_gaussian1_phase_error,geom_model_gaussian1_sigma,geom_model_gaussian1_sigma_error,geom_model_gaussian1_depth,geom_model_gaussian1_depth_error,geom_model_gaussian2_phase,geom_model_gaussian2_phase_error,geom_model_gaussian2_sigma,geom_model_gaussian2_sigma_error,geom_model_gaussian2_depth,geom_model_gaussian2_depth_error,geom_model_cosine_half_period_amplitude,geom_model_cosine_half_period_amplitude_error,geom_model_cosine_half_period_phase,geom_model_cosine_half_period_phase_error,model_type,num_model_parameters,reduced_chi2,derived_primary_ecl_phase,derived_primary_ecl_phase_error,derived_primary_ecl_duration,derived_primary_ecl_duration_error,derived_primary_ecl_depth,derived_primary_ecl_depth_error,derived_secondary_ecl_phase,derived_secondary_ecl_phase_error,derived_secondary_ecl_duration,derived_secondary_ecl_duration_error,derived_secondary_ecl_depth,derived_secondary_ecl_depth_error
[from data line 70]
375316653866487564,4577986953413426176,0.61390996,2173.297002144293,1.3849221700872372,5.3017247E-6,17.924095,0.0023396418,0.17718248,0.0031286236,0.038525753,0.0035639377,0.08718255,0.008105421,0.67475647,0.0014904153,0.036198754,0.0013978817,0.47514582,0.015263533,0.020112151,0.003640915,0.17718248,0.0031286236,"TWOGAUSSIANS_WITH_ELLIPSOIDAL_ON_ECLIPSE1",9,2.129867,0.67477643,0.001473081,0.20271303,0.007828137,0.5153608,0.015546855,0.17718248,0.0031286236,0.21574423,0.01995805,0.12740676,0.0066220243
375316653866487564,4577992107374360960,0.6232853,2161.6824951272274,3.609949795025736,3.0866504E-6,17.345081,0.007933399,0.2140366,0.0030421359,0.04628126,0.009276198,0.23783305,0.1316144,0.7113718,7.30537E-4,0.043699767,0.0012847576,0.70941156,0.023787012,0.07958096,0.01579615,0.2140366,0.0030421359,"TWOGAUSSIANS_WITH_ELLIPSOIDAL_ON_ECLIPSE1",9,21.208677,0.7114618,6.65987E-4,0.24471869,0.007194643,0.8685301,0.01765005,0.2140366,0.0030421359,0.25917506,0.05194671,0.3969948,0.13998054
375316653866487564,4578009489099979648,0.58147275,2188.7947276597356,2.758640824899218,5.6115423E-6,19.099363,0.009252441,0.29222807,0.0014096058,0.038804572,0.0021381436,0.629153,0.022296865,0.79093486,0.0021944258,0.036617775,0.0024619931,0.4789595,0.023531279,0.06145878,0.014808665,0.29222807,0.0014096058,"TWOGAUSSIANS_WITH_ELLIPSOIDAL_ON_ECLIPSE1",9,3.263543,0.29222807,0.0014096058,0.21730562,0.011973604,0.7520704,0.022726681,0.79096484,0.0021417448,0.20505954,0.013787162,0.601869,0.016208421
375316653866487564,4578009802639672448,0.58324456,2177.2593511991254,2.0227032186690392,6.45815E-6,17.012552,0.009667671,0.28218377,0.0017897611,0.08391026,0.0043582795,0.39017525,0.014006952,0.79194844,0.0021415832,0.0742359,0.0055392017,0.20718119,0.0081746,null,null,null,null,"TWOGAUSSIANS",8,11.783013,0.28218377,0.0017897611,0.4,0.0,0.38697833,0.014202881,0.79194844,0.0021415832,0.4,0.007139797,0.2039843,0.0072123045
375316653866487564,4578010180596654720,0.44317725,2176.3935770813,1.8223273850469734,2.7730755E-5,17.08736,0.0064204154,0.6133585,0.001875222,0.027970312,0.0029661644,0.20319784,0.015222699,null,null,null,null,null,null,0.031205017,0.010450242,0.6133585,0.001875222,"ONEGAUSSIAN_WITH_ELLIPSOIDAL",6,74.053474,0.6133585,0.001875222,0.15663375,0.016610522,0.26560786,0.02059933,null,null,null,null,null,null
375316653866487564,4578021965987371776,0.5032524,2206.168602242654,1.4462879261084272,1.1641148E-5,14.815311,0.003636256,0.26627758,0.0032477416,0.03968022,0.005319082,0.06513185,0.0081640575,0.76117396,0.0075209714,0.050008878,0.010617176,0.05604907,0.008097999,0.016192203,0.0046599484,0.26627758,0.0032477416,"TWOGAUSSIANS_WITH_ELLIPSOIDAL_ON_ECLIPSE1",9,28.507532,0.26627758,0.0032477416,0.22220923,0.029786859,0.09751604,0.004118383,0.76169395,0.0064827655,0.2800497,0.05945619,0.08840338,0.0077049634
375316653866487564,4578028700496111232,0.5275177,2187.957360585572,1.0598187624782118,4.1405806E-6,17.445858,0.004613052,0.2882581,9.868357E-4,0.027439076,0.0011949642,0.38231882,0.01692139,0.7887969,5.9995695E-4,0.022038272,5.998123E-4,0.4397487,0.014462144,null,null,null,null,"TWOGAUSSIANS",8,25.765844,0.7887969,5.9995695E-4,0.12341432,0.003358949,0.4397487,0.014462144,0.2882581,9.868357E-4,0.15365882,0.0066917995,0.38231882,0.01692139
375316653866487564,4578033025517984128,0.5470006,2168.9366881505284,4.227678091388554,1.972818E-5,17.663311,0.0010589943,0.15774693,0.006037077,0.0101362495,0.002873279,0.16234322,0.02689564,0.84180605,0.0022319101,0.0049372837,0.0020928888,0.19132793,0.13235582,null,null,null,null,"TWOGAUSSIANS",8,1.4776556,0.84180605,0.0022319101,0.02764879,0.011720177,0.19132793,0.13235582,0.15774693,0.006037077,0.056762993,0.016090361,0.16234322,0.02689564
375316653866487564,4578034163694671232,0.60724247,2160.8623341738103,3.5883557682589418,5.1317866E-6,17.543344,0.0063584917,0.1935769,0.001579708,0.044917703,0.0042275814,0.1691954,0.016602837,0.6979759,0.0024767541,0.052667797,0.0030283255,0.27240115,0.016580522,0.10568726,0.010563288,0.1935769,0.001579708,"TWOGAUSSIANS_WITH_ELLIPSOIDAL_ON_ECLIPSE1",9,8.018195,0.6979759,0.0024767541,0.29493967,0.016958622,0.48361176,0.008511911,0.1935769,0.001579708,0.25153914,0.023674456,0.38056743,0.0087674
375316653866487564,4578036568876114048,0.5145572,2204.1150843662904,2.7879211052361845,7.8676485E-6,16.786678,0.041938048,0.26107228,0.0049682683,0.106806725,0.022448933,0.1491712,0.03848851,0.7630988,0.0038181571,0.12630555,0.022053879,0.17634116,0.040217534,null,null,null,null,"TWOGAUSSIANS",8,10.173119,0.7630988,0.0038181571,0.4,0.0,0.14432311,0.0050953454,0.26105228,0.0050397892,0.4,0.0,0.11728768,0.0075935475
375316653866487564,4578040657685317760,0.43569615,2208.080201480085,2.6337718413656996,3.744878E-5,17.709333,0.0034288424,0.6086009,0.004056013,0.034516487,0.0032987401,0.19000278,0.040301014,null,null,null,null,null,null,null,null,null,null,"ONEGAUSSIAN",5,17.244265,0.6086009,0.004056013,0.19329232,0.018472943,0.19000278,0.0,null,null,null,null,null,null
375316653866487564,4578041482320018048,0.44305903,2150.4956544639103,1.5912379468968465,4.4718192E-5,16.15219,0.39196274,0.15414749,0.02391978,0.041264486,0.056678437,0.080672674,0.04101606,0.6203611,0.011594842,0.20688996,0.1294068,0.27999642,0.38112366,null,null,null,null,"TWOGAUSSIANS",8,202.68752,0.6203611,0.011594842,0.4,0.0,0.23803577,0.02064853,0.15678748,0.03705999,0.23108111,0.28051445,0.07100276,0.03444767
375316653866487564,4578043470878809344,0.5807453,2175.538121334799,3.832569731798498,6.0087777E-6,18.984226,0.0093254335,0.2634074,0.0014401508,0.046940442,0.0044048014,0.22068143,0.02108966,0.7603849,0.0023991806,0.048919983,0.004343537,0.28394768,0.028095284,0.1252467,0.013230934,0.2634074,0.0014401508,"TWOGAUSSIANS_WITH_ELLIPSOIDAL_ON_ECLIPSE1",9,1.8089247,0.7608149,0.0019474368,0.27395192,0.024323808,0.53436255,0.025158277,0.2634074,0.0014401508,0.26286647,0.024666887,0.47117376,0.008029091
375316653866487564,4578045742926425088,0.58118117,2163.0664854361294,4.118054742859305,5.372782E-6,15.757008,0.001851991,0.29613698,0.001957443,0.04090265,0.00395362,0.03539084,0.004711174,0.7998775,0.0023884396,0.04479194,0.0046173204,0.086238265,0.007696386,0.029114185,0.0029515752,0.29613698,0.001957443,"TWOGAUSSIANS_WITH_ELLIPSOIDAL_ON_ECLIPSE1",9,5.6693587,0.7998775,0.0023884396,0.25083485,0.025856996,0.14443444,0.009127091,0.29613698,0.001957443,0.22905484,0.022140272,0.09361917,0.0022273918
375316653866487564,4578064812576721280,0.5995237,2161.3945019246344,2.7587563793307943,4.0224077E-6,13.167539,0.010341309,0.17967525,0.0015898457,0.05086915,0.004605503,0.17065518,0.02398345,0.67486733,0.0016347499,0.05828443,0.0055744066,0.19430517,0.021657342,0.08300754,0.013662629,0.17967525,0.0015898457,"TWOGAUSSIANS_WITH_ELLIPSOIDAL_ON_ECLIPSE1",9,162.1315,0.67576736,0.0011818849,0.32639283,0.031216677,0.3601821,0.01258224,0.17967525,0.0015898457,0.28486723,0.025790816,0.33665535,0.01012905
375316653866487564,4578065327972762752,0.53804106,2153.3687459734842,2.2839654611921683,6.746471E-6,16.65485,0.0014444287,0.1629348,0.0025709444,0.06938008,0.0045091086,0.06894976,0.0033286314,0.6428341,0.005091972,0.003740759,0.0016527089,0.027037038,0.037344053,0.027780233,0.001831378,0.1629348,0.0025709444,"TWOGAUSSIANS_WITH_ELLIPSOIDAL_ON_ECLIPSE1",9,4.990173,0.1629348,0.0025709444,0.38852847,0.024786128,0.124408856,0.0025164518,0.64288414,0.005079561,0.020948252,0.009255169,0.08161655,0.037674002
375316653866487564,4578069382422008320,0.52247304,2170.1820318344353,2.3519561112889127,6.3357E-6,16.8209,0.017701205,0.2703488,0.0029270777,0.09140293,0.007106045,0.35067806,0.015703011,0.7935324,0.0031065443,0.09208061,0.007347055,0.37332106,0.016946068,null,null,null,null,"TWOGAUSSIANS",8,43.92453,0.7935324,0.0031065443,0.4,0.0,0.36090267,0.014950502,0.2703488,0.0029270777,0.4,0.0,0.3382598,0.013581411
375316653866487564,4578072199920572544,0.664451,2143.003547413328,0.915046061937753,1.7555165E-6,14.52722,0.0014714897,0.29232258,3.7962332E-4,0.02994227,3.9113706E-4,0.59003186,0.004275408,0.79184055,0.0021785342,0.022943193,0.003372609,0.059853304,0.016513832,0.008816122,0.0018790158,0.29232258,3.7962332E-4,"TWOGAUSSIANS_WITH_ELLIPSOIDAL_ON_ECLIPSE1",9,26.746628,0.29232258,3.7962332E-4,0.16767672,0.0021903676,0.60766405,0.0037139235,0.79185057,0.0021530597,0.12848188,0.01888661,0.07748535,0.017429894
375316653866487564,4578074192785394944,0.5979137,2165.4761492762013,2.954798681084665,5.514218E-6,17.479145,0.01084675,0.24028963,0.002451134,0.0538417,0.0069675357,0.19888863,0.022957724,0.736295,0.0029737651,0.05476896,0.0041636033,0.24166314,0.024483005,0.090437844,0.01314622,0.24028963,0.002451134,"TWOGAUSSIANS_WITH_ELLIPSOIDAL_ON_ECLIPSE1",9,9.226331,0.736895,0.0023971384,0.3067062,0.023316178,0.4224321,0.011383925,0.24028963,0.002451134,0.30151352,0.039018203,0.37975433,0.012473846
375316653866487564,4578086042594361600,0.45764345,2164.1399778548644,2.295642029569374,2.4353998E-5,15.795923,0.06531698,0.26365545,0.008881713,0.05081012,0.04239596,0.08940037,0.15871842,0.74561876,0.051550295,0.056085207,0.038349252,0.23802215,0.16300026,0.1354045,0.06900849,0.26365545,0.008881713,"TWOGAUSSIANS_WITH_ELLIPSOIDAL_ON_ECLIPSE1",9,472.92523,0.7495887,0.050466422,0.31407717,0.21475582,0.50612116,0.10648135,0.26365545,0.008881713,0.2845367,0.19295852,0.36020496,0.08983926
375316653866487564,4578089070552930688,0.5527528,2173.302954922454,0.42577251594893545,3.2406424E-6,15.589086,0.001692675,0.24112512,0.004518544,0.03710984,0.0037662392,0.06281279,0.004444573,0.7386073,0.0020553696,0.026403956,0.004587642,0.39955518,0.018096397,null,null,null,null,"TWOGAUSSIANS",8,35.587284,0.7386073,0.0020553696,0.14786215,0.025690794,0.39955518,0.018096397,0.24112512,0.004518544,0.20781511,0.021090938,0.06281279,0.004444573
375316653866487564,4578089517229061632,0.5510998,2173.1335023609395,3.126625135518006,9.895677E-6,17.619648,0.007318142,0.27558967,0.0020159446,0.091227,0.0042776084,0.26714176,0.008746256,0.7749313,0.0036950454,0.08865914,0.0058729514,0.15834564,0.008541505,null,null,null,null,"TWOGAUSSIANS",8,5.0959353,0.27558967,0.0020159446,0.4,0.0,0.25859517,0.008295474,0.7749313,0.0036950454,0.4,0.0,0.14979917,0.007091217
375316653866487564,4578093709117644800,0.5821937,2189.3987774849475,1.950240290194955,4.3536083E-6,12.68453,0.01192131,0.26726067,0.0015640835,0.1039485,0.0060336906,0.21036705,0.009563304,0.7716886,0.0017388463,0.1177713,0.0059391446,0.21269965,0.011152738,null,null,null,null,"TWOGAUSSIANS",8,92.991066,0.7716886,0.0017388463,0.4,0.0,0.18096372,0.002855165,0.2672507,0.0015702189,0.4,0.0,0.17867954,0.005603635
375316653866487564,4578095495823767808,0.5099424,2187.8597547686786,4.391572969601906,9.908684E-6,19.262165,0.011599785,0.25246713,0.0044352897,0.08651941,0.007834544,0.25013918,0.01721028,0.75052595,0.003952249,0.078094766,0.004592896,0.25659832,0.013356189,null,null,null,null,"TWOGAUSSIANS",8,2.2564874,0.75052595,0.003952249,0.4,0.0,0.25175792,0.011582145,0.25246713,0.0044352897,0.4,0.0,0.24529874,0.017390097
375316653866487564,4578099996949517184,0.504048,2212.691932574566,0.29930693303375683,1.1968974E-5,17.135702,0.002212237,0.12765451,5.152334E-4,0.007777918,4.8631593E-4,0.22306648,0.010890795,0.62671614,4.0954317E-4,0.006096982,3.247699E-4,0.28239906,0.008053095,0.009591704,0.0038561344,0.12765451,5.152334E-4,"TWOGAUSSIANS_WITH_ELLIPSOIDAL_ON_ECLIPSE1",9,12.484829,0.62671614,4.0954317E-4,0.0341431,0.0018187115,0.30158177,0.008184949,0.12765451,5.152334E-4,0.04355634,0.0027233693,0.24224985,0.012036571
375316653866487564,4578107590451508992,0.45569384,2190.882505587028,1.1191349755632727,2.5956406E-5,14.12398,0.005299663,0.26596808,0.005042392,0.017401876,0.0068847192,0.17121282,0.341915,0.7849565,0.0052935644,0.039152287,0.006824807,0.06960833,0.0125560425,0.049758215,0.007866875,0.26596808,0.005042392,"TWOGAUSSIANS_WITH_ELLIPSOIDAL_ON_ECLIPSE1",9,892.2525,0.26596808,0.005042392,0.0974505,0.03855443,0.27072924,0.34311423,0.7849565,0.0052935644,0.21925281,0.03821892,0.16771491,0.01048053
375316653866487564,4578108483806583424,0.55339444,2180.7869044101844,3.2520640572592017,6.7557467E-6,18.823166,0.008580904,0.25643507,0.005067184,0.07836256,0.0062805307,0.29710332,0.012153561,0.7549859,0.0017345366,0.07755977,0.0030439843,0.33217618,0.010718615,null,null,null,null,"TWOGAUSSIANS",8,2.344651,0.7549859,0.0017345366,0.4,0.0,0.32861128,0.010175561,0.25643507,0.005067184,0.4,0.0,0.29353842,0.011856699
375316653866487564,4578109956973328000,0.48814088,2187.318821775031,1.2664141172717496,4.77219E-6,17.608345,0.008412557,0.18430872,0.0029655474,0.02028943,0.002272131,0.3910581,0.03740931,0.6821205,0.002988668,0.02120793,0.0022334603,0.48753557,0.067328714,0.022770079,0.012275565,0.18430872,0.0029655474,"TWOGAUSSIANS_WITH_ELLIPSOIDAL_ON_ECLIPSE1",9,44.528126,0.68213046,0.002979192,0.118764415,0.012507377,0.5330671,0.07014068,0.18430872,0.0029655474,0.11362081,0.012723933,0.43659824,0.039315127
375316653866487564,4578112297735867648,0.52115977,2194.9187942072717,1.381073024334015,1.0866935E-5,17.095724,0.0036308183,0.285249,0.0035514666,0.03792418,0.002746008,0.3070835,0.01732274,0.7665551,0.019443082,0.058843963,0.020551583,0.09594182,0.022781912,null,null,null,null,"TWOGAUSSIANS",8,10.453232,0.285249,0.0035514666,0.21237542,0.015377645,0.30708334,0.01732274,0.7665551,0.019443082,0.3295262,0.11508886,0.095941655,0.022782177
375316653866487564,4578114221881214592,0.5368874,2175.053701207311,2.1067672034939013,6.1515475E-6,15.385657,0.0050141267,0.18659426,0.022143828,0.02429547,0.014732717,0.05134625,0.012429525,0.7422537,0.0034204198,0.056737788,0.0043038167,0.28141809,0.0251455,0.0478409,0.0060267807,0.7422537,0.0034204198,"TWOGAUSSIANS_WITH_ELLIPSOIDAL_ON_ECLIPSE2",9,96.2083,0.7422537,0.0034204198,0.31773162,0.024101373,0.37708223,0.023527749,0.19082426,0.025294455,0.13605462,0.082503214,0.13658988,0.017017353
375316653866487564,4578120200475130752,0.6218183,2178.6401897677324,3.893018744056729,3.0565764E-6,15.574094,0.00776559,0.29942724,0.0015296912,0.04976223,0.005576516,0.30723393,0.039605506,0.7945933,0.0010640603,0.05080463,0.0032666228,0.20107143,0.018499402,0.10816598,0.011779674,0.29942724,0.0015296912,"TWOGAUSSIANS_WITH_ELLIPSOIDAL_ON_ECLIPSE1",9,34.52751,0.29942724,0.0015296912,0.2786685,0.03122849,0.52356297,0.042075247,0.7954633,7.209948E-4,0.28450593,0.018293088,0.4172368,0.006279638
375316653866487564,4578123327211715200,0.5181894,2180.9996725295637,2.899438260874329,4.972866E-6,17.937843,0.0038219932,0.29010677,0.01637317,0.030799055,0.0092062745,0.2464195,0.04048868,0.7898684,0.0022072822,0.026880711,0.0019720176,0.165064,0.014773177,null,null,null,null,"TWOGAUSSIANS",8,5.2736063,0.29010677,0.01637317,0.17247471,0.051555138,0.2464195,0.04048868,0.7898684,0.0022072822,0.15053199,0.011043299,0.165064,0.014773177
375316653866487564,4578127686599475328,0.5323195,2165.5166346754345,4.055220366722478,7.51347E-6,19.666037,0.010523747,0.1888858,0.0023957992,0.08383387,0.00413673,0.42233127,0.015323453,0.6892208,0.0024824447,0.08229388,0.004152017,0.36220443,0.014624047,null,null,null,null,"TWOGAUSSIANS",8,1.3500004,0.1888858,0.0023957992,0.4,0.0,0.4139398,0.015559826,0.6892208,0.0024824447,0.4,0.0,0.35381296,0.014246841
375316653866487564,4578128820470908928,0.5913711,2180.4930855024463,3.6986192327546634,3.831646E-6,18.99909,0.012576771,0.23386554,0.0015958078,0.048667934,0.0031297677,0.35998464,0.02741332,0.73459536,0.0025686664,0.055102155,0.0038244494,0.40806305,0.033863887,0.11911534,0.0153628625,0.23386554,0.0015958078,"TWOGAUSSIANS_WITH_ELLIPSOIDAL_ON_ECLIPSE1",9,1.9313017,0.73459536,0.0025341462,0.30857208,0.021416916,0.64627403,0.029830506,0.23386554,0.0015958078,0.27254042,0.0175267,0.5982006,0.010731482
