Gaia/vari_eclipsing_binary/VariEclipsingBinary_690401-690464.csv
# %ECSV 1.0
# ---
# delimiter: ','
# meta: !!omap
# - RELEASE: Gaia DR3
# - TABLE: vari_eclipsing_binary
# - DESCRIPTION: >
#     This table describes the properties of the eclipsing binaries resulting from the variability analysis. 
# - CITATION: >
#     How to cite and acknowledge Gaia: 
#     https://gea.esac.esa.int/archive/documentation/credits.html 
# - KNOWN_ISSUES: >
#     Known issues: 
#     https://www.cosmos.esa.int/web/gaia-users/known-issues 
# - DOCUMENTATION: >
#     Tutorials and documentation: 
#     https://www.cosmos.esa.int/web/gaia-users/archive 
# datatype:
# - 
#   name: solution_id
#   datatype: int64
#   description: Solution Identifier
#   meta:
#     ucd: meta.version
# - 
#   name: source_id
#   datatype: int64
#   description: Unique source identifier
#   meta:
#     ucd: meta.id;meta.main
# - 
#   name: global_ranking
#   datatype: float32
#   description: Number between 0 (worst) and 1 (best)
#   meta:
#     ucd: stat.param
# - 
#   name: reference_time
#   datatype: float64
#   unit: d
#   description: Reference time used for the geometric model fit
#   meta:
#     ucd: time.epoch
# - 
#   name: frequency
#   datatype: float64
#   unit: d**-1
#   description: Frequency of geometric model of the eclipsing binary light curve
#   meta:
#     ucd: src.orbital
# - 
#   name: frequency_error
#   datatype: float32
#   unit: d**-1
#   description: "Uncertainty of \\texttt{frequency}"
#   meta:
#     ucd: stat.error
# - 
#   name: geom_model_reference_level
#   datatype: float32
#   unit: mag
#   description: Magnitude reference level of geometric model
#   meta:
#     ucd: phot.mag;em.opt
# - 
#   name: geom_model_reference_level_error
#   datatype: float32
#   unit: mag
#   description: "Uncertainty of \\texttt{geomModelReferenceLevel}"
#   meta:
#     ucd: stat.error;phot.mag;em.opt
# - 
#   name: geom_model_gaussian1_phase
#   datatype: float32
#   description: Phase of the Gaussian 1 component
#   meta:
#     ucd: time.phase
# - 
#   name: geom_model_gaussian1_phase_error
#   datatype: float32
#   description: "Uncertainty of \\texttt{geomModelGaussian1Phase}"
#   meta:
#     ucd: stat.error;time.phase
# - 
#   name: geom_model_gaussian1_sigma
#   datatype: float32
#   description: "Standard deviation [phase] of Gaussian 1 component"
#   meta:
#     ucd: stat.stdev
# - 
#   name: geom_model_gaussian1_sigma_error
#   datatype: float32
#   description: "Uncertainty of \\texttt{geomModelGaussian1Sigma}"
#   meta:
#     ucd: stat.error
# - 
#   name: geom_model_gaussian1_depth
#   datatype: float32
#   unit: mag
#   description: Magnitude depth of Gaussian 1 component
#   meta:
#     ucd: src.var.amplitude
# - 
#   name: geom_model_gaussian1_depth_error
#   datatype: float32
#   unit: mag
#   description: "Uncertainty of \\texttt{geomModelGaussian1Depth}"
#   meta:
#     ucd: stat.error;src.var.amplitude
# - 
#   name: geom_model_gaussian2_phase
#   datatype: float32
#   description: Phase of Gaussian 2 component
#   meta:
#     ucd: time.phase
# - 
#   name: geom_model_gaussian2_phase_error
#   datatype: float32
#   description: "Uncertainty of \\texttt{geomModelGaussian2Phase}"
#   meta:
#     ucd: stat.error;time.phase
# - 
#   name: geom_model_gaussian2_sigma
#   datatype: float32
[...]
#   datatype: float32
#   description: "Secondary eclipse: uncertainty of \\texttt{derivedSecondaryEclDuration}"
#   meta:
#     ucd: stat.error;time.duration
# - 
#   name: derived_secondary_ecl_depth
#   datatype: float32
#   unit: mag
#   description: "Secondary eclipse: depth"
#   meta:
#     ucd: src.var.amplitude
# - 
#   name: derived_secondary_ecl_depth_error
#   datatype: float32
#   unit: mag
#   description: "Secondary eclipse: uncertainty of \\texttt{derivedSecondaryEclDepth}"
#   meta:
#     ucd: stat.error;src.var.amplitude
solution_id,source_id,global_ranking,reference_time,frequency,frequency_error,geom_model_reference_level,geom_model_reference_level_error,geom_model_gaussian1_phase,geom_model_gaussian1_phase_error,geom_model_gaussian1_sigma,geom_model_gaussian1_sigma_error,geom_model_gaussian1_depth,geom_model_gaussian1_depth_error,geom_model_gaussian2_phase,geom_model_gaussian2_phase_error,geom_model_gaussian2_sigma,geom_model_gaussian2_sigma_error,geom_model_gaussian2_depth,geom_model_gaussian2_depth_error,geom_model_cosine_half_period_amplitude,geom_model_cosine_half_period_amplitude_error,geom_model_cosine_half_period_phase,geom_model_cosine_half_period_phase_error,model_type,num_model_parameters,reduced_chi2,derived_primary_ecl_phase,derived_primary_ecl_phase_error,derived_primary_ecl_duration,derived_primary_ecl_duration_error,derived_primary_ecl_depth,derived_primary_ecl_depth_error,derived_secondary_ecl_phase,derived_secondary_ecl_phase_error,derived_secondary_ecl_duration,derived_secondary_ecl_duration_error,derived_secondary_ecl_depth,derived_secondary_ecl_depth_error
[from data line 359]
375316653866487564,6073157565581380864,0.661274,2202.954893522305,0.6979746905326436,7.1823847E-6,16.775322,0.002294397,0.26111305,0.0011584911,0.039552126,0.0011124925,0.5764346,0.008152326,0.76160693,0.0032167032,0.041894674,0.0036548383,0.07158888,0.0068390975,0.016617984,0.0030505282,0.26111305,0.0011584911,"TWOGAUSSIANS_WITH_ELLIPSOIDAL_ON_ECLIPSE1",9,5.3882437,0.26111305,0.0011584911,0.22149192,0.006229958,0.6096706,0.0055250106,0.76160693,0.0031087662,0.23461019,0.020467095,0.10482451,0.0054381685
375316653866487564,6073158111017999232,0.6573885,2193.591765395757,2.505882557671175,2.482051E-6,18.051691,0.0045038904,0.21759892,8.2053756E-4,0.045441777,0.0014456313,0.4600654,0.012419005,0.7171109,0.0010843229,0.04426638,0.0013087557,0.439285,0.014846513,0.122757345,0.0057559353,0.21759892,8.2053756E-4,"TWOGAUSSIANS_WITH_ELLIPSOIDAL_ON_ECLIPSE1",9,2.5778158,0.21759892,8.2053756E-4,0.25447395,0.008095535,0.70557976,0.009255963,0.71715087,9.85066E-4,0.24789172,0.007329032,0.6847972,0.013599066
375316653866487564,6073159043050192896,0.56019354,2192.7640024067805,2.4359731713300676,5.6637864E-6,15.000754,0.009010226,0.28253445,0.0019773508,0.11364249,0.00935963,0.10022198,0.007964728,0.78238004,0.0022264647,0.1068744,0.008367873,0.09780953,0.008642999,null,null,null,null,"TWOGAUSSIANS",8,10.274887,0.28253445,0.0019773508,0.4,0.0,0.08510455,0.0022344722,0.78238004,0.0022264647,0.4,0.0,0.08270119,0.0020048777
375316653866487564,6073160687998822528,0.55460507,2209.272311807561,1.8945186268817522,4.3553764E-6,17.462595,0.005650785,0.28396785,0.0010075705,0.05142874,0.0021168615,0.28480864,0.014237118,0.79318094,0.017132048,0.044976804,0.011520325,0.03461536,0.017171936,0.024492294,0.009009466,0.28396785,0.0010075705,"TWOGAUSSIANS_WITH_ELLIPSOIDAL_ON_ECLIPSE1",9,6.819444,0.28396785,0.0010075705,0.28800094,0.011854424,0.33379108,0.0071797348,0.79318094,0.017050821,0.25187013,0.064513825,0.08343384,0.008790976
375316653866487564,6073161993675942272,0.51235723,2212.3316400615,3.9021931324668397,1.5222899E-5,18.365076,0.03495793,0.26399446,0.0057311864,0.109734185,0.016409814,0.25311762,0.032581072,0.7724502,0.0023973673,0.110246286,0.014325567,0.22967035,0.031210922,null,null,null,null,"TWOGAUSSIANS",8,3.3989928,0.26398447,0.0057523767,0.4,0.0,0.21979369,0.010630347,0.77246016,0.0023914555,0.4,0.0,0.19634646,0.0076914793
375316653866487564,6073164231353907328,0.56324065,2233.5912240386815,2.912810169933395,8.3915575E-6,18.266542,0.008253016,0.22204545,0.0019963037,0.06920834,0.0024554143,0.38188237,0.010987934,0.7209025,0.0026691174,0.07078166,0.0033171617,0.61427504,0.019043107,null,null,null,null,"TWOGAUSSIANS",8,9.83325,0.7209025,0.0026691174,0.3963773,0.012045813,0.6126771,0.019074112,0.22204545,0.0019963037,0.38756672,0.01375032,0.38028443,0.0107102115
375316653866487564,6073164678030430464,0.55201226,2202.7350371896705,2.0040592352178983,6.851248E-6,18.220518,0.0052421456,0.26246238,0.0049317684,0.035326105,0.0060618958,0.1170008,0.023512872,0.7611098,0.002596209,0.045658924,0.0020876674,0.42862764,0.013532025,0.060464993,0.007749848,0.26246238,0.0049317684,"TWOGAUSSIANS_WITH_ELLIPSOIDAL_ON_ECLIPSE1",9,6.1514997,0.76116985,0.0024311421,0.25568998,0.011690937,0.5495491,0.01061937,0.26246238,0.0049317684,0.19782619,0.033946615,0.23793063,0.017100887
375316653866487564,6073164712390133504,0.52492034,2201.884703966613,2.5507433247377587,7.872904E-6,19.494967,0.012797464,0.2270197,0.0020698614,0.07700326,0.0036683818,0.44301555,0.01921391,0.7189215,0.0032951627,0.07855727,0.005268908,0.49633697,0.021050477,null,null,null,null,"TWOGAUSSIANS",8,2.7129264,0.7189215,0.0032951627,0.4,0.0,0.49181086,0.021296779,0.2270197,0.0020698614,0.4,0.0,0.43848944,0.018775733
375316653866487564,6073167804788185984,0.61888796,2218.925177426698,1.0963965809679355,3.3342583E-6,16.665808,0.004694369,0.22962365,0.0011425345,0.0993439,0.0033514027,0.1837004,0.0041524195,0.72969097,0.0019161474,0.09126718,0.0034190002,0.21807227,0.0046856883,null,null,null,null,"TWOGAUSSIANS",8,2.8051834,0.72969097,0.0019161474,0.4,0.0,0.20533065,0.0041262335,0.22962365,0.0011425345,0.4,0.0,0.17095777,0.0028243219
375316653866487564,6073167976582528896,0.5988043,2201.239966297483,0.43581295079585974,1.4500097E-5,13.682785,0.0010675308,0.24991876,0.0073388945,0.02829712,0.0061338586,0.046562873,0.009080457,0.7472973,0.0022119456,0.022302277,0.0022336084,0.23315623,0.022690747,0.001775019,0.0016203513,0.24991876,0.0073388945,"TWOGAUSSIANS_WITH_ELLIPSOIDAL_ON_ECLIPSE1",9,31.0215,0.7472973,0.0022119456,0.12489276,0.012508207,0.2367053,0.02341032,0.24991876,0.0073388945,0.15846388,0.03434961,0.05011291,0.009187262
375316653866487564,6073167976586873344,0.4956132,2217.6737060745268,3.6677775263776393,1.0875498E-5,19.566124,0.013409505,0.2512456,0.0029974142,0.08562209,0.00499134,0.3650525,0.012829263,0.73684675,0.0040661953,0.08783923,0.007603636,0.39268202,0.024111148,null,null,null,null,"TWOGAUSSIANS",8,3.2024062,0.73684675,0.0040661953,0.4,0.0,0.3833548,0.025435263,0.2512456,0.0029974142,0.4,0.0,0.35572535,0.010280212
375316653866487564,6073169179173413376,0.5791955,2210.271595670204,3.3577664444908026,4.1021303E-6,17.255451,0.012750364,0.26277724,0.001186162,0.054719158,0.006227919,0.19549498,0.02626486,0.7670404,0.0040140245,0.061465353,0.008610375,0.17729697,0.024610478,0.081526704,0.016662406,0.26277724,0.001186162,"TWOGAUSSIANS_WITH_ELLIPSOIDAL_ON_ECLIPSE1",9,12.64087,0.26277724,0.001186162,0.30642727,0.034876347,0.3585086,0.0127703985,0.7670404,0.0040140245,0.34420598,0.048218098,0.3401936,0.019194938
375316653866487564,6073169518452215808,0.55798924,2205.0233909347044,1.6778675692495892,5.640451E-6,17.648954,0.0016627897,0.34689033,0.0021999143,0.052092496,0.0020465374,0.15813553,0.004217133,0.8390675,0.004311516,0.049712285,0.0072550764,0.04864693,0.011357138,null,null,null,null,"TWOGAUSSIANS",8,1.238085,0.34689033,0.0021999143,0.29171798,0.011460609,0.15813483,0.0042170063,0.8390675,0.004311516,0.2783888,0.04062843,0.04864623,0.011358378
375316653866487564,6073169522770805376,0.6585787,2207.1867346979043,1.7776603435161462,1.9029053E-6,16.730091,0.0038294806,0.2665152,9.680611E-4,0.047693003,0.004629957,0.06453784,0.009143164,0.7662966,0.002623993,0.050291065,0.008646264,0.052347858,0.0061891107,0.101226054,0.0047373963,0.2665152,9.680611E-4,"TWOGAUSSIANS_WITH_ELLIPSOIDAL_ON_ECLIPSE1",9,1.7648042,0.2665152,9.680611E-4,0.2670808,0.02592776,0.26698965,0.0046909302,0.76639664,0.0017059456,0.28162998,0.04841908,0.25479946,0.0048641036
375316653866487564,6073169625850035968,0.5704688,2212.032681316751,2.7455298568927926,7.3441206E-6,18.734398,0.010852939,0.23197827,0.0019671372,0.08460317,0.002967032,0.4567187,0.012912915,0.7339998,0.0028438515,0.087452024,0.004258583,0.45798722,0.015020396,null,null,null,null,"TWOGAUSSIANS",8,2.6655004,0.7339998,0.0028438515,0.4,0.0,0.4450291,0.014940256,0.23197827,0.0019671372,0.4,0.0,0.44376066,0.011101671
375316653866487564,6073170416107025920,0.49323854,2177.524578198763,2.630949271118018,1.268977E-5,19.47108,0.012402146,0.20301042,0.005002752,0.05568078,0.004959742,0.39440826,0.015621796,0.7052479,0.011638963,0.08472153,0.0149059035,0.1896488,0.025255293,null,null,null,null,"TWOGAUSSIANS",8,5.007645,0.20301042,0.005002752,0.31181237,0.027774556,0.39359263,0.015409894,0.7052479,0.011638963,0.4,0.0,0.18883316,0.025577845
375316653866487564,6073170416107078784,0.49342218,2189.2190185288687,3.266361617966611,8.708751E-6,19.30534,0.016055802,0.18322495,0.0035960218,0.085881434,0.005525864,0.30716646,0.018426888,0.67609453,0.0052887313,0.08643254,0.008688598,0.29771766,0.018126462,null,null,null,null,"TWOGAUSSIANS",8,2.6048698,0.18322495,0.0035960218,0.4,0.0,0.2992096,0.015386813,0.67609453,0.0052887313,0.4,0.0,0.2897608,0.016901933
375316653866487564,6073170553562914176,0.70671594,2198.8250555385857,0.6610310478452633,4.36928E-6,13.326915,0.0025163675,0.252607,0.0019618594,0.047953576,0.0030729643,0.052117933,0.0062437467,0.75001776,6.3779124E-4,0.045664355,0.0010892176,0.58120537,0.005889896,0.02650744,0.0028663662,0.252607,0.0019618594,"TWOGAUSSIANS_WITH_ELLIPSOIDAL_ON_ECLIPSE1",9,56.45406,0.75005776,6.2333304E-4,0.25572038,0.0060996185,0.63420606,0.0044149985,0.252607,0.0019618594,0.26854002,0.017208599,0.10513248,0.0031126058
375316653866487564,6073171172021311488,0.59219635,2217.4758949847183,2.605108747654378,8.822518E-6,18.760914,0.0068665463,0.20801798,0.0028919973,0.06969612,0.003035457,0.4925767,0.016558226,0.71283764,0.0043294895,0.07470511,0.0038812703,0.44803277,0.011906307,null,null,null,null,"TWOGAUSSIANS",8,2.4832938,0.20801798,0.0028919973,0.39029828,0.016935699,0.4904974,0.01671626,0.71283764,0.0043294895,0.4,0.0,0.4459535,0.011645853
375316653866487564,6073171476963804800,0.5536076,2200.2722505961856,0.6092172732971054,1.9025407E-5,17.97694,0.0014628856,0.571674,0.02592444,0.011969547,0.015334113,0.018959777,0.020254135,0.7926019,9.5826684E-4,0.0161977,0.002163613,0.7717043,0.17679967,null,null,null,null,"TWOGAUSSIANS",8,2.7036445,0.7926019,9.5826684E-4,0.09070712,0.012116233,0.7717043,0.17679967,0.571674,0.02592444,0.06702946,0.08587103,0.018959777,0.020254135
375316653866487564,6073172993104472192,0.48840377,2198.3486446763204,1.1277676974010846,2.6345147E-5,17.415354,0.017535184,0.21799524,0.0075200545,0.098587885,0.021671604,0.091166854,0.015219408,0.7056208,0.006388653,0.09470906,0.016574048,0.16101784,0.014985115,null,null,null,null,"TWOGAUSSIANS",8,12.930203,0.7056208,0.006388653,0.4,0.0,0.1538936,0.011571102,0.21799524,0.0075203516,0.4,0.0,0.084042415,0.009047017
375316653866487564,6073173023145703808,0.50473005,2188.2271009460997,1.056771686989031,9.543495E-6,18.571539,0.0041539865,0.22391947,3.4554757E-4,0.011145111,1.8352397E-4,2.1047168,0.11222817,0.7287407,0.007369633,0.01997544,0.009387019,0.26455176,0.25834358,null,null,null,null,"TWOGAUSSIANS",8,4.494634,0.22391947,3.4554757E-4,0.062412623,0.0010277343,2.1047168,0.11222817,0.7287407,0.007369633,0.11186247,0.052567303,0.26455176,0.25834358
375316653866487564,6073173439781006592,0.49220368,2188.7726719012785,0.1354245778818738,1.1215902E-5,15.779318,0.001791557,0.29750162,0.0044583506,0.013633096,0.003754309,0.07856537,0.0075612264,null,null,null,null,null,null,0.03043221,0.0023781462,0.29750162,0.0044583506,"ONEGAUSSIAN_WITH_ELLIPSOIDAL",6,28.208193,0.29750162,0.0044583506,0.07634533,0.02102413,0.13942978,0.0072988397,null,null,null,null,null,null
375316653866487564,6073174333134237824,0.4677722,2173.6775491704225,1.5307573247723554,7.5086455E-6,19.373741,0.0058056815,0.19352576,0.0016488665,0.026360804,0.0015602049,0.30946258,0.017715577,0.69144624,0.0017969913,0.03556975,0.0024124118,0.30147615,0.009147612,null,null,null,null,"TWOGAUSSIANS",8,4.8587656,0.19352576,0.0016488665,0.1476205,0.008737148,0.30946258,0.017715577,0.69144624,0.0017969913,0.1991906,0.013509506,0.30147615,0.009147612
375316653866487564,6073175020317735552,0.48722774,2229.235571762377,2.6528301096706066,1.6334452E-5,19.732252,0.010128419,0.28680038,0.00440169,0.071646206,0.004757059,0.3529833,0.012770248,0.79425746,0.004557823,0.08796186,0.006077562,0.328079,0.015222745,null,null,null,null,"TWOGAUSSIANS",8,1.4465845,0.28680038,0.00440169,0.4,0.010351656,0.34868303,0.011410056,0.79425746,0.004557823,0.4,0.0,0.32377866,0.014794453
375316653866487564,6073177180677582336,0.54165125,2206.311466691657,3.4668794301195263,7.00332E-6,18.215103,0.0045681074,0.29238915,0.0021100214,0.025266169,0.0044779005,0.056582537,0.01697091,0.7785228,0.0064476887,0.05979358,0.011813969,0.06737028,0.014148817,0.102230616,0.007898182,0.29238915,0.0021100214,"TWOGAUSSIANS_WITH_ELLIPSOIDAL_ON_ECLIPSE1",9,3.8304584,0.7849328,0.00357943,0.33484405,0.06615823,0.270992,0.010572063,0.29238915,0.0021100214,0.14149055,0.025076244,0.26103872,0.013057454
375316653866487564,6073177283757692544,0.59662706,2199.7898226051575,2.897628297618553,4.7585227E-6,18.263784,0.0037896773,0.28619617,0.0016599644,0.069342904,0.0019113764,0.6378706,0.017185133,0.79142815,0.001620708,0.06687494,0.0014545693,0.5611599,0.011154935,null,null,null,null,"TWOGAUSSIANS",8,5.3305526,0.28619617,0.0016599644,0.38832027,0.010703707,0.6366371,0.01731829,0.79142815,0.001620708,0.37449968,0.0081455875,0.5599264,0.01113846
375316653866487564,6073177906547797120,0.49279124,2187.3191032395507,0.18005642314417147,1.0621002E-4,11.349801,0.0020935296,0.1469565,0.0011960939,0.018232984,7.449704E-4,0.4196788,0.015161728,0.46161625,0.042046912,0.052496023,0.027163355,0.032624252,0.00571428,null,null,null,null,"TWOGAUSSIANS",8,70.02247,0.1469565,0.0011960939,0.102104716,0.0041718343,0.4196788,0.015161728,0.46161625,0.042046912,0.29397774,0.15211478,0.032624252,0.00571428
375316653866487564,6073178383268494592,0.57657224,2191.988170077417,0.23052081484956854,2.3464443E-5,18.396082,0.0014289872,0.8532013,3.254535E-5,0.0071311267,8.319981E-5,1.046058,0.014344786,null,null,null,null,null,null,null,null,null,null,"ONEGAUSSIAN",5,1.5033684,0.8532013,3.254535E-5,0.039934307,4.6591894E-4,1.046058,0.0,null,null,null,null,null,null
375316653866487564,6073178799887465216,0.5359117,2188.2727247826315,3.609369659225723,5.1262873E-6,19.544949,0.014398705,0.23305953,0.0022150532,0.07914743,0.003907265,0.43223047,0.023058485,0.7283762,0.0021191232,0.07670229,0.004687381,0.4730907,0.018599134,null,null,null,null,"TWOGAUSSIANS",8,1.8725997,0.7283762,0.0021191232,0.4,0.0,0.46831676,0.018688694,0.23305953,0.0022150532,0.4,0.0,0.4274565,0.02256772
375316653866487564,6073178937325948160,0.4306085,2171.0705645071757,0.537807871083982,5.916018E-5,19.660084,0.004684366,0.35999942,0.013059026,0.017510898,0.006793847,0.47092488,0.22329098,0.5744261,0.026773123,0.02132241,0.020573862,0.0730417,1.1013985,null,null,null,null,"TWOGAUSSIANS",8,2.9652195,0.35999942,0.013059026,0.09806103,0.038045544,0.47092488,0.22329098,0.5744261,0.026773123,0.1194055,0.115213625,0.0730417,1.1013985
375316653866487564,6073179723299972096,0.49969098,2200.0618213845114,3.671085139150131,9.771583E-6,17.910551,0.004559483,0.2941097,0.003527335,0.07860828,0.006493782,0.0872395,0.004528659,0.7812464,0.004058248,0.08572916,0.0074894563,0.09310253,0.007457787,null,null,null,null,"TWOGAUSSIANS",8,1.8258914,0.7812464,0.004058248,0.4,0.0,0.09171818,0.007511762,0.2941097,0.003527335,0.4,0.0,0.085855156,0.003977769
375316653866487564,6073180689686592256,0.6067409,2197.923980162065,2.156485400258598,5.771968E-6,17.883709,0.0045141554,0.22402167,0.0017213967,0.07551926,0.001917916,0.55938447,0.010330097,0.7234034,0.0013089887,0.07240603,0.0018164379,0.37157002,0.007744559,null,null,null,null,"TWOGAUSSIANS",8,4.58246,0.22402167,0.0017213967,0.4,0.0,0.5564064,0.010424757,0.7234034,0.0013089887,0.4,5.821729E-5,0.3685919,0.007741674
375316653866487564,6073181853602226560,0.48252913,2194.590475721789,3.114590891084689,2.0800098E-5,18.106707,0.032665256,0.23877203,0.005414115,0.09646711,0.01726759,0.18898721,0.029604226,0.747834,0.00721213,0.119505204,0.024768181,0.17771025,0.026197711,null,null,null,null,"TWOGAUSSIANS",8,8.091238,0.23874202,0.0054068733,0.4,0.0,0.16650908,0.020912861,0.747834,0.00721213,0.4,0.0,0.15517387,0.013271836
375316653866487564,6073182442033261952,0.6481945,2193.402864702409,1.0054307675803658,1.2740111E-6,16.743042,0.0019615549,0.23097017,5.470301E-4,0.038936738,4.6255704E-4,0.57281274,0.0031693864,0.73119843,0.0020680788,0.038436145,0.0039118985,0.08871375,0.006957894,null,null,null,null,"TWOGAUSSIANS",8,7.326334,0.23097017,5.470301E-4,0.21804574,0.0025903194,0.57281274,0.0031693864,0.73119843,0.0020680788,0.2152424,0.021906631,0.08871375,0.0069578956
