Gaia/vari_eclipsing_binary/VariEclipsingBinary_670485-670543.csv
# %ECSV 1.0
# ---
# delimiter: ','
# meta: !!omap
# - RELEASE: Gaia DR3
# - TABLE: vari_eclipsing_binary
# - DESCRIPTION: >
#     This table describes the properties of the eclipsing binaries resulting from the variability analysis. 
# - CITATION: >
#     How to cite and acknowledge Gaia: 
#     https://gea.esac.esa.int/archive/documentation/credits.html 
# - KNOWN_ISSUES: >
#     Known issues: 
#     https://www.cosmos.esa.int/web/gaia-users/known-issues 
# - DOCUMENTATION: >
#     Tutorials and documentation: 
#     https://www.cosmos.esa.int/web/gaia-users/archive 
# datatype:
# - 
#   name: solution_id
#   datatype: int64
#   description: Solution Identifier
#   meta:
#     ucd: meta.version
# - 
#   name: source_id
#   datatype: int64
#   description: Unique source identifier
#   meta:
#     ucd: meta.id;meta.main
# - 
#   name: global_ranking
#   datatype: float32
#   description: Number between 0 (worst) and 1 (best)
#   meta:
#     ucd: stat.param
# - 
#   name: reference_time
#   datatype: float64
#   unit: d
#   description: Reference time used for the geometric model fit
#   meta:
#     ucd: time.epoch
# - 
#   name: frequency
#   datatype: float64
#   unit: d**-1
#   description: Frequency of geometric model of the eclipsing binary light curve
#   meta:
#     ucd: src.orbital
# - 
#   name: frequency_error
#   datatype: float32
#   unit: d**-1
#   description: "Uncertainty of \\texttt{frequency}"
#   meta:
#     ucd: stat.error
# - 
#   name: geom_model_reference_level
#   datatype: float32
#   unit: mag
#   description: Magnitude reference level of geometric model
#   meta:
#     ucd: phot.mag;em.opt
# - 
#   name: geom_model_reference_level_error
#   datatype: float32
#   unit: mag
#   description: "Uncertainty of \\texttt{geomModelReferenceLevel}"
#   meta:
#     ucd: stat.error;phot.mag;em.opt
# - 
#   name: geom_model_gaussian1_phase
#   datatype: float32
#   description: Phase of the Gaussian 1 component
#   meta:
#     ucd: time.phase
# - 
#   name: geom_model_gaussian1_phase_error
#   datatype: float32
#   description: "Uncertainty of \\texttt{geomModelGaussian1Phase}"
#   meta:
#     ucd: stat.error;time.phase
# - 
#   name: geom_model_gaussian1_sigma
#   datatype: float32
#   description: "Standard deviation [phase] of Gaussian 1 component"
#   meta:
#     ucd: stat.stdev
# - 
#   name: geom_model_gaussian1_sigma_error
#   datatype: float32
#   description: "Uncertainty of \\texttt{geomModelGaussian1Sigma}"
#   meta:
#     ucd: stat.error
# - 
#   name: geom_model_gaussian1_depth
#   datatype: float32
#   unit: mag
#   description: Magnitude depth of Gaussian 1 component
#   meta:
#     ucd: src.var.amplitude
# - 
#   name: geom_model_gaussian1_depth_error
#   datatype: float32
#   unit: mag
#   description: "Uncertainty of \\texttt{geomModelGaussian1Depth}"
#   meta:
#     ucd: stat.error;src.var.amplitude
# - 
#   name: geom_model_gaussian2_phase
#   datatype: float32
#   description: Phase of Gaussian 2 component
#   meta:
#     ucd: time.phase
# - 
#   name: geom_model_gaussian2_phase_error
#   datatype: float32
#   description: "Uncertainty of \\texttt{geomModelGaussian2Phase}"
#   meta:
#     ucd: stat.error;time.phase
# - 
#   name: geom_model_gaussian2_sigma
#   datatype: float32
[...]
#   datatype: float32
#   description: "Secondary eclipse: uncertainty of \\texttt{derivedSecondaryEclDuration}"
#   meta:
#     ucd: stat.error;time.duration
# - 
#   name: derived_secondary_ecl_depth
#   datatype: float32
#   unit: mag
#   description: "Secondary eclipse: depth"
#   meta:
#     ucd: src.var.amplitude
# - 
#   name: derived_secondary_ecl_depth_error
#   datatype: float32
#   unit: mag
#   description: "Secondary eclipse: uncertainty of \\texttt{derivedSecondaryEclDepth}"
#   meta:
#     ucd: stat.error;src.var.amplitude
solution_id,source_id,global_ranking,reference_time,frequency,frequency_error,geom_model_reference_level,geom_model_reference_level_error,geom_model_gaussian1_phase,geom_model_gaussian1_phase_error,geom_model_gaussian1_sigma,geom_model_gaussian1_sigma_error,geom_model_gaussian1_depth,geom_model_gaussian1_depth_error,geom_model_gaussian2_phase,geom_model_gaussian2_phase_error,geom_model_gaussian2_sigma,geom_model_gaussian2_sigma_error,geom_model_gaussian2_depth,geom_model_gaussian2_depth_error,geom_model_cosine_half_period_amplitude,geom_model_cosine_half_period_amplitude_error,geom_model_cosine_half_period_phase,geom_model_cosine_half_period_phase_error,model_type,num_model_parameters,reduced_chi2,derived_primary_ecl_phase,derived_primary_ecl_phase_error,derived_primary_ecl_duration,derived_primary_ecl_duration_error,derived_primary_ecl_depth,derived_primary_ecl_depth_error,derived_secondary_ecl_phase,derived_secondary_ecl_phase_error,derived_secondary_ecl_duration,derived_secondary_ecl_duration_error,derived_secondary_ecl_depth,derived_secondary_ecl_depth_error
[from data line 149]
375316653866487564,5897756873646190976,0.52174634,2138.8615459336693,3.840919003368952,2.4792045E-5,19.209745,0.017994493,0.28803343,0.008493923,0.036992624,0.033381306,0.15295453,1.0465524,0.75192386,0.005986227,0.036293007,0.00572674,0.45955393,0.08736528,0.113567874,0.029252926,0.28803343,0.008493923,"TWOGAUSSIANS_WITH_ELLIPSOIDAL_ON_ECLIPSE1",9,5.5087276,0.7536439,0.006127689,0.20324084,0.032069746,0.6757332,0.08101339,0.28803343,0.008493923,0.2071587,0.1869353,0.38009027,1.0501925
375316653866487564,5897757693964067200,0.4966965,2159.752739446478,3.274242364158253,4.7973168E-5,17.793327,0.107906714,0.2401377,0.0053876126,0.108798526,0.029370569,0.18754642,0.10131964,0.72783,0.008881886,0.110105254,0.053828333,0.19470784,0.08324767,null,null,null,null,"TWOGAUSSIANS",8,7.928694,0.72783,0.008881886,0.4,0.0,0.17000361,0.025105232,0.24015771,0.0051519847,0.4,0.0,0.16284576,0.009157938
375316653866487564,5897757938776920960,0.4918699,2142.7243558634796,3.040073169805941,2.0196458E-5,19.118599,0.0055088587,null,null,null,null,null,null,null,null,null,null,null,null,0.12206687,0.010584178,0.31322938,0.004362682,"ELLIPSOIDAL",4,2.6978638,null,null,null,null,null,null,null,null,null,null,null,null
375316653866487564,5897759416262960384,0.5441339,2166.0737670461745,3.1055266662781347,1.4179497E-5,17.725166,0.018954556,0.294053,0.006352975,0.08523789,0.006941832,0.4368083,0.026930366,0.77385724,0.006354662,0.08445194,0.007381439,0.5202626,0.032416582,null,null,null,null,"TWOGAUSSIANS",8,22.485985,0.77385724,0.006354662,0.4,0.0,0.51158804,0.032661885,0.294053,0.006352975,0.4,0.0,0.42813376,0.023537667
375316653866487564,5897761301737778560,0.44747466,2194.270124938474,0.38234588124391344,3.855326E-5,18.430222,0.0073231435,0.41677377,0.022366557,0.096901916,0.012932406,0.2216058,0.05551447,0.90176105,0.011506268,0.019713197,0.008235554,0.033753347,0.008010754,null,null,null,null,"TWOGAUSSIANS",8,5.394121,0.41677377,0.022366557,0.4,0.0,0.22159101,0.05553964,0.90176105,0.011506268,0.110393904,0.0461191,0.033739533,0.007985665
375316653866487564,5897761404816028416,0.46724296,2164.4607842267324,2.7822684138444087,1.489344E-5,17.276041,0.0063636214,0.23993757,0.0067084846,0.04037762,0.0056606424,0.19658802,0.04029282,null,null,null,null,null,null,0.04902903,0.008212205,0.23993757,0.0067084846,"ONEGAUSSIAN_WITH_ELLIPSOIDAL",6,38.138622,0.23993757,0.0067084846,0.22611468,0.031699598,0.29464608,0.041071985,null,null,null,null,null,null
375316653866487564,5897763539431944960,0.48755273,2231.0141111729076,0.2902300584728105,5.8813013E-5,14.741942,0.012837013,0.17115937,0.050748218,0.024054492,0.04798772,0.37650692,0.2941519,0.73552674,0.0074979053,0.06896431,0.011032262,0.10842703,0.011529791,null,null,null,null,"TWOGAUSSIANS",8,278.68628,0.17115937,0.050748218,0.13470516,0.25828254,0.37650692,0.29473636,0.73552674,0.0074979053,0.38620016,0.04204778,0.108427025,0.011020656
375316653866487564,5897765356186734848,0.44856602,2200.464686349981,0.5399552871664695,3.5955407E-5,18.307823,0.0071349284,0.25692296,0.0055781496,0.009353922,0.005704016,0.29334742,5.996569,0.73032445,0.009304699,0.034231838,0.008868905,0.04782191,0.027759954,0.054386713,0.020679928,0.73032445,0.009304699,"TWOGAUSSIANS_WITH_ELLIPSOIDAL_ON_ECLIPSE2",9,15.991234,0.25685295,0.0056472598,0.052381963,0.03194249,0.3991183,5.997726,0.73032445,0.009304699,0.19169828,0.04966587,0.15659523,0.022362558
375316653866487564,5897766215179146880,0.5790524,2197.8456274709456,3.473319706022726,1.0518754E-5,18.695433,0.013306385,0.20952286,0.0033439437,0.076322764,0.008940636,0.5035697,0.02796558,0.7097469,0.00221355,0.07107603,0.003635486,0.4769278,0.01613517,null,null,null,null,"TWOGAUSSIANS",8,3.3645225,0.20952286,0.0033439437,0.4,0.0,0.5004756,0.029818684,0.7097469,0.00221355,0.39802578,0.013840202,0.47383365,0.015217757
375316653866487564,5897766872310618752,0.47805527,2187.8104898083598,0.1424163009541771,2.3056356E-5,19.686201,0.0064554526,0.39631063,4.2927035E-4,0.017381137,0.0022464083,0.1927511,0.008027277,0.795962,0.0027317188,0.03918355,0.0037737165,0.2385352,0.012089213,null,null,null,null,"TWOGAUSSIANS",8,1.5269034,0.795962,0.0027317188,0.21942788,0.021132812,0.2385352,0.012089213,0.39631063,4.2927035E-4,0.09733437,0.012579886,0.1927511,0.008027277
375316653866487564,5897767731301814784,0.49393132,2168.321905959411,4.298450468414354,1.4895399E-5,19.693363,0.03377792,0.19602054,0.0043181763,0.081056304,0.011279694,0.31344482,0.028722076,0.70886296,0.013975765,0.09509531,0.017809287,0.24843584,0.039336264,null,null,null,null,"TWOGAUSSIANS",8,1.4056709,0.19602054,0.0043181763,0.4,0.0,0.3055083,0.022442438,0.70886296,0.013975765,0.4,0.0,0.24049868,0.032113045
375316653866487564,5897767765679784320,0.59227985,2211.5391906749537,2.674209110275819,1.2972891E-5,15.941127,0.007841173,0.23230167,0.0013488439,0.08010328,0.0037965882,0.50168556,0.017905911,0.7250631,0.002603344,0.086789526,0.0032871373,0.462892,0.011306059,null,null,null,null,"TWOGAUSSIANS",8,58.62893,0.23230167,0.0013488439,0.4,0.0,0.49220294,0.01931611,0.7250631,0.002603344,0.4,0.0,0.4534093,0.011313875
375316653866487564,5897767937478487808,0.5296185,2222.748654044835,1.2738274677369001,6.697839E-5,16.212759,0.009035081,0.5942507,0.027986048,0.02961845,0.02198888,0.6699204,1.9058516,0.8646547,0.0064309766,0.0057368902,0.0014909989,0.10561805,0.070735425,0.008061384,0.014590345,0.8646547,0.0064309766,"TWOGAUSSIANS_WITH_ELLIPSOIDAL_ON_ECLIPSE2",9,148.73949,0.59422064,0.027970865,0.16586332,0.123137735,0.6701842,1.9068135,0.8646547,0.0064309766,0.032126587,0.008349594,0.121740684,0.079385996
375316653866487564,5897768040557124096,0.5912855,2181.6268600765243,1.9072934635298726,8.151595E-6,17.53058,0.0070428834,0.28338262,0.0026066585,0.085443735,0.005896133,0.22287276,0.007839655,0.78378206,0.0032686957,0.09591947,0.009707326,0.24725519,0.027597854,null,null,null,null,"TWOGAUSSIANS",8,2.1466413,0.78378206,0.0032686957,0.4,0.0,0.23680444,0.031910256,0.28338262,0.0026066585,0.4,0.0,0.21242261,0.008303203
375316653866487564,5897770170861556864,0.6474268,2220.2609312967957,0.1653222358118645,7.5332624E-5,15.565555,0.0015395918,0.5503068,2.8297983E-4,0.015166398,3.228897E-4,0.37385756,0.004042999,0.81294316,0.04102907,0.03700199,0.01845404,0.3388672,0.11055798,null,null,null,null,"TWOGAUSSIANS",8,8.981883,0.5503068,2.8297983E-4,0.08493183,0.0018081825,0.37385756,0.004043002,0.81294316,0.04102907,0.20721115,0.10334262,0.3388672,0.11055798
375316653866487564,5897770583161472896,0.5085609,2184.215309903725,3.100584481343427,1.9241264E-5,17.725742,0.013097021,0.33378276,0.0057321475,0.11149354,0.013879062,0.14170942,0.012607328,0.82881635,0.00898341,0.08665046,0.0114550255,0.1164672,0.016870903,null,null,null,null,"TWOGAUSSIANS",8,3.3434327,0.33378276,0.0057321475,0.4,0.0,0.13167709,0.0108863115,0.82881635,0.008991906,0.4,0.0,0.10644726,0.009204804
375316653866487564,5897770754976862080,0.48238757,2213.0850668449048,0.14613343226027428,2.6535015E-5,18.748165,0.021287289,0.49499688,0.0058205016,0.055543568,0.007895678,0.30601743,0.03013474,0.8307611,0.022052517,0.15018122,0.029636314,0.12355136,0.023976253,null,null,null,null,"TWOGAUSSIANS",8,4.3472724,0.49654686,0.006095256,0.31104398,0.0442158,0.31461608,0.032967668,0.8307611,0.022052517,0.4,0.0,0.12187666,0.022213655
375316653866487564,5897771540941701760,0.53461564,2175.0037670943852,2.7881543715278014,1.0467849E-5,19.688076,0.016368452,0.36600444,0.008161279,0.079348624,0.009700724,0.3396395,0.019786209,0.8689203,0.007913328,0.07273719,0.009589649,0.4412233,0.069687195,null,null,null,null,"TWOGAUSSIANS",8,1.1022977,0.8689203,0.007913328,0.4,0.0019266439,0.43798062,0.07127025,0.36600444,0.008161279,0.4,0.0,0.33639684,0.01969555
375316653866487564,5897772163725939200,0.52277684,2180.416014299077,1.3010624854993846,4.1959538E-5,16.978159,0.009357221,0.28429812,0.009325387,0.07054445,0.013299361,0.2137009,0.022288185,0.77827096,0.0020519071,0.06393642,0.006232656,0.20415878,0.010579788,null,null,null,null,"TWOGAUSSIANS",8,28.198183,0.28429812,0.009325387,0.39504892,0.04535119,0.21334903,0.022412203,0.77827096,0.0020519071,0.35804394,0.034902874,0.2038069,0.010497713
375316653866487564,5897772640459623552,0.47805533,2123.155153403557,3.461703988406409,2.8264634E-5,19.342173,0.009396615,0.25985703,0.006466439,0.027407708,0.025453413,0.036479127,0.022807587,0.6873155,0.012355921,0.05054873,0.008281233,0.121865295,0.024315128,0.11050146,0.014708891,0.25985703,0.006466439,"TWOGAUSSIANS_WITH_ELLIPSOIDAL_ON_ECLIPSE1",9,4.563568,0.70672554,0.012201272,0.2830729,0.046374902,0.3104786,0.013151655,0.25985703,0.006466439,0.15348315,0.14253911,0.25748184,0.01229976
375316653866487564,5897774049199893120,0.52795845,2143.3215716068653,3.0600612684712587,4.988294E-5,18.363268,0.020651067,0.24247582,0.0041692895,0.10221085,0.013631751,0.21047714,0.018767938,0.73571134,0.014162614,0.08500948,0.021159321,0.19963515,0.022796033,null,null,null,null,"TWOGAUSSIANS",8,2.1715062,0.24247582,0.0041692895,0.4,0.0,0.19998437,0.015610808,0.73571134,0.014162614,0.4,0.0,0.18914518,0.01815239
375316653866487564,5897774122231485696,0.47103325,2180.7452547858834,0.4305618867566411,3.2449312E-5,18.149212,0.0041470444,0.23977956,0.013233222,0.060765117,0.013913999,0.0790443,0.011654172,0.7440338,0.012646104,0.06285806,0.012910482,0.11487654,0.008861913,null,null,null,null,"TWOGAUSSIANS",8,2.4857628,0.7440338,0.012646104,0.35200512,0.07214435,0.11482995,0.008858113,0.23977956,0.013233222,0.34028465,0.077918395,0.07899771,0.011689302
375316653866487564,5897775148711608320,0.44303533,2134.095359542457,2.4771850371083595,2.2060176E-5,17.94091,0.008273741,0.44817808,0.010019401,0.0414147,0.0097905435,0.11793413,0.013329749,0.7719598,0.0075863325,0.052662484,0.008121451,0.110678904,0.014819473,null,null,null,null,"TWOGAUSSIANS",8,8.599782,0.44817808,0.010019401,0.23192233,0.054827042,0.11793413,0.01332975,0.7719598,0.0075863325,0.2949099,0.045480125,0.110678904,0.014819473
375316653866487564,5897775526668832128,0.50746423,2147.9447536903813,2.9359473915637984,5.5236986E-5,19.107325,0.005700509,0.18307158,0.0023226743,0.03647405,0.0036883475,0.32122466,0.043040905,0.69511396,0.007034717,0.034127776,0.01747145,0.20063233,0.27955875,null,null,null,null,"TWOGAUSSIANS",8,1.8238531,0.18307158,0.0023226743,0.20425467,0.020654745,0.32122466,0.043040905,0.69511396,0.007034717,0.19111554,0.097840115,0.20063233,0.27955875
375316653866487564,5897776149438663424,0.5013725,2191.9515614625193,2.33007271456851,1.710523E-5,18.621471,0.025682414,0.2608074,0.02230763,0.10848577,0.03714803,0.16771795,0.031689815,0.7508398,0.0027609926,0.05273476,0.0056801266,0.6664187,0.065168075,null,null,null,null,"TWOGAUSSIANS",8,8.053976,0.7508398,0.0027609926,0.29531464,0.031808708,0.6632594,0.067153566,0.2608074,0.02230763,0.4,0.0,0.16454974,0.0326667
375316653866487564,5897777760051818112,0.502536,2162.2826929947028,2.6388276010937,4.1857307E-5,17.509495,0.0032723774,0.2729647,0.0047616675,0.04463586,0.0029445186,0.0651869,0.0038678236,0.085130386,0.015100785,0.07149915,0.029866826,0.022212502,0.006908061,null,null,null,null,"TWOGAUSSIANS",8,0.95746696,0.2721547,0.00381815,0.24996081,0.016489303,0.065902,0.0030149578,0.08534039,0.015418326,0.4,0.035871454,0.022221899,0.006906964
375316653866487564,5897778034929772672,0.4319447,2173.3170805825175,0.9349455577931798,2.824075E-5,19.479635,0.025433065,0.2668065,0.03040224,0.09441479,0.024276955,0.13568859,0.044381768,0.7658549,0.011464028,0.0482703,0.010345919,0.26053062,0.050589852,null,null,null,null,"TWOGAUSSIANS",8,4.991452,0.7658549,0.011464028,0.27031368,0.05793715,0.2598664,0.050225366,0.2668065,0.03040224,0.4,0.0,0.13502415,0.04404818
375316653866487564,5897779168801221888,0.50867915,2208.3757348122354,0.2859852254345812,4.178033E-5,19.456116,0.025594406,0.28871047,0.083088666,0.114228584,0.0888389,0.06541282,0.07816053,0.62588155,2.0061735E-4,0.0027124588,2.8078334E-4,0.828637,0.22392857,null,null,null,null,"TWOGAUSSIANS",8,3.459377,0.62588155,2.0061735E-4,0.01518977,0.0015723866,0.8294669,0.22499543,0.28871047,0.083088666,0.4,0.0,0.065403774,0.07739425
375316653866487564,5897779512398592256,0.6159249,2138.527189728295,1.2821154680459328,8.809975E-6,17.085571,0.012275349,0.22060524,0.002686822,0.10633097,0.009493604,0.20196326,0.009630197,0.722668,0.0014546517,0.09338464,0.005157689,0.26319152,0.011395037,null,null,null,null,"TWOGAUSSIANS",8,2.2486598,0.722668,0.0014546517,0.4,0.0,0.24390934,0.0073024672,0.22060524,0.002686822,0.4,0.0,0.18267499,0.008798029
375316653866487564,5897781642701952128,0.4699439,2181.082616373101,0.11279626011174079,4.172496E-5,18.709433,0.010494467,0.19543956,0.0052338024,0.059770815,0.009867108,0.34150368,0.09206171,0.70959204,0.008658298,0.07228926,0.013607692,0.07744213,0.0127321435,null,null,null,null,"TWOGAUSSIANS",8,5.4584723,0.19543956,0.0052338024,0.33471656,0.055255804,0.34135312,0.0923188,0.70959204,0.008658298,0.4,0.03808079,0.077291556,0.012541363
375316653866487564,5897784288407178880,0.5799196,2154.411795312767,2.4707617570256457,2.565472E-5,18.291443,0.032573994,0.18323988,0.011171812,0.052683037,0.029254848,0.34246635,0.77755636,0.68898565,0.0075928397,0.049177516,0.014639531,0.2994594,0.048519783,0.09883803,0.03843885,0.18323988,0.011171812,"TWOGAUSSIANS_WITH_ELLIPSOIDAL_ON_ECLIPSE1",9,6.9553704,0.18323988,0.011171812,0.295025,0.16382715,0.5401374,0.8076757,0.68898565,0.0070481542,0.2753941,0.081981376,0.4968729,0.0685141
375316653866487564,5897784528933203840,0.44406146,2145.4993047942485,2.880777203628363,4.7553043E-5,18.994577,0.04360727,0.27779636,0.012938709,0.11985545,0.038444377,0.1467777,0.043036822,0.76836145,0.016330775,0.09667212,0.03670789,0.17725694,0.038746137,null,null,null,null,"TWOGAUSSIANS",8,3.2552953,0.76836145,0.016330775,0.4,0.0,0.1574532,0.029373707,0.27779636,0.0128582055,0.4,0.0,0.12692323,0.020451216
375316653866487564,5897785941967939712,0.57997525,2155.2948642229076,2.4019475061018514,8.94848E-6,18.597534,0.020884588,0.19965613,0.0045850645,0.05697164,0.007147107,0.45517513,0.013854275,0.70156795,0.0045821997,0.06721442,0.0055336063,0.6780554,0.021896457,null,null,null,null,"TWOGAUSSIANS",8,8.123631,0.70156795,0.0045821997,0.37640077,0.029686563,0.677736,0.021679912,0.19965613,0.0045850645,0.3190412,0.040023796,0.4548557,0.013885645
375316653866487564,5897786216845921024,0.5521942,2156.761164468145,2.7347697763984145,8.910399E-6,19.023558,0.015283447,0.31561,0.001982623,0.08856308,0.00462103,0.38736188,0.015144418,0.81453544,0.0031851714,0.08241133,0.004421696,0.38238183,0.019822046,null,null,null,null,"TWOGAUSSIANS",8,1.8762642,0.31561,0.001982623,0.4,0.0,0.37686512,0.01321722,0.81453544,0.0031851714,0.4,0.0,0.37188518,0.017942768
375316653866487564,5897786865387610624,0.53339714,2184.214541569898,0.7312768543341496,5.9524686E-5,18.313433,0.0034689421,0.2860521,0.010687728,0.043179706,0.016062204,0.63793606,0.2751157,0.9518068,0.030625349,0.011988976,0.017066002,0.12579505,0.39393568,null,null,null,null,"TWOGAUSSIANS",8,2.351114,0.2860521,0.010687728,0.24180634,0.08994834,0.63793606,0.2751157,0.9518068,0.030625349,0.06713826,0.09556961,0.12579505,0.39393568
375316653866487564,5897788244070655872,0.4303412,2166.0735520098524,3.5542267594354473,2.1077073E-4,18.94546,0.015913459,0.49713513,0.017125554,0.13277195,0.027325781,0.15508449,0.014273722,0.8371089,0.032929186,0.045392558,0.02866019,0.062115703,0.021107465,null,null,null,null,"TWOGAUSSIANS",8,3.6299958,0.49713513,0.017125554,0.4,0.0,0.15476754,0.014251027,0.8371089,0.032929186,0.25419834,0.16049705,0.06764494,0.022621982
