Gaia/vari_eclipsing_binary/VariEclipsingBinary_140300-143213.csv
# %ECSV 1.0
# ---
# delimiter: ','
# meta: !!omap
# - RELEASE: Gaia DR3
# - TABLE: vari_eclipsing_binary
# - DESCRIPTION: >
#     This table describes the properties of the eclipsing binaries resulting from the variability analysis. 
# - CITATION: >
#     How to cite and acknowledge Gaia: 
#     https://gea.esac.esa.int/archive/documentation/credits.html 
# - KNOWN_ISSUES: >
#     Known issues: 
#     https://www.cosmos.esa.int/web/gaia-users/known-issues 
# - DOCUMENTATION: >
#     Tutorials and documentation: 
#     https://www.cosmos.esa.int/web/gaia-users/archive 
# datatype:
# - 
#   name: solution_id
#   datatype: int64
#   description: Solution Identifier
#   meta:
#     ucd: meta.version
# - 
#   name: source_id
#   datatype: int64
#   description: Unique source identifier
#   meta:
#     ucd: meta.id;meta.main
# - 
#   name: global_ranking
#   datatype: float32
#   description: Number between 0 (worst) and 1 (best)
#   meta:
#     ucd: stat.param
# - 
#   name: reference_time
#   datatype: float64
#   unit: d
#   description: Reference time used for the geometric model fit
#   meta:
#     ucd: time.epoch
# - 
#   name: frequency
#   datatype: float64
#   unit: d**-1
#   description: Frequency of geometric model of the eclipsing binary light curve
#   meta:
#     ucd: src.orbital
# - 
#   name: frequency_error
#   datatype: float32
#   unit: d**-1
#   description: "Uncertainty of \\texttt{frequency}"
#   meta:
#     ucd: stat.error
# - 
#   name: geom_model_reference_level
#   datatype: float32
#   unit: mag
#   description: Magnitude reference level of geometric model
#   meta:
#     ucd: phot.mag;em.opt
# - 
#   name: geom_model_reference_level_error
#   datatype: float32
#   unit: mag
#   description: "Uncertainty of \\texttt{geomModelReferenceLevel}"
#   meta:
#     ucd: stat.error;phot.mag;em.opt
# - 
#   name: geom_model_gaussian1_phase
#   datatype: float32
#   description: Phase of the Gaussian 1 component
#   meta:
#     ucd: time.phase
# - 
#   name: geom_model_gaussian1_phase_error
#   datatype: float32
#   description: "Uncertainty of \\texttt{geomModelGaussian1Phase}"
#   meta:
#     ucd: stat.error;time.phase
# - 
#   name: geom_model_gaussian1_sigma
#   datatype: float32
#   description: "Standard deviation [phase] of Gaussian 1 component"
#   meta:
#     ucd: stat.stdev
# - 
#   name: geom_model_gaussian1_sigma_error
#   datatype: float32
#   description: "Uncertainty of \\texttt{geomModelGaussian1Sigma}"
#   meta:
#     ucd: stat.error
# - 
#   name: geom_model_gaussian1_depth
#   datatype: float32
#   unit: mag
#   description: Magnitude depth of Gaussian 1 component
#   meta:
#     ucd: src.var.amplitude
# - 
#   name: geom_model_gaussian1_depth_error
#   datatype: float32
#   unit: mag
#   description: "Uncertainty of \\texttt{geomModelGaussian1Depth}"
#   meta:
#     ucd: stat.error;src.var.amplitude
# - 
#   name: geom_model_gaussian2_phase
#   datatype: float32
#   description: Phase of Gaussian 2 component
#   meta:
#     ucd: time.phase
# - 
#   name: geom_model_gaussian2_phase_error
#   datatype: float32
#   description: "Uncertainty of \\texttt{geomModelGaussian2Phase}"
#   meta:
#     ucd: stat.error;time.phase
# - 
#   name: geom_model_gaussian2_sigma
#   datatype: float32
[...]
#   datatype: float32
#   description: "Secondary eclipse: uncertainty of \\texttt{derivedSecondaryEclDuration}"
#   meta:
#     ucd: stat.error;time.duration
# - 
#   name: derived_secondary_ecl_depth
#   datatype: float32
#   unit: mag
#   description: "Secondary eclipse: depth"
#   meta:
#     ucd: src.var.amplitude
# - 
#   name: derived_secondary_ecl_depth_error
#   datatype: float32
#   unit: mag
#   description: "Secondary eclipse: uncertainty of \\texttt{derivedSecondaryEclDepth}"
#   meta:
#     ucd: stat.error;src.var.amplitude
solution_id,source_id,global_ranking,reference_time,frequency,frequency_error,geom_model_reference_level,geom_model_reference_level_error,geom_model_gaussian1_phase,geom_model_gaussian1_phase_error,geom_model_gaussian1_sigma,geom_model_gaussian1_sigma_error,geom_model_gaussian1_depth,geom_model_gaussian1_depth_error,geom_model_gaussian2_phase,geom_model_gaussian2_phase_error,geom_model_gaussian2_sigma,geom_model_gaussian2_sigma_error,geom_model_gaussian2_depth,geom_model_gaussian2_depth_error,geom_model_cosine_half_period_amplitude,geom_model_cosine_half_period_amplitude_error,geom_model_cosine_half_period_phase,geom_model_cosine_half_period_phase_error,model_type,num_model_parameters,reduced_chi2,derived_primary_ecl_phase,derived_primary_ecl_phase_error,derived_primary_ecl_duration,derived_primary_ecl_duration_error,derived_primary_ecl_depth,derived_primary_ecl_depth_error,derived_secondary_ecl_phase,derived_secondary_ecl_phase_error,derived_secondary_ecl_duration,derived_secondary_ecl_duration_error,derived_secondary_ecl_depth,derived_secondary_ecl_depth_error
[from data line 216]
375316653866487564,1251411121954162560,0.6474169,2180.994120208936,4.146615229828438,3.6951874E-6,12.914722,0.0064364346,0.27509624,8.6647214E-4,0.052656393,0.0016612551,0.40780818,0.013743196,0.7813412,0.00111489,0.049590707,0.001866743,0.3992958,0.016207755,0.11388178,0.007679836,0.7813412,0.00111489,"TWOGAUSSIANS_WITH_ELLIPSOIDAL_ON_ECLIPSE2",9,166.54022,0.27577624,7.3483784E-4,0.2948758,0.009303029,0.635255,0.0070234574,0.7813412,0.00111489,0.27770793,0.010453761,0.6270549,0.010585231
375316653866487564,1251490419935204864,0.48022825,2209.696293119205,3.0766613903582507,3.3087745E-5,19.325102,0.011555915,0.23799919,0.007091376,0.075217456,0.011665,0.21766858,0.017260808,0.7426503,0.012248982,0.10188184,0.020275233,0.14483175,0.026817454,null,null,null,null,"TWOGAUSSIANS",8,1.7044101,0.23799919,0.007091376,0.4,0.018698368,0.21184675,0.01855335,0.7426503,0.012248982,0.4,0.0,0.13900818,0.03043417
375316653866487564,1251634735131459200,0.52954614,2193.703954713405,1.8345653016936603,8.441512E-6,16.428152,0.002085213,0.28254107,0.018323565,0.021761306,0.007031302,0.057827096,0.03226848,0.80336636,0.0021676468,0.024403838,0.0026417868,0.2019178,0.0140970815,null,null,null,null,"TWOGAUSSIANS",8,12.440265,0.80336636,0.0021676468,0.1366615,0.014794006,0.2019178,0.0140970815,0.28254107,0.018323565,0.12186331,0.03937529,0.057827096,0.03226848
375316653866487564,1251913255170669696,0.58504313,2184.976548612633,0.060352156199249656,5.4534168E-5,16.842953,0.0011503937,0.15355171,0.039924335,0.04867539,0.010595309,0.011520573,0.006876883,0.81099576,7.7141034E-5,0.003773203,4.8105427E-5,0.36201796,0.0038138859,null,null,null,null,"TWOGAUSSIANS",8,3.6942518,0.81099576,7.7141034E-5,0.021129936,2.6939038E-4,0.36201796,0.0038138859,0.15355171,0.039924335,0.2725822,0.05933373,0.011520573,0.006876883
375316653866487564,1251953589208014336,0.54069704,2203.467045608422,0.20116427252468158,5.703591E-6,18.827791,0.0042799306,0.36403695,7.4837566E-4,0.022509873,0.0010337832,0.49536026,0.030281046,0.22211896,0.09176494,0.076733716,0.036894254,0.012408599,0.008264337,null,null,null,null,"TWOGAUSSIANS",8,2.5495446,0.36397696,7.34124E-4,0.12605529,0.005789186,0.49760538,0.030418398,0.22211896,0.0919544,0.4,0.079007976,0.0124086,0.008264111
375316653866487564,1252033960932318976,0.5634206,2194.21343800882,3.0226578684603984,5.0618087E-6,14.246568,0.025713332,0.30122703,0.004555886,0.0557386,0.008032264,0.27218255,0.053778946,0.79554677,0.0025030111,0.061884534,0.0060740747,0.33260456,0.06888155,0.11396625,0.028659906,0.79554677,0.0025030111,"TWOGAUSSIANS_WITH_ELLIPSOIDAL_ON_ECLIPSE2",9,487.6116,0.79554677,0.0025030111,0.3465534,0.034014817,0.5604351,0.04456565,0.30025703,0.0035483923,0.31213617,0.044980682,0.49977234,0.022438774
375316653866487564,1252122746496340608,0.6023218,2222.5266846089144,3.15566049114684,6.625765E-6,16.676813,0.006787037,0.2731849,0.0012966845,0.07826949,0.0020658127,0.47841814,0.008860847,0.7747356,0.0035381692,0.079401106,0.004750267,0.4703078,0.023113767,null,null,null,null,"TWOGAUSSIANS",8,20.533062,0.2731849,0.0012966845,0.4,0.0,0.4723951,0.008157114,0.7747356,0.0035381692,0.4,0.0,0.46428475,0.023984917
375316653866487564,1252133604173668992,0.43287435,2230.302058470743,1.6009209727620803,5.3079315E-5,16.607,0.0055974554,0.22093034,0.021389766,0.06171861,0.0155073,0.09149291,0.04050439,0.71365464,0.012524858,0.029779062,0.012944967,0.13860874,0.013721511,null,null,null,null,"TWOGAUSSIANS",8,81.67106,0.71365464,0.012524858,0.16676274,0.07249181,0.1386087,0.013720358,0.22093034,0.021389766,0.3456242,0.08684088,0.09149287,0.040504362
375316653866487564,1252232903816788096,0.51466346,2244.989721999331,3.4427887878939485,1.673239E-5,15.276994,0.3996719,0.28576568,0.004722616,0.1844517,0.06397454,0.40908006,0.38441947,0.7896166,0.0026388683,0.16082163,0.03430765,0.36271152,0.31933102,null,null,null,null,"TWOGAUSSIANS",8,36.682457,0.2850257,0.0045271623,0.4,0.0,0.14860909,0.0071462146,0.79108655,0.0019954175,0.4,0.0,0.11724647,0.00520374
375316653866487564,1252273551387328384,0.48933896,2209.631133888573,1.6237974297716646,3.1495583E-5,13.694627,0.009298108,0.28426886,0.0064027836,0.08601726,0.007807641,0.16351648,0.009625182,0.7907257,0.007418271,0.06843227,0.012971933,0.18012422,0.016452879,null,null,null,null,"TWOGAUSSIANS",8,725.72485,0.7907257,0.007418271,0.3832207,0.057082966,0.17855757,0.017277155,0.28426886,0.0064027836,0.4,0.0,0.16194981,0.008311689
375316653866487564,1252315504627859712,0.57159007,2220.0549012903066,3.4584928947892917,8.7056305E-6,15.2997465,0.013340717,0.24495916,0.0045529646,0.10463791,0.008151189,0.24374306,0.012804313,0.7510278,0.0024828312,0.10425107,0.006452116,0.21921101,0.012294158,null,null,null,null,"TWOGAUSSIANS",8,27.212017,0.24495916,0.0045529646,0.4,0.0,0.21918023,0.0061420714,0.7510278,0.002483088,0.4,0.0,0.19464915,0.0043839873
375316653866487564,1252420679787043712,0.55851984,2190.3286908854557,1.5545785435079316,5.327467E-6,16.032465,0.0025938295,0.11334312,8.8976277E-4,0.009626469,6.590006E-4,0.2611187,0.019556794,0.6203094,0.0014381063,0.008289143,0.0020199018,0.5506646,0.19480486,null,null,null,null,"TWOGAUSSIANS",8,24.717867,0.6203094,0.0014381063,0.046419207,0.01131145,0.5506646,0.19480486,0.11334312,8.8976277E-4,0.05390822,0.0036904032,0.2611187,0.019556794
375316653866487564,1252617458008575616,0.6193303,2197.176850275604,2.327590969127656,6.6956163E-6,14.085078,0.0049923067,0.26450405,0.003032387,0.120154336,0.0070613385,0.11786743,0.0059260493,0.7591188,0.0015639643,0.07910611,0.0026447184,0.32331523,0.005755254,null,null,null,null,"TWOGAUSSIANS",8,28.659178,0.7591188,0.0015639643,0.4,0.0,0.31011713,0.005141525,0.26450405,0.003032387,0.4,0.0,0.10462771,0.0052823205
375316653866487564,1252620236851977728,0.48633635,2231.7339511103496,0.9582933654991056,9.540073E-6,19.729362,0.004058122,0.2849224,0.0070087947,0.012522168,0.004812102,0.1586005,0.1447596,0.48313695,6.610727E-4,0.012462866,0.0013905958,0.6252303,0.53608626,null,null,null,null,"TWOGAUSSIANS",8,1.0139571,0.48313695,6.610727E-4,0.06979205,0.0077873366,0.6252303,0.53608626,0.2849224,0.0070087947,0.07012414,0.02694777,0.1586005,0.1447596
375316653866487564,1252732666211212672,0.5863687,2217.6605869929076,1.3627237597939363,7.1625336E-6,12.459505,0.008863106,0.26641694,0.0025830106,0.09120937,0.0054453094,0.2639019,0.008707261,0.7798368,0.0024092847,0.09252741,0.0066504683,0.17424738,0.00813166,null,null,null,null,"TWOGAUSSIANS",8,106.67196,0.26641694,0.0025830106,0.4,0.0,0.2552986,0.007957424,0.7798368,0.0024092847,0.4,0.0,0.16564412,0.005710137
375316653866487564,1252839834235266304,0.62706643,2238.4451690398328,2.87032131978796,8.126543E-6,15.611723,0.028602239,0.26219773,0.0025025748,0.060957003,0.0069794254,0.4429209,0.052277252,0.76322407,0.0028771455,0.062127344,0.0064554764,0.45428526,0.05377035,0.06296652,0.030013299,0.26219773,0.0025025748,"TWOGAUSSIANS_WITH_ELLIPSOIDAL_ON_ECLIPSE1",9,57.686226,0.76322407,0.0028596667,0.34791315,0.036150668,0.5799839,0.01738442,0.26219773,0.0025025748,0.34135923,0.03908478,0.56862473,0.042289585
375316653866487564,1252996102325279488,0.5325018,2219.382767450555,4.266755732657024,1.6278293E-5,18.552267,0.01569943,0.28813985,0.005150336,0.09755244,0.009592717,0.27957374,0.017490882,0.7858197,0.009179416,0.09055823,0.011493473,0.27080813,0.017309828,null,null,null,null,"TWOGAUSSIANS",8,3.982976,0.28813985,0.005150336,0.4,0.0,0.26400828,0.015167463,0.7858197,0.009179416,0.4,0.0,0.25524366,0.012675432
375316653866487564,1253000637810752896,0.56680197,2215.805652973118,2.3454700835802846,2.4230068E-5,14.162667,0.038843077,0.19557855,0.012418857,0.06614938,0.018977629,0.4751433,0.074566066,0.69940734,0.0074587013,0.051384937,0.020962609,0.18551077,0.0598145,0.012969252,0.040699027,0.69940734,0.0074587013,"TWOGAUSSIANS_WITH_ELLIPSOIDAL_ON_ECLIPSE2",9,302.0333,0.19564855,0.012032942,0.37043652,0.10598946,0.5008158,0.034057368,0.69940734,0.0074587013,0.28775564,0.11739061,0.21119796,0.029125307
375316653866487564,1253011392409046912,0.6039834,2187.187041278011,0.1829507278251002,7.3774104E-6,10.500802,0.0019499126,0.0877865,0.0010510792,0.004084908,0.0031449955,0.059363406,0.07685671,0.28049108,1.1823324E-4,0.0035906036,1.8049103E-4,0.31107506,0.0010585077,null,null,null,null,"TWOGAUSSIANS",8,52.31624,0.28049108,1.1823324E-4,0.020107381,0.0010107497,0.31107506,0.0010585077,0.0877865,0.0010510792,0.022875484,0.017611975,0.059363406,0.07685671
375316653866487564,1253164254589133312,0.44329152,2261.0374086461106,2.561924524134714,6.099087E-5,19.08727,0.015150032,0.31062338,0.012166215,0.092292145,0.027933536,0.09007886,0.017910168,0.78651744,0.038248934,0.062246628,0.046184193,0.06789739,0.021639537,null,null,null,null,"TWOGAUSSIANS",8,2.8074713,0.31062338,0.012166215,0.4,0.0,0.08957732,0.014529327,0.78651744,0.038257997,0.34858114,0.15925623,0.067396,0.015648652
375316653866487564,1253243045765040640,0.51118124,2204.589931800253,1.3359556789619307,2.8617496E-5,13.886487,0.0045797788,0.7339366,0.0026213161,0.03154314,0.0026659484,0.4852709,0.04270838,null,null,null,null,null,null,null,null,null,null,"ONEGAUSSIAN",5,904.1629,0.7339366,0.0026213161,0.17664158,0.014929311,0.4852709,0.0,null,null,null,null,null,null
375316653866487564,1253257476855122304,0.5164526,2196.58142719817,3.145340690623843,1.705301E-5,16.901825,0.02844662,0.2708031,0.0036526958,0.106577426,0.014303955,0.2342936,0.023463773,0.7640533,0.0051042126,0.108660884,0.01117477,0.28195223,0.02754994,null,null,null,null,"TWOGAUSSIANS",8,20.352543,0.7640533,0.0051042126,0.4,0.0,0.249794,0.015740756,0.2708131,0.003656485,0.4,0.0,0.20214203,0.012861888
375316653866487564,1253279226569489664,0.61847585,2221.6200605511567,1.6176149705840623,2.9430907E-6,15.632755,0.015626887,0.20681472,5.9957244E-4,0.051570002,0.0034826824,0.37312868,0.026832862,0.7223655,0.019658156,0.0518846,0.034511693,0.044384826,0.027689096,0.06601325,0.017518204,0.20681472,5.9957244E-4,"TWOGAUSSIANS_WITH_ELLIPSOIDAL_ON_ECLIPSE1",9,16.3938,0.20681472,5.9957244E-4,0.288792,0.019503022,0.5051514,0.010697458,0.7223655,0.019658156,0.29055375,0.17668588,0.17515108,0.0107367495
375316653866487564,1253455315932950656,0.5512534,2221.6029955062586,0.5031862300754049,3.754302E-5,17.775782,0.0024748547,0.29133317,0.0057115722,0.023272336,0.0027981666,0.63982034,0.15938182,null,null,null,null,null,null,null,null,null,null,"ONEGAUSSIAN",5,3.6310248,0.29133317,0.0057115722,0.13032508,0.015669731,0.63982034,0.0,null,null,null,null,null,null
375316653866487564,1253553967037429632,0.46677166,2220.7661750204006,2.013932496927045,2.012385E-5,17.160738,0.0018792899,null,null,null,null,null,null,null,null,null,null,null,null,0.0409175,0.002486039,0.20929085,0.005487749,"ELLIPSOIDAL",4,5.4747133,null,null,null,null,null,null,null,null,null,null,null,null
375316653866487564,1253748404501412352,0.47479293,2219.6216119355786,3.1592496457983494,2.4910038E-5,19.970547,0.010220172,0.26525158,0.016317457,0.04241393,0.018732581,0.52751184,0.22992167,0.7775333,0.0051274104,0.049540624,0.0064711366,0.17641784,0.026492735,null,null,null,null,"TWOGAUSSIANS",8,1.6068584,0.26525158,0.016317457,0.23751801,0.10490245,0.5275117,0.22992876,0.7775333,0.0051274104,0.2774275,0.036238365,0.17641774,0.026491528
375316653866487564,1253922234713253888,0.5202446,2226.1229274623684,2.345934687016615,1.0105262E-5,15.773224,0.010002024,0.22485648,0.010225606,0.03917027,0.0070290505,0.44579166,0.100496,0.72342753,0.0128850285,0.10495948,0.02593622,0.07578633,0.011699729,null,null,null,null,"TWOGAUSSIANS",8,102.20901,0.22485648,0.010225606,0.21935351,0.039362684,0.44530565,0.10067524,0.72342753,0.0128850285,0.4,0.0,0.07529852,0.011516315
375316653866487564,1253964256673328512,0.61064076,2163.2917790757347,1.8202208235394235,9.798598E-6,15.610589,0.0120035885,0.22157747,0.0047260188,0.097739525,0.0058103655,0.3075742,0.012400943,0.72134614,0.002953548,0.1084473,0.005993862,0.25450617,0.013066152,null,null,null,null,"TWOGAUSSIANS",8,13.171655,0.22157747,0.0047260188,0.4,0.0,0.27834135,0.0053737396,0.72134614,0.002953548,0.4,0.0,0.22526227,0.0059379307
375316653866487564,1254052732999579264,0.50292695,2258.773003586413,0.0471751944146218,8.039879E-5,16.643925,0.015219918,0.23237053,0.064375855,0.075344466,0.06421798,0.07215767,1.0922734,0.6463565,0.13184223,0.017257597,0.03901679,0.4462031,79.3974,null,null,null,null,"TWOGAUSSIANS",8,58.888752,0.6463565,0.13184223,0.09664255,0.21849404,0.4462031,79.3974,0.23237053,0.064375855,0.4,0.31927994,0.07215767,1.0922734
375316653866487564,1254126125400729472,0.46160516,2193.956323182214,3.2685926562584164,2.2920327E-5,19.108341,0.0071319994,0.33419043,0.019405732,0.09157715,0.035672273,0.049236562,0.024461282,0.65499675,7.8361656E-4,0.0055359965,3.5940533E-4,0.9058821,0.1515463,null,null,null,null,"TWOGAUSSIANS",8,1.5477,0.65499675,7.8361656E-4,0.03100158,0.0020126698,0.9059886,0.15144444,0.33419043,0.019405732,0.4,0.0,0.04923653,0.024462452
375316653866487564,1254157152244515840,0.5649421,2239.460534377266,2.822386472759829,7.5743897E-6,13.022284,0.017873093,0.2370589,0.01655133,0.048299894,0.020885732,0.09200428,0.040171046,0.7222059,0.0024834662,0.0575175,0.024186017,0.09957808,0.035691015,0.092684425,0.022391977,0.7222059,0.0024834662,"TWOGAUSSIANS_WITH_ELLIPSOIDAL_ON_ECLIPSE2",9,136.45757,0.7222059,0.0024834662,0.322098,0.12478221,0.28493848,0.027894218,0.2330389,0.0140403025,0.2704794,0.1169601,0.2761891,0.012975182
375316653866487564,1254159690569383808,0.53521216,2179.221409700284,3.327665299105207,1.6614706E-5,19.803299,0.014037076,0.22988625,0.009428254,0.07098504,0.012059231,0.396511,0.024003634,0.73297876,0.014632934,0.082936056,0.01291414,0.41459277,0.06430044,null,null,null,null,"TWOGAUSSIANS",8,1.5647897,0.73297876,0.014632934,0.4,0.0,0.41071546,0.065372355,0.22988625,0.009428254,0.39751625,0.018956006,0.39263368,0.025631994
375316653866487564,1254510954470475264,0.41683975,2231.190097910969,0.04603344477618444,5.4296695E-5,13.399038,0.0043414533,0.46249938,0.0030433107,0.03282055,0.0052876407,0.046189245,0.012158109,0.8477281,0.009319545,0.081310004,0.01664171,0.051817518,0.003111015,null,null,null,null,"TWOGAUSSIANS",8,255.25638,0.8477281,0.009319545,0.4,0.0,0.05181747,0.0031109988,0.46249938,0.0030432092,0.18379508,0.029610788,0.046189893,0.012158641
375316653866487564,1254513600170310016,0.6473258,2192.301731518745,2.9554598109853303,4.559665E-6,14.9114895,0.027483938,0.25534457,0.0033282244,0.04645584,0.010281545,0.3233577,0.05344874,0.7487225,0.002053827,0.055091348,0.005249075,0.3834889,0.05949241,0.119957596,0.033610724,0.25534457,0.0033282244,"TWOGAUSSIANS_WITH_ELLIPSOIDAL_ON_ECLIPSE1",9,68.90207,0.7495825,0.0015498524,0.30851156,0.02939482,0.6230341,0.012415187,0.25534457,0.0033282244,0.2601527,0.057576653,0.56326395,0.015188519
375316653866487564,1254597467996041984,0.452012,2231.3079046903413,2.235434405047676,3.0995623E-5,19.401764,0.010443895,0.13813445,0.014973526,0.0299494,0.012062102,0.7295875,0.2567618,0.8492191,0.01762611,0.014040872,0.017744675,0.3176465,954.65674,null,null,null,null,"TWOGAUSSIANS",8,14.940773,0.13813445,0.014973526,0.16771664,0.06754777,0.7295875,0.2567618,0.8492191,0.01762611,0.07862889,0.09937019,0.3176465,954.65674
