Gaia/vari_eclipsing_binary/VariEclipsingBinary_514385-514511.csv
# %ECSV 1.0
# ---
# delimiter: ','
# meta: !!omap
# - RELEASE: Gaia DR3
# - TABLE: vari_eclipsing_binary
# - DESCRIPTION: >
#     This table describes the properties of the eclipsing binaries resulting from the variability analysis. 
# - CITATION: >
#     How to cite and acknowledge Gaia: 
#     https://gea.esac.esa.int/archive/documentation/credits.html 
# - KNOWN_ISSUES: >
#     Known issues: 
#     https://www.cosmos.esa.int/web/gaia-users/known-issues 
# - DOCUMENTATION: >
#     Tutorials and documentation: 
#     https://www.cosmos.esa.int/web/gaia-users/archive 
# datatype:
# - 
#   name: solution_id
#   datatype: int64
#   description: Solution Identifier
#   meta:
#     ucd: meta.version
# - 
#   name: source_id
#   datatype: int64
#   description: Unique source identifier
#   meta:
#     ucd: meta.id;meta.main
# - 
#   name: global_ranking
#   datatype: float32
#   description: Number between 0 (worst) and 1 (best)
#   meta:
#     ucd: stat.param
# - 
#   name: reference_time
#   datatype: float64
#   unit: d
#   description: Reference time used for the geometric model fit
#   meta:
#     ucd: time.epoch
# - 
#   name: frequency
#   datatype: float64
#   unit: d**-1
#   description: Frequency of geometric model of the eclipsing binary light curve
#   meta:
#     ucd: src.orbital
# - 
#   name: frequency_error
#   datatype: float32
#   unit: d**-1
#   description: "Uncertainty of \\texttt{frequency}"
#   meta:
#     ucd: stat.error
# - 
#   name: geom_model_reference_level
#   datatype: float32
#   unit: mag
#   description: Magnitude reference level of geometric model
#   meta:
#     ucd: phot.mag;em.opt
# - 
#   name: geom_model_reference_level_error
#   datatype: float32
#   unit: mag
#   description: "Uncertainty of \\texttt{geomModelReferenceLevel}"
#   meta:
#     ucd: stat.error;phot.mag;em.opt
# - 
#   name: geom_model_gaussian1_phase
#   datatype: float32
#   description: Phase of the Gaussian 1 component
#   meta:
#     ucd: time.phase
# - 
#   name: geom_model_gaussian1_phase_error
#   datatype: float32
#   description: "Uncertainty of \\texttt{geomModelGaussian1Phase}"
#   meta:
#     ucd: stat.error;time.phase
# - 
#   name: geom_model_gaussian1_sigma
#   datatype: float32
#   description: "Standard deviation [phase] of Gaussian 1 component"
#   meta:
#     ucd: stat.stdev
# - 
#   name: geom_model_gaussian1_sigma_error
#   datatype: float32
#   description: "Uncertainty of \\texttt{geomModelGaussian1Sigma}"
#   meta:
#     ucd: stat.error
# - 
#   name: geom_model_gaussian1_depth
#   datatype: float32
#   unit: mag
#   description: Magnitude depth of Gaussian 1 component
#   meta:
#     ucd: src.var.amplitude
# - 
#   name: geom_model_gaussian1_depth_error
#   datatype: float32
#   unit: mag
#   description: "Uncertainty of \\texttt{geomModelGaussian1Depth}"
#   meta:
#     ucd: stat.error;src.var.amplitude
# - 
#   name: geom_model_gaussian2_phase
#   datatype: float32
#   description: Phase of Gaussian 2 component
#   meta:
#     ucd: time.phase
# - 
#   name: geom_model_gaussian2_phase_error
#   datatype: float32
#   description: "Uncertainty of \\texttt{geomModelGaussian2Phase}"
#   meta:
#     ucd: stat.error;time.phase
# - 
#   name: geom_model_gaussian2_sigma
#   datatype: float32
[...]
#   datatype: float32
#   description: "Secondary eclipse: uncertainty of \\texttt{derivedSecondaryEclDuration}"
#   meta:
#     ucd: stat.error;time.duration
# - 
#   name: derived_secondary_ecl_depth
#   datatype: float32
#   unit: mag
#   description: "Secondary eclipse: depth"
#   meta:
#     ucd: src.var.amplitude
# - 
#   name: derived_secondary_ecl_depth_error
#   datatype: float32
#   unit: mag
#   description: "Secondary eclipse: uncertainty of \\texttt{derivedSecondaryEclDepth}"
#   meta:
#     ucd: stat.error;src.var.amplitude
solution_id,source_id,global_ranking,reference_time,frequency,frequency_error,geom_model_reference_level,geom_model_reference_level_error,geom_model_gaussian1_phase,geom_model_gaussian1_phase_error,geom_model_gaussian1_sigma,geom_model_gaussian1_sigma_error,geom_model_gaussian1_depth,geom_model_gaussian1_depth_error,geom_model_gaussian2_phase,geom_model_gaussian2_phase_error,geom_model_gaussian2_sigma,geom_model_gaussian2_sigma_error,geom_model_gaussian2_depth,geom_model_gaussian2_depth_error,geom_model_cosine_half_period_amplitude,geom_model_cosine_half_period_amplitude_error,geom_model_cosine_half_period_phase,geom_model_cosine_half_period_phase_error,model_type,num_model_parameters,reduced_chi2,derived_primary_ecl_phase,derived_primary_ecl_phase_error,derived_primary_ecl_duration,derived_primary_ecl_duration_error,derived_primary_ecl_depth,derived_primary_ecl_depth_error,derived_secondary_ecl_phase,derived_secondary_ecl_phase_error,derived_secondary_ecl_duration,derived_secondary_ecl_duration_error,derived_secondary_ecl_depth,derived_secondary_ecl_depth_error
[from data line 106]
375316653866487564,4524742239545519488,0.4602133,2275.105299373107,1.1212908390899754,1.9702205E-5,17.997662,0.35206676,0.21573532,0.0047679357,0.1289912,0.028809581,0.35623986,0.17028445,0.72194356,0.0065693,0.253496,0.1366489,0.37476534,0.34961984,null,null,null,null,"TWOGAUSSIANS",8,8.915969,0.21393532,0.0042129843,0.4,0.0,0.17913193,0.010862987,0.72232354,0.006916495,0.4,0.0,0.09109627,0.011683755
375316653866487564,4524746401377883776,0.50294036,2160.1790156007078,1.767575212489776,5.613707E-6,19.315546,0.0054803016,0.2490531,0.0029599168,0.023442075,0.0031500321,0.23032811,0.038934994,0.75040406,0.0015851379,0.024950908,0.001936263,0.6633361,0.061030958,0.02345288,0.0077935928,0.2490531,0.0029599168,"TWOGAUSSIANS_WITH_ELLIPSOIDAL_ON_ECLIPSE1",9,4.7619925,0.75040406,0.0015851379,0.13972509,0.010843073,0.7102385,0.06631415,0.2490531,0.0029599168,0.13127561,0.01764018,0.27723387,0.037757043
375316653866487564,4524747535249332736,0.4671335,2140.9133473750426,1.6450075347542152,8.272807E-6,19.322393,0.0075704525,0.13309671,0.0013972142,0.0264117,0.0016812471,0.45609763,0.04572429,0.63083357,0.010709032,0.03161308,0.020682683,0.46641624,0.2807517,null,null,null,null,"TWOGAUSSIANS",8,4.996852,0.63083357,0.010709032,0.17703326,0.11582303,0.46641624,0.2807517,0.13309671,0.0013972142,0.14790551,0.009414984,0.45609763,0.04572429
375316653866487564,4524751246101223168,0.52052087,2206.60638125163,3.035274384441196,5.390232E-6,16.345888,0.0100826025,0.24573678,0.003186548,0.06843184,0.0040905415,0.25840294,0.012687899,0.7297493,0.0028918264,0.07505494,0.0042614513,0.53777534,0.019642184,null,null,null,null,"TWOGAUSSIANS",8,135.81168,0.7297493,0.0028918264,0.4,0.0,0.5366018,0.019779574,0.24573678,0.003186548,0.3832183,0.022907034,0.25722936,0.0123842005
375316653866487564,4524755884665731072,0.60782427,2143.219065472692,3.8969876937686134,3.981452E-6,18.160057,0.013619258,0.25645658,0.0022773189,0.056506436,0.0044997125,0.4032703,0.03487392,0.74845576,0.0020712414,0.05193057,0.0042585507,0.41817772,0.028851349,0.10146434,0.016178789,0.25645658,0.0022773189,"TWOGAUSSIANS_WITH_ELLIPSOIDAL_ON_ECLIPSE1",9,6.106035,0.74920577,0.00183664,0.29081118,0.023847884,0.6206165,0.02890131,0.25645658,0.0022773189,0.31643605,0.02519839,0.6061736,0.027414795
375316653866487564,4524756915457877760,0.5064967,2147.9074967318725,0.6343050963803614,5.4996513E-6,14.9571495,4.6374416E-4,0.8440779,6.730358E-4,0.014009591,7.472419E-4,0.17503466,0.0055939285,null,null,null,null,null,null,null,null,null,null,"ONEGAUSSIAN",5,14.475889,0.8440779,6.730358E-4,0.07845371,0.004184555,0.17503466,0.0,null,null,null,null,null,null
375316653866487564,4524759492438373888,0.589197,2154.5563601258364,2.8894219343156355,3.829927E-6,16.109045,0.0049919826,0.24962983,0.0016282541,0.08581437,0.002531939,0.29628596,0.006975795,0.73872596,0.0015869924,0.08631601,0.0022089144,0.31592253,0.0071031074,null,null,null,null,"TWOGAUSSIANS",8,23.386562,0.73872596,0.0015869924,0.4,0.0,0.30844632,0.006631735,0.24962983,0.0016282541,0.4,0.0,0.28880978,0.006784447
375316653866487564,4524759629877348224,0.571935,2163.4917146567145,0.1718940084462134,1.0446582E-6,11.690265,8.522412E-4,0.19394128,7.743188E-4,0.010675361,8.0438005E-4,0.5317534,0.10624298,0.6944604,4.7939483E-4,0.01132077,2.826665E-4,0.46850514,0.016955372,null,null,null,null,"TWOGAUSSIANS",8,39.33117,0.19394128,7.743188E-4,0.059782024,0.0045045284,0.5317534,0.10624298,0.6944604,4.7939483E-4,0.06339631,0.0015829324,0.46850514,0.016955372
375316653866487564,4524759969165771264,0.4462675,2156.0936675869325,1.6318380116122655,4.980349E-6,19.0357,0.0035662511,0.27840123,0.0011037003,0.014715453,0.0011562057,0.18376668,0.011032434,0.77841276,0.0024001852,0.019722782,0.003837192,0.2803601,0.03796459,null,null,null,null,"TWOGAUSSIANS",8,4.5755606,0.77841276,0.0024001852,0.11044758,0.021488275,0.2803601,0.03796459,0.27840123,0.0011037003,0.082406536,0.0064747515,0.18376668,0.011032434
375316653866487564,4524761206116451968,0.5565986,2160.478512204965,2.6723922842937973,2.8705413E-6,18.531843,0.00802121,0.26157603,0.0015174581,0.03876657,0.00434757,0.18135911,0.022876486,0.7582179,0.0017700712,0.058706515,0.0032395758,0.3665315,0.025936222,0.09748246,0.008877988,0.26157603,0.0015174581,"TWOGAUSSIANS_WITH_ELLIPSOIDAL_ON_ECLIPSE1",9,3.534879,0.7586379,0.0014962056,0.32875648,0.018141624,0.56138706,0.026367543,0.26157603,0.0015174581,0.21709278,0.02434639,0.3762905,0.022036929
375316653866487564,4524764440240913664,0.5840929,2211.2772098459823,3.7318880809001205,2.5963345E-6,15.079206,0.01321777,0.16926146,0.0021958132,0.05934796,0.0027113545,0.44591567,0.029791864,0.6756138,0.0010864305,0.056382146,0.0033852165,0.34145883,0.026974015,0.09184956,0.015163896,0.6756138,0.0010864305,"TWOGAUSSIANS_WITH_ELLIPSOIDAL_ON_ECLIPSE2",9,184.37321,0.16991146,0.0019251326,0.3323486,0.015183585,0.6292938,0.013294704,0.6756138,0.0010864305,0.31574002,0.01895721,0.52509946,0.009984492
375316653866487564,4524767017221282304,0.5485193,2196.2473183405723,3.648300083653,6.7516057E-6,18.478159,0.017957216,0.22569017,0.00237516,0.05079689,0.0068306266,0.19262123,0.039659582,0.7178889,0.0042823325,0.06374782,0.009078952,0.25655186,0.035171364,0.08787955,0.021851322,0.22569017,0.00237516,"TWOGAUSSIANS_WITH_ELLIPSOIDAL_ON_ECLIPSE1",9,7.0918455,0.7192889,0.0034301,0.3569878,0.05084213,0.43189248,0.018421357,0.22569017,0.00237516,0.28446257,0.038251508,0.3683079,0.011286388
375316653866487564,4524767635696655104,0.59783894,2212.516227973352,3.54363802645044,3.0326785E-6,14.735704,0.00829283,0.24577118,0.001893883,0.054967795,0.002217932,0.4784441,0.02172053,0.74778366,0.0010334338,0.048089694,0.0021818702,0.41291448,0.019360023,0.11159329,0.010647678,0.74778366,0.0010334338,"TWOGAUSSIANS_WITH_ELLIPSOIDAL_ON_ECLIPSE2",9,262.2385,0.24597117,0.0016887458,0.30781963,0.012420419,0.7015839,0.015186185,0.74778366,0.0010334338,0.2693023,0.012218473,0.63608646,0.01171354
375316653866487564,4524768666488881024,0.6057765,2207.1174026500776,2.997710665567461,2.5389807E-6,14.111585,0.0068235127,0.2582056,8.372273E-4,0.060813997,0.0023270305,0.2514555,0.015439569,0.756852,8.0456736E-4,0.055319007,0.0026520197,0.20431404,0.014586633,0.0732394,0.008486823,0.2582056,8.372273E-4,"TWOGAUSSIANS_WITH_ELLIPSOIDAL_ON_ECLIPSE1",9,122.90917,0.2582056,8.372273E-4,0.34055838,0.013031371,0.39787415,0.00712097,0.757052,6.366501E-4,0.30978644,0.014851311,0.35072368,0.0057880734
375316653866487564,4524774950012020992,0.5307127,2212.3218669860457,2.2733416520612324,4.232243E-6,18.670319,0.007162559,0.25797725,0.0036698703,0.031180412,0.0040077292,0.23445597,0.0245372,0.7614769,0.00153974,0.04246475,0.0018483087,0.5618552,0.021115813,0.034487795,0.013539459,0.25797725,0.0036698703,"TWOGAUSSIANS_WITH_ELLIPSOIDAL_ON_ECLIPSE1",9,8.236722,0.7614769,0.00153974,0.2378026,0.010350529,0.6307974,0.016011715,0.25797725,0.0036698703,0.1746103,0.022443283,0.30343154,0.020523801
375316653866487564,4524775160479297152,0.58518237,2187.825878719277,2.713974470820273,3.396694E-6,16.270311,0.01326929,0.25769076,0.0017510786,0.056588028,0.0037808884,0.40863636,0.026066333,0.7668204,0.0010385046,0.05084241,0.003796821,0.31239834,0.024972165,0.0867525,0.014538095,0.7668204,0.0010385046,"TWOGAUSSIANS_WITH_ELLIPSOIDAL_ON_ECLIPSE2",9,52.798653,0.25857076,0.0015741551,0.31689295,0.021172974,0.58161217,0.017825386,0.7668204,0.0010385046,0.2847175,0.021262199,0.4858893,0.011409468
375316653866487564,4524780039562385408,0.5268248,2251.3086746216827,3.4558903843953943,5.196831E-6,17.552513,0.012283292,0.24233404,0.0028877244,0.09752862,0.009707956,0.20878828,0.009578093,0.75078416,0.0019459751,0.10104476,0.0054759244,0.23718172,0.011511582,null,null,null,null,"TWOGAUSSIANS",8,6.1194015,0.75078416,0.0019459751,0.4,0.0,0.22038992,0.0057210336,0.24233404,0.0028877244,0.4,0.0,0.19199806,0.0116956355
375316653866487564,4524789144893909760,0.6580428,2256.3212097783726,0.4953430957980254,2.4666917E-6,14.79075,0.0010831496,0.20716524,0.001682311,0.03211971,0.0017573985,0.055499315,0.0025380866,0.70657444,9.168885E-4,0.034034636,8.691245E-4,0.40864745,0.003318573,0.0159174,0.0014827567,0.20716524,0.001682311,"TWOGAUSSIANS_WITH_ELLIPSOIDAL_ON_ECLIPSE1",9,15.965147,0.70657444,9.099354E-4,0.19059396,0.004867097,0.44048175,0.0025270188,0.20716524,0.001682311,0.17987038,0.009841432,0.08733406,0.0014838772
375316653866487564,4524792065471396096,0.52443534,2258.8336446246994,3.3090862358602062,5.0755198E-6,17.46028,0.034954317,0.2389418,0.0027455601,0.12448657,0.011841952,0.21487874,0.032187603,0.7133043,0.003055768,0.13575704,0.011512058,0.26787224,0.03267999,null,null,null,null,"TWOGAUSSIANS",8,5.677455,0.7133043,0.003055768,0.4,0.0,0.20545134,0.005378472,0.2397718,0.0023370532,0.4,0.0,0.15302926,0.0057360907
375316653866487564,4524794157110511104,0.50590205,2268.2621029735033,1.1989208423009534,9.5437545E-6,18.990742,0.00250611,0.24102975,0.022535011,0.029674819,0.01824067,0.07239928,0.034300365,0.7074113,0.0023633747,0.044609677,0.001992767,0.23482865,0.0053413827,null,null,null,null,"TWOGAUSSIANS",8,1.4785147,0.7074113,0.0023633747,0.2498142,0.011159495,0.23482865,0.0053413804,0.24102975,0.022535011,0.16617899,0.10214775,0.07239928,0.0343004
375316653866487564,4524794470653131392,0.64489764,2263.0385219397162,3.03581294610304,1.5766509E-6,17.415337,0.00516688,0.2266248,7.005474E-4,0.045027208,0.0015913154,0.2615807,0.012152109,0.7251984,8.683962E-4,0.04993904,0.0016673912,0.38581687,0.011787666,0.11395303,0.0069520273,0.2266248,7.005474E-4,"TWOGAUSSIANS_WITH_ELLIPSOIDAL_ON_ECLIPSE1",9,5.524537,0.7253484,7.7240437E-4,0.27965862,0.00933739,0.6137047,0.006916007,0.2266248,7.005474E-4,0.25215235,0.008911366,0.48948494,0.0042748083
375316653866487564,4524795359697916672,0.54892546,2245.928776867611,2.4524621912890567,3.6401382E-6,18.754784,0.0043968204,0.21290883,0.002288186,0.029703505,0.002420606,0.6875266,0.048254535,0.7159236,9.339271E-4,0.03379797,0.0015674575,0.58125883,0.031630665,null,null,null,null,"TWOGAUSSIANS",8,7.410436,0.21290883,0.002288186,0.16633962,0.0135553945,0.6875266,0.048254535,0.7159236,9.339271E-4,0.18926862,0.008777762,0.58125883,0.031630665
375316653866487564,4524800140001295744,0.48185912,2257.3480429307947,0.04034348721281641,1.9189276E-6,19.003426,0.0019340143,0.21557418,0.034059554,0.096636936,0.027262123,0.036498908,0.025984148,0.74456704,5.386263E-4,0.0010637068,1.4069518E-4,0.88647187,0.47908995,null,null,null,null,"TWOGAUSSIANS",8,1.4514526,0.74456704,5.386263E-4,0.0059567583,7.87893E-4,0.88647205,0.47908995,0.21557418,0.034059554,0.4,0.0,0.036498796,0.025984338
375316653866487564,4524800208729321728,0.6146087,2213.9487630637286,0.7607693273994524,4.2899037E-6,14.578374,0.0024578148,0.26418635,0.001069059,0.042050082,0.0011039728,0.35190776,0.013014648,0.76324695,0.006156576,0.045682065,0.004245423,0.07431366,0.006157235,0.012709137,0.0032819747,0.26418635,0.001069059,"TWOGAUSSIANS_WITH_ELLIPSOIDAL_ON_ECLIPSE1",9,34.934223,0.26418635,0.001069059,0.23548046,0.006182248,0.37732598,0.0129024815,0.76329696,0.0058765174,0.25581956,0.023774367,0.09973104,0.0026922717
375316653866487564,4524800414887721728,0.61731225,2252.5847587593644,2.1664766784457203,2.9067307E-6,13.707549,0.003926367,0.26369512,0.002394391,0.051359344,0.0031212328,0.13476191,0.008684196,0.7714547,0.0012363034,0.047259614,0.0027212477,0.11905887,0.007856869,0.10174469,0.0040606526,0.7714547,0.0012363034,"TWOGAUSSIANS_WITH_ELLIPSOIDAL_ON_ECLIPSE2",9,149.87234,0.2655551,0.0017543937,0.28761232,0.017478904,0.33788288,0.005839583,0.7714547,0.0012363034,0.26465383,0.015238987,0.32254767,0.0045783175
375316653866487564,4524800655398574592,0.45603296,2278.21096455531,3.0983679659756356,1.0448813E-5,14.420903,0.010444833,0.2122948,0.0017186392,0.03852814,0.008210757,0.3272769,0.0219337,0.7076518,0.002129647,0.047648508,0.00388969,0.456756,0.030516172,0.11517129,0.012172995,0.2122948,0.0017186392,"TWOGAUSSIANS_WITH_ELLIPSOIDAL_ON_ECLIPSE1",9,1166.366,0.7080318,0.0019544167,0.26683167,0.021782264,0.6869178,0.029530343,0.2122948,0.0017186392,0.21575758,0.04598024,0.5576184,0.02419538
375316653866487564,4524800792845233280,0.50291675,2244.3733006953325,2.4805512195241888,1.0445624E-5,16.949427,0.009298145,0.2131591,0.003494636,0.08506157,0.0060724653,0.23822413,0.012176913,0.70980006,0.0040232963,0.084801905,0.006253707,0.2698956,0.010739263,null,null,null,null,"TWOGAUSSIANS",8,29.680637,0.70980006,0.0040232963,0.4,0.0,0.26361284,0.009927946,0.2131591,0.003494636,0.4,0.0,0.23194136,0.011721831
375316653866487564,4524802373393360512,0.54612964,2254.5724318451257,0.12385083859735961,5.9388135E-6,15.407478,0.0010494031,0.1971917,0.0019610927,0.04312446,0.011833015,0.025782032,0.003334873,0.69076794,0.0123824505,0.012047316,0.006252393,0.11074128,0.07545264,0.050282236,0.001935236,0.1971917,0.0019610927,"TWOGAUSSIANS_WITH_ELLIPSOIDAL_ON_ECLIPSE1",9,19.626032,0.690838,0.012318319,0.06746497,0.0350134,0.21114345,0.07481873,0.1971917,0.0019610927,0.24149698,0.06626488,0.12634626,0.003838313
375316653866487564,4524803228081511168,0.518696,2238.94838037039,3.307226538640136,5.7058273E-6,18.467016,0.039247423,0.2633274,0.0018962153,0.107813545,0.013208259,0.3354168,0.02958745,0.74373037,0.0026660836,0.11155547,0.014316454,0.26416844,0.035808027,null,null,null,null,"TWOGAUSSIANS",8,3.232134,0.26335737,0.0019014446,0.4,0.0,0.29957983,0.011480527,0.74373037,0.0026660836,0.4,0.0,0.22832093,0.009712262
375316653866487564,4524806221683574272,0.517056,2217.456487048586,0.4212538813767555,6.5922914E-6,15.731628,0.0010596539,0.07828806,0.0043475074,0.009127575,0.0034783923,0.06489899,0.0040855794,0.57881725,4.5942294E-4,0.010899266,4.3919627E-4,0.31737253,0.026869113,0.0020709713,0.0017354426,0.07828806,0.0043475074,"TWOGAUSSIANS_WITH_ELLIPSOIDAL_ON_ECLIPSE1",9,18.839437,0.57881725,4.5942294E-4,0.06103589,0.002459499,0.32151443,0.027163938,0.07828806,0.0043475074,0.05111442,0.019478995,0.06904093,0.0041532847
375316653866487564,4524809279692286720,0.5141212,2209.1812862284605,3.317949678922386,1.0628886E-5,19.527964,0.011560995,0.26864186,0.0038823478,0.08372146,0.0046443813,0.4334453,0.016477969,0.7688265,0.0062029343,0.08093116,0.0075083026,0.48244724,0.020162975,null,null,null,null,"TWOGAUSSIANS",8,3.2875419,0.7688265,0.0062029343,0.4,0.0,0.4733951,0.020719815,0.26864186,0.0038823478,0.4,0.0,0.42439315,0.0153670935
375316653866487564,4524815769383826560,0.5385752,2153.474613502324,2.517526887573647,9.795937E-6,18.441319,0.010519318,0.26568332,0.004489903,0.04008857,0.014558824,0.078548834,0.031057496,0.7610418,0.003270199,0.03697527,0.0046336716,0.48321447,0.02595924,0.04440603,0.015501044,0.26568332,0.004489903,"TWOGAUSSIANS_WITH_ELLIPSOIDAL_ON_ECLIPSE1",9,11.422809,0.7611318,0.0032037923,0.2070615,0.025948562,0.5719524,0.014730289,0.26568332,0.004489903,0.224496,0.081529416,0.1673608,0.02835792
375316653866487564,4524816804483652608,0.5417154,2225.167534529171,2.0541961880967654,5.062416E-6,18.650251,0.0069561815,0.29435018,0.0017503032,0.09478568,0.0032854292,0.31261742,0.007626731,0.7968214,0.003608428,0.09511001,0.005346628,0.2059342,0.008182794,null,null,null,null,"TWOGAUSSIANS",8,2.1760101,0.29435018,0.0017503032,0.4,0.0,0.29736653,0.006464826,0.7968214,0.003608428,0.4,0.0,0.19068344,0.0067326566
375316653866487564,4524818144513430400,0.46841905,2213.212776994189,0.961349217567837,1.0720636E-5,14.390006,0.0012031012,0.19813265,0.0022202472,0.006482468,0.0053639705,0.022951428,0.01149578,0.7082022,0.0028469034,0.026949268,0.0034855637,0.065770194,0.0051306677,0.014530104,0.0018434172,0.7082022,0.0028469034,"TWOGAUSSIANS_WITH_ELLIPSOIDAL_ON_ECLIPSE2",9,56.135006,0.7082022,0.0028469034,0.15091589,0.019519158,0.094830334,0.0053042164,0.19817266,0.0022733603,0.03630182,0.030038236,0.05189588,0.012573748
