Gaia/vari_eclipsing_binary/VariEclipsingBinary_490579-490601.csv
# %ECSV 1.0
# ---
# delimiter: ','
# meta: !!omap
# - RELEASE: Gaia DR3
# - TABLE: vari_eclipsing_binary
# - DESCRIPTION: >
#     This table describes the properties of the eclipsing binaries resulting from the variability analysis. 
# - CITATION: >
#     How to cite and acknowledge Gaia: 
#     https://gea.esac.esa.int/archive/documentation/credits.html 
# - KNOWN_ISSUES: >
#     Known issues: 
#     https://www.cosmos.esa.int/web/gaia-users/known-issues 
# - DOCUMENTATION: >
#     Tutorials and documentation: 
#     https://www.cosmos.esa.int/web/gaia-users/archive 
# datatype:
# - 
#   name: solution_id
#   datatype: int64
#   description: Solution Identifier
#   meta:
#     ucd: meta.version
# - 
#   name: source_id
#   datatype: int64
#   description: Unique source identifier
#   meta:
#     ucd: meta.id;meta.main
# - 
#   name: global_ranking
#   datatype: float32
#   description: Number between 0 (worst) and 1 (best)
#   meta:
#     ucd: stat.param
# - 
#   name: reference_time
#   datatype: float64
#   unit: d
#   description: Reference time used for the geometric model fit
#   meta:
#     ucd: time.epoch
# - 
#   name: frequency
#   datatype: float64
#   unit: d**-1
#   description: Frequency of geometric model of the eclipsing binary light curve
#   meta:
#     ucd: src.orbital
# - 
#   name: frequency_error
#   datatype: float32
#   unit: d**-1
#   description: "Uncertainty of \\texttt{frequency}"
#   meta:
#     ucd: stat.error
# - 
#   name: geom_model_reference_level
#   datatype: float32
#   unit: mag
#   description: Magnitude reference level of geometric model
#   meta:
#     ucd: phot.mag;em.opt
# - 
#   name: geom_model_reference_level_error
#   datatype: float32
#   unit: mag
#   description: "Uncertainty of \\texttt{geomModelReferenceLevel}"
#   meta:
#     ucd: stat.error;phot.mag;em.opt
# - 
#   name: geom_model_gaussian1_phase
#   datatype: float32
#   description: Phase of the Gaussian 1 component
#   meta:
#     ucd: time.phase
# - 
#   name: geom_model_gaussian1_phase_error
#   datatype: float32
#   description: "Uncertainty of \\texttt{geomModelGaussian1Phase}"
#   meta:
#     ucd: stat.error;time.phase
# - 
#   name: geom_model_gaussian1_sigma
#   datatype: float32
#   description: "Standard deviation [phase] of Gaussian 1 component"
#   meta:
#     ucd: stat.stdev
# - 
#   name: geom_model_gaussian1_sigma_error
#   datatype: float32
#   description: "Uncertainty of \\texttt{geomModelGaussian1Sigma}"
#   meta:
#     ucd: stat.error
# - 
#   name: geom_model_gaussian1_depth
#   datatype: float32
#   unit: mag
#   description: Magnitude depth of Gaussian 1 component
#   meta:
#     ucd: src.var.amplitude
# - 
#   name: geom_model_gaussian1_depth_error
#   datatype: float32
#   unit: mag
#   description: "Uncertainty of \\texttt{geomModelGaussian1Depth}"
#   meta:
#     ucd: stat.error;src.var.amplitude
# - 
#   name: geom_model_gaussian2_phase
#   datatype: float32
#   description: Phase of Gaussian 2 component
#   meta:
#     ucd: time.phase
# - 
#   name: geom_model_gaussian2_phase_error
#   datatype: float32
#   description: "Uncertainty of \\texttt{geomModelGaussian2Phase}"
#   meta:
#     ucd: stat.error;time.phase
# - 
#   name: geom_model_gaussian2_sigma
#   datatype: float32
[...]
#   datatype: float32
#   description: "Secondary eclipse: uncertainty of \\texttt{derivedSecondaryEclDuration}"
#   meta:
#     ucd: stat.error;time.duration
# - 
#   name: derived_secondary_ecl_depth
#   datatype: float32
#   unit: mag
#   description: "Secondary eclipse: depth"
#   meta:
#     ucd: src.var.amplitude
# - 
#   name: derived_secondary_ecl_depth_error
#   datatype: float32
#   unit: mag
#   description: "Secondary eclipse: uncertainty of \\texttt{derivedSecondaryEclDepth}"
#   meta:
#     ucd: stat.error;src.var.amplitude
solution_id,source_id,global_ranking,reference_time,frequency,frequency_error,geom_model_reference_level,geom_model_reference_level_error,geom_model_gaussian1_phase,geom_model_gaussian1_phase_error,geom_model_gaussian1_sigma,geom_model_gaussian1_sigma_error,geom_model_gaussian1_depth,geom_model_gaussian1_depth_error,geom_model_gaussian2_phase,geom_model_gaussian2_phase_error,geom_model_gaussian2_sigma,geom_model_gaussian2_sigma_error,geom_model_gaussian2_depth,geom_model_gaussian2_depth_error,geom_model_cosine_half_period_amplitude,geom_model_cosine_half_period_amplitude_error,geom_model_cosine_half_period_phase,geom_model_cosine_half_period_phase_error,model_type,num_model_parameters,reduced_chi2,derived_primary_ecl_phase,derived_primary_ecl_phase_error,derived_primary_ecl_duration,derived_primary_ecl_duration_error,derived_primary_ecl_depth,derived_primary_ecl_depth_error,derived_secondary_ecl_phase,derived_secondary_ecl_phase_error,derived_secondary_ecl_duration,derived_secondary_ecl_duration_error,derived_secondary_ecl_depth,derived_secondary_ecl_depth_error
[from data line 409]
375316653866487564,4315299160132068864,0.5172833,2130.9922917849926,3.5650597291291644,2.9208299E-5,19.43712,0.011689376,0.23021004,0.0050278255,0.07566132,0.005334232,0.35864365,0.023275612,0.7077765,0.008292857,0.08067925,0.009142761,0.31154332,0.0150758475,null,null,null,null,"TWOGAUSSIANS",8,2.7029133,0.23021004,0.0050278255,0.4,0.0,0.35613796,0.022949457,0.7077765,0.008292857,0.4,0.0,0.30903763,0.0150884325
375316653866487564,4315299465056453248,0.64471126,2140.9286958056528,3.6837565653338884,5.000135E-6,18.616705,0.008795484,0.27754328,9.523253E-4,0.05011923,0.001971752,0.4367677,0.021135092,0.7814691,0.003627022,0.044906758,0.0039047115,0.3890461,0.027116086,0.11883737,0.012441214,0.27754328,9.523253E-4,"TWOGAUSSIANS_WITH_ELLIPSOIDAL_ON_ECLIPSE1",9,1.764176,0.27754328,9.523253E-4,0.2806677,0.011041811,0.6744407,0.008178248,0.7814691,0.003627022,0.25147784,0.021866385,0.62657446,0.021837508
375316653866487564,4315299602487118848,0.52919954,2102.7511949750815,1.9117318904633505,2.3258184E-5,18.41283,0.00844944,0.2093637,3.5988045E-4,0.019263426,6.830425E-4,0.64750576,0.0077742995,0.60295945,0.088617966,0.09309108,0.085687436,0.03401465,0.0392768,null,null,null,null,"TWOGAUSSIANS",8,7.571494,0.2093637,3.5988045E-4,0.10787518,0.0038250382,0.6475102,0.0077734236,0.60295945,0.088617966,0.4,0.18561952,0.0340146,0.039280295
375316653866487564,4315299675544174720,0.6004245,2093.912687242035,0.6934604284212976,6.057262E-6,17.978962,0.00421718,0.12742338,0.0014153097,0.03378979,0.0011310754,0.8245114,0.05410611,0.6297831,0.003236926,0.028278843,0.004073319,0.09540636,0.0107327495,0.036780477,0.007653382,0.12742338,0.0014153097,"TWOGAUSSIANS_WITH_ELLIPSOIDAL_ON_ECLIPSE1",9,4.372466,0.12742338,0.0014153097,0.18922283,0.006334022,0.89807236,0.05535766,0.6297831,0.003236926,0.15836152,0.022810588,0.16895114,0.0090063065
375316653866487564,4315299778608081152,0.57899004,2155.9001327040082,1.361357308779673,5.609157E-6,15.351202,0.0053786677,0.2108546,0.0010883604,0.09052351,0.0032060924,0.18060096,0.0049698288,0.7156182,0.0035509674,0.09815749,0.006901445,0.10858982,0.0052909805,null,null,null,null,"TWOGAUSSIANS",8,13.020817,0.2108546,0.0010883604,0.4,0.0,0.17292161,0.0034887865,0.7156182,0.0035509674,0.4,0.0,0.100910045,0.0037419754
375316653866487564,4315300190940252800,0.6058525,2103.7302055106784,0.3838408594713162,5.8970552E-5,16.624493,0.0030078732,0.20916623,0.004012551,0.020049872,0.0031449154,0.045366216,0.013258589,0.71046096,0.015243686,0.023163477,0.016404476,0.61296207,0.29303345,0.02199347,0.0044128676,0.20916623,0.004012551,"TWOGAUSSIANS_WITH_ELLIPSOIDAL_ON_ECLIPSE1",9,10.516089,0.71046096,0.015173793,0.12971547,0.09186506,0.656946,0.29480836,0.20916623,0.004012551,0.11227928,0.017611526,0.08935308,0.010190781
375316653866487564,4315300397082284544,0.5547918,2144.357450585099,2.131492566960659,1.2415232E-5,19.017897,0.01618048,0.2669225,0.019412355,0.066448025,0.013608168,0.49169263,0.05383734,0.75984263,0.0026045905,0.06970446,0.004279663,0.5402381,0.02431798,null,null,null,null,"TWOGAUSSIANS",8,4.0268693,0.75984263,0.0026045905,0.39034495,0.01985354,0.5392345,0.023721315,0.2669225,0.019412355,0.37210894,0.035951544,0.49068913,0.052291498
375316653866487564,4315300500194264832,0.4430932,2098.8142965676407,2.7637870729663625,4.5026627E-5,19.809858,0.062156413,0.24196327,0.012500853,0.10435294,0.030569037,0.20089568,0.06533167,0.72362524,0.017615994,0.100008935,0.031862866,0.27078772,0.05126189,null,null,null,null,"TWOGAUSSIANS",8,4.074877,0.72362524,0.017615994,0.4,0.0,0.252204,0.041354246,0.24197327,0.012487829,0.4,0.0,0.18230921,0.040498134
375316653866487564,4315301496594764672,0.50006795,2114.930150618962,3.735006575491643,1.1701145E-5,19.392069,0.029365633,0.3565417,0.0058907703,0.09185119,0.014524757,0.37428886,0.038563285,0.83272976,0.00447446,0.078041,0.0088505605,0.37959686,0.031227391,null,null,null,null,"TWOGAUSSIANS",8,2.9724362,0.83272976,0.00447446,0.4,0.0,0.37312332,0.02783469,0.3565417,0.0058907703,0.4,0.0,0.36781472,0.04156198
375316653866487564,4315302080711812480,0.49157104,2122.127348256321,2.981155630980358,2.3615676E-5,19.341877,0.015430658,0.21579862,0.024827195,0.039155103,0.027234994,0.22845663,0.10651056,0.7449388,0.008541204,0.09326182,0.014161624,0.17900535,0.01653964,null,null,null,null,"TWOGAUSSIANS",8,2.2706323,0.21579862,0.024827195,0.21926858,0.15251596,0.22833782,0.1065836,0.7449388,0.008541204,0.4,0.0,0.17888601,0.016070984
375316653866487564,4315302110744699008,0.4343685,2120.245496845489,0.06123317036409835,9.054546E-5,19.008312,0.0591558,0.35981467,0.026397109,0.16870813,0.099433586,0.11600577,0.04633808,0.809755,0.01079454,0.06455388,0.014069545,0.18847358,0.029124986,null,null,null,null,"TWOGAUSSIANS",8,5.208922,0.809755,0.01079454,0.36150172,0.06920157,0.17799266,0.02672582,0.35981467,0.026397109,0.4,0.0,0.10164348,0.019849792
375316653866487564,4315302630482191232,0.53337544,2090.31497931484,0.6093918180239,5.8170417E-6,18.646015,0.004441117,0.2904332,0.0043477644,0.035921883,0.0026170446,1.0659275,0.27603555,0.7908809,0.010449172,0.05055983,0.0076168934,0.1260952,0.007384241,null,null,null,null,"TWOGAUSSIANS",8,2.5751216,0.2904332,0.0043477644,0.20116253,0.014655449,1.0659275,0.27603555,0.7908809,0.010449172,0.28313506,0.0426546,0.12609518,0.0073842495
375316653866487564,4315302905360142080,0.6691193,2128.8469849245466,0.6965917214585028,3.988302E-6,16.339367,0.0019273037,0.25949758,0.004557593,0.029872725,0.005341975,0.07705281,0.008595507,0.7562757,6.659164E-4,0.031061713,8.003576E-4,0.64996326,0.021713335,0.007791929,0.0026162246,0.25949758,0.004557593,"TWOGAUSSIANS_WITH_ELLIPSOIDAL_ON_ECLIPSE1",9,5.8557057,0.7562857,6.615192E-4,0.17394559,0.0044820025,0.66554075,0.023126943,0.25949758,0.004557593,0.16728726,0.02991506,0.09263667,0.008623192
375316653866487564,4315303077144776192,0.56673586,2135.5880342345413,0.16318274893139822,3.466249E-5,17.65442,0.005635084,0.0406333,0.0032709134,0.00837345,0.004632332,0.4275442,1.1514372,0.5970532,0.045320652,0.1463356,0.099882215,0.016533732,0.006396797,null,null,null,null,"TWOGAUSSIANS",8,2.5122046,0.0406333,0.0032709134,0.04689132,0.025941059,0.4276269,1.1513995,0.5970532,0.045320652,0.4,0.0,0.01643728,0.006163674
375316653866487564,4315303626914711168,0.51031846,2111.502347261079,2.1255125272172957,1.8959938E-5,16.994843,0.42503196,0.2669024,0.0051291212,0.15245858,0.13531898,0.19299799,0.42031032,0.75776756,0.005788274,0.11722935,0.04682033,0.20669663,0.28696102,null,null,null,null,"TWOGAUSSIANS",8,5.4539585,0.75776756,0.005788274,0.4,0.0,0.14249174,0.007946411,0.2669724,0.004922075,0.4,0.0,0.12702818,0.0065569426
375316653866487564,4315304039231999232,0.46391284,2170.5947194853734,2.994413750055374,3.855945E-5,19.576323,0.014894313,0.32589027,0.008743216,0.07269205,0.015021524,0.20781083,0.026126206,0.7870805,0.025656652,0.08654598,0.034835517,0.13911903,0.05749983,null,null,null,null,"TWOGAUSSIANS",8,2.5253668,0.32589027,0.008743216,0.4,0.03309105,0.20672815,0.026063139,0.7870805,0.025656652,0.4,0.069289155,0.13803624,0.058360867
375316653866487564,4315304520283241088,0.46478727,2128.880622872235,0.7992282477040467,1.2040617E-5,18.872652,0.009071507,0.24839889,0.023087071,0.017991036,0.009619064,0.07770048,0.15731953,0.6889683,0.0054856827,0.013209119,0.041624777,0.35618624,0.2974361,null,null,null,null,"TWOGAUSSIANS",8,4.4554334,0.6889683,0.0054856827,0.07397107,0.23309875,0.35618624,0.2974361,0.24839889,0.023087071,0.100749806,0.053866755,0.07770048,0.15731953
375316653866487564,4315304584635057152,0.45224234,2138.9008447672068,3.4749282207097636,4.0375013E-5,18.17577,0.026813839,0.24893892,0.0081653055,0.104688495,0.021431254,0.16631044,0.025226895,0.7517956,0.008694798,0.084114216,0.020079581,0.16052668,0.026908593,null,null,null,null,"TWOGAUSSIANS",8,9.020339,0.24893892,0.0081653055,0.4,0.0,0.15693733,0.019129874,0.7517956,0.008707806,0.4,0.0,0.1511573,0.021784248
375316653866487564,4315304657694695296,0.5134724,2128.0929057990697,3.528664966887252,1.0914182E-5,19.649002,0.024749735,0.124210574,0.004826365,0.07054182,0.0072123418,0.5332884,0.046531398,0.5949149,0.010643797,0.10219297,0.013325138,0.38479722,0.024600862,null,null,null,null,"TWOGAUSSIANS",8,2.4003658,0.124210574,0.0048334957,0.39503422,0.022108514,0.5254466,0.047093406,0.5949149,0.010643797,0.4,0.0,0.37694526,0.020671591
375316653866487564,4315305168737968128,0.44108415,2122.739565424601,3.053741619615596,4.5843706E-5,17.522148,0.004327094,null,null,null,null,null,null,null,null,null,null,null,null,0.058473248,0.004953993,0.23832372,0.010565071,"ELLIPSOIDAL",4,11.165988,null,null,null,null,null,null,null,null,null,null,null,null
375316653866487564,4315305443639406464,0.439674,2108.632113081402,2.6915471659540593,1.03103135E-4,18.45024,0.03255228,0.23150447,0.010803646,0.09763692,0.036182325,0.0899084,0.030002672,0.6985941,0.021748822,0.057210773,0.046457935,0.0832705,0.03414269,null,null,null,null,"TWOGAUSSIANS",8,4.403975,0.23150447,0.010804892,0.4,0.0,0.08945685,0.018787408,0.6985941,0.021748822,0.32038033,0.15973286,0.082819946,0.02708612
375316653866487564,4315305615414771328,0.46866122,2134.9281835503125,2.081278673167704,2.6460706E-5,18.588432,0.017146753,0.16373134,0.021450117,0.045269877,0.015622892,0.31165,0.045422234,0.48699751,0.009951937,0.05143414,0.009152182,0.25654623,0.06528962,0.052550573,0.023223314,0.48699751,0.009951937,"TWOGAUSSIANS_WITH_ELLIPSOIDAL_ON_ECLIPSE2",9,24.596933,0.48699751,0.009951937,0.2880312,0.05125222,0.36164516,0.048921462,0.16015133,0.020239623,0.2535113,0.0874882,0.33333147,0.047591995
375316653866487564,4315305619780034304,0.5272596,2138.5753557756,1.1921127310870756,1.9831266E-5,14.7715,0.14591265,0.2367624,0.0050624013,0.11505728,0.04052371,0.06492629,0.091433436,0.7351496,0.0034906913,0.13899958,0.11478259,0.06667312,0.14275777,null,null,null,null,"TWOGAUSSIANS",8,6.6430826,0.7351496,0.0034941402,0.4,0.0,0.048026446,0.002785064,0.2368024,0.005240684,0.4,0.0,0.046476122,0.006336568
375316653866487564,4315305619780035456,0.6782688,2134.331638070222,0.30455352868444063,1.2189736E-5,16.089853,9.44569E-4,0.21788704,0.0014300874,0.017278079,9.409669E-4,0.3553216,0.02963606,0.7209877,0.0016547141,0.01816383,0.0013811828,0.3331634,0.01989347,null,null,null,null,"TWOGAUSSIANS",8,2.9839704,0.21788704,0.0014300874,0.09675725,0.0052694147,0.3553216,0.02963606,0.7209877,0.0016547141,0.10171745,0.0077346237,0.3331634,0.01989347
375316653866487564,4315305654127299712,0.50927144,2091.0175306017513,2.744094126677139,2.2738868E-5,19.247948,0.072499625,0.27057713,0.00707943,0.107341014,0.017672079,0.3186392,0.06774773,0.7271642,0.012357238,0.12967895,0.02685702,0.25299302,0.07229003,null,null,null,null,"TWOGAUSSIANS",8,2.1075296,0.27104715,0.0064159334,0.4,0.0,0.27901942,0.02497665,0.7271642,0.012357238,0.4,0.0,0.21285552,0.033633728
375316653866487564,4315306444399974272,0.5133631,2128.031566773033,3.5433291439534274,1.5855754E-5,19.725147,0.015770962,0.19760664,0.007012004,0.071118556,0.006373155,0.63968474,0.046792872,0.69727194,0.006245625,0.074088365,0.00715698,0.47767022,0.028163651,null,null,null,null,"TWOGAUSSIANS",8,2.6582463,0.19760664,0.007012004,0.3982639,0.02924611,0.63677704,0.04752949,0.69727194,0.006245625,0.4,0.007313036,0.4747625,0.02787618
375316653866487564,4315307608312475520,0.45243216,2115.340472708615,1.180108618033799,9.721748E-5,19.54699,0.0063123982,0.21131158,0.044083674,0.090968035,0.041059446,0.042085677,0.020467108,0.7606951,0.008988916,0.036271714,0.00730382,0.55733454,0.17561156,null,null,null,null,"TWOGAUSSIANS",8,1.4031196,0.7606951,0.008988916,0.2031216,0.040901393,0.5573213,0.1756247,0.21131158,0.044083674,0.4,0.02894565,0.042072278,0.020475881
375316653866487564,4315307780078234240,0.51811934,2145.3664459825313,3.186637363663108,1.1105213E-5,17.939075,0.011570311,0.18225719,0.0043520425,0.039823685,0.010470254,0.26975352,0.041564263,0.6801975,0.0049903914,0.054455657,0.007839279,0.37345397,0.061204102,0.117413774,0.01814688,0.18225719,0.0043520425,"TWOGAUSSIANS_WITH_ELLIPSOIDAL_ON_ECLIPSE1",9,22.756157,0.6804575,0.004272458,0.30495167,0.043899965,0.6082377,0.06195978,0.18225719,0.0043520425,0.22301264,0.05863342,0.5045715,0.040428605
375316653866487564,4315307818789923712,0.5031712,2131.9975913076864,3.8716893598709676,1.2770091E-5,19.287054,0.79293656,0.24880846,0.009111348,0.106172204,0.0101005295,0.7698469,0.20431593,0.71801174,0.009066971,0.20943876,0.12763302,0.67713886,0.7559663,null,null,null,null,"TWOGAUSSIANS",8,2.6646738,0.25313845,0.005611527,0.4,0.0,0.53527313,0.017791929,0.71801174,0.009066971,0.4,0.0,0.35972226,0.037693925
375316653866487564,4315307887522531584,0.4507698,2140.1353942094383,1.4728819961718653,1.4185057E-5,17.058691,0.14181374,0.21566142,0.004103951,0.12356674,0.034223646,0.13144451,0.09582012,0.7202822,0.0103405295,0.17897649,0.11103202,0.11561419,0.13908647,null,null,null,null,"TWOGAUSSIANS",8,6.5058346,0.21506143,0.0035836739,0.4,0.0,0.07741784,0.009514327,0.7203822,0.010300688,0.4,0.0,0.056979693,0.006135858
375316653866487564,4315307921882329216,0.4817617,2126.715595536758,0.11736331476463367,3.6551613E-5,16.055162,0.0018620134,0.16555098,0.016638998,0.019665811,0.007205897,0.28090334,0.12584263,null,null,null,null,null,null,null,null,null,null,"ONEGAUSSIAN",5,39.761974,0.16555098,0.016638998,0.110128544,0.040353023,0.28090334,0.0,null,null,null,null,null,null
375316653866487564,4315308059308544512,0.5806589,2110.9955467864156,0.5983224737395539,1.1912955E-5,16.64159,0.0014132722,0.26160258,8.774924E-4,0.03448326,0.0015163879,0.25777483,0.008724588,null,null,null,null,null,null,null,null,null,null,"ONEGAUSSIAN",5,5.475603,0.26160258,8.774924E-4,0.19310626,0.008491772,0.25777483,0.0,null,null,null,null,null,null
375316653866487564,4315308364196653824,0.5532767,2121.1137358827727,1.4427798281731372,1.9746472E-5,17.730234,0.0016782517,0.22980836,0.0015935936,0.04065341,0.0026608992,0.16826169,0.007423925,0.7311375,0.014850976,0.0458198,0.016046453,0.03245077,0.027365845,null,null,null,null,"TWOGAUSSIANS",8,1.2217705,0.22980836,0.0015935936,0.22765909,0.014901035,0.16826168,0.0074239266,0.7311375,0.014850976,0.25659087,0.089860134,0.03245076,0.027365856
375316653866487564,4315308643436730880,0.620818,2134.8084561809196,2.459603167227331,3.6053973E-6,16.733755,0.0044484157,0.25191984,0.0015161446,0.08990003,0.0030842747,0.25080237,0.0051428345,0.7523516,0.0019229111,0.09257496,0.0035964996,0.22755836,0.0053742584,null,null,null,null,"TWOGAUSSIANS",8,3.4241092,0.25191984,0.0015161446,0.4,0.0,0.23969585,0.00507504,0.7523516,0.0019229111,0.4,0.0,0.21645172,0.0056623025
375316653866487564,4315308746515974144,0.4603901,2233.322788370757,0.3197352527463059,1.43576E-5,17.244867,0.003661486,0.2665986,0.005037418,0.08215601,0.006643051,0.35552496,0.027462782,0.6575886,0.020197004,0.009207573,0.0058420184,0.09046786,0.15235284,null,null,null,null,"TWOGAUSSIANS",8,4.084337,0.2665986,0.005037418,0.4,0.0,0.35552496,0.027462833,0.6575886,0.020197004,0.051562406,0.032715302,0.09047215,0.15235952
375316653866487564,4315309090113304576,0.6442197,2118.9155780358815,3.9792440973568426,2.6013256E-6,16.947306,0.0074441847,0.29301316,0.0012155811,0.03893364,0.004238699,0.21438254,0.019076481,0.79100186,5.579666E-4,0.04674138,0.0022852193,0.46535435,0.01210202,0.1365244,0.011583818,0.29301316,0.0012155811,"TWOGAUSSIANS_WITH_ELLIPSOIDAL_ON_ECLIPSE1",9,8.212252,0.79118186,4.9685023E-4,0.26175174,0.012797228,0.7383633,0.012787872,0.29301316,0.0012155811,0.21802837,0.023736715,0.48743108,0.012015034
