Gaia/vari_eclipsing_binary/VariEclipsingBinary_467786-467812.csv
# %ECSV 1.0
# ---
# delimiter: ','
# meta: !!omap
# - RELEASE: Gaia DR3
# - TABLE: vari_eclipsing_binary
# - DESCRIPTION: >
#     This table describes the properties of the eclipsing binaries resulting from the variability analysis. 
# - CITATION: >
#     How to cite and acknowledge Gaia: 
#     https://gea.esac.esa.int/archive/documentation/credits.html 
# - KNOWN_ISSUES: >
#     Known issues: 
#     https://www.cosmos.esa.int/web/gaia-users/known-issues 
# - DOCUMENTATION: >
#     Tutorials and documentation: 
#     https://www.cosmos.esa.int/web/gaia-users/archive 
# datatype:
# - 
#   name: solution_id
#   datatype: int64
#   description: Solution Identifier
#   meta:
#     ucd: meta.version
# - 
#   name: source_id
#   datatype: int64
#   description: Unique source identifier
#   meta:
#     ucd: meta.id;meta.main
# - 
#   name: global_ranking
#   datatype: float32
#   description: Number between 0 (worst) and 1 (best)
#   meta:
#     ucd: stat.param
# - 
#   name: reference_time
#   datatype: float64
#   unit: d
#   description: Reference time used for the geometric model fit
#   meta:
#     ucd: time.epoch
# - 
#   name: frequency
#   datatype: float64
#   unit: d**-1
#   description: Frequency of geometric model of the eclipsing binary light curve
#   meta:
#     ucd: src.orbital
# - 
#   name: frequency_error
#   datatype: float32
#   unit: d**-1
#   description: "Uncertainty of \\texttt{frequency}"
#   meta:
#     ucd: stat.error
# - 
#   name: geom_model_reference_level
#   datatype: float32
#   unit: mag
#   description: Magnitude reference level of geometric model
#   meta:
#     ucd: phot.mag;em.opt
# - 
#   name: geom_model_reference_level_error
#   datatype: float32
#   unit: mag
#   description: "Uncertainty of \\texttt{geomModelReferenceLevel}"
#   meta:
#     ucd: stat.error;phot.mag;em.opt
# - 
#   name: geom_model_gaussian1_phase
#   datatype: float32
#   description: Phase of the Gaussian 1 component
#   meta:
#     ucd: time.phase
# - 
#   name: geom_model_gaussian1_phase_error
#   datatype: float32
#   description: "Uncertainty of \\texttt{geomModelGaussian1Phase}"
#   meta:
#     ucd: stat.error;time.phase
# - 
#   name: geom_model_gaussian1_sigma
#   datatype: float32
#   description: "Standard deviation [phase] of Gaussian 1 component"
#   meta:
#     ucd: stat.stdev
# - 
#   name: geom_model_gaussian1_sigma_error
#   datatype: float32
#   description: "Uncertainty of \\texttt{geomModelGaussian1Sigma}"
#   meta:
#     ucd: stat.error
# - 
#   name: geom_model_gaussian1_depth
#   datatype: float32
#   unit: mag
#   description: Magnitude depth of Gaussian 1 component
#   meta:
#     ucd: src.var.amplitude
# - 
#   name: geom_model_gaussian1_depth_error
#   datatype: float32
#   unit: mag
#   description: "Uncertainty of \\texttt{geomModelGaussian1Depth}"
#   meta:
#     ucd: stat.error;src.var.amplitude
# - 
#   name: geom_model_gaussian2_phase
#   datatype: float32
#   description: Phase of Gaussian 2 component
#   meta:
#     ucd: time.phase
# - 
#   name: geom_model_gaussian2_phase_error
#   datatype: float32
#   description: "Uncertainty of \\texttt{geomModelGaussian2Phase}"
#   meta:
#     ucd: stat.error;time.phase
# - 
#   name: geom_model_gaussian2_sigma
#   datatype: float32
[...]
#   datatype: float32
#   description: "Secondary eclipse: uncertainty of \\texttt{derivedSecondaryEclDuration}"
#   meta:
#     ucd: stat.error;time.duration
# - 
#   name: derived_secondary_ecl_depth
#   datatype: float32
#   unit: mag
#   description: "Secondary eclipse: depth"
#   meta:
#     ucd: src.var.amplitude
# - 
#   name: derived_secondary_ecl_depth_error
#   datatype: float32
#   unit: mag
#   description: "Secondary eclipse: uncertainty of \\texttt{derivedSecondaryEclDepth}"
#   meta:
#     ucd: stat.error;src.var.amplitude
solution_id,source_id,global_ranking,reference_time,frequency,frequency_error,geom_model_reference_level,geom_model_reference_level_error,geom_model_gaussian1_phase,geom_model_gaussian1_phase_error,geom_model_gaussian1_sigma,geom_model_gaussian1_sigma_error,geom_model_gaussian1_depth,geom_model_gaussian1_depth_error,geom_model_gaussian2_phase,geom_model_gaussian2_phase_error,geom_model_gaussian2_sigma,geom_model_gaussian2_sigma_error,geom_model_gaussian2_depth,geom_model_gaussian2_depth_error,geom_model_cosine_half_period_amplitude,geom_model_cosine_half_period_amplitude_error,geom_model_cosine_half_period_phase,geom_model_cosine_half_period_phase_error,model_type,num_model_parameters,reduced_chi2,derived_primary_ecl_phase,derived_primary_ecl_phase_error,derived_primary_ecl_duration,derived_primary_ecl_duration_error,derived_primary_ecl_depth,derived_primary_ecl_depth_error,derived_secondary_ecl_phase,derived_secondary_ecl_phase_error,derived_secondary_ecl_duration,derived_secondary_ecl_duration_error,derived_secondary_ecl_depth,derived_secondary_ecl_depth_error
[from data line 38]
375316653866487564,4114703635960087168,0.50083727,2284.7210541814343,3.35705882630268,3.8048744E-5,19.917284,0.01640364,0.2780383,0.006214413,0.07801838,0.008304991,0.34345672,0.030178737,0.7724347,0.0058278088,0.085308,0.010624432,0.2838127,0.031617384,null,null,null,null,"TWOGAUSSIANS",8,0.96088636,0.2780383,0.006214413,0.4,0.0,0.33830687,0.03011159,0.7724347,0.0058278088,0.4,0.0,0.27866286,0.03289017
375316653866487564,4114703910848254208,0.5227746,2302.628897667465,2.159060583389194,1.3789637E-5,19.006376,0.026527325,0.26150703,0.0034616154,0.087369844,0.0089575555,0.45563373,0.049414948,0.7671725,0.002367007,0.080720216,0.0056625665,0.52798796,0.02491404,null,null,null,null,"TWOGAUSSIANS",8,5.5159116,0.7671725,0.002367007,0.4,0.0,0.5174062,0.021205002,0.26150703,0.0034616154,0.4,0.0,0.44505188,0.05101373
375316653866487564,4114703983897469056,0.49927965,2293.3609690009785,3.081175859339369,2.2268898E-5,19.613016,0.0829152,0.23807235,0.0030318087,0.07827535,0.015789766,0.38590866,0.074626476,0.72567755,0.010529397,0.07245941,0.04363748,0.4080304,0.2647351,null,null,null,null,"TWOGAUSSIANS",8,2.6320558,0.72567755,0.010529397,0.4,0.051148478,0.40557805,0.2784903,0.23807235,0.0030332343,0.4,0.0,0.38345632,0.03936526
375316653866487564,4114704533624999808,0.52884465,2326.5252863187256,2.0485761880413658,1.8820418E-5,18.4831,0.007847785,0.20116211,0.0076937713,0.086483374,0.008009718,0.19614324,0.010096884,0.6895695,0.008227342,0.08525908,0.012287641,0.118432686,0.009060255,null,null,null,null,"TWOGAUSSIANS",8,1.4808515,0.20116211,0.0076937713,0.4,0.0,0.19254288,0.008677594,0.6895695,0.008227342,0.4,0.0,0.11483236,0.008088829
375316653866487564,4114704774142249216,0.49830568,2296.827696643958,2.3666072556469238,4.2146214E-5,19.833836,0.013746754,0.29553124,0.025674589,0.038418766,0.0415521,0.22728504,0.03242479,0.7848027,0.0016138657,0.039111413,0.014758832,0.5687323,0.1019551,null,null,null,null,"TWOGAUSSIANS",8,4.569248,0.7848027,0.0016138657,0.21902391,0.08264946,0.5687323,0.10195656,0.29553124,0.025674589,0.2151451,0.21533526,0.22728504,0.0324294
375316653866487564,4114704808501896576,0.5341208,2301.2054671179353,2.073641319342144,1.1831633E-5,18.955679,0.03970521,0.24126549,0.002709673,0.097003505,0.013392985,0.268344,0.036811393,0.7365566,0.009012383,0.108485505,0.020435328,0.25604224,0.03957748,null,null,null,null,"TWOGAUSSIANS",8,1.6733632,0.24126549,0.0027081703,0.4,0.0,0.2427679,0.01429894,0.7365566,0.009012383,0.4,0.0,0.23045434,0.0190997
375316653866487564,4114705044693458304,0.55626947,2265.6422112993364,2.043347208354838,1.4192966E-5,18.672998,0.009612265,0.23235564,0.006188293,0.07679737,0.008438662,0.3418632,0.019040527,0.7393797,0.0027009111,0.075569995,0.004444528,0.39617553,0.014309572,null,null,null,null,"TWOGAUSSIANS",8,3.0213325,0.7393797,0.0027009111,0.4,0.0,0.39327806,0.014373177,0.23235564,0.006188293,0.4,0.0,0.3389657,0.019481553
375316653866487564,4114705495698515328,0.54598045,2311.2877350368517,2.9330725938441216,1.6741931E-5,19.10552,0.007984295,0.15022945,0.003493397,0.07213275,0.0040825605,0.49597853,0.031048015,0.6512327,0.0022021749,0.07360697,0.0023882887,0.52183056,0.016800381,null,null,null,null,"TWOGAUSSIANS",8,2.1751993,0.6512327,0.0022021749,0.4,0.0,0.5190664,0.016711837,0.15022945,0.003493397,0.4,0.012366166,0.49321437,0.031537183
375316653866487564,4114705736215500928,0.56574786,2292.6723480625633,1.6123221758194135,2.2968836E-5,18.567965,0.008897249,0.27083942,0.0042667654,0.058609825,0.003902191,0.52245855,0.019641872,0.7671536,0.0043557077,0.07629601,0.007931812,0.12477038,0.012554602,null,null,null,null,"TWOGAUSSIANS",8,3.7263691,0.27083942,0.0042667654,0.328215,0.02185227,0.5220369,0.019595712,0.7671536,0.0043557077,0.4,0.0,0.12434872,0.012433452
375316653866487564,4114706659601240960,0.45060936,2301.9940706027905,4.078028722701713,1.4163188E-5,18.942076,0.04882577,0.28474995,0.007966608,0.103079244,0.022780374,0.1991792,0.048599225,0.7784088,0.007572396,0.11014881,0.032637313,0.17587799,0.03937288,null,null,null,null,"TWOGAUSSIANS",8,2.6536493,0.28475994,0.008019849,0.4,0.0,0.17694683,0.016838046,0.7784088,0.007572396,0.4,0.0,0.15363668,0.014442601
375316653866487564,4114707419852282752,0.5356495,2275.247644489762,2.7553763800513567,2.5447198E-5,19.420763,0.015748082,0.26168448,0.007970425,0.07523711,0.00898754,0.4126188,0.029825442,0.74634135,0.0037879131,0.08639279,0.0056775096,0.4358597,0.019408772,null,null,null,null,"TWOGAUSSIANS",8,2.1670413,0.74634135,0.0037879131,0.4,0.0,0.43060252,0.01751813,0.26168448,0.007970425,0.4,0.0,0.40736166,0.028151855
375316653866487564,4114707626010791552,0.562509,2305.905599007881,3.5501865088690945,6.5362888E-6,18.91518,0.011011426,0.22034639,0.0026660457,0.051470187,0.009695719,0.2913851,0.064739086,0.72186,0.0044895043,0.039623614,0.00724082,0.20686308,0.028925832,0.113219686,0.021945165,0.22034639,0.0026660457,"TWOGAUSSIANS_WITH_ELLIPSOIDAL_ON_ECLIPSE1",9,3.7721434,0.22034639,0.0026660457,0.28823304,0.054296028,0.51782215,0.06280743,0.72186,0.0042442414,0.22189224,0.040548593,0.43327966,0.017052671
375316653866487564,4114707660370675072,0.5048349,2295.225323375699,0.7689410313335284,4.434731E-6,19.710802,0.008671626,0.78270227,0.021679379,0.026104152,0.03324165,0.67342025,1.1046219,0.6605344,3.7451184E-4,0.017875466,0.0015642686,0.5978621,0.045031376,null,null,null,null,"TWOGAUSSIANS",8,2.5640404,0.78270227,0.021679379,0.14618325,0.18615322,0.67342025,1.1046219,0.6605344,3.7023757E-4,0.10010261,0.008759905,0.597874,0.04927118
375316653866487564,4114707729090033920,0.5197231,2292.5700669534494,2.455144929394921,1.225674E-5,19.257715,0.01976392,0.3442271,0.004621967,0.082300425,0.007198678,0.4566815,0.041885972,0.844482,0.0048994035,0.08576249,0.009622598,0.48468214,0.02885268,null,null,null,null,"TWOGAUSSIANS",8,3.0770254,0.844482,0.0048994035,0.4,0.0,0.47346675,0.03147957,0.3442271,0.004621967,0.4,0.0,0.44546613,0.04277245
375316653866487564,4114708141407207936,0.51231325,2327.150477433497,2.5517809470539254,1.8330395E-5,19.769962,0.016634377,0.28421143,0.0024737143,0.066354,0.0075611975,0.35028097,0.01965872,0.80078685,0.009251347,0.057776324,0.007788299,0.39614123,0.031582657,null,null,null,null,"TWOGAUSSIANS",8,1.9348049,0.80078685,0.009251347,0.32354742,0.043614473,0.39601287,0.03160448,0.28421143,0.0024737143,0.3715824,0.042342708,0.3501526,0.019652322
375316653866487564,4114708175786782976,0.45680434,2355.242579663486,0.3360959373861836,1.481314E-4,19.057022,0.016977973,0.28091395,0.007001302,0.03429077,0.010516764,0.7545345,0.78241974,0.7812567,0.022237271,0.031591255,0.014808267,0.25166258,0.21115735,null,null,null,null,"TWOGAUSSIANS",8,11.295086,0.28091395,0.007001302,0.19202831,0.058893874,0.7545345,0.78241974,0.7812567,0.022237271,0.17691103,0.082926296,0.25166258,0.21115735
375316653866487564,4114708313204969472,0.5007919,2305.7625236070958,1.7483018332474445,3.1245403E-5,18.922646,0.048487995,0.21597472,0.030255932,0.10459939,0.05752132,0.18867525,0.043696918,0.6957117,0.0043739593,0.07840282,0.010364147,0.47700238,0.05095505,null,null,null,null,"TWOGAUSSIANS",8,7.014369,0.6957117,0.0043739593,0.4,0.0,0.46748018,0.04122882,0.21597472,0.030255932,0.4,0.0,0.17914714,0.044768866
375316653866487564,4114708343228197632,0.45492998,2291.2136447210987,1.1616425752371746,1.3144156E-4,18.623863,0.008124304,0.2514547,0.013503886,0.057525948,0.024563408,0.19802788,0.08452657,0.7190334,0.020681504,0.081695236,0.028469397,0.050440386,0.009619783,null,null,null,null,"TWOGAUSSIANS",8,2.1409748,0.2514547,0.013508645,0.3221453,0.088114,0.19791418,0.08594935,0.7190334,0.020681504,0.4,0.0,0.050326686,0.008876434
375316653866487564,4114708381925409024,0.49830538,2308.5652273483997,2.5387217220081015,2.5373238E-5,19.607487,0.01291678,0.22557402,0.0052371523,0.07495838,0.006032681,0.28931153,0.019631708,0.715608,0.003621481,0.07753216,0.011550985,0.25899792,0.03883088,null,null,null,null,"TWOGAUSSIANS",8,1.122679,0.22557402,0.0052371523,0.4,0.0,0.28727347,0.019109506,0.715608,0.003621481,0.4,0.0,0.25695986,0.040638827
375316653866487564,4114708416305138560,0.4838771,2315.6622027986245,1.268491080259808,3.7551275E-5,17.838284,0.0029688783,0.70363986,0.017074587,0.033057556,0.014865638,0.14720792,0.020546287,null,null,null,null,null,null,0.024837893,0.0042010066,0.70363986,0.017074587,"ONEGAUSSIAN_WITH_ELLIPSOIDAL",6,4.6753526,0.70363986,0.017074587,0.18512231,0.08324757,0.19688363,0.019644586,null,null,null,null,null,null
375316653866487564,4114709790695904000,0.5543524,2319.4394690120516,1.2292819734131304,1.9078512E-5,17.794624,0.30394447,0.20217824,0.0028710347,0.12784272,0.019750126,0.43146172,0.2324383,0.7068956,0.005302557,0.17477274,0.07946051,0.34529123,0.30051437,null,null,null,null,"TWOGAUSSIANS",8,2.9806676,0.20163824,0.0022229531,0.4,0.0,0.25985527,0.0072816713,0.70705557,0.0053290334,0.4,0.0,0.16253304,0.0072279815
375316653866487564,4114710752767352960,0.5446509,2322.869102823276,0.6408818353370949,5.285571E-6,17.88413,0.002816051,0.19925347,0.0017942281,0.007940112,0.0055145063,0.039447892,0.080828734,0.70570374,9.040865E-4,0.030315101,0.0017427179,0.26306397,0.007860148,0.02058465,0.0038582087,0.19925347,0.0017942281,"TWOGAUSSIANS_WITH_ELLIPSOIDAL_ON_ECLIPSE1",9,4.458025,0.70570374,9.040865E-4,0.16976456,0.00975922,0.3041656,0.007685085,0.19925347,0.0017942281,0.044464625,0.030881234,0.08061713,0.08076364
375316653866487564,4114710817124203008,0.66544235,2322.6990755563243,4.0579071634497605,2.1646112E-5,17.431908,0.0017430723,0.11965007,4.4316036E-4,0.0045470707,3.564163E-4,0.8385638,0.09485487,0.8218844,2.6733894E-6,0.00519445,1.0992912E-5,0.77697635,0.0017269016,null,null,null,null,"TWOGAUSSIANS",8,4.258845,0.11965007,4.4316036E-4,0.025463596,0.0019959314,0.8385638,0.09485487,0.8218844,2.6733894E-6,0.029088918,6.1560306E-5,0.77697635,0.0017269016
375316653866487564,4114710851482658176,0.54329336,2304.6535862851715,2.2162384800488413,1.825364E-5,18.838537,0.00902877,0.28439185,0.005055508,0.0778301,0.009567505,0.37404868,0.046967186,0.7801747,0.0027057664,0.07286066,0.0037626172,0.3631668,0.01185288,null,null,null,null,"TWOGAUSSIANS",8,3.0250332,0.28439185,0.005055508,0.4,0.0,0.37131718,0.04927129,0.7801747,0.0027057664,0.4,0.0,0.3604353,0.011154803
375316653866487564,4114711027625279488,0.53072715,2297.966500338714,1.0777823590662357,2.911874E-5,19.517986,0.004986841,0.20499684,0.0070047434,0.033184316,0.009273104,0.0892911,0.003380304,0.7098703,0.0016206036,0.037023388,0.0015001628,0.6090585,0.047632497,null,null,null,null,"TWOGAUSSIANS",8,1.7117174,0.7098703,0.0016206036,0.20733097,0.008400911,0.6090585,0.047632497,0.20499684,0.0070047434,0.18583217,0.051929384,0.0892911,0.0033803044
375316653866487564,4114711126365098624,0.5493024,2335.0264602352645,2.599848019006451,1.7039947E-5,17.351604,0.0071248207,0.16906545,0.0026728981,0.03782195,0.0237411,0.058236837,0.021580616,0.6697363,0.040074144,0.038993534,0.019362386,0.07127337,0.036616676,0.10042645,0.016700346,0.16906545,0.0026728981,"TWOGAUSSIANS_WITH_ELLIPSOIDAL_ON_ECLIPSE1",9,12.508963,0.6697363,0.032744497,0.21836379,0.108429365,0.27212253,0.03870086,0.16906545,0.0026728981,0.21180291,0.13295016,0.2590896,0.017311223
375316653866487564,4114711336865830016,0.5230433,2329.324940264513,4.880581420171905,5.0702933E-5,19.8508,0.014030981,0.77501494,0.013133411,0.040491614,0.008505593,0.07774943,0.020736968,0.5055791,0.008316797,0.12318596,0.010273201,0.4357958,0.021616507,null,null,null,null,"TWOGAUSSIANS",8,1.6847936,0.5055791,0.008316797,0.4,0.0,0.43556517,0.021674523,0.7499749,0.3274672,0.22675303,0.04763132,0.124880925,0.41860825
375316653866487564,4114712432037496192,0.45129326,2286.975725034668,0.5813409246695588,1.7835231E-5,18.097666,0.0054214112,0.1525695,0.0099878535,0.03685945,0.009320947,0.081676364,0.052686166,0.6665625,0.0050049275,0.047826767,0.005671996,0.08368208,0.015066552,null,null,null,null,"TWOGAUSSIANS",8,4.7879705,0.6665625,0.0050049275,0.2678299,0.031763177,0.08368208,0.015066553,0.1525695,0.0099878535,0.20641291,0.052197304,0.081676364,0.052686166
375316653866487564,4114712505093179776,0.56603026,2308.492478343135,0.46137480389047786,3.0162668E-5,18.894167,0.01134172,0.23477124,0.013515242,0.017801907,0.027559623,0.095524795,1402.3141,0.72930026,0.0078613125,0.027738195,0.003950726,0.67754436,0.1017688,0.03637521,0.011135992,0.23477124,0.013515242,"TWOGAUSSIANS_WITH_ELLIPSOIDAL_ON_ECLIPSE1",9,3.1568458,0.72934026,0.0078025768,0.15533389,0.022124063,0.7502093,0.09227063,0.23477124,0.013515242,0.09969068,0.15433389,0.16827509,1402.313
375316653866487564,4114712917430986624,0.5488952,2306.934673469943,2.6959372225250466,1.03868E-5,17.133883,0.013349518,0.27833065,0.0022071083,0.10780459,0.0074611967,0.18571399,0.0127405245,0.78342867,0.003995555,0.103151985,0.008625639,0.18637304,0.01270855,null,null,null,null,"TWOGAUSSIANS",8,4.366588,0.78342867,0.003999289,0.4,0.0,0.1652146,0.006244202,0.27833065,0.0022071083,0.4,0.0,0.16455047,0.005329247
375316653866487564,4114714463619189760,0.5649666,2295.036125064741,2.534938505748719,1.25630795E-5,19.139849,0.004897839,0.25476113,0.0029192714,0.074002184,0.0053165727,0.30954373,0.014205753,0.754033,0.0032654018,0.08907312,0.0039424472,0.29061672,0.008644493,null,null,null,null,"TWOGAUSSIANS",8,0.90570545,0.25476113,0.0029192714,0.4,0.0,0.30420753,0.015218196,0.754033,0.0032654018,0.4,0.0,0.28528044,0.008605912
375316653866487564,4114714807216625536,0.5965001,2310.650065690234,0.6175665665739993,1.6782415E-5,17.566818,0.004021804,0.2838465,0.0030659842,0.033575244,0.002492569,0.89565593,0.037387136,0.7800012,0.0016850554,0.035437062,0.0020723008,0.09228767,0.005594009,null,null,null,null,"TWOGAUSSIANS",8,6.215466,0.2838465,0.0030659842,0.18802136,0.013958385,0.89565593,0.037387136,0.7800012,0.0016850554,0.19844756,0.011604885,0.09228767,0.005594009
375316653866487564,4114715421334508672,0.48671398,2314.4341294955316,1.5535254481364307,5.006807E-5,18.797071,0.0067438344,0.2389992,0.059024744,0.027535697,0.025269127,0.032502435,512.702,0.56917995,0.010468269,0.14981875,0.012574934,0.14693479,0.008050869,null,null,null,null,"TWOGAUSSIANS",8,1.6752616,0.56917995,0.010468269,0.4,0.0,0.1458139,0.007789365,0.2437592,0.058598988,0.15419991,0.1415071,0.044792812,512.71466
375316653866487564,4114715700553911296,0.5180343,2268.6226741313326,2.922119251277079,4.3896773E-5,19.464235,0.020089798,0.24372637,0.007808703,0.080161266,0.010587586,0.37520507,0.039649684,0.7272935,0.012678545,0.10982363,0.015930885,0.24877207,0.027847236,null,null,null,null,"TWOGAUSSIANS",8,2.4327152,0.24373637,0.00781832,0.4,0.0016282743,0.36083513,0.042459004,0.7272935,0.012678545,0.4,0.0,0.23438287,0.030170387
375316653866487564,4114716147246972544,0.49228793,2316.452066990195,2.954160353392713,1.889292E-5,16.11171,0.01271444,0.25938463,0.008015021,0.106059484,0.013791062,0.1158042,0.012277438,0.7497421,0.0051041287,0.1013908,0.011427783,0.116983235,0.012320922,null,null,null,null,"TWOGAUSSIANS",8,19.13046,0.7497421,0.0051041287,0.4,0.0,0.105605364,0.005527428,0.25938463,0.00801497,0.4,0.0,0.104423925,0.008123485
375316653866487564,4114716181590302336,0.41808653,2318.0385088902826,2.2028837302259943,4.525443E-5,18.159449,0.5386558,0.25008106,0.010390693,0.13400632,0.12755904,0.24681802,0.52777326,0.74013996,0.024265816,0.10589967,0.066407114,0.31060803,0.42595217,null,null,null,null,"TWOGAUSSIANS",8,39.68912,0.74013996,0.024265816,0.4,0.0,0.25483784,0.051783185,0.25009108,0.010353629,0.4,0.0,0.19057281,0.026835922
