Gaia/vari_eclipsing_binary/VariEclipsingBinary_592141-592752.csv
# %ECSV 1.0
# ---
# delimiter: ','
# meta: !!omap
# - RELEASE: Gaia DR3
# - TABLE: vari_eclipsing_binary
# - DESCRIPTION: >
#     This table describes the properties of the eclipsing binaries resulting from the variability analysis. 
# - CITATION: >
#     How to cite and acknowledge Gaia: 
#     https://gea.esac.esa.int/archive/documentation/credits.html 
# - KNOWN_ISSUES: >
#     Known issues: 
#     https://www.cosmos.esa.int/web/gaia-users/known-issues 
# - DOCUMENTATION: >
#     Tutorials and documentation: 
#     https://www.cosmos.esa.int/web/gaia-users/archive 
# datatype:
# - 
#   name: solution_id
#   datatype: int64
#   description: Solution Identifier
#   meta:
#     ucd: meta.version
# - 
#   name: source_id
#   datatype: int64
#   description: Unique source identifier
#   meta:
#     ucd: meta.id;meta.main
# - 
#   name: global_ranking
#   datatype: float32
#   description: Number between 0 (worst) and 1 (best)
#   meta:
#     ucd: stat.param
# - 
#   name: reference_time
#   datatype: float64
#   unit: d
#   description: Reference time used for the geometric model fit
#   meta:
#     ucd: time.epoch
# - 
#   name: frequency
#   datatype: float64
#   unit: d**-1
#   description: Frequency of geometric model of the eclipsing binary light curve
#   meta:
#     ucd: src.orbital
# - 
#   name: frequency_error
#   datatype: float32
#   unit: d**-1
#   description: "Uncertainty of \\texttt{frequency}"
#   meta:
#     ucd: stat.error
# - 
#   name: geom_model_reference_level
#   datatype: float32
#   unit: mag
#   description: Magnitude reference level of geometric model
#   meta:
#     ucd: phot.mag;em.opt
# - 
#   name: geom_model_reference_level_error
#   datatype: float32
#   unit: mag
#   description: "Uncertainty of \\texttt{geomModelReferenceLevel}"
#   meta:
#     ucd: stat.error;phot.mag;em.opt
# - 
#   name: geom_model_gaussian1_phase
#   datatype: float32
#   description: Phase of the Gaussian 1 component
#   meta:
#     ucd: time.phase
# - 
#   name: geom_model_gaussian1_phase_error
#   datatype: float32
#   description: "Uncertainty of \\texttt{geomModelGaussian1Phase}"
#   meta:
#     ucd: stat.error;time.phase
# - 
#   name: geom_model_gaussian1_sigma
#   datatype: float32
#   description: "Standard deviation [phase] of Gaussian 1 component"
#   meta:
#     ucd: stat.stdev
# - 
#   name: geom_model_gaussian1_sigma_error
#   datatype: float32
#   description: "Uncertainty of \\texttt{geomModelGaussian1Sigma}"
#   meta:
#     ucd: stat.error
# - 
#   name: geom_model_gaussian1_depth
#   datatype: float32
#   unit: mag
#   description: Magnitude depth of Gaussian 1 component
#   meta:
#     ucd: src.var.amplitude
# - 
#   name: geom_model_gaussian1_depth_error
#   datatype: float32
#   unit: mag
#   description: "Uncertainty of \\texttt{geomModelGaussian1Depth}"
#   meta:
#     ucd: stat.error;src.var.amplitude
# - 
#   name: geom_model_gaussian2_phase
#   datatype: float32
#   description: Phase of Gaussian 2 component
#   meta:
#     ucd: time.phase
# - 
#   name: geom_model_gaussian2_phase_error
#   datatype: float32
#   description: "Uncertainty of \\texttt{geomModelGaussian2Phase}"
#   meta:
#     ucd: stat.error;time.phase
# - 
#   name: geom_model_gaussian2_sigma
#   datatype: float32
[...]
#   datatype: float32
#   description: "Secondary eclipse: uncertainty of \\texttt{derivedSecondaryEclDuration}"
#   meta:
#     ucd: stat.error;time.duration
# - 
#   name: derived_secondary_ecl_depth
#   datatype: float32
#   unit: mag
#   description: "Secondary eclipse: depth"
#   meta:
#     ucd: src.var.amplitude
# - 
#   name: derived_secondary_ecl_depth_error
#   datatype: float32
#   unit: mag
#   description: "Secondary eclipse: uncertainty of \\texttt{derivedSecondaryEclDepth}"
#   meta:
#     ucd: stat.error;src.var.amplitude
solution_id,source_id,global_ranking,reference_time,frequency,frequency_error,geom_model_reference_level,geom_model_reference_level_error,geom_model_gaussian1_phase,geom_model_gaussian1_phase_error,geom_model_gaussian1_sigma,geom_model_gaussian1_sigma_error,geom_model_gaussian1_depth,geom_model_gaussian1_depth_error,geom_model_gaussian2_phase,geom_model_gaussian2_phase_error,geom_model_gaussian2_sigma,geom_model_gaussian2_sigma_error,geom_model_gaussian2_depth,geom_model_gaussian2_depth_error,geom_model_cosine_half_period_amplitude,geom_model_cosine_half_period_amplitude_error,geom_model_cosine_half_period_phase,geom_model_cosine_half_period_phase_error,model_type,num_model_parameters,reduced_chi2,derived_primary_ecl_phase,derived_primary_ecl_phase_error,derived_primary_ecl_duration,derived_primary_ecl_duration_error,derived_primary_ecl_depth,derived_primary_ecl_depth_error,derived_secondary_ecl_phase,derived_secondary_ecl_phase_error,derived_secondary_ecl_duration,derived_secondary_ecl_duration_error,derived_secondary_ecl_depth,derived_secondary_ecl_depth_error
[from data line 431]
375316653866487564,5213511408769921280,0.5080047,2163.5258537169793,1.7464555316217434,1.8802375E-5,14.155282,0.07232922,0.2899436,0.03732873,0.107458204,0.13335972,0.06494605,0.05275688,0.7561652,0.008456445,0.10004631,0.030674618,0.10456705,0.05068463,null,null,null,null,"TWOGAUSSIANS",8,61.430943,0.7561652,0.008456445,0.4,0.0,0.098639436,0.008477854,0.2899636,0.037364453,0.4,0.01252277,0.059014924,0.01575423
375316653866487564,5213536280922937856,0.47918797,2122.683090417714,2.654019933216054,4.020325E-5,19.288866,0.008209212,0.2401177,0.024937605,0.01710346,0.03844477,2.3688204,6.5252457,0.8770446,6.7474914E-4,0.022137742,0.0025316468,0.47122797,0.040766384,null,null,null,null,"TWOGAUSSIANS",8,3.1654544,0.2401177,0.024937605,0.095779374,0.21529071,2.3688204,6.5252457,0.8770446,6.7474914E-4,0.123971365,0.014177222,0.47122797,0.040766384
375316653866487564,5213536628817768448,0.5327534,2161.394264476637,2.828608233075353,1.2199208E-5,14.044369,1.0927831,0.28229702,0.007059956,0.18599592,0.064736366,1.184824,0.8892626,0.78503877,0.004668843,0.22597922,0.10110963,1.3503062,1.0287324,null,null,null,null,"TWOGAUSSIANS",8,68.02202,0.27932703,0.00484542,0.4,0.0,0.20994176,0.008402672,0.7871587,0.0036948249,0.4,0.0,0.20584074,0.014811831
375316653866487564,5213582361629394560,0.49008793,2159.573396267742,0.5699058576045335,5.426756E-5,14.941442,0.0035059424,0.07985108,0.004477742,0.010062592,0.0015923807,0.60381347,0.22910173,0.38571656,0.017012807,0.0446844,0.050160117,0.10568535,33.57049,0.019364836,0.0039671725,0.38571656,0.017012807,"TWOGAUSSIANS_WITH_ELLIPSOIDAL_ON_ECLIPSE2",9,196.29626,0.07982109,0.00447874,0.056350514,0.008917332,0.60839456,0.22870973,0.38571656,0.017012807,0.25023264,0.2590549,0.14441499,33.571285
375316653866487564,5213582735290453120,0.4931003,2172.923581391914,0.6633993260492139,5.2192543E-5,18.430647,0.0028938786,0.08449501,0.002077169,0.009417358,0.0013052602,0.22695372,0.033923298,0.78132653,0.036355,0.0455713,0.03717552,0.06184389,0.17127822,null,null,null,null,"TWOGAUSSIANS",8,2.658227,0.08449501,0.002077169,0.052737206,0.0073094573,0.22695372,0.033923313,0.78132653,0.036355,0.25519928,0.20818293,0.06184389,0.17127822
375316653866487564,5213585316566969984,0.6351006,2116.4588491213035,0.7177143011027343,1.6532724E-5,14.942439,0.009145319,0.2717126,0.0019923015,0.05379998,0.0057468605,0.31116414,0.012607753,0.77316034,0.0030135058,0.06677243,0.0061746654,0.117383294,0.018749364,0.01722634,0.009773715,0.2717126,0.0019923015,"TWOGAUSSIANS_WITH_ELLIPSOIDAL_ON_ECLIPSE1",9,21.745476,0.2717126,0.0019923015,0.30127987,0.032182418,0.3455164,0.014800066,0.77316034,0.0030061784,0.3739256,0.034578126,0.15173271,0.004360113
375316653866487564,5213586583581049856,0.5914686,2131.581494297148,3.000048793853983,1.0983476E-5,15.852153,0.010746506,0.2141717,0.0029199065,0.08873951,0.005928593,0.33664933,0.011227969,0.7225278,0.002731546,0.088414244,0.0074017253,0.3632524,0.01299563,null,null,null,null,"TWOGAUSSIANS",8,25.496847,0.7225278,0.002731546,0.4,0.0,0.35186172,0.01633988,0.2141717,0.0029199065,0.4,0.0,0.32525864,0.011432368
375316653866487564,5213618370635360896,0.6530721,2212.5554995941393,1.3578279802616389,1.4337416E-5,15.594683,0.004101307,0.16051711,0.0017502262,0.045982104,0.0057627037,0.08376594,0.010307546,0.6597465,0.0013483544,0.047973223,0.0012206462,0.46785185,0.014981797,0.020538945,0.0068894033,0.16051711,0.0017502262,"TWOGAUSSIANS_WITH_ELLIPSOIDAL_ON_ECLIPSE1",9,17.909588,0.6597565,0.0013341922,0.26865003,0.0068356185,0.5089281,0.0088863,0.16051711,0.0017502262,0.25749978,0.03227114,0.12484314,0.00973061
375316653866487564,5213618886029125248,0.42280954,2236.5847098303284,0.737818992790965,3.6008903E-5,18.81522,0.010856565,0.30696195,0.008832779,0.07978678,0.020808984,0.22986469,0.16017623,0.8326021,0.0043371366,0.026133457,0.0062912297,0.19286588,0.035835948,null,null,null,null,"TWOGAUSSIANS",8,7.798797,0.30696195,0.008832779,0.4,0.031366948,0.22986297,0.16018195,0.8326021,0.0043371366,0.14634736,0.035230886,0.19286416,0.035837874
375316653866487564,5213630529685003520,0.55667937,2179.9008132242348,3.6420421485452956,1.2595608E-5,17.274252,0.061288446,0.2496809,0.003925973,0.12576707,0.024005579,0.2308905,0.059259504,0.7448111,0.0042280457,0.11702176,0.024452778,0.18607606,0.0589222,null,null,null,null,"TWOGAUSSIANS",8,4.1411357,0.2497009,0.003968432,0.4,0.0,0.18310459,0.0075620264,0.7448111,0.0042280457,0.4,0.0,0.13842177,0.00884128
375316653866487564,5213646030224678528,0.5686096,2204.641413456434,1.9780052512569786,1.6670514E-5,17.137682,0.0020392763,0.22818013,3.1705055E-4,0.025439491,4.7571617E-4,0.31849787,0.0037231601,0.7228849,0.0035623598,0.030062769,0.0049018087,0.16756855,0.06924703,null,null,null,null,"TWOGAUSSIANS",8,4.038355,0.22818013,3.1705055E-4,0.14246115,0.0026640105,0.31849787,0.0037231601,0.7228849,0.0035623598,0.1683515,0.027450128,0.16756855,0.06924703
375316653866487564,5213656647384003968,0.5167921,2162.7437830844474,1.3158069179075886,5.6402343E-5,16.508795,0.002023347,0.14421493,0.01216145,0.029031223,0.035786312,0.054676626,1.132359E16,0.6290852,0.0035427257,0.025454337,0.00431753,0.15065938,0.03736412,0.01189248,0.0034929002,0.14421493,0.01216145,"TWOGAUSSIANS_WITH_ELLIPSOIDAL_ON_ECLIPSE1",9,8.108389,0.6292052,0.0035516398,0.14254428,0.024178168,0.17423172,0.03688459,0.14421493,0.01216145,0.16257484,0.20040335,0.07846156,1.132359E16
375316653866487564,5213684753650090240,0.42763504,2205.9793549291076,0.04582442232845373,5.6448913E-5,15.573199,0.0017136937,0.39026693,0.012996167,0.1173861,0.018392231,0.022021784,0.0023652466,0.7972211,0.013166983,0.048671383,0.010073475,0.0109588,0.0025358533,null,null,null,null,"TWOGAUSSIANS",8,5.687241,0.39026693,0.012996167,0.4,0.0,0.021965837,0.0023583227,0.7972211,0.013166983,0.27255976,0.05641146,0.010956994,0.002542099
375316653866487564,5213685200326665472,0.5165679,2175.9806008395394,2.829880913405436,3.48169E-5,13.297754,0.49574012,0.27230713,0.008706225,0.18336499,0.07046263,0.66137034,0.4556591,0.77428865,0.0055719,0.19308466,0.07816472,0.66841924,0.4624092,null,null,null,null,"TWOGAUSSIANS",8,433.28778,0.2711771,0.007828248,0.4,0.0,0.16130765,0.010449073,0.7753186,0.005881706,0.4,0.0,0.15371421,0.014279117
375316653866487564,5213702070958060032,0.47609937,2214.436652928544,1.826923865125303,3.0448853E-5,14.424686,0.009705857,0.15798979,0.009864706,0.11027319,0.020393522,0.060752116,0.009246745,0.6311621,0.005687202,0.10333306,0.009462562,0.120336145,0.010741974,null,null,null,null,"TWOGAUSSIANS",8,81.23606,0.6311621,0.005687202,0.4,0.0,0.1123786,0.0073552346,0.15801978,0.009865987,0.4,0.0,0.05279144,0.00588269
375316653866487564,5213702994374098688,0.55385196,2210.593704208863,1.8777310683378063,7.707465E-6,17.532797,0.003928198,0.3800329,0.0021120189,0.024795804,0.0018621697,1.0035768,0.25782433,0.6979894,0.067877956,0.12165474,0.06661071,0.019000955,0.005978448,null,null,null,null,"TWOGAUSSIANS",8,4.0426617,0.38004288,0.0021092454,0.1388565,0.010428151,1.0041931,0.26009434,0.6979894,0.067877956,0.4,0.0,0.018992793,0.0057326746
375316653866487564,5213706503364291584,0.6278489,2198.1528394197,1.4652782368476713,6.6004377E-6,14.778002,0.0065712216,0.21294177,0.0015270083,0.097657286,0.0032137954,0.2974225,0.0073322435,0.7167813,0.0019087159,0.08862728,0.0036057562,0.35175753,0.007657016,null,null,null,null,"TWOGAUSSIANS",8,33.51557,0.7167813,0.0019087159,0.4,0.0,0.33518246,0.007957801,0.21294177,0.0015270083,0.4,0.0,0.2808463,0.006576072
375316653866487564,5213709252143234304,0.52373224,2237.9193023727044,0.8933328269525339,7.682755E-6,16.620173,0.0041683903,0.25281957,0.008086449,0.02232801,0.004249382,0.28458795,0.11466128,0.6968201,0.058899596,0.10964998,0.05955093,0.023056487,0.011011839,null,null,null,null,"TWOGAUSSIANS",8,10.661639,0.25281957,0.008086655,0.12503685,0.023796538,0.28458697,0.11468602,0.6968201,0.058899596,0.4,0.0,0.023049105,0.011065763
375316653866487564,5213725843600125184,0.47080123,2181.369776506269,0.7790936351169027,2.3579907E-5,18.758484,0.0047904328,0.3546858,0.02297339,0.03275141,0.029801738,0.049626518,0.012440257,0.707878,0.0120607475,0.0287516,0.011584659,0.17010109,0.11486665,0.034888275,0.007690807,0.707878,0.0120607475,"TWOGAUSSIANS_WITH_ELLIPSOIDAL_ON_ECLIPSE2",9,2.255563,0.707878,0.0120607475,0.16100897,0.06487409,0.23987763,0.11552999,0.34488583,0.014270455,0.1834079,0.16688973,0.07709761,0.013061942
375316653866487564,5213745364225623552,0.54307175,2198.541950848163,4.197692256651972,1.6737242E-5,19.686728,0.0114343455,0.25148436,0.004333387,0.07060911,0.0036574078,0.63574713,0.033003546,0.75816494,0.007919516,0.07431853,0.005572711,0.7751586,0.1001517,null,null,null,null,"TWOGAUSSIANS",8,2.6026545,0.75816494,0.007919516,0.4,0.0011008437,0.7720388,0.10110799,0.25148436,0.004333387,0.39541098,0.018252874,0.6326274,0.03311154
375316653866487564,5213745536026891520,0.444184,2197.0923988999652,0.7791429170605331,2.428288E-5,18.893572,0.06620986,0.24882495,0.035547595,0.08194658,0.05198006,0.1528264,0.0761416,0.81125516,0.01606265,0.09025505,0.034288548,0.18286341,0.05721808,null,null,null,null,"TWOGAUSSIANS",8,7.0750637,0.81125516,0.015861573,0.4,0.0,0.18124495,0.02558861,0.24882495,0.035401117,0.4,0.0,0.15120928,0.027602648
375316653866487564,5213746429380102528,0.50984013,2210.5150442751315,2.09869307054838,2.6472177E-5,13.249775,0.02358281,0.24308936,0.0047987266,0.11039141,0.017312879,0.10622546,0.022968339,0.7281959,0.014761028,0.11419068,0.030633118,0.07941791,0.023503311,null,null,null,null,"TWOGAUSSIANS",8,52.59898,0.24311936,0.0047680675,0.4,0.0,0.09304849,0.0048905923,0.7281959,0.014761028,0.4,0.0,0.06623712,0.006739829
375316653866487564,5213757557639274112,0.5381361,2194.889787267604,0.9938320890556441,8.556916E-6,19.162624,0.007398787,0.28579322,0.0011669633,0.017036997,0.0014989037,0.21424839,0.011414048,0.7768851,0.0015332368,0.022802992,0.0014640606,0.59555626,0.026624378,null,null,null,null,"TWOGAUSSIANS",8,3.364934,0.7768851,0.0015332368,0.12769675,0.00819874,0.59555626,0.026624378,0.28579322,0.0011669633,0.09540719,0.008393861,0.21424839,0.011414048
375316653866487564,5213777318784876672,0.5607815,2194.781926895623,3.1602794428886036,6.879853E-6,17.762436,0.016296139,0.2974606,0.0024595044,0.10369508,0.00678586,0.26093236,0.015602195,0.79986084,0.0031802065,0.10086043,0.007548877,0.25471437,0.015880948,null,null,null,null,"TWOGAUSSIANS",8,3.643845,0.2974606,0.0024595044,0.4,0.0,0.235671,0.008464711,0.79986084,0.0031802065,0.4,0.0,0.22945535,0.010782209
375316653866487564,5213780411161262464,0.6087377,2188.2868532095563,2.5691732907119884,7.663026E-6,16.010399,0.007362552,0.23087859,0.003289586,0.08566404,0.0040419376,0.38499933,0.010045058,0.7304286,0.0022333516,0.07958876,0.003154173,0.38443667,0.010656793,null,null,null,null,"TWOGAUSSIANS",8,28.847265,0.23087859,0.003289586,0.4,0.0,0.3771576,0.009164412,0.7304286,0.0022333516,0.4,0.0,0.37659496,0.0101893125
375316653866487564,5213781132715770368,0.52516043,2231.808946501038,1.4084172286474073,8.744761E-6,16.945436,0.0051364987,0.2656575,0.008832425,0.050983377,0.0077641215,0.27423346,0.029568572,0.8189168,0.008502352,0.032171395,0.010390792,0.14064512,0.016986202,0.019964345,0.006068764,0.2656575,0.008832425,"TWOGAUSSIANS_WITH_ELLIPSOIDAL_ON_ECLIPSE1",9,20.163145,0.2656575,0.008832425,0.2855069,0.04347908,0.31416047,0.027883556,0.8189168,0.008502352,0.1801598,0.058188435,0.17626521,0.014727818
375316653866487564,5213785732623743232,0.49734673,2257.512432151282,0.7641190143743083,2.0379543E-5,16.944431,0.36349738,0.21385786,0.005278265,0.18632953,0.03357003,0.64479196,0.32816687,0.7192145,0.00588349,0.17803983,0.036645304,0.6390164,0.31852892,null,null,null,null,"TWOGAUSSIANS",8,10.566709,0.7216445,0.005999422,0.4,0.0,0.18355656,0.01414398,0.21166787,0.0043440335,0.4,0.0,0.17885685,0.01473439
375316653866487564,5213803157308149888,0.4985288,2192.0823945043244,3.0511798352243815,4.568232E-5,16.221727,0.106037565,0.25130802,0.009573662,0.09204955,0.070647426,0.17474055,0.09522356,0.7742836,0.010406309,0.10485883,0.033536304,0.22855888,0.099352196,null,null,null,null,"TWOGAUSSIANS",8,86.54932,0.7742836,0.009583978,0.4,0.0,0.21673721,0.019027162,0.25129804,0.009843562,0.4,0.0,0.16292685,0.014782766
375316653866487564,5213810952671190656,0.42744577,2236.278009608284,1.4089334748739668,4.1399588E-5,19.002405,0.052517362,0.26605436,0.014943557,0.113775976,0.050424367,0.12999758,0.047709525,0.7406191,0.01974028,0.08917357,0.041346177,0.13808195,0.048559725,null,null,null,null,"TWOGAUSSIANS",8,4.177787,0.7406191,0.01974028,0.4,0.0,0.12884004,0.020054888,0.26605436,0.014903331,0.4,0.0,0.12073106,0.015468313
375316653866487564,5213812876817569664,0.51877874,2241.120899674725,0.7012105646611857,1.5089514E-5,18.21381,0.006712281,0.42845425,0.0012916211,0.010545577,5.138555E-4,0.8164894,0.1320043,0.7952787,0.035572283,0.047805175,0.07386648,0.025847744,0.009949128,null,null,null,null,"TWOGAUSSIANS",8,3.214515,0.42845425,0.0012916211,0.05905523,0.0028775905,0.8164894,0.13200343,0.7952787,0.035572283,0.267709,0.27501002,0.025847744,0.009949142
375316653866487564,5213814702180312832,0.57296157,2194.806377475015,2.9051344684816502,1.2950072E-5,16.835094,0.0057884003,0.24465875,0.0027534422,0.07840876,0.0027581975,0.31781602,0.014014162,0.7373771,0.004745213,0.07530873,0.0055033346,0.3765341,0.0106168585,null,null,null,null,"TWOGAUSSIANS",8,19.499998,0.7373771,0.004745213,0.4,0.0,0.37355462,0.010755202,0.24465875,0.0027534422,0.4,0.0,0.31483653,0.013964553
375316653866487564,5213843564360300032,0.5010794,2193.2689970548163,0.7419300372102372,2.9249833E-5,16.26571,0.0059771324,0.72996163,0.003364618,0.021276059,0.0029018929,0.59623986,0.14608146,null,null,null,null,null,null,0.017751625,0.0068700677,0.72996163,0.003364618,"ONEGAUSSIAN_WITH_ELLIPSOIDAL",6,218.7105,0.72996163,0.003364618,0.11914593,0.0162506,0.63174313,0.14688392,null,null,null,null,null,null
375316653866487564,5213863042034805120,0.48754403,2137.475528238988,2.337113571896493,1.1842577E-4,18.136875,0.0068619177,0.31350508,0.034199703,0.07071547,0.03471369,0.10373973,0.16639322,0.7494446,0.0056960196,0.0349096,0.0037502814,0.36051622,0.030583354,null,null,null,null,"TWOGAUSSIANS",8,11.396249,0.7494446,0.0056960196,0.19549374,0.021001576,0.36051604,0.030583708,0.31350508,0.034199703,0.3960066,0.10321624,0.103739545,0.16639456
375316653866487564,5213881256993204864,0.5999508,2189.1234057461115,2.3532049834551567,8.941987E-6,15.911972,0.012992588,0.2553616,0.0017990194,0.10554079,0.0063611497,0.25048313,0.01223277,0.7578127,0.0045528356,0.099611714,0.0065104975,0.29606545,0.010478965,null,null,null,null,"TWOGAUSSIANS",8,16.69034,0.7578127,0.0045528356,0.4,0.0,0.2690443,0.0093169445,0.2553616,0.0017990194,0.4,0.0,0.22345728,0.010193077
