Gaia/vari_eclipsing_binary/VariEclipsingBinary_675569-675603.csv
# %ECSV 1.0
# ---
# delimiter: ','
# meta: !!omap
# - RELEASE: Gaia DR3
# - TABLE: vari_eclipsing_binary
# - DESCRIPTION: >
#     This table describes the properties of the eclipsing binaries resulting from the variability analysis. 
# - CITATION: >
#     How to cite and acknowledge Gaia: 
#     https://gea.esac.esa.int/archive/documentation/credits.html 
# - KNOWN_ISSUES: >
#     Known issues: 
#     https://www.cosmos.esa.int/web/gaia-users/known-issues 
# - DOCUMENTATION: >
#     Tutorials and documentation: 
#     https://www.cosmos.esa.int/web/gaia-users/archive 
# datatype:
# - 
#   name: solution_id
#   datatype: int64
#   description: Solution Identifier
#   meta:
#     ucd: meta.version
# - 
#   name: source_id
#   datatype: int64
#   description: Unique source identifier
#   meta:
#     ucd: meta.id;meta.main
# - 
#   name: global_ranking
#   datatype: float32
#   description: Number between 0 (worst) and 1 (best)
#   meta:
#     ucd: stat.param
# - 
#   name: reference_time
#   datatype: float64
#   unit: d
#   description: Reference time used for the geometric model fit
#   meta:
#     ucd: time.epoch
# - 
#   name: frequency
#   datatype: float64
#   unit: d**-1
#   description: Frequency of geometric model of the eclipsing binary light curve
#   meta:
#     ucd: src.orbital
# - 
#   name: frequency_error
#   datatype: float32
#   unit: d**-1
#   description: "Uncertainty of \\texttt{frequency}"
#   meta:
#     ucd: stat.error
# - 
#   name: geom_model_reference_level
#   datatype: float32
#   unit: mag
#   description: Magnitude reference level of geometric model
#   meta:
#     ucd: phot.mag;em.opt
# - 
#   name: geom_model_reference_level_error
#   datatype: float32
#   unit: mag
#   description: "Uncertainty of \\texttt{geomModelReferenceLevel}"
#   meta:
#     ucd: stat.error;phot.mag;em.opt
# - 
#   name: geom_model_gaussian1_phase
#   datatype: float32
#   description: Phase of the Gaussian 1 component
#   meta:
#     ucd: time.phase
# - 
#   name: geom_model_gaussian1_phase_error
#   datatype: float32
#   description: "Uncertainty of \\texttt{geomModelGaussian1Phase}"
#   meta:
#     ucd: stat.error;time.phase
# - 
#   name: geom_model_gaussian1_sigma
#   datatype: float32
#   description: "Standard deviation [phase] of Gaussian 1 component"
#   meta:
#     ucd: stat.stdev
# - 
#   name: geom_model_gaussian1_sigma_error
#   datatype: float32
#   description: "Uncertainty of \\texttt{geomModelGaussian1Sigma}"
#   meta:
#     ucd: stat.error
# - 
#   name: geom_model_gaussian1_depth
#   datatype: float32
#   unit: mag
#   description: Magnitude depth of Gaussian 1 component
#   meta:
#     ucd: src.var.amplitude
# - 
#   name: geom_model_gaussian1_depth_error
#   datatype: float32
#   unit: mag
#   description: "Uncertainty of \\texttt{geomModelGaussian1Depth}"
#   meta:
#     ucd: stat.error;src.var.amplitude
# - 
#   name: geom_model_gaussian2_phase
#   datatype: float32
#   description: Phase of Gaussian 2 component
#   meta:
#     ucd: time.phase
# - 
#   name: geom_model_gaussian2_phase_error
#   datatype: float32
#   description: "Uncertainty of \\texttt{geomModelGaussian2Phase}"
#   meta:
#     ucd: stat.error;time.phase
# - 
#   name: geom_model_gaussian2_sigma
#   datatype: float32
[...]
#   datatype: float32
#   description: "Secondary eclipse: uncertainty of \\texttt{derivedSecondaryEclDuration}"
#   meta:
#     ucd: stat.error;time.duration
# - 
#   name: derived_secondary_ecl_depth
#   datatype: float32
#   unit: mag
#   description: "Secondary eclipse: depth"
#   meta:
#     ucd: src.var.amplitude
# - 
#   name: derived_secondary_ecl_depth_error
#   datatype: float32
#   unit: mag
#   description: "Secondary eclipse: uncertainty of \\texttt{derivedSecondaryEclDepth}"
#   meta:
#     ucd: stat.error;src.var.amplitude
solution_id,source_id,global_ranking,reference_time,frequency,frequency_error,geom_model_reference_level,geom_model_reference_level_error,geom_model_gaussian1_phase,geom_model_gaussian1_phase_error,geom_model_gaussian1_sigma,geom_model_gaussian1_sigma_error,geom_model_gaussian1_depth,geom_model_gaussian1_depth_error,geom_model_gaussian2_phase,geom_model_gaussian2_phase_error,geom_model_gaussian2_sigma,geom_model_gaussian2_sigma_error,geom_model_gaussian2_depth,geom_model_gaussian2_depth_error,geom_model_cosine_half_period_amplitude,geom_model_cosine_half_period_amplitude_error,geom_model_cosine_half_period_phase,geom_model_cosine_half_period_phase_error,model_type,num_model_parameters,reduced_chi2,derived_primary_ecl_phase,derived_primary_ecl_phase_error,derived_primary_ecl_duration,derived_primary_ecl_duration_error,derived_primary_ecl_depth,derived_primary_ecl_depth_error,derived_secondary_ecl_phase,derived_secondary_ecl_phase_error,derived_secondary_ecl_duration,derived_secondary_ecl_duration_error,derived_secondary_ecl_depth,derived_secondary_ecl_depth_error
[from data line 37]
375316653866487564,5942377735548574336,0.5644554,2198.010290046551,2.517856536208475,9.543667E-6,18.834272,0.019577611,0.2435872,0.0028963943,0.056685187,0.009039924,0.16917107,0.038556546,0.74270314,0.006848385,0.047527235,0.007638653,0.24385348,0.044986986,0.09686106,0.022515452,0.2435872,0.0028963943,"TWOGAUSSIANS_WITH_ELLIPSOIDAL_ON_ECLIPSE1",9,4.1574526,0.7428131,0.0060675177,0.2661525,0.042776454,0.43755984,0.014217606,0.2435872,0.0028963943,0.31743705,0.05062357,0.36288267,0.012844847
375316653866487564,5942378457142783872,0.4530605,2224.9722713311908,0.023419866754384684,1.0795882E-6,16.011972,0.004682526,0.18314286,3.323729E-6,6.9938734E-4,3.2577158E-5,0.21998507,0.0044876034,0.8015326,0.019411536,0.04516451,0.011144755,0.038571652,0.0101582045,null,null,null,null,"TWOGAUSSIANS",8,66.659744,0.18314286,3.323729E-6,0.003916569,1.824321E-4,0.21998507,0.0044876034,0.8015326,0.019411536,0.25292125,0.06241063,0.038571652,0.0101582045
375316653866487564,5942378590240482432,0.48834014,2161.236057482156,0.3456261493412827,9.904998E-6,18.483704,0.00479154,0.32100713,0.0037459042,0.019759692,0.004050285,0.18155482,0.04380324,0.82305753,0.009212633,0.013472581,0.0038026823,0.2332188,0.086929,null,null,null,null,"TWOGAUSSIANS",8,3.521961,0.82305753,0.009212633,0.07544646,0.02129502,0.2332188,0.086929,0.32100713,0.0037459042,0.11065428,0.022681596,0.18155482,0.04380324
375316653866487564,5942378903819302272,0.48939094,2219.5325713196526,0.06625476013201512,8.229763E-5,11.849927,0.0021640514,0.22772816,0.008283864,0.033514567,0.009630119,0.07953908,0.007924576,0.6913023,0.0032817503,0.0072321063,0.004960078,0.026102524,0.02190836,0.020971943,0.00244225,0.22772816,0.008283864,"TWOGAUSSIANS_WITH_ELLIPSOIDAL_ON_ECLIPSE1",9,160.20282,0.22772816,0.008283864,0.18768159,0.053928666,0.121482864,0.0073812623,0.6915323,0.0032762922,0.040499795,0.027776435,0.065900825,0.021957539
375316653866487564,5942379728414184448,0.4809997,2155.4387505712148,0.04284769988968155,4.790742E-5,19.363907,0.02663826,0.37743753,0.021743897,0.09699358,0.022509897,0.45736554,0.049146686,0.6996177,0.005698792,0.038285658,0.006398214,0.87032324,0.19622487,null,null,null,null,"TWOGAUSSIANS",8,7.2234635,0.6996177,0.005698792,0.21439968,0.03583,0.8721577,0.19790506,0.37743753,0.021743897,0.4,0.0,0.45736185,0.0491458
375316653866487564,5942380449968871296,0.52253413,2107.5204808279705,2.8638892149552055,2.59864E-5,18.467611,0.01217339,0.2511949,0.010304863,0.09195939,0.013223878,0.2564058,0.015725518,0.76495063,0.00531524,0.0886288,0.009218084,0.22047937,0.018084953,null,null,null,null,"TWOGAUSSIANS",8,3.6227984,0.2511949,0.010304863,0.4,0.0,0.2480852,0.013699506,0.76495063,0.00531524,0.4,0.0,0.21215893,0.017909432
375316653866487564,5942380862285931264,0.588814,2130.9712223773813,0.6063120349092457,2.9513726E-6,19.061026,0.005203954,0.19277783,0.0012700384,0.0268328,8.2648365E-4,0.8209124,0.018881403,0.65883166,0.02130779,0.039345384,0.02071834,0.07870176,9.436878,0.04150931,0.007709267,0.19277783,0.0012700384,"TWOGAUSSIANS_WITH_ELLIPSOIDAL_ON_ECLIPSE1",9,2.5932925,0.19277783,0.0012700384,0.15026368,0.0046283086,0.9039309,0.019392664,0.66264164,0.018957363,0.22033416,0.116022706,0.15841103,9.438033
375316653866487564,5942381412040702080,0.5502434,2154.1326110734126,2.952324039319855,1.2404049E-5,19.575708,0.01779719,0.216879,0.006315407,0.07073258,0.006975081,0.5415785,0.030509569,0.7199234,0.009873261,0.07604215,0.013525363,0.5122872,0.1357125,null,null,null,null,"TWOGAUSSIANS",8,2.1596336,0.216879,0.006315407,0.39610246,0.021503558,0.5386196,0.029769212,0.7199234,0.009873261,0.4,0.025237989,0.50932825,0.13819091
375316653866487564,5942381652559702016,0.4664088,2163.8833524330075,1.4336807128502098,1.8446193E-5,19.28887,0.30378252,0.18937539,0.0055785705,0.09575092,0.03660334,0.29726407,0.19961005,0.6996375,0.009600766,0.13119476,0.12772194,0.19816834,0.29261625,null,null,null,null,"TWOGAUSSIANS",8,2.2901495,0.18930538,0.0052420944,0.4,0.0,0.26101574,0.029576503,0.6996375,0.009568264,0.4,0.0,0.16163118,0.014125562
375316653866487564,5942381790037486592,0.5918753,2137.061993998,1.7763523523627778,6.1816518E-6,17.95509,0.005400862,0.23246504,0.0017189068,0.06762307,0.0026842363,0.3378941,0.01020976,0.7277468,0.0021491423,0.07675943,0.0032491097,0.49472997,0.017450605,null,null,null,null,"TWOGAUSSIANS",8,5.068634,0.7277468,0.0021491423,0.4,0.0,0.49289706,0.017840873,0.23246504,0.0017189068,0.37868923,0.015031722,0.3360612,0.01031517
375316653866487564,5942381961797592576,0.61921865,2178.2325802761156,2.5763535585479813,4.7221024E-6,17.433798,0.0042884415,0.23243502,0.0017211417,0.08113515,0.0029693446,0.3315434,0.0051410752,0.7390082,0.0013994605,0.08053249,0.0023553798,0.27945888,0.010693357,null,null,null,null,"TWOGAUSSIANS",8,2.1223752,0.23243502,0.0017211417,0.4,0.0,0.32705107,0.0052657733,0.7390082,0.0013994605,0.4,0.0,0.27496657,0.010942792
375316653866487564,5942383434964044160,0.53099054,2139.2646766571215,1.1029045457535165,2.239413E-5,19.2276,0.0054955175,0.19113654,0.004701038,0.032862995,0.0030569925,0.34100696,0.024795119,0.6885362,0.010545436,0.02797855,0.009814603,0.54863,0.1448922,null,null,null,null,"TWOGAUSSIANS",8,3.1557353,0.6885362,0.010545436,0.15667988,0.05496178,0.54863,0.1448922,0.19113654,0.004701038,0.18403278,0.017119158,0.34100696,0.024795119
375316653866487564,5942383508024464000,0.62776,2174.8106025961442,1.02371706388563,4.458593E-6,14.520033,0.0027221092,0.18019049,0.0011556941,0.038709998,0.0015926978,0.32863694,0.0072188023,0.6786468,0.0027632539,0.030111494,0.004811571,0.045792904,0.006694781,0.023103133,0.0038185199,0.18019049,0.0011556941,"TWOGAUSSIANS_WITH_ELLIPSOIDAL_ON_ECLIPSE1",9,52.03202,0.18019049,0.0011556941,0.216776,0.008919108,0.37484312,0.005499688,0.6787468,0.0025859014,0.16862436,0.026944797,0.09199501,0.005477268
375316653866487564,5942383542384200832,0.43264085,2141.1619093472045,0.11717164311768023,9.8761346E-5,19.703136,0.013692845,0.11125732,0.004108558,0.03409184,0.0062878453,0.11645166,0.026294414,0.81083214,0.052091245,0.07365985,0.027620694,0.27748823,0.10122034,null,null,null,null,"TWOGAUSSIANS",8,2.2087963,0.81083214,0.052091245,0.4,0.13026714,0.27748823,0.10122034,0.11121732,0.004090013,0.19091432,0.035211932,0.1165195,0.026329976
375316653866487564,5942383675486262784,0.55025643,2150.441973352733,3.7883637561289665,1.1459393E-5,18.629429,0.01010349,0.26070553,0.0035182962,0.074561246,0.003908922,0.3507193,0.013621608,0.7456702,0.0039751995,0.08324255,0.004760832,0.39577764,0.02507865,null,null,null,null,"TWOGAUSSIANS",8,2.619084,0.7456702,0.0039751995,0.4,0.0,0.39214686,0.025132183,0.26070553,0.0035182962,0.4,0.0,0.34708852,0.012857696
375316653866487564,5942384362677254272,0.5586377,2119.3280155321127,2.383660264715879,1.2381967E-5,18.544516,0.009965484,0.21505454,0.0034350425,0.065751135,0.0048854477,0.40492126,0.01903108,0.710542,0.0040052356,0.07432537,0.003527145,0.7699851,0.074906595,null,null,null,null,"TWOGAUSSIANS",8,5.7717166,0.710542,0.0040052356,0.4,0.0,0.7682567,0.07515467,0.21505454,0.0034350425,0.36820635,0.027358508,0.40319294,0.019177768
375316653866487564,5942385054174492544,0.49154982,2112.9106796786878,1.8506565151939136,1.7504433E-5,18.912945,0.7469485,0.3578559,0.009730106,0.15934691,0.038178254,0.8096588,0.5664673,0.86725163,0.012018423,0.21633308,0.09927795,0.74140185,0.7312247,null,null,null,null,"TWOGAUSSIANS",8,2.0056496,0.35385588,0.0063471743,0.4,0.0,0.31668943,0.01168172,0.8705616,0.009988818,0.4,0.0,0.15730725,0.00891701
375316653866487564,5942385122893962112,0.47226608,2129.1266180912176,1.1143478358489556,3.3870452E-5,19.397495,0.008475764,0.15892762,0.007264559,0.041301273,0.004925513,0.3352457,0.0237906,0.66121906,0.0075032623,0.021831302,0.004743721,0.15725526,0.025799075,null,null,null,null,"TWOGAUSSIANS",8,3.3827293,0.15892762,0.007264559,0.23128714,0.027582873,0.3352457,0.0237906,0.66121906,0.0075032623,0.122255296,0.026564837,0.15725526,0.025799075
375316653866487564,5942385496552225152,0.5025999,2198.0222099361376,1.8379387705844985,1.2403703E-5,15.990863,0.013740266,0.1635743,0.0047296607,0.0781131,0.010327759,0.29575378,0.023579879,0.6239593,0.006782593,0.1137081,0.015953701,0.12756655,0.014084184,null,null,null,null,"TWOGAUSSIANS",8,66.63535,0.16359429,0.0047436184,0.4,4.195915E-4,0.2892028,0.02575277,0.6239593,0.006782593,0.4,0.0,0.12097876,0.011560003
375316653866487564,5942386119364992768,0.49276435,2185.071770188278,0.3060904375147234,1.0572049E-4,15.849047,8.2663697E-4,0.42723688,0.0043369117,0.023487957,0.012036311,0.060355164,0.010549244,0.9236975,0.0016467355,0.009685246,0.002460171,0.066517346,0.0016847497,null,null,null,null,"TWOGAUSSIANS",8,5.9062543,0.9236975,0.0016467355,0.054237377,0.013776957,0.066517346,0.0016847497,0.42723688,0.0043369117,0.13153256,0.06740335,0.060355164,0.010549244
375316653866487564,5942387425035119744,0.62878793,2185.9040953279396,0.3445917891356141,3.6832218E-6,17.116692,0.0015506815,0.12976187,0.0020815837,0.019343141,0.002573144,0.67758125,0.17851636,0.62919843,9.484786E-4,0.019785237,7.713685E-4,0.6020807,0.043258492,null,null,null,null,"TWOGAUSSIANS",8,4.443557,0.12976187,0.0020815837,0.10832159,0.014409606,0.67758125,0.17851636,0.62919843,9.484786E-4,0.11079733,0.0043196636,0.6020807,0.043258492
375316653866487564,5942387837316103424,0.5106763,2159.863138457535,3.0909889909107386,9.220355E-6,19.080822,0.015911594,0.24228762,0.0037339982,0.08814292,0.009933071,0.27430996,0.021896422,0.7387364,0.0040468224,0.08619895,0.0063744728,0.36790544,0.020332059,null,null,null,null,"TWOGAUSSIANS",8,2.0024064,0.7387364,0.0040468224,0.4,0.0,0.35813203,0.018645387,0.24228762,0.0037339982,0.4,0.0,0.26453656,0.023948396
375316653866487564,5942387906071437184,0.4731449,2179.3150002601765,1.378098247645741,2.9059509E-5,15.750402,0.0024148913,0.8555288,0.0050111357,0.031101536,0.007816654,0.0877924,0.0068662525,null,null,null,null,null,null,0.0100170085,0.0039052693,0.8555288,0.0050111357,"ONEGAUSSIAN_WITH_ELLIPSOIDAL",6,27.690208,0.8555288,0.0050111357,0.1741686,0.043773264,0.107826404,0.006377009,null,null,null,null,null,null
375316653866487564,5942387940395431680,0.48575515,2165.251018411538,2.5573824375283034,1.6592669E-5,19.515326,0.04253889,0.26599076,0.0038547162,0.0774503,0.012046815,0.3874195,0.04197379,0.7774793,0.0067893914,0.08218178,0.014273881,0.4506999,0.045857813,null,null,null,null,"TWOGAUSSIANS",8,3.721212,0.7774793,0.0067893914,0.4,0.0,0.445763,0.045059793,0.26599076,0.0038547162,0.4,0.021813963,0.38248262,0.03969068
375316653866487564,5942388627626009984,0.56218827,2163.015734959837,1.3264085183174255,2.4001489E-5,15.663802,0.005019052,0.8067694,0.009139821,0.026854888,0.0057109073,0.5122851,0.04059711,null,null,null,null,null,null,null,null,null,null,"ONEGAUSSIAN",5,142.94746,0.8067694,0.009139821,0.15038736,0.03198108,0.5122851,0.0,null,null,null,null,null,null
375316653866487564,5942389207401232512,0.5741483,2184.4777135250756,0.4192860484107045,5.872064E-6,18.080477,0.0034516898,0.3411159,6.253286E-4,0.02813182,6.1910786E-4,0.46528274,0.005150428,0.8469676,0.008566495,0.023287911,0.008271794,0.039773785,0.006029728,null,null,null,null,"TWOGAUSSIANS",8,3.9286463,0.3411159,6.253286E-4,0.15753819,0.003467004,0.46528274,0.005150428,0.8469676,0.008566495,0.1304123,0.046322044,0.039773785,0.006029728
375316653866487564,5942389246065740288,0.50842744,2145.715256010713,1.7940263346104524,1.7877346E-5,19.200266,0.011482462,0.25589874,0.011268593,0.09847577,0.016420659,0.14730819,0.012058141,0.74994606,0.0060349707,0.08264008,0.008058045,0.29575935,0.015135238,null,null,null,null,"TWOGAUSSIANS",8,1.9759295,0.74994606,0.0060349707,0.4,0.0,0.28772125,0.014123407,0.25589874,0.011268593,0.4,0.0,0.1392693,0.00922542
375316653866487564,5942390135117084416,0.49026802,2119.479176591118,0.9385140949596277,6.866478E-5,19.159117,0.0066452413,0.15754773,0.004984058,0.03209276,0.00422151,0.5663021,0.07649583,0.7445921,0.051501,0.04257495,0.051505465,0.08593058,0.6119222,null,null,null,null,"TWOGAUSSIANS",8,6.800595,0.15754773,0.004984058,0.17971946,0.023640458,0.5663021,0.07649533,0.7445921,0.051501,0.23841971,0.18637848,0.08593058,0.6119229
375316653866487564,5942390684869914240,0.57100695,2137.7862640755848,2.4007132281028385,7.034355E-6,18.229269,0.014826875,0.24461992,0.0115629565,0.05836818,0.016666071,0.2574437,0.2055989,0.7606784,0.0022330491,0.0483301,0.0070554563,0.33069614,0.06379128,0.122212596,0.017240943,0.7606784,0.0022330491,"TWOGAUSSIANS_WITH_ELLIPSOIDAL_ON_ECLIPSE2",9,5.860335,0.7606784,0.0022330491,0.27064857,0.039510556,0.5751125,0.072642624,0.24787992,0.008186819,0.3268618,0.093329996,0.49988165,0.2244772
375316653866487564,5942390860972492672,0.5770292,2098.438674167469,1.0287400962934514,7.709386E-6,18.775452,0.006893905,0.24371369,0.0036375674,0.016377483,0.0030756968,0.6337229,0.03710321,0.74255794,7.273798E-4,0.017922543,9.2715514E-4,0.4087702,0.016076649,null,null,null,null,"TWOGAUSSIANS",8,4.6151495,0.24371369,0.0036375674,0.091713905,0.017223902,0.6337229,0.03710321,0.74255794,7.273798E-4,0.10036624,0.005192069,0.4087702,0.016076649
375316653866487564,5942390861008788096,0.44691485,2138.0657427791575,4.282160576669415,1.3457807E-5,16.657104,0.006824619,0.15239644,0.006193947,0.038861636,0.01811692,0.12980069,0.22977717,0.41153958,0.004255709,0.03326052,0.0049180356,0.10871461,0.013034618,0.011098776,0.008808997,0.41153958,0.004255709,"TWOGAUSSIANS_WITH_ELLIPSOIDAL_ON_ECLIPSE2",9,36.682083,0.41153958,0.004255709,0.18625891,0.027541,0.13091215,0.015608402,0.15220645,0.006380509,0.21762517,0.10145474,0.12987538,0.2297371
375316653866487564,5942393571091680768,0.44361243,2102.2640154137534,1.2679016064169575,2.6604497E-5,19.700132,0.011267122,0.23027474,0.0016928213,0.016828993,0.0022908056,0.33494034,0.025741873,0.7417534,0.026240699,0.06599412,0.024607254,0.077398784,0.024597935,null,null,null,null,"TWOGAUSSIANS",8,3.2881198,0.23027474,0.0016928213,0.09424236,0.012828511,0.33494034,0.02574188,0.7417534,0.026240699,0.3695671,0.07770514,0.077398784,0.024598032
375316653866487564,5942394739318145408,0.55606407,2140.7102981770363,0.12876771488626604,4.1547893E-5,18.543903,0.0032683804,0.1644639,0.0061707417,0.045826763,0.008558319,0.6259105,1.8811725,0.68013006,9.225231E-4,0.011142033,0.0010165061,0.66479844,0.11961178,null,null,null,null,"TWOGAUSSIANS",8,3.0951748,0.68013006,9.225231E-4,0.062395386,0.0056924345,0.66479844,0.11961178,0.1644639,0.0061707417,0.25662985,0.047926586,0.6259105,1.8811725
375316653866487564,5942395014196212992,0.57367086,2142.978154225253,0.4921402672529616,1.3386813E-5,18.803114,0.0043928977,0.25595006,0.0045363763,0.043234255,0.0032729292,0.658796,0.03440293,0.7580323,0.004002904,0.04126195,0.0035585645,0.12685718,0.008391198,null,null,null,null,"TWOGAUSSIANS",8,2.2585175,0.25595006,0.0045363763,0.24211183,0.018328404,0.658796,0.03440293,0.7580323,0.004002904,0.23106691,0.01992796,0.12685716,0.008391195
375316653866487564,5942395185995182592,0.50346726,2184.7120272807197,0.7269190714233668,2.7468977E-5,17.168407,0.004965553,0.1710238,0.0118467305,0.030036107,0.021015422,0.12497321,0.018707953,0.6670816,0.011139708,0.021210093,0.00960748,0.027971499,0.015241894,0.013447363,0.0072591086,0.1710238,0.0118467305,"TWOGAUSSIANS_WITH_ELLIPSOIDAL_ON_ECLIPSE1",9,4.4334955,0.1710238,0.0118467305,0.1682022,0.11768637,0.15186793,0.029976463,0.6672116,0.010949022,0.11877652,0.053801887,0.05485026,0.00835573
