Gaia/vari_eclipsing_binary/VariEclipsingBinary_461922-461932.csv
# %ECSV 1.0
# ---
# delimiter: ','
# meta: !!omap
# - RELEASE: Gaia DR3
# - TABLE: vari_eclipsing_binary
# - DESCRIPTION: >
#     This table describes the properties of the eclipsing binaries resulting from the variability analysis. 
# - CITATION: >
#     How to cite and acknowledge Gaia: 
#     https://gea.esac.esa.int/archive/documentation/credits.html 
# - KNOWN_ISSUES: >
#     Known issues: 
#     https://www.cosmos.esa.int/web/gaia-users/known-issues 
# - DOCUMENTATION: >
#     Tutorials and documentation: 
#     https://www.cosmos.esa.int/web/gaia-users/archive 
# datatype:
# - 
#   name: solution_id
#   datatype: int64
#   description: Solution Identifier
#   meta:
#     ucd: meta.version
# - 
#   name: source_id
#   datatype: int64
#   description: Unique source identifier
#   meta:
#     ucd: meta.id;meta.main
# - 
#   name: global_ranking
#   datatype: float32
#   description: Number between 0 (worst) and 1 (best)
#   meta:
#     ucd: stat.param
# - 
#   name: reference_time
#   datatype: float64
#   unit: d
#   description: Reference time used for the geometric model fit
#   meta:
#     ucd: time.epoch
# - 
#   name: frequency
#   datatype: float64
#   unit: d**-1
#   description: Frequency of geometric model of the eclipsing binary light curve
#   meta:
#     ucd: src.orbital
# - 
#   name: frequency_error
#   datatype: float32
#   unit: d**-1
#   description: "Uncertainty of \\texttt{frequency}"
#   meta:
#     ucd: stat.error
# - 
#   name: geom_model_reference_level
#   datatype: float32
#   unit: mag
#   description: Magnitude reference level of geometric model
#   meta:
#     ucd: phot.mag;em.opt
# - 
#   name: geom_model_reference_level_error
#   datatype: float32
#   unit: mag
#   description: "Uncertainty of \\texttt{geomModelReferenceLevel}"
#   meta:
#     ucd: stat.error;phot.mag;em.opt
# - 
#   name: geom_model_gaussian1_phase
#   datatype: float32
#   description: Phase of the Gaussian 1 component
#   meta:
#     ucd: time.phase
# - 
#   name: geom_model_gaussian1_phase_error
#   datatype: float32
#   description: "Uncertainty of \\texttt{geomModelGaussian1Phase}"
#   meta:
#     ucd: stat.error;time.phase
# - 
#   name: geom_model_gaussian1_sigma
#   datatype: float32
#   description: "Standard deviation [phase] of Gaussian 1 component"
#   meta:
#     ucd: stat.stdev
# - 
#   name: geom_model_gaussian1_sigma_error
#   datatype: float32
#   description: "Uncertainty of \\texttt{geomModelGaussian1Sigma}"
#   meta:
#     ucd: stat.error
# - 
#   name: geom_model_gaussian1_depth
#   datatype: float32
#   unit: mag
#   description: Magnitude depth of Gaussian 1 component
#   meta:
#     ucd: src.var.amplitude
# - 
#   name: geom_model_gaussian1_depth_error
#   datatype: float32
#   unit: mag
#   description: "Uncertainty of \\texttt{geomModelGaussian1Depth}"
#   meta:
#     ucd: stat.error;src.var.amplitude
# - 
#   name: geom_model_gaussian2_phase
#   datatype: float32
#   description: Phase of Gaussian 2 component
#   meta:
#     ucd: time.phase
# - 
#   name: geom_model_gaussian2_phase_error
#   datatype: float32
#   description: "Uncertainty of \\texttt{geomModelGaussian2Phase}"
#   meta:
#     ucd: stat.error;time.phase
# - 
#   name: geom_model_gaussian2_sigma
#   datatype: float32
[...]
#   datatype: float32
#   description: "Secondary eclipse: uncertainty of \\texttt{derivedSecondaryEclDuration}"
#   meta:
#     ucd: stat.error;time.duration
# - 
#   name: derived_secondary_ecl_depth
#   datatype: float32
#   unit: mag
#   description: "Secondary eclipse: depth"
#   meta:
#     ucd: src.var.amplitude
# - 
#   name: derived_secondary_ecl_depth_error
#   datatype: float32
#   unit: mag
#   description: "Secondary eclipse: uncertainty of \\texttt{derivedSecondaryEclDepth}"
#   meta:
#     ucd: stat.error;src.var.amplitude
solution_id,source_id,global_ranking,reference_time,frequency,frequency_error,geom_model_reference_level,geom_model_reference_level_error,geom_model_gaussian1_phase,geom_model_gaussian1_phase_error,geom_model_gaussian1_sigma,geom_model_gaussian1_sigma_error,geom_model_gaussian1_depth,geom_model_gaussian1_depth_error,geom_model_gaussian2_phase,geom_model_gaussian2_phase_error,geom_model_gaussian2_sigma,geom_model_gaussian2_sigma_error,geom_model_gaussian2_depth,geom_model_gaussian2_depth_error,geom_model_cosine_half_period_amplitude,geom_model_cosine_half_period_amplitude_error,geom_model_cosine_half_period_phase,geom_model_cosine_half_period_phase_error,model_type,num_model_parameters,reduced_chi2,derived_primary_ecl_phase,derived_primary_ecl_phase_error,derived_primary_ecl_duration,derived_primary_ecl_duration_error,derived_primary_ecl_depth,derived_primary_ecl_depth_error,derived_secondary_ecl_phase,derived_secondary_ecl_phase_error,derived_secondary_ecl_duration,derived_secondary_ecl_duration_error,derived_secondary_ecl_depth,derived_secondary_ecl_depth_error
[from data line 151]
375316653866487564,4063127882040640256,0.46599537,2196.2744978317596,1.524409261806079,7.031048E-5,18.863554,0.0092556365,0.3912829,0.0066947844,0.0672103,0.019382404,1.526642,9.229449,0.66159254,0.038412046,0.048998196,0.045401823,0.06937737,0.060996152,null,null,null,null,"TWOGAUSSIANS",8,3.1492264,0.3912829,0.0066889566,0.37637767,0.10681512,1.526642,9.229453,0.66159254,0.038412046,0.2743899,0.24842925,0.06984653,0.06265794
375316653866487564,4063127886301350400,0.46179122,2232.6745579095023,1.4493064979983177,1.8373663E-5,18.26035,0.006317571,null,null,null,null,null,null,null,null,null,null,null,null,0.13693658,0.00976326,0.31394994,0.0044565024,"ELLIPSOIDAL",4,11.814453,null,null,null,null,null,null,null,null,null,null,null,null
375316653866487564,4063127916400312064,0.467092,2265.3521646231393,0.23300675510002355,6.8896996E-5,17.844095,0.011766183,0.19930585,0.01371772,0.12028747,0.04017969,0.10229109,0.07753559,0.778645,0.021800317,0.07772318,0.016648466,0.1733762,0.016238978,null,null,null,null,"TWOGAUSSIANS",8,6.951517,0.778875,0.021783238,0.4,0.051912915,0.17024885,0.013836356,0.19930585,0.01371772,0.4,0.0,0.09893611,0.08030695
375316653866487564,4063127950760038272,0.44515717,2303.432318024613,1.151827369831987,9.23177E-5,16.908815,0.003816018,0.15727861,0.021842236,0.06500394,0.011594011,0.07357911,0.018603247,0.6038644,1.211539E-4,0.009153987,2.9334848E-4,0.26690602,0.010833302,null,null,null,null,"TWOGAUSSIANS",8,5.530628,0.6038644,1.211539E-4,0.051262327,0.0016427514,0.26690602,0.010833302,0.15727861,0.021842236,0.36402205,0.06202264,0.07357911,0.018603247
375316653866487564,4063127985120341632,0.45061287,2289.9685831393826,0.15459362009330482,2.5315408E-5,19.009325,0.008355371,null,null,null,null,null,null,null,null,null,null,null,null,0.18606815,0.01622261,0.22770175,0.0054651117,"ELLIPSOIDAL",4,7.1994305,null,null,null,null,null,null,null,null,null,null,null,null
375316653866487564,4063127989380589440,0.60928154,2225.285746461503,1.4290516376365534,1.41316605E-5,16.040693,0.006845796,0.2183183,0.0074639427,0.03482362,0.01778995,0.19169173,0.8016227,0.7276694,0.004514226,0.0450654,0.0055213505,0.54377955,0.021627136,0.093348004,0.01294892,0.7276694,0.004514226,"TWOGAUSSIANS_WITH_ELLIPSOIDAL_ON_ECLIPSE2",9,33.069496,0.7276694,0.004514226,0.25236621,0.030919563,0.7304752,0.027086668,0.2191183,0.00520375,0.19501227,0.099623725,0.37779835,0.8026545
375316653866487564,4063128019480059648,0.4446523,2330.658626056193,0.09563576500769944,1.7393126E-4,18.024445,0.034177583,0.33677208,0.015756682,0.087677896,0.020993112,0.25222427,0.06317994,0.9413312,0.042801995,0.1374824,0.072437674,0.055541065,0.03408884,null,null,null,null,"TWOGAUSSIANS",8,3.6579611,0.33620209,0.013224546,0.4,0.0,0.24815929,0.071880355,0.9415012,0.04272698,0.4,0.0,0.05058961,0.017270857
375316653866487564,4063128053772223488,0.47832993,2291.5891146765384,0.034358557211954605,4.8442405E-5,18.814001,0.12171897,0.4327327,0.024525052,0.09861522,0.070671275,0.2814601,0.10667922,0.8094278,0.061560996,0.11081143,0.043173447,0.15578926,0.097215824,null,null,null,null,"TWOGAUSSIANS",8,5.77763,0.4332527,0.026731966,0.4,0.0,0.27708355,0.036430087,0.8094278,0.061560996,0.4,0.0,0.15111768,0.064543575
375316653866487564,4063128092405424768,0.45392194,2251.9000257829134,0.28168649746998764,5.5409702E-5,18.494186,0.031852666,0.31480238,0.013536953,0.091926426,0.032579746,0.2542427,0.06177464,0.7903139,0.018250607,0.07492408,0.03997797,0.27442265,0.3224868,null,null,null,null,"TWOGAUSSIANS",8,7.158467,0.7903139,0.018250607,0.4,0.11941583,0.27068427,0.3303387,0.31480238,0.013536953,0.4,0.0,0.2505039,0.06915991
375316653866487564,4063128092459959680,0.4126941,2285.2555984387163,0.10521619108781198,6.43886E-5,17.154074,0.00958954,0.67209935,0.01819769,0.036402505,0.03470038,0.04406846,1.6076708,null,null,null,null,null,null,0.031457536,0.017451065,0.67209935,0.01819769,"ONEGAUSSIAN_WITH_ELLIPSOIDAL",6,31.320496,0.67209935,0.01819769,0.20385404,0.19432211,0.10698345,1.6129967,null,null,null,null,null,null
375316653866487564,4063128264258199296,0.51740605,2214.845234805984,0.14723270090010257,2.9370032E-5,18.32706,0.017217154,0.17375194,0.0059372284,0.06568385,0.014754786,0.30757973,0.075603426,0.7221415,0.008129569,0.10112037,0.013660668,0.1898153,0.02145911,null,null,null,null,"TWOGAUSSIANS",8,4.900993,0.17374194,0.005921733,0.36782956,0.05279811,0.3055901,0.07888499,0.7221415,0.008129569,0.4,0.0,0.18781672,0.01953191
375316653866487564,4063128264258217600,0.5066621,2218.6802621744378,0.041684745339666075,3.242349E-5,18.328236,0.024784122,0.23807998,0.007636883,0.0907064,0.018650552,0.24552424,0.033285096,0.70135516,0.0021883145,0.07312471,0.006376603,0.4546766,0.018085012,null,null,null,null,"TWOGAUSSIANS",8,6.6485467,0.70135516,0.0021883145,0.4,0.017233131,0.45170054,0.016831027,0.23807998,0.007636883,0.4,0.0,0.24254765,0.034520354
375316653866487564,4063128294362189568,0.58713716,2257.803391735646,0.8637809886925123,2.9589404E-5,18.107155,0.016038822,0.24436449,0.01228761,0.06452404,0.014223209,0.14027636,0.016114848,0.7369308,0.01285347,0.05541621,0.018129637,0.58932495,0.1104841,null,null,null,null,"TWOGAUSSIANS",8,6.540732,0.7369308,0.01285347,0.31033078,0.099106446,0.58925575,0.111229554,0.24436449,0.01228761,0.36133462,0.07964997,0.14020716,0.0155657455
375316653866487564,4063128431800664320,0.42576697,2184.2784097764456,0.26570249628021747,7.254089E-5,18.764587,0.037041668,0.17125814,0.0074864505,0.11562796,0.013664193,0.51437837,0.04311628,0.72270566,0.061198395,0.061727826,0.030359775,1.5400158,1.4751463,null,null,null,null,"TWOGAUSSIANS",8,9.574073,0.72272563,0.061233245,0.34567583,0.167853,1.5292706,1.4741263,0.17125814,0.0074864505,0.4,0.0,0.5033495,0.039744735
375316653866487564,4063128534879439488,0.5227751,2320.90788619571,1.2069552049240928,2.9101453E-5,18.775227,0.010656082,0.29328007,0.0024661692,0.023960315,0.0039178124,0.3703375,0.23614109,0.7951884,0.0041314093,0.03357072,0.0054137544,0.26492783,0.04628304,null,null,null,null,"TWOGAUSSIANS",8,1.4023237,0.29328007,0.0024661692,0.13417776,0.021939749,0.3703375,0.23614109,0.7951884,0.0041314093,0.18799604,0.030317025,0.26492783,0.04628304
375316653866487564,4063128534879890432,0.46348068,2237.2006403384466,0.5305464226806775,1.9584078E-5,18.798784,0.010567185,0.38498357,0.021049825,0.065461054,0.025784327,0.1516271,0.38362893,0.80222005,0.006525354,0.02991553,0.012464205,0.09016296,0.013692568,null,null,null,null,"TWOGAUSSIANS",8,1.5807817,0.38498357,0.021049825,0.3665819,0.14439222,0.1516271,0.38362893,0.80222005,0.006525354,0.16752698,0.06979955,0.09016296,0.013692582
375316653866487564,4063128569242624896,0.44082326,2317.980196326854,0.06669582265063466,1.8819695E-4,18.232435,0.02938581,0.30289593,0.0072821905,0.06609001,0.01543261,0.1720199,0.05397531,0.67750263,0.05891511,0.059024874,0.053242777,0.27106518,0.119911134,null,null,null,null,"TWOGAUSSIANS",8,16.360716,0.67750263,0.05891511,0.33053932,0.15164019,0.2710636,0.120774515,0.30289593,0.0072827404,0.37010407,0.06552724,0.1720183,0.05304971
375316653866487564,4063128573496227968,0.4864227,2237.676242375188,0.21942829745773412,9.453158E-5,18.515291,0.008902066,0.18845809,0.012489879,0.022557553,0.016679168,0.12123891,2.0919871,0.7655153,0.026396513,0.035559073,0.038899772,0.21170099,2.1138248E8,0.029561892,0.011627334,0.18845809,0.012489879,"TWOGAUSSIANS_WITH_ELLIPSOIDAL_ON_ECLIPSE1",9,4.1647916,0.7655153,0.026396513,0.19913082,0.21783872,0.25801492,2.1138248E8,0.18845809,0.012489879,0.1263223,0.09340334,0.1803627,2.0902421
375316653866487564,4063128607856046208,0.5715469,2241.7748137647436,0.6096215444351093,8.6381115E-5,14.610454,0.0015003894,0.18328987,3.7808545E-4,0.024163106,3.3600887E-4,0.83088505,0.04019609,null,null,null,null,null,null,0.003272501,0.002327263,0.18328987,3.7808545E-4,"ONEGAUSSIAN_WITH_ELLIPSOIDAL",6,33.12684,0.18328987,3.7808545E-4,0.13531339,0.0018816497,0.83743006,0.040885862,null,null,null,null,null,null
375316653866487564,4063128642217476992,0.4780097,2277.510006110989,0.33907567291691565,1.8915982E-5,18.377644,0.05620067,0.27313098,0.004700128,0.0801645,0.016252575,0.4766234,0.06235619,0.74255234,0.017551221,0.112498924,0.03336149,0.25553307,0.060709577,null,null,null,null,"TWOGAUSSIANS",8,12.258854,0.27315098,0.004639117,0.4,0.0,0.46218497,0.0742504,0.74255234,0.017551221,0.4,0.0,0.24104854,0.046153363
375316653866487564,4063128809748819840,0.47716123,2254.502518565483,0.6734690370867346,2.0679872E-5,18.824966,0.012694959,0.21717139,0.008141785,0.07620791,0.0104343165,0.18518949,0.020782826,0.79466903,0.09545227,0.08067058,0.043906838,0.10809214,0.05480938,null,null,null,null,"TWOGAUSSIANS",8,2.0167227,0.21717139,0.008142366,0.4,0.0,0.18487036,0.020338982,0.79466903,0.095479146,0.4,0.12093179,0.10777293,0.054156374
375316653866487564,4063128809748961024,0.47105747,2233.664372564772,0.24234587127037796,1.2996311E-5,18.653002,0.011755324,0.3561628,0.004476813,0.06647883,0.0046049943,0.30300257,0.030430181,0.9026557,0.0028035552,0.027660884,0.002162394,0.39084965,0.018338302,null,null,null,null,"TWOGAUSSIANS",8,3.3819256,0.9026557,0.0028035552,0.15490095,0.012109407,0.39084962,0.018338267,0.3561628,0.004476813,0.37228146,0.025787968,0.30300254,0.03043019
375316653866487564,4063129015916706176,0.41206163,2227.3662464703016,0.03324719061177638,2.0632899E-5,18.110672,0.010186757,0.060318694,0.0031007905,0.018240348,0.0021415434,0.34280783,0.09015132,0.6655161,0.028924154,0.12825261,0.04924313,0.07920085,0.016183443,null,null,null,null,"TWOGAUSSIANS",8,5.499467,0.060298696,0.0030844104,0.10214595,0.011992644,0.34342325,0.089469455,0.6655161,0.028924154,0.4,0.0,0.0791215,0.016661907
375316653866487564,4063129020172206464,0.44174755,2289.4103803850476,0.37928817402208986,1.773675E-4,19.171625,0.016439328,0.2557593,0.023011541,0.09104345,0.026307639,0.12418574,0.031841706,0.7411168,0.031468235,0.052487135,0.01523386,0.2604215,0.06626099,null,null,null,null,"TWOGAUSSIANS",8,3.778077,0.7411168,0.031468235,0.29392797,0.08530962,0.25992244,0.06601488,0.2557593,0.023011541,0.4,0.0,0.12368659,0.03169164
375316653866487564,4063129054532018304,0.48359975,2199.264265987182,0.8375866949827964,3.273115E-5,17.412132,0.021665966,0.18225761,0.026758846,0.10260244,0.025070697,0.14025065,0.024482803,0.6303941,0.014554696,0.07300191,0.019828409,0.17636304,0.028436655,null,null,null,null,"TWOGAUSSIANS",8,14.939148,0.6303941,0.014554696,0.4,0.037880052,0.17420225,0.022913886,0.18225761,0.026758846,0.4,0.0,0.13807969,0.019613486
375316653866487564,4063129084626756992,0.4591283,2237.6542131299366,0.034541534738085536,2.1327996E-5,17.943354,0.013003213,0.38557267,0.0031644118,0.07254559,0.0055215545,0.24938188,0.018156145,0.6875049,0.013886659,0.042965155,0.017497668,0.08877064,0.038611636,null,null,null,null,"TWOGAUSSIANS",8,7.1287837,0.38557267,0.0031644118,0.4,0.0065783123,0.24938188,0.01815614,0.6875049,0.013886659,0.24060486,0.09798694,0.088813834,0.038622875
375316653866487564,4063129187706608000,0.45597073,2189.1810181264736,0.7108324970455089,5.0953386E-5,18.741787,0.017918516,0.3837062,0.0072009973,0.049782448,0.007822656,0.19940965,0.043716747,0.90988284,0.010301526,0.05929767,0.015608237,0.12096805,0.0268468,null,null,null,null,"TWOGAUSSIANS",8,4.606627,0.3837062,0.0072009973,0.2787817,0.043806877,0.19940697,0.043715563,0.90988284,0.010301526,0.33206695,0.08740613,0.12096538,0.026845464
375316653866487564,4063129191916451712,0.4581956,2175.538439215295,0.7292413352963717,1.2534389E-5,18.671997,0.012255891,0.115168676,0.014243776,0.047197178,0.021918025,0.13111556,0.02247859,0.6822191,0.0017983523,0.03073969,0.009989901,0.20020206,0.05251062,null,null,null,null,"TWOGAUSSIANS",8,3.4337158,0.6822191,0.0017983523,0.17214227,0.055943444,0.20020206,0.05251062,0.115168676,0.014243776,0.2643042,0.12274094,0.13111556,0.022478594
375316653866487564,4063129290786589952,0.50456184,2216.770646653778,1.9026923547165953,2.4518977E-5,17.343643,0.023357473,0.3155809,0.009655125,0.034814104,0.013177429,0.16628145,0.076771624,0.8049396,0.005080298,0.04350987,0.012488193,0.20105906,0.053762227,0.08777974,0.035591077,0.3155809,0.009655125,"TWOGAUSSIANS_WITH_ELLIPSOIDAL_ON_ECLIPSE1",9,23.011604,0.8061696,0.0039439104,0.24365528,0.069933884,0.375925,0.041929197,0.3155809,0.009655125,0.19495898,0.073793605,0.34184086,0.047353074
375316653866487564,4063129325146023680,0.4693486,2251.420570774177,0.47570367891225984,6.476639E-5,18.184698,0.044224557,0.22101077,0.014117307,0.05161517,0.033156276,0.19365898,0.037514787,0.6289407,0.015949195,0.12740387,0.043682117,0.1093704,0.04422414,null,null,null,null,"TWOGAUSSIANS",8,7.8077826,0.22123078,0.01615473,0.28904495,0.13194148,0.19334042,0.03881173,0.6289407,0.015949195,0.4,0.0,0.10839808,0.03845406
375316653866487564,4063129325146045312,0.4533372,2147.0478834075534,4.923883015875482,4.287948E-5,18.930265,0.010692079,0.1908792,0.0026427952,0.04152829,0.0031492726,1.687929,0.41429043,0.770058,0.019811159,0.029648615,0.011150263,0.54387236,0.2799606,null,null,null,null,"TWOGAUSSIANS",8,4.9959626,0.1908792,0.0026427952,0.2325584,0.017635927,1.687929,0.41429043,0.770058,0.019811159,0.16603224,0.062441476,0.54387236,0.2799606
375316653866487564,4063129363825468032,0.5093711,2299.13074760299,0.026368981526393814,2.044967E-5,18.958614,0.005874901,0.31918353,0.0061714365,0.052089546,0.025548954,0.072043784,0.046534974,0.7865478,7.184832E-4,0.0036777596,6.201706E-4,0.12343356,0.014536392,0.06471915,0.011969037,0.31918353,0.0061714365,"TWOGAUSSIANS_WITH_ELLIPSOIDAL_ON_ECLIPSE1",9,1.7937113,0.7865878,7.286417E-4,0.020595454,0.0034729554,0.24750996,0.020014627,0.31918353,0.0061714365,0.29170147,0.13003789,0.2014813,0.043566234
375316653866487564,4063129393866030336,0.46205816,2331.2986636772166,0.10911909152849417,9.399131E-5,18.706678,0.06835821,0.2729494,0.0037372923,0.06665917,0.0059044575,0.4785434,0.05631368,0.8233225,0.018034574,0.16843861,0.04821931,0.30923736,0.08422845,null,null,null,null,"TWOGAUSSIANS",8,7.617132,0.2718994,0.0033176464,0.37329134,0.03306496,0.449083,0.034390848,0.8233225,0.018034574,0.4,0.0,0.26946396,0.08735738
375316653866487564,4063129462585050880,0.48610863,2356.8245175238644,1.882257840904679,7.48433E-5,18.678793,0.059914522,0.36200196,0.02190875,0.07790249,0.025823193,0.3215941,0.0679619,0.7495942,0.008473612,0.06066033,0.030431695,0.24754661,5.1619344,null,null,null,null,"TWOGAUSSIANS",8,1.8173939,0.36200196,0.02190875,0.4,0.0,0.32156146,0.067413755,0.7495942,0.008473612,0.33969784,0.16998574,0.24751534,5.1620026
375316653866487564,4063129673009416576,0.5232359,2285.501480417993,0.1464517484351193,9.9169665E-6,18.381369,0.07305725,0.22120006,0.0051258127,0.12860443,0.02037059,0.6588923,0.05744785,0.7740654,0.0017124927,0.03406829,0.0036930868,0.57801694,0.067742065,null,null,null,null,"TWOGAUSSIANS",8,4.2938404,0.22120006,0.0051258127,0.4,0.0,0.6555705,0.057169132,0.77414536,0.0017012495,0.19078243,0.020681286,0.57632345,0.065703645
375316653866487564,4063129947830888960,0.47989097,2213.326297393567,0.4857926912850282,5.314631E-6,18.993477,0.0362389,0.32797292,0.019129286,0.1392424,0.05481781,0.2532303,0.028583191,0.99815947,0.002211314,0.009782985,0.0068689664,0.44029605,0.55631256,null,null,null,null,"TWOGAUSSIANS",8,2.9977095,0.9982195,0.0017889985,0.05478471,0.03846621,0.4548221,0.5838599,0.32797292,0.019129286,0.4,0.0,0.25242752,0.029809719
