Gaia/vari_eclipsing_binary/VariEclipsingBinary_659321-659380.csv
# %ECSV 1.0
# ---
# delimiter: ','
# meta: !!omap
# - RELEASE: Gaia DR3
# - TABLE: vari_eclipsing_binary
# - DESCRIPTION: >
#     This table describes the properties of the eclipsing binaries resulting from the variability analysis. 
# - CITATION: >
#     How to cite and acknowledge Gaia: 
#     https://gea.esac.esa.int/archive/documentation/credits.html 
# - KNOWN_ISSUES: >
#     Known issues: 
#     https://www.cosmos.esa.int/web/gaia-users/known-issues 
# - DOCUMENTATION: >
#     Tutorials and documentation: 
#     https://www.cosmos.esa.int/web/gaia-users/archive 
# datatype:
# - 
#   name: solution_id
#   datatype: int64
#   description: Solution Identifier
#   meta:
#     ucd: meta.version
# - 
#   name: source_id
#   datatype: int64
#   description: Unique source identifier
#   meta:
#     ucd: meta.id;meta.main
# - 
#   name: global_ranking
#   datatype: float32
#   description: Number between 0 (worst) and 1 (best)
#   meta:
#     ucd: stat.param
# - 
#   name: reference_time
#   datatype: float64
#   unit: d
#   description: Reference time used for the geometric model fit
#   meta:
#     ucd: time.epoch
# - 
#   name: frequency
#   datatype: float64
#   unit: d**-1
#   description: Frequency of geometric model of the eclipsing binary light curve
#   meta:
#     ucd: src.orbital
# - 
#   name: frequency_error
#   datatype: float32
#   unit: d**-1
#   description: "Uncertainty of \\texttt{frequency}"
#   meta:
#     ucd: stat.error
# - 
#   name: geom_model_reference_level
#   datatype: float32
#   unit: mag
#   description: Magnitude reference level of geometric model
#   meta:
#     ucd: phot.mag;em.opt
# - 
#   name: geom_model_reference_level_error
#   datatype: float32
#   unit: mag
#   description: "Uncertainty of \\texttt{geomModelReferenceLevel}"
#   meta:
#     ucd: stat.error;phot.mag;em.opt
# - 
#   name: geom_model_gaussian1_phase
#   datatype: float32
#   description: Phase of the Gaussian 1 component
#   meta:
#     ucd: time.phase
# - 
#   name: geom_model_gaussian1_phase_error
#   datatype: float32
#   description: "Uncertainty of \\texttt{geomModelGaussian1Phase}"
#   meta:
#     ucd: stat.error;time.phase
# - 
#   name: geom_model_gaussian1_sigma
#   datatype: float32
#   description: "Standard deviation [phase] of Gaussian 1 component"
#   meta:
#     ucd: stat.stdev
# - 
#   name: geom_model_gaussian1_sigma_error
#   datatype: float32
#   description: "Uncertainty of \\texttt{geomModelGaussian1Sigma}"
#   meta:
#     ucd: stat.error
# - 
#   name: geom_model_gaussian1_depth
#   datatype: float32
#   unit: mag
#   description: Magnitude depth of Gaussian 1 component
#   meta:
#     ucd: src.var.amplitude
# - 
#   name: geom_model_gaussian1_depth_error
#   datatype: float32
#   unit: mag
#   description: "Uncertainty of \\texttt{geomModelGaussian1Depth}"
#   meta:
#     ucd: stat.error;src.var.amplitude
# - 
#   name: geom_model_gaussian2_phase
#   datatype: float32
#   description: Phase of Gaussian 2 component
#   meta:
#     ucd: time.phase
# - 
#   name: geom_model_gaussian2_phase_error
#   datatype: float32
#   description: "Uncertainty of \\texttt{geomModelGaussian2Phase}"
#   meta:
#     ucd: stat.error;time.phase
# - 
#   name: geom_model_gaussian2_sigma
#   datatype: float32
[...]
#   datatype: float32
#   description: "Secondary eclipse: uncertainty of \\texttt{derivedSecondaryEclDuration}"
#   meta:
#     ucd: stat.error;time.duration
# - 
#   name: derived_secondary_ecl_depth
#   datatype: float32
#   unit: mag
#   description: "Secondary eclipse: depth"
#   meta:
#     ucd: src.var.amplitude
# - 
#   name: derived_secondary_ecl_depth_error
#   datatype: float32
#   unit: mag
#   description: "Secondary eclipse: uncertainty of \\texttt{derivedSecondaryEclDepth}"
#   meta:
#     ucd: stat.error;src.var.amplitude
solution_id,source_id,global_ranking,reference_time,frequency,frequency_error,geom_model_reference_level,geom_model_reference_level_error,geom_model_gaussian1_phase,geom_model_gaussian1_phase_error,geom_model_gaussian1_sigma,geom_model_gaussian1_sigma_error,geom_model_gaussian1_depth,geom_model_gaussian1_depth_error,geom_model_gaussian2_phase,geom_model_gaussian2_phase_error,geom_model_gaussian2_sigma,geom_model_gaussian2_sigma_error,geom_model_gaussian2_depth,geom_model_gaussian2_depth_error,geom_model_cosine_half_period_amplitude,geom_model_cosine_half_period_amplitude_error,geom_model_cosine_half_period_phase,geom_model_cosine_half_period_phase_error,model_type,num_model_parameters,reduced_chi2,derived_primary_ecl_phase,derived_primary_ecl_phase_error,derived_primary_ecl_duration,derived_primary_ecl_duration_error,derived_primary_ecl_depth,derived_primary_ecl_depth_error,derived_secondary_ecl_phase,derived_secondary_ecl_phase_error,derived_secondary_ecl_duration,derived_secondary_ecl_duration_error,derived_secondary_ecl_depth,derived_secondary_ecl_depth_error
[from data line 468]
375316653866487564,5799911952361241472,0.53276175,2242.698114866454,2.6533020482556338,1.0345383E-5,19.646906,0.024610596,0.23018023,0.0027740896,0.08889547,0.0076123537,0.48938268,0.023066685,0.72793555,0.0035083822,0.07947578,0.004277799,0.5375629,0.027601458,null,null,null,null,"TWOGAUSSIANS",8,2.534022,0.72793555,0.0035083822,0.4,0.0,0.52562886,0.022579378,0.23018023,0.0027740896,0.4,0.0,0.4774485,0.019805174
375316653866487564,5799911982410327680,0.5350724,2300.822602768196,1.4642232227352252,7.5249345E-6,17.429594,0.014788028,0.23064859,0.0041365107,0.11696119,0.010817039,0.16794583,0.014552404,0.7305359,0.0021144317,0.09126148,0.0064672963,0.22540183,0.013962038,null,null,null,null,"TWOGAUSSIANS",8,5.3406897,0.7305359,0.0021127607,0.4,0.0,0.2044004,0.00946024,0.23064859,0.0041365107,0.4,0.0,0.1469084,0.0059884754
375316653866487564,5799912605204299776,0.43655255,2269.535433861835,3.1140013945735894,5.6291177E-5,19.522022,0.021100078,0.20602812,0.008902053,0.03440224,0.013188531,0.20392922,0.037353832,0.64744186,0.009858978,0.09782061,0.011427817,0.35432225,0.037434474,null,null,null,null,"TWOGAUSSIANS",8,11.528518,0.64744186,0.009858978,0.4,0.0,0.35424978,0.03742938,0.20602812,0.00890325,0.19265254,0.07385577,0.20387019,0.037455697
375316653866487564,5799912914440724224,0.54982007,2273.066775834859,1.8912055833172636,6.0108086E-6,16.62103,0.004069777,0.30913368,0.0014516063,0.03705138,0.0019804835,0.8049848,0.040201973,0.8041267,0.002623847,0.036679935,0.0020139017,0.33036715,0.019298794,null,null,null,null,"TWOGAUSSIANS",8,52.63693,0.30913368,0.0014516063,0.20748772,0.011090707,0.8049848,0.040201973,0.8041267,0.002623847,0.20540763,0.01127785,0.33036715,0.019298794
375316653866487564,5799914323182165760,0.5759837,2261.87241398209,0.2702848987874157,2.7279661E-6,19.3152,0.0035429483,0.05848066,7.0494006E-4,0.010127966,5.032875E-4,0.65230745,0.038250856,0.39195323,0.001181601,0.010439313,0.0012032536,0.5802975,0.074672,null,null,null,null,"TWOGAUSSIANS",8,1.8132429,0.05848066,7.0494006E-4,0.05671661,0.0028184098,0.65230745,0.038250856,0.39195323,0.001181601,0.058460154,0.0067382203,0.5802975,0.074672
375316653866487564,5799914593749697024,0.59638166,2282.0026607440805,2.4865045071874246,7.76666E-6,17.500198,0.008675105,0.19537157,0.002054498,0.091237366,0.0033779005,0.36155322,0.01201505,0.69620484,0.0014303488,0.08760863,0.0030641078,0.37419975,0.009939105,null,null,null,null,"TWOGAUSSIANS",8,5.0996904,0.69620484,0.0014303488,0.4,0.0,0.35962826,0.009106564,0.19537157,0.002054498,0.4,0.0,0.34698159,0.011174044
375316653866487564,5799914735506911360,0.5900745,2228.3727674833995,1.1063750454936805,8.798668E-6,15.481888,0.0027358928,0.24815103,0.0035108102,0.086191304,0.00487099,0.08450408,0.0032380119,0.75452656,0.0016804248,0.07596389,0.0025808339,0.22707932,0.005031454,null,null,null,null,"TWOGAUSSIANS",8,14.807702,0.75452656,0.0016804248,0.4,0.0,0.22507033,0.0050351205,0.24815103,0.0035108102,0.4,0.0,0.082495086,0.0029545564
375316653866487564,5799914834267880704,0.48247835,2267.8661719125353,0.36787500233363596,4.051401E-5,15.513138,0.012062474,0.2498956,0.016304681,0.02809679,0.08160466,0.40729797,0.38986644,0.75064135,0.004891867,0.049660742,0.016012719,0.057112493,0.010217484,null,null,null,null,"TWOGAUSSIANS",8,43.612434,0.2498956,0.016304681,0.15734203,0.23989868,0.40729797,0.39123452,0.75064135,0.004891867,0.27810016,0.08967123,0.057112493,0.008939637
375316653866487564,5799916827136147328,0.46784937,2255.43592920011,0.1073654203283758,1.0325598E-4,18.630892,0.008391985,0.067153044,0.00257455,0.010723826,0.0027796656,0.9840925,1.8427827,0.5688748,0.033405863,0.03288653,0.059907664,0.1942315,0.106006436,null,null,null,null,"TWOGAUSSIANS",8,9.361033,0.067153044,0.00257455,0.060053423,0.015566127,0.9840925,1.8427827,0.5688748,0.033405863,0.18416457,0.2212339,0.1942315,0.10600673
375316653866487564,5799917484285726848,0.6652725,2236.258893442082,1.0867814460837304,2.9226999E-6,16.960653,0.0019891376,0.2526157,0.0053919675,0.03485824,0.005028105,0.09634033,0.0068829553,0.75321263,0.0010182806,0.03675594,0.0010889182,0.42942438,0.0058990647,0.015592986,0.002805768,0.2526157,0.0053919675,"TWOGAUSSIANS_WITH_ELLIPSOIDAL_ON_ECLIPSE1",9,2.5742292,0.75321263,0.0010164974,0.20583327,0.006097942,0.4606099,0.0048983777,0.2526157,0.0053919675,0.19520615,0.028157389,0.12752628,0.0039419425
375316653866487564,5799918716922975872,0.45019302,2238.0295043773467,1.3615048078365592,1.4510148E-5,18.440176,0.018678892,0.3501219,0.018535128,0.10601337,0.029230895,0.1731853,0.021017825,0.8175049,0.0014445923,0.0153852645,0.0053717443,0.30032992,0.38838434,null,null,null,null,"TWOGAUSSIANS",8,15.821112,0.8175049,0.0014445923,0.086157486,0.030081768,0.30032292,0.38842,0.3501219,0.018535128,0.4,0.0,0.17316729,0.02095416
375316653866487564,5799920645381499648,0.51637447,2235.4822958656537,2.4764360799641794,6.878955E-6,15.873743,0.008175019,0.26810357,0.0025562148,0.04489615,0.016821718,0.057852745,0.030600995,0.7709217,0.005689884,0.029891748,0.02488838,0.079564504,0.02509985,0.07959091,0.010946385,0.26810357,0.0025562148,"TWOGAUSSIANS_WITH_ELLIPSOIDAL_ON_ECLIPSE1",9,54.152214,0.7709217,0.0054744687,0.16739379,0.13937493,0.23869637,0.040433973,0.26810357,0.0025562148,0.25141844,0.09420162,0.2170345,0.026600553
375316653866487564,5799921225182225536,0.5067791,2235.7161278406265,0.39695671851728187,8.89611E-6,17.789251,0.0021459006,0.16197069,0.0036953173,0.01884514,0.002108111,0.05767127,0.011313908,0.6506455,0.009121792,0.026723558,0.005017287,0.40089265,0.35629785,0.007884228,0.0030013542,0.16197069,0.0036953173,"TWOGAUSSIANS_WITH_ELLIPSOIDAL_ON_ECLIPSE1",9,4.796975,0.65066546,0.0091252895,0.14965193,0.028096806,0.41658157,0.3568953,0.16197069,0.0036953173,0.10553278,0.011805422,0.073439725,0.010544105
375316653866487564,5799921744884870656,0.5829439,2232.027262665401,3.6928016774634584,6.5945255E-6,18.84708,0.039030433,0.26714492,0.0032115632,0.048749663,0.0074549704,0.60755163,0.07564504,0.7644608,0.004276915,0.04791835,0.0063031763,0.4095206,0.09162912,0.11003078,0.048326142,0.26714492,0.0032115632,"TWOGAUSSIANS_WITH_ELLIPSOIDAL_ON_ECLIPSE1",9,7.7850413,0.26714492,0.0032115632,0.27299812,0.041747835,0.8276115,0.028745666,0.7647008,0.003781818,0.26834276,0.03529779,0.62952346,0.024038564
375316653866487564,5799922088490747776,0.59951556,2228.897555516159,2.6214839406924106,6.298086E-6,15.802763,0.010050427,0.2127928,0.0012698406,0.04767203,0.0038467108,0.23722766,0.023758806,0.7202865,0.020343522,0.04907691,0.019297915,0.15436229,0.03639956,0.12332008,0.013005914,0.2127928,0.0012698406,"TWOGAUSSIANS_WITH_ELLIPSOIDAL_ON_ECLIPSE1",9,42.55979,0.2127928,0.0012698406,0.26696336,0.02154158,0.48386654,0.014139459,0.7202865,0.020343522,0.2748307,0.108068325,0.40045476,0.04157834
375316653866487564,5799925073470182784,0.59919757,2272.902902062588,0.8485957095846399,5.108438E-6,18.203547,0.004761216,0.24308072,0.0012253915,0.026642947,0.0016894798,1.0510522,0.09608677,0.7457221,0.015470618,0.021898273,0.011263205,0.14871201,0.113563426,0.037886564,0.006233168,0.24308072,0.0012253915,"TWOGAUSSIANS_WITH_ELLIPSOIDAL_ON_ECLIPSE1",9,5.102325,0.24308072,0.0012253915,0.1492005,0.009461086,1.1268253,0.10007749,0.7457221,0.015374922,0.122630335,0.06307395,0.22446424,0.114005536
375316653866487564,5799925112141321344,0.5224094,2298.7759660931424,3.452358034697796,1.3033552E-5,19.897892,0.017229892,0.20891182,0.0038352662,0.039550614,0.0089287,0.31281617,0.043104306,0.72537553,0.009229244,0.03362167,0.009236413,0.39650953,0.03891657,0.13996625,0.02449733,0.20891182,0.0038352662,"TWOGAUSSIANS_WITH_ELLIPSOIDAL_ON_ECLIPSE1",9,4.423233,0.72537553,0.009229244,0.18828136,0.051723916,0.6734572,0.021457277,0.20891182,0.0038352662,0.22148344,0.05000072,0.59274864,0.035761673
375316653866487564,5799925863744759808,0.5794936,2276.481481240212,3.1414179206550785,8.623888E-6,18.98423,0.01288628,0.27791378,0.0032130945,0.05062464,0.004094727,0.6484104,0.03979317,0.7788635,0.0031891628,0.039225653,0.004936018,0.5574031,0.056458067,0.08045388,0.018691367,0.27791378,0.0032130945,"TWOGAUSSIANS_WITH_ELLIPSOIDAL_ON_ECLIPSE1",9,5.283732,0.27791378,0.0032130945,0.283498,0.022930471,0.8093148,0.037287876,0.7788635,0.0031528482,0.21966365,0.0276417,0.7183017,0.06656512
375316653866487564,5799926142932225152,0.45149693,2240.65489910544,2.3743648766996683,1.7585876E-6,18.985807,0.0378746,0.39001855,4.6559545E-4,0.0037872912,7.597073E-4,1.1782367,1.1223917,0.5655869,0.040610123,0.1522726,0.11691018,0.08201234,0.038800176,null,null,null,null,"TWOGAUSSIANS",8,14.007916,0.39001855,4.6471824E-4,0.021208832,0.004254361,1.219679,1.1507065,0.5655869,0.040610123,0.4,0.0,0.08126475,0.028274424
375316653866487564,5799926280379010048,0.51194817,2258.5771216416047,0.9991129556461122,4.5504735E-6,19.261787,0.005017143,0.23606941,0.0017352675,0.0317607,0.003229772,0.3743617,0.062043276,0.7347963,0.0050061657,0.052612342,0.0063662706,0.13479826,0.013907848,null,null,null,null,"TWOGAUSSIANS",8,1.7274988,0.23606941,0.0017352675,0.17785993,0.018086722,0.3743617,0.062043287,0.7347963,0.0050061657,0.29462913,0.035651114,0.13479826,0.01390786
375316653866487564,5799927860926996224,0.66013855,2241.4269100324414,2.1862427505776942,3.89672E-6,16.57003,0.004545454,0.24642476,8.914865E-4,0.052233256,0.0012029241,0.51505667,0.014116477,0.7429888,0.0047680372,0.04935454,0.0046831737,0.052130513,0.011259386,0.07849729,0.005321408,0.24642476,8.914865E-4,"TWOGAUSSIANS_WITH_ELLIPSOIDAL_ON_ECLIPSE1",9,8.297463,0.24642476,8.914865E-4,0.29250622,0.0067363745,0.6720456,0.011527516,0.7442488,0.0030014126,0.2763854,0.026225774,0.20907311,0.0045796665
375316653866487564,5799927998366305280,0.55177665,2277.1194282145557,2.4314775064299816,9.287425E-6,17.251453,0.008459248,0.24502878,0.003812855,0.08212602,0.0043011764,0.35639644,0.014637941,0.74855405,0.0018195516,0.0797416,0.003027699,0.3535587,0.01091985,null,null,null,null,"TWOGAUSSIANS",8,20.448917,0.24502878,0.003812855,0.4,0.0,0.35077325,0.014429503,0.74855405,0.0018195516,0.4,0.0,0.3479355,0.010296215
375316653866487564,5799929544554584064,0.5848883,2296.6993579221057,1.4473036869540208,6.0111083E-6,16.305513,0.0045101983,0.2607687,0.0011643183,0.04632926,0.0023302233,0.22749336,0.009540784,0.7474995,0.014671651,0.033295605,0.015216606,0.03420921,0.012380182,0.020431668,0.0065024886,0.2607687,0.0011643183,"TWOGAUSSIANS_WITH_ELLIPSOIDAL_ON_ECLIPSE1",9,10.200599,0.2607687,0.0011643183,0.25944385,0.0130492505,0.26835647,0.0056499196,0.74874955,0.013949379,0.18645538,0.08521299,0.07481563,0.009452949
375316653866487564,5799929785066036992,0.59300214,2273.9682030110625,3.999330392042184,6.4975575E-6,18.856853,0.008022766,0.25181174,0.0033394126,0.0728998,0.0034413622,0.54954934,0.015800543,0.7516381,0.002681102,0.07309257,0.0028367604,0.5158764,0.010157581,null,null,null,null,"TWOGAUSSIANS",8,2.6081593,0.25181174,0.0033394126,0.4,0.0043885247,0.5465398,0.015909964,0.7516381,0.002681102,0.4,0.0016271643,0.51286685,0.009710994
375316653866487564,5799930055632056576,0.5140288,2244.4699110311612,0.7694543404731987,9.362673E-6,12.038773,0.010157715,0.25573707,0.003036213,0.21043997,0.032965817,0.2880279,0.027431734,0.75683284,0.003057259,0.20180944,0.03175677,0.27744496,0.03538487,null,null,null,null,"TWOGAUSSIANS",8,36.02999,0.25463706,0.00338782,0.4,0.0,0.042883296,0.0027418497,0.7580528,0.003459239,0.4,0.0,0.04076375,0.0025109774
375316653866487564,5799930158711264384,0.5850257,2258.0730290670426,3.0815337256798143,4.4332605E-6,15.39791,0.0071970555,0.2555189,0.0024501856,0.08594727,0.005092776,0.3065377,0.007073003,0.7665621,0.0016536656,0.084218174,0.0027104376,0.27683634,0.0075531597,null,null,null,null,"TWOGAUSSIANS",8,50.691547,0.2555189,0.0024501856,0.4,0.0,0.3001246,0.007144315,0.7665621,0.0016536656,0.4,0.0,0.27042326,0.0060500647
375316653866487564,5799931812297270144,0.5457805,2261.5080737631747,1.2442843386541325,3.11734E-5,16.21771,0.0045711095,0.19494379,0.0027164319,0.02223154,0.0018000252,0.5583391,0.012359148,0.68741477,0.015929837,0.025570635,0.012630039,0.1249781,0.16652884,0.012803519,0.006334206,0.19494379,0.0027164319,"TWOGAUSSIANS_WITH_ELLIPSOIDAL_ON_ECLIPSE1",9,61.25498,0.19494379,0.0027164319,0.124496624,0.010080141,0.5839461,0.01125792,0.68749475,0.015389214,0.14319555,0.07072822,0.15052848,0.16785055
375316653866487564,5799932499491711232,0.4750637,2248.9300594386095,3.2929845303407177,2.9837058E-5,17.404852,0.14134671,0.221782,0.005120455,0.1397871,0.015790261,0.43959963,0.09158934,0.7149836,0.0049070143,0.2682597,0.034144085,0.68193734,0.13816918,null,null,null,null,"TWOGAUSSIANS",8,10.742947,0.7149836,0.0049070143,0.4,0.0,0.15272823,0.010322927,0.225722,0.006802838,0.4,0.0,0.14800385,0.011097346
375316653866487564,5799932980503807104,0.4375043,2249.761391813358,3.6582173460949714,1.3441629E-4,19.791807,0.01956846,0.23787145,0.036487557,0.045269094,0.040050335,0.08680611,2.3336318,0.73095876,0.03003267,0.01973006,0.012905064,0.79828686,0.1695408,null,null,null,null,"TWOGAUSSIANS",8,5.2114244,0.73095876,0.03003267,0.110488325,0.07226836,0.79828686,0.1695408,0.23787145,0.036487557,0.25350693,0.22428188,0.08680611,2.3336318
375316653866487564,5799933392823650432,0.54443085,2245.6134644995004,4.561974423437706,9.817307E-6,19.474188,0.013340398,0.22930713,0.0022107244,0.07077061,0.008180874,0.642395,0.10537451,0.7320021,0.0029331343,0.074461825,0.004206069,0.6320617,0.024964515,null,null,null,null,"TWOGAUSSIANS",8,2.9398928,0.22930713,0.0022107244,0.39631543,0.011750789,0.6392066,0.108105116,0.7320021,0.0029331343,0.4,0.0,0.62887335,0.025071029
375316653866487564,5799934114375291776,0.5641632,2219.4866929194077,3.1352297088673073,8.247422E-6,18.46426,0.0073679984,0.23728535,0.0033587606,0.075066276,0.0034386532,0.3429965,0.023209047,0.72479206,0.0022073868,0.080081,0.003061486,0.4855463,0.024904296,null,null,null,null,"TWOGAUSSIANS",8,4.4213786,0.72479206,0.0022073868,0.4,0.0,0.48204568,0.025359849,0.23728535,0.0033587606,0.4,0.0,0.3394959,0.02359115
375316653866487564,5799935076447987200,0.5574517,2252.723850524124,0.04224364231644832,1.0363376E-6,19.163637,0.003608489,0.23760058,5.9340055E-5,0.0025915445,4.3323882E-5,0.68888396,0.0065906225,0.6172679,0.015383805,0.06156744,0.030299082,0.29953513,2.0667224,null,null,null,null,"TWOGAUSSIANS",8,1.7600374,0.23760058,5.9340055E-5,0.01451265,2.4261374E-4,0.68888396,0.006590758,0.6172679,0.015383805,0.34477767,0.11956953,0.29953513,2.0667224
375316653866487564,5799936485197433216,0.55298793,2268.521882354736,1.401079470859604,8.546933E-6,17.64052,0.011685002,0.27651188,0.0029037958,0.09882392,0.008907595,0.1675104,0.011974057,0.7824954,0.0029667416,0.11030938,0.010587789,0.14043118,0.009621298,null,null,null,null,"TWOGAUSSIANS",8,1.884308,0.27650186,0.0029128508,0.4,0.0,0.15122613,0.011700633,0.7824954,0.0029667416,0.4,0.0,0.12413789,0.004862048
375316653866487564,5799937717853877376,0.5054391,2212.16332762992,0.7592378346144468,1.351476E-5,18.499214,0.0044684038,0.39157298,0.00204428,0.028058406,0.0024116526,0.3865421,0.034701243,0.64085776,0.018200384,0.018182985,0.011933218,0.04629113,0.032260355,null,null,null,null,"TWOGAUSSIANS",8,5.8659024,0.39157298,0.00204428,0.15712708,0.013505255,0.3865421,0.034701243,0.64085776,0.018200384,0.10182472,0.066826016,0.04629113,0.032260355
375316653866487564,5799938031409031040,0.5687447,2260.4323766186203,0.6305113704800187,4.465933E-6,15.426982,0.0012279404,0.2436415,0.001137747,0.02432519,0.0010312056,0.18835315,0.0069370023,0.44382855,0.02610645,0.08016514,0.017086921,0.0064429273,0.0021862623,null,null,null,null,"TWOGAUSSIANS",8,10.584108,0.2436715,0.0011278606,0.13622107,0.005774752,0.18863836,0.0069443746,0.44382855,0.02610645,0.4,0.0015835458,0.0064429273,0.0021862623
