Gaia/vari_eclipsing_binary/VariEclipsingBinary_764800-764831.csv
# %ECSV 1.0
# ---
# delimiter: ','
# meta: !!omap
# - RELEASE: Gaia DR3
# - TABLE: vari_eclipsing_binary
# - DESCRIPTION: >
#     This table describes the properties of the eclipsing binaries resulting from the variability analysis. 
# - CITATION: >
#     How to cite and acknowledge Gaia: 
#     https://gea.esac.esa.int/archive/documentation/credits.html 
# - KNOWN_ISSUES: >
#     Known issues: 
#     https://www.cosmos.esa.int/web/gaia-users/known-issues 
# - DOCUMENTATION: >
#     Tutorials and documentation: 
#     https://www.cosmos.esa.int/web/gaia-users/archive 
# datatype:
# - 
#   name: solution_id
#   datatype: int64
#   description: Solution Identifier
#   meta:
#     ucd: meta.version
# - 
#   name: source_id
#   datatype: int64
#   description: Unique source identifier
#   meta:
#     ucd: meta.id;meta.main
# - 
#   name: global_ranking
#   datatype: float32
#   description: Number between 0 (worst) and 1 (best)
#   meta:
#     ucd: stat.param
# - 
#   name: reference_time
#   datatype: float64
#   unit: d
#   description: Reference time used for the geometric model fit
#   meta:
#     ucd: time.epoch
# - 
#   name: frequency
#   datatype: float64
#   unit: d**-1
#   description: Frequency of geometric model of the eclipsing binary light curve
#   meta:
#     ucd: src.orbital
# - 
#   name: frequency_error
#   datatype: float32
#   unit: d**-1
#   description: "Uncertainty of \\texttt{frequency}"
#   meta:
#     ucd: stat.error
# - 
#   name: geom_model_reference_level
#   datatype: float32
#   unit: mag
#   description: Magnitude reference level of geometric model
#   meta:
#     ucd: phot.mag;em.opt
# - 
#   name: geom_model_reference_level_error
#   datatype: float32
#   unit: mag
#   description: "Uncertainty of \\texttt{geomModelReferenceLevel}"
#   meta:
#     ucd: stat.error;phot.mag;em.opt
# - 
#   name: geom_model_gaussian1_phase
#   datatype: float32
#   description: Phase of the Gaussian 1 component
#   meta:
#     ucd: time.phase
# - 
#   name: geom_model_gaussian1_phase_error
#   datatype: float32
#   description: "Uncertainty of \\texttt{geomModelGaussian1Phase}"
#   meta:
#     ucd: stat.error;time.phase
# - 
#   name: geom_model_gaussian1_sigma
#   datatype: float32
#   description: "Standard deviation [phase] of Gaussian 1 component"
#   meta:
#     ucd: stat.stdev
# - 
#   name: geom_model_gaussian1_sigma_error
#   datatype: float32
#   description: "Uncertainty of \\texttt{geomModelGaussian1Sigma}"
#   meta:
#     ucd: stat.error
# - 
#   name: geom_model_gaussian1_depth
#   datatype: float32
#   unit: mag
#   description: Magnitude depth of Gaussian 1 component
#   meta:
#     ucd: src.var.amplitude
# - 
#   name: geom_model_gaussian1_depth_error
#   datatype: float32
#   unit: mag
#   description: "Uncertainty of \\texttt{geomModelGaussian1Depth}"
#   meta:
#     ucd: stat.error;src.var.amplitude
# - 
#   name: geom_model_gaussian2_phase
#   datatype: float32
#   description: Phase of Gaussian 2 component
#   meta:
#     ucd: time.phase
# - 
#   name: geom_model_gaussian2_phase_error
#   datatype: float32
#   description: "Uncertainty of \\texttt{geomModelGaussian2Phase}"
#   meta:
#     ucd: stat.error;time.phase
# - 
#   name: geom_model_gaussian2_sigma
#   datatype: float32
[...]
#   datatype: float32
#   description: "Secondary eclipse: uncertainty of \\texttt{derivedSecondaryEclDuration}"
#   meta:
#     ucd: stat.error;time.duration
# - 
#   name: derived_secondary_ecl_depth
#   datatype: float32
#   unit: mag
#   description: "Secondary eclipse: depth"
#   meta:
#     ucd: src.var.amplitude
# - 
#   name: derived_secondary_ecl_depth_error
#   datatype: float32
#   unit: mag
#   description: "Secondary eclipse: uncertainty of \\texttt{derivedSecondaryEclDepth}"
#   meta:
#     ucd: stat.error;src.var.amplitude
solution_id,source_id,global_ranking,reference_time,frequency,frequency_error,geom_model_reference_level,geom_model_reference_level_error,geom_model_gaussian1_phase,geom_model_gaussian1_phase_error,geom_model_gaussian1_sigma,geom_model_gaussian1_sigma_error,geom_model_gaussian1_depth,geom_model_gaussian1_depth_error,geom_model_gaussian2_phase,geom_model_gaussian2_phase_error,geom_model_gaussian2_sigma,geom_model_gaussian2_sigma_error,geom_model_gaussian2_depth,geom_model_gaussian2_depth_error,geom_model_cosine_half_period_amplitude,geom_model_cosine_half_period_amplitude_error,geom_model_cosine_half_period_phase,geom_model_cosine_half_period_phase_error,model_type,num_model_parameters,reduced_chi2,derived_primary_ecl_phase,derived_primary_ecl_phase_error,derived_primary_ecl_duration,derived_primary_ecl_duration_error,derived_primary_ecl_depth,derived_primary_ecl_depth_error,derived_secondary_ecl_phase,derived_secondary_ecl_phase_error,derived_secondary_ecl_duration,derived_secondary_ecl_duration_error,derived_secondary_ecl_depth,derived_secondary_ecl_depth_error
[from data line 476]
375316653866487564,6727496859605868032,0.5358977,2280.1578659709817,3.6620261743234366,1.7901804E-5,18.339125,0.026780935,0.30145133,0.010035267,0.09786603,0.02022014,0.18881497,0.023605082,0.8119695,0.0055861687,0.09659571,0.012765245,0.21900389,0.024043716,null,null,null,null,"TWOGAUSSIANS",8,1.9384028,0.8119695,0.0055861687,0.4,0.0,0.2060563,0.010201721,0.30145133,0.010035267,0.4,0.0,0.17586721,0.010115443
375316653866487564,6727497340640811648,0.66690385,2343.709435278128,2.18997370751973,2.64549E-6,17.095074,0.005245299,0.20078568,0.0012644567,0.046197042,0.0028902602,0.28930324,0.014772764,0.7054639,0.0014361616,0.04885644,0.002959734,0.26202852,0.013464135,0.10466418,0.007699501,0.20078568,0.0012644567,"TWOGAUSSIANS_WITH_ELLIPSOIDAL_ON_ECLIPSE1",9,4.214801,0.20078568,0.0012644567,0.25870344,0.016185457,0.49863037,0.015451326,0.7054639,0.0014361616,0.27359608,0.016574511,0.47117484,0.00934022
375316653866487564,6727497379327012096,0.5694505,2340.0501632088894,1.8631636132920844,1.6601614E-5,19.04669,0.0115572745,0.28367692,0.0025177638,0.03239958,0.0037471582,0.44716242,0.030813575,0.7824971,0.0032689017,0.03878438,0.0034726176,0.6749259,0.070809044,0.077828154,0.014615329,0.28367692,0.0025177638,"TWOGAUSSIANS_WITH_ELLIPSOIDAL_ON_ECLIPSE1",9,3.929847,0.7825271,0.0032213582,0.21719253,0.019446658,0.8305738,0.06984449,0.28367692,0.0025177638,0.18143766,0.020984085,0.6028186,0.029704116
375316653866487564,6727498508871170688,0.5496264,2288.2443517540146,2.5231428594915233,3.992431E-5,16.79581,0.044719994,0.23347557,0.003340995,0.06434343,0.021253373,0.12841688,0.08700475,0.7103409,0.067519255,0.04781001,0.058746174,0.24276714,4.1085978,0.07263596,0.0453244,0.23347557,0.003340995,"TWOGAUSSIANS_WITH_ELLIPSOIDAL_ON_ECLIPSE1",9,25.077036,0.7125709,0.064729944,0.26773608,0.28390324,0.38521612,4.130068,0.23347557,0.003340995,0.36032322,0.09150225,0.2736217,0.023528285
375316653866487564,6727501124526215424,0.46388665,2273.9157291676984,0.6789429034949709,1.3155925E-5,17.425648,0.0020551863,0.16199823,0.0016215682,0.017181914,0.0037695628,0.09362225,0.030283945,0.6804472,0.013386679,0.053092845,0.018036002,0.031815153,0.019439097,null,null,null,null,"TWOGAUSSIANS",8,2.5339465,0.16199823,0.0016215682,0.09621872,0.021109551,0.09362225,0.030283945,0.6804472,0.013386679,0.29731995,0.10100161,0.031815153,0.019439097
375316653866487564,6727501261965334528,0.44356567,2189.2919745502804,0.2792754762932948,2.791573E-5,18.319117,0.028946154,0.2825512,0.03155344,0.07411522,0.06155666,0.088720515,0.023459723,0.7564655,0.009415441,0.0687462,0.018417215,0.15234652,0.02365967,null,null,null,null,"TWOGAUSSIANS",8,7.9049673,0.7564655,0.009415441,0.3849787,0.0722707,0.15208626,0.019652212,0.2825512,0.03155344,0.4,0.10623379,0.088460244,0.022369813
375316653866487564,6727501468127427328,0.4873016,2351.16526480692,2.3427579844691477,5.7556914E-5,19.557943,0.038583662,0.26975188,0.0079980595,0.103946224,0.01936891,0.39546698,0.054325826,0.80000263,0.018104367,0.0933304,0.015965246,0.34637317,0.048675247,null,null,null,null,"TWOGAUSSIANS",8,2.4022558,0.26975188,0.008001951,0.4,0.0,0.37544733,0.061197806,0.80001265,0.018098043,0.4,0.0,0.32636783,0.03694004
375316653866487564,6727501910503948416,0.4863143,2292.4505546846053,0.051984898276710705,5.5201628E-5,18.719484,0.02453246,0.24993713,0.018494748,0.07443225,0.012287418,0.24462633,0.05930968,0.71112823,0.012327874,0.12079761,0.025760887,0.16386269,0.025461035,null,null,null,null,"TWOGAUSSIANS",8,3.6209748,0.25000712,0.0184788,0.4,0.013220391,0.23662448,0.061514005,0.71112823,0.012327874,0.4,0.0,0.15574087,0.015714115
375316653866487564,6727502120958914688,0.5502661,2258.8473109155834,2.7717701873877374,1.7960181E-5,18.51077,0.0187482,0.25167814,0.0031911596,0.06946643,0.01368206,0.4925284,0.11945294,0.7470322,0.0036628167,0.076987125,0.008278279,0.42479476,0.039317522,null,null,null,null,"TWOGAUSSIANS",8,5.44085,0.25167814,0.0031911596,0.389012,0.030726837,0.49012625,0.12394699,0.7470322,0.0036628167,0.4,0.0,0.4223926,0.04039067
375316653866487564,6727502498916219008,0.53572756,2284.3772177465066,2.9384439618759663,1.6801276E-5,17.85803,0.017228318,0.29728916,0.00604425,0.069508344,0.0062025106,0.5991597,0.045349833,0.7891045,0.0047437227,0.06727083,0.0110816015,0.46324778,0.12343971,null,null,null,null,"TWOGAUSSIANS",8,14.709797,0.29728916,0.00604425,0.3892467,0.026990552,0.5980983,0.045315657,0.7891045,0.0047437227,0.37671664,0.036748335,0.46218634,0.12483082
375316653866487564,6727503495348856832,0.4635366,2350.2584161052155,0.8889246206444232,5.064615E-5,19.585995,0.013524573,0.05696022,0.023934698,0.029512586,0.020342782,0.12143295,133.41652,0.582205,0.011816202,0.124683686,0.02408652,0.19281997,0.016768267,null,null,null,null,"TWOGAUSSIANS",8,3.6980314,0.582205,0.011816202,0.4,0.0,0.19195272,0.016726306,0.056940224,0.023958033,0.16527048,0.11391958,0.120729804,133.41727
375316653866487564,6727503495361628032,0.5986297,2314.6672199997743,2.2106005806343068,8.605755E-6,15.572508,0.022181261,0.22434506,0.0048693027,0.10448128,0.014410605,0.32399368,0.044534154,0.7256389,0.0020249963,0.0907902,0.0058221044,0.3884268,0.022060135,null,null,null,null,"TWOGAUSSIANS",8,44.537212,0.7256389,0.0020249963,0.4,0.0,0.3624288,0.014500005,0.22434506,0.0048693027,0.4,0.0,0.29798898,0.05145617
375316653866487564,6727504697939927168,0.57700473,2286.67432312591,2.5237594015713745,3.6198642E-5,18.020403,0.011932399,0.26056114,0.0033303308,0.094776265,0.0059524556,0.2614012,0.012054315,0.7592632,0.009176466,0.09080484,0.014689696,0.19590884,0.012723024,null,null,null,null,"TWOGAUSSIANS",8,4.007189,0.26056114,0.0033303308,0.4,0.0,0.24959812,0.008119692,0.7592632,0.009176466,0.4,0.0,0.18410613,0.012595787
375316653866487564,6727505488229638656,0.5042249,2294.0458917268975,2.9132533975341293,3.157965E-5,18.812893,0.03160241,0.25904056,0.009333661,0.0919032,0.021305015,0.2884859,0.024937093,0.7494374,0.008365411,0.08947177,0.016697112,0.26713824,0.034606542,null,null,null,null,"TWOGAUSSIANS",8,6.8726034,0.25904056,0.009333661,0.4,0.0,0.2777605,0.027603999,0.7494374,0.008365411,0.4,0.0,0.25641298,0.031005329
375316653866487564,6727506617771693696,0.54025507,2331.102854171404,0.3415009048654513,4.383131E-5,17.955252,0.0036077679,0.25500795,0.009406304,0.024395134,0.006420587,0.37209436,0.031077975,0.6305597,0.03393609,0.10065407,0.023472825,0.029161239,0.008447503,null,null,null,null,"TWOGAUSSIANS",8,5.010061,0.25500795,0.009406712,0.13661274,0.035955288,0.3721217,0.03108201,0.6305597,0.03393609,0.4,0.0,0.029160885,0.008447609
375316653866487564,6727506858300834944,0.5144994,2366.197504894883,3.052136388485843,1.4346294E-5,19.492989,0.0337106,0.28603825,0.0058161975,0.08924031,0.010940675,0.3777022,0.035707887,0.7894334,0.009182302,0.080505826,0.013226931,0.40633643,0.052368745,null,null,null,null,"TWOGAUSSIANS",8,1.8759139,0.7894334,0.009182302,0.4,0.004192403,0.3967264,0.051337857,0.28603825,0.0058161975,0.4,0.0,0.36809206,0.031794798
375316653866487564,6727508099555281664,0.59336966,2257.313419104963,3.101829940845226,1.2529327E-5,19.23389,0.009110141,0.16970421,0.003583497,0.067185976,0.0036153786,0.63651115,0.06982195,0.6788195,0.0047950703,0.06401357,0.0039557256,0.5641588,0.021421572,null,null,null,null,"TWOGAUSSIANS",8,2.0609756,0.16970421,0.003583497,0.37624148,0.02024612,0.63586634,0.069977485,0.6788195,0.0047950703,0.35847598,0.022152063,0.563514,0.021404661
375316653866487564,6727508477512576512,0.55919,2280.666968208435,3.7948183673721267,2.1454412E-4,18.745344,0.005299298,0.75165224,0.111053124,0.044419263,0.049292658,0.45734397,0.4064171,null,null,null,null,null,null,null,null,null,null,"ONEGAUSSIAN",5,2.4562595,0.75165224,0.111053124,0.24874787,0.14883024,0.45734397,0.0,null,null,null,null,null,null
375316653866487564,6727508507572707584,0.55501163,2298.7195081706955,3.718621140773237,2.9890836E-5,18.911358,0.015562975,0.23759456,0.012873295,0.07872793,0.014430129,0.33720553,0.035437934,0.73437804,0.005026404,0.08459365,0.0072196787,0.34922746,0.017708747,null,null,null,null,"TWOGAUSSIANS",8,3.203434,0.73437804,0.005026404,0.4,0.0,0.34326932,0.015541843,0.23759456,0.012873295,0.4,0.0,0.33124742,0.036953095
375316653866487564,6727508610636479360,0.6159671,2359.2738520928465,2.3756937721637468,1.2192217E-5,16.750856,0.006848705,0.22751236,0.0023426553,0.09311599,0.0046200277,0.17036714,0.0062638046,0.73577017,0.004578743,0.087075815,0.009518548,0.12402409,0.007277314,null,null,null,null,"TWOGAUSSIANS",8,2.5171785,0.22751236,0.0023426553,0.4,0.0,0.1649042,0.0045993086,0.73577017,0.004578743,0.4,0.0,0.11856134,0.0074157757
375316653866487564,6727508752390367744,0.5570484,2304.1027633385615,3.5445430744354107,2.2180122E-5,19.261276,0.035022058,0.25701916,0.021269316,0.10434216,0.019159934,0.44886166,0.10191534,0.74503165,0.004730072,0.0919202,0.009543213,0.5855779,0.030829936,null,null,null,null,"TWOGAUSSIANS",8,3.225799,0.74503165,0.004730072,0.4,0.0,0.5519214,0.03385626,0.25701916,0.021269316,0.4,0.0,0.4151951,0.10219175
375316653866487564,6727508919874214912,0.49309823,2227.9847381152763,0.07736262210356151,1.272333E-5,18.582312,0.017180433,0.49308398,0.12985688,0.022511844,0.075037666,0.079941526,0.123403825,0.836514,2.588512E-4,0.0038505618,4.312944E-4,0.30425993,0.005453382,null,null,null,null,"TWOGAUSSIANS",8,8.729673,0.836514,2.588512E-4,0.021563146,0.0024152487,0.30425993,0.02366567,0.49308398,0.12985688,0.12606633,0.26247305,0.079941526,0.12340165
375316653866487564,6727508958560634880,0.4539644,2332.3761846843713,0.30815532565668574,4.0693496E-5,18.918919,0.06624516,0.25570145,0.009807462,0.07641082,0.016139897,0.5239377,0.16635302,0.6349724,0.017380876,0.16732948,0.04795338,0.4340449,0.08600702,null,null,null,null,"TWOGAUSSIANS",8,1.6529479,0.26093143,0.008279636,0.4,0.017491605,0.52513224,0.1808366,0.6349724,0.017380876,0.4,0.0,0.40038535,0.102481075
375316653866487564,6727509336517424256,0.52171576,2288.597512774369,3.161269635741701,2.9632456E-5,17.05626,0.024034783,0.22256458,0.011411775,0.08607147,0.019138051,0.23833147,0.023870653,0.7264643,0.0121761765,0.067624435,0.016223779,0.18296489,0.029405417,null,null,null,null,"TWOGAUSSIANS",8,27.023624,0.22256458,0.011411775,0.4,0.0,0.2363792,0.019479783,0.7264643,0.0121761765,0.37869686,0.052288778,0.18101265,0.025912173
375316653866487564,6727509439596645888,0.52405185,2288.759143726031,0.03939926661578585,8.2004364E-5,15.156362,0.0027248105,0.67885876,5.599509E-4,0.00139808,5.596401E-4,0.2292945,0.3582109,null,null,null,null,null,null,0.009927152,0.0029921564,0.67885876,5.599509E-4,"ONEGAUSSIAN_WITH_ELLIPSOIDAL",6,55.07812,0.67885876,5.599509E-4,0.007829249,0.0031339847,0.24914879,0.3581345,null,null,null,null,null,null
375316653866487564,6727509817543861376,0.5341036,2262.8318555363758,3.535846133889219,1.7134716E-5,19.28386,0.03260008,0.29944375,0.0067736283,0.08555857,0.010161118,0.43984294,0.039862595,0.7792204,0.008472425,0.09454226,0.012479475,0.3342294,0.032216597,null,null,null,null,"TWOGAUSSIANS",8,1.4499162,0.29944375,0.0067736283,0.4,0.0,0.42813784,0.035770003,0.7792204,0.008472425,0.4,0.0,0.32252342,0.024046205
375316653866487564,6727510534780574080,0.47413006,2255.833818155882,2.3001147853235677,3.3830205E-5,17.530794,0.0051589888,0.20219967,0.013850061,0.075522035,0.023912467,0.03190109,0.0057319393,0.6833983,0.034660112,0.054215603,0.029594215,0.06817885,0.022129092,null,null,null,null,"TWOGAUSSIANS",8,2.1281497,0.6833983,0.034660112,0.30360737,0.1383314,0.06814998,0.02222558,0.20219967,0.013850061,0.4,0.04281121,0.031872224,0.005500248
375316653866487564,6727512287127218944,0.48433056,2277.402814156462,2.1425458024304316,1.8333414E-4,17.188452,0.012257581,0.15237181,0.033501014,0.041103646,0.025272882,0.02042484,0.017997384,0.6281512,0.01757113,0.14497216,0.028788654,0.08547345,0.0112097105,null,null,null,null,"TWOGAUSSIANS",8,4.6173954,0.6281512,0.01757113,0.4,0.0,0.083455004,0.0058691776,0.1528618,0.03353964,0.23018043,0.14152814,0.018923301,0.016468732
375316653866487564,6727512802524705024,0.56883144,2348.8321492782206,0.012027379659451084,8.722772E-5,17.902617,0.0072617135,0.24910025,0.012195754,0.09752942,0.019835303,0.11460051,0.009409345,0.7710207,0.0020608031,0.07016403,0.011274009,0.2907751,0.19338177,null,null,null,null,"TWOGAUSSIANS",8,2.0232623,0.7710207,0.0020608031,0.3929186,0.062996306,0.28820112,0.19501558,0.24910025,0.012195754,0.4,0.0,0.11202578,0.01032528
375316653866487564,6727513008681800320,0.63640994,2317.667269015527,0.8718524795448922,4.5812712E-6,13.577452,0.0070573296,0.32418895,0.004789778,0.0998792,0.005920677,0.18771404,0.0075011877,0.81362045,9.2129066E-4,0.07873039,0.0018737802,0.39608833,0.007205421,null,null,null,null,"TWOGAUSSIANS",8,55.80169,0.81362045,9.2129066E-4,0.4,0.0,0.38752106,0.006108805,0.32418895,0.004789778,0.4,0.0,0.17914522,0.005666105
375316653866487564,6727513592799689856,0.5116032,2271.728906956012,2.7039006054175845,3.9190454E-5,17.880066,0.03339287,0.28030452,0.0076989317,0.106667586,0.025336584,0.13853651,0.028286602,0.7568516,0.005954226,0.11391925,0.01805466,0.16108157,0.032677554,null,null,null,null,"TWOGAUSSIANS",8,3.0670946,0.7568516,0.005954226,0.4,0.0,0.14316943,0.01368719,0.28036454,0.007642302,0.4,0.0,0.1206469,0.014819507
375316653866487564,6727513665833150080,0.4601077,2288.5078712635004,1.3737289789294542,2.5894E-5,19.31463,0.023968717,0.19039008,0.026875425,0.096388,0.028158212,0.143388,0.03947559,0.8639522,0.012549669,0.04685157,0.022124367,0.0903462,0.017508416,null,null,null,null,"TWOGAUSSIANS",8,2.1848063,0.19039008,0.026875425,0.4,0.0,0.14338432,0.03934144,0.8643522,0.011029754,0.2623688,0.12389645,0.09080911,0.017955637
375316653866487564,6727514181240885248,0.5250532,2304.841742347634,2.115165046616657,1.4955771E-5,16.24989,0.002022766,null,null,null,null,null,null,null,null,null,null,null,null,0.055241875,0.0030875402,0.15978941,0.0038836899,"ELLIPSOIDAL",4,7.736169,null,null,null,null,null,null,null,null,null,null,null,null
375316653866487564,6727517372370449536,0.61654437,2350.1905127379664,1.2557154735590017,6.550571E-5,17.445292,0.0032334041,0.21835567,7.9107494E-4,0.036726747,0.0024108049,0.07366386,0.0032295273,0.70998865,0.002619646,0.038779162,0.0024612695,0.47727385,0.03606158,null,null,null,null,"TWOGAUSSIANS",8,6.1595,0.70998865,0.002619646,0.2171633,0.013783109,0.47727385,0.03606158,0.21835567,7.9107494E-4,0.20566978,0.013500507,0.07366386,0.0032295273
375316653866487564,6727518579274382592,0.5197967,2357.7629337877024,3.3824980761300405,2.1954482E-5,19.724377,0.018583579,0.3517889,0.0054904283,0.09935838,0.007973165,0.42321467,0.026618151,0.85762614,0.0031227106,0.079454385,0.004702659,0.4779158,0.021751063,null,null,null,null,"TWOGAUSSIANS",8,1.6684778,0.85762614,0.0031227106,0.4,0.0,0.46171054,0.018290732,0.3517889,0.0054904283,0.4,0.0,0.40700662,0.025328726
375316653866487564,6727519678786232832,0.47438046,2295.8447294084713,3.3441538409127096,3.2736425E-5,19.098614,0.1571416,0.24533121,0.018649196,0.118568204,0.057686023,0.14751107,0.14761028,0.74826694,0.0038512496,0.13847099,0.05500028,0.20531258,0.15436997,null,null,null,null,"TWOGAUSSIANS",8,1.5284641,0.7482769,0.0039143064,0.4,0.0,0.15359578,0.00893179,0.24522121,0.0188548,0.4,0.0,0.096360795,0.013486238
375316653866487564,6727520847029686272,0.55746335,2252.622511156026,2.264622855393442,4.365206E-5,15.837166,0.004557719,0.26924154,0.0016047391,0.036613155,0.0049571614,0.09223489,0.01931631,0.7891656,0.0049456717,0.04276958,0.015828814,0.06209637,0.01237324,0.04991989,0.00829193,0.7891656,0.0049456717,"TWOGAUSSIANS_WITH_ELLIPSOIDAL_ON_ECLIPSE2",9,18.450659,0.27128154,0.0014380699,0.20503367,0.027760103,0.19067618,0.015949719,0.7891656,0.0049456717,0.23950966,0.08864136,0.16193607,0.012569691
