Gaia/vari_eclipsing_binary/VariEclipsingBinary_676718-676732.csv
# %ECSV 1.0
# ---
# delimiter: ','
# meta: !!omap
# - RELEASE: Gaia DR3
# - TABLE: vari_eclipsing_binary
# - DESCRIPTION: >
#     This table describes the properties of the eclipsing binaries resulting from the variability analysis. 
# - CITATION: >
#     How to cite and acknowledge Gaia: 
#     https://gea.esac.esa.int/archive/documentation/credits.html 
# - KNOWN_ISSUES: >
#     Known issues: 
#     https://www.cosmos.esa.int/web/gaia-users/known-issues 
# - DOCUMENTATION: >
#     Tutorials and documentation: 
#     https://www.cosmos.esa.int/web/gaia-users/archive 
# datatype:
# - 
#   name: solution_id
#   datatype: int64
#   description: Solution Identifier
#   meta:
#     ucd: meta.version
# - 
#   name: source_id
#   datatype: int64
#   description: Unique source identifier
#   meta:
#     ucd: meta.id;meta.main
# - 
#   name: global_ranking
#   datatype: float32
#   description: Number between 0 (worst) and 1 (best)
#   meta:
#     ucd: stat.param
# - 
#   name: reference_time
#   datatype: float64
#   unit: d
#   description: Reference time used for the geometric model fit
#   meta:
#     ucd: time.epoch
# - 
#   name: frequency
#   datatype: float64
#   unit: d**-1
#   description: Frequency of geometric model of the eclipsing binary light curve
#   meta:
#     ucd: src.orbital
# - 
#   name: frequency_error
#   datatype: float32
#   unit: d**-1
#   description: "Uncertainty of \\texttt{frequency}"
#   meta:
#     ucd: stat.error
# - 
#   name: geom_model_reference_level
#   datatype: float32
#   unit: mag
#   description: Magnitude reference level of geometric model
#   meta:
#     ucd: phot.mag;em.opt
# - 
#   name: geom_model_reference_level_error
#   datatype: float32
#   unit: mag
#   description: "Uncertainty of \\texttt{geomModelReferenceLevel}"
#   meta:
#     ucd: stat.error;phot.mag;em.opt
# - 
#   name: geom_model_gaussian1_phase
#   datatype: float32
#   description: Phase of the Gaussian 1 component
#   meta:
#     ucd: time.phase
# - 
#   name: geom_model_gaussian1_phase_error
#   datatype: float32
#   description: "Uncertainty of \\texttt{geomModelGaussian1Phase}"
#   meta:
#     ucd: stat.error;time.phase
# - 
#   name: geom_model_gaussian1_sigma
#   datatype: float32
#   description: "Standard deviation [phase] of Gaussian 1 component"
#   meta:
#     ucd: stat.stdev
# - 
#   name: geom_model_gaussian1_sigma_error
#   datatype: float32
#   description: "Uncertainty of \\texttt{geomModelGaussian1Sigma}"
#   meta:
#     ucd: stat.error
# - 
#   name: geom_model_gaussian1_depth
#   datatype: float32
#   unit: mag
#   description: Magnitude depth of Gaussian 1 component
#   meta:
#     ucd: src.var.amplitude
# - 
#   name: geom_model_gaussian1_depth_error
#   datatype: float32
#   unit: mag
#   description: "Uncertainty of \\texttt{geomModelGaussian1Depth}"
#   meta:
#     ucd: stat.error;src.var.amplitude
# - 
#   name: geom_model_gaussian2_phase
#   datatype: float32
#   description: Phase of Gaussian 2 component
#   meta:
#     ucd: time.phase
# - 
#   name: geom_model_gaussian2_phase_error
#   datatype: float32
#   description: "Uncertainty of \\texttt{geomModelGaussian2Phase}"
#   meta:
#     ucd: stat.error;time.phase
# - 
#   name: geom_model_gaussian2_sigma
#   datatype: float32
[...]
#   datatype: float32
#   description: "Secondary eclipse: uncertainty of \\texttt{derivedSecondaryEclDuration}"
#   meta:
#     ucd: stat.error;time.duration
# - 
#   name: derived_secondary_ecl_depth
#   datatype: float32
#   unit: mag
#   description: "Secondary eclipse: depth"
#   meta:
#     ucd: src.var.amplitude
# - 
#   name: derived_secondary_ecl_depth_error
#   datatype: float32
#   unit: mag
#   description: "Secondary eclipse: uncertainty of \\texttt{derivedSecondaryEclDepth}"
#   meta:
#     ucd: stat.error;src.var.amplitude
solution_id,source_id,global_ranking,reference_time,frequency,frequency_error,geom_model_reference_level,geom_model_reference_level_error,geom_model_gaussian1_phase,geom_model_gaussian1_phase_error,geom_model_gaussian1_sigma,geom_model_gaussian1_sigma_error,geom_model_gaussian1_depth,geom_model_gaussian1_depth_error,geom_model_gaussian2_phase,geom_model_gaussian2_phase_error,geom_model_gaussian2_sigma,geom_model_gaussian2_sigma_error,geom_model_gaussian2_depth,geom_model_gaussian2_depth_error,geom_model_cosine_half_period_amplitude,geom_model_cosine_half_period_amplitude_error,geom_model_cosine_half_period_phase,geom_model_cosine_half_period_phase_error,model_type,num_model_parameters,reduced_chi2,derived_primary_ecl_phase,derived_primary_ecl_phase_error,derived_primary_ecl_duration,derived_primary_ecl_duration_error,derived_primary_ecl_depth,derived_primary_ecl_depth_error,derived_secondary_ecl_phase,derived_secondary_ecl_phase_error,derived_secondary_ecl_duration,derived_secondary_ecl_duration_error,derived_secondary_ecl_depth,derived_secondary_ecl_depth_error
[from data line 481]
375316653866487564,5952590201408174336,0.68080485,2230.335252028321,1.0417776479005327,2.6514967E-6,15.635128,0.005201861,0.21608287,6.6905614E-4,0.05263443,0.0030260568,0.15057664,0.012377472,0.7162636,0.0041781412,0.054991845,0.0048223822,0.12988034,0.013064346,0.090645894,0.007834113,0.21608287,6.6905614E-4,"TWOGAUSSIANS_WITH_ELLIPSOIDAL_ON_ECLIPSE1",9,8.274156,0.21608287,6.6905614E-4,0.2947528,0.016945919,0.33186212,0.006592818,0.7162636,0.0036806522,0.30795434,0.02700534,0.3111656,0.005112443
375316653866487564,5952590205734350208,0.48998472,2229.0960967822625,0.6009545570573781,5.088605E-5,18.157345,0.0069413614,0.115614854,0.0046929535,0.0229773,0.004967139,0.061532624,0.009452918,0.47340786,0.010394736,0.09291502,0.011660103,0.3876042,0.04462142,null,null,null,null,"TWOGAUSSIANS",8,19.358698,0.47340786,0.010394736,0.4,0.0,0.38760382,0.04462252,0.11569486,0.00469687,0.12867288,0.027815979,0.061766222,0.009556947
375316653866487564,5952590682465522048,0.49417824,2211.9261243673513,3.2802721398121397,4.2372572E-5,19.482374,0.019556925,0.26330978,0.002913992,0.051367305,0.010052812,0.30396253,0.03954498,0.7488944,0.0097819995,0.07403265,0.0117349755,0.3827963,0.031278405,null,null,null,null,"TWOGAUSSIANS",8,3.1110635,0.7488944,0.0097819995,0.4,0.0024638362,0.3826443,0.031273514,0.26330978,0.002913992,0.2876569,0.056295745,0.30381054,0.03964063
375316653866487564,5952590858619499776,0.62718534,2230.198321247631,2.215425542759237,9.963834E-6,17.137953,0.008861885,0.17370972,0.0029294202,0.09189887,0.0041166344,0.3714251,0.009032539,0.6751606,0.0018082882,0.087907195,0.003039132,0.43661767,0.00831943,null,null,null,null,"TWOGAUSSIANS",8,5.822105,0.6751606,0.0018082882,0.4,0.0,0.4201778,0.0060120476,0.17370972,0.0029294202,0.4,0.0,0.354985,0.0053629456
375316653866487564,5952590961649423744,0.53312594,2193.7068284795096,3.7062847758820014,2.5173904E-5,19.162447,0.013857687,0.24393299,0.010787988,0.08278779,0.014174801,0.30285785,0.030246753,0.74552804,0.004687298,0.07351796,0.008166571,0.3697003,0.024347942,null,null,null,null,"TWOGAUSSIANS",8,3.4718099,0.74552804,0.004687298,0.4,0.016313275,0.36585033,0.024345947,0.24393299,0.010787988,0.4,0.0019730343,0.29900783,0.030251455
375316653866487564,5952591030366933376,0.4179153,2236.5710314702565,2.373024941542991,1.1869655E-4,19.321941,0.19595873,0.2780269,0.025507404,0.085174486,0.022031344,0.19628413,0.082173325,0.73308593,0.031103894,0.18881012,0.1699019,0.14714995,0.19278015,null,null,null,null,"TWOGAUSSIANS",8,5.185598,0.2806969,0.023930676,0.4,0.020877466,0.16652556,0.04057354,0.73308593,0.031103894,0.4,0.0,0.1069548,0.020292412
375316653866487564,5952591266555040896,0.46974578,2215.6141159547174,1.5296283205687826,1.3498239E-5,17.262499,0.00899364,0.19571152,0.020698577,0.06253663,0.015018221,0.13106693,0.022027006,0.6872437,0.0046189064,0.057788953,0.0048595523,0.3238262,0.031401377,null,null,null,null,"TWOGAUSSIANS",8,36.901157,0.6872437,0.0046189064,0.32361814,0.027213491,0.32377297,0.031418014,0.19571152,0.020698577,0.35020512,0.08410204,0.1310137,0.0220444
375316653866487564,5952591300916449280,0.5238604,2214.9049039567344,2.8474591922940804,2.5526942E-5,18.096802,0.013160411,0.24372298,0.008315212,0.09174752,0.010789361,0.24539863,0.01750097,0.7373297,0.002994331,0.09681125,0.0062080952,0.30851015,0.012850669,null,null,null,null,"TWOGAUSSIANS",8,6.6924314,0.7373297,0.002994331,0.4,0.0,0.2935359,0.009118187,0.24372298,0.008315212,0.4,0.0,0.23042524,0.013759744
375316653866487564,5952591992441160192,0.46083054,2237.881318552131,2.356259376202641,2.2586228E-5,18.898066,0.026305398,0.25569853,0.0054776734,0.084555365,0.01359938,0.23576796,0.02851946,0.754518,0.0058944323,0.058858667,0.020405594,0.30371788,0.0802054,null,null,null,null,"TWOGAUSSIANS",8,7.419205,0.754518,0.0058944323,0.32960853,0.10155427,0.30257508,0.084382735,0.25569853,0.0054776734,0.4,0.0,0.23462513,0.026424581
375316653866487564,5952592233008995840,0.48006526,2242.607630382269,1.0557314940626712,1.044676E-4,17.560884,0.0027451296,0.22692905,0.014636821,0.023237359,0.010641682,0.031879872,0.059509706,0.5123374,0.011387962,0.059234057,0.010634108,0.15007876,0.021172171,null,null,null,null,"TWOGAUSSIANS",8,4.8707743,0.5123374,0.011387962,0.3317107,0.059551008,0.15007876,0.021172171,0.22692905,0.014636821,0.13012922,0.05959342,0.031881236,0.05950951
375316653866487564,5952592920203869440,0.54913306,2231.536026871904,3.9999577439543823,1.1848245E-5,18.67231,0.010587407,0.16035655,0.004472501,0.058634896,0.0035140065,0.46389616,0.019673463,0.67018265,0.0037014312,0.06746595,0.0035436102,0.5061952,0.021406615,null,null,null,null,"TWOGAUSSIANS",8,4.898675,0.67018265,0.0037014312,0.37780935,0.019844217,0.5059214,0.021397179,0.16035655,0.004472501,0.3283554,0.019678436,0.46362242,0.019649336
375316653866487564,5952593225086133632,0.42219797,2224.570466945682,3.378482230972195,2.318353E-5,18.926086,0.07850395,0.30515313,0.00901914,0.07439465,0.019876653,0.2727345,0.07243156,0.7882997,0.0162909,0.13916773,0.054593265,0.24424705,0.0674912,null,null,null,null,"TWOGAUSSIANS",8,14.336406,0.30532312,0.009052872,0.4,0.062456243,0.2479748,0.056831673,0.7882997,0.0162909,0.4,0.0,0.21864994,0.047165688
375316653866487564,5952593332471583488,0.59123415,2243.527621550026,3.610997112783588,9.724738E-6,16.784206,0.01906133,0.22028805,0.0028739476,0.056937054,0.01443038,0.2656274,0.04621527,0.7201259,0.0033841264,0.053326294,0.0075978525,0.21253002,0.04025181,0.10607145,0.023078145,0.22028805,0.0028739476,"TWOGAUSSIANS_WITH_ELLIPSOIDAL_ON_ECLIPSE1",9,18.633562,0.22028805,0.0028739476,0.31884748,0.08081013,0.4777493,0.050409924,0.72015595,0.00288007,0.29862723,0.042547975,0.42465168,0.015107758
375316653866487564,5952593607350089088,0.46414408,2250.0356362233038,2.027970620598328,4.5506666E-5,18.49194,0.002033851,0.18512402,0.0177597,0.068237126,0.014575533,0.12029815,0.0074765263,0.69703084,0.016717242,0.08383244,0.018763013,0.06396261,0.008000349,null,null,null,null,"TWOGAUSSIANS",8,3.4104056,0.18512402,0.0177597,0.38212788,0.08162298,0.119717985,0.007292195,0.69703084,0.016717242,0.4,0.033588607,0.06338244,0.008167069
375316653866487564,5952593916587462912,0.46985498,2212.021399168787,2.819150558907773,3.353959E-5,17.850763,0.15202732,0.24906982,0.009337328,0.12850456,0.045980643,0.1643012,0.13700125,0.7335052,0.011091715,0.14399388,0.0749896,0.13953774,0.1489016,null,null,null,null,"TWOGAUSSIANS",8,8.113545,0.24965982,0.008566881,0.4,0.0,0.11494908,0.009131146,0.7335052,0.011091715,0.4,0.0,0.089655355,0.008531288
375316653866487564,5952594088386386304,0.5200704,2202.6186752904478,1.342677602017206,1.8505103E-5,16.92164,0.024796704,0.20090558,0.0034919616,0.106698,0.017265562,0.13298064,0.022230249,0.70619625,0.008484028,0.111609735,0.027926,0.10104899,0.024073105,null,null,null,null,"TWOGAUSSIANS",8,4.3218246,0.20089558,0.0034745717,0.4,0.0,0.117171384,0.008676032,0.7062062,0.008513778,0.4,0.0,0.085235335,0.0045347316
375316653866487564,5952594569423179136,0.5576008,2207.0607398639395,3.6618552868300354,1.3097777E-5,19.53764,0.011931099,0.28442058,0.0041253893,0.07146829,0.007152132,0.4960719,0.04670893,0.7825531,0.0027996404,0.067878835,0.003014167,0.6161422,0.031383026,null,null,null,null,"TWOGAUSSIANS",8,2.7224824,0.7825531,0.0027996404,0.38012147,0.016879335,0.61446226,0.031406514,0.28442058,0.0041253893,0.4,0.022251869,0.49439192,0.04753742
375316653866487564,5952594672502657792,0.48257297,2215.5260033245067,3.6191751043472427,5.770068E-5,19.539196,0.02051236,0.26419094,0.00921632,0.101329446,0.0140664065,0.23375764,0.025637254,0.7493843,0.007998987,0.08114527,0.010942651,0.2756402,0.029999606,null,null,null,null,"TWOGAUSSIANS",8,2.3168051,0.7493843,0.007998987,0.4,0.0,0.26632205,0.027447795,0.26419094,0.00921632,0.4,0.0,0.22443648,0.02421729
375316653866487564,5952594913068849280,0.43430033,2272.724381877565,2.8510802086837654,3.076909E-5,18.626564,0.021303365,0.36249715,0.013115735,0.066563524,0.012611182,0.197248,0.02278043,0.8785187,0.021952948,0.08169716,0.020109938,0.06435591,0.025304385,null,null,null,null,"TWOGAUSSIANS",8,7.0858736,0.36249715,0.013115735,0.3727557,0.06991168,0.19676168,0.021795899,0.8785187,0.021952948,0.4,0.0,0.0638696,0.024396086
375316653866487564,5952595080490554624,0.5196504,2205.4959284101096,0.45085953898118547,7.0750825E-6,17.923313,0.0030153312,0.56657547,0.0045355014,0.04171995,0.0047338456,0.6982696,0.27598032,0.8582609,0.024837436,0.0330059,0.01277086,0.0057043955,0.0052102976,null,null,null,null,"TWOGAUSSIANS",8,2.7964077,0.56657547,0.0045355014,0.23363173,0.026509536,0.6982696,0.27598032,0.8582609,0.024837436,0.18483303,0.07151682,0.0057043955,0.0052102976
375316653866487564,5952595840781767424,0.44623113,2227.4722668433637,2.427951679284476,5.5028195E-5,16.448328,0.013907882,0.26674306,0.011008808,0.0768077,0.014348034,0.13883531,0.025287185,0.7671976,0.013514195,0.08962224,0.024205806,0.12488652,0.014998491,null,null,null,null,"TWOGAUSSIANS",8,58.092983,0.26674306,0.011008808,0.4,9.947376E-4,0.13599361,0.024465453,0.7671976,0.013514195,0.4,0.0,0.12204478,0.015589351
375316653866487564,5952595978172215680,0.44643164,2209.262837400004,1.416260530791666,5.7067406E-5,19.189451,0.019377591,0.38137585,0.01703664,0.1729849,0.033975556,0.13755053,0.01901984,0.76765686,0.011908327,0.037221532,0.006519804,0.07473221,0.02094645,null,null,null,null,"TWOGAUSSIANS",8,2.5107229,0.38137585,0.01703664,0.4,0.0,0.13302514,0.014124568,0.76765686,0.011908327,0.20844059,0.036510903,0.08182869,0.021853196
375316653866487564,5952596115611414272,0.45228428,2274.88845700867,1.7296067297680702,2.8472105E-5,19.314205,0.037813466,0.1584829,0.015174358,0.0634794,0.012503115,0.32028452,0.048461583,0.76317626,0.009709111,0.11955412,0.015561081,0.6437656,0.12145093,null,null,null,null,"TWOGAUSSIANS",8,3.7275057,0.76317626,0.009709111,0.4,0.0,0.6396543,0.12237293,0.1575129,0.015124891,0.35548466,0.07001744,0.31893194,0.04826615
375316653866487564,5952596248722375296,0.7151472,2222.4897018932866,1.302905779760976,2.3742427E-6,14.74436,0.0016987808,0.22255242,3.3398054E-4,0.05305491,0.0010731353,0.18157153,0.003610693,0.72458017,0.00926873,0.04591018,0.009549707,0.03660622,0.0050759064,0.071243964,0.0021838783,0.22255242,3.3398054E-4,"TWOGAUSSIANS_WITH_ELLIPSOIDAL_ON_ECLIPSE1",9,4.3385034,0.22255242,3.3398054E-4,0.2971075,0.0060095578,0.32405666,0.0018249536,0.72458017,0.008511214,0.257097,0.05347836,0.17906822,0.0043327594
375316653866487564,5952596523602357120,0.6318802,2210.9779536540013,3.111693040539749,6.7317883E-6,17.91763,0.011552827,0.28192252,9.922335E-4,0.056205302,0.0035237889,0.36890465,0.025459126,0.77799624,0.006497993,0.04493931,0.008385059,0.30285358,0.026014442,0.13162887,0.013845508,0.28192252,9.922335E-4,"TWOGAUSSIANS_WITH_ELLIPSOIDAL_ON_ECLIPSE1",9,4.5000777,0.28192252,9.922335E-4,0.3147497,0.019733218,0.6321434,0.01665711,0.77847624,0.005937252,0.25166014,0.04695633,0.56595165,0.015608189
375316653866487564,5952596596648061184,0.47517565,2223.9229532224194,3.2273023591240406,2.6598145E-5,18.814518,0.012472778,0.23201372,0.007670369,0.06750466,0.00461102,0.22853391,0.027741669,0.7206646,0.005968501,0.07657436,0.010770919,0.23563989,0.027543183,null,null,null,null,"TWOGAUSSIANS",8,5.6397676,0.7206646,0.005968501,0.4,0.0,0.23478672,0.028026566,0.23201372,0.007670369,0.3780261,0.025821714,0.22768076,0.027363036
375316653866487564,5952597008965205120,0.45711833,2232.24711601267,1.8226917425504763,2.5454654E-5,18.773598,0.0037044934,0.25858682,0.0080749355,0.050663963,0.05215427,0.021270262,0.044107374,null,null,null,null,null,null,0.046950854,0.006345306,0.25858682,0.0080749355,"ONEGAUSSIAN_WITH_ELLIPSOIDAL",6,2.7528124,0.25858682,0.0080749355,0.2837182,0.2920639,0.115171835,0.049106978,null,null,null,null,null,null
375316653866487564,5952597661858060288,0.48556554,2198.047838888978,2.7364967445500623,2.1889948E-5,19.707613,0.005833659,null,null,null,null,null,null,null,null,null,null,null,null,0.13565572,0.009490513,0.23112117,0.004011318,"ELLIPSOIDAL",4,2.0662255,null,null,null,null,null,null,null,null,null,null,null,null
375316653866487564,5952597764885861888,0.4219683,2182.8498503980272,2.1595079128919603,2.4522104E-5,19.140882,0.007865753,0.42964494,0.0060542426,0.021067712,0.0048022144,0.2978499,0.075355634,0.68121934,0.019347528,0.07402277,0.011260795,0.09363071,0.016101573,null,null,null,null,"TWOGAUSSIANS",8,6.7371445,0.42966494,0.006046097,0.11797919,0.0268924,0.2981406,0.07534503,0.68121934,0.019347528,0.4,0.013008565,0.09363071,0.016101573
375316653866487564,5952597829264522112,0.5965055,2214.5141003638932,2.4925220255674296,1.2201216E-5,17.253653,0.029759869,0.23905754,0.0020724845,0.05425445,0.009383231,0.27135554,0.05739376,0.7372935,0.007499537,0.065284975,0.01643789,0.3273932,0.06411813,0.1087523,0.03224756,0.23905754,0.0020724845,"TWOGAUSSIANS_WITH_ELLIPSOIDAL_ON_ECLIPSE1",9,17.757114,0.73761344,0.006756731,0.36559585,0.092052184,0.54467857,0.08396512,0.23905754,0.0020724845,0.30382493,0.052546095,0.48866278,0.0185479
375316653866487564,5952597833605392512,0.5730027,2231.509188064841,3.3415074018764406,1.466752E-5,19.645126,0.009965869,0.22386196,0.003892574,0.06619036,0.0051980214,0.5088474,0.019400245,0.7219339,0.0028746403,0.06975493,0.0029893322,0.5949573,0.013792241,null,null,null,null,"TWOGAUSSIANS",8,1.2845247,0.7219339,0.0028746403,0.39062762,0.01674026,0.59374875,0.013618101,0.22386196,0.003892574,0.37066603,0.02910892,0.5076389,0.019565897
375316653866487564,5952598108483467776,0.49823406,2200.871472021449,1.7053941164313873,1.8550236E-5,16.578547,0.27374485,0.28318655,0.0063281055,0.17412055,0.050627142,0.34638643,0.21499538,0.77809125,0.006683682,0.21490204,0.08182721,0.37754536,0.2641631,null,null,null,null,"TWOGAUSSIANS",8,4.34919,0.28690654,0.005320449,0.4,0.0,0.08573597,0.00727435,0.77809125,0.006683682,0.4,0.0,0.07764604,0.004519101
375316653866487564,5952598344660824192,0.64605874,2200.105349955138,2.83005763173737,3.686817E-6,15.124713,0.009723484,0.22691326,0.0011503194,0.049181987,0.0028829353,0.32183954,0.021062454,0.7219541,0.0034517183,0.055353776,0.0034171862,0.38610727,0.024118222,0.111770645,0.011127989,0.22691326,0.0011503194,"TWOGAUSSIANS_WITH_ELLIPSOIDAL_ON_ECLIPSE1",9,39.972954,0.7225641,0.0030113715,0.30998114,0.019136243,0.6094479,0.017161379,0.22691326,0.0011503194,0.27541912,0.016144438,0.5453705,0.010376226
375316653866487564,5952598344662745344,0.56061685,2200.46063604879,1.4747444934947675,1.6876129E-5,18.655054,0.011976454,0.26150116,0.0016575711,0.046174534,0.0029156555,0.52040577,0.033445474,0.75553197,0.02650269,0.040422313,0.034717415,0.06335017,13.004475,0.067483015,0.02159243,0.26150116,0.0016575711,"TWOGAUSSIANS_WITH_ELLIPSOIDAL_ON_ECLIPSE1",9,5.6180406,0.26150116,0.0016575711,0.2585774,0.016327672,0.6553716,0.025400376,0.75682193,0.025109064,0.22636496,0.19441752,0.1981671,13.018192
375316653866487564,5952598383361369728,0.46589476,2194.7506747968655,2.299213502451876,3.5966594E-5,18.877087,0.030078912,0.28458664,0.0085905865,0.08705008,0.012247832,0.33027378,0.03334662,0.7834989,0.004615886,0.088653795,0.013440485,0.33605173,0.02625472,null,null,null,null,"TWOGAUSSIANS",8,7.452515,0.7834989,0.004615886,0.4,0.0,0.3246339,0.01997592,0.28458664,0.0085905865,0.4,0.0,0.31885597,0.02626713
375316653866487564,5952598417721182848,0.5538594,2208.678832533353,2.624476483185552,1.2523955E-5,18.963442,0.011316563,0.23430505,0.0041206195,0.091768414,0.0058042654,0.36237007,0.01328974,0.74521905,0.0024950358,0.08719457,0.005203992,0.23205167,0.010955125,null,null,null,null,"TWOGAUSSIANS",8,1.392486,0.23430505,0.0041206195,0.4,0.0,0.35249016,0.011677513,0.74521905,0.0024950358,0.4,0.0,0.22217202,0.0074639847
