Gaia/vari_eclipsing_binary/VariEclipsingBinary_627573-627676.csv
# %ECSV 1.0
# ---
# delimiter: ','
# meta: !!omap
# - RELEASE: Gaia DR3
# - TABLE: vari_eclipsing_binary
# - DESCRIPTION: >
#     This table describes the properties of the eclipsing binaries resulting from the variability analysis. 
# - CITATION: >
#     How to cite and acknowledge Gaia: 
#     https://gea.esac.esa.int/archive/documentation/credits.html 
# - KNOWN_ISSUES: >
#     Known issues: 
#     https://www.cosmos.esa.int/web/gaia-users/known-issues 
# - DOCUMENTATION: >
#     Tutorials and documentation: 
#     https://www.cosmos.esa.int/web/gaia-users/archive 
# datatype:
# - 
#   name: solution_id
#   datatype: int64
#   description: Solution Identifier
#   meta:
#     ucd: meta.version
# - 
#   name: source_id
#   datatype: int64
#   description: Unique source identifier
#   meta:
#     ucd: meta.id;meta.main
# - 
#   name: global_ranking
#   datatype: float32
#   description: Number between 0 (worst) and 1 (best)
#   meta:
#     ucd: stat.param
# - 
#   name: reference_time
#   datatype: float64
#   unit: d
#   description: Reference time used for the geometric model fit
#   meta:
#     ucd: time.epoch
# - 
#   name: frequency
#   datatype: float64
#   unit: d**-1
#   description: Frequency of geometric model of the eclipsing binary light curve
#   meta:
#     ucd: src.orbital
# - 
#   name: frequency_error
#   datatype: float32
#   unit: d**-1
#   description: "Uncertainty of \\texttt{frequency}"
#   meta:
#     ucd: stat.error
# - 
#   name: geom_model_reference_level
#   datatype: float32
#   unit: mag
#   description: Magnitude reference level of geometric model
#   meta:
#     ucd: phot.mag;em.opt
# - 
#   name: geom_model_reference_level_error
#   datatype: float32
#   unit: mag
#   description: "Uncertainty of \\texttt{geomModelReferenceLevel}"
#   meta:
#     ucd: stat.error;phot.mag;em.opt
# - 
#   name: geom_model_gaussian1_phase
#   datatype: float32
#   description: Phase of the Gaussian 1 component
#   meta:
#     ucd: time.phase
# - 
#   name: geom_model_gaussian1_phase_error
#   datatype: float32
#   description: "Uncertainty of \\texttt{geomModelGaussian1Phase}"
#   meta:
#     ucd: stat.error;time.phase
# - 
#   name: geom_model_gaussian1_sigma
#   datatype: float32
#   description: "Standard deviation [phase] of Gaussian 1 component"
#   meta:
#     ucd: stat.stdev
# - 
#   name: geom_model_gaussian1_sigma_error
#   datatype: float32
#   description: "Uncertainty of \\texttt{geomModelGaussian1Sigma}"
#   meta:
#     ucd: stat.error
# - 
#   name: geom_model_gaussian1_depth
#   datatype: float32
#   unit: mag
#   description: Magnitude depth of Gaussian 1 component
#   meta:
#     ucd: src.var.amplitude
# - 
#   name: geom_model_gaussian1_depth_error
#   datatype: float32
#   unit: mag
#   description: "Uncertainty of \\texttt{geomModelGaussian1Depth}"
#   meta:
#     ucd: stat.error;src.var.amplitude
# - 
#   name: geom_model_gaussian2_phase
#   datatype: float32
#   description: Phase of Gaussian 2 component
#   meta:
#     ucd: time.phase
# - 
#   name: geom_model_gaussian2_phase_error
#   datatype: float32
#   description: "Uncertainty of \\texttt{geomModelGaussian2Phase}"
#   meta:
#     ucd: stat.error;time.phase
# - 
#   name: geom_model_gaussian2_sigma
#   datatype: float32
[...]
#   datatype: float32
#   description: "Secondary eclipse: uncertainty of \\texttt{derivedSecondaryEclDuration}"
#   meta:
#     ucd: stat.error;time.duration
# - 
#   name: derived_secondary_ecl_depth
#   datatype: float32
#   unit: mag
#   description: "Secondary eclipse: depth"
#   meta:
#     ucd: src.var.amplitude
# - 
#   name: derived_secondary_ecl_depth_error
#   datatype: float32
#   unit: mag
#   description: "Secondary eclipse: uncertainty of \\texttt{derivedSecondaryEclDepth}"
#   meta:
#     ucd: stat.error;src.var.amplitude
solution_id,source_id,global_ranking,reference_time,frequency,frequency_error,geom_model_reference_level,geom_model_reference_level_error,geom_model_gaussian1_phase,geom_model_gaussian1_phase_error,geom_model_gaussian1_sigma,geom_model_gaussian1_sigma_error,geom_model_gaussian1_depth,geom_model_gaussian1_depth_error,geom_model_gaussian2_phase,geom_model_gaussian2_phase_error,geom_model_gaussian2_sigma,geom_model_gaussian2_sigma_error,geom_model_gaussian2_depth,geom_model_gaussian2_depth_error,geom_model_cosine_half_period_amplitude,geom_model_cosine_half_period_amplitude_error,geom_model_cosine_half_period_phase,geom_model_cosine_half_period_phase_error,model_type,num_model_parameters,reduced_chi2,derived_primary_ecl_phase,derived_primary_ecl_phase_error,derived_primary_ecl_duration,derived_primary_ecl_duration_error,derived_primary_ecl_depth,derived_primary_ecl_depth_error,derived_secondary_ecl_phase,derived_secondary_ecl_phase_error,derived_secondary_ecl_duration,derived_secondary_ecl_duration_error,derived_secondary_ecl_depth,derived_secondary_ecl_depth_error
[from data line 327]
375316653866487564,5520600294829430016,0.5585411,2208.3705203300856,0.08018072081780572,1.10272595E-4,17.959528,0.0024981736,0.21208328,0.0070176325,0.017216338,0.0017930462,1.4447222,0.6710983,0.64416474,9.11995E-7,0.010204584,1.9344948E-4,0.673836,0.013461999,null,null,null,null,"TWOGAUSSIANS",8,4.4118814,0.21208328,0.0070176325,0.0964115,0.010041059,1.4447222,0.6710983,0.64416474,9.11995E-7,0.057145674,0.0010833171,0.673836,0.013461999
375316653866487564,5520602081536012800,0.4521371,2242.7311782015063,1.5430163012404206,4.194285E-5,18.235416,0.01685503,0.23860408,0.019979414,0.10034354,0.04333691,0.052385613,0.016121272,0.73527044,0.006569616,0.09861655,0.021111432,0.11014972,0.01442507,null,null,null,null,"TWOGAUSSIANS",8,3.5857193,0.73527044,0.0065688854,0.4,0.0,0.10405919,0.011795057,0.23860408,0.019983435,0.4,0.0,0.04629524,0.009447826
375316653866487564,5520603146688224512,0.5876434,2201.9272570803796,2.5046225059138107,7.3348E-6,18.553928,0.0055362782,0.29434654,0.0032556558,0.06798407,0.0024696593,0.24431376,0.011209108,0.7911741,0.001650219,0.06505789,0.0017054857,0.6565266,0.025694167,null,null,null,null,"TWOGAUSSIANS",8,2.107257,0.7911741,0.001650219,0.36432418,0.0095507195,0.6559123,0.025726696,0.29434654,0.0032556558,0.38071075,0.013830092,0.24369943,0.011144282
375316653866487564,5520605139551855616,0.5329895,2269.677454450421,1.8031050775237845,2.10472E-5,17.533148,0.005444851,0.22166196,0.00822405,0.07180045,0.01043924,0.072371736,0.0050575836,0.70618397,0.008417776,0.06734158,0.0110888705,0.19599168,0.035874873,null,null,null,null,"TWOGAUSSIANS",8,2.7804477,0.70618397,0.008417776,0.37711287,0.033404157,0.19574912,0.036214188,0.22166196,0.00822405,0.4,0.022436343,0.07212918,0.004670094
375316653866487564,5520606277725931264,0.4324191,2270.8323599621835,0.021193962297993123,4.63498E-5,15.742211,0.048986014,0.3389112,0.091575235,0.12081223,0.024998263,0.04874881,0.039270233,0.7185756,0.019661086,0.10004276,0.07910449,0.3319823,0.19962683,null,null,null,null,"TWOGAUSSIANS",8,21.181988,0.7185756,0.019661086,0.4,0.0,0.32818523,0.23188613,0.3420512,0.07801652,0.4,0.0,0.044864472,0.009641259
375316653866487564,5520607377239805952,0.47737905,2185.0275656589897,3.997780546773963,7.353258E-5,17.887909,0.006274099,0.17117494,0.008779477,0.04088665,0.0030280317,0.23552047,0.17207132,0.53430617,0.025015298,0.029206865,0.019447591,0.89610535,16.17146,null,null,null,null,"TWOGAUSSIANS",8,7.6004004,0.53430617,0.025015298,0.16355844,0.10890651,0.89610535,16.17146,0.17117494,0.008779477,0.22896525,0.016956978,0.23552047,0.17207132
375316653866487564,5520607853971885952,0.5560879,2227.9411517727385,3.349249936352486,1.2481207E-5,19.310364,0.01756639,0.31971496,0.003437902,0.07165399,0.0071129603,0.64002335,0.04520023,0.8091943,0.0034828475,0.071935594,0.0053200815,0.56460553,0.037817422,null,null,null,null,"TWOGAUSSIANS",8,3.1337113,0.31971496,0.003437902,0.4,0.022140212,0.63786054,0.046305683,0.8091943,0.0034828475,0.4,0.017392345,0.56244266,0.037951924
375316653866487564,5520608541166332416,0.6339018,2245.446468441616,3.7127902888793005,8.206806E-6,17.72395,0.014267068,0.22723936,0.0018470866,0.051302977,0.0036343604,0.42602217,0.030219954,0.7212232,0.0024592755,0.05152029,0.0047333403,0.41996214,0.02854058,0.10501936,0.017725142,0.22723936,0.0018470866,"TWOGAUSSIANS_WITH_ELLIPSOIDAL_ON_ECLIPSE1",9,6.457503,0.22723936,0.0018470866,0.28729668,0.020352418,0.6360556,0.01174681,0.7217932,0.002187973,0.28851363,0.026506707,0.62972397,0.011751578
375316653866487564,5520609846836745728,0.5355747,2224.4321269825696,3.232402609993657,1.4193464E-5,19.707176,0.014580804,0.23506221,0.004700592,0.083373465,0.008475921,0.48279402,0.027203096,0.74366456,0.0076956074,0.07720056,0.008147744,0.49154156,0.053550966,null,null,null,null,"TWOGAUSSIANS",8,1.9073797,0.74366456,0.0076956074,0.4,0.0031600047,0.48508978,0.05459142,0.23506221,0.004700592,0.4,0.0,0.47634223,0.029057635
375316653866487564,5520611191168452480,0.54239035,2212.171822808105,0.7333256328676643,8.42102E-6,16.79675,0.0027502992,0.25021136,0.0016816393,0.02737154,0.0012557389,0.2626137,0.005818589,0.7502927,4.401991E-4,0.030974135,0.0017328436,0.34051946,0.016220544,null,null,null,null,"TWOGAUSSIANS",8,13.949072,0.7502927,4.401991E-4,0.17345516,0.009703924,0.34051946,0.016220544,0.25021136,0.0016816393,0.15328063,0.0070321374,0.2626137,0.005818589
375316653866487564,5520611706564454528,0.7177483,2208.9062941989696,1.1507626621865956,1.5363164E-6,16.481266,0.004560089,0.35846758,4.6628315E-4,0.048233714,9.401387E-4,0.42562115,0.011456409,0.8588436,0.001135314,0.05265523,0.0028300132,0.13850272,0.011252951,0.093557365,0.007069418,0.35846758,4.6628315E-4,"TWOGAUSSIANS_WITH_ELLIPSOIDAL_ON_ECLIPSE1",9,2.3078732,0.35846758,4.6628315E-4,0.2701088,0.0052647768,0.6127334,0.0049777743,0.8588436,0.001099647,0.2948693,0.015848074,0.32561392,0.0047165733
375316653866487564,5520612874797959168,0.5034269,2205.8184068927767,3.643933386324477,1.7127366E-5,18.631208,0.5351528,0.25324702,0.005492568,0.16132165,0.10467275,0.35962453,0.5277917,0.7636296,0.0067834016,0.121911414,0.03074897,0.465115,0.3991583,null,null,null,null,"TWOGAUSSIANS",8,2.5491009,0.7643196,0.0050607543,0.4,0.0,0.31656826,0.03412593,0.25307703,0.0052112057,0.4,0.0,0.20528384,0.014539839
375316653866487564,5520613493271014656,0.64908653,2237.92925660274,2.93630774157365,3.9441957E-6,14.73027,0.0038243146,0.24143577,0.0011176894,0.07267047,0.0013600655,0.6106544,0.0065771085,0.7495816,0.0015818992,0.06577469,0.00128724,0.5810832,0.009807782,null,null,null,null,"TWOGAUSSIANS",8,80.7709,0.24143577,0.0011176894,0.4,0.0,0.6092396,0.0065785716,0.7495816,0.0015818992,0.36833826,0.007208544,0.5796683,0.009831141
375316653866487564,5520617891319743360,0.50919056,2207.95332540524,1.7821902151882412,1.5443533E-5,18.098974,0.0027642492,0.21958467,0.003391335,0.07101297,0.019140908,0.008309874,0.0075151944,null,null,null,null,null,null,0.09242727,0.0038360504,0.21958467,0.003391335,"ONEGAUSSIAN_WITH_ELLIPSOIDAL",6,4.4978113,0.21958467,0.003391335,0.39767262,0.07229658,0.1931473,0.008406036,null,null,null,null,null,null
375316653866487564,5520618200555040896,0.65360045,2232.594434715559,0.1694768475930079,1.14143506E-4,11.914879,0.0011884767,0.15596604,9.396289E-6,0.023013026,1.117176E-4,0.6031017,0.0024077066,null,null,null,null,null,null,null,null,null,null,"ONEGAUSSIAN",5,49.925785,0.15596604,9.396289E-6,0.12887295,6.2561856E-4,0.6031017,0.0,null,null,null,null,null,null
375316653866487564,5520619639363784448,0.5324227,2224.0275187373477,2.503958729987893,1.4819655E-5,19.37036,0.022842865,0.28744113,0.0051585236,0.08102433,0.010055427,0.41337073,0.045440007,0.79319614,0.0031344267,0.09450576,0.0071288166,0.33871385,0.022230402,null,null,null,null,"TWOGAUSSIANS",8,1.3759286,0.28744113,0.0051585236,0.4,0.0,0.40173277,0.048436746,0.79319614,0.0031344267,0.4,0.0,0.3270753,0.017027332
375316653866487564,5520620567076981888,0.5609462,2220.155883494295,2.1342145564966937,1.1273662E-5,18.652401,0.00579679,0.29201892,0.0017085042,0.067911915,0.0047118883,0.385115,0.015149389,0.7950811,0.0034083938,0.08954222,0.005822307,0.19138522,0.009909367,null,null,null,null,"TWOGAUSSIANS",8,1.8124874,0.29201892,0.0017085042,0.38030675,0.024403801,0.3820401,0.016475253,0.7950811,0.0034083938,0.4,0.0,0.18831027,0.010045297
375316653866487564,5520620605729337728,0.62758017,2194.3293121423085,2.836375918469204,5.6470817E-6,18.2956,0.012946512,0.2655812,0.0015228495,0.047684237,0.0038024206,0.32383314,0.03344746,0.7596349,0.0012819425,0.048826378,0.0030214873,0.42346928,0.029950937,0.1164985,0.018566158,0.2655812,0.0015228495,"TWOGAUSSIANS_WITH_ELLIPSOIDAL_ON_ECLIPSE1",9,3.53474,0.7601949,0.0011594875,0.27342772,0.016920328,0.6561697,0.010778415,0.2655812,0.0015228495,0.26703173,0.021293556,0.5568282,0.017243383
375316653866487564,5520620640098804736,0.47517177,2259.0735942208507,1.5770979300282182,7.3319636E-5,14.771316,0.011590324,0.081101194,0.010289541,0.014300749,0.008416479,0.18372864,0.17005819,0.6577177,0.06337468,0.086403355,0.08371102,0.3646348,12.413244,null,null,null,null,"TWOGAUSSIANS",8,64.46145,0.6577177,0.06337468,0.4,0.33624008,0.36463478,12.413244,0.081101194,0.010289541,0.0800842,0.047132287,0.18373083,0.17005602
375316653866487564,5520621155492577408,0.40763503,2188.7474864618157,0.09369554220795726,4.143114E-5,16.763363,0.15268989,0.35184783,0.016529674,0.29781455,0.023739304,0.39603588,0.15499413,0.781483,0.013909162,0.10991083,0.01579282,0.16042583,0.035801478,null,null,null,null,"TWOGAUSSIANS",8,17.072758,0.35252783,0.015753828,0.4,0.0,0.14325674,0.016951311,0.781483,0.013909162,0.4,0.0,0.107930064,0.02099176
375316653866487564,5520622525580775680,0.5574968,2267.6430234578443,0.3488462367657718,1.5366508E-5,18.285536,0.0044779098,0.35597906,0.0038744793,0.033724915,0.0052845217,0.074059926,0.0124183865,0.60584754,0.0013823931,0.012739683,0.0011390109,0.31532702,0.019137386,0.026638104,0.0076412885,0.60584754,0.0013823931,"TWOGAUSSIANS_WITH_ELLIPSOIDAL_ON_ECLIPSE2",9,2.2611492,0.60584754,0.0013823931,0.07134222,0.0063784607,0.36860323,0.022387985,0.35598904,0.004133068,0.18885952,0.029593322,0.07405996,0.012419373
375316653866487564,5520624758964610176,0.6189268,2230.1489898591262,2.390843031106745,5.4771976E-6,17.837612,0.007657131,0.21127239,0.0032690691,0.091063745,0.003990865,0.2871002,0.008818168,0.7066214,0.0050366693,0.087354235,0.0054625394,0.31041795,0.007170578,null,null,null,null,"TWOGAUSSIANS",8,2.5847359,0.7066214,0.0050366693,0.4,0.0,0.29949802,0.0070142937,0.21127239,0.0032690691,0.4,0.0,0.27618015,0.0071185706
375316653866487564,5520624763264985344,0.47545826,2211.5866338570554,0.7952744007841867,1.7220485E-5,16.764688,0.0076334216,0.28001186,0.024421345,0.03937243,0.023153579,0.06708853,0.034084026,0.7857067,0.03309562,0.02465542,0.016789556,0.06801694,0.12475086,0.023246542,0.0086972695,0.28001186,0.024421345,"TWOGAUSSIANS_WITH_ELLIPSOIDAL_ON_ECLIPSE1",9,14.1043415,0.7857067,0.032052938,0.13807034,0.094021514,0.11445052,0.11845545,0.28001186,0.024421345,0.2204856,0.12966004,0.11358161,0.031174675
375316653866487564,5520626103294636800,0.5593843,2251.3668975962764,0.5161903806463327,1.1656817E-6,14.647283,4.1585002E-4,0.21858267,2.966598E-5,0.010620135,1.05279476E-4,0.345789,0.008769932,null,null,null,null,null,null,null,null,null,null,"ONEGAUSSIAN",5,3.9153824,0.21858267,2.966598E-5,0.05947276,5.895651E-4,0.345789,0.0,null,null,null,null,null,null
375316653866487564,5520626339516138368,0.45860532,2218.892530847914,3.4360474198304294,2.8824905E-5,19.445639,0.5475513,0.24346171,0.014987236,0.12715125,0.11481242,0.2707165,0.53603655,0.7381376,0.0078787375,0.10933913,0.058651876,0.3015166,0.45121062,null,null,null,null,"TWOGAUSSIANS",8,4.1598988,0.7381376,0.0078787375,0.4,0.0,0.24401404,0.026243875,0.24347171,0.0150668295,0.4,0.0,0.21299113,0.017316101
375316653866487564,5520626545670689792,0.42875057,2214.172965393753,2.4617101977335576,8.182295E-5,19.150312,0.0077593382,0.48572496,0.010009655,0.09143777,0.015794622,0.11615185,0.01377665,0.8469484,0.028306566,0.038004093,0.045035698,0.06994213,1.83502848E11,null,null,null,null,"TWOGAUSSIANS",8,2.7947178,0.48572496,0.010009655,0.4,0.0,0.1161509,0.01377729,0.8469484,0.028306566,0.21282293,0.25219992,0.06998862,1.83502848E11
375316653866487564,5520628439756843008,0.6292309,2209.2187870363086,0.058285224612092644,7.5168515E-5,17.32647,0.0014498774,0.2364405,0.05350957,0.030360494,0.017569881,0.57313615,1.0840865,0.5836425,1.4681397E-4,0.008252062,7.0384174E-4,0.018319556,0.0012252558,null,null,null,null,"TWOGAUSSIANS",8,2.4576492,0.2364405,0.05350957,0.17001876,0.09839133,0.57313615,1.0840865,0.5836425,1.4681397E-4,0.04621155,0.0039415136,0.018319556,0.0012252558
375316653866487564,5520629230030816768,0.6748234,2218.3741821296444,0.4349834823192164,2.1334055E-5,15.114088,0.0010902303,0.22047718,0.0045607113,0.022803491,0.0064454405,0.2426089,0.09974315,0.7172937,0.0025512758,0.019936007,0.0016519333,0.22875953,0.009658481,0.005401583,0.0016683222,0.22047718,0.0045607113,"TWOGAUSSIANS_WITH_ELLIPSOIDAL_ON_ECLIPSE1",9,6.1854615,0.22047718,0.0045607113,0.12769955,0.036094468,0.25341207,0.10122325,0.7172937,0.0025391786,0.11164164,0.009250826,0.23955837,0.009242223
375316653866487564,5520629981645788672,0.5925568,2209.5297419357958,2.701944291249346,5.816391E-6,18.479683,0.008804086,0.30924284,0.0014211604,0.07913424,0.0028801141,0.43024746,0.0091844145,0.8072872,0.0018119159,0.08447441,0.0028881445,0.43726385,0.012323407,null,null,null,null,"TWOGAUSSIANS",8,2.0642395,0.8072872,0.0018119159,0.4,0.0,0.42942593,0.012035152,0.30924284,0.0014211604,0.4,0.0,0.4224096,0.008836898
375316653866487564,5520631360334785408,0.68948907,2188.319001737028,3.442445651191818,2.619567E-6,16.13457,0.010408093,0.24701138,0.004471945,0.04802127,0.006162711,0.33284456,0.02731969,0.7501137,0.0022982387,0.052596908,0.0029654952,0.42104208,0.01795711,0.11298645,0.011282728,0.24701138,0.004471945,"TWOGAUSSIANS_WITH_ELLIPSOIDAL_ON_ECLIPSE1",9,9.690117,0.7501137,0.0020412644,0.2945427,0.016606774,0.6469226,0.008118718,0.24701138,0.004471945,0.26891914,0.034511182,0.5588109,0.0075372653
375316653866487564,5520632318107966720,0.5226582,2221.5889047658766,1.5772710686218234,1.0620552E-5,18.111998,0.031719696,0.2084605,0.003732479,0.122261316,0.019240167,0.15417539,0.030528076,0.71343666,0.005799005,0.10770689,0.021901391,0.18204519,0.025443716,null,null,null,null,"TWOGAUSSIANS",8,1.2718263,0.7134567,0.005824134,0.4,0.0,0.1523512,0.007971736,0.2084505,0.0037393053,0.4,0.0,0.12441624,0.006053577
375316653866487564,5520632730418750208,0.4349941,2220.9964742341226,2.6407505134522458,9.1623835E-5,19.595478,0.017852664,0.19578563,0.013578159,0.015175269,0.014483321,0.27749875,0.09426484,0.7826983,0.017591922,0.008643891,0.0074838125,0.4155875,10.672996,0.07380872,0.014810668,0.7826983,0.017591922,"TWOGAUSSIANS_WITH_ELLIPSOIDAL_ON_ECLIPSE2",9,13.911518,0.7826983,0.017591922,0.04840579,0.041909352,0.56320477,10.685402,0.19646563,0.012921344,0.08498151,0.0811066,0.38558036,0.099706225
375316653866487564,5520633318839892096,0.61086893,2219.5710982251503,0.707113356444552,5.137746E-5,17.639822,0.0013051966,0.28401718,0.0026030717,0.015086177,0.0024314667,0.68333364,0.32344738,0.7003703,0.07066125,0.07174564,0.1044381,0.015549507,1.84710005E12,null,null,null,null,"TWOGAUSSIANS",8,1.7435008,0.28401718,0.0026030717,0.08448259,0.013616214,0.68333364,0.32344738,0.7003703,0.07066125,0.4,0.57343054,0.015549507,1.84710005E12
375316653866487564,5520633971674848768,0.5820342,2194.03978901402,2.7263429439951983,7.2874022E-6,17.353552,0.0062538753,0.21762544,0.0022705193,0.08838398,0.00308855,0.3721106,0.007812152,0.7246035,0.0020608918,0.07704599,0.0034280873,0.2497549,0.0098044975,null,null,null,null,"TWOGAUSSIANS",8,7.154566,0.21762544,0.0022705193,0.4,0.0,0.36648476,0.0071826135,0.7246035,0.0020608918,0.4,0.0,0.24412914,0.009797199
375316653866487564,5520634383991760128,0.49814993,2217.8883945994044,0.9237287456613944,1.106629E-5,16.878147,0.003658231,0.35172993,0.0017746749,0.052773993,0.0035183213,0.2002832,0.013560062,null,null,null,null,null,null,null,null,null,null,"ONEGAUSSIAN",5,21.392622,0.35172993,0.0017746749,0.29553437,0.0197026,0.2002832,0.0,null,null,null,null,null,null
375316653866487564,5520634452711215616,0.66403985,2179.802860484289,1.6887268789393293,3.9424626E-6,17.43031,0.005089809,0.27927172,0.0022291807,0.04965879,0.008636912,0.043481633,0.01872456,0.77719426,0.00123404,0.053554207,0.0021256,0.46170145,0.010837671,0.09654608,0.0060575427,0.27927172,0.0022291807,"TWOGAUSSIANS_WITH_ELLIPSOIDAL_ON_ECLIPSE1",9,3.4379854,0.77737427,0.0010867714,0.29990354,0.011903359,0.6547557,0.008210626,0.27927172,0.0022291807,0.27808923,0.04836671,0.23656593,0.012158994
