Gaia/vari_eclipsing_binary/VariEclipsingBinary_344485-344636.csv
# %ECSV 1.0
# ---
# delimiter: ','
# meta: !!omap
# - RELEASE: Gaia DR3
# - TABLE: vari_eclipsing_binary
# - DESCRIPTION: >
#     This table describes the properties of the eclipsing binaries resulting from the variability analysis. 
# - CITATION: >
#     How to cite and acknowledge Gaia: 
#     https://gea.esac.esa.int/archive/documentation/credits.html 
# - KNOWN_ISSUES: >
#     Known issues: 
#     https://www.cosmos.esa.int/web/gaia-users/known-issues 
# - DOCUMENTATION: >
#     Tutorials and documentation: 
#     https://www.cosmos.esa.int/web/gaia-users/archive 
# datatype:
# - 
#   name: solution_id
#   datatype: int64
#   description: Solution Identifier
#   meta:
#     ucd: meta.version
# - 
#   name: source_id
#   datatype: int64
#   description: Unique source identifier
#   meta:
#     ucd: meta.id;meta.main
# - 
#   name: global_ranking
#   datatype: float32
#   description: Number between 0 (worst) and 1 (best)
#   meta:
#     ucd: stat.param
# - 
#   name: reference_time
#   datatype: float64
#   unit: d
#   description: Reference time used for the geometric model fit
#   meta:
#     ucd: time.epoch
# - 
#   name: frequency
#   datatype: float64
#   unit: d**-1
#   description: Frequency of geometric model of the eclipsing binary light curve
#   meta:
#     ucd: src.orbital
# - 
#   name: frequency_error
#   datatype: float32
#   unit: d**-1
#   description: "Uncertainty of \\texttt{frequency}"
#   meta:
#     ucd: stat.error
# - 
#   name: geom_model_reference_level
#   datatype: float32
#   unit: mag
#   description: Magnitude reference level of geometric model
#   meta:
#     ucd: phot.mag;em.opt
# - 
#   name: geom_model_reference_level_error
#   datatype: float32
#   unit: mag
#   description: "Uncertainty of \\texttt{geomModelReferenceLevel}"
#   meta:
#     ucd: stat.error;phot.mag;em.opt
# - 
#   name: geom_model_gaussian1_phase
#   datatype: float32
#   description: Phase of the Gaussian 1 component
#   meta:
#     ucd: time.phase
# - 
#   name: geom_model_gaussian1_phase_error
#   datatype: float32
#   description: "Uncertainty of \\texttt{geomModelGaussian1Phase}"
#   meta:
#     ucd: stat.error;time.phase
# - 
#   name: geom_model_gaussian1_sigma
#   datatype: float32
#   description: "Standard deviation [phase] of Gaussian 1 component"
#   meta:
#     ucd: stat.stdev
# - 
#   name: geom_model_gaussian1_sigma_error
#   datatype: float32
#   description: "Uncertainty of \\texttt{geomModelGaussian1Sigma}"
#   meta:
#     ucd: stat.error
# - 
#   name: geom_model_gaussian1_depth
#   datatype: float32
#   unit: mag
#   description: Magnitude depth of Gaussian 1 component
#   meta:
#     ucd: src.var.amplitude
# - 
#   name: geom_model_gaussian1_depth_error
#   datatype: float32
#   unit: mag
#   description: "Uncertainty of \\texttt{geomModelGaussian1Depth}"
#   meta:
#     ucd: stat.error;src.var.amplitude
# - 
#   name: geom_model_gaussian2_phase
#   datatype: float32
#   description: Phase of Gaussian 2 component
#   meta:
#     ucd: time.phase
# - 
#   name: geom_model_gaussian2_phase_error
#   datatype: float32
#   description: "Uncertainty of \\texttt{geomModelGaussian2Phase}"
#   meta:
#     ucd: stat.error;time.phase
# - 
#   name: geom_model_gaussian2_sigma
#   datatype: float32
[...]
#   datatype: float32
#   description: "Secondary eclipse: uncertainty of \\texttt{derivedSecondaryEclDuration}"
#   meta:
#     ucd: stat.error;time.duration
# - 
#   name: derived_secondary_ecl_depth
#   datatype: float32
#   unit: mag
#   description: "Secondary eclipse: depth"
#   meta:
#     ucd: src.var.amplitude
# - 
#   name: derived_secondary_ecl_depth_error
#   datatype: float32
#   unit: mag
#   description: "Secondary eclipse: uncertainty of \\texttt{derivedSecondaryEclDepth}"
#   meta:
#     ucd: stat.error;src.var.amplitude
solution_id,source_id,global_ranking,reference_time,frequency,frequency_error,geom_model_reference_level,geom_model_reference_level_error,geom_model_gaussian1_phase,geom_model_gaussian1_phase_error,geom_model_gaussian1_sigma,geom_model_gaussian1_sigma_error,geom_model_gaussian1_depth,geom_model_gaussian1_depth_error,geom_model_gaussian2_phase,geom_model_gaussian2_phase_error,geom_model_gaussian2_sigma,geom_model_gaussian2_sigma_error,geom_model_gaussian2_depth,geom_model_gaussian2_depth_error,geom_model_cosine_half_period_amplitude,geom_model_cosine_half_period_amplitude_error,geom_model_cosine_half_period_phase,geom_model_cosine_half_period_phase_error,model_type,num_model_parameters,reduced_chi2,derived_primary_ecl_phase,derived_primary_ecl_phase_error,derived_primary_ecl_duration,derived_primary_ecl_duration_error,derived_primary_ecl_depth,derived_primary_ecl_depth_error,derived_secondary_ecl_phase,derived_secondary_ecl_phase_error,derived_secondary_ecl_duration,derived_secondary_ecl_duration_error,derived_secondary_ecl_depth,derived_secondary_ecl_depth_error
[from data line 869]
375316653866487564,3031387264685388800,0.6472951,2136.403932130025,0.6522664121667552,4.596488E-6,16.45809,0.0025486157,0.24304746,6.842383E-4,0.035732955,0.0021377602,0.2783578,0.011620843,0.7437294,0.005695409,0.032990817,0.0069896155,0.35959914,0.032313168,0.026264435,0.003933298,0.24304746,6.842383E-4,"TWOGAUSSIANS_WITH_ELLIPSOIDAL_ON_ECLIPSE1",9,4.371002,0.7437294,0.0056083715,0.18474858,0.03914185,0.41212705,0.03540308,0.24304746,6.842383E-4,0.20010455,0.011971457,0.33088666,0.010973314
375316653866487564,3031388609017280000,0.54589224,2149.073519720226,2.820368945602604,7.696961E-6,14.105609,0.0033978529,0.23894773,0.011489362,0.022036264,0.018950835,0.058896605,0.031284988,0.7318289,0.002913019,0.02819918,0.006115506,0.040535726,0.008090252,0.09331849,0.005687736,0.7318289,0.002913019,"TWOGAUSSIANS_WITH_ELLIPSOIDAL_ON_ECLIPSE2",9,215.74744,0.23817775,0.009198256,0.12340307,0.10612467,0.24520063,0.036247045,0.7318289,0.002913019,0.1579154,0.034246832,0.22717254,0.0055904957
375316653866487564,3031390631936217856,0.58319056,2167.429855379379,1.0972035880404631,5.9056692E-6,16.936357,0.002109221,0.25795364,0.010171532,0.060932297,0.014064216,0.12394114,0.008230414,0.75896114,0.001766016,0.041934807,0.0016308497,0.3721411,0.042222884,null,null,null,null,"TWOGAUSSIANS",8,5.025341,0.75896114,0.001766016,0.23483492,0.009132758,0.37213844,0.042223606,0.25795364,0.010171532,0.34122086,0.07875961,0.12393847,0.0082338825
375316653866487564,3031391735753726592,0.7045785,2136.289007706435,0.0691049913927054,2.650517E-5,13.9729185,3.739667E-4,0.7591507,0.004967353,0.0066746636,0.0016729804,0.36660683,0.09245837,0.10749157,0.021197177,0.031020338,0.015986657,0.0044988845,0.002232482,9.693028E-4,4.2923738E-4,0.7591507,0.004967353,"TWOGAUSSIANS_WITH_ELLIPSOIDAL_ON_ECLIPSE1",9,4.450052,0.7591507,0.004967353,0.037378117,0.009368691,0.36854544,0.09242342,0.10998157,0.02460318,0.1737139,0.089525275,0.0051638177,0.0020707955
375316653866487564,3031391800167353472,0.45491332,2136.2890291422354,0.03733501380489323,1.3612747E-5,18.916164,0.0072662504,0.37593108,0.0042759012,0.044667266,0.0028340812,0.13971679,0.010792975,0.82398415,0.017834526,0.0121647455,0.008992154,0.15360783,0.07421962,null,null,null,null,"TWOGAUSSIANS",8,3.901274,0.82398415,0.017834526,0.06812257,0.05035606,0.15360783,0.07421962,0.37593108,0.0042759012,0.2501367,0.015870854,0.13971679,0.010792975
375316653866487564,3031392556081630336,0.517777,2109.4668555482854,3.6896191416270194,1.2897746E-5,18.339582,0.009885233,0.25610635,0.006571658,0.07762558,0.005368554,0.3064884,0.028606901,0.75613207,0.0038369044,0.07465091,0.005843408,0.34355167,0.026108488,null,null,null,null,"TWOGAUSSIANS",8,9.105135,0.75613207,0.0038369044,0.4,0.0,0.3405989,0.026769243,0.25610635,0.006571658,0.4,0.0,0.30353564,0.028601175
375316653866487564,3031392590441344768,0.55323106,2107.304911626421,4.028114276685804,7.108674E-6,19.48603,0.018434394,0.20746033,0.0076032584,0.07052756,0.0069561545,0.5597417,0.056873795,0.7060336,0.0061594965,0.0739311,0.0071501266,0.48731682,0.022583058,null,null,null,null,"TWOGAUSSIANS",8,1.9820434,0.20746033,0.0076032584,0.39495435,0.024612132,0.5572197,0.05669791,0.7060336,0.0061594965,0.4,0.006471915,0.48479486,0.021525761
375316653866487564,3031392903986706560,0.5345633,2110.3193424049423,2.543827646895712,1.3469261E-5,19.170671,0.014317606,0.18371558,0.007405446,0.09203894,0.01158411,0.2372792,0.028006261,0.66155505,0.0032852103,0.083822705,0.0048672296,0.47472152,0.021253308,null,null,null,null,"TWOGAUSSIANS",8,1.6939759,0.66155505,0.0032852103,0.4,0.0,0.46676415,0.020713951,0.18371558,0.007405446,0.4,0.0,0.2293215,0.028976345
375316653866487564,3031393316301360512,0.56164813,2132.6356637988383,2.7976218982446537,9.709437E-6,16.914072,0.008399257,0.26233995,0.0042005046,0.09907609,0.008094537,0.13757604,0.00818616,0.76193416,0.0028246732,0.09827246,0.0065172273,0.13543326,0.008390765,null,null,null,null,"TWOGAUSSIANS",8,4.3096256,0.26233995,0.0042005046,0.4,0.0,0.1266112,0.005199177,0.76193416,0.0028246732,0.4,0.0,0.12446859,0.0050935415
375316653866487564,3031393518157821440,0.47965488,2130.2075243477034,3.2885639679544494,1.3516506E-5,19.320745,0.025617838,0.28797883,0.0044424925,0.08756475,0.008073464,0.28001755,0.025086487,0.7680059,0.0058953403,0.09728437,0.014847134,0.25551042,0.024348255,null,null,null,null,"TWOGAUSSIANS",8,2.9422293,0.28797883,0.004440606,0.4,0.0,0.2698296,0.016521906,0.7680059,0.0058953403,0.4,0.0,0.2453211,0.02107915
375316653866487564,3031394308431814912,0.46740067,2143.7912843068743,0.10776318183548869,1.043207E-6,19.110207,0.0042609433,0.30653322,1.7752273E-4,0.0032103641,5.133407E-4,0.2465072,0.05418021,0.7571212,0.014223468,0.017806772,0.01647903,0.17758583,0.08460191,0.066605665,0.005901648,0.7571212,0.014223468,"TWOGAUSSIANS_WITH_ELLIPSOIDAL_ON_ECLIPSE2",9,2.9939742,0.30651322,1.6915273E-4,0.017978039,0.002874708,0.36729065,0.0609634,0.7571212,0.014223468,0.09971792,0.09228257,0.3107971,0.084056705
375316653866487564,3031396060784443264,0.43471843,2127.1576849571293,0.055493268911448894,8.030961E-5,18.296501,0.14026947,0.4581979,0.020430109,0.23702936,0.11112663,0.16000769,0.13635656,0.8115328,0.002389693,0.028139787,0.0038478344,0.13468114,0.041169915,null,null,null,null,"TWOGAUSSIANS",8,2.8685553,0.8115328,0.002389693,0.1575828,0.021547873,0.15664089,0.038190454,0.4581979,0.020430109,0.4,0.0,0.12546358,0.008294053
375316653866487564,3031397439469734528,0.643374,2134.836953779074,2.6725438042326806,3.859699E-6,17.537867,0.009377952,0.25051805,0.0013394627,0.050811417,0.0047982945,0.20432217,0.017569995,0.74778944,0.0043865014,0.04939037,0.006684818,0.19426943,0.020977698,0.121727265,0.010132835,0.25051805,0.0013394627,"TWOGAUSSIANS_WITH_ELLIPSOIDAL_ON_ECLIPSE1",9,2.9481754,0.25051805,0.0013394627,0.28454393,0.02687045,0.4477749,0.0072219195,0.7483194,0.0033879043,0.27658606,0.03743498,0.43766448,0.020404192
375316653866487564,3031398057945502464,0.6207776,2141.7831815736645,0.22497292745116004,2.0629748E-6,15.265551,6.82193E-4,0.24550633,1.312446E-6,0.007537438,4.940496E-5,0.2004537,6.845791E-4,0.73959637,8.297526E-8,0.004191295,9.743796E-6,0.9230294,0.0035510494,null,null,null,null,"TWOGAUSSIANS",8,4.9720984,0.73959637,8.297526E-8,0.023471251,5.456526E-5,0.9230294,0.0035510494,0.24550633,1.312446E-6,0.042209655,2.7666776E-4,0.2004537,6.845791E-4
375316653866487564,3031398848219512064,0.5311543,2102.75565833287,1.5806822343683224,2.9990704E-5,9.925142,6.715047E-4,0.7958601,0.005037519,0.05612239,0.0034626836,0.059556182,0.0024902145,null,null,null,null,null,null,null,null,null,null,"ONEGAUSSIAN",5,8.692291,0.7958601,0.005037519,0.31428537,0.019391028,0.059556182,0.0,null,null,null,null,null,null
375316653866487564,3031400458823105408,0.59394205,2134.8628724771183,2.6226696051199627,9.222572E-6,18.134024,0.005950941,0.1887662,0.0015189932,0.073133886,0.0024112368,0.43956605,0.01971605,0.6825772,0.0060325195,0.072624356,0.0048150974,0.4861434,0.024662588,null,null,null,null,"TWOGAUSSIANS",8,3.7747438,0.6825772,0.0060325195,0.4,0.0,0.48392048,0.024508217,0.1887662,0.0015189932,0.4,0.0,0.43734312,0.01996286
375316653866487564,3031401455265293824,0.66322166,2167.2281264978155,0.31055330824532873,1.119668E-5,12.75182,5.736904E-4,0.7682986,0.003731265,0.018664885,0.0014353858,0.33115366,0.038023185,null,null,null,null,null,null,0.01325389,8.414258E-4,0.7682986,0.003731265,"ONEGAUSSIAN_WITH_ELLIPSOIDAL",6,18.462881,0.7682986,0.003731265,0.10452336,0.00803816,0.3576614,0.03808212,null,null,null,null,null,null
375316653866487564,3031401734437344128,0.74842906,2148.3985668630107,0.0862276685526518,8.503011E-5,15.94288,7.047545E-4,0.28866482,0.031477906,0.030711805,0.015349791,0.011996305,0.005240157,0.643758,2.1890605E-6,0.006912355,9.215749E-6,0.6447678,6.1570405E-4,null,null,null,null,"TWOGAUSSIANS",8,2.153261,0.643758,2.1890605E-6,0.038709186,5.1608193E-5,0.6447678,6.1570405E-4,0.28866482,0.031477906,0.1719861,0.08595883,0.011996305,0.005240157
375316653866487564,3031403692942543872,0.47657815,2162.3961932370057,0.6824128425981631,1.6278083E-5,14.470685,0.0043915138,0.06082427,0.002343082,0.020208023,0.002182789,0.14892443,0.011694611,0.5584339,0.008690213,0.026241295,0.007344889,0.17942251,0.031646866,null,null,null,null,"TWOGAUSSIANS",8,54.92125,0.5584339,0.008690213,0.14695126,0.041131377,0.17942251,0.031646866,0.06082427,0.002343082,0.11316493,0.012223618,0.14892443,0.011694611
375316653866487564,3031403894797106304,0.57674634,2180.203265792793,0.7400419825801186,1.7167873E-5,16.48036,0.002891173,0.285238,0.007093149,0.025000602,0.0072631817,0.4166998,0.1092368,0.7942387,0.024297826,0.02620114,0.01626999,0.06167244,0.028216142,0.020523036,0.0047526215,0.285238,0.007093149,"TWOGAUSSIANS_WITH_ELLIPSOIDAL_ON_ECLIPSE1",9,16.350601,0.285238,0.007093149,0.14000337,0.04067382,0.4577458,0.112514675,0.7942387,0.023563936,0.14672638,0.09111194,0.10258731,0.02692084
375316653866487564,3031404895533239552,0.5225425,2162.243793890313,3.4201573759292,9.916876E-6,16.29317,0.24536902,0.26220655,0.0031442544,0.16763636,0.023656676,0.3890588,0.20882578,0.76007676,0.004605165,0.18756992,0.051254015,0.37960824,0.23263712,null,null,null,null,"TWOGAUSSIANS",8,9.177162,0.26300654,0.003346861,0.4,0.0,0.12897648,0.0043921485,0.76007676,0.004605165,0.4,0.0,0.10688018,0.0063859224
375316653866487564,3031409632875520384,0.5511966,2144.8685750264754,4.013123006817139,3.0910942E-5,19.230045,0.011569978,0.22997488,0.006624945,0.06639481,0.008297257,0.33681396,0.017366203,0.719706,0.017802121,0.062820256,0.016274959,0.30238926,0.014514479,null,null,null,null,"TWOGAUSSIANS",8,2.1390657,0.22997488,0.006624945,0.37181094,0.046464637,0.33655137,0.017061887,0.719706,0.017802121,0.35179344,0.06917961,0.30212668,0.0139692165
375316653866487564,3031412519093809664,0.44893935,2118.3720561135406,3.5555304751980588,7.020481E-5,19.01583,0.013780682,0.25629878,0.09561007,0.081094384,0.08455325,0.044245668,0.0127425995,0.65241224,0.028079776,0.019376855,0.043694213,2.0692058,2.749148,null,null,null,null,"TWOGAUSSIANS",8,2.366858,0.65241224,0.028079776,0.10851038,0.2446876,2.069206,2.7483985,0.25629878,0.09561007,0.4,0.0,0.044245668,0.012434557
375316653866487564,3031413725977574016,0.4276934,2121.3261574607277,4.039526616512036,9.121251E-6,17.246944,0.06440374,0.16442625,0.028012263,0.02399236,0.021950873,0.10029286,0.07456229,0.5741853,0.013994841,0.25288874,0.115950406,0.08456733,0.062831454,null,null,null,null,"TWOGAUSSIANS",8,4.7725635,0.16497625,0.029797437,0.13435721,0.12292489,0.10461958,0.073008575,0.5741853,0.013994841,0.4,0.0,0.060630087,0.009433715
375316653866487564,3031413863424688128,0.59885937,2156.100223707748,1.0121578536806572,2.3641627E-5,16.13273,0.0023092541,0.51355046,0.0014266118,0.03735515,0.0036437202,0.5818523,0.12599948,null,null,null,null,null,null,0.0031762882,0.003082759,0.51355046,0.0014266118,"ONEGAUSSIAN_WITH_ELLIPSOIDAL",6,5.202798,0.51355046,0.0014266118,0.20918885,0.020404834,0.58820486,0.12963898,null,null,null,null,null,null
375316653866487564,3031415478333755520,0.5976018,2071.637613826229,1.1601504394602793,9.709206E-6,17.717539,0.0016179862,0.21798427,0.006334366,0.038430892,0.00652091,0.09250342,0.018469764,0.7136592,9.5904485E-4,0.031042164,7.191191E-4,0.43389425,0.016126323,null,null,null,null,"TWOGAUSSIANS",8,1.8978,0.7136592,9.5904485E-4,0.17383613,0.004027067,0.43389425,0.016126323,0.21798427,0.006334366,0.215213,0.0365171,0.09250342,0.018469764
375316653866487564,3031415577109150080,0.53191054,2112.4472245485367,4.3162354280331305,1.2242691E-5,17.953728,0.05344468,0.25900367,0.0045918776,0.09516162,0.022106342,0.34765452,0.031223753,0.7360419,0.0074396045,0.09828372,0.020559018,0.36324218,0.04458605,null,null,null,null,"TWOGAUSSIANS",8,12.810869,0.7360419,0.0074396045,0.4,0.0,0.34484443,0.01803418,0.25900367,0.004596634,0.4,0.0,0.3292585,0.030006336
375316653866487564,3031417982288811136,0.4776882,2084.0300375004153,3.1775352589916452,2.4913561E-5,19.58147,0.07807545,0.2063242,0.008613158,0.1047914,0.027959157,0.30696577,0.074148536,0.7385475,0.010165654,0.094653726,0.03309976,0.2571558,0.06030487,null,null,null,null,"TWOGAUSSIANS",8,2.7251005,0.2063242,0.008566933,0.4,0.0,0.29094523,0.028466113,0.7385675,0.01019503,0.4,0.0,0.2411492,0.031320617
375316653866487564,3031419494117625088,0.4853823,2110.61382897499,2.708747887303197,2.130273E-5,19.077913,0.012790309,0.20559359,0.008496696,0.09913361,0.011336441,0.19884014,0.015371437,0.6912839,0.0057405042,0.08525239,0.009794782,0.22295903,0.016477913,null,null,null,null,"TWOGAUSSIANS",8,2.598892,0.6912839,0.0057405042,0.4,0.0,0.21442412,0.016459312,0.20559359,0.008496696,0.4,0.0,0.19030374,0.012636908
375316653866487564,3031421933658939264,0.49358818,2137.5347905614144,0.018598173276759052,1.8469747E-5,19.33514,0.072114296,0.15213856,0.0011511132,0.022287736,0.0061163544,0.3245845,0.027855815,0.8200557,0.016986292,0.12169719,0.08421132,0.07379406,0.067857146,null,null,null,null,"TWOGAUSSIANS",8,1.4834677,0.15207857,5.77182E-4,0.12481132,0.034251586,0.3263367,0.050219532,0.8200557,0.016986292,0.4,0.0,0.07376218,0.05379368
375316653866487564,3031422144122846336,0.5602678,2130.529168589356,2.861045548936734,1.1536714E-5,19.317944,0.022654813,0.28711483,0.003768334,0.03859481,0.009614811,0.38897595,0.1102443,0.79014695,0.0037489787,0.045864817,0.0058209198,0.56300586,0.062474634,0.123665325,0.030280022,0.28711483,0.003768334,"TWOGAUSSIANS_WITH_ELLIPSOIDAL_ON_ECLIPSE1",9,3.5049891,0.79014695,0.0037489787,0.25684297,0.03259715,0.8102464,0.060050417,0.28711483,0.003768334,0.21613091,0.053842943,0.6363062,0.11320696
375316653866487564,3031422762598070144,0.6664002,2157.569668981072,0.5414726476388957,1.0695091E-5,14.245516,4.1175098E-4,0.418959,9.6379564E-4,0.027702434,0.0011175992,0.29790527,0.023531094,null,null,null,null,null,null,null,null,null,null,"ONEGAUSSIAN",5,4.8557253,0.418959,9.6379564E-4,0.15513363,0.006258555,0.29790527,0.0,null,null,null,null,null,null
375316653866487564,3031424446225174272,0.6644425,2125.696971483713,1.6423798097458289,4.33656E-6,14.042939,0.012267492,0.27528358,0.0018454995,0.06490579,0.0043614134,0.24501573,0.025107076,0.7802881,0.004872541,0.06485718,0.00630371,0.12944336,0.026270606,0.07972785,0.012624495,0.27528358,0.0018454995,"TWOGAUSSIANS_WITH_ELLIPSOIDAL_ON_ECLIPSE1",9,30.400686,0.27528358,0.0018454995,0.36347243,0.024423916,0.40426832,0.0026307188,0.7802881,0.004872541,0.3632002,0.035300776,0.28853834,0.00636583
375316653866487564,3031425580096515328,0.54428005,2141.350908011867,2.69550462978618,2.7080077E-5,17.93716,0.032464687,0.1928369,0.0043689674,0.09769397,0.015597454,0.21446975,0.03084463,0.6978004,0.009746554,0.10850844,0.020487115,0.21882457,0.032306537,null,null,null,null,"TWOGAUSSIANS",8,3.6196675,0.6978004,0.00974545,0.4,0.0,0.19724345,0.016414749,0.1928369,0.004379372,0.4,0.0,0.19289868,0.009306917
375316653866487564,3031425648815988096,0.5953492,2114.1759583646767,2.347863266609139,5.7236707E-6,14.412305,0.001108304,0.4801163,0.005667117,0.046283245,0.0062874327,0.187813,0.05047065,0.58169806,0.1192131,0.031475432,0.05084119,0.034362596,0.041166812,null,null,null,null,"TWOGAUSSIANS",8,20.697552,0.4803363,0.0023788419,0.25918618,0.035209622,0.18800326,0.00205567,0.58169806,0.1192131,0.17626242,0.26168492,0.05125571,0.09245832
375316653866487564,3031427396857940480,0.44838023,2106.740684142305,3.241990323393152,4.9490915E-5,19.132742,0.0044864244,0.29395223,0.010712146,0.023736257,0.05628461,0.043520804,0.09768854,null,null,null,null,null,null,0.05046699,0.0049959403,0.29395223,0.010712146,"ONEGAUSSIAN_WITH_ELLIPSOIDAL",6,2.5102885,0.29395223,0.010712146,0.13292304,0.2806649,0.14445475,0.099233255,null,null,null,null,null,null
