Gaia/vari_eclipsing_binary/VariEclipsingBinary_208202-208290.csv
# %ECSV 1.0
# ---
# delimiter: ','
# meta: !!omap
# - RELEASE: Gaia DR3
# - TABLE: vari_eclipsing_binary
# - DESCRIPTION: >
#     This table describes the properties of the eclipsing binaries resulting from the variability analysis. 
# - CITATION: >
#     How to cite and acknowledge Gaia: 
#     https://gea.esac.esa.int/archive/documentation/credits.html 
# - KNOWN_ISSUES: >
#     Known issues: 
#     https://www.cosmos.esa.int/web/gaia-users/known-issues 
# - DOCUMENTATION: >
#     Tutorials and documentation: 
#     https://www.cosmos.esa.int/web/gaia-users/archive 
# datatype:
# - 
#   name: solution_id
#   datatype: int64
#   description: Solution Identifier
#   meta:
#     ucd: meta.version
# - 
#   name: source_id
#   datatype: int64
#   description: Unique source identifier
#   meta:
#     ucd: meta.id;meta.main
# - 
#   name: global_ranking
#   datatype: float32
#   description: Number between 0 (worst) and 1 (best)
#   meta:
#     ucd: stat.param
# - 
#   name: reference_time
#   datatype: float64
#   unit: d
#   description: Reference time used for the geometric model fit
#   meta:
#     ucd: time.epoch
# - 
#   name: frequency
#   datatype: float64
#   unit: d**-1
#   description: Frequency of geometric model of the eclipsing binary light curve
#   meta:
#     ucd: src.orbital
# - 
#   name: frequency_error
#   datatype: float32
#   unit: d**-1
#   description: "Uncertainty of \\texttt{frequency}"
#   meta:
#     ucd: stat.error
# - 
#   name: geom_model_reference_level
#   datatype: float32
#   unit: mag
#   description: Magnitude reference level of geometric model
#   meta:
#     ucd: phot.mag;em.opt
# - 
#   name: geom_model_reference_level_error
#   datatype: float32
#   unit: mag
#   description: "Uncertainty of \\texttt{geomModelReferenceLevel}"
#   meta:
#     ucd: stat.error;phot.mag;em.opt
# - 
#   name: geom_model_gaussian1_phase
#   datatype: float32
#   description: Phase of the Gaussian 1 component
#   meta:
#     ucd: time.phase
# - 
#   name: geom_model_gaussian1_phase_error
#   datatype: float32
#   description: "Uncertainty of \\texttt{geomModelGaussian1Phase}"
#   meta:
#     ucd: stat.error;time.phase
# - 
#   name: geom_model_gaussian1_sigma
#   datatype: float32
#   description: "Standard deviation [phase] of Gaussian 1 component"
#   meta:
#     ucd: stat.stdev
# - 
#   name: geom_model_gaussian1_sigma_error
#   datatype: float32
#   description: "Uncertainty of \\texttt{geomModelGaussian1Sigma}"
#   meta:
#     ucd: stat.error
# - 
#   name: geom_model_gaussian1_depth
#   datatype: float32
#   unit: mag
#   description: Magnitude depth of Gaussian 1 component
#   meta:
#     ucd: src.var.amplitude
# - 
#   name: geom_model_gaussian1_depth_error
#   datatype: float32
#   unit: mag
#   description: "Uncertainty of \\texttt{geomModelGaussian1Depth}"
#   meta:
#     ucd: stat.error;src.var.amplitude
# - 
#   name: geom_model_gaussian2_phase
#   datatype: float32
#   description: Phase of Gaussian 2 component
#   meta:
#     ucd: time.phase
# - 
#   name: geom_model_gaussian2_phase_error
#   datatype: float32
#   description: "Uncertainty of \\texttt{geomModelGaussian2Phase}"
#   meta:
#     ucd: stat.error;time.phase
# - 
#   name: geom_model_gaussian2_sigma
#   datatype: float32
[...]
#   datatype: float32
#   description: "Secondary eclipse: uncertainty of \\texttt{derivedSecondaryEclDuration}"
#   meta:
#     ucd: stat.error;time.duration
# - 
#   name: derived_secondary_ecl_depth
#   datatype: float32
#   unit: mag
#   description: "Secondary eclipse: depth"
#   meta:
#     ucd: src.var.amplitude
# - 
#   name: derived_secondary_ecl_depth_error
#   datatype: float32
#   unit: mag
#   description: "Secondary eclipse: uncertainty of \\texttt{derivedSecondaryEclDepth}"
#   meta:
#     ucd: stat.error;src.var.amplitude
solution_id,source_id,global_ranking,reference_time,frequency,frequency_error,geom_model_reference_level,geom_model_reference_level_error,geom_model_gaussian1_phase,geom_model_gaussian1_phase_error,geom_model_gaussian1_sigma,geom_model_gaussian1_sigma_error,geom_model_gaussian1_depth,geom_model_gaussian1_depth_error,geom_model_gaussian2_phase,geom_model_gaussian2_phase_error,geom_model_gaussian2_sigma,geom_model_gaussian2_sigma_error,geom_model_gaussian2_depth,geom_model_gaussian2_depth_error,geom_model_cosine_half_period_amplitude,geom_model_cosine_half_period_amplitude_error,geom_model_cosine_half_period_phase,geom_model_cosine_half_period_phase_error,model_type,num_model_parameters,reduced_chi2,derived_primary_ecl_phase,derived_primary_ecl_phase_error,derived_primary_ecl_duration,derived_primary_ecl_duration_error,derived_primary_ecl_depth,derived_primary_ecl_depth_error,derived_secondary_ecl_phase,derived_secondary_ecl_phase_error,derived_secondary_ecl_duration,derived_secondary_ecl_duration_error,derived_secondary_ecl_depth,derived_secondary_ecl_depth_error
[from data line 72]
375316653866487564,1831464528508874368,0.5851188,2252.6903865918866,2.2078982854588314,8.966603E-6,15.059568,0.017267277,0.18564348,0.0022364182,0.10622442,0.0073729907,0.23190506,0.0155061325,0.6907156,0.0028215658,0.11499617,0.009102917,0.21872273,0.016020846,null,null,null,null,"TWOGAUSSIANS",8,26.029085,0.18563347,0.00223652,0.4,0.0,0.19877814,0.0046292488,0.6907156,0.0028200902,0.4,0.0,0.1855682,0.0036543177
375316653866487564,1831465593660798720,0.45176703,2288.5404297615178,2.8751497445495597,3.4588666E-5,17.011297,0.7418826,0.28836688,0.012674527,0.1407699,0.12430174,0.29164875,0.6973295,0.77766764,0.010154854,0.14609765,0.067847386,0.2823608,0.5189452,null,null,null,null,"TWOGAUSSIANS",8,36.826736,0.28899688,0.0116215,0.4,0.0,0.17573488,0.030840464,0.77766764,0.010154854,0.4,0.0,0.16587985,0.011604589
375316653866487564,1831467994541088384,0.6366161,2248.48758045692,2.3427320352207834,5.262619E-6,16.03705,0.0046883724,0.24733463,0.0018461789,0.08481925,0.0026525224,0.390289,0.0075480584,0.75072473,0.0010975498,0.08844102,0.0019618834,0.3572675,0.0052745617,null,null,null,null,"TWOGAUSSIANS",8,12.601263,0.24733463,0.0018461789,0.4,0.0,0.37933353,0.0076767476,0.75072473,0.0010975498,0.4,0.0,0.34631196,0.0045572263
375316653866487564,1831472530026083584,0.5256567,2314.0207564886045,2.0231715284146534,8.0883845E-5,17.977057,0.004587255,0.22144923,0.020294873,0.06493947,0.0206594,0.05005953,0.012701581,0.67360973,0.0062816893,0.042601697,0.0066824355,0.7262029,0.16751212,null,null,null,null,"TWOGAUSSIANS",8,8.43385,0.67360973,0.0062816893,0.2385695,0.03742164,0.7262023,0.16751374,0.22144923,0.020294873,0.36366102,0.108428404,0.050058905,0.012703142
375316653866487564,1831472633105378176,0.54260767,2296.681170928525,2.6743696649710773,1.7087652E-5,17.2352,0.36989892,0.3423177,0.006529281,0.12133942,0.046744943,0.3145634,0.34560472,0.8363452,0.0027301363,0.13069262,0.048629113,0.31805235,0.3537567,null,null,null,null,"TWOGAUSSIANS",8,10.006138,0.8363452,0.0027301363,0.4,0.0,0.23391412,0.009467751,0.34241772,0.0063937064,0.4,0.0,0.2307214,0.014099943
375316653866487564,1831473835696425344,0.5791384,2279.079992739378,1.7601001342851195,9.546884E-6,18.459333,0.0057723355,0.12232496,0.002943724,0.028579354,0.0020901256,0.6054725,0.049722716,0.6199159,0.0029556965,0.036418673,0.0040627867,0.5651313,0.031327836,null,null,null,null,"TWOGAUSSIANS",8,5.563493,0.12232496,0.002943724,0.16004439,0.011704704,0.6054725,0.049722716,0.6199159,0.0029556965,0.20394456,0.022751605,0.5651313,0.031327836
375316653866487564,1831474836423278336,0.51805604,2290.8871742604993,3.756448088578625,2.227694E-5,18.610788,0.047838062,0.24199314,0.0040663164,0.103943996,0.010804093,0.31922242,0.043248236,0.7686329,0.010843711,0.13446085,0.024092458,0.28561455,0.048740402,null,null,null,null,"TWOGAUSSIANS",8,4.7803574,0.24160315,0.003726907,0.4,0.0,0.2683159,0.012587746,0.76866287,0.010842259,0.4,0.0,0.23400195,0.016735042
375316653866487564,1831475351822595840,0.47784123,2290.6521739042664,3.0509106476585734,1.7227414E-5,19.473999,0.0473924,0.18727559,0.004946013,0.08541053,0.020573758,0.2994288,0.03424072,0.6759618,0.0047092764,0.109247826,0.022403575,0.27729043,0.05036546,null,null,null,null,"TWOGAUSSIANS",8,2.4777157,0.18728559,0.0049616275,0.4,0.0,0.28140962,0.043108538,0.6759618,0.0047092764,0.4,0.0,0.25925386,0.042913504
375316653866487564,1831475935942189312,0.6203101,2279.466222013495,1.3924847465457666,7.586578E-6,15.112476,0.00514016,0.2302428,0.0032801293,0.09646534,0.003774392,0.2670974,0.007585969,0.725833,0.0024980824,0.087951966,0.0023636937,0.33373946,0.009545926,null,null,null,null,"TWOGAUSSIANS",8,30.93036,0.725833,0.0024980824,0.4,0.0,0.31967697,0.009119858,0.2302428,0.0032801293,0.4,0.0,0.25303417,0.0070249885
375316653866487564,1831480265271848832,0.46218726,2318.0474370422553,0.18719143724320342,4.8346814E-5,19.43563,0.0072663776,0.23365818,0.007499163,0.012125417,0.010103795,0.08250791,1.2547227,0.5311126,0.0040144115,0.013182624,0.0039756955,0.19204931,0.022560146,null,null,null,null,"TWOGAUSSIANS",8,2.3221912,0.5311126,0.0040144115,0.07382269,0.022263896,0.19204931,0.022560146,0.23365818,0.007499163,0.067902334,0.05658125,0.08250791,1.2547227
375316653866487564,1831480402708107264,0.63143605,2282.3206518203287,3.86973730424847,6.6135E-6,15.890438,0.015440868,0.29730153,0.0022115903,0.052461166,0.00606993,0.22018671,0.036376968,0.7873311,0.005702041,0.059529554,0.0069681667,0.3203787,0.03547261,0.090414256,0.0210436,0.29730153,0.0022115903,"TWOGAUSSIANS_WITH_ELLIPSOIDAL_ON_ECLIPSE1",9,32.147884,0.7886911,0.0047713197,0.3333655,0.039021734,0.50056833,0.022842878,0.29730153,0.0022115903,0.29378253,0.033991605,0.40098867,0.009796158
375316653866487564,1831480604565593600,0.53769463,2279.9153029613312,0.20584324387771066,3.1396987E-5,16.912903,0.057623032,0.45264348,9.106069E-4,0.019929292,6.5251306E-4,0.22327526,0.0056703663,0.77016294,0.016865466,0.24456576,0.14860484,0.042434584,0.054727964,null,null,null,null,"TWOGAUSSIANS",8,4.8882565,0.45280346,9.078163E-4,0.11160403,0.0036540732,0.23191623,0.0059519727,0.77016294,0.016865466,0.4,0.0,0.03195584,0.00387822
375316653866487564,1831482494351525760,0.5975849,2301.092316260976,1.978094177349185,6.781818E-6,18.497877,0.00914087,0.22480027,0.0045485324,0.093949296,0.007956306,0.1999074,0.008992735,0.7115228,0.0013133204,0.073665865,0.0022341982,0.49957266,0.01813428,null,null,null,null,"TWOGAUSSIANS",8,1.4761682,0.7115228,0.0013133204,0.4,0.0,0.4942167,0.017781263,0.22480027,0.0045485324,0.4,0.0,0.1945511,0.0076844404
375316653866487564,1831483666883280000,0.6484059,2270.5181513965135,3.2864972296714376,3.8216003E-6,17.24645,0.011305949,0.3075464,0.0020685198,0.048982013,0.007956549,0.29584453,0.023975696,0.8048103,8.141324E-4,0.054553695,0.0026245257,0.35423377,0.025602367,0.08959411,0.015775476,0.3075464,0.0020685198,"TWOGAUSSIANS_WITH_ELLIPSOIDAL_ON_ECLIPSE1",9,5.7173333,0.8051003,6.524747E-4,0.3055007,0.014697344,0.5333647,0.010373196,0.3075464,0.0020685198,0.2742993,0.04455667,0.4750228,0.0137631195
375316653866487564,1831484315417509888,0.4634874,2281.8925327170036,1.8862698262046274,2.720334E-5,18.016,0.009558362,0.130957,0.0042524645,0.034158494,0.0031505194,0.28055114,0.017262701,0.6278506,0.014489827,0.043504566,0.02955926,0.29295844,0.21889867,null,null,null,null,"TWOGAUSSIANS",8,23.533354,0.6278506,0.014489827,0.24362557,0.16553186,0.29295844,0.21890172,0.130957,0.0042524645,0.19128758,0.01764291,0.28055114,0.01726101
375316653866487564,1831484968252804864,0.58755475,2269.902569795273,3.2541449431422445,8.089679E-6,17.746307,0.009107252,0.29368883,0.0013037184,0.05005179,0.0039683892,0.18610698,0.02061825,0.7887549,0.0091643315,0.053127095,0.0077382433,0.13447562,0.022637654,0.08871059,0.011350444,0.29368883,0.0013037184,"TWOGAUSSIANS_WITH_ELLIPSOIDAL_ON_ECLIPSE1",9,4.053434,0.29368883,0.0013037184,0.28029004,0.02222298,0.36352524,0.010395629,0.7898749,0.0068819285,0.29751173,0.043334164,0.31176212,0.012991684
375316653866487564,1831485346209942656,0.49858493,2269.027820674094,1.976394519005461,6.246943E-5,17.25196,0.0049169557,0.22051482,1.02397964E-4,0.004097592,4.503369E-4,0.08944829,0.007024284,0.80233866,0.023211189,0.017306006,0.011422025,0.5637935,0.11963537,0.015220113,0.006518746,0.80233866,0.023211189,"TWOGAUSSIANS_WITH_ELLIPSOIDAL_ON_ECLIPSE2",9,23.305746,0.80233866,0.023211189,0.09691363,0.06396334,0.59423363,0.12170024,0.22054482,1.0104908E-4,0.022946516,0.0025218865,0.11252956,0.0071931626
375316653866487564,1831485728461035136,0.5192451,2290.8777296848466,3.004218791450986,1.5015263E-5,18.723364,0.020285664,0.21396196,0.00489813,0.04256563,0.017465688,0.19642787,0.056281257,0.7160984,0.0055319327,0.06703212,0.012005382,0.30479914,0.06535189,0.10178681,0.023810828,0.21396196,0.00489813,"TWOGAUSSIANS_WITH_ELLIPSOIDAL_ON_ECLIPSE1",9,6.51196,0.7160984,0.005470182,0.37537986,0.066347554,0.5080831,0.060802635,0.21396196,0.00489813,0.23836751,0.09780785,0.39974853,0.06485622
375316653866487564,1831485861606181376,0.4788967,2227.5905550831562,3.1857644915147874,1.01517406E-4,17.2175,0.030293457,0.256889,0.010623332,0.12952064,0.024858886,0.117832266,0.030923394,0.7084524,0.00821496,0.100741,0.015688032,0.16804382,0.028357975,null,null,null,null,"TWOGAUSSIANS",8,18.923912,0.7084524,0.00821496,0.4,0.0,0.15246747,0.011219525,0.256939,0.01057378,0.4,0.0,0.10197794,0.015304913
375316653866487564,1831485964688609792,0.52584887,2323.849012072759,1.7935433147227478,1.0756429E-5,16.802486,0.0054493165,0.28428456,8.822118E-4,0.021747809,0.0021232222,0.39286953,0.032106876,0.7864296,0.0012583577,0.014342502,0.002533691,0.23473348,0.05781795,0.022333127,0.007418983,0.28428456,8.822118E-4,"TWOGAUSSIANS_WITH_ELLIPSOIDAL_ON_ECLIPSE1",9,41.61634,0.28428456,8.822118E-4,0.12178773,0.011890045,0.43753567,0.03449815,0.7864296,0.0012583577,0.08031801,0.01418867,0.2793915,0.06715858
375316653866487564,1831488649046043520,0.6893818,2278.635760744576,0.6361898301462785,1.9584043E-6,13.5517235,6.049333E-4,0.2352384,0.0013566009,0.020316083,0.0012814671,0.58948916,0.09529242,0.73448867,3.4890938E-4,0.020696761,2.3584788E-4,0.5266994,0.00644064,0.0052870014,0.0011262993,0.2352384,0.0013566009,"TWOGAUSSIANS_WITH_ELLIPSOIDAL_ON_ECLIPSE1",9,20.429169,0.2352384,0.0013566009,0.11377006,0.0071762158,0.60006315,0.0955277,0.73448867,3.4890938E-4,0.11590186,0.0013207481,0.53727317,0.006582684
375316653866487564,1831488919624836224,0.44882315,2273.3045883772465,2.6872353168448133,2.8148563E-5,18.080786,0.027985806,0.29340807,0.019077383,0.12640278,0.019093588,0.14344244,0.028874459,0.7194858,0.010227375,0.10096735,0.014454568,0.20581618,0.028243775,null,null,null,null,"TWOGAUSSIANS",8,13.73268,0.7194858,0.010227375,0.4,0.0,0.19257909,0.017981173,0.29353806,0.018984552,0.4,0.0,0.12973952,0.0230669
375316653866487564,1831489503740341120,0.6321511,2278.25457004034,1.8786408998103166,3.1601523E-6,16.608053,0.004469928,0.3206212,8.8050455E-4,0.042801585,0.0026668364,0.8393217,0.114585385,0.82214844,0.00214697,0.0408876,0.0035030383,0.12895896,0.017712545,0.028030457,0.005876745,0.3206212,8.8050455E-4,"TWOGAUSSIANS_WITH_ELLIPSOIDAL_ON_ECLIPSE1",9,6.8184843,0.3206212,8.8050455E-4,0.23968887,0.014934284,0.8953826,0.12057009,0.82214844,0.0021304728,0.22897056,0.019617015,0.18501467,0.015349501
375316653866487564,1831489576758962816,0.4349461,2270.136544985229,2.9676617019786473,3.3738936E-5,17.243814,0.19123828,0.27025905,0.013364952,0.16285309,0.08971041,0.14734608,0.1874657,0.75267714,0.016881267,0.13233143,0.04730673,0.15017776,0.15747185,null,null,null,null,"TWOGAUSSIANS",8,18.656073,0.75267714,0.016881267,0.4,0.0,0.08958455,0.014406097,0.27086908,0.012632566,0.4,0.0,0.08424522,0.010617822
375316653866487564,1831491019868086912,0.5746619,2292.928007952408,2.5373661433614947,7.1469904E-6,16.32526,0.00730151,0.2680965,0.0016783954,0.091554865,0.0040901136,0.23617265,0.0070286687,0.76838666,0.0031302997,0.09788555,0.00793472,0.20761468,0.005691231,null,null,null,null,"TWOGAUSSIANS",8,8.264409,0.2680965,0.0016783954,0.4,0.0,0.22267348,0.0061961575,0.76838666,0.0031302997,0.4,0.0,0.19411476,0.006280702
375316653866487564,1831491432184947968,0.46645182,2300.8132124307617,3.259564875351818,4.888037E-5,18.816797,0.07214448,0.21128854,0.0087989485,0.084819146,0.024705205,0.46757996,0.09240554,0.7364009,0.02018231,0.074564,0.026771225,0.34135237,0.08223592,null,null,null,null,"TWOGAUSSIANS",8,23.976358,0.21128854,0.0087989485,0.4,0.0,0.4640415,0.093545526,0.7364009,0.02018231,0.4,0.04639747,0.33781397,0.0644765
375316653866487564,1831492183800042112,0.6578876,2307.5687243725133,0.9452629616618287,4.83286E-6,14.963083,0.0047528874,0.27997833,9.554883E-4,0.099025756,0.0023508775,0.27124098,0.0043453556,0.7801866,0.0013955202,0.1068485,0.0030652843,0.21957496,0.005103985,null,null,null,null,"TWOGAUSSIANS",8,9.814367,0.27997833,9.554883E-4,0.4,0.0,0.2459178,0.002899024,0.7801866,0.0013955202,0.4,0.0,0.19424562,0.0034640804
375316653866487564,1831496203888479488,0.5849188,2294.2622360444316,2.4498162492453575,7.395173E-6,15.369153,0.009531476,0.22165692,0.0023394157,0.061212253,0.005787223,0.17455311,0.025772346,0.71443737,0.0073122843,0.049476266,0.0071658464,0.17047296,0.022591472,0.06917619,0.013582822,0.22165692,0.0023394157,"TWOGAUSSIANS_WITH_ELLIPSOIDAL_ON_ECLIPSE1",9,54.079117,0.22165692,0.0023394157,0.3427886,0.03240845,0.31286287,0.016989144,0.7154173,0.006593397,0.2770671,0.040128738,0.30853674,0.0066956067
375316653866487564,1831498750804340352,0.4918737,2286.3769381900283,2.6884720008236824,2.4245268E-5,18.37397,0.24012785,0.21018319,0.011971959,0.13788757,0.073940724,0.24613267,0.23903593,0.7183475,0.0041720583,0.11096534,0.03179324,0.39587215,0.20849665,null,null,null,null,"TWOGAUSSIANS",8,6.9949493,0.71845746,0.0038186142,0.4,0.0,0.32273006,0.02759746,0.21015318,0.011996262,0.4,0.0,0.17232126,0.027618596
375316653866487564,1831499296262519168,0.54121476,2340.4380646579266,2.447433639648228,1.6349593E-5,18.884068,0.002531301,0.7691731,0.0036781656,0.036133513,0.003677572,0.29553577,0.021758907,null,null,null,null,null,null,0.05428942,0.005478133,0.7691731,0.0036781656,"ONEGAUSSIAN_WITH_ELLIPSOIDAL",6,1.5573761,0.7691731,0.0036781656,0.20234767,0.020594403,0.4041145,0.022301588,null,null,null,null,null,null
375316653866487564,1831500292695032320,0.46686983,2330.1156838519837,1.451780790498083,3.895E-5,19.23915,0.10471716,0.034185,0.015966237,0.059759032,0.01633251,0.0762144,0.03638864,0.45607275,0.008866997,0.23179048,0.071014136,0.25922307,0.10015089,null,null,null,null,"TWOGAUSSIANS",8,2.2827954,0.45607275,0.008866997,0.4,0.0,0.19721718,0.025956286,0.049305,0.023405213,0.33465058,0.09146205,0.07714445,0.03882594
375316653866487564,1831505966354417664,0.46185476,2278.43471887504,0.5792200041235339,6.2054976E-5,19.119738,0.008746925,0.32455766,0.019662023,0.041779995,0.035655923,0.061303567,0.03579775,0.6663828,0.014534001,0.045618903,0.00481429,2.5173068,1.3791962,null,null,null,null,"TWOGAUSSIANS",8,3.159385,0.6663828,0.014534001,0.25546587,0.026960025,2.5173068,1.3791962,0.32455766,0.019662023,0.23396796,0.19967318,0.061303567,0.03579775
375316653866487564,1831508676474983808,0.5450243,2255.328951483945,3.972042800390721,2.069588E-5,18.117188,0.006464233,0.27554357,0.00388336,0.045290332,0.009875893,0.13178928,0.016835477,0.77714086,0.0051986035,0.04931808,0.008110606,0.16204165,0.022452695,0.07820229,0.0099065,0.27554357,0.00388336,"TWOGAUSSIANS_WITH_ELLIPSOIDAL_ON_ECLIPSE1",9,7.220943,0.77714086,0.005073669,0.27618125,0.045419395,0.3184301,0.015975127,0.27554357,0.00388336,0.25362587,0.055305,0.28819346,0.013423699
375316653866487564,1831508882633745024,0.6541479,2286.006255173643,2.18510901446386,3.1541308E-6,13.51524,0.0023486055,0.24587446,0.002110413,0.057198472,0.0046837213,0.04124939,0.0059903343,0.745884,0.0037012529,0.065546714,0.0041713645,0.04606889,0.0051773577,0.018039938,0.0028508692,0.24587446,0.002110413,"TWOGAUSSIANS_WITH_ELLIPSOIDAL_ON_ECLIPSE1",9,4.617514,0.745884,0.003023072,0.36706161,0.023359641,0.0821143,9.736343E-4,0.24587446,0.002110413,0.32031143,0.02622884,0.077294804,0.0037295632
375316653866487564,1831510119583923456,0.6099585,2228.3421001671045,0.9009978567852902,1.2838606E-5,18.362532,0.00373203,0.52692264,0.031361356,0.023218242,0.024417602,0.026432546,1293091.9,0.92369765,5.595426E-4,0.021000024,4.609953E-4,0.92903453,0.034486625,null,null,null,null,"TWOGAUSSIANS",8,4.389398,0.92369765,5.595426E-4,0.11760013,0.0025815738,0.92903453,0.034486625,0.52692264,0.031361356,0.13002215,0.13673857,0.026432546,1293091.9
