Gaia/vari_eclipsing_binary/VariEclipsingBinary_674826-674848.csv
# %ECSV 1.0
# ---
# delimiter: ','
# meta: !!omap
# - RELEASE: Gaia DR3
# - TABLE: vari_eclipsing_binary
# - DESCRIPTION: >
#     This table describes the properties of the eclipsing binaries resulting from the variability analysis. 
# - CITATION: >
#     How to cite and acknowledge Gaia: 
#     https://gea.esac.esa.int/archive/documentation/credits.html 
# - KNOWN_ISSUES: >
#     Known issues: 
#     https://www.cosmos.esa.int/web/gaia-users/known-issues 
# - DOCUMENTATION: >
#     Tutorials and documentation: 
#     https://www.cosmos.esa.int/web/gaia-users/archive 
# datatype:
# - 
#   name: solution_id
#   datatype: int64
#   description: Solution Identifier
#   meta:
#     ucd: meta.version
# - 
#   name: source_id
#   datatype: int64
#   description: Unique source identifier
#   meta:
#     ucd: meta.id;meta.main
# - 
#   name: global_ranking
#   datatype: float32
#   description: Number between 0 (worst) and 1 (best)
#   meta:
#     ucd: stat.param
# - 
#   name: reference_time
#   datatype: float64
#   unit: d
#   description: Reference time used for the geometric model fit
#   meta:
#     ucd: time.epoch
# - 
#   name: frequency
#   datatype: float64
#   unit: d**-1
#   description: Frequency of geometric model of the eclipsing binary light curve
#   meta:
#     ucd: src.orbital
# - 
#   name: frequency_error
#   datatype: float32
#   unit: d**-1
#   description: "Uncertainty of \\texttt{frequency}"
#   meta:
#     ucd: stat.error
# - 
#   name: geom_model_reference_level
#   datatype: float32
#   unit: mag
#   description: Magnitude reference level of geometric model
#   meta:
#     ucd: phot.mag;em.opt
# - 
#   name: geom_model_reference_level_error
#   datatype: float32
#   unit: mag
#   description: "Uncertainty of \\texttt{geomModelReferenceLevel}"
#   meta:
#     ucd: stat.error;phot.mag;em.opt
# - 
#   name: geom_model_gaussian1_phase
#   datatype: float32
#   description: Phase of the Gaussian 1 component
#   meta:
#     ucd: time.phase
# - 
#   name: geom_model_gaussian1_phase_error
#   datatype: float32
#   description: "Uncertainty of \\texttt{geomModelGaussian1Phase}"
#   meta:
#     ucd: stat.error;time.phase
# - 
#   name: geom_model_gaussian1_sigma
#   datatype: float32
#   description: "Standard deviation [phase] of Gaussian 1 component"
#   meta:
#     ucd: stat.stdev
# - 
#   name: geom_model_gaussian1_sigma_error
#   datatype: float32
#   description: "Uncertainty of \\texttt{geomModelGaussian1Sigma}"
#   meta:
#     ucd: stat.error
# - 
#   name: geom_model_gaussian1_depth
#   datatype: float32
#   unit: mag
#   description: Magnitude depth of Gaussian 1 component
#   meta:
#     ucd: src.var.amplitude
# - 
#   name: geom_model_gaussian1_depth_error
#   datatype: float32
#   unit: mag
#   description: "Uncertainty of \\texttt{geomModelGaussian1Depth}"
#   meta:
#     ucd: stat.error;src.var.amplitude
# - 
#   name: geom_model_gaussian2_phase
#   datatype: float32
#   description: Phase of Gaussian 2 component
#   meta:
#     ucd: time.phase
# - 
#   name: geom_model_gaussian2_phase_error
#   datatype: float32
#   description: "Uncertainty of \\texttt{geomModelGaussian2Phase}"
#   meta:
#     ucd: stat.error;time.phase
# - 
#   name: geom_model_gaussian2_sigma
#   datatype: float32
[...]
#   datatype: float32
#   description: "Secondary eclipse: uncertainty of \\texttt{derivedSecondaryEclDuration}"
#   meta:
#     ucd: stat.error;time.duration
# - 
#   name: derived_secondary_ecl_depth
#   datatype: float32
#   unit: mag
#   description: "Secondary eclipse: depth"
#   meta:
#     ucd: src.var.amplitude
# - 
#   name: derived_secondary_ecl_depth_error
#   datatype: float32
#   unit: mag
#   description: "Secondary eclipse: uncertainty of \\texttt{derivedSecondaryEclDepth}"
#   meta:
#     ucd: stat.error;src.var.amplitude
solution_id,source_id,global_ranking,reference_time,frequency,frequency_error,geom_model_reference_level,geom_model_reference_level_error,geom_model_gaussian1_phase,geom_model_gaussian1_phase_error,geom_model_gaussian1_sigma,geom_model_gaussian1_sigma_error,geom_model_gaussian1_depth,geom_model_gaussian1_depth_error,geom_model_gaussian2_phase,geom_model_gaussian2_phase_error,geom_model_gaussian2_sigma,geom_model_gaussian2_sigma_error,geom_model_gaussian2_depth,geom_model_gaussian2_depth_error,geom_model_cosine_half_period_amplitude,geom_model_cosine_half_period_amplitude_error,geom_model_cosine_half_period_phase,geom_model_cosine_half_period_phase_error,model_type,num_model_parameters,reduced_chi2,derived_primary_ecl_phase,derived_primary_ecl_phase_error,derived_primary_ecl_duration,derived_primary_ecl_duration_error,derived_primary_ecl_depth,derived_primary_ecl_depth_error,derived_secondary_ecl_phase,derived_secondary_ecl_phase_error,derived_secondary_ecl_duration,derived_secondary_ecl_duration_error,derived_secondary_ecl_depth,derived_secondary_ecl_depth_error
[from data line 183]
375316653866487564,5935906800429647744,0.5514201,2093.8004524856615,2.8187532080296567,6.5403938E-6,15.3614235,0.047963675,0.24205421,0.0026793913,0.12366437,0.014778397,0.24190822,0.044027656,0.734676,0.002113047,0.13033214,0.015530991,0.24770398,0.045913275,null,null,null,null,"TWOGAUSSIANS",8,29.762472,0.734676,0.002113047,0.4,0.0,0.18126996,0.004828254,0.24217421,0.002662042,0.4,0.0,0.17565666,0.008486254
375316653866487564,5935907144026754688,0.5857727,2111.9407182368477,2.0171130917593163,7.414105E-6,17.12531,7.3533197E-4,0.38418958,4.1134478E-4,0.005764152,0.0010168528,0.017780479,7.0240913E-4,0.77458584,0.0012734954,0.055686407,0.0033286086,0.07506271,0.0067243143,0.04595989,0.0010497184,0.77458584,0.0012734954,"TWOGAUSSIANS_WITH_ELLIPSOIDAL_ON_ECLIPSE2",9,1.3572613,0.77458584,0.0012734954,0.31184387,0.018640209,0.16697933,0.0066966834,0.38311955,3.1345358E-4,0.032279253,0.0056943754,0.07287587,0.0015223265
375316653866487564,5935907899941037696,0.46707404,2100.6310540704694,0.8895009479528019,2.4654948E-5,17.553988,0.00419177,0.25523937,0.013247066,0.046030313,0.014749448,0.028302697,0.011399841,0.7023519,0.009982522,0.03707859,0.007938361,0.17024058,0.012043591,null,null,null,null,"TWOGAUSSIANS",8,10.598315,0.7023519,0.009982522,0.2076401,0.044454817,0.17024058,0.012043591,0.25523937,0.013247066,0.25776973,0.082596906,0.028302697,0.011399841
375316653866487564,5935907899941040512,0.54641795,2089.2888771547564,3.3232882127606582,9.831158E-6,18.822565,0.012207728,0.29290572,0.0025665255,0.05003683,0.0068284357,0.22048749,0.032488268,0.78860474,0.0033946973,0.043297466,0.0042658546,0.26520324,0.03567083,0.12184455,0.018037044,0.29290572,0.0025665255,"TWOGAUSSIANS_WITH_ELLIPSOIDAL_ON_ECLIPSE1",9,4.8673663,0.7891148,0.0028727707,0.24246582,0.023888785,0.5087347,0.020212527,0.29290572,0.0025665255,0.28020626,0.03823924,0.46417555,0.022998918
375316653866487564,5935909308690552576,0.6969113,2137.154824148922,2.8407919637983476,2.8193183E-6,16.144539,0.008983294,0.25274917,0.0010954086,0.04663994,0.002101417,0.3768816,0.02105458,0.7525968,9.422968E-4,0.05176946,0.0020988693,0.42683432,0.018254515,0.10998007,0.011031001,0.25274917,0.0010954086,"TWOGAUSSIANS_WITH_ELLIPSOIDAL_ON_ECLIPSE1",9,9.797886,0.7526068,8.6786516E-4,0.28990898,0.011753667,0.6467899,0.0062178792,0.25274917,0.0010954086,0.26118368,0.011767934,0.5968374,0.005705715
375316653866487564,5935910060259079808,0.53183544,2126.229450776147,2.803151381391644,1.5005101E-5,18.122065,0.009514234,0.25873658,0.0036391467,0.08344477,0.0055387462,0.34354463,0.018473739,0.75652456,0.0037721214,0.077464126,0.004234023,0.355273,0.020994157,null,null,null,null,"TWOGAUSSIANS",8,10.900635,0.75652456,0.0037721214,0.4,0.0,0.34992266,0.021086117,0.25873658,0.0036391467,0.4,0.0,0.33819425,0.018988246
375316653866487564,5935910713110479616,0.51975924,2103.190599349509,2.5667642369089436,1.045224E-5,18.821363,0.011663948,0.2676054,0.0028787728,0.09345913,0.006000388,0.2651418,0.010883583,0.7569637,0.003984344,0.087436564,0.005761671,0.30310047,0.011733979,null,null,null,null,"TWOGAUSSIANS",8,2.0735354,0.7569637,0.003984344,0.4,0.0,0.29258746,0.008895208,0.2676054,0.0028787728,0.4,0.0,0.25462848,0.0077547072
375316653866487564,5935911610745380736,0.6257893,2103.8024115634366,2.2814118383751207,5.5270325E-6,17.797146,0.0058659655,0.2270615,0.0018885168,0.08318523,0.0027019256,0.47153822,0.009277541,0.7309484,0.0016713042,0.088698216,0.0024200492,0.4158523,0.009992076,null,null,null,null,"TWOGAUSSIANS",8,2.4163208,0.2270615,0.0018885168,0.4,0.0,0.4595222,0.009749571,0.7309484,0.0016713042,0.4,0.0,0.4038362,0.00992628
375316653866487564,5935911816951893248,0.61185664,2140.7929993759135,0.04413351092877563,4.596078E-5,14.698232,5.22643E-4,0.60471445,6.6932896E-4,0.01752833,0.0014261457,0.3855732,0.07872022,null,null,null,null,null,null,null,null,null,null,"ONEGAUSSIAN",5,6.2551947,0.60471445,6.6932896E-4,0.09815865,0.007986416,0.3855732,0.0,null,null,null,null,null,null
375316653866487564,5935912332300039808,0.5255053,2106.053493396783,3.6334866641683727,1.1275955E-5,19.558514,0.013395961,0.24652982,0.002625936,0.07661093,0.00342977,0.58596385,0.020719526,0.76261127,0.0044622067,0.07511387,0.007168474,0.5693879,0.038011063,null,null,null,null,"TWOGAUSSIANS",8,2.5817761,0.24652982,0.002625936,0.4,0.0,0.5824124,0.020364208,0.76261127,0.0044622067,0.4,0.0,0.5658364,0.039344937
375316653866487564,5935912572818919808,0.565606,2084.9539750752656,2.7978217665548515,9.591436E-6,17.257376,0.035028737,0.25831792,0.0031492575,0.065065265,0.014449704,0.23591922,0.06250582,0.754115,0.0027057147,0.058893446,0.005652092,0.3686415,0.07405255,0.058306843,0.038168628,0.25831792,0.0031492575,"TWOGAUSSIANS_WITH_ELLIPSOIDAL_ON_ECLIPSE1",9,27.571463,0.75444496,0.002350141,0.32980332,0.031651713,0.48500174,0.019495705,0.25831792,0.0031492575,0.3643655,0.08091834,0.35235432,0.02238089
375316653866487564,5935912946496108160,0.42988056,2068.4787924721663,1.73369488423257,5.604208E-5,19.535898,0.0076842275,0.121826865,0.09285063,0.028465346,0.044771414,0.123175,0.17153178,0.53394157,0.010683193,0.012705241,0.0135710975,0.57383054,0.22616881,null,null,null,null,"TWOGAUSSIANS",8,3.5595574,0.53394157,0.010683193,0.07114935,0.07599815,0.57383054,0.22616881,0.121826865,0.09285063,0.15940593,0.25071993,0.123175,0.17153178
375316653866487564,5935913977269479936,0.506059,2126.0300536861673,4.203141991241347,8.5713355E-6,19.114286,0.0037941204,0.4352474,0.05546382,0.04548667,0.0356386,0.061140165,1.3132062,0.7938242,1.858349E-5,0.0031889733,3.914468E-5,0.43801558,0.0031416146,null,null,null,null,"TWOGAUSSIANS",8,1.9243708,0.7938242,1.858349E-5,0.01785825,2.1921021E-4,0.43801558,0.0031416146,0.4352474,0.05546382,0.25472537,0.19957615,0.061140165,1.3132062
375316653866487564,5935914050335136768,0.68105805,2115.8885082597794,1.0995981189333637,1.2715753E-6,15.400369,0.0027062674,0.24783158,0.0015286716,0.04529811,0.0023709463,0.06220824,0.0061296364,0.7455438,1.8954137E-4,0.046663694,5.7647465E-4,0.38530093,0.005510868,0.018169748,0.0030118255,0.24783158,0.0015286716,"TWOGAUSSIANS_WITH_ELLIPSOIDAL_ON_ECLIPSE1",9,6.192203,0.7455838,1.765815E-4,0.2613167,0.0032282579,0.42163283,0.001221615,0.24783158,0.0015286716,0.2536694,0.013277299,0.09854751,0.0015599303
375316653866487564,5935914668763348736,0.5224143,2146.247395453499,2.4422073857038713,1.4484904E-5,18.668419,0.014770507,0.2619088,0.0024507954,0.086516485,0.0057632294,0.31716818,0.013115424,0.7613571,0.0062294723,0.08046979,0.009736527,0.3712126,0.019310476,null,null,null,null,"TWOGAUSSIANS",8,5.740399,0.7613571,0.0062294723,0.4,0.0,0.36356613,0.01937591,0.2619088,0.0024507954,0.4,0.0,0.30952168,0.010341838
375316653866487564,5935915046720423552,0.5241783,2108.1729160006557,2.834375075320226,1.2452112E-5,18.569183,0.007712412,0.29996493,0.0031654313,0.075037405,0.0031445886,0.36441353,0.014878349,0.7937257,0.004760082,0.075598985,0.0055608763,0.40954438,0.02559285,null,null,null,null,"TWOGAUSSIANS",8,6.5478377,0.7937257,0.004760082,0.4,0.0,0.4068184,0.025926758,0.29996493,0.0031654313,0.4,0.0,0.3616875,0.01466018
375316653866487564,5935915905760835968,0.5863803,2127.657270882576,3.0746851084241094,8.308743E-6,17.22757,0.016307576,0.28998354,0.0040628514,0.05288443,0.008844664,0.45177728,0.2654739,0.78714067,0.004790652,0.047679897,0.008986917,0.38799867,0.031071281,0.12390477,0.020520994,0.28998354,0.0040628514,"TWOGAUSSIANS_WITH_ELLIPSOIDAL_ON_ECLIPSE1",9,14.338599,0.28998354,0.0040628514,0.2961528,0.04953012,0.69958013,0.26764596,0.78743064,0.0043642204,0.26700744,0.05032674,0.63573056,0.017726414
375316653866487564,5935916313731775616,0.49805334,2094.036027657779,0.28367964878463153,1.7128756E-5,19.18583,0.0042884736,0.353398,0.0031184342,0.011001811,0.0031094523,0.061956923,0.027538177,0.9247888,0.005205855,0.006579654,0.0062030116,0.6962598,0.7177534,null,null,null,null,"TWOGAUSSIANS",8,2.129138,0.9247888,0.005205855,0.03684606,0.034736864,0.6962598,0.7177534,0.353398,0.0031184342,0.061610147,0.017412933,0.061956923,0.027538177
375316653866487564,5935916558596136192,0.5777255,2104.091586549015,3.5680358339372362,1.2609176E-5,18.716286,0.022325315,0.23530942,0.0026400718,0.04501028,0.01375667,0.3013539,0.038368106,0.74480474,0.004742382,0.05064521,0.010158409,0.19058196,0.046328735,0.12566005,0.026202412,0.23530942,0.0026400718,"TWOGAUSSIANS_WITH_ELLIPSOIDAL_ON_ECLIPSE1",9,4.2523246,0.23530942,0.0026400718,0.25205755,0.07703735,0.5526732,0.061819743,0.74480474,0.004742382,0.28361318,0.05688709,0.4410078,0.0097341575
375316653866487564,5935917177071225216,0.45486787,2103.588250399185,2.2270250712833297,1.0659073E-5,12.162405,0.053935118,0.18569109,0.003927739,0.34654272,0.014858004,0.7398259,0.049310297,0.69109744,0.002891427,0.11885957,0.006862549,0.3390061,0.031751033,null,null,null,null,"TWOGAUSSIANS",8,749.43866,0.69242746,0.0029491668,0.4,0.0,0.18665949,0.007563396,0.18556108,0.003977339,0.4,0.0,0.08784457,0.007835978
375316653866487564,5935917486261258624,0.570155,2089.513547058614,3.251151973600713,8.925994E-6,19.101303,0.011960051,0.2991885,0.0028426924,0.045819405,0.005265945,0.5339535,0.051051237,0.7962912,0.008362638,0.04143618,0.007844518,0.31852454,0.08797476,0.14067844,0.020722076,0.2991885,0.0028426924,"TWOGAUSSIANS_WITH_ELLIPSOIDAL_ON_ECLIPSE1",9,4.26495,0.2991885,0.0028426924,0.25658867,0.029489292,0.81530994,0.057188656,0.7966012,0.0077601215,0.23204261,0.0439293,0.5997977,0.087668575
375316653866487564,5935919028151664128,0.5178101,2150.358001271983,3.1449983009916282,1.00050265E-5,18.569742,0.0120285135,0.14774086,0.0022090413,0.078157976,0.004577305,0.34975916,0.015150418,0.6485331,0.00259031,0.07540746,0.0047382344,0.4045787,0.032783832,null,null,null,null,"TWOGAUSSIANS",8,3.5805361,0.6485331,0.00259031,0.4,0.0,0.40089494,0.033402387,0.14774086,0.0022090413,0.4,0.0,0.34607542,0.014929461
375316653866487564,5935920716124879744,0.4697231,2165.5759896382087,0.042522550676745895,4.605545E-5,17.32334,0.010193692,0.19188575,0.024457911,0.052211232,0.014849837,0.033531234,0.024960076,0.447311,0.009421527,0.049375087,0.0063560423,0.49675286,0.19034636,0.025064781,0.013029315,0.19188575,0.024457911,"TWOGAUSSIANS_WITH_ELLIPSOIDAL_ON_ECLIPSE1",9,33.861626,0.447421,0.009458963,0.2765005,0.035593837,0.49681208,0.190315,0.19188575,0.024482729,0.2923829,0.08315909,0.083661206,0.012767218
375316653866487564,5935921884356023808,0.494583,2152.2595120565416,2.0992386014705784,1.1076879E-5,15.580389,0.010891482,0.26721078,0.003556724,0.09366472,0.0053496175,0.23828728,0.011142587,0.77376354,0.004593306,0.09438258,0.008777407,0.1764629,0.010801229,null,null,null,null,"TWOGAUSSIANS",8,45.048157,0.26721078,0.003556724,0.4,0.0,0.22741947,0.007381224,0.77376354,0.004593306,0.4,0.0,0.16559511,0.008256746
375316653866487564,5935922876467591040,0.50179225,2209.0518643116607,0.01492460015486884,3.573152E-5,17.499195,0.003286665,0.43791634,0.024346037,0.023688076,0.007477831,0.73680836,1.4025168,0.655416,0.013415606,0.06891806,0.015359714,0.030056007,0.0061224075,null,null,null,null,"TWOGAUSSIANS",8,5.483063,0.43792635,0.024356367,0.13265322,0.041875854,0.737015,1.402421,0.655416,0.013415606,0.3859411,0.07251723,0.030056007,0.0061224075
375316653866487564,5935924319576430592,0.66024673,2178.3719572214286,0.9308449734880402,1.01498945E-5,17.391998,0.0015787872,0.27943996,0.0014449457,0.026537066,0.0030750367,0.13603458,0.009029237,0.7815475,5.4326316E-4,0.029169274,7.320308E-4,1.1018254,0.041680552,0.022656556,0.003334414,0.27943996,0.0014449457,"TWOGAUSSIANS_WITH_ELLIPSOIDAL_ON_ECLIPSE1",9,4.1794634,0.7815475,5.4326316E-4,0.16334794,0.0040993723,1.1471305,0.0430828,0.27943996,0.0014449457,0.14860757,0.017220207,0.18134767,0.008340794
375316653866487564,5935924323852738688,0.5824925,2181.2669764442453,2.3306541281276876,5.7941706E-6,16.996944,0.03407486,0.3130504,8.0231874E-4,0.059309587,0.0066234902,0.45787302,0.056519948,0.81978285,0.004555928,0.063795775,0.0068667494,0.3301957,0.07404256,0.08330764,0.038284615,0.3130504,8.0231874E-4,"TWOGAUSSIANS_WITH_ELLIPSOIDAL_ON_ECLIPSE1",9,26.859549,0.3130504,8.0231874E-4,0.33213368,0.037091546,0.6243236,0.031205367,0.81978285,0.004555928,0.35725632,0.038453795,0.4963483,0.015588463
375316653866487564,5935924976732811648,0.48653126,2167.5867255108396,2.3909613334357647,1.5678597E-5,15.082592,0.08065539,0.24865168,0.0027789553,0.2065218,0.032693643,0.4481915,0.07644583,0.74705875,0.0026447722,0.19086353,0.02842176,0.4402012,0.079664156,null,null,null,null,"TWOGAUSSIANS",8,29.019735,0.74705875,0.0026447722,0.4,0.0,0.08719938,0.0040778336,0.24988168,0.003118811,0.4,0.0,0.07584615,0.0051718503
375316653866487564,5935925595207943424,0.50927573,2178.736892859141,3.1461729250431967,1.3477582E-5,16.951044,0.26618096,0.23320767,0.0066312575,0.14810036,0.045633882,0.46802038,0.26183867,0.7216081,0.0044069504,0.12091727,0.022163544,0.5132121,0.24262431,null,null,null,null,"TWOGAUSSIANS",8,54.272923,0.7216081,0.0044069504,0.4,0.0,0.35796466,0.019621817,0.23332767,0.006472448,0.4,0.0,0.30975136,0.022604467
375316653866487564,5935926488561206016,0.63981867,2145.384867100336,3.089260088015839,4.181464E-6,15.05865,0.011322579,0.20466052,0.0014392924,0.054812275,0.0033860006,0.37683424,0.02259094,0.7018535,0.0018458026,0.043652877,0.0034368313,0.27866322,0.022822473,0.10787344,0.012841163,0.20466052,0.0014392924,"TWOGAUSSIANS_WITH_ELLIPSOIDAL_ON_ECLIPSE1",9,80.51418,0.20466052,0.0014392924,0.30694872,0.018961603,0.59256905,0.010737576,0.7021435,0.0015896438,0.24445611,0.019246256,0.49433798,0.00578415
375316653866487564,5935926625955680384,0.58602583,2149.793109796026,2.3857694515321715,1.0856262E-5,17.308632,0.007037473,0.27851763,0.0016974796,0.085851215,0.0031970409,0.3375122,0.00672898,0.7881865,0.004662732,0.09773529,0.0071244477,0.13249178,0.0075788954,null,null,null,null,"TWOGAUSSIANS",8,4.8303413,0.27851763,0.0016974796,0.4,0.0,0.32900912,0.0055240276,0.7881865,0.004662732,0.4,0.0,0.12398812,0.005546918
375316653866487564,5935927003912484352,0.5322347,2167.4485832588875,4.157406815088337,1.07717E-6,18.89616,0.0041581173,0.7989672,4.8556107E-5,0.0063638585,1.2556474E-4,0.7233035,0.004354763,null,null,null,null,null,null,null,null,null,null,"ONEGAUSSIAN",5,5.0050716,0.7989672,4.8556107E-5,0.035637606,7.031625E-4,0.7233035,0.0,null,null,null,null,null,null
375316653866487564,5935927892967314944,0.45383316,2216.6552811520282,0.03714749802649335,3.3008368E-5,18.29398,0.0042899335,0.29781622,0.0077364105,0.049363118,0.024786664,0.0803751,0.120084,0.60113704,0.0072165136,0.05438118,0.009536266,0.19157271,0.026761398,null,null,null,null,"TWOGAUSSIANS",8,5.90701,0.60113704,0.0072165136,0.3045346,0.053403094,0.19157271,0.026761401,0.29781622,0.0077364105,0.27643347,0.13880531,0.080375135,0.12008399
375316653866487564,5935928172188419840,0.5652343,2177.1758378782333,2.5010318577986332,1.3347313E-5,17.100433,0.012216749,0.24843167,0.0038043282,0.09676521,0.005804738,0.3942133,0.016153993,0.74413437,0.0024899782,0.091984876,0.0046340213,0.4199959,0.014759684,null,null,null,null,"TWOGAUSSIANS",8,20.049917,0.74413437,0.0024899782,0.4,0.0,0.39709657,0.013932167,0.24843167,0.0038043282,0.4,0.0,0.371313,0.015169727
375316653866487564,5935928996822178944,0.5173911,2188.322113331293,0.6358389081389694,2.6184747E-5,17.321072,0.0019142508,0.30897737,0.003464507,0.01998677,0.016488751,0.22041021,9.4881363E8,0.81494075,0.008269725,0.022514705,0.009211737,0.032813303,0.03837888,0.024582205,0.002983914,0.30897737,0.003464507,"TWOGAUSSIANS_WITH_ELLIPSOIDAL_ON_ECLIPSE1",9,3.2411742,0.30897737,0.003464507,0.11192591,0.092337005,0.2695746,9.4881363E8,0.81494075,0.008269725,0.12608235,0.051585723,0.08190871,0.03742509
