Gaia/vari_eclipsing_binary/VariEclipsingBinary_061280-061679.csv
# %ECSV 1.0
# ---
# delimiter: ','
# meta: !!omap
# - RELEASE: Gaia DR3
# - TABLE: vari_eclipsing_binary
# - DESCRIPTION: >
#     This table describes the properties of the eclipsing binaries resulting from the variability analysis. 
# - CITATION: >
#     How to cite and acknowledge Gaia: 
#     https://gea.esac.esa.int/archive/documentation/credits.html 
# - KNOWN_ISSUES: >
#     Known issues: 
#     https://www.cosmos.esa.int/web/gaia-users/known-issues 
# - DOCUMENTATION: >
#     Tutorials and documentation: 
#     https://www.cosmos.esa.int/web/gaia-users/archive 
# datatype:
# - 
#   name: solution_id
#   datatype: int64
#   description: Solution Identifier
#   meta:
#     ucd: meta.version
# - 
#   name: source_id
#   datatype: int64
#   description: Unique source identifier
#   meta:
#     ucd: meta.id;meta.main
# - 
#   name: global_ranking
#   datatype: float32
#   description: Number between 0 (worst) and 1 (best)
#   meta:
#     ucd: stat.param
# - 
#   name: reference_time
#   datatype: float64
#   unit: d
#   description: Reference time used for the geometric model fit
#   meta:
#     ucd: time.epoch
# - 
#   name: frequency
#   datatype: float64
#   unit: d**-1
#   description: Frequency of geometric model of the eclipsing binary light curve
#   meta:
#     ucd: src.orbital
# - 
#   name: frequency_error
#   datatype: float32
#   unit: d**-1
#   description: "Uncertainty of \\texttt{frequency}"
#   meta:
#     ucd: stat.error
# - 
#   name: geom_model_reference_level
#   datatype: float32
#   unit: mag
#   description: Magnitude reference level of geometric model
#   meta:
#     ucd: phot.mag;em.opt
# - 
#   name: geom_model_reference_level_error
#   datatype: float32
#   unit: mag
#   description: "Uncertainty of \\texttt{geomModelReferenceLevel}"
#   meta:
#     ucd: stat.error;phot.mag;em.opt
# - 
#   name: geom_model_gaussian1_phase
#   datatype: float32
#   description: Phase of the Gaussian 1 component
#   meta:
#     ucd: time.phase
# - 
#   name: geom_model_gaussian1_phase_error
#   datatype: float32
#   description: "Uncertainty of \\texttt{geomModelGaussian1Phase}"
#   meta:
#     ucd: stat.error;time.phase
# - 
#   name: geom_model_gaussian1_sigma
#   datatype: float32
#   description: "Standard deviation [phase] of Gaussian 1 component"
#   meta:
#     ucd: stat.stdev
# - 
#   name: geom_model_gaussian1_sigma_error
#   datatype: float32
#   description: "Uncertainty of \\texttt{geomModelGaussian1Sigma}"
#   meta:
#     ucd: stat.error
# - 
#   name: geom_model_gaussian1_depth
#   datatype: float32
#   unit: mag
#   description: Magnitude depth of Gaussian 1 component
#   meta:
#     ucd: src.var.amplitude
# - 
#   name: geom_model_gaussian1_depth_error
#   datatype: float32
#   unit: mag
#   description: "Uncertainty of \\texttt{geomModelGaussian1Depth}"
#   meta:
#     ucd: stat.error;src.var.amplitude
# - 
#   name: geom_model_gaussian2_phase
#   datatype: float32
#   description: Phase of Gaussian 2 component
#   meta:
#     ucd: time.phase
# - 
#   name: geom_model_gaussian2_phase_error
#   datatype: float32
#   description: "Uncertainty of \\texttt{geomModelGaussian2Phase}"
#   meta:
#     ucd: stat.error;time.phase
# - 
#   name: geom_model_gaussian2_sigma
#   datatype: float32
[...]
#   datatype: float32
#   description: "Secondary eclipse: uncertainty of \\texttt{derivedSecondaryEclDuration}"
#   meta:
#     ucd: stat.error;time.duration
# - 
#   name: derived_secondary_ecl_depth
#   datatype: float32
#   unit: mag
#   description: "Secondary eclipse: depth"
#   meta:
#     ucd: src.var.amplitude
# - 
#   name: derived_secondary_ecl_depth_error
#   datatype: float32
#   unit: mag
#   description: "Secondary eclipse: uncertainty of \\texttt{derivedSecondaryEclDepth}"
#   meta:
#     ucd: stat.error;src.var.amplitude
solution_id,source_id,global_ranking,reference_time,frequency,frequency_error,geom_model_reference_level,geom_model_reference_level_error,geom_model_gaussian1_phase,geom_model_gaussian1_phase_error,geom_model_gaussian1_sigma,geom_model_gaussian1_sigma_error,geom_model_gaussian1_depth,geom_model_gaussian1_depth_error,geom_model_gaussian2_phase,geom_model_gaussian2_phase_error,geom_model_gaussian2_sigma,geom_model_gaussian2_sigma_error,geom_model_gaussian2_depth,geom_model_gaussian2_depth_error,geom_model_cosine_half_period_amplitude,geom_model_cosine_half_period_amplitude_error,geom_model_cosine_half_period_phase,geom_model_cosine_half_period_phase_error,model_type,num_model_parameters,reduced_chi2,derived_primary_ecl_phase,derived_primary_ecl_phase_error,derived_primary_ecl_duration,derived_primary_ecl_duration_error,derived_primary_ecl_depth,derived_primary_ecl_depth_error,derived_secondary_ecl_phase,derived_secondary_ecl_phase_error,derived_secondary_ecl_duration,derived_secondary_ecl_duration_error,derived_secondary_ecl_depth,derived_secondary_ecl_depth_error
[from data line 253]
375316653866487564,540142135188999680,0.5514272,2195.802425253117,0.3952299799867411,1.2559894E-5,15.480312,0.007832224,0.4185936,0.010505553,0.020434357,0.017382218,0.08744801,33.812153,0.7691735,0.004997535,0.057176862,0.0034077822,0.4985236,0.0343461,0.022646736,0.010158326,0.7691735,0.004997535,"TWOGAUSSIANS_WITH_ELLIPSOIDAL_ON_ECLIPSE2",9,259.09274,0.7691735,0.004997535,0.32019043,0.01908358,0.54378283,0.031228246,0.41729358,0.008628601,0.114432395,0.09734041,0.103396215,33.81273
375316653866487564,540146739393919232,0.6381367,2199.0988240952925,0.7572655244619695,1.9843501E-5,14.113635,0.0024305799,0.8231653,0.022876188,0.015343844,0.008864467,2.779999,2.3647907,null,null,null,null,null,null,0.0018351612,0.0028722566,0.8231653,0.022876188,"ONEGAUSSIAN_WITH_ELLIPSOIDAL",6,150.91846,0.8231653,0.022876188,0.08592553,0.049641017,2.7836692,2.3654904,null,null,null,null,null,null
375316653866487564,540147765888692992,0.5761827,2179.9941818907446,3.1951251540929424,5.303031E-6,18.222675,0.006803128,0.24980219,0.005440407,0.06897653,0.007701507,0.38174167,0.052002706,0.74724704,0.0018429089,0.07043105,0.00268816,0.31851754,0.012104469,null,null,null,null,"TWOGAUSSIANS",8,2.9202197,0.24980219,0.005440407,0.38626856,0.021691041,0.38069233,0.052950513,0.74724704,0.0018429089,0.3944139,0.014058876,0.3174682,0.011981756
375316653866487564,540150686467653120,0.57476944,2201.5654093357525,3.0907383773635972,7.6191263E-6,17.809822,0.0030138784,0.23636337,0.003026452,0.078121886,0.0032333145,0.2243359,0.005423777,0.72858304,0.0031401266,0.07917598,0.0043239305,0.2444495,0.00849918,null,null,null,null,"TWOGAUSSIANS",8,3.0870478,0.72858304,0.0031401266,0.4,0.0,0.24189213,0.008835598,0.23636337,0.003026452,0.4,0.0,0.22177853,0.005365573
375316653866487564,540169549964467328,0.6392636,2196.746536607178,3.2465642098212943,3.7124132E-6,17.483534,0.008694645,0.2610881,0.00193423,0.056605734,0.004851119,0.24277042,0.018682921,0.7575105,0.0027716805,0.055876616,0.004153,0.24034223,0.018571403,0.10479085,0.01014221,0.2610881,0.00193423,"TWOGAUSSIANS_WITH_ELLIPSOIDAL_ON_ECLIPSE1",9,3.5814314,0.2610881,0.00193423,0.3169921,0.027166268,0.45232987,0.0064248377,0.7581405,0.0021772764,0.31290907,0.023256801,0.44981456,0.007992084
375316653866487564,540170683835867648,0.59998095,2144.5732438652485,1.0026290350849176,1.0180166E-6,16.996428,0.004219633,0.68730694,3.035602E-4,0.029817292,6.009202E-4,0.8376175,0.011454122,null,null,null,null,null,null,0.024864161,0.008102929,0.68730694,3.035602E-4,"ONEGAUSSIAN_WITH_ELLIPSOIDAL",6,11.114301,0.68730694,3.035602E-4,0.16697684,0.003365153,0.8873458,0.012436177,null,null,null,null,null,null
375316653866487564,540179548648478464,0.45605,2160.201701416841,3.605598791641402,4.645475E-5,16.28316,0.0073665,null,null,null,null,null,null,null,null,null,null,null,null,0.09552147,0.009457342,0.24068731,0.008584267,"ELLIPSOIDAL",4,173.13867,null,null,null,null,null,null,null,null,null,null,null,null
375316653866487564,540185394099966976,0.5610481,2226.2319353010503,3.7783687258426855,4.8632637E-6,16.300205,0.0029884004,0.3061061,0.0056450246,0.07754846,0.0054638525,0.10983872,0.0054134787,0.80089945,0.0019048956,0.06952325,0.0037304426,0.1011361,0.0032693183,null,null,null,null,"TWOGAUSSIANS",8,4.346499,0.3061061,0.0056450246,0.4,0.0,0.1092608,0.0053631044,0.80089945,0.0019048956,0.3893302,0.020529145,0.100558184,0.0031763364
375316653866487564,540192575285482112,0.48088,2192.057446930074,0.8096819519584861,1.0587098E-5,16.054968,0.0022361714,0.21815974,0.0026880556,0.014847671,0.0026296598,0.067105405,0.010512243,0.72304773,0.0011222609,0.015333328,0.0012429811,0.25166264,0.023090748,null,null,null,null,"TWOGAUSSIANS",8,30.844782,0.72304773,0.0011222609,0.085866645,0.0069606937,0.25166264,0.023090748,0.21815974,0.0026880556,0.08314695,0.014726095,0.067105405,0.010512243
375316653866487564,540192845866917120,0.53410137,2190.823025820897,3.02281582940982,1.5057081E-5,19.225384,0.011339251,0.3169666,0.009071967,0.09141795,0.00865155,0.33389387,0.022860216,0.8177048,0.002870851,0.07729337,0.0053477176,0.35054564,0.01402243,null,null,null,null,"TWOGAUSSIANS",8,1.9734457,0.8177048,0.002870851,0.4,0.0,0.3422356,0.013640236,0.3169666,0.009071967,0.4,0.0,0.3255836,0.021555666
375316653866487564,540194392053819008,0.5873167,2200.206201495976,2.919234141633796,6.3654215E-6,19.06071,0.017682934,0.27209288,0.0025723963,0.04476939,0.005465152,0.28173152,0.047029007,0.76464653,0.0035647624,0.050706614,0.004582504,0.38094944,0.043937948,0.12656687,0.025874266,0.27209288,0.0025723963,"TWOGAUSSIANS_WITH_ELLIPSOIDAL_ON_ECLIPSE1",9,3.6872501,0.76552653,0.0031372188,0.28395703,0.025662022,0.6335941,0.022255544,0.27209288,0.0025723963,0.25070858,0.030604852,0.5348642,0.025056899
375316653866487564,540195942539834240,0.64334387,2189.768936557421,1.0784526247608917,9.185907E-6,16.418018,0.0017867646,0.7784874,0.0014862223,0.062027894,0.0020346637,0.2569156,0.0059996936,null,null,null,null,null,null,0.08373065,0.0023678588,0.7784874,0.0014862223,"ONEGAUSSIAN_WITH_ELLIPSOIDAL",6,7.05918,0.7784874,0.0014862223,0.3473562,0.011394117,0.42430133,0.005921074,null,null,null,null,null,null
375316653866487564,540198961900387968,0.42043594,2195.5714739390173,2.73955798047757,4.0894312E-5,19.286535,0.015058024,0.4321261,0.0476325,0.1755559,0.057917453,0.08929968,0.020480389,0.7790897,0.0073611676,0.027244285,0.008906856,0.18600197,0.047071934,null,null,null,null,"TWOGAUSSIANS",8,7.4293523,0.7790897,0.0073611676,0.152568,0.049878392,0.19566342,0.045616552,0.4321261,0.0476325,0.4,0.0,0.0862061,0.02132718
375316653866487564,540206972015655680,0.6405273,2206.44611072932,1.5697126349448094,4.3373807E-6,14.518104,0.0025435637,0.21981856,0.003074804,0.020632153,0.0024822818,0.477555,0.031930868,0.7188582,0.0015776987,0.021426087,0.0019490577,0.7077655,0.031553946,0.012033129,0.0034324857,0.21981856,0.003074804,"TWOGAUSSIANS_WITH_ELLIPSOIDAL_ON_ECLIPSE1",9,65.44334,0.7188582,0.0015776987,0.11998609,0.010914723,0.73183084,0.032338277,0.21981856,0.003074804,0.115540065,0.013900778,0.50162125,0.030798668
375316653866487564,540211060824870144,0.6547414,2241.8355654714596,0.7005883032508561,6.0601546E-6,15.684025,0.0027563933,0.25368583,5.7622226E-4,0.037777882,5.709973E-4,0.5021723,0.0066980477,0.7556496,0.0072208676,0.043033645,0.0065525924,0.055176325,0.010907846,0.010769296,0.0041933265,0.25368583,5.7622226E-4,"TWOGAUSSIANS_WITH_ELLIPSOIDAL_ON_ECLIPSE1",9,17.830627,0.25368583,5.7622226E-4,0.21155615,0.0031975848,0.52371085,0.0034980113,0.7556496,0.0070192125,0.24098842,0.03669452,0.07671161,0.009215042
375316653866487564,540213564788388608,0.61973876,2220.835053501741,3.091530139039482,3.6273043E-6,17.532463,0.009490211,0.25080305,0.0011215197,0.047789656,0.00310423,0.26533565,0.02066871,0.74680465,0.0013217161,0.05180204,0.0032402845,0.32375306,0.021460783,0.119986765,0.012836409,0.25080305,0.0011215197,"TWOGAUSSIANS_WITH_ELLIPSOIDAL_ON_ECLIPSE1",9,8.037046,0.7473446,0.0011072729,0.29009143,0.018145593,0.56359315,0.015474122,0.25080305,0.0011215197,0.26762208,0.017383689,0.5053066,0.0068398695
375316653866487564,540220990788980480,0.63019806,2180.624081766875,2.766762117143348,4.021297E-6,15.297877,0.007440351,0.14616361,0.0010650512,0.051302433,0.003596957,0.25249386,0.0162827,0.64439994,0.0037353123,0.047467683,0.004755769,0.20427428,0.016649125,0.10314285,0.009151782,0.14616361,0.0010650512,"TWOGAUSSIANS_WITH_ELLIPSOIDAL_ON_ECLIPSE1",9,43.178844,0.14616361,0.0010650512,0.2872936,0.02014296,0.45877713,0.008333043,0.64466995,0.003230384,0.265819,0.026632307,0.4105361,0.0061783437
375316653866487564,540227416059799936,0.50287765,2182.1541869216308,2.854778249927889,8.5502015E-6,17.708366,0.012552198,0.29036438,0.0017241037,0.048819885,0.008224812,0.13715245,0.033448458,0.7948446,0.009043752,0.041389987,0.01569368,0.153456,0.02063202,0.13401671,0.017527517,0.29036438,0.0017241037,"TWOGAUSSIANS_WITH_ELLIPSOIDAL_ON_ECLIPSE1",9,9.057786,0.7948446,0.009043752,0.23178391,0.087884605,0.42127648,0.01828869,0.29036438,0.0017241037,0.27339137,0.04605895,0.40518528,0.019588806
375316653866487564,540229095389893120,0.6023669,2199.8729556712965,3.0263943410826553,5.2018354E-6,18.430035,0.006582863,0.25228322,0.0014753973,0.051093657,0.0050603584,0.18331641,0.018360538,0.75657004,0.006534665,0.04823227,0.007598946,0.1662058,0.020219633,0.12054332,0.012012443,0.25228322,0.0014753973,"TWOGAUSSIANS_WITH_ELLIPSOIDAL_ON_ECLIPSE1",9,2.5613782,0.25228322,0.0014753973,0.2861245,0.028338008,0.4244013,0.0136949215,0.75657004,0.006534665,0.2701007,0.042554095,0.40711582,0.014444198
375316653866487564,540248650378078080,0.6007781,2185.9488638105863,2.4125344269391875,5.9752274E-6,15.823589,0.0061170375,0.27149817,0.0016056737,0.044547226,0.004549904,0.18159501,0.02457879,0.7502808,0.0143700875,0.030515596,0.029128378,0.17422478,0.022719923,0.11736003,0.008965325,0.27149817,0.0016056737,"TWOGAUSSIANS_WITH_ELLIPSOIDAL_ON_ECLIPSE1",9,45.402287,0.27149817,0.0016056737,0.24946447,0.02547946,0.41631505,0.023563027,0.7521808,0.010779516,0.17088734,0.16311891,0.40516654,0.021000894
375316653866487564,540249333275366528,0.5430209,2219.5537665690395,0.2561616062039459,2.067383E-5,17.538198,0.0019371317,0.37666327,8.06497E-4,0.0020047724,0.001979407,0.26280877,2.37510564E15,0.78094316,0.004265516,0.008230712,0.0029588093,0.39421958,0.19250098,null,null,null,null,"TWOGAUSSIANS",8,4.3800526,0.78094316,0.004265516,0.04609199,0.016569331,0.39421958,0.19250098,0.37666327,8.06497E-4,0.011226725,0.011084679,0.26280877,2.37510564E15
375316653866487564,540250024767750400,0.5805817,2218.359875364959,0.9580274143519729,4.862377E-5,16.124039,0.0012093874,0.5862533,0.019592414,0.044340726,0.008377952,0.2239876,0.08074322,0.8239284,0.011751679,0.00879708,0.012963592,0.007891699,45.864334,null,null,null,null,"TWOGAUSSIANS",8,4.238523,0.5862533,0.019592414,0.24830806,0.04691653,0.2239876,0.08074322,0.8239284,0.011751679,0.04926365,0.07259612,0.007891828,45.864334
375316653866487564,540257098576928896,0.5747605,2189.3865560923473,3.9136168851409727,8.791108E-6,18.667826,0.0070683523,0.30791685,0.006322883,0.060768336,0.0048166304,0.2845862,0.015379784,0.79900634,0.0033239387,0.074706905,0.0060476633,0.13419746,0.008665647,null,null,null,null,"TWOGAUSSIANS",8,1.3879266,0.30791685,0.006322883,0.34030268,0.02697313,0.28426623,0.015204462,0.79900634,0.0033239387,0.4,0.0,0.13387752,0.008546656
375316653866487564,540260294032896256,0.46730012,2210.307850912097,3.1793019325285092,3.6010875E-5,19.894714,0.012785052,0.231344,0.0093457755,0.060933374,0.021018514,0.14721793,0.020360429,0.71348953,0.02630408,0.0427795,0.02568796,0.43599638,0.23172645,null,null,null,null,"TWOGAUSSIANS",8,2.1155994,0.71348953,0.02630408,0.23956521,0.14385258,0.43599465,0.23183177,0.231344,0.0093457755,0.34122688,0.117703676,0.1472162,0.020344844
375316653866487564,540260367048990848,0.6499424,2226.3016229464847,1.697422094166057,5.4478883E-6,16.150072,0.0021302802,0.25382242,0.0014422517,0.056451984,0.003597207,0.18542357,0.007949652,0.75172913,0.009750555,0.042977,0.0052032885,0.059334725,0.008654509,0.059005305,0.0032499083,0.25382242,0.0014422517,"TWOGAUSSIANS_WITH_ELLIPSOIDAL_ON_ECLIPSE1",9,4.7946997,0.25382242,0.0014422517,0.31613111,0.020144358,0.30342364,0.006909794,0.7521991,0.0076171593,0.24067122,0.029138414,0.17731899,0.0060839737
375316653866487564,540273732987203584,0.560643,2202.1014003527603,1.1733991277699969,2.0122188E-5,15.45809,0.005674606,0.23819208,0.005359926,0.049709488,0.0112286005,0.023548795,0.014378814,0.7301239,0.0072896783,0.052916244,0.005939196,0.19548559,0.012664943,0.03040324,0.006715745,0.23819208,0.005359926,"TWOGAUSSIANS_WITH_ELLIPSOIDAL_ON_ECLIPSE1",9,20.651814,0.73064387,0.006633679,0.29633096,0.033259496,0.25614443,0.0033148553,0.23819208,0.005359926,0.27837312,0.062880166,0.08435374,0.00523352
375316653866487564,540279191888068992,0.61893874,2172.8852501520932,0.1873617866268925,6.389939E-6,17.448986,0.0010907142,0.8074904,4.840067E-4,0.011295986,5.7098904E-4,0.55569524,0.031816036,null,null,null,null,null,null,null,null,null,null,"ONEGAUSSIAN",5,2.4591055,0.8074904,4.840067E-4,0.06325752,0.0031975387,0.55569524,0.0,null,null,null,null,null,null
375316653866487564,540280226977597184,0.61962485,2186.3125722371865,2.7847399407429716,9.5885E-6,14.091369,0.028129753,0.23383935,0.003117831,0.05252171,0.012147435,0.2887547,0.057148542,0.72283304,0.007769491,0.056741823,0.009371757,0.2874421,0.061535187,0.1302603,0.032483608,0.23383935,0.003117831,"TWOGAUSSIANS_WITH_ELLIPSOIDAL_ON_ECLIPSE1",9,210.61089,0.23383935,0.003117831,0.29412156,0.06802563,0.5492643,0.014105924,0.72489303,0.005860719,0.3177542,0.052481834,0.5469401,0.016035035
375316653866487564,540296169896301696,0.5743606,2198.525212737062,0.7503967764805539,1.5292965E-6,17.62308,0.003156547,0.2851675,0.007921376,0.011093524,0.0030273935,0.4221298,0.20910549,0.78477764,0.0013323047,0.012191545,0.0027052325,0.43197834,0.055462673,null,null,null,null,"TWOGAUSSIANS",8,6.1223516,0.78477764,0.0013323047,0.06827266,0.015149302,0.43197834,0.055462673,0.2851675,0.007921376,0.062123735,0.016953403,0.4221298,0.20910549
375316653866487564,540305545807858432,0.47200054,2188.1034772230732,2.3948910876520353,1.6056038E-5,18.100172,0.019557312,0.2871627,0.01966865,0.120851465,0.03822995,0.09900984,0.019218987,0.79340297,0.0031471855,0.073134266,0.010219517,0.19912826,0.018194009,null,null,null,null,"TWOGAUSSIANS",8,5.500629,0.7934129,0.0031442975,0.4,0.0050066025,0.19109502,0.013668703,0.2871627,0.01966865,0.4,0.0,0.0909378,0.010899859
375316653866487564,540308157148644096,0.5820152,2180.0788059311412,3.0782128635811494,8.778049E-6,15.8616905,0.008935672,0.24170098,0.0072956476,0.057154078,0.006501,0.15625599,0.02258376,0.7488855,0.0032059427,0.04605847,0.008617818,0.16622151,0.020694738,0.09170813,0.011002235,0.7488855,0.0032059427,"TWOGAUSSIANS_WITH_ELLIPSOIDAL_ON_ECLIPSE2",9,35.146442,0.7488855,0.0032059427,0.25792742,0.048259784,0.34963018,0.013611871,0.24337098,0.0052928547,0.32006285,0.036405597,0.33937785,0.0133859385
375316653866487564,540317301135257344,0.46508121,2235.791609503436,1.5464271319823735,2.5472993E-5,14.962284,0.0014366305,0.26428822,0.008762799,0.03373124,0.0071963947,0.058202785,0.004146588,0.7637209,0.007253236,0.044898134,0.009782637,0.058529597,0.02022225,null,null,null,null,"TWOGAUSSIANS",8,18.91401,0.7637209,0.007253236,0.25142956,0.054782767,0.058529593,0.020222252,0.26428822,0.008762799,0.18889496,0.04029981,0.058202785,0.004146588
375316653866487564,540325440097273856,0.44235104,2189.299477050917,0.051728435242887005,3.7848346E-5,18.224874,0.015133689,0.23768905,0.013865111,0.11678926,0.018824022,0.11015865,0.014131497,0.7177754,0.009096491,0.08609736,0.007987971,0.17735882,0.03127138,null,null,null,null,"TWOGAUSSIANS",8,8.903367,0.7177754,0.009096491,0.4,0.0,0.16752093,0.026882833,0.23768905,0.013865111,0.4,0.0,0.10029174,0.009798072
375316653866487564,540327609056841728,0.54123986,2163.170538913996,3.82490395127389,1.27800195E-5,13.885406,0.055485617,0.25240272,0.004025318,0.10831929,0.02128719,0.19476755,0.048232198,0.76089257,0.0042912383,0.13205087,0.025778934,0.1881956,0.053665686,null,null,null,null,"TWOGAUSSIANS",8,176.815,0.2522827,0.0038904038,0.4,0.0,0.15454645,0.0067428513,0.7609026,0.004301335,0.4,0.0,0.14768615,0.0050177253
375316653866487564,540327849575000192,0.49373937,2181.2195184951265,2.627385122726479,3.917613E-5,16.452019,0.014218655,0.27521914,0.00866457,0.097425036,0.01567037,0.13058196,0.013264171,0.78497136,0.006262655,0.09743401,0.015611305,0.11383466,0.013478381,null,null,null,null,"TWOGAUSSIANS",8,21.492191,0.27521914,0.008664259,0.4,0.0,0.122622386,0.0073685693,0.78497136,0.006261859,0.4,0.0,0.10587516,0.008679212
