Gaia/vari_eclipsing_binary/VariEclipsingBinary_661759-661836.csv
# %ECSV 1.0
# ---
# delimiter: ','
# meta: !!omap
# - RELEASE: Gaia DR3
# - TABLE: vari_eclipsing_binary
# - DESCRIPTION: >
#     This table describes the properties of the eclipsing binaries resulting from the variability analysis. 
# - CITATION: >
#     How to cite and acknowledge Gaia: 
#     https://gea.esac.esa.int/archive/documentation/credits.html 
# - KNOWN_ISSUES: >
#     Known issues: 
#     https://www.cosmos.esa.int/web/gaia-users/known-issues 
# - DOCUMENTATION: >
#     Tutorials and documentation: 
#     https://www.cosmos.esa.int/web/gaia-users/archive 
# datatype:
# - 
#   name: solution_id
#   datatype: int64
#   description: Solution Identifier
#   meta:
#     ucd: meta.version
# - 
#   name: source_id
#   datatype: int64
#   description: Unique source identifier
#   meta:
#     ucd: meta.id;meta.main
# - 
#   name: global_ranking
#   datatype: float32
#   description: Number between 0 (worst) and 1 (best)
#   meta:
#     ucd: stat.param
# - 
#   name: reference_time
#   datatype: float64
#   unit: d
#   description: Reference time used for the geometric model fit
#   meta:
#     ucd: time.epoch
# - 
#   name: frequency
#   datatype: float64
#   unit: d**-1
#   description: Frequency of geometric model of the eclipsing binary light curve
#   meta:
#     ucd: src.orbital
# - 
#   name: frequency_error
#   datatype: float32
#   unit: d**-1
#   description: "Uncertainty of \\texttt{frequency}"
#   meta:
#     ucd: stat.error
# - 
#   name: geom_model_reference_level
#   datatype: float32
#   unit: mag
#   description: Magnitude reference level of geometric model
#   meta:
#     ucd: phot.mag;em.opt
# - 
#   name: geom_model_reference_level_error
#   datatype: float32
#   unit: mag
#   description: "Uncertainty of \\texttt{geomModelReferenceLevel}"
#   meta:
#     ucd: stat.error;phot.mag;em.opt
# - 
#   name: geom_model_gaussian1_phase
#   datatype: float32
#   description: Phase of the Gaussian 1 component
#   meta:
#     ucd: time.phase
# - 
#   name: geom_model_gaussian1_phase_error
#   datatype: float32
#   description: "Uncertainty of \\texttt{geomModelGaussian1Phase}"
#   meta:
#     ucd: stat.error;time.phase
# - 
#   name: geom_model_gaussian1_sigma
#   datatype: float32
#   description: "Standard deviation [phase] of Gaussian 1 component"
#   meta:
#     ucd: stat.stdev
# - 
#   name: geom_model_gaussian1_sigma_error
#   datatype: float32
#   description: "Uncertainty of \\texttt{geomModelGaussian1Sigma}"
#   meta:
#     ucd: stat.error
# - 
#   name: geom_model_gaussian1_depth
#   datatype: float32
#   unit: mag
#   description: Magnitude depth of Gaussian 1 component
#   meta:
#     ucd: src.var.amplitude
# - 
#   name: geom_model_gaussian1_depth_error
#   datatype: float32
#   unit: mag
#   description: "Uncertainty of \\texttt{geomModelGaussian1Depth}"
#   meta:
#     ucd: stat.error;src.var.amplitude
# - 
#   name: geom_model_gaussian2_phase
#   datatype: float32
#   description: Phase of Gaussian 2 component
#   meta:
#     ucd: time.phase
# - 
#   name: geom_model_gaussian2_phase_error
#   datatype: float32
#   description: "Uncertainty of \\texttt{geomModelGaussian2Phase}"
#   meta:
#     ucd: stat.error;time.phase
# - 
#   name: geom_model_gaussian2_sigma
#   datatype: float32
[...]
#   datatype: float32
#   description: "Secondary eclipse: uncertainty of \\texttt{derivedSecondaryEclDuration}"
#   meta:
#     ucd: stat.error;time.duration
# - 
#   name: derived_secondary_ecl_depth
#   datatype: float32
#   unit: mag
#   description: "Secondary eclipse: depth"
#   meta:
#     ucd: src.var.amplitude
# - 
#   name: derived_secondary_ecl_depth_error
#   datatype: float32
#   unit: mag
#   description: "Secondary eclipse: uncertainty of \\texttt{derivedSecondaryEclDepth}"
#   meta:
#     ucd: stat.error;src.var.amplitude
solution_id,source_id,global_ranking,reference_time,frequency,frequency_error,geom_model_reference_level,geom_model_reference_level_error,geom_model_gaussian1_phase,geom_model_gaussian1_phase_error,geom_model_gaussian1_sigma,geom_model_gaussian1_sigma_error,geom_model_gaussian1_depth,geom_model_gaussian1_depth_error,geom_model_gaussian2_phase,geom_model_gaussian2_phase_error,geom_model_gaussian2_sigma,geom_model_gaussian2_sigma_error,geom_model_gaussian2_depth,geom_model_gaussian2_depth_error,geom_model_cosine_half_period_amplitude,geom_model_cosine_half_period_amplitude_error,geom_model_cosine_half_period_phase,geom_model_cosine_half_period_phase_error,model_type,num_model_parameters,reduced_chi2,derived_primary_ecl_phase,derived_primary_ecl_phase_error,derived_primary_ecl_duration,derived_primary_ecl_duration_error,derived_primary_ecl_depth,derived_primary_ecl_depth_error,derived_secondary_ecl_phase,derived_secondary_ecl_phase_error,derived_secondary_ecl_duration,derived_secondary_ecl_duration_error,derived_secondary_ecl_depth,derived_secondary_ecl_depth_error
[from data line 106]
375316653866487564,5821066483050344064,0.5298621,2238.8777865804527,3.3652335763003594,9.600509E-6,18.103746,0.00933831,0.24774735,0.005205485,0.08382585,0.0068271705,0.27671283,0.01399825,0.74619836,0.002374103,0.076237716,0.0051265373,0.22797906,0.009561609,null,null,null,null,"TWOGAUSSIANS",8,6.337282,0.24774735,0.005205485,0.4,0.0,0.27299386,0.014039406,0.74619836,0.002374103,0.4,0.0,0.2242601,0.009171128
375316653866487564,5821068583302136576,0.63257813,2235.5047717147327,2.2227893154628506,2.7200583E-6,14.069566,0.0017142291,0.14005983,0.0021213656,0.086789355,0.0032006844,0.11411858,0.0025083188,0.63773835,0.0015438006,0.066541635,0.0010786967,0.35919863,0.004727681,null,null,null,null,"TWOGAUSSIANS",8,31.808767,0.63773835,0.0015438006,0.37263313,0.006040701,0.35750234,0.004576997,0.14005983,0.0021213656,0.4,0.0,0.112422265,0.0025086526
375316653866487564,5821069339216556928,0.5583833,2246.1221382119943,2.442877922564694,5.674478E-6,15.388785,0.03212463,0.30528083,0.0029026256,0.12068569,0.010380553,0.3754071,0.028191103,0.8013947,0.0021997993,0.108045235,0.006824026,0.43764898,0.029581888,null,null,null,null,"TWOGAUSSIANS",8,100.33406,0.8013947,0.0021997993,0.4,0.0,0.36674517,0.007960313,0.30529085,0.0029088394,0.4,0.0,0.30438125,0.0121883955
375316653866487564,5821078199722551680,0.5212522,2223.3980295608803,2.8317419363675143,4.4506312E-5,19.494669,0.0031483641,0.93923527,0.012759194,0.011567041,0.014355385,0.057436034,23.019861,0.45386872,2.2842112E-5,0.002118755,3.375199E-5,0.7526207,0.010473166,null,null,null,null,"TWOGAUSSIANS",8,1.4073433,0.45386872,2.2842112E-5,0.011865027,1.8901113E-4,0.7526207,0.010473166,0.93923527,0.012759194,0.06477543,0.080390155,0.057436034,23.019861
375316653866487564,5821079166102246400,0.54485375,2238.8744246459637,2.5595735754859597,7.96991E-6,15.329858,0.011053702,0.2287451,0.0027837884,0.10161501,0.0052981502,0.2751611,0.0115088085,0.7284678,0.003691024,0.091153085,0.0054192785,0.3096718,0.011479679,null,null,null,null,"TWOGAUSSIANS",8,97.5571,0.7284678,0.003691024,0.4,0.0,0.28966588,0.006987858,0.2287451,0.0027837884,0.4,0.0,0.25515231,0.00803943
375316653866487564,5821080364388806656,0.4250088,2227.1190664854716,1.159049380312539,1.4223352E-5,19.119823,0.007283659,0.23415995,0.031349506,0.015981914,0.013374714,0.13954102,0.11074062,0.6503299,0.0018570716,0.0221176,0.0027061075,0.32760006,0.033248164,null,null,null,null,"TWOGAUSSIANS",8,10.96006,0.6503299,0.0018570716,0.12385856,0.015154202,0.32760006,0.033248164,0.23415995,0.031349506,0.08949872,0.0748984,0.13954102,0.11074062
375316653866487564,5821080368693138304,0.4946497,2214.123620864054,1.7870719683809504,9.93801E-6,13.799533,0.0013663635,0.23459777,0.0046376837,0.06620499,0.00727184,0.029352222,0.0027963307,0.7347063,0.0036228448,0.076257594,0.004011243,0.049603637,0.0024159518,null,null,null,null,"TWOGAUSSIANS",8,30.13088,0.7347063,0.0036228448,0.4,0.0,0.049440354,0.0023984967,0.23459777,0.0046376837,0.37074792,0.040722303,0.029188938,0.002827301
375316653866487564,5821083873386524544,0.5187821,2226.5655954987556,0.17776374323406396,3.2043372E-5,17.7598,0.001266936,0.19366838,1.9067445E-5,0.011369554,5.6229666E-5,0.2735589,0.0013526831,0.8589085,0.017050436,0.01890212,0.00824497,0.023608651,0.012324492,null,null,null,null,"TWOGAUSSIANS",8,2.529616,0.19366838,1.9067445E-5,0.0636695,3.1488613E-4,0.2735589,0.0013526831,0.8589085,0.017050436,0.10585187,0.046171833,0.023608651,0.012324492
375316653866487564,5821084835459257344,0.5748765,2227.3292617327807,0.14422412068308116,1.3469539E-5,15.980767,6.2371156E-4,0.7290651,0.008844489,0.026990242,0.0055419845,0.5301878,0.18941064,null,null,null,null,null,null,null,null,null,null,"ONEGAUSSIAN",5,10.468156,0.7290651,0.008844489,0.15114535,0.031035114,0.5301878,0.0,null,null,null,null,null,null
375316653866487564,5821085557013748992,0.501895,2229.149960350695,3.6596261877050553,1.0643072E-5,18.080727,1.1855226,0.2159108,0.016931398,0.20002742,0.13010094,0.8883245,1.0940399,0.72185475,0.01184746,0.18848121,0.106994376,0.9024184,1.0534395,null,null,null,null,"TWOGAUSSIANS",8,2.6430397,0.7258747,0.005910632,0.4,0.0,0.21407065,0.011953062,0.21178082,0.0111354515,0.4,0.0,0.17531846,0.014182814
375316653866487564,5821086106757427712,0.59612733,2244.51248845061,2.338728374663869,5.0907015E-6,15.546,0.009103529,0.19138779,0.0039755637,0.07970201,0.0038331,0.54165286,0.011387401,0.69777673,8.171206E-4,0.06873061,0.0018354353,0.54603195,0.009714736,null,null,null,null,"TWOGAUSSIANS",8,119.07801,0.69777673,8.171206E-4,0.3848914,0.010278437,0.54281294,0.009489461,0.19138779,0.0039755637,0.4,0.0,0.53843385,0.010625002
375316653866487564,5821086106769581824,0.620406,2248.218879550709,0.27972856338579805,6.3186426E-6,13.928939,0.0015749068,0.1694592,0.0047492664,0.012272798,0.0025184772,1.4322257,1.3455321,0.8375146,7.892164E-4,0.0109814145,0.0016172365,1.2722036,0.17458053,0.001743219,0.0023163494,0.1694592,0.0047492664,"TWOGAUSSIANS_WITH_ELLIPSOIDAL_ON_ECLIPSE1",9,126.64673,0.1694592,0.0047492664,0.06872767,0.014103471,1.4357121,1.3461343,0.8375146,7.892164E-4,0.06149592,0.009056524,1.2730489,0.17457446
375316653866487564,5821086347275580672,0.46638346,2205.3759062727718,1.2265182870657934,5.511994E-5,19.945103,0.004324985,0.32754806,0.010003896,0.01627335,0.0042259283,0.288208,0.08465577,0.8465681,7.6097384E-4,0.008009094,6.0114E-4,0.4231483,0.04791719,null,null,null,null,"TWOGAUSSIANS",8,1.4624486,0.8465681,7.6097384E-4,0.044850927,0.0033663842,0.4231483,0.04791719,0.32754806,0.010003896,0.091130756,0.023665199,0.288208,0.08465577
375316653866487564,5821091020212608512,0.4215398,2232.164042676826,1.2283279585957896,5.7240186E-6,19.245647,0.00830795,0.28650966,0.0014789032,0.024727061,0.0025085276,0.24661174,0.021358563,0.49810842,0.004174188,0.028762609,0.0019191955,0.37381327,0.06313105,null,null,null,null,"TWOGAUSSIANS",8,7.923349,0.49810842,0.004174188,0.16107062,0.010747495,0.37381327,0.06313105,0.28650966,0.0014789032,0.13847154,0.014047755,0.24661174,0.021358563
375316653866487564,5821092463309028352,0.5165326,2237.9860604790615,3.1349319927619286,8.474981E-6,15.256661,0.054292593,0.25118643,0.0033880884,0.12309398,0.02300314,0.18833798,0.04952824,0.74249274,0.0032280923,0.12435277,0.019410789,0.21422511,0.051121075,null,null,null,null,"TWOGAUSSIANS",8,53.256626,0.74249274,0.0032280923,0.4,0.0,0.16578402,0.006721603,0.25127643,0.0033063767,0.4,0.0,0.13993181,0.007250315
375316653866487564,5821094593625420416,0.506503,2260.7639148046665,2.5302327146113353,1.1012219E-5,17.372341,0.0023260685,null,null,null,null,null,null,null,null,null,null,null,null,0.0671814,0.0037864584,0.23429845,0.002725474,"ELLIPSOIDAL",4,8.339741,null,null,null,null,null,null,null,null,null,null,null,null
375316653866487564,5821094662344899712,0.5147289,2259.6018610337887,2.883892702031261,1.2604531E-5,17.173172,0.010467437,0.2476002,0.0044803913,0.039871965,0.011756893,0.12582693,0.025669673,0.7375329,0.016714087,0.063239776,0.015590596,0.089810535,0.026384378,0.101937585,0.012642123,0.2476002,0.0044803913,"TWOGAUSSIANS_WITH_ELLIPSOIDAL_ON_ECLIPSE1",9,38.181347,0.2476002,0.0044803913,0.223283,0.065838605,0.3296822,0.01350823,0.7417429,0.008356364,0.35414276,0.087307334,0.29319102,0.014656882
375316653866487564,5821097067526711296,0.43770325,2254.345610553267,0.7608997890537544,2.418138E-5,16.494167,0.0021858932,0.17651966,0.0052786525,0.008826158,0.0043954984,0.012655338,0.006162166,0.66197884,0.0104255155,0.02086964,0.015292569,0.07375863,0.029937746,0.0068765064,0.003811233,0.17651966,0.0052786525,"TWOGAUSSIANS_WITH_ELLIPSOIDAL_ON_ECLIPSE1",9,8.904774,0.66206884,0.010393147,0.116869986,0.08563838,0.08739788,0.035500675,0.17651966,0.0052786525,0.049426485,0.02461479,0.026408346,0.0044451375
375316653866487564,5821098751153393408,0.57512504,2252.61188921565,3.1898822021310798,4.547363E-6,18.275333,0.0064346553,0.2458201,0.0016930078,0.08542811,0.0025212439,0.39000493,0.008977933,0.74342227,0.0013929796,0.0827718,0.001966536,0.4465228,0.009353033,null,null,null,null,"TWOGAUSSIANS",8,4.6034718,0.74342227,0.0013929796,0.4,0.0,0.43689576,0.008919518,0.2458201,0.0016930078,0.4,0.0,0.3803779,0.0085595595
375316653866487564,5821099300897272832,0.44405514,2254.802729233339,0.5570406214364055,1.7888855E-5,18.90108,0.05214194,0.33868998,0.00974897,0.1634056,0.02306129,0.32180873,0.057462826,0.7852267,0.014092036,0.045436747,0.039423596,0.16280022,0.038181804,null,null,null,null,"TWOGAUSSIANS",8,10.270444,0.33868998,0.00974897,0.4,0.0,0.30725482,0.027694093,0.7852267,0.014092036,0.25444576,0.15176009,0.1569768,0.04277412
375316653866487564,5821105416942648192,0.46045187,2293.953742646875,1.2553941578049725,1.9994384E-5,19.092138,0.03723989,0.225692,0.0038557097,0.0302829,0.0042627584,0.54537004,0.09682854,0.7165287,0.0021149165,0.043943692,0.007298866,0.46269217,0.058512792,0.06986693,0.042955328,0.225692,0.0038557097,"TWOGAUSSIANS_WITH_ELLIPSOIDAL_ON_ECLIPSE1",9,25.054523,0.225692,0.0038557097,0.16958424,0.023871448,0.68510354,0.072608,0.7169287,0.001970415,0.24608468,0.040873647,0.60198325,0.034469686
375316653866487564,5821107238009180416,0.55318695,2245.8941536392863,0.3893202146664422,7.115953E-5,17.480581,0.001135723,0.13065009,0.0011985748,0.011038974,7.0655637E-4,0.38239244,0.028956216,0.6092104,0.049375616,0.04691183,0.04457466,0.013989041,0.018355947,null,null,null,null,"TWOGAUSSIANS",8,2.337043,0.13065009,0.0011985748,0.061818257,0.0039567156,0.38239244,0.028956216,0.6092104,0.049375616,0.26270622,0.2496181,0.013989041,0.018355947
375316653866487564,5821108646758490240,0.5546224,2229.766989177687,2.4273458245659327,4.051079E-6,14.500369,0.013328189,0.26208246,0.002264915,0.110182025,0.006680744,0.18490788,0.013262278,0.7608883,0.0012019494,0.107119896,0.007404992,0.18316957,0.011941067,null,null,null,null,"TWOGAUSSIANS",8,41.666054,0.26208246,0.002264915,0.4,0.0,0.15916437,0.0036710163,0.7608883,0.0012019494,0.4,0.0,0.15743174,0.002780184
375316653866487564,5821110055507511040,0.60093063,2244.026076262648,0.619108855915442,6.631595E-6,12.43606,0.0013647402,0.2951116,0.0017528324,0.032598842,0.0017386908,0.30175233,0.016035408,0.79190886,0.0024939156,0.035626944,0.0023304468,0.13915499,0.0068197967,0.013343907,0.0026369279,0.79190886,0.0024939156,"TWOGAUSSIANS_WITH_ELLIPSOIDAL_ON_ECLIPSE2",9,158.84096,0.2950916,0.0017402279,0.1825535,0.009736668,0.32842937,0.01663995,0.79190886,0.0024939156,0.19951089,0.013050502,0.16584277,0.006137829
375316653866487564,5821110223007812096,0.47541925,2219.0892837212414,0.7823521933058967,3.7281784E-6,18.800802,0.005123167,0.19285767,0.0015377733,0.010352199,0.0014073806,0.4247255,0.033465277,0.7014897,0.010094677,0.018077184,0.010264294,0.087132625,0.04086034,null,null,null,null,"TWOGAUSSIANS",8,9.033059,0.19285767,0.0015377733,0.057972312,0.007881331,0.4247255,0.033465277,0.7014897,0.010094677,0.10123222,0.057480045,0.087132625,0.04086034
375316653866487564,5821111666109414272,0.46061414,2226.1110236717095,0.03179511736841683,1.3618774E-4,19.38112,0.0056594233,0.2880454,0.024852581,0.090688236,0.020416487,0.1275915,0.02550256,0.571378,0.025572043,0.1320913,0.023182588,0.16416745,0.016355418,null,null,null,null,"TWOGAUSSIANS",8,1.9117308,0.571378,0.025572043,0.4,0.0,0.16347674,0.017021284,0.31160542,0.029542921,0.4,0.0,0.14543672,0.019106656
375316653866487564,5821113933849164032,0.4263338,2253.071635291936,0.102258433113474,6.862462E-5,18.86486,0.07886104,0.15753327,0.0028578602,0.012669906,0.0033210223,0.06495761,0.004011616,0.6049977,0.020908426,0.21621643,0.0945665,0.107040435,0.077007905,null,null,null,null,"TWOGAUSSIANS",8,4.9249525,0.6049977,0.020908426,0.4,0.0,0.09226743,0.0095353555,0.15771328,0.002737665,0.07095148,0.018597726,0.06684936,0.003650162
375316653866487564,5821114071288177024,0.5642392,2250.5179966770556,3.1830505565420557,9.338897E-6,18.12727,0.030907294,0.21635209,0.0025007282,0.049731687,0.009862958,0.20735943,0.06707489,0.7150417,0.0055531934,0.06403096,0.01284659,0.24359864,0.061291296,0.09933691,0.036117934,0.21635209,0.0025007282,"TWOGAUSSIANS_WITH_ELLIPSOIDAL_ON_ECLIPSE1",9,7.969643,0.7153117,0.0045321947,0.35857338,0.07194091,0.4421521,0.019206658,0.21635209,0.0025007282,0.27849746,0.055232566,0.40592358,0.012268418
375316653866487564,5821114590993952896,0.46256557,2238.1250145144027,2.3040161677600146,8.293974E-6,14.547149,0.008465866,0.28047392,0.0043910774,0.04694097,0.008234675,0.16424023,0.018552471,0.77429026,0.010550086,0.04391792,0.009800911,0.10735536,0.02441311,0.015623036,0.013203178,0.28047392,0.0043910774,"TWOGAUSSIANS_WITH_ELLIPSOIDAL_ON_ECLIPSE1",9,80.307396,0.28047392,0.0043910774,0.26286945,0.04611418,0.19548616,0.01225987,0.77455026,0.009599246,0.24594036,0.054885104,0.13855615,0.013018273
375316653866487564,5821115999743224960,0.4549346,2250.732889644599,0.9202655206833537,3.415958E-5,17.781849,0.0031398567,0.21068324,0.009339022,0.055661354,0.012680419,0.01824846,0.0054834825,0.6943688,0.01294244,0.074390434,0.019996976,0.068601355,0.0109677855,null,null,null,null,"TWOGAUSSIANS",8,2.9601345,0.6943688,0.01294244,0.4,0.07325987,0.06857249,0.011009678,0.21068324,0.009339022,0.3117036,0.071010344,0.018219596,0.005466898
375316653866487564,5821116274625416960,0.4557124,2249.9338933301183,0.7818835700283818,2.8909202E-5,18.51529,0.008802334,0.30181554,0.008736961,0.061945558,0.014438707,0.35626072,0.061498407,0.80323,0.005858973,0.049457587,0.009819007,0.1267386,0.026685115,null,null,null,null,"TWOGAUSSIANS",8,17.317987,0.30181554,0.008736961,0.34689513,0.08085676,0.35624292,0.061570313,0.80323,0.005858973,0.2769625,0.054986436,0.1267208,0.026703835
375316653866487564,5821117614655239168,0.50348353,2232.358226920883,3.819377086361686,9.7825305E-6,18.239449,0.015378988,0.28056684,0.0025179451,0.0972544,0.008029711,0.19124186,0.01450444,0.7920679,0.0034471722,0.09502488,0.008798492,0.19741476,0.014170647,null,null,null,null,"TWOGAUSSIANS",8,3.271435,0.7920679,0.0034471722,0.4,0.0,0.18612482,0.009060906,0.28056684,0.0025179451,0.4,0.0,0.17995156,0.009313046
375316653866487564,5821119671926029184,0.5550232,2260.46395753212,3.779874031755225,5.8697465E-6,17.92058,0.00784155,0.2207754,0.0026454944,0.08751569,0.0043026297,0.27266604,0.010717931,0.7034915,0.0020598387,0.09325199,0.004470158,0.25401303,0.0072312187,null,null,null,null,"TWOGAUSSIANS",8,3.9670103,0.2207754,0.0026454944,0.4,0.0,0.2639112,0.010417511,0.7034915,0.0020598387,0.4,0.0,0.24525778,0.0057187616
375316653866487564,5821123868127654656,0.5114584,2271.8513585900123,0.032087418931024424,8.2177416E-5,17.8973,0.086900525,0.2550635,0.10365256,0.03014794,0.05046438,0.50267535,0.42850968,0.56312543,0.09359405,0.3303414,0.18276368,0.14346196,0.08397623,null,null,null,null,"TWOGAUSSIANS",8,4.8596287,0.2553535,0.11513781,0.16882846,0.22240086,0.5203531,0.44012132,0.56312543,0.09359405,0.4,0.0,0.055126157,0.0046299784
375316653866487564,5821125276872742272,0.5155879,2218.244871186792,3.069198650359231,1.1479477E-5,16.231201,0.044695217,0.28028682,0.0018107104,0.0610739,0.009449388,0.46433356,0.08349694,0.772176,0.0055202157,0.053009145,0.01404585,0.34583038,0.093266726,0.08892014,0.055822358,0.28028682,0.0018107104,"TWOGAUSSIANS_WITH_ELLIPSOIDAL_ON_ECLIPSE1",9,41.547062,0.28028682,0.0018107104,0.34201384,0.05291657,0.64206594,0.044307828,0.773006,0.004794557,0.29685122,0.07865676,0.5231485,0.040356167
