Gaia/vari_eclipsing_binary/VariEclipsingBinary_688121-688148.csv
# %ECSV 1.0
# ---
# delimiter: ','
# meta: !!omap
# - RELEASE: Gaia DR3
# - TABLE: vari_eclipsing_binary
# - DESCRIPTION: >
#     This table describes the properties of the eclipsing binaries resulting from the variability analysis. 
# - CITATION: >
#     How to cite and acknowledge Gaia: 
#     https://gea.esac.esa.int/archive/documentation/credits.html 
# - KNOWN_ISSUES: >
#     Known issues: 
#     https://www.cosmos.esa.int/web/gaia-users/known-issues 
# - DOCUMENTATION: >
#     Tutorials and documentation: 
#     https://www.cosmos.esa.int/web/gaia-users/archive 
# datatype:
# - 
#   name: solution_id
#   datatype: int64
#   description: Solution Identifier
#   meta:
#     ucd: meta.version
# - 
#   name: source_id
#   datatype: int64
#   description: Unique source identifier
#   meta:
#     ucd: meta.id;meta.main
# - 
#   name: global_ranking
#   datatype: float32
#   description: Number between 0 (worst) and 1 (best)
#   meta:
#     ucd: stat.param
# - 
#   name: reference_time
#   datatype: float64
#   unit: d
#   description: Reference time used for the geometric model fit
#   meta:
#     ucd: time.epoch
# - 
#   name: frequency
#   datatype: float64
#   unit: d**-1
#   description: Frequency of geometric model of the eclipsing binary light curve
#   meta:
#     ucd: src.orbital
# - 
#   name: frequency_error
#   datatype: float32
#   unit: d**-1
#   description: "Uncertainty of \\texttt{frequency}"
#   meta:
#     ucd: stat.error
# - 
#   name: geom_model_reference_level
#   datatype: float32
#   unit: mag
#   description: Magnitude reference level of geometric model
#   meta:
#     ucd: phot.mag;em.opt
# - 
#   name: geom_model_reference_level_error
#   datatype: float32
#   unit: mag
#   description: "Uncertainty of \\texttt{geomModelReferenceLevel}"
#   meta:
#     ucd: stat.error;phot.mag;em.opt
# - 
#   name: geom_model_gaussian1_phase
#   datatype: float32
#   description: Phase of the Gaussian 1 component
#   meta:
#     ucd: time.phase
# - 
#   name: geom_model_gaussian1_phase_error
#   datatype: float32
#   description: "Uncertainty of \\texttt{geomModelGaussian1Phase}"
#   meta:
#     ucd: stat.error;time.phase
# - 
#   name: geom_model_gaussian1_sigma
#   datatype: float32
#   description: "Standard deviation [phase] of Gaussian 1 component"
#   meta:
#     ucd: stat.stdev
# - 
#   name: geom_model_gaussian1_sigma_error
#   datatype: float32
#   description: "Uncertainty of \\texttt{geomModelGaussian1Sigma}"
#   meta:
#     ucd: stat.error
# - 
#   name: geom_model_gaussian1_depth
#   datatype: float32
#   unit: mag
#   description: Magnitude depth of Gaussian 1 component
#   meta:
#     ucd: src.var.amplitude
# - 
#   name: geom_model_gaussian1_depth_error
#   datatype: float32
#   unit: mag
#   description: "Uncertainty of \\texttt{geomModelGaussian1Depth}"
#   meta:
#     ucd: stat.error;src.var.amplitude
# - 
#   name: geom_model_gaussian2_phase
#   datatype: float32
#   description: Phase of Gaussian 2 component
#   meta:
#     ucd: time.phase
# - 
#   name: geom_model_gaussian2_phase_error
#   datatype: float32
#   description: "Uncertainty of \\texttt{geomModelGaussian2Phase}"
#   meta:
#     ucd: stat.error;time.phase
# - 
#   name: geom_model_gaussian2_sigma
#   datatype: float32
[...]
#   datatype: float32
#   description: "Secondary eclipse: uncertainty of \\texttt{derivedSecondaryEclDuration}"
#   meta:
#     ucd: stat.error;time.duration
# - 
#   name: derived_secondary_ecl_depth
#   datatype: float32
#   unit: mag
#   description: "Secondary eclipse: depth"
#   meta:
#     ucd: src.var.amplitude
# - 
#   name: derived_secondary_ecl_depth_error
#   datatype: float32
#   unit: mag
#   description: "Secondary eclipse: uncertainty of \\texttt{derivedSecondaryEclDepth}"
#   meta:
#     ucd: stat.error;src.var.amplitude
solution_id,source_id,global_ranking,reference_time,frequency,frequency_error,geom_model_reference_level,geom_model_reference_level_error,geom_model_gaussian1_phase,geom_model_gaussian1_phase_error,geom_model_gaussian1_sigma,geom_model_gaussian1_sigma_error,geom_model_gaussian1_depth,geom_model_gaussian1_depth_error,geom_model_gaussian2_phase,geom_model_gaussian2_phase_error,geom_model_gaussian2_sigma,geom_model_gaussian2_sigma_error,geom_model_gaussian2_depth,geom_model_gaussian2_depth_error,geom_model_cosine_half_period_amplitude,geom_model_cosine_half_period_amplitude_error,geom_model_cosine_half_period_phase,geom_model_cosine_half_period_phase_error,model_type,num_model_parameters,reduced_chi2,derived_primary_ecl_phase,derived_primary_ecl_phase_error,derived_primary_ecl_duration,derived_primary_ecl_duration_error,derived_primary_ecl_depth,derived_primary_ecl_depth_error,derived_secondary_ecl_phase,derived_secondary_ecl_phase_error,derived_secondary_ecl_duration,derived_secondary_ecl_duration_error,derived_secondary_ecl_depth,derived_secondary_ecl_depth_error
[from data line 147]
375316653866487564,6052877932589471360,0.5121562,2166.02310120581,2.1848128092786903,1.0170795E-5,19.778172,0.010611979,0.2532002,0.023884399,0.08655887,0.02137693,0.07654924,0.018238086,0.742743,0.0014723779,0.057056244,0.0024064456,0.43260896,0.023603363,null,null,null,null,"TWOGAUSSIANS",8,1.6655915,0.742743,0.0014723779,0.319515,0.013476095,0.43209437,0.02347424,0.2532002,0.023884399,0.4,0.0,0.076034635,0.018070914
375316653866487564,6052878134471320576,0.4453848,2203.0733351707013,3.938733477377616,9.20635E-5,19.79269,0.08003944,0.26795873,0.02561541,0.095573865,0.0705388,0.26869187,0.04556301,0.7478979,0.031069642,0.060912706,0.028708467,0.39419028,0.08250744,null,null,null,null,"TWOGAUSSIANS",8,9.197292,0.7478979,0.031069642,0.34111115,0.09234689,0.3917781,0.069518484,0.26795873,0.02561541,0.4,0.0,0.2662787,0.04315398
375316653866487564,6052878138791557248,0.5958617,2158.734068739849,2.9114134110799887,5.496925E-6,17.561567,0.018458974,0.2088849,0.0021903652,0.047854017,0.006279979,0.33441582,0.038690004,0.7190514,0.0046235477,0.049880803,0.010441129,0.32507345,0.062771685,0.10655275,0.022032842,0.2088849,0.0021903652,"TWOGAUSSIANS_WITH_ELLIPSOIDAL_ON_ECLIPSE1",9,8.2350025,0.2088849,0.0021903652,0.2679825,0.03516788,0.54751897,0.026535315,0.7190514,0.0046235477,0.2793325,0.058470324,0.5373082,0.08048665
375316653866487564,6052878855997994368,0.48843908,2180.63393387018,1.0174726617449399,2.5201794E-5,17.769217,0.0653529,0.34746325,0.05957018,0.19767438,0.16372946,0.06623577,0.06398499,0.8153459,0.0058505423,0.023205923,0.005171101,0.5225029,0.062888876,null,null,null,null,"TWOGAUSSIANS",8,41.19264,0.8153459,0.0058505423,0.12995318,0.028958166,0.5213468,0.06297906,0.34746325,0.05957018,0.4,0.0,0.059288625,0.021601617
375316653866487564,6052879203900365696,0.5126245,2159.5549167266213,3.6207858106138677,1.0847679E-5,18.722054,0.015500279,0.20719764,0.005371534,0.084916756,0.009144845,0.29854426,0.038349763,0.71859014,0.0052175857,0.07592328,0.006911128,0.42173997,0.017484501,null,null,null,null,"TWOGAUSSIANS",8,8.04315,0.71859014,0.0052175857,0.4,0.0,0.41727546,0.015890459,0.20719764,0.005371534,0.4,0.0,0.29407975,0.039197624
375316653866487564,6052879238260356608,0.45135438,2180.189953413655,2.5641275943329265,5.2133302E-5,17.871042,0.009465835,0.19419402,3.2185685E-4,0.005756093,0.0013049922,0.6517172,0.49225554,0.72327113,0.031102603,0.03545071,0.042625245,0.1579091,0.102065764,0.0562404,0.011452302,0.19419402,3.2185685E-4,"TWOGAUSSIANS_WITH_ELLIPSOIDAL_ON_ECLIPSE1",9,9.205603,0.19419402,3.2185685E-4,0.03223412,0.0073079565,0.7641977,0.5101465,0.72327113,0.029956227,0.198524,0.20186289,0.26667678,0.1148886
375316653866487564,6052879337030789760,0.5668017,2168.0431499964056,0.058195839051049816,1.1871158E-5,11.925284,0.0021737684,0.23978938,0.0100571215,0.030772699,0.008688063,0.13072266,0.019853411,0.7442174,0.0027649435,0.022702148,0.00506112,0.036829233,0.010175758,0.026166543,0.0030139128,0.7442174,0.0027649435,"TWOGAUSSIANS_WITH_ELLIPSOIDAL_ON_ECLIPSE2",9,192.35062,0.23991938,0.009830233,0.17232712,0.048653156,0.18301632,0.019623801,0.7442174,0.0027649435,0.12713203,0.02834227,0.089162216,0.00935616
375316653866487564,6052879337054153344,0.60544884,2157.821223113003,2.62377457402657,5.9961726E-6,18.627497,0.005699087,0.22067134,0.0019073854,0.0319172,0.0030026399,0.2467234,0.016135434,0.71385586,0.0047395783,0.052366517,0.0041173734,0.3394669,0.018385703,0.14218973,0.011187951,0.22067134,0.0019073854,"TWOGAUSSIANS_WITH_ELLIPSOIDAL_ON_ECLIPSE1",9,3.6868858,0.71490586,0.0041379216,0.2932525,0.023057291,0.6234021,0.012650164,0.22067134,0.0019073854,0.17873633,0.016814783,0.53109986,0.011471766
375316653866487564,6052879410101935616,0.45212924,2164.5691268886944,2.5450460956976615,1.5991443E-5,17.02632,0.0043300996,0.7388051,0.0042184554,0.01710784,0.0054175006,0.124179594,0.07299952,null,null,null,null,null,null,0.05875352,0.0069918158,0.7388051,0.0042184554,"ONEGAUSSIAN_WITH_ELLIPSOIDAL",6,15.527207,0.7388051,0.0042184554,0.09580391,0.030338004,0.24168648,0.07538396,null,null,null,null,null,null
375316653866487564,6052879753656383872,0.43655136,2131.435581145462,0.682482238670488,7.600054E-5,17.563904,0.01275465,0.23361693,0.05848925,0.08220092,0.04392151,0.048431445,0.018080266,0.8306485,0.006367658,0.015020323,0.0065191253,0.7443948,270.41666,null,null,null,null,"TWOGAUSSIANS",8,7.4379416,0.8306485,0.006367658,0.08411381,0.036507104,0.7443951,270.41666,0.23361693,0.05848925,0.4,0.16943473,0.048431445,0.018080285
375316653866487564,6052879856778671744,0.50566506,2168.9320091704662,0.2528776445506335,2.4749056E-4,17.285181,0.0013334341,0.2164267,0.0028445935,0.02108943,0.0038368655,0.13798231,0.023642758,0.69595003,0.031193472,0.03145128,0.020092439,0.094663374,0.025855936,null,null,null,null,"TWOGAUSSIANS",8,2.6183915,0.2164267,0.0028445935,0.11810081,0.021486448,0.13798231,0.023642758,0.69595003,0.031193472,0.17612717,0.112517655,0.094663374,0.025855936
375316653866487564,6052880131656611328,0.7113488,2154.570705663667,2.211184050744965,1.995114E-6,14.526883,0.004281793,0.28710312,7.560167E-4,0.045994967,0.0015756089,0.33725542,0.010632263,0.7907304,8.2976214E-4,0.048485186,0.0014502289,0.29678774,0.010242509,0.1417328,0.0060099135,0.28710312,7.560167E-4,"TWOGAUSSIANS_WITH_ELLIPSOIDAL_ON_ECLIPSE1",9,28.332203,0.28710312,7.560167E-4,0.25757182,0.00882341,0.6207201,0.0051152995,0.7907304,8.2976214E-4,0.27151704,0.008121282,0.5801052,0.004571003
375316653866487564,6052880230415019136,0.56430835,2177.9804448228338,0.040508331057972385,7.734406E-6,18.616844,0.0021070316,0.60016507,1.3704477E-4,0.0031895593,1.08905064E-4,0.5305332,0.010148633,null,null,null,null,null,null,null,null,null,null,"ONEGAUSSIAN",5,1.8364385,0.60016507,1.3704477E-4,0.017861532,6.098683E-4,0.5305332,0.0,null,null,null,null,null,null
375316653866487564,6052880303412732416,0.45489493,2138.8969111980996,0.03595660387370621,7.799559E-5,17.489702,0.007014654,0.2692805,0.0052709407,0.07322829,0.011612303,0.15877913,0.04967442,0.70664,0.02619183,0.13457943,0.034148406,0.056426704,0.0119292475,null,null,null,null,"TWOGAUSSIANS",8,3.785722,0.26951048,0.0051665027,0.4,0.039526984,0.15527137,0.050888218,0.70664,0.02619183,0.4,0.0,0.052622,0.0131954085
375316653866487564,6052880402183570048,0.5291716,2185.5656223378146,0.6968374874951995,1.1388656E-5,16.883675,0.0048025176,0.2872102,0.002653743,0.03177421,0.005130894,0.10571227,0.01997118,0.8098187,0.036916755,0.028508086,0.036229674,0.0136433365,0.8655534,0.108876675,0.0061212676,0.2872102,0.002653743,"TWOGAUSSIANS_WITH_ELLIPSOIDAL_ON_ECLIPSE1",9,27.817808,0.2872102,0.002653743,0.17793557,0.028733006,0.32346535,0.017331937,0.8098187,0.036916755,0.15964527,0.20288616,0.22703183,0.8627485
375316653866487564,6052880539628827776,0.5351588,2183.828227964706,2.7962578209358213,9.456945E-6,17.374115,0.020935595,0.22891274,0.014166939,0.08749399,0.012403207,0.3088998,0.048289906,0.729728,0.0022993833,0.0940788,0.007849521,0.2991275,0.01933842,null,null,null,null,"TWOGAUSSIANS",8,9.55495,0.22891274,0.014166939,0.4,0.0,0.29537147,0.043410253,0.729728,0.0022993833,0.4,0.0,0.28559878,0.013995824
375316653866487564,6052880539652005632,0.45474678,2187.911794323443,0.5370923647463229,4.8789316E-5,18.448753,0.0061360216,0.14139399,0.009407475,0.025062446,0.009390065,0.12718645,0.011458554,0.79899025,5.3953354E-5,0.011272021,5.713972E-4,0.6691462,0.058113582,null,null,null,null,"TWOGAUSSIANS",8,7.957246,0.79899025,5.3953354E-5,0.063123316,0.0031998244,0.6691462,0.058113582,0.14139399,0.009407475,0.14034969,0.052584365,0.12718645,0.011458554
375316653866487564,6052880612693029120,0.42099383,2198.0682161029176,0.08479155033894123,4.536306E-5,18.055721,0.04379984,0.4304237,0.037597004,0.19220936,0.0978641,0.09076221,0.04126907,0.8718048,0.008176757,0.049744483,0.024801968,0.057777554,0.018136047,null,null,null,null,"TWOGAUSSIANS",8,6.4456606,0.4304237,0.037597004,0.4,0.0,0.08029635,0.015323314,0.8718048,0.008176757,0.2785691,0.13889101,0.05513994,0.015015491
375316653866487564,6052880853168482304,0.49816015,2197.696721416837,3.0084650914813444,2.5454303E-5,19.10055,0.04342753,0.2793017,0.004168617,0.078621544,0.009113625,0.43354145,0.040428244,0.7587189,0.00531314,0.096667886,0.014539172,0.44833633,0.03428193,null,null,null,null,"TWOGAUSSIANS",8,5.804122,0.7587189,0.00531314,0.4,0.0,0.43766174,0.028801594,0.2793017,0.004168617,0.4,0.0,0.42286912,0.032836378
375316653866487564,6052880921930618368,0.4894874,2179.449007647908,0.1490080345989979,1.783366E-5,18.089418,0.007526369,0.18281788,0.01630012,0.018849246,0.020017978,0.079177186,156834.95,0.5840804,0.0034595255,0.010142673,0.0063755815,1.0404216,0.7021057,0.018117586,0.009809973,0.18281788,0.01630012,"TWOGAUSSIANS_WITH_ELLIPSOIDAL_ON_ECLIPSE1",9,20.303226,0.58410037,0.003483546,0.056798965,0.035703257,1.0644127,0.7069466,0.18281788,0.01630012,0.10555578,0.112100676,0.11541234,156834.95
375316653866487564,6052881329896522496,0.5502094,2185.149862113816,0.9026480236980701,1.9841002E-5,16.470137,8.2139514E-4,0.28568175,0.0146851335,0.014965142,0.006912112,0.01133497,0.007510123,0.46493533,0.011334182,0.011171389,0.004724525,0.35094324,0.3584863,null,null,null,null,"TWOGAUSSIANS",8,4.641634,0.46493533,0.011334182,0.06255978,0.026457341,0.35094324,0.3584863,0.28568175,0.0146851335,0.08380479,0.038707826,0.01133497,0.007510123
375316653866487564,6052881712204692224,0.58079803,2194.9581799938196,1.3358614290826698,4.7106287E-6,17.11713,0.001619025,0.20050819,0.0014116903,0.043341056,0.0056742677,0.040060986,0.0054258523,0.7209874,0.02251482,0.018313557,0.009241373,0.034743734,0.03294547,0.05519714,0.0023250778,0.20050819,0.0014116903,"TWOGAUSSIANS_WITH_ELLIPSOIDAL_ON_ECLIPSE1",9,1.5752078,0.20050819,0.0014116903,0.2427099,0.0317759,0.15045525,0.0043787654,0.7209874,0.022309091,0.10255592,0.05175169,0.14332025,0.033121165
375316653866487564,6052881914014788480,0.51945037,2163.9405131960666,3.5344482037590637,2.181776E-5,18.116081,0.004179645,0.22179392,0.0057973107,0.075151585,0.0048455386,0.1544945,0.01064509,0.720976,0.01001136,0.07617947,0.011787824,0.13945699,0.007541415,null,null,null,null,"TWOGAUSSIANS",8,2.5475373,0.22179392,0.0057973107,0.4,0.0,0.15326631,0.010579919,0.720976,0.01001136,0.4,0.029525826,0.1382288,0.008040458
375316653866487564,6052882227560289920,0.45311537,2192.9821208755443,2.9177442571191663,2.1562138E-5,18.937725,0.66378874,0.32570878,0.014957591,0.18111704,0.052096028,0.7792709,0.5941428,0.8133743,0.008876537,0.184824,0.063330114,0.80380034,0.6160448,null,null,null,null,"TWOGAUSSIANS",8,4.096951,0.8133743,0.008876537,0.4,0.0,0.24431963,0.020716175,0.33160877,0.011756514,0.4,0.0,0.22702089,0.02575391
375316653866487564,6052882399399831552,0.5125401,2162.410254443917,2.6196932005312603,1.148688E-5,16.979958,0.028845334,0.25397062,0.0028878923,0.0999459,0.016593779,0.15185125,0.025598554,0.75948006,0.007653244,0.107535645,0.02214778,0.13569455,0.027195465,null,null,null,null,"TWOGAUSSIANS",8,6.825244,0.25397062,0.002903571,0.4,0.0,0.13715196,0.008151785,0.75948006,0.0076631913,0.4,0.0,0.120990776,0.011335426
375316653866487564,6052882502438959104,0.54633254,2178.3396587214543,3.529651972770559,1.4684321E-5,19.590061,0.017682554,0.28200766,0.004201667,0.06619282,0.0042521125,0.56867766,0.022185853,0.7752354,0.0067299395,0.069968045,0.007854767,0.4949029,0.08073267,null,null,null,null,"TWOGAUSSIANS",8,2.0886283,0.28200766,0.004201667,0.37067977,0.02381183,0.56763864,0.02172595,0.7752354,0.0067299395,0.39182106,0.037535902,0.49386388,0.08115845
375316653866487564,6052882566853299072,0.59867924,2216.0228001079545,1.3788099340955224,2.487784E-6,18.302027,0.00645578,0.31321904,0.064589284,0.028706102,0.031670544,0.909287,15.737694,0.81304556,4.2931488E-4,0.029675458,5.3649355E-4,0.6722846,0.010987004,null,null,null,null,"TWOGAUSSIANS",8,7.7778897,0.31321904,0.064589284,0.16075417,0.17735504,0.909287,15.737694,0.81304556,4.2931488E-4,0.16618256,0.003004364,0.6722846,0.010986998
375316653866487564,6052882914755924864,0.5294091,2223.0137237872505,1.9193998096880303,1.5902751E-5,18.702553,0.020746116,0.25822076,0.0026729393,0.09567939,0.010357063,0.2860735,0.025873465,0.74725693,0.005453047,0.08769653,0.0079981955,0.39214247,0.022043707,null,null,null,null,"TWOGAUSSIANS",8,5.925277,0.74725693,0.005453047,0.4,0.0,0.37848675,0.016946858,0.25822076,0.0026729393,0.4,0.0,0.27241707,0.025497677
375316653866487564,6052883082243080320,0.6153957,2155.2498010132513,2.79810112610984,9.29473E-6,17.486174,0.015272986,0.2762964,0.004526723,0.05018827,0.00923606,0.31975663,0.022257386,0.7744255,0.0047961697,0.048751775,0.006084423,0.20941183,0.03350967,0.084789306,0.016751261,0.2762964,0.004526723,"TWOGAUSSIANS_WITH_ELLIPSOIDAL_ON_ECLIPSE1",9,7.072203,0.2762964,0.004526723,0.28105432,0.051721934,0.48933312,0.023096424,0.7746755,0.004181721,0.27300993,0.034072768,0.378968,0.010639618
375316653866487564,6052883185324503552,0.6327729,2168.4684799656384,2.12328921895567,3.4136697E-6,17.441278,0.003769723,0.26511458,0.0014887041,0.07255387,0.001465346,0.5954363,0.007343157,0.7633481,0.001846445,0.07104357,0.0047147074,0.3723527,0.035327148,null,null,null,null,"TWOGAUSSIANS",8,5.2611904,0.26511458,0.0014887041,0.4,0.0,0.59333366,0.007255424,0.7633481,0.001846445,0.397844,0.024264216,0.3702501,0.035969462
375316653866487564,6052883361431835776,0.54974854,2170.6509276322163,0.3757796289655066,8.140342E-6,17.45975,0.018482829,0.19419277,0.011775784,0.04109877,0.008217508,0.991793,0.2516732,0.69668454,0.003248351,0.038637415,0.0054946123,0.35806993,0.041442722,0.03596379,0.028466713,0.19419277,0.011775784,"TWOGAUSSIANS_WITH_ELLIPSOIDAL_ON_ECLIPSE1",9,42.52283,0.19419277,0.011775784,0.2301531,0.046018045,1.0637203,0.27951488,0.69668454,0.003248351,0.21636952,0.030769829,0.4299797,0.024731448
375316653866487564,6052883808108600960,0.4944247,2191.2137488874614,0.23623367079160937,4.7118327E-5,19.361433,0.0055846516,0.26459923,0.041592903,0.034249566,0.08230727,0.08861775,0.071520045,0.6758521,6.466466E-4,0.0034272764,1.9934906E-4,0.9892434,0.17466025,null,null,null,null,"TWOGAUSSIANS",8,1.8041567,0.6758521,6.466466E-4,0.019192748,0.0011163547,0.9892434,0.17464957,0.26459923,0.041592903,0.19179757,0.21341467,0.08861775,0.07152425
375316653866487564,6052883979948056192,0.49030587,2200.3804273211936,2.8349749757649465,1.2474848E-5,18.305151,0.02888003,0.2371002,0.005625495,0.11326884,0.016407363,0.23597455,0.024057822,0.74650633,0.0025645639,0.10138838,0.010121818,0.26970053,0.025689695,null,null,null,null,"TWOGAUSSIANS",8,5.570032,0.7465163,0.0025684352,0.4,0.0,0.23973547,0.010267904,0.2371002,0.005628943,0.4,0.0,0.20598313,0.016826116
375316653866487564,6052884289185700352,0.46169376,2210.607710609051,1.0855195838818326,5.8554815E-5,17.119524,0.005123229,0.32123408,0.002960111,0.009332687,0.00213924,0.17969383,0.15112507,0.554243,1.530025E-4,0.020765081,5.098602E-4,0.55322737,0.026133524,null,null,null,null,"TWOGAUSSIANS",8,21.997658,0.554243,1.530025E-4,0.11628445,0.0028552173,0.55322737,0.026133524,0.32123408,0.002960111,0.052263048,0.011979745,0.17969383,0.15112507
375316653866487564,6052884765895299968,0.51874757,2214.1067774699013,4.033001200113907,1.0809701E-5,19.032454,0.012733977,0.34717238,0.003764827,0.07935474,0.00629911,0.3790704,0.018736236,0.839209,0.0035648816,0.069175966,0.0048880223,0.31509703,0.024131704,null,null,null,null,"TWOGAUSSIANS",8,3.5881314,0.34717238,0.003764827,0.4,0.0,0.37706771,0.018530633,0.839209,0.0035648816,0.3873854,0.027372925,0.31309435,0.024032613
