Gaia/vari_eclipsing_binary/VariEclipsingBinary_462084-462094.csv
# %ECSV 1.0
# ---
# delimiter: ','
# meta: !!omap
# - RELEASE: Gaia DR3
# - TABLE: vari_eclipsing_binary
# - DESCRIPTION: >
#     This table describes the properties of the eclipsing binaries resulting from the variability analysis. 
# - CITATION: >
#     How to cite and acknowledge Gaia: 
#     https://gea.esac.esa.int/archive/documentation/credits.html 
# - KNOWN_ISSUES: >
#     Known issues: 
#     https://www.cosmos.esa.int/web/gaia-users/known-issues 
# - DOCUMENTATION: >
#     Tutorials and documentation: 
#     https://www.cosmos.esa.int/web/gaia-users/archive 
# datatype:
# - 
#   name: solution_id
#   datatype: int64
#   description: Solution Identifier
#   meta:
#     ucd: meta.version
# - 
#   name: source_id
#   datatype: int64
#   description: Unique source identifier
#   meta:
#     ucd: meta.id;meta.main
# - 
#   name: global_ranking
#   datatype: float32
#   description: Number between 0 (worst) and 1 (best)
#   meta:
#     ucd: stat.param
# - 
#   name: reference_time
#   datatype: float64
#   unit: d
#   description: Reference time used for the geometric model fit
#   meta:
#     ucd: time.epoch
# - 
#   name: frequency
#   datatype: float64
#   unit: d**-1
#   description: Frequency of geometric model of the eclipsing binary light curve
#   meta:
#     ucd: src.orbital
# - 
#   name: frequency_error
#   datatype: float32
#   unit: d**-1
#   description: "Uncertainty of \\texttt{frequency}"
#   meta:
#     ucd: stat.error
# - 
#   name: geom_model_reference_level
#   datatype: float32
#   unit: mag
#   description: Magnitude reference level of geometric model
#   meta:
#     ucd: phot.mag;em.opt
# - 
#   name: geom_model_reference_level_error
#   datatype: float32
#   unit: mag
#   description: "Uncertainty of \\texttt{geomModelReferenceLevel}"
#   meta:
#     ucd: stat.error;phot.mag;em.opt
# - 
#   name: geom_model_gaussian1_phase
#   datatype: float32
#   description: Phase of the Gaussian 1 component
#   meta:
#     ucd: time.phase
# - 
#   name: geom_model_gaussian1_phase_error
#   datatype: float32
#   description: "Uncertainty of \\texttt{geomModelGaussian1Phase}"
#   meta:
#     ucd: stat.error;time.phase
# - 
#   name: geom_model_gaussian1_sigma
#   datatype: float32
#   description: "Standard deviation [phase] of Gaussian 1 component"
#   meta:
#     ucd: stat.stdev
# - 
#   name: geom_model_gaussian1_sigma_error
#   datatype: float32
#   description: "Uncertainty of \\texttt{geomModelGaussian1Sigma}"
#   meta:
#     ucd: stat.error
# - 
#   name: geom_model_gaussian1_depth
#   datatype: float32
#   unit: mag
#   description: Magnitude depth of Gaussian 1 component
#   meta:
#     ucd: src.var.amplitude
# - 
#   name: geom_model_gaussian1_depth_error
#   datatype: float32
#   unit: mag
#   description: "Uncertainty of \\texttt{geomModelGaussian1Depth}"
#   meta:
#     ucd: stat.error;src.var.amplitude
# - 
#   name: geom_model_gaussian2_phase
#   datatype: float32
#   description: Phase of Gaussian 2 component
#   meta:
#     ucd: time.phase
# - 
#   name: geom_model_gaussian2_phase_error
#   datatype: float32
#   description: "Uncertainty of \\texttt{geomModelGaussian2Phase}"
#   meta:
#     ucd: stat.error;time.phase
# - 
#   name: geom_model_gaussian2_sigma
#   datatype: float32
[...]
#   datatype: float32
#   description: "Secondary eclipse: uncertainty of \\texttt{derivedSecondaryEclDuration}"
#   meta:
#     ucd: stat.error;time.duration
# - 
#   name: derived_secondary_ecl_depth
#   datatype: float32
#   unit: mag
#   description: "Secondary eclipse: depth"
#   meta:
#     ucd: src.var.amplitude
# - 
#   name: derived_secondary_ecl_depth_error
#   datatype: float32
#   unit: mag
#   description: "Secondary eclipse: uncertainty of \\texttt{derivedSecondaryEclDepth}"
#   meta:
#     ucd: stat.error;src.var.amplitude
solution_id,source_id,global_ranking,reference_time,frequency,frequency_error,geom_model_reference_level,geom_model_reference_level_error,geom_model_gaussian1_phase,geom_model_gaussian1_phase_error,geom_model_gaussian1_sigma,geom_model_gaussian1_sigma_error,geom_model_gaussian1_depth,geom_model_gaussian1_depth_error,geom_model_gaussian2_phase,geom_model_gaussian2_phase_error,geom_model_gaussian2_sigma,geom_model_gaussian2_sigma_error,geom_model_gaussian2_depth,geom_model_gaussian2_depth_error,geom_model_cosine_half_period_amplitude,geom_model_cosine_half_period_amplitude_error,geom_model_cosine_half_period_phase,geom_model_cosine_half_period_phase_error,model_type,num_model_parameters,reduced_chi2,derived_primary_ecl_phase,derived_primary_ecl_phase_error,derived_primary_ecl_duration,derived_primary_ecl_duration_error,derived_primary_ecl_depth,derived_primary_ecl_depth_error,derived_secondary_ecl_phase,derived_secondary_ecl_phase_error,derived_secondary_ecl_duration,derived_secondary_ecl_duration_error,derived_secondary_ecl_depth,derived_secondary_ecl_depth_error
[from data line 114]
375316653866487564,4064541579280387584,0.5113442,2285.7743844791667,0.31286785052021365,1.6056621E-5,18.747019,0.015765078,0.25181666,0.006092695,0.03856779,0.03671404,0.11697943,null,null,null,null,null,null,null,0.10454467,0.020174293,0.25181666,0.006092695,"ONEGAUSSIAN_WITH_ELLIPSOIDAL",6,5.5263934,0.25181666,0.006092695,0.2159796,0.20559862,0.3260685,null,null,null,null,null,null,null
375316653866487564,4064541789531164928,0.47257143,2267.823676030415,2.428977628058516,7.201669E-5,18.330782,0.02932697,0.46462873,0.029175451,0.10584499,0.045166533,0.3883012,0.040202603,0.23512892,0.01768047,0.043173414,0.013895693,0.25125417,0.26788822,null,null,null,null,"TWOGAUSSIANS",8,21.361689,0.46462873,0.02917605,0.4,0.0,0.3882903,0.0402646,0.24140893,0.017261192,0.24177112,0.07781588,0.2906123,0.2658648
375316653866487564,4064541961329926784,0.46715394,2251.2942261313256,0.16514702616356497,4.0160212E-5,18.907637,0.015437352,0.18030956,0.009392006,0.041761875,0.0116991475,0.04972048,0.07238075,null,null,null,null,null,null,0.12807178,0.055396434,0.18030956,0.009392006,"ONEGAUSSIAN_WITH_ELLIPSOIDAL",6,10.478103,0.18030956,0.009392006,0.23386651,0.06551523,0.3058639,0.049715668,null,null,null,null,null,null
375316653866487564,4064542094680079744,0.5055992,2283.777053218095,4.209990921961972,6.920824E-6,18.25033,0.0151523985,0.023637477,2.3084387E-4,0.011671293,0.0021031606,0.23145795,0.23748401,0.50909096,0.0102237705,0.20652075,0.02733052,0.13367052,0.013593496,null,null,null,null,"TWOGAUSSIANS",8,0.5256606,0.023647478,2.453332E-4,0.06535924,0.0117777,0.23073912,0.2380276,0.50909096,0.0102237705,0.4,0.0,0.118517645,0.0048933867
375316653866487564,4064542133128249216,0.4581314,2273.7669262503478,1.7966991382702273,1.2508353E-4,18.662962,0.032962315,0.28805512,0.021813001,0.07317561,0.015346149,0.12874421,0.026931902,0.71264154,0.02895463,0.13857259,0.09370225,0.0663327,0.024404002,null,null,null,null,"TWOGAUSSIANS",8,1.6854727,0.28860512,0.020750485,0.4,0.051925804,0.12551494,0.017765056,0.71264154,0.02895463,0.4,0.0,0.062480975,0.014354778
375316653866487564,4064542197759035904,0.58759445,2257.7031215177567,0.11745701636082863,1.1787841E-5,18.386568,0.14651468,0.3211541,0.010205798,0.07182844,0.016155642,0.37799138,0.09039897,0.7976257,0.16537507,0.15345696,0.1690132,0.13677183,0.16593546,null,null,null,null,"TWOGAUSSIANS",8,2.5004485,0.32133406,0.0065999576,0.4,0.07439376,0.35727152,0.033400208,0.7976257,0.16537507,0.4,0.19493943,0.114541635,0.097743064
375316653866487564,4064542270519988480,0.49547082,2126.6457928383343,0.20647761305381918,6.0772323E-5,18.495602,0.24839985,0.18333632,0.0046920218,0.10469889,0.035870574,0.32835686,0.20682685,0.66578686,0.04633988,0.15449247,0.08807358,0.30778024,0.26331717,null,null,null,null,"TWOGAUSSIANS",8,3.249102,0.18414631,0.003394599,0.4,0.0,0.24802431,0.012682476,0.66578686,0.04633988,0.4,0.0,0.223975,0.1257004
375316653866487564,4064542304927163648,0.48109248,2216.3727168968494,0.31452772777244986,2.5283765E-5,18.60389,0.008365742,0.18522188,0.0017801061,0.03741737,0.0033319306,0.32872152,0.04684982,0.65477514,0.009596316,0.06568718,0.017056782,0.21865444,0.045476917,null,null,null,null,"TWOGAUSSIANS",8,6.6090713,0.18522188,0.0017801061,0.20953728,0.018658811,0.32872066,0.046850044,0.65477514,0.009596316,0.36784822,0.060119595,0.21865356,0.045485664
375316653866487564,4064542541092244608,0.57911295,2259.1070163351833,0.15972208292318554,4.065371E-5,17.1328,0.030310038,0.2236694,0.0069610495,0.083400376,0.009202135,0.2854455,0.026348766,0.7455084,0.006856568,0.13382892,0.032552797,0.16619042,0.016251842,null,null,null,null,"TWOGAUSSIANS",8,9.002214,0.2235494,0.0068001323,0.4,0.0,0.26411182,0.0077064834,0.7455084,0.006856568,0.4,0.0,0.14449255,0.01888419
375316653866487564,4064542609855370624,0.43982613,2271.721008215218,0.08808236149764913,7.822974E-6,18.613811,0.24728051,0.34874156,0.006003401,0.1936199,0.037096363,0.8443294,0.2453256,0.86387384,0.0033564516,0.105212815,0.00886975,0.92473274,0.16888489,null,null,null,null,"TWOGAUSSIANS",8,2.7907763,0.86572385,0.0027823972,0.4,0.0,0.6168427,0.043347605,0.34871155,0.0060007414,0.4,0.0,0.47511956,0.04263825
375316653866487564,4064542682885804544,0.43678558,2212.0643441640213,0.6236839044070362,9.4811316E-5,18.947891,0.016166361,0.2165093,0.028165,0.1510715,0.028047727,0.3720916,0.048276685,0.5457916,0.020079162,0.037978753,0.014532474,0.18457234,0.095878184,null,null,null,null,"TWOGAUSSIANS",8,2.087636,0.2165093,0.028165,0.4,0.0,0.3689722,0.049820032,0.5457916,0.020079162,0.21268103,0.08138186,0.21606758,0.10055916
375316653866487564,4064542747513680640,0.48565903,2189.0639256721015,0.27223777871961374,3.7190403E-5,18.987486,0.025524467,0.26256892,0.0034954692,0.03657672,0.0101372665,0.16697222,0.02730754,0.72469515,0.04276578,0.066855215,0.040083177,0.16687086,0.03608767,null,null,null,null,"TWOGAUSSIANS",8,3.6998835,0.26256892,0.0034954692,0.20482963,0.056768693,0.16697179,0.026735237,0.72469515,0.04276578,0.3743892,0.055062193,0.16687045,0.0354251
375316653866487564,4064542751605424128,0.45979697,2260.980734551901,0.07590721693346042,5.4256856E-5,18.960594,0.29573363,0.37056416,0.01929673,0.18932158,0.061897866,0.49104202,0.2719409,0.82739395,0.014628626,0.12017194,0.026400527,0.43199867,0.2099723,null,null,null,null,"TWOGAUSSIANS",8,3.4461286,0.37126416,0.017875452,0.4,0.0,0.29650652,0.059463855,0.82739395,0.014628626,0.4,0.0,0.27185673,0.019088926
375316653866487564,4064542785965024768,0.47885606,2263.6886043507175,0.12096506490821383,7.540256E-5,17.815687,0.0057020253,0.24895293,0.0061244746,0.051263485,0.0073222136,0.15856738,0.04844935,0.67631584,2.1079976E-4,0.014491979,0.0012634905,0.048098817,0.005757498,null,null,null,null,"TWOGAUSSIANS",8,3.152588,0.24895293,0.0061244746,0.28707552,0.041004397,0.15856738,0.04844935,0.67631584,2.1079976E-4,0.081155084,0.0070755472,0.048098817,0.005757498
375316653866487564,4064542850592902784,0.49204114,2269.1816536679726,0.22991453271118617,5.639946E-5,18.967905,0.066399276,0.29228655,0.014406969,0.10054525,0.035059713,0.3586181,0.09107398,0.8113389,0.012697962,0.1159994,0.026280718,0.2945387,0.065515704,null,null,null,null,"TWOGAUSSIANS",8,4.8008456,0.29224655,0.01442351,0.4,0.0,0.32239184,0.10792024,0.8113489,0.012662061,0.4,0.0,0.25824916,0.03203805
375316653866487564,4064542889044409088,0.62419844,2274.571865792762,1.1593808435442237,2.0712881E-5,17.14897,0.012710654,0.2493791,0.0032524988,0.083479,0.0039372854,0.4698017,0.022718221,0.75300455,0.0025465202,0.08937576,0.0062672202,0.2851228,0.016743775,null,null,null,null,"TWOGAUSSIANS",8,8.647103,0.2493791,0.0032524988,0.4,0.0,0.4594525,0.021799814,0.75300455,0.0025465202,0.4,0.0,0.27477357,0.016738344
375316653866487564,4064542919084286080,0.4778003,2258.3145620872515,4.186932225759869,4.8255017E-5,18.270027,0.01970966,0.2875902,0.02347905,0.16749245,0.049604066,0.09938974,0.016962048,0.5947973,0.0535808,0.0454856,0.015952732,0.09306838,0.19325271,null,null,null,null,"TWOGAUSSIANS",8,2.449467,0.5947973,0.0535808,0.25471938,0.0893353,0.10925394,0.19004971,0.2875902,0.023434304,0.4,0.0,0.09707065,0.01180179
375316653866487564,4064543129562779520,0.4726685,2309.8338872400636,0.11740200337526739,1.0008357E-5,17.41,0.050255712,0.23349503,0.028644742,0.050716933,0.02029015,0.13805628,0.03208168,0.69840264,0.028483722,0.18993056,0.10230544,0.08024437,0.040908616,null,null,null,null,"TWOGAUSSIANS",8,4.193309,0.23404503,0.029156635,0.28401482,0.11362484,0.13115327,0.0304017,0.69840264,0.028483722,0.4,0.0,0.06780491,0.013039777
375316653866487564,4064543228550914688,0.48239776,2267.360012692468,0.20697434342363447,3.6610934E-5,18.66485,0.02298305,0.27275854,0.007104494,0.06819607,0.013140817,0.25864655,0.03338229,0.770849,0.0046076826,0.07876071,0.022782689,0.15988351,0.01887183,null,null,null,null,"TWOGAUSSIANS",8,3.3041265,0.27275854,0.007104494,0.38189802,0.054239877,0.25748286,0.034076363,0.770849,0.0046076826,0.4,0.050681073,0.15871982,0.019429943
375316653866487564,4064543297270010496,0.51718277,2304.232118606886,0.3250681451465359,7.9605576E-5,19.067816,0.05069704,0.42151633,0.015267973,0.19860584,0.040721208,0.23479408,0.04672413,0.83036494,0.009046812,0.06593211,0.014706683,0.11000955,0.018578563,null,null,null,null,"TWOGAUSSIANS",8,1.174827,0.42151633,0.015267973,0.4,0.0,0.20290874,0.0130064115,0.83036494,0.009046812,0.3692198,0.08235743,0.10913442,0.016762171
375316653866487564,4064543365773787648,0.49855003,2246.6939339167347,1.7022816526330566,1.8005041E-5,18.13247,0.0032824692,null,null,null,null,null,null,null,null,null,null,null,null,0.10812871,0.0071700173,0.22408749,0.0027858738,"ELLIPSOIDAL",4,7.295059,null,null,null,null,null,null,null,null,null,null,null,null
375316653866487564,4064543370152347776,0.47091356,2266.0381332705297,0.6238451414646531,3.8002894E-5,18.95425,0.0709595,0.3069636,0.022740034,0.13604307,0.043662447,0.30959442,0.048070576,0.86285996,0.016441653,0.12261673,0.04204064,0.25905707,0.054523237,null,null,null,null,"TWOGAUSSIANS",8,3.0436296,0.3063236,0.022121625,0.4,0.0,0.25354317,0.03184227,0.86493,0.012533069,0.4,0.0,0.20423695,0.056522388
375316653866487564,4064543434712468096,0.46294513,2208.8381130676603,3.359888048047285,1.7261647E-5,18.75312,0.012803027,null,null,null,null,null,null,null,null,null,null,null,null,0.16454464,0.020565018,0.23614089,0.005726331,"ELLIPSOIDAL",4,15.631582,null,null,null,null,null,null,null,null,null,null,null,null
375316653866487564,4064543507519792128,0.5620964,2293.470046106691,2.29667658264669,2.6506967E-5,16.447968,0.013632078,0.36050048,0.017900392,0.090207174,0.00943092,0.48194134,0.11002699,0.85102284,0.008637329,0.05190343,0.006985587,0.2519498,0.023669876,null,null,null,null,"TWOGAUSSIANS",8,36.056126,0.36050048,0.017900392,0.4,0.0,0.48075506,0.11191242,0.85102284,0.008637329,0.29065922,0.03911929,0.25076374,0.022688938
375316653866487564,4064543572150993152,0.43550715,2320.0131160408164,0.2767717334361492,4.0588497E-5,18.320597,0.57902753,0.3295922,0.00925267,0.10411302,0.026911417,0.78754514,0.42223698,0.8162606,0.012328223,0.16252372,0.06580166,0.66723686,0.57649523,null,null,null,null,"TWOGAUSSIANS",8,25.534098,0.3303222,0.008747133,0.4,0.0,0.58514357,0.09609197,0.8162606,0.012328223,0.4,0.0,0.45274863,0.073025845
375316653866487564,4064543572151009792,0.54969525,2385.7447226686527,0.14371009820983446,9.1787835E-5,19.392817,0.08741515,0.11818379,0.0065246033,0.051513903,0.014464578,0.442013,0.064190164,0.5839863,0.057025023,0.091205716,0.040355664,0.40750703,0.13371807,null,null,null,null,"TWOGAUSSIANS",8,1.3565764,0.11818379,0.0065115346,0.28847787,0.08100164,0.44128427,0.058902193,0.5839863,0.057025023,0.4,0.06879009,0.4067774,0.12796578
375316653866487564,4064543572151103232,0.5351754,2296.94129585994,1.2384662177185648,2.577478E-5,18.33516,0.064005755,0.24360837,0.004227956,0.074596316,0.012665468,0.4527326,0.054882057,0.76606274,0.085451245,0.0921821,0.10221589,0.27365535,25.670794,null,null,null,null,"TWOGAUSSIANS",8,16.09364,0.24360837,0.004227956,0.4,0.03633656,0.44772583,0.046006527,0.76606274,0.085451245,0.4,0.37891787,0.26864818,25.67691
375316653866487564,4064543675230169216,0.53016907,2260.913126635424,1.9476913870649069,1.8153934E-5,18.15271,0.41823688,0.20307699,0.013463098,0.15341291,0.060647197,0.39018986,0.39398915,0.6879885,0.007355101,0.15475044,0.042272482,0.57007694,0.38476977,null,null,null,null,"TWOGAUSSIANS",8,3.627258,0.6879885,0.007355101,0.4,0.0,0.34280702,0.013471301,0.20570698,0.011516851,0.4,0.0,0.16538103,0.020955332
375316653866487564,4064543743945634048,0.5044704,2301.544542417967,2.0236935006626995,4.4755045E-5,18.719625,0.014443256,0.12787876,0.011140918,0.044345625,0.016114539,0.17939077,0.023491597,0.6578841,0.024208782,0.06955682,0.019032678,0.24567121,0.051563866,null,null,null,null,"TWOGAUSSIANS",8,7.0402203,0.6578841,0.024208782,0.38951817,0.099381566,0.24566278,0.051531233,0.12787876,0.011140918,0.24833551,0.09024141,0.17938234,0.023492118
375316653866487564,4064543778305704192,0.5612597,2307.0905251145778,2.2683957274630706,6.6766183E-6,16.264193,0.09717666,0.31441265,0.003697427,0.04746045,0.048224658,0.025455313,0.19362906,0.7793213,0.02433154,0.034933414,0.042643815,0.18968715,0.1519722,0.10096114,0.09523051,0.31441265,0.003697427,"TWOGAUSSIANS_WITH_ELLIPSOIDAL_ON_ECLIPSE1",9,15.375602,0.7825213,0.021283925,0.19562712,0.19659205,0.38281542,0.054766573,0.31441265,0.003697427,0.2657785,0.1580876,0.2273774,0.009308517
375316653866487564,4064543885477027072,0.49060258,2312.28837312838,2.2701080327121277,3.0869352E-5,16.384207,0.0031121275,null,null,null,null,null,null,null,null,null,null,null,null,0.05208798,0.0040151654,0.2256223,0.006979812,"ELLIPSOIDAL",4,14.920442,null,null,null,null,null,null,null,null,null,null,null,null
375316653866487564,4064543919788039808,0.49017164,2255.872500494624,2.1641967720786948,3.8609025E-5,18.479027,0.041819084,0.55008054,0.030154442,0.11925334,0.062093608,0.19267812,0.047530916,0.9030555,0.0103631755,0.07031835,0.017222127,0.22097072,0.029407308,null,null,null,null,"TWOGAUSSIANS",8,4.2506924,0.9030555,0.0103631755,0.39378276,0.07516301,0.22223,0.030409692,0.55008054,0.03019702,0.4,0.0,0.19152576,0.048838448
375316653866487564,4064543950107128576,0.48223025,2200.070590226605,0.6098566978946953,4.011043E-5,18.433529,0.06985381,0.44085205,0.023832964,0.15402631,0.044150017,0.2544335,0.06567911,0.7794861,0.01836335,0.03716439,0.012244617,0.1501858,0.061172806,null,null,null,null,"TWOGAUSSIANS",8,7.7305746,0.44085205,0.023832964,0.4,0.0,0.25180197,0.055070546,0.7794861,0.01836335,0.20812058,0.068569854,0.17027651,0.0682514
375316653866487564,4064543950107224448,0.44478968,2300.5296467357757,0.5340678633972271,7.469925E-5,18.615162,0.11600588,0.37890813,0.012108451,0.06537597,0.03406827,0.33738825,0.047415692,0.9077877,0.015978206,0.12995885,0.07600201,0.26774505,0.11123213,null,null,null,null,"TWOGAUSSIANS",8,6.259761,0.37879813,0.011160514,0.3661054,0.07062541,0.3240216,0.070325464,0.9077877,0.015977897,0.4,0.0,0.25393513,0.0640412
375316653866487564,4064543950107720960,0.5797745,2290.5035467764296,2.234548505686224,1.4913388E-5,17.260998,0.025706723,0.28362,0.004288311,0.043165926,0.012351369,0.31379434,0.04666071,0.78555095,0.008168872,0.05020565,0.008911198,0.35489836,0.07606154,0.06580365,0.03430162,0.28362,0.004288311,"TWOGAUSSIANS_WITH_ELLIPSOIDAL_ON_ECLIPSE1",9,24.185413,0.78555095,0.008098759,0.28115165,0.049902707,0.48648503,0.06109294,0.28362,0.004288311,0.24172917,0.069167666,0.4454004,0.05894222
375316653866487564,4064543984467333376,0.5292713,2322.649523590664,1.6327178430632727,9.775871E-5,18.218756,0.0034346676,0.35689658,1.7373056E-4,0.034979783,9.682043E-4,0.18319981,5.522898E-4,0.855918,0.0024112214,0.05113639,0.0024652567,0.14962673,0.011191157,null,null,null,null,"TWOGAUSSIANS",8,1.6569198,0.35689658,1.7373056E-4,0.19588679,0.005421944,0.1831998,5.5227865E-4,0.855918,0.0024112214,0.28636378,0.013805438,0.14962672,0.011191161
375316653866487564,4064544053186312960,0.42381448,2253.1582664229754,0.5382478414869252,3.686523E-5,17.786417,0.013348702,0.23719665,0.023829874,0.086958446,0.021686222,0.15912764,0.03484509,0.7806033,0.012234025,0.068658985,0.021705553,0.1425198,0.02874884,null,null,null,null,"TWOGAUSSIANS",8,5.8819146,0.23719665,0.023829874,0.4,0.0,0.15845037,0.034919903,0.7806033,0.012234025,0.3844903,0.056549996,0.14184268,0.030520612
