Gaia/vari_eclipsing_binary/VariEclipsingBinary_026649-027106.csv
# %ECSV 1.0
# ---
# delimiter: ','
# meta: !!omap
# - RELEASE: Gaia DR3
# - TABLE: vari_eclipsing_binary
# - DESCRIPTION: >
#     This table describes the properties of the eclipsing binaries resulting from the variability analysis. 
# - CITATION: >
#     How to cite and acknowledge Gaia: 
#     https://gea.esac.esa.int/archive/documentation/credits.html 
# - KNOWN_ISSUES: >
#     Known issues: 
#     https://www.cosmos.esa.int/web/gaia-users/known-issues 
# - DOCUMENTATION: >
#     Tutorials and documentation: 
#     https://www.cosmos.esa.int/web/gaia-users/archive 
# datatype:
# - 
#   name: solution_id
#   datatype: int64
#   description: Solution Identifier
#   meta:
#     ucd: meta.version
# - 
#   name: source_id
#   datatype: int64
#   description: Unique source identifier
#   meta:
#     ucd: meta.id;meta.main
# - 
#   name: global_ranking
#   datatype: float32
#   description: Number between 0 (worst) and 1 (best)
#   meta:
#     ucd: stat.param
# - 
#   name: reference_time
#   datatype: float64
#   unit: d
#   description: Reference time used for the geometric model fit
#   meta:
#     ucd: time.epoch
# - 
#   name: frequency
#   datatype: float64
#   unit: d**-1
#   description: Frequency of geometric model of the eclipsing binary light curve
#   meta:
#     ucd: src.orbital
# - 
#   name: frequency_error
#   datatype: float32
#   unit: d**-1
#   description: "Uncertainty of \\texttt{frequency}"
#   meta:
#     ucd: stat.error
# - 
#   name: geom_model_reference_level
#   datatype: float32
#   unit: mag
#   description: Magnitude reference level of geometric model
#   meta:
#     ucd: phot.mag;em.opt
# - 
#   name: geom_model_reference_level_error
#   datatype: float32
#   unit: mag
#   description: "Uncertainty of \\texttt{geomModelReferenceLevel}"
#   meta:
#     ucd: stat.error;phot.mag;em.opt
# - 
#   name: geom_model_gaussian1_phase
#   datatype: float32
#   description: Phase of the Gaussian 1 component
#   meta:
#     ucd: time.phase
# - 
#   name: geom_model_gaussian1_phase_error
#   datatype: float32
#   description: "Uncertainty of \\texttt{geomModelGaussian1Phase}"
#   meta:
#     ucd: stat.error;time.phase
# - 
#   name: geom_model_gaussian1_sigma
#   datatype: float32
#   description: "Standard deviation [phase] of Gaussian 1 component"
#   meta:
#     ucd: stat.stdev
# - 
#   name: geom_model_gaussian1_sigma_error
#   datatype: float32
#   description: "Uncertainty of \\texttt{geomModelGaussian1Sigma}"
#   meta:
#     ucd: stat.error
# - 
#   name: geom_model_gaussian1_depth
#   datatype: float32
#   unit: mag
#   description: Magnitude depth of Gaussian 1 component
#   meta:
#     ucd: src.var.amplitude
# - 
#   name: geom_model_gaussian1_depth_error
#   datatype: float32
#   unit: mag
#   description: "Uncertainty of \\texttt{geomModelGaussian1Depth}"
#   meta:
#     ucd: stat.error;src.var.amplitude
# - 
#   name: geom_model_gaussian2_phase
#   datatype: float32
#   description: Phase of Gaussian 2 component
#   meta:
#     ucd: time.phase
# - 
#   name: geom_model_gaussian2_phase_error
#   datatype: float32
#   description: "Uncertainty of \\texttt{geomModelGaussian2Phase}"
#   meta:
#     ucd: stat.error;time.phase
# - 
#   name: geom_model_gaussian2_sigma
#   datatype: float32
[...]
#   datatype: float32
#   description: "Secondary eclipse: uncertainty of \\texttt{derivedSecondaryEclDuration}"
#   meta:
#     ucd: stat.error;time.duration
# - 
#   name: derived_secondary_ecl_depth
#   datatype: float32
#   unit: mag
#   description: "Secondary eclipse: depth"
#   meta:
#     ucd: src.var.amplitude
# - 
#   name: derived_secondary_ecl_depth_error
#   datatype: float32
#   unit: mag
#   description: "Secondary eclipse: uncertainty of \\texttt{derivedSecondaryEclDepth}"
#   meta:
#     ucd: stat.error;src.var.amplitude
solution_id,source_id,global_ranking,reference_time,frequency,frequency_error,geom_model_reference_level,geom_model_reference_level_error,geom_model_gaussian1_phase,geom_model_gaussian1_phase_error,geom_model_gaussian1_sigma,geom_model_gaussian1_sigma_error,geom_model_gaussian1_depth,geom_model_gaussian1_depth_error,geom_model_gaussian2_phase,geom_model_gaussian2_phase_error,geom_model_gaussian2_sigma,geom_model_gaussian2_sigma_error,geom_model_gaussian2_depth,geom_model_gaussian2_depth_error,geom_model_cosine_half_period_amplitude,geom_model_cosine_half_period_amplitude_error,geom_model_cosine_half_period_phase,geom_model_cosine_half_period_phase_error,model_type,num_model_parameters,reduced_chi2,derived_primary_ecl_phase,derived_primary_ecl_phase_error,derived_primary_ecl_duration,derived_primary_ecl_duration_error,derived_primary_ecl_depth,derived_primary_ecl_depth_error,derived_secondary_ecl_phase,derived_secondary_ecl_phase_error,derived_secondary_ecl_duration,derived_secondary_ecl_duration_error,derived_secondary_ecl_depth,derived_secondary_ecl_depth_error
375316653866487564,234425607144828544,0.5822536,2214.857895235508,0.6004279438383847,2.486836E-4,18.627605,0.0044894945,0.11985251,0.02713381,0.02146757,0.028934754,0.09234789,0.03238602,0.6331894,9.6431276E-4,0.019522393,0.004825462,1.0586836,0.5226605,null,null,null,null,"TWOGAUSSIANS",8,1.7359601,0.6331894,9.6431276E-4,0.10932541,0.027022589,1.0586836,0.5226605,0.11985251,0.02713381,0.120218396,0.16203463,0.09234789,0.03238602
375316653866487564,234425637208870016,0.45356032,2183.117069261677,0.5071783919420048,3.8300994E-5,19.287237,0.11419431,0.23595078,0.021670118,0.09057198,0.035018347,0.34141335,0.10609817,0.7308971,0.027130865,0.1046124,0.058579564,0.45429456,0.14237338,null,null,null,null,"TWOGAUSSIANS",8,10.332097,0.7308971,0.027130865,0.4,0.0,0.42639622,0.1689871,0.23595078,0.021472393,0.4,0.0,0.313525,0.05310622
375316653866487564,234427840527790208,0.50392365,2162.4581511888036,4.588209452035343,2.3064104E-5,18.790041,0.16989385,0.18694825,0.00877489,0.11873452,0.036762025,0.22406878,0.16131926,0.67567796,0.0041566975,0.12957905,0.04663884,0.20610267,0.16674127,null,null,null,null,"TWOGAUSSIANS",8,0.9775186,0.18708825,0.00848994,0.4,0.0,0.17291775,0.0125421425,0.67567796,0.0041566975,0.4,0.0,0.1547658,0.012344451
375316653866487564,234438526406411904,0.5835507,2144.8078730131247,3.081441444346778,1.687713E-5,17.524942,0.014169198,0.16988686,0.002924497,0.08277996,0.005911668,0.33153665,0.014119517,0.66463095,0.012701605,0.08309546,0.011019441,0.41228485,0.021643862,null,null,null,null,"TWOGAUSSIANS",8,7.2447605,0.66463095,0.012701605,0.4,0.0,0.40514034,0.017185392,0.16988686,0.002924497,0.4,0.0,0.32439214,0.013492691
375316653866487564,234439488479282816,0.66519135,2173.3638609570644,2.163860846615408,7.4128543E-6,14.841138,0.00869128,0.22395565,0.0016620813,0.051915336,0.0038880857,0.2071644,0.020447917,0.7208177,0.0016316551,0.04493537,0.0068559633,0.18606605,0.054373585,0.1451219,0.0126828505,0.7208177,0.0016316551,"TWOGAUSSIANS_WITH_ELLIPSOIDAL_ON_ECLIPSE2",9,24.711224,0.22323564,0.001128703,0.2907259,0.02177328,0.49731955,0.01194059,0.7208177,0.0016316551,0.25163808,0.038393393,0.47630808,0.05599333
375316653866487564,234441580127572608,0.5162782,2166.747339170122,2.7840375466977623,3.1858966E-5,18.284727,0.6853331,0.25672984,0.009592051,0.12579174,0.061002407,0.37720016,0.6029993,0.74806154,0.009735447,0.12585907,0.09837795,0.3634546,0.6867311,null,null,null,null,"TWOGAUSSIANS",8,7.2295046,0.25681984,0.009338948,0.4,0.0,0.2814747,0.017568836,0.74806154,0.009735447,0.4,0.0,0.26773724,0.33714125
375316653866487564,234449315364387328,0.5623929,2115.9663721005254,1.0727586637710071,1.2674078E-5,13.441717,0.0068575046,0.19225359,0.0026161915,0.10505909,0.0117792925,0.059625667,0.005837132,0.69127345,0.0031387408,0.10955552,0.015434699,0.059011478,0.0046967785,null,null,null,null,"TWOGAUSSIANS",8,11.669238,0.19225359,0.0026161915,0.4,0.0,0.051852386,0.002674208,0.69127345,0.0031387408,0.4,0.0,0.051236093,0.0034654469
375316653866487564,234468419378716160,0.49578932,2110.152804924863,3.5573373673940947,3.999383E-5,18.114141,0.006357282,0.3111509,0.005553453,0.03438389,0.013607678,0.04493936,0.027296765,null,null,null,null,null,null,0.098612696,0.009882912,0.3111509,0.005553453,"ONEGAUSSIAN_WITH_ELLIPSOIDAL",6,12.302458,0.3111509,0.005553453,0.19254978,0.076202996,0.24216469,0.024829622,null,null,null,null,null,null
375316653866487564,234475321389246080,0.6760906,2157.750737462323,0.8449749577169401,3.399739E-5,14.447392,0.0035060109,0.23055841,0.0027863563,0.0280682,0.0021085306,0.5363495,0.018544577,0.7187583,0.009850329,0.020729141,0.0050278474,0.40411097,0.20529018,0.011089979,0.0061161257,0.23055841,0.0027863563,"TWOGAUSSIANS_WITH_ELLIPSOIDAL_ON_ECLIPSE1",9,39.733273,0.23055841,0.0027863563,0.15718192,0.011807771,0.55852944,0.016486837,0.71877825,0.00984609,0.11608319,0.028155945,0.42616943,0.20015138
375316653866487564,234502779117081344,0.47031644,2115.737351351967,0.1506858618032183,3.2385276E-5,16.779095,0.012282361,0.2341056,0.009590251,0.05859946,0.011595279,0.4990415,0.18524238,0.6624231,0.0051848735,0.0846998,0.010488729,0.54634607,0.23400138,null,null,null,null,"TWOGAUSSIANS",8,17.469517,0.6624231,0.0051848735,0.4,0.0,0.5459839,0.23426427,0.2341056,0.009590251,0.32815698,0.06493356,0.49868086,0.18557571
375316653866487564,234515247406007680,0.52267873,2120.6897770959167,0.4992599576281724,1.8708426E-5,18.954573,0.0066625755,0.15097095,4.7496535E-4,0.01662136,8.688512E-4,0.21867654,0.010124103,0.64296114,0.021088915,0.098773055,0.018596675,0.16140357,0.008592134,null,null,null,null,"TWOGAUSSIANS",8,1.0021249,0.15097095,4.7496535E-4,0.09307962,0.0048655667,0.21866195,0.010109515,0.64296114,0.021088915,0.4,0.0,0.16138801,0.008563269
375316653866487564,234520783619909376,0.5781577,2169.2593856702742,2.901152521953555,2.1138158E-5,16.725014,0.011270986,0.24541537,0.0070603294,0.09018219,0.008284633,0.21184865,0.010752092,0.7303182,0.0037231403,0.106405154,0.008950639,0.20756209,0.013512333,null,null,null,null,"TWOGAUSSIANS",8,8.32919,0.24542537,0.007060692,0.4,0.0,0.1983781,0.0049771,0.7303182,0.0037231403,0.4,0.0,0.19408356,0.012035422
375316653866487564,234536932696924544,0.5591499,2136.5890114624935,1.9156344390833162,9.765767E-5,15.319574,0.0033544647,0.5148639,0.021357758,0.064008564,0.0800171,0.021605711,0.011825328,0.74595404,0.025064893,0.025713766,0.023237992,0.20479017,3.4675806,0.0026593565,0.00559938,0.74595404,0.025064893,"TWOGAUSSIANS_WITH_ELLIPSOIDAL_ON_ECLIPSE2",9,12.192479,0.74595404,0.025064893,0.14399709,0.13013276,0.21014082,3.4775257,0.51648396,0.029352413,0.35844797,0.16544028,0.021686802,0.012073037
375316653866487564,234537413733251584,0.55280393,2125.368270867039,3.687052190016364,1.4469927E-5,18.301182,0.012064832,0.2767759,0.0055501186,0.08380554,0.008417202,0.3691792,0.013800276,0.7708796,0.0068416167,0.095941804,0.009768036,0.2646151,0.020318355,null,null,null,null,"TWOGAUSSIANS",8,5.289625,0.2767759,0.0055501186,0.4,0.0,0.35747647,0.012528674,0.7708796,0.0068416167,0.4,0.0,0.25291172,0.02124717
375316653866487564,234541949219163008,0.43100673,2199.4044327770816,0.5020901097430955,5.6263954E-5,13.75636,0.0047842036,0.26278615,0.022513332,0.059614602,0.031279743,0.028223218,0.036445946,0.79045177,0.026814919,0.10587518,0.031141346,0.02118181,0.0034684115,null,null,null,null,"TWOGAUSSIANS",8,4.5821238,0.26278615,0.022515189,0.33384177,0.16636923,0.027946888,0.03686687,0.79045177,0.026814919,0.4,0.0,0.020904383,0.0028823982
375316653866487564,234545140377866624,0.6436294,2156.5833775406268,3.9185247763579456,8.028049E-6,16.522888,0.01474233,0.28927314,0.0025281494,0.043342028,0.004509935,0.44354415,0.032077886,0.78614587,0.01749679,0.0529609,0.01622688,0.47498974,0.10386307,0.10251792,0.01952116,0.28927314,0.0025281494,"TWOGAUSSIANS_WITH_ELLIPSOIDAL_ON_ECLIPSE1",9,24.115097,0.7864159,0.01719204,0.29658103,0.09087053,0.67994756,0.09885684,0.28927314,0.0025281494,0.24271536,0.025255635,0.64857423,0.014966889
375316653866487564,234564283048573056,0.6017884,2123.4427841553074,2.799355832885564,9.836382E-6,15.992313,0.025038378,0.18056,0.0044347243,0.052625883,0.007511689,0.41672826,0.10324286,0.6957772,0.008517344,0.04649456,0.0131816175,0.32851344,0.044337206,0.09653889,0.030171582,0.18056,0.0044347243,"TWOGAUSSIANS_WITH_ELLIPSOIDAL_ON_ECLIPSE1",9,59.55167,0.18056,0.0044347243,0.29470494,0.042065457,0.6098006,0.09496436,0.6957772,0.008517344,0.2603695,0.07381706,0.51982605,0.027045919
375316653866487564,234585586086439040,0.6806903,2107.181216611494,3.9117153068223303,2.8588272E-6,15.27277,0.009210248,0.25656435,5.851961E-4,0.05152639,0.0017384009,0.41541353,0.020332789,0.75994843,0.0032829954,0.049325265,0.0054111695,0.22506833,0.038555674,0.10932105,0.011413718,0.25656435,5.851961E-4,"TWOGAUSSIANS_WITH_ELLIPSOIDAL_ON_ECLIPSE1",9,24.879705,0.25656435,5.851961E-4,0.28854778,0.009735045,0.634052,0.0070376657,0.75994843,0.0032829954,0.27622148,0.030302549,0.44360793,0.03803508
375316653866487564,234591324162570752,0.53342354,2137.4785227327516,3.204043875786802,1.2935833E-5,15.297379,0.01516313,0.306279,0.013446858,0.06413792,0.009708056,0.10197663,0.033035323,0.7672733,0.003219661,0.067211665,0.0117384745,0.093943395,0.03165334,0.077614896,0.017184217,0.7672733,0.003219661,"TWOGAUSSIANS_WITH_ELLIPSOIDAL_ON_ECLIPSE2",9,104.18769,0.29335898,0.008487601,0.35917234,0.054365113,0.25092858,0.012136348,0.7672733,0.003219661,0.37638533,0.055830363,0.24907634,0.008285632
375316653866487564,234593557545611520,0.49646723,2151.207396189128,0.10394232780650285,2.7248783E-5,18.170143,0.0039928635,0.2716613,0.013585523,0.091274254,0.010011018,0.10193376,0.012588522,0.83380383,0.002452477,0.038793262,0.003925813,0.38694566,0.07274811,null,null,null,null,"TWOGAUSSIANS",8,3.198262,0.83380383,0.002452477,0.21724227,0.021984551,0.3869228,0.07276442,0.2716613,0.013585523,0.4,0.0,0.10190988,0.012589953
375316653866487564,234612695920640768,0.6629927,2146.2965837714837,1.1010143671053054,1.2453812E-5,15.738021,0.0012839944,0.4743384,0.0016351001,0.031232346,0.0011486382,0.5736513,0.010345283,null,null,null,null,null,null,null,null,null,null,"ONEGAUSSIAN",5,8.028527,0.4743384,0.0016351001,0.17490113,0.006432374,0.5736513,0.0,null,null,null,null,null,null
375316653866487564,234612695920641536,0.62689495,2144.1816380871533,0.7347254943943666,3.1861307E-6,17.324589,0.004294566,0.32176077,3.2159002E-4,0.031179946,6.120907E-4,0.43132377,0.005019535,0.8229949,0.0073571075,0.053462252,0.019790066,0.051624622,0.01449136,null,null,null,null,"TWOGAUSSIANS",8,3.0829182,0.32176077,3.2159002E-4,0.1746077,0.003427708,0.43132377,0.0050195013,0.8229949,0.0073571075,0.29938862,0.11082438,0.05162462,0.014491476
375316653866487564,234632968166372736,0.56779546,2176.305907568047,3.686337356452183,6.84968E-6,14.056194,0.015607727,0.2904049,0.002307816,0.063961074,0.003609066,0.5436199,0.0265449,0.80233824,0.009741278,0.0686318,0.0076024197,0.3812866,0.024218554,null,null,null,null,"TWOGAUSSIANS",8,910.9992,0.2904049,0.002307816,0.358182,0.020210769,0.54309666,0.02648006,0.80233824,0.009741278,0.38433808,0.039838303,0.38076335,0.023978038
375316653866487564,234651380689365632,0.5903407,2148.5709410427226,1.6582798928212457,1.8761497E-5,15.911195,0.004089775,0.33490172,0.0022214628,0.053495586,0.006243289,0.13521907,0.0130448155,0.82294726,0.009820599,0.03064816,0.02281553,0.05073562,0.28689268,0.04171973,0.0075472794,0.33490172,0.0022214628,"TWOGAUSSIANS_WITH_ELLIPSOIDAL_ON_ECLIPSE1",9,10.889163,0.33490172,0.0022214628,0.2995753,0.03496242,0.21865593,0.011006021,0.8242473,0.009731725,0.1716297,0.12776695,0.1337535,0.29182878
375316653866487564,234656740808731392,0.53956074,2075.30584515323,3.2305102756722035,3.2058004E-5,16.47513,0.12185895,0.22036642,0.013288722,0.10346404,0.046261765,0.32019612,0.096259356,0.70531446,0.008968959,0.093842655,0.04226681,0.30775926,0.091236085,null,null,null,null,"TWOGAUSSIANS",8,48.129364,0.22036642,0.013304743,0.4,0.0,0.29939792,0.021634467,0.70531446,0.008968959,0.4,0.0,0.28696722,0.022391483
375316653866487564,234663028640729344,0.51555395,2094.177950978309,3.4458985341239816,3.0429039E-5,18.472681,0.07025626,0.2903882,0.0063627567,0.11981426,0.030746235,0.28559107,0.06010404,0.8088261,0.0079027405,0.10842143,0.023194628,0.2784316,0.06706052,null,null,null,null,"TWOGAUSSIANS",8,4.6627946,0.2903682,0.006352664,0.4,0.0,0.24290037,0.013847438,0.8089161,0.007949157,0.4,0.0,0.23583673,0.017589752
375316653866487564,234676188421001728,0.5453904,2106.363217358414,2.6189940392090403,1.3369859E-5,18.454752,0.0088724345,0.26083013,0.0039918325,0.08983939,0.009074601,0.17626905,0.01196856,0.75069964,0.0031610848,0.093107216,0.005277821,0.276159,0.008885667,null,null,null,null,"TWOGAUSSIANS",8,1.8317089,0.75069964,0.0031610848,0.4,0.0,0.26710945,0.007436417,0.26083013,0.0039918325,0.4,0.0,0.1672198,0.012678664
375316653866487564,234677494091193472,0.5460082,2136.010874563109,3.6138852839591524,1.2753322E-5,17.923193,0.016383281,0.16669023,0.0042673745,0.036623087,0.006666589,0.337731,0.033270802,0.6763787,0.003610586,0.06711028,0.007744619,0.29303566,0.040358547,0.13446277,0.024950204,0.6763787,0.003610586,"TWOGAUSSIANS_WITH_ELLIPSOIDAL_ON_ECLIPSE2",9,19.405895,0.16744024,0.0037795273,0.20508929,0.037332896,0.6054596,0.027821373,0.6763787,0.003610586,0.37581754,0.043369867,0.5616824,0.019046035
375316653866487564,234685057529582080,0.48582232,2154.693232451258,4.019196516860756,2.8811251E-5,18.915115,0.034542963,0.21550025,0.0074752043,0.106510065,0.017755177,0.21543017,0.03269233,0.7330726,0.03604897,0.10191853,0.025841592,0.24878892,0.05574697,null,null,null,null,"TWOGAUSSIANS",8,3.7375958,0.7330826,0.036056772,0.4,0.0,0.22764207,0.04734669,0.21549025,0.0074764085,0.4,0.0,0.19427818,0.019091232
375316653866487564,234708349136009728,0.5015352,2134.20038709341,1.4060352098532802,9.598578E-5,18.78139,0.0052240407,0.80007666,0.08477322,0.06209482,0.06770098,0.030555462,0.021585774,0.52101785,0.009669049,0.050535053,0.008516064,0.36768416,0.065064676,null,null,null,null,"TWOGAUSSIANS",8,4.326418,0.52101785,0.009667456,0.2829963,0.04768996,0.3676854,0.06505957,0.80007666,0.08478349,0.347731,0.37904593,0.03055555,0.02158497
375316653866487564,234720035743089664,0.5456716,2119.839021264144,2.334316254451558,1.1064149E-5,14.551581,0.05137933,0.22751845,0.0060143834,0.10169509,0.024599575,0.25123018,0.034949243,0.72769666,0.004623532,0.10995535,0.019889718,0.23469666,0.047973912,null,null,null,null,"TWOGAUSSIANS",8,67.39361,0.22751845,0.006022331,0.4,0.0,0.22156723,0.029949859,0.72769666,0.004623532,0.4,0.0,0.20502137,0.010819714
375316653866487564,234733328666093056,0.54127115,2145.3937422345093,3.2476789383617444,7.276106E-6,17.324253,0.004897739,null,null,null,null,null,null,null,null,null,null,null,null,0.14366114,0.007276832,0.23129135,0.0032173689,"ELLIPSOIDAL",4,13.679873,null,null,null,null,null,null,null,null,null,null,null,null
375316653866487564,234736764638467456,0.4757064,2191.9034614494626,2.279012512123448,2.9162822E-5,16.359735,0.06639052,0.35252118,0.012693395,0.14492744,0.07181735,0.12836348,0.061568633,0.81959754,0.009582324,0.07984238,0.014270146,0.2829218,0.07162416,null,null,null,null,"TWOGAUSSIANS",8,6.059546,0.81959754,0.009582324,0.4,0.0,0.26501608,0.054793973,0.35252118,0.012693395,0.4,0.0,0.109596215,0.034103774
375316653866487564,234746836338837120,0.5516603,2134.8223380299332,1.0403301749822356,1.4107033E-4,18.147158,0.003568505,0.46963805,0.00470963,0.0246116,0.005788311,0.7929533,0.13128251,0.8949173,0.005269582,0.01953009,0.007183841,0.1563009,0.5908253,null,null,null,null,"TWOGAUSSIANS",8,6.998952,0.46963805,0.00470963,0.13782497,0.03241454,0.7929533,0.13128251,0.8949173,0.005269582,0.109368496,0.04022951,0.1563009,0.5908253
375316653866487564,234748794843991040,0.5030909,2124.8106071265706,0.09716402002881479,9.966375E-5,18.194675,0.0074059106,0.32973376,7.333023E-4,0.004238374,5.77541E-4,0.60981447,0.52552027,0.59217995,0.027415175,0.11815263,0.044490457,0.028769085,0.008011084,null,null,null,null,"TWOGAUSSIANS",8,6.5198383,0.32973376,7.333023E-4,0.023734896,0.0032342295,0.6122479,0.52529913,0.59217995,0.027415175,0.4,0.0,0.028761651,0.0079985615
375316653866487564,234752432680068736,0.46417323,2123.833574430643,4.0475261603461625,6.54462E-5,19.478947,0.046427853,0.26924592,0.037400723,0.05827598,0.068644606,0.09732223,0.049698975,0.7895603,0.016765391,0.09988606,0.023576686,0.23999137,0.046311516,null,null,null,null,"TWOGAUSSIANS",8,2.1823592,0.7895603,0.016765391,0.4,0.0,0.23850943,0.02904113,0.26924592,0.037496936,0.32634547,0.15708645,0.095842965,0.02793168
