Gaia/vari_eclipsing_binary/VariEclipsingBinary_669487-669508.csv
# %ECSV 1.0
# ---
# delimiter: ','
# meta: !!omap
# - RELEASE: Gaia DR3
# - TABLE: vari_eclipsing_binary
# - DESCRIPTION: >
#     This table describes the properties of the eclipsing binaries resulting from the variability analysis. 
# - CITATION: >
#     How to cite and acknowledge Gaia: 
#     https://gea.esac.esa.int/archive/documentation/credits.html 
# - KNOWN_ISSUES: >
#     Known issues: 
#     https://www.cosmos.esa.int/web/gaia-users/known-issues 
# - DOCUMENTATION: >
#     Tutorials and documentation: 
#     https://www.cosmos.esa.int/web/gaia-users/archive 
# datatype:
# - 
#   name: solution_id
#   datatype: int64
#   description: Solution Identifier
#   meta:
#     ucd: meta.version
# - 
#   name: source_id
#   datatype: int64
#   description: Unique source identifier
#   meta:
#     ucd: meta.id;meta.main
# - 
#   name: global_ranking
#   datatype: float32
#   description: Number between 0 (worst) and 1 (best)
#   meta:
#     ucd: stat.param
# - 
#   name: reference_time
#   datatype: float64
#   unit: d
#   description: Reference time used for the geometric model fit
#   meta:
#     ucd: time.epoch
# - 
#   name: frequency
#   datatype: float64
#   unit: d**-1
#   description: Frequency of geometric model of the eclipsing binary light curve
#   meta:
#     ucd: src.orbital
# - 
#   name: frequency_error
#   datatype: float32
#   unit: d**-1
#   description: "Uncertainty of \\texttt{frequency}"
#   meta:
#     ucd: stat.error
# - 
#   name: geom_model_reference_level
#   datatype: float32
#   unit: mag
#   description: Magnitude reference level of geometric model
#   meta:
#     ucd: phot.mag;em.opt
# - 
#   name: geom_model_reference_level_error
#   datatype: float32
#   unit: mag
#   description: "Uncertainty of \\texttt{geomModelReferenceLevel}"
#   meta:
#     ucd: stat.error;phot.mag;em.opt
# - 
#   name: geom_model_gaussian1_phase
#   datatype: float32
#   description: Phase of the Gaussian 1 component
#   meta:
#     ucd: time.phase
# - 
#   name: geom_model_gaussian1_phase_error
#   datatype: float32
#   description: "Uncertainty of \\texttt{geomModelGaussian1Phase}"
#   meta:
#     ucd: stat.error;time.phase
# - 
#   name: geom_model_gaussian1_sigma
#   datatype: float32
#   description: "Standard deviation [phase] of Gaussian 1 component"
#   meta:
#     ucd: stat.stdev
# - 
#   name: geom_model_gaussian1_sigma_error
#   datatype: float32
#   description: "Uncertainty of \\texttt{geomModelGaussian1Sigma}"
#   meta:
#     ucd: stat.error
# - 
#   name: geom_model_gaussian1_depth
#   datatype: float32
#   unit: mag
#   description: Magnitude depth of Gaussian 1 component
#   meta:
#     ucd: src.var.amplitude
# - 
#   name: geom_model_gaussian1_depth_error
#   datatype: float32
#   unit: mag
#   description: "Uncertainty of \\texttt{geomModelGaussian1Depth}"
#   meta:
#     ucd: stat.error;src.var.amplitude
# - 
#   name: geom_model_gaussian2_phase
#   datatype: float32
#   description: Phase of Gaussian 2 component
#   meta:
#     ucd: time.phase
# - 
#   name: geom_model_gaussian2_phase_error
#   datatype: float32
#   description: "Uncertainty of \\texttt{geomModelGaussian2Phase}"
#   meta:
#     ucd: stat.error;time.phase
# - 
#   name: geom_model_gaussian2_sigma
#   datatype: float32
[...]
#   datatype: float32
#   description: "Secondary eclipse: uncertainty of \\texttt{derivedSecondaryEclDuration}"
#   meta:
#     ucd: stat.error;time.duration
# - 
#   name: derived_secondary_ecl_depth
#   datatype: float32
#   unit: mag
#   description: "Secondary eclipse: depth"
#   meta:
#     ucd: src.var.amplitude
# - 
#   name: derived_secondary_ecl_depth_error
#   datatype: float32
#   unit: mag
#   description: "Secondary eclipse: uncertainty of \\texttt{derivedSecondaryEclDepth}"
#   meta:
#     ucd: stat.error;src.var.amplitude
solution_id,source_id,global_ranking,reference_time,frequency,frequency_error,geom_model_reference_level,geom_model_reference_level_error,geom_model_gaussian1_phase,geom_model_gaussian1_phase_error,geom_model_gaussian1_sigma,geom_model_gaussian1_sigma_error,geom_model_gaussian1_depth,geom_model_gaussian1_depth_error,geom_model_gaussian2_phase,geom_model_gaussian2_phase_error,geom_model_gaussian2_sigma,geom_model_gaussian2_sigma_error,geom_model_gaussian2_depth,geom_model_gaussian2_depth_error,geom_model_cosine_half_period_amplitude,geom_model_cosine_half_period_amplitude_error,geom_model_cosine_half_period_phase,geom_model_cosine_half_period_phase_error,model_type,num_model_parameters,reduced_chi2,derived_primary_ecl_phase,derived_primary_ecl_phase_error,derived_primary_ecl_duration,derived_primary_ecl_duration_error,derived_primary_ecl_depth,derived_primary_ecl_depth_error,derived_secondary_ecl_phase,derived_secondary_ecl_phase_error,derived_secondary_ecl_duration,derived_secondary_ecl_duration_error,derived_secondary_ecl_depth,derived_secondary_ecl_depth_error
[from data line 629]
375316653866487564,5889056094533580288,0.52862364,2129.437725683063,1.8766830052990722,1.319422E-5,19.720076,0.013540532,0.30189762,0.0030407943,0.07142125,0.0034369628,0.49237353,0.018315762,0.81370986,0.0074971686,0.06158981,0.009893158,0.29637173,0.030882647,null,null,null,null,"TWOGAUSSIANS",8,1.6857842,0.30189762,0.0030407943,0.399959,0.011306135,0.49190086,0.017901411,0.81370986,0.0074971686,0.34490293,0.055401687,0.29589906,0.03133713
375316653866487564,5889056128893359104,0.47770682,2125.435676599028,3.99323121561411,3.8762664E-5,19.607872,0.029176187,0.27841023,0.0070077577,0.087479755,0.014569263,0.23815733,0.026334243,0.7503464,0.012919014,0.09328765,0.024877913,0.27856937,0.035738308,null,null,null,null,"TWOGAUSSIANS",8,3.0361369,0.7503464,0.012919014,0.4,0.0,0.27132964,0.03905102,0.27841023,0.0070070555,0.4,0.0,0.23091829,0.01567655
375316653866487564,5889056708707456512,0.49075153,2138.2565559998375,0.41002297124929254,2.9546058E-5,18.405443,0.002700653,0.41272843,0.20574652,0.06696471,0.13986433,0.008375203,0.012875472,0.6920393,0.034528423,0.07684894,0.026187195,0.19494511,0.06250034,null,null,null,null,"TWOGAUSSIANS",8,1.6898018,0.6920393,0.034528423,0.4,0.095978186,0.1949462,0.06442416,0.42341843,0.6659542,0.37500238,0.39295465,0.008702159,0.4637896
375316653866487564,5889057091031109120,0.56693786,2156.5789135032887,2.839796098657217,9.45686E-6,15.322601,0.007900955,0.203666,0.0023245204,0.067310385,0.0028888304,0.3347366,0.011915398,0.71078026,0.00539355,0.075055405,0.0050247437,0.44832078,0.037441,null,null,null,null,"TWOGAUSSIANS",8,88.60225,0.71078026,0.00539355,0.4,0.0,0.44695112,0.037681047,0.203666,0.0023245204,0.37693816,0.01617745,0.3333669,0.011715058
375316653866487564,5889057262764701056,0.57552415,2159.709981478269,3.0165792229255683,5.8951264E-6,19.09604,0.006672656,0.27404517,0.0016824084,0.061136153,0.0032983033,0.472181,0.02275599,0.77367187,0.0023819662,0.06467641,0.0032134731,0.5647053,0.016164383,null,null,null,null,"TWOGAUSSIANS",8,2.0632954,0.77367187,0.0023819662,0.3621879,0.01799545,0.56432503,0.016211163,0.27404517,0.0016824084,0.34236243,0.018470498,0.4718007,0.022915225
375316653866487564,5889057400268153344,0.5330336,2167.7825641168274,2.3792500641506544,1.3523443E-5,18.292973,0.014262109,0.23878676,0.0046232236,0.085359156,0.008759373,0.31152257,0.017162137,0.7338182,0.0033599136,0.08692027,0.0059836493,0.29817283,0.015343059,null,null,null,null,"TWOGAUSSIANS",8,6.8064513,0.23878676,0.0046232236,0.4,0.0,0.30321783,0.01726888,0.7338182,0.0033599136,0.4,0.0,0.2898681,0.013019151
375316653866487564,5889057400268750080,0.4402785,2121.731847390182,2.272958950798221,2.771085E-5,19.574532,0.016004084,0.2296911,0.007631314,0.100094974,0.012708165,0.16648532,0.01650407,0.7240548,0.009959254,0.07514643,0.0120072905,0.15587084,0.019109918,null,null,null,null,"TWOGAUSSIANS",8,1.6707933,0.2296911,0.007631314,0.4,0.0,0.16150148,0.013078438,0.7240548,0.009959254,0.4,0.0,0.15088832,0.015996592
375316653866487564,5889057537644460672,0.4569044,2114.7582183732184,3.4697038442749633,3.0966177E-5,19.59799,0.03033465,0.2420227,0.0085760765,0.07477899,0.014815798,0.19438401,0.032084096,0.71609193,0.011240214,0.066310376,0.020706974,0.17005725,0.026440587,null,null,null,null,"TWOGAUSSIANS",8,2.396996,0.2420227,0.0085760765,0.4,0.0,0.19403382,0.030086283,0.71609193,0.011240214,0.37133813,0.057620652,0.16970706,0.024511894
375316653866487564,5889057743801254144,0.49648562,2150.9271951783485,2.003979537574115,1.59319E-5,18.874323,0.009892418,0.20635433,0.004358814,0.067439675,0.004996375,0.2863184,0.017346721,0.69988054,0.005771359,0.08419619,0.0051510325,0.36166212,0.021591853,null,null,null,null,"TWOGAUSSIANS",8,5.6116195,0.69988054,0.005771359,0.4,0.0,0.35921264,0.021297678,0.20635433,0.004358814,0.37766215,0.027979702,0.2838689,0.017136617
375316653866487564,5889058087452799616,0.44472963,2116.1970371333896,1.4093488742908988,2.5091691E-5,19.497171,0.02685144,0.24098918,0.016859893,0.068360984,0.014744944,0.16427514,0.030223679,0.74889326,0.016436204,0.08568048,0.028341852,0.20679078,0.026872749,null,null,null,null,"TWOGAUSSIANS",8,3.507777,0.74889326,0.016436204,0.4,0.0,0.20517363,0.023983574,0.24098918,0.016860759,0.38282153,0.06851276,0.16265802,0.024331763
375316653866487564,5889058327917260032,0.5862526,2139.124299013707,3.2797196000062248,9.38947E-6,19.30512,0.0090385955,0.16556369,0.0032491426,0.06484525,0.0028332013,0.71796966,0.028972384,0.6803941,0.002931997,0.06340451,0.0024292818,0.5686599,0.013161064,null,null,null,null,"TWOGAUSSIANS",8,2.8877847,0.16556369,0.0032491426,0.3631334,0.015865928,0.7175644,0.028994147,0.6803941,0.002931997,0.35506523,0.013603979,0.56825465,0.01313821
375316653866487564,5889058362341490560,0.47703212,2139.1691572280483,0.09233829852062156,1.1472859E-4,19.543417,0.106668115,0.27624443,0.044107683,0.1202755,0.104258545,0.2511529,0.089132674,0.82168853,0.013473637,0.07885854,0.018767793,0.2625197,0.09274096,null,null,null,null,"TWOGAUSSIANS",8,3.3661976,0.82182854,0.012761162,0.4,0.0066150706,0.25102565,0.06184036,0.27624443,0.044107683,0.4,0.0,0.23945107,0.10730318
375316653866487564,5889058499780443008,0.4731188,2150.904789641296,0.13501883668913978,6.500682E-5,14.1581955,0.007852587,0.33636588,0.020672152,0.15374161,0.033493377,0.05988988,0.009194363,0.87511873,0.0043990263,0.01107531,0.0054829638,0.21815589,0.106499426,null,null,null,null,"TWOGAUSSIANS",8,238.97346,0.87512875,0.0044032135,0.06202174,0.030704595,0.21832153,0.106566645,0.33636588,0.020672152,0.4,0.0,0.05926141,0.009098901
375316653866487564,5889058809007444736,0.46914634,2144.014995847149,1.1307666471949607,6.8642E-5,17.142658,0.0041720658,0.31357378,0.023538677,0.039709598,0.035716414,0.14352715,0.08026187,0.773206,0.018733509,0.051032145,0.011152206,0.023510646,0.0076989653,null,null,null,null,"TWOGAUSSIANS",8,6.6726465,0.31357378,0.023538677,0.22237374,0.19833244,0.14352715,0.08028216,0.773206,0.018733509,0.28578,0.062452357,0.023510644,0.007690655
375316653866487564,5889058843313563392,0.4836152,2110.944721281362,1.8526038427331568,4.986406E-5,19.203758,0.01061673,0.30401802,0.013967601,0.06283333,0.01007684,0.25967467,0.03363003,0.79474616,0.011957795,0.056958493,0.014004565,0.1353135,0.012428616,null,null,null,null,"TWOGAUSSIANS",8,2.6436877,0.30401802,0.013967601,0.35186663,0.056430306,0.2596295,0.033648066,0.79474616,0.011957795,0.31896755,0.078425564,0.13526833,0.012352109
375316653866487564,5889060316475394176,0.4673163,2151.001156936668,0.5150671845905749,6.309418E-5,18.521713,0.004007369,0.3641827,0.0058114678,0.025595328,0.0127929365,0.070703596,0.024361458,0.87932706,0.008761439,0.011583548,0.0046795136,0.15861297,0.024854947,null,null,null,null,"TWOGAUSSIANS",8,2.6317163,0.87932706,0.008761439,0.06486787,0.026205277,0.15861297,0.024854947,0.3641827,0.0058114678,0.14333384,0.07164044,0.070703596,0.024361458
375316653866487564,5889060458275256320,0.546018,2149.8431537815277,2.022429032152677,2.8595536E-5,17.758165,0.008945986,0.24575086,0.0074925856,0.07403774,0.0063027455,0.26783213,0.018115187,0.7501152,0.004263352,0.08412364,0.007289743,0.3458384,0.023342967,null,null,null,null,"TWOGAUSSIANS",8,12.488153,0.7501152,0.004263352,0.4,0.0,0.34204715,0.024287255,0.24575086,0.0074925856,0.4,0.010975844,0.2640409,0.017751213
375316653866487564,5889060492582150528,0.5516418,2171.2442327664944,1.3018540643242098,1.4677882E-5,17.648788,0.022639006,0.2491424,0.0056907563,0.10430952,0.016258338,0.14781977,0.020737259,0.7470653,0.0035932565,0.10398757,0.013255105,0.16220063,0.021241123,null,null,null,null,"TWOGAUSSIANS",8,2.4014378,0.7470653,0.0035932565,0.4,0.0,0.14525361,0.005770355,0.2491424,0.0056933686,0.4,0.0,0.13087282,0.00728476
375316653866487564,5889060767512641536,0.6399092,2174.025342017573,2.745915139136356,4.7190265E-6,17.428793,0.010995405,0.22680995,0.0019305772,0.04640151,0.0030572934,0.39765137,0.031496488,0.7216711,0.0035308313,0.052516058,0.0042133904,0.5617453,0.039492972,0.113655694,0.013416033,0.22680995,0.0019305772,"TWOGAUSSIANS_WITH_ELLIPSOIDAL_ON_ECLIPSE1",9,8.227751,0.7220911,0.0031951175,0.2940899,0.023594987,0.78883433,0.0431724,0.22680995,0.0019305772,0.25984845,0.017120844,0.62495816,0.024859417
375316653866487564,5889060767512653440,0.47855175,2114.3842421571944,0.49123234989123676,7.539329E-5,18.592258,0.017681286,0.34626535,4.273835E-5,0.0027010322,1.9664624E-4,0.5171813,0.0833468,0.6420748,0.02628713,0.16685632,0.11549383,0.03817098,0.012003492,null,null,null,null,"TWOGAUSSIANS",8,1.3578949,0.34626535,4.273835E-5,0.015125779,0.001101219,0.52425915,0.09186564,0.6420748,0.02628713,0.4,0.0,0.037314184,0.006573344
375316653866487564,5889061008030861952,0.5033528,2152.679893747087,1.0528650719085455,1.84581E-5,16.932682,0.0035110614,0.3759175,0.005209585,0.03911017,0.003575282,0.19695136,0.009289973,0.8858513,0.02129741,0.042346552,0.011273855,0.05105244,0.008017569,null,null,null,null,"TWOGAUSSIANS",8,13.047713,0.3759175,0.005209585,0.21901694,0.020021578,0.19695136,0.0092899725,0.8858513,0.02129741,0.2371407,0.06313359,0.05105244,0.008017569
375316653866487564,5889061179776402432,0.42869195,2132.013325673175,0.29786307111591576,4.22833E-5,19.300995,0.08240645,0.17427193,0.058374606,0.08099916,0.05001185,0.19811092,0.1610595,0.7080207,0.024935614,0.13791983,0.06264771,0.16577369,0.08275656,null,null,null,null,"TWOGAUSSIANS",8,3.777847,0.17391191,0.057930455,0.4,0.17547463,0.18143088,0.15581265,0.7080207,0.024933549,0.4,0.0,0.14845209,0.018702788
375316653866487564,5889061557733060992,0.48190722,2116.8988464711083,1.1613157533580132,3.7547365E-5,19.406858,0.0049519762,0.23652829,0.0086803865,0.04470757,0.012708314,0.0909065,0.016034916,0.7187764,0.020570697,0.061433796,0.017944898,0.2020814,0.025658837,null,null,null,null,"TWOGAUSSIANS",8,1.299002,0.7187764,0.020570697,0.34402928,0.10049143,0.20207946,0.025660276,0.23652829,0.0086803865,0.2503624,0.07116656,0.09090456,0.016038556
375316653866487564,5889061592092819584,0.44528207,2126.117560517057,0.16284443194779905,3.181656E-5,19.37538,0.2205894,0.27635136,0.028764794,0.061703242,0.03443245,0.18793824,0.070418045,0.7326738,0.011410707,0.20370162,0.0873098,0.41201958,0.2059119,null,null,null,null,"TWOGAUSSIANS",8,6.0622463,0.7326738,0.011410707,0.4,0.0,0.33424506,0.045806,0.28122136,0.024919366,0.34553817,0.19282171,0.15589172,0.044666212
375316653866487564,5889061695225611136,0.48366585,2134.792632145353,3.5518005203524523,2.136335E-5,19.685629,0.08368737,0.20361777,0.007125349,0.11395458,0.032539867,0.3726209,0.05902459,0.69516677,0.006279334,0.09302544,0.018851496,0.45303914,0.08000176,null,null,null,null,"TWOGAUSSIANS",8,3.2811773,0.69516677,0.006279334,0.4,0.0,0.41362914,0.03071478,0.20361777,0.007125349,0.4,0.0,0.33315977,0.031218326
375316653866487564,5889062107542510464,0.42746487,2136.2935695740207,3.5221975546346824,6.1373954E-5,19.639698,0.060097825,0.24011974,0.02329966,0.09287549,0.037125997,0.25594205,0.056729496,0.7255689,0.011426673,0.092070065,0.032432564,0.31818175,0.051166363,null,null,null,null,"TWOGAUSSIANS",8,9.255817,0.7255689,0.011426673,0.4,0.0,0.3062974,0.065914534,0.24011974,0.023309616,0.4,0.0,0.24405767,0.039772958
375316653866487564,5889062171895644544,0.6395257,2168.410849282611,2.9984371210350425,2.9091075E-6,16.277008,0.005817571,0.25576025,0.0010538065,0.046020713,0.0024743564,0.27251047,0.015566158,0.7571816,0.003910153,0.044561327,0.0031391436,0.18412709,0.015359974,0.12077996,0.008281912,0.25576025,0.0010538065,"TWOGAUSSIANS_WITH_ELLIPSOIDAL_ON_ECLIPSE1",9,14.622867,0.25576025,0.0010538065,0.257716,0.013856397,0.5140697,0.011315512,0.7571816,0.003578315,0.24954341,0.017579203,0.42566705,0.008751102
375316653866487564,5889062274978684544,0.56624347,2170.877976389677,1.0999284272184715,3.629081E-5,17.969038,0.003977348,0.21437337,0.012746253,0.05929024,0.0077264723,0.08113278,0.015020569,0.72427976,0.004367581,0.0506569,0.0049620452,0.46481216,0.07439392,null,null,null,null,"TWOGAUSSIANS",8,3.4979372,0.72427976,0.004367581,0.28367865,0.027787453,0.4648046,0.074403055,0.21437337,0.012746253,0.33202535,0.043268245,0.08112522,0.015018944
375316653866487564,5889062309338490240,0.6369097,2177.868427496028,2.6246219061966998,4.9270516E-6,17.58609,0.0066313366,0.24735568,8.6314103E-4,0.040857226,0.0017734417,0.41184106,0.01660854,0.7421169,0.0013448283,0.04648962,0.001866564,0.5466106,0.017515937,0.14603105,0.008753146,0.24735568,8.6314103E-4,"TWOGAUSSIANS_WITH_ELLIPSOIDAL_ON_ECLIPSE1",9,7.7297378,0.7425569,0.0012149435,0.26034188,0.0104527585,0.838382,0.014674043,0.24735568,8.6314103E-4,0.22880046,0.009931274,0.7039024,0.011874168
375316653866487564,5889062382420427776,0.62016237,2174.2962700683547,0.9526330781211987,4.8697993E-6,15.057065,0.004358573,0.25481227,0.001180155,0.114573985,0.0033335083,0.17555214,0.0040484006,0.7512761,0.0015123324,0.08956457,0.0020197039,0.32178375,0.0054047997,null,null,null,null,"TWOGAUSSIANS",8,23.932562,0.7512761,0.0015123324,0.4,0.0,0.30048028,0.0045427824,0.25481227,0.001180155,0.4,0.0,0.15422286,0.002495281
375316653866487564,5889062794737376640,0.4473906,2165.3693926986493,0.36858069458538256,4.1026356E-5,17.116646,0.14160587,0.2939979,0.02475551,0.120280325,0.07192856,0.09415363,0.097377025,0.7970179,0.0069479686,0.16231176,0.15510161,0.065172605,0.1395941,null,null,null,null,"TWOGAUSSIANS",8,3.5053701,0.29381794,0.025196977,0.4,0.0,0.065092884,0.019664966,0.7970679,0.006615363,0.4,0.0,0.0350099,0.004816458
375316653866487564,5889062794737391232,0.5198084,2159.194357421734,1.2326337675495582,1.453139E-5,17.128801,0.0082127135,0.26200584,0.0028680742,0.06860493,0.0059369314,0.20222698,0.03721716,0.7417294,0.015780272,0.03266275,0.01420336,0.08713233,0.022123633,0.023729637,0.010347373,0.26200584,0.0028680742,"TWOGAUSSIANS_WITH_ELLIPSOIDAL_ON_ECLIPSE1",9,7.8506584,0.26200584,0.0028680742,0.38418764,0.026451966,0.24944413,0.03190448,0.7426094,0.014216831,0.18291141,0.079538815,0.13361643,0.015256955
375316653866487564,5889062962173435904,0.51694,2150.5462006357357,1.2435091996423702,1.7930104E-5,19.043756,0.048751753,0.32444015,0.007721443,0.11273373,0.022580527,0.2740585,0.044903144,0.8183129,0.004080284,0.09211855,0.013023022,0.32774758,0.04509329,null,null,null,null,"TWOGAUSSIANS",8,2.5582383,0.8183129,0.004080284,0.4,0.0,0.2999448,0.024131507,0.32444015,0.007721443,0.4,0.0,0.24622582,0.021689156
375316653866487564,5889063069562125568,0.53039736,2124.433672594789,2.2885370116834145,1.669617E-5,19.34559,0.034287885,0.26548398,0.0050128778,0.099202625,0.010970103,0.44207773,0.028831912,0.77396554,0.004678399,0.10170107,0.011800465,0.39232183,0.034216613,null,null,null,null,"TWOGAUSSIANS",8,2.6902282,0.26548398,0.005012871,0.4,0.0,0.408272,0.013954003,0.77396554,0.004678399,0.4,0.0,0.35851422,0.028378764
375316653866487564,5889063172704984192,0.4593048,2120.6540793109816,2.3570392758249037,3.5051402E-5,19.626873,0.022967637,0.21120955,0.028182996,0.057345778,0.032718282,0.33910564,0.06289383,0.7164847,0.0060368595,0.061846655,0.008651526,0.46768016,0.08234691,null,null,null,null,"TWOGAUSSIANS",8,4.1297727,0.7164847,0.0060368595,0.34634128,0.048448544,0.4675799,0.0825303,0.21120955,0.028182996,0.32113636,0.11656139,0.33900538,0.06259042
