Gaia/vari_eclipsing_binary/VariEclipsingBinary_488040-488078.csv
# %ECSV 1.0
# ---
# delimiter: ','
# meta: !!omap
# - RELEASE: Gaia DR3
# - TABLE: vari_eclipsing_binary
# - DESCRIPTION: >
#     This table describes the properties of the eclipsing binaries resulting from the variability analysis. 
# - CITATION: >
#     How to cite and acknowledge Gaia: 
#     https://gea.esac.esa.int/archive/documentation/credits.html 
# - KNOWN_ISSUES: >
#     Known issues: 
#     https://www.cosmos.esa.int/web/gaia-users/known-issues 
# - DOCUMENTATION: >
#     Tutorials and documentation: 
#     https://www.cosmos.esa.int/web/gaia-users/archive 
# datatype:
# - 
#   name: solution_id
#   datatype: int64
#   description: Solution Identifier
#   meta:
#     ucd: meta.version
# - 
#   name: source_id
#   datatype: int64
#   description: Unique source identifier
#   meta:
#     ucd: meta.id;meta.main
# - 
#   name: global_ranking
#   datatype: float32
#   description: Number between 0 (worst) and 1 (best)
#   meta:
#     ucd: stat.param
# - 
#   name: reference_time
#   datatype: float64
#   unit: d
#   description: Reference time used for the geometric model fit
#   meta:
#     ucd: time.epoch
# - 
#   name: frequency
#   datatype: float64
#   unit: d**-1
#   description: Frequency of geometric model of the eclipsing binary light curve
#   meta:
#     ucd: src.orbital
# - 
#   name: frequency_error
#   datatype: float32
#   unit: d**-1
#   description: "Uncertainty of \\texttt{frequency}"
#   meta:
#     ucd: stat.error
# - 
#   name: geom_model_reference_level
#   datatype: float32
#   unit: mag
#   description: Magnitude reference level of geometric model
#   meta:
#     ucd: phot.mag;em.opt
# - 
#   name: geom_model_reference_level_error
#   datatype: float32
#   unit: mag
#   description: "Uncertainty of \\texttt{geomModelReferenceLevel}"
#   meta:
#     ucd: stat.error;phot.mag;em.opt
# - 
#   name: geom_model_gaussian1_phase
#   datatype: float32
#   description: Phase of the Gaussian 1 component
#   meta:
#     ucd: time.phase
# - 
#   name: geom_model_gaussian1_phase_error
#   datatype: float32
#   description: "Uncertainty of \\texttt{geomModelGaussian1Phase}"
#   meta:
#     ucd: stat.error;time.phase
# - 
#   name: geom_model_gaussian1_sigma
#   datatype: float32
#   description: "Standard deviation [phase] of Gaussian 1 component"
#   meta:
#     ucd: stat.stdev
# - 
#   name: geom_model_gaussian1_sigma_error
#   datatype: float32
#   description: "Uncertainty of \\texttt{geomModelGaussian1Sigma}"
#   meta:
#     ucd: stat.error
# - 
#   name: geom_model_gaussian1_depth
#   datatype: float32
#   unit: mag
#   description: Magnitude depth of Gaussian 1 component
#   meta:
#     ucd: src.var.amplitude
# - 
#   name: geom_model_gaussian1_depth_error
#   datatype: float32
#   unit: mag
#   description: "Uncertainty of \\texttt{geomModelGaussian1Depth}"
#   meta:
#     ucd: stat.error;src.var.amplitude
# - 
#   name: geom_model_gaussian2_phase
#   datatype: float32
#   description: Phase of Gaussian 2 component
#   meta:
#     ucd: time.phase
# - 
#   name: geom_model_gaussian2_phase_error
#   datatype: float32
#   description: "Uncertainty of \\texttt{geomModelGaussian2Phase}"
#   meta:
#     ucd: stat.error;time.phase
# - 
#   name: geom_model_gaussian2_sigma
#   datatype: float32
[...]
#   datatype: float32
#   description: "Secondary eclipse: uncertainty of \\texttt{derivedSecondaryEclDuration}"
#   meta:
#     ucd: stat.error;time.duration
# - 
#   name: derived_secondary_ecl_depth
#   datatype: float32
#   unit: mag
#   description: "Secondary eclipse: depth"
#   meta:
#     ucd: src.var.amplitude
# - 
#   name: derived_secondary_ecl_depth_error
#   datatype: float32
#   unit: mag
#   description: "Secondary eclipse: uncertainty of \\texttt{derivedSecondaryEclDepth}"
#   meta:
#     ucd: stat.error;src.var.amplitude
solution_id,source_id,global_ranking,reference_time,frequency,frequency_error,geom_model_reference_level,geom_model_reference_level_error,geom_model_gaussian1_phase,geom_model_gaussian1_phase_error,geom_model_gaussian1_sigma,geom_model_gaussian1_sigma_error,geom_model_gaussian1_depth,geom_model_gaussian1_depth_error,geom_model_gaussian2_phase,geom_model_gaussian2_phase_error,geom_model_gaussian2_sigma,geom_model_gaussian2_sigma_error,geom_model_gaussian2_depth,geom_model_gaussian2_depth_error,geom_model_cosine_half_period_amplitude,geom_model_cosine_half_period_amplitude_error,geom_model_cosine_half_period_phase,geom_model_cosine_half_period_phase_error,model_type,num_model_parameters,reduced_chi2,derived_primary_ecl_phase,derived_primary_ecl_phase_error,derived_primary_ecl_duration,derived_primary_ecl_duration_error,derived_primary_ecl_depth,derived_primary_ecl_depth_error,derived_secondary_ecl_phase,derived_secondary_ecl_phase_error,derived_secondary_ecl_duration,derived_secondary_ecl_duration_error,derived_secondary_ecl_depth,derived_secondary_ecl_depth_error
[from data line 112]
375316653866487564,4292935879555554560,0.57629484,2154.1733966575157,2.303039005135443,1.0471339E-5,18.042387,0.024928736,0.35838097,0.0038563441,0.08454847,0.00904553,0.3379167,0.031637162,0.8375997,0.0035819914,0.097291924,0.009798443,0.3100971,0.023066958,null,null,null,null,"TWOGAUSSIANS",8,2.8236885,0.35838097,0.0038631195,0.4,0.0,0.32726872,0.030074084,0.8375997,0.0035819914,0.4,0.0,0.2994473,0.015048651
375316653866487564,4292936021315242112,0.6332894,2132.5957714269202,2.8812052118124214,6.586628E-6,17.311884,0.016180404,0.258822,0.0017084671,0.045232896,0.007976156,0.22235441,0.03198073,0.7651491,0.0054977816,0.03652564,0.009391637,0.2089263,0.030892964,0.10380231,0.017416442,0.258822,0.0017084671,"TWOGAUSSIANS_WITH_ELLIPSOIDAL_ON_ECLIPSE1",9,3.4011884,0.258822,0.0017084671,0.2533042,0.044666473,0.42995867,0.032525808,0.7651491,0.0054977816,0.20454359,0.052593164,0.41620266,0.018064791
375316653866487564,4292936085709779328,0.46210924,2176.7289323915047,1.3799506424198964,4.17544E-5,18.025629,0.017398372,0.2252895,0.014640896,0.056536965,0.017102849,0.12308933,0.08353043,0.7343126,0.009962761,0.062138587,0.014185747,0.284839,0.030804835,null,null,null,null,"TWOGAUSSIANS",8,39.116245,0.7343126,0.009962761,0.3479761,0.079440184,0.28480056,0.030905794,0.2252895,0.014640896,0.316607,0.09577595,0.123050876,0.08361139
375316653866487564,4292936124394436608,0.6026657,2192.9817064443996,0.3090366497888361,2.864326E-5,15.705112,8.2294847E-4,0.18019034,0.029127311,0.006732994,0.009434166,0.13519911,123715.87,0.6932327,0.0018122293,0.014563815,0.0010629433,0.07063595,0.0027219623,0.0022192707,0.0010756361,0.18019034,0.029127311,"TWOGAUSSIANS_WITH_ELLIPSOIDAL_ON_ECLIPSE1",9,2.0413945,0.18019034,0.029127311,0.03770477,0.05283133,0.13963765,123715.87,0.6932327,0.0018129403,0.08155736,0.005952482,0.07504474,0.002736283
375316653866487564,4292936674150331392,0.48413512,2150.946652118887,3.5116677996587162,5.484367E-5,16.602587,0.005555807,0.75479484,0.008769377,0.022791095,0.073277116,0.018293407,60.251957,null,null,null,null,null,null,0.075561665,0.008290838,0.75479484,0.008769377,"ONEGAUSSIAN_WITH_ELLIPSOIDAL",6,56.582546,0.75479484,0.008769377,0.12763013,0.29217634,0.16941647,60.251987,null,null,null,null,null,null
375316653866487564,4292936983388026112,0.6367145,2121.7710742909767,2.225060121257845,1.3353042E-5,16.259975,0.014703543,0.18174587,0.0035815586,0.050040808,0.005551327,0.20692647,0.033152714,0.6990393,0.0040723504,0.048233885,0.014461513,0.25234506,0.8033542,0.088229924,0.01897237,0.6990393,0.0040723504,"TWOGAUSSIANS_WITH_ELLIPSOIDAL_ON_ECLIPSE2",9,17.504194,0.6990393,0.0040723504,0.27010977,0.08098447,0.4288032,0.80186844,0.18423587,0.0030399607,0.28022853,0.031087432,0.3816064,0.007737061
375316653866487564,4292937838060620160,0.56688213,2125.6950306064164,2.3575204634635187,9.347687E-6,17.434597,0.024992727,0.3355318,0.0035287156,0.1097803,0.011521415,0.18951696,0.025410961,0.8271969,0.023891343,0.10302074,0.027525587,0.1958839,0.06978707,null,null,null,null,"TWOGAUSSIANS",8,2.182567,0.8271969,0.023900883,0.4,0.0,0.17370422,0.07640236,0.3355318,0.0035133846,0.4,0.0,0.16732797,0.007086999
375316653866487564,4292939457258779392,0.5589654,2155.495453095904,2.0455974455870547,8.748801E-5,19.332632,0.0088503575,0.5457406,0.006606605,0.08919453,0.0051042726,0.51718247,0.009987975,0.9042886,0.03855813,0.034908872,0.019971179,0.043537866,0.1290566,null,null,null,null,"TWOGAUSSIANS",8,2.4119687,0.5457406,0.006606605,0.4,0.0,0.51718175,0.00998192,0.9042886,0.03855813,0.19548969,0.111838594,0.04369735,0.12902121
375316653866487564,4292940140164411264,0.5668853,2127.0463176102367,2.1794466509248673,1.0621953E-5,18.240053,0.017084671,0.24779087,0.00152437,0.07355337,0.0038627032,0.4415431,0.015181064,0.74417216,0.00815779,0.088475,0.010572389,0.38751194,0.033246666,null,null,null,null,"TWOGAUSSIANS",8,8.196723,0.24779087,0.00152437,0.4,0.0,0.4350153,0.011534801,0.74417216,0.00815779,0.4,0.0,0.38098404,0.03403934
375316653866487564,4292940346321671040,0.42547396,2130.4626378545545,0.1370508014511113,2.0323932E-5,18.437838,0.14348392,0.31638858,0.016039243,0.100486144,0.020630443,0.65860283,0.17390798,0.77786463,0.017434929,0.11802485,0.03315031,0.49957064,0.14599818,null,null,null,null,"TWOGAUSSIANS",8,34.844585,0.31649855,0.016132858,0.4,0.0,0.6048453,0.11346307,0.77786463,0.017434929,0.4,0.0,0.44557607,0.07560116
375316653866487564,4292941102237053696,0.5068281,2173.11567132955,2.463255897459291,1.5715956E-5,17.791866,0.040459875,0.23416524,0.006237047,0.09291727,0.017625831,0.21282852,0.039490703,0.7380258,0.0045523252,0.10825344,0.020478386,0.22073436,0.038110882,null,null,null,null,"TWOGAUSSIANS",8,8.100693,0.7380258,0.0045523252,0.4,0.0,0.20194265,0.023537153,0.23416524,0.0062518287,0.4,0.0,0.194047,0.02251348
375316653866487564,4292941725001688576,0.42201084,2194.147853506952,0.7277952667991324,6.136816E-5,19.588749,0.1805783,0.12119901,0.022100266,0.060632203,0.029166894,0.29811898,0.05709654,0.5362982,0.05645467,0.18550706,0.07756431,0.44956127,0.1886603,null,null,null,null,"TWOGAUSSIANS",8,3.6556935,0.5362982,0.05645467,0.4,0.0,0.4041732,0.14244454,0.12635902,0.013579878,0.33954033,0.081605315,0.29362768,0.037433088
375316653866487564,4292942927594432128,0.5295459,2188.0131481467424,1.5525323322150586,2.6451507E-5,17.41618,0.01930326,0.23476772,0.005479725,0.11053495,0.0257994,0.093300134,0.015576106,0.7329457,0.0070380107,0.10071783,0.020217394,0.1166782,0.016592015,null,null,null,null,"TWOGAUSSIANS",8,2.9807565,0.7329457,0.0070380107,0.4,0.0,0.10437479,0.0087592015,0.23476772,0.0054817596,0.4,0.0,0.08099102,0.0064872326
375316653866487564,4292944267653296000,0.47536334,2202.3953378262268,2.597645393183875,3.399104E-5,19.451416,0.13840346,0.20027168,0.009206014,0.09731004,0.023032181,0.43499154,0.14603491,0.71643907,0.020178825,0.113407895,0.052904822,0.41585875,0.11868049,null,null,null,null,"TWOGAUSSIANS",8,6.664994,0.20024168,0.009308655,0.4,0.0,0.3929446,0.09289412,0.71643907,0.020178255,0.4,0.023348624,0.3737544,0.06701565
375316653866487564,4292944645583130112,0.5202968,2173.060113808005,2.5471400565846123,3.854788E-5,15.939882,0.11225889,0.24747418,0.0148938075,0.10460615,0.02826755,0.569472,0.10482298,0.7456794,0.0065026456,0.09295811,0.018619629,0.48446167,0.112994894,null,null,null,null,"TWOGAUSSIANS",8,116.69656,0.24747418,0.014901872,0.4,0.0,0.52760744,0.055384595,0.7456794,0.00650393,0.4,0.0,0.4426091,0.068724014
375316653866487564,4292945985612962048,0.5239603,2195.485627689249,0.08773163326177447,1.0988945E-4,19.8228,0.00793772,0.45250428,0.0077849315,0.037148137,0.013763628,0.63537586,0.4389564,null,null,null,null,null,null,null,null,null,null,"ONEGAUSSIAN",5,1.2067729,0.45250428,0.0077849315,0.20802955,0.077076316,0.63537586,0.0,null,null,null,null,null,null
375316653866487564,4292946019999958528,0.6129808,2191.3736394082316,0.29838618543193945,1.460056E-4,17.49204,0.00545978,0.26096505,0.007380522,0.030657994,0.01057551,0.046535607,0.012131519,0.64443535,1.6133173E-4,0.015736086,1.8495915E-4,1.1791825,0.01149001,null,null,null,null,"TWOGAUSSIANS",8,19.6525,0.64443535,1.6133173E-4,0.088122085,0.0010357712,1.1791825,0.01149001,0.26096505,0.007380522,0.17168476,0.05922285,0.046535607,0.012131519
375316653866487564,4292946329210393600,0.5722193,2220.4063363064333,2.8746249047665344,2.2482951E-5,19.750843,0.011302803,0.26025262,0.0021651653,0.06391683,0.0022609294,0.6237444,0.020935517,0.7660249,0.003706731,0.06924124,0.0041977842,0.50472987,0.021062702,null,null,null,null,"TWOGAUSSIANS",8,1.0336767,0.26025262,0.0021651653,0.35793427,0.012661205,0.62292254,0.020806465,0.7660249,0.003706731,0.38775092,0.022715766,0.50390804,0.020955238
375316653866487564,4292946496708250368,0.554939,2160.5445041499197,2.690533918690921,1.9518413E-5,18.774107,0.14976667,0.3115742,0.012807895,0.17832327,0.055981465,0.37320846,0.14333932,0.7748059,0.010554734,0.1008296,0.011606962,0.45070782,0.110831484,null,null,null,null,"TWOGAUSSIANS",8,1.9765478,0.7748059,0.010554734,0.4,0.0,0.3490068,0.016723935,0.3116142,0.012773216,0.4,0.0,0.2547147,0.034908123
375316653866487564,4292946672834298112,0.62284946,2143.090923511294,1.6215190470501704,9.215902E-6,16.920933,0.009738915,0.28813735,0.0038649365,0.09523101,0.007925694,0.26633418,0.015226164,0.78886676,0.0027908282,0.085577674,0.0068187793,0.31127784,0.009899333,null,null,null,null,"TWOGAUSSIANS",8,3.7181985,0.78886676,0.0027908282,0.4,0.0,0.2989204,0.012877408,0.28813735,0.0038649365,0.4,0.0,0.2539762,0.017417716
375316653866487564,4292947016432144896,0.55803263,2170.5629026436163,0.48753301740220817,2.5915887E-4,17.960402,0.0038331663,0.30549884,0.029875126,0.02952156,0.012831315,0.6656547,1.0550438,0.7575995,0.014458177,0.044585314,0.022550603,0.030304274,0.010187019,null,null,null,null,"TWOGAUSSIANS",8,2.1894324,0.30549884,0.029875126,0.16532074,0.071855366,0.6656547,1.0550438,0.7575995,0.014458177,0.24967776,0.12628338,0.030304274,0.01018702
375316653866487564,4292947394361074432,0.5574928,2127.781918180278,3.0655673969683064,4.5449673E-5,19.750168,0.042921524,0.21887255,0.009898253,0.07614676,0.018270396,0.5681768,0.042492498,0.7288362,0.03174787,0.09694293,0.032685753,0.5647964,0.5836133,null,null,null,null,"TWOGAUSSIANS",8,1.1665237,0.21887255,0.009898253,0.4,0.008361321,0.55353713,0.038674444,0.7288362,0.03174787,0.4,0.018516853,0.55015457,0.59442335
375316653866487564,4292948352137251456,0.6246391,2165.291418637077,2.171230627634244,4.8927654E-6,17.110855,0.004922238,0.23288521,0.0016811644,0.08960508,0.0023203609,0.4107572,0.0072009633,0.7297271,0.001596674,0.09285301,0.0019705773,0.36946556,0.0061082942,null,null,null,null,"TWOGAUSSIANS",8,2.1680536,0.23288521,0.0016811644,0.4,0.0,0.39339453,0.0067310547,0.7297271,0.001596674,0.4,0.0,0.35210264,0.004866594
375316653866487564,4292948974909168768,0.51785916,2134.847221980428,0.09319016808705441,3.5465404E-5,19.231503,0.0042560175,0.28518277,0.010821258,0.12138349,0.008131211,0.371624,0.022188922,0.91733325,0.007883853,0.063204,0.016590342,0.124465674,0.011280335,null,null,null,null,"TWOGAUSSIANS",8,1.6030862,0.28518277,0.010821258,0.4,0.0,0.3702429,0.022218326,0.92058325,0.007502612,0.3539424,0.089104585,0.12700334,0.013376053
375316653866487564,4292948974909181568,0.46831948,2129.7605183509363,2.978600939386048,2.3326647E-5,19.110088,0.0077104443,null,null,null,null,null,null,null,null,null,null,null,null,0.12791903,0.013461605,0.32108876,0.0056723575,"ELLIPSOIDAL",4,5.29414,null,null,null,null,null,null,null,null,null,null,null,null
375316653866487564,4292949318534859264,0.58295405,2180.6358467085884,2.536996985763449,1.1460324E-5,17.520391,0.011709094,0.24243602,0.0013286205,0.07587664,0.002896663,0.45373932,0.013037502,0.74364346,0.0020942949,0.075003654,0.0034746872,0.3874525,0.0153573025,null,null,null,null,"TWOGAUSSIANS",8,7.9527273,0.24243602,0.0013286205,0.4,0.0,0.4503709,0.01222394,0.74364346,0.0020942949,0.4,0.0,0.3840841,0.014821847
375316653866487564,4292949524665015296,0.576633,2113.0340015821153,2.495368904399021,2.3946792E-5,18.694231,0.021793155,0.2823877,0.0042883586,0.09861191,0.014777399,0.30243835,0.03134283,0.7862452,0.005861694,0.09583881,0.009568222,0.32800955,0.021340247,null,null,null,null,"TWOGAUSSIANS",8,1.6438811,0.7862452,0.005861694,0.4,0.0,0.3060879,0.0120697245,0.2823877,0.0042883586,0.4,0.0,0.28051594,0.04061861
375316653866487564,4292949593412799232,0.5932323,2186.020967509733,1.1071468216914242,2.697253E-5,12.918948,0.0038649067,0.26838893,0.0022067463,0.0486912,0.011095259,0.044165313,0.0059474567,0.77407265,0.03036601,0.042721815,0.018232226,0.022335561,0.009315,0.014297601,0.004873226,0.26838893,0.0022067463,"TWOGAUSSIANS_WITH_ELLIPSOIDAL_ON_ECLIPSE1",9,14.415082,0.26838893,0.0022067463,0.27267072,0.062133454,0.07276042,0.0063082855,0.77407265,0.02548677,0.23924218,0.10210047,0.05089421,0.00457028
375316653866487564,4292949902622288384,0.6011258,2137.0809387391246,2.643398318662265,5.838052E-6,18.450804,0.017333837,0.31212506,0.0010769179,0.06702535,0.0034335817,0.5335148,0.02877972,0.81443185,0.00388134,0.07253002,0.0048050084,0.6091808,0.02123307,null,null,null,null,"TWOGAUSSIANS",8,2.767412,0.81443185,0.00388134,0.4,0.008333218,0.6074245,0.020587541,0.31212506,0.0010769179,0.37534195,0.019228058,0.5317584,0.028771987
375316653866487564,4292951105241738496,0.64345866,2168.9724956938207,0.9184184628465443,6.3928287E-6,16.094158,0.00517759,0.2741592,0.0022139498,0.10179194,0.004851599,0.18385369,0.005155838,0.76862496,0.0011949416,0.09319388,0.0024671555,0.23320925,0.0053130533,null,null,null,null,"TWOGAUSSIANS",8,3.774881,0.76862496,0.0011949416,0.4,0.0,0.21896176,0.0038409175,0.2741592,0.0022139498,0.4,0.0,0.16960429,0.005041897
375316653866487564,4292952548350846848,0.43776044,2170.044379546051,1.4430077878486243,4.0119186E-5,15.862245,0.005251925,0.3623571,0.02236736,0.09878444,0.022389561,0.1387479,0.03479035,0.7523001,0.012294546,0.094693355,0.012486166,0.1076026,0.012039914,null,null,null,null,"TWOGAUSSIANS",8,8.899432,0.36242712,0.02235558,0.4,0.0,0.1370722,0.035199817,0.7523001,0.012294546,0.4,0.0,0.105961874,0.011798328
375316653866487564,4292952651405484160,0.52859575,2188.762338871707,2.6673359136794605,9.736319E-6,19.530258,0.021721637,0.18676955,0.0041079316,0.08249915,0.010186419,0.3138001,0.025477787,0.6803294,0.03080648,0.076361716,0.019606823,0.303348,0.075431794,null,null,null,null,"TWOGAUSSIANS",8,1.2558218,0.18676955,0.0041079316,0.4,0.0,0.30996773,0.02595305,0.6803294,0.03080648,0.4,0.012632728,0.29951563,0.073424235
375316653866487564,4292952685789821184,0.53178585,2142.2184316206017,0.1611427292874889,1.1649306E-5,15.620264,0.0028422573,0.23817535,0.053357106,0.03607759,0.025762295,0.07533537,0.07738256,0.73438054,0.005872665,0.016498363,0.0029811794,0.26784682,0.06606421,null,null,null,null,"TWOGAUSSIANS",8,21.71374,0.73438054,0.005872665,0.092390835,0.016694605,0.26784682,0.06606421,0.23817535,0.053357106,0.2020345,0.14426886,0.07533537,0.07738256
375316653866487564,4292953407319167232,0.5637599,2141.80075062101,2.644688787465469,1.3769568E-5,18.468723,0.026209066,0.24405749,0.009133777,0.07330259,0.017255323,0.37706402,0.016555786,0.7373993,0.0059311134,0.07918443,0.008418471,0.36913207,0.03864579,null,null,null,null,"TWOGAUSSIANS",8,6.8850484,0.24405749,0.009133777,0.4,0.0011312545,0.3740785,0.017158454,0.7373993,0.0059311134,0.4,0.0,0.36614653,0.03514817
375316653866487564,4292953437378203648,0.5867579,2129.3665213922877,2.296888479840576,9.8278515E-6,17.970818,0.022541564,0.1966534,0.004911938,0.103806086,0.009347284,0.21593969,0.023288611,0.67912585,0.0018826523,0.11495908,0.00819159,0.3641461,0.01697713,null,null,null,null,"TWOGAUSSIANS",8,1.8504531,0.67912585,0.0018826523,0.4,0.0,0.3297392,0.010805865,0.19672339,0.004908018,0.4,0.0,0.18159655,0.0076915603
375316653866487564,4292953510398593664,0.55541134,2118.881357475532,3.253840198573627,1.5875958E-5,19.763542,0.032810148,0.25201997,0.00683586,0.06735385,0.012309035,0.51636225,0.059919275,0.74398935,0.0063055656,0.08236698,0.013480384,0.36755705,0.032095365,null,null,null,null,"TWOGAUSSIANS",8,1.5341157,0.25201997,0.00683586,0.3771816,0.046942856,0.5136774,0.06226073,0.74398935,0.0063055656,0.4,0.0,0.3648722,0.029237492
375316653866487564,4292953677893655936,0.4467704,2120.877820977668,0.26473694773993567,1.495572E-4,19.493923,0.014937944,0.25190943,0.0013979679,0.04726831,0.006083412,0.22641337,0.019860474,0.79396194,0.024983339,0.07939095,0.018413898,0.113582335,0.020356735,null,null,null,null,"TWOGAUSSIANS",8,2.6095185,0.25190943,0.0013979679,0.26470253,0.03406711,0.22638366,0.019883726,0.79396194,0.024983339,0.4,0.024767717,0.113552615,0.02027453
