Gaia/vari_eclipsing_binary/VariEclipsingBinary_600779-601333.csv
# %ECSV 1.0
# ---
# delimiter: ','
# meta: !!omap
# - RELEASE: Gaia DR3
# - TABLE: vari_eclipsing_binary
# - DESCRIPTION: >
#     This table describes the properties of the eclipsing binaries resulting from the variability analysis. 
# - CITATION: >
#     How to cite and acknowledge Gaia: 
#     https://gea.esac.esa.int/archive/documentation/credits.html 
# - KNOWN_ISSUES: >
#     Known issues: 
#     https://www.cosmos.esa.int/web/gaia-users/known-issues 
# - DOCUMENTATION: >
#     Tutorials and documentation: 
#     https://www.cosmos.esa.int/web/gaia-users/archive 
# datatype:
# - 
#   name: solution_id
#   datatype: int64
#   description: Solution Identifier
#   meta:
#     ucd: meta.version
# - 
#   name: source_id
#   datatype: int64
#   description: Unique source identifier
#   meta:
#     ucd: meta.id;meta.main
# - 
#   name: global_ranking
#   datatype: float32
#   description: Number between 0 (worst) and 1 (best)
#   meta:
#     ucd: stat.param
# - 
#   name: reference_time
#   datatype: float64
#   unit: d
#   description: Reference time used for the geometric model fit
#   meta:
#     ucd: time.epoch
# - 
#   name: frequency
#   datatype: float64
#   unit: d**-1
#   description: Frequency of geometric model of the eclipsing binary light curve
#   meta:
#     ucd: src.orbital
# - 
#   name: frequency_error
#   datatype: float32
#   unit: d**-1
#   description: "Uncertainty of \\texttt{frequency}"
#   meta:
#     ucd: stat.error
# - 
#   name: geom_model_reference_level
#   datatype: float32
#   unit: mag
#   description: Magnitude reference level of geometric model
#   meta:
#     ucd: phot.mag;em.opt
# - 
#   name: geom_model_reference_level_error
#   datatype: float32
#   unit: mag
#   description: "Uncertainty of \\texttt{geomModelReferenceLevel}"
#   meta:
#     ucd: stat.error;phot.mag;em.opt
# - 
#   name: geom_model_gaussian1_phase
#   datatype: float32
#   description: Phase of the Gaussian 1 component
#   meta:
#     ucd: time.phase
# - 
#   name: geom_model_gaussian1_phase_error
#   datatype: float32
#   description: "Uncertainty of \\texttt{geomModelGaussian1Phase}"
#   meta:
#     ucd: stat.error;time.phase
# - 
#   name: geom_model_gaussian1_sigma
#   datatype: float32
#   description: "Standard deviation [phase] of Gaussian 1 component"
#   meta:
#     ucd: stat.stdev
# - 
#   name: geom_model_gaussian1_sigma_error
#   datatype: float32
#   description: "Uncertainty of \\texttt{geomModelGaussian1Sigma}"
#   meta:
#     ucd: stat.error
# - 
#   name: geom_model_gaussian1_depth
#   datatype: float32
#   unit: mag
#   description: Magnitude depth of Gaussian 1 component
#   meta:
#     ucd: src.var.amplitude
# - 
#   name: geom_model_gaussian1_depth_error
#   datatype: float32
#   unit: mag
#   description: "Uncertainty of \\texttt{geomModelGaussian1Depth}"
#   meta:
#     ucd: stat.error;src.var.amplitude
# - 
#   name: geom_model_gaussian2_phase
#   datatype: float32
#   description: Phase of Gaussian 2 component
#   meta:
#     ucd: time.phase
# - 
#   name: geom_model_gaussian2_phase_error
#   datatype: float32
#   description: "Uncertainty of \\texttt{geomModelGaussian2Phase}"
#   meta:
#     ucd: stat.error;time.phase
# - 
#   name: geom_model_gaussian2_sigma
#   datatype: float32
[...]
#   datatype: float32
#   description: "Secondary eclipse: uncertainty of \\texttt{derivedSecondaryEclDuration}"
#   meta:
#     ucd: stat.error;time.duration
# - 
#   name: derived_secondary_ecl_depth
#   datatype: float32
#   unit: mag
#   description: "Secondary eclipse: depth"
#   meta:
#     ucd: src.var.amplitude
# - 
#   name: derived_secondary_ecl_depth_error
#   datatype: float32
#   unit: mag
#   description: "Secondary eclipse: uncertainty of \\texttt{derivedSecondaryEclDepth}"
#   meta:
#     ucd: stat.error;src.var.amplitude
solution_id,source_id,global_ranking,reference_time,frequency,frequency_error,geom_model_reference_level,geom_model_reference_level_error,geom_model_gaussian1_phase,geom_model_gaussian1_phase_error,geom_model_gaussian1_sigma,geom_model_gaussian1_sigma_error,geom_model_gaussian1_depth,geom_model_gaussian1_depth_error,geom_model_gaussian2_phase,geom_model_gaussian2_phase_error,geom_model_gaussian2_sigma,geom_model_gaussian2_sigma_error,geom_model_gaussian2_depth,geom_model_gaussian2_depth_error,geom_model_cosine_half_period_amplitude,geom_model_cosine_half_period_amplitude_error,geom_model_cosine_half_period_phase,geom_model_cosine_half_period_phase_error,model_type,num_model_parameters,reduced_chi2,derived_primary_ecl_phase,derived_primary_ecl_phase_error,derived_primary_ecl_duration,derived_primary_ecl_duration_error,derived_primary_ecl_depth,derived_primary_ecl_depth_error,derived_secondary_ecl_phase,derived_secondary_ecl_phase_error,derived_secondary_ecl_duration,derived_secondary_ecl_duration_error,derived_secondary_ecl_depth,derived_secondary_ecl_depth_error
[from data line 36]
375316653866487564,5285122498008499200,0.459765,1880.1165013146294,2.224690686743378,6.349544E-5,18.488249,0.0026748804,0.20365259,0.019843949,0.014944874,0.008553845,0.020723948,0.008906135,0.8909963,0.002193241,0.026488231,0.0019075373,0.2525905,0.027270447,null,null,null,null,"TWOGAUSSIANS",8,4.126916,0.8909963,0.002193241,0.1483341,0.010682209,0.2525905,0.027270447,0.20365259,0.019843949,0.08369129,0.04790153,0.020723948,0.008906135
375316653866487564,5285137680715189120,0.4588118,1861.9427412736723,3.2079648747339027,3.941382E-5,19.630035,0.0080921985,0.23636918,0.005065356,0.041034043,0.019903595,0.028191375,0.024116646,null,null,null,null,null,null,0.11735332,0.015076446,0.23636918,0.005065356,"ONEGAUSSIAN_WITH_ELLIPSOIDAL",6,4.5291295,0.23636918,0.005065356,0.22979063,0.111460134,0.26289788,0.020306941,null,null,null,null,null,null
375316653866487564,5285195611234263936,0.5685454,1883.8500746919035,2.296606953843405,5.229009E-6,18.136103,0.0038233579,0.25915575,8.218941E-4,0.028164176,9.319512E-4,0.7154254,0.019985678,0.7599337,0.0011669779,0.03055707,0.0013750821,0.2713862,0.01457686,0.013289977,0.005229348,0.25915575,8.218941E-4,"TWOGAUSSIANS_WITH_ELLIPSOIDAL_ON_ECLIPSE1",9,6.925117,0.25915575,8.218941E-4,0.15771939,0.005218927,0.7420053,0.02040354,0.7599337,0.0011669779,0.17111959,0.0077004596,0.2979655,0.012959093
375316653866487564,5285197161719660672,0.5314018,1912.4446063062567,3.8675699506624004,6.8290024E-6,15.48365,0.009706445,0.26459062,0.00217509,0.0875644,0.0032709257,0.47510415,0.016507057,0.7719011,0.0039965967,0.07606954,0.0042199325,0.32364866,0.017256018,null,null,null,null,"TWOGAUSSIANS",8,101.32455,0.26459062,0.00217509,0.4,0.0,0.46862203,0.016533058,0.7719011,0.0039965967,0.4,0.0,0.3171666,0.016954444
375316653866487564,5285205438119444480,0.49296266,1903.5920610222254,2.7615106289719757,1.8375506E-5,18.338942,0.0025420655,0.6712737,0.0019526399,0.015872866,0.0041849054,0.34167776,0.026663011,0.86058116,0.0045486027,0.009052637,0.0069736177,0.096685715,1.56464854E12,null,null,null,null,"TWOGAUSSIANS",8,4.803139,0.6712737,0.0019526399,0.08888805,0.02343547,0.34167776,0.026663011,0.86058116,0.0045486027,0.05069477,0.03905226,0.096685715,1.56464854E12
375316653866487564,5285215299364469248,0.5460759,1895.0308575181405,0.15651827505908256,1.8046652E-6,18.424913,0.003525032,0.23495305,0.051431496,0.09713105,0.05533727,0.030080747,0.010881448,0.6544929,5.069414E-4,0.0044462117,2.9356286E-4,0.6965327,0.015851418,null,null,null,null,"TWOGAUSSIANS",8,5.4169135,0.6544929,5.069414E-4,0.024898784,0.0016439521,0.6965353,0.01590978,0.23495305,0.051431496,0.4,0.0,0.03008064,0.0109150605
375316653866487564,5285226779814067840,0.5413737,1879.389450110235,4.001760118103318,3.451238E-5,15.633217,0.027236724,0.20229843,0.0045965808,0.09507305,0.008767137,0.36546335,0.021286134,0.7690049,0.008613208,0.15174074,0.008434461,0.32298702,0.021202313,null,null,null,null,"TWOGAUSSIANS",8,52.501255,0.19981843,0.0043398994,0.4,0.0,0.32451808,0.016249098,0.7690449,0.008551441,0.4,0.0,0.27615425,0.006345292
375316653866487564,5285229837830856576,0.5623617,1921.7181295926973,2.6526812859918447,5.2299088E-6,12.423671,0.0066330233,0.24139152,0.0013426642,0.06479099,0.001809141,0.4864085,0.006265206,0.72899646,0.0023421468,0.08134249,0.0025302507,0.6063615,0.017821137,null,null,null,null,"TWOGAUSSIANS",8,636.4353,0.72899646,0.0023421468,0.4,0.0,0.60402364,0.017944867,0.24139152,0.0013426642,0.3628295,0.01013119,0.48407066,0.0058364407
375316653866487564,5285267221226236672,0.5141293,1872.05255347146,0.029996546734475885,1.0452728E-5,16.469679,0.0013685246,0.28240597,0.027594341,0.024352282,0.022349356,0.0681768,1.701591E21,0.8673399,1.1217256E-5,0.0011483883,2.9037645E-5,0.55028087,0.014897099,0.00707184,0.0019419123,0.8673399,1.1217256E-5,"TWOGAUSSIANS_WITH_ELLIPSOIDAL_ON_ECLIPSE2",9,23.12073,0.8673399,1.1217256E-5,0.006430974,1.6261081E-4,0.5644245,0.01550729,0.28307596,0.027635686,0.13637277,0.1251564,0.07868687,1.701591E21
375316653866487564,5285267938482462848,0.42910102,1871.7151031056912,1.4017123862554297,4.17008E-5,18.883278,0.0075896955,0.5424539,0.01850251,0.15626569,0.022928057,0.069594964,0.009899381,0.8861485,0.013485666,0.017302977,0.012420006,0.27772155,0.24647889,null,null,null,null,"TWOGAUSSIANS",8,5.1402087,0.8861485,0.013485666,0.09689668,0.069552034,0.28309548,0.24642324,0.5424539,0.01850251,0.4,0.0,0.06876228,0.009426729
375316653866487564,5285280999480948480,0.6253281,1880.3065469890175,3.7633920984368805,3.187372E-6,17.562414,0.011327385,0.27328902,0.0015180795,0.05000248,0.0029404429,0.45148623,0.023513999,0.771659,0.001338627,0.048348114,0.0025759137,0.3818573,0.021762876,0.12183582,0.01163153,0.27328902,0.0015180795,"TWOGAUSSIANS_WITH_ELLIPSOIDAL_ON_ECLIPSE1",9,8.695712,0.27328902,0.0015180795,0.2800139,0.01646648,0.695155,0.017432086,0.771829,0.001161317,0.27074945,0.014425117,0.62550324,0.0054773763
375316653866487564,5285283400364797440,0.46429023,1877.8840680942155,1.5415981523672548,7.809182E-6,19.188457,0.9160584,0.2726906,0.006649256,0.27128965,0.14800753,0.91299486,0.9087509,0.7550426,0.006782836,0.12804538,0.017400375,0.6577701,0.27584314,null,null,null,null,"TWOGAUSSIANS",8,1.902946,0.7550426,0.006782836,0.4,0.0,0.31321195,0.01288359,0.27358058,0.0060288794,0.4,0.0,0.23541805,0.01750556
375316653866487564,5285283439022418176,0.46307743,1897.6024846943565,0.3739994606583051,4.6916404E-5,16.777054,0.011672105,0.06535544,0.01964654,0.016117802,0.01373347,0.5282873,0.36310592,0.55402094,0.079991184,0.099359296,0.12163591,0.020843798,0.009437317,null,null,null,null,"TWOGAUSSIANS",8,41.072006,0.06535544,0.019753193,0.09025969,0.076907426,0.5282849,0.3625147,0.55402094,0.079991184,0.4,0.0,0.020841269,0.008171923
375316653866487564,5285293295969838080,0.46960962,1875.2764313330931,0.20253431532858931,1.5422465E-5,19.782015,0.0058345823,0.3022635,0.0023097657,0.011984663,0.0027911686,0.52456427,0.31208235,0.7997697,0.010622893,0.012465545,0.0100765675,0.51619697,102.58917,null,null,null,null,"TWOGAUSSIANS",8,3.5069346,0.3022635,0.0023097657,0.06711411,0.015630545,0.52456427,0.31208235,0.7997697,0.010622893,0.06980705,0.05642878,0.51619697,102.58917
375316653866487564,5285302641818561408,0.46825334,1927.2003906640405,0.9565399063731006,5.805911E-6,18.29613,0.005553636,0.22537799,0.0011848661,0.027272342,0.0013703844,0.2728412,0.017731331,0.72165775,0.0053937384,0.038230255,0.007524401,0.062750414,0.018067783,null,null,null,null,"TWOGAUSSIANS",8,9.930659,0.22537799,0.0011848661,0.15272512,0.0076741525,0.2728412,0.017731331,0.72165775,0.0053937384,0.21408942,0.042136647,0.062750414,0.018067783
375316653866487564,5285308792211911296,0.56022274,1883.9754294269655,1.3485227482918953,5.2670803E-6,18.992876,0.0035701448,0.27171484,0.0053069284,0.020409456,0.0026972615,0.5307548,0.06679541,0.7716994,0.006081984,0.015343801,0.0036431383,0.5023926,0.05933021,0.019982418,0.0059229177,0.27171484,0.0053069284,"TWOGAUSSIANS_WITH_ELLIPSOIDAL_ON_ECLIPSE1",9,2.9773338,0.27171484,0.0053069284,0.11429295,0.0151046645,0.57071954,0.067038365,0.7716994,0.0060727107,0.08592529,0.020401575,0.5423573,0.057825483
375316653866487564,5285310750717052160,0.48046017,1907.7688194846937,2.9197858897181583,8.780183E-6,18.142977,0.0036574742,0.23757032,0.0027033072,0.05264997,0.005295446,0.13102885,0.0074793096,0.7376345,0.009200708,0.07749416,0.010620415,0.07088098,0.006728866,null,null,null,null,"TWOGAUSSIANS",8,3.4650924,0.23757032,0.0027033072,0.29483986,0.029654497,0.13091873,0.0075020287,0.7376345,0.009200708,0.4,0.0,0.07077086,0.006740788
375316653866487564,5285312919678031104,0.5352061,1907.844367401499,4.170473998843169,9.059956E-6,17.466524,0.01056208,0.123603076,0.002747332,0.10247832,0.0068667475,0.22687615,0.009962707,0.6362711,0.0022346415,0.101618946,0.005351774,0.24167907,0.010162262,null,null,null,null,"TWOGAUSSIANS",8,6.8582087,0.6362711,0.002233644,0.4,0.0,0.2217149,0.0064414083,0.123603076,0.0027485406,0.4,0.0,0.20691152,0.008821007
375316653866487564,5285319035711585792,0.56665444,1975.8750523452186,1.9150211310477046,6.1370547E-6,12.504826,0.010247279,0.23023419,0.0028918185,0.06604323,0.004870013,0.22710927,0.010769761,0.7119686,0.0018693195,0.07464489,0.0041211513,0.39281106,0.009041192,null,null,null,null,"TWOGAUSSIANS",8,687.67773,0.7119686,0.0018693195,0.4,0.0,0.3921268,0.008933174,0.23023419,0.0028918185,0.36984208,0.027272072,0.22642499,0.010520416
375316653866487564,5285348653805803008,0.5866031,2059.355329438502,0.02011643680541343,5.4606935E-5,17.576418,0.0010510564,0.83820164,1.00144935E-4,0.038502235,2.7721748E-4,0.4793791,0.0024511178,null,null,null,null,null,null,null,null,null,null,"ONEGAUSSIAN",5,2.1772006,0.83820164,1.00144935E-4,0.2156125,0.0015524179,0.4793791,0.0,null,null,null,null,null,null
375316653866487564,5285375042082755456,0.5523142,2073.523497137519,4.92097184579956,4.8664915E-6,19.722933,0.011443207,0.24982779,0.0021190722,0.07250869,0.0033632205,0.38942435,0.018575076,0.76590633,0.0023889386,0.06817583,0.0041991323,0.57425183,0.047276065,null,null,null,null,"TWOGAUSSIANS",8,1.4647968,0.76590633,0.0023889386,0.38178465,0.023393435,0.5731296,0.047648437,0.24982779,0.0021190722,0.4,0.0011044762,0.38830212,0.018483922
375316653866487564,5285376004157799168,0.470271,2154.9170721882124,3.87720772481937,8.556564E-6,15.141305,0.11088171,0.18634489,0.006818174,0.17889002,0.04118967,0.73124266,0.1431868,0.685124,0.0048103444,0.200382,0.03410008,0.8231551,0.09192498,null,null,null,null,"TWOGAUSSIANS",8,36.744446,0.685124,0.0048103444,0.4,0.0,0.20240773,0.008327123,0.1872149,0.0081265755,0.4,0.0,0.15427163,0.013482472
375316653866487564,5285409401822703872,0.57680255,1953.743579222767,3.961527610747284,8.374577E-6,14.846219,0.0135812955,0.3080127,0.0030991435,0.06428051,0.0066044433,0.22785485,0.042551953,0.81439495,0.0048440513,0.053217378,0.00586082,0.28050193,0.03393079,0.10146638,0.021393813,0.3080127,0.0030991435,"TWOGAUSSIANS_WITH_ELLIPSOIDAL_ON_ECLIPSE1",9,203.73534,0.81439495,0.0048440513,0.2980173,0.03282059,0.48298898,0.0130430395,0.3080127,0.0030991435,0.35997087,0.036984883,0.43066806,0.02233511
375316653866487564,5285410879291403264,0.5626121,2020.674264038339,1.9797347887074628,4.252296E-6,16.505693,0.008242773,0.30017054,0.0011786155,0.03130096,0.001495782,0.6545931,0.03189202,0.7986488,0.0022386324,0.027863432,0.0017667683,0.4653254,0.025682056,0.030999608,0.01523555,0.30017054,0.0011786155,"TWOGAUSSIANS_WITH_ELLIPSOIDAL_ON_ECLIPSE1",9,75.15116,0.30017054,0.0011786155,0.17528537,0.0083763795,0.71659225,0.03355213,0.7986588,0.0022168981,0.15603521,0.009893903,0.52731895,0.019789163
375316653866487564,5285426096359084416,0.5430538,2028.0951806202443,3.8565148884952065,4.8178954E-6,18.695154,0.009114863,0.22199775,0.0021094813,0.08361945,0.0036173624,0.28215662,0.010677133,0.7235759,0.0033262924,0.07723597,0.006430134,0.3161634,0.015048116,null,null,null,null,"TWOGAUSSIANS",8,2.6255162,0.7235759,0.0033262924,0.4,0.0,0.3115566,0.0155384615,0.22199775,0.0021094813,0.4,0.0,0.27754983,0.009566087
375316653866487564,5285461250668023680,0.49459115,2123.7183044088906,3.8928100181301075,1.3394369E-5,17.464191,0.0028992805,0.25598782,0.0045384597,0.050669897,0.018514855,0.006481689,0.015743146,null,null,null,null,null,null,0.06194542,0.0037660054,0.25598782,0.0045384597,"ONEGAUSSIAN_WITH_ELLIPSOIDAL",6,8.13411,0.25598782,0.0045384597,0.28375143,0.10368318,0.1303725,0.013967619,null,null,null,null,null,null
375316653866487564,5285468496276518016,0.48550504,2059.8077902053,1.4839168091187152,4.7698886E-5,19.856106,0.007757006,0.16025041,0.00934035,0.019410087,0.0076674847,0.5187099,1.0992538,0.63666236,0.008502861,0.0521872,0.0152974455,0.17596081,0.046091326,null,null,null,null,"TWOGAUSSIANS",8,1.1426158,0.16025041,0.00934035,0.10869648,0.042937916,0.5187099,1.0992538,0.63666236,0.008502861,0.29224834,0.085665695,0.17596081,0.046091326
375316653866487564,5285481213675871104,0.62259233,2167.784116107331,3.4712079867911227,9.377498E-6,17.163342,0.010585868,0.23982123,0.0012407012,0.046645533,0.0035465078,0.49020088,0.01874161,0.7411663,0.0058840695,0.043388512,0.0057278816,0.36564976,0.03014444,0.12748277,0.014506291,0.23982123,0.0012407012,"TWOGAUSSIANS_WITH_ELLIPSOIDAL_ON_ECLIPSE1",9,17.49478,0.23982123,0.0012407012,0.26121497,0.019860443,0.7451658,0.016408255,0.7411663,0.0056327605,0.24297567,0.032076135,0.62059647,0.017789338
375316653866487564,5285487978247951104,0.5195222,2224.381202551314,3.0812805897333773,2.1030039E-5,19.185308,0.008100571,0.17711598,0.0037552395,0.033793774,0.0063742273,0.21288772,0.029155726,0.93413275,0.044915292,0.031007368,0.040104795,0.10331154,0.31963232,0.09958031,0.016083345,0.17711598,0.0037552395,"TWOGAUSSIANS_WITH_ELLIPSOIDAL_ON_ECLIPSE1",9,3.318099,0.17711598,0.0037552395,0.18924512,0.035695672,0.41204756,0.033534113,0.9353328,0.04594449,0.17364126,0.22458684,0.10376381,0.3206573
375316653866487564,5285510178935677312,0.5066834,2263.9055352740875,1.298645874924169,2.6390448E-5,12.937773,0.01691859,0.26977834,0.008005799,0.077681676,0.008379202,0.40189585,0.04559525,0.76159424,0.0047084694,0.08398475,0.008271688,0.37670973,0.018032296,null,null,null,null,"TWOGAUSSIANS",8,1063.9513,0.26977834,0.008005799,0.4,0.0,0.39634305,0.04549206,0.76159424,0.0047084694,0.4,0.0,0.3711569,0.017730672
375316653866487564,5285541480658222208,0.5835116,1965.4115332722654,2.866885546565359,5.7236043E-6,15.709225,0.011436309,0.23260188,0.002958943,0.1043059,0.0078097754,0.21706524,0.009686891,0.7388849,0.0016380597,0.1010691,0.0057516536,0.22301254,0.009923114,null,null,null,null,"TWOGAUSSIANS",8,13.776926,0.7388849,0.0016369749,0.4,0.0,0.20194541,0.00443191,0.23260188,0.002958943,0.4,0.0,0.19599575,0.0072254427
375316653866487564,5285543645321649024,0.55029815,1940.96962681363,3.3238826084946,6.633313E-6,16.885668,0.0025697916,0.26042113,0.0016878021,0.04833422,0.008070785,0.03740725,0.0069461293,0.7412866,0.009388365,0.035597265,0.008326492,0.037554074,0.009379799,0.058698293,0.0045255623,0.26042113,0.0016878021,"TWOGAUSSIANS_WITH_ELLIPSOIDAL_ON_ECLIPSE1",9,5.1913953,0.26042113,0.0016878021,0.27067164,0.04519639,0.15480374,0.004048469,0.7458566,0.0074069835,0.1993447,0.04662836,0.15366198,0.0063547585
375316653866487564,5285561409306204288,0.53540266,1900.45375143657,3.6446214819889473,9.691623E-6,14.69146,0.09474705,0.20712164,0.0024279875,0.16421978,0.012220754,0.5267194,0.062807456,0.70699835,0.0023681668,0.2285807,0.027466808,0.6379514,0.094232455,null,null,null,null,"TWOGAUSSIANS",8,42.427116,0.70699835,0.002366522,0.4,0.0,0.12995255,0.004756215,0.20721164,0.0028457781,0.4,0.0,0.12503994,0.0051634773
375316653866487564,5285576630670440192,0.63639027,1937.923414474419,3.476789125927519,1.6723828E-6,16.909222,0.005645572,0.27200693,6.604462E-4,0.042973336,0.0015956424,0.36406124,0.013693539,0.7717457,0.0012236759,0.047498293,0.002127933,0.47274423,0.018474262,0.14016691,0.00932622,0.27200693,6.604462E-4,"TWOGAUSSIANS_WITH_ELLIPSOIDAL_ON_ECLIPSE1",9,14.835822,0.7717657,0.0011168132,0.26599044,0.011916425,0.7530769,0.017975181,0.27200693,6.604462E-4,0.24065068,0.008935598,0.6443946,0.008221465
375316653866487564,5285592534931557248,0.5180197,1932.3227003798042,0.8206833171557674,5.2640103E-6,18.938663,0.0045523485,0.31697696,0.007557123,0.010719699,0.0033129668,0.46796963,0.11243276,0.8223012,0.0024267184,0.012334805,0.0030179985,0.29951015,0.14196251,null,null,null,null,"TWOGAUSSIANS",8,3.9159372,0.31697696,0.007557123,0.060030315,0.018552614,0.46796963,0.11243276,0.8223012,0.0024267184,0.06907491,0.01690079,0.29951015,0.14196251
