Gaia/vari_eclipsing_binary/VariEclipsingBinary_764523-764557.csv
# %ECSV 1.0
# ---
# delimiter: ','
# meta: !!omap
# - RELEASE: Gaia DR3
# - TABLE: vari_eclipsing_binary
# - DESCRIPTION: >
#     This table describes the properties of the eclipsing binaries resulting from the variability analysis. 
# - CITATION: >
#     How to cite and acknowledge Gaia: 
#     https://gea.esac.esa.int/archive/documentation/credits.html 
# - KNOWN_ISSUES: >
#     Known issues: 
#     https://www.cosmos.esa.int/web/gaia-users/known-issues 
# - DOCUMENTATION: >
#     Tutorials and documentation: 
#     https://www.cosmos.esa.int/web/gaia-users/archive 
# datatype:
# - 
#   name: solution_id
#   datatype: int64
#   description: Solution Identifier
#   meta:
#     ucd: meta.version
# - 
#   name: source_id
#   datatype: int64
#   description: Unique source identifier
#   meta:
#     ucd: meta.id;meta.main
# - 
#   name: global_ranking
#   datatype: float32
#   description: Number between 0 (worst) and 1 (best)
#   meta:
#     ucd: stat.param
# - 
#   name: reference_time
#   datatype: float64
#   unit: d
#   description: Reference time used for the geometric model fit
#   meta:
#     ucd: time.epoch
# - 
#   name: frequency
#   datatype: float64
#   unit: d**-1
#   description: Frequency of geometric model of the eclipsing binary light curve
#   meta:
#     ucd: src.orbital
# - 
#   name: frequency_error
#   datatype: float32
#   unit: d**-1
#   description: "Uncertainty of \\texttt{frequency}"
#   meta:
#     ucd: stat.error
# - 
#   name: geom_model_reference_level
#   datatype: float32
#   unit: mag
#   description: Magnitude reference level of geometric model
#   meta:
#     ucd: phot.mag;em.opt
# - 
#   name: geom_model_reference_level_error
#   datatype: float32
#   unit: mag
#   description: "Uncertainty of \\texttt{geomModelReferenceLevel}"
#   meta:
#     ucd: stat.error;phot.mag;em.opt
# - 
#   name: geom_model_gaussian1_phase
#   datatype: float32
#   description: Phase of the Gaussian 1 component
#   meta:
#     ucd: time.phase
# - 
#   name: geom_model_gaussian1_phase_error
#   datatype: float32
#   description: "Uncertainty of \\texttt{geomModelGaussian1Phase}"
#   meta:
#     ucd: stat.error;time.phase
# - 
#   name: geom_model_gaussian1_sigma
#   datatype: float32
#   description: "Standard deviation [phase] of Gaussian 1 component"
#   meta:
#     ucd: stat.stdev
# - 
#   name: geom_model_gaussian1_sigma_error
#   datatype: float32
#   description: "Uncertainty of \\texttt{geomModelGaussian1Sigma}"
#   meta:
#     ucd: stat.error
# - 
#   name: geom_model_gaussian1_depth
#   datatype: float32
#   unit: mag
#   description: Magnitude depth of Gaussian 1 component
#   meta:
#     ucd: src.var.amplitude
# - 
#   name: geom_model_gaussian1_depth_error
#   datatype: float32
#   unit: mag
#   description: "Uncertainty of \\texttt{geomModelGaussian1Depth}"
#   meta:
#     ucd: stat.error;src.var.amplitude
# - 
#   name: geom_model_gaussian2_phase
#   datatype: float32
#   description: Phase of Gaussian 2 component
#   meta:
#     ucd: time.phase
# - 
#   name: geom_model_gaussian2_phase_error
#   datatype: float32
#   description: "Uncertainty of \\texttt{geomModelGaussian2Phase}"
#   meta:
#     ucd: stat.error;time.phase
# - 
#   name: geom_model_gaussian2_sigma
#   datatype: float32
[...]
#   datatype: float32
#   description: "Secondary eclipse: uncertainty of \\texttt{derivedSecondaryEclDuration}"
#   meta:
#     ucd: stat.error;time.duration
# - 
#   name: derived_secondary_ecl_depth
#   datatype: float32
#   unit: mag
#   description: "Secondary eclipse: depth"
#   meta:
#     ucd: src.var.amplitude
# - 
#   name: derived_secondary_ecl_depth_error
#   datatype: float32
#   unit: mag
#   description: "Secondary eclipse: uncertainty of \\texttt{derivedSecondaryEclDepth}"
#   meta:
#     ucd: stat.error;src.var.amplitude
solution_id,source_id,global_ranking,reference_time,frequency,frequency_error,geom_model_reference_level,geom_model_reference_level_error,geom_model_gaussian1_phase,geom_model_gaussian1_phase_error,geom_model_gaussian1_sigma,geom_model_gaussian1_sigma_error,geom_model_gaussian1_depth,geom_model_gaussian1_depth_error,geom_model_gaussian2_phase,geom_model_gaussian2_phase_error,geom_model_gaussian2_sigma,geom_model_gaussian2_sigma_error,geom_model_gaussian2_depth,geom_model_gaussian2_depth_error,geom_model_cosine_half_period_amplitude,geom_model_cosine_half_period_amplitude_error,geom_model_cosine_half_period_phase,geom_model_cosine_half_period_phase_error,model_type,num_model_parameters,reduced_chi2,derived_primary_ecl_phase,derived_primary_ecl_phase_error,derived_primary_ecl_duration,derived_primary_ecl_duration_error,derived_primary_ecl_depth,derived_primary_ecl_depth_error,derived_secondary_ecl_phase,derived_secondary_ecl_phase_error,derived_secondary_ecl_duration,derived_secondary_ecl_duration_error,derived_secondary_ecl_depth,derived_secondary_ecl_depth_error
[from data line 293]
375316653866487564,6724998395553674624,0.45115125,2380.538324202758,0.1715303221046798,3.8833437E-5,18.46974,0.004171846,0.45689023,0.067285106,0.07398934,0.063593745,0.05520435,0.028738039,0.77181184,0.024875993,0.023285013,0.010309559,0.3985298,2.2118616,null,null,null,null,"TWOGAUSSIANS",8,2.483163,0.77181184,0.024875993,0.13039607,0.057733532,0.39853624,2.211843,0.45689023,0.067285106,0.4,0.2321745,0.05520435,0.028743869
375316653866487564,6724998464265150080,0.5338992,2385.052449246046,3.602213699834456,2.03294E-5,19.31676,0.011267263,0.22155896,0.007992836,0.07084359,0.008083097,0.42504007,0.04637563,0.7213542,0.0032796902,0.07097208,0.005573267,0.5078911,0.03750504,null,null,null,null,"TWOGAUSSIANS",8,3.274886,0.7213542,0.0032796902,0.39744362,0.019497711,0.50604355,0.038246486,0.22155896,0.007992836,0.3967241,0.039562855,0.42319247,0.04695105
375316653866487564,6724999014020963328,0.4733762,2312.821096529719,0.3011534820926821,2.7665605E-5,18.67627,0.0043302276,0.2718663,0.00841634,0.030803109,0.0075402865,0.7282835,0.9037874,0.7634173,0.0068321754,0.06357789,0.010806005,0.120240316,0.06905233,null,null,null,null,"TWOGAUSSIANS",8,2.6122274,0.2718663,0.00841634,0.1724974,0.042225603,0.7282833,0.9037878,0.7634173,0.0068321754,0.3560362,0.06051363,0.120240115,0.069052674
375316653866487564,6724999151459166208,0.63556385,2340.72539969404,0.23755715457528828,2.0753683E-5,18.323809,0.0057267956,0.13989523,0.0048915963,0.043145828,0.0049999636,0.1458534,0.017484035,0.6299491,0.0024334784,0.026666125,0.0017942011,1.0800484,0.057566553,0.044984676,0.010887162,0.13989523,0.0048915963,"TWOGAUSSIANS_WITH_ELLIPSOIDAL_ON_ECLIPSE1",9,4.346853,0.6299991,0.0024145911,0.1493303,0.010047526,1.1696684,0.05424502,0.13989523,0.0048915963,0.24161665,0.027999796,0.23582275,0.016949136
375316653866487564,6724999769935266432,0.4705526,2393.2879953369916,3.565843916988977,3.856933E-5,19.721004,0.4672732,0.1628123,0.010114673,0.0877274,0.05008818,0.33720875,0.4005521,0.6387674,0.013942667,0.10722963,0.085015826,0.34348238,0.45050493,null,null,null,null,"TWOGAUSSIANS",8,2.9054456,0.6387674,0.013942667,0.4,0.0,0.32520506,0.06403297,0.16282229,0.007786703,0.4,0.0,0.31895164,0.0570677
375316653866487564,6725000319699479040,0.55234826,2326.9924889430517,3.413160497231038,9.187029E-6,18.698654,0.023289785,0.24497835,0.0057655433,0.07987975,0.009065704,0.36715057,0.03230652,0.73189545,0.00558681,0.08652339,0.008207647,0.30406675,0.027399678,null,null,null,null,"TWOGAUSSIANS",8,3.6842444,0.24497835,0.0057655433,0.4,0.0,0.36142173,0.031301126,0.73189545,0.00558681,0.4,0.0,0.29833785,0.02419096
375316653866487564,6725000555896188160,0.48176354,2348.6765948058237,0.10449116839541697,1.0086958E-4,17.823254,0.0066392077,0.22196381,0.004194365,0.025725631,0.0052882587,0.13778877,0.009097534,0.8150648,0.0014847446,0.021184769,0.002131092,1.5284942,0.5772413,null,null,null,null,"TWOGAUSSIANS",8,17.007412,0.8150648,0.0014847446,0.1186347,0.011934115,1.5284942,0.5772413,0.22196381,0.004194365,0.14406353,0.029614247,0.13778877,0.009097534
375316653866487564,6725000865125613184,0.6127667,2275.1283109612164,1.3819714277318715,4.4504845E-6,16.508312,0.0038043961,0.27952877,8.129509E-4,0.08405785,0.0013236622,0.2912377,0.004946375,0.7784637,0.0018296237,0.08695491,0.002740173,0.23195542,0.0037230456,null,null,null,null,"TWOGAUSSIANS",8,3.7424498,0.27952877,8.129509E-4,0.4,0.0,0.2841534,0.004395987,0.7784637,0.0018296237,0.4,0.0,0.22487108,0.0028656973
375316653866487564,6725000869420868608,0.4566723,2372.231894810518,0.7305904846438872,6.430576E-5,18.761963,0.012441541,0.3408659,0.0075096837,0.049245037,0.0067663863,0.46707657,0.10849209,0.59635276,0.0553532,0.026329977,0.035448443,0.076599345,0.07563746,null,null,null,null,"TWOGAUSSIANS",8,4.4152365,0.3408659,0.0075096837,0.27577218,0.037891764,0.46707657,0.10849209,0.59635276,0.0553532,0.14744787,0.19851127,0.076600015,0.07563754
375316653866487564,6725001277464500608,0.5471735,2325.0042731536073,1.5196401372035881,3.6936967E-6,18.94935,0.009958545,0.29539865,0.0028851656,0.045610923,0.0041537443,0.36203116,0.016593743,0.78817165,0.0065703923,0.03796652,0.0071555045,0.26981968,0.033957567,null,null,null,null,"TWOGAUSSIANS",8,3.138025,0.29539865,0.0028851656,0.25542116,0.02326097,0.36203113,0.016593741,0.78817165,0.0065703923,0.21261251,0.040070828,0.26981968,0.03395762
375316653866487564,6725002965364822016,0.4924572,2206.3699022705173,2.715651298930227,1.7826227E-5,18.475477,0.012653114,0.25865045,0.0058893505,0.08439916,0.0075274063,0.2068483,0.014101507,0.76614344,0.0053157276,0.08337146,0.014333307,0.2571383,0.028214635,null,null,null,null,"TWOGAUSSIANS",8,5.636445,0.76614344,0.0053157276,0.4,0.0,0.2523919,0.03164895,0.25865045,0.0058893505,0.4,0.0,0.2021019,0.011477162
375316653866487564,6725002999758994816,0.5113695,2314.7821410258553,2.0014773233082814,6.652757E-5,19.172983,0.006782166,0.38030148,1.4199964E-4,0.031174473,0.0010241987,0.6182533,0.005903273,0.6770298,0.013015386,0.016925598,0.0055576367,0.08317313,0.028362734,null,null,null,null,"TWOGAUSSIANS",8,5.3322825,0.38030148,1.4199964E-4,0.17457706,0.005735513,0.6182533,0.005903273,0.6770298,0.013015386,0.09478335,0.031122765,0.08317313,0.028362734
375316653866487564,6725003205917448448,0.58932173,2295.44377052492,3.3510581229087357,8.336341E-6,17.282824,0.006245353,0.24517989,0.002246887,0.08785344,0.0030253148,0.31309932,0.0074555427,0.74636316,0.004561248,0.08485222,0.0064883744,0.22771025,0.0137173105,null,null,null,null,"TWOGAUSSIANS",8,5.3404536,0.24517989,0.002246887,0.4,0.0,0.30516553,0.0063817464,0.74636316,0.004561248,0.4,0.0,0.21977651,0.014759777
375316653866487564,6725003476470135168,0.50745034,2301.842127285904,2.6027226145345153,2.161545E-5,18.090488,0.0043658833,null,null,null,null,null,null,null,null,null,null,null,null,0.09325246,0.0064750365,0.15616862,0.00462492,"ELLIPSOIDAL",4,9.926257,null,null,null,null,null,null,null,null,null,null,null,null
375316653866487564,6725003476470824960,0.5243049,2307.183915827849,1.5055437499459488,1.2852324E-5,19.070759,0.039185617,0.19699289,0.015146499,0.038217686,0.0062672473,0.71193874,0.22587903,0.5939858,0.062479332,0.21551505,0.14324786,0.058764257,0.03730638,null,null,null,null,"TWOGAUSSIANS",8,4.2542233,0.19715288,0.015115881,0.21401905,0.035096586,0.7147699,0.2249348,0.5939858,0.062479332,0.4,0.0,0.0496475,0.015715294
375316653866487564,6725004855151628800,0.4957926,2310.3145005578367,0.03726191921502584,3.130902E-5,18.160103,0.034327924,0.15102224,0.042562965,0.115383774,0.043436613,0.22252464,0.04539125,0.6818164,0.020892596,0.0700593,0.040274218,0.11464578,0.028019495,null,null,null,null,"TWOGAUSSIANS",8,5.268223,0.15102224,0.042562965,0.4,0.0,0.21693629,0.04070449,0.6818964,0.020825438,0.39233208,0.22034958,0.109120235,0.020882638
375316653866487564,6725005778568263552,0.5388792,2337.751901286476,2.5166879393237154,5.4976304E-6,16.360233,0.011354353,0.25830516,0.0024467239,0.0820213,0.0038740537,0.4701599,0.020943658,0.767347,0.004890389,0.055382498,0.004138544,0.29613072,0.022306895,null,null,null,null,"TWOGAUSSIANS",8,61.86862,0.25830516,0.0024467239,0.4,0.0,0.4693585,0.020946553,0.767347,0.004890389,0.31014198,0.023175849,0.29532933,0.022071106
375316653866487564,6725005881650450816,0.60530293,2289.6827329300368,2.1048131292298295,1.9748799E-5,18.369606,0.014031976,0.30159572,0.004133264,0.027368253,0.005332453,0.22658055,0.03877553,0.8009958,0.0033117542,0.036039148,0.00443002,1.130887,0.053371027,0.09715778,0.020544872,0.30159572,0.004133264,"TWOGAUSSIANS_WITH_ELLIPSOIDAL_ON_ECLIPSE1",9,9.215339,0.80100584,0.0032784042,0.20181923,0.024808113,1.3251998,0.047298636,0.30159572,0.004133264,0.15326221,0.029861737,0.42089608,0.0142338425
375316653866487564,6725005920345557632,0.45717543,2417.941235863342,4.1333611563476085,1.8493678E-5,18.012806,0.005220803,0.29867497,0.0049426164,0.0050845877,0.0028185786,0.42972353,0.50858825,0.67665184,0.08965031,0.052822623,0.054362908,0.052363627,0.16165546,0.030158525,0.006212471,0.29867497,0.0049426164,"TWOGAUSSIANS_WITH_ELLIPSOIDAL_ON_ECLIPSE1",9,3.263468,0.29867497,0.0049426164,0.028473692,0.01578404,0.49004024,0.510184,0.6975118,0.10223233,0.29580668,0.25115246,0.08749314,0.16570793
375316653866487564,6725006023416456064,0.54671025,2285.695018914147,0.4702641629322098,3.7866495E-5,19.094677,0.005895985,0.16801304,0.011367696,0.05696464,0.013954073,0.103728324,0.15371291,0.7184268,0.01176916,0.016499342,0.01004941,2.228136,3.1582985,null,null,null,null,"TWOGAUSSIANS",8,1.7014529,0.7184268,0.01176916,0.09239631,0.056276698,2.228136,3.1582985,0.16801304,0.011367696,0.31900197,0.07814281,0.103728324,0.15371291
375316653866487564,6725006981159187072,0.60635525,2253.5443621985446,3.2322668663008427,5.609318E-6,18.306368,0.011538146,0.26596928,0.0020269137,0.078900985,0.0036943632,0.3518286,0.010998255,0.7618109,0.001831522,0.07555946,0.0028962535,0.3809835,0.011404941,null,null,null,null,"TWOGAUSSIANS",8,1.8715656,0.7618109,0.001831522,0.4,0.0,0.37742987,0.010322125,0.26596928,0.0020269137,0.4,0.0,0.34827498,0.010192977
375316653866487564,6725006981162117248,0.45860958,2247.2340077863664,0.24758736545437257,6.8371E-5,18.342648,0.0064887144,0.20745882,0.020389132,0.1277829,0.0181921,0.2314062,0.03504972,0.8528954,0.025117636,0.045329582,0.026808023,0.07875676,0.023773111,null,null,null,null,"TWOGAUSSIANS",8,9.482309,0.20745882,0.020389132,0.4,0.0,0.23105817,0.035238173,0.8558554,0.027336566,0.25384566,0.15012494,0.08349359,0.024439067
375316653866487564,6725007466525131136,0.44358358,2295.9538873221577,0.5153124113991928,5.2429157E-5,18.011166,0.06551695,0.35553157,0.022431627,0.23080693,0.10860599,0.09519022,0.06112119,0.9135669,0.010354856,0.029048583,0.010731645,0.029225655,0.061823886,null,null,null,null,"TWOGAUSSIANS",8,3.851297,0.35553157,0.022431627,0.4,0.0,0.07612697,0.009825312,0.91574687,0.010353989,0.16267206,0.060097214,0.030563818,0.062068634
375316653866487564,6725008978353421952,0.49970442,2294.727983335031,4.407249618542573,1.4647106E-5,19.181602,0.008217547,0.18528502,0.003797925,0.067802235,0.0072718016,0.21662816,0.008506018,0.68899614,0.0074683586,0.0681324,0.008390279,0.16598801,0.011788097,null,null,null,null,"TWOGAUSSIANS",8,1.5076509,0.18528502,0.003797925,0.37969252,0.04072209,0.21623294,0.008516038,0.68899614,0.0074683586,0.38154146,0.035390675,0.16559279,0.011714556
375316653866487564,6725009111488516352,0.4741683,2258.1078291367944,3.517897192402169,2.1924938E-5,18.467892,0.072180696,0.2750593,0.0061681727,0.06951076,0.012813785,0.37521404,0.06617163,0.7559335,0.027185952,0.08976844,0.07185125,0.27070117,0.057179388,null,null,null,null,"TWOGAUSSIANS",8,16.714478,0.2750593,0.005935598,0.38926023,0.046171226,0.3721707,0.04249745,0.7559335,0.027185952,0.4,0.0,0.26765764,0.07500048
375316653866487564,6725009287556704384,0.45728716,2254.7715307321514,0.24752573874721123,3.7901274E-5,18.58099,0.0063258545,0.39097923,0.0077851033,0.06918433,0.007745895,0.09823354,0.012106607,0.6623625,0.04698757,0.07708968,0.08177124,0.036069788,0.013781778,null,null,null,null,"TWOGAUSSIANS",8,1.9382422,0.39113924,0.0054117935,0.38743225,0.04183609,0.098306805,0.0112774335,0.6623625,0.04698757,0.4,0.19544631,0.036114093,0.013918538
375316653866487564,6725009352017097472,0.49964422,2326.383305219626,2.1927347424275583,1.3739967E-5,17.615799,0.4168015,0.2230092,0.0061976146,0.1459938,0.06957437,0.387827,0.4109532,0.72825617,0.0064623924,0.12825473,0.04671964,0.4337615,0.37066758,null,null,null,null,"TWOGAUSSIANS",8,17.038017,0.7284861,0.0062531093,0.4,0.0,0.28698075,0.035393097,0.2228992,0.0060546575,0.4,0.0,0.23926876,0.017201046
375316653866487564,6725009940391480576,0.46700093,2295.190961028111,1.7420065434153185,1.9232608E-5,18.048773,0.0020520713,null,null,null,null,null,null,null,null,null,null,null,null,0.043620452,0.0031058914,0.29673025,0.0047325995,"ELLIPSOIDAL",4,2.5823212,null,null,null,null,null,null,null,null,null,null,null,null
375316653866487564,6725010352708737664,0.5359874,2283.615298770228,3.22326202340693,1.8010725E-5,18.480345,0.09789078,0.18385686,0.006633233,0.11557896,0.028956711,0.36410475,0.092884764,0.66942024,0.0041873613,0.11730222,0.025161076,0.3496494,0.091425285,null,null,null,null,"TWOGAUSSIANS",8,4.542619,0.18390685,0.006673233,0.4,0.0,0.30200398,0.022712719,0.66942024,0.0041873613,0.4,0.0,0.2875305,0.022330256
375316653866487564,6725010696305898496,0.4928526,2286.527524214977,3.309062267040404,1.5590958E-5,19.444809,0.016271833,0.2942891,0.018581333,0.087282084,0.024678798,0.17580447,0.019871641,0.7806379,0.0051596933,0.082935765,0.01200271,0.23654225,0.035094507,null,null,null,null,"TWOGAUSSIANS",8,1.5802003,0.7806379,0.0051596933,0.4,0.0,0.2322706,0.036148082,0.2942891,0.018581333,0.4,0.03918594,0.17153278,0.018855097
375316653866487564,6725011624054119168,0.6738691,2292.9807826101087,0.9928591924133636,1.7931976E-5,14.271402,0.0020981422,0.2934608,0.0010216144,0.044073887,0.0018353718,0.35967907,0.010477454,0.77974397,0.0076776072,0.03752481,0.018983785,0.05411683,1.4253539,0.015303163,0.003131613,0.77974397,0.0076776072,"TWOGAUSSIANS_WITH_ELLIPSOIDAL_ON_ECLIPSE2",9,9.934222,0.29328078,9.7238726E-4,0.24681377,0.010278082,0.3900614,0.0120308455,0.77974397,0.0076776072,0.21013893,0.10630919,0.08472305,1.4279168
375316653866487564,6725012311248061824,0.4726807,2266.6062108734086,1.3061136228824726,5.2575815E-5,18.66991,0.01669403,0.19678985,0.020653887,0.030299515,0.028789718,0.14294434,0.08077475,0.5944264,0.018083254,0.17079465,0.0352753,0.22243798,0.012532137,null,null,null,null,"TWOGAUSSIANS",8,5.413785,0.5944264,0.018083254,0.4,0.0,0.2160845,0.01961209,0.19804984,0.03170576,0.16967729,0.16122241,0.1519527,0.08055265
375316653866487564,6725012448687856384,0.52152324,2334.003128651202,0.8148396045141452,2.9722869E-5,17.35533,0.0066073234,0.098594934,0.0010808129,0.00957306,0.0010233342,0.4997235,0.08754376,0.8333776,0.06562043,0.013763124,0.05711909,0.6020391,0.6625018,0.011664589,0.009275086,0.098594934,0.0010808129,"TWOGAUSSIANS_WITH_ELLIPSOIDAL_ON_ECLIPSE1",9,25.155954,0.8333776,0.06562043,0.07707349,0.31436783,0.60225165,0.6568369,0.098594934,0.0010808129,0.053609136,0.005730672,0.52305263,0.08956445
375316653866487564,6725012719262788608,0.6461123,2324.5797347603648,1.2724012396700677,5.1056345E-6,15.996385,0.011339128,0.26288748,0.0014197119,0.10142991,0.0039884136,0.27048984,0.010796951,0.76074666,0.002449885,0.11388643,0.005592437,0.2324008,0.011224625,null,null,null,null,"TWOGAUSSIANS",8,4.328274,0.26288748,0.001418674,0.4,0.0,0.23773184,0.0036818138,0.76074666,0.002449885,0.4,0.0,0.19961527,0.0041451454
375316653866487564,6725013131554761728,0.45929605,2331.467867799601,0.1404274389677166,2.2764194E-5,17.721039,0.020803537,0.20326458,0.020063825,0.10325505,0.034400046,0.11788975,0.018402401,0.70833355,0.0068058856,0.055575248,0.007819199,0.2470652,0.05128325,null,null,null,null,"TWOGAUSSIANS",8,5.2518144,0.70833355,0.0068058856,0.3112214,0.043787513,0.24524838,0.050654523,0.20326458,0.020063825,0.4,0.0,0.11607097,0.017326558
375316653866487564,6725013342006164992,0.44308373,2323.562745393704,0.3136603294383787,5.2738473E-5,19.195402,0.075001076,0.26006374,0.20883904,0.113251165,0.1999074,0.07202516,0.098940715,0.5406929,0.02818737,0.08731757,0.063238464,0.24985063,0.22645159,null,null,null,null,"TWOGAUSSIANS",8,4.649847,0.5406929,0.02818737,0.4,0.14346091,0.25280777,0.30119714,0.27565375,0.6665975,0.4,0.11484132,0.07345463,0.61920816
