Gaia/vari_eclipsing_binary/VariEclipsingBinary_597234-597263.csv
# %ECSV 1.0
# ---
# delimiter: ','
# meta: !!omap
# - RELEASE: Gaia DR3
# - TABLE: vari_eclipsing_binary
# - DESCRIPTION: >
#     This table describes the properties of the eclipsing binaries resulting from the variability analysis. 
# - CITATION: >
#     How to cite and acknowledge Gaia: 
#     https://gea.esac.esa.int/archive/documentation/credits.html 
# - KNOWN_ISSUES: >
#     Known issues: 
#     https://www.cosmos.esa.int/web/gaia-users/known-issues 
# - DOCUMENTATION: >
#     Tutorials and documentation: 
#     https://www.cosmos.esa.int/web/gaia-users/archive 
# datatype:
# - 
#   name: solution_id
#   datatype: int64
#   description: Solution Identifier
#   meta:
#     ucd: meta.version
# - 
#   name: source_id
#   datatype: int64
#   description: Unique source identifier
#   meta:
#     ucd: meta.id;meta.main
# - 
#   name: global_ranking
#   datatype: float32
#   description: Number between 0 (worst) and 1 (best)
#   meta:
#     ucd: stat.param
# - 
#   name: reference_time
#   datatype: float64
#   unit: d
#   description: Reference time used for the geometric model fit
#   meta:
#     ucd: time.epoch
# - 
#   name: frequency
#   datatype: float64
#   unit: d**-1
#   description: Frequency of geometric model of the eclipsing binary light curve
#   meta:
#     ucd: src.orbital
# - 
#   name: frequency_error
#   datatype: float32
#   unit: d**-1
#   description: "Uncertainty of \\texttt{frequency}"
#   meta:
#     ucd: stat.error
# - 
#   name: geom_model_reference_level
#   datatype: float32
#   unit: mag
#   description: Magnitude reference level of geometric model
#   meta:
#     ucd: phot.mag;em.opt
# - 
#   name: geom_model_reference_level_error
#   datatype: float32
#   unit: mag
#   description: "Uncertainty of \\texttt{geomModelReferenceLevel}"
#   meta:
#     ucd: stat.error;phot.mag;em.opt
# - 
#   name: geom_model_gaussian1_phase
#   datatype: float32
#   description: Phase of the Gaussian 1 component
#   meta:
#     ucd: time.phase
# - 
#   name: geom_model_gaussian1_phase_error
#   datatype: float32
#   description: "Uncertainty of \\texttt{geomModelGaussian1Phase}"
#   meta:
#     ucd: stat.error;time.phase
# - 
#   name: geom_model_gaussian1_sigma
#   datatype: float32
#   description: "Standard deviation [phase] of Gaussian 1 component"
#   meta:
#     ucd: stat.stdev
# - 
#   name: geom_model_gaussian1_sigma_error
#   datatype: float32
#   description: "Uncertainty of \\texttt{geomModelGaussian1Sigma}"
#   meta:
#     ucd: stat.error
# - 
#   name: geom_model_gaussian1_depth
#   datatype: float32
#   unit: mag
#   description: Magnitude depth of Gaussian 1 component
#   meta:
#     ucd: src.var.amplitude
# - 
#   name: geom_model_gaussian1_depth_error
#   datatype: float32
#   unit: mag
#   description: "Uncertainty of \\texttt{geomModelGaussian1Depth}"
#   meta:
#     ucd: stat.error;src.var.amplitude
# - 
#   name: geom_model_gaussian2_phase
#   datatype: float32
#   description: Phase of Gaussian 2 component
#   meta:
#     ucd: time.phase
# - 
#   name: geom_model_gaussian2_phase_error
#   datatype: float32
#   description: "Uncertainty of \\texttt{geomModelGaussian2Phase}"
#   meta:
#     ucd: stat.error;time.phase
# - 
#   name: geom_model_gaussian2_sigma
#   datatype: float32
[...]
#   datatype: float32
#   description: "Secondary eclipse: uncertainty of \\texttt{derivedSecondaryEclDuration}"
#   meta:
#     ucd: stat.error;time.duration
# - 
#   name: derived_secondary_ecl_depth
#   datatype: float32
#   unit: mag
#   description: "Secondary eclipse: depth"
#   meta:
#     ucd: src.var.amplitude
# - 
#   name: derived_secondary_ecl_depth_error
#   datatype: float32
#   unit: mag
#   description: "Secondary eclipse: uncertainty of \\texttt{derivedSecondaryEclDepth}"
#   meta:
#     ucd: stat.error;src.var.amplitude
solution_id,source_id,global_ranking,reference_time,frequency,frequency_error,geom_model_reference_level,geom_model_reference_level_error,geom_model_gaussian1_phase,geom_model_gaussian1_phase_error,geom_model_gaussian1_sigma,geom_model_gaussian1_sigma_error,geom_model_gaussian1_depth,geom_model_gaussian1_depth_error,geom_model_gaussian2_phase,geom_model_gaussian2_phase_error,geom_model_gaussian2_sigma,geom_model_gaussian2_sigma_error,geom_model_gaussian2_depth,geom_model_gaussian2_depth_error,geom_model_cosine_half_period_amplitude,geom_model_cosine_half_period_amplitude_error,geom_model_cosine_half_period_phase,geom_model_cosine_half_period_phase_error,model_type,num_model_parameters,reduced_chi2,derived_primary_ecl_phase,derived_primary_ecl_phase_error,derived_primary_ecl_duration,derived_primary_ecl_duration_error,derived_primary_ecl_depth,derived_primary_ecl_depth_error,derived_secondary_ecl_phase,derived_secondary_ecl_phase_error,derived_secondary_ecl_duration,derived_secondary_ecl_duration_error,derived_secondary_ecl_depth,derived_secondary_ecl_depth_error
[from data line 221]
375316653866487564,5253395918211086208,0.494444,2250.0326888907007,2.8499114469216105,3.5269582E-5,19.354319,0.06062806,0.2719808,0.017310733,0.08424105,0.04461861,0.39735022,0.048370335,0.7920604,0.0054323333,0.0899346,0.016715309,0.3168213,0.054613583,null,null,null,null,"TWOGAUSSIANS",8,5.22974,0.2719808,0.017315045,0.4,0.0,0.38917425,0.05950887,0.7920604,0.005420526,0.4,0.0,0.30864513,0.021529447
375316653866487564,5253395982617609728,0.60209453,2235.6780816940945,0.10315588960269337,6.00814E-5,18.012089,0.0016268758,0.54137194,0.001036203,0.030024894,5.241735E-4,1.4096202,0.067112274,0.9076346,0.0038972485,0.009318329,0.016291425,0.31997514,2.6591341,null,null,null,null,"TWOGAUSSIANS",8,1.4944197,0.54137194,0.001036203,0.16813941,0.0029353714,1.4096202,0.067112274,0.9076346,0.0038972485,0.05218264,0.09123198,0.31997514,2.6591341
375316653866487564,5253395982632518400,0.54314405,2213.256695696304,2.8527546464509346,1.2703733E-5,18.771704,0.014979552,0.33927667,0.0029653432,0.074477,0.006253893,0.35315406,0.02032104,0.8210407,0.0030732579,0.072118595,0.0061437525,0.3441837,0.016634753,null,null,null,null,"TWOGAUSSIANS",8,3.3163168,0.33927667,0.0029653432,0.4,0.004690339,0.35180604,0.020363705,0.8210407,0.0030732579,0.4,0.018586263,0.34283566,0.01631926
375316653866487564,5253396051351975296,0.58020395,2222.5277768255305,3.1879536684778365,9.752537E-6,19.2939,0.017590577,0.18134554,0.0032321524,0.037830412,0.008375216,0.33532867,0.03899325,0.6814632,0.006644177,0.049588718,0.007982058,0.44044697,0.060226478,0.14357056,0.024207376,0.18134554,0.0032321524,"TWOGAUSSIANS_WITH_ELLIPSOIDAL_ON_ECLIPSE1",9,1.812149,0.6814632,0.006535022,0.27769682,0.044699527,0.7275865,0.06395491,0.18134554,0.0032321524,0.2118503,0.04690121,0.62246835,0.01901044
375316653866487564,5253396090034796544,0.45383462,2197.202590348878,0.23092000971582344,5.0119565E-5,19.161343,0.020607864,0.2920919,0.01438726,0.12860405,0.030763846,0.14419326,0.015492426,0.74294746,0.012973771,0.08340052,0.017703557,0.12689619,0.022852855,null,null,null,null,"TWOGAUSSIANS",8,2.190898,0.2920919,0.01438726,0.4,0.0,0.13485128,0.017167052,0.74294746,0.012973771,0.4,0.0,0.11787909,0.018899193
375316653866487564,5253396124394509952,0.48939064,2237.579710754831,0.1131184065891864,4.5507226E-5,15.965176,0.002812276,0.0995276,0.0053115347,0.048636753,0.0057280613,0.038168535,0.0059125484,0.61358607,0.0017130612,0.012346917,0.0017897867,0.15163837,0.012682746,null,null,null,null,"TWOGAUSSIANS",8,22.614164,0.61358607,0.0017130612,0.06914274,0.010022806,0.15163837,0.012682746,0.0995276,0.0053115347,0.2723658,0.03207714,0.038168535,0.0059125484
375316653866487564,5253396296196367744,0.44000253,2165.5056959248727,0.3193328006415625,4.483117E-5,18.13686,0.005132613,0.17154284,0.021024363,0.013437884,0.013748045,0.62892556,1.09581853E11,0.83982176,0.0037447156,0.015931439,0.00490955,0.06024345,0.0124615785,0.024386892,0.010673212,0.17154284,0.021024363,"TWOGAUSSIANS_WITH_ELLIPSOIDAL_ON_ECLIPSE1",9,6.268149,0.17154284,0.021024363,0.075252146,0.076989055,0.6776993,1.09581853E11,0.83982176,0.0037447156,0.08921606,0.027493479,0.07201152,0.01518623
375316653866487564,5253396330553258496,0.4724365,2177.4438509076817,3.2408337240802902,3.3735112E-5,14.908766,0.0034775261,null,null,null,null,null,null,null,null,null,null,null,null,0.06842118,0.0048180013,0.2523837,0.0054866853,"ELLIPSOIDAL",4,121.262375,null,null,null,null,null,null,null,null,null,null,null,null
375316653866487564,5253396742870185600,0.55207235,2173.2992201365305,2.336335734872112,1.3228895E-5,16.61773,0.014600399,0.21209282,0.00626354,0.036883917,0.0074599343,0.17542163,0.059560813,0.7103696,0.0054324055,0.06727371,0.027062481,0.13174868,0.033522308,0.12669723,0.018155763,0.7103696,0.0054324055,"TWOGAUSSIANS_WITH_ELLIPSOIDAL_ON_ECLIPSE2",9,48.579773,0.21186282,0.0053755054,0.20654994,0.041775633,0.428659,0.050878502,0.7103696,0.0054324055,0.3767328,0.11260971,0.38501176,0.020360675
375316653866487564,5253396910346518144,0.4634313,2152.3006772180047,3.254662212760667,2.5129013E-5,18.517475,0.014663944,0.28869542,0.008599138,0.11229083,0.02040277,0.10284639,0.013484769,0.76574105,0.009421465,0.07551035,0.01117769,0.10385895,0.016087852,null,null,null,null,"TWOGAUSSIANS",8,2.3995538,0.76574105,0.009421465,0.4,0.008013188,0.09968982,0.010942771,0.28869542,0.008599138,0.4,0.0,0.09866286,0.009467089
375316653866487564,5253397052085583616,0.52693194,2138.3815345040794,3.732825050250836,5.2004903E-5,19.677843,0.0070369,0.20392796,0.00666035,0.053644903,0.011445985,0.12594146,0.04982599,0.7066909,0.014904597,0.027710931,0.011636398,0.88281953,0.33131164,null,null,null,null,"TWOGAUSSIANS",8,1.7081904,0.7066909,0.014904597,0.15518121,0.06516383,0.88281953,0.33131176,0.20392796,0.00666035,0.30041146,0.064097516,0.12594146,0.04982601
375316653866487564,5253397086467564032,0.47759512,2157.558578691847,0.20884068474769865,1.4697814E-6,15.778633,0.12703589,0.5317765,0.011862215,0.3510408,0.11301769,0.19389364,0.11267383,0.40243137,4.2885134E-4,0.02655828,7.0996344E-4,0.19879946,0.0039190077,null,null,null,null,"TWOGAUSSIANS",8,94.031105,0.40291137,3.3067865E-4,0.14872636,0.003975795,0.24938124,0.002981418,0.5315465,0.012675416,0.4,0.0,0.059934814,0.008784718
375316653866487564,5253397528803234816,0.66206056,2200.9422304862337,2.7851619354441692,2.772758E-6,15.720349,0.0050103785,0.25597042,0.0010258732,0.043984126,0.0035308262,0.26035905,0.015013781,0.7733203,0.015400461,0.040662915,0.010295828,0.19656219,0.0121055795,0.12558296,0.00636904,0.25597042,0.0010258732,"TWOGAUSSIANS_WITH_ELLIPSOIDAL_ON_ECLIPSE1",9,20.994713,0.25597042,0.0010258732,0.24631111,0.019772626,0.5115249,0.01457508,0.7733203,0.015400461,0.22771233,0.057656635,0.44475508,0.0069897003
375316653866487564,5253398392114655360,0.46092862,2189.194845018959,0.7073543744959199,4.3057298E-5,18.717215,0.01568514,0.71536887,0.009220189,0.02802914,0.009176397,0.8000121,5.23903,null,null,null,null,null,null,0.101227745,0.024322225,0.71536887,0.009220189,"ONEGAUSSIAN_WITH_ELLIPSOIDAL",6,26.695671,0.71536887,0.009220189,0.15696318,0.051387824,1.0024675,5.2380285,null,null,null,null,null,null
375316653866487564,5253398800115551232,0.6072582,2158.969465328242,0.7279035016135491,1.0349728E-5,18.218958,0.0028717918,0.22796386,0.0010712835,0.026638469,9.496556E-4,0.41189083,0.0067771124,0.72771454,0.0023445797,0.025836086,0.0024463169,0.4325407,0.051713813,null,null,null,null,"TWOGAUSSIANS",8,2.2725213,0.72771454,0.0023445797,0.14468208,0.013699375,0.4325407,0.051713813,0.22796386,0.0010712835,0.14917542,0.005318071,0.41189083,0.0067771124
375316653866487564,5253398804431728512,0.50902116,2187.2251936122643,1.4574832403972857,7.062518E-5,18.550632,0.0061272816,0.30538872,0.020221816,0.045491494,0.014565431,0.2385614,0.06616813,0.80060226,0.0045965677,0.031595275,0.0031836294,0.31583893,0.019513933,null,null,null,null,"TWOGAUSSIANS",8,6.0596523,0.80060226,0.0045965677,0.17693354,0.017828325,0.31583893,0.019513931,0.30538872,0.020221816,0.25475237,0.08156641,0.2385614,0.06616815
375316653866487564,5253398976253373184,0.5556584,2183.813002095609,0.4034431978766127,1.51497E-5,12.474654,8.6857093E-4,0.18152185,0.003360356,0.04725441,0.005307633,0.022836506,0.0022193382,null,null,null,null,null,null,0.020461936,8.9052424E-4,0.18152185,0.003360356,"ONEGAUSSIAN_WITH_ELLIPSOIDAL",6,17.264093,0.18152185,0.003360356,0.26462469,0.029722745,0.06376034,0.0017517055,null,null,null,null,null,null
375316653866487564,5253399010590306816,0.46366554,2192.6468320425174,3.231934999298402,3.4192137E-5,19.100855,0.0053900233,null,null,null,null,null,null,null,null,null,null,null,null,0.07799817,0.008023647,0.24806136,0.007686411,"ELLIPSOIDAL",4,4.205076,null,null,null,null,null,null,null,null,null,null,null,null
375316653866487564,5253400277600194176,0.52416545,2187.0444973106605,4.323928316199978,1.3902151E-5,18.476522,0.0061432193,0.23637038,0.0061016087,0.08043197,0.0057799225,0.31650847,0.026237145,0.74657214,0.0026447906,0.0705025,0.0030051577,0.38072196,0.01276191,null,null,null,null,"TWOGAUSSIANS",8,5.593488,0.74657214,0.0026447906,0.39481398,0.016828883,0.37845087,0.012772876,0.23637038,0.0061016087,0.4,0.0,0.31423736,0.026627533
375316653866487564,5253400316283249280,0.63644594,2206.6145124461755,0.30371945292590913,1.7337268E-5,15.184619,7.618125E-4,0.29388076,0.022002954,0.014811182,0.012580739,0.24204983,14.263059,0.7809951,0.010116498,0.027996995,0.0063292556,0.113617264,0.06908332,0.006111942,0.0012066344,0.7809951,0.010116498,"TWOGAUSSIANS_WITH_ELLIPSOIDAL_ON_ECLIPSE2",9,4.0670485,0.29387075,0.022015886,0.08294262,0.07045214,0.2541938,14.262948,0.7809951,0.010116498,0.15678316,0.03544383,0.12584116,0.06912054
375316653866487564,5253400346298920448,0.59113806,2196.6268937016766,1.5440614868839293,5.444826E-6,17.496607,0.005052123,0.25058582,0.0014030816,0.054910243,0.0033368517,0.2229278,0.019211782,0.7078171,0.0032472326,0.017473191,0.0053151324,0.08285894,0.045678854,0.063073255,0.0062707504,0.25058582,0.0014030816,"TWOGAUSSIANS_WITH_ELLIPSOIDAL_ON_ECLIPSE1",9,4.569899,0.25058582,0.0014030816,0.30749735,0.01868637,0.34906718,0.017565351,0.7092671,0.004531312,0.09784987,0.029764742,0.20040067,0.04629069
375316653866487564,5253400350620126848,0.5441293,2193.1162910362173,3.94834012278892,9.969635E-6,16.620932,0.017692529,0.31858933,0.0033504239,0.09155367,0.0075834175,0.4564186,0.020459624,0.81759435,0.003560075,0.09355739,0.005187693,0.49107584,0.01925377,null,null,null,null,"TWOGAUSSIANS",8,40.607567,0.81759435,0.003560075,0.4,0.0,0.46676326,0.012675298,0.31858933,0.0033504239,0.4,0.0,0.43210632,0.021000797
375316653866487564,5253400419362389504,0.66049355,2200.206763060567,2.4695484608315756,1.6724316E-5,15.397899,6.2578154E-4,0.2620777,0.013855275,0.025039352,0.00886638,0.014138888,0.009263119,0.432188,8.196443E-6,0.002578884,1.1587371E-5,1.6006868,0.02476812,null,null,null,null,"TWOGAUSSIANS",8,3.7977436,0.432188,8.196443E-6,0.01444175,6.4889275E-5,1.6006868,0.02476812,0.2620777,0.013855275,0.14022037,0.049651727,0.014138888,0.009263119
375316653866487564,5253401347075144960,0.56453264,2165.905354531865,0.5862310950401298,4.8695815E-6,16.314367,0.0034833208,0.24212945,0.0038527243,0.025667245,0.0023050557,0.18999203,0.0067408923,0.75576895,0.017264884,0.028302312,0.030665088,0.1732171,0.21041472,null,null,null,null,"TWOGAUSSIANS",8,6.636721,0.24212945,0.0038527243,0.14373657,0.0129083125,0.18999203,0.006740892,0.75576895,0.017264884,0.15849295,0.1717245,0.1732171,0.21041472
375316653866487564,5253401377094205952,0.5229673,2132.0782909187883,2.560755532803776,2.315006E-5,18.169346,0.08639474,0.25309595,0.0075832657,0.115357995,0.04360206,0.22249185,0.07676904,0.7609189,0.0046624057,0.103861324,0.025035989,0.2076056,0.083754174,null,null,null,null,"TWOGAUSSIANS",8,2.8636985,0.25309595,0.007583093,0.4,0.0,0.19310386,0.013213341,0.7609389,0.0046260115,0.4,0.0,0.1782521,0.010120445
375316653866487564,5253401411472393216,0.4645999,2165.90779145246,0.613733766142899,2.9306955E-5,18.780556,0.00483763,0.8070489,0.0032217237,0.023745582,0.0036325494,0.4727053,0.043448277,null,null,null,null,null,null,null,null,null,null,"ONEGAUSSIAN",5,12.360935,0.8070489,0.0032217237,0.13297525,0.020342277,0.4727053,0.0,null,null,null,null,null,null
375316653866487564,5253401514551604096,0.53965795,2163.146342697778,0.04926936845089815,8.3561536E-5,18.588032,0.00209974,0.29433107,0.0010878098,0.0020399673,5.447641E-4,0.41087106,0.5548949,0.8312568,0.0797933,0.016224006,0.05548049,0.12424587,0.23313023,null,null,null,null,"TWOGAUSSIANS",8,1.2640239,0.29433107,0.0010878098,0.011423817,0.0030506789,0.41087106,0.5548949,0.8312568,0.0797933,0.090854436,0.31069076,0.12424587,0.23313023
375316653866487564,5253401720691580928,0.45479146,2152.905255933288,3.26840567654433,4.843778E-5,18.129267,0.010931214,0.26493153,0.020804951,0.08247627,0.027484378,0.081713885,0.014112868,0.77187824,0.007581375,0.06700818,0.015041293,0.08954511,0.013962517,null,null,null,null,"TWOGAUSSIANS",8,4.5116696,0.77187824,0.007581375,0.37524584,0.07568683,0.08900677,0.013516401,0.26493153,0.020804951,0.4,0.052577555,0.08117554,0.013785576
375316653866487564,5253401999886440704,0.5976318,2191.525412378848,3.302924508282046,4.655612E-6,18.867624,0.015021773,0.28758708,0.0033470748,0.07072895,0.0035877572,0.62454325,0.01725991,0.786427,0.0025760543,0.06772785,0.005337369,0.54501724,0.047780316,null,null,null,null,"TWOGAUSSIANS",8,3.4317696,0.28758708,0.0033470748,0.3960821,0.016719393,0.6228736,0.016664019,0.786427,0.0025760543,0.37927595,0.029584238,0.5433476,0.048326492
375316653866487564,5253402927623199616,0.6534983,2188.6651879311116,0.13717928263568477,5.065553E-5,16.521729,0.0017828201,0.32859752,0.0043361397,0.010389652,0.010568707,0.028261622,115.47976,0.19647087,0.003674054,0.010537577,0.0011550988,0.44976273,0.13648652,null,null,null,null,"TWOGAUSSIANS",8,2.9208958,0.19647087,0.003674054,0.05901043,0.006468553,0.44976273,0.13648652,0.32859752,0.0043361397,0.05818205,0.059184764,0.028261622,115.47976
375316653866487564,5253403198162323968,0.5786424,2169.987118342904,2.6630334740673858,1.0709763E-5,17.159983,0.0053432668,0.2623588,0.002372829,0.047164146,0.001341843,0.5021474,0.019050967,0.75632113,0.0023611775,0.042468637,0.0023566713,0.34247482,0.019814724,null,null,null,null,"TWOGAUSSIANS",8,18.859573,0.2623588,0.002372829,0.2641192,0.007514321,0.50214726,0.019050967,0.75632113,0.0023611775,0.23782437,0.013197359,0.34247473,0.01981476
375316653866487564,5253403202478133888,0.4716789,2170.1373589994423,2.8197293910331496,1.9492083E-5,19.662622,0.28326756,0.23896502,0.0067221895,0.11645847,0.04165925,0.38097548,0.2670091,0.7455844,0.012099691,0.1271886,0.061061725,0.31950417,0.27400306,null,null,null,null,"TWOGAUSSIANS",8,3.6063905,0.23890501,0.006549799,0.4,0.0,0.30152977,0.023637468,0.7456144,0.012089411,0.4,0.0,0.23984912,0.031642467
375316653866487564,5253403546075957760,0.44270596,2227.3939107913843,1.0374898496697464,3.780555E-5,17.396141,0.008735514,0.3639828,0.016376201,0.027916666,0.030007455,0.39556712,0.3977034,0.81438845,0.004931564,0.03090459,0.0077270633,0.09009526,0.015455669,null,null,null,null,"TWOGAUSSIANS",8,2.3380544,0.3639828,0.016376201,0.15633334,0.16804175,0.39556712,0.3977034,0.81438845,0.004931564,0.17306569,0.043271556,0.09009526,0.015455669
375316653866487564,5253403649177793792,0.48297417,2224.952746183926,0.3141248374436367,1.0042918E-4,15.85964,0.00846263,0.33756992,0.05615291,0.043960232,0.027870271,0.084507436,0.037806343,0.8099256,0.0037419423,0.02245437,0.011100388,0.46515936,0.0889775,null,null,null,null,"TWOGAUSSIANS",8,186.79669,0.8099256,0.0037419423,0.12574448,0.062162172,0.46515936,0.0889775,0.33756992,0.05615291,0.2461773,0.15514168,0.084507436,0.037806313
375316653866487564,5253403679206082688,0.45741042,2190.441140092813,0.06354860588401007,4.09798E-5,18.752586,0.0061894874,0.45246375,0.033029154,0.022040099,0.024327131,0.25036064,0.2503151,0.7565219,0.0061565344,0.04971519,0.005537394,0.23063083,0.013998575,null,null,null,null,"TWOGAUSSIANS",8,4.5288143,0.45246375,0.033029154,0.12342455,0.13623193,0.25036064,0.2503151,0.7565219,0.0061565344,0.27840507,0.031009406,0.23063083,0.013998575
375316653866487564,5253403820953843584,0.48673743,2201.8189508858277,3.9183432278778563,1.2960412E-4,16.22244,0.0036631331,0.713969,0.17672774,0.15591337,0.20394123,0.010190633,0.010082874,0.598236,0.0012213802,0.009966106,0.0016648825,0.13835727,0.01100149,null,null,null,null,"TWOGAUSSIANS",8,6.2961416,0.598266,0.0011762608,0.055810194,0.009323342,0.14597528,0.005063767,0.713969,0.17672774,0.4,0.21486346,0.010071499,0.0100430455
