Gaia/vari_eclipsing_binary/VariEclipsingBinary_735727-736505.csv
# %ECSV 1.0
# ---
# delimiter: ','
# meta: !!omap
# - RELEASE: Gaia DR3
# - TABLE: vari_eclipsing_binary
# - DESCRIPTION: >
#     This table describes the properties of the eclipsing binaries resulting from the variability analysis. 
# - CITATION: >
#     How to cite and acknowledge Gaia: 
#     https://gea.esac.esa.int/archive/documentation/credits.html 
# - KNOWN_ISSUES: >
#     Known issues: 
#     https://www.cosmos.esa.int/web/gaia-users/known-issues 
# - DOCUMENTATION: >
#     Tutorials and documentation: 
#     https://www.cosmos.esa.int/web/gaia-users/archive 
# datatype:
# - 
#   name: solution_id
#   datatype: int64
#   description: Solution Identifier
#   meta:
#     ucd: meta.version
# - 
#   name: source_id
#   datatype: int64
#   description: Unique source identifier
#   meta:
#     ucd: meta.id;meta.main
# - 
#   name: global_ranking
#   datatype: float32
#   description: Number between 0 (worst) and 1 (best)
#   meta:
#     ucd: stat.param
# - 
#   name: reference_time
#   datatype: float64
#   unit: d
#   description: Reference time used for the geometric model fit
#   meta:
#     ucd: time.epoch
# - 
#   name: frequency
#   datatype: float64
#   unit: d**-1
#   description: Frequency of geometric model of the eclipsing binary light curve
#   meta:
#     ucd: src.orbital
# - 
#   name: frequency_error
#   datatype: float32
#   unit: d**-1
#   description: "Uncertainty of \\texttt{frequency}"
#   meta:
#     ucd: stat.error
# - 
#   name: geom_model_reference_level
#   datatype: float32
#   unit: mag
#   description: Magnitude reference level of geometric model
#   meta:
#     ucd: phot.mag;em.opt
# - 
#   name: geom_model_reference_level_error
#   datatype: float32
#   unit: mag
#   description: "Uncertainty of \\texttt{geomModelReferenceLevel}"
#   meta:
#     ucd: stat.error;phot.mag;em.opt
# - 
#   name: geom_model_gaussian1_phase
#   datatype: float32
#   description: Phase of the Gaussian 1 component
#   meta:
#     ucd: time.phase
# - 
#   name: geom_model_gaussian1_phase_error
#   datatype: float32
#   description: "Uncertainty of \\texttt{geomModelGaussian1Phase}"
#   meta:
#     ucd: stat.error;time.phase
# - 
#   name: geom_model_gaussian1_sigma
#   datatype: float32
#   description: "Standard deviation [phase] of Gaussian 1 component"
#   meta:
#     ucd: stat.stdev
# - 
#   name: geom_model_gaussian1_sigma_error
#   datatype: float32
#   description: "Uncertainty of \\texttt{geomModelGaussian1Sigma}"
#   meta:
#     ucd: stat.error
# - 
#   name: geom_model_gaussian1_depth
#   datatype: float32
#   unit: mag
#   description: Magnitude depth of Gaussian 1 component
#   meta:
#     ucd: src.var.amplitude
# - 
#   name: geom_model_gaussian1_depth_error
#   datatype: float32
#   unit: mag
#   description: "Uncertainty of \\texttt{geomModelGaussian1Depth}"
#   meta:
#     ucd: stat.error;src.var.amplitude
# - 
#   name: geom_model_gaussian2_phase
#   datatype: float32
#   description: Phase of Gaussian 2 component
#   meta:
#     ucd: time.phase
# - 
#   name: geom_model_gaussian2_phase_error
#   datatype: float32
#   description: "Uncertainty of \\texttt{geomModelGaussian2Phase}"
#   meta:
#     ucd: stat.error;time.phase
# - 
#   name: geom_model_gaussian2_sigma
#   datatype: float32
[...]
#   datatype: float32
#   description: "Secondary eclipse: uncertainty of \\texttt{derivedSecondaryEclDuration}"
#   meta:
#     ucd: stat.error;time.duration
# - 
#   name: derived_secondary_ecl_depth
#   datatype: float32
#   unit: mag
#   description: "Secondary eclipse: depth"
#   meta:
#     ucd: src.var.amplitude
# - 
#   name: derived_secondary_ecl_depth_error
#   datatype: float32
#   unit: mag
#   description: "Secondary eclipse: uncertainty of \\texttt{derivedSecondaryEclDepth}"
#   meta:
#     ucd: stat.error;src.var.amplitude
solution_id,source_id,global_ranking,reference_time,frequency,frequency_error,geom_model_reference_level,geom_model_reference_level_error,geom_model_gaussian1_phase,geom_model_gaussian1_phase_error,geom_model_gaussian1_sigma,geom_model_gaussian1_sigma_error,geom_model_gaussian1_depth,geom_model_gaussian1_depth_error,geom_model_gaussian2_phase,geom_model_gaussian2_phase_error,geom_model_gaussian2_sigma,geom_model_gaussian2_sigma_error,geom_model_gaussian2_depth,geom_model_gaussian2_depth_error,geom_model_cosine_half_period_amplitude,geom_model_cosine_half_period_amplitude_error,geom_model_cosine_half_period_phase,geom_model_cosine_half_period_phase_error,model_type,num_model_parameters,reduced_chi2,derived_primary_ecl_phase,derived_primary_ecl_phase_error,derived_primary_ecl_duration,derived_primary_ecl_duration_error,derived_primary_ecl_depth,derived_primary_ecl_depth_error,derived_secondary_ecl_phase,derived_secondary_ecl_phase_error,derived_secondary_ecl_duration,derived_secondary_ecl_duration_error,derived_secondary_ecl_depth,derived_secondary_ecl_depth_error
[from data line 252]
375316653866487564,6476765808549884800,0.5325056,2222.3511113276036,0.3612011167795881,1.3037171E-5,17.593845,0.0020288685,0.24527688,0.0046678656,0.0342572,0.0046219993,0.09232077,0.011694105,null,null,null,null,null,null,0.022437425,0.0031480251,0.24527688,0.0046678656,"ONEGAUSSIAN_WITH_ELLIPSOIDAL",6,1.679386,0.24527688,0.0046678656,0.19184032,0.025883196,0.13719553,0.011144454,null,null,null,null,null,null
375316653866487564,6476850745822944384,0.49969262,2183.808305967743,1.8902801158398423,1.5120988E-5,13.372984,0.07479737,0.27704853,0.0045043854,0.22301804,0.039863024,0.78888154,0.08249004,0.7769984,0.0043931403,0.17501481,0.023256656,0.6952599,0.11062607,null,null,null,null,"TWOGAUSSIANS",8,103.759094,0.7769984,0.0045347563,0.4,0.0,0.14886588,0.009993483,0.27707854,0.0048543983,0.4,0.0,0.13823318,0.008710497
375316653866487564,6476862599933351936,0.5903589,2178.362771524844,4.2098883016264095,3.383936E-6,18.880508,0.010628632,0.31756207,0.003969387,0.049445435,0.006364717,0.4266893,0.041160136,0.8181565,0.021921962,0.03870178,0.010526403,0.42980093,0.18741156,0.14486007,0.01513944,0.31756207,0.003969387,"TWOGAUSSIANS_WITH_ELLIPSOIDAL_ON_ECLIPSE1",9,3.3411477,0.8181565,0.0207648,0.21672995,0.058947854,0.7195158,0.18852124,0.31756207,0.003969387,0.27689442,0.035642415,0.71640825,0.042093303
375316653866487564,6476898956832285440,0.56972134,2221.463633963625,2.613413620137839,5.9866693E-6,15.347893,0.005376239,0.25920278,0.001639932,0.031220041,0.0018481932,0.4268633,0.021763125,0.756508,0.0050584893,0.030959733,0.0032096973,0.34673235,0.01700278,0.03789312,0.008026731,0.25920278,0.001639932,"TWOGAUSSIANS_WITH_ELLIPSOIDAL_ON_ECLIPSE1",9,123.6657,0.25920278,0.001639932,0.17483224,0.010349882,0.5026494,0.021411762,0.756548,0.0050087464,0.1733745,0.017974306,0.4224971,0.012670839
375316653866487564,6476905416463166848,0.4433785,2230.613904764997,1.6923302632862371,2.1809547E-5,14.596023,0.015272918,0.37847215,0.014391807,0.0642345,0.039194096,0.25142267,0.10550921,0.8505686,0.019286627,0.01982235,0.010504026,0.32111827,0.16272457,null,null,null,null,"TWOGAUSSIANS",8,1629.1715,0.8505686,0.019286627,0.11100516,0.058822542,0.32111827,0.16272451,0.37847215,0.014391807,0.35971323,0.16271034,0.25142267,0.10551032
375316653866487564,6476916205420953984,0.58509976,2223.788454781725,2.768853760164211,7.276307E-6,16.654345,0.0055940365,0.31383988,0.0015061789,0.04957686,0.0065734386,0.10902795,0.027977614,0.8108272,0.0035754445,0.051111523,0.0068343887,0.08030476,0.013282153,0.08128437,0.008486638,0.31383988,0.0015061789,"TWOGAUSSIANS_WITH_ELLIPSOIDAL_ON_ECLIPSE1",9,4.1089015,0.31383988,0.0015061789,0.27763042,0.036811255,0.27159566,0.027262766,0.81171715,0.002354442,0.2862245,0.038272575,0.24283136,0.0055526574
375316653866487564,6476941597267742464,0.6186242,2199.6202089324574,3.88996182574418,5.6971394E-6,16.771055,0.009472808,0.22387539,0.0010990517,0.048999242,0.0025697073,0.39229152,0.022186793,0.7239447,0.0019967658,0.04519999,0.0028307461,0.29864618,0.02450546,0.12208899,0.014838956,0.22387539,0.0010990517,"TWOGAUSSIANS_WITH_ELLIPSOIDAL_ON_ECLIPSE1",9,18.241722,0.22387539,0.0010990517,0.27439576,0.014390361,0.63646847,0.0095698815,0.7239447,0.0018801173,0.25311995,0.01585218,0.5428231,0.008878249
375316653866487564,6476945995314262272,0.6530676,2223.779379720821,3.216265975403543,3.9617107E-6,14.862456,0.010439023,0.28100213,0.0022874135,0.04066179,0.0038482223,0.32913747,0.024571419,0.7856478,8.624479E-4,0.045867234,0.0021629683,0.52876943,0.02233991,0.14365081,0.012560424,0.7856478,8.624479E-4,"TWOGAUSSIANS_WITH_ELLIPSOIDAL_ON_ECLIPSE2",9,100.60929,0.7856478,8.624479E-4,0.2568565,0.012112623,0.81607074,0.009399517,0.28148213,0.0020222503,0.22770602,0.021550044,0.61621904,0.016147636
375316653866487564,6476963793658669184,0.55244434,2175.471249820235,1.5919171896959419,9.316332E-6,14.736375,0.006533995,0.2316243,0.0029400634,0.027200062,0.0038030648,0.65083146,0.06263725,0.73127866,0.0025760508,0.026461076,0.0026306305,0.54208195,0.124051124,0.009626701,0.008203665,0.2316243,0.0029400634,"TWOGAUSSIANS_WITH_ELLIPSOIDAL_ON_ECLIPSE1",9,368.7979,0.2316243,0.0029400634,0.15232036,0.021297162,0.67008483,0.06529251,0.73127866,0.0025760508,0.14818203,0.014731531,0.5613352,0.12842068
375316653866487564,6476983481788878592,0.5892812,2243.6092637564057,0.49081732191481975,3.1941415E-6,15.441153,0.0020734996,0.3498034,8.297781E-4,0.030092485,8.1171736E-4,0.371713,0.008294791,0.8558432,0.0036736464,0.020261655,0.004794745,0.0332347,0.011323635,0.018064346,0.005012728,0.3498034,8.297781E-4,"TWOGAUSSIANS_WITH_ELLIPSOIDAL_ON_ECLIPSE1",9,24.388523,0.3498034,8.297781E-4,0.16851792,0.0045456174,0.40784165,0.008635583,0.8558432,0.0036736464,0.113465264,0.026850572,0.06931133,0.010898972
375316653866487564,6476989048066456064,0.5405254,2232.8916400368144,2.444640638988105,1.1691753E-5,12.974509,0.13990164,0.23580642,0.008428341,0.056804787,0.056893,0.1756648,0.26134068,0.73931175,0.0061692013,0.06767448,0.038459476,0.21283263,0.2422815,0.073142335,0.13064256,0.73931175,0.0061692013,"TWOGAUSSIANS_WITH_ELLIPSOIDAL_ON_ECLIPSE2",9,466.5969,0.73931175,0.0061692013,0.3789771,0.102644645,0.35888314,0.03645512,0.23641641,0.0066561378,0.31810683,0.24843368,0.32165676,0.20262142
375316653866487564,6476989185505459328,0.43749803,2220.744825445452,0.05198652946808122,2.691675E-5,17.200314,0.010141778,0.32004893,0.006661641,0.05563371,0.011982755,0.19315259,0.066618405,0.8048169,0.01108514,0.10187554,0.015089444,0.10381177,0.018951612,null,null,null,null,"TWOGAUSSIANS",8,10.481116,0.32004893,0.006661641,0.31154877,0.06710342,0.19199893,0.06788762,0.8048169,0.01108514,0.4,0.0,0.102656566,0.01838477
375316653866487564,6477015058388451072,0.6095678,2205.162778705448,2.3528709305638995,5.9224776E-6,14.360352,0.008556722,0.13695948,0.004324023,0.086487256,0.004835082,0.20854826,0.011848598,0.62270856,0.0015671878,0.09137353,0.003502866,0.3728214,0.008093712,null,null,null,null,"TWOGAUSSIANS",8,50.017696,0.62270856,0.0015671878,0.4,0.0,0.36426353,0.0051721865,0.13695948,0.004324023,0.4,0.0,0.19999067,0.009523637
375316653866487564,6477015608143072896,0.5685343,2215.113313931061,0.1502521168829007,1.2929249E-4,18.637217,0.0024105662,0.18616998,3.3378848E-4,0.009458747,3.2651593E-4,0.15773709,0.009027167,0.7029479,0.043972276,0.01243627,0.019110035,0.61598957,0.7294024,null,null,null,null,"TWOGAUSSIANS",8,1.7746571,0.7029479,0.043972276,0.06964311,0.1070162,0.61598957,0.7294024,0.18616998,3.3378848E-4,0.052968983,0.0018284891,0.15773709,0.009027167
375316653866487564,6477018941038888064,0.6226017,2203.71802680507,1.4012515111209953,7.1382574E-6,12.916637,0.0026542428,0.28736496,0.003657994,0.03653337,0.008848091,0.20986025,0.009512702,0.7864346,0.0021121756,0.04128362,0.002954454,0.1203198,0.00683361,0.025299922,0.0039677215,0.28736496,0.003657994,"TWOGAUSSIANS_WITH_ELLIPSOIDAL_ON_ECLIPSE1",9,33.680874,0.28736496,0.003657994,0.20458688,0.04954931,0.26046005,0.006754997,0.7864846,0.0020123348,0.23118827,0.016544942,0.17091794,0.0047403476
375316653866487564,6477046257031275904,0.56012565,2211.9510522982587,0.2868814051190683,2.444452E-5,16.012325,0.0025119192,0.25839403,0.013319629,0.015248862,0.026795976,0.2773095,0.25428507,0.7567874,2.0484553E-5,0.005392593,9.0395086E-5,1.4795611,0.08910822,null,null,null,null,"TWOGAUSSIANS",8,30.130648,0.7567874,2.0484553E-5,0.03019852,5.0621247E-4,1.4795611,0.08910822,0.25839403,0.013319629,0.08539363,0.15005746,0.2773095,0.25428507
375316653866487564,6477054189834150016,0.47786623,2214.9778428456743,0.2934905648483575,1.5542935E-5,17.144186,0.005706062,0.22708778,0.0022157964,0.0051463414,9.982876E-4,0.7071256,0.14263514,null,null,null,null,null,null,0.035673775,0.008205206,0.22708778,0.0022157964,"ONEGAUSSIAN_WITH_ELLIPSOIDAL",6,80.455315,0.22708778,0.0022157964,0.02881951,0.0055904104,0.77847314,0.14236565,null,null,null,null,null,null
375316653866487564,6477075668967370624,0.6248622,2211.4935639045675,4.191755967256192,4.029281E-6,16.480356,0.010226584,0.2200084,0.0017747021,0.042519245,0.004334394,0.3278332,0.022956623,0.7232524,0.001212677,0.045859396,0.0024523367,0.4856674,0.02670029,0.14294095,0.013897177,0.2200084,0.0017747021,"TWOGAUSSIANS_WITH_ELLIPSOIDAL_ON_ECLIPSE1",9,44.10343,0.7232524,0.001212677,0.25681263,0.013733086,0.77143025,0.020116055,0.2200084,0.0017747021,0.23810779,0.024272604,0.6137148,0.016279347
375316653866487564,6477093531734477568,0.5761173,2218.676887627335,3.1662782716229794,6.058873E-6,16.912998,0.006971511,0.20645702,0.0020603102,0.07330665,0.0031088463,0.2250379,0.0070567923,0.69602007,0.0032927229,0.07589009,0.0033596167,0.5427762,0.012710256,null,null,null,null,"TWOGAUSSIANS",8,25.290447,0.69602007,0.0032927229,0.4,0.0,0.5407698,0.01254408,0.20645702,0.0020603102,0.4,0.0,0.22303146,0.006543343
375316653866487564,6477129613756641664,0.58849466,2216.465851411509,4.040945918292642,9.547122E-6,16.653023,0.02480804,0.26817188,0.0025196543,0.05839511,0.0073567415,0.33952835,0.051563237,0.7688795,0.006946065,0.05607181,0.009034785,0.36902124,0.053907935,0.09539713,0.026838012,0.26817188,0.0025196543,"TWOGAUSSIANS_WITH_ELLIPSOIDAL_ON_ECLIPSE1",9,28.62768,0.7688795,0.0066672526,0.31400213,0.050594795,0.55975884,0.043588858,0.26817188,0.0025196543,0.3270126,0.041197754,0.53026974,0.008102584
375316653866487564,6477130708972037248,0.65550756,2219.7376792407836,3.3548459862962945,2.3978916E-6,17.845263,0.022671496,0.27217144,9.542604E-4,0.053842306,0.006438575,0.24780495,0.043440513,0.77627,0.004663095,0.062262353,0.009839324,0.18226528,0.04489226,0.13806823,0.024388028,0.27217144,9.542604E-4,"TWOGAUSSIANS_WITH_ELLIPSOIDAL_ON_ECLIPSE1",9,2.4663599,0.27217144,9.542604E-4,0.30151692,0.036056023,0.52388996,0.009954776,0.77627,0.004663095,0.34866917,0.055100217,0.45816723,0.014281418
375316653866487564,6477135798509641344,0.5824271,2227.1574356281376,2.5078199625720243,9.323212E-6,16.882736,0.0029920447,0.25095397,0.0020614031,0.07420185,0.002774071,0.16329035,0.0033811934,0.75624114,0.0055523543,0.080022395,0.0063593416,0.07190622,0.004093005,null,null,null,null,"TWOGAUSSIANS",8,2.5583622,0.25095397,0.0020614031,0.4,0.0,0.16230519,0.0031793702,0.75624114,0.0055523543,0.4,0.0,0.07092105,0.0039733374
375316653866487564,6477165618465428992,0.55447584,2240.861074993392,3.9409469820145793,1.2407814E-5,18.05369,0.005161505,0.27029604,0.0027110497,0.044008136,0.0022990964,0.47850648,0.014781763,0.75289613,0.006490737,0.02452892,0.008239214,0.1036208,0.01879134,0.09971606,0.010043231,0.27029604,0.0027110497,"TWOGAUSSIANS_WITH_ELLIPSOIDAL_ON_ECLIPSE1",9,16.214806,0.27029604,0.0027110497,0.24644555,0.01287494,0.6779381,0.012049071,0.75434613,0.0060983123,0.13736196,0.046139598,0.30087534,0.020829313
375316653866487564,6477173521205292032,0.45269185,2214.0064026752752,2.9145278784217874,4.0838913E-5,18.070713,0.030634262,0.27262202,0.017500302,0.10689472,0.022090524,0.2984065,0.04194076,0.6855005,0.027752653,0.12133143,0.049511384,0.16082315,0.02747448,null,null,null,null,"TWOGAUSSIANS",8,29.101324,0.27315202,0.015253298,0.4,0.0,0.28341892,0.038413327,0.6855005,0.027752653,0.4,0.0,0.14551067,0.020891037
375316653866487564,6477202726983085824,0.59094083,2247.7925881001506,0.5837987207482436,1.7579197E-5,18.8446,0.0029985195,0.11114168,7.862301E-4,0.015531961,0.0013867911,0.46976438,0.004948337,0.7173589,0.067964666,0.024384389,0.04406772,0.016755935,58.36952,null,null,null,null,"TWOGAUSSIANS",8,1.1907351,0.11114168,7.862301E-4,0.08697898,0.0077660307,0.46976438,0.004948337,0.7173589,0.067964666,0.13655257,0.24677923,0.016755935,58.36952
375316653866487564,6477212833042704640,0.585339,2236.403132418034,2.6595935696947537,5.184733E-6,14.332085,0.006820329,0.22754855,0.0031329924,0.04715733,0.0042446544,0.18475781,0.015034921,0.72314054,0.0031585144,0.03467673,0.006058669,0.11834225,0.024336878,0.11436981,0.007820925,0.72314054,0.0031585144,"TWOGAUSSIANS_WITH_ELLIPSOIDAL_ON_ECLIPSE2",9,195.57983,0.22675855,0.002359523,0.26408103,0.023770064,0.41335297,0.008939552,0.72314054,0.0031585144,0.1941897,0.033928547,0.34708154,0.020844584
375316653866487564,6477279795876773760,0.5934667,2227.21913773953,3.242188874984295,5.1786537E-6,18.364296,0.00408057,0.20644842,6.624259E-4,0.027780244,7.270419E-4,0.75349176,0.020494124,0.5082493,0.006537168,0.016132178,0.005103231,0.03586627,0.0056168837,null,null,null,null,"TWOGAUSSIANS",8,5.497694,0.20644842,6.624259E-4,0.15556937,0.0040714345,0.75349176,0.020494124,0.5082493,0.006537168,0.09034019,0.028578093,0.03586627,0.0056168837
375316653866487564,6477279933315725824,0.48294166,2208.5754507606925,2.8037212549940222,4.57359E-5,18.682287,0.005676654,0.17695723,0.0024467837,0.025986716,0.0034394693,0.3707116,0.0539502,0.66027004,0.015446137,0.048213102,0.024370678,0.1827663,0.10693931,null,null,null,null,"TWOGAUSSIANS",8,7.3849173,0.17695723,0.0024467837,0.1455256,0.019261027,0.3707116,0.0539502,0.66027004,0.015446137,0.26999336,0.13647579,0.1827663,0.10693931
375316653866487564,6477302335865760000,0.5277611,2226.348278483232,3.7910049123506346,1.0781216E-5,19.146502,0.010133282,0.22897573,0.006627228,0.081410296,0.007984792,0.24205203,0.012381675,0.72943723,0.0023126397,0.08657865,0.0046337806,0.31587508,0.010889631,null,null,null,null,"TWOGAUSSIANS",8,2.112403,0.72943723,0.0023126397,0.4,0.0,0.3093166,0.009938844,0.22897573,0.006627228,0.4,0.0,0.23549359,0.011378301
375316653866487564,6477303096075870720,0.5736401,2235.4743272151704,4.233193404392946,7.655381E-6,16.396801,0.018663237,0.21552324,0.0027158982,0.056124818,0.008808187,0.18503866,0.038571715,0.70875865,0.0023917593,0.06743477,0.007324116,0.22429605,0.03802695,0.05167725,0.022370594,0.21552324,0.0027158982,"TWOGAUSSIANS_WITH_ELLIPSOIDAL_ON_ECLIPSE1",9,21.854124,0.70971864,0.0019709864,0.37763473,0.041015048,0.32732475,0.008998122,0.21552324,0.0027158982,0.314299,0.04932585,0.28822753,0.013159048
375316653866487564,6477307528482128128,0.52739364,2225.9712594987486,3.235548188574227,1.2842828E-5,16.152254,0.0083444845,0.27067837,0.00525241,0.08768655,0.0058100685,0.21811518,0.01039242,0.76357496,0.003685701,0.08980777,0.0060385587,0.2726443,0.012510016,null,null,null,null,"TWOGAUSSIANS",8,39.116238,0.76357496,0.003685701,0.4,0.0,0.2644035,0.013041845,0.27067837,0.00525241,0.4,0.0,0.20987442,0.0082135685
375316653866487564,6477402460142569472,0.6120572,2105.4248526689653,4.227230790788529,5.061583E-6,18.017614,0.01301938,0.3219779,0.0021120626,0.046959374,0.0050301403,0.45346874,0.04141751,0.8210246,0.001822873,0.042431284,0.0028684156,0.34524068,0.032041233,0.1454565,0.0172386,0.3219779,0.0021120626,"TWOGAUSSIANS_WITH_ELLIPSOIDAL_ON_ECLIPSE1",9,9.968822,0.3219779,0.0021120626,0.2629725,0.028168786,0.7443813,0.04041855,0.8211246,0.0016038691,0.2376152,0.016063126,0.6361439,0.012161447
375316653866487564,6477411462394037888,0.64507574,2076.4699608143965,3.3526875809839103,3.448298E-6,17.459105,0.011501834,0.151736,7.543241E-4,0.054358747,0.0031539227,0.35267773,0.022305049,0.6501129,0.0017545829,0.057604235,0.0030482823,0.36239305,0.025029274,0.090738624,0.014099045,0.151736,7.543241E-4,"TWOGAUSSIANS_WITH_ELLIPSOIDAL_ON_ECLIPSE1",9,3.1533074,0.6503029,0.001522216,0.3225837,0.017070381,0.5438186,0.0083366195,0.151736,7.543241E-4,0.304409,0.017661966,0.5341199,0.011898482
375316653866487564,6477451010452300160,0.55192137,2225.5977987012634,2.131321379972546,1.2398401E-5,18.146233,0.0038544466,0.24916404,0.0019529165,0.034452595,0.0014807594,0.7251344,0.048616845,0.7522612,0.004151,0.026698774,0.005217119,0.19636261,0.13410164,null,null,null,null,"TWOGAUSSIANS",8,10.016245,0.24916404,0.0019529165,0.19293453,0.008292252,0.7251344,0.048616845,0.7522612,0.004151,0.14951314,0.029215869,0.19636261,0.13410164
