Gaia/vari_eclipsing_binary/VariEclipsingBinary_058132-058261.csv
# %ECSV 1.0
# ---
# delimiter: ','
# meta: !!omap
# - RELEASE: Gaia DR3
# - TABLE: vari_eclipsing_binary
# - DESCRIPTION: >
#     This table describes the properties of the eclipsing binaries resulting from the variability analysis. 
# - CITATION: >
#     How to cite and acknowledge Gaia: 
#     https://gea.esac.esa.int/archive/documentation/credits.html 
# - KNOWN_ISSUES: >
#     Known issues: 
#     https://www.cosmos.esa.int/web/gaia-users/known-issues 
# - DOCUMENTATION: >
#     Tutorials and documentation: 
#     https://www.cosmos.esa.int/web/gaia-users/archive 
# datatype:
# - 
#   name: solution_id
#   datatype: int64
#   description: Solution Identifier
#   meta:
#     ucd: meta.version
# - 
#   name: source_id
#   datatype: int64
#   description: Unique source identifier
#   meta:
#     ucd: meta.id;meta.main
# - 
#   name: global_ranking
#   datatype: float32
#   description: Number between 0 (worst) and 1 (best)
#   meta:
#     ucd: stat.param
# - 
#   name: reference_time
#   datatype: float64
#   unit: d
#   description: Reference time used for the geometric model fit
#   meta:
#     ucd: time.epoch
# - 
#   name: frequency
#   datatype: float64
#   unit: d**-1
#   description: Frequency of geometric model of the eclipsing binary light curve
#   meta:
#     ucd: src.orbital
# - 
#   name: frequency_error
#   datatype: float32
#   unit: d**-1
#   description: "Uncertainty of \\texttt{frequency}"
#   meta:
#     ucd: stat.error
# - 
#   name: geom_model_reference_level
#   datatype: float32
#   unit: mag
#   description: Magnitude reference level of geometric model
#   meta:
#     ucd: phot.mag;em.opt
# - 
#   name: geom_model_reference_level_error
#   datatype: float32
#   unit: mag
#   description: "Uncertainty of \\texttt{geomModelReferenceLevel}"
#   meta:
#     ucd: stat.error;phot.mag;em.opt
# - 
#   name: geom_model_gaussian1_phase
#   datatype: float32
#   description: Phase of the Gaussian 1 component
#   meta:
#     ucd: time.phase
# - 
#   name: geom_model_gaussian1_phase_error
#   datatype: float32
#   description: "Uncertainty of \\texttt{geomModelGaussian1Phase}"
#   meta:
#     ucd: stat.error;time.phase
# - 
#   name: geom_model_gaussian1_sigma
#   datatype: float32
#   description: "Standard deviation [phase] of Gaussian 1 component"
#   meta:
#     ucd: stat.stdev
# - 
#   name: geom_model_gaussian1_sigma_error
#   datatype: float32
#   description: "Uncertainty of \\texttt{geomModelGaussian1Sigma}"
#   meta:
#     ucd: stat.error
# - 
#   name: geom_model_gaussian1_depth
#   datatype: float32
#   unit: mag
#   description: Magnitude depth of Gaussian 1 component
#   meta:
#     ucd: src.var.amplitude
# - 
#   name: geom_model_gaussian1_depth_error
#   datatype: float32
#   unit: mag
#   description: "Uncertainty of \\texttt{geomModelGaussian1Depth}"
#   meta:
#     ucd: stat.error;src.var.amplitude
# - 
#   name: geom_model_gaussian2_phase
#   datatype: float32
#   description: Phase of Gaussian 2 component
#   meta:
#     ucd: time.phase
# - 
#   name: geom_model_gaussian2_phase_error
#   datatype: float32
#   description: "Uncertainty of \\texttt{geomModelGaussian2Phase}"
#   meta:
#     ucd: stat.error;time.phase
# - 
#   name: geom_model_gaussian2_sigma
#   datatype: float32
[...]
#   datatype: float32
#   description: "Secondary eclipse: uncertainty of \\texttt{derivedSecondaryEclDuration}"
#   meta:
#     ucd: stat.error;time.duration
# - 
#   name: derived_secondary_ecl_depth
#   datatype: float32
#   unit: mag
#   description: "Secondary eclipse: depth"
#   meta:
#     ucd: src.var.amplitude
# - 
#   name: derived_secondary_ecl_depth_error
#   datatype: float32
#   unit: mag
#   description: "Secondary eclipse: uncertainty of \\texttt{derivedSecondaryEclDepth}"
#   meta:
#     ucd: stat.error;src.var.amplitude
solution_id,source_id,global_ranking,reference_time,frequency,frequency_error,geom_model_reference_level,geom_model_reference_level_error,geom_model_gaussian1_phase,geom_model_gaussian1_phase_error,geom_model_gaussian1_sigma,geom_model_gaussian1_sigma_error,geom_model_gaussian1_depth,geom_model_gaussian1_depth_error,geom_model_gaussian2_phase,geom_model_gaussian2_phase_error,geom_model_gaussian2_sigma,geom_model_gaussian2_sigma_error,geom_model_gaussian2_depth,geom_model_gaussian2_depth_error,geom_model_cosine_half_period_amplitude,geom_model_cosine_half_period_amplitude_error,geom_model_cosine_half_period_phase,geom_model_cosine_half_period_phase_error,model_type,num_model_parameters,reduced_chi2,derived_primary_ecl_phase,derived_primary_ecl_phase_error,derived_primary_ecl_duration,derived_primary_ecl_duration_error,derived_primary_ecl_depth,derived_primary_ecl_depth_error,derived_secondary_ecl_phase,derived_secondary_ecl_phase_error,derived_secondary_ecl_duration,derived_secondary_ecl_duration_error,derived_secondary_ecl_depth,derived_secondary_ecl_depth_error
[from data line 214]
375316653866487564,511630699174997120,0.5320951,2237.455368855078,0.16372124632866641,8.872182E-6,18.998638,0.0065733595,0.3791946,7.7526603E-4,0.017569862,0.001357285,0.43092006,0.008745306,0.8717842,0.0065975385,0.029803999,0.005057053,0.12845851,0.034025997,null,null,null,null,"TWOGAUSSIANS",8,3.0905972,0.3791946,7.7526603E-4,0.09839123,0.007600796,0.43092006,0.008745306,0.8717842,0.0065975385,0.1669024,0.028319497,0.12845851,0.034025997
375316653866487564,511635608317796480,0.48458803,2263.7952712144615,4.555046070288241,3.252686E-5,17.784338,0.003491607,0.2746784,0.01952847,0.05728751,0.013459432,0.061326813,0.028360942,0.9023866,7.6772145E-4,0.004923595,1.8706913E-4,2.465124,0.43936238,null,null,null,null,"TWOGAUSSIANS",8,14.005276,0.9023866,7.6772145E-4,0.027572133,0.0010475871,2.465124,0.43936238,0.2746784,0.01952847,0.32081005,0.07537282,0.061326813,0.028360942
375316653866487564,511636540330525824,0.52623266,2202.189762646288,3.035955360634247,6.7498722E-6,19.578274,0.008021801,0.24354659,0.003049124,0.0638068,0.0048665716,0.426702,0.01703555,0.7406489,0.0030414169,0.08049703,0.004337311,0.41656452,0.019785458,null,null,null,null,"TWOGAUSSIANS",8,1.9714619,0.24354659,0.003049124,0.35731807,0.0272528,0.4247751,0.01717762,0.7406489,0.0030414169,0.4,0.0,0.41463763,0.020090949
375316653866487564,511637154506105600,0.4983401,2284.780310261023,0.4671002987372858,3.0459965E-5,18.621338,0.002885408,0.12503147,5.088836E-4,0.010380771,0.0012191911,0.29231432,0.020630686,0.77211887,0.028165974,0.032141857,0.012540644,0.020954266,0.008602702,null,null,null,null,"TWOGAUSSIANS",8,2.2697663,0.12503147,5.088836E-4,0.05813232,0.0068274704,0.29231432,0.020630686,0.77211887,0.028165974,0.1799944,0.07022761,0.020954266,0.008602702
375316653866487564,511637261885054080,0.46655357,2230.1816683368043,1.1777875808993314,3.6942427E-5,12.190792,0.0066589755,0.22269751,0.014034575,0.10827622,0.025802227,0.036803667,0.006210575,0.72873014,0.0059040734,0.10625365,0.016649645,0.039768,0.006148878,null,null,null,null,"TWOGAUSSIANS",8,60.086765,0.72874016,0.005887011,0.4,0.0,0.0350354,0.0017233004,0.22269751,0.014049756,0.4,0.0,0.03207057,0.005345056
375316653866487564,511640045023799168,0.6393393,2236.656868946816,1.790281569384203,1.8501514E-6,17.578947,0.008032572,0.25032738,0.0012407792,0.053555228,0.0054712,0.1149599,0.019194277,0.7457545,0.0015632417,0.05225858,0.003031315,0.34484133,0.018575862,0.07552279,0.011447644,0.25032738,0.0012407792,"TWOGAUSSIANS_WITH_ELLIPSOIDAL_ON_ECLIPSE1",9,2.8016555,0.7461445,0.0014179714,0.29264808,0.016975364,0.49576777,0.018783737,0.25032738,0.0012407792,0.29990926,0.03063872,0.26600027,0.007985209
375316653866487564,511641522492544512,0.5675033,2243.700289568236,2.2821009016359315,6.3650123E-6,16.223555,0.0038309477,0.2613469,0.0017728076,0.03705345,0.00770021,0.070804745,0.010443839,0.75528723,0.005710997,0.044629946,0.008023424,0.062816516,0.008911927,0.08654766,0.005159308,0.2613469,0.0017728076,"TWOGAUSSIANS_WITH_ELLIPSOIDAL_ON_ECLIPSE1",9,11.635035,0.2613469,0.0017728076,0.20749933,0.043121174,0.24389985,0.0072445436,0.7571172,0.0035846466,0.24992771,0.044931173,0.23573661,0.0060380986
375316653866487564,511642347126323968,0.4321301,2235.268593574521,0.9175023447890388,2.7124335E-5,17.298359,0.09670128,0.26922217,0.0101751685,0.13834791,0.043475147,0.11393024,0.08658129,0.75611895,0.0107419705,0.14905275,0.051641155,0.09965012,0.094570205,null,null,null,null,"TWOGAUSSIANS",8,9.063967,0.27000216,0.008639773,0.4,0.0,0.0716251,0.008968018,0.75611895,0.0107419705,0.4,0.0,0.05694721,0.0076345345
375316653866487564,511644408710490112,0.62459284,2239.322650917678,1.0627829481342144,3.4143911E-6,13.6206875,0.0023788475,0.23237759,0.0017903078,0.04599937,0.0033745526,0.19601554,0.007296096,0.7318645,0.001291264,0.047028616,0.0023047007,0.21646135,0.005451414,0.053667914,0.0033253413,0.23237759,0.0017903078,"TWOGAUSSIANS_WITH_ELLIPSOIDAL_ON_ECLIPSE1",9,35.327812,0.7319045,0.0011865353,0.26336026,0.012906323,0.32379586,0.0055612717,0.23237759,0.0017903078,0.25759646,0.018897494,0.30335107,0.005247989
375316653866487564,511644786667607040,0.52258986,2309.596443278235,0.6185793972465522,9.970357E-6,17.04116,9.6413924E-4,0.30156127,0.0014091518,0.02582895,0.0014886787,0.14521334,0.009932424,0.80119556,0.0071655614,0.02437357,0.004171502,0.124953516,0.03948384,null,null,null,null,"TWOGAUSSIANS",8,2.346797,0.30156127,0.0014091518,0.14464211,0.008336601,0.14521334,0.009932424,0.80119556,0.0071655614,0.136492,0.02336041,0.124953516,0.03948384
375316653866487564,511645813157246592,0.6258491,2260.400036303509,0.8988727700074886,4.4396456E-6,17.056562,0.0038796721,0.2956098,0.0010966056,0.08509846,0.0018661631,0.35317114,0.0054324563,0.79377455,0.0013961331,0.09544704,0.002240989,0.29331416,0.004511081,null,null,null,null,"TWOGAUSSIANS",8,3.447331,0.2956098,0.0010966056,0.4,0.0,0.33976522,0.0055073733,0.79377455,0.0013961331,0.4,0.0,0.2799076,0.004064644
375316653866487564,511646057977890304,0.49586493,2248.0094619025313,0.6024686015949083,7.686979E-6,16.452927,0.0011117914,0.24963376,0.0048891604,0.0052555962,0.0016966357,0.34553826,0.53746057,0.7587637,0.0021963264,0.027563596,0.0028070924,0.12911746,0.013913608,0.009449775,0.0014241016,0.24963376,0.0048891604,"TWOGAUSSIANS_WITH_ELLIPSOIDAL_ON_ECLIPSE1",9,5.89184,0.24963376,0.0048891604,0.029431337,0.00950116,0.3644378,0.5384799,0.7587637,0.0021963264,0.15435614,0.015719717,0.14795487,0.014550562
375316653866487564,511646465992402816,0.4864874,2232.815401355346,0.6203357661663277,1.8758126E-5,19.56512,0.004213735,0.21181016,0.0019332137,0.010870352,0.0011009324,1.0334914,0.53975797,0.5276343,0.01368245,0.030207047,0.01816173,0.14495008,2.7491493,null,null,null,null,"TWOGAUSSIANS",8,1.7864499,0.21181016,0.0019332137,0.06087397,0.0061652213,1.0334914,0.53975797,0.5276343,0.01368245,0.16915947,0.10170569,0.14495008,2.7491493
375316653866487564,511649081637404160,0.56692255,2264.7138735496264,3.3992474041172196,4.724695E-6,18.39954,0.027230518,0.21403363,0.0015150678,0.049286455,0.0061777225,0.45017812,0.055906203,0.7128236,0.0032130163,0.042352572,0.006969681,0.3477806,0.057075176,0.10910303,0.034102395,0.21403363,0.0015150678,"TWOGAUSSIANS_WITH_ELLIPSOIDAL_ON_ECLIPSE1",9,8.32954,0.21403363,0.0015150678,0.27600417,0.034595247,0.668383,0.036992528,0.71292365,0.0030212319,0.2371744,0.039030213,0.5659739,0.017307991
375316653866487564,511649562671172352,0.61400336,2273.673393834703,1.023232624871196,9.413865E-6,15.337872,6.2017044E-4,0.14289904,0.0012232369,0.010022149,5.411149E-4,0.4047533,0.04319439,0.4085101,0.027484642,0.011135164,0.008636933,0.037527677,0.057898175,null,null,null,null,"TWOGAUSSIANS",8,6.5987844,0.14289904,0.0012232369,0.05612404,0.0030302433,0.4047533,0.04319439,0.4085101,0.027484642,0.062356915,0.048366822,0.037527677,0.057898175
375316653866487564,511650760960017024,0.5576005,2286.145919963326,0.40184341121660133,6.7225646E-6,18.71301,0.0027983089,0.2489181,9.343441E-4,0.0256305,8.1604254E-4,0.30598152,0.010413063,0.7502942,0.0012034074,0.027331077,0.0017318823,0.3128881,0.014044018,null,null,null,null,"TWOGAUSSIANS",8,1.8227316,0.7502942,0.0012034074,0.15305403,0.009698541,0.3128881,0.014044018,0.2489181,9.343441E-4,0.1435308,0.0045698383,0.30598152,0.010413063
375316653866487564,511651826113635584,0.47228202,2256.9506750394667,2.4617135030700648,1.985967E-5,17.940718,0.36062068,0.26361948,0.0068178754,0.22427116,0.092555076,0.51310706,0.35925385,0.7636763,0.0039170203,0.15010312,0.02994858,0.48588887,0.2606994,null,null,null,null,"TWOGAUSSIANS",8,5.511686,0.7637063,0.003898944,0.4,0.0,0.17249002,0.008682141,0.2636095,0.0071015134,0.4,0.0,0.11805134,0.007924404
375316653866487564,511653234864075392,0.48715338,2195.3477960330015,1.450553962589715,3.1029147E-5,19.630411,0.006421725,0.31933126,0.008836626,0.027863115,0.0088163875,0.6287896,0.19060147,0.8224594,0.0059098164,0.031157853,0.003514843,0.5989644,0.1694179,null,null,null,null,"TWOGAUSSIANS",8,3.0649161,0.31933126,0.008836626,0.15603344,0.049371768,0.6287896,0.19060147,0.8224594,0.0059098164,0.17448397,0.01968312,0.5989644,0.1694179
375316653866487564,511655232029238528,0.4941315,2250.088612072459,0.09921052083910616,2.8327763E-6,18.734829,0.0020861626,0.26637304,0.03375945,0.039503817,0.016603995,0.18321905,0.44732153,0.7484717,0.0011018993,0.006599848,0.0017477064,0.20594235,0.0049184235,null,null,null,null,"TWOGAUSSIANS",8,1.4597255,0.7484717,0.0011018993,0.03695915,0.009787156,0.20594235,0.0049184235,0.26637304,0.03375945,0.22122137,0.092982374,0.18321905,0.44732153
375316653866487564,511656911355063552,0.46093142,2268.238841672652,0.28804386456820685,2.8509992E-5,18.823223,0.0029611175,0.28270558,0.0031108428,0.014687251,0.0020195188,0.18222415,0.03032396,0.7826088,0.029626913,0.0880571,0.023672203,0.022693364,0.0065066195,null,null,null,null,"TWOGAUSSIANS",8,1.857211,0.28270558,0.0031108428,0.082248606,0.011309304,0.18222384,0.030323973,0.7826088,0.029626913,0.4,0.0,0.022693045,0.0065065995
375316653866487564,511659213457851776,0.51348114,2233.8498891186905,2.944227289261551,1.323175E-5,18.08004,0.08268235,0.1883566,0.0053261993,0.10650195,0.031061547,0.15874642,0.079342276,0.6977184,0.0058426866,0.11779814,0.033054784,0.2327627,0.07454856,null,null,null,null,"TWOGAUSSIANS",8,3.6679356,0.69772834,0.005882835,0.4,0.0,0.20341781,0.012668976,0.18830658,0.005325592,0.4,0.0,0.129456,0.009805677
375316653866487564,511660587848234624,0.57205594,2222.7456188320984,3.2382975968654995,6.9511552E-6,19.753494,0.013028398,0.22274958,0.0018008116,0.034484155,0.0038215437,0.45113415,0.060843587,0.729798,0.0018361202,0.050305557,0.006058721,0.54809785,0.027702384,0.13824134,0.016229123,0.22274958,0.0018008116,"TWOGAUSSIANS_WITH_ELLIPSOIDAL_ON_ECLIPSE1",9,1.4747742,0.729798,0.0018361202,0.2817111,0.033928838,0.8240366,0.032654475,0.22274958,0.0018008116,0.19311127,0.021400645,0.7276148,0.060504455
375316653866487564,511662000897604352,0.6651944,2228.2801451527694,2.626369360746854,3.0733022E-6,15.676142,0.005189271,0.262591,8.7952765E-4,0.04901209,0.0018649462,0.39085573,0.014532989,0.76558274,0.0013534683,0.04650143,0.0017999109,0.3711807,0.014318603,0.111120164,0.0074215215,0.262591,8.7952765E-4,"TWOGAUSSIANS_WITH_ELLIPSOIDAL_ON_ECLIPSE1",9,24.00471,0.262591,8.7952765E-4,0.2744677,0.0104437,0.613095,0.011342838,0.76558274,0.0013534683,0.260408,0.010079501,0.59334147,0.011484519
375316653866487564,511664848451541120,0.5757203,2193.2879542336814,2.0564811803724665,5.4022166E-6,15.88574,0.00724279,0.28735676,0.0016963447,0.102984644,0.00656436,0.14153163,0.0059378063,0.7693888,0.0023495273,0.09802393,0.005315654,0.18895967,0.0067613693,null,null,null,null,"TWOGAUSSIANS",8,8.318075,0.7693888,0.0023495273,0.4,0.0,0.17721403,0.0043191146,0.28735676,0.0016942659,0.4,0.0,0.1297843,0.003530777
375316653866487564,511664951541877888,0.6060829,2219.9787819926046,3.158586031909049,6.6121124E-6,18.944376,0.012466451,0.22444218,0.0015256843,0.051157165,0.0027284767,0.55069935,0.02955502,0.7264734,0.0012807142,0.046119742,0.0029277802,0.4172214,0.025541395,0.11130071,0.015602889,0.22444218,0.0015256843,"TWOGAUSSIANS_WITH_ELLIPSOIDAL_ON_ECLIPSE1",9,2.4569297,0.22444218,0.0015256843,0.28648013,0.015279469,0.773297,0.017717792,0.7264734,0.0012807142,0.25827056,0.016395569,0.63978285,0.017357675
375316653866487564,511665058914267904,0.46853027,2198.949476214901,0.40039862400685483,2.4465891E-5,15.249549,0.0018096581,null,null,null,null,null,null,null,null,null,null,null,null,0.042285744,0.0026197992,0.27654052,0.004842179,"ELLIPSOIDAL",4,74.325356,null,null,null,null,null,null,null,null,null,null,null,null
375316653866487564,511668426168468608,0.575831,2226.2680121375047,1.0320942343625694,7.5189455E-6,13.792694,0.0017107455,0.21671632,0.0018411976,0.032335233,0.001741208,0.2180828,0.004867549,0.721647,0.00445193,0.030080186,0.0052493205,0.06848983,0.02964846,0.0071478128,0.0028063944,0.721647,0.00445193,"TWOGAUSSIANS_WITH_ELLIPSOIDAL_ON_ECLIPSE2",9,67.38016,0.21674632,0.0018339632,0.18107732,0.009750765,0.23236477,0.004114373,0.721647,0.00445193,0.16844904,0.029396197,0.082785435,0.03021056
375316653866487564,511670586527787392,0.6782605,2211.9965968417114,0.12270019722513231,1.0099832E-6,15.682101,5.0104986E-4,0.313238,8.4075134E-4,0.0057716323,7.6799677E-4,0.46991178,0.027492566,0.8134235,0.0013689985,0.0053480035,4.5030436E-4,0.48589462,0.11940907,null,null,null,null,"TWOGAUSSIANS",8,5.6529713,0.8134235,0.0013689985,0.02994882,0.0025217044,0.48589462,0.11940907,0.313238,8.4075134E-4,0.03232114,0.004300782,0.46991178,0.027492566
375316653866487564,511670831350349440,0.5302625,2222.6670093841817,1.1867018927201118,1.3325688E-5,16.365812,0.008999074,0.19325468,0.0070136786,0.12151083,0.020537509,0.053090055,0.008371209,0.69184387,0.002969549,0.09073928,0.008517615,0.08969276,0.008540705,null,null,null,null,"TWOGAUSSIANS",8,3.9775524,0.69184387,0.002969153,0.4,0.0,0.08178145,0.0032399844,0.19325468,0.0070136786,0.4,0.0,0.045156416,0.0032123178
375316653866487564,511683200855947264,0.51482385,2200.166543172755,0.3284718656166204,6.479155E-5,18.008083,0.003549547,0.20282325,0.0061023887,0.03161881,0.004613723,0.21277203,0.026476938,0.71401083,0.011268759,0.03430782,0.0074746883,0.35025105,0.022804389,null,null,null,null,"TWOGAUSSIANS",8,11.352784,0.71401083,0.011268759,0.1921238,0.041858256,0.35025105,0.022804389,0.20282325,0.0061023887,0.17706536,0.02583685,0.21277203,0.026476938
375316653866487564,511685090641503616,0.4407541,2235.468829213046,0.0686108850714373,1.9387124E-5,13.545683,0.006213466,0.28318274,0.0098654935,0.029629633,0.010418573,0.22192158,0.022147277,0.78699785,0.050266482,0.01843104,0.017899742,2.8491807,12054.337,0.0075695664,0.012386037,0.28318274,0.0098654935,"TWOGAUSSIANS_WITH_ELLIPSOIDAL_ON_ECLIPSE1",9,1411.5688,0.78699785,0.050266482,0.103213824,0.10023856,2.8643112,12054.338,0.28318274,0.0098654935,0.16592593,0.058344014,0.2370607,0.025923781
375316653866487564,511685395576014848,0.49762046,2238.3507408537225,1.4956761858170708,1.3048082E-5,18.671337,0.021853348,0.27900657,0.005814431,0.0438167,0.006148839,0.42049378,0.07888598,0.78056586,0.0065672006,0.03993969,0.010899294,0.5436553,0.052405518,0.11665386,0.037373,0.27900657,0.005814431,"TWOGAUSSIANS_WITH_ELLIPSOIDAL_ON_ECLIPSE1",9,31.725569,0.78056586,0.0065246364,0.22366226,0.061036047,0.7769406,0.06733595,0.27900657,0.005814431,0.24537353,0.0344335,0.65380144,0.06558547
375316653866487564,511686426367379456,0.6192046,2246.609882735389,0.6396408723796863,2.4679978E-6,17.338167,0.001148862,0.3017813,0.0010948924,0.02597123,0.0012901447,0.25675395,0.005563785,0.8022361,0.0018692514,0.024727374,0.0012909876,0.26485923,0.019636473,null,null,null,null,"TWOGAUSSIANS",8,2.0749626,0.8022361,0.0018692514,0.13847329,0.0072295307,0.26485923,0.019636473,0.3017813,0.0010948924,0.1454389,0.007224811,0.25675395,0.005563785
375316653866487564,511687289666014336,0.4686581,2238.7849879534247,0.4633433405155659,5.094084E-6,17.721909,0.0024777441,0.5059023,2.8635538E-4,0.0037826737,2.911974E-4,0.20321324,0.006920832,0.7179859,0.03529169,0.023756644,0.021817904,0.053676307,0.1641294,null,null,null,null,"TWOGAUSSIANS",8,7.4767237,0.5059023,2.8635538E-4,0.021182973,0.0016307054,0.20321324,0.006920832,0.7179859,0.03529169,0.13303721,0.12218026,0.053676307,0.1641294
375316653866487564,511687972555807360,0.4707979,2245.7324384981857,0.4598967569366626,7.344726E-6,18.328835,0.0022488288,0.23037444,0.011060142,0.024983963,0.005059719,0.1297181,0.02719059,0.7287193,0.0023493723,0.020782428,0.003291912,0.0898476,0.011504306,null,null,null,null,"TWOGAUSSIANS",8,1.7771813,0.23037444,0.011060142,0.13991019,0.028334428,0.1297181,0.02719059,0.7287193,0.0023493723,0.11638159,0.018434707,0.0898476,0.011504306
