Gaia/vari_eclipsing_binary/VariEclipsingBinary_486188-486260.csv
# %ECSV 1.0
# ---
# delimiter: ','
# meta: !!omap
# - RELEASE: Gaia DR3
# - TABLE: vari_eclipsing_binary
# - DESCRIPTION: >
#     This table describes the properties of the eclipsing binaries resulting from the variability analysis. 
# - CITATION: >
#     How to cite and acknowledge Gaia: 
#     https://gea.esac.esa.int/archive/documentation/credits.html 
# - KNOWN_ISSUES: >
#     Known issues: 
#     https://www.cosmos.esa.int/web/gaia-users/known-issues 
# - DOCUMENTATION: >
#     Tutorials and documentation: 
#     https://www.cosmos.esa.int/web/gaia-users/archive 
# datatype:
# - 
#   name: solution_id
#   datatype: int64
#   description: Solution Identifier
#   meta:
#     ucd: meta.version
# - 
#   name: source_id
#   datatype: int64
#   description: Unique source identifier
#   meta:
#     ucd: meta.id;meta.main
# - 
#   name: global_ranking
#   datatype: float32
#   description: Number between 0 (worst) and 1 (best)
#   meta:
#     ucd: stat.param
# - 
#   name: reference_time
#   datatype: float64
#   unit: d
#   description: Reference time used for the geometric model fit
#   meta:
#     ucd: time.epoch
# - 
#   name: frequency
#   datatype: float64
#   unit: d**-1
#   description: Frequency of geometric model of the eclipsing binary light curve
#   meta:
#     ucd: src.orbital
# - 
#   name: frequency_error
#   datatype: float32
#   unit: d**-1
#   description: "Uncertainty of \\texttt{frequency}"
#   meta:
#     ucd: stat.error
# - 
#   name: geom_model_reference_level
#   datatype: float32
#   unit: mag
#   description: Magnitude reference level of geometric model
#   meta:
#     ucd: phot.mag;em.opt
# - 
#   name: geom_model_reference_level_error
#   datatype: float32
#   unit: mag
#   description: "Uncertainty of \\texttt{geomModelReferenceLevel}"
#   meta:
#     ucd: stat.error;phot.mag;em.opt
# - 
#   name: geom_model_gaussian1_phase
#   datatype: float32
#   description: Phase of the Gaussian 1 component
#   meta:
#     ucd: time.phase
# - 
#   name: geom_model_gaussian1_phase_error
#   datatype: float32
#   description: "Uncertainty of \\texttt{geomModelGaussian1Phase}"
#   meta:
#     ucd: stat.error;time.phase
# - 
#   name: geom_model_gaussian1_sigma
#   datatype: float32
#   description: "Standard deviation [phase] of Gaussian 1 component"
#   meta:
#     ucd: stat.stdev
# - 
#   name: geom_model_gaussian1_sigma_error
#   datatype: float32
#   description: "Uncertainty of \\texttt{geomModelGaussian1Sigma}"
#   meta:
#     ucd: stat.error
# - 
#   name: geom_model_gaussian1_depth
#   datatype: float32
#   unit: mag
#   description: Magnitude depth of Gaussian 1 component
#   meta:
#     ucd: src.var.amplitude
# - 
#   name: geom_model_gaussian1_depth_error
#   datatype: float32
#   unit: mag
#   description: "Uncertainty of \\texttt{geomModelGaussian1Depth}"
#   meta:
#     ucd: stat.error;src.var.amplitude
# - 
#   name: geom_model_gaussian2_phase
#   datatype: float32
#   description: Phase of Gaussian 2 component
#   meta:
#     ucd: time.phase
# - 
#   name: geom_model_gaussian2_phase_error
#   datatype: float32
#   description: "Uncertainty of \\texttt{geomModelGaussian2Phase}"
#   meta:
#     ucd: stat.error;time.phase
# - 
#   name: geom_model_gaussian2_sigma
#   datatype: float32
[...]
#   datatype: float32
#   description: "Secondary eclipse: uncertainty of \\texttt{derivedSecondaryEclDuration}"
#   meta:
#     ucd: stat.error;time.duration
# - 
#   name: derived_secondary_ecl_depth
#   datatype: float32
#   unit: mag
#   description: "Secondary eclipse: depth"
#   meta:
#     ucd: src.var.amplitude
# - 
#   name: derived_secondary_ecl_depth_error
#   datatype: float32
#   unit: mag
#   description: "Secondary eclipse: uncertainty of \\texttt{derivedSecondaryEclDepth}"
#   meta:
#     ucd: stat.error;src.var.amplitude
solution_id,source_id,global_ranking,reference_time,frequency,frequency_error,geom_model_reference_level,geom_model_reference_level_error,geom_model_gaussian1_phase,geom_model_gaussian1_phase_error,geom_model_gaussian1_sigma,geom_model_gaussian1_sigma_error,geom_model_gaussian1_depth,geom_model_gaussian1_depth_error,geom_model_gaussian2_phase,geom_model_gaussian2_phase_error,geom_model_gaussian2_sigma,geom_model_gaussian2_sigma_error,geom_model_gaussian2_depth,geom_model_gaussian2_depth_error,geom_model_cosine_half_period_amplitude,geom_model_cosine_half_period_amplitude_error,geom_model_cosine_half_period_phase,geom_model_cosine_half_period_phase_error,model_type,num_model_parameters,reduced_chi2,derived_primary_ecl_phase,derived_primary_ecl_phase_error,derived_primary_ecl_duration,derived_primary_ecl_duration_error,derived_primary_ecl_depth,derived_primary_ecl_depth_error,derived_secondary_ecl_phase,derived_secondary_ecl_phase_error,derived_secondary_ecl_duration,derived_secondary_ecl_duration_error,derived_secondary_ecl_depth,derived_secondary_ecl_depth_error
[from data line 112]
375316653866487564,4276740524251259904,0.5064269,2187.0777074175767,3.0427298863401084,2.4271789E-5,19.704374,0.012992861,0.21182136,0.018616717,0.063619144,0.011637375,0.43722606,0.08273742,0.71783584,0.006853645,0.0541567,0.0056761852,0.42615473,0.089738645,null,null,null,null,"TWOGAUSSIANS",8,2.6574972,0.21182136,0.018616717,0.3562672,0.0651693,0.43714154,0.08278768,0.71783584,0.006853645,0.30327752,0.03178664,0.4260702,0.089777485
375316653866487564,4276740799131748224,0.44475272,2298.561476605635,1.5745224849161545,9.533273E-5,19.895622,0.023447769,0.18755515,0.0027796172,0.03082472,0.010470813,0.1489033,0.03481419,0.71404296,0.05243781,0.026463283,0.08131934,0.26935357,0.16197294,null,null,null,null,"TWOGAUSSIANS",8,1.866069,0.71404296,0.05243781,0.14819439,0.2560578,0.26935357,0.16212705,0.18755515,0.0027730667,0.17261843,0.058636554,0.1489033,0.034810092
375316653866487564,4276744265163478528,0.5451838,2208.4144131485036,2.404070370266986,2.2676231E-5,19.063778,0.0407188,0.23269519,0.0040414724,0.08621109,0.011715031,0.45280582,0.073174745,0.7239644,0.008392312,0.097799405,0.01780747,0.37556055,0.030488307,null,null,null,null,"TWOGAUSSIANS",8,3.451102,0.23269519,0.0040414724,0.4,0.0,0.4349271,0.0740763,0.7239644,0.008392312,0.4,0.0,0.35768014,0.020891834
375316653866487564,4276744544332219648,0.5550895,2222.0918100340064,2.84819915984796,1.8579794E-5,19.350555,0.010452275,0.21228765,0.0034604827,0.06752893,0.0050350493,0.5197842,0.045144483,0.70980406,0.009472998,0.08659508,0.011161585,0.5705171,0.061863266,null,null,null,null,"TWOGAUSSIANS",8,2.5524364,0.70980406,0.009472998,0.4,0.0,0.5651715,0.064306855,0.21228765,0.0034604827,0.378162,0.02797196,0.51443857,0.046311986
375316653866487564,4276747288828236928,0.45350385,2224.219140115755,3.0491000701805655,4.468419E-5,18.725328,0.0056728683,null,null,null,null,null,null,null,null,null,null,null,null,0.0572039,0.007151872,0.254301,0.010525264,"ELLIPSOIDAL",4,4.475844,null,null,null,null,null,null,null,null,null,null,null,null
375316653866487564,4276747391899867520,0.5716246,2183.817473164953,3.4172663833103076,1.1634014E-5,17.997019,0.013752312,0.19799156,0.005501894,0.08806943,0.007145932,0.2610647,0.014729603,0.6880815,0.028397232,0.08620259,0.023202557,0.25169,0.026355658,null,null,null,null,"TWOGAUSSIANS",8,3.0247483,0.19799156,0.0054986877,0.4,0.0,0.2539711,0.011620547,0.6880815,0.028397232,0.4,0.0,0.24459642,0.024148982
375316653866487564,4276752270978455424,0.5887199,2181.263629848122,1.766150482029726,2.7053584E-5,18.236246,0.012207529,0.23703095,0.013408552,0.081840456,0.011381488,0.28342864,0.026309375,0.7234624,0.004326657,0.0732259,0.004675382,0.694409,0.027311092,null,null,null,null,"TWOGAUSSIANS",8,6.385172,0.7234624,0.004326657,0.4,0.00216769,0.69086707,0.026976736,0.23703095,0.013408552,0.4,0.0,0.27988663,0.025996704
375316653866487564,4276752992532851456,0.49134156,2235.2120388510625,3.6938293290530257,4.243423E-5,18.719173,0.0155037735,0.32762882,0.0063503385,0.089267604,0.007851732,0.2621288,0.021773433,0.81439775,0.00463371,0.086601794,0.01081099,0.20262744,0.018036354,null,null,null,null,"TWOGAUSSIANS",8,2.8379796,0.32762882,0.0063503385,0.4,0.0,0.2556005,0.021013197,0.81439775,0.00463371,0.4,0.0,0.19609924,0.01696034
375316653866487564,4276754027628728960,0.6471861,2236.157751171089,1.119350500879618,9.28926E-6,16.376276,0.0030438837,0.20093161,0.0035456482,0.037079737,0.0053711166,0.09713238,0.00884177,0.6844687,0.004656073,0.035778325,0.009921246,0.34522974,0.1952795,0.016556172,0.0049098707,0.20093161,0.0035456482,"TWOGAUSSIANS_WITH_ELLIPSOIDAL_ON_ECLIPSE1",9,3.056205,0.6846287,0.004205975,0.20035863,0.055558976,0.37799242,0.1984603,0.20093161,0.0035456482,0.20764653,0.030078253,0.13024472,0.007109927
375316653866487564,4276755711258279552,0.5078469,2193.2438898959695,1.6697303265129217,6.458339E-5,18.038832,0.017801216,0.20199412,0.008832218,0.08563406,0.02228117,0.13593799,0.017464975,0.69538164,0.033466034,0.10014161,0.062264133,0.112922214,0.12698099,null,null,null,null,"TWOGAUSSIANS",8,3.971546,0.20199412,0.008832218,0.4,0.0027843849,0.12999856,0.015738895,0.69538164,0.033466034,0.4,0.13453951,0.10698189,0.13381545
375316653866487564,4276755810031591040,0.4554183,2197.1389823280583,3.1988009176956202,2.224827E-5,19.524824,0.12656024,0.38514432,0.035042528,0.16912614,0.118038684,0.20099357,0.11359797,0.795986,0.041244183,0.04048965,0.029216398,0.085919164,0.041417237,null,null,null,null,"TWOGAUSSIANS",8,2.057158,0.38514432,0.035042528,0.4,0.0,0.19428362,0.041802473,0.795986,0.041244183,0.22674204,0.16361183,0.09018943,0.039926153
375316653866487564,4276758627531881600,0.60322577,2139.268063909333,1.8049248066629424,1.8885625E-5,17.478333,0.009297187,0.24873085,0.025130093,0.09155078,0.01506524,0.28270328,0.026355743,0.7374179,0.006963416,0.08961192,0.0065805037,0.2532334,0.012216899,null,null,null,null,"TWOGAUSSIANS",8,5.3520427,0.24873085,0.025130093,0.4,0.0,0.27272955,0.02379312,0.7374179,0.006963416,0.4,0.0,0.2432598,0.0095658675
375316653866487564,4276759559546448128,0.55865324,2191.127724931515,2.122706526849886,1.7385937E-5,17.597364,0.15907554,0.287892,0.010711436,0.09273335,0.078774415,0.20464516,0.0955576,0.7904474,0.0063970555,0.108367294,0.04778275,0.121949404,0.14762628,null,null,null,null,"TWOGAUSSIANS",8,1.9159261,0.287892,0.011081944,0.4,0.0,0.19119729,0.062714346,0.7904474,0.0063970555,0.4,0.0,0.10849589,0.0064072846
375316653866487564,4276759830125320704,0.5881789,2205.3059678640793,2.491607553663451,5.1470597E-6,18.235659,0.006941085,0.27763465,0.011676163,0.06591991,0.007338781,0.4616721,0.032285415,0.780973,0.0025289182,0.06783277,0.002663966,0.43778244,0.014306009,null,null,null,null,"TWOGAUSSIANS",8,5.2465005,0.27763465,0.011676163,0.36915153,0.04109717,0.46091628,0.03236371,0.780973,0.0025289182,0.3798635,0.01491821,0.43702662,0.014288109
375316653866487564,4276761758569811328,0.5743513,2165.2707401663865,0.34999261960556466,2.5277346E-5,14.764333,0.0028839952,0.2568386,0.02650093,0.02286685,0.018076403,0.28135395,24.269604,0.7510491,0.0075798696,0.06623503,0.018041238,0.4853726,0.46404445,null,null,null,null,"TWOGAUSSIANS",8,27.746033,0.7510491,0.0075798696,0.37091616,0.0662081,0.4853725,0.4640462,0.2568386,0.02650093,0.12805437,0.10122786,0.28135386,24.269604
375316653866487564,4276762377037222784,0.5631019,2186.786186010398,2.9602397100723015,1.4830518E-5,19.380943,0.023426458,0.3413115,0.0065364907,0.0791392,0.029433655,0.5192671,0.25567892,0.84078264,0.005362007,0.060880527,0.0056917933,0.61477226,0.040156275,null,null,null,null,"TWOGAUSSIANS",8,2.9215546,0.84078264,0.005362007,0.34093094,0.031874042,0.6129146,0.039741315,0.3413115,0.0065364907,0.4,0.0,0.51740944,0.2623553
375316653866487564,4276765950457985664,0.5419129,2143.259810392323,2.715163390220455,2.144467E-5,19.004599,0.0155726215,0.22420678,0.054011602,0.045757126,0.042241193,0.8885457,23.358444,0.7509138,0.00906337,0.0756871,0.009777152,0.43530536,0.04586381,null,null,null,null,"TWOGAUSSIANS",8,5.7649364,0.22420678,0.054011602,0.25623992,0.23655069,0.88845557,23.358534,0.7509138,0.00906337,0.4,0.011967571,0.43521523,0.04590429
375316653866487564,4276770619083129344,0.6247008,2223.5858310170856,3.0251518338321377,2.9288462E-5,19.460966,0.017608345,0.1920699,0.0053408626,0.065671355,0.0073146084,0.5397039,0.018448016,0.6712204,0.030424913,0.053937707,0.027287297,1.5520462,0.9497442,null,null,null,null,"TWOGAUSSIANS",8,1.4519086,0.6712204,0.030424913,0.30205116,0.097675785,1.5519156,0.95275915,0.1920699,0.0053408626,0.36775956,0.040961806,0.5395734,0.01789665
375316653866487564,4276775124509226240,0.5343445,2256.212130955686,1.7381734535204656,7.077079E-6,19.84497,0.008378867,0.75195175,0.02567294,0.013296207,0.02303015,0.07279182,0.027476832,0.58985806,8.2831987E-4,0.054679163,0.0025580714,0.51835686,0.025264809,null,null,null,null,"TWOGAUSSIANS",8,0.8835014,0.58985806,8.2831987E-4,0.30620334,0.014325201,0.51835686,0.025264846,0.75107175,0.03043492,0.07445876,0.12896885,0.07934701,0.031398546
375316653866487564,4276776322800048896,0.47050145,2296.561814500868,1.761956154073684,1.1912964E-5,19.153294,0.011739734,0.35823756,4.6610023E-4,0.017113367,0.0017256457,0.11961851,0.010800404,0.66452515,0.005799586,0.06763733,0.0074119694,0.16090585,0.011814678,null,null,null,null,"TWOGAUSSIANS",8,2.1003127,0.66452515,0.005799586,0.37876904,0.041507028,0.16090585,0.011814678,0.35823756,4.6610023E-4,0.09583486,0.009663616,0.11962418,0.010810016
375316653866487564,4276777392253510528,0.54027545,2311.369966062764,3.8498654692189476,1.5074506E-5,19.021704,0.010216015,0.26750404,0.0028710787,0.075198784,0.0038690525,0.6749923,0.021666367,0.7569826,0.08795824,0.07961871,0.047781166,0.5251625,0.2339667,null,null,null,null,"TWOGAUSSIANS",8,5.346889,0.26750404,0.0028710787,0.4,0.0,0.66983527,0.021846645,0.7569826,0.08795824,0.4,0.19291241,0.5200055,0.23203804
375316653866487564,4276780823926007552,0.5531388,2253.9362347005494,3.0130480284759007,1.2555122E-5,19.702692,0.014419674,0.7011001,0.0023009088,0.048851125,0.0062841456,0.22142063,0.04063331,null,null,null,null,null,null,0.08742038,0.028199261,0.7011001,0.0023009088,"ONEGAUSSIAN_WITH_ELLIPSOIDAL",6,1.5917686,0.7011001,0.0023009088,0.2735663,0.035191216,0.39626077,0.025936991,null,null,null,null,null,null
375316653866487564,4276781545479364096,0.4725135,2334.5932428962606,2.320839365328449,7.640387E-5,18.590265,0.032158636,0.9852363,0.9281699,0.06768749,0.021992065,0.035265867,0.024162555,0.49672562,0.009416469,0.17470104,0.04543871,0.12217923,0.027663013,null,null,null,null,"TWOGAUSSIANS",8,2.2692943,0.49672562,0.009416469,0.4,0.0,0.10516257,0.012738876,0.98359627,0.92610025,0.37904993,0.09991021,0.022389019,0.011228549
375316653866487564,4276782748071593344,0.6035276,2291.7197935217473,2.065980634014186,2.9289053E-5,18.046745,0.056846406,0.2596922,0.0058053313,0.08090379,0.00922913,0.60593283,0.053713363,0.7644455,0.0117464,0.12150464,0.039343946,0.31498474,0.092023194,null,null,null,null,"TWOGAUSSIANS",8,5.393312,0.2596822,0.0058361925,0.4,0.0,0.5711559,0.014473832,0.7644455,0.0117464,0.4,0.0,0.28007373,0.11829855
375316653866487564,4276782889809775104,0.52997404,2296.2210739777142,0.39984092447215946,5.8976475E-5,18.194283,0.03542067,0.28038722,0.0028311352,0.011464227,0.0033691213,0.9730575,0.4474297,null,null,null,null,null,null,0.043807533,0.048765052,0.28038722,0.0028311352,"ONEGAUSSIAN_WITH_ELLIPSOIDAL",6,39.625652,0.28038722,0.0028311352,0.06419967,0.01886708,1.0606725,0.4659323,null,null,null,null,null,null
375316653866487564,4276782988589894656,0.6206338,2276.98877093945,2.406638172793429,9.261924E-6,18.086557,0.0065648886,0.22992624,0.0016698522,0.07551302,0.002553311,0.41467062,0.01638627,0.72367823,0.003687802,0.07631841,0.0054276334,0.44884682,0.017766511,null,null,null,null,"TWOGAUSSIANS",8,3.1858957,0.72367823,0.003687802,0.4,0.0,0.44552115,0.018411307,0.22992624,0.0016698522,0.4,0.0,0.41134495,0.016389804
375316653866487564,4276783027248723072,0.4715207,2360.8746728945134,1.9974481526430306,4.399599E-5,18.51946,0.12215153,0.25043026,0.023010854,0.043237824,0.03970221,0.52585125,2.7252522,0.7646869,0.021920774,0.12956238,0.055631828,0.6129221,0.116448134,null,null,null,null,"TWOGAUSSIANS",8,23.60972,0.7646869,0.021920774,0.4,0.0,0.60068387,0.09584737,0.25040027,0.02339741,0.2421318,0.22233237,0.51438916,2.743098
375316653866487564,4276783473925328128,0.5677138,2332.6266843503963,2.5130446687448984,6.7067617E-6,17.89007,0.008156342,0.3183339,0.008772961,0.07190189,0.011089244,0.19289066,0.009650653,0.8207716,0.0020981254,0.07468618,0.0036632214,0.20172763,0.012079256,null,null,null,null,"TWOGAUSSIANS",8,1.8098869,0.8207716,0.0020981254,0.4,0.0,0.20061815,0.011844254,0.3183339,0.008772961,0.4,0.04880316,0.1917812,0.009850382
375316653866487564,4276785569868484992,0.59449464,2197.3056540210114,1.1584037867908517,4.749568E-6,17.413614,0.017541656,0.21672295,0.005663155,0.106368355,0.014727248,0.22276255,0.017445227,0.7149332,0.0018568523,0.089235105,0.0055908775,0.27946648,0.016895512,null,null,null,null,"TWOGAUSSIANS",8,2.873291,0.7149332,0.0018568523,0.4,0.0,0.26121175,0.0077363634,0.21672295,0.005663155,0.4,0.0,0.20450082,0.020925075
375316653866487564,4276786355843791104,0.5155378,2193.1809232786895,3.3819639009560145,6.2019E-5,19.482868,0.04928863,0.21452595,0.02322336,0.1156795,0.031194719,0.24936536,0.05078018,0.6878341,0.016144158,0.0727349,0.019780757,0.33050728,0.056446467,null,null,null,null,"TWOGAUSSIANS",8,1.855944,0.6878341,0.016144158,0.4,0.0361071,0.3197882,0.030841766,0.21452595,0.02322336,0.4,0.0,0.23858066,0.034028616
375316653866487564,4276786978612344960,0.53137165,2173.7454586273716,0.19846357956534724,2.8217963E-5,19.912651,0.013394346,0.30894977,0.011491258,0.04185575,0.007494241,0.5216671,0.2961887,0.83620584,0.0065402733,0.07959751,0.0065458296,0.292883,0.016986854,null,null,null,null,"TWOGAUSSIANS",8,1.4499992,0.30894977,0.011491258,0.2343922,0.04196775,0.52161264,0.2962283,0.83620584,0.0065402733,0.4,0.0,0.2928285,0.016952684
375316653866487564,4276787837611850752,0.5992054,2221.57196008084,1.1493204716365664,5.685451E-6,16.548542,0.013244088,0.2543753,0.0023068637,0.034036033,0.0029897557,1.0136633,0.10866326,null,null,null,null,null,null,0.097704306,0.016856456,0.2543753,0.0023068637,"ONEGAUSSIAN_WITH_ELLIPSOIDAL",6,87.84177,0.2543753,0.0023068637,0.19060178,0.016742632,1.2090718,0.11872296,null,null,null,null,null,null
375316653866487564,4276790960049133312,0.55003315,2211.3502172824737,3.028430644915749,2.1455466E-5,19.264627,0.02481294,0.20479895,0.00523491,0.09484616,0.010692728,0.33885783,0.021729575,0.70268846,0.010101863,0.08178833,0.014249729,0.34792322,0.030197203,null,null,null,null,"TWOGAUSSIANS",8,1.6349025,0.70268846,0.010101863,0.4,0.0032321103,0.335894,0.025081584,0.20479895,0.00523491,0.4,0.0,0.32682794,0.016334457
375316653866487564,4276792918554035712,0.56904876,2201.091139073784,1.9781926995151007,2.4281593E-5,18.436028,0.028102228,0.21733361,0.0041996725,0.085720345,0.00907907,0.4750763,0.022841128,0.72138625,0.008761561,0.099375054,0.011002476,0.44370744,0.036959928,null,null,null,null,"TWOGAUSSIANS",8,5.178414,0.21733361,0.0041996725,0.4,0.0,0.4526921,0.012920856,0.72138625,0.008761561,0.4,0.0,0.42132038,0.02932704
375316653866487564,4276793060287811840,0.4851636,2211.921979224732,2.523434080337885,5.8792048E-5,18.812742,0.08287224,0.32510483,0.030065162,0.09642628,0.04876647,0.25327694,0.09005126,0.81886995,0.010797557,0.10988154,0.030890623,0.2622944,0.081175834,null,null,null,null,"TWOGAUSSIANS",8,5.051403,0.81886995,0.010797557,0.4,0.0,0.23692994,0.022132477,0.32511485,0.030061904,0.4,0.102471225,0.22792897,0.066971965
375316653866487564,4276793330871092352,0.53534,2230.5938883133904,2.4879320285109436,4.735708E-5,19.193521,0.023269288,0.30591264,0.0013868676,0.05790507,0.0058226376,0.30650595,0.026408203,0.79446286,0.020998904,0.070324205,0.025290255,0.3070459,0.079256155,null,null,null,null,"TWOGAUSSIANS",8,3.0505688,0.79446286,0.020998904,0.39381555,0.02781501,0.30683148,0.08010158,0.30591264,0.0013868676,0.3242684,0.03260677,0.30629152,0.025921643
375316653866487564,4276794121145149056,0.5981792,2266.228560398633,2.887457173799489,1.803874E-5,18.634235,0.0150153795,0.26405647,0.004669798,0.07952757,0.006688762,0.49963918,0.020182759,0.7773034,0.030561337,0.07109498,0.03399189,0.5254878,55.930016,null,null,null,null,"TWOGAUSSIANS",8,2.8815653,0.7773034,0.030561337,0.3981319,0.17536274,0.5224119,55.932102,0.26405647,0.004669798,0.4,0.0,0.49656326,0.020086136
