Gaia/vari_eclipsing_binary/VariEclipsingBinary_467118-467132.csv
# %ECSV 1.0
# ---
# delimiter: ','
# meta: !!omap
# - RELEASE: Gaia DR3
# - TABLE: vari_eclipsing_binary
# - DESCRIPTION: >
#     This table describes the properties of the eclipsing binaries resulting from the variability analysis. 
# - CITATION: >
#     How to cite and acknowledge Gaia: 
#     https://gea.esac.esa.int/archive/documentation/credits.html 
# - KNOWN_ISSUES: >
#     Known issues: 
#     https://www.cosmos.esa.int/web/gaia-users/known-issues 
# - DOCUMENTATION: >
#     Tutorials and documentation: 
#     https://www.cosmos.esa.int/web/gaia-users/archive 
# datatype:
# - 
#   name: solution_id
#   datatype: int64
#   description: Solution Identifier
#   meta:
#     ucd: meta.version
# - 
#   name: source_id
#   datatype: int64
#   description: Unique source identifier
#   meta:
#     ucd: meta.id;meta.main
# - 
#   name: global_ranking
#   datatype: float32
#   description: Number between 0 (worst) and 1 (best)
#   meta:
#     ucd: stat.param
# - 
#   name: reference_time
#   datatype: float64
#   unit: d
#   description: Reference time used for the geometric model fit
#   meta:
#     ucd: time.epoch
# - 
#   name: frequency
#   datatype: float64
#   unit: d**-1
#   description: Frequency of geometric model of the eclipsing binary light curve
#   meta:
#     ucd: src.orbital
# - 
#   name: frequency_error
#   datatype: float32
#   unit: d**-1
#   description: "Uncertainty of \\texttt{frequency}"
#   meta:
#     ucd: stat.error
# - 
#   name: geom_model_reference_level
#   datatype: float32
#   unit: mag
#   description: Magnitude reference level of geometric model
#   meta:
#     ucd: phot.mag;em.opt
# - 
#   name: geom_model_reference_level_error
#   datatype: float32
#   unit: mag
#   description: "Uncertainty of \\texttt{geomModelReferenceLevel}"
#   meta:
#     ucd: stat.error;phot.mag;em.opt
# - 
#   name: geom_model_gaussian1_phase
#   datatype: float32
#   description: Phase of the Gaussian 1 component
#   meta:
#     ucd: time.phase
# - 
#   name: geom_model_gaussian1_phase_error
#   datatype: float32
#   description: "Uncertainty of \\texttt{geomModelGaussian1Phase}"
#   meta:
#     ucd: stat.error;time.phase
# - 
#   name: geom_model_gaussian1_sigma
#   datatype: float32
#   description: "Standard deviation [phase] of Gaussian 1 component"
#   meta:
#     ucd: stat.stdev
# - 
#   name: geom_model_gaussian1_sigma_error
#   datatype: float32
#   description: "Uncertainty of \\texttt{geomModelGaussian1Sigma}"
#   meta:
#     ucd: stat.error
# - 
#   name: geom_model_gaussian1_depth
#   datatype: float32
#   unit: mag
#   description: Magnitude depth of Gaussian 1 component
#   meta:
#     ucd: src.var.amplitude
# - 
#   name: geom_model_gaussian1_depth_error
#   datatype: float32
#   unit: mag
#   description: "Uncertainty of \\texttt{geomModelGaussian1Depth}"
#   meta:
#     ucd: stat.error;src.var.amplitude
# - 
#   name: geom_model_gaussian2_phase
#   datatype: float32
#   description: Phase of Gaussian 2 component
#   meta:
#     ucd: time.phase
# - 
#   name: geom_model_gaussian2_phase_error
#   datatype: float32
#   description: "Uncertainty of \\texttt{geomModelGaussian2Phase}"
#   meta:
#     ucd: stat.error;time.phase
# - 
#   name: geom_model_gaussian2_sigma
#   datatype: float32
[...]
#   datatype: float32
#   description: "Secondary eclipse: uncertainty of \\texttt{derivedSecondaryEclDuration}"
#   meta:
#     ucd: stat.error;time.duration
# - 
#   name: derived_secondary_ecl_depth
#   datatype: float32
#   unit: mag
#   description: "Secondary eclipse: depth"
#   meta:
#     ucd: src.var.amplitude
# - 
#   name: derived_secondary_ecl_depth_error
#   datatype: float32
#   unit: mag
#   description: "Secondary eclipse: uncertainty of \\texttt{derivedSecondaryEclDepth}"
#   meta:
#     ucd: stat.error;src.var.amplitude
solution_id,source_id,global_ranking,reference_time,frequency,frequency_error,geom_model_reference_level,geom_model_reference_level_error,geom_model_gaussian1_phase,geom_model_gaussian1_phase_error,geom_model_gaussian1_sigma,geom_model_gaussian1_sigma_error,geom_model_gaussian1_depth,geom_model_gaussian1_depth_error,geom_model_gaussian2_phase,geom_model_gaussian2_phase_error,geom_model_gaussian2_sigma,geom_model_gaussian2_sigma_error,geom_model_gaussian2_depth,geom_model_gaussian2_depth_error,geom_model_cosine_half_period_amplitude,geom_model_cosine_half_period_amplitude_error,geom_model_cosine_half_period_phase,geom_model_cosine_half_period_phase_error,model_type,num_model_parameters,reduced_chi2,derived_primary_ecl_phase,derived_primary_ecl_phase_error,derived_primary_ecl_duration,derived_primary_ecl_duration_error,derived_primary_ecl_depth,derived_primary_ecl_depth_error,derived_secondary_ecl_phase,derived_secondary_ecl_phase_error,derived_secondary_ecl_duration,derived_secondary_ecl_duration_error,derived_secondary_ecl_depth,derived_secondary_ecl_depth_error
[from data line 224]
375316653866487564,4108867638693309824,0.5877801,2286.2431472194653,1.6960159555918557,2.0010822E-5,18.089176,0.05334189,0.17666107,0.004854212,0.121638544,0.02530945,0.18000379,0.051976603,0.65859354,0.0056085065,0.09896496,0.016905302,0.35488138,0.045997135,null,null,null,null,"TWOGAUSSIANS",8,2.2989624,0.65859354,0.0056085065,0.4,0.0,0.3248021,0.012190598,0.17667107,0.0048290747,0.4,0.0,0.14983647,0.008338327
375316653866487564,4108867668740820864,0.5497977,2283.089301770829,2.5569012327116187,1.5682888E-5,18.015915,0.011171885,0.26893938,0.006108757,0.08460399,0.0057717995,0.3327879,0.013272121,0.75544053,0.0029512448,0.07872398,0.005263075,0.35499218,0.015701303,null,null,null,null,"TWOGAUSSIANS",8,7.1875176,0.75544053,0.0029512448,0.4,0.0,0.35009533,0.015442162,0.26893938,0.006108757,0.4,0.0,0.32789105,0.011818549
375316653866487564,4108868257168618880,0.46355745,2292.779520751284,3.4884601114926093,2.0976051E-5,19.765062,0.005953393,0.21328487,0.008747777,0.027018214,0.01384872,0.059750956,0.38118407,0.67397296,0.011940488,0.045250595,0.030391628,0.22109565,0.15282333,0.08487576,0.014032468,0.21328487,0.008747777,"TWOGAUSSIANS_WITH_ELLIPSOIDAL_ON_ECLIPSE1",9,2.5531926,0.678203,0.020416915,0.25340334,0.1455672,0.38176745,0.14177333,0.21328487,0.008747777,0.151302,0.07755283,0.22950178,0.37814283
375316653866487564,4108868974411295872,0.4229919,2297.3866861279193,0.3831946544939369,8.583007E-5,16.624727,0.10999839,0.26264286,0.022155512,0.1475959,0.118300006,0.16239826,0.08076829,0.63803,0.04743076,0.10871342,0.027835561,0.12782052,0.026472844,null,null,null,null,"TWOGAUSSIANS",8,7.1661005,0.26410288,0.022728663,0.4,0.0,0.14783354,0.04253928,0.63803,0.04743076,0.4,0.0,0.119336374,0.026686696
375316653866487564,4108869219304055680,0.50808364,2306.139262226964,1.7928175362666492,2.5971238E-5,18.38451,0.82318956,0.25723916,0.007872168,0.23761062,0.15429857,0.7469553,0.8178292,0.74957395,0.007944699,0.1265273,0.033849616,0.67049736,0.4514954,null,null,null,null,"TWOGAUSSIANS",8,5.0303917,0.74957395,0.007944699,0.4,0.0,0.32096395,0.028031958,0.25753915,0.0077626235,0.4,0.0,0.2346758,0.025738027
375316653866487564,4108869524167096320,0.49582598,2311.990753476213,0.30062461607664226,5.5048073E-5,17.175346,0.004570246,0.21594074,0.0076733525,0.019252986,0.010907506,0.039682917,0.011176556,0.6934158,0.026659956,0.032194946,0.009403652,0.28934026,0.26552635,0.025657961,0.007338783,0.21594074,0.0076733525,"TWOGAUSSIANS_WITH_ELLIPSOIDAL_ON_ECLIPSE1",9,8.411588,0.6937358,0.026449969,0.1802917,0.05266045,0.33964947,0.26501393,0.21594074,0.0076733525,0.10781672,0.06108203,0.090998836,0.006819161
375316653866487564,4108869872139149952,0.54131144,2286.713148035483,2.980315426548502,1.9921332E-5,17.629559,0.009056472,0.22221301,0.005777376,0.095020294,0.007268057,0.24038334,0.011582952,0.7340603,0.0060512284,0.09184237,0.007170038,0.25050795,0.011129413,null,null,null,null,"TWOGAUSSIANS",8,6.379425,0.7340603,0.0060512284,0.4,0.0,0.2389897,0.008125315,0.22221301,0.005777376,0.4,0.0,0.22886474,0.009992037
375316653866487564,4108870215685538048,0.5152789,2288.7850053060693,2.9008844681994796,1.5985004E-5,19.836494,0.022125939,0.32255426,0.0046499036,0.070118636,0.0069265272,0.48393205,0.036244106,0.8207026,0.0058541205,0.07128738,0.0064210542,0.49198908,0.043628305,null,null,null,null,"TWOGAUSSIANS",8,2.1345124,0.8207026,0.0058541205,0.39920932,0.030846091,0.49019262,0.043110464,0.32255426,0.0046499036,0.39266437,0.03285715,0.48213562,0.036230844
375316653866487564,4108870486262808832,0.5325255,2285.3051274050836,2.2351310326647904,2.4004881E-5,18.386185,0.008140389,0.3192497,0.004738279,0.08592021,0.0064130933,0.18616354,0.008634076,0.8259051,0.008527832,0.098105505,0.012291222,0.09398593,0.0087040095,null,null,null,null,"TWOGAUSSIANS",8,1.7992538,0.3192497,0.004738279,0.4,0.0,0.18040508,0.0061101653,0.8259051,0.008527832,0.4,0.0,0.08822704,0.0068640024
375316653866487564,4108870559333936128,0.56588036,2316.026476183391,2.205101525367201,6.6532925E-6,18.705708,0.00921672,0.26707566,0.004059623,0.048854623,0.00787649,0.074779235,0.023590205,0.7604045,0.002375268,0.038693987,0.004208863,0.16601431,0.01900339,0.11570577,0.011110361,0.26707566,0.004059623,"TWOGAUSSIANS_WITH_ELLIPSOIDAL_ON_ECLIPSE1",9,2.4418678,0.76134455,0.0016042555,0.21668632,0.023569632,0.39707676,0.008719129,0.26707566,0.004059623,0.2735859,0.044108346,0.30619058,0.013544097
375316653866487564,4108870799789930496,0.4877599,2316.126827908809,3.232049667988198,6.268847E-5,19.750126,0.015186083,0.28608525,0.013347701,0.089161284,0.0132419495,0.3177843,0.04400902,0.7998916,0.025225535,0.06785037,0.019428967,0.30106744,0.025073122,null,null,null,null,"TWOGAUSSIANS",8,4.034906,0.28608525,0.013347701,0.4,0.0,0.3148772,0.043842927,0.7998916,0.025225535,0.3799621,0.06556283,0.2981605,0.021124804
375316653866487564,4108871796223035008,0.4800582,2273.768858491132,2.52629983262387,4.138992E-5,19.235079,0.09814374,0.21003693,0.0062232222,0.102724165,0.016993469,0.5191118,0.09518533,0.69725066,0.00706388,0.11346935,0.028348874,0.43521506,0.07870226,null,null,null,null,"TWOGAUSSIANS",8,5.9856052,0.21005693,0.006215338,0.4,0.0,0.46254012,0.035831142,0.69725066,0.00706388,0.4,0.0,0.378593,0.049002018
375316653866487564,4108871864942822784,0.55697966,2285.1363812591435,1.9698001526225635,1.5644746E-5,18.260061,0.008345699,0.25063816,0.0035618024,0.103530884,0.006426999,0.17035416,0.010405838,0.75619096,0.0031755688,0.0832836,0.0060061333,0.28092796,0.0113975555,null,null,null,null,"TWOGAUSSIANS",8,2.4196703,0.75619096,0.0031755688,0.4,0.0,0.27016345,0.012080293,0.25063816,0.0035618024,0.4,0.0,0.15958661,0.009249919
375316653866487564,4108871899302477312,0.49791902,2295.053893638289,3.2868584172537636,2.3852203E-5,19.691887,0.025655,0.22039078,0.006833183,0.064998336,0.00674148,0.8743529,0.05335623,0.7180332,0.0086877495,0.06982725,0.0069902837,0.6220492,0.07567251,null,null,null,null,"TWOGAUSSIANS",8,6.755476,0.22039078,0.006833183,0.3639907,0.037752286,0.8729386,0.053530954,0.7180332,0.0086877495,0.39103264,0.038814086,0.6206349,0.07584251
375316653866487564,4108872002382066176,0.54158705,2297.6448729370077,3.630682501691497,1.4391061E-5,19.727814,0.01853175,0.22359487,0.011916628,0.07134549,0.014615796,0.8092137,0.16501285,0.7246856,0.0023523734,0.06852673,0.0061742836,0.5541996,0.05685666,null,null,null,null,"TWOGAUSSIANS",8,3.412741,0.22359487,0.011916628,0.39953476,0.050013933,0.8070206,0.16806054,0.7246856,0.0023523734,0.3837497,0.030289946,0.5520064,0.05791976
375316653866487564,4108872036741829248,0.50267106,2292.8499069250925,2.575838414380118,3.9008275E-5,19.782816,0.02854059,0.28591388,0.006169235,0.06846094,0.010651117,0.47157714,0.039674923,0.78104526,0.02570748,0.0780629,0.023417775,0.50486094,0.22459383,null,null,null,null,"TWOGAUSSIANS",8,3.4322922,0.78104526,0.02570748,0.4,0.03873364,0.50228244,0.22773978,0.28591388,0.006169235,0.38338128,0.057898562,0.46899864,0.039957896
375316653866487564,4108872998813430656,0.5649846,2281.399431573125,3.0423140862584743,1.8060775E-5,19.387484,0.010764544,0.23623803,0.007104485,0.073927775,0.0052805203,0.5388376,0.020201048,0.7564994,0.015490474,0.062281013,0.011045712,0.5448351,0.033054985,null,null,null,null,"TWOGAUSSIANS",8,2.535021,0.7564994,0.015490474,0.34877366,0.052186675,0.5441022,0.03245994,0.23623803,0.007104485,0.4,0.0036821945,0.5381047,0.019757638
375316653866487564,4108873342410517120,0.5707526,2290.546826492887,1.3506908452209458,1.1376598E-5,18.255713,0.004954839,0.2544334,0.004465184,0.07957596,0.0040921005,0.29263,0.013262748,0.75216717,0.0023363517,0.080171034,0.0034485494,0.27502126,0.0059134685,null,null,null,null,"TWOGAUSSIANS",8,2.436698,0.2544334,0.004465184,0.4,0.0,0.28858256,0.0132263545,0.75216717,0.0023363517,0.4,0.0,0.2709738,0.0057143304
375316653866487564,4108873441178014976,0.5056909,2276.1023722893665,1.9249831971014166,2.2784467E-5,18.419525,0.0048824335,0.21545194,0.009163186,0.060772967,0.010850978,0.14503303,0.007097321,0.7432454,0.005856086,0.07778855,0.0073019234,0.1257162,0.0067407712,null,null,null,null,"TWOGAUSSIANS",8,2.132283,0.21545194,0.009163186,0.34032863,0.060765475,0.14484546,0.0070893206,0.7432454,0.005856086,0.4,0.0,0.12552862,0.006610508
375316653866487564,4108873651648849408,0.50420845,2285.48135274565,2.218143376605676,1.5499575E-4,16.933464,0.02094383,0.25343442,0.0057288185,0.07981254,0.0139037045,0.18742584,0.019282145,0.75084484,0.006855879,0.080547504,0.016426856,0.17171659,0.019346904,null,null,null,null,"TWOGAUSSIANS",8,36.03473,0.25343442,0.0057288185,0.4,0.0,0.18478517,0.013494769,0.75084484,0.006855879,0.4,0.0,0.16907592,0.016886732
375316653866487564,4108874849920049152,0.62205684,2276.01167504897,1.0890023483877012,5.9752747E-6,15.105032,0.001505431,0.7885177,0.029979602,0.060729973,0.025234926,0.013318157,0.02713049,0.57990474,5.9162034E-4,0.049602445,0.0011039476,0.2757314,0.003984974,null,null,null,null,"TWOGAUSSIANS",8,23.993557,0.5799247,5.9172E-4,0.27777368,0.0061821067,0.27576792,0.004012195,0.7875077,0.031351775,0.34008786,0.14131558,0.013359636,0.027144054
375316653866487564,4108874854240714112,0.5102204,2260.0803497928882,2.637054025818675,2.490891E-5,19.676147,0.023504589,0.26207113,0.017506715,0.065446645,0.02380779,0.47385216,0.26500645,0.7624132,0.0061507756,0.06827445,0.0076482138,0.6456748,0.058050912,null,null,null,null,"TWOGAUSSIANS",8,4.370518,0.7624132,0.0061507756,0.38233694,0.0379532,0.64466375,0.058082245,0.26207113,0.017506715,0.3665012,0.13332362,0.47284105,0.2660259
375316653866487564,4108875575792039680,0.5234958,2292.428200993875,1.8728531618993205,7.023054E-5,18.765427,0.01712099,0.20569083,0.011305493,0.04199742,0.006424991,0.15553117,0.026637971,0.7006408,0.016866386,0.044056863,0.013532217,0.600269,0.026401797,null,null,null,null,"TWOGAUSSIANS",8,11.968766,0.7006408,0.016866386,0.24671844,0.075780414,0.60026896,0.026402507,0.20569083,0.011305493,0.23518556,0.03597995,0.15553114,0.026637197
375316653866487564,4108876194267839488,0.49183056,2310.594569474142,1.7891632110718574,2.9313931E-5,18.716787,0.017662464,0.26715526,0.009974808,0.07914878,0.0148859285,0.24118389,0.017790368,0.7606977,0.0065312693,0.079241686,0.010344485,0.2667762,0.017097093,null,null,null,null,"TWOGAUSSIANS",8,4.799086,0.7606977,0.0065312693,0.4,0.0,0.2637203,0.014504955,0.26715526,0.009974808,0.4,0.0,0.23812798,0.01524191
375316653866487564,4108876224344897920,0.48191112,2315.8123720228505,1.3150013970369174,2.648934E-5,18.732998,0.0036172445,0.21727963,0.015472688,0.04633489,0.020657806,0.07652742,0.032411925,0.71179485,0.007631488,0.04769373,0.008269556,0.18199837,0.028550645,null,null,null,null,"TWOGAUSSIANS",8,1.7231418,0.71179485,0.007631488,0.26708487,0.046309512,0.18199824,0.028551068,0.21727963,0.015472688,0.25947538,0.11568371,0.07652729,0.03241606
375316653866487564,4108876537866038528,0.5497569,2267.5904802663485,4.198450836129189,1.2739152E-5,19.451735,0.018115003,0.30594814,0.00495134,0.05481222,0.008954324,0.7618001,0.07511354,0.7985047,0.00916837,0.078905985,0.01157723,0.264115,0.043364633,null,null,null,null,"TWOGAUSSIANS",8,3.7890491,0.30594814,0.00495134,0.30694842,0.05014421,0.7612121,0.07576516,0.7985047,0.00916837,0.4,0.0,0.263527,0.04326203
375316653866487564,4108876606584893824,0.52519,2306.790784925089,2.0430402738670645,1.4463967E-5,18.981997,0.01057058,0.2580411,0.0066212066,0.084075555,0.010204627,0.21517168,0.010031458,0.7603997,0.008888116,0.09573943,0.007555809,0.30640307,0.016168293,null,null,null,null,"TWOGAUSSIANS",8,1.603181,0.7603997,0.008888116,0.4,0.0,0.29594603,0.01246625,0.2580411,0.0066212066,0.4,0.0,0.20471537,0.012362778
375316653866487564,4108876778392349056,0.53466433,2345.7744139614215,1.0559311953380204,1.1529443E-5,18.225906,0.0056079193,0.2455449,0.009585554,0.054620456,0.008904204,0.13192932,0.044706315,0.74351263,0.0034299223,0.05075319,0.0036837922,0.35253075,0.013036211,null,null,null,null,"TWOGAUSSIANS",8,3.603463,0.74351263,0.0034299223,0.28421786,0.020629236,0.3525258,0.013038364,0.2455449,0.009585554,0.30587456,0.04986354,0.13192436,0.04471358
375316653866487564,4108876842820338688,0.5758691,2302.9398427495858,2.2037224642744997,8.789615E-6,18.208858,0.007633805,0.24839917,0.0035125238,0.09327762,0.005454129,0.15102984,0.008514343,0.74353397,0.0017819994,0.07335496,0.0033610843,0.26349542,0.007860306,null,null,null,null,"TWOGAUSSIANS",8,1.305386,0.74353397,0.0017819994,0.4,0.0,0.2596414,0.0069132093,0.24839917,0.0035125238,0.4,0.0,0.14717565,0.0074919225
375316653866487564,4108878251541698944,0.50535035,2298.5973740983704,2.4530351614422754,1.8950544E-5,18.223883,0.015837923,0.2617234,0.0049927905,0.08611501,0.0098921005,0.26749486,0.02430934,0.7633078,0.0050482927,0.08605125,0.009266254,0.26970246,0.015573073,null,null,null,null,"TWOGAUSSIANS",8,7.6538324,0.7633078,0.0050482927,0.4,0.0,0.26199272,0.014270079,0.2617234,0.0049927905,0.4,0.0,0.25978512,0.025287578
375316653866487564,4108878251569617536,0.5614263,2315.0262830074794,1.2597845145622648,6.1498664E-5,17.5421,0.008536013,0.24782181,0.0012931718,0.021533163,0.0021725832,0.6731953,0.071399696,0.75508404,0.029882982,0.037859246,0.03432266,0.32579023,0.460354,0.015762761,0.010670452,0.24782181,0.0012931718,"TWOGAUSSIANS_WITH_ELLIPSOIDAL_ON_ECLIPSE1",9,14.513295,0.24782181,0.0012931718,0.12058572,0.012166466,0.70472074,0.077878535,0.75508404,0.029855164,0.21201177,0.1922069,0.35725012,0.4722024
375316653866487564,4108878977415637888,0.54550564,2307.916464667805,2.4000282832274284,2.3640228E-5,18.635338,0.013672416,0.30543643,0.0017623595,0.07028532,0.0035723902,0.41009644,0.013111425,0.79403144,0.005532721,0.07442194,0.0077673267,0.40948254,0.020173453,null,null,null,null,"TWOGAUSSIANS",8,5.2708,0.30543643,0.0017623595,0.39359778,0.01812186,0.4085066,0.012180119,0.79403144,0.005532721,0.4,0.0,0.4078927,0.020022877
375316653866487564,4108879355372953728,0.50079197,2278.692094291439,3.56537291394882,1.5749598E-5,19.519653,0.01973841,0.24533306,0.004703498,0.07252942,0.0048911157,0.5161478,0.0442104,0.73282695,0.005654373,0.065997,0.007803372,0.46238038,0.030365858,null,null,null,null,"TWOGAUSSIANS",8,3.6211593,0.24533306,0.004703498,0.4,0.0066838153,0.5151047,0.044030596,0.73282695,0.005654373,0.3695832,0.043698885,0.46133733,0.030385729
375316653866487564,4108879630243238144,0.46047428,2245.9900168168365,3.951607542169924,4.1790136E-5,19.268827,0.005338941,0.5355954,0.009239398,0.07855227,0.014518486,0.095030375,0.01283311,0.75198454,0.0061242958,0.036655087,0.008084318,0.12967812,0.022088995,null,null,null,null,"TWOGAUSSIANS",8,1.85299,0.75198454,0.0061242958,0.20526849,0.045272183,0.13181631,0.02219747,0.5355954,0.009239398,0.4,0.0,0.095030375,0.012833146
375316653866487564,4108879797729940736,0.5040923,2316.6328637940087,0.1419556814548433,9.992851E-5,18.289152,0.003797147,0.22586595,0.034669027,0.047436316,0.017359344,0.020990787,0.010814934,0.5014621,0.043958127,0.0466321,0.06483525,0.21584259,0.24513753,null,null,null,null,"TWOGAUSSIANS",8,1.2587792,0.5014621,0.043958127,0.26113975,0.18930578,0.21584259,0.24513912,0.22586595,0.03440171,0.26564336,0.09721233,0.020990793,0.011001005
375316653866487564,4108879832089686912,0.4323026,2302.9329806505684,0.7095664853306006,1.3567704E-4,18.399738,0.06388436,0.121067695,0.09644417,0.016828218,0.09865894,0.67388,0.4745076,0.67344123,0.041719735,0.07520371,0.056851067,0.13442595,0.26931038,null,null,null,null,"TWOGAUSSIANS",8,37.212223,0.121067695,0.096531525,0.09423802,0.29960012,0.67388,0.50330293,0.67344123,0.041719735,0.4,0.18193167,0.13442594,0.2661094
