Gaia/vari_eclipsing_binary/VariEclipsingBinary_469411-469481.csv
# %ECSV 1.0
# ---
# delimiter: ','
# meta: !!omap
# - RELEASE: Gaia DR3
# - TABLE: vari_eclipsing_binary
# - DESCRIPTION: >
#     This table describes the properties of the eclipsing binaries resulting from the variability analysis. 
# - CITATION: >
#     How to cite and acknowledge Gaia: 
#     https://gea.esac.esa.int/archive/documentation/credits.html 
# - KNOWN_ISSUES: >
#     Known issues: 
#     https://www.cosmos.esa.int/web/gaia-users/known-issues 
# - DOCUMENTATION: >
#     Tutorials and documentation: 
#     https://www.cosmos.esa.int/web/gaia-users/archive 
# datatype:
# - 
#   name: solution_id
#   datatype: int64
#   description: Solution Identifier
#   meta:
#     ucd: meta.version
# - 
#   name: source_id
#   datatype: int64
#   description: Unique source identifier
#   meta:
#     ucd: meta.id;meta.main
# - 
#   name: global_ranking
#   datatype: float32
#   description: Number between 0 (worst) and 1 (best)
#   meta:
#     ucd: stat.param
# - 
#   name: reference_time
#   datatype: float64
#   unit: d
#   description: Reference time used for the geometric model fit
#   meta:
#     ucd: time.epoch
# - 
#   name: frequency
#   datatype: float64
#   unit: d**-1
#   description: Frequency of geometric model of the eclipsing binary light curve
#   meta:
#     ucd: src.orbital
# - 
#   name: frequency_error
#   datatype: float32
#   unit: d**-1
#   description: "Uncertainty of \\texttt{frequency}"
#   meta:
#     ucd: stat.error
# - 
#   name: geom_model_reference_level
#   datatype: float32
#   unit: mag
#   description: Magnitude reference level of geometric model
#   meta:
#     ucd: phot.mag;em.opt
# - 
#   name: geom_model_reference_level_error
#   datatype: float32
#   unit: mag
#   description: "Uncertainty of \\texttt{geomModelReferenceLevel}"
#   meta:
#     ucd: stat.error;phot.mag;em.opt
# - 
#   name: geom_model_gaussian1_phase
#   datatype: float32
#   description: Phase of the Gaussian 1 component
#   meta:
#     ucd: time.phase
# - 
#   name: geom_model_gaussian1_phase_error
#   datatype: float32
#   description: "Uncertainty of \\texttt{geomModelGaussian1Phase}"
#   meta:
#     ucd: stat.error;time.phase
# - 
#   name: geom_model_gaussian1_sigma
#   datatype: float32
#   description: "Standard deviation [phase] of Gaussian 1 component"
#   meta:
#     ucd: stat.stdev
# - 
#   name: geom_model_gaussian1_sigma_error
#   datatype: float32
#   description: "Uncertainty of \\texttt{geomModelGaussian1Sigma}"
#   meta:
#     ucd: stat.error
# - 
#   name: geom_model_gaussian1_depth
#   datatype: float32
#   unit: mag
#   description: Magnitude depth of Gaussian 1 component
#   meta:
#     ucd: src.var.amplitude
# - 
#   name: geom_model_gaussian1_depth_error
#   datatype: float32
#   unit: mag
#   description: "Uncertainty of \\texttt{geomModelGaussian1Depth}"
#   meta:
#     ucd: stat.error;src.var.amplitude
# - 
#   name: geom_model_gaussian2_phase
#   datatype: float32
#   description: Phase of Gaussian 2 component
#   meta:
#     ucd: time.phase
# - 
#   name: geom_model_gaussian2_phase_error
#   datatype: float32
#   description: "Uncertainty of \\texttt{geomModelGaussian2Phase}"
#   meta:
#     ucd: stat.error;time.phase
# - 
#   name: geom_model_gaussian2_sigma
#   datatype: float32
[...]
#   datatype: float32
#   description: "Secondary eclipse: uncertainty of \\texttt{derivedSecondaryEclDuration}"
#   meta:
#     ucd: stat.error;time.duration
# - 
#   name: derived_secondary_ecl_depth
#   datatype: float32
#   unit: mag
#   description: "Secondary eclipse: depth"
#   meta:
#     ucd: src.var.amplitude
# - 
#   name: derived_secondary_ecl_depth_error
#   datatype: float32
#   unit: mag
#   description: "Secondary eclipse: uncertainty of \\texttt{derivedSecondaryEclDepth}"
#   meta:
#     ucd: stat.error;src.var.amplitude
solution_id,source_id,global_ranking,reference_time,frequency,frequency_error,geom_model_reference_level,geom_model_reference_level_error,geom_model_gaussian1_phase,geom_model_gaussian1_phase_error,geom_model_gaussian1_sigma,geom_model_gaussian1_sigma_error,geom_model_gaussian1_depth,geom_model_gaussian1_depth_error,geom_model_gaussian2_phase,geom_model_gaussian2_phase_error,geom_model_gaussian2_sigma,geom_model_gaussian2_sigma_error,geom_model_gaussian2_depth,geom_model_gaussian2_depth_error,geom_model_cosine_half_period_amplitude,geom_model_cosine_half_period_amplitude_error,geom_model_cosine_half_period_phase,geom_model_cosine_half_period_phase_error,model_type,num_model_parameters,reduced_chi2,derived_primary_ecl_phase,derived_primary_ecl_phase_error,derived_primary_ecl_duration,derived_primary_ecl_duration_error,derived_primary_ecl_depth,derived_primary_ecl_depth_error,derived_secondary_ecl_phase,derived_secondary_ecl_phase_error,derived_secondary_ecl_duration,derived_secondary_ecl_duration_error,derived_secondary_ecl_depth,derived_secondary_ecl_depth_error
[from data line 111]
375316653866487564,4129167470883320576,0.46907175,2202.5330798704845,0.13179751654709612,2.6884692E-5,18.58581,0.012666917,0.32810098,0.012358685,0.07401953,0.008331734,0.43871894,0.055783845,0.81198347,0.05628179,0.035886955,0.019925904,0.81954,0.6002455,null,null,null,null,"TWOGAUSSIANS",8,14.090578,0.81198347,0.05628179,0.20096695,0.11158506,0.8195237,0.6002366,0.32810098,0.012358685,0.4,0.0,0.43870264,0.055781346
375316653866487564,4129167956213500928,0.5254668,2227.9028762376897,3.9477935521489167,1.8598077E-5,19.65115,0.008298711,0.21786484,0.002089253,0.075210735,0.003162777,0.3985713,0.012467568,0.7206038,0.0034650764,0.075753756,0.0043441844,0.42936277,0.022598052,null,null,null,null,"TWOGAUSSIANS",8,1.5077249,0.7206038,0.0034650764,0.4,0.0,0.42613026,0.022912903,0.21786484,0.002089253,0.4,0.0,0.39533877,0.012340251
375316653866487564,4129169017069908352,0.5318861,2211.61018287307,2.4095090460686963,1.072085E-5,17.558565,0.012354403,0.21678388,0.002309776,0.046550915,0.0055435975,0.17772652,0.026128788,0.72739875,0.0034199753,0.058939338,0.006280377,0.20641264,0.038933016,0.043738756,0.015630448,0.21678388,0.002309776,"TWOGAUSSIANS_WITH_ELLIPSOIDAL_ON_ECLIPSE1",9,13.907123,0.72739875,0.0034199753,0.3300603,0.03517011,0.2934897,0.034807097,0.21678388,0.002309776,0.26068512,0.031044146,0.26519212,0.010323312
375316653866487564,4129174239754086400,0.5916615,2226.145849039328,0.9000813190534874,2.8582432E-5,17.994415,0.003302349,0.24795416,0.0027825434,0.015946988,0.0034298736,0.28436056,0.04753665,0.7513192,0.0037567907,0.017371621,0.0024451874,0.65091926,0.04459281,null,null,null,null,"TWOGAUSSIANS",8,4.7639847,0.7513192,0.0037567907,0.097281076,0.01369305,0.65091926,0.04459281,0.24795416,0.0027825434,0.08930313,0.019207291,0.28436056,0.04753665
375316653866487564,4129177160332096128,0.59944534,2253.8975193060464,2.4965579225781944,2.830615E-5,17.318834,0.01524813,0.28569064,0.0041942885,0.08812773,0.008929411,0.29271114,0.01391545,0.792106,0.007061025,0.099142015,0.010592241,0.17666663,0.015062276,null,null,null,null,"TWOGAUSSIANS",8,3.595357,0.28569064,0.0041942885,0.4,0.0,0.28124675,0.007270259,0.792106,0.007061025,0.4,0.0,0.1652012,0.00857459
375316653866487564,4129179672896546944,0.5185426,2246.607631072898,3.1074768885301234,4.7617697E-5,16.114813,0.06460174,0.29054427,0.0061777425,0.10576157,0.016755786,0.44999173,0.061669074,0.7863625,0.012452009,0.09640037,0.025110075,0.3966008,0.059160862,null,null,null,null,"TWOGAUSSIANS",8,172.61356,0.29054427,0.0061767637,0.4,0.0,0.41223633,0.020784268,0.7863625,0.012452009,0.4,0.0,0.35885704,0.03308843
375316653866487564,4129179909111704448,0.60086715,2232.427560031012,2.059092863366714,2.636538E-5,18.266499,0.0071091554,0.25185683,0.006622914,0.05898366,0.0060704723,0.16731536,0.013246608,0.75685114,0.0030665342,0.049982805,0.0024409038,0.7672973,0.06045871,null,null,null,null,"TWOGAUSSIANS",8,5.481501,0.75685114,0.0030665342,0.2799037,0.0136690615,0.767283,0.060462356,0.25185683,0.006622914,0.3303085,0.033994645,0.16730106,0.0132482005
375316653866487564,4129180566249529600,0.5644451,2180.4455668634364,2.681473614963027,1.1592343E-5,16.998793,0.014423642,0.20182675,0.0031822636,0.09861507,0.00667113,0.22760928,0.014629152,0.7037785,0.0027920392,0.10440532,0.008938118,0.21447152,0.012535017,null,null,null,null,"TWOGAUSSIANS",8,5.4027295,0.20182675,0.0031822636,0.4,0.0,0.20685366,0.007189514,0.7037785,0.0027920392,0.4,0.0,0.19371259,0.007388492
375316653866487564,4129184513317381376,0.5144689,2233.8771450812733,2.276974038198113,1.608466E-4,15.034852,0.006696061,0.26406148,0.020879269,0.023698315,0.019533416,0.025769524,0.018213663,0.77637285,0.033604253,0.036778737,0.027028318,0.33095887,0.4628723,0.025305541,0.009655359,0.26406148,0.020879269,"TWOGAUSSIANS_WITH_ELLIPSOIDAL_ON_ECLIPSE1",9,126.00917,0.77637285,0.033604253,0.20596091,0.15135859,0.3812677,0.4656324,0.26406148,0.020879269,0.13271056,0.10938714,0.0763806,0.015856633
375316653866487564,4129184513317413504,0.4618457,2251.312653545234,3.4778622415538902,2.9565921E-5,17.940727,0.11577994,0.1778447,0.016277663,0.22451735,0.14269541,0.10368559,0.113355435,0.7112214,0.007517727,0.09676881,0.012789296,0.1347665,0.030773342,null,null,null,null,"TWOGAUSSIANS",8,3.0607858,0.7147114,0.005451683,0.4,0.0,0.102703825,0.0050264145,0.17781469,0.016261447,0.4,0.0,0.053425863,0.008063092
375316653866487564,4129187060227613824,0.53736836,2193.9819575632678,4.165241495333168,2.4589719E-5,19.564114,0.012936633,0.18356645,0.0044500437,0.08267407,0.0069858604,0.44900814,0.02810818,0.66802496,0.0057253675,0.08205086,0.006381176,0.45217794,0.017115263,null,null,null,null,"TWOGAUSSIANS",8,1.7053672,0.66802496,0.0057253675,0.4,0.0,0.44545087,0.015022127,0.18356645,0.0044500437,0.4,0.0,0.44228107,0.029740706
375316653866487564,4129192244253524992,0.5970919,2234.3573298524852,3.201587125109319,1.2978413E-5,17.840578,0.0070932456,0.3011,0.002455608,0.0913308,0.0035286818,0.33599785,0.007987513,0.80199194,0.0018584641,0.09224179,0.0047207307,0.26359794,0.012337256,null,null,null,null,"TWOGAUSSIANS",8,2.0317123,0.3011,0.002455608,0.4,0.0,0.32163674,0.0056742947,0.80199194,0.0018584641,0.4,0.0,0.2492368,0.014036358
375316653866487564,4129192931448283648,0.5584638,2211.2284362227965,2.925444155292839,1.3913637E-5,19.276453,0.007635181,0.22813365,0.0038334413,0.06651354,0.0039926767,0.5103036,0.019830912,0.72255254,0.0030389498,0.07268977,0.0036978254,0.56722695,0.021217808,null,null,null,null,"TWOGAUSSIANS",8,2.4543428,0.72255254,0.0030389498,0.4,0.005991086,0.56575453,0.021481726,0.22813365,0.0038334413,0.3724758,0.02235899,0.50883126,0.019965762
375316653866487564,4129193378124935424,0.47635752,2233.398269686197,0.6191369843756431,8.6252E-5,18.604034,0.27595884,0.172698,0.008922447,0.13866118,0.03559077,0.21451358,0.22873119,0.65940064,0.016031872,0.1599721,0.06892731,0.33141667,0.27015895,null,null,null,null,"TWOGAUSSIANS",8,3.681838,0.65940064,0.016031872,0.4,0.0,0.20942919,0.014728529,0.175138,0.007916074,0.4,0.0,0.09703929,0.010488867
375316653866487564,4129193618643166336,0.5042804,2225.8968856858137,0.8765911324931662,3.406335E-5,17.822973,0.0025771125,0.31211168,0.0049555423,0.018624723,0.0021899578,0.38425276,0.0626248,0.81551456,0.0041813916,0.02055824,0.0043961373,0.22333325,0.38700348,null,null,null,null,"TWOGAUSSIANS",8,6.581866,0.31211168,0.0049555423,0.10429845,0.012263764,0.38425276,0.0626248,0.81551456,0.0041813916,0.11512615,0.024618369,0.22333325,0.38700348
375316653866487564,4129194374562083328,0.5428403,2216.9273703690615,3.3196575207195247,2.3775434E-5,19.290411,0.0137701435,0.22737278,0.0050753946,0.06666768,0.0064766468,0.5221113,0.022598153,0.7234695,0.018441614,0.074647464,0.010985253,0.5041834,0.061993383,null,null,null,null,"TWOGAUSSIANS",8,3.0523264,0.22737278,0.0050753946,0.373339,0.031848434,0.5203373,0.02247849,0.7234695,0.018441614,0.4,0.0,0.5024094,0.060734585
375316653866487564,4129196711024810624,0.55808955,2218.0481235586803,3.2061605982038666,2.4397976E-5,19.251171,0.018917207,0.25329214,0.007871224,0.0966128,0.010858052,0.3585418,0.022308178,0.74691546,0.002986663,0.079400554,0.005630445,0.39586395,0.022853209,null,null,null,null,"TWOGAUSSIANS",8,1.7342023,0.74691546,0.002986663,0.4,0.0,0.38397923,0.020455183,0.25329214,0.007871224,0.4,0.0,0.34665594,0.02069832
375316653866487564,4129197986636902016,0.6576304,2209.0491680595524,1.560078505685383,6.855164E-6,14.923704,0.010390303,0.24370399,0.002414845,0.040453896,0.062239174,0.007783102,0.019659456,0.742042,0.002055584,0.058692977,0.0056640874,0.120443374,0.020391308,0.04639164,0.010700209,0.24370399,0.002414845,"TWOGAUSSIANS_WITH_ELLIPSOIDAL_ON_ECLIPSE1",9,5.791484,0.742332,0.001424062,0.32868066,0.03171889,0.21320598,0.002378561,0.24370399,0.002414845,0.22654182,0.25544274,0.10055407,0.0038123736
375316653866487564,4129200597977168128,0.6259753,2237.0905359859767,2.411235075532637,5.993099E-6,16.271658,0.0057590273,0.20315452,0.0025225955,0.10043393,0.004077451,0.20311792,0.00597498,0.69810814,8.1325346E-4,0.0887077,0.0025460704,0.22418162,0.00589077,null,null,null,null,"TWOGAUSSIANS",8,3.8013916,0.69810814,8.1325346E-4,0.4,0.0,0.21217807,0.0045985538,0.20315452,0.0025225955,0.4,0.0,0.1911127,0.003683015
375316653866487564,4129200769771296896,0.46414375,2228.8009877572954,3.565876656684211,7.0332964E-5,18.652544,0.007852586,0.29201856,0.009161595,0.0695007,0.007697701,0.13562058,0.012658855,0.7671209,0.00868646,0.0873341,0.014414661,0.11290961,0.013250671,null,null,null,null,"TWOGAUSSIANS",8,3.1245973,0.29201856,0.009161595,0.3892039,0.039812498,0.13472313,0.012214533,0.7671209,0.00868646,0.4,0.0,0.11201211,0.013490153
375316653866487564,4129201521388850304,0.6211337,2219.7645060115515,2.51403191482735,1.7939803E-5,16.327059,0.01615786,0.26592943,0.0016699604,0.052394323,0.0038278508,0.4008007,0.028836902,0.76889545,0.004371777,0.052808147,0.004651181,0.3488366,0.039780557,0.10438322,0.016325979,0.26592943,0.0016699604,"TWOGAUSSIANS_WITH_ELLIPSOIDAL_ON_ECLIPSE1",9,59.74858,0.26592943,0.0016699604,0.29340822,0.021435965,0.6095575,0.008967258,0.76889545,0.0042618457,0.2957256,0.026046613,0.5575209,0.027877245
375316653866487564,4129201968059733632,0.5623104,2227.294954191317,3.913622020832781,1.7424623E-5,19.241037,0.0071497113,0.27108902,0.0019562677,0.07166236,0.0027803585,0.58993745,0.023249717,0.7711277,0.0049426323,0.06918961,0.005493227,0.687385,0.067562506,null,null,null,null,"TWOGAUSSIANS",8,2.5886068,0.7711277,0.0049426323,0.38746178,0.021701226,0.6850544,0.06847656,0.27108902,0.0019562677,0.4,0.007506936,0.58760685,0.023576094
375316653866487564,4129203823490078208,0.6295893,2215.6176937887167,2.959189143650978,5.1441675E-6,17.917032,0.005368173,0.25700173,0.0031151855,0.05619895,0.0043813973,0.34898883,0.011886776,0.7388359,0.019365987,0.027859155,0.012559118,0.07516215,0.026091749,0.07136139,0.008195804,0.25700173,0.0031151855,"TWOGAUSSIANS_WITH_ELLIPSOIDAL_ON_ECLIPSE1",9,3.9135623,0.25700173,0.0031151855,0.3147141,0.024535825,0.491694,0.0072521586,0.7407259,0.018623164,0.15601127,0.07033106,0.21620715,0.030385256
375316653866487564,4129205885070695424,0.5998583,2177.1302693189764,2.420149311807292,7.097488E-6,18.095615,0.0070350072,0.33744788,0.003142393,0.08001213,0.0038790894,0.40417233,0.017189218,0.84289074,0.0014653204,0.07630088,0.0023215546,0.42252466,0.0090510165,null,null,null,null,"TWOGAUSSIANS",8,2.5781481,0.84289074,0.0014653204,0.4,0.0,0.41809422,0.0088471295,0.33744788,0.003142393,0.4,0.0,0.39974186,0.017495057
375316653866487564,4129208908732171904,0.5466893,2205.6947629416545,3.9860650594449556,1.624256E-5,19.35596,0.0078046303,0.1732448,0.0019359669,0.074665464,0.00448315,0.4195294,0.026902458,0.6717135,0.0093269665,0.06796254,0.0048666843,0.47005635,0.045416635,null,null,null,null,"TWOGAUSSIANS",8,1.4281118,0.6717135,0.0093269665,0.38059026,0.027253432,0.46822965,0.04534871,0.1732448,0.0019359669,0.4,0.0,0.4177027,0.027615586
375316653866487564,4129211382633899136,0.6265464,2184.982966505352,1.3207418331534189,1.174566E-5,17.983578,0.0025143577,0.40960017,0.06697914,0.055063825,0.03107831,0.58544433,0.48227075,0.8269299,0.0011838604,0.014282872,0.0018365744,0.15345226,0.08957882,null,null,null,null,"TWOGAUSSIANS",8,1.3246025,0.40960017,0.06697914,0.30835742,0.11869218,0.58544433,0.48227087,0.8269299,0.0011838604,0.079984084,0.010284817,0.15345226,0.08957884
375316653866487564,4129211416993694720,0.4569208,2180.7681846598944,3.6236577645407704,3.6352736E-5,19.24807,0.3753397,0.21183781,0.014612479,0.19433092,0.12809657,0.3989448,0.36552978,0.715185,0.0083790375,0.13524386,0.04973301,0.40162453,0.3108427,null,null,null,null,"TWOGAUSSIANS",8,2.2325432,0.71600497,0.00751976,0.4,0.0,0.1880468,0.023811428,0.21163781,0.014667195,0.4,0.0,0.15707023,0.022237292
375316653866487564,4129211558734629376,0.51594234,2184.697892350553,4.28662469152107,4.25529E-5,16.976574,0.4916886,0.32600754,0.007894339,0.15108413,0.04728361,0.27341428,0.38668498,0.81204534,0.013515248,0.15754291,0.08566714,0.23374265,0.47022808,null,null,null,null,"TWOGAUSSIANS",8,8.370671,0.32744753,0.005684544,0.4,0.0,0.15079401,0.009409848,0.81204534,0.013515248,0.4,0.0,0.11035148,0.011888246
375316653866487564,4129212722663410816,0.42107153,2185.168722671792,0.9621573600587191,9.235407E-5,19.439898,0.049507,0.1721324,0.007211536,0.04839343,0.021486029,0.2094399,0.057424713,0.6882177,0.022334823,0.17379102,0.040007204,0.17809993,0.05932136,null,null,null,null,"TWOGAUSSIANS",8,6.361808,0.1718824,0.0072818683,0.27100322,0.12032176,0.19470613,0.061958835,0.6882177,0.022334823,0.4,0.0,0.15750644,0.040279716
375316653866487564,4129213723386850048,0.48559874,2173.1381190477437,2.1631457533116634,1.8489749E-5,19.041536,0.021114929,0.18452525,0.007832712,0.08232038,0.0127656255,0.27299818,0.03597495,0.68617785,0.012160431,0.07528651,0.018624352,0.2073711,0.15896252,null,null,null,null,"TWOGAUSSIANS",8,3.2623858,0.18452525,0.007832712,0.4,0.0,0.2699809,0.036551062,0.68617785,0.012160431,0.4,0.06075716,0.20435382,0.16050477
375316653866487564,4129216712696537600,0.5740371,2218.5819976773796,2.2658572928133762,1.6295757E-5,17.156918,0.018526096,0.21508227,0.0057803546,0.10974503,0.015642561,0.15806586,0.017265359,0.71820277,0.0037026692,0.0866534,0.0066173268,0.29766905,0.018527877,null,null,null,null,"TWOGAUSSIANS",8,5.653287,0.71820277,0.0037025344,0.4,0.0,0.28233218,0.010988135,0.21508227,0.0057803546,0.4,0.0,0.14271912,0.0073767765
375316653866487564,4129217670466342656,0.5058922,2198.8541692642566,1.3369825717789035,3.0596966E-5,16.72164,0.030331688,0.23336697,0.00320914,0.12568448,0.030982777,0.08235298,0.028018259,0.72947484,0.010450509,0.12197172,0.033863727,0.08376367,0.028548867,null,null,null,null,"TWOGAUSSIANS",8,2.6207073,0.72947484,0.010450509,0.4,0.0,0.06286762,0.0068726256,0.23339696,0.0031524797,0.4,0.0,0.061434135,0.0031335303
375316653866487564,4129224409266210304,0.53323525,2194.4519080150476,3.9262214802719355,6.279156E-5,19.283543,0.017405756,0.46081135,0.023268666,0.041069593,0.08944462,1.3504865,1.3536211,0.8156547,0.016425252,0.06888828,0.013536457,0.16778629,0.049042493,null,null,null,null,"TWOGAUSSIANS",8,1.9872544,0.46081135,0.02326248,0.22998972,0.16770272,1.3504869,1.3555142,0.8156547,0.016425252,0.38577434,0.06015517,0.16778627,0.048914436
375316653866487564,4129226677020717184,0.48203823,2230.1897557150214,1.0491525636632708,6.650743E-5,19.70969,0.014116009,0.28355387,0.0061251647,0.047721308,0.013735358,0.33385855,0.08789517,0.7541745,0.0037348943,0.0276281,0.006422531,0.7230098,0.22025836,null,null,null,null,"TWOGAUSSIANS",8,6.6898313,0.7541745,0.0037348943,0.15471736,0.035966173,0.7230098,0.22025836,0.28355387,0.0061251647,0.2672393,0.076918,0.33385855,0.08789517
375316653866487564,4129229455856638080,0.5020385,2180.8814355288587,0.12037349409219109,1.3645705E-6,19.154064,0.003868174,0.5265892,0.032026716,0.021451429,0.008102943,0.7677073,1.5571787,0.40343374,0.0020150542,0.015558669,0.006819945,0.0342862,0.0033914829,null,null,null,null,"TWOGAUSSIANS",8,0.8813765,0.5265892,0.032026716,0.120128,0.045376483,0.7677073,1.5571787,0.40343374,0.0011650716,0.08712855,0.03819169,0.034286253,0.005852653
375316653866487564,4129230246130727808,0.53856444,2163.203091071311,3.3778121051534136,1.4271053E-5,18.914858,0.016520036,0.18751606,0.0060243006,0.088684626,0.00859939,0.29343143,0.022018988,0.70190567,0.007702975,0.09732587,0.010586903,0.28667903,0.017329827,null,null,null,null,"TWOGAUSSIANS",8,2.3068216,0.18751606,0.0060243006,0.4,0.0,0.28078243,0.019661563,0.70190567,0.007702975,0.4,0.0,0.27402875,0.009318804
