Gaia/vari_eclipsing_binary/VariEclipsingBinary_760277-760668.csv
# %ECSV 1.0
# ---
# delimiter: ','
# meta: !!omap
# - RELEASE: Gaia DR3
# - TABLE: vari_eclipsing_binary
# - DESCRIPTION: >
#     This table describes the properties of the eclipsing binaries resulting from the variability analysis. 
# - CITATION: >
#     How to cite and acknowledge Gaia: 
#     https://gea.esac.esa.int/archive/documentation/credits.html 
# - KNOWN_ISSUES: >
#     Known issues: 
#     https://www.cosmos.esa.int/web/gaia-users/known-issues 
# - DOCUMENTATION: >
#     Tutorials and documentation: 
#     https://www.cosmos.esa.int/web/gaia-users/archive 
# datatype:
# - 
#   name: solution_id
#   datatype: int64
#   description: Solution Identifier
#   meta:
#     ucd: meta.version
# - 
#   name: source_id
#   datatype: int64
#   description: Unique source identifier
#   meta:
#     ucd: meta.id;meta.main
# - 
#   name: global_ranking
#   datatype: float32
#   description: Number between 0 (worst) and 1 (best)
#   meta:
#     ucd: stat.param
# - 
#   name: reference_time
#   datatype: float64
#   unit: d
#   description: Reference time used for the geometric model fit
#   meta:
#     ucd: time.epoch
# - 
#   name: frequency
#   datatype: float64
#   unit: d**-1
#   description: Frequency of geometric model of the eclipsing binary light curve
#   meta:
#     ucd: src.orbital
# - 
#   name: frequency_error
#   datatype: float32
#   unit: d**-1
#   description: "Uncertainty of \\texttt{frequency}"
#   meta:
#     ucd: stat.error
# - 
#   name: geom_model_reference_level
#   datatype: float32
#   unit: mag
#   description: Magnitude reference level of geometric model
#   meta:
#     ucd: phot.mag;em.opt
# - 
#   name: geom_model_reference_level_error
#   datatype: float32
#   unit: mag
#   description: "Uncertainty of \\texttt{geomModelReferenceLevel}"
#   meta:
#     ucd: stat.error;phot.mag;em.opt
# - 
#   name: geom_model_gaussian1_phase
#   datatype: float32
#   description: Phase of the Gaussian 1 component
#   meta:
#     ucd: time.phase
# - 
#   name: geom_model_gaussian1_phase_error
#   datatype: float32
#   description: "Uncertainty of \\texttt{geomModelGaussian1Phase}"
#   meta:
#     ucd: stat.error;time.phase
# - 
#   name: geom_model_gaussian1_sigma
#   datatype: float32
#   description: "Standard deviation [phase] of Gaussian 1 component"
#   meta:
#     ucd: stat.stdev
# - 
#   name: geom_model_gaussian1_sigma_error
#   datatype: float32
#   description: "Uncertainty of \\texttt{geomModelGaussian1Sigma}"
#   meta:
#     ucd: stat.error
# - 
#   name: geom_model_gaussian1_depth
#   datatype: float32
#   unit: mag
#   description: Magnitude depth of Gaussian 1 component
#   meta:
#     ucd: src.var.amplitude
# - 
#   name: geom_model_gaussian1_depth_error
#   datatype: float32
#   unit: mag
#   description: "Uncertainty of \\texttt{geomModelGaussian1Depth}"
#   meta:
#     ucd: stat.error;src.var.amplitude
# - 
#   name: geom_model_gaussian2_phase
#   datatype: float32
#   description: Phase of Gaussian 2 component
#   meta:
#     ucd: time.phase
# - 
#   name: geom_model_gaussian2_phase_error
#   datatype: float32
#   description: "Uncertainty of \\texttt{geomModelGaussian2Phase}"
#   meta:
#     ucd: stat.error;time.phase
# - 
#   name: geom_model_gaussian2_sigma
#   datatype: float32
[...]
#   datatype: float32
#   description: "Secondary eclipse: uncertainty of \\texttt{derivedSecondaryEclDuration}"
#   meta:
#     ucd: stat.error;time.duration
# - 
#   name: derived_secondary_ecl_depth
#   datatype: float32
#   unit: mag
#   description: "Secondary eclipse: depth"
#   meta:
#     ucd: src.var.amplitude
# - 
#   name: derived_secondary_ecl_depth_error
#   datatype: float32
#   unit: mag
#   description: "Secondary eclipse: uncertainty of \\texttt{derivedSecondaryEclDepth}"
#   meta:
#     ucd: stat.error;src.var.amplitude
solution_id,source_id,global_ranking,reference_time,frequency,frequency_error,geom_model_reference_level,geom_model_reference_level_error,geom_model_gaussian1_phase,geom_model_gaussian1_phase_error,geom_model_gaussian1_sigma,geom_model_gaussian1_sigma_error,geom_model_gaussian1_depth,geom_model_gaussian1_depth_error,geom_model_gaussian2_phase,geom_model_gaussian2_phase_error,geom_model_gaussian2_sigma,geom_model_gaussian2_sigma_error,geom_model_gaussian2_depth,geom_model_gaussian2_depth_error,geom_model_cosine_half_period_amplitude,geom_model_cosine_half_period_amplitude_error,geom_model_cosine_half_period_phase,geom_model_cosine_half_period_phase_error,model_type,num_model_parameters,reduced_chi2,derived_primary_ecl_phase,derived_primary_ecl_phase_error,derived_primary_ecl_duration,derived_primary_ecl_duration_error,derived_primary_ecl_depth,derived_primary_ecl_depth_error,derived_secondary_ecl_phase,derived_secondary_ecl_phase_error,derived_secondary_ecl_duration,derived_secondary_ecl_duration_error,derived_secondary_ecl_depth,derived_secondary_ecl_depth_error
[from data line 367]
375316653866487564,6690261765184166528,0.4702414,2153.45524776141,0.6663282629762766,1.4495962E-5,18.24982,0.008460265,0.16660328,0.002559399,0.035238735,0.0033184495,0.33939773,0.034265,0.65459776,0.0889607,0.10574858,0.057819486,0.13093884,0.038770184,null,null,null,null,"TWOGAUSSIANS",8,8.950967,0.16660328,0.002559399,0.19733693,0.018583316,0.3390147,0.034352776,0.65459776,0.0889607,0.4,0.13008071,0.13055165,0.038856227
375316653866487564,6690265093781216512,0.5121152,2162.669985265253,0.029292635481176568,3.586751E-6,18.676699,0.004609784,0.40132943,0.010341499,0.055265572,0.007216881,0.10745094,0.0064245528,0.8495998,0.053265948,0.044616092,0.025819499,0.3109392,0.27638435,null,null,null,null,"TWOGAUSSIANS",8,1.2791328,0.8495998,0.053265948,0.24985011,0.1445892,0.31093913,0.27638438,0.40132943,0.010341499,0.3094872,0.040414535,0.10745086,0.006424408
375316653866487564,6690268083078659456,0.4615026,2160.668914316527,0.17039782875882226,3.083148E-5,17.434101,0.08776466,0.12218982,0.02639461,0.06063691,0.021583535,0.13769946,0.05607388,0.6051922,0.025138473,0.18415152,0.10313677,0.20890418,0.06278688,null,null,null,null,"TWOGAUSSIANS",8,7.7290387,0.6051922,0.025138473,0.4,0.0,0.17325795,0.02759324,0.12313982,0.027221356,0.3395667,0.12086779,0.11282866,0.0419985
375316653866487564,6690268808930514048,0.4170696,2162.632734706627,0.09107201045157498,1.3581807E-5,16.67078,0.0043109907,0.4387077,0.0022915096,0.0147130415,0.002964555,0.020555269,0.002897351,0.8025899,0.018408235,0.13055891,0.075226784,0.020015214,0.0031955633,null,null,null,null,"TWOGAUSSIANS",8,2.8223155,0.4387977,0.002288384,0.082393035,0.016601508,0.02094134,0.0037856826,0.8025899,0.018408235,0.4,0.0,0.019989055,0.0037638124
375316653866487564,6690270698716145792,0.50549203,2167.153910971754,2.957638168131603,2.9690813E-5,12.75722,0.0092679085,0.29180613,0.0029125845,0.07808006,0.0070232283,0.22502255,0.027237605,0.7871682,0.004455274,0.07056918,0.01031074,0.23975584,0.07940964,null,null,null,null,"TWOGAUSSIANS",8,416.70248,0.7871682,0.004455274,0.39518738,0.056116432,0.23830006,0.080295675,0.29180613,0.0029125845,0.4,0.0,0.22356677,0.027776696
375316653866487564,6690277020905049728,0.5617869,2143.9162333322274,2.6644454197578082,7.176157E-6,17.41338,0.03280806,0.2732843,0.0021860728,0.10536821,0.010566251,0.32778543,0.025974235,0.7740296,0.0035979687,0.12077831,0.012871659,0.28815442,0.030333592,null,null,null,null,"TWOGAUSSIANS",8,4.9819407,0.2732843,0.002192547,0.4,0.0,0.27540043,0.016529012,0.7740296,0.0035979687,0.4,0.0,0.2356684,0.013722081
375316653866487564,6690282621545478528,0.5430194,2111.0792061035536,3.563868370882908,1.580235E-5,16.49374,0.006542757,0.25758243,0.004967885,0.08470512,0.0047697616,0.2240619,0.014128005,0.75847435,0.0059120734,0.09263667,0.00744872,0.19901368,0.011836168,null,null,null,null,"TWOGAUSSIANS",8,18.94877,0.25758243,0.004967885,0.4,0.0,0.21627374,0.013559058,0.75847435,0.0059120734,0.4,0.0,0.19122532,0.012095622
375316653866487564,6690285847062788352,0.5307121,2113.8877735191886,4.674812044235826,1.8270019E-5,19.804846,0.022237254,0.26121518,0.004460607,0.074234694,0.010187376,0.39955172,0.023748504,0.75076836,0.010019041,0.071954034,0.03956097,0.39806277,1.2115887,null,null,null,null,"TWOGAUSSIANS",8,1.2455564,0.26121518,0.004460607,0.4,5.098791E-4,0.39775556,0.022736873,0.75076836,0.010019041,0.4,0.19089271,0.3962666,1.2143912
375316653866487564,6690297224434315008,0.49317935,2149.656203906381,3.0132898506391985,2.9207458E-5,15.870597,0.92541075,0.16360784,0.0077027758,0.14607653,0.12906574,0.33837497,0.91634035,0.64723563,0.01047787,0.11309672,0.046147,0.35936475,0.5054969,null,null,null,null,"TWOGAUSSIANS",8,108.55405,0.64723563,0.01047787,0.4,0.0,0.26711807,0.018552851,0.16366784,0.0074668317,0.4,0.0,0.24411298,0.022616467
375316653866487564,6690307940376305664,0.48416728,2173.3900091777846,4.1029696244708065,4.4977678E-5,19.416574,0.006530133,0.17365855,0.01350317,0.026917353,0.009656597,0.097888246,0.09950822,0.54971135,0.013179173,0.079081096,0.009110492,0.23177983,0.036278874,null,null,null,null,"TWOGAUSSIANS",8,1.681935,0.54971135,0.013179173,0.4,0.0,0.23177981,0.036278915,0.17365855,0.01350317,0.15073718,0.05407694,0.097891085,0.09950818
375316653866487564,6690312583237252096,0.6902283,2137.807227249128,3.6021595583851393,4.0181985E-6,16.185228,0.0068633235,0.23794633,0.0022627586,0.044122055,0.0022806297,0.50981647,0.02117402,0.74227285,0.0015797609,0.041886535,0.004394321,0.55356896,0.026676891,0.12657125,0.0100521725,0.74227285,0.0015797609,"TWOGAUSSIANS_WITH_ELLIPSOIDAL_ON_ECLIPSE2",9,15.601323,0.74227285,0.0015797609,0.23456459,0.024608197,0.80671096,0.03344168,0.23825632,0.0020787402,0.2470835,0.012771526,0.7627847,0.014356515
375316653866487564,6690313059976061312,0.55670625,2126.722912916858,4.532105082228206,9.652681E-6,17.71679,0.006149203,0.2585022,0.0040469733,0.0834396,0.007073346,0.20799772,0.012011819,0.7574793,0.0027676506,0.0820546,0.0038878494,0.29034275,0.007580531,null,null,null,null,"TWOGAUSSIANS",8,4.3759513,0.7574793,0.0027676506,0.4,0.0,0.28533247,0.0075374395,0.2585022,0.0040469733,0.4,0.0,0.20298745,0.012784688
375316653866487564,6690315091498158080,0.48050392,2149.295279850125,0.06932859025775605,5.395305E-6,18.048435,0.003009491,0.36024436,0.020565625,0.040922627,0.04091025,0.09816323,0.021332301,0.8551027,0.0014017822,0.03563091,0.004144008,0.8533292,0.53091747,null,null,null,null,"TWOGAUSSIANS",8,1.8786259,0.8551027,0.0014017822,0.19953312,0.023206444,0.8533292,0.5309192,0.36024436,0.020565625,0.2291667,0.20193052,0.09816323,0.02134901
375316653866487564,6690324952743752192,0.48128843,2151.1574827902696,0.29477980004544935,1.8310342E-5,19.62884,0.016585352,0.21494769,0.003933299,0.047154263,0.0062464373,0.20415723,0.01586671,0.6816254,0.0075112404,0.092071705,0.009741077,0.26462355,0.021073494,null,null,null,null,"TWOGAUSSIANS",8,1.2906355,0.6816254,0.0075112404,0.4,0.0,0.2643246,0.020913132,0.21494769,0.003933299,0.26406386,0.03498005,0.20385899,0.015504007
375316653866487564,6690342682368206976,0.4378118,2232.8172865356437,0.0252820394066141,1.3713145E-5,18.061474,0.0078201685,0.34078252,0.0030053614,0.037531,0.0040389886,0.19720799,0.013637988,0.8880976,0.0048101055,0.04876165,0.009190563,0.7473642,1.1764014,null,null,null,null,"TWOGAUSSIANS",8,3.8075953,0.8880976,0.0048101055,0.27306524,0.05146715,0.7473642,1.1764014,0.34078252,0.0030053614,0.21017359,0.022618337,0.19720799,0.01363799
375316653866487564,6690353024649510784,0.6079821,2143.8533075371465,3.3950836279351093,9.410972E-6,16.827147,0.005382238,0.28105715,0.0023728139,0.06952584,0.004912567,0.33350173,0.015028167,0.78615886,0.0016885421,0.0717863,0.002256936,0.39548117,0.010514679,null,null,null,null,"TWOGAUSSIANS",8,10.95102,0.78615886,0.0016885421,0.4,0.0021569931,0.39425826,0.010510597,0.28105715,0.0023728139,0.38934466,0.026056819,0.33227882,0.015344062
375316653866487564,6690357830716478080,0.5167227,2144.123043829198,0.11489671761948149,1.6577576E-5,18.172215,0.0075767497,0.19613527,0.0056231334,0.0392976,0.009093631,0.78095746,4.434973,null,null,null,null,null,null,0.06389478,0.014157745,0.19613527,0.0056231334,"ONEGAUSSIAN_WITH_ELLIPSOIDAL",6,6.494598,0.19613527,0.0056231334,0.22006655,0.050924335,0.90874684,4.4359546,null,null,null,null,null,null
375316653866487564,6690364633944732928,0.59989154,2116.4337877612015,4.249590922506733,5.4304073E-6,18.389107,0.014710244,0.22859931,0.0029375646,0.07645667,0.004052692,0.507761,0.031236134,0.7661107,0.0076628015,0.06440513,0.0054089287,1.2153387,0.23800343,null,null,null,null,"TWOGAUSSIANS",8,6.8629265,0.7661107,0.0076628015,0.36066872,0.030290002,1.2143098,0.23874252,0.22859931,0.0029375646,0.4,0.0,0.50673217,0.031246113
375316653866487564,6690405388887695872,0.5342031,2167.420589027538,4.48863257218626,2.2437802E-5,19.046997,0.0040254877,0.5527466,0.014184844,0.13282125,0.013498314,0.22267856,0.017568236,0.31916007,0.0029236218,0.027479721,0.00590261,0.060532235,0.012795536,null,null,null,null,"TWOGAUSSIANS",8,1.0888311,0.5527466,0.014184844,0.4,0.0,0.22230573,0.01764844,0.3280801,0.0072530373,0.15388644,0.033054616,0.110311076,0.007535294
375316653866487564,6690409374620703744,0.586785,2178.9608618730385,4.047039258917921,1.0124165E-5,17.702183,0.007743829,0.2918166,0.004808576,0.08274782,0.0051729893,0.269919,0.014884301,0.7983829,0.005872159,0.073409595,0.006325106,0.26759148,0.010424825,null,null,null,null,"TWOGAUSSIANS",8,3.311628,0.2918166,0.004808576,0.4,0.0,0.26713556,0.015243019,0.7983829,0.005872159,0.4,9.957727E-4,0.26480803,0.00974689
375316653866487564,6690411466266418304,0.44788504,2129.4473252969005,0.0852436848799297,4.3217984E-5,18.11759,0.014480415,0.15644734,0.018985061,0.10518061,0.019936528,0.0856004,0.015371898,0.6042846,0.0069672414,0.07686142,0.006950621,0.17197433,0.021619162,null,null,null,null,"TWOGAUSSIANS",8,2.3084252,0.6042846,0.0069672414,0.4,0.0,0.16973571,0.01985437,0.15644734,0.018985061,0.4,0.0,0.0833518,0.013979727
375316653866487564,6690446689296716160,0.525903,2098.348024257706,0.7586383600485986,2.0671538E-5,17.426592,0.0137104485,0.3701537,0.00970194,0.022527799,0.012911171,0.14393342,0.103902355,0.79053533,0.0014854642,0.015657738,0.0014717259,0.75150365,0.06311992,0.053290866,0.017310463,0.79053533,0.0014854642,"TWOGAUSSIANS_WITH_ELLIPSOIDAL_ON_ECLIPSE2",9,98.64921,0.79053533,0.0014854642,0.087683335,0.008241665,0.8580854,0.06038736,0.3681937,0.013349712,0.12615567,0.07230256,0.22654669,0.09804542
375316653866487564,6690450743745623168,0.6004144,2141.655457389234,1.2959159998411849,2.5202871E-6,15.985929,0.0021923217,0.24928139,0.004796154,0.031359103,0.0033253522,0.12193173,0.013295584,0.74471986,0.0014442573,0.033487115,0.0019312416,0.530576,0.12123823,0.013831765,0.0038715352,0.24928139,0.004796154,"TWOGAUSSIANS_WITH_ELLIPSOIDAL_ON_ECLIPSE1",9,14.916625,0.74473983,0.0014366951,0.18752785,0.010814953,0.55821687,0.12196886,0.24928139,0.004796154,0.17561097,0.018621972,0.14959522,0.015450214
375316653866487564,6690451499656681088,0.47420344,2157.398667524431,0.2993488543772139,5.328797E-5,18.422684,0.0055586873,0.09928668,0.004944074,0.026436474,0.006495617,0.18839565,0.04201648,0.6305148,0.039553206,0.08411878,0.025111774,0.12580687,0.019919777,null,null,null,null,"TWOGAUSSIANS",8,2.246128,0.09928668,0.004944074,0.14804426,0.036375456,0.18839337,0.042023152,0.6305148,0.039553206,0.4,0.0,0.12580456,0.019728558
375316653866487564,6690457340816215808,0.55679756,2111.6158169841997,2.8084397404132257,1.1264251E-5,13.710061,0.006018607,0.27146927,3.1646565E-4,0.019029712,0.0014206424,0.17452967,0.013929208,0.7354566,0.0025513722,0.06577716,0.01190388,0.110650055,0.023231981,0.17044908,0.010817828,0.7354566,0.0025513722,"TWOGAUSSIANS_WITH_ELLIPSOIDAL_ON_ECLIPSE2",9,352.82428,0.26960927,3.3940587E-4,0.10656639,0.007955598,0.49905705,0.01148268,0.7354566,0.0025513722,0.3683521,0.06666173,0.4514673,0.0174275
375316653866487564,6690457684412796416,0.50542724,2106.091930590907,1.5719101375545332,9.240027E-6,18.292496,0.007531919,0.22872151,0.003738404,0.023062808,0.0036377271,0.6092624,0.1275089,0.7302048,0.021017563,0.023774995,0.018329259,0.28077415,0.39329618,null,null,null,null,"TWOGAUSSIANS",8,13.269227,0.22872151,0.003738404,0.12915173,0.020371273,0.6092624,0.1275089,0.7302048,0.021017563,0.13313997,0.10264385,0.28077415,0.39329618
375316653866487564,6690458852643963648,0.67003554,2155.682017015954,2.734792551354885,3.2176433E-6,15.427329,0.010270989,0.22503254,0.0017053359,0.062033005,0.008437678,0.13435596,0.021057112,0.72262937,0.0016617603,0.05362955,0.0047683236,0.17141819,0.022281915,0.09981376,0.012267569,0.22503254,0.0017053359,"TWOGAUSSIANS_WITH_ELLIPSOIDAL_ON_ECLIPSE1",9,9.715327,0.7231294,0.0010995788,0.30032548,0.026702613,0.37096724,0.010289217,0.22503254,0.0017053359,0.34738484,0.047250997,0.33394098,0.008495739
375316653866487564,6690469160565418368,0.58702093,2120.3980559020624,3.663204685208,5.0337703E-6,16.697725,0.024336714,0.25727448,0.008756501,0.04032886,0.013487854,0.40711966,0.1881708,0.7661554,0.005804993,0.050185543,0.009752182,0.4502195,0.07677716,0.11596642,0.029669425,0.25727448,0.008756501,"TWOGAUSSIANS_WITH_ELLIPSOIDAL_ON_ECLIPSE1",9,57.31008,0.7661554,0.005804993,0.28103903,0.05461222,0.6814297,0.075177774,0.25727448,0.008756501,0.22584161,0.07553198,0.63905126,0.18656878
375316653866487564,6690487439946436864,0.57241464,2122.6575095487215,3.7744695534962,1.121361E-5,18.001974,0.011639095,0.21229203,0.008888804,0.081264354,0.009112611,0.45127386,0.016862703,0.7011327,0.003807789,0.064740926,0.004377982,0.5350361,0.015862195,null,null,null,null,"TWOGAUSSIANS",8,9.0852995,0.7011327,0.003807789,0.36254922,0.0245167,0.53293115,0.0155343395,0.21229203,0.008888804,0.4,0.0,0.4491689,0.01657956
375316653866487564,6690501252561334528,0.42495054,2107.4869694343265,0.08509370992987832,5.1232517E-5,17.192177,0.11916967,0.037148163,0.030272886,0.11442347,0.04667268,0.144417,0.0899634,0.487926,0.018305976,0.14342515,0.06941897,0.23024568,0.09190734,null,null,null,null,"TWOGAUSSIANS",8,5.4271097,0.487926,0.018305976,0.4,0.0,0.19189139,0.0392362,0.04029816,0.030393835,0.4,0.0,0.10784972,0.012886773
375316653866487564,6690525128282522752,0.4896886,2160.84622564387,0.08515443227133937,1.5382186E-4,18.562645,0.02087581,0.2825357,0.02627308,0.06906538,0.052088644,0.20773102,0.024382383,0.77577835,0.019054094,0.050906748,0.023596,0.14586392,0.020639218,null,null,null,null,"TWOGAUSSIANS",8,4.9152493,0.2825357,0.02627308,0.38676614,0.075004816,0.20768379,0.0272581,0.77577835,0.019054094,0.28507778,0.12830128,0.14581668,0.017579582
375316653866487564,6690530316603161728,0.5614907,2161.436491967923,3.193389439826845,1.0924271E-5,18.97546,0.019890402,0.24560185,0.0026889185,0.06291308,0.0028081944,0.9471702,0.061505653,0.75436294,0.0056322757,0.070270784,0.0071409247,0.59896123,0.044138428,null,null,null,null,"TWOGAUSSIANS",8,6.220459,0.24560185,0.0026889185,0.35231325,0.015725888,0.9461659,0.061361942,0.75436294,0.0056322757,0.3935164,0.03179082,0.59795696,0.044289
375316653866487564,6690543789916640128,0.5795217,2167.442394562893,2.3299076420928055,9.506645E-6,15.859715,0.03678441,0.27172205,0.0063833767,0.0540706,0.017988632,0.20055252,0.15579516,0.7773718,0.008363016,0.060900733,0.012543833,0.558134,0.07927733,0.064651184,0.045833725,0.27172205,0.0063833767,"TWOGAUSSIANS_WITH_ELLIPSOIDAL_ON_ECLIPSE1",9,209.91512,0.7773718,0.008363016,0.3410441,0.06325705,0.6871866,0.023909178,0.27172205,0.0063833767,0.30279535,0.100736335,0.32976794,0.15177023
375316653866487564,6690544678972060416,0.43841362,2172.2831153243906,0.6309077496744685,2.8679917E-5,16.879173,0.003170946,0.17332938,0.010248301,0.03907362,0.00907771,0.070460744,0.015925588,0.83836436,0.017968053,0.03767607,0.013186365,0.08554576,0.016128464,null,null,null,null,"TWOGAUSSIANS",8,2.7234206,0.83836436,0.017968053,0.210986,0.07384364,0.08554576,0.016128464,0.17332938,0.010248301,0.21881229,0.050835177,0.070460744,0.015925588
375316653866487564,6690547775646422656,0.45023614,2150.275125274046,2.924337291879791,1.0319026E-5,15.364704,0.0047015254,null,null,null,null,null,null,null,null,null,null,null,null,0.09266583,0.009125082,0.73410714,0.0043507554,"ELLIPSOIDAL",4,186.47543,null,null,null,null,null,null,null,null,null,null,null,null
375316653866487564,6690552753510714368,0.46614203,2162.651600195201,3.7185141721339887,4.0886825E-5,18.754927,0.0075424085,0.24060549,0.0055125486,0.0714728,0.005672523,0.1723323,0.01051134,0.7737975,0.009729135,0.09789253,0.015722223,0.124162905,0.009048441,null,null,null,null,"TWOGAUSSIANS",8,2.4289799,0.24060549,0.0055124797,0.4,0.021506205,0.17036007,0.009949699,0.7737975,0.009729135,0.4,0.0,0.122189194,0.008708289
