Gaia/vari_eclipsing_binary/VariEclipsingBinary_665133-665158.csv
# %ECSV 1.0
# ---
# delimiter: ','
# meta: !!omap
# - RELEASE: Gaia DR3
# - TABLE: vari_eclipsing_binary
# - DESCRIPTION: >
#     This table describes the properties of the eclipsing binaries resulting from the variability analysis. 
# - CITATION: >
#     How to cite and acknowledge Gaia: 
#     https://gea.esac.esa.int/archive/documentation/credits.html 
# - KNOWN_ISSUES: >
#     Known issues: 
#     https://www.cosmos.esa.int/web/gaia-users/known-issues 
# - DOCUMENTATION: >
#     Tutorials and documentation: 
#     https://www.cosmos.esa.int/web/gaia-users/archive 
# datatype:
# - 
#   name: solution_id
#   datatype: int64
#   description: Solution Identifier
#   meta:
#     ucd: meta.version
# - 
#   name: source_id
#   datatype: int64
#   description: Unique source identifier
#   meta:
#     ucd: meta.id;meta.main
# - 
#   name: global_ranking
#   datatype: float32
#   description: Number between 0 (worst) and 1 (best)
#   meta:
#     ucd: stat.param
# - 
#   name: reference_time
#   datatype: float64
#   unit: d
#   description: Reference time used for the geometric model fit
#   meta:
#     ucd: time.epoch
# - 
#   name: frequency
#   datatype: float64
#   unit: d**-1
#   description: Frequency of geometric model of the eclipsing binary light curve
#   meta:
#     ucd: src.orbital
# - 
#   name: frequency_error
#   datatype: float32
#   unit: d**-1
#   description: "Uncertainty of \\texttt{frequency}"
#   meta:
#     ucd: stat.error
# - 
#   name: geom_model_reference_level
#   datatype: float32
#   unit: mag
#   description: Magnitude reference level of geometric model
#   meta:
#     ucd: phot.mag;em.opt
# - 
#   name: geom_model_reference_level_error
#   datatype: float32
#   unit: mag
#   description: "Uncertainty of \\texttt{geomModelReferenceLevel}"
#   meta:
#     ucd: stat.error;phot.mag;em.opt
# - 
#   name: geom_model_gaussian1_phase
#   datatype: float32
#   description: Phase of the Gaussian 1 component
#   meta:
#     ucd: time.phase
# - 
#   name: geom_model_gaussian1_phase_error
#   datatype: float32
#   description: "Uncertainty of \\texttt{geomModelGaussian1Phase}"
#   meta:
#     ucd: stat.error;time.phase
# - 
#   name: geom_model_gaussian1_sigma
#   datatype: float32
#   description: "Standard deviation [phase] of Gaussian 1 component"
#   meta:
#     ucd: stat.stdev
# - 
#   name: geom_model_gaussian1_sigma_error
#   datatype: float32
#   description: "Uncertainty of \\texttt{geomModelGaussian1Sigma}"
#   meta:
#     ucd: stat.error
# - 
#   name: geom_model_gaussian1_depth
#   datatype: float32
#   unit: mag
#   description: Magnitude depth of Gaussian 1 component
#   meta:
#     ucd: src.var.amplitude
# - 
#   name: geom_model_gaussian1_depth_error
#   datatype: float32
#   unit: mag
#   description: "Uncertainty of \\texttt{geomModelGaussian1Depth}"
#   meta:
#     ucd: stat.error;src.var.amplitude
# - 
#   name: geom_model_gaussian2_phase
#   datatype: float32
#   description: Phase of Gaussian 2 component
#   meta:
#     ucd: time.phase
# - 
#   name: geom_model_gaussian2_phase_error
#   datatype: float32
#   description: "Uncertainty of \\texttt{geomModelGaussian2Phase}"
#   meta:
#     ucd: stat.error;time.phase
# - 
#   name: geom_model_gaussian2_sigma
#   datatype: float32
[...]
#   datatype: float32
#   description: "Secondary eclipse: uncertainty of \\texttt{derivedSecondaryEclDuration}"
#   meta:
#     ucd: stat.error;time.duration
# - 
#   name: derived_secondary_ecl_depth
#   datatype: float32
#   unit: mag
#   description: "Secondary eclipse: depth"
#   meta:
#     ucd: src.var.amplitude
# - 
#   name: derived_secondary_ecl_depth_error
#   datatype: float32
#   unit: mag
#   description: "Secondary eclipse: uncertainty of \\texttt{derivedSecondaryEclDepth}"
#   meta:
#     ucd: stat.error;src.var.amplitude
solution_id,source_id,global_ranking,reference_time,frequency,frequency_error,geom_model_reference_level,geom_model_reference_level_error,geom_model_gaussian1_phase,geom_model_gaussian1_phase_error,geom_model_gaussian1_sigma,geom_model_gaussian1_sigma_error,geom_model_gaussian1_depth,geom_model_gaussian1_depth_error,geom_model_gaussian2_phase,geom_model_gaussian2_phase_error,geom_model_gaussian2_sigma,geom_model_gaussian2_sigma_error,geom_model_gaussian2_depth,geom_model_gaussian2_depth_error,geom_model_cosine_half_period_amplitude,geom_model_cosine_half_period_amplitude_error,geom_model_cosine_half_period_phase,geom_model_cosine_half_period_phase_error,model_type,num_model_parameters,reduced_chi2,derived_primary_ecl_phase,derived_primary_ecl_phase_error,derived_primary_ecl_duration,derived_primary_ecl_duration_error,derived_primary_ecl_depth,derived_primary_ecl_depth_error,derived_secondary_ecl_phase,derived_secondary_ecl_phase_error,derived_secondary_ecl_duration,derived_secondary_ecl_duration_error,derived_secondary_ecl_depth,derived_secondary_ecl_depth_error
[from data line 37]
375316653866487564,5850588855630574720,0.61963046,2224.3198751555647,0.7105896248963643,5.5444675E-6,16.662146,0.001939414,0.21692492,9.588105E-4,0.03572302,8.5471227E-4,0.29174885,0.005404785,0.7219885,0.0070552747,0.033916425,0.014083994,0.061418384,0.2185326,0.00996649,0.0025399008,0.21692492,9.588105E-4,"TWOGAUSSIANS_WITH_ELLIPSOIDAL_ON_ECLIPSE1",9,2.8102193,0.21692492,9.588105E-4,0.2000489,0.0047863885,0.31168184,0.0036861128,0.7219885,0.0070552747,0.18993199,0.07887036,0.08133119,0.21999027
375316653866487564,5850588993054617856,0.4716301,2246.3151881654026,3.4564156744029284,3.339039E-5,18.106125,0.009944025,0.15813759,0.0053726756,0.09776912,0.010822785,0.11613939,0.011239294,0.64938325,0.011359664,0.088704504,0.012045661,0.1458828,0.015700215,null,null,null,null,"TWOGAUSSIANS",8,4.0219216,0.64938325,0.011359664,0.4,0.0,0.13964075,0.017554386,0.15813759,0.0053726756,0.4,0.0,0.10989684,0.011160335
375316653866487564,5850589474106613120,0.6336778,2211.9347371826534,3.258201984663294,4.1930234E-6,17.393745,0.00688514,0.23851675,0.0019282594,0.04655946,0.0047674994,0.17695989,0.014603437,0.7417328,0.0026799648,0.05480476,0.0038203856,0.24478364,0.015499849,0.090587854,0.009099347,0.23851675,0.0019282594,"TWOGAUSSIANS_WITH_ELLIPSOIDAL_ON_ECLIPSE1",9,3.8501146,0.7417328,0.0026799648,0.30690667,0.02139416,0.42587963,0.0072702635,0.23851675,0.0019282594,0.26073298,0.026697997,0.35812983,0.006103842
375316653866487564,5850589748970833664,0.5758803,2233.003858646122,4.406343992243891,1.5468406E-5,19.868158,0.025501946,0.23684084,0.0033818278,0.037253518,0.0055652647,0.31514382,0.065051235,0.73620486,0.0029288079,0.045603637,0.0048571625,0.64323545,0.060953885,0.1666254,0.03258757,0.23684084,0.0033818278,"TWOGAUSSIANS_WITH_ELLIPSOIDAL_ON_ECLIPSE1",9,2.428348,0.7362549,0.002780159,0.25538036,0.02720011,0.9764809,0.04046956,0.23684084,0.0033818278,0.2086197,0.03116548,0.64839417,0.03129908
375316653866487564,5850589817704005504,0.5112338,2217.6809948480095,0.23989445882987748,3.771887E-5,16.586184,0.008770055,0.26065344,0.042460073,0.043491945,0.05878143,0.057915885,0.014314047,0.6626571,0.0050736526,0.046077207,0.0067989603,0.306325,0.025390437,0.010506312,0.0100001255,0.6626571,0.0050736526,"TWOGAUSSIANS_WITH_ELLIPSOIDAL_ON_ECLIPSE2",9,65.93027,0.6626571,0.0050736526,0.25803235,0.038074177,0.32733744,0.015803035,0.25664344,0.048571866,0.24355488,0.27199474,0.07216812,0.009299884
375316653866487564,5850590161301435520,0.6855047,2234.0728779463616,0.1126859027064863,1.0526272E-6,14.992072,0.0013786764,0.49243265,0.008522746,0.06368513,0.009364577,0.02470138,0.010050136,0.94127905,3.7939455E-5,0.0042902464,2.7647291E-5,0.5061788,0.0017311396,null,null,null,null,"TWOGAUSSIANS",8,13.9707775,0.94127905,3.7939455E-5,0.02402538,1.5482484E-4,0.5061788,0.0017311396,0.49243265,0.008522746,0.3566367,0.05244163,0.02470138,0.010050136
375316653866487564,5850590504884988544,0.55580235,2235.4308528744696,2.627662283460837,1.0484467E-5,19.291853,0.009302474,0.20394316,0.003418339,0.08036713,0.005539547,0.47093448,0.027807621,0.70691615,0.0021082961,0.076039046,0.003270679,0.48016348,0.016192032,null,null,null,null,"TWOGAUSSIANS",8,2.58943,0.70691615,0.0021082961,0.4,0.0,0.47476497,0.016186783,0.20394316,0.003418339,0.4,0.0,0.46553597,0.028816354
375316653866487564,5850591123374636928,0.5771756,2231.411308804313,2.7625087323842576,7.5533694E-6,18.331022,0.008904163,0.2575594,0.0018217367,0.0746651,0.0023793764,0.46262434,0.01215754,0.762319,0.0026138094,0.075061,0.00369971,0.3704041,0.012041539,null,null,null,null,"TWOGAUSSIANS",8,5.0165205,0.2575594,0.0018217367,0.4,0.0,0.4598075,0.011657777,0.762319,0.0026138094,0.4,0.0,0.36758724,0.011718626
375316653866487564,5850591466959398528,0.5472791,2241.221797119163,2.067083292912319,1.1565985E-5,18.140985,0.023596616,0.25322202,0.0032778191,0.09894761,0.012393679,0.23406494,0.019197185,0.75405335,0.004429564,0.108617246,0.013474958,0.19440933,0.02248511,null,null,null,null,"TWOGAUSSIANS",8,2.7834098,0.25322202,0.0032778191,0.4,0.0,0.21102814,0.012154866,0.75405335,0.004429564,0.4,0.0,0.17136413,0.010340421
375316653866487564,5850591501314836096,0.5228967,2224.9544794987496,3.6945917278326488,1.2148653E-5,19.203512,0.030637491,0.2387708,0.0043855575,0.098610826,0.01188614,0.3013731,0.02742328,0.7649512,0.0046971226,0.09860229,0.01190562,0.35458136,0.028770069,null,null,null,null,"TWOGAUSSIANS",8,1.9445461,0.7649512,0.004700395,0.4,0.0,0.33598888,0.02552509,0.2387708,0.0043911757,0.4,0.0,0.28278115,0.016250517
375316653866487564,5850591913635121152,0.5277517,2254.389893790747,2.8721008519398668,1.4008194E-5,19.537683,0.011709479,0.26186368,0.003548341,0.0705447,0.003752345,0.40936908,0.021850422,0.7598546,0.005643821,0.076235734,0.0069701304,0.36715278,0.020195145,null,null,null,null,"TWOGAUSSIANS",8,2.2707732,0.26186368,0.003548341,0.3950503,0.017990472,0.40714005,0.021563118,0.7598546,0.005643821,0.4,0.0,0.36492375,0.020207277
375316653866487564,5850592154149819392,0.47414222,2218.502056793734,2.544265470859685,1.5009172E-5,17.800695,0.006195724,0.28867915,0.005978708,0.10840686,0.012605875,0.07895445,0.0062920814,0.7677015,0.0068495693,0.08731149,0.012796419,0.06543801,0.0064186146,null,null,null,null,"TWOGAUSSIANS",8,2.0164943,0.28867915,0.005978708,0.4,0.0,0.074777216,0.0054748575,0.7677015,0.0068495693,0.4,0.0,0.061266057,0.0048811873
375316653866487564,5850592218572051200,0.5023481,2235.072943853529,2.1641241990989006,1.2728819E-5,18.240492,0.013655968,0.2909396,0.002685111,0.0933998,0.008497287,0.16451426,0.012374115,0.7768783,0.007246116,0.10140682,0.013322846,0.14116149,0.012940563,null,null,null,null,"TWOGAUSSIANS",8,2.8869052,0.2909396,0.002679612,0.4,0.0,0.15519027,0.00681116,0.7768783,0.007246116,0.4,0.0,0.13183594,0.008276731
375316653866487564,5850592566482842880,0.69450235,2224.389886714781,0.33811817417038426,1.67117E-6,15.102305,5.023046E-4,0.21545842,1.5843325E-4,0.017802427,2.1554966E-4,0.30749765,0.002826561,0.71320724,0.0011493512,0.01791563,7.876325E-4,0.2981476,0.006461739,null,null,null,null,"TWOGAUSSIANS",8,4.3833075,0.21545842,1.5843325E-4,0.09969359,0.0012070781,0.30749765,0.002826561,0.71320724,0.0011493512,0.10032754,0.004410742,0.2981476,0.006461739
375316653866487564,5850592841344648576,0.44381544,2222.194674406543,2.292027410219948,1.9824909E-5,17.772453,0.38853005,0.24379341,0.023136657,0.1396649,0.17367077,0.14898057,0.3841602,0.74389285,0.0072541093,0.1092143,0.06158289,0.17839783,0.2728205,null,null,null,null,"TWOGAUSSIANS",8,13.7210045,0.74389285,0.0072695436,0.4,0.0,0.13668674,0.017123187,0.24379341,0.02327603,0.4,0.0,0.106788464,0.012534866
375316653866487564,5850592978783639936,0.5907542,2229.570289784057,3.2731445084226722,6.201916E-6,18.991756,0.008411089,0.22270116,0.0037299101,0.06817056,0.0055485526,0.48435417,0.04728928,0.72548586,0.0024809288,0.07046423,0.0027859595,0.60037374,0.017239943,null,null,null,null,"TWOGAUSSIANS",8,2.4083896,0.72548586,0.0024809288,0.3945997,0.01492421,0.59886926,0.017149843,0.22270116,0.0037299101,0.38175514,0.02501574,0.48284972,0.047942378
375316653866487564,5850593459836047488,0.49982503,2254.2511668216016,2.621382171748408,2.1134814E-5,19.823032,0.018059412,0.23572373,0.007046121,0.07263262,0.0094516985,0.373401,0.031114144,0.741261,0.009509668,0.06943094,0.012628254,0.35907486,0.020055229,null,null,null,null,"TWOGAUSSIANS",8,2.7929187,0.23572373,0.007046121,0.4,0.019367639,0.37209752,0.031194158,0.741261,0.009509668,0.38881326,0.047779527,0.3577714,0.019941917
375316653866487564,5850593528539588096,0.5949365,2233.774209246352,2.714090255538987,3.971536E-6,18.438805,0.013781682,0.29951477,0.0014083744,0.055561755,0.004359238,0.3148385,0.03061117,0.799026,0.006543558,0.04403756,0.0099875955,0.23351677,0.04120297,0.10395139,0.019610016,0.29951477,0.0014083744,"TWOGAUSSIANS_WITH_ELLIPSOIDAL_ON_ECLIPSE1",9,2.7624953,0.29951477,0.0014083744,0.3111458,0.02441173,0.5227286,0.013668614,0.799086,0.0056814784,0.24661031,0.055930536,0.44140518,0.049393527
375316653866487564,5850593803434203648,0.48839894,2254.1378932542348,0.6113401911675935,3.6591715E-5,19.754835,0.008259938,0.092267,7.725763E-4,0.009248327,0.0016950055,1.7935987,1.5244507,0.336412,0.02883553,0.015381883,0.027826784,0.1443773,0.5225627,null,null,null,null,"TWOGAUSSIANS",8,3.0038862,0.092267,7.725763E-4,0.051790636,0.00949203,1.7935987,1.5244507,0.336412,0.02883553,0.08613855,0.15583,0.1443773,0.5225627
375316653866487564,5850593970918957568,0.49196595,2237.1202275818855,2.5128132196822146,1.989775E-5,18.780928,0.015977222,0.22953591,0.0045991363,0.08613429,0.009070676,0.21062711,0.017900798,0.7332745,0.003781517,0.10034126,0.012405098,0.2069955,0.016412662,null,null,null,null,"TWOGAUSSIANS",8,2.723239,0.22953591,0.0045991363,0.4,0.0,0.1998053,0.015433817,0.7332745,0.003781517,0.4,0.0,0.196172,0.016940057
375316653866487564,5850594009591976320,0.49256876,2255.6279050191333,0.24363801131472015,9.952306E-5,17.708704,0.004040865,0.35919598,1.5676014E-4,0.010546428,4.658148E-4,0.2535553,0.03998195,0.69232523,0.025485206,0.087530315,0.040407978,0.013709185,0.0046979818,null,null,null,null,"TWOGAUSSIANS",8,4.238311,0.35919598,1.5676014E-4,0.05906,0.002608563,0.2535651,0.039982904,0.69232523,0.025485206,0.4,0.054001994,0.013709182,0.0046979813
375316653866487564,5850594932965449728,0.6013965,2240.967989490221,3.6940173713804367,7.587108E-6,17.369738,0.017290607,0.22702642,0.0018876122,0.054023158,0.0066417223,0.2638452,0.041332126,0.7254383,0.0038029305,0.054074142,0.0063669197,0.26018396,0.03746236,0.10393778,0.021162905,0.22702642,0.0018876122,"TWOGAUSSIANS_WITH_ELLIPSOIDAL_ON_ECLIPSE1",9,11.301724,0.22702642,0.0018876122,0.3025297,0.037193645,0.47170967,0.02731253,0.72568834,0.0032452804,0.3028152,0.03565475,0.46803096,0.010233361
375316653866487564,5850594971649189632,0.43538803,2245.709996956061,0.7278700718471289,1.9972224E-5,18.135616,0.005220641,0.19122358,0.0077053336,0.03385615,0.007411011,0.082397096,0.010171492,0.6951622,0.010175783,0.044229064,0.0120390225,0.047030378,0.0078079607,null,null,null,null,"TWOGAUSSIANS",8,4.115595,0.19122358,0.0077053336,0.18959443,0.04150166,0.082397096,0.010171491,0.6951622,0.010175783,0.24768277,0.06741852,0.047030378,0.0078079603
375316653866487564,5850595555780533888,0.6422276,2246.2014239999235,1.2564758513564347,5.0889466E-6,16.678572,0.009190524,0.2197326,0.0014875402,0.046110414,0.0037669716,0.1783576,0.01980489,0.71880025,0.002023161,0.051081102,0.0016195874,0.6769822,0.02431207,0.07479471,0.011616177,0.2197326,0.0014875402,"TWOGAUSSIANS_WITH_ELLIPSOIDAL_ON_ECLIPSE1",9,10.650427,0.71884024,0.001952974,0.28605416,0.00906969,0.82656246,0.011113538,0.2197326,0.0014875402,0.25821832,0.021095041,0.32794282,0.0053817527
375316653866487564,5850596242974878720,0.4622519,2249.132169992348,3.62072965535524,2.5605097E-5,19.533825,0.030850496,0.23152806,0.004996312,0.101692244,0.011471014,0.27859312,0.030117622,0.720003,0.0072618197,0.09409324,0.013057536,0.33711275,0.043618947,null,null,null,null,"TWOGAUSSIANS",8,3.3829057,0.720003,0.0072618197,0.4,0.0,0.31704676,0.04347802,0.23152806,0.004996312,0.4,0.0,0.2585241,0.017411275
375316653866487564,5850597101968493440,0.5592514,2248.6015082905446,2.390500186570776,1.7101627E-5,17.250637,0.017183963,0.24085963,0.0029915813,0.04745145,0.008819205,0.19589825,0.035248734,0.74375194,0.0107452795,0.053583283,0.010005009,0.16778459,0.040175848,0.11435245,0.0210965,0.24085963,0.0029915813,"TWOGAUSSIANS_WITH_ELLIPSOIDAL_ON_ECLIPSE1",9,34.41422,0.24085963,0.0029915813,0.26572812,0.049387544,0.42459938,0.013826083,0.74375194,0.009664719,0.30006638,0.056028053,0.39641017,0.011150882
375316653866487564,5850597617348688384,0.4735823,2188.442207161671,3.1553794154470776,3.3134376E-5,19.82075,0.013651908,0.23068479,0.0083526485,0.06683017,0.00733703,0.4084752,0.04882743,0.73839015,0.009693306,0.07837677,0.0080830455,0.44237217,0.0411713,null,null,null,null,"TWOGAUSSIANS",8,4.884854,0.73839015,0.009693306,0.4,0.0,0.44048908,0.042030558,0.23068479,0.0083526485,0.37424898,0.040694237,0.40659207,0.04887833
375316653866487564,5850597960961877504,0.5331313,2237.45684575189,0.784931773853601,1.3352349E-5,18.41442,0.005436251,0.3169475,0.0022403416,0.020612529,0.0033025634,0.332139,0.06976827,0.8158159,0.0019115242,0.02256965,0.0027332702,0.49896923,0.07191598,null,null,null,null,"TWOGAUSSIANS",8,10.896475,0.8158159,0.0019115242,0.12639004,0.015306313,0.49896923,0.07191598,0.3169475,0.0022403416,0.115430154,0.018494355,0.332139,0.06976827
375316653866487564,5850598682517050112,0.48758084,2207.1256371043337,0.3737353322147725,2.0168807E-5,13.525628,4.4120982E-4,0.7763745,9.6209534E-4,0.004467987,0.0017748666,0.19055362,0.10697484,null,null,null,null,null,null,null,null,null,null,"ONEGAUSSIAN",5,15.649679,0.7763745,9.6209534E-4,0.025020726,0.009939252,0.19055362,0.0,null,null,null,null,null,null
375316653866487564,5850598957348170496,0.45320085,2212.3563127412604,2.9698835833405135,2.6564843E-5,18.757692,0.4896112,0.29985923,0.008903474,0.13386317,0.15792048,0.1653426,0.47863144,0.78928095,0.010110715,0.111473545,0.08164274,0.17918754,0.38378087,null,null,null,null,"TWOGAUSSIANS",8,3.145813,0.78928095,0.010110715,0.4,0.0,0.14043643,0.02032517,0.29988924,0.008225519,0.4,0.0,0.12628664,0.012002242
375316653866487564,5850599129193712512,0.5830586,2198.123016829722,1.4496126223132386,5.850563E-6,15.027006,0.04699961,0.25102594,0.0017487165,0.13276863,0.024203788,0.15526795,0.04361011,0.7482733,0.0018561216,0.12708996,0.019332685,0.15622602,0.045215495,null,null,null,null,"TWOGAUSSIANS",8,8.074423,0.7482733,0.0018561216,0.4,0.0,0.108571164,0.003205088,0.25106594,0.0017541889,0.4,0.0,0.10749041,0.004365835
375316653866487564,5850599472791090176,0.57485914,2211.3296387022947,0.8333603992897735,5.5080604E-6,17.59585,0.0022284663,0.2396168,0.0015494421,0.053244986,0.0012396509,0.30721894,0.0071978127,0.7329982,0.0021833787,0.068299465,0.003517348,0.13261774,0.0074985395,null,null,null,null,"TWOGAUSSIANS",8,3.1510203,0.2396168,0.0015494421,0.2981719,0.006942045,0.30715528,0.0071975742,0.7329982,0.0021833787,0.38247702,0.019697148,0.1325541,0.0075161285
375316653866487564,5850599541510535808,0.5636273,2197.954470392098,2.7946009459019887,7.8835155E-6,15.157953,0.0369409,0.27360559,0.0026083998,0.11637786,0.010251076,0.36863816,0.034676116,0.77031547,0.002240485,0.11108789,0.008722948,0.38847557,0.034194466,null,null,null,null,"TWOGAUSSIANS",8,75.68968,0.77031547,0.002240485,0.4,0.0,0.32316986,0.0102486145,0.2736156,0.0026132439,0.4,0.0,0.30329084,0.008023986
375316653866487564,5850599610230034560,0.5926329,2200.006461385219,1.1024758814841873,1.13686265E-5,14.00107,0.0056470796,0.23984355,0.0018587135,0.03219586,0.0041403337,0.08350321,0.012670999,0.73566735,0.004463276,0.045030035,0.015438598,0.12669432,0.025983904,0.04976251,0.007386925,0.73566735,0.004463276,"TWOGAUSSIANS_WITH_ELLIPSOIDAL_ON_ECLIPSE2",9,80.48301,0.73566735,0.004463276,0.25216818,0.08645614,0.22621919,0.02997253,0.23947354,0.0015510047,0.18029681,0.02318587,0.18296565,0.0033067223
375316653866487564,5850600297424909696,0.57992023,2206.370222424775,0.9391937550953785,3.585065E-6,15.200187,0.001956007,0.24359995,8.0898934E-4,0.037506893,6.9913344E-4,0.3175373,0.0060186675,0.7420563,0.008050135,0.039868977,0.007061592,0.049556263,0.01011466,null,null,null,null,"TWOGAUSSIANS",8,41.470703,0.24359995,8.0898934E-4,0.2100386,0.0039151474,0.3175373,0.0060186675,0.7420563,0.008050135,0.22326627,0.039544914,0.049556263,0.01011466
