Gaia/vari_eclipsing_binary/VariEclipsingBinary_594931-595013.csv
# %ECSV 1.0
# ---
# delimiter: ','
# meta: !!omap
# - RELEASE: Gaia DR3
# - TABLE: vari_eclipsing_binary
# - DESCRIPTION: >
#     This table describes the properties of the eclipsing binaries resulting from the variability analysis. 
# - CITATION: >
#     How to cite and acknowledge Gaia: 
#     https://gea.esac.esa.int/archive/documentation/credits.html 
# - KNOWN_ISSUES: >
#     Known issues: 
#     https://www.cosmos.esa.int/web/gaia-users/known-issues 
# - DOCUMENTATION: >
#     Tutorials and documentation: 
#     https://www.cosmos.esa.int/web/gaia-users/archive 
# datatype:
# - 
#   name: solution_id
#   datatype: int64
#   description: Solution Identifier
#   meta:
#     ucd: meta.version
# - 
#   name: source_id
#   datatype: int64
#   description: Unique source identifier
#   meta:
#     ucd: meta.id;meta.main
# - 
#   name: global_ranking
#   datatype: float32
#   description: Number between 0 (worst) and 1 (best)
#   meta:
#     ucd: stat.param
# - 
#   name: reference_time
#   datatype: float64
#   unit: d
#   description: Reference time used for the geometric model fit
#   meta:
#     ucd: time.epoch
# - 
#   name: frequency
#   datatype: float64
#   unit: d**-1
#   description: Frequency of geometric model of the eclipsing binary light curve
#   meta:
#     ucd: src.orbital
# - 
#   name: frequency_error
#   datatype: float32
#   unit: d**-1
#   description: "Uncertainty of \\texttt{frequency}"
#   meta:
#     ucd: stat.error
# - 
#   name: geom_model_reference_level
#   datatype: float32
#   unit: mag
#   description: Magnitude reference level of geometric model
#   meta:
#     ucd: phot.mag;em.opt
# - 
#   name: geom_model_reference_level_error
#   datatype: float32
#   unit: mag
#   description: "Uncertainty of \\texttt{geomModelReferenceLevel}"
#   meta:
#     ucd: stat.error;phot.mag;em.opt
# - 
#   name: geom_model_gaussian1_phase
#   datatype: float32
#   description: Phase of the Gaussian 1 component
#   meta:
#     ucd: time.phase
# - 
#   name: geom_model_gaussian1_phase_error
#   datatype: float32
#   description: "Uncertainty of \\texttt{geomModelGaussian1Phase}"
#   meta:
#     ucd: stat.error;time.phase
# - 
#   name: geom_model_gaussian1_sigma
#   datatype: float32
#   description: "Standard deviation [phase] of Gaussian 1 component"
#   meta:
#     ucd: stat.stdev
# - 
#   name: geom_model_gaussian1_sigma_error
#   datatype: float32
#   description: "Uncertainty of \\texttt{geomModelGaussian1Sigma}"
#   meta:
#     ucd: stat.error
# - 
#   name: geom_model_gaussian1_depth
#   datatype: float32
#   unit: mag
#   description: Magnitude depth of Gaussian 1 component
#   meta:
#     ucd: src.var.amplitude
# - 
#   name: geom_model_gaussian1_depth_error
#   datatype: float32
#   unit: mag
#   description: "Uncertainty of \\texttt{geomModelGaussian1Depth}"
#   meta:
#     ucd: stat.error;src.var.amplitude
# - 
#   name: geom_model_gaussian2_phase
#   datatype: float32
#   description: Phase of Gaussian 2 component
#   meta:
#     ucd: time.phase
# - 
#   name: geom_model_gaussian2_phase_error
#   datatype: float32
#   description: "Uncertainty of \\texttt{geomModelGaussian2Phase}"
#   meta:
#     ucd: stat.error;time.phase
# - 
#   name: geom_model_gaussian2_sigma
#   datatype: float32
[...]
#   datatype: float32
#   description: "Secondary eclipse: uncertainty of \\texttt{derivedSecondaryEclDuration}"
#   meta:
#     ucd: stat.error;time.duration
# - 
#   name: derived_secondary_ecl_depth
#   datatype: float32
#   unit: mag
#   description: "Secondary eclipse: depth"
#   meta:
#     ucd: src.var.amplitude
# - 
#   name: derived_secondary_ecl_depth_error
#   datatype: float32
#   unit: mag
#   description: "Secondary eclipse: uncertainty of \\texttt{derivedSecondaryEclDepth}"
#   meta:
#     ucd: stat.error;src.var.amplitude
solution_id,source_id,global_ranking,reference_time,frequency,frequency_error,geom_model_reference_level,geom_model_reference_level_error,geom_model_gaussian1_phase,geom_model_gaussian1_phase_error,geom_model_gaussian1_sigma,geom_model_gaussian1_sigma_error,geom_model_gaussian1_depth,geom_model_gaussian1_depth_error,geom_model_gaussian2_phase,geom_model_gaussian2_phase_error,geom_model_gaussian2_sigma,geom_model_gaussian2_sigma_error,geom_model_gaussian2_depth,geom_model_gaussian2_depth_error,geom_model_cosine_half_period_amplitude,geom_model_cosine_half_period_amplitude_error,geom_model_cosine_half_period_phase,geom_model_cosine_half_period_phase_error,model_type,num_model_parameters,reduced_chi2,derived_primary_ecl_phase,derived_primary_ecl_phase_error,derived_primary_ecl_duration,derived_primary_ecl_duration_error,derived_primary_ecl_depth,derived_primary_ecl_depth_error,derived_secondary_ecl_phase,derived_secondary_ecl_phase_error,derived_secondary_ecl_duration,derived_secondary_ecl_duration_error,derived_secondary_ecl_depth,derived_secondary_ecl_depth_error
[from data line 508]
375316653866487564,5233651781742081536,0.44922972,2131.014423757422,2.743889393977294,3.594924E-5,18.547619,0.014664315,0.22325848,0.0123224305,0.09145312,0.016693236,0.1083801,0.02648977,0.7296544,0.007475023,0.07714306,0.021903064,0.13867323,0.016141277,null,null,null,null,"TWOGAUSSIANS",8,6.792783,0.7296544,0.007475023,0.4,0.012937335,0.13602352,0.018938497,0.22325848,0.0123224305,0.4,0.0,0.10573032,0.02533846
375316653866487564,5233652228418732288,0.553942,2166.7539202252906,1.5152942096598474,4.0772125E-6,17.570686,0.004530378,0.24721633,8.7338506E-4,0.012045382,9.492913E-4,0.21136746,0.015058611,0.75341344,5.303908E-4,0.028870437,9.856242E-4,0.4866056,0.012246933,0.01970904,0.0059322384,0.75341344,5.303908E-4,"TWOGAUSSIANS_WITH_ELLIPSOIDAL_ON_ECLIPSE2",9,16.073519,0.75341344,5.303908E-4,0.16167445,0.0055194953,0.5260237,0.013004994,0.24722633,8.7338506E-4,0.06745414,0.005316031,0.25072592,0.022997728
375316653866487564,5233653117466640000,0.5112263,2150.8869987453972,2.652632844135135,2.3989336E-5,18.95361,0.013407802,0.27402723,0.00979708,0.08791327,0.013227193,0.19449529,0.018217267,0.7765577,0.005168668,0.084823556,0.008495512,0.21409445,0.014011047,null,null,null,null,"TWOGAUSSIANS",8,2.9565341,0.7765577,0.005168668,0.4,0.0,0.20817378,0.011322705,0.27402723,0.00979708,0.4,0.0,0.18857461,0.014723708
375316653866487564,5233653843326274304,0.5059865,2154.139683836085,0.345911124388394,2.9070038E-6,17.550772,0.0014268153,0.4137242,0.011245489,0.008309173,0.0047503053,0.91475743,0.9513285,0.6882017,0.04598742,0.061689205,0.029731603,0.013497299,0.0038121985,null,null,null,null,"TWOGAUSSIANS",8,2.4786506,0.4137242,0.011245489,0.04653137,0.026601711,0.9147581,0.9513288,0.6882017,0.04598742,0.34545955,0.16649698,0.013497299,0.0038121985
375316653866487564,5233654427441899136,0.4991583,2169.6156183342946,0.45089429668815545,8.034068E-6,15.2923565,0.0047594835,0.31144482,0.02080262,0.020884586,0.021694288,0.15871915,1434.4117,0.7990209,0.0028710105,0.022405041,0.0028639364,0.24539925,0.037429113,0.0077664065,0.008469952,0.31144482,0.02080262,"TWOGAUSSIANS_WITH_ELLIPSOIDAL_ON_ECLIPSE1",9,182.48483,0.79905087,0.0028572113,0.12546822,0.016038043,0.26083785,0.04079029,0.31144482,0.02080262,0.116953686,0.12148801,0.17425196,1434.4125
375316653866487564,5233655453928974848,0.61782414,2184.9983747971737,2.3358231663014553,4.115604E-6,16.93336,0.007443689,0.25414383,9.936647E-4,0.048784062,0.0027635605,0.29508057,0.01926981,0.7513708,0.0033230698,0.053927504,0.0036691364,0.25153488,0.021011833,0.14166793,0.012033032,0.25414383,9.936647E-4,"TWOGAUSSIANS_WITH_ELLIPSOIDAL_ON_ECLIPSE1",9,13.854707,0.25414383,9.936647E-4,0.27319077,0.015475939,0.57841134,0.011542845,0.7519408,0.0026048059,0.30199403,0.020547163,0.5347973,0.010672133
375316653866487564,5233656660824924544,0.64027315,2195.8927264015397,2.4616997353050234,5.49614E-6,15.903962,0.0031051121,0.2611842,0.0010745665,0.048056785,0.004981131,0.09996376,0.006903296,0.76201147,0.009338276,0.048209347,0.0074034384,0.08457669,0.009460576,0.078814365,0.0042999606,0.2611842,0.0010745665,"TWOGAUSSIANS_WITH_ELLIPSOIDAL_ON_ECLIPSE1",9,7.2620325,0.2611842,0.0010745665,0.269118,0.027894333,0.25759202,0.0056194263,0.76201147,0.00814787,0.26997232,0.041459255,0.2422007,0.0051631737
375316653866487564,5233656695184681216,0.6204563,2189.339988019254,1.9886450676839813,7.7281375E-6,16.802776,0.0049278517,0.24396136,0.001911905,0.04509121,0.0049513425,0.08614007,0.0115868915,0.7407299,0.0029231692,0.05816148,0.0036519635,0.2438951,0.013532936,0.07161848,0.0049631433,0.24396136,0.001911905,"TWOGAUSSIANS_WITH_ELLIPSOIDAL_ON_ECLIPSE1",9,4.922197,0.7411699,0.0024487714,0.32570428,0.020450996,0.3870624,0.012425677,0.24396136,0.001911905,0.2525108,0.027727518,0.2293584,0.0073988764
375316653866487564,5233658580669404672,0.56310606,2182.982387560991,2.3258187734708065,1.91773E-6,17.321457,9.4940653E-4,0.3774398,0.031310484,0.07007728,0.030812418,0.014147487,0.006392738,0.5800295,5.889627E-5,0.01488993,2.283589E-4,0.56307286,0.014005607,null,null,null,null,"TWOGAUSSIANS",8,1.7090701,0.5800295,5.889627E-5,0.08338361,0.0012788099,0.5632896,0.014417041,0.3774398,0.031310484,0.39243275,0.086403675,0.014147487,0.0063927444
375316653866487564,5233659169085476864,0.4677193,2183.0906577122655,0.6046720054068069,2.5746644E-5,16.125084,0.0025428114,0.30517474,0.003780921,0.017116498,0.005025713,0.104577176,0.05238039,0.8031019,0.0022865708,0.017028673,0.0026026058,0.0697215,0.011186451,null,null,null,null,"TWOGAUSSIANS",8,21.333801,0.30517474,0.003780921,0.09585239,0.02814399,0.104577176,0.05238039,0.8031019,0.0022865708,0.09536057,0.014574593,0.0697215,0.011186451
375316653866487564,5233661196310198784,0.5813913,2193.646523731631,1.3207189530992758,5.6231097E-6,16.170534,0.0098887235,0.23580588,0.0019503055,0.10059262,0.010082915,0.14527425,0.004908451,0.7371128,0.0017521209,0.11299776,0.008896731,0.10563718,0.009398219,null,null,null,null,"TWOGAUSSIANS",8,1.8144978,0.23580588,0.0019532908,0.4,0.0,0.12976736,0.010126768,0.7371128,0.0017521209,0.4,0.0,0.0901197,0.0013820307
375316653866487564,5233661432519794176,0.5612174,2172.8863523648874,2.086789005912647,1.0540228E-5,18.02097,0.0035606518,0.28141636,0.0022476763,0.0558076,0.0029983968,0.3557983,0.029943585,0.7893219,0.002519011,0.055159975,0.004342735,0.17521094,0.010818894,null,null,null,null,"TWOGAUSSIANS",8,2.8192985,0.28141636,0.0022476763,0.31252256,0.016791021,0.3557842,0.029951714,0.7893219,0.002519011,0.30889586,0.024319313,0.17519686,0.010827085
375316653866487564,5233662119714781952,0.5208837,2187.444549611044,3.024424836707085,1.9880652E-5,18.66054,0.013885179,0.20937553,0.006446477,0.02906049,0.0351151,0.13143511,0.04430034,0.7811033,0.012011428,0.06873445,0.012257924,0.14952803,0.028774714,0.115473315,0.020709928,0.20937553,0.006446477,"TWOGAUSSIANS_WITH_ELLIPSOIDAL_ON_ECLIPSE1",9,7.0093856,0.20937553,0.006446477,0.16273874,0.19664457,0.36237904,0.06853426,0.7811033,0.012011428,0.38491294,0.051391747,0.3366551,0.01624783
375316653866487564,5233664112579499136,0.44421265,2186.9201140795626,0.03498186945393056,7.6735785E-5,18.749857,0.0053532645,0.37073278,0.010558318,0.018110216,0.009600962,0.115733005,0.1806105,0.77229226,0.0041315327,0.03651552,0.008268184,0.07509818,0.022147425,null,null,null,null,"TWOGAUSSIANS",8,2.9499128,0.37073278,0.010558318,0.10141721,0.053765386,0.115733005,0.1806105,0.77229226,0.0041315327,0.2044869,0.046301834,0.07509818,0.022147425
375316653866487564,5233664559256051840,0.49233663,2204.273715874954,3.440504408067547,2.0342492E-5,18.068752,0.032474995,0.2832014,0.008475678,0.09614134,0.012733088,0.30036393,0.033295427,0.7644223,0.005667578,0.10378878,0.014823323,0.3324123,0.028447928,null,null,null,null,"TWOGAUSSIANS",8,19.414688,0.7644223,0.005667578,0.4,0.0,0.3105778,0.021573983,0.28321138,0.008495094,0.4,0.0,0.27853662,0.022182414
375316653866487564,5233665864926405376,0.5296189,2198.335121355518,3.573980623853227,7.789033E-6,18.769289,0.019044051,0.1741984,0.0028822322,0.0795951,0.006060666,0.31140816,0.019741043,0.67032796,0.0069973776,0.08257357,0.011692874,0.2799028,0.066343516,null,null,null,null,"TWOGAUSSIANS",8,3.8629239,0.1741984,0.0028822322,0.4,0.0,0.3066848,0.016181802,0.67032796,0.0069973776,0.4,0.0,0.27517942,0.06733144
375316653866487564,5233666655214646016,0.4906099,2180.998169370947,3.9596426663816096,1.6405442E-5,19.28642,0.749951,0.3115111,0.0031588317,0.12047358,0.04685467,0.4111127,0.60266656,0.8180148,0.004755353,0.13477121,0.11358314,0.335485,0.73527455,null,null,null,null,"TWOGAUSSIANS",8,2.0660582,0.3114011,0.0023813304,0.4,0.0,0.3092925,0.017769938,0.8180748,0.0044529145,0.4,0.0,0.233119,0.016971124
375316653866487564,5233668068258285312,0.6263825,2229.3349134836762,1.680317699309781,3.3998492E-6,16.752506,0.002732316,0.23782113,0.0020057168,0.0865203,0.002292861,0.17664126,0.0059845606,0.7353157,8.6302054E-4,0.07106357,9.6968753E-4,0.51765937,0.007539349,null,null,null,null,"TWOGAUSSIANS",8,7.33861,0.7353157,8.6302054E-4,0.397956,0.00543025,0.5141985,0.007585041,0.23782113,0.0020057168,0.4,0.0,0.17318037,0.0061269673
375316653866487564,5233671057555506176,0.70049024,2229.733166869037,0.5612065916243487,2.6222158E-6,13.592907,0.0028368027,0.17433295,0.002244766,0.024311583,0.0040942114,0.07773563,0.0085419845,0.67779994,4.6828063E-4,0.02524837,0.0010120939,1.4327471,0.051615253,0.011842066,0.0042136637,0.67779994,4.6828063E-4,"TWOGAUSSIANS_WITH_ELLIPSOIDAL_ON_ECLIPSE2",9,155.4706,0.67779994,4.6828063E-4,0.14139086,0.0056677256,1.4564313,0.05243999,0.17438294,0.0022138169,0.13614488,0.022927582,0.101408675,0.006598515
375316653866487564,5233671465564163456,0.45095244,2205.8173636160022,2.5909321719379665,3.494589E-5,18.180166,0.07055622,0.29863054,0.00959907,0.118486255,0.058522526,0.099113576,0.067767695,0.7572275,0.017619932,0.09554313,0.032259177,0.119746,0.06623755,null,null,null,null,"TWOGAUSSIANS",8,7.010992,0.7572275,0.017619932,0.4,0.0,0.111089654,0.022165926,0.29864055,0.009456135,0.4,0.0,0.09040018,0.017051002
375316653866487564,5233673119139150208,0.537191,2250.4207985152393,2.4248899529350467,9.336893E-6,16.073675,0.010471009,0.20286644,0.007611734,0.016238451,0.019781329,1.3578621,1.8448851,0.71628904,0.0032916362,0.052393313,0.01040142,0.08390277,0.024259364,0.13442926,0.013873764,0.71628904,0.0032916362,"TWOGAUSSIANS_WITH_ELLIPSOIDAL_ON_ECLIPSE2",9,109.59254,0.20291643,0.008260268,0.09093532,0.11077544,1.6248193,1.8668474,0.71628904,0.0032916362,0.29340255,0.058247954,0.35276,0.014800743
375316653866487564,5233678852914096768,0.47711968,2196.2442747830346,4.470231750457526,1.8358847E-5,18.571629,0.6098559,0.20960489,0.007435109,0.15403748,0.10366963,0.39066574,0.59398633,0.7073844,0.0057984893,0.13471997,0.067357704,0.39792284,0.54098517,null,null,null,null,"TWOGAUSSIANS",8,6.024585,0.7073844,0.005797256,0.4,0.0,0.22892381,0.016249698,0.2096849,0.007517065,0.4,0.0,0.21845014,0.016873451
375316653866487564,5233680953161041152,0.5108667,2221.2725769077656,1.0396731995428352,3.551164E-5,16.549023,0.0022055763,0.15017872,0.014538606,0.042783152,0.052048776,0.020894544,0.012498582,0.64286107,0.0058914344,0.07237802,0.0074132523,0.055890214,0.0037612712,null,null,null,null,"TWOGAUSSIANS",8,3.388387,0.64286107,0.0058914344,0.4,0.012201586,0.055885635,0.0036982063,0.15017872,0.014538606,0.23958565,0.17609766,0.020889968,0.012888975
375316653866487564,5233682224471214336,0.55789185,2210.0193427360136,2.7528236363583103,9.678826E-6,19.053322,0.013516781,0.22121982,0.0018399119,0.08563841,0.0031999098,0.42438617,0.013514037,0.72095025,0.008454737,0.098448046,0.009305579,0.3680161,0.024558589,null,null,null,null,"TWOGAUSSIANS",8,1.9328265,0.22121982,0.0018399119,0.4,0.0,0.4048768,0.008838377,0.72095025,0.008454737,0.4,0.0,0.3485049,0.024809012
375316653866487564,5233682602428499584,0.61646587,2200.537566664359,1.3172497744115221,2.8073418E-6,15.110975,0.002262689,0.32598215,0.005647493,0.04110773,0.008472561,0.052446958,0.0077131917,0.8173987,9.5499016E-4,0.04628387,0.0011513766,0.20362735,0.006074019,0.022855252,0.0036572698,0.32598215,0.005647493,"TWOGAUSSIANS_WITH_ELLIPSOIDAL_ON_ECLIPSE1",9,9.33308,0.81770873,8.284039E-4,0.25918967,0.006447709,0.24920982,0.004161106,0.32598215,0.005647493,0.23020329,0.04744634,0.09815741,0.007169569
375316653866487564,5233683731996397056,0.51108927,2195.1126495547237,3.873581851803856,2.2649432E-5,18.671022,0.03650745,0.22251287,0.005003302,0.080189824,0.014896095,0.37141958,0.029312802,0.7241484,0.005378593,0.09623675,0.0111168595,0.33982202,0.035212435,null,null,null,null,"TWOGAUSSIANS",8,8.069168,0.22251287,0.005003302,0.4,0.0,0.35906178,0.03178907,0.7241484,0.005378593,0.4,0.0,0.32746327,0.019561402
375316653866487564,5233684625349256448,0.5031933,2154.6483137218343,3.367118139609704,2.9758443E-5,18.571589,0.008500811,0.283597,0.0037276233,0.09783737,0.008676745,0.20109516,0.01046291,0.76809216,0.007217803,0.08697292,0.0079287775,0.15307808,0.014183173,null,null,null,null,"TWOGAUSSIANS",8,2.6234193,0.283597,0.0037276233,0.4,0.0,0.19388077,0.011486667,0.76809216,0.007217803,0.4,0.0,0.14586478,0.014129779
375316653866487564,5233685488646421760,0.57587093,2174.620036858063,4.123070008744585,1.0089674E-5,18.100405,0.0139446035,0.28474286,0.00669272,0.041114036,0.010116096,0.4437462,0.048725672,0.7717649,0.0059505245,0.034738768,0.0059800013,0.41285765,0.05545443,0.14932105,0.0213722,0.28474286,0.00669272,"TWOGAUSSIANS_WITH_ELLIPSOIDAL_ON_ECLIPSE1",9,13.588219,0.28474286,0.00669272,0.2302386,0.056650136,0.74238783,0.046130084,0.77259487,0.005563436,0.19453709,0.03348801,0.7096449,0.05437532
375316653866487564,5233685729164590080,0.48340276,2168.2603942237356,0.7950590869119124,1.0973174E-4,17.78211,0.023607971,0.26616725,0.018958576,0.08647733,0.059210267,0.042433508,0.023398023,0.8131424,0.009623148,0.03598652,0.07010788,0.30167553,0.22495344,null,null,null,null,"TWOGAUSSIANS",8,5.596286,0.8131424,0.0088746175,0.20152453,0.19408098,0.3016694,0.23865408,0.26616725,0.0189324,0.4,0.0,0.04242732,0.01269552
375316653866487564,5233685862300049408,0.4962981,2184.1196993203275,1.6365980680071337,2.307033E-5,16.32304,0.0031885512,0.12097399,0.0034717494,0.030898971,0.00747027,0.10759108,0.013102639,0.602463,0.0041172192,0.024553273,0.0036758792,0.2126218,0.018368348,0.01000439,0.0063906265,0.12097399,0.0034717494,"TWOGAUSSIANS_WITH_ELLIPSOIDAL_ON_ECLIPSE1",9,35.895657,0.602543,0.004109968,0.13749832,0.020584924,0.2323623,0.018644573,0.12097399,0.0034717494,0.17303424,0.041833512,0.12759985,0.013629681
375316653866487564,5233687137913931392,0.5571382,2180.530221379136,3.007260979104474,8.616276E-6,16.973257,0.0087184245,0.31705272,0.0023911016,0.07944249,0.0040366524,0.28176135,0.021659516,0.80035394,0.0047390517,0.08377601,0.0060053333,0.2890434,0.008797002,null,null,null,null,"TWOGAUSSIANS",8,15.008947,0.80035394,0.0047390517,0.4,0.0,0.28523898,0.0075891213,0.31705272,0.0023911016,0.4,0.0,0.27795696,0.02164499
375316653866487564,5233691772169280128,0.51356125,2236.492515509166,0.8681509849630443,2.8226368E-5,19.151594,0.005357383,0.40756518,0.06566073,0.14913523,0.06326138,0.03328653,0.008214435,0.7590497,0.0038644937,0.011895478,0.0015713712,0.9880106,1.2578118,null,null,null,null,"TWOGAUSSIANS",8,1.2958473,0.7590497,0.0038644937,0.06661467,0.008799679,0.98984253,1.2577195,0.40756518,0.06566073,0.4,0.0,0.033045262,0.00808315
375316653866487564,5233693563184519040,0.5609396,2190.286865603136,2.728138693669509,1.1916602E-5,16.856936,0.013030377,0.25662416,0.008748394,0.090811394,0.00833492,0.39318255,0.037747767,0.75238323,0.0030086744,0.08832454,0.005352248,0.40530732,0.018114485,null,null,null,null,"TWOGAUSSIANS",8,32.25584,0.75238323,0.0030086744,0.4,0.0,0.3901189,0.018048566,0.25662416,0.008748394,0.4,0.0,0.377994,0.037427977
375316653866487564,5233694078580577024,0.5673543,2184.477626823892,2.6338011395890186,1.1121155E-5,17.11741,0.00944992,0.25165176,0.0034030234,0.033310886,0.014885325,0.0673488,0.019377803,0.7650996,0.007817592,0.0438912,0.0108865015,0.05103298,0.023175288,0.09460076,0.012071674,0.25165176,0.0034030234,"TWOGAUSSIANS_WITH_ELLIPSOIDAL_ON_ECLIPSE1",9,5.972576,0.25165176,0.0034030234,0.18654098,0.08335782,0.25655016,0.007330946,0.7650996,0.007817592,0.2457907,0.060964406,0.23888674,0.008154475
375316653866487564,5233694314802308224,0.43102568,2156.666239677374,0.039916490838621005,7.8310615E-5,18.523819,0.033036202,0.4211361,0.027355652,0.16449319,0.0461978,0.24881147,0.032416135,0.90144295,0.013306082,0.012165246,0.011710404,0.18795182,0.040438086,null,null,null,null,"TWOGAUSSIANS",8,16.139723,0.4211361,0.027355652,0.4,0.0,0.2432394,0.025972174,0.90144295,0.013306082,0.068125375,0.06557826,0.18757515,0.038551286
