Gaia/vari_eclipsing_binary/VariEclipsingBinary_468557-468574.csv
# %ECSV 1.0
# ---
# delimiter: ','
# meta: !!omap
# - RELEASE: Gaia DR3
# - TABLE: vari_eclipsing_binary
# - DESCRIPTION: >
#     This table describes the properties of the eclipsing binaries resulting from the variability analysis. 
# - CITATION: >
#     How to cite and acknowledge Gaia: 
#     https://gea.esac.esa.int/archive/documentation/credits.html 
# - KNOWN_ISSUES: >
#     Known issues: 
#     https://www.cosmos.esa.int/web/gaia-users/known-issues 
# - DOCUMENTATION: >
#     Tutorials and documentation: 
#     https://www.cosmos.esa.int/web/gaia-users/archive 
# datatype:
# - 
#   name: solution_id
#   datatype: int64
#   description: Solution Identifier
#   meta:
#     ucd: meta.version
# - 
#   name: source_id
#   datatype: int64
#   description: Unique source identifier
#   meta:
#     ucd: meta.id;meta.main
# - 
#   name: global_ranking
#   datatype: float32
#   description: Number between 0 (worst) and 1 (best)
#   meta:
#     ucd: stat.param
# - 
#   name: reference_time
#   datatype: float64
#   unit: d
#   description: Reference time used for the geometric model fit
#   meta:
#     ucd: time.epoch
# - 
#   name: frequency
#   datatype: float64
#   unit: d**-1
#   description: Frequency of geometric model of the eclipsing binary light curve
#   meta:
#     ucd: src.orbital
# - 
#   name: frequency_error
#   datatype: float32
#   unit: d**-1
#   description: "Uncertainty of \\texttt{frequency}"
#   meta:
#     ucd: stat.error
# - 
#   name: geom_model_reference_level
#   datatype: float32
#   unit: mag
#   description: Magnitude reference level of geometric model
#   meta:
#     ucd: phot.mag;em.opt
# - 
#   name: geom_model_reference_level_error
#   datatype: float32
#   unit: mag
#   description: "Uncertainty of \\texttt{geomModelReferenceLevel}"
#   meta:
#     ucd: stat.error;phot.mag;em.opt
# - 
#   name: geom_model_gaussian1_phase
#   datatype: float32
#   description: Phase of the Gaussian 1 component
#   meta:
#     ucd: time.phase
# - 
#   name: geom_model_gaussian1_phase_error
#   datatype: float32
#   description: "Uncertainty of \\texttt{geomModelGaussian1Phase}"
#   meta:
#     ucd: stat.error;time.phase
# - 
#   name: geom_model_gaussian1_sigma
#   datatype: float32
#   description: "Standard deviation [phase] of Gaussian 1 component"
#   meta:
#     ucd: stat.stdev
# - 
#   name: geom_model_gaussian1_sigma_error
#   datatype: float32
#   description: "Uncertainty of \\texttt{geomModelGaussian1Sigma}"
#   meta:
#     ucd: stat.error
# - 
#   name: geom_model_gaussian1_depth
#   datatype: float32
#   unit: mag
#   description: Magnitude depth of Gaussian 1 component
#   meta:
#     ucd: src.var.amplitude
# - 
#   name: geom_model_gaussian1_depth_error
#   datatype: float32
#   unit: mag
#   description: "Uncertainty of \\texttt{geomModelGaussian1Depth}"
#   meta:
#     ucd: stat.error;src.var.amplitude
# - 
#   name: geom_model_gaussian2_phase
#   datatype: float32
#   description: Phase of Gaussian 2 component
#   meta:
#     ucd: time.phase
# - 
#   name: geom_model_gaussian2_phase_error
#   datatype: float32
#   description: "Uncertainty of \\texttt{geomModelGaussian2Phase}"
#   meta:
#     ucd: stat.error;time.phase
# - 
#   name: geom_model_gaussian2_sigma
#   datatype: float32
[...]
#   datatype: float32
#   description: "Secondary eclipse: uncertainty of \\texttt{derivedSecondaryEclDuration}"
#   meta:
#     ucd: stat.error;time.duration
# - 
#   name: derived_secondary_ecl_depth
#   datatype: float32
#   unit: mag
#   description: "Secondary eclipse: depth"
#   meta:
#     ucd: src.var.amplitude
# - 
#   name: derived_secondary_ecl_depth_error
#   datatype: float32
#   unit: mag
#   description: "Secondary eclipse: uncertainty of \\texttt{derivedSecondaryEclDepth}"
#   meta:
#     ucd: stat.error;src.var.amplitude
solution_id,source_id,global_ranking,reference_time,frequency,frequency_error,geom_model_reference_level,geom_model_reference_level_error,geom_model_gaussian1_phase,geom_model_gaussian1_phase_error,geom_model_gaussian1_sigma,geom_model_gaussian1_sigma_error,geom_model_gaussian1_depth,geom_model_gaussian1_depth_error,geom_model_gaussian2_phase,geom_model_gaussian2_phase_error,geom_model_gaussian2_sigma,geom_model_gaussian2_sigma_error,geom_model_gaussian2_depth,geom_model_gaussian2_depth_error,geom_model_cosine_half_period_amplitude,geom_model_cosine_half_period_amplitude_error,geom_model_cosine_half_period_phase,geom_model_cosine_half_period_phase_error,model_type,num_model_parameters,reduced_chi2,derived_primary_ecl_phase,derived_primary_ecl_phase_error,derived_primary_ecl_duration,derived_primary_ecl_duration_error,derived_primary_ecl_depth,derived_primary_ecl_depth_error,derived_secondary_ecl_phase,derived_secondary_ecl_phase_error,derived_secondary_ecl_duration,derived_secondary_ecl_duration_error,derived_secondary_ecl_depth,derived_secondary_ecl_depth_error
[from data line 633]
375316653866487564,4121617433793472512,0.5771653,2414.6361803083837,1.8643493493994696,5.7635634E-6,18.499775,0.0038627768,0.2179932,0.0024760077,0.0738345,0.0030839278,0.20774822,0.006107374,0.71081436,0.0014296212,0.07768031,0.0019281483,0.4564476,0.015616199,null,null,null,null,"TWOGAUSSIANS",8,1.3715069,0.71081436,0.0014296212,0.4,0.0,0.45416898,0.015770376,0.2179932,0.0024760077,0.4,0.0,0.20546962,0.0060763
375316653866487564,4121617743014893952,0.4544595,2432.089448183804,2.80629936317742,3.02379E-5,18.85117,0.28433424,0.2888978,0.0064837974,0.21444365,0.09042367,0.38413146,0.28194168,0.7903741,0.0050156116,0.1352081,0.035205748,0.35057035,0.20654976,null,null,null,null,"TWOGAUSSIANS",8,3.3605297,0.7908841,0.005401501,0.4,0.0,0.14528193,0.012251463,0.28879783,0.0065966756,0.4,0.0,0.12890352,0.009704414
375316653866487564,4121618090964613120,0.57279855,2420.267413807244,0.4104636088462338,6.870173E-6,18.247652,0.0018956,0.37463742,0.0011497848,0.024310177,0.0014048719,0.51338243,0.0592546,0.69739157,0.050436053,0.030463587,0.03638266,0.006416426,0.018817788,null,null,null,null,"TWOGAUSSIANS",8,1.8451186,0.37463742,0.0011497848,0.136137,0.007867283,0.51338243,0.0592546,0.69739157,0.050436053,0.1705961,0.2037429,0.006416426,0.018817788
375316653866487564,4121618224072408832,0.61180985,2388.276450601062,1.3467311302373328,7.5715297E-6,18.366764,0.011957203,0.26398605,0.0033328175,0.045161348,0.0071569458,0.8341949,0.21998161,0.7757328,0.0064844736,0.04980785,0.006840798,0.1355811,0.02704757,0.044995114,0.015332715,0.26398605,0.0033328175,"TWOGAUSSIANS_WITH_ELLIPSOIDAL_ON_ECLIPSE1",9,1.9401953,0.26398605,0.0033328175,0.25290355,0.040078897,0.924184,0.24197124,0.7757328,0.0064844736,0.27892396,0.038308468,0.22508088,0.005704431
375316653866487564,4121618468919116928,0.5590896,2431.4567433341776,2.2066423556533983,9.490269E-6,18.398949,0.0064863656,0.26194632,0.006692362,0.09800349,0.009256556,0.18218397,0.01849677,0.7586608,0.0018163782,0.07805219,0.0030987873,0.3599829,0.007615151,null,null,null,null,"TWOGAUSSIANS",8,2.7982092,0.7586608,0.0018163782,0.4,0.0,0.3518685,0.007183461,0.26194632,0.006692362,0.4,0.0,0.17406876,0.019959163
375316653866487564,4121618503279373696,0.45283562,2385.116355937693,0.3059381416752461,4.2840267E-5,19.106169,0.04912086,0.26914817,0.027664924,0.118302666,0.076823704,0.092203245,0.042185858,0.6946003,0.020553043,0.12160805,0.021599514,0.19215517,0.04793187,null,null,null,null,"TWOGAUSSIANS",8,2.6222737,0.6946003,0.020553043,0.4,0.0,0.1772935,0.0212515,0.27107817,0.026467236,0.4,0.0,0.077634364,0.019783823
375316653866487564,4121618567651010304,0.57394767,2424.3161450058005,0.8570547025968283,5.4553234E-6,17.655571,0.0038655184,0.27362892,0.0048505077,0.045480274,0.009268576,0.08351396,0.011322419,0.7668962,0.001417813,0.030289778,0.0018354768,0.23223814,0.009335962,0.014532962,0.005599042,0.27362892,0.0048505077,"TWOGAUSSIANS_WITH_ELLIPSOIDAL_ON_ECLIPSE1",9,1.9263004,0.76695615,0.0014057894,0.16962276,0.01027867,0.26125252,0.007927215,0.27362892,0.0048505077,0.25468954,0.051904026,0.11257985,0.010355313
375316653866487564,4121618606358736000,0.45003006,2420.826508143309,2.436272422536382,4.3061093E-5,18.404453,0.045561988,0.35126135,0.017285021,0.086992234,0.01831575,0.4408201,0.047294155,0.8254316,0.010402277,0.06627992,0.019401228,0.45514634,0.056411725,null,null,null,null,"TWOGAUSSIANS",8,22.340616,0.8254316,0.010402277,0.37116754,0.08873617,0.45268512,0.056344997,0.35126135,0.017285021,0.4,0.0,0.43835872,0.04185149
375316653866487564,4121618640718745984,0.40424824,2476.4636975251415,0.02126404586151117,4.3282635E-5,18.969584,0.5142232,0.15628074,0.03420115,0.23899654,0.1830726,0.35132992,0.50370103,0.478301,0.03398168,0.08842351,0.02827147,0.23416293,0.058845617,null,null,null,null,"TWOGAUSSIANS",8,7.9274774,0.478301,0.03398168,0.4,0.0,0.28920564,0.07502004,0.15854074,0.030787632,0.4,0.0,0.25878093,0.06238874
375316653866487564,4121618705106889344,0.54550457,2424.0115902725647,1.9579372368378078,1.0221562E-5,18.796242,0.008427353,0.31208423,0.0027927929,0.084998615,0.005092813,0.3671262,0.015998663,0.79917914,0.004121837,0.074056655,0.00695246,0.3842372,0.045380626,null,null,null,null,"TWOGAUSSIANS",8,2.9584856,0.79917914,0.004121837,0.4,0.0,0.38010815,0.046984002,0.31208423,0.0027927929,0.4,0.0,0.3629971,0.0164477
375316653866487564,4121618778189053184,0.4536559,2408.7996465111264,1.873112242411175,5.514305E-5,17.889292,0.012265276,0.21574534,0.013094542,0.07094337,0.013971572,0.12190282,0.013695963,0.7424455,0.009520613,0.09941421,0.0107809855,0.16176918,0.019653313,null,null,null,null,"TWOGAUSSIANS",8,12.757939,0.7424455,0.009520613,0.4,0.0,0.15938671,0.018775722,0.21574534,0.013096116,0.3972829,0.047569413,0.11952242,0.010520614
375316653866487564,4121618846876452352,0.5119966,2405.906658459889,2.705540648614246,1.5575677E-5,19.808376,0.05325638,0.26854074,0.00611918,0.096687734,0.012763817,0.5340507,0.05224463,0.7869943,0.006465092,0.09134134,0.018120239,0.41127798,0.045562983,null,null,null,null,"TWOGAUSSIANS",8,2.3907008,0.26854074,0.00611918,0.4,0.0,0.5130571,0.03717356,0.7869943,0.006459163,0.4,0.0,0.39028648,0.02537215
375316653866487564,4121618979960784000,0.6017705,2397.2189240310395,1.0220853753334012,4.6982914E-6,16.686298,0.0021251903,0.25834155,0.0014828494,0.03773984,0.0046105045,0.04656236,0.005612343,0.7693148,0.0066826893,0.05357473,0.005530765,0.0654288,0.0061837644,0.06832975,0.0028148128,0.25834155,0.0014828494,"TWOGAUSSIANS_WITH_ELLIPSOIDAL_ON_ECLIPSE1",9,3.4063432,0.7693148,0.0066826893,0.3000185,0.030972283,0.20143907,0.0046130256,0.25834155,0.0014828494,0.2113431,0.025818827,0.18322124,0.0034576945
375316653866487564,4121619156114769792,0.43700954,2480.9129336171736,0.1529921410601028,9.37658E-6,19.113276,0.007104427,0.25961134,7.3753676E-4,0.0069685327,7.9673546E-4,0.21016575,0.015582727,0.80896974,0.007485806,0.014911062,9.4628584E-4,0.02010325,0.021191413,0.03946119,0.008586092,0.25961134,7.3753676E-4,"TWOGAUSSIANS_WITH_ELLIPSOIDAL_ON_ECLIPSE1",9,3.3571072,0.25961134,7.3753676E-4,0.039023783,0.0044617187,0.2890881,0.018824304,0.80896974,0.007485806,0.08350195,0.005299201,0.091675155,0.015022577
375316653866487564,4121619430993172480,0.5006751,2430.0397401307796,3.487152343115814,3.2179516E-5,19.836752,0.01846156,0.285187,0.0034770984,0.056556955,0.005233639,0.48104712,0.046613287,0.79126614,0.0050098905,0.017555693,0.01149592,0.5348269,1.4130896,0.1179876,0.027992321,0.285187,0.0034770984,"TWOGAUSSIANS_WITH_ELLIPSOIDAL_ON_ECLIPSE1",9,8.656706,0.79126614,0.0050098905,0.09831188,0.06437715,0.77043056,1.4177455,0.285187,0.0034770984,0.31671894,0.029308379,0.71699494,0.036178198
375316653866487564,4121619495377962368,0.5025529,2447.5657660694274,1.9219232252640446,2.4068973E-5,18.041056,0.04430679,0.11147362,0.013433269,0.13348602,0.04600163,0.077093124,0.041537132,0.5829795,0.003988641,0.12776381,0.02112736,0.1369892,0.041744817,null,null,null,null,"TWOGAUSSIANS",8,1.574345,0.5829795,0.003988641,0.4,0.0,0.11118506,0.004621532,0.11231362,0.012743208,0.4,0.0,0.051286943,0.007473553
375316653866487564,4121619564100371840,0.52488136,2419.23922552675,2.225506419416424,2.515908E-5,18.716957,0.019645726,0.26585236,0.0032159484,0.048380826,0.013592709,0.12930922,0.04749005,0.79160184,0.020364786,0.032349434,0.032058123,0.13745496,0.052887663,0.13933238,0.026914071,0.26585236,0.0032159484,"TWOGAUSSIANS_WITH_ELLIPSOIDAL_ON_ECLIPSE1",9,7.4466095,0.79160184,0.020364786,0.18115681,0.1795255,0.4088884,0.06119982,0.26585236,0.0032159484,0.2709326,0.07611917,0.40797347,0.022137484
375316653866487564,4121619598436082304,0.43036786,2484.1555647915834,0.5811474518054022,9.968444E-5,18.207352,0.013095463,0.17706321,0.012065787,0.038379494,0.008518029,0.39516306,0.09637811,0.7154654,0.012399822,0.026573487,0.012445123,0.42289594,0.19064136,null,null,null,null,"TWOGAUSSIANS",8,10.85643,0.7154654,0.012399822,0.14881152,0.069692686,0.42289594,0.19064136,0.17706321,0.012065787,0.21492517,0.047700964,0.39516306,0.09637811
375316653866487564,4121619632796965760,0.546195,2407.9891263135582,1.3327695645714548,7.747279E-6,17.957994,0.01243467,0.28840345,0.004800366,0.10224453,0.0092435265,0.25172102,0.011636119,0.78362536,0.0028715434,0.093184024,0.0069809123,0.26013482,0.012839309,null,null,null,null,"TWOGAUSSIANS",8,3.808077,0.78362536,0.0028715434,0.4,0.0,0.24196464,0.012270115,0.28840345,0.004800366,0.4,0.0,0.23354784,0.008162956
375316653866487564,4121619637182720000,0.50794107,2417.113021935968,3.408391516118927,2.1226999E-5,17.880255,0.010809654,0.20541184,0.0052107917,0.09636366,0.0073989755,0.21752734,0.011276292,0.7116394,0.008124517,0.09206951,0.011191167,0.19517991,0.012650954,null,null,null,null,"TWOGAUSSIANS",8,9.271304,0.20541184,0.0052107917,0.4,0.0,0.20635447,0.0071426216,0.7116394,0.008124517,0.4,0.0,0.18400754,0.011700297
375316653866487564,4121619877670990080,0.51442283,2411.7866195559077,2.470621462128233,1.4779531E-5,19.521425,0.0112139955,0.16352506,0.0060021444,0.076566204,0.0059989607,0.47677273,0.025586931,0.65693015,0.0045445785,0.07820543,0.008372348,0.4766909,0.065044336,null,null,null,null,"TWOGAUSSIANS",8,3.4819944,0.16352506,0.0060021444,0.4,0.0,0.47227642,0.02595659,0.65693015,0.0045445785,0.4,0.0,0.47219458,0.06731919
375316653866487564,4121619946397205760,0.4349261,2417.593170146489,1.1828046082763015,2.2594853E-5,19.693089,0.023993978,0.1438561,0.008463543,0.0357755,0.0080072405,0.4677058,0.40922302,0.63336277,0.022787392,0.07062559,0.05288066,0.19559383,0.11352597,null,null,null,null,"TWOGAUSSIANS",8,3.233506,0.1438561,0.008463543,0.20034282,0.044840544,0.46770084,0.40923536,0.63336277,0.022787392,0.39550328,0.25857082,0.19558892,0.11358944
375316653866487564,4121620186918429568,0.42219284,2481.252486825856,1.0492412404699025,6.473217E-5,18.575342,0.023874931,0.28763786,0.02221292,0.04187739,0.02969644,0.41015488,0.2434491,0.9073309,0.046960186,0.035901755,0.028976439,0.11185917,0.05241394,null,null,null,null,"TWOGAUSSIANS",8,9.258941,0.28763786,0.02221292,0.23451339,0.16630006,0.41015488,0.24344915,0.9073309,0.046960186,0.20104982,0.16226806,0.11185917,0.05241432
375316653866487564,4121620358706993920,0.52597994,2386.765815631805,3.9054232726950038,1.0261751E-5,18.059,0.010603589,0.22586064,0.009292673,0.07186849,0.00949308,0.22708718,0.029780032,0.7309544,0.0067982175,0.08481888,0.0079226,0.33265665,0.027664537,null,null,null,null,"TWOGAUSSIANS",8,14.9120655,0.7309544,0.0067982175,0.4,0.0,0.32957518,0.028186033,0.22586064,0.009292673,0.4,0.016399635,0.22400573,0.03092571
375316653866487564,4121620358737128064,0.4395866,2415.7594576536276,2.178384750785051,5.0087023E-5,18.409735,0.058955878,0.30632102,0.011639673,0.089689545,0.03799306,0.15045412,0.060163256,0.7866107,0.011799633,0.084592976,0.02865284,0.1821719,0.057573754,null,null,null,null,"TWOGAUSSIANS",8,17.961424,0.7866107,0.011799633,0.4,0.0,0.1783065,0.035976928,0.30632102,0.011646363,0.4,0.0,0.14658867,0.042589027
375316653866487564,4121620667944965760,0.5090085,2498.070881055009,0.0961920675041852,2.789608E-5,19.630796,0.0054747914,0.04715587,0.011190773,0.024559068,0.013750246,0.04926664,0.015874207,0.500548,0.011524726,0.0813536,0.0077341897,0.53804237,0.11122726,null,null,null,null,"TWOGAUSSIANS",8,1.9289317,0.500548,0.011524726,0.4,0.0,0.53804153,0.111227944,0.04715587,0.011190773,0.13753077,0.07700138,0.04926587,0.015874835
375316653866487564,4121620805384725888,0.45486552,2467.547843106702,2.4118314631071494,2.4450364E-5,19.407526,0.005487681,null,null,null,null,null,null,null,null,null,null,null,null,0.074983105,0.008322832,0.30582747,0.007865833,"ELLIPSOIDAL",4,3.7505093,null,null,null,null,null,null,null,null,null,null,null,null
375316653866487564,4121620977183788160,0.49291757,2517.0884784102486,0.025830355830186957,9.170479E-5,19.71325,0.029684827,0.19982775,0.03465916,0.12771975,0.049511068,0.124985956,0.031350475,0.6475775,0.001262914,0.059184555,0.0039267847,1.7728082,0.31209517,null,null,null,null,"TWOGAUSSIANS",8,1.5771621,0.6475775,0.001262914,0.3314335,0.021989996,1.7671164,0.31636864,0.19982775,0.03465916,0.4,0.0,0.11901527,0.025958205
375316653866487564,4121621247723068672,0.6161516,2446.0347908337067,2.4064515464697664,3.974673E-6,18.81357,0.006140971,0.23863007,0.001522643,0.0494638,0.0037984857,0.23634878,0.014854748,0.7423429,0.0016374993,0.047545552,0.0030200894,0.28213844,0.021638239,0.12941818,0.008457526,0.23863007,0.001522643,"TWOGAUSSIANS_WITH_ELLIPSOIDAL_ON_ECLIPSE1",9,1.1578224,0.7423429,0.0016374993,0.26625508,0.0169125,0.5408329,0.023352183,0.23863007,0.001522643,0.27699727,0.02127152,0.49518406,0.007677084
375316653866487564,4121621350807909376,0.5016325,2485.894548850922,1.7521762540174017,1.604154E-5,17.892294,0.22136623,0.27150077,0.0061118347,0.1449597,0.05040604,0.22142112,0.19716793,0.7710016,0.0035118943,0.16959035,0.08298332,0.20656405,0.216814,null,null,null,null,"TWOGAUSSIANS",8,1.957946,0.2715808,0.006240858,0.4,0.0,0.107333,0.006142403,0.7710016,0.0035318232,0.4,0.0,0.08827882,0.0036801337
375316653866487564,4121621939258057216,0.42458215,2514.306320600261,3.497829647928667,6.895936E-5,19.591646,0.0096511915,0.24604487,0.00662409,0.021060813,0.004212658,0.45399317,0.17076707,0.7033677,0.047160536,0.06354661,0.035812,0.059866656,0.026643746,null,null,null,null,"TWOGAUSSIANS",8,5.829346,0.24604487,0.00662409,0.11794055,0.023590883,0.45399317,0.17076707,0.7033677,0.047160536,0.355861,0.18331048,0.059866656,0.02664374
375316653866487564,4121622312860013952,0.5717759,2472.482664254378,1.2630972531700964,5.256476E-6,17.66193,0.012840393,0.21873961,0.0028292153,0.1094319,0.0076340567,0.20755988,0.012301715,0.719445,0.0018708738,0.09761156,0.0052981353,0.26829496,0.012092205,null,null,null,null,"TWOGAUSSIANS",8,3.0040977,0.719445,0.0018708738,0.4,0.0,0.24327324,0.008543386,0.21873961,0.0028292153,0.4,0.0,0.1825271,0.0075740134
375316653866487564,4121622557732968192,0.51199996,2479.7072903997955,2.665321704951609,3.8020327E-5,19.873167,0.030634215,0.26822436,0.010186134,0.073093936,0.01601125,0.4187415,0.027883075,0.7412446,0.0075476053,0.078285865,0.01026238,0.38475132,0.04585782,null,null,null,null,"TWOGAUSSIANS",8,1.9704653,0.26822436,0.010186134,0.4,0.017712187,0.4168705,0.024914492,0.7412446,0.0075476053,0.4,0.0,0.3828803,0.043286137
375316653866487564,4121622626453059840,0.48564154,2476.7053742370745,2.516913613164414,2.4761717E-5,19.59901,0.022079749,0.23680823,0.005006196,0.10055965,0.011301099,0.25397396,0.02313887,0.7287678,0.0055157975,0.091715045,0.015533473,0.24039494,0.020114806,null,null,null,null,"TWOGAUSSIANS",8,1.6896551,0.23680823,0.005006196,0.4,0.0,0.23891018,0.019072829,0.7287678,0.0055157975,0.4,0.0,0.2253333,0.025254875
375316653866487564,4121622798249348480,0.5412389,2548.064626952952,0.04003090110826341,5.4879965E-5,19.28551,0.011611304,0.3604226,0.007536578,0.15720144,0.009623854,0.5095548,0.025492238,0.87465185,0.0016411544,0.011656749,8.1179955E-4,0.44218343,0.11018365,null,null,null,null,"TWOGAUSSIANS",8,1.842302,0.3604226,0.007536578,0.4,0.0,0.50166905,0.027184013,0.87466186,0.0016411544,0.06527779,0.0045460775,0.441019,0.11025763
375316653866487564,4121622970048422656,0.61750525,2538.1731070681376,2.3278794878990983,1.16319725E-5,19.529419,0.021983953,0.2614007,0.004508154,0.04109648,0.013417836,0.41981715,0.12951224,0.75760376,0.0021840448,0.047168102,0.0044535073,0.47740978,0.04550649,0.12661512,0.026931666,0.2614007,0.004508154,"TWOGAUSSIANS_WITH_ELLIPSOIDAL_ON_ECLIPSE1",9,1.5436691,0.7579238,0.0018473907,0.26414135,0.02493964,0.7305075,0.015855294,0.2614007,0.004508154,0.23014028,0.07513989,0.67304665,0.14489943
