Gaia/vari_eclipsing_binary/VariEclipsingBinary_030828-031045.csv
# %ECSV 1.0
# ---
# delimiter: ','
# meta: !!omap
# - RELEASE: Gaia DR3
# - TABLE: vari_eclipsing_binary
# - DESCRIPTION: >
#     This table describes the properties of the eclipsing binaries resulting from the variability analysis. 
# - CITATION: >
#     How to cite and acknowledge Gaia: 
#     https://gea.esac.esa.int/archive/documentation/credits.html 
# - KNOWN_ISSUES: >
#     Known issues: 
#     https://www.cosmos.esa.int/web/gaia-users/known-issues 
# - DOCUMENTATION: >
#     Tutorials and documentation: 
#     https://www.cosmos.esa.int/web/gaia-users/archive 
# datatype:
# - 
#   name: solution_id
#   datatype: int64
#   description: Solution Identifier
#   meta:
#     ucd: meta.version
# - 
#   name: source_id
#   datatype: int64
#   description: Unique source identifier
#   meta:
#     ucd: meta.id;meta.main
# - 
#   name: global_ranking
#   datatype: float32
#   description: Number between 0 (worst) and 1 (best)
#   meta:
#     ucd: stat.param
# - 
#   name: reference_time
#   datatype: float64
#   unit: d
#   description: Reference time used for the geometric model fit
#   meta:
#     ucd: time.epoch
# - 
#   name: frequency
#   datatype: float64
#   unit: d**-1
#   description: Frequency of geometric model of the eclipsing binary light curve
#   meta:
#     ucd: src.orbital
# - 
#   name: frequency_error
#   datatype: float32
#   unit: d**-1
#   description: "Uncertainty of \\texttt{frequency}"
#   meta:
#     ucd: stat.error
# - 
#   name: geom_model_reference_level
#   datatype: float32
#   unit: mag
#   description: Magnitude reference level of geometric model
#   meta:
#     ucd: phot.mag;em.opt
# - 
#   name: geom_model_reference_level_error
#   datatype: float32
#   unit: mag
#   description: "Uncertainty of \\texttt{geomModelReferenceLevel}"
#   meta:
#     ucd: stat.error;phot.mag;em.opt
# - 
#   name: geom_model_gaussian1_phase
#   datatype: float32
#   description: Phase of the Gaussian 1 component
#   meta:
#     ucd: time.phase
# - 
#   name: geom_model_gaussian1_phase_error
#   datatype: float32
#   description: "Uncertainty of \\texttt{geomModelGaussian1Phase}"
#   meta:
#     ucd: stat.error;time.phase
# - 
#   name: geom_model_gaussian1_sigma
#   datatype: float32
#   description: "Standard deviation [phase] of Gaussian 1 component"
#   meta:
#     ucd: stat.stdev
# - 
#   name: geom_model_gaussian1_sigma_error
#   datatype: float32
#   description: "Uncertainty of \\texttt{geomModelGaussian1Sigma}"
#   meta:
#     ucd: stat.error
# - 
#   name: geom_model_gaussian1_depth
#   datatype: float32
#   unit: mag
#   description: Magnitude depth of Gaussian 1 component
#   meta:
#     ucd: src.var.amplitude
# - 
#   name: geom_model_gaussian1_depth_error
#   datatype: float32
#   unit: mag
#   description: "Uncertainty of \\texttt{geomModelGaussian1Depth}"
#   meta:
#     ucd: stat.error;src.var.amplitude
# - 
#   name: geom_model_gaussian2_phase
#   datatype: float32
#   description: Phase of Gaussian 2 component
#   meta:
#     ucd: time.phase
# - 
#   name: geom_model_gaussian2_phase_error
#   datatype: float32
#   description: "Uncertainty of \\texttt{geomModelGaussian2Phase}"
#   meta:
#     ucd: stat.error;time.phase
# - 
#   name: geom_model_gaussian2_sigma
#   datatype: float32
[...]
#   datatype: float32
#   description: "Secondary eclipse: uncertainty of \\texttt{derivedSecondaryEclDuration}"
#   meta:
#     ucd: stat.error;time.duration
# - 
#   name: derived_secondary_ecl_depth
#   datatype: float32
#   unit: mag
#   description: "Secondary eclipse: depth"
#   meta:
#     ucd: src.var.amplitude
# - 
#   name: derived_secondary_ecl_depth_error
#   datatype: float32
#   unit: mag
#   description: "Secondary eclipse: uncertainty of \\texttt{derivedSecondaryEclDepth}"
#   meta:
#     ucd: stat.error;src.var.amplitude
solution_id,source_id,global_ranking,reference_time,frequency,frequency_error,geom_model_reference_level,geom_model_reference_level_error,geom_model_gaussian1_phase,geom_model_gaussian1_phase_error,geom_model_gaussian1_sigma,geom_model_gaussian1_sigma_error,geom_model_gaussian1_depth,geom_model_gaussian1_depth_error,geom_model_gaussian2_phase,geom_model_gaussian2_phase_error,geom_model_gaussian2_sigma,geom_model_gaussian2_sigma_error,geom_model_gaussian2_depth,geom_model_gaussian2_depth_error,geom_model_cosine_half_period_amplitude,geom_model_cosine_half_period_amplitude_error,geom_model_cosine_half_period_phase,geom_model_cosine_half_period_phase_error,model_type,num_model_parameters,reduced_chi2,derived_primary_ecl_phase,derived_primary_ecl_phase_error,derived_primary_ecl_duration,derived_primary_ecl_duration_error,derived_primary_ecl_depth,derived_primary_ecl_depth_error,derived_secondary_ecl_phase,derived_secondary_ecl_phase_error,derived_secondary_ecl_duration,derived_secondary_ecl_duration_error,derived_secondary_ecl_depth,derived_secondary_ecl_depth_error
[from data line 541]
375316653866487564,272231622978332288,0.4913395,2192.97542683209,1.2432149908968537,9.725919E-6,19.481472,0.004015539,0.35625562,0.011271453,0.043775413,0.017276097,0.0660348,0.0548734,0.54039747,0.0032561244,0.027916012,0.004226676,0.85192,0.84871274,null,null,null,null,"TWOGAUSSIANS",8,1.0169787,0.54039747,0.0032561244,0.15632966,0.023669386,0.8519295,0.8486952,0.35625562,0.011271453,0.24514231,0.09674614,0.0660348,0.054873403
375316653866487564,272235402545488640,0.54756755,2176.2076384930797,0.16957467807142057,4.4779496E-5,19.30636,0.0031035307,0.3940048,0.01959835,0.04322379,0.011468983,0.023882313,0.0132512925,0.8100738,0.0041779,0.015428935,0.002874337,0.7173313,0.18926668,null,null,null,null,"TWOGAUSSIANS",8,2.0122964,0.8100738,0.0041779,0.086402036,0.016096286,0.7173313,0.18926668,0.3940048,0.01959835,0.24205323,0.06422631,0.023882313,0.0132512925
375316653866487564,272236712516023168,0.5081239,2205.5989929352263,0.33723262902819334,1.976447E-5,17.21206,0.0022091176,0.31610286,0.077676795,0.048110228,0.044805843,0.014512051,0.009347281,0.5868825,0.0028433579,0.036870882,0.0034791229,0.1695748,0.010770608,null,null,null,null,"TWOGAUSSIANS",8,5.359352,0.5868825,0.0028433579,0.20647694,0.01948309,0.1695748,0.010770597,0.31610286,0.077676795,0.2694173,0.1661016,0.014512051,0.009347322
375316653866487564,272238220048154752,0.45908523,2199.3953426419484,0.6860277431192341,2.3548104E-5,18.21162,0.0051838593,0.15640266,0.0017530359,0.009722383,0.0014289937,0.30904746,0.1263736,0.7585802,0.013434194,0.0035520687,0.0054298616,0.17126106,464.0304,0.012712725,0.0056849318,0.7585802,0.013434194,"TWOGAUSSIANS_WITH_ELLIPSOIDAL_ON_ECLIPSE2",9,4.155054,0.15645266,0.0017349257,0.054445345,0.008002365,0.32535994,0.12645243,0.7585802,0.013434194,0.019891584,0.030407224,0.1966865,464.03192
375316653866487564,272240457728171520,0.6025416,2216.101961255242,0.07453484070338551,8.74917E-6,16.78658,9.365518E-4,0.49259102,0.05940872,0.055147737,0.041047916,0.0109138265,0.004765183,0.7096506,1.3019528E-6,0.0020765169,7.2919484E-6,0.45753458,0.0017252866,null,null,null,null,"TWOGAUSSIANS",8,2.4696643,0.7096506,1.3019528E-6,0.011628495,4.0834908E-5,0.4575393,0.0017145855,0.49259102,0.05940872,0.30882734,0.22656289,0.0109138265,0.004765183
375316653866487564,272240766965329920,0.5951787,2199.2284966886687,0.9663983091422544,5.6344893E-6,14.190902,8.7700214E-4,0.2627707,0.0016770326,0.06846188,0.0045664636,0.063519485,0.0056408993,0.9122998,0.009557873,0.038646597,0.011800826,0.010014619,0.0020939012,0.038588054,0.0011537545,0.2627707,0.0016770326,"TWOGAUSSIANS_WITH_ELLIPSOIDAL_ON_ECLIPSE1",9,17.141273,0.2627707,0.0016770326,0.38338652,0.025572198,0.14061627,0.005272478,0.9122998,0.009557873,0.21642093,0.06608462,0.036816496,0.0037908389
375316653866487564,272241965258801152,0.6113813,2217.145644061578,3.678481366365306,4.9794485E-6,18.07857,0.013603397,0.25197136,0.0017041529,0.05139706,0.004505318,0.31599626,0.029243775,0.7505535,0.0023542542,0.05571498,0.0042757224,0.40406954,0.029479707,0.08350815,0.01736865,0.25197136,0.0017041529,"TWOGAUSSIANS_WITH_ELLIPSOIDAL_ON_ECLIPSE1",9,4.8647885,0.7506835,0.0021545216,0.31200388,0.023944046,0.57105625,0.015899124,0.25197136,0.0017041529,0.28782353,0.025229782,0.48299497,0.017695311
375316653866487564,272242072635272320,0.5290899,2214.4547788249815,2.5686143673038404,8.9882105E-6,13.836537,0.19614927,0.24466336,0.0060591144,0.31816572,0.023340914,1.1741129,0.1914142,0.73292166,0.0032840744,0.14026496,0.0129342135,0.62656766,0.12891634,null,null,null,null,"TWOGAUSSIANS",8,109.02248,0.73292166,0.0032840744,0.4,0.0,0.26537612,0.01141491,0.24641335,0.0059547825,0.4,0.0,0.14823057,0.009322364
375316653866487564,272243648885796608,0.5068131,2210.1256649040756,4.314216506444676,1.7689246E-5,18.575092,0.023512043,0.2282866,0.0065704673,0.08833693,0.01103288,0.21376355,0.02339549,0.7196103,0.0045820056,0.10510958,0.019307274,0.19644758,0.017052762,null,null,null,null,"TWOGAUSSIANS",8,4.054357,0.2282866,0.0065741367,0.4,0.0,0.20096436,0.014790562,0.7196103,0.0045820056,0.4,0.0,0.1836433,0.013243689
375316653866487564,272244198641869312,0.44291085,2193.9408549394852,0.16604986959103163,7.232633E-5,19.908693,0.060217865,0.28125766,0.043167178,0.057227746,0.051243767,0.31336015,0.05899105,0.7187292,0.006010055,0.081848316,0.03430755,0.26171055,0.037139457,null,null,null,null,"TWOGAUSSIANS",8,4.7250915,0.28125766,0.04314095,0.32047537,0.12241294,0.3132052,0.053587966,0.7187292,0.006010055,0.4,0.0,0.26155543,0.03978583
375316653866487564,272244542239389312,0.54699665,2202.5193202951355,2.8866870251132783,9.165318E-6,18.829632,0.008537393,0.23440658,0.00276475,0.072929814,0.0047951634,0.44274986,0.02983398,0.7303272,0.0029114275,0.085994564,0.006135133,0.35583687,0.015901327,null,null,null,null,"TWOGAUSSIANS",8,2.6452997,0.23440658,0.00276475,0.4,0.0,0.43763414,0.031025046,0.7303272,0.0029114275,0.4,0.0,0.35072112,0.016902942
375316653866487564,272245779189971456,0.588136,2217.731611494026,3.612005657397868,7.8950125E-6,18.486874,0.003251893,0.27628705,0.0020768158,0.06779358,0.0024025538,0.31432557,0.008733177,0.78267413,0.0039222618,0.06696828,0.0040944424,0.29569566,0.019738311,null,null,null,null,"TWOGAUSSIANS",8,1.2971525,0.27628705,0.0020768158,0.37964404,0.013454302,0.31380183,0.008771385,0.78267413,0.0039222618,0.37502232,0.022928877,0.29517192,0.019855449
375316653866487564,272246642481129728,0.6459561,2223.7288978773304,1.8082167812409657,2.8398524E-6,15.709723,0.003256136,0.23815969,9.03279E-4,0.05712271,0.0037027807,0.08061974,0.007892981,0.7406598,0.002075168,0.046414662,0.0033731745,0.10441305,0.0074153813,0.07601473,0.0045574754,0.23815969,9.03279E-4,"TWOGAUSSIANS_WITH_ELLIPSOIDAL_ON_ECLIPSE1",9,5.79957,0.7406598,0.002075168,0.2599221,0.018889777,0.25639924,0.004119919,0.23815969,9.03279E-4,0.3198872,0.020735571,0.23264344,0.004030445
375316653866487564,272249696196896256,0.46554315,2189.908759469192,0.08214830187523257,5.485748E-5,18.318022,0.002181651,0.58128476,0.01727759,0.02444482,0.014384155,0.3443411,0.06952741,null,null,null,null,null,null,null,null,null,null,"ONEGAUSSIAN",5,16.995674,0.58128476,0.01727759,0.13689099,0.080551274,0.3443411,0.0,null,null,null,null,null,null
375316653866487564,272250005434589568,0.5832293,2216.183264516483,2.6623105368548616,8.18474E-6,16.613644,0.005819806,0.2963011,0.0017755183,0.0556698,0.00596373,0.09323214,0.011976223,0.7967803,0.0039947657,0.057840668,0.006556054,0.08590054,0.013808462,0.051826168,0.007029193,0.2963011,0.0017755183,"TWOGAUSSIANS_WITH_ELLIPSOIDAL_ON_ECLIPSE1",9,4.9559307,0.2963011,0.0017755183,0.3117509,0.03339689,0.19687301,0.004094276,0.7967803,0.0034354823,0.32390773,0.036713902,0.18954046,0.0045623058
375316653866487564,272251659002087040,0.61473644,2192.275458587814,2.884999809084831,3.4390778E-6,17.07665,0.00834625,0.23433411,0.0015540586,0.059457824,0.005323132,0.22148326,0.015823094,0.7390743,0.0033472488,0.049149264,0.0051979837,0.16691722,0.017450213,0.09497893,0.00988639,0.23433411,0.0015540586,"TWOGAUSSIANS_WITH_ELLIPSOIDAL_ON_ECLIPSE1",9,4.7844243,0.23433411,0.0015540586,0.33296382,0.029809538,0.41140896,0.00993236,0.7390743,0.0033472488,0.2752359,0.029108709,0.35667446,0.006917968
375316653866487564,272252135738723200,0.5019776,2153.7477344351505,4.321797237378483,2.66475E-5,19.042088,0.0042943293,0.36411983,0.012529256,0.081156395,0.012880789,0.046905503,0.012147841,0.7457668,0.009233018,0.029124403,0.0076375674,0.36577982,2.4283977,null,null,null,null,"TWOGAUSSIANS",8,1.373124,0.7457668,0.009233018,0.16309667,0.04277038,0.36578053,2.4283974,0.36411983,0.012529256,0.4,0.0,0.04690548,0.0121478615
375316653866487564,272255301134320768,0.5380977,2165.6378513354002,3.724375997108207,1.1149754E-6,18.043903,0.0029266258,0.16219051,0.0014744506,0.012767264,0.0010373091,0.49076974,0.03319829,null,null,null,null,null,null,null,null,null,null,"ONEGAUSSIAN",5,7.5453596,0.16219051,0.0014744506,0.07149667,0.0058089304,0.49076974,0.0,null,null,null,null,null,null
375316653866487564,272256465066023936,0.49171585,2157.6309204969252,3.024997708598081,1.3128626E-5,19.508835,0.016313834,0.19947964,0.0049425457,0.08930725,0.010429188,0.34623945,0.017616367,0.6958654,0.0039975597,0.08090561,0.006002529,0.42795184,0.031739987,null,null,null,null,"TWOGAUSSIANS",8,2.3347433,0.6958654,0.0039975597,0.4,0.0,0.41835704,0.032419004,0.19947964,0.0049425457,0.4,0.0,0.33664456,0.018174374
375316653866487564,272260416437700608,0.62331206,2235.4952316340296,2.5303677536007316,3.4419834E-6,18.114826,0.012979452,0.24857047,0.0014840695,0.053503808,0.003377326,0.39916617,0.038875956,0.75069577,8.8818755E-4,0.049154066,0.0039833183,0.40797734,0.02826336,0.105171025,0.022773469,0.24857047,0.0014840695,"TWOGAUSSIANS_WITH_ELLIPSOIDAL_ON_ECLIPSE1",9,3.6302798,0.75069577,8.8818755E-4,0.27526277,0.022306582,0.6182738,0.032100566,0.24857047,0.0014840695,0.2996213,0.018913025,0.6095001,0.021266056
375316653866487564,272263513112328448,0.67400086,2198.0569722999785,0.8019150250239147,4.0896743E-5,16.613989,0.0011891576,0.25841337,0.0027211767,0.019729594,0.0018353977,0.74994725,0.086296126,0.7602444,0.0037688962,0.020147808,0.0025094121,0.47457784,0.07731773,null,null,null,null,"TWOGAUSSIANS",8,3.6224928,0.25841337,0.0027211767,0.11048572,0.010278227,0.74994725,0.086296126,0.7602444,0.0037688962,0.112827726,0.014052709,0.47457784,0.07731773
375316653866487564,272268319181630720,0.49478054,2215.5765187133247,2.782822719846835,4.235018E-5,19.359118,0.021888388,0.18126883,0.014400854,0.072060406,0.017432781,0.15751706,0.027686458,0.6863069,0.005340367,0.08865157,0.010894479,0.30179188,0.023241134,null,null,null,null,"TWOGAUSSIANS",8,3.5360434,0.6863069,0.005340367,0.4,0.0,0.29858404,0.021359803,0.18126883,0.014400854,0.4,0.04687974,0.1543093,0.026099624
375316653866487564,272269148105036416,0.45399445,2206.340946765696,0.17422688472199685,6.0484712E-5,19.232298,0.009498515,0.39933538,0.014557939,0.06074934,0.011257289,0.11223841,0.018710075,0.6706058,0.004541404,0.03277925,0.008810202,9.282061,102.15655,null,null,null,null,"TWOGAUSSIANS",8,5.9265842,0.6706058,0.004541404,0.18356381,0.04933713,9.282065,102.15654,0.39933538,0.014557939,0.3401963,0.063040815,0.11223841,0.018710075
375316653866487564,272270655640477056,0.5336646,2200.4842841670243,2.9285359054891207,1.4720878E-5,19.302443,0.019492112,0.3304548,0.00492909,0.081303455,0.0068376847,0.38883322,0.02866378,0.82978064,0.002887103,0.08467798,0.0063763494,0.3743949,0.019532327,null,null,null,null,"TWOGAUSSIANS",8,1.6053109,0.3304548,0.00492909,0.4,0.0,0.38077077,0.028095441,0.82978064,0.002887103,0.4,0.0,0.3663324,0.01708425
375316653866487564,272272785942382464,0.49966797,2235.524357212311,0.6972967378622322,1.0980295E-5,12.181067,0.0026951917,0.22741045,0.0029116874,0.038533196,0.003329143,0.10739663,0.007556131,0.72853017,0.0024844364,0.040521506,0.002949674,0.093985885,0.006258952,0.0020880415,0.0036897066,0.22741045,0.0029116874,"TWOGAUSSIANS_WITH_ELLIPSOIDAL_ON_ECLIPSE1",9,81.86512,0.22741045,0.0029116874,0.21578589,0.0186432,0.11157271,0.0051636184,0.72853017,0.0024841558,0.22692044,0.016518174,0.098161764,0.002161922
375316653866487564,272274439508507776,0.49115166,2216.7442068430923,3.9538857397735034,2.2679187E-5,17.883131,0.008401659,0.20019129,0.0032845442,0.09429132,0.011834439,0.14181092,0.015484125,0.7352982,0.007457205,0.07369496,0.0118190255,0.07045452,0.009114599,null,null,null,null,"TWOGAUSSIANS",8,2.5448847,0.20019129,0.0032845442,0.4,0.0,0.14051774,0.016156826,0.7352982,0.0074547557,0.4,0.007987239,0.06916211,0.007847922
375316653866487564,272275642099349248,0.5127549,2215.887981701602,1.5982113294426312,1.1944099E-5,16.028837,0.0015319048,0.22943527,0.0047479747,0.08315706,0.007987162,0.037310492,0.0014759073,0.7316939,0.0026886016,0.07570769,0.0029910884,0.07463798,0.0016337201,null,null,null,null,"TWOGAUSSIANS",8,2.7352993,0.7316939,0.0026886016,0.4,0.0,0.07394343,0.0013967499,0.22943527,0.0047479747,0.4,0.0,0.03661594,0.0014759692
375316653866487564,272278042982356608,0.44166118,2205.455465451398,0.27393582204068084,6.5737884E-5,11.492579,0.0010208953,0.18369673,0.035395358,0.017811205,0.015639445,0.33805168,142.8664,0.6971513,0.009315216,0.049108524,0.064659886,0.055522196,0.048401482,0.0062785204,0.0021414624,0.6971513,0.009315216,"TWOGAUSSIANS_WITH_ELLIPSOIDAL_ON_ECLIPSE2",9,23.606853,0.18370673,0.035408102,0.09974275,0.08758089,0.3505191,142.86642,0.6971513,0.009315216,0.27500775,0.12962915,0.068079084,0.048105527
375316653866487564,272279421670538624,0.5575458,2233.836003988423,0.5581272791349383,1.1060702E-4,17.297783,0.0015572002,0.41048518,0.018137123,0.013394972,0.022697292,0.013522384,8.3897475E10,0.5712428,0.03183521,0.02747069,0.008220088,0.8842744,1.9596621,null,null,null,null,"TWOGAUSSIANS",8,2.596439,0.5712428,0.03183521,0.15383586,0.046032492,0.8842744,1.9596621,0.41048518,0.018137123,0.07501185,0.12710483,0.013522416,8.3897475E10
375316653866487564,272282204809305600,0.53412914,2199.005355867617,1.71301354067395,1.0714888E-5,18.144295,0.003116861,0.25243044,0.016281204,0.04765235,0.006684204,0.19563207,0.047323555,0.7395229,0.005686009,0.047236048,0.0046419688,0.2376581,0.00766417,null,null,null,null,"TWOGAUSSIANS",8,2.7961419,0.7395229,0.005686009,0.26452187,0.025995024,0.2376579,0.007663972,0.25243044,0.016281204,0.26685315,0.03743154,0.19563188,0.047321953
375316653866487564,272283677981538304,0.4999364,2179.0190124056267,4.7944260927665745,1.9296618E-5,18.759827,0.005766533,0.30060396,0.002960429,0.041203063,0.0028640218,0.24892047,0.025978118,0.8028006,0.012393924,0.04506763,0.013660084,0.33864805,0.16481303,null,null,null,null,"TWOGAUSSIANS",8,4.178555,0.8028006,0.012393924,0.25237873,0.076496474,0.33864802,0.16481324,0.30060396,0.002960429,0.23073715,0.016038522,0.24892044,0.025978101
375316653866487564,272286392397581440,0.4156946,2167.285795808894,3.085824443836849,2.6782818E-5,19.32908,0.010543191,0.19511639,0.003105946,0.010675625,0.0043367217,0.27901578,0.16597958,0.8009797,0.016724309,0.09085154,0.014326321,0.09639501,0.022238435,null,null,null,null,"TWOGAUSSIANS",8,4.5943985,0.19511639,0.003105946,0.0597835,0.02428564,0.27902362,0.1659787,0.8009797,0.016724309,0.4,0.0,0.096394956,0.022238463
375316653866487564,272286873434113792,0.5288735,2180.8668585799514,2.0472627900169096,1.079081E-5,18.610874,0.014281279,0.23143633,0.009956195,0.06821442,0.022551972,0.19634107,0.03217869,0.720822,0.0028995052,0.07373896,0.006227106,0.30100858,0.014535623,null,null,null,null,"TWOGAUSSIANS",8,3.8850284,0.720822,0.0028995052,0.4,0.0,0.3002501,0.01420497,0.23143633,0.009956195,0.3820007,0.0949669,0.19558258,0.03324973
375316653866487564,272287354470584704,0.5534927,2147.9478638409405,1.7869650111620305,2.003165E-5,19.259699,0.007088584,0.26877177,0.003417287,0.040563267,0.0060732192,0.5296105,0.09440934,0.7882692,0.0045197173,0.03732346,0.0032409024,0.018709516,0.016850421,0.003974085,0.007948351,0.26877177,0.003417287,"TWOGAUSSIANS_WITH_ELLIPSOIDAL_ON_ECLIPSE1",9,1.4888625,0.26877177,0.003417287,0.2271543,0.034010027,0.5375587,0.09986391,0.7882692,0.0045197173,0.20901136,0.018149054,0.026538976,0.0035178515
375316653866487564,272287560632114432,0.63063866,2228.201703321385,0.2690464298214624,2.6270463E-5,17.88947,0.0038164335,0.2536993,2.890732E-4,0.01731649,2.5587087E-4,1.4792511,0.0044741016,0.7411032,0.0029858658,0.021271152,0.003016191,0.072524786,0.018767158,null,null,null,null,"TWOGAUSSIANS",8,8.667327,0.2536993,2.890732E-4,0.09697235,0.0014328768,1.4792511,0.0044741016,0.7411032,0.0029858658,0.11911845,0.016890671,0.072524786,0.018767158
