Gaia/vari_eclipsing_binary/VariEclipsingBinary_648022-648217.csv
# %ECSV 1.0
# ---
# delimiter: ','
# meta: !!omap
# - RELEASE: Gaia DR3
# - TABLE: vari_eclipsing_binary
# - DESCRIPTION: >
#     This table describes the properties of the eclipsing binaries resulting from the variability analysis. 
# - CITATION: >
#     How to cite and acknowledge Gaia: 
#     https://gea.esac.esa.int/archive/documentation/credits.html 
# - KNOWN_ISSUES: >
#     Known issues: 
#     https://www.cosmos.esa.int/web/gaia-users/known-issues 
# - DOCUMENTATION: >
#     Tutorials and documentation: 
#     https://www.cosmos.esa.int/web/gaia-users/archive 
# datatype:
# - 
#   name: solution_id
#   datatype: int64
#   description: Solution Identifier
#   meta:
#     ucd: meta.version
# - 
#   name: source_id
#   datatype: int64
#   description: Unique source identifier
#   meta:
#     ucd: meta.id;meta.main
# - 
#   name: global_ranking
#   datatype: float32
#   description: Number between 0 (worst) and 1 (best)
#   meta:
#     ucd: stat.param
# - 
#   name: reference_time
#   datatype: float64
#   unit: d
#   description: Reference time used for the geometric model fit
#   meta:
#     ucd: time.epoch
# - 
#   name: frequency
#   datatype: float64
#   unit: d**-1
#   description: Frequency of geometric model of the eclipsing binary light curve
#   meta:
#     ucd: src.orbital
# - 
#   name: frequency_error
#   datatype: float32
#   unit: d**-1
#   description: "Uncertainty of \\texttt{frequency}"
#   meta:
#     ucd: stat.error
# - 
#   name: geom_model_reference_level
#   datatype: float32
#   unit: mag
#   description: Magnitude reference level of geometric model
#   meta:
#     ucd: phot.mag;em.opt
# - 
#   name: geom_model_reference_level_error
#   datatype: float32
#   unit: mag
#   description: "Uncertainty of \\texttt{geomModelReferenceLevel}"
#   meta:
#     ucd: stat.error;phot.mag;em.opt
# - 
#   name: geom_model_gaussian1_phase
#   datatype: float32
#   description: Phase of the Gaussian 1 component
#   meta:
#     ucd: time.phase
# - 
#   name: geom_model_gaussian1_phase_error
#   datatype: float32
#   description: "Uncertainty of \\texttt{geomModelGaussian1Phase}"
#   meta:
#     ucd: stat.error;time.phase
# - 
#   name: geom_model_gaussian1_sigma
#   datatype: float32
#   description: "Standard deviation [phase] of Gaussian 1 component"
#   meta:
#     ucd: stat.stdev
# - 
#   name: geom_model_gaussian1_sigma_error
#   datatype: float32
#   description: "Uncertainty of \\texttt{geomModelGaussian1Sigma}"
#   meta:
#     ucd: stat.error
# - 
#   name: geom_model_gaussian1_depth
#   datatype: float32
#   unit: mag
#   description: Magnitude depth of Gaussian 1 component
#   meta:
#     ucd: src.var.amplitude
# - 
#   name: geom_model_gaussian1_depth_error
#   datatype: float32
#   unit: mag
#   description: "Uncertainty of \\texttt{geomModelGaussian1Depth}"
#   meta:
#     ucd: stat.error;src.var.amplitude
# - 
#   name: geom_model_gaussian2_phase
#   datatype: float32
#   description: Phase of Gaussian 2 component
#   meta:
#     ucd: time.phase
# - 
#   name: geom_model_gaussian2_phase_error
#   datatype: float32
#   description: "Uncertainty of \\texttt{geomModelGaussian2Phase}"
#   meta:
#     ucd: stat.error;time.phase
# - 
#   name: geom_model_gaussian2_sigma
#   datatype: float32
[...]
#   datatype: float32
#   description: "Secondary eclipse: uncertainty of \\texttt{derivedSecondaryEclDuration}"
#   meta:
#     ucd: stat.error;time.duration
# - 
#   name: derived_secondary_ecl_depth
#   datatype: float32
#   unit: mag
#   description: "Secondary eclipse: depth"
#   meta:
#     ucd: src.var.amplitude
# - 
#   name: derived_secondary_ecl_depth_error
#   datatype: float32
#   unit: mag
#   description: "Secondary eclipse: uncertainty of \\texttt{derivedSecondaryEclDepth}"
#   meta:
#     ucd: stat.error;src.var.amplitude
solution_id,source_id,global_ranking,reference_time,frequency,frequency_error,geom_model_reference_level,geom_model_reference_level_error,geom_model_gaussian1_phase,geom_model_gaussian1_phase_error,geom_model_gaussian1_sigma,geom_model_gaussian1_sigma_error,geom_model_gaussian1_depth,geom_model_gaussian1_depth_error,geom_model_gaussian2_phase,geom_model_gaussian2_phase_error,geom_model_gaussian2_sigma,geom_model_gaussian2_sigma_error,geom_model_gaussian2_depth,geom_model_gaussian2_depth_error,geom_model_cosine_half_period_amplitude,geom_model_cosine_half_period_amplitude_error,geom_model_cosine_half_period_phase,geom_model_cosine_half_period_phase_error,model_type,num_model_parameters,reduced_chi2,derived_primary_ecl_phase,derived_primary_ecl_phase_error,derived_primary_ecl_duration,derived_primary_ecl_duration_error,derived_primary_ecl_depth,derived_primary_ecl_depth_error,derived_secondary_ecl_phase,derived_secondary_ecl_phase_error,derived_secondary_ecl_duration,derived_secondary_ecl_duration_error,derived_secondary_ecl_depth,derived_secondary_ecl_depth_error
[from data line 105]
375316653866487564,5700273521449334912,0.49530536,2213.9183119589084,0.41537695561186105,1.4643162E-5,13.801604,6.409322E-4,0.2398384,0.0018453883,0.023117438,0.0021432033,0.09094126,0.008306476,null,null,null,null,null,null,0.0017377784,8.8697294E-4,0.2398384,0.0018453883,"ONEGAUSSIAN_WITH_ELLIPSOIDAL",6,26.351637,0.2398384,0.0018453883,0.12945765,0.012001938,0.09441681,0.0085721295,null,null,null,null,null,null
375316653866487564,5700277610258233728,0.45540148,2223.493409374305,0.36062581939138416,1.2999266E-5,14.232231,0.0032460196,0.3085711,0.0031851816,0.02711322,0.0061942525,0.20693965,0.05316416,0.7930639,0.005207709,0.014525905,0.0031170833,0.20036206,0.029870648,0.003695613,0.0039170743,0.7930639,0.005207709,"TWOGAUSSIANS_WITH_ELLIPSOIDAL_ON_ECLIPSE2",9,84.24369,0.30854112,0.0031851851,0.15183403,0.034687813,0.21426107,0.054876056,0.7930639,0.005207709,0.081345074,0.017455667,0.20775329,0.02935576
375316653866487564,5700283245255147392,0.4833622,2204.2317751641936,0.7732037229531579,5.4329607E-6,15.118001,0.00273616,0.15462443,7.7982934E-4,0.015631024,0.0015059913,0.21384116,0.014277559,0.64500445,0.0022485906,0.018941218,0.0030604724,0.15106736,0.0130598815,0.0021519994,0.005746266,0.15462443,7.7982934E-4,"TWOGAUSSIANS_WITH_ELLIPSOIDAL_ON_ECLIPSE1",9,149.44594,0.15462443,7.7982934E-4,0.087533735,0.0084335515,0.21814515,0.016300172,0.64501446,0.0022431626,0.106070824,0.017138647,0.15535566,0.014403926
375316653866487564,5700284512265276416,0.56831247,2198.573523669635,0.8922052068629337,2.780709E-6,19.13447,0.0038353978,0.2221762,0.014391353,0.0060142917,0.013167876,0.3184804,0.31187093,0.55694646,8.655241E-4,0.028486311,7.438008E-4,0.5431863,0.005831065,null,null,null,null,"TWOGAUSSIANS",8,2.2738996,0.55694646,8.655241E-4,0.15952334,0.0041652843,0.5431863,0.005831065,0.2221762,0.014391353,0.033680033,0.0737401,0.3184804,0.31187093
375316653866487564,5700289047754036864,0.5271527,2214.8434397726364,3.458685498021212,7.0501383E-6,19.295761,0.009404879,0.24443804,0.0018033184,0.085151605,0.0039769993,0.28615016,0.01011667,0.7466536,0.0041137096,0.082782865,0.0071274918,0.3190709,0.009052282,null,null,null,null,"TWOGAUSSIANS",8,1.7929891,0.7466536,0.0041137096,0.4,0.0,0.31217197,0.008226659,0.24443804,0.0018033184,0.4,0.0,0.27925122,0.008849578
375316653866487564,5700289155129963776,0.58529484,2172.352210688249,2.900497655599041,4.2124398E-6,14.22385,0.025701292,0.28092706,0.0011032715,0.06674982,0.008051138,0.21695577,0.050737176,0.7805458,0.0031302667,0.066770375,0.0073362654,0.20949703,0.053966206,0.061967053,0.027821824,0.28092706,0.0011032715,"TWOGAUSSIANS_WITH_ELLIPSOIDAL_ON_ECLIPSE1",9,154.4984,0.28092706,0.0011032715,0.373799,0.045086376,0.34050938,0.008707168,0.78061575,0.0027517232,0.3739141,0.041083086,0.33305007,0.007511772
375316653866487564,5700300047167470848,0.42891958,2160.4816801182114,0.13692570173012347,8.576572E-6,18.26558,0.003564936,0.4998138,0.002406632,0.0073984647,0.0012515255,0.3644857,0.0872646,0.89493793,0.0035832198,0.020493774,0.0041197184,0.07253105,0.024103912,null,null,null,null,"TWOGAUSSIANS",8,13.838563,0.4998138,0.002406632,0.041431405,0.007008543,0.3644857,0.0872646,0.89493793,0.0035832198,0.11476514,0.023070425,0.07253105,0.024103912
375316653866487564,5700300730058119040,0.5225503,2149.9439712777985,0.43170239612537004,1.0812865E-5,18.153845,0.0028321214,0.21873184,0.0020396765,0.029484496,0.0021701246,0.18699032,0.010287948,0.72294086,0.026971307,0.02599643,0.011068387,0.5672483,0.28727055,0.022404127,0.0047588944,0.21873184,0.0020396765,"TWOGAUSSIANS_WITH_ELLIPSOIDAL_ON_ECLIPSE1",9,4.5024896,0.72294086,0.026971307,0.14558001,0.061982967,0.6120251,0.2872933,0.21873184,0.0020396765,0.16511318,0.012152697,0.23179847,0.00838424
375316653866487564,5700300974878248192,0.563923,2133.255960721522,2.4093078566032187,5.6927147E-6,15.510049,0.003780577,0.32153368,0.0028147297,0.03277269,0.0018526006,0.71100205,0.06121357,0.8195649,0.0024096554,0.03478516,0.0017191578,0.3663327,0.016088337,0.012940226,0.006441366,0.32153368,0.0028147297,"TWOGAUSSIANS_WITH_ELLIPSOIDAL_ON_ECLIPSE1",9,125.60429,0.32153368,0.0028147297,0.18352705,0.010374564,0.7368825,0.06082993,0.8195749,0.0023884666,0.19479689,0.009627284,0.39220923,0.013470132
375316653866487564,5700302246188653312,0.6524385,2203.4984022991507,2.8147414157477693,1.6672521E-6,15.73275,0.008492248,0.20040669,6.49665E-4,0.055759154,0.0019851846,0.35183185,0.01735855,0.70298886,8.9651486E-4,0.055309612,0.0027936,0.33190805,0.019632021,0.111034974,0.010136164,0.70298886,8.9651486E-4,"TWOGAUSSIANS_WITH_ELLIPSOIDAL_ON_ECLIPSE2",9,22.441269,0.20075668,5.198968E-4,0.31225127,0.011117035,0.5738248,0.0052633435,0.70298886,8.9651486E-4,0.3097338,0.015644161,0.5539516,0.015768295
375316653866487564,5700308774538776576,0.58684844,2150.987664718538,0.9509900293790974,1.6773195E-6,17.543837,0.004266466,0.22350334,3.1291478E-4,0.020520188,6.116739E-4,0.7165182,0.02264828,0.72087526,0.0050208233,0.019077681,0.0037990503,0.24917296,0.21745881,0.010839605,0.0071235765,0.22350334,3.1291478E-4,"TWOGAUSSIANS_WITH_ELLIPSOIDAL_ON_ECLIPSE1",9,12.993234,0.22350334,3.1291478E-4,0.114913054,0.003425374,0.7381974,0.023150543,0.7208852,0.0049937144,0.10683501,0.021274682,0.27084628,0.21665883
375316653866487564,5700314375176139904,0.48034906,2151.668740237653,1.0158675871003302,1.0555264E-5,15.9274235,0.0035955694,0.16396417,0.00642146,0.01742994,0.0065451735,0.03626152,0.012132262,0.67337465,0.0067086485,0.014535522,0.0059300615,0.32618925,0.034648128,0.01785529,0.005594253,0.16396417,0.00642146,"TWOGAUSSIANS_WITH_ELLIPSOIDAL_ON_ECLIPSE1",9,111.43971,0.67337465,0.0067086485,0.08139893,0.033208344,0.36177513,0.03667608,0.16396417,0.00642146,0.097607665,0.03665297,0.071972094,0.011340561
375316653866487564,5700315161148758144,0.56644773,2168.5870259920734,1.526989522052504,5.205045E-6,17.222174,0.08688815,0.2934119,0.0030361258,0.15759578,0.024875866,0.29966143,0.084819004,0.7741935,0.0031068674,0.124921225,0.010641093,0.38194054,0.077604994,null,null,null,null,"TWOGAUSSIANS",8,4.520323,0.7741935,0.0031068674,0.4,0.0,0.26505917,0.0051572626,0.2938319,0.0028289377,0.4,0.0,0.17890845,0.0038119606
375316653866487564,5700317639353441280,0.58899575,2144.8869625163566,4.103021331375492,2.963548E-6,18.837894,0.012095025,0.15864132,0.0021441253,0.043337815,0.0030986965,0.5906716,0.03801437,0.669481,0.0011161974,0.0416811,0.0026594773,0.5658396,0.034046147,0.14448623,0.020644192,0.669481,0.0011161974,"TWOGAUSSIANS_WITH_ELLIPSOIDAL_ON_ECLIPSE2",9,7.1995025,0.15937132,0.0019986872,0.24269176,0.0173527,0.8783958,0.032744452,0.669481,0.0011161974,0.23341414,0.014893073,0.854812,0.030842714
375316653866487564,5700322449714594304,0.61937445,2140.416764282621,3.057569099883306,3.476143E-6,16.738298,0.004437631,0.24089955,0.001517637,0.0546777,0.007902455,0.10010874,0.008597932,0.74456596,0.007454282,0.041517496,0.008000971,0.07145054,0.010077779,0.092718504,0.0052876077,0.24089955,0.001517637,"TWOGAUSSIANS_WITH_ELLIPSOIDAL_ON_ECLIPSE1",9,6.407106,0.24089955,0.001517637,0.3061951,0.044253748,0.28554276,0.0060122204,0.74456596,0.007454282,0.23249799,0.044805434,0.25678617,0.0037529946
375316653866487564,5700328011691037568,0.6154063,2201.3642595894007,3.1258364842973076,3.1087668E-6,17.953228,0.007885472,0.28729227,8.8589237E-4,0.056668617,0.0032800655,0.3661,0.018454999,0.79089797,0.00204205,0.050339907,0.0033457587,0.27376077,0.015886819,0.10439081,0.009205041,0.28729227,8.8589237E-4,"TWOGAUSSIANS_WITH_ELLIPSOIDAL_ON_ECLIPSE1",9,3.3856876,0.28729227,8.8589237E-4,0.31734425,0.018368367,0.57485896,0.022027252,0.79089797,0.00204205,0.28190348,0.018736249,0.48241255,0.010070304
375316653866487564,5700332104801777536,0.5720754,2141.8080360060126,0.12097750836693484,6.0731177E-6,16.550957,6.0936087E-4,0.41644865,0.0013487387,0.0067095957,0.0014281359,0.14720291,0.005763372,0.9134152,4.247939E-4,0.004650127,1.6406018E-4,0.28416774,0.021510635,null,null,null,null,"TWOGAUSSIANS",8,1.920028,0.9134152,4.247939E-4,0.02604071,9.1873703E-4,0.28416774,0.021510635,0.41644865,0.0013487387,0.037573736,0.007997561,0.14720291,0.005763372
375316653866487564,5700345745617890944,0.5905844,2154.6801444643334,2.797502182444945,5.7512502E-6,15.907628,0.011573098,0.28652993,0.0017188414,0.050730783,0.0053392122,0.24991722,0.025260532,0.786269,0.003698722,0.05667883,0.005148055,0.23230308,0.02739296,0.11073262,0.015642794,0.28652993,0.0017188414,"TWOGAUSSIANS_WITH_ELLIPSOIDAL_ON_ECLIPSE1",9,58.264725,0.28652993,0.0017188414,0.2840924,0.029899588,0.471367,0.011891645,0.786319,0.0032709436,0.31740147,0.028829107,0.45375237,0.011173087
375316653866487564,5700346192294564480,0.52239436,2197.432979780325,0.8661845193326208,5.2240186E-5,14.849493,0.018487671,0.12066153,0.0017067216,0.012211104,0.0015535913,0.66290134,0.10569631,0.5999447,0.048276085,0.16318436,0.17308933,0.029568871,0.013271194,null,null,null,null,"TWOGAUSSIANS",8,224.28787,0.12066153,0.0017067216,0.06838218,0.008700111,0.66281223,0.10578363,0.5999447,0.048276085,0.4,0.0,0.028901942,0.0069023664
375316653866487564,5700346810769764096,0.6312703,2175.7772250447897,0.3559791477737171,3.3075116E-6,13.508571,3.1708097E-4,0.25385997,4.8251337E-4,0.026266258,5.2473776E-4,0.11804419,0.0027353405,0.75447136,0.0025348319,0.027019605,0.0010782786,0.120665886,0.00702251,0.0019559728,4.4635948E-4,0.25385997,4.8251337E-4,"TWOGAUSSIANS_WITH_ELLIPSOIDAL_ON_ECLIPSE1",9,6.194052,0.75447136,0.0025348319,0.15130979,0.0060383608,0.12457777,0.0071734074,0.25385997,4.8251337E-4,0.14709105,0.0029385316,0.12195613,0.0027787352
375316653866487564,5700348283937427712,0.48575437,2145.2234644769587,0.9343804492389588,1.3276988E-5,18.864378,0.0033831391,0.3538862,0.0028791479,0.014884241,0.0038246387,0.3188742,0.03854788,0.8561081,0.0026724425,0.019645078,0.0022997356,0.2520044,0.030694282,null,null,null,null,"TWOGAUSSIANS",8,4.065838,0.3538862,0.0028791479,0.083351746,0.021417975,0.3188742,0.03854788,0.8561081,0.0026724425,0.110012434,0.012878519,0.2520044,0.030694282
375316653866487564,5700349628268367488,0.43673995,2160.9868922968394,1.6101157896557075,1.8392115E-5,16.8226,0.016578183,0.22278048,0.024101898,0.12764749,0.028974121,0.082350664,0.01670782,0.66198635,0.006881464,0.10910522,0.010132399,0.16503859,0.015226963,null,null,null,null,"TWOGAUSSIANS",8,39.568005,0.66198635,0.006881464,0.4,0.0,0.15184397,0.009731842,0.22315048,0.024166217,0.4,0.0,0.068980105,0.0108362
375316653866487564,5700350281103354880,0.64037067,2172.158093753754,2.066504850788911,2.0729E-6,14.834429,0.004294258,0.2477088,0.0031696896,0.062444497,0.002565102,0.19367161,0.0096243685,0.7428743,0.0011564225,0.050511003,0.0036981157,0.117534526,0.009072115,0.08638071,0.0047454205,0.7428743,0.0011564225,"TWOGAUSSIANS_WITH_ELLIPSOIDAL_ON_ECLIPSE2",9,15.128817,0.2466688,0.0023879278,0.3496892,0.014364571,0.36626014,0.00813178,0.7428743,0.0011564225,0.28286162,0.020709448,0.2902481,0.003912296
375316653866487564,5700353270400521984,0.47089556,2170.4189119055713,0.6749818631003118,1.6045191E-5,12.984984,0.0013703897,0.2592703,0.0053316,0.01800837,0.0045638513,0.07843358,0.048565306,0.7578671,0.008249755,0.019515527,0.005651769,0.09234802,0.02214044,0.0049119745,0.0017720144,0.2592703,0.0053316,"TWOGAUSSIANS_WITH_ELLIPSOIDAL_ON_ECLIPSE1",9,83.394745,0.7578671,0.008230099,0.10928695,0.03164991,0.102171175,0.022482706,0.2592703,0.0053316,0.10084688,0.025557566,0.08825751,0.049468532
375316653866487564,5700353717077096192,0.6589638,2171.9150590909376,0.5482546098618194,2.3262764E-6,14.235851,6.883722E-4,0.12764448,0.04511358,0.05601232,0.03319639,0.0029326219,0.0011547356,0.34795988,7.950324E-4,0.033105254,6.9176767E-4,0.4160288,0.006308285,null,null,null,null,"TWOGAUSSIANS",8,10.844669,0.34795988,7.950324E-4,0.18538943,0.003873899,0.41603008,0.0063056545,0.12764448,0.04511358,0.313669,0.18589978,0.002932622,0.0011547356
375316653866487564,5700354060674485632,0.5485631,2167.5467466527352,3.83934767458183,7.3691026E-6,18.86717,0.015153854,0.2245988,0.005510078,0.07438412,0.0073511987,0.34120384,0.013099046,0.73873496,0.006550007,0.07133345,0.0076989676,0.3780112,0.016581979,null,null,null,null,"TWOGAUSSIANS",8,3.5598388,0.73873496,0.006550007,0.39946732,0.02564392,0.3765909,0.016034657,0.2245988,0.005510078,0.4,0.004385467,0.33978355,0.011951345
375316653866487564,5700355740002441856,0.52032775,2202.0615122534023,3.630461771610299,9.141824E-6,17.89312,0.012693716,0.25863189,0.0040996657,0.09585101,0.0081741195,0.18188412,0.012081846,0.7468556,0.0027773206,0.08975927,0.010085801,0.17604423,0.010135108,null,null,null,null,"TWOGAUSSIANS",8,3.4945881,0.25863189,0.0040996657,0.4,0.0,0.17388833,0.0071525974,0.7468556,0.0027773206,0.4,0.0,0.16804887,0.009807578
375316653866487564,5700356255398536832,0.6179099,2235.3069497167066,0.5459856043655367,1.824217E-6,17.399275,0.0015682598,0.6888001,0.093047805,0.0686277,0.08511411,0.0025597513,2.2885396,0.8935605,6.2897004E-4,0.018064383,2.5938512E-4,0.5561622,0.010022993,null,null,null,null,"TWOGAUSSIANS",8,2.9382489,0.8935605,6.2897004E-4,0.10116055,0.0014525568,0.55619204,0.010044129,0.6888001,0.093047805,0.38431513,0.40416318,0.0025597513,2.2885396
375316653866487564,5700369763075553408,0.6243699,2156.077479976816,3.1838768719971973,3.9176E-6,17.271873,0.006275633,0.21728925,9.094032E-4,0.053079173,0.0027758942,0.1793868,0.014543362,0.72128487,0.0039729387,0.051948156,0.004149472,0.18524292,0.016499428,0.10667076,0.008410885,0.21728925,9.094032E-4,"TWOGAUSSIANS_WITH_ELLIPSOIDAL_ON_ECLIPSE1",9,5.2714314,0.72128487,0.0039729387,0.29090968,0.023237044,0.39844584,0.008098808,0.21728925,9.094032E-4,0.2972434,0.015545008,0.39272413,0.004003337
375316653866487564,5700374710877858816,0.58483595,2147.395599307156,1.4196731654953139,3.536756E-6,15.401021,0.0056132213,0.23527454,0.0018301909,0.11253456,0.0051821927,0.1441781,0.005116349,0.74662817,0.0010560588,0.09972972,0.0035118219,0.16078639,0.0050687524,null,null,null,null,"TWOGAUSSIANS",8,7.832795,0.7466482,0.0010571457,0.4,0.0,0.14418447,0.0020541782,0.23527454,0.0018301909,0.4,0.0,0.12756114,0.0022874356
375316653866487564,5700379933558020736,0.5071854,2171.910556308733,0.9759775009440802,7.4575564E-6,18.379856,0.004092283,0.21001759,2.9582152E-4,0.014977817,6.3270744E-4,0.8242619,0.05284819,0.7134508,0.006202357,0.012523062,0.004703637,0.2282881,0.25685734,0.022697156,0.0071211187,0.21001759,2.9582152E-4,"TWOGAUSSIANS_WITH_ELLIPSOIDAL_ON_ECLIPSE1",9,8.770102,0.21001759,2.9582152E-4,0.083875775,0.0035431618,0.8696562,0.061101254,0.7134508,0.006202357,0.07012915,0.026340367,0.2736613,0.25914532
375316653866487564,5700383914986232704,0.5470102,2189.5136033193803,1.2877110673708296,2.242832E-5,18.500967,0.0018314625,0.2127978,0.0038472316,0.030567236,0.00312659,0.34863237,0.009205893,0.7213112,0.0076626865,0.032250732,0.0054695196,0.15011524,0.017954446,null,null,null,null,"TWOGAUSSIANS",8,1.9319118,0.2127978,0.0038472316,0.17117652,0.017508904,0.34863237,0.009205893,0.7213112,0.0076626865,0.18060409,0.03062931,0.15011524,0.017954446
375316653866487564,5700387252182407680,0.507151,2178.678960464719,0.7738724131909099,9.870157E-6,14.269089,0.015087166,0.26869953,0.0056355256,0.13402025,0.027453668,0.044797894,0.014677784,0.75663686,0.0029843596,0.12583444,0.018602319,0.049607374,0.0144854,null,null,null,null,"TWOGAUSSIANS",8,8.797329,0.75663686,0.0029843596,0.4,0.0,0.03621379,0.0014236036,0.26886952,0.0055584367,0.4,0.0,0.031354304,0.0018252382
