Gaia/vari_eclipsing_binary/VariEclipsingBinary_515472-515583.csv
# %ECSV 1.0
# ---
# delimiter: ','
# meta: !!omap
# - RELEASE: Gaia DR3
# - TABLE: vari_eclipsing_binary
# - DESCRIPTION: >
#     This table describes the properties of the eclipsing binaries resulting from the variability analysis. 
# - CITATION: >
#     How to cite and acknowledge Gaia: 
#     https://gea.esac.esa.int/archive/documentation/credits.html 
# - KNOWN_ISSUES: >
#     Known issues: 
#     https://www.cosmos.esa.int/web/gaia-users/known-issues 
# - DOCUMENTATION: >
#     Tutorials and documentation: 
#     https://www.cosmos.esa.int/web/gaia-users/archive 
# datatype:
# - 
#   name: solution_id
#   datatype: int64
#   description: Solution Identifier
#   meta:
#     ucd: meta.version
# - 
#   name: source_id
#   datatype: int64
#   description: Unique source identifier
#   meta:
#     ucd: meta.id;meta.main
# - 
#   name: global_ranking
#   datatype: float32
#   description: Number between 0 (worst) and 1 (best)
#   meta:
#     ucd: stat.param
# - 
#   name: reference_time
#   datatype: float64
#   unit: d
#   description: Reference time used for the geometric model fit
#   meta:
#     ucd: time.epoch
# - 
#   name: frequency
#   datatype: float64
#   unit: d**-1
#   description: Frequency of geometric model of the eclipsing binary light curve
#   meta:
#     ucd: src.orbital
# - 
#   name: frequency_error
#   datatype: float32
#   unit: d**-1
#   description: "Uncertainty of \\texttt{frequency}"
#   meta:
#     ucd: stat.error
# - 
#   name: geom_model_reference_level
#   datatype: float32
#   unit: mag
#   description: Magnitude reference level of geometric model
#   meta:
#     ucd: phot.mag;em.opt
# - 
#   name: geom_model_reference_level_error
#   datatype: float32
#   unit: mag
#   description: "Uncertainty of \\texttt{geomModelReferenceLevel}"
#   meta:
#     ucd: stat.error;phot.mag;em.opt
# - 
#   name: geom_model_gaussian1_phase
#   datatype: float32
#   description: Phase of the Gaussian 1 component
#   meta:
#     ucd: time.phase
# - 
#   name: geom_model_gaussian1_phase_error
#   datatype: float32
#   description: "Uncertainty of \\texttt{geomModelGaussian1Phase}"
#   meta:
#     ucd: stat.error;time.phase
# - 
#   name: geom_model_gaussian1_sigma
#   datatype: float32
#   description: "Standard deviation [phase] of Gaussian 1 component"
#   meta:
#     ucd: stat.stdev
# - 
#   name: geom_model_gaussian1_sigma_error
#   datatype: float32
#   description: "Uncertainty of \\texttt{geomModelGaussian1Sigma}"
#   meta:
#     ucd: stat.error
# - 
#   name: geom_model_gaussian1_depth
#   datatype: float32
#   unit: mag
#   description: Magnitude depth of Gaussian 1 component
#   meta:
#     ucd: src.var.amplitude
# - 
#   name: geom_model_gaussian1_depth_error
#   datatype: float32
#   unit: mag
#   description: "Uncertainty of \\texttt{geomModelGaussian1Depth}"
#   meta:
#     ucd: stat.error;src.var.amplitude
# - 
#   name: geom_model_gaussian2_phase
#   datatype: float32
#   description: Phase of Gaussian 2 component
#   meta:
#     ucd: time.phase
# - 
#   name: geom_model_gaussian2_phase_error
#   datatype: float32
#   description: "Uncertainty of \\texttt{geomModelGaussian2Phase}"
#   meta:
#     ucd: stat.error;time.phase
# - 
#   name: geom_model_gaussian2_sigma
#   datatype: float32
[...]
#   datatype: float32
#   description: "Secondary eclipse: uncertainty of \\texttt{derivedSecondaryEclDuration}"
#   meta:
#     ucd: stat.error;time.duration
# - 
#   name: derived_secondary_ecl_depth
#   datatype: float32
#   unit: mag
#   description: "Secondary eclipse: depth"
#   meta:
#     ucd: src.var.amplitude
# - 
#   name: derived_secondary_ecl_depth_error
#   datatype: float32
#   unit: mag
#   description: "Secondary eclipse: uncertainty of \\texttt{derivedSecondaryEclDepth}"
#   meta:
#     ucd: stat.error;src.var.amplitude
solution_id,source_id,global_ranking,reference_time,frequency,frequency_error,geom_model_reference_level,geom_model_reference_level_error,geom_model_gaussian1_phase,geom_model_gaussian1_phase_error,geom_model_gaussian1_sigma,geom_model_gaussian1_sigma_error,geom_model_gaussian1_depth,geom_model_gaussian1_depth_error,geom_model_gaussian2_phase,geom_model_gaussian2_phase_error,geom_model_gaussian2_sigma,geom_model_gaussian2_sigma_error,geom_model_gaussian2_depth,geom_model_gaussian2_depth_error,geom_model_cosine_half_period_amplitude,geom_model_cosine_half_period_amplitude_error,geom_model_cosine_half_period_phase,geom_model_cosine_half_period_phase_error,model_type,num_model_parameters,reduced_chi2,derived_primary_ecl_phase,derived_primary_ecl_phase_error,derived_primary_ecl_duration,derived_primary_ecl_duration_error,derived_primary_ecl_depth,derived_primary_ecl_depth_error,derived_secondary_ecl_phase,derived_secondary_ecl_phase_error,derived_secondary_ecl_duration,derived_secondary_ecl_duration_error,derived_secondary_ecl_depth,derived_secondary_ecl_depth_error
[from data line 462]
375316653866487564,4534976012739764992,0.5021055,2196.850476143165,3.3946906509902712,1.5827502E-5,19.014263,0.07271259,0.26623726,0.0038873905,0.097576834,0.018068604,0.37555665,0.06326783,0.7756258,0.0055495454,0.104953036,0.028376102,0.33340865,0.057270817,null,null,null,null,"TWOGAUSSIANS",8,4.710356,0.26623726,0.0038889176,0.4,0.0,0.34573776,0.030284395,0.7756258,0.005556002,0.4,0.0,0.30358288,0.027473845
375316653866487564,4534978250425119488,0.4448727,2191.6147083496458,3.0553835826597595,2.2164408E-5,18.603954,0.0047046617,0.17315929,0.01815543,0.03503189,0.014515283,0.06971102,0.03046428,0.7725394,0.0052006,0.004753807,0.014396982,0.028879726,0.029907998,0.056210723,0.006471786,0.7725394,0.0052006,"TWOGAUSSIANS_WITH_ELLIPSOIDAL_ON_ECLIPSE2",9,6.214241,0.18488929,0.028668784,0.19617859,0.08128558,0.147546,0.024334475,0.7725394,0.0052006,0.026621321,0.080623105,0.14130117,0.02946674
375316653866487564,4534979139476149120,0.42184645,2216.4484752744766,0.6413149863781913,1.913501E-5,18.761381,0.0065373653,0.17014049,0.012675372,0.01582643,0.010341842,0.19888785,0.12192812,0.3603952,0.01997364,0.014469506,0.007987464,0.15529904,0.17267755,null,null,null,null,"TWOGAUSSIANS",8,8.808162,0.17014049,0.012675372,0.08862801,0.057914313,0.19888785,0.12192812,0.3603952,0.01997364,0.08102924,0.044729795,0.15529904,0.17267755
375316653866487564,4534985255504879360,0.5044575,2208.4573751368603,3.6592892428128097,1.2711665E-5,18.691925,0.009421696,0.3142228,0.002953969,0.08675123,0.00969269,0.18735206,0.012211881,0.8111349,0.0039554015,0.08544134,0.00707765,0.16730447,0.011177113,null,null,null,null,"TWOGAUSSIANS",8,2.4067585,0.3142228,0.002953969,0.4,0.0,0.18239038,0.01323869,0.8111349,0.0039554015,0.4,0.0,0.16234279,0.010121569
375316653866487564,4534989516112611200,0.53564197,2238.665420091308,3.3539447644949862,9.066237E-6,16.89894,0.023191003,0.26466468,0.002955047,0.105682,0.0072453166,0.3602664,0.02295641,0.76375437,0.0031677494,0.10156305,0.009084992,0.3421062,0.020082058,null,null,null,null,"TWOGAUSSIANS",8,26.905409,0.26466468,0.002955047,0.4,0.0,0.32242465,0.012367606,0.76375437,0.0031677494,0.4,0.0,0.30427065,0.010360916
375316653866487564,4534989726575695360,0.5110744,2238.7069590980154,0.5121500786401688,3.2474254E-6,17.584127,0.0015184423,0.40809387,0.0014194285,0.012399034,6.3927873E-4,0.32085168,0.018868113,0.91956246,0.01981046,0.015872447,0.019366318,0.0945936,null,null,null,null,null,"TWOGAUSSIANS",8,4.05025,0.40809387,0.0014194285,0.06943459,0.003579961,0.32085168,0.018868113,0.91956246,0.01981046,0.0888857,0.10845138,0.0945936,null
375316653866487564,4534990104532835328,0.6230374,2225.1303821861284,1.181427478727545,2.538251E-6,17.868832,0.0027507734,0.15234484,0.0011872881,0.029847212,0.0019052423,0.181529,0.008602443,0.6514087,5.3963735E-4,0.029692978,0.0030669793,1.159307,0.21521741,0.0241026,0.004328574,0.15234484,0.0011872881,"TWOGAUSSIANS_WITH_ELLIPSOIDAL_ON_ECLIPSE1",9,3.7839408,0.6514087,5.3963735E-4,0.16628067,0.017175084,1.2075105,0.22065885,0.15234484,0.0011872881,0.16714439,0.010669357,0.22973418,0.007981983
375316653866487564,4534990173252503936,0.4388818,2249.4857640336236,0.028633298934903573,1.1411729E-5,16.12383,0.04256623,0.50180423,0.05143562,0.19222297,0.15293837,0.04326431,0.04163792,0.8265773,0.0018732667,0.0037214772,0.001539126,0.2672275,0.10211331,null,null,null,null,"TWOGAUSSIANS",8,145.68611,0.8265773,0.0018732667,0.020840272,0.008619105,0.27476206,0.10252827,0.50180423,0.05143562,0.4,0.0,0.040327106,0.0107741095
375316653866487564,4534991650721251584,0.45329672,2208.0158482454303,1.3572655350091523,4.730684E-5,17.200659,0.003725989,0.13858867,0.012565613,0.012201478,0.009615918,0.36519217,0.38292637,0.67674136,0.00929615,0.03441669,0.027554078,0.080404826,21.236858,null,null,null,null,"TWOGAUSSIANS",8,25.900068,0.13858867,0.012565613,0.06832828,0.05384914,0.36519217,0.38292637,0.67674136,0.00929615,0.19273347,0.15430284,0.080404826,21.236858
375316653866487564,4534993162540284928,0.5999254,2216.073011534978,4.176852954663264,6.3808293E-6,18.782343,0.017602878,0.22675253,0.0026209261,0.050816927,0.006442742,0.30660716,0.041467547,0.72748005,0.0023548834,0.053045757,0.0045801983,0.30998388,0.045844045,0.115641266,0.026489964,0.22675253,0.0026209261,"TWOGAUSSIANS_WITH_ELLIPSOIDAL_ON_ECLIPSE1",9,3.1599758,0.72748005,0.0023175422,0.29705623,0.02564911,0.5412549,0.020886986,0.22675253,0.0026209261,0.2845748,0.036079355,0.537883,0.014123552
375316653866487564,4534998041632590336,0.63131803,2243.611319322723,0.7387991428662392,1.31901825E-5,16.04746,0.0016038876,0.30688712,4.970861E-4,0.029033912,7.122488E-4,0.5543587,0.0078193,0.80675924,0.0050607175,0.024676595,0.0066676163,0.06308677,0.085689455,0.014453452,0.0023478535,0.30688712,4.970861E-4,"TWOGAUSSIANS_WITH_ELLIPSOIDAL_ON_ECLIPSE1",9,15.115242,0.30688712,4.970861E-4,0.16258991,0.0039885934,0.5832656,0.0077742743,0.80675924,0.0050298567,0.13818893,0.03733865,0.09199362,0.08573965
375316653866487564,4535002164801026048,0.51647073,2240.160716266011,0.7228755564003457,4.2932857E-6,14.877764,0.0025188944,0.79399973,0.0017359622,0.027122783,0.0016134061,0.14724323,0.006620379,null,null,null,null,null,null,0.014747535,0.0040143407,0.79399973,0.0017359622,"ONEGAUSSIAN_WITH_ELLIPSOIDAL",6,70.66562,0.79399973,0.0017359622,0.15188758,0.009035074,0.1767383,0.004158092,null,null,null,null,null,null
375316653866487564,4535002199160761728,0.5967149,2233.8141800625735,2.463912377395398,6.8724153E-6,16.534462,0.008220305,0.27198794,0.0015281443,0.09447938,0.0029983209,0.32258934,0.008310899,0.7767495,0.0032436661,0.106690176,0.0061995573,0.22076137,0.008178137,null,null,null,null,"TWOGAUSSIANS",8,8.666404,0.27198794,0.0015281443,0.4,0.0,0.30011263,0.005477436,0.7767495,0.0032436661,0.4,0.0,0.19827756,0.004369431
375316653866487564,4535002435374377984,0.54980487,2216.203832125839,2.4924500457323,6.269762E-6,16.762339,0.005938901,0.26043066,0.0033070927,0.08972095,0.00440869,0.21881038,0.007405881,0.75476515,0.0023978266,0.08982268,0.0036951478,0.23707023,0.0074742893,null,null,null,null,"TWOGAUSSIANS",8,11.959093,0.75476515,0.0023978266,0.4,0.0,0.2284397,0.006712229,0.26043066,0.0033070927,0.4,0.0,0.21017987,0.0068602045
375316653866487564,4535005012354872576,0.49504262,2200.6735648482,3.1592655022426204,1.233547E-5,18.424368,0.0074381465,0.3630053,0.09373051,0.059362132,0.07945375,0.056719925,0.015868284,0.7846295,0.003139802,0.0111564975,0.005044756,0.112125814,0.06980002,0.12679727,0.008199267,0.7846295,0.003139802,"TWOGAUSSIANS_WITH_ELLIPSOIDAL_ON_ECLIPSE2",9,9.753505,0.7846295,0.003139802,0.062476385,0.028250633,0.36571872,0.06879479,0.3133753,0.018592572,0.33242795,0.085672826,0.28539982,0.012265232
375316653866487564,4535005222817759744,0.54240614,2214.915613360026,2.614422472066451,7.737144E-6,16.293493,0.008001744,0.16197324,0.0023885828,0.050205287,0.016573837,0.056096926,0.018054299,0.63049865,0.015182618,0.06312198,0.011082835,0.07320291,0.027851252,0.0948814,0.010004079,0.16197324,0.0023885828,"TWOGAUSSIANS_WITH_ELLIPSOIDAL_ON_ECLIPSE1",9,29.928667,0.64477867,0.0070543126,0.3534831,0.062063873,0.25890616,0.019804198,0.16197324,0.0023885828,0.2811496,0.09281349,0.24585594,0.011009796
375316653866487564,4535009998811991296,0.6055475,2209.380330779221,1.9608590491829014,7.549053E-6,16.21852,0.005263183,0.22116943,0.0023358196,0.07450399,0.0024259563,0.4837644,0.0074662445,0.73560935,0.0032737122,0.068008415,0.003016058,0.19694445,0.008844326,null,null,null,null,"TWOGAUSSIANS",8,36.29179,0.22116943,0.0023358196,0.4,0.0,0.4828387,0.0073168557,0.73560935,0.0032737122,0.38084713,0.016889924,0.19601871,0.008763577
375316653866487564,4535011785528019712,0.42451757,2249.298270983546,2.21840329420738,1.276494E-4,16.70157,0.0076731183,0.30846816,0.013980147,0.05677671,0.014151247,0.18770905,0.02915285,null,null,null,null,null,null,null,null,null,null,"ONEGAUSSIAN",5,169.81245,0.30846816,0.013980147,0.3179496,0.07924699,0.18770905,0.0,null,null,null,null,null,null
375316653866487564,4535013361774550016,0.54305905,2241.8750727971374,0.9292474151831317,2.5718564E-5,17.846308,0.005860441,0.269074,0.015866423,0.032127112,0.009634146,1.0918646,0.8375202,0.7692897,0.0040227487,0.028637992,0.0038540731,0.21620327,0.018784044,0.026528807,0.008295278,0.269074,0.015866423,"TWOGAUSSIANS_WITH_ELLIPSOIDAL_ON_ECLIPSE1",9,8.357328,0.269074,0.015866423,0.17991182,0.053951215,1.1449223,0.83668643,0.7692897,0.0039192573,0.16037276,0.02158281,0.2692608,0.0127533525
375316653866487564,4535013434786796928,0.5343271,2258.2671135133173,0.23349418642914213,4.7227724E-5,17.979252,0.0018350338,0.5288672,0.0012619563,0.005577263,0.001848067,0.69680536,12.125632,null,null,null,null,null,null,null,null,null,null,"ONEGAUSSIAN",5,3.115029,0.5288672,0.0012619563,0.031232672,0.010349175,0.69680536,0.0,null,null,null,null,null,null
375316653866487564,4535015148477981952,0.54478467,2237.4198069430163,3.3564747122197938,1.2270562E-5,16.780611,0.02474892,0.22156943,0.010271316,0.039993137,0.012358782,0.38943094,0.047111627,0.7364839,0.0073415134,0.06845325,0.028477265,0.11163612,0.04303334,0.06523643,0.02221821,0.7364839,0.0073415134,"TWOGAUSSIANS_WITH_ELLIPSOIDAL_ON_ECLIPSE2",9,29.69981,0.22216943,0.009557409,0.22396158,0.06920918,0.51866806,0.02477154,0.7364839,0.0073415134,0.3833382,0.09161533,0.24196966,0.011770649
375316653866487564,4535016733330398336,0.4601685,2225.508545533682,0.6290105252604089,5.9568458E-5,13.555925,0.0028718752,0.21274969,0.0010842925,0.014819831,0.0034903234,0.13102299,0.023410484,0.724357,0.020916581,0.05811719,0.059248958,0.008968448,0.012461983,0.012886621,0.0035805583,0.724357,0.020916581,"TWOGAUSSIANS_WITH_ELLIPSOIDAL_ON_ECLIPSE2",9,315.64114,0.21278968,0.0010415891,0.08299105,0.01954581,0.15665898,0.027302839,0.724357,0.020916581,0.32545626,0.30924803,0.03474081,0.011979772
375316653866487564,4535022059090324864,0.45732448,2237.6990566813865,1.7849255159063198,2.1280059E-5,19.277838,0.012137436,0.17759454,0.008855428,0.046127252,0.0048540025,0.40889442,0.040024653,0.66327477,0.004533958,0.03193552,0.012045697,0.164375,0.021782061,null,null,null,null,"TWOGAUSSIANS",8,11.178464,0.17759454,0.008855428,0.2583126,0.027182413,0.40889442,0.040024653,0.66327477,0.004533958,0.17883892,0.06745591,0.164375,0.021782069
375316653866487564,4535023536551202816,0.44580537,2228.5016804028596,2.0133717699778697,2.7049726E-5,19.85405,0.012282778,0.20193435,0.009287715,0.020348174,0.007333046,0.43479446,0.15187328,0.68920994,0.010432527,0.04297578,0.008288037,0.21413541,0.029363368,null,null,null,null,"TWOGAUSSIANS",8,4.8997374,0.20193435,0.009287715,0.113949776,0.041065056,0.43479446,0.15187328,0.68920994,0.010432527,0.24066436,0.046413008,0.21413541,0.029363368
375316653866487564,4535024837927128448,0.53871864,2257.747137424183,2.7700034744905833,1.1553249E-5,17.865992,0.012586561,0.26135913,0.0028238057,0.088526845,0.006004134,0.2258448,0.013787841,0.76470053,0.0050208834,0.088403314,0.008034772,0.28175795,0.013502917,null,null,null,null,"TWOGAUSSIANS",8,5.416371,0.76470053,0.0050208834,0.4,0.0,0.27294648,0.012565181,0.26135913,0.0028238057,0.4,0.0,0.21703333,0.011475866
375316653866487564,4535028205182851328,0.55452025,2243.4331539703,3.606205962105935,8.317474E-6,18.257078,0.0071024015,0.2524096,0.002830523,0.08151271,0.0034948448,0.4096738,0.0119705135,0.75374854,0.0035314148,0.08340665,0.004503684,0.39023855,0.014203625,null,null,null,null,"TWOGAUSSIANS",8,7.879607,0.2524096,0.002830523,0.4,0.0,0.40180188,0.011863649,0.75374854,0.0035314148,0.4,0.0,0.38236663,0.014474017
375316653866487564,4535028621800366336,0.50294054,2229.728381032875,3.135332127015556,2.0393414E-5,13.965099,0.07931156,0.26393184,0.0042975605,0.24071003,0.045636125,1.8028591,0.14657202,0.76779926,0.0034639514,0.19199851,0.024740834,1.4602816,0.3542104,null,null,null,null,"TWOGAUSSIANS",8,116.61849,0.26008186,0.0038409126,0.4,0.0,0.22763975,0.003932989,0.7736592,0.0032379793,0.4,0.0,0.2032104,0.007910817
375316653866487564,4535029412074417664,0.46917123,2229.008766602856,1.5472155681177255,1.990163E-5,17.2096,0.0027804594,0.186118,0.0043556406,0.02455669,0.003985604,0.057171248,0.007863045,0.683769,0.004384584,0.027436621,0.0067812023,0.09638666,0.012116436,null,null,null,null,"TWOGAUSSIANS",8,7.4948153,0.683769,0.004384584,0.15364508,0.037974734,0.09638666,0.012116436,0.186118,0.0043556406,0.13751747,0.02231938,0.057171248,0.007863045
375316653866487564,4535030060608798720,0.5404895,2196.2928952669727,3.6564009209602624,1.0823644E-5,18.675722,0.0103760855,0.23409179,0.00379101,0.07366988,0.0053081517,0.35630524,0.024457186,0.71609914,0.0022744767,0.08220596,0.004132465,0.443555,0.020002704,null,null,null,null,"TWOGAUSSIANS",8,5.4517264,0.71609914,0.0022744767,0.4,0.0,0.44036078,0.020279454,0.23409179,0.00379101,0.4,0.0025586635,0.35311103,0.024820026
375316653866487564,4535035871705387776,0.45881692,2185.8877924061658,0.20340107746621797,2.435298E-5,17.800077,0.005746135,0.39995176,9.817839E-5,0.0027646874,2.2233E-4,1.651095,0.45148635,0.69009006,0.012929514,0.06162653,0.06571055,0.025562324,0.02900385,0.039804377,0.010108964,0.69009006,0.012929514,"TWOGAUSSIANS_WITH_ELLIPSOIDAL_ON_ECLIPSE2",9,18.130709,0.39995176,9.817839E-5,0.015482249,0.0012450479,1.6560454,0.4521589,0.69009006,0.012929514,0.3451086,0.23411724,0.10516412,0.023499755
375316653866487564,4535038513103464064,0.56397194,2267.250602046626,0.035378268905284484,5.9423037E-5,18.327925,0.001660834,0.0528147,0.002516926,0.0043187113,0.0025683488,0.49137008,1.4912685,0.86014813,0.00781161,0.02725717,0.009230715,0.04345778,0.026898423,null,null,null,null,"TWOGAUSSIANS",8,1.4548715,0.0528147,0.002516926,0.024184784,0.0143827535,0.49137008,1.4912685,0.86014813,0.00781161,0.15264016,0.051692005,0.04345778,0.026898423
375316653866487564,4535042773711258624,0.59470004,2231.196851439113,2.7873503733877345,4.245233E-6,17.888218,0.008626578,0.26259392,0.0011309545,0.08386089,0.0023805026,0.40274483,0.009228191,0.7663788,0.0027598976,0.091687866,0.0035483784,0.3577103,0.0097447485,null,null,null,null,"TWOGAUSSIANS",8,4.0419044,0.26259392,0.0011309545,0.4,0.0,0.39043963,0.007875554,0.7663788,0.0027598976,0.4,0.0,0.34540483,0.007830426
375316653866487564,4535044045021884672,0.56352323,2222.0944128922374,4.026977535180896,7.013E-6,19.488073,0.010670958,0.31971502,0.0025416259,0.04270653,0.0041108266,0.4520025,0.03270714,0.8344319,0.09788014,0.039190162,0.020780511,0.34146518,0.30143934,0.15190497,0.017680438,0.31971502,0.0025416259,"TWOGAUSSIANS_WITH_ELLIPSOIDAL_ON_ECLIPSE1",9,2.3872151,0.31971502,0.0025416259,0.23915657,0.02302063,0.75581217,0.024651513,0.8344319,0.09788014,0.2194649,0.11637086,0.6426845,0.4342815
375316653866487564,4535044285540094208,0.56307936,2222.3945307729496,3.377762706805304,5.433324E-6,18.261168,0.019056262,0.27789563,0.0013896578,0.04262865,0.006075343,0.41730505,0.042632855,0.7703327,0.006065679,0.05112616,0.008320952,0.21209483,0.059965614,0.15605024,0.036407564,0.27789563,0.0013896578,"TWOGAUSSIANS_WITH_ELLIPSOIDAL_ON_ECLIPSE1",9,11.114079,0.27789563,0.0013896578,0.23872045,0.03402192,0.7294046,0.050619967,0.7720927,0.0048894677,0.2863065,0.04659733,0.52365404,0.03575018
375316653866487564,4535044839597305344,0.47149926,2240.337467950237,1.1832365648665302,4.401507E-5,19.262094,0.007572909,0.27360928,0.0025343783,0.016474282,0.014633767,0.42057925,0.25334787,0.7714729,0.0027357556,0.014185164,0.0024701997,0.26153636,0.0386389,0.022810822,0.010000202,0.27360928,0.0025343783,"TWOGAUSSIANS_WITH_ELLIPSOIDAL_ON_ECLIPSE1",9,5.5371995,0.27360928,0.0025343783,0.09225598,0.08194909,0.4662009,0.26112962,0.7714829,0.002724781,0.07943692,0.013833118,0.3071498,0.04005464
