Gaia/vari_eclipsing_binary/VariEclipsingBinary_461254-461275.csv
# %ECSV 1.0
# ---
# delimiter: ','
# meta: !!omap
# - RELEASE: Gaia DR3
# - TABLE: vari_eclipsing_binary
# - DESCRIPTION: >
#     This table describes the properties of the eclipsing binaries resulting from the variability analysis. 
# - CITATION: >
#     How to cite and acknowledge Gaia: 
#     https://gea.esac.esa.int/archive/documentation/credits.html 
# - KNOWN_ISSUES: >
#     Known issues: 
#     https://www.cosmos.esa.int/web/gaia-users/known-issues 
# - DOCUMENTATION: >
#     Tutorials and documentation: 
#     https://www.cosmos.esa.int/web/gaia-users/archive 
# datatype:
# - 
#   name: solution_id
#   datatype: int64
#   description: Solution Identifier
#   meta:
#     ucd: meta.version
# - 
#   name: source_id
#   datatype: int64
#   description: Unique source identifier
#   meta:
#     ucd: meta.id;meta.main
# - 
#   name: global_ranking
#   datatype: float32
#   description: Number between 0 (worst) and 1 (best)
#   meta:
#     ucd: stat.param
# - 
#   name: reference_time
#   datatype: float64
#   unit: d
#   description: Reference time used for the geometric model fit
#   meta:
#     ucd: time.epoch
# - 
#   name: frequency
#   datatype: float64
#   unit: d**-1
#   description: Frequency of geometric model of the eclipsing binary light curve
#   meta:
#     ucd: src.orbital
# - 
#   name: frequency_error
#   datatype: float32
#   unit: d**-1
#   description: "Uncertainty of \\texttt{frequency}"
#   meta:
#     ucd: stat.error
# - 
#   name: geom_model_reference_level
#   datatype: float32
#   unit: mag
#   description: Magnitude reference level of geometric model
#   meta:
#     ucd: phot.mag;em.opt
# - 
#   name: geom_model_reference_level_error
#   datatype: float32
#   unit: mag
#   description: "Uncertainty of \\texttt{geomModelReferenceLevel}"
#   meta:
#     ucd: stat.error;phot.mag;em.opt
# - 
#   name: geom_model_gaussian1_phase
#   datatype: float32
#   description: Phase of the Gaussian 1 component
#   meta:
#     ucd: time.phase
# - 
#   name: geom_model_gaussian1_phase_error
#   datatype: float32
#   description: "Uncertainty of \\texttt{geomModelGaussian1Phase}"
#   meta:
#     ucd: stat.error;time.phase
# - 
#   name: geom_model_gaussian1_sigma
#   datatype: float32
#   description: "Standard deviation [phase] of Gaussian 1 component"
#   meta:
#     ucd: stat.stdev
# - 
#   name: geom_model_gaussian1_sigma_error
#   datatype: float32
#   description: "Uncertainty of \\texttt{geomModelGaussian1Sigma}"
#   meta:
#     ucd: stat.error
# - 
#   name: geom_model_gaussian1_depth
#   datatype: float32
#   unit: mag
#   description: Magnitude depth of Gaussian 1 component
#   meta:
#     ucd: src.var.amplitude
# - 
#   name: geom_model_gaussian1_depth_error
#   datatype: float32
#   unit: mag
#   description: "Uncertainty of \\texttt{geomModelGaussian1Depth}"
#   meta:
#     ucd: stat.error;src.var.amplitude
# - 
#   name: geom_model_gaussian2_phase
#   datatype: float32
#   description: Phase of Gaussian 2 component
#   meta:
#     ucd: time.phase
# - 
#   name: geom_model_gaussian2_phase_error
#   datatype: float32
#   description: "Uncertainty of \\texttt{geomModelGaussian2Phase}"
#   meta:
#     ucd: stat.error;time.phase
# - 
#   name: geom_model_gaussian2_sigma
#   datatype: float32
[...]
#   datatype: float32
#   description: "Secondary eclipse: uncertainty of \\texttt{derivedSecondaryEclDuration}"
#   meta:
#     ucd: stat.error;time.duration
# - 
#   name: derived_secondary_ecl_depth
#   datatype: float32
#   unit: mag
#   description: "Secondary eclipse: depth"
#   meta:
#     ucd: src.var.amplitude
# - 
#   name: derived_secondary_ecl_depth_error
#   datatype: float32
#   unit: mag
#   description: "Secondary eclipse: uncertainty of \\texttt{derivedSecondaryEclDepth}"
#   meta:
#     ucd: stat.error;src.var.amplitude
solution_id,source_id,global_ranking,reference_time,frequency,frequency_error,geom_model_reference_level,geom_model_reference_level_error,geom_model_gaussian1_phase,geom_model_gaussian1_phase_error,geom_model_gaussian1_sigma,geom_model_gaussian1_sigma_error,geom_model_gaussian1_depth,geom_model_gaussian1_depth_error,geom_model_gaussian2_phase,geom_model_gaussian2_phase_error,geom_model_gaussian2_sigma,geom_model_gaussian2_sigma_error,geom_model_gaussian2_depth,geom_model_gaussian2_depth_error,geom_model_cosine_half_period_amplitude,geom_model_cosine_half_period_amplitude_error,geom_model_cosine_half_period_phase,geom_model_cosine_half_period_phase_error,model_type,num_model_parameters,reduced_chi2,derived_primary_ecl_phase,derived_primary_ecl_phase_error,derived_primary_ecl_duration,derived_primary_ecl_duration_error,derived_primary_ecl_depth,derived_primary_ecl_depth_error,derived_secondary_ecl_phase,derived_secondary_ecl_phase_error,derived_secondary_ecl_duration,derived_secondary_ecl_duration_error,derived_secondary_ecl_depth,derived_secondary_ecl_depth_error
[from data line 621]
375316653866487564,4057365929934740480,0.4483668,2483.685317660837,3.495462313853704,1.737774E-5,18.208427,0.00879267,0.21916603,0.009137013,0.03437894,0.008819711,0.26924023,0.1415926,0.7329667,0.03280992,0.014983016,0.008856256,0.4882951,1.9023199,null,null,null,null,"TWOGAUSSIANS",8,4.0277925,0.7329667,0.03280992,0.08390489,0.049595032,0.4882951,1.9023199,0.21916603,0.009137013,0.19252205,0.049390387,0.26924023,0.1415926
375316653866487564,4057366033013691520,0.49225584,2430.402987785973,2.725544388851677,3.6765727E-5,18.752241,0.0100779245,0.28055903,0.017903049,0.072002105,0.016685294,0.19448984,0.047666375,0.7955232,0.021277668,0.05008904,0.026597627,0.36771643,0.08090722,null,null,null,null,"TWOGAUSSIANS",8,5.261426,0.7955232,0.021277668,0.28049862,0.12197801,0.36764878,0.08235656,0.28055903,0.017903049,0.4,0.06561192,0.19442219,0.047846455
375316653866487564,4057366136103228672,0.48816046,2438.5215651402914,2.53018061154131,2.200006E-5,17.611242,0.013711529,0.25657493,0.0063172313,0.08082093,0.010408139,0.25827742,0.021526478,0.7598636,0.008516025,0.097964406,0.012136112,0.21615396,0.02007003,null,null,null,null,"TWOGAUSSIANS",8,15.324058,0.25657493,0.0063172313,0.4,0.0,0.24942882,0.0222474,0.7598636,0.008516025,0.4,0.0,0.2073044,0.020213846
375316653866487564,4057366166141387008,0.63766086,2429.9966818115936,1.9270124108935882,2.5918553E-6,15.47604,0.004408426,0.21794765,0.0051858677,0.05148666,0.005278587,0.038294263,0.01211525,0.7136364,0.0012335724,0.05354917,0.002109525,0.24257994,0.010244657,0.012569216,0.0059444336,0.21794765,0.0051858677,"TWOGAUSSIANS_WITH_ELLIPSOIDAL_ON_ECLIPSE1",9,11.20377,0.71373636,0.0012052753,0.29987535,0.01181334,0.267697,0.0043744226,0.21794765,0.0051858677,0.28832528,0.029560087,0.06342934,0.005209768
375316653866487564,4057366239247715328,0.43590266,2492.1367570095254,0.659434565047426,2.6045422E-5,16.09402,0.0022014342,0.14686027,0.012654346,0.03814143,0.012743248,0.07928343,0.057689093,0.63383377,0.018743018,0.027047204,0.0050794217,0.6162216,0.33313355,null,null,null,null,"TWOGAUSSIANS",8,4.6136518,0.63383377,0.018743018,0.15146434,0.028444763,0.6162216,0.33313355,0.14686027,0.012654346,0.21359201,0.07136218,0.07928343,0.057689093
375316653866487564,4057366372299882624,0.5124391,2404.5465718166165,2.386428888974353,1.5048453E-5,17.486534,0.012974915,0.27514014,0.007614136,0.06885984,0.008480274,0.25693032,0.015795175,0.7651449,0.003476533,0.10698886,0.006595905,0.41433367,0.023614451,null,null,null,null,"TWOGAUSSIANS",8,24.37193,0.7651449,0.003476533,0.4,0.0,0.40432537,0.024962576,0.27515015,0.007625445,0.3856151,0.04392274,0.24693839,0.012950876
375316653866487564,4057366582788672128,0.51482326,2395.0163951620834,2.131385945865975,3.5476904E-5,18.709448,0.021329727,0.3105775,0.0067585707,0.09774131,0.014458355,0.22040945,0.025218349,0.78843415,0.007480279,0.08834481,0.014020562,0.24340244,0.04562255,null,null,null,null,"TWOGAUSSIANS",8,2.9117966,0.78843415,0.007480279,0.4,0.0,0.23440476,0.047973584,0.3105775,0.0067585707,0.4,0.0,0.21141033,0.023925774
375316653866487564,4057366617130816000,0.4448711,2396.3730650290127,3.323220586962046,3.0602532E-5,17.721441,0.009894455,0.21298832,0.006086763,0.028721236,0.040622514,0.07419541,0.067077436,0.72266847,0.030660966,0.028544502,0.02317899,0.04043711,0.06024852,0.057095177,0.017450746,0.21298832,0.006086763,"TWOGAUSSIANS_WITH_ELLIPSOIDAL_ON_ECLIPSE1",9,7.31211,0.21298832,0.006086763,0.16083892,0.22748609,0.18838575,0.078295596,0.72266847,0.030120842,0.15984921,0.12980236,0.15420556,0.05141082
375316653866487564,4057366651490269312,0.5683612,2401.2674377722783,2.6384514102325776,7.635775E-6,17.932348,0.014202305,0.2708195,0.0018561742,0.052803922,0.00797972,0.3827165,0.059591293,0.7686576,0.012809856,0.04595554,0.008662852,0.27479962,0.03953084,0.10761395,0.018604225,0.2708195,0.0018561742,"TWOGAUSSIANS_WITH_ELLIPSOIDAL_ON_ECLIPSE1",9,10.591911,0.2708195,0.0018561742,0.29570195,0.04468643,0.5979387,0.071795925,0.7689076,0.011630469,0.257351,0.048511975,0.4899867,0.027026806
375316653866487564,4057366823288346240,0.46706954,2527.9389955626925,2.6674364174311505,5.017226E-5,18.803999,0.02477802,0.2935624,0.0098783905,0.07269962,0.014214044,0.40766993,0.04768526,0.81020653,0.009482143,0.03640204,0.012124591,0.13379337,0.041923042,null,null,null,null,"TWOGAUSSIANS",8,4.335116,0.2935624,0.0098783905,0.4,0.014324815,0.40766275,0.047740377,0.81020653,0.009482143,0.20385142,0.06789771,0.1337862,0.041890003
375316653866487564,4057366995087567360,0.43712437,2463.2222780780007,2.164656843110097,7.454853E-5,18.661089,0.029128449,0.12706716,0.011687394,0.065238245,0.0161475,0.1942224,0.02583854,0.61390585,0.024448914,0.101409346,0.029135203,0.1848553,0.040054977,null,null,null,null,"TWOGAUSSIANS",8,3.2340484,0.12706716,0.01168769,0.36533415,0.06663254,0.19102226,0.018600821,0.61390585,0.024448914,0.4,0.0,0.18165283,0.037927467
375316653866487564,4057367338683502720,0.44344822,2508.9688820403558,0.2642989279100036,2.937288E-5,18.193375,0.01440059,0.26679996,0.0022611562,0.01655373,0.0036527065,0.22467624,0.04075467,0.8019602,0.03890566,0.03452005,0.02388236,0.053800616,0.034831323,0.025506647,0.023555458,0.26679996,0.0022611562,"TWOGAUSSIANS_WITH_ELLIPSOIDAL_ON_ECLIPSE1",9,9.626848,0.26679996,0.0022611562,0.092700884,0.020455156,0.27568945,0.05179893,0.8019602,0.03890566,0.19331227,0.13374121,0.10236436,0.03339533
375316653866487564,4057367373043187456,0.44904014,2499.542931738624,0.742062658556108,8.200206E-5,18.797333,0.015328829,0.7113265,0.020442633,0.096157,0.04171204,0.06445763,0.018330578,0.49708238,8.778361E-4,0.02015602,0.0014801896,2.7250211,1.2437313,null,null,null,null,"TWOGAUSSIANS",8,4.589964,0.49710238,8.72262E-4,0.11287372,0.008289062,2.7304087,1.2527345,0.7113265,0.020442633,0.4,0.0,0.064457454,0.018337086
375316653866487564,4057367441762937216,0.5009192,2417.545004135865,3.516799160545351,2.7409369E-5,17.583912,0.9624265,0.16948353,0.0073651606,0.14448963,0.04425407,0.5020021,0.6273766,0.6605277,0.0069765314,0.1853793,0.13610771,0.5175716,0.9429446,null,null,null,null,"TWOGAUSSIANS",8,8.013268,0.17182353,0.003412363,0.4,0.0,0.22231065,0.01421426,0.6605277,0.0069765314,0.4,0.0,0.21295598,0.01440628
375316653866487564,4057367510501858816,0.44911498,2484.3784000762744,0.34621204975522374,3.135946E-5,19.26727,0.029834589,0.37262315,0.0016368023,0.026555648,0.0034533388,0.47649688,0.060270526,0.6928069,0.044296283,0.049609233,0.042052723,0.10950797,0.082008876,null,null,null,null,"TWOGAUSSIANS",8,4.042741,0.37262315,0.0016368023,0.14871162,0.019338697,0.47649688,0.060270496,0.6928069,0.044296283,0.2778117,0.23549525,0.10950797,0.082008876
375316653866487564,4057367677969661696,0.6073398,2422.9706242120783,0.4508544247640057,2.6171108E-5,12.592652,0.0034548047,0.18355234,0.0034161245,0.042783294,0.004463731,0.06815416,0.009692585,0.6674725,0.004117962,0.052009735,0.0028690295,0.5687623,0.07093251,0.007747947,0.006915074,0.18355234,0.0034161245,"TWOGAUSSIANS_WITH_ELLIPSOIDAL_ON_ECLIPSE1",9,167.97507,0.6675625,0.004073566,0.29125452,0.016066566,0.58410025,0.072988085,0.18355234,0.0034161245,0.23958646,0.024996892,0.08364883,0.0063974317
375316653866487564,4057367716641328256,0.4385963,2524.886258917796,1.3208612566832059,1.5132148E-4,18.651554,0.037501726,0.29024118,0.019075481,0.108762145,0.026765943,0.15874551,0.047561765,0.7646123,0.029702969,0.10194633,0.049185988,0.050829273,0.038963832,null,null,null,null,"TWOGAUSSIANS",8,3.544025,0.29024118,0.019036647,0.4,0.0,0.15082435,0.025322538,0.7646123,0.029702969,0.4,0.0,0.0429201,0.018930508
375316653866487564,4057367785435165056,0.4362035,2460.5345535050487,1.9876079473460628,3.93644E-5,18.559837,0.038677763,0.115700856,0.0020005957,0.030243833,0.004289524,2.7127635,2.4554038,0.63211757,0.016281134,0.10116351,0.0354547,0.29761738,0.104488,null,null,null,null,"TWOGAUSSIANS",8,6.8607006,0.115700856,0.0020005957,0.16936547,0.024021335,2.7124145,2.4558406,0.63211757,0.016281134,0.4,0.0,0.2972643,0.1058648
375316653866487564,4057367854079797504,0.45370904,2477.523403290768,2.404182319989543,1.6332828E-4,18.753798,0.018649396,0.24544299,0.006924448,0.04312769,0.008037551,0.26660535,0.03323422,0.8559549,0.05799311,0.049230978,0.05414333,0.12840208,0.032213308,null,null,null,null,"TWOGAUSSIANS",8,3.892191,0.24544299,0.006924448,0.24151507,0.045010284,0.26660535,0.033152957,0.8559549,0.05799311,0.27569348,0.13912448,0.12840208,0.032431517
375316653866487564,4057367884128564096,0.43540555,2493.905506030081,1.3289905464536234,1.6429962E-5,18.26395,0.006190933,0.24395886,0.0016139237,0.037297633,0.0044386447,1.2244052,1.2834401,0.80153745,0.029975476,0.01325098,0.029223062,0.08727084,0.037979238,null,null,null,null,"TWOGAUSSIANS",8,3.0216591,0.24395886,0.0016139237,0.20886675,0.02485641,1.2244052,1.2834401,0.80153745,0.029975476,0.07420549,0.16364914,0.08727084,0.037979238
375316653866487564,4057367884137304832,0.47087497,2445.655746268377,1.9613578812763293,5.0750205E-6,17.993105,0.022909548,0.28202003,0.03816747,0.13189998,0.0484869,0.06259043,0.025302678,0.7705174,0.001888047,0.034157317,0.0045063146,0.2083758,0.01564788,null,null,null,null,"TWOGAUSSIANS",8,2.2391298,0.7705174,0.001888047,0.19128096,0.025235362,0.20737463,0.011650323,0.28202003,0.03816747,0.4,0.0,0.061489534,0.020259986
375316653866487564,4057367888439399040,0.45665088,2452.8780336246095,1.8956812670639775,6.2834166E-5,18.90954,0.030266946,0.22551729,0.022254195,0.10104984,0.033444356,0.08796949,0.033147294,0.70529395,0.015366595,0.025381558,0.028824482,0.30108494,0.050047588,null,null,null,null,"TWOGAUSSIANS",8,2.7810898,0.70529395,0.015366595,0.14213672,0.1614171,0.30104822,0.05291873,0.22551729,0.022254195,0.4,0.0,0.08793152,0.030485319
375316653866487564,4057368060254093824,0.43940255,2457.9116971223625,1.0615413546224732,4.0560313E-5,18.545477,0.008765763,0.28336984,0.0029873406,0.030726636,0.0070598833,0.19322123,0.0663422,0.6236216,0.012074075,0.067092985,0.012178315,0.37415856,0.1310585,null,null,null,null,"TWOGAUSSIANS",8,6.9771714,0.6236216,0.012074075,0.37572074,0.0532966,0.37415856,0.1310585,0.28336984,0.0029873406,0.17206916,0.039535347,0.19322221,0.066341475
375316653866487564,4057368094598298368,0.42395136,2474.6027698328894,4.146731554053902,4.601314E-5,18.809933,0.0199461,0.27617165,0.038517457,0.07118758,0.023582416,0.17663078,0.0643713,0.74595094,0.022831744,0.094650075,0.024562208,0.16118968,0.032073077,null,null,null,null,"TWOGAUSSIANS",8,4.232614,0.27617165,0.038517326,0.39865044,0.09031498,0.17463383,0.05360972,0.74595094,0.022831744,0.4,0.0,0.15919198,0.030509897
375316653866487564,4057368124646729088,0.59494066,2415.203356077046,1.9683603412291175,9.190538E-6,16.215206,0.029673694,0.231159,0.0027155844,0.11527995,0.011275187,0.23862056,0.028499471,0.7327531,0.0038564322,0.11103493,0.011562132,0.2639297,0.028859798,null,null,null,null,"TWOGAUSSIANS",8,7.562778,0.7327531,0.0038695673,0.4,0.0,0.22099529,0.0063854726,0.231159,0.0027190817,0.4,0.0,0.19566774,0.005772447
375316653866487564,4057368232037241600,0.47246903,2395.6638673521884,0.10614884827882586,2.5822334E-5,19.399918,0.006866733,0.2057309,0.045494962,0.04244866,0.02428747,0.11048789,0.032253463,0.6474815,0.01213716,0.07648894,0.009469776,0.17530404,0.015247283,null,null,null,null,"TWOGAUSSIANS",8,1.1998252,0.6474815,0.01213716,0.4,0.0,0.17529935,0.015238221,0.2057309,0.045494962,0.2377125,0.13600983,0.11048321,0.032261714
375316653866487564,4057368266472019072,0.4330178,2453.2315292800404,3.6422513844373157,1.3594293E-4,18.083065,0.020632455,0.061023805,0.0101578105,0.03221305,0.009295348,0.06491006,0.021908183,0.47449622,0.0150932735,0.17412342,0.04621237,0.14061344,0.019229556,null,null,null,null,"TWOGAUSSIANS",8,3.2985964,0.47449622,0.0150932735,0.4,0.0,0.1355709,0.023868687,0.062743805,0.010894778,0.18039308,0.05205395,0.06882794,0.022684868
375316653866487564,4057368472555769856,0.56648195,2466.335707861422,2.2080504873773306,7.4397385E-6,15.16991,0.0063205683,0.26407772,0.0027685647,0.04228526,0.0070879757,0.19234265,0.028595868,0.76631635,0.010280684,0.07025155,0.0077463905,0.1496973,0.026892642,0.13756216,0.012185924,0.26407772,0.0027685647,"TWOGAUSSIANS_WITH_ELLIPSOIDAL_ON_ECLIPSE1",9,14.974492,0.26407772,0.0027685647,0.23679747,0.039692663,0.46723267,0.025540506,0.76631635,0.009077924,0.39340866,0.035160944,0.42453292,0.01865891
375316653866487564,4057368472555840640,0.43482777,2511.8010171392884,2.181268724214962,1.4106183E-4,18.312754,0.0065134875,0.5029168,0.0039563174,0.028395455,0.0029492625,0.18938471,0.024523396,0.8021204,0.08409031,0.036655832,0.047797024,0.074748695,0.113289,null,null,null,null,"TWOGAUSSIANS",8,4.1004906,0.5029168,0.0039563174,0.15901455,0.01651587,0.18938471,0.024523398,0.8021204,0.08409031,0.20527266,0.26766333,0.074748695,0.113289
375316653866487564,4057368609995322752,0.4403065,2457.5945099827372,0.6723733023590296,5.2496674E-5,18.253054,0.0072398726,0.18059441,0.029280685,0.033041537,0.06703015,0.021104481,1.27828394E14,0.68287885,0.03511466,0.04424136,0.041038774,0.06799456,0.0385342,0.02603299,0.014935574,0.18059441,0.029280685,"TWOGAUSSIANS_WITH_ELLIPSOIDAL_ON_ECLIPSE1",9,4.9691005,0.68287885,0.03372595,0.24775161,0.22981714,0.12004975,0.03829094,0.18059441,0.029280685,0.1850326,0.3753688,0.0731704,1.27828394E14
375316653866487564,4057368747502609280,0.58889437,2431.8879718572657,2.8818135038329444,8.715418E-6,17.165165,0.009694809,0.28285757,0.0018427222,0.05544915,0.009500332,0.13926764,0.019999199,0.77707666,0.011618779,0.029934008,0.0136394575,0.09045383,0.030630792,0.09812117,0.012139994,0.28285757,0.0018427222,"TWOGAUSSIANS_WITH_ELLIPSOIDAL_ON_ECLIPSE1",9,7.766625,0.28285757,0.0018427222,0.31051525,0.05320186,0.3355043,0.011360695,0.77784663,0.010595473,0.16763043,0.07638096,0.28646612,0.029430307
375316653866487564,4057368777481856000,0.64977735,2446.4393506559904,2.234848777085931,6.2414856E-6,15.845495,0.006338929,0.2512834,0.001654639,0.08984769,0.0034538433,0.44222203,0.008580979,0.74870956,0.001231884,0.098224185,0.00216364,0.35922256,0.0069006667,null,null,null,null,"TWOGAUSSIANS",8,11.560281,0.2512834,0.001654639,0.4,0.0,0.41995513,0.010434154,0.74870956,0.001231884,0.4,0.0,0.33695412,0.0042223143
375316653866487564,4057368884872799488,0.45388383,2539.5098746287017,0.6658310228990004,6.8231355E-5,18.495996,0.014839266,0.24616404,0.0057138084,0.050600782,0.0065078787,0.52512497,0.07028334,0.72188586,0.019967137,0.03376011,0.012010867,0.34308928,0.0357098,null,null,null,null,"TWOGAUSSIANS",8,5.1891785,0.24616404,0.0057138084,0.2833644,0.03644412,0.52512497,0.07028335,0.72188586,0.019967137,0.18905662,0.067260854,0.34308928,0.035708934
375316653866487564,4057368953592580736,0.48091272,2485.4781267128237,0.3861308096973518,1.1003618E-4,18.659435,0.010147974,0.17466213,0.014951977,0.049050193,0.013327284,0.311453,0.13187815,0.5987477,0.035038207,0.022810591,0.015580198,0.37863356,1.3583119,null,null,null,null,"TWOGAUSSIANS",8,3.2497575,0.5987477,0.035038207,0.12773931,0.08724911,0.37863356,1.3583119,0.17466213,0.014951977,0.2746811,0.07463279,0.311453,0.13187815
375316653866487564,4057369189798784768,0.51460594,2410.3459753326692,2.97457199813165,1.6036662E-5,16.437717,0.063085146,0.27201328,0.0036877566,0.11610688,0.019771855,0.3222573,0.055486187,0.76821196,0.0021953802,0.11446714,0.016173167,0.38248903,0.05184182,null,null,null,null,"TWOGAUSSIANS",8,17.373428,0.76821196,0.0021953802,0.4,0.0,0.31813514,0.014864184,0.27202326,0.0036918283,0.4,0.0,0.25789788,0.030410863
