Gaia/vari_eclipsing_binary/VariEclipsingBinary_656667-656981.csv
# %ECSV 1.0
# ---
# delimiter: ','
# meta: !!omap
# - RELEASE: Gaia DR3
# - TABLE: vari_eclipsing_binary
# - DESCRIPTION: >
#     This table describes the properties of the eclipsing binaries resulting from the variability analysis. 
# - CITATION: >
#     How to cite and acknowledge Gaia: 
#     https://gea.esac.esa.int/archive/documentation/credits.html 
# - KNOWN_ISSUES: >
#     Known issues: 
#     https://www.cosmos.esa.int/web/gaia-users/known-issues 
# - DOCUMENTATION: >
#     Tutorials and documentation: 
#     https://www.cosmos.esa.int/web/gaia-users/archive 
# datatype:
# - 
#   name: solution_id
#   datatype: int64
#   description: Solution Identifier
#   meta:
#     ucd: meta.version
# - 
#   name: source_id
#   datatype: int64
#   description: Unique source identifier
#   meta:
#     ucd: meta.id;meta.main
# - 
#   name: global_ranking
#   datatype: float32
#   description: Number between 0 (worst) and 1 (best)
#   meta:
#     ucd: stat.param
# - 
#   name: reference_time
#   datatype: float64
#   unit: d
#   description: Reference time used for the geometric model fit
#   meta:
#     ucd: time.epoch
# - 
#   name: frequency
#   datatype: float64
#   unit: d**-1
#   description: Frequency of geometric model of the eclipsing binary light curve
#   meta:
#     ucd: src.orbital
# - 
#   name: frequency_error
#   datatype: float32
#   unit: d**-1
#   description: "Uncertainty of \\texttt{frequency}"
#   meta:
#     ucd: stat.error
# - 
#   name: geom_model_reference_level
#   datatype: float32
#   unit: mag
#   description: Magnitude reference level of geometric model
#   meta:
#     ucd: phot.mag;em.opt
# - 
#   name: geom_model_reference_level_error
#   datatype: float32
#   unit: mag
#   description: "Uncertainty of \\texttt{geomModelReferenceLevel}"
#   meta:
#     ucd: stat.error;phot.mag;em.opt
# - 
#   name: geom_model_gaussian1_phase
#   datatype: float32
#   description: Phase of the Gaussian 1 component
#   meta:
#     ucd: time.phase
# - 
#   name: geom_model_gaussian1_phase_error
#   datatype: float32
#   description: "Uncertainty of \\texttt{geomModelGaussian1Phase}"
#   meta:
#     ucd: stat.error;time.phase
# - 
#   name: geom_model_gaussian1_sigma
#   datatype: float32
#   description: "Standard deviation [phase] of Gaussian 1 component"
#   meta:
#     ucd: stat.stdev
# - 
#   name: geom_model_gaussian1_sigma_error
#   datatype: float32
#   description: "Uncertainty of \\texttt{geomModelGaussian1Sigma}"
#   meta:
#     ucd: stat.error
# - 
#   name: geom_model_gaussian1_depth
#   datatype: float32
#   unit: mag
#   description: Magnitude depth of Gaussian 1 component
#   meta:
#     ucd: src.var.amplitude
# - 
#   name: geom_model_gaussian1_depth_error
#   datatype: float32
#   unit: mag
#   description: "Uncertainty of \\texttt{geomModelGaussian1Depth}"
#   meta:
#     ucd: stat.error;src.var.amplitude
# - 
#   name: geom_model_gaussian2_phase
#   datatype: float32
#   description: Phase of Gaussian 2 component
#   meta:
#     ucd: time.phase
# - 
#   name: geom_model_gaussian2_phase_error
#   datatype: float32
#   description: "Uncertainty of \\texttt{geomModelGaussian2Phase}"
#   meta:
#     ucd: stat.error;time.phase
# - 
#   name: geom_model_gaussian2_sigma
#   datatype: float32
[...]
#   datatype: float32
#   description: "Secondary eclipse: uncertainty of \\texttt{derivedSecondaryEclDuration}"
#   meta:
#     ucd: stat.error;time.duration
# - 
#   name: derived_secondary_ecl_depth
#   datatype: float32
#   unit: mag
#   description: "Secondary eclipse: depth"
#   meta:
#     ucd: src.var.amplitude
# - 
#   name: derived_secondary_ecl_depth_error
#   datatype: float32
#   unit: mag
#   description: "Secondary eclipse: uncertainty of \\texttt{derivedSecondaryEclDepth}"
#   meta:
#     ucd: stat.error;src.var.amplitude
solution_id,source_id,global_ranking,reference_time,frequency,frequency_error,geom_model_reference_level,geom_model_reference_level_error,geom_model_gaussian1_phase,geom_model_gaussian1_phase_error,geom_model_gaussian1_sigma,geom_model_gaussian1_sigma_error,geom_model_gaussian1_depth,geom_model_gaussian1_depth_error,geom_model_gaussian2_phase,geom_model_gaussian2_phase_error,geom_model_gaussian2_sigma,geom_model_gaussian2_sigma_error,geom_model_gaussian2_depth,geom_model_gaussian2_depth_error,geom_model_cosine_half_period_amplitude,geom_model_cosine_half_period_amplitude_error,geom_model_cosine_half_period_phase,geom_model_cosine_half_period_phase_error,model_type,num_model_parameters,reduced_chi2,derived_primary_ecl_phase,derived_primary_ecl_phase_error,derived_primary_ecl_duration,derived_primary_ecl_duration_error,derived_primary_ecl_depth,derived_primary_ecl_depth_error,derived_secondary_ecl_phase,derived_secondary_ecl_phase_error,derived_secondary_ecl_duration,derived_secondary_ecl_duration_error,derived_secondary_ecl_depth,derived_secondary_ecl_depth_error
[from data line 72]
375316653866487564,5776816156551887872,0.53855395,2251.0007614511132,1.8287203160746248,7.608914E-6,18.629396,0.0042068656,0.2785039,0.0024197262,0.052637782,0.003494887,0.27512327,0.01446154,0.7806865,0.004391859,0.06522584,0.0058196327,0.09286712,0.0078076012,null,null,null,null,"TWOGAUSSIANS",8,1.4840709,0.2785039,0.0024197262,0.29477158,0.019571366,0.27508938,0.0144763,0.7806865,0.004391859,0.3652647,0.032589942,0.09283324,0.0078083975
375316653866487564,5776838597759567360,0.48416778,2267.843515451601,2.732240148079896,2.4657254E-5,11.972049,0.10108411,0.26829353,0.00629078,0.11876784,0.03558097,0.17612615,0.09740308,0.76474094,0.008055508,0.1234734,0.05291293,0.14406094,0.09905877,null,null,null,null,"TWOGAUSSIANS",8,719.0892,0.26831353,0.0062867114,0.4,0.0,0.1396431,0.0124226725,0.76474094,0.008075789,0.4,0.0,0.10754848,0.009823849
375316653866487564,5776838906997223936,0.5861013,2260.2227427310304,2.333353634937184,7.044891E-6,16.423906,0.011729318,0.2030668,0.0023039193,0.100924045,0.0046490566,0.20740683,0.012291016,0.7104449,0.0029351027,0.101736486,0.009897373,0.1530204,0.009880352,null,null,null,null,"TWOGAUSSIANS",8,5.4198318,0.2030668,0.0023039193,0.4,0.0,0.19193897,0.0070208292,0.7104449,0.0029351027,0.4,0.0,0.13755275,0.0069639706
375316653866487564,5776839078795907584,0.6160255,2247.2770990182735,3.3235285776882217,5.1570546E-6,16.586145,0.011051474,0.24011631,0.0023258366,0.04176264,0.0043228073,0.3256849,0.025336055,0.73581004,0.0020642865,0.050271045,0.0028321703,0.47518864,0.025411677,0.11730786,0.013665937,0.24011631,0.0023258366,"TWOGAUSSIANS_WITH_ELLIPSOIDAL_ON_ECLIPSE1",9,35.33097,0.73620003,0.0018126621,0.28151786,0.015860153,0.7096465,0.01705941,0.24011631,0.0023258366,0.23387079,0.02420772,0.56029916,0.012353536
375316653866487564,5776875809357193472,0.5817096,2218.1010741359464,0.493298109179909,3.8619955E-6,14.847574,0.00346905,0.23849349,0.007888291,0.03871206,0.009234387,0.107420094,0.029770356,0.7447212,0.0010562999,0.030635022,0.0016087085,0.40280265,0.028027194,0.010867799,0.0050508403,0.23849349,0.007888291,"TWOGAUSSIANS_WITH_ELLIPSOIDAL_ON_ECLIPSE1",9,30.38303,0.7447212,0.0010562999,0.17155613,0.009008768,0.42450497,0.031014858,0.23849349,0.007888291,0.21678753,0.05171257,0.1291557,0.029851343
375316653866487564,5776877527344112128,0.4400438,2250.5419826564907,1.4824880597293757,2.1042815E-5,18.342047,0.009003485,0.24720356,0.005311878,0.016274443,0.0055331825,0.23836222,0.097435035,0.7276101,0.009686344,0.039767236,0.008262019,0.15620102,0.06653406,null,null,null,null,"TWOGAUSSIANS",8,26.197964,0.24720356,0.005311878,0.09113688,0.030985821,0.23836222,0.097435035,0.7276101,0.009686344,0.22269653,0.046267305,0.15620102,0.06653406
375316653866487564,5776885567523715200,0.49789894,2197.8868101438798,1.2928340815973602,2.5728386E-5,15.127546,0.001122486,0.24032803,0.0136774685,0.017188022,0.008683701,0.017558524,0.008272519,0.711321,0.002027477,0.025838215,0.007794761,0.107121885,0.009196294,0.013547534,0.0018085344,0.711321,0.002027477,"TWOGAUSSIANS_WITH_ELLIPSOIDAL_ON_ECLIPSE2",9,16.995329,0.711321,0.002027477,0.144694,0.043650664,0.13421693,0.0100083705,0.23933803,0.014038521,0.096252926,0.04862873,0.043793466,0.008282946
375316653866487564,5776889209654339968,0.56553143,2255.8395548120207,3.49583083384263,7.0524925E-6,17.265078,0.0063457484,0.2743026,0.0024587603,0.056324486,0.0055931406,0.1655363,0.020200325,0.7707703,0.0033382578,0.048542947,0.008021981,0.1339274,0.017294014,0.06566159,0.010177654,0.2743026,0.0024587603,"TWOGAUSSIANS_WITH_ELLIPSOIDAL_ON_ECLIPSE1",9,6.8789225,0.2743026,0.0024587603,0.3154171,0.03132159,0.29685038,0.016131127,0.7713103,0.0025978324,0.27184048,0.044923097,0.26518676,0.022008942
375316653866487564,5776891924070100736,0.53232294,2233.2556899026617,1.0858290202677863,8.0810496E-5,19.59703,0.0075061535,0.13156731,0.00981218,0.020943388,0.009836911,0.1035411,0.09146026,0.4636627,0.031539027,0.007480094,0.010313143,0.8446748,4.5140233,null,null,null,null,"TWOGAUSSIANS",8,3.8650026,0.4636627,0.031539027,0.041888528,0.0577536,0.8446748,4.5140233,0.13156731,0.00981218,0.11728297,0.055086702,0.1035411,0.09146026
375316653866487564,5776914597202655488,0.42478758,2275.541637017217,4.50257416832325,7.6250326E-5,19.228514,0.010952233,0.23363629,0.013826986,0.13333055,0.021924185,0.14077006,0.015580168,0.49229306,0.010858212,0.0362411,0.021841006,0.10564811,0.045312956,null,null,null,null,"TWOGAUSSIANS",8,5.169174,0.23363629,0.013825108,0.4,0.0,0.1405213,0.015822528,0.49229306,0.010858212,0.20295016,0.12230963,0.12684226,0.047878318
375316653866487564,5776947861728665088,0.7046417,2275.4484109133764,0.08508294809976318,3.234594E-5,15.262018,3.5163134E-4,0.3515713,3.2966486E-7,0.007923516,5.454139E-6,0.47355556,2.858216E-4,0.5395696,0.01506672,0.016737003,0.008858727,0.0037040804,0.0014179975,null,null,null,null,"TWOGAUSSIANS",8,1.7553203,0.3515713,3.2966486E-7,0.04437169,3.054318E-5,0.47355556,2.858216E-4,0.5395696,0.01506672,0.09372722,0.04960887,0.0037040804,0.0014179975
375316653866487564,5776955936267989248,0.6743279,2205.6920030297306,0.050256043556627696,1.0010518E-6,15.549836,3.691095E-4,0.3043623,3.937695E-5,0.0023935481,2.7121536E-5,0.42633307,4.2311786E-4,null,null,null,null,null,null,null,null,null,null,"ONEGAUSSIAN",5,2.1029406,0.3043623,3.937695E-5,0.013403869,1.518806E-4,0.42633307,0.0,null,null,null,null,null,null
375316653866487564,5776961536904089600,0.6479774,2205.1387498136055,0.866471084864451,4.89499E-6,9.924168,0.0016570925,0.3434015,5.430802E-4,0.03890726,4.9237115E-4,0.3972552,0.0049300888,0.8408144,0.004365014,0.03451347,0.0032701506,0.054837067,0.004069718,0.0090418225,0.0029991635,0.3434015,5.430802E-4,"TWOGAUSSIANS_WITH_ELLIPSOIDAL_ON_ECLIPSE1",9,56.769894,0.3434015,5.430802E-4,0.21788065,0.0027572783,0.4153388,0.0032914237,0.84089446,0.0042474624,0.19327544,0.018312844,0.072916046,0.0031389145
375316653866487564,5776975005921597952,0.569383,2200.6716380193093,0.9529456711771701,1.4395357E-5,13.984373,0.0043631126,0.28245473,0.004000638,0.03457024,0.002476224,0.15115546,0.013575294,0.7758689,0.0020797455,0.03322252,0.0017080271,0.561745,0.026367689,0.024808425,0.0061336895,0.7758689,0.0020797455,"TWOGAUSSIANS_WITH_ELLIPSOIDAL_ON_ECLIPSE2",9,66.13408,0.7758689,0.0020797455,0.1860461,0.009564952,0.6113618,0.025066197,0.28225473,0.0038636294,0.19359334,0.013866854,0.2006899,0.009454621
375316653866487564,5776982221466787456,0.547058,2197.063008050212,3.776246675709551,1.5657386E-5,15.555405,0.0063552917,0.8018503,0.03726798,0.07964043,0.02700096,0.041445617,0.010492798,0.5152494,0.0036812855,0.062560424,0.0032727742,0.4813146,0.012768366,null,null,null,null,"TWOGAUSSIANS",8,102.46557,0.51526934,0.0036535931,0.3503384,0.018327536,0.48137772,0.012795399,0.8017003,0.037724365,0.4,0.062030256,0.041458227,0.010481532
375316653866487564,5776993903776918016,0.604451,2229.062514006788,2.4720676163052757,2.3513117E-6,14.545114,0.018036699,0.26634666,0.00279321,0.060861383,0.005972,0.23390071,0.040208258,0.77488977,0.0018247429,0.058606017,0.005267267,0.24886124,0.04188558,0.07756605,0.02424978,0.77488977,0.0018247429,"TWOGAUSSIANS_WITH_ELLIPSOIDAL_ON_ECLIPSE2",9,140.91048,0.77488977,0.0018247429,0.3281937,0.029496698,0.40393648,0.012205784,0.26773664,0.0020403774,0.34082374,0.033443198,0.3886018,0.0116481325
375316653866487564,5776997369813020160,0.5235246,2223.462287519578,0.5907201294959781,2.7825845E-5,18.229975,0.0016733496,0.34641466,0.011711496,0.034745373,0.01762569,0.015100774,0.0043912986,0.7691428,0.0058394363,0.010363637,0.006010249,0.5609032,0.47885987,null,null,null,null,"TWOGAUSSIANS",8,1.4763074,0.7691428,0.0058394363,0.058036365,0.033657394,0.5609032,0.47885987,0.34641466,0.011711496,0.19457409,0.098703854,0.015100774,0.0043912986
375316653866487564,5777007510234134784,0.4216567,2224.5145259127853,0.0772034845385046,4.150273E-5,16.197296,0.008310087,0.131388,0.011552473,0.044007704,0.022092098,0.15061,0.09393516,0.8194676,0.02276089,0.051572025,0.031421755,0.05211595,0.015592425,0.009363398,0.010040302,0.8194676,0.02276089,"TWOGAUSSIANS_WITH_ELLIPSOIDAL_ON_ECLIPSE2",9,28.82824,0.132468,0.013441193,0.24644314,0.12371575,0.15334848,0.09423138,0.8194676,0.02276089,0.28880334,0.15071285,0.070842326,0.020513847
375316653866487564,5777032382385507840,0.61373156,2255.843036117161,0.4408097052332236,1.6886137E-4,16.086685,7.185806E-4,0.09266919,0.00713391,0.011564172,0.0059676357,0.0073174797,0.0014711756,0.6259556,0.023425149,0.023309426,0.0059720045,1.5211375,1.5980871,null,null,null,null,"TWOGAUSSIANS",8,2.5147257,0.6259556,0.023425149,0.13053279,0.033443224,1.5211375,1.5980871,0.09266919,0.00713391,0.064759366,0.03341876,0.0073174797,0.0014711756
375316653866487564,5777036333755747072,0.48182577,2242.9147026960413,3.5744466201711327,2.3791183E-5,18.649446,0.11089751,0.2260442,0.010450891,0.120824635,0.043288168,0.16511796,0.107026525,0.73547107,0.007898869,0.13116209,0.043870814,0.18761583,0.10850363,null,null,null,null,"TWOGAUSSIANS",8,2.2261221,0.7355311,0.007824186,0.4,0.0,0.14199331,0.010286231,0.22586419,0.010293028,0.4,0.0,0.11970083,0.01132889
375316653866487564,5777037471926546048,0.4783223,2183.0436777386467,3.0626762976397464,1.6611619E-5,19.611889,0.007407539,0.21987712,0.0015820686,0.035735358,0.0017860518,0.31433004,0.017647574,0.71982825,0.0037138858,0.046522606,0.0051263925,0.3661672,0.09289433,null,null,null,null,"TWOGAUSSIANS",8,3.0914557,0.71982825,0.0037138858,0.2605266,0.028707799,0.3661672,0.09289434,0.21987712,0.0015820686,0.20011799,0.01000189,0.31433004,0.017647574
375316653866487564,5777039670948732416,0.47634506,2226.798126257785,2.374316485443126,1.8569997E-5,18.521805,0.024550399,0.20597708,0.017799541,0.10760179,0.03073253,0.1392152,0.01996711,0.72611475,0.0067583034,0.103344075,0.020627022,0.14105329,0.021546273,null,null,null,null,"TWOGAUSSIANS",8,2.785664,0.7261348,0.0067743286,0.4,0.0,0.12765878,0.011002662,0.20596708,0.017787231,0.4,0.0,0.12581621,0.0073435083
375316653866487564,5777039907168537088,0.49092242,2220.4258779032098,2.4284903386749237,2.4792258E-5,19.656986,0.006820391,0.2152067,0.007169711,0.030542891,0.006775053,0.36916772,0.117642626,0.7077465,0.0034544766,0.031017266,0.0051978547,0.5966042,0.12271883,null,null,null,null,"TWOGAUSSIANS",8,3.4254928,0.7077465,0.0034544766,0.17369668,0.029107986,0.5966042,0.12271883,0.2152067,0.007169711,0.17104019,0.037940297,0.36916772,0.117642626
375316653866487564,5777050833565407616,0.5573241,2199.6953412521148,4.273045258473909,1.0003403E-5,19.089169,0.010674777,0.23325317,0.0026627588,0.046911445,0.0049913707,0.21337594,0.029982513,0.73081446,0.007552186,0.04388131,0.009195149,0.19090693,0.037378196,0.0979317,0.013250984,0.23325317,0.0026627588,"TWOGAUSSIANS_WITH_ELLIPSOIDAL_ON_ECLIPSE1",9,2.536846,0.23325317,0.0026627588,0.2627041,0.027951676,0.4092388,0.024265045,0.7311444,0.0069061513,0.24573532,0.051492833,0.38672996,0.03467208
375316653866487564,5777052895149796864,0.40812957,2210.88248409971,2.2426860304934197,6.182088E-5,18.689922,0.011963816,0.41743886,0.0131438095,0.020709604,0.022720363,0.11911612,0.07484513,0.7184617,0.02970219,0.15692101,0.035993677,0.09166546,0.01495562,null,null,null,null,"TWOGAUSSIANS",8,8.128441,0.41807887,0.011180557,0.115973786,0.12723403,0.13259214,0.078165285,0.7184617,0.02970219,0.4,0.0,0.090520926,0.0142600555
375316653866487564,5777059359078957312,0.6263382,2223.9642005192613,0.9149335242128438,2.216265E-6,16.75675,5.7895004E-4,0.4670538,4.168765E-5,0.0028336262,8.848205E-5,0.4251203,0.0030610561,0.6477703,0.072862014,0.027996363,0.06683107,0.0031554308,17489.537,0.001646448,0.0022585231,0.6477703,0.072862014,"TWOGAUSSIANS_WITH_ELLIPSOIDAL_ON_ECLIPSE2",9,1.6494558,0.4670538,4.168765E-5,0.015868308,4.9549947E-4,0.42570588,0.0030335293,0.6477703,0.072862014,0.15677963,0.374254,0.006448325,17489.54
375316653866487564,5777063860204278016,0.6409613,2214.243128091001,4.3697479824612735,3.45963E-6,15.533471,0.017102025,0.24330258,0.004150921,0.054978576,0.005837938,0.543226,0.042674992,0.7410796,0.001762953,0.050350048,0.0030945172,0.47452566,0.038246065,0.096346244,0.022330899,0.24330258,0.004150921,"TWOGAUSSIANS_WITH_ELLIPSOIDAL_ON_ECLIPSE1",9,76.108475,0.24330258,0.004150921,0.30788,0.03269245,0.7358989,0.024353385,0.7412496,0.0015797177,0.28196028,0.017329296,0.6671638,0.011481844
375316653866487564,5777066505904270464,0.5690745,2235.0065516941695,0.9645096993655415,6.275353E-6,19.666416,0.005252471,0.34056956,0.008055985,0.0074921823,0.010323658,0.27204862,0.25997773,0.4343219,1.6733844E-7,0.004123553,1.5936203E-5,1.5312581,0.0023023202,null,null,null,null,"TWOGAUSSIANS",8,1.7419012,0.4343219,1.6733844E-7,0.0230919,8.924273E-5,1.5312581,0.0023023202,0.34056956,0.008055985,0.04195622,0.057812482,0.27204862,0.25997773
375316653866487564,5777079283430016896,0.5876597,2238.0438126239064,3.4067995331150205,3.9240526E-6,18.101824,0.0064833215,0.26780608,0.0015195642,0.07693516,0.0026382015,0.296661,0.008993997,0.76222926,0.0027961174,0.07739609,0.0037762402,0.4822666,0.012614929,null,null,null,null,"TWOGAUSSIANS",8,2.6441987,0.76222926,0.0027961174,0.4,0.0,0.47873896,0.012907242,0.26780608,0.0015195642,0.4,0.0,0.29313335,0.008729044
375316653866487564,5777080520380370944,0.46557593,2217.3508484814747,0.663395761778292,7.2312696E-6,19.673437,0.0040270723,0.10878386,0.016828042,0.005438613,0.0053638266,0.324056,0.8786966,0.7803107,0.004812326,0.011923759,0.0014244894,0.6055047,0.23837811,null,null,null,null,"TWOGAUSSIANS",8,1.4794986,0.7803107,0.004812326,0.06677305,0.00797714,0.6055047,0.23837811,0.10878386,0.016828042,0.030456232,0.03003743,0.324056,0.8786966
375316653866487564,5777081521109826176,0.52980435,2229.1266055233236,3.376256656456364,1.1342166E-5,17.381401,0.0072939275,0.2197702,0.0064343386,0.085029334,0.007757321,0.11279768,0.00949203,0.73003644,0.0036532818,0.09606413,0.008105749,0.1788273,0.006924312,null,null,null,null,"TWOGAUSSIANS",8,6.177005,0.73003644,0.0036532818,0.4,0.0,0.17340995,0.006063085,0.2197702,0.0064343386,0.4,0.0,0.10738086,0.008255494
375316653866487564,5777086602054328320,0.42576542,2230.506565703417,0.051799747909603615,1.1162866E-4,19.15819,0.01697652,0.3469521,0.0142797,0.10057193,0.017417556,0.19700018,0.022224177,0.83095443,0.00946055,0.061494138,0.014623196,0.18248387,0.07325799,null,null,null,null,"TWOGAUSSIANS",8,7.97947,0.3469521,0.0142797,0.4,0.0,0.19466694,0.021073818,0.83095443,0.00946055,0.34436718,0.0818899,0.18015285,0.0742775
375316653866487564,5777095054550161792,0.46621075,2218.397775714698,1.6436231664611058,4.1022882E-5,19.495937,0.009585589,0.1388738,0.011861939,0.01598698,0.005419406,0.44591403,0.16904177,0.6300369,0.029100541,0.042098783,0.01576634,0.110447936,0.04713646,null,null,null,null,"TWOGAUSSIANS",8,6.212606,0.1388738,0.011861939,0.08952709,0.030348673,0.44591403,0.16904177,0.6300369,0.029100541,0.2357532,0.088291496,0.110447936,0.04713646
375316653866487564,5777100625124765824,0.5633213,2199.458092201174,2.576009206948916,5.481116E-6,14.059524,0.4044455,0.23139052,0.003068826,0.17444532,0.08037071,0.28642994,0.39423805,0.7350461,0.0029346214,0.14500251,0.033135448,0.2726443,0.3056807,null,null,null,null,"TWOGAUSSIANS",8,48.305008,0.23108053,0.0030654331,0.4,0.0,0.12711668,0.005636982,0.7358061,0.0022863771,0.4,0.0,0.121337414,0.004832702
