Gaia/vari_eclipsing_binary/VariEclipsingBinary_208002-208052.csv
# %ECSV 1.0
# ---
# delimiter: ','
# meta: !!omap
# - RELEASE: Gaia DR3
# - TABLE: vari_eclipsing_binary
# - DESCRIPTION: >
#     This table describes the properties of the eclipsing binaries resulting from the variability analysis. 
# - CITATION: >
#     How to cite and acknowledge Gaia: 
#     https://gea.esac.esa.int/archive/documentation/credits.html 
# - KNOWN_ISSUES: >
#     Known issues: 
#     https://www.cosmos.esa.int/web/gaia-users/known-issues 
# - DOCUMENTATION: >
#     Tutorials and documentation: 
#     https://www.cosmos.esa.int/web/gaia-users/archive 
# datatype:
# - 
#   name: solution_id
#   datatype: int64
#   description: Solution Identifier
#   meta:
#     ucd: meta.version
# - 
#   name: source_id
#   datatype: int64
#   description: Unique source identifier
#   meta:
#     ucd: meta.id;meta.main
# - 
#   name: global_ranking
#   datatype: float32
#   description: Number between 0 (worst) and 1 (best)
#   meta:
#     ucd: stat.param
# - 
#   name: reference_time
#   datatype: float64
#   unit: d
#   description: Reference time used for the geometric model fit
#   meta:
#     ucd: time.epoch
# - 
#   name: frequency
#   datatype: float64
#   unit: d**-1
#   description: Frequency of geometric model of the eclipsing binary light curve
#   meta:
#     ucd: src.orbital
# - 
#   name: frequency_error
#   datatype: float32
#   unit: d**-1
#   description: "Uncertainty of \\texttt{frequency}"
#   meta:
#     ucd: stat.error
# - 
#   name: geom_model_reference_level
#   datatype: float32
#   unit: mag
#   description: Magnitude reference level of geometric model
#   meta:
#     ucd: phot.mag;em.opt
# - 
#   name: geom_model_reference_level_error
#   datatype: float32
#   unit: mag
#   description: "Uncertainty of \\texttt{geomModelReferenceLevel}"
#   meta:
#     ucd: stat.error;phot.mag;em.opt
# - 
#   name: geom_model_gaussian1_phase
#   datatype: float32
#   description: Phase of the Gaussian 1 component
#   meta:
#     ucd: time.phase
# - 
#   name: geom_model_gaussian1_phase_error
#   datatype: float32
#   description: "Uncertainty of \\texttt{geomModelGaussian1Phase}"
#   meta:
#     ucd: stat.error;time.phase
# - 
#   name: geom_model_gaussian1_sigma
#   datatype: float32
#   description: "Standard deviation [phase] of Gaussian 1 component"
#   meta:
#     ucd: stat.stdev
# - 
#   name: geom_model_gaussian1_sigma_error
#   datatype: float32
#   description: "Uncertainty of \\texttt{geomModelGaussian1Sigma}"
#   meta:
#     ucd: stat.error
# - 
#   name: geom_model_gaussian1_depth
#   datatype: float32
#   unit: mag
#   description: Magnitude depth of Gaussian 1 component
#   meta:
#     ucd: src.var.amplitude
# - 
#   name: geom_model_gaussian1_depth_error
#   datatype: float32
#   unit: mag
#   description: "Uncertainty of \\texttt{geomModelGaussian1Depth}"
#   meta:
#     ucd: stat.error;src.var.amplitude
# - 
#   name: geom_model_gaussian2_phase
#   datatype: float32
#   description: Phase of Gaussian 2 component
#   meta:
#     ucd: time.phase
# - 
#   name: geom_model_gaussian2_phase_error
#   datatype: float32
#   description: "Uncertainty of \\texttt{geomModelGaussian2Phase}"
#   meta:
#     ucd: stat.error;time.phase
# - 
#   name: geom_model_gaussian2_sigma
#   datatype: float32
[...]
#   datatype: float32
#   description: "Secondary eclipse: uncertainty of \\texttt{derivedSecondaryEclDuration}"
#   meta:
#     ucd: stat.error;time.duration
# - 
#   name: derived_secondary_ecl_depth
#   datatype: float32
#   unit: mag
#   description: "Secondary eclipse: depth"
#   meta:
#     ucd: src.var.amplitude
# - 
#   name: derived_secondary_ecl_depth_error
#   datatype: float32
#   unit: mag
#   description: "Secondary eclipse: uncertainty of \\texttt{derivedSecondaryEclDepth}"
#   meta:
#     ucd: stat.error;src.var.amplitude
solution_id,source_id,global_ranking,reference_time,frequency,frequency_error,geom_model_reference_level,geom_model_reference_level_error,geom_model_gaussian1_phase,geom_model_gaussian1_phase_error,geom_model_gaussian1_sigma,geom_model_gaussian1_sigma_error,geom_model_gaussian1_depth,geom_model_gaussian1_depth_error,geom_model_gaussian2_phase,geom_model_gaussian2_phase_error,geom_model_gaussian2_sigma,geom_model_gaussian2_sigma_error,geom_model_gaussian2_depth,geom_model_gaussian2_depth_error,geom_model_cosine_half_period_amplitude,geom_model_cosine_half_period_amplitude_error,geom_model_cosine_half_period_phase,geom_model_cosine_half_period_phase_error,model_type,num_model_parameters,reduced_chi2,derived_primary_ecl_phase,derived_primary_ecl_phase_error,derived_primary_ecl_duration,derived_primary_ecl_duration_error,derived_primary_ecl_depth,derived_primary_ecl_depth_error,derived_secondary_ecl_phase,derived_secondary_ecl_phase_error,derived_secondary_ecl_duration,derived_secondary_ecl_duration_error,derived_secondary_ecl_depth,derived_secondary_ecl_depth_error
[from data line 107]
375316653866487564,1829667926527585280,0.5307736,2286.456084541355,0.38288962215047123,1.0252266E-5,15.7818,0.0012955371,0.71257955,0.003403166,0.015583118,0.0020484938,0.2850714,0.045544904,null,null,null,null,null,null,0.027601717,0.0016980827,0.71257955,0.003403166,"ONEGAUSSIAN_WITH_ELLIPSOIDAL",6,19.945364,0.71257955,0.003403166,0.08726546,0.011471565,0.3402748,0.04605413,null,null,null,null,null,null
375316653866487564,1829667956568799104,0.48451594,2329.35089184342,2.8203701830289436,1.579483E-5,19.17608,0.01591591,0.22046407,0.0063660997,0.099066086,0.011990362,0.20511918,0.017647022,0.7224534,0.0038945854,0.09031807,0.007672326,0.25567058,0.016473712,null,null,null,null,"TWOGAUSSIANS",8,2.5737188,0.7224534,0.0038945854,0.4,0.0,0.24213018,0.011796636,0.22046407,0.0063660997,0.4,0.0,0.19157767,0.014759464
375316653866487564,1829669060386337536,0.49603626,2329.3919470852707,2.8903704381692314,1.0544477E-5,19.579636,0.027868342,0.2946681,0.003126904,0.09972974,0.008171473,0.3781315,0.026849084,0.79159147,0.0051779286,0.10063191,0.0096560195,0.3941107,0.027538862,null,null,null,null,"TWOGAUSSIANS",8,2.3154008,0.79159147,0.0051779286,0.4,0.0,0.3610979,0.01728184,0.2946681,0.003126904,0.4,0.0,0.3451195,0.015170295
375316653866487564,1829670567919320960,0.46537542,2327.085787618567,1.2181300438528355,2.0978605E-5,18.298054,0.046053685,0.31193668,0.006333956,0.11966958,0.019406071,0.18983175,0.042694557,0.7798098,0.011848526,0.1285408,0.046543784,0.08566344,0.044816777,null,null,null,null,"TWOGAUSSIANS",8,4.800824,0.31213668,0.005800489,0.4,0.0,0.16536365,0.008911406,0.7798098,0.011848526,0.4,0.0,0.061165728,0.010354306
375316653866487564,1829670778385777920,0.4460511,2328.6917163209664,0.3693703343544755,4.697987E-5,16.68508,0.0047835787,0.33951572,0.07507021,0.17105335,0.09268675,0.011930653,0.0057094903,0.91748405,0.0035034022,0.011675271,0.0062361443,0.1660136,0.061360873,null,null,null,null,"TWOGAUSSIANS",8,19.428936,0.917494,0.0035244452,0.06538152,0.034922406,0.1662889,0.061188884,0.33951572,0.07507021,0.4,0.0,0.011597743,0.005114117
375316653866487564,1829671087623552768,0.49227545,2291.5346193756086,3.448085024028223,1.3650317E-5,13.552092,0.70586836,0.22289163,0.0053748563,0.17220739,0.06623969,0.4182989,0.6569065,0.7138471,0.005709778,0.15641756,0.04475768,0.3696498,0.5626163,null,null,null,null,"TWOGAUSSIANS",8,414.89932,0.22412163,0.00419742,0.4,0.0,0.1854363,0.0075593707,0.7138471,0.005709778,0.4,0.0,0.14472623,0.008398035
375316653866487564,1829671156343073920,0.5098611,2299.0324760088906,2.681989419560153,1.4159539E-5,16.910954,0.011592156,0.25352058,0.0022934075,0.07863164,0.0030919136,0.35243374,0.016791487,0.76468784,0.0033745475,0.0833476,0.006710938,0.33355466,0.016627599,null,null,null,null,"TWOGAUSSIANS",8,50.64876,0.25352058,0.0022934075,0.4,0.0,0.34772366,0.015951196,0.76468784,0.0033745475,0.4,0.0,0.32884455,0.017085744
375316653866487564,1829671637379344512,0.6781703,2347.6691143044895,0.06589097770090524,4.930599E-5,10.129903,2.9948336E-4,0.35547188,1.3622179E-4,0.007726159,1.1133323E-4,0.40240693,0.0029505792,0.82654345,3.2090337E-4,0.0071967547,9.215938E-5,0.3965598,0.015241527,null,null,null,null,"TWOGAUSSIANS",8,6.4587946,0.35547188,1.3622179E-4,0.04326649,6.234661E-4,0.40240693,0.0029505792,0.82654345,3.2090337E-4,0.040301826,5.160925E-4,0.3965598,0.015241527
375316653866487564,1829673046128876800,0.563036,2311.877153089059,2.683375633505092,6.7925525E-6,17.843126,0.009326668,0.21008562,0.0039833076,0.042051014,0.004852748,0.4218588,0.029713016,0.6974629,0.0026388965,0.047595195,0.003422478,0.51571786,0.023067,0.11286738,0.013582511,0.21008562,0.0039833076,"TWOGAUSSIANS_WITH_ELLIPSOIDAL_ON_ECLIPSE1",9,19.03501,0.6983729,0.0023007735,0.2665331,0.019165877,0.74013776,0.018525021,0.21008562,0.0039833076,0.23548569,0.02717539,0.64759326,0.022199042
375316653866487564,1829673664603853824,0.5323483,2342.285126229901,0.2725049416756714,2.868169E-6,16.581244,0.003256139,0.28708947,0.007536656,0.017298184,0.0046774745,0.021355417,0.009174511,0.7876704,7.7662506E-4,0.02733556,8.634607E-4,0.3052101,0.008539551,0.01928842,0.0049567027,0.7876704,7.7662506E-4,"TWOGAUSSIANS_WITH_ELLIPSOIDAL_ON_ECLIPSE2",9,31.905521,0.7876704,7.7662506E-4,0.15307914,0.00483538,0.34378693,0.007675109,0.28710946,0.007305955,0.096869834,0.026193859,0.05993174,0.0067036916
375316653866487564,1829676099826882944,0.5944462,2302.1174124971735,3.588216417769371,3.8593676E-6,19.149221,0.006529347,0.27678263,0.0016688074,0.039399046,0.00516236,0.24907938,0.04971891,0.77925354,0.0020049817,0.04761766,0.0025319944,0.38345945,0.019247347,0.12933704,0.009333722,0.27678263,0.0016688074,"TWOGAUSSIANS_WITH_ELLIPSOIDAL_ON_ECLIPSE1",9,1.890735,0.77925354,0.0020049817,0.2666589,0.014179168,0.64207023,0.016479518,0.27678263,0.0016688074,0.22063465,0.028909218,0.50775254,0.056287304
375316653866487564,1829676379023777792,0.65360874,2324.744517909724,2.9745702614488776,1.6256399E-6,16.012556,0.007827765,0.23732427,8.43402E-4,0.03983497,0.0016887723,0.55716693,0.016411057,0.73776627,0.0014249174,0.041648738,0.0022373197,0.6298369,0.021886928,0.121222265,0.00899041,0.23732427,8.43402E-4,"TWOGAUSSIANS_WITH_ELLIPSOIDAL_ON_ECLIPSE1",9,28.605429,0.73776627,0.0013902339,0.23323293,0.012528991,0.8722793,0.025460426,0.23732427,8.43402E-4,0.22307582,0.009457125,0.7996112,0.010576932
375316653866487564,1829676580880575616,0.5175305,2306.3175576489402,1.7544533895092262,4.4675044E-6,19.378304,0.009409361,0.14678012,0.0024911084,0.03284953,0.00220035,0.36894357,0.022734199,0.6450531,0.0016440733,0.02869359,0.0013253042,0.8572633,0.04400048,null,null,null,null,"TWOGAUSSIANS",8,6.07932,0.6450531,0.0016440733,0.16068411,0.007421703,0.8572633,0.04400048,0.14678012,0.0024911084,0.18395738,0.012321959,0.36894357,0.022734199
375316653866487564,1829678234449452544,0.48639992,2318.265784654344,2.7017164883127798,1.0753408E-5,18.998055,0.012127859,0.23877138,0.0038737603,0.04236983,0.008997236,0.2831,0.04417777,0.72290236,0.0063220738,0.03584518,0.008533843,0.3369745,0.055184733,0.1055418,0.01642602,0.23877138,0.0038737603,"TWOGAUSSIANS_WITH_ELLIPSOIDAL_ON_ECLIPSE1",9,6.8906126,0.7238424,0.005869024,0.200733,0.04778952,0.54609,0.063572824,0.23877138,0.0038737603,0.23727106,0.050384525,0.4941832,0.04443699
375316653866487564,1829678608088393856,0.5586767,2324.2326932720966,4.1264097670975195,6.8846757E-6,19.275309,0.007934683,0.26671913,0.001990254,0.044786617,0.0044744234,0.2337235,0.020119961,0.770043,0.003062322,0.04549549,0.0055245347,0.2916365,0.049441896,0.10558913,0.011767268,0.26671913,0.001990254,"TWOGAUSSIANS_WITH_ELLIPSOIDAL_ON_ECLIPSE1",9,2.185699,0.770043,0.003062322,0.25477475,0.030937394,0.5027222,0.055217225,0.26671913,0.001990254,0.25080505,0.02505677,0.44490132,0.013661043
375316653866487564,1829682662540063744,0.50178826,2326.1511831411954,0.42277296092065025,8.825924E-6,18.728746,0.0073190043,0.25442636,0.020598417,0.090342276,0.021212814,0.108222194,0.017759047,0.8201299,0.0030260887,0.0104167815,0.0032862576,0.6635895,0.10408686,null,null,null,null,"TWOGAUSSIANS",8,10.55163,0.8201299,0.0030260887,0.058333978,0.018403042,0.6635905,0.104086995,0.25442636,0.020598417,0.4,0.0,0.10822214,0.017759036
375316653866487564,1829682701201861760,0.5096852,2327.2060876478104,0.9841726174760942,2.5790307E-6,18.260302,0.003265953,0.116493024,0.008269868,0.01736707,0.0060223253,0.04411844,0.012178242,0.62763846,5.341669E-4,0.036538985,9.0679806E-4,0.31814787,0.008533268,0.011801306,0.0044202893,0.116493024,0.008269868,"TWOGAUSSIANS_WITH_ELLIPSOIDAL_ON_ECLIPSE1",9,4.2722754,0.62763846,5.341669E-4,0.2046183,0.005078069,0.34163493,0.0076895757,0.116493024,0.008269868,0.097255595,0.03372502,0.06772104,0.010876752
375316653866487564,1829683074856905856,0.65566814,2309.7657137333777,2.373409825405782,1.4260395E-6,16.919157,0.003365234,0.24979551,7.103949E-4,0.05021901,0.002597417,0.13783535,0.0076267323,0.7469917,0.0012937916,0.051878005,0.003372081,0.11475024,0.008143028,0.11853483,0.004298857,0.24979551,7.103949E-4,"TWOGAUSSIANS_WITH_ELLIPSOIDAL_ON_ECLIPSE1",9,2.651027,0.24979551,7.103949E-4,0.28122646,0.014545535,0.37490326,0.0037836488,0.74785167,7.591091E-4,0.29051682,0.018883655,0.35176703,0.007933873
375316653866487564,1829683384094599808,0.51988,2304.874784920966,3.280245724478334,7.5324892E-6,18.078928,0.007762367,0.23521201,0.0025114934,0.08454526,0.0041535352,0.2539541,0.008244713,0.7379767,0.002998229,0.085362345,0.004707018,0.20256135,0.009042835,null,null,null,null,"TWOGAUSSIANS",8,5.0317807,0.23521201,0.0025114934,0.4,0.0,0.24826898,0.007134844,0.7379767,0.002998229,0.4,0.0,0.19687621,0.008109317
375316653866487564,1829683796411656192,0.59068847,2308.980582063327,2.3485459889254647,5.6362896E-6,17.975454,0.009279019,0.27221236,0.0011987471,0.051188923,0.004063361,0.20119424,0.021089299,0.7756519,0.0030892196,0.05976306,0.006002821,0.16907054,0.019417765,0.09051425,0.011396908,0.27221236,0.0011987471,"TWOGAUSSIANS_WITH_ELLIPSOIDAL_ON_ECLIPSE1",9,3.126707,0.27221236,0.0011987471,0.28665796,0.022754822,0.38219926,0.009903532,0.7756519,0.0030892196,0.33467314,0.033615798,0.34999102,0.0055213254
375316653866487564,1829685136441314944,0.45611173,2331.0643869553282,0.5164371729894781,2.9632893E-5,18.244194,0.0022141444,0.1778973,0.0013642409,0.011994273,0.0014339027,0.19464362,0.01575476,0.679494,0.0021787272,0.011697547,0.002466505,0.416909,0.60854703,null,null,null,null,"TWOGAUSSIANS",8,4.7554326,0.679494,0.0021787272,0.06550626,0.013812427,0.416909,0.60854703,0.1778973,0.0013642409,0.06716793,0.008029855,0.19464362,0.01575476
375316653866487564,1829685999753540096,0.550955,2334.7449363909136,0.19868834012021216,1.4508062E-5,18.425117,0.0021779267,0.3357883,0.002297184,0.019922227,0.0013940673,0.7148176,0.06283309,0.84219307,0.007961677,0.030459091,0.008024462,0.054193653,0.022311278,0.022437127,0.0037478304,0.3357883,0.002297184,"TWOGAUSSIANS_WITH_ELLIPSOIDAL_ON_ECLIPSE1",9,2.7421925,0.3357883,0.002297184,0.111564465,0.007806777,0.7596918,0.06336473,0.84219307,0.007961677,0.17057091,0.04493698,0.0989952,0.02211145
375316653866487564,1829687855176335232,0.62442994,2343.9807011459375,2.1061686701156477,4.788881E-6,16.59578,8.942219E-4,0.25373343,0.0010441212,0.0572496,0.0012412838,0.35076198,0.009882561,null,null,null,null,null,null,0.07835832,0.0011756493,0.25373343,0.0010441212,"ONEGAUSSIAN_WITH_ELLIPSOIDAL",6,7.549428,0.25373343,0.0010441212,0.32059774,0.006951189,0.5074525,0.009765875,null,null,null,null,null,null
375316653866487564,1829688301853430528,0.59504735,2337.8626859554915,2.819553093258856,2.9989499E-6,18.420553,0.0041867197,0.26959658,0.0013697981,0.07490411,0.0016950524,0.49974978,0.0060685496,0.7658152,0.0014374894,0.07351696,0.0017728403,0.5542392,0.016106911,null,null,null,null,"TWOGAUSSIANS",8,3.3661134,0.7658152,0.0014374894,0.4,0.0,0.5509264,0.01643593,0.26959658,0.0013697981,0.4,0.0,0.49643698,0.005914751
375316653866487564,1829688645450447744,0.5001625,2322.977968596857,2.1246396974975603,1.1366264E-5,17.865742,0.015925325,0.25198656,0.0036706876,0.09849213,0.009841718,0.1597115,0.015405226,0.741324,0.004452117,0.1015693,0.013228659,0.15427332,0.014131817,null,null,null,null,"TWOGAUSSIANS",8,5.303053,0.25198656,0.0036694475,0.4,0.0,0.14763992,0.0077114343,0.741324,0.004452117,0.4,0.0,0.14220075,0.006655231
375316653866487564,1829689813668641024,0.48801368,2341.7981853572437,1.2887643345960125,1.4134799E-5,19.844227,0.0073952996,0.29895365,0.003117156,0.011573056,0.010612611,0.25408828,0.23068747,0.78828627,0.002022935,0.03182859,0.001959095,0.6123461,0.034200765,null,null,null,null,"TWOGAUSSIANS",8,3.9892256,0.78828627,0.002022935,0.1782401,0.0109709315,0.6123461,0.034200765,0.29895365,0.003117156,0.064809114,0.05943062,0.25408828,0.23068747
375316653866487564,1829690947538773120,0.5167143,2346.8927087807515,3.4279559254773795,7.2050134E-6,18.672634,0.0068236496,0.25672725,0.0038238252,0.08310736,0.0045488398,0.35014734,0.009179963,0.75040054,0.0030801417,0.08225361,0.0036952922,0.30068767,0.010932403,null,null,null,null,"TWOGAUSSIANS",8,3.896604,0.25672725,0.0038238252,0.4,0.0,0.34417173,0.009340784,0.75040054,0.0030801417,0.4,0.0,0.2947121,0.0105815185
375316653866487564,1829691050632191360,0.58872056,2335.3998690956364,2.402264014586941,1.1357125E-5,18.410498,0.01298633,0.28770277,0.0014131955,0.04931659,0.008209632,0.29865,0.12183391,0.8015569,0.006147319,0.05885628,0.0062392377,0.2701141,0.030572906,0.12583749,0.016319765,0.28770277,0.0014131955,"TWOGAUSSIANS_WITH_ELLIPSOIDAL_ON_ECLIPSE1",9,3.8945515,0.28770277,0.0014131955,0.2761729,0.045973938,0.55031234,0.13700251,0.8015569,0.006147319,0.32959515,0.034939732,0.5198743,0.012238261
375316653866487564,1829691497309107072,0.4671036,2328.172360619587,2.50876462047014,1.7080476E-5,18.948828,0.58304435,0.24673094,0.016004084,0.10708848,0.06017796,0.1994907,0.46427184,0.7181033,0.007783101,0.13607796,0.081533924,0.31224436,0.5653642,null,null,null,null,"TWOGAUSSIANS",8,3.704296,0.7181033,0.007783101,0.4,0.0,0.26440713,0.013479538,0.24762094,0.010458247,0.4,0.0,0.15258603,0.017325798
375316653866487564,1829691703467133568,0.511812,2308.022815521619,0.3855682752900644,1.3157547E-5,18.809713,0.005746667,0.2353859,0.020123687,0.025696592,0.019594649,1.9182873,1.5671508,0.72894853,0.0032650398,0.025735218,0.0035749916,0.10759299,0.011809638,null,null,null,null,"TWOGAUSSIANS",8,2.90108,0.2353859,0.020123687,0.14390092,0.10973003,1.9182873,1.5671508,0.72894853,0.0032650398,0.14411722,0.020019952,0.10759299,0.011809638
375316653866487564,1829692425021766784,0.4929012,2331.7818321604113,0.20165352569506623,4.0185782E-6,17.187784,0.0011481992,0.51055366,0.053978056,0.081731334,0.042233247,0.0077467686,0.002975149,0.67010164,1.3090705E-4,0.009789105,9.884891E-4,0.17506103,0.0116646625,null,null,null,null,"TWOGAUSSIANS",8,4.0136886,0.67010164,1.3090705E-4,0.054818988,0.005535539,0.17621352,0.010842775,0.51055366,0.053978056,0.4,0.022970479,0.0077467686,0.002975293
375316653866487564,1829694039919582336,0.4686594,2311.810424368739,4.04580160528893,1.48159515E-5,19.851004,0.020813461,0.24356505,0.0036856902,0.08864637,0.008096034,0.33222207,0.019450301,0.7549369,0.011130521,0.09200337,0.012242592,0.28154922,0.03339422,null,null,null,null,"TWOGAUSSIANS",8,1.9598864,0.24356505,0.0036856902,0.4,0.0,0.32111877,0.014157894,0.7549369,0.011130521,0.4,0.0,0.27044573,0.028912885
375316653866487564,1829694688452104832,0.4326787,2326.5561543603153,0.9056282110302931,5.375643E-5,17.624445,0.15668865,0.1977835,0.014846103,0.12761886,0.054022312,0.14606634,0.1481088,0.70420605,0.011337354,0.14622928,0.09266807,0.13063578,0.1524266,null,null,null,null,"TWOGAUSSIANS",8,11.486891,0.1975035,0.014712254,0.4,0.0,0.09731708,0.013763173,0.70433605,0.01105611,0.4,0.0,0.081260905,0.008465585
375316653866487564,1829695414308816256,0.4924828,2298.0981474327555,1.586502869313626,1.6470287E-5,19.806957,0.0050114426,0.29795578,0.0082211085,0.02735261,0.006477965,0.16844282,0.019466147,0.7890749,0.0031740377,0.021200212,0.0025704468,0.7822228,0.06846513,null,null,null,null,"TWOGAUSSIANS",8,2.0781848,0.7890749,0.0031740377,0.11872119,0.014394501,0.7822228,0.06846513,0.29795578,0.0082211085,0.15317462,0.036276605,0.16844282,0.019466147
