Gaia/vari_eclipsing_binary/VariEclipsingBinary_607410-607458.csv
# %ECSV 1.0
# ---
# delimiter: ','
# meta: !!omap
# - RELEASE: Gaia DR3
# - TABLE: vari_eclipsing_binary
# - DESCRIPTION: >
#     This table describes the properties of the eclipsing binaries resulting from the variability analysis. 
# - CITATION: >
#     How to cite and acknowledge Gaia: 
#     https://gea.esac.esa.int/archive/documentation/credits.html 
# - KNOWN_ISSUES: >
#     Known issues: 
#     https://www.cosmos.esa.int/web/gaia-users/known-issues 
# - DOCUMENTATION: >
#     Tutorials and documentation: 
#     https://www.cosmos.esa.int/web/gaia-users/archive 
# datatype:
# - 
#   name: solution_id
#   datatype: int64
#   description: Solution Identifier
#   meta:
#     ucd: meta.version
# - 
#   name: source_id
#   datatype: int64
#   description: Unique source identifier
#   meta:
#     ucd: meta.id;meta.main
# - 
#   name: global_ranking
#   datatype: float32
#   description: Number between 0 (worst) and 1 (best)
#   meta:
#     ucd: stat.param
# - 
#   name: reference_time
#   datatype: float64
#   unit: d
#   description: Reference time used for the geometric model fit
#   meta:
#     ucd: time.epoch
# - 
#   name: frequency
#   datatype: float64
#   unit: d**-1
#   description: Frequency of geometric model of the eclipsing binary light curve
#   meta:
#     ucd: src.orbital
# - 
#   name: frequency_error
#   datatype: float32
#   unit: d**-1
#   description: "Uncertainty of \\texttt{frequency}"
#   meta:
#     ucd: stat.error
# - 
#   name: geom_model_reference_level
#   datatype: float32
#   unit: mag
#   description: Magnitude reference level of geometric model
#   meta:
#     ucd: phot.mag;em.opt
# - 
#   name: geom_model_reference_level_error
#   datatype: float32
#   unit: mag
#   description: "Uncertainty of \\texttt{geomModelReferenceLevel}"
#   meta:
#     ucd: stat.error;phot.mag;em.opt
# - 
#   name: geom_model_gaussian1_phase
#   datatype: float32
#   description: Phase of the Gaussian 1 component
#   meta:
#     ucd: time.phase
# - 
#   name: geom_model_gaussian1_phase_error
#   datatype: float32
#   description: "Uncertainty of \\texttt{geomModelGaussian1Phase}"
#   meta:
#     ucd: stat.error;time.phase
# - 
#   name: geom_model_gaussian1_sigma
#   datatype: float32
#   description: "Standard deviation [phase] of Gaussian 1 component"
#   meta:
#     ucd: stat.stdev
# - 
#   name: geom_model_gaussian1_sigma_error
#   datatype: float32
#   description: "Uncertainty of \\texttt{geomModelGaussian1Sigma}"
#   meta:
#     ucd: stat.error
# - 
#   name: geom_model_gaussian1_depth
#   datatype: float32
#   unit: mag
#   description: Magnitude depth of Gaussian 1 component
#   meta:
#     ucd: src.var.amplitude
# - 
#   name: geom_model_gaussian1_depth_error
#   datatype: float32
#   unit: mag
#   description: "Uncertainty of \\texttt{geomModelGaussian1Depth}"
#   meta:
#     ucd: stat.error;src.var.amplitude
# - 
#   name: geom_model_gaussian2_phase
#   datatype: float32
#   description: Phase of Gaussian 2 component
#   meta:
#     ucd: time.phase
# - 
#   name: geom_model_gaussian2_phase_error
#   datatype: float32
#   description: "Uncertainty of \\texttt{geomModelGaussian2Phase}"
#   meta:
#     ucd: stat.error;time.phase
# - 
#   name: geom_model_gaussian2_sigma
#   datatype: float32
[...]
#   datatype: float32
#   description: "Secondary eclipse: uncertainty of \\texttt{derivedSecondaryEclDuration}"
#   meta:
#     ucd: stat.error;time.duration
# - 
#   name: derived_secondary_ecl_depth
#   datatype: float32
#   unit: mag
#   description: "Secondary eclipse: depth"
#   meta:
#     ucd: src.var.amplitude
# - 
#   name: derived_secondary_ecl_depth_error
#   datatype: float32
#   unit: mag
#   description: "Secondary eclipse: uncertainty of \\texttt{derivedSecondaryEclDepth}"
#   meta:
#     ucd: stat.error;src.var.amplitude
solution_id,source_id,global_ranking,reference_time,frequency,frequency_error,geom_model_reference_level,geom_model_reference_level_error,geom_model_gaussian1_phase,geom_model_gaussian1_phase_error,geom_model_gaussian1_sigma,geom_model_gaussian1_sigma_error,geom_model_gaussian1_depth,geom_model_gaussian1_depth_error,geom_model_gaussian2_phase,geom_model_gaussian2_phase_error,geom_model_gaussian2_sigma,geom_model_gaussian2_sigma_error,geom_model_gaussian2_depth,geom_model_gaussian2_depth_error,geom_model_cosine_half_period_amplitude,geom_model_cosine_half_period_amplitude_error,geom_model_cosine_half_period_phase,geom_model_cosine_half_period_phase_error,model_type,num_model_parameters,reduced_chi2,derived_primary_ecl_phase,derived_primary_ecl_phase_error,derived_primary_ecl_duration,derived_primary_ecl_duration_error,derived_primary_ecl_depth,derived_primary_ecl_depth_error,derived_secondary_ecl_phase,derived_secondary_ecl_phase_error,derived_secondary_ecl_duration,derived_secondary_ecl_duration_error,derived_secondary_ecl_depth,derived_secondary_ecl_depth_error
[from data line 329]
375316653866487564,5343013090908360064,0.5842539,2199.2703401067383,1.8430855047441512,4.925896E-6,16.923319,0.0076637394,0.13174388,0.0016238058,0.09665973,0.003592211,0.26356468,0.0074809,0.63679856,0.0028926171,0.09513211,0.005309409,0.18836631,0.008714591,null,null,null,null,"TWOGAUSSIANS",8,4.2498612,0.13174388,0.0016238058,0.4,0.0,0.24967177,0.0054886504,0.63679856,0.0028926171,0.4,0.0,0.17447385,0.006984553
375316653866487564,5343013640642739456,0.52910125,2171.9282466880436,3.502329009885917,1.195913E-5,19.037716,0.006455874,0.23164356,0.0052838176,0.07032587,0.0061746426,0.20968278,0.015208938,0.7299484,0.004369131,0.0657846,0.0035738833,0.26375008,0.012783009,null,null,null,null,"TWOGAUSSIANS",8,1.9559451,0.7299484,0.004369131,0.36839378,0.020013746,0.26322526,0.012731139,0.23164356,0.0052838176,0.39382485,0.029483834,0.20915794,0.015288004
375316653866487564,5343013675024006016,0.5367496,2191.500020212352,3.4089675424366415,1.0454383E-5,17.093653,0.009787225,0.2878842,0.0061342935,0.04103274,0.007795201,0.17109454,0.026629863,0.7899549,0.00282169,0.042455107,0.0039642006,0.23870178,0.033850085,0.063860826,0.012903505,0.2878842,0.0061342935,"TWOGAUSSIANS_WITH_ELLIPSOIDAL_ON_ECLIPSE1",9,26.827467,0.7899549,0.002783279,0.2377486,0.022199525,0.36640167,0.02625832,0.2878842,0.0061342935,0.22978333,0.043653127,0.29881606,0.016947987
375316653866487564,5343013911216826496,0.6025485,2194.2405682048347,0.5938304758199557,8.5125885E-6,17.825008,0.0013390055,0.24474058,0.08573661,0.050581984,0.0677823,0.00489513,0.018005745,0.44420138,0.00232245,0.025322042,0.0031341542,0.41155595,0.070179865,3.0534144E-4,0.0014347843,0.44420138,0.00232245,"TWOGAUSSIANS_WITH_ELLIPSOIDAL_ON_ECLIPSE2",9,1.6228368,0.44420138,0.00232245,0.14180344,0.017551264,0.41216868,0.07060341,0.24595058,0.08751737,0.28325912,0.37958086,0.0049560433,0.017914757
375316653866487564,5343015526124481792,0.60294276,2244.186376368903,1.4816728785315847,5.9455638E-6,17.41856,0.0035787723,0.25212663,0.0023435515,0.08997389,0.002804367,0.20819333,0.005657051,0.75062823,0.0014635212,0.08755096,0.0023634017,0.25311974,0.0053459336,null,null,null,null,"TWOGAUSSIANS",8,1.9383899,0.75062823,0.0014635212,0.4,0.0,0.24464725,0.005229299,0.25212663,0.0023435515,0.4,0.0,0.1997208,0.005258581
375316653866487564,5343015633528959744,0.6002006,2236.6218881537748,1.0246785238753815,7.072465E-6,16.162554,0.0016967559,0.24555936,0.002937314,0.047993448,0.0044092373,0.016439695,0.004847638,0.7404952,0.0010761875,0.04677948,0.0019802619,0.20285589,0.008897097,0.023440126,0.002430656,0.24555936,0.002937314,"TWOGAUSSIANS_WITH_ELLIPSOIDAL_ON_ECLIPSE1",9,2.9945533,0.74068516,0.0010256802,0.26196507,0.0110894665,0.24969025,0.009273767,0.24555936,0.002937314,0.2687633,0.02469173,0.06331969,0.0016485098
375316653866487564,5343015839687413376,0.615059,2220.472005327198,2.3090646148540914,3.984953E-6,14.056333,0.0057650604,0.2521063,0.0020924693,0.11147431,0.004734744,0.15362227,0.005639022,0.7412488,0.0012518474,0.09121035,0.0024258876,0.3230432,0.0059959763,null,null,null,null,"TWOGAUSSIANS",8,37.37639,0.7412488,0.0012518474,0.4,0.0,0.30558583,0.00498994,0.2521063,0.0020924693,0.4,0.0,0.13615078,0.0028684202
375316653866487564,5343016561242032640,0.5100344,2228.5496389134364,3.3872612648669,1.712007E-5,18.965214,0.030479586,0.2237906,0.004986094,0.10232615,0.01967771,0.18605341,0.026167931,0.7391366,0.005814657,0.10042273,0.022982426,0.14757606,0.023692418,null,null,null,null,"TWOGAUSSIANS",8,1.4333726,0.2237906,0.0049760058,0.4,0.0,0.17294954,0.011301388,0.73914653,0.005836118,0.4,0.0,0.1344737,0.010758031
375316653866487564,5343017347191564288,0.5057722,2233.4587486440196,3.740189437876427,1.10452875E-5,18.30264,0.0025251394,0.19727805,1.07648244E-4,0.0034117387,3.6668594E-4,0.14916585,0.03593476,0.6182324,0.012052444,0.010653308,0.003693642,0.4862842,0.5725128,null,null,null,null,"TWOGAUSSIANS",8,2.0377731,0.6182324,0.012052444,0.059658524,0.020684395,0.4862842,0.5725128,0.19727805,1.07648244E-4,0.019105736,0.0020534412,0.14916585,0.03593476
375316653866487564,5343017351496792576,0.5758663,2236.4880014202117,2.321531600436482,5.195535E-6,18.172985,0.00828717,0.28431913,0.0031209055,0.09247388,0.005390758,0.22385968,0.008332742,0.7858053,0.0023007684,0.10103963,0.005244251,0.20882519,0.0075905332,null,null,null,null,"TWOGAUSSIANS",8,1.4425975,0.28431913,0.0031209055,0.4,0.0,0.2088555,0.0063432325,0.7858053,0.0023007684,0.4,0.0,0.19381917,0.0052419077
375316653866487564,5343019030817939328,0.5260138,2195.798538345179,4.100357306043122,3.710344E-5,17.65875,0.0013515413,0.43597108,0.021823501,0.02075498,0.009446686,0.18818049,0.07052976,null,null,null,null,null,null,null,null,null,null,"ONEGAUSSIAN",5,1.7354834,0.43597108,0.021823501,0.11622789,0.052901443,0.18818049,0.0,null,null,null,null,null,null
375316653866487564,5343019722316982528,0.5519935,2191.311256593595,3.1419234847929474,8.9759105E-6,19.598059,0.007615795,0.25185886,0.004144558,0.07351183,0.005781083,0.5195777,0.02121242,0.7444969,0.0027182845,0.074570306,0.0032271172,0.6325805,0.03234774,null,null,null,null,"TWOGAUSSIANS",8,1.8300381,0.7444969,0.0027182845,0.4,0.0,0.6293411,0.033064876,0.25185886,0.004144558,0.4,2.8477464E-4,0.51633835,0.021739753
375316653866487564,5343020306453775744,0.55980283,2191.0021675251164,2.8634809001188968,8.232242E-6,15.871236,0.009141688,0.25414038,0.0019924112,0.08987007,0.0046199784,0.2436498,0.010215875,0.7582045,0.0027442612,0.09376922,0.00599437,0.25343072,0.008882225,null,null,null,null,"TWOGAUSSIANS",8,34.899765,0.7582045,0.0027442612,0.4,0.0,0.24193849,0.0079071615,0.25414038,0.0019924112,0.4,0.0,0.23215783,0.008758765
375316653866487564,5343020753130322688,0.5299895,2158.4542972188365,3.3367317918690764,1.4994083E-5,16.776405,0.0058859806,0.3158694,0.006335536,0.026765496,0.014986129,0.11894293,0.12481819,0.77324855,0.0030209385,0.047849018,0.009451694,0.09321457,0.017757945,0.09382371,0.00941149,0.77324855,0.0030209385,"TWOGAUSSIANS_WITH_ELLIPSOIDAL_ON_ECLIPSE2",9,30.595552,0.3124794,0.007696294,0.14988677,0.08392232,0.29446733,0.12687911,0.77324855,0.0030209385,0.2679545,0.052929483,0.2808615,0.014638881
375316653866487564,5343021474689534592,0.54476607,2208.6107196760818,4.08146259961998,1.052574E-5,19.546894,0.017503206,0.27500007,0.0025567797,0.06864062,0.003524761,0.615576,0.02167455,0.77238315,0.003283098,0.061592944,0.0041639023,0.6409725,0.044649314,null,null,null,null,"TWOGAUSSIANS",8,2.9665487,0.77238315,0.003283098,0.3449205,0.023317851,0.64024186,0.044770025,0.27500007,0.0025567797,0.38438746,0.019738661,0.6148454,0.02149597
375316653866487564,5343022952153649152,0.45705256,2213.1798835792288,0.6589462056908513,2.568147E-5,17.46815,0.0030447121,0.2809256,0.0056973253,0.06573186,0.009220744,0.1144663,0.019950477,0.7794191,0.0060077445,0.0348125,0.0054689995,0.05883909,0.0051608724,null,null,null,null,"TWOGAUSSIANS",8,5.254691,0.2809256,0.0056973253,0.36809844,0.04472555,0.11446562,0.019952781,0.7794191,0.0060077445,0.19494998,0.030626398,0.058838405,0.0051607164
375316653866487564,5343023192671824512,0.52481836,2208.7170246018113,1.9421945930104245,1.007597E-6,15.172748,0.0016075096,0.66903573,0.01959958,0.018039182,0.009078483,0.07408135,0.009954538,0.75600666,1.8938034E-6,0.008111064,5.3205044E-5,0.17797513,0.0015104674,null,null,null,null,"TWOGAUSSIANS",8,38.245533,0.75600666,1.8938034E-6,0.045421958,2.9794825E-4,0.17797579,0.0015033664,0.66903573,0.01959958,0.10101942,0.050839502,0.07408135,0.009954538
375316653866487564,5343023531943768320,0.62350214,2209.4286510384145,2.05795382144673,3.9347237E-6,17.767004,0.0035172028,0.23456994,0.0016584217,0.07485722,0.0026078683,0.4468485,0.015554915,0.73034954,0.002166723,0.08223948,0.002593896,0.3822924,0.0055845827,null,null,null,null,"TWOGAUSSIANS",8,3.2889576,0.23456994,0.0016584217,0.4,0.0,0.44208533,0.01610386,0.73034954,0.002166723,0.4,0.0,0.37752917,0.0055068186
375316653866487564,5343024051646456960,0.44727683,2170.6036540000164,3.6182031710950513,6.478417E-5,19.636028,0.011756053,0.33576515,0.01081847,0.053605005,0.008924046,0.3360405,0.032943044,0.8580676,0.0140075805,0.031198855,0.015302015,0.31913403,0.11857627,null,null,null,null,"TWOGAUSSIANS",8,11.672654,0.33576515,0.01081847,0.30018803,0.049974654,0.3360405,0.032943014,0.8580676,0.0140075805,0.1747136,0.08569128,0.319134,0.11857633
375316653866487564,5343024116060158080,0.5356811,2206.152575962454,2.9098884445244146,9.1449465E-6,17.720785,0.013149332,0.2947052,0.0048944736,0.10207473,0.012469992,0.1948462,0.010978741,0.7965832,0.003456636,0.09446329,0.007408914,0.20148821,0.012398525,null,null,null,null,"TWOGAUSSIANS",8,4.8677044,0.7965832,0.003456636,0.4,0.0,0.18630958,0.0071722665,0.2947052,0.0048944736,0.4,0.0,0.17966549,0.01157971
375316653866487564,5343025013719128576,0.4251189,2238.641164637163,3.008980194659356,5.1538336E-5,18.729769,0.010853868,0.26912135,0.015640004,0.08711188,0.020903192,0.14196129,0.038621962,0.7379343,0.010820539,0.08404582,0.019332914,0.12556857,0.018614033,null,null,null,null,"TWOGAUSSIANS",8,6.400212,0.26912135,0.015640004,0.4,0.0,0.13979624,0.040241584,0.7379343,0.010820539,0.4,0.0,0.12340357,0.019274145
375316653866487564,5343025078132913408,0.5671977,2217.5361258254843,3.310804415361589,7.443288E-6,16.461897,0.010904525,0.26700726,0.0029418033,0.0874989,0.0043020714,0.34922585,0.01326447,0.75250137,0.002802829,0.08493901,0.0044698413,0.36715886,0.011809762,null,null,null,null,"TWOGAUSSIANS",8,29.114506,0.75250137,0.002802829,0.4,0.0,0.35881057,0.010592955,0.26700726,0.0029418033,0.4,0.0,0.3408775,0.011971444
375316653866487564,5343025288615952896,0.5680613,2208.701907823651,3.2316396488347174,1.343544E-5,15.406518,0.032295413,0.23628138,0.0023198067,0.059745997,0.010460059,0.21919754,0.0678571,0.7262269,0.012197354,0.05967508,0.0119191175,0.20706052,0.06881957,0.11640509,0.03652899,0.23628138,0.0023198067,"TWOGAUSSIANS_WITH_ELLIPSOIDAL_ON_ECLIPSE1",9,171.14767,0.23628138,0.0023198067,0.3345776,0.05857633,0.45195717,0.018390907,0.7286369,0.009025497,0.33418044,0.066747054,0.43911466,0.02689627
375316653866487564,5343026800424734720,0.45852855,2228.2139427360958,3.0777218104777613,3.2418742E-5,19.175316,0.013858655,0.23790288,0.006173944,0.072949715,0.008945942,0.22705252,0.01875141,0.73222005,0.009265649,0.08215442,0.017935652,0.21505427,0.025647115,null,null,null,null,"TWOGAUSSIANS",8,5.7008166,0.23790288,0.006173944,0.4,0.015272334,0.22488683,0.017903948,0.73222005,0.009265649,0.4,0.0071884366,0.21288858,0.027372345
375316653866487564,5343027036638292736,0.42036042,2229.482479092297,1.848859992906763,2.6500835E-5,18.409548,0.01925859,0.2904725,0.00788693,0.06317648,0.0134086525,0.1400722,0.017536797,0.7253827,0.018336214,0.14518355,0.043021113,0.092389,0.018957427,null,null,null,null,"TWOGAUSSIANS",8,8.604733,0.2910525,0.007933008,0.35378832,0.07453313,0.13637881,0.015561705,0.7253827,0.018336214,0.4,0.0,0.08760232,0.015828142
375316653866487564,5343027212741559808,0.43549576,2242.9968110067543,0.2392869513154672,2.1191456E-5,18.312323,0.007686465,0.30238712,0.005524429,0.021776015,0.004889587,0.11688372,0.037211142,0.6424092,0.007131608,0.11687247,0.008658622,0.194934,0.018050255,null,null,null,null,"TWOGAUSSIANS",8,9.841928,0.6424092,0.007131608,0.4,0.0,0.19489264,0.01806019,0.30267712,0.005444756,0.12194568,0.027381688,0.11968322,0.037030168
375316653866487564,5343028037375250048,0.63854337,2246.026571691274,2.2590423734854963,4.32234E-6,17.589935,0.0057655354,0.24060714,0.0014205669,0.09378845,0.0025437823,0.31970468,0.0065244995,0.73843604,0.003963671,0.08650129,0.0038487385,0.35566187,0.006359815,null,null,null,null,"TWOGAUSSIANS",8,2.050814,0.73843604,0.003963671,0.4,0.0,0.34177294,0.004659381,0.24060714,0.0014205669,0.4,0.0,0.30581537,0.0055857995
375316653866487564,5343028788986642304,0.6194859,2252.90508065312,3.3549909824907984,5.1764114E-6,18.503834,0.012680605,0.20643513,0.0017425902,0.046841074,0.0038476028,0.3418485,0.027680937,0.70308703,0.004016512,0.05748791,0.005269726,0.4312736,0.030650822,0.1023443,0.01584886,0.20643513,0.0017425902,"TWOGAUSSIANS_WITH_ELLIPSOIDAL_ON_ECLIPSE1",9,5.3420186,0.70345706,0.0035677408,0.3219323,0.029510463,0.63585407,0.020339865,0.20643513,0.0017425902,0.26231,0.021546576,0.5465095,0.018310435
375316653866487564,5343029411785757568,0.50456107,2240.1569903368168,2.4563526571983054,2.4476461E-5,16.893885,0.009881512,0.18464214,0.00791529,0.043497976,0.021956602,0.07678527,0.023229234,0.69400734,0.012582997,0.059440635,0.014947222,0.10787339,0.025720526,0.04523322,0.013629571,0.18464214,0.00791529,"TWOGAUSSIANS_WITH_ELLIPSOIDAL_ON_ECLIPSE1",9,18.962738,0.69400734,0.012582997,0.33286756,0.08370444,0.19801898,0.017381603,0.18464214,0.00791529,0.24358867,0.12295697,0.16724375,0.017478144
375316653866487564,5343030030248761472,0.55918086,2217.2403330024576,2.658970683870587,2.4635283E-5,19.366507,0.010485079,0.25016075,0.00669269,0.06724681,0.008482806,0.28687677,0.02039271,0.7454823,0.0033053858,0.057791248,0.0036829729,0.74566084,0.02710843,null,null,null,null,"TWOGAUSSIANS",8,4.89559,0.7454823,0.0033053858,0.323631,0.020624649,0.7454053,0.027099514,0.25016075,0.00669269,0.37658215,0.047503714,0.28662124,0.020505715
375316653866487564,5343030923602280576,0.5308211,2232.7329506130563,2.426483440656748,8.180348E-6,19.012907,0.02398305,0.2891983,0.0035017673,0.100339994,0.009544904,0.3344021,0.021285051,0.7953112,0.002397856,0.09171743,0.0076533533,0.33429432,0.022397267,null,null,null,null,"TWOGAUSSIANS",8,3.0171998,0.2891983,0.0035017673,0.4,0.0,0.31366396,0.018117445,0.7953112,0.002397856,0.4,0.0,0.31355876,0.016337043
375316653866487564,5343031198478136576,0.5346958,2235.946791682628,3.543769700629245,1.1318532E-5,18.89192,0.012717819,0.23469797,0.0033941763,0.07918424,0.005032379,0.35770294,0.017262215,0.7390027,0.0038948832,0.08687865,0.0053006746,0.44857922,0.025887448,null,null,null,null,"TWOGAUSSIANS",8,4.3544135,0.7390027,0.0038948832,0.4,0.0,0.44058397,0.026738644,0.23469797,0.0033941763,0.4,0.0,0.34970775,0.01654082
375316653866487564,5343031610809058944,0.5766113,2205.6275193078664,3.343684201581526,7.7547675E-6,17.63594,0.017122513,0.18252945,0.0024734004,0.061157223,0.004962479,0.25848863,0.04923054,0.66965187,0.0017254156,0.061167948,0.0050101583,0.3797475,0.032885894,0.06671503,0.022666318,0.18252945,0.0024734004,"TWOGAUSSIANS_WITH_ELLIPSOIDAL_ON_ECLIPSE1",9,12.587786,0.67086184,0.0014258282,0.3425405,0.028056888,0.5122885,0.019243678,0.18252945,0.0024734004,0.34248045,0.027789885,0.39181978,0.028972613
375316653866487564,5343033431875060864,0.50618875,2244.757199030997,2.8389991825712864,2.3398905E-5,18.609337,0.013068675,0.2427951,0.0068046586,0.09129262,0.012520879,0.21584228,0.016524348,0.727102,0.0044121225,0.09687891,0.007515532,0.3208478,0.016586626,null,null,null,null,"TWOGAUSSIANS",8,5.906017,0.727102,0.0044121225,0.4,0.0,0.30849507,0.015938396,0.2427951,0.0068046586,0.4,0.0,0.20349078,0.016549405
375316653866487564,5343033500582065408,0.47454375,2241.9071849115226,2.888025954847179,2.2062346E-5,19.185793,0.005764346,0.20037499,0.008071006,0.05844927,0.0070048426,0.19644345,0.01673067,0.70404804,0.0049258745,0.07245688,0.006413324,0.20226794,0.014166775,null,null,null,null,"TWOGAUSSIANS",8,1.7838595,0.70404804,0.0049258745,0.4,0.0064962124,0.20202573,0.014207362,0.20037499,0.008071006,0.3273159,0.03922712,0.19620124,0.016736105
