Gaia/vari_eclipsing_binary/VariEclipsingBinary_219782-220140.csv
# %ECSV 1.0
# ---
# delimiter: ','
# meta: !!omap
# - RELEASE: Gaia DR3
# - TABLE: vari_eclipsing_binary
# - DESCRIPTION: >
#     This table describes the properties of the eclipsing binaries resulting from the variability analysis. 
# - CITATION: >
#     How to cite and acknowledge Gaia: 
#     https://gea.esac.esa.int/archive/documentation/credits.html 
# - KNOWN_ISSUES: >
#     Known issues: 
#     https://www.cosmos.esa.int/web/gaia-users/known-issues 
# - DOCUMENTATION: >
#     Tutorials and documentation: 
#     https://www.cosmos.esa.int/web/gaia-users/archive 
# datatype:
# - 
#   name: solution_id
#   datatype: int64
#   description: Solution Identifier
#   meta:
#     ucd: meta.version
# - 
#   name: source_id
#   datatype: int64
#   description: Unique source identifier
#   meta:
#     ucd: meta.id;meta.main
# - 
#   name: global_ranking
#   datatype: float32
#   description: Number between 0 (worst) and 1 (best)
#   meta:
#     ucd: stat.param
# - 
#   name: reference_time
#   datatype: float64
#   unit: d
#   description: Reference time used for the geometric model fit
#   meta:
#     ucd: time.epoch
# - 
#   name: frequency
#   datatype: float64
#   unit: d**-1
#   description: Frequency of geometric model of the eclipsing binary light curve
#   meta:
#     ucd: src.orbital
# - 
#   name: frequency_error
#   datatype: float32
#   unit: d**-1
#   description: "Uncertainty of \\texttt{frequency}"
#   meta:
#     ucd: stat.error
# - 
#   name: geom_model_reference_level
#   datatype: float32
#   unit: mag
#   description: Magnitude reference level of geometric model
#   meta:
#     ucd: phot.mag;em.opt
# - 
#   name: geom_model_reference_level_error
#   datatype: float32
#   unit: mag
#   description: "Uncertainty of \\texttt{geomModelReferenceLevel}"
#   meta:
#     ucd: stat.error;phot.mag;em.opt
# - 
#   name: geom_model_gaussian1_phase
#   datatype: float32
#   description: Phase of the Gaussian 1 component
#   meta:
#     ucd: time.phase
# - 
#   name: geom_model_gaussian1_phase_error
#   datatype: float32
#   description: "Uncertainty of \\texttt{geomModelGaussian1Phase}"
#   meta:
#     ucd: stat.error;time.phase
# - 
#   name: geom_model_gaussian1_sigma
#   datatype: float32
#   description: "Standard deviation [phase] of Gaussian 1 component"
#   meta:
#     ucd: stat.stdev
# - 
#   name: geom_model_gaussian1_sigma_error
#   datatype: float32
#   description: "Uncertainty of \\texttt{geomModelGaussian1Sigma}"
#   meta:
#     ucd: stat.error
# - 
#   name: geom_model_gaussian1_depth
#   datatype: float32
#   unit: mag
#   description: Magnitude depth of Gaussian 1 component
#   meta:
#     ucd: src.var.amplitude
# - 
#   name: geom_model_gaussian1_depth_error
#   datatype: float32
#   unit: mag
#   description: "Uncertainty of \\texttt{geomModelGaussian1Depth}"
#   meta:
#     ucd: stat.error;src.var.amplitude
# - 
#   name: geom_model_gaussian2_phase
#   datatype: float32
#   description: Phase of Gaussian 2 component
#   meta:
#     ucd: time.phase
# - 
#   name: geom_model_gaussian2_phase_error
#   datatype: float32
#   description: "Uncertainty of \\texttt{geomModelGaussian2Phase}"
#   meta:
#     ucd: stat.error;time.phase
# - 
#   name: geom_model_gaussian2_sigma
#   datatype: float32
[...]
#   datatype: float32
#   description: "Secondary eclipse: uncertainty of \\texttt{derivedSecondaryEclDuration}"
#   meta:
#     ucd: stat.error;time.duration
# - 
#   name: derived_secondary_ecl_depth
#   datatype: float32
#   unit: mag
#   description: "Secondary eclipse: depth"
#   meta:
#     ucd: src.var.amplitude
# - 
#   name: derived_secondary_ecl_depth_error
#   datatype: float32
#   unit: mag
#   description: "Secondary eclipse: uncertainty of \\texttt{derivedSecondaryEclDepth}"
#   meta:
#     ucd: stat.error;src.var.amplitude
solution_id,source_id,global_ranking,reference_time,frequency,frequency_error,geom_model_reference_level,geom_model_reference_level_error,geom_model_gaussian1_phase,geom_model_gaussian1_phase_error,geom_model_gaussian1_sigma,geom_model_gaussian1_sigma_error,geom_model_gaussian1_depth,geom_model_gaussian1_depth_error,geom_model_gaussian2_phase,geom_model_gaussian2_phase_error,geom_model_gaussian2_sigma,geom_model_gaussian2_sigma_error,geom_model_gaussian2_depth,geom_model_gaussian2_depth_error,geom_model_cosine_half_period_amplitude,geom_model_cosine_half_period_amplitude_error,geom_model_cosine_half_period_phase,geom_model_cosine_half_period_phase_error,model_type,num_model_parameters,reduced_chi2,derived_primary_ecl_phase,derived_primary_ecl_phase_error,derived_primary_ecl_duration,derived_primary_ecl_duration_error,derived_primary_ecl_depth,derived_primary_ecl_depth_error,derived_secondary_ecl_phase,derived_secondary_ecl_phase_error,derived_secondary_ecl_duration,derived_secondary_ecl_duration_error,derived_secondary_ecl_depth,derived_secondary_ecl_depth_error
[from data line 175]
375316653866487564,1934094764907570304,0.57414687,2188.08008272058,0.07864368672059553,4.0717914E-5,13.490118,5.5111E-4,0.24274199,0.031975526,0.034185834,0.023881568,0.008891692,0.0061487574,0.3284609,0.0017150019,0.004400939,0.0013316316,0.22200035,0.11619883,null,null,null,null,"TWOGAUSSIANS",8,28.88303,0.3284609,0.0017150019,0.02464526,0.0074571366,0.22238381,0.11618125,0.24274199,0.031975526,0.19144067,0.13373677,0.008891692,0.0061487574
375316653866487564,1934118266968716544,0.6029384,2202.6614211882334,3.7640994234319756,5.217989E-6,16.268417,0.0061399364,0.22209534,0.0010886543,0.045285445,0.0019085181,0.467864,0.033621956,0.72313017,0.0015366259,0.04423111,0.002011218,0.38492042,0.016487407,0.13335449,0.009872376,0.22209534,0.0010886543,"TWOGAUSSIANS_WITH_ELLIPSOIDAL_ON_ECLIPSE1",9,51.17401,0.22209534,0.0010886543,0.25359848,0.010687701,0.73457265,0.033475403,0.72313017,0.0015366259,0.24769421,0.011262821,0.6516178,0.010122932
375316653866487564,1934122282761128832,0.5398793,2212.137489588548,2.523456324289375,9.465147E-6,18.052614,0.009778358,0.25017512,0.0022665306,0.046946794,0.006786639,0.18546617,0.02556934,0.75482184,0.0054094386,0.041513022,0.0061545456,0.17137115,0.03630948,0.1468182,0.014902275,0.25017512,0.0022665306,"TWOGAUSSIANS_WITH_ELLIPSOIDAL_ON_ECLIPSE1",9,17.298075,0.25017512,0.0022665306,0.26290205,0.038005177,0.4791021,0.023089996,0.75482184,0.0054094386,0.23247291,0.034465455,0.46475685,0.030496888
375316653866487564,1934124657880253824,0.6476757,2201.323544988289,0.3959388392969198,2.9794853E-6,16.231821,0.0012808635,0.106828734,7.4789464E-4,0.012768152,0.0015900474,0.5167785,0.14691442,0.60725856,1.8223187E-4,0.01279954,3.2546866E-4,0.52715534,0.008823217,null,null,null,null,"TWOGAUSSIANS",8,5.210743,0.60725856,1.8223187E-4,0.071677424,0.0018226245,0.52715534,0.008823217,0.106828734,7.4789464E-4,0.07150165,0.008904265,0.5167785,0.14691442
375316653866487564,1934129365161700096,0.5115888,2213.999801318732,0.5495075614574059,1.0698465E-5,18.1177,0.006440813,0.17318395,0.034736726,0.100419275,0.029478103,0.062201608,0.013165636,0.50716287,0.005040032,0.07277581,0.006076918,0.3735849,0.016883392,null,null,null,null,"TWOGAUSSIANS",8,19.263786,0.50716287,0.005040032,0.4,0.003792362,0.37367705,0.016765472,0.17328395,0.035124112,0.4,0.0,0.06205724,0.013221558
375316653866487564,1934131873425604096,0.49826473,2183.7093832265737,1.4461090042995255,1.0126093E-5,13.994523,0.004897837,0.31006137,0.0048532262,0.10755982,0.012020176,0.06260751,0.004404378,0.800388,0.0044162762,0.09285442,0.00990209,0.050388232,0.00468313,null,null,null,null,"TWOGAUSSIANS",8,22.510778,0.31006137,0.0048532262,0.4,0.0,0.058157343,0.0022363912,0.800388,0.0044162762,0.4,0.0,0.045940757,0.002441879
375316653866487564,1934133453973415552,0.49283493,2239.316294878657,1.1081042281943758,3.267517E-6,17.157164,0.0011492204,0.10726934,0.0011896682,0.017423078,0.0012656554,0.12169105,0.015642948,0.61076015,0.02756768,0.018787958,0.013488323,0.11300691,0.7048289,null,null,null,null,"TWOGAUSSIANS",8,2.6685545,0.10726934,0.0011896682,0.097569235,0.0070876703,0.12169105,0.015642948,0.61076015,0.02756768,0.10521256,0.07553461,0.11300691,0.7048289
375316653866487564,1934147507106528384,0.54111403,2232.2442406270798,2.5420252955489837,9.291775E-6,16.501963,0.013115402,0.20569448,0.0037821473,0.08157338,0.0074560908,0.2837076,0.011318196,0.71258056,0.0021483097,0.09066751,0.0047958517,0.32130092,0.0136592565,null,null,null,null,"TWOGAUSSIANS",8,41.198387,0.71258056,0.0021483097,0.4,0.0,0.31333724,0.010951186,0.20569448,0.0037821473,0.4,0.0,0.2757441,0.009903521
375316653866487564,1934149809208992512,0.5714939,2206.3051635382467,0.9278111432206723,3.6947115E-6,16.65042,0.0033591066,0.19632615,0.008045817,0.019411389,0.0036104587,0.029175112,0.0069017196,0.6885439,7.7303953E-4,0.028912738,0.0013934864,0.19952859,0.0058625857,0.023825739,0.0028660083,0.19632615,0.008045817,"TWOGAUSSIANS_WITH_ELLIPSOIDAL_ON_ECLIPSE1",9,4.9180584,0.6886639,7.040196E-4,0.16191132,0.007803524,0.24706796,0.0044538383,0.19632615,0.008045817,0.10870378,0.02021857,0.076826565,0.0038600625
375316653866487564,1934159395575010048,0.52608186,2199.9841151356463,0.9276708246902072,8.095339E-5,16.258924,0.0022319064,0.8423071,2.9960126E-4,0.0016599259,6.601681E-5,3.4526036,0.9192236,null,null,null,null,null,null,0.0062557044,0.0031882387,0.8423071,2.9960126E-4,"ONEGAUSSIAN_WITH_ELLIPSOIDAL",6,31.172693,0.8423071,2.9960126E-4,0.009295585,3.696941E-4,3.4651148,0.92046654,null,null,null,null,null,null
375316653866487564,1934159807891770240,0.6045189,2244.077535632255,2.3561310096878207,4.01588E-6,15.064635,0.0015772796,0.2910462,0.0013373754,0.03681211,0.0067230463,0.040950738,0.0054742726,0.79265195,0.0029488613,0.032293808,0.0063865283,0.050807938,0.0057595344,0.08194583,0.0026422408,0.2910462,0.0013373754,"TWOGAUSSIANS_WITH_ELLIPSOIDAL_ON_ECLIPSE1",9,20.477715,0.79265195,0.0029488613,0.18084532,0.035764556,0.2146829,0.007410752,0.2910462,0.0013373754,0.20614782,0.037649058,0.20484239,0.0042775082
375316653866487564,1934162277495897600,0.5094654,2215.5828853824996,3.0765033409573945,1.0068399E-5,17.73481,0.007903417,0.22011814,0.00414452,0.051861335,0.013842415,0.036015306,0.02108409,0.7816128,0.009129863,0.023063699,0.011107199,0.074482106,0.02403371,0.13010494,0.010070308,0.22011814,0.00414452,"TWOGAUSSIANS_WITH_ELLIPSOIDAL_ON_ECLIPSE1",9,24.530888,0.7816128,0.009129863,0.12915671,0.062200315,0.29773948,0.017177405,0.22011814,0.00414452,0.29042348,0.077517524,0.29622465,0.012528224
375316653866487564,1934167916790389632,0.5014634,2216.5647390034233,0.7311251464294141,4.3208597E-6,16.66964,0.00431303,0.26311198,0.0020143187,0.012886064,0.0031388067,0.6663969,1.0855367,0.769976,0.0012569302,0.005488635,0.00292772,0.78576684,3.4854712,0.0051154443,0.0067008412,0.26311198,0.0020143187,"TWOGAUSSIANS_WITH_ELLIPSOIDAL_ON_ECLIPSE1",9,63.25459,0.769976,0.0012569302,0.030736355,0.016395234,0.7959787,3.4854984,0.26311198,0.0020143187,0.07216196,0.017577317,0.6766278,1.086685
375316653866487564,1934170940447361920,0.62229365,2189.3470791034993,2.037618437455195,2.5907575E-6,8.318563,0.0012477433,0.24566483,0.0015399649,0.044405445,0.008498886,0.0052687023,0.0030631016,0.7472142,0.0016934463,0.06499579,0.002688018,0.10326303,0.004689509,0.040867895,0.0016112054,0.24566483,0.0015399649,"TWOGAUSSIANS_WITH_ELLIPSOIDAL_ON_ECLIPSE1",9,9.796058,0.7472142,0.0016934463,0.36397642,0.015052901,0.18493384,0.004133747,0.24566483,0.0015399649,0.2486705,0.047593758,0.086947255,9.754952E-4
375316653866487564,1934174578282299904,0.47143292,2205.6603529992462,0.3903654046020888,1.7248033E-6,15.692739,0.00600136,0.42763373,0.064879954,0.012935004,0.020835612,0.31060112,0.3629321,0.92280835,8.8153867E-4,0.008078123,6.557553E-4,0.43046412,0.052302685,null,null,null,null,"TWOGAUSSIANS",8,276.3888,0.92280835,8.8153867E-4,0.045237493,0.0036722296,0.43046412,0.052302685,0.42763373,0.064879954,0.07243602,0.11667942,0.31060112,0.3629321
375316653866487564,1934176884681945216,0.4959542,2205.7603578897797,2.8157178175535997,1.1544265E-5,15.00548,0.031960268,0.24528967,0.0035949433,0.10258662,0.015511647,0.20831732,0.027687943,0.73814076,0.0045688227,0.11177017,0.018404325,0.21268442,0.026725816,null,null,null,null,"TWOGAUSSIANS",8,164.86584,0.73814076,0.0045688227,0.4,0.0,0.18707094,0.014421085,0.24529967,0.0035972984,0.4,0.0,0.18272074,0.013637314
375316653866487564,1934177778034995200,0.5209813,2201.490538519236,2.7371562855409657,9.499452E-6,16.154083,0.009867059,0.3072716,0.0067857034,0.047949936,0.012056835,0.11152321,0.028097307,0.7913387,0.0032752105,0.052131943,0.011419002,0.100529276,0.059663072,0.08732775,0.017082334,0.7913387,0.0032752105,"TWOGAUSSIANS_WITH_ELLIPSOIDAL_ON_ECLIPSE2",9,52.753216,0.3037516,0.00489861,0.26851964,0.06751827,0.28481668,0.022401135,0.7913387,0.0032752105,0.29193887,0.06394641,0.2751831,0.054766268
375316653866487564,1934179560444484480,0.5728829,2210.1924694633362,3.2606237279217236,4.7811372E-6,18.35054,0.0067214123,0.18153945,0.002353062,0.07664807,0.0032378691,0.48440132,0.016573321,0.6680942,0.0018781014,0.07865261,0.0028118105,0.56447685,0.01189316,null,null,null,null,"TWOGAUSSIANS",8,5.932163,0.6680942,0.0018781014,0.4,0.0,0.5600486,0.011994602,0.18153945,0.002353062,0.4,0.0,0.47997305,0.016866112
375316653866487564,1934179805259556864,0.5622178,2176.0253138293842,3.0679393071675145,6.7245924E-6,17.15816,0.017964184,0.2066545,0.002009707,0.090297654,0.007874227,0.32224086,0.014647283,0.7211817,0.004415671,0.0972358,0.009188049,0.25501528,0.015278883,null,null,null,null,"TWOGAUSSIANS",8,11.921132,0.2066545,0.002009707,0.4,0.0,0.3090342,0.0128381485,0.7211817,0.004415671,0.4,0.0,0.24180762,0.010488314
375316653866487564,1934183859708963584,0.47010288,2220.082209501327,1.0226947227170766,1.1424972E-5,15.389046,0.0058434256,0.21979411,0.013598327,0.09228992,0.022957122,0.023648495,0.0058436547,0.71019244,0.003566955,0.10757639,0.018898144,0.054362632,0.0039933384,null,null,null,null,"TWOGAUSSIANS",8,10.348191,0.71019244,0.003566955,0.4,0.0,0.051532015,0.00592397,0.21980411,0.013624946,0.4,0.0,0.02082025,0.00258702
375316653866487564,1934191174036153472,0.55331725,2227.4340591240693,3.5304940272143646,4.5294432E-6,18.27638,0.01052153,0.27596182,0.0020170843,0.09242931,0.0043936926,0.3729191,0.011004939,0.7735779,0.0016711322,0.101482294,0.0042056544,0.33755797,0.0120272385,null,null,null,null,"TWOGAUSSIANS",8,3.2790384,0.27596182,0.0020170843,0.4,0.0,0.34828222,0.010595284,0.7735779,0.0016711322,0.4,0.0,0.31291774,0.0113285715
375316653866487564,1934192346564500352,0.5057209,2212.73174260758,0.8490367583770195,1.5365618E-5,15.895199,0.0016302773,0.21253726,0.005425853,0.015736904,0.008872951,0.30480686,0.1673312,null,null,null,null,null,null,null,null,null,null,"ONEGAUSSIAN",5,18.376606,0.21253726,0.005425853,0.08812666,0.049688525,0.30480686,0.0,null,null,null,null,null,null
375316653866487564,1934194167630625536,0.5688825,2182.5024651642684,2.972246302505846,8.653824E-6,15.191844,0.8478645,0.24294762,0.0024435052,0.20698866,0.10040175,0.7254341,0.83995557,0.74585253,0.003115184,0.14459746,0.025777731,0.69182867,0.52993184,null,null,null,null,"TWOGAUSSIANS",8,44.337154,0.74691254,0.0025542486,0.4,0.0,0.27077737,0.0062392736,0.24259762,0.0023700001,0.4,0.0,0.22941406,0.0050694067
375316653866487564,1934195851257801088,0.47213116,2220.9882903122507,3.9852791710680626,6.98554E-5,16.385262,0.0015734779,0.40276015,0.003381149,0.030177493,0.0021873005,0.08295383,0.0027279125,0.86701655,0.030166779,0.033832427,0.03444122,0.012219286,0.092896685,null,null,null,null,"TWOGAUSSIANS",8,7.161489,0.40276015,0.003381149,0.16899396,0.012248882,0.08295383,0.0027279125,0.86701655,0.030166779,0.18946159,0.19287084,0.012219286,0.092896685
375316653866487564,1934201005218690304,0.45973533,2183.8051870104587,0.4646286850134891,6.257894E-5,14.363799,4.6344104E-4,0.22357224,0.011143641,0.01664605,0.012028061,0.037502423,0.058922958,0.7335136,0.0010978298,0.0033084857,0.0020795364,0.023293141,0.017484237,0.0040560644,7.599305E-4,0.22357224,0.011143641,"TWOGAUSSIANS_WITH_ELLIPSOIDAL_ON_ECLIPSE1",9,9.210614,0.22357224,0.011143641,0.09321788,0.067357145,0.045614548,0.059132826,0.7335136,0.0010978298,0.01852752,0.011645405,0.031373657,0.017634066
375316653866487564,1934206502776935680,0.41996324,2194.689425047498,0.06887837604240704,2.5606136E-5,16.066326,0.14414956,0.266383,0.0077270423,0.21378696,0.06730062,0.24878927,0.13196252,0.7611232,0.011040468,0.17473784,0.049869075,0.23135288,0.12913248,null,null,null,null,"TWOGAUSSIANS",8,17.641394,0.7611232,0.011040468,0.4,0.0,0.05798892,0.011833121,0.269023,0.0052285683,0.4,0.0,0.05085158,0.0023108593
375316653866487564,1934206704636448640,0.43337452,2183.6102557092854,3.6737352531783722,3.1229883E-5,19.695978,0.053661175,0.26455313,0.012962601,0.10725409,0.024705973,0.28784588,0.054255318,0.7517505,0.013631522,0.08189963,0.02602063,0.3421237,0.045204934,null,null,null,null,"TWOGAUSSIANS",8,8.023881,0.7517505,0.013631522,0.4,0.02674278,0.32660535,0.030577358,0.26455313,0.012962601,0.4,0.0,0.2723149,0.0366122
375316653866487564,1934209904390777472,0.6523306,2206.781562216993,3.633898640337831,1.8865073E-6,16.589878,0.007355704,0.25471842,0.0012524552,0.049258646,0.0019156225,0.42772666,0.019638397,0.75364685,7.949952E-4,0.044757206,0.0014696436,0.4264671,0.01753788,0.13567878,0.010303637,0.25471842,0.0012524552,"TWOGAUSSIANS_WITH_ELLIPSOIDAL_ON_ECLIPSE1",9,17.842333,0.25471842,0.0012524552,0.27584842,0.010727487,0.6990825,0.009588764,0.75374687,6.918322E-4,0.25064036,0.0082300035,0.6978118,0.008508759
375316653866487564,1934210832101153664,0.53603303,2179.35256552164,3.1906070409188922,1.5396452E-5,19.82428,0.010620527,0.27344286,0.0050978814,0.074683726,0.00856598,0.57467246,0.06828441,0.78281045,0.0027710316,0.07010402,0.0029169756,0.5437869,0.023158377,null,null,null,null,"TWOGAUSSIANS",8,1.7575805,0.27344286,0.0050978814,0.4,0.0,0.57237536,0.070273824,0.78281045,0.0027710316,0.3925825,0.016335063,0.5414898,0.02292138
375316653866487564,1934211274481472000,0.538732,2194.2884662741585,0.17918666359567895,1.9484112E-5,17.695541,0.0013794167,0.20217048,0.101718426,0.02700393,0.025305592,0.020154689,0.012845305,0.8556671,2.7199309E-5,0.0028763353,2.2376265E-5,0.49313635,0.003163483,null,null,null,null,"TWOGAUSSIANS",8,2.0046062,0.8556671,2.7199309E-5,0.016107477,1.2530708E-4,0.49313635,0.003163483,0.20217048,0.101718426,0.151222,0.14171131,0.020154689,0.012845305
375316653866487564,1934217497893200768,0.6041196,2206.054285261177,2.510279454435327,3.6803376E-6,14.254641,0.006195207,0.25420108,8.1168616E-4,0.04657152,0.004184939,0.121891424,0.013218683,0.7509106,0.005668356,0.043074906,0.0072676484,0.1258483,0.02332175,0.101017065,0.0075834594,0.25420108,8.1168616E-4,"TWOGAUSSIANS_WITH_ELLIPSOIDAL_ON_ECLIPSE1",9,89.78694,0.7515406,0.0044504656,0.24121948,0.04069883,0.32781214,0.02395435,0.25420108,8.1168616E-4,0.2608005,0.023435658,0.32392517,0.007127673
375316653866487564,1934218077709863424,0.54534245,2213.165636443305,4.044960213273932,7.8920775E-6,19.306955,0.008544575,0.27064574,0.002404335,0.06566432,0.0035481306,0.48500967,0.018940154,0.78216493,0.005163786,0.07549077,0.0049129077,0.31321347,0.015296551,null,null,null,null,"TWOGAUSSIANS",8,3.2479594,0.27064574,0.002404335,0.3677202,0.01986953,0.4839354,0.01896997,0.78216493,0.005163786,0.4,0.0,0.31213918,0.01519381
375316653866487564,1934219799995778560,0.5504504,2224.5673348382006,2.154602888075097,6.9900884E-6,19.20516,0.0044878083,0.2762398,0.001723518,0.025202835,0.002457215,0.3839281,0.048038017,0.77320033,0.0028402386,0.024549887,0.0018602766,0.7479949,0.04622966,0.027393522,0.007283346,0.2762398,0.001723518,"TWOGAUSSIANS_WITH_ELLIPSOIDAL_ON_ECLIPSE1",9,3.626755,0.77321035,0.002827247,0.13747936,0.010417549,0.8027619,0.04749532,0.2762398,0.001723518,0.14113587,0.013760405,0.43871504,0.049567826
375316653866487564,1934222651851398912,0.43525004,2327.4076830959334,1.9399129763445053,3.3955588E-5,16.66251,0.004751692,0.12858467,0.004120814,0.009233177,0.0043575373,0.13036187,0.024733722,0.7168944,0.0061355405,0.011588889,0.0038903796,0.82532984,1.1202556,null,null,null,null,"TWOGAUSSIANS",8,8.547431,0.7168944,0.0061355405,0.06489778,0.021786125,0.82532984,1.1202556,0.12858467,0.004120814,0.051705793,0.02440221,0.13036187,0.024733722
