Gaia/vari_eclipsing_binary/VariEclipsingBinary_458970-458980.csv
# %ECSV 1.0
# ---
# delimiter: ','
# meta: !!omap
# - RELEASE: Gaia DR3
# - TABLE: vari_eclipsing_binary
# - DESCRIPTION: >
#     This table describes the properties of the eclipsing binaries resulting from the variability analysis. 
# - CITATION: >
#     How to cite and acknowledge Gaia: 
#     https://gea.esac.esa.int/archive/documentation/credits.html 
# - KNOWN_ISSUES: >
#     Known issues: 
#     https://www.cosmos.esa.int/web/gaia-users/known-issues 
# - DOCUMENTATION: >
#     Tutorials and documentation: 
#     https://www.cosmos.esa.int/web/gaia-users/archive 
# datatype:
# - 
#   name: solution_id
#   datatype: int64
#   description: Solution Identifier
#   meta:
#     ucd: meta.version
# - 
#   name: source_id
#   datatype: int64
#   description: Unique source identifier
#   meta:
#     ucd: meta.id;meta.main
# - 
#   name: global_ranking
#   datatype: float32
#   description: Number between 0 (worst) and 1 (best)
#   meta:
#     ucd: stat.param
# - 
#   name: reference_time
#   datatype: float64
#   unit: d
#   description: Reference time used for the geometric model fit
#   meta:
#     ucd: time.epoch
# - 
#   name: frequency
#   datatype: float64
#   unit: d**-1
#   description: Frequency of geometric model of the eclipsing binary light curve
#   meta:
#     ucd: src.orbital
# - 
#   name: frequency_error
#   datatype: float32
#   unit: d**-1
#   description: "Uncertainty of \\texttt{frequency}"
#   meta:
#     ucd: stat.error
# - 
#   name: geom_model_reference_level
#   datatype: float32
#   unit: mag
#   description: Magnitude reference level of geometric model
#   meta:
#     ucd: phot.mag;em.opt
# - 
#   name: geom_model_reference_level_error
#   datatype: float32
#   unit: mag
#   description: "Uncertainty of \\texttt{geomModelReferenceLevel}"
#   meta:
#     ucd: stat.error;phot.mag;em.opt
# - 
#   name: geom_model_gaussian1_phase
#   datatype: float32
#   description: Phase of the Gaussian 1 component
#   meta:
#     ucd: time.phase
# - 
#   name: geom_model_gaussian1_phase_error
#   datatype: float32
#   description: "Uncertainty of \\texttt{geomModelGaussian1Phase}"
#   meta:
#     ucd: stat.error;time.phase
# - 
#   name: geom_model_gaussian1_sigma
#   datatype: float32
#   description: "Standard deviation [phase] of Gaussian 1 component"
#   meta:
#     ucd: stat.stdev
# - 
#   name: geom_model_gaussian1_sigma_error
#   datatype: float32
#   description: "Uncertainty of \\texttt{geomModelGaussian1Sigma}"
#   meta:
#     ucd: stat.error
# - 
#   name: geom_model_gaussian1_depth
#   datatype: float32
#   unit: mag
#   description: Magnitude depth of Gaussian 1 component
#   meta:
#     ucd: src.var.amplitude
# - 
#   name: geom_model_gaussian1_depth_error
#   datatype: float32
#   unit: mag
#   description: "Uncertainty of \\texttt{geomModelGaussian1Depth}"
#   meta:
#     ucd: stat.error;src.var.amplitude
# - 
#   name: geom_model_gaussian2_phase
#   datatype: float32
#   description: Phase of Gaussian 2 component
#   meta:
#     ucd: time.phase
# - 
#   name: geom_model_gaussian2_phase_error
#   datatype: float32
#   description: "Uncertainty of \\texttt{geomModelGaussian2Phase}"
#   meta:
#     ucd: stat.error;time.phase
# - 
#   name: geom_model_gaussian2_sigma
#   datatype: float32
[...]
#   datatype: float32
#   description: "Secondary eclipse: uncertainty of \\texttt{derivedSecondaryEclDuration}"
#   meta:
#     ucd: stat.error;time.duration
# - 
#   name: derived_secondary_ecl_depth
#   datatype: float32
#   unit: mag
#   description: "Secondary eclipse: depth"
#   meta:
#     ucd: src.var.amplitude
# - 
#   name: derived_secondary_ecl_depth_error
#   datatype: float32
#   unit: mag
#   description: "Secondary eclipse: uncertainty of \\texttt{derivedSecondaryEclDepth}"
#   meta:
#     ucd: stat.error;src.var.amplitude
solution_id,source_id,global_ranking,reference_time,frequency,frequency_error,geom_model_reference_level,geom_model_reference_level_error,geom_model_gaussian1_phase,geom_model_gaussian1_phase_error,geom_model_gaussian1_sigma,geom_model_gaussian1_sigma_error,geom_model_gaussian1_depth,geom_model_gaussian1_depth_error,geom_model_gaussian2_phase,geom_model_gaussian2_phase_error,geom_model_gaussian2_sigma,geom_model_gaussian2_sigma_error,geom_model_gaussian2_depth,geom_model_gaussian2_depth_error,geom_model_cosine_half_period_amplitude,geom_model_cosine_half_period_amplitude_error,geom_model_cosine_half_period_phase,geom_model_cosine_half_period_phase_error,model_type,num_model_parameters,reduced_chi2,derived_primary_ecl_phase,derived_primary_ecl_phase_error,derived_primary_ecl_duration,derived_primary_ecl_duration_error,derived_primary_ecl_depth,derived_primary_ecl_depth_error,derived_secondary_ecl_phase,derived_secondary_ecl_phase_error,derived_secondary_ecl_duration,derived_secondary_ecl_duration_error,derived_secondary_ecl_depth,derived_secondary_ecl_depth_error
[from data line 748]
375316653866487564,4037215210416606464,0.47410816,2361.3993602780643,1.031059606212985,3.3420616E-5,16.952055,0.0240055,0.26799622,0.015017982,0.08134811,0.033527583,0.16036011,0.04053313,0.772807,0.004885257,0.08054832,0.014963983,0.21264964,0.018811176,null,null,null,null,"TWOGAUSSIANS",8,19.655825,0.772807,0.004885257,0.4,0.0,0.20979641,0.014948309,0.26799622,0.015017982,0.4,0.021274429,0.15750687,0.04583886
375316653866487564,4037215249043375488,0.44834602,2438.024076135758,4.535440813249153,8.205911E-5,19.235876,0.36481643,0.18730594,0.03436217,0.18242373,0.14169222,0.3695866,0.34324843,0.60261625,0.038593527,0.13595456,0.031003008,0.6887761,0.23436187,null,null,null,null,"TWOGAUSSIANS",8,2.2275422,0.60261625,0.038593527,0.4,0.0,0.5488052,0.09727618,0.20628594,0.026159732,0.4,0.0,0.20763336,0.052186813
375316653866487564,4037215283407470848,0.5163063,2336.656333008197,0.11578176537248878,2.2295866E-5,19.235636,0.051423084,0.143421,0.006271745,0.055586003,0.0059430413,0.42168924,0.05279048,0.73954386,0.009965487,0.14396802,0.022778722,0.45112872,0.045450922,null,null,null,null,"TWOGAUSSIANS",8,3.8560889,0.73954386,0.009965487,0.4,0.0,0.44185883,0.039094146,0.142151,0.006108708,0.31128162,0.033281032,0.4214305,0.05119655
375316653866487564,4037215489560142080,0.49512208,2366.902122535932,1.5669865808403254,2.5854495E-5,18.393353,0.0052397493,0.15244325,0.0151868975,0.05456833,0.009713364,0.10881008,0.02538575,0.6441326,0.013530312,0.06472989,0.0061496594,0.2748125,0.04582638,null,null,null,null,"TWOGAUSSIANS",8,5.5740643,0.6441326,0.013530312,0.3624874,0.034438092,0.2747717,0.045792367,0.15244325,0.0151868975,0.30558267,0.054394837,0.10876929,0.02540532
375316653866487564,4037215627150414208,0.5651057,2376.354412791849,2.9565335875193566,9.6133925E-5,18.161898,0.023176692,0.28735468,0.013490382,0.067513,0.013882987,0.37692744,0.028340733,0.80091166,0.02722111,0.07416959,0.023534477,0.26470354,0.06384912,null,null,null,null,"TWOGAUSSIANS",8,0.9950439,0.28735468,0.013490382,0.3780728,0.035902407,0.37605122,0.025711948,0.80091166,0.02722111,0.4,0.03831085,0.26382732,0.06618486
375316653866487564,4037215661468651008,0.49143794,2333.4590061023414,0.12515794316748197,9.83981E-5,19.221104,0.016426837,0.1636271,0.009566622,0.042397775,0.009954642,0.33573875,0.16272761,0.77426475,0.014879557,0.10076159,0.016199397,0.23384695,0.028759524,null,null,null,null,"TWOGAUSSIANS",8,3.0024233,0.1635971,0.00956874,0.23742753,0.055745993,0.33581954,0.16277085,0.77426475,0.014879557,0.4,0.0,0.23379387,0.028785024
375316653866487564,4037216073675502976,0.42281482,2302.2624077551686,0.08827809906116221,2.3171247E-5,19.361607,0.028622273,null,null,null,null,null,null,null,null,null,null,null,null,0.22761418,0.02110528,0.19284028,0.016126366,"ELLIPSOIDAL",4,30.395,null,null,null,null,null,null,null,null,null,null,null,null
375316653866487564,4037216211115036928,0.5603362,2381.432403521982,0.01863129893146973,2.2870825E-5,19.23723,0.009790421,0.21683508,0.015697079,0.021041617,0.032051645,0.061574496,2.2427845,0.6948134,0.005308388,0.075875245,0.0048757736,0.42221496,0.018588379,null,null,null,null,"TWOGAUSSIANS",8,1.697174,0.6948134,0.005308388,0.4,0.0,0.42221472,0.018579215,0.21683508,0.015697079,0.117833056,0.17948921,0.061574265,2.2427864
375316653866487564,4037216382918172928,0.44362947,2360.8667827978584,3.337733447555633,1.5128932E-4,16.352451,0.008421523,0.18994738,0.047290288,0.035152614,0.019961521,0.16778359,0.46985784,0.70072395,0.010685616,0.10188127,0.016153729,0.0984617,0.017448403,null,null,null,null,"TWOGAUSSIANS",8,69.41532,0.18994738,0.047299936,0.19685464,0.11178452,0.16759636,0.47004938,0.70072395,0.010685616,0.4,0.0,0.09827316,0.017468054
375316653866487564,4037216417273830016,0.49676538,2340.6629909460326,1.5896746469232674,2.3360564E-5,17.380636,0.021234373,0.28581113,0.019146683,0.07239214,0.037402675,0.103280365,0.031892847,0.77782696,0.0059499806,0.11509979,0.021967366,0.14322811,0.016830016,null,null,null,null,"TWOGAUSSIANS",8,7.2238503,0.77782696,0.0059499806,0.4,0.0,0.13696621,0.010301173,0.28582114,0.01921025,0.4,0.050205197,0.09704234,0.04013253
375316653866487564,4037216447350674816,0.43707633,2336.0827854957806,1.0442011660029014,5.213654E-5,17.606667,0.013206318,0.32553452,0.03218194,0.098070316,0.046161193,0.09148059,0.02762928,0.79826415,0.025550205,0.0817903,0.02883504,0.059260637,0.023459343,null,null,null,null,"TWOGAUSSIANS",8,10.820212,0.32553452,0.03218194,0.4,0.0,0.08944711,0.027877808,0.79826415,0.025550205,0.4,0.06024145,0.05722802,0.022639602
375316653866487564,4037216623541430144,0.44219646,2333.1981131638545,2.6690604120781494,3.325829E-5,18.71469,0.0076654707,0.3094219,0.014910417,0.03368647,0.021795537,0.114294514,13.31459,0.7930722,0.0058958433,0.018383086,0.0061314474,0.14434974,0.04650174,0.049796592,0.014219594,0.3094219,0.014910417,"TWOGAUSSIANS_WITH_ELLIPSOIDAL_ON_ECLIPSE1",9,9.075107,0.79336226,0.0057730908,0.10294528,0.034336105,0.24291427,0.04593514,0.3094219,0.014910417,0.18864423,0.12205501,0.21388763,13.32119
375316653866487564,4037216692152235008,0.5461242,2290.3485431213467,2.7000450096192066,1.7427079E-5,19.102829,0.063429184,0.27000764,0.007649318,0.100144885,0.018190846,0.3380736,0.06487981,0.7906561,0.0056172563,0.09891339,0.015591472,0.36200848,0.06245359,null,null,null,null,"TWOGAUSSIANS",8,2.2356343,0.7906561,0.0056189583,0.4,0.0,0.33914506,0.027663814,0.27000764,0.0076466366,0.4,0.0,0.31520936,0.03369026
375316653866487564,4037216726511929344,0.49501976,2310.5641157056716,0.1757591612938097,3.923133E-5,19.289131,0.019672085,0.34538126,0.024745556,0.08072059,0.04762716,0.13966884,0.19552945,0.78877944,0.008919024,0.09698516,0.014236797,0.21953823,0.019991519,null,null,null,null,"TWOGAUSSIANS",8,1.8855625,0.78877944,0.008919024,0.4,0.0,0.21690322,0.017252471,0.34539127,0.02475984,0.4,0.1971733,0.13704017,0.19784024
375316653866487564,4037216825286621184,0.4889927,2363.025901881913,0.2355135438662605,3.6661295E-5,17.380676,0.005998145,0.23416783,0.014530819,0.13075209,0.02002019,0.07316376,0.006155279,0.60180104,0.008459674,0.03091173,0.005397062,0.19342996,0.032597937,null,null,null,null,"TWOGAUSSIANS",8,4.685771,0.60180104,0.008459674,0.17310569,0.030223547,0.19472902,0.032580163,0.23416783,0.014530819,0.4,0.0,0.07305736,0.006052578
375316653866487564,4037216829591776128,0.42415097,2360.349608355861,0.042370650265033595,6.806731E-5,18.697533,0.4427298,0.36567926,0.013035395,0.24130751,0.12094008,0.36990392,0.39756057,0.90801054,0.038796723,0.018245935,0.014942029,0.5416372,2.4633594,null,null,null,null,"TWOGAUSSIANS",8,11.008676,0.90814054,0.0387608,0.10217724,0.08367536,0.54389226,2.4632916,0.36567926,0.013035395,0.4,0.0,0.28145537,0.03479013
375316653866487564,4037217031473069568,0.55844784,2337.536681345982,1.8833665395676304,2.338176E-5,17.711388,0.015256449,0.2699892,0.0042836447,0.082074516,0.005705785,0.5160996,0.01857111,0.7887785,0.008422701,0.09016714,0.014189937,0.1728054,0.016232908,null,null,null,null,"TWOGAUSSIANS",8,9.999075,0.2699892,0.0042836447,0.4,0.0,0.51000166,0.01575037,0.7887785,0.008422701,0.4,0.0,0.1667074,0.014563344
375316653866487564,4037217310627864064,0.6496081,2341.054520691702,2.8170179676112928,3.1661762E-6,16.633436,0.015041793,0.23231214,0.0041627795,0.05923543,0.009719718,0.18946834,0.02771577,0.7292615,0.0067561627,0.06653696,0.011156462,0.10240852,0.029574303,0.072906345,0.01609558,0.23231214,0.0041627795,"TWOGAUSSIANS_WITH_ELLIPSOIDAL_ON_ECLIPSE1",9,4.346074,0.23231214,0.0041627795,0.33171842,0.05443042,0.33518025,0.009294359,0.7302715,0.0051106303,0.372607,0.06087049,0.24808465,0.0045432146
375316653866487564,4037217344987897856,0.55851287,2316.2653517526965,1.0588231637196857,7.703122E-5,18.71502,0.009724073,0.2672949,0.0026782916,0.03856027,0.0028878944,1.1846534,0.4043424,0.7598385,0.0055769715,0.06331651,0.009324603,0.18301539,0.016051106,null,null,null,null,"TWOGAUSSIANS",8,5.299693,0.2672949,0.0026782916,0.21593753,0.016172208,1.1846505,0.40434393,0.7598385,0.0055769715,0.35457247,0.052217774,0.18301252,0.016051074
375316653866487564,4037217546836505088,0.44641086,2316.1780983418503,0.429067572203871,7.632543E-5,18.53933,0.009147111,0.24465643,0.016733313,0.009280681,0.013120956,0.49146745,3.427351E20,0.5026183,0.017438618,0.071302995,0.013250548,0.27265027,0.023396077,0.08148753,0.008946958,0.24465643,0.016733313,"TWOGAUSSIANS_WITH_ELLIPSOIDAL_ON_ECLIPSE1",9,5.50667,0.24465643,0.016736925,0.05197181,0.07347735,0.6548339,3.427351E20,0.5051283,0.019655632,0.39929676,0.042059425,0.2731852,0.023045953
375316653866487564,4037217585509530112,0.50799775,2395.0332560924367,0.46443986470683907,5.4539407E-5,17.723452,0.0060407505,0.23093951,0.021009795,0.044740297,0.029993372,1.1953206,1.1116102,0.7614286,0.014929321,0.04983486,0.022867577,0.13545413,0.07814458,null,null,null,null,"TWOGAUSSIANS",8,4.9173813,0.23093951,0.021009795,0.25054565,0.14599669,1.1953205,1.1117648,0.7614286,0.014929321,0.2790752,0.12805843,0.13545403,0.078178205
375316653866487564,4037217757304891264,0.5278533,2334.4007128294284,3.3021958101877003,4.54613E-5,18.38546,0.022675963,0.2798277,0.008269374,0.08081664,0.010904544,0.41439337,0.06786559,0.765111,0.010206107,0.08082344,0.008000982,0.5837271,0.037786443,null,null,null,null,"TWOGAUSSIANS",8,23.188013,0.765111,0.010206107,0.4,0.0,0.57755697,0.03617469,0.2798277,0.008269374,0.4,0.0,0.4082232,0.070217736
375316653866487564,4037217787360622464,0.5312602,2350.7464510273317,0.3373044768025865,2.697502E-5,17.19075,0.0025812665,0.35323796,0.0070118997,0.013731089,0.009943734,0.028042208,12.296876,0.85476255,0.014726879,0.019291619,0.013856256,0.12645616,0.0132131325,0.025601782,0.0060732765,0.35323796,0.0070118997,"TWOGAUSSIANS_WITH_ELLIPSOIDAL_ON_ECLIPSE1",9,4.2843785,0.85476255,0.014433584,0.10803307,0.07759503,0.17765498,0.009373067,0.35323796,0.0070118997,0.076894104,0.05568491,0.07924574,12.296731
375316653866487564,4037217826024615168,0.58854896,2323.5838697378654,1.8512139658867992,1.128663E-5,15.412542,0.01039207,0.25647596,0.0029090224,0.08519314,0.0062553454,0.3339852,0.014718169,0.7542975,0.0025362081,0.096191324,0.006428674,0.30289957,0.010534731,null,null,null,null,"TWOGAUSSIANS",8,32.948437,0.25647596,0.0029090224,0.4,0.0,0.32028785,0.017197574,0.7542975,0.0025362081,0.4,0.0,0.28920144,0.011279998
375316653866487564,4037217963464275328,0.4847951,2321.701212634986,2.9851177820328068,5.851856E-5,19.255127,0.023991318,0.22592914,0.011586276,0.037635073,0.0070368242,0.8668426,0.07333876,0.73724943,0.060069147,0.07349577,0.049730957,0.10436909,2.210705,null,null,null,null,"TWOGAUSSIANS",8,2.9559486,0.22592914,0.011586276,0.2107564,0.039406218,0.8668328,0.07330107,0.73724943,0.060069147,0.4,0.26188338,0.10435925,2.2107158
375316653866487564,4037218032291012352,0.45226112,2343.198855945909,0.28121203792149474,5.0969094E-5,18.984827,0.5494658,0.32737228,0.046069358,0.109108105,0.043671418,0.24928045,0.4201586,0.7809259,0.027942661,0.059595715,0.15763508,0.50203764,0.31673756,null,null,null,null,"TWOGAUSSIANS",8,8.906335,0.7809259,0.027942661,0.333736,0.07845723,0.4989248,0.18907095,0.32737228,0.033528283,0.4,0.0,0.24612261,0.05828897
375316653866487564,4037218066543320832,0.47953603,2325.8911124221095,0.10650145600902886,2.6290947E-5,19.412102,0.09565979,0.27039316,0.007622185,0.041943356,0.016403068,0.54000866,0.092153534,0.6751719,0.0055053085,0.21590236,0.023379624,0.6943571,0.0947277,null,null,null,null,"TWOGAUSSIANS",8,9.232558,0.6751719,0.0055053085,0.4,0.0,0.5895194,0.05190753,0.27322316,0.007063048,0.2348828,0.09185719,0.5716205,0.11157023
375316653866487564,4037218169621736576,0.4440646,2374.642990560885,0.05697199371287452,3.922965E-5,19.201494,0.0119657535,0.33080155,0.022559639,0.09410078,0.020579774,0.09702164,0.013741306,0.73002076,0.010809566,0.07527674,0.009752148,0.3138783,0.09448359,null,null,null,null,"TWOGAUSSIANS",8,2.699166,0.73002076,0.010809566,0.4,0.0053035547,0.3133001,0.09431251,0.33080155,0.022558918,0.4,0.0,0.09643173,0.013207256
375316653866487564,4037218444500219008,0.46838555,2424.2097231452376,0.9031983045721743,7.411697E-5,18.535847,0.011240851,0.26887074,0.017035963,0.105625786,0.021582907,0.07709001,0.014121055,0.7915716,0.08878047,0.02546275,0.009097421,0.39014435,0.22827317,null,null,null,null,"TWOGAUSSIANS",8,4.007978,0.7915716,0.088799454,0.1425914,0.050945558,0.39008915,0.22801094,0.26887074,0.017035963,0.4,0.0,0.07703159,0.014061099
375316653866487564,4037218547579701632,0.47859448,2409.268050401586,1.090773869838686,3.113529E-5,19.598534,0.0993375,0.11873378,0.0047608414,0.03911266,0.018711485,0.2221307,0.09502203,0.54937303,0.05245174,0.16173641,0.084411636,0.5187309,0.5814275,null,null,null,null,"TWOGAUSSIANS",8,4.043653,0.54937303,0.05245174,0.4,0.0,0.504212,0.5967594,0.12031378,0.0032664519,0.2190309,0.10478432,0.2238248,0.0945025
375316653866487564,4037218680739950592,0.48076347,2353.429475286149,1.0828828990075685,6.7583483E-6,18.721283,0.006823453,0.3327372,0.0034265951,0.030335944,0.002596493,0.3408132,0.04548833,0.8592432,0.027180204,0.02036441,0.007470022,0.5482608,0.45721596,null,null,null,null,"TWOGAUSSIANS",8,5.7088594,0.8592432,0.027180204,0.114040695,0.041832123,0.5482608,0.45721596,0.3327372,0.0034265951,0.16988128,0.014540361,0.3408132,0.04548833
375316653866487564,4037218680750154496,0.457579,2370.516394096734,2.755501676975507,2.8357857E-5,18.299646,0.21810392,0.30223426,0.016060326,0.11451012,0.05349123,0.34008268,0.20785868,0.7930111,0.007901838,0.10732088,0.040077217,0.458705,0.20075658,null,null,null,null,"TWOGAUSSIANS",8,37.902462,0.7930111,0.007901838,0.4,0.0,0.4026117,0.03835389,0.30224428,0.016080763,0.4,0.0,0.28395632,0.06402192
375316653866487564,4037218685126123392,0.4435999,2361.8730836788045,0.15709503357661228,2.296156E-5,19.317446,0.009567609,0.26552966,0.013080766,0.12328361,0.021675106,0.17060576,0.025221284,0.85555506,0.021853926,0.036344048,0.016382212,0.18541867,0.049007498,null,null,null,null,"TWOGAUSSIANS",8,2.1626909,0.85568506,0.021833023,0.20352668,0.091740385,0.18577449,0.04864653,0.26552966,0.013080766,0.4,0.0,0.17028153,0.025581112
375316653866487564,4037218856817675264,0.47058043,2361.563110755825,0.3653241257552354,7.3865845E-6,16.799297,0.4613389,0.30919456,0.028921986,0.3338033,0.16792825,0.56378525,0.44320625,0.6981221,0.013435111,0.101725474,0.009554633,0.75343627,0.07897757,null,null,null,null,"TWOGAUSSIANS",8,59.676167,0.6981221,0.013435111,0.4,0.0,0.70779836,0.08740415,0.31473458,0.030265808,0.4,0.0,0.1397769,0.024766348
375316653866487564,4037218886898384384,0.5429304,2367.5654932016314,2.228436716725662,1.7029419E-5,18.214865,0.029759519,0.27266958,0.003979975,0.10511471,0.009807568,0.2981094,0.03033772,0.7777673,0.0029761805,0.10452432,0.013794793,0.2704942,0.02417795,null,null,null,null,"TWOGAUSSIANS",8,3.9438589,0.27266958,0.0039858515,0.4,0.0,0.2669472,0.015779074,0.7777673,0.0029777018,0.4,0.0,0.2393335,0.018956436
375316653866487564,4037218925537846400,0.5577252,2357.719309013953,2.865434378005787,9.938439E-6,19.114115,0.018534603,0.2062286,0.006713334,0.088235706,0.008251449,0.52041227,0.05333184,0.70020074,0.0039475844,0.07059221,0.0066258144,0.53154737,0.027994871,null,null,null,null,"TWOGAUSSIANS",8,2.8345685,0.70020074,0.0039475844,0.39531636,0.026013356,0.52502644,0.028272025,0.2062286,0.006713334,0.4,0.0,0.5138912,0.0545252
