Gaia/vari_eclipsing_binary/VariEclipsingBinary_323755-325433.csv
# %ECSV 1.0
# ---
# delimiter: ','
# meta: !!omap
# - RELEASE: Gaia DR3
# - TABLE: vari_eclipsing_binary
# - DESCRIPTION: >
#     This table describes the properties of the eclipsing binaries resulting from the variability analysis. 
# - CITATION: >
#     How to cite and acknowledge Gaia: 
#     https://gea.esac.esa.int/archive/documentation/credits.html 
# - KNOWN_ISSUES: >
#     Known issues: 
#     https://www.cosmos.esa.int/web/gaia-users/known-issues 
# - DOCUMENTATION: >
#     Tutorials and documentation: 
#     https://www.cosmos.esa.int/web/gaia-users/archive 
# datatype:
# - 
#   name: solution_id
#   datatype: int64
#   description: Solution Identifier
#   meta:
#     ucd: meta.version
# - 
#   name: source_id
#   datatype: int64
#   description: Unique source identifier
#   meta:
#     ucd: meta.id;meta.main
# - 
#   name: global_ranking
#   datatype: float32
#   description: Number between 0 (worst) and 1 (best)
#   meta:
#     ucd: stat.param
# - 
#   name: reference_time
#   datatype: float64
#   unit: d
#   description: Reference time used for the geometric model fit
#   meta:
#     ucd: time.epoch
# - 
#   name: frequency
#   datatype: float64
#   unit: d**-1
#   description: Frequency of geometric model of the eclipsing binary light curve
#   meta:
#     ucd: src.orbital
# - 
#   name: frequency_error
#   datatype: float32
#   unit: d**-1
#   description: "Uncertainty of \\texttt{frequency}"
#   meta:
#     ucd: stat.error
# - 
#   name: geom_model_reference_level
#   datatype: float32
#   unit: mag
#   description: Magnitude reference level of geometric model
#   meta:
#     ucd: phot.mag;em.opt
# - 
#   name: geom_model_reference_level_error
#   datatype: float32
#   unit: mag
#   description: "Uncertainty of \\texttt{geomModelReferenceLevel}"
#   meta:
#     ucd: stat.error;phot.mag;em.opt
# - 
#   name: geom_model_gaussian1_phase
#   datatype: float32
#   description: Phase of the Gaussian 1 component
#   meta:
#     ucd: time.phase
# - 
#   name: geom_model_gaussian1_phase_error
#   datatype: float32
#   description: "Uncertainty of \\texttt{geomModelGaussian1Phase}"
#   meta:
#     ucd: stat.error;time.phase
# - 
#   name: geom_model_gaussian1_sigma
#   datatype: float32
#   description: "Standard deviation [phase] of Gaussian 1 component"
#   meta:
#     ucd: stat.stdev
# - 
#   name: geom_model_gaussian1_sigma_error
#   datatype: float32
#   description: "Uncertainty of \\texttt{geomModelGaussian1Sigma}"
#   meta:
#     ucd: stat.error
# - 
#   name: geom_model_gaussian1_depth
#   datatype: float32
#   unit: mag
#   description: Magnitude depth of Gaussian 1 component
#   meta:
#     ucd: src.var.amplitude
# - 
#   name: geom_model_gaussian1_depth_error
#   datatype: float32
#   unit: mag
#   description: "Uncertainty of \\texttt{geomModelGaussian1Depth}"
#   meta:
#     ucd: stat.error;src.var.amplitude
# - 
#   name: geom_model_gaussian2_phase
#   datatype: float32
#   description: Phase of Gaussian 2 component
#   meta:
#     ucd: time.phase
# - 
#   name: geom_model_gaussian2_phase_error
#   datatype: float32
#   description: "Uncertainty of \\texttt{geomModelGaussian2Phase}"
#   meta:
#     ucd: stat.error;time.phase
# - 
#   name: geom_model_gaussian2_sigma
#   datatype: float32
[...]
#   datatype: float32
#   description: "Secondary eclipse: uncertainty of \\texttt{derivedSecondaryEclDuration}"
#   meta:
#     ucd: stat.error;time.duration
# - 
#   name: derived_secondary_ecl_depth
#   datatype: float32
#   unit: mag
#   description: "Secondary eclipse: depth"
#   meta:
#     ucd: src.var.amplitude
# - 
#   name: derived_secondary_ecl_depth_error
#   datatype: float32
#   unit: mag
#   description: "Secondary eclipse: uncertainty of \\texttt{derivedSecondaryEclDepth}"
#   meta:
#     ucd: stat.error;src.var.amplitude
solution_id,source_id,global_ranking,reference_time,frequency,frequency_error,geom_model_reference_level,geom_model_reference_level_error,geom_model_gaussian1_phase,geom_model_gaussian1_phase_error,geom_model_gaussian1_sigma,geom_model_gaussian1_sigma_error,geom_model_gaussian1_depth,geom_model_gaussian1_depth_error,geom_model_gaussian2_phase,geom_model_gaussian2_phase_error,geom_model_gaussian2_sigma,geom_model_gaussian2_sigma_error,geom_model_gaussian2_depth,geom_model_gaussian2_depth_error,geom_model_cosine_half_period_amplitude,geom_model_cosine_half_period_amplitude_error,geom_model_cosine_half_period_phase,geom_model_cosine_half_period_phase_error,model_type,num_model_parameters,reduced_chi2,derived_primary_ecl_phase,derived_primary_ecl_phase_error,derived_primary_ecl_duration,derived_primary_ecl_duration_error,derived_primary_ecl_depth,derived_primary_ecl_depth_error,derived_secondary_ecl_phase,derived_secondary_ecl_phase_error,derived_secondary_ecl_duration,derived_secondary_ecl_duration_error,derived_secondary_ecl_depth,derived_secondary_ecl_depth_error
[from data line 357]
375316653866487564,2861028215816476032,0.5797561,2135.752182710767,3.057601710947747,1.2554493E-5,17.358536,0.0047118203,0.3805151,0.001953773,0.057120193,0.0019714553,0.5697235,0.015035919,0.90441096,0.038246255,0.033323828,0.024819974,0.03498045,0.068393394,null,null,null,null,"TWOGAUSSIANS",8,19.336935,0.3805151,0.001953773,0.3198731,0.011040149,0.5697235,0.015035911,0.90441096,0.038246255,0.18661344,0.13899186,0.034980427,0.068393424
375316653866487564,2861052744372852224,0.44390106,2163.951808033839,0.34540007477131535,3.9842023E-5,18.804533,0.00978221,0.42694938,0.019534728,0.14951222,0.03470364,0.15798254,0.015668496,0.78517514,0.027153276,0.042428277,0.03765167,0.05942895,4.274226,null,null,null,null,"TWOGAUSSIANS",8,3.8745599,0.42694938,0.019534728,0.4,0.0,0.15668246,0.01725617,0.78517514,0.027153276,0.23759836,0.21084934,0.067099206,4.271172
375316653866487564,2861053435863675648,0.60133606,2217.2491221131927,2.950314679581097,9.516831E-6,16.735287,0.009766692,0.15080076,0.0011672031,0.03817867,0.002323416,0.57356143,0.031268,0.6505405,0.0029531415,0.035874587,0.0023982418,0.56026393,0.035746098,0.12941831,0.015299922,0.15080076,0.0011672031,"TWOGAUSSIANS_WITH_ELLIPSOIDAL_ON_ECLIPSE1",9,46.838387,0.15080076,0.0011672031,0.21380056,0.01301113,0.83239794,0.030093685,0.6505505,0.002863359,0.20089768,0.013430154,0.8190998,0.025732819
375316653866487564,2861163799343325952,0.5095686,2110.7287785534486,3.6346332740548246,1.54149E-5,18.992277,0.050371554,0.28337052,0.0047604716,0.09858429,0.01751093,0.2606196,0.045458347,0.77195036,0.0096179405,0.11571943,0.02658796,0.27234796,0.043620653,null,null,null,null,"TWOGAUSSIANS",8,2.1252282,0.77195036,0.0096179405,0.4,0.0,0.24150667,0.020315135,0.2834005,0.0047424906,0.4,0.0,0.22982903,0.013863778
375316653866487564,2861280553734703232,0.53484845,2098.8543683911216,2.359584917032224,1.0924151E-5,13.610133,0.006786868,0.29719654,0.0032171656,0.09929552,0.006656574,0.13219666,0.00706749,0.7988169,0.0036868632,0.092040606,0.009728051,0.120006025,0.0055493745,null,null,null,null,"TWOGAUSSIANS",8,67.20695,0.29719654,0.0032171656,0.4,0.0,0.124082334,0.0052419635,0.7988169,0.0036868632,0.4,0.0,0.11189243,0.003663897
375316653866487564,2861334288069165952,0.55395013,2030.5105324630729,0.9112189197512195,1.5266733E-5,19.423422,0.0044111237,0.124753155,0.001243017,0.016647046,8.3369756E-4,0.62595063,0.019130044,0.6197618,0.008476919,0.013167496,0.0058218385,0.76044095,0.25610563,null,null,null,null,"TWOGAUSSIANS",8,2.133584,0.6197618,0.008476919,0.07373798,0.032602295,0.76044095,0.25610563,0.124753155,0.001243017,0.09322346,0.0046687066,0.62595063,0.019130044
375316653866487564,2861404317512174464,0.57671785,2077.8006643197855,2.621022262200736,6.6164525E-6,14.825643,0.004214645,0.27824482,0.0020625058,0.08821185,0.0031936795,0.1525809,0.004712311,0.77062577,0.0022647616,0.088432655,0.0026195082,0.25041857,0.0063150846,null,null,null,null,"TWOGAUSSIANS",8,33.284706,0.77062577,0.0022647616,0.4,0.0,0.24414891,0.005750184,0.27824482,0.0020625058,0.4,0.0,0.14631125,0.0037670108
375316653866487564,2861417717810153472,0.48088413,2054.8816297088742,0.2970181235405637,8.22352E-5,13.163648,0.0015567576,0.47603083,0.059095703,0.022261746,0.017308539,0.43817022,1.34842,null,null,null,null,null,null,null,null,null,null,"ONEGAUSSIAN",5,473.42773,0.47603083,0.059095703,0.12466578,0.096927814,0.43817022,0.0,null,null,null,null,null,null
375316653866487564,2861429709358831744,0.5497222,2099.1079699284987,2.610892621303987,9.709562E-6,13.005558,0.015928954,0.16409281,0.0035203171,0.09089915,0.005043014,0.41644856,0.021961188,0.6670025,0.0016775216,0.086461544,0.004545332,0.40209597,0.012949865,null,null,null,null,"TWOGAUSSIANS",8,737.3836,0.16409281,0.0035203171,0.4,0.0,0.4017549,0.020326769,0.6670025,0.0016775216,0.4,0.0,0.38740247,0.009151961
375316653866487564,2861497432402627968,0.62023056,2229.90319379889,3.353066497880186,9.440551E-6,15.743521,0.0031570408,0.31932515,0.004691817,0.033752218,0.0023801283,0.31120637,0.027561923,0.81229043,0.0020539907,0.037530202,0.0017514229,0.31682247,0.010778902,0.030056948,0.004677551,0.31932515,0.004691817,"TWOGAUSSIANS_WITH_ELLIPSOIDAL_ON_ECLIPSE1",9,18.007113,0.81244045,0.0019920333,0.21016914,0.0098079685,0.37682125,0.00762677,0.31932515,0.004691817,0.18901241,0.013328719,0.3713201,0.027934888
375316653866487564,2861503234902623232,0.62384635,2229.4564239242,2.7169453111174597,6.0240136E-6,12.986493,0.0053379037,0.24010667,0.0013518417,0.08746637,0.0022506474,0.3967606,0.008547972,0.73904145,0.0014955637,0.07748476,0.002536103,0.4539059,0.009628629,null,null,null,null,"TWOGAUSSIANS",8,160.35666,0.73904145,0.0014955637,0.4,0.0,0.4455478,0.009971209,0.24010667,0.0013518417,0.4,0.0,0.38840243,0.008648681
375316653866487564,2861504854106188672,0.5609599,2236.931409294829,2.425401008448656,6.6084226E-6,12.588338,0.00798397,0.18368578,0.005806218,0.044839256,0.0063045365,0.1261944,0.024159005,0.6799407,0.00306924,0.04494222,0.008457278,0.101781934,0.021844279,0.09194505,0.015012246,0.6799407,0.00306924,"TWOGAUSSIANS_WITH_ELLIPSOIDAL_ON_ECLIPSE2",9,371.68237,0.18298578,0.0044609895,0.25109982,0.035305403,0.3100018,0.013542958,0.6799407,0.00306924,0.25167644,0.047360756,0.285672,0.011337185
375316653866487564,2861533853725351424,0.53729457,2168.226161924177,2.741539730682628,9.821557E-6,19.412628,0.007071542,0.26169953,0.005051745,0.04113732,0.0034998183,0.41714665,0.0901937,0.753579,0.02335815,0.03027802,0.045949988,0.92050195,0.7951008,null,null,null,null,"TWOGAUSSIANS",8,1.9934939,0.753579,0.02335815,0.16955692,0.23630276,0.92050195,0.79512626,0.26169953,0.005051745,0.23036899,0.019598981,0.41714665,0.09019574
375316653866487564,2861562745970678528,0.5122407,2244.446063353109,0.2965630833169168,4.0549978E-5,17.403793,0.0043660062,0.3163288,0.07180242,0.040365223,0.023157785,0.1913087,0.15487826,0.8028475,0.0034573728,0.025092952,0.005792324,0.21886632,0.013378592,null,null,null,null,"TWOGAUSSIANS",8,11.510298,0.8028475,0.0034573728,0.14052053,0.03243701,0.21886632,0.013378592,0.3163288,0.07180242,0.22604525,0.1296836,0.1913087,0.15487826
375316653866487564,2861568003010383744,0.5743447,2228.2108869740973,2.6438739494977943,1.4377342E-5,12.108706,0.045375403,0.17121565,0.009273362,0.104543544,0.020044215,0.4075122,0.041315924,0.6725924,0.0026960317,0.0970945,0.010237595,0.4687655,0.04222746,null,null,null,null,"TWOGAUSSIANS",8,1093.8884,0.6725924,0.0026965337,0.4,0.0,0.429226,0.019032445,0.17121565,0.009273362,0.4,0.0,0.36796552,0.016531056
375316653866487564,2861570889228738432,0.50192225,2217.9662552074356,1.4222015575696125,1.0081818E-5,18.675007,0.008433347,0.27509558,0.017579693,0.107176855,0.016821548,0.08550889,0.013423091,0.7910989,0.0015721124,0.023162032,0.0016823396,0.4219584,0.016752059,null,null,null,null,"TWOGAUSSIANS",8,5.674327,0.7910989,0.0015721124,0.12970738,0.009421102,0.4218937,0.016742557,0.27509558,0.017579693,0.4,0.0,0.08544023,0.013441387
375316653866487564,2861590512933997440,0.5527981,2198.3569286114684,2.749422642405429,1.3262197E-5,15.873288,0.0030622967,0.25210598,0.0026878016,0.022326149,0.0145006925,0.12085676,0.30573598,0.75793034,0.0095606325,0.042021934,0.011689555,0.07328356,0.01942408,0.08259471,0.0058649904,0.25210598,0.0026878016,"TWOGAUSSIANS_WITH_ELLIPSOIDAL_ON_ECLIPSE1",9,32.764465,0.25210598,0.0026878016,0.12502643,0.08120388,0.28604612,0.30763978,0.75793034,0.009531787,0.23532283,0.06546151,0.23825178,0.023058742
375316653866487564,2861630851266636160,0.49530596,2214.108303471788,2.765625043809056,4.6098176E-5,16.193228,0.044937305,0.20206814,0.004717215,0.09932019,0.021457689,0.19186969,0.038508087,0.707157,0.010221462,0.096482,0.029946286,0.25316173,0.023243362,null,null,null,null,"TWOGAUSSIANS",8,62.107773,0.707157,0.010224987,0.4,0.0,0.23740652,0.04070928,0.20206814,0.004717716,0.4,0.0,0.17611402,0.0075954697
375316653866487564,2861658953237828608,0.5929072,2259.102129306694,3.2359272655053006,2.1033506E-5,13.8124,0.06149831,0.23538752,0.0048019364,0.053929545,0.012875822,0.35829562,0.13813171,0.74249494,0.010312517,0.052851196,0.029417882,0.25144514,0.09420113,0.13076563,0.07168314,0.23538752,0.0048019364,"TWOGAUSSIANS_WITH_ELLIPSOIDAL_ON_ECLIPSE1",9,687.11237,0.23538752,0.0048019364,0.30200544,0.0721046,0.61981726,0.026646871,0.74249494,0.010273826,0.29596668,0.16474013,0.51244557,0.08138834
375316653866487564,2861672563989103360,0.46834004,2240.046176091623,3.1783192472341195,2.9971992E-5,14.23959,0.03488962,0.19583072,0.004630175,0.09927918,0.021581464,0.18135674,0.029097365,0.6902428,0.013410751,0.08702807,0.031247927,0.19502227,0.029701816,null,null,null,null,"TWOGAUSSIANS",8,81.29013,0.6902428,0.013410751,0.4,0.0,0.18560672,0.03652344,0.19583072,0.0046284646,0.4,0.0,0.17194006,0.0131890215
375316653866487564,2861673349968295040,0.5104866,2230.5931826083674,1.1393329739236011,2.3501303E-5,18.94064,0.004558347,0.2388004,0.0067794346,0.07975233,0.0067440057,0.15374574,0.012541971,0.7424237,0.005480967,0.070470266,0.0052784663,0.17042612,0.0072570466,null,null,null,null,"TWOGAUSSIANS",8,1.6636516,0.7424237,0.005480967,0.39463347,0.02091968,0.16925895,0.006956193,0.2388004,0.0067794346,0.4,0.0,0.15257859,0.012594623
375316653866487564,2861686681546257792,0.5806924,2238.9557131820493,3.307895671456192,9.0827825E-6,15.484568,0.0082699815,0.2685108,0.004791007,0.079557456,0.0056855776,0.42232138,0.018679075,0.7866638,0.0032309936,0.08299514,0.0040187784,0.34209144,0.014164789,null,null,null,null,"TWOGAUSSIANS",8,76.75903,0.2685108,0.004791007,0.4,0.0,0.4176106,0.019006923,0.7866638,0.0032309936,0.4,0.0,0.33738065,0.013790018
375316653866487564,2861706030374082688,0.6111587,2236.204865529233,3.1510265876349637,6.2012987E-6,13.745519,0.009771639,0.26194343,0.0015133171,0.08366062,0.0025456327,0.44578674,0.014310596,0.7591497,0.0023697084,0.08845394,0.003965192,0.4144585,0.016576381,null,null,null,null,"TWOGAUSSIANS",8,144.46567,0.26194343,0.0015133171,0.4,0.0,0.43374926,0.01393192,0.7591497,0.0023697084,0.4,0.0,0.40242094,0.017432364
375316653866487564,2861826358178362624,0.5468868,2231.5809052014906,0.6336383322958595,1.5386458E-5,18.124977,0.005139163,0.24304244,0.003180682,0.013380813,0.003381922,0.20170872,0.38810948,0.77234006,0.021448677,0.045393646,0.012805337,0.6451983,0.25491917,null,null,null,null,"TWOGAUSSIANS",8,9.105661,0.77234006,0.021448677,0.2542044,0.071709886,0.6451983,0.25491917,0.24304244,0.003180682,0.07493255,0.018938763,0.20170872,0.38810948
375316653866487564,2861831026807833728,0.45670724,2109.8790992105387,1.424371821174717,2.3065664E-5,17.792158,0.0031263875,0.2548046,0.007806364,0.042543966,0.005916521,0.073398456,0.009186556,0.7707768,0.0021967094,0.010929259,0.0036094997,0.050277963,0.0075643496,0.020071069,0.00433595,0.2548046,0.007806364,"TWOGAUSSIANS_WITH_ELLIPSOIDAL_ON_ECLIPSE1",9,4.740354,0.2548046,0.007806364,0.23824622,0.033132516,0.11354053,0.009313207,0.7707768,0.0021967094,0.06120385,0.020213198,0.0900171,0.011541915
375316653866487564,2861832714729820800,0.5478693,2061.704529386121,2.9234149164457426,1.0239318E-5,13.642683,0.008625517,0.24742265,0.0038378765,0.098988704,0.010466879,0.12362644,0.008161079,0.7544789,0.0024234778,0.09159003,0.006501965,0.13699825,0.007828607,null,null,null,null,"TWOGAUSSIANS",8,104.78722,0.7544789,0.0024234778,0.4,0.0,0.12946828,0.005029785,0.24742265,0.0038378765,0.4,0.0,0.11609581,0.0067198044
375316653866487564,2861836253783575040,0.4635314,2121.265796531149,2.270326015961914,3.188848E-5,12.741979,0.0377321,0.2301594,0.009721934,0.099197045,0.013807638,0.5736804,0.03640547,0.7499403,0.0042893323,0.060044397,0.013473204,0.32727358,0.04364964,null,null,null,null,"TWOGAUSSIANS",8,1243.0077,0.2301594,0.009721934,0.4,0.0,0.5693058,0.031339064,0.7499403,0.0042953286,0.3362486,0.07544994,0.32290423,0.045469455
375316653866487564,2861856453013364352,0.63084406,2076.268654046207,3.048249807624993,2.9384084E-6,16.066374,0.014134007,0.26737514,0.001724412,0.05877683,0.0037679172,0.33834478,0.02822778,0.77261895,0.0016217843,0.05831296,0.0041120513,0.32154834,0.02987716,0.09396098,0.015891567,0.77261895,0.0016217843,"TWOGAUSSIANS_WITH_ELLIPSOIDAL_ON_ECLIPSE2",9,22.407354,0.26806515,0.0014062093,0.32915023,0.021100337,0.5260296,0.009941256,0.77261895,0.0016217843,0.32655257,0.023027487,0.50941026,0.010969534
375316653866487564,2861866146755393792,0.5855201,2126.5254453645707,3.641440090986419,4.0068344E-6,15.852322,0.0441735,0.28468513,0.0017268133,0.04081128,0.026606355,0.33009395,0.032289054,0.7815638,0.002433773,0.044176742,0.012182072,0.37902573,0.05788332,0.13890876,0.054272763,0.28468513,0.0017268133,"TWOGAUSSIANS_WITH_ELLIPSOIDAL_ON_ECLIPSE1",9,85.59046,0.78188384,0.0020932308,0.24738976,0.0682196,0.6567469,0.06535448,0.28468513,0.0017268133,0.22854318,0.1489956,0.6079111,0.13655113
375316653866487564,2861875973640557312,0.4642849,2171.542378341939,3.8471743965983496,3.9557435E-5,18.425646,0.006397831,0.039289016,0.016467964,0.056027886,0.009760662,0.02877821,0.008598531,0.5353694,5.6559546E-4,0.023334833,9.4330066E-4,0.44405356,0.011175107,null,null,null,null,"TWOGAUSSIANS",8,2.7255216,0.5353694,5.6559546E-4,0.13067506,0.0052824835,0.44405356,0.011175107,0.039289016,0.016467964,0.31375617,0.054659706,0.02877821,0.008598531
375316653866487564,2861880646564881280,0.55667883,2110.897828663113,2.7876761258769727,7.4348354E-6,14.858205,0.011387304,0.32390782,0.003046173,0.09490956,0.0058752373,0.28812617,0.010657138,0.8167389,0.0022008952,0.08827911,0.004839206,0.28207937,0.012869477,null,null,null,null,"TWOGAUSSIANS",8,106.849396,0.32390782,0.003046173,0.4,0.0,0.27578238,0.009226847,0.8167389,0.0022008952,0.4,0.0,0.2697361,0.01173135
375316653866487564,2861888957326060032,0.47248343,2131.542020506848,0.036963974204303,2.4384944E-5,19.30572,0.022837259,0.4390702,0.020148393,0.1809588,0.025690975,0.21492894,0.02602404,0.88202,0.005636145,0.0523146,0.014910898,0.11629063,0.04788588,null,null,null,null,"TWOGAUSSIANS",8,3.097068,0.4390702,0.020148393,0.4,0.0,0.19539349,0.014680548,0.88202,0.005636145,0.29296178,0.08350103,0.10938216,0.052007977
375316653866487564,2861905587438998272,0.5093549,2210.0750845730045,3.7591529040681726,2.8477354E-5,17.760712,0.06477592,0.2110726,0.0102212895,0.1288022,0.03103022,0.16395833,0.06366388,0.67809325,0.014927767,0.1210852,0.026769174,0.14201215,0.06197236,null,null,null,null,"TWOGAUSSIANS",8,3.3118904,0.21131259,0.009401176,0.4,0.0,0.1326184,0.0059875157,0.67809325,0.014927767,0.4,0.0,0.11083997,0.0051600547
375316653866487564,2861922664229099776,0.6001097,2200.2023547021354,3.1825996229108107,9.427778E-6,16.967623,0.0045341584,0.2962031,0.0010889434,0.046792682,0.0063553923,0.10685422,0.009977298,0.79403126,0.01981516,0.0485538,0.013711201,0.09604967,0.021124147,0.09487686,0.007094181,0.2962031,0.0010889434,"TWOGAUSSIANS_WITH_ELLIPSOIDAL_ON_ECLIPSE1",9,4.639189,0.2962031,0.0010889434,0.26203904,0.035590198,0.29660755,0.009027562,0.7946113,0.016674878,0.27190128,0.076782726,0.28577715,0.015641212
375316653866487564,2861932834711900672,0.555666,2188.7954052337996,3.9434172177756723,1.37504085E-5,19.13716,0.005450877,0.2709425,0.01049299,0.0470501,0.015510437,0.5634351,0.29832745,0.7699698,0.0010019619,0.048090205,0.0019169904,0.568329,0.02445744,null,null,null,null,"TWOGAUSSIANS",8,3.1815605,0.7699698,0.0010019619,0.26930514,0.010735146,0.5683279,0.024458017,0.2709425,0.01049299,0.26348054,0.086858444,0.563434,0.29832903
375316653866487564,2861990185410523264,0.4374495,2114.895027707225,0.6340908248110215,2.717338E-5,15.625951,0.008440764,0.2506099,0.005561098,0.032003794,0.0064357524,0.3106227,0.047878526,0.6875642,0.057425126,0.10964062,0.057868853,0.09390576,0.024444435,null,null,null,null,"TWOGAUSSIANS",8,375.57077,0.2506099,0.00555537,0.17922126,0.036040213,0.31058082,0.047954343,0.6875642,0.057425126,0.4,0.06901955,0.093830325,0.024590816
