Gaia/vari_eclipsing_binary/VariEclipsingBinary_659381-659428.csv
# %ECSV 1.0
# ---
# delimiter: ','
# meta: !!omap
# - RELEASE: Gaia DR3
# - TABLE: vari_eclipsing_binary
# - DESCRIPTION: >
#     This table describes the properties of the eclipsing binaries resulting from the variability analysis. 
# - CITATION: >
#     How to cite and acknowledge Gaia: 
#     https://gea.esac.esa.int/archive/documentation/credits.html 
# - KNOWN_ISSUES: >
#     Known issues: 
#     https://www.cosmos.esa.int/web/gaia-users/known-issues 
# - DOCUMENTATION: >
#     Tutorials and documentation: 
#     https://www.cosmos.esa.int/web/gaia-users/archive 
# datatype:
# - 
#   name: solution_id
#   datatype: int64
#   description: Solution Identifier
#   meta:
#     ucd: meta.version
# - 
#   name: source_id
#   datatype: int64
#   description: Unique source identifier
#   meta:
#     ucd: meta.id;meta.main
# - 
#   name: global_ranking
#   datatype: float32
#   description: Number between 0 (worst) and 1 (best)
#   meta:
#     ucd: stat.param
# - 
#   name: reference_time
#   datatype: float64
#   unit: d
#   description: Reference time used for the geometric model fit
#   meta:
#     ucd: time.epoch
# - 
#   name: frequency
#   datatype: float64
#   unit: d**-1
#   description: Frequency of geometric model of the eclipsing binary light curve
#   meta:
#     ucd: src.orbital
# - 
#   name: frequency_error
#   datatype: float32
#   unit: d**-1
#   description: "Uncertainty of \\texttt{frequency}"
#   meta:
#     ucd: stat.error
# - 
#   name: geom_model_reference_level
#   datatype: float32
#   unit: mag
#   description: Magnitude reference level of geometric model
#   meta:
#     ucd: phot.mag;em.opt
# - 
#   name: geom_model_reference_level_error
#   datatype: float32
#   unit: mag
#   description: "Uncertainty of \\texttt{geomModelReferenceLevel}"
#   meta:
#     ucd: stat.error;phot.mag;em.opt
# - 
#   name: geom_model_gaussian1_phase
#   datatype: float32
#   description: Phase of the Gaussian 1 component
#   meta:
#     ucd: time.phase
# - 
#   name: geom_model_gaussian1_phase_error
#   datatype: float32
#   description: "Uncertainty of \\texttt{geomModelGaussian1Phase}"
#   meta:
#     ucd: stat.error;time.phase
# - 
#   name: geom_model_gaussian1_sigma
#   datatype: float32
#   description: "Standard deviation [phase] of Gaussian 1 component"
#   meta:
#     ucd: stat.stdev
# - 
#   name: geom_model_gaussian1_sigma_error
#   datatype: float32
#   description: "Uncertainty of \\texttt{geomModelGaussian1Sigma}"
#   meta:
#     ucd: stat.error
# - 
#   name: geom_model_gaussian1_depth
#   datatype: float32
#   unit: mag
#   description: Magnitude depth of Gaussian 1 component
#   meta:
#     ucd: src.var.amplitude
# - 
#   name: geom_model_gaussian1_depth_error
#   datatype: float32
#   unit: mag
#   description: "Uncertainty of \\texttt{geomModelGaussian1Depth}"
#   meta:
#     ucd: stat.error;src.var.amplitude
# - 
#   name: geom_model_gaussian2_phase
#   datatype: float32
#   description: Phase of Gaussian 2 component
#   meta:
#     ucd: time.phase
# - 
#   name: geom_model_gaussian2_phase_error
#   datatype: float32
#   description: "Uncertainty of \\texttt{geomModelGaussian2Phase}"
#   meta:
#     ucd: stat.error;time.phase
# - 
#   name: geom_model_gaussian2_sigma
#   datatype: float32
[...]
#   datatype: float32
#   description: "Secondary eclipse: uncertainty of \\texttt{derivedSecondaryEclDuration}"
#   meta:
#     ucd: stat.error;time.duration
# - 
#   name: derived_secondary_ecl_depth
#   datatype: float32
#   unit: mag
#   description: "Secondary eclipse: depth"
#   meta:
#     ucd: src.var.amplitude
# - 
#   name: derived_secondary_ecl_depth_error
#   datatype: float32
#   unit: mag
#   description: "Secondary eclipse: uncertainty of \\texttt{derivedSecondaryEclDepth}"
#   meta:
#     ucd: stat.error;src.var.amplitude
solution_id,source_id,global_ranking,reference_time,frequency,frequency_error,geom_model_reference_level,geom_model_reference_level_error,geom_model_gaussian1_phase,geom_model_gaussian1_phase_error,geom_model_gaussian1_sigma,geom_model_gaussian1_sigma_error,geom_model_gaussian1_depth,geom_model_gaussian1_depth_error,geom_model_gaussian2_phase,geom_model_gaussian2_phase_error,geom_model_gaussian2_sigma,geom_model_gaussian2_sigma_error,geom_model_gaussian2_depth,geom_model_gaussian2_depth_error,geom_model_cosine_half_period_amplitude,geom_model_cosine_half_period_amplitude_error,geom_model_cosine_half_period_phase,geom_model_cosine_half_period_phase_error,model_type,num_model_parameters,reduced_chi2,derived_primary_ecl_phase,derived_primary_ecl_phase_error,derived_primary_ecl_duration,derived_primary_ecl_duration_error,derived_primary_ecl_depth,derived_primary_ecl_depth_error,derived_secondary_ecl_phase,derived_secondary_ecl_phase_error,derived_secondary_ecl_duration,derived_secondary_ecl_duration_error,derived_secondary_ecl_depth,derived_secondary_ecl_depth_error
[from data line 109]
375316653866487564,5800044787123383424,0.43735915,2262.74454090068,4.001926968194589,6.88387E-5,19.278255,0.14519739,0.26272795,0.026394304,0.14385319,0.16191368,0.07405892,0.1413049,0.7566385,0.06392884,0.06441459,0.035799436,0.67178637,0.15746331,null,null,null,null,"TWOGAUSSIANS",8,3.91348,0.7566385,0.06392884,0.3607217,0.19887453,0.66002285,0.16283558,0.26272795,0.026394304,0.4,0.0,0.061939336,0.022329247
375316653866487564,5800045817913040896,0.60939956,2290.5929580422717,2.602906146937024,5.2442088E-6,16.532,0.0116746565,0.2340366,0.0021286847,0.05897489,0.0045715105,0.28465125,0.026196126,0.7385197,0.0031427147,0.049681757,0.0050009587,0.2666191,0.032980092,0.096866556,0.013400555,0.2340366,0.0021286847,"TWOGAUSSIANS_WITH_ELLIPSOIDAL_ON_ECLIPSE1",9,19.08813,0.2340366,0.0021286847,0.33025935,0.025600458,0.47834772,0.012714665,0.7385197,0.0031427147,0.27821782,0.028005369,0.4601619,0.028171979
375316653866487564,5800046328990086016,0.57191443,2289.246780451558,0.3648450323760651,6.1268856E-6,17.182,0.0032644554,0.15867755,0.009455281,0.018367786,0.0061277333,0.055238992,0.02377828,0.66759014,8.638431E-4,0.029003195,0.001106908,0.5757629,0.026713353,0.016997458,0.004545947,0.15867755,0.009455281,"TWOGAUSSIANS_WITH_ELLIPSOIDAL_ON_ECLIPSE1",9,9.166839,0.66759014,8.638431E-4,0.16241789,0.006198684,0.60965127,0.02772278,0.15867755,0.009455281,0.1028596,0.034315307,0.08923384,0.022382462
375316653866487564,5800046706947261568,0.49933618,2243.876374242668,2.712885058987898,3.2704713E-5,16.755657,0.02879915,0.2512201,0.007668477,0.0899685,0.014005243,0.25923213,0.027771393,0.7493153,0.0118369935,0.088103674,0.018913716,0.28264716,0.027271036,null,null,null,null,"TWOGAUSSIANS",8,72.13022,0.7493153,0.0118369935,0.4,0.0,0.2724577,0.016259596,0.2512201,0.0076669278,0.4,0.0,0.24904259,0.017025918
375316653866487564,5800048012620114816,0.5050005,2288.9429034966897,0.5524805850504985,3.673057E-6,19.016472,0.0035602604,0.41538993,1.3877107E-4,0.005760729,9.803833E-4,0.033605017,8.949119E-4,0.64797014,0.024129517,0.020315334,0.015647877,0.60432684,0.6313566,null,null,null,null,"TWOGAUSSIANS",8,2.2656229,0.64797014,0.024129517,0.113765866,0.08762811,0.60432684,0.6313566,0.41538993,1.3877107E-4,0.03226008,0.0054901466,0.033605017,8.949119E-4
375316653866487564,5800049112130651520,0.5818407,2292.410622814625,4.014703955494997,1.0309619E-5,18.731316,0.005817761,0.16288684,0.0023598731,0.07344894,0.0038033419,0.40956485,0.011026489,0.6595781,0.0027452828,0.074392535,0.0022741186,0.4578747,0.013648694,null,null,null,null,"TWOGAUSSIANS",8,1.9718996,0.6595781,0.0027452828,0.4,0.0,0.45523855,0.013863303,0.16288684,0.0023598731,0.4,0.0,0.40692872,0.011218256
375316653866487564,5800054339121170944,0.53809965,2281.234911405094,3.42657529994289,9.033927E-6,19.462332,0.0073503805,0.22983113,0.0023274939,0.081047,0.0029433954,0.3904192,0.013410165,0.7234049,0.0045281,0.08037005,0.0048502474,0.49421135,0.02881875,null,null,null,null,"TWOGAUSSIANS",8,2.2046921,0.7234049,0.0045281,0.4,0.0,0.48781756,0.030083632,0.22983113,0.0023274939,0.4,0.0,0.3840254,0.013533464
375316653866487564,5800054476567616768,0.62746537,2305.0837723695304,0.11361706240317167,1.5677804E-5,15.279338,5.9707824E-4,0.3733024,0.009114781,0.0130045535,0.0062426906,0.00540973,0.007012011,0.6924873,0.0021053765,0.008090275,0.0018847482,0.32493964,0.11864276,null,null,null,null,"TWOGAUSSIANS",8,6.1736016,0.6924873,0.0021053765,0.045305543,0.01055459,0.32493964,0.11864276,0.3733024,0.009114781,0.0728255,0.034959067,0.00540973,0.007012011
375316653866487564,5800054510920368256,0.53803307,2284.7801568830896,2.4271145553843385,9.319414E-6,18.57564,0.008219981,0.323364,0.0032898297,0.08363875,0.0058811046,0.23635918,0.010481204,0.81413126,0.0034969389,0.09565342,0.0050166505,0.2105698,0.009066497,null,null,null,null,"TWOGAUSSIANS",8,1.7202245,0.323364,0.0032898297,0.4,0.0,0.22851323,0.010423747,0.81413126,0.0034969389,0.4,0.0,0.20272331,0.00693492
375316653866487564,5800055438640348416,0.5126191,2273.0806407406526,2.823002680286413,1.4761077E-5,18.18965,0.04481266,0.23137414,0.0053512002,0.09918291,0.010756408,0.37633508,0.044175763,0.7202389,0.0060725934,0.10299798,0.019218946,0.37985054,0.029887497,null,null,null,null,"TWOGAUSSIANS",8,15.966713,0.7202389,0.0060725934,0.4,0.0,0.34889922,0.02722797,0.23137414,0.0053460323,0.4,0.0,0.3453877,0.01912639
375316653866487564,5800057461548165376,0.42976233,2221.6981652428944,0.39384017462559795,1.1932173E-4,18.779554,0.018125875,0.34260347,0.06477328,0.08341046,0.049820304,0.16128883,0.084596016,0.71860206,0.011626415,0.09458039,0.0127609875,0.14282045,0.0245713,null,null,null,null,"TWOGAUSSIANS",8,7.9699917,0.3427035,0.064797774,0.4,0.16488054,0.1606953,0.08530594,0.71860206,0.011626415,0.4,0.0,0.1421802,0.022488337
375316653866487564,5800057672012552960,0.57355547,2240.793396822298,1.703786036122925,9.2971395E-6,18.06604,0.002388308,0.2060348,0.0013028178,0.053359997,0.0016197336,0.3470628,0.009751153,0.70687014,0.0038324725,0.06438776,0.00347925,0.09251965,0.0035148012,null,null,null,null,"TWOGAUSSIANS",8,2.1062117,0.2060348,0.0013028178,0.29881597,0.009070508,0.34702387,0.009755748,0.70687014,0.0038324725,0.36057144,0.0194838,0.092480734,0.003510093
375316653866487564,5800058664133972352,0.570246,2250.9872962814547,0.6284980403474928,3.1001514E-6,15.672208,0.0019486767,0.30340102,6.8088376E-4,0.023136612,9.787428E-4,0.22744317,0.0054951343,0.8248846,5.2832453E-5,0.003854443,0.0010755227,0.119108535,0.15473403,0.016911333,0.003908909,0.30340102,6.8088376E-4,"TWOGAUSSIANS_WITH_ELLIPSOIDAL_ON_ECLIPSE1",9,24.046011,0.30340102,6.8088376E-4,0.12956503,0.0054809595,0.2612658,0.0065745255,0.8248846,5.2832453E-5,0.021584881,0.0060229274,0.15231863,0.16212822
375316653866487564,5800058943322967168,0.558301,2227.6474913726665,3.229453469645834,5.30474E-6,19.110344,0.008064284,0.23392557,0.0018190044,0.07269029,0.0025077707,0.45910746,0.013730947,0.73394114,0.001994367,0.07080215,0.002799017,0.5409268,0.018372126,null,null,null,null,"TWOGAUSSIANS",8,2.8454754,0.73394114,0.001994367,0.39649206,0.013700817,0.5386295,0.018504607,0.23392557,0.0018190044,0.4,0.0,0.4568101,0.013693719
375316653866487564,5800059527451050368,0.6529458,2241.2010278103626,2.564344649951256,1.3826894E-6,16.870483,0.004942942,0.23615584,6.231977E-4,0.04883322,0.0018556509,0.38764477,0.011975228,0.73639005,0.0011738901,0.0455834,0.0015210977,0.39187187,0.012476407,0.1263894,0.0068677734,0.23615584,6.231977E-4,"TWOGAUSSIANS_WITH_ELLIPSOIDAL_ON_ECLIPSE1",9,6.8933287,0.73639005,0.0011667642,0.25526705,0.008518147,0.64464897,0.007788161,0.23615584,6.231977E-4,0.27346605,0.010391645,0.6404224,0.01258514
375316653866487564,5800060382124805888,0.4889372,2203.8724710708693,2.9870309098747874,1.6309978E-5,18.593271,0.0030729468,null,null,null,null,null,null,null,null,null,null,null,null,0.06200896,0.0049675736,0.18558806,0.0051879683,"ELLIPSOIDAL",4,2.601719,null,null,null,null,null,null,null,null,null,null,null,null
375316653866487564,5800061451593710592,0.62735903,2232.193607114073,3.5531231229186955,4.268258E-6,17.914307,0.013552333,0.3016642,0.0028518348,0.04804792,0.008347298,0.5137056,0.08154815,0.80230236,0.0016392517,0.04245119,0.003170749,0.5286611,0.026051693,0.13699192,0.01627463,0.3016642,0.0028518348,"TWOGAUSSIANS_WITH_ELLIPSOIDAL_ON_ECLIPSE1",9,6.393878,0.80230236,0.001573057,0.23772669,0.017756194,0.80263966,0.021363033,0.3016642,0.0028518348,0.26906833,0.04674487,0.7876886,0.09813245
375316653866487564,5800061520313206400,0.4829318,2264.684134198359,2.342727323874163,1.4594691E-5,16.280422,0.038087297,0.21199705,0.0050160848,0.10837744,0.02274792,0.19485608,0.030063214,0.7148877,0.004875981,0.10181147,0.020091744,0.18487039,0.03497027,null,null,null,null,"TWOGAUSSIANS",8,50.92786,0.21199705,0.0050160848,0.4,0.0,0.17315865,0.01633138,0.7148877,0.004874915,0.4,0.0,0.16318017,0.007018449
375316653866487564,5800061966989828352,0.50386083,2237.525668434729,0.13988766693914062,8.669249E-6,13.950005,0.23155524,0.29754704,0.0037280864,0.18594287,0.082871445,0.20619433,0.22253242,0.800657,0.0039607626,0.16077231,0.053798553,0.1927258,0.19407511,null,null,null,null,"TWOGAUSSIANS",8,22.538725,0.29689702,0.0033560183,0.4,0.0,0.070174836,0.0046099313,0.801797,0.0035686444,0.4,0.0,0.06474965,0.0034154302
375316653866487564,5800062001349563904,0.55624735,2235.7692576549007,2.2634860305726554,7.894495E-6,16.57309,0.008607522,0.25748792,0.003729744,0.07338052,0.0026720376,0.5792714,0.021032657,0.76342416,0.0061247568,0.0651799,0.006627301,0.21374257,0.01173865,null,null,null,null,"TWOGAUSSIANS",8,60.713264,0.25748792,0.003729744,0.4,0.0,0.57835734,0.020879922,0.76342416,0.0061247568,0.36500746,0.037112884,0.21282856,0.011537057
375316653866487564,5800062001349571968,0.5265173,2227.2927518799434,0.17928138768244298,2.7981037E-5,14.568221,0.0014109515,0.238562,0.005016176,0.018190935,0.007107969,0.016931312,0.012783514,0.72908336,0.005546626,0.02063774,0.008199376,0.13734375,0.11665778,0.025711898,0.0017828232,0.238562,0.005016176,"TWOGAUSSIANS_WITH_ELLIPSOIDAL_ON_ECLIPSE1",9,43.205048,0.72920334,0.0054327007,0.11557134,0.045916505,0.1885876,0.11737359,0.238562,0.005016176,0.10186924,0.039804626,0.0683551,0.012739322
375316653866487564,5800062340637968640,0.5206975,2243.3493670201456,3.0586462480156813,7.500153E-6,18.197702,0.028054083,0.19965445,0.0025282167,0.09410421,0.008729431,0.3820553,0.023082476,0.70367944,0.0028404372,0.08741073,0.0076405145,0.37335795,0.027318364,null,null,null,null,"TWOGAUSSIANS",8,9.048644,0.19965445,0.0025282167,0.4,0.0,0.36606866,0.016542267,0.70367944,0.0028404372,0.4,0.0,0.35737184,0.02106838
375316653866487564,5800062448026124928,0.4710549,2247.983634275012,0.2760164580073826,2.265259E-5,17.444233,0.001309512,0.22947566,0.013832212,0.03756098,0.007459695,0.036020335,0.008684264,0.7494205,9.414175E-4,0.009467618,7.294766E-4,0.13994065,0.015576912,null,null,null,null,"TWOGAUSSIANS",8,3.2304065,0.7494205,9.414175E-4,0.05301866,0.004085069,0.13994065,0.015576912,0.22947566,0.013832212,0.21034148,0.04177429,0.036020335,0.008684264
375316653866487564,5800062791623555200,0.5049454,2236.026159191579,1.9686326907517575,7.622607E-6,18.947504,0.005034947,0.46338242,0.0019137859,0.014637226,0.0012539605,1.9355929,0.8108363,0.88736784,0.010904345,0.039411508,0.009504306,0.20410767,0.06931046,null,null,null,null,"TWOGAUSSIANS",8,4.9049497,0.46338242,0.0019137859,0.081968464,0.007022179,1.9355929,0.8108363,0.88736784,0.010904345,0.22070445,0.053224113,0.20410767,0.06931046
375316653866487564,5800064161694481664,0.51861775,2264.5240399774443,1.0171861918554093,1.7436143E-5,18.022175,0.00575548,0.21415985,0.012331213,0.027653953,0.007193667,0.26971692,0.26411074,0.7106056,0.004831482,0.029090537,0.0051624062,0.24945448,0.03734743,0.023146795,0.008473404,0.21415985,0.012331213,"TWOGAUSSIANS_WITH_ELLIPSOIDAL_ON_ECLIPSE1",9,5.690269,0.21415985,0.012331213,0.15486214,0.040284533,0.31601045,0.26577714,0.7106456,0.0047423276,0.162907,0.028909476,0.2957252,0.036724273
375316653866487564,5800064406521933312,0.5531904,2255.5546672174332,3.4403588514345897,9.697103E-6,19.017918,0.018596608,0.25309795,0.0030146292,0.04773907,0.0053926148,0.40290302,0.05416458,0.7537573,0.0046355044,0.046002187,0.005793675,0.45772302,0.052402485,0.11669082,0.03353355,0.25309795,0.0030146292,"TWOGAUSSIANS_WITH_ELLIPSOIDAL_ON_ECLIPSE1",9,6.95284,0.7537573,0.0045618066,0.25761226,0.032444578,0.69109994,0.029748058,0.25309795,0.0030146292,0.26733878,0.030198641,0.63628393,0.03309244
375316653866487564,5800064784488710400,0.594799,2229.5166847661662,2.502396250810246,6.2512913E-6,15.342036,0.008081866,0.3035734,0.0018125548,0.08490945,0.004544808,0.31229165,0.009909351,0.81511444,0.0018447788,0.08253288,0.0047226097,0.17551215,0.007982897,null,null,null,null,"TWOGAUSSIANS",8,35.301907,0.3035734,0.0018125548,0.4,0.0,0.30789047,0.010205733,0.81511444,0.0018447788,0.4,0.0,0.17111099,0.006948021
375316653866487564,5800066257640247040,0.46758485,2265.9914568041227,2.263425904516709,1.3572177E-5,19.175667,0.010489094,0.23224133,0.00620766,0.031835053,0.00454575,0.32421434,0.02747476,0.7303316,0.005418837,0.033415582,0.0034863523,0.5550487,0.058865663,null,null,null,null,"TWOGAUSSIANS",8,11.093359,0.7303316,0.005418837,0.18712726,0.019523572,0.5550487,0.058865663,0.23224133,0.00620766,0.1782763,0.025456201,0.32421434,0.02747476
375316653866487564,5800067224030231424,0.43609893,2265.72609092796,0.407428076286447,7.184217E-5,18.430517,0.020526854,0.25934038,0.01733862,0.11340389,0.026000993,0.11801139,0.023397546,0.730814,0.010752004,0.090911396,0.01973098,0.113509424,0.019548235,null,null,null,null,"TWOGAUSSIANS",8,8.26149,0.25934038,0.017342642,0.4,0.0,0.10989401,0.013452789,0.730814,0.010752004,0.4,0.0,0.10541496,0.01044963
375316653866487564,5800068250505137408,0.5004627,2261.7559262930195,3.099522687218618,1.1125648E-5,18.490475,0.018547958,0.25775635,0.005544209,0.08580047,0.0092735905,0.27525258,0.019986749,0.7632642,0.0035296918,0.09501649,0.011193995,0.27860844,0.014984613,null,null,null,null,"TWOGAUSSIANS",8,6.067934,0.7632642,0.0035296918,0.4,0.0,0.26749855,0.014560946,0.25775635,0.005544209,0.4,0.0,0.26414323,0.017207365
375316653866487564,5800068495332129792,0.5238449,2265.748567678873,2.679998160588689,8.699659E-6,18.262476,0.009416206,0.252546,0.0030995165,0.09060196,0.004915064,0.2643817,0.009569525,0.7422779,0.0039513535,0.10117502,0.008597727,0.26293728,0.009183439,null,null,null,null,"TWOGAUSSIANS",8,3.576391,0.252546,0.0030995165,0.4,0.0,0.2491115,0.005890361,0.7422779,0.0039513535,0.4,0.0,0.2476643,0.010386523
375316653866487564,5800069697922971264,0.53415936,2242.3216982061335,2.582558333985571,7.0504666E-6,18.493488,0.009403722,0.29358426,0.004519087,0.07503891,0.006219029,0.3015517,0.014860081,0.7904021,0.0024216163,0.09019769,0.0047637746,0.35796368,0.014225998,null,null,null,null,"TWOGAUSSIANS",8,4.812837,0.7904021,0.0024216163,0.4,0.0,0.35157317,0.014666676,0.29358426,0.004519087,0.4,0.0,0.29516137,0.014748432
375316653866487564,5800070969241397376,0.6313271,2239.1775338522993,1.080204838835807,2.7156534E-6,13.451971,0.004469228,0.28899747,9.936059E-4,0.05261024,0.0030028746,0.13358963,0.010756699,0.78570545,0.0014749264,0.047758643,0.0014810258,0.3163162,0.012656592,0.0646574,0.006602547,0.28899747,9.936059E-4,"TWOGAUSSIANS_WITH_ELLIPSOIDAL_ON_ECLIPSE1",9,59.05853,0.7859354,0.0013656057,0.2674484,0.008293745,0.44557753,0.009351746,0.28899747,9.936059E-4,0.29461735,0.016816098,0.2629025,0.004268087
375316653866487564,5800071926995337344,0.52641666,2240.195088634349,0.23450536928034504,7.627088E-5,18.078411,0.0026840637,0.53726244,0.0024558506,0.006801953,0.0014964137,0.5164316,0.079630874,0.17454383,0.027369527,0.061309032,0.018995993,0.01780293,0.006582319,null,null,null,null,"TWOGAUSSIANS",8,2.8194368,0.53726244,0.0024558506,0.038090937,0.008379917,0.5164316,0.079630874,0.17454383,0.027369527,0.34333056,0.106377564,0.01780293,0.006582319
375316653866487564,5800072446702328960,0.5124926,2215.932209323264,3.553641082359803,1.4200697E-5,19.630663,0.012817825,0.27399024,0.004856237,0.07236314,0.0054952614,0.46067545,0.016253578,0.78369576,0.005035297,0.06646933,0.0037341672,0.49233443,0.021092514,null,null,null,null,"TWOGAUSSIANS",8,3.5710685,0.78369576,0.005035297,0.37222824,0.020911336,0.49121,0.020499213,0.27399024,0.004856237,0.4,0.0075871013,0.459551,0.016190581
