Gaia/vari_eclipsing_binary/VariEclipsingBinary_668078-668109.csv
# %ECSV 1.0
# ---
# delimiter: ','
# meta: !!omap
# - RELEASE: Gaia DR3
# - TABLE: vari_eclipsing_binary
# - DESCRIPTION: >
#     This table describes the properties of the eclipsing binaries resulting from the variability analysis. 
# - CITATION: >
#     How to cite and acknowledge Gaia: 
#     https://gea.esac.esa.int/archive/documentation/credits.html 
# - KNOWN_ISSUES: >
#     Known issues: 
#     https://www.cosmos.esa.int/web/gaia-users/known-issues 
# - DOCUMENTATION: >
#     Tutorials and documentation: 
#     https://www.cosmos.esa.int/web/gaia-users/archive 
# datatype:
# - 
#   name: solution_id
#   datatype: int64
#   description: Solution Identifier
#   meta:
#     ucd: meta.version
# - 
#   name: source_id
#   datatype: int64
#   description: Unique source identifier
#   meta:
#     ucd: meta.id;meta.main
# - 
#   name: global_ranking
#   datatype: float32
#   description: Number between 0 (worst) and 1 (best)
#   meta:
#     ucd: stat.param
# - 
#   name: reference_time
#   datatype: float64
#   unit: d
#   description: Reference time used for the geometric model fit
#   meta:
#     ucd: time.epoch
# - 
#   name: frequency
#   datatype: float64
#   unit: d**-1
#   description: Frequency of geometric model of the eclipsing binary light curve
#   meta:
#     ucd: src.orbital
# - 
#   name: frequency_error
#   datatype: float32
#   unit: d**-1
#   description: "Uncertainty of \\texttt{frequency}"
#   meta:
#     ucd: stat.error
# - 
#   name: geom_model_reference_level
#   datatype: float32
#   unit: mag
#   description: Magnitude reference level of geometric model
#   meta:
#     ucd: phot.mag;em.opt
# - 
#   name: geom_model_reference_level_error
#   datatype: float32
#   unit: mag
#   description: "Uncertainty of \\texttt{geomModelReferenceLevel}"
#   meta:
#     ucd: stat.error;phot.mag;em.opt
# - 
#   name: geom_model_gaussian1_phase
#   datatype: float32
#   description: Phase of the Gaussian 1 component
#   meta:
#     ucd: time.phase
# - 
#   name: geom_model_gaussian1_phase_error
#   datatype: float32
#   description: "Uncertainty of \\texttt{geomModelGaussian1Phase}"
#   meta:
#     ucd: stat.error;time.phase
# - 
#   name: geom_model_gaussian1_sigma
#   datatype: float32
#   description: "Standard deviation [phase] of Gaussian 1 component"
#   meta:
#     ucd: stat.stdev
# - 
#   name: geom_model_gaussian1_sigma_error
#   datatype: float32
#   description: "Uncertainty of \\texttt{geomModelGaussian1Sigma}"
#   meta:
#     ucd: stat.error
# - 
#   name: geom_model_gaussian1_depth
#   datatype: float32
#   unit: mag
#   description: Magnitude depth of Gaussian 1 component
#   meta:
#     ucd: src.var.amplitude
# - 
#   name: geom_model_gaussian1_depth_error
#   datatype: float32
#   unit: mag
#   description: "Uncertainty of \\texttt{geomModelGaussian1Depth}"
#   meta:
#     ucd: stat.error;src.var.amplitude
# - 
#   name: geom_model_gaussian2_phase
#   datatype: float32
#   description: Phase of Gaussian 2 component
#   meta:
#     ucd: time.phase
# - 
#   name: geom_model_gaussian2_phase_error
#   datatype: float32
#   description: "Uncertainty of \\texttt{geomModelGaussian2Phase}"
#   meta:
#     ucd: stat.error;time.phase
# - 
#   name: geom_model_gaussian2_sigma
#   datatype: float32
[...]
#   datatype: float32
#   description: "Secondary eclipse: uncertainty of \\texttt{derivedSecondaryEclDuration}"
#   meta:
#     ucd: stat.error;time.duration
# - 
#   name: derived_secondary_ecl_depth
#   datatype: float32
#   unit: mag
#   description: "Secondary eclipse: depth"
#   meta:
#     ucd: src.var.amplitude
# - 
#   name: derived_secondary_ecl_depth_error
#   datatype: float32
#   unit: mag
#   description: "Secondary eclipse: uncertainty of \\texttt{derivedSecondaryEclDepth}"
#   meta:
#     ucd: stat.error;src.var.amplitude
solution_id,source_id,global_ranking,reference_time,frequency,frequency_error,geom_model_reference_level,geom_model_reference_level_error,geom_model_gaussian1_phase,geom_model_gaussian1_phase_error,geom_model_gaussian1_sigma,geom_model_gaussian1_sigma_error,geom_model_gaussian1_depth,geom_model_gaussian1_depth_error,geom_model_gaussian2_phase,geom_model_gaussian2_phase_error,geom_model_gaussian2_sigma,geom_model_gaussian2_sigma_error,geom_model_gaussian2_depth,geom_model_gaussian2_depth_error,geom_model_cosine_half_period_amplitude,geom_model_cosine_half_period_amplitude_error,geom_model_cosine_half_period_phase,geom_model_cosine_half_period_phase_error,model_type,num_model_parameters,reduced_chi2,derived_primary_ecl_phase,derived_primary_ecl_phase_error,derived_primary_ecl_duration,derived_primary_ecl_duration_error,derived_primary_ecl_depth,derived_primary_ecl_depth_error,derived_secondary_ecl_phase,derived_secondary_ecl_phase_error,derived_secondary_ecl_duration,derived_secondary_ecl_duration_error,derived_secondary_ecl_depth,derived_secondary_ecl_depth_error
[from data line 286]
375316653866487564,5876607595698375040,0.4800081,2226.6598374119358,0.33005788269859215,2.0701445E-5,15.043443,0.0012444342,0.28614733,0.008846961,0.09907231,0.009448893,0.026619103,0.0024134968,0.7654382,0.004286045,0.071796976,0.0053689475,0.04610504,0.0019275694,null,null,null,null,"TWOGAUSSIANS",8,9.136908,0.7654382,0.004286045,0.4,0.015907517,0.045474898,0.0018649843,0.28614733,0.008846961,0.4,0.0,0.025988715,0.002443814
375316653866487564,5876608141126632064,0.5549058,2214.595456163283,3.180287151641393,7.778352E-6,18.69834,0.005945372,0.26676843,0.004298556,0.08320068,0.0052524563,0.3133309,0.010684915,0.7599873,0.002489306,0.082416676,0.0032074589,0.28750014,0.010967903,null,null,null,null,"TWOGAUSSIANS",8,1.9247572,0.26676843,0.004298556,0.4,0.0,0.30776957,0.010608272,0.7599873,0.002489306,0.4,0.0,0.2819388,0.010872499
375316653866487564,5876610413197421824,0.5928691,2238.0983078132194,0.2135134404738525,2.4670584E-5,16.148664,0.001246198,0.212263,0.0031371997,0.012881107,0.0036318572,0.3967139,0.15913111,0.704169,0.001317571,0.01213731,0.0019757731,0.22245237,0.11191779,null,null,null,null,"TWOGAUSSIANS",8,6.574935,0.212263,0.0031371997,0.0721342,0.0203384,0.3967139,0.15913111,0.704169,0.001317571,0.067968935,0.011064329,0.22245237,0.11191779
375316653866487564,5876610653715590656,0.55721253,2249.044928394209,0.6692454952945649,1.1662484E-5,16.224388,0.0019323952,0.24816263,0.0013699583,0.036347613,0.002906274,0.17730874,0.017604385,0.7405107,0.042780995,0.03907128,0.02729064,0.03326252,0.017763523,0.027098594,0.0034719824,0.24816263,0.0013699583,"TWOGAUSSIANS_WITH_ELLIPSOIDAL_ON_ECLIPSE1",9,7.1539216,0.24816263,0.0013699583,0.20354664,0.016275134,0.23150587,0.019882422,0.7417707,0.041507095,0.21879917,0.15282759,0.08735499,0.016761025
375316653866487564,5876611302222590848,0.5483471,2242.552386582806,0.8229475665625827,8.453824E-6,17.793447,0.0032796657,0.29177916,0.0013868479,0.04544119,0.001633346,0.19695783,0.00877513,0.7953785,0.0019786367,0.03794266,0.0025531137,0.18857573,0.01453233,0.020999936,0.0058088396,0.29177916,0.0013868479,"TWOGAUSSIANS_WITH_ELLIPSOIDAL_ON_ECLIPSE1",9,3.2556183,0.29177916,0.0013868479,0.25447068,0.009146737,0.23895755,0.00505066,0.7953785,0.0019786367,0.21247889,0.014297437,0.23055397,0.014473789
375316653866487564,5876611787584395648,0.59882045,2225.382859126,3.1391446348432464,3.5913322E-6,17.291113,0.014776775,0.21854068,0.0020483693,0.049528774,0.0027064774,0.41255268,0.03445027,0.7225472,0.0011531395,0.049691588,0.0055437908,0.3238879,0.027326854,0.1012697,0.017181305,0.7225472,0.0011531395,"TWOGAUSSIANS_WITH_ELLIPSOIDAL_ON_ECLIPSE2",9,15.940288,0.21889068,0.0018601903,0.27736115,0.015156274,0.614973,0.007720089,0.7225472,0.0011531395,0.2782729,0.031045228,0.5264254,0.03254346
375316653866487564,5876612062464898816,0.5558701,2248.5150428979364,2.5580351094719607,1.8233435E-5,15.174188,0.007354904,0.25490865,0.0026068916,0.07756679,0.0032001734,0.43940353,0.009851405,0.75347316,0.0016056707,0.07670282,0.003975948,0.43793517,0.01714389,null,null,null,null,"TWOGAUSSIANS",8,248.81627,0.25490865,0.0026068916,0.4,0.0,0.4349469,0.009606582,0.75347316,0.0016056707,0.4,0.0,0.43347853,0.017908202
375316653866487564,5876612302990693504,0.4772634,2255.284678583029,0.7079209372181141,1.5030443E-4,13.729699,8.46128E-4,0.34058177,0.025661577,0.021454584,0.029962845,0.00365811,5253.126,0.53318286,0.004357049,0.028434291,0.0020901929,0.314941,0.02063937,null,null,null,null,"TWOGAUSSIANS",8,134.24088,0.53318286,0.004357049,0.15923204,0.011705081,0.314941,0.02063937,0.34058177,0.025661577,0.12014567,0.16779193,0.00365811,5253.126
375316653866487564,5876612985849702400,0.5423335,2235.954788667278,2.298311604893649,5.804709E-6,18.378448,0.0026033258,0.2556477,0.0018063626,0.051717248,0.0018325594,0.21640967,0.006019623,0.75510854,0.0014215002,0.04159416,0.0015943147,0.26199698,0.013409481,null,null,null,null,"TWOGAUSSIANS",8,2.119985,0.75510854,0.0014215002,0.23292728,0.008928162,0.26199672,0.013409564,0.2556477,0.0018063626,0.28961658,0.010262333,0.2164094,0.006019633
375316653866487564,5876614570725594624,0.6046617,2247.832861642619,2.4951039455247592,5.976152E-6,17.427856,0.0060074576,0.25719848,0.001189807,0.04641771,0.0025548134,0.24452396,0.014396221,0.75640494,0.0012656472,0.04986952,0.0019118764,0.2994115,0.014576958,0.1169659,0.00855748,0.25719848,0.001189807,"TWOGAUSSIANS_WITH_ELLIPSOIDAL_ON_ECLIPSE1",9,10.097224,0.75651497,0.0010506943,0.2792693,0.010706508,0.5333368,0.0068837362,0.25719848,0.001189807,0.25993916,0.014306956,0.4784543,0.007823258
375316653866487564,5876614639445076480,0.53881377,2236.234737418942,0.22749830396994805,7.5002863E-6,13.740171,5.583932E-4,0.31764656,0.0012086582,0.020114627,7.735839E-4,0.09016332,0.0031707021,0.8154583,0.003183774,0.020378405,0.0032846234,0.110919304,0.007012875,null,null,null,null,"TWOGAUSSIANS",8,21.813637,0.8154583,0.003183774,0.11411907,0.018393891,0.110919304,0.007012875,0.31764656,0.0012086582,0.11264191,0.00433207,0.09016332,0.0031707021
375316653866487564,5876616735386845312,0.5162061,2205.6464171430216,3.184565308320946,2.5340998E-5,19.85503,0.011257489,0.23807356,0.008297986,0.06946165,0.0035903254,0.43843928,0.02671473,0.73048747,0.0063406173,0.059385326,0.010391756,0.59391594,0.1142602,null,null,null,null,"TWOGAUSSIANS",8,2.839955,0.73048747,0.0063406173,0.33255783,0.058193833,0.5934876,0.11529641,0.23807356,0.008297986,0.38898528,0.020105822,0.43801096,0.026497228
375316653866487564,5876618311614499072,0.48090717,2239.7058726137693,1.283216354626912,8.42366E-6,18.803879,0.0031606834,0.47299054,0.025969625,0.015733344,0.017405355,0.033854377,0.03558932,0.742514,0.0022415791,0.026747506,0.0040275017,0.33063853,0.18590909,null,null,null,null,"TWOGAUSSIANS",8,2.841652,0.742514,0.0022415791,0.14978604,0.022554008,0.33063853,0.18590909,0.47299054,0.025969625,0.08810673,0.09746999,0.033854377,0.03558932
375316653866487564,5876618449057561216,0.46929508,2201.675779621166,0.304087736987808,1.7245718E-5,19.851196,0.010557899,0.12944272,0.002878035,0.02910446,0.007040539,0.37302658,0.037735626,0.6276465,0.011767996,0.07113395,0.012555066,0.120806776,0.023393365,null,null,null,null,"TWOGAUSSIANS",8,2.942205,0.12944272,0.002878035,0.16298497,0.03942702,0.3730255,0.03773743,0.6276465,0.011767996,0.39835012,0.050821148,0.12080568,0.023393236
375316653866487564,5876619278009432704,0.58435494,2231.14229580356,2.2807547488020536,6.8712434E-6,17.402048,0.008076646,0.22473478,0.0017014267,0.09830644,0.0036920423,0.24921063,0.008048431,0.7306306,0.0014050856,0.098285176,0.003910911,0.257721,0.00739433,null,null,null,null,"TWOGAUSSIANS",8,2.910694,0.7306306,0.0014050856,0.4,0.0,0.23923188,0.0046647363,0.22473478,0.0017014267,0.4,0.0,0.23072153,0.0054103727
375316653866487564,5876620377517444992,0.52266276,2229.4577454280193,0.6094314945948505,5.419328E-6,17.957506,0.0030081642,0.232632,0.00331963,0.012048766,0.0014258175,0.41139847,0.07415296,0.7276159,0.0027420784,0.013032373,0.0012955167,0.49325916,0.03883375,null,null,null,null,"TWOGAUSSIANS",8,9.268768,0.7276159,0.0027420784,0.07298129,0.007254894,0.49325916,0.03883375,0.232632,0.00331963,0.067473084,0.007984578,0.41139847,0.07415296
375316653866487564,5876622022460901632,0.44156775,2229.2998746303715,0.885691877874293,1.516836E-5,18.46362,0.008909514,0.13149989,0.0017043465,0.018920692,0.0016396012,0.2814327,0.0394316,0.58500284,0.024026118,0.13963793,0.02868995,0.061352458,0.013586582,null,null,null,null,"TWOGAUSSIANS",8,12.276519,0.13150989,0.0017045278,0.10595587,0.009181767,0.28147075,0.039455913,0.58500284,0.024026118,0.4,0.0,0.061047163,0.013505685
375316653866487564,5876622984543430528,0.47997984,2205.040889769447,2.729609421298353,2.0064314E-5,19.192122,0.005011644,0.04072318,0.008784298,0.029622369,0.01147076,0.030038387,0.011360699,0.64310414,0.0074441237,0.10707677,0.010062977,0.16650552,0.014939255,null,null,null,null,"TWOGAUSSIANS",8,1.2534684,0.64310414,0.0074441237,0.4,0.0,0.1664928,0.014944782,0.04055318,0.008846704,0.16588527,0.06423625,0.030194895,0.01139464
375316653866487564,5876623225051846528,0.57509154,2231.9103196585625,3.6681084584346104,8.768074E-6,18.330873,0.0149567565,0.14373565,0.0017242477,0.05216047,0.0053982534,0.27309337,0.031381194,0.63784647,0.00418396,0.06932606,0.005760229,0.348147,0.03573529,0.1095687,0.017931301,0.14373565,0.0017242477,"TWOGAUSSIANS_WITH_ELLIPSOIDAL_ON_ECLIPSE1",9,6.953606,0.63898647,0.0032631229,0.38822594,0.032257285,0.56666744,0.01905943,0.14373565,0.0017242477,0.29209864,0.030230219,0.49185592,0.0118274
375316653866487564,5876624122732634752,0.53049994,2228.877000065047,2.715275783413189,1.4643086E-5,17.359636,0.016390143,0.25791058,0.003236264,0.10451416,0.0095107835,0.19099247,0.015050441,0.77056473,0.003355901,0.09832246,0.010599704,0.20109832,0.014398368,null,null,null,null,"TWOGAUSSIANS",8,5.6398077,0.77057475,0.003365349,0.4,0.0,0.1850535,0.005743379,0.25791058,0.0032391357,0.4,0.0,0.17494407,0.006381396
375316653866487564,5876624466330050176,0.558683,2229.5716567126497,0.29698478603226586,1.6944208E-5,17.308014,0.0019423374,0.19633631,0.0024181877,0.020288048,0.0018951971,0.35011178,0.027149057,0.69716835,0.0013156215,0.01870277,0.001896268,0.4089976,0.07237518,null,null,null,null,"TWOGAUSSIANS",8,5.0634136,0.69716835,0.0013156215,0.10473551,0.0106191,0.4089976,0.07237518,0.19633631,0.0024181877,0.11361308,0.010613103,0.35011178,0.027149057
375316653866487564,5876625084805350400,0.55173117,2199.2776048526016,0.8163828557915997,7.3576566E-6,19.19296,0.005152478,0.19094715,0.0029425006,0.044678234,0.0028129052,0.48614264,0.048649132,0.6962021,0.0023278093,0.040424477,0.0018491591,0.4965341,0.017842187,null,null,null,null,"TWOGAUSSIANS",8,1.8802226,0.6962021,0.0023278093,0.22637708,0.010355291,0.4965341,0.017842185,0.19094715,0.0029425006,0.2501981,0.015752269,0.4861426,0.048649155
375316653866487564,5876625252276239488,0.5591661,2229.834701462897,2.481374657156791,9.593354E-6,18.220306,0.00725048,0.24927315,0.0027479443,0.08533598,0.0037625504,0.2849162,0.0077885846,0.7412179,0.001852446,0.09013674,0.0032593377,0.3179051,0.0077982293,null,null,null,null,"TWOGAUSSIANS",8,3.0208344,0.7412179,0.001852446,0.4,0.0,0.30879238,0.006829742,0.24927315,0.0027479443,0.4,0.0,0.27580363,0.0067061675
375316653866487564,5876626081234916352,0.5624952,2208.325683392462,3.5085757153532007,7.8065095E-6,18.993635,0.0151144685,0.27307522,0.0031865854,0.08036163,0.006630106,0.50820005,0.02557987,0.7694562,0.003667509,0.0760977,0.007838435,0.47286928,0.025726724,null,null,null,null,"TWOGAUSSIANS",8,3.7099514,0.27307522,0.0031865854,0.4,0.0,0.50268143,0.026544228,0.7694562,0.003667509,0.4,0.0,0.4673507,0.027214257
375316653866487564,5876629311053438464,0.5673458,2202.6229822011783,0.954860633188451,5.0861154E-6,16.600475,0.0054730857,0.50369376,0.0012544862,0.027740711,0.0020878243,0.13721174,0.0049049,0.61934996,0.09337928,0.16636087,0.14105538,0.007968192,0.0052986313,null,null,null,null,"TWOGAUSSIANS",8,3.3095274,0.5038438,0.0012719842,0.15534799,0.011691816,0.14329714,0.004180252,0.61934996,0.09337928,0.4,0.0,0.007817124,0.0029818888
375316653866487564,5876629963888474112,0.5669861,2220.1224235786544,1.6400955817044731,1.1955896E-5,17.503683,0.003839261,0.30857,0.0024338502,0.08180735,0.003923837,0.15586714,0.005048018,0.8000529,0.0023529776,0.07991382,0.0030153242,0.23597905,0.00500545,null,null,null,null,"TWOGAUSSIANS",8,3.0055683,0.8000529,0.0023529776,0.4,0.0,0.23325853,0.004770621,0.30857,0.0024338502,0.4,0.0,0.15314662,0.0048856894
375316653866487564,5876630616723497600,0.5372535,2233.466454330655,0.7242181218179728,2.1016722E-5,18.14696,0.0017502574,0.2131876,0.001479346,0.023855269,0.0021708198,0.409028,0.06647287,0.7127703,0.0029911639,0.023511428,0.0019878722,0.16308929,0.020039663,null,null,null,null,"TWOGAUSSIANS",8,2.8371766,0.2131876,0.001479346,0.1335895,0.012156591,0.409028,0.06647287,0.7127703,0.0029911639,0.131664,0.011132084,0.16308929,0.020039663
375316653866487564,5876632777059275264,0.49856153,2213.4678438336578,2.412671640340161,1.4180143E-5,18.277224,0.27691525,0.27257872,0.0031079592,0.13140258,0.053954925,0.224273,0.25974625,0.77800125,0.005094139,0.13105327,0.05717432,0.21700448,0.26524237,null,null,null,null,"TWOGAUSSIANS",8,1.585208,0.2724787,0.003039959,0.4,0.0,0.15549435,0.0076405345,0.7781113,0.0047601466,0.4,0.0,0.1482483,0.0070504504
375316653866487564,5876634430651729280,0.57407856,2180.9914741050507,2.512414779281753,1.4832632E-5,19.388916,0.030458178,0.25639045,0.00703064,0.038314756,0.0068340795,0.5221684,0.09243715,0.76098347,0.0044438173,0.037462197,0.004571185,0.5920524,0.074376896,0.13040063,0.039288722,0.25639045,0.00703064,"TWOGAUSSIANS_WITH_ELLIPSOIDAL_ON_ECLIPSE1",9,3.4661899,0.76098347,0.004418341,0.20978831,0.025598636,0.85263634,0.044344634,0.25639045,0.00703064,0.21456262,0.038270846,0.7829695,0.037626427
375316653866487564,5876636045529020672,0.5806897,2165.722947687104,4.047640339658472,8.97701E-6,19.379734,0.005466826,0.23861961,0.0021278847,0.06369201,0.0018277449,0.5827383,0.015017705,0.7402675,0.00459081,0.06514566,0.0029809496,0.6435644,0.048817538,null,null,null,null,"TWOGAUSSIANS",8,1.757938,0.7402675,0.00459081,0.36481568,0.016693318,0.64293873,0.04884239,0.23861961,0.0021278847,0.35667524,0.010235371,0.5821126,0.014998134
375316653866487564,5876636114300132736,0.59564996,2169.1007094401707,1.4673052586700703,2.713401E-6,17.153938,0.0063842265,0.26770446,0.0011497567,0.032959383,0.002141318,0.41028407,0.025749395,0.7680153,8.155729E-4,0.032701634,0.001175562,0.69533604,0.02759932,0.032944765,0.010462639,0.26770446,0.0011497567,"TWOGAUSSIANS_WITH_ELLIPSOIDAL_ON_ECLIPSE1",9,18.341036,0.7680153,8.155729E-4,0.18312915,0.006583147,0.7612252,0.027456626,0.26770446,0.0011497567,0.18457255,0.011991381,0.47617352,0.02699591
375316653866487564,5876636316118664960,0.45963088,2208.8393664195364,3.8392010443588362,5.957797E-6,19.858358,0.017670888,0.5202613,0.03243657,0.045856588,0.03139428,0.07920281,0.13198353,0.8951615,8.1237545E-4,0.0075432183,8.4504264E-4,1.3907464,0.24758615,0.062081914,0.028690772,0.8951615,8.1237545E-4,"TWOGAUSSIANS_WITH_ELLIPSOIDAL_ON_ECLIPSE2",9,9.476544,0.8951615,8.1237545E-4,0.042242024,0.0047322386,1.5149102,0.2718364,0.49783128,0.025332503,0.2567969,0.17580797,0.14954785,0.13889857
375316653866487564,5876636694075899008,0.49566984,2183.4982998223168,0.4460312419769451,2.513711E-5,18.952393,0.005887293,0.22204103,0.0027992853,0.03514109,0.004719071,0.60198873,0.13844724,0.7351668,0.005420731,0.03347707,0.0052023116,0.11780996,0.01578888,null,null,null,null,"TWOGAUSSIANS",8,5.1635823,0.22204103,0.0027992853,0.19679011,0.026426798,0.60198873,0.13844724,0.7351668,0.005420731,0.1874716,0.029132944,0.11780996,0.01578888
375316653866487564,5876638416402774528,0.69374365,2236.0264503511485,1.8248086378941297,1.3387025E-6,15.9401245,0.0047181663,0.29260087,0.0012670693,0.05513793,0.002079174,0.26153633,0.01085544,0.7895559,3.120273E-4,0.051562794,0.0017688221,0.3153462,0.010190821,0.14062393,0.0052473573,0.7895559,3.120273E-4,"TWOGAUSSIANS_WITH_ELLIPSOIDAL_ON_ECLIPSE2",9,7.1057467,0.7895559,3.120273E-4,0.28875163,0.0099054035,0.5965818,0.011000867,0.29198086,9.953935E-4,0.3087724,0.011643374,0.5426901,0.008264302
375316653866487564,5876639064897706240,0.46000525,2207.0031061499553,1.6638212780781791,7.1443006E-5,19.709497,0.01051642,0.1478113,0.015125984,0.016060356,0.008909551,0.10033212,0.0681256,0.59772706,0.008658417,0.08555709,0.0096375225,0.2579561,0.039145898,null,null,null,null,"TWOGAUSSIANS",8,2.6353943,0.59772706,0.008658417,0.4,0.0,0.25795594,0.039146017,0.1478113,0.015125984,0.089938,0.04989349,0.10033222,0.06812572
