Gaia/vari_eclipsing_binary/VariEclipsingBinary_529697-529734.csv
# %ECSV 1.0
# ---
# delimiter: ','
# meta: !!omap
# - RELEASE: Gaia DR3
# - TABLE: vari_eclipsing_binary
# - DESCRIPTION: >
#     This table describes the properties of the eclipsing binaries resulting from the variability analysis. 
# - CITATION: >
#     How to cite and acknowledge Gaia: 
#     https://gea.esac.esa.int/archive/documentation/credits.html 
# - KNOWN_ISSUES: >
#     Known issues: 
#     https://www.cosmos.esa.int/web/gaia-users/known-issues 
# - DOCUMENTATION: >
#     Tutorials and documentation: 
#     https://www.cosmos.esa.int/web/gaia-users/archive 
# datatype:
# - 
#   name: solution_id
#   datatype: int64
#   description: Solution Identifier
#   meta:
#     ucd: meta.version
# - 
#   name: source_id
#   datatype: int64
#   description: Unique source identifier
#   meta:
#     ucd: meta.id;meta.main
# - 
#   name: global_ranking
#   datatype: float32
#   description: Number between 0 (worst) and 1 (best)
#   meta:
#     ucd: stat.param
# - 
#   name: reference_time
#   datatype: float64
#   unit: d
#   description: Reference time used for the geometric model fit
#   meta:
#     ucd: time.epoch
# - 
#   name: frequency
#   datatype: float64
#   unit: d**-1
#   description: Frequency of geometric model of the eclipsing binary light curve
#   meta:
#     ucd: src.orbital
# - 
#   name: frequency_error
#   datatype: float32
#   unit: d**-1
#   description: "Uncertainty of \\texttt{frequency}"
#   meta:
#     ucd: stat.error
# - 
#   name: geom_model_reference_level
#   datatype: float32
#   unit: mag
#   description: Magnitude reference level of geometric model
#   meta:
#     ucd: phot.mag;em.opt
# - 
#   name: geom_model_reference_level_error
#   datatype: float32
#   unit: mag
#   description: "Uncertainty of \\texttt{geomModelReferenceLevel}"
#   meta:
#     ucd: stat.error;phot.mag;em.opt
# - 
#   name: geom_model_gaussian1_phase
#   datatype: float32
#   description: Phase of the Gaussian 1 component
#   meta:
#     ucd: time.phase
# - 
#   name: geom_model_gaussian1_phase_error
#   datatype: float32
#   description: "Uncertainty of \\texttt{geomModelGaussian1Phase}"
#   meta:
#     ucd: stat.error;time.phase
# - 
#   name: geom_model_gaussian1_sigma
#   datatype: float32
#   description: "Standard deviation [phase] of Gaussian 1 component"
#   meta:
#     ucd: stat.stdev
# - 
#   name: geom_model_gaussian1_sigma_error
#   datatype: float32
#   description: "Uncertainty of \\texttt{geomModelGaussian1Sigma}"
#   meta:
#     ucd: stat.error
# - 
#   name: geom_model_gaussian1_depth
#   datatype: float32
#   unit: mag
#   description: Magnitude depth of Gaussian 1 component
#   meta:
#     ucd: src.var.amplitude
# - 
#   name: geom_model_gaussian1_depth_error
#   datatype: float32
#   unit: mag
#   description: "Uncertainty of \\texttt{geomModelGaussian1Depth}"
#   meta:
#     ucd: stat.error;src.var.amplitude
# - 
#   name: geom_model_gaussian2_phase
#   datatype: float32
#   description: Phase of Gaussian 2 component
#   meta:
#     ucd: time.phase
# - 
#   name: geom_model_gaussian2_phase_error
#   datatype: float32
#   description: "Uncertainty of \\texttt{geomModelGaussian2Phase}"
#   meta:
#     ucd: stat.error;time.phase
# - 
#   name: geom_model_gaussian2_sigma
#   datatype: float32
[...]
#   datatype: float32
#   description: "Secondary eclipse: uncertainty of \\texttt{derivedSecondaryEclDuration}"
#   meta:
#     ucd: stat.error;time.duration
# - 
#   name: derived_secondary_ecl_depth
#   datatype: float32
#   unit: mag
#   description: "Secondary eclipse: depth"
#   meta:
#     ucd: src.var.amplitude
# - 
#   name: derived_secondary_ecl_depth_error
#   datatype: float32
#   unit: mag
#   description: "Secondary eclipse: uncertainty of \\texttt{derivedSecondaryEclDepth}"
#   meta:
#     ucd: stat.error;src.var.amplitude
solution_id,source_id,global_ranking,reference_time,frequency,frequency_error,geom_model_reference_level,geom_model_reference_level_error,geom_model_gaussian1_phase,geom_model_gaussian1_phase_error,geom_model_gaussian1_sigma,geom_model_gaussian1_sigma_error,geom_model_gaussian1_depth,geom_model_gaussian1_depth_error,geom_model_gaussian2_phase,geom_model_gaussian2_phase_error,geom_model_gaussian2_sigma,geom_model_gaussian2_sigma_error,geom_model_gaussian2_depth,geom_model_gaussian2_depth_error,geom_model_cosine_half_period_amplitude,geom_model_cosine_half_period_amplitude_error,geom_model_cosine_half_period_phase,geom_model_cosine_half_period_phase_error,model_type,num_model_parameters,reduced_chi2,derived_primary_ecl_phase,derived_primary_ecl_phase_error,derived_primary_ecl_duration,derived_primary_ecl_duration_error,derived_primary_ecl_depth,derived_primary_ecl_depth_error,derived_secondary_ecl_phase,derived_secondary_ecl_phase_error,derived_secondary_ecl_duration,derived_secondary_ecl_duration_error,derived_secondary_ecl_depth,derived_secondary_ecl_depth_error
[from data line 149]
375316653866487564,4659332564552092800,0.4372622,2136.46165367381,1.9706426854207963,6.0920698E-5,18.527193,0.19792746,0.13119468,0.03605491,0.10691984,0.03607396,0.14545178,0.07696339,0.5659536,0.019208256,0.22336324,0.12327529,0.23135386,0.19681276,null,null,null,null,"TWOGAUSSIANS",8,4.820861,0.5659536,0.019208256,0.4,0.0,0.14142947,0.024467586,0.15177469,0.018819781,0.4,0.0,0.10168428,0.021053499
375316653866487564,4659333805813741184,0.4945509,2145.0991776927603,0.2291624244401708,1.09815046E-4,17.223938,0.007343091,0.29846936,0.014538325,0.050996415,0.0069713932,0.29716107,0.051145706,0.6585853,0.022736251,0.11359308,0.03374624,0.027075225,0.008348998,null,null,null,null,"TWOGAUSSIANS",8,7.5606227,0.29850936,0.014511358,0.28557992,0.0390398,0.29728764,0.05119642,0.6585853,0.022736251,0.4,0.0,0.027023792,0.008181088
375316653866487564,4659334007661592832,0.52905864,2130.9153569799846,0.4700040989838016,8.331656E-5,18.018745,0.00854138,0.235752,0.06769697,0.13609299,0.07844467,0.020467004,0.0113045145,0.5971828,0.020888342,0.025268726,0.026282951,0.42960256,829.02954,null,null,null,null,"TWOGAUSSIANS",8,5.853623,0.5971828,0.020888342,0.14150487,0.14718454,0.43015665,829.029,0.235752,0.06769697,0.4,0.0,0.020418908,0.011319956
375316653866487564,4659334080691679872,0.53497106,2113.4921606148205,1.2893205834823809,2.0587044E-5,18.24484,0.001904409,0.17012341,0.003746745,0.0112665,0.003280985,0.021837868,0.029722894,0.59271747,0.020810833,0.06626918,0.018979313,0.4208364,4.9112864,null,null,null,null,"TWOGAUSSIANS",8,1.3613297,0.59271747,0.020810833,0.3711074,0.10628416,0.4208364,4.9112864,0.17012341,0.003746745,0.0630924,0.018373515,0.021837868,0.029722894
375316653866487564,4659334802247018112,0.43021688,2124.6266285952715,1.5459214109718842,3.7210968E-5,18.319952,0.014044847,0.2474444,0.028494308,0.06286598,0.035602055,0.08728822,0.018658003,0.80639654,0.03421666,0.057186678,0.02499717,0.08443223,0.031683788,null,null,null,null,"TWOGAUSSIANS",8,3.9829383,0.2474444,0.028494308,0.35204947,0.1993715,0.087284856,0.018661119,0.80639654,0.03421666,0.3202454,0.13998415,0.08442886,0.031720232
375316653866487564,4659335450790960256,0.48882988,2121.835661188178,1.1955093807046446,2.396975E-5,19.596447,0.008318439,0.21575257,0.002929741,0.035593264,0.0036956659,0.25144067,0.017362686,0.71569777,0.012525956,0.051887523,0.014468348,0.2450195,0.052407276,null,null,null,null,"TWOGAUSSIANS",8,2.5145447,0.21575257,0.002929741,0.19932228,0.02069573,0.25144064,0.017362645,0.71569777,0.012525956,0.29057014,0.08102275,0.24501947,0.05240798
375316653866487564,4659336520217992960,0.60281336,2151.408268283136,1.8507743268325503,8.182229E-6,18.900253,0.004966524,0.27954882,0.0037063495,0.06689287,0.00440092,0.3277861,0.018998107,0.7765594,0.003093076,0.052842893,0.0027160912,0.7027049,0.026859207,null,null,null,null,"TWOGAUSSIANS",8,2.4116123,0.7765594,0.003093076,0.2959202,0.015210112,0.7025717,0.02689113,0.27954882,0.0037063495,0.37460005,0.024645153,0.32765284,0.01905647
375316653866487564,4659337065718392832,0.41925502,2148.363288854956,4.21882021279864,4.392386E-5,18.824892,0.009189791,0.22657067,0.015728401,0.043147247,0.009086984,0.07106608,0.01454937,0.8229863,0.008984062,0.046578553,0.010312371,0.21299018,0.09498762,null,null,null,null,"TWOGAUSSIANS",8,4.624564,0.8229863,0.008984062,0.2608399,0.05774928,0.21299018,0.09498762,0.22657067,0.015728401,0.24162458,0.05088711,0.07106608,0.01454937
375316653866487564,4659337379211659392,0.43469247,2166.585663780702,2.2011738966573593,1.6434902E-4,17.861574,0.007632646,0.39017966,0.013436144,0.13106486,0.023681924,0.072998226,0.0105088465,0.7347574,0.028810168,0.066551305,0.046649273,0.027026149,0.023753783,null,null,null,null,"TWOGAUSSIANS",8,4.9015455,0.39017966,0.013410171,0.4,0.0,0.0725866,0.010446046,0.7347574,0.028810168,0.37268728,0.14011663,0.0289183,0.026448574
375316653866487564,4659337860247802752,0.48855793,2167.7862028711156,0.19266314599809659,2.6909803E-4,19.081957,0.015391425,0.36867476,0.03859524,0.070451885,0.09976155,0.080209866,347.21075,0.6630698,7.049556E-5,0.011785053,7.2916923E-4,0.3197049,0.011338713,null,null,null,null,"TWOGAUSSIANS",8,4.4958563,0.6630698,7.049556E-5,0.0659963,0.0040833475,0.31971782,0.011636965,0.36867476,0.03859524,0.39453056,0.4570063,0.080209866,347.21075
375316653866487564,4659338233910183552,0.4785201,2158.0489545806163,1.046369050644998,1.4716284E-5,18.259533,0.004897712,0.35270184,0.029145941,0.14689252,0.034906697,0.032024484,0.011344197,0.8857528,0.0021988712,0.01656517,0.002865838,0.3595467,0.16093817,null,null,null,null,"TWOGAUSSIANS",8,2.2812064,0.8857528,0.0021922102,0.09276495,0.016048692,0.35950005,0.16103747,0.35270184,0.029145941,0.4,0.0,0.03172888,0.011591372
375316653866487564,4659338371375731584,0.57261014,2158.8697780497264,1.4764079176960188,1.086375E-5,18.630894,0.0076013794,0.2614974,0.0042463737,0.050157458,0.005982977,0.4699909,0.04882655,0.7665403,0.0052406196,0.046427995,0.0036115577,0.6206826,0.07612871,null,null,null,null,"TWOGAUSSIANS",8,4.1787634,0.7665403,0.0052406196,0.25999677,0.020224722,0.62068135,0.07612938,0.2614974,0.0042463737,0.28088176,0.03350467,0.4699897,0.048828375
375316653866487564,4659338611867563520,0.47687194,2151.2286669956443,0.38130671754439177,1.4628297E-5,18.621367,0.045944765,0.31681198,0.012822148,0.10029056,0.023385938,0.17771953,0.0419839,0.78292066,0.009398221,0.12127373,0.03239371,0.12348994,0.046184916,null,null,null,null,"TWOGAUSSIANS",8,1.9775999,0.31693196,0.012801314,0.4,0.0,0.16202626,0.017402058,0.78292066,0.009398221,0.4,0.0,0.10771609,0.01724291
375316653866487564,4659338749303022720,0.4689111,2156.9554038455226,1.5440856389367061,1.6340246E-5,19.608568,0.010565122,0.25523058,0.03293231,0.02798082,0.025766741,0.037393577,0.06445681,0.5107003,7.929992E-4,0.020351175,7.946224E-4,2.8932788,0.24370648,null,null,null,null,"TWOGAUSSIANS",8,2.0306761,0.5107003,7.929992E-4,0.11396658,0.0044498853,2.8932788,0.24370648,0.25523058,0.03293231,0.15669258,0.14429376,0.037393577,0.06445681
375316653866487564,4659339745734254208,0.62434644,2149.4155907082145,1.3358595155055148,5.7942602E-6,17.713959,0.009943361,0.14298767,0.004137681,0.032064572,0.0069928453,0.42882845,0.06943971,0.6391961,0.0019501781,0.041020636,0.0025388435,0.62672377,0.035825226,0.13088319,0.017675081,0.14298767,0.004137681,"TWOGAUSSIANS_WITH_ELLIPSOIDAL_ON_ECLIPSE1",9,11.917875,0.6393961,0.0017588997,0.22971556,0.014217524,0.8883493,0.035781343,0.14298767,0.004137681,0.17956161,0.039159935,0.69059473,0.069251716
375316653866487564,4659340261134476544,0.49143958,2156.9896596833833,0.39452708080295873,1.0186068E-6,16.465473,0.0029147954,0.26134768,2.834512E-5,0.0060933433,2.2817499E-4,0.61766,0.05472856,0.7583079,0.0010140853,0.033690378,0.0018627215,0.14881317,0.0010522694,null,null,null,null,"TWOGAUSSIANS",8,20.624641,0.26134768,2.834512E-5,0.034122724,0.0012777799,0.61766,0.05472856,0.7583079,0.0010140853,0.1886661,0.01043124,0.14881317,0.0010522694
375316653866487564,4659340299804938752,0.51440656,2161.7919098961324,0.7697279683892712,1.3467975E-5,16.937283,0.006115687,0.28547528,0.0076489644,0.08565839,0.0074365567,0.15454066,0.008700456,0.79583377,0.0028287165,0.0691179,0.0062328274,0.11774492,0.0061675087,null,null,null,null,"TWOGAUSSIANS",8,5.0154815,0.28547528,0.0076489644,0.4,0.0,0.15335535,0.007906197,0.79583377,0.0028287165,0.38706025,0.03169252,0.116559625,0.005509378
375316653866487564,4659340815201019648,0.47560525,2170.9002341388864,0.6877214889136679,5.5513472E-5,19.766521,0.0104534365,0.2247199,0.025654167,0.044258352,0.026609575,0.059795815,0.046105254,0.7812201,0.009693497,0.0073474473,0.0026168462,0.9111104,1.5232803,null,null,null,null,"TWOGAUSSIANS",8,3.0169144,0.7812201,0.009693497,0.041145705,0.014654339,0.9111104,1.5232803,0.2247199,0.025654167,0.24784677,0.14901362,0.059795815,0.046105254
375316653866487564,4659342425815344384,0.44929782,2176.1795110338808,0.3764655412573031,2.6656313E-5,18.309566,0.023440162,0.13635974,0.007344661,0.008068369,0.009285593,0.02820792,0.115590736,0.8826719,0.0076607815,0.058922626,0.010717139,0.15638526,0.054834537,0.075341456,0.028188623,0.13635974,0.007344661,"TWOGAUSSIANS_WITH_ELLIPSOIDAL_ON_ECLIPSE1",9,3.2412279,0.13635974,0.0073359027,0.04518287,0.051999323,0.17890559,0.12418527,0.8826719,0.0076607815,0.32996672,0.060015976,0.15646614,0.054839447
375316653866487564,4659343044274266496,0.50281715,2181.2978107081963,0.2631675423232716,1.1169913E-5,19.00372,0.005625961,0.30337414,0.004106386,0.05811656,0.0057941047,0.3097555,0.06076282,0.82021797,0.010150833,0.069536574,0.008905218,0.16310656,0.029302139,null,null,null,null,"TWOGAUSSIANS",8,1.652312,0.30337414,0.004106386,0.32545274,0.032446988,0.3096362,0.060888834,0.82021797,0.010150833,0.38940483,0.047355767,0.16298729,0.029360218
375316653866487564,4659343319149954816,0.53161186,2176.0706149474445,0.06338832257360769,1.6403617E-5,15.975891,0.0019293168,0.18910567,1.8123852E-4,0.0023322394,2.3653038E-4,0.35023195,0.05277983,0.7891952,0.030932534,0.02198039,0.02425103,0.06596397,7.3185555E13,0.009051846,0.0033446613,0.18910567,1.8123852E-4,"TWOGAUSSIANS_WITH_ELLIPSOIDAL_ON_ECLIPSE1",9,8.399094,0.18910567,1.8123852E-4,0.01306054,0.0013245702,0.36833563,0.05347468,0.7891952,0.030932534,0.123090185,0.13580577,0.077803284,7.3185555E13
375316653866487564,4659344251175794432,0.4921217,2257.6033962812216,2.688441532810991,4.078893E-5,18.265785,0.13111664,0.31508148,0.019166188,0.1107648,0.038197875,0.47485295,0.15642692,0.787347,0.0038603335,0.08070021,0.013303373,1.2197763,0.24936418,null,null,null,null,"TWOGAUSSIANS",8,3.2408984,0.787347,0.0038603335,0.4,0.0,1.1894364,0.25683296,0.31508148,0.019166188,0.4,0.0,0.44445395,0.094214536
375316653866487564,4659345861768448896,0.49016982,2161.67544096,1.3841864224256506,1.118159E-4,19.740429,0.007890748,0.121177934,0.0074855178,0.018792747,0.007867071,0.04460221,0.011914387,0.6623224,0.00784123,0.024178429,0.023155037,0.590607,0.4904031,null,null,null,null,"TWOGAUSSIANS",8,1.650334,0.6623224,0.00784123,0.13539921,0.1296682,0.590607,0.4904031,0.121177934,0.0074855178,0.10523938,0.044055596,0.04460221,0.011914387
375316653866487564,4659346652073345152,0.5253966,2143.6114056351453,0.8787345079707461,8.769483E-6,16.98479,0.0074449037,0.25817946,0.0044308854,0.0879415,0.007168549,0.13222437,0.007881622,0.7493174,0.0037406962,0.08857585,0.008680531,0.11252417,0.0071952143,null,null,null,null,"TWOGAUSSIANS",8,3.1787333,0.25817946,0.0044308854,0.4,0.0,0.12840153,0.0058586355,0.7493174,0.0037406962,0.4,0.0,0.108701326,0.0061296616
375316653866487564,4659346828156097920,0.5696978,2174.2648252764056,0.16514328479711662,1.001888E-5,15.98291,0.0055696503,0.3030926,0.003003812,0.027719242,0.0025782476,0.28017458,0.01823135,null,null,null,null,null,null,0.058514696,0.0050826347,0.3030926,0.003003812,"ONEGAUSSIAN_WITH_ELLIPSOIDAL",6,32.60975,0.3030926,0.003003812,0.15522775,0.014438187,0.39720395,0.016399363,null,null,null,null,null,null
375316653866487564,4659346862515826176,0.44874892,2179.5773973551736,1.047770570777345,4.187475E-5,15.986722,0.0026519904,0.23458165,0.0030391812,0.017077992,0.0012528264,0.15072197,0.016550304,0.74947506,0.012945156,0.040132266,0.015938621,0.050460637,0.042147875,null,null,null,null,"TWOGAUSSIANS",8,11.548364,0.23458165,0.0030391812,0.095636755,0.0070158276,0.15072197,0.016550304,0.74947506,0.012945156,0.2247407,0.08925628,0.050460637,0.042147875
375316653866487564,4659347377911907840,0.424381,2180.167641896243,0.005139721073579596,7.377294E-5,17.101412,0.0065683057,0.1893315,0.017331192,0.011078415,0.018707467,0.32125348,1.70438282E16,0.8721714,0.0017833399,0.013745968,0.011951211,0.42413455,2990.6824,0.049397167,0.005821692,0.1893315,0.017331192,"TWOGAUSSIANS_WITH_ELLIPSOIDAL_ON_ECLIPSE1",9,59.716713,0.8721714,0.0017833399,0.076977424,0.06692678,0.44070676,2990.6887,0.1893315,0.017331192,0.06203913,0.104761824,0.4200478,1.70438282E16
375316653866487564,4659347721509246720,0.5156849,2133.143847391748,1.5986382338226013,2.3311502E-5,19.31836,0.006408322,0.2505353,0.0069245645,0.065354876,0.007824644,0.1463651,0.009678979,0.74408853,0.0053424635,0.06793771,0.0074959216,0.25552288,0.0173064,null,null,null,null,"TWOGAUSSIANS",8,1.1797924,0.74408853,0.0053424635,0.38045117,0.040305328,0.25523853,0.017412761,0.2505353,0.0069245645,0.3659873,0.042149052,0.14608076,0.00963134
375316653866487564,4659347893307943424,0.5952504,2163.806499209921,0.4829329378586925,4.556849E-5,17.121622,0.0014119096,0.25194308,2.0140451E-8,0.0070892717,2.1246762E-5,5.042658,0.062014118,0.76127785,0.010407757,0.059008624,0.012544562,0.0200756,0.005921896,null,null,null,null,"TWOGAUSSIANS",8,1.5515888,0.25194308,2.0140451E-8,0.03969992,1.18981865E-4,5.042658,0.062014118,0.76127785,0.010407757,0.3304483,0.07024955,0.0200756,0.005921896
375316653866487564,4659348095154428032,0.53653187,2172.1670269867027,1.2148227185240772,1.0487174E-5,17.428648,0.0032629883,0.5945051,7.1704533E-4,0.012986102,8.023582E-4,0.29737025,0.016346984,null,null,null,null,null,null,null,null,null,null,"ONEGAUSSIAN",5,7.8874187,0.5945051,7.1704533E-4,0.072722174,0.004493206,0.29737025,0.0,null,null,null,null,null,null
375316653866487564,4659348649204774272,0.45523512,2189.5378647990283,0.8889278041700691,3.8442973E-5,18.705114,0.010795097,0.23909716,0.01444272,0.055585712,0.012383723,0.24534333,0.029525543,0.76300126,0.015717799,0.07704521,0.03245441,0.08110572,0.023749217,null,null,null,null,"TWOGAUSSIANS",8,6.0338435,0.23909716,0.01444272,0.31127998,0.06934885,0.2452409,0.029456597,0.76300126,0.015717799,0.4,0.044792242,0.081003286,0.024052283
375316653866487564,4659349095898658816,0.5549,2201.6234109659927,0.46041809658723476,5.7126923E-5,17.674433,0.0037466986,0.6581038,0.09397051,0.03080975,0.042913284,0.43742216,0.6189338,0.9027576,0.0064670052,0.018817585,0.0075957705,0.021863101,0.0048424965,null,null,null,null,"TWOGAUSSIANS",8,3.8968897,0.6581038,0.09397051,0.1725346,0.2403144,0.43742216,0.6189338,0.9027576,0.0064670052,0.10537847,0.042536315,0.021863101,0.004844674
375316653866487564,4659349233337594368,0.5180936,2199.203938323829,1.0333162373244216,8.843623E-6,17.252678,0.004249845,0.24992456,0.002293173,0.07573948,0.0053567435,0.13439558,0.0069444487,0.7509995,0.0041144984,0.077565625,0.006017763,0.1329776,0.008224857,null,null,null,null,"TWOGAUSSIANS",8,3.1554096,0.24992456,0.002293173,0.4,0.0,0.13311522,0.0071197664,0.7509995,0.0041144984,0.4,0.0,0.13169724,0.008409062
375316653866487564,4659349744422552704,0.5819842,2168.206707495323,1.1669243536181975,2.2132297E-5,18.494177,0.004809345,0.28077826,0.004707833,0.053371757,0.003964419,0.37336618,0.010293024,0.78339046,0.0040063877,0.054133482,0.007262056,0.1299631,0.009495476,null,null,null,null,"TWOGAUSSIANS",8,1.9644501,0.28077826,0.004707833,0.29888186,0.022200746,0.37335834,0.010286355,0.78339046,0.0040063877,0.3031475,0.040667515,0.12995528,0.009500131
375316653866487564,4659350672167043200,0.52005506,2170.871977926216,0.6252712840453848,4.8422808E-5,19.55324,0.00500776,0.228219,0.061594162,0.10121518,0.04870243,0.023226054,0.009679381,0.7366236,1.1567628E-4,0.010092992,2.9918563E-4,0.7566083,0.040085297,null,null,null,null,"TWOGAUSSIANS",8,0.73756254,0.7366236,1.1567628E-4,0.056520756,0.0016754396,0.75660735,0.04008553,0.228219,0.061594162,0.4,0.08818899,0.023224842,0.009677439
