Gaia/vari_eclipsing_binary/VariEclipsingBinary_667286-667310.csv
# %ECSV 1.0
# ---
# delimiter: ','
# meta: !!omap
# - RELEASE: Gaia DR3
# - TABLE: vari_eclipsing_binary
# - DESCRIPTION: >
#     This table describes the properties of the eclipsing binaries resulting from the variability analysis. 
# - CITATION: >
#     How to cite and acknowledge Gaia: 
#     https://gea.esac.esa.int/archive/documentation/credits.html 
# - KNOWN_ISSUES: >
#     Known issues: 
#     https://www.cosmos.esa.int/web/gaia-users/known-issues 
# - DOCUMENTATION: >
#     Tutorials and documentation: 
#     https://www.cosmos.esa.int/web/gaia-users/archive 
# datatype:
# - 
#   name: solution_id
#   datatype: int64
#   description: Solution Identifier
#   meta:
#     ucd: meta.version
# - 
#   name: source_id
#   datatype: int64
#   description: Unique source identifier
#   meta:
#     ucd: meta.id;meta.main
# - 
#   name: global_ranking
#   datatype: float32
#   description: Number between 0 (worst) and 1 (best)
#   meta:
#     ucd: stat.param
# - 
#   name: reference_time
#   datatype: float64
#   unit: d
#   description: Reference time used for the geometric model fit
#   meta:
#     ucd: time.epoch
# - 
#   name: frequency
#   datatype: float64
#   unit: d**-1
#   description: Frequency of geometric model of the eclipsing binary light curve
#   meta:
#     ucd: src.orbital
# - 
#   name: frequency_error
#   datatype: float32
#   unit: d**-1
#   description: "Uncertainty of \\texttt{frequency}"
#   meta:
#     ucd: stat.error
# - 
#   name: geom_model_reference_level
#   datatype: float32
#   unit: mag
#   description: Magnitude reference level of geometric model
#   meta:
#     ucd: phot.mag;em.opt
# - 
#   name: geom_model_reference_level_error
#   datatype: float32
#   unit: mag
#   description: "Uncertainty of \\texttt{geomModelReferenceLevel}"
#   meta:
#     ucd: stat.error;phot.mag;em.opt
# - 
#   name: geom_model_gaussian1_phase
#   datatype: float32
#   description: Phase of the Gaussian 1 component
#   meta:
#     ucd: time.phase
# - 
#   name: geom_model_gaussian1_phase_error
#   datatype: float32
#   description: "Uncertainty of \\texttt{geomModelGaussian1Phase}"
#   meta:
#     ucd: stat.error;time.phase
# - 
#   name: geom_model_gaussian1_sigma
#   datatype: float32
#   description: "Standard deviation [phase] of Gaussian 1 component"
#   meta:
#     ucd: stat.stdev
# - 
#   name: geom_model_gaussian1_sigma_error
#   datatype: float32
#   description: "Uncertainty of \\texttt{geomModelGaussian1Sigma}"
#   meta:
#     ucd: stat.error
# - 
#   name: geom_model_gaussian1_depth
#   datatype: float32
#   unit: mag
#   description: Magnitude depth of Gaussian 1 component
#   meta:
#     ucd: src.var.amplitude
# - 
#   name: geom_model_gaussian1_depth_error
#   datatype: float32
#   unit: mag
#   description: "Uncertainty of \\texttt{geomModelGaussian1Depth}"
#   meta:
#     ucd: stat.error;src.var.amplitude
# - 
#   name: geom_model_gaussian2_phase
#   datatype: float32
#   description: Phase of Gaussian 2 component
#   meta:
#     ucd: time.phase
# - 
#   name: geom_model_gaussian2_phase_error
#   datatype: float32
#   description: "Uncertainty of \\texttt{geomModelGaussian2Phase}"
#   meta:
#     ucd: stat.error;time.phase
# - 
#   name: geom_model_gaussian2_sigma
#   datatype: float32
[...]
#   datatype: float32
#   description: "Secondary eclipse: uncertainty of \\texttt{derivedSecondaryEclDuration}"
#   meta:
#     ucd: stat.error;time.duration
# - 
#   name: derived_secondary_ecl_depth
#   datatype: float32
#   unit: mag
#   description: "Secondary eclipse: depth"
#   meta:
#     ucd: src.var.amplitude
# - 
#   name: derived_secondary_ecl_depth_error
#   datatype: float32
#   unit: mag
#   description: "Secondary eclipse: uncertainty of \\texttt{derivedSecondaryEclDepth}"
#   meta:
#     ucd: stat.error;src.var.amplitude
solution_id,source_id,global_ranking,reference_time,frequency,frequency_error,geom_model_reference_level,geom_model_reference_level_error,geom_model_gaussian1_phase,geom_model_gaussian1_phase_error,geom_model_gaussian1_sigma,geom_model_gaussian1_sigma_error,geom_model_gaussian1_depth,geom_model_gaussian1_depth_error,geom_model_gaussian2_phase,geom_model_gaussian2_phase_error,geom_model_gaussian2_sigma,geom_model_gaussian2_sigma_error,geom_model_gaussian2_depth,geom_model_gaussian2_depth_error,geom_model_cosine_half_period_amplitude,geom_model_cosine_half_period_amplitude_error,geom_model_cosine_half_period_phase,geom_model_cosine_half_period_phase_error,model_type,num_model_parameters,reduced_chi2,derived_primary_ecl_phase,derived_primary_ecl_phase_error,derived_primary_ecl_duration,derived_primary_ecl_duration_error,derived_primary_ecl_depth,derived_primary_ecl_depth_error,derived_secondary_ecl_phase,derived_secondary_ecl_phase_error,derived_secondary_ecl_duration,derived_secondary_ecl_duration_error,derived_secondary_ecl_depth,derived_secondary_ecl_depth_error
[from data line 322]
375316653866487564,5869595009298293888,0.6175838,2254.7378111557787,0.20099563857314628,1.0456507E-4,17.547098,0.0014230185,0.32626706,1.2465406E-4,0.0126721645,1.698795E-4,0.5540135,0.003295636,null,null,null,null,null,null,null,null,null,null,"ONEGAUSSIAN",5,2.5220077,0.32626706,1.2465406E-4,0.07096412,9.5132523E-4,0.5540135,0.0,null,null,null,null,null,null
375316653866487564,5869595254185037824,0.49803603,2239.5147280453807,0.22836092999996688,3.7136058E-6,16.883862,0.0149471825,0.7942767,0.10241912,0.16462675,0.27218837,0.008521382,0.014565735,0.63108534,8.254833E-4,0.0072688065,6.570679E-4,0.16364157,0.010555509,null,null,null,null,"TWOGAUSSIANS",8,7.369765,0.63109535,8.247494E-4,0.040705316,0.0036795803,0.16868606,0.01083772,0.7942767,0.10241912,0.4,0.0,0.00835215,0.007479097
375316653866487564,5869595490326839680,0.4471267,2256.3766839421423,2.2673047632975223,2.434379E-5,17.915081,0.23980752,0.2268714,0.006266353,0.18755734,0.06248493,0.33180702,0.22622453,0.7215316,0.008435669,0.17180757,0.056983825,0.31490266,0.20856942,null,null,null,null,"TWOGAUSSIANS",8,5.851893,0.2286014,0.0058460175,0.4,0.0,0.100278586,0.007985153,0.7215316,0.008435669,0.4,0.0,0.093252994,0.015912697
375316653866487564,5869595529064054016,0.6274215,2235.220859750246,1.477254895410826,2.661681E-6,16.862722,0.0026868405,0.21016772,0.0019918103,0.03954861,0.010685558,0.026591092,0.007129041,0.7031143,9.0460514E-4,0.052491773,0.0024268015,0.20708929,0.0076021682,0.06733319,0.0039189155,0.21016772,0.0019918103,"TWOGAUSSIANS_WITH_ELLIPSOIDAL_ON_ECLIPSE1",9,4.2939596,0.70398426,6.9900363E-4,0.29395393,0.013590088,0.34152254,0.0073011518,0.21016772,0.0019918103,0.2214722,0.05983913,0.16125594,0.0047528883
375316653866487564,5869595941379856384,0.5016331,2250.4216389196613,0.4507285515268375,1.0377584E-5,14.026891,0.001835195,0.24795283,0.035688173,0.07440702,0.039757174,0.009806492,0.0032266907,0.74357307,0.0031086125,0.011830414,0.0018333893,0.14186051,0.007041649,null,null,null,null,"TWOGAUSSIANS",8,79.20213,0.74357307,0.0031086125,0.06625032,0.010266979,0.14186051,0.0070416327,0.24795283,0.035688173,0.4,0.07482284,0.009806491,0.0032266702
375316653866487564,5869596143161984256,0.6289837,2253.29638014841,2.7218165570386517,2.6812772E-6,17.685568,0.009195292,0.3133487,8.428106E-4,0.054859333,0.0018699842,0.5131934,0.020578086,0.81366384,0.0010565224,0.052740306,0.0025176539,0.39898604,0.017898003,0.09409935,0.010503559,0.3133487,8.428106E-4,"TWOGAUSSIANS_WITH_ELLIPSOIDAL_ON_ECLIPSE1",9,5.1690116,0.3133487,8.428106E-4,0.30721226,0.010471912,0.70137095,0.012512718,0.81366384,0.0010538164,0.2953457,0.014098861,0.58716285,0.012882029
375316653866487564,5869596388056512640,0.6955123,2236.4416275980107,0.5931801580408488,1.0068452E-6,14.772209,0.001009908,0.26403362,2.505369E-4,0.026986856,3.6295233E-4,0.5545657,0.006667022,0.76477456,5.929325E-4,0.026428113,9.591365E-4,0.5878623,0.03678814,0.01432183,0.0017372506,0.26403362,2.505369E-4,"TWOGAUSSIANS_WITH_ELLIPSOIDAL_ON_ECLIPSE1",9,16.228607,0.76477456,5.929325E-4,0.14799744,0.0053711645,0.6165053,0.03748902,0.26403362,2.505369E-4,0.1511264,0.002032533,0.5832094,0.007072141
375316653866487564,5869596418047616896,0.45722744,2233.5536279672187,3.103074637267085,2.3716311E-5,18.980503,0.21408811,0.26451778,0.0070852702,0.14760579,0.04857489,0.23848295,0.20085812,0.7601181,0.0069366554,0.15015091,0.048479255,0.24622482,0.20195486,null,null,null,null,"TWOGAUSSIANS",8,2.5989988,0.7601181,0.0069366554,0.4,0.0,0.13233423,0.013172817,0.2648978,0.0070263385,0.4,0.0,0.12498183,0.0115813585
375316653866487564,5869596555475972224,0.60090667,2219.5091040290977,1.8664001144124167,3.6715094E-6,15.353037,0.011833519,0.28512162,9.016182E-4,0.06506722,0.0030112823,0.35904476,0.023555996,0.79575247,0.007754758,0.0607987,0.005693361,0.16145542,0.03527799,0.0775086,0.0136461705,0.28512162,9.016182E-4,"TWOGAUSSIANS_WITH_ELLIPSOIDAL_ON_ECLIPSE1",9,44.96866,0.28512162,9.016182E-4,0.36437643,0.016863182,0.51382583,0.0098319,0.79575247,0.007754758,0.34047273,0.031882823,0.31554586,0.01567456
375316653866487564,5869596628574624768,0.44072664,2248.4163154093076,0.27477480344096467,6.049684E-5,18.201027,0.0022817163,0.39659458,0.013266222,0.042285692,0.0069249473,0.82549816,0.4423179,0.5941902,0.012898505,0.014906716,0.008856789,0.0049112514,0.016727665,null,null,null,null,"TWOGAUSSIANS",8,13.5829935,0.39659458,0.013266222,0.23679987,0.038779706,0.82549816,0.4423179,0.5941902,0.012898505,0.08347761,0.04959802,0.0049262187,0.016723417
375316653866487564,5869596972153892352,0.49324483,2258.4747720622167,0.3817124414783762,1.2220084E-5,19.66584,0.00892721,0.23780029,0.0026974005,0.034096166,0.006439121,0.2237036,0.017560365,0.72550553,0.0031103345,0.03680253,0.004427545,0.37234464,0.034664538,0.053427495,0.013533271,0.23780029,0.0026974005,"TWOGAUSSIANS_WITH_ELLIPSOIDAL_ON_ECLIPSE1",9,2.660068,0.72586554,0.0030278678,0.20609416,0.02479425,0.47858194,0.038427927,0.23780029,0.0026974005,0.19093853,0.036059078,0.33055845,0.021950068
375316653866487564,5869597556287662208,0.510321,2226.316733212181,0.6929161189236543,4.4963404E-6,15.557997,5.8399193E-4,0.17511937,0.013803485,0.009430009,0.026730573,0.01972858,0.01927055,0.34601146,0.001246819,0.029406315,8.8727556E-4,0.06427137,0.0018729798,null,null,null,null,"TWOGAUSSIANS",8,3.2403612,0.34601146,0.001246819,0.16467537,0.0049687433,0.06427137,0.0018729804,0.17511937,0.013803485,0.052808046,0.14969121,0.019728582,0.019270554
375316653866487564,5869597586268141824,0.55014545,2242.5468801266757,2.3203760674929854,7.1401973E-6,17.970856,0.008290964,0.28332362,0.0015295416,0.095285475,0.0033823005,0.24166115,0.008265881,0.7825486,0.002277159,0.0926774,0.0054532615,0.24425931,0.007471116,null,null,null,null,"TWOGAUSSIANS",8,3.1351402,0.7825486,0.002277159,0.4,0.0,0.23029132,0.00740464,0.28332362,0.0015295416,0.4,0.0,0.22769287,0.004994124
375316653866487564,5869597865486009344,0.5588797,2238.847723175536,0.3014823994265152,3.9487577E-6,13.693497,9.4371336E-4,0.31065613,7.8140403E-4,0.025286231,0.0011327275,0.076038264,0.003640163,0.8011463,0.0037796565,0.027027644,0.0028042444,0.07864336,0.01188174,0.013453487,0.0015496495,0.31065613,7.8140403E-4,"TWOGAUSSIANS_WITH_ELLIPSOIDAL_ON_ECLIPSE1",9,9.312268,0.80132633,0.003720157,0.1513548,0.015703768,0.10545622,0.012144185,0.31065613,7.8140403E-4,0.14160289,0.006343274,0.10294523,0.0035957338
375316653866487564,5869598380882098816,0.48638818,2239.8389659193404,1.164734006803943,1.1071305E-5,15.450443,0.00944137,0.2345751,0.0143207675,0.017501594,0.005995003,0.38221684,0.30649564,0.7347826,9.981076E-4,0.021917079,0.0013789181,0.4986733,0.025185758,null,null,null,null,"TWOGAUSSIANS",8,542.64136,0.7347826,9.981076E-4,0.12273564,0.007721941,0.4986733,0.025185758,0.2345751,0.0143207675,0.09800893,0.03357202,0.38221684,0.30649564
375316653866487564,5869599922730395904,0.63108486,2240.683982836257,2.3568392447505846,4.2750053E-6,17.32463,0.0037054692,0.30305642,0.0014344098,0.07019749,0.0016353704,0.52173877,0.011795356,0.80288935,0.0016078101,0.072984256,0.0014444239,0.5124551,0.008436362,null,null,null,null,"TWOGAUSSIANS",8,6.9969473,0.30305642,0.0014344098,0.39310595,0.009158075,0.51942325,0.011909481,0.80288935,0.0016078101,0.4,0.0,0.5101396,0.008378559
375316653866487564,5869599927070355200,0.68532765,2211.6842516984416,1.145473768876971,1.8498748E-6,15.799469,0.0022013087,0.26999724,5.8668345E-4,0.048310388,9.540782E-4,0.40061983,0.0088245,0.7670861,0.0036494634,0.04634384,0.0034687493,0.0656317,0.0073056445,0.07271853,0.0028703844,0.26999724,5.8668345E-4,"TWOGAUSSIANS_WITH_ELLIPSOIDAL_ON_ECLIPSE1",9,4.6322007,0.26999724,5.8668345E-4,0.27053818,0.005342838,0.5460562,0.00877191,0.7678861,0.0026549627,0.2595255,0.019424995,0.21103275,0.0063223564
375316653866487564,5869600236321454848,0.48472992,2264.5793894828216,2.396286341670793,2.4507404E-5,18.249317,0.32531935,0.2244163,0.0095283035,0.12346739,0.11137183,0.15795991,0.31881773,0.7232569,0.0047165276,0.104707524,0.040457465,0.18030304,0.23501192,null,null,null,null,"TWOGAUSSIANS",8,4.3895206,0.7232569,0.0047165276,0.4,0.0,0.15048791,0.008924559,0.2244163,0.009632042,0.4,0.0,0.12806198,0.017917454
375316653866487564,5869600648625072384,0.5798455,2277.5053713068173,0.3450715173018979,1.6556314E-6,18.342833,0.0039946726,0.15170258,0.0059140325,0.015355885,0.0067101414,0.017796554,0.0043235864,0.84135133,3.5701896E-4,0.019010449,5.477997E-4,0.52790767,0.012774173,null,null,null,null,"TWOGAUSSIANS",8,4.616337,0.84135133,3.5701896E-4,0.10645851,0.003067678,0.52790767,0.012774173,0.15170258,0.0059140325,0.08599296,0.03757679,0.017796554,0.0043235864
375316653866487564,5869600678644742784,0.5381671,2259.755982542039,2.008735059902072,6.976283E-6,18.940102,0.010379116,0.2713218,0.0026045286,0.09092497,0.003704506,0.3437552,0.0122145265,0.7679205,0.0018284095,0.08603727,0.0029708322,0.3789133,0.009906995,null,null,null,null,"TWOGAUSSIANS",8,2.6250749,0.7679205,0.0018284095,0.4,0.0,0.36631498,0.007260368,0.2713218,0.0026045286,0.4,0.0,0.3311567,0.010312617
375316653866487564,5869600854741151360,0.45417154,2229.6437559184446,3.1223527105160453,3.6082E-5,19.877321,0.065565534,0.31611726,0.010897638,0.12548074,0.032382734,0.22139694,0.0636704,0.77555335,0.007849079,0.105523914,0.0160564,0.27599645,0.06501336,null,null,null,null,"TWOGAUSSIANS",8,2.527114,0.77555335,0.007849079,0.4,0.0,0.24485523,0.027859926,0.31617728,0.010822922,0.4,0.0,0.18998502,0.021137254
375316653866487564,5869601782496491776,0.6179774,2243.697741999213,1.1879463060724536,5.8809305E-6,11.682458,0.02224129,0.28395298,0.0029437314,0.13287927,0.0074264533,0.27428922,0.022848995,0.76371706,0.0013564909,0.11618636,0.006041022,0.31293187,0.019755606,null,null,null,null,"TWOGAUSSIANS",8,89.226456,0.76371706,0.0013564909,0.4,0.0,0.24793324,0.0041546687,0.28406298,0.0029202867,0.4,0.0,0.20883283,0.0053244866
375316653866487564,5869601885533290496,0.51579195,2274.397102347258,2.4844225709002754,1.4935541E-5,18.395092,0.028312374,0.2532032,0.0057247276,0.10604511,0.015059894,0.2353112,0.02644605,0.7443402,0.004911108,0.10720983,0.013522906,0.2315227,0.026291372,null,null,null,null,"TWOGAUSSIANS",8,3.968559,0.25321323,0.0057410887,0.4,0.0,0.20823531,0.011189868,0.7443402,0.004911108,0.4,0.0,0.20444494,0.009698492
375316653866487564,5869602675806991744,0.54319406,2231.2320040934815,3.8623452186579357,1.0530665E-5,19.338526,0.010858773,0.1742963,0.002586448,0.06938213,0.0029886155,0.5833424,0.024437496,0.68013215,0.004305201,0.071064,0.0057446724,0.4781257,0.017774314,null,null,null,null,"TWOGAUSSIANS",8,3.4902852,0.1742963,0.002586448,0.38853994,0.016736247,0.58173466,0.024468273,0.68013215,0.004305201,0.39795843,0.022283232,0.47651798,0.017823726
375316653866487564,5869602882007920896,0.6810082,2253.1552743577263,1.938890225873008,1.9812771E-6,17.63039,0.005318143,0.20064013,8.2747685E-4,0.04841873,0.0021169707,0.23810378,0.012546973,0.7020456,0.0012716955,0.049067203,0.0025735325,0.20919971,0.0104563385,0.13900805,0.006490853,0.20064013,8.2747685E-4,"TWOGAUSSIANS_WITH_ELLIPSOIDAL_ON_ECLIPSE1",9,1.6138339,0.20064013,8.2747685E-4,0.2711449,0.011855036,0.51611865,0.0064005945,0.7020456,0.0012716955,0.27477634,0.014411782,0.48719293,0.005077158
375316653866487564,5869603015106969856,0.6559726,2242.267830290356,0.2649041976573244,1.5441708E-6,16.2889,0.0015631141,0.16731589,0.0044082236,0.031134197,0.008661385,0.10129561,0.06853829,0.65967697,6.656782E-4,0.032100018,4.8131432E-4,0.66133296,0.009887275,0.030098854,0.003409277,0.16731589,0.0044082236,"TWOGAUSSIANS_WITH_ELLIPSOIDAL_ON_ECLIPSE1",9,13.814181,0.659737,6.5355655E-4,0.1797601,0.00269536,0.7213931,0.009520796,0.16731589,0.0044082236,0.17435151,0.048503757,0.16149329,0.06901645
375316653866487564,5869603775316731904,0.5190024,2212.597544334697,0.8426841618464992,2.5369916E-5,19.007156,0.014283538,0.2756368,0.004318231,0.01807898,0.0029543533,0.50484204,0.046014,0.86439884,0.05195159,0.048281334,0.029050421,0.03647026,0.029307092,0.044398054,0.014185414,0.2756368,0.004318231,"TWOGAUSSIANS_WITH_ELLIPSOIDAL_ON_ECLIPSE1",9,10.569122,0.2756368,0.004318231,0.10124228,0.01654438,0.5936381,0.041737493,0.86439884,0.05195159,0.27037546,0.16268235,0.100394666,0.039558325
375316653866487564,5869603775361222656,0.48371586,2211.059672609385,1.3783951841417785,1.7443554E-5,19.119856,0.0065097422,0.18961672,0.011157966,0.039585974,0.01277654,0.10062112,0.015068704,0.67375535,0.00506245,0.024505451,0.0030622089,0.50487655,0.05350204,null,null,null,null,"TWOGAUSSIANS",8,4.7048974,0.67375535,0.00506245,0.13723053,0.01714837,0.50487655,0.05350204,0.18961672,0.011157966,0.22168146,0.071548626,0.10062112,0.015068704
375316653866487564,5869604084598866560,0.5664874,2234.544080824444,0.08442479957576203,2.9839564E-5,14.4162445,7.1713433E-4,0.2821345,0.015419295,0.0070911967,0.006151806,0.23092355,0.6410641,0.8384766,0.002375172,0.008301502,0.0022824386,0.22412433,0.03477096,0.001931848,0.0011575987,0.8384766,0.002375172,"TWOGAUSSIANS_WITH_ELLIPSOIDAL_ON_ECLIPSE2",9,75.57246,0.2821345,0.015419295,0.0397107,0.034450114,0.23432292,0.6411736,0.8384766,0.002375172,0.04648841,0.012781656,0.22798803,0.03455503
375316653866487564,5869604118958535680,0.7080238,2224.6593318408327,0.6325617750342374,2.1654234E-6,14.8789,6.3791306E-4,0.2708728,4.594287E-4,0.02123389,4.6528128E-4,0.17403965,0.0039125243,0.77072316,2.959854E-4,0.019692082,2.9325928E-4,0.7350926,0.015234329,0.0047170655,8.931177E-4,0.2708728,4.594287E-4,"TWOGAUSSIANS_WITH_ELLIPSOIDAL_ON_ECLIPSE1",9,10.53675,0.77072316,2.959854E-4,0.11027566,0.001642252,0.7445267,0.015510978,0.2708728,4.594287E-4,0.11890978,0.0026055751,0.18347377,0.0039728214
375316653866487564,5869604286424127104,0.54891825,2286.363252160091,1.2744755010647315,9.692269E-6,18.849741,0.0073525626,0.18942082,0.0110746715,0.026260512,0.009216372,0.3339357,0.21097463,0.6799762,6.680163E-4,0.029827695,8.8184176E-4,0.76099986,0.017328944,null,null,null,null,"TWOGAUSSIANS",8,8.575575,0.6799762,6.680163E-4,0.1670351,0.0049383137,0.76099986,0.017328944,0.18942082,0.0110746715,0.14705886,0.051611684,0.3339357,0.21097463
375316653866487564,5869604393836436096,0.5564843,2236.7949167377215,2.033043346405032,5.0819885E-6,13.912236,0.038937725,0.19911519,0.0028047727,0.13417788,0.03514009,0.09047242,0.03728285,0.6898866,0.0019115043,0.12545153,0.018814867,0.13256992,0.036533203,null,null,null,null,"TWOGAUSSIANS",8,19.3008,0.6898866,0.0019115043,0.4,0.0,0.10125081,0.002385873,0.19928518,0.0029748196,0.4,0.0,0.059071377,0.0023930992
375316653866487564,5869604462511628800,0.4991927,2253.1969348271737,2.4339715615815485,1.152773E-5,17.483255,0.008313202,0.27082625,0.003030199,0.09143564,0.004857858,0.25407925,0.008158203,0.76934797,0.0077506443,0.08527358,0.009918834,0.24112187,0.017021213,null,null,null,null,"TWOGAUSSIANS",8,12.2676115,0.27082625,0.003030199,0.4,0.0,0.2452487,0.005845134,0.76934797,0.0077506443,0.4,0.0,0.23229147,0.018280527
375316653866487564,5869604703074103424,0.486878,2206.200894251296,0.6536479163762366,1.5895856E-5,12.479649,0.06465232,0.19644707,0.004087763,0.16979375,0.020045098,0.24456432,0.05494923,0.696356,0.0057770144,0.20777957,0.029081464,0.268044,0.061341427,null,null,null,null,"TWOGAUSSIANS",8,138.93062,0.696356,0.0061261565,0.4,0.0,0.06149665,0.004891929,0.19650707,0.003486065,0.4,0.0,0.061242573,0.0034602864
375316653866487564,5869604904892681344,0.48477262,2247.0460746248195,1.4655582396836366,3.3897548E-5,17.75745,0.0923427,0.21875705,0.005708187,0.11487375,0.036296662,0.2003944,0.08817948,0.72029656,0.0072673196,0.105169,0.03200639,0.19799112,0.08975221,null,null,null,null,"TWOGAUSSIANS",8,14.603772,0.21875705,0.0057110116,0.4,0.0,0.17076409,0.014590519,0.72029656,0.007277235,0.4,0.0,0.16838677,0.022107817
