Gaia/vari_eclipsing_binary/VariEclipsingBinary_597435-597472.csv
# %ECSV 1.0
# ---
# delimiter: ','
# meta: !!omap
# - RELEASE: Gaia DR3
# - TABLE: vari_eclipsing_binary
# - DESCRIPTION: >
#     This table describes the properties of the eclipsing binaries resulting from the variability analysis. 
# - CITATION: >
#     How to cite and acknowledge Gaia: 
#     https://gea.esac.esa.int/archive/documentation/credits.html 
# - KNOWN_ISSUES: >
#     Known issues: 
#     https://www.cosmos.esa.int/web/gaia-users/known-issues 
# - DOCUMENTATION: >
#     Tutorials and documentation: 
#     https://www.cosmos.esa.int/web/gaia-users/archive 
# datatype:
# - 
#   name: solution_id
#   datatype: int64
#   description: Solution Identifier
#   meta:
#     ucd: meta.version
# - 
#   name: source_id
#   datatype: int64
#   description: Unique source identifier
#   meta:
#     ucd: meta.id;meta.main
# - 
#   name: global_ranking
#   datatype: float32
#   description: Number between 0 (worst) and 1 (best)
#   meta:
#     ucd: stat.param
# - 
#   name: reference_time
#   datatype: float64
#   unit: d
#   description: Reference time used for the geometric model fit
#   meta:
#     ucd: time.epoch
# - 
#   name: frequency
#   datatype: float64
#   unit: d**-1
#   description: Frequency of geometric model of the eclipsing binary light curve
#   meta:
#     ucd: src.orbital
# - 
#   name: frequency_error
#   datatype: float32
#   unit: d**-1
#   description: "Uncertainty of \\texttt{frequency}"
#   meta:
#     ucd: stat.error
# - 
#   name: geom_model_reference_level
#   datatype: float32
#   unit: mag
#   description: Magnitude reference level of geometric model
#   meta:
#     ucd: phot.mag;em.opt
# - 
#   name: geom_model_reference_level_error
#   datatype: float32
#   unit: mag
#   description: "Uncertainty of \\texttt{geomModelReferenceLevel}"
#   meta:
#     ucd: stat.error;phot.mag;em.opt
# - 
#   name: geom_model_gaussian1_phase
#   datatype: float32
#   description: Phase of the Gaussian 1 component
#   meta:
#     ucd: time.phase
# - 
#   name: geom_model_gaussian1_phase_error
#   datatype: float32
#   description: "Uncertainty of \\texttt{geomModelGaussian1Phase}"
#   meta:
#     ucd: stat.error;time.phase
# - 
#   name: geom_model_gaussian1_sigma
#   datatype: float32
#   description: "Standard deviation [phase] of Gaussian 1 component"
#   meta:
#     ucd: stat.stdev
# - 
#   name: geom_model_gaussian1_sigma_error
#   datatype: float32
#   description: "Uncertainty of \\texttt{geomModelGaussian1Sigma}"
#   meta:
#     ucd: stat.error
# - 
#   name: geom_model_gaussian1_depth
#   datatype: float32
#   unit: mag
#   description: Magnitude depth of Gaussian 1 component
#   meta:
#     ucd: src.var.amplitude
# - 
#   name: geom_model_gaussian1_depth_error
#   datatype: float32
#   unit: mag
#   description: "Uncertainty of \\texttt{geomModelGaussian1Depth}"
#   meta:
#     ucd: stat.error;src.var.amplitude
# - 
#   name: geom_model_gaussian2_phase
#   datatype: float32
#   description: Phase of Gaussian 2 component
#   meta:
#     ucd: time.phase
# - 
#   name: geom_model_gaussian2_phase_error
#   datatype: float32
#   description: "Uncertainty of \\texttt{geomModelGaussian2Phase}"
#   meta:
#     ucd: stat.error;time.phase
# - 
#   name: geom_model_gaussian2_sigma
#   datatype: float32
[...]
#   datatype: float32
#   description: "Secondary eclipse: uncertainty of \\texttt{derivedSecondaryEclDuration}"
#   meta:
#     ucd: stat.error;time.duration
# - 
#   name: derived_secondary_ecl_depth
#   datatype: float32
#   unit: mag
#   description: "Secondary eclipse: depth"
#   meta:
#     ucd: src.var.amplitude
# - 
#   name: derived_secondary_ecl_depth_error
#   datatype: float32
#   unit: mag
#   description: "Secondary eclipse: uncertainty of \\texttt{derivedSecondaryEclDepth}"
#   meta:
#     ucd: stat.error;src.var.amplitude
solution_id,source_id,global_ranking,reference_time,frequency,frequency_error,geom_model_reference_level,geom_model_reference_level_error,geom_model_gaussian1_phase,geom_model_gaussian1_phase_error,geom_model_gaussian1_sigma,geom_model_gaussian1_sigma_error,geom_model_gaussian1_depth,geom_model_gaussian1_depth_error,geom_model_gaussian2_phase,geom_model_gaussian2_phase_error,geom_model_gaussian2_sigma,geom_model_gaussian2_sigma_error,geom_model_gaussian2_depth,geom_model_gaussian2_depth_error,geom_model_cosine_half_period_amplitude,geom_model_cosine_half_period_amplitude_error,geom_model_cosine_half_period_phase,geom_model_cosine_half_period_phase_error,model_type,num_model_parameters,reduced_chi2,derived_primary_ecl_phase,derived_primary_ecl_phase_error,derived_primary_ecl_duration,derived_primary_ecl_duration_error,derived_primary_ecl_depth,derived_primary_ecl_depth_error,derived_secondary_ecl_phase,derived_secondary_ecl_phase_error,derived_secondary_ecl_duration,derived_secondary_ecl_duration_error,derived_secondary_ecl_depth,derived_secondary_ecl_depth_error
[from data line 291]
375316653866487564,5255207432357874688,0.6477647,2252.7789901754286,1.6616488887119902,4.3234604E-6,15.152762,0.008982301,0.23507303,9.413563E-4,0.053092007,0.0072876196,0.1386623,0.020882169,0.7380065,0.013045782,0.05393447,0.0291282,0.10737791,0.19165468,0.086646296,0.009602965,0.23507303,9.413563E-4,"TWOGAUSSIANS_WITH_ELLIPSOIDAL_ON_ECLIPSE1",9,11.793714,0.23507303,9.413563E-4,0.29731524,0.04081067,0.31194982,0.020727834,0.7380065,0.011230288,0.30203304,0.16311792,0.28060657,0.2017275
375316653866487564,5255207466683938304,0.54818547,2217.7620827394408,1.0820450877351602,7.17593E-5,19.172842,0.0033425617,0.28683853,0.0030203627,0.032760732,0.0036426329,0.44201037,0.09423118,0.7696387,8.18767E-4,0.04607741,0.002116698,0.35548744,0.011107702,null,null,null,null,"TWOGAUSSIANS",8,1.172816,0.28683853,0.0030203627,0.18346009,0.020398743,0.44201037,0.09423118,0.7696387,8.18767E-4,0.2580335,0.011853509,0.35548744,0.011107702
375316653866487564,5255207535403530624,0.48038968,2248.8189153505677,1.207881055421616,2.7213759E-5,17.78002,0.007368103,0.26409814,0.0046219984,0.044548016,0.004351331,0.18577386,0.013361769,0.7612671,0.0075244135,0.034158718,0.008968123,0.45630258,0.2125206,null,null,null,null,"TWOGAUSSIANS",8,10.09414,0.7612671,0.0075244135,0.19128883,0.050221488,0.45630258,0.21252061,0.26409814,0.0046219984,0.2494689,0.024367454,0.18577386,0.013361769
375316653866487564,5255207638482771712,0.53513116,2202.7442870258856,0.833065918132159,4.275214E-5,19.418774,0.0063122865,0.29257536,0.0047525754,0.0397672,0.004641521,0.3948078,0.060228825,0.7946475,0.0026072345,0.04045971,0.0028610113,0.405352,0.023166984,null,null,null,null,"TWOGAUSSIANS",8,1.4627831,0.7946475,0.0026072345,0.22657438,0.016021663,0.405352,0.023166986,0.29257536,0.0047525754,0.2226963,0.025992518,0.39480776,0.06022884
375316653866487564,5255207913360684160,0.5563672,2223.7127155361736,3.188254343237187,1.2841417E-5,18.76217,0.012297777,0.28403166,0.004422212,0.06844318,0.0055278647,0.45636082,0.019323599,0.7741291,0.0046902453,0.07962861,0.00559112,0.46892977,0.013927956,null,null,null,null,"TWOGAUSSIANS",8,3.3287191,0.7741291,0.0046902453,0.4,0.0,0.46647316,0.012767195,0.28403166,0.004422212,0.3832818,0.030956041,0.4539042,0.018986542
375316653866487564,5255208085158476800,0.5643151,2192.6241480801496,3.0651988885918366,6.9729476E-6,19.206512,0.018019214,0.2560516,0.0017318912,0.07812448,0.0045484,0.45822087,0.018337607,0.7536862,0.0030336683,0.08205356,0.0063428143,0.4769184,0.013805484,null,null,null,null,"TWOGAUSSIANS",8,1.9768933,0.7536862,0.0030336683,0.4,0.0,0.47008023,0.0119115645,0.2560516,0.0017318912,0.4,0.0,0.4513827,0.01585036
375316653866487564,5255208287017564544,0.58522123,2244.808356650659,1.9599925618635559,1.4630635E-5,18.061213,0.009473427,0.27226087,0.0035704772,0.04633101,0.019189592,0.12856805,0.059551336,0.7672456,0.0040212856,0.044040427,0.006304547,0.20003915,0.018677482,0.13728176,0.01072556,0.27226087,0.0035704772,"TWOGAUSSIANS_WITH_ELLIPSOIDAL_ON_ECLIPSE1",9,7.0634675,0.7681156,0.0030565779,0.24662638,0.035305467,0.47437674,0.005929608,0.27226087,0.0035704772,0.25945368,0.10746172,0.4031309,0.05970486
375316653866487564,5255208566212073728,0.46641755,2216.650413910254,1.078086507063685,3.047452E-5,18.536375,0.0028918958,0.23958081,0.011118388,0.03938581,0.0071807853,0.09751375,0.03661739,0.7820892,0.012138543,0.040624984,0.0085746385,0.11089016,0.06611932,null,null,null,null,"TWOGAUSSIANS",8,2.1111236,0.7820892,0.012138543,0.2274999,0.048017975,0.11089016,0.06611932,0.23958081,0.011118388,0.22056055,0.040212397,0.09751375,0.03661739
375316653866487564,5255208669291301632,0.44788632,2245.9676140061642,1.827563017809718,6.0613293E-5,19.278015,0.012036129,0.23481627,0.03551156,0.022365209,0.013229574,0.22818407,0.2550661,0.7680426,0.00799086,0.055283576,0.0076525174,0.20941174,0.015962465,null,null,null,null,"TWOGAUSSIANS",8,5.626515,0.23481627,0.03551156,0.12524517,0.074085616,0.22818407,0.25506598,0.7680426,0.00799086,0.30958802,0.042854097,0.20941174,0.01596246
375316653866487564,5255208703669034112,0.52179456,2266.666825250527,0.6173470700087065,1.6027923E-5,17.71726,0.0026197222,0.6858352,0.004205044,0.069765806,0.008781339,0.06231134,0.0045892345,null,null,null,null,null,null,0.04559112,0.003698681,0.6858352,0.004205044,"ONEGAUSSIAN_WITH_ELLIPSOIDAL",6,1.9823321,0.6858352,0.004205044,0.3906885,0.041759796,0.15339363,0.0071048345,null,null,null,null,null,null
375316653866487564,5255208939846493184,0.52886945,2235.123908128421,2.9774481926833647,2.0606896E-5,17.043898,0.0162369,0.29420465,0.008777543,0.08416918,0.011973939,0.32391027,0.029043132,0.79428554,0.0037762003,0.09657454,0.009303739,0.26665336,0.017435333,null,null,null,null,"TWOGAUSSIANS",8,26.572765,0.29420465,0.008777543,0.4,0.0,0.31126028,0.029023683,0.79428554,0.0037762003,0.4,0.0,0.2540026,0.016375065
375316653866487564,5255208978551935360,0.5406089,2258.12271787796,0.2816490147291845,1.2118273E-5,17.553766,0.0033091567,0.15261836,0.008018359,0.0038806328,0.019838575,0.8737972,1.3322521,0.6898428,0.0025847254,0.013200757,0.0037280957,0.018849446,0.017699117,null,null,null,null,"TWOGAUSSIANS",8,2.0372388,0.15261836,0.008018359,0.021731544,0.11109602,0.8737972,1.3322521,0.6898428,0.0025847254,0.07392424,0.020877335,0.018849446,0.017699117
375316653866487564,5255209111645196416,0.6588346,2270.6258268106594,2.3934548878578283,1.096298E-6,17.60617,0.0012723301,0.68170553,8.352777E-6,0.0025506315,1.33892245E-5,0.73955137,9.050983E-4,null,null,null,null,null,null,null,null,null,null,"ONEGAUSSIAN",5,1.3717782,0.68170553,8.352777E-6,0.014283536,7.497966E-5,0.73955137,0.0,null,null,null,null,null,null
375316653866487564,5255209356504032000,0.6024006,2237.1351996567723,0.8983168725857167,4.513894E-5,15.25657,0.0014290438,0.33317238,0.023774864,0.051728517,0.0127907945,0.19629048,0.046048358,0.8750382,0.014337573,0.024352573,0.019734288,0.017382251,0.009882854,null,null,null,null,"TWOGAUSSIANS",8,6.2944903,0.33317238,0.023774864,0.28967968,0.07162845,0.19629048,0.046048358,0.8750382,0.014337573,0.1363744,0.11051201,0.017382251,0.009882856
375316653866487564,5255210043698595456,0.49730867,2228.608487598938,3.3181573575591923,2.6224636E-5,16.92447,0.378836,0.2225,0.003624592,0.117522664,0.04015714,0.20479013,0.23048194,0.7216465,0.0058187908,0.14854631,0.11866935,0.20330238,0.37000534,null,null,null,null,"TWOGAUSSIANS",8,12.216545,0.22254,0.0036982554,0.4,0.0,0.13750085,0.007073365,0.7216465,0.0058187908,0.4,0.0,0.13465175,0.009397908
375316653866487564,5255210142463165952,0.4887011,2212.7166545993955,0.525281334374236,6.618943E-5,19.055885,0.016796192,0.25800174,0.011369511,0.01770633,0.009345696,0.31683043,4.018068,0.9052679,0.06444279,0.18184647,0.12044238,0.021546993,0.017217012,null,null,null,null,"TWOGAUSSIANS",8,1.554569,0.25797173,0.011337469,0.099155456,0.0523359,0.3191694,4.0182033,0.9052679,0.06444279,0.4,0.0,0.020563554,0.009316987
375316653866487564,5255210524717554048,0.51691824,2217.591292394692,3.4306288338134103,1.2866215E-5,18.694351,0.009648069,0.2868046,0.0058837133,0.019220913,0.0066685067,0.37776774,8.77197,0.5380158,0.019118933,0.08747016,0.04907232,0.0343718,0.010161225,null,null,null,null,"TWOGAUSSIANS",8,1.5454595,0.28682458,0.0058800974,0.107637115,0.037343636,0.37832397,8.77203,0.5380158,0.019118933,0.4,0.13088934,0.034371793,0.010161231
375316653866487564,5255210559077283968,0.5602829,2228.3205863242233,2.885219982792649,8.271489E-6,16.619186,0.011763635,0.20561582,0.0023099214,0.08901735,0.0045385677,0.2658123,0.01234301,0.7071205,0.0021330984,0.09319218,0.00435868,0.29406354,0.012032409,null,null,null,null,"TWOGAUSSIANS",8,16.193302,0.7071205,0.0021330984,0.4,0.0,0.28138947,0.008928681,0.20561582,0.0023099214,0.4,0.0,0.2531385,0.009363325
375316653866487564,5255210833955402368,0.44009173,2219.9083579109233,2.7272329578783854,6.596081E-5,19.067001,0.046695545,0.23700462,0.027542798,0.062129676,0.027382514,0.26638398,0.072513305,0.72735125,0.016671887,0.096820585,0.02781694,0.27282262,0.071899414,null,null,null,null,"TWOGAUSSIANS",8,10.919972,0.72735125,0.016671887,0.4,0.0,0.26973915,0.06706678,0.23700462,0.027549611,0.3479262,0.11554361,0.26330152,0.059511673
375316653866487564,5255210863991972992,0.50409937,2237.0532553647035,0.3728729806580991,1.20420635E-4,16.706503,0.007962606,0.21153334,0.015338348,0.01553567,0.024228351,0.35616392,0.33459178,0.5795,0.0201887,0.1754183,0.043279435,0.037535306,0.007972609,null,null,null,null,"TWOGAUSSIANS",8,6.346905,0.21156333,0.0142845595,0.08699976,0.13567877,0.3590883,0.33496523,0.5795,0.0201887,0.4,0.0,0.036243226,0.0064456128
375316653866487564,5255210868332619648,0.53553605,2231.779295296354,1.0644418106838502,1.0834336E-5,17.270172,0.003583238,0.21485306,0.016803307,0.07251744,0.019085608,0.0646779,0.020539673,0.7018573,0.0015950463,0.042042702,0.0016514581,0.19438167,0.008179724,null,null,null,null,"TWOGAUSSIANS",8,5.934733,0.7018573,0.0015950463,0.23543914,0.009248165,0.19437353,0.008175086,0.21485306,0.016803307,0.4,0.04815123,0.064669766,0.0205681
375316653866487564,5255211108850686592,0.46106926,2222.1293836708755,2.1591931090524734,2.3803907E-5,19.30907,0.007382172,null,null,null,null,null,null,null,null,null,null,null,null,0.10970715,0.011425085,0.31053773,0.0071057836,"ELLIPSOIDAL",4,4.302861,null,null,null,null,null,null,null,null,null,null,null,null
375316653866487564,5255211383710298240,0.5772467,2210.9225638941934,0.4358627137223694,7.599592E-6,16.965637,0.0016767796,0.5762524,0.022094332,0.040426712,0.017629934,0.012237858,0.14870884,0.8667751,9.718993E-6,0.0068459213,4.625968E-5,0.45096645,0.0025421013,0.008691767,0.002542336,0.5762524,0.022094332,"TWOGAUSSIANS_WITH_ELLIPSOIDAL_ON_ECLIPSE1",9,7.9004726,0.8667851,9.9054605E-6,0.03833716,2.590542E-4,0.45206928,0.0030622007,0.5762524,0.022094332,0.22638959,0.098727636,0.029621389,0.1482787
375316653866487564,5255211521145346432,0.46542367,2203.2267317743826,3.0063188088970993,8.130476E-6,16.367682,0.00620582,0.28320786,0.0137853315,0.07570816,0.02451708,0.023529408,0.0068517085,0.76534224,0.0046776584,0.054865725,0.008280868,0.07274219,0.0064100167,null,null,null,null,"TWOGAUSSIANS",8,6.305862,0.76534224,0.0046776584,0.30724806,0.04637286,0.072714,0.0062723416,0.28320786,0.0137853315,0.4,0.029615449,0.023501225,0.0066593005
375316653866487564,5255211589864831104,0.5196658,2183.8532603441063,3.174634194724358,2.701049E-5,18.328884,0.016854748,0.21214722,0.009188203,0.081072405,0.009114712,0.43889365,0.02522594,0.71724254,0.0056668804,0.09761527,0.0071930373,0.47996697,0.024507195,null,null,null,null,"TWOGAUSSIANS",8,12.991708,0.71724254,0.0056668804,0.4,0.0,0.46307573,0.023353018,0.21214722,0.009188203,0.4,0.0,0.4220044,0.021774545
375316653866487564,5255211826064713344,0.40437475,2146.9960791205153,1.2260633063293083,5.1520576E-5,18.29991,0.04526757,0.4208955,0.010687864,0.061594266,0.006787368,0.203482,0.070503555,0.7585255,0.03303587,0.28821814,0.03559155,0.19653143,0.04275793,null,null,null,null,"TWOGAUSSIANS",8,10.156168,0.4264555,0.012982559,0.34492788,0.03800926,0.2274985,0.06985422,0.7585255,0.03303587,0.4,0.0,0.10772274,0.01813103
375316653866487564,5255211894809782656,0.53737545,2210.9029415658974,2.62393367235192,1.0371747E-5,18.46765,0.012756495,0.24150732,0.0057184678,0.10354542,0.009348262,0.24237153,0.019561281,0.73983246,0.0018552786,0.09278597,0.006225972,0.2836563,0.013139749,null,null,null,null,"TWOGAUSSIANS",8,2.1260574,0.73983246,0.0018552786,0.4,0.0,0.26377064,0.014392068,0.24150732,0.0057184678,0.4,0.0,0.22248194,0.019423803
375316653866487564,5255211963506360704,0.5574069,2208.9717786375936,0.45730318020095095,2.1515843E-5,18.40106,0.0016563676,0.035197705,0.0015908402,0.008800345,0.0010732512,0.044845432,0.0061615184,0.3732528,0.0574923,0.020133078,0.03657168,0.9763903,9.275268,null,null,null,null,"TWOGAUSSIANS",8,0.80128753,0.3732528,0.0574923,0.11274524,0.20480141,0.9763903,9.275268,0.035197705,0.0015908402,0.04928193,0.006010207,0.044845432,0.0061615184
375316653866487564,5255212032248553472,0.5580231,2204.3233674424127,1.5918718302749968,1.7910612E-5,19.113646,0.006615259,0.26760384,0.00470074,0.053441714,0.007081621,0.6362298,0.1250903,0.76161665,0.0042866603,0.06452907,0.0071872473,0.20241417,0.020831259,null,null,null,null,"TWOGAUSSIANS",8,1.5666015,0.26760384,0.00470074,0.2992736,0.03965708,0.6361621,0.12520185,0.76161665,0.0042866603,0.3613628,0.040248584,0.20234647,0.020882724
375316653866487564,5255212036541636224,0.58653593,2203.5244597312294,3.4310759040907426,1.6988735E-5,18.542938,0.0052553318,0.13053305,0.0063533955,0.07764954,0.005734426,0.2323543,0.010005728,0.6318793,0.004947451,0.07907224,0.003968038,0.2844683,0.010418821,null,null,null,null,"TWOGAUSSIANS",8,1.1304373,0.6318793,0.004947451,0.4,0.0,0.28138393,0.010004977,0.13053305,0.0063533955,0.4,0.0,0.22926994,0.010036463
375316653866487564,5255212070901419008,0.43410483,2273.8296921940796,4.520984500195412,4.667232E-5,19.786564,0.01720858,0.21341951,0.015598565,0.05297659,0.010787634,0.3060062,0.027626535,0.45688027,0.0047235107,0.008171858,0.0057071033,0.30089462,0.09430689,null,null,null,null,"TWOGAUSSIANS",8,4.988202,0.21341951,0.015598565,0.29666892,0.06041075,0.3060062,0.027626535,0.45688027,0.0047235107,0.045762405,0.03195978,0.30090255,0.09430966
375316653866487564,5255212861197044224,0.47281212,2240.334981779148,1.8517280675497279,7.0486974E-5,17.23451,0.037736323,0.3414826,0.010731631,0.20301545,0.06325349,0.116257235,0.02984328,0.9080212,0.01871677,0.022952905,0.014291503,0.031605486,0.045295957,null,null,null,null,"TWOGAUSSIANS",8,11.414701,0.3414826,0.010731631,0.4,0.0,0.10486769,0.011136584,0.9096012,0.017791864,0.12853627,0.080032416,0.034554835,0.045745086
375316653866487564,5255213239131934080,0.5756782,2215.9063477672976,2.9192701354395325,6.0669076E-6,18.54538,0.010728743,0.26312637,0.002089971,0.07548579,0.003985884,0.45789346,0.026441308,0.7616444,0.0013694867,0.072698645,0.0027749643,0.5173414,0.012196525,null,null,null,null,"TWOGAUSSIANS",8,3.257178,0.7616444,0.0013694867,0.4,0.0023344797,0.51417357,0.011785471,0.26312637,0.002089971,0.4,0.0,0.45472562,0.02686807
375316653866487564,5255213582729454592,0.4882197,2214.1016148334124,2.0008179215300603,1.4627216E-5,19.047495,0.007751178,0.35429,0.0020911347,0.028298505,0.0021001024,0.26276177,0.016426176,0.8442924,0.004367186,0.044191234,0.00583393,0.22469483,0.02355252,null,null,null,null,"TWOGAUSSIANS",8,3.8667755,0.35429,0.0020911347,0.15847163,0.011760574,0.26276177,0.016426176,0.8442924,0.004367186,0.2474709,0.032670006,0.22469483,0.02355252
375316653866487564,5255213681490504576,0.5059432,2234.4194068823454,0.35589110985544575,1.0134942E-5,17.715258,0.0036185551,0.13582657,0.004066982,0.014494934,0.004657462,0.14293051,0.010266407,0.61522555,0.008515365,0.026741365,0.005605439,0.1773569,0.09195002,0.013049522,0.0061317454,0.13582657,0.004066982,"TWOGAUSSIANS_WITH_ELLIPSOIDAL_ON_ECLIPSE1",9,5.1660085,0.61539555,0.008504272,0.14975165,0.03139046,0.20302461,0.09344345,0.13582657,0.004066982,0.08117163,0.026081786,0.16902955,0.011988775
375316653866487564,5255213720190533248,0.5054558,2247.1857193064307,1.7355198868504211,1.6424516E-5,19.595797,0.021483887,0.24620129,0.008069498,0.09168,0.011600598,0.3917601,0.024679195,0.72986835,0.0026324773,0.06396774,0.008129646,0.5118918,0.02833633,null,null,null,null,"TWOGAUSSIANS",8,3.6270351,0.72986835,0.0026324773,0.35821933,0.04552602,0.50839907,0.028074143,0.24620129,0.008069498,0.4,0.0,0.388267,0.024917984
