Gaia/vari_eclipsing_binary/VariEclipsingBinary_222893-223087.csv
# %ECSV 1.0
# ---
# delimiter: ','
# meta: !!omap
# - RELEASE: Gaia DR3
# - TABLE: vari_eclipsing_binary
# - DESCRIPTION: >
#     This table describes the properties of the eclipsing binaries resulting from the variability analysis. 
# - CITATION: >
#     How to cite and acknowledge Gaia: 
#     https://gea.esac.esa.int/archive/documentation/credits.html 
# - KNOWN_ISSUES: >
#     Known issues: 
#     https://www.cosmos.esa.int/web/gaia-users/known-issues 
# - DOCUMENTATION: >
#     Tutorials and documentation: 
#     https://www.cosmos.esa.int/web/gaia-users/archive 
# datatype:
# - 
#   name: solution_id
#   datatype: int64
#   description: Solution Identifier
#   meta:
#     ucd: meta.version
# - 
#   name: source_id
#   datatype: int64
#   description: Unique source identifier
#   meta:
#     ucd: meta.id;meta.main
# - 
#   name: global_ranking
#   datatype: float32
#   description: Number between 0 (worst) and 1 (best)
#   meta:
#     ucd: stat.param
# - 
#   name: reference_time
#   datatype: float64
#   unit: d
#   description: Reference time used for the geometric model fit
#   meta:
#     ucd: time.epoch
# - 
#   name: frequency
#   datatype: float64
#   unit: d**-1
#   description: Frequency of geometric model of the eclipsing binary light curve
#   meta:
#     ucd: src.orbital
# - 
#   name: frequency_error
#   datatype: float32
#   unit: d**-1
#   description: "Uncertainty of \\texttt{frequency}"
#   meta:
#     ucd: stat.error
# - 
#   name: geom_model_reference_level
#   datatype: float32
#   unit: mag
#   description: Magnitude reference level of geometric model
#   meta:
#     ucd: phot.mag;em.opt
# - 
#   name: geom_model_reference_level_error
#   datatype: float32
#   unit: mag
#   description: "Uncertainty of \\texttt{geomModelReferenceLevel}"
#   meta:
#     ucd: stat.error;phot.mag;em.opt
# - 
#   name: geom_model_gaussian1_phase
#   datatype: float32
#   description: Phase of the Gaussian 1 component
#   meta:
#     ucd: time.phase
# - 
#   name: geom_model_gaussian1_phase_error
#   datatype: float32
#   description: "Uncertainty of \\texttt{geomModelGaussian1Phase}"
#   meta:
#     ucd: stat.error;time.phase
# - 
#   name: geom_model_gaussian1_sigma
#   datatype: float32
#   description: "Standard deviation [phase] of Gaussian 1 component"
#   meta:
#     ucd: stat.stdev
# - 
#   name: geom_model_gaussian1_sigma_error
#   datatype: float32
#   description: "Uncertainty of \\texttt{geomModelGaussian1Sigma}"
#   meta:
#     ucd: stat.error
# - 
#   name: geom_model_gaussian1_depth
#   datatype: float32
#   unit: mag
#   description: Magnitude depth of Gaussian 1 component
#   meta:
#     ucd: src.var.amplitude
# - 
#   name: geom_model_gaussian1_depth_error
#   datatype: float32
#   unit: mag
#   description: "Uncertainty of \\texttt{geomModelGaussian1Depth}"
#   meta:
#     ucd: stat.error;src.var.amplitude
# - 
#   name: geom_model_gaussian2_phase
#   datatype: float32
#   description: Phase of Gaussian 2 component
#   meta:
#     ucd: time.phase
# - 
#   name: geom_model_gaussian2_phase_error
#   datatype: float32
#   description: "Uncertainty of \\texttt{geomModelGaussian2Phase}"
#   meta:
#     ucd: stat.error;time.phase
# - 
#   name: geom_model_gaussian2_sigma
#   datatype: float32
[...]
#   datatype: float32
#   description: "Secondary eclipse: uncertainty of \\texttt{derivedSecondaryEclDuration}"
#   meta:
#     ucd: stat.error;time.duration
# - 
#   name: derived_secondary_ecl_depth
#   datatype: float32
#   unit: mag
#   description: "Secondary eclipse: depth"
#   meta:
#     ucd: src.var.amplitude
# - 
#   name: derived_secondary_ecl_depth_error
#   datatype: float32
#   unit: mag
#   description: "Secondary eclipse: uncertainty of \\texttt{derivedSecondaryEclDepth}"
#   meta:
#     ucd: stat.error;src.var.amplitude
solution_id,source_id,global_ranking,reference_time,frequency,frequency_error,geom_model_reference_level,geom_model_reference_level_error,geom_model_gaussian1_phase,geom_model_gaussian1_phase_error,geom_model_gaussian1_sigma,geom_model_gaussian1_sigma_error,geom_model_gaussian1_depth,geom_model_gaussian1_depth_error,geom_model_gaussian2_phase,geom_model_gaussian2_phase_error,geom_model_gaussian2_sigma,geom_model_gaussian2_sigma_error,geom_model_gaussian2_depth,geom_model_gaussian2_depth_error,geom_model_cosine_half_period_amplitude,geom_model_cosine_half_period_amplitude_error,geom_model_cosine_half_period_phase,geom_model_cosine_half_period_phase_error,model_type,num_model_parameters,reduced_chi2,derived_primary_ecl_phase,derived_primary_ecl_phase_error,derived_primary_ecl_duration,derived_primary_ecl_duration_error,derived_primary_ecl_depth,derived_primary_ecl_depth_error,derived_secondary_ecl_phase,derived_secondary_ecl_phase_error,derived_secondary_ecl_duration,derived_secondary_ecl_duration_error,derived_secondary_ecl_depth,derived_secondary_ecl_depth_error
[from data line 529]
375316653866487564,1961800739941030272,0.67368054,2189.943468494066,2.2677650259754345,1.9829215E-6,16.048452,0.008617714,0.21270256,9.38938E-4,0.06432695,0.0031923284,0.18710063,0.018456198,0.7133352,0.0010229425,0.06387807,0.002582767,0.2626853,0.017544271,0.06631243,0.009734343,0.21270256,9.38938E-4,"TWOGAUSSIANS_WITH_ELLIPSOIDAL_ON_ECLIPSE1",9,5.7933335,0.7133352,0.0010004824,0.35771716,0.014463495,0.39509058,0.004352599,0.21270256,9.38938E-4,0.36023092,0.017877039,0.31950802,0.0041022236
375316653866487564,1961811322742209152,0.5069291,2186.0908931855834,3.047091167759506,2.1024653E-5,18.948149,0.004852295,0.0948132,0.001310454,0.01427153,8.2952203E-4,0.8302683,0.065546736,0.684318,0.004227824,0.019820208,0.0038157683,0.11112833,0.035687204,null,null,null,null,"TWOGAUSSIANS",8,8.3414,0.0948132,0.001310454,0.07992057,0.0046453234,0.8302683,0.065546736,0.684318,0.004227824,0.11099317,0.021368302,0.11112833,0.035687204
375316653866487564,1961813998503089152,0.5168629,2178.2544348546,3.2204280514914223,8.524046E-6,18.14224,0.0178379,0.24187954,0.0031174875,0.10128155,0.013398951,0.18177332,0.018532861,0.7362479,0.0032312565,0.10379358,0.010152335,0.18159719,0.016538832,null,null,null,null,"TWOGAUSSIANS",8,3.164949,0.24187954,0.0031180752,0.4,0.0,0.1643883,0.019783044,0.7362479,0.0032312565,0.4,0.0,0.16421066,0.0074401917
375316653866487564,1961814067222514560,0.5179856,2178.6435912406496,3.416029168745328,8.853739E-6,19.363651,0.011926155,0.25806642,0.004452228,0.09959387,0.0058507705,0.3575127,0.016415197,0.75895184,0.0027758528,0.08779491,0.0048095062,0.31233537,0.0120263165,null,null,null,null,"TWOGAUSSIANS",8,1.5002333,0.25806642,0.004452228,0.4,0.0,0.33869797,0.0151308095,0.75895184,0.0027758528,0.4,0.0,0.29352298,0.0086841425
375316653866487564,1961815411549900032,0.58132863,2188.1770378286883,3.1722924869319664,4.744025E-6,16.18012,0.0059007374,0.17554265,0.0017104032,0.07740779,0.0027398313,0.27623314,0.0073629003,0.6799381,0.0023780838,0.08255355,0.004688492,0.3228465,0.017155306,null,null,null,null,"TWOGAUSSIANS",8,19.972136,0.6799381,0.0023780838,0.4,0.0,0.3186978,0.018192971,0.17554265,0.0017104032,0.4,0.0,0.27208444,0.0069207195
375316653866487564,1961815475972287744,0.5046739,2163.326115101939,3.7723860041238533,9.875409E-6,19.197899,0.012661044,0.22093348,0.0039548753,0.08088966,0.0052911476,0.3332814,0.017973643,0.71124697,0.0069448208,0.088643484,0.0093913125,0.33863997,0.034318656,null,null,null,null,"TWOGAUSSIANS",8,3.8074718,0.71124697,0.0069448208,0.4,0.0,0.3313231,0.036147892,0.22093348,0.0039548753,0.4,0.0,0.32596463,0.017128795
375316653866487564,1961818843226499840,0.52306366,2173.9286931272227,3.9132738656372394,9.84222E-6,19.07721,0.011664823,0.2630648,0.0030806672,0.09082752,0.0080019245,0.22671595,0.010820747,0.7523142,0.0046032583,0.09792091,0.0070462576,0.20564272,0.012131612,null,null,null,null,"TWOGAUSSIANS",8,1.0266925,0.2630648,0.0030806672,0.4,0.0,0.21565214,0.008650246,0.7523142,0.0046032583,0.4,0.0,0.194578,0.00803142
375316653866487564,1961820251975605376,0.5926994,2156.897089783764,3.0682262998666516,5.530612E-6,19.48122,0.028259726,0.21131736,0.001817116,0.03833061,0.0048615197,0.43154237,0.062385738,0.7140886,0.013056893,0.03966157,0.013760889,0.3404831,0.07696789,0.18204081,0.033164583,0.21131736,0.001817116,"TWOGAUSSIANS_WITH_ELLIPSOIDAL_ON_ECLIPSE1",9,1.4825062,0.21131736,0.001817116,0.21465142,0.02722451,0.7956237,0.022724168,0.7140886,0.01181286,0.22210479,0.077060975,0.70445406,0.017166698
375316653866487564,1961821183986157440,0.5711095,2186.8117528835187,0.7410187149443052,6.5223503E-6,13.853884,6.794873E-4,0.2527809,0.001909712,0.020806469,0.0049166777,0.0095257675,0.001748975,0.75691104,0.0012933417,0.027270284,0.0019367883,0.058933273,0.009497864,0.018143136,9.7325916E-4,0.2527809,0.001909712,"TWOGAUSSIANS_WITH_ELLIPSOIDAL_ON_ECLIPSE1",9,10.869746,0.75691104,0.0012933417,0.15271358,0.010846015,0.09519505,0.009602949,0.2527809,0.001909712,0.116516225,0.027533395,0.04581197,0.0013876404
375316653866487564,1961824959259997952,0.52831405,2168.632947523742,1.718049456359917,1.2272032E-5,17.673973,0.070282996,0.22100101,0.005176886,0.11834007,0.03030601,0.13854058,0.06610554,0.7215184,0.0036987343,0.13864608,0.037285443,0.1556738,0.06851235,null,null,null,null,"TWOGAUSSIANS",8,1.8633455,0.7215184,0.0037221212,0.4,0.0,0.11157087,0.0053966767,0.22098102,0.005286393,0.4,0.0,0.09486768,0.0051002596
375316653866487564,1961826677244328448,0.56156874,2230.24893012045,3.7089505181438684,1.0190238E-5,18.624592,0.026069872,0.2541144,0.0035880022,0.05826629,0.012418754,0.20462227,0.055202566,0.7493451,0.0070300484,0.04850033,0.009744119,0.2670379,0.0659264,0.1079045,0.031707756,0.2541144,0.0035880022,"TWOGAUSSIANS_WITH_ELLIPSOIDAL_ON_ECLIPSE1",9,7.026851,0.74996513,0.0062482427,0.27160183,0.05456707,0.48265767,0.02650306,0.2541144,0.0035880022,0.3262912,0.06954502,0.42041048,0.01402495
375316653866487564,1961826681544346752,0.61998546,2208.9119719546156,2.584290950048218,3.7853395E-6,16.387331,0.020753842,0.23857422,0.0018247027,0.06442894,0.0068586473,0.18989936,0.044851813,0.73734117,0.0030320743,0.0625456,0.01001667,0.1850932,0.040157907,0.07686606,0.023736956,0.23857422,0.0018247027,"TWOGAUSSIANS_WITH_ELLIPSOIDAL_ON_ECLIPSE1",9,12.343471,0.23857422,0.0018247027,0.36080205,0.038408425,0.34347054,0.0070944615,0.7375912,0.0022997167,0.35025534,0.056093354,0.33865705,0.010738771
375316653866487564,1961827982915455744,0.5181683,2178.422831115164,3.7543623134186928,1.0758231E-5,19.695509,0.01129513,0.2979217,0.0028974412,0.08506059,0.0061790603,0.43168446,0.031319227,0.7966669,0.0034983756,0.07984945,0.0047554728,0.416101,0.01744065,null,null,null,null,"TWOGAUSSIANS",8,1.4663903,0.2979217,0.0028974412,0.4,0.0,0.4233275,0.033145312,0.7966669,0.0034983756,0.4,0.0,0.40774408,0.017247822
375316653866487564,1961828330812732416,0.66476804,2150.8129418160543,2.5686698218137516,1.7174584E-6,14.43026,0.023742862,0.2513018,7.934503E-4,0.06613429,0.011890759,0.1410311,0.04711,0.75993085,0.004426034,0.07100694,0.018703388,0.111164816,0.04569645,0.08690869,0.024823748,0.2513018,7.934503E-4,"TWOGAUSSIANS_WITH_ELLIPSOIDAL_ON_ECLIPSE1",9,11.828094,0.2513018,7.934503E-4,0.37035203,0.06658825,0.31459042,0.0048936633,0.75993085,0.004426034,0.39763886,0.092888534,0.2842137,0.0060401545
375316653866487564,1961833377396049408,0.5319549,2137.3249506042284,3.4522093560681335,9.313983E-6,19.378023,0.010453648,0.26777247,0.0026026436,0.09379895,0.0043071057,0.36876822,0.0110835815,0.7572348,0.0026930317,0.093092054,0.0049169273,0.3578079,0.014502654,null,null,null,null,"TWOGAUSSIANS",8,1.4022181,0.26777247,0.0026026436,0.4,0.0,0.35135823,0.008898903,0.7572348,0.0026930317,0.4,0.0,0.34039804,0.015357529
375316653866487564,1961833931448828928,0.5534335,2159.2583927571654,1.2415968015752432,1.0491142E-5,15.817721,0.002214449,0.6503567,0.0022520681,0.033357296,0.0021412624,0.43093294,0.021634603,0.42705303,0.02672008,0.07690093,0.023476645,0.02977672,0.006599889,null,null,null,null,"TWOGAUSSIANS",8,39.748825,0.6503167,0.002254493,0.18680087,0.011991069,0.43137273,0.021689242,0.42705303,0.02672008,0.4,0.03354446,0.02977672,0.00659989
375316653866487564,1961834206326730752,0.5265342,2142.4898599215826,2.813395667457788,9.6388585E-6,15.039258,0.82691145,0.2605156,0.008782405,0.1352722,0.07822761,0.3014307,0.7586464,0.7432037,0.00840942,0.12839937,0.08043635,0.26473197,0.7239775,null,null,null,null,"TWOGAUSSIANS",8,94.10188,0.2607656,0.0065311454,0.4,0.0,0.21919951,0.008690834,0.7432037,0.00840942,0.4,0.0,0.18291436,0.012985378
375316653866487564,1961835134039771392,0.5453097,2175.8455255640692,3.779309034183272,5.799993E-6,17.054424,0.0035658486,0.23919198,0.0024116202,0.044337407,0.0052904254,0.073110335,0.009103494,0.7342866,0.002456518,0.03431124,0.0037944017,0.07781395,0.008435982,0.032216746,0.0054413397,0.23919198,0.0024116202,"TWOGAUSSIANS_WITH_ELLIPSOIDAL_ON_ECLIPSE1",9,3.6291313,0.7346366,0.0022836218,0.19214293,0.02124865,0.14219052,0.00415915,0.23919198,0.0024116202,0.24828948,0.029626383,0.13754371,0.0059377425
375316653866487564,1961836061752696960,0.5047013,2164.9234987697764,3.3735921694285897,1.1252333E-5,17.1036,0.10891016,0.22030458,0.0053895283,0.12630898,0.041702196,0.21273306,0.103776805,0.7256136,0.003452181,0.11731431,0.022825735,0.25840032,0.10351222,null,null,null,null,"TWOGAUSSIANS",8,13.263591,0.7256536,0.003406743,0.4,0.0,0.20438467,0.007411985,0.22027458,0.005373719,0.4,0.0,0.15860665,0.009625981
375316653866487564,1961836332334196608,0.5896197,2181.5571778920385,2.5308126695349653,5.745812E-6,18.426628,0.0062316163,0.26228875,0.0022093356,0.080624245,0.0031155213,0.46461377,0.018588409,0.76570445,0.0016250514,0.08332846,0.002465879,0.44427577,0.009455905,null,null,null,null,"TWOGAUSSIANS",8,2.9826124,0.26228875,0.0022093356,0.4,0.0,0.45646745,0.019414868,0.76570445,0.0016250514,0.4,0.0,0.43612945,0.0093278205
375316653866487564,1961841073974713856,0.52740926,2151.265611410044,0.6309525562412946,3.4993889E-6,18.96011,0.0029090084,0.24120094,0.0053982,0.017167175,0.0063116276,0.4351252,7.0352736,0.7435315,0.0013368225,0.021870745,8.6467474E-4,0.37676302,0.017079743,null,null,null,null,"TWOGAUSSIANS",8,2.0472202,0.24120094,0.0053982,0.09613618,0.035345115,0.4351252,7.0352736,0.7435315,0.0013368225,0.122476175,0.0048421784,0.37676302,0.017079743
375316653866487564,1961845270162782848,0.6152098,2179.3909484124792,2.5169558660130766,3.5729634E-6,16.04768,0.005869861,0.21790944,0.0012690279,0.04744627,0.00394253,0.1675022,0.017121773,0.7152767,0.0037329432,0.046681713,0.005896562,0.15222563,0.022689672,0.1303307,0.009256134,0.21790944,0.0012690279,"TWOGAUSSIANS_WITH_ELLIPSOIDAL_ON_ECLIPSE1",9,32.830597,0.21790944,0.0012690279,0.26569912,0.022078168,0.42816332,0.011430311,0.7158767,0.0027759203,0.2614176,0.033020746,0.41283166,0.02384204
375316653866487564,1961845888638397696,0.58495975,2173.2176300342776,2.1994836131427737,4.3256086E-6,16.999567,0.012575652,0.32043633,0.0023361223,0.044592813,0.0033437132,0.49321157,0.035584167,0.8237866,0.0010081758,0.040749855,0.0018627798,0.65527576,0.031923495,0.02945405,0.018745065,0.32043633,0.0023361223,"TWOGAUSSIANS_WITH_ELLIPSOIDAL_ON_ECLIPSE1",9,37.68263,0.8237866,0.0010081758,0.22819918,0.010431567,0.71415764,0.019167809,0.32043633,0.0023361223,0.24971975,0.018724795,0.55211955,0.032331605
375316653866487564,1961853413421226752,0.48336017,2162.4971963208186,3.064304964833038,3.3934593E-5,18.978146,0.010205496,0.23234908,0.0040413253,0.08032768,0.009108512,0.14457779,0.008928395,0.74982226,0.019163106,0.076204054,0.019166466,0.17341788,0.022802887,null,null,null,null,"TWOGAUSSIANS",8,2.618992,0.74982226,0.019163106,0.4,0.003935805,0.1720812,0.020932293,0.23234908,0.0040413253,0.4,0.0,0.1432411,0.006890653
375316653866487564,1961854203695262336,0.57499385,2175.2664343749843,3.0123762232979754,8.827544E-6,18.477053,0.017535072,0.24255027,0.0016182842,0.046285,0.0076438696,0.2179447,0.038367406,0.73844326,0.005475634,0.036297385,0.023201412,0.15662687,0.02113354,0.11469529,0.024299653,0.24255027,0.0016182842,"TWOGAUSSIANS_WITH_ELLIPSOIDAL_ON_ECLIPSE1",9,3.3904347,0.24255027,0.0016182842,0.259196,0.04280567,0.44733515,0.015675286,0.7389832,0.0045216517,0.20326535,0.1299279,0.3858848,0.03656416
375316653866487564,1961858498662808832,0.6357989,2152.3952704305257,2.375023941387827,3.1588063E-6,16.700068,0.0026674767,0.22421639,0.0012582777,0.056995817,0.0018190742,0.27327213,0.008348347,0.73185563,0.0015290655,0.04163552,0.0033564027,0.08851421,0.0062667835,0.06348099,0.0040595564,0.73185563,0.0015290655,"TWOGAUSSIANS_WITH_ELLIPSOIDAL_ON_ECLIPSE2",9,6.512921,0.22502638,0.0010846388,0.31917658,0.010186816,0.3999619,0.006823173,0.73185563,0.0015290655,0.23315892,0.018795855,0.21546519,0.0037283902
375316653866487564,1961860732045651712,0.46343902,2152.7118415942164,0.42394709167843414,2.4793477E-5,17.846216,0.008488963,0.38594478,0.008339705,0.024116237,0.0056029325,0.1744129,0.037533276,0.88141376,0.0050654327,0.038238678,0.004787691,0.37741193,0.019517912,null,null,null,null,"TWOGAUSSIANS",8,49.110474,0.88141376,0.0050654327,0.2141366,0.02681107,0.37741193,0.019517912,0.38594478,0.008339705,0.13505092,0.03137642,0.1744129,0.037533276
375316653866487564,1961862999788060928,0.5852204,2190.8166206832593,3.1357763210267726,7.053191E-6,17.091045,0.007989298,0.21216716,0.0022551273,0.07565482,0.002395874,0.58013237,0.014693249,0.72110564,0.0020598096,0.074409105,0.0030022375,0.43977338,0.014152571,null,null,null,null,"TWOGAUSSIANS",8,19.013216,0.21216716,0.0022551273,0.4,0.0,0.57691896,0.0145055065,0.72110564,0.0020598096,0.4,0.0,0.43655998,0.014150237
375316653866487564,1961864099299672192,0.5086426,2165.6479708844727,2.314488965979309,1.9685764E-5,16.48163,0.033097822,0.25232363,0.00735725,0.12337189,0.021327438,0.11435875,0.032226294,0.78573,0.013475373,0.120747894,0.051763747,0.057701502,0.028701825,null,null,null,null,"TWOGAUSSIANS",8,6.826372,0.2522036,0.006839972,0.4,0.0,0.09962877,0.005318339,0.78635,0.012750477,0.4,0.0,0.043035418,0.00669825
375316653866487564,1961864339817830656,0.5217197,2135.510431190433,3.144717644641825,1.107221E-5,17.909931,0.015758492,0.27534693,0.0023201245,0.09662638,0.006515145,0.28519538,0.013820831,0.7693074,0.0042824764,0.09614344,0.010460424,0.2919675,0.01693961,null,null,null,null,"TWOGAUSSIANS",8,9.706413,0.7693074,0.0042824764,0.4,0.0,0.27356637,0.019040374,0.27534693,0.0023201245,0.4,0.0,0.26679415,0.007688181
375316653866487564,1961865095732225792,0.5576455,2204.786367098823,3.7061285313145196,6.59757E-6,18.17075,0.010747656,0.22818033,0.002314441,0.045887526,0.015406147,0.13137068,0.018096816,0.7179603,0.009768846,0.041161723,0.015072101,0.063469924,0.026827242,0.10067656,0.015152189,0.22818033,0.002314441,"TWOGAUSSIANS_WITH_ELLIPSOIDAL_ON_ECLIPSE1",9,4.2267466,0.22818033,0.002314441,0.25697017,0.08627442,0.3327234,0.024146875,0.72101027,0.0068192785,0.23050565,0.08440376,0.26424026,0.008587327
375316653866487564,1961866057804915712,0.4977504,2149.6905927591365,3.628743157598671,1.0863437E-5,16.243853,0.007841711,0.26205507,0.0026176919,0.09268166,0.0044403495,0.16580588,0.008231373,0.77962583,0.0063184733,0.09988828,0.009785507,0.13390301,0.0084079215,null,null,null,null,"TWOGAUSSIANS",8,26.628029,0.26205507,0.0026176919,0.4,0.0,0.15781137,0.0054141674,0.77962583,0.0063184733,0.4,0.0,0.1259074,0.0062751262
375316653866487564,1961866813719131904,0.5164503,2144.329457505663,2.6622137400065875,9.0078975E-6,17.321774,0.024811946,0.2497936,0.0032639517,0.09276054,0.007895255,0.3157139,0.023707965,0.7445264,0.0038607,0.10192188,0.009687322,0.29956686,0.025707833,null,null,null,null,"TWOGAUSSIANS",8,21.151197,0.2497936,0.0032639517,0.4,0.0,0.2945803,0.012310636,0.7445264,0.0038607,0.4,0.0,0.27842993,0.019699734
375316653866487564,1961871624082450816,0.476428,2155.372841863883,0.34426861218359944,3.4363078E-5,16.594172,0.0011410755,0.16443443,0.010092235,0.010502315,0.0024503118,0.13687143,0.19733813,0.6736989,0.01598682,0.015463983,0.016462237,0.03806464,0.015207723,null,null,null,null,"TWOGAUSSIANS",8,3.6928852,0.16443443,0.010092235,0.058812965,0.013721746,0.13687143,0.19733813,0.6736989,0.01598682,0.0865983,0.09218852,0.03806464,0.015207723
375316653866487564,1961876812403157760,0.5964185,2166.038939029107,2.3797700046752794,6.367534E-6,14.930656,0.011653993,0.26773858,0.0030690809,0.08781292,0.0038226142,0.43605083,0.014550199,0.7692654,0.0017761935,0.08632603,0.004168305,0.42131776,0.012592239,null,null,null,null,"TWOGAUSSIANS",8,119.779655,0.26773858,0.0030690809,0.4,0.0,0.42249796,0.012171594,0.7692654,0.0017761935,0.4,0.0,0.40776494,0.012197183
