Gaia/vari_eclipsing_binary/VariEclipsingBinary_671056-671102.csv
# %ECSV 1.0
# ---
# delimiter: ','
# meta: !!omap
# - RELEASE: Gaia DR3
# - TABLE: vari_eclipsing_binary
# - DESCRIPTION: >
#     This table describes the properties of the eclipsing binaries resulting from the variability analysis. 
# - CITATION: >
#     How to cite and acknowledge Gaia: 
#     https://gea.esac.esa.int/archive/documentation/credits.html 
# - KNOWN_ISSUES: >
#     Known issues: 
#     https://www.cosmos.esa.int/web/gaia-users/known-issues 
# - DOCUMENTATION: >
#     Tutorials and documentation: 
#     https://www.cosmos.esa.int/web/gaia-users/archive 
# datatype:
# - 
#   name: solution_id
#   datatype: int64
#   description: Solution Identifier
#   meta:
#     ucd: meta.version
# - 
#   name: source_id
#   datatype: int64
#   description: Unique source identifier
#   meta:
#     ucd: meta.id;meta.main
# - 
#   name: global_ranking
#   datatype: float32
#   description: Number between 0 (worst) and 1 (best)
#   meta:
#     ucd: stat.param
# - 
#   name: reference_time
#   datatype: float64
#   unit: d
#   description: Reference time used for the geometric model fit
#   meta:
#     ucd: time.epoch
# - 
#   name: frequency
#   datatype: float64
#   unit: d**-1
#   description: Frequency of geometric model of the eclipsing binary light curve
#   meta:
#     ucd: src.orbital
# - 
#   name: frequency_error
#   datatype: float32
#   unit: d**-1
#   description: "Uncertainty of \\texttt{frequency}"
#   meta:
#     ucd: stat.error
# - 
#   name: geom_model_reference_level
#   datatype: float32
#   unit: mag
#   description: Magnitude reference level of geometric model
#   meta:
#     ucd: phot.mag;em.opt
# - 
#   name: geom_model_reference_level_error
#   datatype: float32
#   unit: mag
#   description: "Uncertainty of \\texttt{geomModelReferenceLevel}"
#   meta:
#     ucd: stat.error;phot.mag;em.opt
# - 
#   name: geom_model_gaussian1_phase
#   datatype: float32
#   description: Phase of the Gaussian 1 component
#   meta:
#     ucd: time.phase
# - 
#   name: geom_model_gaussian1_phase_error
#   datatype: float32
#   description: "Uncertainty of \\texttt{geomModelGaussian1Phase}"
#   meta:
#     ucd: stat.error;time.phase
# - 
#   name: geom_model_gaussian1_sigma
#   datatype: float32
#   description: "Standard deviation [phase] of Gaussian 1 component"
#   meta:
#     ucd: stat.stdev
# - 
#   name: geom_model_gaussian1_sigma_error
#   datatype: float32
#   description: "Uncertainty of \\texttt{geomModelGaussian1Sigma}"
#   meta:
#     ucd: stat.error
# - 
#   name: geom_model_gaussian1_depth
#   datatype: float32
#   unit: mag
#   description: Magnitude depth of Gaussian 1 component
#   meta:
#     ucd: src.var.amplitude
# - 
#   name: geom_model_gaussian1_depth_error
#   datatype: float32
#   unit: mag
#   description: "Uncertainty of \\texttt{geomModelGaussian1Depth}"
#   meta:
#     ucd: stat.error;src.var.amplitude
# - 
#   name: geom_model_gaussian2_phase
#   datatype: float32
#   description: Phase of Gaussian 2 component
#   meta:
#     ucd: time.phase
# - 
#   name: geom_model_gaussian2_phase_error
#   datatype: float32
#   description: "Uncertainty of \\texttt{geomModelGaussian2Phase}"
#   meta:
#     ucd: stat.error;time.phase
# - 
#   name: geom_model_gaussian2_sigma
#   datatype: float32
[...]
#   datatype: float32
#   description: "Secondary eclipse: uncertainty of \\texttt{derivedSecondaryEclDuration}"
#   meta:
#     ucd: stat.error;time.duration
# - 
#   name: derived_secondary_ecl_depth
#   datatype: float32
#   unit: mag
#   description: "Secondary eclipse: depth"
#   meta:
#     ucd: src.var.amplitude
# - 
#   name: derived_secondary_ecl_depth_error
#   datatype: float32
#   unit: mag
#   description: "Secondary eclipse: uncertainty of \\texttt{derivedSecondaryEclDepth}"
#   meta:
#     ucd: stat.error;src.var.amplitude
solution_id,source_id,global_ranking,reference_time,frequency,frequency_error,geom_model_reference_level,geom_model_reference_level_error,geom_model_gaussian1_phase,geom_model_gaussian1_phase_error,geom_model_gaussian1_sigma,geom_model_gaussian1_sigma_error,geom_model_gaussian1_depth,geom_model_gaussian1_depth_error,geom_model_gaussian2_phase,geom_model_gaussian2_phase_error,geom_model_gaussian2_sigma,geom_model_gaussian2_sigma_error,geom_model_gaussian2_depth,geom_model_gaussian2_depth_error,geom_model_cosine_half_period_amplitude,geom_model_cosine_half_period_amplitude_error,geom_model_cosine_half_period_phase,geom_model_cosine_half_period_phase_error,model_type,num_model_parameters,reduced_chi2,derived_primary_ecl_phase,derived_primary_ecl_phase_error,derived_primary_ecl_duration,derived_primary_ecl_duration_error,derived_primary_ecl_depth,derived_primary_ecl_depth_error,derived_secondary_ecl_phase,derived_secondary_ecl_phase_error,derived_secondary_ecl_duration,derived_secondary_ecl_duration_error,derived_secondary_ecl_depth,derived_secondary_ecl_depth_error
[from data line 221]
375316653866487564,5902801909719724672,0.58340406,2068.720269995569,3.910623698452056,8.444142E-6,18.80857,0.01284171,0.21532077,0.0026303641,0.04752831,0.006651172,0.46673432,0.08317321,0.71921176,0.008020415,0.042407755,0.0061221235,0.35001308,0.04953329,0.13160901,0.017588574,0.21532077,0.0026303641,"TWOGAUSSIANS_WITH_ELLIPSOIDAL_ON_ECLIPSE1",9,5.1173253,0.21532077,0.0026303641,0.26615855,0.037246563,0.7299517,0.09033474,0.71921176,0.008020415,0.23748341,0.03428389,0.61307317,0.040242493
375316653866487564,5902802085843123584,0.5086356,2065.0217909084654,1.2924331870433832,1.8851719E-5,15.659764,0.0039424333,0.21937539,0.0080973385,0.10547817,0.011036312,0.040738452,0.0050551626,0.6795929,0.0047665536,0.111898705,0.009784482,0.052937858,0.0038591768,null,null,null,null,"TWOGAUSSIANS",8,4.8701506,0.6795929,0.0047665536,0.4,0.0,0.048674893,0.002129831,0.21948539,0.008048074,0.4,0.0,0.03648414,0.003523091
375316653866487564,5902802566879474816,0.66055053,2096.7344761407617,1.315440034905292,3.7101343E-6,14.845365,0.0070615364,0.25111014,0.0010488919,0.06026044,0.0068291104,0.08284686,0.014359172,0.74512416,0.018674642,0.057823412,0.022470374,0.04310452,0.01354659,0.06701509,0.0077963094,0.25111014,0.0010488919,"TWOGAUSSIANS_WITH_ELLIPSOIDAL_ON_ECLIPSE1",9,7.4331207,0.25111014,0.0010488919,0.33745846,0.038243018,0.2168595,0.004205955,0.7478242,0.014291822,0.3238111,0.12583409,0.17701307,0.007775447
375316653866487564,5902804937701384064,0.6668672,2084.641289660954,3.098466067106482,4.5378306E-6,17.648167,0.00788727,0.29504737,8.899747E-4,0.05340234,0.0020158216,0.40060622,0.018666036,0.7981251,0.0014979496,0.04588886,0.002262747,0.31027,0.0185395,0.12366706,0.01063845,0.29504737,8.899747E-4,"TWOGAUSSIANS_WITH_ELLIPSOIDAL_ON_ECLIPSE1",9,3.3756652,0.29504737,8.899747E-4,0.29905307,0.011288601,0.6479332,0.008087453,0.7981251,0.0014979496,0.25697762,0.012671383,0.55750453,0.008967555
375316653866487564,5902806445205536384,0.54898274,2083.601788741203,3.9756649957528047,2.7474183E-5,18.826708,0.012467964,0.22703096,0.0056561627,0.07927719,0.005688486,0.4455095,0.037669476,0.72361887,0.0072615524,0.07888402,0.010031196,0.4419001,0.02258812,null,null,null,null,"TWOGAUSSIANS",8,3.711704,0.22703096,0.0056561627,0.4,0.0,0.43990853,0.03765691,0.72361887,0.0072615524,0.4,0.0,0.43629915,0.022630699
375316653866487564,5902807274163847552,0.5050736,2070.7327405190285,0.5810058134272221,7.149284E-6,17.103354,0.0025243904,0.1548461,1.19031756E-4,0.009046021,5.0189585E-4,0.68613845,0.1475785,0.8181034,9.427183E-4,0.015922638,9.905001E-4,0.22449473,0.0036224672,0.0070936894,0.0034346757,0.8181034,9.427183E-4,"TWOGAUSSIANS_WITH_ELLIPSOIDAL_ON_ECLIPSE2",9,12.461988,0.1548561,1.19031756E-4,0.050657716,0.0028106167,0.689952,0.14689487,0.8181034,9.427183E-4,0.089166775,0.0055468003,0.2386821,0.0051631853
375316653866487564,5902807819597112960,0.49856052,2104.165245337428,0.45724324181554893,2.3476618E-5,16.319584,0.0029039667,0.75812984,0.0018681159,0.024091875,0.002396603,0.25339198,0.07659864,null,null,null,null,null,null,0.017087173,0.004071121,0.75812984,0.0018681159,"ONEGAUSSIAN_WITH_ELLIPSOIDAL",6,20.20952,0.75812984,0.0018681159,0.1349145,0.013420977,0.2875663,0.077188775,null,null,null,null,null,null
375316653866487564,5902808712948230912,0.58171993,2103.2178229527653,3.1024162953487475,6.20927E-6,18.15239,0.006168919,0.18647602,0.001475162,0.076852456,0.003111078,0.3316487,0.0065003363,0.6863259,0.00268173,0.0781203,0.005674222,0.39707473,0.032835886,null,null,null,null,"TWOGAUSSIANS",8,2.920808,0.6863259,0.00268173,0.4,0.0,0.3931006,0.034501653,0.18647602,0.001475162,0.4,0.0,0.32767457,0.006195386
375316653866487564,5902810160372292736,0.4444057,2095.982988821995,0.8731739421535335,5.747167E-5,18.137964,0.272098,0.2839388,0.026436182,0.1759111,0.21760678,0.12368313,0.26491967,0.7881886,0.0063903024,0.07540456,0.028340569,0.1637144,0.08063758,null,null,null,null,"TWOGAUSSIANS",8,8.195677,0.7883386,0.006748099,0.4,0.05819415,0.13612624,0.027775334,0.2839388,0.026436182,0.4,0.0,0.09173031,0.014269945
375316653866487564,5902810641408532992,0.4758618,2104.892205446376,1.807433516873043,3.1063588E-5,19.859354,0.008685022,0.2372779,0.02238356,0.03347112,0.017512245,0.08899225,0.058476433,0.72644836,0.00715678,0.041563172,0.0060370737,0.2724723,0.022942146,null,null,null,null,"TWOGAUSSIANS",8,1.9237435,0.72644836,0.00715678,0.23275377,0.033807613,0.2724723,0.022942148,0.2372779,0.02238356,0.18743828,0.09806857,0.08899225,0.058476433
375316653866487564,5902810744487840384,0.5080806,2119.4136627910257,1.1865984369803493,2.2148603E-5,19.412148,0.006728314,0.28754035,0.0075506647,0.04287214,0.009614662,0.29600284,0.04933251,0.77664644,0.01640693,0.04602613,0.011213962,0.20041957,0.041225415,null,null,null,null,"TWOGAUSSIANS",8,2.0666852,0.28754035,0.0075506647,0.24008398,0.05384211,0.2960028,0.049332608,0.77664644,0.01640693,0.2577463,0.06279819,0.20041955,0.041225407
375316653866487564,5902810911971682432,0.49332467,2110.951533353484,3.3147173883954593,2.1616414E-5,18.985308,0.34672323,0.20747581,0.006409197,0.13946758,0.04826061,0.48164025,0.32744446,0.70268947,0.0068570767,0.14686003,0.059416827,0.4921688,0.32079282,null,null,null,null,"TWOGAUSSIANS",8,3.462264,0.70268947,0.0068570767,0.4,0.0,0.28791273,0.047959417,0.20777582,0.0061850115,0.4,0.0,0.27882537,0.017394202
375316653866487564,5902811500411708416,0.5509774,2098.292019260268,3.139551689155793,9.757594E-6,16.95517,0.013478702,0.30488512,0.0027471667,0.096255325,0.0069827056,0.22538649,0.012848669,0.82887924,0.0030887115,0.095105425,0.007538146,0.20224775,0.012886838,null,null,null,null,"TWOGAUSSIANS",8,7.502416,0.30488512,0.0027471667,0.4,0.0,0.2153337,0.009590665,0.82887924,0.0030887115,0.4,0.0,0.19219536,0.009312786
375316653866487564,5902812286363124224,0.4991375,2090.314097404338,1.4053684838863498,3.450652E-5,18.771729,0.0044727502,0.24755327,0.022765428,0.030735623,0.017932918,0.08123025,0.018507661,0.7385992,0.0019250377,0.041864123,0.006445091,0.33023712,0.016713932,null,null,null,null,"TWOGAUSSIANS",8,3.9483435,0.7385992,0.0019250377,0.2344391,0.03609251,0.33023712,0.01671393,0.24755327,0.022765428,0.17211948,0.100424334,0.08123025,0.01850766
375316653866487564,5902812973567453952,0.62808126,2092.6963282482125,3.644378108175057,6.7545143E-6,18.523697,0.012553002,0.2532518,0.0016864109,0.054254495,0.0045665726,0.35139686,0.033676237,0.75195026,0.0025095467,0.051575866,0.0031030613,0.4273239,0.03309634,0.10019774,0.016711753,0.2532518,0.0016864109,"TWOGAUSSIANS_WITH_ELLIPSOIDAL_ON_ECLIPSE1",9,2.2506096,0.75207025,0.0022893997,0.28882483,0.017377144,0.6276952,0.019459713,0.2532518,0.0016864109,0.30382517,0.025572805,0.55178034,0.030014053
375316653866487564,5902813042276979328,0.5022415,2089.0221200528013,2.15322729712441,5.52137E-5,18.592655,0.0021308677,0.4118416,0.0077764383,0.01312856,0.008938284,0.33114794,0.30031115,0.9108793,0.0011295923,0.005844657,8.208693E-4,0.121199444,0.017081931,null,null,null,null,"TWOGAUSSIANS",8,1.2937074,0.4118416,0.0077764383,0.07351994,0.050054386,0.33114794,0.30031115,0.9108793,0.0011295923,0.03273008,0.004596868,0.121199444,0.017081931
375316653866487564,5902814210506039296,0.47330406,2077.514988688657,3.4422789156010114,3.505954E-5,16.951378,0.16870216,0.216428,0.006432406,0.14261743,0.06818368,0.12751096,0.16199508,0.7072435,0.013405907,0.12410754,0.062424462,0.100574076,0.15230781,null,null,null,null,"TWOGAUSSIANS",8,10.451612,0.21651798,0.0063031195,0.4,0.0,0.09075869,0.008564187,0.7072435,0.013405907,0.4,0.0,0.06431845,0.017650276
375316653866487564,5902815103861692032,0.54459876,2087.3732516378077,0.2813651899700914,7.071569E-6,18.691216,0.0033273124,0.49828345,0.027932616,0.10850434,0.01998222,0.024552898,0.010199412,0.7647314,0.0017457163,0.013792319,7.3665066E-4,0.5513844,0.068575986,null,null,null,null,"TWOGAUSSIANS",8,1.2875023,0.7647314,0.0017457163,0.07723699,0.0041252435,0.5525873,0.06849504,0.49828345,0.027932616,0.4,0.0,0.024551695,0.010200175
375316653866487564,5902815722336829696,0.48647827,2085.42342316706,1.1732349189793778,8.04501E-6,17.931793,0.00909723,0.31691736,0.013727858,0.05799032,0.011336463,0.16263238,0.0132789165,0.84196913,0.00984075,0.041151248,0.008568182,0.19288692,0.029382579,null,null,null,null,"TWOGAUSSIANS",8,13.23786,0.84196913,0.00984075,0.230447,0.047981817,0.19288665,0.029385053,0.31691736,0.013727858,0.3247458,0.06348419,0.16263211,0.013277985
375316653866487564,5902816310766070912,0.53661495,2080.501037754559,2.4806139832805156,1.5500029E-5,15.128615,0.010211004,0.14053662,0.0043967026,0.10371983,0.012387636,0.13754775,0.009507791,0.63485074,0.005009217,0.09075251,0.008665662,0.14796889,0.0099876365,null,null,null,null,"TWOGAUSSIANS",8,40.251057,0.63485074,0.005009217,0.4,0.0,0.13831767,0.005855574,0.14053662,0.0043967026,0.4,0.0,0.12789406,0.009840476
375316653866487564,5902817096726529920,0.4793359,2092.888619487841,3.199902481649171,3.2575055E-5,18.50957,0.5727724,0.17815699,0.008946834,0.19123207,0.07043534,0.5768347,0.52695113,0.6693093,0.0063063162,0.17376718,0.046890568,0.6299794,0.50322944,null,null,null,null,"TWOGAUSSIANS",8,3.1615872,0.6693093,0.0063063162,0.4,0.0,0.21496522,0.010191328,0.18208699,0.007653744,0.4,0.0,0.14411628,0.015004195
375316653866487564,5902817547690651136,0.5530392,2075.671360151284,3.7056447067760345,1.9960287E-5,19.681002,0.012053649,0.19781457,0.0025368799,0.046975616,0.005089916,0.32981887,0.03511238,0.727095,0.009878818,0.026856361,0.0062721753,0.49542385,0.08022639,0.14424469,0.026548626,0.19781457,0.0025368799,"TWOGAUSSIANS_WITH_ELLIPSOIDAL_ON_ECLIPSE1",9,3.726204,0.727095,0.009878818,0.15039562,0.035124183,0.7742581,0.0734697,0.19781457,0.0025368799,0.26306346,0.02850353,0.61830777,0.023588916
375316653866487564,5902818196235752448,0.5934488,2077.1620456082806,3.0238434996893875,6.8205145E-6,14.580846,0.009349229,0.28804234,0.0018720683,0.108504415,0.008250358,0.11664216,0.00835704,0.78419614,0.0011308403,0.11068455,0.0054179705,0.16768745,0.008467112,null,null,null,null,"TWOGAUSSIANS",8,9.654586,0.78419614,0.0011308403,0.4,0.0,0.14780523,0.0028920288,0.28805235,0.0018738012,0.4,0.0,0.09676673,0.002957441
375316653866487564,5902820502628785792,0.5880204,2078.5381752523986,2.8946113081944036,7.0869946E-6,19.120726,0.010033715,0.26523992,0.001990135,0.0826397,0.003380083,0.45474753,0.014304816,0.76522416,0.0023204586,0.082869746,0.0035962178,0.466646,0.014432666,null,null,null,null,"TWOGAUSSIANS",8,1.4757032,0.76522416,0.0023204586,0.4,0.0,0.45704004,0.014047516,0.26523992,0.001990135,0.4,0.0,0.4451416,0.014135305
375316653866487564,5902820811891825280,0.45346874,2099.1420565209046,0.39055985235287644,1.00733225E-4,18.998264,0.016473673,0.14176488,0.0034699505,0.018737156,0.0033097968,0.25593758,0.025868112,0.635261,0.03387128,0.094131,0.09264077,0.07823693,0.04291172,null,null,null,null,"TWOGAUSSIANS",8,3.8370256,0.14176488,0.0034699505,0.10492807,0.018534862,0.25593153,0.025852164,0.635261,0.03387128,0.4,0.24992275,0.07823076,0.04293677
375316653866487564,5902820910657128192,0.49993926,2077.7594074709286,1.650657462052486,1.5169019E-5,18.235785,0.0115178535,0.25681975,0.0034410001,0.10680697,0.011295604,0.14408934,0.009882704,0.7553486,0.0038323894,0.103395365,0.008911271,0.15557957,0.010915185,null,null,null,null,"TWOGAUSSIANS",8,1.2821954,0.7553486,0.0038323894,0.4,0.0,0.13820691,0.005843285,0.25681975,0.0034410001,0.4,0.0,0.12671426,0.008809116
375316653866487564,5902821018050302720,0.5451667,2069.8868052530147,1.4215793924366769,3.978431E-5,15.833787,0.0041951584,0.20137674,0.009579409,0.11156881,0.014294768,0.04184228,0.004189221,0.6749367,0.00562186,0.092323735,0.006692121,0.08465151,0.004907478,null,null,null,null,"TWOGAUSSIANS",8,5.185532,0.6749367,0.00562186,0.4,0.0,0.08063736,0.003927491,0.20137674,0.009579213,0.4,0.0,0.03782257,0.0028356495
375316653866487564,5902821254253059200,0.5101759,2089.7097469686423,2.135608276094103,2.718468E-5,17.441652,0.023495067,0.29629725,0.0064109997,0.08974807,0.0146675045,0.13048595,0.021996561,0.8089899,0.014542558,0.12249449,0.05288102,0.06817039,0.019109782,null,null,null,null,"TWOGAUSSIANS",8,2.4000413,0.29626724,0.006417885,0.4,0.0,0.12114996,0.007898426,0.8089899,0.014542558,0.4,0.0,0.05879879,0.005448676
375316653866487564,5902821292903997824,0.5186214,2097.770945316703,3.5530847793155926,2.397627E-5,19.581522,0.021229671,0.28289986,0.004243202,0.07544997,0.0052344785,0.69991624,0.043066796,0.79395026,0.007326739,0.067890525,0.009996926,0.4146977,0.043622497,null,null,null,null,"TWOGAUSSIANS",8,4.6023684,0.28289986,0.004243202,0.4,0.0,0.69802487,0.043039657,0.79395026,0.007326739,0.38018695,0.052632675,0.4128063,0.044001725
375316653866487564,5902821395983206144,0.44768995,2089.510096835169,0.08544790199886178,8.875101E-5,19.636501,0.009108276,0.23210907,0.020982644,0.06563386,0.018360605,0.18704575,0.028377451,0.792349,0.004306076,0.018595833,0.007091882,0.23219258,0.2221513,null,null,null,null,"TWOGAUSSIANS",8,2.3391306,0.792349,0.004306076,0.10413667,0.039714538,0.23219258,0.2221513,0.23210907,0.020982644,0.36754963,0.07538942,0.18704575,0.028377462
375316653866487564,5902821877043801472,0.5468861,2091.035009027295,0.22966619729056031,5.135249E-5,15.317916,0.0035098635,0.6301793,0.004762215,0.022907626,0.0052141226,1.8711544,1.0841106,null,null,null,null,null,null,0.018095275,0.0041373456,0.6301793,0.004762215,"ONEGAUSSIAN_WITH_ELLIPSOIDAL",6,107.24182,0.6301793,0.004762215,0.12828271,0.029199088,1.9073449,1.086265,null,null,null,null,null,null
375316653866487564,5902821911403524352,0.53760415,2079.8445726313907,0.21636540732926976,1.8409066E-5,15.403454,0.0026164493,0.55238944,0.03138855,0.067648575,0.018895667,0.074550055,0.014805317,0.77592504,0.006178046,0.054017965,0.008457377,0.6036468,0.23724052,0.008077216,0.0031526545,0.77592504,0.006178046,"TWOGAUSSIANS_WITH_ELLIPSOIDAL_ON_ECLIPSE2",9,15.95048,0.77592504,0.006178046,0.3025006,0.047361307,0.6201055,0.2365384,0.5553095,0.043531727,0.37883204,0.06343733,0.075156175,0.013264067
375316653866487564,5902822422485086976,0.48324147,2082.6142359862324,3.0068293352150093,5.4357137E-5,19.116398,0.012018909,0.24541986,0.013324037,0.07426512,0.018539252,0.18981396,0.021148188,0.7390009,0.014666588,0.07523068,0.012497575,0.17019095,0.01959473,null,null,null,null,"TWOGAUSSIANS",8,2.5369942,0.24541986,0.013324037,0.4,0.04075138,0.18865608,0.021760069,0.7390009,0.014666588,0.4,0.033197016,0.16903307,0.018827183
375316653866487564,5902822770372755072,0.5466323,2091.274247118966,3.3276039149768217,7.0182928E-6,19.150755,0.011165611,0.27086887,0.0030621262,0.069160886,0.0037284235,0.6363143,0.04789285,0.7760027,0.00274569,0.06415839,0.007897877,0.524124,0.056303937,null,null,null,null,"TWOGAUSSIANS",8,3.8929298,0.27086887,0.0030621262,0.38730094,0.019401956,0.6354299,0.04798279,0.7760027,0.00274569,0.359287,0.042393114,0.5232396,0.05731628
375316653866487564,5902823590712163456,0.43307957,2074.102065323517,0.8434822704140619,5.2741612E-5,18.89954,0.00555604,null,null,null,null,null,null,null,null,null,null,null,null,0.08166325,0.0072948327,0.26867205,0.008897224,"ELLIPSOIDAL",4,8.521809,null,null,null,null,null,null,null,null,null,null,null,null
375316653866487564,5902824179124873856,0.4788484,2082.041768889808,4.126480313429023,2.7995695E-5,19.80335,0.32456443,0.3117497,0.009913796,0.11137895,0.03487327,0.38955447,0.27376285,0.7863978,0.008435302,0.1322936,0.06995761,0.3184566,0.319641,null,null,null,null,"TWOGAUSSIANS",8,1.5233055,0.3120797,0.00878679,0.4,0.0,0.32240713,0.036246724,0.7863978,0.008435302,0.4,0.0,0.2507275,0.027997764
