Gaia/vari_eclipsing_binary/VariEclipsingBinary_044092-044563.csv
# %ECSV 1.0
# ---
# delimiter: ','
# meta: !!omap
# - RELEASE: Gaia DR3
# - TABLE: vari_eclipsing_binary
# - DESCRIPTION: >
#     This table describes the properties of the eclipsing binaries resulting from the variability analysis. 
# - CITATION: >
#     How to cite and acknowledge Gaia: 
#     https://gea.esac.esa.int/archive/documentation/credits.html 
# - KNOWN_ISSUES: >
#     Known issues: 
#     https://www.cosmos.esa.int/web/gaia-users/known-issues 
# - DOCUMENTATION: >
#     Tutorials and documentation: 
#     https://www.cosmos.esa.int/web/gaia-users/archive 
# datatype:
# - 
#   name: solution_id
#   datatype: int64
#   description: Solution Identifier
#   meta:
#     ucd: meta.version
# - 
#   name: source_id
#   datatype: int64
#   description: Unique source identifier
#   meta:
#     ucd: meta.id;meta.main
# - 
#   name: global_ranking
#   datatype: float32
#   description: Number between 0 (worst) and 1 (best)
#   meta:
#     ucd: stat.param
# - 
#   name: reference_time
#   datatype: float64
#   unit: d
#   description: Reference time used for the geometric model fit
#   meta:
#     ucd: time.epoch
# - 
#   name: frequency
#   datatype: float64
#   unit: d**-1
#   description: Frequency of geometric model of the eclipsing binary light curve
#   meta:
#     ucd: src.orbital
# - 
#   name: frequency_error
#   datatype: float32
#   unit: d**-1
#   description: "Uncertainty of \\texttt{frequency}"
#   meta:
#     ucd: stat.error
# - 
#   name: geom_model_reference_level
#   datatype: float32
#   unit: mag
#   description: Magnitude reference level of geometric model
#   meta:
#     ucd: phot.mag;em.opt
# - 
#   name: geom_model_reference_level_error
#   datatype: float32
#   unit: mag
#   description: "Uncertainty of \\texttt{geomModelReferenceLevel}"
#   meta:
#     ucd: stat.error;phot.mag;em.opt
# - 
#   name: geom_model_gaussian1_phase
#   datatype: float32
#   description: Phase of the Gaussian 1 component
#   meta:
#     ucd: time.phase
# - 
#   name: geom_model_gaussian1_phase_error
#   datatype: float32
#   description: "Uncertainty of \\texttt{geomModelGaussian1Phase}"
#   meta:
#     ucd: stat.error;time.phase
# - 
#   name: geom_model_gaussian1_sigma
#   datatype: float32
#   description: "Standard deviation [phase] of Gaussian 1 component"
#   meta:
#     ucd: stat.stdev
# - 
#   name: geom_model_gaussian1_sigma_error
#   datatype: float32
#   description: "Uncertainty of \\texttt{geomModelGaussian1Sigma}"
#   meta:
#     ucd: stat.error
# - 
#   name: geom_model_gaussian1_depth
#   datatype: float32
#   unit: mag
#   description: Magnitude depth of Gaussian 1 component
#   meta:
#     ucd: src.var.amplitude
# - 
#   name: geom_model_gaussian1_depth_error
#   datatype: float32
#   unit: mag
#   description: "Uncertainty of \\texttt{geomModelGaussian1Depth}"
#   meta:
#     ucd: stat.error;src.var.amplitude
# - 
#   name: geom_model_gaussian2_phase
#   datatype: float32
#   description: Phase of Gaussian 2 component
#   meta:
#     ucd: time.phase
# - 
#   name: geom_model_gaussian2_phase_error
#   datatype: float32
#   description: "Uncertainty of \\texttt{geomModelGaussian2Phase}"
#   meta:
#     ucd: stat.error;time.phase
# - 
#   name: geom_model_gaussian2_sigma
#   datatype: float32
[...]
#   datatype: float32
#   description: "Secondary eclipse: uncertainty of \\texttt{derivedSecondaryEclDuration}"
#   meta:
#     ucd: stat.error;time.duration
# - 
#   name: derived_secondary_ecl_depth
#   datatype: float32
#   unit: mag
#   description: "Secondary eclipse: depth"
#   meta:
#     ucd: src.var.amplitude
# - 
#   name: derived_secondary_ecl_depth_error
#   datatype: float32
#   unit: mag
#   description: "Secondary eclipse: uncertainty of \\texttt{derivedSecondaryEclDepth}"
#   meta:
#     ucd: stat.error;src.var.amplitude
solution_id,source_id,global_ranking,reference_time,frequency,frequency_error,geom_model_reference_level,geom_model_reference_level_error,geom_model_gaussian1_phase,geom_model_gaussian1_phase_error,geom_model_gaussian1_sigma,geom_model_gaussian1_sigma_error,geom_model_gaussian1_depth,geom_model_gaussian1_depth_error,geom_model_gaussian2_phase,geom_model_gaussian2_phase_error,geom_model_gaussian2_sigma,geom_model_gaussian2_sigma_error,geom_model_gaussian2_depth,geom_model_gaussian2_depth_error,geom_model_cosine_half_period_amplitude,geom_model_cosine_half_period_amplitude_error,geom_model_cosine_half_period_phase,geom_model_cosine_half_period_phase_error,model_type,num_model_parameters,reduced_chi2,derived_primary_ecl_phase,derived_primary_ecl_phase_error,derived_primary_ecl_duration,derived_primary_ecl_duration_error,derived_primary_ecl_depth,derived_primary_ecl_depth_error,derived_secondary_ecl_phase,derived_secondary_ecl_phase_error,derived_secondary_ecl_duration,derived_secondary_ecl_duration_error,derived_secondary_ecl_depth,derived_secondary_ecl_depth_error
[from data line 573]
375316653866487564,391365047874313088,0.6171616,2207.0672239118694,2.711384151435669,2.2227505E-6,15.622693,0.0012936468,0.09869648,8.881601E-4,0.0075237877,9.928553E-4,1.5520227,1.4206532,0.8476797,0.005818795,0.00843153,0.0030102236,0.33677068,0.37994787,null,null,null,null,"TWOGAUSSIANS",8,21.576511,0.09869648,8.881601E-4,0.042133212,0.0055599897,1.5520227,1.4206532,0.8476797,0.005818795,0.047216564,0.016857252,0.33677068,0.37994787
375316653866487564,391377490397768448,0.5932993,2254.256227246569,1.1952411997229428,4.7266885E-6,15.66876,0.003223775,0.27223286,0.0012833549,0.087923124,0.0023087764,0.16082141,0.003098174,0.772746,0.0019911977,0.101368316,0.0031633147,0.14565831,0.0037297893,null,null,null,null,"TWOGAUSSIANS",8,6.7721844,0.27223286,0.0012833549,0.4,0.0,0.1516068,0.0019262088,0.772746,0.0019911977,0.4,0.0,0.13644221,0.002836903
375316653866487564,391383400272761600,0.5497688,2263.01795570843,1.0299942822414945,5.6485305E-6,15.236148,0.0013573545,0.44237992,7.813295E-7,0.0018015406,7.283427E-6,0.81543046,0.0033304344,0.81857455,0.05413422,0.11726236,0.080588505,0.006714071,0.0034151108,null,null,null,null,"TWOGAUSSIANS",8,23.907701,0.44237992,7.813295E-7,0.010088627,4.078719E-5,0.815468,0.0032720012,0.81857455,0.05413422,0.4,0.029361777,0.0067125573,0.0034272042
375316653866487564,391386492649155584,0.42942846,2233.0888745582015,0.9964018669883928,1.0391528E-5,17.295078,0.003287719,0.23208079,0.006515391,0.01386023,0.0047171866,0.09377713,0.0265424,0.7232015,0.0016170813,0.022837702,0.0014158885,0.19506332,0.011295513,null,null,null,null,"TWOGAUSSIANS",8,22.257181,0.7232015,0.0016170813,0.12789114,0.007928976,0.19506332,0.011295513,0.23208079,0.006515391,0.07761729,0.026416244,0.09377713,0.0265424
375316653866487564,391387867038703360,0.5457888,2221.5906000714886,2.323453905324174,7.1358354E-6,13.76956,0.2534624,0.25762314,0.005299112,0.17408255,0.09128827,0.18623179,0.249576,0.7408817,0.0066463,0.13484353,0.023981174,0.24171633,0.17447962,null,null,null,null,"TWOGAUSSIANS",8,38.175076,0.7408817,0.0066463,0.4,0.0,0.1474856,0.0029987583,0.25866312,0.0037694825,0.4,0.0,0.086329535,0.0037151906
375316653866487564,391387901398438912,0.62527066,2252.4168311440103,2.6463797492583896,4.323325E-6,16.855745,0.0072006094,0.25981975,0.001423963,0.04976921,0.001957625,0.5408997,0.019997353,0.75518703,9.5844036E-4,0.043276776,0.0015755699,0.40896368,0.017863313,0.114028074,0.010459479,0.75518703,9.5844036E-4,"TWOGAUSSIANS_WITH_ELLIPSOIDAL_ON_ECLIPSE2",9,22.579283,0.25946975,0.0013132017,0.2787076,0.0109627005,0.76877594,0.017234553,0.75518703,9.5844036E-4,0.24234994,0.008823191,0.63701844,0.008739801
375316653866487564,391389138349012352,0.6342657,2228.822657449888,2.880571708655176,3.295681E-6,14.54288,0.0035665662,0.26503927,8.437171E-4,0.051951967,0.0025953392,0.10694679,0.007991589,0.7650734,0.0013194906,0.051349435,0.003305272,0.11912283,0.006981105,0.093471415,0.004299977,0.26503927,8.437171E-4,"TWOGAUSSIANS_WITH_ELLIPSOIDAL_ON_ECLIPSE1",9,31.27422,0.7650734,0.0011674275,0.28755683,0.018509522,0.3060638,0.003686734,0.26503927,8.437171E-4,0.29093102,0.0145339,0.29388776,0.0027584638
375316653866487564,391396766211320704,0.49291286,2141.2464632273236,2.460253906087595,1.2646724E-5,16.208498,0.002853132,0.12443543,0.0022604787,0.017583353,0.0026369402,0.0679987,0.017705707,0.8072556,0.022802984,0.018218849,0.0075959098,0.6303894,0.5254643,null,null,null,null,"TWOGAUSSIANS",8,28.618149,0.8072556,0.022802984,0.10202555,0.042537097,0.6303894,0.5254643,0.12443543,0.0022604787,0.09846678,0.0147668645,0.0679987,0.017705707
375316653866487564,391398411179509632,0.6014486,2192.67499817278,2.5787260193951274,3.5089076E-6,16.379604,0.009729454,0.22851853,0.0020923465,0.048919357,0.005191299,0.29160675,0.03213167,0.73311436,0.0017861367,0.048852265,0.0029462022,0.29235932,0.026758626,0.11531128,0.012448832,0.22851853,0.0020923465,"TWOGAUSSIANS_WITH_ELLIPSOIDAL_ON_ECLIPSE1",9,34.52961,0.73311436,0.0017861367,0.27357268,0.016498733,0.52278864,0.017426347,0.22851853,0.0020923465,0.2739484,0.029071275,0.5222283,0.030604811
375316653866487564,391404119195260928,0.4241875,2178.8574165063737,0.02646102923282238,3.9523267E-5,13.676294,5.3255534E-4,0.68457776,0.030385334,0.09138156,0.027938692,0.023329236,0.0019888675,0.34918663,0.010790645,0.10027041,0.011406024,0.06753687,0.008877267,null,null,null,null,"TWOGAUSSIANS",8,10.694892,0.34935662,0.010641267,0.4,0.0,0.067367874,0.008989396,0.6812577,0.03123783,0.4,0.0,0.023397539,0.0021693495
375316653866487564,391406352578272128,0.48500454,2157.8663546960674,2.32514936877324,1.7789545E-5,16.826902,0.019044241,0.21489832,0.0059846975,0.11256179,0.01643244,0.095717855,0.018956192,0.73441875,0.007542227,0.12579732,0.024290599,0.06496581,0.018958021,null,null,null,null,"TWOGAUSSIANS",8,5.0750737,0.21477832,0.0057226797,0.4,0.0,0.08140664,0.004228385,0.73449874,0.007491831,0.4,0.0,0.050610393,0.0043426696
375316653866487564,391415286110222720,0.48269278,2219.1909191771874,3.1751947028365937,1.7175507E-5,17.505167,0.010715004,0.29522073,0.0054655187,0.0625752,0.004912712,0.3259436,0.032994624,0.7725915,0.005792266,0.069835655,0.0063659856,0.31968898,0.027453465,null,null,null,null,"TWOGAUSSIANS",8,39.719166,0.29522073,0.0054655187,0.3504211,0.027511189,0.32567686,0.03296755,0.7725915,0.005792266,0.3910797,0.031142954,0.31942225,0.027483355
375316653866487564,391420607571515776,0.50431323,2195.679829772059,2.012863832370207,1.3072819E-5,18.424583,0.017903594,0.22355165,0.002972311,0.10029795,0.009499851,0.2067282,0.016188737,0.7118115,0.0048223073,0.09534827,0.012410447,0.2038032,0.01744776,null,null,null,null,"TWOGAUSSIANS",8,3.402904,0.22355165,0.002972311,0.4,0.0,0.1933124,0.0069707986,0.7118115,0.0048223073,0.4,0.0,0.19038881,0.01320412
375316653866487564,391426796619995392,0.41878262,2183.395812474192,1.6101247332595983,1.7085904E-5,18.456324,0.009315211,0.15086591,0.012865295,0.09409798,0.014447561,0.1005589,0.015988018,0.81342214,0.0022952214,0.018153662,0.0025730957,0.14217076,0.037658498,null,null,null,null,"TWOGAUSSIANS",8,6.760464,0.81343216,0.0022932643,0.101660505,0.014409335,0.14233279,0.037695892,0.15086591,0.012865295,0.4,0.0,0.10055875,0.015988134
375316653866487564,391426934061700864,0.6310821,2167.902166256316,3.050147568360202,2.211074E-6,16.239403,0.009416417,0.31288058,0.0013019966,0.058784697,0.0021886516,0.5066777,0.022425037,0.8132416,8.4894884E-4,0.044991616,0.0027077443,0.40593755,0.023684563,0.08823106,0.011205151,0.31288058,0.0013019966,"TWOGAUSSIANS_WITH_ELLIPSOIDAL_ON_ECLIPSE1",9,24.00593,0.31288058,0.0013019966,0.3291943,0.012256449,0.6830795,0.013665293,0.8132416,8.424218E-4,0.25195307,0.015163368,0.5823384,0.02620603
375316653866487564,391442224145218816,0.68948144,2143.8687991471475,0.22796789986122626,2.0456806E-5,15.116488,4.970687E-4,0.12591101,0.0025410678,0.011743885,0.0027567458,0.5450096,0.667488,0.62701404,0.0061153085,0.011695631,0.0076154917,0.516896,0.65337515,null,null,null,null,"TWOGAUSSIANS",8,4.991446,0.12591101,0.0025410678,0.06576576,0.015437776,0.5450096,0.667488,0.62701404,0.0061153085,0.065495536,0.042646755,0.516896,0.65337515
375316653866487564,391449233531580160,0.5950998,2144.3439934507005,3.118876005656962,6.106341E-6,13.986366,0.006420509,0.2512227,0.0014618717,0.074121356,0.002518698,0.43843037,0.008130432,0.74316347,0.0055353954,0.08058232,0.004691044,0.5025607,0.013205066,null,null,null,null,"TWOGAUSSIANS",8,334.9088,0.74316347,0.0055353954,0.4,0.0,0.49827984,0.012475104,0.2512227,0.0014618717,0.4,0.0,0.43414953,0.00774912
375316653866487564,391450161246699136,0.62771577,2177.479465942957,0.3720617460674741,1.7156075E-6,14.7652855,0.0039534047,0.23392265,0.0036165963,0.027403174,0.0027819944,0.14817546,0.0198197,0.734959,0.0010763252,0.019123534,7.164131E-4,1.8422506,0.030667702,0.01362059,0.0053134332,0.23392265,0.0036165963,"TWOGAUSSIANS_WITH_ELLIPSOIDAL_ON_ECLIPSE1",9,68.24891,0.734959,0.0010763252,0.10709179,0.004011913,1.8694906,0.030936033,0.23392265,0.0036165963,0.15345778,0.015579169,0.17541665,0.015588669
375316653866487564,391451604353466496,0.6185666,2165.868572097326,1.2385163315124643,5.336518E-6,16.33121,0.0029659958,0.305011,7.061491E-4,0.03727328,7.570327E-4,0.45120898,0.0065985164,0.8106535,0.0028602995,0.04256155,0.0037679581,0.052659042,0.006997321,0.010223885,0.0035104463,0.305011,7.061491E-4,"TWOGAUSSIANS_WITH_ELLIPSOIDAL_ON_ECLIPSE1",9,7.062557,0.305011,7.061491E-4,0.20873037,0.004239383,0.47165674,0.003926583,0.8106535,0.0028602995,0.23834467,0.021100566,0.07308111,0.0038121564
375316653866487564,391457926545267456,0.5683172,2181.349158738129,3.249033996964757,9.105615E-6,17.31751,0.006631961,0.23404333,0.0024912136,0.08353776,0.0037246384,0.40531686,0.013801268,0.7347849,0.0014370265,0.08235709,0.0020972234,0.41671762,0.007796063,null,null,null,null,"TWOGAUSSIANS",8,12.726422,0.7347849,0.0014370265,0.4,0.0,0.40808037,0.0068968823,0.23404333,0.0024912136,0.4,0.0,0.3966796,0.0145300655
375316653866487564,391458373224128512,0.5362759,2211.7475023582824,0.12939633085611038,3.8574184E-5,17.613197,0.001389402,0.77170205,0.008513042,0.00921712,0.0039356686,0.371933,1.1180289,null,null,null,null,null,null,null,null,null,null,"ONEGAUSSIAN",5,2.7124486,0.77170205,0.008513042,0.05161587,0.022039743,0.371933,0.0,null,null,null,null,null,null
375316653866487564,391476751384433152,0.57813597,2212.454512480194,4.677147671862029,5.4602797E-6,19.045048,0.0057635284,0.24481165,0.0019946543,0.02856654,0.004541027,0.25475726,0.041187324,0.7494712,0.0018825327,0.04207994,0.0021187863,0.4324838,0.02101754,0.1394834,0.007562835,0.24481165,0.0019946543,"TWOGAUSSIANS_WITH_ELLIPSOIDAL_ON_ECLIPSE1",9,3.1056561,0.7494712,0.0018825327,0.23564766,0.011865203,0.7112112,0.020557513,0.24481165,0.0019946543,0.15997262,0.025429752,0.5337237,0.042837426
375316653866487564,391479057786540672,0.5107447,2224.511363181682,2.804350641854002,9.756304E-6,17.256449,0.006333096,0.2556447,0.004795474,0.081473984,0.007827163,0.14823817,0.00801968,0.7411037,0.003038065,0.08598876,0.0053556403,0.18830086,0.007806769,null,null,null,null,"TWOGAUSSIANS",8,10.051607,0.7411037,0.003038065,0.4,0.0,0.18531588,0.007418659,0.2556447,0.004795474,0.4,0.0,0.1452532,0.008035612
375316653866487564,391482111503551104,0.6011842,2221.0553831172233,2.10699947780211,6.916361E-6,16.948353,0.004209863,0.21299247,0.0011024136,0.075594485,0.0021033022,0.2027019,0.004163882,0.70830184,0.0016709182,0.089307815,0.002401153,0.34741125,0.005611164,null,null,null,null,"TWOGAUSSIANS",8,7.5147963,0.70830184,0.0016709182,0.4,0.0,0.34241983,0.0054895557,0.21299247,0.0011024136,0.4,0.0,0.19771059,0.0035495106
375316653866487564,391487883939652352,0.49401858,2215.9901947163,3.3138957720000004,1.0024589E-6,18.499651,0.0016018577,0.50818866,6.417002E-7,0.0017490055,5.071112E-6,1.848126,0.008366936,0.8078267,0.04105535,0.048121378,0.03294943,0.015596181,0.0065330565,null,null,null,null,"TWOGAUSSIANS",8,1.8025228,0.50818866,6.417002E-7,0.009794431,2.8398226E-5,1.848126,0.008366936,0.8078267,0.04105535,0.26947972,0.1845168,0.015596181,0.0065330565
375316653866487564,391490598359273856,0.6333362,2244.0525087251795,2.7687768819676317,3.9173765E-6,18.07715,0.0034529339,0.28323734,0.0018989485,0.0769737,0.0024814315,0.45662725,0.0048207976,0.78370506,8.612381E-4,0.08071699,0.0012851018,0.42424503,0.004474068,null,null,null,null,"TWOGAUSSIANS",8,1.8365309,0.28323734,0.0018989485,0.4,0.0,0.45091462,0.0044009383,0.78370506,8.612381E-4,0.4,0.0,0.4185324,0.0042749373
375316653866487564,391495859696121600,0.63477236,2239.067163949246,2.559770366489594,3.0421231E-6,14.695251,0.0056898217,0.16491002,7.918792E-4,0.044302966,0.0018679318,0.2658422,0.012548056,0.6599474,7.2815194E-4,0.051308498,0.0018804151,0.30365145,0.012274349,0.1221377,0.0073859137,0.16491002,7.918792E-4,"TWOGAUSSIANS_WITH_ELLIPSOIDAL_ON_ECLIPSE1",9,93.22114,0.6606574,5.799052E-4,0.2873276,0.010530325,0.5477221,0.0069536306,0.16491002,7.918792E-4,0.2480966,0.010460418,0.5101162,0.004145072
375316653866487564,391505171187752192,0.5493187,2246.7066783533073,0.09957263967980817,1.15596895E-5,16.417364,0.0010433019,0.46663243,3.7921465E-4,0.006347978,4.4610066E-4,0.36057723,0.021632593,0.64061636,0.022644142,0.02063063,0.017473012,0.017318353,2.234825,null,null,null,null,"TWOGAUSSIANS",8,6.895547,0.46663243,3.7921465E-4,0.035548676,0.0024981636,0.36057723,0.021632593,0.64061636,0.022644142,0.11553153,0.09784887,0.017318353,2.234825
375316653866487564,391508637222251136,0.5716586,2216.791308270523,3.9479302536763123,4.875716E-6,19.04702,0.0060204314,0.26178017,0.0031564836,0.04506949,0.0089235315,0.19364335,0.04550859,0.7628032,0.0020079964,0.04125644,0.0021249647,0.27490833,0.0145140225,0.12884241,0.007973556,0.26178017,0.0031564836,"TWOGAUSSIANS_WITH_ELLIPSOIDAL_ON_ECLIPSE1",9,1.9872009,0.7628032,0.0019900817,0.23103607,0.011899803,0.5325819,0.0065274965,0.26178017,0.0031564836,0.25238913,0.049971774,0.4513276,0.04381512
375316653866487564,391509255697586688,0.54109716,2227.376299573752,1.1594134560464018,1.4532914E-5,18.55569,0.014540106,0.25683224,0.0018831731,0.038938306,0.0024891945,0.6660752,0.041061647,0.7555115,0.005442423,0.039422102,0.008602352,0.20989272,0.039195385,0.054233667,0.019652003,0.25683224,0.0018831731,"TWOGAUSSIANS_WITH_ELLIPSOIDAL_ON_ECLIPSE1",9,15.3902,0.25683224,0.0018831731,0.2180545,0.013939489,0.7745424,0.029153237,0.7555915,0.0050880685,0.22076377,0.048173167,0.3183529,0.036831122
375316653866487564,391520323829814016,0.5573888,2252.745660606583,0.6346579082420241,3.964033E-6,18.72765,0.004510385,0.2761387,1.4840979E-4,0.0035792692,1.9783477E-4,6.5498137,2.146442,0.7667926,0.0011381449,0.01206377,0.0013276021,0.3528571,0.020741709,null,null,null,null,"TWOGAUSSIANS",8,5.781722,0.2761387,1.4840979E-4,0.020043908,0.0011078747,6.5498137,2.146442,0.7667926,0.0011381449,0.06755711,0.0074345716,0.3528571,0.020741709
375316653866487564,391521560780392960,0.45289335,2244.5343075281917,0.9052036855620307,2.5436628E-5,14.327305,8.304408E-4,0.32774487,0.004591117,0.028757207,0.005382862,0.09021577,0.014401592,0.82491845,0.0065461514,0.029640945,0.0095311245,0.0382526,0.0047192895,null,null,null,null,"TWOGAUSSIANS",8,24.924505,0.32774487,0.004591117,0.16104037,0.030144027,0.09021577,0.014401592,0.82491845,0.0065461514,0.1659893,0.053374294,0.0382526,0.0047192895
375316653866487564,391522866450435840,0.5346838,2263.292137645318,3.8640585696456533,5.8141095E-6,15.955077,0.012902656,0.25502345,0.0020710893,0.078682646,0.0035434403,0.28339687,0.013052962,0.74724364,0.0024818352,0.09638923,0.0058256094,0.31649423,0.013764667,null,null,null,null,"TWOGAUSSIANS",8,18.353024,0.74724364,0.0024818352,0.4,0.0,0.3075645,0.012692311,0.25502345,0.0020710893,0.4,0.0,0.27446812,0.009839587
375316653866487564,391523102672367488,0.5208837,2255.6972588234976,3.1073910361008674,1.3699219E-5,17.73247,0.013648975,0.19629516,0.0019494633,0.032204196,0.0038347302,0.28071603,0.027538328,0.680211,0.0045796046,0.059228566,0.0067623616,0.22268717,0.040007405,0.019503633,0.016325453,0.19629516,0.0019494633,"TWOGAUSSIANS_WITH_ELLIPSOIDAL_ON_ECLIPSE1",9,13.370595,0.19629516,0.0019494633,0.1803435,0.021474488,0.31971386,0.018154226,0.680951,0.0042764796,0.33167997,0.037869226,0.26130617,0.031634647
