Gaia/vari_eclipsing_binary/VariEclipsingBinary_666818-666866.csv
# %ECSV 1.0
# ---
# delimiter: ','
# meta: !!omap
# - RELEASE: Gaia DR3
# - TABLE: vari_eclipsing_binary
# - DESCRIPTION: >
#     This table describes the properties of the eclipsing binaries resulting from the variability analysis. 
# - CITATION: >
#     How to cite and acknowledge Gaia: 
#     https://gea.esac.esa.int/archive/documentation/credits.html 
# - KNOWN_ISSUES: >
#     Known issues: 
#     https://www.cosmos.esa.int/web/gaia-users/known-issues 
# - DOCUMENTATION: >
#     Tutorials and documentation: 
#     https://www.cosmos.esa.int/web/gaia-users/archive 
# datatype:
# - 
#   name: solution_id
#   datatype: int64
#   description: Solution Identifier
#   meta:
#     ucd: meta.version
# - 
#   name: source_id
#   datatype: int64
#   description: Unique source identifier
#   meta:
#     ucd: meta.id;meta.main
# - 
#   name: global_ranking
#   datatype: float32
#   description: Number between 0 (worst) and 1 (best)
#   meta:
#     ucd: stat.param
# - 
#   name: reference_time
#   datatype: float64
#   unit: d
#   description: Reference time used for the geometric model fit
#   meta:
#     ucd: time.epoch
# - 
#   name: frequency
#   datatype: float64
#   unit: d**-1
#   description: Frequency of geometric model of the eclipsing binary light curve
#   meta:
#     ucd: src.orbital
# - 
#   name: frequency_error
#   datatype: float32
#   unit: d**-1
#   description: "Uncertainty of \\texttt{frequency}"
#   meta:
#     ucd: stat.error
# - 
#   name: geom_model_reference_level
#   datatype: float32
#   unit: mag
#   description: Magnitude reference level of geometric model
#   meta:
#     ucd: phot.mag;em.opt
# - 
#   name: geom_model_reference_level_error
#   datatype: float32
#   unit: mag
#   description: "Uncertainty of \\texttt{geomModelReferenceLevel}"
#   meta:
#     ucd: stat.error;phot.mag;em.opt
# - 
#   name: geom_model_gaussian1_phase
#   datatype: float32
#   description: Phase of the Gaussian 1 component
#   meta:
#     ucd: time.phase
# - 
#   name: geom_model_gaussian1_phase_error
#   datatype: float32
#   description: "Uncertainty of \\texttt{geomModelGaussian1Phase}"
#   meta:
#     ucd: stat.error;time.phase
# - 
#   name: geom_model_gaussian1_sigma
#   datatype: float32
#   description: "Standard deviation [phase] of Gaussian 1 component"
#   meta:
#     ucd: stat.stdev
# - 
#   name: geom_model_gaussian1_sigma_error
#   datatype: float32
#   description: "Uncertainty of \\texttt{geomModelGaussian1Sigma}"
#   meta:
#     ucd: stat.error
# - 
#   name: geom_model_gaussian1_depth
#   datatype: float32
#   unit: mag
#   description: Magnitude depth of Gaussian 1 component
#   meta:
#     ucd: src.var.amplitude
# - 
#   name: geom_model_gaussian1_depth_error
#   datatype: float32
#   unit: mag
#   description: "Uncertainty of \\texttt{geomModelGaussian1Depth}"
#   meta:
#     ucd: stat.error;src.var.amplitude
# - 
#   name: geom_model_gaussian2_phase
#   datatype: float32
#   description: Phase of Gaussian 2 component
#   meta:
#     ucd: time.phase
# - 
#   name: geom_model_gaussian2_phase_error
#   datatype: float32
#   description: "Uncertainty of \\texttt{geomModelGaussian2Phase}"
#   meta:
#     ucd: stat.error;time.phase
# - 
#   name: geom_model_gaussian2_sigma
#   datatype: float32
[...]
#   datatype: float32
#   description: "Secondary eclipse: uncertainty of \\texttt{derivedSecondaryEclDuration}"
#   meta:
#     ucd: stat.error;time.duration
# - 
#   name: derived_secondary_ecl_depth
#   datatype: float32
#   unit: mag
#   description: "Secondary eclipse: depth"
#   meta:
#     ucd: src.var.amplitude
# - 
#   name: derived_secondary_ecl_depth_error
#   datatype: float32
#   unit: mag
#   description: "Secondary eclipse: uncertainty of \\texttt{derivedSecondaryEclDepth}"
#   meta:
#     ucd: stat.error;src.var.amplitude
solution_id,source_id,global_ranking,reference_time,frequency,frequency_error,geom_model_reference_level,geom_model_reference_level_error,geom_model_gaussian1_phase,geom_model_gaussian1_phase_error,geom_model_gaussian1_sigma,geom_model_gaussian1_sigma_error,geom_model_gaussian1_depth,geom_model_gaussian1_depth_error,geom_model_gaussian2_phase,geom_model_gaussian2_phase_error,geom_model_gaussian2_sigma,geom_model_gaussian2_sigma_error,geom_model_gaussian2_depth,geom_model_gaussian2_depth_error,geom_model_cosine_half_period_amplitude,geom_model_cosine_half_period_amplitude_error,geom_model_cosine_half_period_phase,geom_model_cosine_half_period_phase_error,model_type,num_model_parameters,reduced_chi2,derived_primary_ecl_phase,derived_primary_ecl_phase_error,derived_primary_ecl_duration,derived_primary_ecl_duration_error,derived_primary_ecl_depth,derived_primary_ecl_depth_error,derived_secondary_ecl_phase,derived_secondary_ecl_phase_error,derived_secondary_ecl_duration,derived_secondary_ecl_duration_error,derived_secondary_ecl_depth,derived_secondary_ecl_depth_error
[from data line 744]
375316653866487564,5865780635989118592,0.48735717,2219.859506464941,2.152297081230665,1.2875062E-5,15.32326,0.007808778,0.23623697,0.0040744497,0.06508222,0.0050702807,0.2676386,0.013378056,0.7142972,0.0060794796,0.05864861,0.00617868,0.27078998,0.021117963,null,null,null,null,"TWOGAUSSIANS",8,302.3383,0.7142972,0.0060794796,0.3284322,0.034600608,0.27071646,0.021129733,0.23623697,0.0040744497,0.36446044,0.028393572,0.26756507,0.013373208
375316653866487564,5865781082665729408,0.42963898,2265.091586553306,0.03986466758353243,2.2406191E-5,15.100554,0.0011345255,0.25037912,0.005383268,0.018602882,0.0034526505,0.030577408,0.0049704346,0.5897393,0.0066586304,0.08867271,0.0046041613,0.13937518,0.02140167,null,null,null,null,"TWOGAUSSIANS",8,16.620878,0.5897393,0.0066586304,0.4,0.0,0.13937515,0.021401696,0.25042912,0.005398123,0.10417614,0.019334843,0.03066944,0.0049849553
375316653866487564,5865781593745836544,0.5134864,2216.7990952921673,3.5891677127880044,1.2088744E-5,19.038637,0.013265726,0.2509686,0.005474519,0.0840452,0.006662518,0.29084828,0.018466601,0.7555434,0.00318502,0.08497667,0.008961589,0.32490066,0.021646867,null,null,null,null,"TWOGAUSSIANS",8,3.0158,0.7555434,0.00318502,0.4,0.0,0.3177617,0.02451325,0.2509686,0.005474519,0.4,0.0,0.28370935,0.017118858
375316653866487564,5865781701140922240,0.6030909,2225.5631000288613,2.592228696515569,2.6946914E-6,15.852887,0.008862504,0.2562609,0.0013488965,0.04459056,0.0022183163,0.32589027,0.019433873,0.75252414,0.0013303229,0.04643065,0.0031309223,0.4257467,0.029632088,0.1350819,0.011361965,0.75252414,0.0013303229,"TWOGAUSSIANS_WITH_ELLIPSOIDAL_ON_ECLIPSE2",9,68.53304,0.75252414,0.0013303229,0.26001164,0.017533164,0.6959102,0.028984683,0.25583088,0.0011408355,0.24970713,0.012422571,0.59592205,0.009426036
375316653866487564,5865781769860405248,0.60015136,2226.333218586041,0.5954239836038583,1.545422E-6,15.163349,0.001084404,0.15799491,0.006194333,0.014834808,0.0049950825,0.016913688,0.013850948,0.6729767,2.372573E-4,0.018135726,5.7565287E-4,0.32370418,0.016843911,0.004806267,0.001322313,0.15799491,0.006194333,"TWOGAUSSIANS_WITH_ELLIPSOIDAL_ON_ECLIPSE1",9,12.750177,0.6729767,2.372573E-4,0.10156007,0.003223656,0.33323178,0.01716914,0.15799491,0.006194333,0.08307492,0.027972462,0.026526218,0.013779088
375316653866487564,5865781976003655424,0.5421257,2247.9184085751276,2.9079592035830846,8.832058E-6,18.794079,0.008720532,0.2704718,0.0055031856,0.07876298,0.0061948737,0.36075762,0.010843705,0.7585211,0.0020116358,0.07674475,0.0029437123,0.47420725,0.015583695,null,null,null,null,"TWOGAUSSIANS",8,4.1636014,0.7585211,0.0020116358,0.4,0.0,0.47055247,0.015547148,0.2704718,0.0055031856,0.4,0.0,0.3571028,0.010717559
375316653866487564,5865782560134520576,0.4720211,2258.879858292075,2.782184125709047,1.7854138E-5,17.558455,0.45467958,0.16085492,0.0048737205,0.14503692,0.049466,0.3279742,0.39621216,0.654386,0.0072380495,0.1574557,0.07741676,0.33818445,0.4363524,null,null,null,null,"TWOGAUSSIANS",8,15.729958,0.654386,0.0072380495,0.4,0.0,0.17600416,0.013712116,0.16159493,0.0038206547,0.4,0.0,0.16846044,0.012150287
375316653866487564,5865784243762013184,0.4416608,2263.4338157198417,0.21612283838309004,1.9692385E-5,18.643654,0.0075386898,0.20730714,0.048847992,0.077961095,0.03602157,0.07178748,0.034904245,0.5509387,0.0036039425,0.026877442,0.002797483,0.50474626,0.0805028,null,null,null,null,"TWOGAUSSIANS",8,11.666918,0.5509387,0.0036039425,0.15051368,0.015665906,0.5047506,0.08050867,0.20730714,0.048847992,0.4,0.091107935,0.07178748,0.034904845
375316653866487564,5865784862236860160,0.48985434,2208.5963231516535,2.256166776785982,1.846134E-5,15.453509,0.01776832,0.25253797,0.006181055,0.11859336,0.022578172,0.07890102,0.016118264,0.71450394,0.0064931423,0.11896277,0.019233603,0.1014691,0.01546205,null,null,null,null,"TWOGAUSSIANS",8,22.644938,0.71450394,0.0064931423,0.4,0.0,0.087767445,0.00480256,0.25282794,0.00600464,0.4,0.0,0.065214515,0.0043178326
375316653866487564,5865785137114915456,0.49678144,2228.9671016044144,1.698424212020663,7.779741E-6,16.130144,0.0055091404,0.2709845,0.002092299,0.034029063,0.0020211197,0.43148586,0.035783213,0.7086843,0.0041400627,0.011447693,0.00402576,0.0502276,0.014578694,0.029154584,0.008542308,0.2709845,0.002092299,"TWOGAUSSIANS_WITH_ELLIPSOIDAL_ON_ECLIPSE1",9,133.91791,0.2709845,0.002092299,0.19056274,0.01131827,0.48979503,0.035983335,0.70935434,0.004323802,0.06410708,0.022544257,0.100135736,0.014597077
375316653866487564,5865785343273415296,0.5334458,2221.210866642243,0.15455228724612674,1.0593378E-5,16.636435,8.375459E-4,0.08542575,0.009402854,0.012926365,0.0034938683,0.2007917,0.06169548,0.77125275,0.022385802,0.044313587,0.013350743,0.005558522,0.0049953763,null,null,null,null,"TWOGAUSSIANS",8,3.2196295,0.08542575,0.009402854,0.07238764,0.019565662,0.2007917,0.06169548,0.77125275,0.022385802,0.24815609,0.07476416,0.005558522,0.0049953763
375316653866487564,5865785686854139904,0.5255419,2228.620490998099,3.5297421056228813,1.2142349E-5,18.422523,0.0076605882,0.25280875,0.0038631666,0.080288544,0.0045997417,0.23892008,0.017004918,0.7544523,0.0034134248,0.07676791,0.0046519157,0.2680368,0.008744262,null,null,null,null,"TWOGAUSSIANS",8,4.444894,0.7544523,0.0034134248,0.4,0.0,0.26495937,0.008034301,0.25280875,0.0038631666,0.4,0.0,0.23584263,0.016984567
375316653866487564,5865786133530877696,0.5011369,2199.749293242366,2.1695677188120466,6.2153713E-6,19.553211,0.007881974,0.24778174,0.0040252665,0.038305596,0.0035015205,0.3495236,0.041948944,0.7398213,0.0023418595,0.038189624,0.0029512518,0.45872864,0.021152418,null,null,null,null,"TWOGAUSSIANS",8,3.3149886,0.7398213,0.0023418595,0.2138619,0.01652701,0.45872864,0.021152418,0.24778174,0.0040252665,0.21451135,0.019608514,0.3495236,0.041948944
375316653866487564,5865786374065605632,0.67431194,2235.777691557264,0.38960378444410304,2.815811E-6,14.16769,5.659461E-4,0.3562966,5.311369E-4,0.016800886,5.8002287E-4,0.72198355,0.030284794,0.841401,2.4942512E-4,0.015938547,2.0838468E-4,0.36502647,0.0026856754,0.002188174,8.8986964E-4,0.841401,2.4942512E-4,"TWOGAUSSIANS_WITH_ELLIPSOIDAL_ON_ECLIPSE2",9,19.159523,0.3562966,5.311369E-4,0.094084956,0.003248128,0.72632164,0.030619856,0.841401,2.4942512E-4,0.08925586,0.0011669542,0.36940283,0.0025255121
375316653866487564,5865787129979863808,0.56791204,2264.6979335336573,1.0261219717770107,4.9486707E-6,18.138807,0.0051870653,0.2401901,0.0016528451,0.049294155,0.0031323598,0.24266686,0.017312696,0.74167997,0.0018779592,0.03198203,0.0025243135,0.13172197,0.012785882,0.0706698,0.0072318716,0.2401901,0.0016528451,"TWOGAUSSIANS_WITH_ELLIPSOIDAL_ON_ECLIPSE1",9,3.8211026,0.2401901,0.0016528451,0.27604726,0.017541215,0.3840056,0.014828297,0.74167997,0.0018779592,0.17909937,0.014136155,0.27304834,0.0057954052
375316653866487564,5865787542296789248,0.52142614,2212.8840590327754,3.929071303616387,5.4170573E-6,19.735365,0.031068457,0.19951226,0.003038952,0.08275678,0.007956399,0.60202813,0.024361676,0.70257413,0.0019408165,0.0869987,0.0062567643,0.48083982,0.029669954,null,null,null,null,"TWOGAUSSIANS",8,2.449748,0.19951226,0.003038952,0.4,0.0,0.5887549,0.021532549,0.70257413,0.0019408165,0.4,0.0,0.46756658,0.02226482
375316653866487564,5865787675404959744,0.58843815,2270.672999375994,1.1222362075116001,1.8032577E-5,18.571783,0.003449023,0.2884382,0.0019520731,0.032442972,0.0019192673,0.42613214,0.015973933,0.78995454,0.033317637,0.02942328,0.019385312,0.11263724,0.2039386,0.027655503,0.0046888962,0.2884382,0.0019520731,"TWOGAUSSIANS_WITH_ELLIPSOIDAL_ON_ECLIPSE1",9,2.4058974,0.2884382,0.0019520731,0.18168063,0.010747897,0.4814431,0.014931829,0.78995454,0.033300556,0.16477036,0.108557746,0.1679432,0.20532164
375316653866487564,5865788229491570176,0.5189884,2228.344995801369,0.5235756380824258,6.195894E-6,12.769383,0.0010380116,0.24390855,0.007183904,0.030377554,0.012971299,0.07751745,0.04176324,0.7467852,0.0011486205,0.024878817,0.0016741365,0.056296486,0.002542482,0.013687398,0.0015864803,0.24390855,0.007183904,"TWOGAUSSIANS_WITH_ELLIPSOIDAL_ON_ECLIPSE1",9,43.11953,0.24390855,0.007183904,0.17011431,0.07263927,0.10489224,0.043535843,0.7467852,0.0011486205,0.13932137,0.009375164,0.08366233,0.0022135405
375316653866487564,5865788293880833280,0.47151244,2256.249129237284,0.08895996900903504,3.205429E-5,18.555565,0.0023106318,0.43095955,0.0044557294,0.011875613,0.0046935314,1.042245,6.891576,0.8316328,0.0048262924,0.00857589,0.006947754,0.03686713,0.47827214,null,null,null,null,"TWOGAUSSIANS",8,2.7379951,0.43095955,0.0044557294,0.066503435,0.026283776,1.042245,6.891576,0.8316328,0.0048262924,0.048024986,0.03890742,0.03686713,0.47827214
375316653866487564,5865788465685209600,0.49031562,2228.759691613033,0.8505048936531373,9.154369E-6,19.379564,0.007840803,0.16251953,0.0049654115,0.05762217,0.00516959,0.14703208,0.011687405,0.6506023,0.0034292773,0.05684534,0.0040865047,0.31459415,0.023016876,null,null,null,null,"TWOGAUSSIANS",8,2.5460503,0.6506023,0.0034292773,0.31833392,0.022884425,0.31457475,0.023020638,0.16251953,0.0049654115,0.32268414,0.028949704,0.14701268,0.011679852
375316653866487564,5865788568758190080,0.58217585,2237.171428131211,1.3123703842367518,3.1218467E-6,18.44371,0.004316918,0.24667752,5.3362513E-4,0.03862654,0.0015719817,0.30928922,0.0125944335,0.7500618,0.0015023611,0.034581978,0.0018877467,0.24965903,0.015175277,0.036226947,0.0062739677,0.24667752,5.3362513E-4,"TWOGAUSSIANS_WITH_ELLIPSOIDAL_ON_ECLIPSE1",9,1.8624381,0.24667752,5.3362513E-4,0.21630862,0.0088030975,0.381743,0.012423416,0.7500618,0.0015023611,0.19365908,0.010571382,0.32208008,0.013095208
375316653866487564,5865788671850039296,0.45908916,2230.4470267770034,3.10199597216044,2.0910918E-5,19.125462,0.025439426,0.28187498,0.0048310724,0.10302214,0.014050102,0.2173904,0.023742497,0.79914224,0.009412724,0.094357185,0.019639554,0.18645012,0.023883361,null,null,null,null,"TWOGAUSSIANS",8,3.8832014,0.28187498,0.004831017,0.4,0.0,0.20437148,0.012985335,0.79915226,0.009419073,0.4,0.0,0.17343521,0.015112068
375316653866487564,5865789736995641088,0.50938517,2247.557917674608,0.15246317654440084,4.167474E-6,19.59447,0.0051042833,0.5724202,0.0016847741,0.012487035,8.647938E-4,0.5826937,0.04621013,0.774383,0.035167065,0.021248518,0.035774358,0.027270243,0.11776479,null,null,null,null,"TWOGAUSSIANS",8,2.7974975,0.5724202,0.0016847741,0.069927394,0.0048428453,0.5826937,0.04621013,0.774383,0.035167065,0.1189917,0.20033641,0.027270243,0.11776479
375316653866487564,5865790187997028224,0.4703106,2221.97088428058,0.5423551978260168,6.2127633E-6,19.240644,0.009694765,0.31464964,0.03567006,0.098687775,0.054482218,0.031034363,0.00800318,0.4538406,0.0010756239,0.021135606,0.0016231835,0.3895053,0.037829995,null,null,null,null,"TWOGAUSSIANS",8,3.0765238,0.4538406,0.0010756239,0.118359394,0.009089828,0.4009834,0.038372833,0.31464964,0.03567006,0.4,0.037257552,0.031034198,0.008003255
375316653866487564,5865790737752876928,0.61905885,2246.8024965108957,3.075152517871728,4.365319E-6,15.359345,0.015328729,0.24102747,0.0020164293,0.043448627,0.002615329,0.36519665,0.036713507,0.738532,8.201403E-4,0.048749316,0.0029038228,0.51534075,0.027789561,0.11612024,0.017532455,0.24102747,0.0020164293,"TWOGAUSSIANS_WITH_ELLIPSOIDAL_ON_ECLIPSE1",9,107.65572,0.73872197,6.951359E-4,0.27299616,0.016261408,0.7475278,0.01565475,0.24102747,0.0020164293,0.24331231,0.014645843,0.5974363,0.008311309
375316653866487564,5865790840832098944,0.5631283,2267.834409654104,1.1950916769381932,4.6337423E-6,16.185858,0.0055241804,0.18726324,8.964651E-4,0.022690656,0.001479654,0.5358488,0.028846253,0.69056606,0.007362509,0.024173534,0.004357962,0.78632724,0.09195276,0.0116178915,0.008309199,0.69056606,0.007362509,"TWOGAUSSIANS_WITH_ELLIPSOIDAL_ON_ECLIPSE2",9,119.47511,0.69056606,0.007362509,0.13537179,0.024404587,0.809563,0.09175879,0.18727323,8.905563E-4,0.12706767,0.008286062,0.5590745,0.029681798
375316653866487564,5865791184417951616,0.45722046,2274.075544102317,1.965281442347008,2.4016525E-5,17.916195,0.018114712,0.25315788,0.0073106783,0.08745902,0.014046221,0.15759087,0.019871607,0.75446504,0.0057976227,0.103658654,0.016668532,0.13865316,0.017178582,null,null,null,null,"TWOGAUSSIANS",8,10.295199,0.25315788,0.0073106783,0.4,0.0,0.14821735,0.016984519,0.75446504,0.0057976227,0.4,0.0,0.1292772,0.012058197
375316653866487564,5865792352660622848,0.5347944,2254.808879667565,0.18396025801824514,4.4709584E-5,15.105402,4.7821307E-4,0.21473402,9.520937E-4,0.015935091,0.0010975266,0.11546167,0.004045776,0.69176567,0.03982236,0.019192403,0.01706106,0.007236318,0.014733907,0.0042937896,7.1392057E-4,0.21473402,9.520937E-4,"TWOGAUSSIANS_WITH_ELLIPSOIDAL_ON_ECLIPSE1",9,5.015918,0.21473402,9.520937E-4,0.089236505,0.006146149,0.12404923,0.0040343576,0.6925256,0.03905891,0.10747746,0.09554194,0.015652081,0.015346619
375316653866487564,5865792451415181696,0.46316406,2276.5602330335764,2.2584751927077162,2.3337161E-5,19.050169,0.027945133,0.27452612,0.0072354656,0.10109578,0.018897308,0.14888228,0.025855217,0.74806494,0.00800229,0.103571996,0.021236595,0.1694253,0.025567016,null,null,null,null,"TWOGAUSSIANS",8,3.089649,0.74806494,0.00800229,0.4,0.0,0.15780368,0.012728331,0.27453613,0.007241373,0.4,0.0,0.13726322,0.012824216
375316653866487564,5865792868056571776,0.4932376,2267.6171117060553,2.832512534810839,1.06821835E-5,18.203472,0.003978063,0.2629884,0.003173199,0.040008746,0.012518639,0.08228227,0.01378776,0.8221385,0.014416386,0.05479412,0.0134286,0.0577527,0.012019268,0.07682389,0.0060271723,0.2629884,0.003173199,"TWOGAUSSIANS_WITH_ELLIPSOIDAL_ON_ECLIPSE1",9,5.0724063,0.2629884,0.003173199,0.22404897,0.07010438,0.23592865,0.010029242,0.8221385,0.014416386,0.3068471,0.075200155,0.19113585,0.012123927
375316653866487564,5865793005495536000,0.6051591,2247.3540184795816,0.2777650053069267,1.049297E-6,16.467216,8.403767E-4,0.1356771,0.0024265994,0.013327248,0.0030191024,0.117762454,0.035495117,0.57910156,9.85245E-4,0.013587548,9.598502E-4,0.30356073,0.01071293,null,null,null,null,"TWOGAUSSIANS",8,3.7165096,0.57910156,9.85245E-4,0.07609027,0.005375161,0.30356073,0.01071293,0.1356771,0.0024265994,0.07463259,0.016906973,0.117762454,0.035495117
375316653866487564,5865793246013711232,0.6067328,2245.098061238445,0.9648700597039078,3.5679273E-6,13.896569,0.047836266,0.21631917,0.0013801793,0.15505812,0.027022429,0.14123693,0.047148876,0.7146081,8.56248E-4,0.12553671,0.011680024,0.17758946,0.04336079,null,null,null,null,"TWOGAUSSIANS",8,10.130157,0.7146081,8.56248E-4,0.4,0.0,0.1168851,0.0014113634,0.21635917,0.0013871007,0.4,0.0,0.0790996,0.0014095057
375316653866487564,5865793658315524864,0.5414865,2239.06010707805,3.372955557300157,7.322102E-6,19.375027,0.007477987,0.23028465,0.003972904,0.0697015,0.0036883063,0.42758438,0.023629962,0.7245082,0.0034447152,0.079170994,0.0038764377,0.53612787,0.019763183,null,null,null,null,"TWOGAUSSIANS",8,3.157555,0.7245082,0.0034447152,0.4,0.0,0.53312826,0.01993572,0.23028465,0.003972904,0.39032838,0.018932914,0.4245848,0.023716124
375316653866487564,5865793761394786688,0.54524636,2250.749100745073,3.645057121171968,1.4259962E-5,19.288126,0.010991266,0.24045302,0.0033047707,0.036211796,0.010825381,0.14161718,0.043616805,0.7240373,0.0073665725,0.056289934,0.009539973,0.24964607,0.04124614,0.117797725,0.014508958,0.24045302,0.0033047707,"TWOGAUSSIANS_WITH_ELLIPSOIDAL_ON_ECLIPSE1",9,3.3608863,0.7271673,0.005928366,0.31522363,0.053423848,0.48321244,0.036047842,0.24045302,0.0033047707,0.20278606,0.06062213,0.3772071,0.0467969
