Gaia/vari_eclipsing_binary/VariEclipsingBinary_606842-606864.csv
# %ECSV 1.0
# ---
# delimiter: ','
# meta: !!omap
# - RELEASE: Gaia DR3
# - TABLE: vari_eclipsing_binary
# - DESCRIPTION: >
#     This table describes the properties of the eclipsing binaries resulting from the variability analysis. 
# - CITATION: >
#     How to cite and acknowledge Gaia: 
#     https://gea.esac.esa.int/archive/documentation/credits.html 
# - KNOWN_ISSUES: >
#     Known issues: 
#     https://www.cosmos.esa.int/web/gaia-users/known-issues 
# - DOCUMENTATION: >
#     Tutorials and documentation: 
#     https://www.cosmos.esa.int/web/gaia-users/archive 
# datatype:
# - 
#   name: solution_id
#   datatype: int64
#   description: Solution Identifier
#   meta:
#     ucd: meta.version
# - 
#   name: source_id
#   datatype: int64
#   description: Unique source identifier
#   meta:
#     ucd: meta.id;meta.main
# - 
#   name: global_ranking
#   datatype: float32
#   description: Number between 0 (worst) and 1 (best)
#   meta:
#     ucd: stat.param
# - 
#   name: reference_time
#   datatype: float64
#   unit: d
#   description: Reference time used for the geometric model fit
#   meta:
#     ucd: time.epoch
# - 
#   name: frequency
#   datatype: float64
#   unit: d**-1
#   description: Frequency of geometric model of the eclipsing binary light curve
#   meta:
#     ucd: src.orbital
# - 
#   name: frequency_error
#   datatype: float32
#   unit: d**-1
#   description: "Uncertainty of \\texttt{frequency}"
#   meta:
#     ucd: stat.error
# - 
#   name: geom_model_reference_level
#   datatype: float32
#   unit: mag
#   description: Magnitude reference level of geometric model
#   meta:
#     ucd: phot.mag;em.opt
# - 
#   name: geom_model_reference_level_error
#   datatype: float32
#   unit: mag
#   description: "Uncertainty of \\texttt{geomModelReferenceLevel}"
#   meta:
#     ucd: stat.error;phot.mag;em.opt
# - 
#   name: geom_model_gaussian1_phase
#   datatype: float32
#   description: Phase of the Gaussian 1 component
#   meta:
#     ucd: time.phase
# - 
#   name: geom_model_gaussian1_phase_error
#   datatype: float32
#   description: "Uncertainty of \\texttt{geomModelGaussian1Phase}"
#   meta:
#     ucd: stat.error;time.phase
# - 
#   name: geom_model_gaussian1_sigma
#   datatype: float32
#   description: "Standard deviation [phase] of Gaussian 1 component"
#   meta:
#     ucd: stat.stdev
# - 
#   name: geom_model_gaussian1_sigma_error
#   datatype: float32
#   description: "Uncertainty of \\texttt{geomModelGaussian1Sigma}"
#   meta:
#     ucd: stat.error
# - 
#   name: geom_model_gaussian1_depth
#   datatype: float32
#   unit: mag
#   description: Magnitude depth of Gaussian 1 component
#   meta:
#     ucd: src.var.amplitude
# - 
#   name: geom_model_gaussian1_depth_error
#   datatype: float32
#   unit: mag
#   description: "Uncertainty of \\texttt{geomModelGaussian1Depth}"
#   meta:
#     ucd: stat.error;src.var.amplitude
# - 
#   name: geom_model_gaussian2_phase
#   datatype: float32
#   description: Phase of Gaussian 2 component
#   meta:
#     ucd: time.phase
# - 
#   name: geom_model_gaussian2_phase_error
#   datatype: float32
#   description: "Uncertainty of \\texttt{geomModelGaussian2Phase}"
#   meta:
#     ucd: stat.error;time.phase
# - 
#   name: geom_model_gaussian2_sigma
#   datatype: float32
[...]
#   datatype: float32
#   description: "Secondary eclipse: uncertainty of \\texttt{derivedSecondaryEclDuration}"
#   meta:
#     ucd: stat.error;time.duration
# - 
#   name: derived_secondary_ecl_depth
#   datatype: float32
#   unit: mag
#   description: "Secondary eclipse: depth"
#   meta:
#     ucd: src.var.amplitude
# - 
#   name: derived_secondary_ecl_depth_error
#   datatype: float32
#   unit: mag
#   description: "Secondary eclipse: uncertainty of \\texttt{derivedSecondaryEclDepth}"
#   meta:
#     ucd: stat.error;src.var.amplitude
solution_id,source_id,global_ranking,reference_time,frequency,frequency_error,geom_model_reference_level,geom_model_reference_level_error,geom_model_gaussian1_phase,geom_model_gaussian1_phase_error,geom_model_gaussian1_sigma,geom_model_gaussian1_sigma_error,geom_model_gaussian1_depth,geom_model_gaussian1_depth_error,geom_model_gaussian2_phase,geom_model_gaussian2_phase_error,geom_model_gaussian2_sigma,geom_model_gaussian2_sigma_error,geom_model_gaussian2_depth,geom_model_gaussian2_depth_error,geom_model_cosine_half_period_amplitude,geom_model_cosine_half_period_amplitude_error,geom_model_cosine_half_period_phase,geom_model_cosine_half_period_phase_error,model_type,num_model_parameters,reduced_chi2,derived_primary_ecl_phase,derived_primary_ecl_phase_error,derived_primary_ecl_duration,derived_primary_ecl_duration_error,derived_primary_ecl_depth,derived_primary_ecl_depth_error,derived_secondary_ecl_phase,derived_secondary_ecl_phase_error,derived_secondary_ecl_duration,derived_secondary_ecl_duration_error,derived_secondary_ecl_depth,derived_secondary_ecl_depth_error
[from data line 147]
375316653866487564,5337878783949463424,0.5047023,2250.656228118788,0.7568412889999999,8.5057245E-6,17.290077,0.0049365424,0.21079609,0.0013745218,0.0251351,0.0011052676,1.6988658,0.3312093,0.40864864,0.040751852,0.053692725,0.039844427,0.026148193,0.040056784,0.0057601943,0.008231754,0.40864864,0.040751852,"TWOGAUSSIANS_WITH_ELLIPSOIDAL_ON_ECLIPSE2",9,20.142094,0.21081609,0.0013475539,0.14075656,0.0061894986,1.7000883,0.33206224,0.40864864,0.040751852,0.30067927,0.2231288,0.037668068,0.035960685
375316653866487564,5337878882703787008,0.52352494,2210.4749541030533,3.2714937544222398,2.0757368E-5,19.819529,0.009595288,0.29751098,0.0046274615,0.07580302,0.0061040535,0.36074832,0.01992001,0.8095214,0.0057420833,0.07070909,0.006569292,0.3914981,0.021354359,null,null,null,null,"TWOGAUSSIANS",8,1.6207228,0.8095214,0.0057420833,0.39597088,0.018619483,0.38982674,0.021337468,0.29751098,0.0046274615,0.4,0.0,0.35907698,0.020345049
375316653866487564,5337878887028057216,0.6139613,2220.6742582625357,2.6900179832892688,4.6501027E-6,14.551412,0.017049102,0.18777414,0.0024129367,0.049195334,0.004198481,0.32316795,0.035856776,0.6903688,0.0020098342,0.06126984,0.004625541,0.55020624,0.036320426,0.058113605,0.020148586,0.18777414,0.0024129367,"TWOGAUSSIANS_WITH_ELLIPSOIDAL_ON_ECLIPSE1",9,203.94666,0.6903688,0.0020098342,0.3431111,0.02590303,0.6662916,0.024713358,0.18777414,0.0024129367,0.27549386,0.023511494,0.43928415,0.017652774
375316653866487564,5337878951404967552,0.6581106,2209.4595758210694,3.6927150498081645,3.1092056E-6,18.08333,0.0054522385,0.27415738,9.082036E-4,0.042866353,0.0014062083,0.355304,0.01652686,0.7885448,0.008235801,0.03659676,0.0055519254,0.36092478,0.037028935,0.15102929,0.008885496,0.27415738,9.082036E-4,"TWOGAUSSIANS_WITH_ELLIPSOIDAL_ON_ECLIPSE1",9,2.5743315,0.7885448,0.008235801,0.20494185,0.031090783,0.66052145,0.032913912,0.27415738,9.082036E-4,0.24005158,0.007874766,0.65736234,0.009321578
375316653866487564,5337879505486696320,0.57802296,2192.2851245513475,1.4775746479218772,1.318402E-5,19.745272,0.009032034,0.18464585,0.005478607,0.034198247,0.011234936,0.17212448,0.22630212,0.6931045,0.0015232827,0.036686074,0.002259122,0.57682914,0.022178186,0.018571023,0.01394446,0.18464585,0.005478607,"TWOGAUSSIANS_WITH_ELLIPSOIDAL_ON_ECLIPSE1",9,1.4728065,0.6931045,0.0015232827,0.20544203,0.012651083,0.6138663,0.015385846,0.18464585,0.005478607,0.19151019,0.062915646,0.20926645,0.23208086
375316653866487564,5337879539863078528,0.42814335,2239.16274041751,0.2832048970134741,6.4343E-5,15.814114,0.0032762187,0.18677643,0.02637828,0.060597684,0.020820487,0.08443089,0.0625279,0.64161557,0.005153384,0.047933735,0.006690035,0.14277057,0.022819677,null,null,null,null,"TWOGAUSSIANS",8,14.909519,0.64161557,0.005153384,0.26842892,0.037464198,0.14276987,0.022820402,0.18677643,0.02637828,0.33934703,0.116594724,0.08443019,0.06252868
375316653866487564,5337879642925587456,0.42954466,2200.6489188547434,0.263276824892523,4.692842E-5,19.523336,0.0058039823,0.123589806,0.0034573488,0.03695932,0.0041983887,0.2164013,0.046267655,0.6673435,0.031144172,0.04605324,0.026166433,0.14178789,0.07352415,null,null,null,null,"TWOGAUSSIANS",8,3.9408526,0.123589806,0.0034573488,0.2069722,0.023510976,0.2164013,0.04626766,0.6673435,0.031144172,0.25789812,0.14653203,0.14178789,0.07352444
375316653866487564,5337879711661745792,0.50688136,2195.715661559012,0.1679402523520759,2.1644916E-4,13.378805,0.0030859846,0.8432583,0.013781631,0.02716726,0.008491037,0.44703874,0.26232415,null,null,null,null,null,null,null,null,null,null,"ONEGAUSSIAN",5,691.6737,0.8432583,0.013781631,0.15213667,0.04754981,0.44703874,0.0,null,null,null,null,null,null
375316653866487564,5337880089618952064,0.54130715,2211.495932300884,2.571896533407166,2.8808401E-5,17.981369,0.06715304,0.31324258,0.0038430481,0.10047181,0.017662995,0.34932226,0.0626592,0.80767167,0.022588631,0.11569414,0.038131505,0.3476381,0.057480287,null,null,null,null,"TWOGAUSSIANS",8,10.298787,0.3132526,0.003833734,0.4,0.0,0.30430323,0.009772449,0.80767167,0.022588631,0.4,0.0,0.3025597,0.025241924
375316653866487564,5337880360164744448,0.4596533,2167.0457951915632,0.4497947128885478,2.0414334E-5,18.551676,0.011818011,0.32410288,0.0044721463,0.011077321,0.004702123,0.28605804,0.50313634,0.80293804,0.05197926,0.08419119,0.02929508,0.05385891,0.021895591,null,null,null,null,"TWOGAUSSIANS",8,5.781994,0.32410288,0.0044721463,0.062032998,0.026331889,0.286058,0.5031364,0.80293804,0.05197926,0.4,0.07862703,0.053858884,0.021895545
375316653866487564,5337880639358491520,0.43080628,2218.1956566482245,0.03962882405496034,6.741369E-5,18.128695,0.022130538,0.25265026,0.004791724,0.048858,0.007281494,0.106385134,0.015078471,0.4675243,0.027424522,0.22056173,0.05017208,0.09066028,0.021356799,null,null,null,null,"TWOGAUSSIANS",8,5.269089,0.25821027,0.0041784146,0.2736048,0.040776365,0.14975086,0.015439073,0.4675243,0.027424522,0.4,0.0,0.07678878,0.008756853
375316653866487564,5337880776813756672,0.749506,2208.1858836521624,0.25022542536201087,1.5815092E-6,14.583706,6.7158625E-4,0.20870675,4.1609062E-4,0.016264332,2.2237167E-4,0.5912662,0.007120563,0.7080254,0.0010047862,0.0151754785,7.97107E-4,0.5966831,0.011997985,0.0021776585,0.0010507376,0.20870675,4.1609062E-4,"TWOGAUSSIANS_WITH_ELLIPSOIDAL_ON_ECLIPSE1",9,7.806957,0.7080254,0.0010047862,0.08498268,0.0044637993,0.60103834,0.011699647,0.20870675,4.1609062E-4,0.091080256,0.0012452814,0.59562147,0.006957689
375316653866487564,5337881292193653760,0.56543356,2219.2145674047174,0.3308474367503254,1.0312611E-5,18.974176,0.0050583566,0.18136452,0.0019747026,0.026457934,0.002127783,0.4670353,0.016862376,0.67990154,0.0021873873,0.025230708,0.0014756832,0.53486484,0.022218112,null,null,null,null,"TWOGAUSSIANS",8,2.7007248,0.67990154,0.0021873873,0.14129196,0.008263825,0.53486484,0.022218112,0.18136452,0.0019747026,0.14816444,0.011915585,0.4670353,0.016862376
375316653866487564,5337881395272908800,0.46079996,2186.5379136923593,1.1897226050857534,1.67786E-5,19.382053,0.008032418,0.32586038,0.0042695617,0.046550892,0.0057032504,0.21069287,0.025396159,0.854738,0.028826745,0.04597931,0.030289933,0.11272068,0.060214464,null,null,null,null,"TWOGAUSSIANS",8,2.7990577,0.32586038,0.0042695617,0.260685,0.031938203,0.21069284,0.025396205,0.854738,0.028826745,0.25748414,0.16962363,0.11272066,0.060214512
375316653866487564,5337881635807194496,0.637627,2201.6171228052117,0.2996315670671348,1.0043402E-5,16.833782,0.0047334186,0.17420581,0.048433047,0.026548987,0.027992172,0.094548084,16.336514,0.7152867,0.0010108828,0.045979686,0.0020234787,0.61092836,0.038065642,0.036824733,0.005969403,0.7152867,0.0010108828,"TWOGAUSSIANS_WITH_ELLIPSOIDAL_ON_ECLIPSE2",9,5.970017,0.7152867,0.0010108828,0.25748622,0.011331481,0.68457747,0.040163826,0.1758458,0.050674483,0.14867432,0.15675616,0.16358587,16.32771
375316653866487564,5337881876309001728,0.5516603,2199.9968648874915,3.5061812035792723,1.5660424E-5,18.100199,0.011310506,0.2669555,0.0037929567,0.06742286,0.0033159486,0.44244996,0.018470686,0.7689788,0.0023823578,0.072649255,0.005832155,0.44350594,0.02499947,null,null,null,null,"TWOGAUSSIANS",8,9.679895,0.7689788,0.0023823578,0.4,0.017009119,0.44206783,0.02552771,0.2669555,0.0037929567,0.377568,0.018569313,0.44101185,0.018058613
375316653866487564,5337882078151587456,0.46385854,2179.715472840931,0.7224475728325095,8.5032254E-5,18.887598,0.019595833,0.18238573,0.07414954,0.13495499,0.043789502,0.052799247,0.023299247,0.7854991,0.016914252,0.028824579,0.005125912,1.8606403,1.7685053,null,null,null,null,"TWOGAUSSIANS",8,7.5886607,0.78550905,0.016914042,0.16141765,0.028705107,1.8611627,1.7680457,0.18238573,0.07414954,0.4,0.0,0.052620083,0.023318885
375316653866487564,5337882185565047424,0.5614601,2120.5472000629225,1.7700742092563142,1.083832E-4,19.788174,0.012663883,0.26983806,0.0034493022,0.01446747,0.0013807949,0.91205555,0.108167894,0.6532047,0.061257947,0.1801121,0.082260676,0.039304465,0.016963322,null,null,null,null,"TWOGAUSSIANS",8,0.85213,0.26984808,0.0034484786,0.08101784,0.0077324514,0.91458046,0.10744389,0.6532047,0.061257947,0.4,0.0,0.037637085,0.015559914
375316653866487564,5337882254266467456,0.46792722,2217.283888812873,3.193387938120754,2.8678065E-5,18.728228,0.0099234525,0.25236005,0.010556129,0.05369277,0.030705312,0.093711026,0.012136532,0.73151076,0.017241664,0.06087318,0.025424358,0.111627035,0.07701111,null,null,null,null,"TWOGAUSSIANS",8,2.4054465,0.73151076,0.017241664,0.3408898,0.14237641,0.11162036,0.07701899,0.25236005,0.010556129,0.3006795,0.12436513,0.09370436,0.012298376
375316653866487564,5337882494784622848,0.43493733,2159.120321317315,0.061020060591287006,6.954955E-6,19.733202,0.017826887,0.5450297,0.017622625,0.113554396,0.016097544,0.26624393,0.04472089,0.7787455,0.001569415,0.013090919,0.0030818086,0.22075266,0.08319579,null,null,null,null,"TWOGAUSSIANS",8,3.6066365,0.5450297,0.017622625,0.4,0.0,0.2662111,0.04474467,0.7787455,0.001569415,0.073309146,0.017258128,0.2527396,0.08447506
375316653866487564,5337882559198103552,0.6360792,2215.052931005293,0.8523252062111132,3.6361333E-5,18.321716,0.002509289,0.27428824,0.002878319,0.025838593,0.0022923572,0.58963645,0.014550341,0.7737529,0.0023136723,0.023506852,0.0025435677,0.4872711,0.020678042,null,null,null,null,"TWOGAUSSIANS",8,1.8641347,0.27428824,0.002878319,0.14469613,0.0128371995,0.58963645,0.014550341,0.7737529,0.0023136723,0.13163836,0.014243979,0.4872711,0.020678042
375316653866487564,5337882700947369984,0.5637149,2220.2676952457055,2.263215184212497,9.371031E-6,18.877565,0.022629416,0.24427117,0.004164966,0.096680984,0.0061410186,0.49134317,0.028934404,0.7479307,0.0021373017,0.09852478,0.006272202,0.42597517,0.022340853,null,null,null,null,"TWOGAUSSIANS",8,2.7464128,0.24427117,0.004164966,0.4,0.0,0.45859078,0.0240682,0.7479307,0.0021373017,0.4,0.0,0.39322212,0.016137652
375316653866487564,5337882799691337472,0.57948005,2235.142182076111,4.01450312266219,9.486309E-6,16.70835,0.04994234,0.22215307,0.00467806,0.061033584,0.011290616,0.453858,0.08976012,0.74516433,0.0019212123,0.05535138,0.008692587,0.49556383,0.09149647,0.05889491,0.05447655,0.22215307,0.00467806,"TWOGAUSSIANS_WITH_ELLIPSOIDAL_ON_ECLIPSE1",9,34.048843,0.74516433,0.0019212123,0.30996773,0.048678488,0.61080426,0.025460605,0.22215307,0.00467806,0.34178805,0.06322745,0.5715437,0.032079346
375316653866487564,5337883521262510464,0.50974935,2196.905373502036,1.0545778192384163,4.0505107E-5,18.838833,0.005555874,0.17195752,0.015045843,0.028737802,0.0116597675,0.24210416,0.0990065,0.6728137,0.013996213,0.03144363,0.009185746,0.37775573,0.009995968,null,null,null,null,"TWOGAUSSIANS",8,3.3934875,0.6728137,0.013996213,0.17608434,0.05144018,0.37775573,0.009995968,0.17195752,0.015045843,0.16093169,0.0652947,0.24210416,0.0990065
375316653866487564,5337883525581366528,0.43454462,2234.738953578795,3.5416145644027637,5.0900617E-5,19.23439,0.0053706197,null,null,null,null,null,null,null,null,null,null,null,null,0.06551167,0.007386836,0.2591689,0.009499933,"ELLIPSOIDAL",4,4.971357,null,null,null,null,null,null,null,null,null,null,null,null
375316653866487564,5337883731752468352,0.5362161,2252.603544743761,0.97528277148483,9.85382E-5,17.593494,0.006984469,0.29551527,0.051256526,0.031997472,0.02272046,0.7504252,0.6239378,0.83017534,0.008469447,0.05687852,0.006252527,0.09325696,0.014154349,null,null,null,null,"TWOGAUSSIANS",8,23.004976,0.29551527,0.051256526,0.17918585,0.12723458,0.7504252,0.6239208,0.83017534,0.008469447,0.3185197,0.03501415,0.09325695,0.014149078
375316653866487564,5337884144069727232,0.49440184,2210.2265722422662,2.8355550848450912,1.7159991E-5,19.46295,0.010601281,0.3201221,0.0064436267,0.06371359,0.0057701487,0.48533884,0.030767929,0.80401856,0.0066215154,0.057815284,0.0062962286,0.5284257,0.033526927,null,null,null,null,"TWOGAUSSIANS",8,6.941241,0.80401856,0.0066215154,0.32376558,0.03525888,0.52830327,0.033529155,0.3201221,0.0064436267,0.3567961,0.032312833,0.48521644,0.0308284
375316653866487564,5337884487666715776,0.6955197,2258.7302723661387,0.29993382935142165,2.0330559E-5,12.960876,0.0033101055,0.26568303,0.008074212,0.026621278,0.006163125,0.42058903,0.29129145,0.76684195,0.0017327602,0.026441485,0.0018534262,0.48567232,0.0132201025,0.01224508,0.004094477,0.26568303,0.008074212,"TWOGAUSSIANS_WITH_ELLIPSOIDAL_ON_ECLIPSE1",9,49.182716,0.76684195,0.0017327602,0.14807232,0.010379187,0.51016116,0.012615847,0.26568303,0.008074212,0.14907916,0.0345135,0.44507918,0.2941773
375316653866487564,5337884625091437440,0.47858003,2210.068657595042,2.7094671373747152,1.7393882E-5,19.127857,0.0388204,0.19650476,0.005810859,0.07960562,0.014873297,0.31209984,0.03900041,0.70324117,0.0053251553,0.08108863,0.013043515,0.30658075,0.03543926,null,null,null,null,"TWOGAUSSIANS",8,5.234025,0.19650476,0.005810859,0.4,0.021962317,0.30781326,0.03646537,0.70324117,0.0053251553,0.4,0.0013290321,0.3022942,0.031993356
375316653866487564,5337884693810930944,0.49113905,2190.3059502134497,1.267599928609724,9.883931E-6,19.735527,0.009994552,0.164784,0.0017386561,0.05122658,0.004923431,0.4603062,0.07122483,0.6621598,0.0029902516,0.058721025,0.0044875247,0.46132222,0.05634528,null,null,null,null,"TWOGAUSSIANS",8,2.3364897,0.6621598,0.0029902516,0.32883772,0.02513014,0.46129557,0.056364495,0.164784,0.0017386561,0.28686884,0.027571216,0.46027958,0.07124743
375316653866487564,5337884728184485632,0.5435035,2223.9704791391364,1.685391994823726,7.621942E-6,13.044941,0.0011718454,null,null,null,null,null,null,null,null,null,null,null,null,0.056656282,0.0017825029,0.25551778,0.0018558671,"ELLIPSOIDAL",4,42.98059,null,null,null,null,null,null,null,null,null,null,null,null
375316653866487564,5337885037423087872,0.43623263,2230.2203619905904,3.2441911925070768,6.389701E-5,17.16502,0.0033753554,0.10531953,0.0057937694,0.0139790615,0.003083731,0.8527543,5.854507,null,null,null,null,null,null,null,null,null,null,"ONEGAUSSIAN",5,13.347,0.10531953,0.0057937694,0.07828274,0.017268892,0.8527543,0.0,null,null,null,null,null,null
375316653866487564,5337885209208690176,0.5196022,2278.4864237243555,2.004257410597714,2.169744E-5,19.833326,0.009318901,0.2675593,0.005574242,0.056829665,0.0043675583,0.60111433,0.04514331,0.75628734,0.01974289,0.070685074,0.012803825,0.15464325,0.023010183,null,null,null,null,"TWOGAUSSIANS",8,2.0543108,0.2675593,0.005574242,0.31824613,0.024458328,0.60093606,0.045169573,0.75628734,0.01974289,0.3958364,0.06690785,0.15446497,0.023039034
375316653866487564,5337885724617349632,0.46824783,2181.2007957159367,0.37417064367977204,7.213391E-6,15.380512,0.011090396,0.21755731,0.010887324,0.006448082,0.0039288807,1.3647348,1.4083233,0.6812581,0.019863753,0.062121883,0.043897834,0.13230667,0.035870332,null,null,null,null,"TWOGAUSSIANS",8,215.25061,0.21755731,0.010887324,0.03610926,0.022001732,1.3647348,1.4083233,0.6812581,0.019863753,0.34788254,0.17191334,0.13230667,0.03587034
375316653866487564,5337885724617351552,0.5593851,2202.437012500911,0.42984115683695273,2.6945982E-5,17.02911,0.011996234,0.16755638,0.009049525,0.039387144,0.009937731,0.52745646,0.06896242,0.66390365,0.0014557373,0.035283305,0.0025616763,0.33604324,0.012005655,null,null,null,null,"TWOGAUSSIANS",8,47.611988,0.16755638,0.009049525,0.220568,0.055651292,0.52745646,0.06896242,0.66390365,0.0014557373,0.19758652,0.014345388,0.33604324,0.012005655
375316653866487564,5337885827696578304,0.4618179,2184.321713491474,2.7264404993370466,3.437105E-5,19.78429,0.11004381,0.23909254,0.007509564,0.08639463,0.031115482,0.23989347,0.10336376,0.7248216,0.04316543,0.08729901,0.0766144,0.22411671,0.093718134,null,null,null,null,"TWOGAUSSIANS",8,2.19492,0.23909254,0.007541787,0.4,0.0,0.2341049,0.022183944,0.7248216,0.043181237,0.4,0.0,0.21832815,0.033612914
