Gaia/vari_eclipsing_binary/VariEclipsingBinary_359129-359433.csv
# %ECSV 1.0
# ---
# delimiter: ','
# meta: !!omap
# - RELEASE: Gaia DR3
# - TABLE: vari_eclipsing_binary
# - DESCRIPTION: >
#     This table describes the properties of the eclipsing binaries resulting from the variability analysis. 
# - CITATION: >
#     How to cite and acknowledge Gaia: 
#     https://gea.esac.esa.int/archive/documentation/credits.html 
# - KNOWN_ISSUES: >
#     Known issues: 
#     https://www.cosmos.esa.int/web/gaia-users/known-issues 
# - DOCUMENTATION: >
#     Tutorials and documentation: 
#     https://www.cosmos.esa.int/web/gaia-users/archive 
# datatype:
# - 
#   name: solution_id
#   datatype: int64
#   description: Solution Identifier
#   meta:
#     ucd: meta.version
# - 
#   name: source_id
#   datatype: int64
#   description: Unique source identifier
#   meta:
#     ucd: meta.id;meta.main
# - 
#   name: global_ranking
#   datatype: float32
#   description: Number between 0 (worst) and 1 (best)
#   meta:
#     ucd: stat.param
# - 
#   name: reference_time
#   datatype: float64
#   unit: d
#   description: Reference time used for the geometric model fit
#   meta:
#     ucd: time.epoch
# - 
#   name: frequency
#   datatype: float64
#   unit: d**-1
#   description: Frequency of geometric model of the eclipsing binary light curve
#   meta:
#     ucd: src.orbital
# - 
#   name: frequency_error
#   datatype: float32
#   unit: d**-1
#   description: "Uncertainty of \\texttt{frequency}"
#   meta:
#     ucd: stat.error
# - 
#   name: geom_model_reference_level
#   datatype: float32
#   unit: mag
#   description: Magnitude reference level of geometric model
#   meta:
#     ucd: phot.mag;em.opt
# - 
#   name: geom_model_reference_level_error
#   datatype: float32
#   unit: mag
#   description: "Uncertainty of \\texttt{geomModelReferenceLevel}"
#   meta:
#     ucd: stat.error;phot.mag;em.opt
# - 
#   name: geom_model_gaussian1_phase
#   datatype: float32
#   description: Phase of the Gaussian 1 component
#   meta:
#     ucd: time.phase
# - 
#   name: geom_model_gaussian1_phase_error
#   datatype: float32
#   description: "Uncertainty of \\texttt{geomModelGaussian1Phase}"
#   meta:
#     ucd: stat.error;time.phase
# - 
#   name: geom_model_gaussian1_sigma
#   datatype: float32
#   description: "Standard deviation [phase] of Gaussian 1 component"
#   meta:
#     ucd: stat.stdev
# - 
#   name: geom_model_gaussian1_sigma_error
#   datatype: float32
#   description: "Uncertainty of \\texttt{geomModelGaussian1Sigma}"
#   meta:
#     ucd: stat.error
# - 
#   name: geom_model_gaussian1_depth
#   datatype: float32
#   unit: mag
#   description: Magnitude depth of Gaussian 1 component
#   meta:
#     ucd: src.var.amplitude
# - 
#   name: geom_model_gaussian1_depth_error
#   datatype: float32
#   unit: mag
#   description: "Uncertainty of \\texttt{geomModelGaussian1Depth}"
#   meta:
#     ucd: stat.error;src.var.amplitude
# - 
#   name: geom_model_gaussian2_phase
#   datatype: float32
#   description: Phase of Gaussian 2 component
#   meta:
#     ucd: time.phase
# - 
#   name: geom_model_gaussian2_phase_error
#   datatype: float32
#   description: "Uncertainty of \\texttt{geomModelGaussian2Phase}"
#   meta:
#     ucd: stat.error;time.phase
# - 
#   name: geom_model_gaussian2_sigma
#   datatype: float32
[...]
#   datatype: float32
#   description: "Secondary eclipse: uncertainty of \\texttt{derivedSecondaryEclDuration}"
#   meta:
#     ucd: stat.error;time.duration
# - 
#   name: derived_secondary_ecl_depth
#   datatype: float32
#   unit: mag
#   description: "Secondary eclipse: depth"
#   meta:
#     ucd: src.var.amplitude
# - 
#   name: derived_secondary_ecl_depth_error
#   datatype: float32
#   unit: mag
#   description: "Secondary eclipse: uncertainty of \\texttt{derivedSecondaryEclDepth}"
#   meta:
#     ucd: stat.error;src.var.amplitude
solution_id,source_id,global_ranking,reference_time,frequency,frequency_error,geom_model_reference_level,geom_model_reference_level_error,geom_model_gaussian1_phase,geom_model_gaussian1_phase_error,geom_model_gaussian1_sigma,geom_model_gaussian1_sigma_error,geom_model_gaussian1_depth,geom_model_gaussian1_depth_error,geom_model_gaussian2_phase,geom_model_gaussian2_phase_error,geom_model_gaussian2_sigma,geom_model_gaussian2_sigma_error,geom_model_gaussian2_depth,geom_model_gaussian2_depth_error,geom_model_cosine_half_period_amplitude,geom_model_cosine_half_period_amplitude_error,geom_model_cosine_half_period_phase,geom_model_cosine_half_period_phase_error,model_type,num_model_parameters,reduced_chi2,derived_primary_ecl_phase,derived_primary_ecl_phase_error,derived_primary_ecl_duration,derived_primary_ecl_duration_error,derived_primary_ecl_depth,derived_primary_ecl_depth_error,derived_secondary_ecl_phase,derived_secondary_ecl_phase_error,derived_secondary_ecl_duration,derived_secondary_ecl_duration_error,derived_secondary_ecl_depth,derived_secondary_ecl_depth_error
[from data line 741]
375316653866487564,3161448770011201408,0.5533039,2180.7290977449784,4.003658219924189,1.650417E-5,18.295803,0.01114862,0.3810269,0.02976885,0.027301734,0.039743427,0.017029425,4469.037,0.6718981,7.971512E-4,0.037704643,0.0032589452,0.83353084,0.05782511,0.022528624,0.015346665,0.3810269,0.02976885,"TWOGAUSSIANS_WITH_ELLIPSOIDAL_ON_ECLIPSE1",9,7.9781675,0.67213815,6.0748676E-4,0.211146,0.018250093,0.83645403,0.06134987,0.3810269,0.02976885,0.15288971,0.22256319,0.062086657,4469.0454
375316653866487564,3161449903882642560,0.4494004,2231.0736987027685,3.0656624128746484,7.113146E-5,17.948967,0.026707457,0.33201376,0.02210185,0.089997716,0.019051263,0.29779887,0.038137816,0.82424754,0.014010334,0.076466404,0.017199917,0.23659405,0.028346412,null,null,null,null,"TWOGAUSSIANS",8,33.716995,0.33201376,0.02210185,0.4,0.0,0.292703,0.034354594,0.82424754,0.014010334,0.4,0.010953024,0.2314983,0.023457844
375316653866487564,3161450522357902592,0.54457724,2256.9762507832406,1.9107631155653855,8.640289E-5,17.012989,0.0065067536,0.24319072,0.0062588356,0.046411507,0.005506347,0.6077858,0.073402934,0.545356,0.059763443,0.049624715,0.054185767,0.025743986,64.44031,0.023035439,0.0067771743,0.24319072,0.0062588356,"TWOGAUSSIANS_WITH_ELLIPSOIDAL_ON_ECLIPSE1",9,68.22791,0.24319072,0.0062588356,0.25990444,0.030835543,0.65385634,0.073195145,0.57220596,0.28767583,0.2778984,0.3034403,0.032690894,64.43752
375316653866487564,3161454924700357888,0.56399995,2225.8168635961842,3.112220313200281,1.973715E-5,15.30721,0.092652656,0.23272492,0.0034127082,0.13077548,0.030042678,0.28321615,0.08401534,0.72772944,0.0024712759,0.12036711,0.022618085,0.28654036,0.08846262,null,null,null,null,"TWOGAUSSIANS",8,33.12014,0.72772944,0.0024712759,0.4,0.0,0.21157728,0.007763464,0.23276491,0.0033994163,0.4,0.0,0.20797415,0.013318605
375316653866487564,3161459082228632576,0.48353073,2217.036200682729,4.180571658749576,3.485355E-5,16.742758,0.0048318347,0.12313848,1.7742059E-5,0.0032313836,1.5490357E-4,1.5686492,0.34763294,0.4879774,0.018746255,0.06941744,0.022253029,0.23887876,0.07217192,0.0033651502,0.007127713,0.4879774,0.018746255,"TWOGAUSSIANS_WITH_ELLIPSOIDAL_ON_ECLIPSE2",9,45.552578,0.12313848,1.7742059E-5,0.018095748,8.6746E-4,1.5713633,0.34507737,0.4879774,0.018746255,0.38873768,0.06322525,0.24538644,0.0676644
375316653866487564,3161461040733763968,0.59711593,2219.6322586223905,2.9951198210784633,2.3416998E-5,16.35536,0.019098284,0.21971527,0.0040035513,0.100148074,0.007562928,0.30681506,0.018621821,0.70597947,0.005649996,0.09777233,0.010467207,0.3175242,0.018266512,null,null,null,null,"TWOGAUSSIANS",8,18.408564,0.70597947,0.005649996,0.4,0.0,0.2960401,0.009078267,0.21971527,0.0040035513,0.4,0.0,0.2853297,0.010075889
375316653866487564,3161464438050263424,0.57613593,2253.4097460001453,0.10529522476298947,4.3126383E-5,19.206974,0.008260078,0.65097874,0.019039903,0.053216886,0.045178216,4.5333023,4.609919,null,null,null,null,null,null,0.036475703,0.012670981,0.65097874,0.019039903,"ONEGAUSSIAN_WITH_ELLIPSOIDAL",6,1.8389759,0.65097874,0.019039903,0.29801455,0.099932946,4.606184,4.597283,null,null,null,null,null,null
375316653866487564,3161464575489216000,0.4966181,2231.7378432823502,3.087029202993924,2.4704676E-5,15.704245,0.04787292,0.3046204,0.0061227526,0.11182023,0.028435932,0.16670445,0.040970992,0.78927314,0.009814267,0.11330039,0.031700887,0.15009785,0.044120148,null,null,null,null,"TWOGAUSSIANS",8,37.443947,0.3046504,0.0060862666,0.4,0.0,0.14371602,0.015506617,0.78927314,0.009814267,0.4,0.0,0.12710659,0.01404403
375316653866487564,3161466396555373312,0.48236856,2190.408554962412,1.781801190782339,2.8302147E-5,18.85093,0.008205502,0.2771036,0.005347716,0.03821648,0.015480421,0.16160694,0.065744,0.7467832,0.033057105,0.06463063,0.06546463,0.1511374,0.33816937,null,null,null,null,"TWOGAUSSIANS",8,1.7143203,0.2771036,0.005348243,0.2140123,0.08669036,0.16160643,0.0657632,0.7467832,0.033057105,0.3619315,0.10054577,0.15113689,0.33835238
375316653866487564,3161469523293104896,0.5691515,2202.894688475068,3.7092039140732473,1.035415E-6,18.039438,0.0057810494,0.3559998,1.0897482E-5,0.0066204956,1.3618155E-4,0.7922136,0.016669827,0.64079875,0.03672049,0.018708246,0.02302193,0.030871583,2.02813961E16,null,null,null,null,"TWOGAUSSIANS",8,4.1599784,0.3559998,1.0897482E-5,0.037074775,7.626167E-4,0.7922136,0.016669827,0.64079875,0.03672049,0.10476618,0.12892282,0.030871583,2.02813961E16
375316653866487564,3161473027985105792,0.62273455,2204.0410136520286,3.337712580737058,1.3393096E-5,18.345083,0.014035872,0.31180793,0.0021578537,0.0715987,0.0043660635,0.4493783,0.035975743,0.8179808,0.004603536,0.08087538,0.007566274,0.42015576,0.021393782,null,null,null,null,"TWOGAUSSIANS",8,2.3960116,0.31180793,0.0021578537,0.4,0.017209938,0.44587806,0.036071163,0.8179808,0.004603536,0.4,0.0,0.4166555,0.02191511
375316653866487564,3161488386788230272,0.65605325,2283.564323235463,1.9856138333466944,4.4404547E-5,17.342695,0.031550523,0.21567503,0.040645234,0.25936928,0.116535716,0.047060583,0.029961474,0.5816284,0.009607364,0.06600537,0.0079008415,0.7374192,0.034598775,null,null,null,null,"TWOGAUSSIANS",8,2.781871,0.5816284,0.009607364,0.36963007,0.030385258,0.7382808,0.03006238,0.21569502,0.040644273,0.4,0.0,0.028213577,0.004393698
375316653866487564,3161500378338477952,0.48367953,2190.9193501599584,4.850942011437842,5.7700076E-5,18.600466,0.016858624,0.31973132,0.012118266,0.02494212,0.009118038,0.26718,0.098910555,0.5476694,0.007428257,0.049535632,0.013977197,0.9319769,1.9341674,0.049671587,0.032679234,0.5476694,0.007428257,"TWOGAUSSIANS_WITH_ELLIPSOIDAL_ON_ECLIPSE2",9,13.0833645,0.5476694,0.007428257,0.27739954,0.078272305,1.0313174,1.918186,0.32014132,0.012188065,0.13967587,0.05106101,0.26913297,0.09764654
375316653866487564,3161504295349186816,0.6576598,2209.0165990470937,3.494799063456686,4.595898E-6,17.180038,0.0129298195,0.26389349,0.0017678904,0.057680238,0.0040978724,0.27582777,0.03279124,0.77816147,0.0023085056,0.050086904,0.0057575703,0.20706347,0.029331239,0.079135515,0.016962558,0.26389349,0.0017678904,"TWOGAUSSIANS_WITH_ELLIPSOIDAL_ON_ECLIPSE1",9,4.3785625,0.26389349,0.0017678904,0.32300934,0.022948084,0.43407425,0.017290339,0.77816147,0.0023085056,0.28048667,0.03224239,0.36404136,0.007498046
375316653866487564,3161505326140801664,0.57359934,2216.4960147576144,3.0207302907060285,1.3854451E-5,18.53912,0.023147374,0.24638228,0.011399763,0.08910895,0.010017382,0.53606683,0.044801902,0.73819417,0.03239503,0.07192729,0.01973238,0.50013644,0.11866971,null,null,null,null,"TWOGAUSSIANS",8,5.134955,0.24638228,0.011399763,0.4,0.0,0.5289595,0.041155472,0.73819417,0.03239503,0.4,0.011239762,0.4930293,0.1077552
375316653866487564,3161511373453284096,0.64784825,2279.306986957318,2.863452813918437,1.843767E-4,17.735079,0.002263303,0.33591396,0.001197085,0.020909347,0.001341558,0.24460773,0.0053951493,0.67620236,0.023964483,0.066863656,0.03388978,0.047984056,0.05502626,null,null,null,null,"TWOGAUSSIANS",8,0.6320977,0.33591396,0.001197085,0.11709235,0.0075127245,0.24460785,0.0053986646,0.67620236,0.023964483,0.3744365,0.10269366,0.047984056,0.055026274
375316653866487564,3161514568908967296,0.5313077,2248.438495680419,0.029338520080805154,7.402164E-6,18.022638,0.005111792,0.31193468,0.013107913,0.008504129,0.02430895,0.11263409,0.019466141,0.8008776,0.02403773,0.041668333,0.047582343,0.11811895,0.007827189,null,null,null,null,"TWOGAUSSIANS",8,1.542179,0.8008776,0.02403773,0.23334268,0.17249182,0.11811895,0.0078271525,0.31193468,0.013107913,0.047623124,0.13613012,0.11263409,0.019466124
375316653866487564,3161520276922436736,0.73629254,2247.4652096343684,3.357046969548325,2.9289831E-6,16.20398,0.008849675,0.30989045,0.0011515288,0.052110635,0.0020375627,0.43148196,0.019106464,0.82137084,9.64411E-4,0.054696348,0.002179676,0.41525647,0.027397374,0.09644249,0.010894891,0.30989045,0.0011515288,"TWOGAUSSIANS_WITH_ELLIPSOIDAL_ON_ECLIPSE1",9,4.221182,0.30989045,0.0011515288,0.29181954,0.011410351,0.6243572,0.0076354,0.82137084,9.64411E-4,0.30629957,0.012206186,0.6071299,0.023694864
375316653866487564,3161523609816916864,0.51589817,2198.5731672807,3.714161530467167,2.516433E-5,16.699072,0.0070027886,0.7419837,0.0042109923,0.022714423,0.018070215,0.18658498,93864.53,null,null,null,null,null,null,0.11169628,0.010849762,0.7419837,0.0042109923,"ONEGAUSSIAN_WITH_ELLIPSOIDAL",6,58.8169,0.7419837,0.0042109923,0.12720077,0.10119321,0.40997753,93864.54,null,null,null,null,null,null
375316653866487564,3161524468810380288,0.638756,2211.3006811357513,0.6979797699704897,8.09129E-5,16.139614,0.005236894,0.78727466,3.81046E-5,0.009052841,1.8242626E-4,1.347908,0.0051324703,null,null,null,null,null,null,0.035366904,0.0096534975,0.78727466,3.81046E-5,"ONEGAUSSIAN_WITH_ELLIPSOIDAL",6,51.500305,0.78727466,3.81046E-5,0.05069591,0.001021587,1.4186417,0.021888392,null,null,null,null,null,null
375316653866487564,3161524876832087680,0.6073095,2218.909164262352,3.64037202631777,1.6778016E-5,17.641335,0.010971669,0.21315682,0.0065466785,0.070837475,0.0045728646,0.4840478,0.033815134,0.71514493,0.003246134,0.067403935,0.0036917857,0.45856234,0.028775113,null,null,null,null,"TWOGAUSSIANS",8,6.7123704,0.21315682,0.0065466785,0.39668986,0.018663725,0.48275644,0.033877183,0.71514493,0.003246134,0.37746206,0.020674001,0.457271,0.028787382
375316653866487564,3161525052925924864,0.7191265,2201.1915718115133,1.013590397046817,1.3145258E-5,15.792568,0.024122924,0.2732319,0.019080264,0.04327101,0.009481778,1.1947613,0.2788457,0.7614506,0.03829884,0.05160083,0.026444035,0.20799968,0.081675194,0.033347487,0.02581415,0.2732319,0.019080264,"TWOGAUSSIANS_WITH_ELLIPSOIDAL_ON_ECLIPSE1",9,13.4168215,0.2732319,0.019080264,0.24231765,0.053097956,1.2614555,0.23063898,0.76219064,0.03739048,0.28896466,0.1480866,0.27435207,0.064925194
375316653866487564,3161528660697598848,0.51046693,2243.534904362737,2.073492805095024,7.624305E-6,15.21608,0.006751837,0.46989837,0.0020121553,0.062469933,0.004417393,1.7468777,0.49862653,null,null,null,null,null,null,null,null,null,null,"ONEGAUSSIAN",5,12.499624,0.46989837,0.0020121553,0.3498316,0.024737401,1.7468777,0.0,null,null,null,null,null,null
375316653866487564,3161540617887913472,0.5370895,2204.28263311415,4.062948003600736,1.6551532E-5,17.403076,0.03590339,0.22569908,0.014697789,0.08540144,0.01804823,0.3322646,0.039242685,0.70070726,0.0048076534,0.09789606,0.023467919,0.29318753,0.041361373,null,null,null,null,"TWOGAUSSIANS",8,11.673404,0.22569908,0.014708043,0.4,0.0,0.32201853,0.030992828,0.70070726,0.0048076534,0.4,0.0,0.28293908,0.05295543
375316653866487564,3161541644382677888,0.4702262,2153.3009259729897,0.7430641448444104,5.887959E-5,17.865393,0.010822323,0.27747336,0.009805933,0.030459698,0.012279949,0.4245866,0.16364495,0.7525806,0.07669138,0.048137505,0.056947816,1.004244,1767460.2,null,null,null,null,"TWOGAUSSIANS",8,83.983894,0.7525806,0.07669138,0.26957002,0.31890777,1.004244,1767460.2,0.27747336,0.009805933,0.1705743,0.06876772,0.4245866,0.16364501
375316653866487564,3161546798344194304,0.5140762,2167.8260979531283,0.07867496149081168,4.1648884E-5,19.405706,0.33083898,0.29891366,0.040964324,0.14260776,0.10530245,0.28611025,0.32126832,0.7758052,0.009809006,0.07638272,0.0218059,0.33228767,0.18759835,null,null,null,null,"TWOGAUSSIANS",8,2.3616514,0.7758052,0.009798493,0.4,0.029552665,0.3009548,0.07968974,0.29891366,0.040964324,0.4,0.0,0.2533677,0.032579567
375316653866487564,3161548069654554752,0.5463849,2227.980059621075,0.16573262790920387,1.5563084E-5,18.086168,0.005470518,0.31473592,0.0032185498,0.04113344,0.011557261,0.24853548,0.099672996,0.8079013,5.067886E-4,0.04059214,0.003893694,0.1208771,0.0038439394,null,null,null,null,"TWOGAUSSIANS",8,1.2404115,0.31473592,0.0032185498,0.23034728,0.06472066,0.24853548,0.09967307,0.8079013,5.067886E-4,0.227316,0.021804685,0.1208771,0.0038438751
375316653866487564,3161552506357439744,0.6610414,2216.9659732254936,3.1227250734227456,9.478511E-6,14.63907,0.01984357,0.25020447,0.0048628966,0.059568755,0.016491786,0.29799548,0.1053321,0.75930506,0.0029702187,0.05447706,0.00726516,0.2329597,0.03705231,0.07346416,0.02184805,0.25020447,0.0048628966,"TWOGAUSSIANS_WITH_ELLIPSOIDAL_ON_ECLIPSE1",9,35.92943,0.25020447,0.0048628966,0.33358502,0.07290364,0.44487667,0.10952626,0.75930506,0.0029702187,0.30507153,0.040684894,0.37936103,0.012499812
375316653866487564,3161558858612543104,0.4812895,2211.267949773057,0.10648380814995824,1.1674852E-5,16.39442,0.0025185058,0.23227957,0.06859705,0.07273776,0.035512187,0.09214492,0.06769032,0.6263987,0.0010010584,0.0051581315,0.0014113792,0.08119192,0.039247505,null,null,null,null,"TWOGAUSSIANS",8,2.922478,0.23227957,0.06859705,0.4,0.18172412,0.09214492,0.06769032,0.6263987,0.0010010584,0.028885536,0.007903724,0.08119196,0.0392475
375316653866487564,3161568002599305344,0.5893653,2197.096040465923,1.3664443310883794,8.471134E-6,16.509829,0.008629039,0.27061775,0.00231332,0.042849492,0.003067144,0.48351198,0.06547895,0.77422225,0.005326607,0.04191928,0.0060630785,0.41551363,0.043748267,0.024586406,0.014425968,0.27061775,0.00231332,"TWOGAUSSIANS_WITH_ELLIPSOIDAL_ON_ECLIPSE1",9,38.40027,0.27061775,0.00231332,0.23995717,0.017176006,0.53268474,0.06575896,0.77422225,0.005310001,0.23474796,0.033953242,0.46466118,0.048389744
375316653866487564,3161577726405130624,0.4503045,2192.6994140237525,0.463097647816352,3.9736267E-5,18.746342,0.020233745,0.36687824,0.026792038,0.17339773,0.03555995,0.12082405,0.024317827,0.8482071,0.0010797639,0.017966164,0.0033373856,0.17208336,0.019317877,null,null,null,null,"TWOGAUSSIANS",8,3.506023,0.8482071,0.0010797639,0.10061052,0.018689359,0.17099337,0.0198285,0.36687824,0.026792038,0.4,0.0,0.11579195,0.019308116
375316653866487564,3161604904958936064,0.5079765,2071.6004025337124,1.3338446085299507,4.6682308E-5,19.848837,0.014795696,0.3016923,0.03351332,0.066616476,0.014896988,0.352259,0.16838366,0.83114266,0.00864017,0.049835976,0.008059795,0.3123669,0.057784896,null,null,null,null,"TWOGAUSSIANS",8,1.3747234,0.3016923,0.03351332,0.37305227,0.08342313,0.35223752,0.16840763,0.83114266,0.00864017,0.27908146,0.045134854,0.3123454,0.05783083
375316653866487564,3161605935750247936,0.49709743,2201.6917040727362,0.10660480698758094,5.3200714E-5,17.125935,0.051891018,0.26684636,0.011300432,0.12397645,0.023715947,0.31804335,0.058650214,0.68352425,0.010054909,0.06472354,0.012343114,0.26271772,0.05026229,null,null,null,null,"TWOGAUSSIANS",8,7.2152433,0.26684636,0.011300432,0.4,0.0,0.31328827,0.04935398,0.68352425,0.010054909,0.3624518,0.062001284,0.2590886,0.039202135
375316653866487564,3161607275780036224,0.55134606,2186.0784070415953,0.16559660285924832,4.1164007E-5,18.002008,0.005235428,0.24843656,0.012271757,0.09200258,0.009286636,0.15408018,0.011684463,0.73965216,0.041145835,0.04914435,0.034252677,0.20410615,0.06864893,null,null,null,null,"TWOGAUSSIANS",8,2.1821783,0.73965216,0.041145835,0.27520835,0.19181499,0.20362067,0.06840787,0.24843656,0.012271757,0.4,0.0,0.15359457,0.01176678
