Gaia/vari_eclipsing_binary/VariEclipsingBinary_471817-471852.csv
# %ECSV 1.0
# ---
# delimiter: ','
# meta: !!omap
# - RELEASE: Gaia DR3
# - TABLE: vari_eclipsing_binary
# - DESCRIPTION: >
#     This table describes the properties of the eclipsing binaries resulting from the variability analysis. 
# - CITATION: >
#     How to cite and acknowledge Gaia: 
#     https://gea.esac.esa.int/archive/documentation/credits.html 
# - KNOWN_ISSUES: >
#     Known issues: 
#     https://www.cosmos.esa.int/web/gaia-users/known-issues 
# - DOCUMENTATION: >
#     Tutorials and documentation: 
#     https://www.cosmos.esa.int/web/gaia-users/archive 
# datatype:
# - 
#   name: solution_id
#   datatype: int64
#   description: Solution Identifier
#   meta:
#     ucd: meta.version
# - 
#   name: source_id
#   datatype: int64
#   description: Unique source identifier
#   meta:
#     ucd: meta.id;meta.main
# - 
#   name: global_ranking
#   datatype: float32
#   description: Number between 0 (worst) and 1 (best)
#   meta:
#     ucd: stat.param
# - 
#   name: reference_time
#   datatype: float64
#   unit: d
#   description: Reference time used for the geometric model fit
#   meta:
#     ucd: time.epoch
# - 
#   name: frequency
#   datatype: float64
#   unit: d**-1
#   description: Frequency of geometric model of the eclipsing binary light curve
#   meta:
#     ucd: src.orbital
# - 
#   name: frequency_error
#   datatype: float32
#   unit: d**-1
#   description: "Uncertainty of \\texttt{frequency}"
#   meta:
#     ucd: stat.error
# - 
#   name: geom_model_reference_level
#   datatype: float32
#   unit: mag
#   description: Magnitude reference level of geometric model
#   meta:
#     ucd: phot.mag;em.opt
# - 
#   name: geom_model_reference_level_error
#   datatype: float32
#   unit: mag
#   description: "Uncertainty of \\texttt{geomModelReferenceLevel}"
#   meta:
#     ucd: stat.error;phot.mag;em.opt
# - 
#   name: geom_model_gaussian1_phase
#   datatype: float32
#   description: Phase of the Gaussian 1 component
#   meta:
#     ucd: time.phase
# - 
#   name: geom_model_gaussian1_phase_error
#   datatype: float32
#   description: "Uncertainty of \\texttt{geomModelGaussian1Phase}"
#   meta:
#     ucd: stat.error;time.phase
# - 
#   name: geom_model_gaussian1_sigma
#   datatype: float32
#   description: "Standard deviation [phase] of Gaussian 1 component"
#   meta:
#     ucd: stat.stdev
# - 
#   name: geom_model_gaussian1_sigma_error
#   datatype: float32
#   description: "Uncertainty of \\texttt{geomModelGaussian1Sigma}"
#   meta:
#     ucd: stat.error
# - 
#   name: geom_model_gaussian1_depth
#   datatype: float32
#   unit: mag
#   description: Magnitude depth of Gaussian 1 component
#   meta:
#     ucd: src.var.amplitude
# - 
#   name: geom_model_gaussian1_depth_error
#   datatype: float32
#   unit: mag
#   description: "Uncertainty of \\texttt{geomModelGaussian1Depth}"
#   meta:
#     ucd: stat.error;src.var.amplitude
# - 
#   name: geom_model_gaussian2_phase
#   datatype: float32
#   description: Phase of Gaussian 2 component
#   meta:
#     ucd: time.phase
# - 
#   name: geom_model_gaussian2_phase_error
#   datatype: float32
#   description: "Uncertainty of \\texttt{geomModelGaussian2Phase}"
#   meta:
#     ucd: stat.error;time.phase
# - 
#   name: geom_model_gaussian2_sigma
#   datatype: float32
[...]
#   datatype: float32
#   description: "Secondary eclipse: uncertainty of \\texttt{derivedSecondaryEclDuration}"
#   meta:
#     ucd: stat.error;time.duration
# - 
#   name: derived_secondary_ecl_depth
#   datatype: float32
#   unit: mag
#   description: "Secondary eclipse: depth"
#   meta:
#     ucd: src.var.amplitude
# - 
#   name: derived_secondary_ecl_depth_error
#   datatype: float32
#   unit: mag
#   description: "Secondary eclipse: uncertainty of \\texttt{derivedSecondaryEclDepth}"
#   meta:
#     ucd: stat.error;src.var.amplitude
solution_id,source_id,global_ranking,reference_time,frequency,frequency_error,geom_model_reference_level,geom_model_reference_level_error,geom_model_gaussian1_phase,geom_model_gaussian1_phase_error,geom_model_gaussian1_sigma,geom_model_gaussian1_sigma_error,geom_model_gaussian1_depth,geom_model_gaussian1_depth_error,geom_model_gaussian2_phase,geom_model_gaussian2_phase_error,geom_model_gaussian2_sigma,geom_model_gaussian2_sigma_error,geom_model_gaussian2_depth,geom_model_gaussian2_depth_error,geom_model_cosine_half_period_amplitude,geom_model_cosine_half_period_amplitude_error,geom_model_cosine_half_period_phase,geom_model_cosine_half_period_phase_error,model_type,num_model_parameters,reduced_chi2,derived_primary_ecl_phase,derived_primary_ecl_phase_error,derived_primary_ecl_duration,derived_primary_ecl_duration_error,derived_primary_ecl_depth,derived_primary_ecl_depth_error,derived_secondary_ecl_phase,derived_secondary_ecl_phase_error,derived_secondary_ecl_duration,derived_secondary_ecl_duration_error,derived_secondary_ecl_depth,derived_secondary_ecl_depth_error
[from data line 76]
375316653866487564,4150177836762104960,0.58221704,2314.289140041252,1.0877828431986092,9.901922E-6,18.237429,0.0036066659,0.20071647,0.011691833,0.0747188,0.013363314,0.10377214,0.029114254,0.69690484,0.0019960378,0.054150213,0.002482818,0.33737987,0.006781335,null,null,null,null,"TWOGAUSSIANS",8,2.4665582,0.69690484,0.0019960378,0.3032412,0.013903781,0.33722144,0.0067267823,0.20071647,0.011691833,0.4,0.030177446,0.103613734,0.029223403
375316653866487564,4150178283424389760,0.46575314,2217.393745590017,0.05999564037060275,3.668818E-5,19.815939,0.017728217,0.23052706,0.021574622,0.043763194,0.023414476,0.41730684,0.31740505,0.8030714,0.015455395,0.08051305,0.01648173,0.26602417,0.07402721,null,null,null,null,"TWOGAUSSIANS",8,2.3057075,0.23052706,0.021574622,0.24507388,0.13112107,0.41729245,0.31758016,0.8030714,0.015455395,0.4,0.009203598,0.26600957,0.07403409
375316653866487564,4150179176780242688,0.49978286,2257.001843524481,2.7674179779628103,1.885077E-5,19.788067,0.06621369,0.24673222,0.011016816,0.0800602,0.010614575,0.58341926,0.08533199,0.75054467,0.004648249,0.087931424,0.015749758,0.54038316,0.066519074,null,null,null,null,"TWOGAUSSIANS",8,6.3427577,0.24673222,0.011016816,0.4,0.0,0.57094973,0.07665599,0.75054467,0.004648249,0.4,0.0,0.5279136,0.06300359
375316653866487564,4150180722965968128,0.58801395,2269.9780533761727,3.145229695388186,1.1550257E-5,18.216421,0.008198851,0.29997218,0.002977033,0.029493943,0.005146318,0.27190197,0.039682303,0.8155938,0.0059535396,0.03705249,0.00715408,0.16507888,0.024327062,0.12817115,0.014974303,0.29997218,0.002977033,"TWOGAUSSIANS_WITH_ELLIPSOIDAL_ON_ECLIPSE1",9,6.132745,0.29997218,0.002977033,0.16516608,0.028819382,0.5282442,0.050225157,0.8155938,0.0059535396,0.20749395,0.04006285,0.4189594,0.02259308
375316653866487564,4150181341441376768,0.47202298,2223.822800860956,4.172184202702677,4.7593316E-5,19.194973,0.20760225,0.32948563,0.041486777,0.08309917,0.05774892,0.38628742,0.31315616,0.7946393,0.016601425,0.121878296,0.054229688,0.3479563,0.21128617,null,null,null,null,"TWOGAUSSIANS",8,5.481071,0.3296056,0.04128278,0.4,0.18602242,0.3629664,0.28706715,0.7946393,0.016601425,0.4,0.0,0.32437295,0.04090527
375316653866487564,4150181543275254016,0.65397507,2306.7035046157125,2.8327064736773617,6.3775674E-6,15.566646,0.030724522,0.31371924,0.020533936,0.062784426,0.01711194,0.29996902,0.15058897,0.7987455,0.0016370947,0.05514241,0.010722665,0.2132172,0.05815369,0.081888326,0.032800592,0.7987455,0.0016370947,"TWOGAUSSIANS_WITH_ELLIPSOIDAL_ON_ECLIPSE2",9,22.658,0.31154925,0.017535055,0.35159278,0.07623263,0.46245962,0.13531402,0.7987455,0.0016370947,0.3087975,0.060046922,0.37694457,0.0122838225
375316653866487564,4150182475311563520,0.49963343,2261.415115979722,2.3319396122933465,5.458139E-5,19.418205,0.0138800265,0.19566855,0.009764676,0.079436965,0.0140797775,0.43528715,0.06412194,0.6828384,0.010971012,0.063750096,0.013979547,0.4849012,0.050944008,null,null,null,null,"TWOGAUSSIANS",8,7.975874,0.6828384,0.010971012,0.35700053,0.07828546,0.48341468,0.051945057,0.19566855,0.009764676,0.4,0.0,0.43380064,0.06543129
375316653866487564,4150182750189653888,0.5042196,2253.9668332880024,3.0922672925160235,2.3086208E-5,19.20157,0.48537046,0.27987573,0.0136288935,0.11056703,0.057187993,0.4017301,0.45300987,0.797953,0.007712632,0.119206145,0.06252245,0.3340767,0.46955112,null,null,null,null,"TWOGAUSSIANS",8,2.9625137,0.27980572,0.012788373,0.4,0.0,0.3445346,0.05618539,0.797993,0.007551984,0.4,0.0,0.27679732,0.035385992
375316653866487564,4150183334305253632,0.5755158,2243.9600353575183,1.9431849788464797,1.7307706E-5,19.209776,0.01542096,0.22608173,0.005066226,0.07192462,0.0077012856,0.6042504,0.054094058,0.721738,0.0012575235,0.06706931,0.002800166,0.5927459,0.019318527,null,null,null,null,"TWOGAUSSIANS",8,3.0884373,0.22608173,0.005066226,0.4,0.028262109,0.6025946,0.054848023,0.721738,0.0012575235,0.3755881,0.01568093,0.5910902,0.018881122
375316653866487564,4150183884060774784,0.46087325,2270.1691650319663,4.106021788731006,7.376105E-5,19.490206,0.039481815,0.50655144,0.027695108,0.16442634,0.047183488,0.23570362,0.032525968,0.8904999,0.02413363,0.07058214,0.022286508,0.13841209,0.072531015,null,null,null,null,"TWOGAUSSIANS",8,2.9942586,0.50655144,0.027695108,0.4,0.0,0.22330406,0.02931293,0.8904999,0.02413363,0.39525998,0.111160666,0.14165287,0.07463524
375316653866487564,4150183952795369728,0.5194562,2296.947294368962,1.3624015295720042,6.1354505E-5,17.415367,0.0032221589,0.2508798,0.013618913,0.052735053,0.015185183,0.09559492,0.017986786,0.7493621,0.0065631373,0.06863954,0.0060289996,0.17566776,0.0068411804,null,null,null,null,"TWOGAUSSIANS",8,4.917914,0.7493621,0.0065631373,0.38438144,0.0337624,0.17561534,0.0068365023,0.2508798,0.013618913,0.29531628,0.08503702,0.09554249,0.018053055
375316653866487564,4150186800315595648,0.5582041,2279.6329989024584,2.180069005391717,2.1820402E-5,17.643354,0.057387985,0.27464983,0.008207532,0.11654463,0.03191855,0.22277884,0.05253305,0.7797719,0.00406155,0.110050716,0.020090181,0.2207105,0.055633243,null,null,null,null,"TWOGAUSSIANS",8,2.9688764,0.27463984,0.008211428,0.4,0.0,0.18583827,0.009086299,0.77979195,0.0040499107,0.4,0.0,0.18380074,0.008571087
375316653866487564,4150187148251252096,0.5677091,2242.865497333952,2.4210856376741785,3.031016E-5,18.67175,0.0263469,0.2632233,0.004222244,0.08232152,0.015317693,0.34277138,0.056529216,0.76901627,0.004343443,0.08186027,0.0071630306,0.3972775,0.029444264,null,null,null,null,"TWOGAUSSIANS",8,4.166486,0.76901627,0.004343443,0.4,0.0,0.39086583,0.02227341,0.2632233,0.004222244,0.4,0.0,0.33635974,0.061202034
375316653866487564,4150188793180550400,0.5151156,2235.2232302727703,1.5839589653331247,1.3211732E-5,19.133312,0.032241646,0.29711804,0.0032308234,0.1172083,0.02282263,0.19150834,0.023723932,0.8076757,0.004435594,0.100162014,0.01121289,0.22639428,0.032554343,null,null,null,null,"TWOGAUSSIANS",8,0.99176353,0.8077057,0.0044224574,0.4,0.0,0.2003689,0.01403814,0.29711804,0.0032344484,0.4,0.0,0.16543911,0.01713163
375316653866487564,4150189038022371456,0.5314077,2235.551765697778,2.343392922213293,1.247056E-5,19.143898,0.017525904,0.1663636,0.002703629,0.07946796,0.005248991,0.49792147,0.028093787,0.66007406,0.005452241,0.078343675,0.017389543,0.49831232,0.28039074,null,null,null,null,"TWOGAUSSIANS",8,3.6287234,0.66007406,0.005452241,0.4,0.0542304,0.4925128,0.28420356,0.1663636,0.002703629,0.4,0.0,0.49212193,0.028393393
375316653866487564,4150189858336151552,0.5221001,2285.2933491194,2.243534151385828,1.4652709E-5,18.910473,0.052779168,0.21526246,0.0045931945,0.11269368,0.017446522,0.2605018,0.05418699,0.71181214,0.013528951,0.10295731,0.025155561,0.2390509,0.055917516,null,null,null,null,"TWOGAUSSIANS",8,1.3887213,0.21526246,0.0045754327,0.4,0.0,0.22776388,0.015193766,0.71181214,0.013574418,0.4,0.0,0.20633723,0.021728495
375316653866487564,4150189897015959808,0.5374488,2252.5949157819246,2.0398656167437306,2.3438108E-5,19.342653,0.07635252,0.2515912,0.0061948947,0.098517925,0.018764485,0.34268072,0.07140698,0.7502974,0.0067697745,0.123587556,0.032449372,0.2617095,0.07024152,null,null,null,null,"TWOGAUSSIANS",8,1.0820717,0.2516012,0.006211025,0.4,0.0,0.29725736,0.013583468,0.7502974,0.0067697745,0.4,0.0,0.2161417,0.012447469
375316653866487564,4150190584225239808,0.5910521,2235.153973053077,2.013778693827666,6.936416E-6,15.644319,0.00931709,0.26498312,0.0017364116,0.07969182,0.0030423016,0.3076326,0.008793269,0.7646145,0.0033230511,0.0860096,0.006861153,0.21732533,0.012409021,null,null,null,null,"TWOGAUSSIANS",8,29.356184,0.26498312,0.0017364116,0.4,0.0,0.30227286,0.0071302378,0.7646145,0.0033230511,0.4,0.0,0.21196558,0.012254826
375316653866487564,4150191202686722944,0.5223306,2252.6839813126985,2.508280442923211,1.5040475E-5,19.568913,0.049955457,0.35228688,0.0057537863,0.09286848,0.00962845,0.47194797,0.05519384,0.84298813,0.005596578,0.120666064,0.016753651,0.39545897,0.045829576,null,null,null,null,"TWOGAUSSIANS",8,1.7623386,0.3523169,0.005744662,0.4,0.0,0.42307934,0.027375262,0.84298813,0.005596578,0.4,0.0,0.34643593,0.019546784
375316653866487564,4150192675826555520,0.5854088,2276.7693068760655,2.4657406576697545,5.807023E-6,17.03456,0.0078018797,0.19395988,0.0030459096,0.0895514,0.005637573,0.22903606,0.009947793,0.6974533,0.0035172617,0.0896978,0.0047090724,0.2370334,0.0076776873,null,null,null,null,"TWOGAUSSIANS",8,5.308096,0.6974533,0.0035172617,0.4,0.0,0.22801472,0.0050311256,0.19395988,0.0030459096,0.4,0.0,0.2200174,0.011052172
375316653866487564,4150193023752703872,0.47340515,2222.1652267339664,2.506672555307071,4.492346E-5,19.77313,0.013243467,0.21628411,0.020358058,0.09817307,0.011050513,0.24966718,0.025044072,0.679026,0.010695529,0.050759252,0.007970932,0.21689323,0.029476564,null,null,null,null,"TWOGAUSSIANS",8,2.0453215,0.21628411,0.020358058,0.4,0.0,0.2489936,0.024864536,0.679026,0.010695529,0.2842518,0.044637218,0.21622348,0.029370707
375316653866487564,4150193225583130496,0.5779321,2293.593047334552,1.8313684831700412,1.6196578E-5,18.092644,0.08297671,0.24854657,0.0052871727,0.11486941,0.026276954,0.290322,0.07951041,0.748818,0.0026867278,0.12660573,0.02761162,0.22777922,0.08118969,null,null,null,null,"TWOGAUSSIANS",8,1.0490634,0.24854657,0.0053256517,0.4,0.0,0.23104493,0.0069596064,0.748818,0.002690669,0.4,0.0,0.16835983,0.005052636
375316653866487564,4150194088918582144,0.46055835,2267.7706539628884,1.7330251452307586,2.3541033E-5,17.815447,0.009958624,0.11687227,0.00945825,0.0765851,0.01046114,0.12772182,0.014240132,0.5916178,0.0637508,0.082011916,0.0886547,0.041392554,0.012864432,null,null,null,null,"TWOGAUSSIANS",8,4.719398,0.11687227,0.009013266,0.4,0.0,0.12714039,0.013030276,0.5916178,0.0637508,0.4,0.031105699,0.04081112,0.013382274
375316653866487564,4150194191997797504,0.6005113,2256.0988164940154,0.7096135752447048,1.0486691E-5,16.828394,0.020111397,0.18202458,0.009344136,0.09405384,0.013913858,0.28158513,0.021262396,0.66456395,0.0039384686,0.08539659,0.0067712986,0.3531286,0.020325556,null,null,null,null,"TWOGAUSSIANS",8,8.471179,0.66456395,0.0039384686,0.4,0.0,0.34334347,0.0123357605,0.18202458,0.009344136,0.4,0.0,0.27179942,0.016539266
375316653866487564,4150194226345755648,0.4908892,2255.6286086825853,2.8282090126089643,8.109559E-5,19.81077,0.035401437,0.2445607,0.018463198,0.07382515,0.021360537,0.41400084,0.11419097,0.72393155,0.016657451,0.072005205,0.022996467,0.38159174,0.033712525,null,null,null,null,"TWOGAUSSIANS",8,3.1795466,0.2445607,0.018463198,0.4,0.07470378,0.41264287,0.1138092,0.72393155,0.016657451,0.4,0.03215437,0.38023373,0.030813022
375316653866487564,4150195463308274816,0.53190213,2254.3730829907763,2.7490352497394372,2.4188503E-5,16.602034,0.013675774,0.27766967,0.02633366,0.065268226,0.022448063,0.39295393,0.023394397,0.76493114,0.004511576,0.078488454,0.008000387,0.31746382,0.02399571,null,null,null,null,"TWOGAUSSIANS",8,37.659824,0.27766967,0.02633366,0.36550206,0.061353,0.39175192,0.026488796,0.76493114,0.004511576,0.4,0.0,0.3162618,0.023365954
375316653866487564,4150195497668033536,0.4230539,2225.182288294128,1.1764437912006074,3.4053297E-5,15.230078,0.0045822505,null,null,null,null,null,null,null,null,null,null,null,null,0.057095602,0.0073382715,0.16812132,0.008640283,"ELLIPSOIDAL",4,191.1102,null,null,null,null,null,null,null,null,null,null,null,null
375316653866487564,4150195566387478656,0.59047157,2238.0898886223677,3.257035508826028,2.2176457E-5,17.223757,0.013667367,0.28666362,0.0054330616,0.044039793,0.013096784,0.28417477,0.057327993,0.780992,0.00884313,0.0412457,0.02078181,0.3266917,2.3444965,0.11043205,0.02231002,0.28666362,0.0054330616,"TWOGAUSSIANS_WITH_ELLIPSOIDAL_ON_ECLIPSE1",9,17.296385,0.781462,0.008301988,0.23097593,0.11637813,0.54729855,2.351939,0.28666362,0.0054330616,0.24662285,0.073341995,0.5050387,0.055051163
375316653866487564,4150195630764335616,0.5112908,2236.4877581225664,1.9008472978233173,3.0685438E-5,19.284613,0.027449207,0.19203913,0.022201797,0.11526694,0.043917246,0.11087704,0.024155023,0.70084226,0.008458991,0.08380241,0.0141098155,0.17036514,0.02831369,null,null,null,null,"TWOGAUSSIANS",8,0.8980993,0.7008523,0.008487993,0.4,0.0,0.16049458,0.014805833,0.19203913,0.022201797,0.4,0.0,0.10098734,0.017508669
375316653866487564,4150197421813340032,0.59281063,2279.752972347662,3.4628388896333835,5.207332E-6,16.38425,0.0095157,0.18932688,0.0021868784,0.072371736,0.0029682158,0.5596696,0.023484249,0.69561255,0.0012857312,0.07114928,0.0023136726,0.6122156,0.027880678,null,null,null,null,"TWOGAUSSIANS",8,30.8568,0.69561255,0.0012857312,0.39843595,0.009545817,0.6098927,0.027988391,0.18932688,0.0021868784,0.4,0.0032582248,0.5573467,0.02375477
375316653866487564,4150197932866927616,0.5079252,2206.739269552197,2.7467755618623833,3.2307795E-5,19.29648,0.027841937,0.31454244,0.0066444566,0.08818137,0.011931281,0.23190878,0.022434251,0.80614066,0.012028567,0.10404307,0.021402644,0.2609956,0.0315021,null,null,null,null,"TWOGAUSSIANS",8,1.9172767,0.80614066,0.012028567,0.4,0.0,0.24607961,0.033409473,0.31454244,0.006639561,0.4,0.0,0.21699816,0.014155069
375316653866487564,4150197971556458240,0.5367194,2284.647076161616,2.44545129678534,1.3827332E-5,18.833204,0.04100375,0.2662553,0.012659851,0.08501537,0.013542064,0.377205,0.061848562,0.7587249,0.005164864,0.08304179,0.015141676,0.3870569,0.07774268,null,null,null,null,"TWOGAUSSIANS",8,4.5822186,0.7587249,0.005164864,0.4,0.0,0.37906483,0.0797914,0.2662553,0.012659851,0.4,0.0,0.36921296,0.05441953
375316653866487564,4150198418245897472,0.56381726,2244.0040792281943,2.336469902754702,1.6844415E-5,16.036057,0.024742885,0.24886301,0.0146780955,0.03455857,0.019678418,0.25823244,0.51802605,0.73887277,0.005476482,0.041515466,0.033768423,0.15605368,0.10844297,0.15167852,0.032469217,0.73887277,0.005476482,"TWOGAUSSIANS_WITH_ELLIPSOIDAL_ON_ECLIPSE2",9,177.63217,0.24787301,0.013162141,0.19352798,0.11019914,0.5605143,0.52095157,0.73887277,0.005476482,0.23248662,0.18910317,0.45941055,0.11072079
375316653866487564,4150198482622822528,0.5033489,2268.6874604394106,2.158077471990237,2.5807076E-5,17.702188,0.008865349,0.21097526,0.0011090838,0.03865606,0.0022379616,0.37499753,0.032344352,0.7281201,0.007984392,0.048771378,0.012034415,0.2120701,0.046086367,null,null,null,null,"TWOGAUSSIANS",8,14.750797,0.21097526,0.0011090838,0.21647394,0.012532585,0.37499753,0.032344334,0.7281201,0.007984392,0.27311972,0.06739272,0.21207008,0.04608652
375316653866487564,4150198791860524544,0.5071043,2287.073804933521,0.9116426257450828,5.625513E-5,18.270344,0.008483656,0.2669297,0.0072919345,0.06404059,0.023717338,0.2448998,0.1179997,0.73691064,0.020272227,0.062262464,0.042784642,0.1030603,34.71784,null,null,null,null,"TWOGAUSSIANS",8,3.8052087,0.2669297,0.0072919345,0.3586273,0.047538377,0.24485208,0.11857614,0.73691064,0.020272227,0.3486698,0.23514251,0.103012584,34.717915
375316653866487564,4150198830550225280,0.58521044,2262.716629154279,1.1311702143536968,1.897504E-5,19.243383,0.011094712,0.30437317,0.013975,0.049227662,0.008972546,0.5637665,0.13876948,0.740225,0.024393499,0.0840995,0.015620058,0.13071503,0.035574228,null,null,null,null,"TWOGAUSSIANS",8,2.1740685,0.30437317,0.013975,0.2756749,0.050246257,0.563712,0.13873202,0.740225,0.024393499,0.4,0.0,0.1306604,0.035551786
375316653866487564,4150198894939781120,0.48842737,2269.950184105931,1.6452071619184172,3.9683353E-5,17.773478,0.027248401,0.18212283,0.005624629,0.099019565,0.024865428,0.1055392,0.021266172,0.68006694,0.04647128,0.12067596,0.078602985,0.05414216,0.031760618,null,null,null,null,"TWOGAUSSIANS",8,2.7064152,0.18212283,0.005629022,0.4,0.0,0.09509353,0.008124183,0.68006694,0.04647128,0.4,0.04714774,0.04367679,0.031835888
