Gaia/vari_eclipsing_binary/VariEclipsingBinary_392137-392372.csv
# %ECSV 1.0
# ---
# delimiter: ','
# meta: !!omap
# - RELEASE: Gaia DR3
# - TABLE: vari_eclipsing_binary
# - DESCRIPTION: >
#     This table describes the properties of the eclipsing binaries resulting from the variability analysis. 
# - CITATION: >
#     How to cite and acknowledge Gaia: 
#     https://gea.esac.esa.int/archive/documentation/credits.html 
# - KNOWN_ISSUES: >
#     Known issues: 
#     https://www.cosmos.esa.int/web/gaia-users/known-issues 
# - DOCUMENTATION: >
#     Tutorials and documentation: 
#     https://www.cosmos.esa.int/web/gaia-users/archive 
# datatype:
# - 
#   name: solution_id
#   datatype: int64
#   description: Solution Identifier
#   meta:
#     ucd: meta.version
# - 
#   name: source_id
#   datatype: int64
#   description: Unique source identifier
#   meta:
#     ucd: meta.id;meta.main
# - 
#   name: global_ranking
#   datatype: float32
#   description: Number between 0 (worst) and 1 (best)
#   meta:
#     ucd: stat.param
# - 
#   name: reference_time
#   datatype: float64
#   unit: d
#   description: Reference time used for the geometric model fit
#   meta:
#     ucd: time.epoch
# - 
#   name: frequency
#   datatype: float64
#   unit: d**-1
#   description: Frequency of geometric model of the eclipsing binary light curve
#   meta:
#     ucd: src.orbital
# - 
#   name: frequency_error
#   datatype: float32
#   unit: d**-1
#   description: "Uncertainty of \\texttt{frequency}"
#   meta:
#     ucd: stat.error
# - 
#   name: geom_model_reference_level
#   datatype: float32
#   unit: mag
#   description: Magnitude reference level of geometric model
#   meta:
#     ucd: phot.mag;em.opt
# - 
#   name: geom_model_reference_level_error
#   datatype: float32
#   unit: mag
#   description: "Uncertainty of \\texttt{geomModelReferenceLevel}"
#   meta:
#     ucd: stat.error;phot.mag;em.opt
# - 
#   name: geom_model_gaussian1_phase
#   datatype: float32
#   description: Phase of the Gaussian 1 component
#   meta:
#     ucd: time.phase
# - 
#   name: geom_model_gaussian1_phase_error
#   datatype: float32
#   description: "Uncertainty of \\texttt{geomModelGaussian1Phase}"
#   meta:
#     ucd: stat.error;time.phase
# - 
#   name: geom_model_gaussian1_sigma
#   datatype: float32
#   description: "Standard deviation [phase] of Gaussian 1 component"
#   meta:
#     ucd: stat.stdev
# - 
#   name: geom_model_gaussian1_sigma_error
#   datatype: float32
#   description: "Uncertainty of \\texttt{geomModelGaussian1Sigma}"
#   meta:
#     ucd: stat.error
# - 
#   name: geom_model_gaussian1_depth
#   datatype: float32
#   unit: mag
#   description: Magnitude depth of Gaussian 1 component
#   meta:
#     ucd: src.var.amplitude
# - 
#   name: geom_model_gaussian1_depth_error
#   datatype: float32
#   unit: mag
#   description: "Uncertainty of \\texttt{geomModelGaussian1Depth}"
#   meta:
#     ucd: stat.error;src.var.amplitude
# - 
#   name: geom_model_gaussian2_phase
#   datatype: float32
#   description: Phase of Gaussian 2 component
#   meta:
#     ucd: time.phase
# - 
#   name: geom_model_gaussian2_phase_error
#   datatype: float32
#   description: "Uncertainty of \\texttt{geomModelGaussian2Phase}"
#   meta:
#     ucd: stat.error;time.phase
# - 
#   name: geom_model_gaussian2_sigma
#   datatype: float32
[...]
#   datatype: float32
#   description: "Secondary eclipse: uncertainty of \\texttt{derivedSecondaryEclDuration}"
#   meta:
#     ucd: stat.error;time.duration
# - 
#   name: derived_secondary_ecl_depth
#   datatype: float32
#   unit: mag
#   description: "Secondary eclipse: depth"
#   meta:
#     ucd: src.var.amplitude
# - 
#   name: derived_secondary_ecl_depth_error
#   datatype: float32
#   unit: mag
#   description: "Secondary eclipse: uncertainty of \\texttt{derivedSecondaryEclDepth}"
#   meta:
#     ucd: stat.error;src.var.amplitude
solution_id,source_id,global_ranking,reference_time,frequency,frequency_error,geom_model_reference_level,geom_model_reference_level_error,geom_model_gaussian1_phase,geom_model_gaussian1_phase_error,geom_model_gaussian1_sigma,geom_model_gaussian1_sigma_error,geom_model_gaussian1_depth,geom_model_gaussian1_depth_error,geom_model_gaussian2_phase,geom_model_gaussian2_phase_error,geom_model_gaussian2_sigma,geom_model_gaussian2_sigma_error,geom_model_gaussian2_depth,geom_model_gaussian2_depth_error,geom_model_cosine_half_period_amplitude,geom_model_cosine_half_period_amplitude_error,geom_model_cosine_half_period_phase,geom_model_cosine_half_period_phase_error,model_type,num_model_parameters,reduced_chi2,derived_primary_ecl_phase,derived_primary_ecl_phase_error,derived_primary_ecl_duration,derived_primary_ecl_duration_error,derived_primary_ecl_depth,derived_primary_ecl_depth_error,derived_secondary_ecl_phase,derived_secondary_ecl_phase_error,derived_secondary_ecl_duration,derived_secondary_ecl_duration_error,derived_secondary_ecl_depth,derived_secondary_ecl_depth_error
[from data line 473]
375316653866487564,3450282949846672256,0.5004317,2380.150223187364,1.9903654663456298,1.593032E-5,19.746756,0.011340785,0.2667471,0.006185506,0.07780629,0.009244681,0.24709383,0.030914333,0.77486515,0.0112567,0.06862029,0.014072318,0.23800899,0.044139933,null,null,null,null,"TWOGAUSSIANS",8,1.1702468,0.2667471,0.006185506,0.4,0.0,0.24591741,0.031402122,0.77486515,0.0112567,0.38427362,0.073411904,0.23683257,0.045376405
375316653866487564,3450283121645415040,0.5370499,2346.5126643988497,4.485974947519789,9.1206406E-5,18.159332,0.005246877,0.45547912,0.006543465,0.036263414,0.0059736366,0.59119576,0.068996124,0.26917917,1.3777977E-5,0.008021102,2.5888058E-4,0.36806428,0.0031318474,null,null,null,null,"TWOGAUSSIANS",8,12.388349,0.45547912,0.006543465,0.20307513,0.033452366,0.59119576,0.068996124,0.26917917,1.3777977E-5,0.044918176,0.0014497312,0.3680654,0.0031298292
375316653866487564,3450287622768603392,0.534689,2394.0851712357085,2.9113132985902843,2.509484E-5,19.022675,0.01914164,0.24240442,0.016633721,0.072511375,0.017178029,0.35172164,0.040308286,0.73656136,0.0037990708,0.07623854,0.005814431,0.45298865,0.022841202,null,null,null,null,"TWOGAUSSIANS",8,5.351149,0.73656136,0.0037990708,0.4,0.0,0.45052215,0.020813951,0.24240442,0.016633721,0.4,0.020645037,0.34925514,0.03913655
375316653866487564,3450290474628416896,0.52160335,2389.9006934013014,2.7190869585334116,1.3692741E-5,18.978075,0.011235919,0.25484774,0.006198943,0.06955428,0.007276819,0.41812766,0.03582814,0.77029955,0.0055994345,0.07718532,0.00524806,0.4099621,0.025680387,null,null,null,null,"TWOGAUSSIANS",8,4.796732,0.25484774,0.006198943,0.38950396,0.028605236,0.4163987,0.03624327,0.77029955,0.0055994345,0.4,0.0,0.4082331,0.02561003
375316653866487564,3450291161823183360,0.52945817,2391.24623469985,0.030148608799615915,1.669451E-5,19.739332,0.004544729,0.27861628,0.005144683,0.030118413,0.0055153677,0.8782305,0.33597004,0.70270294,0.0056797317,0.0722013,0.004824414,0.27685085,0.006575645,null,null,null,null,"TWOGAUSSIANS",8,1.2453874,0.27861628,0.005144683,0.16866311,0.03088606,0.8782304,0.33597052,0.70270294,0.0056797317,0.4,0.011897163,0.27685076,0.006575613
375316653866487564,3450294327212325760,0.43923232,2386.162194167569,2.2546172394061865,5.2958745E-5,15.765258,0.008043078,0.56184936,0.014383165,0.094623156,0.02098924,0.13515203,0.01739326,0.8735886,0.009799955,0.014184076,0.0029528257,0.06679247,0.040282078,null,null,null,null,"TWOGAUSSIANS",8,194.99681,0.56184936,0.014383165,0.4,0.0,0.13515179,0.017394261,0.8735886,0.009799955,0.079430826,0.016535824,0.06738641,0.04059696
375316653866487564,3450294632155950720,0.45810553,2404.835744978364,2.8496717855198685,3.7646358E-5,18.209095,0.054398224,0.2342552,0.0076722233,0.11541456,0.034105543,0.11257324,0.05017451,0.7256024,0.013297766,0.13005537,0.03930568,0.11716631,0.052326925,null,null,null,null,"TWOGAUSSIANS",8,3.9808044,0.7256024,0.013297766,0.4,0.0,0.09037016,0.007644815,0.23437521,0.007643402,0.4,0.0,0.085906364,0.015038705
375316653866487564,3450295594233903616,0.43801472,2392.2951133637002,4.480342101472273,5.265371E-5,19.208977,0.027562227,0.1999411,0.012139219,0.078024715,0.023765214,0.13474032,0.024041608,0.7186416,0.024496306,0.111782916,0.046779327,0.13497403,0.022939486,null,null,null,null,"TWOGAUSSIANS",8,4.665646,0.7186416,0.024496306,0.4,0.0,0.12864417,0.021252472,0.19992109,0.012138022,0.4,0.05561072,0.12842603,0.017548518
375316653866487564,3450295735963264000,0.42023742,2427.3913288103727,0.9871379876583033,1.3433577E-5,11.855887,0.12443874,0.29855692,0.0036257606,0.13650736,0.040066652,0.07486998,0.09699014,0.8057165,0.006183829,0.1476787,0.088305436,0.06949176,0.12128143,null,null,null,null,"TWOGAUSSIANS",8,7.144778,0.29814693,0.0029812849,0.4,0.0,0.046082612,0.001310794,0.8060065,0.00576645,0.4,0.0,0.040434033,0.0034742684
375316653866487564,3450298274286952064,0.5067392,2437.162759905391,0.08981989178786054,1.0021228E-4,19.523695,0.01147478,0.45355096,0.029242516,0.074229315,0.05719016,0.8567502,0.83107406,0.8234497,0.010129357,0.03729865,0.025725791,0.09295898,0.04284768,null,null,null,null,"TWOGAUSSIANS",8,1.3598956,0.45355096,0.029242516,0.4,0.026767435,0.85675013,0.83119917,0.8234497,0.010129357,0.20887244,0.14406443,0.09296236,0.043094195
375316653866487564,3450301675907442432,0.608274,2436.918384004593,0.13314237179221988,2.6458592E-5,17.692266,0.0012822038,0.61703813,0.0057190955,0.0142925605,0.004116022,0.36652273,0.6275828,0.2260776,0.016634371,0.024696749,0.0069021466,0.074076995,0.0836438,null,null,null,null,"TWOGAUSSIANS",8,1.4978979,0.61703813,0.0057190955,0.08003834,0.023049723,0.36652273,0.6275828,0.2260776,0.016634371,0.13830179,0.03865202,0.074076995,0.0836438
375316653866487564,3450301851996678400,0.6247131,2407.703290658358,3.721590183141211,8.814856E-6,16.499163,0.012159541,0.23873153,0.003380635,0.053073607,0.0034470896,0.40409413,0.030809142,0.7441697,0.002052469,0.046628267,0.003884634,0.37828147,0.033304337,0.107547745,0.015654106,0.7441697,0.002052469,"TWOGAUSSIANS_WITH_ELLIPSOIDAL_ON_ECLIPSE2",9,26.106089,0.23931153,0.0030169222,0.29721218,0.019303702,0.6189603,0.016135873,0.7441697,0.002052469,0.2611183,0.02175395,0.5933722,0.025651718
375316653866487564,3450302431815217024,0.59378564,2439.873371799777,0.5266303480885786,4.172104E-5,16.631912,0.001808073,0.3820741,0.021958612,0.015228222,0.011824106,0.7313649,484431.06,0.6809536,0.013343803,0.029618982,0.010267056,0.037603877,0.033271294,0.0054413774,0.0033953139,0.3820741,0.021958612,"TWOGAUSSIANS_WITH_ELLIPSOIDAL_ON_ECLIPSE1",9,6.2941194,0.3820741,0.021958612,0.08527804,0.06621499,0.7422477,484431.06,0.6818936,0.013898457,0.1658663,0.057495512,0.03861691,0.033107683
375316653866487564,3450304768278908544,0.510048,2379.63079563505,4.441240195468398,5.3889922E-5,18.905361,0.002639097,0.24612936,0.007865168,0.030767268,0.024386195,0.39870125,3.4523835E20,0.5940016,9.0937014E-4,0.024251256,0.0013149602,0.21415356,0.004621526,null,null,null,null,"TWOGAUSSIANS",8,0.7975482,0.24612936,0.007865168,0.17229669,0.13656269,0.39870125,3.4523835E20,0.5940016,9.0937014E-4,0.13580702,0.0073637767,0.21415356,0.004621526
375316653866487564,3450306932942684672,0.51288,2419.6273456791246,2.78653977865592,2.303877E-5,19.459076,0.008031126,0.21565196,0.0054065487,0.050748296,0.013088915,0.31171435,0.10890387,0.71489394,0.0040650256,0.055134848,0.0048903916,0.31896222,0.026386298,null,null,null,null,"TWOGAUSSIANS",8,1.9833343,0.71489394,0.0040650256,0.30875516,0.027386192,0.31895342,0.026382264,0.21565196,0.0054065487,0.28419045,0.073297925,0.31170556,0.108968906
375316653866487564,3450311296629360256,0.6647445,2381.2532596165497,3.3741438661666847,4.2462E-6,17.137491,0.00524504,0.26174474,6.408353E-4,0.046200838,0.001961728,0.23650156,0.0113391215,0.75864327,0.0020421357,0.05022084,0.002758719,0.30818826,0.0125595275,0.11334972,0.006475474,0.26174474,6.408353E-4,"TWOGAUSSIANS_WITH_ELLIPSOIDAL_ON_ECLIPSE1",9,3.9503062,0.7590433,0.0017693166,0.2812367,0.015448827,0.53481096,0.008938375,0.26174474,6.408353E-4,0.2587247,0.010985678,0.46319935,0.0051059495
375316653866487564,3450312189980878976,0.4461456,2430.6527873810946,0.1658715383380724,1.2491006E-4,19.22355,0.0060337037,0.25943968,0.015332965,0.059059296,0.010126923,0.15958288,0.02419708,0.77754265,0.0075465306,0.063391894,0.008654848,0.15643397,0.028026508,null,null,null,null,"TWOGAUSSIANS",8,4.0953283,0.25943968,0.015332965,0.33073205,0.05671077,0.15954196,0.024195613,0.77754265,0.0075465306,0.35499462,0.048467148,0.15639304,0.02809021
375316653866487564,3450312877177282048,0.5320048,2410.095822070739,4.669067708028498,7.778145E-6,18.378885,0.0027161692,0.113281846,0.008766351,0.035595573,0.0061735786,0.16819103,0.06924673,0.5827213,0.0021224685,0.031557318,0.0017284311,0.33310047,0.017304257,null,null,null,null,"TWOGAUSSIANS",8,1.8542638,0.5827213,0.0021224685,0.17672098,0.009679214,0.33310047,0.017304257,0.113281846,0.008766351,0.19933522,0.03457204,0.16819103,0.06924673
375316653866487564,3450317137784896256,0.4824142,2373.2834132983776,3.414881094796249,5.364473E-5,19.023619,0.51390284,0.26413903,0.008500358,0.12486415,0.07783017,0.36696786,0.48325235,0.7665714,0.013614021,0.13255697,0.070165,0.4086857,0.4901353,null,null,null,null,"TWOGAUSSIANS",8,6.749263,0.7665914,0.013604616,0.4,0.0,0.29350847,0.019736236,0.26408902,0.008741794,0.4,0.0,0.25221464,0.03134867
375316653866487564,3450319100585303808,0.49822694,2390.1365653754006,2.4986204374910863,1.9098889E-5,17.204966,0.03505036,0.29733795,0.010965547,0.111863635,0.023193879,0.2576376,0.029253513,0.7898462,0.0043245438,0.09667927,0.013267615,0.2687765,0.03136395,null,null,null,null,"TWOGAUSSIANS",8,16.711689,0.7898462,0.0043245438,0.4,0.0,0.24169426,0.012403821,0.29733795,0.010965547,0.4,0.0,0.23053159,0.022741193
375316653866487564,3450319542966626432,0.6015936,2416.5145278185873,1.4933633880896584,1.8185707E-5,17.006807,0.004142789,0.24762252,0.0040236595,0.076023065,0.0051604277,0.09131791,0.0040185903,0.7548913,0.0046663387,0.06431273,0.0033961441,0.2646702,0.012733954,null,null,null,null,"TWOGAUSSIANS",8,3.6245034,0.7548913,0.0046663387,0.3601513,0.019018406,0.26424563,0.012702726,0.24762252,0.0040236595,0.4,0.0,0.09089335,0.003809198
375316653866487564,3450324941742147840,0.58981884,2302.795856192678,3.6887165858253734,7.663464E-6,15.196762,0.012478225,0.12903187,0.005547176,0.0955575,0.0067976434,0.26904267,0.014298176,0.6304993,0.002294178,0.09122365,0.0041145147,0.3040721,0.012631572,null,null,null,null,"TWOGAUSSIANS",8,46.381638,0.6304993,0.002294178,0.4,0.0,0.2885403,0.008519869,0.12903187,0.005547176,0.4,0.0,0.25351042,0.009929869
375316653866487564,3450327102109405952,0.49729228,2302.56552215125,3.9115271228337343,5.912822E-5,19.66759,0.04948274,0.316479,0.017225666,0.11793813,0.04282196,0.22843505,0.04059446,0.8236603,0.0072119734,0.0776353,0.015812071,0.2933544,0.04965497,null,null,null,null,"TWOGAUSSIANS",8,1.7887081,0.8236703,0.0072524687,0.4,0.008504001,0.27645746,0.032427058,0.316479,0.017225666,0.4,0.0,0.21147917,0.032823067
375316653866487564,3450332088565167616,0.58390224,2301.399865053087,3.1176236300549007,1.0010985E-5,18.519232,0.010105892,0.2758091,0.0028757583,0.06564063,0.0062301187,0.5820877,0.080045044,0.77080816,0.003696133,0.066182494,0.006711821,0.52965164,0.043206442,null,null,null,null,"TWOGAUSSIANS",8,3.2197647,0.2758091,0.0028757583,0.36758754,0.033251744,0.5813654,0.08065461,0.77080816,0.003696133,0.37062195,0.037586197,0.52892935,0.0437782
375316653866487564,3450332118631400704,0.56595725,2269.6589811675644,2.1912221105760996,9.084908E-6,18.006191,0.012893115,0.3201717,0.0063597686,0.079112135,0.0078236805,0.2921709,0.014130237,0.8281401,0.008852097,0.0972849,0.012918474,0.160006,0.013374437,null,null,null,null,"TWOGAUSSIANS",8,2.841768,0.3201717,0.0063597686,0.4,0.0,0.2856451,0.009872492,0.8281401,0.008852097,0.4,0.0,0.15347956,0.010760755
375316653866487564,3450334283294901888,0.58678967,2323.9024880436737,1.6981461822646864,1.5570904E-5,16.983604,0.012287646,0.17660953,0.004555503,0.085176796,0.006292244,0.29710737,0.013218878,0.69916946,0.0026016464,0.07723725,0.006263961,0.19298357,0.012549649,null,null,null,null,"TWOGAUSSIANS",8,8.684613,0.17660953,0.004555503,0.4,0.0,0.29437992,0.011641532,0.69916946,0.0026016464,0.4,0.0,0.19025618,0.011608621
375316653866487564,3450335077864874368,0.44771212,2314.698948508045,1.9858908799036261,2.421358E-5,15.271595,0.07323521,0.2964298,0.018863784,0.08921697,0.033943683,0.32330668,0.06988969,0.80729324,0.008484617,0.1037922,0.024400711,0.3089177,0.0717791,null,null,null,null,"TWOGAUSSIANS",8,112.7599,0.2964298,0.018865732,0.4,0.0,0.30438286,0.05136795,0.80729324,0.008489375,0.4,0.0,0.28998765,0.03783055
375316653866487564,3450336001281950464,0.45710588,2284.931146992417,4.688452439835324,4.4795208E-5,18.828417,0.013455799,0.2587456,0.018865071,0.1319403,0.03668282,0.09086677,0.011020881,0.670678,0.0072721555,0.059071545,0.007399493,0.11977486,0.014158751,null,null,null,null,"TWOGAUSSIANS",8,2.066452,0.670678,0.0072721555,0.33080065,0.04143716,0.11888738,0.012564845,0.2587456,0.018865071,0.4,0.0,0.08928025,0.009955418
375316653866487564,3450336310519639552,0.5352248,2315.160563161629,3.0578778668886097,2.0607673E-5,18.795147,0.01818689,0.2554883,0.010954635,0.1018737,0.011011045,0.28340948,0.032383204,0.77701455,0.01057704,0.08327732,0.012244599,0.21065742,0.01966229,null,null,null,null,"TWOGAUSSIANS",8,2.831483,0.2554883,0.010954635,0.4,0.0,0.27406892,0.027903082,0.77702457,0.010580697,0.4,0.0,0.20132202,0.014685584
375316653866487564,3450341601919259008,0.55859125,2261.1955134151326,1.8569987426827346,1.3511248E-5,17.638006,0.006579834,0.76475513,0.0026104988,0.011676812,0.002369495,2.0279922,1.2617359,null,null,null,null,null,null,null,null,null,null,"ONEGAUSSIAN",5,17.696592,0.76475513,0.0026104988,0.06539015,0.013269173,2.0279922,0.0,null,null,null,null,null,null
375316653866487564,3450345278411372544,0.49708688,2282.604327137271,0.8522944803487503,6.0518887E-5,19.50415,0.08108972,0.22180182,0.060245425,0.10137734,0.065003335,0.066319905,0.07144344,0.63356924,0.012047573,0.14853273,0.04525032,0.19357067,0.076491885,null,null,null,null,"TWOGAUSSIANS",8,1.1267675,0.63356924,0.012047573,0.4,0.0,0.17833425,0.014698816,0.23704182,0.057587985,0.4,0.008802475,0.05585727,0.018131243
375316653866487564,3450349504659399296,0.58587354,2259.8706966928385,2.8795953074263214,9.519143E-6,17.167393,0.007811708,0.2734368,0.0039734934,0.08395677,0.0042275526,0.3356254,0.011460197,0.7787704,0.0044945935,0.08666541,0.0045829383,0.3231584,0.010957921,null,null,null,null,"TWOGAUSSIANS",8,8.769592,0.2734368,0.0039734934,0.4,0.0,0.32742742,0.010694103,0.7787704,0.0044945935,0.4,0.0,0.3149604,0.009964881
375316653866487564,3450350780265266048,0.588538,2280.1503376100695,2.653399283476172,2.1763019E-5,10.187616,0.033471666,0.28483808,0.0073197386,0.09447366,0.01145649,0.39532733,0.03171422,0.79204595,0.0076455357,0.081127584,0.028849661,0.36868364,0.08386085,null,null,null,null,"TWOGAUSSIANS",8,157.2049,0.28483808,0.0073197386,0.4,0.0,0.3835497,0.020100418,0.79204595,0.0076455357,0.4,0.0,0.35690668,0.11285679
375316653866487564,3450352837554111488,0.68944865,2294.1693708118532,0.9850522857212498,5.2163373E-6,15.871016,0.0012094382,0.76078004,0.0013839628,0.059656277,0.0067989486,0.25650805,0.112688,null,null,null,null,null,null,0.07081292,0.001704323,0.76078004,0.0013839628,"ONEGAUSSIAN_WITH_ELLIPSOIDAL",6,2.0100865,0.76078004,0.0013839628,0.33407515,0.038074113,0.3980948,0.11225346,null,null,null,null,null,null
375316653866487564,3450353494684599552,0.4949537,2291.0581062932265,1.0697018525201256,5.9687995E-5,17.46971,0.01788146,0.3649918,0.03544216,0.036515422,0.022545116,0.24914536,0.14572507,0.83433026,0.0067960434,0.027366403,0.005060961,0.7223379,0.09076262,null,null,null,null,"TWOGAUSSIANS",8,119.989624,0.83433026,0.0067960434,0.15325186,0.02834138,0.7223379,0.09076262,0.3649918,0.03544216,0.20448637,0.12625265,0.24914536,0.14572507
375316653866487564,3450354216239088768,0.6251405,2281.5256423036963,0.7403302415832675,5.7286334E-6,13.510722,5.510427E-4,0.7721037,0.0012877551,0.029650617,0.0017880191,0.051861167,0.0018905961,null,null,null,null,null,null,0.021587007,8.0961385E-4,0.7721037,0.0012877551,"ONEGAUSSIAN_WITH_ELLIPSOIDAL",6,7.3675146,0.7721037,0.0012877551,0.16604346,0.010012907,0.095035166,0.0016445806,null,null,null,null,null,null
