Gaia/vari_eclipsing_binary/VariEclipsingBinary_674266-674281.csv
# %ECSV 1.0
# ---
# delimiter: ','
# meta: !!omap
# - RELEASE: Gaia DR3
# - TABLE: vari_eclipsing_binary
# - DESCRIPTION: >
#     This table describes the properties of the eclipsing binaries resulting from the variability analysis. 
# - CITATION: >
#     How to cite and acknowledge Gaia: 
#     https://gea.esac.esa.int/archive/documentation/credits.html 
# - KNOWN_ISSUES: >
#     Known issues: 
#     https://www.cosmos.esa.int/web/gaia-users/known-issues 
# - DOCUMENTATION: >
#     Tutorials and documentation: 
#     https://www.cosmos.esa.int/web/gaia-users/archive 
# datatype:
# - 
#   name: solution_id
#   datatype: int64
#   description: Solution Identifier
#   meta:
#     ucd: meta.version
# - 
#   name: source_id
#   datatype: int64
#   description: Unique source identifier
#   meta:
#     ucd: meta.id;meta.main
# - 
#   name: global_ranking
#   datatype: float32
#   description: Number between 0 (worst) and 1 (best)
#   meta:
#     ucd: stat.param
# - 
#   name: reference_time
#   datatype: float64
#   unit: d
#   description: Reference time used for the geometric model fit
#   meta:
#     ucd: time.epoch
# - 
#   name: frequency
#   datatype: float64
#   unit: d**-1
#   description: Frequency of geometric model of the eclipsing binary light curve
#   meta:
#     ucd: src.orbital
# - 
#   name: frequency_error
#   datatype: float32
#   unit: d**-1
#   description: "Uncertainty of \\texttt{frequency}"
#   meta:
#     ucd: stat.error
# - 
#   name: geom_model_reference_level
#   datatype: float32
#   unit: mag
#   description: Magnitude reference level of geometric model
#   meta:
#     ucd: phot.mag;em.opt
# - 
#   name: geom_model_reference_level_error
#   datatype: float32
#   unit: mag
#   description: "Uncertainty of \\texttt{geomModelReferenceLevel}"
#   meta:
#     ucd: stat.error;phot.mag;em.opt
# - 
#   name: geom_model_gaussian1_phase
#   datatype: float32
#   description: Phase of the Gaussian 1 component
#   meta:
#     ucd: time.phase
# - 
#   name: geom_model_gaussian1_phase_error
#   datatype: float32
#   description: "Uncertainty of \\texttt{geomModelGaussian1Phase}"
#   meta:
#     ucd: stat.error;time.phase
# - 
#   name: geom_model_gaussian1_sigma
#   datatype: float32
#   description: "Standard deviation [phase] of Gaussian 1 component"
#   meta:
#     ucd: stat.stdev
# - 
#   name: geom_model_gaussian1_sigma_error
#   datatype: float32
#   description: "Uncertainty of \\texttt{geomModelGaussian1Sigma}"
#   meta:
#     ucd: stat.error
# - 
#   name: geom_model_gaussian1_depth
#   datatype: float32
#   unit: mag
#   description: Magnitude depth of Gaussian 1 component
#   meta:
#     ucd: src.var.amplitude
# - 
#   name: geom_model_gaussian1_depth_error
#   datatype: float32
#   unit: mag
#   description: "Uncertainty of \\texttt{geomModelGaussian1Depth}"
#   meta:
#     ucd: stat.error;src.var.amplitude
# - 
#   name: geom_model_gaussian2_phase
#   datatype: float32
#   description: Phase of Gaussian 2 component
#   meta:
#     ucd: time.phase
# - 
#   name: geom_model_gaussian2_phase_error
#   datatype: float32
#   description: "Uncertainty of \\texttt{geomModelGaussian2Phase}"
#   meta:
#     ucd: stat.error;time.phase
# - 
#   name: geom_model_gaussian2_sigma
#   datatype: float32
[...]
#   datatype: float32
#   description: "Secondary eclipse: uncertainty of \\texttt{derivedSecondaryEclDuration}"
#   meta:
#     ucd: stat.error;time.duration
# - 
#   name: derived_secondary_ecl_depth
#   datatype: float32
#   unit: mag
#   description: "Secondary eclipse: depth"
#   meta:
#     ucd: src.var.amplitude
# - 
#   name: derived_secondary_ecl_depth_error
#   datatype: float32
#   unit: mag
#   description: "Secondary eclipse: uncertainty of \\texttt{derivedSecondaryEclDepth}"
#   meta:
#     ucd: stat.error;src.var.amplitude
solution_id,source_id,global_ranking,reference_time,frequency,frequency_error,geom_model_reference_level,geom_model_reference_level_error,geom_model_gaussian1_phase,geom_model_gaussian1_phase_error,geom_model_gaussian1_sigma,geom_model_gaussian1_sigma_error,geom_model_gaussian1_depth,geom_model_gaussian1_depth_error,geom_model_gaussian2_phase,geom_model_gaussian2_phase_error,geom_model_gaussian2_sigma,geom_model_gaussian2_sigma_error,geom_model_gaussian2_depth,geom_model_gaussian2_depth_error,geom_model_cosine_half_period_amplitude,geom_model_cosine_half_period_amplitude_error,geom_model_cosine_half_period_phase,geom_model_cosine_half_period_phase_error,model_type,num_model_parameters,reduced_chi2,derived_primary_ecl_phase,derived_primary_ecl_phase_error,derived_primary_ecl_duration,derived_primary_ecl_duration_error,derived_primary_ecl_depth,derived_primary_ecl_depth_error,derived_secondary_ecl_phase,derived_secondary_ecl_phase_error,derived_secondary_ecl_duration,derived_secondary_ecl_duration_error,derived_secondary_ecl_depth,derived_secondary_ecl_depth_error
[from data line 75]
375316653866487564,5930923985556468736,0.5744435,2187.726988358035,2.779460719648857,1.0691161E-5,17.398603,0.025637217,0.21790956,0.0040414967,0.03857778,0.011652129,0.19455485,0.054222576,0.7083423,0.015454691,0.04869845,0.029505298,0.31726992,0.09074087,0.114105985,0.027321694,0.21790956,0.0040414967,"TWOGAUSSIANS_WITH_ELLIPSOIDAL_ON_ECLIPSE1",9,13.425022,0.7094723,0.010613697,0.2727113,0.16522966,0.5447555,0.1333407,0.21790956,0.0040414967,0.21603557,0.06525192,0.42276657,0.0348866
375316653866487564,5930924260404921088,0.482932,2138.855608417989,1.195018730603336,1.3860943E-5,19.346521,0.0077347863,0.26067045,0.047427755,0.06471085,0.059595484,0.089943916,0.11196242,0.76019865,0.0032660563,0.05010979,0.0033390077,0.20006637,0.016386019,null,null,null,null,"TWOGAUSSIANS",8,1.140508,0.76019865,0.0032660563,0.28061482,0.018698443,0.20004757,0.016304484,0.26067045,0.047427755,0.36238074,0.29813498,0.08992511,0.11199342
375316653866487564,5930924290423003392,0.5292812,2158.071657913648,1.1681856997856443,1.3140347E-5,18.48028,0.0028030525,0.20427048,0.0103736585,0.024155362,0.012726965,0.30830857,0.2592535,0.70014906,0.0017483066,0.01956536,0.0024522825,0.40677783,0.04164338,null,null,null,null,"TWOGAUSSIANS",8,3.5512052,0.70014906,0.0017483066,0.109566025,0.013732782,0.40677783,0.04164338,0.20427048,0.0103736585,0.13527003,0.07127101,0.30830857,0.2592535
375316653866487564,5930924775801051136,0.51682734,2177.5039739107006,1.9202671890528717,1.6781816E-5,19.820759,0.01378278,0.23644786,0.002998056,0.056663528,0.0067452104,0.6679943,0.082083076,0.7274571,0.003929002,0.05944536,0.0057464936,0.38844863,0.04009117,null,null,null,null,"TWOGAUSSIANS",8,2.966472,0.23644786,0.002998056,0.31731576,0.037773177,0.66792655,0.08217695,0.7274571,0.003929002,0.33289403,0.032180365,0.38838086,0.04013161
375316653866487564,5930925016319450880,0.5065431,2172.600013059625,2.0947878626200604,2.0260979E-5,18.26834,0.010183717,0.31870553,0.03628787,0.047767173,0.029032089,0.19336928,0.030447513,0.8062152,0.0044864053,0.03983286,0.0073267627,0.5542766,0.14142747,null,null,null,null,"TWOGAUSSIANS",8,21.139559,0.8062152,0.0044864053,0.223064,0.04102987,0.5542766,0.14142732,0.31870553,0.03628787,0.26749617,0.13529718,0.19336925,0.030441914
375316653866487564,5930925183805385600,0.51922333,2196.275097053634,2.3652449699164086,2.116186E-5,18.363602,0.20899841,0.28835645,0.0045470893,0.118429735,0.04066049,0.32642823,0.19781177,0.7888605,0.004719572,0.123670325,0.042825177,0.317822,0.20122643,null,null,null,null,"TWOGAUSSIANS",8,3.5805597,0.28835645,0.0046794177,0.4,0.0,0.25063714,0.009922521,0.7888605,0.004754185,0.4,0.0,0.24193951,0.008834899
375316653866487564,5930925286884581248,0.53760767,2180.3774777408757,2.950046566676057,1.543815E-5,18.814806,0.009536924,0.25056916,0.0025837955,0.08387647,0.0036825968,0.5300565,0.017479032,0.7467712,0.0073523344,0.081542656,0.004193877,0.49016258,0.029764632,null,null,null,null,"TWOGAUSSIANS",8,5.735528,0.25056916,0.0025837955,0.4,0.0,0.52018446,0.018221742,0.7467712,0.0073523344,0.4,0.0,0.48029056,0.029054135
375316653866487564,5930925359917022848,0.5547757,2192.275009393855,3.572422322839389,8.027226E-6,19.72489,0.007685298,0.2925865,0.0051473756,0.06908279,0.0036818706,0.7155845,0.026158832,0.7871034,0.002135866,0.064156026,0.0029465768,0.64774036,0.021991579,null,null,null,null,"TWOGAUSSIANS",8,2.0140128,0.2925865,0.0051473756,0.3868636,0.020618476,0.71456313,0.025995282,0.7871034,0.002135866,0.35927373,0.01650083,0.6467189,0.02217806
375316653866487564,5930925600435342976,0.4979961,2179.6943813759635,2.661394850845474,2.1745866E-5,19.037825,0.01128062,0.2487887,0.0059573427,0.086748764,0.008549624,0.22674766,0.021830179,0.739638,0.008193255,0.09181809,0.01005794,0.21537024,0.014980344,null,null,null,null,"TWOGAUSSIANS",8,3.3377655,0.2487887,0.0059573427,0.4,0.0,0.21917166,0.02290459,0.739638,0.008193255,0.4,0.0,0.20779409,0.013457873
375316653866487564,5930925634795215360,0.52353466,2168.8492989315823,1.0543620902348454,8.155356E-6,19.323278,0.005762678,0.2183139,0.0059801997,0.02393335,0.0034753599,0.6723272,0.08792585,0.5059789,0.01688511,0.024076577,0.011437641,0.09190052,0.14113204,null,null,null,null,"TWOGAUSSIANS",8,2.8976328,0.2183139,0.0059801997,0.13402677,0.019462015,0.6723272,0.08792585,0.5059789,0.01688511,0.13482884,0.06405079,0.09190052,0.14113204
375316653866487564,5930925840982736512,0.51092076,2181.5079529726772,3.2866322595700344,1.5623402E-5,19.38359,0.011281249,0.24079558,0.0069768783,0.06811351,0.0069301743,0.42596003,0.023158235,0.73865527,0.0068356628,0.06430748,0.008199435,0.37098294,0.016586324,null,null,null,null,"TWOGAUSSIANS",8,3.3041847,0.24079558,0.0069768783,0.38143566,0.038808975,0.4253593,0.023121558,0.73865527,0.0068356628,0.36012188,0.043472778,0.37038222,0.016849924
375316653866487564,5930925840982751232,0.61422014,2183.878005428516,1.4514021842844003,3.8790963E-6,13.889552,0.013161271,0.22649732,9.653456E-4,0.11041634,0.0068353107,0.12242272,0.012399221,0.7299057,0.0018298409,0.13696241,0.01397272,0.1009247,0.012000515,null,null,null,null,"TWOGAUSSIANS",8,8.315286,0.22643733,9.807693E-4,0.4,0.0,0.09527041,0.0016457309,0.7299157,0.0018286429,0.4,0.0,0.073522426,0.0021817358
375316653866487564,5930926493788267520,0.57283396,2165.255600802498,2.846450750331837,7.692911E-6,18.386292,0.012803187,0.24863446,0.0043949545,0.075054705,0.0059687537,0.5076872,0.025034437,0.76566887,0.0021835126,0.07752744,0.0041880365,0.46538284,0.018678933,null,null,null,null,"TWOGAUSSIANS",8,5.3862305,0.24863446,0.0043949545,0.4,0.001970004,0.5045688,0.025529413,0.76566887,0.0021835126,0.4,0.0,0.46226442,0.018882575
375316653866487564,5930926837415103872,0.57310045,2199.1132502988776,3.188470823380767,7.1176637E-6,18.424665,0.017594391,0.216734,0.0024576292,0.038807303,0.0056937085,0.30447105,0.059939794,0.7128057,0.007185264,0.04255301,0.008664818,0.47526222,0.07450049,0.15433338,0.022068165,0.216734,0.0024576292,"TWOGAUSSIANS_WITH_ELLIPSOIDAL_ON_ECLIPSE1",9,7.4870863,0.7131357,0.00660756,0.23829687,0.04852298,0.78375626,0.09929196,0.216734,0.0024576292,0.21732089,0.031884767,0.6131371,0.052902367
375316653866487564,5930926871774864768,0.59190005,2182.812442557317,0.6805720723036028,1.0162722E-5,14.475595,0.002321602,0.17862824,0.0025199554,0.038218804,0.0047320644,0.09025419,0.012127124,0.70165324,0.0021110468,0.026082234,0.0024980537,0.039117713,0.008433415,0.03175574,0.0040791323,0.70165324,0.0021110468,"TWOGAUSSIANS_WITH_ELLIPSOIDAL_ON_ECLIPSE2",9,15.95904,0.18033823,0.0023009824,0.2140253,0.02649956,0.15254292,0.012240797,0.70165324,0.0021110468,0.14606051,0.013989101,0.102629095,0.0038575283
375316653866487564,5930927455861494912,0.50175476,2200.075680621155,0.09140458480063403,2.227768E-5,17.780062,0.004629378,0.12868361,0.023858339,0.069315225,0.0178094,0.047111537,0.00886538,0.7246761,0.007689398,0.04849601,0.010189509,0.3595983,1.084438,null,null,null,null,"TWOGAUSSIANS",8,7.18898,0.7246761,0.007689398,0.27157766,0.05706125,0.3595977,1.0844387,0.12868361,0.023858339,0.38816527,0.06778186,0.04711096,0.008868744
375316653866487564,5930927593329536768,0.60084033,2193.4182447173307,1.7800307812107907,4.193029E-6,16.424728,0.005862138,0.23856768,0.001756455,0.09881356,0.002955607,0.26835072,0.0062723462,0.73957354,0.0024580448,0.0913227,0.0030864172,0.32109222,0.008811302,null,null,null,null,"TWOGAUSSIANS",8,9.902042,0.73957354,0.0024580448,0.4,0.0,0.302958,0.0081169875,0.23856768,0.001756455,0.4,0.0,0.25021523,0.004814946
375316653866487564,5930927971257805568,0.52696735,2182.733250752288,3.8213120516897536,8.431754E-6,19.58902,0.0077095837,0.26930436,0.0037307586,0.05945837,0.0043435367,0.47330773,0.022428522,0.77331567,0.0038732754,0.060190924,0.0054880166,0.62276286,0.05434399,null,null,null,null,"TWOGAUSSIANS",8,2.5659256,0.77331567,0.0038732754,0.33706918,0.030732892,0.6226105,0.05447079,0.26930436,0.0037307586,0.33296686,0.024323806,0.47315538,0.02246807
375316653866487564,5930928241816337536,0.4753846,2201.011274462985,0.4084806287784847,7.4963864E-5,18.94285,0.005935072,0.23624472,0.010933018,0.048501875,0.01619751,0.053051297,0.008755918,0.59632474,0.007906009,0.033253253,0.007348581,0.2900127,0.052625008,null,null,null,null,"TWOGAUSSIANS",8,3.6176953,0.59632474,0.007906009,0.18621822,0.041152053,0.2900127,0.052625008,0.23624472,0.010933018,0.2716105,0.09070606,0.053051297,0.008755918
375316653866487564,5930928314856781568,0.45486787,2179.757550204961,2.6433877470446254,2.1341348E-5,19.18486,0.17225084,0.16723922,0.0059002484,0.121956944,0.029164385,0.25760692,0.1401814,0.6732153,0.0066545405,0.17409027,0.072945766,0.24909689,0.16897759,null,null,null,null,"TWOGAUSSIANS",8,1.6992762,0.16648923,0.0056244247,0.4,0.0,0.15127505,0.021039806,0.67330533,0.0065862834,0.4,0.0,0.13478655,0.009377731
375316653866487564,5930928727172065024,0.5883335,2191.781598160847,2.7475601139323453,6.933805E-6,19.640482,0.0110510755,0.23308142,0.0017146531,0.04315695,0.0065976023,0.4461572,0.06766897,0.73691505,0.003951721,0.04392976,0.0063494984,0.44264406,0.08508566,0.12840576,0.021478387,0.23308142,0.0017146531,"TWOGAUSSIANS_WITH_ELLIPSOIDAL_ON_ECLIPSE1",9,1.467869,0.23308142,0.0017146531,0.24167894,0.036946572,0.70296854,0.06396832,0.73691505,0.003951721,0.24600665,0.03555719,0.6993064,0.09408501
375316653866487564,5930928898970834688,0.465728,2199.757991735347,0.11364542464036023,1.54203E-5,18.600677,0.0061177467,0.20424265,0.00449334,0.04532662,0.005756896,0.31985244,0.09776571,0.6996783,0.0029675579,0.04356866,0.008387442,0.28392094,0.05938324,null,null,null,null,"TWOGAUSSIANS",8,9.982258,0.20424265,0.00449334,0.25382906,0.032238618,0.31985238,0.09776577,0.6996783,0.0029675579,0.24398449,0.046969675,0.28392088,0.05938368
375316653866487564,5930928933330774144,0.45640138,2168.409732997592,1.7266490752548822,2.5633952E-5,18.54144,0.06153751,0.2229605,0.020408047,0.10979054,0.050276786,0.11927671,0.058311723,0.7195381,0.005513058,0.110453665,0.029362092,0.2253489,0.051848132,null,null,null,null,"TWOGAUSSIANS",8,7.704257,0.7195381,0.0055135014,0.4,0.0,0.20155904,0.014299529,0.2229705,0.020444626,0.4,0.0,0.095495425,0.028973287
375316653866487564,5930929105129235840,0.56390303,2184.9136718395403,3.294137848339953,1.2338092E-5,18.991867,0.015249839,0.24267513,0.008311651,0.07594064,0.007970128,0.60739243,0.024701312,0.7392093,0.0024289454,0.06844156,0.003194119,0.5452632,0.020854488,null,null,null,null,"TWOGAUSSIANS",8,3.2065623,0.24267513,0.008311651,0.4,0.0,0.6047541,0.02361051,0.7392093,0.0024289454,0.38327277,0.017887067,0.54262483,0.019963088
375316653866487564,5930929448755543680,0.58570784,2184.346054221778,3.6890220961813562,7.8473E-6,16.631165,0.02808422,0.24649675,0.0024059408,0.05916733,0.015707541,0.21470198,0.07358808,0.7250296,0.0057970937,0.0635963,0.006744166,0.27354392,0.061442472,0.11487913,0.03431868,0.24649675,0.0024059408,"TWOGAUSSIANS_WITH_ELLIPSOIDAL_ON_ECLIPSE1",9,30.885971,0.7295496,0.004724126,0.3561393,0.03776733,0.49995586,0.011012271,0.24649675,0.0024059408,0.33133703,0.087962225,0.4443992,0.08109843
375316653866487564,5930929822339048832,0.48046333,2160.4083140142857,2.8955058818749464,3.5236826E-5,17.10539,0.036112,0.28779516,0.006922031,0.09287027,0.019188516,0.22335017,0.027655814,0.76612204,0.015942091,0.105928205,0.027531367,0.19890745,0.03517648,null,null,null,null,"TWOGAUSSIANS",8,33.01144,0.28780517,0.0068973675,0.4,0.0,0.20997952,0.015746918,0.76612204,0.015942091,0.4,0.0,0.18552871,0.02086691
375316653866487564,5930930204641621376,0.56253284,2209.5489182017272,0.5255296748918233,1.1601315E-6,19.054033,0.006220231,0.22609684,0.004098166,0.035200596,0.0039743315,0.14843273,0.012867244,0.7226601,2.673769E-4,0.03014715,6.857778E-4,1.362036,0.04104126,null,null,null,null,"TWOGAUSSIANS",8,4.095953,0.7226601,2.673769E-4,0.16882405,0.0038403557,1.362036,0.04104126,0.22609684,0.004098166,0.19712333,0.022256257,0.14843273,0.012867244
375316653866487564,5930930681328924032,0.5825048,2199.5624995416506,0.3798796348100377,1.5163512E-5,18.316439,0.0029086294,0.32723305,0.0026183408,0.021298932,0.00482764,0.40624973,0.039854303,0.62866807,0.033378776,0.07312346,0.021539288,0.02168094,0.010219343,null,null,null,null,"TWOGAUSSIANS",8,2.30383,0.32723305,0.0026183408,0.11927401,0.027034786,0.40625414,0.03985298,0.62866807,0.033378776,0.4,0.0761141,0.02168094,0.010219344
375316653866487564,5930930685706099968,0.6013006,2200.246121915226,2.4577395655979717,1.3259108E-5,16.871546,0.09707254,0.21546194,0.002988313,0.12120428,0.031313967,0.22011423,0.09504617,0.71514845,0.003983741,0.11648312,0.021876747,0.3652872,0.09440313,null,null,null,null,"TWOGAUSSIANS",8,6.7372866,0.71514845,0.0039892155,0.4,0.0,0.30448037,0.0078784935,0.21546194,0.0030006673,0.4,0.0,0.1592915,0.0067629702
375316653866487564,5930930685706104832,0.51554084,2199.1052610695733,3.950096609197858,1.1748008E-5,18.976826,0.014179356,0.20549114,0.0032672877,0.08539943,0.0073333303,0.3001218,0.019971076,0.7205194,0.004886845,0.062488884,0.006251864,0.3559899,0.035863973,null,null,null,null,"TWOGAUSSIANS",8,3.4154496,0.7205194,0.004886845,0.34993774,0.03501044,0.35451177,0.036330976,0.20549114,0.0032672877,0.4,0.0,0.29864365,0.020074856
375316653866487564,5930930960584070784,0.4943904,2191.2098924975207,2.8733483891952827,2.6250085E-5,16.464882,0.48692584,0.25417218,0.0074662175,0.14207566,0.07795768,0.2852337,0.4568636,0.74838567,0.0059327334,0.14329506,0.06840472,0.3034813,0.45471063,null,null,null,null,"TWOGAUSSIANS",8,41.60621,0.74838567,0.0059327334,0.4,0.0,0.18232365,0.009942484,0.25450218,0.007308898,0.4,0.0,0.16429023,0.016073229
375316653866487564,5930931132354594304,0.5820952,2202.771948982271,3.1965308331536164,1.00250445E-5,19.548903,0.012239544,0.22801518,0.004737461,0.034839258,0.021294732,0.4823901,0.030895568,0.7278208,0.0030600985,0.04043711,0.0056717484,0.3263643,0.046784554,0.13744304,0.015958931,0.22801518,0.004737461,"TWOGAUSSIANS_WITH_ELLIPSOIDAL_ON_ECLIPSE1",9,1.4314984,0.22801518,0.004737461,0.19509985,0.1192505,0.7572762,0.027432745,0.7278408,0.0027861877,0.2264478,0.03176179,0.60125,0.04861383
375316653866487564,5930931235433400064,0.47521248,2193.0275615970563,3.484565005693768,3.0121488E-5,19.760433,0.01799125,0.2587825,0.005466276,0.07648101,0.00842567,0.3022236,0.03107604,0.7609183,0.0050080507,0.07521694,0.009826501,0.32557082,0.034545697,null,null,null,null,"TWOGAUSSIANS",8,2.9886935,0.7609183,0.0050080507,0.4,5.5448565E-4,0.32295194,0.035426933,0.2587825,0.005466276,0.4,0.0,0.2996047,0.030940402
375316653866487564,5930931716498441344,0.6903206,2178.302989569589,0.5801287949467695,1.0770837E-6,16.484297,0.003094026,0.3714577,0.002825417,0.025990134,0.0030701917,0.16404784,0.012396578,0.86853814,3.387037E-4,0.023347417,5.301755E-4,1.2273309,0.02973972,0.02186757,0.0062028915,0.3714577,0.002825417,"TWOGAUSSIANS_WITH_ELLIPSOIDAL_ON_ECLIPSE1",9,15.3562,0.86853814,3.3417888E-4,0.13074553,0.0029689828,1.2710513,0.030160392,0.3714577,0.002825417,0.14554475,0.017193073,0.20778292,0.013937433
375316653866487564,5930931750829837312,0.524595,2207.582757210815,2.958194299002737,1.6670705E-5,19.767414,0.021002712,0.2329142,0.0052338378,0.07941872,0.0070418925,0.5330495,0.03386032,0.72584254,0.004341879,0.090630464,0.007243318,0.5228659,0.03243475,null,null,null,null,"TWOGAUSSIANS",8,2.289164,0.2329142,0.0052338378,0.4,0.0,0.52070665,0.032845065,0.72584254,0.004341879,0.4,0.0,0.5105227,0.032956824
