Gaia/vari_eclipsing_binary/VariEclipsingBinary_668625-668654.csv
# %ECSV 1.0
# ---
# delimiter: ','
# meta: !!omap
# - RELEASE: Gaia DR3
# - TABLE: vari_eclipsing_binary
# - DESCRIPTION: >
#     This table describes the properties of the eclipsing binaries resulting from the variability analysis. 
# - CITATION: >
#     How to cite and acknowledge Gaia: 
#     https://gea.esac.esa.int/archive/documentation/credits.html 
# - KNOWN_ISSUES: >
#     Known issues: 
#     https://www.cosmos.esa.int/web/gaia-users/known-issues 
# - DOCUMENTATION: >
#     Tutorials and documentation: 
#     https://www.cosmos.esa.int/web/gaia-users/archive 
# datatype:
# - 
#   name: solution_id
#   datatype: int64
#   description: Solution Identifier
#   meta:
#     ucd: meta.version
# - 
#   name: source_id
#   datatype: int64
#   description: Unique source identifier
#   meta:
#     ucd: meta.id;meta.main
# - 
#   name: global_ranking
#   datatype: float32
#   description: Number between 0 (worst) and 1 (best)
#   meta:
#     ucd: stat.param
# - 
#   name: reference_time
#   datatype: float64
#   unit: d
#   description: Reference time used for the geometric model fit
#   meta:
#     ucd: time.epoch
# - 
#   name: frequency
#   datatype: float64
#   unit: d**-1
#   description: Frequency of geometric model of the eclipsing binary light curve
#   meta:
#     ucd: src.orbital
# - 
#   name: frequency_error
#   datatype: float32
#   unit: d**-1
#   description: "Uncertainty of \\texttt{frequency}"
#   meta:
#     ucd: stat.error
# - 
#   name: geom_model_reference_level
#   datatype: float32
#   unit: mag
#   description: Magnitude reference level of geometric model
#   meta:
#     ucd: phot.mag;em.opt
# - 
#   name: geom_model_reference_level_error
#   datatype: float32
#   unit: mag
#   description: "Uncertainty of \\texttt{geomModelReferenceLevel}"
#   meta:
#     ucd: stat.error;phot.mag;em.opt
# - 
#   name: geom_model_gaussian1_phase
#   datatype: float32
#   description: Phase of the Gaussian 1 component
#   meta:
#     ucd: time.phase
# - 
#   name: geom_model_gaussian1_phase_error
#   datatype: float32
#   description: "Uncertainty of \\texttt{geomModelGaussian1Phase}"
#   meta:
#     ucd: stat.error;time.phase
# - 
#   name: geom_model_gaussian1_sigma
#   datatype: float32
#   description: "Standard deviation [phase] of Gaussian 1 component"
#   meta:
#     ucd: stat.stdev
# - 
#   name: geom_model_gaussian1_sigma_error
#   datatype: float32
#   description: "Uncertainty of \\texttt{geomModelGaussian1Sigma}"
#   meta:
#     ucd: stat.error
# - 
#   name: geom_model_gaussian1_depth
#   datatype: float32
#   unit: mag
#   description: Magnitude depth of Gaussian 1 component
#   meta:
#     ucd: src.var.amplitude
# - 
#   name: geom_model_gaussian1_depth_error
#   datatype: float32
#   unit: mag
#   description: "Uncertainty of \\texttt{geomModelGaussian1Depth}"
#   meta:
#     ucd: stat.error;src.var.amplitude
# - 
#   name: geom_model_gaussian2_phase
#   datatype: float32
#   description: Phase of Gaussian 2 component
#   meta:
#     ucd: time.phase
# - 
#   name: geom_model_gaussian2_phase_error
#   datatype: float32
#   description: "Uncertainty of \\texttt{geomModelGaussian2Phase}"
#   meta:
#     ucd: stat.error;time.phase
# - 
#   name: geom_model_gaussian2_sigma
#   datatype: float32
[...]
#   datatype: float32
#   description: "Secondary eclipse: uncertainty of \\texttt{derivedSecondaryEclDuration}"
#   meta:
#     ucd: stat.error;time.duration
# - 
#   name: derived_secondary_ecl_depth
#   datatype: float32
#   unit: mag
#   description: "Secondary eclipse: depth"
#   meta:
#     ucd: src.var.amplitude
# - 
#   name: derived_secondary_ecl_depth_error
#   datatype: float32
#   unit: mag
#   description: "Secondary eclipse: uncertainty of \\texttt{derivedSecondaryEclDepth}"
#   meta:
#     ucd: stat.error;src.var.amplitude
solution_id,source_id,global_ranking,reference_time,frequency,frequency_error,geom_model_reference_level,geom_model_reference_level_error,geom_model_gaussian1_phase,geom_model_gaussian1_phase_error,geom_model_gaussian1_sigma,geom_model_gaussian1_sigma_error,geom_model_gaussian1_depth,geom_model_gaussian1_depth_error,geom_model_gaussian2_phase,geom_model_gaussian2_phase_error,geom_model_gaussian2_sigma,geom_model_gaussian2_sigma_error,geom_model_gaussian2_depth,geom_model_gaussian2_depth_error,geom_model_cosine_half_period_amplitude,geom_model_cosine_half_period_amplitude_error,geom_model_cosine_half_period_phase,geom_model_cosine_half_period_phase_error,model_type,num_model_parameters,reduced_chi2,derived_primary_ecl_phase,derived_primary_ecl_phase_error,derived_primary_ecl_duration,derived_primary_ecl_duration_error,derived_primary_ecl_depth,derived_primary_ecl_depth_error,derived_secondary_ecl_phase,derived_secondary_ecl_phase_error,derived_secondary_ecl_duration,derived_secondary_ecl_duration_error,derived_secondary_ecl_depth,derived_secondary_ecl_depth_error
[from data line 551]
375316653866487564,5881515265852100608,0.44243103,2138.8269399486876,2.21872799760263,3.6907404E-5,18.48387,0.011941991,0.28170782,0.0212426,0.09087117,0.02310383,0.09531992,0.018603861,0.7574837,0.011206539,0.0744778,0.021340227,0.11179321,0.01633343,null,null,null,null,"TWOGAUSSIANS",8,5.155459,0.7574837,0.011206539,0.4,0.027013604,0.110457145,0.01693626,0.28170782,0.0212426,0.4,0.0,0.09398374,0.017569749
375316653866487564,5881515575116172288,0.52762306,2147.2372598345046,1.2116936972919523,1.0816918E-5,16.182741,0.020925054,0.3028981,0.0022998403,0.05181398,0.008142051,0.35560933,0.04687811,0.8106582,0.011550001,0.05220719,0.017528677,0.11894389,0.080536015,0.04954545,0.033588033,0.3028981,0.0022998403,"TWOGAUSSIANS_WITH_ELLIPSOIDAL_ON_ECLIPSE1",9,35.84083,0.3028981,0.0022998403,0.2901583,0.045595486,0.45469594,0.03722693,0.8106582,0.011550001,0.29236025,0.098160595,0.21779512,0.06195696
375316653866487564,5881516090512227712,0.46444076,2176.433481717848,0.2380589858284336,3.103375E-5,12.823685,0.0034948057,0.31051844,0.014792357,0.0986525,0.014210574,0.16092321,0.037448283,0.77702487,0.028722925,0.024441386,0.015299513,0.060414027,0.04236618,null,null,null,null,"TWOGAUSSIANS",8,225.78235,0.31051844,0.014792357,0.4,0.0,0.16090503,0.037491813,0.77702487,0.028722925,0.13687176,0.08567727,0.06039816,0.042223375
375316653866487564,5881516189234123392,0.611003,2145.3792054002793,4.563257743629213,1.0469508E-5,17.40494,0.019351956,0.18164866,0.0019905125,0.046858486,0.0071737543,0.22674525,0.03944575,0.67340946,0.008992464,0.041822206,0.03519908,0.20296568,0.089764535,0.12087131,0.02052567,0.18164866,0.0019905125,"TWOGAUSSIANS_WITH_ELLIPSOIDAL_ON_ECLIPSE1",9,7.806148,0.18164866,0.0019905125,0.2624075,0.040173024,0.46848726,0.023844687,0.6745695,0.0067399507,0.23420435,0.1713285,0.44415167,0.12462272
375316653866487564,5881516331030398208,0.7008537,2136.5246709732046,0.4174921235188278,2.649396E-6,17.224947,0.002242407,0.3512933,0.0021605662,0.035994764,0.0033325094,0.081825085,0.008930011,0.84998614,5.5407174E-4,0.030289516,5.520327E-4,0.80595833,0.0063626976,null,null,null,null,"TWOGAUSSIANS",8,3.5735126,0.84998614,5.5407174E-4,0.16962129,0.0030913833,0.80595833,0.0063626976,0.3512933,0.0021605662,0.20157067,0.018662054,0.081825085,0.008930011
375316653866487564,5881516640243485696,0.5476579,2173.141171729937,2.3920643083507307,1.2740283E-5,18.134005,0.021199653,0.2754598,0.0030619113,0.095610835,0.0068355817,0.39846367,0.023186382,0.77336055,0.0027802265,0.09171843,0.0065081916,0.38800642,0.02418146,null,null,null,null,"TWOGAUSSIANS",8,9.0881195,0.2754598,0.0030619113,0.4,0.0,0.37680128,0.019199694,0.77336055,0.0027802265,0.4,0.0,0.3663447,0.020628186
375316653866487564,5881516812042187008,0.5663833,2173.9327141807707,1.9182171243760382,1.3124943E-5,18.020355,0.008055169,0.27466494,0.0036520124,0.081194706,0.0058919042,0.4614727,0.06709006,0.7774718,0.0026513555,0.07858225,0.0027195306,0.46703908,0.031010697,null,null,null,null,"TWOGAUSSIANS",8,5.708429,0.7774718,0.0026513555,0.4,0.0,0.46047428,0.031001354,0.27466494,0.0036520124,0.4,0.0,0.45490786,0.06859892
375316653866487564,5881516949481112832,0.55177224,2141.5078284841147,2.5001546272856476,1.508187E-5,18.470785,0.014558682,0.21210389,0.0034378232,0.08795556,0.007976199,0.30872154,0.014795159,0.7015906,0.0043261056,0.09441676,0.007317236,0.34500474,0.017456962,null,null,null,null,"TWOGAUSSIANS",8,3.467144,0.7015906,0.0043261056,0.4,0.0,0.33201087,0.016937023,0.21210389,0.0034378232,0.4,0.0,0.29572824,0.014749244
375316653866487564,5881516979510305536,0.5455731,2175.561585853846,2.677391871727297,9.380101E-6,17.451376,0.020046923,0.16081466,0.0028198818,0.08733597,0.007100239,0.2875882,0.019812062,0.65299803,0.0067666,0.089144535,0.010102537,0.29678255,0.01932347,null,null,null,null,"TWOGAUSSIANS",8,12.514265,0.65299803,0.0067666,0.4,0.0,0.28747684,0.0124311475,0.16081466,0.0028198818,0.4,0.0,0.27828255,0.014135656
375316653866487564,5881517052585113856,0.4547877,2179.5653386296813,0.6741675624073973,1.5818576E-5,16.988914,0.005305625,0.3096963,0.038544953,0.03177776,0.024941675,0.20134932,0.1633237,0.8346237,0.003053825,0.027382132,0.0046751755,0.16277184,0.035108496,null,null,null,null,"TWOGAUSSIANS",8,36.55339,0.3096963,0.038544953,0.17795545,0.13967338,0.20134932,0.1633237,0.8346237,0.003053825,0.15333994,0.026180983,0.16277184,0.035108496
375316653866487564,5881517293078702848,0.45248955,2145.264905360909,2.6397578997983344,4.836769E-5,18.72692,0.4275668,0.22174065,0.0073349834,0.14993745,0.04018081,0.50739557,0.34945247,0.72603005,0.011420617,0.20330434,0.09628959,0.5574538,0.40602824,null,null,null,null,"TWOGAUSSIANS",8,5.342331,0.21996064,0.007093013,0.4,0.0,0.18047222,0.021260483,0.7266701,0.011635155,0.4,0.0,0.18019566,0.031549122
375316653866487564,5881517391827566080,0.533553,2152.2395230459115,3.01165022592543,3.1738375E-5,19.464964,0.0128498,0.1436927,0.0058618626,0.069435775,0.0062432997,0.532787,0.02133164,0.6389322,0.005130581,0.07093384,0.005749288,0.39582974,0.041248385,null,null,null,null,"TWOGAUSSIANS",8,3.2805212,0.1436927,0.0058618626,0.38884032,0.029117476,0.5313613,0.021308688,0.6389322,0.005130581,0.39722952,0.024341894,0.394404,0.04135823
375316653866487564,5881517705395615872,0.47466594,2154.082748098394,1.2265273485212513,1.3043223E-5,18.672049,0.058158617,0.2686877,0.003893947,0.11027814,0.024303148,0.2718719,0.049395345,0.7722154,0.01101078,0.10881535,0.027247258,0.23361814,0.052168764,null,null,null,null,"TWOGAUSSIANS",8,7.221222,0.2686877,0.0039081564,0.4,0.0,0.23595086,0.008239564,0.77222544,0.011028456,0.4,0.0,0.19770369,0.019253291
375316653866487564,5881518014657898112,0.60723096,2157.648753630921,3.4209000812621917,6.7795963E-6,15.969045,0.01466357,0.24586155,0.0020201893,0.061499465,0.0046346933,0.24523966,0.037259858,0.7421892,0.0020054532,0.055130742,0.005982948,0.21384154,0.036540408,0.04502657,0.02271578,0.24586155,0.0020201893,"TWOGAUSSIANS_WITH_ELLIPSOIDAL_ON_ECLIPSE1",9,24.600548,0.24586155,0.0020201893,0.344397,0.025954282,0.33522457,0.011526046,0.7425292,0.0018208328,0.30873215,0.03350451,0.3037829,0.010761624
375316653866487564,5881518186432091520,0.5197154,2138.9802652561993,1.8091978550060752,1.5825795E-5,19.212868,0.011226231,0.25763598,0.0058020786,0.074939296,0.0057478985,0.36914584,0.027872164,0.768274,0.007601291,0.07327095,0.008946093,0.19568215,0.018574277,null,null,null,null,"TWOGAUSSIANS",8,2.1874387,0.25763598,0.0058020786,0.4,0.0,0.3677251,0.027919557,0.768274,0.007601291,0.4,0.0180488,0.19426143,0.018636443
375316653866487564,5881518323871065088,0.5753026,2170.131997041545,2.6089143616393926,9.927816E-6,19.023315,0.014955698,0.2570127,0.0035438768,0.038716115,0.005038282,0.37259704,0.07059782,0.76016265,0.0026818698,0.047443006,0.003871101,0.37252375,0.032173164,0.11577947,0.018527709,0.2570127,0.0035438768,"TWOGAUSSIANS_WITH_ELLIPSOIDAL_ON_ECLIPSE1",9,3.7502043,0.2570127,0.0035438768,0.21681024,0.028214378,0.6041555,0.057242163,0.76016265,0.0026623278,0.26568082,0.021678165,0.6039915,0.01239201
375316653866487564,5881518564389594368,0.4735602,2160.1615794244644,1.4220766612282782,3.806174E-5,19.70021,0.013323152,0.2664244,0.009753325,0.08397651,0.010318774,0.16670492,0.019383704,0.7562398,0.010177089,0.068676144,0.015712973,0.39680293,0.089556344,null,null,null,null,"TWOGAUSSIANS",8,2.7257187,0.7562398,0.010177089,0.3845864,0.057159048,0.3949884,0.0921506,0.2664244,0.009753325,0.4,0.0,0.16489036,0.018087465
375316653866487564,5881519182864575488,0.48728922,2128.1444078516342,1.9331014862351255,2.168508E-5,19.21563,0.016541306,0.273253,0.0078165345,0.10573897,0.01867095,0.17101043,0.02754402,0.7788458,0.0055113016,0.08759281,0.012861462,0.1879196,0.022136066,null,null,null,null,"TWOGAUSSIANS",8,1.7002612,0.7788458,0.0055109276,0.4,0.0,0.17631315,0.023815839,0.273253,0.0078165345,0.4,0.0,0.15939909,0.029757146
375316653866487564,5881519281613653888,0.50497955,2160.430130820757,1.7603542907365137,1.5399019E-5,18.242178,0.0042775366,0.3069724,0.0042707236,0.0524354,0.0036295194,0.20332843,0.008377429,0.8117423,0.0076166363,0.041488364,0.011514311,0.06791577,0.019626128,null,null,null,null,"TWOGAUSSIANS",8,3.1582217,0.3069724,0.0042707236,0.29363826,0.020325309,0.2033283,0.0083773155,0.8117423,0.0076166363,0.23233485,0.06448014,0.06791563,0.01962712
375316653866487564,5881520071887801984,0.522711,2154.7578055336676,1.086528140306442,1.1537601E-5,18.123919,0.004057683,0.33514246,0.004149332,0.05737396,0.004054228,0.20674983,0.020122431,0.82362133,0.007370002,0.04937829,0.009378476,0.10035302,0.009807374,null,null,null,null,"TWOGAUSSIANS",8,2.4063177,0.33514246,0.004149332,0.32129416,0.022703677,0.20674677,0.0201235,0.82362133,0.007370002,0.27651843,0.052519463,0.10034998,0.00981157
375316653866487564,5881520076242290560,0.5574883,2166.773264886508,0.4750918159296828,1.0661652E-5,16.464169,0.0022568735,0.22727711,0.01078934,0.017334025,0.008962096,0.09885856,5.5675125,0.7261918,0.002974421,0.025748234,0.0028118521,0.23352717,0.0142488135,0.007841745,0.0035444442,0.22727711,0.01078934,"TWOGAUSSIANS_WITH_ELLIPSOIDAL_ON_ECLIPSE1",9,10.643326,0.7261918,0.002965167,0.14419012,0.015746372,0.2492099,0.014362759,0.22727711,0.01078934,0.097070545,0.050187733,0.11454202,5.568568
375316653866487564,5881520690363435392,0.50238013,2178.019922609482,0.3710614776441863,1.7582748E-5,18.394993,0.0046445043,0.6986394,0.002157868,0.023765625,0.001972878,0.3412119,0.022572491,null,null,null,null,null,null,null,null,null,null,"ONEGAUSSIAN",5,5.6440873,0.6986394,0.002157868,0.1330875,0.011048117,0.3412119,0.0,null,null,null,null,null,null
375316653866487564,5881520827801477760,0.60487443,2175.9699031659175,2.5007188386070314,5.7987113E-6,17.96131,0.0109594595,0.25262204,0.002836311,0.047753304,0.0033889285,0.3657504,0.03799743,0.7528303,0.0028991671,0.05303133,0.0043542315,0.4092346,0.03180151,0.13006194,0.015970323,0.25262204,0.002836311,"TWOGAUSSIANS_WITH_ELLIPSOIDAL_ON_ECLIPSE1",9,8.0141735,0.7528303,0.0027510673,0.29697543,0.024383696,0.6693515,0.027646897,0.25262204,0.002836311,0.2674185,0.018978,0.6258678,0.029830579
375316653866487564,5881520935211371264,0.5209202,2139.3453168757374,2.754677134604023,2.639415E-5,19.55872,0.014875383,0.31379274,0.004037996,0.08367403,0.0066371653,0.40757665,0.03652492,0.7989575,0.0053175855,0.08266265,0.0065220427,0.48080477,0.030040508,null,null,null,null,"TWOGAUSSIANS",8,1.8490541,0.7989575,0.0053175855,0.4,0.0,0.4734513,0.029851954,0.31379274,0.004037996,0.4,0.0,0.40022317,0.037737582
375316653866487564,5881521175730615808,0.49262023,2154.2197327638673,1.0102483127944337,5.534766E-5,19.1341,0.009975358,0.28921035,0.036395304,0.040359348,0.03255392,0.31586266,0.1280965,0.781856,0.004526252,0.036506902,0.004433266,0.27891615,0.032778166,null,null,null,null,"TWOGAUSSIANS",8,6.906323,0.28921035,0.036395304,0.22601235,0.18230195,0.31586266,0.12809657,0.781856,0.004526252,0.20443864,0.02482629,0.27891615,0.03277771
375316653866487564,5881521618072830464,0.56122106,2149.133925100247,1.0083659864537196,3.65721E-5,18.399256,0.0029698361,0.17744695,0.03133749,0.03636084,0.021959033,0.13270569,0.14023504,0.6805335,0.0015718747,0.042441424,0.0023041544,0.7524329,0.08491974,null,null,null,null,"TWOGAUSSIANS",8,2.0792954,0.6805335,0.0015718747,0.23767199,0.012903265,0.7524329,0.08491974,0.17744695,0.03133749,0.2036207,0.12297059,0.13270569,0.14023504
375316653866487564,5881521892950709632,0.51902187,2157.85588671714,2.719313343585617,3.179029E-5,18.249214,0.029966135,0.30305853,0.0057136477,0.086811274,0.014172038,0.25086236,0.02727875,0.79649657,0.017008428,0.10147776,0.025565797,0.22149998,0.031125862,null,null,null,null,"TWOGAUSSIANS",8,6.50908,0.30305853,0.0057122256,0.4,0.0,0.23834383,0.0128453,0.79649657,0.017008428,0.4,0.0,0.20897901,0.030380419
375316653866487564,5881523198620881664,0.44552314,2190.2625006135004,1.8531288238958452,3.274917E-5,17.152113,0.00490008,null,null,null,null,null,null,null,null,null,null,null,null,0.050144896,0.00669608,0.24633537,0.009086625,"ELLIPSOIDAL",4,23.317698,null,null,null,null,null,null,null,null,null,null,null,null
375316653866487564,5881523817096232704,0.6315767,2176.3815480875955,0.4369055471794109,1.447502E-6,17.046846,0.0020680907,0.3584737,4.3936566E-4,0.01820548,2.8589525E-4,0.46767303,0.005478388,0.86587495,0.027691813,0.024589803,0.016643224,0.44785008,160.44423,null,null,null,null,"TWOGAUSSIANS",8,5.896717,0.3584737,4.3936566E-4,0.1019507,0.0016010134,0.46767303,0.005478388,0.86587495,0.027691813,0.1377029,0.093202055,0.44785008,160.44423
375316653866487564,5881524435571547904,0.57547,2172.6930362024705,1.0240936969356869,1.0735262E-5,17.114006,0.004664388,0.22144279,0.0029822227,0.097543,0.004631877,0.12817092,0.005166898,0.72044194,0.0027321219,0.08160627,0.0032718542,0.23184007,0.0081920475,null,null,null,null,"TWOGAUSSIANS",8,3.307941,0.72044194,0.0027321219,0.4,0.0,0.22521108,0.008149536,0.22144279,0.0029822227,0.4,0.0,0.12154143,0.004137458
375316653866487564,5881524916607924096,0.44605315,2156.2387904368966,2.55926039226129,1.9261031E-5,17.850922,0.0063998136,null,null,null,null,null,null,null,null,null,null,null,null,0.097496875,0.0137183275,0.16185164,0.0049665985,"ELLIPSOIDAL",4,19.372904,null,null,null,null,null,null,null,null,null,null,null,null
375316653866487564,5881524955325313536,0.6234667,2143.7915443277893,2.3011672596487265,6.66833E-6,17.431677,0.005546074,0.2428545,0.0012069525,0.04546284,0.0039077085,0.2099956,0.013232543,0.7416042,0.0029743619,0.042784825,0.0035647594,0.21853876,0.01728892,0.13634618,0.008750715,0.2428545,0.0012069525,"TWOGAUSSIANS_WITH_ELLIPSOIDAL_ON_ECLIPSE1",9,5.863877,0.7417942,0.0024851575,0.23959503,0.019962652,0.4912166,0.013684325,0.2428545,0.0012069525,0.2545919,0.021883167,0.48268768,0.008185589
375316653866487564,5881525328926414080,0.5741375,2135.1817987280456,0.4672296027534132,2.9975134E-5,17.387312,0.0030067798,0.23046029,0.020633714,0.07034275,0.019439708,0.02951089,0.023565862,0.46664017,0.001248253,0.037031088,0.0013803386,0.36477923,0.01687412,null,null,null,null,"TWOGAUSSIANS",8,5.817843,0.46664017,0.001248253,0.20737408,0.007729896,0.36488444,0.016907744,0.23046029,0.020633714,0.3939194,0.10107078,0.02951089,0.023565864
375316653866487564,5881525505059374592,0.42916405,2145.854476884216,3.050745229728593,7.885884E-5,19.164629,0.032361075,0.21187444,0.022303456,0.074524455,0.027623253,0.26936537,0.067589544,0.780821,0.013924142,0.033473898,0.018965704,0.38217178,0.17347705,null,null,null,null,"TWOGAUSSIANS",8,19.272282,0.780821,0.013924142,0.18745384,0.106207944,0.38217127,0.17349368,0.21187444,0.022303456,0.4,0.105187155,0.26936483,0.06759031
375316653866487564,5881525745577557120,0.49389538,2142.5444404334667,3.0536423826784675,1.8028302E-5,19.64978,0.045909647,0.21556526,0.003646044,0.103426546,0.012113466,0.4216628,0.041361686,0.6908837,0.0072698514,0.098064,0.01783634,0.38770524,0.042778682,null,null,null,null,"TWOGAUSSIANS",8,1.6674936,0.21556526,0.0036419653,0.4,0.0,0.3943971,0.025208468,0.6908837,0.0072698514,0.4,0.0,0.36044827,0.02820587
375316653866487564,5881526290999353344,0.42776197,2141.6191794700158,1.1529742674963472,6.979723E-5,18.767326,0.009078533,0.34976494,0.011446153,0.048824467,0.009414029,0.154162,0.030649614,0.8520992,0.010261483,0.04712199,0.006128423,0.16507575,0.02348895,null,null,null,null,"TWOGAUSSIANS",8,11.476336,0.8520992,0.010261483,0.26388314,0.034319166,0.1650754,0.023488825,0.34976494,0.011446153,0.27341703,0.052718565,0.15416165,0.030649917
