Gaia/vari_eclipsing_binary/VariEclipsingBinary_352554-352745.csv
# %ECSV 1.0
# ---
# delimiter: ','
# meta: !!omap
# - RELEASE: Gaia DR3
# - TABLE: vari_eclipsing_binary
# - DESCRIPTION: >
#     This table describes the properties of the eclipsing binaries resulting from the variability analysis. 
# - CITATION: >
#     How to cite and acknowledge Gaia: 
#     https://gea.esac.esa.int/archive/documentation/credits.html 
# - KNOWN_ISSUES: >
#     Known issues: 
#     https://www.cosmos.esa.int/web/gaia-users/known-issues 
# - DOCUMENTATION: >
#     Tutorials and documentation: 
#     https://www.cosmos.esa.int/web/gaia-users/archive 
# datatype:
# - 
#   name: solution_id
#   datatype: int64
#   description: Solution Identifier
#   meta:
#     ucd: meta.version
# - 
#   name: source_id
#   datatype: int64
#   description: Unique source identifier
#   meta:
#     ucd: meta.id;meta.main
# - 
#   name: global_ranking
#   datatype: float32
#   description: Number between 0 (worst) and 1 (best)
#   meta:
#     ucd: stat.param
# - 
#   name: reference_time
#   datatype: float64
#   unit: d
#   description: Reference time used for the geometric model fit
#   meta:
#     ucd: time.epoch
# - 
#   name: frequency
#   datatype: float64
#   unit: d**-1
#   description: Frequency of geometric model of the eclipsing binary light curve
#   meta:
#     ucd: src.orbital
# - 
#   name: frequency_error
#   datatype: float32
#   unit: d**-1
#   description: "Uncertainty of \\texttt{frequency}"
#   meta:
#     ucd: stat.error
# - 
#   name: geom_model_reference_level
#   datatype: float32
#   unit: mag
#   description: Magnitude reference level of geometric model
#   meta:
#     ucd: phot.mag;em.opt
# - 
#   name: geom_model_reference_level_error
#   datatype: float32
#   unit: mag
#   description: "Uncertainty of \\texttt{geomModelReferenceLevel}"
#   meta:
#     ucd: stat.error;phot.mag;em.opt
# - 
#   name: geom_model_gaussian1_phase
#   datatype: float32
#   description: Phase of the Gaussian 1 component
#   meta:
#     ucd: time.phase
# - 
#   name: geom_model_gaussian1_phase_error
#   datatype: float32
#   description: "Uncertainty of \\texttt{geomModelGaussian1Phase}"
#   meta:
#     ucd: stat.error;time.phase
# - 
#   name: geom_model_gaussian1_sigma
#   datatype: float32
#   description: "Standard deviation [phase] of Gaussian 1 component"
#   meta:
#     ucd: stat.stdev
# - 
#   name: geom_model_gaussian1_sigma_error
#   datatype: float32
#   description: "Uncertainty of \\texttt{geomModelGaussian1Sigma}"
#   meta:
#     ucd: stat.error
# - 
#   name: geom_model_gaussian1_depth
#   datatype: float32
#   unit: mag
#   description: Magnitude depth of Gaussian 1 component
#   meta:
#     ucd: src.var.amplitude
# - 
#   name: geom_model_gaussian1_depth_error
#   datatype: float32
#   unit: mag
#   description: "Uncertainty of \\texttt{geomModelGaussian1Depth}"
#   meta:
#     ucd: stat.error;src.var.amplitude
# - 
#   name: geom_model_gaussian2_phase
#   datatype: float32
#   description: Phase of Gaussian 2 component
#   meta:
#     ucd: time.phase
# - 
#   name: geom_model_gaussian2_phase_error
#   datatype: float32
#   description: "Uncertainty of \\texttt{geomModelGaussian2Phase}"
#   meta:
#     ucd: stat.error;time.phase
# - 
#   name: geom_model_gaussian2_sigma
#   datatype: float32
[...]
#   datatype: float32
#   description: "Secondary eclipse: uncertainty of \\texttt{derivedSecondaryEclDuration}"
#   meta:
#     ucd: stat.error;time.duration
# - 
#   name: derived_secondary_ecl_depth
#   datatype: float32
#   unit: mag
#   description: "Secondary eclipse: depth"
#   meta:
#     ucd: src.var.amplitude
# - 
#   name: derived_secondary_ecl_depth_error
#   datatype: float32
#   unit: mag
#   description: "Secondary eclipse: uncertainty of \\texttt{derivedSecondaryEclDepth}"
#   meta:
#     ucd: stat.error;src.var.amplitude
solution_id,source_id,global_ranking,reference_time,frequency,frequency_error,geom_model_reference_level,geom_model_reference_level_error,geom_model_gaussian1_phase,geom_model_gaussian1_phase_error,geom_model_gaussian1_sigma,geom_model_gaussian1_sigma_error,geom_model_gaussian1_depth,geom_model_gaussian1_depth_error,geom_model_gaussian2_phase,geom_model_gaussian2_phase_error,geom_model_gaussian2_sigma,geom_model_gaussian2_sigma_error,geom_model_gaussian2_depth,geom_model_gaussian2_depth_error,geom_model_cosine_half_period_amplitude,geom_model_cosine_half_period_amplitude_error,geom_model_cosine_half_period_phase,geom_model_cosine_half_period_phase_error,model_type,num_model_parameters,reduced_chi2,derived_primary_ecl_phase,derived_primary_ecl_phase_error,derived_primary_ecl_duration,derived_primary_ecl_duration_error,derived_primary_ecl_depth,derived_primary_ecl_depth_error,derived_secondary_ecl_phase,derived_secondary_ecl_phase_error,derived_secondary_ecl_duration,derived_secondary_ecl_duration_error,derived_secondary_ecl_depth,derived_secondary_ecl_depth_error
[from data line 481]
375316653866487564,3102080987561913344,0.48385903,2232.4753403870336,0.7610637610661891,9.269633E-5,17.696953,0.04954818,0.788098,0.016693424,0.2198029,0.09564014,0.08193481,0.046277072,0.5188025,0.0060345517,0.048926774,0.00805908,0.078549296,0.010132634,null,null,null,null,"TWOGAUSSIANS",8,2.4491627,0.5253725,0.00586164,0.27398992,0.045130845,0.10591959,0.010888467,0.788098,0.016690815,0.4,0.0,0.069611855,0.009010661
375316653866487564,3102083152229645824,0.522534,2235.9017975805536,1.6175874717172825,1.5682008E-5,16.311832,0.0021902274,0.2773301,0.001436394,0.018879052,0.0015944912,0.12715967,0.019960182,0.584329,0.119258806,0.109680295,0.08876423,0.006673603,0.0075685405,null,null,null,null,"TWOGAUSSIANS",8,2.9325843,0.27734008,0.0014333933,0.10572269,0.00892915,0.12729205,0.019901156,0.584329,0.119258806,0.4,0.073240705,0.006673193,0.0075709936
375316653866487564,3102096861765109376,0.5632806,2228.21474893859,0.4782591520239821,1.0991023E-5,14.562476,0.01884791,0.23172967,0.0034240254,0.112202406,0.02916302,0.10424579,0.01320439,0.73135704,0.014285058,0.08168442,0.01569211,0.16386853,0.021274917,null,null,null,null,"TWOGAUSSIANS",8,24.121048,0.73135704,0.014285058,0.4,0.0,0.15507223,0.009711649,0.23172967,0.0034240254,0.4,0.0,0.09543932,0.014243392
375316653866487564,3102097819538749056,0.5548372,2213.01748789627,3.365383990365383,9.148811E-6,18.61395,0.03785284,0.28645754,0.006714151,0.09542261,0.017774973,0.38967672,0.1103797,0.7722748,0.0064833504,0.082123205,0.009501702,0.49874586,0.039653294,null,null,null,null,"TWOGAUSSIANS",8,3.8588638,0.7722748,0.0064833504,0.4,0.0,0.48563412,0.032733645,0.28645754,0.006714151,0.4,0.0,0.37656388,0.116046585
375316653866487564,3102101740843704704,0.52846557,2227.0690013397802,0.9855408032427829,1.9388647E-4,19.950901,0.026062638,0.16623612,0.029949639,0.050426695,0.09146867,0.08064262,0.04008563,0.3980466,0.002076531,0.030167403,0.0021161572,0.4898611,0.017446527,null,null,null,null,"TWOGAUSSIANS",8,1.2259352,0.3980466,0.002076531,0.16893746,0.01185048,0.4898632,0.014659042,0.16623612,0.029949639,0.2823895,0.22175892,0.08064262,0.040087175
375316653866487564,3102104523987088896,0.5450596,2212.383599291654,1.2120615736364928,3.818096E-5,16.640728,0.0031254042,0.2128819,0.01082741,0.051854234,0.009458114,0.09450139,0.02427875,0.71923804,0.005116356,0.06551347,0.0075846286,0.18568453,0.039556537,null,null,null,null,"TWOGAUSSIANS",8,4.4593396,0.71923804,0.005116356,0.3668754,0.04247392,0.1856597,0.03958806,0.2128819,0.01082741,0.29038373,0.05296544,0.094476566,0.024319435
375316653866487564,3102108956388378880,0.55826235,2195.193414953059,2.8532643458223683,4.318231E-5,19.431637,0.014908911,0.33379376,0.0326007,0.08632923,0.025181456,0.37261778,0.35525182,0.8290023,0.011179507,0.079385296,0.01146405,0.38706255,0.03435875,null,null,null,null,"TWOGAUSSIANS",8,1.1810184,0.8290023,0.011179507,0.4,0.0,0.37973684,0.03567688,0.33379376,0.0326007,0.4,0.030840518,0.36529204,0.35925174
375316653866487564,3102108990753072256,0.6198304,2225.9166710826426,2.451561176466608,1.057443E-5,15.684034,0.015643103,0.26806435,0.005844606,0.08778862,0.01092143,0.16427292,0.017996544,0.75607353,0.005608088,0.09723623,0.013044753,0.2498536,0.014327705,null,null,null,null,"TWOGAUSSIANS",8,13.080494,0.75607353,0.005608088,0.4,0.0,0.24097782,0.01901814,0.26806435,0.0058381883,0.4,0.0,0.1553982,0.0132042235
375316653866487564,3102110876239526272,0.541844,2236.7184996392557,1.9645767792492028,1.865231E-5,18.763947,0.009096798,0.21376383,9.638289E-4,0.032955643,0.0019022413,0.32949927,0.00886923,0.7379405,0.0024995538,0.047966022,0.0032439937,0.46243608,0.012799681,null,null,null,null,"TWOGAUSSIANS",8,7.2060165,0.7379405,0.0024995538,0.2686097,0.018166365,0.46243608,0.012799681,0.21376383,9.638289E-4,0.1845516,0.010652551,0.32949927,0.008869229
375316653866487564,3102116201999121920,0.48352212,2247.5516507064217,2.3439489382531167,3.385052E-5,17.416489,0.013094257,0.36783445,0.0078042643,0.09310156,0.01872968,0.09775231,0.014452989,0.83288026,0.018478725,0.12073201,0.0386171,0.060593277,0.01037189,null,null,null,null,"TWOGAUSSIANS",8,5.1359644,0.36792445,0.0077524562,0.4,0.0,0.09139764,0.014487059,0.83288026,0.018478725,0.4,0.0,0.054199282,0.007252303
375316653866487564,3102118989436527104,0.6254892,2157.190608387517,2.2070455673032985,8.726049E-6,15.478257,0.029672008,0.3181634,0.0026819631,0.09893032,0.009811915,0.2890295,0.028117452,0.82579476,0.0067919884,0.11041544,0.01991036,0.25691727,0.030340847,null,null,null,null,"TWOGAUSSIANS",8,14.843257,0.3181534,0.002690288,0.4,0.0,0.26040787,0.009083279,0.82579476,0.0067919884,0.4,0.0,0.22827843,0.03988314
375316653866487564,3102121497697409792,0.6273365,2143.403502661215,1.0371544242819715,8.323144E-6,16.211924,0.00941797,0.17360264,0.0026464039,0.06586833,0.004104578,0.5182042,0.053141486,0.6732056,0.0015383967,0.068787076,0.005639765,0.2887869,0.02792082,null,null,null,null,"TWOGAUSSIANS",8,9.217558,0.17360264,0.0026464039,0.3688627,0.022985637,0.5174362,0.053463947,0.6732056,0.0015383967,0.38520762,0.029514598,0.2880189,0.0282711
375316653866487564,3102121566416877568,0.56998336,2191.361347088281,3.9569550024114792,1.989397E-5,16.594744,0.076088004,0.26780874,0.018217849,0.050924167,0.028210936,0.26201805,0.15373975,0.7717194,0.052070092,0.065529115,0.044031303,0.4640932,0.31792754,0.0639611,0.08877843,0.26780874,0.018217849,"TWOGAUSSIANS_WITH_ELLIPSOIDAL_ON_ECLIPSE1",9,38.896473,0.7717194,0.05168297,0.36696306,0.24303198,0.5916919,0.24056664,0.26780874,0.018217849,0.28517532,0.15798125,0.38969398,0.049245372
375316653866487564,3102127029615694080,0.6188108,2211.3580393907064,3.55933123016582,4.556141E-6,17.749954,0.012672405,0.3760717,0.017562224,0.066468716,0.011890886,0.4052077,0.047261935,0.87954515,0.003870091,0.07075459,0.0035238792,0.42511797,0.016554445,null,null,null,null,"TWOGAUSSIANS",8,3.4531353,0.87954515,0.003870091,0.39622572,0.010017953,0.42412665,0.0154449735,0.3760717,0.017562224,0.3722248,0.044164114,0.40421638,0.045574512
375316653866487564,3102133691104308992,0.5593511,2286.114168033985,0.46959697907099096,1.7442375E-4,18.101469,0.006451753,0.10024124,0.0049682492,0.01727057,0.002887818,0.3696765,0.15439692,0.39007795,0.055102702,0.06549557,0.07262858,0.024151262,0.013749598,null,null,null,null,"TWOGAUSSIANS",8,2.181845,0.10024124,0.0049664336,0.0967152,0.016171781,0.36967784,0.15443766,0.39007795,0.055102702,0.36677518,0.17926115,0.024151262,0.013750289
375316653866487564,3102139051226126080,0.48375046,2255.9998667426726,3.316046202632065,4.3030344E-5,17.351192,0.0042079287,null,null,null,null,null,null,null,null,null,null,null,null,0.061115697,0.004943286,0.23369282,0.010915495,"ELLIPSOIDAL",4,12.41981,null,null,null,null,null,null,null,null,null,null,null,null
375316653866487564,3102139124243910016,0.5227837,2272.1659556262152,0.4307728548080454,3.113197E-5,12.740692,0.008047805,0.25059757,0.015543101,0.042766426,0.052850522,0.9474399,0.98614264,0.7840909,0.007956061,0.024846185,0.0110641215,0.1416917,0.06613826,null,null,null,null,"TWOGAUSSIANS",8,200.2493,0.25059757,0.015543101,0.23949198,0.15494695,0.9474399,0.9861495,0.7840909,0.007956061,0.13913864,0.06195908,0.1416917,0.066137634
375316653866487564,3102140258115034752,0.53195596,2270.920528143179,0.29317938965003165,8.266187E-5,16.037605,0.0022092788,0.2811594,0.01654268,0.063757256,0.014094329,0.57437176,0.053454783,null,null,null,null,null,null,null,null,null,null,"ONEGAUSSIAN",5,230.5362,0.2811594,0.01654268,0.35704064,0.07162895,0.57437176,0.0,null,null,null,null,null,null
375316653866487564,3102140666130534912,0.5366785,2232.4557739172456,3.3082192974293916,2.5026238E-5,19.068626,0.01087958,0.17806005,0.007278324,0.07213439,0.016078487,0.3937219,0.08795339,0.68162555,0.005298373,0.09388749,0.006325857,0.34591234,0.014094391,null,null,null,null,"TWOGAUSSIANS",8,2.08091,0.17806005,0.007278324,0.4,0.059211362,0.38644466,0.09439702,0.68162555,0.005298373,0.4,0.0,0.33863458,0.011878595
375316653866487564,3102149118626297216,0.55942965,2279.8744102844885,3.8196578261980383,1.7957655E-5,18.432241,0.0122786565,0.33848935,0.003948758,0.06687479,0.01027275,0.37909544,0.06194456,0.8473402,0.0027704455,0.08258822,0.0055366773,0.2942154,0.015196908,null,null,null,null,"TWOGAUSSIANS",8,3.3172925,0.33848935,0.003948758,0.37449878,0.05708234,0.37710682,0.0632548,0.8473402,0.0027704455,0.4,0.0,0.2922268,0.014831638
375316653866487564,3102154753623335680,0.46328962,2200.5856503697755,0.6112868698381067,6.113099E-5,16.21392,0.020230679,0.17244291,0.0060941842,0.045083705,0.008989566,0.23757155,0.06977147,null,null,null,null,null,null,0.060578357,0.032088578,0.17244291,0.0060941842,"ONEGAUSSIAN_WITH_ELLIPSOIDAL",6,85.02855,0.17244291,0.0060941842,0.25246876,0.05034157,0.35872823,0.0501243,null,null,null,null,null,null
375316653866487564,3102156024933752704,0.6311783,2210.484653384174,4.705712109268608,1.3093286E-6,16.139872,8.8960794E-4,0.5230359,1.1139443E-5,0.016599989,1.2061119E-4,1.7150433,0.052376363,null,null,null,null,null,null,null,null,null,null,"ONEGAUSSIAN",5,1.594645,0.5230359,1.1139443E-5,0.09295993,6.7542266E-4,1.7150433,0.0,null,null,null,null,null,null
375316653866487564,3102159946245062016,0.4542367,2279.555808335409,3.2663182511709477,9.381481E-5,16.65154,0.020864109,0.26746675,0.013558698,0.08428294,0.021895166,0.13712946,0.028376257,0.72348475,0.04340947,0.0641756,0.043555483,0.08754222,0.020464612,null,null,null,null,"TWOGAUSSIANS",8,41.771885,0.26746675,0.013558698,0.4,0.0,0.13685763,0.0252428,0.72348475,0.04340947,0.35938334,0.12750794,0.08727045,0.015161512
375316653866487564,3102161969172332672,0.46828878,2222.9130446914396,0.12681755602004585,7.59178E-5,19.015259,0.01630502,0.18468446,4.9004033E-5,0.012806763,4.8442904E-4,0.4761192,0.012611407,0.4644668,0.03410402,0.052857563,0.028264137,0.3811949,0.3966044,null,null,null,null,"TWOGAUSSIANS",8,14.392255,0.18468446,4.9004033E-5,0.07171787,0.0027128025,0.47611952,0.012611822,0.4644668,0.03410402,0.29600236,0.15827917,0.3811949,0.3966044
375316653866487564,3102162999960819584,0.52597475,2209.6559771169796,3.760329574931001,4.143444E-5,19.511534,0.031250816,0.20193963,0.008341043,0.05206024,0.010146023,0.4328167,0.05474075,0.6871054,0.025687123,0.060403787,0.027295636,0.62303156,0.1687125,null,null,null,null,"TWOGAUSSIANS",8,6.181466,0.6871054,0.025687123,0.33826122,0.08533404,0.623002,0.17003983,0.20193963,0.008341043,0.29153734,0.05681773,0.43278718,0.054972358
375316653866487564,3102163721515399040,0.6250659,2247.6076321805385,1.6506979040998895,7.826996E-6,18.424221,0.0070193,0.27022088,0.010149777,0.044916183,0.005258281,0.7500442,0.07199197,0.77693695,0.0019022775,0.053184982,0.0026294577,0.26010197,0.008831273,null,null,null,null,"TWOGAUSSIANS",8,2.4556224,0.27022088,0.010149777,0.25153062,0.02944637,0.75004286,0.07199021,0.77693695,0.0019022775,0.2978359,0.014724962,0.2601006,0.008830345
375316653866487564,3102170425965131264,0.422827,2240.0761994435215,0.3953532190438716,5.422007E-5,15.715466,0.048377737,null,null,null,null,null,null,null,null,null,null,null,null,0.1216554,0.073931485,0.24160287,0.012109718,"ELLIPSOIDAL",4,795.1042,null,null,null,null,null,null,null,null,null,null,null,null
375316653866487564,3102170941361557504,0.540753,2225.77656880713,3.436122251923945,1.5620917E-5,13.725988,0.012811454,0.27819282,0.0035472421,0.07693934,0.0045449906,0.51030207,0.02937785,0.78332436,0.020360366,0.076168306,0.024520604,0.3734362,0.1829453,null,null,null,null,"TWOGAUSSIANS",8,637.1489,0.27819282,0.0035472421,0.4,0.0,0.5065232,0.029586053,0.78332436,0.020360366,0.4,0.06725363,0.3696574,0.1874136
375316653866487564,3102174720932738688,0.6429581,2213.4107084959423,2.38195664756245,8.122542E-6,15.058774,0.0029385076,0.28445378,0.0016232898,0.07062284,0.0021765612,0.25243592,0.004938185,0.79006284,0.006155824,0.0772406,0.0065735234,0.106654,0.0029416562,null,null,null,null,"TWOGAUSSIANS",8,8.120445,0.28445378,0.0016232898,0.3954879,0.011204943,0.25151592,0.004929574,0.79006284,0.006155824,0.4,0.0,0.105734,0.0026021216
375316653866487564,3102175579926240640,0.6787683,2264.0292312116358,1.290555374662249,2.7562008E-5,15.727174,0.003979318,0.271904,0.001004126,0.04132639,0.0019009083,0.25010538,0.012894478,0.7681112,0.010018092,0.052975368,0.03361756,0.37069705,0.30516288,0.032694995,0.005507234,0.271904,0.001004126,"TWOGAUSSIANS_WITH_ELLIPSOIDAL_ON_ECLIPSE1",9,5.70322,0.7682512,0.0097362185,0.29666206,0.10173725,0.43604746,0.30180305,0.271904,0.001004126,0.23142777,0.010645087,0.31549153,0.009429972
375316653866487564,3102179496935951744,0.66650283,2226.509108335902,2.7532274830727346,6.8012832E-6,16.153236,0.012975456,0.25987595,0.0030302552,0.05060393,0.0077623427,0.286818,0.032959025,0.7541706,0.020769525,0.04801461,0.013588903,0.32382044,0.06609986,0.13287742,0.01646369,0.25987595,0.0030302552,"TWOGAUSSIANS_WITH_ELLIPSOIDAL_ON_ECLIPSE1",9,19.969023,0.75491065,0.020013815,0.26888183,0.07609785,0.5892764,0.055902105,0.25987595,0.0030302552,0.28338203,0.04346912,0.552571,0.021401262
375316653866487564,3102179939314598144,0.49152347,2158.6017086941556,0.8112836060975664,7.2687995E-5,17.667877,0.1105503,0.24044457,0.004144293,0.056474455,0.011113032,0.80512196,0.32519343,null,null,null,null,null,null,0.11571793,0.1208772,0.24044457,0.004144293,"ONEGAUSSIAN_WITH_ELLIPSOIDAL",6,118.332954,0.24044457,0.004144293,0.31625694,0.06223298,1.0365132,0.2565095,null,null,null,null,null,null
375316653866487564,3102187915072188800,0.6289366,2253.690983623147,2.3820849327417197,7.4250706E-6,15.513425,0.008089508,0.17241012,0.0016021141,0.09862306,0.003873024,0.30706546,0.011314615,0.6782027,0.0013558291,0.0895814,0.00277315,0.34905204,0.0087506175,null,null,null,null,"TWOGAUSSIANS",8,13.565481,0.6782027,0.0013558291,0.4,0.0,0.33145368,0.007504874,0.17241012,0.0016021141,0.4,0.0,0.28946555,0.01116717
375316653866487564,3102190423332800768,0.5630999,2205.749911830506,1.7116319479322923,6.422309E-6,14.876809,0.0011676485,null,null,null,null,null,null,null,null,null,null,null,null,0.045290675,0.001779695,0.31832838,0.0020714086,"ELLIPSOIDAL",4,10.801653,null,null,null,null,null,null,null,null,null,null,null,null
375316653866487564,3102193373970124672,0.4949483,2204.4639108511474,1.1634911286640477,1.3576225E-5,17.379387,0.0032751055,0.16782348,3.333956E-5,0.0031901223,1.02331935E-4,0.17542861,3.7196043E-4,0.7079585,0.027909774,0.07671699,0.01862232,0.028324487,0.014794199,null,null,null,null,"TWOGAUSSIANS",8,4.2296453,0.16782348,3.333956E-5,0.017864686,5.7305885E-4,0.17542861,3.719591E-4,0.7079585,0.027909774,0.4,0.04542832,0.028324487,0.014794199
375316653866487564,3102195199336398336,0.6124694,2217.2883865020685,2.5303143351987747,9.04565E-6,15.625268,0.051298082,0.24678895,0.003412825,0.06595769,0.012763061,0.407514,0.07536079,0.7434805,0.020266319,0.058209393,0.026636317,0.2198383,0.1081309,0.044991754,0.056149557,0.24678895,0.003412825,"TWOGAUSSIANS_WITH_ELLIPSOIDAL_ON_ECLIPSE1",9,56.039356,0.24678895,0.003412825,0.36936307,0.05015821,0.49718767,0.053661954,0.7438105,0.01860656,0.32597262,0.14916338,0.30947694,0.044768136
375316653866487564,3102197428419399424,0.5525704,2169.8511052985655,2.9102991319942753,3.0018906E-5,18.708153,0.02389653,0.2175868,0.025398856,0.07671206,0.023160934,0.45845973,0.15374537,0.70917726,0.003931071,0.07699111,0.009751289,0.40615427,0.04028289,null,null,null,null,"TWOGAUSSIANS",8,4.559812,0.2175868,0.025398856,0.4,0.016097894,0.4548282,0.16132441,0.70917726,0.003931071,0.4,0.0,0.40252274,0.041960735
375316653866487564,3102216949050920192,0.4860038,2263.736075436758,0.41250682965437985,2.2942339E-5,14.160107,0.0017717936,null,null,null,null,null,null,null,null,null,null,null,null,0.039108206,0.0037193957,0.22715788,0.003928279,"ELLIPSOIDAL",4,60.82496,null,null,null,null,null,null,null,null,null,null,null,null
