Gaia/vari_eclipsing_binary/VariEclipsingBinary_484606-484647.csv
# %ECSV 1.0
# ---
# delimiter: ','
# meta: !!omap
# - RELEASE: Gaia DR3
# - TABLE: vari_eclipsing_binary
# - DESCRIPTION: >
#     This table describes the properties of the eclipsing binaries resulting from the variability analysis. 
# - CITATION: >
#     How to cite and acknowledge Gaia: 
#     https://gea.esac.esa.int/archive/documentation/credits.html 
# - KNOWN_ISSUES: >
#     Known issues: 
#     https://www.cosmos.esa.int/web/gaia-users/known-issues 
# - DOCUMENTATION: >
#     Tutorials and documentation: 
#     https://www.cosmos.esa.int/web/gaia-users/archive 
# datatype:
# - 
#   name: solution_id
#   datatype: int64
#   description: Solution Identifier
#   meta:
#     ucd: meta.version
# - 
#   name: source_id
#   datatype: int64
#   description: Unique source identifier
#   meta:
#     ucd: meta.id;meta.main
# - 
#   name: global_ranking
#   datatype: float32
#   description: Number between 0 (worst) and 1 (best)
#   meta:
#     ucd: stat.param
# - 
#   name: reference_time
#   datatype: float64
#   unit: d
#   description: Reference time used for the geometric model fit
#   meta:
#     ucd: time.epoch
# - 
#   name: frequency
#   datatype: float64
#   unit: d**-1
#   description: Frequency of geometric model of the eclipsing binary light curve
#   meta:
#     ucd: src.orbital
# - 
#   name: frequency_error
#   datatype: float32
#   unit: d**-1
#   description: "Uncertainty of \\texttt{frequency}"
#   meta:
#     ucd: stat.error
# - 
#   name: geom_model_reference_level
#   datatype: float32
#   unit: mag
#   description: Magnitude reference level of geometric model
#   meta:
#     ucd: phot.mag;em.opt
# - 
#   name: geom_model_reference_level_error
#   datatype: float32
#   unit: mag
#   description: "Uncertainty of \\texttt{geomModelReferenceLevel}"
#   meta:
#     ucd: stat.error;phot.mag;em.opt
# - 
#   name: geom_model_gaussian1_phase
#   datatype: float32
#   description: Phase of the Gaussian 1 component
#   meta:
#     ucd: time.phase
# - 
#   name: geom_model_gaussian1_phase_error
#   datatype: float32
#   description: "Uncertainty of \\texttt{geomModelGaussian1Phase}"
#   meta:
#     ucd: stat.error;time.phase
# - 
#   name: geom_model_gaussian1_sigma
#   datatype: float32
#   description: "Standard deviation [phase] of Gaussian 1 component"
#   meta:
#     ucd: stat.stdev
# - 
#   name: geom_model_gaussian1_sigma_error
#   datatype: float32
#   description: "Uncertainty of \\texttt{geomModelGaussian1Sigma}"
#   meta:
#     ucd: stat.error
# - 
#   name: geom_model_gaussian1_depth
#   datatype: float32
#   unit: mag
#   description: Magnitude depth of Gaussian 1 component
#   meta:
#     ucd: src.var.amplitude
# - 
#   name: geom_model_gaussian1_depth_error
#   datatype: float32
#   unit: mag
#   description: "Uncertainty of \\texttt{geomModelGaussian1Depth}"
#   meta:
#     ucd: stat.error;src.var.amplitude
# - 
#   name: geom_model_gaussian2_phase
#   datatype: float32
#   description: Phase of Gaussian 2 component
#   meta:
#     ucd: time.phase
# - 
#   name: geom_model_gaussian2_phase_error
#   datatype: float32
#   description: "Uncertainty of \\texttt{geomModelGaussian2Phase}"
#   meta:
#     ucd: stat.error;time.phase
# - 
#   name: geom_model_gaussian2_sigma
#   datatype: float32
[...]
#   datatype: float32
#   description: "Secondary eclipse: uncertainty of \\texttt{derivedSecondaryEclDuration}"
#   meta:
#     ucd: stat.error;time.duration
# - 
#   name: derived_secondary_ecl_depth
#   datatype: float32
#   unit: mag
#   description: "Secondary eclipse: depth"
#   meta:
#     ucd: src.var.amplitude
# - 
#   name: derived_secondary_ecl_depth_error
#   datatype: float32
#   unit: mag
#   description: "Secondary eclipse: uncertainty of \\texttt{derivedSecondaryEclDepth}"
#   meta:
#     ucd: stat.error;src.var.amplitude
solution_id,source_id,global_ranking,reference_time,frequency,frequency_error,geom_model_reference_level,geom_model_reference_level_error,geom_model_gaussian1_phase,geom_model_gaussian1_phase_error,geom_model_gaussian1_sigma,geom_model_gaussian1_sigma_error,geom_model_gaussian1_depth,geom_model_gaussian1_depth_error,geom_model_gaussian2_phase,geom_model_gaussian2_phase_error,geom_model_gaussian2_sigma,geom_model_gaussian2_sigma_error,geom_model_gaussian2_depth,geom_model_gaussian2_depth_error,geom_model_cosine_half_period_amplitude,geom_model_cosine_half_period_amplitude_error,geom_model_cosine_half_period_phase,geom_model_cosine_half_period_phase_error,model_type,num_model_parameters,reduced_chi2,derived_primary_ecl_phase,derived_primary_ecl_phase_error,derived_primary_ecl_duration,derived_primary_ecl_duration_error,derived_primary_ecl_depth,derived_primary_ecl_depth_error,derived_secondary_ecl_phase,derived_secondary_ecl_phase_error,derived_secondary_ecl_duration,derived_secondary_ecl_duration_error,derived_secondary_ecl_depth,derived_secondary_ecl_depth_error
[from data line 488]
375316653866487564,4262962024354838400,0.58482814,2197.6189053386447,1.4329506546421409,7.3202023E-6,17.308184,0.009716278,0.24979757,0.0069477563,0.0705754,0.007868377,0.26527235,0.023157366,0.7399036,0.0012954815,0.061524898,0.002816764,0.57667696,0.019436888,null,null,null,null,"TWOGAUSSIANS",8,13.772198,0.7399036,0.0012954815,0.34453943,0.015773878,0.5762381,0.019486321,0.24979757,0.0069477563,0.39522222,0.037093345,0.26483345,0.02322255
375316653866487564,4262962269187754752,0.5961442,2213.6762143127053,2.239750682744872,1.0492827E-5,17.328049,0.0180336,0.13161302,0.004675451,0.077626,0.0065386132,0.36688772,0.019003497,0.623491,0.00330017,0.06891251,0.01694466,0.5475372,0.10565311,null,null,null,null,"TWOGAUSSIANS",8,10.397813,0.623491,0.00330017,0.38591006,0.02642885,0.54537714,0.111422606,0.13161302,0.004675451,0.4,0.0,0.36472765,0.014751822
375316653866487564,4262962440958424320,0.5577402,2219.448500038186,1.0547140912615163,5.9523732E-5,18.904366,0.007884938,0.30889547,0.013056191,0.06375485,0.0073900945,0.1299588,0.024071293,0.788709,0.038097654,0.05202266,0.031456463,0.31567535,5.0497737,null,null,null,null,"TWOGAUSSIANS",8,1.8859053,0.788709,0.038097654,0.29132688,0.17615618,0.31565952,5.049792,0.30889547,0.013056191,0.35702717,0.04138453,0.12994298,0.024054721
375316653866487564,4262962883347957248,0.6446884,2243.1027198642055,2.0850366356845433,1.01851965E-5,17.680975,0.011003668,0.3215596,0.0037353022,0.08913893,0.0047606593,0.46837604,0.011405529,0.8144022,0.0020630897,0.09098973,0.0032928928,0.42186704,0.011900831,null,null,null,null,"TWOGAUSSIANS",8,2.6336565,0.3215596,0.0037353022,0.4,0.0,0.45150393,0.0073178783,0.8144022,0.0020630897,0.4,0.0,0.40499482,0.009768373
375316653866487564,4262963712296692992,0.5213379,2209.5986722751504,2.0126530673874874,2.3625716E-5,18.137981,0.029915642,0.23513491,0.004604255,0.0686351,0.006607963,0.48852175,0.035108216,0.7288655,0.03195307,0.097592615,0.03379718,0.23314631,0.22173437,null,null,null,null,"TWOGAUSSIANS",8,13.246987,0.23513491,0.0046056444,0.38435656,0.032772634,0.48259282,0.029344218,0.7288655,0.03195307,0.4,0.0,0.22721641,0.22511417
375316653866487564,4262964154654395264,0.56914306,2204.8788909926425,2.8185114267797977,9.912899E-6,18.042315,0.011990048,0.24930395,0.005887055,0.08613415,0.0051255464,0.48066735,0.023506405,0.74006337,0.0025571508,0.077568695,0.0068236347,0.40401644,0.032286208,null,null,null,null,"TWOGAUSSIANS",8,9.095854,0.24930395,0.005887055,0.4,0.0,0.47366506,0.022015234,0.74006337,0.0025571508,0.4,0.0,0.3970142,0.035189427
375316653866487564,4262964536902317568,0.518206,2259.6558402823503,1.410620418115937,4.473225E-5,18.983995,0.030355692,0.3604519,0.013243489,0.074245326,0.0108606545,0.20707847,0.029924773,0.69112664,0.019228917,0.17862311,0.04192786,0.1418819,0.027699953,null,null,null,null,"TWOGAUSSIANS",8,1.0435823,0.3678719,0.012118939,0.4,0.013460253,0.22412121,0.03224687,0.69112664,0.019228917,0.4,0.0,0.13226724,0.017634515
375316653866487564,4262965013651681664,0.5887588,2269.6860589071093,2.9106438886797634,1.9159883E-5,18.369808,0.021230347,0.3123428,0.0369004,0.09298381,0.034529127,0.38480473,0.028567519,0.81916845,0.0037619793,0.0897245,0.0089414185,0.40016147,0.024179338,null,null,null,null,"TWOGAUSSIANS",8,3.2632866,0.81916845,0.0037619793,0.4,0.0,0.3834279,0.024836073,0.3123428,0.0369004,0.4,0.06923832,0.36807087,0.017029831
375316653866487564,4262965151090758144,0.46663904,2320.1618272511096,2.3486290759022457,1.13271606E-4,18.45199,0.19941273,0.15703215,0.009587234,0.038335424,0.027920784,0.280287,129.40495,0.7641061,0.017079221,0.19884667,0.10795098,0.23935173,0.1893875,null,null,null,null,"TWOGAUSSIANS",8,2.497591,0.15542215,0.009814565,0.21467836,0.1563564,0.29489228,129.40692,0.7641061,0.017079221,0.4,0.0,0.21747513,0.054191913
375316653866487564,4262965189765822720,0.5480669,2256.4614329664587,2.872642276491456,4.327392E-5,16.316431,0.028242834,0.28413093,0.008266343,0.11622747,0.014163497,0.26890814,0.030621229,0.7814417,0.017584285,0.08687042,0.016668417,0.29766265,0.028331373,null,null,null,null,"TWOGAUSSIANS",8,60.674847,0.7814417,0.01759338,0.4,0.0,0.27182645,0.019303171,0.28413093,0.008266343,0.4,0.0,0.2430202,0.01829175
375316653866487564,4262967350111193856,0.5953884,2260.206606591768,2.443335846441633,9.964048E-6,18.203056,0.014374495,0.30843598,0.005527196,0.09222323,0.007039776,0.39813083,0.021801664,0.8156299,0.0025732403,0.08946108,0.010646903,0.26333296,0.029883059,null,null,null,null,"TWOGAUSSIANS",8,2.4070373,0.30843598,0.005527196,0.4,0.0,0.38497218,0.020735528,0.8156299,0.0025732403,0.4,0.0,0.25017458,0.033864442
375316653866487564,4262967766746494848,0.5107603,2222.5293742741205,0.09468180561225242,3.1537296E-5,18.78539,0.006278926,0.22124624,0.0018370518,0.06335988,0.006618211,0.123590566,0.0058796043,0.6320489,0.06132097,0.05512246,0.029666925,0.11199398,0.07422514,null,null,null,null,"TWOGAUSSIANS",8,1.8192619,0.22124624,0.0018370518,0.3548153,0.03706198,0.12358956,0.0054927235,0.6320489,0.06132097,0.30868578,0.11440427,0.11199298,0.073380135
375316653866487564,4262967899867402368,0.5649625,2192.165030884302,3.162652162626142,1.1161522E-5,17.394203,0.4743019,0.14208153,0.011730875,0.1371254,0.0595226,0.38742998,0.43224135,0.65281606,0.0052981433,0.14360441,0.046763748,0.4321158,0.4385082,null,null,null,null,"TWOGAUSSIANS",8,5.6435485,0.65316606,0.004422603,0.4,0.0,0.27665195,0.011068688,0.14148153,0.01089627,0.4,0.0,0.23300284,0.018752918
375316653866487564,4262968071666068992,0.63060886,2261.1670494889004,2.8161479473487376,1.1935008E-5,18.084503,0.0058466415,0.2814847,0.0035176,0.07640168,0.004984903,0.36080667,0.009762528,0.7683912,0.0057513434,0.07601823,0.004869975,0.3950365,0.031875953,null,null,null,null,"TWOGAUSSIANS",8,2.0066347,0.7683912,0.0057513434,0.4,0.0,0.3924229,0.032404613,0.2814847,0.0035176,0.4,0.0,0.35819307,0.009674046
375316653866487564,4262968179038157184,0.47360647,2267.353708595572,2.96962127543405,4.124269E-5,18.36723,0.09637187,0.34609193,0.02186927,0.08325651,0.03373813,0.40714243,0.085593306,0.8307042,0.013230012,0.10563522,0.043634,0.32500547,0.056574624,null,null,null,null,"TWOGAUSSIANS",8,14.819208,0.34609193,0.021913875,0.4,0.045306105,0.3899876,0.07793115,0.8307042,0.013230012,0.4,0.022874339,0.3078397,0.05107015
375316653866487564,4262968763178956288,0.5091119,2265.448036770531,4.923937749275916,1.891267E-5,17.28476,0.0067279553,0.13839756,0.0033542905,0.029029889,0.0071072876,0.2834232,0.44202098,0.81367403,0.0038897782,0.040665377,0.002505534,0.33293116,0.022467978,null,null,null,null,"TWOGAUSSIANS",8,18.318441,0.81367403,0.0038897782,0.22772612,0.01403099,0.33293116,0.022467978,0.13839756,0.0033542905,0.16256738,0.03980081,0.2834232,0.44202098
375316653866487564,4262969244190179968,0.5055039,2265.9944192857133,2.8874691359221347,1.2803037E-4,18.39465,0.19593902,0.35478267,0.019194238,0.10914094,0.12284388,0.16970183,0.19014466,0.8338405,0.016773328,0.06807641,0.025659004,0.33847374,0.17992675,null,null,null,null,"TWOGAUSSIANS",8,11.346475,0.8338405,0.016773328,0.38122788,0.05666294,0.33287615,0.069626324,0.35478267,0.019194238,0.4,0.0,0.1640912,0.046407983
375316653866487564,4262969755293005568,0.46046153,2257.9033103234674,0.6281301770769184,7.455065E-5,17.873701,0.033131428,0.1657791,0.015668074,0.08574129,0.0149795,0.097475894,0.019713167,0.57824296,0.01553164,0.17447692,0.039250985,0.16769262,0.028011508,null,null,null,null,"TWOGAUSSIANS",8,4.975117,0.57824296,0.01553164,0.4,0.0,0.1466906,0.014161155,0.1770391,0.013847948,0.4,0.0,0.08802209,0.012654753
375316653866487564,4262970412445730816,0.57219106,2255.0909312420476,2.6407263756547814,1.6027672E-5,18.208475,0.012981704,0.25921637,0.0020989296,0.07486863,0.0047371043,0.47826034,0.023155235,0.7674894,0.020661578,0.07091063,0.013879094,0.46584648,0.06856757,null,null,null,null,"TWOGAUSSIANS",8,7.295409,0.25921637,0.0020989296,0.4,0.0,0.4760959,0.024065273,0.7674894,0.020661578,0.39709955,0.032944925,0.4636821,0.06665627
375316653866487564,4262970511207300992,0.5154741,2301.9029128844063,0.07725481582027598,8.540722E-5,18.874409,0.005438501,0.8961997,0.027153278,0.01192878,0.026743403,0.042812355,0.010605382,0.5898508,0.0063836724,0.08117316,0.006033593,0.19479832,0.015487209,null,null,null,null,"TWOGAUSSIANS",8,1.9744956,0.5898508,0.0063836724,0.4,0.0,0.19479832,0.015487215,0.89617974,0.027689451,0.06680117,0.14976306,0.042969733,0.010744686
375316653866487564,4262970824763056640,0.54133487,2308.875734791479,0.2753420823816305,3.162758E-4,18.823406,0.016727256,0.5968338,0.092588514,0.036964208,0.0675782,0.91126966,1.5138283E23,null,null,null,null,null,null,0.025151929,0.027917935,0.5968338,0.092588514,"ONEGAUSSIAN_WITH_ELLIPSOIDAL",6,9.218364,0.5968338,0.092588514,0.20699957,0.37843788,0.9615735,1.5138283E23,null,null,null,null,null,null
375316653866487564,4262971095323221120,0.6301589,2231.5228759668807,0.07946844993279083,1.0652938E-6,18.30958,0.004852673,0.94616455,7.5494563E-6,0.0015437582,4.608241E-5,1.0724226,0.019530185,null,null,null,null,null,null,null,null,null,null,"ONEGAUSSIAN",5,4.2612476,0.94616455,7.5494563E-6,0.008645046,2.5806148E-4,1.0724226,0.0,null,null,null,null,null,null
375316653866487564,4262971786809515776,0.56967276,2252.6533924026103,1.9170784830957546,1.242788E-5,18.601723,0.012040754,0.2466505,0.0052412725,0.09016842,0.006109741,0.33366257,0.015925705,0.7532893,0.0024648656,0.088994876,0.00488082,0.34603298,0.013901076,null,null,null,null,"TWOGAUSSIANS",8,1.797866,0.7532893,0.0024648656,0.4,0.0,0.33356622,0.012753824,0.2466505,0.0052412725,0.4,0.0,0.32119575,0.01415792
375316653866487564,4262971786809550208,0.52345747,2245.913073179761,0.20236795793149268,2.0362135E-5,18.29946,0.020443063,0.3469449,0.005198309,0.10655054,0.019099714,0.2523497,0.041153397,0.83685726,0.015455616,0.069352366,0.016958352,0.3298957,0.037046928,null,null,null,null,"TWOGAUSSIANS",8,2.0071292,0.83685726,0.015455616,0.38837326,0.056532692,0.32177985,0.044976532,0.3469449,0.005198309,0.4,0.0,0.24422471,0.049607903
375316653866487564,4262972194835119360,0.5017071,2266.958532915525,2.381455918113586,7.1746035E-5,17.796673,0.010186757,0.27286997,0.024433456,0.078390405,0.014864191,0.31389558,0.06372291,0.7990691,0.044525232,0.027570134,0.022810379,0.4914168,0.6808757,null,null,null,null,"TWOGAUSSIANS",8,37.30797,0.7990691,0.044525232,0.15439275,0.12773812,0.49141407,0.6808781,0.27286997,0.024433456,0.4,0.021659005,0.31389284,0.06372287
375316653866487564,4262972675871362560,0.6063738,2250.199462819388,3.42983723101224,7.715206E-6,18.328112,0.012659691,0.27087682,0.004322758,0.046380177,0.0060804104,0.26378208,0.027969522,null,null,null,null,null,null,0.12960888,0.017221592,0.27087682,0.004322758,"ONEGAUSSIAN_WITH_ELLIPSOIDAL",6,3.5462928,0.27087682,0.004322758,0.259729,0.034050297,0.5229995,0.01408437,null,null,null,null,null,null
375316653866487564,4262973092481002752,0.5700592,2273.9629119617766,3.3575175303217057,4.587036E-5,19.584448,0.02418233,0.21215698,0.008492809,0.05803205,0.011498043,0.4449134,0.05060557,0.73117876,0.01900856,0.07280113,0.03225947,0.39695483,0.030759746,null,null,null,null,"TWOGAUSSIANS",8,1.019926,0.21215698,0.008493441,0.32497948,0.06438904,0.4445963,0.05006775,0.73117876,0.01900856,0.4,0.05996134,0.39663774,0.030451447
375316653866487564,4262973363060363520,0.46799338,2286.398532652895,2.679678566601401,2.8037135E-5,17.965014,0.44611207,0.3430658,0.0119889015,0.20587142,0.12030067,0.40983745,0.43554065,0.83497447,0.03319624,0.14850897,0.09390915,0.35966274,0.36953765,null,null,null,null,"TWOGAUSSIANS",8,7.0182476,0.3441758,0.0103305075,0.4,0.0,0.13871272,0.0081547955,0.83497447,0.03324154,0.4,0.0,0.1290968,0.013894421
375316653866487564,4262973706665337088,0.48531562,2241.9456137144484,0.16714264921260003,4.6973797E-5,17.57951,0.0026334412,0.20370376,0.008458452,0.0632245,0.008143893,0.052898433,0.0063042026,0.7667274,0.028332723,0.06439681,0.021555983,0.09358784,0.03737007,null,null,null,null,"TWOGAUSSIANS",8,1.8589312,0.7667274,0.028332723,0.36062217,0.056790765,0.09357948,0.03744239,0.20370376,0.008458452,0.3540572,0.0456058,0.052890074,0.006275379
375316653866487564,4262974020219713024,0.4982203,2235.8314083147147,0.3782350638617583,2.0922875E-5,18.27819,0.36637628,0.25664097,0.012573155,0.14677349,0.071587175,0.38310537,0.36985222,0.7970621,0.012760925,0.11418929,0.05369352,0.2874994,0.31822124,null,null,null,null,"TWOGAUSSIANS",8,1.1031842,0.25648096,0.0112719545,0.4,0.0,0.30464178,0.06566531,0.7994821,0.005219736,0.4,0.0,0.21228679,0.05040113
375316653866487564,4262974535591935488,0.5067374,2238.185244965231,3.0489148052657455,5.5754528E-5,19.40773,0.009821309,0.32216814,0.00831868,0.07413,0.008902587,0.18447188,0.01916258,0.8342396,0.01131691,0.050877493,0.010068728,0.36288673,0.21601288,null,null,null,null,"TWOGAUSSIANS",8,1.1223866,0.8342396,0.01131691,0.28491396,0.056384873,0.36277917,0.21612088,0.32216814,0.00831868,0.4,0.014255026,0.18436432,0.019102123
375316653866487564,4262974569951707392,0.5847396,2224.401730399862,3.745813378379771,1.1398487E-5,19.497051,0.028319208,0.16900791,7.864226E-4,0.034168944,0.0062525156,0.41680932,0.05568757,0.6985371,0.004331725,0.010963467,0.005457559,0.7856243,0.7502367,0.21359357,0.031563476,0.6985371,0.004331725,"TWOGAUSSIANS_WITH_ELLIPSOIDAL_ON_ECLIPSE2",9,4.757775,0.6985371,0.004331725,0.061395414,0.03056233,1.2128114,0.7796805,0.17151791,1.351842E-4,0.1913461,0.035014085,0.8306793,0.009654509
375316653866487564,4262976318002972800,0.61068076,2218.731057839759,2.0717212597289527,6.882954E-6,17.177216,0.0045877136,0.2115146,0.0019289372,0.078740135,0.003930013,0.3666556,0.012044511,0.71059996,0.0028766121,0.0828189,0.0038608166,0.3460413,0.008884253,null,null,null,null,"TWOGAUSSIANS",8,5.554516,0.2115146,0.0019289372,0.4,0.0,0.36083812,0.013085189,0.71059996,0.0028766121,0.4,0.0,0.3402238,0.009064798
375316653866487564,4262976867757073408,0.45063788,2199.207981358322,0.31675247689631364,9.633416E-6,19.214602,0.027113007,0.25674862,0.012097359,0.00857432,0.011964953,0.22180273,8.7712398E16,0.77807987,0.026474986,0.019684209,0.010240735,0.48025224,2.9460573,0.09454416,0.043219097,0.25674862,0.012097359,"TWOGAUSSIANS_WITH_ELLIPSOIDAL_ON_ECLIPSE1",9,8.160598,0.77807987,0.026474986,0.11023157,0.057348117,0.6659637,2.9480314,0.25674862,0.012097359,0.04801619,0.067003734,0.4108906,8.7712398E16
375316653866487564,4262977348795373056,0.5572585,2179.1240815555343,3.2227727052841355,9.904915E-6,18.35124,0.017553037,0.3614406,0.013793287,0.085062325,0.011473148,0.32114163,0.03335622,0.8466462,0.0047319485,0.08896596,0.012586258,0.24609478,0.025574842,null,null,null,null,"TWOGAUSSIANS",8,1.9581363,0.3614406,0.013793287,0.4,0.0,0.3140986,0.028650768,0.8466462,0.0047319485,0.4,0.0,0.23905167,0.029157704
375316653866487564,4262977593609141760,0.5121092,2077.660685098024,2.115059452385699,2.047307E-5,19.64833,0.02275846,0.2886828,0.10504398,0.07648437,0.051264953,0.3916864,0.32624143,0.7793227,0.009021662,0.058193363,0.0072820075,0.4386987,0.036627717,null,null,null,null,"TWOGAUSSIANS",8,5.23301,0.7793227,0.009021662,0.32588282,0.04077924,0.43806112,0.035626363,0.2886828,0.10504398,0.4,0.24039754,0.39104882,0.3264647
375316653866487564,4262977692392967296,0.5474707,2171.4561642913186,3.9247879196921267,2.7413442E-5,19.13542,0.014697817,0.20166846,0.025044983,0.07444705,0.014695951,0.29722744,0.080813326,0.7032283,0.0071790684,0.07609952,0.010387749,0.36279243,0.020822799,null,null,null,null,"TWOGAUSSIANS",8,2.6384168,0.7032283,0.0071790684,0.4,2.0090376E-4,0.36023706,0.019846704,0.20166846,0.025044983,0.4,0.040394794,0.29467207,0.08070482
