Gaia/vari_eclipsing_binary/VariEclipsingBinary_462117-462127.csv
# %ECSV 1.0
# ---
# delimiter: ','
# meta: !!omap
# - RELEASE: Gaia DR3
# - TABLE: vari_eclipsing_binary
# - DESCRIPTION: >
#     This table describes the properties of the eclipsing binaries resulting from the variability analysis. 
# - CITATION: >
#     How to cite and acknowledge Gaia: 
#     https://gea.esac.esa.int/archive/documentation/credits.html 
# - KNOWN_ISSUES: >
#     Known issues: 
#     https://www.cosmos.esa.int/web/gaia-users/known-issues 
# - DOCUMENTATION: >
#     Tutorials and documentation: 
#     https://www.cosmos.esa.int/web/gaia-users/archive 
# datatype:
# - 
#   name: solution_id
#   datatype: int64
#   description: Solution Identifier
#   meta:
#     ucd: meta.version
# - 
#   name: source_id
#   datatype: int64
#   description: Unique source identifier
#   meta:
#     ucd: meta.id;meta.main
# - 
#   name: global_ranking
#   datatype: float32
#   description: Number between 0 (worst) and 1 (best)
#   meta:
#     ucd: stat.param
# - 
#   name: reference_time
#   datatype: float64
#   unit: d
#   description: Reference time used for the geometric model fit
#   meta:
#     ucd: time.epoch
# - 
#   name: frequency
#   datatype: float64
#   unit: d**-1
#   description: Frequency of geometric model of the eclipsing binary light curve
#   meta:
#     ucd: src.orbital
# - 
#   name: frequency_error
#   datatype: float32
#   unit: d**-1
#   description: "Uncertainty of \\texttt{frequency}"
#   meta:
#     ucd: stat.error
# - 
#   name: geom_model_reference_level
#   datatype: float32
#   unit: mag
#   description: Magnitude reference level of geometric model
#   meta:
#     ucd: phot.mag;em.opt
# - 
#   name: geom_model_reference_level_error
#   datatype: float32
#   unit: mag
#   description: "Uncertainty of \\texttt{geomModelReferenceLevel}"
#   meta:
#     ucd: stat.error;phot.mag;em.opt
# - 
#   name: geom_model_gaussian1_phase
#   datatype: float32
#   description: Phase of the Gaussian 1 component
#   meta:
#     ucd: time.phase
# - 
#   name: geom_model_gaussian1_phase_error
#   datatype: float32
#   description: "Uncertainty of \\texttt{geomModelGaussian1Phase}"
#   meta:
#     ucd: stat.error;time.phase
# - 
#   name: geom_model_gaussian1_sigma
#   datatype: float32
#   description: "Standard deviation [phase] of Gaussian 1 component"
#   meta:
#     ucd: stat.stdev
# - 
#   name: geom_model_gaussian1_sigma_error
#   datatype: float32
#   description: "Uncertainty of \\texttt{geomModelGaussian1Sigma}"
#   meta:
#     ucd: stat.error
# - 
#   name: geom_model_gaussian1_depth
#   datatype: float32
#   unit: mag
#   description: Magnitude depth of Gaussian 1 component
#   meta:
#     ucd: src.var.amplitude
# - 
#   name: geom_model_gaussian1_depth_error
#   datatype: float32
#   unit: mag
#   description: "Uncertainty of \\texttt{geomModelGaussian1Depth}"
#   meta:
#     ucd: stat.error;src.var.amplitude
# - 
#   name: geom_model_gaussian2_phase
#   datatype: float32
#   description: Phase of Gaussian 2 component
#   meta:
#     ucd: time.phase
# - 
#   name: geom_model_gaussian2_phase_error
#   datatype: float32
#   description: "Uncertainty of \\texttt{geomModelGaussian2Phase}"
#   meta:
#     ucd: stat.error;time.phase
# - 
#   name: geom_model_gaussian2_sigma
#   datatype: float32
[...]
#   datatype: float32
#   description: "Secondary eclipse: uncertainty of \\texttt{derivedSecondaryEclDuration}"
#   meta:
#     ucd: stat.error;time.duration
# - 
#   name: derived_secondary_ecl_depth
#   datatype: float32
#   unit: mag
#   description: "Secondary eclipse: depth"
#   meta:
#     ucd: src.var.amplitude
# - 
#   name: derived_secondary_ecl_depth_error
#   datatype: float32
#   unit: mag
#   description: "Secondary eclipse: uncertainty of \\texttt{derivedSecondaryEclDepth}"
#   meta:
#     ucd: stat.error;src.var.amplitude
solution_id,source_id,global_ranking,reference_time,frequency,frequency_error,geom_model_reference_level,geom_model_reference_level_error,geom_model_gaussian1_phase,geom_model_gaussian1_phase_error,geom_model_gaussian1_sigma,geom_model_gaussian1_sigma_error,geom_model_gaussian1_depth,geom_model_gaussian1_depth_error,geom_model_gaussian2_phase,geom_model_gaussian2_phase_error,geom_model_gaussian2_sigma,geom_model_gaussian2_sigma_error,geom_model_gaussian2_depth,geom_model_gaussian2_depth_error,geom_model_cosine_half_period_amplitude,geom_model_cosine_half_period_amplitude_error,geom_model_cosine_half_period_phase,geom_model_cosine_half_period_phase_error,model_type,num_model_parameters,reduced_chi2,derived_primary_ecl_phase,derived_primary_ecl_phase_error,derived_primary_ecl_duration,derived_primary_ecl_duration_error,derived_primary_ecl_depth,derived_primary_ecl_depth_error,derived_secondary_ecl_phase,derived_secondary_ecl_phase_error,derived_secondary_ecl_duration,derived_secondary_ecl_duration_error,derived_secondary_ecl_depth,derived_secondary_ecl_depth_error
[from data line 378]
375316653866487564,4064862950047810432,0.44190255,2244.0036671226444,0.25565614209726667,2.9332525E-5,18.41448,0.0072266613,0.5748233,0.008211846,0.050332155,0.0094421515,0.21124254,0.04887792,0.9404757,0.035997637,0.065048136,0.02100566,0.03337803,0.011665495,null,null,null,null,"TWOGAUSSIANS",8,5.125726,0.5748233,0.008211846,0.28186005,0.052876048,0.21124251,0.048878,0.9404757,0.035997637,0.36426955,0.11299376,0.03337799,0.0116653675
375316653866487564,4064863053049180416,0.51786596,2276.172661795212,2.2430862892811447,2.0335487E-5,18.75048,0.010993721,0.3193308,0.003749375,0.07550053,0.0046956996,0.43287036,0.030181028,0.7644515,0.0466425,0.027652703,0.020480849,0.5779031,28.603146,null,null,null,null,"TWOGAUSSIANS",8,7.5401926,0.7644515,0.0466425,0.15485513,0.114692755,0.5779027,28.603148,0.3193308,0.003749375,0.4,0.0,0.4328699,0.030181179
375316653866487564,4064863117599628800,0.44668382,2193.2640755209018,0.8457697777190893,3.0989202E-5,19.114155,0.03022568,0.22355436,0.01300552,0.1515133,0.038631603,0.1342906,0.025722256,0.5828016,0.0019981277,0.018189974,0.0040585585,0.6151431,0.4846838,null,null,null,null,"TWOGAUSSIANS",8,2.2163415,0.5828016,0.0019981277,0.10186385,0.022727927,0.6220783,0.48332468,0.22355436,0.01300552,0.4,0.0,0.13313106,0.024620993
375316653866487564,4064863220526780800,0.47325727,2291.32737892225,2.24586162759651,2.8304898E-5,18.101994,0.028425552,0.2285784,0.008753365,0.10197535,0.011323612,0.22869335,0.028808417,0.7028061,0.012307038,0.110144146,0.028732857,0.14524418,0.02573742,null,null,null,null,"TWOGAUSSIANS",8,8.840594,0.2285984,0.008724656,0.4,0.0,0.21209216,0.014189462,0.7028061,0.012307038,0.4,0.0,0.12863265,0.02271796
375316653866487564,4064863224925444864,0.54766816,2219.618492489614,0.14665710991726552,3.2000546E-5,19.206926,0.014803604,0.07893893,0.001023397,0.011243689,0.0016733502,0.25487098,0.076181926,0.74096906,0.0052787648,0.10698065,0.0079640085,0.576688,0.02353056,null,null,null,null,"TWOGAUSSIANS",8,2.3332906,0.74096906,0.0052787648,0.4,0.0,0.57666713,0.023536464,0.07887893,0.0010322972,0.062964655,0.009370761,0.25877756,0.076092824
375316653866487564,4064863289280647680,0.5442645,2255.016701964728,2.231856095726809,1.6141059E-5,18.196774,0.23210348,0.2512407,0.00939394,0.089902274,0.09806343,0.3523664,0.09451938,0.7554457,0.0039715115,0.09481997,0.025197014,0.32865572,0.20125145,null,null,null,null,"TWOGAUSSIANS",8,4.710273,0.2512407,0.009390267,0.4,0.0,0.33598262,0.13573937,0.7554457,0.003969527,0.4,0.0,0.31227148,0.016462823
375316653866487564,4064863465421486976,0.48462668,2278.505918790044,2.3672823353656867,2.3038454E-5,18.637283,0.036180474,0.2957101,0.024390025,0.092072,0.02539632,0.427149,0.24392584,0.7869243,0.005301553,0.07599092,0.0071359505,0.55773973,0.04039999,null,null,null,null,"TWOGAUSSIANS",8,25.280153,0.7869243,0.005301553,0.4,0.0,0.5479565,0.034588147,0.2957101,0.024390025,0.4,0.0,0.4173654,0.25048825
375316653866487564,4064863564276211584,0.4423955,2271.159625817193,0.4236862319327464,3.690021E-5,18.57996,0.015860222,0.19126429,0.010963468,0.0355732,0.007854786,0.042961977,0.018117612,0.782266,0.102557585,0.053460788,0.07086922,0.115679435,0.07416551,null,null,null,null,"TWOGAUSSIANS",8,4.9978676,0.782266,0.102557585,0.29938042,0.14310047,0.115679435,0.07159348,0.19126429,0.010942131,0.19920993,0.043986797,0.042961977,0.015940767
375316653866487564,4064863632869037696,0.5138485,2270.5945416389363,1.1518729793075597,6.423759E-5,17.66614,0.032875206,0.28462666,0.009547929,0.08672536,0.022800885,0.26112428,0.02701626,0.78946215,0.008369621,0.09526024,0.017318767,0.28373897,0.03854529,null,null,null,null,"TWOGAUSSIANS",8,13.46417,0.78946215,0.008368597,0.4,0.0,0.27211732,0.036192566,0.28462666,0.009556577,0.4,0.0,0.24950323,0.014560216
375316653866487564,4064863804808463104,0.50768137,2291.5006538908374,0.6029728681329244,1.6240681E-5,18.027359,0.015162641,0.16457619,0.0057353503,0.067204386,0.006924958,0.18088591,0.017006284,0.506444,0.005126029,0.06391145,0.007915026,0.22838299,0.017276019,null,null,null,null,"TWOGAUSSIANS",8,9.578752,0.506444,0.005126029,0.35790414,0.044324145,0.22838205,0.017273102,0.16457619,0.0057353503,0.37634456,0.031914916,0.18088469,0.01700188
375316653866487564,4064863873528144384,0.4743689,2265.9278928105823,2.5617268183596886,1.9828472E-5,18.724968,0.018623073,0.17730679,0.0029824714,0.06377074,0.0044861734,0.44540113,0.040371638,0.69461405,0.006567056,0.055568736,0.018279267,0.6912162,1.4402269,null,null,null,null,"TWOGAUSSIANS",8,7.576803,0.69461405,0.006567056,0.3111849,0.1023639,0.6911257,1.4403433,0.17730679,0.0029824714,0.35711613,0.02512257,0.44531068,0.04036206
375316653866487564,4064863942247596928,0.47401983,2287.4245467968562,0.3958090524206793,4.774471E-5,18.522465,0.038977522,0.32596847,0.003588986,0.07335223,0.01203288,0.3114753,0.037868757,0.80108666,0.012483051,0.104476355,0.024434304,0.42079952,0.16024108,null,null,null,null,"TWOGAUSSIANS",8,5.1464458,0.80108666,0.012483051,0.4,0.0,0.4114074,0.16347419,0.3259785,0.0035890278,0.4,0.012711217,0.30209818,0.032913614
375316653866487564,4064863946456513536,0.5210957,2214.2665730167673,1.9026591403932012,2.7438069E-5,18.955215,0.08765458,0.29129344,0.011912337,0.10379431,0.030713981,0.34097883,0.07258996,0.75944793,0.018149024,0.108638935,0.029444119,0.33487087,0.09321117,null,null,null,null,"TWOGAUSSIANS",8,2.4231565,0.29133347,0.011845649,0.4,0.0,0.31160018,0.0411988,0.75944793,0.018149024,0.4,0.0,0.30547273,0.055627704
375316653866487564,4064864083895800448,0.454159,2301.5182370249127,0.34051048070435974,3.8531183E-5,19.20496,0.013554467,0.49391374,0.019707542,0.027605912,0.032033946,0.10819261,5.9551206E8,null,null,null,null,null,null,0.061281558,0.020064363,0.49391374,0.019707542,"ONEGAUSSIAN_WITH_ELLIPSOIDAL",6,2.1326475,0.49391374,0.019707542,0.15459311,0.1793901,0.23075558,5.9551206E8,null,null,null,null,null,null
375316653866487564,4064864152561382400,0.4926463,2327.1021681269344,1.1287293485006453,3.9583367E-5,17.701235,0.06303265,0.29448232,0.007997861,0.06557347,0.008043227,0.14974447,0.026171397,0.76938796,0.023689443,0.20986943,0.121219195,0.087035224,0.058033258,null,null,null,null,"TWOGAUSSIANS",8,2.2737806,0.29529232,0.007939484,0.36721143,0.04504207,0.13367376,0.021487076,0.76938796,0.023689443,0.4,0.0,0.060424305,0.010316111
375316653866487564,4064864152615154432,0.49587673,2274.849980982338,0.07868469171833312,4.660697E-5,18.237627,0.10029614,0.084819876,0.012608842,0.044064283,0.010536586,0.3994287,0.08395884,0.4685045,0.028588846,0.15971583,0.030639665,0.6884963,0.13449296,null,null,null,null,"TWOGAUSSIANS",8,7.321462,0.4685045,0.028588846,0.4,0.0,0.6750252,0.12574975,0.08768988,0.01098959,0.24676,0.05900488,0.4256117,0.072143644
375316653866487564,4064864251485649664,0.48906565,2308.7327148747527,0.11728434536424209,4.3650336E-5,18.93882,0.0621634,0.05526509,0.030273758,0.034552537,0.024952943,0.12797372,0.06933441,0.46258664,0.005482629,0.1398412,0.036400814,0.4173523,0.076090395,null,null,null,null,"TWOGAUSSIANS",8,4.152523,0.46258664,0.005482629,0.4,0.0,0.41533056,0.07719151,0.05644509,0.031458873,0.19349422,0.13973647,0.1320779,0.07473602
375316653866487564,4064864255717906688,0.44910508,2309.9733904628097,0.6346183692147511,3.0440988E-5,18.883009,0.009843219,0.42276463,0.013705454,0.048558753,0.020361,0.06886248,0.053344533,null,null,null,null,null,null,0.061373003,0.01721891,0.42276463,0.013705454,"ONEGAUSSIAN_WITH_ELLIPSOIDAL",6,5.8422503,0.42276463,0.013705454,0.27192903,0.1140216,0.19160832,0.054869935,null,null,null,null,null,null
375316653866487564,4064864324438292736,0.5032671,2343.8255849187026,0.5966420764317728,6.946541E-5,19.407898,0.08509821,0.29004323,0.010861008,0.09839222,0.022966793,0.32972744,0.08872898,0.8422949,0.021888442,0.12244884,0.041506123,0.3049442,0.08049917,null,null,null,null,"TWOGAUSSIANS",8,0.9055045,0.28972325,0.010810364,0.4,0.0,0.30264306,0.06883895,0.84231484,0.021849057,0.4,0.0,0.27747604,0.03908955
375316653866487564,4064864358773492608,0.49768564,2244.3360056881256,0.11345353219591126,6.387046E-5,19.093761,0.08179507,0.29970843,0.07566907,0.13704409,0.06466087,0.36400366,0.114468895,0.7250399,0.03853837,0.083588704,0.025642633,0.30904555,0.099871434,null,null,null,null,"TWOGAUSSIANS",8,4.320752,0.29970843,0.07566584,0.4,0.0,0.34170267,0.10219799,0.7250399,0.03853837,0.4,0.062640406,0.28974667,0.056504477
375316653866487564,4064864530572305024,0.48574638,2223.893138434594,0.4511302450983243,2.5330559E-5,19.21954,0.024226505,0.23541321,0.042416506,0.05108023,0.044829063,0.26050422,0.31125864,0.7100644,0.0021080596,0.040367033,0.0052115438,0.22941253,0.020911617,null,null,null,null,"TWOGAUSSIANS",8,2.1668677,0.23541321,0.042416506,0.28604928,0.17699566,0.2605042,0.31127262,0.7100644,0.0021080596,0.22605538,0.029184645,0.2294125,0.020850658
375316653866487564,4064864530573232640,0.55582947,2283.688295148092,0.9091251587345097,1.6433993E-5,16.937473,0.008288995,0.26021484,0.050814286,0.08494221,0.03547143,0.15332066,0.024931427,0.77107346,0.0035059184,0.07598924,0.0049426276,0.2616296,0.008818019,null,null,null,null,"TWOGAUSSIANS",8,12.760386,0.77107346,0.0035059184,0.4,0.0,0.25908887,0.0076389173,0.26021484,0.050814286,0.4,0.111450985,0.1507799,0.025057584
375316653866487564,4064864698165192832,0.5259745,2258.328175140973,2.3321174866723795,2.5891868E-5,18.002907,0.017398106,0.05985668,0.023898587,0.025987118,0.049067903,0.08007048,0.0497521,0.6139522,0.005466119,0.0945034,0.009739134,0.37128496,0.018120341,null,null,null,null,"TWOGAUSSIANS",8,16.82901,0.6139522,0.005466119,0.4,0.0,0.37127346,0.017748278,0.05985668,0.024179405,0.14552787,0.25529355,0.08006444,0.050699152
375316653866487564,4064864702371046912,0.4929826,2216.0158542229387,0.4011722123219402,5.7649228E-5,18.383213,0.06504159,0.17929593,0.016547032,0.05831627,0.021775255,0.26043636,0.060194165,0.8108877,0.013456035,0.02989133,0.029594615,2.3009295,2.1053998,null,null,null,null,"TWOGAUSSIANS",8,31.82789,0.8108877,0.013456035,0.16739145,0.16572985,2.3009295,2.1054006,0.17929593,0.016547032,0.3265711,0.12194143,0.26043636,0.060194142
375316653866487564,4064864766866199936,0.5013337,2214.9530921969904,0.38116829437752564,2.4004761E-5,19.2261,0.02236484,0.34936023,0.009502816,0.06368517,0.0127801215,0.16456321,0.024478488,0.7390833,0.029853642,0.14676693,0.028705228,0.20790464,0.03376853,null,null,null,null,"TWOGAUSSIANS",8,1.4690839,0.7390833,0.029853642,0.4,0.0,0.20251895,0.03345599,0.35219023,0.008133635,0.35663694,0.07156868,0.16548906,0.025316369
375316653866487564,4064864801157346176,0.45681536,2248.745626593907,3.119614074780688,2.0235602E-5,19.175154,0.0049602166,0.32922024,0.0028054873,0.04094792,0.019075027,0.018557688,0.041235924,0.7708358,0.0143370675,0.01691925,0.009386995,0.06557018,0.38963905,0.12653401,0.010176092,0.32922024,0.0028054873,"TWOGAUSSIANS_WITH_ELLIPSOIDAL_ON_ECLIPSE1",9,8.040173,0.77534586,0.01575382,0.0947478,0.052567173,0.28844255,0.39142272,0.32922024,0.0028054873,0.22930835,0.10682015,0.27162552,0.03941736
375316653866487564,4064864908529901568,0.4678296,2295.055751748242,0.525623876325482,1.6398051E-5,19.32254,0.025549196,0.2375158,0.004873897,0.069403775,0.010756077,0.2743713,0.033779997,0.7334573,0.012592585,0.11379472,0.022105882,0.24642478,0.032231994,null,null,null,null,"TWOGAUSSIANS",8,2.720842,0.2375158,0.0048776767,0.38866112,0.043738924,0.26316038,0.029407244,0.7334573,0.012592585,0.4,0.0,0.23518185,0.03419286
375316653866487564,4064864973042652800,0.47917244,2254.4373712579168,0.1446199943841527,1.9659823E-5,16.80568,0.009215227,0.14901952,0.008004499,0.054830045,0.021731257,0.040667042,0.18786244,0.8599151,0.0058614374,0.044856034,0.008081648,0.14049594,0.024774067,0.028652418,0.012009074,0.14901952,0.008004499,"TWOGAUSSIANS_WITH_ELLIPSOIDAL_ON_ECLIPSE1",9,7.8406267,0.8599151,0.0058614374,0.2511938,0.045257226,0.14388481,0.024783313,0.14901952,0.008004499,0.30704826,0.12169504,0.097970344,0.18937175
375316653866487564,4064865282195374208,0.44027516,2415.1969748549345,0.4276555456735314,6.7121655E-5,19.449404,0.06924094,0.21280617,0.011210784,0.13510065,0.024817023,0.21544333,0.06864197,0.73773545,0.039166622,0.09365657,0.060698546,0.26335698,0.06497124,null,null,null,null,"TWOGAUSSIANS",8,2.8625255,0.7380155,0.039080963,0.4,0.10982886,0.23113456,0.054292634,0.21280617,0.010937178,0.4,0.0,0.18266205,0.02058982
375316653866487564,4064865385359659136,0.47499937,2305.3311384568087,3.6774342347533997,2.437123E-5,19.460642,0.0070343474,null,null,null,null,null,null,null,null,null,null,null,null,0.11095027,0.014657562,0.17781645,0.0053384965,"ELLIPSOIDAL",4,2.178033,null,null,null,null,null,null,null,null,null,null,null,null
375316653866487564,4064865389512389760,0.4805818,2292.607960025397,0.2431055357105843,2.8775625E-5,18.452326,0.012126566,0.5790281,0.0012655455,0.005192866,0.002048631,0.17582113,0.9641068,0.8564888,0.006735306,0.039655346,0.008191555,0.102967635,0.030981407,0.044379964,0.016951242,0.5790281,0.0012655455,"TWOGAUSSIANS_WITH_ELLIPSOIDAL_ON_ECLIPSE1",9,1.4585195,0.5790281,0.0012655455,0.029080052,0.011472333,0.26458073,0.96839803,0.85969883,0.0069615017,0.22206993,0.045872707,0.10588619,0.032277383
375316653866487564,4064865492591541504,0.44844794,2284.3306994168524,0.4802379804028702,3.6875645E-5,18.397083,0.0768479,0.3851302,0.023573445,0.13430901,0.1026115,0.08752776,0.07423178,0.8374237,0.009073578,0.085358456,0.020381188,0.18637995,0.059147682,null,null,null,null,"TWOGAUSSIANS",8,6.142624,0.8374237,0.009073578,0.4,0.0,0.1767893,0.026963197,0.3851302,0.02356532,0.4,0.0,0.07761411,0.018354744
375316653866487564,4064865527005057536,0.4467855,2252.0293087096015,0.07447677353167036,3.1445186E-5,19.567257,0.055557426,0.37338167,0.0035116735,0.05502403,0.0072516855,0.6577215,0.13568337,0.6283479,0.012589606,0.062655605,0.015846128,0.34977922,0.062815726,0.26247773,0.08561703,0.6283479,0.012589606,"TWOGAUSSIANS_WITH_ELLIPSOIDAL_ON_ECLIPSE2",9,3.073818,0.6283479,0.012589606,0.3508714,0.057748277,0.8746251,0.13143325,0.37224168,0.0032734391,0.3081346,0.040609438,0.65831125,0.13409811
375316653866487564,4064865557140241664,0.4986394,2277.032836508197,2.647554268026097,2.3664388E-5,18.213644,0.014681389,0.14123414,0.007940709,0.075978264,0.0115720285,0.3230203,0.033959147,0.6566119,0.008619723,0.07961351,0.010169178,0.29045466,0.05497892,null,null,null,null,"TWOGAUSSIANS",8,15.775993,0.14123414,0.007940709,0.4,0.008365212,0.32048526,0.03487505,0.6566119,0.008619723,0.4,0.0,0.28791964,0.055482205
375316653866487564,4064865801883230976,0.46776867,2213.495797282703,0.20661274459939233,6.577943E-5,18.990513,0.23601091,0.15395188,0.009123444,0.071118146,0.014700301,0.6414284,0.20529251,0.68866116,0.013451313,0.18167615,0.06025338,0.5555306,0.23342873,null,null,null,null,"TWOGAUSSIANS",8,7.524637,0.1525019,0.008097572,0.3982616,0.06952183,0.5601491,0.17699394,0.68866116,0.013451313,0.4,0.0,0.44590575,0.0822226
375316653866487564,4064865866380048384,0.5537096,2305.4617427295116,2.3426926175606093,1.9204923E-5,18.474045,0.028888678,0.11574343,0.005856651,0.09983196,0.0155788595,0.17355847,0.028157879,0.61091214,0.0055031385,0.0942787,0.011171506,0.258675,0.028774172,null,null,null,null,"TWOGAUSSIANS",8,1.9876244,0.61091214,0.0055031385,0.4,0.0,0.2444276,0.013736218,0.11574343,0.005856651,0.4,0.0,0.15931022,0.014007527
375316653866487564,4064866008040977664,0.44767228,2245.203161038596,2.774609671168643,1.3165598E-5,17.641432,0.009615044,0.37556505,0.018078825,0.083542526,0.024831058,0.21911982,0.06377519,0.8079451,7.766102E-4,0.011434358,0.0015461445,0.11525168,0.01025461,null,null,null,null,"TWOGAUSSIANS",8,5.905,0.37556505,0.018078825,0.4,0.011460929,0.2191198,0.06377582,0.8079451,7.766102E-4,0.064032406,0.008658409,0.11525201,0.010260046
