Gaia/vari_eclipsing_binary/VariEclipsingBinary_635389-635594.csv
# %ECSV 1.0
# ---
# delimiter: ','
# meta: !!omap
# - RELEASE: Gaia DR3
# - TABLE: vari_eclipsing_binary
# - DESCRIPTION: >
#     This table describes the properties of the eclipsing binaries resulting from the variability analysis. 
# - CITATION: >
#     How to cite and acknowledge Gaia: 
#     https://gea.esac.esa.int/archive/documentation/credits.html 
# - KNOWN_ISSUES: >
#     Known issues: 
#     https://www.cosmos.esa.int/web/gaia-users/known-issues 
# - DOCUMENTATION: >
#     Tutorials and documentation: 
#     https://www.cosmos.esa.int/web/gaia-users/archive 
# datatype:
# - 
#   name: solution_id
#   datatype: int64
#   description: Solution Identifier
#   meta:
#     ucd: meta.version
# - 
#   name: source_id
#   datatype: int64
#   description: Unique source identifier
#   meta:
#     ucd: meta.id;meta.main
# - 
#   name: global_ranking
#   datatype: float32
#   description: Number between 0 (worst) and 1 (best)
#   meta:
#     ucd: stat.param
# - 
#   name: reference_time
#   datatype: float64
#   unit: d
#   description: Reference time used for the geometric model fit
#   meta:
#     ucd: time.epoch
# - 
#   name: frequency
#   datatype: float64
#   unit: d**-1
#   description: Frequency of geometric model of the eclipsing binary light curve
#   meta:
#     ucd: src.orbital
# - 
#   name: frequency_error
#   datatype: float32
#   unit: d**-1
#   description: "Uncertainty of \\texttt{frequency}"
#   meta:
#     ucd: stat.error
# - 
#   name: geom_model_reference_level
#   datatype: float32
#   unit: mag
#   description: Magnitude reference level of geometric model
#   meta:
#     ucd: phot.mag;em.opt
# - 
#   name: geom_model_reference_level_error
#   datatype: float32
#   unit: mag
#   description: "Uncertainty of \\texttt{geomModelReferenceLevel}"
#   meta:
#     ucd: stat.error;phot.mag;em.opt
# - 
#   name: geom_model_gaussian1_phase
#   datatype: float32
#   description: Phase of the Gaussian 1 component
#   meta:
#     ucd: time.phase
# - 
#   name: geom_model_gaussian1_phase_error
#   datatype: float32
#   description: "Uncertainty of \\texttt{geomModelGaussian1Phase}"
#   meta:
#     ucd: stat.error;time.phase
# - 
#   name: geom_model_gaussian1_sigma
#   datatype: float32
#   description: "Standard deviation [phase] of Gaussian 1 component"
#   meta:
#     ucd: stat.stdev
# - 
#   name: geom_model_gaussian1_sigma_error
#   datatype: float32
#   description: "Uncertainty of \\texttt{geomModelGaussian1Sigma}"
#   meta:
#     ucd: stat.error
# - 
#   name: geom_model_gaussian1_depth
#   datatype: float32
#   unit: mag
#   description: Magnitude depth of Gaussian 1 component
#   meta:
#     ucd: src.var.amplitude
# - 
#   name: geom_model_gaussian1_depth_error
#   datatype: float32
#   unit: mag
#   description: "Uncertainty of \\texttt{geomModelGaussian1Depth}"
#   meta:
#     ucd: stat.error;src.var.amplitude
# - 
#   name: geom_model_gaussian2_phase
#   datatype: float32
#   description: Phase of Gaussian 2 component
#   meta:
#     ucd: time.phase
# - 
#   name: geom_model_gaussian2_phase_error
#   datatype: float32
#   description: "Uncertainty of \\texttt{geomModelGaussian2Phase}"
#   meta:
#     ucd: stat.error;time.phase
# - 
#   name: geom_model_gaussian2_sigma
#   datatype: float32
[...]
#   datatype: float32
#   description: "Secondary eclipse: uncertainty of \\texttt{derivedSecondaryEclDuration}"
#   meta:
#     ucd: stat.error;time.duration
# - 
#   name: derived_secondary_ecl_depth
#   datatype: float32
#   unit: mag
#   description: "Secondary eclipse: depth"
#   meta:
#     ucd: src.var.amplitude
# - 
#   name: derived_secondary_ecl_depth_error
#   datatype: float32
#   unit: mag
#   description: "Secondary eclipse: uncertainty of \\texttt{derivedSecondaryEclDepth}"
#   meta:
#     ucd: stat.error;src.var.amplitude
solution_id,source_id,global_ranking,reference_time,frequency,frequency_error,geom_model_reference_level,geom_model_reference_level_error,geom_model_gaussian1_phase,geom_model_gaussian1_phase_error,geom_model_gaussian1_sigma,geom_model_gaussian1_sigma_error,geom_model_gaussian1_depth,geom_model_gaussian1_depth_error,geom_model_gaussian2_phase,geom_model_gaussian2_phase_error,geom_model_gaussian2_sigma,geom_model_gaussian2_sigma_error,geom_model_gaussian2_depth,geom_model_gaussian2_depth_error,geom_model_cosine_half_period_amplitude,geom_model_cosine_half_period_amplitude_error,geom_model_cosine_half_period_phase,geom_model_cosine_half_period_phase_error,model_type,num_model_parameters,reduced_chi2,derived_primary_ecl_phase,derived_primary_ecl_phase_error,derived_primary_ecl_duration,derived_primary_ecl_duration_error,derived_primary_ecl_depth,derived_primary_ecl_depth_error,derived_secondary_ecl_phase,derived_secondary_ecl_phase_error,derived_secondary_ecl_duration,derived_secondary_ecl_duration_error,derived_secondary_ecl_depth,derived_secondary_ecl_depth_error
[from data line 578]
375316653866487564,5590235561668485760,0.50827986,2238.2519564787362,0.42038912367249,2.555361E-5,19.857668,0.005340898,0.5147039,0.023709789,0.042102784,0.013955546,0.055350445,0.013168365,0.7928692,0.0013051445,0.021511003,0.0020129338,0.41668475,0.047884144,0.0022635378,0.006985852,0.7928692,0.0013051445,"TWOGAUSSIANS_WITH_ELLIPSOIDAL_ON_ECLIPSE2",9,1.0633057,0.7928692,0.0013051445,0.12046162,0.0112724295,0.42121184,0.049834684,0.5143839,0.02382127,0.23577558,0.078151055,0.055492315,0.013339234
375316653866487564,5590238246028795904,0.55038613,2231.4902194843653,0.5611866833270699,2.5623033E-6,13.977635,0.00431511,0.28063694,0.003123881,0.030817077,0.0026404583,0.24916373,0.014989478,null,null,null,null,null,null,0.012459348,0.0066658366,0.28063694,0.003123881,"ONEGAUSSIAN_WITH_ELLIPSOIDAL",6,164.55789,0.28063694,0.003123881,0.17257562,0.014786567,0.27408242,0.011986307,null,null,null,null,null,null
375316653866487564,5590238413526792704,0.4882147,2238.0551126080327,2.0445788489374572,3.3599288E-5,18.913092,0.0050767097,0.4427731,0.03852419,0.1274213,0.027572216,0.025323596,0.0063795815,0.77825654,0.009956676,0.043195006,0.0062750545,0.24365395,0.02474316,null,null,null,null,"TWOGAUSSIANS",8,1.9779383,0.77825654,0.009956676,0.24189204,0.035140306,0.24440342,0.024528775,0.4427731,0.03852419,0.4,0.0,0.02528188,0.006339113
375316653866487564,5590241059226786432,0.48537198,2240.6563036153484,1.6969213566174932,2.063529E-5,17.162178,0.1808156,0.16831215,0.011231743,0.18119477,0.10702352,0.13424769,0.17741546,0.66010994,0.0071726614,0.14550005,0.043655563,0.14225298,0.14259169,null,null,null,null,"TWOGAUSSIANS",8,3.4742332,0.66010994,0.0071726614,0.4,0.0,0.067080826,0.004868882,0.16919214,0.0103858765,0.4,0.0,0.05386317,0.007920255
375316653866487564,5590243498768269824,0.4163267,2254.070899824509,0.353256494668749,2.9912138E-5,18.600725,0.034180865,0.24836296,0.012089638,0.11205475,0.03970721,0.08801252,0.0347956,0.4993642,0.006028408,0.0345578,0.006987024,0.27191737,0.028541218,null,null,null,null,"TWOGAUSSIANS",8,8.215917,0.4993642,0.006028408,0.19352369,0.039127335,0.27907044,0.03470123,0.24836296,0.012089638,0.4,0.0,0.08800416,0.034783468
375316653866487564,5590245221055745408,0.55654657,2234.9219577270765,3.441038280499051,9.283662E-6,16.792633,0.016568676,0.2359525,0.0028911394,0.06426992,0.009632015,0.14999683,0.03515564,0.71557546,0.029432962,0.048306044,0.018427113,0.103088796,0.04671195,0.07376943,0.019331237,0.2359525,0.0028911394,"TWOGAUSSIANS_WITH_ELLIPSOIDAL_ON_ECLIPSE1",9,21.670025,0.2359525,0.0028911394,0.3599116,0.05393928,0.29745778,0.011389392,0.71981543,0.025001638,0.27051383,0.10319183,0.24864185,0.019394089
375316653866487564,5590246561085521664,0.68894947,2236.6279488280366,0.8393064632224184,4.062582E-6,15.395022,0.004458518,0.16668738,0.0019130233,0.049000625,0.0014245872,0.65086997,0.015303074,0.66252995,0.00199222,0.047974672,0.00435337,0.06405436,0.010063099,0.059034765,0.005467914,0.66252995,0.00199222,"TWOGAUSSIANS_WITH_ELLIPSOIDAL_ON_ECLIPSE2",9,13.35434,0.16654737,0.001836153,0.27440348,0.007977689,0.7688599,0.013378767,0.66252995,0.00199222,0.26865816,0.024378872,0.18212216,0.0025688503
375316653866487564,5590248961966909824,0.62949026,2211.4370310832132,2.953881167088362,4.1878734E-6,18.44069,0.00975687,0.24745373,0.003443791,0.045820706,0.006044702,0.32918975,0.028619274,0.7474636,0.0017292582,0.04640705,0.0025929841,0.3572787,0.025748793,0.14905345,0.016823344,0.24745373,0.003443791,"TWOGAUSSIANS_WITH_ELLIPSOIDAL_ON_ECLIPSE1",9,3.7179434,0.7474636,0.0016125141,0.2598795,0.014520711,0.6553853,0.013981424,0.24745373,0.003443791,0.25659597,0.03385033,0.6272963,0.0142338965
375316653866487564,5590252814557719936,0.6748183,2240.046940654293,1.2917724330467288,2.0657264E-6,16.806614,0.0029017953,0.22666855,8.8945834E-4,0.05135985,0.0013588598,0.26753753,0.010564561,0.7305999,0.007522106,0.041514233,0.0064764814,0.03373656,0.008812758,0.086238116,0.003967764,0.22666855,8.8945834E-4,"TWOGAUSSIANS_WITH_ELLIPSOIDAL_ON_ECLIPSE1",9,2.1365902,0.22666855,8.8945834E-4,0.28761518,0.0076096146,0.4400116,0.009225029,0.7305999,0.007522106,0.2324797,0.036268298,0.20610538,0.003994574
375316653866487564,5590261778149514752,0.5852377,2234.3416631169944,3.130748306005112,1.1701582E-5,18.72393,0.0072281137,0.26055008,0.0022927593,0.07299892,0.005652803,0.47140938,0.023111787,0.75777614,0.0029206916,0.066153005,0.0043338975,0.47048327,0.013496247,null,null,null,null,"TWOGAUSSIANS",8,3.014341,0.26055008,0.0022927593,0.4,0.0014038461,0.47003317,0.02380513,0.75777614,0.0029206916,0.37045684,0.024269825,0.46910706,0.013518711
375316653866487564,5590261782449438848,0.58586806,2242.178647321908,2.3659018503628952,7.355427E-6,13.847334,0.036567334,0.24335247,0.0030675437,0.13850799,0.023330485,0.132436,0.03505406,0.7375713,0.0017398313,0.124180704,0.017297352,0.12645547,0.035082947,null,null,null,null,"TWOGAUSSIANS",8,8.201511,0.24341246,0.0030144774,0.4,0.0,0.09197881,0.0019379654,0.7375713,0.0017398313,0.4,0.0,0.08631682,0.0014040273
375316653866487564,5590266313635195392,0.544834,2291.5318622218706,2.6772300706400114,2.3499808E-5,18.906836,0.015966618,0.2865059,0.0077156015,0.08778081,0.007561199,0.48809952,0.019295715,0.7814322,0.0054035005,0.07974731,0.0074909683,0.49541444,0.016471537,null,null,null,null,"TWOGAUSSIANS",8,5.0746746,0.7814322,0.0054035005,0.4,0.0,0.48498303,0.012888786,0.2865059,0.0077156015,0.4,0.0,0.47766802,0.015225644
375316653866487564,5590270544182874368,0.48111975,2220.3197632510696,2.1658106724854442,6.606215E-5,16.617819,0.0065053813,0.29178816,0.08655831,0.16229323,0.07295598,0.031444486,0.007370062,0.52279615,0.045679018,0.07461782,0.03194934,0.020423165,0.014331806,null,null,null,null,"TWOGAUSSIANS",8,2.6976938,0.52279615,0.045679018,0.4,0.04718673,0.031269073,0.0039473404,0.29962817,0.077741176,0.4,0.0,0.031068515,0.004259809
375316653866487564,5590272567109287296,0.61105365,2251.33020067034,3.950697307345967,9.854044E-6,18.24601,0.014453834,0.21889523,0.0016275683,0.05404676,0.0054496694,0.2861911,0.027010128,0.7293539,0.0030496367,0.047774285,0.004901715,0.2621245,0.03601168,0.07605253,0.017463464,0.21889523,0.0016275683,"TWOGAUSSIANS_WITH_ELLIPSOIDAL_ON_ECLIPSE1",9,3.1015916,0.21889523,0.0016275683,0.30266187,0.03051815,0.43828872,0.019752556,0.7293539,0.0030496367,0.26753598,0.027449604,0.41356623,0.011725312
375316653866487564,5590276174881889920,0.52207154,2240.7924664413413,3.4231304340956816,1.4475891E-5,19.367216,0.011345474,0.27517775,0.004902904,0.06968907,0.0061640306,0.4492495,0.033765506,0.76439726,0.0026493405,0.07432641,0.004398568,0.3656426,0.012607994,null,null,null,null,"TWOGAUSSIANS",8,1.6686916,0.27517775,0.004902904,0.3902588,0.028376637,0.44775233,0.034163535,0.76439726,0.0026493405,0.4,0.0,0.36414543,0.01213518
375316653866487564,5590279885733808384,0.54307264,2212.689578647419,2.5907350667948092,2.6254002E-5,19.430529,0.011821367,0.25234047,0.0037263369,0.07009553,0.005449737,0.34523764,0.0140954545,0.7353821,0.0039623305,0.08233737,0.004236184,0.3952168,0.0139625175,null,null,null,null,"TWOGAUSSIANS",8,1.5714805,0.7353821,0.0039623305,0.4,0.0,0.39286184,0.012866746,0.25234047,0.0037263369,0.39253497,0.026142275,0.34288272,0.013757464
375316653866487564,5590284391156958592,0.49837816,2205.19989503117,1.9111188445562737,5.1358656E-5,17.009182,0.0016335576,0.2352998,0.0140273655,0.016639292,0.0129991155,0.009632182,0.0103147365,0.77818334,0.011092051,0.07067512,0.008080198,0.13600688,0.025592748,null,null,null,null,"TWOGAUSSIANS",8,5.0573144,0.77818334,0.011092051,0.39578068,0.027300136,0.13600688,0.02559275,0.2352998,0.0140273655,0.09318003,0.07279505,0.009632181,0.010314737
375316653866487564,5590285112711274112,0.56463474,2222.4346686955128,1.815454192446779,9.304016E-6,16.960583,0.008724991,0.2558392,0.007320223,0.08971037,0.017841714,0.092970245,0.008176665,0.7305442,0.003795937,0.10059265,0.0074723703,0.13542238,0.008399992,null,null,null,null,"TWOGAUSSIANS",8,3.170889,0.7305442,0.003795937,0.4,0.0,0.13041107,0.0039293612,0.2558492,0.0073119113,0.4,0.0,0.08796098,0.010896845
375316653866487564,5590285559383984640,0.5706591,2209.2284194096337,3.400282903826096,5.7901416E-6,19.172457,0.00765463,0.21260305,0.0016184844,0.06779736,0.0028180443,0.5869243,0.01647603,0.7122773,0.0017535728,0.07343606,0.0022991628,0.58364064,0.02561677,null,null,null,null,"TWOGAUSSIANS",8,2.2015305,0.21260305,0.0016184844,0.37966526,0.015781049,0.5847216,0.016765298,0.7122773,0.0017535728,0.4,0.0,0.58143795,0.02578766
375316653866487564,5590288308167837056,0.47253206,2229.404269939941,1.73875038639494,2.0525533E-5,16.884336,0.0027633642,null,null,null,null,null,null,null,null,null,null,null,null,0.046920232,0.004367288,0.23169675,0.004246074,"ELLIPSOIDAL",4,11.081682,null,null,null,null,null,null,null,null,null,null,null,null
375316653866487564,5590297580999329152,0.46989113,2221.8270286725638,3.347829904078898,1.5675821E-5,17.968393,0.30789265,0.2821404,0.005512964,0.14311077,0.020254465,0.4624954,0.16972674,0.786548,0.002704563,0.22181368,0.06175496,0.51924694,0.305572,null,null,null,null,"TWOGAUSSIANS",8,4.392807,0.2802404,0.005072223,0.4,0.0,0.17381242,0.010501707,0.787078,0.0028562862,0.4,0.0,0.1507353,0.0083244415
375316653866487564,5590302636177816192,0.6556835,2229.5825904291896,0.15023879003280802,7.359621E-5,15.431454,4.45724E-4,0.60309464,6.828052E-6,0.023625594,3.3507484E-5,2.53357,0.012923345,null,null,null,null,null,null,null,null,null,null,"ONEGAUSSIAN",5,3.0340757,0.60309464,6.828052E-6,0.13230333,1.8764191E-4,2.53357,0.0,null,null,null,null,null,null
375316653866487564,5590303220293356544,0.5990819,2209.905345433805,1.2506557691485332,5.058318E-6,15.203688,0.013336922,0.16310458,0.002340877,0.057942588,0.00586632,0.14263628,0.025882248,0.67034507,0.0022666017,0.061797705,0.02278187,0.022814978,0.02631866,0.035327557,0.013443422,0.67034507,0.0022666017,"TWOGAUSSIANS_WITH_ELLIPSOIDAL_ON_ECLIPSE2",9,10.91358,0.16394457,0.001942119,0.32447848,0.03285139,0.21314834,0.0033802392,0.67034507,0.0022666017,0.34606716,0.07450164,0.09345622,0.0017646725
375316653866487564,5590306621904502144,0.5051362,2248.120006341577,3.0899702236384434,1.3573975E-5,19.150713,0.010150874,0.26822457,0.008573811,0.07890045,0.00788112,0.23084974,0.025093865,0.7794506,0.006482452,0.08713742,0.00757233,0.24560952,0.017231397,null,null,null,null,"TWOGAUSSIANS",8,2.641921,0.7794506,0.006482452,0.4,0.0,0.24144676,0.016705437,0.26822457,0.008573811,0.4,0.0,0.22668701,0.024281865
375316653866487564,5590309645564817408,0.47705022,2138.9930116694663,0.8714977699950952,1.5938879E-4,19.115904,0.031885125,0.43482903,0.02134016,0.100969166,0.05061082,0.34986135,0.06944568,0.95700794,0.023407916,0.033509284,0.032026354,0.13685326,7.956335E18,null,null,null,null,"TWOGAUSSIANS",8,2.5283556,0.43482903,0.02134016,0.4,0.0,0.34960312,0.08137425,0.95700794,0.023402004,0.18765199,0.17934759,0.13660036,7.956335E18
375316653866487564,5590311805929066496,0.5419221,2227.724624996983,3.170385069682139,1.355593E-5,16.169386,0.013982506,0.2858937,0.0067736637,0.0795266,0.007977314,0.39435038,0.026839938,0.7953947,0.0041946466,0.07709578,0.0058655445,0.3056977,0.014352677,null,null,null,null,"TWOGAUSSIANS",8,90.581985,0.2858937,0.0067736637,0.4,0.0,0.39084923,0.02687972,0.7953947,0.0041946466,0.4,0.0,0.30219656,0.012476642
375316653866487564,5590313322057389184,0.64742035,2226.8282185216453,0.22577076846709607,1.7501034E-6,14.135343,0.0010358823,0.0665818,0.0036946684,0.0152965365,0.0012901145,0.63396156,0.111208566,0.38907778,0.033403452,0.017355636,0.045543857,0.0081188455,0.5797477,0.00326791,0.002031744,0.38907778,0.033403452,"TWOGAUSSIANS_WITH_ELLIPSOIDAL_ON_ECLIPSE2",9,37.117165,0.0665718,0.0036946684,0.08566061,0.0072246413,0.63522655,0.11079789,0.38907778,0.033403452,0.09719156,0.2550456,0.014654616,0.57786024
375316653866487564,5590315967756100992,0.44222736,2160.5436656970874,3.1947732935136353,2.4611996E-5,18.599174,0.0065024677,null,null,null,null,null,null,null,null,null,null,null,null,0.092999816,0.014026212,0.6940671,0.0058412342,"ELLIPSOIDAL",4,5.7265635,null,null,null,null,null,null,null,null,null,null,null,null
375316653866487564,5590317509645655552,0.57407635,2207.985204364433,3.0290478516784907,1.21839785E-5,19.042084,0.010898679,0.28825703,0.0022056561,0.050054163,0.0050869496,0.24599203,0.025610251,0.8422958,0.0027980527,0.023015758,0.005499139,0.15433587,0.028953142,0.11616917,0.015735835,0.28825703,0.0022056561,"TWOGAUSSIANS_WITH_ELLIPSOIDAL_ON_ECLIPSE1",9,2.330399,0.28825703,0.0022056561,0.2803033,0.028486917,0.478329,0.011385546,0.8422958,0.0027980527,0.12888825,0.030795177,0.36090147,0.013635194
375316653866487564,5590318682176001408,0.44313747,2195.73378079804,2.478861070972284,4.5956607E-5,16.107367,0.3073717,0.22023451,0.016963245,0.19322027,0.12879106,0.21381643,0.30392456,0.70340204,0.01639896,0.13726379,0.039070584,0.19161595,0.18896626,null,null,null,null,"TWOGAUSSIANS",8,41.618282,0.22128451,0.015825596,0.4,0.0,0.09610222,0.008312332,0.70340204,0.01639896,0.4,0.0,0.08870367,0.01098232
375316653866487564,5590322118151120768,0.44043607,2227.175213661474,1.5725840470983206,1.0996807E-5,19.364237,0.023472171,0.40939006,0.020124046,0.055519108,0.035372473,0.037980128,0.061922055,0.63086283,0.0020345547,0.03283343,0.0032099246,1.5031691,0.33985475,0.12546882,0.027465086,0.40939006,0.020124046,"TWOGAUSSIANS_WITH_ELLIPSOIDAL_ON_ECLIPSE1",9,30.779778,0.63086283,0.0020345547,0.1838672,0.017975578,1.5111564,0.34302542,0.40939006,0.020124046,0.310907,0.1826108,0.28891575,0.058005434
375316653866487564,5590325176166501504,0.5324866,2209.606076015211,0.6277103109497033,2.1415655E-5,14.501838,0.0011197593,0.2795235,0.0037984147,0.023894649,0.007749795,0.04844272,0.03668349,0.76846004,0.0018046846,0.025442483,0.0015312429,0.150971,0.010978013,0.011280428,0.0021366577,0.2795235,0.0037984147,"TWOGAUSSIANS_WITH_ELLIPSOIDAL_ON_ECLIPSE1",9,21.357365,0.76854,0.0017914436,0.1424779,0.00857496,0.17342383,0.011794434,0.2795235,0.0037984147,0.13381003,0.04339885,0.07100358,0.037468858
375316653866487564,5590325652903804800,0.56720567,2211.85227733491,3.9323821677331416,1.4308536E-5,18.172958,0.009933854,0.28538692,0.0035023533,0.089417495,0.0039589615,0.4439364,0.020512246,0.79031366,0.0038515094,0.0866279,0.0045515513,0.47708413,0.016233945,null,null,null,null,"TWOGAUSSIANS",8,5.845157,0.79031366,0.0038515094,0.4,0.0,0.4620416,0.015529374,0.28538692,0.0035023533,0.4,0.0,0.42889377,0.020059522
375316653866487564,5590326065220804352,0.48815176,2183.5875376400886,0.9162764683744612,2.0233201E-5,17.239609,0.0017124537,0.5826315,7.9802754E-5,0.01485308,3.228941E-4,0.33253732,0.0017582426,null,null,null,null,null,null,5.5325695E-4,0.0023559015,0.5826315,7.9802754E-5,"ONEGAUSSIAN_WITH_ELLIPSOIDAL",6,6.2366605,0.5826315,7.9802754E-5,0.083177246,0.001808207,0.33364382,0.0043682503,null,null,null,null,null,null
375316653866487564,5590328092445310592,0.5017625,2207.1047417248724,1.7613147907329496,1.8645364E-5,18.56683,0.0060708267,0.20374149,0.05296289,0.06940434,0.08407753,0.026678404,0.015532187,0.59159327,0.0023980225,0.012825243,0.00476006,1.7687635,1.3552853,null,null,null,null,"TWOGAUSSIANS",8,2.3154943,0.59159327,0.0023980225,0.07182136,0.026656335,1.7687635,1.3552845,0.20374149,0.05296289,0.3886643,0.18841428,0.026678404,0.015532396
