Gaia/vari_eclipsing_binary/VariEclipsingBinary_489146-489186.csv
# %ECSV 1.0
# ---
# delimiter: ','
# meta: !!omap
# - RELEASE: Gaia DR3
# - TABLE: vari_eclipsing_binary
# - DESCRIPTION: >
#     This table describes the properties of the eclipsing binaries resulting from the variability analysis. 
# - CITATION: >
#     How to cite and acknowledge Gaia: 
#     https://gea.esac.esa.int/archive/documentation/credits.html 
# - KNOWN_ISSUES: >
#     Known issues: 
#     https://www.cosmos.esa.int/web/gaia-users/known-issues 
# - DOCUMENTATION: >
#     Tutorials and documentation: 
#     https://www.cosmos.esa.int/web/gaia-users/archive 
# datatype:
# - 
#   name: solution_id
#   datatype: int64
#   description: Solution Identifier
#   meta:
#     ucd: meta.version
# - 
#   name: source_id
#   datatype: int64
#   description: Unique source identifier
#   meta:
#     ucd: meta.id;meta.main
# - 
#   name: global_ranking
#   datatype: float32
#   description: Number between 0 (worst) and 1 (best)
#   meta:
#     ucd: stat.param
# - 
#   name: reference_time
#   datatype: float64
#   unit: d
#   description: Reference time used for the geometric model fit
#   meta:
#     ucd: time.epoch
# - 
#   name: frequency
#   datatype: float64
#   unit: d**-1
#   description: Frequency of geometric model of the eclipsing binary light curve
#   meta:
#     ucd: src.orbital
# - 
#   name: frequency_error
#   datatype: float32
#   unit: d**-1
#   description: "Uncertainty of \\texttt{frequency}"
#   meta:
#     ucd: stat.error
# - 
#   name: geom_model_reference_level
#   datatype: float32
#   unit: mag
#   description: Magnitude reference level of geometric model
#   meta:
#     ucd: phot.mag;em.opt
# - 
#   name: geom_model_reference_level_error
#   datatype: float32
#   unit: mag
#   description: "Uncertainty of \\texttt{geomModelReferenceLevel}"
#   meta:
#     ucd: stat.error;phot.mag;em.opt
# - 
#   name: geom_model_gaussian1_phase
#   datatype: float32
#   description: Phase of the Gaussian 1 component
#   meta:
#     ucd: time.phase
# - 
#   name: geom_model_gaussian1_phase_error
#   datatype: float32
#   description: "Uncertainty of \\texttt{geomModelGaussian1Phase}"
#   meta:
#     ucd: stat.error;time.phase
# - 
#   name: geom_model_gaussian1_sigma
#   datatype: float32
#   description: "Standard deviation [phase] of Gaussian 1 component"
#   meta:
#     ucd: stat.stdev
# - 
#   name: geom_model_gaussian1_sigma_error
#   datatype: float32
#   description: "Uncertainty of \\texttt{geomModelGaussian1Sigma}"
#   meta:
#     ucd: stat.error
# - 
#   name: geom_model_gaussian1_depth
#   datatype: float32
#   unit: mag
#   description: Magnitude depth of Gaussian 1 component
#   meta:
#     ucd: src.var.amplitude
# - 
#   name: geom_model_gaussian1_depth_error
#   datatype: float32
#   unit: mag
#   description: "Uncertainty of \\texttt{geomModelGaussian1Depth}"
#   meta:
#     ucd: stat.error;src.var.amplitude
# - 
#   name: geom_model_gaussian2_phase
#   datatype: float32
#   description: Phase of Gaussian 2 component
#   meta:
#     ucd: time.phase
# - 
#   name: geom_model_gaussian2_phase_error
#   datatype: float32
#   description: "Uncertainty of \\texttt{geomModelGaussian2Phase}"
#   meta:
#     ucd: stat.error;time.phase
# - 
#   name: geom_model_gaussian2_sigma
#   datatype: float32
[...]
#   datatype: float32
#   description: "Secondary eclipse: uncertainty of \\texttt{derivedSecondaryEclDuration}"
#   meta:
#     ucd: stat.error;time.duration
# - 
#   name: derived_secondary_ecl_depth
#   datatype: float32
#   unit: mag
#   description: "Secondary eclipse: depth"
#   meta:
#     ucd: src.var.amplitude
# - 
#   name: derived_secondary_ecl_depth_error
#   datatype: float32
#   unit: mag
#   description: "Secondary eclipse: uncertainty of \\texttt{derivedSecondaryEclDepth}"
#   meta:
#     ucd: stat.error;src.var.amplitude
solution_id,source_id,global_ranking,reference_time,frequency,frequency_error,geom_model_reference_level,geom_model_reference_level_error,geom_model_gaussian1_phase,geom_model_gaussian1_phase_error,geom_model_gaussian1_sigma,geom_model_gaussian1_sigma_error,geom_model_gaussian1_depth,geom_model_gaussian1_depth_error,geom_model_gaussian2_phase,geom_model_gaussian2_phase_error,geom_model_gaussian2_sigma,geom_model_gaussian2_sigma_error,geom_model_gaussian2_depth,geom_model_gaussian2_depth_error,geom_model_cosine_half_period_amplitude,geom_model_cosine_half_period_amplitude_error,geom_model_cosine_half_period_phase,geom_model_cosine_half_period_phase_error,model_type,num_model_parameters,reduced_chi2,derived_primary_ecl_phase,derived_primary_ecl_phase_error,derived_primary_ecl_duration,derived_primary_ecl_duration_error,derived_primary_ecl_depth,derived_primary_ecl_depth_error,derived_secondary_ecl_phase,derived_secondary_ecl_phase_error,derived_secondary_ecl_duration,derived_secondary_ecl_duration_error,derived_secondary_ecl_depth,derived_secondary_ecl_depth_error
[from data line 220]
375316653866487564,4302656631818050688,0.5322715,2181.503798391354,3.269499073881533,1.1119536E-5,16.513489,0.023473175,0.26070595,0.0039256015,0.05182529,0.008509203,0.22575273,0.060194295,0.7394663,0.0057938886,0.060901646,0.007775587,0.3397644,0.049537275,0.1009283,0.034487486,0.26070595,0.0039256015,"TWOGAUSSIANS_WITH_ELLIPSOIDAL_ON_ECLIPSE1",9,103.138695,0.7425963,0.004343157,0.34104922,0.043543287,0.53855115,0.026136795,0.26070595,0.0039256015,0.2902216,0.047651533,0.42759016,0.026890492
375316653866487564,4302657039816076032,0.5306458,2174.205789901565,3.3518996205143288,1.7208438E-5,19.181976,0.012904968,0.2875262,0.0036845228,0.07232785,0.012782484,0.555202,0.053138174,0.7743145,0.0024629668,0.0675482,0.0033965174,0.51369804,0.014739951,null,null,null,null,"TWOGAUSSIANS",8,3.8432772,0.2875262,0.0036845228,0.4,0.059412256,0.5539264,0.054040004,0.7743145,0.0024629668,0.3782699,0.019020498,0.51242244,0.014455564
375316653866487564,4302657623926686336,0.59104514,2131.6117483479925,3.144988375715651,9.094223E-6,18.868483,0.008718944,0.25293598,0.002532438,0.06079804,0.0024802806,0.69003457,0.016463542,0.7616515,0.0073957974,0.06770695,0.007865562,0.48925683,0.049724497,null,null,null,null,"TWOGAUSSIANS",8,4.933029,0.25293598,0.002532438,0.34046903,0.013889572,0.6895808,0.016411828,0.7616515,0.0073957974,0.37915894,0.039947394,0.4888031,0.050149817
375316653866487564,4302657731301426560,0.47808546,2101.835609533827,1.5982955729205413,5.6780915E-5,18.736847,0.050869703,0.26450515,0.022263568,0.15898503,0.12464945,0.110092275,0.06682605,0.7692254,0.0040482064,0.03061026,0.00870262,0.7051552,0.55848575,null,null,null,null,"TWOGAUSSIANS",8,6.1565704,0.7692254,0.0040499186,0.17141746,0.04873467,0.7005971,0.5629777,0.26450515,0.022263568,0.4,0.09098968,0.10396109,0.07561382
375316653866487564,4302658109258568448,0.4991536,2149.584040073294,3.4312388540827383,3.0387018E-5,19.716394,0.11035323,0.28888717,0.009863926,0.107836075,0.030809486,0.40843442,0.10011248,0.7744327,0.011060004,0.10910571,0.024236536,0.4204638,0.10730621,null,null,null,null,"TWOGAUSSIANS",8,2.7712157,0.7744327,0.011060004,0.4,0.0,0.3706691,0.026929077,0.28890717,0.009847944,0.4,0.0,0.3586462,0.036066808
375316653866487564,4302658246725522304,0.5742066,2174.746297605072,2.211239991805834,9.342159E-6,16.38789,0.0058201207,0.12993558,0.0018235843,0.05306462,0.0048828702,0.12540106,0.027037371,0.5878577,0.0014026787,0.02473783,0.0042528287,0.18868756,0.04131481,0.15191372,0.009329478,0.12993558,0.0018235843,"TWOGAUSSIANS_WITH_ELLIPSOIDAL_ON_ECLIPSE1",9,38.00422,0.5907977,0.0016855954,0.13853185,0.023815839,0.47317955,0.04199917,0.12993558,0.0018235843,0.29716188,0.027344072,0.42922658,0.021772144
375316653866487564,4302658555963243392,0.4956021,2175.8702271484144,4.644565275291448,4.572799E-5,18.473923,0.0024114032,0.08641927,2.2124997E-4,0.007295727,5.301753E-4,0.041742574,0.0022676452,0.83771545,0.0025580889,0.03890544,0.0034069777,0.63076735,0.6144769,null,null,null,null,"TWOGAUSSIANS",8,1.4592069,0.83771545,0.0025580889,0.21787047,0.019079076,0.63076735,0.6144769,0.08641927,2.2124997E-4,0.04085607,0.0029689816,0.041742574,0.0022676457
375316653866487564,4302658762121758848,0.5658299,2113.3375931221044,2.2937207387474916,5.7379343E-6,17.056961,0.004278341,0.26154634,0.0016100906,0.07481714,0.0022765356,0.25061506,0.005482814,0.76668066,0.0029798052,0.0771729,0.0038965107,0.23241271,0.008900819,null,null,null,null,"TWOGAUSSIANS",8,7.652821,0.26154634,0.0016100906,0.4,0.0,0.2486884,0.005289701,0.76668066,0.0029798052,0.4,0.0,0.23048604,0.008977886
375316653866487564,4302660411361373184,0.50045305,2106.5414160669507,3.18062727088964,2.4442821E-5,18.96367,0.025187347,0.23168577,0.008114214,0.0786762,0.012083381,0.41959777,0.06661951,0.72489655,0.0059389197,0.0810447,0.008298973,0.57755136,0.045726757,null,null,null,null,"TWOGAUSSIANS",8,11.30252,0.72489655,0.0059389197,0.4,0.0,0.5711312,0.045873534,0.23168577,0.008114214,0.4,0.0045944354,0.41317764,0.06784499
375316653866487564,4302660716304083584,0.54334533,2167.6581866553497,0.22636309778180272,2.0199355E-5,17.594624,0.002548193,0.12874064,0.006586932,0.03381815,0.01747567,0.045315266,1.3786672,0.7606441,7.754067E-6,0.010208708,7.240365E-5,0.32016465,0.0022400771,null,null,null,null,"TWOGAUSSIANS",8,3.7863204,0.7606441,7.754067E-6,0.057168767,4.0546045E-4,0.32016465,0.0022400771,0.12874064,0.006586932,0.18938166,0.097863756,0.045315266,1.3786672
375316653866487564,4302660956826283776,0.6295588,2143.907229119118,2.0743086869317384,7.1685295E-6,16.955803,0.0053776363,0.22754474,0.0012326731,0.045274235,0.0028824764,0.3502869,0.025124287,0.7386346,1.3486359E-4,0.02244836,9.7572315E-4,0.48553902,0.0030064282,0.14018585,0.009943501,0.22754474,0.0012326731,"TWOGAUSSIANS_WITH_ELLIPSOIDAL_ON_ECLIPSE1",9,14.592684,0.7386346,1.3486359E-4,0.12571082,0.0054640495,0.7645515,0.017686054,0.22754474,0.0012326731,0.25353572,0.016141867,0.63065845,0.024847623
375316653866487564,4302661064224248576,0.60254973,2177.259383728025,3.4154035665612614,6.381884E-6,17.058586,0.026693968,0.25011384,0.0014917706,0.049393978,0.0072478196,0.4889569,0.049637344,0.7547538,0.0037158793,0.0448348,0.0060369195,0.45781732,0.06293383,0.07497207,0.033554994,0.25011384,0.0014917706,"TWOGAUSSIANS_WITH_ELLIPSOIDAL_ON_ECLIPSE1",9,26.220722,0.25011384,0.0014917706,0.2766063,0.04058779,0.6388995,0.024160273,0.7547538,0.0037158793,0.25107488,0.033806752,0.6076325,0.015376025
375316653866487564,4302661201663180032,0.51646584,2148.0960659976395,0.2666011370909941,3.2468788E-6,18.745893,0.0045748856,0.50052685,0.02152148,0.040213842,0.048371743,0.039395213,0.012365723,0.75157374,5.337566E-4,0.010916071,6.224397E-4,0.29073682,0.004261175,null,null,null,null,"TWOGAUSSIANS",8,2.189133,0.75157374,5.337566E-4,0.06113,0.0034856624,0.29073682,0.004260122,0.50052685,0.02152148,0.22519751,0.17622688,0.039395213,0.0123657305
375316653866487564,4302661545260650240,0.4926844,2143.124692435723,0.817178396776866,4.0790863E-5,17.438255,0.0060177147,0.07781505,0.008336214,0.015636355,0.0046266634,0.43420276,0.22665201,0.569168,0.0069066663,0.03859726,0.0051695155,0.24843976,0.04845944,null,null,null,null,"TWOGAUSSIANS",8,19.278152,0.07781505,0.008336214,0.08756359,0.025909314,0.43420276,0.22665201,0.569168,0.0069066663,0.21614465,0.028949287,0.24843976,0.04845944
375316653866487564,4302661923218068992,0.4458461,2118.6889272456574,2.8978444046727514,2.9706918E-5,18.911907,0.02602901,0.24832562,0.005747421,0.07524457,0.009568102,0.46130368,0.04325512,0.73882955,0.007931076,0.069684386,0.0089453105,0.46232828,0.034993302,null,null,null,null,"TWOGAUSSIANS",8,9.053345,0.73882955,0.007931076,0.39023256,0.03574584,0.4604161,0.033687573,0.24832562,0.005747421,0.4,0.0,0.45939153,0.043362662
375316653866487564,4302662365567008896,0.5160933,2181.7901733509702,3.6968580543903125,2.1496377E-5,18.625206,0.10383949,0.30319878,0.012788896,0.085547574,0.038327772,0.2912307,0.08958765,0.78317195,0.02150431,0.080990344,0.06568432,0.25260946,0.053714406,null,null,null,null,"TWOGAUSSIANS",8,4.942785,0.30319878,0.012824925,0.4,0.0,0.28708363,0.033627603,0.78317195,0.02150431,0.4,1.4872418E-4,0.24846244,0.019969882
375316653866487564,4302662438614152064,0.42694765,2137.1165983361025,4.04673345162599,2.4302932E-5,19.47243,0.121303074,0.19495682,0.0076580076,0.10336424,0.03051975,0.26713607,0.0939675,0.6930144,0.013225077,0.16566662,0.07477395,0.18267782,0.11276843,null,null,null,null,"TWOGAUSSIANS",8,3.8208063,0.19504683,0.007591863,0.4,0.0,0.20102204,0.027359376,0.6930144,0.013225077,0.4,0.0,0.11272252,0.024626197
375316653866487564,4302663125808989184,0.5600926,2117.333008112862,1.6596087150233498,1.1709985E-5,17.120792,0.008353764,0.23880033,0.002428341,0.08714404,0.0047134254,0.2567175,0.008202119,0.73498416,0.004150133,0.09459286,0.005727418,0.21808098,0.009875973,null,null,null,null,"TWOGAUSSIANS",8,7.7229304,0.23880033,0.002428341,0.4,0.0,0.24662632,0.0062261377,0.73498416,0.004150133,0.4,0.0,0.20798945,0.008243769
375316653866487564,4302664564590481152,0.5495573,2201.062694176034,2.6998207166659736,2.7007412E-5,18.953201,0.029346598,0.136429,0.0112571595,0.06809834,0.014589078,0.207518,0.026546828,0.62794614,0.020829676,0.067809045,0.018995719,0.5285597,0.056739308,null,null,null,null,"TWOGAUSSIANS",8,5.041314,0.62794614,0.020829676,0.37973064,0.03458657,0.5279608,0.05356029,0.136429,0.0112571595,0.38135067,0.0416759,0.20691909,0.024683056
375316653866487564,4302665015594581504,0.5968572,2136.8192746494797,4.021966987813174,9.151993E-6,16.770157,0.0013607767,0.44996986,6.441914E-5,0.031945042,3.2070847E-4,0.5404354,0.0015310035,null,null,null,null,null,null,null,null,null,null,"ONEGAUSSIAN",5,5.6389046,0.44996986,6.441914E-5,0.17889224,0.0017959675,0.5404354,0.0,null,null,null,null,null,null
375316653866487564,4302665114359985792,0.57636064,2148.991045887276,3.480423490012039,7.212239E-6,18.667332,0.011505427,0.23729739,0.0038063752,0.078793,0.00407503,0.41638368,0.0129386205,0.7379478,0.0034952709,0.077645555,0.0043094177,0.31670278,0.015473439,null,null,null,null,"TWOGAUSSIANS",8,2.5281951,0.23729739,0.0038063752,0.4,0.0,0.41204658,0.011393393,0.7379478,0.0034952709,0.4,0.0,0.31236568,0.01462469
375316653866487564,4302665492303529344,0.47200584,2141.1063782885035,3.0463530862397716,2.2834542E-5,19.576168,0.08019463,0.2586806,0.010410675,0.11898088,0.03734238,0.2303153,0.073344685,0.7692412,0.006600681,0.11826043,0.03257852,0.24704146,0.07625627,null,null,null,null,"TWOGAUSSIANS",8,1.7359433,0.7692912,0.006631644,0.4,0.0,0.20004235,0.01557412,0.25863063,0.0105055915,0.4,0.0,0.18331361,0.025739376
375316653866487564,4302666012027607936,0.48087463,2193.271714602324,2.2462795741429034,3.7889997E-5,15.299238,0.23734176,0.17659338,0.011425262,0.12720829,0.0821349,0.16353948,0.22565435,0.6605138,0.009550719,0.119846754,0.05597996,0.19913329,0.22320306,null,null,null,null,"TWOGAUSSIANS",8,146.37427,0.6605138,0.009550719,0.4,0.0,0.15880495,0.02543002,0.17672339,0.011098472,0.4,0.0,0.12312593,0.025444629
375316653866487564,4302666664862636544,0.69040483,2122.220497433969,1.3489319682279035,2.9897997E-6,15.414824,0.0015189747,0.22229709,0.002128644,0.033594195,0.007393178,0.0513246,0.0051376363,0.7176802,4.6699494E-4,0.046236143,0.0010584041,0.40199244,0.0074058673,0.071176864,0.0031112735,0.22229709,0.002128644,"TWOGAUSSIANS_WITH_ELLIPSOIDAL_ON_ECLIPSE1",9,11.557754,0.7179402,3.915244E-4,0.2589224,0.005927063,0.54423267,0.0073432624,0.22229709,0.002128644,0.18812749,0.0414018,0.19367784,0.0039669913
375316653866487564,4302666939740015360,0.47121042,2111.2189479017325,0.11220783364690148,3.2713277E-5,16.450874,0.0011786335,0.24944896,8.4295205E-4,0.0040425113,2.9346507E-4,0.105596684,0.023611737,0.74918556,2.4129728E-4,0.004531485,3.1651402E-4,0.04225425,5.217357E-4,0.009291334,0.0017038578,0.24944896,8.4295205E-4,"TWOGAUSSIANS_WITH_ELLIPSOIDAL_ON_ECLIPSE1",9,3.6922314,0.24944896,8.4295205E-4,0.022638064,0.0016434044,0.124179356,0.02457973,0.74918556,2.4129728E-4,0.025376316,0.0017724785,0.060836866,0.0030451773
375316653866487564,4302667111538730752,0.504993,2135.263395003991,3.1687611586266042,1.4757849E-5,17.909266,1.091811,0.3101719,0.007198638,0.13733803,0.14422119,0.3060872,1.075814,0.7968745,0.008624146,0.12068728,0.059317544,0.36130598,0.72667927,null,null,null,null,"TWOGAUSSIANS",8,11.432883,0.7968745,0.008624146,0.4,0.0,0.27122578,0.024280662,0.3103019,0.0062495656,0.4,0.0,0.2152987,0.02285866
375316653866487564,4302668241082742272,0.6430791,2169.8600671771737,3.1678465409537995,2.2632028E-6,18.000204,0.009195636,0.27347377,9.4651093E-4,0.0474802,0.001973435,0.59387934,0.02510833,0.77228326,0.0010217,0.043128997,0.0021773104,0.40560335,0.018793195,0.13156019,0.011750273,0.27347377,9.4651093E-4,"TWOGAUSSIANS_WITH_ELLIPSOIDAL_ON_ECLIPSE1",9,4.929415,0.27347377,9.4651093E-4,0.2658891,0.011051236,0.8569991,0.021956103,0.7723832,9.1635366E-4,0.24152237,0.0121929385,0.6687097,0.008765367
375316653866487564,4302668412881289344,0.5310348,2143.593015797979,3.194029501888242,1.0954892E-5,17.466297,0.014497275,0.17691182,0.004052789,0.11377486,0.008907468,0.18562354,0.015206252,0.66563714,0.0032375802,0.096836686,0.010120552,0.19982155,0.016674029,null,null,null,null,"TWOGAUSSIANS",8,4.354912,0.66563714,0.0032375802,0.4,0.0,0.17977048,0.019113308,0.17691182,0.004052789,0.4,0.0,0.16554733,0.0074976417
375316653866487564,4302668790839614592,0.58618176,2144.219018385297,3.6647890496882343,8.34197E-6,18.6136,0.019607006,0.1724172,0.0027219858,0.05011081,0.00627175,0.47144207,0.052225,0.67404455,0.0074838246,0.052305687,0.006955055,0.41632795,0.061063603,0.12585706,0.025449885,0.1724172,0.0027219858,"TWOGAUSSIANS_WITH_ELLIPSOIDAL_ON_ECLIPSE1",9,5.8990293,0.1724172,0.0027219858,0.28062052,0.035121802,0.7231504,0.047090493,0.67404455,0.006901131,0.29291186,0.03894831,0.66800994,0.040337782
375316653866487564,4302669447976248832,0.4822442,2111.8386194580676,3.7993819011397068,1.9660794E-5,19.545319,0.031052927,0.20661579,0.005924418,0.09072093,0.015580661,0.31057513,0.03427448,0.7024398,0.0070934463,0.084158435,0.013026853,0.3683089,0.052312363,null,null,null,null,"TWOGAUSSIANS",8,2.716667,0.7024398,0.0070934463,0.4,0.0,0.3577591,0.05345498,0.20661579,0.005924418,0.4,0.0,0.3000252,0.03620441
375316653866487564,4302669448000970368,0.61437094,2154.822827052475,3.3478622934611133,4.9320147E-6,18.207745,0.009758142,0.23454332,0.0019820852,0.056903597,0.0056870477,0.14093485,0.031405434,0.7222561,0.002783178,0.05416019,0.005169726,0.2233078,0.02082917,0.10908649,0.012940061,0.23454332,0.0019820852,"TWOGAUSSIANS_WITH_ELLIPSOIDAL_ON_ECLIPSE1",9,2.208766,0.72451615,0.0020448463,0.30329707,0.028950466,0.4404088,0.013910495,0.23454332,0.0019820852,0.31866014,0.03184747,0.35909504,0.02007508
375316653866487564,4302669585415225216,0.4827222,2158.6750562940947,3.7603244222977192,1.4944538E-5,19.73745,0.09724682,0.1824513,0.013262274,0.1199679,0.040604435,0.27832577,0.087980464,0.6906248,0.007973398,0.101429984,0.024207197,0.31552753,0.092219725,null,null,null,null,"TWOGAUSSIANS",8,1.3914846,0.69065475,0.008011648,0.4,0.0,0.27355915,0.02371419,0.1824513,0.013267236,0.4,0.0,0.23626326,0.032882005
375316653866487564,4302669722878920960,0.49811825,2133.6162593108093,2.9054965254582252,2.3533994E-5,18.3044,0.44914192,0.24049485,0.010742813,0.15565087,0.10810471,0.26766896,0.44023734,0.73315024,0.0069053844,0.13064702,0.044464983,0.3307379,0.37115353,null,null,null,null,"TWOGAUSSIANS",8,3.4782095,0.73315024,0.0069053844,0.4,0.0,0.2126976,0.009771958,0.24073485,0.010572254,0.4,0.0,0.1469677,0.015629789
375316653866487564,4302669752911316224,0.4839848,2138.970303653356,3.5330290503823747,1.3861128E-5,18.66215,0.007873042,0.31048074,0.0059371185,0.09159913,0.01059935,0.14599197,0.0076892646,0.80647254,0.00573907,0.06718237,0.0059329495,0.12706022,0.014220691,null,null,null,null,"TWOGAUSSIANS",8,2.1086464,0.31048074,0.0059371185,0.4,0.0,0.14422755,0.0071925432,0.80647254,0.00573907,0.37622127,0.032244146,0.12529592,0.013575164
375316653866487564,4302669894677612288,0.56176406,2135.9620228790163,3.343005241515422,1.259015E-5,17.22929,0.011323919,0.30423838,0.005785137,0.037581336,0.022776118,0.19504346,24.92,0.8060222,0.003095483,0.041257504,0.0043952987,0.34452954,0.025207242,0.111950256,0.015949124,0.30423838,0.005785137,"TWOGAUSSIANS_WITH_ELLIPSOIDAL_ON_ECLIPSE1",9,31.492485,0.8060222,0.0030878468,0.23104203,0.024613671,0.56840163,0.0130177,0.30423838,0.005785137,0.21045548,0.12754627,0.41894367,24.935764
