Gaia/vari_eclipsing_binary/VariEclipsingBinary_766668-766857.csv
# %ECSV 1.0
# ---
# delimiter: ','
# meta: !!omap
# - RELEASE: Gaia DR3
# - TABLE: vari_eclipsing_binary
# - DESCRIPTION: >
#     This table describes the properties of the eclipsing binaries resulting from the variability analysis. 
# - CITATION: >
#     How to cite and acknowledge Gaia: 
#     https://gea.esac.esa.int/archive/documentation/credits.html 
# - KNOWN_ISSUES: >
#     Known issues: 
#     https://www.cosmos.esa.int/web/gaia-users/known-issues 
# - DOCUMENTATION: >
#     Tutorials and documentation: 
#     https://www.cosmos.esa.int/web/gaia-users/archive 
# datatype:
# - 
#   name: solution_id
#   datatype: int64
#   description: Solution Identifier
#   meta:
#     ucd: meta.version
# - 
#   name: source_id
#   datatype: int64
#   description: Unique source identifier
#   meta:
#     ucd: meta.id;meta.main
# - 
#   name: global_ranking
#   datatype: float32
#   description: Number between 0 (worst) and 1 (best)
#   meta:
#     ucd: stat.param
# - 
#   name: reference_time
#   datatype: float64
#   unit: d
#   description: Reference time used for the geometric model fit
#   meta:
#     ucd: time.epoch
# - 
#   name: frequency
#   datatype: float64
#   unit: d**-1
#   description: Frequency of geometric model of the eclipsing binary light curve
#   meta:
#     ucd: src.orbital
# - 
#   name: frequency_error
#   datatype: float32
#   unit: d**-1
#   description: "Uncertainty of \\texttt{frequency}"
#   meta:
#     ucd: stat.error
# - 
#   name: geom_model_reference_level
#   datatype: float32
#   unit: mag
#   description: Magnitude reference level of geometric model
#   meta:
#     ucd: phot.mag;em.opt
# - 
#   name: geom_model_reference_level_error
#   datatype: float32
#   unit: mag
#   description: "Uncertainty of \\texttt{geomModelReferenceLevel}"
#   meta:
#     ucd: stat.error;phot.mag;em.opt
# - 
#   name: geom_model_gaussian1_phase
#   datatype: float32
#   description: Phase of the Gaussian 1 component
#   meta:
#     ucd: time.phase
# - 
#   name: geom_model_gaussian1_phase_error
#   datatype: float32
#   description: "Uncertainty of \\texttt{geomModelGaussian1Phase}"
#   meta:
#     ucd: stat.error;time.phase
# - 
#   name: geom_model_gaussian1_sigma
#   datatype: float32
#   description: "Standard deviation [phase] of Gaussian 1 component"
#   meta:
#     ucd: stat.stdev
# - 
#   name: geom_model_gaussian1_sigma_error
#   datatype: float32
#   description: "Uncertainty of \\texttt{geomModelGaussian1Sigma}"
#   meta:
#     ucd: stat.error
# - 
#   name: geom_model_gaussian1_depth
#   datatype: float32
#   unit: mag
#   description: Magnitude depth of Gaussian 1 component
#   meta:
#     ucd: src.var.amplitude
# - 
#   name: geom_model_gaussian1_depth_error
#   datatype: float32
#   unit: mag
#   description: "Uncertainty of \\texttt{geomModelGaussian1Depth}"
#   meta:
#     ucd: stat.error;src.var.amplitude
# - 
#   name: geom_model_gaussian2_phase
#   datatype: float32
#   description: Phase of Gaussian 2 component
#   meta:
#     ucd: time.phase
# - 
#   name: geom_model_gaussian2_phase_error
#   datatype: float32
#   description: "Uncertainty of \\texttt{geomModelGaussian2Phase}"
#   meta:
#     ucd: stat.error;time.phase
# - 
#   name: geom_model_gaussian2_sigma
#   datatype: float32
[...]
#   datatype: float32
#   description: "Secondary eclipse: uncertainty of \\texttt{derivedSecondaryEclDuration}"
#   meta:
#     ucd: stat.error;time.duration
# - 
#   name: derived_secondary_ecl_depth
#   datatype: float32
#   unit: mag
#   description: "Secondary eclipse: depth"
#   meta:
#     ucd: src.var.amplitude
# - 
#   name: derived_secondary_ecl_depth_error
#   datatype: float32
#   unit: mag
#   description: "Secondary eclipse: uncertainty of \\texttt{derivedSecondaryEclDepth}"
#   meta:
#     ucd: stat.error;src.var.amplitude
solution_id,source_id,global_ranking,reference_time,frequency,frequency_error,geom_model_reference_level,geom_model_reference_level_error,geom_model_gaussian1_phase,geom_model_gaussian1_phase_error,geom_model_gaussian1_sigma,geom_model_gaussian1_sigma_error,geom_model_gaussian1_depth,geom_model_gaussian1_depth_error,geom_model_gaussian2_phase,geom_model_gaussian2_phase_error,geom_model_gaussian2_sigma,geom_model_gaussian2_sigma_error,geom_model_gaussian2_depth,geom_model_gaussian2_depth_error,geom_model_cosine_half_period_amplitude,geom_model_cosine_half_period_amplitude_error,geom_model_cosine_half_period_phase,geom_model_cosine_half_period_phase_error,model_type,num_model_parameters,reduced_chi2,derived_primary_ecl_phase,derived_primary_ecl_phase_error,derived_primary_ecl_duration,derived_primary_ecl_duration_error,derived_primary_ecl_depth,derived_primary_ecl_depth_error,derived_secondary_ecl_phase,derived_secondary_ecl_phase_error,derived_secondary_ecl_duration,derived_secondary_ecl_duration_error,derived_secondary_ecl_depth,derived_secondary_ecl_depth_error
[from data line 225]
375316653866487564,6744542214708244352,0.5301908,2217.0442300711907,0.06657515866122161,1.9645285E-4,16.90815,0.005824787,0.23664446,0.0024955538,0.058185477,0.0023247884,0.45952982,0.017197981,0.8049567,0.13353175,0.09476662,0.11052558,0.047739502,6.6804705,null,null,null,null,"TWOGAUSSIANS",8,11.7696495,0.23664446,0.0024816606,0.32583869,0.013018815,0.4593248,0.017556567,0.8049567,0.13353175,0.4,0.37199652,0.047533013,6.6807017
375316653866487564,6744547364372317056,0.43637982,2217.3024114994023,3.930200802108902,5.7702E-5,18.785912,0.06835562,0.30442527,0.015956957,0.14879192,0.05788603,0.20035815,0.0636202,0.80263716,0.009470872,0.077406585,0.02313567,0.28098753,0.105805576,null,null,null,null,"TWOGAUSSIANS",8,13.182571,0.80263716,0.009476492,0.4,0.0710968,0.24681519,0.12323827,0.30442527,0.015956957,0.4,0.0,0.16476975,0.0212825
375316653866487564,6744549838273524736,0.48841152,2235.877444319859,0.06409704699647584,3.621927E-5,18.484974,0.0056492514,0.98075217,0.0077897776,0.01909785,0.008761239,0.02048756,0.034259763,0.80133015,0.0036151141,0.04002315,0.02081308,0.29643312,0.23067251,null,null,null,null,"TWOGAUSSIANS",8,1.8826195,0.80133015,0.0036151141,0.22412966,0.11655325,0.29643312,0.23067251,0.9807222,0.007719994,0.10694796,0.04906294,0.0205004,0.034303088
375316653866487564,6744552896290495360,0.4894457,2195.531662047551,1.172707638219625,4.801934E-5,17.526625,0.050073512,0.23221569,0.008602419,0.08615684,0.023312245,0.2199847,0.042272754,0.70034283,0.008260214,0.0941657,0.03218755,0.33939645,0.044765335,null,null,null,null,"TWOGAUSSIANS",8,27.982357,0.70034283,0.008260214,0.4,0.0,0.33229536,0.06774255,0.23221569,0.008505002,0.4,0.0,0.212885,0.018941434
375316653866487564,6744555546287788928,0.5738783,2227.2510617347602,0.1639236097415468,4.2281426E-5,16.131811,0.0043534907,0.40492618,0.005883548,0.02112421,0.0043122666,0.04633626,0.010277467,0.73334503,0.029117618,0.021093847,0.013389871,2.192297,5.8009295,null,null,null,null,"TWOGAUSSIANS",8,49.47045,0.73334503,0.029117618,0.11812554,0.074983284,2.192297,5.8009295,0.40492618,0.005883548,0.11829558,0.024148693,0.04633626,0.010277467
375316653866487564,6744557019456647424,0.4765866,2214.816157464369,3.160050010176758,2.2058008E-5,17.863321,0.21285245,0.243248,0.0063130693,0.13384643,0.042772498,0.20546003,0.1552425,0.7439072,0.012350793,0.20089722,0.10181708,0.24079931,0.21140991,null,null,null,null,"TWOGAUSSIANS",8,4.0686245,0.74393725,0.012361871,0.4,0.0,0.09687823,0.007378862,0.243038,0.0065910523,0.4,0.0,0.08291199,0.017439023
375316653866487564,6744558015889078144,0.5587946,2240.639980367391,0.10784236424343403,1.3461936E-4,18.402308,0.009922805,0.3981237,0.012868922,0.03640477,0.009877359,0.101296924,0.02428505,0.6957874,0.028858295,0.05684782,0.017846346,0.8213744,1.085543,null,null,null,null,"TWOGAUSSIANS",8,8.549273,0.6957874,0.028858295,0.31834778,0.09993953,0.8213744,1.085543,0.3981237,0.012867977,0.20386672,0.05531321,0.10129784,0.024285382
375316653866487564,6744571454840376448,0.47461405,2210.454658922042,1.6943520405068218,2.8979945E-5,17.938662,0.002717132,null,null,null,null,null,null,null,null,null,null,null,null,0.058511358,0.0044297082,0.29891577,0.0058872756,"ELLIPSOIDAL",4,3.969766,null,null,null,null,null,null,null,null,null,null,null,null
375316653866487564,6744575234412041600,0.4883946,2216.6972604707007,4.0567435493123085,2.5273288E-5,19.861078,0.0659914,0.29667854,0.014767052,0.0775961,0.027884616,0.29220566,0.07011978,0.7511302,0.030776009,0.101618,0.038089022,0.31962156,0.08057881,null,null,null,null,"TWOGAUSSIANS",8,2.1690261,0.7511302,0.030776009,0.4,0.0,0.31369895,0.06942707,0.29668853,0.014693809,0.4,0.019339306,0.28629774,0.0685247
375316653866487564,6744584816485409280,0.44038323,2255.632940802522,0.6716000897151677,1.1193948E-4,18.036524,0.48311675,0.18580598,0.020091334,0.1891028,0.13395542,0.2849377,0.48563945,0.65390396,0.02021286,0.11325843,0.036347967,0.37796065,0.25638413,null,null,null,null,"TWOGAUSSIANS",8,25.022316,0.65390396,0.02021286,0.4,0.0,0.2699526,0.038435906,0.18611597,0.019493219,0.4,0.0,0.15824537,0.031609867
375316653866487564,6744585194442528768,0.60054547,2230.0636484170504,0.9482268170471053,1.5073114E-5,19.13771,0.005950063,0.27905336,0.0037687228,0.045690514,0.004922,0.7934764,0.07109353,0.79102415,0.0044656307,0.069738135,0.006022076,0.21243504,0.022367392,null,null,null,null,"TWOGAUSSIANS",8,2.237997,0.27905336,0.0037687228,0.2558669,0.027563201,0.7934397,0.07111466,0.79102415,0.0044656307,0.39053357,0.02997636,0.21239828,0.022385875
375316653866487564,6744585434960746240,0.48615783,2186.0792962100336,0.08342054878217454,6.01273E-5,18.177708,0.017947888,0.15699616,0.024865787,0.1128927,0.024570895,0.06568715,0.016500307,0.5239041,0.013420563,0.1205838,0.014975222,0.11940361,0.018420424,null,null,null,null,"TWOGAUSSIANS",8,1.7477932,0.5239041,0.013420563,0.4,0.0,0.11523686,0.013222399,0.16361615,0.025095861,0.4,0.0,0.06244916,0.010611045
375316653866487564,6744588527335710464,0.45975766,2233.242501323758,0.1844320511367811,4.5885354E-5,19.800323,0.017601434,0.37708834,0.010148253,0.07227156,0.013229621,0.2742829,0.05239871,0.7325846,0.008337989,0.011338541,0.008567719,0.30142274,12.837322,null,null,null,null,"TWOGAUSSIANS",8,2.504689,0.7325846,0.008337989,0.06349584,0.047979224,0.30142426,12.83732,0.37708834,0.010148253,0.4,0.022226619,0.2742829,0.05239871
375316653866487564,6744597190289835008,0.5745048,2241.332883700518,3.4064172362862286,1.8701254E-5,16.698292,0.019430663,0.28756458,0.0076776473,0.05714287,0.010934299,0.43108633,0.09204277,0.7847177,0.0034727168,0.040925324,0.0075712632,0.29598007,0.06266175,0.10106689,0.026523624,0.28756458,0.0076776473,"TWOGAUSSIANS_WITH_ELLIPSOIDAL_ON_ECLIPSE1",9,47.62904,0.28756458,0.0076776473,0.32000008,0.061232075,0.63319,0.10060855,0.78495765,0.0029469077,0.22918181,0.042399075,0.49802437,0.07094817
375316653866487564,6744598079347036800,0.63623077,2266.951069790995,2.4172230330945315,1.6423652E-5,15.994555,0.021676293,0.29844826,0.0036160864,0.09824231,0.010181017,0.23814113,0.020399285,0.7951086,0.0040707067,0.08745613,0.01544145,0.2513049,0.038718984,null,null,null,null,"TWOGAUSSIANS",8,8.439105,0.7951086,0.0040707067,0.4,0.0,0.23893055,0.04438942,0.29844826,0.0036160864,0.4,0.0,0.22576569,0.010013806
375316653866487564,6744603478121844096,0.7412259,2218.5708828336683,1.0934532179200882,2.0070343E-6,15.211496,0.0024262217,0.27871463,3.997629E-4,0.053600524,9.398096E-4,0.2788608,0.006628464,0.7540863,0.008913893,0.034401245,0.009156458,0.04114536,0.0061645475,0.040702764,0.0044382513,0.27871463,3.997629E-4,"TWOGAUSSIANS_WITH_ELLIPSOIDAL_ON_ECLIPSE1",9,2.331337,0.27871463,3.997629E-4,0.30016294,0.0052629337,0.36026087,0.0031757962,0.75791633,0.008487679,0.19264698,0.051276166,0.12090893,0.0034163727
375316653866487564,6744607837512955648,0.62125826,2158.1775704609054,3.4843318702148935,1.0143895E-5,16.808529,0.0168455,0.31314766,0.0037303194,0.0519748,0.008254913,0.3059901,0.050688025,0.8164898,0.0036051166,0.044784416,0.0064291963,0.22805052,0.042826902,0.09681515,0.022722645,0.31314766,0.0037303194,"TWOGAUSSIANS_WITH_ELLIPSOIDAL_ON_ECLIPSE1",9,14.703679,0.31314766,0.0037303194,0.29105887,0.04622751,0.49961743,0.045660008,0.8164898,0.0036051166,0.2507927,0.0360035,0.42159244,0.025537103
375316653866487564,6744612510435267072,0.45322156,2200.3726351088644,0.7650653086761312,2.7979546E-5,17.449202,0.0054342262,0.26611903,0.007014673,0.06885921,0.015083055,0.060951002,0.016213229,null,null,null,null,null,null,0.026117677,0.0060837273,0.26611903,0.007014673,"ONEGAUSSIAN_WITH_ELLIPSOIDAL",6,2.0446832,0.26611903,0.007014673,0.3856116,0.053876877,0.11310489,0.013210017,null,null,null,null,null,null
375316653866487564,6744625017380205696,0.46251896,2192.221718325203,3.41747805061253,2.24539E-5,17.491896,0.004029538,0.18276016,0.00554451,0.019776808,0.015994819,0.0068445993,0.36672232,null,null,null,null,null,null,0.07248893,0.005327833,0.18276016,0.00554451,"ONEGAUSSIAN_WITH_ELLIPSOIDAL",6,20.236208,0.18276016,0.00554451,0.110750124,0.089570984,0.15182228,0.3673187,null,null,null,null,null,null
375316653866487564,6744636119873037184,0.5221014,2230.845016003858,1.8436477547887338,2.0635747E-5,13.969656,0.04325477,0.23393594,0.004145591,0.23428018,0.030972103,0.46558413,0.03991812,0.7366681,0.0039958614,0.16622868,0.017515872,0.39758238,0.06925224,null,null,null,null,"TWOGAUSSIANS",8,34.66835,0.7387281,0.004427102,0.4,0.0,0.101716556,0.0067163343,0.23277594,0.004422265,0.4,0.0,0.082928374,0.0053719664
375316653866487564,6744636321739116032,0.5577024,2194.935648194588,4.483784955795436,3.280443E-5,17.773104,0.0026589665,0.5385451,0.001126795,0.023730466,3.9810318E-4,0.38080317,0.020364447,0.7276619,0.027436385,0.0814733,0.04555426,0.019066188,0.005842985,null,null,null,null,"TWOGAUSSIANS",8,0.8066343,0.5385951,0.0010601393,0.13289061,0.0022293779,0.38209322,0.017762125,0.7276619,0.027436385,0.4,0.07900488,0.019066188,0.0058431034
375316653866487564,6744643197979854720,0.76142395,2283.5130135431523,0.871507661202818,1.2243127E-4,19.09945,0.024313899,0.38034195,0.0013636297,0.05963228,0.0021998677,1.9049935,0.052081183,0.76666236,0.019706396,0.17030984,0.049556274,0.08708838,0.021664383,null,null,null,null,"TWOGAUSSIANS",8,0.44984964,0.38050196,0.001460587,0.33394074,0.012319259,1.9036721,0.052790724,0.76666236,0.019706396,0.4,0.0,0.078980565,0.011156232
375316653866487564,6744644160052199936,0.69772166,2262.092914426849,2.5062102345242647,5.6904764E-6,14.705855,0.01922102,0.3010059,0.0027955757,0.05596652,0.012447362,0.21934488,0.02888525,0.8106245,0.0014665577,0.053548686,0.005338537,0.22256051,0.04071651,0.11244965,0.022654958,0.3010059,0.0027955757,"TWOGAUSSIANS_WITH_ELLIPSOIDAL_ON_ECLIPSE1",9,29.03568,0.8106245,0.0014665577,0.29987264,0.029895807,0.4466253,0.00696867,0.3010059,0.0027955757,0.31341252,0.069705226,0.4442301,0.028533554
375316653866487564,6744645431362561024,0.5535146,2245.0336294731974,3.4510647782819284,2.3635252E-5,16.453993,0.022197925,0.2469508,0.0057855635,0.07132476,0.023528133,0.1394749,0.054921057,0.7567102,0.048122555,0.051171105,0.030421197,0.14481197,0.098973654,0.07496041,0.026065573,0.2469508,0.0057855635,"TWOGAUSSIANS_WITH_ELLIPSOIDAL_ON_ECLIPSE1",9,42.676914,0.7567102,0.04554128,0.28655818,0.1703587,0.29387748,0.092875175,0.2469508,0.0057855635,0.39941865,0.08467295,0.28910342,0.024323164
375316653866487564,6744650065627769600,0.6660303,2276.6722710286645,3.9763757467347767,9.075285E-6,18.279007,0.018287634,0.21620512,0.003155619,0.04692706,0.04082171,0.46736142,8.932186,0.7190483,0.0038969584,0.04288081,0.0058960686,0.36247733,0.057157442,0.13007762,0.024576029,0.21620512,0.003155619,"TWOGAUSSIANS_WITH_ELLIPSOIDAL_ON_ECLIPSE1",9,2.8855307,0.21620512,0.003155619,0.26279154,0.22860157,0.7275157,8.957065,0.7190483,0.0037945355,0.24013254,0.033017986,0.62254864,0.05234787
375316653866487564,6744652711327353216,0.612782,2233.7750382933054,2.7400413852376553,1.1636119E-5,18.141832,0.018402612,0.3171344,0.003931594,0.08614603,0.0065520923,0.30495238,0.019809933,0.8056149,0.0027520577,0.08686441,0.009340315,0.29107207,0.011108963,null,null,null,null,"TWOGAUSSIANS",8,3.103658,0.3171344,0.003931594,0.4,0.0,0.29741952,0.015394964,0.8056149,0.0027520577,0.4,0.0,0.2835392,0.006594023
375316653866487564,6744656495197960960,0.62642086,2192.439405823267,1.722582057662242,1.2405505E-5,17.079428,0.0020310925,0.194914,0.006728302,0.061043885,0.00494776,0.15829308,0.009354725,0.6830194,0.005393265,0.06366362,0.0032233454,0.3173636,0.009286507,null,null,null,null,"TWOGAUSSIANS",8,2.217745,0.6830194,0.005393265,0.35651624,0.018050734,0.31726485,0.009262973,0.194914,0.006728302,0.34184575,0.027707458,0.15819433,0.009331569
375316653866487564,6744657452971408128,0.52352875,2248.2327520322656,4.180191288286269,4.0057486E-5,18.392569,0.021616835,0.20495209,0.11683307,0.07463944,0.057344656,0.4021347,1.5024745,0.7294269,0.008215745,0.05575288,0.019689241,0.20149615,0.022380868,null,null,null,null,"TWOGAUSSIANS",8,4.0616183,0.20495209,0.11683307,0.4,0.2773681,0.40195322,1.5027416,0.7294269,0.008215745,0.31221613,0.09192606,0.2013147,0.021400046
375316653866487564,6744660339189529984,0.62793124,2308.7113578441636,3.763978862844734,9.544756E-6,17.961763,0.0116565,0.193084,0.003321932,0.04623693,0.006853805,0.3926362,0.07536489,0.69196683,0.0038674695,0.04514944,0.005522453,0.34595415,0.046559356,0.14464936,0.016814113,0.193084,0.003321932,"TWOGAUSSIANS_WITH_ELLIPSOIDAL_ON_ECLIPSE1",9,5.2775893,0.193084,0.003321932,0.2589268,0.03838131,0.6819344,0.075456195,0.6920968,0.0033768443,0.25283688,0.03092574,0.63523984,0.050603572
375316653866487564,6744660510988155776,0.4739134,2259.7137093977876,1.8244107978278692,8.2186E-5,17.844532,0.013960613,0.3179387,0.01487371,0.052688044,0.013414394,0.15658334,0.02656416,0.74596363,0.017982556,0.11184304,0.027823962,0.122198485,0.030088702,null,null,null,null,"TWOGAUSSIANS",8,13.058886,0.3179887,0.014870344,0.29505304,0.075120606,0.15608151,0.026333163,0.74596363,0.017982556,0.4,0.0,0.12161567,0.03012525
375316653866487564,6744663367146111744,0.5625366,2268.7727843932194,3.391336137585339,1.3316794E-5,15.235656,0.008275379,0.21244559,0.006330626,0.088139646,0.0064093983,0.27414075,0.021646993,0.71940327,0.0030548607,0.06821199,0.004889908,0.40248415,0.023327935,null,null,null,null,"TWOGAUSSIANS",8,107.06987,0.71940327,0.0030548607,0.38198712,0.023626545,0.39914942,0.024121586,0.21244559,0.006330626,0.4,0.0,0.27080595,0.021980738
375316653866487564,6744665390071210368,0.54060763,2306.5156134054214,4.022986146813592,1.7435865E-5,19.564585,0.009441099,0.17338754,0.0038986325,0.07700498,0.0042582466,0.6126876,0.021389827,0.683875,0.0047093895,0.08235404,0.0051777586,0.5087918,0.018735949,null,null,null,null,"TWOGAUSSIANS",8,1.6738304,0.17338754,0.0038986325,0.4,0.0,0.6061162,0.021620946,0.683875,0.0047093895,0.4,0.0,0.50222033,0.018901685
375316653866487564,6744666661381591424,0.5142188,2317.040273327846,0.04896668664798518,5.496667E-5,18.258844,0.0021670915,0.07796257,0.0049972516,0.052208528,0.010220511,0.1312846,0.038780447,0.56652564,0.007916617,0.041626383,0.018416135,0.16024022,0.05762356,null,null,null,null,"TWOGAUSSIANS",8,1.7604628,0.56652564,0.007916617,0.23310775,0.103130355,0.16024011,0.057627026,0.07796257,0.0049972516,0.29236776,0.057234865,0.13128449,0.03878104
375316653866487564,6744668104490654592,0.50962603,2202.781772375187,3.457889745898141,1.3916779E-5,18.002615,0.018239744,0.32606617,0.0044490015,0.05399632,0.010616725,0.22376074,0.09048012,null,null,null,null,null,null,0.19889924,0.038719077,0.32606617,0.0044490015,"ONEGAUSSIAN_WITH_ELLIPSOIDAL",6,51.33324,0.32606617,0.0044490015,0.3023794,0.059453662,0.62155426,0.07868213,null,null,null,null,null,null
375316653866487564,6744670750192034816,0.5364907,2178.4784167128073,1.4385213261218477,1.4296063E-4,18.448421,0.006733592,0.19444723,0.010409246,0.034675974,0.003462394,0.75008214,0.30843565,0.6551252,0.04043471,0.07995053,0.04794407,0.04086704,0.014412422,null,null,null,null,"TWOGAUSSIANS",8,2.8692596,0.19444723,0.010409246,0.19418547,0.019389408,0.7500795,0.30843762,0.6551252,0.04043471,0.4,0.14601764,0.040864386,0.014410702
375316653866487564,6744672983575028224,0.47765356,2225.8671229560778,3.662630457520601,3.4316145E-5,19.647814,0.14181507,0.21882893,0.011789047,0.12612817,0.043768596,0.3056814,0.1302319,0.73128253,0.007270614,0.13078435,0.028005274,0.3405898,0.14012505,null,null,null,null,"TWOGAUSSIANS",8,2.02566,0.73142254,0.0075824647,0.4,0.0,0.25251874,0.021105396,0.21858893,0.011382146,0.4,0.0,0.21784198,0.027360708
