Gaia/vari_eclipsing_binary/VariEclipsingBinary_610379-610507.csv
# %ECSV 1.0
# ---
# delimiter: ','
# meta: !!omap
# - RELEASE: Gaia DR3
# - TABLE: vari_eclipsing_binary
# - DESCRIPTION: >
#     This table describes the properties of the eclipsing binaries resulting from the variability analysis. 
# - CITATION: >
#     How to cite and acknowledge Gaia: 
#     https://gea.esac.esa.int/archive/documentation/credits.html 
# - KNOWN_ISSUES: >
#     Known issues: 
#     https://www.cosmos.esa.int/web/gaia-users/known-issues 
# - DOCUMENTATION: >
#     Tutorials and documentation: 
#     https://www.cosmos.esa.int/web/gaia-users/archive 
# datatype:
# - 
#   name: solution_id
#   datatype: int64
#   description: Solution Identifier
#   meta:
#     ucd: meta.version
# - 
#   name: source_id
#   datatype: int64
#   description: Unique source identifier
#   meta:
#     ucd: meta.id;meta.main
# - 
#   name: global_ranking
#   datatype: float32
#   description: Number between 0 (worst) and 1 (best)
#   meta:
#     ucd: stat.param
# - 
#   name: reference_time
#   datatype: float64
#   unit: d
#   description: Reference time used for the geometric model fit
#   meta:
#     ucd: time.epoch
# - 
#   name: frequency
#   datatype: float64
#   unit: d**-1
#   description: Frequency of geometric model of the eclipsing binary light curve
#   meta:
#     ucd: src.orbital
# - 
#   name: frequency_error
#   datatype: float32
#   unit: d**-1
#   description: "Uncertainty of \\texttt{frequency}"
#   meta:
#     ucd: stat.error
# - 
#   name: geom_model_reference_level
#   datatype: float32
#   unit: mag
#   description: Magnitude reference level of geometric model
#   meta:
#     ucd: phot.mag;em.opt
# - 
#   name: geom_model_reference_level_error
#   datatype: float32
#   unit: mag
#   description: "Uncertainty of \\texttt{geomModelReferenceLevel}"
#   meta:
#     ucd: stat.error;phot.mag;em.opt
# - 
#   name: geom_model_gaussian1_phase
#   datatype: float32
#   description: Phase of the Gaussian 1 component
#   meta:
#     ucd: time.phase
# - 
#   name: geom_model_gaussian1_phase_error
#   datatype: float32
#   description: "Uncertainty of \\texttt{geomModelGaussian1Phase}"
#   meta:
#     ucd: stat.error;time.phase
# - 
#   name: geom_model_gaussian1_sigma
#   datatype: float32
#   description: "Standard deviation [phase] of Gaussian 1 component"
#   meta:
#     ucd: stat.stdev
# - 
#   name: geom_model_gaussian1_sigma_error
#   datatype: float32
#   description: "Uncertainty of \\texttt{geomModelGaussian1Sigma}"
#   meta:
#     ucd: stat.error
# - 
#   name: geom_model_gaussian1_depth
#   datatype: float32
#   unit: mag
#   description: Magnitude depth of Gaussian 1 component
#   meta:
#     ucd: src.var.amplitude
# - 
#   name: geom_model_gaussian1_depth_error
#   datatype: float32
#   unit: mag
#   description: "Uncertainty of \\texttt{geomModelGaussian1Depth}"
#   meta:
#     ucd: stat.error;src.var.amplitude
# - 
#   name: geom_model_gaussian2_phase
#   datatype: float32
#   description: Phase of Gaussian 2 component
#   meta:
#     ucd: time.phase
# - 
#   name: geom_model_gaussian2_phase_error
#   datatype: float32
#   description: "Uncertainty of \\texttt{geomModelGaussian2Phase}"
#   meta:
#     ucd: stat.error;time.phase
# - 
#   name: geom_model_gaussian2_sigma
#   datatype: float32
[...]
#   datatype: float32
#   description: "Secondary eclipse: uncertainty of \\texttt{derivedSecondaryEclDuration}"
#   meta:
#     ucd: stat.error;time.duration
# - 
#   name: derived_secondary_ecl_depth
#   datatype: float32
#   unit: mag
#   description: "Secondary eclipse: depth"
#   meta:
#     ucd: src.var.amplitude
# - 
#   name: derived_secondary_ecl_depth_error
#   datatype: float32
#   unit: mag
#   description: "Secondary eclipse: uncertainty of \\texttt{derivedSecondaryEclDepth}"
#   meta:
#     ucd: stat.error;src.var.amplitude
solution_id,source_id,global_ranking,reference_time,frequency,frequency_error,geom_model_reference_level,geom_model_reference_level_error,geom_model_gaussian1_phase,geom_model_gaussian1_phase_error,geom_model_gaussian1_sigma,geom_model_gaussian1_sigma_error,geom_model_gaussian1_depth,geom_model_gaussian1_depth_error,geom_model_gaussian2_phase,geom_model_gaussian2_phase_error,geom_model_gaussian2_sigma,geom_model_gaussian2_sigma_error,geom_model_gaussian2_depth,geom_model_gaussian2_depth_error,geom_model_cosine_half_period_amplitude,geom_model_cosine_half_period_amplitude_error,geom_model_cosine_half_period_phase,geom_model_cosine_half_period_phase_error,model_type,num_model_parameters,reduced_chi2,derived_primary_ecl_phase,derived_primary_ecl_phase_error,derived_primary_ecl_duration,derived_primary_ecl_duration_error,derived_primary_ecl_depth,derived_primary_ecl_depth_error,derived_secondary_ecl_phase,derived_secondary_ecl_phase_error,derived_secondary_ecl_duration,derived_secondary_ecl_duration_error,derived_secondary_ecl_depth,derived_secondary_ecl_depth_error
375316653866487564,5368950875124855552,0.46296743,2221.839370309761,3.7683311973345237,3.1440395E-5,17.605291,0.011723345,0.3067479,0.00800645,0.1123857,0.012132954,0.18411523,0.015169378,0.7808966,0.0070178425,0.07559488,0.008834333,0.14566255,0.019466251,null,null,null,null,"TWOGAUSSIANS",8,20.564169,0.3067479,0.00800645,0.4,0.0,0.17754745,0.015052753,0.7808966,0.0070178425,0.4,0.0,0.13912313,0.019108541
375316653866487564,5368952597414457216,0.556844,2196.67021637798,2.48760840119878,8.193428E-6,16.634176,0.02798483,0.22681008,0.0029809899,0.1147588,0.012223087,0.26852074,0.025713148,0.7328684,0.0024316518,0.10558734,0.010380088,0.22960709,0.026096381,null,null,null,null,"TWOGAUSSIANS",8,12.337682,0.22681008,0.0029862828,0.4,0.0,0.23291355,0.009422727,0.73288834,0.0024415592,0.4,0.0,0.19403505,0.007199882
375316653866487564,5368954585971508608,0.4381825,2199.010347144671,2.594520569644091,6.259077E-5,18.430973,0.014131017,0.24026214,0.034905653,0.060985137,0.039758246,0.072790265,0.00982745,0.76747686,0.012570314,0.092439964,0.022451965,0.084193744,0.013334148,null,null,null,null,"TWOGAUSSIANS",8,3.910635,0.76747686,0.012570314,0.4,0.0,0.083769485,0.008085278,0.24026214,0.03491541,0.34151676,0.08020801,0.07236619,0.0159283
375316653866487564,5368956029085956224,0.46601373,2201.516524176785,3.6791114968335457,3.3012126E-5,18.550224,0.005846409,0.20146926,0.007883715,0.030666765,0.011118587,0.051340066,0.059797388,null,null,null,null,null,null,0.08273906,0.00788269,0.20146926,0.007883715,"ONEGAUSSIAN_WITH_ELLIPSOIDAL",6,10.146809,0.20146926,0.007883715,0.17173389,0.062264085,0.21681818,0.05909941,null,null,null,null,null,null
375316653866487564,5368956480064756608,0.60493594,2194.670440139246,0.49013681039354196,7.966763E-6,15.617371,0.0020839286,0.32197687,5.5163854E-4,0.020730508,7.6792936E-4,0.6458204,0.024917794,0.82142717,0.0033386361,0.021938052,0.0025099085,0.4144988,0.099481754,null,null,null,null,"TWOGAUSSIANS",8,49.06921,0.32197687,5.5163854E-4,0.11609085,0.0043004043,0.6458204,0.024917794,0.82142717,0.0033386361,0.12285309,0.014055488,0.4144988,0.099481754
375316653866487564,5368957064180317056,0.4110986,2202.364920800553,0.30016612980336,5.8297617E-5,16.680317,9.6215156E-4,0.39965406,0.016046762,0.04037085,0.021561883,0.9586523,347.8891,null,null,null,null,null,null,null,null,null,null,"ONEGAUSSIAN",5,128.83858,0.39965406,0.016046762,0.22607677,0.12074655,0.9586523,0.0,null,null,null,null,null,null
375316653866487564,5368957613928965888,0.4395926,2186.91128688793,2.5427140441923215,2.3601357E-5,19.277895,0.020481529,0.27400738,0.013724972,0.09711221,0.024073461,0.15937835,0.02119617,0.71211374,0.008439031,0.08502567,0.014420583,0.18935195,0.021242669,null,null,null,null,"TWOGAUSSIANS",8,4.062896,0.71211374,0.008439031,0.4,0.0,0.186405,0.01827803,0.27400738,0.013724795,0.4,0.0,0.15642564,0.01767852
375316653866487564,5368958949658762496,0.5705012,2210.134431954105,0.06496033429699842,1.0048126E-6,18.994144,0.0027938795,0.5637057,4.3637797E-7,0.001118687,5.4761535E-6,5.9282317,0.10546195,0.8854587,0.038045283,0.047722925,0.03973806,0.03228642,0.22682841,null,null,null,null,"TWOGAUSSIANS",8,1.1498352,0.5637057,4.3637797E-7,0.006264647,3.0666462E-5,5.9282317,0.10546195,0.8854587,0.038045283,0.26724836,0.22253314,0.03228642,0.22682841
375316653866487564,5368959671217827712,0.5466083,2231.8760962106726,3.0271990755922413,1.0129629E-5,18.18135,0.011711008,0.22494154,0.0032357846,0.092340775,0.0045854133,0.49418968,0.025316892,0.7326364,0.0015587407,0.07747022,0.0031584888,0.46354052,0.013920563,null,null,null,null,"TWOGAUSSIANS",8,12.071041,0.22494154,0.0032357846,0.4,0.0,0.48323777,0.026006777,0.7326364,0.0015587407,0.4,0.0,0.4525891,0.013082145
375316653866487564,5368960976888178048,0.54883254,2218.7194950870703,0.44643383632762873,7.695221E-6,17.122458,0.003528526,0.16264085,0.0016907821,0.021301376,0.0020225337,0.25408816,0.019065559,0.6703594,0.006289519,0.022076003,0.0037253671,0.03649395,0.01143639,0.0212468,0.005832898,0.16264085,0.0016907821,"TWOGAUSSIANS_WITH_ELLIPSOIDAL_ON_ECLIPSE1",9,5.1461473,0.16264085,0.0016907821,0.1192877,0.011326188,0.2965817,0.020993954,0.6703594,0.006289519,0.12362562,0.020862056,0.0788876,0.0043924674
375316653866487564,5368964172338304512,0.5956111,2232.8021269571823,3.9564420755637664,4.513966E-6,18.505247,0.008445621,0.2705493,0.0013205518,0.04591875,0.005055751,0.3072649,0.021127,0.77221155,0.0010464668,0.043817077,0.0022798844,0.3460665,0.02212775,0.14312078,0.010823912,0.2705493,0.0013205518,"TWOGAUSSIANS_WITH_ELLIPSOIDAL_ON_ECLIPSE1",9,2.7925406,0.77221155,0.0010464668,0.24537563,0.012767353,0.6322767,0.017227914,0.2705493,0.0013205518,0.25714502,0.028312206,0.59350634,0.024745135
375316653866487564,5368968226787741056,0.45197716,2185.7544331878953,2.8508458139022212,5.1262195E-5,19.743427,0.0064971494,0.19914703,0.004574128,0.020118209,0.0052307122,0.15072866,0.021152567,0.71519935,0.009142968,0.05131232,0.012554406,0.23060799,0.047550157,null,null,null,null,"TWOGAUSSIANS",8,2.7297423,0.71519935,0.009142968,0.287349,0.07030468,0.23060799,0.047550157,0.19914703,0.004574128,0.112661965,0.02929199,0.15072866,0.021152567
375316653866487564,5368970601918409216,0.45989624,2201.2794139456796,0.5771044353425279,2.5374733E-5,15.985951,0.0024583484,0.31744245,0.014678196,0.024740687,0.007684086,0.23721853,0.058707554,0.5880745,0.016979618,0.028237661,0.021782689,0.06689222,2.4922647,0.007211157,0.0036438513,0.31744245,0.014678196,"TWOGAUSSIANS_WITH_ELLIPSOIDAL_ON_ECLIPSE1",9,81.27675,0.31744245,0.014678196,0.13854784,0.04303088,0.25164077,0.05937218,0.5883545,0.016999468,0.1581309,0.12198306,0.06713642,2.4925308
375316653866487564,5368973900453158528,0.60486716,2199.902192820745,2.607840924497779,3.2626713E-6,16.030886,0.0040463065,0.2714154,8.5459487E-4,0.045097586,0.0028893026,0.17192587,0.017407801,0.76867026,0.0043911072,0.042761233,0.0052983416,0.15683553,0.0153403,0.09924617,0.008032871,0.2714154,8.5459487E-4,"TWOGAUSSIANS_WITH_ELLIPSOIDAL_ON_ECLIPSE1",9,12.681617,0.2714154,8.5459487E-4,0.2525465,0.016180094,0.37041807,0.014899477,0.7690903,0.003772313,0.23946291,0.029670713,0.3552778,0.014407656
375316653866487564,5368974793802787584,0.5959305,2215.7089258249225,3.444072790100897,5.0404E-6,18.682981,0.005893718,0.16956036,0.0017380724,0.079193264,0.0018069885,0.5395339,0.01094342,0.67248297,0.0021033087,0.07101618,0.0024618956,0.5050999,0.013487232,null,null,null,null,"TWOGAUSSIANS",8,2.2683039,0.16956036,0.0017380724,0.4,0.0,0.53569114,0.010766741,0.67248297,0.0021033087,0.3976906,0.009413531,0.5012571,0.013935768
375316653866487564,5368977022880738816,0.4975535,2211.432093213648,2.753851309340742,1.6016143E-5,18.754866,0.009938693,0.25141633,0.0053847968,0.07997916,0.0070439335,0.2722501,0.01266654,0.7530433,0.0054313694,0.08637802,0.006294036,0.28804103,0.011258474,null,null,null,null,"TWOGAUSSIANS",8,5.492031,0.7530433,0.0054313694,0.4,0.0,0.28209755,0.009401567,0.25141633,0.0053847968,0.4,0.0,0.26630667,0.011897398
375316653866487564,5368981081638295168,0.47569922,2214.746493870826,1.276560561545449,7.238836E-6,17.238222,0.0061792675,0.11161957,0.00306748,0.023900634,0.0019111843,0.34662396,0.034369864,null,null,null,null,null,null,0.016473383,0.009708286,0.11161957,0.00306748,"ONEGAUSSIAN_WITH_ELLIPSOIDAL",6,49.29119,0.11161957,0.00306748,0.13384354,0.010702631,0.37957063,0.03601625,null,null,null,null,null,null
375316653866487564,5368982490387515264,0.6963477,2194.8088263608106,0.25913213061457624,6.785667E-6,14.015034,0.002244432,0.27091408,0.004565408,0.028717153,0.0021684982,1.2075131,0.0905961,0.76836336,0.001456512,0.02933994,0.001909536,0.13024275,0.009005819,0.037872985,0.0030306398,0.76836336,0.001456512,"TWOGAUSSIANS_WITH_ELLIPSOIDAL_ON_ECLIPSE2",9,71.68941,0.27090406,0.0045461366,0.16081606,0.01214359,1.2832396,0.0896894,0.76836336,0.001456512,0.16430366,0.010693402,0.20598865,0.008548111
375316653866487564,5368989224896348928,0.59428746,2194.1072215569025,0.3273700551849466,1.0048127E-6,16.049273,0.0011206107,0.37425897,6.2389404E-4,0.0033749836,1.3067925E-4,5.5629616,1.255487,0.8632031,0.014319981,0.01049853,0.0059506986,0.37438583,0.26063538,0.006341546,0.0019424623,0.8632031,0.014319981,"TWOGAUSSIANS_WITH_ELLIPSOIDAL_ON_ECLIPSE2",9,12.810881,0.37425897,6.2389404E-4,0.018899906,7.3180377E-4,5.5755835,1.2558627,0.8632031,0.014319981,0.058791768,0.033323914,0.38706893,0.2618779
375316653866487564,5368996715305254784,0.48660356,2190.1010965530213,1.1581701101452349,4.5217853E-6,19.267689,0.0057296585,0.14842194,5.647506E-5,0.009535644,5.224257E-4,6.913392,2.4759512,0.64628375,0.00568579,0.020530025,0.00638761,0.3116233,0.03993314,null,null,null,null,"TWOGAUSSIANS",8,3.4900074,0.14842194,5.647506E-5,0.053399608,0.0029255839,6.913392,2.4759512,0.64628375,0.00568579,0.114968136,0.035770614,0.3116233,0.03993314
375316653866487564,5368997879241437568,0.45371568,2208.2178656701517,0.2533271465626695,3.713606E-5,17.259062,0.3414902,0.35516536,0.016221283,0.33885625,0.14160126,0.36735862,0.314527,0.7538879,0.005605449,0.038281586,0.0057746763,0.3117775,0.029728156,null,null,null,null,"TWOGAUSSIANS",8,23.745277,0.7538879,0.005605449,0.21437688,0.032338187,0.32237658,0.03093715,0.35516536,0.016221283,0.4,0.0,0.12738149,0.01308233
375316653866487564,5368999223576448512,0.6175672,2196.648335589992,2.9190528128419357,3.1821226E-6,14.902068,0.00390682,0.23622528,8.903826E-4,0.08573605,0.0016145008,0.3533295,0.005359088,0.73581254,0.0015935084,0.09190865,0.0033547974,0.28310266,0.0053816503,null,null,null,null,"TWOGAUSSIANS",8,35.871277,0.23622528,8.903826E-4,0.4,0.0,0.3414322,0.0051602335,0.73581254,0.0015935084,0.4,0.0,0.27120516,0.0062334877
375316653866487564,5369000426167313920,0.63434964,2201.829027697714,3.9077921049856426,2.0940122E-6,14.21569,0.0053514782,0.25776085,0.0011305955,0.04871625,0.0025318358,0.28711608,0.01290968,0.76063406,0.0021803272,0.05287818,0.0027598166,0.24365897,0.013393739,0.11195491,0.0074633462,0.25776085,0.0011305955,"TWOGAUSSIANS_WITH_ELLIPSOIDAL_ON_ECLIPSE1",9,76.20245,0.25776085,0.0011305955,0.272811,0.01417828,0.5110222,0.010610152,0.76063406,0.0021803272,0.29611778,0.015454972,0.4674921,0.006565436
375316653866487564,5369001147721883264,0.45124984,2216.5865042658515,2.449202411883099,1.2597085E-5,15.047095,0.004884358,0.22069862,0.0047002155,0.04384409,0.0057062414,0.07317019,0.015626987,0.70906824,0.0032975443,0.03574309,0.0057557393,0.12639572,0.02052521,0.020085225,0.009735926,0.70906824,0.0032975443,"TWOGAUSSIANS_WITH_ELLIPSOIDAL_ON_ECLIPSE2",9,267.81384,0.70906824,0.0032975443,0.20016131,0.03223214,0.16656615,0.021241661,0.21980862,0.0042466503,0.2455269,0.03195495,0.113142885,0.011193036
375316653866487564,5369002968778020480,0.43425357,2157.8724124193027,4.007506589248704,3.850566E-5,19.805386,0.017568113,0.5041114,0.005428149,0.05119576,0.0055101803,0.31072637,0.029009355,0.8155474,0.0051732315,0.03281646,0.005638285,0.3878068,0.0538114,null,null,null,null,"TWOGAUSSIANS",8,7.413945,0.8155474,0.0051732315,0.18377218,0.0315744,0.3878068,0.0538114,0.5041114,0.005428149,0.28669626,0.03085701,0.31072637,0.029009355
375316653866487564,5369003239360667520,0.5545615,2216.752081141541,3.3265447271690345,7.3722076E-6,18.203306,0.028737515,0.23726176,0.0028713166,0.05930452,0.006592481,0.33608434,0.065840594,0.7248921,0.0035555454,0.056284323,0.006684154,0.43675435,0.054321207,0.06420513,0.03297664,0.23726176,0.0028713166,"TWOGAUSSIANS_WITH_ELLIPSOIDAL_ON_ECLIPSE1",9,14.48571,0.7257321,0.0032036514,0.3151922,0.037431262,0.5643887,0.022554997,0.23726176,0.0028713166,0.33210534,0.03691789,0.46444008,0.033246435
375316653866487564,5369004824214005760,0.6139652,2167.183745622156,0.560100377743463,1.41924875E-5,15.762401,0.0037901015,0.22829667,8.768496E-4,0.023636801,0.0022120746,0.12965083,0.008200924,0.72877043,0.0014383129,0.02221458,0.0023724355,1.6962541,0.26507115,0.02444827,0.005174172,0.22829667,8.768496E-4,"TWOGAUSSIANS_WITH_ELLIPSOIDAL_ON_ECLIPSE1",9,57.648697,0.72877043,0.0014383129,0.124401644,0.01328564,1.7451501,0.27250016,0.22829667,8.768496E-4,0.13236608,0.0123876175,0.17854731,0.007931773
375316653866487564,5369005026074524672,0.47727305,2169.322247103817,4.001498111950356,1.7125814E-5,19.408327,0.07336655,0.21307403,0.006241784,0.09013169,0.031657346,0.2722035,0.033910062,0.70564044,0.015987653,0.110687956,0.028918205,0.24308006,0.0720378,null,null,null,null,"TWOGAUSSIANS",8,2.632613,0.21308403,0.0061941002,0.4,0.0,0.25137198,0.04187592,0.70564044,0.015987653,0.4,0.0,0.22222981,0.01477274
375316653866487564,5369010386186915072,0.48156282,2197.0343336122914,1.2493198883741394,3.500596E-5,17.906002,0.0030567334,0.31652737,0.016985906,0.010523964,0.0056598657,0.3800722,0.5392896,0.93654794,7.5576704E-6,0.0032824916,1.2105226E-4,0.239949,0.012677198,null,null,null,null,"TWOGAUSSIANS",8,7.8602114,0.31652737,0.016985906,0.0589342,0.031695247,0.3800722,0.5392896,0.93654794,7.5576704E-6,0.018381953,6.7789265E-4,0.239949,0.012677198
375316653866487564,5369011318204688128,0.5586398,2194.3986953036174,2.1356344191273418,3.7839318E-6,16.710932,0.0048251497,0.24665663,0.0022910875,0.032129813,0.0021442347,0.33588976,0.032841302,0.74273175,0.0015909002,0.03796185,0.0018312249,0.37366086,0.016632153,0.026722627,0.0067953262,0.24665663,0.0022910875,"TWOGAUSSIANS_WITH_ELLIPSOIDAL_ON_ECLIPSE1",9,24.682186,0.7427918,0.0015647283,0.21258637,0.010254859,0.42707407,0.014865752,0.24665663,0.0022910875,0.17992695,0.012007714,0.38933495,0.032896478
375316653866487564,5369015230909879680,0.52059,2199.1205952191767,3.6647050042189555,8.430807E-6,19.080238,0.008188165,0.22613521,0.0035059971,0.074690215,0.003781799,0.38939843,0.012297481,0.7232149,0.0030466663,0.083336025,0.0038194545,0.29771435,0.009504444,null,null,null,null,"TWOGAUSSIANS",8,2.779438,0.22613521,0.0035059971,0.4,0.0,0.3851413,0.011859986,0.7232149,0.0030466663,0.4,0.0,0.29345724,0.008793376
375316653866487564,5369015647521492480,0.45429358,2205.776115390763,1.2859662472874873,2.8894669E-5,16.853859,0.0034953072,0.20130193,0.00908851,0.05183576,0.014762513,0.06099878,0.008467839,0.6981868,0.0035536694,0.03378795,0.002816454,0.11026277,0.009005779,null,null,null,null,"TWOGAUSSIANS",8,16.086529,0.6981868,0.0035536694,0.18921252,0.015772142,0.11026276,0.009005771,0.20130193,0.00908851,0.29028025,0.08267008,0.060998775,0.008467872
375316653866487564,5369016815762572416,0.5164431,2216.6225599969152,2.5398362802340824,1.1423373E-5,15.487267,0.011702097,0.24931526,0.0043291226,0.04572424,0.009917476,0.11520905,0.028171219,0.75996464,0.0035161679,0.06138105,0.007248155,0.11177923,0.027758883,0.08867859,0.015157083,0.75996464,0.0035161679,"TWOGAUSSIANS_WITH_ELLIPSOIDAL_ON_ECLIPSE2",9,155.62793,0.25147524,0.003155737,0.25605574,0.055537865,0.2919056,0.021602621,0.75996464,0.0035161679,0.34373388,0.040589668,0.2891084,0.011303639
375316653866487564,5369016884482066944,0.50883335,2248.627094437756,0.5139391226616293,2.1071935E-5,12.745459,0.011370019,0.19971295,0.0011130453,0.036432628,0.0013950882,0.22968732,0.0055253254,0.67965907,0.029745122,0.33463216,0.032163154,0.04939305,0.010436597,null,null,null,null,"TWOGAUSSIANS",8,221.0798,0.19975296,0.0011070243,0.20402272,0.0078124935,0.22729158,0.005541249,0.67965907,0.029745122,0.4,0.0,0.015705662,0.0047989073
375316653866487564,5369017773530502400,0.46107656,2197.6705772056334,3.1713690232342695,1.4696233E-5,19.207302,0.011330025,0.27296466,0.0077258246,0.0661995,0.01345622,0.26496372,0.024512796,0.76016253,0.0067641614,0.080733255,0.007678153,0.2535112,0.016136218,null,null,null,null,"TWOGAUSSIANS",8,6.4782877,0.27296466,0.0077258246,0.3707172,0.04425739,0.2637987,0.02597814,0.76016253,0.0067641614,0.4,0.0,0.2523462,0.01556786
