Gaia/vari_eclipsing_binary/VariEclipsingBinary_615175-615286.csv
# %ECSV 1.0
# ---
# delimiter: ','
# meta: !!omap
# - RELEASE: Gaia DR3
# - TABLE: vari_eclipsing_binary
# - DESCRIPTION: >
#     This table describes the properties of the eclipsing binaries resulting from the variability analysis. 
# - CITATION: >
#     How to cite and acknowledge Gaia: 
#     https://gea.esac.esa.int/archive/documentation/credits.html 
# - KNOWN_ISSUES: >
#     Known issues: 
#     https://www.cosmos.esa.int/web/gaia-users/known-issues 
# - DOCUMENTATION: >
#     Tutorials and documentation: 
#     https://www.cosmos.esa.int/web/gaia-users/archive 
# datatype:
# - 
#   name: solution_id
#   datatype: int64
#   description: Solution Identifier
#   meta:
#     ucd: meta.version
# - 
#   name: source_id
#   datatype: int64
#   description: Unique source identifier
#   meta:
#     ucd: meta.id;meta.main
# - 
#   name: global_ranking
#   datatype: float32
#   description: Number between 0 (worst) and 1 (best)
#   meta:
#     ucd: stat.param
# - 
#   name: reference_time
#   datatype: float64
#   unit: d
#   description: Reference time used for the geometric model fit
#   meta:
#     ucd: time.epoch
# - 
#   name: frequency
#   datatype: float64
#   unit: d**-1
#   description: Frequency of geometric model of the eclipsing binary light curve
#   meta:
#     ucd: src.orbital
# - 
#   name: frequency_error
#   datatype: float32
#   unit: d**-1
#   description: "Uncertainty of \\texttt{frequency}"
#   meta:
#     ucd: stat.error
# - 
#   name: geom_model_reference_level
#   datatype: float32
#   unit: mag
#   description: Magnitude reference level of geometric model
#   meta:
#     ucd: phot.mag;em.opt
# - 
#   name: geom_model_reference_level_error
#   datatype: float32
#   unit: mag
#   description: "Uncertainty of \\texttt{geomModelReferenceLevel}"
#   meta:
#     ucd: stat.error;phot.mag;em.opt
# - 
#   name: geom_model_gaussian1_phase
#   datatype: float32
#   description: Phase of the Gaussian 1 component
#   meta:
#     ucd: time.phase
# - 
#   name: geom_model_gaussian1_phase_error
#   datatype: float32
#   description: "Uncertainty of \\texttt{geomModelGaussian1Phase}"
#   meta:
#     ucd: stat.error;time.phase
# - 
#   name: geom_model_gaussian1_sigma
#   datatype: float32
#   description: "Standard deviation [phase] of Gaussian 1 component"
#   meta:
#     ucd: stat.stdev
# - 
#   name: geom_model_gaussian1_sigma_error
#   datatype: float32
#   description: "Uncertainty of \\texttt{geomModelGaussian1Sigma}"
#   meta:
#     ucd: stat.error
# - 
#   name: geom_model_gaussian1_depth
#   datatype: float32
#   unit: mag
#   description: Magnitude depth of Gaussian 1 component
#   meta:
#     ucd: src.var.amplitude
# - 
#   name: geom_model_gaussian1_depth_error
#   datatype: float32
#   unit: mag
#   description: "Uncertainty of \\texttt{geomModelGaussian1Depth}"
#   meta:
#     ucd: stat.error;src.var.amplitude
# - 
#   name: geom_model_gaussian2_phase
#   datatype: float32
#   description: Phase of Gaussian 2 component
#   meta:
#     ucd: time.phase
# - 
#   name: geom_model_gaussian2_phase_error
#   datatype: float32
#   description: "Uncertainty of \\texttt{geomModelGaussian2Phase}"
#   meta:
#     ucd: stat.error;time.phase
# - 
#   name: geom_model_gaussian2_sigma
#   datatype: float32
[...]
#   datatype: float32
#   description: "Secondary eclipse: uncertainty of \\texttt{derivedSecondaryEclDuration}"
#   meta:
#     ucd: stat.error;time.duration
# - 
#   name: derived_secondary_ecl_depth
#   datatype: float32
#   unit: mag
#   description: "Secondary eclipse: depth"
#   meta:
#     ucd: src.var.amplitude
# - 
#   name: derived_secondary_ecl_depth_error
#   datatype: float32
#   unit: mag
#   description: "Secondary eclipse: uncertainty of \\texttt{derivedSecondaryEclDepth}"
#   meta:
#     ucd: stat.error;src.var.amplitude
solution_id,source_id,global_ranking,reference_time,frequency,frequency_error,geom_model_reference_level,geom_model_reference_level_error,geom_model_gaussian1_phase,geom_model_gaussian1_phase_error,geom_model_gaussian1_sigma,geom_model_gaussian1_sigma_error,geom_model_gaussian1_depth,geom_model_gaussian1_depth_error,geom_model_gaussian2_phase,geom_model_gaussian2_phase_error,geom_model_gaussian2_sigma,geom_model_gaussian2_sigma_error,geom_model_gaussian2_depth,geom_model_gaussian2_depth_error,geom_model_cosine_half_period_amplitude,geom_model_cosine_half_period_amplitude_error,geom_model_cosine_half_period_phase,geom_model_cosine_half_period_phase_error,model_type,num_model_parameters,reduced_chi2,derived_primary_ecl_phase,derived_primary_ecl_phase_error,derived_primary_ecl_duration,derived_primary_ecl_duration_error,derived_primary_ecl_depth,derived_primary_ecl_depth_error,derived_secondary_ecl_phase,derived_secondary_ecl_phase_error,derived_secondary_ecl_duration,derived_secondary_ecl_duration_error,derived_secondary_ecl_depth,derived_secondary_ecl_depth_error
[from data line 606]
375316653866487564,5411848939752870656,0.4734778,2178.3184123458614,1.8516960062076044,2.7193893E-5,19.121763,0.00795349,0.24746493,0.014578095,0.054803688,0.02231803,0.14039388,0.031633347,0.7490841,0.010216772,0.0566961,0.01259418,0.21911928,0.017253647,null,null,null,null,"TWOGAUSSIANS",8,2.7477314,0.7490841,0.010216772,0.31749815,0.07052741,0.21910511,0.017290937,0.24746493,0.014578095,0.30690065,0.124980964,0.14037973,0.031700414
375316653866487564,5411849012776020224,0.6243543,2198.8481540587786,3.583951527379577,2.1811938E-6,17.704065,0.005940604,0.21691012,0.0013176765,0.041766472,0.0030212712,0.4248813,0.022529759,0.712049,8.570515E-4,0.04030533,0.0014364255,0.4722218,0.01888617,0.13643879,0.011361588,0.21691012,0.0013176765,"TWOGAUSSIANS_WITH_ELLIPSOIDAL_ON_ECLIPSE1",9,9.520512,0.712389,7.786425E-4,0.22570987,0.008043983,0.7448624,0.01362582,0.21691012,0.0013176765,0.23389223,0.01691912,0.69775885,0.023431549
375316653866487564,5411852002073191808,0.52934545,2175.1511781051495,3.8327017176166587,1.11157215E-5,16.275595,0.012737893,0.2506593,0.0050897454,0.088002294,0.007433754,0.4097854,0.029424459,0.7463471,0.002925313,0.08379783,0.0051043895,0.39922568,0.019416535,null,null,null,null,"TWOGAUSSIANS",8,106.84657,0.2506593,0.0050897454,0.4,0.0,0.3989011,0.031695936,0.7463471,0.002925313,0.4,0.0,0.38834146,0.018874329
375316653866487564,5411852616247430912,0.44358593,2177.0983141221695,4.702652129682392,1.7073007E-5,19.365164,0.004522171,0.2768303,0.0034449906,0.010357956,0.0028253915,0.47566205,0.12461993,0.844592,0.013980855,0.008804716,0.016309235,0.08046289,0.070849165,null,null,null,null,"TWOGAUSSIANS",8,3.8398907,0.2768303,0.0034449906,0.058004558,0.015822193,0.47566205,0.12461993,0.844592,0.013980855,0.04930641,0.09133172,0.08046289,0.070849165
375316653866487564,5411853062924294528,0.4781346,2155.796788631798,3.477902515268622,2.0519401E-5,18.76134,0.030300615,0.26444158,0.00969116,0.08799541,0.01728396,0.24504133,0.029301232,0.7704605,0.0068377634,0.101052694,0.015965076,0.20425798,0.02889193,null,null,null,null,"TWOGAUSSIANS",8,5.868515,0.26444158,0.00969116,0.4,0.0,0.23273179,0.014418093,0.7704605,0.0068377634,0.4,0.0,0.19194645,0.016528746
375316653866487564,5411853337802320256,0.57179546,2165.1678581967017,2.5748489111882256,5.35735E-6,18.117733,0.0064933714,0.20241371,0.0017323805,0.047994465,0.0045955987,0.14571677,0.0164732,0.6981884,0.0051582647,0.048338562,0.0095486455,0.15309551,0.014036043,0.050019626,0.010489234,0.20241371,0.0017323805,"TWOGAUSSIANS_WITH_ELLIPSOIDAL_ON_ECLIPSE1",9,1.6311978,0.69863844,0.004505948,0.27069595,0.05347241,0.2530713,0.008960218,0.20241371,0.0017323805,0.268769,0.025735352,0.24575545,0.007973092
375316653866487564,5411853337806117248,0.5709601,2174.3343635625706,2.549521818425194,7.1409095E-6,16.552752,0.004181766,0.1731285,0.0020760393,0.043330826,0.0063912976,0.05102381,0.012680222,0.69396746,0.008976988,0.0505859,0.00601074,0.06517086,0.010183092,0.07435911,0.006082698,0.1731285,0.0020760393,"TWOGAUSSIANS_WITH_ELLIPSOIDAL_ON_ECLIPSE1",9,5.8428583,0.69396746,0.008976988,0.28328103,0.033660144,0.21135344,0.006770812,0.1731285,0.0020760393,0.24265262,0.035791267,0.19974148,0.008156193
375316653866487564,5411855777343631488,0.46669215,2169.1509608333104,3.1397791996504223,1.0502136E-5,19.813965,0.020715157,0.29547438,0.022835614,0.12881555,0.055835735,0.09505171,0.019073738,0.73596567,0.0029305732,0.050042473,0.0038033535,0.30284536,0.018296016,null,null,null,null,"TWOGAUSSIANS",8,1.8409833,0.73596567,0.0029305732,0.28023785,0.02129878,0.30142322,0.015985154,0.29547438,0.022835614,0.4,0.0,0.09334732,0.02088068
375316653866487564,5411856881155914112,0.5088464,2171.4346293415156,3.0304418801529582,9.430234E-6,14.060636,0.026497861,0.22544438,0.0035176703,0.104201056,0.009902235,0.29672983,0.024054453,0.7147755,0.0037232083,0.112211324,0.012085028,0.27789375,0.022919718,null,null,null,null,"TWOGAUSSIANS",8,415.45007,0.22546437,0.003512781,0.4,0.0,0.26136088,0.010346546,0.7147755,0.0037232083,0.4,0.0,0.24250197,0.013553242
375316653866487564,5411858801000934400,0.60372823,2145.145734425256,3.878685593897963,3.8010348E-6,19.612438,0.0072517167,0.25585842,0.0013351683,0.043636125,0.0019056079,0.54431546,0.02518968,0.75468034,0.0010229881,0.03799961,0.0037243972,0.35092044,0.022082329,0.15594207,0.011486964,0.25585842,0.0013351683,"TWOGAUSSIANS_WITH_ELLIPSOIDAL_ON_ECLIPSE1",9,1.1436529,0.25585842,0.0013351683,0.2443623,0.010671404,0.85619926,0.020191558,0.75479037,8.9882064E-4,0.21279782,0.020856624,0.66278875,0.024430113
375316653866487564,5411860622067440000,0.59113646,2149.804989925453,0.40315180634976006,9.864492E-7,17.931389,0.0022994252,0.36777622,4.0644378E-4,0.0127380425,5.203069E-4,0.44784203,0.00747908,null,null,null,null,null,null,null,null,null,null,"ONEGAUSSIAN",5,2.9695995,0.36777622,4.0644378E-4,0.071333036,0.0029137186,0.44784203,0.0,null,null,null,null,null,null
375316653866487564,5411860866885739392,0.5456222,2158.6903260185177,2.7794540277879083,8.447051E-6,17.286575,0.16635247,0.2609952,0.0038873027,0.13071218,0.042002615,0.20534262,0.16062865,0.76667553,0.00266156,0.12586987,0.041664284,0.18428466,0.15830012,null,null,null,null,"TWOGAUSSIANS",8,3.4991257,0.26093522,0.0037300242,0.4,0.0,0.1496552,0.008274838,0.7667855,0.0028630726,0.4,0.0,0.12873368,0.008746089
375316653866487564,5411862786732180096,0.5503239,2159.557087464628,3.196778381275788,7.1197205E-6,17.770407,0.015626037,0.2333816,0.002376519,0.10710405,0.008029313,0.24969916,0.013721716,0.73296165,0.003360792,0.097558506,0.008530417,0.22221453,0.014324679,null,null,null,null,"TWOGAUSSIANS",8,3.7650106,0.2333816,0.002376519,0.4,0.0,0.22595285,0.007689716,0.73296165,0.003360792,0.4,0.0,0.19847658,0.0058602644
375316653866487564,5411866261364553088,0.5240868,2185.6366861814718,1.084301165866657,2.6287666E-5,18.904144,0.0033919394,0.19528759,0.006225577,0.017150871,0.0059180404,0.5799138,0.41017503,0.6845286,2.5568283E-4,0.018251022,3.9023248E-4,0.35122278,0.0034424048,null,null,null,null,"TWOGAUSSIANS",8,2.9836752,0.19528759,0.006225577,0.09604488,0.033141024,0.5799138,0.41017503,0.6845286,2.5568283E-4,0.10220572,0.0021853019,0.35122278,0.0034424048
375316653866487564,5411867459654945792,0.6175144,2169.8599792620516,2.792737809691058,4.3830278E-6,17.31118,0.021518119,0.27175897,0.0017500885,0.053442057,0.0053515714,0.42567772,0.04730419,0.7754054,0.0015415762,0.050590657,0.0043265256,0.3825299,0.0472845,0.109867126,0.027027752,0.27175897,0.0017500885,"TWOGAUSSIANS_WITH_ELLIPSOIDAL_ON_ECLIPSE1",9,14.706632,0.27175897,0.0017500885,0.29927552,0.029968798,0.6454025,0.026676456,0.7754054,0.0015415762,0.28330767,0.024228543,0.60213935,0.014665076
375316653866487564,5411868421727815424,0.5749861,2174.4083710667037,3.318846326009394,6.5712065E-6,18.88944,0.01751616,0.2706623,0.004101091,0.040829856,0.006416346,0.1867374,0.041055944,0.76520777,0.004840264,0.05324677,0.0076403995,0.257472,0.05154459,0.13167211,0.022490006,0.2706623,0.004101091,"TWOGAUSSIANS_WITH_ELLIPSOIDAL_ON_ECLIPSE1",9,3.833024,0.7662278,0.0033882456,0.2981819,0.042786237,0.52056074,0.038774706,0.2706623,0.004101091,0.22864719,0.03593154,0.45007777,0.014919208
375316653866487564,5411868700905782016,0.6106878,2169.199746293138,2.279939005385671,4.586272E-6,14.897468,0.023706056,0.26239845,0.0010974064,0.119718425,0.008372538,0.1958923,0.022738967,0.76187867,0.0013019259,0.13274069,0.010564315,0.19106038,0.023104297,null,null,null,null,"TWOGAUSSIANS",8,6.857643,0.26240847,0.0011097308,0.4,0.0,0.14214042,0.0019233583,0.76187867,0.0013019259,0.4,0.0,0.13705522,0.00222105
375316653866487564,5411870895629744000,0.6277036,2182.555294097375,2.4901956367756073,1.9398344E-6,17.967512,0.0010987191,0.5832846,1.9398643E-4,0.0056229504,2.5853567E-4,0.09967377,0.0033952186,0.7722916,5.852641E-7,0.0055994145,1.1109616E-5,1.2800436,0.0032779903,null,null,null,null,"TWOGAUSSIANS",8,1.0407457,0.7722916,5.852641E-7,0.031356722,6.2213854E-5,1.2800436,0.0032779903,0.5832846,1.9398643E-4,0.031488523,0.0014477997,0.09967377,0.0033952186
375316653866487564,5411872068160147712,0.6444961,2170.8441669675217,1.5464041887965567,2.3579883E-6,14.465441,0.0048691053,0.23916583,0.0010346995,0.09107095,0.001628639,0.50890344,0.0064656916,0.7458392,8.87442E-4,0.080322176,0.0011060894,0.5445353,0.0055370876,null,null,null,null,"TWOGAUSSIANS",8,56.247368,0.7458392,8.87442E-4,0.4,0.0,0.5312721,0.0045893816,0.23916583,0.0010346995,0.4,0.0,0.49563998,0.006242405
375316653866487564,5411873098952224128,0.4922209,2186.596543743534,2.808900501321032,1.5771135E-5,14.482637,0.6609299,0.3110339,0.006268792,0.12150719,0.06818948,0.2757554,0.6016391,0.8047637,0.0061565912,0.1214922,0.078513235,0.27114004,0.61610377,null,null,null,null,"TWOGAUSSIANS",8,403.22873,0.3110739,0.0061492333,0.4,0.0,0.21345122,0.015949987,0.8047637,0.0061565912,0.4,0.0,0.20883808,0.014687804
375316653866487564,5411873339470474752,0.54671985,2173.7653563247673,0.9604424511254779,5.7109637E-6,17.890064,0.002260475,0.2027999,0.001586455,0.026888657,0.0019163066,0.22385916,0.018794417,0.70420027,0.001438712,0.02298996,0.0022089672,0.10070778,0.007679836,0.015205614,0.0036600411,0.2027999,0.001586455,"TWOGAUSSIANS_WITH_ELLIPSOIDAL_ON_ECLIPSE1",9,1.4464544,0.2027999,0.001586455,0.15057649,0.010731317,0.25427034,0.019923026,0.70420027,0.001438712,0.12874377,0.012370216,0.13111663,0.007472974
375316653866487564,5411874816939149056,0.56328565,2198.234235400777,3.8773869443317373,1.4386503E-5,17.557676,0.007070562,0.22853191,0.003234758,0.038323607,0.01109591,0.11704695,0.014622891,0.7275616,0.011375526,0.04690995,0.010872391,0.1751796,0.02042223,0.0900497,0.009279591,0.22853191,0.003234758,"TWOGAUSSIANS_WITH_ELLIPSOIDAL_ON_ECLIPSE1",9,9.694976,0.72771156,0.011009866,0.26269573,0.06088539,0.35527316,0.0108946,0.22853191,0.003234758,0.21461222,0.0621371,0.2971462,0.010393848
375316653866487564,5411875538489299584,0.6255511,2183.182276202181,3.547558625767254,3.27759E-6,17.792143,0.008378166,0.2361182,0.0013739747,0.04793611,0.0033403437,0.3516349,0.024101786,0.73958844,0.001978758,0.046418164,0.002740605,0.4502616,0.023205457,0.1263926,0.015179938,0.2361182,0.0013739747,"TWOGAUSSIANS_WITH_ELLIPSOIDAL_ON_ECLIPSE1",9,6.4622326,0.73958844,0.001978758,0.25994173,0.015347389,0.7029257,0.009155918,0.2361182,0.0013739747,0.26844224,0.018705925,0.6044192,0.01588512
375316653866487564,5411877664498386816,0.5725579,2201.3916734282366,2.9368158243807994,4.0880223E-6,17.758106,0.010309092,0.25005406,0.0011106076,0.05807394,0.0036889794,0.26705596,0.022951316,0.7445878,0.0030723584,0.058657397,0.004175839,0.21616773,0.023915578,0.07584107,0.013439975,0.25005406,0.0011106076,"TWOGAUSSIANS_WITH_ELLIPSOIDAL_ON_ECLIPSE1",9,4.875941,0.25005406,0.0011106076,0.32521406,0.020658284,0.4186964,0.011169111,0.74545777,0.002509572,0.32848144,0.0233847,0.36765793,0.010082165
375316653866487564,5411877703157291776,0.55937254,2189.353988696253,2.7555782892428344,6.1084593E-6,17.297403,0.00584035,0.23607281,0.002330848,0.08731204,0.004038315,0.27296737,0.008218879,0.741829,0.0022054391,0.08812086,0.0036873727,0.26175135,0.0068269977,null,null,null,null,"TWOGAUSSIANS",8,6.893025,0.23607281,0.002330848,0.4,0.0,0.26458767,0.0082406895,0.741829,0.0022054391,0.4,0.0,0.25337166,0.0062021767
375316653866487564,5411878527791028480,0.6359366,2161.1223062638983,0.31180330674106177,1.93101E-6,18.08886,0.0047586584,0.255241,7.5226114E-4,0.021976056,0.0011328161,2.4819474,0.36426336,0.75136876,0.0015803798,0.022505926,0.0035946113,0.05669043,0.009182377,0.016142055,0.005208412,0.255241,7.5226114E-4,"TWOGAUSSIANS_WITH_ELLIPSOIDAL_ON_ECLIPSE1",9,5.124524,0.255241,7.5226114E-4,0.12306591,0.0063437703,2.5142314,0.36824122,0.75145876,0.001535228,0.12603319,0.020129822,0.08895578,0.0036142056
375316653866487564,5411879902180528512,0.48986468,2157.0249939459472,3.514026953532985,2.3166305E-5,19.873667,0.023444582,0.2607557,0.008079331,0.08889819,0.012307696,0.32754853,0.025609365,0.74068505,0.0063247373,0.0871477,0.014094353,0.39306217,0.038056724,null,null,null,null,"TWOGAUSSIANS",8,2.1367617,0.74068505,0.0063247373,0.4,0.0,0.3839388,0.043758366,0.2607557,0.008079331,0.4,0.0,0.3184251,0.022807308
375316653866487564,5411881066107738368,0.53159034,2165.4492318520065,0.5798178847927723,6.603446E-6,18.742645,0.006334814,0.23205842,0.0025245824,0.084324874,0.0032675294,0.33642203,0.007715159,0.7294522,0.0022723915,0.08543972,0.003468204,0.31908417,0.010536447,null,null,null,null,"TWOGAUSSIANS",8,3.1021173,0.23205842,0.0025245824,0.4,0.0,0.32823738,0.0066394354,0.7294522,0.0022723915,0.4,0.0,0.31089953,0.010652771
375316653866487564,5411882028180442880,0.49912938,2172.721100389797,3.148046546461066,2.730736E-5,19.377426,0.020375976,0.24804647,0.006913263,0.063818425,0.018057879,0.12370163,0.05152632,0.7746454,0.011385658,0.04528474,0.008705536,0.16669035,0.043652143,0.10720956,0.024215978,0.24804647,0.006913263,"TWOGAUSSIANS_WITH_ELLIPSOIDAL_ON_ECLIPSE1",9,6.625097,0.7746454,0.011385658,0.25359455,0.048751,0.37511835,0.022949059,0.24804647,0.006913263,0.35738316,0.098369494,0.33806306,0.029846694
375316653866487564,5411882268698678016,0.5445249,2165.854850970994,4.238039649203191,3.7455104E-6,19.153582,0.0066403896,0.2297749,0.0048444816,0.06219056,0.0050733285,0.35063106,0.008912164,0.73415184,0.0018316192,0.06793532,0.003132033,0.4995884,0.01205855,null,null,null,null,"TWOGAUSSIANS",8,3.145649,0.73415184,0.0018316192,0.38043776,0.017539386,0.49912807,0.0120788645,0.2297749,0.0048444816,0.34826714,0.02841064,0.35017076,0.008954457
375316653866487564,5411883230771533440,0.4662969,2136.951454217126,1.1316543994167751,5.2469233E-5,18.938574,0.0050473157,0.14918716,0.0033239373,0.024667716,0.0024389513,0.55232054,0.09269685,0.6792236,0.013870922,0.035780225,0.012345481,0.07312065,0.017899798,null,null,null,null,"TWOGAUSSIANS",8,4.7348824,0.14918716,0.0033239373,0.13813922,0.013658127,0.55232054,0.09269685,0.6792236,0.013870922,0.20036927,0.0691347,0.07312065,0.017899798
375316653866487564,5411884265868132224,0.5870337,2139.2645892751016,2.2825695689137384,5.361802E-6,17.101215,0.0068177674,0.27104625,0.0017660754,0.09123803,0.0029228018,0.37564757,0.010916046,0.770797,0.0029613932,0.08598004,0.0038787932,0.41573223,0.009764958,null,null,null,null,"TWOGAUSSIANS",8,9.660726,0.770797,0.0029613932,0.4,0.0,0.40105847,0.009176136,0.27104625,0.0017660754,0.4,0.0,0.36097363,0.010851765
375316653866487564,5411884437666830336,0.5765984,2159.024221195738,0.07892510421512253,8.96387E-6,14.893014,0.0024151083,0.23510705,0.0022271576,0.02796647,0.004233222,0.16325058,0.011558816,0.73038656,0.0024957657,0.022317512,0.002630127,0.22192031,0.01989697,0.062538624,0.0038683526,0.73038656,0.0024957657,"TWOGAUSSIANS_WITH_ELLIPSOIDAL_ON_ECLIPSE2",9,79.56909,0.73038656,0.0024957657,0.124978065,0.014728711,0.34699753,0.02102668,0.23489705,0.002066977,0.15661223,0.023706045,0.28822273,0.012462006
375316653866487564,5411886293092611328,0.6086647,2145.3721718696115,2.107856633096899,4.788041E-6,13.841488,0.004458042,0.24406523,0.0029603932,0.095790654,0.005017871,0.12960453,0.004584097,0.7329135,0.0010267129,0.09849051,0.0027870235,0.21917412,0.004500153,null,null,null,null,"TWOGAUSSIANS",8,31.314331,0.7329135,0.0010267129,0.4,0.0,0.20860884,0.0039651017,0.24406523,0.0029603932,0.4,0.0,0.11904018,0.0031545481
