Gaia/vari_eclipsing_binary/VariEclipsingBinary_778402-778884.csv
# %ECSV 1.0
# ---
# delimiter: ','
# meta: !!omap
# - RELEASE: Gaia DR3
# - TABLE: vari_eclipsing_binary
# - DESCRIPTION: >
#     This table describes the properties of the eclipsing binaries resulting from the variability analysis. 
# - CITATION: >
#     How to cite and acknowledge Gaia: 
#     https://gea.esac.esa.int/archive/documentation/credits.html 
# - KNOWN_ISSUES: >
#     Known issues: 
#     https://www.cosmos.esa.int/web/gaia-users/known-issues 
# - DOCUMENTATION: >
#     Tutorials and documentation: 
#     https://www.cosmos.esa.int/web/gaia-users/archive 
# datatype:
# - 
#   name: solution_id
#   datatype: int64
#   description: Solution Identifier
#   meta:
#     ucd: meta.version
# - 
#   name: source_id
#   datatype: int64
#   description: Unique source identifier
#   meta:
#     ucd: meta.id;meta.main
# - 
#   name: global_ranking
#   datatype: float32
#   description: Number between 0 (worst) and 1 (best)
#   meta:
#     ucd: stat.param
# - 
#   name: reference_time
#   datatype: float64
#   unit: d
#   description: Reference time used for the geometric model fit
#   meta:
#     ucd: time.epoch
# - 
#   name: frequency
#   datatype: float64
#   unit: d**-1
#   description: Frequency of geometric model of the eclipsing binary light curve
#   meta:
#     ucd: src.orbital
# - 
#   name: frequency_error
#   datatype: float32
#   unit: d**-1
#   description: "Uncertainty of \\texttt{frequency}"
#   meta:
#     ucd: stat.error
# - 
#   name: geom_model_reference_level
#   datatype: float32
#   unit: mag
#   description: Magnitude reference level of geometric model
#   meta:
#     ucd: phot.mag;em.opt
# - 
#   name: geom_model_reference_level_error
#   datatype: float32
#   unit: mag
#   description: "Uncertainty of \\texttt{geomModelReferenceLevel}"
#   meta:
#     ucd: stat.error;phot.mag;em.opt
# - 
#   name: geom_model_gaussian1_phase
#   datatype: float32
#   description: Phase of the Gaussian 1 component
#   meta:
#     ucd: time.phase
# - 
#   name: geom_model_gaussian1_phase_error
#   datatype: float32
#   description: "Uncertainty of \\texttt{geomModelGaussian1Phase}"
#   meta:
#     ucd: stat.error;time.phase
# - 
#   name: geom_model_gaussian1_sigma
#   datatype: float32
#   description: "Standard deviation [phase] of Gaussian 1 component"
#   meta:
#     ucd: stat.stdev
# - 
#   name: geom_model_gaussian1_sigma_error
#   datatype: float32
#   description: "Uncertainty of \\texttt{geomModelGaussian1Sigma}"
#   meta:
#     ucd: stat.error
# - 
#   name: geom_model_gaussian1_depth
#   datatype: float32
#   unit: mag
#   description: Magnitude depth of Gaussian 1 component
#   meta:
#     ucd: src.var.amplitude
# - 
#   name: geom_model_gaussian1_depth_error
#   datatype: float32
#   unit: mag
#   description: "Uncertainty of \\texttt{geomModelGaussian1Depth}"
#   meta:
#     ucd: stat.error;src.var.amplitude
# - 
#   name: geom_model_gaussian2_phase
#   datatype: float32
#   description: Phase of Gaussian 2 component
#   meta:
#     ucd: time.phase
# - 
#   name: geom_model_gaussian2_phase_error
#   datatype: float32
#   description: "Uncertainty of \\texttt{geomModelGaussian2Phase}"
#   meta:
#     ucd: stat.error;time.phase
# - 
#   name: geom_model_gaussian2_sigma
#   datatype: float32
[...]
#   datatype: float32
#   description: "Secondary eclipse: uncertainty of \\texttt{derivedSecondaryEclDuration}"
#   meta:
#     ucd: stat.error;time.duration
# - 
#   name: derived_secondary_ecl_depth
#   datatype: float32
#   unit: mag
#   description: "Secondary eclipse: depth"
#   meta:
#     ucd: src.var.amplitude
# - 
#   name: derived_secondary_ecl_depth_error
#   datatype: float32
#   unit: mag
#   description: "Secondary eclipse: uncertainty of \\texttt{derivedSecondaryEclDepth}"
#   meta:
#     ucd: stat.error;src.var.amplitude
solution_id,source_id,global_ranking,reference_time,frequency,frequency_error,geom_model_reference_level,geom_model_reference_level_error,geom_model_gaussian1_phase,geom_model_gaussian1_phase_error,geom_model_gaussian1_sigma,geom_model_gaussian1_sigma_error,geom_model_gaussian1_depth,geom_model_gaussian1_depth_error,geom_model_gaussian2_phase,geom_model_gaussian2_phase_error,geom_model_gaussian2_sigma,geom_model_gaussian2_sigma_error,geom_model_gaussian2_depth,geom_model_gaussian2_depth_error,geom_model_cosine_half_period_amplitude,geom_model_cosine_half_period_amplitude_error,geom_model_cosine_half_period_phase,geom_model_cosine_half_period_phase_error,model_type,num_model_parameters,reduced_chi2,derived_primary_ecl_phase,derived_primary_ecl_phase_error,derived_primary_ecl_duration,derived_primary_ecl_duration_error,derived_primary_ecl_depth,derived_primary_ecl_depth_error,derived_secondary_ecl_phase,derived_secondary_ecl_phase_error,derived_secondary_ecl_duration,derived_secondary_ecl_duration_error,derived_secondary_ecl_depth,derived_secondary_ecl_depth_error
375316653866487564,6846904135912073088,0.56828314,2106.884198285384,1.369929096544451,1.3743311E-5,17.426922,0.0053617847,0.61383355,0.0062933885,0.016514337,0.0024798706,1.46403,0.8596197,0.80277413,0.052999966,0.059731413,0.0509505,0.027206814,0.031331316,null,null,null,null,"TWOGAUSSIANS",8,15.255941,0.61383355,0.006293575,0.09248029,0.013887276,1.4642128,0.8596308,0.80277413,0.052999966,0.33449593,0.28532282,0.027206814,0.031331316
375316653866487564,6846904479509471360,0.5068022,2094.441413398748,2.573608438132935,1.934343E-5,16.56421,0.012669234,0.18636835,0.0072256806,0.09284566,0.01090597,0.15425523,0.012664205,0.6910531,0.0077442536,0.0993592,0.01249944,0.15058395,0.012556108,null,null,null,null,"TWOGAUSSIANS",8,14.78774,0.18636835,0.0072256806,0.4,0.0,0.14456458,0.007899266,0.6910531,0.0077442536,0.4,0.0,0.14089249,0.0069281105
375316653866487564,6846905166701512064,0.5898269,2146.2738749050523,4.15556972303985,8.390483E-6,18.652092,0.024259293,0.16671333,0.0048666704,0.08983336,0.012246673,0.49529868,0.04677676,0.6830359,0.0013241278,0.06941253,0.0028944113,0.59026706,0.02482145,null,null,null,null,"TWOGAUSSIANS",8,2.7836678,0.6830359,0.0013241278,0.38871017,0.016208705,0.58474994,0.020409055,0.16671333,0.0048666704,0.4,0.0,0.4897813,0.05049662
375316653866487564,6846914512552870016,0.54582477,2159.6702916380277,0.03710026069343747,9.660526E-6,16.992525,0.0013051882,0.6218334,5.5423746E-4,0.002642384,4.5658817E-4,0.37230062,0.1849069,0.8447296,0.044146255,0.0039944965,0.047977936,0.025737042,0.027192874,null,null,null,null,"TWOGAUSSIANS",8,1.441411,0.6218334,5.5423746E-4,0.014797351,0.0025568937,0.37230062,0.1849069,0.8447296,0.044146255,0.02236918,0.26867643,0.025737042,0.027192874
375316653866487564,6846919834015395456,0.4870117,2153.985777500588,2.47163737222251,1.4851532E-5,19.4081,0.00824368,0.267938,0.015887264,0.064200625,0.013725719,0.23129667,0.086589605,0.7786834,0.004825422,0.061056316,0.005882124,0.260409,0.024215156,null,null,null,null,"TWOGAUSSIANS",8,1.7824615,0.7786834,0.004825422,0.34191537,0.032939892,0.26028886,0.024224693,0.267938,0.015887264,0.3595235,0.07686403,0.23117654,0.08677095
375316653866487564,6846921556299683200,0.43743852,2193.901782893365,0.055192556517348675,1.221184E-5,15.31939,0.004049014,0.50239617,0.06777904,0.031572886,0.020723509,0.20018071,0.25210553,0.81382614,0.0023476852,0.04988754,0.005629665,0.13830434,0.0545743,null,null,null,null,"TWOGAUSSIANS",8,13.2020645,0.50239617,0.06777904,0.17680816,0.11605165,0.20018071,0.25210473,0.81382614,0.0023476852,0.27937022,0.031526126,0.13830434,0.0545743
375316653866487564,6846923892761884032,0.5832405,2080.9779220902906,1.3137145733547138,1.2269579E-5,18.269783,0.01159874,0.23651776,0.0025500285,0.03542524,0.0027937423,0.63669825,0.029722905,0.7270521,0.011217554,0.03991083,0.010922594,0.44672897,0.07471274,0.091871426,0.014683823,0.23651776,0.0025500285,"TWOGAUSSIANS_WITH_ELLIPSOIDAL_ON_ECLIPSE1",9,12.528559,0.23651776,0.0025500285,0.19838133,0.015644956,0.82044107,0.01976623,0.7275121,0.010702015,0.22350064,0.061166525,0.62985444,0.07664755
375316653866487564,6846949830066820224,0.45299128,2109.0228895322107,0.3488564167933435,4.5665456E-6,19.149668,0.004034928,0.3862372,0.063286245,0.036426663,0.024140386,0.27548474,0.34049574,0.85852754,0.003706211,0.01806835,0.0035635803,0.2689885,0.20405746,null,null,null,null,"TWOGAUSSIANS",8,4.569934,0.3862372,0.063286245,0.20398931,0.13518615,0.27548474,0.34049574,0.85852754,0.003706211,0.101182766,0.01995605,0.2689885,0.20405746
375316653866487564,6846952063449981184,0.53901637,2142.1939763235487,3.1947999111016703,1.7782644E-5,19.371227,0.010156821,0.25703722,0.0020220687,0.06506412,0.0027619777,0.45702788,0.00961974,0.7300015,0.018704796,0.08587626,0.018462863,0.1744957,0.017683187,null,null,null,null,"TWOGAUSSIANS",8,2.1451294,0.25703722,0.0020220687,0.36435905,0.015467075,0.4558682,0.00906374,0.7300015,0.018704796,0.4,0.0,0.17333598,0.017611265
375316653866487564,6846960344147187712,0.52250975,2099.736058855285,0.4700593087069972,5.6164346E-5,19.108046,0.00806377,0.34594178,3.2697988E-4,0.03412761,0.0022967453,0.06949515,0.008075031,0.7316488,0.0036852325,0.049388554,0.004379567,0.37096265,0.031239614,null,null,null,null,"TWOGAUSSIANS",8,3.866394,0.7316488,0.0036852325,0.2765759,0.024525575,0.37096265,0.031239614,0.34594178,3.2697988E-4,0.19111463,0.012861773,0.06949515,0.008075031
375316653866487564,6846974367217500160,0.44087237,2107.521689615966,3.9858453424696565,3.8509854E-5,18.468143,0.42344892,0.27794468,0.011485727,0.15351215,0.057370905,0.4241174,0.35206825,0.775009,0.008304179,0.20094687,0.11102542,0.45205763,0.40573925,null,null,null,null,"TWOGAUSSIANS",8,3.804695,0.2791547,0.010888592,0.4,0.0,0.14756195,0.023840917,0.775009,0.008304179,0.4,0.0,0.13878894,0.027727377
375316653866487564,6846983919224785920,0.58061326,2104.5924234604067,2.8306549380206327,6.100105E-6,16.821896,0.0090239085,0.22479482,0.0025122834,0.08953653,0.0040544267,0.30958724,0.009258425,0.72215885,0.0022574794,0.092651434,0.0041416483,0.31239465,0.013778749,null,null,null,null,"TWOGAUSSIANS",8,8.8227825,0.72215885,0.0022574794,0.4,0.0,0.2985607,0.013214558,0.22479482,0.0025122834,0.4,0.0,0.2957535,0.0063363304
375316653866487564,6847005050462281728,0.45454478,2159.9158863050316,0.07709846754568639,4.086448E-5,17.565334,0.19374523,0.19591969,0.004067919,0.09085844,0.0048533794,0.20422238,0.025087299,0.7229191,0.006096056,0.29513472,0.12581465,0.29646972,0.17772126,null,null,null,null,"TWOGAUSSIANS",8,4.1411552,0.19216968,0.0030967048,0.4,0.0,0.14603928,0.0061033815,0.7229191,0.006094406,0.4,0.0,0.097756155,0.02031915
375316653866487564,6847026422220462592,0.5973724,2073.1198795850883,2.7973090378311802,6.6913717E-6,15.705531,0.012879563,0.24244626,0.0031495001,0.044647727,0.013928558,0.2401519,0.37302637,0.7459397,0.0034912778,0.044881694,0.003956932,0.32613087,0.03440834,0.13415258,0.01837144,0.24244626,0.0031495001,"TWOGAUSSIANS_WITH_ELLIPSOIDAL_ON_ECLIPSE1",9,83.704346,0.7459397,0.0034912778,0.25133747,0.02215882,0.5943067,0.024725968,0.24244626,0.0031495001,0.25002727,0.07799993,0.50845695,0.38516602
375316653866487564,6847032091577274880,0.536099,2116.9475206874563,0.40058613194829834,1.6305095E-5,18.689516,0.0059419065,0.30311182,0.055641517,0.032385536,0.039749354,0.41758698,0.13190246,0.83454037,0.0026287672,0.017393114,0.0030040764,0.99450463,0.62314373,null,null,null,null,"TWOGAUSSIANS",8,5.6110635,0.83454037,0.0026287672,0.09740144,0.016822828,0.99450463,0.62314373,0.30311182,0.055641517,0.181359,0.22259638,0.41758698,0.13190244
375316653866487564,6847033775205466112,0.5310105,2115.9312682063187,0.9996450584597234,6.649147E-5,19.132982,0.0065635717,0.20248927,0.0077253766,0.017938636,0.006346145,0.8345287,0.23030242,0.6942731,0.021222448,0.11103419,0.023907565,0.14575425,0.099756345,null,null,null,null,"TWOGAUSSIANS",8,0.8711036,0.20248927,0.0077253766,0.100456364,0.035538413,0.8344276,0.23067339,0.6942731,0.021222448,0.4,0.0,0.14564104,0.09989797
375316653866487564,6847051706690765952,0.49368548,2114.4373324682106,0.049311125239072176,9.916335E-5,19.830904,0.007068415,0.20489095,0.015800683,0.043988157,0.025271406,0.25468487,0.02547423,0.626807,0.008223812,0.08082361,0.0073391288,0.28748122,0.03328482,null,null,null,null,"TWOGAUSSIANS",8,0.9151129,0.626807,0.008223812,0.4,0.0,0.28746966,0.03327291,0.20489095,0.015800683,0.24633369,0.14151987,0.25467363,0.025627289
375316653866487564,6847089571123289088,0.5184988,2048.8305768004125,0.5275339445253333,2.9129336E-5,18.528236,0.0026044408,0.09986354,0.013124004,0.034293685,0.023662314,0.050023023,23029.287,0.60267496,0.029346677,0.0116332965,0.04455859,0.6557803,1.3770258,null,null,null,null,"TWOGAUSSIANS",8,0.7182638,0.60267496,0.029346677,0.06514646,0.2495281,0.6557803,1.3770258,0.09986354,0.013124004,0.19204465,0.13250896,0.050023023,23029.287
375316653866487564,6847100364377538560,0.6595548,2171.5097213606236,2.2075509121826276,4.9769656E-6,13.850894,0.00417889,0.23031892,0.0018101201,0.05708772,0.0032138946,0.31402642,0.02177598,0.71264607,0.030492589,0.028563162,0.01759681,0.052832853,0.06014188,0.07651627,0.0052674497,0.23031892,0.0018101201,"TWOGAUSSIANS_WITH_ELLIPSOIDAL_ON_ECLIPSE1",9,35.67018,0.23031892,0.0018101201,0.31969124,0.017997809,0.4670376,0.020647401,0.7154261,0.030355262,0.15995371,0.09854213,0.20425828,0.06346029
375316653866487564,6847108816873241600,0.47598356,2122.2444007780873,0.4606914382129542,4.6520774E-5,16.580572,0.008252467,0.22328988,0.059176497,0.06686408,0.10375573,0.030536432,0.021428645,0.9373898,0.011492523,0.018266669,0.0055366876,0.6602388,0.7554283,0.019043047,0.010436786,0.22328988,0.059176497,"TWOGAUSSIANS_WITH_ELLIPSOIDAL_ON_ECLIPSE1",9,46.47691,0.9373898,0.011492523,0.10229334,0.03100545,0.6621194,0.754847,0.22328988,0.059176497,0.37443885,0.18553066,0.068594635,0.018291635
375316653866487564,6847110324405599104,0.48628026,2054.7917197824368,0.04920168844456111,4.3433967E-5,18.001507,0.0027522363,0.1425947,0.008026409,0.02563164,0.0112084495,0.17837635,0.06648886,0.56701386,0.014628267,0.0652901,0.009264614,0.08713946,0.006270592,null,null,null,null,"TWOGAUSSIANS",8,1.7136706,0.1425947,0.008026409,0.14353718,0.06276732,0.17837635,0.06648889,0.56701386,0.014628267,0.36562455,0.05188184,0.08713946,0.006270592
375316653866487564,6847114589309305728,0.4362402,2143.662466823131,0.01978373677000338,9.489741E-5,17.041714,0.007598534,0.20697182,0.012805207,0.07972922,0.009181091,0.28135675,0.022214193,0.6637206,0.006883728,0.031002581,0.032786638,0.7226373,1.5964873,null,null,null,null,"TWOGAUSSIANS",8,17.980608,0.6637206,0.006883728,0.17361446,0.18360518,0.7226334,1.5966207,0.20697182,0.012805207,0.4,0.0,0.28135288,0.022171412
375316653866487564,6847122045372536448,0.4983426,2180.9792307450693,0.6500494231763255,7.128015E-5,17.162302,0.0056041447,0.2741101,0.03283277,0.01486794,0.02027753,0.1885553,0.19362123,0.7746658,0.03257398,0.026276106,0.016595604,0.27036846,0.25261956,null,null,null,null,"TWOGAUSSIANS",8,26.769299,0.7746658,0.03257398,0.1471462,0.092935376,0.27036846,0.25261956,0.2741101,0.03283277,0.08326046,0.113554165,0.1885553,0.19362123
375316653866487564,6847124965950377600,0.6578725,2140.2745528091373,3.006286178077749,2.3398577E-6,16.801079,0.015474787,0.30253065,0.0016397114,0.04834967,0.007350326,0.3057227,0.052719217,0.79650974,0.0011929184,0.04896648,0.0033142725,0.39401874,0.033781905,0.13180958,0.021889955,0.30253065,0.0016397114,"TWOGAUSSIANS_WITH_ELLIPSOIDAL_ON_ECLIPSE1",9,6.6756396,0.7971898,0.001031787,0.27421227,0.018559927,0.65730107,0.014937107,0.30253065,0.0016397114,0.27075815,0.041161828,0.56933975,0.051218476
375316653866487564,6847128191469097984,0.49648124,2134.5550324800574,3.3603133019407183,2.1281858E-5,19.105444,0.027106365,0.2872872,0.0074685407,0.10077091,0.017903635,0.21007949,0.024351936,0.78462464,0.007991139,0.10240862,0.015439433,0.24724822,0.02712004,null,null,null,null,"TWOGAUSSIANS",8,1.8004068,0.78462464,0.007991139,0.4,0.0,0.22588111,0.021476438,0.2872872,0.0074685407,0.4,0.0,0.18871379,0.023830686
375316653866487564,6847146612584025856,0.42479116,2073.445139974381,2.0192477625108824,9.748714E-5,18.880505,0.026469873,0.20593932,0.022579709,0.07037233,0.026956692,0.1488023,0.2153151,0.7566464,0.013262023,0.13660525,0.039663494,0.12158219,0.020966968,null,null,null,null,"TWOGAUSSIANS",8,4.390768,0.20552933,0.022503324,0.39408505,0.14543791,0.14230238,0.21927911,0.7566464,0.013262023,0.4,0.0,0.11449951,0.016878841
375316653866487564,6847150216060178176,0.589194,2113.215318187488,3.383420043842478,1.2451758E-5,17.88304,0.008667666,0.21341734,0.002929413,0.08161496,0.005538096,0.56519616,0.027654022,0.7155794,0.001372395,0.063784674,0.002188958,0.43769816,0.00997103,null,null,null,null,"TWOGAUSSIANS",8,8.359527,0.21341734,0.002929413,0.4,0.0,0.56261885,0.028505735,0.7155794,0.001372395,0.3571942,0.0122581655,0.43512088,0.009241876
375316653866487564,6847157092304345728,0.63996273,2069.5597261543635,3.893552416716725,3.6687934E-6,17.399605,0.023847556,0.19575036,0.0037865445,0.05764877,0.022205027,0.22993968,0.12061171,0.6860235,0.001450491,0.040096655,0.005732289,0.3631975,0.034059986,0.14945707,0.023672072,0.19575036,0.0037865445,"TWOGAUSSIANS_WITH_ELLIPSOIDAL_ON_ECLIPSE1",9,6.9468603,0.6869435,0.001133082,0.22454128,0.03210082,0.661082,0.025180211,0.19575036,0.0037865445,0.32283312,0.11964506,0.5288341,0.12566993
375316653866487564,6847179048178112640,0.5378085,2136.0837158935647,2.875813244513059,1.660262E-6,16.570675,0.0029840425,0.14097054,0.0030816991,0.055120103,0.05834219,0.013635688,0.04157442,0.6624014,1.2042666E-4,0.0013042872,3.019311E-4,0.06128084,0.004759153,0.10176035,0.007813027,0.14097054,0.0030816991,"TWOGAUSSIANS_WITH_ELLIPSOIDAL_ON_ECLIPSE1",9,22.430685,0.6624014,1.2042666E-4,0.007304008,0.0016908143,0.2611331,0.011671638,0.14097054,0.0030816991,0.30867258,0.23674433,0.21715587,0.03974008
375316653866487564,6847180830587256320,0.5366969,2116.5653686612904,4.013047319529981,1.2204179E-5,18.901218,0.019642403,0.30587354,0.006837663,0.06764258,0.0065408326,0.4283248,0.026561776,0.8057153,0.0034962934,0.076628864,0.009271175,0.46075284,0.044552404,null,null,null,null,"TWOGAUSSIANS",8,4.039911,0.8057153,0.0034962934,0.4,0.00519518,0.45857006,0.046027146,0.30587354,0.006837663,0.37879843,0.036628664,0.426142,0.025553854
375316653866487564,6847187255858396416,0.5232863,2132.324141876996,0.8819644610463571,2.945109E-5,18.756819,0.0064185746,0.35938272,0.0029670629,0.026866082,0.0027264827,0.5537168,0.08489931,0.7967638,5.207286E-4,0.005476777,6.0236355E-4,0.22886477,0.010083821,null,null,null,null,"TWOGAUSSIANS",8,3.8392453,0.35938272,0.0029670629,0.15045005,0.0152683025,0.5537168,0.08489931,0.7967638,5.207286E-4,0.030669952,0.003373236,0.22886477,0.010083821
375316653866487564,6847196502926174208,0.49069297,2087.2861218949083,0.7225567707513271,3.569507E-5,18.22066,0.004430688,0.27128115,0.05783257,0.030881578,0.036172327,0.65852755,2.006394E28,0.6657361,0.005206356,0.013316925,0.009416166,0.10160075,0.27671912,null,null,null,null,"TWOGAUSSIANS",8,2.2325578,0.27128115,0.05783257,0.17293683,0.20256501,0.65852755,2.006394E28,0.6657361,0.005206356,0.074574776,0.052730527,0.10160075,0.27671912
375316653866487564,6847231270683249792,0.4727122,2138.4953992694213,0.30613202743672147,3.3776363E-5,17.82272,0.01143281,0.20885012,0.005581844,0.08106855,0.004958765,0.2599023,0.027215315,0.7047098,0.026581844,0.05942928,0.014681585,0.19467331,0.050122924,null,null,null,null,"TWOGAUSSIANS",8,10.744867,0.20885012,0.005581844,0.4,0.0,0.25917494,0.02718483,0.7047098,0.026581844,0.33280396,0.0773555,0.19394596,0.04971025
375316653866487564,6847239315159267712,0.44405377,2182.2651210329964,0.08826263967615859,3.5111203E-5,16.229746,0.029594636,0.30495924,0.0056835553,0.053545665,0.00738833,0.21882902,0.03430545,0.7463721,0.09384372,0.15171371,0.10434342,0.120924145,0.2538902,null,null,null,null,"TWOGAUSSIANS",8,4.105025,0.30535924,0.005041115,0.29985574,0.04137465,0.21473147,0.03150397,0.7463721,0.09384372,0.4,0.0,0.11492773,0.25873455
375316653866487564,6847239521317667712,0.50150794,2115.5287567358346,3.943768251793649,1.2095126E-5,19.509657,0.01872416,0.28590637,0.009966395,0.0804379,0.0106890835,0.29158115,0.030698027,0.7958271,0.00453585,0.07212032,0.011374302,0.38707444,0.047310013,null,null,null,null,"TWOGAUSSIANS",8,2.3425646,0.7958271,0.00453585,0.4,0.034544762,0.38458246,0.049553506,0.28590637,0.009966395,0.4,0.0,0.2890892,0.030325765
375316653866487564,6847261099234353664,0.47561717,2138.528167118104,0.8033639018722691,2.5555104E-5,17.481886,0.0055778786,0.11315472,0.003544621,0.015269187,0.0032416068,0.35982788,0.074096024,0.8106209,0.030221464,0.059820663,0.06828768,0.07856192,1.5160379E19,0.029946331,0.005507114,0.8106209,0.030221464,"TWOGAUSSIANS_WITH_ELLIPSOIDAL_ON_ECLIPSE2",9,24.765614,0.11330471,0.0035589263,0.08550745,0.018152997,0.36612466,0.07453732,0.8106209,0.030221464,0.33499572,0.38241097,0.13844195,1.5160379E19
