Gaia/vari_eclipsing_binary/VariEclipsingBinary_762032-762143.csv
# %ECSV 1.0
# ---
# delimiter: ','
# meta: !!omap
# - RELEASE: Gaia DR3
# - TABLE: vari_eclipsing_binary
# - DESCRIPTION: >
#     This table describes the properties of the eclipsing binaries resulting from the variability analysis. 
# - CITATION: >
#     How to cite and acknowledge Gaia: 
#     https://gea.esac.esa.int/archive/documentation/credits.html 
# - KNOWN_ISSUES: >
#     Known issues: 
#     https://www.cosmos.esa.int/web/gaia-users/known-issues 
# - DOCUMENTATION: >
#     Tutorials and documentation: 
#     https://www.cosmos.esa.int/web/gaia-users/archive 
# datatype:
# - 
#   name: solution_id
#   datatype: int64
#   description: Solution Identifier
#   meta:
#     ucd: meta.version
# - 
#   name: source_id
#   datatype: int64
#   description: Unique source identifier
#   meta:
#     ucd: meta.id;meta.main
# - 
#   name: global_ranking
#   datatype: float32
#   description: Number between 0 (worst) and 1 (best)
#   meta:
#     ucd: stat.param
# - 
#   name: reference_time
#   datatype: float64
#   unit: d
#   description: Reference time used for the geometric model fit
#   meta:
#     ucd: time.epoch
# - 
#   name: frequency
#   datatype: float64
#   unit: d**-1
#   description: Frequency of geometric model of the eclipsing binary light curve
#   meta:
#     ucd: src.orbital
# - 
#   name: frequency_error
#   datatype: float32
#   unit: d**-1
#   description: "Uncertainty of \\texttt{frequency}"
#   meta:
#     ucd: stat.error
# - 
#   name: geom_model_reference_level
#   datatype: float32
#   unit: mag
#   description: Magnitude reference level of geometric model
#   meta:
#     ucd: phot.mag;em.opt
# - 
#   name: geom_model_reference_level_error
#   datatype: float32
#   unit: mag
#   description: "Uncertainty of \\texttt{geomModelReferenceLevel}"
#   meta:
#     ucd: stat.error;phot.mag;em.opt
# - 
#   name: geom_model_gaussian1_phase
#   datatype: float32
#   description: Phase of the Gaussian 1 component
#   meta:
#     ucd: time.phase
# - 
#   name: geom_model_gaussian1_phase_error
#   datatype: float32
#   description: "Uncertainty of \\texttt{geomModelGaussian1Phase}"
#   meta:
#     ucd: stat.error;time.phase
# - 
#   name: geom_model_gaussian1_sigma
#   datatype: float32
#   description: "Standard deviation [phase] of Gaussian 1 component"
#   meta:
#     ucd: stat.stdev
# - 
#   name: geom_model_gaussian1_sigma_error
#   datatype: float32
#   description: "Uncertainty of \\texttt{geomModelGaussian1Sigma}"
#   meta:
#     ucd: stat.error
# - 
#   name: geom_model_gaussian1_depth
#   datatype: float32
#   unit: mag
#   description: Magnitude depth of Gaussian 1 component
#   meta:
#     ucd: src.var.amplitude
# - 
#   name: geom_model_gaussian1_depth_error
#   datatype: float32
#   unit: mag
#   description: "Uncertainty of \\texttt{geomModelGaussian1Depth}"
#   meta:
#     ucd: stat.error;src.var.amplitude
# - 
#   name: geom_model_gaussian2_phase
#   datatype: float32
#   description: Phase of Gaussian 2 component
#   meta:
#     ucd: time.phase
# - 
#   name: geom_model_gaussian2_phase_error
#   datatype: float32
#   description: "Uncertainty of \\texttt{geomModelGaussian2Phase}"
#   meta:
#     ucd: stat.error;time.phase
# - 
#   name: geom_model_gaussian2_sigma
#   datatype: float32
[...]
#   datatype: float32
#   description: "Secondary eclipse: uncertainty of \\texttt{derivedSecondaryEclDuration}"
#   meta:
#     ucd: stat.error;time.duration
# - 
#   name: derived_secondary_ecl_depth
#   datatype: float32
#   unit: mag
#   description: "Secondary eclipse: depth"
#   meta:
#     ucd: src.var.amplitude
# - 
#   name: derived_secondary_ecl_depth_error
#   datatype: float32
#   unit: mag
#   description: "Secondary eclipse: uncertainty of \\texttt{derivedSecondaryEclDepth}"
#   meta:
#     ucd: stat.error;src.var.amplitude
solution_id,source_id,global_ranking,reference_time,frequency,frequency_error,geom_model_reference_level,geom_model_reference_level_error,geom_model_gaussian1_phase,geom_model_gaussian1_phase_error,geom_model_gaussian1_sigma,geom_model_gaussian1_sigma_error,geom_model_gaussian1_depth,geom_model_gaussian1_depth_error,geom_model_gaussian2_phase,geom_model_gaussian2_phase_error,geom_model_gaussian2_sigma,geom_model_gaussian2_sigma_error,geom_model_gaussian2_depth,geom_model_gaussian2_depth_error,geom_model_cosine_half_period_amplitude,geom_model_cosine_half_period_amplitude_error,geom_model_cosine_half_period_phase,geom_model_cosine_half_period_phase_error,model_type,num_model_parameters,reduced_chi2,derived_primary_ecl_phase,derived_primary_ecl_phase_error,derived_primary_ecl_duration,derived_primary_ecl_duration_error,derived_primary_ecl_depth,derived_primary_ecl_depth_error,derived_secondary_ecl_phase,derived_secondary_ecl_phase_error,derived_secondary_ecl_duration,derived_secondary_ecl_duration_error,derived_secondary_ecl_depth,derived_secondary_ecl_depth_error
[from data line 365]
375316653866487564,6703545785495678336,0.47728264,2305.881659766101,0.2503784199715368,3.851165E-5,17.789927,0.0059535424,0.4215972,0.010203951,0.1284137,0.011805065,0.120470196,0.0122372955,0.7816551,0.0017477296,0.015556788,0.0021590176,0.10334302,0.01048348,null,null,null,null,"TWOGAUSSIANS",8,2.8345392,0.4215972,0.010203951,0.4,0.0,0.12034722,0.012269559,0.7816551,0.0017477296,0.087118015,0.012090498,0.10558488,0.010857228
375316653866487564,6703546992389547776,0.64553136,2343.952402348706,3.685327322566005,4.0131904E-6,15.539993,0.005870788,0.16911168,8.725878E-4,0.07454436,0.0015428495,0.5168955,0.008130054,0.67310095,0.0053839544,0.06942218,0.003298558,0.5297868,0.020363674,null,null,null,null,"TWOGAUSSIANS",8,27.035374,0.67310095,0.0053839544,0.3887642,0.013759319,0.5275056,0.019343724,0.16911168,8.725878E-4,0.4,0.0,0.51461416,0.007966826
375316653866487564,6703548671713669760,0.6337555,2305.1285792918784,3.8732446891910364,4.8904703E-6,14.704698,0.009634718,0.31031546,0.0011036092,0.050356284,0.0033066154,0.275466,0.023938537,0.8120483,0.0023396648,0.04910267,0.0044513876,0.3480947,0.026847562,0.114766926,0.015227368,0.31031546,0.0011036092,"TWOGAUSSIANS_WITH_ELLIPSOIDAL_ON_ECLIPSE1",9,82.35375,0.8120483,0.0023396648,0.27497497,0.02492777,0.57759887,0.028837278,0.31031546,0.0011036092,0.2819952,0.018517045,0.50499743,0.011424094
375316653866487564,6703548985254328064,0.59977776,2326.4150787735703,0.46592388257816053,4.211794E-5,17.9865,0.0016201073,0.07332832,0.0060601668,0.010596298,0.004276979,0.2760747,0.19302951,0.5818608,0.0018132942,0.016247235,0.001741424,0.08930363,0.013069698,null,null,null,null,"TWOGAUSSIANS",8,1.5375918,0.07332832,0.0060601668,0.059339266,0.023951082,0.2760747,0.19302951,0.5818608,0.0018132942,0.090984516,0.009751974,0.08930363,0.013069698
375316653866487564,6703549290200089728,0.4820399,2340.4099315492626,2.954601721302753,1.6663558E-5,17.650778,0.17804669,0.1817307,0.0068774763,0.11831391,0.037781876,0.28968832,0.17533481,0.6789373,0.007244184,0.120129965,0.050035905,0.27252156,0.16911177,null,null,null,null,"TWOGAUSSIANS",8,13.934619,0.1817407,0.006886802,0.4,0.0,0.22897206,0.01124849,0.6789373,0.0072920197,0.4,0.0,0.21178761,0.017368129
375316653866487564,6703551317415015424,0.5285381,2327.2978371716845,0.7635409758017835,1.916561E-5,18.889652,0.006980039,0.37263492,0.00275209,0.011647087,0.001735724,0.41082487,0.11639576,0.8967889,0.0040025236,0.021489805,0.00224294,0.42542568,0.16185245,null,null,null,null,"TWOGAUSSIANS",8,5.344721,0.8967889,0.0040025236,0.1203429,0.012560464,0.42542568,0.16185245,0.37263492,0.00275209,0.06522369,0.009720054,0.41082487,0.11639576
375316653866487564,6703552146350386432,0.49012503,2346.0686235648577,2.5813453118997693,2.409603E-5,14.163225,0.043736715,0.3739643,0.0049340557,0.24676767,0.034355737,1.1151232,0.043070514,0.8731671,0.005478826,0.17006321,0.01771269,0.83102304,0.17569682,null,null,null,null,"TWOGAUSSIANS",8,191.47862,0.3743443,0.0048255823,0.4,0.0,0.18028888,0.006427022,0.8731671,0.005478826,0.4,0.0,0.15985058,0.013011417
375316653866487564,6703552176408529664,0.5608773,2303.8770046375257,0.1275878034644,8.7701184E-5,18.411125,0.0039418563,0.32544297,0.027770462,0.11286505,0.021727389,0.041666873,0.008061765,0.72821486,0.0013758417,0.005334329,0.0011983232,0.56944895,0.16566978,null,null,null,null,"TWOGAUSSIANS",8,2.2781856,0.72821486,0.0013758417,0.029872242,0.00671061,0.56951594,0.16564962,0.32544297,0.027770462,0.4,0.0,0.04166231,0.008059513
375316653866487564,6703554826409923328,0.5186931,2359.573617530008,2.7403577192594164,1.276613E-5,13.04486,0.013451561,0.24404658,0.0024953028,0.05077723,0.0069454014,0.17585233,0.02839765,0.7547941,0.0031614257,0.0687632,0.0042094807,0.23213203,0.029698582,0.090080634,0.016307076,0.24404658,0.0024953028,"TWOGAUSSIANS_WITH_ELLIPSOIDAL_ON_ECLIPSE1",9,76.9531,0.7547941,0.0031614257,0.3850739,0.023573093,0.41129994,0.0120620495,0.24404658,0.0024953028,0.28435248,0.038894247,0.35584053,0.010348828
375316653866487564,6703556406957405056,0.56286633,2333.7962620976195,3.0363759022375536,1.1834694E-5,15.174513,0.69492507,0.28777438,0.0038628993,0.15919448,0.04528218,0.4062847,0.5421677,0.79357386,0.0055164257,0.1766037,0.09137546,0.40097055,0.6644656,null,null,null,null,"TWOGAUSSIANS",8,31.78559,0.2862844,0.0034765,0.4,0.0,0.16203202,0.008038896,0.79467386,0.0044042473,0.4,0.0,0.14797454,0.008939858
375316653866487564,6703558262377346816,0.4705716,2328.0997702165337,1.5447193809221875,1.427864E-5,19.12832,0.0058734813,0.21093506,0.0046053627,0.05404321,0.008930934,0.21878009,0.042136375,0.7270936,0.0063294945,0.017810564,0.0047503407,0.087948434,0.01576496,null,null,null,null,"TWOGAUSSIANS",8,2.383342,0.21093506,0.0046053627,0.302642,0.05001323,0.21878009,0.042136375,0.7270936,0.0063294945,0.099739164,0.026601907,0.087948434,0.01576496
375316653866487564,6703560083450534784,0.71262455,2359.7161684518155,2.981066028152931,5.1106667E-6,14.942048,0.010423174,0.23757946,0.003450743,0.04074028,0.0042893738,0.30328405,0.02322092,0.7327974,0.00204907,0.043367613,0.0042248406,0.2846982,0.023146108,0.14258526,0.01229872,0.7327974,0.00204907,"TWOGAUSSIANS_WITH_ELLIPSOIDAL_ON_ECLIPSE2",9,28.835108,0.23705947,0.0030445626,0.22814557,0.024020493,0.588225,0.0068614786,0.7327974,0.00204907,0.24285863,0.023659108,0.5698683,0.011359773
375316653866487564,6703560152170016768,0.53700113,2351.0902812413497,3.6615686927429536,8.391418E-6,16.797018,0.87717366,0.15397699,0.008640175,0.15750484,0.07006974,0.6947918,0.62585956,0.6588495,0.0077459565,0.23604763,0.15281336,0.8360314,0.86629677,null,null,null,null,"TWOGAUSSIANS",8,6.3571973,0.150777,0.0047025327,0.4,0.0,0.20297702,0.011426262,0.6602295,0.0064353594,0.4,0.0,0.17587006,0.018664783
375316653866487564,6703560598841411072,0.52722216,2340.455822973687,2.6911312741538014,1.3698434E-5,18.942286,0.018614097,0.258498,0.012881391,0.09838678,0.016887654,0.2554571,0.018765414,0.7426821,0.0039325026,0.10378444,0.009002119,0.23765916,0.017690714,null,null,null,null,"TWOGAUSSIANS",8,1.5181216,0.258508,0.0128894625,0.4,0.0,0.23647663,0.015619577,0.7426821,0.0039325026,0.4,0.0,0.21867488,0.008804545
375316653866487564,6703562900948653696,0.4747401,2333.1461224352024,0.21670941309760208,4.5892284E-5,15.904376,0.0026821163,0.7187882,8.6813053E-4,0.004074963,9.4800885E-4,0.16299202,0.08979961,null,null,null,null,null,null,0.024861451,0.003977399,0.7187882,8.6813053E-4,"ONEGAUSSIAN_WITH_ELLIPSOIDAL",6,26.96006,0.7187882,8.6813053E-4,0.022819793,0.0053088497,0.21271485,0.09057361,null,null,null,null,null,null
375316653866487564,6703571692741910656,0.46673787,2321.4820841236706,3.6878435958876237,3.821738E-5,19.179691,0.008307344,0.23775251,0.020417515,0.07904425,0.030158274,0.086150534,0.01785125,0.72914815,0.029822841,0.0782103,0.021399135,0.10181167,0.02071125,null,null,null,null,"TWOGAUSSIANS",8,1.2268829,0.72914815,0.029822841,0.4,0.0029618144,0.100809865,0.019026943,0.23775251,0.020416293,0.4,0.06475562,0.08514873,0.018895308
375316653866487564,6703573891766027392,0.46335706,2311.7381503957854,0.02405820487326683,9.17092E-5,19.407118,0.017453695,0.42985222,0.02453216,0.033423916,0.022072943,0.15419261,0.04154073,0.7041242,0.014817358,0.078212924,0.021454776,0.17057404,0.01937966,null,null,null,null,"TWOGAUSSIANS",8,2.0351553,0.7041242,0.014817358,0.4,0.06310041,0.17057404,0.019379666,0.4299722,0.024570832,0.18717393,0.123608485,0.154558,0.041651014
375316653866487564,6703577911855668608,0.46239662,2311.6101436856407,4.42954710422858,2.6713586E-5,19.684614,0.07006715,0.26975423,0.016537363,0.11132146,0.040622074,0.2891152,0.063081555,0.7566148,0.01773081,0.10596903,0.027667807,0.25091368,0.0717224,null,null,null,null,"TWOGAUSSIANS",8,2.4931471,0.2697642,0.016585963,0.4,0.0,0.25594503,0.025315583,0.7566148,0.01773081,0.4,0.0,0.21776226,0.02448445
375316653866487564,6703581244750819840,0.5460913,2275.5829077864837,3.2338091719665534,1.1835074E-5,17.354986,0.032810453,0.25263566,0.0045619207,0.0914588,0.009217926,0.44590467,0.03455757,0.75889593,0.0028427453,0.087008245,0.01093217,0.31146628,0.026011806,null,null,null,null,"TWOGAUSSIANS",8,25.474611,0.25263566,0.0045619207,0.4,0.0,0.43253702,0.029775254,0.75889593,0.0028427453,0.4,0.0,0.2980989,0.018539416
375316653866487564,6703581279108478080,0.6327471,2301.113605853606,2.1957326644020503,6.197224E-6,13.255464,0.0035833775,0.27501276,0.0024522943,0.092769995,0.0034503904,0.2628948,0.00607398,0.7749506,0.001289352,0.08371102,0.002140473,0.3014072,0.004157316,null,null,null,null,"TWOGAUSSIANS",8,46.979897,0.7749506,0.001289352,0.4,0.0,0.29130208,0.003963081,0.27501276,0.0024522943,0.4,0.0,0.25278947,0.006173635
375316653866487564,6703583241913385088,0.6337243,2308.864989275017,0.4638427751076045,8.5154126E-5,15.078867,0.0010844207,0.38396445,0.04418202,0.020968165,0.022929711,0.18402258,0.099065624,0.70832366,0.0107898,0.029347425,0.009966781,0.009461271,0.003615285,0.004499256,0.0025603115,0.38396445,0.04418202,"TWOGAUSSIANS_WITH_ELLIPSOIDAL_ON_ECLIPSE1",9,3.6980538,0.38396445,0.04418202,0.11742173,0.12840638,0.19302107,0.096016616,0.71267366,0.010850381,0.16434559,0.05581398,0.011385031,0.0030950895
375316653866487564,6703586128131909888,0.62997067,2331.04902350489,3.343664339687911,2.619054E-6,15.741073,0.02512737,0.25761044,0.0014822904,0.05958736,0.0067312373,0.30760053,0.05546734,0.7589527,0.004511589,0.05730554,0.008777931,0.2325689,0.06684985,0.105207324,0.03412646,0.25761044,0.0014822904,"TWOGAUSSIANS_WITH_ELLIPSOIDAL_ON_ECLIPSE1",9,27.490032,0.25761044,0.0014822904,0.3336892,0.037694927,0.5179531,0.019240588,0.7589527,0.004505136,0.32091102,0.049156416,0.4429065,0.037148397
375316653866487564,6703587193283803904,0.66572416,2312.8441211971403,1.4537320715717392,2.145978E-6,16.909103,0.0024525814,0.17904435,0.0024172156,0.04447889,0.003143989,0.13196483,0.0031762074,0.68158317,3.102267E-4,0.03994051,0.0013757633,0.69817895,0.044921063,null,null,null,null,"TWOGAUSSIANS",8,4.578951,0.68158317,3.102267E-4,0.22366685,0.0077042747,0.6981789,0.044921074,0.17904435,0.0024172156,0.24908179,0.017606338,0.13196482,0.0031762046
375316653866487564,6703592209805292672,0.6440958,2335.918501783758,3.8262627987736644,4.870032E-6,14.836215,0.0053346637,0.2615347,0.011749718,0.052650828,0.009966004,0.107312486,0.014211233,0.75491536,0.0010130892,0.042806312,0.006650491,0.17217842,0.044743866,0.11189094,0.008176746,0.75491536,0.0010130892,"TWOGAUSSIANS_WITH_ELLIPSOIDAL_ON_ECLIPSE2",9,26.41681,0.75491536,0.0010130892,0.23971534,0.037242748,0.39595947,0.0454728,0.25946468,0.008375948,0.29484463,0.055809617,0.33082783,0.0072193677
375316653866487564,6703592892702218496,0.46810362,2295.675734456175,1.4310620594943402,5.312945E-5,17.928988,0.0037235823,0.274108,0.02736199,0.045203157,0.033510596,0.04127533,0.007859269,0.79914397,0.037513632,0.0412557,0.018420389,0.16418305,0.09350774,null,null,null,null,"TWOGAUSSIANS",8,2.6682127,0.79914397,0.037513632,0.23103192,0.103154175,0.16418305,0.09350801,0.274108,0.02736199,0.25313768,0.15538497,0.041275326,0.00786396
375316653866487564,6703593446756203008,0.56728846,2324.6554638751168,2.9182599420834654,7.5645107E-6,15.2737665,0.0045349277,0.2883662,0.0028152205,0.0556019,0.008365578,0.12980485,0.015246314,0.7668878,0.01807663,0.028863022,0.010851352,0.20995945,0.06364235,0.0877156,0.007119381,0.2883662,0.0028152205,"TWOGAUSSIANS_WITH_ELLIPSOIDAL_ON_ECLIPSE1",9,127.07335,0.7679978,0.017147636,0.16163293,0.060767565,0.38237238,0.059895985,0.2883662,0.0028152205,0.3113706,0.04684724,0.30523062,0.0142330695
375316653866487564,6703593614258115712,0.5463742,2304.032167411148,4.572601113353254,9.121105E-6,19.332417,0.020426316,0.19865336,0.0031985587,0.07737644,0.0063757766,0.4627108,0.03557924,0.6974716,0.005668823,0.08477428,0.006930006,0.51749617,0.028090127,null,null,null,null,"TWOGAUSSIANS",8,2.7361307,0.6974716,0.005668823,0.4,0.0,0.509239,0.026270047,0.19865336,0.0031985587,0.4,0.0,0.45445365,0.036481425
375316653866487564,6703594271383736704,0.5587473,2342.12825016065,0.009291364870648544,1.4849291E-5,18.97606,0.004989957,0.24159627,0.0025435225,0.03301015,0.0019876421,0.27831447,0.010647875,0.7524751,0.008380326,0.0451464,0.01416021,0.24620286,0.025853742,null,null,null,null,"TWOGAUSSIANS",8,1.6620967,0.24159627,0.0025435225,0.18485685,0.011130796,0.27831447,0.010647875,0.7524751,0.008380326,0.25281984,0.07929718,0.24620286,0.025853744
375316653866487564,6703598493337391488,0.5326769,2320.642142199384,1.969340617301041,1.2180353E-5,14.662262,0.02833987,0.27452853,0.003499281,0.104581565,0.0145896645,0.14660253,0.027076758,0.7756002,0.0046452065,0.12229018,0.021610431,0.1521874,0.025384644,null,null,null,null,"TWOGAUSSIANS",8,21.960272,0.7756002,0.0046477728,0.4,0.0,0.12617895,0.0059024547,0.27451852,0.0035270283,0.4,0.0,0.120662265,0.0049408604
375316653866487564,6703602410350465664,0.54815507,2289.8245417578114,1.9783772837071958,1.5426367E-5,19.15228,0.016979508,0.31498182,0.005675352,0.049739785,0.011338692,0.291291,0.02432471,0.79682827,0.017242184,0.046803597,0.012710084,0.40494823,0.057967838,null,null,null,null,"TWOGAUSSIANS",8,2.741319,0.79682827,0.017242184,0.26210013,0.07117647,0.40494785,0.057958916,0.31498182,0.005675352,0.27854282,0.06349668,0.2912906,0.024324154
375316653866487564,6703602547789334016,0.46213338,2309.1892613984974,4.341985391664388,3.133369E-5,19.809298,0.13529773,0.26055232,0.010287017,0.12079289,0.05365762,0.22905621,0.12854537,0.748731,0.0085787345,0.10179363,0.021487452,0.36163446,0.12874259,null,null,null,null,"TWOGAUSSIANS",8,2.1840286,0.748731,0.0085787345,0.4,0.0,0.3221853,0.041030187,0.26056233,0.010312387,0.4,0.0,0.1895179,0.024066404
375316653866487564,6703603651598963456,0.56962705,2322.6534276525417,2.627603944162573,9.98032E-6,14.753595,0.018594896,0.24465995,0.0037895793,0.08990091,0.0065309736,0.43641782,0.017689208,0.7568018,0.005162799,0.08442195,0.008072063,0.32438016,0.026857942,null,null,null,null,"TWOGAUSSIANS",8,227.66563,0.24465995,0.0037895793,0.4,0.0,0.42633244,0.012569369,0.7568018,0.005162799,0.4,0.0,0.31429496,0.025954194
375316653866487564,6703606743968952832,0.45022056,2381.639867866984,1.9108152435913914,2.206814E-4,18.039686,0.007164092,0.21804291,0.018060546,0.06800478,0.010449202,0.054153793,0.010381323,0.59544426,0.007120764,0.096357405,0.032660935,0.11135483,0.03162497,null,null,null,null,"TWOGAUSSIANS",8,3.424217,0.59544426,0.007120764,0.4,0.0,0.11123027,0.032183405,0.21822292,0.01783497,0.38082677,0.058039635,0.054081365,0.010334472
375316653866487564,6703608010987971712,0.5271597,2312.6056098875415,4.10183709240102,1.5329848E-5,18.8261,0.030380376,0.19294472,0.004921531,0.1061166,0.015599896,0.23500873,0.02629066,0.68663216,0.0097203925,0.09083009,0.02115317,0.20554884,0.022992522,null,null,null,null,"TWOGAUSSIANS",8,2.0345623,0.19294472,0.0049206014,0.4,0.0,0.21883388,0.012815316,0.68663216,0.0097203925,0.4,0.0,0.18938124,0.02035385
375316653866487564,6703608698181769088,0.60589063,2330.9973374989095,3.8650638760136693,1.1787064E-5,18.030119,0.007646479,0.23035547,0.0026324885,0.07568202,0.0029729942,0.52059686,0.009479279,0.72803694,0.004940527,0.06553338,0.007674214,0.57208544,0.08388357,null,null,null,null,"TWOGAUSSIANS",8,4.9862595,0.72803694,0.004940527,0.3669869,0.0421002,0.57014626,0.085048966,0.23035547,0.0026324885,0.4,0.0,0.5186576,0.009098124
