Gaia/vari_eclipsing_binary/VariEclipsingBinary_616248-616509.csv
# %ECSV 1.0
# ---
# delimiter: ','
# meta: !!omap
# - RELEASE: Gaia DR3
# - TABLE: vari_eclipsing_binary
# - DESCRIPTION: >
#     This table describes the properties of the eclipsing binaries resulting from the variability analysis. 
# - CITATION: >
#     How to cite and acknowledge Gaia: 
#     https://gea.esac.esa.int/archive/documentation/credits.html 
# - KNOWN_ISSUES: >
#     Known issues: 
#     https://www.cosmos.esa.int/web/gaia-users/known-issues 
# - DOCUMENTATION: >
#     Tutorials and documentation: 
#     https://www.cosmos.esa.int/web/gaia-users/archive 
# datatype:
# - 
#   name: solution_id
#   datatype: int64
#   description: Solution Identifier
#   meta:
#     ucd: meta.version
# - 
#   name: source_id
#   datatype: int64
#   description: Unique source identifier
#   meta:
#     ucd: meta.id;meta.main
# - 
#   name: global_ranking
#   datatype: float32
#   description: Number between 0 (worst) and 1 (best)
#   meta:
#     ucd: stat.param
# - 
#   name: reference_time
#   datatype: float64
#   unit: d
#   description: Reference time used for the geometric model fit
#   meta:
#     ucd: time.epoch
# - 
#   name: frequency
#   datatype: float64
#   unit: d**-1
#   description: Frequency of geometric model of the eclipsing binary light curve
#   meta:
#     ucd: src.orbital
# - 
#   name: frequency_error
#   datatype: float32
#   unit: d**-1
#   description: "Uncertainty of \\texttt{frequency}"
#   meta:
#     ucd: stat.error
# - 
#   name: geom_model_reference_level
#   datatype: float32
#   unit: mag
#   description: Magnitude reference level of geometric model
#   meta:
#     ucd: phot.mag;em.opt
# - 
#   name: geom_model_reference_level_error
#   datatype: float32
#   unit: mag
#   description: "Uncertainty of \\texttt{geomModelReferenceLevel}"
#   meta:
#     ucd: stat.error;phot.mag;em.opt
# - 
#   name: geom_model_gaussian1_phase
#   datatype: float32
#   description: Phase of the Gaussian 1 component
#   meta:
#     ucd: time.phase
# - 
#   name: geom_model_gaussian1_phase_error
#   datatype: float32
#   description: "Uncertainty of \\texttt{geomModelGaussian1Phase}"
#   meta:
#     ucd: stat.error;time.phase
# - 
#   name: geom_model_gaussian1_sigma
#   datatype: float32
#   description: "Standard deviation [phase] of Gaussian 1 component"
#   meta:
#     ucd: stat.stdev
# - 
#   name: geom_model_gaussian1_sigma_error
#   datatype: float32
#   description: "Uncertainty of \\texttt{geomModelGaussian1Sigma}"
#   meta:
#     ucd: stat.error
# - 
#   name: geom_model_gaussian1_depth
#   datatype: float32
#   unit: mag
#   description: Magnitude depth of Gaussian 1 component
#   meta:
#     ucd: src.var.amplitude
# - 
#   name: geom_model_gaussian1_depth_error
#   datatype: float32
#   unit: mag
#   description: "Uncertainty of \\texttt{geomModelGaussian1Depth}"
#   meta:
#     ucd: stat.error;src.var.amplitude
# - 
#   name: geom_model_gaussian2_phase
#   datatype: float32
#   description: Phase of Gaussian 2 component
#   meta:
#     ucd: time.phase
# - 
#   name: geom_model_gaussian2_phase_error
#   datatype: float32
#   description: "Uncertainty of \\texttt{geomModelGaussian2Phase}"
#   meta:
#     ucd: stat.error;time.phase
# - 
#   name: geom_model_gaussian2_sigma
#   datatype: float32
[...]
#   datatype: float32
#   description: "Secondary eclipse: uncertainty of \\texttt{derivedSecondaryEclDuration}"
#   meta:
#     ucd: stat.error;time.duration
# - 
#   name: derived_secondary_ecl_depth
#   datatype: float32
#   unit: mag
#   description: "Secondary eclipse: depth"
#   meta:
#     ucd: src.var.amplitude
# - 
#   name: derived_secondary_ecl_depth_error
#   datatype: float32
#   unit: mag
#   description: "Secondary eclipse: uncertainty of \\texttt{derivedSecondaryEclDepth}"
#   meta:
#     ucd: stat.error;src.var.amplitude
solution_id,source_id,global_ranking,reference_time,frequency,frequency_error,geom_model_reference_level,geom_model_reference_level_error,geom_model_gaussian1_phase,geom_model_gaussian1_phase_error,geom_model_gaussian1_sigma,geom_model_gaussian1_sigma_error,geom_model_gaussian1_depth,geom_model_gaussian1_depth_error,geom_model_gaussian2_phase,geom_model_gaussian2_phase_error,geom_model_gaussian2_sigma,geom_model_gaussian2_sigma_error,geom_model_gaussian2_depth,geom_model_gaussian2_depth_error,geom_model_cosine_half_period_amplitude,geom_model_cosine_half_period_amplitude_error,geom_model_cosine_half_period_phase,geom_model_cosine_half_period_phase_error,model_type,num_model_parameters,reduced_chi2,derived_primary_ecl_phase,derived_primary_ecl_phase_error,derived_primary_ecl_duration,derived_primary_ecl_duration_error,derived_primary_ecl_depth,derived_primary_ecl_depth_error,derived_secondary_ecl_phase,derived_secondary_ecl_phase_error,derived_secondary_ecl_duration,derived_secondary_ecl_duration_error,derived_secondary_ecl_depth,derived_secondary_ecl_depth_error
[from data line 491]
375316653866487564,5422571789465427072,0.57658815,2149.8565592711147,0.5590145903947052,6.9268904E-6,18.006691,0.003514134,0.21810463,0.02170736,0.023457043,0.015079965,0.06793658,0.040199775,0.71288043,7.324572E-4,0.026388137,8.812346E-4,0.65015715,0.024071153,null,null,null,null,"TWOGAUSSIANS",8,7.1696324,0.71288043,7.324572E-4,0.14777356,0.0049349135,0.65015715,0.024071153,0.21810463,0.02170736,0.13135944,0.0844478,0.06793658,0.040199775
375316653866487564,5422573610531742080,0.4654041,2119.7024810361663,2.7365740506433984,2.0697573E-5,19.464926,0.013225637,0.299564,0.010731819,0.074447155,0.0133060375,0.17337489,0.024218924,0.79423434,0.0056617567,0.082227506,0.013898131,0.21521364,0.022139212,null,null,null,null,"TWOGAUSSIANS",8,2.0432994,0.79423434,0.0056617567,0.4,0.0,0.21307702,0.024576116,0.299564,0.010731819,0.4,0.0064950567,0.17123827,0.024312224
375316653866487564,5422577527542003328,0.5208189,2128.9171519664205,2.624940842356569,1.1891203E-5,19.282536,0.010648404,0.25068337,0.005526083,0.06383973,0.004861137,0.41458294,0.022028962,0.74051154,0.0028018765,0.075324126,0.0048797536,0.3944805,0.016194336,null,null,null,null,"TWOGAUSSIANS",8,3.1033862,0.25068337,0.005526083,0.35750252,0.027222367,0.41361228,0.02189897,0.74051154,0.0028018765,0.4,0.0,0.39350986,0.01618916
375316653866487564,5422577699340768256,0.56732315,2139.846214614603,2.6902389108800873,8.379007E-6,19.245506,0.0067913383,0.2240142,0.0023425855,0.07148816,0.0025226427,0.5248682,0.010542506,0.72323453,0.0030218833,0.07441954,0.0034699587,0.53690875,0.03126255,null,null,null,null,"TWOGAUSSIANS",8,2.564939,0.72323453,0.0030218833,0.4,0.0,0.53396994,0.031660024,0.2240142,0.0023425855,0.4,0.007916763,0.5219294,0.010325762
375316653866487564,5422578695773257728,0.47885087,2139.5015383404007,1.058412243670104,8.067031E-6,17.88641,0.0019256234,0.36514604,0.0051549035,0.020853793,0.0053999024,0.0654954,0.025213297,0.86340094,0.0021392324,0.03150917,0.002362382,0.11758117,0.005564911,null,null,null,null,"TWOGAUSSIANS",8,3.6412194,0.86340094,0.0021392324,0.17645134,0.013229338,0.11758117,0.005564911,0.36514604,0.0051549035,0.116781235,0.030239454,0.0654954,0.025213297
375316653866487564,5422578936291458304,0.44016385,2140.546979600945,3.4377677756773326,2.1750026E-5,18.523914,0.0031738535,null,null,null,null,null,null,null,null,null,null,null,null,0.049787093,0.0041975435,0.21332109,0.0075468956,"ELLIPSOIDAL",4,4.020902,null,null,null,null,null,null,null,null,null,null,null,null
375316653866487564,5422580379400003200,0.5758577,2127.3364062862797,2.810756395714221,1.0898103E-5,17.223005,0.013201488,0.20910288,0.0024771313,0.056309056,0.0058553717,0.22542822,0.028033005,0.7065714,0.0035122237,0.051777814,0.00475928,0.19848287,0.030250786,0.05623085,0.015667735,0.20910288,0.0024771313,"TWOGAUSSIANS_WITH_ELLIPSOIDAL_ON_ECLIPSE1",9,10.878143,0.20910288,0.0024771313,0.3153307,0.032790083,0.33787677,0.012710767,0.7068414,0.003105731,0.28995577,0.026651967,0.31090602,0.0070178905
375316653866487564,5422582337906765056,0.45993418,2168.359457303819,0.09795948957011684,4.864817E-6,18.418337,0.07103335,0.44469896,0.0038758079,0.0053492244,0.0016460331,0.33513755,0.04557845,0.57864237,0.03635186,0.30424595,0.17252134,0.07956484,0.06675353,null,null,null,null,"TWOGAUSSIANS",8,5.8758163,0.44470894,0.0038855283,0.029955657,0.009217786,0.3675773,0.046192236,0.57864237,0.03635186,0.4,0.0,0.039044935,0.006646945
375316653866487564,5422586671533247104,0.6680412,2132.3679978015316,0.35467716112565256,3.0660378E-6,11.291779,0.0012678393,0.23243378,0.0028637906,0.014408444,0.0019523769,0.29256773,0.0444128,0.73418796,9.398654E-4,0.0146649135,5.9448864E-4,0.5838855,0.0067682117,0.0017951097,0.0023190656,0.23243378,0.0028637906,"TWOGAUSSIANS_WITH_ELLIPSOIDAL_ON_ECLIPSE1",9,40.93093,0.73418796,9.398654E-4,0.08212352,0.0033291364,0.5874753,0.0057233274,0.23243378,0.0028637906,0.08068729,0.010933311,0.29615793,0.04481274
375316653866487564,5422589420312410240,0.503449,2139.013281051956,3.5125021070617506,1.6660448E-5,19.840826,0.012814239,0.23164701,0.004917515,0.065413535,0.0063764947,0.57154405,0.0335709,0.7252957,0.00790313,0.068003364,0.008245868,0.63881564,0.0616634,null,null,null,null,"TWOGAUSSIANS",8,2.5933595,0.7252957,0.00790313,0.3808188,0.04336274,0.6379144,0.06207173,0.23164701,0.004917515,0.3663158,0.03570837,0.5706428,0.03377317
375316653866487564,5422594604332268416,0.539993,2106.616340016513,2.3162314583095047,5.683493E-6,19.210094,0.012755876,0.29995474,0.0034587649,0.08699179,0.004714525,0.36563146,0.016264718,0.79201263,0.0029726329,0.08808945,0.005462967,0.32483444,0.014430913,null,null,null,null,"TWOGAUSSIANS",8,1.8595495,0.29995474,0.0034587649,0.4,0.0,0.3553889,0.014527036,0.79201263,0.0029726329,0.4,0.0,0.31459185,0.013599296
375316653866487564,5422594673051787136,0.55421174,2131.814321989633,0.17347526260946963,4.105634E-5,18.356155,0.001684066,0.20151328,0.004937982,0.007795293,0.004962847,0.12677775,0.754403,0.54241556,7.099446E-5,0.0059703565,7.6413206E-5,0.42450255,0.0015617253,null,null,null,null,"TWOGAUSSIANS",8,1.8361621,0.54241556,7.099446E-5,0.033433996,4.2791397E-4,0.42450255,0.0015617253,0.20151328,0.004937982,0.04365364,0.027791945,0.12677775,0.754403
375316653866487564,5422598005946122624,0.48447168,2151.4534768709027,2.6596083317775285,1.3855536E-5,18.164251,0.009629355,0.27677387,0.0019673486,0.03434018,0.003536243,0.29371598,0.028134678,0.7676269,0.007379866,0.03130043,0.009070495,0.084670454,0.025825398,0.04087128,0.015301665,0.27677387,0.0019673486,"TWOGAUSSIANS_WITH_ELLIPSOIDAL_ON_ECLIPSE1",9,16.090643,0.27677387,0.0019673486,0.192305,0.019802961,0.37545836,0.02386293,0.7682569,0.0068710414,0.1752824,0.05079477,0.1661618,0.014355778
375316653866487564,5422601441920268800,0.53503805,2088.587100231381,1.1752618303013427,3.5579513E-5,19.025337,0.005302563,0.22989537,0.00510929,0.026069999,0.0061351596,0.06081584,0.065361604,0.43011454,0.004538628,0.03811671,0.003862578,0.49597368,0.041236315,null,null,null,null,"TWOGAUSSIANS",8,2.6456513,0.43011454,0.004538628,0.21345356,0.021630438,0.49597368,0.041236315,0.22989537,0.00510929,0.145992,0.034356896,0.060816348,0.065362036
375316653866487564,5422601441920291328,0.44269747,2101.2877832911613,4.06004249640855,2.768075E-5,19.629566,0.007023913,null,null,null,null,null,null,null,null,null,null,null,null,0.1101706,0.007882578,0.20786099,0.007865139,"ELLIPSOIDAL",4,4.5062165,null,null,null,null,null,null,null,null,null,null,null,null
375316653866487564,5422601544999507840,0.53131616,2122.7714056128693,2.2594908288296334,5.3698254E-6,18.004269,0.0071450267,0.31111643,0.002223644,0.033980668,0.0033892386,0.21577422,0.014834861,0.80572206,0.0027580592,0.033011053,0.0036931061,0.23055801,0.018187277,0.022593407,0.010034977,0.31111643,0.002223644,"TWOGAUSSIANS_WITH_ELLIPSOIDAL_ON_ECLIPSE1",9,6.859415,0.80581206,0.0027040786,0.1848619,0.020681394,0.27569377,0.017096719,0.31111643,0.002223644,0.19029173,0.018979736,0.26096103,0.012472915
375316653866487564,5422605328871028864,0.50864935,2147.572908937442,0.02596704961214912,1.6169239E-5,17.99277,0.0020858776,0.32492232,6.8656054E-6,0.0014165239,2.6953985E-5,0.1770634,0.001478452,0.778318,0.0029078333,0.003970543,0.0024914886,0.030567382,0.048521668,null,null,null,null,"TWOGAUSSIANS",8,2.5435708,0.32492232,6.8656054E-6,0.007932534,1.5094232E-4,0.1770634,0.001478452,0.778318,0.0029078333,0.02223504,0.013952336,0.030567382,0.048521668
375316653866487564,5422606595881369216,0.6004949,2134.558191736493,0.7956702995131566,4.705639E-6,18.857521,0.0035590492,0.21822533,0.0019542458,0.041295543,0.0025341331,0.16469862,0.010012153,0.71566147,0.0072046965,0.032318126,0.007179608,1.0983537,0.25979608,null,null,null,null,"TWOGAUSSIANS",8,2.3813345,0.71566147,0.0072046965,0.1809815,0.040205806,1.0983537,0.25979608,0.21822533,0.0019542458,0.23125504,0.014191146,0.16469862,0.010012153
375316653866487564,5422607832831799424,0.5526262,2152.7615978946096,0.35022880538418133,5.1318584E-5,17.929276,0.0016455393,0.7306563,0.0047700736,0.0062398934,0.005003931,0.6142292,0.4412912,null,null,null,null,null,null,null,null,null,null,"ONEGAUSSIAN",5,2.811068,0.7306563,0.0047700736,0.0349434,0.028022014,0.6142292,0.0,null,null,null,null,null,null
375316653866487564,5422608004630488960,0.5164882,2154.9552454866885,1.0819313369562473,2.3243658E-5,18.790506,0.003404803,0.47641265,0.0016772271,0.018309785,0.0017701556,1.4453372,0.42755952,0.69296336,1.2782619E-5,0.0070846314,7.575443E-5,0.53403753,5.071486E-4,null,null,null,null,"TWOGAUSSIANS",8,4.069876,0.47641265,0.0016772271,0.1025348,0.009912872,1.4453372,0.42755952,0.69296336,1.2782619E-5,0.039673936,4.2422483E-4,0.53403753,5.071486E-4
375316653866487564,5422608008922844672,0.49905157,2108.2792179860485,2.7142874120905414,1.16665615E-5,19.705532,0.01511399,0.2509913,0.0054973452,0.093056455,0.008121707,0.29083192,0.022401368,0.74830556,0.0039339713,0.08861702,0.007963369,0.3079428,0.01499124,null,null,null,null,"TWOGAUSSIANS",8,1.5197958,0.74830556,0.0039339713,0.4,0.0,0.29493865,0.014127158,0.2509913,0.0054973452,0.4,0.0,0.27782753,0.021372475
375316653866487564,5422609756977326336,0.56402564,2142.514519741205,0.911900008934853,5.2141836E-6,18.208023,0.0023199199,0.30660778,0.001740094,0.020959413,0.0010783852,0.37723514,0.016688159,0.807234,0.0012072978,0.018991636,0.0032439134,0.33924836,0.17138691,null,null,null,null,"TWOGAUSSIANS",8,2.4909775,0.30660778,0.001740094,0.117372714,0.006038957,0.37723514,0.016688159,0.807234,0.0012072978,0.10635316,0.018165914,0.33924836,0.17138691
375316653866487564,5422613158591491840,0.45843947,2136.085728432466,3.7660033142219156,1.3528492E-5,19.448038,0.023385776,0.2333298,0.005685768,0.09971488,0.014269987,0.19247419,0.025412505,0.7447757,0.007251056,0.09788191,0.012217902,0.21511781,0.024887253,null,null,null,null,"TWOGAUSSIANS",8,2.254516,0.7447757,0.0072520156,0.4,0.0,0.20085073,0.01548779,0.2333298,0.0056862305,0.4,0.0,0.17820664,0.021323072
375316653866487564,5422613811426657792,0.50676167,2139.8519315963267,2.5862079852938344,1.3262859E-5,18.453133,0.07765152,0.2782912,0.0074435007,0.104214944,0.021389825,0.20318112,0.07599077,0.787221,0.004041014,0.1297438,0.034765508,0.18635952,0.076187305,null,null,null,null,"TWOGAUSSIANS",8,2.847861,0.2782012,0.0072552077,0.4,0.0,0.16738057,0.010917745,0.787231,0.0040559066,0.4,0.0,0.15033396,0.007785098
375316653866487564,5422615533712499584,0.5054105,2060.494859718364,0.9971625758363235,3.077815E-5,18.804884,0.009672404,0.21400972,0.011810936,0.034837782,0.022273548,0.23293506,0.06948052,0.6977192,0.013469057,0.03317868,0.005387255,1.405251,0.41907105,null,null,null,null,"TWOGAUSSIANS",8,16.74807,0.6977192,0.013469057,0.18580061,0.030168628,1.405251,0.41907105,0.21400972,0.011810936,0.19509159,0.12473187,0.23293506,0.06948052
375316653866487564,5422617389138389504,0.49809057,2106.469611623752,1.5457009456194983,3.9500374E-5,16.413433,0.0042877733,0.14558737,0.025880914,0.021655906,0.011231299,0.018056635,0.010484405,0.31921795,0.0029455195,0.016935537,0.0015583185,1.12893,0.2916242,0.015169436,0.006282569,0.31921795,0.0029455195,"TWOGAUSSIANS_WITH_ELLIPSOIDAL_ON_ECLIPSE2",9,92.32279,0.31921795,0.0029455195,0.094839,0.008726584,1.1592687,0.2922987,0.14987737,0.024544004,0.12127307,0.06289527,0.024853302,0.00897346
375316653866487564,5422618965385314944,0.46596095,2124.7673045232746,2.982029163220481,1.2725713E-5,19.74403,0.017024642,0.24518913,0.0033319246,0.08693014,0.0060201716,0.36569104,0.021965535,0.74246514,0.008096347,0.08298434,0.008436624,0.3609397,0.04859269,null,null,null,null,"TWOGAUSSIANS",8,2.2165208,0.24518913,0.0033319246,0.4,0.0,0.35656205,0.020361064,0.74246514,0.008096347,0.4,0.0,0.35181078,0.049547486
375316653866487564,5422619588161571072,0.59226465,2106.652913087665,2.0387951929164108,7.9375095E-6,18.947826,0.0171304,0.20647635,0.002715513,0.048100296,0.0053390614,0.5442347,0.03341126,0.7262866,0.01743531,0.06928995,0.015109042,0.10863584,0.041710045,0.10801143,0.021328168,0.20647635,0.002715513,"TWOGAUSSIANS_WITH_ELLIPSOIDAL_ON_ECLIPSE1",9,2.0288432,0.20647635,0.002715513,0.26936164,0.029898742,0.76020145,0.030393384,0.7262866,0.01743531,0.38802373,0.08348216,0.321273,0.011994028
375316653866487564,5422619686939889792,0.48765346,2121.4851015147087,3.026446932733655,2.0261792E-5,18.061628,0.1743659,0.2808672,0.0066414895,0.117727496,0.06495511,0.11920602,0.16492403,0.77386826,0.0068774414,0.11874286,0.06884032,0.12321574,0.1663333,null,null,null,null,"TWOGAUSSIANS",8,2.1074762,0.77386826,0.0068774414,0.4,0.0,0.098904364,0.0077733565,0.2808972,0.0068574133,0.4,0.0,0.09490071,0.007151552
375316653866487564,5422621782883910272,0.48695692,2118.4066728855673,1.6400193158468968,2.2491287E-5,18.06763,0.015554234,0.23736157,0.015903935,0.11104207,0.04082072,0.04897245,0.012481742,0.7329071,0.01109577,0.10184247,0.022414995,0.11532268,0.012324838,null,null,null,null,"TWOGAUSSIANS",8,2.8461065,0.7329071,0.011094797,0.4,0.0,0.106639296,0.008805719,0.23736157,0.015914235,0.4,0.0,0.040286504,0.008442749
375316653866487564,5422622195202532224,0.55676913,2088.4865679102613,3.4496294052546363,6.149817E-6,19.273664,0.01038159,0.28903413,0.0026448916,0.06619261,0.0046786214,0.6131352,0.07803467,0.7993238,0.0028307757,0.06943682,0.0029544774,0.55321556,0.03131673,null,null,null,null,"TWOGAUSSIANS",8,2.0969882,0.28903413,0.0026448916,0.37067863,0.02620028,0.61215425,0.078386754,0.7993238,0.0028307757,0.38884616,0.016545074,0.5522346,0.031431705
375316653866487564,5422627795838334464,0.5909613,2135.3533166501575,0.5606014563347261,5.1989955E-6,18.64233,0.009160577,0.23508777,0.005502309,0.028825857,0.0059328084,0.14732437,0.022144731,0.7319422,0.0015573589,0.030845245,0.003694853,1.5590034,0.35814542,0.024029223,0.013878141,0.23508777,0.005502309,"TWOGAUSSIANS_WITH_ELLIPSOIDAL_ON_ECLIPSE1",9,4.8431115,0.73195213,0.0015567648,0.17273338,0.020691177,1.6070431,0.37875986,0.23508777,0.005502309,0.1614248,0.033223726,0.1953828,0.01243458
375316653866487564,5422630544617526912,0.50562924,2132.0776714940494,3.13268555500816,1.0358971E-5,16.757353,0.009088169,0.3048937,0.0050781877,0.06994512,0.006264601,0.29846758,0.023831798,0.8074987,0.004584659,0.068591565,0.005897872,0.3511928,0.02061275,null,null,null,null,"TWOGAUSSIANS",8,38.801662,0.8074987,0.004584659,0.38411278,0.033028085,0.3502961,0.020725269,0.3048937,0.0050781877,0.39169264,0.028491898,0.29757085,0.02407429
375316653866487564,5422633636993673600,0.586413,2134.473271029041,0.5392146813810724,5.43364E-6,17.660635,0.01620005,0.27355394,0.004400172,0.10875212,0.007874965,0.40978354,0.015264625,0.74078876,0.0016428359,0.09261705,0.0027447895,0.641208,0.018262533,null,null,null,null,"TWOGAUSSIANS",8,9.448359,0.74078876,0.0016428359,0.4,0.0,0.6111664,0.013578028,0.27355394,0.004400172,0.4,0.0,0.37970117,0.010615252
375316653866487564,5422634569007395456,0.5183827,2137.222942578451,0.8577596515451458,1.365843E-5,12.909759,0.0019588843,0.22559473,0.019788835,0.06483602,0.022933781,0.018458921,0.0031620248,0.7266483,0.0034278187,0.08531298,0.0069868127,0.046255413,0.0022598885,null,null,null,null,"TWOGAUSSIANS",8,20.868473,0.7266483,0.0034278187,0.4,0.0,0.046021212,0.0021985413,0.22559473,0.019788835,0.3630817,0.1080828,0.018224724,0.0031981594
375316653866487564,5422634878245048320,0.52948666,2132.3310114162196,2.6839897065363036,9.1671245E-6,18.45502,0.010671741,0.27485102,0.0042298925,0.09886126,0.008942907,0.21795428,0.009952437,0.7706127,0.0034154402,0.09621234,0.0060117557,0.2225102,0.011345301,null,null,null,null,"TWOGAUSSIANS",8,2.3300724,0.7706127,0.0034154402,0.4,0.0,0.2069192,0.0079921745,0.27485102,0.0042298925,0.4,0.0,0.20236264,0.010650758
