Gaia/vari_eclipsing_binary/VariEclipsingBinary_627469-627572.csv
# %ECSV 1.0
# ---
# delimiter: ','
# meta: !!omap
# - RELEASE: Gaia DR3
# - TABLE: vari_eclipsing_binary
# - DESCRIPTION: >
#     This table describes the properties of the eclipsing binaries resulting from the variability analysis. 
# - CITATION: >
#     How to cite and acknowledge Gaia: 
#     https://gea.esac.esa.int/archive/documentation/credits.html 
# - KNOWN_ISSUES: >
#     Known issues: 
#     https://www.cosmos.esa.int/web/gaia-users/known-issues 
# - DOCUMENTATION: >
#     Tutorials and documentation: 
#     https://www.cosmos.esa.int/web/gaia-users/archive 
# datatype:
# - 
#   name: solution_id
#   datatype: int64
#   description: Solution Identifier
#   meta:
#     ucd: meta.version
# - 
#   name: source_id
#   datatype: int64
#   description: Unique source identifier
#   meta:
#     ucd: meta.id;meta.main
# - 
#   name: global_ranking
#   datatype: float32
#   description: Number between 0 (worst) and 1 (best)
#   meta:
#     ucd: stat.param
# - 
#   name: reference_time
#   datatype: float64
#   unit: d
#   description: Reference time used for the geometric model fit
#   meta:
#     ucd: time.epoch
# - 
#   name: frequency
#   datatype: float64
#   unit: d**-1
#   description: Frequency of geometric model of the eclipsing binary light curve
#   meta:
#     ucd: src.orbital
# - 
#   name: frequency_error
#   datatype: float32
#   unit: d**-1
#   description: "Uncertainty of \\texttt{frequency}"
#   meta:
#     ucd: stat.error
# - 
#   name: geom_model_reference_level
#   datatype: float32
#   unit: mag
#   description: Magnitude reference level of geometric model
#   meta:
#     ucd: phot.mag;em.opt
# - 
#   name: geom_model_reference_level_error
#   datatype: float32
#   unit: mag
#   description: "Uncertainty of \\texttt{geomModelReferenceLevel}"
#   meta:
#     ucd: stat.error;phot.mag;em.opt
# - 
#   name: geom_model_gaussian1_phase
#   datatype: float32
#   description: Phase of the Gaussian 1 component
#   meta:
#     ucd: time.phase
# - 
#   name: geom_model_gaussian1_phase_error
#   datatype: float32
#   description: "Uncertainty of \\texttt{geomModelGaussian1Phase}"
#   meta:
#     ucd: stat.error;time.phase
# - 
#   name: geom_model_gaussian1_sigma
#   datatype: float32
#   description: "Standard deviation [phase] of Gaussian 1 component"
#   meta:
#     ucd: stat.stdev
# - 
#   name: geom_model_gaussian1_sigma_error
#   datatype: float32
#   description: "Uncertainty of \\texttt{geomModelGaussian1Sigma}"
#   meta:
#     ucd: stat.error
# - 
#   name: geom_model_gaussian1_depth
#   datatype: float32
#   unit: mag
#   description: Magnitude depth of Gaussian 1 component
#   meta:
#     ucd: src.var.amplitude
# - 
#   name: geom_model_gaussian1_depth_error
#   datatype: float32
#   unit: mag
#   description: "Uncertainty of \\texttt{geomModelGaussian1Depth}"
#   meta:
#     ucd: stat.error;src.var.amplitude
# - 
#   name: geom_model_gaussian2_phase
#   datatype: float32
#   description: Phase of Gaussian 2 component
#   meta:
#     ucd: time.phase
# - 
#   name: geom_model_gaussian2_phase_error
#   datatype: float32
#   description: "Uncertainty of \\texttt{geomModelGaussian2Phase}"
#   meta:
#     ucd: stat.error;time.phase
# - 
#   name: geom_model_gaussian2_sigma
#   datatype: float32
[...]
#   datatype: float32
#   description: "Secondary eclipse: uncertainty of \\texttt{derivedSecondaryEclDuration}"
#   meta:
#     ucd: stat.error;time.duration
# - 
#   name: derived_secondary_ecl_depth
#   datatype: float32
#   unit: mag
#   description: "Secondary eclipse: depth"
#   meta:
#     ucd: src.var.amplitude
# - 
#   name: derived_secondary_ecl_depth_error
#   datatype: float32
#   unit: mag
#   description: "Secondary eclipse: uncertainty of \\texttt{derivedSecondaryEclDepth}"
#   meta:
#     ucd: stat.error;src.var.amplitude
solution_id,source_id,global_ranking,reference_time,frequency,frequency_error,geom_model_reference_level,geom_model_reference_level_error,geom_model_gaussian1_phase,geom_model_gaussian1_phase_error,geom_model_gaussian1_sigma,geom_model_gaussian1_sigma_error,geom_model_gaussian1_depth,geom_model_gaussian1_depth_error,geom_model_gaussian2_phase,geom_model_gaussian2_phase_error,geom_model_gaussian2_sigma,geom_model_gaussian2_sigma_error,geom_model_gaussian2_depth,geom_model_gaussian2_depth_error,geom_model_cosine_half_period_amplitude,geom_model_cosine_half_period_amplitude_error,geom_model_cosine_half_period_phase,geom_model_cosine_half_period_phase_error,model_type,num_model_parameters,reduced_chi2,derived_primary_ecl_phase,derived_primary_ecl_phase_error,derived_primary_ecl_duration,derived_primary_ecl_duration_error,derived_primary_ecl_depth,derived_primary_ecl_depth_error,derived_secondary_ecl_phase,derived_secondary_ecl_phase_error,derived_secondary_ecl_duration,derived_secondary_ecl_duration_error,derived_secondary_ecl_depth,derived_secondary_ecl_depth_error
375316653866487564,5519282259568969600,0.55226904,2187.342025814201,0.6608328839598521,5.2777246E-5,17.940897,0.0023562056,0.18981987,0.003987926,0.04086238,0.002803507,0.19489256,0.0043774447,0.83725095,1.0957326E-4,0.009310395,2.3155725E-4,0.28601843,0.0026458711,null,null,null,null,"TWOGAUSSIANS",8,2.9832103,0.83725095,1.0957326E-4,0.052138217,0.0012967206,0.28601843,0.0026458711,0.18981987,0.003987926,0.22882932,0.01569964,0.19489256,0.0043774447
375316653866487564,5519282465727432832,0.45970193,2220.034180763807,2.150665901492328,1.9937399E-5,13.557783,0.39856386,0.2508477,0.043842595,0.076262236,0.27195558,0.07184272,0.36280337,0.7252499,0.014654121,0.0937899,0.071265325,0.106563665,0.21774542,null,null,null,null,"TWOGAUSSIANS",8,318.63116,0.7252499,0.014686789,0.4,0.0,0.10506779,0.016688842,0.2508477,0.04471747,0.4,0.057517577,0.07034716,0.02844517
375316653866487564,5519283152922196736,0.5417859,2219.1551192952297,0.052907102365288255,6.3245607E-6,15.881851,0.006822211,0.13681369,3.2594075E-4,8.601345E-4,1.14719485E-4,0.48401827,0.12956585,0.75271046,0.024612004,0.040936884,0.04288734,0.050956544,0.070110574,0.0148896305,0.006163122,0.13681369,3.2594075E-4,"TWOGAUSSIANS_WITH_ELLIPSOIDAL_ON_ECLIPSE1",9,43.690834,0.13681369,3.2594075E-4,0.004816753,6.424291E-4,0.51379734,0.12935887,0.75271046,0.024612004,0.22924654,0.24016911,0.06754554,0.06967708
375316653866487564,5519283835813574528,0.52447546,2218.1412110454094,3.2876172665385224,5.5817498E-5,18.071934,0.002661736,0.38014764,3.2778663E-4,0.023957351,0.0012146916,0.060771804,0.0022153524,0.6423535,0.011999632,0.033071417,0.010656355,0.26503572,0.02082433,null,null,null,null,"TWOGAUSSIANS",8,3.5433211,0.6423535,0.011999632,0.18519993,0.05967559,0.26503572,0.02082433,0.38014764,3.2778663E-4,0.13416116,0.006802273,0.060771804,0.0022153524
375316653866487564,5519285622519439232,0.51625764,2236.144184678403,3.2886700247517537,1.6636808E-5,19.540794,0.009480473,0.28517792,0.005706844,0.08337126,0.0075576366,0.24753247,0.015108241,0.77343285,0.006025616,0.0881473,0.00939441,0.24302173,0.014593676,null,null,null,null,"TWOGAUSSIANS",8,0.95479184,0.28517792,0.005706844,0.4,0.0,0.24181345,0.014142394,0.77343285,0.006025616,0.4,0.0,0.23730266,0.0146937575
375316653866487564,5519286722029933440,0.54962736,2204.107517524431,1.229154675341978,3.5210367E-5,18.910774,0.005309651,0.23333721,0.027214702,0.052535973,0.020750185,0.18271902,0.04185646,0.754698,0.0069437046,0.061393525,0.005114899,0.45870912,0.02172963,null,null,null,null,"TWOGAUSSIANS",8,1.9395436,0.754698,0.0069437046,0.34380373,0.028643435,0.45869222,0.021723947,0.23333721,0.027214702,0.29420143,0.116201036,0.18270211,0.04213153
375316653866487564,5519286932482101120,0.5478381,2210.6551473348127,3.2706228797463064,7.3944293E-6,19.30489,0.010426626,0.24611095,0.0026488032,0.07264475,0.0038800677,0.44460708,0.016014975,0.75162095,0.005414739,0.06874301,0.006196298,0.65239733,0.06497145,null,null,null,null,"TWOGAUSSIANS",8,1.9237398,0.75162095,0.005414739,0.38496086,0.03113575,0.650606,0.065742105,0.24611095,0.0026488032,0.4,0.0030435603,0.44281572,0.016097913
375316653866487564,5519287787186579712,0.44414625,2170.244410007283,0.1287842275970496,2.5923244E-5,18.256798,0.0449361,0.21974403,0.017322509,0.08375811,0.05910213,0.13122123,0.036156327,0.7682571,0.00729233,0.10429824,0.023552818,0.20071535,0.044051163,null,null,null,null,"TWOGAUSSIANS",8,6.569329,0.7682571,0.0069929766,0.4,0.0,0.19602573,0.030187223,0.21970402,0.017086826,0.4,0.023980167,0.12654887,0.051083937
375316653866487564,5519290196668936832,0.6300068,2243.651981442094,0.828001685754286,6.0885095E-6,16.85565,0.0064821,0.22056244,0.001763834,0.0389293,0.004149805,0.23624837,0.013837354,0.715682,9.819649E-4,0.037207145,0.0018988625,0.6806666,0.04560359,0.047508817,0.010054561,0.22056244,0.001763834,"TWOGAUSSIANS_WITH_ELLIPSOIDAL_ON_ECLIPSE1",9,19.720793,0.715752,9.739334E-4,0.20836002,0.010633631,0.7755962,0.04823141,0.22056244,0.001763834,0.21800408,0.023238907,0.331266,0.0106239645
375316653866487564,5519292494467600128,0.52031213,2213.7657360857806,0.20158503901241295,1.9628651E-5,16.78675,0.0018692809,0.11310743,0.0024295114,0.03451556,0.002335077,0.113142096,0.009218405,0.6281876,0.0060874894,0.05248015,0.005076773,0.07250103,0.0028917568,null,null,null,null,"TWOGAUSSIANS",8,3.8046474,0.11310743,0.0024295114,0.19328713,0.01307643,0.113142096,0.009218407,0.6281876,0.0060874894,0.29388884,0.028429927,0.072501026,0.0028917578
375316653866487564,5519293181662462976,0.5533232,2217.5009400617773,2.8144603447452643,1.0723606E-5,18.797651,0.013242186,0.34385908,0.0027123445,0.08829712,0.0054698265,0.2785632,0.013231141,0.8339318,0.004517939,0.09631836,0.007020853,0.2737455,0.0154768415,null,null,null,null,"TWOGAUSSIANS",8,1.5148636,0.34385908,0.0027123445,0.4,0.0,0.26640671,0.010234721,0.8339318,0.004517939,0.4,0.0,0.26158822,0.012659819
375316653866487564,5519293357764609280,0.53775084,2246.149640448663,2.441493641216217,2.7933229E-5,17.542671,0.0020129574,0.07027912,0.03279945,0.035324667,0.024830958,0.012278576,0.010524131,0.67678714,6.769842E-5,0.0039323177,7.9649704E-5,0.20831235,0.0035283642,null,null,null,null,"TWOGAUSSIANS",8,2.3552876,0.67678714,6.769842E-5,0.022020979,4.4603835E-4,0.20831235,0.0035283642,0.07027912,0.03279945,0.19781813,0.13905336,0.012278576,0.010524131
375316653866487564,5519294319837109504,0.55223405,2247.4538928293528,3.217381328907968,8.5716965E-6,14.540494,0.0044655767,0.25063172,0.010818003,0.01904721,0.012952543,0.14312363,0.25293332,0.79603654,0.0027550675,0.03552446,0.004911146,0.12443763,0.01805625,0.12685876,0.009581174,0.79603654,0.0027550675,"TWOGAUSSIANS_WITH_ELLIPSOIDAL_ON_ECLIPSE2",9,239.6538,0.79603654,0.0027550675,0.19893698,0.027502418,0.37815517,0.015269258,0.2527317,0.012507488,0.106664374,0.07253424,0.37764913,0.24743915
375316653866487564,5519296823791046144,0.55622816,2259.7152765761098,1.19997681077213,3.1392137E-5,18.76592,0.0052076257,0.22412507,0.0043282574,0.038412686,0.0068154056,0.9895213,0.24667208,0.49209452,0.0133919185,0.02558617,0.01844082,0.060235888,2046.2465,null,null,null,null,"TWOGAUSSIANS",8,6.1804123,0.22412507,0.0043282574,0.21511105,0.03816627,0.9895213,0.24667208,0.49209452,0.0133919185,0.14328255,0.1032686,0.060235888,2046.2465
375316653866487564,5519297545345629440,0.55698055,2228.512999720307,2.8532764158823087,2.1234064E-5,19.208767,0.021869892,0.27400422,0.0049541476,0.0845908,0.007888019,0.36413336,0.019749533,0.7560781,0.008455598,0.086203404,0.011109755,0.4004559,0.023872048,null,null,null,null,"TWOGAUSSIANS",8,2.3614373,0.7560781,0.008455598,0.4,0.0,0.39276,0.018005561,0.27400422,0.0049541476,0.4,0.0,0.35643753,0.013903178
375316653866487564,5519302394374712064,0.612721,2210.190238832066,2.3235832124229816,7.820574E-6,17.775843,0.0040794774,0.29424614,0.0023308047,0.056001604,0.004920834,0.19043176,0.0085472055,0.8036018,0.0027157166,0.033037055,0.0046858215,0.09537275,0.007998351,0.085972786,0.0042150775,0.29424614,0.0023308047,"TWOGAUSSIANS_WITH_ELLIPSOIDAL_ON_ECLIPSE1",9,2.5365994,0.29424614,0.0023308047,0.31360897,0.027556673,0.36236823,0.005522189,0.8036018,0.0027157166,0.18500751,0.026240602,0.26671576,0.004373882
375316653866487564,5519303081569459072,0.6075794,2242.043646124823,2.087399981428059,4.860646E-6,15.61776,0.021263966,0.18229133,0.0016691925,0.1025146,0.0062012803,0.30771157,0.020232802,0.6872975,0.0036955015,0.11457077,0.011668012,0.23862734,0.019694416,null,null,null,null,"TWOGAUSSIANS",8,15.133111,0.18228133,0.0016750788,0.4,0.0,0.27198115,0.0059794923,0.6872975,0.0036955015,0.4,0.0,0.20286572,0.0053672357
375316653866487564,5519304486018707456,0.47606534,2215.9946564008883,0.7924867641026765,4.112124E-6,18.87141,0.004593325,0.18824954,0.018208893,0.011510395,0.0061542327,0.19725236,0.2825783,0.6940542,9.4888173E-4,0.017791294,0.0017577965,0.25788352,0.036311936,null,null,null,null,"TWOGAUSSIANS",8,3.051703,0.6940542,9.4888173E-4,0.09963124,0.0098436605,0.25788352,0.036311936,0.18824954,0.018208893,0.064458214,0.034463704,0.19725236,0.2825783
375316653866487564,5519304795256369280,0.5788668,2212.9388090850293,2.7592742829144514,5.2068676E-6,17.926504,0.008436435,0.31597745,0.0017367081,0.09260696,0.0030947987,0.33606005,0.009546621,0.826116,0.0018114178,0.09077576,0.0038032895,0.3072767,0.012381362,null,null,null,null,"TWOGAUSSIANS",8,3.0168157,0.31597745,0.0017367081,0.4,0.0,0.32264024,0.008246344,0.826116,0.0018114178,0.4,0.0,0.29385707,0.012270215
375316653866487564,5519305418031663104,0.4157411,2231.2533250602223,1.278584956004098,5.7517587E-5,14.922452,0.0017070386,0.7286955,0.01264275,0.025012521,0.016971717,0.44221947,16.541975,null,null,null,null,null,null,null,null,null,null,"ONEGAUSSIAN",5,780.60657,0.7286955,0.01264275,0.14007013,0.09504161,0.44221947,0.0,null,null,null,null,null,null
375316653866487564,5519307067299075840,0.49175414,2226.7872197368833,1.8422627980830601,2.934752E-5,19.796434,0.025109248,0.17084087,0.009620396,0.08829563,0.016053382,0.3638294,0.04528218,0.6626635,0.011034599,0.09285649,0.014343807,0.26350045,0.028076667,null,null,null,null,"TWOGAUSSIANS",8,1.7256806,0.17084087,0.009620396,0.4,0.0,0.35180524,0.04898652,0.6626635,0.011034599,0.4,0.0,0.25147608,0.019446302
375316653866487564,5519309575559720960,0.47786814,2250.4531902072736,2.442996283672764,2.579186E-5,18.317034,0.06515049,0.281528,0.008323657,0.09699057,0.02392798,0.22288606,0.060803354,0.79787177,0.0067506763,0.118542,0.029991629,0.23701525,0.059301917,null,null,null,null,"TWOGAUSSIANS",8,9.929553,0.79787177,0.0067544556,0.4,0.0,0.21100582,0.021094795,0.281468,0.008359207,0.4,0.0,0.19695115,0.022333793
375316653866487564,5519311671503928448,0.53898174,2240.8525826684377,2.8689921046508062,1.617475E-5,19.696596,0.008082664,0.18719402,0.01127977,0.06564109,0.009913668,0.38972548,0.07133538,0.6854748,0.008083659,0.048091985,0.008902742,0.47892022,0.012507235,null,null,null,null,"TWOGAUSSIANS",8,1.8638599,0.6854748,0.008083659,0.26931512,0.049855355,0.47887033,0.012499819,0.18719402,0.01127977,0.3675901,0.05551654,0.3896756,0.07137319
375316653866487564,5519311808942855040,0.5558865,2281.7367453024426,0.024425866400622442,1.0931823E-5,14.844062,0.23704131,0.18958803,0.0024864418,0.12023949,0.02114914,0.28771144,0.16055667,0.6827263,0.0031201344,0.16775149,0.073302366,0.24421504,0.2358706,null,null,null,null,"TWOGAUSSIANS",8,24.405054,0.19019802,0.0017470185,0.4,0.0,0.18533334,0.008492029,0.6827263,0.0031201344,0.4,0.0,0.13614948,0.004241789
375316653866487564,5519312015101266688,0.5135374,2250.4421866599346,2.728308540814073,1.8544693E-5,17.316458,0.025097083,0.26220647,0.005730174,0.08976879,0.011466457,0.20890436,0.025377596,0.7643522,0.0054932493,0.097297944,0.013058673,0.18713167,0.023718782,null,null,null,null,"TWOGAUSSIANS",8,11.929275,0.26220647,0.005730174,0.4,0.0,0.19816959,0.014885354,0.7643522,0.0054932493,0.4,0.0,0.1763963,0.011103921
375316653866487564,5519312289979141504,0.5474047,2252.383897792692,2.658240214572337,1.861326E-5,17.523077,0.010813981,0.26160306,0.0046853335,0.08999775,0.0069125607,0.30889258,0.020919316,0.7605854,0.005310218,0.082808726,0.008372346,0.3084303,0.015462068,null,null,null,null,"TWOGAUSSIANS",8,15.823291,0.26160306,0.0046853335,0.4,0.0,0.29967162,0.022426615,0.7605854,0.005310218,0.4,0.0,0.2992095,0.016059263
375316653866487564,5519313934947029248,0.51452285,2252.627100052309,2.246100708163666,1.7692046E-5,18.825113,0.012683565,0.18807791,0.006732864,0.081700064,0.008090562,0.2584158,0.016099557,0.69236034,0.0047565773,0.07806079,0.0072767646,0.29124793,0.023124542,null,null,null,null,"TWOGAUSSIANS",8,4.0562925,0.69236034,0.0047565773,0.4,0.0,0.28749007,0.02328825,0.18807791,0.006732864,0.4,0.0,0.25465792,0.014932831
375316653866487564,5519315244916685696,0.529817,2268.916288550894,3.075495545316209,1.5484582E-5,16.16016,0.024822231,0.29939768,0.0036175598,0.11588625,0.012122851,0.23264,0.02334487,0.81566936,0.002302921,0.09083877,0.008110087,0.23834659,0.024077028,null,null,null,null,"TWOGAUSSIANS",8,37.6021,0.81569934,0.0023321197,0.4,0.0,0.21778566,0.011770687,0.29939768,0.0036175598,0.4,0.0,0.21202955,0.011486697
375316653866487564,5519316305768544128,0.55272466,2241.742905167781,0.5961428804508133,5.067067E-5,18.310469,0.0036414245,0.31896374,0.006594789,0.019201092,0.0076429234,0.35436568,0.54276615,0.74682635,0.014910326,0.026252924,0.008740539,0.25143787,0.024745844,null,null,null,null,"TWOGAUSSIANS",8,2.4776683,0.31896374,0.006594789,0.107526116,0.04280037,0.35436568,0.54276615,0.74682635,0.014910326,0.14701638,0.048947018,0.25143787,0.024745844
375316653866487564,5519318990118359424,0.44817144,2221.032469349106,3.808168974519125,2.122559E-5,19.01141,0.06399033,0.24067141,0.012017367,0.11019113,0.07307896,0.12320848,0.048975028,0.7424697,0.004992311,0.084135115,0.016895635,0.20672554,0.061909534,null,null,null,null,"TWOGAUSSIANS",8,4.06966,0.7424697,0.004977583,0.4,0.0,0.19598363,0.022892553,0.24067141,0.012017367,0.4,0.0,0.11245823,0.023285314
375316653866487564,5519320020920388864,0.5149652,2238.463531995929,1.1994393347909542,1.9453457E-5,16.348982,0.0039540883,0.24224228,0.0063613155,0.041758515,0.0049313884,0.13506846,0.022358589,0.73572963,0.005008997,0.031734046,0.0034287644,0.23700221,0.017382257,null,null,null,null,"TWOGAUSSIANS",8,29.343897,0.73572963,0.005008997,0.17771065,0.01920108,0.23700221,0.017382257,0.24224228,0.0063613155,0.23384768,0.027615774,0.13506846,0.022358589
375316653866487564,5519320428938048896,0.5041015,2208.539340674008,2.8534007155882115,1.31362285E-5,19.300547,0.056260157,0.2699225,0.0071013398,0.12811752,0.031621363,0.22727315,0.04786875,0.7709497,0.0035018483,0.106807135,0.01593578,0.24130645,0.054090723,null,null,null,null,"TWOGAUSSIANS",8,1.1294073,0.77095973,0.003520369,0.4,0.0,0.19377185,0.007852219,0.2699225,0.007103555,0.4,0.0,0.17952287,0.02008501
375316653866487564,5519321665888671872,0.5236969,2184.0882328351613,2.9657058258872113,1.2478067E-5,18.662195,0.04443444,0.24369705,0.01683812,0.091918446,0.031166965,0.27179274,0.034072913,0.7180693,0.0032507493,0.087374516,0.012898004,0.46677673,0.027142204,null,null,null,null,"TWOGAUSSIANS",8,7.8082523,0.7180693,0.0032507493,0.4,0.0,0.45720917,0.019443939,0.24369705,0.01683812,0.4,0.0,0.26222485,0.025496347
375316653866487564,5519322700979683072,0.5558414,2196.7239468888,0.6716953688980236,6.3550974E-6,17.317787,0.0058027385,0.28562927,0.0015057768,0.04361007,0.00323296,0.2204996,0.01690849,0.7496113,0.03520907,0.045084998,0.01886719,0.021690419,0.018905865,0.014829042,0.008354388,0.28562927,0.0015057768,"TWOGAUSSIANS_WITH_ELLIPSOIDAL_ON_ECLIPSE1",9,5.7301903,0.28562927,0.0015057768,0.2442164,0.018104576,0.25015748,0.0149401175,0.7560213,0.031215696,0.25247598,0.105656266,0.05011555,0.008791019
375316653866487564,5519323280796020608,0.5644506,2215.737950437677,0.9252071350343359,1.4758788E-5,18.147795,0.0016805019,0.3748679,0.0010245205,0.010644496,0.0025443842,0.64151347,0.8455316,0.8208426,0.0066473167,0.019063244,0.0042181034,0.3311042,0.19728328,null,null,null,null,"TWOGAUSSIANS",8,2.1045773,0.3748679,0.0010245205,0.05960918,0.014248551,0.64151347,0.8455316,0.8208426,0.0066473167,0.10675416,0.023621378,0.3311042,0.19728328
375316653866487564,5519324277228807168,0.5249258,2244.897097935541,0.11155044419329972,4.5448694E-5,17.832708,0.009801724,0.40421683,0.01338696,0.024132028,0.023157569,0.09746583,10522.6045,0.67386734,0.027693395,0.039111026,0.020439174,0.8192584,0.74081236,0.038224507,0.014543982,0.40421683,0.01338696,"TWOGAUSSIANS_WITH_ELLIPSOIDAL_ON_ECLIPSE1",9,16.683859,0.67408735,0.032111254,0.21902174,0.11445937,0.8204309,0.7387044,0.40421683,0.01338696,0.13513936,0.12968239,0.17391483,10522.605
