Gaia/vari_eclipsing_binary/VariEclipsingBinary_666867-666910.csv
# %ECSV 1.0
# ---
# delimiter: ','
# meta: !!omap
# - RELEASE: Gaia DR3
# - TABLE: vari_eclipsing_binary
# - DESCRIPTION: >
#     This table describes the properties of the eclipsing binaries resulting from the variability analysis. 
# - CITATION: >
#     How to cite and acknowledge Gaia: 
#     https://gea.esac.esa.int/archive/documentation/credits.html 
# - KNOWN_ISSUES: >
#     Known issues: 
#     https://www.cosmos.esa.int/web/gaia-users/known-issues 
# - DOCUMENTATION: >
#     Tutorials and documentation: 
#     https://www.cosmos.esa.int/web/gaia-users/archive 
# datatype:
# - 
#   name: solution_id
#   datatype: int64
#   description: Solution Identifier
#   meta:
#     ucd: meta.version
# - 
#   name: source_id
#   datatype: int64
#   description: Unique source identifier
#   meta:
#     ucd: meta.id;meta.main
# - 
#   name: global_ranking
#   datatype: float32
#   description: Number between 0 (worst) and 1 (best)
#   meta:
#     ucd: stat.param
# - 
#   name: reference_time
#   datatype: float64
#   unit: d
#   description: Reference time used for the geometric model fit
#   meta:
#     ucd: time.epoch
# - 
#   name: frequency
#   datatype: float64
#   unit: d**-1
#   description: Frequency of geometric model of the eclipsing binary light curve
#   meta:
#     ucd: src.orbital
# - 
#   name: frequency_error
#   datatype: float32
#   unit: d**-1
#   description: "Uncertainty of \\texttt{frequency}"
#   meta:
#     ucd: stat.error
# - 
#   name: geom_model_reference_level
#   datatype: float32
#   unit: mag
#   description: Magnitude reference level of geometric model
#   meta:
#     ucd: phot.mag;em.opt
# - 
#   name: geom_model_reference_level_error
#   datatype: float32
#   unit: mag
#   description: "Uncertainty of \\texttt{geomModelReferenceLevel}"
#   meta:
#     ucd: stat.error;phot.mag;em.opt
# - 
#   name: geom_model_gaussian1_phase
#   datatype: float32
#   description: Phase of the Gaussian 1 component
#   meta:
#     ucd: time.phase
# - 
#   name: geom_model_gaussian1_phase_error
#   datatype: float32
#   description: "Uncertainty of \\texttt{geomModelGaussian1Phase}"
#   meta:
#     ucd: stat.error;time.phase
# - 
#   name: geom_model_gaussian1_sigma
#   datatype: float32
#   description: "Standard deviation [phase] of Gaussian 1 component"
#   meta:
#     ucd: stat.stdev
# - 
#   name: geom_model_gaussian1_sigma_error
#   datatype: float32
#   description: "Uncertainty of \\texttt{geomModelGaussian1Sigma}"
#   meta:
#     ucd: stat.error
# - 
#   name: geom_model_gaussian1_depth
#   datatype: float32
#   unit: mag
#   description: Magnitude depth of Gaussian 1 component
#   meta:
#     ucd: src.var.amplitude
# - 
#   name: geom_model_gaussian1_depth_error
#   datatype: float32
#   unit: mag
#   description: "Uncertainty of \\texttt{geomModelGaussian1Depth}"
#   meta:
#     ucd: stat.error;src.var.amplitude
# - 
#   name: geom_model_gaussian2_phase
#   datatype: float32
#   description: Phase of Gaussian 2 component
#   meta:
#     ucd: time.phase
# - 
#   name: geom_model_gaussian2_phase_error
#   datatype: float32
#   description: "Uncertainty of \\texttt{geomModelGaussian2Phase}"
#   meta:
#     ucd: stat.error;time.phase
# - 
#   name: geom_model_gaussian2_sigma
#   datatype: float32
[...]
#   datatype: float32
#   description: "Secondary eclipse: uncertainty of \\texttt{derivedSecondaryEclDuration}"
#   meta:
#     ucd: stat.error;time.duration
# - 
#   name: derived_secondary_ecl_depth
#   datatype: float32
#   unit: mag
#   description: "Secondary eclipse: depth"
#   meta:
#     ucd: src.var.amplitude
# - 
#   name: derived_secondary_ecl_depth_error
#   datatype: float32
#   unit: mag
#   description: "Secondary eclipse: uncertainty of \\texttt{derivedSecondaryEclDepth}"
#   meta:
#     ucd: stat.error;src.var.amplitude
solution_id,source_id,global_ranking,reference_time,frequency,frequency_error,geom_model_reference_level,geom_model_reference_level_error,geom_model_gaussian1_phase,geom_model_gaussian1_phase_error,geom_model_gaussian1_sigma,geom_model_gaussian1_sigma_error,geom_model_gaussian1_depth,geom_model_gaussian1_depth_error,geom_model_gaussian2_phase,geom_model_gaussian2_phase_error,geom_model_gaussian2_sigma,geom_model_gaussian2_sigma_error,geom_model_gaussian2_depth,geom_model_gaussian2_depth_error,geom_model_cosine_half_period_amplitude,geom_model_cosine_half_period_amplitude_error,geom_model_cosine_half_period_phase,geom_model_cosine_half_period_phase_error,model_type,num_model_parameters,reduced_chi2,derived_primary_ecl_phase,derived_primary_ecl_phase_error,derived_primary_ecl_duration,derived_primary_ecl_duration_error,derived_primary_ecl_depth,derived_primary_ecl_depth_error,derived_secondary_ecl_phase,derived_secondary_ecl_phase_error,derived_secondary_ecl_duration,derived_secondary_ecl_duration_error,derived_secondary_ecl_depth,derived_secondary_ecl_depth_error
[from data line 489]
375316653866487564,5866029263054849664,0.44036067,2257.5932958054814,3.767906254171397,1.5868785E-5,19.378733,0.018919617,0.25204632,0.004981532,0.075982034,0.007689671,0.3836036,0.023669215,0.76086444,0.011692731,0.07145743,0.015277816,0.28436837,0.027619965,null,null,null,null,"TWOGAUSSIANS",8,10.692141,0.25204632,0.004981532,0.4,0.0,0.38188416,0.023733458,0.76086444,0.011692731,0.4,0.035764612,0.28264892,0.028233826
375316653866487564,5866029499246364032,0.4859887,2257.7985392799005,1.419469590492132,2.0839867E-5,17.996508,0.0034349835,0.15414757,0.009098821,0.03319317,0.009413497,0.27794608,0.030194962,0.64527893,0.01197082,0.044036392,0.012311969,0.0567833,0.009358423,null,null,null,null,"TWOGAUSSIANS",8,9.440144,0.15414757,0.009098821,0.18588176,0.05271558,0.27794608,0.030194964,0.64527893,0.01197082,0.2466038,0.068947025,0.0567833,0.009358424
375316653866487564,5866029744091229056,0.5581568,2274.4336434592506,0.3681147853125573,4.147887E-6,16.048885,0.0016307844,0.20101896,0.035863243,0.021578228,0.048936497,0.13936521,0.1272144,0.7019334,0.0016089726,0.025631951,0.0017716028,0.19060133,0.014337442,null,null,null,null,"TWOGAUSSIANS",8,7.3530316,0.7019334,0.0016089726,0.14353892,0.009920975,0.19060133,0.014337441,0.20101896,0.035863243,0.12083808,0.2740444,0.13936521,0.12721442
375316653866487564,5866030293846873984,0.46374723,2276.6915007400107,2.4440725023048797,1.8960483E-5,17.220068,0.0207214,0.26698935,0.007601102,0.10577427,0.02006104,0.1001002,0.019736245,0.75361496,0.0038634178,0.11117985,0.023876302,0.12038849,0.013627446,null,null,null,null,"TWOGAUSSIANS",8,8.61839,0.75361496,0.0038634178,0.4,0.0,0.10701549,0.012856631,0.26700935,0.007577781,0.4,0.0,0.08673505,0.007027793
375316653866487564,5866030396909928192,0.408677,2299.5104286038986,2.2112718567859266,7.417508E-6,18.17862,0.008106371,0.32551047,0.0058957366,0.016022408,0.0031338367,0.59790623,0.4389602,0.7253743,0.011310863,0.028878093,0.007843935,0.3170833,0.062537916,null,null,null,null,"TWOGAUSSIANS",8,8.159558,0.32551047,0.0058957366,0.08972549,0.017549485,0.59790623,0.4389602,0.7253743,0.011310863,0.16171733,0.043926034,0.3170833,0.062537916
375316653866487564,5866030701837868288,0.5304575,2249.0182540670835,0.6688155548416593,4.5852335E-6,19.790985,0.008130564,0.23463576,0.0015143115,0.04651491,0.0021074803,0.6848453,0.03687792,0.7340966,0.006171885,0.05937007,0.0055522923,0.21664372,0.015218218,null,null,null,null,"TWOGAUSSIANS",8,2.0584033,0.23463576,0.0015143115,0.2604835,0.01180189,0.6848354,0.036880523,0.7340966,0.006171885,0.33247238,0.031092837,0.21663381,0.01521878
375316653866487564,5866030946681778944,0.5711922,2257.931211343053,0.20018541265816947,7.955777E-6,13.763894,0.0012354552,0.258719,0.065316446,0.01864397,0.07233222,0.09819121,15.226146,0.7522826,0.0011796511,0.013132549,9.5469435E-4,0.23538041,0.014979624,0.0017298443,0.0011382465,0.258719,0.065316446,"TWOGAUSSIANS_WITH_ELLIPSOIDAL_ON_ECLIPSE1",9,41.556587,0.7522826,0.0011798093,0.073542275,0.0053462884,0.23883444,0.01549858,0.258719,0.065316446,0.10440623,0.30311477,0.101650886,15.226404
375316653866487564,5866031152823358720,0.5390211,2265.160744409565,3.6071455782303383,6.022571E-6,19.12596,0.0075997845,0.29197562,0.0024018015,0.06905483,0.0027439084,0.44026834,0.012386904,0.7942358,0.0019641912,0.07260479,0.003974557,0.5561174,0.037388645,null,null,null,null,"TWOGAUSSIANS",8,3.3642976,0.7942358,0.0019641912,0.4,0.010868921,0.5542692,0.03790219,0.29197562,0.0024018015,0.38670704,0.015365887,0.43842012,0.01222845
375316653866487564,5866031152840218624,0.44956562,2256.8828389125374,1.034141672840533,5.4879874E-5,14.917581,0.0018999627,0.2211623,0.029845014,0.07822001,0.02086598,0.014980757,0.003367746,0.6623032,0.008239368,0.017252387,0.0058388943,0.13078973,0.035359748,null,null,null,null,"TWOGAUSSIANS",8,29.021164,0.6623032,0.008239368,0.09661337,0.032697808,0.13078973,0.03535974,0.2211623,0.029845014,0.4,0.016023662,0.014980756,0.0033677472
375316653866487564,5866031633876633984,0.64724153,2250.5795392867617,1.4438429563429083,1.9886427E-6,13.934762,0.0031972467,0.28862402,0.0011528486,0.052208517,0.0029606377,0.113802195,0.0060499855,0.78314286,6.380859E-4,0.06333622,0.002958782,0.090897776,0.0067054345,0.077369936,0.0037519003,0.78314286,6.380859E-4,"TWOGAUSSIANS_WITH_ELLIPSOIDAL_ON_ECLIPSE2",9,27.475613,0.287384,8.6291047E-4,0.2923677,0.01657957,0.26836148,0.0022988615,0.78314286,6.380859E-4,0.35468283,0.01656918,0.245599,0.0023131443
375316653866487564,5866031668236374400,0.4071829,2320.29304762014,0.13746734912030473,2.9212604E-5,16.237692,0.009004569,0.036285266,0.0034801697,0.011905381,0.004259343,0.119097255,0.03600065,0.4136515,0.013042095,0.055767737,0.0086259,0.39966148,0.14417903,null,null,null,null,"TWOGAUSSIANS",8,26.35971,0.4136515,0.013042095,0.31229934,0.048305042,0.39966148,0.14417903,0.036285266,0.0034801697,0.066670135,0.023852319,0.119097255,0.03600065
375316653866487564,5866032076219093504,0.52608377,2269.254654244119,2.839591749837218,7.366728E-6,17.276672,0.28231156,0.2588616,0.006975004,0.121459484,0.041854713,0.18328008,0.24449308,0.74400234,0.0032271594,0.13653426,0.063850015,0.19698514,0.2739021,null,null,null,null,"TWOGAUSSIANS",8,4.8254004,0.74400234,0.0032271594,0.4,0.0,0.14517237,0.0046576844,0.2592616,0.0048058517,0.4,0.0,0.13190046,0.0061153453
375316653866487564,5866032900855709952,0.4758647,2304.036031178893,3.0346842486034333,1.4898249E-5,18.627687,0.07162348,0.25233784,0.0070083756,0.11879318,0.030046247,0.19576526,0.06752209,0.76655287,0.0056050387,0.121907145,0.031726703,0.18071558,0.06871795,null,null,null,null,"TWOGAUSSIANS",8,3.589317,0.25224784,0.006983545,0.4,0.0,0.15748945,0.01311673,0.76663285,0.0054254783,0.4,0.0,0.14241308,0.009559495
375316653866487564,5866033553689719936,0.5278552,2290.5136800285063,3.1646342577234274,5.3859135E-6,18.797121,0.008168312,0.23589663,0.003279637,0.07552811,0.003853825,0.39522025,0.013084599,0.73907584,0.002191297,0.073706605,0.004171273,0.31703436,0.013352733,null,null,null,null,"TWOGAUSSIANS",8,3.6968,0.23589663,0.003279637,0.4,0.0,0.39281157,0.012909924,0.73907584,0.002191297,0.4,0.0,0.31462568,0.013531558
375316653866487564,5866033592381813888,0.5584939,2247.56384103562,2.3958061528296026,5.5760493E-6,16.118277,0.012701388,0.17305109,0.002687123,0.10391384,0.008050388,0.19694203,0.011429879,0.67319334,0.002166996,0.109479696,0.0067331186,0.19196144,0.012011869,null,null,null,null,"TWOGAUSSIANS",8,12.783757,0.17305109,0.002687123,0.4,0.0,0.17202927,0.004334602,0.67319334,0.002166996,0.4,0.0,0.16704102,0.004945937
375316653866487564,5866033661101401600,0.62463254,2257.146069920948,0.6100193059488362,1.927247E-6,14.3112955,3.4901485E-4,0.58608603,5.1237416E-4,0.026184572,6.9243857E-4,0.25299853,0.0049791797,null,null,null,null,null,null,null,null,null,null,"ONEGAUSSIAN",5,7.3957477,0.58608603,5.1237416E-4,0.1466336,0.0038776558,0.25299853,0.0,null,null,null,null,null,null
375316653866487564,5866034382655905536,0.5727182,2265.7413775329355,0.781050884693888,4.627129E-6,15.045315,0.007589621,0.24173594,0.001784683,0.11680881,0.007891498,0.09282371,0.007219605,0.7380954,0.0018538143,0.10708384,0.0065817432,0.13815859,0.0060554105,null,null,null,null,"TWOGAUSSIANS",8,8.651983,0.7380954,0.0018538143,0.4,0.0,0.12043723,0.002800682,0.24173594,0.0018058637,0.4,0.0,0.07508784,0.0016725658
375316653866487564,5866034485735020288,0.54534364,2276.2197974287214,0.8151304325157178,3.9541555E-6,17.523382,0.008777293,0.23544599,0.0017132042,0.055634376,0.0024435278,0.35753956,0.010673577,0.72822756,0.0017753288,0.057686012,0.0026389812,0.5141732,0.009807534,null,null,null,null,"TWOGAUSSIANS",8,28.555708,0.72822756,0.0017753288,0.32304165,0.0147782955,0.5141348,0.009797622,0.23544599,0.0017132042,0.31155252,0.013683756,0.35750118,0.010662146
375316653866487564,5866034653208347520,0.54629326,2261.364345530791,2.9558072771391246,4.5510183E-6,18.33324,0.016623221,0.24162571,0.0018864921,0.057831746,0.012251762,0.23804475,0.02754759,0.73621917,0.00406268,0.04935455,0.009804202,0.15106687,0.035646155,0.09290777,0.022231093,0.24162571,0.0018864921,"TWOGAUSSIANS_WITH_ELLIPSOIDAL_ON_ECLIPSE1",9,5.676141,0.24162571,0.0018864921,0.32385778,0.06860987,0.42383844,0.042558927,0.7372492,0.0031004152,0.2763855,0.054903533,0.33668718,0.012144393
375316653866487564,5866034726253192576,0.44124907,2230.0008770484546,0.19290252611110675,4.3016764E-5,18.368328,0.002543622,0.50631595,0.01717708,0.013789287,0.0074928715,0.20048477,0.03770045,0.6593908,0.051159695,0.021617105,0.030505566,1.0651556,4.654826,null,null,null,null,"TWOGAUSSIANS",8,2.4006777,0.6593908,0.051159695,0.12105579,0.17083117,1.0651556,4.654826,0.50631595,0.017177137,0.07722001,0.04196008,0.20048477,0.037723985
375316653866487564,5866034962439137280,0.5186281,2277.6736522039696,0.43601587232267247,2.2886195E-5,17.877674,0.0026160344,0.19351102,0.0038702108,0.021686956,0.0028405904,0.23541574,0.012220195,0.6957716,0.0019905432,0.022336472,0.0014907534,0.12717256,0.0049464665,null,null,null,null,"TWOGAUSSIANS",8,4.2773557,0.19351102,0.0038702108,0.12144696,0.015907306,0.23541574,0.012220195,0.6957716,0.0019905432,0.12508424,0.008348219,0.12717256,0.0049464665
375316653866487564,5866035031158598528,0.60081774,2269.7343512897023,2.607781109525131,3.5880448E-6,17.483347,0.010743369,0.24144694,0.0014478421,0.05450691,0.003947581,0.33353406,0.023059811,0.7456484,0.0014169218,0.050489336,0.00326648,0.30198514,0.023490978,0.10010932,0.013239723,0.24144694,0.0014478421,"TWOGAUSSIANS_WITH_ELLIPSOIDAL_ON_ECLIPSE1",9,8.994159,0.24144694,0.0014478421,0.3052387,0.022106454,0.5337427,0.01497566,0.7456484,0.0014169218,0.2827403,0.01829229,0.50205433,0.013461057
375316653866487564,5866035276009504640,0.4489596,2249.2796436386616,1.5459505831884888,3.4456357E-6,15.884771,0.0030818346,0.4076757,9.7302615E-4,0.057000928,0.0013452842,0.2238701,0.007326779,null,null,null,null,null,null,0.004120607,0.0054096775,0.4076757,9.7302615E-4,"ONEGAUSSIAN_WITH_ELLIPSOIDAL",6,253.64288,0.4076757,9.7302615E-4,0.3192052,0.0075335912,0.23209731,0.006191081,null,null,null,null,null,null
375316653866487564,5866035413433190144,0.5382908,2230.599856760549,1.3198642145688957,7.418368E-6,18.275013,0.0049814745,0.115758054,0.0027977878,0.043645818,0.0033196153,0.287969,0.020564467,0.6115578,0.0031871293,0.03840954,0.00274701,0.14744717,0.013016296,0.048261616,0.007110868,0.115758054,0.0027977878,"TWOGAUSSIANS_WITH_ELLIPSOIDAL_ON_ECLIPSE1",9,4.235394,0.115758054,0.0027977878,0.24441658,0.018589847,0.38449216,0.018053839,0.6118578,0.0029291392,0.2150934,0.015383256,0.24390788,0.006677208
375316653866487564,5866036135003033216,0.6232866,2249.102338367561,0.18559706579047705,1.0979052E-6,14.930239,6.595328E-4,0.11304536,3.9522137E-4,0.014821713,4.354064E-4,0.24697036,0.0032114298,0.62621677,0.004489315,0.016114581,0.0037716692,0.18944837,0.044745244,0.0035787935,8.6337666E-4,0.11304536,3.9522137E-4,"TWOGAUSSIANS_WITH_ELLIPSOIDAL_ON_ECLIPSE1",9,11.310548,0.11304536,3.9522137E-4,0.08300159,0.0024382758,0.25412792,0.0030661141,0.62621677,0.004489315,0.090241656,0.021121347,0.19655703,0.045110535
375316653866487564,5866036135003038080,0.55865717,2234.96991940433,0.4903243691009098,5.2660716E-6,12.537145,0.011090252,0.23418826,0.0019987286,0.12583922,0.013384319,0.065419905,0.010665746,0.7291898,0.0018245876,0.12485404,0.013694857,0.065789565,0.010606427,null,null,null,null,"TWOGAUSSIANS",8,18.445364,0.7291898,0.0018245876,0.4,0.0,0.04858825,8.68514E-4,0.23423827,0.0019864936,0.4,0.0,0.048213053,9.664052E-4
375316653866487564,5866036439904432256,0.5776727,2248.476591191196,0.6060504051191066,9.857467E-6,12.53374,4.235859E-4,0.2502315,0.006650916,0.01759582,0.0040057176,0.12332962,0.006564562,0.74869365,0.0022685847,0.016768027,0.0022403225,0.13063651,0.049937785,0.0042634504,6.8878406E-4,0.2502315,0.006650916,"TWOGAUSSIANS_WITH_ELLIPSOIDAL_ON_ECLIPSE1",9,25.742405,0.74869365,0.0022685847,0.09390095,0.012545805,0.1391626,0.050097648,0.2502315,0.006650916,0.098536596,0.022432018,0.1318565,0.0067460886
375316653866487564,5866036714785691776,0.552215,2281.2944836380857,0.5486492045420406,4.3609593E-6,18.54639,0.0020530834,0.24179225,0.001678282,0.021046294,0.0018616666,0.334183,0.011871906,0.6506809,0.011694407,0.032435805,0.008916635,0.024916714,0.005738928,null,null,null,null,"TWOGAUSSIANS",8,1.8191663,0.24179225,0.001678282,0.117859244,0.010425333,0.334183,0.011871906,0.6506809,0.011694407,0.1816405,0.049933158,0.024916714,0.005738928
375316653866487564,5866037333259434624,0.5901792,2283.4416060690087,0.4552707506231181,6.123416E-6,16.604416,0.0013216352,0.6617678,0.06548482,0.03867238,0.04252247,0.003836896,0.009978641,0.83646697,0.0016991243,0.022188185,0.0018676934,0.47969234,0.031376246,null,null,null,null,"TWOGAUSSIANS",8,6.5334334,0.83646697,0.0016991243,0.12425384,0.010459083,0.47969246,0.031376224,0.6617678,0.06548482,0.21656533,0.23812585,0.003836896,0.009978641
375316653866487564,5866037367617362048,0.51434016,2249.46960290136,0.6227008431305775,9.1942375E-6,12.476168,9.039784E-4,0.1372229,0.008617952,0.01807559,0.0058248225,0.03108069,0.014288404,0.6406789,0.0031542908,0.019157654,0.002404475,0.08376708,0.004128714,0.00217525,0.0012612401,0.1372229,0.008617952,"TWOGAUSSIANS_WITH_ELLIPSOIDAL_ON_ECLIPSE1",9,58.730927,0.6406789,0.0031542403,0.10728286,0.013465059,0.08811552,0.0036862073,0.1372229,0.008617952,0.1012233,0.032619007,0.035431184,0.014180627
375316653866487564,5866037642498725760,0.57079154,2260.852064550067,0.3900019236599714,3.3185333E-6,18.134712,0.0016311036,0.16126625,3.7498868E-4,0.012874343,4.0082485E-4,0.48717946,0.02338515,0.65729165,0.0074493247,0.017469848,0.0035699694,0.19645263,0.06376432,null,null,null,null,"TWOGAUSSIANS",8,2.4179785,0.16126625,3.7498868E-4,0.072096325,0.0022446192,0.48717946,0.02338515,0.65729165,0.0074493247,0.097831145,0.01999183,0.19645263,0.06376432
375316653866487564,5866037852989760256,0.60369027,2257.2128282397107,0.36795695700611114,7.717334E-6,17.197565,0.00134196,0.64211565,0.015154842,0.015930578,0.006736077,0.010102188,0.015525414,0.8158319,9.387587E-4,0.02179157,8.183387E-4,0.48319077,0.008125732,0.002218925,0.0020140025,0.8158319,9.387587E-4,"TWOGAUSSIANS_WITH_ELLIPSOIDAL_ON_ECLIPSE2",9,4.226329,0.8158319,9.387587E-4,0.12203279,0.004582697,0.4876286,0.008076183,0.64269567,0.015570985,0.08921124,0.03772203,0.011052555,0.01557792
375316653866487564,5866038054815619200,0.5554504,2297.0238175828576,0.08935847202314902,4.159072E-6,18.74401,0.0024110314,0.18736169,8.748071E-4,0.012504092,0.001123835,0.51658773,0.056303736,0.72787654,2.9213235E-4,0.006431704,1.2850892E-4,0.63443685,0.01755077,null,null,null,null,"TWOGAUSSIANS",8,2.6605859,0.72787654,2.9213235E-4,0.03601754,7.1964995E-4,0.63443685,0.01755077,0.18736169,8.748071E-4,0.07002292,0.0062934756,0.51658773,0.056303736
375316653866487564,5866038265311915648,0.48206535,2263.6209505971547,2.5101727756859673,9.879173E-6,17.93074,0.046708524,0.21700218,0.0047511873,0.10040156,0.027612792,0.19720271,0.03794731,0.74323475,0.005460979,0.10145421,0.01944983,0.2813371,0.038692523,null,null,null,null,"TWOGAUSSIANS",8,15.67962,0.74323475,0.005471845,0.4,0.0,0.26561463,0.019650841,0.21699218,0.004784757,0.4,0.0,0.1814827,0.01512814
375316653866487564,5866038711983241984,0.58460814,2258.90951071089,0.9317851867890481,7.3051297E-6,16.520967,0.0025063378,0.21733455,0.002201507,0.04663656,0.00409807,0.057313584,0.005936173,0.71168154,0.0027498477,0.04399159,0.0024603172,0.26672164,0.013295454,0.024288513,0.0032578865,0.21733455,0.002201507,"TWOGAUSSIANS_WITH_ELLIPSOIDAL_ON_ECLIPSE1",9,6.8557835,0.7118315,0.0026644657,0.24635291,0.013777777,0.31523895,0.012760043,0.21733455,0.002201507,0.26116472,0.022949193,0.10589049,0.0028163244
