Gaia/vari_eclipsing_binary/VariEclipsingBinary_662654-662699.csv
# %ECSV 1.0
# ---
# delimiter: ','
# meta: !!omap
# - RELEASE: Gaia DR3
# - TABLE: vari_eclipsing_binary
# - DESCRIPTION: >
#     This table describes the properties of the eclipsing binaries resulting from the variability analysis. 
# - CITATION: >
#     How to cite and acknowledge Gaia: 
#     https://gea.esac.esa.int/archive/documentation/credits.html 
# - KNOWN_ISSUES: >
#     Known issues: 
#     https://www.cosmos.esa.int/web/gaia-users/known-issues 
# - DOCUMENTATION: >
#     Tutorials and documentation: 
#     https://www.cosmos.esa.int/web/gaia-users/archive 
# datatype:
# - 
#   name: solution_id
#   datatype: int64
#   description: Solution Identifier
#   meta:
#     ucd: meta.version
# - 
#   name: source_id
#   datatype: int64
#   description: Unique source identifier
#   meta:
#     ucd: meta.id;meta.main
# - 
#   name: global_ranking
#   datatype: float32
#   description: Number between 0 (worst) and 1 (best)
#   meta:
#     ucd: stat.param
# - 
#   name: reference_time
#   datatype: float64
#   unit: d
#   description: Reference time used for the geometric model fit
#   meta:
#     ucd: time.epoch
# - 
#   name: frequency
#   datatype: float64
#   unit: d**-1
#   description: Frequency of geometric model of the eclipsing binary light curve
#   meta:
#     ucd: src.orbital
# - 
#   name: frequency_error
#   datatype: float32
#   unit: d**-1
#   description: "Uncertainty of \\texttt{frequency}"
#   meta:
#     ucd: stat.error
# - 
#   name: geom_model_reference_level
#   datatype: float32
#   unit: mag
#   description: Magnitude reference level of geometric model
#   meta:
#     ucd: phot.mag;em.opt
# - 
#   name: geom_model_reference_level_error
#   datatype: float32
#   unit: mag
#   description: "Uncertainty of \\texttt{geomModelReferenceLevel}"
#   meta:
#     ucd: stat.error;phot.mag;em.opt
# - 
#   name: geom_model_gaussian1_phase
#   datatype: float32
#   description: Phase of the Gaussian 1 component
#   meta:
#     ucd: time.phase
# - 
#   name: geom_model_gaussian1_phase_error
#   datatype: float32
#   description: "Uncertainty of \\texttt{geomModelGaussian1Phase}"
#   meta:
#     ucd: stat.error;time.phase
# - 
#   name: geom_model_gaussian1_sigma
#   datatype: float32
#   description: "Standard deviation [phase] of Gaussian 1 component"
#   meta:
#     ucd: stat.stdev
# - 
#   name: geom_model_gaussian1_sigma_error
#   datatype: float32
#   description: "Uncertainty of \\texttt{geomModelGaussian1Sigma}"
#   meta:
#     ucd: stat.error
# - 
#   name: geom_model_gaussian1_depth
#   datatype: float32
#   unit: mag
#   description: Magnitude depth of Gaussian 1 component
#   meta:
#     ucd: src.var.amplitude
# - 
#   name: geom_model_gaussian1_depth_error
#   datatype: float32
#   unit: mag
#   description: "Uncertainty of \\texttt{geomModelGaussian1Depth}"
#   meta:
#     ucd: stat.error;src.var.amplitude
# - 
#   name: geom_model_gaussian2_phase
#   datatype: float32
#   description: Phase of Gaussian 2 component
#   meta:
#     ucd: time.phase
# - 
#   name: geom_model_gaussian2_phase_error
#   datatype: float32
#   description: "Uncertainty of \\texttt{geomModelGaussian2Phase}"
#   meta:
#     ucd: stat.error;time.phase
# - 
#   name: geom_model_gaussian2_sigma
#   datatype: float32
[...]
#   datatype: float32
#   description: "Secondary eclipse: uncertainty of \\texttt{derivedSecondaryEclDuration}"
#   meta:
#     ucd: stat.error;time.duration
# - 
#   name: derived_secondary_ecl_depth
#   datatype: float32
#   unit: mag
#   description: "Secondary eclipse: depth"
#   meta:
#     ucd: src.var.amplitude
# - 
#   name: derived_secondary_ecl_depth_error
#   datatype: float32
#   unit: mag
#   description: "Secondary eclipse: uncertainty of \\texttt{derivedSecondaryEclDepth}"
#   meta:
#     ucd: stat.error;src.var.amplitude
solution_id,source_id,global_ranking,reference_time,frequency,frequency_error,geom_model_reference_level,geom_model_reference_level_error,geom_model_gaussian1_phase,geom_model_gaussian1_phase_error,geom_model_gaussian1_sigma,geom_model_gaussian1_sigma_error,geom_model_gaussian1_depth,geom_model_gaussian1_depth_error,geom_model_gaussian2_phase,geom_model_gaussian2_phase_error,geom_model_gaussian2_sigma,geom_model_gaussian2_sigma_error,geom_model_gaussian2_depth,geom_model_gaussian2_depth_error,geom_model_cosine_half_period_amplitude,geom_model_cosine_half_period_amplitude_error,geom_model_cosine_half_period_phase,geom_model_cosine_half_period_phase_error,model_type,num_model_parameters,reduced_chi2,derived_primary_ecl_phase,derived_primary_ecl_phase_error,derived_primary_ecl_duration,derived_primary_ecl_duration_error,derived_primary_ecl_depth,derived_primary_ecl_depth_error,derived_secondary_ecl_phase,derived_secondary_ecl_phase_error,derived_secondary_ecl_duration,derived_secondary_ecl_duration_error,derived_secondary_ecl_depth,derived_secondary_ecl_depth_error
[from data line 249]
375316653866487564,5828967749707905664,0.53391445,2293.8770764698916,2.137049420154348,6.71829E-6,18.07438,0.01276608,0.26492983,0.0037171291,0.046601288,0.011359305,0.082072824,0.025620697,0.76510966,0.0055550276,0.066307455,0.007159222,0.16293581,0.025980225,0.079745665,0.012897246,0.26492983,0.0037171291,"TWOGAUSSIANS_WITH_ELLIPSOIDAL_ON_ECLIPSE1",9,5.62145,0.76510966,0.004910487,0.37132174,0.038926672,0.32229683,0.0091184685,0.26492983,0.0037171291,0.26096722,0.0636121,0.24143405,0.008093896
375316653866487564,5828967749728084224,0.449879,2313.3745087202474,1.4795570640091427,2.6699729E-5,16.273798,0.004870439,0.26553702,0.014326261,0.031553246,0.008174084,0.06830653,0.013872132,0.76610416,0.0062317154,0.03878034,0.012755268,0.14048351,0.21961069,0.0062573208,0.0094158435,0.26553702,0.014326261,"TWOGAUSSIANS_WITH_ELLIPSOIDAL_ON_ECLIPSE1",9,28.584282,0.76610416,0.006213244,0.2171699,0.0714295,0.15299799,0.22451189,0.26553702,0.014326261,0.17669816,0.045774873,0.08082117,0.010860681
375316653866487564,5828968711801021696,0.5146745,2261.895588211192,0.7743274982566796,3.500353E-5,18.442152,0.0031079848,0.3003235,0.05357772,0.04383942,0.04332258,0.012013142,0.020478027,0.9092028,0.001262877,0.009033448,0.0027307544,0.7884407,0.5570617,null,null,null,null,"TWOGAUSSIANS",8,4.3409257,0.9092028,0.001262877,0.05058731,0.015292225,0.7884407,0.5570617,0.3003235,0.05357772,0.24550076,0.24260646,0.012013142,0.020478027
375316653866487564,5828968780520511104,0.47197115,2285.081356557269,2.8490207753837806,1.0904658E-5,14.916044,0.056925483,0.24081412,0.008636647,0.06201004,0.017508978,0.26962918,0.11962035,0.752527,0.0042838776,0.07023168,0.011851877,0.3264799,0.1190923,0.035377484,0.067662954,0.752527,0.0042838776,"TWOGAUSSIANS_WITH_ELLIPSOIDAL_ON_ECLIPSE2",9,149.44046,0.752527,0.0042838776,0.3932974,0.05369814,0.39667064,0.02399396,0.24167411,0.00689145,0.3472562,0.098050274,0.33946547,0.022923825
375316653866487564,5828969158455198080,0.5103087,2262.597790762088,0.9068205131053265,1.08589975E-5,19.567326,0.0059086694,0.2441616,0.0011366851,0.022725997,0.0014604972,0.5922492,0.03413472,0.484825,0.067621745,0.04737648,0.0680645,0.028814618,18747.547,null,null,null,null,"TWOGAUSSIANS",8,2.3278475,0.2441616,0.0011366851,0.12726559,0.0081787845,0.5922493,0.03413681,0.484825,0.067621745,0.2653083,0.3811612,0.028814618,18747.547
375316653866487564,5828970429788047616,0.59195,2296.2240088909434,2.0105224478285155,5.661006E-6,16.853487,0.0029037457,0.27451295,0.0014201365,0.06655928,0.0013390197,0.32973325,0.005838613,0.77401084,0.004713937,0.084801435,0.005388812,0.10630511,0.005311383,null,null,null,null,"TWOGAUSSIANS",8,6.916688,0.27451295,0.0014201365,0.37273198,0.0074985106,0.32829982,0.005724635,0.77401084,0.004713937,0.4,0.0,0.10487167,0.0052951914
375316653866487564,5828970910824322944,0.5660276,2286.457935349058,0.6448454343414681,5.2512614E-6,15.630298,0.0012504373,0.2149279,0.0016334524,0.022850769,0.001807224,0.2055064,0.02156466,0.713613,0.0021184762,0.03449543,0.005541988,0.053450726,0.0058771055,0.019169748,0.0020156188,0.2149279,0.0016334524,"TWOGAUSSIANS_WITH_ELLIPSOIDAL_ON_ECLIPSE1",9,14.320168,0.2149279,0.0016334524,0.1279643,0.010120454,0.2438459,0.023744436,0.71369296,0.0019887753,0.19317439,0.031035133,0.09178777,0.0059739077
375316653866487564,5828971387536635264,0.42893827,2305.4198984815853,2.531457048887693,4.3344677E-5,17.203518,0.20615132,0.22020304,0.020837912,0.09991705,0.08264433,0.11377687,0.17505078,0.6904195,0.02232705,0.123144664,0.07917567,0.12820262,0.19532321,null,null,null,null,"TWOGAUSSIANS",8,42.592003,0.6904195,0.02232705,0.4,0.0,0.11380442,0.01910359,0.22040305,0.018202458,0.4,0.0,0.09947679,0.019973954
375316653866487564,5828971632384356992,0.53345495,2321.962922620904,2.006267074435966,1.1391434E-5,15.603734,0.008361202,0.30917802,0.003095225,0.10210819,0.008611316,0.17308423,0.009938966,0.80511993,0.0024430077,0.10327945,0.009659984,0.094990164,0.006795542,null,null,null,null,"TWOGAUSSIANS",8,9.856596,0.30917802,0.003095225,0.4,0.0,0.16060226,0.0129863545,0.80511993,0.0024430077,0.4,0.0,0.08250881,0.0025851917
375316653866487564,5828973522164565248,0.59915406,2313.6963545164576,3.6608135744451307,4.586737E-6,15.585637,0.019539004,0.25028223,0.002709212,0.058720045,0.020001896,0.15199596,0.030330403,0.74214786,0.016891113,0.0431191,0.018348794,0.1144752,0.044990193,0.11195306,0.02109419,0.25028223,0.002709212,"TWOGAUSSIANS_WITH_ELLIPSOIDAL_ON_ECLIPSE1",9,38.785286,0.25028223,0.002709212,0.32883227,0.11201062,0.3758843,0.016395725,0.7439578,0.014369679,0.24146695,0.102753244,0.33790937,0.027764166
375316653866487564,5828973797042513152,0.56092083,2282.6904138198674,2.588812723638335,5.546436E-6,15.678301,0.014048686,0.26222616,0.0014650499,0.0980728,0.00811502,0.23541783,0.010767347,0.76580685,0.0027518556,0.10025416,0.006924976,0.21985081,0.013122028,null,null,null,null,"TWOGAUSSIANS",8,33.799118,0.26222616,0.0014650499,0.4,0.0,0.2173169,0.010577387,0.76580685,0.0027518556,0.4,0.0,0.20174919,0.006235776
375316653866487564,5828975858626864896,0.63533056,2296.026801739727,0.05057804503522647,2.461217E-6,12.717679,0.053076435,0.2420199,9.5725164E-4,0.2826259,0.01258467,0.8609978,0.05169885,0.74292064,9.4707863E-4,0.15656294,0.0047495198,0.52364486,0.03750931,null,null,null,null,"TWOGAUSSIANS",8,11.507417,0.7436606,0.0010281143,0.4,0.0,0.13150837,0.0030173832,0.24174991,0.0010439194,0.4,0.0,0.11844918,0.002383877
375316653866487564,5828976064763432960,0.53067076,2298.7614259456527,2.5877716955334717,5.358201E-6,19.71143,0.01205463,0.21469393,0.002856744,0.071105175,0.006625934,0.4588333,0.052731484,0.7202892,0.0019010818,0.08059126,0.00398808,0.46681046,0.01640362,null,null,null,null,"TWOGAUSSIANS",8,1.7106291,0.7202892,0.0019010818,0.4,0.0,0.46323246,0.016424028,0.21469393,0.002856744,0.39818898,0.022318728,0.45525533,0.05438915
375316653866487564,5828976477102215808,0.6005638,2317.9575962384565,2.181219207812192,5.147664E-6,16.154013,0.011430742,0.23674744,0.0016929167,0.05231282,0.005558621,0.21567175,0.026368514,0.73938227,0.003328085,0.052028246,0.005693827,0.19922033,0.025692247,0.10621392,0.01550224,0.23674744,0.0016929167,"TWOGAUSSIANS_WITH_ELLIPSOIDAL_ON_ECLIPSE1",9,37.482777,0.23674744,0.0016929167,0.2929518,0.03112828,0.4280951,0.014062086,0.73938227,0.003328085,0.29135817,0.03188543,0.41158548,0.009193087
375316653866487564,5828977267354543744,0.5273753,2299.087485233922,2.156794563173712,8.289333E-6,19.739088,0.008074791,0.26331523,0.0040867077,0.052726474,0.0040119435,0.2590867,0.011616113,0.7582038,0.011654288,0.045313165,0.011328855,0.7531857,0.24451828,null,null,null,null,"TWOGAUSSIANS",8,2.2608392,0.7582038,0.011654288,0.25375372,0.06344158,0.75318426,0.24453565,0.26331523,0.0040867077,0.29526827,0.022466883,0.25908524,0.011612611
375316653866487564,5828978946684130304,0.5009908,2285.461371910557,3.7010675260034667,1.5859576E-5,18.627794,0.023723554,0.2792438,0.0056718336,0.09648429,0.01142509,0.25191852,0.022624098,0.7996649,0.0045500095,0.08942128,0.0086809695,0.33406568,0.024443166,null,null,null,null,"TWOGAUSSIANS",8,8.3527565,0.7996649,0.0045500095,0.4,0.0,0.32263196,0.019045057,0.2792438,0.0056718336,0.4,0.0,0.24048382,0.015427743
375316653866487564,5828980875149101312,0.54537445,2315.439515476025,0.607148764897862,3.8772014E-6,17.086992,0.0034006143,0.27841774,0.010189915,0.025611635,0.0048372704,0.39547464,0.078759946,0.7752822,0.0019438086,0.024485111,0.0017260108,0.49444625,0.053870287,null,null,null,null,"TWOGAUSSIANS",8,25.9302,0.7752822,0.0019438086,0.13711663,0.009665661,0.49444625,0.053870287,0.27841774,0.010189915,0.14342515,0.027088715,0.39547464,0.078759946
375316653866487564,5828981145708325888,0.529064,2318.9867214546266,3.16130727176882,1.0407988E-5,17.233288,0.005992319,0.20683222,0.0036908847,0.011545095,0.007342134,0.09777449,0.21619159,0.6988354,0.0059515764,0.039673846,0.0050895647,0.14450228,0.017329771,0.11297381,0.007613383,0.20683222,0.0036908847,"TWOGAUSSIANS_WITH_ELLIPSOIDAL_ON_ECLIPSE1",9,33.298737,0.70013535,0.0050850348,0.22217354,0.028501563,0.3699724,0.014057516,0.20683222,0.0036908847,0.06465253,0.04111595,0.32372198,0.21619473
375316653866487564,5828983172932608128,0.48013762,2351.5621127389,2.170911387341909,6.093027E-6,17.908983,0.0032229163,0.32887375,8.3959504E-4,0.010972822,0.00325437,2.3444552,11.797327,0.70906836,6.688908E-4,0.008766002,7.3303026E-4,0.105705395,0.022085428,null,null,null,null,"TWOGAUSSIANS",8,11.633646,0.32887375,8.3959504E-4,0.061447803,0.018224472,2.3444552,11.797327,0.70906836,6.688908E-4,0.049089614,0.004104969,0.105705395,0.022085428
375316653866487564,5828984173684018304,0.45665047,2325.2440663105917,0.601397858997382,1.7757144E-5,15.453552,0.0018035577,0.23597081,0.010977372,0.027479988,0.012982957,0.014614587,0.009732699,0.6939054,0.00411872,0.024021417,0.0025162539,0.112491295,0.0066499705,0.00759097,0.003008912,0.23597081,0.010977372,"TWOGAUSSIANS_WITH_ELLIPSOIDAL_ON_ECLIPSE1",9,32.079247,0.6941554,0.0041487524,0.13451993,0.014091022,0.12664305,0.006128222,0.23597081,0.010977372,0.15388793,0.07270456,0.029796528,0.00997519
375316653866487564,5828985307532106880,0.56480974,2335.683655493571,3.5743614551512644,3.49784E-6,19.532297,0.00823881,0.28751388,0.0015758965,0.059830267,0.0020642108,0.6168395,0.022984304,0.7831915,0.0013373763,0.061866462,0.004749909,0.49701813,0.041048735,null,null,null,null,"TWOGAUSSIANS",8,1.9575619,0.28751388,0.0015758965,0.3350495,0.01155958,0.61663336,0.022988575,0.7831915,0.0013373763,0.3464522,0.02659949,0.49681196,0.041209124
375316653866487564,5828985341920769536,0.5168682,2319.0064989264656,0.7774521068464203,6.9061234E-6,17.798676,0.0022859292,0.2523016,0.0018810515,0.026249276,0.0015903234,0.17844188,0.012141149,0.7444584,0.007973951,0.03598362,0.009118988,0.03945044,0.01607579,0.023981145,0.004071137,0.2523016,0.0018810515,"TWOGAUSSIANS_WITH_ELLIPSOIDAL_ON_ECLIPSE1",9,3.847922,0.2523016,0.0018810515,0.14699595,0.008905811,0.2264041,0.011565281,0.74532837,0.007110472,0.20150825,0.05106633,0.087309115,0.015409668
375316653866487564,5828986681922652288,0.48020053,2312.9321700078503,3.782051307688364,1.3675142E-5,18.157402,0.07470544,0.23766258,0.0029255927,0.15622798,0.011123929,0.782325,0.1128718,0.73243207,0.003675306,0.24438937,0.01772909,0.9999867,0.07446915,null,null,null,null,"TWOGAUSSIANS",8,4.6508865,0.24130258,0.0031375804,0.4,0.0,0.22310334,0.0075441324,0.73243207,0.003675306,0.4,0.0,0.2036495,0.0109949075
375316653866487564,5828986785024327680,0.5554902,2295.12295733478,0.3070959280679301,2.2730142E-6,15.318345,0.0018309909,0.2217648,0.005215367,0.013591107,0.0081198905,0.019307548,0.4900211,0.71561974,0.0012331458,0.02409948,0.0014186592,0.23290135,0.029647624,0.022548828,0.002563737,0.2217648,0.005215367,"TWOGAUSSIANS_WITH_ELLIPSOIDAL_ON_ECLIPSE1",9,24.972433,0.71566975,0.0012104204,0.13495709,0.007944492,0.27793232,0.03004419,0.2217648,0.005215367,0.0761102,0.045471385,0.06440513,0.48982954
375316653866487564,5828987403499648128,0.49009103,2316.393494267857,1.0108708431425302,1.3046921E-5,16.517874,0.015758572,0.28719544,0.005864437,0.1186308,0.027596701,0.053745702,0.014644604,0.78508127,0.0048906547,0.1107353,0.023711385,0.05970691,0.014320159,null,null,null,null,"TWOGAUSSIANS",8,2.9261055,0.78508127,0.0048906547,0.4,0.0,0.049439345,0.0025248327,0.28719544,0.0058699376,0.4,0.0,0.043467652,0.0045084027
375316653866487564,5828987678377785088,0.49680611,2313.2672798800504,0.9289273848556429,1.1804641E-5,13.506327,0.0022223813,0.19461572,0.008491268,0.02133077,0.013701169,0.01599023,0.08368487,0.6910532,0.0021039855,0.03526093,0.0032895834,0.07198814,0.005442749,0.017178243,0.0029297168,0.19461572,0.008491268,"TWOGAUSSIANS_WITH_ELLIPSOIDAL_ON_ECLIPSE1",9,73.739784,0.69121325,0.001892752,0.19746122,0.018421667,0.106328145,0.0049191415,0.19461572,0.008491268,0.11945231,0.07672655,0.050346673,0.08350383
375316653866487564,5828987811491853696,0.4980376,2254.714157793193,0.5620964889696747,2.7032858E-5,18.330341,0.012854024,0.10683387,0.0057172356,0.0045851045,0.0035223488,0.6091906,0.35735488,0.60532063,0.122745894,0.11607531,0.2021315,0.015182258,0.011578889,null,null,null,null,"TWOGAUSSIANS",8,1.5328186,0.10683387,0.0057172356,0.025676586,0.019725153,0.60918933,0.35734096,0.60532063,0.122745894,0.4,0.0,0.0151781915,0.0078744115
375316653866487564,5828988120729595648,0.44551587,2245.105935091263,0.2773919583403977,5.0907198E-5,18.67295,0.0057190154,0.40886578,0.021357875,0.10139207,0.014855002,0.0688974,0.012285519,0.61346483,0.0041618496,0.012578535,0.0037459338,0.30590838,0.36588767,null,null,null,null,"TWOGAUSSIANS",8,6.6581144,0.61346483,0.0041618496,0.0704398,0.020977229,0.31490254,0.36639166,0.40886578,0.021357875,0.4,0.0,0.06889667,0.012285646
375316653866487564,5828989254601085952,0.52323174,2257.2361837033204,0.657234606873465,2.981108E-5,18.452473,0.0034667223,0.36193785,0.014453162,0.02468259,0.0060033975,0.16529585,0.069531806,0.8594402,0.0032474857,0.015037956,0.002403576,0.51135075,0.0907753,null,null,null,null,"TWOGAUSSIANS",8,6.666505,0.8594402,0.0032474857,0.08421255,0.013460025,0.51135075,0.0907753,0.36193785,0.014453162,0.13822252,0.033619028,0.16529585,0.069531806
375316653866487564,5828989671242450304,0.63512623,2304.2350282464236,2.8712076113472986,2.1002704E-6,16.846895,0.005130305,0.23728202,7.857095E-4,0.051279582,0.0017315609,0.3208326,0.013455255,0.74181694,8.411148E-4,0.050970156,0.0018682181,0.26416606,0.012008234,0.10491138,0.0071270964,0.23728202,7.857095E-4,"TWOGAUSSIANS_WITH_ELLIPSOIDAL_ON_ECLIPSE1",9,6.964913,0.23728202,7.857095E-4,0.28716564,0.009696742,0.5306518,0.0071849558,0.74181694,8.411148E-4,0.28543288,0.0104620205,0.47381493,0.0049335756
375316653866487564,5828991286128138368,0.47969246,2254.4262265472444,0.24549244554016908,1.930195E-5,18.390303,0.0036155465,0.15644364,0.002365325,0.0051645073,0.001677278,0.25713283,0.115683064,0.31811112,0.030574717,0.082572825,0.030677393,0.019504845,0.0051614204,null,null,null,null,"TWOGAUSSIANS",8,2.901755,0.15645365,0.002365325,0.028921243,0.009392756,0.2600022,0.1155644,0.31811112,0.030574717,0.4,0.06518344,0.019504845,0.0051614074
375316653866487564,5828991492286630144,0.49097112,2256.9957083608374,0.3815336089922641,1.013054E-6,18.457779,0.003183382,0.33226648,4.1950275E-6,0.003330734,2.6915817E-5,2.9118671,0.06703462,0.80506396,2.2544818E-6,0.002037568,6.3059095E-5,0.49014512,0.029291952,null,null,null,null,"TWOGAUSSIANS",8,5.3236046,0.33226648,4.1950275E-6,0.018652111,1.5072858E-4,2.9118671,0.06703462,0.80506396,2.2544818E-6,0.011410381,3.5313095E-4,0.49014512,0.029291952
375316653866487564,5828991595387860224,0.53386724,2310.625890477439,1.100080061241502,1.1925354E-5,16.994883,0.0024902294,0.25611252,0.004271606,0.08014516,0.005824035,0.06676635,0.004505852,0.7581511,0.003055615,0.07511302,0.003995152,0.133773,0.0048309015,null,null,null,null,"TWOGAUSSIANS",8,4.9808426,0.7581511,0.003055615,0.4,0.0,0.13277848,0.0048642135,0.25611252,0.004271606,0.4,0.0,0.06577183,0.0045204987
375316653866487564,5828991595387862656,0.5743078,2317.787090116386,1.4089916511403133,3.574876E-6,16.684345,0.0039120005,0.2713856,0.0024622392,0.096046485,0.004812268,0.11984628,0.0043646316,0.77113783,0.0013135588,0.08461625,0.003220217,0.14623092,0.003985145,null,null,null,null,"TWOGAUSSIANS",8,3.316255,0.77113783,0.0013135588,0.4,0.0,0.14056168,0.0034790805,0.2713856,0.0024622392,0.4,0.0,0.11417674,0.0039037266
375316653866487564,5828992003380165760,0.60018045,2352.5279444005705,0.5360568480402046,6.2718955E-6,19.232645,0.0022896626,0.071843356,0.0018215027,0.01550154,0.0010615195,0.9169004,0.045060907,0.3527602,0.017410371,0.016403554,0.0057440773,0.04118429,0.028289817,null,null,null,null,"TWOGAUSSIANS",8,1.1318778,0.071843356,0.0018215027,0.08680862,0.005944509,0.9169004,0.045060907,0.3527602,0.017410371,0.0918599,0.03216683,0.04118429,0.028289817
