Gaia/vari_eclipsing_binary/VariEclipsingBinary_227233-227367.csv
# %ECSV 1.0
# ---
# delimiter: ','
# meta: !!omap
# - RELEASE: Gaia DR3
# - TABLE: vari_eclipsing_binary
# - DESCRIPTION: >
#     This table describes the properties of the eclipsing binaries resulting from the variability analysis. 
# - CITATION: >
#     How to cite and acknowledge Gaia: 
#     https://gea.esac.esa.int/archive/documentation/credits.html 
# - KNOWN_ISSUES: >
#     Known issues: 
#     https://www.cosmos.esa.int/web/gaia-users/known-issues 
# - DOCUMENTATION: >
#     Tutorials and documentation: 
#     https://www.cosmos.esa.int/web/gaia-users/archive 
# datatype:
# - 
#   name: solution_id
#   datatype: int64
#   description: Solution Identifier
#   meta:
#     ucd: meta.version
# - 
#   name: source_id
#   datatype: int64
#   description: Unique source identifier
#   meta:
#     ucd: meta.id;meta.main
# - 
#   name: global_ranking
#   datatype: float32
#   description: Number between 0 (worst) and 1 (best)
#   meta:
#     ucd: stat.param
# - 
#   name: reference_time
#   datatype: float64
#   unit: d
#   description: Reference time used for the geometric model fit
#   meta:
#     ucd: time.epoch
# - 
#   name: frequency
#   datatype: float64
#   unit: d**-1
#   description: Frequency of geometric model of the eclipsing binary light curve
#   meta:
#     ucd: src.orbital
# - 
#   name: frequency_error
#   datatype: float32
#   unit: d**-1
#   description: "Uncertainty of \\texttt{frequency}"
#   meta:
#     ucd: stat.error
# - 
#   name: geom_model_reference_level
#   datatype: float32
#   unit: mag
#   description: Magnitude reference level of geometric model
#   meta:
#     ucd: phot.mag;em.opt
# - 
#   name: geom_model_reference_level_error
#   datatype: float32
#   unit: mag
#   description: "Uncertainty of \\texttt{geomModelReferenceLevel}"
#   meta:
#     ucd: stat.error;phot.mag;em.opt
# - 
#   name: geom_model_gaussian1_phase
#   datatype: float32
#   description: Phase of the Gaussian 1 component
#   meta:
#     ucd: time.phase
# - 
#   name: geom_model_gaussian1_phase_error
#   datatype: float32
#   description: "Uncertainty of \\texttt{geomModelGaussian1Phase}"
#   meta:
#     ucd: stat.error;time.phase
# - 
#   name: geom_model_gaussian1_sigma
#   datatype: float32
#   description: "Standard deviation [phase] of Gaussian 1 component"
#   meta:
#     ucd: stat.stdev
# - 
#   name: geom_model_gaussian1_sigma_error
#   datatype: float32
#   description: "Uncertainty of \\texttt{geomModelGaussian1Sigma}"
#   meta:
#     ucd: stat.error
# - 
#   name: geom_model_gaussian1_depth
#   datatype: float32
#   unit: mag
#   description: Magnitude depth of Gaussian 1 component
#   meta:
#     ucd: src.var.amplitude
# - 
#   name: geom_model_gaussian1_depth_error
#   datatype: float32
#   unit: mag
#   description: "Uncertainty of \\texttt{geomModelGaussian1Depth}"
#   meta:
#     ucd: stat.error;src.var.amplitude
# - 
#   name: geom_model_gaussian2_phase
#   datatype: float32
#   description: Phase of Gaussian 2 component
#   meta:
#     ucd: time.phase
# - 
#   name: geom_model_gaussian2_phase_error
#   datatype: float32
#   description: "Uncertainty of \\texttt{geomModelGaussian2Phase}"
#   meta:
#     ucd: stat.error;time.phase
# - 
#   name: geom_model_gaussian2_sigma
#   datatype: float32
[...]
#   datatype: float32
#   description: "Secondary eclipse: uncertainty of \\texttt{derivedSecondaryEclDuration}"
#   meta:
#     ucd: stat.error;time.duration
# - 
#   name: derived_secondary_ecl_depth
#   datatype: float32
#   unit: mag
#   description: "Secondary eclipse: depth"
#   meta:
#     ucd: src.var.amplitude
# - 
#   name: derived_secondary_ecl_depth_error
#   datatype: float32
#   unit: mag
#   description: "Secondary eclipse: uncertainty of \\texttt{derivedSecondaryEclDepth}"
#   meta:
#     ucd: stat.error;src.var.amplitude
solution_id,source_id,global_ranking,reference_time,frequency,frequency_error,geom_model_reference_level,geom_model_reference_level_error,geom_model_gaussian1_phase,geom_model_gaussian1_phase_error,geom_model_gaussian1_sigma,geom_model_gaussian1_sigma_error,geom_model_gaussian1_depth,geom_model_gaussian1_depth_error,geom_model_gaussian2_phase,geom_model_gaussian2_phase_error,geom_model_gaussian2_sigma,geom_model_gaussian2_sigma_error,geom_model_gaussian2_depth,geom_model_gaussian2_depth_error,geom_model_cosine_half_period_amplitude,geom_model_cosine_half_period_amplitude_error,geom_model_cosine_half_period_phase,geom_model_cosine_half_period_phase_error,model_type,num_model_parameters,reduced_chi2,derived_primary_ecl_phase,derived_primary_ecl_phase_error,derived_primary_ecl_duration,derived_primary_ecl_duration_error,derived_primary_ecl_depth,derived_primary_ecl_depth_error,derived_secondary_ecl_phase,derived_secondary_ecl_phase_error,derived_secondary_ecl_duration,derived_secondary_ecl_duration_error,derived_secondary_ecl_depth,derived_secondary_ecl_depth_error
[from data line 216]
375316653866487564,1999072466140441728,0.46530715,2215.1360211996844,1.6127503856210152,3.2527143E-5,15.250627,0.005375611,0.518482,0.0029364438,0.042464893,0.003944446,0.18546514,0.010511366,0.831296,0.0752321,0.047352467,0.08361845,0.029261246,3859.4158,null,null,null,null,"TWOGAUSSIANS",8,102.66183,0.518482,0.0029364438,0.2378034,0.022088896,0.18546514,0.010511366,0.831296,0.0752321,0.26517382,0.4682633,0.029261246,3859.4158
375316653866487564,1999074046688404096,0.5426796,2217.3810864622897,0.20766312786749447,1.0244883E-5,16.120676,0.0022395928,0.09613207,1.1443536E-4,0.003313692,2.1004726E-4,0.20082732,0.017465513,0.60642177,0.006668283,0.021807972,0.0062393714,0.35651845,0.14178286,null,null,null,null,"TWOGAUSSIANS",8,16.87969,0.60642177,0.006668283,0.12212465,0.03494048,0.35651845,0.14178286,0.09613207,1.1443536E-4,0.018556675,0.0011762646,0.20082732,0.017465513
375316653866487564,1999074695224224512,0.50668544,2205.975156649327,3.20113225448807,8.38105E-6,19.128698,0.025111698,0.25922275,0.0047694375,0.092500985,0.011939049,0.3003389,0.023271248,0.75455165,0.0058519174,0.09058061,0.012343618,0.30186233,0.021775763,null,null,null,null,"TWOGAUSSIANS",8,2.81864,0.75455165,0.0058519174,0.4,0.0,0.2883817,0.017863635,0.25922275,0.0047694375,0.4,0.0,0.2868581,0.021627728
375316653866487564,1999075489797396096,0.6259514,2204.787143102315,3.069088947234118,4.056315E-6,16.561348,0.0057989922,0.20685382,7.729957E-4,0.04840157,0.002929254,0.2436752,0.012034428,0.70856166,0.0032286234,0.04873838,0.0040599215,0.1825612,0.014904265,0.11125537,0.007972262,0.20685382,7.729957E-4,"TWOGAUSSIANS_WITH_ELLIPSOIDAL_ON_ECLIPSE1",9,9.246727,0.20685382,7.729957E-4,0.2710488,0.016403822,0.46618503,0.008651243,0.70856166,0.003185876,0.2729349,0.02273556,0.40504542,0.009815757
375316653866487564,1999076859883477376,0.43346465,2218.243711427655,3.6834108229643805,7.010733E-5,18.900295,0.053465653,0.18966463,0.010205465,0.069179386,0.024536029,0.24197721,0.043148093,0.6681746,0.009335851,0.11984159,0.031251203,0.24206209,0.048150733,null,null,null,null,"TWOGAUSSIANS",8,13.534123,0.18970463,0.010238103,0.3874046,0.12075172,0.23175082,0.035832845,0.6681746,0.009335851,0.4,0.0,0.2317334,0.03291987
375316653866487564,1999079196348539008,0.61993086,2219.7883553238566,2.4895146885130917,3.083192E-6,17.717604,0.007857429,0.20501944,9.015856E-4,0.05475002,0.00316376,0.2738287,0.017992156,0.7026759,0.0019662513,0.04835257,0.005532181,0.34602022,0.11840602,0.11349975,0.010965504,0.20501944,9.015856E-4,"TWOGAUSSIANS_WITH_ELLIPSOIDAL_ON_ECLIPSE1",9,4.0919743,0.70292586,0.0017798832,0.2707744,0.030980214,0.5729673,0.1159091,0.20501944,9.015856E-4,0.30660012,0.017717056,0.5008197,0.012445376
375316653866487564,1999080746837334400,0.4286402,2245.189418157064,1.541242687873063,4.7852835E-5,18.87605,0.0052799014,0.24461447,0.015709033,0.032138724,0.014259609,0.04922422,0.021312838,0.7990996,0.027720239,0.019125164,0.009830326,0.48846757,0.64041424,0.032228895,0.0060036476,0.24461447,0.015709033,"TWOGAUSSIANS_WITH_ELLIPSOIDAL_ON_ECLIPSE1",9,7.1476603,0.7990996,0.027720239,0.10710092,0.055049825,0.5456616,0.6390498,0.24461447,0.015709033,0.17997687,0.07985381,0.11368197,0.020510951
375316653866487564,1999081773328839424,0.5137624,2206.5130261885474,2.1618050759714946,7.690864E-6,18.257437,0.007369642,0.2671654,0.0027885712,0.09150964,0.009203011,0.18500483,0.011266744,0.7696833,0.0028827458,0.08671059,0.005362564,0.20347424,0.0076214243,null,null,null,null,"TWOGAUSSIANS",8,2.7348485,0.7696833,0.0028827458,0.4,0.0,0.19620357,0.0061874255,0.2671654,0.0027885712,0.4,0.0,0.17773408,0.013938831
375316653866487564,1999082361745036800,0.47341082,2186.959774880155,3.239597370402199,1.1283553E-5,18.041826,0.004105495,0.20350195,0.0037681288,0.05294394,0.0221962,0.042856835,0.017754178,0.76244986,1.7658424E-6,0.0012039928,9.754561E-5,0.9211614,0.30831647,0.09720366,0.0066247266,0.20350195,0.0037681288,"TWOGAUSSIANS_WITH_ELLIPSOIDAL_ON_ECLIPSE1",9,11.810995,0.76244986,1.7658424E-6,0.006742359,5.4625544E-4,1.0900964,0.31717888,0.20350195,0.0037681288,0.29648608,0.124298714,0.2372635,0.01698441
375316653866487564,1999083010279581056,0.56599987,2189.0073094693703,2.9224298262762876,9.999206E-6,18.466166,0.013831773,0.2973828,0.0031188235,0.09220515,0.0061562434,0.28272417,0.015566783,0.7984408,0.0028249142,0.095483325,0.0058810334,0.27931374,0.013812473,null,null,null,null,"TWOGAUSSIANS",8,1.944396,0.2973828,0.0031188235,0.4,0.0,0.26680127,0.01333429,0.7984408,0.0028249142,0.4,0.0,0.26339045,0.009182187
375316653866487564,1999084320250077952,0.63947153,2200.8869716559707,2.7163412991546227,4.681088E-6,16.810797,0.013159129,0.23405631,9.242723E-4,0.053185627,0.0053045205,0.17073321,0.02742077,0.7374296,0.004446854,0.060487363,0.012466788,0.16260524,0.025465174,0.09316251,0.0150792645,0.23405631,9.242723E-4,"TWOGAUSSIANS_WITH_ELLIPSOIDAL_ON_ECLIPSE1",9,4.9660835,0.23405631,9.242723E-4,0.29783952,0.029705314,0.35702878,0.00542127,0.7374296,0.004446854,0.33872923,0.06981402,0.3488171,0.031028576
375316653866487564,1999088065454347904,0.53286916,2178.4256174114453,2.7596958318742866,1.0990186E-5,19.597189,0.01363351,0.2826335,0.0035784557,0.06271195,0.005683442,0.5467324,0.03010705,0.78789324,0.0074938713,0.072318785,0.0057204445,0.3941408,0.028969094,null,null,null,null,"TWOGAUSSIANS",8,3.170742,0.2826335,0.0035784557,0.3511869,0.03182728,0.54589987,0.030383028,0.78789324,0.0074938713,0.4,0.014003424,0.39330822,0.028717346
375316653866487564,1999089474204625664,0.54488575,2218.6592257333614,3.079695227407973,1.4511227E-5,19.78289,0.017167663,0.24743845,0.003994103,0.07449504,0.0045399694,0.5383469,0.019882709,0.74875534,0.0056398525,0.0798846,0.006364557,0.577813,0.03507946,null,null,null,null,"TWOGAUSSIANS",8,1.87718,0.74875534,0.0056398525,0.4,0.0,0.57208604,0.035474252,0.24743845,0.003994103,0.4,8.0693717E-4,0.5326199,0.018272372
375316653866487564,1999094039764424704,0.43338463,2205.217008646305,2.86388347548045,3.5244277E-5,19.129953,0.008691758,0.7683524,0.008905904,0.0562315,0.019280858,0.03591218,0.025297696,null,null,null,null,null,null,0.08228631,0.010759578,0.7683524,0.008905904,"ONEGAUSSIAN_WITH_ELLIPSOIDAL",6,8.58254,0.7683524,0.008905904,0.3148964,0.1079728,0.20048277,0.022116456,null,null,null,null,null,null
375316653866487564,1999094211556293504,0.54332775,2209.1803239838864,1.4836616045141109,8.175791E-6,17.374184,0.004988561,0.2505237,0.00340263,0.08390729,0.006736948,0.1518131,0.005904851,0.7528347,0.004367689,0.09308489,0.006936525,0.10498417,0.008398128,null,null,null,null,"TWOGAUSSIANS",8,2.9931364,0.2505237,0.00340263,0.4,0.0,0.14737879,0.0060645766,0.7528347,0.004367689,0.4,0.0,0.10054975,0.008591516
375316653866487564,1999094245911834624,0.48328876,2213.574210934631,2.771053065546657,2.2678574E-5,18.109596,0.0035768135,null,null,null,null,null,null,null,null,null,null,null,null,0.06676716,0.0049763494,0.2787805,0.0060998537,"ELLIPSOIDAL",4,6.6387053,null,null,null,null,null,null,null,null,null,null,null,null
375316653866487564,1999095001828360704,0.5878292,2231.5977368566882,1.9849590406628728,1.1080667E-5,18.444525,0.0017968157,0.23514894,0.0027112567,0.014505654,0.0017196768,1.2757909,0.37893933,0.8134406,0.0068568652,0.014540763,0.0060357293,0.052345395,0.03149853,null,null,null,null,"TWOGAUSSIANS",8,1.1629874,0.23514894,0.0027112567,0.08123166,0.00963019,1.2757909,0.37893933,0.8134406,0.0068568652,0.081428275,0.033800084,0.052345395,0.03149853
375316653866487564,1999095074841203584,0.52143234,2197.5483202746473,0.9556748721223869,8.005438E-6,18.519869,0.0026250381,0.293615,7.639408E-4,0.034830377,0.0013629186,0.55964166,0.05815086,0.7924479,0.0051954747,0.04027374,0.0117152,0.29299483,0.21993521,null,null,null,null,"TWOGAUSSIANS",8,1.565559,0.293615,7.639408E-4,0.1950501,0.007632344,0.55964166,0.05815086,0.7924479,0.0051954747,0.22553296,0.06560512,0.29299483,0.21993521
375316653866487564,1999096066980340736,0.44199815,2214.9977250367688,1.0068968209873688,1.9619853E-5,18.808403,0.021933714,0.31018126,0.0130054355,0.0829139,0.020861702,0.1340884,0.027924554,0.78655016,0.01444338,0.100013375,0.029189194,0.14568383,0.017887563,null,null,null,null,"TWOGAUSSIANS",8,5.8248744,0.78655016,0.01444338,0.4,0.0,0.1410404,0.014667558,0.31018126,0.0129976785,0.4,0.0,0.12944685,0.025795447
375316653866487564,1999099296804711040,0.47543585,2240.039785434438,1.5220260661908387,4.7991503E-5,18.48752,0.0030838663,0.32753375,0.018273402,0.009807477,0.021158818,0.9222305,2.4980686,0.7476831,0.032568544,0.0633892,0.020965531,0.025446005,0.009365289,null,null,null,null,"TWOGAUSSIANS",8,3.7369897,0.32753375,0.018273402,0.05492187,0.11848938,0.9222305,2.4980686,0.7476831,0.032568544,0.3549795,0.11179105,0.025446005,0.009365289
375316653866487564,1999101568838527360,0.53491724,2185.9894643708317,2.3518566402772363,1.26489795E-5,18.127964,0.011506747,0.25771338,0.0040538926,0.046963498,0.02144151,0.11112909,0.02221093,0.75129193,0.01673015,0.03990708,0.014187243,0.13631701,0.07864452,0.1049752,0.013095282,0.25771338,0.0040538926,"TWOGAUSSIANS_WITH_ELLIPSOIDAL_ON_ECLIPSE1",9,7.7107944,0.752332,0.013679546,0.22347964,0.07944856,0.34598076,0.08586144,0.25771338,0.0040538926,0.26299557,0.120072454,0.32107908,0.021683587
375316653866487564,1999102732769821824,0.47587594,2201.6031118968704,3.4216416271689467,1.656747E-5,18.575163,0.004292733,0.24443343,0.00662851,0.07360996,0.00819147,0.10389058,0.012634481,0.7343619,0.0037572647,0.07461523,0.007084513,0.11111424,0.007994882,null,null,null,null,"TWOGAUSSIANS",8,1.9021406,0.7343619,0.0037572647,0.4,0.0,0.11053763,0.008081639,0.24443343,0.00662851,0.4,0.01752346,0.10331397,0.012755879
375316653866487564,1999102767129557248,0.57590556,2190.3873664062003,3.3595531736908675,8.603191E-6,19.095726,0.008621943,0.25522095,0.0023719368,0.07047685,0.0026013625,0.6162499,0.029211495,0.75684696,0.00348884,0.067115374,0.0034498062,0.48970956,0.013712269,null,null,null,null,"TWOGAUSSIANS",8,2.497254,0.25522095,0.0023719368,0.3946704,0.012068222,0.6148185,0.02933264,0.75684696,0.00348884,0.3758461,0.019318914,0.48827815,0.013635848
375316653866487564,1999103870940961920,0.58785594,2202.915538893244,2.3954188350772716,4.6429122E-6,14.992873,0.006478212,0.24989825,0.0023555772,0.11124321,0.0061692954,0.12492414,0.0060030515,0.7493412,0.0014758047,0.10549224,0.0046512014,0.16815971,0.0057468656,null,null,null,null,"TWOGAUSSIANS",8,10.411232,0.7493412,0.0014758047,0.4,0.0,0.14819118,0.0022571622,0.24989825,0.0023555772,0.4,0.0,0.10494982,0.002557154
375316653866487564,1999103974020588288,0.5521271,2222.217625466722,0.934125939411978,1.6486161E-5,15.914468,0.0052291597,0.29168165,0.0026815883,0.017659653,0.0019342974,0.8265493,0.075298056,0.7889281,0.015334171,0.022487048,0.007583014,0.25748217,0.100862995,null,null,null,null,"TWOGAUSSIANS",8,156.60359,0.29168165,0.0026815883,0.09889406,0.010832066,0.8265493,0.075298056,0.7889281,0.015334171,0.12592746,0.04246488,0.25748217,0.100862995
375316653866487564,1999104519476430080,0.570313,2216.942955816259,4.18631566384023,9.20577E-6,19.113918,0.007424361,0.24218075,0.0017606129,0.06737517,0.0016995061,0.7407432,0.016668925,0.7387988,0.0034387722,0.07615599,0.0054136766,0.58781713,0.047969617,null,null,null,null,"TWOGAUSSIANS",8,3.40828,0.24218075,0.0017606129,0.37730095,0.009517234,0.7379564,0.016493272,0.7387988,0.0034387722,0.4,0.0,0.5850304,0.049129084
375316653866487564,1999105726361943936,0.42067266,2265.7625368471327,2.7976731264169987,3.2294098E-5,16.590746,0.009940737,0.6041819,0.010264485,0.04757025,0.010229377,0.24207222,0.035121746,0.93568474,0.0037552053,0.01017745,0.0032915198,0.13106187,0.11436562,null,null,null,null,"TWOGAUSSIANS",8,15.742092,0.6041819,0.010264485,0.2663934,0.05728451,0.24207222,0.035121746,0.93568474,0.0037552053,0.05699372,0.018432511,0.13106187,0.11436562
375316653866487564,1999106138686250880,0.55553025,2228.770369778968,2.726331376516577,8.43431E-6,18.318407,0.0058030067,0.2427846,0.0024375347,0.07172544,0.0023998127,0.5536948,0.0140488455,0.7409744,0.001749754,0.07849077,0.0025458357,0.49987832,0.008050029,null,null,null,null,"TWOGAUSSIANS",8,5.9242015,0.2427846,0.0024375347,0.4,0.0025660156,0.5497391,0.014167646,0.7409744,0.001749754,0.4,0.0,0.49592268,0.008187814
375316653866487564,1999108509501485952,0.5046032,2195.50942677146,3.08768824317423,1.662082E-5,19.837505,0.010178683,0.23688915,0.006004542,0.07680449,0.0069206427,0.41381565,0.02744922,0.75084716,0.006766884,0.07651447,0.008412696,0.481564,0.03002908,null,null,null,null,"TWOGAUSSIANS",8,2.1318254,0.75084716,0.006766884,0.4,0.0029913997,0.47832498,0.030965999,0.23688915,0.006004542,0.4,0.0,0.41057664,0.027782144
375316653866487564,1999109093622478976,0.5937767,2225.136421344753,2.2668005435540164,5.6198364E-6,14.860307,0.009002896,0.2713972,0.0012666928,0.101139486,0.0037024869,0.25301918,0.008245791,0.7724255,0.00185854,0.11155431,0.004361067,0.24054936,0.008808164,null,null,null,null,"TWOGAUSSIANS",8,33.768463,0.2713972,0.0012666928,0.4,0.0,0.22235397,0.00407146,0.7724255,0.00185854,0.4,0.0,0.20986575,0.0040146364
375316653866487564,1999110811609337088,0.52416885,2205.780368824013,2.771031496206024,1.0101156E-5,18.003597,0.07273137,0.264266,0.0032581063,0.11802093,0.02099852,0.2680127,0.069027744,0.76706773,0.0049822275,0.12843417,0.02637895,0.24919544,0.07028719,null,null,null,null,"TWOGAUSSIANS",8,3.7742333,0.264236,0.0033268544,0.4,0.0,0.20398475,0.008894998,0.7670877,0.004994863,0.4,0.0,0.18497984,0.007914649
375316653866487564,1999112289078098688,0.5766949,2259.268025998351,2.3796115710789696,9.204239E-6,18.635077,0.010391056,0.26007345,0.0022199035,0.04562626,0.0056953244,0.18020616,0.026996654,0.7625584,0.005762341,0.050651837,0.00767727,0.20609283,0.02370537,0.12481578,0.0127328215,0.26007345,0.0022199035,"TWOGAUSSIANS_WITH_ELLIPSOIDAL_ON_ECLIPSE1",9,3.9851472,0.7625584,0.0053881276,0.28365028,0.042992715,0.4556621,0.011745791,0.26007345,0.0022199035,0.25550705,0.031893816,0.42983627,0.01622988
375316653866487564,1999112460876759936,0.64855224,2243.9401747367783,0.46430949287238993,3.175747E-6,14.456008,5.095534E-4,0.3080682,7.418421E-4,0.022371901,0.0010938979,0.15266562,0.004707171,0.80704224,0.0015006707,0.022467041,0.0011205126,0.18016912,0.008353205,0.007073117,9.74695E-4,0.3080682,7.418421E-4,"TWOGAUSSIANS_WITH_ELLIPSOIDAL_ON_ECLIPSE1",9,7.063304,0.80704224,0.0014921282,0.12581542,0.006274871,0.19431476,0.008198689,0.3080682,7.418421E-4,0.12528265,0.0061258283,0.16681184,0.0046017086
375316653866487564,1999114002768385792,0.6493102,2204.8058160241644,0.34194547206135173,7.3303804E-6,11.757759,6.7656045E-4,0.14223634,0.0012266838,0.012660858,0.0016385678,0.2100091,0.01290829,0.6355456,0.0018608468,0.012240571,0.0016488534,0.21162453,0.0021506257,null,null,null,null,"TWOGAUSSIANS",8,43.15235,0.6355456,0.0018608468,0.0685472,0.009233579,0.21162453,0.0021506257,0.14223634,0.0012266838,0.070900805,0.0091759795,0.2100091,0.01290829
375316653866487564,1999116854621544192,0.48614496,2220.0876552754057,4.689507427484919,1.6179109E-5,18.859886,0.08146255,0.24871127,0.0051554698,0.13466075,0.027216764,0.28595915,0.07845715,0.7672764,0.0046874266,0.11167594,0.017719334,0.33618593,0.07568119,null,null,null,null,"TWOGAUSSIANS",8,4.1894007,0.7675664,0.004642565,0.4,0.0,0.27029094,0.026849665,0.24865127,0.005099227,0.4,0.0,0.2194493,0.015561604
