Gaia/vari_eclipsing_binary/VariEclipsingBinary_460065-460082.csv
# %ECSV 1.0
# ---
# delimiter: ','
# meta: !!omap
# - RELEASE: Gaia DR3
# - TABLE: vari_eclipsing_binary
# - DESCRIPTION: >
#     This table describes the properties of the eclipsing binaries resulting from the variability analysis. 
# - CITATION: >
#     How to cite and acknowledge Gaia: 
#     https://gea.esac.esa.int/archive/documentation/credits.html 
# - KNOWN_ISSUES: >
#     Known issues: 
#     https://www.cosmos.esa.int/web/gaia-users/known-issues 
# - DOCUMENTATION: >
#     Tutorials and documentation: 
#     https://www.cosmos.esa.int/web/gaia-users/archive 
# datatype:
# - 
#   name: solution_id
#   datatype: int64
#   description: Solution Identifier
#   meta:
#     ucd: meta.version
# - 
#   name: source_id
#   datatype: int64
#   description: Unique source identifier
#   meta:
#     ucd: meta.id;meta.main
# - 
#   name: global_ranking
#   datatype: float32
#   description: Number between 0 (worst) and 1 (best)
#   meta:
#     ucd: stat.param
# - 
#   name: reference_time
#   datatype: float64
#   unit: d
#   description: Reference time used for the geometric model fit
#   meta:
#     ucd: time.epoch
# - 
#   name: frequency
#   datatype: float64
#   unit: d**-1
#   description: Frequency of geometric model of the eclipsing binary light curve
#   meta:
#     ucd: src.orbital
# - 
#   name: frequency_error
#   datatype: float32
#   unit: d**-1
#   description: "Uncertainty of \\texttt{frequency}"
#   meta:
#     ucd: stat.error
# - 
#   name: geom_model_reference_level
#   datatype: float32
#   unit: mag
#   description: Magnitude reference level of geometric model
#   meta:
#     ucd: phot.mag;em.opt
# - 
#   name: geom_model_reference_level_error
#   datatype: float32
#   unit: mag
#   description: "Uncertainty of \\texttt{geomModelReferenceLevel}"
#   meta:
#     ucd: stat.error;phot.mag;em.opt
# - 
#   name: geom_model_gaussian1_phase
#   datatype: float32
#   description: Phase of the Gaussian 1 component
#   meta:
#     ucd: time.phase
# - 
#   name: geom_model_gaussian1_phase_error
#   datatype: float32
#   description: "Uncertainty of \\texttt{geomModelGaussian1Phase}"
#   meta:
#     ucd: stat.error;time.phase
# - 
#   name: geom_model_gaussian1_sigma
#   datatype: float32
#   description: "Standard deviation [phase] of Gaussian 1 component"
#   meta:
#     ucd: stat.stdev
# - 
#   name: geom_model_gaussian1_sigma_error
#   datatype: float32
#   description: "Uncertainty of \\texttt{geomModelGaussian1Sigma}"
#   meta:
#     ucd: stat.error
# - 
#   name: geom_model_gaussian1_depth
#   datatype: float32
#   unit: mag
#   description: Magnitude depth of Gaussian 1 component
#   meta:
#     ucd: src.var.amplitude
# - 
#   name: geom_model_gaussian1_depth_error
#   datatype: float32
#   unit: mag
#   description: "Uncertainty of \\texttt{geomModelGaussian1Depth}"
#   meta:
#     ucd: stat.error;src.var.amplitude
# - 
#   name: geom_model_gaussian2_phase
#   datatype: float32
#   description: Phase of Gaussian 2 component
#   meta:
#     ucd: time.phase
# - 
#   name: geom_model_gaussian2_phase_error
#   datatype: float32
#   description: "Uncertainty of \\texttt{geomModelGaussian2Phase}"
#   meta:
#     ucd: stat.error;time.phase
# - 
#   name: geom_model_gaussian2_sigma
#   datatype: float32
[...]
#   datatype: float32
#   description: "Secondary eclipse: uncertainty of \\texttt{derivedSecondaryEclDuration}"
#   meta:
#     ucd: stat.error;time.duration
# - 
#   name: derived_secondary_ecl_depth
#   datatype: float32
#   unit: mag
#   description: "Secondary eclipse: depth"
#   meta:
#     ucd: src.var.amplitude
# - 
#   name: derived_secondary_ecl_depth_error
#   datatype: float32
#   unit: mag
#   description: "Secondary eclipse: uncertainty of \\texttt{derivedSecondaryEclDepth}"
#   meta:
#     ucd: stat.error;src.var.amplitude
solution_id,source_id,global_ranking,reference_time,frequency,frequency_error,geom_model_reference_level,geom_model_reference_level_error,geom_model_gaussian1_phase,geom_model_gaussian1_phase_error,geom_model_gaussian1_sigma,geom_model_gaussian1_sigma_error,geom_model_gaussian1_depth,geom_model_gaussian1_depth_error,geom_model_gaussian2_phase,geom_model_gaussian2_phase_error,geom_model_gaussian2_sigma,geom_model_gaussian2_sigma_error,geom_model_gaussian2_depth,geom_model_gaussian2_depth_error,geom_model_cosine_half_period_amplitude,geom_model_cosine_half_period_amplitude_error,geom_model_cosine_half_period_phase,geom_model_cosine_half_period_phase_error,model_type,num_model_parameters,reduced_chi2,derived_primary_ecl_phase,derived_primary_ecl_phase_error,derived_primary_ecl_duration,derived_primary_ecl_duration_error,derived_primary_ecl_depth,derived_primary_ecl_depth_error,derived_secondary_ecl_phase,derived_secondary_ecl_phase_error,derived_secondary_ecl_duration,derived_secondary_ecl_duration_error,derived_secondary_ecl_depth,derived_secondary_ecl_depth_error
[from data line 525]
375316653866487564,4046911906532108800,0.47086424,2208.4886897703227,1.0322722496524388,3.6356443E-5,18.82126,0.023960505,0.4651501,0.0038265926,0.059680454,0.0048158057,0.30124384,0.026825387,0.90826464,0.038360108,0.14900696,0.030943625,0.08905435,0.028489765,null,null,null,null,"TWOGAUSSIANS",8,6.1456575,0.46538007,0.0037404962,0.33421054,0.02696851,0.2962777,0.024340596,0.90826464,0.038360108,0.4,0.0,0.0829336,0.024068044
375316653866487564,4046912151311903232,0.55131435,2228.301236401318,3.197264750633262,1.3991841E-5,18.734556,0.021769958,0.28292155,0.0071392604,0.06775054,0.013623093,0.40918034,0.031812396,0.7713392,0.0061455932,0.072420076,0.007025915,0.44194454,0.024586929,null,null,null,null,"TWOGAUSSIANS",8,5.2718487,0.7713392,0.0061455932,0.4,0.017873269,0.44085425,0.023688836,0.28292155,0.0071392604,0.37940305,0.045991715,0.40809005,0.032509636
375316653866487564,4046912220031577856,0.5573722,2227.024182600934,2.669999369912459,1.9352563E-5,18.386354,0.01885323,0.21874538,0.005874247,0.07961083,0.0080164075,0.46459174,0.035883456,0.7203992,0.006724122,0.07383116,0.029910056,0.4959162,0.20135683,null,null,null,null,"TWOGAUSSIANS",8,8.254629,0.7203992,0.006724122,0.4,0.005624395,0.49134162,0.21400143,0.21874538,0.005874247,0.4,0.0,0.46001717,0.035939787
375316653866487564,4046912490617495168,0.45505682,2256.4406670800468,2.2352417628225245,5.9563276E-6,17.69659,0.01221848,0.25162768,0.006774026,0.09983305,0.012322114,0.1630467,0.017078757,0.7454676,0.004036396,0.06328121,0.007291132,0.17258117,0.022663048,null,null,null,null,"TWOGAUSSIANS",8,14.868502,0.7454676,0.004036396,0.3543748,0.04083034,0.16995569,0.02220943,0.25162768,0.006774026,0.4,0.0,0.16042002,0.016823843
375316653866487564,4046912662414393088,0.5211357,2233.8794148305,3.195340744160678,9.210329E-5,16.635387,0.0024538185,0.19586664,0.002017105,0.03579799,0.0036156345,0.022174036,0.0022868095,0.75485945,0.0021407905,0.03945554,0.0039931214,0.16467413,0.0431956,null,null,null,null,"TWOGAUSSIANS",8,5.4310303,0.75485945,0.0021407905,0.22095102,0.022361482,0.16467413,0.0431956,0.19586664,0.002017105,0.20046875,0.020247553,0.022174036,0.0022868095
375316653866487564,4046912838507111936,0.5607299,2260.6349659090242,3.452596801342099,9.949405E-6,19.664797,0.014423452,0.32640108,0.0030139412,0.06928137,0.0056877458,0.5273464,0.03625284,0.83210045,0.011846734,0.064022526,0.009533526,0.5270779,0.042275198,null,null,null,null,"TWOGAUSSIANS",8,1.598453,0.32640108,0.0030139412,0.3879757,0.031851377,0.5265564,0.036436,0.83210045,0.011846734,0.35852614,0.050398782,0.5262879,0.042352326
375316653866487564,4046912975950528000,0.53691626,2222.85886413786,2.7846511078358436,1.43362E-5,18.51123,0.19546138,0.2886151,0.0048610866,0.12305893,0.038773198,0.28306913,0.17553411,0.77742654,0.008648518,0.1380368,0.04178047,0.31751043,0.18951015,null,null,null,null,"TWOGAUSSIANS",8,1.804165,0.77742654,0.008648518,0.4,0.0,0.22931737,0.008796396,0.2889751,0.0040453267,0.4,0.0,0.19565529,0.015074107
375316653866487564,4046913079024018944,0.5894793,2205.42588617423,3.5539216692906206,3.3611614E-5,17.987415,0.008592208,0.24045531,0.0040234253,0.07149456,0.0051602907,0.5694563,0.046560857,0.76393265,0.006612813,0.051681973,0.00558762,0.7491528,0.100787394,null,null,null,null,"TWOGAUSSIANS",8,7.3983006,0.76393265,0.006612813,0.28941905,0.031290673,0.74900216,0.10078345,0.24045531,0.0040234253,0.4,0.011979379,0.56930566,0.04665436
375316653866487564,4046914071164545536,0.629308,2306.2802041484247,3.750901299352879,7.687366E-6,17.564812,0.009061073,0.26549333,0.002148834,0.04089987,0.0042161234,0.3899163,0.03526845,null,null,null,null,null,null,0.1523024,0.013682263,0.26549333,0.002148834,"ONEGAUSSIAN_WITH_ELLIPSOIDAL",6,10.712607,0.26549333,0.002148834,0.22903925,0.02361029,0.69452107,0.033715382,null,null,null,null,null,null
375316653866487564,4046914208634766208,0.51849943,2203.3811326163086,2.9443020721038318,5.715749E-5,18.407267,0.10088246,0.15982662,0.0073568816,0.11695629,0.048929058,0.17778102,0.09711134,0.6713245,0.01073948,0.09322804,0.035003826,0.21728614,0.08968725,null,null,null,null,"TWOGAUSSIANS",8,1.9445518,0.6713445,0.010759539,0.4,0.0,0.19742867,0.027073069,0.15982662,0.0073689534,0.4,0.0,0.15788239,0.015306915
375316653866487564,4046914689640897536,0.54765415,2202.136647900086,0.6236377801421225,4.2328236E-5,18.148926,0.019412816,0.23682684,0.019386685,0.07735595,0.022771984,0.14430557,0.008302569,0.64010704,0.012259852,0.16663253,0.0327884,0.1484676,0.01738001,null,null,null,null,"TWOGAUSSIANS",8,1.2204721,0.24170683,0.0213104,0.4,0.07304777,0.13892345,0.007881945,0.64010704,0.012259852,0.4,0.0,0.13463509,0.0044337586
375316653866487564,4046915479945459200,0.58779764,2271.482403489371,3.93417882048237,1.7579041E-5,18.593918,0.010878886,0.23704663,0.0038712928,0.07549924,0.00509411,0.4656779,0.023473332,0.74274826,0.009543414,0.07229864,0.020304661,0.3342525,0.11606155,null,null,null,null,"TWOGAUSSIANS",8,3.4592106,0.23704663,0.0038712928,0.4,0.0016346024,0.46340802,0.023231376,0.74274826,0.009543414,0.4,0.047312185,0.33198267,0.11982276
375316653866487564,4046915514305208704,0.6029756,2239.0961982618924,3.852905910668684,4.301926E-5,18.59366,0.00797322,0.17359447,0.08977796,0.052840337,0.035471614,0.5702963,0.36622053,0.68991244,0.00356603,0.062367883,0.0042924816,0.57467973,0.05373477,null,null,null,null,"TWOGAUSSIANS",8,2.0918024,0.68991244,0.00356603,0.34926015,0.024037896,0.57463,0.053756576,0.17359447,0.08977796,0.2959059,0.19864103,0.57024664,0.3661763
375316653866487564,4046915651712463104,0.55215675,2248.379714464211,2.3620870308361934,3.9120692E-5,17.360247,0.020207189,0.26013026,0.0066961613,0.094767004,0.01142759,0.25500035,0.020743838,0.7539968,0.0034318317,0.112581186,0.011764411,0.1954937,0.017188352,null,null,null,null,"TWOGAUSSIANS",8,5.4060764,0.26014024,0.006705468,0.4,0.0,0.23276803,0.013591011,0.7539968,0.0034318317,0.4,0.0,0.17324093,0.00518939
375316653866487564,4046916029669603968,0.539972,2213.8686164920014,3.0112315540437837,1.965841E-5,17.84907,0.039203126,0.29309696,0.008440449,0.10968072,0.021141743,0.23404919,0.036718193,0.78208715,0.009034411,0.10896411,0.019527638,0.18113546,0.04086007,null,null,null,null,"TWOGAUSSIANS",8,3.3821452,0.29310697,0.008478157,0.4,0.0,0.20726912,0.016187645,0.78208715,0.009034411,0.4,0.0,0.15436052,0.011837777
375316653866487564,4046916132748057600,0.52985895,2239.483423462265,0.44980546176394026,5.281309E-5,16.937292,0.004147846,0.2148101,0.021133246,0.037714064,0.019331828,0.36352065,0.2447952,0.7213529,0.008665039,0.053899102,0.0062481826,0.6925845,0.35072768,null,null,null,null,"TWOGAUSSIANS",8,13.097557,0.7213529,0.008665039,0.30183497,0.034989823,0.6925843,0.350729,0.2148101,0.021133246,0.21119876,0.10825823,0.3635204,0.24480768
375316653866487564,4046916446277791616,0.4960425,2248.385057292449,2.438938750427825,1.8734889E-5,17.10766,0.014351145,0.2422731,0.00968523,0.04001703,0.009648104,0.20121674,0.08895636,0.7334382,0.071266495,0.041829925,0.039242562,0.0655897,0.29283506,0.10551565,0.017980725,0.2422731,0.00968523,"TWOGAUSSIANS_WITH_ELLIPSOIDAL_ON_ECLIPSE1",9,40.00079,0.2422731,0.00968523,0.22409539,0.054029383,0.41224763,0.091826975,0.7361582,0.06849982,0.23424757,0.21975835,0.2761707,0.28307903
375316653866487564,4046917094820816512,0.5795486,2227.314004562799,2.3620473405661135,1.4460476E-5,17.278194,0.009113404,0.3694252,0.01686631,0.076662004,0.014783904,0.18016376,0.016791865,0.8334892,0.0029003187,0.069573596,0.0043876604,0.25262696,0.013069583,null,null,null,null,"TWOGAUSSIANS",8,4.1077056,0.8334892,0.0029003187,0.38961214,0.022510735,0.25211573,0.012927455,0.3694252,0.01686631,0.4,0.015587999,0.17965251,0.017247528
375316653866487564,4046917167832355712,0.569083,2225.383886503593,3.46182000170757,1.864704E-5,19.32198,0.01819411,0.2247502,0.0024763772,0.08913789,0.0047209617,0.54118454,0.022771081,0.7174659,0.009040415,0.08441862,0.006127008,0.39992827,0.045699712,null,null,null,null,"TWOGAUSSIANS",8,1.5940679,0.2247502,0.0024763772,0.4,0.0,0.5281606,0.021798994,0.7174659,0.009040415,0.4,0.0,0.38690448,0.04316367
375316653866487564,4046917270911825920,0.5243311,2299.2474387535794,3.652731093853564,2.592511E-5,19.01047,0.058651797,0.14202788,0.009011194,0.10311359,0.03565132,0.21316321,0.046654843,0.66786736,0.0059272177,0.09566766,0.020919982,0.26566938,0.053225987,null,null,null,null,"TWOGAUSSIANS",8,0.89876866,0.6678774,0.005936763,0.4,0.0,0.25138164,0.027438363,0.14202788,0.008991548,0.4,0.0,0.19887084,0.030708073
375316653866487564,4046917648867641984,0.4804446,2243.6863717551514,0.7081108420714263,4.462494E-5,19.84126,0.013119747,0.28753164,0.02858774,0.07702469,0.025959741,0.34174472,0.13612273,0.8153051,0.015165237,0.075513445,0.014111901,0.24638142,0.028099928,null,null,null,null,"TWOGAUSSIANS",8,1.7746137,0.28753164,0.02858774,0.4,0.09293831,0.34028456,0.13711469,0.8153051,0.015165237,0.4,0.0090026315,0.24492127,0.027845792
375316653866487564,4046917786306861184,0.482747,2190.4886402636644,3.2867593947085045,3.1624186E-5,19.100182,0.38912606,0.26439893,0.024607176,0.16286041,0.09318987,0.40068403,0.3853456,0.76552063,0.0080845365,0.13239712,0.06993287,0.3887278,0.31397107,null,null,null,null,"TWOGAUSSIANS",8,2.5608866,0.26435894,0.024600135,0.4,0.0,0.21541627,0.026410302,0.76565063,0.008082799,0.4,0.0,0.21003546,0.051297106
375316653866487564,4046917919484821248,0.6077936,2178.0385041048958,3.042440076198589,1.6094107E-5,18.393646,0.14099407,0.2691433,0.014500899,0.10219239,0.0767856,0.19252184,0.13551252,0.75108254,0.0153439315,0.09234863,0.023587704,0.38848,0.14630432,null,null,null,null,"TWOGAUSSIANS",8,1.3717642,0.75108254,0.0153439315,0.4,0.0,0.37320465,0.033902764,0.2691433,0.014545525,0.4,0.0,0.17724366,0.015574973
375316653866487564,4046918267403465344,0.66044486,2261.837497332547,1.9233955726323069,4.007725E-6,13.451225,0.021154774,0.20749058,0.004252305,0.068897694,0.008227796,0.3754973,0.08205762,0.71445674,0.01474185,0.059651364,0.016076392,0.24309272,0.051490325,0.05075642,0.025293978,0.20749058,0.004252305,"TWOGAUSSIANS_WITH_ELLIPSOIDAL_ON_ECLIPSE1",9,57.405113,0.20749058,0.004252305,0.3858271,0.028245894,0.4765029,0.057743657,0.71445674,0.013892295,0.33404765,0.090027794,0.34390396,0.016341385
375316653866487564,4046918610941187584,0.5857266,2230.6181962929577,0.018755189957183317,9.205901E-5,18.674608,0.068820186,0.14795834,0.0021881904,0.044241425,0.023733811,0.31902057,27.29372,0.6560423,0.005713444,0.19640183,0.030737292,0.4688555,0.063749835,null,null,null,null,"TWOGAUSSIANS",8,0.84980196,0.6560423,0.005713444,0.4,0.0,0.39079082,0.015889848,0.14768833,0.002304155,0.24775197,0.13290934,0.27783394,27.319233
375316653866487564,4046919126337085184,0.5230443,2213.3357423882144,3.4667735612428663,6.642329E-5,18.390005,0.022933314,0.30603695,0.013644741,0.05219013,0.009689249,0.5258071,0.15591672,0.80678284,0.009641621,0.047040805,0.008117863,0.5449505,0.23514335,null,null,null,null,"TWOGAUSSIANS",8,22.972298,0.80678284,0.009641621,0.2634285,0.04546003,0.5449473,0.23514593,0.30603695,0.013644741,0.2922647,0.054259796,0.5258039,0.15592477
375316653866487564,4046919259514701440,0.5139719,2266.1841412973513,0.04937473681714704,9.1505506E-5,19.497862,0.006547282,0.1950166,4.7267744E-4,0.014668955,0.0101369405,1.1423849,0.9630668,0.7034165,0.012816665,0.06742017,0.024520602,0.18042485,0.02240664,null,null,null,null,"TWOGAUSSIANS",8,1.0851387,0.1950166,4.7267744E-4,0.082146145,0.056766868,1.1423849,0.9630669,0.7034165,0.012816665,0.37755296,0.12125759,0.18042485,0.02240666
375316653866487564,4046919362593932800,0.5500381,2174.322636849942,2.9386945061446794,4.5268425E-5,18.257149,0.010647989,0.24104367,0.006631274,0.07628909,0.008763956,0.21841425,0.02154513,0.742605,0.0071435417,0.0807895,0.011025913,0.2384099,0.020701956,null,null,null,null,"TWOGAUSSIANS",8,2.6849453,0.742605,0.0071435417,0.4,0.0,0.23561889,0.021778649,0.24104367,0.006631274,0.4,0.0014385462,0.21562323,0.021585213
375316653866487564,4046919504300505728,0.6020226,2265.9880822185587,2.6845851028549856,8.391779E-6,18.769773,0.010153232,0.17935045,0.0020097964,0.08850255,0.004786829,0.42427504,0.023190882,0.6864838,0.0052396166,0.0959396,0.007371425,0.35070822,0.018811522,null,null,null,null,"TWOGAUSSIANS",8,0.9536197,0.17935045,0.0020097964,0.4,0.0,0.40677354,0.02669447,0.6864838,0.0052396166,0.4,0.0,0.33320585,0.02114742
375316653866487564,4046919573019920256,0.65533257,2244.6241129492846,3.3020107981783062,3.9791168E-5,18.4053,0.018646881,0.29661548,0.020546902,0.082149796,0.016239315,0.591438,0.041434035,0.8045115,0.0040416415,0.075351045,0.00491795,0.70314103,0.018988421,null,null,null,null,"TWOGAUSSIANS",8,3.003313,0.8045115,0.0040416415,0.4,0.0,0.6960601,0.013736388,0.29661548,0.020546902,0.4,0.0,0.5843571,0.037744086
375316653866487564,4046919603083694464,0.5750527,2221.0092329669556,1.8757531672391907,2.1237042E-4,18.27176,0.003059921,0.06579437,0.0077393325,0.03262121,0.018406397,0.031230373,0.028339576,0.6402064,0.0055801524,0.041210767,0.006306647,0.31854716,0.009210597,null,null,null,null,"TWOGAUSSIANS",8,1.7027732,0.6402064,0.0055801524,0.23078029,0.035317224,0.31854716,0.009210597,0.06579437,0.0077393325,0.18267876,0.10307582,0.031230373,0.028339576
375316653866487564,4046919710453592064,0.55492985,2256.624108319784,2.8671134283900144,1.6547949E-5,17.457644,0.1503808,0.32856756,0.003485564,0.10056759,0.02657185,0.41166416,0.14081314,0.82594305,0.0049549486,0.092578374,0.0366597,0.75490713,0.12282296,null,null,null,null,"TWOGAUSSIANS",8,16.933367,0.82594305,0.0049549486,0.4,0.0,0.71805644,0.23237693,0.32856756,0.0034779478,0.4,0.0,0.37481058,0.053484034
375316653866487564,4046920603807345920,0.55981904,2262.2476465458144,2.537992341748789,1.5526328E-5,17.97318,0.033104174,0.33458635,0.0072995634,0.08405547,0.014269666,0.27874544,0.029548096,0.82512474,0.0074531725,0.086762875,0.010838643,0.2956112,0.035513017,null,null,null,null,"TWOGAUSSIANS",8,5.3879905,0.82512474,0.0074531725,0.4,0.0,0.28888777,0.027942607,0.33458635,0.0072995634,0.4,0.0,0.27202204,0.021437503
375316653866487564,4046920668233748608,0.464867,2238.4773438861725,0.21475575101524205,1.6930695E-5,17.00642,0.0039862357,0.17549822,0.07673021,0.019474696,0.030790402,0.10787073,0.14657542,0.5872732,0.00853739,0.02070019,0.009927438,0.123330705,0.04856352,null,null,null,null,"TWOGAUSSIANS",8,15.801586,0.5872732,0.00853739,0.115921065,0.055593655,0.123330705,0.04856352,0.17549822,0.07673021,0.1090583,0.17242625,0.10787073,0.14657542
375316653866487564,4046920672526667776,0.62232673,2208.5185323924125,4.4507140114049974,5.9702975E-6,18.203434,0.019229522,0.2237978,0.013586187,0.08765689,0.025594689,0.35839304,0.6897476,0.74176824,0.0042972937,0.09379105,0.010807314,0.33150855,0.01967896,null,null,null,null,"TWOGAUSSIANS",8,1.222102,0.2237978,0.013586187,0.4,0.048744366,0.34670028,0.6988584,0.74176824,0.0042972937,0.4,0.0,0.3198152,0.023695674
375316653866487564,4046920810023329280,0.6074647,2248.6502316001283,3.1371194760339844,1.601652E-5,17.098076,0.044237882,0.28072447,0.006112899,0.0637216,0.06315308,0.17214438,0.34292904,0.79046214,0.0034868093,0.045397703,0.025120737,0.13384347,0.09080633,0.07374402,0.05220185,0.28072447,0.006112899,"TWOGAUSSIANS_WITH_ELLIPSOIDAL_ON_ECLIPSE1",9,6.6819077,0.28072447,0.006112899,0.35684094,0.2618741,0.31955454,0.4336477,0.79046214,0.0034868093,0.25422713,0.14067613,0.2807022,0.016644713
375316653866487564,4046921119204368896,0.49531397,2210.4710159940855,4.978362678538536,1.5454361E-5,18.773123,0.0063386518,0.2694576,0.0042196414,0.05120331,0.005458371,0.15579952,0.017230896,0.75510776,0.032043174,0.05861857,0.028346276,0.14508829,0.1543459,null,null,null,null,"TWOGAUSSIANS",8,2.1809585,0.2694576,0.0042196414,0.28673854,0.030566877,0.15579435,0.01723347,0.75510776,0.032043174,0.328264,0.15873915,0.14508311,0.15435177
