# %ECSV 1.0
# ---
# delimiter: ','
# meta: !!omap
# - RELEASE: Gaia DR3
# - TABLE: vari_eclipsing_binary
# - DESCRIPTION: >
#     This table describes the properties of the eclipsing binaries resulting from the variability analysis. 
# - CITATION: >
#     How to cite and acknowledge Gaia: 
#     https://gea.esac.esa.int/archive/documentation/credits.html 
# - KNOWN_ISSUES: >
#     Known issues: 
#     https://www.cosmos.esa.int/web/gaia-users/known-issues 
# - DOCUMENTATION: >
#     Tutorials and documentation: 
#     https://www.cosmos.esa.int/web/gaia-users/archive 
# datatype:
# - 
#   name: solution_id
#   datatype: int64
#   description: Solution Identifier
#   meta:
#     ucd: meta.version
# - 
#   name: source_id
#   datatype: int64
#   description: Unique source identifier
#   meta:
#     ucd: meta.id;meta.main
# - 
#   name: global_ranking
#   datatype: float32
#   description: Number between 0 (worst) and 1 (best)
#   meta:
#     ucd: stat.param
# - 
#   name: reference_time
#   datatype: float64
#   unit: d
#   description: Reference time used for the geometric model fit
#   meta:
#     ucd: time.epoch
# - 
#   name: frequency
#   datatype: float64
#   unit: d**-1
#   description: Frequency of geometric model of the eclipsing binary light curve
#   meta:
#     ucd: src.orbital
# - 
#   name: frequency_error
#   datatype: float32
#   unit: d**-1
#   description: "Uncertainty of \\texttt{frequency}"
#   meta:
#     ucd: stat.error
# - 
#   name: geom_model_reference_level
#   datatype: float32
#   unit: mag
#   description: Magnitude reference level of geometric model
#   meta:
#     ucd: phot.mag;em.opt
# - 
#   name: geom_model_reference_level_error
#   datatype: float32
#   unit: mag
#   description: "Uncertainty of \\texttt{geomModelReferenceLevel}"
#   meta:
#     ucd: stat.error;phot.mag;em.opt
# - 
#   name: geom_model_gaussian1_phase
#   datatype: float32
#   description: Phase of the Gaussian 1 component
#   meta:
#     ucd: time.phase
# - 
#   name: geom_model_gaussian1_phase_error
#   datatype: float32
#   description: "Uncertainty of \\texttt{geomModelGaussian1Phase}"
#   meta:
#     ucd: stat.error;time.phase
# - 
#   name: geom_model_gaussian1_sigma
#   datatype: float32
#   description: "Standard deviation [phase] of Gaussian 1 component"
#   meta:
#     ucd: stat.stdev
# - 
#   name: geom_model_gaussian1_sigma_error
#   datatype: float32
#   description: "Uncertainty of \\texttt{geomModelGaussian1Sigma}"
#   meta:
#     ucd: stat.error
# - 
#   name: geom_model_gaussian1_depth
#   datatype: float32
#   unit: mag
#   description: Magnitude depth of Gaussian 1 component
#   meta:
#     ucd: src.var.amplitude
# - 
#   name: geom_model_gaussian1_depth_error
#   datatype: float32
#   unit: mag
#   description: "Uncertainty of \\texttt{geomModelGaussian1Depth}"
#   meta:
#     ucd: stat.error;src.var.amplitude
# - 
#   name: geom_model_gaussian2_phase
#   datatype: float32
#   description: Phase of Gaussian 2 component
#   meta:
#     ucd: time.phase
# - 
#   name: geom_model_gaussian2_phase_error
#   datatype: float32
#   description: "Uncertainty of \\texttt{geomModelGaussian2Phase}"
#   meta:
#     ucd: stat.error;time.phase
# - 
#   name: geom_model_gaussian2_sigma
#   datatype: float32
#   description: "Standard deviation [phase] of Gaussian 2 component"
#   meta:
#     ucd: stat.stdev
# - 
#   name: geom_model_gaussian2_sigma_error
#   datatype: float32
#   description: "Uncertainty of \\texttt{geomModelGaussian2Sigma}"
#   meta:
#     ucd: stat.error
# - 
#   name: geom_model_gaussian2_depth
#   datatype: float32
#   unit: mag
#   description: Magnitude depth of Gaussian2 component
#   meta:
#     ucd: src.var.amplitude
# - 
#   name: geom_model_gaussian2_depth_error
#   datatype: float32
#   unit: mag
#   description: "Uncertainty of \\texttt{geomModelGaussian2Depth}"
#   meta:
#     ucd: stat.error;src.var.amplitude
# - 
#   name: geom_model_cosine_half_period_amplitude
#   datatype: float32
#   unit: mag
#   description: Amplitude of the cosine component with half the period of the geometric model
#   meta:
#     ucd: src.var.amplitude
# - 
#   name: geom_model_cosine_half_period_amplitude_error
#   datatype: float32
#   unit: mag
#   description: "Uncertainty of \\texttt{geomModelCosineHalfPeriodAmplitude}"
#   meta:
#     ucd: stat.error;src.var.amplitude
# - 
#   name: geom_model_cosine_half_period_phase
#   datatype: float32
#   description: Reference phase of the cosine component with half the period of the geometric model
#   meta:
#     ucd: time.phase
# - 
#   name: geom_model_cosine_half_period_phase_error
#   datatype: float32
#   description: "Uncertainty of \\texttt{geomModelCosineHalfPeriodPhase}"
#   meta:
#     ucd: stat.error;time.phase
# - 
#   name: model_type
#   datatype: string
#   description: Type of geometrical model of the light curve
#   meta:
#     ucd: meta.code.class
# - 
#   name: num_model_parameters
#   datatype: int8
#   description: Number of free parameters of the geometric model
#   meta:
#     ucd: stat.fit.param
# - 
#   name: reduced_chi2
#   datatype: float32
#   description: Reduced Chi2 of the geometrical model fit
#   meta:
#     ucd: stat.fit.chi2
# - 
#   name: derived_primary_ecl_phase
#   datatype: float32
#   description: "Primary eclipse: phase at geometrically deepest point"
#   meta:
#     ucd: time.phase
# - 
#   name: derived_primary_ecl_phase_error
#   datatype: float32
#   description: "Primary eclipse: uncertainty of \\texttt{derivedPrimaryEclPhase}"
#   meta:
#     ucd: stat.error;time.phase
# - 
#   name: derived_primary_ecl_duration
#   datatype: float32
#   description: "Primary eclipse: duration [phase fraction]"
#   meta:
#     ucd: time.duration
# - 
#   name: derived_primary_ecl_duration_error
#   datatype: float32
#   description: "Primary eclipse: uncertainty of \\texttt{derivedPrimaryEclDuration}"
#   meta:
#     ucd: stat.error;time.duration
# - 
#   name: derived_primary_ecl_depth
#   datatype: float32
#   unit: mag
#   description: "Primary eclipse: depth"
#   meta:
#     ucd: src.var.amplitude
# - 
#   name: derived_primary_ecl_depth_error
#   datatype: float32
#   unit: mag
#   description: "Primary eclipse: uncertainty of \\texttt{derivedPrimaryEclDepth}"
#   meta:
#     ucd: stat.error;src.var.amplitude
# - 
#   name: derived_secondary_ecl_phase
#   datatype: float32
#   description: "Secondary eclipse: phase at geometrically second deepest point"
#   meta:
#     ucd: time.phase
# - 
#   name: derived_secondary_ecl_phase_error
#   datatype: float32
#   description: "Secondary eclipse: uncertainty of \\texttt{derivedSecondaryEclPhase}"
#   meta:
#     ucd: stat.error;time.phase
# - 
#   name: derived_secondary_ecl_duration
#   datatype: float32
#   description: "Secondary eclipse: duration [phase fraction]"
#   meta:
#     ucd: time.duration
# - 
#   name: derived_secondary_ecl_duration_error
#   datatype: float32
#   description: "Secondary eclipse: uncertainty of \\texttt{derivedSecondaryEclDuration}"
#   meta:
#     ucd: stat.error;time.duration
# - 
#   name: derived_secondary_ecl_depth
#   datatype: float32
#   unit: mag
#   description: "Secondary eclipse: depth"
#   meta:
#     ucd: src.var.amplitude
# - 
#   name: derived_secondary_ecl_depth_error
#   datatype: float32
#   unit: mag
#   description: "Secondary eclipse: uncertainty of \\texttt{derivedSecondaryEclDepth}"
#   meta:
#     ucd: stat.error;src.var.amplitude
solution_id,source_id,global_ranking,reference_time,frequency,frequency_error,geom_model_reference_level,geom_model_reference_level_error,geom_model_gaussian1_phase,geom_model_gaussian1_phase_error,geom_model_gaussian1_sigma,geom_model_gaussian1_sigma_error,geom_model_gaussian1_depth,geom_model_gaussian1_depth_error,geom_model_gaussian2_phase,geom_model_gaussian2_phase_error,geom_model_gaussian2_sigma,geom_model_gaussian2_sigma_error,geom_model_gaussian2_depth,geom_model_gaussian2_depth_error,geom_model_cosine_half_period_amplitude,geom_model_cosine_half_period_amplitude_error,geom_model_cosine_half_period_phase,geom_model_cosine_half_period_phase_error,model_type,num_model_parameters,reduced_chi2,derived_primary_ecl_phase,derived_primary_ecl_phase_error,derived_primary_ecl_duration,derived_primary_ecl_duration_error,derived_primary_ecl_depth,derived_primary_ecl_depth_error,derived_secondary_ecl_phase,derived_secondary_ecl_phase_error,derived_secondary_ecl_duration,derived_secondary_ecl_duration_error,derived_secondary_ecl_depth,derived_secondary_ecl_depth_error
375316653866487564,5300254320647372928,0.5812356,2041.3217187309322,2.5526843706094535,6.3409725E-6,16.370743,0.0073498776,0.1691216,0.001317459,0.06353836,0.002365644,0.35250416,0.011528337,0.67024136,0.0036513398,0.07837802,0.0046471553,0.5546697,0.031652205,null,null,null,null,"TWOGAUSSIANS",8,31.979753,0.67024136,0.0036513398,0.4,0.0,0.55290425,0.03219023,0.1691216,0.001317459,0.3558148,0.013247607,0.35073873,0.011465674
375316653866487564,5300254767323994496,0.53107613,2060.792970903682,1.762059590176672,1.2178552E-5,16.593279,0.004461171,0.42291802,0.058233153,0.03319747,0.056672737,0.022044377,0.069784425,0.81164414,0.003328494,0.03793784,0.002209594,0.26772633,0.017035658,null,null,null,null,"TWOGAUSSIANS",8,21.644884,0.81164414,0.003328494,0.21245189,0.012373727,0.26772633,0.017038023,0.42291802,0.058233153,0.18590584,0.22818841,0.022044377,0.06978443
375316653866487564,5300254797369839872,0.6434073,2039.3644512359024,2.593433394358041,2.9249E-6,16.878836,0.0062634065,0.21971554,0.0017691036,0.04137392,0.002928105,0.3422408,0.037387837,0.7260006,0.002076147,0.042388413,0.002375856,0.378427,0.022640472,0.13776065,0.0066494644,0.21971554,0.0017691036,"TWOGAUSSIANS_WITH_ELLIPSOIDAL_ON_ECLIPSE1",9,13.703032,0.7260006,0.002076147,0.23737511,0.013304793,0.6535182,0.022624519,0.21971554,0.0017691036,0.23169395,0.016397387,0.6177615,0.03779415
375316653866487564,5300255523225567616,0.5225248,2039.456100422713,3.339964212747223,6.9466428E-6,19.417099,0.025808344,0.18915093,0.0035257519,0.08022652,0.0068317046,0.4043298,0.030156642,0.6869656,0.005306289,0.08554256,0.009951427,0.35676527,0.03963342,null,null,null,null,"TWOGAUSSIANS",8,3.2174323,0.18915093,0.0035257519,0.4,0.0,0.39663106,0.02748086,0.6869656,0.005306289,0.4,0.0,0.34906653,0.03924243
375316653866487564,5300255759442586624,0.51328164,2080.9840236790706,2.4746978342258164,1.150177E-5,18.915154,0.008733359,0.26212555,0.0032471984,0.08377502,0.0058395728,0.19608225,0.009052603,0.74170256,0.012791789,0.09325148,0.019611578,0.10181183,0.011877195,null,null,null,null,"TWOGAUSSIANS",8,1.2377074,0.26212555,0.0032471984,0.4,0.0,0.19243382,0.007594545,0.74170256,0.012791789,0.4,0.0,0.09816321,0.012310389
375316653866487564,5300257309941849216,0.5692594,2070.6010443905534,2.9171739426165075,8.0620675E-6,18.964943,0.008947443,0.25293818,0.0027320147,0.07544571,0.0028957191,0.48924643,0.01665821,0.75357383,0.0028998998,0.08083398,0.003961947,0.5051614,0.01586268,null,null,null,null,"TWOGAUSSIANS",8,2.0073793,0.75357383,0.0028998998,0.4,0.0,0.49928474,0.016042167,0.25293818,0.0027320147,0.4,0.0,0.4833698,0.016417623
375316653866487564,5300258340733957376,0.512983,2116.9307899030255,0.4314631612405527,3.3690976E-5,17.080381,0.0017772984,0.47889858,0.03193734,0.028588265,0.019050248,0.19075097,0.03605744,0.73849505,0.02661221,0.032555133,0.03037958,0.0072921547,0.013655658,null,null,null,null,"TWOGAUSSIANS",8,5.4285374,0.47889858,0.03193734,0.16009429,0.106681384,0.19075097,0.03605744,0.73849505,0.02661221,0.18230875,0.17012565,0.0072921547,0.013655658
375316653866487564,5300259057977692160,0.651929,2085.2987005206264,2.2045923901984126,3.141541E-6,18.224512,0.01126744,0.27254725,0.0011410912,0.05403805,0.0035097378,0.33591047,0.024180114,0.7750671,0.0020036295,0.05366593,0.0032619603,0.36322504,0.030526377,0.11566782,0.0138245225,0.27254725,0.0011410912,"TWOGAUSSIANS_WITH_ELLIPSOIDAL_ON_ECLIPSE1",9,1.5578574,0.7750671,0.0020036295,0.30052918,0.018266978,0.59448946,0.0264221,0.27254725,0.0011410912,0.30261308,0.019654531,0.5672329,0.005949554
375316653866487564,5300259440234674432,0.5134437,2074.580657925144,1.4394070936198804,2.7597687E-5,18.358416,0.005420441,0.45950744,0.03568685,0.042184882,0.028960934,0.040052995,0.028356386,0.7289258,0.0017852439,0.036451362,0.0018889005,0.3783039,0.0125456825,null,null,null,null,"TWOGAUSSIANS",8,9.373683,0.7289258,0.0017852439,0.20412762,0.010577843,0.3783039,0.012545545,0.45950744,0.03568685,0.23623535,0.16218123,0.040052995,0.028356386
375316653866487564,5300260088770098304,0.62065035,2095.9159027200867,2.0858366114001967,2.857462E-6,18.640554,0.013993856,0.2551399,0.0017153164,0.05564808,0.004109093,0.31888956,0.030827377,0.75337833,0.0015357418,0.050056554,0.0039598173,0.35722798,0.026846858,0.13487142,0.016019423,0.2551399,0.0017153164,"TWOGAUSSIANS_WITH_ELLIPSOIDAL_ON_ECLIPSE1",9,1.6751685,0.7536083,0.0012452758,0.2803167,0.022174977,0.6269277,0.014376195,0.2551399,0.0017153164,0.31162927,0.023010919,0.588618,0.009035736
375316653866487564,5300261020793397504,0.47405726,2089.9205863849675,0.8380852812224872,2.8975363E-5,18.43496,0.0029229422,0.22322409,0.0044549205,0.036722373,0.009597945,0.39180875,0.47003254,0.7225173,0.004720532,0.04224026,0.009854587,0.12071825,0.031541027,null,null,null,null,"TWOGAUSSIANS",8,2.0900714,0.22322409,0.0044549205,0.2056453,0.05374849,0.39180875,0.47003257,0.7225173,0.004720532,0.23654544,0.055185687,0.12071825,0.031541042
375316653866487564,5300261944195185024,0.4885608,2078.9810672402587,2.4524363941564853,1.2863428E-5,18.315123,0.0024060928,null,null,null,null,null,null,null,null,null,null,null,null,0.058490697,0.002618593,0.22071542,0.0058655753,"ELLIPSOIDAL",4,2.7178068,null,null,null,null,null,null,null,null,null,null,null,null
375316653866487564,5300262876219138816,0.5223959,2075.3337392942503,2.781111014289404,1.9283187E-5,16.955957,0.0024174189,0.23927891,0.0014765604,0.0044646263,8.9119276E-4,0.020904642,0.0052238004,0.42522264,0.0041393163,0.04015315,0.010496971,0.21284786,0.023280507,null,null,null,null,"TWOGAUSSIANS",8,10.051588,0.42522264,0.0041393163,0.22485763,0.05878304,0.21284786,0.023280507,0.23927891,0.0014765604,0.025001908,0.0049906797,0.020909334,0.0052305926
375316653866487564,5300263254176262784,0.6068456,2112.6091305327186,3.003239456091032,4.809027E-6,15.7108755,0.0067924648,0.22535816,0.0018191407,0.040976394,0.009445109,0.08951822,0.04318714,0.72643155,0.0086179385,0.048496347,0.011109845,0.12587346,0.020641973,0.116416484,0.013292173,0.22535816,0.0018191407,"TWOGAUSSIANS_WITH_ELLIPSOIDAL_ON_ECLIPSE1",9,23.697021,0.72643155,0.008481114,0.27157956,0.06221513,0.3586955,0.018813405,0.22535816,0.0018191407,0.2294678,0.05289261,0.32235086,0.042355616
375316653866487564,5300263456023942528,0.5290901,2099.344814125892,2.676519480535001,7.6804745E-6,18.426111,0.012278493,0.206578,0.004242867,0.0752552,0.005781917,0.41190517,0.020807711,0.70347524,0.0026717687,0.07725542,0.0034109158,0.47094685,0.015884716,null,null,null,null,"TWOGAUSSIANS",8,8.614298,0.70347524,0.0026717687,0.4,0.0,0.46712565,0.015316582,0.206578,0.004242867,0.4,0.0,0.40808395,0.020983273
375316653866487564,5300263662182481536,0.48197624,2112.327416935606,2.9885167323718345,5.942631E-6,18.364489,0.024230469,0.30567756,0.002555462,0.10935487,0.013670367,0.16360933,0.02278227,0.80493927,0.0030607837,0.10893592,0.013089566,0.16422872,0.02343332,null,null,null,null,"TWOGAUSSIANS",8,1.4465307,0.80493927,0.0030607837,0.4,0.0,0.14063193,0.008388686,0.30567756,0.002555462,0.4,0.0,0.14001185,0.007893095
375316653866487564,5300267720942102912,0.52835196,2098.1131445139545,0.8545294981295559,1.01895685E-5,15.919953,0.0035730614,0.25485602,0.0128099155,0.041200805,0.015410083,0.23652236,0.1255605,0.7565351,0.0024255281,0.043359067,0.0043007224,0.06941979,0.004980438,null,null,null,null,"TWOGAUSSIANS",8,16.220682,0.25485602,0.0128099155,0.23072451,0.08629647,0.23652235,0.12556103,0.7565351,0.0024255281,0.24281079,0.024084045,0.06941978,0.004980278
375316653866487564,5300268305057559424,0.47043243,2098.47648174424,2.8649414608450985,2.4242008E-5,17.387321,0.010146069,0.19244511,0.0054744156,0.045969952,0.0054304944,0.30510888,0.042237855,0.69482017,0.018887294,0.051052883,0.08843898,0.0430095,0.21681198,0.04496701,0.019374775,0.69482017,0.018887294,"TWOGAUSSIANS_WITH_ELLIPSOIDAL_ON_ECLIPSE2",9,69.26249,0.19255511,0.004892064,0.25743172,0.03041077,0.39502335,0.03723371,0.69482017,0.018887294,0.28589615,0.21467337,0.13294305,0.22318946
375316653866487564,5300269232770638720,0.47093835,2243.9414864105065,0.005102087500130562,3.7990136E-5,17.094923,0.0049415934,0.33749247,0.012870217,0.0958261,0.010876673,0.106438644,0.034125205,0.81678224,0.010534413,0.060003072,0.009447218,0.21325387,0.03150638,null,null,null,null,"TWOGAUSSIANS",8,6.44338,0.81678224,0.010534413,0.3360172,0.05290442,0.21225093,0.03191446,0.33749247,0.012870217,0.4,0.0,0.105435275,0.034461934
375316653866487564,5300269473277544576,0.5391507,2070.2992083086406,1.8328698600385893,1.2303257E-5,19.31493,0.005985345,0.20062426,0.0030866186,0.042474512,0.005556241,0.7282574,0.1033794,0.70751125,0.004866842,0.05760149,0.00589998,0.21121985,0.014894424,null,null,null,null,"TWOGAUSSIANS",8,1.8608727,0.20062426,0.0030866186,0.23785727,0.03111495,0.72825557,0.10338413,0.70751125,0.004866842,0.32256833,0.03303989,0.21121797,0.01489602
375316653866487564,5300270675879843968,0.5157412,2092.546516765181,2.4709206311573224,1.0905064E-5,17.804543,0.00526811,0.28980264,0.0040898793,0.081830986,0.0055411947,0.21461228,0.010594125,0.78418267,0.0052151894,0.071065284,0.0055862535,0.18028907,0.010865473,null,null,null,null,"TWOGAUSSIANS",8,5.2092986,0.28980264,0.0040898793,0.4,0.0,0.21294601,0.010676056,0.78418267,0.0052151894,0.3979656,0.02473983,0.17862281,0.0108039025
375316653866487564,5300271290044817408,0.49460858,2067.521959491416,3.6762588818200848,1.7078713E-5,19.513824,0.01352307,0.30857685,0.0075345035,0.073060505,0.013410528,0.44729456,0.048555177,0.81671107,0.005613077,0.0709878,0.0073783877,0.36673287,0.028049348,null,null,null,null,"TWOGAUSSIANS",8,5.3873043,0.30857685,0.0075345035,0.4,0.030845305,0.4456841,0.050110795,0.81671107,0.005613077,0.39753166,0.02448232,0.3651224,0.028338686
375316653866487564,5300271706671996800,0.6308737,2113.953492564569,1.2449466952543962,1.1385948E-5,16.70984,0.004758334,0.2207224,0.026056973,0.028766496,0.018775651,0.07200776,0.04601149,0.7238789,0.0010750302,0.038056668,0.0018631582,0.50360566,0.008212012,0.0122722415,0.0064135697,0.2207224,0.026056973,"TWOGAUSSIANS_WITH_ELLIPSOIDAL_ON_ECLIPSE1",9,8.190906,0.7238789,0.0010750302,0.21311733,0.010433686,0.5281404,0.00756154,0.2207224,0.026056973,0.16109237,0.105143644,0.09655218,0.038791873
375316653866487564,5300271741031727104,0.57723004,2077.812494799884,1.1451588645353925,6.5141285E-6,15.794119,0.002084779,0.2681096,0.0015973409,0.038705356,0.0023993026,0.2003207,0.0073055415,0.7627374,0.0021055278,0.040025834,0.003958611,0.06718356,0.008261546,0.008900461,0.003416911,0.2681096,0.0015973409,"TWOGAUSSIANS_WITH_ELLIPSOIDAL_ON_ECLIPSE1",9,7.84293,0.2681096,0.0015973409,0.21674998,0.013436095,0.21812162,0.0071405554,0.76290745,0.002048921,0.22414467,0.022168221,0.084964864,0.006882142
375316653866487564,5300272595715117184,0.53618145,2086.293710441491,2.6026121324584475,4.2258753E-6,18.471928,0.0024086467,0.7496147,0.001217821,0.053396057,0.022628454,0.010753551,0.013242246,null,null,null,null,null,null,0.08213746,0.0038868743,0.7496147,0.001217821,"ONEGAUSSIAN_WITH_ELLIPSOIDAL",6,1.1890206,0.7496147,0.001217821,0.2990179,0.12671934,0.17502819,0.011542418,null,null,null,null,null,null
375316653866487564,5300273321579752704,0.6211283,2090.2336952504356,2.0297992970960603,4.7219855E-6,16.170097,0.0038473636,0.2885894,0.0019097266,0.0793869,0.0019638438,0.42475098,0.008553799,0.7858151,0.001626427,0.08955704,0.0020378847,0.32149026,0.006638479,null,null,null,null,"TWOGAUSSIANS",8,11.968391,0.2885894,0.0019097266,0.4,0.0,0.41604143,0.0084862355,0.7858151,0.001626427,0.4,0.0,0.3127806,0.006620495
375316653866487564,5300275245713706240,0.547627,2086.618263439787,1.937291477093368,1.0286752E-5,19.414915,0.005337773,0.17431971,0.031351626,0.017688645,0.015391756,0.9602538,1.969945,0.75735193,0.001435177,0.00358111,4.5333782E-4,0.60089767,0.2454089,null,null,null,null,"TWOGAUSSIANS",8,2.1708615,0.17431971,0.031351626,0.09905641,0.08619384,0.9602538,1.969945,0.75735193,0.001435177,0.020054216,0.0025386917,0.60089767,0.2454089
375316653866487564,5300275623670893824,0.4713012,2081.1872981368765,3.2816276653463348,3.9496626E-5,19.6579,0.0966765,0.30817917,0.113684215,0.05354278,0.17979282,0.13979724,0.06403091,0.76055527,0.023145378,0.06711007,0.019480398,0.42140475,0.064240724,null,null,null,null,"TWOGAUSSIANS",8,5.5746903,0.76055527,0.023145378,0.3758164,0.07179179,0.42138755,0.054869924,0.30817917,0.11372223,0.2998396,0.17120376,0.13978007,0.023888877
375316653866487564,5300276650172572288,0.5443672,2056.07552635262,0.22097806302969,3.145977E-5,18.720175,0.0024914967,0.08423783,0.0030086716,0.009935565,0.0010659085,0.41706347,0.15056972,0.7514895,0.009567742,0.027467795,0.003938836,0.39642143,0.081888214,0.010077781,0.0033635746,0.08423783,0.0030086716,"TWOGAUSSIANS_WITH_ELLIPSOIDAL_ON_ECLIPSE1",9,0.7426354,0.08423783,0.0030086716,0.055639166,0.005969087,0.43721902,0.1508465,0.7514895,0.009567742,0.15381965,0.022057481,0.4013963,0.08150735
375316653866487564,5300276654462628480,0.43323746,2047.7570649454556,3.4539558000601267,4.1458326E-5,19.132326,0.018517083,0.23737624,0.027056137,0.06996633,0.02728679,0.16865624,0.035991218,0.7657031,0.016869077,0.07157711,0.022345504,0.13885944,0.019615186,null,null,null,null,"TWOGAUSSIANS",8,4.0414834,0.23737624,0.027056137,0.39181146,0.03673307,0.168368,0.034497607,0.7657031,0.016869077,0.4,0.05197177,0.13857119,0.01692143
375316653866487564,5300277204230000512,0.5918164,2090.3431795474607,3.4094525815336105,6.42142E-6,16.87687,0.021572476,0.21267186,0.0022164832,0.050921306,0.010517725,0.5220286,0.072259896,0.70737344,0.002054107,0.049387444,0.0075316075,0.28738195,0.04497227,0.101888746,0.029516492,0.21267186,0.0022164832,"TWOGAUSSIANS_WITH_ELLIPSOIDAL_ON_ECLIPSE1",9,37.983196,0.21267186,0.0022164832,0.28515932,0.058899257,0.7258018,0.09522827,0.7080134,0.0018019965,0.2765697,0.042177,0.49095652,0.017891133
375316653866487564,5300277749676095232,0.4598448,2100.5595860053004,2.10976825930058,2.5247504E-5,15.644482,0.47923404,0.24722058,0.0061297794,0.14599323,0.02210712,0.47447008,0.23875226,0.7523263,0.009810221,0.21977115,0.10674844,0.49239424,0.4713271,null,null,null,null,"TWOGAUSSIANS",8,139.04924,0.24516058,0.005987796,0.4,0.0,0.18650393,0.01883445,0.7531163,0.01004298,0.4,0.0,0.13303101,0.017592272
375316653866487564,5300278608667117952,0.5099886,2083.8391981583104,3.5330206294358506,1.2308854E-5,19.7636,0.010202785,0.23953359,0.0063265306,0.0755441,0.0054416987,0.4112988,0.04116728,0.733562,0.005082003,0.077688284,0.0063850353,0.34225944,0.023642166,null,null,null,null,"TWOGAUSSIANS",8,1.876309,0.23953359,0.0063265306,0.4,0.0,0.4080858,0.041119345,0.733562,0.005082003,0.4,0.0,0.33904642,0.02402755
375316653866487564,5300279334533572608,0.5031313,2072.044370847678,0.1781555661216027,1.0917061E-5,13.915035,0.0034829937,0.24405015,0.0036732287,0.07683823,0.0051190043,0.08305469,0.005669349,0.77696264,0.0029398908,0.07177945,0.0051465593,0.11048022,0.006988698,null,null,null,null,"TWOGAUSSIANS",8,90.98724,0.77696264,0.0029398908,0.4,0.014241604,0.11017306,0.007012236,0.24405015,0.0036732287,0.4,0.0,0.08274753,0.0055884058
375316653866487564,5300281323090094592,0.5833114,2084.0368741151497,1.447021328939349,3.6019196E-6,17.808403,0.0045955256,0.1723813,0.0013441254,0.038643233,0.002349137,0.47034156,0.027657166,0.6573801,3.4609667E-4,0.025008798,0.0027010802,0.073210716,0.010094337,0.044008616,0.0060430355,0.1723813,0.0013441254,"TWOGAUSSIANS_WITH_ELLIPSOIDAL_ON_ECLIPSE1",9,2.9019792,0.1723813,0.0013441254,0.21640211,0.013155168,0.5583588,0.030117556,0.65822005,3.350645E-4,0.14004926,0.015126049,0.16049166,0.0026996583
375316653866487564,5300282392546176640,0.55485135,2101.739835944184,2.6709016306449613,8.112285E-6,18.134493,0.008204509,0.29800192,0.0037988916,0.08638768,0.0051524146,0.32043615,0.010083114,0.80441284,0.0026700674,0.0800303,0.003923219,0.30757657,0.009736889,null,null,null,null,"TWOGAUSSIANS",8,5.596093,0.29800192,0.0037988916,0.4,0.0,0.31431058,0.009416423,0.80441284,0.0026700674,0.4,0.0,0.30145103,0.009164581
375316653866487564,5300283629502741632,0.44072548,2098.925306987535,0.24654488891916815,2.5366651E-5,16.996143,0.0025142576,0.23664851,0.0095952265,0.013503173,0.008950368,0.13733324,2.491293,0.69974214,0.02137107,0.012643273,0.03182079,0.027809948,174.3254,0.018238433,0.0039998046,0.23664851,0.0095952265,"TWOGAUSSIANS_WITH_ELLIPSOIDAL_ON_ECLIPSE1",9,12.845024,0.23664851,0.0095952265,0.075617775,0.05012206,0.17381006,2.492179,0.70032215,0.022437103,0.07080232,0.17819642,0.062390003,174.323
375316653866487564,5300284003148195072,0.56912494,2097.2363753224604,3.1572847766992926,9.939082E-6,19.407875,0.016194718,0.21708392,0.0025180038,0.029023528,0.007930977,0.17754395,0.030893585,0.7079528,0.014652286,0.03777641,0.040343277,0.24177422,0.13077125,0.14800285,0.017546069,0.21708392,0.0025180038,"TWOGAUSSIANS_WITH_ELLIPSOIDAL_ON_ECLIPSE1",9,1.2612342,0.70906276,0.013360497,0.21154791,0.20567384,0.5369242,0.15643482,0.21708392,0.0025180038,0.16253176,0.04441347,0.4735495,0.011618599
375316653866487564,5300284106227413248,0.65804905,2045.4054356198913,0.4771436038962066,1.0010203E-6,18.41109,0.0027523632,0.18540108,0.0029418594,0.026104461,0.0024985978,0.13707694,0.013560894,0.68724436,9.852831E-5,0.021708405,3.2744728E-4,1.5028119,0.03280455,0.019858064,0.004137305,0.18540108,0.0029418594,"TWOGAUSSIANS_WITH_ELLIPSOIDAL_ON_ECLIPSE1",9,1.6921215,0.68724436,9.852831E-5,0.12156706,0.0018337048,1.5425227,0.03702212,0.18540108,0.0029418594,0.14618498,0.0139921475,0.17679307,0.012736835
375316653866487564,5300285622367350016,0.5988485,2080.9088255178626,3.4681547474734944,3.5635164E-6,18.609835,0.021877667,0.21674147,0.0014605848,0.04679465,0.0045379316,0.4338635,0.052510682,0.72455746,0.0021917648,0.0547464,0.004478822,0.63172966,0.04242092,0.09921222,0.027197069,0.21674147,0.0014605848,"TWOGAUSSIANS_WITH_ELLIPSOIDAL_ON_ECLIPSE1",9,4.120829,0.72455746,0.0021917648,0.30657986,0.025081404,0.8296656,0.041514426,0.21674147,0.0014605848,0.26205003,0.025412418,0.6322776,0.03459892
375316653866487564,5300286855009300864,0.5911047,2125.475517171591,0.2399593730282905,2.3632674E-5,16.859533,8.9938426E-4,0.32565376,0.025018333,0.08054394,0.022980707,0.009785419,0.0034833564,0.72238827,6.3834465E-5,0.0066337567,5.8663583E-5,0.23614609,0.0014656679,null,null,null,null,"TWOGAUSSIANS",8,1.4176689,0.72238827,6.3834465E-5,0.03714904,3.2851606E-4,0.23614614,0.0014656952,0.32565376,0.025018333,0.4,0.023561744,0.009785419,0.0034833592
375316653866487564,5300287198600334080,0.5715097,2121.3984910056943,2.568242789498179,5.692512E-6,19.15753,0.010170272,0.18945025,0.0018412037,0.03982711,0.002794865,0.32073504,0.027295278,0.6870309,0.0032486084,0.03771241,0.0032396917,0.54966664,0.026273001,0.08164554,0.012214833,0.18945025,0.0018412037,"TWOGAUSSIANS_WITH_ELLIPSOIDAL_ON_ECLIPSE1",9,2.280187,0.6871109,0.0031463855,0.2111895,0.018142274,0.7129212,0.019059505,0.18945025,0.0018412037,0.2230318,0.015651245,0.4840261,0.01932374
375316653866487564,5300287443426470656,0.45994473,2081.002067950959,1.0954199457236766,2.983695E-5,19.003439,0.011109162,0.22053345,0.0034294436,0.020375613,0.004782832,0.31269073,0.07589603,0.7034388,0.017557653,0.06524447,0.016064936,0.102254145,0.038723316,0.024138687,0.01417243,0.22053345,0.0034294436,"TWOGAUSSIANS_WITH_ELLIPSOIDAL_ON_ECLIPSE1",9,5.5998116,0.22053345,0.0034294436,0.11410344,0.026783861,0.36094493,0.07847227,0.70576876,0.015096803,0.36536905,0.08093933,0.15002884,0.03411322
375316653866487564,5300287615232208256,0.5304313,2106.701821996876,0.2917768584845296,3.595514E-5,16.7007,0.00241421,0.32077327,0.00175634,0.016928613,0.0066660778,0.21094792,0.016233413,null,null,null,null,null,null,0.0170698,0.0032683166,0.32077327,0.00175634,"ONEGAUSSIAN_WITH_ELLIPSOIDAL",6,10.23362,0.32077327,0.00175634,0.094800234,0.037330035,0.24508746,0.018233508,null,null,null,null,null,null
375316653866487564,5300288847867794304,0.49548528,2079.316059899443,3.063078692408183,1.6026906E-5,18.155527,0.0047175107,0.27387807,0.0054468927,0.06666587,0.006822107,0.17705771,0.011151196,0.7698478,0.0075975023,0.06445948,0.0070157237,0.14800118,0.006572674,null,null,null,null,"TWOGAUSSIANS",8,5.3692575,0.27387807,0.0054468927,0.37332886,0.0382038,0.17685711,0.011171489,0.7698478,0.0075975023,0.3609731,0.039288055,0.14780058,0.006506143
375316653866487564,5300289298859585920,0.5054094,2087.9996279789407,0.361191866185535,2.4657376E-5,10.189618,0.0030113815,0.18205217,0.00460195,0.020607673,0.0034887865,0.09397049,0.01187506,0.6840329,0.03914963,0.05477704,0.047466807,0.022177897,0.049380988,0.0070331465,0.00373777,0.18205217,0.00460195,"TWOGAUSSIANS_WITH_ELLIPSOIDAL_ON_ECLIPSE1",9,23.048283,0.18205217,0.00460195,0.11540297,0.019537205,0.10803612,0.008544098,0.6840329,0.024593163,0.30675143,0.18135428,0.03624135,0.054655872
375316653866487564,5300290600214627456,0.5845641,2090.8553087383343,3.5200959146437194,1.05906565E-5,17.266449,0.007428966,0.24917038,0.003787056,0.078890145,0.004381339,0.6091435,0.019896455,0.75393033,0.0026920515,0.07325918,0.0029970738,0.47512537,0.023380749,null,null,null,null,"TWOGAUSSIANS",8,23.55627,0.24917038,0.003787056,0.4,0.0,0.6047433,0.020027358,0.75393033,0.0026920515,0.4,0.0,0.47072515,0.023658466
375316653866487564,5300291222998693760,0.5363367,2097.414149622261,0.5604697892265633,1.6492395E-5,18.26161,0.0028058228,0.7632593,0.0037266933,0.022957752,0.0021996405,0.5194331,0.047737923,null,null,null,null,null,null,null,null,null,null,"ONEGAUSSIAN",5,4.2868505,0.7632593,0.0037266933,0.1285634,0.012317987,0.5194331,0.0,null,null,null,null,null,null
375316653866487564,5300292249479989376,0.51436496,2097.646775684437,1.192082363161284,9.370405E-6,17.422144,0.009274404,0.23917681,0.0018279258,0.037674468,0.0025256004,0.28707275,0.014950058,0.6831053,0.013569912,0.06393676,0.014194267,0.04109954,0.011431498,null,null,null,null,"TWOGAUSSIANS",8,12.881859,0.23917681,0.0018279258,0.21097702,0.014143363,0.28707272,0.014950026,0.6831053,0.013569912,0.35804588,0.07948789,0.041099492,0.01143143
375316653866487564,5300292322516449664,0.5693483,2114.5983337214116,3.1717704521550174,1.4523468E-5,16.652832,0.022736654,0.30183715,0.002817456,0.060613208,0.021276372,0.15191858,0.038521577,0.7684762,0.032618783,0.05181676,0.014601827,0.08465918,0.047159627,0.08816907,0.027205026,0.30183715,0.002817456,"TWOGAUSSIANS_WITH_ELLIPSOIDAL_ON_ECLIPSE1",9,16.453138,0.30183715,0.002817456,0.33943397,0.09316261,0.3282252,0.046414316,0.77873623,0.022141268,0.29017386,0.08177023,0.25563332,0.007733005
375316653866487564,5300293142835259264,0.582258,2114.89759838462,2.8593713303432433,6.0167213E-6,17.982265,0.0123087,0.2848547,0.0023683587,0.10072877,0.00535717,0.32021782,0.012491751,0.7863804,0.0028703527,0.09535693,0.0045251367,0.34035543,0.014223819,null,null,null,null,"TWOGAUSSIANS",8,2.814005,0.7863804,0.0028703527,0.4,0.0,0.3153231,0.0077291923,0.2848547,0.0023683587,0.4,0.0,0.29518336,0.0096153235
375316653866487564,5300293589519280768,0.45974568,2103.290404006109,3.0499580066723784,3.223969E-5,18.263231,0.016280763,0.32636735,0.0098790685,0.08208072,0.011378586,0.14104502,0.027202459,0.8234246,0.008004543,0.08750294,0.025460884,0.1241292,0.014521156,null,null,null,null,"TWOGAUSSIANS",8,5.83569,0.32636735,0.0098790685,0.4,0.0,0.13779913,0.025196424,0.8234246,0.008004543,0.4,0.0,0.12088328,0.014924639
375316653866487564,5300294212302020736,0.49386588,2092.603971637285,2.620379029275552,1.3934422E-5,14.309408,0.08817413,0.25942314,0.0038386262,0.23284917,0.03598136,0.45428684,0.084109515,0.76248336,0.00354299,0.17269938,0.02095935,0.35469875,0.08603923,null,null,null,null,"TWOGAUSSIANS",8,37.73324,0.25799313,0.0037922808,0.4,0.0,0.0871522,0.0044490723,0.7656334,0.0038518517,0.4,0.0,0.06737563,0.005082859
375316653866487564,5300294281013980544,0.55471,2118.5960406863537,1.6794831991073358,5.606181E-6,18.844667,0.0037000147,0.2274507,0.008029488,0.0661448,0.0069199177,0.14198563,0.011947475,0.7315991,0.0017570625,0.050157476,0.0022476327,0.4301495,0.018772658,null,null,null,null,"TWOGAUSSIANS",8,1.5043105,0.7315991,0.0017570625,0.28088185,0.012586743,0.43011227,0.018782236,0.2274507,0.008029488,0.37041092,0.03875154,0.14194842,0.011953429
375316653866487564,5300294796417595264,0.55629754,2085.0388423771637,0.6398532785060499,2.355053E-5,18.26018,0.0017865287,0.5446831,5.00854E-4,0.033385575,0.0010005011,0.3676651,0.009290506,0.8680425,4.656306E-5,0.0024432675,7.716475E-5,0.14516485,0.0020580993,null,null,null,null,"TWOGAUSSIANS",8,1.3560787,0.5446831,5.00854E-4,0.1869592,0.0056028063,0.3676651,0.009290506,0.8680425,4.656306E-5,0.013682298,4.3212256E-4,0.14516485,0.0020580993
375316653866487564,5300295891612258688,0.5323467,2125.4214644945973,0.23185408378703787,1.0005193E-6,17.973331,0.00280583,0.109831005,1.279823E-4,0.005894557,1.4663665E-4,0.9120078,0.017579231,0.6517842,0.067919225,0.03938498,0.05532312,0.1791246,5.637444E30,null,null,null,null,"TWOGAUSSIANS",8,20.914402,0.109831005,1.279823E-4,0.03300952,8.211653E-4,0.9120078,0.017579231,0.6517842,0.067919225,0.22055589,0.30980948,0.1791246,5.637444E30
375316653866487564,5300296269569417472,0.45207065,2164.824603671245,3.983561117517638,1.800994E-5,18.794481,0.004962289,0.1882156,0.013927953,0.04165213,0.011966272,0.15054244,0.172615,0.7147128,6.6334184E-4,0.013330626,0.001203346,0.63407224,0.29495057,null,null,null,null,"TWOGAUSSIANS",8,3.9248745,0.7147128,6.6334184E-4,0.0746515,0.006738737,0.63407224,0.29495057,0.1882156,0.013927953,0.23325193,0.067011125,0.15054244,0.172615
375316653866487564,5300298679067740032,0.59739316,2179.282543908546,1.6434028892710741,5.2509104E-6,17.015642,0.015158534,0.25447237,0.0025424764,0.09835453,0.0058251154,0.33574837,0.014817143,0.77716327,0.0028424459,0.10614718,0.006154823,0.32924655,0.015167645,null,null,null,null,"TWOGAUSSIANS",8,5.963965,0.2544624,0.0025435206,0.4,0.0,0.31043094,0.012149847,0.77716327,0.002849612,0.4,0.0,0.30391678,0.010302823
375316653866487564,5300299916018378880,0.553356,2104.514093371531,0.42719404495236785,1.0005192E-6,16.067207,0.003760031,0.2188591,0.0028706978,0.029520663,0.0051951967,0.11000501,0.010863544,0.71531713,1.2038171E-4,0.0314342,3.9839154E-4,0.92421323,0.013734599,null,null,null,null,"TWOGAUSSIANS",8,50.66069,0.71531713,1.2038171E-4,0.17603153,0.0022309925,0.92421323,0.013734599,0.2188591,0.0028706978,0.1653157,0.029093102,0.11000501,0.010863544
375316653866487564,5300300706292176768,0.63517493,2067.7972833054964,4.043947111579691,3.4272255E-6,16.380121,0.02184903,0.24415575,0.003447107,0.040597208,0.048611257,0.14638332,0.058088873,0.72924316,0.0013417038,0.04855088,0.002909602,0.63156426,0.04192946,0.10252088,0.024076762,0.24415575,0.003447107,"TWOGAUSSIANS_WITH_ELLIPSOIDAL_ON_ECLIPSE1",9,39.202267,0.7300932,0.0011381997,0.27188495,0.016293772,0.8349122,0.010417538,0.24415575,0.003447107,0.22734438,0.1741317,0.35142463,0.085012004
375316653866487564,5300300981162233472,0.63828415,2107.6423082614224,1.4496233974873405,9.624171E-6,16.36727,0.040958576,0.26055056,0.0048008165,0.06715733,0.015799725,0.15763621,0.0820046,0.75409544,0.003094212,0.057106957,0.010255306,0.47552484,0.07237634,0.077250786,0.044027157,0.26055056,0.0048008165,"TWOGAUSSIANS_WITH_ELLIPSOIDAL_ON_ECLIPSE1",9,17.77065,0.75459546,0.0028039918,0.31979895,0.057429712,0.6296197,0.02646166,0.26055056,0.0048008165,0.37608105,0.06343338,0.3119655,0.021270849
375316653866487564,5300302218112646912,0.5111781,2099.337788876807,0.39629970486244587,2.1761487E-5,18.770224,0.008535882,0.3015355,0.034415144,0.07586684,0.023620978,0.05153954,0.012027343,0.76025665,0.013986187,0.014845057,0.024028525,0.70118743,0.66971433,null,null,null,null,"TWOGAUSSIANS",8,4.731496,0.76025665,0.013986187,0.08313232,0.13455974,0.70118743,0.66971916,0.3015355,0.034415144,0.4,0.048878696,0.051539537,0.012024827
375316653866487564,5300302316883171328,0.5311595,2089.4423985648386,3.210876227691505,6.0950265E-6,19.57153,0.026760934,0.3538883,0.0069460776,0.07036447,0.013161987,0.43768242,0.048031904,0.85055363,0.0024767914,0.06501669,0.0049891253,0.5060549,0.045083746,null,null,null,null,"TWOGAUSSIANS",8,1.8637125,0.85055363,0.0024767914,0.36409342,0.027939104,0.50512075,0.04495114,0.3538883,0.0069460776,0.39404103,0.06020419,0.4367483,0.048906107
375316653866487564,5300302767868013312,0.46084252,2046.7202300721842,3.488944150023877,3.5887275E-5,19.24015,0.4828923,0.2712024,0.011703454,0.11650454,0.10341641,0.23067576,0.4750699,0.75624955,0.007959416,0.11131028,0.050557222,0.23378545,0.38363597,null,null,null,null,"TWOGAUSSIANS",8,2.7023885,0.75624955,0.007959416,0.4,0.0,0.19776173,0.023452314,0.2712324,0.011256737,0.4,0.0,0.19462198,0.017366724
375316653866487564,5300303008394610304,0.61464506,2110.6731428699845,2.7426682928856914,3.2931803E-6,16.431683,0.011211528,0.25749397,0.0013590618,0.048214104,0.0030309134,0.38687918,0.029057957,0.7568916,0.0032696435,0.049616322,0.0047314162,0.30677804,0.02840932,0.119183354,0.014416143,0.25749397,0.0013590618,"TWOGAUSSIANS_WITH_ELLIPSOIDAL_ON_ECLIPSE1",9,31.004963,0.25749397,0.0013590618,0.26999897,0.016973116,0.6252443,0.02207327,0.7569716,0.0030049458,0.2778514,0.026495932,0.5451402,0.02230255
375316653866487564,5300303214552904832,0.5222529,2121.977849723549,3.434984110872851,9.268421E-6,16.865444,0.005038069,0.38217512,0.002545317,0.050226707,0.0023364883,0.35102853,0.00873767,0.853417,0.015278272,0.0430858,0.008522046,0.049741425,0.011334346,null,null,null,null,"TWOGAUSSIANS",8,25.571299,0.38217512,0.002545317,0.28126955,0.013084335,0.3510285,0.008737665,0.853417,0.015278272,0.24128048,0.047723457,0.049741395,0.011334324
375316653866487564,5300304069229864192,0.43731213,2107.3181790026283,0.8585573284862452,5.359522E-6,19.156645,0.006777663,0.1664394,7.952928E-4,0.016419716,0.0012584954,0.8463292,0.24544601,0.8787079,0.073877774,0.044496167,0.060194556,0.031536274,0.06765564,null,null,null,null,"TWOGAUSSIANS",8,2.1981044,0.1664394,7.952928E-4,0.09195041,0.0070475745,0.8463292,0.24543887,0.8787079,0.073877774,0.24917854,0.2706282,0.031536274,0.06765564
375316653866487564,5300304069229867136,0.5259238,2075.3985878858607,1.8307791788058405,1.0005912E-5,19.730892,0.0142836645,0.2285639,0.03118404,0.036255766,0.015899882,0.09453814,0.02874035,0.71883357,0.0022882887,0.028100934,0.0027354881,0.70910186,0.05741658,null,null,null,null,"TWOGAUSSIANS",8,4.7905984,0.71883357,0.0022882887,0.15736523,0.015318734,0.70910186,0.05741658,0.2285639,0.03118404,0.2030323,0.08903933,0.09453814,0.02874035
375316653866487564,5300306478728453888,0.6191698,2163.5078956581056,2.376914997872164,4.58609E-6,15.633364,0.0064559327,0.23284563,0.0014361949,0.052534264,0.004296743,0.12089557,0.014363376,0.7384278,0.0041009034,0.049070664,0.0057631508,0.15416375,0.012206328,0.07736725,0.00848003,0.23284563,0.0014361949,"TWOGAUSSIANS_WITH_ELLIPSOIDAL_ON_ECLIPSE1",9,13.261196,0.7384278,0.0041009034,0.2747957,0.032273643,0.30870578,0.009077378,0.23284563,0.0014361949,0.2941919,0.02406176,0.27562788,0.0038399976
375316653866487564,5300306650519150464,0.5210629,2124.9931640516893,3.8565884750974075,5.962867E-6,19.378029,0.014828439,0.26781303,0.003812144,0.075335756,0.0051697665,0.50873613,0.03599033,0.7652328,0.004411161,0.08013429,0.0067266594,0.41461745,0.02700855,null,null,null,null,"TWOGAUSSIANS",8,2.9051983,0.26781303,0.003812144,0.4,0.0,0.50381637,0.036460884,0.7652328,0.004411161,0.4,0.0,0.40969765,0.027801372
375316653866487564,5300306856685368576,0.5666703,2107.127250650013,3.9196733490490163,1.203362E-5,17.285229,0.0056163776,0.3199511,0.00423866,0.06846723,0.007655809,0.19131404,0.01486363,0.82591426,0.00514632,0.06866643,0.0055543133,0.21868466,0.009401608,null,null,null,null,"TWOGAUSSIANS",8,4.5411177,0.82591426,0.00514632,0.384532,0.028785337,0.21823193,0.009447501,0.3199511,0.00423866,0.3834165,0.0271164,0.19086131,0.015292465
375316653866487564,5300307200282750464,0.5771381,2123.451593767734,0.9161326978077934,6.0051116E-6,17.237902,0.0027493981,0.26824084,0.0017716852,0.028466387,0.0018424196,0.2399729,0.011093675,0.76751524,0.0067989393,0.035110585,0.008029799,0.10757264,0.011550332,0.013427089,0.004044501,0.26824084,0.0017716852,"TWOGAUSSIANS_WITH_ELLIPSOIDAL_ON_ECLIPSE1",9,3.23261,0.26824084,0.0017716852,0.15941176,0.01031755,0.26682705,0.011326666,0.76753527,0.0067137047,0.19661929,0.044966877,0.13442622,0.010567296
375316653866487564,5300307608283126272,0.48278496,2107.336780109399,0.28688705299865225,2.0219677E-5,18.6819,0.004205497,0.26339075,0.008306599,0.045463808,0.008070272,0.1719664,0.0104662655,0.7271325,0.0079071615,0.022167308,0.007111774,0.041631006,0.031078327,null,null,null,null,"TWOGAUSSIANS",8,2.3982706,0.26339075,0.008306599,0.2545973,0.045193527,0.1719664,0.0104662655,0.7271325,0.0079071615,0.124136925,0.039825935,0.041631006,0.031078327
375316653866487564,5300307990556953344,0.46977845,2208.825851952867,0.31218309088941654,1.277396E-4,16.790615,0.0210374,0.12663262,0.020481812,0.050718762,0.022149526,0.09735848,0.024410956,0.7549853,0.13079186,0.07016251,0.1918627,0.02730992,0.02342473,null,null,null,null,"TWOGAUSSIANS",8,1.7247298,0.12663262,0.020517297,0.28402504,0.12403735,0.097358376,0.02324599,0.7549853,0.13079186,0.3929101,0.23584798,0.027309798,0.019545116
375316653866487564,5300308123687405824,0.5683344,2152.036008021987,2.868403005865395,4.9244163E-6,17.63888,0.0067973644,0.2471516,0.0050768615,0.07641244,0.0064744866,0.45943394,0.011785718,0.7438141,0.0014562677,0.0758528,0.0023060641,0.49355507,0.014304477,null,null,null,null,"TWOGAUSSIANS",8,10.041983,0.7438141,0.0014562677,0.4,0.0,0.48951927,0.014176623,0.2471516,0.0050768615,0.4,0.0,0.45539814,0.011666851
375316653866487564,5300308883909992832,0.6170703,2099.8174861763564,1.0721251711707382,3.4156305E-6,17.15453,0.0023438795,0.13008857,7.5242174E-4,0.03589505,0.0010920493,0.4794663,0.018785002,0.6311692,0.00437903,0.041899644,0.0026483925,0.22481652,0.015026875,0.015861437,0.0036379062,0.13008857,7.5242174E-4,"TWOGAUSSIANS_WITH_ELLIPSOIDAL_ON_ECLIPSE1",9,3.63009,0.13008857,7.5242174E-4,0.20101227,0.006115476,0.5111891,0.01995378,0.6311692,0.004336853,0.234638,0.014830998,0.25653785,0.013250936
375316653866487564,5300310906818050688,0.5109647,2053.8722973308245,3.477361357590632,1.7464476E-5,17.961622,0.036062118,0.24316049,0.0066230767,0.096854426,0.011719872,0.5005076,0.04652641,0.74424314,0.00541501,0.079572566,0.0135185225,0.43375552,0.03666026,null,null,null,null,"TWOGAUSSIANS",8,26.974722,0.24316049,0.0066230767,0.4,0.0,0.48396248,0.042213507,0.74424314,0.00541501,0.4,0.0,0.417212,0.034496143
375316653866487564,5300311456574458752,0.6147318,2102.674782035231,0.19855161051577289,2.827056E-6,16.640785,8.849867E-4,0.29027635,4.670699E-4,0.009355911,4.389037E-4,0.18788294,0.010352074,0.7924794,7.43925E-5,0.009617233,1.5628243E-4,0.23478195,0.0018921981,null,null,null,null,"TWOGAUSSIANS",8,2.1262872,0.7924794,7.43925E-5,0.0538565,8.7518163E-4,0.23478195,0.0018921981,0.29027635,4.670699E-4,0.052393105,0.0024578606,0.18788294,0.010352074
375316653866487564,5300312216804327296,0.4771725,2060.3817986938425,0.4291878727559806,5.867997E-6,17.880642,0.0018732767,0.13223842,9.060738E-4,0.013985515,9.297447E-4,0.15916091,0.016903313,0.6358009,0.0010730356,0.014695274,8.635134E-4,0.09778947,0.007876283,null,null,null,null,"TWOGAUSSIANS",8,2.1004093,0.13223842,9.060738E-4,0.07831888,0.0052065705,0.15916091,0.016903313,0.6358009,0.0010730356,0.08229353,0.004835675,0.09778947,0.007876283
375316653866487564,5300312934042690432,0.48722306,2048.5808980782035,0.6596216046341107,6.891813E-6,18.710274,0.005765713,0.14923869,0.009145937,0.03019238,0.0062837647,0.26850635,0.061375182,0.6445043,0.00845822,0.016131476,0.00690376,0.3095522,0.071259856,null,null,null,null,"TWOGAUSSIANS",8,3.9739788,0.6445043,0.00845822,0.09033626,0.038661055,0.3095522,0.071259856,0.14923869,0.009145937,0.16907734,0.03518908,0.26850635,0.061375182
375316653866487564,5300313346359569664,0.5975232,2079.1996992533254,1.3460475973492565,3.129804E-6,17.547642,0.007696293,0.28829902,0.0025856448,0.09380366,0.0038939065,0.30410075,0.010467088,0.77633774,6.839487E-4,0.08752203,0.0025966803,0.31586242,0.0073285145,null,null,null,null,"TWOGAUSSIANS",8,3.043623,0.77633774,6.839487E-4,0.4,0.0,0.30436474,0.006083246,0.28829902,0.0025856448,0.4,0.0,0.29260263,0.009796708
375316653866487564,5300316099455858944,0.651084,2088.734897447944,2.628220309525173,2.1009182E-6,15.988377,0.0102371145,0.21840252,0.001327042,0.05063724,0.0021834995,0.42827335,0.022063546,0.7207985,0.0011320359,0.045738604,0.0027476843,0.36770314,0.021484919,0.12655562,0.012257622,0.7207985,0.0011320359,"TWOGAUSSIANS_WITH_ELLIPSOIDAL_ON_ECLIPSE2",9,26.23774,0.21866253,0.001163536,0.28356853,0.012227597,0.6813304,0.009080255,0.7207985,0.0011320359,0.25613618,0.015387032,0.6208114,0.0068063266
375316653866487564,5300316408693526912,0.5656028,2102.0623833683267,3.1488257986525867,1.21456915E-5,18.491875,0.012269704,0.2599154,0.0040918416,0.07853793,0.0052209296,0.33076212,0.018363485,0.772198,0.0024772012,0.077575065,0.0051243776,0.40744424,0.013202915,null,null,null,null,"TWOGAUSSIANS",8,4.427814,0.772198,0.0024772012,0.4,0.0,0.40407905,0.012800442,0.2599154,0.0040918416,0.4,0.0,0.32739696,0.017778639
375316653866487564,5300317405130790528,0.5006537,2065.7992672262576,2.307575039793004,2.4881949E-5,19.068342,0.007752015,0.33476797,1.4079305E-4,0.015491423,6.9099956E-4,1.4271836,0.14191122,0.7227854,0.0077232984,0.029221585,0.008614203,0.07713685,0.0195488,null,null,null,null,"TWOGAUSSIANS",8,5.377941,0.33476797,1.4079305E-4,0.08675197,0.0038695976,1.4271836,0.14191122,0.7227854,0.0077232984,0.16364087,0.048239537,0.07713685,0.0195488
375316653866487564,5300318916934045056,0.48656347,2134.143356741854,2.3790295875339984,1.4788219E-5,19.667917,0.018369962,0.13557714,0.0061931275,0.06846876,0.0057937745,0.5207681,0.05089425,0.6228831,0.003951083,0.05918165,0.005338019,0.5540668,0.019548783,null,null,null,null,"TWOGAUSSIANS",8,5.691244,0.6228831,0.003951083,0.33141723,0.029892907,0.5537309,0.01959599,0.13557714,0.0061931275,0.38342506,0.031835485,0.52043223,0.050911363
375316653866487564,5300319535429711232,0.50814664,2078.5284077841748,1.046330948530133,1.6543672E-5,18.067234,0.0033129398,0.3215712,0.011104634,0.010512541,0.0065584704,0.42524746,0.26477227,0.8121353,0.004704458,0.01713893,0.003756997,0.33870414,0.027491443,null,null,null,null,"TWOGAUSSIANS",8,7.8649664,0.3215712,0.011104634,0.058870234,0.036727432,0.42524746,0.26477227,0.8121353,0.004704458,0.09597801,0.021039182,0.33870414,0.027491443
375316653866487564,5300319943436961536,0.60157216,2099.086809223668,2.623631687245157,5.2953355E-6,17.939106,0.0136877615,0.23138136,0.002057209,0.057003476,0.004949892,0.2945878,0.032089885,0.72836775,0.003976306,0.05587948,0.0060755527,0.20768942,0.029860673,0.09962474,0.017861377,0.23138136,0.002057209,"TWOGAUSSIANS_WITH_ELLIPSOIDAL_ON_ECLIPSE1",9,3.8621666,0.23138136,0.002057209,0.31921947,0.027719395,0.4938094,0.009224071,0.7289477,0.0030335344,0.31292507,0.034023095,0.40685326,0.020194056
375316653866487564,5300319982106133120,0.5829896,2121.06138345743,1.2725499115903263,3.774484E-6,14.107417,0.14450325,0.2783264,0.0048507596,0.17641814,0.03744947,0.23251294,0.14105415,0.75853395,0.0045170933,0.14841911,0.016360441,0.26476568,0.118686415,null,null,null,null,"TWOGAUSSIANS",8,9.63868,0.75853395,0.0045170933,0.4,0.0,0.13779701,0.0019623109,0.2809464,0.0031550922,0.4,0.0,0.098801464,0.0025869166
375316653866487564,5300320669300888448,0.6028807,2066.1592414746206,3.2274429970134193,6.558734E-6,17.390215,0.009832396,0.22325107,0.0018137924,0.046859734,0.005472375,0.21818088,0.023743492,0.71519184,0.002401727,0.052987047,0.0040991185,0.31536505,0.021896975,0.11346119,0.012873992,0.22325107,0.0018137924,"TWOGAUSSIANS_WITH_ELLIPSOIDAL_ON_ECLIPSE1",9,9.900058,0.71630186,0.001930633,0.29672745,0.022955064,0.54178274,0.01478517,0.22325107,0.0018137924,0.26241452,0.0306453,0.44510013,0.018457014
375316653866487564,5300320978538539136,0.42036965,2124.9661287755684,0.11652353419851896,1.956251E-5,19.178587,0.0045874277,0.24575026,0.0061491,0.046527714,0.036376815,0.032485075,0.21545628,null,null,null,null,null,null,0.06153764,0.008219576,0.24575026,0.0061491,"ONEGAUSSIAN_WITH_ELLIPSOIDAL",6,4.2211003,0.24575026,0.0061491,0.2605552,0.20371015,0.15556005,0.21585643,null,null,null,null,null,null
375316653866487564,5300321322115652992,0.4568802,2082.043620382195,1.6496011884567647,1.6966618E-5,18.801222,0.0043045417,null,null,null,null,null,null,null,null,null,null,null,null,0.07739483,0.0058099683,0.30241543,0.0059935567,"ELLIPSOIDAL",4,5.0839868,null,null,null,null,null,null,null,null,null,null,null,null
375316653866487564,5300323589878914688,0.5247867,2090.9765708339824,0.19050090055559302,4.438097E-6,14.219459,8.859108E-4,null,null,null,null,null,null,null,null,null,null,null,null,0.040512193,0.0012580327,0.18535854,0.0020516317,"ELLIPSOIDAL",4,23.048088,null,null,null,null,null,null,null,null,null,null,null,null
375316653866487564,5300323658598380160,0.59065026,2104.746713770761,4.206123852941533,5.7793764E-6,14.678713,0.07488635,0.19070953,0.0038174218,0.05817195,0.016412646,0.35186717,0.15054153,0.6822311,0.0038627656,0.06556838,0.018062629,0.2544819,0.14856268,0.06810471,0.0793486,0.19070953,0.0038174218,"TWOGAUSSIANS_WITH_ELLIPSOIDAL_ON_ECLIPSE1",9,199.8377,0.19070953,0.0038174218,0.32576293,0.09191082,0.4879354,0.017348269,0.6835311,0.0032802802,0.3671829,0.08367153,0.39022323,0.016393045
375316653866487564,5300324036555522304,0.6550284,2124.1539167893457,2.2395149087141784,3.1214652E-6,16.50386,0.009746641,0.2539193,0.0010394233,0.05852826,0.004823776,0.22075935,0.019593513,0.7575823,0.0019630333,0.058187716,0.005036369,0.18154171,0.021845007,0.11645147,0.012101733,0.2539193,0.0010394233,"TWOGAUSSIANS_WITH_ELLIPSOIDAL_ON_ECLIPSE1",9,5.8403563,0.2539193,0.0010394233,0.32775825,0.027013147,0.4536227,0.014224377,0.7575823,0.0019630333,0.3258512,0.028203664,0.41428173,0.0142383715
375316653866487564,5300325475355933824,0.49636242,2084.803208808275,2.430978543906722,2.0800264E-5,18.991222,0.046491295,0.3294628,0.0070221946,0.1004443,0.022880485,0.196692,0.037723262,0.82537764,0.0054881535,0.12321059,0.023550404,0.19685751,0.046679463,null,null,null,null,"TWOGAUSSIANS",8,1.6663756,0.82537764,0.0054881535,0.4,0.0,0.16601667,0.011349303,0.3294828,0.0070363358,0.4,0.0,0.16595489,0.020633454
375316653866487564,5300326132499586432,0.54091847,2097.8303988408766,2.0284331662787825,7.471906E-6,17.345043,0.026380967,0.27916023,0.0059224693,0.10431555,0.017431129,0.2696489,0.017325416,0.76120186,0.002881605,0.08777421,0.008486244,0.3365923,0.02260541,null,null,null,null,"TWOGAUSSIANS",8,15.471706,0.76120186,0.002881605,0.4,0.0,0.32096595,0.011547948,0.27916023,0.0059224693,0.4,0.0,0.25401524,0.012003461
375316653866487564,5300327163291560192,0.54354525,2109.471027798279,1.6742934158189267,1.1615506E-5,15.42215,0.0080234045,0.29818988,0.0020298269,0.04803344,0.0038365598,0.2682078,0.018330809,0.8084439,0.04387117,0.0350954,0.014547595,0.14286384,0.10690687,0.058180787,0.01177774,0.29818988,0.0020298269,"TWOGAUSSIANS_WITH_ELLIPSOIDAL_ON_ECLIPSE1",9,130.83351,0.29818988,0.0020298269,0.26898727,0.021484736,0.38456893,0.013498617,0.8084439,0.04387117,0.19653425,0.08146653,0.25874263,0.12528332
375316653866487564,5300328361573950976,0.55271167,2095.148826625255,2.8333895522337005,9.619929E-6,19.047028,0.026005339,0.270923,0.0026228745,0.087675095,0.0056098136,0.46422973,0.02836834,0.7627989,0.0063243173,0.09342951,0.012456745,0.44734672,0.023061909,null,null,null,null,"TWOGAUSSIANS",8,4.2579126,0.270923,0.0026228745,0.4,0.0,0.44645575,0.019965107,0.7627989,0.0063243173,0.4,0.0,0.42957222,0.016713547
375316653866487564,5300328572020621696,0.49347067,2099.01194622251,1.0016745104842895,6.4789034E-5,17.831856,0.014543716,0.18218601,0.050458908,0.018940717,0.022058146,0.6984626,18.153852,0.67709744,0.03170467,0.019302778,0.013223165,0.42661884,0.467689,0.014814668,0.020532684,0.18218601,0.050458908,"TWOGAUSSIANS_WITH_ELLIPSOIDAL_ON_ECLIPSE1",9,25.916956,0.18218601,0.050458908,0.106068015,0.12352562,0.72809184,18.178366,0.67710745,0.03167126,0.10809556,0.074049726,0.45621789,0.45103893
375316653866487564,5300329014408300160,0.63539517,2141.166497070605,1.9588070136656053,3.7088253E-6,15.132534,0.04241497,0.2348329,8.990277E-4,0.06689195,0.015418177,0.14725895,0.08117066,0.7334933,0.0027590021,0.06320931,0.014577234,0.18634579,0.0839913,0.05857142,0.04332183,0.2348329,8.990277E-4,"TWOGAUSSIANS_WITH_ELLIPSOIDAL_ON_ECLIPSE1",9,16.144753,0.7337133,0.002607543,0.35397214,0.062337603,0.3032759,0.007780812,0.2348329,8.990277E-4,0.37459496,0.06079071,0.264196,0.011280439
375316653866487564,5300330079561018496,0.4780169,2068.361313762467,1.018775238872508,1.0624862E-5,19.246643,0.004676868,0.24759136,0.0020741143,0.024844393,0.0057502594,0.15858006,0.035259616,0.7450847,0.009567678,0.045696788,0.0061346497,0.26542455,0.01547716,null,null,null,null,"TWOGAUSSIANS",8,1.8541769,0.7450847,0.009567678,0.25590202,0.03435404,0.26542455,0.01547716,0.24759136,0.0020741143,0.1391286,0.032201454,0.15858006,0.035259616
375316653866487564,5300332729568873472,0.62269694,2102.2219879367876,2.0073434948174684,4.2352667E-6,16.139374,0.004669813,0.15739438,0.0017878255,0.09244895,0.0030043747,0.20964137,0.004780563,0.66101325,0.0017510379,0.09421095,0.0025938838,0.2613819,0.005884064,null,null,null,null,"TWOGAUSSIANS",8,5.8224645,0.66101325,0.0017510379,0.4,0.0,0.24908549,0.0052043973,0.15739438,0.0017878255,0.4,0.0,0.19734517,0.003146796
375316653866487564,5300333726001086464,0.4508784,2085.921629875544,0.3600879108267141,2.5464098E-5,12.5717125,0.015716441,0.27181104,0.0029803473,0.018955067,0.004860639,0.06355783,0.029040178,0.7833334,0.123775385,0.07056684,0.2640273,0.010215715,0.013678948,0.009250468,0.0048048566,0.27181104,0.0029803473,"TWOGAUSSIANS_WITH_ELLIPSOIDAL_ON_ECLIPSE1",9,184.17809,0.27181104,0.0029688012,0.10614838,0.02721958,0.08204824,0.02967624,0.7833334,0.12357726,0.3951743,0.2757407,0.028609311,0.011740759
375316653866487564,5300333790412461056,0.4980495,2097.009275540303,3.194708695405883,2.0905158E-5,19.583834,0.013353973,0.2638949,0.0053111236,0.072127655,0.0064577856,0.37650615,0.018977635,0.75355345,0.00584055,0.08153484,0.0053710057,0.42353746,0.021534381,null,null,null,null,"TWOGAUSSIANS",8,2.7222366,0.75355345,0.00584055,0.4,0.0,0.4203168,0.020796627,0.2638949,0.0053111236,0.4,0.016159615,0.3732855,0.018265665
375316653866487564,5300333962211219968,0.49589697,2069.0458168639248,3.205149211132815,9.994704E-6,19.192614,0.07163854,0.23483983,0.003365052,0.10883966,0.021729562,0.27554816,0.0638074,0.7391547,0.004720319,0.121862754,0.024697294,0.2826729,0.06790762,null,null,null,null,"TWOGAUSSIANS",8,2.206183,0.7391647,0.0047200276,0.4,0.0,0.23156318,0.01466106,0.23481983,0.0033830295,0.4,0.0,0.22455001,0.02161269
375316653866487564,5300334172677698176,0.6081407,2080.019290263339,2.884639378549623,6.5106233E-6,17.057375,0.009968627,0.2463541,0.0014979063,0.049825165,0.0055668154,0.20593429,0.02217563,0.752194,0.0056706686,0.049398847,0.0062091127,0.1875821,0.024428638,0.097629875,0.011605124,0.2463541,0.0014979063,"TWOGAUSSIANS_WITH_ELLIPSOIDAL_ON_ECLIPSE1",9,8.87415,0.2463541,0.0014979063,0.27902094,0.031174168,0.4011929,0.018754197,0.752194,0.0056706686,0.27663356,0.034771033,0.38257796,0.0118903
375316653866487564,5300334481894740480,0.48897678,2088.6337485065933,3.0034017077492186,2.729565E-5,19.660498,0.36937654,0.30871415,0.008849553,0.11210214,0.041721806,0.32886663,0.31179506,0.81105995,0.0052589006,0.13565682,0.08126105,0.31524348,0.36805117,null,null,null,null,"TWOGAUSSIANS",8,1.586714,0.30867416,0.008697147,0.4,0.0,0.24784091,0.023682559,0.8110699,0.005394177,0.4,0.0,0.23354049,0.014128213
375316653866487564,5300335375268588416,0.49480173,2104.490289243162,2.5504165637286778,9.192705E-6,18.905634,0.008184112,0.28919855,0.0023563378,0.059395228,0.003638364,0.37958637,0.023962058,0.787526,0.0067543196,0.06528169,0.010619282,0.19119878,0.028816761,null,null,null,null,"TWOGAUSSIANS",8,3.8031552,0.28919855,0.0023563378,0.3326133,0.020374838,0.37942567,0.023988482,0.787526,0.0067543196,0.36557746,0.05696829,0.19103807,0.028945833
375316653866487564,5300335581427183616,0.6808817,2073.5189247877993,0.5179576461783431,1.0012715E-6,15.985597,0.0011581865,0.293962,8.732361E-4,0.023434373,6.0106575E-4,0.30574095,0.0083670085,0.7937984,3.3308886E-4,0.024445087,4.8702033E-4,0.29851198,0.004985235,0.008988689,0.0022756767,0.293962,8.732361E-4,"TWOGAUSSIANS_WITH_ELLIPSOIDAL_ON_ECLIPSE1",9,3.1102984,0.293962,8.732361E-4,0.13123249,0.0033659684,0.3237183,0.0079356525,0.7937984,3.3308886E-4,0.13689248,0.002727314,0.31648934,0.0039704177
375316653866487564,5300337677370996352,0.5906024,2086.033492692202,2.0550516180638385,5.6749714E-6,17.553875,0.009881588,0.28779814,0.0036148995,0.11473375,0.008402022,0.17525877,0.009458291,0.7800323,0.0014640485,0.09116016,0.0028488312,0.3243665,0.009988789,null,null,null,null,"TWOGAUSSIANS",8,2.5882964,0.7800323,0.0014640485,0.4,0.0,0.30290598,0.0054206336,0.28779814,0.0036148995,0.4,0.0,0.153771,0.0045872345
375316653866487564,5300338772574043776,0.47600967,2072.3623566862975,1.1212396336528576,2.3502267E-5,18.635027,0.005169452,0.36549458,0.021720126,0.030022105,0.023214497,0.07260156,0.1703749,0.80083585,8.5521315E-4,0.007871327,6.6750764E-4,0.3224849,0.009497664,null,null,null,null,"TWOGAUSSIANS",8,6.3692317,0.80083585,8.5521315E-4,0.04407943,0.003738043,0.3224849,0.009497664,0.36549458,0.021720126,0.16812378,0.13000119,0.07260156,0.1703749
375316653866487564,5300339219242259584,0.50730664,2101.3127350829463,0.48340043919174136,3.4721306E-6,17.405361,0.001939178,0.19083007,3.4860307E-6,0.0046142326,8.9983776E-5,1.5630548,0.13712591,0.87036115,9.9989265E-6,0.003796484,8.605305E-5,0.38320574,0.0012526013,null,null,null,null,"TWOGAUSSIANS",8,5.984179,0.19083007,3.4860307E-6,0.025839703,5.0390913E-4,1.5630548,0.13712591,0.87036115,9.9989265E-6,0.02126031,4.818971E-4,0.38320574,0.0012526013
375316653866487564,5300339532797122304,0.6592845,2108.749468361753,0.4229216813006109,2.0477685E-6,14.727969,0.001899426,0.7306038,2.3387923E-4,0.02298855,3.1190348E-4,1.3101667,0.020259803,null,null,null,null,null,null,0.0136221545,0.002965131,0.7306038,2.3387923E-4,"ONEGAUSSIAN_WITH_ELLIPSOIDAL",6,62.508545,0.7306038,2.3387923E-4,0.12873589,0.0017466595,1.3374109,0.020605356,null,null,null,null,null,null
375316653866487564,5300339910732136064,0.5157032,2058.9169898422624,1.1482765015647072,1.6031323E-5,19.415066,0.004753151,0.21937755,0.007159365,0.033010475,0.016467024,0.25410083,0.13671122,0.72365975,0.0044368682,0.030129239,0.0035994288,0.45492032,0.027664738,null,null,null,null,"TWOGAUSSIANS",8,1.790847,0.72365975,0.0044368682,0.16872373,0.020156803,0.45492032,0.027664738,0.21937755,0.007159365,0.18485866,0.09221533,0.25410083,0.13671122
375316653866487564,5300339940801473664,0.5097543,2089.1820447130895,2.8216752647987415,1.1070885E-5,18.82522,0.0121186655,0.24465132,0.0042270343,0.08910247,0.009004512,0.26322144,0.021901023,0.740431,0.0050081015,0.091560535,0.008815692,0.23497917,0.017134383,null,null,null,null,"TWOGAUSSIANS",8,2.344427,0.24465132,0.0042270343,0.4,0.0,0.25311148,0.023917899,0.740431,0.0050081015,0.4,0.0,0.22486913,0.017610958
375316653866487564,5300340112595492992,0.5157053,2081.7983772198686,0.8349640544830292,1.5565123E-5,18.931551,0.0033528106,0.20144418,0.005282847,0.021653397,0.0061582844,0.18043235,0.04675533,0.7053094,0.002626621,0.022157501,0.0034382246,0.30705625,0.078198574,null,null,null,null,"TWOGAUSSIANS",8,1.2679745,0.7053094,0.002626621,0.124082014,0.019254057,0.30705625,0.078198574,0.20144418,0.005282847,0.121259026,0.03448639,0.18043235,0.04675533
375316653866487564,5300340284394335104,0.44601086,2044.659130597936,0.1374149343953789,6.05384E-5,18.097658,0.01794941,0.40854186,0.01273142,0.08998792,0.014079244,0.12763545,0.017485205,0.77528405,0.026601389,0.12629321,0.039951928,0.048126586,0.018245943,null,null,null,null,"TWOGAUSSIANS",8,4.471287,0.40960187,0.011541645,0.4,0.0,0.12644747,0.0141981,0.77528405,0.026601389,0.4,0.0,0.046251368,0.012880581
375316653866487564,5300341663100947072,0.5051306,2076.4969186858125,0.6137600718641935,7.911283E-6,14.688844,6.987083E-4,0.5080408,0.0020646977,0.021334024,0.0015929751,0.1297631,0.007844269,0.35222703,0.056067996,0.043207936,0.041262183,0.0037446779,0.027570596,null,null,null,null,"TWOGAUSSIANS",8,15.270956,0.5080408,0.0020648658,0.11947054,0.008920661,0.12976871,0.007842105,0.35222703,0.056067996,0.24196444,0.23106824,0.0037446779,0.027570605
375316653866487564,5300342174179845632,0.45899788,2091.3670354579936,0.22269809089227913,4.06339E-6,18.667366,0.0029775654,0.4909567,1.1632557E-4,0.0085145915,3.246308E-4,0.17102043,0.0032236483,0.8223214,8.8324724E-4,0.027225513,0.0042739185,0.076161936,0.015634952,null,null,null,null,"TWOGAUSSIANS",8,2.1168125,0.4909567,1.1632557E-4,0.04768171,0.0018179324,0.17102043,0.0032236483,0.8223214,8.8324724E-4,0.15246287,0.023933941,0.076161936,0.015634952
375316653866487564,5300343101893178496,0.59523,2085.9656756942063,2.2436835383286615,3.2616203E-6,16.145313,0.026276343,0.25276673,0.0015982768,0.06389138,0.008614677,0.23317142,0.053245485,0.7550515,0.003008919,0.06151472,0.009697286,0.23596936,0.050462652,0.07626122,0.030370053,0.25276673,0.0015982768,"TWOGAUSSIANS_WITH_ELLIPSOIDAL_ON_ECLIPSE1",9,27.674715,0.7550515,0.003008919,0.34448242,0.054304805,0.3882964,0.018794507,0.25276673,0.0015982768,0.35779172,0.048242193,0.38552988,0.014759074
375316653866487564,5300344308800626048,0.5238832,2103.0004669984623,1.0444004870431327,7.0345513E-6,13.620864,7.9901336E-4,null,null,null,null,null,null,null,null,null,null,null,null,0.033971343,9.5475215E-4,0.3070692,0.0028187616,"ELLIPSOIDAL",4,21.408384,null,null,null,null,null,null,null,null,null,null,null,null
375316653866487564,5300344549318803456,0.536898,2090.4835846955316,2.958283469333318,7.8020075E-6,18.36021,0.008208554,0.27100548,0.003283366,0.066233404,0.004598599,0.34734678,0.02934786,0.7675177,0.0020472107,0.07440647,0.0035233914,0.2911344,0.015096252,null,null,null,null,"TWOGAUSSIANS",8,3.2366786,0.27100548,0.003283366,0.37090707,0.025752155,0.34630656,0.029589826,0.7675177,0.0020472107,0.4,0.0,0.29009417,0.015107604
375316653866487564,5300344824175712768,0.46606427,2083.5159404783503,3.4630614948881373,2.1742964E-5,18.579239,0.5357153,0.23798557,0.0060323547,0.14653182,0.10477905,0.26031792,0.5213113,0.73607516,0.009010462,0.13057274,0.07647356,0.27945742,0.4759113,null,null,null,null,"TWOGAUSSIANS",8,4.85207,0.73607516,0.009013732,0.4,0.0,0.17697927,0.014557883,0.23803556,0.005621118,0.4,0.0,0.15666223,0.008753152
375316653866487564,5300345202153681536,0.5970914,2091.004446577611,2.407449511475109,7.0075944E-6,16.179281,0.04532835,0.26086164,0.002005622,0.06329033,0.014675226,0.19380891,0.08577876,0.7582513,0.0064613977,0.06657647,0.016217016,0.20866053,0.09014468,0.0644018,0.04708861,0.26086164,0.002005622,"TWOGAUSSIANS_WITH_ELLIPSOIDAL_ON_ECLIPSE1",9,23.97133,0.75871134,0.00551981,0.37282827,0.07085842,0.33720076,0.011748209,0.26086164,0.002005622,0.35442582,0.07185898,0.32237765,0.012708049
375316653866487564,5300345786269168768,0.52945805,2086.680349888772,2.888036959666981,8.177879E-6,16.210947,0.007914928,0.18966143,0.003527301,0.07950634,0.005377643,0.3619825,0.015303381,0.6936264,0.0035189914,0.0732442,0.0044700867,0.3115905,0.016983138,null,null,null,null,"TWOGAUSSIANS",8,67.742096,0.18966143,0.003527301,0.4,0.0,0.35906854,0.015633315,0.6936264,0.0035189914,0.4,0.0040990137,0.30867654,0.017047271
375316653866487564,5300346473463927936,0.62978756,2078.3121641352227,3.2336670175810553,4.493129E-6,17.783146,0.018706752,0.29103267,0.0013828939,0.053143427,0.004418201,0.4154515,0.036315076,0.78689283,0.0022420012,0.055390317,0.0029272598,0.5579404,0.0404977,0.08436256,0.021427255,0.29103267,0.0013828939,"TWOGAUSSIANS_WITH_ELLIPSOIDAL_ON_ECLIPSE1",9,5.6758904,0.7871728,0.0020972334,0.3101858,0.016392656,0.7265377,0.02482374,0.29103267,0.0013828939,0.2976032,0.024741923,0.58415514,0.0123364525
375316653866487564,5300346920140408192,0.47566602,2105.567522344548,3.181936367158313,3.6467736E-5,15.999143,0.007972438,0.49577376,0.0078556435,0.060086448,0.0065106573,0.22035755,0.027375508,0.8346788,0.054580335,0.019386541,0.06467262,0.1382837,0.18645929,null,null,null,null,"TWOGAUSSIANS",8,124.20833,0.49577376,0.0078556435,0.3364841,0.03645968,0.22035755,0.027373785,0.8346788,0.054580335,0.10856463,0.3058025,0.13828373,0.18646564
375316653866487564,5300349428401349760,0.46840253,2097.658720638224,2.105346787753479,2.1101716E-5,17.069765,0.0075728456,0.19850332,0.0012963763,0.021187205,0.0015279636,0.3695631,0.02752264,0.67886925,0.007634059,0.042253274,0.0063168453,0.14645697,0.022667035,0.009911139,0.011422159,0.19850332,0.0012963763,"TWOGAUSSIANS_WITH_ELLIPSOIDAL_ON_ECLIPSE1",9,98.13649,0.19850332,0.0012963763,0.11864834,0.008556596,0.3893853,0.025368577,0.6792292,0.0075882506,0.23661833,0.035374332,0.16598459,0.019836018
375316653866487564,5300349497120816256,0.5796635,2087.1248126545343,3.124400299246409,1.3921517E-5,16.190895,0.034828193,0.18482032,0.005245147,0.054249432,0.007488675,0.80846226,0.07701751,0.68149537,0.0068836003,0.039997287,0.011160198,0.26885134,0.17398745,0.09050974,0.040445022,0.68149537,0.0068836003,"TWOGAUSSIANS_WITH_ELLIPSOIDAL_ON_ECLIPSE2",9,190.90889,0.18466033,0.0048688143,0.30379683,0.04193658,0.9893902,0.07331962,0.68149537,0.0068836003,0.22398482,0.06249711,0.44985437,0.15255924
375316653866487564,5300349870769629184,0.51078594,2082.71848450825,0.49813758101138206,2.4877008E-5,17.786531,0.0027225977,0.113839805,0.00894249,0.021229578,0.008265813,0.03044799,0.008402418,0.6063834,0.0035578005,0.042017814,0.004004893,0.197871,0.015316454,null,null,null,null,"TWOGAUSSIANS",8,4.883185,0.6063834,0.0035578005,0.23529977,0.0224274,0.197871,0.015316454,0.113839805,0.00894249,0.118885644,0.046288554,0.03044799,0.008402418
375316653866487564,5300350454881518848,0.51168364,2063.2489104289416,2.496194069707559,1.2474309E-5,19.241472,0.016329555,0.25855622,0.004842966,0.08765477,0.0086105,0.32645938,0.017936558,0.7657868,0.0041767266,0.090434805,0.0067625293,0.3469806,0.021902198,null,null,null,null,"TWOGAUSSIANS",8,2.6924117,0.7657868,0.0041767266,0.4,0.0,0.33531988,0.020361574,0.25855622,0.004842966,0.4,0.0,0.3147988,0.016422989
375316653866487564,5300350493555375360,0.50352645,2055.862175116295,0.2145164494259225,3.845479E-5,16.470444,0.0011654595,0.47887447,0.012706018,0.009111682,0.0056555946,0.34304783,1.2796452,0.75194544,0.034113742,0.044280443,0.02352078,0.01041671,0.0117521025,null,null,null,null,"TWOGAUSSIANS",8,5.3000464,0.47887447,0.012706018,0.051025417,0.03167133,0.34304783,1.2796452,0.75194544,0.034113742,0.24797049,0.13171637,0.01041671,0.0117521025
375316653866487564,5300350901562513152,0.56848526,2048.2174126845357,3.710614062133395,1.1155326E-4,18.784714,0.0030981728,0.36682674,0.01023934,0.029349482,0.011409489,0.011603709,0.0056371577,0.80918986,0.02980015,0.021999655,0.019759137,0.6025416,2288.91,0.006697815,0.0037550938,0.80918986,0.02980015,"TWOGAUSSIANS_WITH_ELLIPSOIDAL_ON_ECLIPSE2",9,1.7830424,0.80918986,0.02980015,0.12319807,0.110651165,0.61593723,2288.9104,0.36288673,0.009303323,0.1643571,0.06389314,0.023427399,0.004109532
375316653866487564,5300351627411308928,0.54005355,2076.6398505711027,3.1788874429121314,1.5240103E-5,19.192358,0.015456945,0.25181836,0.00523862,0.027565146,0.011966228,0.12632667,0.044244636,0.7804721,0.04003377,0.070246495,0.100359105,0.07615168,0.028233225,0.10215143,0.01222338,0.25181836,0.00523862,"TWOGAUSSIANS_WITH_ELLIPSOIDAL_ON_ECLIPSE1",9,1.8033733,0.25181836,0.00523862,0.15436482,0.06701087,0.33060008,0.048824415,0.7804721,0.04003377,0.3933804,0.5235596,0.2738742,0.04321234
375316653866487564,5300351661786469248,0.5059805,2092.758420100565,0.811938326161838,9.600317E-6,15.250661,8.097793E-4,0.7633078,0.0023319589,0.027130546,0.0025016048,0.041962333,0.0025529293,null,null,null,null,null,null,0.0093727205,0.0011310389,0.7633078,0.0023319589,"ONEGAUSSIAN_WITH_ELLIPSOIDAL",6,6.4886427,0.7633078,0.0023319589,0.15193106,0.014008988,0.060707744,0.0023677885,null,null,null,null,null,null
375316653866487564,5300351696146212608,0.53187793,2053.401009219819,0.06434745660477721,3.064226E-6,18.277866,0.0019770132,0.2780662,2.1623916E-6,0.0022240805,3.1001637E-5,0.4428839,0.0036023639,0.37214667,0.011626147,0.017751224,0.008139233,0.020106198,0.0071273586,null,null,null,null,"TWOGAUSSIANS",8,1.8689902,0.2780662,2.1623916E-6,0.012454851,1.7360917E-4,0.4428839,0.0036023282,0.37214667,0.011626147,0.09940685,0.045579705,0.020106198,0.0071273586
375316653866487564,5300352074103363200,0.6707807,2108.91961628446,0.015651099431564296,1.0017736E-6,17.20774,0.0063663973,0.63550985,0.089588724,0.24579754,0.16940697,0.009548254,0.006111963,0.39928153,5.35489E-7,6.343412E-4,1.302619E-6,0.62344,0.0010742655,null,null,null,null,"TWOGAUSSIANS",8,1.397792,0.39928153,5.35489E-7,0.0035523109,7.294667E-6,0.6271209,0.0014481794,0.63550985,0.089588724,0.4,0.0,0.007140924,0.0019002878
375316653866487564,5300352550821209856,0.60083425,2102.813471772787,0.8862304433712986,9.000661E-6,17.572979,0.0028737576,0.28978693,0.015188373,0.037665483,0.009355353,0.7251969,0.20329987,0.7939955,0.0025254916,0.037817977,0.003142833,0.0820656,0.004086699,null,null,null,null,"TWOGAUSSIANS",8,4.335256,0.28978693,0.015188373,0.2109267,0.052389976,0.7251969,0.20329987,0.7939955,0.0025254916,0.21178067,0.017599866,0.0820656,0.004086698
375316653866487564,5300352722620133248,0.49700823,2066.0895010338722,1.0234855943040126,1.832097E-5,17.690155,0.012442547,0.27102384,0.0076149073,0.09880793,0.0146930255,0.0871788,0.012441029,0.77423996,0.004255841,0.107602626,0.016936226,0.07409237,0.0113896215,null,null,null,null,"TWOGAUSSIANS",8,1.5889791,0.27102384,0.0076158955,0.4,0.0,0.07899839,0.0070473766,0.77423996,0.004260692,0.4,0.0,0.065909386,0.0040595373
375316653866487564,5300353001816323328,0.65633744,2093.199894873771,2.1566057144971587,1.7337079E-6,14.935202,0.0036090377,0.30373392,6.0767145E-4,0.04836728,0.0020914183,0.16985133,0.009260279,0.80838543,0.0018045289,0.050463688,0.0025820716,0.15482289,0.01044827,0.11925744,0.0063012736,0.30373392,6.0767145E-4,"TWOGAUSSIANS_WITH_ELLIPSOIDAL_ON_ECLIPSE1",9,18.3217,0.30373392,6.0767145E-4,0.27085677,0.011711942,0.4083652,0.004107317,0.80838543,0.0018045289,0.28259665,0.014459602,0.39313307,0.00607131
375316653866487564,5300353551555990528,0.50218886,2077.491329483443,2.953611088441547,1.6620637E-5,19.500687,0.085399814,0.15212348,0.006812347,0.1303975,0.027592918,0.30953485,0.079787485,0.646437,0.0062522213,0.10937515,0.021098983,0.30812442,0.07965371,null,null,null,null,"TWOGAUSSIANS",8,1.5313905,0.15213348,0.00682087,0.4,0.0,0.24304883,0.017962988,0.646437,0.0062522213,0.4,0.0,0.24202247,0.016947897
375316653866487564,5300354341845851136,0.44746873,2055.1168320420975,2.8348370199301263,5.7189965E-5,16.876738,0.008084353,0.21427076,0.020410163,0.067518555,0.02830766,0.09663335,0.01454703,0.72900456,0.010779821,0.0775109,0.013937947,0.0822175,0.009154236,null,null,null,null,"TWOGAUSSIANS",8,22.098677,0.21427076,0.020410163,0.3781039,0.095543824,0.09630832,0.014288628,0.72900456,0.010779821,0.4,0.0,0.08189247,0.008248124
375316653866487564,5300354548004478208,0.6060349,2064.9379999529865,1.7497798934588715,3.967638E-6,15.991413,0.0136238085,0.29646903,0.0018105775,0.11260877,0.0053553446,0.2278408,0.012460951,0.8150717,0.0012131631,0.12874323,0.008057364,0.17026944,0.012324718,null,null,null,null,"TWOGAUSSIANS",8,4.3846602,0.296299,0.0017644637,0.4,0.0,0.18959385,0.0038531006,0.81514174,0.0012044357,0.4,0.0,0.13184474,0.0034113128
375316653866487564,5300356918810400128,0.6253973,2060.4147884185527,2.8947239586434925,4.2642496E-6,18.669878,0.008212402,0.27667367,0.001272849,0.049276482,0.005446444,0.34435374,0.06648499,0.77614963,0.0044526635,0.049101233,0.003773938,0.33752522,0.02011204,0.13312346,0.009706902,0.27667367,0.001272849,"TWOGAUSSIANS_WITH_ELLIPSOIDAL_ON_ECLIPSE1",9,1.8851584,0.27667367,0.001272849,0.2759483,0.030500084,0.6105987,0.07123649,0.7762196,0.003922687,0.2749669,0.021134052,0.6037677,0.012330798
375316653866487564,5300359186569249664,0.48843718,2085.530488182096,0.6994026289363969,1.5943328E-5,16.665733,0.0015383846,0.7022799,0.0046762438,0.026154738,0.0048877215,0.08251001,0.010508887,null,null,null,null,null,null,0.0121788755,0.0033376256,0.7022799,0.0046762438,"ONEGAUSSIAN_WITH_ELLIPSOIDAL",6,5.5989766,0.7022799,0.0046762438,0.14646654,0.02737124,0.10686773,0.009890902,null,null,null,null,null,null
375316653866487564,5300359354050026880,0.61788446,2120.582864538446,3.796419291970807,3.17302E-6,17.129509,0.02295976,0.18964566,0.0028928402,0.059763916,0.007448622,0.40070274,0.049903635,0.6965245,0.0011671679,0.04807243,0.0038014809,0.5275397,0.046182662,0.11618882,0.02668881,0.6965245,0.0011671679,"TWOGAUSSIANS_WITH_ELLIPSOIDAL_ON_ECLIPSE2",9,17.900637,0.6965245,0.0011671679,0.26920563,0.021288292,0.7598773,0.019986365,0.19061565,0.0025013431,0.3346779,0.041712284,0.6326675,0.05296415
375316653866487564,5300359427087231744,0.59382564,2121.353272084691,0.29994724165678327,4.037536E-6,14.428098,0.0013932667,0.2933709,0.0019714376,0.03808892,0.0023266312,0.10396255,0.005635639,0.7959965,0.0017829414,0.040894434,0.0025036945,0.05577569,0.00314583,0.017590307,0.0018949287,0.2933709,0.0019714376,"TWOGAUSSIANS_WITH_ELLIPSOIDAL_ON_ECLIPSE1",9,9.90528,0.2933709,0.0019714376,0.21329796,0.013029135,0.13914312,0.0050596963,0.7959965,0.0017829414,0.22900884,0.01402069,0.09094669,0.0015993129
375316653866487564,5300360251705161856,0.5047967,2073.506331138255,3.8622992248878005,1.3813417E-5,19.851618,0.017763894,0.29882166,0.0055395635,0.07696961,0.0070663267,0.48885766,0.027874002,0.79213154,0.009324578,0.07392801,0.007286013,0.41448942,0.060463846,null,null,null,null,"TWOGAUSSIANS",8,1.9602582,0.29882166,0.0055395635,0.4,0.0,0.48564702,0.02727765,0.79213154,0.009324578,0.4,0.0070439936,0.41127878,0.060635384
375316653866487564,5300360732757484032,0.43911147,2197.143756516836,4.008722767634356,3.056966E-5,15.347291,0.00362702,0.7020536,0.0085524395,0.019343093,0.009125737,0.13918199,0.024171988,null,null,null,null,null,null,0.0296685,0.008276336,0.7020536,0.0085524395,"ONEGAUSSIAN_WITH_ELLIPSOIDAL",6,38.920254,0.7020536,0.0085524395,0.108321324,0.051104125,0.19851898,0.02220279,null,null,null,null,null,null
375316653866487564,5300361587434390400,0.5128296,2132.9770799816524,1.0842729449314572,1.0293558E-4,17.744474,0.0032287587,0.23228236,0.007539843,0.044483297,0.0065091797,0.08599084,0.019478591,0.7369109,0.013262435,0.008454257,0.007632118,0.42612216,0.2405046,null,null,null,null,"TWOGAUSSIANS",8,9.733309,0.7369109,0.013262435,0.047343835,0.04273986,0.42612216,0.2405046,0.23228236,0.007539843,0.24910645,0.036451407,0.08599084,0.019478591
375316653866487564,5300361591750805632,0.6053894,2105.110245540736,0.996457540582765,4.0896666E-6,17.455233,0.0048874603,0.23706827,0.0073001194,0.05176765,0.0126304235,0.09733294,0.0149687845,0.7305126,5.137672E-4,0.034017067,4.8475442E-4,0.7457455,0.016167635,null,null,null,null,"TWOGAUSSIANS",8,8.450229,0.7305126,5.137672E-4,0.19049557,0.0027146246,0.7457455,0.016167626,0.23706827,0.0073001194,0.28989884,0.07073037,0.097332925,0.014968865
375316653866487564,5300361724883061632,0.61100364,2108.986200609686,0.7195471776731692,2.5365157E-6,17.828485,0.0021612914,0.681895,0.001114099,0.035837106,0.001013558,0.5387994,0.021931155,0.8604522,0.009757702,0.024134286,0.0073448373,0.00966795,0.016331514,null,null,null,null,"TWOGAUSSIANS",8,2.3204064,0.681895,0.001114099,0.2006878,0.005675925,0.5387994,0.021931155,0.8604522,0.009757702,0.135152,0.041131087,0.009670141,0.016332092
375316653866487564,5300362210210355072,0.4427244,2075.6822401265463,1.066058487330768,1.6796683E-5,19.199652,0.007241776,0.21331991,0.012291854,0.023638865,0.017004825,0.9742879,0.8141872,0.7136398,0.007337925,0.033713505,0.0057320753,0.25735956,0.13461697,null,null,null,null,"TWOGAUSSIANS",8,4.059979,0.21331991,0.012291854,0.13237764,0.09522702,0.9742879,0.8141872,0.7136398,0.007337925,0.18879563,0.032099623,0.25735956,0.13461697
375316653866487564,5300362691246779520,0.4857262,2098.3215623451715,0.8111056521090234,1.0694013E-5,17.539288,0.0037014254,0.29161817,0.0042402456,0.03770301,0.003807833,0.1359331,0.0070556058,0.8026051,0.018047823,0.024746303,0.017120784,0.028167868,0.034881152,null,null,null,null,"TWOGAUSSIANS",8,4.057182,0.29161817,0.0042402456,0.21113688,0.021323863,0.1359331,0.0070556058,0.8026051,0.018047823,0.1385793,0.095876396,0.028167868,0.034881152
375316653866487564,5300363099266262656,0.5758574,2091.914283735263,3.699812237985988,8.281462E-6,18.86099,0.013016247,0.23595534,0.003592771,0.07991361,0.004199399,0.5209226,0.01705475,0.7394578,0.0018261543,0.07068642,0.0027144777,0.60296404,0.024930688,null,null,null,null,"TWOGAUSSIANS",8,3.8148763,0.7394578,0.0018261543,0.39584395,0.013605704,0.59880257,0.024842592,0.23595534,0.003592771,0.4,0.0,0.5167611,0.016606487
375316653866487564,5300363408503950720,0.51413894,2062.897589283659,3.35949249728785,1.7138354E-5,19.460817,0.011839469,0.23035386,0.005081613,0.07445814,0.008788713,0.30561614,0.041652378,0.7230485,0.004726808,0.07006053,0.007020094,0.3366162,0.010402507,null,null,null,null,"TWOGAUSSIANS",8,1.7714407,0.7230485,0.004726808,0.39233896,0.032584175,0.33526567,0.010075199,0.23035386,0.005081613,0.4,0.0,0.30426562,0.042501222
375316653866487564,5300363477219758080,0.5802557,2096.030684801705,2.7768563629182643,4.571928E-6,17.413988,0.041101083,0.295011,0.0026319914,0.052859496,0.011755007,0.28896868,0.10154097,0.79513186,0.0031515092,0.054906588,0.0098625,0.30427718,0.10369512,0.10059082,0.06505973,0.295011,0.0026319914,"TWOGAUSSIANS_WITH_ELLIPSOIDAL_ON_ECLIPSE1",9,21.394993,0.79513186,0.0029727917,0.3074769,0.055230003,0.505445,0.040713713,0.295011,0.0026319914,0.29601318,0.06582804,0.49013662,0.05118672
375316653866487564,5300363618975502208,0.60619295,2092.254265059204,0.5444706396064328,7.576578E-5,16.130335,0.0018724612,0.26624945,0.025493974,0.02635467,0.027867632,0.1588083,3.8534032E24,0.7736171,0.002997852,0.0073730485,0.0027410912,0.31290996,0.10867878,0.011354163,0.0022496711,0.26624945,0.025493974,"TWOGAUSSIANS_WITH_ELLIPSOIDAL_ON_ECLIPSE1",9,4.8504405,0.7736171,0.002997852,0.041289072,0.015350111,0.33556962,0.10904485,0.26624945,0.025493974,0.14758615,0.15605874,0.18151659,3.8534032E24
375316653866487564,5300363786457584256,0.6242072,2062.4351428866266,2.442493303991623,7.718193E-6,18.371702,0.0045833173,0.24781707,0.001912168,0.08061554,0.002443021,0.5165899,0.016226502,0.74238026,0.0017110851,0.0791551,0.002158208,0.5609825,0.011143851,null,null,null,null,"TWOGAUSSIANS",8,2.2392106,0.74238026,0.0017110851,0.4,0.0,0.55376023,0.011616998,0.24781707,0.001912168,0.4,0.0,0.5093676,0.017016731
375316653866487564,5300363893836725376,0.4095787,2110.6157028778975,0.05033093158936685,7.6777185E-5,17.132355,0.11324905,0.38539577,0.066884264,0.059627812,0.23145837,0.0645537,0.110793434,0.6994097,0.030333916,0.10164762,0.011605165,0.11444453,0.030362677,null,null,null,null,"TWOGAUSSIANS",8,10.133755,0.6994097,0.030333916,0.4,0.0,0.11442348,0.016878607,0.38709575,0.06737727,0.33391574,0.16062908,0.06552647,0.010938504
375316653866487564,5300364237434011776,0.5307645,2072.8383831948354,1.3805205382773427,9.000838E-6,19.080433,0.0044009485,0.23674025,0.0014233093,0.019666776,8.2426285E-4,0.49902073,0.024669517,0.73751163,0.00324814,0.019978859,0.0035253258,0.40827632,0.06855619,null,null,null,null,"TWOGAUSSIANS",8,2.82825,0.23674025,0.0014233093,0.110133946,0.004615872,0.49902073,0.024669517,0.73751163,0.00324814,0.11188161,0.019741824,0.40827632,0.06855619
375316653866487564,5300364821565981440,0.47480616,2092.3085980049127,1.3783277241571845,1.2112289E-5,18.822205,0.006557829,0.24161407,0.013181857,0.026564028,0.009898877,0.34757292,0.79385215,0.6831867,7.524905E-4,0.005623546,5.3597E-4,0.62298435,0.21383251,null,null,null,null,"TWOGAUSSIANS",8,6.336866,0.6831867,7.524905E-4,0.031491857,0.0030014317,0.62298435,0.21383251,0.24161407,0.013181857,0.14875856,0.05543371,0.34757292,0.79385215
375316653866487564,5300365336962074880,0.45545682,2125.847287464695,0.2856222469728439,4.050574E-5,14.733973,0.0080491565,0.14192341,0.012612212,0.071096696,0.015262584,0.06776935,0.00823532,0.65716016,0.016118946,0.105075,0.020331614,0.07020905,0.009426389,null,null,null,null,"TWOGAUSSIANS",8,72.58736,0.65716016,0.016118946,0.4,0.0,0.06832586,0.007688427,0.14192341,0.012605967,0.3981415,0.06166313,0.06588826,0.006664085
375316653866487564,5300365371305583872,0.55041254,2112.8583438659575,4.071065032555539,5.974066E-6,18.911842,0.015137295,0.28017667,0.0031703932,0.074920766,0.0051004807,0.49198636,0.021546975,0.77739316,0.0020512596,0.07408438,0.003907225,0.4914365,0.014643274,null,null,null,null,"TWOGAUSSIANS",8,3.7292917,0.28017667,0.0031703932,0.4,0.0,0.4886716,0.021346226,0.77739316,0.0020512596,0.4,0.0,0.48812175,0.013696497
375316653866487564,5300365440041284096,0.5449051,2099.7966336732534,3.1280213795214475,6.8299214E-6,17.183949,0.007484641,0.30037516,0.003869428,0.08378761,0.005242998,0.25832564,0.017465869,0.7966774,0.0027557572,0.0941326,0.0047406205,0.25851855,0.010359417,null,null,null,null,"TWOGAUSSIANS",8,9.671235,0.7966774,0.0027557572,0.4,0.0,0.24913965,0.010556774,0.30037516,0.003869428,0.4,0.0,0.2489471,0.017869629
375316653866487564,5300366780071094144,0.57568896,2107.632903360858,0.8688780904147696,7.6257875E-6,14.31263,0.002017504,0.26170328,0.002020532,0.038947165,0.0031611295,0.09645576,0.0066529056,0.8987198,0.05061321,0.060614735,0.02196155,0.008892769,0.0032393269,0.030406566,0.003657306,0.26170328,0.002020532,"TWOGAUSSIANS_WITH_ELLIPSOIDAL_ON_ECLIPSE1",9,18.656803,0.26170328,0.002020532,0.21810412,0.017702326,0.1572688,0.0064057615,0.8987198,0.05061321,0.33944252,0.12298468,0.03472517,0.015744431
375316653866487564,5300366810115244032,0.56283426,2095.8580291399066,2.6031084344076323,6.647555E-6,17.39326,0.009250028,0.22140428,0.0016064111,0.07556131,0.0024340984,0.43873778,0.013139214,0.7175976,0.004776919,0.0870322,0.005379949,0.44495696,0.02337922,null,null,null,null,"TWOGAUSSIANS",8,16.135078,0.7175976,0.004776919,0.4,0.0,0.43770388,0.023952572,0.22140428,0.0016064111,0.4,0.0,0.43148473,0.012223285
375316653866487564,5300366878833517568,0.5859915,2081.455227044431,2.503715067239936,5.9861436E-6,17.900984,0.01508733,0.2360736,0.002378945,0.062640585,0.0054084864,0.24264927,0.03278177,0.7291233,0.0075609023,0.04773142,0.009268025,0.20073402,0.0460273,0.08316489,0.017450245,0.2360736,0.002378945,"TWOGAUSSIANS_WITH_ELLIPSOIDAL_ON_ECLIPSE1",9,4.8227715,0.2360736,0.002378945,0.35078725,0.030287523,0.40889525,0.013660649,0.73002326,0.006659658,0.26729593,0.05190094,0.36670408,0.03986878
375316653866487564,5300367050633501184,0.57447475,2066.3179950715908,2.2090971200183627,8.372006E-6,17.798748,0.0062078396,0.22598858,0.0020151583,0.0905472,0.005404538,0.13751954,0.005462884,0.7260124,0.003580477,0.07771959,0.0055757067,0.2727472,0.017926442,null,null,null,null,"TWOGAUSSIANS",8,2.1722946,0.7260124,0.003580477,0.4,0.0,0.26824722,0.019327858,0.22598858,0.0020151583,0.4,0.0,0.13301952,0.0034375992
375316653866487564,5300367054948800896,0.44936925,2065.8591048848953,1.8698279680344356,3.6590576E-5,17.833435,1.2334653,0.21678437,0.02112018,0.15615302,0.2010207,0.24751827,1.1518357,0.73974705,0.026979037,0.14726643,0.14089699,0.2501327,1.0045587,null,null,null,null,"TWOGAUSSIANS",8,12.788535,0.742267,0.012334261,0.4,0.0,0.14081717,0.02817925,0.21485437,0.011644929,0.4,0.0,0.13672495,0.019925054
375316653866487564,5300367295466989952,0.56445843,2090.423375858663,0.89739099834016,1.7767488E-5,15.990395,4.5688442E-4,0.3694379,0.0022624834,0.02934219,0.0018482707,0.15394245,0.019361563,null,null,null,null,null,null,null,null,null,null,"ONEGAUSSIAN",5,1.5795251,0.3694379,0.0022624834,0.16431625,0.010350316,0.15394245,0.0,null,null,null,null,null,null
375316653866487564,5300367325508873856,0.50016636,2091.4323424311306,3.7168105964854834,1.089263E-5,19.11001,0.0049371,0.22886358,0.0064066765,0.0756342,0.005024899,0.25999746,0.015752502,0.7336483,0.0054637017,0.074258916,0.006489682,0.2938092,0.015012456,null,null,null,null,"TWOGAUSSIANS",8,3.7276645,0.7336483,0.0054637017,0.4,0.004615089,0.29190558,0.015260519,0.22886358,0.0064066765,0.4,0.0,0.25809383,0.015845481
375316653866487564,5300368257522364288,0.5700222,2052.619200814103,3.0324943081052598,2.550432E-5,18.768206,0.019844603,0.2357651,0.0058521894,0.09626906,0.00821923,0.37924904,0.024663027,0.736497,0.005836829,0.09590089,0.009648273,0.385433,0.018797107,null,null,null,null,"TWOGAUSSIANS",8,3.5028582,0.736497,0.005836829,0.4,0.0,0.35978085,0.010900789,0.2357651,0.0058521894,0.4,0.0,0.3535968,0.020449992
375316653866487564,5300368257539703552,0.45212948,2066.877908827215,0.2457605964557539,4.495813E-5,17.604342,0.005349579,0.15563335,0.040414184,0.068460055,0.065558866,0.05035747,0.02363286,0.5178592,0.005564402,0.0066431956,0.0032550232,0.26915115,0.12354111,null,null,null,null,"TWOGAUSSIANS",8,18.411947,0.5178592,0.005564402,0.037201896,0.01822813,0.2691512,0.12358399,0.15563335,0.040414184,0.3833763,0.07854975,0.05035747,0.02367359
375316653866487564,5300368360618920576,0.42417952,2072.5377955725967,0.7308815351466441,3.0775063E-5,17.350662,0.23469168,0.24996613,0.01806514,0.104001,0.031640753,0.17758225,0.08993574,0.7197763,0.026577095,0.20408939,0.15599301,0.13561867,0.23218437,null,null,null,null,"TWOGAUSSIANS",8,14.0363655,0.25328612,0.0146162,0.4,0.0,0.13014287,0.027542824,0.7197763,0.026577095,0.4,0.0,0.073877275,0.018275768
375316653866487564,5300368459384186240,0.54712135,2092.051897766823,2.895762188985564,8.781149E-6,16.85226,0.009758962,0.24285884,0.0032992754,0.0926267,0.005388069,0.35311767,0.0151030915,0.74827933,0.0023545644,0.08468763,0.003584205,0.34413415,0.014666639,null,null,null,null,"TWOGAUSSIANS",8,24.459497,0.24285884,0.0032992754,0.4,0.0,0.34112686,0.015554369,0.74827933,0.0023545644,0.4,0.0,0.33214366,0.013938483
375316653866487564,5300368601119682304,0.5069464,2093.2607941024307,2.666610803116571,9.519775E-6,18.986185,0.009502854,0.2268002,0.005053673,0.08514584,0.010485384,0.22112143,0.019138167,0.7325379,0.0031835178,0.0822329,0.005554005,0.22466682,0.011457493,null,null,null,null,"TWOGAUSSIANS",8,2.0129316,0.7325379,0.0031835178,0.4,0.0,0.22002679,0.009879848,0.2268002,0.005053673,0.4,0.0,0.21648139,0.021623671
375316653866487564,5300368631183797760,0.5283361,2098.3075243615995,3.1558735281779926,7.329584E-6,19.318739,0.034624733,0.25098777,0.0026281609,0.08208504,0.009037274,0.49228436,0.027381204,0.7512019,0.004375162,0.09355619,0.007024706,0.4350389,0.039105173,null,null,null,null,"TWOGAUSSIANS",8,2.5434935,0.25098777,0.0026281609,0.4,0.0,0.4763618,0.0221441,0.7512019,0.004375162,0.4,0.0,0.41911578,0.03264106
375316653866487564,5300368841637833600,0.51365155,2071.9111905166465,3.094259078888706,1.758739E-5,18.69519,0.014504815,0.2617744,0.0048854835,0.039168376,0.011902819,0.22721675,0.02687293,0.769752,0.0061856527,0.026105408,0.009695013,0.15974648,0.043678474,0.14841099,0.020927422,0.769752,0.0061856527,"TWOGAUSSIANS_WITH_ELLIPSOIDAL_ON_ECLIPSE2",9,15.795371,0.26286438,0.0041317213,0.2193429,0.06665579,0.5233946,0.032416623,0.769752,0.0061856527,0.14619029,0.05429207,0.45656782,0.027933424
375316653866487564,5300369975526654464,0.5629496,2095.653106894129,0.0674034553520223,1.8126922E-5,14.635864,8.513595E-4,0.35247174,0.0049696686,0.001530648,7.0407666E-4,1.0518922,15893.0205,null,null,null,null,null,null,0.00400862,0.0015839385,0.35247174,0.0049696686,"ONEGAUSSIAN_WITH_ELLIPSOIDAL",6,37.986557,0.35247174,0.0049696686,0.0085716285,0.003942829,1.0599095,15893.0205,null,null,null,null,null,null
375316653866487564,5300370143009032576,0.579979,2041.4957263167662,3.6384878852118048,6.318847E-6,18.429539,0.025444275,0.24669987,0.0021503277,0.044577986,0.0059726583,0.5172093,0.07322867,0.7476823,0.004731832,0.04978438,0.006858928,0.37839606,0.058279593,0.11795114,0.031792954,0.24669987,0.0021503277,"TWOGAUSSIANS_WITH_ELLIPSOIDAL_ON_ECLIPSE1",9,6.008281,0.24669987,0.0021503277,0.24963671,0.033446886,0.75311,0.075515166,0.7476823,0.00464822,0.27879253,0.038409997,0.61428773,0.02462832
375316653866487564,5300371070722280960,0.48366013,2042.4427665585765,0.2769995830943222,7.850619E-5,18.577091,0.004579393,0.12290391,0.007338256,0.02415809,0.0073749973,0.3784154,0.17695476,0.30203938,0.06424194,0.080204904,0.08035572,0.016796587,0.00714563,null,null,null,null,"TWOGAUSSIANS",8,4.2033634,0.12296391,0.0073124235,0.1352853,0.041299984,0.37980333,0.1818267,0.30203938,0.06424194,0.4,0.19703352,0.016796587,0.0071456754
375316653866487564,5300371487337943936,0.4950325,2139.866058025485,0.29361345739156985,9.680432E-5,18.812105,0.09724413,0.35322052,0.018363623,0.076534346,0.016746137,1.479827,0.6972469,0.78444976,0.045212936,0.1618492,0.10138219,0.22592478,0.07718267,null,null,null,null,"TWOGAUSSIANS",8,4.7205276,0.35361052,0.01762181,0.4,0.055919766,1.447414,0.7264697,0.78444976,0.045212936,0.4,0.0,0.18653019,0.046244334
375316653866487564,5300373097946569856,0.64544505,2090.39473867746,1.7258174285503565,3.699138E-6,16.394863,0.0046083517,0.23574543,0.0017967037,0.051781412,0.0265664,0.022047017,0.010147496,0.7261205,0.0030994504,0.05631487,0.0037371835,0.15359949,0.010128513,0.07437101,0.0056804605,0.23574543,0.0017967037,"TWOGAUSSIANS_WITH_ELLIPSOIDAL_ON_ECLIPSE1",9,4.0150633,0.72800046,0.0024355622,0.31536326,0.020928226,0.3018998,0.004860422,0.23574543,0.0017967037,0.2899759,0.14877184,0.17078486,0.0047299624
375316653866487564,5300373372828179200,0.53086036,2068.8656745509124,0.780945137642717,1.0005197E-6,19.439983,0.004292033,0.15429492,2.4557763E-5,0.0053990996,3.2120326E-4,0.30071825,0.03719481,0.57486534,0.0056051305,0.013051242,0.0025671816,0.77352655,0.41069606,null,null,null,null,"TWOGAUSSIANS",8,1.9687774,0.57486534,0.0056051305,0.073086955,0.014376217,0.77352655,0.41069606,0.15429492,2.4557763E-5,0.030234957,0.0017987383,0.30071825,0.03719481
375316653866487564,5300375610523371520,0.55041915,2091.7808993377143,1.6374061868330787,5.3065437E-6,16.595856,0.020786427,0.18319489,0.0034989864,0.121822245,0.013447766,0.13129012,0.019455234,0.6866021,0.0022926102,0.1222014,0.014337029,0.13329852,0.01887866,null,null,null,null,"TWOGAUSSIANS",8,3.3753755,0.6866221,0.0022856318,0.4,0.0,0.101846755,0.0033179296,0.18316488,0.0035391524,0.4,0.0,0.09984241,0.004113024
375316653866487564,5300376263358623616,0.63319874,2096.362167583863,4.083606887166098,2.8054521E-6,16.699183,0.011738087,0.2770957,6.6622684E-4,0.05167713,0.0018561608,0.5626403,0.026576938,0.77623504,0.0015628303,0.042012617,0.0034748064,0.44903022,0.02952447,0.1129414,0.01648768,0.2770957,6.6622684E-4,"TWOGAUSSIANS_WITH_ELLIPSOIDAL_ON_ECLIPSE1",9,25.112837,0.2770957,6.6622684E-4,0.28939193,0.010394501,0.7885184,0.012473332,0.776295,0.001453164,0.23527066,0.019458916,0.67490214,0.028557308
375316653866487564,5300376362122187392,0.5901237,2050.679281660436,3.1865477256312955,1.0185905E-5,18.54096,0.014749985,0.27785003,0.0018372731,0.0461536,0.0051742657,0.20591994,0.03461002,0.7749476,0.008715074,0.054038953,0.0101817,0.26179996,0.036858667,0.104541935,0.020514378,0.27785003,0.0018372731,"TWOGAUSSIANS_WITH_ELLIPSOIDAL_ON_ECLIPSE1",9,2.8310122,0.7753976,0.0074500972,0.30261812,0.05701752,0.47082025,0.017324721,0.27785003,0.0018372731,0.25846016,0.028975887,0.41499895,0.010346748
375316653866487564,5300376744394975104,0.5375598,2097.9961989343215,1.428252373353655,8.758273E-6,16.538967,0.0013213111,null,null,null,null,null,null,null,null,null,null,null,null,0.056363933,0.0018336851,0.28470364,0.002800237,"ELLIPSOIDAL",4,7.305201,null,null,null,null,null,null,null,null,null,null,null,null
375316653866487564,5300377672090264448,0.51680106,2059.019600002723,2.911423502996584,1.9534566E-5,18.482489,0.006126426,0.82719654,0.009505126,0.008917268,0.007280564,0.08292329,0.76021653,0.5219762,0.00844245,0.07744026,0.006194998,0.47136867,0.05466767,null,null,null,null,"TWOGAUSSIANS",8,8.413581,0.5219762,0.00844245,0.4,0.0,0.47136867,0.05466767,0.8271865,0.009498231,0.049936704,0.040771157,0.083122924,0.76033175
375316653866487564,5300378561145906944,0.45235923,2061.0064454942144,1.0566776949080314,2.1115005E-5,18.10513,0.36167893,0.24102943,0.009671327,0.113648936,0.058719892,0.22202918,0.29624087,0.7458716,0.0064193974,0.14236276,0.10517667,0.20807047,0.35718715,null,null,null,null,"TWOGAUSSIANS",8,10.07786,0.24088942,0.00939962,0.4,0.0,0.16222158,0.018451625,0.7458916,0.006431139,0.4,0.0,0.14741296,0.011385296
375316653866487564,5300378561145932032,0.51060134,2052.192919131424,1.7362194202709218,3.507919E-5,19.074469,0.003683653,0.40238315,0.005268906,0.042241763,0.0019636932,0.6908084,0.10016551,0.68132216,0.09364611,0.072722025,0.049054544,0.019871011,0.012973393,null,null,null,null,"TWOGAUSSIANS",8,1.4469818,0.40238315,0.005249913,0.23655388,0.010996682,0.6908211,0.100035414,0.68132216,0.09364611,0.4,0.21702242,0.01987101,0.012963852
375316653866487564,5300378737259835776,0.46208233,2064.581180023839,1.1541132612432887,1.9184932E-5,17.194422,0.003505858,0.29344732,0.006270394,0.034463048,0.007282273,0.11371746,0.014453473,0.7809917,0.0066512134,0.031101858,0.005230857,0.11750073,0.01931482,null,null,null,null,"TWOGAUSSIANS",8,12.005264,0.7809917,0.0066512134,0.1741704,0.0292928,0.11750073,0.01931482,0.29344732,0.006270394,0.19299307,0.04078073,0.11371746,0.014453473
375316653866487564,5300379282700628224,0.5723415,2047.4605477125624,3.571665993010285,5.0769518E-6,18.204641,0.00944382,0.2714097,0.0022173075,0.07383137,0.00282155,0.47355333,0.015802108,0.77658945,0.0018068159,0.07385005,0.0025227615,0.6015668,0.018353537,null,null,null,null,"TWOGAUSSIANS",8,5.3854346,0.77658945,0.0018068159,0.4,0.0,0.59849644,0.01835807,0.2714097,0.0022173075,0.4,0.0,0.47048295,0.015702726
375316653866487564,5300379768034403456,0.59076154,2057.42936870707,1.9896605929020585,6.08177E-6,17.728588,0.011496527,0.29903892,0.003260329,0.07137494,0.0053645754,0.3835318,0.010513559,0.8159676,0.0023848305,0.076702364,0.0075453175,0.17365578,0.00959382,null,null,null,null,"TWOGAUSSIANS",8,4.1959043,0.29903892,0.003260329,0.39969963,0.010887661,0.38239297,0.009571678,0.8159676,0.0023848305,0.4,0.0,0.17251693,0.008419597
375316653866487564,5300381657841074048,0.5351897,2104.347097297267,3.656869198310431,6.153905E-6,19.091957,0.0068596974,0.20065135,0.0023037423,0.0675474,0.0031609698,0.3927779,0.018367173,0.6994671,0.0047231084,0.070702426,0.003889113,0.5059946,0.027779317,null,null,null,null,"TWOGAUSSIANS",8,3.0612564,0.6994671,0.0047231084,0.3959336,0.015181007,0.50474334,0.027963793,0.20065135,0.0023037423,0.37826544,0.017701432,0.3915266,0.018501995
375316653866487564,5300382168918664704,0.53462124,2110.9604856875,3.2700608793445287,9.771954E-6,19.068527,0.013153028,0.27063966,0.0030828163,0.045437656,0.0036182208,0.44404024,0.037433114,0.7725082,0.009618091,0.03441553,0.0075677806,0.40040195,0.10228509,0.12186212,0.017237889,0.27063966,0.0030828163,"TWOGAUSSIANS_WITH_ELLIPSOIDAL_ON_ECLIPSE1",9,7.2418303,0.27063966,0.0030828163,0.25445086,0.020262036,0.6877642,0.023117691,0.7725082,0.009618091,0.19272695,0.042379573,0.6440923,0.102584586
375316653866487564,5300384200457859328,0.6276445,2134.805600617289,0.44602822294411143,3.0537387E-5,16.445084,0.0013137682,0.30390614,0.017949095,0.014244527,0.010701583,0.42786092,11442.8955,0.80746883,0.0023967952,0.013564352,0.0022749295,0.42494476,0.09018622,null,null,null,null,"TWOGAUSSIANS",8,3.748855,0.30390614,0.017949095,0.07976935,0.059928864,0.42786092,11442.8955,0.80746883,0.0023967952,0.07596037,0.012739605,0.42494476,0.09018622
375316653866487564,5300384234799804032,0.6234015,2121.2247365390963,1.2142138005298695,3.76746E-6,18.335928,0.0024923857,0.23884828,0.0056186905,0.03889899,0.0040748045,0.1575997,0.014426712,0.7392507,6.4309366E-4,0.035998557,8.841641E-4,0.46330014,0.009749572,null,null,null,null,"TWOGAUSSIANS",8,1.6587367,0.7392507,6.4309366E-4,0.20159192,0.004951319,0.46330014,0.009749572,0.23884828,0.0056186905,0.21783435,0.022818906,0.1575997,0.014426713
375316653866487564,5300384406598552832,0.41933239,2166.0467107694367,1.9397278463387433,3.1641448E-5,17.526129,0.0020945882,0.2910644,0.0049901097,0.037710622,0.003750506,0.12765217,0.014723961,0.82359403,0.03782829,0.025674665,0.024832442,0.23548482,45.807037,null,null,null,null,"TWOGAUSSIANS",8,4.9510183,0.82359403,0.03782829,0.14377813,0.13906167,0.23548482,45.807037,0.2910644,0.0049901097,0.21117948,0.021002835,0.12765217,0.014723961
375316653866487564,5300384544055272704,0.69025725,2142.457360368528,2.8985472707475086,2.4742965E-6,14.927131,0.008219664,0.2807122,7.4302056E-4,0.038062483,0.0021001424,0.4151633,0.01644336,0.77888125,0.00112152,0.044122595,0.0019114076,0.5209928,0.017419316,0.14696169,0.0097817425,0.2807122,7.4302056E-4,"TWOGAUSSIANS_WITH_ELLIPSOIDAL_ON_ECLIPSE1",9,67.79048,0.7790313,0.0010212426,0.24708652,0.010703882,0.81487995,0.005954959,0.2807122,7.4302056E-4,0.21314992,0.011760797,0.70908624,0.0119456155
375316653866487564,5300384715853949952,0.4678775,2090.600307803205,3.11464548635224,2.1026111E-5,18.028097,0.037597224,0.21298873,0.008465903,0.09467363,0.018684378,0.3230834,0.050499562,0.69098634,0.007801601,0.10122739,0.014601822,0.29988095,0.04054295,null,null,null,null,"TWOGAUSSIANS",8,17.817904,0.21298873,0.008450377,0.4,0.0,0.30524734,0.04805397,0.69098634,0.007801601,0.4,0.0,0.2820411,0.026921378
375316653866487564,5300384853293086848,0.56271136,2165.002223020281,0.9599208349231305,3.7273974E-6,16.782347,0.0056256074,0.2843427,0.0014091814,0.05265953,0.0053735753,0.10823934,0.0132278055,0.7733519,0.030617418,0.021220775,0.021645129,0.17936039,0.19217746,0.072206296,0.0077776858,0.2843427,0.0014091814,"TWOGAUSSIANS_WITH_ELLIPSOIDAL_ON_ECLIPSE1",9,6.294338,0.7736619,0.028637083,0.118836336,0.12121272,0.32310286,0.2071485,0.2843427,0.0014091814,0.29489335,0.030092021,0.25265038,0.0075984136
375316653866487564,5300385261291639296,0.58421487,2040.9427239290535,3.145663943677343,9.435026E-6,17.782913,0.012559254,0.30065084,0.0046521383,0.086312085,0.0066009224,0.34414935,0.0126763275,0.7943776,0.0021421865,0.081744485,0.0054724715,0.30620998,0.011494005,null,null,null,null,"TWOGAUSSIANS",8,6.0473213,0.30065084,0.0046521383,0.4,0.0,0.33719453,0.009581822,0.7943776,0.0021421865,0.4,0.0,0.2992552,0.009744949
375316653866487564,5300385712288516992,0.5777947,2075.729349118593,2.8576274163265722,7.3315177E-6,17.602503,0.00844574,0.2658135,0.0019039076,0.064101785,0.0026856721,0.36674336,0.0154991215,0.7657422,0.004061981,0.07285785,0.0041735056,0.6329403,0.02585652,null,null,null,null,"TWOGAUSSIANS",8,19.959913,0.7657422,0.004061981,0.4,0.0023769469,0.63169605,0.026030412,0.2658135,0.0019039076,0.35897002,0.015039764,0.36549905,0.015482663
375316653866487564,5300386090234190720,0.53373563,2081.367691435566,0.82253564561613,6.104145E-5,18.396748,0.0036296903,0.22976807,0.006206049,0.03356857,0.010434577,0.057081923,0.008594881,0.74828494,0.012139512,0.028528564,0.04318939,0.34759873,0.29487294,null,null,null,null,"TWOGAUSSIANS",8,1.6281279,0.74828494,0.012139512,0.15975995,0.23562837,0.34759873,0.2948754,0.22976807,0.006206049,0.18798399,0.058433633,0.057081923,0.008594757
375316653866487564,5300387013638731264,0.50408643,2070.9429903696155,3.7782673303115235,2.5530131E-5,18.79328,0.020603968,0.27869454,0.013032841,0.10332323,0.022154326,0.18819682,0.024309764,0.7462762,0.008136183,0.06563744,0.0072681066,0.4798164,0.04670797,null,null,null,null,"TWOGAUSSIANS",8,9.556738,0.7462762,0.008136183,0.36756966,0.040701397,0.4762281,0.046805844,0.27869454,0.013032841,0.4,0.0,0.18460146,0.02381711
375316653866487564,5300387116717638144,0.44719538,2079.0580626385677,1.1091228330507674,1.0345012E-5,18.095476,0.0038392954,0.15838571,0.00468197,0.038464222,0.0052452623,0.2708487,0.080805264,0.73172504,0.020535689,0.019325446,0.015455666,0.10326752,0.8555906,null,null,null,null,"TWOGAUSSIANS",8,9.628094,0.15838571,0.00468197,0.21539964,0.029373467,0.2708487,0.080805264,0.73172504,0.020535689,0.1082225,0.08655173,0.10326752,0.8555906
375316653866487564,5300387498994786432,0.5364119,2082.598270553313,2.315640895154243,6.1363394E-6,17.398571,0.019680755,0.2473315,0.0028892332,0.11244066,0.01171167,0.15202147,0.018089395,0.7457199,0.0033169454,0.1172089,0.012925687,0.14567442,0.019031195,null,null,null,null,"TWOGAUSSIANS",8,2.2058153,0.2473415,0.0028974132,0.4,0.0,0.12468313,0.005436097,0.7457199,0.0033169454,0.4,0.0,0.118318945,0.004734083
375316653866487564,5300388426707725696,0.4979351,2063.1789496231613,1.0742672383843086,7.4207323E-6,19.81511,0.00870944,0.23286621,0.016585955,0.03408868,0.020179803,0.36917055,0.118283436,0.7298536,0.004390738,0.029852897,0.0021277668,0.4577373,0.041510545,null,null,null,null,"TWOGAUSSIANS",8,1.9235188,0.7298536,0.004390738,0.16717622,0.011915495,0.4577373,0.041510545,0.23286621,0.016585955,0.19089659,0.1130069,0.36917055,0.118283436
375316653866487564,5300388461056355968,0.580881,2095.132197045184,2.3664706469735677,3.0564743E-6,19.322977,0.004613138,0.27046257,0.0025890542,0.031334862,0.0022575974,0.6567939,0.049546786,0.7710148,0.0022083027,0.030879788,0.003385027,0.66351557,0.07015657,0.041928347,0.0067266393,0.27046257,0.0025890542,"TWOGAUSSIANS_WITH_ELLIPSOIDAL_ON_ECLIPSE1",9,1.8977147,0.7710148,0.002198771,0.17292681,0.01895615,0.74737126,0.073878735,0.27046257,0.0025890542,0.17547524,0.012642546,0.7406506,0.049240652
375316653866487564,5300389968576268672,0.5155041,2132.725152058544,1.9007722880512032,1.4175965E-5,16.985868,0.012928954,0.29160306,0.003101289,0.0729866,0.0032361215,0.5522906,0.015243348,0.79788315,0.007927698,0.100496896,0.011150099,0.22705692,0.017356575,null,null,null,null,"TWOGAUSSIANS",8,50.23654,0.29160306,0.003101289,0.4,9.579047E-5,0.5432819,0.013210732,0.79788315,0.007927698,0.4,0.0,0.2180462,0.018063705
375316653866487564,5300390346533545088,0.62236035,2112.05037526846,0.5777968486990828,7.818051E-6,17.69532,0.0034242864,0.29999158,0.0036829663,0.027444188,0.0035392453,1.5594586,0.5605806,0.7975019,0.0041253385,0.029026628,0.0038424705,0.12590472,0.0142389145,0.01932896,0.0045020143,0.29999158,0.0036829663,"TWOGAUSSIANS_WITH_ELLIPSOIDAL_ON_ECLIPSE1",9,5.432881,0.29999158,0.0036829663,0.15368745,0.019819774,1.5981165,0.5632419,0.79755193,0.0040591136,0.16254911,0.021517834,0.16455337,0.013806095
375316653866487564,5300390453932050560,0.54927236,2115.36675823337,3.005017145511342,9.853185E-6,16.903263,0.010001235,0.21594243,0.0032825093,0.088899404,0.006894978,0.28528532,0.009919937,0.7303985,0.0036595312,0.07968944,0.004981695,0.28873006,0.011159348,null,null,null,null,"TWOGAUSSIANS",8,17.113234,0.7303985,0.0036595312,0.4,0.0,0.28328544,0.0086253565,0.21594243,0.0032825093,0.4,0.0,0.2798406,0.008791534
375316653866487564,5300390793210092544,0.5735605,2139.3202890205157,2.6185554290445396,5.905809E-6,18.491568,0.0048112837,0.24417242,0.0033887639,0.07852124,0.0040700547,0.29368746,0.013138901,0.73563987,0.0057249595,0.07568995,0.0042721746,0.27380124,0.01661009,null,null,null,null,"TWOGAUSSIANS",8,1.7067314,0.24417242,0.0033887639,0.4,0.0,0.29121828,0.013253678,0.73563987,0.0057249595,0.4,0.0,0.27133206,0.016378362
375316653866487564,5300391106755391360,0.48544207,2136.3710334667676,3.1603418394826224,1.176145E-5,18.349276,0.31771806,0.29038304,0.012639743,0.31025448,0.16147429,0.36098722,0.30677333,0.7664989,0.0031145848,0.08086237,0.004160956,0.37274417,0.030608805,null,null,null,null,"TWOGAUSSIANS",8,8.204656,0.7664989,0.0031145848,0.4,0.0,0.31039694,0.008950314,0.29038304,0.012639743,0.4,0.0,0.104670376,0.009616584
375316653866487564,5300391725242423424,0.6081944,2135.755837118691,2.8754474311526192,9.297992E-6,18.48153,0.022508381,0.2630434,0.0028749644,0.04765176,0.0073965513,0.37541205,0.051348884,0.767888,0.002117964,0.051444285,0.005007729,0.42242756,0.047751945,0.10562109,0.02790051,0.2630434,0.0028749644,"TWOGAUSSIANS_WITH_ELLIPSOIDAL_ON_ECLIPSE1",9,3.7298257,0.767888,0.002117964,0.288088,0.028043283,0.63346976,0.0100899255,0.2630434,0.0028749644,0.26684988,0.041420687,0.58664995,0.046419498
375316653866487564,5300391789642614912,0.5389061,2135.60299090506,2.935136940811838,1.0764244E-5,18.47816,0.009323606,0.2399092,0.0046608234,0.07309799,0.0068403683,0.34953383,0.011507392,0.7524594,0.0027696234,0.080921106,0.0049141822,0.30636948,0.013909693,null,null,null,null,"TWOGAUSSIANS",8,4.6521087,0.2399092,0.0046608234,0.4,0.0067148455,0.3469703,0.011068028,0.7524594,0.0027696234,0.4,0.0,0.30380592,0.013940443
375316653866487564,5300392889154449408,0.56882626,2097.8129382514744,2.642267399255074,5.9970807E-6,18.277918,0.008912789,0.21681629,0.0027986648,0.079807326,0.004210331,0.30768594,0.0092206905,0.7210221,0.0048279786,0.09113272,0.005312945,0.27417317,0.017435282,null,null,null,null,"TWOGAUSSIANS",8,2.8571115,0.21681629,0.0027986648,0.4,0.0,0.30024147,0.008296645,0.7210221,0.0048279786,0.4,0.0,0.26672855,0.016953733
375316653866487564,5300392927833069440,0.5578136,2126.5240286339927,1.6011637023013254,1.0606973E-5,17.103418,0.002050999,0.2800556,0.0038292704,0.0578823,0.0044895047,0.17776617,0.005667155,0.7828615,0.006667513,0.07864264,0.008016486,0.06386879,0.0066930135,null,null,null,null,"TWOGAUSSIANS",8,3.1805859,0.2800556,0.0038292704,0.32414088,0.025141226,0.17754881,0.0056947605,0.7828615,0.006667513,0.4,0.0,0.06365143,0.0067749624
375316653866487564,5300393129681076224,0.62786716,2086.516864943193,3.5600644946955207,3.2075263E-6,17.819952,0.015265414,0.26835772,0.0011279194,0.058504146,0.003628744,0.36835834,0.031171184,0.7697983,0.001554402,0.045053497,0.004332503,0.41579005,0.024035877,0.12766472,0.018938847,0.26835772,0.0011279194,"TWOGAUSSIANS_WITH_ELLIPSOIDAL_ON_ECLIPSE1",9,6.4680514,0.7697983,0.001554402,0.25229958,0.024262015,0.6710588,0.02335733,0.26835772,0.0011279194,0.32762322,0.020320967,0.623648,0.009474608
375316653866487564,5300393374509697152,0.573578,2132.8807113492394,2.589312646366659,5.8095893E-6,15.025531,0.005442906,0.29086626,0.0015271935,0.063731536,0.0039202273,0.18113002,0.0118669355,0.78186816,0.010323947,0.03842923,0.0070038075,0.13982378,0.025753656,0.09286981,0.006466062,0.29086626,0.0015271935,"TWOGAUSSIANS_WITH_ELLIPSOIDAL_ON_ECLIPSE1",9,89.527084,0.29086626,0.0015271935,0.3568966,0.021953274,0.36678714,0.0060626063,0.7830782,0.009180205,0.21520369,0.03922132,0.3249672,0.023377651
375316653866487564,5300393404554246784,0.6537988,2098.8423729862116,2.5027988976464033,4.0089E-6,17.62596,0.006036492,0.2595791,0.0016534218,0.093662225,0.0031211062,0.35684884,0.0074543646,0.76072407,0.0026705833,0.08484277,0.003055786,0.41873688,0.006957499,null,null,null,null,"TWOGAUSSIANS",8,1.8481698,0.76072407,0.0026705833,0.4,0.0,0.40381023,0.005987595,0.2595791,0.0016534218,0.4,0.0,0.34192175,0.00770497
375316653866487564,5300395264295526144,0.54426056,2119.6313337411316,0.6110706041065285,1.3647542E-5,13.94568,0.0016638282,0.4203513,6.461716E-4,0.0025424757,7.8483386E-4,1.8697927,14.881779,0.9407172,0.0377918,0.011224564,0.010133544,0.3650627,1.2889916,null,null,null,null,"TWOGAUSSIANS",8,52.43708,0.4203513,6.461716E-4,0.014237864,0.0043950696,1.8697927,14.881779,0.9407172,0.0377918,0.06285756,0.056747846,0.3650627,1.2889916
375316653866487564,5300395814051364864,0.49278185,2140.8674135714723,2.1957314059661224,2.4366345E-5,16.95998,0.009863242,0.38503465,0.004450154,0.0502197,0.0050052027,0.19172671,0.017407743,0.73563826,0.008053662,0.051165026,0.011484188,0.17589046,0.020710707,0.031246413,0.008352705,0.73563826,0.008053662,"TWOGAUSSIANS_WITH_ELLIPSOIDAL_ON_ECLIPSE2",9,18.72242,0.73563826,0.008053662,0.28652415,0.06431145,0.23838188,0.017497052,0.37999466,0.0042006588,0.28123033,0.028029136,0.21448298,0.019331016
375316653866487564,5300396260728148992,0.6072397,2089.9506814328524,1.0231523264241067,4.1426365E-6,16.2271,0.0034347516,0.29467875,0.0012470481,0.050723862,0.0023436996,0.33702376,0.016512834,0.7960946,0.00948238,0.048929535,0.008150152,0.0393639,0.008784538,0.047722816,0.004640138,0.29467875,0.0012470481,"TWOGAUSSIANS_WITH_ELLIPSOIDAL_ON_ECLIPSE1",9,6.4737587,0.29467875,0.0012470481,0.28405362,0.013124717,0.43246746,0.018588522,0.7960946,0.008102071,0.2740054,0.045640852,0.13480003,0.0030466812
375316653866487564,5300397050990520320,0.48481393,2127.1061493652132,0.1724605305523672,3.4384986E-5,19.62337,0.0051278602,0.48720056,0.019378697,0.06110322,0.013529425,0.04176181,0.011710332,0.6789247,0.0037612517,0.009257142,0.001609033,0.5506291,0.091545604,null,null,null,null,"TWOGAUSSIANS",8,1.332002,0.6789247,0.0037612517,0.05184,0.009010584,0.5509331,0.09144739,0.48720056,0.019378697,0.34217802,0.075764775,0.04176181,0.011710332
375316653866487564,5300397291508688768,0.48315242,2137.6328052201293,3.3300139668927162,1.3672521E-5,18.974714,0.0082221,0.31975025,0.007933668,0.08454101,0.011228767,0.1501282,0.023796028,0.7970675,0.0045134914,0.08032513,0.006933792,0.13899514,0.011463224,null,null,null,null,"TWOGAUSSIANS",8,1.4435402,0.31975025,0.007933668,0.4,0.0,0.1482293,0.024375916,0.7970675,0.0045134914,0.4,0.0,0.13709626,0.010824317
375316653866487564,5300397428959086720,0.5921201,2166.179141222305,2.0512795391035903,5.817865E-6,16.476572,0.014323156,0.28251454,0.001709131,0.121643335,0.008675805,0.16470459,0.013540112,0.7845139,0.0052696886,0.10325898,0.008271964,0.20820859,0.015389886,null,null,null,null,"TWOGAUSSIANS",8,3.4160833,0.78452384,0.005281387,0.4,0.0,0.17814736,0.003782399,0.28251454,0.001709131,0.4,0.0,0.13457598,0.0029176632
375316653866487564,5300397665159788800,0.6306584,2141.828205354515,1.997882681133868,8.987428E-6,15.798394,0.0028552164,0.2949935,0.0010303998,0.061717693,9.421126E-4,0.43126133,0.004227582,0.799184,0.003076984,0.07699794,0.0038459008,0.091356285,0.003208419,null,null,null,null,"TWOGAUSSIANS",8,7.133205,0.2949935,0.0010303998,0.34561908,0.00527583,0.43078628,0.004154612,0.799184,0.003076984,0.4,0.0,0.09088125,0.0031192326
375316653866487564,5300397738199416192,0.42448547,2126.2468827033385,1.2835857144460823,5.4377375E-5,16.97964,0.01096428,0.1340129,0.008525714,0.03473744,0.00876442,0.13899727,0.021366276,0.93186724,0.015498149,0.025690245,0.008073803,0.015935322,0.021560743,0.046282806,0.014902319,0.93186724,0.015498149,"TWOGAUSSIANS_WITH_ELLIPSOIDAL_ON_ECLIPSE2",9,63.647377,0.13099289,0.009132318,0.19452968,0.049080748,0.14761324,0.021893578,0.93186724,0.015498149,0.14386538,0.0452133,0.108500816,0.021136343
375316653866487564,5300398489793037952,0.49204957,2104.2467859445355,4.036515375112774,6.2329695E-5,18.533455,0.022643862,0.23976584,0.008241159,0.084189415,0.019424647,0.2159277,0.021716261,0.7327327,0.009053209,0.09458034,0.012631555,0.23461367,0.024265105,null,null,null,null,"TWOGAUSSIANS",8,7.254295,0.7327327,0.009053209,0.4,0.0,0.22654296,0.01696072,0.23976584,0.008241159,0.4,0.0,0.20785743,0.026156683
375316653866487564,5300398730311320960,0.58451927,2157.827651647763,3.3430247859043467,1.0903961E-5,18.018587,0.009299951,0.21173587,0.0015817535,0.0772674,0.0031934604,0.5358428,0.018393924,0.71564776,0.004121817,0.06882183,0.00391353,0.48379153,0.016433174,null,null,null,null,"TWOGAUSSIANS",8,8.034652,0.21173587,0.0015817535,0.4,0.0,0.53318274,0.018819164,0.71564776,0.004121817,0.38540226,0.021915767,0.4811315,0.016010886
375316653866487564,5300399417506170368,0.56338286,2072.099456141781,0.4011125279238361,1.0272366E-5,16.655285,0.0015587083,0.3856395,0.014859427,0.03219814,0.008512525,0.017007053,0.0024398826,0.8932662,0.003682538,0.020799005,0.0070733232,0.17314108,0.014129724,null,null,null,null,"TWOGAUSSIANS",8,4.644086,0.8932662,0.003682538,0.116474435,0.03961061,0.17314108,0.014129724,0.3856395,0.014859427,0.18030958,0.04767014,0.017007053,0.0024398826
375316653866487564,5300399593610299392,0.51940566,2098.6426931607407,3.7874105800729185,1.5697835E-5,19.48188,0.0061656823,0.20969933,0.0040373416,0.06866967,0.004417885,0.417281,0.01888763,0.71712947,0.008299953,0.07405656,0.011114319,0.4107128,0.046515428,null,null,null,null,"TWOGAUSSIANS",8,2.216144,0.20969933,0.0040373416,0.38455012,0.023134353,0.41579208,0.018981472,0.71712947,0.008299953,0.4,0.015879553,0.40922385,0.048399832
375316653866487564,5300402136243080576,0.539536,2122.2193502405553,0.8000834547822723,2.851506E-5,16.747854,0.0029814718,0.39387986,0.010208866,0.02443758,0.008282438,0.5358471,0.20274337,0.6508956,0.029860873,0.02349797,0.020343542,0.019950822,0.052811388,0.002479773,0.0052165007,0.6508956,0.029860873,"TWOGAUSSIANS_WITH_ELLIPSOIDAL_ON_ECLIPSE2",9,20.490355,0.39387986,0.010210092,0.13685045,0.046381652,0.5358567,0.2027523,0.6508956,0.029860873,0.13158864,0.11392383,0.024910368,0.05155391
375316653866487564,5300402681679715584,0.46436644,2092.686923262792,2.549039668482639,3.1779804E-5,17.998133,0.021322737,0.23931332,0.004814332,0.03526051,0.015733201,0.19393371,0.028054843,0.71549445,0.008632979,0.014712882,0.022829354,0.10970279,null,0.047748808,0.02580091,0.71549445,0.008632979,"TWOGAUSSIANS_WITH_ELLIPSOIDAL_ON_ECLIPSE2",9,22.339048,0.23823331,0.004798693,0.19745885,0.088105924,0.28740427,0.029615778,0.71549445,0.008632979,0.08239214,0.12784438,0.2052004,null
375316653866487564,5300403437594303616,0.48772186,2090.4295106467785,2.385058766944184,8.004326E-6,17.379042,0.004658011,0.22100882,0.01276128,0.04100047,0.014476812,0.07505177,0.0059038782,0.71432406,0.00516223,0.062292323,0.005057486,0.16842198,0.01936977,null,null,null,null,"TWOGAUSSIANS",8,10.188446,0.71432406,0.00516223,0.34883702,0.02832192,0.16842055,0.019368833,0.22100882,0.01276128,0.22960263,0.08107015,0.07505035,0.0059029106
375316653866487564,5300404468391073152,0.5159433,2131.9708504130813,1.543225394429548,1.5814196E-5,19.34563,0.0065225502,0.2761688,0.0016406248,0.046132587,0.0024784736,0.58417946,0.04453266,0.77557546,0.009021004,0.046743345,0.008419075,0.1914303,0.014804324,null,null,null,null,"TWOGAUSSIANS",8,2.276666,0.2761688,0.0016406248,0.25834247,0.013879452,0.58417916,0.044532996,0.77557546,0.009021004,0.26176274,0.04714682,0.19142997,0.014804261
375316653866487564,5300404644503660160,0.56537145,2079.0891675092116,0.7523201685478307,5.379569E-6,14.933477,0.0019237883,0.25915658,0.007823245,0.04931868,0.006682839,0.22465545,0.015289164,0.76377654,0.001910796,0.06292126,0.0025436794,0.13270342,0.0047980715,null,null,null,null,"TWOGAUSSIANS",8,24.683182,0.25915658,0.007823245,0.2761846,0.037423898,0.22464195,0.015294607,0.76377654,0.001910796,0.3523591,0.014244606,0.13268992,0.0048004705
375316653866487564,5300404777628616192,0.41849387,2097.702077307568,0.2248745091512814,4.3048818E-5,19.312456,0.008415057,0.51669705,0.018312301,0.028339969,0.010585172,0.15312701,0.034444954,0.75418895,0.008562423,0.043454364,0.007993723,0.22189505,0.07172908,null,null,null,null,"TWOGAUSSIANS",8,5.631231,0.75418895,0.008562423,0.24334444,0.044764847,0.22189505,0.07172908,0.51669705,0.018312301,0.15870382,0.059276965,0.15312709,0.03444492
375316653866487564,5300405709655594368,0.43318754,2125.439731549297,2.4212717684371854,2.510957E-5,17.161215,0.12025051,0.272857,0.01444428,0.17519076,0.08112389,0.12649566,0.11023899,0.7783845,0.010191434,0.15576829,0.0427791,0.14531493,0.10656708,null,null,null,null,"TWOGAUSSIANS",8,6.6277866,0.77949446,0.008831864,0.4,0.0,0.0661742,0.0035016197,0.271827,0.01485985,0.4,0.0,0.044722244,0.016724903
375316653866487564,5300405744003414144,0.47991654,2160.0229842786403,0.9783508668817666,3.8466616E-5,19.267675,0.006282089,0.21265748,0.007995957,0.011674413,0.00265791,0.8814732,0.45234376,0.7572378,0.0033962368,0.008898085,0.002799549,0.10229329,0.19537508,null,null,null,null,"TWOGAUSSIANS",8,4.9098983,0.21265748,0.007995957,0.065376714,0.014884297,0.8814732,0.45234376,0.7572378,0.0033962368,0.04982928,0.015677474,0.10229329,0.19537508
375316653866487564,5300405812721921024,0.44474533,2122.4720162619988,1.999770683737809,1.7588049E-4,19.685259,0.011507279,0.33909926,0.002299573,0.023190279,0.004175586,0.5737037,0.22165564,0.7988207,0.023038594,0.06378453,0.051952597,0.14495671,5514.316,null,null,null,null,"TWOGAUSSIANS",8,5.0760074,0.33909926,0.002299573,0.12986556,0.023383282,0.5737037,0.22165565,0.7988207,0.023038594,0.35719338,0.29093453,0.14495671,5514.316
375316653866487564,5300405812721927168,0.53652006,2088.7898741927893,3.0642903330639437,8.673682E-6,18.37857,0.023587711,0.27874693,0.0039999494,0.085966714,0.0076733595,0.5194718,0.026668366,0.7850765,0.0046553523,0.08386746,0.007389995,0.47384372,0.025070138,null,null,null,null,"TWOGAUSSIANS",8,8.453777,0.27874693,0.0039999494,0.4,0.0,0.5078093,0.025525143,0.7850765,0.0046553523,0.4,0.0,0.46218124,0.019829296
375316653866487564,5300405980219763968,0.5246491,2102.6361125724998,2.130837914756481,5.5898267E-6,19.298414,0.00868784,0.22500788,0.003928598,0.09652377,0.0071269465,0.22870353,0.017035766,0.72185856,0.0018151322,0.07334155,0.005427918,0.31971833,0.014416775,null,null,null,null,"TWOGAUSSIANS",8,0.8664382,0.72185856,0.0018151322,0.4,0.0,0.3132421,0.015825996,0.22500788,0.003928598,0.4,0.0,0.22222662,0.017507171
375316653866487564,5300406362490606848,0.5426443,2123.4410422735314,1.4762119945263354,7.8109615E-6,16.279612,0.08922281,0.2571785,0.0040555852,0.12289432,0.03597791,0.13668092,0.08420108,0.7569865,0.0028738144,0.1345485,0.034169093,0.15008506,0.0865615,null,null,null,null,"TWOGAUSSIANS",8,4.3377457,0.7569865,0.002883548,0.4,0.0,0.10672214,0.0035809726,0.2571785,0.004298316,0.4,0.0,0.09354949,0.0049390714
375316653866487564,5300406736130800384,0.5176246,2092.990309129173,3.6750204283802144,1.5843554E-5,17.739555,0.012156964,0.26929554,0.0075161923,0.08034177,0.008018829,0.29929543,0.024609214,0.75454915,0.003082638,0.086731546,0.004352921,0.33374467,0.015519839,null,null,null,null,"TWOGAUSSIANS",8,14.234532,0.75454915,0.003082638,0.4,0.0,0.32824737,0.014090271,0.26929554,0.0075161923,0.4,0.0,0.29379815,0.024571301
375316653866487564,5300410520005534848,0.5444949,2106.9990231681054,3.0059438143040706,1.2904697E-5,19.187416,0.007089271,0.24713214,0.005048964,0.08508593,0.005065284,0.3835298,0.015164346,0.74385,0.004893658,0.0827444,0.005449957,0.4219518,0.011818486,null,null,null,null,"TWOGAUSSIANS",8,1.9733212,0.74385,0.004893658,0.4,0.0,0.41298944,0.011836336,0.24713214,0.005048964,0.4,0.0,0.37456745,0.014999463
375316653866487564,5300410554378507520,0.43965223,2108.6465146296787,0.14618484846223076,4.314259E-5,15.7303095,0.020251561,0.3720563,0.006561706,0.06760134,0.006513729,0.36774707,0.037577238,0.83292663,0.019216778,0.12541516,0.02471293,0.16222575,0.029611072,null,null,null,null,"TWOGAUSSIANS",8,551.4181,0.37211633,0.0065715527,0.3785675,0.036476884,0.35986775,0.03654394,0.83292663,0.019216778,0.4,0.0,0.15414095,0.027692871
375316653866487564,5300410859303542784,0.49385428,2103.3174398960364,0.2895770949796701,1.7650496E-5,17.961891,0.005034659,0.16367906,0.024919901,0.05844337,0.020066457,0.06254179,0.023723982,0.77068514,3.8407865E-4,0.0032629417,3.202615E-4,0.516775,0.093798496,0.015126903,0.0067182346,0.77068514,3.8407865E-4,"TWOGAUSSIANS_WITH_ELLIPSOIDAL_ON_ECLIPSE2",9,12.418357,0.77068514,3.8407865E-4,0.018272474,0.0017934644,0.54702884,0.09471008,0.17356907,0.029025126,0.32728288,0.11237216,0.08197222,0.024295947
375316653866487564,5300411138494091008,0.67215115,2138.4179893948017,0.03019394142846689,1.1956312E-6,14.001441,9.724779E-4,0.3021447,7.51965E-4,0.0014655315,3.6045074E-4,0.56251144,0.12048418,null,null,null,null,null,null,null,null,null,null,"ONEGAUSSIAN",5,36.244995,0.3021447,7.51965E-4,0.008206977,0.002018524,0.56251144,0.0,null,null,null,null,null,null
375316653866487564,5300411275936105088,0.46074724,2114.712361464469,3.4806486464137727,1.8298173E-5,19.679602,0.06901707,0.27977344,0.010819223,0.14153637,0.038513504,0.19680469,0.06770106,0.742232,0.01030286,0.07453159,0.013323698,0.40139803,0.067293905,null,null,null,null,"TWOGAUSSIANS",8,3.5915825,0.742232,0.01030286,0.4,0.02441436,0.38156074,0.042483196,0.27977344,0.010819223,0.4,0.0,0.1758765,0.032896042
375316653866487564,5300411344640839680,0.51009965,2122.11336388361,2.931327797241696,2.6434542E-5,19.711786,0.020037802,0.18131363,0.003365392,0.06973066,0.014575852,0.5710419,0.13060561,0.6872732,0.0058599752,0.06805131,0.008334081,0.53066903,0.07350623,null,null,null,null,"TWOGAUSSIANS",8,3.0651164,0.18131363,0.003365392,0.39049172,0.033272486,0.5697422,0.13338941,0.6872732,0.0058599752,0.38108733,0.033885088,0.52936935,0.07420324
375316653866487564,5300412714728941440,0.5077694,2084.0286307281385,0.41409032168242116,3.0919004E-5,18.750074,0.0045063635,0.27946523,0.0025110133,0.020681886,0.0041800463,0.3870864,0.2037387,0.8374023,0.015693098,0.070662595,0.021552838,0.026236622,0.008522337,null,null,null,null,"TWOGAUSSIANS",8,1.2216793,0.27946523,0.0025110133,0.11581856,0.02340826,0.3870864,0.2037387,0.8374023,0.015693098,0.39571056,0.06788623,0.026236622,0.008522369
375316653866487564,5300413195762107392,0.5063259,2096.659152001388,3.390932184317294,1.3045386E-5,17.495564,0.0044705733,0.24707265,0.0036769786,0.038906857,0.008747335,0.0812814,0.011323049,0.6927736,0.005868834,0.008504612,0.0038647377,0.07149288,0.03363659,0.08267277,0.0063118166,0.24707265,0.0036769786,"TWOGAUSSIANS_WITH_ELLIPSOIDAL_ON_ECLIPSE1",9,12.94376,0.24707265,0.0036769786,0.2178784,0.04898507,0.2466269,0.005378372,0.6934336,0.0057344427,0.04762583,0.02164253,0.218543,0.0363509
375316653866487564,5300413474956348800,0.7069164,2105.1359048576687,0.12615530992854163,9.811229E-6,15.169344,4.5831595E-4,0.33286896,4.9334707E-5,0.013941695,9.163305E-5,0.4506572,6.180466E-4,null,null,null,null,null,null,null,null,null,null,"ONEGAUSSIAN",5,3.2234864,0.33286896,4.9334707E-5,0.078073494,5.1314506E-4,0.4506572,0.0,null,null,null,null,null,null
375316653866487564,5300415158583721728,0.49177694,2078.3615978572293,3.4953784222207362,1.38793985E-5,17.156958,0.02435242,0.26836866,0.006826079,0.115647495,0.019445818,0.14855614,0.023223016,0.783031,0.006067768,0.098702565,0.0128566185,0.20611481,0.022851009,null,null,null,null,"TWOGAUSSIANS",8,10.821592,0.783051,0.00605984,0.4,0.0,0.18697676,0.012994391,0.26836866,0.006824286,0.4,0.0,0.1293898,0.009929829
375316653866487564,5300415910182903168,0.5337478,2096.047784823423,0.6239043039138199,1.1030249E-5,18.883804,0.005595766,0.29664624,0.0029121302,0.034766935,0.0053373524,1.4200522,0.40173703,0.8009181,0.0063626887,0.031124504,0.005104323,0.1175388,0.013482616,null,null,null,null,"TWOGAUSSIANS",8,5.87636,0.29664624,0.0029121302,0.19469485,0.029889174,1.4200522,0.40173703,0.8009181,0.0063626887,0.17429721,0.028584208,0.1175388,0.013482616
375316653866487564,5300417185807939456,0.5002534,2098.3703026994995,0.040716017941282386,1.3819925E-6,17.238731,0.0010978476,0.2641877,1.9199022E-6,0.0011586561,8.865116E-6,0.15671378,9.2732685E-4,0.83937556,0.0564562,0.0070084245,0.025383478,0.013897824,0.041020457,null,null,null,null,"TWOGAUSSIANS",8,2.0867634,0.2641877,1.9199022E-6,0.006488474,4.9644652E-5,0.15671378,9.2732685E-4,0.83937556,0.0564562,0.039247178,0.14214748,0.013897824,0.041020457
375316653866487564,5300418250959986048,0.6573886,2077.554802325244,0.5098305911453217,3.627808E-6,14.76007,6.432519E-4,0.4322016,6.6917326E-4,0.027652292,5.36359E-4,0.4601395,0.013149664,null,null,null,null,null,null,null,null,null,null,"ONEGAUSSIAN",5,13.801003,0.4322016,6.6917326E-4,0.15485284,0.0030036103,0.4601395,0.0,null,null,null,null,null,null
375316653866487564,5300418388398953088,0.55912805,2082.8808541593357,0.3542828181055766,4.6402984E-5,16.834988,0.0018569677,0.31344283,0.007123798,0.047342844,0.02044918,0.1322722,0.091462955,0.81409293,0.0020042197,0.023620224,0.001442696,0.31477508,0.040954456,null,null,null,null,"TWOGAUSSIANS",8,4.618518,0.81409293,0.0020042197,0.13227326,0.008079098,0.31477508,0.040954456,0.31344283,0.007123798,0.2651199,0.11451542,0.1322722,0.091462985
375316653866487564,5300419453537327488,0.41566318,2047.6009299824084,2.0170095905378242,3.0465844E-5,17.573631,0.03810118,0.25865456,0.020688627,0.110595204,0.047717653,0.07367937,0.03095888,0.8081054,0.021803914,0.14003818,0.06380676,0.058657534,0.0358497,null,null,null,null,"TWOGAUSSIANS",8,5.4149413,0.25747457,0.017977504,0.4,0.0,0.06246795,0.012714032,0.8083254,0.020980956,0.4,0.0,0.0471026,0.009659193
375316653866487564,5300419590989655936,0.4464941,2082.586576177977,2.8121869871115495,5.0343584E-5,17.825274,0.013499762,0.3081555,0.013532819,0.07410268,0.024715154,0.14668529,0.014830055,0.80059516,0.009477049,0.06330145,0.017364066,0.07474329,0.024534205,null,null,null,null,"TWOGAUSSIANS",8,15.37958,0.3081555,0.013532819,0.4,0.037151024,0.14645244,0.014638121,0.80059516,0.009477049,0.35448813,0.0968491,0.07451045,0.024083918
375316653866487564,5300419762788352000,0.48848984,2006.4400599484413,3.8164574837681235,1.4487281E-5,18.784897,0.51674443,0.23529287,0.0053751795,0.14393543,0.056730196,0.5757241,0.5019451,0.73773247,0.0064027756,0.13557021,0.04974571,0.6496612,0.48455542,null,null,null,null,"TWOGAUSSIANS",8,5.9790487,0.7378425,0.006355836,0.4,0.0,0.41030475,0.03203221,0.23520288,0.005367689,0.4,0.0,0.33505175,0.023304308
375316653866487564,5300420415625454208,0.6422155,2118.0617258358147,3.0824078142723517,2.5958025E-6,16.432129,0.00616388,0.26550603,0.0014066638,0.043725014,0.005204831,0.16128938,0.01405715,0.7571632,0.001577104,0.0497247,0.0023795406,0.24989906,0.015712313,0.12165824,0.009634161,0.26550603,0.0014066638,"TWOGAUSSIANS_WITH_ELLIPSOIDAL_ON_ECLIPSE1",9,10.516506,0.75849324,0.0012337842,0.27845833,0.013325428,0.4926522,0.007735108,0.26550603,0.0014066638,0.24486007,0.029147051,0.40460402,0.0070267376
375316653866487564,5300420789270500352,0.4669616,2098.3350552253783,4.08912505191198,3.366139E-5,19.45801,0.0075437506,0.29593328,0.0062239626,0.033855546,0.010487918,0.2182632,0.026063425,0.80742496,0.002355755,0.04175524,0.004155788,0.15472414,0.010415667,null,null,null,null,"TWOGAUSSIANS",8,2.8892763,0.29593328,0.0062239626,0.18959107,0.05873234,0.2182632,0.026063425,0.80742496,0.002355755,0.23382935,0.023272414,0.15472414,0.010415667
375316653866487564,5300421755655267072,0.52970845,2158.5290448189503,3.729043728628581,3.970858E-6,19.08176,0.0074348394,0.20832193,0.0021984396,0.059344675,0.0033826819,0.34509113,0.012336137,0.7093578,0.004994849,0.058941144,0.007426409,0.37724876,0.055230122,null,null,null,null,"TWOGAUSSIANS",8,1.4828062,0.7093578,0.004994849,0.3300704,0.041587893,0.37715706,0.055335347,0.20832193,0.0021984396,0.33233017,0.018943017,0.34499943,0.012343006
375316653866487564,5300421957498761088,0.44903478,2127.168623991944,4.336196121880306,4.102372E-5,19.439629,0.025876975,0.5321063,0.0130683,0.1778251,0.027023388,0.2397319,0.02512405,0.864694,0.020185763,0.027384458,0.022736153,0.055218197,0.024538063,null,null,null,null,"TWOGAUSSIANS",8,3.9815016,0.5321063,0.0130683,0.4,0.0,0.23052743,0.018742392,0.864694,0.020185763,0.15335298,0.12732245,0.087922744,0.024005659
375316653866487564,5300422511562708736,0.5307396,2107.4853688620706,3.6640385549307832,8.889472E-6,19.466358,0.014356965,0.25720987,0.003936091,0.07463911,0.0052577634,0.5312638,0.021053337,0.76511496,0.0024921657,0.06684398,0.004134833,0.4933786,0.028532414,null,null,null,null,"TWOGAUSSIANS",8,3.9560726,0.25720987,0.003936091,0.4,0.0,0.52963406,0.021074478,0.76511496,0.0024921657,0.3743263,0.023155065,0.49174884,0.028454373
375316653866487564,5300422614641903360,0.49225828,2158.8474249728965,3.600149775369374,1.557975E-5,19.89741,0.011237022,0.73681545,0.0036193258,0.034005277,0.0057767765,0.21885698,0.054635543,null,null,null,null,null,null,0.1372711,0.017272215,0.73681545,0.0036193258,"ONEGAUSSIAN_WITH_ELLIPSOIDAL",6,2.4317932,0.73681545,0.0036193258,0.19042955,0.032349948,0.49339885,0.05195359,null,null,null,null,null,null
375316653866487564,5300422717727980032,0.46215808,2123.797326301481,0.08898427761040596,4.0202056E-5,15.063357,0.008021498,0.27161404,0.010894155,0.11102766,0.021900335,0.120090336,0.01459407,0.7756256,0.0063931844,0.055004146,0.0055744196,0.5419331,0.09051582,null,null,null,null,"TWOGAUSSIANS",8,50.291756,0.7756256,0.0063931844,0.3080232,0.03121675,0.5384346,0.09197668,0.27161404,0.010894155,0.4,0.0,0.116582245,0.016346488
375316653866487564,5300422820807202048,0.59191376,2127.050314800006,2.6225983308976555,4.460171E-6,17.923277,0.008387344,0.2219801,0.0016646857,0.07757384,0.0022003073,0.46603063,0.011503644,0.7223516,0.0023644585,0.081396535,0.0032142291,0.43768755,0.015346047,null,null,null,null,"TWOGAUSSIANS",8,4.796673,0.2219801,0.0016646857,0.4,0.0,0.459663,0.010829261,0.7223516,0.0023644585,0.4,0.0,0.43131992,0.01533383
375316653866487564,5300422850848606976,0.57200587,2115.7626305059416,4.460629676141483,8.157472E-6,18.802858,0.009460492,0.19973028,0.0023759431,0.07233568,0.0036139165,0.4786134,0.01778941,0.7051937,0.0023946224,0.06679837,0.0035806352,0.45251814,0.031456556,null,null,null,null,"TWOGAUSSIANS",8,2.8974705,0.19973028,0.0023759431,0.4,0.0038394744,0.4773456,0.01786869,0.7051937,0.0023946224,0.37407085,0.020051558,0.4512503,0.031625893
375316653866487564,5300423130038027776,0.53102803,2152.481107898793,2.8420409958094623,1.0425245E-5,19.574694,0.02319513,0.20106126,0.0034150358,0.07514007,0.007548096,0.4378431,0.028295107,0.696037,0.0030372625,0.079160064,0.005681504,0.45503616,0.025375705,null,null,null,null,"TWOGAUSSIANS",8,2.0955133,0.696037,0.0030372625,0.4,0.0,0.45082322,0.02360137,0.20106126,0.0034150358,0.4,0.0024690037,0.43363017,0.028161705
375316653866487564,5300423473642007040,0.47311583,2119.7274299376263,1.6157019586330759,2.9035742E-5,17.30829,0.009309254,0.28922513,0.008260453,0.08610161,0.02100764,0.07542389,0.0067300336,0.7778823,0.015139977,0.1035958,0.024513202,0.04759814,0.010082937,null,null,null,null,"TWOGAUSSIANS",8,2.7106097,0.28922513,0.008260833,0.4,0.0,0.07236175,0.006506473,0.7778823,0.015139977,0.4,0.0,0.044535067,0.004867796
375316653866487564,5300423572403331200,0.58762926,2081.7728045504036,3.115711038007332,4.8100874E-6,18.765984,0.012246558,0.2877744,0.0019997554,0.049859162,0.0053325943,0.31786314,0.042853024,0.7798051,0.002137293,0.052904602,0.0033382324,0.39769298,0.03005924,0.10239824,0.019298922,0.2877744,0.0019997554,"TWOGAUSSIANS_WITH_ELLIPSOIDAL_ON_ECLIPSE1",9,2.9452047,0.78061515,0.0018433364,0.29626578,0.018694103,0.6020244,0.015159373,0.2877744,0.0019997554,0.2792113,0.029862529,0.52265525,0.038654655
375316653866487564,5300424195196553984,0.4508999,2068.4719920823186,0.5502894349015931,3.1631826E-5,18.173326,0.008484031,0.36244157,0.0028936605,0.035843726,0.007707976,0.052537613,0.0056953635,0.77283007,0.020265704,0.014269454,0.006030097,1.6106926,1.3866874,null,null,null,null,"TWOGAUSSIANS",8,22.79967,0.77283007,0.020265704,0.079908945,0.033768546,1.6106926,1.3866874,0.36244157,0.0028936605,0.20072487,0.043164663,0.052537613,0.0056953635
375316653866487564,5300425603945739008,0.5976481,2107.42762352079,0.3172780806974549,4.569131E-5,15.499494,5.350172E-4,0.08392133,0.0074969474,0.019193258,0.0068628737,0.53711027,2.0298321,0.62338626,0.03705932,0.032715194,0.024687966,0.040888153,1668.6416,null,null,null,null,"TWOGAUSSIANS",8,3.2852151,0.08392133,0.0074969474,0.10748225,0.038432095,0.53711027,2.0298321,0.62338626,0.03705932,0.1832051,0.13825262,0.040888153,1668.6416
375316653866487564,5300425638305485056,0.474115,2108.1045699973442,2.791548018180301,1.7866902E-5,17.148832,0.015734285,0.24630721,0.007489157,0.10294792,0.016569491,0.14149529,0.0144129535,0.7231668,0.0063341246,0.09781325,0.011544103,0.15253328,0.015200493,null,null,null,null,"TWOGAUSSIANS",8,12.706117,0.7231668,0.0063341246,0.4,0.0,0.1426984,0.0083802845,0.24630721,0.007487347,0.4,0.0,0.1316581,0.009373656
375316653866487564,5300426428579299456,0.5855585,2127.5457230904885,0.3151747125003632,3.2547403E-5,15.918971,7.42095E-4,0.12557897,0.001114574,0.022582792,9.92508E-4,0.15945208,0.0051851016,null,null,null,null,null,null,null,null,null,null,"ONEGAUSSIAN",5,2.786064,0.12557897,0.001114574,0.12646364,0.0055580446,0.15945208,0.0,null,null,null,null,null,null
375316653866487564,5300427833008853760,0.4877278,2096.55090878653,3.7802837260422506,1.1963719E-5,19.516193,0.037459325,0.22837831,0.0050195768,0.09770533,0.011788506,0.3453067,0.03194609,0.7186184,0.0048749675,0.10742895,0.010784206,0.40720412,0.038545072,null,null,null,null,"TWOGAUSSIANS",8,2.6159434,0.7186184,0.0048749675,0.4,0.0,0.37290785,0.025539037,0.22838831,0.005021034,0.4,0.0,0.31102633,0.013675437
375316653866487564,5300428146558300416,0.62157875,2070.317267733922,1.4124729790121573,1.29101E-6,18.427063,0.00863342,0.27038714,5.4754777E-4,0.038888913,0.0012335641,0.92310226,0.012003404,0.77039903,0.0037788944,0.035048526,0.0045087016,0.21401681,0.026241785,0.035242163,0.011640133,0.27038714,5.4754777E-4,"TWOGAUSSIANS_WITH_ELLIPSOIDAL_ON_ECLIPSE1",9,2.8656342,0.27038714,5.4754777E-4,0.21777791,0.006907959,0.9935865,0.015211659,0.77039903,0.0037776057,0.19627175,0.025248729,0.28450108,0.02151751
375316653866487564,5300428765033718656,0.5091888,2077.4319929199146,4.282383386282514,1.5991762E-5,19.764622,0.01932803,0.2749241,0.00793509,0.066153154,0.0077776075,0.6866328,0.097643495,0.75871485,0.0073298947,0.080683894,0.016090231,0.33105478,0.026807977,null,null,null,null,"TWOGAUSSIANS",8,3.053045,0.2749241,0.00793509,0.37045765,0.0435546,0.6847544,0.0989155,0.75871485,0.0073298947,0.4,0.0014531024,0.32917634,0.028001599
375316653866487564,5300428898162819840,0.4609762,2114.739108072633,1.8183527111316933,3.6358197E-5,19.412523,0.018570382,0.2505863,0.009685738,0.06277869,0.0128999995,0.2904135,0.038599007,0.7569515,0.11836275,0.058163475,0.10745041,0.13072845,9593.514,null,null,null,null,"TWOGAUSSIANS",8,2.9355576,0.2505863,0.009685738,0.35156065,0.072239995,0.290352,0.03877461,0.7569515,0.11836275,0.32571548,0.6017223,0.13066694,9593.514
375316653866487564,5300429280437850368,0.60320544,2140.972810981883,0.9508361499368814,3.885874E-6,17.492924,0.006001869,0.3006316,0.001748017,0.08318896,0.0036732645,0.21585716,0.005956014,0.7925697,0.0017771466,0.08133012,0.0023500293,0.39760625,0.007992361,null,null,null,null,"TWOGAUSSIANS",8,3.3073168,0.7925697,0.0017771466,0.4,0.0,0.39267582,0.007509533,0.3006316,0.001748017,0.4,0.0,0.21092673,0.0053395014
375316653866487564,5300429417876811648,0.5077316,2099.4791730959337,0.5810609358586876,2.4842726E-5,18.466595,0.0020656737,0.2702656,0.0046517393,0.036258757,0.008517323,0.0901411,0.011628131,0.77519804,0.0059170695,0.031371657,0.0028954917,0.21430749,0.027312461,null,null,null,null,"TWOGAUSSIANS",8,1.7053943,0.77519804,0.0059170695,0.17568126,0.016214753,0.21430749,0.027312461,0.2702656,0.0046517393,0.20304903,0.04769701,0.0901411,0.011628131
375316653866487564,5300430105064270336,0.5318132,2117.455905727556,3.109432103762297,7.039068E-6,19.063442,0.009084672,0.25962326,0.0032654156,0.07916522,0.0046912497,0.41312942,0.01600315,0.7595605,0.0024443723,0.074801326,0.0030368892,0.43542865,0.018196058,null,null,null,null,"TWOGAUSSIANS",8,2.4489307,0.7595605,0.0024443723,0.4,0.0,0.43108997,0.018125359,0.25962326,0.0032654156,0.4,0.0,0.4087907,0.016425183
375316653866487564,5300430650509874176,0.56499773,2114.0026619685423,1.7912462201178216,5.026546E-6,14.912042,0.0028377522,0.20759928,0.002368084,0.040708065,0.006687306,0.060473084,0.005970213,0.7052771,0.0019718283,0.047057334,0.0021213223,0.22427961,0.008592285,0.02316051,0.002786397,0.20759928,0.002368084,"TWOGAUSSIANS_WITH_ELLIPSOIDAL_ON_ECLIPSE1",9,24.47073,0.70535713,0.0018917017,0.26352108,0.011879405,0.27059087,0.0055799787,0.20759928,0.002368084,0.22796516,0.037448913,0.10679386,0.006925381
375316653866487564,5300430994107359616,0.51504594,2071.6037775066743,1.849163200425931,2.3579074E-5,18.579666,0.0031549498,0.27045885,0.012874395,0.05139082,0.008300789,0.111188486,0.020128759,0.7763844,0.0029660943,0.049548637,0.00402371,0.26805827,0.012178308,null,null,null,null,"TWOGAUSSIANS",8,1.616684,0.7763844,0.0029660943,0.27747238,0.022532774,0.26805708,0.012178999,0.27045885,0.012874395,0.28778857,0.04648442,0.11118729,0.020129602
375316653866487564,5300431307655321216,0.55603576,2101.079956654393,0.4780987195972788,2.575859E-5,18.948458,0.0033469764,0.1917021,0.0048344014,0.018326921,0.0031415315,0.49534485,0.053702883,0.6887056,2.903272E-4,0.0130781,6.535348E-4,0.5921159,0.015014226,null,null,null,null,"TWOGAUSSIANS",8,2.0818334,0.6887056,2.903272E-4,0.07323736,0.0036597948,0.5921159,0.015014226,0.1917021,0.0048344014,0.10263076,0.017592577,0.49534485,0.053702883
375316653866487564,5300431548182341760,0.5805658,2080.035288356944,0.32103043739913956,1.988003E-5,19.051958,0.0026826179,0.33955795,2.2595217E-5,0.008831124,7.189242E-5,0.56419927,0.0018831647,0.47358185,0.0045877476,0.022999339,0.00554075,0.03404738,0.0071811103,null,null,null,null,"TWOGAUSSIANS",8,0.84727645,0.33955795,2.2595217E-5,0.049454294,4.0259756E-4,0.56419927,0.0018831706,0.47358185,0.0045877476,0.1287963,0.0310282,0.03404738,0.0071811103
375316653866487564,5300432853850711168,0.6164584,2110.3994088221843,2.139316791115346,4.4207486E-6,15.326217,0.0075289547,0.22281992,0.001853675,0.085794516,0.0032193523,0.3819041,0.007797004,0.7207108,0.0018454867,0.09462365,0.0029595664,0.39151853,0.016565386,null,null,null,null,"TWOGAUSSIANS",8,35.83977,0.7207108,0.0018454867,0.4,0.0,0.37544033,0.016617121,0.22281992,0.001853675,0.4,0.0,0.36582652,0.0065484312
375316653866487564,5300435396463405312,0.504534,2064.938745251935,2.634135465979946,1.2779778E-5,18.595495,0.016741846,0.24850738,0.0044419924,0.10747596,0.014292309,0.12971489,0.015151996,0.7413527,0.004343406,0.110213585,0.013113812,0.16382077,0.014754626,null,null,null,null,"TWOGAUSSIANS",8,1.2249002,0.7413527,0.004343406,0.4,0.0,0.1444977,0.006839368,0.24851738,0.0044484567,0.4,0.0,0.11039798,0.0057905656
375316653866487564,5300436014946429056,0.6305357,2078.1447257049526,2.5092822954486107,4.7918693E-6,18.483644,0.013779315,0.22617544,0.0013421588,0.0504752,0.004234217,0.3029391,0.030785387,0.7301859,0.0025031238,0.049362756,0.0032818182,0.27102926,0.033318963,0.12522796,0.018385341,0.22617544,0.0013421588,"TWOGAUSSIANS_WITH_ELLIPSOIDAL_ON_ECLIPSE1",9,1.6680824,0.22617544,0.0013421588,0.2826611,0.023711616,0.55339223,0.009035049,0.7301859,0.0025031238,0.27643144,0.018378181,0.5213234,0.008005596
375316653866487564,5300436667773738240,0.48895398,2045.6085593748014,2.2011378210241523,5.002569E-5,19.876669,0.012039526,0.18886478,0.021623258,0.034933604,0.01121514,0.48773906,0.07447152,0.6902371,0.009920269,0.046535287,0.014236094,0.36877197,0.24724318,null,null,null,null,"TWOGAUSSIANS",8,2.053235,0.18886478,0.021623258,0.19562818,0.06280478,0.48773906,0.074471526,0.6902371,0.009920269,0.26059762,0.07972213,0.36877197,0.24724334
375316653866487564,5300437385016610816,0.55612016,2034.4212534664491,2.662646009615167,4.856234E-6,18.869856,0.0061012222,0.20128033,0.003740114,0.08233443,0.004667776,0.370403,0.017521558,0.7046437,0.0019981822,0.0760041,0.002778266,0.4103064,0.0108140735,null,null,null,null,"TWOGAUSSIANS",8,1.4621484,0.7046437,0.0019981822,0.4,0.0,0.40534112,0.010689048,0.20128033,0.003740114,0.4,0.0,0.36543772,0.01817361
375316653866487564,5300440172474489344,0.5515682,2091.211809574569,2.4337822457574254,5.673367E-6,16.397749,0.0013114824,0.36170045,0.03009271,0.042476855,0.025004711,0.018308366,0.0066673034,0.79614633,0.0021609813,0.016511021,0.004127139,0.029546658,0.0356039,0.06434376,0.002606088,0.79614633,0.0021609813,"TWOGAUSSIANS_WITH_ELLIPSOIDAL_ON_ECLIPSE2",9,6.3896093,0.79614633,0.0021609813,0.09246171,0.02311198,0.15823412,0.03557713,0.32221046,0.029988082,0.2378704,0.14002639,0.13715105,0.009686704
375316653866487564,5300440550431637504,0.6286162,2109.0820925776834,0.4571878928684121,6.320651E-6,15.229687,0.0026852277,0.27112764,4.4562455E-4,0.031743128,7.8307936E-4,0.88851386,0.024082275,0.77135694,0.0032658444,0.032226916,0.003795797,0.083316065,0.010154084,0.013072382,0.0040170983,0.27112764,4.4562455E-4,"TWOGAUSSIANS_WITH_ELLIPSOIDAL_ON_ECLIPSE1",9,37.901226,0.27112764,4.4562455E-4,0.17776152,0.0043852446,0.9146586,0.026520321,0.77135694,0.0031923195,0.18047073,0.021256464,0.10946076,0.008396298
375316653866487564,5300441473827684608,0.4552308,2078.525947270434,4.347459826265416,1.2147903E-5,17.67936,0.0026595215,0.13609171,0.0016515857,0.016946547,0.0015427818,0.38504466,0.124642655,0.31732336,0.030810371,0.017594373,0.021376278,0.05762066,594.95825,null,null,null,null,"TWOGAUSSIANS",8,6.706084,0.13609171,0.0016515857,0.09490067,0.008639578,0.38504466,0.124642655,0.31732336,0.030810371,0.09852848,0.11970716,0.05762066,594.95825
375316653866487564,5300441993532366976,0.5671319,2030.8065835505631,2.783966298131603,8.1009475E-6,19.497328,0.019097446,0.2786976,0.014196815,0.08740424,0.0140511105,0.37424383,0.020905042,0.7720054,0.0018844189,0.081133105,0.0044227694,0.4045369,0.018944219,null,null,null,null,"TWOGAUSSIANS",8,1.0567486,0.7720054,0.0018844189,0.4,0.0,0.3960776,0.015170689,0.2786976,0.014196815,0.4,0.0,0.36578447,0.01857029
375316653866487564,5300442195390492672,0.5765475,2065.4849581181747,3.232601061669219,7.0391143E-6,18.075613,0.029057028,0.2650547,0.0033350317,0.0522856,0.012914073,0.24169244,0.059522893,0.77320325,0.0062853363,0.057941917,0.007970216,0.28290632,0.06270496,0.102742165,0.032218397,0.2650547,0.0033350317,"TWOGAUSSIANS_WITH_ELLIPSOIDAL_ON_ECLIPSE1",9,7.1175756,0.77320325,0.0062853363,0.32447475,0.044633206,0.4878341,0.014844656,0.2650547,0.0033350317,0.29279935,0.07231881,0.44715837,0.021811461
375316653866487564,5300442508936477824,0.56910205,2090.146012572142,2.3995079277276434,8.913835E-6,12.570363,0.314206,0.25104582,0.0023525676,0.14844497,0.07104868,0.14683616,0.275671,0.7512555,0.0021956176,0.15473759,0.08663888,0.15330966,0.29731306,null,null,null,null,"TWOGAUSSIANS",8,35.916203,0.7512755,0.0022749149,0.4,0.0,0.07736069,0.0023999496,0.25102583,0.002439774,0.4,0.0,0.07153428,0.0030683079
375316653866487564,5300442916939598464,0.5412375,2042.4925293768983,1.4383653232636735,3.7889863E-6,17.631569,0.0054968055,0.3372463,0.00559842,0.024697073,0.009327909,0.1431619,0.023627875,0.82326037,9.116604E-4,0.028344093,0.0010478646,0.46909744,0.018142823,null,null,null,null,"TWOGAUSSIANS",8,16.350847,0.82326037,9.116604E-4,0.15872692,0.0058680414,0.46909744,0.018142823,0.3372463,0.00559842,0.13830361,0.052236293,0.1431619,0.023627875
375316653866487564,5300443058684075136,0.4923785,2073.0706888445484,3.096903717675118,1.5411566E-5,19.874935,0.029409733,0.3226316,0.0069201896,0.07200054,0.007969686,0.4732858,0.034761813,0.8178174,0.008470444,0.07954639,0.012541151,0.334738,0.02835691,null,null,null,null,"TWOGAUSSIANS",8,1.9184027,0.3226316,0.0069201896,0.4,0.025961488,0.47022292,0.033013318,0.8178174,0.008470444,0.4,0.0,0.33167514,0.024031127
375316653866487564,5300443058692315136,0.5814098,2063.41510426846,2.811759871654923,6.1192322E-6,16.81136,0.009605882,0.2701797,0.011521283,0.065337166,0.019793496,0.06784421,0.021756517,0.75270313,0.0023087256,0.025185298,0.02927944,0.06684626,0.026587497,0.090581946,0.011417694,0.75270313,0.0023087256,"TWOGAUSSIANS_WITH_ELLIPSOIDAL_ON_ECLIPSE2",9,6.541626,0.75270313,0.0023087256,0.14103767,0.16396487,0.24799363,0.047205295,0.26187968,0.005497754,0.36588812,0.091834076,0.24784477,0.013890148
375316653866487564,5300444055115790336,0.5039978,2054.8480761687797,4.090627094000241,1.2322297E-5,19.120562,0.0112883635,0.21650276,0.008798325,0.08323315,0.008793225,0.20417888,0.020221384,0.71297055,0.004961774,0.08793455,0.0072459932,0.24609469,0.011528004,null,null,null,null,"TWOGAUSSIANS",8,2.577207,0.71297055,0.004961774,0.4,0.0,0.24016199,0.009237325,0.21650276,0.008798325,0.4,0.0,0.19824623,0.019401547
375316653866487564,5300444978523976960,0.50612175,2046.9583944118244,3.6332322178684544,1.415311E-5,18.279488,0.019527994,0.23949364,0.0059869513,0.08702934,0.0105557805,0.2324194,0.020392638,0.74602264,0.004147596,0.09224359,0.008072042,0.26695848,0.020299848,null,null,null,null,"TWOGAUSSIANS",8,6.063804,0.74602264,0.004147596,0.4,0.0,0.2577428,0.015395011,0.23949364,0.0059869513,0.4,0.0,0.22320393,0.01588041
375316653866487564,5300445425200561792,0.4412124,2065.9827237652935,2.6063656255251204,2.437823E-5,18.739635,0.01697505,0.20119163,0.0059560807,0.07074695,0.017406356,0.12874699,0.017629912,0.672996,0.010975343,0.07739802,0.009589008,0.24803154,0.04303012,null,null,null,null,"TWOGAUSSIANS",8,6.6838865,0.672996,0.010975343,0.4,0.0026235909,0.2474045,0.042729493,0.20119163,0.0059560807,0.39618292,0.05845217,0.12811995,0.017407643
375316653866487564,5300445670032441600,0.61820626,2085.8457322928316,0.6411124998572552,5.0479634E-6,13.583898,5.8947434E-4,0.26546144,0.0035617857,0.019705286,0.0035617626,0.27150223,0.089538544,0.76546776,0.0023236903,0.02228648,0.0018575616,0.31029898,0.049022995,null,null,null,null,"TWOGAUSSIANS",8,21.247074,0.76546776,0.0023236903,0.12480429,0.010402345,0.31029898,0.049022995,0.26546144,0.0035617857,0.1103496,0.019945871,0.27150223,0.089538544
375316653866487564,5300446421633062016,0.45821998,2049.0303461005055,0.881743899498964,3.2906635E-5,18.520285,0.0044085383,0.25974554,0.0056379135,0.03648745,0.008358195,0.29774794,0.039320372,0.7608086,0.0134411305,0.064992346,0.010744369,0.07877268,0.017128333,null,null,null,null,"TWOGAUSSIANS",8,5.004378,0.25974554,0.0056379135,0.20432971,0.046805896,0.29774672,0.03932332,0.7608086,0.0134411305,0.36395714,0.060168464,0.078771465,0.017129885
375316653866487564,5300446529026133504,0.45515218,2079.9770337724426,0.7295121487914226,2.0352032E-5,17.06644,0.004701597,0.39781934,0.0019279079,0.043095153,0.005361884,0.15912555,0.028198527,0.7387593,0.0072274553,0.02414868,0.006766879,0.03109869,0.016063405,null,null,null,null,"TWOGAUSSIANS",8,21.367481,0.39781934,0.0019279079,0.24133286,0.03002655,0.15912555,0.028198527,0.7387593,0.0072274553,0.13523261,0.03789452,0.03109869,0.016063405
375316653866487564,5300446735184577664,0.50005674,2074.0423658932013,3.666259155633834,1.1518237E-5,17.424387,0.0039198715,0.305968,0.0043592933,0.08885643,0.006905134,0.10364118,0.0071888342,0.7879769,0.0058509805,0.083927296,0.008999235,0.08828063,0.005712225,null,null,null,null,"TWOGAUSSIANS",8,2.2262356,0.305968,0.0043592933,0.4,0.0,0.101498954,0.007330611,0.7879769,0.0058509805,0.4,0.0,0.08613845,0.0057917237
375316653866487564,5300448070901091584,0.5465487,2086.530753561361,2.185449224949822,1.3431855E-5,19.008684,0.0108260885,0.2694371,0.012484071,0.089340165,0.01144308,0.19147618,0.018003903,0.7503257,0.0039924737,0.08726991,0.00563606,0.3562436,0.011957314,null,null,null,null,"TWOGAUSSIANS",8,1.9059653,0.7503257,0.0039924737,0.4,0.0,0.34936723,0.009695523,0.2694371,0.012484071,0.4,0.0,0.1845998,0.016933542
375316653866487564,5300449243445530240,0.53715974,2037.375333206524,1.2819325471617604,9.330683E-6,18.788857,0.007641199,0.58483666,0.0016866433,0.033580884,0.0023310136,0.42730057,0.02244557,null,null,null,null,null,null,0.028029514,0.013366076,0.58483666,0.0016866433,"ONEGAUSSIAN_WITH_ELLIPSOIDAL",6,4.36485,0.58483666,0.0016866433,0.18805295,0.013053675,0.4833596,0.018095879,null,null,null,null,null,null
375316653866487564,5300450304283576704,0.6564292,2081.100345863503,2.058351963708049,4.119866E-6,16.892134,0.004982241,0.24340618,0.001121082,0.047695227,0.005214848,0.13451764,0.010967637,0.7430873,0.002430151,0.05003706,0.0032775232,0.16585469,0.011720761,0.13329116,0.0065433285,0.24340618,0.001121082,"TWOGAUSSIANS_WITH_ELLIPSOIDAL_ON_ECLIPSE1",9,3.5858433,0.7431673,0.0021001336,0.28020754,0.01835413,0.4324353,0.004910652,0.24340618,0.001121082,0.26709327,0.029203149,0.40109906,0.008631592
375316653866487564,5300452473260535680,0.56293464,2057.7875434657167,4.752709007610365,3.6932037E-5,16.988289,8.262901E-4,0.11543495,0.010257566,0.014920296,0.008400151,0.15508635,0.6944787,0.7857893,0.0034452288,0.011267083,0.0025819736,0.23754017,0.36340898,null,null,null,null,"TWOGAUSSIANS",8,1.2735864,0.7857893,0.0034452288,0.06309566,0.014459052,0.23754017,0.36340898,0.11543495,0.010257566,0.08355366,0.047040846,0.15508635,0.6944787
375316653866487564,5300457489758952064,0.4729487,2079.547652333742,3.8064389008957966,1.1938477E-5,19.050112,0.0051208977,null,null,null,null,null,null,null,null,null,null,null,null,0.15366904,0.012235804,0.25987762,0.0026508628,"ELLIPSOIDAL",4,6.6580377,null,null,null,null,null,null,null,null,null,null,null,null
375316653866487564,5300458383127506816,0.5775515,2074.392028092244,2.7293784497291034,6.592944E-6,15.888955,0.009939135,0.23670168,0.0039336146,0.089287035,0.005120171,0.33726516,0.012086887,0.7471447,0.002192406,0.08808455,0.0070214476,0.38290462,0.032549895,null,null,null,null,"TWOGAUSSIANS",8,44.82567,0.7471447,0.002192406,0.4,0.0,0.37147972,0.035949558,0.23670168,0.0039336146,0.4,0.0,0.3258402,0.010034952
375316653866487564,5300458554926215296,0.43062258,2075.9253644224696,2.2240724799819582,2.9502657E-5,16.991684,0.24932125,0.18282282,0.009448148,0.09600415,0.036758758,0.15160964,0.08260336,0.6648429,0.03849004,0.20320319,0.22687586,0.10871146,0.24685743,null,null,null,null,"TWOGAUSSIANS",8,26.578142,0.18435283,0.0071928813,0.4,0.0,0.114019826,0.011772611,0.6648429,0.03849004,0.4,0.0,0.060363337,0.013687312
375316653866487564,5300459826236466432,0.5482889,2063.1589050011294,3.0549954149153127,6.349446E-6,15.726721,0.009188807,0.30534863,0.0032718144,0.082180135,0.0040530767,0.32128316,0.01237003,0.806671,0.0029820646,0.08460253,0.00590073,0.25647205,0.012178251,null,null,null,null,"TWOGAUSSIANS",8,64.33816,0.30534863,0.0032718144,0.4,0.0,0.31503335,0.011128793,0.806671,0.0029820646,0.4,0.0,0.2502222,0.012599632
375316653866487564,5300461711717299328,0.55945474,2043.612757956942,2.4397323201456085,2.414778E-5,18.827576,0.0072589214,0.2434209,0.00680274,0.08835534,0.00909479,0.098200746,0.0082528815,0.7341301,0.0065770024,0.0648045,0.0048104627,0.38342902,0.026011642,null,null,null,null,"TWOGAUSSIANS",8,1.0271432,0.7341301,0.0065770024,0.3629052,0.026938591,0.3821019,0.025436025,0.2434209,0.00680274,0.4,0.0,0.09687359,0.0072308644
375316653866487564,5300462020954852352,0.516634,2036.5868789612393,3.017562788328487,1.8057312E-5,18.983063,0.010325939,0.3209143,0.010767843,0.074095525,0.009173463,0.27893665,0.024762794,0.8173026,0.0034729776,0.080618784,0.005102652,0.22695175,0.012137407,null,null,null,null,"TWOGAUSSIANS",8,1.9835587,0.3209143,0.010767843,0.4,0.0,0.2764353,0.024113301,0.8173026,0.0034729776,0.4,0.0,0.2244504,0.010875609
375316653866487564,5300462128323156864,0.5536245,2037.7936462259304,2.321749880348474,8.920654E-6,18.963718,0.024418384,0.16805162,0.0037984622,0.05696584,0.008027222,0.5830397,0.08228015,0.6699267,0.00758583,0.03447607,0.011943828,0.31188792,0.08739759,0.108460724,0.027105689,0.16805162,0.0037984622,"TWOGAUSSIANS_WITH_ELLIPSOIDAL_ON_ECLIPSE1",9,6.9100375,0.16805162,0.0037984622,0.3190087,0.044952445,0.79992306,0.088240296,0.6699267,0.0073052617,0.193066,0.06688544,0.5287412,0.11028029
375316653866487564,5300462471936375424,0.6079424,2069.596755577056,3.0356267986153296,4.4566555E-6,18.453835,0.0044161445,0.20238675,0.0023371263,0.06528789,0.0028473767,0.47744823,0.009998968,0.7058629,0.0022362014,0.07419333,0.0022631465,0.5064098,0.021992678,null,null,null,null,"TWOGAUSSIANS",8,2.282297,0.7058629,0.0022362014,0.4,0.0,0.50495297,0.02211597,0.20238675,0.0023371263,0.36561218,0.01594531,0.4759914,0.01030941
375316653866487564,5300463468368603264,0.5431739,2078.01501731439,3.3676791925724885,7.1734153E-6,16.149166,0.06956487,0.18359077,0.002307315,0.117316306,0.018994503,0.2709533,0.067175716,0.6875269,0.005011351,0.11676405,0.020997504,0.2723543,0.06718361,null,null,null,null,"TWOGAUSSIANS",8,19.467346,0.6875469,0.005020435,0.4,0.0,0.2188817,0.010309239,0.18358077,0.0023255318,0.4,0.0,0.21747586,0.010408716
375316653866487564,5300464980197312768,0.54100674,2085.7589975663604,1.9411632375389811,3.556101E-5,17.814941,0.003497329,0.27570418,0.003283666,0.06741133,0.0032507244,0.23442495,0.0054440545,0.7732855,0.01229086,0.08530275,0.015924381,0.056691386,0.016566414,null,null,null,null,"TWOGAUSSIANS",8,2.1865249,0.27570418,0.003283666,0.37750345,0.018204056,0.23351553,0.0053041396,0.7732855,0.01229086,0.4,0.0,0.055781953,0.017096987
375316653866487564,5300466217147908480,0.47799516,2065.042427775562,0.04740931725807406,4.4092005E-5,18.42046,0.005597995,0.33737376,0.02324061,0.05122246,0.017739475,0.122944176,0.03206357,0.70933795,0.007369664,0.032240808,0.009337753,1.4232392,1.1136956,null,null,null,null,"TWOGAUSSIANS",8,7.0009847,0.70933795,0.007369664,0.18054852,0.05229142,1.4232392,1.1136956,0.33737376,0.02324061,0.28684577,0.09934106,0.122944176,0.03206357
375316653866487564,5300466973046567040,0.560438,2062.219600007773,3.001921861268408,1.0538381E-5,19.38569,0.009668394,0.17712435,0.0033752443,0.07807181,0.0034809243,0.530901,0.017385378,0.656809,0.008883083,0.074712045,0.008325983,0.4984357,0.028390773,null,null,null,null,"TWOGAUSSIANS",8,2.780387,0.17712435,0.0033752443,0.4,0.0,0.5277814,0.016996177,0.656809,0.008883083,0.4,0.0052240873,0.49531615,0.028073711
375316653866487564,5300468072573823616,0.5963856,2125.8432369922225,1.2076833777066456,1.7085491E-5,17.108385,0.011671022,0.3247495,0.005019088,0.054804128,0.00894496,0.2090533,0.032303456,0.82430995,0.003331413,0.03564933,0.0029035653,1.3458891,0.1235299,0.021551652,0.014569945,0.3247495,0.005019088,"TWOGAUSSIANS_WITH_ELLIPSOIDAL_ON_ECLIPSE1",9,26.417547,0.82430995,0.0033306992,0.19963625,0.016259966,1.3889856,0.12169636,0.3247495,0.005019088,0.3069031,0.050091777,0.25215012,0.032510355
375316653866487564,5300468106917948800,0.43976408,2092.5995932610454,2.7969179706195924,1.8459423E-5,18.67463,0.006750092,0.20700715,0.006753513,0.08682043,0.009873313,0.095187746,0.009522692,0.7132298,0.0069914768,0.075978436,0.014557537,0.098461285,0.013297761,null,null,null,null,"TWOGAUSSIANS",8,2.37056,0.7132298,0.0069914768,0.4,0.0,0.096927606,0.0143742645,0.20700715,0.006753513,0.4,0.0,0.09365406,0.0091897575
375316653866487564,5300469893639714944,0.5138647,2105.6622663375947,0.7597742777992207,1.1115751E-5,16.329817,0.003215492,0.17442177,0.0021960896,0.03360902,0.0037486665,0.16592346,0.014774175,0.67039186,0.005239446,0.048794467,0.027559938,0.11869166,0.06989183,null,null,null,null,"TWOGAUSSIANS",8,6.593136,0.17442177,0.0021960896,0.18821052,0.020992532,0.16592346,0.014774825,0.67039186,0.005239446,0.27324903,0.12710458,0.11869166,0.06989727
375316653866487564,5300470026767975040,0.57097983,2034.7429449235037,2.9387489546959062,7.752636E-6,17.454327,0.0101229595,0.28417143,0.003080373,0.07287977,0.0038753282,0.52438074,0.028816186,0.7968878,0.00279382,0.07297327,0.0036423076,0.4485717,0.0138970995,null,null,null,null,"TWOGAUSSIANS",8,19.067097,0.28417143,0.003080373,0.4,0.007030457,0.52237004,0.029037565,0.7968878,0.00279382,0.4,0.002249881,0.44656098,0.013687221
375316653866487564,5300470134157895936,0.587208,2066.753528402154,2.578189664435368,4.4731996E-6,18.346212,0.0065623964,0.2646067,0.00195511,0.089576244,0.0027777383,0.4202997,0.017266186,0.7644365,0.0019507174,0.09728893,0.0025890034,0.36709312,0.009085737,null,null,null,null,"TWOGAUSSIANS",8,1.7494675,0.2646067,0.00195511,0.4,0.0,0.39854914,0.018054591,0.7644365,0.0019507174,0.4,0.0,0.34534135,0.007880734
375316653866487564,5300471130590346752,0.5119225,2108.7014304951626,2.0037494855095814,6.9857565E-6,17.351774,0.004194853,0.16699508,9.1541564E-4,0.036857177,0.001495074,0.3289289,0.010904528,null,null,null,null,null,null,null,null,null,null,"ONEGAUSSIAN",5,18.121918,0.16699508,9.1541564E-4,0.20640019,0.008372415,0.3289289,0.0,null,null,null,null,null,null
375316653866487564,5300471710405214720,0.55305064,2075.305399328305,2.8065002268280845,6.445558E-6,17.690786,0.029491913,0.22488269,0.001968834,0.10786276,0.013404684,0.1825819,0.027226552,0.7173891,0.002461403,0.11616765,0.012990811,0.19174126,0.028456694,null,null,null,null,"TWOGAUSSIANS",8,2.034854,0.7173891,0.002461403,0.4,0.0,0.1629816,0.0067529213,0.22490269,0.0019964788,0.4,0.0,0.1538517,0.0060720504
375316653866487564,5300473467052781952,0.48266637,2088.8710895376553,1.1131067820367242,3.2039905E-5,16.624104,0.0037301981,0.05751282,0.016706215,0.032183878,0.019580532,0.03191335,0.04344964,0.55802256,0.005962665,0.054629732,0.012038008,0.1321431,0.026373575,null,null,null,null,"TWOGAUSSIANS",8,11.433332,0.55802256,0.005962665,0.3059265,0.067412846,0.1321431,0.026373696,0.05751282,0.016706215,0.18022971,0.10965098,0.031913344,0.043449648
375316653866487564,5300474257326237184,0.546619,2047.2850541412715,2.1168033455972703,6.6545194E-6,18.87976,0.008692031,0.17051873,0.0032720596,0.097704515,0.00515994,0.30476773,0.009162474,0.6739511,0.002079773,0.08398435,0.0033998818,0.3538214,0.009258432,null,null,null,null,"TWOGAUSSIANS",8,1.1865826,0.6739511,0.002079773,0.4,0.0,0.3398323,0.0073089325,0.17051873,0.0032720596,0.4,0.0,0.2907774,0.0075176805
375316653866487564,5300474841447122048,0.49756253,2097.810399360073,0.48566216822946456,1.8978744E-5,16.645565,0.2168464,0.26521942,0.0058088056,0.14364423,0.13855143,0.08579685,0.21489643,0.7685196,0.004047607,0.11094333,0.047888894,0.105684526,0.14049974,null,null,null,null,"TWOGAUSSIANS",8,3.243764,0.7686096,0.004415481,0.4,0.0,0.07991712,0.010405147,0.2652094,0.0057367934,0.4,0.0,0.059635174,0.0032796105
375316653866487564,5300476593788330368,0.4669253,2047.5086304505044,4.009071118658365,2.891984E-5,16.416142,0.0025757418,0.36016527,0.043015245,0.07008918,0.028678903,0.04913184,0.007426162,0.6427054,0.009311711,0.024477186,0.005121667,0.1799614,0.04841967,null,null,null,null,"TWOGAUSSIANS",8,5.4766264,0.6427054,0.009311711,0.13707224,0.028681336,0.17997594,0.04842403,0.36016527,0.043015245,0.3924994,0.1556168,0.04913184,0.007426162
375316653866487564,5300476903026167936,0.6027248,2108.965098616827,2.591419744489826,6.6481307E-6,17.258574,0.0072302474,0.2841847,0.0019108917,0.048006427,0.00807674,0.13332301,0.017331246,0.78078973,0.01106691,0.050214794,0.010271029,0.12268038,0.01766906,0.09719819,0.00912186,0.2841847,0.0019108917,"TWOGAUSSIANS_WITH_ELLIPSOIDAL_ON_ECLIPSE1",9,5.472154,0.2841847,0.0019108917,0.268836,0.045229748,0.32771868,0.018662842,0.78159976,0.009276098,0.28120285,0.057517763,0.31700882,0.012536584
375316653866487564,5300477384062264576,0.5015703,2073.655549084983,4.013074206332525,4.4847304E-5,19.024357,0.014131518,0.27928564,0.008446961,0.0712759,0.011962897,0.20454498,0.019866249,0.76645726,0.013431086,0.09092177,0.016218023,0.15136814,0.028792141,null,null,null,null,"TWOGAUSSIANS",8,2.39864,0.27928564,0.008446961,0.399145,0.048099395,0.20223911,0.018642928,0.76645726,0.013431086,0.4,0.0,0.14906216,0.02810979
375316653866487564,5300478414859874432,0.49231818,2012.1494082921736,2.490334814558743,3.242288E-5,19.163689,0.02336911,0.27699885,0.013773033,0.08908898,0.017950352,0.2887821,0.026788665,0.7731296,0.006123365,0.09094917,0.0146664735,0.26484382,0.023046454,null,null,null,null,"TWOGAUSSIANS",8,2.850475,0.27699885,0.013773033,0.4,0.0,0.27777466,0.018794188,0.7731296,0.006123365,0.4,0.0,0.2538363,0.023928538
375316653866487564,5300478483557080832,0.5602871,2058.6841489122735,2.703943775474359,6.425164E-6,18.188974,0.024572344,0.25116885,0.0047451584,0.050149195,0.010342376,0.23358126,0.042990096,0.7622308,0.0016637369,0.04415444,0.008707854,0.32880563,0.050177615,0.122810975,0.026796998,0.7622308,0.0016637369,"TWOGAUSSIANS_WITH_ELLIPSOIDAL_ON_ECLIPSE2",9,11.49483,0.7622308,0.0016637369,0.24726486,0.048763983,0.5744265,0.06211495,0.25307885,0.003703055,0.28083548,0.057917308,0.47822145,0.019489046
375316653866487564,5300478964593901056,0.54186445,2080.3251908958046,2.8534046872445415,7.0494966E-6,19.740719,0.015282236,0.22879969,0.002535653,0.06510243,0.003957785,0.6316867,0.04682022,0.7300611,0.002771413,0.061703518,0.008874782,0.71915466,0.1760231,null,null,null,null,"TWOGAUSSIANS",8,2.4226558,0.7300611,0.002771413,0.34553972,0.049698785,0.71861076,0.17687424,0.22879969,0.002535653,0.36457357,0.022163596,0.6311428,0.04692873
375316653866487564,5300479102049210880,0.51315844,2092.2952830489294,0.2329331222293882,1.423851E-5,17.083704,0.0025466054,0.31289038,5.5140624E-4,0.02022469,0.0011880893,0.24681982,0.016712936,null,null,null,null,null,null,0.031328693,0.0034161257,0.31289038,5.5140624E-4,"ONEGAUSSIAN_WITH_ELLIPSOIDAL",6,10.780263,0.31289038,5.5140624E-4,0.113258265,0.0066532996,0.30947712,0.018736664,null,null,null,null,null,null
375316653866487564,5300480098481651712,0.5830036,2079.3801734813815,0.9595309756326464,4.167806E-6,15.646068,0.037615884,0.22599791,0.0022846162,0.14529291,0.019077273,0.1818446,0.035555746,0.7228229,0.0018719704,0.119523145,0.009895344,0.22522157,0.034720227,null,null,null,null,"TWOGAUSSIANS",8,6.2940187,0.7228229,0.0018719704,0.4,0.0,0.16114958,0.0030274417,0.22602792,0.0022982,0.4,0.0,0.116866626,0.003809823
375316653866487564,5300480820036007296,0.59195286,2067.715759528621,3.3078919905245288,4.533843E-6,16.812551,0.012644493,0.18399875,0.0013599325,0.058747094,0.0045795366,0.21575294,0.026108457,0.6783755,0.0039030106,0.059448354,0.0072974763,0.16080606,0.029817948,0.052500922,0.0146025205,0.18399875,0.0013599325,"TWOGAUSSIANS_WITH_ELLIPSOIDAL_ON_ECLIPSE1",9,8.3483305,0.18399875,0.0013599325,0.32898372,0.025645403,0.32071406,0.010283341,0.6792455,0.0034544026,0.33291078,0.04086587,0.26565632,0.019090248
375316653866487564,5300483152188427392,0.5169155,2065.853734412785,2.6983176118490544,1.2258788E-5,18.780664,0.039738435,0.2503149,0.0031598979,0.10897,0.012757595,0.32625613,0.03415872,0.7533372,0.00525025,0.10750166,0.015365089,0.312845,0.036463227,null,null,null,null,"TWOGAUSSIANS",8,2.3200345,0.2503149,0.003155093,0.4,0.0,0.28331706,0.013657755,0.7533372,0.0052674073,0.4,0.0,0.26991093,0.016912788
375316653866487564,5300483912396485888,0.568526,2101.378418556959,2.6506050523262537,4.8757593E-6,18.026766,0.0077608963,0.23731494,0.0023071666,0.077269986,0.0032174794,0.48004755,0.018098637,0.73714423,0.0019214721,0.07571842,0.0025164203,0.50076693,0.016067386,null,null,null,null,"TWOGAUSSIANS",8,7.8059936,0.73714423,0.0019214721,0.4,0.0,0.4960848,0.016071921,0.23731494,0.0023071666,0.4,0.0,0.4753654,0.0184125
375316653866487564,5300484496528411008,0.46870154,2093.8223750910897,0.5305014946366975,7.21763E-5,18.488611,0.00376347,0.31171057,0.070528194,0.083252855,0.04814164,0.03725109,0.00797479,0.69539565,0.0030039132,0.02582802,0.0037072368,0.20212683,0.014717118,null,null,null,null,"TWOGAUSSIANS",8,2.320914,0.69539565,0.0030039132,0.14463691,0.020760527,0.20212772,0.014717209,0.31171057,0.070528194,0.4,0.19809875,0.037251078,0.007974778
375316653866487564,5300485763542645632,0.602637,2103.2940168973278,1.314078884424727,6.4657083E-6,17.366,0.008328698,0.31580815,0.0015294536,0.037315983,0.0030443517,0.40393192,0.023001676,0.8153946,0.0033843888,0.038254604,0.003352367,0.3956394,0.023476237,0.056831293,0.010722861,0.31580815,0.0015294536,"TWOGAUSSIANS_WITH_ELLIPSOIDAL_ON_ECLIPSE1",9,9.3119955,0.31580815,0.0015294536,0.20896952,0.01704837,0.5175942,0.017441384,0.8154046,0.003295333,0.21422578,0.018773256,0.50930095,0.020883672
375316653866487564,5300486351959452416,0.5568315,2070.750710822565,3.362061576354104,5.7086345E-6,19.50772,0.01113122,0.22638279,0.0037898326,0.07340492,0.0043294295,0.48243448,0.028684523,0.71136904,0.004465368,0.074841924,0.0048491736,0.5613602,0.04526683,null,null,null,null,"TWOGAUSSIANS",8,1.9736919,0.71136904,0.004465368,0.4,0.0,0.5588664,0.045958553,0.22638279,0.0037898326,0.4,6.6700464E-5,0.47994068,0.02888326
375316653866487564,5300486970412270720,0.49775106,2070.378032865806,3.0789312616778934,1.1982707E-5,18.937399,0.022096358,0.26366284,0.0092063155,0.083681524,0.012902081,0.27169362,0.033328082,0.78156805,0.0039236317,0.08372168,0.008687767,0.25253466,0.018490179,null,null,null,null,"TWOGAUSSIANS",8,5.572064,0.26366284,0.0092063155,0.4,0.0,0.26732036,0.03225253,0.78156805,0.0039236317,0.4,0.0,0.24816142,0.013860003
375316653866487564,5300487481515809408,0.4860199,2089.9698008011064,1.168896318272313,1.35241335E-5,18.857082,0.004641663,0.17857191,2.2044447E-5,0.005326922,1.7117035E-4,1.0101483,0.02022293,0.79739505,0.021720495,0.024990696,0.030710889,0.010503794,0.012967566,0.026297588,0.0056906813,0.79739505,0.021720495,"TWOGAUSSIANS_WITH_ELLIPSOIDAL_ON_ECLIPSE2",9,6.0180225,0.17858191,2.2044447E-5,0.029830763,9.58554E-4,1.0384866,0.025086137,0.79739505,0.021720495,0.13994789,0.17198098,0.06309892,0.011455173
375316653866487564,5300488310459193728,0.52224714,2079.610337667061,2.9188732391827865,1.0202458E-5,17.86009,0.024822809,0.22164087,0.0071454984,0.09292194,0.008784719,0.41435313,0.029728165,0.7173906,0.0033226516,0.09413509,0.0075203874,0.403898,0.022726908,null,null,null,null,"TWOGAUSSIANS",8,18.081337,0.22164087,0.0071454984,0.4,0.0,0.39273405,0.022299998,0.7173906,0.0033226516,0.4,0.0,0.38227874,0.013003553
375316653866487564,5300488963294082304,0.6553421,2111.08816175152,0.1975118773320481,9.990184E-7,16.626966,0.0031235265,0.2435639,0.015342701,0.037571445,0.026498532,0.020912392,0.010841128,0.72022194,6.1353366E-4,0.017844312,4.762583E-4,1.244573,0.021095106,0.017600093,0.004351072,0.2435639,0.015342701,"TWOGAUSSIANS_WITH_ELLIPSOIDAL_ON_ECLIPSE1",9,19.073088,0.7202419,6.1305804E-4,0.09992815,0.0026670464,1.279022,0.021108467,0.2435639,0.015342701,0.21040009,0.14839177,0.05611257,0.011092596
375316653866487564,5300489268222647296,0.5620153,2072.836697784571,3.1075791433044455,5.9201175E-6,18.626877,0.00902264,0.2710648,0.0015968524,0.076654986,0.0038472507,0.3973747,0.010415329,0.7701517,0.0040292577,0.078717165,0.004538288,0.3817682,0.016316898,null,null,null,null,"TWOGAUSSIANS",8,3.2330134,0.2710648,0.0015968524,0.4,0.0,0.39306602,0.010572856,0.7701517,0.0040292577,0.4,0.0,0.37745953,0.016063664
375316653866487564,5300489513049879680,0.58475155,2112.592676419536,1.2990873186388912,6.594908E-6,11.787931,0.024929127,0.28291002,0.002625879,0.11495682,0.01833459,0.0974264,0.022984976,0.7821773,0.0026861457,0.13111462,0.02565224,0.072335795,0.024573235,null,null,null,null,"TWOGAUSSIANS",8,16.396349,0.28292,0.0026934885,0.4,0.0,0.07675158,0.0026119673,0.7821773,0.0026861457,0.4,0.0,0.051575575,0.0016299302
375316653866487564,5300489581769354368,0.5530816,2110.206648846739,4.248694444788113,7.060256E-6,16.614864,0.0014448552,0.2234167,0.003455096,0.045388438,0.0062508546,0.02775367,0.0057333796,0.7187675,0.0022585671,0.03414161,0.004614413,0.035458233,0.0039855754,0.020217022,0.0023107976,0.2234167,0.003455096,"TWOGAUSSIANS_WITH_ELLIPSOIDAL_ON_ECLIPSE1",9,1.5758853,0.7192075,0.0020129916,0.19119303,0.025840713,0.075861044,0.0036306493,0.2234167,0.003455096,0.25417525,0.035004787,0.0681877,0.0042940374
375316653866487564,5300489650488818944,0.54773957,2095.7126869472027,2.6544074899551733,9.32352E-6,18.176807,0.0070536984,0.28810242,0.014429341,0.01649358,0.012179436,0.15539302,0.030197741,0.7918047,0.005751253,0.040846296,0.011059461,0.7230799,0.07390598,0.028594572,0.012744852,0.28810242,0.014429341,"TWOGAUSSIANS_WITH_ELLIPSOIDAL_ON_ECLIPSE1",9,21.281921,0.7918047,0.005734598,0.22873925,0.06193298,0.7802381,0.0752498,0.28810242,0.014429341,0.09236404,0.06820484,0.21258216,0.031256642
375316653866487564,5300489749258932864,0.5298818,2088.620215568082,2.9476796761770534,4.877573E-6,18.514921,0.006669608,0.2285585,0.0026122488,0.088096246,0.0062897746,0.16240087,0.008024112,0.71800864,0.002628572,0.08014382,0.0039654844,0.23075242,0.009188232,null,null,null,null,"TWOGAUSSIANS",8,1.5772135,0.71800864,0.002628572,0.4,0.0,0.22692622,0.008852659,0.2285585,0.0026122488,0.4,0.0,0.15857464,0.008159905
375316653866487564,5300491776483703680,0.43417937,2134.372030885454,0.06875089063394202,1.8480456E-5,18.344141,0.011534915,0.25297356,0.008763655,0.039016113,0.008411293,0.21026668,0.16607554,0.7035764,0.009758396,0.047976974,0.009182749,0.2876739,0.13257892,0.03903756,0.017164534,0.25297356,0.008763655,"TWOGAUSSIANS_WITH_ELLIPSOIDAL_ON_ECLIPSE1",9,13.409214,0.7057764,0.009507379,0.26867107,0.051423397,0.35877964,0.13256861,0.25297356,0.008763655,0.21849023,0.04710324,0.2883418,0.16516067
375316653866487564,5300494907530648704,0.6175185,2103.728725652074,2.6520361204332144,3.733085E-6,14.970062,0.01628542,0.25017887,0.0016915315,0.05829346,0.0045459247,0.28763327,0.029482247,0.7513301,0.002448906,0.0566663,0.0044708946,0.34290943,0.032269586,0.09537359,0.017465102,0.25017887,0.0016915315,"TWOGAUSSIANS_WITH_ELLIPSOIDAL_ON_ECLIPSE1",9,100.04841,0.7513301,0.002448906,0.31733128,0.02503701,0.53359824,0.012697835,0.25017887,0.0016915315,0.3264434,0.02545718,0.4783321,0.011707366
375316653866487564,5300495697804446848,0.5866513,2090.9102964170697,0.23884070099492316,5.3966764E-6,16.362028,0.004294765,0.20400536,0.097379476,0.09038383,0.25073943,0.008262558,0.005222743,0.67231643,0.0066529433,0.00724486,0.0057487893,0.21031272,1.4268143,null,null,null,null,"TWOGAUSSIANS",8,3.6410377,0.67231643,0.0066529433,0.040571216,0.03219322,0.21031272,1.426791,0.20400536,0.097379476,0.4,0.05764364,0.008262553,0.0059320657
375316653866487564,5300496178840774784,0.53408784,2080.5664888912074,2.718664016688048,7.0065976E-6,18.83813,0.01187729,0.2359328,0.0027221986,0.08163968,0.0040508443,0.4397921,0.013245128,0.7358287,0.0026103104,0.07757931,0.003997992,0.41776657,0.015627822,null,null,null,null,"TWOGAUSSIANS",8,3.3552132,0.2359328,0.0027221986,0.4,0.0,0.43361178,0.012113143,0.7358287,0.0026103104,0.4,0.0,0.41158628,0.015026506
375316653866487564,5300497037834073216,0.64791167,2055.076746343382,3.314885637473773,3.7426498E-6,17.203955,0.010231998,0.22381905,0.0014266865,0.0557163,0.0033473412,0.39557204,0.020390507,0.7204158,0.0020301647,0.049723353,0.0027097582,0.38769853,0.02240018,0.107361116,0.011515675,0.22381905,0.0014266865,"TWOGAUSSIANS_WITH_ELLIPSOIDAL_ON_ECLIPSE1",9,8.175618,0.22381905,0.0014266865,0.31201127,0.018745111,0.61027616,0.011739103,0.7207458,0.0017928382,0.2784508,0.015174646,0.60231405,0.007945855
375316653866487564,5300497381431658240,0.43788478,2081.6814848208555,0.170823888677256,1.7837883E-5,18.09466,0.0032948356,0.15800202,0.017233059,0.0131053915,0.015735272,0.13321058,4.789886E7,0.6038245,0.015770502,0.035543423,0.016375914,0.12717922,0.064321436,0.01597176,0.0054713185,0.15800202,0.017233059,"TWOGAUSSIANS_WITH_ELLIPSOIDAL_ON_ECLIPSE1",9,6.389595,0.15800202,0.017233059,0.07339019,0.088117525,0.16515408,4.789886E7,0.6050545,0.013205433,0.19904317,0.09170512,0.15563975,0.06538385
375316653866487564,5300498618382059136,0.56418127,2090.4608820691574,2.270141231640548,5.8776545E-6,17.12786,0.008376856,0.21374685,0.0030452083,0.09030029,0.0068123746,0.1854912,0.007923659,0.70905477,0.0018874177,0.10465292,0.0052458853,0.18128231,0.008110415,null,null,null,null,"TWOGAUSSIANS",8,4.280776,0.21374685,0.0030452083,0.4,0.0,0.17269327,0.0078999195,0.70905477,0.0018874177,0.4,0.0,0.16848037,0.005165293
375316653866487564,5300498755821211520,0.5707196,2109.5661485210703,2.358493029723932,5.3706576E-6,17.982077,0.0067489147,0.27785182,0.0026633742,0.08690906,0.003288078,0.35758594,0.008369955,0.7767619,0.0017010329,0.08452854,0.0031773238,0.369881,0.010535308,null,null,null,null,"TWOGAUSSIANS",8,4.3209567,0.7767619,0.0017010329,0.4,0.0,0.35973117,0.010850313,0.27785182,0.0026633742,0.4,0.0,0.34743607,0.0072200517
375316653866487564,5300499335626299776,0.60031545,2110.0582013995922,0.3036024449902415,1.3686189E-5,18.158472,0.0018249446,0.37557805,6.7276E-4,0.017339075,4.2336984E-4,0.3883407,0.00513623,0.8729625,0.0018259075,0.014009916,0.0012312467,0.44814453,0.023527008,null,null,null,null,"TWOGAUSSIANS",8,1.5409468,0.8729625,0.0018259075,0.07845553,0.006894982,0.44814453,0.023527008,0.37557805,6.7276E-4,0.09709881,0.0023708711,0.3883407,0.00513623
375316653866487564,5300499477375946752,0.48015717,2070.6728465186166,0.8806711458020358,5.58607E-5,17.079056,0.003738097,0.4850955,0.0046082144,0.01577519,0.0057836045,0.6206398,0.92628026,0.83945423,0.004597711,0.0072994246,0.007678748,0.0851793,7.5494274E11,null,null,null,null,"TWOGAUSSIANS",8,26.77029,0.4850955,0.0046082144,0.088341065,0.032388184,0.6206398,0.92628026,0.83945423,0.004597711,0.040876776,0.04300099,0.0851793,7.5494274E11
375316653866487564,5300499820973344128,0.43431956,2084.0519065892163,0.2680547141557778,1.4438633E-4,16.82329,0.05314035,0.29767796,0.042833716,0.08667928,0.076808505,0.28064445,0.12182674,0.7624401,0.16611663,0.062466495,0.1118422,0.14792006,0.06775666,null,null,null,null,"TWOGAUSSIANS",8,187.9659,0.29767796,0.042055886,0.4,0.28861785,0.2799684,0.142995,0.7624401,0.16611663,0.34981236,0.1628668,0.1472442,0.06321746
375316653866487564,5300500095851250304,0.63221127,2069.348189397733,2.2888810576003,3.7422121E-6,17.166143,0.0059427177,0.26881963,7.1677065E-4,0.08745027,0.00135163,0.4177087,0.005988509,0.76795113,0.0013969766,0.094821215,0.0031803781,0.3732412,0.007454814,null,null,null,null,"TWOGAUSSIANS",8,4.176773,0.26881963,7.1677065E-4,0.4,0.0,0.3996744,0.0038241942,0.76795113,0.0013969766,0.4,0.0,0.35520625,0.008527921
375316653866487564,5300500469497820928,0.5597681,2060.8509470114814,3.2631826305616163,7.0203787E-6,19.600971,0.006883874,0.22275789,0.0027621512,0.068334766,0.00496106,0.49737048,0.03661642,0.72794765,0.0024954702,0.07376536,0.0029796497,0.57322174,0.018103542,null,null,null,null,"TWOGAUSSIANS",8,1.4008982,0.72794765,0.0024954702,0.4,0.0,0.5712946,0.018223627,0.22275789,0.0027621512,0.38267466,0.024171906,0.49544334,0.037434246
375316653866487564,5300502191782889728,0.52766067,2076.390550186634,3.0860962970304957,8.8778115E-6,19.205786,0.013393132,0.269909,0.0027681058,0.064575754,0.0048311837,0.4163266,0.029847415,0.77364135,0.004808275,0.069895834,0.005994183,0.43658885,0.03517609,null,null,null,null,"TWOGAUSSIANS",8,3.050463,0.77364135,0.004808275,0.39141667,0.027982144,0.43582362,0.035263617,0.269909,0.0027681058,0.3616242,0.02705463,0.41556135,0.03000636
375316653866487564,5300502565442089216,0.43283984,2102.557303883028,2.0021535273614206,1.7362649E-5,18.796635,0.020401258,0.25810224,0.015172791,0.0841609,0.041171733,0.128837,0.0283262,0.7418225,0.0073586684,0.085039556,0.021922398,0.102790095,0.02946839,null,null,null,null,"TWOGAUSSIANS",8,4.364096,0.25810224,0.015172791,0.4,0.033621553,0.12665069,0.035400502,0.7418225,0.0073586684,0.4,0.0,0.1006038,0.027143186
375316653866487564,5300503188227560832,0.49190748,2091.202788136738,0.7295788239022637,7.6093306E-6,17.48292,0.006308978,0.1697472,0.0030435305,0.013721429,0.0057722894,0.46545336,0.12908086,0.6706135,0.002193553,0.011491591,0.0032150175,0.2475136,0.030289302,null,null,null,null,"TWOGAUSSIANS",8,39.301395,0.1697472,0.0030435305,0.07684,0.03232482,0.46545336,0.12908086,0.6706135,0.002193553,0.06435291,0.018004099,0.2475136,0.030289302
375316653866487564,5300503428745736064,0.57153386,2085.9095022343763,1.4652236996290398,5.317917E-6,15.33567,0.0026153694,0.26638132,0.0036182504,0.029425692,0.012670061,0.015573951,0.07290716,0.7644727,0.0033121677,0.052549813,0.008241723,0.06912438,0.0049321763,0.033996563,0.0034859683,0.26638132,0.0036182504,"TWOGAUSSIANS_WITH_ELLIPSOIDAL_ON_ECLIPSE1",9,10.743018,0.7648127,0.0024928714,0.29427895,0.04615365,0.1371084,0.0053191558,0.26638132,0.0036182504,0.16478388,0.07095234,0.08356602,0.07218785
375316653866487564,5300504249069353088,0.5984407,2114.611573712236,0.23752568138449118,3.8045937E-6,17.612965,9.700779E-4,0.26731706,0.0026009255,0.015801752,0.0035431401,0.14593306,0.11844611,0.76620257,6.839018E-5,0.011899488,1.3331028E-4,0.333604,0.0021852937,null,null,null,null,"TWOGAUSSIANS",8,1.1874359,0.76620257,6.839018E-5,0.06663713,7.4653764E-4,0.333604,0.0021852937,0.26731706,0.0026009255,0.08848981,0.019841585,0.14593306,0.11844611
375316653866487564,5300505108062960000,0.59500283,2108.183998792904,0.8263537613181686,3.8066626E-6,18.49786,0.0025637704,0.22569674,8.051541E-4,0.025743026,8.848456E-4,0.44978222,0.014132215,0.7270448,0.0033079244,0.025562754,0.0039860536,0.5016357,0.033331838,null,null,null,null,"TWOGAUSSIANS",8,2.0024972,0.7270448,0.0033079244,0.14315143,0.0223219,0.5016357,0.033331838,0.22569674,8.051541E-4,0.14416096,0.0049551353,0.44978222,0.014132215
375316653866487564,5300506418042965888,0.49179897,2095.4208764142986,0.33515511988792906,2.9364796E-6,18.234959,0.0026480888,0.38458118,0.0116567975,0.01574135,0.002204134,0.5695666,0.78727764,0.6845074,0.014149956,0.026650077,0.026066251,0.025922991,0.040274665,null,null,null,null,"TWOGAUSSIANS",8,2.4560857,0.38458118,0.0116567975,0.08815157,0.01234315,0.5695666,0.78727764,0.6845074,0.014149956,0.14924043,0.145971,0.025922991,0.040274665
375316653866487564,5300506624201214720,0.62006503,2077.6400973708214,0.6151826369903135,1.3038578E-5,12.230265,9.382274E-4,0.23907752,7.604068E-4,0.0240262,8.423711E-4,0.15405378,0.0046573225,0.733104,0.0042024227,0.022256875,0.0035612634,0.2099358,0.08390224,0.013463941,0.0012198987,0.23907752,7.604068E-4,"TWOGAUSSIANS_WITH_ELLIPSOIDAL_ON_ECLIPSE1",9,29.735012,0.733134,0.0041518426,0.124638505,0.019943075,0.23682594,0.08498526,0.23907752,7.604068E-4,0.13454671,0.004717278,0.18098165,0.004069078
375316653866487564,5300507341458436096,0.525377,2142.404560955906,3.86344664547842,4.5590903E-5,19.296339,0.010235492,0.36885792,0.006718574,0.106656924,0.009965623,0.5155335,0.059751227,0.78653884,0.054452807,0.070378296,0.04141848,0.034203384,0.019859826,null,null,null,null,"TWOGAUSSIANS",8,2.720384,0.36885792,0.006718574,0.4,0.0,0.5140984,0.060272273,0.78653884,0.054452807,0.39411846,0.22722018,0.033009477,0.02015802
375316653866487564,5300507616324329728,0.57347095,2059.840410963289,2.6644720103793835,2.234464E-5,18.582647,0.009680907,0.23227715,0.009745392,0.08295813,0.012053149,0.14478561,0.01011376,0.7124141,0.0038287137,0.07224408,0.003922814,0.41913447,0.022175644,null,null,null,null,"TWOGAUSSIANS",8,2.3673017,0.7124141,0.0038287137,0.4,0.0049007633,0.4174293,0.021962896,0.23227715,0.009745392,0.4,0.0,0.1430804,0.009327953
375316653866487564,5300507788135032448,0.56206685,2048.9871332459525,2.9651284916322047,9.105122E-6,18.933004,0.00818566,0.2780662,0.003453206,0.077135056,0.0033164101,0.40247932,0.013061885,0.77444655,0.0022349874,0.074811615,0.003019914,0.36820152,0.012064772,null,null,null,null,"TWOGAUSSIANS",8,2.128937,0.2780662,0.003453206,0.4,0.0,0.3993081,0.012642734,0.77444655,0.0022349874,0.4,0.0,0.3650303,0.011852984
375316653866487564,5300509368670181248,0.5724195,2073.6358889961953,3.7461186001180016,5.6894282E-6,18.596367,0.013423547,0.2605274,0.0029174325,0.0455726,0.0071305246,0.22373612,0.026009852,0.76137614,0.0036304093,0.04422957,0.0053999163,0.3018602,0.033344623,0.120219745,0.017354365,0.2605274,0.0029174325,"TWOGAUSSIANS_WITH_ELLIPSOIDAL_ON_ECLIPSE1",9,4.8128586,0.76137614,0.003543852,0.2476856,0.030239532,0.5422928,0.027206944,0.2605274,0.0029174325,0.25520658,0.03993094,0.4641755,0.017784834
375316653866487564,5300509544778608256,0.6176873,2073.380038573496,1.8629623937549538,2.3129376E-6,15.454373,0.0044202735,0.21172954,0.002139317,0.091549195,0.0029265177,0.2255996,0.006248487,0.6990729,8.860847E-4,0.07471532,0.0019733661,0.4050208,0.011365718,null,null,null,null,"TWOGAUSSIANS",8,18.76562,0.6990729,8.860847E-4,0.4,0.0,0.40003216,0.011755884,0.21172954,0.002139317,0.4,0.0,0.22061078,0.005910815
375316653866487564,5300509647843854720,0.5107678,2081.168539551195,3.9623511983216284,8.21938E-6,19.044806,0.0048022494,0.31485918,0.013078632,0.060147103,0.015517484,0.18704581,0.040768158,0.8112466,0.0034035612,0.064439714,0.004686937,0.16340056,0.00708328,null,null,null,null,"TWOGAUSSIANS",8,1.6357193,0.31485918,0.013078632,0.33682376,0.08689792,0.18694718,0.04095372,0.8112466,0.0034035612,0.3608624,0.02624685,0.16330193,0.0070830774
375316653866487564,5300510674340440192,0.53873074,2104.876046665913,1.351128989598236,1.1359213E-5,17.220997,0.088334665,0.2799068,0.0026374888,0.14226893,0.04417562,0.1738885,0.08577704,0.76731193,0.0040358217,0.11522721,0.025761615,0.23700874,0.079829745,null,null,null,null,"TWOGAUSSIANS",8,2.9501462,0.76731193,0.0040358217,0.4,0.0,0.18359284,0.008833937,0.2799868,0.0025136643,0.4,0.0,0.119760014,0.008873966
375316653866487564,5300512323608278912,0.59685045,2101.2332756022456,2.40653698468527,6.616978E-6,18.127872,0.0058088475,0.27836156,0.0018951587,0.089800745,0.0036221063,0.2547944,0.006348271,0.77914083,0.0018841571,0.0935961,0.0034228398,0.24419323,0.007064039,null,null,null,null,"TWOGAUSSIANS",8,1.1164994,0.27836156,0.0018951587,0.4,0.0,0.24281059,0.0060007693,0.77914083,0.0018841571,0.4,0.0,0.2322092,0.0067321523
375316653866487564,5300517997274339072,0.59840435,2096.297188768505,0.3713007216037361,1.430166E-5,12.980002,0.002483105,0.17963585,0.015946573,0.020474285,0.019224647,0.033679117,0.03270442,0.66987634,0.0012197327,0.022388672,0.0014134,0.5328352,0.05374615,0.012608446,0.004309479,0.17963585,0.015946573,"TWOGAUSSIANS_WITH_ELLIPSOIDAL_ON_ECLIPSE1",9,113.21907,0.66989636,0.0012185824,0.12537657,0.0079150405,0.55795753,0.055072892,0.17963585,0.015946573,0.114656,0.10765803,0.058895968,0.03019774
375316653866487564,5300518684469138944,0.51416147,2090.74536965291,0.08866722320550742,9.686467E-5,16.224617,0.0020284152,0.37583512,0.087475196,0.026397854,0.032309104,0.20018688,0.16437212,0.87691927,0.008484154,0.04342086,0.0065139662,0.04130729,0.0036628097,null,null,null,null,"TWOGAUSSIANS",8,15.038082,0.37583512,0.087475196,0.14782798,0.18093097,0.20018688,0.16437212,0.87691927,0.008484154,0.2431568,0.03647821,0.04130729,0.0036628083
375316653866487564,5300518851968706176,0.4900925,2070.5267022258786,2.2233045118369774,2.9260269E-5,17.730465,0.059106313,0.23889898,0.009779735,0.097883485,0.055869278,0.0840625,0.05239958,0.7349877,0.007501876,0.11325986,0.042789083,0.075449735,0.057424355,null,null,null,null,"TWOGAUSSIANS",8,1.7870374,0.23890898,0.009902532,0.4,0.0,0.07491438,0.0074523916,0.7349877,0.007501876,0.4,0.0,0.066293046,0.0035245456
375316653866487564,5300521261449474688,0.6512308,2084.4385285585217,0.22503599118084572,8.08565E-6,15.838107,5.5962364E-4,0.6958986,0.02619582,0.022999296,0.024337023,0.007611241,0.059891887,0.82575953,4.7032183E-4,0.015377757,0.0013451944,0.45359045,0.021237573,null,null,null,null,"TWOGAUSSIANS",8,5.0391426,0.82575953,4.7032183E-4,0.08611544,0.007533089,0.45359045,0.021237573,0.6958986,0.02619582,0.12879606,0.13628733,0.007611241,0.059891887
375316653866487564,5300521398874136448,0.57219386,2121.1252894688164,2.9905679765499564,9.627617E-6,18.376797,0.008219703,0.2758423,0.0059942002,0.06852489,0.004795201,0.5812963,0.03265499,0.781523,0.0030888382,0.07191456,0.0039824536,0.48699537,0.017379005,null,null,null,null,"TWOGAUSSIANS",8,5.6391683,0.2758423,0.0059942002,0.38373935,0.02389679,0.57967275,0.03235341,0.781523,0.0030888382,0.4,0.008529662,0.48537177,0.017384978
375316653866487564,5300521811205135488,0.6643238,2061.0384001746284,3.0382443824183016,3.1154275E-6,15.912657,0.009164911,0.21608052,0.002059467,0.05369546,0.0035326693,0.3452104,0.018186959,0.71731555,0.001939107,0.047218952,0.003742036,0.23769228,0.016696628,0.11466295,0.0094357785,0.21608052,0.002059467,"TWOGAUSSIANS_WITH_ELLIPSOIDAL_ON_ECLIPSE1",9,14.44941,0.21608052,0.002059467,0.30069458,0.019782947,0.5745293,0.004826485,0.71731555,0.0019323146,0.26442614,0.020955402,0.46699733,0.0049359174
375316653866487564,5300522017349475456,0.57172006,2052.670581450214,2.4613948172188906,5.0174503E-6,18.165651,0.01111782,0.29249948,0.0020858857,0.07855163,0.0030880386,0.43821487,0.013672562,0.79187304,0.002083959,0.079802476,0.0032290802,0.44183198,0.013064243,null,null,null,null,"TWOGAUSSIANS",8,6.319834,0.79187304,0.002083959,0.4,0.0,0.43588653,0.011896568,0.29249948,0.0020858857,0.4,0.0,0.4322694,0.012891423
375316653866487564,5300522292241482624,0.5261416,2120.105545260523,1.9717236970704086,6.311653E-6,16.1347,0.014132795,0.23072678,0.004112392,0.10161249,0.0068646236,0.28796908,0.014559307,0.7328534,0.0023659284,0.09311645,0.0070858127,0.34898695,0.016086107,null,null,null,null,"TWOGAUSSIANS",8,31.878042,0.7328534,0.0023659284,0.4,0.0,0.3263289,0.01764666,0.23072678,0.004112392,0.4,0.0,0.26530823,0.008393741
375316653866487564,5300522395306539136,0.43669984,2060.752956205208,1.4567361417392943,1.4497728E-5,18.148731,0.0039605824,0.16580173,0.0022907844,0.012012086,0.0027763431,0.07146419,0.016615042,0.6408121,0.005564602,0.029132716,0.010622754,0.1646994,0.07638646,null,null,null,null,"TWOGAUSSIANS",8,6.2805743,0.6408121,0.005564602,0.16314322,0.05948742,0.1646994,0.07638646,0.16580173,0.0022907844,0.06726768,0.015547521,0.07146419,0.016615042
375316653866487564,5300524005929680128,0.5193789,2070.922436889467,2.9087932353880417,1.0522619E-5,18.757324,0.0131081315,0.25064418,0.0047365804,0.09224347,0.006850035,0.28504834,0.018500686,0.7504973,0.0049354983,0.086826704,0.005750509,0.3125172,0.01460306,null,null,null,null,"TWOGAUSSIANS",8,3.0583642,0.7504973,0.0049354983,0.4,0.0,0.30046746,0.010464034,0.25064418,0.0047365804,0.4,0.0,0.27299842,0.017528187
375316653866487564,5300526033150105600,0.4840472,2087.8708122732937,3.1357256935132485,1.5960768E-5,18.975197,0.013801973,0.28201342,0.004152587,0.07799727,0.007738834,0.21090308,0.015206205,0.7790227,0.009989154,0.08428114,0.014468077,0.23373689,0.02097669,null,null,null,null,"TWOGAUSSIANS",8,3.2251213,0.7790227,0.009989154,0.4,0.0,0.23009074,0.020198835,0.28201342,0.004152587,0.4,0.0,0.20725694,0.013389675
375316653866487564,5300526724649599744,0.49396968,2066.953232829703,0.8677431060415324,8.092817E-5,16.346779,0.00199461,0.60215324,0.004500762,0.044719584,0.0070072776,0.303397,0.0514551,null,null,null,null,null,null,null,null,null,null,"ONEGAUSSIAN",5,27.087858,0.60215324,0.004500762,0.25042966,0.039240755,0.303397,0.0,null,null,null,null,null,null
375316653866487564,5300527789791902592,0.5312372,2073.591557290507,2.9452494129212687,1.8295075E-5,18.277973,0.030692725,0.24334587,0.0066414466,0.09895746,0.01569042,0.25712487,0.026480805,0.7565024,0.0070830337,0.103228614,0.0191884,0.204773,0.027246362,null,null,null,null,"TWOGAUSSIANS",8,3.991037,0.24334587,0.006651166,0.4,0.0,0.23888563,0.017907036,0.7565024,0.007088196,0.4,0.0,0.18653163,0.009693302
375316653866487564,5300529061111819136,0.52421796,2063.8044305310746,0.19216932932757394,9.988424E-7,16.85582,8.4476726E-4,0.5005417,0.012305098,0.041521765,0.011506841,0.011273215,0.0021420924,0.6998791,2.5892936E-4,0.0021182217,1.0664278E-4,0.31819463,0.025055734,null,null,null,null,"TWOGAUSSIANS",8,4.6057167,0.6998791,2.5892936E-4,0.011862042,5.9719954E-4,0.31819475,0.025055833,0.5005417,0.012305098,0.23252189,0.064438306,0.011273215,0.0021420924
375316653866487564,5300529232900939008,0.4479763,2074.6254501514486,4.4906867761462586,2.0650532E-5,18.662651,0.0050373846,0.16906272,0.01779103,0.020660628,0.010783586,0.32701284,0.78255755,0.8102411,0.0041148267,0.015521302,0.0043171206,0.09171743,0.04763312,null,null,null,null,"TWOGAUSSIANS",8,5.109116,0.16906272,0.01779103,0.115699515,0.06038808,0.32701284,0.78255755,0.8102411,0.0041148267,0.086919285,0.024175875,0.09171743,0.04763312
375316653866487564,5300529645227533440,0.4566014,2052.78753296172,2.286560845111979,3.023155E-5,15.571464,0.77941895,0.22005332,0.012868072,0.15507282,0.03730983,0.54143983,0.40441167,0.70956385,0.010440444,0.2834609,0.14640209,0.9979672,0.74927264,null,null,null,null,"TWOGAUSSIANS",8,65.03626,0.70956385,0.010440444,0.4,0.0,0.17643018,0.023098791,0.2301933,0.008090937,0.4,0.0,0.13225512,0.010685148
375316653866487564,5300530641659765760,0.5496863,2051.6703968787842,1.967703112467194,5.0430913E-6,16.466055,0.0018700431,0.25483438,0.001356154,0.07765327,0.0025259187,0.11541422,0.0015540426,0.7615596,0.002736494,0.08354912,0.0047022686,0.053413793,0.0026248528,null,null,null,null,"TWOGAUSSIANS",8,2.011849,0.25483438,0.001356154,0.4,0.0,0.114318594,0.0014097053,0.7615596,0.002736494,0.4,0.0,0.05231817,0.0025727446
375316653866487564,5300530847818036224,0.47499016,2078.528500000157,1.4091128270282793,3.9011033E-5,12.196551,0.05866586,0.30229792,0.013589863,0.13076445,0.04348906,0.0731404,0.056769527,0.77719164,0.012985184,0.13120788,0.059729543,0.051031113,0.05667575,null,null,null,null,"TWOGAUSSIANS",8,190.60107,0.3026579,0.012030627,0.4,0.0,0.056934673,0.0055993875,0.77719164,0.012985184,0.4,0.0,0.03485826,0.0049716774
375316653866487564,5300532497085500032,0.69843614,2048.559472568101,0.6095627316570537,4.3527766E-6,16.956966,0.0036996633,0.25209835,0.0025754438,0.027265998,0.0030846724,0.12123106,0.007752684,0.75197023,4.9457327E-4,0.02552402,8.120717E-4,1.1339267,0.027407285,0.022106105,0.005867986,0.25209835,0.0025754438,"TWOGAUSSIANS_WITH_ELLIPSOIDAL_ON_ECLIPSE1",9,6.6740055,0.75197023,4.9457327E-4,0.14293452,0.0045476016,1.178139,0.029769026,0.25209835,0.0025754438,0.15268958,0.017274166,0.16544326,0.0071269963
375316653866487564,5300533454846189696,0.56239086,2239.3292670471005,0.13677218092093668,1.0105773E-5,18.09997,0.00932668,0.6140202,0.08424724,0.17250359,0.17273203,0.020217778,0.06263189,0.82414925,0.0025987918,0.0132393995,0.0028555037,2.8476777,1.6365086,null,null,null,null,"TWOGAUSSIANS",8,4.2877254,0.82414925,0.0025987918,0.07414064,0.01599082,2.8567002,1.6401434,0.6140202,0.08424724,0.4,0.25778362,0.019611804,0.0631643
375316653866487564,5300533734035902720,0.642466,2062.5235770428144,0.22337431145806022,3.455525E-5,17.567484,0.0016101144,0.38065806,9.117258E-4,0.013669055,0.0010436927,0.40926662,0.0278081,0.8890665,0.00671089,0.016372545,0.0038698672,0.505368,0.09990744,null,null,null,null,"TWOGAUSSIANS",8,1.7201821,0.8890665,0.00671089,0.091686256,0.021671256,0.505368,0.09990744,0.38065806,9.117258E-4,0.076546706,0.005844679,0.40926662,0.0278081
375316653866487564,5300534936627125888,0.48094216,2102.8994011420673,0.9531336430020177,1.564458E-5,17.309786,0.010507352,0.29826656,0.012898261,0.09289132,0.017386543,0.15247287,0.038281355,0.7908911,0.0058473637,0.053144462,0.0064925305,0.23464057,0.0138411485,null,null,null,null,"TWOGAUSSIANS",8,27.602505,0.7908911,0.0058473637,0.29760897,0.03635817,0.23382686,0.013313261,0.29826656,0.012898261,0.4,0.0,0.15165898,0.038833447
375316653866487564,5300537268774195456,0.54581773,2050.8593152189687,2.993742008301873,1.1662128E-5,19.427164,0.0079171015,0.2845947,0.005908386,0.07580013,0.0057414253,0.41197804,0.017138744,0.78665274,0.0042845383,0.07957289,0.0050897496,0.41209576,0.01226438,null,null,null,null,"TWOGAUSSIANS",8,1.5979834,0.78665274,0.0042845383,0.4,0.0,0.4076437,0.011844372,0.2845947,0.005908386,0.4,0.0,0.407526,0.016843142
375316653866487564,5300537341808873984,0.49974832,2054.885978886502,1.6979052467444475,7.324648E-6,17.674114,0.003685259,0.27684972,0.017379897,0.05274,0.017192481,0.099538125,0.009746145,0.7759225,0.0015306477,0.048556168,0.0027771038,0.16798744,0.011870392,null,null,null,null,"TWOGAUSSIANS",8,3.6100526,0.7759225,0.0015306477,0.27191454,0.01555178,0.16798618,0.0118722245,0.27684972,0.017379897,0.295344,0.09627789,0.09953687,0.009740793
375316653866487564,5300537376168613504,0.53443253,2091.7923025724403,0.7835201398799594,3.419713E-6,14.072816,8.4733905E-4,0.24855737,0.0024749385,0.019543637,0.0026421535,0.053366076,0.0021238828,0.7503063,5.430487E-4,0.021077882,7.284922E-4,0.08480375,0.002677348,0.011753572,0.0012143658,0.24855737,0.0024749385,"TWOGAUSSIANS_WITH_ELLIPSOIDAL_ON_ECLIPSE1",9,13.776517,0.7503063,5.430487E-4,0.118036136,0.0040795566,0.10830805,0.0023516463,0.24855737,0.0024749385,0.109444365,0.01479606,0.07687322,0.0019040985
375316653866487564,5300538162127487488,0.5486539,2088.637978095617,3.3923213952379525,1.0275695E-5,17.870642,0.02139379,0.2579651,0.0040101036,0.10785326,0.011534234,0.22740465,0.018866315,0.7547886,0.0036301585,0.1076135,0.009787141,0.24880308,0.020427868,null,null,null,null,"TWOGAUSSIANS",8,3.4028244,0.7547886,0.0036301585,0.4,0.0,0.21769477,0.0064111217,0.2579651,0.0040116063,0.4,0.0,0.19629678,0.008758059
375316653866487564,5300539197224626048,0.4337675,2026.1585542759237,3.945287879272786,6.235054E-5,18.732477,0.0719745,0.15700367,0.0069411076,0.008988961,0.007441953,0.07193422,0.03699929,0.54861236,0.016542485,0.2197358,0.07739061,0.15472795,0.06820544,null,null,null,null,"TWOGAUSSIANS",8,5.8502326,0.54861236,0.016542485,0.4,0.0,0.1314957,0.016394021,0.15724367,0.006499711,0.05033818,0.041674934,0.083680674,0.038924858
375316653866487564,5300539300313731584,0.65381086,2059.6810858868903,1.6662498788273576,2.479683E-6,15.487508,0.009938965,0.23780562,0.0014172638,0.057153404,0.0035431592,0.24195044,0.021597847,0.7366942,0.002208121,0.06861751,0.005230729,0.20386614,0.022965927,0.091549344,0.0115943095,0.23780562,0.0014172638,"TWOGAUSSIANS_WITH_ELLIPSOIDAL_ON_ECLIPSE1",9,17.787102,0.23780562,0.0014172638,0.32005906,0.019841691,0.424784,0.0066005676,0.7369742,0.0015248104,0.38425803,0.029292082,0.38669303,0.016909692
375316653866487564,5300540124937633792,0.53288597,2056.7997304311057,4.062930202546402,1.3220231E-5,19.64435,0.010883873,0.22983868,0.005980879,0.08615475,0.008045992,0.44221163,0.017397024,0.73813164,0.0043671383,0.08117163,0.0050730184,0.48378158,0.02875106,null,null,null,null,"TWOGAUSSIANS",8,1.8242846,0.73813164,0.0043671383,0.4,0.0,0.47463065,0.02928118,0.22983868,0.005980879,0.4,0.0,0.43306065,0.017373545
375316653866487564,5300541671135727872,0.59713244,2083.0901919284493,2.924647574671929,3.901068E-6,16.45185,0.0061704773,0.23541835,0.0029138413,0.058141798,0.0061415313,0.14126413,0.01275734,0.73784333,0.00305365,0.052048232,0.006306327,0.10452095,0.013121732,0.034133334,0.006807526,0.23541835,0.0029138413,"TWOGAUSSIANS_WITH_ELLIPSOIDAL_ON_ECLIPSE1",9,4.117966,0.23541835,0.0029138413,0.32559407,0.034392577,0.20951636,0.0067506237,0.73784333,0.0030138325,0.2914701,0.03531543,0.17275734,0.010674579
375316653866487564,5300541842924753664,0.55855155,2066.8949966161663,3.4492105122910233,4.836375E-6,18.787336,0.017600745,0.27138084,0.002191554,0.059181012,0.0055736913,0.32085508,0.046510365,0.7712289,0.0054254932,0.047351606,0.009505189,0.25409493,0.033720482,0.11523185,0.02217206,0.27138084,0.002191554,"TWOGAUSSIANS_WITH_ELLIPSOIDAL_ON_ECLIPSE1",9,4.346357,0.27138084,0.002191554,0.33141366,0.03121267,0.551276,0.025284113,0.7712489,0.005034539,0.265169,0.053229056,0.48451567,0.029149998
375316653866487564,5300542117802091776,0.5746076,2016.6190362885375,3.6590960271414734,6.2809254E-6,18.26913,0.019490097,0.28040755,0.0048309816,0.039049245,0.006014516,0.4731156,0.050942227,0.7675402,0.0032633604,0.04628834,0.009648895,0.5292705,0.07642098,0.12696448,0.025769403,0.7675402,0.0032633604,"TWOGAUSSIANS_WITH_ELLIPSOIDAL_ON_ECLIPSE2",9,17.176071,0.7675402,0.0032633604,0.25921473,0.054033812,0.78319925,0.100272514,0.27962753,0.0044593196,0.21867578,0.033681292,0.7254881,0.027895486
375316653866487564,5300542427049782656,0.4807119,2090.3736028146195,3.9923112283117694,1.0932567E-5,17.670835,0.0021182022,0.3501878,0.006940161,0.009689896,0.004392612,0.14482452,0.025774295,0.61342216,0.018489642,0.010901828,0.0034451375,1.2570415,9.330025,null,null,null,null,"TWOGAUSSIANS",8,2.1812477,0.61342216,0.018489642,0.06105024,0.01929277,1.2570415,9.330025,0.3501878,0.006940161,0.05426342,0.024598626,0.14482452,0.025774295
375316653866487564,5300543178653902976,0.53618604,2059.3418427681363,3.450672256493371,9.318011E-6,19.478863,0.0093423,0.23810077,0.0034341656,0.07505539,0.0030361337,0.6558046,0.035155263,0.7483592,0.0026457056,0.06507508,0.0040626316,0.56661123,0.021000184,null,null,null,null,"TWOGAUSSIANS",8,2.6194878,0.23810077,0.0034341656,0.4,0.0,0.65419006,0.035232533,0.7483592,0.0026457056,0.36442044,0.022750737,0.5649967,0.021181392
375316653866487564,5300543801439380992,0.524481,2073.8880113400173,2.773965602400599,9.974058E-6,17.021338,0.002150794,0.7659914,0.004348815,0.06870041,0.018535446,0.012031714,0.013117036,null,null,null,null,null,null,0.068769366,0.0047853636,0.7659914,0.004348815,"ONEGAUSSIAN_WITH_ELLIPSOIDAL",6,8.120803,0.7659914,0.004348815,0.3847223,0.10374056,0.14955445,0.013766717,null,null,null,null,null,null
375316653866487564,5300544415608190592,0.52835494,2052.973862462758,3.1631198209009574,1.4557689E-5,17.831804,0.016819786,0.25370964,0.003080646,0.101404704,0.0073794546,0.28718093,0.01616024,0.7588943,0.005785419,0.09517943,0.008608566,0.2537611,0.016966483,null,null,null,null,"TWOGAUSSIANS",8,5.4192476,0.25370964,0.003080646,0.4,0.0,0.26727968,0.01080457,0.7588943,0.005785419,0.4,0.0,0.23386244,0.0131191425
375316653866487564,5300546825096056576,0.4213428,2019.3543432755214,2.834275236991028,3.3543445E-5,18.996311,0.030616537,0.26709405,0.0074946163,0.054465603,0.009054096,0.55306566,0.07016698,0.81492704,0.031477828,0.08370004,0.03107871,0.23180106,0.06452065,null,null,null,null,"TWOGAUSSIANS",8,25.70682,0.26709405,0.0074946163,0.30500737,0.05070294,0.5528228,0.06927698,0.81492704,0.031477828,0.4,0.0022163398,0.23155813,0.062819146
375316653866487564,5300547271772685696,0.49298048,2055.3162598054264,1.2832376357319035,1.6948563E-5,17.431242,0.0028969212,0.30593407,0.0048713717,0.073870935,0.0066945646,0.14187047,0.012937224,0.7859537,0.008110137,0.044672523,0.010206906,0.0392583,0.009891133,null,null,null,null,"TWOGAUSSIANS",8,4.873836,0.30593407,0.0048713717,0.4,0.0061134556,0.14185926,0.012945179,0.7859537,0.008110137,0.25016612,0.057158675,0.039247088,0.009898428
375316653866487564,5300548611791798400,0.52745515,2048.066120322357,3.5064988751458053,1.373568E-5,19.733713,0.023658644,0.23463014,0.0137335695,0.0959557,0.027906738,0.2958659,0.06631893,0.7203724,0.003126027,0.07920445,0.0063216398,0.45871782,0.03304474,null,null,null,null,"TWOGAUSSIANS",8,1.6436497,0.7203724,0.003126027,0.4,0.0,0.44912976,0.029953025,0.23463014,0.0137335695,0.4,0.0,0.28627688,0.07698391
375316653866487564,5300549711314073088,0.6578967,2065.6814462222037,0.8194395239741014,3.4623667E-6,16.64829,0.0033777761,0.16892858,0.01681072,0.022067774,0.012904175,0.09372679,0.050156504,0.65870005,0.0012095815,0.02879567,0.0011411195,1.3666664,0.0951495,0.013592944,0.0053659603,0.16892858,0.01681072,"TWOGAUSSIANS_WITH_ELLIPSOIDAL_ON_ECLIPSE1",9,13.180854,0.65871,0.0012039753,0.16125575,0.0063902694,1.3937403,0.09859406,0.16892858,0.01681072,0.12357953,0.072263375,0.12091268,0.049383476
375316653866487564,5300550119316612224,0.53876567,2029.6348508222559,3.096131298459645,9.881917E-6,19.091576,0.007953737,0.2385958,0.0033140343,0.08842926,0.004041606,0.30681556,0.009557848,0.7337031,0.0042848517,0.087377965,0.0065341736,0.39783257,0.0338175,null,null,null,null,"TWOGAUSSIANS",8,1.40631,0.7337031,0.0042848517,0.4,0.0,0.3865472,0.03704069,0.2385958,0.0033140343,0.4,0.0,0.2955302,0.007952182
375316653866487564,5300550845185321728,0.5479024,2104.9234255112597,1.3270714449757468,5.6423964E-6,15.817942,0.006406569,0.31970832,0.0021285585,0.044514485,0.004090944,0.18850178,0.016555928,0.81842893,0.015506301,0.03550452,0.014286023,0.03377668,0.022361107,0.031814855,0.010944169,0.31970832,0.0021285585,"TWOGAUSSIANS_WITH_ELLIPSOIDAL_ON_ECLIPSE1",9,41.79362,0.31970832,0.0021285585,0.24928112,0.022909287,0.2521314,0.008440134,0.8186289,0.014365141,0.19882531,0.08000173,0.09740285,0.009372689
375316653866487564,5300551081390128128,0.49247864,2021.073334145191,3.2675427291762182,1.2445073E-5,18.216635,0.0050292844,0.74508405,0.0037739428,0.03903853,0.0134922555,0.030003535,0.031551838,null,null,null,null,null,null,0.08849058,0.009456336,0.74508405,0.0037739428,"ONEGAUSSIAN_WITH_ELLIPSOIDAL",6,7.565991,0.74508405,0.0037739428,0.21861579,0.075556636,0.20698464,0.028608836,null,null,null,null,null,null
375316653866487564,5300551601102295680,0.5069364,2068.767131492036,3.2927696138887277,1.5857715E-5,19.426529,0.017085072,0.23889214,0.0033867322,0.07692558,0.00757729,0.35520393,0.01834439,0.7396736,0.0070217657,0.08290374,0.010619316,0.28129858,0.028835157,null,null,null,null,"TWOGAUSSIANS",8,1.7333118,0.23889214,0.0033867322,0.4,0.0,0.350566,0.0185753,0.7396736,0.0070217657,0.4,0.0,0.27666065,0.029177932
375316653866487564,5300551841617720576,0.46225923,2093.382171740124,0.812829769495194,4.1882748E-5,16.309757,0.002343826,0.58637863,0.0024126496,0.017911123,0.0028871016,0.1678644,0.030348804,null,null,null,null,null,null,null,null,null,null,"ONEGAUSSIAN",5,24.904955,0.58637863,0.0024126496,0.100302294,0.01616777,0.1678644,0.0,null,null,null,null,null,null
375316653866487564,5300551910337206656,0.43744648,2097.1465863704775,1.947212445632076,2.326866E-5,16.488699,0.0030671675,null,null,null,null,null,null,null,null,null,null,null,null,0.041615516,0.005445142,0.28489456,0.0070738895,"ELLIPSOIDAL",4,32.726273,null,null,null,null,null,null,null,null,null,null,null,null
375316653866487564,5300551979056685312,0.43399718,2067.964493094776,2.6098427673024753,2.8388953E-5,18.897228,0.059718505,0.24416117,0.035532493,0.09164343,0.10825807,0.07084542,0.052426822,0.7308202,0.008195079,0.06774564,0.02019616,0.14189388,0.05385009,null,null,null,null,"TWOGAUSSIANS",8,6.0759315,0.7308202,0.008195079,0.37937558,0.06501262,0.14085469,0.030758247,0.24416117,0.035532493,0.4,0.0,0.06980615,0.023318874
375316653866487564,5300552597522150784,0.4552417,2093.3315705094815,3.6895058714849487,2.433487E-5,19.900507,0.011498901,0.22639842,0.012413076,0.061907932,0.012751489,0.22906722,0.019062769,0.77034146,0.0047486993,0.085032836,0.0074039954,0.27606907,0.024199305,null,null,null,null,"TWOGAUSSIANS",8,2.1417768,0.77034146,0.0047486993,0.4,0.0,0.27553582,0.024346525,0.22639842,0.012413076,0.34668443,0.07140834,0.22853412,0.01898188
375316653866487564,5300553284726918144,0.6236018,2124.875831676778,0.4589064330167454,2.1065243E-6,16.658897,0.0023265427,0.31758687,0.0131906895,0.02059876,0.007761318,0.10504651,0.11251167,0.8179761,4.8776655E-4,0.02859711,3.9698576E-4,1.1886514,0.029355388,0.00972242,0.004499072,0.31758687,0.0131906895,"TWOGAUSSIANS_WITH_ELLIPSOIDAL_ON_ECLIPSE1",9,9.198675,0.8179761,4.8776655E-4,0.16014382,0.0022231203,1.2080961,0.030618297,0.31758687,0.0131906895,0.11535306,0.04346338,0.12449136,0.11502318
375316653866487564,5300554105046562688,0.4550863,2033.5906700722157,1.7124429383478466,3.4704404E-5,18.77052,0.005755591,0.22344948,0.003912978,0.042852893,0.0066022733,0.20497811,0.027515497,0.7256162,0.013652011,0.035402916,0.014066504,0.13838871,0.072036594,null,null,null,null,"TWOGAUSSIANS",8,6.4833417,0.22344948,0.003912978,0.23997621,0.03697273,0.20497811,0.027515499,0.7256162,0.013652011,0.19825633,0.078772426,0.13838871,0.072036654
375316653866487564,5300554173766063616,0.52432746,2069.8956586547006,2.6126193418950985,9.847034E-6,18.887157,0.008132205,0.28389788,0.004199793,0.09022125,0.0057642595,0.22534207,0.01059752,0.78363174,0.0032710063,0.08853696,0.004678796,0.21347572,0.008391107,null,null,null,null,"TWOGAUSSIANS",8,1.4265028,0.28389788,0.004199793,0.4,0.0,0.21660168,0.009764401,0.78363174,0.0032710063,0.4,0.0,0.20473538,0.005795174
375316653866487564,5300554212429404288,0.50135505,2102.858370408017,2.9219571790409185,1.8602768E-5,19.403166,0.021613857,0.24507467,0.011657205,0.08640839,0.012775847,0.3598993,0.029283041,0.7474588,0.0050439932,0.08981803,0.0071418714,0.34569547,0.02289525,null,null,null,null,"TWOGAUSSIANS",8,3.1718202,0.24507467,0.011657205,0.4,0.0,0.34778133,0.026720759,0.7474588,0.0050439932,0.4,0.0,0.3335774,0.015854275
375316653866487564,5300554899624242048,0.48686907,2033.7591443683662,0.9969899355559536,3.7083195E-5,19.640669,0.005813205,0.17857043,0.004739651,0.018142207,0.006901283,1.5809005,218.74944,0.7018861,0.0026942352,0.009326527,0.0015908501,0.5595681,0.17461298,null,null,null,null,"TWOGAUSSIANS",8,2.3458736,0.17857043,0.004739651,0.101596355,0.038647182,1.5809005,218.74944,0.7018861,0.0026942352,0.05222855,0.008908761,0.5595681,0.17461298
375316653866487564,5300555479436142976,0.5454998,2048.86426973593,3.8404562560290976,6.4121477E-6,19.160244,0.012081041,0.14393741,0.0065496317,0.03544017,0.014358904,0.48134547,0.23017092,0.6551281,0.0025351932,0.038541943,0.005863005,0.24457498,0.028230203,0.12736936,0.017050331,0.6551281,0.0025351932,"TWOGAUSSIANS_WITH_ELLIPSOIDAL_ON_ECLIPSE2",9,2.5779147,0.14449741,0.0065423814,0.19846494,0.08040986,0.7348888,0.25116107,0.6551281,0.0025351932,0.21583489,0.032832827,0.49931318,0.017044814
375316653866487564,5300557575380185984,0.60342824,2087.9341264560708,2.7414714034487297,4.044022E-6,18.740824,0.01155162,0.28884074,0.0011737824,0.046633735,0.0035169222,0.43658254,0.035467874,0.78903484,0.004669827,0.03583733,0.004618745,0.36993825,0.03341947,0.16230296,0.024251683,0.28884074,0.0011737824,"TWOGAUSSIANS_WITH_ELLIPSOIDAL_ON_ECLIPSE1",9,3.5354714,0.28884074,0.0011737824,0.26114893,0.019694764,0.7611877,0.023921603,0.78903484,0.0046266206,0.20068905,0.025864972,0.69454294,0.020709405
375316653866487564,5300557854561137792,0.46620888,2100.6755507751677,1.1998472936042237,2.9820194E-5,19.420956,0.00814044,0.22764385,0.0038934567,0.04764702,0.0059519387,0.16195787,0.01542056,0.72727597,0.0046370593,0.043814797,0.008426135,0.2882415,0.040912833,null,null,null,null,"TWOGAUSSIANS",8,2.434943,0.72727597,0.0046370593,0.24536286,0.047186356,0.28824136,0.040913187,0.22764385,0.0038934567,0.26682332,0.033330858,0.16195774,0.01542054
375316653866487564,5300558850993681024,0.6199625,2080.632070859444,3.1087334043970807,5.640131E-6,18.675997,0.010613553,0.23786235,0.0015426197,0.041710477,0.0029158252,0.39300463,0.02232286,0.74361604,0.0016688828,0.047647223,0.002513695,0.48041093,0.02141285,0.1379315,0.01167383,0.23786235,0.0015426197,"TWOGAUSSIANS_WITH_ELLIPSOIDAL_ON_ECLIPSE1",9,2.7827196,0.74361604,0.0016688828,0.26682445,0.014076693,0.7559124,0.009214947,0.23786235,0.0015426197,0.23357867,0.016328622,0.6688665,0.017666427
375316653866487564,5300560461603092352,0.48170617,2087.5973892657385,2.9476509201064918,2.6335934E-5,18.945835,0.018058198,0.24699251,0.006503499,0.09121366,0.014870189,0.17494836,0.018508075,0.7397987,0.007327062,0.091361344,0.013235,0.19873051,0.019535856,null,null,null,null,"TWOGAUSSIANS",8,2.960454,0.7397987,0.007327062,0.4,0.0,0.1908652,0.015208357,0.24699251,0.006503499,0.4,0.0,0.16708308,0.016900802
375316653866487564,5300561011357610496,0.5004889,2074.139064119021,1.9656263307949995,1.7216345E-5,18.58419,0.0115644885,0.26010936,0.019063193,0.007093299,0.028126994,0.2961302,0.14885968,0.78143543,0.0034919032,0.053464092,0.002969968,0.6031915,0.038470052,0.047765866,0.016194198,0.26010936,0.019063193,"TWOGAUSSIANS_WITH_ELLIPSOIDAL_ON_ECLIPSE1",9,9.7526655,0.78143543,0.0034919032,0.29939893,0.016631821,0.697016,0.029608762,0.26010936,0.019063193,0.039722476,0.15751117,0.3916597,0.12309819
375316653866487564,5300561835990188032,0.54983646,2078.1302387855662,0.8388865894628782,1.6429645E-5,12.648253,0.001776758,0.19918583,0.004557293,0.026710933,0.0034775913,0.40254807,0.030651812,0.702906,0.0021381816,0.0325265,0.002030498,0.11288204,0.0075392253,0.008240276,0.0027024266,0.19918583,0.004557293,"TWOGAUSSIANS_WITH_ELLIPSOIDAL_ON_ECLIPSE1",9,98.81542,0.19918583,0.004557293,0.14958122,0.019474512,0.41902858,0.030731272,0.702906,0.0021376007,0.18214841,0.011370789,0.12935355,0.0069228965
375316653866487564,5300563760137157120,0.5849478,2089.472298923374,2.766859222335822,7.905072E-6,18.604887,0.010359603,0.2770035,0.0014492256,0.046024233,0.0049904585,0.27775133,0.02546769,0.77890474,0.0052644024,0.046853263,0.0065469733,0.29709464,0.034346353,0.15800184,0.01496314,0.2770035,0.0014492256,"TWOGAUSSIANS_WITH_ELLIPSOIDAL_ON_ECLIPSE1",9,4.4885297,0.77890474,0.0049336464,0.26237828,0.03666305,0.6130529,0.034370203,0.2770035,0.0014492256,0.2577357,0.027946567,0.59375465,0.013881016
375316653866487564,5300563794496952704,0.54693115,2073.931631463611,1.9518459910400532,4.959025E-6,18.884212,0.006825776,0.31326175,0.0034559045,0.06555945,0.0055599436,0.25349495,0.01357842,0.8088349,0.0023390017,0.051267903,0.0022304703,0.55942225,0.012165982,null,null,null,null,"TWOGAUSSIANS",8,2.9197009,0.8088349,0.0023390017,0.28710026,0.012490633,0.55935895,0.0121584125,0.31326175,0.0034559045,0.36713293,0.031135684,0.25343165,0.013603224
375316653866487564,5300564039320674432,0.5162424,2071.4699745930457,2.9861009315846836,1.0268176E-5,19.72453,0.013071803,0.18998505,0.0018205604,0.083097495,0.0045694807,0.4601351,0.018259626,0.69636464,0.0054220892,0.06749892,0.0055740722,0.42231932,0.034280665,null,null,null,null,"TWOGAUSSIANS",8,2.0644891,0.18998505,0.0018205604,0.4,0.0,0.45704663,0.018401524,0.69636464,0.0054220892,0.37799397,0.031214803,0.41923088,0.034463156
375316653866487564,5300564962728226176,0.4809389,2042.9495539497377,0.5939549195227963,8.3713385E-6,19.315796,0.012570237,0.31351724,0.033191916,0.08653099,0.07007075,0.11400049,0.090127625,0.8304181,7.36319E-4,0.016111715,8.262872E-4,0.70435345,0.03876515,null,null,null,null,"TWOGAUSSIANS",8,7.268749,0.8304181,7.36319E-4,0.09022561,0.004627208,0.7043528,0.038761765,0.31351724,0.033191916,0.4,0.19775893,0.113999784,0.09022597
375316653866487564,5300568403013406592,0.5456185,2063.0436035005896,3.573281770750539,1.4669451E-5,16.308796,0.01086145,0.204124,0.009060785,0.03952843,0.04378593,0.04893659,0.06446199,0.7151129,0.01024675,0.048404526,0.017629938,0.117055155,0.019609665,0.08600677,0.012492427,0.204124,0.009060785,"TWOGAUSSIANS_WITH_ELLIPSOIDAL_ON_ECLIPSE1",9,41.243855,0.7151129,0.01024675,0.27106535,0.09872766,0.28824916,0.013029421,0.204124,0.009060785,0.22135921,0.24520122,0.22094932,0.06915398
375316653866487564,5300569498214211072,0.49223542,2105.8772056823937,0.07102480360297342,4.3425E-6,19.708086,0.007104979,0.3355173,8.2903885E-4,0.004537012,3.54214E-4,1.054082,0.10281289,0.95510167,0.013059121,0.009392001,0.0064504067,0.24741082,0.6281939,null,null,null,null,"TWOGAUSSIANS",8,3.7306612,0.3355173,8.2903885E-4,0.025407268,0.0019835983,1.054082,0.10281289,0.95510167,0.013059121,0.052595202,0.036122277,0.24741082,0.6281939
375316653866487564,5300571014353531648,0.55197877,2079.960415955085,1.831000612540457,7.5645376E-6,17.353918,0.0031839218,0.2635751,0.0041433712,0.0064429548,0.004727884,0.012491771,301882.44,0.7672088,0.0031422784,0.053644765,0.002577233,0.30508846,0.021130387,0.08041935,0.0045389803,0.2635751,0.0041433712,"TWOGAUSSIANS_WITH_ELLIPSOIDAL_ON_ECLIPSE1",9,9.927062,0.7672088,0.0031422784,0.3004107,0.014432505,0.46583906,0.020638606,0.2635751,0.0041433712,0.036080547,0.026476152,0.1733262,301882.44
375316653866487564,5300571078761894400,0.47680643,2065.6775720352475,1.335989990045157,3.119406E-5,19.422798,0.005794076,0.21344624,0.0032850278,0.025871538,0.0037886072,0.52320266,0.14088127,0.72342086,0.014129879,0.024723625,0.015393661,0.15799081,0.10307569,null,null,null,null,"TWOGAUSSIANS",8,3.3631923,0.21344624,0.0032850278,0.14488061,0.0212162,0.52320266,0.14088127,0.72342086,0.014129879,0.1384523,0.08620451,0.15799081,0.10307569
375316653866487564,5300573419535276288,0.53849834,2091.211124058983,0.4223941968702625,6.7753053E-6,16.373491,0.0011050742,0.6841323,7.9524085E-5,0.021756168,2.2040738E-4,0.46806625,0.01159222,0.8521315,0.05142907,0.044019002,0.042667367,0.0029820527,0.0040906086,null,null,null,null,"TWOGAUSSIANS",8,2.5463321,0.6841323,7.606312E-5,0.12183455,0.0012342813,0.4680683,0.011503326,0.8521315,0.05142907,0.24650641,0.23893726,0.0029820527,0.0040906086
375316653866487564,5300573587023362048,0.53675365,2080.519738848617,2.6948407868399764,9.671695E-6,19.413258,0.003856198,0.24929424,0.0038499448,0.015750308,0.0051945383,0.18764584,0.063699916,0.78686076,0.0070678527,0.03675847,0.0085901385,0.100883335,0.011246057,0.1301332,0.0074899653,0.24929424,0.0038499448,"TWOGAUSSIANS_WITH_ELLIPSOIDAL_ON_ECLIPSE1",9,1.5659845,0.24929424,0.0038499448,0.088201724,0.029089414,0.4479118,0.05620235,0.78686076,0.0070678527,0.20584744,0.048104778,0.3469162,0.009948548
375316653866487564,5300573625693728768,0.525457,2094.3885246817968,0.0744378665542089,1.206673E-5,15.974819,0.0055872626,0.29854617,0.004904231,0.060463194,0.0040399176,0.2703298,0.01505085,0.8177885,0.0041688867,0.08089205,0.0067591164,0.17419048,0.007975349,null,null,null,null,"TWOGAUSSIANS",8,53.805157,0.29854617,0.004904231,0.33859387,0.022623539,0.2698434,0.015010797,0.8177885,0.0041688867,0.4,0.0,0.17370406,0.007997207
375316653866487564,5300574656479011968,0.5359059,2095.892088215334,3.031150654864452,9.290893E-6,18.767286,0.010811687,0.26712987,0.0035567337,0.075241044,0.0048033684,0.29543108,0.01596388,0.77520466,0.0034119848,0.07742356,0.0057897875,0.27004704,0.010797235,null,null,null,null,"TWOGAUSSIANS",8,2.8405085,0.26712987,0.0035567337,0.4,0.0,0.29320997,0.015505739,0.77520466,0.0034119848,0.4,0.0,0.26782593,0.00991585
375316653866487564,5300576335802390784,0.542256,2099.2083292528014,3.2108988113692507,9.784011E-6,18.517668,0.0057683815,0.3282217,0.0037507124,0.07422315,0.0043869647,0.28080812,0.013529692,0.8207845,0.0029739917,0.07448706,0.0044110427,0.37696582,0.01596448,null,null,null,null,"TWOGAUSSIANS",8,3.6418989,0.8207845,0.0029739917,0.4,0.0,0.37503934,0.016488686,0.3282217,0.0037507124,0.4,0.0,0.27888164,0.013609959
375316653866487564,5300576713759702016,0.5294261,2061.1926642373514,4.088532970322561,4.3606728E-5,18.694733,0.0036654111,0.23673853,0.026334815,0.02627059,0.014028848,0.60651886,0.6191327,0.7670432,0.008460611,0.014420897,0.0075440537,0.18968911,0.17597869,null,null,null,null,"TWOGAUSSIANS",8,3.378228,0.23673853,0.026334815,0.1471153,0.07856155,0.60651886,0.6191327,0.7670432,0.008460611,0.08075702,0.042246703,0.18968911,0.17597869
375316653866487564,5300576782476358144,0.5164938,2062.8147834926694,1.057534413345411,2.9922343E-5,11.86262,0.0024393804,0.18873194,0.009141566,0.045728073,0.0101886485,0.019148063,0.007067056,0.6895694,0.0063376306,0.024873976,0.0072514415,0.15856043,0.04895993,0.0033440934,0.0033418718,0.18873194,0.009141566,"TWOGAUSSIANS_WITH_ELLIPSOIDAL_ON_ECLIPSE1",9,42.480778,0.6895694,0.0063201035,0.13929427,0.040608075,0.16524841,0.052431457,0.18873194,0.009141566,0.2560772,0.05705643,0.025836233,0.0026640154
375316653866487564,5300577542703689088,0.62566406,2101.4754416510905,1.8853627385461877,3.3258239E-6,16.353418,0.0038430567,0.2589826,0.0015245145,0.08935009,0.002110637,0.3760449,0.009969257,0.75949615,0.0014626717,0.09352911,0.002311515,0.27693138,0.0063266847,null,null,null,null,"TWOGAUSSIANS",8,8.137178,0.2589826,0.0015245145,0.4,0.0,0.36088634,0.010604905,0.75949615,0.0014626717,0.4,0.0,0.26177257,0.0063916473
375316653866487564,5300578156869453056,0.5699475,2057.038848050584,0.9887500308610934,4.5149177E-6,18.102417,0.0023411808,0.15351273,0.002174443,0.022966418,0.0023689298,0.33718178,0.04757912,0.6563853,0.0024555803,0.02674701,0.002130612,0.27174693,0.028658215,null,null,null,null,"TWOGAUSSIANS",8,2.5408971,0.15351273,0.002174443,0.12861195,0.0132660065,0.33718178,0.04757912,0.6563853,0.0024555803,0.14978325,0.011931428,0.27174693,0.028658215
375316653866487564,5300578466105420672,0.47876552,2093.249696140351,0.4876012421596426,2.2807451E-5,18.636137,0.00816816,0.2567283,0.006622217,0.024873095,0.006376898,0.15381719,0.04852957,0.742336,0.0058984905,0.025127286,0.0061490545,0.3307594,0.04252211,0.036766145,0.011575473,0.2567283,0.006622217,"TWOGAUSSIANS_WITH_ELLIPSOIDAL_ON_ECLIPSE1",9,12.3613405,0.74249595,0.0058763125,0.1407128,0.034434706,0.4036984,0.045162715,0.2567283,0.006622217,0.13928933,0.03571063,0.22734934,0.047878936
375316653866487564,5300578672263979904,0.4926446,2081.3544229110694,0.6225622831745704,1.00689385E-5,18.642395,0.0049205823,0.17105854,0.008275196,0.065540634,0.012237276,0.08669248,0.009529749,0.668472,0.0032868288,0.048034385,0.00505983,0.17384326,0.014714645,null,null,null,null,"TWOGAUSSIANS",8,2.5851448,0.668472,0.0032868288,0.26899254,0.028335048,0.17383048,0.014720022,0.17105854,0.008275196,0.36702755,0.06852874,0.0866797,0.009539112
375316653866487564,5300579088891791872,0.5551282,2061.944520432079,1.757771497484075,5.2796827E-6,17.044617,0.008262009,0.26755434,0.0019368978,0.09201433,0.0067551057,0.12437524,0.0070783724,0.7757552,0.0049602767,0.11147592,0.013378131,0.08624905,0.0072532846,null,null,null,null,"TWOGAUSSIANS",8,1.7133659,0.26754433,0.0019417745,0.4,0.0,0.11548788,0.0028465088,0.7757552,0.0049602767,0.4,0.0,0.077354036,0.0042103874
375316653866487564,5300579466848923136,0.6623298,2087.5348719316166,0.1509588238707186,1.3072384E-6,15.083078,0.0051336456,0.37491354,7.3517585E-4,0.012834963,8.9181506E-4,2.2740119,0.07925585,0.8726916,1.2399147E-4,0.011730471,1.06347536E-4,3.070277,0.060337353,0.006886591,0.008114342,0.8726916,1.2399147E-4,"TWOGAUSSIANS_WITH_ELLIPSOIDAL_ON_ECLIPSE2",9,284.455,0.8726916,1.2399147E-4,0.06569064,5.955462E-4,3.0840502,0.063575745,0.37491354,7.3517585E-4,0.071875796,0.004994164,2.2877824,0.08283048
375316653866487564,5300579776086366464,0.45307812,2084.821294465372,2.816272557977108,9.549906E-6,14.147451,0.004075918,0.27689445,0.0034927207,0.018080177,0.0048146667,0.079754435,0.02777376,0.7627279,0.016526442,0.048863284,0.019243529,0.033891317,0.013075277,0.037356604,0.005146216,0.27689445,0.0034927207,"TWOGAUSSIANS_WITH_ELLIPSOIDAL_ON_ECLIPSE1",9,83.742165,0.27689445,0.0034927207,0.10124899,0.026962133,0.15446758,0.02747424,0.76688796,0.011119904,0.27363437,0.10776376,0.10818691,0.010448334
375316653866487564,5300580733848580352,0.41822615,2083.703425583137,2.3442128188155347,3.718578E-5,18.447329,0.003362281,null,null,null,null,null,null,null,null,null,null,null,null,0.042022515,0.0048671835,0.2538474,0.009215355,"ELLIPSOIDAL",4,7.27774,null,null,null,null,null,null,null,null,null,null,null,null
375316653866487564,5300581803310953088,0.4513349,2047.5434107122774,0.5327909458027085,5.6880333E-5,13.493337,0.0039360486,0.40608,2.6612193E-4,0.033802636,0.0012280282,0.23359655,0.015045669,0.79609776,0.0104724,0.015937682,0.007879679,0.24996655,0.19028673,null,null,null,null,"TWOGAUSSIANS",8,46.22658,0.79609776,0.0104724,0.08925103,0.044126205,0.24996655,0.19028673,0.40608,2.6612193E-4,0.18929477,0.0068769576,0.23359655,0.015045669
375316653866487564,5300583280771959680,0.5614059,2085.2015842702267,2.86633558965515,6.9686457E-6,19.247803,0.010930866,0.24551365,0.0030155387,0.06535583,0.0058102766,0.5223364,0.06377555,0.74599284,0.002324522,0.06706142,0.0038861276,0.502928,0.013514478,null,null,null,null,"TWOGAUSSIANS",8,1.8337091,0.24551365,0.0030155387,0.36599264,0.03253755,0.521526,0.06438337,0.74599284,0.002324522,0.37554395,0.021762315,0.50211763,0.013505207
375316653866487564,5300583830535343872,0.58622277,2078.6959093150244,0.4037608359730445,1.3733598E-5,16.67986,0.0018494874,0.43218344,0.0055937227,0.016223542,0.0044419738,0.4079026,0.08655078,0.93803746,0.001830513,0.013443159,0.0018739192,0.07682484,0.01154119,null,null,null,null,"TWOGAUSSIANS",8,6.700984,0.43218344,0.0055937227,0.090851836,0.024875052,0.4079026,0.08655078,0.93803746,0.001830513,0.07528169,0.010493947,0.07682484,0.01154119
375316653866487564,5300584174132708480,0.5451116,2064.4375135840664,0.6343194743625112,1.12434955E-5,17.444994,0.0015412776,0.1955508,0.0021823067,0.0325526,0.00435255,0.039593622,0.013575636,0.6933785,0.0026070795,0.03119886,0.0020322592,0.11172945,0.00698939,0.036145832,0.0030160472,0.1955508,0.0021823067,"TWOGAUSSIANS_WITH_ELLIPSOIDAL_ON_ECLIPSE1",9,2.7764845,0.6934785,0.002456063,0.17471361,0.011380652,0.18400826,0.0066672266,0.1955508,0.0021823067,0.18229455,0.02437428,0.11188526,0.012156756
375316653866487564,5300584513420243968,0.5396631,2066.1558004875487,0.713455196222962,2.5394194E-5,19.082312,0.0030587127,0.2739073,0.025270758,0.009892101,0.015070558,0.0760095,0.18630707,0.82803404,0.0017516188,0.01921243,0.0013932502,0.60029763,0.020405551,null,null,null,null,"TWOGAUSSIANS",8,1.7187169,0.82803404,0.0017516188,0.1075896,0.007802201,0.60029763,0.020405551,0.2739073,0.025270758,0.055395767,0.08439512,0.0760095,0.18630707
375316653866487564,5300586712443772032,0.56597555,2104.437309171946,0.05443492236784487,2.8610842E-5,19.023413,0.0021636973,0.15549262,0.007744528,0.04410982,0.006809894,0.093713775,0.04773824,0.66579103,8.783935E-6,0.003003731,1.6510885E-5,0.61105794,0.0018194971,null,null,null,null,"TWOGAUSSIANS",8,1.0006051,0.66579103,8.783935E-6,0.016820893,9.246096E-5,0.61105794,0.0018194971,0.15549262,0.007744528,0.24701501,0.038135406,0.093713775,0.04773824
375316653866487564,5300587266502355328,0.5555418,2081.117985868648,2.2320734084389904,8.470838E-6,18.855957,0.0055740955,0.27498224,0.001829045,0.06670356,0.0025772343,0.55561525,0.014801165,0.77943784,0.002780081,0.088023305,0.004908066,0.2676674,0.010629621,null,null,null,null,"TWOGAUSSIANS",8,1.6982301,0.27498224,0.001829045,0.3735399,0.014432511,0.55208725,0.015406836,0.77943784,0.002780081,0.4,0.0,0.26413935,0.01113992
375316653866487564,5300590152720656768,0.5176756,2079.8761564919887,3.7690242310769406,1.4071044E-5,19.80528,0.034359127,0.20748371,0.011602771,0.078546666,0.013762634,0.4373024,0.042737275,0.7103291,0.0034216926,0.103623725,0.008658246,0.493944,0.036154587,null,null,null,null,"TWOGAUSSIANS",8,1.8805139,0.7103291,0.0034216926,0.4,0.0,0.473381,0.0263225,0.20748371,0.011611846,0.4,0.0,0.41674817,0.024454283
375316653866487564,5300591179210311808,0.5098439,2117.937939401942,3.038338869244286,3.2161584E-5,19.933636,0.013817567,0.3133296,0.01771604,0.07302575,0.011766816,0.4925078,0.064725555,0.804365,0.005646887,0.07757371,0.007507243,0.38456726,0.020739807,null,null,null,null,"TWOGAUSSIANS",8,2.123754,0.3133296,0.01771604,0.4,0.042187188,0.48964188,0.06468674,0.804365,0.005646887,0.4,0.0,0.38170132,0.02070743
375316653866487564,5300592278721529728,0.564722,2084.5451264059543,4.535770399698416,6.539239E-6,17.93115,0.01424255,0.24859534,0.0019350406,0.090246186,0.0052447235,0.40612608,0.014349891,0.7471275,0.002937616,0.08831734,0.0049459077,0.35800794,0.014476159,null,null,null,null,"TWOGAUSSIANS",8,6.5374236,0.24859534,0.0019350406,0.4,0.0,0.39133826,0.013287253,0.7471275,0.002937616,0.4,0.0,0.3432202,0.011925082
375316653866487564,5300592283031051008,0.66759247,2088.9391490497446,0.25856077815542283,4.896699E-6,16.663784,0.002493419,0.24581234,0.0028197195,0.027906343,0.0034703503,0.19143014,0.017929558,0.7423889,9.015569E-4,0.027941938,0.0012560104,1.4348966,0.119150236,0.039038345,0.005361084,0.24581234,0.0028197195,"TWOGAUSSIANS_WITH_ELLIPSOIDAL_ON_ECLIPSE1",9,8.350061,0.7423989,9.0122997E-4,0.15647486,0.007033658,1.5129372,0.12324548,0.24581234,0.0028197195,0.15627553,0.019433962,0.26950672,0.017504917
375316653866487564,5300593382542536448,0.5658842,2082.8400285757193,1.5623478416734684,1.1957283E-5,16.344524,0.019083375,0.24885097,0.004574456,0.104643784,0.019104403,0.11208914,0.017255954,0.7340695,0.0047328686,0.0905859,0.0130083645,0.22866389,0.013849459,null,null,null,null,"TWOGAUSSIANS",8,7.0736113,0.7340695,0.0047328686,0.4,0.0,0.2191873,0.0082255965,0.24885097,0.0045738425,0.4,0.0,0.10260968,0.0064527327
375316653866487564,5300593691780184960,0.5034641,2089.2406767522516,1.8036301878890655,1.2113526E-5,15.973252,0.032442093,0.2414263,0.004383401,0.115423195,0.019500652,0.17897536,0.02821858,0.7333067,0.0055564586,0.110774055,0.02530851,0.123412184,0.028617589,null,null,null,null,"TWOGAUSSIANS",8,22.683538,0.2414363,0.004375567,0.4,0.0,0.15513687,0.0077984305,0.7333067,0.0055564586,0.4,0.0,0.09959537,0.009706751
375316653866487564,5300593721830692480,0.484653,2074.923365357966,0.20345274717896833,5.097288E-6,17.835135,0.0034250654,0.20240147,0.0013815918,0.017545413,0.0012375712,0.2146598,0.011455497,0.83231366,0.023722151,0.08088545,0.028377157,0.015958551,0.0052225287,null,null,null,null,"TWOGAUSSIANS",8,2.616457,0.20240147,0.0013815918,0.098254316,0.0069303988,0.21466026,0.011455606,0.83231366,0.023722151,0.4,0.039980512,0.015958551,0.0052225273
375316653866487564,5300593790550430464,0.43722597,2052.5643614423466,3.5015927253721677,3.3043216E-5,18.994999,0.015471834,0.23080125,0.008020171,0.08529167,0.014385011,0.14128138,0.015950665,0.69083303,0.01119157,0.105264924,0.018520392,0.14862436,0.014788282,null,null,null,null,"TWOGAUSSIANS",8,3.3001823,0.69083303,0.01119157,0.4,0.0,0.14341123,0.010158056,0.23082125,0.008027104,0.4,0.0,0.13607906,0.011370107
375316653866487564,5300593932291741056,0.51817286,2094.6964503448394,1.9129715283985944,5.742081E-6,19.776487,0.005312617,0.23800437,0.010678214,0.07122852,0.009622049,0.16452798,0.011768101,0.72319907,0.001235298,0.054864988,0.0018287501,0.5258479,0.03514797,null,null,null,null,"TWOGAUSSIANS",8,0.8633442,0.72319907,0.001235298,0.30724394,0.010241001,0.52572,0.035177168,0.23800437,0.010678214,0.3988797,0.028463343,0.16440007,0.011749992
375316653866487564,5300594031074818176,0.5489746,2088.316755499573,3.5729633453641876,8.371484E-6,18.552065,0.010435672,0.2123646,0.0025278185,0.087203205,0.007687243,0.21253717,0.010738004,0.72709167,0.0067210617,0.08236713,0.009605416,0.25193855,0.013808788,null,null,null,null,"TWOGAUSSIANS",8,2.190428,0.72709167,0.0067210617,0.4,0.0,0.247336,0.013382242,0.2123646,0.0025278185,0.4,0.0,0.20793459,0.0105673
375316653866487564,5300594855702113792,0.49588555,2078.4890221627165,1.1458518304762646,1.7542397E-5,18.304634,0.010509859,0.2794715,0.005657038,0.06365515,0.011019162,0.14612696,0.012845902,0.79225373,0.010126855,0.10956594,0.019848198,0.06923755,0.009985976,null,null,null,null,"TWOGAUSSIANS",8,1.6015841,0.2794715,0.0056587174,0.35646886,0.061707307,0.14398427,0.012350081,0.79225373,0.010126855,0.4,0.0,0.06709014,0.006447463
375316653866487564,5300595268018959232,0.4437081,2059.9452518524195,3.1778701009725716,2.9324265E-5,17.927788,0.59219277,0.29922497,0.00839051,0.20442773,0.1353022,0.5158253,0.5812586,0.8026089,0.008115707,0.15169327,0.0683683,0.48055202,0.37514344,null,null,null,null,"TWOGAUSSIANS",8,11.265249,0.8040289,0.008557351,0.4,0.0,0.1692836,0.015671732,0.29864496,0.008786351,0.4,0.0,0.15690629,0.016451035
375316653866487564,5300597020365459072,0.52303445,2028.3711690849846,0.8623269877273455,9.85818E-6,18.767445,0.004354563,0.22610308,0.001978083,0.023866909,0.0043420615,0.2621594,0.058342632,0.725266,0.0012722813,0.020233855,0.0011586245,0.7144152,0.12591006,null,null,null,null,"TWOGAUSSIANS",8,3.525287,0.725266,0.0012722813,0.11330959,0.0064882976,0.7144152,0.12591006,0.22610308,0.001978083,0.13365468,0.024315543,0.2621594,0.058342632
375316653866487564,5300600353258472704,0.51924473,2060.0946711095075,0.38625138430942396,4.8306876E-5,12.153159,4.5531883E-4,0.74098146,0.00307608,0.018573033,0.00156022,0.032574516,0.0078079766,null,null,null,null,null,null,0.006515649,6.868038E-4,0.74098146,0.00307608,"ONEGAUSSIAN_WITH_ELLIPSOIDAL",6,12.9361315,0.74098146,0.00307608,0.10400898,0.008737232,0.045605816,0.007911312,null,null,null,null,null,null
375316653866487564,5300600357569118720,0.6013172,2052.3118989320733,3.6404795592915398,4.5851634E-6,16.844162,0.021432927,0.23571081,0.0013628786,0.06013321,0.0062404564,0.4336537,0.040637206,0.73537046,0.00410704,0.03956949,0.0060155625,0.45745626,0.051313072,0.11373873,0.026082138,0.23571081,0.0013628786,"TWOGAUSSIANS_WITH_ELLIPSOIDAL_ON_ECLIPSE1",9,25.97131,0.7353904,0.0039317682,0.22158913,0.033687152,0.6848552,0.02986687,0.23571081,0.0013628786,0.33674598,0.034946553,0.66105366,0.02618903
375316653866487564,5300601560159893760,0.5462937,2064.4811034775307,2.0933551344892374,9.241905E-6,17.412828,0.0074811606,0.23578073,0.0035015836,0.08905468,0.0066947476,0.19835499,0.008471674,0.74368364,0.0024228524,0.09035156,0.0054184454,0.25515246,0.009854183,null,null,null,null,"TWOGAUSSIANS",8,5.5387473,0.74368364,0.0024228524,0.4,0.0,0.24697286,0.010663336,0.23578073,0.0035015836,0.4,0.0,0.19017544,0.008084935
375316653866487564,5300603690444893568,0.55006856,2053.0933867499634,0.010794238436538149,2.1626838E-5,18.76477,0.008312319,0.2461379,0.013894345,0.08865908,0.009911273,0.34358445,0.040789828,0.6253154,0.028394768,0.10434308,0.015601934,0.40219927,0.056205302,null,null,null,null,"TWOGAUSSIANS",8,2.682755,0.6253154,0.028394768,0.4,0.0,0.39801106,0.057417724,0.2465779,0.012907632,0.4,0.0,0.33990943,0.041000027
375316653866487564,5300603999707251456,0.5752692,2048.459167323586,3.7992707233568033,8.981754E-6,18.796543,0.03420333,0.30383202,0.0030862412,0.05813543,0.0095274635,0.62937254,0.06285031,0.8079762,0.0027796407,0.048587475,0.0071872347,0.4475839,0.072934136,0.0846661,0.042260073,0.30383202,0.0030862412,"TWOGAUSSIANS_WITH_ELLIPSOIDAL_ON_ECLIPSE1",9,6.8670225,0.30383202,0.0030862412,0.32555842,0.053353794,0.7986432,0.06524799,0.8079762,0.0027796407,0.27208987,0.040248513,0.61673975,0.03451257
375316653866487564,5300604579508173184,0.5073225,2076.5855185761266,1.0522721228981446,1.16103465E-5,17.98776,0.006915716,0.27760947,0.04038776,0.11095425,0.07824564,0.02955741,0.008751305,0.8366168,0.0023559742,0.022029703,0.003589769,0.28666577,0.034223516,null,null,null,null,"TWOGAUSSIANS",8,5.2983384,0.8366168,0.0023557479,0.12336633,0.020102706,0.28666738,0.034221906,0.27760947,0.04038776,0.4,0.13520864,0.029547967,0.008758794
375316653866487564,5300605782098955648,0.48418906,2027.7047138663083,3.782481508210904,3.221961E-5,18.254932,0.02835793,0.4794268,0.009446295,0.0706263,0.0111920955,0.26118746,0.02888622,0.7063766,0.090378866,0.20080133,0.13082133,0.049274914,0.029300364,null,null,null,null,"TWOGAUSSIANS",8,9.928761,0.4822268,0.008987797,0.3955073,0.0343656,0.28288507,0.020169975,0.7063766,0.090378866,0.4,0.0,0.046218354,0.012039788
375316653866487564,5300606336163615488,0.57085913,2070.295178450056,0.5261993206316975,5.357278E-6,12.765266,0.0023398278,0.27896667,0.0022082962,0.035546858,0.0023307826,0.18164416,0.011624585,0.76626885,0.0041589653,0.04284794,0.0044520847,0.060600538,0.006729257,0.027636044,0.003761259,0.27896667,0.0022082962,"TWOGAUSSIANS_WITH_ELLIPSOIDAL_ON_ECLIPSE1",9,192.5823,0.27896667,0.0022082962,0.1990624,0.013052382,0.23691623,0.010181633,0.76774883,0.0036612917,0.23994845,0.024931673,0.11556235,0.004552634
375316653866487564,5300606748480490240,0.5046468,2103.131668629876,0.03584890506514183,8.765191E-6,17.350718,0.0014885826,0.10495284,5.5454683E-4,0.011067048,0.0010931402,0.029379705,0.006813916,0.8554105,1.8927976E-5,0.0019916787,7.009263E-5,0.17238805,7.7362254E-4,null,null,null,null,"TWOGAUSSIANS",8,3.6010706,0.8554105,1.8927976E-5,0.0111534,3.9251873E-4,0.17238805,7.7362254E-4,0.10495284,5.5454683E-4,0.061975468,0.006121585,0.029379705,0.006813916
375316653866487564,5300608878784322688,0.5800833,2050.586574628256,1.3122378540619852,5.309733E-6,16.91084,0.0040901955,0.30188987,9.889532E-4,0.048260417,0.002788632,0.1976639,0.010545645,0.80333024,0.0070213517,0.040829476,0.012564184,0.022969536,0.011402263,0.0201514,0.00769519,0.30188987,9.889532E-4,"TWOGAUSSIANS_WITH_ELLIPSOIDAL_ON_ECLIPSE1",9,5.794764,0.30188987,9.889532E-4,0.27025834,0.015616339,0.23796636,0.007530213,0.80333024,0.0067351493,0.22864507,0.07035943,0.06326869,0.0056784535
375316653866487564,5300609222387559808,0.44180134,2016.7396198170588,0.06610813886774201,2.3743723E-5,19.325914,0.008578867,0.14597234,0.008751208,0.01515378,0.008074919,0.23936431,0.06782164,0.79312587,0.0074995854,0.06547344,0.019185089,0.05722665,0.023522384,0.0634621,0.009931462,0.79312587,0.0074995854,"TWOGAUSSIANS_WITH_ELLIPSOIDAL_ON_ECLIPSE2",9,2.8225439,0.14671235,0.010471695,0.08486117,0.045219544,0.28563023,0.060529042,0.79312587,0.0074995854,0.36665124,0.09996336,0.18411158,0.019343903
375316653866487564,5300609669058071808,0.55178946,2045.6603703894177,2.321572771275073,1.4284231E-5,16.338123,0.00872148,0.23522681,0.004334853,0.09905808,0.014165835,0.06924269,0.007447598,0.72296643,0.00550247,0.10265435,0.010976987,0.106327474,0.008197715,null,null,null,null,"TWOGAUSSIANS",8,2.429595,0.72296643,0.00550247,0.4,0.0,0.099502526,0.003461091,0.23523681,0.004342194,0.4,0.0,0.062419012,0.0035944297
375316653866487564,5300610489383264384,0.60831594,2051.1867605082716,0.4429341699018962,2.0965721E-5,17.869604,0.007248299,0.25028953,0.00972729,0.027750084,0.008069786,0.060661197,0.07525891,0.73880696,0.0012039279,0.032832317,0.0016443788,1.1239004,0.07494427,0.018918691,0.010641148,0.25028953,0.00972729,"TWOGAUSSIANS_WITH_ELLIPSOIDAL_ON_ECLIPSE1",9,11.483515,0.73883694,0.0012013714,0.18386097,0.009208521,1.1615417,0.0751519,0.25028953,0.00972729,0.15540047,0.045190804,0.09849851,0.070889704
375316653866487564,5300610489383273856,0.4686099,2011.9244343904697,3.7805966411064587,4.8801176E-5,18.750885,0.0047366256,0.1702661,0.010701924,0.011680599,0.019605234,0.2765185,0.22238728,0.66964114,0.0051466427,0.01836285,0.02969073,0.3264466,0.27713716,null,null,null,null,"TWOGAUSSIANS",8,2.9861193,0.66964114,0.0051466427,0.10283197,0.1662681,0.3264466,0.27713716,0.1702661,0.010701924,0.06541135,0.10978931,0.2765185,0.22238728
375316653866487564,5300611215227678464,0.5516863,2080.9692044420576,3.1614550764834393,1.764364E-5,19.845953,0.008058339,0.2688951,0.004173776,0.069760054,0.004193624,0.47241515,0.017008523,0.7599231,0.0067126364,0.06356883,0.006146627,0.5332525,0.03397795,null,null,null,null,"TWOGAUSSIANS",8,1.0580572,0.7599231,0.0067126364,0.35598543,0.034421112,0.5325678,0.033976007,0.2688951,0.004173776,0.39065632,0.022761127,0.47173047,0.01696683
375316653866487564,5300611249587445888,0.48429066,2054.86507735086,1.3606182583287636,1.8737564E-5,17.83988,0.006372056,0.35158116,0.008919955,0.10257048,0.011920095,0.08771914,0.0076424563,0.8420835,0.006979273,0.090466134,0.01218827,0.060149048,0.006492512,null,null,null,null,"TWOGAUSSIANS",8,2.039669,0.35158116,0.008919955,0.4,0.0,0.0832193,0.0061055347,0.8420835,0.006979273,0.4,0.0,0.055650502,0.00456342
375316653866487564,5300612585327476864,0.57059145,2077.6473631524436,1.2085655112191138,1.9177322E-5,17.120258,0.0077503286,0.26722062,0.0065404493,0.042290926,0.008553342,0.16117825,0.02134347,0.7635037,0.001601075,0.020278448,0.0036334256,0.611215,0.017008852,0.015934516,0.011331224,0.26722062,0.0065404493,"TWOGAUSSIANS_WITH_ELLIPSOIDAL_ON_ECLIPSE1",9,21.470936,0.7635137,0.0015912,0.11355931,0.020347182,0.64306664,0.010197879,0.26722062,0.0065404493,0.23682918,0.047898713,0.19304723,0.019151945
375316653866487564,5300614337672160640,0.51043767,2044.4696558850846,2.5958354668224106,9.522216E-6,18.345333,0.28373474,0.2151753,0.0035838203,0.12880708,0.04676699,0.23284878,0.2586351,0.7174058,0.0053403624,0.1402599,0.06051398,0.22727075,0.27507913,null,null,null,null,"TWOGAUSSIANS",8,1.6170189,0.2150953,0.003585052,0.4,0.0,0.15321206,0.0067642108,0.7174458,0.0053343372,0.4,0.0,0.14709142,0.006995924
375316653866487564,5300614891738049536,0.65040016,2093.2654526029596,0.03416652947329303,1.5989532E-5,13.685618,4.763976E-4,0.037999637,0.07540579,0.005873295,0.01889794,0.051207926,33.25977,0.72369266,7.820294E-4,0.026728932,8.621458E-4,0.23145685,0.004691896,null,null,null,null,"TWOGAUSSIANS",8,4.7363195,0.72369266,7.820294E-4,0.14968202,0.0048280163,0.23145685,0.004691896,0.037999637,0.07540579,0.032890454,0.105828464,0.051207926,33.25977
375316653866487564,5300615407134136832,0.5405559,2025.6663324811827,0.1777088009498871,8.791399E-5,17.31024,0.0018831982,0.32838622,0.00610559,0.01103062,0.006733499,0.56942886,0.8041785,null,null,null,null,null,null,0.0034888254,0.0025367236,0.32838622,0.00610559,"ONEGAUSSIAN_WITH_ELLIPSOIDAL",6,8.09836,0.32838622,0.00610559,0.061771475,0.037707597,0.5764065,0.80460644,null,null,null,null,null,null
375316653866487564,5300616884602933504,0.61968446,2063.8692813018224,0.9383828687428146,9.914277E-6,17.325136,0.0019312758,0.22985792,4.4000836E-4,0.032363612,9.6143933E-4,0.26878488,0.0046764547,0.7349274,0.009584847,0.03170037,0.011659133,0.11702927,0.04166777,0.017486338,0.0027973598,0.22985792,4.4000836E-4,"TWOGAUSSIANS_WITH_ELLIPSOIDAL_ON_ECLIPSE1",9,2.0693655,0.22985792,4.4000836E-4,0.18123622,0.00538406,0.30375752,0.0032252125,0.7349274,0.009584847,0.17752206,0.065291144,0.15196645,0.04272095
375316653866487564,5300616914652628224,0.43998778,2050.0826534735843,1.815901103574168,4.29245E-5,18.332563,0.011525203,0.10214768,0.014514306,0.06415966,0.017369788,0.12224993,0.0152415885,0.5829775,0.013132278,0.08797755,0.015585949,0.09775044,0.01743258,null,null,null,null,"TWOGAUSSIANS",8,8.240037,0.10214768,0.014514306,0.3592941,0.07250345,0.121623926,0.015038417,0.5829775,0.013132278,0.4,0.0,0.097124405,0.01699872
375316653866487564,5300618392121398784,0.596916,2088.013042282621,2.681036199837887,4.618651E-6,17.420166,0.0064520473,0.1757984,0.0012272166,0.078162976,0.0018581063,0.4539511,0.011712702,0.6748565,0.0026828442,0.08188587,0.0033459738,0.4330173,0.017704811,null,null,null,null,"TWOGAUSSIANS",8,6.9668584,0.1757984,0.0012272166,0.4,0.0,0.4473426,0.01156829,0.6748565,0.0026828442,0.4,0.0,0.4264088,0.018165326
375316653866487564,5300618770078570368,0.5579213,2047.4809659718062,0.22986504513375805,2.0030075E-5,17.977222,0.0020545311,0.25660655,0.004620813,0.018317048,0.0025671208,0.29757568,0.030677155,0.49856347,0.05019197,0.043465324,0.029925967,0.01191891,0.0033882703,null,null,null,null,"TWOGAUSSIANS",8,1.1908014,0.25660655,0.004620813,0.102575466,0.014375876,0.29757568,0.030677179,0.49856347,0.05019197,0.2434058,0.16758542,0.01191891,0.0033882703
375316653866487564,5300619044956536832,0.56456655,2081.4657501102465,3.405054414022234,6.734593E-6,17.930798,0.014458895,0.27112973,0.0026587434,0.091734104,0.005764135,0.3372668,0.012939493,0.76240754,0.0036907508,0.087907135,0.0056855236,0.33179986,0.015262104,null,null,null,null,"TWOGAUSSIANS",8,5.7427454,0.27112973,0.0026587434,0.4,0.0,0.3251326,0.00906406,0.76240754,0.0036907508,0.4,0.0,0.31966588,0.011853215
375316653866487564,5300619251114889472,0.5699044,2082.249915282502,3.6128461420118407,7.1165355E-6,17.424812,0.019586932,0.26255977,0.0023082255,0.07016195,0.003917839,0.6035154,0.04332135,0.76614463,0.003144468,0.051342156,0.004449784,0.40782347,0.043540407,0.03691902,0.023355374,0.26255977,0.0023082255,"TWOGAUSSIANS_WITH_ELLIPSOIDAL_ON_ECLIPSE1",9,25.609419,0.26255977,0.0023082255,0.39290696,0.021930795,0.6764703,0.020548688,0.76614463,0.003144468,0.2875161,0.024918789,0.48074093,0.013935099
375316653866487564,5300619251114898560,0.50151324,2034.7997391763695,2.8258813007007655,1.0950816E-5,19.651892,0.018318433,0.2827342,0.004927556,0.08302326,0.0068114153,0.44288245,0.034740463,0.78690654,0.007186078,0.08460942,0.012184651,0.4093691,0.027584165,null,null,null,null,"TWOGAUSSIANS",8,2.2607136,0.2827342,0.004927556,0.4,0.0,0.43363994,0.035105664,0.78690654,0.007186078,0.4,0.0,0.4001266,0.028680373
375316653866487564,5300621248289533056,0.48421,2038.8857158089354,2.7669227143756503,1.3146066E-5,18.201323,0.00415882,0.7160011,0.0043437895,0.037788056,0.17431341,0.009790044,0.014583328,null,null,null,null,null,null,0.052173126,0.005084756,0.7160011,0.0043437895,"ONEGAUSSIAN_WITH_ELLIPSOIDAL",6,2.8385873,0.7160011,0.0043437895,0.21161312,0.3301935,0.11413629,0.01421981,null,null,null,null,null,null
375316653866487564,5300621248289535872,0.62938887,2082.75983960617,1.01675908983802,2.3763532E-6,15.696688,0.0077632205,0.27504632,5.8026385E-4,0.03992712,0.0017271362,0.39410216,0.02016296,0.7770829,0.0017128101,0.041517824,0.0020521472,0.52485317,0.021114884,0.033262298,0.009538766,0.27504632,5.8026385E-4,"TWOGAUSSIANS_WITH_ELLIPSOIDAL_ON_ECLIPSE1",9,34.88675,0.7770829,0.0017128101,0.23249981,0.011492025,0.5913668,0.015952699,0.27504632,5.8026385E-4,0.22359188,0.009671963,0.46062672,0.01604255
375316653866487564,5300621763666062976,0.5023116,2049.760159978276,3.435646915606997,1.5737949E-5,18.042557,0.09873873,0.27028242,0.0052471445,0.11282615,0.02768743,0.26574892,0.096564755,0.79066044,0.006914212,0.097597316,0.03622758,0.22078048,0.08889725,null,null,null,null,"TWOGAUSSIANS",8,10.827375,0.27028242,0.005316955,0.4,0.0,0.2428948,0.025187107,0.79070044,0.007014035,0.4,0.0,0.19796301,0.02478676
375316653866487564,5300622377851497344,0.55320525,2067.2481508165165,1.9207204463993544,4.7938447E-6,17.966688,0.009875736,0.25897926,0.0012567294,0.09977698,0.0037712553,0.38847575,0.012072592,0.76096165,0.0028056593,0.089008704,0.004211371,0.37767524,0.009436961,null,null,null,null,"TWOGAUSSIANS",8,2.0204606,0.25897926,0.0012567294,0.4,0.0,0.36616334,0.01211477,0.76096165,0.0028056593,0.4,0.0,0.35536548,0.0068404395
375316653866487564,5300622828837694080,0.534798,2090.9540505441446,2.320379157828384,9.1296715E-6,16.667381,0.56070685,0.19590311,0.004248616,0.13105462,0.039940134,0.24242854,0.31719983,0.7017836,0.005532011,0.17969374,0.15778679,0.24490318,0.5548428,null,null,null,null,"TWOGAUSSIANS",8,5.1974516,0.1948531,0.003264466,0.4,0.0,0.12542067,0.0064097987,0.7019936,0.0052076224,0.4,0.0,0.11798714,0.0064000105
375316653866487564,5300623928349321088,0.4570214,2114.16822238742,0.9141044124101196,1.4870723E-5,14.658737,0.0017431171,0.26651117,0.016004154,0.07514851,0.022752527,0.019834774,0.003117263,0.744586,0.0031489218,0.033436354,0.0048505296,0.08004068,0.020708174,null,null,null,null,"TWOGAUSSIANS",8,16.396944,0.744586,0.0031489218,0.1872436,0.027162965,0.08004015,0.020709027,0.26651117,0.016004154,0.4,0.0221508,0.01983424,0.0031186717
375316653866487564,5300624375025935744,0.4843503,2088.3118040989543,0.6954899874585263,1.4047714E-5,15.659303,0.07173154,0.15822735,0.006781547,0.14723568,0.07062575,0.052765526,0.06781179,0.65298676,0.008268461,0.14531668,0.061844893,0.055725075,0.06720142,null,null,null,null,"TWOGAUSSIANS",8,3.8140407,0.65298676,0.008268461,0.4,0.0,0.03165892,0.0020021715,0.15857735,0.0064723203,0.4,0.0,0.02866835,0.0022168516
375316653866487564,5300625745107517696,0.5972077,2062.840178864808,0.573453927588734,9.304298E-6,17.321873,0.002448519,0.09481698,0.007355269,0.024091115,0.0064489706,0.046961226,0.022289596,0.5945595,0.0010210932,0.02794196,0.0011391505,0.6446958,0.028782971,null,null,null,null,"TWOGAUSSIANS",8,6.173215,0.5945595,0.0010210932,0.15647498,0.0063792425,0.6446958,0.028782971,0.09481698,0.007355269,0.13491024,0.036114234,0.046961226,0.022289596
375316653866487564,5300625921214011776,0.4794009,2044.8614373331338,2.3575119621715257,1.7194256E-5,16.872568,0.023620967,0.26219758,0.011827068,0.11084808,0.024388822,0.10838473,0.02370294,0.7474146,0.00623763,0.09551532,0.017730558,0.13546056,0.021707617,null,null,null,null,"TWOGAUSSIANS",8,16.29579,0.7474146,0.00623763,0.4,0.0,0.12483003,0.011013149,0.26219758,0.011829359,0.4,0.0,0.09774487,0.009994507
375316653866487564,5300627295603507584,0.47929922,2073.684416043583,0.5353137731323919,2.404325E-5,17.427114,0.0059390897,0.5566011,0.020455018,0.052701455,0.01826363,0.3698789,0.09347499,0.8477463,0.0034679768,0.0029274928,0.0023312028,0.015801216,0.009773927,null,null,null,null,"TWOGAUSSIANS",8,30.468456,0.5566011,0.020455018,0.29512814,0.10227633,0.3698789,0.09347499,0.8477463,0.0034679768,0.01639396,0.013054736,0.015801303,0.009774036
375316653866487564,5300627497454184320,0.51712406,2102.527236430239,3.0542463545791736,1.0671674E-5,19.505363,0.012577508,0.2641684,0.004246776,0.08731079,0.0059198765,0.37425122,0.02008147,0.7680358,0.0027085037,0.09119919,0.004165798,0.36602834,0.014403117,null,null,null,null,"TWOGAUSSIANS",8,1.6334279,0.2641684,0.004246776,0.4,0.0,0.3604768,0.020298235,0.7680358,0.0027085037,0.4,0.0,0.35225376,0.01196627
375316653866487564,5300628326395512960,0.56896716,2046.3189737850623,3.2024221839866702,7.093396E-6,18.91809,0.0072487383,0.21381158,0.0026460472,0.06695487,0.0027443091,0.5301484,0.028811885,0.7108179,0.002521509,0.06072096,0.0027270708,0.52060354,0.020175086,null,null,null,null,"TWOGAUSSIANS",8,3.2874048,0.21381158,0.0026460472,0.37494728,0.015368131,0.52970076,0.028869981,0.7108179,0.002521509,0.34003738,0.015271598,0.5201559,0.020200526
375316653866487564,5300628601273581568,0.674582,2091.100256942572,0.6590394510718304,1.518097E-6,15.248486,0.0059149996,0.245135,0.00173849,0.052378356,0.0041621276,0.09162112,0.013326229,0.7471326,3.2262306E-4,0.047285426,9.1405906E-4,0.68000746,0.014088786,0.022303032,0.006678473,0.245135,0.00173849,"TWOGAUSSIANS_WITH_ELLIPSOIDAL_ON_ECLIPSE1",9,10.124526,0.7471326,3.2262306E-4,0.26479837,0.005118731,0.7246048,0.014670455,0.245135,0.00173849,0.29331878,0.023307916,0.13622548,0.0035659315
375316653866487564,5300629181081608320,0.5990459,2067.55627123509,4.132318201149919,9.597219E-6,17.520775,0.0011812604,0.5484829,0.0010297139,0.016081534,7.63223E-4,0.4214553,0.08840063,0.8624681,0.005202067,0.016645102,0.0023364634,0.31849918,0.22512089,null,null,null,null,"TWOGAUSSIANS",8,1.6290262,0.5484829,0.0010297139,0.0900566,0.004274049,0.4214553,0.08840063,0.8624681,0.005202067,0.09321257,0.013084195,0.31849918,0.22512089
375316653866487564,5300629318520570240,0.47894284,2049.9082041822844,3.9869280507273954,2.1232028E-5,18.372072,0.0037206397,0.3027683,0.009739347,0.06587185,0.006681774,0.11528747,0.012090745,0.8022434,0.004292108,0.06851108,0.008955269,0.11726834,0.01522206,null,null,null,null,"TWOGAUSSIANS",8,2.1011446,0.8022434,0.004292108,0.38366207,0.029866753,0.117042355,0.015449752,0.3027683,0.009739347,0.36888233,0.037417933,0.115061484,0.012079713
375316653866487564,5300629528986385280,0.5551177,2067.842295216196,0.17937556957968143,1.3893524E-5,14.523619,6.348735E-4,0.26669523,0.0076514813,0.026426954,0.025845572,0.043800358,0.036028694,0.7550012,0.0057901116,0.015572011,0.002616267,0.08862779,0.043133367,0.005354005,9.973352E-4,0.26669523,0.0076514813,"TWOGAUSSIANS_WITH_ELLIPSOIDAL_ON_ECLIPSE1",9,3.531616,0.75503117,0.00572412,0.087203264,0.0146510955,0.09927822,0.043648265,0.26669523,0.0076514813,0.14799094,0.1447352,0.054508355,0.036812153
375316653866487564,5300631109534372864,0.55812395,2067.165658791027,2.174328941178879,7.860283E-6,18.318743,0.005234142,0.23847814,0.0029155824,0.07083038,0.0044880025,0.2363352,0.009599724,0.7355341,0.004054165,0.09437377,0.006344021,0.13532266,0.005946847,null,null,null,null,"TWOGAUSSIANS",8,1.7508228,0.23847814,0.0029155824,0.39665014,0.019414743,0.23306395,0.009905364,0.7355341,0.004054165,0.4,0.0,0.13205118,0.0054759583
375316653866487564,5300631277025061888,0.63368607,2054.293383110239,2.696020463167443,5.120941E-6,17.867373,0.0050364104,0.21904823,0.001108131,0.0894415,0.0020064216,0.32066974,0.005189323,0.72033596,0.001459713,0.08728245,0.0021821582,0.3512563,0.006296581,null,null,null,null,"TWOGAUSSIANS",8,1.531801,0.72033596,0.001459713,0.4,0.0,0.33925244,0.0056487606,0.21904823,0.001108131,0.4,0.0,0.30866584,0.0039051052
375316653866487564,5300633033681795200,0.44671115,2098.152228515519,0.6404658050625508,2.8677508E-5,17.595114,0.016207322,0.2016614,0.055162586,0.0416162,0.10367297,0.03322099,0.010499522,0.73533857,0.00801642,0.07755979,0.024562,0.06734029,0.012982371,null,null,null,null,"TWOGAUSSIANS",8,3.0898497,0.73533857,0.00801642,0.4,0.0,0.06733585,0.0064714095,0.2016614,0.055162586,0.23305072,0.23738374,0.03321655,0.005372996
375316653866487564,5300633304250000768,0.53442556,2071.075568289556,2.467110473023862,9.987693E-7,16.361801,0.0012210385,0.19451492,0.025492162,0.03931353,0.010094566,0.023325505,0.010207863,0.39428106,4.4784498E-5,3.7239093E-4,5.0072867E-5,1.6803179,2.1205492,0.0010223942,0.001458513,0.39428106,4.4784498E-5,"TWOGAUSSIANS_WITH_ELLIPSOIDAL_ON_ECLIPSE2",9,9.131884,0.39428106,4.4784498E-5,0.002085389,2.8040804E-4,1.6823628,2.1205833,0.19502492,0.025815738,0.22015576,0.056529574,0.023524445,0.010145697
375316653866487564,5300634511150545664,0.4751405,2105.268689782857,2.515530738021034,2.1361297E-5,17.106573,0.037581496,0.30158746,0.0077670445,0.103646494,0.018198341,0.24921611,0.03380487,0.80282366,0.00893324,0.09841894,0.024478376,0.19730718,0.03318726,null,null,null,null,"TWOGAUSSIANS",8,49.332043,0.30158746,0.0077672885,0.4,0.0,0.22872525,0.016011702,0.80282366,0.00893838,0.4,0.0,0.17681976,0.019699847
375316653866487564,5300634854751731456,0.55259824,2051.7042301131464,1.2992387891849442,2.0738136E-5,18.786964,0.0049726698,0.27722868,0.0027606483,0.03767742,0.0016121143,0.8637775,0.027677054,0.767442,0.0050779795,0.043707572,0.0048054866,0.1571663,0.016153531,null,null,null,null,"TWOGAUSSIANS",8,5.2363024,0.27722868,0.0027606483,0.21099354,0.009027841,0.8637775,0.027677054,0.767442,0.0050779795,0.2447624,0.026910724,0.1571663,0.016153539
375316653866487564,5300636435295698688,0.5701111,2111.8762211743397,1.0091052978862642,1.5113844E-5,14.043172,0.0016167513,0.23137288,0.00578346,0.033468116,0.017079849,0.015561503,0.05068767,0.72972804,0.0018996533,0.049690537,0.0017358325,0.10861355,0.0044002766,0.018325403,0.0022925402,0.23137288,0.00578346,"TWOGAUSSIANS_WITH_ELLIPSOIDAL_ON_ECLIPSE1",9,21.34663,0.72982806,0.0016622646,0.278267,0.009720662,0.14526026,0.0029310663,0.23137288,0.00578346,0.18742144,0.095647156,0.05221188,0.052346412
375316653866487564,5300636705864027008,0.49093187,2051.9355068258924,2.1959296546299165,2.8409162E-5,18.20184,0.008701052,0.2606651,0.0029861652,0.046932943,0.0074608326,0.26972663,0.04168996,0.7536648,0.0066806613,0.013216935,0.03043839,0.18541352,2.0100746E28,0.07018428,0.016122213,0.2606651,0.0029861652,"TWOGAUSSIANS_WITH_ELLIPSOIDAL_ON_ECLIPSE1",9,11.653379,0.2606651,0.0029861652,0.26282448,0.04178066,0.4100949,0.042119306,0.7537348,0.006781015,0.074014835,0.17045498,0.32551318,2.0100746E28
375316653866487564,5300637259929422976,0.59145814,2106.337434204887,1.0586405885680719,5.98476E-6,17.166801,0.0028835312,0.2045793,0.0031995443,0.04398305,0.005294503,0.058060873,0.009087399,0.7032116,0.0017387338,0.04180156,0.0019834735,0.3201833,0.011618955,0.026065405,0.004948979,0.2045793,0.0031995443,"TWOGAUSSIANS_WITH_ELLIPSOIDAL_ON_ECLIPSE1",9,3.9217055,0.70324165,0.0017022444,0.23408875,0.011107452,0.3723103,0.011152567,0.2045793,0.0031995443,0.24630508,0.029649217,0.110191636,0.0053003132
375316653866487564,5300637461780940800,0.5451277,2091.668687060972,2.700180612512905,1.5653974E-5,18.264051,0.004326391,0.28528407,0.017814687,0.056641005,0.018093469,0.037744533,0.029489765,0.46656844,0.0012050836,0.013888568,0.0011822953,1.4009066,0.40297335,null,null,null,null,"TWOGAUSSIANS",8,4.516264,0.46656844,0.0012050836,0.07777598,0.006620853,1.4011317,0.40291297,0.28528407,0.017814687,0.31718963,0.101323426,0.037744533,0.029489765
375316653866487564,5300637805375851904,0.59683114,2047.8039045755133,2.843561814908562,6.0398165E-6,18.354689,0.0044876914,0.26060617,0.0018133628,0.08350358,0.0021783707,0.380249,0.006141544,0.7647252,0.0022500567,0.07965109,0.0024840008,0.33198053,0.008195966,null,null,null,null,"TWOGAUSSIANS",8,1.745853,0.26060617,0.0018133628,0.4,0.0,0.37423608,0.005799523,0.7647252,0.0022500567,0.4,0.0,0.3259676,0.0080335215
375316653866487564,5300638222002125312,0.59063494,2095.1775101512167,3.698361087188198,3.6132428E-6,17.407475,0.012638604,0.2520058,0.0018344315,0.05335267,0.004415288,0.3031247,0.030115066,0.7457094,0.0013183783,0.050628897,0.0037691693,0.42736655,0.0366964,0.106949635,0.01895997,0.2520058,0.0018344315,"TWOGAUSSIANS_WITH_ELLIPSOIDAL_ON_ECLIPSE1",9,14.976371,0.74628943,0.0011090203,0.28352183,0.02110735,0.6409556,0.03932065,0.2520058,0.0018344315,0.29877496,0.024725614,0.5170176,0.011931637
375316653866487564,5300638531239797120,0.6115411,2094.871935057127,0.3885594170499754,8.001737E-6,13.633444,0.0025977811,0.5008567,0.047718458,0.19290692,0.08583644,0.007392536,0.0024785828,0.6379462,2.1527655E-4,0.011528622,3.3402312E-4,0.29893246,0.0059781,null,null,null,null,"TWOGAUSSIANS",8,27.911991,0.6379462,2.1527655E-4,0.06456029,0.0018705295,0.3041616,0.005918463,0.5008567,0.047718458,0.4,0.0,0.006878497,0.0014637166
375316653866487564,5300638634318818432,0.4935084,2077.0761251203894,2.569661354979091,1.2998639E-5,18.938532,0.053354934,0.1792429,0.004054451,0.11000115,0.018887883,0.23983993,0.051115576,0.6927751,0.007026558,0.110651396,0.025803862,0.22332351,0.04769334,null,null,null,null,"TWOGAUSSIANS",8,2.0437214,0.1792229,0.004030268,0.4,0.0,0.20901535,0.011350232,0.69279504,0.0070481244,0.4,0.0,0.19249809,0.013379342
375316653866487564,5300638801808729728,0.48350817,2080.3451542112066,3.4523344488965275,1.8815814E-5,19.425016,0.01836401,0.32822478,0.010682266,0.08150915,0.017885786,0.2633657,0.029100781,0.8201472,0.0046180296,0.09394364,0.008601934,0.27397335,0.02203554,null,null,null,null,"TWOGAUSSIANS",8,2.5436466,0.8201472,0.0046180296,0.4,0.0,0.2658694,0.018513767,0.32822478,0.010682266,0.4,0.0,0.2552622,0.03606877
375316653866487564,5300639493312280064,0.63100576,2062.6533725244153,1.371687807606498,4.0204454E-6,15.397312,0.0064894017,0.26271647,0.0028679108,0.041514777,0.007960745,0.075646065,0.012821843,0.7612981,0.0049013505,0.06580802,0.0050766217,0.16956556,0.01545519,0.07219106,0.007208437,0.26271647,0.0028679108,"TWOGAUSSIANS_WITH_ELLIPSOIDAL_ON_ECLIPSE1",9,16.304197,0.76161814,0.003509305,0.3685249,0.02842908,0.31382546,0.0072105695,0.26271647,0.0028679108,0.23248275,0.044580173,0.21991487,0.004218432
375316653866487564,5300639763881490688,0.46498364,2044.0156861487728,0.9960226708848462,1.3762565E-5,18.857334,0.006186807,0.15056789,0.0037704287,0.015208809,0.0033431712,0.34125388,0.055683162,0.6504872,0.004264755,0.020750144,0.0042038234,0.22670683,0.03787067,null,null,null,null,"TWOGAUSSIANS",8,8.928131,0.15056789,0.0037704287,0.08516933,0.01872176,0.34125388,0.055683162,0.6504872,0.004264755,0.116200805,0.02354141,0.22670683,0.03787067
375316653866487564,5300640764622967680,0.5259991,2088.843651062559,3.245222018828701,1.1369672E-5,17.394949,0.01692147,0.2322653,0.00496377,0.099075176,0.012166467,0.1857089,0.015098665,0.71108174,0.0023636592,0.11042713,0.0090903,0.19052897,0.015691401,null,null,null,null,"TWOGAUSSIANS",8,7.773603,0.71108174,0.0023636592,0.4,0.0,0.17350313,0.006407599,0.23229529,0.0049640783,0.4,0.0,0.16869983,0.012097205
375316653866487564,5300641039500732928,0.5454506,2081.0640505603265,2.602134186604496,1.0135081E-5,17.286768,0.0089342585,0.21336764,0.0041248505,0.10971042,0.0073384997,0.18686597,0.008981226,0.7090513,0.0020394675,0.08807725,0.006115899,0.19613938,0.0076544923,null,null,null,null,"TWOGAUSSIANS",8,3.9599736,0.7090513,0.0020394675,0.4,0.0,0.18146613,0.00749055,0.21336764,0.0041248505,0.4,0.0,0.17218105,0.005435359
375316653866487564,5300641241349990272,0.6009946,2070.542297427049,2.823264680746608,6.4333944E-6,18.193974,0.022426857,0.21971324,0.003153248,0.06010841,0.014432218,0.14743584,0.05172085,0.72433335,0.003798215,0.054666072,0.012586787,0.13089584,0.049212474,0.11387752,0.029243186,0.21971324,0.003153248,"TWOGAUSSIANS_WITH_ELLIPSOIDAL_ON_ECLIPSE1",9,2.9584231,0.21971324,0.003153248,0.33660707,0.08082043,0.37516156,0.012889764,0.72433335,0.003798215,0.30613002,0.07048601,0.3584297,0.011524226
375316653866487564,5300641761055233792,0.6782249,2111.6072108680614,0.5186850458488466,3.9791275E-6,15.054834,4.4643757E-4,0.19461048,0.0016787549,0.020868432,0.0013263362,0.67440206,0.0235741,0.32512817,0.032633092,0.01472593,0.042423453,0.0017019983,4.198289,0.0014502889,7.501109E-4,0.32512817,0.032633092,"TWOGAUSSIANS_WITH_ELLIPSOIDAL_ON_ECLIPSE2",9,11.106676,0.19462048,0.0016787549,0.11686322,0.007427483,0.675752,0.02374982,0.32512817,0.032633092,0.08246521,0.23757134,0.0046025557,4.197819
375316653866487564,5300641967213663744,0.5167862,2063.0623344829446,3.465100939419904,1.0478468E-5,18.658804,0.026957475,0.27104762,0.0026260042,0.0960418,0.0076742372,0.33825585,0.02539813,0.7726289,0.004257187,0.09830235,0.012487662,0.2518368,0.024015477,null,null,null,null,"TWOGAUSSIANS",8,4.666324,0.27104762,0.0026260042,0.4,0.0,0.31745657,0.012936549,0.7726289,0.004257187,0.4,0.0,0.2310372,0.013126725
375316653866487564,5300642684459385472,0.56475806,2050.7193641338054,3.6097028970553255,9.453641E-6,19.55722,0.010270032,0.28475615,0.0029589643,0.03558056,0.005984961,0.35437495,0.042740826,0.78934973,0.004189215,0.038637847,0.0037423894,0.3757455,0.031025048,0.1581239,0.017100299,0.28475615,0.0029589643,"TWOGAUSSIANS_WITH_ELLIPSOIDAL_ON_ECLIPSE1",9,2.7791667,0.78934973,0.004189215,0.21637195,0.02095738,0.6917293,0.02253664,0.28475615,0.0029589643,0.19925113,0.03351578,0.6706221,0.03774795
375316653866487564,5300642860552716032,0.47420335,2035.6251441555726,3.594039806962883,2.1482094E-5,19.66378,0.05104269,0.24684456,0.0071275774,0.09450381,0.018210659,0.3450069,0.044763345,0.7387764,0.018128917,0.10935237,0.02676398,0.3838,0.05928717,null,null,null,null,"TWOGAUSSIANS",8,2.7291992,0.7387764,0.018128917,0.4,0.0,0.35116312,0.05092264,0.24685456,0.007121059,0.4,0.0,0.31239277,0.011538629
375316653866487564,5300643474733533184,0.62220836,2037.9305471753175,3.0661757094851096,3.773988E-6,18.453035,0.0130144125,0.26959765,9.750088E-4,0.051261142,0.0026144078,0.47047353,0.029099751,0.77265376,0.0015152743,0.049990132,0.0029174024,0.4033022,0.02801482,0.09387353,0.016081616,0.26959765,9.750088E-4,"TWOGAUSSIANS_WITH_ELLIPSOIDAL_ON_ECLIPSE1",9,3.3733184,0.26959765,9.750088E-4,0.2870624,0.014640684,0.6582162,0.018626794,0.77265376,0.0015152743,0.27994475,0.016337452,0.59097564,0.009222225
375316653866487564,5300644131877040896,0.53272283,2081.6774504527975,2.9926041964721968,8.538831E-6,18.706799,0.008633145,0.13335085,0.0034851474,0.0736467,0.0053495495,0.402635,0.016398264,0.62900877,0.002941135,0.08199361,0.0042055026,0.39214024,0.016757047,null,null,null,null,"TWOGAUSSIANS",8,4.4957848,0.13335085,0.0034851474,0.4,0.0027438744,0.39847556,0.016789224,0.62900877,0.002941135,0.4,0.0,0.3879808,0.016995393
375316653866487564,5300644956510895360,0.52473146,2095.5251309973046,3.104352804683706,8.013959E-6,14.6604595,0.016712418,0.28186107,0.0033809291,0.108207814,0.011082545,0.15777338,0.0151846595,0.7919591,0.0046858722,0.10230938,0.013237939,0.14896233,0.013937292,null,null,null,null,"TWOGAUSSIANS",8,73.33947,0.28186107,0.0033871667,0.4,0.0,0.14148806,0.0071389657,0.7919691,0.004695802,0.4,0.0,0.13268282,0.0061534923
375316653866487564,5300645025230199808,0.5624102,2078.7195310795996,1.921323795066298,6.412369E-6,16.903341,0.008398642,0.23888396,0.008959856,0.059515767,0.0113392,0.03952152,0.024063753,0.73056304,0.0022021246,0.046822168,0.00332475,0.32923508,0.038622946,0.032173518,0.010526908,0.23888396,0.008959856,"TWOGAUSSIANS_WITH_ELLIPSOIDAL_ON_ECLIPSE1",9,13.779772,0.73083305,0.001984669,0.26220414,0.0186186,0.39340615,0.039545145,0.23888396,0.008959856,0.3332883,0.06349952,0.103862576,0.01173168
375316653866487564,5300646223512715264,0.5536152,2088.602043329156,3.618394248657459,8.4037465E-6,19.39709,0.0122990515,0.28456667,0.003320275,0.08238059,0.004911484,0.5449295,0.017810645,0.782989,0.0026920617,0.080290295,0.0039542764,0.5338489,0.022625418,null,null,null,null,"TWOGAUSSIANS",8,2.3498094,0.28456667,0.003320275,0.4,0.0,0.5356293,0.017847577,0.782989,0.0026920617,0.4,0.0,0.52454865,0.022868736
375316653866487564,5300647911448430720,0.5767519,2097.155401971165,3.237174240104513,6.6647804E-6,19.091562,0.0056971665,0.23343386,0.0019140841,0.0685939,0.0018448145,0.5474332,0.011652336,0.73943496,0.0034851935,0.064410195,0.005275786,0.50579697,0.028190678,null,null,null,null,"TWOGAUSSIANS",8,2.87151,0.23343386,0.0019140841,0.3841258,0.010330961,0.54667526,0.011617894,0.73943496,0.0034851935,0.36069706,0.029544402,0.50503904,0.028512709
375316653866487564,5300647975852199552,0.48663658,2065.620485126946,3.010920107284766,2.2872156E-5,19.317467,0.008824825,0.14771278,0.00617972,0.08648922,0.010563299,0.14626274,0.012393441,0.6593313,0.0047842427,0.07913308,0.0074302554,0.1851454,0.012582717,null,null,null,null,"TWOGAUSSIANS",8,1.4734663,0.6593313,0.0047842427,0.4,0.0,0.18237892,0.012332686,0.14771278,0.00617972,0.4,0.0,0.14349625,0.011950763
375316653866487564,5300648147654053632,0.547325,2058.0893708205285,2.9770268734604337,1.2037624E-5,18.785677,0.012962302,0.2872194,0.0055625406,0.08693132,0.0061245915,0.402502,0.022774221,0.7885558,0.0027257078,0.08278094,0.0042845514,0.388026,0.016766686,null,null,null,null,"TWOGAUSSIANS",8,4.1407943,0.2872194,0.0055625406,0.4,0.0,0.39243212,0.021671738,0.7885558,0.0027257078,0.4,0.0,0.37795615,0.015573202
375316653866487564,5300648186325972992,0.50210327,2059.2338140543384,0.7772319605868565,1.08353715E-5,17.541553,0.002106153,0.37922838,0.0049027936,0.029020775,0.005286171,0.10780707,0.017148653,0.8841351,0.003425932,0.025449272,0.003955622,0.110881545,0.012209639,null,null,null,null,"TWOGAUSSIANS",8,3.1821191,0.8841351,0.003425932,0.14251593,0.022151483,0.110881545,0.012209639,0.37922838,0.0049027936,0.16251634,0.029602557,0.10780707,0.017148653
375316653866487564,5300648426844172672,0.44231594,2105.0081237626027,0.09026772578612481,8.6781065E-6,17.302647,0.0025131418,0.16096878,0.019722564,0.05472936,0.013564457,0.07055821,0.06290384,0.8630203,0.0074671595,0.00772189,0.004333042,0.09731922,0.03976422,null,null,null,null,"TWOGAUSSIANS",8,4.997733,0.8630203,0.0074671595,0.043242585,0.024265036,0.09731925,0.039764237,0.16096878,0.019722564,0.30648443,0.075960964,0.07055821,0.06290384
375316653866487564,5300649212806405504,0.4397088,2042.9721423730039,1.3889080717609972,2.534411E-5,14.890404,0.034188878,0.20474902,0.025597483,0.054936714,0.022413129,0.16549416,0.11904919,0.7155644,0.0045324634,0.044817153,0.011471305,0.39997247,0.07161756,0.04809928,0.049126744,0.7155644,0.0045324634,"TWOGAUSSIANS_WITH_ELLIPSOIDAL_ON_ECLIPSE2",9,576.117,0.7155644,0.0045324634,0.25097606,0.06423931,0.4961688,0.07263476,0.20605902,0.022207774,0.3076456,0.12551352,0.2613007,0.11758872
375316653866487564,5300652614419712256,0.6005622,2055.2423338016583,2.162975273051686,6.06399E-6,17.586018,0.0040951497,0.17811802,0.0024396027,0.0727753,0.0020745678,0.28665328,0.007100938,0.67208064,0.0024116824,0.079319514,0.0026098907,0.5300598,0.02041389,null,null,null,null,"TWOGAUSSIANS",8,4.119072,0.67208064,0.0024116824,0.4,0.0,0.52695537,0.02079102,0.17811802,0.0024396027,0.4,0.0,0.28354883,0.006872499
375316653866487564,5300652717503150592,0.57897246,2051.556321491438,0.6864904120223665,4.3872687E-6,18.644045,0.002979716,0.3173342,7.366191E-4,0.028065098,9.941966E-4,0.45386416,0.016406156,0.817819,0.0030278736,0.025235116,0.0022517848,0.5169867,0.020935187,null,null,null,null,"TWOGAUSSIANS",8,2.180287,0.817819,0.0030278736,0.14131665,0.012609994,0.5169867,0.020935187,0.3173342,7.366191E-4,0.15716454,0.0055675013,0.45386416,0.016406156
375316653866487564,5300653305931131136,0.59881,2100.9144129247043,2.933769388159131,4.9421747E-6,17.283255,0.009499901,0.24612306,0.0016551916,0.04991357,0.0076811714,0.11884049,0.020288333,0.74732196,0.0034102118,0.054194555,0.00744173,0.17456244,0.021457272,0.09193724,0.013112897,0.24612306,0.0016551916,"TWOGAUSSIANS_WITH_ELLIPSOIDAL_ON_ECLIPSE1",9,6.2733903,0.74732196,0.003212862,0.3034895,0.041673686,0.35842127,0.015077873,0.24612306,0.0016551916,0.279516,0.04301456,0.30270976,0.009381497
375316653866487564,5300653409006065920,0.59673446,2094.58791254909,3.255119389045141,4.273001E-6,16.284386,0.013654711,0.2098668,0.0020321622,0.053343296,0.004850881,0.21635269,0.034484167,0.7010456,0.0024626078,0.05170809,0.0043409863,0.35128072,0.029927481,0.10907054,0.018508008,0.2098668,0.0020321622,"TWOGAUSSIANS_WITH_ELLIPSOIDAL_ON_ECLIPSE1",9,40.94457,0.7020656,0.0020760903,0.28956532,0.024309523,0.5688247,0.014699698,0.2098668,0.0020321622,0.29872248,0.027164934,0.4344887,0.014635799
375316653866487564,5300655951626553856,0.5695231,2045.2993185345288,0.9730759185022401,2.070992E-6,16.953318,0.0036552406,0.14483991,0.010697874,0.021276847,0.007688427,0.32893375,0.5928582,0.6459272,9.227833E-4,0.019264538,0.0017455772,0.5975799,0.019340513,null,null,null,null,"TWOGAUSSIANS",8,30.18295,0.6459272,9.227833E-4,0.10788141,0.009775232,0.5975799,0.019340513,0.14483991,0.010697874,0.11915034,0.043055188,0.32893375,0.5928582
375316653866487564,5300656604445910016,0.4317441,2030.4677014333372,1.396403999962917,4.2676325E-5,18.537916,0.0082850875,0.21507679,5.662674E-4,0.009354295,0.0034164463,0.70629334,1.7536246,0.69334364,0.009779844,0.040584635,0.035798706,0.18734327,0.08831844,0.028401976,0.01076962,0.69334364,0.009779844,"TWOGAUSSIANS_WITH_ELLIPSOIDAL_ON_ECLIPSE2",9,13.115911,0.21506679,5.811038E-4,0.052384056,0.019132098,0.7620452,1.7590615,0.69334364,0.009779844,0.22727396,0.17615479,0.2441472,0.0867427
375316653866487564,5300656943747029760,0.49714473,2025.5799917042602,2.0266513168004696,1.906351E-5,18.155275,0.008056481,0.2761711,0.0066941534,0.0605999,0.009293803,0.20933159,0.018936945,0.7597043,0.0080291275,0.07454173,0.011716323,0.16980474,0.011661892,null,null,null,null,"TWOGAUSSIANS",8,8.471725,0.2761711,0.0066941534,0.33935946,0.0520453,0.20908193,0.01903559,0.7597043,0.0080291275,0.4,0.015055544,0.16955507,0.011604223
375316653866487564,5300657630946056960,0.49139625,2079.8634844834723,3.2941661962468327,1.7209284E-5,19.69689,0.009336468,0.29479912,0.0051919594,0.06424228,0.007509904,0.31419927,0.03371444,0.793496,0.004600808,0.0707758,0.006527825,0.35581577,0.023745397,null,null,null,null,"TWOGAUSSIANS",8,1.8666542,0.793496,0.004600808,0.39634445,0.02515149,0.3551354,0.023944955,0.29479912,0.0051919594,0.35975677,0.04205546,0.3135189,0.033913992
375316653866487564,5300658283776752512,0.5655196,2057.2855936825463,3.0231325527940234,8.188653E-6,19.041342,0.013803534,0.25084022,0.0023310792,0.042014915,0.0061062886,0.2561245,0.038246755,0.7552643,0.0014948417,0.03854884,0.0028731462,0.3693378,0.03649036,0.1328879,0.020967325,0.25084022,0.0023310792,"TWOGAUSSIANS_WITH_ELLIPSOIDAL_ON_ECLIPSE1",9,4.846683,0.7552643,0.0014948417,0.2158735,0.016089618,0.634908,0.015226766,0.25084022,0.0023310792,0.23528354,0.03419522,0.5219,0.032195944
375316653866487564,5300658391172440064,0.52300745,2053.9675106639456,1.4980147420771956,9.519912E-6,19.115942,0.08397426,0.22025967,0.0033786695,0.088046305,0.008374847,0.5309795,0.08128078,0.7316192,0.0035696924,0.14833622,0.043700133,0.26658568,0.07491071,null,null,null,null,"TWOGAUSSIANS",8,4.0550013,0.22011967,0.0032355394,0.4,0.0,0.47127745,0.028517025,0.7316192,0.0035696924,0.4,0.0,0.20500919,0.040851068
375316653866487564,5300658455575484928,0.5727869,2039.9326316450565,0.6541388796164785,1.038692E-6,18.133648,0.0017345201,0.32259658,1.6369366E-4,0.011175523,1.395066E-4,0.88598824,0.025563885,null,null,null,null,null,null,null,null,null,null,"ONEGAUSSIAN",5,1.7506975,0.32259658,1.6369366E-4,0.06258293,7.8123703E-4,0.88598824,0.0,null,null,null,null,null,null
375316653866487564,5300658631671295104,0.5155107,2062.9988555201903,0.7075781117154667,5.8111495E-5,19.563969,0.0035999091,0.69066846,0.060691364,0.049101997,0.033100028,0.028723452,0.058465786,0.8695951,0.0026856365,0.0063184053,0.0017927898,0.6204231,0.106893964,null,null,null,null,"TWOGAUSSIANS",8,1.4740858,0.8695951,0.0026856365,0.035383068,0.010039623,0.6204607,0.10688844,0.69066846,0.060691364,0.2749712,0.18536016,0.028723452,0.058465786
375316653866487564,5300659662462882176,0.52523017,2046.911061743647,1.0649195310592183,1.5621275E-5,18.843317,0.0086575635,0.27519056,0.009047557,0.050871827,0.006293028,0.70980495,0.10139803,0.7679453,0.0049830554,0.062585995,0.0080723595,0.5725841,0.06854984,null,null,null,null,"TWOGAUSSIANS",8,9.047579,0.27519056,0.009047557,0.28488222,0.03524096,0.70974773,0.10140822,0.7679453,0.0049830554,0.35048157,0.045205213,0.5725269,0.068633296
375316653866487564,5300659937356495104,0.5750867,2077.4797877832725,0.6615192325030003,1.2279384E-5,17.720236,0.0024027498,0.07611794,0.008973903,0.014498959,0.013909722,0.06746631,1.3634712,0.5790965,0.0049398877,0.020665785,0.0022742818,2.3207717,1.1166623,0.026675535,0.0034898429,0.07611794,0.008973903,"TWOGAUSSIANS_WITH_ELLIPSOIDAL_ON_ECLIPSE1",9,3.831804,0.5790965,0.0049398877,0.11572839,0.012735978,2.374104,1.1156164,0.07611794,0.008973903,0.08119417,0.07789444,0.120817296,1.3632607
375316653866487564,5300660448440673024,0.47417662,2074.3824356774526,0.4291418712227732,2.3444525E-5,17.365973,0.0012125653,0.3080245,0.006555773,0.021658167,0.004921166,0.11845476,0.081767365,0.8261752,0.004070173,0.017886061,0.0062467633,0.055710025,0.020905294,0.009184642,0.00226399,0.3080245,0.006555773,"TWOGAUSSIANS_WITH_ELLIPSOIDAL_ON_ECLIPSE1",9,2.453467,0.3080245,0.006555773,0.12128574,0.02755853,0.13682404,0.08308427,0.8261752,0.004070173,0.10016194,0.034981877,0.07384143,0.02085562
375316653866487564,5300662617415850624,0.5252486,2097.2805858872,0.9291668288542759,1.4451036E-5,15.415156,0.0049976734,0.30788615,0.010149062,0.053814024,0.012919081,0.10435429,0.013865617,0.8143436,0.0072990824,0.03325513,0.009530309,0.045080725,0.01476997,0.041121844,0.0066793147,0.30788615,0.010149062,"TWOGAUSSIANS_WITH_ELLIPSOIDAL_ON_ECLIPSE1",9,58.371136,0.30788615,0.010149062,0.30135855,0.07234685,0.18659571,0.009450521,0.8143436,0.0072990824,0.18622872,0.05336973,0.12718683,0.009289347
375316653866487564,5300662887982149632,0.54994243,2083.34816593828,2.036705855465737,7.518995E-5,19.064096,0.003298379,0.2956024,0.01087126,0.04822875,0.0057581016,0.58957803,0.07495348,0.8328124,0.026679967,0.04264914,0.015896922,0.0262339,0.026725506,null,null,null,null,"TWOGAUSSIANS",8,1.1103709,0.2956024,0.01087126,0.27008098,0.032245368,0.58957803,0.07495347,0.8328124,0.026679967,0.23883517,0.08902276,0.026233893,0.02672554
375316653866487564,5300663369018391040,0.5196218,2027.279090324272,2.9012618050241996,1.69215E-5,18.236986,0.027822288,0.23892139,0.005519764,0.095814645,0.010927812,0.28531063,0.027505994,0.74835724,0.013912599,0.08625818,0.02336804,0.23874237,0.02591993,null,null,null,null,"TWOGAUSSIANS",8,5.9311657,0.23892139,0.005520489,0.4,0.0,0.27486178,0.017186644,0.74835724,0.013919976,0.4,0.0,0.22829427,0.014288146
375316653866487564,5300665022597384064,0.5970841,2083.9856959673443,3.5772373854198576,5.4340903E-6,17.582176,0.022212027,0.23271751,0.0027725294,0.045991153,0.007409138,0.40963817,0.0682002,0.7217071,0.0022629483,0.04543513,0.0032048617,0.6269905,0.05039414,0.14027669,0.027465606,0.23271751,0.0027725294,"TWOGAUSSIANS_WITH_ELLIPSOIDAL_ON_ECLIPSE1",9,14.34094,0.7224571,0.0020749245,0.25443673,0.017947225,0.9062931,0.023800349,0.23271751,0.0027725294,0.25755045,0.041491173,0.69019055,0.0671824
375316653866487564,5300665327519172352,0.47236863,2088.869236213747,1.0581404165552626,2.4672274E-5,17.820158,0.004071165,0.2614701,0.0069163456,0.024484986,0.008400529,0.26446038,0.10668575,0.77576923,0.0031513716,0.027237253,0.0035698218,0.09802602,0.007971616,null,null,null,null,"TWOGAUSSIANS",8,11.695144,0.2614701,0.0069163456,0.13711593,0.047042962,0.26446038,0.10668575,0.77576923,0.0031513716,0.15252863,0.019991003,0.09802602,0.007971616
375316653866487564,5300665366199231104,0.60709137,2044.046173188819,3.3548003342268387,3.4540967E-6,18.626913,0.015830338,0.25631568,0.0021181158,0.045678362,0.005129826,0.2973491,0.03434942,0.75799173,0.004707723,0.04841919,0.006539572,0.40830687,0.030114891,0.121602125,0.018117907,0.25631568,0.0021181158,"TWOGAUSSIANS_WITH_ELLIPSOIDAL_ON_ECLIPSE1",9,2.349405,0.75799173,0.00469578,0.27114746,0.036621604,0.6514831,0.028444096,0.25631568,0.0021181158,0.25579885,0.028727023,0.5405524,0.01680165
375316653866487564,5300665915950582272,0.5514959,2062.439559781257,0.4493660949493054,1.0381523E-6,18.209732,0.0020358302,0.16371356,1.0793842E-4,0.020685125,4.137137E-4,0.14001998,0.0016136651,0.69422853,0.0039574173,0.0052784192,0.0020994334,0.46434644,0.04825439,null,null,null,null,"TWOGAUSSIANS",8,2.464772,0.69422853,0.0039574173,0.029559147,0.011756827,0.46434644,0.04825439,0.16371356,1.0793842E-4,0.1158367,0.0023167967,0.14001998,0.0016136651
375316653866487564,5300665915955049216,0.5811741,2053.9272248998004,2.876652880694174,4.6117193E-6,18.565594,0.008126658,0.23368405,0.0030944787,0.07082548,0.0036747875,0.4730868,0.017937021,0.7257723,0.0028313475,0.06975974,0.0026021383,0.54390365,0.026834685,null,null,null,null,"TWOGAUSSIANS",8,4.3283563,0.7257723,0.0028313475,0.39065456,0.014571975,0.5424188,0.02693347,0.23368405,0.0030944787,0.3966227,0.012908012,0.47160193,0.017960452
375316653866487564,5300666598839043712,0.6465412,2088.179791166885,0.0172163988260969,2.6091278E-5,16.793125,0.002501596,0.27916816,0.008660667,0.061407655,0.0030970215,0.66541994,0.07564784,0.6860131,0.09832574,0.061774954,0.04096127,0.08052151,0.70810336,null,null,null,null,"TWOGAUSSIANS",8,3.4917595,0.27916816,0.008660667,0.34388286,0.01734332,0.6654158,0.07564818,0.6860131,0.09832574,0.34593976,0.22938311,0.08051735,0.7081067
375316653866487564,5300666942431906048,0.5136925,2077.7866239166638,2.362780585346735,1.4926656E-5,17.778175,0.01770384,0.21199888,0.0129825445,0.064043246,0.010693943,0.26740527,0.026146993,0.70736265,0.0053125713,0.075673155,0.007916444,0.5307267,0.036164038,null,null,null,null,"TWOGAUSSIANS",8,49.96384,0.70736265,0.0053125713,0.4,0.0,0.5295945,0.03629957,0.21199888,0.0129825445,0.3586422,0.05988608,0.26627305,0.025274266
375316653866487564,5300667565220146560,0.5186907,2087.7748445206776,1.5218758530174683,9.928594E-6,15.598693,0.0035328502,0.18420666,0.006785793,0.10957662,0.011285742,0.0331917,0.0035198992,0.7007456,0.0027007344,0.104330555,0.0077314433,0.054279108,0.0031251775,null,null,null,null,"TWOGAUSSIANS",8,2.9475589,0.7007556,0.002696364,0.4,0.0,0.04974619,0.0017332095,0.18419667,0.0067849723,0.4,0.0,0.028657755,0.0018561422
375316653866487564,5300667698346253568,0.5402334,2052.5583519225056,3.9858221390402937,8.002014E-6,19.348953,0.02091374,0.15219894,0.0071407827,0.08974775,0.0080414,0.47027174,0.037598234,0.6518204,0.0051093595,0.08765984,0.008187601,0.4208741,0.026005182,null,null,null,null,"TWOGAUSSIANS",8,2.3507464,0.15219894,0.0071407827,0.4,0.0,0.45359746,0.036330022,0.6518204,0.0051093595,0.4,0.0,0.40419993,0.02316991
375316653866487564,5300667771367720320,0.51963544,2070.0351045165667,3.206980527742901,8.056809E-6,19.368048,0.012198014,0.081042245,0.0035700395,0.052363813,0.0040957434,0.6472374,0.029056413,0.58791864,0.00586487,0.06524439,0.00431199,0.55838966,0.045339584,null,null,null,null,"TWOGAUSSIANS",8,5.1836476,0.081042245,0.0035700395,0.29323736,0.022936162,0.64712775,0.029077655,0.58791864,0.00586487,0.3653686,0.024147145,0.55828,0.04535127
375316653866487564,5300668664731822336,0.57227856,2085.7317071545754,2.607248151438075,5.5894598E-6,15.686069,0.030520488,0.27080727,0.0029498541,0.12071604,0.01627599,0.16770889,0.029750021,0.7670762,0.0024817772,0.11366207,0.014551864,0.16652116,0.029390462,null,null,null,null,"TWOGAUSSIANS",8,9.483159,0.27081728,0.0029468632,0.4,0.0,0.1345548,0.005054923,0.7670762,0.0024817772,0.4,0.0,0.13340957,0.0030855804
375316653866487564,5300669691215517056,0.5792014,2084.196090114946,3.3668233600264874,5.7344355E-6,17.580812,0.01912515,0.21846582,0.0016859781,0.05911942,0.005723372,0.36312237,0.041061994,0.7212365,0.005251083,0.055661112,0.0057762763,0.26774395,0.045809805,0.07777005,0.022662044,0.21846582,0.0016859781,"TWOGAUSSIANS_WITH_ELLIPSOIDAL_ON_ECLIPSE1",9,9.738204,0.21846582,0.0016859781,0.33106875,0.032050885,0.51860607,0.033288814,0.7212365,0.0051773596,0.31170222,0.032347146,0.42318046,0.014165174
375316653866487564,5300670073480907776,0.5490097,2096.987800657749,0.3243152658234707,1.3283385E-5,15.511694,8.386753E-4,0.8278813,0.0022163077,0.019582983,0.002380326,0.09858763,0.005158794,null,null,null,null,null,null,0.006621586,0.0015789638,0.8278813,0.0022163077,"ONEGAUSSIAN_WITH_ELLIPSOIDAL",6,6.338428,0.8278813,0.0022163077,0.1096647,0.013329825,0.11183078,0.005092239,null,null,null,null,null,null
375316653866487564,5300670451438058368,0.6456227,2078.2221515307324,1.6341493880844147,2.2846784E-6,16.247765,0.0041769743,0.22137874,0.0016923145,0.050128143,0.012260824,0.03130337,0.0093610445,0.71843666,0.0014018664,0.055938017,0.002304985,0.16363198,0.009725435,0.068015,0.0051528863,0.22137874,0.0016923145,"TWOGAUSSIANS_WITH_ELLIPSOIDAL_ON_ECLIPSE1",9,3.0246577,0.7189367,0.0010546237,0.3132529,0.012907916,0.29961628,0.0047089085,0.22137874,0.0016923145,0.28071758,0.06866062,0.16732623,0.004784049
375316653866487564,5300670863754845440,0.65208125,2091.702022511552,1.8135517652795186,2.66138E-6,16.60289,0.0023246058,0.25065213,6.1452127E-4,0.049898595,8.763604E-4,0.6029639,0.010569671,0.75366586,0.001737066,0.059062343,0.0026331162,0.10530969,0.0029772192,null,null,null,null,"TWOGAUSSIANS",8,6.8228836,0.25065213,6.1452127E-4,0.27943212,0.0049076183,0.60295314,0.01057081,0.75366586,0.001737066,0.33074912,0.014745451,0.10529894,0.0029767896
375316653866487564,5300671344793543936,0.48519936,2068.5564368955006,3.604258852481972,1.604943E-5,19.838968,0.015162036,0.31541243,0.007884611,0.06478212,0.015180456,0.47941276,0.11514027,0.80520755,0.007406218,0.081301086,0.011563527,0.34316266,0.039003007,null,null,null,null,"TWOGAUSSIANS",8,1.8683033,0.31541243,0.007884611,0.3627799,0.050546534,0.47764304,0.11869633,0.80520755,0.007406218,0.4,0.0,0.34139296,0.03977933
375316653866487564,5300671447859214208,0.5620005,2077.914503843631,3.197674689927453,3.7987425E-6,19.187277,0.016060075,0.26565576,0.00121938,0.064490706,0.0027229586,0.46131352,0.014468149,0.7536796,0.0046195583,0.07246847,0.0059410324,0.5066358,0.025721826,null,null,null,null,"TWOGAUSSIANS",8,3.1859484,0.7536796,0.0046195583,0.4,0.013014151,0.5057415,0.025632283,0.26565576,0.00121938,0.36114794,0.015248569,0.4604192,0.014021154
375316653866487564,5300671855874958720,0.5231099,2071.5923491318317,3.626122739423437,1.5568889E-5,17.818111,0.04458652,0.26399952,0.0069807163,0.098437205,0.020933839,0.234022,0.038676225,0.7810998,0.0059725964,0.116238564,0.024568038,0.18723714,0.041626688,null,null,null,null,"TWOGAUSSIANS",8,5.7245975,0.26396954,0.0068968283,0.4,0.0,0.21143152,0.015028444,0.7810998,0.0059724674,0.4,0.0,0.16460535,0.012141355
375316653866487564,5300673303296315008,0.5170656,2046.5318212681939,2.704058900127567,1.5893695E-5,19.12826,0.009164005,0.22546859,0.020669393,0.03165598,0.010589486,0.20307004,0.2533438,0.7364769,0.004547061,0.03474237,0.01133439,0.1873122,0.028473381,0.1215274,0.010705958,0.7364769,0.004547061,"TWOGAUSSIANS_WITH_ELLIPSOIDAL_ON_ECLIPSE2",9,4.85038,0.22641858,0.020178402,0.17727348,0.059301123,0.44506395,0.24976864,0.7364769,0.004547061,0.19455726,0.063472584,0.430367,0.025843738
375316653866487564,5300673990491116288,0.5201587,2055.060330036825,0.3092829824673834,2.2608467E-5,18.25108,0.005713628,0.14330868,0.0128369415,0.015479624,0.002962975,0.7915264,0.41525477,0.6530895,0.0011747224,0.014043395,0.009341447,0.459691,0.2664372,null,null,null,null,"TWOGAUSSIANS",8,8.931971,0.14330868,0.0128369415,0.086685896,0.01659266,0.7915264,0.41525477,0.6530895,0.0011747224,0.07864302,0.052312102,0.459691,0.2664372
375316653866487564,5300674776453047040,0.4497796,2103.459999801735,0.35635482553024167,7.3254916E-5,19.435389,0.009402831,0.41365743,0.030022215,0.022034286,0.0116323745,0.5923352,0.6046587,0.8696523,0.03574876,0.03230865,0.032645136,0.0905639,0.5444151,null,null,null,null,"TWOGAUSSIANS",8,8.7888975,0.41365743,0.030022215,0.12339199,0.0651413,0.5923352,0.6046587,0.8696523,0.03574876,0.18092844,0.18281277,0.0905639,0.5444151
375316653866487564,5300675021283069696,0.5117554,2117.774176575193,0.5398115675606903,2.5862242E-5,15.883252,5.929993E-4,0.19471295,0.01341597,0.014114132,0.011260532,0.053001054,7.7262938E10,0.6878115,0.01007331,0.016271574,0.005546163,0.06384952,0.023970928,0.0034184754,9.325313E-4,0.19471295,0.01341597,"TWOGAUSSIANS_WITH_ELLIPSOIDAL_ON_ECLIPSE1",9,1.6807644,0.68783146,0.010044314,0.09112082,0.031058513,0.07067364,0.023908231,0.19471295,0.01341597,0.07903914,0.06305898,0.05983799,7.7262938E10
375316653866487564,5300675089991096448,0.5442497,2060.9085013598665,2.675423864902514,6.801771E-6,18.886719,0.024265086,0.23342696,0.005126087,0.09835124,0.010886734,0.30084926,0.02161303,0.7352482,0.006342436,0.09020731,0.010296159,0.31481653,0.025626821,null,null,null,null,"TWOGAUSSIANS",8,1.8423501,0.7352482,0.006342436,0.4,0.0,0.2970256,0.013424748,0.23342696,0.005126087,0.4,0.0,0.28305697,0.012151385
375316653866487564,5300675880276937472,0.62582654,2089.678012142823,2.2787035018243746,2.9050086E-6,15.193418,0.006990492,0.21391559,0.0017029031,0.09082239,0.0036281114,0.29239988,0.006495326,0.7107837,0.0014314048,0.09964248,0.0029761924,0.24212244,0.0072019226,null,null,null,null,"TWOGAUSSIANS",8,15.313185,0.21391559,0.0017029031,0.4,0.0,0.27626926,0.0040401947,0.7107837,0.0014314048,0.4,0.0,0.22599031,0.0046150186
375316653866487564,5300676430021469568,0.55637383,2090.526018151154,2.7651766296742126,4.6790356E-6,19.6176,0.009790738,0.20023692,0.0035986777,0.0951705,0.004983712,0.4184642,0.015383158,0.6965435,0.0018926077,0.082296625,0.0031953112,0.4696103,0.013977602,null,null,null,null,"TWOGAUSSIANS",8,0.9345285,0.6965435,0.0018926077,0.4,0.0,0.45394328,0.013646662,0.20023692,0.0035986777,0.4,0.0,0.40279636,0.015601853
375316653866487564,5300677117227331200,0.62321615,2056.612224289238,1.3085960861459751,5.2211267E-6,17.137669,0.0044099907,0.23076954,0.0018383408,0.043539297,0.009826644,0.22676091,0.060580336,0.733907,0.0014051503,0.037851132,0.0018934123,0.16925275,0.011630309,0.06775053,0.0060430076,0.23076954,0.0018383408,"TWOGAUSSIANS_WITH_ELLIPSOIDAL_ON_ECLIPSE1",9,3.603993,0.23076954,0.0018383408,0.24382007,0.05502921,0.3622617,0.06781706,0.733907,0.0014051503,0.21196634,0.010603109,0.30470088,0.0061742347
375316653866487564,5300678109349656576,0.58665526,2058.774020638983,2.6674027158840232,6.3691555E-6,18.349127,0.0039603957,0.27167916,0.0033117966,0.06674042,0.004993711,0.44241527,0.03611702,0.7714851,0.0031316024,0.06460485,0.0024125853,0.43519896,0.032781094,null,null,null,null,"TWOGAUSSIANS",8,3.154389,0.27167916,0.0033117966,0.37374637,0.027964782,0.44179273,0.03643922,0.7714851,0.0031316024,0.36178717,0.013510479,0.43457645,0.03290005
375316653866487564,5300678418587378304,0.557787,2048.7068317562057,2.1289351596557173,9.885656E-6,18.82068,0.0074521783,0.23213243,0.0023365926,0.062129904,0.0026160975,0.38574523,0.015453844,0.72965366,0.0043043736,0.07723322,0.0063803527,0.12443093,0.008225185,null,null,null,null,"TWOGAUSSIANS",8,1.652009,0.23213243,0.0023365926,0.34792745,0.014650146,0.38514048,0.015341576,0.72965366,0.0043043736,0.4,0.0,0.123826176,0.007942996
375316653866487564,5300679591117379584,0.5221746,2116.7618454387843,1.5021873376011268,6.931925E-6,19.094547,0.008984999,0.15802367,0.0041203974,0.07287054,0.0057786973,0.390544,0.03126422,0.6662388,0.0034185674,0.069481,0.0028808757,0.50071204,0.020183213,null,null,null,null,"TWOGAUSSIANS",8,3.8538604,0.6662388,0.0034185674,0.38909358,0.016132904,0.4992082,0.020047631,0.15802367,0.0041203974,0.4,0.004623667,0.38904014,0.031679247
375316653866487564,5300679762916119296,0.49684626,2083.9124528990637,2.6990454829676915,2.4935212E-5,19.53771,0.011952456,0.2755541,0.0068694083,0.073355034,0.010980763,0.21195139,0.01647044,0.77829826,0.00972125,0.07234634,0.010726362,0.37709126,0.03402592,null,null,null,null,"TWOGAUSSIANS",8,2.8020656,0.77829826,0.00972125,0.4,0.01331309,0.3756309,0.035055403,0.2755541,0.0068694083,0.4,0.015487806,0.21049105,0.016720094
375316653866487564,5300681068597044992,0.49110308,2075.5969168995307,2.9310083888965544,1.890188E-5,17.058008,0.13312183,0.27847245,0.0074477945,0.12460609,0.047061417,0.3140499,0.11811511,0.77239704,0.0061634984,0.10043101,0.029238997,0.34223545,0.12105969,null,null,null,null,"TWOGAUSSIANS",8,41.81755,0.77239704,0.0061634984,0.4,0.0,0.2908199,0.02089623,0.27847245,0.007462775,0.4,0.0,0.26243344,0.018208072
375316653866487564,5300683233248720512,0.4568993,2071.82219340135,3.2941390191304287,1.5053536E-5,19.596443,0.034526728,0.28365427,0.007993075,0.09381766,0.020875325,0.27285632,0.026217554,0.78575313,0.008196617,0.088660456,0.011002972,0.28059262,0.038661283,null,null,null,null,"TWOGAUSSIANS",8,3.4307513,0.78575313,0.008196617,0.4,0.0,0.26804376,0.03171585,0.28365427,0.007993075,0.4,0.0,0.26030716,0.017751483
375316653866487564,5300683400754396288,0.55271584,2078.861080745649,2.6686366736451586,6.29275E-6,18.474882,0.008791644,0.26411292,0.0037453996,0.0833414,0.0044321944,0.21765696,0.009520617,0.75444025,0.0033916568,0.09489819,0.0072035617,0.2512703,0.011420656,null,null,null,null,"TWOGAUSSIANS",8,2.144781,0.75444025,0.0033916568,0.4,0.0,0.2434078,0.011843096,0.26411292,0.0037453996,0.4,0.0,0.20979498,0.0064255907
375316653866487564,5300684126613676416,0.5245185,2102.0710193880177,0.407320514022355,8.657531E-6,16.94865,0.0014891496,0.2613378,0.008971374,0.018870668,0.003401777,0.06399081,0.025354443,0.76174754,0.021407522,0.02521618,0.014413464,0.055495717,0.01081643,0.012294882,0.00225893,0.2613378,0.008971374,"TWOGAUSSIANS_WITH_ELLIPSOIDAL_ON_ECLIPSE1",9,1.9305277,0.2613378,0.008971374,0.10567575,0.01904995,0.08858054,0.026839145,0.76174754,0.021392284,0.14121062,0.080715396,0.080085285,0.009735348
375316653866487564,5300684882527932672,0.60427123,2083.9390856429313,2.16165227368935,1.2395652E-4,17.521938,0.0011750413,0.46184906,2.5254875E-4,0.024343602,3.487642E-4,0.467138,0.0035319969,null,null,null,null,null,null,null,null,null,null,"ONEGAUSSIAN",5,1.8172531,0.46184906,2.5254875E-4,0.13632417,0.0019530795,0.467138,0.0,null,null,null,null,null,null
375316653866487564,5300685363564034176,0.57233346,2090.251543347842,0.7834896883084026,7.959243E-6,17.458803,0.0036941639,0.22814423,0.0018178254,0.03130861,0.005913023,0.27761865,0.10223262,0.72589886,0.0011356082,0.030012773,0.001726079,0.30191138,0.019151863,null,null,null,null,"TWOGAUSSIANS",8,4.0226064,0.72589886,0.0011356082,0.16807152,0.009666042,0.30191138,0.019151863,0.22814423,0.0018178254,0.17532822,0.03311293,0.27761865,0.10223262
375316653866487564,5300685599770654976,0.44319713,2047.536930812782,1.3975515432054815,7.086368E-5,18.448408,0.0076695275,0.19182248,0.042284947,0.025964268,0.030209959,0.07306503,0.28936565,0.79510975,0.016871639,0.029752145,0.019219032,0.23261371,46.24359,0.034014035,0.010401346,0.79510975,0.016871639,"TWOGAUSSIANS_WITH_ELLIPSOIDAL_ON_ECLIPSE2",9,10.00731,0.79510975,0.016871639,0.166612,0.10762657,0.30064175,46.244743,0.19560249,0.043682672,0.1453999,0.16917577,0.11701984,0.28524497
375316653866487564,5300686321325119360,0.66795933,2023.2949827778011,4.605818638199885,1.8431498E-6,18.226091,0.005880602,0.19131143,0.0022989437,0.040826686,0.0027974127,0.51882976,0.048523515,0.69438773,7.1145623E-4,0.04682451,0.0017690954,0.46147045,0.018283647,0.12208525,0.0078075794,0.19131143,0.0022989437,"TWOGAUSSIANS_WITH_ELLIPSOIDAL_ON_ECLIPSE1",9,1.8572022,0.19131143,0.0022989437,0.22862944,0.01566551,0.7629999,0.047908053,0.69438773,7.1145623E-4,0.26221725,0.009906934,0.70554936,0.01981411
375316653866487564,5300687734386042624,0.41534573,2060.578565328415,0.3416595522243753,3.374514E-5,19.408741,0.023883399,0.33739662,0.028476441,0.059188273,0.04198027,0.25465712,1.1435617,0.67791003,0.006667641,0.023854598,0.009352847,0.11016944,0.031149922,null,null,null,null,"TWOGAUSSIANS",8,4.5187826,0.33739662,0.028476441,0.33145434,0.23508951,0.25465712,1.1435617,0.67791003,0.006667641,0.13358575,0.052375946,0.11016946,0.031149955
375316653866487564,5300688455940487552,0.67871517,2071.96432720086,0.4222710748432738,9.975225E-7,17.074816,8.7980065E-4,0.16995569,3.7573816E-4,0.022965083,4.412937E-4,0.48536506,0.011870751,0.6809272,5.83852E-4,0.021715963,4.2918333E-4,0.49258038,0.019882213,null,null,null,null,"TWOGAUSSIANS",8,1.6075461,0.6809272,5.83852E-4,0.1216094,0.0024034267,0.49258038,0.019882213,0.16995569,3.7573816E-4,0.12860447,0.002471245,0.48536506,0.011870751
375316653866487564,5300688726508449536,0.53490347,2059.8912250986673,3.155740225976651,5.5553223E-6,19.701754,0.008265768,0.25165954,0.007314837,0.06444595,0.00566673,0.5101836,0.053573832,0.7520463,0.0014472099,0.06737637,0.0019087574,0.57442176,0.016961107,null,null,null,null,"TWOGAUSSIANS",8,1.5710603,0.7520463,0.0014472099,0.37730768,0.010689041,0.57361627,0.01691806,0.25165954,0.007314837,0.36089733,0.031733688,0.509378,0.053771727
375316653866487564,5300689624171365376,0.64192855,2056.0207755873985,3.7482114507111968,2.852833E-6,16.920158,0.0044258023,0.2908255,0.0021228124,0.045827877,0.007424646,0.25327542,0.10935889,0.78851974,0.0010367322,0.047001615,0.001698946,0.32853276,0.009686046,0.118668646,0.0057723154,0.2908255,0.0021228124,"TWOGAUSSIANS_WITH_ELLIPSOIDAL_ON_ECLIPSE1",9,6.8533754,0.78877974,8.135043E-4,0.26320904,0.009514098,0.5658251,0.0058769737,0.2908255,0.0021228124,0.2566361,0.04157802,0.490612,0.111551754
375316653866487564,5300690277006427392,0.46888915,2046.9053896763937,3.2496048969458933,1.438805E-5,18.441393,0.0027641456,0.25919354,0.0043098205,0.031514242,0.100032784,0.019555243,0.016330373,null,null,null,null,null,null,0.05867924,0.0032679006,0.25919354,0.0043098205,"ONEGAUSSIAN_WITH_ELLIPSOIDAL",6,3.623748,0.25919354,0.0043098205,0.17647977,0.37670395,0.13691357,0.015916279,null,null,null,null,null,null
375316653866487564,5300690483164858496,0.58724487,2061.8402735123996,3.357665490576997,1.6648888E-6,16.739084,0.0010758458,0.6100744,0.017263748,0.018842215,0.012368256,0.01967714,0.0038006993,0.81427795,3.323844E-5,0.015783846,1.7065789E-4,0.34189904,0.0014889805,null,null,null,null,"TWOGAUSSIANS",8,2.677851,0.81427795,3.323844E-5,0.08838954,9.5568417E-4,0.34189904,0.0014889805,0.6100744,0.017263748,0.105516404,0.06926223,0.01967714,0.0038006993
375316653866487564,5300692128117908096,0.47640353,2078.4365806176297,3.6275844598055205,1.3996983E-5,17.445324,0.003443497,0.73219883,0.004280359,0.021536537,0.0039304504,0.016323632,0.009759614,null,null,null,null,null,null,0.055994548,0.0063157952,0.73219883,0.004280359,"ONEGAUSSIAN_WITH_ELLIPSOIDAL",6,11.7982025,0.73219883,0.004280359,0.120604604,0.022010522,0.12831253,0.009038467,null,null,null,null,null,null
375316653866487564,5300692132420236544,0.422454,2023.0932742027298,2.0009669565849104,4.5067212E-5,19.659277,0.12701115,0.17448941,0.012631366,0.10952819,0.03830646,0.2620077,0.12063426,0.63034135,0.019827917,0.10904975,0.044496167,0.22985816,0.13148046,null,null,null,null,"TWOGAUSSIANS",8,3.866661,0.17454942,0.012334679,0.4,0.0,0.23991258,0.038229264,0.63034135,0.019827917,0.4,0.0,0.20777172,0.040871534
375316653866487564,5300692682175710464,0.5034521,2043.4354659089956,3.382002905576956,1.27716785E-5,18.984688,0.0086055035,0.19579688,0.006664007,0.06436783,0.011736569,0.19899787,0.014364972,0.6979775,0.0046286145,0.0574176,0.005944426,0.18305859,0.0113269165,null,null,null,null,"TWOGAUSSIANS",8,2.3144014,0.19579688,0.006664007,0.36045983,0.06572478,0.19892022,0.014434726,0.6979775,0.0046286145,0.32153857,0.033288788,0.18298095,0.011252704
375316653866487564,5300694434535081344,0.49167022,2078.197565740796,2.4717286789139292,1.4679921E-5,16.297028,0.057673868,0.27068993,0.006021457,0.097709745,0.02582989,0.25107318,0.045333143,0.7624566,0.0059872433,0.10646122,0.018834282,0.2846888,0.055247623,null,null,null,null,"TWOGAUSSIANS",8,71.98616,0.7624566,0.0059872433,0.4,0.0,0.2605153,0.020400293,0.27069995,0.0060496144,0.4,0.0,0.22690837,0.028244372
375316653866487564,5300694571976620416,0.6112745,2094.707034926105,1.8958848719289108,3.4268676E-6,15.219973,0.01414937,0.26666343,0.0011031355,0.06145234,0.008491767,0.1495127,0.024629109,0.76571393,0.0036322803,0.05915282,0.012823901,0.09011985,0.02632776,0.06752769,0.015467498,0.26666343,0.0011031355,"TWOGAUSSIANS_WITH_ELLIPSOIDAL_ON_ECLIPSE1",9,12.920156,0.26666343,0.0011031355,0.3441331,0.047553897,0.28451768,0.008482311,0.76599395,0.0027884992,0.3312558,0.071813844,0.22512144,0.0060977787
375316653866487564,5300694881211492224,0.5230719,2054.0569868246544,1.6470864859433836,1.41264045E-5,17.28338,0.01753884,0.21165264,0.004921964,0.109551236,0.016984371,0.09141452,0.016178668,0.7056978,0.003518791,0.12005304,0.014477242,0.10203743,0.017314082,null,null,null,null,"TWOGAUSSIANS",8,1.6064539,0.7056978,0.003518791,0.4,0.0,0.08497751,0.004066909,0.21168263,0.00491831,0.4,0.0,0.0743846,0.0043350784
375316653866487564,5300695843284426368,0.69971395,2097.7087650505273,1.1984134338234047,2.1255737E-6,15.634905,0.005268967,0.20644622,8.6637103E-4,0.059358645,0.017842276,0.027592242,0.009771175,0.70320565,0.0018586698,0.05496087,0.0024342977,0.2668438,0.011001262,0.06994092,0.0064100493,0.20644622,8.6637103E-4,"TWOGAUSSIANS_WITH_ELLIPSOIDAL_ON_ECLIPSE1",9,3.4839075,0.70356566,0.0016264406,0.3077809,0.0136320675,0.40666234,0.0034542915,0.20644622,8.6637103E-4,0.33240843,0.09991674,0.16746233,0.0053566
375316653866487564,5300695907689315328,0.56988245,2072.675411507908,4.046864389801968,4.755072E-6,18.39107,0.009147324,0.2581573,0.0035829816,0.07396177,0.0034000173,0.61662716,0.039290547,0.7734962,0.0020041843,0.06340758,0.001977044,0.70572853,0.026227586,null,null,null,null,"TWOGAUSSIANS",8,7.5555897,0.7734962,0.0020041843,0.35508242,0.011071445,0.7045792,0.026236035,0.2581573,0.0035829816,0.4,0.0,0.6154778,0.039450366
375316653866487564,5300696255590130176,0.5170143,2103.40127481455,3.4984299141436734,1.2641007E-5,19.760937,0.009082662,0.23802915,0.0035913493,0.07456929,0.004102176,0.5350728,0.025249548,0.75028026,0.006400337,0.066214815,0.0049741715,0.4523074,0.019335229,null,null,null,null,"TWOGAUSSIANS",8,1.6309414,0.23802915,0.0035913493,0.4,0.0,0.5337558,0.025542783,0.75028026,0.006400337,0.37080297,0.027855359,0.45099044,0.019329846
375316653866487564,5300697836136964608,0.5539777,2013.265098811561,2.348919230360679,7.711211E-6,18.746698,0.010621411,0.2695677,0.004076788,0.093020596,0.0059964075,0.28947803,0.011385847,0.77498317,0.0037160893,0.08820984,0.006209754,0.2894647,0.010938824,null,null,null,null,"TWOGAUSSIANS",8,1.4771712,0.2695677,0.004076788,0.4,0.0,0.27762976,0.0094266925,0.77498317,0.0037160893,0.4,0.0,0.27761668,0.010673378
375316653866487564,5300698381590432640,0.5729926,2057.9698244626916,2.975535544513269,3.827073E-6,17.578651,0.016759355,0.2039131,0.0017874889,0.11167285,0.0061655105,0.2602977,0.016030703,0.70979786,0.002874217,0.10835429,0.008216576,0.23041056,0.015662484,null,null,null,null,"TWOGAUSSIANS",8,2.367908,0.2039031,0.0017912039,0.4,0.0,0.22544652,0.004492593,0.7098079,0.0028752054,0.4,0.0,0.19557182,0.010015879
375316653866487564,5300699725934382336,0.6618981,2093.375685234109,1.0733244018157737,1.8614332E-6,16.673153,0.0042259484,0.19564466,0.0017024655,0.0320572,0.0025022486,0.12712005,0.00886322,0.69549304,2.9714554E-4,0.033130374,6.8815146E-4,0.8475128,0.018430805,0.020984711,0.004596707,0.19564466,0.0017024655,"TWOGAUSSIANS_WITH_ELLIPSOIDAL_ON_ECLIPSE1",9,5.5987163,0.69549304,2.9714554E-4,0.1855301,0.0038536482,0.8894821,0.019225894,0.19564466,0.0017024655,0.17952032,0.014012593,0.16908939,0.0020855088
375316653866487564,5300700859805758080,0.5149282,2119.8898436686363,0.03625046146362598,2.2299313E-5,13.639916,0.004090034,0.08102727,0.0021147428,0.013838317,0.0043031136,0.11607853,0.030854877,0.5741328,1.8138342E-4,0.0068830964,4.3401978E-4,2.2864563,0.5318583,null,null,null,null,"TWOGAUSSIANS",8,1179.4293,0.5741328,1.8138342E-4,0.03854534,0.0024305107,2.2864563,0.5318583,0.08102727,0.0021147428,0.07749458,0.024097437,0.11607853,0.030854877
375316653866487564,5300701065952017152,0.58305466,2067.5221490239333,0.06362420168520945,5.1078376E-5,18.529692,0.002527534,0.47690204,3.0359768E-4,0.004437135,3.7527384E-4,0.5801501,0.06760585,0.6556822,0.04167853,0.023711573,0.029232623,0.016118469,0.013521329,null,null,null,null,"TWOGAUSSIANS",8,1.5951675,0.47690204,3.0359768E-4,0.024847956,0.0021015336,0.5801501,0.06760589,0.6556822,0.04167853,0.1327848,0.16370268,0.016118469,0.013521329
375316653866487564,5300702062400348800,0.54921865,2116.073755607008,0.8115974806521586,6.0514085E-6,15.691564,0.0032897324,0.27107224,0.0062867147,0.030241102,0.026314754,0.029236814,0.36162743,0.7704365,0.0016525725,0.035569523,0.0025134233,0.23161982,0.013118517,0.02110605,0.0075397477,0.27107224,0.0062867147,"TWOGAUSSIANS_WITH_ELLIPSOIDAL_ON_ECLIPSE1",9,20.60795,0.7704465,0.0016130329,0.19918932,0.014075171,0.27383125,0.015025334,0.27107224,0.0062867147,0.16935016,0.14736262,0.07144891,0.36499247
375316653866487564,5300702337276968192,0.62092257,2073.9696378044605,2.9524812305801658,4.0890777E-6,16.927658,0.023297025,0.2838082,0.0015710181,0.05904496,0.0072391415,0.28220123,0.0460555,0.76829654,0.0139213605,0.06447165,0.017072804,0.22422414,0.050496124,0.09600507,0.027923495,0.2838082,0.0015710181,"TWOGAUSSIANS_WITH_ELLIPSOIDAL_ON_ECLIPSE1",9,8.487322,0.2838082,0.0015710181,0.3306518,0.040539194,0.47412843,0.020962648,0.77169657,0.011476381,0.36104122,0.095607705,0.41472992,0.021937707
375316653866487564,5300704428905766528,0.49455634,2043.9971451935023,0.4992859737107696,4.581486E-5,18.570078,0.0037311486,0.30218002,0.007439398,0.022210272,0.007341333,0.31346062,0.29152468,0.8012168,0.041848745,0.019159615,0.02996506,1.1542201,166.38667,null,null,null,null,"TWOGAUSSIANS",8,2.4088082,0.8012168,0.041848745,0.107293844,0.16780435,1.1542201,166.38667,0.30218002,0.007439398,0.12437752,0.041111466,0.31346062,0.29152468
375316653866487564,5300705532732433152,0.487072,2055.765740606866,2.8501393812374345,6.1048468E-6,18.005363,0.30016416,0.2830438,0.0019706278,0.17393056,0.03432353,0.50002223,0.26963165,0.78386,0.0029352177,0.18890299,0.05317905,0.53026384,0.27471906,null,null,null,null,"TWOGAUSSIANS",8,2.5060117,0.78415006,0.0027806384,0.4,0.0,0.14868702,0.012167723,0.28265378,0.0022409102,0.4,0.0,0.134325,0.007832309
375316653866487564,5300705975092282496,0.4909729,2063.2647147978005,3.3172003786656514,1.2616797E-5,17.003214,0.12642409,0.20189428,0.0042973254,0.18964176,0.030798072,0.89049697,0.13395733,0.7054798,0.004154607,0.1937932,0.028542697,0.9193228,0.11279912,null,null,null,null,"TWOGAUSSIANS",8,10.784005,0.70760983,0.0041020107,0.4,0.0,0.20965298,0.008678633,0.19949427,0.0043862346,0.4,0.0,0.19165207,0.0136371115
375316653866487564,5300706043811801344,0.6195791,2099.5302101739508,0.2613959834208556,1.2434457E-6,17.393099,0.0010583971,0.22676882,3.4672933E-4,0.01590358,2.9091333E-4,0.33218136,0.016119005,0.69007486,3.797256E-4,0.018460374,7.078973E-4,0.2442622,0.0073662596,null,null,null,null,"TWOGAUSSIANS",8,1.1357212,0.22676882,3.4672933E-4,0.089060046,0.0016291146,0.33218136,0.016119005,0.69007486,3.797256E-4,0.1033781,0.003964225,0.2442622,0.0073662596
375316653866487564,5300706524849627776,0.4886005,2047.3333779918844,2.9521158889230636,4.6880636E-5,17.953604,0.03620394,0.2520728,0.011044356,0.089132935,0.012286817,0.2773332,0.039897542,0.740863,0.010422507,0.10457386,0.025309142,0.27606094,0.030904526,null,null,null,null,"TWOGAUSSIANS",8,23.466478,0.2520728,0.01105032,0.4,0.0,0.26039824,0.022358878,0.740863,0.010422507,0.4,0.0,0.25911933,0.022250868
375316653866487564,5300707246402901120,0.5172195,2067.1658314211168,3.963723889733733,1.7871105E-5,17.974443,0.004826994,0.2704135,0.0042085056,0.06023477,0.005523555,0.11218951,0.0055712457,0.7559239,0.0038526887,0.057795234,0.008856307,0.12574196,0.004407216,null,null,null,null,"TWOGAUSSIANS",8,2.2049174,0.7559239,0.0038526887,0.3236533,0.04959532,0.12572421,0.004403785,0.2704135,0.0042085056,0.33731472,0.030931907,0.11217176,0.005535661
375316653866487564,5300707250719270656,0.49156445,2060.069242867255,0.6492957860619245,6.3529124E-6,18.753511,0.0023031938,0.32425824,0.021649309,0.020276586,0.017394409,0.13129541,0.5273396,0.82135993,0.001203417,0.016128467,0.0020943375,0.3559977,0.119101875,null,null,null,null,"TWOGAUSSIANS",8,1.7884642,0.82135993,0.001203417,0.09031941,0.01172829,0.3559977,0.119101875,0.32425824,0.021649309,0.113548875,0.09740869,0.13129541,0.5273396
375316653866487564,5300707796169787904,0.5252367,2037.6945700550348,2.0791552731894516,4.7937124E-6,18.969923,0.005786392,0.4558226,0.05544227,0.12606223,0.060393643,0.027074467,0.009661766,0.7484608,9.0468966E-4,0.034397747,8.9383847E-4,0.6619065,0.00879511,null,null,null,null,"TWOGAUSSIANS",8,3.3056488,0.7484608,9.0468966E-4,0.19262739,0.0050054956,0.6637155,0.009627848,0.4558226,0.05544227,0.4,0.0,0.027053684,0.009687253
375316653866487564,5300710480535018752,0.5762398,2060.1131409659383,0.4564212380198726,5.758552E-6,17.005138,0.0017232798,0.369245,0.0013617274,0.021577494,0.0011126625,0.34623486,0.02290253,0.8668614,0.0018650545,0.023256555,0.002449622,0.15050751,0.010804327,null,null,null,null,"TWOGAUSSIANS",8,6.8747225,0.369245,0.0013617274,0.12083397,0.00623091,0.34623486,0.02290253,0.8668614,0.0018650545,0.13023672,0.013717883,0.15050751,0.010804327
375316653866487564,5300711270808808448,0.50859857,2049.3019513267823,2.127019844755277,1.0582768E-5,19.453653,0.007610375,0.28242144,0.004177797,0.052167617,0.0045582806,0.65831894,0.03791795,0.77984613,0.003244709,0.0548506,0.003759221,0.40435302,0.03047585,null,null,null,null,"TWOGAUSSIANS",8,2.6691227,0.28242144,0.004177797,0.29213867,0.025526373,0.6583023,0.037937544,0.77984613,0.003244709,0.3071634,0.021051638,0.40433636,0.030483818
375316653866487564,5300713499874345984,0.57040244,2042.32441441008,3.526684127135528,6.190401E-6,17.995014,0.020864427,0.27280527,0.0038941698,0.05625469,0.007764143,0.34103718,0.059737306,0.77326137,0.0042700456,0.050822075,0.006970519,0.28850093,0.04640261,0.10818768,0.026208352,0.27280527,0.0038941698,"TWOGAUSSIANS_WITH_ELLIPSOIDAL_ON_ECLIPSE1",9,12.543983,0.27280527,0.0038941698,0.31502625,0.0434792,0.55739266,0.055097435,0.77326137,0.004079757,0.28460363,0.039034907,0.5048546,0.021293245
375316653866487564,5300715389658254592,0.6324574,2120.8835417024507,0.39574980888641914,3.523339E-6,15.62236,0.0012949548,0.20770243,0.018238217,0.021370856,0.023522269,0.32639313,520835.88,0.707466,8.749143E-4,0.020349635,6.518374E-4,0.31428376,0.006768622,0.0038904843,0.0019441644,0.20770243,0.018238217,"TWOGAUSSIANS_WITH_ELLIPSOIDAL_ON_ECLIPSE1",9,8.630531,0.20770243,0.018238217,0.11967679,0.1317247,0.33417407,520835.88,0.707466,8.726992E-4,0.11395796,0.0036502893,0.3220647,0.0057895347
375316653866487564,5300715561457020288,0.6334349,2129.707045608625,1.6666751386084164,4.2846586E-6,16.370207,0.024577219,0.21069992,0.0014175376,0.057564784,0.031787015,0.11100503,0.024021234,0.7116045,0.0038242459,0.048705455,0.011760992,0.15912361,0.04735654,0.10651955,0.024844099,0.21069992,0.0014175376,"TWOGAUSSIANS_WITH_ELLIPSOIDAL_ON_ECLIPSE1",9,11.514052,0.7116045,0.0035453786,0.27275053,0.06586155,0.372146,0.0068879523,0.21069992,0.0014175376,0.32236278,0.095217615,0.3240343,0.04752526
375316653866487564,5300716356049540992,0.49927604,2115.8565954298656,0.4666077196933858,2.1496267E-5,14.217278,0.0039827595,0.11752567,0.055736475,0.06440555,0.08747728,0.008566559,0.05579617,0.6248365,0.0066799587,0.03975007,0.010844564,0.050922696,0.011046665,0.007261003,0.005734204,0.6248365,0.0066799587,"TWOGAUSSIANS_WITH_ELLIPSOIDAL_ON_ECLIPSE2",9,15.045663,0.6248365,0.0066799587,0.2226004,0.06072956,0.0654417,0.0048620375,0.12013567,0.05175331,0.3606711,0.48129243,0.023065869,0.063618556
375316653866487564,5300716557903942656,0.46690455,2106.813286909078,0.703311090960332,1.7211423E-5,16.903442,0.0027211376,0.13652454,0.015272372,0.010563235,0.011484905,0.008345637,0.0048235324,0.44010323,0.1015526,0.01827274,0.008907401,0.33333215,0.41927037,null,null,null,null,"TWOGAUSSIANS",8,7.2200036,0.44010323,0.1015526,0.10232735,0.049881447,0.33333215,0.41927037,0.13652454,0.015272372,0.059154116,0.06431547,0.008345637,0.0048235324
375316653866487564,5300716837086180352,0.50117564,2074.413610709079,2.7200834146266573,1.4636749E-5,17.204098,0.6853038,0.23556428,0.00425276,0.15320368,0.03896005,0.6243155,0.4054028,0.7320231,0.008955718,0.26119336,0.13388044,0.896308,0.67379236,null,null,null,null,"TWOGAUSSIANS",8,5.929371,0.23814428,0.0030157543,0.4,0.0,0.17275965,0.007497686,0.7320231,0.008955718,0.4,0.0,0.16498509,0.008284714
375316653866487564,5300718348914409984,0.6178966,2119.6930340192534,0.9102188332772787,3.6148882E-5,16.525137,0.0014823674,0.13048555,0.029845467,0.022333326,0.015669413,0.007475593,0.05946907,0.7645777,4.1480508E-4,0.011215536,2.4987443E-4,2.3872697,0.21171598,0.002568914,0.0021156995,0.13048555,0.029845467,"TWOGAUSSIANS_WITH_ELLIPSOIDAL_ON_ECLIPSE1",9,6.870135,0.7645777,4.1480508E-4,0.062807,0.0013992968,2.3895457,0.21164225,0.13048555,0.029845467,0.12506662,0.08774871,0.0126134185,0.059790384
375316653866487564,5300719242267685760,0.63468814,2073.7157798200833,3.7795510782240895,2.3563596E-6,17.749126,0.008253389,0.30067152,0.0013109145,0.04842867,0.002120911,0.49447447,0.020897249,0.8005248,0.002150092,0.040468052,0.017441172,0.44533554,159.5073,0.13977242,0.012022568,0.8005248,0.002150092,"TWOGAUSSIANS_WITH_ELLIPSOIDAL_ON_ECLIPSE2",9,5.232697,0.30066153,0.0011270939,0.27120057,0.011877101,0.7740183,0.017586047,0.8005248,0.002150092,0.22662109,0.09767056,0.72487956,159.50618
375316653866487564,5300720234384384384,0.51012087,2037.7093176347537,3.172335606797447,1.4797382E-5,18.401125,0.004633777,0.24677634,0.008169062,0.06471617,0.009599038,0.12060928,0.011775296,0.73131937,0.010762417,0.08134448,0.011327286,0.12829773,0.007964671,null,null,null,null,"TWOGAUSSIANS",8,1.8586864,0.73131937,0.010762417,0.4,0.0,0.12780783,0.007918333,0.24677634,0.008169062,0.36241055,0.053754613,0.120119385,0.011891214
375316653866487564,5300720371839537536,0.6443349,2087.872826630605,3.752384666480442,2.6690493E-6,14.783511,0.008270294,0.2615728,0.0017552571,0.0601612,0.003538721,0.36963347,0.019386077,0.7531603,0.0013247316,0.053594925,0.0028606816,0.3679812,0.014576849,0.09281548,0.009052208,0.2615728,0.0017552571,"TWOGAUSSIANS_WITH_ELLIPSOIDAL_ON_ECLIPSE1",9,58.987377,0.2615728,0.0017552571,0.3369027,0.019816836,0.5551954,0.013554986,0.7540203,0.0011247591,0.30013156,0.016019817,0.55307806,0.012922698
375316653866487564,5300720513579695744,0.4789766,2059.0006963533747,3.082315997217791,3.0913045E-5,18.471916,0.0058842013,0.19858257,0.033451147,0.05117685,0.03557571,0.063242525,0.03262176,0.644829,0.003765809,0.049893066,0.0048215925,0.6379808,0.12787205,null,null,null,null,"TWOGAUSSIANS",8,2.8050365,0.644829,0.003765809,0.27940118,0.027000917,0.6379807,0.12787274,0.19858257,0.033451147,0.28659037,0.19922398,0.063242406,0.032623116
375316653866487564,5300724018270827264,0.48326355,2070.064217562066,0.47560252599455766,7.4156196E-6,18.635767,0.0043894956,0.20973288,0.002125064,0.026998885,0.0016841263,0.2263894,0.010785883,0.7048789,0.0035185486,0.023860948,0.0035893684,0.13001017,0.009028035,null,null,null,null,"TWOGAUSSIANS",8,3.4855814,0.20973288,0.002125064,0.15119375,0.009431108,0.2263894,0.010785883,0.7048789,0.0035185486,0.13362132,0.020100463,0.13001017,0.009028035
375316653866487564,5300724361868242432,0.6451958,2103.481328496268,2.3385646042655135,3.409133E-6,15.263319,0.006322167,0.2537612,0.0018921923,0.048804507,0.0033990212,0.15477571,0.0143950395,0.7506315,0.0014453715,0.057026625,0.0049840333,0.12575911,0.0145413885,0.08700964,0.008419711,0.7506315,0.0014453715,"TWOGAUSSIANS_WITH_ELLIPSOIDAL_ON_ECLIPSE2",9,19.441236,0.2532112,0.0014924807,0.27330524,0.01903452,0.32873055,0.004066249,0.7506315,0.0014453715,0.3193491,0.027910586,0.2997695,0.0064102313
375316653866487564,5300724636737297664,0.5677921,2073.2968800160047,1.357682236459873,5.79348E-6,18.37093,0.005333759,0.21362595,0.0029075255,0.09543021,0.004326665,0.18760449,0.00656733,0.7120763,0.0021030793,0.075633,0.0035563929,0.31487325,0.008443419,null,null,null,null,"TWOGAUSSIANS",8,1.949774,0.7120763,0.0021030793,0.4,0.0,0.30856127,0.008486978,0.21362595,0.0029075255,0.4,0.0,0.1812921,0.006034986
375316653866487564,5300726217294147584,0.5836329,2066.3882959723696,3.74362905698245,5.519126E-6,18.895569,0.021800993,0.3062113,0.0027290913,0.0500033,0.006760803,0.35294628,0.053525086,0.79963756,0.0026522009,0.044835065,0.007244941,0.23883022,0.049540997,0.10668721,0.030635502,0.3062113,0.0027290913,"TWOGAUSSIANS_WITH_ELLIPSOIDAL_ON_ECLIPSE1",9,2.1462133,0.3062113,0.0027290913,0.28001848,0.037860498,0.56631917,0.028897874,0.80045754,0.0022131014,0.25107637,0.04057167,0.45188445,0.015061499
375316653866487564,5300727140688993152,0.47574472,2072.153481328566,0.5749596265779583,8.384435E-6,17.88532,0.0015287972,0.28322476,0.005860476,0.021433622,0.0037234197,0.029827325,0.0049442654,0.7837446,0.0016220373,0.020868948,0.0010257763,0.12495495,0.0028461213,null,null,null,null,"TWOGAUSSIANS",8,1.6161673,0.7837446,0.0016220373,0.116866104,0.0057443473,0.12495495,0.0028461213,0.28322476,0.005860476,0.12002829,0.02085115,0.029827325,0.0049442654
375316653866487564,5300728072711944832,0.56073594,2075.659471834088,3.967233450843151,5.999743E-6,18.60268,0.013180584,0.27552024,0.0026888093,0.08022138,0.003901913,0.38531667,0.0156239215,0.7644009,0.0054655075,0.08111769,0.0072058006,0.30524155,0.013417218,null,null,null,null,"TWOGAUSSIANS",8,3.3375545,0.27552024,0.0026888093,0.4,0.0,0.38078454,0.013441281,0.7644009,0.0054655075,0.4,0.0,0.30070943,0.012406216
375316653866487564,5300729550188809728,0.46469548,2048.0531528982156,2.970914064180392,2.3809906E-5,17.967579,0.14374715,0.20703393,0.0072551975,0.12304319,0.05009004,0.2278456,0.13595879,0.7079458,0.010096227,0.12229362,0.04661987,0.23299533,0.13879147,null,null,null,null,"TWOGAUSSIANS",8,18.192974,0.70795584,0.0101131685,0.4,0.0,0.17579666,0.017871778,0.20702392,0.007330203,0.4,0.0,0.17063794,0.011991159
375316653866487564,5300729756347537664,0.57958424,2081.8357103117005,0.6069011528115398,5.0384347E-6,15.976369,0.0075572017,0.21447499,0.0070570344,0.034205455,0.0047873114,0.102098115,0.023622597,0.7063873,0.0020535213,0.038744822,0.0028189628,0.32516423,0.019299742,0.04900974,0.008844802,0.21447499,0.0070570344,"TWOGAUSSIANS_WITH_ELLIPSOIDAL_ON_ECLIPSE1",9,39.45199,0.7066673,0.0019304146,0.216971,0.015786191,0.4229395,0.013356908,0.21447499,0.0070570344,0.19155055,0.026808945,0.2001176,0.025549082
375316653866487564,5300729958187675136,0.55300635,2049.4635686578627,2.946336649888277,5.354827E-6,18.667105,0.0076894844,0.25040475,0.0022684191,0.079740606,0.0036882802,0.39085117,0.012299066,0.75398105,0.0022973868,0.07712431,0.004049125,0.354663,0.012723892,null,null,null,null,"TWOGAUSSIANS",8,3.182946,0.25040475,0.0022684191,0.4,0.0,0.38654223,0.012480974,0.75398105,0.0022973868,0.4,0.0,0.35035408,0.012960617
375316653866487564,5300731336886603008,0.55506253,2067.6387991427555,3.5966169560297345,7.4746067E-6,19.226322,0.0058358368,0.23953529,0.0033129433,0.06030149,0.004006139,0.56132555,0.01593668,0.74385446,0.0039465646,0.06762686,0.0036586793,0.63142306,0.03607774,null,null,null,null,"TWOGAUSSIANS",8,2.7777452,0.74385446,0.0039465646,0.37871045,0.020488605,0.63091964,0.036154542,0.23953529,0.0033129433,0.33768836,0.022434378,0.5608221,0.01599285
375316653866487564,5300731641814950784,0.5372548,2031.175878229977,0.5758054591924964,3.966736E-6,18.288382,0.009062723,0.53130764,0.0011929685,0.0269362,0.001790378,0.6513025,0.024237234,0.8425403,0.011972505,0.025909418,0.021188986,0.0485494,0.012301578,null,null,null,null,"TWOGAUSSIANS",8,11.807754,0.53130764,0.0011929685,0.15084271,0.010026117,0.6513025,0.024237234,0.8425403,0.011972505,0.14509274,0.11865832,0.0485494,0.012301578
375316653866487564,5300732019772115200,0.61917657,2040.7602835984728,0.8735592514638874,4.5279426E-6,18.201174,0.0044982955,0.31211933,0.0012082612,0.033240132,0.0017404183,0.61686105,0.07513921,0.8130627,0.0016128052,0.033377662,0.0015622077,0.6296004,0.020680109,0.039062448,0.0077194995,0.31211933,0.0012082612,"TWOGAUSSIANS_WITH_ELLIPSOIDAL_ON_ECLIPSE1",9,2.8368504,0.8130627,0.0016128052,0.1869149,0.008748364,0.70772254,0.020942135,0.31211933,0.0012082612,0.18614474,0.009746342,0.6949859,0.076348
375316653866487564,5300733226680849408,0.62747514,2057.7185384130403,1.4778896017598588,7.19072E-6,16.658861,0.0018346292,0.25223136,0.0014796794,0.05332804,0.0019058222,0.0841057,0.002434337,0.73985326,0.0014422357,0.049346667,0.0011484245,0.5349601,0.008377635,null,null,null,null,"TWOGAUSSIANS",8,4.861979,0.73985326,0.0014422357,0.27634135,0.0064311773,0.5349585,0.008377788,0.25223136,0.0014796794,0.29863703,0.010672605,0.08410413,0.00243417
375316653866487564,5300733226680852864,0.6680503,2079.1077145531453,0.3829423699331825,1.973515E-6,16.727394,0.002276405,0.2400071,3.089584E-4,0.029214628,5.278513E-4,0.5204619,0.0077473246,0.73644406,0.0018988386,0.029689707,0.0029715819,0.06746136,0.007237093,0.027934024,0.0037128597,0.2400071,3.089584E-4,"TWOGAUSSIANS_WITH_ELLIPSOIDAL_ON_ECLIPSE1",9,4.415363,0.2400071,3.089584E-4,0.16360192,0.0029559673,0.57632995,0.0065509942,0.736634,0.0018108587,0.16626236,0.016640859,0.12330294,0.006241742
375316653866487564,5300733394162969088,0.44945312,2033.4146430620196,4.224740441207604,3.650414E-5,18.491179,0.26915246,0.23779625,0.018743167,0.10243095,0.068214506,0.13828373,0.24016042,0.7199407,0.019699609,0.10053556,0.08906044,0.16522452,0.25615218,null,null,null,null,"TWOGAUSSIANS",8,6.163123,0.7199407,0.019845016,0.4,0.0,0.15358298,0.015022558,0.23779625,0.01874339,0.4,0.0,0.1266416,0.01956581
375316653866487564,5300733432839062400,0.680971,2248.5222588276024,0.4493818995522551,2.5873567E-6,17.401108,0.006087128,0.29198936,0.009972544,0.02840984,0.014993181,0.06261638,0.85544497,0.79506886,8.6686143E-4,0.03216374,9.645436E-4,0.83443254,0.0340933,0.019093078,0.008091902,0.29198936,0.009972544,"TWOGAUSSIANS_WITH_ELLIPSOIDAL_ON_ECLIPSE1",9,5.20262,0.79506886,8.649149E-4,0.18011694,0.005401444,0.8726044,0.033006232,0.29198936,0.009972544,0.15909511,0.083961815,0.10080253,0.85540175
375316653866487564,5300734562392726784,0.45837224,2066.8328094001486,1.5365482961429737,4.8128422E-5,17.590635,0.004137268,0.64680344,0.016296735,0.0341399,0.014404412,0.040848464,0.00849799,0.90029544,0.010633995,0.013969649,0.0101433555,0.2939374,0.07526735,null,null,null,null,"TWOGAUSSIANS",8,16.528154,0.90029544,0.010633995,0.07823003,0.05680279,0.2939374,0.07526735,0.64680344,0.016296735,0.19118345,0.08066471,0.040848464,0.00849799
375316653866487564,5300734704149625600,0.5391864,2036.5370378709813,3.7206351404385707,7.6202427E-6,18.408735,0.014926754,0.29685143,0.0038237069,0.0901177,0.009484881,0.3089555,0.031963006,0.78441703,0.0022564891,0.08731342,0.006069064,0.2786663,0.014254085,null,null,null,null,"TWOGAUSSIANS",8,3.651825,0.29685143,0.0038237069,0.4,0.0,0.2998861,0.035799474,0.78441703,0.0022564891,0.4,0.0,0.26959702,0.010133414
375316653866487564,5300735563145291904,0.52506083,2187.6556699057974,0.5555865614640888,1.4947191E-5,18.778332,0.0047333543,0.2243479,0.010898479,0.058625363,0.013397108,0.0889862,0.015459092,0.738468,0.0011002292,0.024232812,0.0030009216,0.3336466,0.075454704,null,null,null,null,"TWOGAUSSIANS",8,1.8395259,0.738468,0.0011002292,0.13570374,0.01680516,0.3336466,0.075454704,0.2243479,0.010898479,0.32830203,0.07502381,0.0889862,0.015459096
375316653866487564,5300735872380500608,0.5040309,2049.6167957775756,0.6454260018542061,9.90294E-6,15.151023,8.722209E-4,0.41022274,0.04295952,0.054338355,0.087867066,0.0022436068,0.0029558623,0.7105209,0.0020477357,0.017213995,0.0021394608,0.035487782,0.0078079873,0.00670131,6.264201E-4,0.7105209,0.0020477357,"TWOGAUSSIANS_WITH_ELLIPSOIDAL_ON_ECLIPSE2",9,4.38293,0.7105209,0.0020477357,0.096398376,0.011980981,0.0488903,0.007997047,0.21069273,0.30273306,0.3042948,0.48952103,0.013405152,0.0124242045
375316653866487564,5300736898857296000,0.40981564,2068.004572410765,1.0182522976433772,1.366992E-4,18.089497,0.31463337,0.25623628,0.029408507,0.09502642,0.13569556,0.13242789,0.31060073,0.7700358,0.024431435,0.09386049,0.058442,0.12559193,0.23490596,null,null,null,null,"TWOGAUSSIANS",8,39.35003,0.25623628,0.029575799,0.4,0.0,0.12604786,0.027885783,0.7700358,0.024451368,0.4,0.0,0.11921202,0.025940651
375316653866487564,5300741988396490240,0.53114456,2078.7936980919653,3.9277483250845457,4.9147193E-6,18.388159,0.003626785,0.22137496,0.0036000898,0.025768148,0.008825834,0.093833916,0.028240027,0.70537615,0.004863577,0.04401269,0.0034917006,0.14227758,0.0116516715,0.08470234,0.0049012606,0.22137496,0.0036000898,"TWOGAUSSIANS_WITH_ELLIPSOIDAL_ON_ECLIPSE1",9,3.2449763,0.70783615,0.00386767,0.24647108,0.019553524,0.3102371,0.008694399,0.22137496,0.0036000898,0.14430162,0.04942467,0.26323843,0.027572785
375316653866487564,5300742813030210944,0.57729673,2094.635082290233,3.3666648050638934,1.0434145E-5,17.12455,0.025386097,0.16712466,0.004351977,0.051817138,0.01561981,0.25474155,0.09998588,0.66382706,0.0045334594,0.06644692,0.0066161375,0.41022035,0.06411865,0.10956177,0.033436354,0.16712466,0.004351977,"TWOGAUSSIANS_WITH_ELLIPSOIDAL_ON_ECLIPSE1",9,33.23152,0.66434705,0.0035660574,0.37210277,0.03705037,0.6289827,0.032811858,0.16712466,0.004351977,0.29017597,0.087470934,0.47358322,0.11834077
375316653866487564,5300743534584727552,0.56248957,2063.4303545294724,3.518955703385022,6.7437495E-6,15.24494,0.011711439,0.2341272,0.0029730645,0.095039554,0.0043322835,0.28984025,0.012990466,0.7400812,0.0023702127,0.08953929,0.0043735253,0.31211105,0.013164982,null,null,null,null,"TWOGAUSSIANS",8,81.22715,0.7400812,0.0023702127,0.4,0.0,0.2980874,0.011452934,0.2341272,0.0029730645,0.4,0.0,0.2758161,0.010117148
375316653866487564,5300746180279210752,0.497769,2030.8024081894253,2.6065269889802227,2.464076E-5,19.866032,0.012200582,0.22826181,0.006437717,0.0390124,0.004515956,0.60845226,0.03850071,0.7233642,0.0075382628,0.06520141,0.0149990255,0.23212846,0.04884811,null,null,null,null,"TWOGAUSSIANS",8,2.3782048,0.22826181,0.006437717,0.21846943,0.025289355,0.60844713,0.038495097,0.7233642,0.0075382628,0.3651279,0.055221427,0.23212336,0.0488914
375316653866487564,5300750574032376320,0.45060062,2034.0585565003514,0.06622528278438392,5.8708803E-5,17.531523,0.0021287613,0.33696684,0.06722564,0.07360869,0.04156423,0.13584572,0.060284737,0.769258,0.10447461,0.03669665,0.029552795,0.15139899,44.345623,null,null,null,null,"TWOGAUSSIANS",8,4.1558437,0.769258,0.10447461,0.20550124,0.16549565,0.15139852,44.345623,0.33696684,0.06722564,0.4,0.21308832,0.13584526,0.06028474
375316653866487564,5300754735859301504,0.5057256,2095.853513366851,3.282363959206048,7.788522E-6,16.264301,0.012165155,0.21399221,0.0053864373,0.054393176,0.01353412,0.13295572,0.029865965,0.71098167,0.008345407,0.038455613,0.012553389,0.1167804,0.034976214,0.05409616,0.017278807,0.21399221,0.0053864373,"TWOGAUSSIANS_WITH_ELLIPSOIDAL_ON_ECLIPSE1",9,52.55382,0.21399221,0.0053864373,0.3046018,0.075791076,0.2411446,0.020412646,0.7112717,0.0077956202,0.21535143,0.07029898,0.22493435,0.036351897
375316653866487564,5300757175400748800,0.46465635,2050.2250170602515,0.7933149703667502,2.7738301E-6,14.951539,0.007813152,0.35330027,0.0037257741,0.02192203,0.014321989,0.17706089,0.10146628,0.6122428,0.0011687101,0.017910507,0.0012284019,0.5174482,0.053269677,0.02781966,0.016964437,0.6122428,0.0011687101,"TWOGAUSSIANS_WITH_ELLIPSOIDAL_ON_ECLIPSE2",9,653.1261,0.6122428,0.0011687101,0.10029884,0.0068790508,0.57308716,0.062969856,0.35319027,0.0035811886,0.122763366,0.080203146,0.17723815,0.10154505
375316653866487564,5300758373693162880,0.6172178,2045.9650905462847,0.45398677137302096,4.124332E-6,17.500546,0.0012960976,0.49289924,0.030556561,0.031179499,0.030478949,0.00959179,0.02662152,0.646909,3.694077E-4,0.012925407,9.7217556E-4,0.43361294,0.033546854,null,null,null,null,"TWOGAUSSIANS",8,1.484422,0.646909,3.694077E-4,0.07238228,0.005444183,0.433613,0.03354684,0.49289924,0.030556561,0.17460519,0.1706821,0.00959179,0.02662152
375316653866487564,5300762050185195520,0.5513692,2003.6365260790915,0.49927798480737196,4.4513E-5,18.456001,0.0021679967,0.18507639,0.029490089,0.049673725,0.034466017,0.017617919,0.03411838,0.60437495,0.0102637485,0.017152764,0.010244499,0.59845203,0.40036082,null,null,null,null,"TWOGAUSSIANS",8,1.3568803,0.60437495,0.0102637485,0.09605547,0.057369195,0.59845203,0.40036082,0.18507639,0.029490089,0.27817285,0.1930097,0.017617919,0.03411838
375316653866487564,5300763600671777024,0.49605027,2054.6516051564845,3.3867574899843516,1.1875629E-5,15.401714,0.025358086,0.28755054,0.0047729327,0.09799393,0.008449733,0.33379573,0.02575531,0.78144217,0.0099086305,0.09269125,0.014480727,0.2887964,0.04152972,null,null,null,null,"TWOGAUSSIANS",8,287.72543,0.28755054,0.0047729327,0.4,0.0,0.3154296,0.016676156,0.78144217,0.0099086305,0.4,0.0,0.27043155,0.040556792
375316653866487564,5300765421737919104,0.5824166,2030.1302495557804,3.135795059896966,5.016377E-6,16.152147,0.010856947,0.2372688,0.0023272613,0.098585054,0.0056948797,0.22208028,0.009880872,0.7413637,0.002017105,0.104810804,0.005503991,0.2379882,0.009934702,null,null,null,null,"TWOGAUSSIANS",8,9.070584,0.7413637,0.002017105,0.4,0.0,0.21665862,0.0044286093,0.2372688,0.0023272613,0.4,0.0,0.20075504,0.0047742967
375316653866487564,5300770060302497792,0.52647305,2047.332124362164,3.4203993812191245,1.2049417E-5,15.027508,0.026897138,0.24176173,0.0038035302,0.12645021,0.016640076,0.17019127,0.025020307,0.74278307,0.0051249885,0.10888733,0.013333492,0.17929731,0.025719382,null,null,null,null,"TWOGAUSSIANS",8,49.64592,0.7427931,0.005159651,0.4,0.0,0.14342487,0.008173379,0.24176173,0.0038062397,0.4,0.0,0.1341912,0.0065100617
375316653866487564,5300771915728345728,0.484956,2032.6647475292145,0.40241399536602407,1.5171998E-5,16.962463,9.0486766E-4,0.025405778,5.160022E-4,0.0065593678,4.3761518E-4,0.3282181,0.13642254,0.71699274,0.019814203,0.034069356,0.012325158,0.011450032,0.0048019458,null,null,null,null,"TWOGAUSSIANS",8,1.9441122,0.025405778,5.160022E-4,0.03673246,0.002450645,0.3282181,0.13642254,0.71699274,0.019814203,0.19078839,0.06902089,0.011450032,0.0048019458
375316653866487564,5300773461919088512,0.6549868,2059.7317652231463,4.037847396531554,2.7047247E-6,16.592407,0.028564475,0.18797937,0.0024468093,0.060037374,0.010392458,0.3305952,0.045319274,0.6891486,0.0012387772,0.051855262,0.005232167,0.3928011,0.05579488,0.10797249,0.029422961,0.18797937,0.0024468093,"TWOGAUSSIANS_WITH_ELLIPSOIDAL_ON_ECLIPSE1",9,20.935543,0.6891486,0.0012387772,0.29038948,0.029300136,0.60867435,0.0061431886,0.18797937,0.0024468093,0.3362093,0.058197763,0.5464801,0.022315843
375316653866487564,5300777065391863552,0.468398,2047.5827233847042,0.7914819292964652,3.8121227E-5,18.269918,0.0073823044,0.38355112,0.004603262,0.017069362,0.004203139,0.34364673,0.13682507,0.6406092,0.018402852,0.100514926,0.02104469,0.05470093,0.013107707,null,null,null,null,"TWOGAUSSIANS",8,12.073624,0.38359112,0.004629101,0.09558842,0.023537576,0.34572607,0.13682392,0.6406092,0.018402852,0.4,0.0,0.054700464,0.013106731
375316653866487564,5300779406152064256,0.66656244,2041.1939696425397,0.3348012550754815,1.2199916E-6,15.684601,0.0034330855,0.17697836,0.007813339,0.0232633,0.008830202,0.06333045,0.08956549,0.66938823,2.1459303E-4,0.030131359,3.9058385E-4,0.9206231,0.009850963,0.01129751,0.005565756,0.66938823,2.1459303E-4,"TWOGAUSSIANS_WITH_ELLIPSOIDAL_ON_ECLIPSE2",9,41.08625,0.66938823,2.1459303E-4,0.16873561,0.0021872697,0.9432181,0.010006604,0.17686836,0.007801336,0.13027447,0.04944913,0.085874885,0.08997267
375316653866487564,5300780260845287552,0.60039794,1983.1132604703675,3.081012668260023,3.2942164E-6,18.729042,0.008905601,0.24302828,0.0013086206,0.046695683,0.0039261593,0.28748953,0.018970883,0.74918014,0.004780947,0.058528922,0.004660128,0.18996704,0.020545298,0.09919477,0.011208881,0.24302828,0.0013086206,"TWOGAUSSIANS_WITH_ELLIPSOIDAL_ON_ECLIPSE1",9,1.1429085,0.24302828,0.0013086206,0.26149583,0.021986492,0.48586398,0.018242208,0.74918014,0.004780947,0.32776198,0.026096718,0.38804522,0.005241112
375316653866487564,5300780883616432640,0.4524524,2030.5126916567908,0.5812558704616907,4.9315295E-6,19.039549,0.0052198744,0.082093365,0.013328419,0.022793973,0.0072849877,0.10423829,0.061567996,0.30355015,0.01570583,0.019600447,0.008033944,0.361984,0.12076952,0.0186996,0.008625647,0.082093365,0.013328419,"TWOGAUSSIANS_WITH_ELLIPSOIDAL_ON_ECLIPSE1",9,5.4337716,0.30355015,0.01570583,0.109762505,0.04499009,0.36317396,0.12158671,0.082093365,0.013328419,0.12764624,0.040795933,0.14163738,0.06093463
375316653866487564,5300782150630868480,0.5073033,2027.6392501483297,0.5143752590707443,3.7610596E-5,17.953817,0.002088116,0.3474756,0.017095815,0.036245286,0.012260402,0.03771319,0.07564931,0.8467612,0.0144347325,0.013029819,0.006126787,0.31881246,0.3626221,null,null,null,null,"TWOGAUSSIANS",8,2.2165265,0.8467612,0.0144347325,0.072966985,0.034310006,0.31881246,0.3626221,0.3474756,0.017095815,0.20297362,0.06865825,0.03771319,0.07564931
375316653866487564,5300788404103652608,0.5195457,2079.966591109414,2.0626585272148095,1.2328542E-5,16.728886,8.572751E-4,0.2531799,6.778876E-5,0.0032227593,8.080741E-5,0.12987024,0.0014179188,0.60098904,0.019436434,0.040117964,0.02304374,0.011510065,0.003236937,null,null,null,null,"TWOGAUSSIANS",8,2.1495686,0.2531799,6.778876E-5,0.018047452,4.525215E-4,0.12987024,0.0014179188,0.60098904,0.019436434,0.22466059,0.12904494,0.011510065,0.003236937
375316653866487564,5300796792179489024,0.48993495,2005.0880077261486,3.4294908637159347,1.2171605E-5,18.492537,0.019634439,0.28354806,0.0069107255,0.0999102,0.013091797,0.27269673,0.018936466,0.79167515,0.004644809,0.09203572,0.009753158,0.2825239,0.019638577,null,null,null,null,"TWOGAUSSIANS",8,7.1882834,0.79167515,0.004644809,0.4,0.0,0.26585937,0.01575812,0.28354806,0.0069107255,0.4,0.0,0.2560303,0.017939953
375316653866487564,5300803354889530624,0.50056046,2065.752528658754,0.08129185610097724,1.9725003E-5,14.178007,5.9798214E-4,0.9848113,0.0025109546,0.0034128353,0.0015771152,0.083261,0.038156055,0.44595662,0.01796929,0.0562105,0.015905658,0.008826329,0.0063798786,null,null,null,null,"TWOGAUSSIANS",8,12.767744,0.9848113,0.0025109546,0.019111877,0.008831845,0.083261,0.038156055,0.44595662,0.01796929,0.3147788,0.08907168,0.008826329,0.0063798786
375316653866487564,5300804415741843456,0.42167068,2087.0734581810675,0.0650778699182486,8.340483E-5,18.205002,0.0028581219,0.6474622,1.1852858E-5,0.0022492968,4.200058E-5,0.4068927,0.0032513365,0.9174863,0.0063884202,0.021516219,0.0036267694,0.34986714,0.034577817,null,null,null,null,"TWOGAUSSIANS",8,4.0399117,0.6474622,1.1852858E-5,0.012596061,2.3520326E-4,0.4068927,0.0032513365,0.9174863,0.0063884202,0.12049082,0.020309908,0.34986714,0.034577817
375316653866487564,5300805210315353856,0.616265,2069.807458735105,1.2164442764935726,4.2546935E-6,15.846472,0.0057662907,0.2704793,0.0013314332,0.10139025,0.0041108574,0.13518083,0.005263292,0.77216023,0.0018256354,0.114143215,0.005783852,0.122100286,0.0053795776,null,null,null,null,"TWOGAUSSIANS",8,1.9949175,0.2704793,0.0013303,0.4,0.0,0.11818686,0.0024753483,0.77216023,0.0018256354,0.4,0.0,0.10509107,0.0020574147
375316653866487564,5300806550340138368,0.50777364,2052.493656221823,3.436633548689078,1.0327715E-5,19.446344,0.019659862,0.22457169,0.00423068,0.0914186,0.007412194,0.3155877,0.020161703,0.7382964,0.0054400335,0.08609933,0.009991116,0.34394217,0.01904272,null,null,null,null,"TWOGAUSSIANS",8,2.029673,0.7382964,0.0054400335,0.4,0.0,0.33395737,0.01636151,0.22457169,0.00423068,0.4,0.0,0.30560267,0.014811619
375316653866487564,5300806717844441856,0.47011095,2086.8836578899122,3.1133279371503146,1.7331196E-5,18.646196,0.038711965,0.25423253,0.007344938,0.099288665,0.018158931,0.2675162,0.03741445,0.7424489,0.0044016326,0.09481282,0.014965671,0.2693865,0.034608334,null,null,null,null,"TWOGAUSSIANS",8,9.406707,0.7424489,0.0044016326,0.4,0.0,0.25278822,0.016443307,0.25423253,0.0073463963,0.4,0.0,0.25091657,0.025322927
375316653866487564,5300809947660716288,0.45572558,2001.5090539893715,0.41259097621077084,4.2359497E-5,18.199738,0.008628305,0.2292368,0.014543865,0.07568341,0.01456631,0.124470964,0.022621887,0.7622073,0.025552072,0.018017663,0.017518314,0.95990145,0.79011714,null,null,null,null,"TWOGAUSSIANS",8,25.496136,0.7622073,0.025552072,0.10089891,0.098102555,0.9599014,0.79011935,0.2292368,0.014543865,0.4,0.02473426,0.12447094,0.022621462
375316653866487564,5300810158118576128,0.57544434,2024.9818335183936,1.5410692907069357,7.7583445E-6,13.395181,0.15111889,0.2612764,0.005532207,0.18866384,0.044310547,0.2920375,0.14962761,0.73545384,0.006337448,0.13516234,0.012918031,0.29835206,0.10910067,null,null,null,null,"TWOGAUSSIANS",8,22.9563,0.73545384,0.006337448,0.4,0.0,0.16240993,0.002906605,0.2628364,0.0044137277,0.4,0.0,0.13847737,0.0042807213
375316653866487564,5300817197565770112,0.57032317,1984.6201775093712,4.081828581284796,1.08642735E-5,19.429419,0.0140685765,0.24080051,0.003568911,0.07000909,0.005140393,0.59205073,0.046981953,0.7297346,0.0033979095,0.037466228,0.0061821174,0.4584336,0.05734018,0.11808045,0.015919596,0.24080051,0.003568911,"TWOGAUSSIANS_WITH_ELLIPSOIDAL_ON_ECLIPSE1",9,3.25757,0.24080051,0.003568911,0.3920509,0.02412365,0.8272663,0.035195913,0.7303346,0.0031484927,0.20981088,0.034619857,0.6925706,0.06157287
375316653866487564,5300818713694388864,0.47309658,2021.143967711256,4.125735524278456,1.8099281E-5,18.151432,0.4349037,0.2618359,0.004349112,0.1977933,0.08234305,0.5435503,0.42623356,0.761492,0.004660774,0.1520611,0.04807964,0.49057,0.34935996,null,null,null,null,"TWOGAUSSIANS",8,3.8461866,0.2618859,0.00470232,0.4,0.0,0.17777908,0.0145785315,0.761492,0.004603128,0.4,0.0,0.16492048,0.012613222
375316653866487564,5300820534759451008,0.55408496,2015.9527594872156,3.545289326068027,8.546259E-6,16.488655,0.007106723,0.23259853,0.0024231307,0.078876615,0.003354895,0.27121368,0.0077600135,0.7212989,0.0031231814,0.07725576,0.004128317,0.3284869,0.009520192,null,null,null,null,"TWOGAUSSIANS",8,24.30002,0.7212989,0.0031231814,0.4,0.0,0.32569104,0.00935709,0.23259853,0.0024231307,0.4,0.0,0.26841784,0.0071259723
375316653866487564,5300822630703439616,0.5063785,2036.4946844029691,1.3478907870091184,9.38944E-6,16.630411,0.0038338157,0.2817599,0.002071433,0.032025613,0.0016592367,0.32210496,0.0072695874,0.7843003,0.009412372,0.027106168,0.0063130124,0.10860215,0.023200324,null,null,null,null,"TWOGAUSSIANS",8,40.595016,0.2817599,0.002071433,0.17934345,0.009291726,0.32210496,0.0072695874,0.7843003,0.009412372,0.15179454,0.035352867,0.10860215,0.023200324
375316653866487564,5300827303623881472,0.5186985,2009.758059555892,3.245041402923811,9.034675E-6,19.391151,0.010523858,0.22672819,0.0041303043,0.07025931,0.006083705,0.40533417,0.033770025,0.7215449,0.0027003523,0.0780827,0.0053510433,0.47460267,0.019478748,null,null,null,null,"TWOGAUSSIANS",8,3.5700774,0.7215449,0.0027003523,0.4,0.0,0.47193643,0.019834282,0.22672819,0.0041303043,0.39345217,0.024188101,0.40266794,0.03454624
375316653866487564,5300831800451869312,0.43925548,2050.8528929166205,2.544291340062168,1.5216011E-5,17.24473,0.004439918,0.08919871,0.0129798185,0.011207072,0.0056688744,0.1519489,0.14404556,0.78949654,0.009595168,0.01782753,0.00980297,0.1849921,0.09792505,0.007472122,0.0063710525,0.78949654,0.009595168,"TWOGAUSSIANS_WITH_ELLIPSOIDAL_ON_ECLIPSE2",9,29.816385,0.78949654,0.009595168,0.09983417,0.054896634,0.19993635,0.097623326,0.08924871,0.013004721,0.0627596,0.031745695,0.15336078,0.1442974
375316653866487564,5300833655877611264,0.55055714,2031.6013501547468,0.627511250738911,2.4570072E-5,18.439886,0.0022591942,0.21393557,8.350923E-4,0.009384394,8.730355E-4,0.63680804,0.18251665,0.7059079,0.01855185,0.008789501,0.021733489,0.4473315,0.5118495,null,null,null,null,"TWOGAUSSIANS",8,1.5317321,0.21393557,8.350923E-4,0.052552603,0.0048889993,0.63680804,0.18251665,0.7059079,0.01855185,0.04922121,0.121707544,0.4473315,0.5118495
375316653866487564,5300833930755587328,0.5937186,2048.454554066437,2.4743021755545844,5.9372937E-6,16.814175,0.013489181,0.15312757,0.0017403044,0.054829802,0.004508011,0.2659993,0.031050893,0.6583806,0.003505567,0.05634851,0.0050531323,0.2833596,0.03129488,0.09329608,0.016478987,0.15312757,0.0017403044,"TWOGAUSSIANS_WITH_ELLIPSOIDAL_ON_ECLIPSE1",9,19.186571,0.6583806,0.003505567,0.31555167,0.02829754,0.4697299,0.0198612,0.15312757,0.0017403044,0.3070469,0.025244862,0.4525728,0.013005471
375316653866487564,5300835756123426048,0.5735763,2034.7751258525734,2.9804979716644393,5.361335E-6,15.658549,0.04592356,0.22172816,0.0013184439,0.11071413,0.008527986,0.4565447,0.04262289,0.72428334,0.0026518279,0.12160203,0.011687395,0.4238729,0.04094122,null,null,null,null,"TWOGAUSSIANS",8,53.42404,0.22171816,0.0013256926,0.4,0.0,0.3722773,0.010334464,0.72428334,0.002669603,0.4,0.0,0.3394583,0.0112106325
375316653866487564,5300838363166579840,0.55303854,2028.603706061868,3.4718620181864437,9.755487E-6,16.972218,0.0062004854,0.2788009,0.0031032653,0.050067224,0.016674513,0.10432728,0.016800974,0.77048486,0.020647626,0.033876613,0.025075799,0.045850113,0.04057701,0.079247005,0.007960814,0.2788009,0.0031032653,"TWOGAUSSIANS_WITH_ELLIPSOIDAL_ON_ECLIPSE1",9,11.644276,0.2788009,0.0031032653,0.28037646,0.09337727,0.26282054,0.021113932,0.7724649,0.018420063,0.18970902,0.14042448,0.20401408,0.039415233
375316653866487564,5300839260816609536,0.5037082,2033.9224218149043,2.2060351636628655,1.868203E-5,16.164225,0.009582954,0.29342023,0.0036282523,0.089790545,0.008057997,0.13472083,0.009082711,0.78828853,0.007154078,0.09291944,0.013945776,0.13316537,0.010495835,null,null,null,null,"TWOGAUSSIANS",8,23.130552,0.29342023,0.0036282523,0.4,0.0,0.1288583,0.006507566,0.78828853,0.007154078,0.4,0.0,0.12730275,0.011227779
375316653866487564,5300845857887321728,0.59284884,2048.08642146452,1.3187164914043064,3.2971268E-6,17.510069,0.003131667,0.16530408,0.0018699156,0.059110917,0.0024287414,0.11696755,0.0048224754,0.6589227,6.5264665E-4,0.05208215,7.9469336E-4,0.5168548,0.009267146,null,null,null,null,"TWOGAUSSIANS",8,3.8231387,0.6589227,6.5264665E-4,0.29166004,0.004450283,0.51684034,0.009267263,0.16530408,0.0018699156,0.33102113,0.013600952,0.11695309,0.0048208195
375316653866487564,5300848224407076608,0.58020973,2042.4772740986825,4.869235553428725,6.186706E-6,19.038177,0.012663581,0.26311415,0.001316162,0.038526922,0.006888969,0.28376243,0.024918769,0.76282907,0.0034873106,0.04747564,0.0057759183,0.36429352,0.032799132,0.10934074,0.01872962,0.26311415,0.001316162,"TWOGAUSSIANS_WITH_ELLIPSOIDAL_ON_ECLIPSE1",9,1.9794606,0.76285905,0.0032290707,0.26586357,0.032345142,0.58297396,0.031423986,0.26311415,0.001316162,0.21575075,0.038578227,0.5024435,0.04585362
375316653866487564,5300853687606826112,0.52692217,2053.2341809181075,2.1006175458342136,8.313729E-6,17.55362,0.46742508,0.23938507,0.0021195957,0.12518232,0.034065764,0.3586488,0.23276383,0.740567,0.0076480503,0.258974,0.1828454,0.43413758,0.4653162,null,null,null,null,"TWOGAUSSIANS",8,3.093409,0.23901507,0.0023104022,0.4,0.0,0.1679032,0.0056048883,0.74061704,0.0076403627,0.4,0.0,0.10948071,0.006637896
375316653866487564,5300858394891060224,0.56299204,2052.50474890667,2.5712367453159386,1.2078446E-5,19.160019,0.007896818,0.27589932,0.0064463248,0.074145496,0.0055260775,0.46817562,0.028179724,0.78266567,0.002884292,0.07177698,0.003047742,0.5322292,0.011157422,null,null,null,null,"TWOGAUSSIANS",8,2.1761954,0.78266567,0.002884292,0.4,0.0040404703,0.52983195,0.010695145,0.27589932,0.0064463248,0.4,0.0,0.46577838,0.027701624
375316653866487564,5300863587512076800,0.56781614,2018.2738144565465,1.2659038011111436,9.5784535E-6,15.97778,0.009590015,0.14904322,0.0012872319,0.06334571,0.0027867965,0.3651415,0.009658764,0.65014446,0.0042944443,0.07903643,0.0061516194,0.5458618,0.026798312,null,null,null,null,"TWOGAUSSIANS",8,87.42229,0.65014446,0.0042944443,0.4,0.0,0.544008,0.027397245,0.14904322,0.0012872319,0.35473597,0.015606061,0.36328778,0.009129112
375316653866487564,5300864858822442368,0.6701028,2046.370603313353,0.8599114417448733,6.024651E-6,12.984483,0.004718528,0.2791497,0.0011882231,0.03244513,0.0011812488,1.0797169,0.02118027,0.78310263,0.01477934,0.028349562,0.012289644,0.044316836,0.022045448,0.019334005,0.006446744,0.2791497,0.0011882231,"TWOGAUSSIANS_WITH_ELLIPSOIDAL_ON_ECLIPSE1",9,267.75464,0.2791497,0.0011882231,0.18169273,0.0066149933,1.1183848,0.017228974,0.78310263,0.01477934,0.15875754,0.068822004,0.08296098,0.019610517
375316653866487564,5300868397875404288,0.59484553,2067.094985403233,3.0443568887633567,7.660094E-6,15.77554,0.0020338239,0.2377807,0.0020760314,0.077934064,0.0031807465,0.13019596,0.0023842945,0.73714054,0.001785956,0.078008406,0.0034063484,0.12521635,0.002260517,null,null,null,null,"TWOGAUSSIANS",8,5.908918,0.2377807,0.0020760314,0.4,0.0,0.12872006,0.0022084506,0.73714054,0.001785956,0.4,0.0,0.123740435,0.0022354254
375316653866487564,5300875231162065024,0.4421856,2052.7286837285433,0.6039265057928018,1.9248531E-5,18.13646,0.0082580475,0.3048596,0.009256849,0.072047435,0.011895834,0.075903475,0.009644561,0.8007535,0.0110749295,0.0962353,0.017025014,0.062525995,0.009390705,null,null,null,null,"TWOGAUSSIANS",8,2.9201715,0.3048596,0.009256849,0.4,0.030712359,0.07439506,0.008239748,0.8007535,0.0110749295,0.4,0.0,0.061017405,0.0083610555
375316653866487564,5300876949149004672,0.54647255,2054.3539237953332,1.5261940906728937,5.3082067E-6,18.46395,0.006570611,0.18100639,0.0042148884,0.09240902,0.0075497106,0.17158101,0.008447092,0.68390536,0.0017010614,0.07925135,0.003299672,0.26759806,0.009094302,null,null,null,null,"TWOGAUSSIANS",8,1.9643866,0.68390536,0.0017010614,0.4,0.0,0.2618814,0.008762859,0.18100639,0.0042148884,0.4,0.0,0.16586421,0.0086561255
375316653866487564,5300883413074016512,0.51937747,2085.321916006649,2.7834872727654325,1.0258344E-5,18.23627,0.031170404,0.3039698,0.0031426486,0.09521478,0.0077655846,0.40531304,0.029232815,0.80044943,0.0048185685,0.11388395,0.010946454,0.37661082,0.031247929,null,null,null,null,"TWOGAUSSIANS",8,10.091088,0.3039798,0.0031550683,0.4,0.0,0.3627214,0.013266163,0.80044943,0.0048185685,0.4,0.0,0.33397046,0.016174879
375316653866487564,5300886844752508160,0.5378151,2024.4695353440673,1.7136207968104378,1.0795129E-5,19.608282,0.007515378,0.26547652,0.0020228704,0.036176894,0.003608637,0.427472,0.023875037,0.7585528,6.000081E-4,0.02485394,0.0012848473,0.73176676,0.0187541,null,null,null,null,"TWOGAUSSIANS",8,3.293181,0.7585528,6.000081E-4,0.13918206,0.007195145,0.73176676,0.0187541,0.26547652,0.0020228704,0.2025906,0.020208368,0.427472,0.023875037
375316653866487564,5300890422469284352,0.6591542,2071.090404906218,3.728663946791382,2.184879E-6,17.695433,0.005766858,0.24090517,0.0014286757,0.04719092,0.002695882,0.4698148,0.025434988,0.7398476,8.6340954E-4,0.04343789,0.0015357714,0.44807515,0.012586871,0.13758382,0.00804829,0.24090517,0.0014286757,"TWOGAUSSIANS_WITH_ELLIPSOIDAL_ON_ECLIPSE1",9,4.6044126,0.24090517,0.0014286757,0.26426914,0.015096938,0.74498194,0.023438362,0.7399376,7.586433E-4,0.24325219,0.00860032,0.7232312,0.00967054
375316653866487564,5300891521978548224,0.6789919,2063.0757863509284,0.22360630560441644,3.0918306E-6,14.420427,0.0029530793,0.23187496,0.0041496027,0.030533178,0.0033634966,0.14548816,0.038824063,0.7288498,7.875111E-4,0.028433487,5.600971E-4,1.3652956,0.03080327,0.038772896,0.0041579185,0.23187496,0.0041496027,"TWOGAUSSIANS_WITH_ELLIPSOIDAL_ON_ECLIPSE1",9,96.195076,0.72885984,7.8668306E-4,0.15922752,0.0031365438,1.4428135,0.029946523,0.23187496,0.0041496027,0.17098579,0.018835582,0.22303392,0.04207627
375316653866487564,5300895370269209344,0.5869532,2102.3978027052526,0.408016041394256,2.5818981E-6,14.510224,0.0030655505,0.15264648,0.0015846606,0.011089212,7.5355073E-4,0.6185021,0.0763863,0.65501803,0.0021266777,0.008149938,0.0028068114,0.6766736,0.15893939,null,null,null,null,"TWOGAUSSIANS",8,205.14046,0.65501803,0.0021266777,0.04563965,0.015718143,0.6766736,0.15893939,0.15264648,0.0015846606,0.06209959,0.004219884,0.6185021,0.0763863
375316653866487564,5300897908588500608,0.45098588,2064.3161670788213,2.1082171852069624,1.6515167E-5,19.877428,0.0070371884,0.24864724,0.002289868,0.023594271,0.0024420659,0.27094436,0.012782637,0.7385561,0.013737208,0.022582348,0.00819375,0.33580425,0.47551945,null,null,null,null,"TWOGAUSSIANS",8,2.3209913,0.7385561,0.013737208,0.12646115,0.045885,0.33580425,0.47551945,0.24864724,0.002289868,0.13212791,0.013675569,0.27094436,0.012782637
375316653866487564,5300902650232662144,0.6358885,2063.242785230557,3.129469851881154,2.296469E-6,18.492132,0.00751258,0.26041183,0.0010467473,0.04271474,0.0021519286,0.40618527,0.022262996,0.7586188,0.0016063162,0.041954,0.0022526744,0.5626208,0.016697839,0.14807759,0.009397945,0.26041183,0.0010467473,"TWOGAUSSIANS_WITH_ELLIPSOIDAL_ON_ECLIPSE1",9,2.6131134,0.75873876,0.0014833625,0.23494239,0.012614977,0.8587408,0.010287135,0.26041183,0.0010467473,0.23920256,0.0120508,0.7023403,0.018535728
375316653866487564,5300904441240113664,0.6310375,2049.588613829697,2.799667994533242,2.8719455E-6,17.738731,0.01051746,0.14085466,0.0024938479,0.043346085,0.0030090162,0.35218155,0.01960891,0.6377865,0.0023438819,0.047304314,0.0031404193,0.3612708,0.021381134,0.1276302,0.011013479,0.14085466,0.0024938479,"TWOGAUSSIANS_WITH_ELLIPSOIDAL_ON_ECLIPSE1",9,6.909905,0.6381265,0.0020450582,0.26490414,0.017586347,0.6164466,0.014022291,0.14085466,0.0024938479,0.24273807,0.01685049,0.6074417,0.012052282
375316653866487564,5300907426236526720,0.5099288,2062.2765604583487,3.193938262176424,1.0201355E-5,19.594666,0.011732087,0.29938266,0.0051800488,0.08148934,0.008079375,0.43530872,0.039854407,0.8008739,0.0025025627,0.080343165,0.0040237186,0.39773563,0.014606966,null,null,null,null,"TWOGAUSSIANS",8,2.319181,0.29938266,0.0051800488,0.4,0.0,0.42846695,0.041954465,0.8008739,0.0025025627,0.4,0.0,0.39089385,0.013373274
375316653866487564,5300910140659063936,0.6212535,2066.4466624444653,3.529920186552876,4.749809E-6,16.46849,0.009253453,0.2498673,0.002402061,0.04401189,0.002859402,0.37408167,0.022209188,0.7527488,0.0015694756,0.04818546,0.0022396096,0.46248403,0.025068775,0.12880649,0.012236682,0.7527488,0.0015694756,"TWOGAUSSIANS_WITH_ELLIPSOIDAL_ON_ECLIPSE2",9,27.656397,0.7527488,0.0015694756,0.26983857,0.012541814,0.72009575,0.016672585,0.2501373,0.0021922176,0.24646659,0.016012652,0.63161695,0.011456618
375316653866487564,5300914543003870208,0.50237495,2065.0116111594602,3.8910777777979617,1.4053415E-5,18.633545,0.0022620072,0.36498943,0.014472811,0.015013999,0.006542057,0.100551635,0.31951362,0.726444,0.010627578,0.021859499,0.021631047,1.1697253,1.2212895,null,null,null,null,"TWOGAUSSIANS",8,1.3375553,0.726444,0.010627578,0.122413196,0.121133864,1.1697253,1.2212895,0.36498943,0.014472811,0.084078394,0.036635518,0.100551635,0.31951362
375316653866487564,5300919280347285248,0.5656872,2078.627857434383,3.4957272407536912,6.2555678E-6,16.924212,0.023355523,0.2880068,0.0034504184,0.05228598,0.015601618,0.13111068,0.051589523,0.783478,0.0026720513,0.054288335,0.009534737,0.18726121,0.050967373,0.06299889,0.030754501,0.2880068,0.0034504184,"TWOGAUSSIANS_WITH_ELLIPSOIDAL_ON_ECLIPSE1",9,17.668854,0.784088,0.002034405,0.30401468,0.053394526,0.3131662,0.013215795,0.2880068,0.0034504184,0.2928015,0.08736906,0.2571039,0.017918617
375316653866487564,5300919933182460160,0.5368571,2047.5075510103225,0.9597778684154613,6.4914116E-6,19.740496,0.0073065693,0.27767336,9.85154E-4,0.038158305,0.0010353997,0.9545258,0.02382958,0.76515764,0.0074678995,0.053345375,0.008083631,0.1312129,0.019648876,null,null,null,null,"TWOGAUSSIANS",8,1.8245924,0.27767336,9.85154E-4,0.2136865,0.0057982383,0.95452577,0.023829583,0.76515764,0.0074678995,0.2987341,0.04526834,0.13121282,0.019648936
375316653866487564,5300924846625263360,0.49059063,2023.4485653813354,2.977337997180351,2.0650135E-5,16.695883,0.98879987,0.22514151,0.0058211028,0.16412845,0.05644328,1.1182791,0.7591149,0.7298683,0.012280392,0.21830994,0.1158413,1.188376,0.962859,null,null,null,null,"TWOGAUSSIANS",8,27.52506,0.2223615,0.0037359889,0.4,0.0,0.33559892,0.01789796,0.7315883,0.01071565,0.4,0.0,0.2546319,0.012876958
375316653866487564,5300925606834521472,0.57744217,2034.0453866981643,3.4494081824720357,6.1757587E-6,18.782871,0.0048933346,0.2662946,0.0045233783,0.06692068,0.006752142,0.4575271,0.014487748,0.7704737,0.0020959056,0.07463683,0.0022572642,0.3836286,0.009688327,null,null,null,null,"TWOGAUSSIANS",8,2.5264251,0.2662946,0.0045233783,0.37475583,0.026878495,0.4560632,0.015629021,0.7704737,0.0020959056,0.4,0.0,0.38216472,0.009520317
375316653866487564,5300926981223803648,0.4986357,2036.277906431314,3.8286408010494397,7.724556E-6,18.86126,0.006300416,0.21521166,0.006351865,0.06780367,0.0077178637,0.15637481,0.007980695,0.71074873,0.0029411106,0.0715825,0.008509102,0.18303089,0.011647769,null,null,null,null,"TWOGAUSSIANS",8,1.7705433,0.71074873,0.0029411106,0.4,0.023710012,0.18254581,0.012031759,0.21521166,0.006351865,0.37970057,0.043220036,0.15588973,0.007734291
375316653866487564,5300931997745366912,0.5550105,2053.40243467073,3.461350620710674,7.4597465E-6,18.59547,0.0108326115,0.28406578,0.0034643086,0.0703124,0.004182818,0.43803382,0.01733503,0.79565644,0.0025832609,0.068453796,0.004178547,0.41552162,0.01801044,null,null,null,null,"TWOGAUSSIANS",8,4.646951,0.28406578,0.0034643086,0.39374945,0.02306053,0.43707937,0.017225359,0.79565644,0.0025832609,0.38334125,0.023399862,0.41456714,0.01805083
375316653866487564,5300934536071691776,0.53747976,2031.6680301527015,4.33652555029999,3.391045E-5,19.902382,0.016924422,0.21525241,0.004009486,0.07679229,0.0048886603,0.47051665,0.023781968,0.7136947,0.008158709,0.07630877,0.006775842,0.548807,0.03320686,null,null,null,null,"TWOGAUSSIANS",8,2.1128132,0.7136947,0.008158709,0.4,0.0,0.5440609,0.03290861,0.21525241,0.004009486,0.4,0.0,0.46577048,0.02282834
375316653866487564,5300937254790689664,0.5172861,2016.94333885627,0.20335027800421648,6.932475E-5,15.045236,0.0038352616,0.3594791,0.0013439993,0.019618688,0.0019907542,0.49731427,0.039390173,0.84717166,0.014549298,0.026683718,0.023302259,0.26009598,2.390854,null,null,null,null,"TWOGAUSSIANS",8,207.47934,0.3594791,0.0013439993,0.10986465,0.011148223,0.49731427,0.039390173,0.84717166,0.014549298,0.14942883,0.13049266,0.26009598,2.390854
375316653866487564,5300940823904025472,0.54238015,2001.23997211042,0.16123498999935315,1.1004344E-4,18.159363,0.0025289515,0.094165795,0.015341487,0.011727712,0.011565725,0.02597973,0.0119938245,0.3020252,0.05666178,0.01961446,0.03567136,0.88993686,0.872863,null,null,null,null,"TWOGAUSSIANS",8,2.4312167,0.3020252,0.05666178,0.109840974,0.19975962,0.88993686,0.872863,0.094165795,0.015341487,0.06567519,0.06476806,0.02597973,0.011993856
375316653866487564,5300941957775527552,0.56541085,2036.2433769541842,3.1910557364699303,4.1806748E-6,18.639004,0.008165912,0.13202386,0.0010259389,0.039850615,0.0017700029,0.5312896,0.02608556,0.63642824,0.0011423823,0.03934602,0.0066054263,0.7593701,0.37830484,0.102041185,0.016938385,0.13202386,0.0010259389,"TWOGAUSSIANS_WITH_ELLIPSOIDAL_ON_ECLIPSE1",9,8.191269,0.63642824,0.0011423823,0.22033772,0.03699039,0.96329606,0.3891184,0.13202386,0.0010259389,0.22316344,0.009912016,0.73537177,0.023246907
375316653866487564,5300944229817604480,0.65610635,2049.301842901291,2.2145137602336016,9.935766E-6,14.371891,6.276253E-4,0.72404206,0.009869037,0.015915055,0.019126728,0.022364412,0.016452286,0.8907764,3.2185265E-4,0.00900424,7.3967903E-4,4.4395704,3.313705,null,null,null,null,"TWOGAUSSIANS",8,10.978738,0.8907764,3.2185265E-4,0.050423745,0.0041422024,4.4395704,3.313705,0.72404206,0.009869037,0.08912431,0.10710967,0.022364412,0.016452286
375316653866487564,5300951101766030976,0.53084105,2044.858047493533,4.428930125111713,1.4291228E-5,16.03211,9.6900633E-4,0.43437323,5.342307E-4,0.0061151586,5.9028715E-4,0.15837672,0.014955579,0.61578166,0.03773713,0.021902949,0.025629016,0.0055905306,0.02423504,null,null,null,null,"TWOGAUSSIANS",8,4.968799,0.43437323,5.342307E-4,0.034244888,0.003305608,0.15837672,0.014955579,0.61578166,0.03773713,0.12265652,0.14352249,0.0055905306,0.02423504
375316653866487564,5300953399566356992,0.5442484,2057.9307960722367,2.8175620372504735,4.1637068E-6,18.354525,0.007040411,0.21825753,0.0013489642,0.076449946,0.0033226341,0.3644509,0.016621063,0.7220502,0.0032979827,0.07320164,0.0048640873,0.33833414,0.023063328,null,null,null,null,"TWOGAUSSIANS",8,3.5283165,0.21825753,0.0013489642,0.4,0.0,0.36201897,0.016949875,0.7220502,0.0032979827,0.4,0.008988573,0.3359022,0.023642685
375316653866487564,5300953537005355776,0.61371356,2034.4094900023229,2.8609453747879106,4.0939935E-6,18.075777,0.0061709243,0.30430442,0.002369605,0.07895679,0.00331543,0.37491843,0.012065462,0.80507624,0.0016221905,0.07733211,0.0023324627,0.3789773,0.007003029,null,null,null,null,"TWOGAUSSIANS",8,2.5788586,0.80507624,0.0016221905,0.4,0.0,0.37453166,0.0064386176,0.30430442,0.002369605,0.4,0.0,0.3704728,0.012174863
375316653866487564,5300957664476072576,0.64077634,2066.6301945731066,2.7434357143449524,2.2057377E-6,15.297721,0.0054991236,0.25512436,9.0497354E-4,0.04737366,0.0025572758,0.29863018,0.022066265,0.752206,0.0013245736,0.045388553,0.001992931,0.22546749,0.011392563,0.12610105,0.0063109305,0.25512436,9.0497354E-4,"TWOGAUSSIANS_WITH_ELLIPSOIDAL_ON_ECLIPSE1",9,42.67948,0.25512436,9.0497354E-4,0.2652925,0.014320744,0.55083185,0.021869935,0.75265604,0.0010808737,0.2541759,0.011160414,0.47759742,0.0035194452
375316653866487564,5300959519901900160,0.5490608,2013.3001996771113,3.2384599081782377,1.2777524E-5,17.746088,0.009258818,0.14052354,0.0026234118,0.035607357,0.015934976,0.19233492,0.03892378,0.61773634,0.005598871,0.03705386,0.006061502,0.29430786,0.036582798,0.16446511,0.015320799,0.14052354,0.0026234118,"TWOGAUSSIANS_WITH_ELLIPSOIDAL_ON_ECLIPSE1",9,24.484728,0.6201763,0.005197149,0.20750162,0.03394441,0.6172535,0.034324016,0.14052354,0.0026234118,0.1994012,0.089235865,0.5212649,0.04828958
375316653866487564,5300963127674297728,0.6168123,2056.6419645240308,0.10457328764486842,1.8921613E-5,17.378822,0.0019952434,0.4175264,0.03928409,0.068880185,0.08891729,0.013891376,0.15770297,0.626829,0.0031380632,0.008178034,0.0015661559,0.8595213,0.8324974,null,null,null,null,"TWOGAUSSIANS",8,2.4485583,0.626829,0.0031380632,0.04579699,0.008770473,0.85965866,0.83263147,0.4175264,0.03928409,0.38572904,0.48323128,0.013891376,0.15770297
375316653866487564,5300967766239013888,0.61774313,2040.7802814699196,3.6878232744059556,3.4000725E-6,17.968052,0.008487683,0.2446867,0.0018606683,0.046135668,0.0035238166,0.34468138,0.025633516,0.7508434,0.0017503175,0.041912187,0.0026722767,0.31520888,0.02066425,0.12096675,0.010671608,0.2446867,0.0018606683,"TWOGAUSSIANS_WITH_ELLIPSOIDAL_ON_ECLIPSE1",9,3.077411,0.2446867,0.0018606683,0.25835973,0.019733373,0.5866144,0.02158801,0.7508434,0.0017503175,0.23470825,0.01496475,0.55678004,0.012344803
375316653866487564,5300967869318231296,0.5739223,1996.3704210268086,0.3817861843513756,5.5508826E-6,14.000573,0.0010763871,0.16610189,7.3116575E-4,0.018690556,0.0010297865,0.23827763,0.010832058,0.6631842,0.0038889616,0.017253956,0.0024797549,0.19038044,0.042405225,0.004487701,0.0019043197,0.16610189,7.3116575E-4,"TWOGAUSSIANS_WITH_ELLIPSOIDAL_ON_ECLIPSE1",9,22.223587,0.16610189,7.3116575E-4,0.10466711,0.0057668043,0.24725302,0.011525687,0.6631842,0.003880256,0.096622154,0.013886627,0.19935282,0.042437103
375316653866487564,5300970201477581696,0.48795444,2083.0153693089524,1.0984551110674845,2.5629106E-5,19.242264,0.011370142,0.20519668,0.0013598871,0.025840873,0.002188161,0.24461614,0.010964897,0.7206181,0.017356526,0.031125814,0.09717171,0.449736,0.3943007,null,null,null,null,"TWOGAUSSIANS",8,3.0051894,0.7206181,0.017356526,0.17430456,0.22468191,0.449736,0.39477748,0.20519668,0.0013598871,0.14470889,0.012253702,0.24461614,0.010720851
375316653866487564,5300972542242533248,0.5552867,2057.3194058560694,1.8466260068407565,5.7415905E-6,13.959971,0.0063066785,0.21687889,0.0018305475,0.067492224,0.004113816,0.20364296,0.010642736,0.7058653,0.0042957678,0.07906848,0.0037196344,0.36162534,0.0116156945,null,null,null,null,"TWOGAUSSIANS",8,289.2958,0.7058653,0.0042957678,0.4,0.0,0.3603594,0.011352086,0.21687889,0.0018305475,0.37795645,0.023037372,0.20237704,0.010730851
375316653866487564,5300973225135989632,0.56630886,2067.3272160982046,2.2845941456938172,7.8074745E-6,18.39529,0.0099689495,0.21547751,0.0064870794,0.076423876,0.0067874314,0.25495574,0.014438553,0.70045406,0.0034811532,0.08134437,0.003923774,0.59456044,0.02662453,null,null,null,null,"TWOGAUSSIANS",8,4.377586,0.70045406,0.0034811532,0.4,0.0,0.5907632,0.026824843,0.21547751,0.0064870794,0.4,0.0,0.2511585,0.014174825
375316653866487564,5300973469955417856,0.61891794,2063.1190182519167,2.6641789021574205,5.1224483E-6,16.77987,0.0043632714,0.24541245,0.0023037125,0.08311521,0.0037964114,0.18665102,0.00487565,0.7414299,0.0019283263,0.08705613,0.0029934659,0.2699374,0.0044506975,null,null,null,null,"TWOGAUSSIANS",8,2.5636885,0.7414299,0.0019283263,0.4,0.0,0.26433203,0.003680385,0.24541245,0.0023037125,0.4,0.0,0.1810457,0.0042397915
375316653866487564,5300974496446325504,0.61334586,2029.3335373395496,2.497579531445937,4.918692E-6,17.890177,0.017211223,0.23643924,0.0016290287,0.05190585,0.0049797758,0.41518074,0.04079115,0.73656213,8.8273984E-4,0.048316926,0.0032768103,0.4201148,0.038295668,0.09523727,0.021884462,0.23643924,0.0016290287,"TWOGAUSSIANS_WITH_ELLIPSOIDAL_ON_ECLIPSE1",9,5.1466827,0.73656213,8.4978685E-4,0.27057478,0.018350137,0.6105848,0.016816027,0.23643924,0.0016290287,0.29067278,0.027886743,0.60565084,0.03081619
375316653866487564,5300975218000883968,0.58900064,2066.108766918709,3.186452647423089,4.3826685E-6,18.414837,0.00923101,0.28521827,0.0013814045,0.048885692,0.004006176,0.2162976,0.021585265,0.7838472,0.003308743,0.048088063,0.009305736,0.34344712,0.016507812,0.09501897,0.012051599,0.28521827,0.0013814045,"TWOGAUSSIANS_WITH_ELLIPSOIDAL_ON_ECLIPSE1",9,3.2271702,0.7839772,0.0030453405,0.26929316,0.05211212,0.53347117,0.02049507,0.28521827,0.0013814045,0.27375987,0.022434583,0.40633443,0.013198545
375316653866487564,5300976115651167616,0.5291361,2056.0792935159157,2.9471239157761744,7.6096912E-6,19.421255,0.021003913,0.26437575,0.0040750713,0.057825457,0.014507377,0.24865739,0.03645416,0.7589043,0.004081575,0.044449124,0.006220898,0.28547782,0.051632628,0.11194009,0.024816165,0.26437575,0.0040750713,"TWOGAUSSIANS_WITH_ELLIPSOIDAL_ON_ECLIPSE1",9,2.6162202,0.75950426,0.0035652155,0.24891509,0.03483703,0.50910056,0.027343577,0.26437575,0.0040750713,0.32382256,0.08124131,0.47251585,0.039896842
375316653866487564,5300978726995449472,0.48529956,2063.238203700312,0.8980566018352047,1.9723038E-5,15.013243,0.004986811,0.26371112,0.0063041407,0.08420094,0.012675735,0.052036494,0.006977478,0.7588483,0.0052272533,0.10169968,0.0180426,0.034774948,0.004501553,null,null,null,null,"TWOGAUSSIANS",8,10.195762,0.26371112,0.0063041407,0.4,0.0,0.049970496,0.0069312854,0.7588483,0.0052272533,0.4,0.0,0.03270855,0.0027866804
375316653866487564,5300982467910703360,0.44158113,2040.7229200652596,0.13228206134783205,3.43786E-5,19.58517,0.06073544,0.29433995,0.014795446,0.20405906,0.039965566,0.3875723,0.05715311,0.7281792,0.0026370932,0.00780376,0.004606094,0.3477013,18.391455,null,null,null,null,"TWOGAUSSIANS",8,8.399977,0.7281792,0.0026370932,0.043701056,0.025794128,0.35788065,18.390837,0.29433995,0.014795446,0.4,0.0,0.34905815,0.020094592
375316653866487564,5300983056323231616,0.58783615,2015.762907856863,3.242282564088395,8.0449145E-6,15.388683,0.01739415,0.28290954,0.0042290003,0.05957863,0.00535445,0.34147543,0.042323958,0.7901697,0.0019986518,0.053617556,0.0059941253,0.30449063,0.03764092,0.09379501,0.022718579,0.7901697,0.0019986518,"TWOGAUSSIANS_WITH_ELLIPSOIDAL_ON_ECLIPSE2",9,105.18132,0.28387955,0.0035167402,0.33364034,0.02998492,0.52869064,0.024591574,0.7901697,0.0019986518,0.3002583,0.0335671,0.49204394,0.013527726
375316653866487564,5300989305495149184,0.5562455,2033.5938176512466,2.563925235218782,5.7726743E-6,18.993046,0.0067978315,0.24015076,0.0022153887,0.09420433,0.0037570954,0.30425826,0.006959857,0.73283434,0.0030249583,0.09095021,0.0041438974,0.29722306,0.0091017885,null,null,null,null,"TWOGAUSSIANS",8,1.0711945,0.24015076,0.0022153887,0.4,0.0,0.29016498,0.0063302736,0.73283434,0.0030249583,0.4,0.0,0.2831301,0.008422571
375316653866487564,5300989309795515136,0.5068607,2020.3482601931214,0.14547087266610295,8.837084E-6,18.954416,0.006461257,0.13723838,3.8707175E-4,0.0033561522,2.1740745E-4,0.4892568,0.021061033,0.3051576,0.05230716,0.07716742,0.058342807,0.036535654,0.028561741,null,null,null,null,"TWOGAUSSIANS",8,3.6832669,0.13723838,3.8707175E-4,0.018794453,0.0012174817,0.4926805,0.021760479,0.3051576,0.05230716,0.4,0.23836774,0.036535654,0.028561736
375316653866487564,5300989962630883072,0.5048516,1999.7699835569017,0.8009781234780263,1.0714172E-5,19.907295,0.006971808,0.40174764,0.023480596,0.0075559667,0.008158668,0.21287285,0.6060249,0.7938053,1.20783334E-4,0.015842358,2.479814E-4,0.90228677,0.013648301,null,null,null,null,"TWOGAUSSIANS",8,1.563565,0.7938053,1.20783334E-4,0.08871721,0.0013886958,0.90228677,0.013648301,0.40174764,0.023480596,0.04231341,0.04568854,0.21287285,0.6060249
375316653866487564,5300990370647192960,0.48558804,2014.1771232900005,3.9545038233591816,1.1272652E-5,19.085712,0.021525946,0.19110945,0.0047980244,0.10349458,0.010504849,0.21939011,0.022466857,0.66045713,0.015915511,0.086710006,0.01967258,0.2229686,0.024424804,null,null,null,null,"TWOGAUSSIANS",8,1.8679007,0.66045713,0.015915511,0.4,0.0,0.21399623,0.018556284,0.19110945,0.004795993,0.4,0.0,0.21040991,0.0124833025
375316653866487564,5300991096501854336,0.4892021,2045.870411867849,0.5679610710124087,2.7470114E-5,16.592789,0.0027649326,0.6736575,0.0150295235,0.021399453,0.019129511,0.025519801,1.9873346,0.7988129,0.004302799,0.022328114,0.0033257878,0.1498603,0.012797413,null,null,null,null,"TWOGAUSSIANS",8,16.163565,0.7988129,0.004302799,0.12503745,0.018624412,0.1498603,0.012797412,0.6736575,0.0150295235,0.119836934,0.10712526,0.025519824,1.9873348
375316653866487564,5300995528908504832,0.4911776,2066.11585227023,1.9063054177074101,2.400824E-6,18.338425,0.0071752155,0.52971584,3.8774207E-4,0.0048707942,2.6602173E-4,0.6429144,0.13731082,0.72957414,0.022208953,0.04216935,0.10835639,0.02361651,0.015346211,null,null,null,null,"TWOGAUSSIANS",8,2.7227669,0.52971584,3.8774207E-4,0.027276447,0.0014897217,0.6429148,0.1377197,0.72957414,0.022208953,0.23614837,0.24819013,0.02361651,0.015351864
375316653866487564,5300996525340590720,0.5145131,2025.9532749503605,1.4658917826031783,1.1576072E-5,16.36873,0.015993675,0.21531563,0.0043715676,0.10943066,0.013082061,0.1452219,0.014273633,0.7170626,0.0043096594,0.102328666,0.012405369,0.15090004,0.014988042,null,null,null,null,"TWOGAUSSIANS",8,14.100703,0.7170626,0.0043096594,0.4,0.0,0.1330583,0.011205639,0.21531563,0.0043715676,0.4,0.0,0.12737362,0.005692952
375316653866487564,5300998793080513792,0.5437635,2068.4131573938444,0.8232435323266784,9.721959E-6,17.37893,0.003567734,0.4543193,0.032072403,0.012947914,0.030230433,0.047648344,0.02937544,0.6225636,1.0031962E-4,0.008234811,3.855516E-4,0.7256086,0.040604092,null,null,null,null,"TWOGAUSSIANS",8,12.968842,0.6225636,1.0031962E-4,0.046114944,0.0021590889,0.7256086,0.04060409,0.4543193,0.032072403,0.07250832,0.16929042,0.047648344,0.02937544
375316653866487564,5301000270552372352,0.47678182,2087.954410656373,0.6372998756913788,4.5445936E-6,13.059133,0.0018248736,0.21290493,3.2987117E-4,0.017014187,2.4051353E-4,0.46081468,0.009869402,0.5589606,0.026327508,0.024113405,0.027350103,0.015880419,0.030591069,null,null,null,null,"TWOGAUSSIANS",8,18.060345,0.21290493,3.2987117E-4,0.09527944,0.0013468758,0.46081468,0.009869402,0.5589606,0.026327508,0.13503507,0.15316057,0.015880419,0.030591069
375316653866487564,5301001026466228480,0.45662117,2079.2951084780375,1.1957683334674538,2.1685577E-5,15.68874,0.0031812135,0.2288301,0.011322895,0.024528556,0.009577594,0.0809248,0.023027034,0.723677,0.0021546339,0.032443956,0.004107849,0.110665664,0.009356601,0.008087152,0.0065274695,0.2288301,0.011322895,"TWOGAUSSIANS_WITH_ELLIPSOIDAL_ON_ECLIPSE1",9,60.38317,0.723737,0.0021148021,0.18168616,0.023003956,0.1268232,0.009465761,0.2288301,0.011322895,0.1373599,0.053634524,0.097099096,0.019802226
375316653866487564,5301001537562166912,0.61453474,2025.0177343054188,3.0711111544142566,3.1681323E-6,18.110119,0.010967864,0.20844927,0.0011631881,0.047052525,0.003415824,0.41803443,0.025567906,0.7164479,7.58014E-4,0.04165606,0.0036973192,0.34611642,0.03243199,0.14553545,0.017473472,0.20844927,0.0011631881,"TWOGAUSSIANS_WITH_ELLIPSOIDAL_ON_ECLIPSE1",9,6.6633186,0.20844927,0.0011631881,0.26349413,0.019128613,0.709105,0.016141258,0.7164479,7.58014E-4,0.23327392,0.020704988,0.6364525,0.03463992
375316653866487564,5301003672166045440,0.59330297,2042.5816116220758,2.716368256149021,5.8722776E-6,14.555937,0.008251612,0.20079309,0.0012040022,0.055660896,0.010836021,0.09084064,0.022603987,0.71328205,0.0069543486,0.05489881,0.008459846,0.09590875,0.0214137,0.116675265,0.012446878,0.20079309,0.0012040022,"TWOGAUSSIANS_WITH_ELLIPSOIDAL_ON_ECLIPSE1",9,78.54734,0.71328205,0.0069543486,0.30743334,0.047375135,0.32781938,0.010332366,0.20079309,0.0012040022,0.31170103,0.06068172,0.3241852,0.020843787
375316653866487564,5301010303595566080,0.4753084,2090.2038196355275,0.3171808414515015,1.6807875E-5,11.992034,0.006342825,0.261981,0.0027669396,0.031556632,0.0047964114,0.05170999,0.0079031745,0.7563463,0.020188121,0.17363778,0.07393937,0.013542761,0.005610732,null,null,null,null,"TWOGAUSSIANS",8,33.50398,0.26199102,0.0027684602,0.17671713,0.026859904,0.050979618,0.008006824,0.7563463,0.020188121,0.4,0.0,0.012382012,0.0024540264
375316653866487564,5301016312250488192,0.5995064,2066.6717271850844,3.6017183765343206,8.472047E-6,18.518513,0.010995262,0.2799093,0.0016697581,0.046330143,0.0042490726,0.29521182,0.02340642,0.7811861,0.0041775266,0.04903795,0.005330339,0.4043794,0.029085215,0.1227423,0.014138612,0.2799093,0.0016697581,"TWOGAUSSIANS_WITH_ELLIPSOIDAL_ON_ECLIPSE1",9,3.1006677,0.7811861,0.0040459875,0.27461252,0.0298499,0.6498469,0.02293303,0.2799093,0.0016697581,0.2594488,0.023794807,0.54069513,0.012914622
375316653866487564,5301018790448635008,0.546441,2092.482957660414,0.13231746139961548,1.5674028E-5,18.144495,0.0021623177,0.19953486,0.0049773427,0.007425398,0.013338525,0.08903605,0.0755978,0.9236297,1.264961E-4,0.009936639,7.730679E-5,1.1472449,0.019316837,null,null,null,null,"TWOGAUSSIANS",8,2.610969,0.9236297,1.264961E-4,0.05564518,4.3291802E-4,1.1472449,0.019316837,0.19953486,0.0049773427,0.04158223,0.07469574,0.08903605,0.0755978
375316653866487564,5301029098370060672,0.4306841,2001.9871187989506,3.88298126336788,2.3980048E-5,17.418543,0.20725282,0.2812501,0.010330519,0.13068554,0.09329741,0.10603223,0.1963578,0.77827704,0.00740106,0.11580545,0.06951455,0.10923699,0.1880513,null,null,null,null,"TWOGAUSSIANS",8,16.961622,0.77827704,0.007407534,0.4,0.0,0.082634225,0.010324053,0.28126007,0.010932768,0.4,0.0,0.07930809,0.014359857
375316653866487564,5301032328185398272,0.60765284,2032.2450304533731,0.11195036275999456,1.0007662E-6,15.002282,7.085744E-4,0.057640415,3.7432616E-4,0.0056200335,3.288411E-4,0.3549542,0.016350077,null,null,null,null,null,null,null,null,null,null,"ONEGAUSSIAN",5,14.840828,0.057640415,3.7432616E-4,0.031472187,0.0018415101,0.3549542,0.0,null,null,null,null,null,null
375316653866487564,5301032981020361472,0.53624743,2025.1384633790183,0.049906391323429215,1.0759261E-6,18.496588,0.0027617225,0.27912575,0.037939113,0.025394887,0.024723819,0.02642445,0.016353399,0.92061514,1.4256499E-7,7.3987E-4,3.589491E-6,0.46398047,0.0023921735,null,null,null,null,"TWOGAUSSIANS",8,2.0223687,0.92061514,1.4256499E-7,0.004143272,2.0101148E-5,0.46398047,0.0023921735,0.27912575,0.037939113,0.14221136,0.13845338,0.02642445,0.016353399
375316653866487564,5301036240895706880,0.47566333,2057.6247849390993,0.23074873980373956,1.000766E-6,17.964327,0.0022398238,0.47212738,0.002539119,0.01993888,0.012079114,0.041091636,0.033438206,0.9405475,5.2641444E-5,0.001194529,8.686149E-5,0.28304031,0.018462801,null,null,null,null,"TWOGAUSSIANS",8,3.3331456,0.9405475,5.2641444E-5,0.0066893627,4.8642434E-4,0.28304031,0.018462801,0.47212738,0.002539119,0.11165774,0.06764304,0.041091636,0.033438206
375316653866487564,5301037653944754816,0.5077067,2055.9618970579954,0.3290085776765866,7.168878E-6,16.248983,0.0022147703,0.31421202,0.002029815,0.019572183,0.0013686758,0.17393924,0.013471632,0.82376283,0.0059699444,0.01938793,0.003987237,0.1417929,0.03275451,0.005734814,0.004779779,0.31421202,0.002029815,"TWOGAUSSIANS_WITH_ELLIPSOIDAL_ON_ECLIPSE1",9,19.217333,0.31421202,0.002029815,0.10960423,0.007664585,0.18540886,0.01340327,0.82376283,0.0059699444,0.10857241,0.022328528,0.15322126,0.033588998
375316653866487564,5301042223789817984,0.54337394,2006.2552770646178,3.049624961629675,7.643339E-6,17.473677,0.0115012,0.3126637,0.0040575485,0.092219956,0.006016403,0.28842255,0.014264116,0.80870134,0.004807662,0.09341577,0.0065905894,0.25458422,0.013061017,null,null,null,null,"TWOGAUSSIANS",8,9.931117,0.3126637,0.0040575485,0.4,0.0,0.27483174,0.0129606025,0.80870134,0.004807662,0.4,0.0,0.24099334,0.009013882
375316653866487564,5301044835130098048,0.5468887,2026.2610163648974,2.237046470787852,7.4996133E-6,15.931593,0.0073211165,0.26507342,0.0041299597,0.0842811,0.0054332996,0.3703697,0.01387123,0.7643056,0.002647502,0.08287019,0.0037049945,0.34992436,0.011019335,null,null,null,null,"TWOGAUSSIANS",8,64.89884,0.26507342,0.0041299597,0.4,0.0,0.36227068,0.014458137,0.7643056,0.002647502,0.4,0.0,0.34182534,0.010601627
375316653866487564,5301044869489838080,0.6144503,2018.404660829188,3.0762071572192653,3.414411E-6,17.069384,0.008701209,0.31744927,0.002002372,0.0471118,0.0037893597,0.45382166,0.023464015,0.81817156,0.0012732594,0.041390356,0.0025574856,0.34523073,0.01944727,0.15074152,0.012218405,0.31744927,0.002002372,"TWOGAUSSIANS_WITH_ELLIPSOIDAL_ON_ECLIPSE1",9,21.931696,0.31744927,0.002002372,0.26382607,0.021220414,0.75530416,0.01931093,0.81817156,0.0012503404,0.231786,0.014321919,0.646707,0.010962641
375316653866487564,5301045350526181760,0.46953368,2018.8749531704882,2.601685408535244,1.953051E-5,14.770174,0.03870341,0.21573761,0.011322362,0.10969225,0.02795833,0.18708733,0.035309963,0.72730094,0.0080616,0.106722236,0.020813672,0.18722893,0.034538418,null,null,null,null,"TWOGAUSSIANS",8,279.0415,0.72731096,0.008053672,0.4,0.0,0.16434065,0.016909108,0.21572761,0.011318247,0.4,0.0,0.16419344,0.015171032
375316653866487564,5301045969001399680,0.5692964,2037.5982578426206,3.978287431924479,8.039279E-6,17.623444,0.004024128,0.26061958,0.0031437452,0.083386585,0.0032886134,0.17545676,0.004781884,0.7535683,0.0029857296,0.07646186,0.0050882967,0.20489667,0.007275485,null,null,null,null,"TWOGAUSSIANS",8,2.5475037,0.7535683,0.0029857296,0.4,0.0,0.20243183,0.0076851,0.26061958,0.0031437452,0.4,0.0,0.17299192,0.0040388443
375316653866487564,5301047373451176960,0.5495367,2029.2951066082355,1.4024410294380842,3.7256505E-6,18.51642,0.005556781,0.26668647,0.0017448462,0.031701222,0.0040645576,0.2027444,0.017549863,0.7635983,0.001145576,0.034056373,0.0020496196,0.41013294,0.016071199,0.048193645,0.007759713,0.26668647,0.0017448462,"TWOGAUSSIANS_WITH_ELLIPSOIDAL_ON_ECLIPSE1",9,3.0222561,0.7636683,0.0011242529,0.1907157,0.01147787,0.5064846,0.016971756,0.26668647,0.0017448462,0.17752683,0.022761524,0.29913157,0.017654775
375316653866487564,5301050431469384576,0.5539526,2013.033593662304,2.870537439195949,6.6663943E-6,19.420696,0.007620896,0.30414385,0.0042644097,0.067227446,0.00385896,0.6640594,0.024254674,0.80969,0.001120387,0.058545224,0.002297875,0.57495505,0.026612341,null,null,null,null,"TWOGAUSSIANS",8,1.9181678,0.30414385,0.0042644097,0.3764737,0.021610176,0.66367507,0.024235569,0.80969,0.001120387,0.32785326,0.0128681,0.5745707,0.026698017
375316653866487564,5301050916803607168,0.4787485,2031.1900394844226,1.1310160806542193,4.9583457E-5,16.784712,0.0052972888,0.1071304,0.009320086,0.025739701,0.006187002,0.16847415,0.042020362,0.5987229,0.0065671736,0.030584568,0.0045891115,0.28030932,0.032923963,null,null,null,null,"TWOGAUSSIANS",8,57.27557,0.5987229,0.0065671736,0.17127357,0.025699025,0.28030932,0.032923963,0.1071304,0.009320086,0.14414233,0.03464721,0.16847415,0.042020362
375316653866487564,5301051981955569280,0.43715107,2038.3130209176788,3.492939726389855,2.97229E-5,19.325634,0.015547151,0.24002393,0.016392581,0.07734025,0.024322335,0.2057618,0.03491642,0.7282564,0.009778814,0.050643947,0.008053044,0.28229406,0.031614933,null,null,null,null,"TWOGAUSSIANS",8,7.337712,0.7282564,0.009778814,0.2836061,0.045097046,0.28214085,0.031507313,0.24002393,0.016392581,0.4,0.035649553,0.20560858,0.03518331
