Gaia/vari_eclipsing_binary/VariEclipsingBinary_669954-669978.csv
# %ECSV 1.0
# ---
# delimiter: ','
# meta: !!omap
# - RELEASE: Gaia DR3
# - TABLE: vari_eclipsing_binary
# - DESCRIPTION: >
#     This table describes the properties of the eclipsing binaries resulting from the variability analysis. 
# - CITATION: >
#     How to cite and acknowledge Gaia: 
#     https://gea.esac.esa.int/archive/documentation/credits.html 
# - KNOWN_ISSUES: >
#     Known issues: 
#     https://www.cosmos.esa.int/web/gaia-users/known-issues 
# - DOCUMENTATION: >
#     Tutorials and documentation: 
#     https://www.cosmos.esa.int/web/gaia-users/archive 
# datatype:
# - 
#   name: solution_id
#   datatype: int64
#   description: Solution Identifier
#   meta:
#     ucd: meta.version
# - 
#   name: source_id
#   datatype: int64
#   description: Unique source identifier
#   meta:
#     ucd: meta.id;meta.main
# - 
#   name: global_ranking
#   datatype: float32
#   description: Number between 0 (worst) and 1 (best)
#   meta:
#     ucd: stat.param
# - 
#   name: reference_time
#   datatype: float64
#   unit: d
#   description: Reference time used for the geometric model fit
#   meta:
#     ucd: time.epoch
# - 
#   name: frequency
#   datatype: float64
#   unit: d**-1
#   description: Frequency of geometric model of the eclipsing binary light curve
#   meta:
#     ucd: src.orbital
# - 
#   name: frequency_error
#   datatype: float32
#   unit: d**-1
#   description: "Uncertainty of \\texttt{frequency}"
#   meta:
#     ucd: stat.error
# - 
#   name: geom_model_reference_level
#   datatype: float32
#   unit: mag
#   description: Magnitude reference level of geometric model
#   meta:
#     ucd: phot.mag;em.opt
# - 
#   name: geom_model_reference_level_error
#   datatype: float32
#   unit: mag
#   description: "Uncertainty of \\texttt{geomModelReferenceLevel}"
#   meta:
#     ucd: stat.error;phot.mag;em.opt
# - 
#   name: geom_model_gaussian1_phase
#   datatype: float32
#   description: Phase of the Gaussian 1 component
#   meta:
#     ucd: time.phase
# - 
#   name: geom_model_gaussian1_phase_error
#   datatype: float32
#   description: "Uncertainty of \\texttt{geomModelGaussian1Phase}"
#   meta:
#     ucd: stat.error;time.phase
# - 
#   name: geom_model_gaussian1_sigma
#   datatype: float32
#   description: "Standard deviation [phase] of Gaussian 1 component"
#   meta:
#     ucd: stat.stdev
# - 
#   name: geom_model_gaussian1_sigma_error
#   datatype: float32
#   description: "Uncertainty of \\texttt{geomModelGaussian1Sigma}"
#   meta:
#     ucd: stat.error
# - 
#   name: geom_model_gaussian1_depth
#   datatype: float32
#   unit: mag
#   description: Magnitude depth of Gaussian 1 component
#   meta:
#     ucd: src.var.amplitude
# - 
#   name: geom_model_gaussian1_depth_error
#   datatype: float32
#   unit: mag
#   description: "Uncertainty of \\texttt{geomModelGaussian1Depth}"
#   meta:
#     ucd: stat.error;src.var.amplitude
# - 
#   name: geom_model_gaussian2_phase
#   datatype: float32
#   description: Phase of Gaussian 2 component
#   meta:
#     ucd: time.phase
# - 
#   name: geom_model_gaussian2_phase_error
#   datatype: float32
#   description: "Uncertainty of \\texttt{geomModelGaussian2Phase}"
#   meta:
#     ucd: stat.error;time.phase
# - 
#   name: geom_model_gaussian2_sigma
#   datatype: float32
[...]
#   datatype: float32
#   description: "Secondary eclipse: uncertainty of \\texttt{derivedSecondaryEclDuration}"
#   meta:
#     ucd: stat.error;time.duration
# - 
#   name: derived_secondary_ecl_depth
#   datatype: float32
#   unit: mag
#   description: "Secondary eclipse: depth"
#   meta:
#     ucd: src.var.amplitude
# - 
#   name: derived_secondary_ecl_depth_error
#   datatype: float32
#   unit: mag
#   description: "Secondary eclipse: uncertainty of \\texttt{derivedSecondaryEclDepth}"
#   meta:
#     ucd: stat.error;src.var.amplitude
solution_id,source_id,global_ranking,reference_time,frequency,frequency_error,geom_model_reference_level,geom_model_reference_level_error,geom_model_gaussian1_phase,geom_model_gaussian1_phase_error,geom_model_gaussian1_sigma,geom_model_gaussian1_sigma_error,geom_model_gaussian1_depth,geom_model_gaussian1_depth_error,geom_model_gaussian2_phase,geom_model_gaussian2_phase_error,geom_model_gaussian2_sigma,geom_model_gaussian2_sigma_error,geom_model_gaussian2_depth,geom_model_gaussian2_depth_error,geom_model_cosine_half_period_amplitude,geom_model_cosine_half_period_amplitude_error,geom_model_cosine_half_period_phase,geom_model_cosine_half_period_phase_error,model_type,num_model_parameters,reduced_chi2,derived_primary_ecl_phase,derived_primary_ecl_phase_error,derived_primary_ecl_duration,derived_primary_ecl_duration_error,derived_primary_ecl_depth,derived_primary_ecl_depth_error,derived_secondary_ecl_phase,derived_secondary_ecl_phase_error,derived_secondary_ecl_duration,derived_secondary_ecl_duration_error,derived_secondary_ecl_depth,derived_secondary_ecl_depth_error
[from data line 626]
375316653866487564,5893173353305354496,0.66005784,2143.1945543057536,3.9646160641517767,3.247838E-6,16.532478,0.01034521,0.1273816,6.382072E-4,0.047852706,0.0022313283,0.50813705,0.021256479,0.6153423,0.003559224,0.051304176,0.006110478,0.47766608,0.106190205,0.09444202,0.014023612,0.1273816,6.382072E-4,"TWOGAUSSIANS_WITH_ELLIPSOIDAL_ON_ECLIPSE1",9,13.575292,0.1273816,6.382072E-4,0.26797515,0.012495439,0.6970176,0.015810262,0.6162523,0.0034885225,0.2873034,0.034218676,0.6655494,0.116764195
375316653866487564,5893173731230840320,0.5117221,2120.181040870578,2.8657590889940523,1.8865472E-5,18.64708,0.011886717,0.18975173,0.0042796377,0.07529771,0.007349284,0.31499878,0.04098267,0.6774862,0.0052060112,0.07753049,0.0074655237,0.386833,0.023254834,null,null,null,null,"TWOGAUSSIANS",8,5.8673253,0.6774862,0.0052060112,0.4,0.0,0.3842936,0.023579655,0.18975173,0.0042796377,0.4,0.0037270195,0.31245938,0.041831136
375316653866487564,5893174109219453312,0.49056318,2112.657834335828,0.3951024911867728,6.6182474E-5,16.584215,0.022110173,0.14370853,1.6959745E-4,0.0076719066,2.465603E-4,1.1241387,0.105594024,0.6584752,0.038748644,0.19936144,0.08651267,0.057587996,0.021753188,null,null,null,null,"TWOGAUSSIANS",8,33.868008,0.14370853,1.6959745E-4,0.042962678,0.0013807376,1.1240435,0.105614066,0.6584752,0.038748644,0.4,0.0,0.052461114,0.011240715
375316653866487564,5893174177906804480,0.61974776,2140.4480061459785,1.8755579622953018,5.581527E-6,17.839575,0.019238492,0.32259548,0.0065674405,0.04120062,0.010021084,0.11649123,0.04220343,0.8249018,0.0064998507,0.04320685,0.008628026,0.22906132,0.039648563,0.11027423,0.019534988,0.32259548,0.0065674405,"TWOGAUSSIANS_WITH_ELLIPSOIDAL_ON_ECLIPSE1",9,3.0380108,0.8249018,0.0060272,0.24195835,0.048316944,0.44956344,0.018832594,0.32259548,0.0065674405,0.23072347,0.05611807,0.33703968,0.0067220014
375316653866487564,5893174620263305472,0.5238291,2105.3604924437227,2.404735118778516,1.9229983E-5,18.513985,0.018849252,0.23755893,0.008790093,0.09850115,0.014405047,0.2064956,0.018298943,0.7433082,0.004804,0.089030884,0.011637633,0.2245466,0.019808996,null,null,null,null,"TWOGAUSSIANS",8,2.9317539,0.7433082,0.004804,0.4,0.0,0.21324876,0.018741185,0.23755893,0.008790093,0.4,0.0,0.19519673,0.011521684
375316653866487564,5893175307458699392,0.48881748,2184.8322373342467,3.0345885689694367,3.308088E-5,18.853859,0.13707,0.27356774,0.004916542,0.04551555,0.022098988,0.5194112,0.22730513,0.76781017,0.012195943,0.05148284,0.033991244,0.49702403,0.24307959,0.08929368,0.17289972,0.27356774,0.004916542,"TWOGAUSSIANS_WITH_ELLIPSOIDAL_ON_ECLIPSE1",9,23.370237,0.27356774,0.004916542,0.25488707,0.12375434,0.6979948,0.15464827,0.7682102,0.012240471,0.2883039,0.18567334,0.67539036,0.14118937
375316653866487564,5893175517936707072,0.46032012,2146.171668037615,2.8273502293694888,4.081695E-5,19.621735,0.032168064,0.69686294,0.010498507,0.049946755,0.017903866,0.2655766,0.21010178,null,null,null,null,null,null,0.09232799,0.050270196,0.69686294,0.010498507,"ONEGAUSSIAN_WITH_ELLIPSOIDAL",6,9.139364,0.69686294,0.010498507,0.27970183,0.10026165,0.45023158,0.20586383,null,null,null,null,null,null
375316653866487564,5893175517968757504,0.5948587,2166.8077389889295,2.6181727047634036,5.658447E-6,15.660879,0.007742853,0.19467668,0.0017234731,0.06686485,0.0060562016,0.10416936,0.017095815,0.6916484,0.0028892383,0.053736396,0.0092059625,0.092263,0.013507362,0.065058835,0.009110385,0.19467668,0.0017234731,"TWOGAUSSIANS_WITH_ELLIPSOIDAL_ON_ECLIPSE1",9,16.658047,0.19467668,0.0017234731,0.37444317,0.03391473,0.23419064,0.005945891,0.6923885,0.0020095843,0.30092382,0.05155339,0.22224864,0.00808458
375316653866487564,5893175827206467200,0.6774276,2147.1110832345876,0.3026901256293987,1.6609518E-5,13.924554,0.0010538482,0.27315482,0.0038692225,0.02874365,0.0021996005,0.46646234,0.023313556,0.7957968,0.032492314,0.022137702,0.008548141,0.58812004,1.2892536,null,null,null,null,"TWOGAUSSIANS",8,19.16668,0.7957968,0.032492314,0.123971134,0.047869593,0.58812004,1.2892536,0.27315482,0.0038692225,0.16096444,0.012317763,0.46646234,0.023313556
375316653866487564,5893176239523359616,0.58645004,2149.031916320588,2.4732376564706793,9.629263E-6,15.829632,0.036219962,0.28417733,0.0030148395,0.056182638,0.016846873,0.23780398,0.07385443,0.7758727,0.003726756,0.06361252,0.010448393,0.22841185,0.07736319,0.13183251,0.040052794,0.28417733,0.0030148395,"TWOGAUSSIANS_WITH_ELLIPSOIDAL_ON_ECLIPSE1",9,81.71735,0.28417733,0.0030148395,0.31462276,0.09434249,0.5013964,0.019882122,0.7781127,0.0025727754,0.35623014,0.058511004,0.49148005,0.024025833
375316653866487564,5893176303899971200,0.6368043,2146.550714086781,1.8817530539077538,3.2876846E-6,17.356422,0.0035186575,0.21230935,7.224811E-4,0.048270453,6.806436E-4,0.58257014,0.006102279,0.7145729,0.010171737,0.055949856,0.0068337787,0.08752234,0.0067887604,null,null,null,null,"TWOGAUSSIANS",8,4.7152624,0.21230935,7.224811E-4,0.27031454,0.003811604,0.58256644,0.006100785,0.7145729,0.010171737,0.3133192,0.03826916,0.08751863,0.0067879637
375316653866487564,5893176514369716352,0.5393822,2151.309197011982,0.06799982606229019,2.6644708E-5,19.525618,0.011564148,0.32934368,0.0019761089,0.0074791783,0.0027742446,0.12822564,0.061724517,0.62049115,0.11890882,0.04134373,0.020987099,1.7516421,1.60654,null,null,null,null,"TWOGAUSSIANS",8,7.318282,0.62049115,0.11890882,0.23152488,0.11752775,1.7516421,1.60654,0.32934368,0.0019761089,0.041883398,0.015535771,0.12822564,0.061724517
375316653866487564,5893176892326740224,0.5069856,2167.989479460677,2.407233542359081,1.9539271E-5,18.856647,0.021620363,0.25281456,0.004723707,0.09697411,0.013469859,0.31787008,0.026051333,0.75615823,0.0038687252,0.083105996,0.006767336,0.3880979,0.030642737,null,null,null,null,"TWOGAUSSIANS",8,6.508606,0.75615823,0.0038687252,0.4,0.0,0.37415072,0.028563263,0.25281456,0.004723707,0.4,0.0,0.30392182,0.026088329
375316653866487564,5893177407723180416,0.49993956,2127.4653597312063,2.9977531923027505,4.916092E-5,18.971302,0.030792302,0.21112972,0.008955363,0.085854776,0.016701538,0.19271168,0.028013041,0.718818,0.00807289,0.11010842,0.027667532,0.21460018,0.02129512,null,null,null,null,"TWOGAUSSIANS",8,2.5712898,0.718818,0.00807289,0.4,0.0,0.20043556,0.026766626,0.21111973,0.0089572845,0.4,0.0,0.17856203,0.018028602
375316653866487564,5893177716992222208,0.61124563,2150.5037970857547,0.08832103453877158,1.1138027E-6,14.528839,6.7136186E-4,0.3131975,3.3484156E-7,0.0012843888,2.548904E-6,3.503159,0.02557634,0.54651105,0.0036349972,0.023573281,0.013919966,0.01878667,0.01861106,null,null,null,null,"TWOGAUSSIANS",8,6.254212,0.3131975,3.3484156E-7,0.0071925777,1.4273862E-5,3.503159,0.02557634,0.54651105,0.0036349972,0.13201039,0.07795181,0.01878667,0.01861106
375316653866487564,5893178335436422400,0.52463144,2186.006015447298,3.5215634468865256,3.108031E-5,19.725847,0.021300374,0.21193308,0.017105581,0.07322303,0.014672702,0.59765804,0.06927438,0.7141958,0.0039851665,0.072137,0.0074517964,0.39912233,0.030059202,null,null,null,null,"TWOGAUSSIANS",8,4.2768364,0.21193308,0.017105581,0.4,0.02169503,0.5951625,0.070826076,0.7141958,0.0039851665,0.4,0.016074125,0.39662683,0.029871311
375316653866487564,5893178472875449600,0.5073715,2164.2032035905263,1.9042270678869155,1.0296309E-5,19.142363,0.005458707,0.33964118,0.008199108,0.050986703,0.012934658,0.16886319,0.099121064,0.84403336,0.0029632275,0.049122892,0.0033924864,0.20195723,0.011310148,null,null,null,null,"TWOGAUSSIANS",8,1.5421349,0.84403336,0.0029632275,0.2750882,0.018997923,0.2019561,0.011310043,0.33964118,0.008199108,0.28552553,0.07243408,0.16886206,0.09912357
375316653866487564,5893178571630849536,0.644854,2175.750625100344,1.7115514269156786,4.344286E-6,15.21699,0.0013975245,0.25587887,0.004961356,0.061843835,0.004219115,0.15158878,0.009878283,0.7555191,6.9019827E-4,0.04901509,7.9677114E-4,0.43259284,0.0050841714,null,null,null,null,"TWOGAUSSIANS",8,14.07884,0.7555191,6.9019827E-4,0.27448452,0.0044619185,0.432575,0.005084003,0.25587887,0.004961356,0.3463255,0.02362704,0.15157092,0.009880987
375316653866487564,5893178575954698240,0.5392292,2174.6455725328283,2.6686959253804283,9.430098E-6,19.362314,0.016444543,0.3364087,0.003104561,0.06918539,0.0045109284,0.5169176,0.027512005,0.84054196,0.005755772,0.0558867,0.004452128,0.5819294,0.11278256,null,null,null,null,"TWOGAUSSIANS",8,3.178612,0.84054196,0.005755772,0.31296554,0.024931917,0.58160824,0.112851836,0.3364087,0.003104561,0.3874382,0.022836247,0.51659644,0.027480727
375316653866487564,5893178747784417536,0.484293,2172.105815044635,1.3429971677935355,2.8268189E-5,15.819253,0.012301389,0.2503539,0.0074126227,0.09504618,0.020487655,0.06381566,0.0118606975,0.8033441,0.010284748,0.08983722,0.02423015,0.038725786,0.011938109,null,null,null,null,"TWOGAUSSIANS",8,9.89087,0.2503539,0.007381562,0.4,0.0,0.06267715,0.007984571,0.8033541,0.0102959825,0.4,0.0,0.037588127,0.007451908
375316653866487564,5893179160070199680,0.4483302,2146.0560675996926,2.191861929454241,1.2292615E-4,18.867846,0.03263098,0.25325146,0.031752158,0.07323365,0.043739006,0.11248525,0.06785584,0.7449476,0.01925431,0.10492646,0.029853573,0.19363025,0.036849417,null,null,null,null,"TWOGAUSSIANS",8,7.3946066,0.7449476,0.01925431,0.4,0.0,0.18842621,0.029445618,0.25325146,0.03179505,0.4,0.13929911,0.107286066,0.06574699
375316653866487564,5893179469344647680,0.48755658,2138.7345917327348,2.523638676980557,4.0714294E-5,19.896696,0.012045874,0.19531862,0.0077365926,0.039893657,0.0051684068,0.3544978,0.026059993,0.6896379,0.009567189,0.07565133,0.012994994,0.20592993,0.04046542,null,null,null,null,"TWOGAUSSIANS",8,2.8584666,0.19531862,0.0077365926,0.22340447,0.028943079,0.35446525,0.026042985,0.6896379,0.009567189,0.4,0.006928157,0.20589739,0.04051924
375316653866487564,5893179778545656960,0.46484298,2139.1755488687563,3.5864175742004476,2.2958682E-5,19.387194,0.00467595,null,null,null,null,null,null,null,null,null,null,null,null,0.0996766,0.007068962,0.25492135,0.004356829,"ELLIPSOIDAL",4,2.7458508,null,null,null,null,null,null,null,null,null,null,null,null
375316653866487564,5893180122144527744,0.5286523,2124.3010722743857,3.8289553010638624,2.6942675E-5,19.751705,0.014262101,0.24663809,0.036218274,0.07504593,0.032953057,0.47028616,1.3978161,0.75360113,0.0063082767,0.075523674,0.008470142,0.4081768,0.027237408,null,null,null,null,"TWOGAUSSIANS",8,2.0316498,0.24663809,0.036218274,0.4,0.16204385,0.4672607,1.4007728,0.75360113,0.0063082767,0.4,2.5214185E-4,0.40515137,0.027458398
375316653866487564,5893180323980414976,0.55290294,2135.190747062284,0.7914177096624184,5.432501E-5,18.254057,0.0056531304,0.20373157,0.008153373,0.04568876,0.010044812,0.097605765,0.019722756,0.70765674,0.0048694904,0.035743807,0.00593413,0.72934073,0.28570056,null,null,null,null,"TWOGAUSSIANS",8,4.4238667,0.70765674,0.0048694904,0.20016532,0.033231128,0.72934073,0.2857006,0.20373157,0.008153373,0.25585705,0.056250945,0.097605765,0.019722763
375316653866487564,5893180568850749568,0.56496125,2157.146878816466,0.8813149255282784,2.1193578E-6,16.797308,0.0013270106,0.2603162,5.8462645E-4,0.023033783,0.0012202569,0.16762204,0.0066642202,null,null,null,null,null,null,0.013434551,0.002249059,0.2603162,5.8462645E-4,"ONEGAUSSIAN_WITH_ELLIPSOIDAL",6,2.9374118,0.2603162,5.8462645E-4,0.12898919,0.0068334388,0.1944911,0.0075434525,null,null,null,null,null,null
375316653866487564,5893180809339501056,0.48887926,2158.440646805873,0.3377228723127744,1.0733115E-6,19.21773,0.0066372883,0.61433613,0.025991289,0.113374956,0.04216334,0.033842936,0.008033997,0.7801914,2.2299543E-4,0.006988458,1.5877615E-4,0.45089567,0.014572948,null,null,null,null,"TWOGAUSSIANS",8,2.5626373,0.7801914,2.2299543E-4,0.039135363,8.8914647E-4,0.46249974,0.013310334,0.61433613,0.025991289,0.4,0.0,0.03383889,0.008024525
375316653866487564,5893180843728674944,0.5345604,2145.700099835902,2.9013457446759556,7.0212604E-6,18.244072,0.014203958,0.17016147,0.0027084176,0.08260831,0.0048315227,0.42240566,0.01873916,0.6757543,0.0053399126,0.09642113,0.0105171,0.35559916,0.030398874,null,null,null,null,"TWOGAUSSIANS",8,7.7342014,0.17016147,0.0027084176,0.4,0.0,0.40819857,0.01814537,0.6757543,0.0053399126,0.4,0.0,0.341391,0.03472953
375316653866487564,5893181423492551552,0.48877937,2159.160035042212,2.8725006462187106,3.69959E-5,17.108614,0.22640358,0.2916404,0.017807402,0.1407723,0.039173305,0.16910513,0.17995206,0.764277,0.016068274,0.15582721,0.08888487,0.16489494,0.22129901,null,null,null,null,"TWOGAUSSIANS",8,9.9454365,0.2943004,0.0140436,0.4,0.0,0.10277779,0.014559639,0.764277,0.016068274,0.4,0.0,0.09709979,0.009908887
375316653866487564,5893181427844290816,0.44823498,2149.4916076804707,3.860768257393445,3.4457145E-5,19.184969,0.005174124,null,null,null,null,null,null,null,null,null,null,null,null,0.061904058,0.009070304,0.26816964,0.008989207,"ELLIPSOIDAL",4,4.003449,null,null,null,null,null,null,null,null,null,null,null,null
375316653866487564,5893181805772180608,0.53037494,2105.4882821791407,3.010359365818866,2.8261189E-5,19.785946,0.010132937,0.21820776,0.017400093,0.0626479,0.024480777,0.30618483,0.031378906,0.76167417,0.0022598226,0.082490586,0.004745637,0.33922413,0.012885274,null,null,null,null,"TWOGAUSSIANS",8,1.2841367,0.76167417,0.0022598226,0.4,0.0,0.33864403,0.012685924,0.21820776,0.017400093,0.35082826,0.13709235,0.30560482,0.031372435
375316653866487564,5893181908886854528,0.578824,2158.1100832439856,2.3072273314625007,7.2286953E-6,18.360184,0.009578746,0.20165357,0.0019441696,0.058228504,0.0026268985,0.36731216,0.020348,0.70251566,0.0032931606,0.07061533,0.005586961,0.69672036,0.031368036,null,null,null,null,"TWOGAUSSIANS",8,8.209233,0.70251566,0.0032931606,0.39544582,0.025181778,0.69617796,0.031687234,0.20165357,0.0019441696,0.32607964,0.014710631,0.36676976,0.02030454
375316653866487564,5893182046290594816,0.48350784,2162.4575915494706,2.90252311754227,5.37857E-5,18.838211,0.032120205,0.20637459,0.007265851,0.07406997,0.010741891,0.32684013,0.034735825,0.67918,0.027068658,0.08660179,0.028208697,0.38843638,0.078997724,null,null,null,null,"TWOGAUSSIANS",8,18.18699,0.67918,0.027068658,0.4,0.0,0.38515043,0.083832346,0.20637459,0.007265851,0.4,0.0,0.3235543,0.029119497
375316653866487564,5893182321203692672,0.52141356,2173.0591049780987,0.2230469636390817,2.1675614E-5,17.098087,0.007979505,0.67767096,0.009792407,0.025198326,0.0030167021,1.7338824,0.5679098,null,null,null,null,null,null,0.06743107,0.011467081,0.67767096,0.009792407,"ONEGAUSSIAN_WITH_ELLIPSOIDAL",6,78.06091,0.67767096,0.009792407,0.14111063,0.016893532,1.8687443,0.57214075,null,null,null,null,null,null
375316653866487564,5893182900962155264,0.5756001,2150.312285887779,3.2863600501091517,5.7059956E-6,18.594988,0.0049637756,0.26882178,0.0014920918,0.08160244,0.002200792,0.39001888,0.009377103,0.7680699,0.0016179377,0.0826596,0.0024963473,0.3417583,0.007781596,null,null,null,null,"TWOGAUSSIANS",8,1.6470199,0.26882178,0.0014920918,0.4,0.0,0.38301903,0.00937765,0.7680699,0.0016179377,0.4,0.0,0.33475846,0.0077649727
375316653866487564,5893183210200054656,0.45975873,2159.5261715505053,4.389313684630448,1.1918332E-5,19.583834,0.011429613,0.50863373,0.035715554,0.07810804,0.09272195,0.12076943,5.7306547,0.6970318,0.0019791278,0.010206035,0.004568502,0.38106292,1.7308226,null,null,null,null,"TWOGAUSSIANS",8,3.75542,0.6970318,0.0019791278,0.057153795,0.02558361,0.38764906,1.7302079,0.50863373,0.035715554,0.4,0.30089325,0.12076943,5.7306666
