Gaia/vari_eclipsing_binary/VariEclipsingBinary_459652-459663.csv
# %ECSV 1.0
# ---
# delimiter: ','
# meta: !!omap
# - RELEASE: Gaia DR3
# - TABLE: vari_eclipsing_binary
# - DESCRIPTION: >
#     This table describes the properties of the eclipsing binaries resulting from the variability analysis. 
# - CITATION: >
#     How to cite and acknowledge Gaia: 
#     https://gea.esac.esa.int/archive/documentation/credits.html 
# - KNOWN_ISSUES: >
#     Known issues: 
#     https://www.cosmos.esa.int/web/gaia-users/known-issues 
# - DOCUMENTATION: >
#     Tutorials and documentation: 
#     https://www.cosmos.esa.int/web/gaia-users/archive 
# datatype:
# - 
#   name: solution_id
#   datatype: int64
#   description: Solution Identifier
#   meta:
#     ucd: meta.version
# - 
#   name: source_id
#   datatype: int64
#   description: Unique source identifier
#   meta:
#     ucd: meta.id;meta.main
# - 
#   name: global_ranking
#   datatype: float32
#   description: Number between 0 (worst) and 1 (best)
#   meta:
#     ucd: stat.param
# - 
#   name: reference_time
#   datatype: float64
#   unit: d
#   description: Reference time used for the geometric model fit
#   meta:
#     ucd: time.epoch
# - 
#   name: frequency
#   datatype: float64
#   unit: d**-1
#   description: Frequency of geometric model of the eclipsing binary light curve
#   meta:
#     ucd: src.orbital
# - 
#   name: frequency_error
#   datatype: float32
#   unit: d**-1
#   description: "Uncertainty of \\texttt{frequency}"
#   meta:
#     ucd: stat.error
# - 
#   name: geom_model_reference_level
#   datatype: float32
#   unit: mag
#   description: Magnitude reference level of geometric model
#   meta:
#     ucd: phot.mag;em.opt
# - 
#   name: geom_model_reference_level_error
#   datatype: float32
#   unit: mag
#   description: "Uncertainty of \\texttt{geomModelReferenceLevel}"
#   meta:
#     ucd: stat.error;phot.mag;em.opt
# - 
#   name: geom_model_gaussian1_phase
#   datatype: float32
#   description: Phase of the Gaussian 1 component
#   meta:
#     ucd: time.phase
# - 
#   name: geom_model_gaussian1_phase_error
#   datatype: float32
#   description: "Uncertainty of \\texttt{geomModelGaussian1Phase}"
#   meta:
#     ucd: stat.error;time.phase
# - 
#   name: geom_model_gaussian1_sigma
#   datatype: float32
#   description: "Standard deviation [phase] of Gaussian 1 component"
#   meta:
#     ucd: stat.stdev
# - 
#   name: geom_model_gaussian1_sigma_error
#   datatype: float32
#   description: "Uncertainty of \\texttt{geomModelGaussian1Sigma}"
#   meta:
#     ucd: stat.error
# - 
#   name: geom_model_gaussian1_depth
#   datatype: float32
#   unit: mag
#   description: Magnitude depth of Gaussian 1 component
#   meta:
#     ucd: src.var.amplitude
# - 
#   name: geom_model_gaussian1_depth_error
#   datatype: float32
#   unit: mag
#   description: "Uncertainty of \\texttt{geomModelGaussian1Depth}"
#   meta:
#     ucd: stat.error;src.var.amplitude
# - 
#   name: geom_model_gaussian2_phase
#   datatype: float32
#   description: Phase of Gaussian 2 component
#   meta:
#     ucd: time.phase
# - 
#   name: geom_model_gaussian2_phase_error
#   datatype: float32
#   description: "Uncertainty of \\texttt{geomModelGaussian2Phase}"
#   meta:
#     ucd: stat.error;time.phase
# - 
#   name: geom_model_gaussian2_sigma
#   datatype: float32
[...]
#   datatype: float32
#   description: "Secondary eclipse: uncertainty of \\texttt{derivedSecondaryEclDuration}"
#   meta:
#     ucd: stat.error;time.duration
# - 
#   name: derived_secondary_ecl_depth
#   datatype: float32
#   unit: mag
#   description: "Secondary eclipse: depth"
#   meta:
#     ucd: src.var.amplitude
# - 
#   name: derived_secondary_ecl_depth_error
#   datatype: float32
#   unit: mag
#   description: "Secondary eclipse: uncertainty of \\texttt{derivedSecondaryEclDepth}"
#   meta:
#     ucd: stat.error;src.var.amplitude
solution_id,source_id,global_ranking,reference_time,frequency,frequency_error,geom_model_reference_level,geom_model_reference_level_error,geom_model_gaussian1_phase,geom_model_gaussian1_phase_error,geom_model_gaussian1_sigma,geom_model_gaussian1_sigma_error,geom_model_gaussian1_depth,geom_model_gaussian1_depth_error,geom_model_gaussian2_phase,geom_model_gaussian2_phase_error,geom_model_gaussian2_sigma,geom_model_gaussian2_sigma_error,geom_model_gaussian2_depth,geom_model_gaussian2_depth_error,geom_model_cosine_half_period_amplitude,geom_model_cosine_half_period_amplitude_error,geom_model_cosine_half_period_phase,geom_model_cosine_half_period_phase_error,model_type,num_model_parameters,reduced_chi2,derived_primary_ecl_phase,derived_primary_ecl_phase_error,derived_primary_ecl_duration,derived_primary_ecl_duration_error,derived_primary_ecl_depth,derived_primary_ecl_depth_error,derived_secondary_ecl_phase,derived_secondary_ecl_phase_error,derived_secondary_ecl_duration,derived_secondary_ecl_duration_error,derived_secondary_ecl_depth,derived_secondary_ecl_depth_error
[from data line 528]
375316653866487564,4043173605687940096,0.48527324,2378.124536012758,3.3197215382477636,2.5076128E-5,14.174561,0.15941668,0.23090896,0.011348633,0.12762518,0.07285191,0.15221912,0.15545389,0.7174492,0.00756675,0.11276924,0.0353688,0.19345939,0.1485037,null,null,null,null,"TWOGAUSSIANS",8,403.64578,0.7174492,0.00756675,0.4,0.0,0.15902776,0.015770957,0.23095897,0.011266233,0.4,0.0,0.117658295,0.014104105
375316653866487564,4043173639997912448,0.5480793,2399.9216612199534,1.2248842929287846,1.4928971E-5,18.238317,0.023655463,0.3032074,0.002663,0.07546627,0.0069202473,0.5046696,0.042650368,0.80080974,0.0065815905,0.107500136,0.015508639,0.21065034,0.022391852,null,null,null,null,"TWOGAUSSIANS",8,5.6757565,0.3032074,0.002663,0.4,0.0,0.49132687,0.044501696,0.80080974,0.0065815905,0.4,0.0,0.1972991,0.013535593
375316653866487564,4043173704575648384,0.46776417,2408.621721400725,0.11848538095245097,1.9554245E-4,18.712914,0.020526946,0.38685456,0.004306389,0.06952313,0.0110443635,0.14584425,0.019836059,0.98375165,0.0030522225,0.04256175,0.016878387,0.05285185,0.019170083,null,null,null,null,"TWOGAUSSIANS",8,4.6515126,0.38685456,0.004306389,0.38932955,0.053037662,0.14584412,0.019834373,0.98375165,0.0030522225,0.2383458,0.09451897,0.05285172,0.019168276
375316653866487564,4043173738938931968,0.45279536,2412.94079233965,0.060101563978139164,3.988788E-5,18.293442,0.007604811,0.22805972,0.0018533705,0.04926485,0.003535645,0.1397802,0.010206986,0.7676754,0.011744115,0.10995886,0.017596511,0.08683941,0.014636387,null,null,null,null,"TWOGAUSSIANS",8,2.1174862,0.22804973,0.0018576389,0.27588314,0.019799612,0.13920484,0.009781488,0.7676754,0.011744115,0.4,0.0,0.08624999,0.014561589
375316653866487564,4043174082591869312,0.47681934,2399.9754914725504,0.08434971546397199,1.5172303E-5,18.964607,0.24625377,0.29705212,0.015835201,0.10781413,0.09362223,0.24794166,0.2262,0.8110611,0.011245465,0.08066637,0.021922838,0.4041715,0.2280963,null,null,null,null,"TWOGAUSSIANS",8,5.5718837,0.8110611,0.011310914,0.4,0.0010513011,0.3896683,0.11861255,0.29705212,0.015846014,0.4,0.0,0.23342599,0.06873239
375316653866487564,4043174086724598272,0.46817118,2358.691759443389,2.1694764689328228,1.645474E-5,19.227646,0.039400604,0.39180058,0.008877604,0.06731518,0.07124499,0.15450999,0.1062499,0.8422106,0.0124488715,0.017380713,0.013564417,0.20375393,0.10682939,0.144301,0.05370162,0.39180058,0.008877604,"TWOGAUSSIANS_WITH_ELLIPSOIDAL_ON_ECLIPSE1",9,18.463787,0.8437406,0.01128217,0.097331986,0.07596074,0.4658862,0.06307782,0.39180058,0.008877604,0.37696505,0.31005317,0.44295636,0.09287966
375316653866487564,4043174151311340032,0.4948194,2437.4033689424455,1.2041626659586198,8.372469E-5,19.124407,0.02648745,0.34895626,0.025600059,0.12301552,0.07833988,0.07786447,0.024532061,0.8196941,0.008370657,0.035842035,0.005104825,0.33391035,0.055780843,null,null,null,null,"TWOGAUSSIANS",8,2.587592,0.8196941,0.008370657,0.20071541,0.02858702,0.3332899,0.055669647,0.34895626,0.025600059,0.4,0.0,0.077185094,0.026105123
375316653866487564,4043174597989743104,0.429044,2387.8270529010806,0.10175531380993491,1.864592E-5,18.277245,0.06080044,0.33251026,0.017783739,0.16796158,0.06009692,0.18691312,0.057947077,0.7966072,0.0111150425,0.042595968,0.009762328,0.40245757,0.11515746,null,null,null,null,"TWOGAUSSIANS",8,8.525521,0.7966072,0.0111150425,0.23853742,0.054669037,0.39400372,0.115608454,0.33251026,0.017783739,0.4,0.0,0.17319906,0.03555399
375316653866487564,4043174597990064896,0.44871697,2409.510049656628,4.167000408538183,8.4154155E-5,18.636164,0.025644194,0.21152201,0.03488593,0.077438,0.03321496,0.12447565,0.046054684,0.65191454,0.013686179,0.08405881,0.023730125,0.7492287,0.32355142,null,null,null,null,"TWOGAUSSIANS",8,5.3961697,0.65191454,0.013686179,0.4,0.0,0.7477164,0.33004636,0.21152201,0.03488125,0.4,0.06018391,0.12296419,0.043126434
375316653866487564,4043174735427587712,0.4410297,2382.265645358686,0.9431495601486581,3.468855E-5,19.115856,0.019467438,0.1654298,0.005721108,0.051590253,0.009682897,0.14091524,0.018359782,0.6481434,0.033874836,0.092178814,0.058307167,0.0997146,0.022348344,null,null,null,null,"TWOGAUSSIANS",8,3.635042,0.1654298,0.0057216207,0.2889054,0.05422422,0.14058307,0.017100323,0.6481434,0.033874836,0.4,0.1257711,0.09938231,0.022202132
375316653866487564,4043174804146957440,0.44897845,2429.171017248114,0.35160869537617956,3.2007003E-5,18.905901,0.015548813,0.29668874,0.0030859343,0.056364715,0.005262426,0.2438542,0.019168464,0.6375209,0.011323563,0.05601179,0.03709957,0.19311805,0.11600262,null,null,null,null,"TWOGAUSSIANS",8,4.5086317,0.29668874,0.003069517,0.3156424,0.029469587,0.24385418,0.019176563,0.6375209,0.011323563,0.31366602,0.14567305,0.19311804,0.116004266
375316653866487564,4043174872868937728,0.4489032,2467.5515286281625,2.0620901056748946,2.6719514E-4,19.4902,0.06034195,0.2927818,0.13314915,0.08840584,0.07150553,0.17595732,842.3999,0.8808864,0.024587043,0.13619134,0.05925613,0.2546185,0.042688377,null,null,null,null,"TWOGAUSSIANS",8,3.3234737,0.88089633,0.022149468,0.4,0.0,0.24065621,0.03942272,0.2900718,0.14566444,0.4,0.27631202,0.16472054,842.4112
375316653866487564,4043174911357673216,0.55614567,2402.992409606952,3.4886857184166162,1.2091071E-5,16.242992,0.00656904,0.23937106,0.005485066,0.096386574,0.0069836276,0.1895194,0.008331355,0.7329393,0.0027281053,0.09948497,0.0042421813,0.25518274,0.0072635957,null,null,null,null,"TWOGAUSSIANS",8,16.679068,0.7329393,0.0027281053,0.4,0.0,0.2396253,0.005468804,0.23937106,0.005485066,0.4,0.0,0.17396316,0.0066388887
375316653866487564,4043174941588449920,0.5000401,2382.90950512575,0.18878403118399514,2.2061378E-5,19.780548,0.016965182,0.03870821,0.006471694,0.036134247,0.008968132,0.14928593,0.020532217,0.409549,0.012090321,0.06684235,0.0148094725,0.29106823,0.027554438,null,null,null,null,"TWOGAUSSIANS",8,1.1088699,0.409549,0.012090321,0.37431714,0.059137154,0.29106823,0.027554477,0.03870821,0.006471694,0.20235178,0.050221536,0.14928599,0.02053294
375316653866487564,4043175010305353472,0.44987926,2476.876288961273,0.5238013749678053,7.2109324E-5,17.470205,0.008371479,0.32219282,0.063521445,0.039574746,0.03317826,0.1793591,1.3656234,0.86214143,0.024395255,0.027400497,0.009903617,0.18404081,0.091719694,null,null,null,null,"TWOGAUSSIANS",8,6.450094,0.86214143,0.024395255,0.15344279,0.05546026,0.18404081,0.091719694,0.32219282,0.063521445,0.2216186,0.18579824,0.1793591,1.3656234
375316653866487564,4043175044667351808,0.50050485,2420.2530580449957,0.13727623214945012,2.6563539E-5,19.469603,0.007752038,0.30625197,0.008549769,0.071545534,0.008785212,0.26780635,0.03627982,0.8390804,0.010950055,0.050702374,0.007372036,0.2276693,0.03185369,null,null,null,null,"TWOGAUSSIANS",8,2.039917,0.30625197,0.008549769,0.4,0.029088555,0.26776937,0.036309216,0.8390804,0.010950055,0.2839333,0.041283403,0.22763231,0.031872578
375316653866487564,4043175048796822656,0.4664811,2412.7711092903514,1.1342720757121882,2.4963565E-5,18.98484,0.007353128,0.19922243,0.006601131,0.05172761,0.0062407423,0.19824468,0.015336834,0.73020464,0.010682761,0.049823746,0.012430545,0.15124829,0.060487468,null,null,null,null,"TWOGAUSSIANS",8,1.4779022,0.19922243,0.006601131,0.2896746,0.034948155,0.19824427,0.015336574,0.73020464,0.010682761,0.27901298,0.06961105,0.15124789,0.06048821
375316653866487564,4043175079024835584,0.46630642,2419.077052794732,1.6666294764407215,4.6023924E-5,17.870613,0.020357605,0.25333154,0.007156606,0.03851937,0.0058432184,0.39692247,0.030271387,0.7616668,0.010975109,0.062152404,0.018941063,0.2534729,0.042585287,null,null,null,null,"TWOGAUSSIANS",8,43.719498,0.25333154,0.007156606,0.21570846,0.032722022,0.39692077,0.030264322,0.7616668,0.010975109,0.34805346,0.1052444,0.2534712,0.04259236
375316653866487564,4043175079026917120,0.4821526,2436.374080967213,3.370882376419575,3.1820466E-5,17.907442,0.0046972926,0.34334686,0.021507291,0.031201703,0.009374364,0.14333157,0.049920425,0.7092886,0.004138741,0.04113419,0.0053058574,0.18702067,0.018333068,null,null,null,null,"TWOGAUSSIANS",8,4.012323,0.7092886,0.004138741,0.23035146,0.0297128,0.18702067,0.018333068,0.34334686,0.021507291,0.17472954,0.05249644,0.14333157,0.049920425
375316653866487564,4043175079027010944,0.44931462,2381.439399087561,0.35039583017789966,8.138432E-6,19.677183,0.025111558,0.19016682,0.051417932,0.043769933,0.046245486,0.08487787,35.82826,0.6922898,0.0027660292,0.07447727,0.009535334,1.0958598,0.35083598,null,null,null,null,"TWOGAUSSIANS",8,2.414808,0.6922898,0.0027660292,0.4,0.0034852908,1.0957627,0.35137126,0.19016682,0.051417932,0.24511163,0.2589747,0.08478085,35.828396
375316653866487564,4043175079027029248,0.4572455,2403.027148292928,0.33258962469866915,1.7366268E-5,19.684076,0.010876254,null,null,null,null,null,null,null,null,null,null,null,null,0.107605144,0.018379139,0.2674205,0.009057913,"ELLIPSOIDAL",4,2.1880252,null,null,null,null,null,null,null,null,null,null,null,null
375316653866487564,4043175113386753024,0.4696762,2418.7713324941783,0.24962689904105886,2.4557955E-4,19.520578,0.022284705,0.3924253,0.060813785,0.15086268,0.062028643,0.10078282,0.024616221,0.6763751,0.060961094,0.07111635,0.031619497,0.25297424,0.13107605,null,null,null,null,"TWOGAUSSIANS",8,1.5617429,0.6763751,0.060961094,0.39825156,0.15542398,0.26860738,0.124529526,0.39360532,0.062490944,0.4,0.0,0.09936037,0.019661756
375316653866487564,4043175182106554752,0.5244146,2403.8048711398997,0.3278918371874125,9.4589495E-6,17.774494,0.009044711,0.24798013,0.015552909,0.029240217,0.024258194,0.16363195,1.0574609,0.7574632,0.0038818948,0.035994098,0.0038104744,0.44488522,0.026346626,null,null,null,null,"TWOGAUSSIANS",8,28.490328,0.7574632,0.0038818948,0.20156695,0.021338657,0.44488522,0.026346626,0.24798013,0.015552909,0.16374521,0.1358459,0.16363195,1.0574609
375316653866487564,4043175186235838336,0.43857357,2421.9483177205543,1.7412540801280019,4.639617E-5,19.49718,0.112899914,0.3784671,0.011182094,0.07274044,0.026496515,0.2684108,0.08531746,0.712086,0.06122501,0.1156786,0.07200489,0.08133941,0.11475881,null,null,null,null,"TWOGAUSSIANS",8,5.3670235,0.37909713,0.007173891,0.4,0.055561762,0.2692218,0.083525136,0.712086,0.06122501,0.4,0.0,0.080876574,0.09828764
375316653866487564,4043175285185812352,0.50286573,2440.79802919391,1.7551775864937085,2.1846316E-5,18.48633,0.016554357,0.20333628,0.004688441,0.090986945,0.010802699,0.1608652,0.015248655,0.7119182,0.0075122337,0.09425932,0.012956606,0.16615064,0.016263977,null,null,null,null,"TWOGAUSSIANS",8,2.4502933,0.7119182,0.0075122337,0.4,0.0,0.15860246,0.0103455465,0.20333628,0.004688441,0.4,0.0,0.1533172,0.009889003
375316653866487564,4043175323623955840,0.4267751,2401.5246820714665,0.08119236145484973,6.939167E-5,19.22408,0.079751365,0.25132754,0.026431816,0.1031009,0.04297688,0.45369843,0.08354223,0.78645706,0.009246645,0.06799676,0.014468135,0.58790606,0.14416508,null,null,null,null,"TWOGAUSSIANS",8,6.768764,0.7864671,0.0092447,0.38078186,0.06386432,0.5805693,0.14096972,0.25132754,0.026431816,0.4,0.0,0.44634357,0.08782854
375316653866487564,4043175456987195136,0.4070212,2369.5717955921045,0.10790814671147769,4.1257954E-5,18.83859,0.0080969175,null,null,null,null,null,null,null,null,null,null,null,null,0.10140862,0.007813366,0.7797144,0.010985943,"ELLIPSOIDAL",4,5.5175133,null,null,null,null,null,null,null,null,null,null,null,null
375316653866487564,4043175525706715648,0.522906,2394.005871842523,0.21162395466529027,1.4268084E-5,19.43659,0.011059085,0.43083593,0.012350819,0.064290546,0.011313146,0.32572404,0.16602011,0.8286638,0.0057457155,0.08231979,0.0110874,0.21470307,0.01436921,null,null,null,null,"TWOGAUSSIANS",8,0.654267,0.43083593,0.012351374,0.36002707,0.06335361,0.3256151,0.16614984,0.8286638,0.0057457155,0.4,0.0,0.21459231,0.014384755
375316653866487564,4043175628785469696,0.46279287,2467.995964190714,4.86085091180843,1.5367901E-5,18.783016,0.013336547,0.44461823,0.0034329365,0.050742764,0.003807436,0.33538607,0.029675206,0.7886191,3.18424E-4,0.008585014,0.0011704554,0.9645216,0.51257586,0.042310845,0.016076533,0.44461823,0.0034329365,"TWOGAUSSIANS_WITH_ELLIPSOIDAL_ON_ECLIPSE1",9,2.4535632,0.7886591,2.8858E-4,0.04807608,0.00655455,0.99077153,0.50582695,0.44461823,0.0034329365,0.28415948,0.021321641,0.42000595,0.030659953
375316653866487564,4043175632912547584,0.48465368,2382.0775437565726,0.09711836114514538,5.3607204E-5,19.695272,0.027918078,0.18790865,0.0077185426,0.04252868,0.008053842,0.42722946,0.097874306,0.5612111,0.02631164,0.12738645,0.0579082,0.11082824,0.025546066,null,null,null,null,"TWOGAUSSIANS",8,1.7844808,0.18805866,0.0076831616,0.23816061,0.045101512,0.42844534,0.09858565,0.5612111,0.02631164,0.4,0.0,0.110527836,0.024093308
375316653866487564,4043175834940912000,0.48015198,2489.231094874426,0.1227681020359038,2.625176E-5,19.528175,0.031203782,0.284964,0.0037392273,0.018763585,0.0030063135,0.33131436,0.035820812,0.74952,0.009949612,0.11161809,0.01948722,0.23902696,0.033818256,null,null,null,null,"TWOGAUSSIANS",8,2.0109315,0.284964,0.0037392273,0.105076075,0.016835354,0.33127582,0.035751224,0.74952,0.009949612,0.4,0.0,0.23894462,0.033777546
375316653866487564,4043175839071049216,0.46178344,2403.9191254126877,0.10791753473627061,8.817458E-5,18.150185,0.0036540602,0.30819634,0.04678389,0.04603554,0.030364184,0.085651755,0.046393402,0.8537516,0.0061910683,0.055922404,0.01156578,0.09896717,0.017920591,null,null,null,null,"TWOGAUSSIANS",8,1.6498499,0.8537516,0.0061910683,0.31316546,0.06476837,0.09896706,0.017917298,0.30819634,0.04678389,0.257799,0.17003943,0.08565164,0.046336833
375316653866487564,4043175869300924032,0.5284242,2413.0698352146455,1.949494796107218,3.284342E-5,18.883022,0.09929432,0.238725,0.004657232,0.08516596,0.019920327,0.464667,0.07093865,0.7657873,0.024224536,0.13399963,0.09308764,0.17083682,0.07083447,null,null,null,null,"TWOGAUSSIANS",8,6.0081944,0.238625,0.004824468,0.4,0.0,0.43910247,0.037137512,0.7657873,0.024230804,0.4,0.0,0.14486039,0.03590673
375316653866487564,4043175873380173440,0.46389747,2484.394168991411,2.8863368145976196,2.1178106E-5,19.185081,0.014022924,0.13658363,0.007177569,0.083300866,0.019553758,0.13146614,0.024117816,0.67003167,0.002098155,0.02761677,0.0025280162,0.2442569,0.010775104,null,null,null,null,"TWOGAUSSIANS",8,2.3134365,0.67003167,0.002098155,0.1546539,0.014156891,0.2442544,0.010769435,0.13658363,0.007177569,0.4,0.0,0.13146362,0.024134723
375316653866487564,4043175907790681984,0.46516883,2404.397218288547,0.10786810745164425,2.9364799E-5,18.405613,0.0052649234,0.2724451,0.021199558,0.055087693,0.018928327,0.14245445,0.043380506,0.7556328,0.0013353205,0.01850213,0.0047643734,0.19994588,0.14650217,null,null,null,null,"TWOGAUSSIANS",8,4.493066,0.7556328,0.0013353205,0.103611924,0.02668049,0.19994588,0.14650217,0.2724451,0.021199558,0.30849108,0.10599863,0.14245445,0.043380506
375316653866487564,4043175907791590144,0.5700646,2436.9868615747655,1.055578465931139,1.9020514E-5,17.911327,0.009328607,0.24332394,0.0083930325,0.09221691,0.011142287,0.24155062,0.00959072,0.7518536,0.0038591323,0.08731235,0.0042440244,0.31174785,0.015456967,null,null,null,null,"TWOGAUSSIANS",8,2.1389034,0.7518536,0.0038591323,0.4,0.0,0.30186749,0.014645596,0.24332394,0.0083930325,0.4,0.0,0.23167008,0.015245718
375316653866487564,4043175972380140544,0.5135285,2396.1994796008144,1.8591212533614916,2.1612728E-5,18.412949,0.013567376,0.21184082,0.008286198,0.0782551,0.009883669,0.26073182,0.016643655,0.7172181,0.007916595,0.07742837,0.009844945,0.2631906,0.02305453,null,null,null,null,"TWOGAUSSIANS",8,6.1190066,0.7172181,0.007916595,0.4,0.0,0.26049277,0.022621157,0.21184082,0.008286198,0.4,0.0,0.258034,0.015189922
