Gaia/vari_eclipsing_binary/VariEclipsingBinary_462198-462208.csv
# %ECSV 1.0
# ---
# delimiter: ','
# meta: !!omap
# - RELEASE: Gaia DR3
# - TABLE: vari_eclipsing_binary
# - DESCRIPTION: >
#     This table describes the properties of the eclipsing binaries resulting from the variability analysis. 
# - CITATION: >
#     How to cite and acknowledge Gaia: 
#     https://gea.esac.esa.int/archive/documentation/credits.html 
# - KNOWN_ISSUES: >
#     Known issues: 
#     https://www.cosmos.esa.int/web/gaia-users/known-issues 
# - DOCUMENTATION: >
#     Tutorials and documentation: 
#     https://www.cosmos.esa.int/web/gaia-users/archive 
# datatype:
# - 
#   name: solution_id
#   datatype: int64
#   description: Solution Identifier
#   meta:
#     ucd: meta.version
# - 
#   name: source_id
#   datatype: int64
#   description: Unique source identifier
#   meta:
#     ucd: meta.id;meta.main
# - 
#   name: global_ranking
#   datatype: float32
#   description: Number between 0 (worst) and 1 (best)
#   meta:
#     ucd: stat.param
# - 
#   name: reference_time
#   datatype: float64
#   unit: d
#   description: Reference time used for the geometric model fit
#   meta:
#     ucd: time.epoch
# - 
#   name: frequency
#   datatype: float64
#   unit: d**-1
#   description: Frequency of geometric model of the eclipsing binary light curve
#   meta:
#     ucd: src.orbital
# - 
#   name: frequency_error
#   datatype: float32
#   unit: d**-1
#   description: "Uncertainty of \\texttt{frequency}"
#   meta:
#     ucd: stat.error
# - 
#   name: geom_model_reference_level
#   datatype: float32
#   unit: mag
#   description: Magnitude reference level of geometric model
#   meta:
#     ucd: phot.mag;em.opt
# - 
#   name: geom_model_reference_level_error
#   datatype: float32
#   unit: mag
#   description: "Uncertainty of \\texttt{geomModelReferenceLevel}"
#   meta:
#     ucd: stat.error;phot.mag;em.opt
# - 
#   name: geom_model_gaussian1_phase
#   datatype: float32
#   description: Phase of the Gaussian 1 component
#   meta:
#     ucd: time.phase
# - 
#   name: geom_model_gaussian1_phase_error
#   datatype: float32
#   description: "Uncertainty of \\texttt{geomModelGaussian1Phase}"
#   meta:
#     ucd: stat.error;time.phase
# - 
#   name: geom_model_gaussian1_sigma
#   datatype: float32
#   description: "Standard deviation [phase] of Gaussian 1 component"
#   meta:
#     ucd: stat.stdev
# - 
#   name: geom_model_gaussian1_sigma_error
#   datatype: float32
#   description: "Uncertainty of \\texttt{geomModelGaussian1Sigma}"
#   meta:
#     ucd: stat.error
# - 
#   name: geom_model_gaussian1_depth
#   datatype: float32
#   unit: mag
#   description: Magnitude depth of Gaussian 1 component
#   meta:
#     ucd: src.var.amplitude
# - 
#   name: geom_model_gaussian1_depth_error
#   datatype: float32
#   unit: mag
#   description: "Uncertainty of \\texttt{geomModelGaussian1Depth}"
#   meta:
#     ucd: stat.error;src.var.amplitude
# - 
#   name: geom_model_gaussian2_phase
#   datatype: float32
#   description: Phase of Gaussian 2 component
#   meta:
#     ucd: time.phase
# - 
#   name: geom_model_gaussian2_phase_error
#   datatype: float32
#   description: "Uncertainty of \\texttt{geomModelGaussian2Phase}"
#   meta:
#     ucd: stat.error;time.phase
# - 
#   name: geom_model_gaussian2_sigma
#   datatype: float32
[...]
#   datatype: float32
#   description: "Secondary eclipse: uncertainty of \\texttt{derivedSecondaryEclDuration}"
#   meta:
#     ucd: stat.error;time.duration
# - 
#   name: derived_secondary_ecl_depth
#   datatype: float32
#   unit: mag
#   description: "Secondary eclipse: depth"
#   meta:
#     ucd: src.var.amplitude
# - 
#   name: derived_secondary_ecl_depth_error
#   datatype: float32
#   unit: mag
#   description: "Secondary eclipse: uncertainty of \\texttt{derivedSecondaryEclDepth}"
#   meta:
#     ucd: stat.error;src.var.amplitude
solution_id,source_id,global_ranking,reference_time,frequency,frequency_error,geom_model_reference_level,geom_model_reference_level_error,geom_model_gaussian1_phase,geom_model_gaussian1_phase_error,geom_model_gaussian1_sigma,geom_model_gaussian1_sigma_error,geom_model_gaussian1_depth,geom_model_gaussian1_depth_error,geom_model_gaussian2_phase,geom_model_gaussian2_phase_error,geom_model_gaussian2_sigma,geom_model_gaussian2_sigma_error,geom_model_gaussian2_depth,geom_model_gaussian2_depth_error,geom_model_cosine_half_period_amplitude,geom_model_cosine_half_period_amplitude_error,geom_model_cosine_half_period_phase,geom_model_cosine_half_period_phase_error,model_type,num_model_parameters,reduced_chi2,derived_primary_ecl_phase,derived_primary_ecl_phase_error,derived_primary_ecl_duration,derived_primary_ecl_duration_error,derived_primary_ecl_depth,derived_primary_ecl_depth_error,derived_secondary_ecl_phase,derived_secondary_ecl_phase_error,derived_secondary_ecl_duration,derived_secondary_ecl_duration_error,derived_secondary_ecl_depth,derived_secondary_ecl_depth_error
[from data line 189]
375316653866487564,4065554130463727488,0.5193973,2282.3696313640335,1.0449000578206444,4.581551E-5,17.478432,0.030297665,0.2768696,0.008299526,0.05047212,0.0061597326,0.6914456,0.09916577,0.74706984,0.0096482,0.08182089,0.01098863,0.2901772,0.034197267,null,null,null,null,"TWOGAUSSIANS",8,39.3351,0.2768696,0.008299526,0.28264388,0.034494504,0.69119054,0.0991373,0.74706984,0.0096482,0.4,0.0,0.2899221,0.03399237
375316653866487564,4065554130511495936,0.54567564,2256.717376058487,0.09488776626945274,3.621251E-5,19.155407,0.014266756,0.31885812,0.0046495716,0.08513983,0.0139806345,0.34534612,0.04075795,0.77485114,0.00795186,0.10585438,0.011661717,0.23281388,0.026257064,null,null,null,null,"TWOGAUSSIANS",8,1.24329,0.3188781,0.004646053,0.4,0.0,0.3358762,0.045809526,0.77485114,0.00795186,0.4,0.0,0.22332196,0.02664486
375316653866487564,4065554199183726848,0.49819678,2260.9271587589983,0.22382797561692747,1.6693584E-5,18.637032,0.01294332,0.34443665,0.015959317,0.07018159,0.013861623,0.18327855,0.01841539,0.76699084,0.0062758536,0.06692366,0.020141466,0.2174873,0.07358147,null,null,null,null,"TWOGAUSSIANS",8,3.1189082,0.76699084,0.0062758536,0.3747725,0.09956539,0.21743128,0.07366323,0.34443665,0.015959317,0.39301693,0.04372298,0.18322252,0.018261585
375316653866487564,4065554366760785536,0.46971184,2300.376060352088,0.31311934079508,3.5095152E-5,17.98795,0.050809696,0.16022655,0.009459804,0.067041196,0.01379106,0.42060578,0.0928557,0.6813251,0.011148697,0.08525111,0.025734503,0.22841811,0.049063504,null,null,null,null,"TWOGAUSSIANS",8,14.5113125,0.16022655,0.009459804,0.3754307,0.060065325,0.4189174,0.09138272,0.6813251,0.011148697,0.4,0.0,0.2267297,0.043354798
375316653866487564,4065554469838577792,0.53623074,2250.1200416056795,2.268600001629722,1.8174458E-5,18.410368,0.004474038,0.22443718,0.0067442902,0.013866286,0.011377054,0.4042193,0.32579163,0.74578226,0.0028539668,0.009077567,0.003536407,0.2055642,1.2839596,null,null,null,null,"TWOGAUSSIANS",8,1.9784802,0.22443718,0.0067442902,0.0776512,0.0637115,0.4042193,0.32579163,0.74578226,0.0028539668,0.050834373,0.019803878,0.2055642,1.2839596
375316653866487564,4065554886426896512,0.4565249,2283.8373415876817,1.8108200951985536,8.4503015E-5,18.19062,0.017560104,0.24773386,0.024945442,0.050765116,0.028412282,0.2455444,0.029887976,0.7428399,0.041520316,0.08757635,0.03688295,0.07735508,0.04835658,null,null,null,null,"TWOGAUSSIANS",8,5.5538464,0.24773386,0.024954956,0.28428465,0.11510049,0.24525969,0.033205416,0.7428399,0.041520316,0.4,0.0034775536,0.07707036,0.048064474
375316653866487564,4065555500633265664,0.5612001,2259.0851763363166,0.9739152093675247,4.0729727E-5,19.265678,0.012302541,0.31283444,0.00434636,0.06268863,0.00974782,0.8340511,0.11964414,0.8751113,0.01049906,0.027509704,0.014275032,0.057214048,0.028587038,null,null,null,null,"TWOGAUSSIANS",8,3.22116,0.31283444,0.00434636,0.35105628,0.05285618,0.8340511,0.11964414,0.8751113,0.01049906,0.15405434,0.07994018,0.057214048,0.028587071
375316653866487564,4065555603645178880,0.56163836,2219.8351948619256,0.6719219587964951,1.4920765E-5,18.884037,0.0051630447,0.36324847,0.0023238382,0.032896746,0.003565092,1.5961758,0.74205315,0.87886506,0.005077497,0.03387328,0.0026926103,0.3177799,0.023261186,null,null,null,null,"TWOGAUSSIANS",8,2.198982,0.36324847,0.0023238382,0.18422177,0.019964514,1.5961758,0.74205315,0.87886506,0.005077497,0.18969035,0.015078617,0.3177799,0.023261186
375316653866487564,4065555672338895616,0.65590423,2287.223581379671,3.0738111601930482,1.2658251E-5,16.81083,0.012892634,0.18621603,0.0010917237,0.05207897,0.0038153727,0.36921322,0.026423838,0.68169415,0.0073889988,0.057711665,0.006354927,0.39917788,0.039238624,0.09352138,0.018161202,0.18621603,0.0010917237,"TWOGAUSSIANS_WITH_ELLIPSOIDAL_ON_ECLIPSE1",9,10.85416,0.6821942,0.0065089264,0.32318532,0.03558759,0.5860577,0.026949614,0.18621603,0.0010917237,0.29164222,0.021366088,0.55622745,0.012791017
375316653866487564,4065555809803653504,0.51372725,2308.9230942903123,0.3052213371291224,5.1546535E-6,17.770292,0.011148623,0.49970034,0.041138235,0.10711263,0.050449766,0.041335206,0.012935032,0.8056157,0.01591636,0.027020944,0.0063416474,0.4047789,0.15926565,null,null,null,null,"TWOGAUSSIANS",8,7.698671,0.8056157,0.01591636,0.15131728,0.035513226,0.40547734,0.159702,0.49970034,0.041138235,0.4,0.0,0.04133367,0.012928832
375316653866487564,4065555809803657856,0.47416183,2321.972003686186,0.1302318641440196,3.1927138E-6,18.798706,0.28555724,0.092736304,0.0010886943,0.030991355,0.003982042,0.18336147,0.017730946,0.50169116,0.016134078,0.311281,0.1426548,0.3640538,0.26956648,null,null,null,null,"TWOGAUSSIANS",8,2.9369338,0.0942363,8.0502965E-4,0.17355159,0.022299435,0.19588411,0.015518093,0.50169116,0.016134078,0.4,0.0,0.16691999,0.018923646
375316653866487564,4065555912950393600,0.4610701,2252.496060932467,0.6898484040901879,2.9884697E-5,18.74015,0.021860495,0.38413,0.021736285,0.06089055,0.018058669,0.28852814,0.084457,0.8425793,0.0061296844,0.053869147,0.0054995925,0.23609023,0.032989867,null,null,null,null,"TWOGAUSSIANS",8,11.0908985,0.38413,0.021736285,0.3409871,0.10112855,0.2885205,0.08446213,0.8425793,0.0061296844,0.3016672,0.030797718,0.23608257,0.032973967
375316653866487564,4065556187829819264,0.6103508,2328.879121123655,0.9109641853646122,3.127686E-5,18.34794,0.004962159,0.26044485,0.01363325,0.043024704,0.02548907,1.1411701,0.9450097,0.74900466,0.021104863,0.058255807,0.029411668,0.101035915,0.2999078,null,null,null,null,"TWOGAUSSIANS",8,1.7320781,0.26044485,0.01363325,0.24093834,0.14273879,1.1411686,0.94516563,0.74900466,0.021104863,0.32623252,0.16470534,0.10103434,0.29991937
375316653866487564,4065556260816919168,0.52709574,2289.043438186233,2.183655219076214,2.1454662E-5,18.732447,0.020544684,0.21254629,0.00525444,0.066187605,0.006622969,0.4587449,0.046007067,0.7213651,0.0067102015,0.056980647,0.010970335,0.68954873,0.13946377,null,null,null,null,"TWOGAUSSIANS",8,12.674202,0.7213651,0.0067102015,0.31909162,0.06143388,0.6893317,0.13994639,0.21254629,0.00525444,0.3706506,0.03708863,0.45852792,0.04598236
375316653866487564,4065556329536472192,0.64576864,2274.3216414307512,1.6557865100414724,6.568756E-6,14.957819,8.0791325E-4,0.3331723,0.0013136824,0.057608854,0.0025680743,0.12686178,0.0061455485,0.8313476,0.0062172753,0.026251722,0.0064308136,0.023309331,0.005678164,0.03150136,0.0017235907,0.3331723,0.0013136824,"TWOGAUSSIANS_WITH_ELLIPSOIDAL_ON_ECLIPSE1",9,5.098521,0.3331723,0.0013136824,0.32260957,0.014381215,0.18985422,0.0056525837,0.83157754,0.0056388597,0.14700964,0.036012556,0.086294554,0.0062532676
375316653866487564,4065556570005822976,0.5855327,2320.0638293020966,1.6806147366089552,3.541086E-5,18.706638,0.01203721,0.21352935,0.010122343,0.090264656,0.01161652,0.26482543,0.018041305,0.70632946,0.0036276267,0.076261856,0.005859246,0.33790606,0.015427409,null,null,null,null,"TWOGAUSSIANS",8,1.0854459,0.70632946,0.0036276267,0.4,0.0,0.33221215,0.014676787,0.21352935,0.010122343,0.4,0.0,0.2591314,0.015403591
375316653866487564,4065556570054082176,0.53320974,2372.166756750543,2.4160966329209943,3.272616E-5,18.594835,0.28801635,0.16463444,0.01268713,0.11267082,0.043982983,0.39211518,0.2705392,0.64297754,0.01028049,0.11420123,0.07310793,0.39779907,0.2309722,null,null,null,null,"TWOGAUSSIANS",8,4.9437065,0.64297754,0.01028049,0.4,0.0,0.34168184,0.05235206,0.16469444,0.011875052,0.4,0.0,0.33601487,0.04514138
375316653866487564,4065556703226796160,0.4017654,2302.464908665954,3.761637830371564,5.2092393E-5,16.82822,0.0043726596,0.060772613,0.03056065,0.008380206,0.014544465,0.040974356,0.022764724,0.47948015,0.013924504,0.10712804,0.022516245,0.06275501,0.014157101,null,null,null,null,"TWOGAUSSIANS",8,10.990829,0.47948015,0.013924504,0.4,0.0,0.06275267,0.01417794,0.060772613,0.030588528,0.046929155,0.081449,0.041002277,0.022839246
375316653866487564,4065556978009425152,0.73606867,2363.6593333460087,2.912577918104053,7.605595E-6,16.366833,0.008042322,0.23229684,0.0027968457,0.03089306,0.0045290464,0.23545946,0.01595823,0.72778594,0.020444337,0.039503466,0.013137206,0.27485898,0.06903894,0.10565948,0.0105179595,0.23229684,0.0027968457,"TWOGAUSSIANS_WITH_ELLIPSOIDAL_ON_ECLIPSE1",9,4.001987,0.72817594,0.02004476,0.2212194,0.07356836,0.48602262,0.06379434,0.23229684,0.0027968457,0.17300113,0.02536266,0.44677812,0.0066750804
375316653866487564,4065557532168513664,0.467915,2330.05273509434,0.31311321606380405,2.762293E-5,18.531199,0.13244833,0.375251,0.009976125,0.061809797,0.022736078,0.42435268,0.12708801,0.9360999,0.03800242,0.021734856,0.059904326,1.559734,1.1697263,null,null,null,null,"TWOGAUSSIANS",8,38.655582,0.9360999,0.03800242,0.121715195,0.26591086,1.559734,1.1764573,0.375251,0.009976125,0.34613487,0.07457951,0.42435268,0.11871461
375316653866487564,4065557806957045504,0.56911695,2281.0700305840373,0.4474613087646193,2.3544937E-5,19.001076,0.039434966,0.07550557,0.010713536,0.037767004,0.014874583,0.3335699,0.1800404,0.5862961,0.007002924,0.1401303,0.022369642,0.55438054,0.03461348,null,null,null,null,"TWOGAUSSIANS",8,3.288307,0.5862961,0.007002924,0.4,0.0,0.54089755,0.021002125,0.07545557,0.010769506,0.21149522,0.08329767,0.32206038,0.19122796
375316653866487564,4065557837085602560,0.48004988,2274.6921757204827,0.05449861538928257,1.626254E-5,18.95145,0.048870146,0.2483989,0.026626842,0.2023012,0.04936369,0.27337804,0.04366471,0.59491295,0.040005002,0.018829685,0.016452136,0.81303567,909.91064,null,null,null,null,"TWOGAUSSIANS",8,1.716256,0.59491295,0.040005002,0.105446234,0.09213196,0.851784,909.91205,0.2483989,0.026626842,0.4,0.0,0.24759811,0.031812172
375316653866487564,4065558215045499520,0.5236582,2331.1939225407023,1.3316529939700679,3.9294955E-5,17.638037,0.008064213,0.2555157,0.007707643,0.08804227,0.015089015,0.1100596,0.006750949,0.7474429,0.019584373,0.068748936,0.014084691,0.10798656,0.02259724,null,null,null,null,"TWOGAUSSIANS",8,2.617743,0.2555157,0.007707643,0.4,0.0,0.10892374,0.0066432697,0.7474429,0.019584373,0.38499403,0.057835925,0.106850736,0.022475129
375316653866487564,4065558249405250560,0.4779091,2310.495910329816,0.13628938896075188,3.8899223E-5,18.913477,0.02135234,0.69029176,0.008421275,0.02507265,0.018277695,0.22070675,0.064434625,0.81829745,0.034265112,0.044313855,0.028859476,0.18394217,0.04769238,null,null,null,null,"TWOGAUSSIANS",8,4.918177,0.6908318,0.007143067,0.14040683,0.10235509,0.22359347,0.024945555,0.81829745,0.034265112,0.24815759,0.16161306,0.18394265,0.04765149
375316653866487564,4065558283764969984,0.4989134,2339.8849483424274,1.1800118021246007,2.4044075E-5,17.971308,0.05869694,0.28090298,0.020103889,0.10902619,0.03371202,0.20862637,0.05897997,0.77115756,0.01821308,0.10452987,0.035424884,0.22954477,0.048928536,null,null,null,null,"TWOGAUSSIANS",8,7.3315797,0.77115756,0.01821308,0.4,0.0,0.2042514,0.022566846,0.280913,0.02006217,0.4,0.0,0.18332618,0.022942852
375316653866487564,4065558283764972160,0.568178,2322.4821704006094,2.068272295302242,2.4760382E-5,18.490688,0.010921642,0.3386413,6.591904E-4,0.023423543,0.001431478,0.32749912,0.023400098,0.83161706,0.0046576336,0.026371239,0.014934648,0.3400833,0.6282184,0.1607051,0.013887192,0.83161706,0.0046576336,"TWOGAUSSIANS_WITH_ELLIPSOIDAL_ON_ECLIPSE2",9,8.578026,0.83161706,0.0046576336,0.14767894,0.08363403,0.6614935,0.63353616,0.33835128,4.5009708E-4,0.13117184,0.008016276,0.6483091,0.011334893
375316653866487564,4065558421203642880,0.6000832,2308.4892862163765,1.307397911985629,3.939492E-5,18.518736,0.016190697,0.22324827,0.004260386,0.081973046,0.0048117354,0.45242113,0.019484492,0.72458905,0.014922337,0.092834376,0.013717422,0.37576723,0.026428452,null,null,null,null,"TWOGAUSSIANS",8,3.3312085,0.22324827,0.004260386,0.4,0.0,0.43905148,0.01655052,0.72458905,0.014922337,0.4,0.0,0.36239722,0.021580068
375316653866487564,4065558455504067200,0.5603242,2316.195757009044,0.6698273375831038,4.4699864E-5,17.403605,0.0103775235,0.26991004,0.059942562,0.06497439,0.032510225,0.11999061,0.28051552,0.7751976,0.027905032,0.055337355,0.03867626,0.3966197,0.2527702,null,null,null,null,"TWOGAUSSIANS",8,5.6151648,0.7751976,0.027905032,0.3098892,0.11809476,0.39655924,0.25517625,0.26991004,0.059942562,0.36385658,0.17924228,0.11993014,0.28061894
375316653866487564,4065558459793318016,0.47242373,2314.509271242647,2.2282474405829378,2.727178E-5,17.977774,0.010477259,null,null,null,null,null,null,null,null,null,null,null,null,0.1664964,0.017801464,0.2856747,0.007071421,"ELLIPSOIDAL",4,17.032444,null,null,null,null,null,null,null,null,null,null,null,null
375316653866487564,4065558528512793216,0.45188603,2314.6470164843263,3.4618686775717653,5.1754774E-5,18.772802,0.52240914,0.28336996,0.011678617,0.15200631,0.1618852,0.3487437,0.4863805,0.768599,0.0070913644,0.083909534,0.023564814,0.5199453,0.23522049,null,null,null,null,"TWOGAUSSIANS",8,17.540525,0.768599,0.0070913644,0.4,0.0,0.45386028,0.07412617,0.28336996,0.011678617,0.4,0.0,0.27939415,0.05994694
375316653866487564,4065558627369227264,0.52874374,2286.928217754456,2.09745596220211,2.4366307E-5,17.714088,0.008699146,0.20837013,0.013668459,0.07195194,0.018523352,0.12663803,0.009771366,0.7010531,0.004402668,0.08492379,0.005385834,0.3016268,0.02199373,null,null,null,null,"TWOGAUSSIANS",8,7.68353,0.7010531,0.004402668,0.4,0.0,0.299477,0.022193668,0.20837013,0.013668459,0.4,0.07317267,0.12448824,0.009439977
375316653866487564,4065558799169674752,0.4954442,2319.3458935167605,1.3190816392166176,4.074108E-5,18.649054,0.03446871,0.21434063,0.014643825,0.08546876,0.022058714,0.245344,0.04803594,0.71619433,0.009315854,0.09670932,0.017711602,0.27937442,0.03661339,null,null,null,null,"TWOGAUSSIANS",8,7.0618954,0.71619433,0.009315854,0.4,0.0,0.26756886,0.026860505,0.21434063,0.014644079,0.4,0.0,0.23353931,0.045134135
375316653866487564,4065558940875993472,0.67427695,2302.3723035730354,0.2809319157367562,1.1867377E-4,14.681844,9.910468E-4,0.19268243,2.1943927E-4,0.010871533,1.6777933E-4,0.37375835,0.0057870746,0.7437486,0.023396159,0.06326718,0.05783411,0.0043478534,0.0035757045,null,null,null,null,"TWOGAUSSIANS",8,4.5932426,0.19268243,2.1943927E-4,0.060880587,9.3956426E-4,0.37375835,0.0057870746,0.7437486,0.023396159,0.3542962,0.32339016,0.0043478534,0.0035757045
375316653866487564,4065559005328212224,0.504009,2304.5522742424496,0.15877284058335026,5.263019E-5,19.706892,0.0075196642,0.3754443,0.04521012,0.0607271,0.011444751,0.3308699,0.14460121,0.8407246,0.036401168,0.099763334,0.030099088,0.22427641,0.023589768,null,null,null,null,"TWOGAUSSIANS",8,1.2860705,0.3754443,0.04522786,0.34007177,0.06409061,0.3289318,0.14312807,0.8407246,0.036401168,0.4,0.006543667,0.22233394,0.02299341
375316653866487564,4065559074047592448,0.54323936,2345.230950227786,3.00303024243257,2.3023571E-5,19.251398,0.019911176,0.24145825,0.008978183,0.078328416,0.01039385,0.419829,0.051802073,0.7332397,0.0077874693,0.07790952,0.008646365,0.45199093,0.04604883,null,null,null,null,"TWOGAUSSIANS",8,3.0671513,0.7332397,0.0077874693,0.4,0.0,0.44760126,0.046035595,0.24145825,0.008978183,0.4,0.0,0.41543934,0.052641865
375316653866487564,4065559108313163904,0.49966204,2326.176393273038,0.447534690427368,3.8170227E-5,18.55187,0.39919335,0.40539703,0.013716065,0.17234996,0.041294757,0.9469967,0.4072535,0.89553165,0.005025201,0.12958165,0.034533706,0.6690411,0.35241747,null,null,null,null,"TWOGAUSSIANS",8,12.042221,0.405607,0.013509965,0.4,0.0,0.5595203,0.046248395,0.89553165,0.005025201,0.4,0.0,0.30926433,0.02625615
