Gaia/vari_eclipsing_binary/VariEclipsingBinary_688574-688603.csv
# %ECSV 1.0
# ---
# delimiter: ','
# meta: !!omap
# - RELEASE: Gaia DR3
# - TABLE: vari_eclipsing_binary
# - DESCRIPTION: >
#     This table describes the properties of the eclipsing binaries resulting from the variability analysis. 
# - CITATION: >
#     How to cite and acknowledge Gaia: 
#     https://gea.esac.esa.int/archive/documentation/credits.html 
# - KNOWN_ISSUES: >
#     Known issues: 
#     https://www.cosmos.esa.int/web/gaia-users/known-issues 
# - DOCUMENTATION: >
#     Tutorials and documentation: 
#     https://www.cosmos.esa.int/web/gaia-users/archive 
# datatype:
# - 
#   name: solution_id
#   datatype: int64
#   description: Solution Identifier
#   meta:
#     ucd: meta.version
# - 
#   name: source_id
#   datatype: int64
#   description: Unique source identifier
#   meta:
#     ucd: meta.id;meta.main
# - 
#   name: global_ranking
#   datatype: float32
#   description: Number between 0 (worst) and 1 (best)
#   meta:
#     ucd: stat.param
# - 
#   name: reference_time
#   datatype: float64
#   unit: d
#   description: Reference time used for the geometric model fit
#   meta:
#     ucd: time.epoch
# - 
#   name: frequency
#   datatype: float64
#   unit: d**-1
#   description: Frequency of geometric model of the eclipsing binary light curve
#   meta:
#     ucd: src.orbital
# - 
#   name: frequency_error
#   datatype: float32
#   unit: d**-1
#   description: "Uncertainty of \\texttt{frequency}"
#   meta:
#     ucd: stat.error
# - 
#   name: geom_model_reference_level
#   datatype: float32
#   unit: mag
#   description: Magnitude reference level of geometric model
#   meta:
#     ucd: phot.mag;em.opt
# - 
#   name: geom_model_reference_level_error
#   datatype: float32
#   unit: mag
#   description: "Uncertainty of \\texttt{geomModelReferenceLevel}"
#   meta:
#     ucd: stat.error;phot.mag;em.opt
# - 
#   name: geom_model_gaussian1_phase
#   datatype: float32
#   description: Phase of the Gaussian 1 component
#   meta:
#     ucd: time.phase
# - 
#   name: geom_model_gaussian1_phase_error
#   datatype: float32
#   description: "Uncertainty of \\texttt{geomModelGaussian1Phase}"
#   meta:
#     ucd: stat.error;time.phase
# - 
#   name: geom_model_gaussian1_sigma
#   datatype: float32
#   description: "Standard deviation [phase] of Gaussian 1 component"
#   meta:
#     ucd: stat.stdev
# - 
#   name: geom_model_gaussian1_sigma_error
#   datatype: float32
#   description: "Uncertainty of \\texttt{geomModelGaussian1Sigma}"
#   meta:
#     ucd: stat.error
# - 
#   name: geom_model_gaussian1_depth
#   datatype: float32
#   unit: mag
#   description: Magnitude depth of Gaussian 1 component
#   meta:
#     ucd: src.var.amplitude
# - 
#   name: geom_model_gaussian1_depth_error
#   datatype: float32
#   unit: mag
#   description: "Uncertainty of \\texttt{geomModelGaussian1Depth}"
#   meta:
#     ucd: stat.error;src.var.amplitude
# - 
#   name: geom_model_gaussian2_phase
#   datatype: float32
#   description: Phase of Gaussian 2 component
#   meta:
#     ucd: time.phase
# - 
#   name: geom_model_gaussian2_phase_error
#   datatype: float32
#   description: "Uncertainty of \\texttt{geomModelGaussian2Phase}"
#   meta:
#     ucd: stat.error;time.phase
# - 
#   name: geom_model_gaussian2_sigma
#   datatype: float32
[...]
#   datatype: float32
#   description: "Secondary eclipse: uncertainty of \\texttt{derivedSecondaryEclDuration}"
#   meta:
#     ucd: stat.error;time.duration
# - 
#   name: derived_secondary_ecl_depth
#   datatype: float32
#   unit: mag
#   description: "Secondary eclipse: depth"
#   meta:
#     ucd: src.var.amplitude
# - 
#   name: derived_secondary_ecl_depth_error
#   datatype: float32
#   unit: mag
#   description: "Secondary eclipse: uncertainty of \\texttt{derivedSecondaryEclDepth}"
#   meta:
#     ucd: stat.error;src.var.amplitude
solution_id,source_id,global_ranking,reference_time,frequency,frequency_error,geom_model_reference_level,geom_model_reference_level_error,geom_model_gaussian1_phase,geom_model_gaussian1_phase_error,geom_model_gaussian1_sigma,geom_model_gaussian1_sigma_error,geom_model_gaussian1_depth,geom_model_gaussian1_depth_error,geom_model_gaussian2_phase,geom_model_gaussian2_phase_error,geom_model_gaussian2_sigma,geom_model_gaussian2_sigma_error,geom_model_gaussian2_depth,geom_model_gaussian2_depth_error,geom_model_cosine_half_period_amplitude,geom_model_cosine_half_period_amplitude_error,geom_model_cosine_half_period_phase,geom_model_cosine_half_period_phase_error,model_type,num_model_parameters,reduced_chi2,derived_primary_ecl_phase,derived_primary_ecl_phase_error,derived_primary_ecl_duration,derived_primary_ecl_duration_error,derived_primary_ecl_depth,derived_primary_ecl_depth_error,derived_secondary_ecl_phase,derived_secondary_ecl_phase_error,derived_secondary_ecl_duration,derived_secondary_ecl_duration_error,derived_secondary_ecl_depth,derived_secondary_ecl_depth_error
[from data line 501]
375316653866487564,6056925200518961280,0.5133297,2202.317866450482,0.4508835829935216,1.0574712E-5,19.727022,0.0070200157,0.25849557,0.022767873,0.029645715,0.02276794,0.16772355,0.08958809,0.7335183,0.0020152126,0.025420595,0.0017365365,0.8126015,0.07436485,null,null,null,null,"TWOGAUSSIANS",8,2.7930968,0.7335183,0.0020152126,0.14235534,0.009724604,0.8126015,0.07436485,0.25849557,0.022767873,0.166016,0.12750047,0.16772355,0.08958809
375316653866487564,6056925200519010432,0.5967734,2230.2505385629756,0.8033273120484441,6.663272E-6,18.938726,0.0047292234,0.26767644,0.010957541,0.024546668,0.022758065,0.111324824,0.32866573,0.7695821,8.591452E-4,0.029034365,0.0012896778,0.9345697,0.031388965,null,null,null,null,"TWOGAUSSIANS",8,3.4946113,0.7695821,8.591452E-4,0.16259244,0.007222196,0.9345697,0.031388965,0.26767644,0.010957541,0.13746133,0.12744516,0.111324824,0.32866573
375316653866487564,6056925269238448384,0.53606266,2202.8459653566506,2.677787753716297,5.9661907E-6,19.107565,0.009169003,0.28500643,0.0026051009,0.08385245,0.0038008802,0.4060626,0.01575422,0.78535235,0.004115993,0.08375567,0.005206796,0.37775475,0.015738856,null,null,null,null,"TWOGAUSSIANS",8,2.9207296,0.28500643,0.0026051009,0.4,0.0,0.39696765,0.015863856,0.78535235,0.004115993,0.4,0.0,0.3686598,0.0153310485
375316653866487564,6056925883419672832,0.43439314,2210.550230246121,0.2471724424423719,1.4343141E-6,17.00679,0.0030677444,0.28093004,2.6105172E-6,0.0011352759,1.086874E-5,0.8110363,0.005519113,0.70282364,0.05393244,0.07240465,0.048010748,0.026040649,0.08918014,null,null,null,null,"TWOGAUSSIANS",8,31.752684,0.28093004,2.6105172E-6,0.006357545,6.0864946E-5,0.8110363,0.0055191345,0.70282364,0.05393244,0.4,0.24026607,0.026040649,0.08918014
375316653866487564,6056925990831294080,0.4686571,2236.052537424568,0.3582795524880308,9.128696E-6,17.636381,0.0032001196,0.16933471,8.637852E-4,0.0064652795,0.0013519508,0.8306274,1.395741,0.6707048,0.016601428,0.009745,0.009098942,0.30592462,0.18449394,0.008838519,0.006060674,0.16933471,8.637852E-4,"TWOGAUSSIANS_WITH_ELLIPSOIDAL_ON_ECLIPSE1",9,15.283937,0.16933471,8.637852E-4,0.036205564,0.0075709242,0.8483044,1.3963068,0.6707048,0.016594214,0.054572,0.050954077,0.32360035,0.18368404
375316653866487564,6056926192657363072,0.5373364,2232.540071416012,2.047044256029973,6.3914126E-6,18.44677,0.0063547012,0.24140345,0.0029861564,0.091012925,0.0041156565,0.27233374,0.009353719,0.7424557,0.0025137493,0.07831703,0.0031313018,0.3235893,0.0118,null,null,null,null,"TWOGAUSSIANS",8,4.5331464,0.7424557,0.0025137493,0.4,0.0,0.3162186,0.011625259,0.24140345,0.0029861564,0.4,0.0,0.2649629,0.009134593
375316653866487564,6056926227022352256,0.47506198,2218.3309284977386,2.228440231203852,1.39024805E-5,19.003601,0.12296011,0.27944794,0.0058238497,0.11361842,0.04538319,0.1621579,0.116923586,0.78504944,0.009245112,0.11948451,0.045250725,0.19366094,0.11835413,null,null,null,null,"TWOGAUSSIANS",8,2.4547236,0.7850594,0.009232425,0.4,0.0,0.15991183,0.010242989,0.27941796,0.005970771,0.4,0.0,0.12845026,0.010182197
375316653866487564,6056926918544344704,0.5832302,2190.9310878392016,2.387094178794223,5.414874E-6,17.68787,0.0049429405,0.28090993,0.0016321797,0.0859325,0.0026315623,0.24975863,0.005518416,0.77508366,0.002358733,0.087218866,0.003921465,0.2585732,0.0055558453,null,null,null,null,"TWOGAUSSIANS",8,3.255742,0.77508366,0.002358733,0.4,0.0,0.25144464,0.0049653198,0.28090993,0.0016321797,0.4,0.0,0.2426301,0.0046171574
375316653866487564,6056927399580663040,0.6412476,2192.7641697201075,1.4376844048728235,2.4987635E-6,16.090641,0.0017632011,0.21068993,8.5553573E-4,0.05631728,0.0014781578,0.15708803,0.0039282027,0.7088743,0.0073639313,0.04769584,0.007466384,0.023038493,0.005362133,0.053923957,0.0023143513,0.21068993,8.5553573E-4,"TWOGAUSSIANS_WITH_ELLIPSOIDAL_ON_ECLIPSE1",9,2.568178,0.21068993,8.5553573E-4,0.3153768,0.0082776835,0.26492727,0.0017631005,0.7097043,0.004756226,0.26709673,0.04181175,0.13087012,0.0036660752
375316653866487564,6056927670126284800,0.5509668,2192.1347638175835,2.6074250181443084,6.290754E-6,17.579327,0.025800163,0.22748467,0.0029624447,0.11750835,0.010107358,0.29788443,0.023568962,0.7247693,0.0015602768,0.10512039,0.00649618,0.3263221,0.02452988,null,null,null,null,"TWOGAUSSIANS",8,5.338372,0.7247693,0.0015602768,0.4,0.0,0.2779364,0.0072285715,0.22748467,0.0029624447,0.4,0.0,0.24943668,0.008722516
375316653866487564,6056928121135531136,0.5956494,2208.0248932544882,0.5692224303109216,1.913679E-5,16.30013,6.555137E-4,0.18140621,0.06876343,0.0791692,0.03983538,0.0039673173,0.0021099753,0.8130256,0.02287035,0.014533304,0.007532878,0.68992746,1.892751,null,null,null,null,"TWOGAUSSIANS",8,2.762377,0.8130256,0.02287035,0.0813865,0.04218412,0.6899275,1.892751,0.18140621,0.06876343,0.4,0.14201623,0.0039673173,0.0021099753
375316653866487564,6056928224214750592,0.55415744,2215.3820590726536,0.5303142963661706,1.0078587E-6,16.75775,0.0012532489,0.4435552,0.047809187,0.041608203,0.07356901,0.0021939958,0.016072568,0.23983264,4.9918886E-5,0.00968116,1.8970628E-4,1.5174177,0.12090593,null,null,null,null,"TWOGAUSSIANS",8,3.2754598,0.23983264,4.9918886E-5,0.054214492,0.0010623551,1.5174177,0.120905764,0.4435552,0.047809187,0.23300594,0.41198644,0.0021939958,0.016072568
375316653866487564,6056928464695921408,0.5164054,2196.278440810545,0.39861651340773624,3.837481E-6,19.036282,0.0070559555,0.096559376,0.0044179815,0.035170443,0.0058240565,0.090672195,0.0097354455,0.5942369,8.6011604E-4,0.020872748,9.86953E-4,0.5231378,0.041415248,null,null,null,null,"TWOGAUSSIANS",8,4.321948,0.5942369,8.6011604E-4,0.11688738,0.005526937,0.5231378,0.041415248,0.096559376,0.0044179815,0.19695447,0.032614715,0.090672195,0.0097354455
375316653866487564,6056928636494617600,0.53811616,2185.479661079959,2.442614161192678,6.882344E-6,18.990278,0.024616439,0.2770156,0.0026265343,0.11057605,0.0083125485,0.33904955,0.023900973,0.7766595,0.0038020029,0.09361824,0.007802079,0.37905365,0.022674706,null,null,null,null,"TWOGAUSSIANS",8,2.293991,0.7766595,0.0038020029,0.4,0.0,0.3438144,0.008372576,0.2770156,0.0026265343,0.4,0.0,0.3037862,0.010306495
375316653866487564,6056929117568020480,0.57502234,2204.088235035523,3.477791182427097,7.159287E-6,16.338165,0.006244226,0.25420883,0.0010076002,0.047316555,0.004653096,0.095017985,0.014141884,0.7461234,0.0058548655,0.04781578,0.0068155327,0.13937536,0.015602595,0.05778974,0.008017692,0.25420883,0.0010076002,"TWOGAUSSIANS_WITH_ELLIPSOIDAL_ON_ECLIPSE1",9,11.355815,0.74717337,0.005175586,0.26776838,0.038166985,0.25469518,0.010958968,0.25420883,0.0010076002,0.26497272,0.026057338,0.21059713,0.0039012851
375316653866487564,6056929353766759168,0.60216975,2215.7381469218194,3.078776069110312,2.3070786E-6,17.863754,0.011666054,0.21644075,0.0016724954,0.04454938,0.003968967,0.26899058,0.02677047,0.7120845,0.0022322396,0.051529,0.0030643495,0.35416394,0.026729863,0.116404265,0.014459973,0.21644075,0.0016724954,"TWOGAUSSIANS_WITH_ELLIPSOIDAL_ON_ECLIPSE1",9,8.15227,0.7126144,0.0018829025,0.28856242,0.017160358,0.5868152,0.013491126,0.21644075,0.0016724954,0.24947652,0.022226216,0.5017951,0.013637584
375316653866487564,6056930629396519808,0.5766839,2206.952075668218,0.8535006096857879,4.487024E-6,17.16465,0.0058219656,0.27648333,0.0017580197,0.03245173,0.0033444695,1.1839786,0.17262807,0.78017867,0.0036380808,0.031330355,0.0049053645,0.10615507,0.019600892,0.017080823,0.009367808,0.27648333,0.0017580197,"TWOGAUSSIANS_WITH_ELLIPSOIDAL_ON_ECLIPSE1",9,20.957788,0.27648333,0.0017580197,0.18172969,0.01872903,1.2181401,0.18602264,0.78017867,0.0036380808,0.17545,0.027470043,0.14029829,0.016410952
375316653866487564,6056930972958119680,0.41926897,2185.7745439683827,3.135071473575492,4.8688158E-5,19.713066,0.014852766,0.2864999,0.015639376,0.06265716,0.021093996,0.21140638,0.019567559,0.809256,0.012579432,0.071250595,0.012813717,0.17105089,0.029255845,null,null,null,null,"TWOGAUSSIANS",8,5.170634,0.2864999,0.015639376,0.35088012,0.073290676,0.21122162,0.020325,0.809256,0.012579432,0.39900333,0.042256545,0.17086613,0.029060384
375316653866487564,6056931621496471680,0.46369871,2225.557314643098,0.7107573342292173,1.6731849E-5,18.004223,0.0032582937,0.18128575,0.003517463,0.017878192,0.0028301626,0.22867048,0.012870955,0.6896406,0.021211475,0.023216674,0.017891707,0.111311,0.7006031,null,null,null,null,"TWOGAUSSIANS",8,9.475133,0.18128575,0.003517463,0.10011788,0.01584891,0.22867048,0.012870955,0.6896406,0.021211475,0.13001338,0.10019356,0.111311,0.7006031
375316653866487564,6056933481218436224,0.49169248,2176.4574617397575,1.5016019022081337,2.8755938E-5,19.35953,0.004160696,0.21683761,0.0041182274,0.029568259,0.0036081625,0.6278421,0.14906622,null,null,null,null,null,null,null,null,null,null,"ONEGAUSSIAN",5,3.3770723,0.21683761,0.0041182274,0.16558225,0.02020571,0.6278421,0.0,null,null,null,null,null,null
375316653866487564,6056933923601955456,0.5565546,2219.4245787228397,1.3034464860422144,8.146672E-6,17.517893,0.011710905,0.18572694,0.0027582669,0.10372182,0.00949035,0.13890505,0.010401749,0.69379103,0.0024474782,0.09910344,0.008034279,0.17404462,0.010544126,null,null,null,null,"TWOGAUSSIANS",8,2.6842837,0.69379103,0.0024473418,0.4,0.0,0.16061276,0.0064015873,0.18572694,0.0027582669,0.4,0.0,0.12547164,0.0059750048
375316653866487564,6056934134053398528,0.5157242,2203.3931409833453,3.736030137819872,9.807566E-6,19.26076,0.013036348,0.27373764,0.003898936,0.09056489,0.0065064197,0.33918202,0.02087467,0.7807501,0.002440285,0.08641638,0.0054329014,0.2979502,0.013363647,null,null,null,null,"TWOGAUSSIANS",8,2.632659,0.27373764,0.003898936,0.4,0.0,0.32866997,0.020906158,0.7807501,0.002440285,0.4,0.0,0.28743827,0.011905144
375316653866487564,6056934610793859840,0.53370756,2222.096003422762,3.3463939564276024,9.348644E-6,17.88744,0.006882214,0.22651204,0.0022119072,0.07088734,0.0044905236,0.23705511,0.0089064045,0.73308015,0.0024686249,0.07821075,0.0048685735,0.28497028,0.017873121,null,null,null,null,"TWOGAUSSIANS",8,7.0568914,0.73308015,0.0024686249,0.4,0.0,0.28334603,0.018165428,0.22651204,0.0022119072,0.39696914,0.01838822,0.23543084,0.008889912
375316653866487564,6056934718169048064,0.46725652,2199.5615249534862,1.2339747592734116,1.1255616E-5,19.713829,0.0040282505,0.2793002,1.0553334E-4,0.007683464,1.9518679E-4,0.2347124,0.0038339107,0.7940914,1.6749332E-4,0.008299823,4.713897E-4,0.38417733,0.0047994237,null,null,null,null,"TWOGAUSSIANS",8,2.3143475,0.7940914,1.6749332E-4,0.046479005,0.0026397824,0.38417733,0.0047994237,0.2793002,1.0553334E-4,0.043027397,0.0010930459,0.2347124,0.0038339107
375316653866487564,6056934954391141888,0.5990279,2199.6853469858,0.14047732036402685,9.621765E-6,18.069075,0.0013208885,0.51848996,0.0014731544,0.0072549516,0.0014391541,0.6354273,0.34270534,0.7787005,0.0024361985,0.0037786674,0.0015046672,1.0966583,1.0105488,null,null,null,null,"TWOGAUSSIANS",8,1.7209452,0.7787005,0.0024361985,0.021160537,0.008426136,1.0966583,1.0105488,0.51848996,0.0014731544,0.04062773,0.008059263,0.6354273,0.34270534
375316653866487564,6056934958687252864,0.50877804,2206.566471644295,2.455536830597795,1.2398768E-5,18.677618,0.0576791,0.25666916,0.0053363964,0.11542644,0.021051899,0.23334005,0.054185454,0.746205,0.004820305,0.11902471,0.022473166,0.23982067,0.05460386,null,null,null,null,"TWOGAUSSIANS",8,2.9306827,0.746205,0.004820305,0.4,0.0,0.19564267,0.011846448,0.25671917,0.0053298515,0.4,0.0,0.18919507,0.0109256795
375316653866487564,6056935508443346560,0.5728526,2192.771571388075,3.5669192007120953,9.26131E-6,19.09974,0.018120265,0.2522237,0.0025862975,0.054949567,0.0044856085,0.45055184,0.048056103,0.74581814,0.006646426,0.051559538,0.012532718,0.3401961,0.05945973,0.1176507,0.021344956,0.2522237,0.0025862975,"TWOGAUSSIANS_WITH_ELLIPSOIDAL_ON_ECLIPSE1",9,3.689677,0.2522237,0.0025862975,0.30771756,0.025119407,0.68583715,0.032913737,0.74662817,0.0057308874,0.2887334,0.07018322,0.5751487,0.084267735
375316653866487564,6056935508443631872,0.5311971,2221.0656141942504,1.6663964158262192,1.1315725E-5,18.580408,0.008055716,0.23254403,0.0025627674,0.087300144,0.0047725425,0.23156968,0.009270716,0.73585975,0.004372415,0.09495365,0.006490645,0.19008039,0.009406716,null,null,null,null,"TWOGAUSSIANS",8,2.054656,0.23254403,0.0025627674,0.4,0.0,0.22236624,0.008618156,0.73585975,0.004372415,0.4,0.0,0.18087663,0.0077525615
375316653866487564,6056937707467976576,0.4416782,2224.062752446183,2.787574637165742,1.2590598E-5,19.443678,0.09236824,0.30136994,0.0068479953,0.11383286,0.03266136,0.2605385,0.08542465,0.78851146,0.007532297,0.10771616,0.030345138,0.25847495,0.08802589,null,null,null,null,"TWOGAUSSIANS",8,5.4204893,0.30137995,0.006873881,0.4,0.0,0.22495365,0.026188958,0.78851146,0.007532297,0.4,0.0,0.22291535,0.02738931
375316653866487564,6056937810547232768,0.5499233,2217.907269688506,2.9863306840047645,1.1604606E-5,19.846376,0.007107627,0.25514597,0.0042150216,0.063803166,0.00430204,0.66385514,0.017750703,0.7543233,0.0020080372,0.0644929,0.0023880955,0.5647027,0.023194639,null,null,null,null,"TWOGAUSSIANS",8,2.3366446,0.25514597,0.0042150216,0.35729775,0.024091424,0.66325426,0.017764563,0.7543233,0.0020080372,0.36116025,0.013373335,0.56410176,0.023289576
375316653866487564,6056937879301926400,0.5547346,2218.069342886632,1.922041167813435,7.426887E-6,17.130266,0.123809904,0.23358122,0.0019953705,0.13512824,0.041043986,0.14587852,0.11574449,0.7308656,0.0020734356,0.14502136,0.048552193,0.15051521,0.12026954,null,null,null,null,"TWOGAUSSIANS",8,1.393158,0.7308656,0.0020734356,0.4,0.0,0.091599196,0.0020901246,0.23373123,0.0018718167,0.4,0.0,0.087442376,0.0020222096
375316653866487564,6056938527803552512,0.5461365,2239.6954002629,3.00147302055895,8.050426E-6,18.217382,0.012445076,0.2883538,0.0026848696,0.08302316,0.0060222214,0.2769884,0.0138891,0.78317136,0.0026114853,0.08859326,0.005172592,0.32662144,0.014604572,null,null,null,null,"TWOGAUSSIANS",8,4.1170373,0.78317136,0.0026114853,0.4,0.0,0.3187044,0.01365391,0.2883538,0.0026848696,0.4,0.0,0.26907143,0.013134313
375316653866487564,6056939627326849408,0.59807545,2189.0772943864017,3.4898533270625918,3.482538E-6,19.34652,0.009035629,0.22976266,0.0011532655,0.035390075,0.0019782865,0.48948163,0.026192898,0.7282362,0.0031755758,0.03944182,0.004767124,0.4744299,0.09286752,0.18353657,0.012462681,0.22976266,0.0011532655,"TWOGAUSSIANS_WITH_ELLIPSOIDAL_ON_ECLIPSE1",9,2.7649105,0.22976266,0.0011532655,0.19818442,0.011078404,0.8565541,0.022212561,0.7283662,0.0027872259,0.22087419,0.026695894,0.84147155,0.1001384
375316653866487564,6056939730406084864,0.5002231,2212.762325900138,2.467337295088613,1.4803539E-5,19.799646,0.012383973,0.2035981,0.00709285,0.07705868,0.006526145,0.34082457,0.022818599,0.7135481,0.0031905046,0.07055774,0.00575388,0.2964162,0.012960446,null,null,null,null,"TWOGAUSSIANS",8,2.098989,0.2035981,0.00709285,0.4,0.0,0.3391926,0.02261166,0.7135481,0.0031905046,0.39512336,0.030475719,0.29478422,0.012586075
375316653866487564,6056940181404445312,0.68158424,2200.201227665691,2.1677192294593857,2.2506347E-6,17.064796,0.0069360766,0.23595914,7.6786894E-4,0.053386524,0.0026940005,0.19517902,0.015635312,0.7384988,0.0030755063,0.053011607,0.005654188,0.16649622,0.014355969,0.110060796,0.008761306,0.23595914,7.6786894E-4,"TWOGAUSSIANS_WITH_ELLIPSOIDAL_ON_ECLIPSE1",9,2.5595102,0.23595914,7.6786894E-4,0.29896453,0.015086402,0.41529414,0.0036962144,0.7384988,0.0030755063,0.29686502,0.03166345,0.38655528,0.0063347206
375316653866487564,6056940250123937792,0.45913127,2210.1004818559113,0.7554857683279202,2.1596381E-5,16.901857,0.0014708501,0.51523054,0.0031015659,0.0354284,0.0043121236,0.13423933,0.051502258,null,null,null,null,null,null,null,null,null,null,"ONEGAUSSIAN",5,5.934142,0.51523054,0.0031015659,0.19839905,0.024147892,0.13423933,0.0,null,null,null,null,null,null
