Gaia/vari_eclipsing_binary/VariEclipsingBinary_710846-711444.csv
# %ECSV 1.0
# ---
# delimiter: ','
# meta: !!omap
# - RELEASE: Gaia DR3
# - TABLE: vari_eclipsing_binary
# - DESCRIPTION: >
#     This table describes the properties of the eclipsing binaries resulting from the variability analysis. 
# - CITATION: >
#     How to cite and acknowledge Gaia: 
#     https://gea.esac.esa.int/archive/documentation/credits.html 
# - KNOWN_ISSUES: >
#     Known issues: 
#     https://www.cosmos.esa.int/web/gaia-users/known-issues 
# - DOCUMENTATION: >
#     Tutorials and documentation: 
#     https://www.cosmos.esa.int/web/gaia-users/archive 
# datatype:
# - 
#   name: solution_id
#   datatype: int64
#   description: Solution Identifier
#   meta:
#     ucd: meta.version
# - 
#   name: source_id
#   datatype: int64
#   description: Unique source identifier
#   meta:
#     ucd: meta.id;meta.main
# - 
#   name: global_ranking
#   datatype: float32
#   description: Number between 0 (worst) and 1 (best)
#   meta:
#     ucd: stat.param
# - 
#   name: reference_time
#   datatype: float64
#   unit: d
#   description: Reference time used for the geometric model fit
#   meta:
#     ucd: time.epoch
# - 
#   name: frequency
#   datatype: float64
#   unit: d**-1
#   description: Frequency of geometric model of the eclipsing binary light curve
#   meta:
#     ucd: src.orbital
# - 
#   name: frequency_error
#   datatype: float32
#   unit: d**-1
#   description: "Uncertainty of \\texttt{frequency}"
#   meta:
#     ucd: stat.error
# - 
#   name: geom_model_reference_level
#   datatype: float32
#   unit: mag
#   description: Magnitude reference level of geometric model
#   meta:
#     ucd: phot.mag;em.opt
# - 
#   name: geom_model_reference_level_error
#   datatype: float32
#   unit: mag
#   description: "Uncertainty of \\texttt{geomModelReferenceLevel}"
#   meta:
#     ucd: stat.error;phot.mag;em.opt
# - 
#   name: geom_model_gaussian1_phase
#   datatype: float32
#   description: Phase of the Gaussian 1 component
#   meta:
#     ucd: time.phase
# - 
#   name: geom_model_gaussian1_phase_error
#   datatype: float32
#   description: "Uncertainty of \\texttt{geomModelGaussian1Phase}"
#   meta:
#     ucd: stat.error;time.phase
# - 
#   name: geom_model_gaussian1_sigma
#   datatype: float32
#   description: "Standard deviation [phase] of Gaussian 1 component"
#   meta:
#     ucd: stat.stdev
# - 
#   name: geom_model_gaussian1_sigma_error
#   datatype: float32
#   description: "Uncertainty of \\texttt{geomModelGaussian1Sigma}"
#   meta:
#     ucd: stat.error
# - 
#   name: geom_model_gaussian1_depth
#   datatype: float32
#   unit: mag
#   description: Magnitude depth of Gaussian 1 component
#   meta:
#     ucd: src.var.amplitude
# - 
#   name: geom_model_gaussian1_depth_error
#   datatype: float32
#   unit: mag
#   description: "Uncertainty of \\texttt{geomModelGaussian1Depth}"
#   meta:
#     ucd: stat.error;src.var.amplitude
# - 
#   name: geom_model_gaussian2_phase
#   datatype: float32
#   description: Phase of Gaussian 2 component
#   meta:
#     ucd: time.phase
# - 
#   name: geom_model_gaussian2_phase_error
#   datatype: float32
#   description: "Uncertainty of \\texttt{geomModelGaussian2Phase}"
#   meta:
#     ucd: stat.error;time.phase
# - 
#   name: geom_model_gaussian2_sigma
#   datatype: float32
[...]
#   datatype: float32
#   description: "Secondary eclipse: uncertainty of \\texttt{derivedSecondaryEclDuration}"
#   meta:
#     ucd: stat.error;time.duration
# - 
#   name: derived_secondary_ecl_depth
#   datatype: float32
#   unit: mag
#   description: "Secondary eclipse: depth"
#   meta:
#     ucd: src.var.amplitude
# - 
#   name: derived_secondary_ecl_depth_error
#   datatype: float32
#   unit: mag
#   description: "Secondary eclipse: uncertainty of \\texttt{derivedSecondaryEclDepth}"
#   meta:
#     ucd: stat.error;src.var.amplitude
solution_id,source_id,global_ranking,reference_time,frequency,frequency_error,geom_model_reference_level,geom_model_reference_level_error,geom_model_gaussian1_phase,geom_model_gaussian1_phase_error,geom_model_gaussian1_sigma,geom_model_gaussian1_sigma_error,geom_model_gaussian1_depth,geom_model_gaussian1_depth_error,geom_model_gaussian2_phase,geom_model_gaussian2_phase_error,geom_model_gaussian2_sigma,geom_model_gaussian2_sigma_error,geom_model_gaussian2_depth,geom_model_gaussian2_depth_error,geom_model_cosine_half_period_amplitude,geom_model_cosine_half_period_amplitude_error,geom_model_cosine_half_period_phase,geom_model_cosine_half_period_phase_error,model_type,num_model_parameters,reduced_chi2,derived_primary_ecl_phase,derived_primary_ecl_phase_error,derived_primary_ecl_duration,derived_primary_ecl_duration_error,derived_primary_ecl_depth,derived_primary_ecl_depth_error,derived_secondary_ecl_phase,derived_secondary_ecl_phase_error,derived_secondary_ecl_duration,derived_secondary_ecl_duration_error,derived_secondary_ecl_depth,derived_secondary_ecl_depth_error
[from data line 184]
375316653866487564,6255177248775373696,0.62021637,2091.659031168626,3.5860191909298043,8.212544E-6,15.24649,0.019052217,0.28021827,0.0040117376,0.050570875,0.008439965,0.43880773,0.033121448,0.7755375,0.012589096,0.05019265,0.0073292637,0.2909043,0.0468859,0.1150485,0.025220618,0.28021827,0.0040117376,"TWOGAUSSIANS_WITH_ELLIPSOIDAL_ON_ECLIPSE1",9,198.0071,0.28021827,0.0040117376,0.2831969,0.0472638,0.6689015,0.038236756,0.77617747,0.0116945235,0.28107885,0.041043878,0.52082616,0.053513076
375316653866487564,6255193634070889600,0.5496545,2123.5412364616204,1.859225889142407,1.8547958E-5,18.175886,0.0061474037,0.2763819,0.005818842,0.036650874,0.0035781325,0.399691,0.03200429,0.7790328,0.0037183685,0.038276162,0.0042222277,0.40556556,0.06968089,null,null,null,null,"TWOGAUSSIANS",8,5.936999,0.7790328,0.0037183685,0.2143465,0.023644475,0.40556556,0.06968089,0.2763819,0.005818842,0.2052449,0.020037541,0.399691,0.03200429
375316653866487564,6255202911200276992,0.51650065,2084.660044954879,3.2336132591428055,6.69956E-5,18.207214,0.02845077,0.28003857,0.006057132,0.106659964,0.0158666,0.21760489,0.026222588,0.76777977,0.026023054,0.10126692,0.03959598,0.14590473,0.025909038,null,null,null,null,"TWOGAUSSIANS",8,4.412801,0.28003857,0.0060559795,0.4,0.0,0.20043784,0.0126669705,0.76777977,0.026023054,0.4,0.029181741,0.12874435,0.023843022
375316653866487564,6255212188329767552,0.5388007,2069.7083517613482,2.1484867734607156,2.3090806E-5,18.904087,0.005537653,0.15689231,0.004029091,0.026160866,0.004315144,0.27977243,0.038800385,0.661623,0.026083186,0.023239046,0.018028002,0.32478547,0.14426844,null,null,null,null,"TWOGAUSSIANS",8,1.9597056,0.661623,0.026083186,0.13013867,0.10095682,0.32478547,0.14426844,0.15689231,0.004029091,0.14650086,0.024164807,0.27977243,0.038800385
375316653866487564,6255244834382038144,0.6016692,2114.420845245818,1.6640566542726896,8.234157E-6,18.746761,0.00719016,0.2906164,0.0023677708,0.023933379,0.0020335873,0.8451271,0.04581979,0.79903513,0.0011540694,0.027209064,0.0011869351,0.4728796,0.00923009,null,null,null,null,"TWOGAUSSIANS",8,4.848028,0.2906164,0.0023677708,0.13402693,0.0113880895,0.8451271,0.04581979,0.79903513,0.0011540694,0.15237077,0.006646837,0.4728796,0.00923009
375316653866487564,6255263594798339456,0.5452332,2049.2752109960484,4.014859732055653,1.3779178E-4,17.011042,0.005837958,0.36990026,3.9998302E-4,0.047501896,0.0013442782,1.8313509,0.15950227,null,null,null,null,null,null,null,null,null,null,"ONEGAUSSIAN",5,31.25525,0.36990026,3.9998302E-4,0.2660106,0.0075279577,1.8313509,0.0,null,null,null,null,null,null
375316653866487564,6255266407996119552,0.5431668,2050.887785932496,1.28188831582631,3.980649E-5,18.692455,0.0057494314,0.45097262,0.031166658,0.0057217325,0.047366988,0.22786888,0.45250636,0.6951633,0.007852218,0.041039564,0.011944732,1.8535058,12.760026,null,null,null,null,"TWOGAUSSIANS",8,4.13659,0.6951633,0.007852218,0.22982155,0.0668905,1.8535058,12.760026,0.45097262,0.031166658,0.032041702,0.26525515,0.22786891,0.45250803
375316653866487564,6255268199003331968,0.51973987,2042.1875549459444,3.780323459930212,1.1135235E-5,17.2943,0.3610077,0.22402616,0.0029682193,0.13981408,0.094903395,0.15738295,0.35487202,0.71624064,0.0051292777,0.12055916,0.043451615,0.17253368,0.26256493,null,null,null,null,"TWOGAUSSIANS",8,2.8449466,0.71624064,0.0051292777,0.4,0.0,0.12428358,0.009163697,0.22409615,0.0027031358,0.4,0.0,0.10866303,0.006530154
375316653866487564,6255288776185229440,0.52040845,2044.141637033041,1.1668607760096048,1.6016306E-4,19.526043,0.0084012775,0.21356367,0.027061448,0.062674806,0.024640137,0.037420787,0.013055947,0.6404781,0.020101741,0.040450923,0.015730847,0.37752736,0.75859934,null,null,null,null,"TWOGAUSSIANS",8,1.2953807,0.6404781,0.020101741,0.22652516,0.088092744,0.37752733,0.75859946,0.21356367,0.027061448,0.3509789,0.13198577,0.037420753,0.013055677
375316653866487564,6255318673459199232,0.5323228,2097.523179987045,3.124565837180833,1.2391857E-5,16.823992,0.045764085,0.3376582,0.0023680662,0.12695181,0.023545723,0.16187608,0.043489564,0.84629756,0.0023983389,0.11958205,0.020246757,0.1653999,0.043695714,null,null,null,null,"TWOGAUSSIANS",8,3.1805754,0.8463975,0.0023839187,0.4,0.0,0.12662715,0.00877983,0.3376082,0.002327277,0.4,0.0,0.12301515,0.006450598
375316653866487564,6255354304507935616,0.6017139,1994.3582829221866,1.2003474734407693,7.0134247E-6,11.336729,0.010114272,0.17007673,0.0026685593,0.10257362,0.0057203374,0.25165227,0.009899087,0.66737455,0.0018184322,0.09585561,0.0038345612,0.3051347,0.009852599,null,null,null,null,"TWOGAUSSIANS",8,49.27501,0.66737455,0.0018184322,0.4,0.0,0.28287125,0.0066578365,0.17007673,0.0026685593,0.4,0.0,0.22938606,0.0071631493
375316653866487564,6255356022494879104,0.59608024,2032.9088407403733,2.2728956902721156,1.1482262E-5,16.704159,0.0067979256,0.6386903,0.00264635,0.049575407,0.0021855384,0.5749701,0.018981513,null,null,null,null,null,null,null,null,null,null,"ONEGAUSSIAN",5,28.1422,0.6386903,0.00264635,0.27762228,0.012239015,0.5749701,0.0,null,null,null,null,null,null
375316653866487564,6255364784228064768,0.55861735,2098.843479029151,3.860052595770409,6.6671555E-6,17.714746,0.018092383,0.25248623,0.0011178292,0.08843363,0.005643427,0.36624625,0.010926705,0.75391513,0.0027881176,0.10451093,0.008820098,0.26835763,0.018777313,null,null,null,null,"TWOGAUSSIANS",8,3.9952207,0.25248623,0.0011178292,0.4,0.0,0.3452903,0.008108821,0.75391513,0.0027881176,0.4,0.0,0.247396,0.017260704
375316653866487564,6255388281988178048,0.561538,2089.5374296867644,4.268335548523511,6.012251E-5,12.50387,0.0014154562,0.7510397,0.01207392,0.013202074,0.015717678,0.011248034,0.005536155,0.5156169,0.040852245,0.029828561,0.022323268,0.27769452,619.27673,null,null,null,null,"TWOGAUSSIANS",8,69.36365,0.5156169,0.040852245,0.16703995,0.1250103,0.27769452,619.27673,0.7510397,0.01207392,0.07393161,0.08801899,0.011248034,0.005536155
375316653866487564,6255399689421450368,0.5290619,2092.175739187346,4.143996784509096,1.7484012E-5,18.00746,0.015782323,0.32716888,0.011273481,0.09000391,0.017119365,0.28114253,0.024805808,0.81975085,0.0029416147,0.07888849,0.0057044653,0.29851705,0.015415495,null,null,null,null,"TWOGAUSSIANS",8,7.775272,0.81975085,0.0029416147,0.4,0.0,0.2921944,0.012002444,0.32716888,0.011273481,0.4,0.0,0.27481976,0.027977476
375316653866487564,6255411204234834304,0.5546454,2066.1220275186934,3.1897167784242075,1.498278E-5,14.040602,0.02044629,0.25616857,0.004551803,0.10211827,0.011011939,0.21289498,0.020589069,0.75767624,0.007506499,0.09617411,0.012009353,0.16709618,0.020599402,null,null,null,null,"TWOGAUSSIANS",8,196.35075,0.25616857,0.004551803,0.4,0.0,0.19745491,0.009423373,0.75767624,0.007506499,0.4,0.0,0.15165834,0.009845236
375316653866487564,6255435221691690496,0.5359622,2034.5911180942826,0.7872197245671233,2.6272246E-5,15.101918,0.002232979,0.7212417,8.895591E-4,0.021885518,0.0013674092,0.16845833,0.0062448205,null,null,null,null,null,null,0.021044485,0.0036248125,0.7212417,8.895591E-4,"ONEGAUSSIAN_WITH_ELLIPSOIDAL",6,24.245632,0.7212417,8.895591E-4,0.12255891,0.0076574916,0.21054721,0.0072438777,null,null,null,null,null,null
375316653866487564,6255437901751356672,0.53176105,2063.331611439206,3.2356132894059266,1.1776376E-5,16.975182,0.7528999,0.2200365,0.005649708,0.14045565,0.044539157,0.38693288,0.5525043,0.7121419,0.0048402576,0.16876492,0.11130143,0.41743353,0.73072696,null,null,null,null,"TWOGAUSSIANS",8,5.504982,0.7121419,0.0048402576,0.4,0.0,0.21051581,0.018608795,0.22136651,0.0031317733,0.4,0.0,0.18908794,0.0090838745
375316653866487564,6255445701412296192,0.5492699,2109.5621999837663,3.1940403346256026,9.236818E-6,16.504448,0.011991454,0.22150198,0.010410161,0.056590274,0.012288312,0.07382216,0.027337786,0.7099945,0.0024565717,0.060076877,0.044602677,0.08306528,51.49019,0.09955826,0.014964846,0.7099945,0.0024565717,"TWOGAUSSIANS_WITH_ELLIPSOIDAL_ON_ECLIPSE2",9,17.426573,0.7099945,0.0024565717,0.33643052,0.24977499,0.28216562,51.50712,0.21683197,0.0061072633,0.31690553,0.068814546,0.2723043,0.012794646
375316653866487564,6255633060764452352,0.57601327,2194.582361154375,1.1989365929007711,1.3891086E-5,11.532152,0.0025227088,0.8095241,0.003271363,0.060547095,0.013234559,0.018339494,0.0049727107,null,null,null,null,null,null,0.048239112,0.0030790335,0.8095241,0.003271363,"ONEGAUSSIAN_WITH_ELLIPSOIDAL",6,39.54894,0.8095241,0.003271363,0.33906373,0.07411353,0.114814065,0.002582294,null,null,null,null,null,null
375316653866487564,6255654363801542784,0.49702182,2232.061026547288,0.45439923477162825,1.2025336E-4,19.156046,0.009027411,0.31459346,0.037305687,0.07428151,0.022764212,0.2704145,0.085887246,0.6952183,0.08686151,0.06620077,0.056213714,0.04428153,0.15599237,null,null,null,null,"TWOGAUSSIANS",8,1.9974408,0.31459346,0.03730652,0.4,0.10629956,0.27040094,0.08576917,0.6952183,0.08686151,0.3707243,0.25190297,0.0442685,0.15598199
375316653866487564,6255684776466490496,0.5417147,2169.049417447564,2.321588639086366,1.668308E-5,16.385372,0.002780159,null,null,null,null,null,null,null,null,null,null,null,null,0.07603796,0.0044340864,0.2587877,0.0034653484,"ELLIPSOIDAL",4,11.696761,null,null,null,null,null,null,null,null,null,null,null,null
375316653866487564,6255709000082136064,0.6113176,2144.2023641024866,3.3702566474747258,1.6709982E-5,15.75893,0.05106483,0.28200632,0.0061542923,0.04921916,0.014037816,0.2788831,0.11176801,0.79790133,0.005122628,0.03862737,0.015120599,0.5301779,0.41651025,0.15728359,0.06313123,0.79790133,0.005122628,"TWOGAUSSIANS_WITH_ELLIPSOIDAL_ON_ECLIPSE2",9,50.694378,0.79790133,0.005122628,0.21631327,0.08467536,0.8447434,0.4392053,0.28481632,0.0049926224,0.27562732,0.07861177,0.59087294,0.03354949
375316653866487564,6255710267096791040,0.596977,2231.731918768141,3.9724410602106803,1.6598566E-5,17.689154,0.02584377,0.25392365,0.0042445404,0.050549887,0.011463819,0.24471162,0.118393764,0.75172853,0.0037339434,0.052566223,0.0083661545,0.33909413,0.052433785,0.08907193,0.030965824,0.25392365,0.0042445404,"TWOGAUSSIANS_WITH_ELLIPSOIDAL_ON_ECLIPSE1",9,8.172473,0.75195855,0.0032186608,0.29437086,0.04685047,0.5172029,0.0193555,0.25392365,0.0042445404,0.2830794,0.064197384,0.42285085,0.11776624
375316653866487564,6255710404535752576,0.4926022,2209.6457418909845,3.6182271973073736,3.4686367E-5,16.785135,0.102248035,0.24535811,0.008138345,0.10498101,0.047738254,0.12822519,0.087069124,0.72773325,0.004369597,0.11625991,0.06255035,0.12134424,0.09499983,null,null,null,null,"TWOGAUSSIANS",8,9.948616,0.2454081,0.0072424132,0.4,0.0,0.11215038,0.014146466,0.72773325,0.004369597,0.4,0.0,0.10524524,0.008115863
375316653866487564,6255741843696676864,0.5643602,2141.032399331031,3.3540195702426887,5.8201593E-5,18.036098,0.005053158,0.26785564,0.004663824,0.074894905,0.0058819163,0.2320981,0.008545464,0.85216635,6.2611536E-4,0.0465687,0.0035297135,0.09689153,0.004016279,null,null,null,null,"TWOGAUSSIANS",8,3.7969844,0.26785564,0.004663824,0.4,0.0,0.23209506,0.008546295,0.85216635,6.2611536E-4,0.26078472,0.019766396,0.096888535,0.0040134084
375316653866487564,6255765517556503808,0.59751505,2180.4745055557105,4.252217159732498,4.8391803E-6,17.45513,0.016920418,0.33910134,0.021731555,0.07549509,0.024374856,0.5639863,1.7501527,0.85424936,0.0011812754,0.06906265,0.0029826914,0.57008564,0.016965797,null,null,null,null,"TWOGAUSSIANS",8,10.115399,0.85424936,0.0011812754,0.38675085,0.016703071,0.56810635,0.016614005,0.33910134,0.021731555,0.4,0.104738645,0.56200695,1.7522621
375316653866487564,6255769365847216896,0.49287894,2168.5683447436018,1.5189193229802784,1.44034675E-5,16.451653,0.001912567,0.1615985,9.2044706E-4,0.036143485,0.0023763005,0.07893339,0.010953496,0.6625259,0.0011319306,0.041856516,0.0030479727,0.05328261,9.7454514E-4,null,null,null,null,"TWOGAUSSIANS",8,2.9114096,0.1615985,9.2044706E-4,0.20240353,0.013307283,0.07893339,0.010953496,0.6625259,0.0011319306,0.23439649,0.017068647,0.05328261,9.7454514E-4
375316653866487564,6255775245657790848,0.5838945,2152.8229221612387,1.6436944964047568,1.186522E-5,15.816463,0.0036132042,0.294052,0.009044135,0.04110297,0.007623369,0.35945067,0.13346715,null,null,null,null,null,null,0.038056254,0.0048631267,0.294052,0.009044135,"ONEGAUSSIAN_WITH_ELLIPSOIDAL",6,21.161007,0.294052,0.009044135,0.23017663,0.042690866,0.43556318,0.13579854,null,null,null,null,null,null
375316653866487564,6255806341220834048,0.53346556,2182.3631063617586,3.7256488675538675,1.8810557E-5,16.743454,0.023471892,0.20587187,0.004902001,0.081976525,0.01605897,0.24240671,0.026043676,0.7002927,0.005476836,0.08363607,0.011245506,0.304122,0.023147793,null,null,null,null,"TWOGAUSSIANS",8,30.43738,0.7002927,0.005476836,0.4,0.0,0.29897764,0.019776808,0.20587187,0.004902001,0.4,0.0,0.23726237,0.02669918
375316653866487564,6255879664902480128,0.6518408,2153.7515561154796,4.012356889708114,7.5044386E-6,17.431025,0.014876444,0.24332626,0.0032177411,0.045886576,0.007250714,0.30186844,0.03354428,0.7459709,0.004571932,0.046234842,0.00622928,0.24268317,0.035665117,0.11537452,0.017082892,0.24332626,0.0032177411,"TWOGAUSSIANS_WITH_ELLIPSOIDAL_ON_ECLIPSE1",9,5.5352597,0.24332626,0.0032177411,0.25696483,0.040604,0.53261703,0.023288647,0.7459709,0.0042910217,0.25891513,0.03488397,0.47336805,0.025032993
375316653866487564,6255880588319753216,0.53824,2183.432548191504,3.5826694360954003,1.1649476E-5,18.185003,0.060247395,0.30581862,0.030567698,0.11673246,0.03860913,0.2126504,0.06428439,0.787647,0.0032004334,0.12616211,0.027000226,0.21137537,0.054176442,null,null,null,null,"TWOGAUSSIANS",8,1.291152,0.3060086,0.030726109,0.4,0.0,0.16932303,0.018043002,0.787647,0.0032004334,0.4,0.0,0.16791165,0.008880282
375316653866487564,6255896737397029632,0.6400238,2207.4495908636018,3.938078795374215,6.8659715E-6,18.936718,0.03784443,0.25987568,0.010291259,0.057872634,0.01672209,0.4981226,0.10285424,0.7704516,0.0024445404,0.04395977,0.0052663763,0.5044669,0.08356403,0.13045628,0.04225516,0.25987568,0.010291259,"TWOGAUSSIANS_WITH_ELLIPSOIDAL_ON_ECLIPSE1",9,2.8657246,0.7704516,0.0024019089,0.24617472,0.029491708,0.76418406,0.02459362,0.25987568,0.010291259,0.32408676,0.0936437,0.75899017,0.06597733
375316653866487564,6255903166963736192,0.6992293,2204.395154444451,1.29015084115085,7.773977E-6,15.264035,5.156985E-4,0.39625323,4.9927016E-4,0.011639566,1.7103853E-4,0.31894445,0.010937898,null,null,null,null,null,null,null,null,null,null,"ONEGAUSSIAN",5,2.1833544,0.39625323,4.9927016E-4,0.06518157,9.5781573E-4,0.31894445,0.0,null,null,null,null,null,null
375316653866487564,6255911512084889856,0.5880105,2210.9614525006846,3.5112442503953036,4.4245586E-5,16.365143,0.008229819,0.23865542,0.11494696,0.078743055,0.02953821,0.25141284,0.18597014,0.74929273,0.0123511925,0.074842475,0.010739334,0.25315425,0.029360099,null,null,null,null,"TWOGAUSSIANS",8,20.368834,0.74929273,0.0123511925,0.4,0.013062792,0.2511481,0.0277879,0.23865542,0.11494696,0.4,0.11265088,0.24940667,0.18403159
375316653866487564,6255914329583481216,0.52677846,2163.3828288953146,0.588205929,1.7569834E-6,16.219845,0.002215158,0.4613747,5.5804394E-6,0.01789349,1.9846103E-4,2.1634104,0.095578566,null,null,null,null,null,null,null,null,null,null,"ONEGAUSSIAN",5,10.666709,0.4613747,5.5804394E-6,0.100203544,0.0011113817,2.1634104,0.0,null,null,null,null,null,null
