Gaia/vari_eclipsing_binary/VariEclipsingBinary_757503-757838.csv
# %ECSV 1.0
# ---
# delimiter: ','
# meta: !!omap
# - RELEASE: Gaia DR3
# - TABLE: vari_eclipsing_binary
# - DESCRIPTION: >
#     This table describes the properties of the eclipsing binaries resulting from the variability analysis. 
# - CITATION: >
#     How to cite and acknowledge Gaia: 
#     https://gea.esac.esa.int/archive/documentation/credits.html 
# - KNOWN_ISSUES: >
#     Known issues: 
#     https://www.cosmos.esa.int/web/gaia-users/known-issues 
# - DOCUMENTATION: >
#     Tutorials and documentation: 
#     https://www.cosmos.esa.int/web/gaia-users/archive 
# datatype:
# - 
#   name: solution_id
#   datatype: int64
#   description: Solution Identifier
#   meta:
#     ucd: meta.version
# - 
#   name: source_id
#   datatype: int64
#   description: Unique source identifier
#   meta:
#     ucd: meta.id;meta.main
# - 
#   name: global_ranking
#   datatype: float32
#   description: Number between 0 (worst) and 1 (best)
#   meta:
#     ucd: stat.param
# - 
#   name: reference_time
#   datatype: float64
#   unit: d
#   description: Reference time used for the geometric model fit
#   meta:
#     ucd: time.epoch
# - 
#   name: frequency
#   datatype: float64
#   unit: d**-1
#   description: Frequency of geometric model of the eclipsing binary light curve
#   meta:
#     ucd: src.orbital
# - 
#   name: frequency_error
#   datatype: float32
#   unit: d**-1
#   description: "Uncertainty of \\texttt{frequency}"
#   meta:
#     ucd: stat.error
# - 
#   name: geom_model_reference_level
#   datatype: float32
#   unit: mag
#   description: Magnitude reference level of geometric model
#   meta:
#     ucd: phot.mag;em.opt
# - 
#   name: geom_model_reference_level_error
#   datatype: float32
#   unit: mag
#   description: "Uncertainty of \\texttt{geomModelReferenceLevel}"
#   meta:
#     ucd: stat.error;phot.mag;em.opt
# - 
#   name: geom_model_gaussian1_phase
#   datatype: float32
#   description: Phase of the Gaussian 1 component
#   meta:
#     ucd: time.phase
# - 
#   name: geom_model_gaussian1_phase_error
#   datatype: float32
#   description: "Uncertainty of \\texttt{geomModelGaussian1Phase}"
#   meta:
#     ucd: stat.error;time.phase
# - 
#   name: geom_model_gaussian1_sigma
#   datatype: float32
#   description: "Standard deviation [phase] of Gaussian 1 component"
#   meta:
#     ucd: stat.stdev
# - 
#   name: geom_model_gaussian1_sigma_error
#   datatype: float32
#   description: "Uncertainty of \\texttt{geomModelGaussian1Sigma}"
#   meta:
#     ucd: stat.error
# - 
#   name: geom_model_gaussian1_depth
#   datatype: float32
#   unit: mag
#   description: Magnitude depth of Gaussian 1 component
#   meta:
#     ucd: src.var.amplitude
# - 
#   name: geom_model_gaussian1_depth_error
#   datatype: float32
#   unit: mag
#   description: "Uncertainty of \\texttt{geomModelGaussian1Depth}"
#   meta:
#     ucd: stat.error;src.var.amplitude
# - 
#   name: geom_model_gaussian2_phase
#   datatype: float32
#   description: Phase of Gaussian 2 component
#   meta:
#     ucd: time.phase
# - 
#   name: geom_model_gaussian2_phase_error
#   datatype: float32
#   description: "Uncertainty of \\texttt{geomModelGaussian2Phase}"
#   meta:
#     ucd: stat.error;time.phase
# - 
#   name: geom_model_gaussian2_sigma
#   datatype: float32
[...]
#   datatype: float32
#   description: "Secondary eclipse: uncertainty of \\texttt{derivedSecondaryEclDuration}"
#   meta:
#     ucd: stat.error;time.duration
# - 
#   name: derived_secondary_ecl_depth
#   datatype: float32
#   unit: mag
#   description: "Secondary eclipse: depth"
#   meta:
#     ucd: src.var.amplitude
# - 
#   name: derived_secondary_ecl_depth_error
#   datatype: float32
#   unit: mag
#   description: "Secondary eclipse: uncertainty of \\texttt{derivedSecondaryEclDepth}"
#   meta:
#     ucd: stat.error;src.var.amplitude
solution_id,source_id,global_ranking,reference_time,frequency,frequency_error,geom_model_reference_level,geom_model_reference_level_error,geom_model_gaussian1_phase,geom_model_gaussian1_phase_error,geom_model_gaussian1_sigma,geom_model_gaussian1_sigma_error,geom_model_gaussian1_depth,geom_model_gaussian1_depth_error,geom_model_gaussian2_phase,geom_model_gaussian2_phase_error,geom_model_gaussian2_sigma,geom_model_gaussian2_sigma_error,geom_model_gaussian2_depth,geom_model_gaussian2_depth_error,geom_model_cosine_half_period_amplitude,geom_model_cosine_half_period_amplitude_error,geom_model_cosine_half_period_phase,geom_model_cosine_half_period_phase_error,model_type,num_model_parameters,reduced_chi2,derived_primary_ecl_phase,derived_primary_ecl_phase_error,derived_primary_ecl_duration,derived_primary_ecl_duration_error,derived_primary_ecl_depth,derived_primary_ecl_depth_error,derived_secondary_ecl_phase,derived_secondary_ecl_phase_error,derived_secondary_ecl_duration,derived_secondary_ecl_duration_error,derived_secondary_ecl_depth,derived_secondary_ecl_depth_error
[from data line 110]
375316653866487564,6663905745616481024,0.5004387,2162.1282529443556,4.069128530363684,1.1648721E-5,17.6786,0.07025983,0.25607583,0.0035401115,0.10321798,0.019626027,0.34327015,0.06675595,0.77623534,0.00533395,0.1121231,0.030711988,0.29710403,0.047175016,null,null,null,null,"TWOGAUSSIANS",8,19.736467,0.25604585,0.0035450337,0.4,0.0,0.30894685,0.031096889,0.77624536,0.005347558,0.4,0.0,0.26275107,0.02178299
375316653866487564,6663906295372292096,0.63359404,2138.1846500187007,3.0030703654474173,8.822762E-6,16.221806,0.026143229,0.24242952,0.0057965606,0.053888958,0.011620707,0.22117352,0.05509984,0.74019706,0.0034657563,0.05372513,0.0074235955,0.27284774,0.053225536,0.10190273,0.028486371,0.24242952,0.0057965606,"TWOGAUSSIANS_WITH_ELLIPSOIDAL_ON_ECLIPSE1",9,30.426981,0.7405171,0.0027928678,0.30086073,0.041572135,0.47660825,0.008534602,0.24242952,0.0057965606,0.30177817,0.06507596,0.42496827,0.01084759
375316653866487564,6663908567410637440,0.5940723,2157.8666567920095,2.8369507737418527,4.384282E-6,15.663062,0.014920101,0.24527767,0.0015682664,0.051855415,0.01096627,0.1781429,0.035179798,0.7539941,0.007095969,0.06548179,0.009728182,0.11709952,0.031406444,0.11822555,0.017839076,0.24527767,0.0015682664,"TWOGAUSSIANS_WITH_ELLIPSOIDAL_ON_ECLIPSE1",9,37.65955,0.24527767,0.0015682664,0.2903903,0.061411113,0.41454363,0.041272618,0.7539941,0.007095969,0.36669803,0.054477822,0.35279173,0.010485107
375316653866487564,6663911419268858240,0.47626156,2159.8861188160326,1.139907891321995,3.8546852E-5,16.8279,0.009118204,0.30438995,0.0104961265,0.02775673,0.026775798,0.35923573,354624.0,0.78849393,0.009542663,0.05424816,0.0075629717,0.38963106,0.066303246,0.025481341,0.015128117,0.30438995,0.0104961265,"TWOGAUSSIANS_WITH_ELLIPSOIDAL_ON_ECLIPSE1",9,43.67319,0.7889639,0.009313344,0.3037897,0.04235264,0.4400992,0.06303454,0.30438995,0.0104961265,0.1554377,0.14994447,0.41019577,354624.0
375316653866487564,6663913854514883712,0.5660177,2169.8230194906596,3.4844271288893345,1.12535745E-5,18.737701,0.01166337,0.2668982,0.00321883,0.076954834,0.0062439167,0.4509429,0.018879747,0.7720458,0.0043238453,0.07518234,0.004230976,0.44848296,0.011975061,null,null,null,null,"TWOGAUSSIANS",8,2.798615,0.2668982,0.00321883,0.4,0.0,0.44731206,0.019874498,0.7720458,0.0043238453,0.4,0.0,0.4448521,0.010206702
375316653866487564,6663917531006961280,0.47378233,2137.391754627629,0.09480944438527103,4.5071734E-5,19.462852,0.0139825735,0.38461223,0.0024395273,0.026212508,0.004172616,0.2497643,0.03974529,0.8442708,0.0070092934,0.06120213,0.008959531,0.27361402,0.03326335,null,null,null,null,"TWOGAUSSIANS",8,3.3916967,0.8442708,0.0070092934,0.34273192,0.050173376,0.27361402,0.033263348,0.38461223,0.0024395273,0.14679004,0.02336665,0.2497643,0.039745282
375316653866487564,6663920627679340672,0.5858714,2065.5877347327296,3.7703924173946133,6.0962543E-6,18.920061,0.024979634,0.19620901,0.003548872,0.04360113,0.006299836,0.30183128,0.0633336,0.7054756,0.008069558,0.053442843,0.01001822,0.29027307,0.052405857,0.14127862,0.030738354,0.19620901,0.003548872,"TWOGAUSSIANS_WITH_ELLIPSOIDAL_ON_ECLIPSE1",9,3.5912714,0.19620901,0.003548872,0.24416631,0.035279084,0.5843856,0.03007627,0.7054756,0.008069558,0.29927993,0.056102034,0.57187057,0.018742708
375316653866487564,6663926022158347904,0.5205449,2060.025540230813,1.612842228942835,9.94032E-6,18.341259,0.017515097,0.2313844,0.014780245,0.028422318,0.014285278,0.5564647,0.38741267,0.73143077,0.007130287,0.029315207,0.01779112,0.15102874,0.06602449,0.05336049,0.023240723,0.2313844,0.014780245,"TWOGAUSSIANS_WITH_ELLIPSOIDAL_ON_ECLIPSE1",9,8.435624,0.2313844,0.014780245,0.15916498,0.079997554,0.6631856,0.39308727,0.73143077,0.0069585615,0.16416515,0.099630274,0.25774968,0.08084203
375316653866487564,6663929316394578304,0.5481004,2067.7197274930422,2.9441595655728525,1.4241811E-5,19.310398,0.02585475,0.2797394,0.005936065,0.08194752,0.012300325,0.5114637,0.01907235,0.7702012,0.00866812,0.09494015,0.010217276,0.3416523,0.030897412,null,null,null,null,"TWOGAUSSIANS",8,3.459139,0.2797394,0.005936065,0.4,0.0,0.49856505,0.018481743,0.7702012,0.00866812,0.4,0.0,0.32875293,0.02394314
375316653866487564,6663949799097273984,0.45868266,2062.051049837791,0.8745756000518162,7.324399E-5,16.634947,0.005172655,0.7180577,0.012931278,0.048878457,0.021043463,0.09419608,0.022251436,null,null,null,null,null,null,0.025361916,0.007304655,0.7180577,0.012931278,"ONEGAUSSIAN_WITH_ELLIPSOIDAL",6,43.213943,0.7180577,0.012931278,0.27371934,0.11784339,0.14491971,0.019571474,null,null,null,null,null,null
375316653866487564,6663953677449735808,0.43781704,2119.0606255301755,0.47121904397275666,6.704338E-5,18.607718,0.03012955,0.3708657,0.02107342,0.17422082,0.04837992,0.17758198,0.025956204,0.8810426,0.023945691,0.026088793,0.020162988,0.061708365,0.93643695,null,null,null,null,"TWOGAUSSIANS",8,6.9590173,0.3708657,0.02107342,0.4,0.0,0.1678284,0.020615486,0.8812026,0.024387762,0.14609724,0.11291273,0.05780701,0.9389008
375316653866487564,6663955640252702208,0.5748154,2093.0863985100987,2.7615345182103503,7.2310127E-6,15.158573,0.012940615,0.24429037,0.0020164934,0.09316943,0.0048724078,0.38528574,0.016164714,0.75042003,0.003638993,0.10221083,0.0065832455,0.36949208,0.015061768,null,null,null,null,"TWOGAUSSIANS",8,74.435005,0.24429037,0.0020164934,0.4,0.0,0.35901955,0.01631039,0.75042003,0.003638993,0.4,0.0,0.3432215,0.015661007
375316653866487564,6663961309610408960,0.58764833,2140.956838845628,1.3103424016495662,3.9681836E-5,14.084609,0.006134018,0.18428934,0.015749048,0.03366268,0.008548691,0.5443694,0.2693589,0.6952297,0.019840619,0.0342382,0.011113359,0.4104253,0.064985774,0.011280892,0.011073719,0.6952297,0.019840619,"TWOGAUSSIANS_WITH_ELLIPSOIDAL_ON_ECLIPSE2",9,275.10046,0.18432935,0.015692074,0.18851101,0.04787267,0.5668251,0.27106833,0.6952297,0.019840619,0.19173393,0.062234808,0.43298703,0.05224673
375316653866487564,6663967558786346752,0.51217073,2059.758006433228,4.151991410383161,1.0046081E-5,18.95894,0.023194496,0.16234843,0.0032136298,0.078339316,0.009439844,0.31367052,0.030530602,0.66004306,0.0062219864,0.074173294,0.010986872,0.3807638,0.025154844,null,null,null,null,"TWOGAUSSIANS",8,4.2742467,0.66004306,0.0062219864,0.4,0.013362695,0.3777262,0.02437681,0.16234843,0.0032136298,0.4,0.0,0.3106329,0.030262077
375316653866487564,6663968525155012608,0.5260777,2101.2093190136206,3.0559981364512923,1.2979441E-5,16.882633,0.011504454,0.17800827,0.011106703,0.078918695,0.0098629715,0.16576205,0.029867265,0.662365,0.00307569,0.07167774,0.0029427335,0.44765168,0.01873952,null,null,null,null,"TWOGAUSSIANS",8,32.018047,0.662365,0.00307569,0.4,0.0069055622,0.44616023,0.018333333,0.17800827,0.011106703,0.4,0.0,0.1642706,0.029838542
375316653866487564,6663972854482499456,0.5914315,2129.0757675488035,0.6154568741925996,7.389756E-5,16.757929,0.0034042099,0.32928935,0.011399401,0.022248076,0.0065404624,0.5276023,0.07608864,0.60872924,0.060597807,0.06483319,0.049455892,0.03298245,0.015308204,null,null,null,null,"TWOGAUSSIANS",8,16.340641,0.32928935,0.011399691,0.12458923,0.03662659,0.52760535,0.07607248,0.60872924,0.060597807,0.36306584,0.13914213,0.03298245,0.015308292
375316653866487564,6663982818806223744,0.5455881,2095.074568059882,1.1019166444978452,1.3310609E-4,16.808748,0.014480906,0.19218937,0.047164407,0.001998052,0.009385432,1.9160713,5274.147,null,null,null,null,null,null,0.014949307,0.019429281,0.19218937,0.047164407,"ONEGAUSSIAN_WITH_ELLIPSOIDAL",6,338.98907,0.19218937,0.047164407,0.011189091,0.05255842,1.9459698,5274.1694,null,null,null,null,null,null
375316653866487564,6663994947793622016,0.48164466,1994.409140206977,3.040113146863083,1.2041332E-5,19.177816,0.033329368,0.21590482,0.018174732,0.09983424,0.045120433,0.10508727,0.029042225,0.6911437,0.006217538,0.096603714,0.019279601,0.20667242,0.029658578,null,null,null,null,"TWOGAUSSIANS",8,2.1446095,0.6911437,0.006217538,0.4,0.0,0.19849052,0.024208488,0.21591482,0.018158983,0.4,0.0,0.096905224,0.01870687
375316653866487564,6663996047305263488,0.44079652,2023.1755353815836,2.3934628264369233,2.7459757E-5,16.95892,0.0050136,0.34329933,0.035162814,0.035346698,0.012252434,0.06530268,0.028306875,0.73067605,0.006124585,0.0552678,0.007198803,0.09848906,0.021805044,0.012813591,0.0067636445,0.73067605,0.006124585,"TWOGAUSSIANS_WITH_ELLIPSOIDAL_ON_ECLIPSE2",9,19.968029,0.73067605,0.006124585,0.30949968,0.040313296,0.12411268,0.019582646,0.34026933,0.03544821,0.19794151,0.06861363,0.080338545,0.031873293
375316653866487564,6663996803219504512,0.5298255,2019.3294663555084,3.0999348920819445,1.4584334E-5,13.21215,0.018607544,0.27964973,0.0059161074,0.09773158,0.0129754115,0.19495709,0.017007161,0.7742764,0.0036139493,0.1123498,0.009149844,0.22116822,0.01788448,null,null,null,null,"TWOGAUSSIANS",8,392.2078,0.7742764,0.0036139493,0.4,0.0,0.19812307,0.0073921825,0.27965975,0.005926582,0.4,0.0,0.17193373,0.0118772695
375316653866487564,6663998933520010752,0.52071685,2034.5609620789019,3.9624547935729075,1.5781312E-5,19.4182,0.0148313,0.23967338,0.0053272094,0.07847267,0.0075286124,0.35441616,0.017672237,0.715507,0.009685609,0.08921158,0.015474884,0.35355282,0.4061118,null,null,null,null,"TWOGAUSSIANS",8,1.5486605,0.23967338,0.0053272094,0.4,0.0,0.34908038,0.015184124,0.715507,0.009685609,0.4,0.0,0.3482168,0.40826082
375316653866487564,6664008485530563200,0.549982,2022.8730933897405,3.067604322241972,6.827938E-6,15.757749,0.009551884,0.21750398,0.0077012484,0.08199382,0.010105739,0.11870914,0.011824339,0.7146445,9.2997885E-4,0.045268588,0.0023111363,0.45490238,0.014145491,null,null,null,null,"TWOGAUSSIANS",8,118.8464,0.7146445,9.2997885E-4,0.2535041,0.0129423635,0.4547571,0.014109732,0.21750398,0.0077012484,0.4,0.0,0.11856386,0.011752381
375316653866487564,6664010684554912256,0.40751135,2014.6539772033475,0.12155911550285241,4.4005155E-5,17.825052,0.028074928,0.30192107,0.01678115,0.08038705,0.023917655,0.06422704,0.029499132,0.84140205,0.009177866,0.11107085,0.035367876,0.06975239,0.027417997,null,null,null,null,"TWOGAUSSIANS",8,4.1254315,0.84140205,0.009177866,0.4,0.0,0.067243725,0.017710935,0.3018711,0.016596237,0.4,0.060602184,0.061731808,0.021290012
375316653866487564,6664014326686212096,0.56781477,2026.0890361847007,2.6576133708686847,1.2646998E-5,15.187703,0.018006615,0.21500613,0.0047893226,0.101372,0.0066409307,0.38696688,0.02118383,0.72380143,0.0025572355,0.08912574,0.0058092074,0.43236306,0.01981437,null,null,null,null,"TWOGAUSSIANS",8,158.50293,0.72380143,0.0025572355,0.4,0.0,0.40941533,0.020336881,0.21500613,0.0047893226,0.4,0.0,0.36401492,0.016067728
375316653866487564,6664022500007220992,0.49361598,2040.2252668314877,0.08473043202943822,3.6431802E-6,18.452276,0.002021299,0.36008465,0.0133954175,0.022604074,0.012025657,0.056988027,0.042622913,0.9139355,0.001569951,0.0031494454,8.1915857E-4,0.18049097,0.018445466,null,null,null,null,"TWOGAUSSIANS",8,1.9090959,0.9139355,0.001569951,0.017636895,0.004587288,0.18049097,0.018445466,0.36008465,0.0133954175,0.12658282,0.067343675,0.056988027,0.042622913
375316653866487564,6664029719849179008,0.5214247,2081.519016405993,2.108133055137915,1.3273253E-5,17.89636,0.011198138,0.22615519,0.0063539343,0.096094325,0.009587514,0.13791789,0.013337882,0.7352805,0.006044252,0.09469029,0.014791896,0.15522729,0.012321593,null,null,null,null,"TWOGAUSSIANS",8,2.5784535,0.7352805,0.006044252,0.4,0.0,0.14691769,0.014368518,0.22615519,0.0063534155,0.4,0.0,0.12960818,0.009426835
375316653866487564,6664053698650067584,0.5040277,2059.947344501824,3.065155889684262,7.0053145E-5,19.868343,0.0064989757,0.25532058,0.013784457,0.032451753,0.012221504,0.4899793,0.15242831,0.77387357,0.0057204952,0.046922807,0.0056950687,0.34522194,0.096856125,null,null,null,null,"TWOGAUSSIANS",8,1.4348015,0.25532058,0.013784457,0.18172981,0.06844042,0.4899793,0.15242848,0.77387357,0.0057204952,0.26276773,0.031892385,0.34522194,0.09685614
375316653866487564,6664072703881084416,0.54163593,2139.389556509071,2.827155543054036,1.26348405E-5,16.61748,0.0028464764,0.14312628,0.003494794,0.022132346,0.0032791982,0.27674726,0.027989756,null,null,null,null,null,null,null,null,null,null,"ONEGAUSSIAN",5,13.036897,0.14312628,0.003494794,0.12394114,0.01836351,0.27674726,0.0,null,null,null,null,null,null
375316653866487564,6664072871381310464,0.6326897,2121.532749854685,2.603286818621305,3.17572E-6,13.880896,0.03494662,0.24013665,0.0032978195,0.060370483,0.011061273,0.23799765,0.06623496,0.74823475,0.009342659,0.07131344,0.016727347,0.1536797,0.06867259,0.12192676,0.034567334,0.24013665,0.0032978195,"TWOGAUSSIANS_WITH_ELLIPSOIDAL_ON_ECLIPSE1",9,134.6757,0.24013665,0.0032978195,0.3380747,0.061943125,0.48158735,0.011687253,0.74823475,0.009342659,0.39935526,0.07201188,0.3966386,0.010694294
375316653866487564,6664073902173672064,0.54653686,2208.639508386979,1.915234069264253,1.12883936E-4,18.332186,0.010195379,0.83879215,0.14960681,0.0834086,0.12666193,0.040265907,0.014526698,0.59757143,0.00195396,0.029297998,0.0035196505,1.0354556,0.17056276,null,null,null,null,"TWOGAUSSIANS",8,7.6283326,0.5975914,0.0019265568,0.16406879,0.019710043,1.0360706,0.1976626,0.83879215,0.23992844,0.4,0.11635143,0.040265907,1.095224
375316653866487564,6664080640977243392,0.47258002,2089.4486928855417,0.1734919539126562,5.1085306E-5,19.034136,0.15934493,0.298966,0.0033915555,0.05186848,0.02057696,0.5440916,0.23925698,0.7920769,0.030771706,0.15277632,0.13138804,0.13171256,0.14699772,null,null,null,null,"TWOGAUSSIANS",8,4.035532,0.29898602,0.003390017,0.29046348,0.11523097,0.53122765,0.24987678,0.7920769,0.030771706,0.4,0.0,0.11759239,0.04030104
375316653866487564,6664085584485403904,0.55856264,2100.8140238295514,4.124325386465991,2.3426586E-5,17.336323,0.011660932,0.23391032,0.0032499486,0.039892472,0.0057991236,0.126428,0.033791594,0.7380961,0.007325188,0.038447335,0.008878751,0.165073,0.02863916,0.072706744,0.01449919,0.23391032,0.0032499486,"TWOGAUSSIANS_WITH_ELLIPSOIDAL_ON_ECLIPSE1",9,9.71227,0.7380961,0.007325188,0.21530509,0.049721003,0.3103859,0.025598362,0.23391032,0.0032499486,0.22339785,0.03247509,0.27184144,0.019671224
375316653866487564,6664093281067075200,0.4894585,2127.3280383954566,2.8916776866136464,5.9784958E-5,18.62614,0.003771328,0.29246265,1.384513E-4,0.023452817,6.5726554E-4,0.657811,0.068516575,0.88224155,9.592742E-4,0.01835688,0.0013283243,0.09154662,0.011396592,null,null,null,null,"TWOGAUSSIANS",8,3.311473,0.29246265,1.384513E-4,0.13133578,0.003680687,0.657811,0.068516575,0.88224155,9.592742E-4,0.10279853,0.0074386164,0.09154662,0.011396592
375316653866487564,6664108747246589696,0.49880683,2080.894737344984,4.02052368915592,2.1078997E-5,14.737134,0.021425216,0.19199824,0.007387852,0.10605795,0.01854423,0.13577661,0.020070514,0.739551,0.006574205,0.11400474,0.013440226,0.16344717,0.022565428,null,null,null,null,"TWOGAUSSIANS",8,97.76105,0.739601,0.0065425285,0.4,0.0,0.149947,0.013980289,0.19182824,0.007340594,0.4,0.0,0.12232494,0.015060877
375316653866487564,6664135444763538304,0.46141294,2089.799309025903,1.7666796073186186,7.960723E-5,17.378635,0.0033730774,0.23567623,0.0103981085,0.059620995,0.012945768,0.09079396,0.027921282,0.77137727,0.027600776,0.042893916,0.035337567,0.07188068,0.054869443,null,null,null,null,"TWOGAUSSIANS",8,2.6846752,0.23567623,0.0103981085,0.33387756,0.0724963,0.090793766,0.027924972,0.77137727,0.027600776,0.24020593,0.19789037,0.0718805,0.054867387
