Gaia/vari_eclipsing_binary/VariEclipsingBinary_681734-681786.csv
# %ECSV 1.0
# ---
# delimiter: ','
# meta: !!omap
# - RELEASE: Gaia DR3
# - TABLE: vari_eclipsing_binary
# - DESCRIPTION: >
#     This table describes the properties of the eclipsing binaries resulting from the variability analysis. 
# - CITATION: >
#     How to cite and acknowledge Gaia: 
#     https://gea.esac.esa.int/archive/documentation/credits.html 
# - KNOWN_ISSUES: >
#     Known issues: 
#     https://www.cosmos.esa.int/web/gaia-users/known-issues 
# - DOCUMENTATION: >
#     Tutorials and documentation: 
#     https://www.cosmos.esa.int/web/gaia-users/archive 
# datatype:
# - 
#   name: solution_id
#   datatype: int64
#   description: Solution Identifier
#   meta:
#     ucd: meta.version
# - 
#   name: source_id
#   datatype: int64
#   description: Unique source identifier
#   meta:
#     ucd: meta.id;meta.main
# - 
#   name: global_ranking
#   datatype: float32
#   description: Number between 0 (worst) and 1 (best)
#   meta:
#     ucd: stat.param
# - 
#   name: reference_time
#   datatype: float64
#   unit: d
#   description: Reference time used for the geometric model fit
#   meta:
#     ucd: time.epoch
# - 
#   name: frequency
#   datatype: float64
#   unit: d**-1
#   description: Frequency of geometric model of the eclipsing binary light curve
#   meta:
#     ucd: src.orbital
# - 
#   name: frequency_error
#   datatype: float32
#   unit: d**-1
#   description: "Uncertainty of \\texttt{frequency}"
#   meta:
#     ucd: stat.error
# - 
#   name: geom_model_reference_level
#   datatype: float32
#   unit: mag
#   description: Magnitude reference level of geometric model
#   meta:
#     ucd: phot.mag;em.opt
# - 
#   name: geom_model_reference_level_error
#   datatype: float32
#   unit: mag
#   description: "Uncertainty of \\texttt{geomModelReferenceLevel}"
#   meta:
#     ucd: stat.error;phot.mag;em.opt
# - 
#   name: geom_model_gaussian1_phase
#   datatype: float32
#   description: Phase of the Gaussian 1 component
#   meta:
#     ucd: time.phase
# - 
#   name: geom_model_gaussian1_phase_error
#   datatype: float32
#   description: "Uncertainty of \\texttt{geomModelGaussian1Phase}"
#   meta:
#     ucd: stat.error;time.phase
# - 
#   name: geom_model_gaussian1_sigma
#   datatype: float32
#   description: "Standard deviation [phase] of Gaussian 1 component"
#   meta:
#     ucd: stat.stdev
# - 
#   name: geom_model_gaussian1_sigma_error
#   datatype: float32
#   description: "Uncertainty of \\texttt{geomModelGaussian1Sigma}"
#   meta:
#     ucd: stat.error
# - 
#   name: geom_model_gaussian1_depth
#   datatype: float32
#   unit: mag
#   description: Magnitude depth of Gaussian 1 component
#   meta:
#     ucd: src.var.amplitude
# - 
#   name: geom_model_gaussian1_depth_error
#   datatype: float32
#   unit: mag
#   description: "Uncertainty of \\texttt{geomModelGaussian1Depth}"
#   meta:
#     ucd: stat.error;src.var.amplitude
# - 
#   name: geom_model_gaussian2_phase
#   datatype: float32
#   description: Phase of Gaussian 2 component
#   meta:
#     ucd: time.phase
# - 
#   name: geom_model_gaussian2_phase_error
#   datatype: float32
#   description: "Uncertainty of \\texttt{geomModelGaussian2Phase}"
#   meta:
#     ucd: stat.error;time.phase
# - 
#   name: geom_model_gaussian2_sigma
#   datatype: float32
[...]
#   datatype: float32
#   description: "Secondary eclipse: uncertainty of \\texttt{derivedSecondaryEclDuration}"
#   meta:
#     ucd: stat.error;time.duration
# - 
#   name: derived_secondary_ecl_depth
#   datatype: float32
#   unit: mag
#   description: "Secondary eclipse: depth"
#   meta:
#     ucd: src.var.amplitude
# - 
#   name: derived_secondary_ecl_depth_error
#   datatype: float32
#   unit: mag
#   description: "Secondary eclipse: uncertainty of \\texttt{derivedSecondaryEclDepth}"
#   meta:
#     ucd: stat.error;src.var.amplitude
solution_id,source_id,global_ranking,reference_time,frequency,frequency_error,geom_model_reference_level,geom_model_reference_level_error,geom_model_gaussian1_phase,geom_model_gaussian1_phase_error,geom_model_gaussian1_sigma,geom_model_gaussian1_sigma_error,geom_model_gaussian1_depth,geom_model_gaussian1_depth_error,geom_model_gaussian2_phase,geom_model_gaussian2_phase_error,geom_model_gaussian2_sigma,geom_model_gaussian2_sigma_error,geom_model_gaussian2_depth,geom_model_gaussian2_depth_error,geom_model_cosine_half_period_amplitude,geom_model_cosine_half_period_amplitude_error,geom_model_cosine_half_period_phase,geom_model_cosine_half_period_phase_error,model_type,num_model_parameters,reduced_chi2,derived_primary_ecl_phase,derived_primary_ecl_phase_error,derived_primary_ecl_duration,derived_primary_ecl_duration_error,derived_primary_ecl_depth,derived_primary_ecl_depth_error,derived_secondary_ecl_phase,derived_secondary_ecl_phase_error,derived_secondary_ecl_duration,derived_secondary_ecl_duration_error,derived_secondary_ecl_depth,derived_secondary_ecl_depth_error
[from data line 37]
375316653866487564,5996620217581551488,0.49253124,2067.060242023074,1.4753746572554567,1.0210987E-5,18.354853,0.007422751,0.39678365,0.033116024,0.09379174,0.037160825,0.0700434,0.029187104,0.8437085,8.905545E-4,0.025389373,9.0781116E-4,0.56539875,0.019027647,null,null,null,null,"TWOGAUSSIANS",8,9.683597,0.8437085,8.905545E-4,0.14218049,0.0050837426,0.5653959,0.019028177,0.39678365,0.033116024,0.4,0.0,0.0700397,0.029215278
375316653866487564,5996621110919575680,0.623937,2081.7447883599757,3.2276502553761994,6.5626823E-6,17.9392,0.0072617256,0.2117606,0.0016603014,0.04609432,0.0068664784,0.26699796,0.027526725,0.70450336,0.0015173227,0.047966428,0.0025388089,0.3205642,0.016378487,0.124600425,0.010854105,0.2117606,0.0016603014,"TWOGAUSSIANS_WITH_ELLIPSOIDAL_ON_ECLIPSE1",9,5.70207,0.7054034,0.0012718948,0.268612,0.014217329,0.56931055,0.007737192,0.2117606,0.0016603014,0.2581282,0.03845228,0.5161981,0.024958884
375316653866487564,5996622107367319168,0.54218525,2073.788893580883,3.6846983038803875,1.1480111E-5,17.9582,0.07477733,0.24056685,0.004755297,0.05610822,0.028167304,0.10593398,0.14070337,0.75915027,0.01142048,0.049684472,0.034381013,0.14919317,0.13678457,0.07063039,0.072072335,0.24056685,0.004755297,"TWOGAUSSIANS_WITH_ELLIPSOIDAL_ON_ECLIPSE1",9,8.5052,0.75915027,0.01142048,0.27823305,0.12920693,0.28853148,0.015109289,0.24056685,0.004755297,0.31420603,0.09744728,0.24718945,0.012289071
375316653866487564,5996623000720582784,0.53234476,2062.7030607298034,0.5580938065603575,1.3098278E-5,16.46514,0.069661334,0.28821564,0.0036765747,0.13032296,0.025292598,0.2102262,0.06743432,0.784914,0.0029876216,0.1270099,0.024547232,0.21416663,0.06537993,null,null,null,null,"TWOGAUSSIANS",8,12.83345,0.784914,0.0029876216,0.4,0.0,0.15177803,0.013453206,0.28825566,0.0036776091,0.4,0.0,0.14775454,0.005138612
375316653866487564,5996623374355515136,0.47358876,2068.872786540389,0.03958894695155386,1.1224303E-4,18.9894,0.007850929,0.35868993,0.016459435,0.11784133,0.012534794,0.23016159,0.02217895,0.8080847,0.014470262,0.022750748,0.015954588,0.059664954,0.008853818,null,null,null,null,"TWOGAUSSIANS",8,2.8104177,0.35868993,0.016459435,0.4,0.0,0.23002079,0.022160249,0.8080847,0.014470262,0.1274042,0.08934569,0.059688296,0.008736146
375316653866487564,5996623516102399872,0.49759886,2062.415391765681,4.096261632243084,2.996266E-5,19.679077,0.047651403,0.21248357,0.011852813,0.11177444,0.021211946,0.26002312,0.048941493,0.7253619,0.00622341,0.110918686,0.019189116,0.2951069,0.04081522,null,null,null,null,"TWOGAUSSIANS",8,1.3218532,0.72538185,0.006215304,0.4,0.0,0.25610104,0.015598654,0.21246357,0.011849988,0.4,0.0,0.2210166,0.01312611
375316653866487564,5996623683593558144,0.53602546,2046.097470606597,3.624384411621218,1.6911592E-5,18.66625,0.017223809,0.23280184,0.0023228973,0.085713424,0.005098335,0.36003006,0.017562736,0.7327962,0.0022933085,0.08854813,0.0068022297,0.2710898,0.0152932815,null,null,null,null,"TWOGAUSSIANS",8,3.543531,0.23280184,0.0023228973,0.4,0.0,0.349885,0.013389983,0.7327962,0.0022933085,0.4,0.0,0.2609447,0.010958485
375316653866487564,5996624645666482048,0.560605,2059.08574208462,2.3056149706048985,1.8641244E-5,18.21766,0.021941798,0.21614505,0.002556693,0.092322946,0.006820027,0.41595206,0.01984303,0.72391653,0.0025795316,0.0937593,0.0049563367,0.41451386,0.02217899,null,null,null,null,"TWOGAUSSIANS",8,6.834981,0.21614505,0.002556693,0.4,0.0,0.39588913,0.015905522,0.72391653,0.0025795316,0.4,0.0,0.39445072,0.01588668
375316653866487564,5996624748745699712,0.5338865,2064.730623747196,3.0231238508728224,1.3211847E-5,18.015131,0.013118223,0.2324164,0.003325287,0.06719371,0.0037471422,0.45151177,0.02947953,0.72297984,0.002917607,0.0772264,0.0045239,0.48913446,0.020886295,null,null,null,null,"TWOGAUSSIANS",8,20.036568,0.72297984,0.002917607,0.4,0.0,0.48726684,0.02085746,0.2324164,0.003325287,0.37628478,0.020983996,0.44964415,0.029462412
375316653866487564,5996626436694512512,0.59714776,2061.7881204784494,2.2165973383266717,5.117517E-6,16.940495,0.020452807,0.25742692,0.0011959864,0.061429653,0.0064041563,0.27964333,0.037971117,0.7527888,0.0023043822,0.06221253,0.0052185655,0.2890282,0.04243661,0.08246003,0.02259892,0.25742692,0.0011959864,"TWOGAUSSIANS_WITH_ELLIPSOIDAL_ON_ECLIPSE1",9,15.385491,0.7534788,0.0019021861,0.34839016,0.029223965,0.4536906,0.010146635,0.25742692,0.0011959864,0.34400606,0.035863277,0.44442496,0.010650507
375316653866487564,5996626677198351360,0.5648209,2066.6277880812677,3.353087765449208,6.672197E-6,19.657774,0.007364689,0.28062487,0.0017152925,0.05829717,0.0023605537,0.68972534,0.019753383,0.78453684,0.0036665145,0.06881065,0.003215034,0.5063703,0.021859927,null,null,null,null,"TWOGAUSSIANS",8,1.6785976,0.28062487,0.0017152925,0.32646415,0.0132191,0.6892767,0.01978755,0.78453684,0.0036665145,0.38533965,0.01800419,0.50592166,0.021877166
375316653866487564,5996626952090455936,0.5133747,2060.434402815646,3.623026863356997,2.0645544E-5,18.122625,0.016399445,0.2434661,0.0038582517,0.080493085,0.0070476374,0.36327827,0.023598675,0.7395408,0.0062053,0.08093565,0.0065826597,0.39832956,0.028284824,null,null,null,null,"TWOGAUSSIANS",8,13.240068,0.7395408,0.0062053,0.4,0.0,0.39250463,0.027070528,0.2434661,0.0038582517,0.4,0.0,0.35745335,0.023606382
375316653866487564,5996627776710008064,0.4462444,2065.555221587431,2.968252431064312,7.598827E-5,19.593739,0.020575311,0.23169133,0.0062627457,0.06800362,0.010559967,0.19696604,0.023360081,0.7397951,0.019155465,0.09688395,0.026912738,0.12336563,0.020614812,null,null,null,null,"TWOGAUSSIANS",8,2.7743862,0.23169133,0.0062627457,0.38082027,0.045349173,0.19443545,0.018516095,0.7397951,0.019155465,0.4,0.0,0.1208346,0.018040102
375316653866487564,5996628219080014976,0.6061396,2056.7616102027587,2.4006975378630715,7.934667E-6,17.77598,0.0053647566,0.24843629,0.001554299,0.04943885,0.0050662085,0.13121666,0.01734664,0.7576899,0.0061876546,0.048009872,0.007122461,0.12411438,0.012553228,0.09054135,0.0069867815,0.24843629,0.001554299,"TWOGAUSSIANS_WITH_ELLIPSOIDAL_ON_ECLIPSE1",9,2.0479777,0.24843629,0.001554299,0.27685755,0.028370768,0.3122989,0.015242711,0.7576899,0.0061876546,0.2688553,0.039885785,0.30458516,0.00494767
375316653866487564,5996628841862304896,0.40994647,2059.615647494953,0.3163313435691122,1.6254562E-4,17.497982,0.0058176485,0.13799082,0.03797672,0.031919178,0.034164052,0.015593486,0.06428102,0.77057403,0.012877953,0.042526074,0.035643328,0.08361489,0.13881084,0.0327925,0.009453662,0.77057403,0.012877953,"TWOGAUSSIANS_WITH_ELLIPSOIDAL_ON_ECLIPSE2",9,9.242093,0.77057403,0.012877953,0.238146,0.19960263,0.14919989,0.14083579,0.2705008,0.22006279,0.1787474,0.1913187,0.065587796,0.054075293
375316653866487564,5996629460356615808,0.535701,2060.8457915002255,2.3726048894904452,9.549494E-6,18.510363,0.011118794,0.23183155,0.0031531742,0.101125605,0.007731462,0.23480046,0.0110252015,0.7244855,0.002065466,0.1008997,0.005418829,0.24479377,0.010783714,null,null,null,null,"TWOGAUSSIANS",8,2.0431464,0.7244855,0.002065466,0.4,0.0,0.22431841,0.008075528,0.23183155,0.0031531742,0.4,0.0,0.21432506,0.011002021
375316653866487564,5996629632136742912,0.47767943,2065.5613361508126,3.2249175452732124,3.2092412E-5,19.91094,0.006157829,null,null,null,null,null,null,null,null,null,null,null,null,0.13602005,0.008650879,0.26498708,0.0049923095,"ELLIPSOIDAL",4,2.445513,null,null,null,null,null,null,null,null,null,null,null,null
375316653866487564,5996632484008708736,0.46333247,2085.866260803325,3.3078291962114164,2.5417912E-5,16.24233,0.11456136,0.24219155,0.0073567587,0.2537047,0.07529351,0.755881,0.11800391,0.7358357,0.0059804944,0.17340024,0.03946163,0.5794045,0.26743114,null,null,null,null,"TWOGAUSSIANS",8,27.94936,0.7358357,0.0059804944,0.4,0.0,0.12746128,0.010918327,0.24610156,0.006798443,0.4,0.0,0.105851814,0.01016226
375316653866487564,5996633510479007744,0.5603013,2089.013926047956,3.4513491556857923,1.1374249E-5,19.044886,0.0123115685,0.25667492,0.0033641483,0.03939234,0.0067523853,0.18912254,0.02953705,0.7594069,0.009072395,0.054141715,0.011326405,0.27826864,0.044220038,0.10490639,0.016343566,0.25667492,0.0033641483,"TWOGAUSSIANS_WITH_ELLIPSOIDAL_ON_ECLIPSE1",9,3.7393,0.7594069,0.008681493,0.3031936,0.063427866,0.48801425,0.042652957,0.25667492,0.0033641483,0.22059712,0.037813358,0.39893,0.014485196
375316653866487564,5996633961464964736,0.5180259,2077.921579188627,0.37806923870459724,8.245897E-5,18.87978,0.0035155206,0.33952156,0.008138353,0.010755161,0.0062120236,0.061221696,0.02348223,0.8451332,0.0012518353,0.022409141,0.0013953573,0.4729148,0.021829842,0.019681755,0.008176562,0.8451332,0.0012518353,"TWOGAUSSIANS_WITH_ELLIPSOIDAL_ON_ECLIPSE2",9,4.699318,0.8451332,0.0012518353,0.12549119,0.007814001,0.5122783,0.022211289,0.33955157,0.008091623,0.0602289,0.03478733,0.10053658,0.02411778
375316653866487564,5996634408154206848,0.6236607,2087.648262000953,1.2489231899327051,4.437314E-6,16.747131,0.0043448918,0.16001262,0.0011177593,0.0854412,0.0020522026,0.37837985,0.007281833,0.66665804,0.001753749,0.078327544,0.0029684491,0.25218636,0.004318258,null,null,null,null,"TWOGAUSSIANS",8,5.5117326,0.16001262,0.0011177593,0.4,0.0,0.373187,0.007437084,0.66665804,0.001753749,0.4,0.0,0.24699356,0.0036254406
375316653866487564,5996635743862063488,0.50876594,2088.334848717831,2.926623025372056,1.3098492E-5,19.577608,0.015601293,0.2304273,0.0027997403,0.08164052,0.005441664,0.3893907,0.01655578,0.7259473,0.004098141,0.081562825,0.0054523908,0.493527,0.040188674,null,null,null,null,"TWOGAUSSIANS",8,2.363311,0.7259473,0.004098141,0.4,0.0,0.486153,0.04072892,0.2304273,0.0027997403,0.4,0.0,0.38201672,0.015143719
375316653866487564,5996636327978161664,0.52356684,2097.1639813742263,2.7877438267205163,1.3816733E-5,19.032005,0.016630083,0.25649917,0.003498784,0.09594535,0.008197947,0.23171476,0.017494205,0.75554645,0.00441052,0.09591833,0.010891945,0.19801372,0.015285873,null,null,null,null,"TWOGAUSSIANS",8,1.3905337,0.25649917,0.003498784,0.4,0.0,0.21754727,0.0132051045,0.75554645,0.00441052,0.4,0.0,0.18384632,0.008731035
375316653866487564,5996636499776416896,0.5468674,2093.3556018536833,2.9160081235230826,5.3923627E-6,18.444456,0.008225085,0.20120342,0.0016110905,0.08820165,0.003959332,0.28605467,0.008706026,0.69124764,0.0023922445,0.08937668,0.004501117,0.268719,0.011780775,null,null,null,null,"TWOGAUSSIANS",8,2.3807633,0.20120342,0.0016110905,0.4,0.0,0.27708006,0.007987165,0.69124764,0.0023922445,0.4,0.0,0.25974435,0.011688769
375316653866487564,5996636641537137920,0.59877324,2087.9986634316465,2.9863426700999876,9.392891E-6,16.916264,0.011062473,0.19285515,0.005050997,0.047223084,0.023008548,0.14633255,0.016614834,0.6970712,0.006318155,0.052667044,0.007946483,0.1572043,0.02153267,0.1170667,0.009901996,0.19285515,0.005050997,"TWOGAUSSIANS_WITH_ELLIPSOIDAL_ON_ECLIPSE1",9,12.34486,0.6970712,0.006318155,0.29493544,0.044500306,0.3911704,0.010732396,0.19285515,0.005050997,0.26444927,0.12884787,0.3804629,0.024433253
375316653866487564,5996637530569054848,0.5105546,2046.616502902395,2.6840442838988654,1.8225228E-5,17.654331,0.012932559,0.2945064,0.0054727932,0.09252673,0.007868198,0.21546923,0.014060378,0.79414386,0.0062170825,0.09194421,0.010588949,0.21148498,0.013731939,null,null,null,null,"TWOGAUSSIANS",8,10.191129,0.2945064,0.0054727932,0.4,0.0,0.20468533,0.010136123,0.79414386,0.0062170825,0.4,0.0,0.20070112,0.011351236
375316653866487564,5996637736727485312,0.5685356,2071.21146817373,2.5590375203487845,7.0742603E-6,18.827492,0.011548165,0.11572557,0.002125069,0.05553229,0.0071763922,0.2221282,0.022614341,0.6268364,0.004141591,0.05074622,0.006375403,0.18118995,0.023419846,0.085213885,0.013206803,0.11572557,0.002125069,"TWOGAUSSIANS_WITH_ELLIPSOIDAL_ON_ECLIPSE1",9,1.8122606,0.11572557,0.002125069,0.31098083,0.040187795,0.3925457,0.025050271,0.6268364,0.004141591,0.28417882,0.03570226,0.3507782,0.010092864
375316653866487564,5996638015926658304,0.592073,2080.9708323527393,2.5279689182852154,5.6663735E-6,17.601023,0.014913592,0.30957162,0.001353769,0.05609299,0.0056608953,0.2479434,0.034319412,0.8102372,0.0025441644,0.06112146,0.0062455186,0.20626207,0.03671135,0.081813514,0.0232893,0.30957162,0.001353769,"TWOGAUSSIANS_WITH_ELLIPSOIDAL_ON_ECLIPSE1",9,6.5703855,0.30957162,0.001353769,0.31412074,0.031701013,0.41151246,0.015627556,0.8102372,0.0025143493,0.34228018,0.034974903,0.36982828,0.013677111
375316653866487564,5996638252124225152,0.52085334,2098.1487923287827,2.753858537846666,9.802899E-6,19.238089,0.020662364,0.23585953,0.0019768665,0.084723964,0.006315257,0.27985048,0.019020254,0.742284,0.004285234,0.09823804,0.0118133165,0.2967707,0.017381944,null,null,null,null,"TWOGAUSSIANS",8,1.4815696,0.742284,0.004285234,0.4,0.0,0.28427458,0.013243202,0.23585953,0.0019768665,0.4,0.0,0.26735586,0.013016558
375316653866487564,5996638561361488640,0.52213556,2093.9752246233734,1.5058159978950094,1.5956446E-5,18.21635,0.02032728,0.25900358,0.0035581342,0.10767223,0.011386694,0.1798776,0.019560117,0.75947225,0.00689069,0.10593298,0.01837175,0.112842426,0.019420492,null,null,null,null,"TWOGAUSSIANS",8,2.3683112,0.25900358,0.0035578548,0.4,0.0,0.16163777,0.0061284294,0.75947225,0.006899834,0.4,0.0,0.09460679,0.0074833534
375316653866487564,5996641481940043008,0.42739737,2100.2909436122313,2.639836574733047,3.4443066E-5,19.035185,0.008756432,null,null,null,null,null,null,null,null,null,null,null,null,0.10128507,0.011858588,0.24450922,0.008637537,"ELLIPSOIDAL",4,12.683832,null,null,null,null,null,null,null,null,null,null,null,null
375316653866487564,5996643238607168896,0.61209923,2055.72977137415,1.8774714300835431,7.935449E-6,16.806005,0.00330514,0.12572104,0.0012288138,0.089713655,0.0024022665,0.1936117,0.0033647118,0.6295747,0.0017844593,0.09988813,0.0031287093,0.1736837,0.0034599437,null,null,null,null,"TWOGAUSSIANS",8,2.1066663,0.12572104,0.0012288138,0.4,0.0,0.18293239,0.0028320926,0.6295747,0.0017844593,0.4,0.0,0.16300318,0.0027925544
375316653866487564,5996644814835108736,0.59950227,2085.570527072485,3.864494352791846,6.218595E-6,18.594723,0.0057616476,0.3035096,0.00121826,0.06216571,0.0018768352,0.5778434,0.014854791,0.7958383,0.0023829283,0.072958745,0.0023715873,0.5034588,0.012448871,null,null,null,null,"TWOGAUSSIANS",8,3.05045,0.3035096,0.00121826,0.348128,0.010510278,0.5769238,0.014911011,0.7958383,0.0023829283,0.4,0.0,0.50253916,0.01245165
375316653866487564,5996645089713273856,0.56995666,2091.966262911409,2.629421869363363,1.0077532E-5,18.006023,0.0071168854,0.24579763,0.0019349017,0.07883368,0.0036683923,0.43552628,0.011894991,0.736236,0.0028941105,0.07604423,0.0043471097,0.47898802,0.021363566,null,null,null,null,"TWOGAUSSIANS",8,6.835931,0.736236,0.0028941105,0.4,0.0,0.47491777,0.022087991,0.24579763,0.0019349017,0.4,0.0,0.43145603,0.012215707
375316653866487564,5996645471990089344,0.44662142,2084.0433354541055,1.2794821065303383,1.0585309E-4,19.4362,0.048651844,0.44888106,0.021005273,0.027337734,0.024212608,0.33266523,5.936823E8,0.8255892,0.048964053,0.21648684,0.17030244,0.04884763,0.04601601,null,null,null,null,"TWOGAUSSIANS",8,3.7505276,0.44905105,0.021154338,0.15309131,0.1355906,0.3373988,5.936823E8,0.8255892,0.048964053,0.4,0.0,0.042054612,0.011698892
