Gaia/vari_eclipsing_binary/VariEclipsingBinary_667553-667586.csv
# %ECSV 1.0
# ---
# delimiter: ','
# meta: !!omap
# - RELEASE: Gaia DR3
# - TABLE: vari_eclipsing_binary
# - DESCRIPTION: >
#     This table describes the properties of the eclipsing binaries resulting from the variability analysis. 
# - CITATION: >
#     How to cite and acknowledge Gaia: 
#     https://gea.esac.esa.int/archive/documentation/credits.html 
# - KNOWN_ISSUES: >
#     Known issues: 
#     https://www.cosmos.esa.int/web/gaia-users/known-issues 
# - DOCUMENTATION: >
#     Tutorials and documentation: 
#     https://www.cosmos.esa.int/web/gaia-users/archive 
# datatype:
# - 
#   name: solution_id
#   datatype: int64
#   description: Solution Identifier
#   meta:
#     ucd: meta.version
# - 
#   name: source_id
#   datatype: int64
#   description: Unique source identifier
#   meta:
#     ucd: meta.id;meta.main
# - 
#   name: global_ranking
#   datatype: float32
#   description: Number between 0 (worst) and 1 (best)
#   meta:
#     ucd: stat.param
# - 
#   name: reference_time
#   datatype: float64
#   unit: d
#   description: Reference time used for the geometric model fit
#   meta:
#     ucd: time.epoch
# - 
#   name: frequency
#   datatype: float64
#   unit: d**-1
#   description: Frequency of geometric model of the eclipsing binary light curve
#   meta:
#     ucd: src.orbital
# - 
#   name: frequency_error
#   datatype: float32
#   unit: d**-1
#   description: "Uncertainty of \\texttt{frequency}"
#   meta:
#     ucd: stat.error
# - 
#   name: geom_model_reference_level
#   datatype: float32
#   unit: mag
#   description: Magnitude reference level of geometric model
#   meta:
#     ucd: phot.mag;em.opt
# - 
#   name: geom_model_reference_level_error
#   datatype: float32
#   unit: mag
#   description: "Uncertainty of \\texttt{geomModelReferenceLevel}"
#   meta:
#     ucd: stat.error;phot.mag;em.opt
# - 
#   name: geom_model_gaussian1_phase
#   datatype: float32
#   description: Phase of the Gaussian 1 component
#   meta:
#     ucd: time.phase
# - 
#   name: geom_model_gaussian1_phase_error
#   datatype: float32
#   description: "Uncertainty of \\texttt{geomModelGaussian1Phase}"
#   meta:
#     ucd: stat.error;time.phase
# - 
#   name: geom_model_gaussian1_sigma
#   datatype: float32
#   description: "Standard deviation [phase] of Gaussian 1 component"
#   meta:
#     ucd: stat.stdev
# - 
#   name: geom_model_gaussian1_sigma_error
#   datatype: float32
#   description: "Uncertainty of \\texttt{geomModelGaussian1Sigma}"
#   meta:
#     ucd: stat.error
# - 
#   name: geom_model_gaussian1_depth
#   datatype: float32
#   unit: mag
#   description: Magnitude depth of Gaussian 1 component
#   meta:
#     ucd: src.var.amplitude
# - 
#   name: geom_model_gaussian1_depth_error
#   datatype: float32
#   unit: mag
#   description: "Uncertainty of \\texttt{geomModelGaussian1Depth}"
#   meta:
#     ucd: stat.error;src.var.amplitude
# - 
#   name: geom_model_gaussian2_phase
#   datatype: float32
#   description: Phase of Gaussian 2 component
#   meta:
#     ucd: time.phase
# - 
#   name: geom_model_gaussian2_phase_error
#   datatype: float32
#   description: "Uncertainty of \\texttt{geomModelGaussian2Phase}"
#   meta:
#     ucd: stat.error;time.phase
# - 
#   name: geom_model_gaussian2_sigma
#   datatype: float32
[...]
#   datatype: float32
#   description: "Secondary eclipse: uncertainty of \\texttt{derivedSecondaryEclDuration}"
#   meta:
#     ucd: stat.error;time.duration
# - 
#   name: derived_secondary_ecl_depth
#   datatype: float32
#   unit: mag
#   description: "Secondary eclipse: depth"
#   meta:
#     ucd: src.var.amplitude
# - 
#   name: derived_secondary_ecl_depth_error
#   datatype: float32
#   unit: mag
#   description: "Secondary eclipse: uncertainty of \\texttt{derivedSecondaryEclDepth}"
#   meta:
#     ucd: stat.error;src.var.amplitude
solution_id,source_id,global_ranking,reference_time,frequency,frequency_error,geom_model_reference_level,geom_model_reference_level_error,geom_model_gaussian1_phase,geom_model_gaussian1_phase_error,geom_model_gaussian1_sigma,geom_model_gaussian1_sigma_error,geom_model_gaussian1_depth,geom_model_gaussian1_depth_error,geom_model_gaussian2_phase,geom_model_gaussian2_phase_error,geom_model_gaussian2_sigma,geom_model_gaussian2_sigma_error,geom_model_gaussian2_depth,geom_model_gaussian2_depth_error,geom_model_cosine_half_period_amplitude,geom_model_cosine_half_period_amplitude_error,geom_model_cosine_half_period_phase,geom_model_cosine_half_period_phase_error,model_type,num_model_parameters,reduced_chi2,derived_primary_ecl_phase,derived_primary_ecl_phase_error,derived_primary_ecl_duration,derived_primary_ecl_duration_error,derived_primary_ecl_depth,derived_primary_ecl_depth_error,derived_secondary_ecl_phase,derived_secondary_ecl_phase_error,derived_secondary_ecl_duration,derived_secondary_ecl_duration_error,derived_secondary_ecl_depth,derived_secondary_ecl_depth_error
[from data line 399]
375316653866487564,5872018715175266560,0.5216118,2128.842473594062,2.7851244278163003,1.4489385E-5,19.168753,0.0056823613,0.29102886,0.0063575213,0.06677887,0.008455141,0.20723508,0.013737477,0.79092145,0.00346494,0.070192404,0.0036928686,0.23748523,0.011259564,null,null,null,null,"TWOGAUSSIANS",8,1.4722732,0.79092145,0.00346494,0.39307746,0.020680064,0.23691922,0.0112126395,0.29102886,0.0063575213,0.37396166,0.040217422,0.20666906,0.013870546
375316653866487564,5872021154744899712,0.57370186,2147.9841458338688,1.7786782467432496,7.956173E-6,16.031672,0.005203115,0.23762608,0.002149663,0.09864417,0.0048445575,0.120142214,0.0051575587,0.7390952,0.0022177566,0.10465277,0.0063465554,0.10959914,0.0045541828,null,null,null,null,"TWOGAUSSIANS",8,4.2489657,0.23762608,0.002149663,0.4,0.0,0.10921704,0.0031918501,0.7390952,0.0022177566,0.4,0.0,0.09867218,0.0018856406
375316653866487564,5872021360903304704,0.5349046,2140.83536576619,2.6755845732119905,1.7494875E-5,17.622421,0.0575511,0.258469,0.0045954287,0.06289633,0.011082013,0.2282071,0.12452397,0.755108,0.0049137254,0.05869403,0.01715963,0.34510675,0.09685761,0.12417709,0.064141445,0.258469,0.0045954287,"TWOGAUSSIANS_WITH_ELLIPSOIDAL_ON_ECLIPSE1",9,30.53965,0.755658,0.003833273,0.32868657,0.09609392,0.59325194,0.05850908,0.258469,0.0045954287,0.35221946,0.062059276,0.47644487,0.01503172
375316653866487564,5872021841911312384,0.46486324,2112.6310071096523,2.679090333871318,2.628961E-5,19.156015,0.017895004,0.24372557,0.0069795656,0.10020955,0.011751566,0.18002042,0.01923573,0.7453239,0.006785454,0.07634092,0.012952358,0.2564825,0.018487431,null,null,null,null,"TWOGAUSSIANS",8,3.118045,0.7453239,0.006785454,0.4,0.0,0.24918687,0.01764883,0.24372557,0.0069795656,0.4,0.0,0.17272337,0.014736146
375316653866487564,5872022116789044864,0.5071184,2093.9493417929025,2.5454548182031203,1.22266065E-5,19.884676,0.013760018,0.22550173,0.0032310735,0.087146156,0.0054304875,0.41608214,0.016052324,0.72247577,0.0041586994,0.08776763,0.005701148,0.37311825,0.017871507,null,null,null,null,"TWOGAUSSIANS",8,1.0110997,0.22550173,0.0032310735,0.4,0.0,0.40348026,0.0149372425,0.72247577,0.0041586994,0.4,0.0,0.36051637,0.016779
375316653866487564,5872022559173247104,0.5201149,2154.627672855905,0.8004903494082817,9.090533E-6,18.874353,0.0056424015,0.1729816,0.0018603035,0.01045407,0.0022410527,0.10174663,0.013932595,0.67383957,0.01096417,0.025847754,0.0034989293,1.1637908,0.42465737,0.036439847,0.008527505,0.1729816,0.0018603035,"TWOGAUSSIANS_WITH_ELLIPSOIDAL_ON_ECLIPSE1",9,6.7459483,0.67383957,0.01096417,0.14474742,0.019594004,1.2366683,0.4242963,0.1729816,0.0018603035,0.05854279,0.012549896,0.17462632,0.013629623
375316653866487564,5872022769652685440,0.592741,2144.7731301702343,0.8248972133489202,1.7322532E-6,17.223137,0.0017088875,0.26842713,5.4488983E-4,0.027909648,0.0015288633,0.4323237,0.025931055,0.765358,0.002560387,0.03395402,0.001720048,0.22551756,0.016377963,null,null,null,null,"TWOGAUSSIANS",8,3.879986,0.26842713,5.4488983E-4,0.15629403,0.008561634,0.4323237,0.025931055,0.765358,0.002560387,0.19014251,0.009632269,0.22551756,0.016377963
375316653866487564,5872023486876792192,0.4729899,2134.21274171433,4.071400912302086,2.690625E-5,17.803617,0.0022664475,0.16754699,0.015011254,0.023666559,0.022043582,0.01630098,0.024002654,0.722183,0.0011163361,0.005250554,0.0017682721,0.9641901,8.954283,null,null,null,null,"TWOGAUSSIANS",8,2.6420016,0.722183,0.0011163361,0.029403102,0.0099023245,0.9641901,8.954283,0.16754699,0.015011254,0.13253273,0.12344406,0.01630098,0.024002654
375316653866487564,5872024384532265728,0.47978055,2109.792536144488,2.5201087183032116,1.9862882E-5,19.56765,0.022517517,0.2590023,0.005851813,0.101722166,0.0137555925,0.23630461,0.022096017,0.7675064,0.0057087545,0.08814365,0.007850409,0.31493574,0.023564398,null,null,null,null,"TWOGAUSSIANS",8,2.925714,0.7675064,0.0057087545,0.4,0.0,0.30007532,0.016194506,0.2590023,0.005851813,0.4,0.0,0.22144136,0.018455006
375316653866487564,5872025484044879104,0.5323472,2129.9500869533267,3.438741577977205,8.769307E-6,17.496412,0.009871837,0.24978736,0.0055488953,0.088763446,0.008340586,0.28164557,0.012138165,0.73344344,0.0024026972,0.09087736,0.004776134,0.22128002,0.009584537,null,null,null,null,"TWOGAUSSIANS",8,8.664639,0.24978736,0.0055488953,0.4,0.0,0.27364403,0.011908982,0.73344344,0.0024026972,0.4,0.0,0.21327843,0.0062252744
375316653866487564,5872025896389223040,0.6357718,2145.1168073826307,2.276609524833375,4.1730495E-6,16.891224,0.006274556,0.20407255,8.390552E-4,0.0536965,0.0025096447,0.21871787,0.0146383215,0.70137423,0.0027228766,0.054891806,0.0031051913,0.24076147,0.014096762,0.113173015,0.008097702,0.20407255,8.390552E-4,"TWOGAUSSIANS_WITH_ELLIPSOIDAL_ON_ECLIPSE1",9,8.385763,0.70186424,0.0021754135,0.30739412,0.01738907,0.46704388,0.0058134426,0.20407255,8.390552E-4,0.3007004,0.014054011,0.44505346,0.00736871
375316653866487564,5872025965108689792,0.6135837,2142.1453823830498,1.2062998661881936,5.3328245E-6,16.521854,0.0019588666,0.2666035,0.0016687649,0.04825104,0.0026831876,0.122452326,0.005126707,0.76782364,0.0012729381,0.04212556,0.0013872698,0.16094638,0.005030545,0.022422327,0.0025516318,0.2666035,0.0016687649,"TWOGAUSSIANS_WITH_ELLIPSOIDAL_ON_ECLIPSE1",9,2.8247943,0.76782364,0.0012729381,0.23590314,0.007768711,0.2057882,0.0030862899,0.2666035,0.0016687649,0.27020583,0.01502585,0.16729678,0.0034791646
375316653866487564,5872025999441054976,0.5756567,2148.527524687338,2.2727846986839495,6.9840426E-6,18.78906,0.01052362,0.22726883,0.0017357193,0.08446973,0.0031805967,0.39068264,0.011210029,0.72712755,0.0024544355,0.07830327,0.0029450778,0.45153588,0.016005306,null,null,null,null,"TWOGAUSSIANS",8,2.218706,0.72712755,0.0024544355,0.4,0.0,0.44408214,0.014817632,0.22726883,0.0017357193,0.4,0.0,0.38322893,0.009859527
375316653866487564,5872026033828178432,0.43256366,2136.426438566372,0.574635554084677,3.5240646E-5,16.348894,0.006099645,0.21900181,0.010331231,0.08519896,0.02258391,0.03084712,0.0058082514,0.67635256,0.007699784,0.10420794,0.027478918,0.044062294,0.0050690304,null,null,null,null,"TWOGAUSSIANS",8,8.841557,0.67635256,0.007699784,0.4,0.0,0.04283008,0.005893995,0.21903181,0.0102918595,0.4,0.0,0.029617839,0.0042298906
375316653866487564,5872026063861221504,0.54321456,2143.8403991393247,2.2296026798225146,9.9339995E-6,18.655731,0.06702868,0.21430326,0.0030421223,0.11721135,0.016944673,0.26045293,0.06474499,0.7124559,0.0036668663,0.12726393,0.023961067,0.24110037,0.06588464,null,null,null,null,"TWOGAUSSIANS",8,1.3302637,0.21432325,0.0030162144,0.4,0.0,0.19992337,0.0063987817,0.7124559,0.0036668663,0.4,0.0,0.1804144,0.0066466136
375316653866487564,5872026270017026304,0.5620623,2143.1343053382457,2.202638750907692,1.1259345E-5,18.09513,0.007045159,0.25461593,0.0017083548,0.076363295,0.0026687786,0.4336822,0.009304505,0.7528762,0.002320655,0.08047096,0.0035099452,0.2605111,0.008996989,null,null,null,null,"TWOGAUSSIANS",8,5.2810335,0.25461593,0.0017083548,0.4,0.0,0.4296991,0.009086304,0.7528762,0.002320655,0.4,0.0,0.256528,0.008562374
375316653866487564,5872027167672339584,0.5791309,2147.983296777978,1.2297338694404267,2.5273632E-6,19.462627,0.004776641,0.3340774,0.0015755004,0.035592508,0.0021555088,1.108981,0.07267665,0.84124255,0.0043848553,0.04388794,0.0046109683,0.17190945,0.019785335,null,null,null,null,"TWOGAUSSIANS",8,1.9329532,0.3340774,0.0015755004,0.19931805,0.01207085,1.108981,0.07267665,0.84124255,0.0043848553,0.24577247,0.025821421,0.17190945,0.019785335
375316653866487564,5872028335930785536,0.52167445,2161.539431025796,0.04094641316002973,8.102752E-6,14.653287,0.0026817028,0.9656102,0.001098237,0.0023498747,0.0018036613,0.4616463,0.22645801,null,null,null,null,null,null,0.0025799242,0.0042585763,0.9656102,0.001098237,"ONEGAUSSIAN_WITH_ELLIPSOIDAL",6,140.52765,0.9656102,0.001098237,0.013159298,0.010100503,0.46680614,0.23217063,null,null,null,null,null,null
375316653866487564,5872028640839293824,0.44154543,2143.4654305588633,2.3916048708169364,2.4237073E-5,18.353962,0.019530304,0.2113236,0.009435735,0.099208176,0.019998083,0.14945911,0.01696698,0.73283285,0.0078104977,0.09513555,0.011786984,0.1615703,0.023175173,null,null,null,null,"TWOGAUSSIANS",8,7.441884,0.73283285,0.0078109503,0.4,0.0,0.15309398,0.017168192,0.2113236,0.009435735,0.4,0.0,0.14098187,0.012159743
375316653866487564,5872029366696031872,0.49354154,2126.5826293817718,3.8494516841784985,1.4074825E-5,19.354195,0.010446537,0.2653391,0.0036395737,0.07357257,0.005244525,0.3164397,0.019473724,0.7555353,0.0038883158,0.07531263,0.005354625,0.26437843,0.014311598,null,null,null,null,"TWOGAUSSIANS",8,3.208774,0.2653391,0.0036395737,0.4,0.0,0.31479684,0.019514622,0.7555353,0.0038883158,0.4,0.0,0.26273558,0.013915901
375316653866487564,5872030255746842624,0.51967055,2152.869205698874,0.13380392739222954,4.4663033E-5,18.618265,0.005316948,0.21836014,0.004639115,0.023227397,0.0033923786,0.39710903,0.09995179,0.7200617,0.017773267,0.019124093,0.009838837,0.6306771,0.6081098,0.057999738,0.006784946,0.7200617,0.017773267,"TWOGAUSSIANS_WITH_ELLIPSOIDAL_ON_ECLIPSE2",9,6.2037783,0.7200617,0.017773267,0.10709491,0.055097487,0.74667656,0.6089541,0.21838014,0.004505678,0.13007343,0.01899732,0.5130954,0.102273844
375316653866487564,5872030942946056832,0.48814252,2162.368511394051,0.06205227742305359,7.174631E-6,18.748533,0.0022769063,0.7800478,0.014519604,0.053381752,0.016778968,0.03153748,0.0037602182,0.9623084,5.883036E-4,0.003193457,4.3210236E-4,0.36862034,0.03695002,null,null,null,null,"TWOGAUSSIANS",8,2.8348117,0.9623084,5.883036E-4,0.017883359,0.0024197733,0.3687131,0.03695048,0.7800478,0.014519604,0.29893783,0.09396222,0.03153748,0.0037602182
375316653866487564,5872031217823963136,0.5274125,2153.5340718365537,3.6813393546356035,6.088727E-6,18.785131,0.011485236,0.2721682,0.0025626905,0.0963627,0.004337979,0.40566206,0.015652196,0.75316215,0.002284069,0.06584829,0.005123856,0.27477527,0.013606961,null,null,null,null,"TWOGAUSSIANS",8,4.1662154,0.2721682,0.0025626905,0.4,0.0,0.40159008,0.015181118,0.75316215,0.002284069,0.36875045,0.028693592,0.27070507,0.013318983
375316653866487564,5872031222121818752,0.5208203,2139.2850612165407,3.949976080802764,1.5348387E-5,19.77319,0.011220883,0.21442719,0.009609622,0.06176215,0.008871158,0.5310513,0.04300022,0.7097796,0.0031863842,0.07053889,0.0036739707,0.5818274,0.027881267,null,null,null,null,"TWOGAUSSIANS",8,3.0740843,0.7097796,0.0031863842,0.3950178,0.017539984,0.5810563,0.027847873,0.21442719,0.009609622,0.34586805,0.049678482,0.53028023,0.043413766
375316653866487564,5872032493459245568,0.5238328,2135.7595390800147,3.0890358366264095,1.0954751E-5,17.54278,0.005737942,0.25661987,0.0050263754,0.09241704,0.006045082,0.15683249,0.0077507044,0.751266,0.0030020885,0.08911468,0.0048616948,0.17630963,0.0077180797,null,null,null,null,"TWOGAUSSIANS",8,4.555299,0.751266,0.0030020885,0.4,0.0,0.16941786,0.0072737643,0.25661987,0.0050263754,0.4,0.0,0.14994061,0.0068471353
375316653866487564,5872032768310407936,0.47389725,2148.96959111592,3.3245416166069615,3.3569853E-5,19.76525,0.015494111,0.1994831,0.007506737,0.07314968,0.009709045,0.38027433,0.03604307,0.7006635,0.006824478,0.075134635,0.0085484665,0.3535292,0.031326335,null,null,null,null,"TWOGAUSSIANS",8,5.1024804,0.1994831,0.007506737,0.4,0.019240778,0.37785047,0.0363473,0.7006635,0.006824478,0.4,0.008370122,0.35110536,0.031355713
375316653866487564,5872033416843254912,0.5909119,2153.017119635395,1.8338263122898644,8.087547E-6,17.794716,0.0077104503,0.18456604,0.0052264356,0.09962852,0.007653781,0.18515418,0.007725497,0.6721681,0.0016121941,0.08635935,0.0028136547,0.39231652,0.008387541,null,null,null,null,"TWOGAUSSIANS",8,4.790663,0.6721681,0.0016121941,0.4,0.0,0.38072345,0.0067517166,0.18456604,0.0052264356,0.4,0.0,0.17355967,0.0056867762
375316653866487564,5872033730409878144,0.4662175,2150.283924024002,2.871781417311747,1.9913658E-5,18.093487,0.009252079,0.27217928,0.010510763,0.04467343,0.01122353,0.100687295,0.024255965,0.7364769,0.004989839,0.058866765,0.011366676,0.080528,0.023980137,0.041020855,0.0114286095,0.7364769,0.004989839,"TWOGAUSSIANS_WITH_ELLIPSOIDAL_ON_ECLIPSE2",9,10.06719,0.26819927,0.0098522445,0.2501712,0.06285177,0.17910358,0.01690475,0.7364769,0.004989839,0.3296539,0.06365339,0.16255945,0.015057071
375316653866487564,5872034585074194560,0.5098272,2165.291797327026,2.2471465123224785,1.0937411E-5,18.555485,0.008197309,0.24434511,0.0065148715,0.078308634,0.0074915853,0.20296179,0.012837726,0.7492154,0.0039659888,0.07342604,0.0036549666,0.34068704,0.014363979,null,null,null,null,"TWOGAUSSIANS",8,6.533282,0.7492154,0.0039659888,0.4,0.0,0.33863965,0.013923175,0.24434511,0.0065148715,0.4,0.0,0.2009144,0.01255564
375316653866487564,5872035242212951424,0.5337498,2155.7344053925076,1.1081162786019714,1.1605222E-5,18.562681,0.0062503465,0.23583972,0.0046414216,0.030007849,0.0057919035,0.16577397,0.028481953,0.72444576,0.0034430402,0.042827472,0.0033205617,0.44918358,0.022985872,0.02732988,0.008890705,0.23583972,0.0046414216,"TWOGAUSSIANS_WITH_ELLIPSOIDAL_ON_ECLIPSE1",9,8.1590805,0.7246458,0.0033734036,0.23983385,0.018595146,0.5035685,0.020046633,0.23583972,0.0046414216,0.16804394,0.03243466,0.22043368,0.023653457
375316653866487564,5872035688889550080,0.558445,2133.1226477161954,0.7390213455028258,4.3923435E-5,17.606836,0.0014184881,0.4944557,0.076420374,0.083597444,0.0402068,0.0068445173,0.004362255,0.6851735,0.0040434226,0.025486998,0.003576115,0.31757835,0.017861292,null,null,null,null,"TWOGAUSSIANS",8,3.2541876,0.6851735,0.0040434226,0.1427272,0.020026244,0.3180855,0.018139437,0.4944557,0.076420374,0.4,0.064348824,0.006844517,0.0043622553
375316653866487564,5872036101206568448,0.45188704,2160.017533483012,3.307368298178009,2.1829257E-5,19.44477,0.019573977,0.25518882,0.007679164,0.07966934,0.009898611,0.4211034,0.051145777,0.7574576,0.0042098877,0.07565269,0.0072997916,0.525203,0.045106128,null,null,null,null,"TWOGAUSSIANS",8,13.766079,0.7574576,0.0042098877,0.4,0.0,0.5201807,0.04612963,0.25518882,0.007679164,0.4,0.0,0.41608107,0.052101333
375316653866487564,5872037024616078208,0.49347225,2140.507449074926,2.870603953687363,9.949179E-6,19.4047,0.012439922,0.25284353,0.0027628301,0.09170104,0.00625774,0.2518982,0.011204748,0.7504026,0.0037907092,0.09300168,0.00904349,0.24452049,0.014501525,null,null,null,null,"TWOGAUSSIANS",8,1.3367493,0.25284353,0.0027628301,0.4,0.0,0.23962674,0.007193987,0.7504026,0.0037907092,0.4,0.0,0.23224896,0.01607568
375316653866487564,5872037952329251584,0.46692953,2141.257343995244,0.5440504274352608,3.5116926E-5,19.099497,0.011146353,0.28511128,0.0040252954,0.03075478,0.0033751563,0.3936553,0.022535773,0.7661859,0.013626137,0.047450222,0.021445414,0.10866717,0.014942481,null,null,null,null,"TWOGAUSSIANS",8,8.507681,0.28511128,0.0040252954,0.17222677,0.018900875,0.3936553,0.022535743,0.7661859,0.013626137,0.26572123,0.120094314,0.10866717,0.014942644
375316653866487564,5872038643827113728,0.5179356,2164.0816777301334,2.7341285783705636,1.4161051E-5,19.599611,0.020936202,0.20633432,0.0046183076,0.08438544,0.008557573,0.43697867,0.021700617,0.69251823,0.002747922,0.080393046,0.0048931646,0.4761653,0.023774622,null,null,null,null,"TWOGAUSSIANS",8,3.0097933,0.69251823,0.002747922,0.4,0.0,0.46911725,0.02182884,0.20633432,0.0046183076,0.4,0.0,0.42993057,0.019760756
