Gaia/vari_eclipsing_binary/VariEclipsingBinary_685562-685588.csv
# %ECSV 1.0
# ---
# delimiter: ','
# meta: !!omap
# - RELEASE: Gaia DR3
# - TABLE: vari_eclipsing_binary
# - DESCRIPTION: >
#     This table describes the properties of the eclipsing binaries resulting from the variability analysis. 
# - CITATION: >
#     How to cite and acknowledge Gaia: 
#     https://gea.esac.esa.int/archive/documentation/credits.html 
# - KNOWN_ISSUES: >
#     Known issues: 
#     https://www.cosmos.esa.int/web/gaia-users/known-issues 
# - DOCUMENTATION: >
#     Tutorials and documentation: 
#     https://www.cosmos.esa.int/web/gaia-users/archive 
# datatype:
# - 
#   name: solution_id
#   datatype: int64
#   description: Solution Identifier
#   meta:
#     ucd: meta.version
# - 
#   name: source_id
#   datatype: int64
#   description: Unique source identifier
#   meta:
#     ucd: meta.id;meta.main
# - 
#   name: global_ranking
#   datatype: float32
#   description: Number between 0 (worst) and 1 (best)
#   meta:
#     ucd: stat.param
# - 
#   name: reference_time
#   datatype: float64
#   unit: d
#   description: Reference time used for the geometric model fit
#   meta:
#     ucd: time.epoch
# - 
#   name: frequency
#   datatype: float64
#   unit: d**-1
#   description: Frequency of geometric model of the eclipsing binary light curve
#   meta:
#     ucd: src.orbital
# - 
#   name: frequency_error
#   datatype: float32
#   unit: d**-1
#   description: "Uncertainty of \\texttt{frequency}"
#   meta:
#     ucd: stat.error
# - 
#   name: geom_model_reference_level
#   datatype: float32
#   unit: mag
#   description: Magnitude reference level of geometric model
#   meta:
#     ucd: phot.mag;em.opt
# - 
#   name: geom_model_reference_level_error
#   datatype: float32
#   unit: mag
#   description: "Uncertainty of \\texttt{geomModelReferenceLevel}"
#   meta:
#     ucd: stat.error;phot.mag;em.opt
# - 
#   name: geom_model_gaussian1_phase
#   datatype: float32
#   description: Phase of the Gaussian 1 component
#   meta:
#     ucd: time.phase
# - 
#   name: geom_model_gaussian1_phase_error
#   datatype: float32
#   description: "Uncertainty of \\texttt{geomModelGaussian1Phase}"
#   meta:
#     ucd: stat.error;time.phase
# - 
#   name: geom_model_gaussian1_sigma
#   datatype: float32
#   description: "Standard deviation [phase] of Gaussian 1 component"
#   meta:
#     ucd: stat.stdev
# - 
#   name: geom_model_gaussian1_sigma_error
#   datatype: float32
#   description: "Uncertainty of \\texttt{geomModelGaussian1Sigma}"
#   meta:
#     ucd: stat.error
# - 
#   name: geom_model_gaussian1_depth
#   datatype: float32
#   unit: mag
#   description: Magnitude depth of Gaussian 1 component
#   meta:
#     ucd: src.var.amplitude
# - 
#   name: geom_model_gaussian1_depth_error
#   datatype: float32
#   unit: mag
#   description: "Uncertainty of \\texttt{geomModelGaussian1Depth}"
#   meta:
#     ucd: stat.error;src.var.amplitude
# - 
#   name: geom_model_gaussian2_phase
#   datatype: float32
#   description: Phase of Gaussian 2 component
#   meta:
#     ucd: time.phase
# - 
#   name: geom_model_gaussian2_phase_error
#   datatype: float32
#   description: "Uncertainty of \\texttt{geomModelGaussian2Phase}"
#   meta:
#     ucd: stat.error;time.phase
# - 
#   name: geom_model_gaussian2_sigma
#   datatype: float32
[...]
#   datatype: float32
#   description: "Secondary eclipse: uncertainty of \\texttt{derivedSecondaryEclDuration}"
#   meta:
#     ucd: stat.error;time.duration
# - 
#   name: derived_secondary_ecl_depth
#   datatype: float32
#   unit: mag
#   description: "Secondary eclipse: depth"
#   meta:
#     ucd: src.var.amplitude
# - 
#   name: derived_secondary_ecl_depth_error
#   datatype: float32
#   unit: mag
#   description: "Secondary eclipse: uncertainty of \\texttt{derivedSecondaryEclDepth}"
#   meta:
#     ucd: stat.error;src.var.amplitude
solution_id,source_id,global_ranking,reference_time,frequency,frequency_error,geom_model_reference_level,geom_model_reference_level_error,geom_model_gaussian1_phase,geom_model_gaussian1_phase_error,geom_model_gaussian1_sigma,geom_model_gaussian1_sigma_error,geom_model_gaussian1_depth,geom_model_gaussian1_depth_error,geom_model_gaussian2_phase,geom_model_gaussian2_phase_error,geom_model_gaussian2_sigma,geom_model_gaussian2_sigma_error,geom_model_gaussian2_depth,geom_model_gaussian2_depth_error,geom_model_cosine_half_period_amplitude,geom_model_cosine_half_period_amplitude_error,geom_model_cosine_half_period_phase,geom_model_cosine_half_period_phase_error,model_type,num_model_parameters,reduced_chi2,derived_primary_ecl_phase,derived_primary_ecl_phase_error,derived_primary_ecl_duration,derived_primary_ecl_duration_error,derived_primary_ecl_depth,derived_primary_ecl_depth_error,derived_secondary_ecl_phase,derived_secondary_ecl_phase_error,derived_secondary_ecl_duration,derived_secondary_ecl_duration_error,derived_secondary_ecl_depth,derived_secondary_ecl_depth_error
[from data line 259]
375316653866487564,6030376839461041792,0.6048971,2212.4284445723492,2.3674500732704313,9.210805E-6,15.58601,0.01699564,0.26556867,0.0016856584,0.05598958,0.0075933523,0.22083285,0.032396153,0.7723627,0.0064722956,0.05085385,0.007956944,0.23467459,0.033990946,0.11481287,0.019095792,0.26556867,0.0016856584,"TWOGAUSSIANS_WITH_ELLIPSOIDAL_ON_ECLIPSE1",9,62.507233,0.7723627,0.0064722956,0.28478155,0.04455889,0.46387106,0.012542626,0.26556867,0.0016856584,0.31354162,0.042522773,0.4504475,0.0099989725
375316653866487564,6030377556695288960,0.51711637,2166.017915889351,0.039673540432109106,6.586457E-5,18.845905,0.010998953,0.061882373,0.007835834,0.018611394,0.0061747376,0.09468129,0.037243664,0.55948365,0.011451728,0.16083404,0.013741052,0.274153,0.014456273,null,null,null,null,"TWOGAUSSIANS",8,1.9822062,0.55948365,0.011451728,0.4,0.0,0.26671815,0.012376571,0.06189237,0.007870468,0.1042238,0.03457853,0.091619655,0.03853355
375316653866487564,6030379416419721088,0.501894,2188.9132013811623,1.599816706616515,1.6631933E-5,19.555698,0.012993413,0.17611508,0.008236954,0.046600703,0.02138434,0.7370049,0.45566967,0.661953,0.0082459245,0.045025717,0.007838127,0.18330255,0.0373364,null,null,null,null,"TWOGAUSSIANS",8,2.0792282,0.17611508,0.008236954,0.26096392,0.1197523,0.73700476,0.45568776,0.661953,0.0082459245,0.252144,0.043893512,0.18330243,0.037333447
375316653866487564,6030379416441431296,0.4511953,2177.49106791083,0.0984545089281856,1.2708313E-4,19.83169,0.008131929,0.20612805,0.011302933,0.030211063,0.011257513,0.11860601,0.031438336,0.6777042,0.03523342,0.10544224,0.034882408,0.25720862,0.050581746,null,null,null,null,"TWOGAUSSIANS",8,2.266279,0.6777042,0.03523342,0.4,0.0,0.25702226,0.050790466,0.20612805,0.011309467,0.16918196,0.063042074,0.11843224,0.031533048
375316653866487564,6030380069254948480,0.5542303,2198.0213466166383,2.841449039467742,9.899014E-6,19.548796,0.011741005,0.20181176,0.002525414,0.06410905,0.0028078815,0.46851134,0.035820678,0.7054425,0.0022631006,0.070802264,0.0029729598,0.5188066,0.01748784,null,null,null,null,"TWOGAUSSIANS",8,1.84738,0.7054425,0.0022631006,0.39649266,0.011535433,0.5178767,0.017351637,0.20181176,0.002525414,0.35901067,0.015724136,0.46758145,0.03585195
375316653866487564,6030380344133083904,0.4846357,2173.023323802321,2.7401303367541097,4.2684078E-5,18.610588,0.07551753,0.26672167,0.057694905,0.10914674,0.09935876,0.15840456,0.060246177,0.7391454,0.006000694,0.10039899,0.036815476,0.18939982,0.066380985,null,null,null,null,"TWOGAUSSIANS",8,4.536598,0.7391454,0.006000694,0.4,0.0,0.17494524,0.022065323,0.26673168,0.057740856,0.4,0.03506249,0.14393824,0.062060654
375316653866487564,6030380580354938624,0.51150995,2165.0088861332124,3.824038583182228,1.4970776E-5,17.890787,0.004583345,0.30288076,0.0035565074,0.043085042,0.009112764,0.023445118,0.0135676535,null,null,null,null,null,null,0.11111345,0.0063863173,0.30288076,0.0035565074,"ONEGAUSSIAN_WITH_ELLIPSOIDAL",6,10.444265,0.30288076,0.0035565074,0.24127623,0.051031478,0.24567176,0.013258772,null,null,null,null,null,null
375316653866487564,6030382027782083200,0.58496284,2199.0772169570705,2.4854074063805376,8.174803E-6,16.521757,0.02451712,0.2660682,0.0025448836,0.112946674,0.014502984,0.15312587,0.020736944,0.76463133,0.0019600177,0.12581635,0.014501412,0.15097201,0.023692716,null,null,null,null,"TWOGAUSSIANS",8,2.267138,0.2660782,0.002568227,0.4,0.0,0.11980143,0.0065573077,0.76463133,0.0019600177,0.4,0.0,0.11755217,0.0032404873
375316653866487564,6030382543178214784,0.5889416,2214.498380484652,1.825048829882422,5.824489E-6,17.005043,0.006667304,0.25870556,0.0058908816,0.044123746,0.0074399845,0.130117,0.025090104,0.76253563,0.0014172368,0.043755185,0.001604641,0.6909413,0.022106709,null,null,null,null,"TWOGAUSSIANS",8,38.762024,0.76253563,0.0014172368,0.24502903,0.00898599,0.6909412,0.022106716,0.25870556,0.0058908816,0.24709298,0.041663915,0.13011695,0.02509015
375316653866487564,6030382641933947392,0.5841113,2187.9177552101028,3.7498413626049847,9.094523E-6,18.69439,0.023058813,0.28952324,0.0035511402,0.04516922,0.0053558215,0.6386726,0.07279976,0.79103315,0.0022282386,0.04947726,0.0048233834,0.48004293,0.05247612,0.100566596,0.029956898,0.28952324,0.0035511402,"TWOGAUSSIANS_WITH_ELLIPSOIDAL_ON_ECLIPSE1",9,4.367811,0.28952324,0.0035511402,0.25294763,0.0299926,0.8398045,0.05903043,0.79103315,0.0022153582,0.27707267,0.027010946,0.6811567,0.028339753
375316653866487564,6030382641933990272,0.60698557,2196.303255851435,1.7601146444762028,1.270081E-5,16.056046,0.011812095,0.22799455,0.0052217157,0.10499637,0.00899823,0.24219146,0.010801828,0.733024,0.002961684,0.09606003,0.005896586,0.28161937,0.012685259,null,null,null,null,"TWOGAUSSIANS",8,8.991481,0.733024,0.002961684,0.4,0.0,0.25947428,0.0109812,0.22799455,0.0052217157,0.4,0.0,0.22004123,0.0063468292
375316653866487564,6030382886782188672,0.5437369,2214.9011215345718,2.5944128705454643,1.6674327E-5,19.366503,0.021839198,0.24395965,0.0033560395,0.07266132,0.004895292,0.59209096,0.023720449,0.7394229,0.0037806816,0.08332101,0.007078067,0.54487324,0.03233102,null,null,null,null,"TWOGAUSSIANS",8,3.1471941,0.24395965,0.0033560395,0.4,0.00956124,0.58605224,0.022425337,0.7394229,0.0037806816,0.4,0.0,0.5388345,0.033009626
375316653866487564,6030384222482213504,0.55217135,2218.695190907303,0.5262630068771668,3.0278002E-6,17.391907,0.00377292,0.20226222,4.7588302E-4,0.025448374,9.4931835E-4,0.27245873,0.005180529,0.6891796,0.02096696,0.033919368,0.020354493,0.28271034,0.19419749,null,null,null,null,"TWOGAUSSIANS",8,7.5726137,0.6891796,0.02096696,0.18994847,0.113985166,0.28271034,0.19419749,0.20226222,4.7588302E-4,0.14251089,0.0053161825,0.27245873,0.005180529
375316653866487564,6030384226805367296,0.66037625,2230.0939540615113,1.128746366988588,2.4897605E-5,13.692276,0.0068774074,0.2755632,0.0038324685,0.05893745,0.006283435,0.07438091,0.015080434,0.7718916,0.007178699,0.04556899,0.0041564777,0.6077619,0.04560244,0.014244144,0.007940819,0.2755632,0.0038324685,"TWOGAUSSIANS_WITH_ELLIPSOIDAL_ON_ECLIPSE1",9,29.429636,0.77192163,0.0071386266,0.25518635,0.023276275,0.6362258,0.036529463,0.2755632,0.0038324685,0.33004972,0.035187237,0.102859885,0.0024410866
375316653866487564,6030384291204291584,0.4871968,2223.6633267716275,2.90442908235041,6.0695824E-5,18.154678,0.033228897,0.24282216,0.006123268,0.10537569,0.018923994,0.21210288,0.030154381,0.72939533,0.0066216593,0.10451815,0.021201944,0.20533024,0.02710884,null,null,null,null,"TWOGAUSSIANS",8,5.7579784,0.24283215,0.0061220224,0.4,0.0,0.1911544,0.010450107,0.72939533,0.0066216593,0.4,0.0,0.184383,0.016201513
375316653866487564,6030384329862019840,0.5213052,2229.909475454419,3.892912855089969,2.5131245E-5,19.353865,0.030915737,0.23227853,0.0073425495,0.09290614,0.013136136,0.32518798,0.030689266,0.7145883,0.016244652,0.07798862,0.021855159,0.31488898,0.030635212,null,null,null,null,"TWOGAUSSIANS",8,1.7334056,0.23227853,0.0073425495,0.4,0.0,0.3186968,0.020608198,0.7145883,0.016244652,0.4,0.0,0.30839834,0.012649087
375316653866487564,6030384329884589056,0.43859074,2213.370877484877,2.4678459023783916,6.267141E-5,16.477016,0.06556776,0.30495667,0.014504383,0.12817712,0.062783554,0.108991586,0.05534373,0.7837993,0.025826413,0.11190389,0.03462164,0.1176791,0.05454262,null,null,null,null,"TWOGAUSSIANS",8,49.145508,0.7837993,0.025826413,0.4,0.0,0.09647543,0.019853374,0.30501667,0.014347588,0.4,0.0,0.08767304,0.021462386
375316653866487564,6030385704252214400,0.52380335,2231.552348174725,1.6518178558757388,1.0807757E-5,18.694086,0.005492222,0.23121108,0.007213787,0.058027755,0.008199003,0.39869997,0.09640274,0.6961557,0.012983772,0.06097865,0.01551983,0.08074438,0.008909085,null,null,null,null,"TWOGAUSSIANS",8,2.2805502,0.23121108,0.007213787,0.32495543,0.04591441,0.39868587,0.09642544,0.6961557,0.012983772,0.34148043,0.08691105,0.08073028,0.008906746
375316653866487564,6030387628419685120,0.47228482,2216.8863625422364,0.03972305152091225,5.0703795E-5,16.216532,0.08487385,0.049573082,0.004907286,0.020220116,0.009855609,0.01830945,0.009812327,0.51990974,0.026208518,0.1822887,0.145944,0.08134603,0.07489757,null,null,null,null,"TWOGAUSSIANS",8,4.3947015,0.51990974,0.026208518,0.4,0.0,0.07700775,0.008179261,0.050083086,0.004888604,0.11323264,0.055191416,0.018086372,0.0069826697
375316653866487564,6030388242574331008,0.49961713,2216.2323460124385,1.630174736483547,4.7027013E-5,18.295656,0.0034374846,0.28774208,0.0020770081,0.022876246,0.0050928076,0.80474025,0.4635444,0.79184663,0.005753693,0.034813307,0.0042385305,0.22474106,0.057290565,null,null,null,null,"TWOGAUSSIANS",8,3.654117,0.28774208,0.0020770081,0.12810697,0.028519724,0.80474025,0.4635444,0.79184663,0.005753693,0.19495453,0.023735771,0.22474106,0.057290565
375316653866487564,6030389724341998976,0.46940154,2243.0034900121177,0.08967486706765737,1.0306685E-4,19.232256,0.0040778453,0.12958021,0.024024872,0.032198478,0.019401899,0.37330896,29.061277,0.69127786,0.0742765,0.08814442,0.050517105,0.06047479,0.015640115,null,null,null,null,"TWOGAUSSIANS",8,1.4053055,0.12958021,0.024024872,0.18031149,0.10865063,0.37330604,29.061281,0.69127786,0.0742765,0.4,0.17511702,0.06047163,0.015638616
375316653866487564,6030389891839520768,0.54097754,2219.3308830958235,2.6467593864765493,1.4800805E-5,18.329334,0.021973545,0.2193216,0.0025182513,0.09245975,0.0068140444,0.3556851,0.022998963,0.7024266,0.0037845834,0.0966681,0.008446873,0.3355684,0.020555362,null,null,null,null,"TWOGAUSSIANS",8,5.290153,0.2193216,0.0025182513,0.4,0.0,0.33920455,0.01882598,0.7024266,0.0037845834,0.4,0.0,0.31908682,0.013472602
375316653866487564,6030390308485054592,0.47719398,2244.127460552824,1.2439852725511016,2.5868565E-5,19.782854,0.015577145,0.17300886,0.0034511222,0.019411629,0.0033426476,1.3019303,1.4841841,0.7231841,0.04891966,0.038322046,0.03494874,0.26407516,6.802541,null,null,null,null,"TWOGAUSSIANS",8,1.5254022,0.17300886,0.0034511222,0.10870512,0.018718828,1.3019303,1.4841841,0.7231841,0.04891966,0.21460345,0.19571294,0.26407516,6.802541
375316653866487564,6030390544677307776,0.5283504,2182.1401580335187,2.3293209810590336,2.7596636E-5,17.629074,0.016753007,0.23488101,0.005396285,0.08745574,0.010712651,0.22511628,0.01976381,0.7418144,0.0070212837,0.10327346,0.014394107,0.1892974,0.018578846,null,null,null,null,"TWOGAUSSIANS",8,6.594387,0.23488101,0.0053953324,0.4,0.0,0.21320201,0.018347304,0.7418144,0.0070212837,0.4,0.0,0.17737992,0.017549627
375316653866487564,6030391270536712192,0.5299383,2220.227816288735,3.1133670295006444,1.3014447E-5,18.482769,0.019806102,0.19848233,0.004971932,0.085533254,0.007736838,0.29926115,0.026333312,0.68795,0.0045872345,0.09168567,0.013843429,0.2989263,0.02171127,null,null,null,null,"TWOGAUSSIANS",8,4.9141154,0.19848233,0.004971932,0.4,0.0,0.28983328,0.023050383,0.68795,0.0045872345,0.4,0.0,0.2894982,0.024096245
375316653866487564,6030391442332978176,0.54654497,2186.116909084121,2.356218170603345,1.3714667E-5,18.805573,0.023971764,0.21210195,0.011697945,0.09465109,0.017792592,0.32417428,0.045748062,0.71084434,0.0020722284,0.1048068,0.010037434,0.28475937,0.019798458,null,null,null,null,"TWOGAUSSIANS",8,1.2759508,0.21210195,0.011697945,0.4,0.0,0.2984952,0.052219916,0.71084434,0.0020722284,0.4,0.0,0.25907433,0.010187322
375316653866487564,6030391953426624896,0.53619176,2214.195171001503,1.5817609666689894,2.3085591E-5,18.440819,0.010696708,0.19774903,0.0098487465,0.06547058,0.014800309,0.07104964,0.014710203,0.68350345,0.0034481606,0.048027847,0.003280998,0.33177224,0.02101936,null,null,null,null,"TWOGAUSSIANS",8,1.8915123,0.68350345,0.0034481606,0.26895595,0.018373588,0.33176303,0.021006506,0.19774903,0.0098487465,0.3666352,0.06769171,0.071040444,0.014693599
375316653866487564,6030392610587813632,0.5253965,2233.876813567223,2.617371321392831,1.7912082E-5,19.612032,0.016184485,0.25653654,0.0037502446,0.059431836,0.006851625,0.4662212,0.058635935,0.7567763,0.011163795,0.0573319,0.014435371,0.3517593,0.015322775,null,null,null,null,"TWOGAUSSIANS",8,1.7488328,0.25653654,0.0037502446,0.33281827,0.0383691,0.4661373,0.05873259,0.7567763,0.011163795,0.32105866,0.080838084,0.3516754,0.015278954
375316653866487564,6030393469560832640,0.46042734,2221.4068068883857,0.4126097239950837,1.3580274E-4,19.07461,0.11748467,0.34593648,0.19068855,0.12166751,0.12504952,0.35707787,0.26916736,0.70702356,0.2700425,0.09495399,0.18449552,0.18071267,0.30073494,null,null,null,null,"TWOGAUSSIANS",8,8.760689,0.34615648,0.18398097,0.4,0.30764085,0.35043997,0.13391764,0.70702356,0.2700425,0.4,0.0,0.17831026,0.19363894
375316653866487564,6030394496048778112,0.58949226,2224.1288200988215,3.476551365371942,4.369463E-5,17.671427,0.031564243,0.22185577,0.005103008,0.04401204,0.022895819,0.31879932,8.963603,0.72108066,0.016582366,0.05464794,0.030000187,0.38943824,0.14548157,0.112084225,0.03693759,0.22185577,0.005103008,"TWOGAUSSIANS_WITH_ELLIPSOIDAL_ON_ECLIPSE1",9,11.579011,0.72117066,0.015506742,0.30602846,0.13028175,0.61359155,0.18329878,0.22185577,0.005103008,0.24646743,0.12821658,0.5429573,8.978858
375316653866487564,6030395458120037120,0.54777855,2279.6427458404714,2.235148912352371,1.1935715E-5,19.257156,0.009994781,0.2890656,0.010130914,0.044208255,0.008499685,0.94459486,0.35880682,0.67420506,0.017146034,0.04824453,0.02744713,0.06729234,0.17242096,null,null,null,null,"TWOGAUSSIANS",8,1.4136937,0.2890656,0.010130914,0.24756622,0.047598235,0.94459486,0.35880682,0.67420506,0.017146034,0.27016935,0.15370394,0.06729234,0.17242096
375316653866487564,6030395634223673088,0.4692413,2298.2203994177225,3.6203166711220995,7.1837036E-5,19.394814,0.029724557,0.26157475,0.015436625,0.08864063,0.024320876,0.2040685,0.052810296,0.7580459,0.010183047,0.08904538,0.021631062,0.16457468,0.029586539,null,null,null,null,"TWOGAUSSIANS",8,2.816208,0.26157475,0.015436625,0.4,0.0,0.19746377,0.05420564,0.7580459,0.010183047,0.4,0.0,0.15796995,0.021508625
375316653866487564,6030397558369794560,0.53151834,2229.6411758976787,2.112784893235669,1.5136434E-5,16.701439,0.71703655,0.3190038,0.0024220296,0.16008,0.09216661,0.42505673,0.66926306,0.81849575,0.0045864214,0.15980662,0.07935858,0.5076635,0.6664327,null,null,null,null,"TWOGAUSSIANS",8,13.631717,0.81849575,0.0046276725,0.4,0.0,0.2417199,0.01725228,0.3191038,0.00237552,0.4,0.0,0.16024292,0.01607201
375316653866487564,6030398516137943040,0.4903929,2267.324610247095,0.03957627295711529,1.3063788E-4,19.614565,0.11121643,0.05341991,0.012117144,0.024434807,0.010154494,0.26376173,0.06390375,0.5559887,0.016080374,0.17592108,0.04148184,0.47619784,0.10844121,null,null,null,null,"TWOGAUSSIANS",8,4.48691,0.5559887,0.016080374,0.4,0.0,0.446596,0.054198924,0.05339991,0.012162991,0.13683492,0.056865167,0.25094903,0.054453246
375316653866487564,6030399310731408000,0.5176983,2146.9906869799006,1.7428744878277356,2.663244E-5,17.891598,0.14709042,0.19430526,0.007122656,0.11418493,0.03991611,0.1921465,0.14012964,0.6956284,0.002704695,0.12861945,0.043054238,0.23004647,0.14095256,null,null,null,null,"TWOGAUSSIANS",8,3.1903641,0.6956284,0.0027020567,0.4,0.0,0.18000731,0.016890697,0.19428526,0.0071833935,0.4,0.0,0.1423217,0.011437013
375316653866487564,6030400685126134656,0.6185059,2191.794447039678,2.7346948746546866,1.3947263E-5,18.096437,0.011312547,0.24321395,0.0052953605,0.03535665,0.005875474,0.86702496,0.14170319,0.7367585,0.0025211615,0.036052722,0.0067907264,0.3596781,0.017498923,0.106322534,0.014831513,0.24321395,0.0052953605,"TWOGAUSSIANS_WITH_ELLIPSOIDAL_ON_ECLIPSE1",9,7.5300503,0.24321395,0.0052953605,0.19799723,0.032902654,1.0796696,0.16401917,0.7371285,0.0022962708,0.20189525,0.03802807,0.57199305,0.024025744
