Gaia/vari_eclipsing_binary/VariEclipsingBinary_680714-680749.csv
# %ECSV 1.0
# ---
# delimiter: ','
# meta: !!omap
# - RELEASE: Gaia DR3
# - TABLE: vari_eclipsing_binary
# - DESCRIPTION: >
#     This table describes the properties of the eclipsing binaries resulting from the variability analysis. 
# - CITATION: >
#     How to cite and acknowledge Gaia: 
#     https://gea.esac.esa.int/archive/documentation/credits.html 
# - KNOWN_ISSUES: >
#     Known issues: 
#     https://www.cosmos.esa.int/web/gaia-users/known-issues 
# - DOCUMENTATION: >
#     Tutorials and documentation: 
#     https://www.cosmos.esa.int/web/gaia-users/archive 
# datatype:
# - 
#   name: solution_id
#   datatype: int64
#   description: Solution Identifier
#   meta:
#     ucd: meta.version
# - 
#   name: source_id
#   datatype: int64
#   description: Unique source identifier
#   meta:
#     ucd: meta.id;meta.main
# - 
#   name: global_ranking
#   datatype: float32
#   description: Number between 0 (worst) and 1 (best)
#   meta:
#     ucd: stat.param
# - 
#   name: reference_time
#   datatype: float64
#   unit: d
#   description: Reference time used for the geometric model fit
#   meta:
#     ucd: time.epoch
# - 
#   name: frequency
#   datatype: float64
#   unit: d**-1
#   description: Frequency of geometric model of the eclipsing binary light curve
#   meta:
#     ucd: src.orbital
# - 
#   name: frequency_error
#   datatype: float32
#   unit: d**-1
#   description: "Uncertainty of \\texttt{frequency}"
#   meta:
#     ucd: stat.error
# - 
#   name: geom_model_reference_level
#   datatype: float32
#   unit: mag
#   description: Magnitude reference level of geometric model
#   meta:
#     ucd: phot.mag;em.opt
# - 
#   name: geom_model_reference_level_error
#   datatype: float32
#   unit: mag
#   description: "Uncertainty of \\texttt{geomModelReferenceLevel}"
#   meta:
#     ucd: stat.error;phot.mag;em.opt
# - 
#   name: geom_model_gaussian1_phase
#   datatype: float32
#   description: Phase of the Gaussian 1 component
#   meta:
#     ucd: time.phase
# - 
#   name: geom_model_gaussian1_phase_error
#   datatype: float32
#   description: "Uncertainty of \\texttt{geomModelGaussian1Phase}"
#   meta:
#     ucd: stat.error;time.phase
# - 
#   name: geom_model_gaussian1_sigma
#   datatype: float32
#   description: "Standard deviation [phase] of Gaussian 1 component"
#   meta:
#     ucd: stat.stdev
# - 
#   name: geom_model_gaussian1_sigma_error
#   datatype: float32
#   description: "Uncertainty of \\texttt{geomModelGaussian1Sigma}"
#   meta:
#     ucd: stat.error
# - 
#   name: geom_model_gaussian1_depth
#   datatype: float32
#   unit: mag
#   description: Magnitude depth of Gaussian 1 component
#   meta:
#     ucd: src.var.amplitude
# - 
#   name: geom_model_gaussian1_depth_error
#   datatype: float32
#   unit: mag
#   description: "Uncertainty of \\texttt{geomModelGaussian1Depth}"
#   meta:
#     ucd: stat.error;src.var.amplitude
# - 
#   name: geom_model_gaussian2_phase
#   datatype: float32
#   description: Phase of Gaussian 2 component
#   meta:
#     ucd: time.phase
# - 
#   name: geom_model_gaussian2_phase_error
#   datatype: float32
#   description: "Uncertainty of \\texttt{geomModelGaussian2Phase}"
#   meta:
#     ucd: stat.error;time.phase
# - 
#   name: geom_model_gaussian2_sigma
#   datatype: float32
[...]
#   datatype: float32
#   description: "Secondary eclipse: uncertainty of \\texttt{derivedSecondaryEclDuration}"
#   meta:
#     ucd: stat.error;time.duration
# - 
#   name: derived_secondary_ecl_depth
#   datatype: float32
#   unit: mag
#   description: "Secondary eclipse: depth"
#   meta:
#     ucd: src.var.amplitude
# - 
#   name: derived_secondary_ecl_depth_error
#   datatype: float32
#   unit: mag
#   description: "Secondary eclipse: uncertainty of \\texttt{derivedSecondaryEclDepth}"
#   meta:
#     ucd: stat.error;src.var.amplitude
solution_id,source_id,global_ranking,reference_time,frequency,frequency_error,geom_model_reference_level,geom_model_reference_level_error,geom_model_gaussian1_phase,geom_model_gaussian1_phase_error,geom_model_gaussian1_sigma,geom_model_gaussian1_sigma_error,geom_model_gaussian1_depth,geom_model_gaussian1_depth_error,geom_model_gaussian2_phase,geom_model_gaussian2_phase_error,geom_model_gaussian2_sigma,geom_model_gaussian2_sigma_error,geom_model_gaussian2_depth,geom_model_gaussian2_depth_error,geom_model_cosine_half_period_amplitude,geom_model_cosine_half_period_amplitude_error,geom_model_cosine_half_period_phase,geom_model_cosine_half_period_phase_error,model_type,num_model_parameters,reduced_chi2,derived_primary_ecl_phase,derived_primary_ecl_phase_error,derived_primary_ecl_duration,derived_primary_ecl_duration_error,derived_primary_ecl_depth,derived_primary_ecl_depth_error,derived_secondary_ecl_phase,derived_secondary_ecl_phase_error,derived_secondary_ecl_duration,derived_secondary_ecl_duration_error,derived_secondary_ecl_depth,derived_secondary_ecl_depth_error
[from data line 329]
375316653866487564,5987802611046288768,0.4512799,2167.402075031934,2.3737645632867466,5.3826436E-5,19.417496,0.016629294,0.78617406,0.014498661,0.03750163,0.039204676,0.09850047,1342578.5,null,null,null,null,null,null,0.14449579,0.0259005,0.78617406,0.014498661,"ONEGAUSSIAN_WITH_ELLIPSOIDAL",6,17.552671,0.78617406,0.014498661,0.21000913,0.2195462,0.38749182,1342578.5,null,null,null,null,null,null
375316653866487564,5987803680524856064,0.53516763,2105.9625809523686,2.5264804890310795,1.2664656E-5,18.077261,0.017753243,0.28650466,0.006995186,0.09935128,0.016138451,0.24770892,0.036310185,0.7844153,0.0019590282,0.09320702,0.007006508,0.26517478,0.016077448,null,null,null,null,"TWOGAUSSIANS",8,3.9637172,0.7844153,0.0019590282,0.4,0.0,0.24809343,0.009136777,0.28650466,0.006995186,0.4,0.0,0.23062629,0.04160197
375316653866487564,5987804054147108224,0.61015165,2109.993657666662,2.4833891217451445,6.6219427E-6,17.316137,0.016127363,0.26307097,0.0030594082,0.0626011,0.005677168,0.4923019,0.036530655,0.7590181,0.0011292255,0.04889655,0.002928893,0.42689908,0.034453765,0.085008934,0.019474544,0.26307097,0.0030594082,"TWOGAUSSIANS_WITH_ELLIPSOIDAL_ON_ECLIPSE1",9,14.912439,0.26307097,0.0030594082,0.35056612,0.031792138,0.66215324,0.02934645,0.75929815,0.0010315612,0.2738207,0.016401801,0.59664786,0.010036851
375316653866487564,5987804432106191616,0.46171,2092.1235630332594,1.651976748804874,3.2419535E-5,18.143087,0.37991923,0.25989988,0.010749117,0.16166742,0.06421453,0.36039442,0.3556363,0.7673313,0.008066371,0.15531991,0.06746167,0.35768515,0.3567383,null,null,null,null,"TWOGAUSSIANS",8,8.083767,0.2589499,0.0093599,0.4,0.0,0.16509321,0.016431775,0.7684813,0.008020256,0.4,0.0,0.1644143,0.020230088
375316653866487564,5987804608228131968,0.46812984,2095.4143598168653,1.5645354970467984,3.7920177E-5,19.27255,0.0056352294,0.53055257,0.0069353455,0.021368483,0.0049707564,0.08105725,0.019128013,0.70250785,0.019067412,0.0077688512,0.0073023103,0.41969422,0.6044181,null,null,null,null,"TWOGAUSSIANS",8,2.9285738,0.70250785,0.019067412,0.043505568,0.040892936,0.41969422,0.6044181,0.53055257,0.0069353455,0.1196635,0.027836235,0.08105725,0.019128013
375316653866487564,5987804917465867904,0.56594175,2087.1121001009947,2.3581208646117746,1.6272463E-5,18.816528,0.007129974,0.20610401,0.004256731,0.07922139,0.004450985,0.36284456,0.018766148,0.7012145,0.0025878544,0.08224455,0.0031894785,0.3765174,0.009789317,null,null,null,null,"TWOGAUSSIANS",8,1.8282955,0.7012145,0.0025878544,0.4,0.0,0.37094888,0.009278461,0.20610401,0.004256731,0.4,0.0,0.35727608,0.018728994
375316653866487564,5987806463663643264,0.50325567,2103.0383011152753,2.528273659008945,3.1791253E-5,17.620562,0.0023695587,null,null,null,null,null,null,null,null,null,null,null,null,0.067166805,0.0029308829,0.2767017,0.0050540036,"ELLIPSOIDAL",4,5.1923847,null,null,null,null,null,null,null,null,null,null,null,null
375316653866487564,5987806979059768192,0.47389403,2118.479239538912,4.153067376126139,1.6912069E-5,17.797539,0.006901815,0.21355739,0.006823033,0.08345646,0.011985399,0.09158891,0.007568509,0.70575166,0.0028297827,0.05751962,0.0051861876,0.10643264,0.0069521503,null,null,null,null,"TWOGAUSSIANS",8,3.3661916,0.70575166,0.0028297827,0.32210988,0.02904265,0.106141895,0.006749271,0.21355739,0.006823033,0.4,0.0,0.09129816,0.0075191814
375316653866487564,5987807180885461632,0.5399924,2120.9480260765176,3.0888439999002784,1.7856386E-5,18.867126,0.007688465,0.23923877,0.003165757,0.07236248,0.00402934,0.25248578,0.0109968865,0.7483763,0.0046471865,0.07766014,0.0050632292,0.22250177,0.009359826,null,null,null,null,"TWOGAUSSIANS",8,1.6296713,0.23923877,0.003165757,0.4,0.005090346,0.25099498,0.010860267,0.7483763,0.0046471865,0.4,0.0,0.22101095,0.008925997
375316653866487564,5987808456528910464,0.53866154,2161.088167446883,2.2062745122537026,1.9784391E-5,18.187517,0.00588571,0.23987147,0.0048845382,0.081750974,0.0067080054,0.09848589,0.0071099717,0.7358063,0.0041145077,0.09005008,0.006264818,0.1530794,0.007049828,null,null,null,null,"TWOGAUSSIANS",8,1.1487855,0.7358063,0.0041145077,0.4,0.0,0.14973608,0.006509692,0.23987147,0.0048845382,0.4,0.0,0.09514261,0.005981366
375316653866487564,5987808628327321472,0.52118105,2134.943639365288,3.1327703711875494,2.002742E-5,18.072258,0.77191985,0.23004387,0.0066727255,0.13310626,0.109147355,0.27716866,0.7504562,0.7201644,0.0076539824,0.12030283,0.069916844,0.2884829,0.65223604,null,null,null,null,"TWOGAUSSIANS",8,4.421195,0.7201644,0.0076539824,0.4,0.0,0.21450481,0.011130633,0.23011388,0.0058454834,0.4,0.0,0.20280297,0.015299728
375316653866487564,5987809482986077440,0.5052544,2129.5784888817907,2.4241486591284094,1.3011577E-5,14.270218,0.007238832,0.27329037,0.003120947,0.08659036,0.006206963,0.29070345,0.020274216,0.7769733,0.0030542854,0.06871906,0.0066006305,0.3276247,0.009936805,null,null,null,null,"TWOGAUSSIANS",8,195.15459,0.7769733,0.0030542854,0.38482672,0.03696353,0.3244624,0.010031432,0.27329037,0.003120947,0.4,0.0,0.28754112,0.020967776
375316653866487564,5987809727831569536,0.46668983,2081.297815393844,2.6253597109487257,2.6055315E-5,17.54614,0.013290305,0.26560158,0.007443956,0.049511988,0.013170198,0.1299,0.035885002,0.7425192,0.048261248,0.06541825,0.030058675,0.036985278,0.033882875,0.07561554,0.016461512,0.26560158,0.007443956,"TWOGAUSSIANS_WITH_ELLIPSOIDAL_ON_ECLIPSE1",9,25.290419,0.26560158,0.007443956,0.27726713,0.0737531,0.28112373,0.022731656,0.75601923,0.015873898,0.3663422,0.15606871,0.18688226,0.017513772
375316653866487564,5987810380674046464,0.48874465,2109.7270021042596,1.031444131073171,3.613128E-5,17.10528,0.018743277,0.17819564,0.02274278,0.029078135,0.025687717,0.22212628,0.14341588,0.6865717,0.0055233142,0.036832094,0.007268087,0.24629629,0.042439952,0.028392226,0.027765023,0.17819564,0.02274278,"TWOGAUSSIANS_WITH_ELLIPSOIDAL_ON_ECLIPSE1",9,40.621384,0.6865717,0.0055233142,0.20625971,0.04070129,0.30292347,0.022340802,0.17819564,0.02274278,0.16283756,0.1438512,0.2789106,0.1664515
375316653866487564,5987810861710339456,0.45490402,2106.9787360885325,2.2566616751617476,4.6819816E-5,16.506126,0.008925847,0.3011053,0.02410696,0.031288806,0.030618183,0.10535813,0.23153026,0.6805129,0.0039208746,0.017593786,0.012077182,0.39766458,54.9689,0.050567836,0.008830082,0.3011053,0.02410696,"TWOGAUSSIANS_WITH_ELLIPSOIDAL_ON_ECLIPSE1",9,66.007385,0.6810029,0.0037851096,0.098525204,0.06763221,0.45118847,54.980953,0.3011053,0.02410696,0.17521732,0.17146182,0.20649378,0.22669244
375316653866487564,5987811097893959936,0.6186257,2084.344963948821,2.2747104691131064,9.956873E-6,15.770013,0.0040965923,0.28029916,0.0021278663,0.09538831,0.0032154697,0.19739468,0.004864964,0.7748818,0.0014317781,0.08864333,0.0030168428,0.22325735,0.0074441796,null,null,null,null,"TWOGAUSSIANS",8,8.099594,0.7748818,0.0014317781,0.4,0.0,0.21362664,0.008061784,0.28029916,0.0021278663,0.4,0.0,0.1877636,0.00420375
375316653866487564,5987811888169677696,0.58316505,2118.8814906594926,3.0675888539028646,9.036077E-6,18.097443,0.012892821,0.25472644,0.0042176214,0.08374577,0.0041837115,0.47685626,0.020218434,0.75390935,0.0015513458,0.07538551,0.003106449,0.4725532,0.023213947,null,null,null,null,"TWOGAUSSIANS",8,5.6821523,0.25472644,0.0042176214,0.4,0.0,0.4701549,0.019307848,0.75390935,0.0015513458,0.4,0.0,0.46585187,0.022850772
375316653866487564,5987812064301256832,0.60783964,2124.175934387805,1.7557342686637403,6.4977935E-6,17.300627,0.0022640899,0.28591457,8.130092E-4,0.048037928,8.82351E-4,0.34945998,0.007239443,0.7911234,0.009051486,0.04535272,0.0053511877,0.061328504,0.0066360165,null,null,null,null,"TWOGAUSSIANS",8,3.1826286,0.28591457,8.130092E-4,0.2690124,0.0049411654,0.34945986,0.007239419,0.7911234,0.009051486,0.25397524,0.02996665,0.061328374,0.0066359825
375316653866487564,5987812231767080448,0.5550774,2132.2001014517414,3.1074095349792374,1.8608627E-5,18.679571,0.015931707,0.2365023,0.0040879147,0.1083058,0.008529173,0.2769366,0.014479708,0.7234377,0.0041072327,0.09531086,0.007388796,0.26426658,0.015958479,null,null,null,null,"TWOGAUSSIANS",8,1.55702,0.2365023,0.0040879147,0.4,0.0,0.2543297,0.008588608,0.7234377,0.0041072327,0.4,0.0,0.24167399,0.0103463745
375316653866487564,5987812373531665792,0.48140764,2075.4000639672236,3.438404097063123,2.8296763E-5,19.769075,0.41411698,0.31121898,0.0150063895,0.10547461,0.093215846,0.30729422,0.40402234,0.8412274,0.011028459,0.09089073,0.040758476,0.38011742,0.35187015,null,null,null,null,"TWOGAUSSIANS",8,3.0692308,0.8412374,0.009822168,0.4,0.0,0.3624695,0.055852327,0.31121898,0.014805511,0.4,0.0,0.2896309,0.05494424
375316653866487564,5987813129453262848,0.5757296,2124.8603437350253,1.0754933422603474,1.1348117E-5,17.663273,0.021391504,0.27547032,0.009755394,0.04728946,0.0085146995,0.452425,0.06544087,0.7724102,0.0032184424,0.052852385,0.0069799772,0.3867965,0.053698774,0.041293863,0.032014936,0.27547032,0.009755394,"TWOGAUSSIANS_WITH_ELLIPSOIDAL_ON_ECLIPSE1",9,10.279739,0.27547032,0.009755394,0.26482096,0.04768232,0.5350075,0.04022719,0.7725502,0.0030600976,0.29597336,0.039087873,0.46934983,0.050187293
375316653866487564,5987814327711127552,0.4744044,2107.3511581220505,2.6760298978290833,3.254582E-5,18.10243,0.31463465,0.22523497,0.009791788,0.15284432,0.07033182,0.22619812,0.28692582,0.7189153,0.0071417475,0.16102785,0.07062721,0.29087132,0.29995218,null,null,null,null,"TWOGAUSSIANS",8,7.3025703,0.7189153,0.0071417475,0.4,0.0,0.1533905,0.009903444,0.22645497,0.008872257,0.4,0.0,0.09127985,0.0135043515
375316653866487564,5987814396430608256,0.5534649,2115.625714920228,2.0911275055133216,2.2571736E-5,18.577719,0.0033412573,0.21770525,0.0065454333,0.01737017,0.012671008,0.0556804,0.03333663,0.8000732,0.016153902,0.017953794,0.022493007,0.46179062,0.43259606,null,null,null,null,"TWOGAUSSIANS",8,1.2496271,0.8000732,0.016153902,0.10054126,0.12596083,0.46179062,0.43259606,0.21770525,0.0065454333,0.09727295,0.070957646,0.0556804,0.03333663
375316653866487564,5987816702859033728,0.4732655,2130.5381371439717,2.5505806596250205,2.286127E-5,19.529015,0.011973722,null,null,null,null,null,null,null,null,null,null,null,null,0.13726853,0.018820815,0.262265,0.007392849,"ELLIPSOIDAL",4,5.712521,null,null,null,null,null,null,null,null,null,null,null,null
375316653866487564,5987817321299799424,0.49503046,2119.411248269528,3.450054250795859,2.667558E-5,19.702063,0.024009595,0.25410816,0.024467815,0.07108461,0.021861384,0.5396827,0.084228255,0.7507792,0.007230653,0.08516647,0.008701446,0.37518683,0.026779504,null,null,null,null,"TWOGAUSSIANS",8,2.921846,0.25410816,0.024467815,0.3980738,0.1165572,0.5347805,0.08539674,0.7507792,0.007230653,0.4,0.0,0.37028462,0.02382777
375316653866487564,5987819241156891904,0.5528328,2219.47901374997,1.4625939517726483,7.2633056E-6,12.760395,7.056241E-4,0.752735,0.0015764992,0.052557427,0.0034448449,0.03552394,0.0021734023,null,null,null,null,null,null,0.022966625,9.284975E-4,0.752735,0.0015764992,"ONEGAUSSIAN_WITH_ELLIPSOIDAL",6,24.333292,0.752735,0.0015764992,0.2943216,0.01929113,0.08145667,0.0023025866,null,null,null,null,null,null
375316653866487564,5987820757310535936,0.60559875,2206.4952517262013,2.811659802218186,6.920623E-6,16.537588,0.0067189434,0.21861143,0.0017838039,0.05493634,0.0055078906,0.14842677,0.012536707,0.7195412,0.0015496664,0.053252432,0.004038047,0.12886241,0.0140185915,0.04248639,0.0075081694,0.21861143,0.0017838039,"TWOGAUSSIANS_WITH_ELLIPSOIDAL_ON_ECLIPSE1",9,4.657908,0.21861143,0.0017838039,0.3076435,0.030844187,0.23339278,0.007750246,0.7195412,0.0015422488,0.29821363,0.022613062,0.21382552,0.0043664593
375316653866487564,5987821234021623296,0.56537044,2199.8655631674264,0.09875449642421939,8.538512E-6,17.906084,0.0014756526,0.41141203,0.04488013,0.015507769,0.00847257,0.051420253,0.09356249,0.5096524,1.10033216E-4,0.0076273438,1.01999365E-4,0.4417945,0.0040625944,null,null,null,null,"TWOGAUSSIANS",8,2.4191065,0.5096524,1.10033216E-4,0.042713124,5.7119643E-4,0.4417945,0.0040625967,0.41141203,0.04488013,0.086843506,0.047446396,0.051420253,0.09356249
375316653866487564,5987821547548382592,0.56954557,2125.8914178573523,3.015923166651507,8.72426E-6,19.392256,0.009452715,0.22140671,0.002764949,0.07146516,0.0035947792,0.50672925,0.02819228,0.72120225,0.0049656583,0.06755093,0.0072852126,0.6260091,0.04064478,null,null,null,null,"TWOGAUSSIANS",8,2.25884,0.72120225,0.0049656583,0.3782852,0.026631622,0.6242771,0.04183424,0.22140671,0.002764949,0.4,0.013606375,0.5049973,0.02836155
375316653866487564,5987821547584602880,0.6132963,2194.9396455064134,0.8826836990419892,4.681281E-6,16.76533,0.01629683,0.24629675,0.0016114167,0.09297907,0.0052719535,0.32775685,0.012844564,0.76412135,0.0022095959,0.13102154,0.011177746,0.17110473,0.014684699,null,null,null,null,"TWOGAUSSIANS",8,4.4144397,0.24620675,0.001575338,0.4,0.0,0.2982869,0.0066781016,0.76412135,0.002209062,0.4,0.0,0.1413697,0.0052879243
375316653866487564,5987822642770288640,0.55887175,2215.739129551299,2.280872055250036,9.236659E-6,18.046686,0.008624897,0.25164527,0.0028825004,0.086537816,0.0034005898,0.37697127,0.010044817,0.75026053,0.0028915834,0.0792214,0.0046636737,0.21081188,0.008049614,null,null,null,null,"TWOGAUSSIANS",8,4.041669,0.25164527,0.0028825004,0.4,0.0,0.37111062,0.008611746,0.75026053,0.0028915834,0.4,0.0,0.20495127,0.0066654487
375316653866487564,5987823574809205120,0.59289336,2194.4433330180195,2.4719395692502677,7.037839E-6,18.03866,0.00798846,0.2364865,0.001795195,0.053310018,0.0055186595,0.12681341,0.017357238,0.7405257,0.003826053,0.0390468,0.0062577287,0.12372569,0.019616924,0.11241791,0.010217461,0.2364865,0.001795195,"TWOGAUSSIANS_WITH_ELLIPSOIDAL_ON_ECLIPSE1",9,4.7954865,0.2364865,0.001795195,0.2985361,0.030904492,0.3516471,0.0062508998,0.7405257,0.003826053,0.2186621,0.03504328,0.3484146,0.013413698
375316653866487564,5987823643528687360,0.55274636,2208.098785341119,2.626226749458462,1.0359099E-5,15.624624,0.05930453,0.20441726,0.0025026812,0.11957508,0.01911483,0.1880892,0.056725815,0.7003455,0.002910149,0.13404413,0.028172359,0.18404485,0.054887,null,null,null,null,"TWOGAUSSIANS",8,13.123592,0.20449725,0.0024393848,0.4,0.0,0.13696848,0.0036343771,0.7003455,0.002910149,0.4,0.0,0.13263217,0.0076780077
375316653866487564,5987824124565067008,0.60788035,2210.4764584896143,1.4037882434423372,5.9829654E-6,15.370402,0.0051478185,0.23509817,0.0024706626,0.09221434,0.0040615764,0.21899772,0.0051137344,0.7364786,0.0012783945,0.10360163,0.0030748209,0.21110971,0.004971341,null,null,null,null,"TWOGAUSSIANS",8,12.360257,0.23509817,0.0024706626,0.4,0.0,0.2028405,0.0052509746,0.7364786,0.0012783945,0.4,0.0,0.19494899,0.0034390946
375316653866487564,5987824777400057344,0.537497,2179.5128480366925,0.552545450120805,7.3523584E-6,11.747105,7.8329915E-4,0.28126916,0.0010606259,0.021310687,6.015216E-4,0.27063674,0.017134896,0.797421,0.0040616896,0.025779948,0.008007766,0.015246915,0.0021220725,0.005231826,0.0011495074,0.28126916,0.0010606259,"TWOGAUSSIANS_WITH_ELLIPSOIDAL_ON_ECLIPSE1",9,13.986974,0.28126916,0.0010606259,0.11933985,0.0033685206,0.28110036,0.017295422,0.797421,0.0040616896,0.14436771,0.04484349,0.025603145,0.002251834
375316653866487564,5987826456701584640,0.51119757,2226.991476006752,3.6025450131737435,1.0406478E-5,18.512682,0.011901828,0.22344144,0.0031626334,0.08203545,0.0051972577,0.33929637,0.0124035645,0.71833515,0.004045718,0.09037122,0.0066204723,0.2510223,0.012704014,null,null,null,null,"TWOGAUSSIANS",8,5.9236364,0.22344144,0.0031626334,0.4,0.0,0.33139747,0.010551333,0.71833515,0.004045718,0.4,0.0,0.24312328,0.010898352
