Gaia/vari_eclipsing_binary/VariEclipsingBinary_677912-677973.csv
# %ECSV 1.0
# ---
# delimiter: ','
# meta: !!omap
# - RELEASE: Gaia DR3
# - TABLE: vari_eclipsing_binary
# - DESCRIPTION: >
#     This table describes the properties of the eclipsing binaries resulting from the variability analysis. 
# - CITATION: >
#     How to cite and acknowledge Gaia: 
#     https://gea.esac.esa.int/archive/documentation/credits.html 
# - KNOWN_ISSUES: >
#     Known issues: 
#     https://www.cosmos.esa.int/web/gaia-users/known-issues 
# - DOCUMENTATION: >
#     Tutorials and documentation: 
#     https://www.cosmos.esa.int/web/gaia-users/archive 
# datatype:
# - 
#   name: solution_id
#   datatype: int64
#   description: Solution Identifier
#   meta:
#     ucd: meta.version
# - 
#   name: source_id
#   datatype: int64
#   description: Unique source identifier
#   meta:
#     ucd: meta.id;meta.main
# - 
#   name: global_ranking
#   datatype: float32
#   description: Number between 0 (worst) and 1 (best)
#   meta:
#     ucd: stat.param
# - 
#   name: reference_time
#   datatype: float64
#   unit: d
#   description: Reference time used for the geometric model fit
#   meta:
#     ucd: time.epoch
# - 
#   name: frequency
#   datatype: float64
#   unit: d**-1
#   description: Frequency of geometric model of the eclipsing binary light curve
#   meta:
#     ucd: src.orbital
# - 
#   name: frequency_error
#   datatype: float32
#   unit: d**-1
#   description: "Uncertainty of \\texttt{frequency}"
#   meta:
#     ucd: stat.error
# - 
#   name: geom_model_reference_level
#   datatype: float32
#   unit: mag
#   description: Magnitude reference level of geometric model
#   meta:
#     ucd: phot.mag;em.opt
# - 
#   name: geom_model_reference_level_error
#   datatype: float32
#   unit: mag
#   description: "Uncertainty of \\texttt{geomModelReferenceLevel}"
#   meta:
#     ucd: stat.error;phot.mag;em.opt
# - 
#   name: geom_model_gaussian1_phase
#   datatype: float32
#   description: Phase of the Gaussian 1 component
#   meta:
#     ucd: time.phase
# - 
#   name: geom_model_gaussian1_phase_error
#   datatype: float32
#   description: "Uncertainty of \\texttt{geomModelGaussian1Phase}"
#   meta:
#     ucd: stat.error;time.phase
# - 
#   name: geom_model_gaussian1_sigma
#   datatype: float32
#   description: "Standard deviation [phase] of Gaussian 1 component"
#   meta:
#     ucd: stat.stdev
# - 
#   name: geom_model_gaussian1_sigma_error
#   datatype: float32
#   description: "Uncertainty of \\texttt{geomModelGaussian1Sigma}"
#   meta:
#     ucd: stat.error
# - 
#   name: geom_model_gaussian1_depth
#   datatype: float32
#   unit: mag
#   description: Magnitude depth of Gaussian 1 component
#   meta:
#     ucd: src.var.amplitude
# - 
#   name: geom_model_gaussian1_depth_error
#   datatype: float32
#   unit: mag
#   description: "Uncertainty of \\texttt{geomModelGaussian1Depth}"
#   meta:
#     ucd: stat.error;src.var.amplitude
# - 
#   name: geom_model_gaussian2_phase
#   datatype: float32
#   description: Phase of Gaussian 2 component
#   meta:
#     ucd: time.phase
# - 
#   name: geom_model_gaussian2_phase_error
#   datatype: float32
#   description: "Uncertainty of \\texttt{geomModelGaussian2Phase}"
#   meta:
#     ucd: stat.error;time.phase
# - 
#   name: geom_model_gaussian2_sigma
#   datatype: float32
[...]
#   datatype: float32
#   description: "Secondary eclipse: uncertainty of \\texttt{derivedSecondaryEclDuration}"
#   meta:
#     ucd: stat.error;time.duration
# - 
#   name: derived_secondary_ecl_depth
#   datatype: float32
#   unit: mag
#   description: "Secondary eclipse: depth"
#   meta:
#     ucd: src.var.amplitude
# - 
#   name: derived_secondary_ecl_depth_error
#   datatype: float32
#   unit: mag
#   description: "Secondary eclipse: uncertainty of \\texttt{derivedSecondaryEclDepth}"
#   meta:
#     ucd: stat.error;src.var.amplitude
solution_id,source_id,global_ranking,reference_time,frequency,frequency_error,geom_model_reference_level,geom_model_reference_level_error,geom_model_gaussian1_phase,geom_model_gaussian1_phase_error,geom_model_gaussian1_sigma,geom_model_gaussian1_sigma_error,geom_model_gaussian1_depth,geom_model_gaussian1_depth_error,geom_model_gaussian2_phase,geom_model_gaussian2_phase_error,geom_model_gaussian2_sigma,geom_model_gaussian2_sigma_error,geom_model_gaussian2_depth,geom_model_gaussian2_depth_error,geom_model_cosine_half_period_amplitude,geom_model_cosine_half_period_amplitude_error,geom_model_cosine_half_period_phase,geom_model_cosine_half_period_phase_error,model_type,num_model_parameters,reduced_chi2,derived_primary_ecl_phase,derived_primary_ecl_phase_error,derived_primary_ecl_duration,derived_primary_ecl_duration_error,derived_primary_ecl_depth,derived_primary_ecl_depth_error,derived_secondary_ecl_phase,derived_secondary_ecl_phase_error,derived_secondary_ecl_duration,derived_secondary_ecl_duration_error,derived_secondary_ecl_depth,derived_secondary_ecl_depth_error
[from data line 221]
375316653866487564,5963264024072470272,0.5875709,2285.823456798653,0.7350760839096072,1.0464879E-5,14.038413,0.012154446,0.29326293,0.0016365054,0.106360584,0.0053651016,0.22196713,0.010975768,0.7944059,0.0035119203,0.12415237,0.009907124,0.13886085,0.011619051,null,null,null,null,"TWOGAUSSIANS",8,24.702179,0.29326293,0.0016509788,0.4,0.0,0.19010322,0.0035662379,0.7944059,0.0035119203,0.4,0.0,0.10692044,0.005003316
375316653866487564,5963264329004000256,0.5551021,2293.9023010788787,1.024637717986624,1.1136841E-5,17.599327,0.0019907758,0.5594034,0.005633239,0.03581475,0.003609418,0.4092327,0.15584627,0.80532694,0.06473533,0.07755423,0.046148703,0.011414059,0.0037516828,null,null,null,null,"TWOGAUSSIANS",8,2.1397684,0.55941343,0.00559315,0.20056261,0.02021274,0.4093075,0.15590908,0.80532694,0.06473533,0.4,0.04080281,0.011414059,0.0037514828
375316653866487564,5963264913119620736,0.4759326,2267.0233909549825,0.30193279666842204,2.6991065E-5,17.871794,0.002074777,0.14758566,0.0077279764,0.027926508,0.0056718583,0.03729668,0.01612954,0.75079757,0.00838121,0.031756613,0.0042070816,0.12040078,0.011719311,null,null,null,null,"TWOGAUSSIANS",8,2.7601423,0.75079757,0.00838121,0.17783704,0.023559656,0.12040078,0.011719311,0.14758566,0.0077279764,0.15638845,0.031762406,0.03729668,0.01612954
375316653866487564,5963265089212610688,0.5059198,2247.8339523356144,2.3874290113619807,1.6024662E-5,19.662233,0.01134245,0.26570714,0.008020474,0.0789036,0.009018449,0.36765754,0.045436956,0.76658756,0.004196701,0.06459143,0.004714147,0.41851228,0.025225183,null,null,null,null,"TWOGAUSSIANS",8,2.1833637,0.76658756,0.004196701,0.361712,0.026399223,0.41676095,0.025219176,0.26570714,0.008020474,0.4,0.0,0.3659062,0.046230353
375316653866487564,5963266115715594752,0.5845933,2258.497203363397,2.2437604932377515,9.699018E-6,19.116604,0.007545125,0.24982469,0.0020606103,0.07287124,0.002543826,0.4312314,0.017119337,0.7527572,0.0028723897,0.07362844,0.0028054519,0.52064115,0.008717431,null,null,null,null,"TWOGAUSSIANS",8,1.6434766,0.7527572,0.0028723897,0.4,0.0,0.51802534,0.00836887,0.24982469,0.0020606103,0.4,0.0,0.42861563,0.017105011
375316653866487564,5963267112142970112,0.5188069,2282.6582968728912,2.362214218640698,2.8485041E-5,18.36942,0.0044530416,0.25872338,0.0047643636,0.07927672,0.0073376065,0.2146821,0.01790471,0.75189567,0.009068303,0.0721045,0.009772242,0.14784092,0.01809979,null,null,null,null,"TWOGAUSSIANS",8,3.0511975,0.25872338,0.0047643636,0.4,0.0,0.21336168,0.018472312,0.75189567,0.009068303,0.4,0.0357187,0.1465205,0.018521644
375316653866487564,5963267696262985472,0.4978237,2272.881108962995,1.6090219686584066,2.546276E-5,19.140465,0.035958234,0.13659959,0.012257933,0.108226076,0.027903687,0.12942794,0.03475002,0.6214349,0.005504435,0.082810566,0.01505256,0.30045196,0.036684353,null,null,null,null,"TWOGAUSSIANS",8,2.3275282,0.6214349,0.005504435,0.4,0.0,0.29094386,0.034236096,0.13659959,0.012257933,0.4,0.0,0.1199126,0.018437123
375316653866487564,5963273026324110336,0.63601905,2278.724691154804,3.4910440948289785,8.336723E-6,14.167274,0.008512205,0.2614517,0.0024866557,0.052250646,0.0047356025,0.14159216,0.017228121,0.7675303,0.0017428102,0.05429748,0.004597605,0.16706374,0.017953102,0.06160855,0.009347149,0.7675303,0.0017428102,"TWOGAUSSIANS_WITH_ELLIPSOIDAL_ON_ECLIPSE2",9,45.819668,0.7675303,0.0017428102,0.30406588,0.02574659,0.2902758,0.0059568873,0.2624117,0.0020133643,0.2926036,0.026519373,0.26465294,0.0045964136
375316653866487564,5963273266842286208,0.60999495,2266.80832466875,0.22986809034918157,4.3998352E-6,16.358934,0.005004019,0.73897606,6.1988534E-4,0.021139871,9.039999E-4,1.3188283,0.0889236,null,null,null,null,null,null,0.041542284,0.008489119,0.73897606,6.1988534E-4,"ONEGAUSSIAN_WITH_ELLIPSOIDAL",6,38.466785,0.73897606,6.1988534E-4,0.11838328,0.0050623994,1.4019129,0.09180491,null,null,null,null,null,null
375316653866487564,5963274331994341504,0.49680158,2304.2560650015716,0.44520836410748515,1.959856E-5,9.185805,0.021479933,0.21481097,0.004656488,0.12146349,0.026572894,0.07226704,0.02006732,0.7089411,0.0036845293,0.11717453,0.01610394,0.10765834,0.020773906,null,null,null,null,"TWOGAUSSIANS",8,50.40424,0.7089411,0.0036845293,0.4,0.0,0.089230865,0.00358156,0.21485098,0.0046625454,0.4,0.0,0.053833243,0.0039637396
375316653866487564,5963275392840651904,0.59124845,2265.155157335047,2.3638583942336693,1.5216826E-5,18.531376,0.0071865064,0.21003564,0.0033631586,0.08479837,0.0054680496,0.22513077,0.012611712,0.70118177,0.0033819713,0.081633255,0.004328881,0.43234456,0.010308678,null,null,null,null,"TWOGAUSSIANS",8,2.203914,0.70118177,0.0033819713,0.4,0.0,0.42659748,0.009820205,0.21003564,0.0033631586,0.4,0.0,0.21938367,0.012926362
375316653866487564,5963277316985192064,0.5212011,2300.9135693129497,1.1670331862330767,1.347846E-5,18.007603,0.0041283974,0.32088888,9.4440585E-4,0.04129802,0.001986009,0.2877646,0.0163626,null,null,null,null,null,null,null,null,null,null,"ONEGAUSSIAN",5,3.931348,0.32088888,9.4440585E-4,0.23126891,0.011121651,0.2877646,0.0,null,null,null,null,null,null
375316653866487564,5963277974114656640,0.51029265,2264.242203173957,0.33854946862530044,5.242112E-5,18.983753,0.0037522828,0.0805354,0.021782609,0.018377,0.016257197,0.42453656,3268.6094,0.7460562,0.0035576439,0.023331003,0.0021973676,0.46152171,0.05004385,null,null,null,null,"TWOGAUSSIANS",8,2.5575476,0.7460562,0.0035576439,0.13065362,0.012305259,0.46152171,0.05004385,0.0805354,0.021782609,0.102911204,0.091040306,0.42453656,3268.6094
375316653866487564,5963279039267321216,0.4890535,2261.8695617052254,0.0904386204258559,5.54061E-5,19.813616,0.013690884,0.27677768,0.007827993,0.054044068,0.007182559,0.32707757,0.07711287,0.7382598,0.0022448357,0.024234707,0.0023427939,0.6407081,0.02145732,null,null,null,null,"TWOGAUSSIANS",8,5.646634,0.7382598,0.0022448357,0.13571435,0.013119645,0.6407081,0.02145732,0.27677768,0.007827993,0.30264676,0.04022233,0.32707757,0.07711287
375316653866487564,5963280654175055744,0.51463264,2306.152914285523,2.169935256642029,1.703712E-5,19.196196,0.045948677,0.2961149,0.009888552,0.10674437,0.034625016,0.21535765,0.028663246,0.78234357,0.003619975,0.08928372,0.012733649,0.35382682,0.03785166,null,null,null,null,"TWOGAUSSIANS",8,1.6976073,0.78234357,0.003619975,0.4,0.0,0.3366594,0.014567395,0.2961149,0.009895274,0.4,0.0,0.19818164,0.019101225
375316653866487564,5963282574030863872,0.48216948,2260.3045771315583,0.41171276063655315,1.866702E-5,19.820335,0.009656532,0.13031882,0.0066618975,0.029443046,0.005092533,0.565451,0.14478463,0.6875268,0.02980341,0.026817711,0.021060431,1.2018967,1.1074213,null,null,null,null,"TWOGAUSSIANS",8,2.1608458,0.6875268,0.02980341,0.15017918,0.117938414,1.2018967,1.1074213,0.13031882,0.0066618975,0.16488107,0.028518185,0.565451,0.14478463
375316653866487564,5963283845336873344,0.4432231,2279.6576800386865,0.7065899416346649,4.609446E-5,19.226858,0.0080744075,0.35972446,0.009428024,0.020129938,0.011497965,0.15614206,0.11034599,0.87408245,0.0063208016,0.017361656,0.008405097,0.17247371,0.059706073,null,null,null,null,"TWOGAUSSIANS",8,4.2112327,0.87408245,0.0063208016,0.09722528,0.047068544,0.17247371,0.059706073,0.35972446,0.009428024,0.11272765,0.0643886,0.15614206,0.11034599
375316653866487564,5963283845341194496,0.46003574,2273.338448190106,2.0333079479318306,3.4742337E-5,19.470217,0.3008797,0.22929998,0.007713442,0.13314691,0.056810807,0.2333954,0.27802926,0.73506814,0.0074221366,0.14370504,0.070434086,0.2736255,0.29189822,null,null,null,null,"TWOGAUSSIANS",8,2.0188935,0.73519814,0.007538375,0.4,0.0,0.17858042,0.019460909,0.22897997,0.0074711456,0.4,0.0,0.13923943,0.022308987
375316653866487564,5963284708637943040,0.53600574,2294.2051051557496,3.0431786544539627,1.5919637E-5,19.122478,0.014255189,0.15064673,0.0034479757,0.07468968,0.0067936936,0.4197574,0.026829489,0.6472988,0.007040796,0.07262714,0.007615317,0.3665374,0.019018153,null,null,null,null,"TWOGAUSSIANS",8,2.8947136,0.15064673,0.0034479757,0.4,0.0,0.41746712,0.027418783,0.6472988,0.007040796,0.4,0.027238872,0.3642471,0.018407723
375316653866487564,5963285563329052672,0.4936036,2271.0398454613082,0.1579890973677691,3.8670325E-5,18.2261,0.0058108973,0.2779762,0.006310096,0.047901366,0.005521202,0.18462951,0.015476133,0.7882382,0.008784325,0.03780579,0.012832194,0.56430006,0.36225802,null,null,null,null,"TWOGAUSSIANS",8,5.659098,0.7882382,0.008784325,0.2117124,0.07186028,0.56430006,0.36225864,0.2779762,0.006310096,0.26824763,0.03091873,0.1846295,0.015475978
375316653866487564,5963288483907419392,0.48406142,2265.7258444416225,0.22087962294274138,4.3185584E-5,19.903717,0.009121049,0.19862384,0.0055635446,0.03244017,0.00907574,0.2533888,0.09135276,0.51475537,3.9580063E-5,0.0050214627,1.4602658E-4,0.6204615,0.0073721977,null,null,null,null,"TWOGAUSSIANS",8,2.6791277,0.51475537,3.9580063E-5,0.02812019,8.177488E-4,0.6204615,0.0073721977,0.19862384,0.0055635446,0.18166494,0.050824147,0.2533888,0.09135276
375316653866487564,5963290682930588032,0.5431838,2281.031016416536,2.3098016824986347,1.7550046E-5,19.114128,0.021166204,0.23320371,0.003550048,0.100496195,0.009966588,0.33317882,0.021242948,0.72723377,0.0029452231,0.09165984,0.0069817803,0.39067662,0.019116838,null,null,null,null,"TWOGAUSSIANS",8,2.0312042,0.72723377,0.0029452231,0.4,0.0,0.3682871,0.009226014,0.23320371,0.003550048,0.4,0.0,0.31078663,0.021361902
375316653866487564,5963291954234175488,0.5924715,2261.8074160506835,0.6615695937239092,7.665803E-6,18.61191,0.014725896,0.2016346,0.03983283,0.025311204,0.033727925,0.0908122,69683.79,0.7069182,0.0011374073,0.03348355,0.0034444435,1.7208076,0.28344303,0.033736877,0.02420664,0.7069182,0.0011374073,"TWOGAUSSIANS_WITH_ELLIPSOIDAL_ON_ECLIPSE2",9,8.177253,0.7069182,0.0011374073,0.18750788,0.019288883,1.7882813,0.31572655,0.2018246,0.040073726,0.14174274,0.18887638,0.1582143,69683.79
375316653866487564,5963293161122929152,0.43711624,2269.6442141929374,3.2996101281398125,2.5402436E-5,19.978468,0.006339022,null,null,null,null,null,null,null,null,null,null,null,null,0.10940502,0.009466599,0.23365155,0.00624191,"ELLIPSOIDAL",4,2.2321322,null,null,null,null,null,null,null,null,null,null,null,null
375316653866487564,5963293328623750016,0.524615,2268.058352337704,0.31528353068068443,1.0205949E-4,17.885637,0.0068971775,0.3101936,0.016757803,0.026546896,0.00536595,1.5555264,1.009957,0.80263495,0.002891961,0.01171528,0.00847912,0.10934127,0.30497622,0.0169133,0.007985409,0.3101936,0.016757803,"TWOGAUSSIANS_WITH_ELLIPSOIDAL_ON_ECLIPSE1",9,6.9151926,0.3101936,0.016757803,0.14866261,0.03004932,1.589353,1.0040935,0.80266494,0.002894182,0.065605566,0.047483075,0.14309186,0.3050208
375316653866487564,5963298074574843904,0.46431583,2273.083625367802,0.7242780434446048,2.353673E-5,16.513805,0.0065471227,0.26559457,0.0031232599,0.0326385,0.004151869,0.38501823,0.03411475,0.7720878,0.0032270947,0.034434274,0.0032611915,0.4341311,0.014873458,0.019620134,0.009409129,0.26559457,0.0031232599,"TWOGAUSSIANS_WITH_ELLIPSOIDAL_ON_ECLIPSE1",9,39.75987,0.7720878,0.0032270947,0.19283193,0.018262671,0.47330606,0.009954536,0.26559457,0.0031232599,0.1827756,0.023250466,0.4242585,0.03309174
375316653866487564,5963298138986894208,0.6000518,2289.329040744052,0.3231862830691848,3.8085643E-6,18.337173,0.003567433,0.2697698,0.0028889808,0.013660129,0.0026139477,0.70960295,0.26490024,0.7823553,6.907784E-4,0.019311212,4.829016E-4,0.540396,0.017724503,null,null,null,null,"TWOGAUSSIANS",8,4.188985,0.2697698,0.0028889808,0.07649672,0.014638107,0.70960295,0.26490024,0.7823553,6.907784E-4,0.108142786,0.002704249,0.540396,0.017724503
375316653866487564,5963298585663573248,0.5263185,2273.3487458015347,0.42384790187616006,6.6597095E-5,16.691927,0.0021010973,0.39637047,0.014801027,0.020596102,0.011511584,0.09660722,0.9825053,0.8939366,0.02761507,0.023214424,0.014946157,0.100328125,0.048672214,null,null,null,null,"TWOGAUSSIANS",8,3.6231241,0.8939366,0.02761507,0.13000078,0.08369848,0.100328125,0.048672214,0.39637047,0.014801027,0.11533817,0.06446487,0.09660722,0.9825053
375316653866487564,5963298620023268736,0.6061479,2277.701556885472,0.3895973406690931,1.06934785E-5,17.616962,0.0036083583,0.13993287,0.0013237818,0.03083094,0.0021793295,0.098509535,0.0058646165,0.6451679,0.003057976,0.0308732,0.0014997978,0.7331477,0.06689599,null,null,null,null,"TWOGAUSSIANS",8,4.7703876,0.6451679,0.003057976,0.17288992,0.008398868,0.7331477,0.06689599,0.13993287,0.0013237818,0.17265326,0.012204246,0.098509535,0.0058646165
375316653866487564,5963302365236857728,0.5866753,2267.988375927491,0.3955895297852422,7.299349E-6,17.961975,0.002747937,0.24390997,0.009481567,0.027787412,0.019159945,0.33024928,452.24802,0.7404291,0.0025290844,0.027551271,0.001946649,0.37070498,0.011126017,0.016243769,0.0046969056,0.24390997,0.009481567,"TWOGAUSSIANS_WITH_ELLIPSOIDAL_ON_ECLIPSE1",9,3.682454,0.74044913,0.0025103057,0.15428711,0.010901234,0.40317705,0.008895645,0.24390997,0.009481567,0.1556095,0.10729569,0.36273682,452.2487
375316653866487564,5963302438261416960,0.4533769,2260.1415665907725,3.3137240151194503,5.1690626E-5,19.175287,0.47111923,0.28273836,0.011852658,0.11577559,0.050673474,0.3120753,0.26742622,0.7889036,0.010667925,0.2405376,0.22762519,0.34547657,0.4654191,null,null,null,null,"TWOGAUSSIANS",8,2.0759897,0.28122836,0.011909789,0.4,0.0,0.1661691,0.013218485,0.7889836,0.010706869,0.4,0.0,0.11999286,0.014723574
375316653866487564,5963303675211910784,0.53230375,2246.100566078745,2.626673092568785,1.5759719E-5,19.49045,0.0075194794,0.16687316,0.0025313087,0.070764944,0.0033746676,0.42915073,0.029215833,0.66944975,0.0049655014,0.06866063,0.0045330906,0.51737225,0.014943918,null,null,null,null,"TWOGAUSSIANS",8,2.1994812,0.66944975,0.0049655014,0.38449955,0.022361286,0.5159534,0.014802197,0.16687316,0.0025313087,0.39628372,0.017326089,0.42773187,0.02944888
375316653866487564,5963304667339116416,0.46009174,2247.626924476088,2.1862986162612446,3.1809166E-5,18.298801,0.026996791,0.13264786,0.008755046,0.090766415,0.014071417,0.25930318,0.028722627,0.6349827,0.00932377,0.10614348,0.015723268,0.26976344,0.028643753,null,null,null,null,"TWOGAUSSIANS",8,14.087936,0.6349827,0.00932377,0.4,0.0,0.24937163,0.021766162,0.13264786,0.008755046,0.4,0.0,0.2389195,0.019539062
375316653866487564,5963305835576062464,0.48360756,2239.510598847241,2.4558496560558614,2.4116553E-5,19.760654,0.019163234,0.22070783,0.028723685,0.050402325,0.025689246,0.86173964,0.5176066,0.7328676,0.012893315,0.059727713,0.0132151395,0.5321662,0.05475877,null,null,null,null,"TWOGAUSSIANS",8,8.229123,0.22070783,0.028723685,0.28225303,0.11933884,0.8617131,0.51832646,0.7328676,0.012893315,0.3344752,0.070351824,0.5321396,0.054601707
375316653866487564,5963308073258492416,0.4508867,2264.534451147862,0.5166952249974014,3.8173683E-5,18.465055,0.008932015,0.30675596,0.009172777,0.038458854,0.014470899,0.2534617,0.07547448,0.8249758,0.010792342,0.030329127,0.013275115,0.10252895,0.055106286,null,null,null,null,"TWOGAUSSIANS",8,9.678615,0.30675596,0.009172777,0.21536958,0.08103703,0.2534617,0.07547448,0.8249758,0.010792342,0.16984311,0.07434064,0.10252895,0.055106286
375316653866487564,5963308343831369600,0.5066056,2269.3495599954235,0.363349800096347,5.1520365E-5,16.967628,0.0023127492,0.2117162,0.011118062,0.06977139,0.009098978,0.03526117,0.0037990557,0.7151405,0.0046533425,0.040323786,0.003419631,0.10075052,0.004577319,null,null,null,null,"TWOGAUSSIANS",8,3.224646,0.7151405,0.0046533425,0.22581321,0.019149933,0.10074768,0.0045758393,0.2117162,0.011118062,0.39071977,0.045841414,0.03525833,0.0037972762
