Gaia/vari_eclipsing_binary/VariEclipsingBinary_665883-665910.csv
# %ECSV 1.0
# ---
# delimiter: ','
# meta: !!omap
# - RELEASE: Gaia DR3
# - TABLE: vari_eclipsing_binary
# - DESCRIPTION: >
#     This table describes the properties of the eclipsing binaries resulting from the variability analysis. 
# - CITATION: >
#     How to cite and acknowledge Gaia: 
#     https://gea.esac.esa.int/archive/documentation/credits.html 
# - KNOWN_ISSUES: >
#     Known issues: 
#     https://www.cosmos.esa.int/web/gaia-users/known-issues 
# - DOCUMENTATION: >
#     Tutorials and documentation: 
#     https://www.cosmos.esa.int/web/gaia-users/archive 
# datatype:
# - 
#   name: solution_id
#   datatype: int64
#   description: Solution Identifier
#   meta:
#     ucd: meta.version
# - 
#   name: source_id
#   datatype: int64
#   description: Unique source identifier
#   meta:
#     ucd: meta.id;meta.main
# - 
#   name: global_ranking
#   datatype: float32
#   description: Number between 0 (worst) and 1 (best)
#   meta:
#     ucd: stat.param
# - 
#   name: reference_time
#   datatype: float64
#   unit: d
#   description: Reference time used for the geometric model fit
#   meta:
#     ucd: time.epoch
# - 
#   name: frequency
#   datatype: float64
#   unit: d**-1
#   description: Frequency of geometric model of the eclipsing binary light curve
#   meta:
#     ucd: src.orbital
# - 
#   name: frequency_error
#   datatype: float32
#   unit: d**-1
#   description: "Uncertainty of \\texttt{frequency}"
#   meta:
#     ucd: stat.error
# - 
#   name: geom_model_reference_level
#   datatype: float32
#   unit: mag
#   description: Magnitude reference level of geometric model
#   meta:
#     ucd: phot.mag;em.opt
# - 
#   name: geom_model_reference_level_error
#   datatype: float32
#   unit: mag
#   description: "Uncertainty of \\texttt{geomModelReferenceLevel}"
#   meta:
#     ucd: stat.error;phot.mag;em.opt
# - 
#   name: geom_model_gaussian1_phase
#   datatype: float32
#   description: Phase of the Gaussian 1 component
#   meta:
#     ucd: time.phase
# - 
#   name: geom_model_gaussian1_phase_error
#   datatype: float32
#   description: "Uncertainty of \\texttt{geomModelGaussian1Phase}"
#   meta:
#     ucd: stat.error;time.phase
# - 
#   name: geom_model_gaussian1_sigma
#   datatype: float32
#   description: "Standard deviation [phase] of Gaussian 1 component"
#   meta:
#     ucd: stat.stdev
# - 
#   name: geom_model_gaussian1_sigma_error
#   datatype: float32
#   description: "Uncertainty of \\texttt{geomModelGaussian1Sigma}"
#   meta:
#     ucd: stat.error
# - 
#   name: geom_model_gaussian1_depth
#   datatype: float32
#   unit: mag
#   description: Magnitude depth of Gaussian 1 component
#   meta:
#     ucd: src.var.amplitude
# - 
#   name: geom_model_gaussian1_depth_error
#   datatype: float32
#   unit: mag
#   description: "Uncertainty of \\texttt{geomModelGaussian1Depth}"
#   meta:
#     ucd: stat.error;src.var.amplitude
# - 
#   name: geom_model_gaussian2_phase
#   datatype: float32
#   description: Phase of Gaussian 2 component
#   meta:
#     ucd: time.phase
# - 
#   name: geom_model_gaussian2_phase_error
#   datatype: float32
#   description: "Uncertainty of \\texttt{geomModelGaussian2Phase}"
#   meta:
#     ucd: stat.error;time.phase
# - 
#   name: geom_model_gaussian2_sigma
#   datatype: float32
[...]
#   datatype: float32
#   description: "Secondary eclipse: uncertainty of \\texttt{derivedSecondaryEclDuration}"
#   meta:
#     ucd: stat.error;time.duration
# - 
#   name: derived_secondary_ecl_depth
#   datatype: float32
#   unit: mag
#   description: "Secondary eclipse: depth"
#   meta:
#     ucd: src.var.amplitude
# - 
#   name: derived_secondary_ecl_depth_error
#   datatype: float32
#   unit: mag
#   description: "Secondary eclipse: uncertainty of \\texttt{derivedSecondaryEclDepth}"
#   meta:
#     ucd: stat.error;src.var.amplitude
solution_id,source_id,global_ranking,reference_time,frequency,frequency_error,geom_model_reference_level,geom_model_reference_level_error,geom_model_gaussian1_phase,geom_model_gaussian1_phase_error,geom_model_gaussian1_sigma,geom_model_gaussian1_sigma_error,geom_model_gaussian1_depth,geom_model_gaussian1_depth_error,geom_model_gaussian2_phase,geom_model_gaussian2_phase_error,geom_model_gaussian2_sigma,geom_model_gaussian2_sigma_error,geom_model_gaussian2_depth,geom_model_gaussian2_depth_error,geom_model_cosine_half_period_amplitude,geom_model_cosine_half_period_amplitude_error,geom_model_cosine_half_period_phase,geom_model_cosine_half_period_phase_error,model_type,num_model_parameters,reduced_chi2,derived_primary_ecl_phase,derived_primary_ecl_phase_error,derived_primary_ecl_duration,derived_primary_ecl_duration_error,derived_primary_ecl_depth,derived_primary_ecl_depth_error,derived_secondary_ecl_phase,derived_secondary_ecl_phase_error,derived_secondary_ecl_duration,derived_secondary_ecl_duration_error,derived_secondary_ecl_depth,derived_secondary_ecl_depth_error
[from data line 692]
375316653866487564,5857396997236812416,0.5705003,2182.838049076001,2.2936210431916746,1.00713805E-5,18.046587,0.016454827,0.24123527,0.003588741,0.09795697,0.0067566847,0.37380216,0.017827027,0.737489,0.0018424336,0.09400454,0.0040407917,0.40552777,0.01648189,null,null,null,null,"TWOGAUSSIANS",8,4.6450567,0.737489,0.0018424336,0.4,0.0,0.38067538,0.009957896,0.24123527,0.003588741,0.4,0.0,0.3489487,0.014442471
375316653866487564,5857397061683960064,0.49418733,2185.9429667850573,2.9474336783144133,1.6019709E-5,19.138285,0.011774552,0.24689466,0.0061678067,0.08726439,0.008311084,0.26701084,0.015738577,0.73597115,0.005653823,0.080947,0.0056764614,0.27825803,0.021520043,null,null,null,null,"TWOGAUSSIANS",8,4.448231,0.73597115,0.005653823,0.4,0.0,0.2728571,0.020711556,0.24689466,0.0061678067,0.4,0.0,0.26160985,0.014677653
375316653866487564,5857397615752282112,0.48318043,2199.843207270146,1.799852154631677,3.6737143E-5,17.323069,0.01060759,0.33910155,0.0048092445,0.028231505,0.002366479,0.63650405,0.12540388,0.4914092,0.060109332,0.05329064,0.06213817,0.06028126,0.035644863,null,null,null,null,"TWOGAUSSIANS",8,111.56276,0.33917156,0.004806708,0.15809643,0.0132522825,0.6375208,0.10895109,0.4914092,0.060109332,0.29842758,0.20112312,0.060281567,0.035926957
375316653866487564,5857397753191254016,0.6489886,2199.491850375586,1.2259701545686958,2.9622875E-6,15.109707,0.0021860555,0.2797704,7.761572E-4,0.045601305,9.335243E-4,0.24858674,0.005400436,0.78023374,0.0153316865,0.042472094,0.014999989,0.038785882,0.02785571,0.02162639,0.0027407717,0.2797704,7.761572E-4,"TWOGAUSSIANS_WITH_ELLIPSOIDAL_ON_ECLIPSE1",9,8.257731,0.2797704,7.761572E-4,0.2553673,0.0052277357,0.29183933,0.0032972894,0.78023374,0.015198432,0.23784374,0.08399994,0.08203812,0.028934043
375316653866487564,5857397821910722816,0.5252156,2196.7940078653087,0.1278442861847441,3.176441E-5,18.66454,0.0024528815,0.26270932,0.0014252383,0.020725252,0.003434269,0.049256004,0.008469486,0.77452576,0.0048829135,0.025855584,0.0031597319,0.4939955,0.221459,null,null,null,null,"TWOGAUSSIANS",8,2.126557,0.77452576,0.0048829135,0.14479126,0.0176945,0.4939955,0.221459,0.26270932,0.0014252383,0.116061404,0.019231906,0.049256004,0.008469486
375316653866487564,5857398028069177344,0.52293617,2199.3387652111965,0.3696830454242388,1.1813054E-5,16.795073,0.001454433,0.17906797,0.0011864329,0.01875429,0.0010511393,0.1485605,0.005549426,0.79278135,0.0152069265,0.015948832,0.01751671,0.020952122,1.3154102E7,null,null,null,null,"TWOGAUSSIANS",8,4.262961,0.17906797,0.0011864329,0.10502403,0.00588638,0.1485605,0.005549426,0.79278135,0.0152069265,0.08931346,0.09809357,0.020952122,1.3154102E7
375316653866487564,5857399329418100864,0.49007085,2191.2507641976513,2.568622348440449,1.6827513E-5,19.387728,0.013810966,0.27684373,0.016841339,0.059532,0.018583111,0.50758666,0.07846855,0.7720874,0.004529981,0.06651958,0.007520704,0.48708412,0.038983986,null,null,null,null,"TWOGAUSSIANS",8,7.001818,0.27684373,0.016841339,0.3333792,0.07376724,0.5072598,0.0789904,0.7720874,0.004529981,0.37250966,0.04211594,0.48675722,0.03929203
375316653866487564,5857399642938652288,0.4600788,2206.9910614851706,1.8189816082709422,1.7541812E-5,18.524681,0.004505137,0.26815584,0.0230538,0.025110498,0.021301841,0.067613125,0.031150723,0.69035983,0.01580811,0.034372997,0.018855287,0.32892326,0.15313801,null,null,null,null,"TWOGAUSSIANS",8,7.990563,0.69035983,0.01580811,0.19248879,0.10558961,0.32892326,0.15313801,0.26815584,0.0230538,0.14061879,0.11929031,0.067613125,0.031150723
375316653866487564,5857400776810871296,0.5345471,2248.953686686514,2.4824794428853676,2.050235E-5,18.93279,0.04063948,0.21539232,0.01172912,0.078172915,0.017346313,0.32127628,0.071231104,0.68855584,0.0051110103,0.0903447,0.00985748,0.73865765,0.03728589,null,null,null,null,"TWOGAUSSIANS",8,11.784025,0.68855584,0.0051110103,0.4,0.0,0.73115236,0.032958988,0.21539232,0.01172912,0.4,0.024243897,0.31377175,0.07192114
375316653866487564,5857400948647076352,0.4751816,2224.7933835740073,3.223162676444986,2.7228883E-5,17.441254,0.0012831541,0.22890976,3.3327166E-4,0.02757952,0.002732359,0.04842527,0.008627069,0.75020087,0.025585411,0.014776588,0.017848285,0.27891904,0.21395539,null,null,null,null,"TWOGAUSSIANS",8,1.6229944,0.75020087,0.025585411,0.0827489,0.099950396,0.27891904,0.21395539,0.22890976,3.3327166E-4,0.1544453,0.015301211,0.04842527,0.008627069
375316653866487564,5857401322291060352,0.57519263,2207.5125894767248,3.073985336275088,7.2147313E-6,18.696838,0.009610775,0.2695325,0.0024558182,0.044215303,0.00835127,0.2596255,0.050692562,0.7757894,0.0022982606,0.04863919,0.0024117553,0.3908574,0.024347352,0.10993477,0.014142579,0.2695325,0.0024558182,"TWOGAUSSIANS_WITH_ELLIPSOIDAL_ON_ECLIPSE1",9,2.6612976,0.7757894,0.0022982606,0.27237946,0.0135058295,0.6103869,0.011878826,0.2695325,0.0024558182,0.2476057,0.046767112,0.47949463,0.060242888
375316653866487564,5857401464043395584,0.5374499,2250.4936744202882,2.2630418627621416,7.208539E-6,15.936859,0.046522807,0.23231035,0.0019499006,0.15852956,0.009740853,0.5357743,0.03668356,0.7341581,0.0030334739,0.24079597,0.02636745,0.60487515,0.049976286,null,null,null,null,"TWOGAUSSIANS",8,10.922265,0.23120035,0.001428567,0.4,0.0,0.16678111,0.0036158625,0.7347881,0.0036529764,0.4,0.0,0.103395745,0.004963179
375316653866487564,5857401631501173760,0.5583201,2254.784520916462,2.798749092813992,8.807444E-6,17.876347,0.01081457,0.17481343,0.003025145,0.098776154,0.005645936,0.25607362,0.010528682,0.66952974,0.0036534574,0.09425638,0.0057268506,0.25941294,0.011792886,null,null,null,null,"TWOGAUSSIANS",8,3.2081554,0.66952974,0.0036534574,0.4,0.0,0.24265945,0.008648786,0.17481343,0.003025145,0.4,0.0,0.23931909,0.0060786433
375316653866487564,5857401635804326272,0.4592826,2208.4325426119117,0.6455407451071618,3.8633652E-6,19.519705,0.004723447,0.5629712,0.008681522,0.048155334,0.0067149573,0.055696152,0.0055176634,0.9220367,2.82674E-5,0.006259398,6.91155E-5,1.3031858,0.010516304,null,null,null,null,"TWOGAUSSIANS",8,1.9358884,0.9220367,2.82674E-5,0.03505263,3.870468E-4,1.3031858,0.010516304,0.5629712,0.008681522,0.26966986,0.03760376,0.055696152,0.0055176634
375316653866487564,5857401700220492032,0.5570569,2218.9921422648836,3.157324594085277,1.9653096E-5,18.609627,0.015033668,0.21681924,0.0035223213,0.056592055,0.0073939003,0.26744992,0.040236086,0.72095066,0.0063629583,0.039656736,0.009267339,0.18559115,0.046654936,0.10521012,0.017811041,0.21681924,0.0035223213,"TWOGAUSSIANS_WITH_ELLIPSOIDAL_ON_ECLIPSE1",9,4.3629284,0.21681924,0.0035223213,0.3169155,0.04140584,0.4778543,0.03187898,0.72095066,0.0063629583,0.22207771,0.051897094,0.3958538,0.043366045
375316653866487564,5857401738921315200,0.4342353,2238.0954018678513,3.005455462960598,1.2501088E-5,19.604525,0.013732283,0.24009867,0.004435835,0.0677251,0.0041075,0.461078,0.02411265,0.7345017,0.007391091,0.080507405,0.010392007,0.41524637,0.068961166,null,null,null,null,"TWOGAUSSIANS",8,2.9281468,0.24009867,0.004435835,0.37926057,0.023002,0.45849654,0.023730773,0.7345017,0.007391091,0.4,0.0,0.4126649,0.07073929
375316653866487564,5857402043817566720,0.53794634,2199.311468865888,0.6651832267203455,4.9142664E-6,16.804344,0.0022525114,0.37187818,0.0014226814,0.034038026,0.0016601781,0.2589289,0.014077152,0.8812414,0.019261047,0.025850886,0.0135345785,0.07819939,1.7352065,null,null,null,null,"TWOGAUSSIANS",8,7.3689694,0.37187818,0.0014226814,0.19061294,0.0092969965,0.2589289,0.014077152,0.8812414,0.019261047,0.14476496,0.07579364,0.07819939,1.7352065
375316653866487564,5857402215616272512,0.4985799,2174.063216270943,2.3226381657335144,1.9751404E-5,17.122854,0.022777952,0.23588976,0.008414728,0.0950641,0.017545821,0.18889509,0.021719437,0.7158729,0.005100293,0.104941666,0.012334221,0.25353184,0.018737923,null,null,null,null,"TWOGAUSSIANS",8,19.237238,0.7158729,0.005100293,0.4,0.0,0.23855287,0.013694802,0.23589976,0.008439989,0.4,0.0,0.17392395,0.0097780395
375316653866487564,5857402529156660352,0.50568056,2188.911630457102,2.5567357030387914,2.648783E-5,19.694496,0.14441575,0.25084585,0.012098852,0.11836918,0.0271427,0.48495606,0.13122766,0.7778738,0.0066774753,0.13072929,0.023421463,0.5167609,0.1408428,null,null,null,null,"TWOGAUSSIANS",8,2.2324085,0.7780338,0.0064578606,0.4,0.0,0.41013703,0.028309299,0.25037587,0.011694122,0.4,0.0,0.37904164,0.03203424
375316653866487564,5857402872754246528,0.47734866,2199.7987566995203,3.351451787778989,2.4251998E-5,19.424355,0.0134896925,0.23486154,0.0047846823,0.07343961,0.0072897156,0.2195171,0.014175139,0.73669255,0.0069718133,0.07177448,0.009634766,0.19760522,0.01620752,null,null,null,null,"TWOGAUSSIANS",8,2.428039,0.23486154,0.0047846823,0.4,0.013724639,0.218454,0.013403844,0.73669255,0.0069718133,0.4,0.033571403,0.19654211,0.01579685
375316653866487564,5857403285109272320,0.5499445,2206.7473185327635,0.02159927855093015,9.630288E-6,15.159137,0.004120202,0.2506175,0.0026965258,0.064251475,0.0024201341,0.19537708,0.0052053803,0.7434386,0.001638993,0.06783285,0.002776556,0.16214597,0.004933019,null,null,null,null,"TWOGAUSSIANS",8,39.325058,0.2506175,0.0026965258,0.35980827,0.013552751,0.19515406,0.0051273806,0.7434386,0.001638993,0.37986395,0.0155487135,0.16192295,0.004862633
375316653866487564,5857403383875447680,0.5068407,2159.793324725807,1.633197193080233,1.4695314E-5,19.038862,0.0057682632,0.24420647,0.0046928353,0.08000507,0.0074022203,0.19138457,0.020676518,0.73906106,0.0055793608,0.07981936,0.005927663,0.19463314,0.012790892,null,null,null,null,"TWOGAUSSIANS",8,1.7362654,0.73906106,0.0055793608,0.4,0.0,0.19201842,0.012877619,0.24420647,0.0046928353,0.4,0.0,0.18876985,0.021398114
375316653866487564,5857403663028311040,0.43808284,2217.420952313202,0.3617661505170036,2.7535592E-5,19.71182,0.034589186,0.17700672,0.012999255,0.06202879,0.018850252,0.24113314,0.038729183,0.69985574,0.015016105,0.12409701,0.020191183,0.3434978,0.05502974,null,null,null,null,"TWOGAUSSIANS",8,4.567155,0.69985574,0.015016105,0.4,0.0,0.3323589,0.050500896,0.17692672,0.012992824,0.34736124,0.10556141,0.23025408,0.032235306
375316653866487564,5857403903584656256,0.4368064,2193.758695105328,0.7716944783801498,5.102478E-5,18.347986,0.0040141,0.3525006,0.04565457,0.055163264,0.019680537,0.020325165,0.008190317,0.58681905,0.0055896407,0.049513612,0.005171726,0.15614052,0.027843552,null,null,null,null,"TWOGAUSSIANS",8,4.110376,0.58681905,0.0055896407,0.27727622,0.028961666,0.15614296,0.027845899,0.3525306,0.045707848,0.30891427,0.11021101,0.020327307,0.008190864
375316653866487564,5857404247182045184,0.45231363,2217.870036154342,2.8177344853584203,1.9677682E-5,19.418154,0.093894206,0.2648897,0.012163046,0.10121337,0.0505363,0.2559016,0.064306654,0.7767588,0.007999224,0.103847206,0.032638073,0.2600365,0.08803094,null,null,null,null,"TWOGAUSSIANS",8,3.5203438,0.7767588,0.0078967335,0.4,0.0,0.23715359,0.022731572,0.2648897,0.012249151,0.4,0.0,0.23302123,0.043271862
375316653866487564,5857404758264750336,0.59726655,2236.792408582295,2.871124026227027,7.21986E-6,18.845682,0.020055752,0.25622827,0.002084954,0.04835986,0.0056993426,0.3615792,0.04071159,0.7535562,0.0048308326,0.04929344,0.009340698,0.5192307,0.038532134,0.1169415,0.023090228,0.25622827,0.002084954,"TWOGAUSSIANS_WITH_ELLIPSOIDAL_ON_ECLIPSE1",9,4.0495505,0.7537662,0.0044738296,0.27604327,0.05230791,0.753051,0.029278668,0.25622827,0.002084954,0.27081522,0.031916317,0.5954602,0.015746433
375316653866487564,5857404865619875584,0.575201,2206.439480829548,2.487702097799488,8.848584E-6,18.37774,0.038262844,0.28414303,0.003098443,0.086497135,0.009343787,0.39991513,0.037370518,0.78346455,0.003229774,0.09319932,0.0117811095,0.36634257,0.037621785,null,null,null,null,"TWOGAUSSIANS",8,5.5478277,0.28414303,0.003098443,0.4,0.0,0.38417622,0.026498124,0.78346455,0.003229774,0.4,0.0,0.35060328,0.023306249
375316653866487564,5857404930036062848,0.44790018,2225.4933475889934,2.307667509116834,3.571983E-5,18.305126,0.004385097,null,null,null,null,null,null,null,null,null,null,null,null,0.061095145,0.006202789,0.20032854,0.008217621,"ELLIPSOIDAL",4,8.7202425,null,null,null,null,null,null,null,null,null,null,null,null
375316653866487564,5857405071815955584,0.5222171,2248.8710627585933,1.972379263099115,1.930963E-5,16.2901,0.0053558326,0.24692166,0.0032107385,0.09393668,0.007537857,0.06369639,0.005197347,0.75104576,0.0055494397,0.10669206,0.01167386,0.07018882,0.0053173476,null,null,null,null,"TWOGAUSSIANS",8,3.7609477,0.75104576,0.0055494397,0.4,0.0,0.06449173,0.0032836,0.24692166,0.0032101248,0.4,0.0,0.05800163,0.002611274
375316653866487564,5857406033850549120,0.517838,2239.457507118976,3.493319964131832,1.0377122E-5,19.587996,0.01896047,0.27251807,0.0035002953,0.08385346,0.006844121,0.39705455,0.022812089,0.773348,0.0038709221,0.08723392,0.005368711,0.5280434,0.024618564,null,null,null,null,"TWOGAUSSIANS",8,2.2769122,0.773348,0.0038709221,0.4,0.0,0.5154037,0.02310722,0.27251807,0.0035002953,0.4,0.0,0.38441494,0.022673083
375316653866487564,5857406686723941760,0.61386925,2181.1667581939096,2.513222168683434,3.8877756E-6,17.639229,0.009923502,0.23455705,0.001233639,0.051291537,0.004235729,0.19844243,0.022331404,0.7331702,0.0037292626,0.056581195,0.0063745673,0.19029632,0.020694131,0.11759321,0.012157644,0.23455705,0.001233639,"TWOGAUSSIANS_WITH_ELLIPSOIDAL_ON_ECLIPSE1",9,4.058858,0.23455705,0.001233639,0.2872326,0.023720082,0.4336162,0.0092255,0.7335002,0.002837982,0.3168547,0.035697576,0.42545646,0.012235684
375316653866487564,5857407408287736704,0.4975009,2188.720289054543,3.8814647339860646,2.36731E-5,19.674677,0.03944184,0.18889254,0.005067406,0.08729239,0.011272866,0.352591,0.036962103,0.6991981,0.006088408,0.109482825,0.01856135,0.36219937,0.028174201,null,null,null,null,"TWOGAUSSIANS",8,1.664753,0.6991981,0.006088408,0.4,0.0,0.3375811,0.022964621,0.18888254,0.0050744363,0.4,0.0,0.32799602,0.01793355
375316653866487564,5857407614400441472,0.48085237,2164.367712216915,2.927693273153818,8.4696134E-5,18.22421,0.0053983405,0.53604645,0.032190625,0.064051405,0.031579047,0.045876924,0.016515229,0.88658595,0.0153933475,0.021844853,0.0133588165,0.5762963,942.18353,null,null,null,null,"TWOGAUSSIANS",8,6.6526537,0.88658595,0.0153933475,0.12233117,0.07480937,0.5762963,942.18353,0.53604645,0.032190625,0.35868788,0.17684266,0.045876924,0.016515229
375316653866487564,5857407889314864896,0.5415941,2192.667783941419,2.671889814881196,7.2049347E-6,18.091385,0.004310499,0.28615406,0.0021658775,0.032989305,0.0108202575,0.08563041,0.044638038,0.77752876,0.0074829953,0.033654906,0.016903313,0.09527549,0.03928811,0.12531032,0.007858466,0.28615406,0.0021658775,"TWOGAUSSIANS_WITH_ELLIPSOIDAL_ON_ECLIPSE1",9,5.5777507,0.7791687,0.006419364,0.18846747,0.094658546,0.34530047,0.043771476,0.28615406,0.0021658775,0.18474011,0.06059344,0.3362509,0.047183722
375316653866487564,5857408164192800128,0.6831069,2213.6459181675777,3.5811772769768457,3.2212813E-6,17.731598,0.00727461,0.25132036,5.3393224E-4,0.046872847,0.0013232133,0.56276804,0.015306781,0.74818754,0.0034969554,0.0445493,0.0039258567,0.48460647,0.027463317,0.14005587,0.008530894,0.25132036,5.3393224E-4,"TWOGAUSSIANS_WITH_ELLIPSOIDAL_ON_ECLIPSE1",9,3.389505,0.25132036,5.3393224E-4,0.26248795,0.007409995,0.84287894,0.006707336,0.74844754,0.0031737848,0.24947609,0.021984797,0.76461786,0.023104813
375316653866487564,5857408267272028544,0.48814267,2179.9512866672726,0.8274615691627402,6.484169E-5,18.313465,0.0020914746,0.51274186,0.030062605,0.04655288,0.029993564,0.01143507,0.0062853545,0.73837614,5.015373E-4,0.027066443,0.0010368254,0.3264547,0.010923637,null,null,null,null,"TWOGAUSSIANS",8,1.6696777,0.73837614,5.015373E-4,0.15157208,0.0058062216,0.3264548,0.010924119,0.51274186,0.030062605,0.26069614,0.16796397,0.01143507,0.0062853545
