Gaia/vari_eclipsing_binary/VariEclipsingBinary_614454-614516.csv
# %ECSV 1.0
# ---
# delimiter: ','
# meta: !!omap
# - RELEASE: Gaia DR3
# - TABLE: vari_eclipsing_binary
# - DESCRIPTION: >
#     This table describes the properties of the eclipsing binaries resulting from the variability analysis. 
# - CITATION: >
#     How to cite and acknowledge Gaia: 
#     https://gea.esac.esa.int/archive/documentation/credits.html 
# - KNOWN_ISSUES: >
#     Known issues: 
#     https://www.cosmos.esa.int/web/gaia-users/known-issues 
# - DOCUMENTATION: >
#     Tutorials and documentation: 
#     https://www.cosmos.esa.int/web/gaia-users/archive 
# datatype:
# - 
#   name: solution_id
#   datatype: int64
#   description: Solution Identifier
#   meta:
#     ucd: meta.version
# - 
#   name: source_id
#   datatype: int64
#   description: Unique source identifier
#   meta:
#     ucd: meta.id;meta.main
# - 
#   name: global_ranking
#   datatype: float32
#   description: Number between 0 (worst) and 1 (best)
#   meta:
#     ucd: stat.param
# - 
#   name: reference_time
#   datatype: float64
#   unit: d
#   description: Reference time used for the geometric model fit
#   meta:
#     ucd: time.epoch
# - 
#   name: frequency
#   datatype: float64
#   unit: d**-1
#   description: Frequency of geometric model of the eclipsing binary light curve
#   meta:
#     ucd: src.orbital
# - 
#   name: frequency_error
#   datatype: float32
#   unit: d**-1
#   description: "Uncertainty of \\texttt{frequency}"
#   meta:
#     ucd: stat.error
# - 
#   name: geom_model_reference_level
#   datatype: float32
#   unit: mag
#   description: Magnitude reference level of geometric model
#   meta:
#     ucd: phot.mag;em.opt
# - 
#   name: geom_model_reference_level_error
#   datatype: float32
#   unit: mag
#   description: "Uncertainty of \\texttt{geomModelReferenceLevel}"
#   meta:
#     ucd: stat.error;phot.mag;em.opt
# - 
#   name: geom_model_gaussian1_phase
#   datatype: float32
#   description: Phase of the Gaussian 1 component
#   meta:
#     ucd: time.phase
# - 
#   name: geom_model_gaussian1_phase_error
#   datatype: float32
#   description: "Uncertainty of \\texttt{geomModelGaussian1Phase}"
#   meta:
#     ucd: stat.error;time.phase
# - 
#   name: geom_model_gaussian1_sigma
#   datatype: float32
#   description: "Standard deviation [phase] of Gaussian 1 component"
#   meta:
#     ucd: stat.stdev
# - 
#   name: geom_model_gaussian1_sigma_error
#   datatype: float32
#   description: "Uncertainty of \\texttt{geomModelGaussian1Sigma}"
#   meta:
#     ucd: stat.error
# - 
#   name: geom_model_gaussian1_depth
#   datatype: float32
#   unit: mag
#   description: Magnitude depth of Gaussian 1 component
#   meta:
#     ucd: src.var.amplitude
# - 
#   name: geom_model_gaussian1_depth_error
#   datatype: float32
#   unit: mag
#   description: "Uncertainty of \\texttt{geomModelGaussian1Depth}"
#   meta:
#     ucd: stat.error;src.var.amplitude
# - 
#   name: geom_model_gaussian2_phase
#   datatype: float32
#   description: Phase of Gaussian 2 component
#   meta:
#     ucd: time.phase
# - 
#   name: geom_model_gaussian2_phase_error
#   datatype: float32
#   description: "Uncertainty of \\texttt{geomModelGaussian2Phase}"
#   meta:
#     ucd: stat.error;time.phase
# - 
#   name: geom_model_gaussian2_sigma
#   datatype: float32
[...]
#   datatype: float32
#   description: "Secondary eclipse: uncertainty of \\texttt{derivedSecondaryEclDuration}"
#   meta:
#     ucd: stat.error;time.duration
# - 
#   name: derived_secondary_ecl_depth
#   datatype: float32
#   unit: mag
#   description: "Secondary eclipse: depth"
#   meta:
#     ucd: src.var.amplitude
# - 
#   name: derived_secondary_ecl_depth_error
#   datatype: float32
#   unit: mag
#   description: "Secondary eclipse: uncertainty of \\texttt{derivedSecondaryEclDepth}"
#   meta:
#     ucd: stat.error;src.var.amplitude
solution_id,source_id,global_ranking,reference_time,frequency,frequency_error,geom_model_reference_level,geom_model_reference_level_error,geom_model_gaussian1_phase,geom_model_gaussian1_phase_error,geom_model_gaussian1_sigma,geom_model_gaussian1_sigma_error,geom_model_gaussian1_depth,geom_model_gaussian1_depth_error,geom_model_gaussian2_phase,geom_model_gaussian2_phase_error,geom_model_gaussian2_sigma,geom_model_gaussian2_sigma_error,geom_model_gaussian2_depth,geom_model_gaussian2_depth_error,geom_model_cosine_half_period_amplitude,geom_model_cosine_half_period_amplitude_error,geom_model_cosine_half_period_phase,geom_model_cosine_half_period_phase_error,model_type,num_model_parameters,reduced_chi2,derived_primary_ecl_phase,derived_primary_ecl_phase_error,derived_primary_ecl_duration,derived_primary_ecl_duration_error,derived_primary_ecl_depth,derived_primary_ecl_depth_error,derived_secondary_ecl_phase,derived_secondary_ecl_phase_error,derived_secondary_ecl_duration,derived_secondary_ecl_duration_error,derived_secondary_ecl_depth,derived_secondary_ecl_depth_error
[from data line 829]
375316653866487564,5405337155169326848,0.5060206,2111.5670048859283,3.3874116118810575,1.0687272E-5,19.292908,0.030984364,0.2953413,0.00577769,0.102122225,0.015649833,0.3133845,0.027550073,0.81181884,0.004192002,0.09360137,0.01153274,0.31214046,0.027564129,null,null,null,null,"TWOGAUSSIANS",8,2.4206421,0.2953413,0.00577769,0.4,0.0,0.29416433,0.023195134,0.81181884,0.004184687,0.4,0.0,0.29292485,0.01689078
375316653866487564,5405337395687513728,0.59940755,2145.1967469484066,0.8818255357486884,1.0718108E-5,15.9104805,5.857763E-4,0.51283866,0.0022683372,0.029268801,0.0027066718,0.21221462,0.015192655,null,null,null,null,null,null,null,null,null,null,"ONEGAUSSIAN",5,2.6196995,0.51283866,0.0022683372,0.1639053,0.0151573615,0.21221462,0.0,null,null,null,null,null,null
375316653866487564,5405337563176834432,0.51138574,2124.3082109065945,0.23618940724769583,3.4790394E-6,18.031578,0.020526897,0.15372683,3.1496973E-5,0.0080818515,1.3439485E-4,0.45390737,0.010348821,0.8419569,0.15904513,0.062558174,0.29633614,0.017174704,0.010081385,null,null,null,null,"TWOGAUSSIANS",8,3.9526086,0.15372683,3.1496973E-5,0.04525837,7.526112E-4,0.45390743,0.012791921,0.8419569,0.15904513,0.35032576,0.17972894,0.017174704,0.003352878
375316653866487564,5405338731406663296,0.5387833,2133.9759369035787,2.9264457251106317,7.104229E-6,18.230925,0.0074712075,0.25829074,0.003238751,0.085993156,0.0040535913,0.23323654,0.007807721,0.76150423,0.0027195723,0.089853786,0.0058742324,0.21806923,0.008045475,null,null,null,null,"TWOGAUSSIANS",8,2.516225,0.25829074,0.003238751,0.4,0.0,0.22572939,0.0059484867,0.76150423,0.0027195723,0.4,0.0,0.21056204,0.008011204
375316653866487564,5405338765766426368,0.4393573,2142.6892260826853,3.4357846965264187,3.660563E-5,18.756767,0.016552849,0.24945082,0.015976503,0.0780712,0.023355415,0.13354407,0.021977054,0.7414084,0.010502596,0.083612345,0.0112451045,0.21294713,0.023462614,null,null,null,null,"TWOGAUSSIANS",8,11.994954,0.7414084,0.010502596,0.4,0.0,0.21051356,0.021662373,0.24945082,0.015976503,0.4,0.050094467,0.1311105,0.021935197
375316653866487564,5405338838796540288,0.5658077,2124.0870557911608,3.0312500755132645,7.585775E-6,18.1824,0.004527531,0.2859384,0.0033232674,0.072660044,0.002761619,0.29317614,0.008132372,0.7863096,0.0032580195,0.08291895,0.005113532,0.29270825,0.011336683,null,null,null,null,"TWOGAUSSIANS",8,2.5355184,0.2859384,0.0033232674,0.4,0.0012300988,0.28986022,0.0076180464,0.7863096,0.0032580195,0.4,0.0,0.28939232,0.011931898
375316653866487564,5405338937564917888,0.5092526,2121.8418950367077,3.5563072552665203,1.1065745E-5,17.587414,0.019402267,0.27871463,0.002070784,0.112877645,0.012544042,0.16937754,0.017032621,0.774048,0.004460101,0.0999041,0.0121745635,0.19674803,0.017551757,null,null,null,null,"TWOGAUSSIANS",8,7.2182903,0.774048,0.004460101,0.4,0.0,0.17502648,0.012154109,0.27871463,0.002070784,0.4,0.0,0.14763856,0.008344934
375316653866487564,5405339349881923840,0.48631203,2151.1405381663058,3.4845070896226287,1.4716678E-5,18.139872,0.0071547995,0.25416842,0.010779971,0.07013297,0.016128218,0.17366676,0.020859431,0.75396436,0.005119882,0.048414722,0.0055844476,0.22566767,0.01517118,null,null,null,null,"TWOGAUSSIANS",8,11.733123,0.75396436,0.005119882,0.27112246,0.031272907,0.22561608,0.01516562,0.25416842,0.010779971,0.39274466,0.051835414,0.17361516,0.020973522
375316653866487564,5405339869588587392,0.5301437,2120.937130298601,0.2735604951110627,9.938072E-7,16.861406,0.0011944722,0.3684396,0.009024059,0.013730777,0.018274205,0.009935015,0.0084463395,0.7106302,2.9585564E-7,0.003952137,1.5649914E-5,3.3038461,0.052685287,null,null,null,null,"TWOGAUSSIANS",8,3.2040062,0.7106302,2.9585564E-7,0.022131968,8.763952E-5,3.3038461,0.052685287,0.3684396,0.009024059,0.07689235,0.10233555,0.009935015,0.0084463395
375316653866487564,5405341381405348224,0.5124971,2157.850609405418,4.185444933050141,2.3418264E-5,19.911863,0.015266627,0.25024164,0.004018037,0.0657564,0.004249655,0.5228657,0.032853793,0.7544215,0.01071844,0.07097638,0.013732125,0.44824725,0.109853044,null,null,null,null,"TWOGAUSSIANS",8,3.0623372,0.25024164,0.004018037,0.36823586,0.023798069,0.52178955,0.032582387,0.7544215,0.01071844,0.39746773,0.024364047,0.4471711,0.11141299
375316653866487564,5405341755062780928,0.5764853,2155.3367452026014,2.495248334813441,4.3230266E-6,18.287651,0.012242719,0.22025,0.0022827785,0.080158144,0.0044852435,0.45898914,0.016872652,0.71911246,0.0017479055,0.086681336,0.003946394,0.41076696,0.022692595,null,null,null,null,"TWOGAUSSIANS",8,5.1713986,0.22025,0.0022827785,0.4,0.0,0.44948095,0.01684108,0.71911246,0.0017479055,0.4,0.0,0.4012587,0.022568388
375316653866487564,5405342270458850944,0.5417598,2132.964451990272,1.2974488237463153,3.7000082E-6,17.702652,0.0050709853,0.32726213,0.024318093,0.015271393,0.0107079735,0.03789026,0.012903944,0.60935974,0.0011021821,0.033503976,0.0013528361,0.35935217,0.010845788,null,null,null,null,"TWOGAUSSIANS",8,11.084967,0.60935974,0.0011021821,0.18762226,0.0075758826,0.35935217,0.010845788,0.32726213,0.024318093,0.0855198,0.05996465,0.03789026,0.012903944
375316653866487564,5405343511709278976,0.5522654,2179.026385853682,2.5545978219537466,6.1965366E-6,18.118795,0.006745671,0.24985704,0.003377672,0.08883642,0.004766851,0.2070178,0.007724284,0.73925936,0.003203604,0.08720754,0.0056244396,0.1908629,0.008807682,null,null,null,null,"TWOGAUSSIANS",8,2.0456712,0.24985704,0.003377672,0.4,0.0,0.20109126,0.0064231195,0.73925936,0.003203604,0.4,0.0,0.1849364,0.0084008975
375316653866487564,5405344916158860928,0.5449727,2166.6899152574506,1.2543914835234597,1.7040013E-5,18.481089,0.0050079427,0.60264504,0.0010382988,0.039388325,0.002126959,0.4360273,0.007779047,0.84552914,0.04710635,0.040484644,0.05586928,0.017625637,25182.242,null,null,null,null,"TWOGAUSSIANS",8,4.8099785,0.60264504,0.0010382988,0.22057463,0.01191097,0.4360273,0.0077793035,0.84552914,0.04710635,0.226714,0.31286797,0.01762564,25182.242
375316653866487564,5405344950518624128,0.5414521,2178.8862497507907,2.8563090228085373,9.999423E-6,18.81577,0.0040350426,0.2693636,0.0029018493,0.076490104,0.0032995485,0.22607917,0.008434541,0.76773226,0.0023250217,0.076244384,0.0029706284,0.20114094,0.004745189,null,null,null,null,"TWOGAUSSIANS",8,1.106064,0.2693636,0.0029018493,0.4,0.0,0.22414015,0.008474142,0.76773226,0.0023250217,0.4,0.0,0.19920193,0.0044456637
375316653866487564,5405345607653210880,0.5187498,2118.0808237878587,4.050823326196766,5.517478E-6,19.276772,0.018151045,0.19678442,0.0021761777,0.07386735,0.004440446,0.4992496,0.019673461,0.694214,0.003201362,0.073386274,0.0061150943,0.48040006,0.03371944,null,null,null,null,"TWOGAUSSIANS",8,2.6144419,0.19678442,0.0021761777,0.4,0.0,0.49635446,0.019096617,0.694214,0.003201362,0.4,0.007141954,0.47750488,0.03428231
375316653866487564,5405348077261357440,0.5184819,2117.5651899096415,0.20716797632346468,1.3509895E-5,16.909338,0.0010948657,0.29959622,0.016824389,0.023350047,0.0096796695,0.14025357,0.03507932,0.79490536,0.001278465,0.014964425,0.0015014166,0.079528876,0.005760289,null,null,null,null,"TWOGAUSSIANS",8,2.5399354,0.29959622,0.016824389,0.13076027,0.05420615,0.14025357,0.03507932,0.79490536,0.001278465,0.08380078,0.008407933,0.079528876,0.005760289
