Gaia/vari_eclipsing_binary/VariEclipsingBinary_672585-672645.csv
# %ECSV 1.0
# ---
# delimiter: ','
# meta: !!omap
# - RELEASE: Gaia DR3
# - TABLE: vari_eclipsing_binary
# - DESCRIPTION: >
#     This table describes the properties of the eclipsing binaries resulting from the variability analysis. 
# - CITATION: >
#     How to cite and acknowledge Gaia: 
#     https://gea.esac.esa.int/archive/documentation/credits.html 
# - KNOWN_ISSUES: >
#     Known issues: 
#     https://www.cosmos.esa.int/web/gaia-users/known-issues 
# - DOCUMENTATION: >
#     Tutorials and documentation: 
#     https://www.cosmos.esa.int/web/gaia-users/archive 
# datatype:
# - 
#   name: solution_id
#   datatype: int64
#   description: Solution Identifier
#   meta:
#     ucd: meta.version
# - 
#   name: source_id
#   datatype: int64
#   description: Unique source identifier
#   meta:
#     ucd: meta.id;meta.main
# - 
#   name: global_ranking
#   datatype: float32
#   description: Number between 0 (worst) and 1 (best)
#   meta:
#     ucd: stat.param
# - 
#   name: reference_time
#   datatype: float64
#   unit: d
#   description: Reference time used for the geometric model fit
#   meta:
#     ucd: time.epoch
# - 
#   name: frequency
#   datatype: float64
#   unit: d**-1
#   description: Frequency of geometric model of the eclipsing binary light curve
#   meta:
#     ucd: src.orbital
# - 
#   name: frequency_error
#   datatype: float32
#   unit: d**-1
#   description: "Uncertainty of \\texttt{frequency}"
#   meta:
#     ucd: stat.error
# - 
#   name: geom_model_reference_level
#   datatype: float32
#   unit: mag
#   description: Magnitude reference level of geometric model
#   meta:
#     ucd: phot.mag;em.opt
# - 
#   name: geom_model_reference_level_error
#   datatype: float32
#   unit: mag
#   description: "Uncertainty of \\texttt{geomModelReferenceLevel}"
#   meta:
#     ucd: stat.error;phot.mag;em.opt
# - 
#   name: geom_model_gaussian1_phase
#   datatype: float32
#   description: Phase of the Gaussian 1 component
#   meta:
#     ucd: time.phase
# - 
#   name: geom_model_gaussian1_phase_error
#   datatype: float32
#   description: "Uncertainty of \\texttt{geomModelGaussian1Phase}"
#   meta:
#     ucd: stat.error;time.phase
# - 
#   name: geom_model_gaussian1_sigma
#   datatype: float32
#   description: "Standard deviation [phase] of Gaussian 1 component"
#   meta:
#     ucd: stat.stdev
# - 
#   name: geom_model_gaussian1_sigma_error
#   datatype: float32
#   description: "Uncertainty of \\texttt{geomModelGaussian1Sigma}"
#   meta:
#     ucd: stat.error
# - 
#   name: geom_model_gaussian1_depth
#   datatype: float32
#   unit: mag
#   description: Magnitude depth of Gaussian 1 component
#   meta:
#     ucd: src.var.amplitude
# - 
#   name: geom_model_gaussian1_depth_error
#   datatype: float32
#   unit: mag
#   description: "Uncertainty of \\texttt{geomModelGaussian1Depth}"
#   meta:
#     ucd: stat.error;src.var.amplitude
# - 
#   name: geom_model_gaussian2_phase
#   datatype: float32
#   description: Phase of Gaussian 2 component
#   meta:
#     ucd: time.phase
# - 
#   name: geom_model_gaussian2_phase_error
#   datatype: float32
#   description: "Uncertainty of \\texttt{geomModelGaussian2Phase}"
#   meta:
#     ucd: stat.error;time.phase
# - 
#   name: geom_model_gaussian2_sigma
#   datatype: float32
[...]
#   datatype: float32
#   description: "Secondary eclipse: uncertainty of \\texttt{derivedSecondaryEclDuration}"
#   meta:
#     ucd: stat.error;time.duration
# - 
#   name: derived_secondary_ecl_depth
#   datatype: float32
#   unit: mag
#   description: "Secondary eclipse: depth"
#   meta:
#     ucd: src.var.amplitude
# - 
#   name: derived_secondary_ecl_depth_error
#   datatype: float32
#   unit: mag
#   description: "Secondary eclipse: uncertainty of \\texttt{derivedSecondaryEclDepth}"
#   meta:
#     ucd: stat.error;src.var.amplitude
solution_id,source_id,global_ranking,reference_time,frequency,frequency_error,geom_model_reference_level,geom_model_reference_level_error,geom_model_gaussian1_phase,geom_model_gaussian1_phase_error,geom_model_gaussian1_sigma,geom_model_gaussian1_sigma_error,geom_model_gaussian1_depth,geom_model_gaussian1_depth_error,geom_model_gaussian2_phase,geom_model_gaussian2_phase_error,geom_model_gaussian2_sigma,geom_model_gaussian2_sigma_error,geom_model_gaussian2_depth,geom_model_gaussian2_depth_error,geom_model_cosine_half_period_amplitude,geom_model_cosine_half_period_amplitude_error,geom_model_cosine_half_period_phase,geom_model_cosine_half_period_phase_error,model_type,num_model_parameters,reduced_chi2,derived_primary_ecl_phase,derived_primary_ecl_phase_error,derived_primary_ecl_duration,derived_primary_ecl_duration_error,derived_primary_ecl_depth,derived_primary_ecl_depth_error,derived_secondary_ecl_phase,derived_secondary_ecl_phase_error,derived_secondary_ecl_duration,derived_secondary_ecl_duration_error,derived_secondary_ecl_depth,derived_secondary_ecl_depth_error
[from data line 323]
375316653866487564,5916481728468066432,0.59905875,2294.6277146387347,2.1141437477697576,3.950197E-6,17.736954,0.0059449365,0.2612903,0.0069884495,0.050447505,0.0057789884,0.2711424,0.02450114,0.75993234,0.0015565114,0.047007427,0.002114911,0.2668617,0.013941824,0.025919158,0.0069625797,0.2612903,0.0069884495,"TWOGAUSSIANS_WITH_ELLIPSOIDAL_ON_ECLIPSE1",9,2.9307501,0.2612903,0.0069884495,0.28250605,0.032362334,0.32297915,0.016181836,0.75997233,0.0014127906,0.2632416,0.011843502,0.3186948,0.008700385
375316653866487564,5916482965396820864,0.52659297,2286.3984349838447,2.3675898865452947,1.2503217E-5,18.267855,0.02661191,0.24132673,0.011009971,0.07107751,0.0103547145,0.18192665,0.07110178,0.7554626,0.0053609163,0.04712487,0.005335726,0.2710316,0.062254522,0.13587177,0.031065064,0.7554626,0.0053609163,"TWOGAUSSIANS_WITH_ELLIPSOIDAL_ON_ECLIPSE2",9,25.162197,0.7554626,0.0053609163,0.26389927,0.029880065,0.5425929,0.019810468,0.24660674,0.0063279225,0.39803407,0.051405698,0.45214617,0.03497869
375316653866487564,5916483068497864320,0.4087429,2265.221758927177,0.1943608736159926,5.1044808E-5,19.669401,0.013959629,0.17203924,0.0055667427,0.009307813,0.015068462,0.5171755,11.154416,0.69791305,0.0035495039,0.009752414,0.0039388877,0.5258982,0.15048556,null,null,null,null,"TWOGAUSSIANS",8,13.14333,0.69791305,0.0035495039,0.054613516,0.022057772,0.5258982,0.15048556,0.17203924,0.0055667427,0.05212375,0.08438339,0.5171755,11.154416
375316653866487564,5916483515174495232,0.5792228,2293.7641413575325,2.844577006744857,3.236385E-6,17.967054,0.0058316123,0.13459577,0.001621943,0.039091427,0.0020821975,0.2921342,0.016319176,0.63475937,9.7285653E-4,0.038795512,0.0013396224,0.8848501,0.057896018,0.04415999,0.0083981715,0.13459577,0.001621943,"TWOGAUSSIANS_WITH_ELLIPSOIDAL_ON_ECLIPSE1",9,9.853109,0.63475937,9.650305E-4,0.21725486,0.0075018858,0.9731698,0.0599578,0.13459577,0.001621943,0.21891199,0.011660307,0.380454,0.0129331965
375316653866487564,5916483717015238656,0.5261166,2276.5195909891904,3.106477005722084,7.195906E-6,18.246748,0.012769814,0.23010238,0.002876179,0.0906739,0.005531522,0.24236959,0.014501214,0.7229493,0.002534212,0.08772891,0.006022537,0.27381584,0.010948245,null,null,null,null,"TWOGAUSSIANS",8,4.256645,0.7229493,0.002534212,0.4,0.0,0.26476875,0.008234896,0.23010238,0.002876179,0.4,0.0,0.23332241,0.012117408
375316653866487564,5916484649045904512,0.5075549,2287.1540336437965,2.8407295992405164,1.2548404E-5,14.106017,0.007165596,0.25213224,0.0043918523,0.08606201,0.008432492,0.17480804,0.012952418,0.75593597,0.00447571,0.08788611,0.0066958675,0.21553591,0.008501877,null,null,null,null,"TWOGAUSSIANS",8,154.6654,0.75593597,0.00447571,0.4,0.0,0.20967793,0.007527209,0.25213224,0.0043918523,0.4,0.0,0.16895008,0.013709752
375316653866487564,5916485508039343104,0.56797016,2295.41729796509,3.0383588040550555,7.059076E-6,15.9272,0.016161308,0.18789396,0.0032104114,0.10656119,0.007546352,0.26197034,0.015192264,0.7123398,0.001153916,0.1065944,0.0061896974,0.2733659,0.013572014,null,null,null,null,"TWOGAUSSIANS",8,22.833834,0.71235985,0.0011494486,0.4,0.0,0.24743636,0.005121052,0.18787394,0.0032086147,0.4,0.0,0.23604149,0.0069226967
375316653866487564,5916485782916594304,0.64800894,2286.75475955576,1.9725098976856112,2.449208E-6,13.911111,0.002987078,0.13613501,0.0020857244,0.04705049,0.0032161914,0.11921624,0.0069436193,0.6341917,7.3293527E-4,0.051618334,0.0021787926,0.12792091,0.0065741916,0.105461806,0.0034285896,0.6341917,7.3293527E-4,"TWOGAUSSIANS_WITH_ELLIPSOIDAL_ON_ECLIPSE2",9,39.140274,0.6341917,7.3293527E-4,0.28906268,0.012201239,0.33884305,0.0025028272,0.13567501,0.0015490927,0.26348275,0.018010672,0.33011436,0.0055995374
375316653866487564,5916488222458738688,0.4115448,2279.311343972786,0.09167536057576439,5.8203947E-5,16.47415,0.0046515083,0.13552031,0.0317323,0.02573772,0.013318688,0.56539005,9.53333,0.7575042,0.024243405,0.1124834,0.017029667,0.013776942,0.0055776257,null,null,null,null,"TWOGAUSSIANS",8,102.994156,0.13552031,0.0317323,0.14413123,0.07458465,0.56543666,9.533301,0.7575042,0.024243405,0.4,0.0,0.013774969,0.005572403
375316653866487564,5916488252501654400,0.56514555,2272.558606415532,2.8995817903963577,8.398733E-6,18.800615,0.004667321,0.30957803,0.0031471017,0.06839182,0.00328548,0.69138193,0.031977206,0.80926675,0.001959623,0.06293908,0.0022574656,0.3781863,0.0077110617,null,null,null,null,"TWOGAUSSIANS",8,4.9393363,0.30957803,0.0031471017,0.3829942,0.018398687,0.69065356,0.03212576,0.80926675,0.001959623,0.35245883,0.012641807,0.37745792,0.007626479
375316653866487564,5916488630458711040,0.5929899,2279.422729168584,3.7418267005403636,8.249021E-6,19.122261,0.011656701,0.24203128,0.001237846,0.047597364,0.002643955,0.640074,0.033143215,0.7411538,0.0025573166,0.04628328,0.0032983182,0.46491387,0.024976602,0.12895973,0.015442566,0.24203128,0.001237846,"TWOGAUSSIANS_WITH_ELLIPSOIDAL_ON_ECLIPSE1",9,2.4186592,0.24203128,0.001237846,0.26654524,0.014806147,0.8979926,0.03153968,0.74123377,0.0023326986,0.25918636,0.018470583,0.7228253,0.010731179
375316653866487564,5916488634753880960,0.4862061,2275.9920455093143,0.09419274423889787,1.760731E-5,18.567465,0.0025189763,0.5343369,0.0051712776,0.006896407,0.0044098613,0.28221598,9.453143,0.80938053,0.007127571,0.022620613,0.010783933,0.0337339,0.011320453,null,null,null,null,"TWOGAUSSIANS",8,1.9479443,0.5343369,0.0051712776,0.03861988,0.024695221,0.28221598,9.453143,0.80938053,0.007127571,0.12667543,0.06039002,0.0337339,0.011320453
375316653866487564,5916488978373001856,0.47756183,2278.8732568495557,3.120787356219917,1.191609E-5,19.356174,0.019510273,0.27465305,0.003928309,0.105393074,0.009317297,0.27267238,0.019438941,0.7721376,0.0053539425,0.091330335,0.012302531,0.23552486,0.017826656,null,null,null,null,"TWOGAUSSIANS",8,2.4167347,0.27465305,0.003928309,0.4,0.0,0.2532126,0.014216233,0.7721376,0.0053539425,0.4,0.0,0.21607205,0.011941497
375316653866487564,5916489081452232704,0.4921897,2301.9310320652935,0.2199101921031881,5.38036E-6,15.988437,0.00886141,0.27009434,0.001678354,0.02558142,0.0023610082,0.34512332,0.020408535,0.7426142,0.018051377,0.039603148,0.010499502,0.0874557,0.0371964,0.019982418,0.012779053,0.7426142,0.018051377,"TWOGAUSSIANS_WITH_ELLIPSOIDAL_ON_ECLIPSE2",9,188.34892,0.26993433,0.0016399251,0.14325595,0.013221646,0.3839153,0.017766267,0.7426142,0.018051377,0.22177763,0.058797207,0.12742051,0.029550195
375316653866487564,5916489150150018688,0.58502406,2276.640743788902,3.6473208865503524,5.9346894E-6,18.646816,0.010127291,0.29586777,0.0017280768,0.037705168,0.003973401,0.28419736,0.0233213,0.7903961,0.00366874,0.044895586,0.0046852943,0.34130877,0.030078413,0.12982513,0.012365156,0.29586777,0.0017280768,"TWOGAUSSIANS_WITH_ELLIPSOIDAL_ON_ECLIPSE1",9,4.572017,0.7909861,0.0032439213,0.25141528,0.026237648,0.600685,0.027978556,0.29586777,0.0017280768,0.21114895,0.022251045,0.54384726,0.016814277
375316653866487564,5916489596848346880,0.6390502,2296.8776071261104,3.1740675939715466,2.482669E-6,15.703659,0.0051461966,0.20598474,6.745736E-4,0.043601558,0.0015675949,0.3203709,0.013082593,0.7026747,0.0014582104,0.048011087,0.0022844134,0.3775419,0.022404755,0.12570733,0.008205817,0.20598474,6.745736E-4,"TWOGAUSSIANS_WITH_ELLIPSOIDAL_ON_ECLIPSE1",9,36.42901,0.7030347,0.0012784279,0.2688621,0.012792716,0.6288592,0.02391596,0.20598474,6.745736E-4,0.24416873,0.008778532,0.5717852,0.008427555
375316653866487564,5916489661250606592,0.5746499,2292.357816307054,2.825386993342661,5.8019946E-6,18.36374,0.007251411,0.29055318,0.0034878387,0.09228281,0.0049318895,0.36564955,0.01457963,0.7874155,0.0015268794,0.08613933,0.0032224255,0.3976444,0.011495504,null,null,null,null,"TWOGAUSSIANS",8,3.2369463,0.7874155,0.0015268794,0.4,0.0,0.38337258,0.012225996,0.29055318,0.0034878387,0.4,0.0,0.35137746,0.015833326
375316653866487564,5916490455841282688,0.5268065,2305.1520214789784,2.813409425208268,1.2489632E-5,17.883524,0.0017411734,0.4180408,0.0037074282,0.106041655,0.004978679,0.11631729,0.0034648387,0.7703382,0.019345874,0.028325336,0.010641321,0.019551694,0.005102578,null,null,null,null,"TWOGAUSSIANS",8,1.4373921,0.4180408,0.0037074282,0.4,0.0,0.1163138,0.0034662185,0.7703382,0.019345874,0.15862189,0.059591394,0.020014774,0.0049785897
375316653866487564,5916494196736646912,0.4788982,2339.7525473189403,0.11492526963305102,4.680715E-5,19.054323,0.0043409,0.28411892,0.006149418,0.034711737,0.031399183,0.47554234,0.40522423,0.92394936,0.047153644,0.06923731,0.016953643,0.022640072,0.010735398,null,null,null,null,"TWOGAUSSIANS",8,1.3276566,0.28411892,0.006149418,0.19438572,0.17583542,0.47554237,0.40522742,0.92394936,0.047153644,0.38772893,0.082978114,0.02264007,0.010734453
375316653866487564,5916494407190007424,0.4675243,2287.5344632746646,3.0655770137614744,1.4383611E-5,19.813856,0.020609867,0.18636099,0.0037899984,0.09319949,0.008497999,0.271687,0.021781983,0.69918245,0.0051637893,0.09050248,0.011073855,0.2874267,0.01993171,null,null,null,null,"TWOGAUSSIANS",8,1.6083549,0.69918245,0.0051637893,0.4,0.0,0.27608082,0.01681962,0.18636099,0.0037899984,0.4,0.0,0.2603409,0.01763439
375316653866487564,5916495949083605376,0.5744429,2304.5958027040447,3.201142752035105,8.078195E-6,17.596052,0.00413331,0.24326494,0.002379903,0.05129117,0.0059896507,0.106289946,0.01447671,0.7466128,0.017974198,0.039882895,0.014011062,0.06156427,0.02192229,0.09785226,0.0059572593,0.24326494,0.002379903,"TWOGAUSSIANS_WITH_ELLIPSOIDAL_ON_ECLIPSE1",9,7.1112485,0.24326494,0.002379903,0.28723055,0.033542044,0.30199334,0.011930625,0.7466128,0.015753064,0.2233442,0.078461945,0.25718108,0.020591605
375316653866487564,5916497667070538752,0.5559558,2285.062727548925,3.1191777262991103,5.632081E-6,17.9368,0.009529862,0.2953672,0.0021117483,0.087367535,0.0042505544,0.44223225,0.012062346,0.8071773,0.0023186114,0.08259156,0.0030951013,0.4638225,0.011882479,null,null,null,null,"TWOGAUSSIANS",8,8.842973,0.8071773,0.0023186114,0.4,0.0,0.45410982,0.010533945,0.2953672,0.0021117483,0.4,0.0,0.4325195,0.012409513
375316653866487564,5916498427278506624,0.47098893,2272.25352734867,3.7556019471539863,2.7325808E-5,18.28154,0.016797898,0.2288148,0.013700535,0.07757875,0.021475125,0.16537973,0.016559964,0.72193736,0.007727597,0.090501435,0.012475566,0.18902113,0.018382872,null,null,null,null,"TWOGAUSSIANS",8,10.868463,0.72193736,0.007727597,0.4,0.0,0.18526533,0.015155265,0.2288148,0.013700535,0.4,0.0030375444,0.16162404,0.015137957
375316653866487564,5916499767311512320,0.4550174,2207.6704840810235,3.221356470772444,2.6867203E-5,18.812998,0.023061985,0.1753195,0.0053675827,0.077696286,0.011121128,0.23043412,0.02700491,0.6767685,0.01127994,0.10063517,0.020062596,0.1780846,0.021042485,null,null,null,null,"TWOGAUSSIANS",8,6.712549,0.1753195,0.0053675827,0.4,0.0,0.22288671,0.025045509,0.6767685,0.01127994,0.4,0.0,0.17053564,0.014896043
375316653866487564,5916501966354609792,0.4211869,2165.414556398905,0.0656136984468024,6.211611E-5,17.389708,0.018910019,0.3369993,0.0071905144,0.05056632,0.00984826,0.10204958,0.02215443,0.67145455,0.047578145,0.09060226,0.04064005,0.16038376,0.028006764,null,null,null,null,"TWOGAUSSIANS",8,6.5224137,0.67145455,0.047578145,0.4,0.05506759,0.16037986,0.028004684,0.3371793,0.0070914887,0.2831714,0.05515026,0.10222257,0.022391852
375316653866487564,5916502619189672064,0.6811551,2236.4907826535796,2.906507165474316,1.945013E-6,16.040152,0.0053575346,0.22255649,5.330919E-4,0.046610687,0.0016795613,0.35614988,0.011570234,0.72194606,0.0011433542,0.049085032,0.0017600376,0.4208007,0.012447857,0.11817239,0.0064991866,0.22255649,5.330919E-4,"TWOGAUSSIANS_WITH_ELLIPSOIDAL_ON_ECLIPSE1",9,15.25413,0.7220061,0.0010387663,0.27487618,0.009856211,0.65714103,0.008332987,0.22255649,5.330919E-4,0.26101986,0.009405543,0.59249336,0.007082816
375316653866487564,5916502687909172352,0.504053,2252.658153013741,0.04816287976727309,1.47555165E-5,15.852706,0.017281193,0.38631856,0.013390789,0.21004608,0.076915264,0.03910062,0.015526378,0.83412254,0.012604046,0.027715486,0.003622973,1.6681868,1.177884,null,null,null,null,"TWOGAUSSIANS",8,25.598497,0.83412254,0.012604046,0.15520671,0.02028865,1.6676023,1.1764266,0.38631856,0.013390789,0.4,0.0,0.033253554,0.0043601594
375316653866487564,5916504435938717824,0.6312618,2230.805748112934,2.7194496604109277,1.9332135E-6,18.000912,0.00923437,0.25173223,0.0011875269,0.055312723,0.002894261,0.27858394,0.0209575,0.7486745,8.7927334E-4,0.057188243,0.0027115792,0.28051713,0.019185504,0.085403994,0.010964954,0.25173223,0.0011875269,"TWOGAUSSIANS_WITH_ELLIPSOIDAL_ON_ECLIPSE1",9,2.404157,0.74909455,7.059718E-4,0.32025418,0.015184843,0.45124435,0.0052713114,0.25173223,0.0011875269,0.30975124,0.016207863,0.44936562,0.009288769
375316653866487564,5916504680774094336,0.5104743,2234.2974168471565,2.6963083998639976,1.4890797E-5,18.001568,0.00999024,0.26583424,0.0031660746,0.084609345,0.004474636,0.38195303,0.017381115,0.76222664,0.0054050777,0.07929699,0.0064534526,0.3710211,0.02227882,null,null,null,null,"TWOGAUSSIANS",8,21.727505,0.26583424,0.0031660746,0.4,0.0,0.3752422,0.017438166,0.76222664,0.0054050777,0.4,0.0,0.36431026,0.022591861
375316653866487564,5916505363652266240,0.47006857,2226.510366958626,0.7175579065971163,3.3090455E-6,18.807415,0.0028050737,0.041422445,0.006571329,0.0037142776,0.0020904227,0.27482933,0.77976716,0.68460906,2.0139945E-5,0.0059074,5.0419545E-5,1.2434158,0.03143852,null,null,null,null,"TWOGAUSSIANS",8,2.8562765,0.68460906,2.0139945E-5,0.03308144,2.8234944E-4,1.2434158,0.03143852,0.041422445,0.006571329,0.020799955,0.011706367,0.27482933,0.77976716
375316653866487564,5916505986424998656,0.55411917,2214.8323555405736,2.123384666960619,4.453592E-6,18.542566,0.002204096,0.24948215,0.0025348,0.06580379,0.002114885,0.27955398,0.009008009,0.74201703,0.0052081365,0.09815004,0.0062048263,0.09155144,0.004228457,null,null,null,null,"TWOGAUSSIANS",8,1.190617,0.24948215,0.0025348,0.36850122,0.011843356,0.27728966,0.00899779,0.74201703,0.0052081365,0.4,0.0,0.08928664,0.0043402305
375316653866487564,5916506085206206464,0.5513506,2212.8417627612457,1.53720331637179,3.2876565E-6,18.100164,0.0025788143,0.13610403,0.0016439242,0.04477247,0.0018400822,0.27135172,0.009845182,0.634335,0.0010593721,0.0484342,0.002369102,0.25080687,0.015313141,null,null,null,null,"TWOGAUSSIANS",8,3.443774,0.13610403,0.0016439242,0.2507258,0.01030446,0.27135146,0.009845247,0.634335,0.0010593721,0.27123153,0.013266972,0.2508066,0.015313274
375316653866487564,5916506467480562944,0.6070802,2227.5605025707223,0.856304808637378,6.5017007E-6,17.386797,0.0048150723,0.30983114,0.0023245844,0.031663895,0.0018347525,1.337919,0.040968698,0.8144582,0.0017398115,0.030857684,0.0048362515,0.26484054,0.026561577,0.028807735,0.008071652,0.30983114,0.0023245844,"TWOGAUSSIANS_WITH_ELLIPSOIDAL_ON_ECLIPSE1",9,30.281994,0.30983114,0.0023245844,0.1773178,0.010274613,1.3955343,0.038502287,0.8144582,0.0017398115,0.17280303,0.027083008,0.3224072,0.030421399
375316653866487564,5916507085936905984,0.550456,2204.682612396929,3.042623309887495,6.21671E-6,18.191687,0.005117453,0.20756952,0.004638188,0.064927004,0.0037162558,0.19969091,0.008931547,0.7009023,0.002596755,0.07042464,0.003286502,0.47345284,0.014178694,null,null,null,null,"TWOGAUSSIANS",8,7.215175,0.7009023,0.002596755,0.39437798,0.016044475,0.4728895,0.014263071,0.20756952,0.004638188,0.36359122,0.020811033,0.19912755,0.008831814
375316653866487564,5916508563424422272,0.4873869,2246.201665964225,0.03724776796345212,2.3396971E-5,17.890228,0.0029273718,0.09489495,0.008737081,0.05223472,0.010353681,0.12702276,0.050157893,0.51449156,0.0043451604,0.066125795,0.005128326,0.16881576,0.013210531,null,null,null,null,"TWOGAUSSIANS",8,4.3472295,0.51449156,0.0043451604,0.37030444,0.028718624,0.16881399,0.013211368,0.09489495,0.008737081,0.2925144,0.057980612,0.12702098,0.05016066
