Gaia/vari_eclipsing_binary/VariEclipsingBinary_466788-466810.csv
# %ECSV 1.0
# ---
# delimiter: ','
# meta: !!omap
# - RELEASE: Gaia DR3
# - TABLE: vari_eclipsing_binary
# - DESCRIPTION: >
#     This table describes the properties of the eclipsing binaries resulting from the variability analysis. 
# - CITATION: >
#     How to cite and acknowledge Gaia: 
#     https://gea.esac.esa.int/archive/documentation/credits.html 
# - KNOWN_ISSUES: >
#     Known issues: 
#     https://www.cosmos.esa.int/web/gaia-users/known-issues 
# - DOCUMENTATION: >
#     Tutorials and documentation: 
#     https://www.cosmos.esa.int/web/gaia-users/archive 
# datatype:
# - 
#   name: solution_id
#   datatype: int64
#   description: Solution Identifier
#   meta:
#     ucd: meta.version
# - 
#   name: source_id
#   datatype: int64
#   description: Unique source identifier
#   meta:
#     ucd: meta.id;meta.main
# - 
#   name: global_ranking
#   datatype: float32
#   description: Number between 0 (worst) and 1 (best)
#   meta:
#     ucd: stat.param
# - 
#   name: reference_time
#   datatype: float64
#   unit: d
#   description: Reference time used for the geometric model fit
#   meta:
#     ucd: time.epoch
# - 
#   name: frequency
#   datatype: float64
#   unit: d**-1
#   description: Frequency of geometric model of the eclipsing binary light curve
#   meta:
#     ucd: src.orbital
# - 
#   name: frequency_error
#   datatype: float32
#   unit: d**-1
#   description: "Uncertainty of \\texttt{frequency}"
#   meta:
#     ucd: stat.error
# - 
#   name: geom_model_reference_level
#   datatype: float32
#   unit: mag
#   description: Magnitude reference level of geometric model
#   meta:
#     ucd: phot.mag;em.opt
# - 
#   name: geom_model_reference_level_error
#   datatype: float32
#   unit: mag
#   description: "Uncertainty of \\texttt{geomModelReferenceLevel}"
#   meta:
#     ucd: stat.error;phot.mag;em.opt
# - 
#   name: geom_model_gaussian1_phase
#   datatype: float32
#   description: Phase of the Gaussian 1 component
#   meta:
#     ucd: time.phase
# - 
#   name: geom_model_gaussian1_phase_error
#   datatype: float32
#   description: "Uncertainty of \\texttt{geomModelGaussian1Phase}"
#   meta:
#     ucd: stat.error;time.phase
# - 
#   name: geom_model_gaussian1_sigma
#   datatype: float32
#   description: "Standard deviation [phase] of Gaussian 1 component"
#   meta:
#     ucd: stat.stdev
# - 
#   name: geom_model_gaussian1_sigma_error
#   datatype: float32
#   description: "Uncertainty of \\texttt{geomModelGaussian1Sigma}"
#   meta:
#     ucd: stat.error
# - 
#   name: geom_model_gaussian1_depth
#   datatype: float32
#   unit: mag
#   description: Magnitude depth of Gaussian 1 component
#   meta:
#     ucd: src.var.amplitude
# - 
#   name: geom_model_gaussian1_depth_error
#   datatype: float32
#   unit: mag
#   description: "Uncertainty of \\texttt{geomModelGaussian1Depth}"
#   meta:
#     ucd: stat.error;src.var.amplitude
# - 
#   name: geom_model_gaussian2_phase
#   datatype: float32
#   description: Phase of Gaussian 2 component
#   meta:
#     ucd: time.phase
# - 
#   name: geom_model_gaussian2_phase_error
#   datatype: float32
#   description: "Uncertainty of \\texttt{geomModelGaussian2Phase}"
#   meta:
#     ucd: stat.error;time.phase
# - 
#   name: geom_model_gaussian2_sigma
#   datatype: float32
[...]
#   datatype: float32
#   description: "Secondary eclipse: uncertainty of \\texttt{derivedSecondaryEclDuration}"
#   meta:
#     ucd: stat.error;time.duration
# - 
#   name: derived_secondary_ecl_depth
#   datatype: float32
#   unit: mag
#   description: "Secondary eclipse: depth"
#   meta:
#     ucd: src.var.amplitude
# - 
#   name: derived_secondary_ecl_depth_error
#   datatype: float32
#   unit: mag
#   description: "Secondary eclipse: uncertainty of \\texttt{derivedSecondaryEclDepth}"
#   meta:
#     ucd: stat.error;src.var.amplitude
solution_id,source_id,global_ranking,reference_time,frequency,frequency_error,geom_model_reference_level,geom_model_reference_level_error,geom_model_gaussian1_phase,geom_model_gaussian1_phase_error,geom_model_gaussian1_sigma,geom_model_gaussian1_sigma_error,geom_model_gaussian1_depth,geom_model_gaussian1_depth_error,geom_model_gaussian2_phase,geom_model_gaussian2_phase_error,geom_model_gaussian2_sigma,geom_model_gaussian2_sigma_error,geom_model_gaussian2_depth,geom_model_gaussian2_depth_error,geom_model_cosine_half_period_amplitude,geom_model_cosine_half_period_amplitude_error,geom_model_cosine_half_period_phase,geom_model_cosine_half_period_phase_error,model_type,num_model_parameters,reduced_chi2,derived_primary_ecl_phase,derived_primary_ecl_phase_error,derived_primary_ecl_duration,derived_primary_ecl_duration_error,derived_primary_ecl_depth,derived_primary_ecl_depth_error,derived_secondary_ecl_phase,derived_secondary_ecl_phase_error,derived_secondary_ecl_duration,derived_secondary_ecl_duration_error,derived_secondary_ecl_depth,derived_secondary_ecl_depth_error
[from data line 77]
375316653866487564,4105934691456536192,0.7232983,2234.5489982569866,4.344016514149457,1.8656667E-5,14.924368,0.0015252815,0.29084253,4.2517368E-6,0.025971312,5.1167408E-5,10.34527,0.094262466,null,null,null,null,null,null,null,null,null,null,"ONEGAUSSIAN",5,20.15569,0.29084253,4.2517368E-6,0.14543936,2.8653748E-4,10.34527,0.0,null,null,null,null,null,null
375316653866487564,4105935443027041024,0.46783748,2212.1466044046097,0.2503584653799238,1.9752917E-5,17.735437,0.003085788,0.115828045,5.830299E-4,0.011170035,0.0024850112,0.13435815,0.07700891,0.38945866,0.015880462,0.07834561,0.012007105,0.13588673,0.030168485,null,null,null,null,"TWOGAUSSIANS",8,3.6599774,0.38945866,0.015880462,0.4,0.0,0.13588673,0.030168485,0.11583804,5.9611216E-4,0.0625522,0.013916063,0.13466318,0.07713408
375316653866487564,4105935477386743808,0.51093554,2177.461618564968,2.4221904199407684,2.2303491E-5,18.143764,0.05353917,0.2242614,0.0031196473,0.092649825,0.016204353,0.36312038,0.05176381,0.73267996,0.010589268,0.08985194,0.03036861,0.29644868,0.043573655,null,null,null,null,"TWOGAUSSIANS",8,12.484399,0.2242614,0.0031123192,0.4,0.0,0.34956318,0.04177677,0.73267996,0.010598175,0.4,0.0,0.28289172,0.047887273
375316653866487564,4105935511746528128,0.49620205,2211.604152419102,0.20547248285696143,1.6489617E-5,17.626873,0.006066081,0.53654194,0.010014923,0.012390371,0.01214183,0.263204,2349374.5,null,null,null,null,null,null,0.011956524,0.005482782,0.53654194,0.010014923,"ONEGAUSSIAN_WITH_ELLIPSOIDAL",6,9.121274,0.53654194,0.010014923,0.06938608,0.06799425,0.287117,2349374.5,null,null,null,null,null,null
375316653866487564,4105935687888716160,0.52283347,2196.496072616728,0.05467739877622323,1.15826E-5,19.459568,0.017749967,0.83467895,0.014971888,0.017970746,0.012758699,0.15857686,0.026017267,0.6881096,0.009933231,0.05329921,0.0063951653,0.35913187,0.03896139,null,null,null,null,"TWOGAUSSIANS",8,1.5614451,0.6881096,0.0099245645,0.29847556,0.035812926,0.35913187,0.03895763,0.8337789,0.015858386,0.100636184,0.07144871,0.16695362,0.027033353
375316653866487564,4105937096601781760,0.5621673,2219.436292966037,2.6388322893860594,1.4060648E-5,17.937733,0.015163395,0.15751265,0.002585775,0.07738984,0.005040855,0.36312494,0.014416205,0.6558823,0.0078105517,0.08760239,0.012546104,0.3547537,0.045736734,null,null,null,null,"TWOGAUSSIANS",8,5.569556,0.15751265,0.002585775,0.4,0.0,0.35608593,0.01266468,0.6558823,0.0078105517,0.4,0.0,0.34771463,0.049011316
375316653866487564,4105937538971043328,0.55948114,2169.1982280179423,3.1510072097168114,1.35173095E-5,17.97051,0.07235924,0.23074828,0.004535595,0.11250406,0.018154757,0.40340197,0.07008956,0.74682397,0.005938582,0.11083702,0.01988264,0.3248414,0.06748995,null,null,null,null,"TWOGAUSSIANS",8,6.2208624,0.23072828,0.0045692194,0.4,0.0,0.35329702,0.017400518,0.74686396,0.0058751153,0.4,0.0,0.27475616,0.01917768
375316653866487564,4105937611998028032,0.55536586,2162.888599409896,3.694489483626524,1.5341104E-5,19.269943,0.014071788,0.2296894,0.0051207994,0.060931798,0.0050857444,0.5248489,0.03533132,0.738173,0.02749014,0.079826035,0.019157903,0.38226503,0.12783036,null,null,null,null,"TWOGAUSSIANS",8,3.494325,0.2296894,0.0051207994,0.34121808,0.028480168,0.52357864,0.03522314,0.738173,0.02749014,0.4,0.05126179,0.3809948,0.12879094
375316653866487564,4105938402307780224,0.5699989,2188.1760854319746,0.2342922616340629,3.6439065E-5,18.580389,0.005648287,0.14960659,0.0210245,0.010342482,0.021673288,0.064586006,0.104207404,0.43386006,0.0068257153,0.013122694,0.0024809227,1.0342149,1.1243706,null,null,null,null,"TWOGAUSSIANS",8,2.3336244,0.43386006,0.0068257153,0.07348708,0.013893167,1.0342149,1.1243706,0.14960659,0.0210245,0.057917897,0.12137041,0.064586006,0.104207404
375316653866487564,4105938466684118656,0.45172554,2201.4361394567313,2.4660409151666727,3.6186506E-5,17.672718,0.5984084,0.1642277,0.012763529,0.10145034,0.12602988,0.16915923,0.5899433,0.6500807,0.012348581,0.089282215,0.061660543,0.23771517,0.44387332,null,null,null,null,"TWOGAUSSIANS",8,28.22716,0.6500807,0.012348581,0.4,0.0,0.22729777,0.030786015,0.1642277,0.0127858855,0.4,0.0,0.15873972,0.036961406
375316653866487564,4105938780264903808,0.44352707,2202.1845144462177,0.10911448206413542,1.4767078E-4,18.51542,0.005583268,0.3671318,0.03450571,0.08554982,0.07226637,0.08155356,0.10239097,0.92326075,0.0029019658,0.011020878,0.008124141,0.26429942,159.48798,null,null,null,null,"TWOGAUSSIANS",8,3.021642,0.92326075,0.0029019658,0.061716918,0.045495186,0.26429954,159.48798,0.3671318,0.03450571,0.4,0.28957587,0.08155355,0.102391265
375316653866487564,4105939016443377792,0.476171,2173.2237002667994,3.030775009903115,3.5383728E-5,18.752197,0.02693961,0.21255009,0.0052097756,0.07314854,0.009761578,0.1814113,0.022757264,0.65867835,0.011991229,0.14624861,0.028388374,0.14191473,0.028367803,null,null,null,null,"TWOGAUSSIANS",8,2.8692522,0.2133101,0.004974454,0.4,0.008408164,0.17105442,0.015236875,0.65867835,0.011991229,0.4,0.0,0.13008587,0.019833148
375316653866487564,4105939089510734848,0.5067484,2169.106569047208,0.5472122308704694,2.3555102E-5,19.899807,0.021584908,null,null,null,null,null,null,null,null,null,null,null,null,0.33909425,0.026832778,0.22962108,0.0067432215,"ELLIPSOIDAL",4,2.7281396,null,null,null,null,null,null,null,null,null,null,null,null
375316653866487564,4105940292058383488,0.56063473,2239.493152340411,4.927975095951514,1.0440675E-5,17.754255,0.0037110006,0.33587897,1.7980481E-5,0.008565306,1.2967784E-4,0.33230835,0.0013287406,0.7739993,0.0035010797,0.043819286,0.008467298,0.069120266,0.033706695,null,null,null,null,"TWOGAUSSIANS",8,3.861356,0.33587897,1.7980481E-5,0.04796571,7.2619587E-4,0.33230835,0.0013287406,0.7739993,0.0035010797,0.24538799,0.04741687,0.069120266,0.033706695
375316653866487564,4105940429497995648,0.530871,2140.9618111391114,2.8719324675913875,4.170652E-5,19.61109,0.066877455,0.33011466,0.018348297,0.10194785,0.024630032,0.33474836,0.066981584,0.8131426,0.023911092,0.097187236,0.040630348,0.3573758,0.06260982,null,null,null,null,"TWOGAUSSIANS",8,1.6012596,0.8131426,0.023911092,0.4,0.04359161,0.33362,0.040987577,0.33011466,0.018346634,0.4,0.0,0.31098902,0.03919847
375316653866487564,4105940734446241792,0.4959658,2111.175508363243,1.8524967214720636,3.1796673E-5,19.171312,0.0079037305,0.37785667,0.012431106,0.060190775,0.011376992,0.16182749,0.014601222,0.8893036,0.006452306,0.03567309,0.005046751,0.162659,0.031390708,null,null,null,null,"TWOGAUSSIANS",8,2.4889927,0.8893036,0.006452306,0.1997693,0.028261805,0.1626588,0.031390756,0.37785667,0.012431106,0.33706835,0.06371115,0.16182728,0.014601346
375316653866487564,4105940979253804160,0.48535934,2184.2369404063097,0.1092738220213965,3.495609E-5,18.816862,0.042642154,0.32306397,0.010717666,0.10710912,0.029418226,0.16000423,0.040337272,0.93335617,0.010807456,0.043871522,0.015583033,0.15471241,0.040438186,null,null,null,null,"TWOGAUSSIANS",8,1.939087,0.32306397,0.010717666,0.4,0.0,0.15992257,0.038905803,0.93344617,0.010581501,0.24568053,0.087264985,0.15484464,0.04066744
375316653866487564,4105941284183402624,0.5645028,2188.987541993947,1.0794937076045958,1.651807E-5,18.103657,0.0031495206,0.26944092,0.007470489,0.062212877,0.008319504,0.17768526,0.007273592,0.77187896,0.0024926513,0.052749664,0.0030507012,0.2591827,0.012998,null,null,null,null,"TWOGAUSSIANS",8,2.114651,0.77187896,0.0024926513,0.29539812,0.017083928,0.25915277,0.013003198,0.26944092,0.007470489,0.34839213,0.046589218,0.17765535,0.0073093353
375316653866487564,4105941593423745280,0.48096156,2177.293283196897,0.7947799534093446,3.4801964E-5,17.337126,0.0060911267,0.18218939,0.013193637,0.077025026,0.017638436,0.12864392,0.050515592,0.6959516,0.0068064295,0.068638355,0.009868554,0.1148292,0.0075943912,null,null,null,null,"TWOGAUSSIANS",8,10.154141,0.18218939,0.013193637,0.4,0.013625506,0.12815954,0.051048994,0.6959516,0.0068064295,0.3843748,0.047334418,0.11434481,0.007382971
375316653866487564,4105941872608555520,0.5690867,2168.3834557752734,0.6909436611370745,7.9041865E-6,19.805492,0.02277498,0.1850607,0.043418024,0.1517037,0.031071248,0.056344394,0.034846745,0.6787096,0.0019764919,0.027621483,0.0017014048,0.621801,0.020415101,null,null,null,null,"TWOGAUSSIANS",8,1.353768,0.6787096,0.0019764919,0.15468031,0.009527867,0.62019813,0.019191664,0.1850607,0.043418024,0.4,0.0,0.05424405,0.033484366
375316653866487564,4105942074456967808,0.4898199,2193.604264391487,3.643871022619359,1.2174755E-4,18.457258,0.016321845,0.23785718,0.01626977,0.088965975,0.01983804,0.10366189,0.018254345,0.7529397,0.015131262,0.099855386,0.018959627,0.15673901,0.018592905,null,null,null,null,"TWOGAUSSIANS",8,3.021804,0.7529397,0.015131262,0.4,0.0,0.15051219,0.015386654,0.23785718,0.016265275,0.4,0.0,0.09743646,0.012181553
375316653866487564,4105942559803996032,0.4679273,2178.6415855304895,1.9318749298304598,5.3417967E-5,19.504614,0.09957878,0.29768547,0.009039532,0.08994153,0.016958714,1.5888314,0.6011575,0.8724501,0.014669096,0.0974583,0.02059385,0.6360986,0.10541064,null,null,null,null,"TWOGAUSSIANS",8,12.905354,0.29767546,0.009032544,0.4,0.0,1.5712587,0.60961306,0.87247014,0.014674409,0.4,0.0,0.6185015,0.09391336
375316653866487564,4105942559836446976,0.5137917,2198.607693440713,2.7708207088956716,1.9610434E-5,17.851667,0.53658724,0.24434216,0.0073072636,0.14004727,0.14879476,0.17943552,0.5254378,0.73666006,0.004855075,0.12105133,0.06079415,0.21134327,0.40049583,null,null,null,null,"TWOGAUSSIANS",8,5.334678,0.73666006,0.004855075,0.4,0.0,0.15389962,0.011306851,0.24442215,0.0076090926,0.4,0.0,0.12145473,0.010101132
375316653866487564,4105942972121409408,0.54127765,2169.0876445940453,2.340923089445316,1.31921115E-5,19.109697,0.019423168,0.36657193,0.011392747,0.07411604,0.008271686,0.5410153,0.044104,0.8750174,0.0038550291,0.066627376,0.0042537083,0.5087034,0.03161218,null,null,null,null,"TWOGAUSSIANS",8,4.438152,0.36657193,0.011392747,0.4,0.0,0.53947693,0.043167107,0.8750174,0.0038550291,0.37311327,0.023820767,0.507165,0.031250656
375316653866487564,4105943556236972160,0.5666682,2138.902050221369,3.484020302604553,4.0887095E-5,18.874598,0.016819261,0.25161576,0.019871833,0.08834764,0.014207505,0.6416249,0.09302216,0.7454603,0.008222277,0.06334063,0.0103291115,0.58996886,0.027569393,null,null,null,null,"TWOGAUSSIANS",8,6.906879,0.25161576,0.019871833,0.4,0.0,0.6369577,0.09377464,0.7454603,0.008222277,0.3547075,0.057843022,0.5853018,0.026254112
375316653866487564,4105943934225868544,0.6054612,2209.549166826394,2.863815703058411,1.4821132E-5,15.0354805,0.009958498,0.23596156,0.004411529,0.07514914,0.004294823,0.49389964,0.014245964,0.73238915,0.0030438416,0.07853865,0.0028962449,0.5754481,0.018387206,null,null,null,null,"TWOGAUSSIANS",8,158.16891,0.73238915,0.0030438416,0.4,0.0,0.57046944,0.017854951,0.23596156,0.004411529,0.4,0.0,0.48892096,0.013012283
375316653866487564,4105944415228932736,0.48122486,2203.265518411712,2.7892270931071823,3.232642E-5,19.161472,0.012346052,0.2895618,9.501119E-4,0.0068366737,0.0015717848,0.17875206,0.097803764,0.863584,0.003391012,0.023386078,0.014389519,0.0900574,0.35797113,0.09153558,0.018460289,0.2895618,9.501119E-4,"TWOGAUSSIANS_WITH_ELLIPSOIDAL_ON_ECLIPSE1",9,7.7475457,0.2895618,9.501119E-4,0.03828537,0.008801995,0.36182323,0.10020758,0.863584,0.003391012,0.13096203,0.0805813,0.23630211,0.34581196
375316653866487564,4105944552701207040,0.5516397,2225.3669909052014,2.360817564360403,8.803182E-6,15.563099,0.007341335,0.24782081,0.00877232,0.08701332,0.0098677715,0.2151782,0.012726299,0.74916106,0.0033666564,0.07503328,0.0056885276,0.20463777,0.014030804,null,null,null,null,"TWOGAUSSIANS",8,40.52541,0.24782081,0.00877232,0.4,0.0,0.2116785,0.0126484195,0.74916106,0.0033666564,0.4,0.0013523779,0.2011381,0.0138533795
375316653866487564,4105944655780377600,0.5417328,2141.24362359482,0.06876301994740464,3.49644E-5,19.791067,0.009275082,0.2649985,0.0030532284,0.04184703,0.005376673,0.35531428,0.061331097,0.76495713,0.0066047874,0.0249747,0.00495712,0.5894979,0.5370033,null,null,null,null,"TWOGAUSSIANS",8,0.66974723,0.76495713,0.0066047874,0.13985832,0.027759872,0.5894979,0.5370033,0.2649985,0.0030532284,0.23434338,0.030109368,0.35531428,0.061331097
375316653866487564,4105944964986008960,0.5912115,2211.226649487811,2.4885144642434267,1.1802406E-5,19.627398,0.02610512,0.23244235,0.007986149,0.075050876,0.025346836,0.45924407,0.11847353,0.72436213,0.0029438026,0.07620002,0.0051211105,0.62781024,0.028688608,null,null,null,null,"TWOGAUSSIANS",8,0.94986576,0.72436213,0.0029438026,0.4,0.0,0.6240024,0.02535465,0.23244235,0.007986149,0.4,0.0,0.4554362,0.12865764
375316653866487564,4105945205504425472,0.5458932,2200.789818579337,2.728327995741367,1.6863274E-5,19.52581,0.05375429,0.28284097,0.007821965,0.09569671,0.029832857,0.42018145,0.059764273,0.77558297,0.0049679517,0.08706347,0.012082174,0.42065963,0.059170585,null,null,null,null,"TWOGAUSSIANS",8,1.460202,0.77558297,0.0049679517,0.4,0.0,0.4028236,0.040584143,0.28284097,0.007821965,0.4,0.0,0.4023444,0.09331108
375316653866487564,4105945377302712960,0.5639975,2218.8821254538466,2.2652682854367927,2.1871938E-5,18.692022,0.014695508,0.29374865,0.004959228,0.03351624,0.011077734,0.15560976,0.039890893,null,null,null,null,null,null,0.14651375,0.020078737,0.29374865,0.004959228,"ONEGAUSSIAN_WITH_ELLIPSOIDAL",6,5.3909454,0.29374865,0.004959228,0.18769094,0.062035307,0.44863677,0.022236096,null,null,null,null,null,null
375316653866487564,4105945411662454144,0.4905044,2186.6827669460276,2.5833827750214264,2.1356775E-5,19.401506,0.13200918,0.18313076,0.0052041523,0.12449673,0.029739698,0.35593197,0.12377472,0.6768708,0.006638292,0.12224901,0.027174583,0.41719916,0.11011969,null,null,null,null,"TWOGAUSSIANS",8,1.8821629,0.6768708,0.006638292,0.4,0.0,0.3236908,0.030807871,0.18319076,0.005257482,0.4,0.0,0.262394,0.018702518
375316653866487564,4105945613510820864,0.6658204,2220.506773618994,3.153318418109423,1.3804873E-5,17.158428,0.011724633,0.18902595,8.5050496E-4,0.049303416,0.0027529357,0.58026135,0.02551511,0.6936175,0.0053817234,0.042981666,0.0058504776,0.44103765,0.057092838,0.1111679,0.016732592,0.18902595,8.5050496E-4,"TWOGAUSSIANS_WITH_ELLIPSOIDAL_ON_ECLIPSE1",9,9.523265,0.18902595,8.5050496E-4,0.27609912,0.01541644,0.80259556,0.021590237,0.6936175,0.0053817234,0.24069734,0.032762673,0.66318685,0.055638485
375316653866487564,4105946678656574592,0.55165434,2245.001320958907,2.200990966007116,2.1598406E-5,18.257841,0.013166662,0.26630288,0.00726679,0.093383595,0.019781312,0.10724535,0.010132264,0.772862,0.0068234373,0.09436893,0.011845465,0.15922812,0.012896293,null,null,null,null,"TWOGAUSSIANS",8,0.884142,0.772862,0.0068234373,0.4,0.0,0.15237784,0.010114718,0.26630288,0.00726679,0.4,0.0,0.10039521,0.0070436173
375316653866487564,4105946717336227840,0.56012315,2151.440076820478,3.1698016344369266,2.03238E-5,19.122694,0.018557193,0.23446606,0.0044707484,0.07822876,0.007028919,0.36802366,0.02945365,0.7122121,0.0068957685,0.082136855,0.012209347,0.39022648,0.07178142,null,null,null,null,"TWOGAUSSIANS",8,1.2980664,0.7122121,0.0068957685,0.4,0.0,0.38645247,0.07409092,0.23446606,0.0044707484,0.4,0.0,0.36424965,0.030328164
375316653866487564,4105947125333188096,0.55013555,2238.2559328974658,1.5799529069235816,1.4142481E-5,17.808203,0.023175186,0.22704148,0.005412265,0.07366186,0.013728338,0.1306689,0.022872206,0.75712276,0.004418045,0.09092231,0.017024226,0.17491387,0.01737848,null,null,null,null,"TWOGAUSSIANS",8,3.0368397,0.75712276,0.004418045,0.4,0.0,0.1732067,0.012260549,0.22704148,0.005427754,0.4,0.0034911023,0.128962,0.01774609
