Gaia/vari_eclipsing_binary/VariEclipsingBinary_460785-460795.csv
# %ECSV 1.0
# ---
# delimiter: ','
# meta: !!omap
# - RELEASE: Gaia DR3
# - TABLE: vari_eclipsing_binary
# - DESCRIPTION: >
#     This table describes the properties of the eclipsing binaries resulting from the variability analysis. 
# - CITATION: >
#     How to cite and acknowledge Gaia: 
#     https://gea.esac.esa.int/archive/documentation/credits.html 
# - KNOWN_ISSUES: >
#     Known issues: 
#     https://www.cosmos.esa.int/web/gaia-users/known-issues 
# - DOCUMENTATION: >
#     Tutorials and documentation: 
#     https://www.cosmos.esa.int/web/gaia-users/archive 
# datatype:
# - 
#   name: solution_id
#   datatype: int64
#   description: Solution Identifier
#   meta:
#     ucd: meta.version
# - 
#   name: source_id
#   datatype: int64
#   description: Unique source identifier
#   meta:
#     ucd: meta.id;meta.main
# - 
#   name: global_ranking
#   datatype: float32
#   description: Number between 0 (worst) and 1 (best)
#   meta:
#     ucd: stat.param
# - 
#   name: reference_time
#   datatype: float64
#   unit: d
#   description: Reference time used for the geometric model fit
#   meta:
#     ucd: time.epoch
# - 
#   name: frequency
#   datatype: float64
#   unit: d**-1
#   description: Frequency of geometric model of the eclipsing binary light curve
#   meta:
#     ucd: src.orbital
# - 
#   name: frequency_error
#   datatype: float32
#   unit: d**-1
#   description: "Uncertainty of \\texttt{frequency}"
#   meta:
#     ucd: stat.error
# - 
#   name: geom_model_reference_level
#   datatype: float32
#   unit: mag
#   description: Magnitude reference level of geometric model
#   meta:
#     ucd: phot.mag;em.opt
# - 
#   name: geom_model_reference_level_error
#   datatype: float32
#   unit: mag
#   description: "Uncertainty of \\texttt{geomModelReferenceLevel}"
#   meta:
#     ucd: stat.error;phot.mag;em.opt
# - 
#   name: geom_model_gaussian1_phase
#   datatype: float32
#   description: Phase of the Gaussian 1 component
#   meta:
#     ucd: time.phase
# - 
#   name: geom_model_gaussian1_phase_error
#   datatype: float32
#   description: "Uncertainty of \\texttt{geomModelGaussian1Phase}"
#   meta:
#     ucd: stat.error;time.phase
# - 
#   name: geom_model_gaussian1_sigma
#   datatype: float32
#   description: "Standard deviation [phase] of Gaussian 1 component"
#   meta:
#     ucd: stat.stdev
# - 
#   name: geom_model_gaussian1_sigma_error
#   datatype: float32
#   description: "Uncertainty of \\texttt{geomModelGaussian1Sigma}"
#   meta:
#     ucd: stat.error
# - 
#   name: geom_model_gaussian1_depth
#   datatype: float32
#   unit: mag
#   description: Magnitude depth of Gaussian 1 component
#   meta:
#     ucd: src.var.amplitude
# - 
#   name: geom_model_gaussian1_depth_error
#   datatype: float32
#   unit: mag
#   description: "Uncertainty of \\texttt{geomModelGaussian1Depth}"
#   meta:
#     ucd: stat.error;src.var.amplitude
# - 
#   name: geom_model_gaussian2_phase
#   datatype: float32
#   description: Phase of Gaussian 2 component
#   meta:
#     ucd: time.phase
# - 
#   name: geom_model_gaussian2_phase_error
#   datatype: float32
#   description: "Uncertainty of \\texttt{geomModelGaussian2Phase}"
#   meta:
#     ucd: stat.error;time.phase
# - 
#   name: geom_model_gaussian2_sigma
#   datatype: float32
[...]
#   datatype: float32
#   description: "Secondary eclipse: uncertainty of \\texttt{derivedSecondaryEclDuration}"
#   meta:
#     ucd: stat.error;time.duration
# - 
#   name: derived_secondary_ecl_depth
#   datatype: float32
#   unit: mag
#   description: "Secondary eclipse: depth"
#   meta:
#     ucd: src.var.amplitude
# - 
#   name: derived_secondary_ecl_depth_error
#   datatype: float32
#   unit: mag
#   description: "Secondary eclipse: uncertainty of \\texttt{derivedSecondaryEclDepth}"
#   meta:
#     ucd: stat.error;src.var.amplitude
solution_id,source_id,global_ranking,reference_time,frequency,frequency_error,geom_model_reference_level,geom_model_reference_level_error,geom_model_gaussian1_phase,geom_model_gaussian1_phase_error,geom_model_gaussian1_sigma,geom_model_gaussian1_sigma_error,geom_model_gaussian1_depth,geom_model_gaussian1_depth_error,geom_model_gaussian2_phase,geom_model_gaussian2_phase_error,geom_model_gaussian2_sigma,geom_model_gaussian2_sigma_error,geom_model_gaussian2_depth,geom_model_gaussian2_depth_error,geom_model_cosine_half_period_amplitude,geom_model_cosine_half_period_amplitude_error,geom_model_cosine_half_period_phase,geom_model_cosine_half_period_phase_error,model_type,num_model_parameters,reduced_chi2,derived_primary_ecl_phase,derived_primary_ecl_phase_error,derived_primary_ecl_duration,derived_primary_ecl_duration_error,derived_primary_ecl_depth,derived_primary_ecl_depth_error,derived_secondary_ecl_phase,derived_secondary_ecl_phase_error,derived_secondary_ecl_duration,derived_secondary_ecl_duration_error,derived_secondary_ecl_depth,derived_secondary_ecl_depth_error
[from data line 835]
375316653866487564,4053179917371619584,0.5513882,2271.4938875709663,4.6151062537359095,2.3577417E-5,19.718504,0.012485468,0.24871683,7.711464E-4,0.030294603,0.0031411722,1.0411271,0.4723329,0.6059467,0.0060787895,0.19211945,0.012060775,0.27482072,0.011684843,null,null,null,null,"TWOGAUSSIANS",8,0.9179612,0.24911682,9.285612E-4,0.16964978,0.017590564,1.072417,0.4725818,0.6059467,0.0060787895,0.4,0.0,0.2562164,0.010453209
375316653866487564,4053180432765879936,0.44377944,2240.0803345625854,0.879705685365284,6.023273E-5,18.362022,0.025011566,0.46710682,0.025980959,0.09779774,0.039037045,0.10298261,0.036107052,0.8142649,0.019570379,0.10638342,0.056371957,0.101493776,0.031422466,null,null,null,null,"TWOGAUSSIANS",8,2.3678102,0.46857682,0.024228912,0.4,0.017206622,0.10225733,0.036965575,0.8142649,0.019570379,0.4,0.060122933,0.10045204,0.032823876
375316653866487564,4053180432814343296,0.5816247,2286.694753194537,3.0737954475194336,1.1110755E-5,19.41181,0.021388523,0.22437644,0.013489139,0.07436741,0.008115776,0.6594421,0.080367826,0.725687,0.0035510596,0.07163592,0.006595864,0.50125545,0.016211823,null,null,null,null,"TWOGAUSSIANS",8,1.2514145,0.22437644,0.013489139,0.4,0.010236541,0.6562697,0.07883426,0.725687,0.0035510596,0.4,0.023061093,0.49808303,0.01579805
375316653866487564,4053180501533898240,0.41899556,2236.366383470763,0.6853089451796722,3.336285E-5,19.181051,0.016581183,0.22639541,0.012040585,0.044060253,0.011761706,0.56598556,0.12527514,0.6903996,0.009911917,0.04043508,0.007952289,0.22840695,0.02429334,null,null,null,null,"TWOGAUSSIANS",8,4.1060705,0.22639541,0.012040585,0.2467374,0.06586556,0.56598556,0.12527516,0.6903996,0.009911917,0.22643645,0.044532817,0.22840695,0.024293337
375316653866487564,4053180565967162880,0.4798333,2292.3617168748665,2.2461649705239894,4.072925E-5,19.10743,0.0520006,0.33329108,0.0097920345,0.08943394,0.020003863,0.3361973,0.09384673,0.83488446,0.011738086,0.10092698,0.026059551,0.28170258,0.050062224,null,null,null,null,"TWOGAUSSIANS",8,3.7460563,0.33329108,0.009792511,0.4,0.0,0.31724715,0.094776385,0.83488446,0.011738086,0.4,0.0,0.26274994,0.029415825
375316653866487564,4053180570205022976,0.48629102,2223.367353747505,0.19300732178232674,4.5102945E-5,19.32555,0.0072320458,0.2978649,0.010704501,0.054527286,0.006538567,0.20866677,0.045037426,0.76754016,0.006420326,0.060955644,0.009359965,0.13703302,0.0078612575,null,null,null,null,"TWOGAUSSIANS",8,1.5576346,0.2978649,0.010704501,0.3053528,0.03661598,0.208658,0.045041908,0.76754016,0.006420326,0.3413516,0.052415803,0.13702424,0.007848095
375316653866487564,4053180638973006464,0.5610362,2271.0470372848877,2.561819463414708,2.165022E-5,17.500341,0.026861055,0.28025812,0.008804601,0.09780883,0.015793683,0.34383243,0.03130149,0.772568,0.005306936,0.09016184,0.011077988,0.30743942,0.025314568,null,null,null,null,"TWOGAUSSIANS",8,10.995207,0.28025812,0.008804601,0.4,0.0,0.32686278,0.02306822,0.772568,0.005306936,0.4,0.0,0.2904712,0.009597956
375316653866487564,4053180669048967168,0.52627736,2250.841409401453,2.503016189082707,1.7697612E-5,19.079357,0.070878245,0.20837192,0.0037501215,0.117375374,0.025812412,0.26306418,0.06454896,0.707334,0.036250096,0.111951284,0.05605917,0.2622872,0.070943244,null,null,null,null,"TWOGAUSSIANS",8,2.3184175,0.20837192,0.003615899,0.4,0.0,0.21480651,0.014318873,0.707334,0.036251057,0.4,0.04014262,0.21406546,0.05658041
375316653866487564,4053180673332699776,0.49014074,2222.79069034553,0.14003453663697177,8.216154E-5,19.056383,0.055692878,0.19727096,0.023472771,0.06645523,0.025353545,0.27247384,0.40828645,0.5516241,0.011331097,0.12588134,0.033280272,0.27440733,0.043607246,null,null,null,null,"TWOGAUSSIANS",8,4.5621758,0.19924095,0.023329495,0.3721493,0.12177909,0.27594838,0.41079628,0.5516241,0.011331097,0.4,0.0,0.27254647,0.041852422
375316653866487564,4053180772128128512,0.46907955,2275.1211772329566,4.363513379219725,3.4452398E-5,18.11177,0.022300461,0.4768055,0.01820821,0.15776588,0.02329453,0.28504494,0.026301622,0.7940541,0.060502805,0.06479103,0.03479694,0.06146247,0.030566754,null,null,null,null,"TWOGAUSSIANS",8,12.038445,0.4768055,0.018203404,0.4,0.0,0.28055975,0.022273283,0.7940541,0.060502805,0.36282977,0.11846352,0.094745226,0.038764134
375316653866487564,4053180913850776064,0.45265937,2204.2735084153223,0.13866490815399604,2.4552304E-5,19.025883,0.4620233,0.5753906,0.06274674,0.1628653,0.10788238,0.7585029,0.42953268,0.9326561,0.012447688,0.057059925,0.01678332,0.8846229,0.24445379,null,null,null,null,"TWOGAUSSIANS",8,6.2207537,0.9326561,0.012447688,0.31953558,0.09398659,0.93128014,0.2937008,0.5753906,0.06274674,0.4,0.0072509926,0.736447,0.28537598
375316653866487564,4053180943927500544,0.45999354,2237.050109017543,3.919805671082671,4.5328376E-5,18.90379,0.020558028,0.50283474,0.019688945,0.11428895,0.036913447,0.4844034,0.030094974,0.9535767,0.011613815,0.047858667,0.014925185,0.26580402,0.1470148,null,null,null,null,"TWOGAUSSIANS",8,4.245594,0.50283474,0.019688945,0.4,0.0,0.48200485,0.03426408,0.9535767,0.011613815,0.26800853,0.08358103,0.26361322,0.1483
375316653866487564,4053180948210529024,0.42307287,2297.6172519423103,4.469033796369216,1.8456883E-5,18.899529,0.046742957,0.24135418,0.012398677,0.057159316,0.012530172,0.5435341,0.0935988,0.71623963,0.01832427,0.094324075,0.024830582,0.19571987,0.048537143,null,null,null,null,"TWOGAUSSIANS",8,6.5945992,0.24135418,0.012398677,0.32009217,0.070168965,0.54219437,0.09508254,0.71623963,0.01832427,0.4,0.0,0.1943795,0.044861693
375316653866487564,4053180978287231104,0.4782285,2306.971307082896,0.04944415508748128,7.53058E-5,17.147709,0.009123378,0.11705999,0.019317789,0.039718617,0.0114424275,0.022188487,0.008228162,0.77933484,0.04277026,0.03613378,0.013389658,0.41689348,0.50376457,0.040725496,0.007369815,0.11705999,0.019317789,"TWOGAUSSIANS_WITH_ELLIPSOIDAL_ON_ECLIPSE1",9,15.860211,0.77933484,0.04277026,0.20234917,0.074982084,0.43923244,0.5238138,0.11705999,0.019317789,0.22242425,0.06407759,0.10363918,0.016827602
375316653866487564,4053180982570158464,0.4681571,2255.092836556036,1.9091428241590078,1.0881359E-5,18.033392,0.14609234,0.24858186,0.0051955506,0.11343644,0.03582586,0.21092318,0.12514313,0.7590247,0.0071576056,0.1374144,0.06398009,0.19410267,0.1367214,null,null,null,null,"TWOGAUSSIANS",8,4.863178,0.24836186,0.0043591973,0.4,0.0,0.16099393,0.013933649,0.7590647,0.007089182,0.4,0.0,0.14366443,0.015117553
375316653866487564,4053181154368983296,0.4675638,2313.1347689161557,2.840438132348067,6.817928E-5,19.43191,0.059887778,0.27966553,0.007088761,0.075455464,0.021372173,0.2658012,0.06914029,0.7860986,0.043315277,0.046278443,0.05242926,0.20466836,0.07630165,null,null,null,null,"TWOGAUSSIANS",8,5.722935,0.27966553,0.0070869518,0.4,0.015491066,0.26571962,0.0631388,0.7860986,0.04332435,0.25915927,0.16190961,0.20458677,0.06807659
375316653866487564,4053181188728793728,0.4825432,2253.7724234997877,0.2937194647572862,3.0128464E-5,19.192266,0.28728625,0.1527835,0.02118563,0.13187286,0.09621941,0.33121803,0.28067967,0.69606423,0.049763337,0.11247472,0.06515371,0.35776973,0.41080993,null,null,null,null,"TWOGAUSSIANS",8,2.49874,0.69676423,0.0495677,0.4,0.034282114,0.3009937,0.36525637,0.1526135,0.021071736,0.4,0.0,0.27364096,0.18160328
375316653866487564,4053181394838929664,0.5016371,2309.219776455462,2.0406277277178684,1.6317992E-5,17.769056,0.0087768575,0.27498397,0.008362452,0.082176946,0.012336706,0.18888324,0.027136464,0.7361887,0.006154264,0.09766933,0.007782925,0.2549436,0.018816013,null,null,null,null,"TWOGAUSSIANS",8,6.6767426,0.7361887,0.006154264,0.4,0.0,0.24996288,0.0193073,0.27499396,0.00836234,0.4,0.0,0.18390621,0.030614749
375316653866487564,4053181459322506880,0.46547678,2286.1681399680606,1.0170671274774554,1.1053702E-4,17.642723,0.015297219,0.34050402,0.014017221,0.091791645,0.011662292,0.52366406,0.08072261,0.65278125,0.03284183,0.033902287,0.048075784,0.0694878,0.031087201,null,null,null,null,"TWOGAUSSIANS",8,25.699045,0.34050402,0.014017221,0.4,0.0,0.5236637,0.080734074,0.65278125,0.03284183,0.1898528,0.2592517,0.07109377,0.03096232
375316653866487564,4053181459322604160,0.4423829,2318.2884534009845,4.553031637232295,6.4278305E-5,19.111422,0.006820133,0.26590165,0.005301129,0.05335117,0.0072497297,0.15287447,0.0077564856,0.74202263,0.00917449,0.025289956,0.002493912,2.2546246,1.6572158,null,null,null,null,"TWOGAUSSIANS",8,3.2277076,0.74202263,0.00917449,0.14162375,0.0139659075,2.2546246,1.6572158,0.26590165,0.005301129,0.29876655,0.040598486,0.15287447,0.007756485
375316653866487564,4053181497966562432,0.4990333,2217.95285913129,0.09885785509727961,9.337301E-5,19.4835,0.019204082,0.78327256,0.00494201,0.068332925,0.009975584,0.37684155,0.038569555,null,null,null,null,null,null,null,null,null,null,"ONEGAUSSIAN",5,3.650332,0.78327256,0.00494201,0.38266438,0.049594868,0.37684155,0.0,null,null,null,null,null,null
375316653866487564,4053181497967726976,0.43874606,2308.6072772174184,4.598008259151891,1.0355615E-4,18.38019,0.0335913,0.1228989,0.019967007,0.023617921,0.01289367,0.18282805,0.2902818,0.7146015,0.021980276,0.07544753,0.045835122,0.21040611,0.04652256,null,null,null,null,"TWOGAUSSIANS",8,8.958876,0.7146015,0.021980276,0.4,0.075977296,0.2104061,0.046520676,0.1228989,0.019966614,0.13226037,0.07220455,0.18282814,0.29027036
375316653866487564,4053181532277881728,0.51087356,2222.4734581923303,0.3864845920112828,2.3825503E-5,19.250889,0.023650868,0.22905017,0.015063505,0.0760338,0.0123195015,0.773902,0.09023366,0.48071072,0.03306748,0.08846177,0.03530935,0.5351504,0.13191912,null,null,null,null,"TWOGAUSSIANS",8,3.256088,0.23146018,0.011731326,0.4,0.019858345,0.78357846,0.1125037,0.48071072,0.03306748,0.4,0.0,0.5383445,0.133541
375316653866487564,4053181734200459136,0.52855504,2221.508894080798,0.6422152872556078,3.4891335E-5,19.20384,0.01642274,0.27398545,0.027186375,0.0786264,0.026361372,0.08776684,0.02610714,0.67067415,0.005164425,0.10262146,0.010026539,0.28977007,0.018565468,null,null,null,null,"TWOGAUSSIANS",8,1.8208143,0.67067415,0.005164425,0.4,0.0,0.28844097,0.016547317,0.27442545,0.027160045,0.4,0.03738127,0.0866038,0.024403725
375316653866487564,4053181768563051648,0.56187636,2339.043488347293,0.009344185460086004,1.801727E-6,18.669538,0.0047463616,0.2318675,1.2143169E-4,0.009551302,6.9197296E-4,0.4864988,0.078207016,0.77241623,0.024325075,0.07691006,0.039262075,0.2283721,0.028606733,null,null,null,null,"TWOGAUSSIANS",8,1.2898915,0.2318675,1.2143169E-4,0.05348729,0.0038750484,0.48649883,0.078207016,0.77241623,0.024325075,0.4,0.16905455,0.2283721,0.028606735
375316653866487564,4053181802860356224,0.49577743,2256.7831304470224,1.878144070412107,3.641148E-5,17.81642,0.033422593,0.18363199,0.0068175867,0.10154234,0.03469596,0.11529486,0.021221442,0.7005074,0.011614826,0.102645196,0.020794418,0.13333608,0.03158989,null,null,null,null,"TWOGAUSSIANS",8,3.2294214,0.7005074,0.01160996,0.4,0.0,0.12326981,0.010120261,0.18362199,0.006800172,0.4,0.0,0.10522938,0.011406631
375316653866487564,4053181802922889088,0.543242,2267.539985878946,2.827382156110445,3.3583943E-5,19.036701,0.023454688,0.25492048,0.0063841296,0.07163501,0.009659864,0.45358616,0.06866564,0.75625896,0.012673733,0.075112484,0.012278754,0.53512937,0.063630074,null,null,null,null,"TWOGAUSSIANS",8,3.5061705,0.75625896,0.012673733,0.4,0.011784137,0.5322462,0.06319854,0.25492048,0.0063841296,0.4,0.017196955,0.450703,0.070594214
375316653866487564,4053181979002867584,0.4862899,2270.2331341462364,1.0322240303196146,6.92133E-5,19.249481,0.0131669855,0.38341036,0.013504885,0.13530773,0.04168443,0.17570078,0.02917766,0.90869623,0.010443941,0.022532132,0.0077424096,0.063121386,0.016163679,null,null,null,null,"TWOGAUSSIANS",8,1.4028112,0.38341036,0.013504885,0.4,0.0,0.17476407,0.0324544,0.90875626,0.010345388,0.12617993,0.043357495,0.06265183,0.014729311
375316653866487564,4053182043441660928,0.55202395,2245.820624499804,1.7211906160833808,9.983587E-5,18.125128,0.0033514118,0.25592625,0.006619126,0.052494735,0.004365536,0.31163722,0.023497244,0.7810532,0.033125173,0.040787358,0.024766028,0.14037691,0.77295524,null,null,null,null,"TWOGAUSSIANS",8,3.007062,0.25592625,0.006619126,0.29397053,0.024447002,0.31163716,0.023497408,0.7810532,0.033125173,0.2284092,0.13868976,0.14037685,0.77295554
375316653866487564,4053182112109072000,0.4612898,2238.4156764707304,2.626116440788324,4.238003E-5,18.71158,0.011122543,0.2515783,0.014268644,0.08706435,0.017351937,0.113672644,0.012004743,0.7591042,0.007369977,0.069723815,0.017544562,0.14976138,0.032349396,null,null,null,null,"TWOGAUSSIANS",8,3.4319785,0.7591042,0.007369977,0.39045334,0.03979318,0.1484106,0.034392342,0.2515783,0.014268644,0.4,0.0,0.11232185,0.010491264
375316653866487564,4053182253880893824,0.47746196,2274.5617145170954,0.3052810469073914,6.522872E-5,8.753199,0.0031617312,0.121172145,0.012458399,0.08755275,0.031430036,0.045050163,0.054557104,0.6163179,0.003206711,0.03170135,0.0054583214,0.13310385,0.013831508,null,null,null,null,"TWOGAUSSIANS",8,52.122604,0.6163179,0.003206711,0.17752755,0.030566601,0.13309042,0.013845334,0.121172145,0.012458399,0.4,0.0641358,0.045036722,0.054573953
375316653866487564,4053182455695636608,0.52609366,2270.6872392518794,1.9118338967845836,1.0209756E-5,18.187693,0.0121934395,0.2829198,0.0042002467,0.07114304,0.006643418,0.28137675,0.015609963,0.76561004,0.021596968,0.07562827,0.012129378,0.37919635,0.057363708,null,null,null,null,"TWOGAUSSIANS",8,7.137589,0.76561004,0.021596968,0.4,0.0,0.37788096,0.056736853,0.2829198,0.0042002467,0.398401,0.02204469,0.28006133,0.01536801
375316653866487564,4053182494400323456,0.5034724,2346.0462301940815,0.19830161351444595,4.650041E-6,17.481182,0.11382616,0.21742369,0.0042312727,0.07933207,0.008455673,0.51151145,0.045846045,0.74290395,0.04319305,0.23925284,0.15774603,0.12167142,0.112003505,null,null,null,null,"TWOGAUSSIANS",8,1.8815112,0.21691369,0.004050632,0.4,0.0,0.47345656,0.035943724,0.74290395,0.04319305,0.4,0.0,0.055716503,0.016934235
375316653866487564,4053182627493589888,0.5210192,2296.9340142204,2.0636402084809733,1.900161E-5,17.809494,0.006782544,0.29165506,0.00736275,0.043014858,0.012073225,0.046176884,0.026314683,0.78035355,0.008613449,0.0447895,0.013492063,0.08624175,0.022343898,0.05804421,0.007804054,0.29165506,0.00736275,"TWOGAUSSIANS_WITH_ELLIPSOIDAL_ON_ECLIPSE1",9,6.659711,0.78233355,0.0073360796,0.2508212,0.07555555,0.20184807,0.021570142,0.29165506,0.00736275,0.24088322,0.06761006,0.1622652,0.023079459
375316653866487564,4053182764991482496,0.46682408,2283.8846171445,0.2809176098540347,6.543737E-5,18.502563,0.025027508,0.17963617,0.021417348,0.047338948,0.022996593,0.2409914,0.031768892,0.56811494,0.016688405,0.09808132,0.03611136,0.14385194,0.020478057,null,null,null,null,"TWOGAUSSIANS",8,4.3791037,0.17965616,0.02152884,0.26509812,0.12878092,0.24100205,0.031791918,0.56811494,0.016688405,0.4,0.0,0.14380616,0.020179132
375316653866487564,4053182837950035968,0.46963012,2328.3559782146785,2.60447238006986,3.8318714E-5,17.197083,0.0015768146,0.09607646,0.025152681,0.051105067,0.017394727,0.012083027,0.002436139,0.6808188,0.0153283905,0.1274068,0.0127695035,0.061354216,0.0071688453,null,null,null,null,"TWOGAUSSIANS",8,1.2649921,0.6808188,0.0153283905,0.4,0.0,0.061025515,0.007470239,0.094346456,0.025971698,0.28618836,0.09741047,0.012065354,0.0024055159
