Gaia/vari_eclipsing_binary/VariEclipsingBinary_529217-529234.csv
# %ECSV 1.0
# ---
# delimiter: ','
# meta: !!omap
# - RELEASE: Gaia DR3
# - TABLE: vari_eclipsing_binary
# - DESCRIPTION: >
#     This table describes the properties of the eclipsing binaries resulting from the variability analysis. 
# - CITATION: >
#     How to cite and acknowledge Gaia: 
#     https://gea.esac.esa.int/archive/documentation/credits.html 
# - KNOWN_ISSUES: >
#     Known issues: 
#     https://www.cosmos.esa.int/web/gaia-users/known-issues 
# - DOCUMENTATION: >
#     Tutorials and documentation: 
#     https://www.cosmos.esa.int/web/gaia-users/archive 
# datatype:
# - 
#   name: solution_id
#   datatype: int64
#   description: Solution Identifier
#   meta:
#     ucd: meta.version
# - 
#   name: source_id
#   datatype: int64
#   description: Unique source identifier
#   meta:
#     ucd: meta.id;meta.main
# - 
#   name: global_ranking
#   datatype: float32
#   description: Number between 0 (worst) and 1 (best)
#   meta:
#     ucd: stat.param
# - 
#   name: reference_time
#   datatype: float64
#   unit: d
#   description: Reference time used for the geometric model fit
#   meta:
#     ucd: time.epoch
# - 
#   name: frequency
#   datatype: float64
#   unit: d**-1
#   description: Frequency of geometric model of the eclipsing binary light curve
#   meta:
#     ucd: src.orbital
# - 
#   name: frequency_error
#   datatype: float32
#   unit: d**-1
#   description: "Uncertainty of \\texttt{frequency}"
#   meta:
#     ucd: stat.error
# - 
#   name: geom_model_reference_level
#   datatype: float32
#   unit: mag
#   description: Magnitude reference level of geometric model
#   meta:
#     ucd: phot.mag;em.opt
# - 
#   name: geom_model_reference_level_error
#   datatype: float32
#   unit: mag
#   description: "Uncertainty of \\texttt{geomModelReferenceLevel}"
#   meta:
#     ucd: stat.error;phot.mag;em.opt
# - 
#   name: geom_model_gaussian1_phase
#   datatype: float32
#   description: Phase of the Gaussian 1 component
#   meta:
#     ucd: time.phase
# - 
#   name: geom_model_gaussian1_phase_error
#   datatype: float32
#   description: "Uncertainty of \\texttt{geomModelGaussian1Phase}"
#   meta:
#     ucd: stat.error;time.phase
# - 
#   name: geom_model_gaussian1_sigma
#   datatype: float32
#   description: "Standard deviation [phase] of Gaussian 1 component"
#   meta:
#     ucd: stat.stdev
# - 
#   name: geom_model_gaussian1_sigma_error
#   datatype: float32
#   description: "Uncertainty of \\texttt{geomModelGaussian1Sigma}"
#   meta:
#     ucd: stat.error
# - 
#   name: geom_model_gaussian1_depth
#   datatype: float32
#   unit: mag
#   description: Magnitude depth of Gaussian 1 component
#   meta:
#     ucd: src.var.amplitude
# - 
#   name: geom_model_gaussian1_depth_error
#   datatype: float32
#   unit: mag
#   description: "Uncertainty of \\texttt{geomModelGaussian1Depth}"
#   meta:
#     ucd: stat.error;src.var.amplitude
# - 
#   name: geom_model_gaussian2_phase
#   datatype: float32
#   description: Phase of Gaussian 2 component
#   meta:
#     ucd: time.phase
# - 
#   name: geom_model_gaussian2_phase_error
#   datatype: float32
#   description: "Uncertainty of \\texttt{geomModelGaussian2Phase}"
#   meta:
#     ucd: stat.error;time.phase
# - 
#   name: geom_model_gaussian2_sigma
#   datatype: float32
[...]
#   datatype: float32
#   description: "Secondary eclipse: uncertainty of \\texttt{derivedSecondaryEclDuration}"
#   meta:
#     ucd: stat.error;time.duration
# - 
#   name: derived_secondary_ecl_depth
#   datatype: float32
#   unit: mag
#   description: "Secondary eclipse: depth"
#   meta:
#     ucd: src.var.amplitude
# - 
#   name: derived_secondary_ecl_depth_error
#   datatype: float32
#   unit: mag
#   description: "Secondary eclipse: uncertainty of \\texttt{derivedSecondaryEclDepth}"
#   meta:
#     ucd: stat.error;src.var.amplitude
solution_id,source_id,global_ranking,reference_time,frequency,frequency_error,geom_model_reference_level,geom_model_reference_level_error,geom_model_gaussian1_phase,geom_model_gaussian1_phase_error,geom_model_gaussian1_sigma,geom_model_gaussian1_sigma_error,geom_model_gaussian1_depth,geom_model_gaussian1_depth_error,geom_model_gaussian2_phase,geom_model_gaussian2_phase_error,geom_model_gaussian2_sigma,geom_model_gaussian2_sigma_error,geom_model_gaussian2_depth,geom_model_gaussian2_depth_error,geom_model_cosine_half_period_amplitude,geom_model_cosine_half_period_amplitude_error,geom_model_cosine_half_period_phase,geom_model_cosine_half_period_phase_error,model_type,num_model_parameters,reduced_chi2,derived_primary_ecl_phase,derived_primary_ecl_phase_error,derived_primary_ecl_duration,derived_primary_ecl_duration_error,derived_primary_ecl_depth,derived_primary_ecl_depth_error,derived_secondary_ecl_phase,derived_secondary_ecl_phase_error,derived_secondary_ecl_duration,derived_secondary_ecl_duration_error,derived_secondary_ecl_depth,derived_secondary_ecl_depth_error
[from data line 110]
375316653866487564,4655064780127936384,0.51084864,2209.4489973482487,0.6508798759175923,2.8439425E-5,18.231394,0.010188874,0.3124824,0.0044710566,0.035924435,0.009349509,0.2219868,0.030645886,0.80752045,0.004409772,0.042348288,0.007568589,0.17598227,0.028683908,0.04167126,0.01615398,0.3124824,0.0044710566,"TWOGAUSSIANS_WITH_ELLIPSOIDAL_ON_ECLIPSE1",9,8.225649,0.3124824,0.0044710566,0.20117684,0.052357253,0.3053293,0.042995706,0.80783045,0.0040414417,0.23715042,0.042384095,0.25924888,0.02244049
375316653866487564,4655064878977490944,0.5504965,2218.4563653576406,0.4582364001519196,5.1889678E-5,19.091505,0.003560015,0.3669783,0.0055720136,0.033133976,0.0053611128,0.5885608,0.04756523,0.8880835,0.037554916,0.025444712,0.019977828,0.2462957,1.5691607,null,null,null,null,"TWOGAUSSIANS",8,2.634657,0.3669783,0.0055720136,0.18555026,0.030022232,0.5885608,0.04756523,0.8880835,0.037554916,0.14249039,0.11187584,0.2462957,1.5691607
375316653866487564,4655064951899206144,0.41405895,2169.2540618059547,1.8459955386861657,3.360107E-5,18.92513,0.11649465,0.17561004,0.012549436,0.046511397,0.018373318,0.1081069,0.06783548,0.77402866,0.015034522,0.14180271,0.10097478,0.15136983,0.10468772,null,null,null,null,"TWOGAUSSIANS",8,6.6948123,0.77402866,0.015034522,0.4,0.0,0.14975242,0.058698263,0.17450003,0.011222131,0.26046383,0.10289058,0.10928479,0.071632214
375316653866487564,4655065398603086080,0.50999373,2206.6653689700456,0.39335562414966296,2.294723E-5,15.885793,0.0016544474,0.2701794,0.008844915,0.033811457,0.013462238,0.05926454,0.03708888,0.7520263,0.010969713,0.06649315,0.012775542,0.12005753,0.007256289,0.010333993,0.003148761,0.2701794,0.008844915,"TWOGAUSSIANS_WITH_ELLIPSOIDAL_ON_ECLIPSE1",9,10.762758,0.75304633,0.010070133,0.37236166,0.06990688,0.14043869,0.0069075255,0.2701794,0.008844915,0.18934417,0.07538853,0.0798984,0.0392781
375316653866487564,4655065909675152640,0.580224,2235.3323006782425,0.01128802499390642,7.885544E-6,16.70511,0.037386473,0.27649856,0.0028769618,0.12292782,0.015010516,0.23032787,0.036246166,0.77048904,0.002933026,0.117117405,0.013242234,0.25069726,0.035148222,null,null,null,null,"TWOGAUSSIANS",8,6.2417836,0.77048904,0.002933026,0.4,0.0,0.19881496,0.006499239,0.27652857,0.0028800296,0.4,0.0,0.17838216,0.0071008625
375316653866487564,4655065982718614144,0.4241787,2211.479573513758,1.2196396780578025,5.628975E-5,18.467836,0.31760934,0.27017573,0.044105772,0.11658807,0.052551255,0.15811776,0.10318843,0.7006013,0.039741352,0.21670794,0.18698758,0.1926526,0.3044433,null,null,null,null,"TWOGAUSSIANS",8,8.808442,0.7006013,0.039741352,0.4,0.0,0.11195294,0.03359516,0.2891657,0.025474438,0.4,0.0,0.11174312,0.027923368
375316653866487564,4655065982718620160,0.48621926,2195.6114011678083,0.1477411095442873,3.9792187E-5,18.062038,0.0026011446,null,null,null,null,null,null,null,null,null,null,null,null,0.053427722,0.0029939201,0.7555435,0.0070977057,"ELLIPSOIDAL",4,3.5955393,null,null,null,null,null,null,null,null,null,null,null,null
375316653866487564,4655066356446283776,0.45643383,2193.4042686000053,0.219721776108334,1.1574839E-5,19.264454,0.0038565504,0.37295827,0.023666343,0.015257125,0.016575031,0.21596052,0.13790649,0.9550235,0.0015277987,0.009525633,0.0029371597,0.08739284,0.112196036,null,null,null,null,"TWOGAUSSIANS",8,1.9507016,0.37295827,0.023666343,0.0854399,0.092820175,0.21596052,0.13790649,0.9550235,0.0015277987,0.05334355,0.016448095,0.08739284,0.112196036
375316653866487564,4655066979151150080,0.59973717,2190.757790958979,2.211910388161308,7.2164157E-6,18.012188,0.017382922,0.21113057,0.0028781148,0.09926028,0.0055618086,0.40506202,0.0158828,0.71244305,0.0033590633,0.09902647,0.0070508406,0.41337904,0.015003237,null,null,null,null,"TWOGAUSSIANS",8,2.4499786,0.71244305,0.0033590633,0.4,0.0,0.3798871,0.004968219,0.21113057,0.0028781148,0.4,0.0,0.37156996,0.0064196438
375316653866487564,4655067077906492416,0.42105725,2190.7177202131916,0.29938138684279714,6.5036256E-5,17.308813,0.0057118204,0.44732243,0.06416006,0.13818485,0.078214586,0.03370941,0.018324994,0.8324991,0.010704768,0.021793514,0.011849868,0.08339507,0.018810252,null,null,null,null,"TWOGAUSSIANS",8,8.2544985,0.8324991,0.010704768,0.122043684,0.06635926,0.0839927,0.018997997,0.44732243,0.06416006,0.4,0.0,0.03361255,0.018817386
375316653866487564,4655067288389254656,0.49619767,2187.773889737066,0.5794479290538451,1.0526895E-5,16.539108,0.0024439294,0.28733647,0.0032347522,0.035135932,0.002483147,0.115714096,0.008557358,0.90164715,0.012121366,0.021249292,0.011993305,0.033957034,0.039752856,null,null,null,null,"TWOGAUSSIANS",8,7.564014,0.28733647,0.0032347522,0.19676122,0.013905624,0.115714096,0.008557358,0.90164715,0.012121366,0.11899604,0.06716251,0.033957034,0.039752856
375316653866487564,4655067357108200192,0.41566575,2185.154345874779,0.7754424151297998,4.4719567E-5,18.988531,0.020965382,0.36971232,0.01669424,0.08020741,0.015062093,0.22201209,0.05854621,0.83193636,0.0086893765,0.060799163,0.018320575,0.13267705,0.031277016,null,null,null,null,"TWOGAUSSIANS",8,9.341313,0.36971232,0.01669424,0.4,0.0,0.22176759,0.05847092,0.83193636,0.0086893765,0.34047532,0.102595225,0.13243257,0.031300373
375316653866487564,4655067631958496128,0.50769544,2213.3377688379373,1.0105810563470958,1.7062732E-5,17.962486,0.0020817427,0.50098544,0.006713153,0.068651855,0.007316161,0.15874754,0.02076362,0.906028,0.012353901,0.0076300544,0.006587335,0.16806588,49.736248,null,null,null,null,"TWOGAUSSIANS",8,2.6804495,0.906028,0.012353901,0.042728305,0.036889076,0.16806589,49.736248,0.50098544,0.006713153,0.38445038,0.033902653,0.15874754,0.02076362
375316653866487564,4655067666345797632,0.4351331,2203.5989021292166,0.39471968310821587,5.2559542E-5,17.91265,0.045524165,0.17953093,0.011949867,0.07004726,0.04492309,0.06251483,0.07970191,0.67812824,0.018189637,0.16082497,0.061562322,0.1401579,0.038163178,null,null,null,null,"TWOGAUSSIANS",8,11.500174,0.67812824,0.018189637,0.4,0.0,0.12095152,0.015597917,0.17962094,0.012245094,0.39226466,0.22056851,0.045541618,0.087539375
375316653866487564,4655067803757338496,0.40928406,2180.4807100039952,1.971022859512743,2.6091197E-5,18.816217,0.035998978,0.41272405,0.023513095,0.20004593,0.067402154,0.115620464,0.034272492,0.7944414,0.008902633,0.037395634,0.011156991,0.08993263,0.023490708,null,null,null,null,"TWOGAUSSIANS",8,4.3261356,0.41272405,0.023513095,0.4,0.0,0.10514447,0.023225952,0.7944414,0.008902633,0.20941556,0.06247915,0.099154025,0.024014706
375316653866487564,4655068490955272960,0.529834,2116.2347001361113,0.9392416545793313,2.6655065E-5,16.085497,0.0028721767,0.26300162,0.0041352767,0.040710878,0.0046348427,0.120712176,0.02406595,0.78023297,0.038497224,0.01892533,0.00282943,0.082430184,0.027951427,0.038836207,0.003852481,0.26300162,0.0041352767,"TWOGAUSSIANS_WITH_ELLIPSOIDAL_ON_ECLIPSE1",9,13.6993,0.26300162,0.0041352767,0.22798091,0.025955118,0.19838458,0.02364949,0.78023297,0.038042977,0.10598185,0.015844807,0.15919568,0.02532446
375316653866487564,4655068658475757696,0.43824074,2148.884962789497,0.4287746850618962,2.3558056E-5,18.094215,0.012588278,0.15158185,0.008726948,0.08957278,0.013401055,0.11321227,0.012805028,0.6499607,0.010307015,0.09322296,0.017633852,0.12757121,0.026545776,null,null,null,null,"TWOGAUSSIANS",8,7.4543343,0.6499607,0.010307015,0.4,0.0,0.12199879,0.027843354,0.15158185,0.008726948,0.4,0.0,0.10763995,0.009915668
375316653866487564,4655068658491087744,0.5394091,2132.7599595616257,0.7514751617367916,8.03742E-5,19.004992,0.03186211,0.17918059,0.0058131223,0.031034997,0.008921267,0.32636625,0.10344448,0.6834112,0.089102425,0.038204566,0.1493301,0.48996145,0.48003712,0.06586489,0.02873032,0.17918059,0.0058131223,"TWOGAUSSIANS_WITH_ELLIPSOIDAL_ON_ECLIPSE1",9,4.806534,0.6834112,0.032926157,0.21394557,0.2263273,0.6215978,0.4948995,0.17918059,0.0057985596,0.17379598,0.049959097,0.4580957,0.099630885
375316653866487564,4655068731473246592,0.43055966,2119.581591976229,3.218493385145499,1.961089E-5,17.160326,0.13665374,0.12440821,0.001567865,0.0090868315,0.0029037108,0.14048137,0.26165918,0.6966381,0.013289227,0.30195063,0.1795103,0.13457307,0.12665306,null,null,null,null,"TWOGAUSSIANS",8,5.7445397,0.12435821,0.0015350278,0.05088626,0.01626078,0.1438348,0.26107702,0.6966381,0.013289227,0.4,0.0,0.06736602,0.0127437785
375316653866487564,4655069006395868288,0.42962107,2143.4385055895696,0.5600401177890599,1.6589301E-4,19.215172,0.019314744,0.334061,0.013690216,0.111578785,0.0142156575,0.106431775,0.023417944,0.8507385,0.0059912726,0.06542475,0.017100647,0.15869339,0.016710497,null,null,null,null,"TWOGAUSSIANS",8,4.3125715,0.85074854,0.005997824,0.3663786,0.09576362,0.15538247,0.015226224,0.334061,0.013690216,0.4,0.0,0.10310952,0.020793825
375316653866487564,4655069418694488320,0.44937125,2154.6896973030057,1.4303914867300362,7.2048824E-5,18.063208,0.14660172,0.38564652,0.014766343,0.16884725,0.0507081,0.48989972,0.13804634,0.79744905,0.11662521,0.07438033,0.050207138,0.1837194,0.3267992,null,null,null,null,"TWOGAUSSIANS",8,59.030243,0.38564652,0.014766343,0.4,0.0,0.45270386,0.09601618,0.79744905,0.11662521,0.4,0.23651062,0.17268811,0.31472403
375316653866487564,4655069590492997760,0.41845986,2140.8556640957677,1.6021144133081515,5.0513798E-5,18.675972,0.008442531,0.31912276,0.03684013,0.111432806,0.028588625,0.10693058,0.0170385,0.77072656,0.0303192,0.039069735,0.030401492,0.18146186,0.3461992,null,null,null,null,"TWOGAUSSIANS",8,6.3405123,0.77072656,0.0303192,0.2187905,0.17024836,0.18121187,0.34644353,0.31912276,0.03684013,0.4,0.0,0.10665101,0.016970566
375316653866487564,4655069762291562240,0.64534414,2166.687436644735,0.49550986568471106,5.740016E-6,15.46285,0.006673569,0.28533533,0.0031404714,0.036626637,0.0061267694,0.4213538,0.22961687,0.78577065,0.0011605308,0.03976412,0.0021424855,0.4238597,0.014588707,0.035534423,0.00924404,0.28533533,0.0031404714,"TWOGAUSSIANS_WITH_ELLIPSOIDAL_ON_ECLIPSE1",9,10.998666,0.78577065,0.0011511031,0.22267908,0.011997919,0.49492788,0.0091486685,0.28533533,0.0031404714,0.20510916,0.03430991,0.49242252,0.23659842
375316653866487564,4655069826684975360,0.557938,2152.7980058311396,0.528255126726623,1.3189559E-5,15.230764,0.008876579,0.25987843,0.0039928784,0.043026365,0.01212059,0.054391924,0.021634303,0.7576388,0.01694908,0.051645473,0.020096656,0.16234875,0.0675625,0.08215369,0.010240304,0.25987843,0.0039928784,"TWOGAUSSIANS_WITH_ELLIPSOIDAL_ON_ECLIPSE1",9,17.907625,0.7580288,0.015969118,0.28921464,0.11254127,0.32662815,0.08049938,0.25987843,0.0039928784,0.24094765,0.0678753,0.21869814,0.010833116
375316653866487564,4655069865370778880,0.47341135,2141.1179656426034,1.9619723148812913,3.325976E-5,19.460602,0.017082248,0.15117456,0.023189437,0.06708455,0.013615508,0.2819634,0.08550667,0.6747749,0.007292918,0.07217858,0.010794698,0.30637768,0.026722752,null,null,null,null,"TWOGAUSSIANS",8,8.026766,0.6747749,0.007292918,0.4,0.023790304,0.30587643,0.026967367,0.15117456,0.023189437,0.37567347,0.053970505,0.2814622,0.08586808
375316653866487564,4655069865370780288,0.54659045,2175.704890935113,0.42177367441494684,5.5472352E-5,17.882257,0.003934108,0.19536574,0.001971227,0.018647349,0.001850229,0.28925171,0.051177144,0.6776154,0.008701927,0.021446297,0.006711552,0.36245918,0.01243945,0.021465205,0.008354747,0.19536574,0.001971227,"TWOGAUSSIANS_WITH_ELLIPSOIDAL_ON_ECLIPSE1",9,6.729458,0.6776954,0.008571593,0.12009926,0.037584692,0.40486005,0.015739584,0.19536574,0.001971227,0.10442515,0.010361282,0.3321821,0.05527355
375316653866487564,4655069929812525312,0.43692735,2195.980644797785,1.1052281291927541,2.8436549E-5,19.324926,0.00752139,0.33790198,0.028406763,0.07161304,0.021751191,0.11634726,0.012925787,0.8284719,0.0153903775,0.02431511,0.019995524,0.4250732,118.55921,null,null,null,null,"TWOGAUSSIANS",8,3.1209724,0.8284719,0.0153903775,0.13616462,0.11197493,0.425073,118.55921,0.33790198,0.028406763,0.4,0.112114914,0.11634705,0.012924986
375316653866487564,4655069998532295424,0.43310663,2172.0663422736893,1.4467011455314758,1.4866922E-4,18.776627,0.01121391,0.46586114,0.020526811,0.14993979,0.027044341,0.20277916,0.019403495,0.8100696,0.02796946,0.07169628,0.028561907,0.14526847,0.046229128,null,null,null,null,"TWOGAUSSIANS",8,12.595781,0.46587113,0.020460209,0.4,0.0,0.1983306,0.019509776,0.8100696,0.02796946,0.4,0.10347037,0.15537593,0.04936275
375316653866487564,4655070243327916288,0.4393468,2140.414077473063,0.05183187241965605,7.5739816E-5,18.921196,0.013571934,0.29194844,0.0188954,0.08909505,0.019045744,0.1361387,0.022718703,0.8446905,0.033983085,0.059930235,0.030684547,0.16435446,0.028779306,null,null,null,null,"TWOGAUSSIANS",8,6.334653,0.8446905,0.03398356,0.33560932,0.08469931,0.16405919,0.029340127,0.29194844,0.0188954,0.4,0.0,0.135843,0.021304531
375316653866487564,4655070307769663488,0.41678035,2165.4451793421495,1.980183234622423,5.015694E-5,19.440987,0.03156417,0.14135268,0.037020374,0.080315106,0.024791135,0.21227485,0.04026743,0.65707844,0.013995768,0.07411526,0.025719544,0.23864779,0.07531781,null,null,null,null,"TWOGAUSSIANS",8,6.363958,0.65707844,0.013995768,0.4,0.08326495,0.2369492,0.07621038,0.14135268,0.037020374,0.4,0.048357327,0.21057625,0.037738685
375316653866487564,4655070342129299584,0.54949385,2148.1212107876026,0.07911926994305644,1.1603358E-4,18.08125,0.0030955805,0.30632305,0.052765884,0.04161273,0.03217428,0.051771194,0.011418494,0.59722704,0.023979254,0.041417502,0.012450255,0.46172673,0.11227839,null,null,null,null,"TWOGAUSSIANS",8,4.4296813,0.59722704,0.023979254,0.231938,0.06972143,0.46172673,0.11227839,0.30632305,0.052765884,0.23303129,0.18017597,0.051771194,0.011418496
375316653866487564,4655070346407071360,0.43173462,2159.2097485484037,0.9958042525326416,4.5555553E-5,19.412722,0.011388044,0.27869138,0.0334265,0.055492144,0.019567547,0.088530764,0.019645786,0.8083797,0.014673639,0.022929383,0.04071937,0.27634725,0.20406133,null,null,null,null,"TWOGAUSSIANS",8,5.516925,0.8083797,0.014673639,0.12840454,0.22802848,0.27634725,0.20407154,0.27869138,0.0334265,0.310756,0.10957826,0.088530764,0.01964193
375316653866487564,4655070415100662784,0.4870827,2167.4309105383286,0.3263371636540057,1.05508836E-4,18.196781,0.00508382,0.48684186,0.004031824,0.015149803,0.004004891,0.22496033,0.015677504,0.33108714,0.010593899,0.036074042,0.01900866,0.035805896,0.011663624,null,null,null,null,"TWOGAUSSIANS",8,3.859128,0.48684186,0.00403295,0.0848389,0.02242739,0.22496355,0.015665261,0.33108714,0.010593899,0.20201464,0.1064485,0.035805896,0.011663624
375316653866487564,4655070449459829760,0.43767008,2155.8184230052216,1.8232224958532683,2.166086E-5,18.87495,0.011817677,0.28406534,0.0054460657,0.040464785,0.0069252457,0.13274556,0.033573233,0.7741951,0.009587808,0.081905395,0.014464108,0.07228337,0.015867837,null,null,null,null,"TWOGAUSSIANS",8,3.786754,0.28406534,0.0054460657,0.22660281,0.03878138,0.13271755,0.03353981,0.7741951,0.009587808,0.4,0.0,0.07225536,0.015751906
375316653866487564,4655070788795304448,0.43691155,2094.2251644335247,0.7347333465362449,8.6922206E-5,18.808104,0.021558534,0.23733245,0.017505398,0.102812916,0.040974975,0.11009478,0.022356397,0.69034785,0.040036663,0.07313823,0.036712017,0.113111824,0.039574463,null,null,null,null,"TWOGAUSSIANS",8,4.040338,0.69034785,0.040036663,0.4,0.17125693,0.11137221,0.03832291,0.23733245,0.017505398,0.4,0.0051482352,0.108348384,0.020967565
375316653866487564,4655070793083881216,0.44410726,2122.5024430637213,0.10584129359933209,5.3440814E-5,18.570679,0.05870615,0.25445375,0.022208326,0.12542585,0.069926366,0.118580125,0.050960727,0.6700948,0.01754162,0.11606713,0.021189282,0.20135102,0.043360688,null,null,null,null,"TWOGAUSSIANS",8,4.874473,0.6700948,0.01754162,0.4,0.0,0.18563643,0.013211401,0.25585374,0.023748327,0.4,0.0,0.10271249,0.01955975
