Gaia/vari_eclipsing_binary/VariEclipsingBinary_484264-484316.csv
# %ECSV 1.0
# ---
# delimiter: ','
# meta: !!omap
# - RELEASE: Gaia DR3
# - TABLE: vari_eclipsing_binary
# - DESCRIPTION: >
#     This table describes the properties of the eclipsing binaries resulting from the variability analysis. 
# - CITATION: >
#     How to cite and acknowledge Gaia: 
#     https://gea.esac.esa.int/archive/documentation/credits.html 
# - KNOWN_ISSUES: >
#     Known issues: 
#     https://www.cosmos.esa.int/web/gaia-users/known-issues 
# - DOCUMENTATION: >
#     Tutorials and documentation: 
#     https://www.cosmos.esa.int/web/gaia-users/archive 
# datatype:
# - 
#   name: solution_id
#   datatype: int64
#   description: Solution Identifier
#   meta:
#     ucd: meta.version
# - 
#   name: source_id
#   datatype: int64
#   description: Unique source identifier
#   meta:
#     ucd: meta.id;meta.main
# - 
#   name: global_ranking
#   datatype: float32
#   description: Number between 0 (worst) and 1 (best)
#   meta:
#     ucd: stat.param
# - 
#   name: reference_time
#   datatype: float64
#   unit: d
#   description: Reference time used for the geometric model fit
#   meta:
#     ucd: time.epoch
# - 
#   name: frequency
#   datatype: float64
#   unit: d**-1
#   description: Frequency of geometric model of the eclipsing binary light curve
#   meta:
#     ucd: src.orbital
# - 
#   name: frequency_error
#   datatype: float32
#   unit: d**-1
#   description: "Uncertainty of \\texttt{frequency}"
#   meta:
#     ucd: stat.error
# - 
#   name: geom_model_reference_level
#   datatype: float32
#   unit: mag
#   description: Magnitude reference level of geometric model
#   meta:
#     ucd: phot.mag;em.opt
# - 
#   name: geom_model_reference_level_error
#   datatype: float32
#   unit: mag
#   description: "Uncertainty of \\texttt{geomModelReferenceLevel}"
#   meta:
#     ucd: stat.error;phot.mag;em.opt
# - 
#   name: geom_model_gaussian1_phase
#   datatype: float32
#   description: Phase of the Gaussian 1 component
#   meta:
#     ucd: time.phase
# - 
#   name: geom_model_gaussian1_phase_error
#   datatype: float32
#   description: "Uncertainty of \\texttt{geomModelGaussian1Phase}"
#   meta:
#     ucd: stat.error;time.phase
# - 
#   name: geom_model_gaussian1_sigma
#   datatype: float32
#   description: "Standard deviation [phase] of Gaussian 1 component"
#   meta:
#     ucd: stat.stdev
# - 
#   name: geom_model_gaussian1_sigma_error
#   datatype: float32
#   description: "Uncertainty of \\texttt{geomModelGaussian1Sigma}"
#   meta:
#     ucd: stat.error
# - 
#   name: geom_model_gaussian1_depth
#   datatype: float32
#   unit: mag
#   description: Magnitude depth of Gaussian 1 component
#   meta:
#     ucd: src.var.amplitude
# - 
#   name: geom_model_gaussian1_depth_error
#   datatype: float32
#   unit: mag
#   description: "Uncertainty of \\texttt{geomModelGaussian1Depth}"
#   meta:
#     ucd: stat.error;src.var.amplitude
# - 
#   name: geom_model_gaussian2_phase
#   datatype: float32
#   description: Phase of Gaussian 2 component
#   meta:
#     ucd: time.phase
# - 
#   name: geom_model_gaussian2_phase_error
#   datatype: float32
#   description: "Uncertainty of \\texttt{geomModelGaussian2Phase}"
#   meta:
#     ucd: stat.error;time.phase
# - 
#   name: geom_model_gaussian2_sigma
#   datatype: float32
[...]
#   datatype: float32
#   description: "Secondary eclipse: uncertainty of \\texttt{derivedSecondaryEclDuration}"
#   meta:
#     ucd: stat.error;time.duration
# - 
#   name: derived_secondary_ecl_depth
#   datatype: float32
#   unit: mag
#   description: "Secondary eclipse: depth"
#   meta:
#     ucd: src.var.amplitude
# - 
#   name: derived_secondary_ecl_depth_error
#   datatype: float32
#   unit: mag
#   description: "Secondary eclipse: uncertainty of \\texttt{derivedSecondaryEclDepth}"
#   meta:
#     ucd: stat.error;src.var.amplitude
solution_id,source_id,global_ranking,reference_time,frequency,frequency_error,geom_model_reference_level,geom_model_reference_level_error,geom_model_gaussian1_phase,geom_model_gaussian1_phase_error,geom_model_gaussian1_sigma,geom_model_gaussian1_sigma_error,geom_model_gaussian1_depth,geom_model_gaussian1_depth_error,geom_model_gaussian2_phase,geom_model_gaussian2_phase_error,geom_model_gaussian2_sigma,geom_model_gaussian2_sigma_error,geom_model_gaussian2_depth,geom_model_gaussian2_depth_error,geom_model_cosine_half_period_amplitude,geom_model_cosine_half_period_amplitude_error,geom_model_cosine_half_period_phase,geom_model_cosine_half_period_phase_error,model_type,num_model_parameters,reduced_chi2,derived_primary_ecl_phase,derived_primary_ecl_phase_error,derived_primary_ecl_duration,derived_primary_ecl_duration_error,derived_primary_ecl_depth,derived_primary_ecl_depth_error,derived_secondary_ecl_phase,derived_secondary_ecl_phase_error,derived_secondary_ecl_duration,derived_secondary_ecl_duration_error,derived_secondary_ecl_depth,derived_secondary_ecl_depth_error
[from data line 188]
375316653866487564,4259766504270705792,0.56929034,2185.745147133186,0.8052509382416868,1.2278259E-5,18.516806,0.011930047,0.28611678,0.0067566684,0.031464636,0.0034653435,0.59908414,0.00844675,0.8822133,0.02910447,0.037110053,0.018184302,0.3779595,0.1854074,null,null,null,null,"TWOGAUSSIANS",8,5.626247,0.28611678,0.0067566684,0.17620197,0.019405924,0.59908414,0.00844675,0.8822133,0.02910447,0.2078163,0.10183209,0.3779595,0.1854074
375316653866487564,4259767947377092224,0.48946178,2162.6815295372685,1.153536064544938,6.6888584E-5,18.627047,0.28010377,0.24343625,0.010963692,0.102381185,0.03286235,0.35366157,0.16621594,0.78165424,0.013592503,0.14497574,0.117172316,0.21078376,0.2736912,null,null,null,null,"TWOGAUSSIANS",8,4.4147654,0.24272624,0.008477975,0.4,0.0,0.30807868,0.052772455,0.78171426,0.013303343,0.4,0.0,0.16367163,0.036607467
375316653866487564,4259769901575020288,0.51791555,2232.668394240723,2.2958922823602745,1.2819696E-5,17.22066,0.019719813,0.29528475,0.007825353,0.082347974,0.021733664,0.314883,0.06020392,0.52380854,0.024445761,0.03388057,0.017019687,0.20207742,0.34310228,null,null,null,null,"TWOGAUSSIANS",8,10.342547,0.29528475,0.007825353,0.4,0.0054139835,0.314883,0.060204398,0.52380854,0.024445761,0.1897312,0.095310256,0.2087741,0.34360236
375316653866487564,4259770524370681856,0.5948517,2234.5160738023724,1.0573886834919612,1.1915226E-5,16.630789,0.07241825,0.27111772,0.01216065,0.10574256,0.062257577,0.18571706,0.04680977,0.7653381,0.004282239,0.09357242,0.0142975645,0.3131901,0.06400112,null,null,null,null,"TWOGAUSSIANS",8,10.685983,0.7653381,0.004282239,0.4,0.0,0.2944349,0.010503576,0.27111772,0.012186844,0.4,0.0,0.16695692,0.04784827
375316653866487564,4259778491505035520,0.4992283,2323.403981956635,0.9847384864197872,2.9470419E-5,15.440409,0.010702682,0.24254616,0.008252458,0.07616534,0.016953275,0.085761964,0.010135259,0.7301733,0.0045435335,0.103478774,0.025832864,0.10897195,0.044339404,null,null,null,null,"TWOGAUSSIANS",8,13.020477,0.7301733,0.0045435335,0.4,0.0,0.10563979,0.04832262,0.24254616,0.008264363,0.4,5.35633E-4,0.082431965,0.009224743
375316653866487564,4259786256809576320,0.49134094,2232.605403641481,3.3937217725750353,1.58471E-5,19.2278,0.048604302,0.3389635,0.01221606,0.10397342,0.024599675,0.25126693,0.04872137,0.847061,0.010775223,0.08738463,0.019478219,0.3115396,0.044676248,null,null,null,null,"TWOGAUSSIANS",8,3.0414307,0.847061,0.010778301,0.4,0.0,0.2953294,0.023042077,0.3389635,0.01221606,0.4,0.0,0.23505169,0.035787776
375316653866487564,4259786566047243264,0.5930605,2226.767609200844,0.8756637167228658,9.109997E-5,16.303728,0.0026176088,0.2535373,8.79726E-5,0.027532935,4.3602177E-4,0.25894514,0.0014893735,0.7379396,0.016398983,0.058923643,0.020028183,0.06262796,0.019583754,null,null,null,null,"TWOGAUSSIANS",8,7.3258452,0.2535373,8.79726E-5,0.15418443,0.002441722,0.25894514,0.0014887307,0.7379396,0.016398983,0.32997242,0.07811193,0.06262796,0.019585177
375316653866487564,4259790173816166912,0.5155117,2276.635371527578,2.252234763440459,7.807936E-5,19.688623,0.021180654,0.07225254,0.002566485,0.006848386,0.0031724444,0.057630833,0.014218913,0.5474158,0.02920631,0.09616503,0.08779943,0.52743775,0.37387598,null,null,null,null,"TWOGAUSSIANS",8,1.8953288,0.5474158,0.02920631,0.4,0.0,0.527436,0.38213167,0.07225254,0.0025645723,0.038350962,0.01776569,0.05763191,0.013783539
375316653866487564,4259793579747394688,0.4705616,2217.4876765212557,2.8832546484653268,1.8437582E-5,19.613169,0.018780619,0.20272501,0.011404105,0.11508598,0.021006169,0.114386365,0.027105315,0.59309125,0.0014713869,0.02595456,0.00176283,1.0966574,0.16095528,null,null,null,null,"TWOGAUSSIANS",8,1.8431166,0.59309125,0.0014713869,0.14534554,0.009871848,1.0969933,0.1605698,0.20272501,0.011404105,0.4,0.0,0.11435909,0.027052416
375316653866487564,4259797320641985024,0.5358695,2270.128559230927,0.9966121355627053,1.805445E-5,19.40685,0.01706671,0.20393051,0.04738478,0.08258492,0.02938994,0.11422125,0.048679586,0.7277381,0.0039735227,0.055732723,0.006277979,0.3393415,0.026131958,null,null,null,null,"TWOGAUSSIANS",8,2.2166648,0.7277381,0.0039735227,0.31210324,0.035156682,0.33907935,0.025857706,0.20393051,0.04738478,0.4,0.0015510663,0.11395909,0.047421128
375316653866487564,4259800756615919360,0.48462558,2177.8876052109918,2.7416705483361077,2.1326565E-5,19.864592,0.008011794,0.19059257,0.016408289,0.012956325,0.009500299,0.06103573,0.019071585,0.7104405,0.012165524,0.049853273,0.01748924,0.34642434,0.11156045,null,null,null,null,"TWOGAUSSIANS",8,1.6221036,0.7104405,0.012165524,0.27917832,0.097939745,0.34642434,0.11156045,0.19059257,0.016408289,0.07255542,0.05320167,0.06103573,0.019071585
375316653866487564,4259802543322423680,0.5824332,2188.451923870976,2.729876804662641,1.610361E-5,19.234163,0.0076088468,0.20105444,0.0027356273,0.06754974,0.003103042,0.5784001,0.015805498,0.7046963,0.0048536537,0.06377744,0.004543595,0.48674384,0.005804762,null,null,null,null,"TWOGAUSSIANS",8,2.052263,0.20105444,0.0027356273,0.37827855,0.017377036,0.5777192,0.015739815,0.7046963,0.0048536537,0.35715368,0.025444131,0.486063,0.0059840963
375316653866487564,4259804059476655360,0.48651388,2234.2069350236884,1.67177305134569,2.0588048E-5,14.8397,0.0015065051,null,null,null,null,null,null,null,null,null,null,null,null,0.04207948,0.0020072681,0.2380791,0.0046762954,"ELLIPSOIDAL",4,41.05485,null,null,null,null,null,null,null,null,null,null,null,null
375316653866487564,4259805085943049728,0.61924154,2189.664723937008,2.592867314327388,9.044678E-6,17.748247,0.017386464,0.22705752,0.0023165536,0.04720817,0.010324277,0.49942428,0.038313627,0.7202666,0.026793312,0.055592887,0.013910472,0.30032036,0.31613016,0.12942077,0.022974389,0.22705752,0.0023165536,"TWOGAUSSIANS_WITH_ELLIPSOIDAL_ON_ECLIPSE1",9,9.194557,0.22705752,0.0023165536,0.26436576,0.05781595,0.75825834,0.046379834,0.7214466,0.02141242,0.31132016,0.077898644,0.5587652,0.31190735
375316653866487564,4259825117670526080,0.5772243,2246.2907402788155,2.899110189096421,7.168399E-6,17.921942,0.010182427,0.27043286,0.010016537,0.06875425,0.006089951,0.39654404,0.02913184,0.76899654,0.0026148905,0.0826467,0.007216053,0.39957565,0.053479828,null,null,null,null,"TWOGAUSSIANS",8,3.3727622,0.76899654,0.0026148905,0.4,0.0,0.39628497,0.055353608,0.27043286,0.010016537,0.3850238,0.027034972,0.39325333,0.027633207
375316653866487564,4259832131375885184,0.48181868,2182.695836651136,1.6319800452221271,4.7481695E-5,19.674511,0.0076845433,0.23446423,0.008876263,0.045483638,0.00924803,0.1316098,0.031864505,0.607434,0.0023760488,0.02120233,0.0038553607,2.4082887,1.743603,null,null,null,null,"TWOGAUSSIANS",8,1.8271166,0.607434,0.0023760488,0.11873304,0.02159002,2.4082887,1.743603,0.23446423,0.008876263,0.25470838,0.05178897,0.1316098,0.031864505
375316653866487564,4259834948874295168,0.44223812,2211.997604168433,0.5924137762868193,6.0415692E-5,17.615742,0.010706477,0.27010506,0.009888155,0.09204828,0.018019276,0.11204461,0.03209711,0.71919703,0.010179175,0.10524158,0.02132583,0.17248702,0.059713934,null,null,null,null,"TWOGAUSSIANS",8,3.7383523,0.71919703,0.010179175,0.4,0.0,0.16679254,0.06312021,0.27016506,0.00985967,0.4,0.0,0.10636876,0.033961963
375316653866487564,4259839342603006464,0.5922627,2159.149402437059,3.299216738368813,2.425017E-5,16.107037,0.051092874,0.32847542,0.0045392844,0.04923293,0.010812653,0.55158126,0.11602937,0.8312649,0.012465374,0.04915254,0.017525228,0.5023371,0.160685,0.06916325,0.06922146,0.32847542,0.0045392844,"TWOGAUSSIANS_WITH_ELLIPSOIDAL_ON_ECLIPSE1",9,95.128716,0.32847542,0.0045392844,0.2757044,0.060550857,0.6899054,0.10114155,0.8312649,0.012259149,0.27525422,0.09814128,0.64061874,0.18217914
375316653866487564,4259841404187261568,0.55894214,2213.9761230426375,3.319719750563499,5.4860597E-5,19.463964,0.00990078,0.27767843,0.004926694,0.07032227,0.007124823,0.2576892,0.013951916,0.7914504,0.010244367,0.0825682,0.010560773,0.23943155,0.016653193,null,null,null,null,"TWOGAUSSIANS",8,0.8023766,0.27767843,0.004926694,0.39380473,0.032618184,0.25594667,0.013499639,0.7914504,0.010244367,0.4,0.0,0.23768899,0.01634332
375316653866487564,4259842400626791936,0.52617943,2208.8369546525355,4.54242744992491,7.7525525E-5,17.185997,0.0017065555,0.9023908,0.021048589,0.04917112,0.02838479,0.02564402,0.055869233,0.5466968,0.0060118916,0.037912585,0.0070101824,0.13301656,0.029340511,null,null,null,null,"TWOGAUSSIANS",8,2.0586493,0.5466968,0.0060118916,0.21231046,0.03925702,0.13301656,0.029340513,0.9023908,0.021048589,0.27535826,0.15895483,0.02564402,0.055869233
375316653866487564,4259842778578803968,0.58087146,2233.054514823912,2.2061636384151346,1.0025791E-5,17.64598,0.011495731,0.2241744,0.0036245768,0.08429655,0.005521386,0.46440935,0.027708206,0.7146133,0.006249219,0.07353591,0.005508726,0.44281727,0.015254177,null,null,null,null,"TWOGAUSSIANS",8,6.686241,0.2241744,0.0036245768,0.4,0.0,0.45946735,0.028936818,0.7146133,0.006249219,0.4,0.011082094,0.4378753,0.014756813
375316653866487564,4259843843733523840,0.44539607,2229.910514092979,0.9319718649672417,3.9165025E-4,19.511839,0.023294928,0.25673172,0.02852824,0.043252494,0.014797112,0.3803633,0.07785433,0.75002307,0.009039288,0.09432125,0.01429363,0.15744139,0.022875812,null,null,null,null,"TWOGAUSSIANS",8,4.845193,0.25673172,0.02852824,0.24221396,0.08286383,0.37993458,0.076348685,0.75002307,0.009039288,0.4,0.0,0.15701243,0.021886064
375316653866487564,4259845943967021440,0.4904862,2203.0416852788862,2.5864150730583075,1.7967994E-5,19.112148,0.011573267,0.42537543,0.016824413,0.04209895,0.015162363,0.16674308,0.023219148,0.86971647,0.015405924,0.07694951,0.013220948,0.19533455,0.020436337,null,null,null,null,"TWOGAUSSIANS",8,1.8907235,0.86971647,0.015405924,0.4,0.032999706,0.19532798,0.020447927,0.42537543,0.016824413,0.23575412,0.08490923,0.16673653,0.023216436
375316653866487564,4259846871693518464,0.54459876,2254.0336741335036,4.56327657316181,6.255025E-5,19.524483,0.0540737,0.15428047,0.02957131,0.17388707,0.10023046,0.09259536,0.05113194,0.5380614,0.015722081,0.051179893,0.021200482,0.7970854,1.1727253,null,null,null,null,"TWOGAUSSIANS",8,3.2523632,0.5380614,0.015722081,0.2866074,0.1187227,0.7995631,1.1771543,0.15428047,0.02957131,0.4,0.0,0.08679304,0.041542705
375316653866487564,4259847348425250432,0.53694266,2290.064499335919,3.1168486760231375,3.218078E-5,18.966393,0.4835258,0.34495708,0.007195226,0.11943783,0.032808658,0.49274427,0.34286004,0.8464836,0.0059813443,0.16944994,0.09359522,0.44367668,0.47567174,null,null,null,null,"TWOGAUSSIANS",8,1.5865816,0.3448071,0.007372508,0.4,0.0,0.304237,0.022759786,0.84650356,0.005977747,0.4,0.0,0.24390577,0.014745854
375316653866487564,4259848310496859136,0.6009314,2240.850218938302,2.7445832558935415,1.3789966E-5,18.183928,0.012114141,0.27993038,0.0036518143,0.05118619,0.025575984,0.4118181,0.2113749,0.80186796,0.0019345235,0.029989187,0.0030349607,0.27567685,0.02521039,0.13980265,0.014754074,0.27993038,0.0036518143,"TWOGAUSSIANS_WITH_ELLIPSOIDAL_ON_ECLIPSE1",9,6.038138,0.27993038,0.0036518143,0.28664267,0.12066458,0.69142056,0.22018702,0.80186796,0.0019345235,0.16793945,0.01699578,0.55000055,0.009018231
375316653866487564,4259850578239731968,0.5361776,2259.6770078987897,3.110351518462098,1.7122029E-5,18.866852,0.012829195,0.29483354,0.0050455686,0.07130726,0.0051563205,0.3950843,0.017465884,0.7955662,0.0029357895,0.07434407,0.005503419,0.35707784,0.045258027,null,null,null,null,"TWOGAUSSIANS",8,3.1801763,0.29483354,0.0050455686,0.39932063,0.018937934,0.39304897,0.017069243,0.7955662,0.0029357895,0.4,0.004171163,0.35504252,0.045704834
375316653866487564,4259851201006406016,0.5300024,2208.8710576504564,2.7286700160356263,1.9603875E-5,19.834745,0.014375463,0.15402356,0.0037128981,0.07124735,0.0056397,0.56156665,0.048505217,0.67231846,0.02341967,0.06761755,0.012905581,0.6624547,0.29838938,null,null,null,null,"TWOGAUSSIANS",8,2.1838987,0.67231846,0.02341967,0.37865826,0.070740625,0.6613063,0.29937997,0.15402356,0.0037128981,0.39898515,0.019112496,0.5604182,0.04900996
375316653866487564,4259853155216579584,0.6183737,2228.6302402937986,2.3841898421505845,5.6600744E-5,18.260826,0.004982214,0.19486561,0.0065498515,0.059705168,0.004037206,0.46960974,0.039391603,0.6983209,0.0035158389,0.049222138,0.0058310735,0.47440755,0.02877486,null,null,null,null,"TWOGAUSSIANS",8,2.3914962,0.6983209,0.0035158389,0.27564397,0.03265401,0.474386,0.028804831,0.19486561,0.0065498515,0.33434895,0.022608353,0.46958816,0.039400037
375316653866487564,4259855977024245376,0.5552677,2251.6343523017003,0.5659820282381014,4.3626802E-5,16.236826,0.001541175,0.25225464,0.07668122,0.05981546,0.055467196,0.01143466,0.0076874397,0.7647759,0.048425127,0.023447098,0.016806854,0.1178346,0.2542698,null,null,null,null,"TWOGAUSSIANS",8,4.181447,0.7647759,0.048425127,0.13130376,0.09411839,0.1178346,0.2542698,0.25225464,0.07668122,0.33496657,0.31061628,0.01143466,0.0076874397
375316653866487564,4259859133811924352,0.49360177,2242.4634908632897,2.3559849195079647,3.314187E-5,19.044708,0.049342267,0.21249855,0.00915503,0.10087598,0.026106719,0.22782485,0.04525297,0.6782203,0.013400139,0.09286786,0.02444002,0.2564719,0.1054379,null,null,null,null,"TWOGAUSSIANS",8,2.6138778,0.6782203,0.013400139,0.4,0.0,0.24573049,0.10466178,0.21249855,0.009137704,0.4,0.0,0.2170788,0.021505883
375316653866487564,4259860031460516736,0.5827033,2192.197242715517,1.8836392342863035,1.7222092E-5,16.298025,0.011055406,0.23960295,0.0040323194,0.06876987,0.0047623985,0.37561986,0.0132992435,0.7544089,0.0018365416,0.06973384,0.0031440174,0.3525742,0.020536304,null,null,null,null,"TWOGAUSSIANS",8,34.08069,0.23960295,0.0040323194,0.38511127,0.026669431,0.374892,0.013278766,0.7544089,0.0018365416,0.39050955,0.017606497,0.35184634,0.02047335
375316653866487564,4259861057959853568,0.5228285,2241.767354954748,2.375561672412926,9.3345025E-6,18.733849,0.008901052,0.22550626,0.0019481619,0.07924789,0.0033746427,0.43335506,0.012802013,0.7260157,0.006631482,0.07346702,0.0073594586,0.54359716,0.097328015,null,null,null,null,"TWOGAUSSIANS",8,3.3524597,0.7260157,0.006631482,0.4,0.0,0.5391103,0.09894767,0.22550626,0.0019481619,0.4,0.0,0.42886817,0.012803213
375316653866487564,4259861195398859776,0.5208269,2242.7494503733456,4.071941492607132,1.6921342E-5,18.349934,0.006737291,0.31118083,0.0014477611,0.016315382,9.445244E-4,0.4845417,0.025175225,null,null,null,null,null,null,null,null,null,null,"ONEGAUSSIAN",5,11.365276,0.31118083,0.0014477611,0.09136614,0.0052893367,0.4845417,0.0,null,null,null,null,null,null
375316653866487564,4259861543302088832,0.64145625,2223.3026582924117,2.9974013967960365,1.0733409E-5,16.561325,0.003363696,0.53907305,0.0024171507,0.12091804,0.0038647733,0.2379735,0.0068471236,0.19471797,0.00963818,0.012100662,0.0024744116,0.15080878,0.16884215,null,null,null,null,"TWOGAUSSIANS",8,3.89308,0.53907305,0.0024171507,0.4,0.0,0.2378813,0.00686362,0.19480798,0.009623778,0.06776371,0.013856705,0.15484628,0.16983259
375316653866487564,4259861745154775552,0.51619744,2155.9544803616423,3.480643995534428,4.7924237E-5,18.138239,0.015851323,0.20529476,0.008802335,0.07803143,0.012674654,0.21636382,0.018787924,0.7120572,0.0076347976,0.08010156,0.013970073,0.2880648,0.07132705,null,null,null,null,"TWOGAUSSIANS",8,4.191103,0.7120572,0.0076347976,0.4,0.0,0.2851223,0.07463064,0.20529476,0.008802335,0.4,0.0,0.2134213,0.014783358
375316653866487564,4259862505361925376,0.48134494,2215.554954288393,2.7449480526275223,1.9715233E-5,19.585474,0.045028504,0.3127771,0.0041691675,0.078167416,0.015122774,0.27550083,0.041744955,0.809543,0.012902325,0.081541836,0.020902399,0.3172578,0.046536073,null,null,null,null,"TWOGAUSSIANS",8,2.3310716,0.809543,0.012902325,0.4,0.020370672,0.31312376,0.042083915,0.3127771,0.0041691675,0.4,0.010768814,0.27136683,0.036151107
