Gaia/vari_eclipsing_binary/VariEclipsingBinary_679632-679641.csv
# %ECSV 1.0
# ---
# delimiter: ','
# meta: !!omap
# - RELEASE: Gaia DR3
# - TABLE: vari_eclipsing_binary
# - DESCRIPTION: >
#     This table describes the properties of the eclipsing binaries resulting from the variability analysis. 
# - CITATION: >
#     How to cite and acknowledge Gaia: 
#     https://gea.esac.esa.int/archive/documentation/credits.html 
# - KNOWN_ISSUES: >
#     Known issues: 
#     https://www.cosmos.esa.int/web/gaia-users/known-issues 
# - DOCUMENTATION: >
#     Tutorials and documentation: 
#     https://www.cosmos.esa.int/web/gaia-users/archive 
# datatype:
# - 
#   name: solution_id
#   datatype: int64
#   description: Solution Identifier
#   meta:
#     ucd: meta.version
# - 
#   name: source_id
#   datatype: int64
#   description: Unique source identifier
#   meta:
#     ucd: meta.id;meta.main
# - 
#   name: global_ranking
#   datatype: float32
#   description: Number between 0 (worst) and 1 (best)
#   meta:
#     ucd: stat.param
# - 
#   name: reference_time
#   datatype: float64
#   unit: d
#   description: Reference time used for the geometric model fit
#   meta:
#     ucd: time.epoch
# - 
#   name: frequency
#   datatype: float64
#   unit: d**-1
#   description: Frequency of geometric model of the eclipsing binary light curve
#   meta:
#     ucd: src.orbital
# - 
#   name: frequency_error
#   datatype: float32
#   unit: d**-1
#   description: "Uncertainty of \\texttt{frequency}"
#   meta:
#     ucd: stat.error
# - 
#   name: geom_model_reference_level
#   datatype: float32
#   unit: mag
#   description: Magnitude reference level of geometric model
#   meta:
#     ucd: phot.mag;em.opt
# - 
#   name: geom_model_reference_level_error
#   datatype: float32
#   unit: mag
#   description: "Uncertainty of \\texttt{geomModelReferenceLevel}"
#   meta:
#     ucd: stat.error;phot.mag;em.opt
# - 
#   name: geom_model_gaussian1_phase
#   datatype: float32
#   description: Phase of the Gaussian 1 component
#   meta:
#     ucd: time.phase
# - 
#   name: geom_model_gaussian1_phase_error
#   datatype: float32
#   description: "Uncertainty of \\texttt{geomModelGaussian1Phase}"
#   meta:
#     ucd: stat.error;time.phase
# - 
#   name: geom_model_gaussian1_sigma
#   datatype: float32
#   description: "Standard deviation [phase] of Gaussian 1 component"
#   meta:
#     ucd: stat.stdev
# - 
#   name: geom_model_gaussian1_sigma_error
#   datatype: float32
#   description: "Uncertainty of \\texttt{geomModelGaussian1Sigma}"
#   meta:
#     ucd: stat.error
# - 
#   name: geom_model_gaussian1_depth
#   datatype: float32
#   unit: mag
#   description: Magnitude depth of Gaussian 1 component
#   meta:
#     ucd: src.var.amplitude
# - 
#   name: geom_model_gaussian1_depth_error
#   datatype: float32
#   unit: mag
#   description: "Uncertainty of \\texttt{geomModelGaussian1Depth}"
#   meta:
#     ucd: stat.error;src.var.amplitude
# - 
#   name: geom_model_gaussian2_phase
#   datatype: float32
#   description: Phase of Gaussian 2 component
#   meta:
#     ucd: time.phase
# - 
#   name: geom_model_gaussian2_phase_error
#   datatype: float32
#   description: "Uncertainty of \\texttt{geomModelGaussian2Phase}"
#   meta:
#     ucd: stat.error;time.phase
# - 
#   name: geom_model_gaussian2_sigma
#   datatype: float32
[...]
#   datatype: float32
#   description: "Secondary eclipse: uncertainty of \\texttt{derivedSecondaryEclDuration}"
#   meta:
#     ucd: stat.error;time.duration
# - 
#   name: derived_secondary_ecl_depth
#   datatype: float32
#   unit: mag
#   description: "Secondary eclipse: depth"
#   meta:
#     ucd: src.var.amplitude
# - 
#   name: derived_secondary_ecl_depth_error
#   datatype: float32
#   unit: mag
#   description: "Secondary eclipse: uncertainty of \\texttt{derivedSecondaryEclDepth}"
#   meta:
#     ucd: stat.error;src.var.amplitude
solution_id,source_id,global_ranking,reference_time,frequency,frequency_error,geom_model_reference_level,geom_model_reference_level_error,geom_model_gaussian1_phase,geom_model_gaussian1_phase_error,geom_model_gaussian1_sigma,geom_model_gaussian1_sigma_error,geom_model_gaussian1_depth,geom_model_gaussian1_depth_error,geom_model_gaussian2_phase,geom_model_gaussian2_phase_error,geom_model_gaussian2_sigma,geom_model_gaussian2_sigma_error,geom_model_gaussian2_depth,geom_model_gaussian2_depth_error,geom_model_cosine_half_period_amplitude,geom_model_cosine_half_period_amplitude_error,geom_model_cosine_half_period_phase,geom_model_cosine_half_period_phase_error,model_type,num_model_parameters,reduced_chi2,derived_primary_ecl_phase,derived_primary_ecl_phase_error,derived_primary_ecl_duration,derived_primary_ecl_duration_error,derived_primary_ecl_depth,derived_primary_ecl_depth_error,derived_secondary_ecl_phase,derived_secondary_ecl_phase_error,derived_secondary_ecl_duration,derived_secondary_ecl_duration_error,derived_secondary_ecl_depth,derived_secondary_ecl_depth_error
[from data line 405]
375316653866487564,5978176799062251520,0.4263159,2319.1940608519153,3.5695913808870126,3.5076024E-5,19.014372,0.015195215,0.12608702,0.0030078655,0.0292097,0.0025656482,0.5996857,0.023765575,0.6768848,0.011995271,0.05437647,0.0077523096,0.5692018,0.15059829,null,null,null,null,"TWOGAUSSIANS",8,5.042689,0.12608702,0.0030078655,0.16357432,0.01436763,0.5996857,0.023765575,0.6768848,0.011995271,0.30450824,0.043412935,0.5692018,0.15059829
375316653866487564,5978177009563853952,0.5899808,2279.809880449375,3.4861605817021792,6.7780384E-6,18.249775,0.0072767586,0.2844087,0.0013505457,0.06084057,0.0021842215,0.46063462,0.012692126,0.7798258,0.0032905417,0.068226516,0.006027343,0.6577379,0.03901907,null,null,null,null,"TWOGAUSSIANS",8,5.5191145,0.7798258,0.0032905417,0.3820685,0.026910672,0.6572052,0.039426524,0.2844087,0.0013505457,0.34070718,0.0122316405,0.46010193,0.01262487
375316653866487564,5978177078283286016,0.4213257,2258.150862532542,3.1627044726038074,7.225437E-5,19.485428,0.009248173,null,null,null,null,null,null,null,null,null,null,null,null,0.117822565,0.015575545,0.24004798,0.0071608378,"ELLIPSOIDAL",4,11.323439,null,null,null,null,null,null,null,null,null,null,null,null
375316653866487564,5978177078286868352,0.52842724,2295.220073642254,0.07675403179883346,1.0848773E-6,18.430216,0.0025430496,0.16881548,1.260032E-6,0.0014356113,8.749422E-6,1.4361825,0.0173565,0.90074855,0.027410604,0.0030053852,0.009563283,0.06512224,2.0828352,null,null,null,null,"TWOGAUSSIANS",8,2.6378832,0.16881548,1.260032E-6,0.008039423,4.8996764E-5,1.4361825,0.0173565,0.90074855,0.027410604,0.016830157,0.053554386,0.06512224,2.0828352
375316653866487564,5978177628042848384,0.4824349,2262.1393613043474,2.6964347844601098,2.676621E-5,19.704546,0.021037413,0.28032598,0.011870909,0.08265105,0.012394803,0.29971352,0.024812995,0.77647525,0.0056760535,0.089054175,0.010999537,0.26718572,0.022040922,null,null,null,null,"TWOGAUSSIANS",8,2.2531292,0.28032598,0.011870909,0.4,0.0,0.2921007,0.02340382,0.77647525,0.0056760535,0.4,0.0,0.2595728,0.019295324
375316653866487564,5978177765481939456,0.41274506,2239.514107528127,3.895340803493832,1.5289507E-4,19.81365,0.036687024,0.1894392,0.0030916815,0.018255364,0.0044477494,0.23775999,0.04908554,0.6718735,0.0296102,0.16934176,0.024009462,0.3401529,0.057351332,null,null,null,null,"TWOGAUSSIANS",8,7.2782054,0.6718735,0.0296102,0.4,0.0,0.32836762,0.054287918,0.1894992,0.0030808724,0.102230035,0.024907397,0.2350407,0.048068136
375316653866487564,5978178005996579712,0.5031567,2245.7599972953885,1.9980422390465247,3.9096565E-5,19.692,0.014157281,0.25940108,0.020970149,0.0444205,0.022709604,4.0800076,436.51218,0.77922314,0.0035640174,0.06753578,0.0045444407,0.5356368,0.023128016,null,null,null,null,"TWOGAUSSIANS",8,4.25739,0.25940108,0.020970149,0.2487548,0.12717378,4.0799603,436.51224,0.77922314,0.0035640174,0.37820038,0.025448866,0.5355895,0.023130368
375316653866487564,5978178040431295744,0.60465413,2259.8633700066753,1.4006075725071776,5.6800036E-6,17.328064,0.0036457197,0.20940849,0.0010639628,0.075546615,0.0016005022,0.4326372,0.008120996,0.7091182,0.0025875256,0.07699278,0.0030715484,0.31546432,0.010287996,null,null,null,null,"TWOGAUSSIANS",8,5.394342,0.20940849,0.0010639628,0.4,0.0,0.4292368,0.008265983,0.7091182,0.0025875256,0.4,0.0,0.31206387,0.010545398
375316653866487564,5978178310903161984,0.4963853,2233.0890528126274,3.0544948619071417,2.5946469E-5,19.637585,0.04243199,0.26380083,0.009759476,0.10391623,0.018984864,0.3737453,0.045928128,0.7439327,0.0035346618,0.0907561,0.010140143,0.41899574,0.04092551,null,null,null,null,"TWOGAUSSIANS",8,3.145005,0.7439327,0.0035346618,0.4,0.0,0.39679024,0.026950782,0.26380083,0.009759476,0.4,0.0,0.35153016,0.04485408
375316653866487564,5978178315234105472,0.4579927,2306.739195837371,1.6032228628854441,1.669627E-5,18.242975,0.023796042,0.26709777,0.0057928916,0.102402754,0.011971535,0.25503165,0.02465334,0.77547514,0.0031206526,0.09495501,0.00919298,0.39177033,0.022024997,null,null,null,null,"TWOGAUSSIANS",8,4.4197836,0.77547514,0.0031206526,0.4,0.0,0.36919394,0.023972291,0.26709777,0.0057928916,0.4,0.0,0.23245241,0.013947837
375316653866487564,5978178452673129088,0.44105938,2266.1348659169735,2.65185813815737,4.0645726E-5,18.021736,0.0039162613,0.11964653,0.02397974,0.013034739,0.009391985,0.35926768,0.8961095,0.73942506,0.008652648,0.028292209,0.016422957,0.03872644,0.096898615,0.037018146,0.0055987816,0.73942506,0.008652648,"TWOGAUSSIANS_WITH_ELLIPSOIDAL_ON_ECLIPSE2",9,8.300536,0.11986653,0.024061494,0.07299454,0.052595112,0.39876395,0.9006616,0.73942506,0.008652648,0.15843637,0.09196856,0.11276273,0.09644633
375316653866487564,5978178654484915584,0.48499882,2272.0427326683666,2.0239235293202156,3.5161953E-5,18.930784,0.08110031,0.19563432,0.008220402,0.103839815,0.022154424,0.2436884,0.076953,0.67983836,0.005925086,0.12328149,0.033632066,0.19223532,0.078832865,null,null,null,null,"TWOGAUSSIANS",8,2.4826124,0.19571431,0.00823209,0.4,0.0,0.2115728,0.014226141,0.67983836,0.005925086,0.4,0.0,0.16000906,0.017891621
375316653866487564,5978179311670202880,0.50585455,2279.8987460076128,0.3144095631554565,1.21147204E-4,16.880014,0.0019170089,0.34925947,0.02792548,0.032686226,0.032176074,0.11065775,0.078560725,0.8280763,0.006153524,0.017363075,0.0075773112,0.12890796,0.01747191,null,null,null,null,"TWOGAUSSIANS",8,4.958217,0.8280763,0.006153524,0.09723322,0.042432945,0.12890796,0.01747191,0.34925947,0.02792548,0.18304287,0.180186,0.11065775,0.078560725
375316653866487564,5978179517828500224,0.49115565,2271.9096275760658,3.8592815477727878,2.3483619E-5,19.429014,0.0049846703,0.4517514,0.013152464,0.019439377,0.008625151,0.12845385,0.14874409,0.84021527,0.004638605,0.027859494,0.0026265853,0.6647928,0.14701687,null,null,null,null,"TWOGAUSSIANS",8,1.2374039,0.84021527,0.004638605,0.15601316,0.0147088785,0.6647928,0.14701687,0.4517514,0.013152464,0.10886051,0.048300844,0.12845385,0.14874409
375316653866487564,5978179827066374016,0.426814,2265.2944573999876,1.8673307876158387,7.850388E-5,19.335934,0.24721472,0.2712409,0.014756049,0.13811563,0.14521141,0.15189649,0.23269217,0.8013453,0.01680201,0.096466295,0.04561553,0.20789722,0.15983729,null,null,null,null,"TWOGAUSSIANS",8,3.6722665,0.8017453,0.0141333435,0.4,0.0,0.1823237,0.027102418,0.2712309,0.014628591,0.4,0.0,0.12576093,0.029120957
375316653866487564,5978180063237792000,0.47532386,2287.4814197658543,3.210643351709386,9.036899E-5,18.03869,0.0140224155,0.28901365,0.0059283855,0.078342035,0.00986578,0.16219857,0.015959341,0.7657331,0.010364092,0.085499614,0.014061839,0.23410101,0.017409084,null,null,null,null,"TWOGAUSSIANS",8,15.496414,0.7657331,0.010364092,0.4,0.0,0.23171113,0.01575944,0.28901365,0.0059283855,0.4,0.0,0.15980874,0.014221949
375316653866487564,5978180269396290176,0.55255586,2280.2763721985007,0.8998364250331625,1.9706924E-5,17.885612,0.011304047,0.21219537,0.0025982202,0.08804727,0.006062962,0.2501957,0.012571402,0.7105009,0.0032687287,0.094754905,0.0051870155,0.2221651,0.011922008,null,null,null,null,"TWOGAUSSIANS",8,2.658719,0.21219537,0.0025982202,0.4,0.0,0.23932211,0.011728404,0.7105009,0.0032687287,0.4,0.0,0.21129113,0.008381578
375316653866487564,5978180441207181312,0.47757173,2304.4711533028144,2.8447981031606573,1.851335E-5,18.990591,0.0028082726,0.19170287,0.0031669522,0.013625907,0.016308816,0.002906449,0.23688944,null,null,null,null,null,null,0.09818901,0.003655936,0.19170287,0.0031669522,"ONEGAUSSIAN_WITH_ELLIPSOIDAL",6,3.3566532,0.19170287,0.0031669522,0.07630508,0.09132937,0.19928403,0.23595527,null,null,null,null,null,null
375316653866487564,5978180514333045504,0.6210759,2295.0096625555493,0.8608367793723815,8.600446E-6,15.9259405,0.0025582667,0.23905686,0.0046298956,0.052295353,0.0059346166,0.10537784,0.018187402,0.73744416,0.0010018586,0.045135237,9.587402E-4,0.40582728,0.010310622,0.012321193,0.0037405198,0.23905686,0.0046298956,"TWOGAUSSIANS_WITH_ELLIPSOIDAL_ON_ECLIPSE1",9,8.668943,0.73746413,9.872239E-4,0.25275734,0.0053689447,0.43046594,0.0092370305,0.23905686,0.0046298956,0.29285398,0.033233855,0.13001901,0.01802197
375316653866487564,5978180789139647744,0.52719367,2293.385137797634,2.313143447875134,1.7905444E-5,18.652573,0.010500975,0.1777578,0.0022769675,0.086801305,0.004408159,0.38129517,0.014154372,0.68429106,0.0035518783,0.08467517,0.005319157,0.3059926,0.014671399,null,null,null,null,"TWOGAUSSIANS",8,4.467947,0.1777578,0.0022769675,0.4,0.0,0.3725852,0.014377376,0.68429106,0.0035518783,0.4,0.0,0.29728267,0.01453654
375316653866487564,5978180853508368256,0.56262803,2288.523021329781,1.2349655465789053,1.30138005E-5,18.22984,0.012491246,0.22763517,0.0029868847,0.104517676,0.007853312,0.22167055,0.013384559,0.7329277,0.002578596,0.098057866,0.006074386,0.25064334,0.011748864,null,null,null,null,"TWOGAUSSIANS",8,1.4833963,0.7329277,0.002578596,0.4,0.0,0.22970904,0.0060683517,0.22763517,0.0029868847,0.4,0.0,0.20073254,0.012829016
375316653866487564,5978180926649956608,0.4931238,2289.5507459939336,2.268192878997011,3.7104175E-5,18.495556,0.014323573,0.2514693,0.007066894,0.09664926,0.011604666,0.23537248,0.01709083,0.7488999,0.0060255104,0.08699574,0.012359123,0.2187777,0.01994744,null,null,null,null,"TWOGAUSSIANS",8,4.7728114,0.2514693,0.007066894,0.4,0.0,0.22463492,0.016067285,0.7488999,0.0060255104,0.4,0.0,0.20804083,0.021310616
375316653866487564,5978181270176029568,0.48612604,2263.5832993936833,3.018025025363783,4.9670354E-5,19.79955,0.018380202,0.23767272,0.015238899,0.080855586,0.011312331,0.32110375,0.061617613,0.74978924,0.0069055795,0.08688798,0.012991055,0.2711727,0.036485873,null,null,null,null,"TWOGAUSSIANS",8,2.0899367,0.23767272,0.015238899,0.4,0.0,0.31554395,0.064234786,0.74978924,0.0069055795,0.4,0.0,0.26561284,0.03733623
375316653866487564,5978181304531882752,0.552133,2285.7615855790527,2.3267531797228163,2.6733665E-5,18.769197,0.008196176,0.2750337,0.0033409933,0.09663479,0.0051729106,0.294632,0.014158592,0.7701962,0.0051021716,0.0850735,0.005716243,0.3433609,0.01146279,null,null,null,null,"TWOGAUSSIANS",8,2.207708,0.7701962,0.0051021716,0.4,0.0,0.3300635,0.009527626,0.2750337,0.0033409933,0.4,0.0,0.28133368,0.014454407
375316653866487564,5978181338891672704,0.52834606,2266.841684687509,3.5083718554326504,1.631628E-5,17.932152,0.016338415,0.27026308,0.0027396167,0.08643274,0.0049835914,0.47103027,0.0261099,0.76574904,0.0035434456,0.09044955,0.007235598,0.45001882,0.0193767,null,null,null,null,"TWOGAUSSIANS",8,13.494079,0.27026308,0.0027396167,0.4,0.0,0.45528352,0.026439184,0.76574904,0.0035434456,0.4,0.0,0.43427193,0.019993061
375316653866487564,5978181407611245824,0.5175377,2256.8778190873,2.700922524922169,2.825483E-5,19.129156,0.016266383,0.24861081,0.00533844,0.08631609,0.009177844,0.325307,0.01514995,0.73326766,0.003596231,0.094909206,0.0059453375,0.35833886,0.01909135,null,null,null,null,"TWOGAUSSIANS",8,3.642893,0.73326766,0.003596231,0.4,0.0,0.34634677,0.016555099,0.24861081,0.00533844,0.4,0.0,0.31331578,0.0115581155
375316653866487564,5978181888647592448,0.46763596,2274.0310262428397,2.744812434183347,3.9677023E-5,17.32582,0.15390083,0.24409,0.0133014945,0.12318698,0.08709002,0.11391595,0.14572272,0.7485664,0.005230399,0.11227692,0.03648593,0.1460708,0.1267153,null,null,null,null,"TWOGAUSSIANS",8,4.4736195,0.74858636,0.0052666306,0.4,0.0,0.12041923,0.007763659,0.24408,0.013296851,0.4,0.0,0.08821813,0.011302178
375316653866487564,5978182124842607744,0.5422443,2286.203272069947,1.6167794731128888,1.7011855E-5,18.821062,0.010433062,0.28410393,0.0038830428,0.080254085,0.0056073386,0.33855745,0.015819743,0.7747629,0.0029458809,0.083336845,0.004827413,0.348943,0.014338017,null,null,null,null,"TWOGAUSSIANS",8,2.4436765,0.7747629,0.0029458809,0.4,0.0,0.34354457,0.014127068,0.28410393,0.0038830428,0.4,0.0,0.33315906,0.016620396
375316653866487564,5978182163600157312,0.5055612,2270.4333588553886,0.4255675918181531,1.6098548E-4,16.553047,0.0016938598,0.7517288,0.026510552,0.035644583,0.027955275,0.28603733,1.6129646,null,null,null,null,null,null,null,null,null,null,"ONEGAUSSIAN",5,23.660793,0.7517288,0.026510552,0.19960967,0.15654954,0.28603733,0.0,null,null,null,null,null,null
375316653866487564,5978182266608983808,0.54951394,2239.0647569129474,2.773764259455022,1.735527E-5,19.632391,0.01595705,0.24042931,0.002336963,0.043698393,0.0054465663,0.4511966,0.03671514,0.7461833,0.03871955,0.040777843,0.02782411,0.3623588,0.9649363,0.16630892,0.025623305,0.24042931,0.002336963,"TWOGAUSSIANS_WITH_ELLIPSOIDAL_ON_ECLIPSE1",9,2.6025276,0.24042931,0.002336963,0.24471101,0.030500771,0.7838144,0.048588213,0.7461833,0.038658313,0.22835593,0.155815,0.69454205,0.9778045
375316653866487564,5978182300964651264,0.5173268,2259.663994296877,2.803492042636615,1.7131255E-5,19.452847,0.013831042,0.269161,0.0056829276,0.090437084,0.007899134,0.42379516,0.025227787,0.7893962,0.005269253,0.086155854,0.0075812554,0.38457435,0.015131835,null,null,null,null,"TWOGAUSSIANS",8,1.6924804,0.269161,0.0056829276,0.4,0.0,0.41325328,0.026037904,0.7893962,0.005269253,0.4,0.0,0.37403277,0.01520856
375316653866487564,5978182678926155264,0.46131337,2280.9576209011702,0.5320137711932506,3.9973304E-5,19.679426,0.01306229,0.35124946,0.033349846,0.080750436,0.030993236,0.08498231,0.0917291,0.82084,0.0061034383,0.025448712,0.01710384,0.87054646,0.6862958,null,null,null,null,"TWOGAUSSIANS",8,2.6463482,0.82084,0.0061034383,0.14251278,0.0957815,0.8705455,0.68635064,0.35124946,0.033349846,0.4,0.05244095,0.08498137,0.09172815
375316653866487564,5978182919440088576,0.55342484,2270.3856217248554,2.59038569791947,1.5442174E-5,18.993917,0.0052955793,0.15206896,0.0041378126,0.06877333,0.0038475895,0.3631485,0.019089947,0.6493677,0.003024962,0.068172164,0.0028410375,0.4013315,0.014094572,null,null,null,null,"TWOGAUSSIANS",8,2.31642,0.6493677,0.003024962,0.3817641,0.01590981,0.4004265,0.01407371,0.15206896,0.0041378126,0.38513064,0.021546502,0.36224347,0.019206667
375316653866487564,5978182919514474368,0.5176804,2265.4368437038383,3.255301548194568,3.5459863E-5,18.940208,0.012462342,0.19746055,0.013692281,0.05576323,0.012374131,0.70281935,0.039777853,0.7046257,0.005338312,0.060374808,0.008285148,0.53278404,0.057332527,null,null,null,null,"TWOGAUSSIANS",8,13.717268,0.19746055,0.013692281,0.31227407,0.06929513,0.7027315,0.03998272,0.7046257,0.005338312,0.3380989,0.046396833,0.5326962,0.057420664
375316653866487564,5978182953799915776,0.4884585,2278.149983206741,0.261438397757459,2.2650207E-5,18.999586,0.004580335,0.27047494,0.010133153,0.07335277,0.008303203,0.0773275,0.013970358,0.7778847,0.015835414,0.028092338,0.00837029,0.33892953,0.07222153,null,null,null,null,"TWOGAUSSIANS",8,2.524645,0.7778847,0.015835414,0.15731709,0.04687362,0.3389288,0.072219715,0.27047494,0.010133153,0.4,0.0030872116,0.077326745,0.013971138
375316653866487564,5978183056879247232,0.52163875,2248.5870863995274,0.8876216381026605,1.2896823E-5,19.402348,0.013933327,0.2587945,0.004836242,0.0521842,0.0049191904,0.46381304,0.0386081,0.7519494,0.0061617354,0.052151512,0.005681102,0.6930539,0.062127236,null,null,null,null,"TWOGAUSSIANS",8,3.756995,0.7519494,0.0061617354,0.29204845,0.031814173,0.6930454,0.062133938,0.2587945,0.004836242,0.29223153,0.027547466,0.46380454,0.03861342
375316653866487564,5978183160032675072,0.46388108,2272.3154099447975,0.2491807633412145,9.101373E-5,19.155945,0.007934502,0.19086505,0.0032666253,0.027293175,0.007732277,0.063747674,0.013683569,0.5872815,0.008176211,0.0154921105,0.0032225288,0.33525857,0.11424106,null,null,null,null,"TWOGAUSSIANS",8,2.1934838,0.5872815,0.008176211,0.08675582,0.018046161,0.33525857,0.11424106,0.19086505,0.0032666253,0.15284179,0.043300748,0.063747674,0.013683569
