Gaia/vari_eclipsing_binary/VariEclipsingBinary_208364-208417.csv
# %ECSV 1.0
# ---
# delimiter: ','
# meta: !!omap
# - RELEASE: Gaia DR3
# - TABLE: vari_eclipsing_binary
# - DESCRIPTION: >
#     This table describes the properties of the eclipsing binaries resulting from the variability analysis. 
# - CITATION: >
#     How to cite and acknowledge Gaia: 
#     https://gea.esac.esa.int/archive/documentation/credits.html 
# - KNOWN_ISSUES: >
#     Known issues: 
#     https://www.cosmos.esa.int/web/gaia-users/known-issues 
# - DOCUMENTATION: >
#     Tutorials and documentation: 
#     https://www.cosmos.esa.int/web/gaia-users/archive 
# datatype:
# - 
#   name: solution_id
#   datatype: int64
#   description: Solution Identifier
#   meta:
#     ucd: meta.version
# - 
#   name: source_id
#   datatype: int64
#   description: Unique source identifier
#   meta:
#     ucd: meta.id;meta.main
# - 
#   name: global_ranking
#   datatype: float32
#   description: Number between 0 (worst) and 1 (best)
#   meta:
#     ucd: stat.param
# - 
#   name: reference_time
#   datatype: float64
#   unit: d
#   description: Reference time used for the geometric model fit
#   meta:
#     ucd: time.epoch
# - 
#   name: frequency
#   datatype: float64
#   unit: d**-1
#   description: Frequency of geometric model of the eclipsing binary light curve
#   meta:
#     ucd: src.orbital
# - 
#   name: frequency_error
#   datatype: float32
#   unit: d**-1
#   description: "Uncertainty of \\texttt{frequency}"
#   meta:
#     ucd: stat.error
# - 
#   name: geom_model_reference_level
#   datatype: float32
#   unit: mag
#   description: Magnitude reference level of geometric model
#   meta:
#     ucd: phot.mag;em.opt
# - 
#   name: geom_model_reference_level_error
#   datatype: float32
#   unit: mag
#   description: "Uncertainty of \\texttt{geomModelReferenceLevel}"
#   meta:
#     ucd: stat.error;phot.mag;em.opt
# - 
#   name: geom_model_gaussian1_phase
#   datatype: float32
#   description: Phase of the Gaussian 1 component
#   meta:
#     ucd: time.phase
# - 
#   name: geom_model_gaussian1_phase_error
#   datatype: float32
#   description: "Uncertainty of \\texttt{geomModelGaussian1Phase}"
#   meta:
#     ucd: stat.error;time.phase
# - 
#   name: geom_model_gaussian1_sigma
#   datatype: float32
#   description: "Standard deviation [phase] of Gaussian 1 component"
#   meta:
#     ucd: stat.stdev
# - 
#   name: geom_model_gaussian1_sigma_error
#   datatype: float32
#   description: "Uncertainty of \\texttt{geomModelGaussian1Sigma}"
#   meta:
#     ucd: stat.error
# - 
#   name: geom_model_gaussian1_depth
#   datatype: float32
#   unit: mag
#   description: Magnitude depth of Gaussian 1 component
#   meta:
#     ucd: src.var.amplitude
# - 
#   name: geom_model_gaussian1_depth_error
#   datatype: float32
#   unit: mag
#   description: "Uncertainty of \\texttt{geomModelGaussian1Depth}"
#   meta:
#     ucd: stat.error;src.var.amplitude
# - 
#   name: geom_model_gaussian2_phase
#   datatype: float32
#   description: Phase of Gaussian 2 component
#   meta:
#     ucd: time.phase
# - 
#   name: geom_model_gaussian2_phase_error
#   datatype: float32
#   description: "Uncertainty of \\texttt{geomModelGaussian2Phase}"
#   meta:
#     ucd: stat.error;time.phase
# - 
#   name: geom_model_gaussian2_sigma
#   datatype: float32
[...]
#   datatype: float32
#   description: "Secondary eclipse: uncertainty of \\texttt{derivedSecondaryEclDuration}"
#   meta:
#     ucd: stat.error;time.duration
# - 
#   name: derived_secondary_ecl_depth
#   datatype: float32
#   unit: mag
#   description: "Secondary eclipse: depth"
#   meta:
#     ucd: src.var.amplitude
# - 
#   name: derived_secondary_ecl_depth_error
#   datatype: float32
#   unit: mag
#   description: "Secondary eclipse: uncertainty of \\texttt{derivedSecondaryEclDepth}"
#   meta:
#     ucd: stat.error;src.var.amplitude
solution_id,source_id,global_ranking,reference_time,frequency,frequency_error,geom_model_reference_level,geom_model_reference_level_error,geom_model_gaussian1_phase,geom_model_gaussian1_phase_error,geom_model_gaussian1_sigma,geom_model_gaussian1_sigma_error,geom_model_gaussian1_depth,geom_model_gaussian1_depth_error,geom_model_gaussian2_phase,geom_model_gaussian2_phase_error,geom_model_gaussian2_sigma,geom_model_gaussian2_sigma_error,geom_model_gaussian2_depth,geom_model_gaussian2_depth_error,geom_model_cosine_half_period_amplitude,geom_model_cosine_half_period_amplitude_error,geom_model_cosine_half_period_phase,geom_model_cosine_half_period_phase_error,model_type,num_model_parameters,reduced_chi2,derived_primary_ecl_phase,derived_primary_ecl_phase_error,derived_primary_ecl_duration,derived_primary_ecl_duration_error,derived_primary_ecl_depth,derived_primary_ecl_depth_error,derived_secondary_ecl_phase,derived_secondary_ecl_phase_error,derived_secondary_ecl_duration,derived_secondary_ecl_duration_error,derived_secondary_ecl_depth,derived_secondary_ecl_depth_error
[from data line 37]
375316653866487564,1832831251518959104,0.63102233,2173.2369148789876,0.43558634797870815,1.9484842E-6,17.999605,0.0026521822,0.23402826,0.020021342,0.016143855,0.007711884,0.3271642,0.21568936,0.7344252,2.5909807E-4,0.012964125,4.370874E-4,0.7473071,0.014689764,null,null,null,null,"TWOGAUSSIANS",8,3.5633488,0.7344252,2.5909807E-4,0.0725991,0.0024476894,0.7473071,0.014689764,0.23402826,0.020021342,0.09040558,0.04318655,0.3271642,0.21568936
375316653866487564,1832831492037206016,0.5009735,2192.407626563997,2.6531226326402777,1.1661939E-5,18.5822,0.01967386,0.24812055,0.0038688958,0.09855232,0.011047278,0.22806527,0.017860504,0.7505405,0.004055755,0.10678747,0.011135156,0.21704328,0.017807094,null,null,null,null,"TWOGAUSSIANS",8,3.5896165,0.24812055,0.003869072,0.4,0.0,0.2058206,0.014626328,0.7505405,0.004055755,0.4,0.0,0.19479221,0.009584903
375316653866487564,1832833042539044864,0.5352737,2172.5147095170246,2.5853011736530958,8.610443E-6,18.486423,0.0072054593,0.29508847,0.0037236083,0.075418495,0.0039861924,0.3191034,0.012935659,0.80499357,0.0038774738,0.08340545,0.005011885,0.26464435,0.009989257,null,null,null,null,"TWOGAUSSIANS",8,4.98463,0.29508847,0.0037236083,0.4,0.0,0.31576845,0.01269048,0.80499357,0.0038774738,0.4,0.0,0.2613094,0.009616849
375316653866487564,1832833248680499200,0.50175977,2183.849560468269,3.156851610844953,9.632468E-6,19.253624,0.00827195,0.37213656,0.021606078,0.046609927,0.015520633,0.0854575,0.01341888,0.71216947,0.0020659221,0.041551206,0.004142233,0.31892437,0.03654214,0.0871188,0.010597643,0.71216947,0.0020659221,"TWOGAUSSIANS_WITH_ELLIPSOIDAL_ON_ECLIPSE2",9,2.9219236,0.71216947,0.0020659221,0.23268674,0.023196505,0.49316165,0.038462725,0.33164656,0.228671,0.2610156,0.086915545,0.15175791,0.05540014
375316653866487564,1832833420500830336,0.54747754,2171.717974034116,1.934643758694888,8.098479E-6,18.394363,0.012168546,0.2484457,0.0027356232,0.107874215,0.008727317,0.19358154,0.011447676,0.7507006,0.0029488124,0.08757658,0.006700049,0.30821538,0.014228807,null,null,null,null,"TWOGAUSSIANS",8,1.4783249,0.7507006,0.0029488124,0.4,0.0,0.29093155,0.016791133,0.2484457,0.0027356232,0.4,0.0,0.17628935,0.009983436
375316653866487564,1832835890084018688,0.5484819,2189.3308946987195,3.503278299317014,6.0887883E-6,19.410555,0.010958031,0.29178622,0.003361262,0.05839323,0.003016537,0.59688413,0.018126888,0.78310114,0.0015970648,0.06554904,0.0027801394,0.6760285,0.040917087,null,null,null,null,"TWOGAUSSIANS",8,2.4239914,0.78310114,0.0015970648,0.36707464,0.015568781,0.6757485,0.040978696,0.29178622,0.003361262,0.32700208,0.016892606,0.5966042,0.018062213
375316653866487564,1832836886516576256,0.64914125,2203.140501463819,1.1266321754693993,1.729304E-6,15.733729,0.0031502985,0.17144075,0.0026358974,0.035530765,0.004042498,0.11384735,0.027553665,0.66582304,2.9738754E-4,0.037354227,3.9921634E-4,0.7411813,0.008671452,0.0048458474,0.0048021735,0.17144075,0.0026358974,"TWOGAUSSIANS_WITH_ELLIPSOIDAL_ON_ECLIPSE1",9,27.47143,0.66583306,2.9722138E-4,0.20918368,0.0022356114,0.7508609,0.0058503696,0.17144075,0.0026358974,0.19897227,0.022637988,0.123539045,0.02718154
375316653866487564,1832838879381287552,0.56772196,2174.0148166211,0.36665786370653314,2.3858358E-6,17.79955,0.002445622,0.26786357,0.044346,0.020113824,0.011124167,0.31477693,1.3858083,0.762468,7.135917E-4,0.01213883,5.3824566E-4,0.427096,0.015477876,null,null,null,null,"TWOGAUSSIANS",8,5.7097306,0.762468,7.135917E-4,0.06797745,0.0030141757,0.427096,0.015477876,0.26786357,0.044346,0.112637416,0.062295333,0.31477693,1.3858083
375316653866487564,1832839983189554176,0.55052197,2154.2596414910213,3.2644468172435346,6.9391713E-6,19.435062,0.012506101,0.21462142,0.0042305565,0.07662569,0.004891792,0.51559985,0.01563357,0.70691514,0.003077374,0.07589809,0.004540027,0.46255547,0.024518311,null,null,null,null,"TWOGAUSSIANS",8,2.4189315,0.21462142,0.0042305565,0.4,0.0,0.51176435,0.014936231,0.70691514,0.003077374,0.4,0.0,0.45871997,0.024801992
375316653866487564,1832841082699351936,0.4539027,2064.724481808921,0.42611018583906957,1.147123E-4,18.953617,0.06117909,0.22418776,0.03431896,0.0846037,0.06823727,0.09922661,0.03865668,0.6927525,0.02189751,0.1667826,0.05279767,0.24424778,0.050204128,null,null,null,null,"TWOGAUSSIANS",8,3.8944476,0.6927525,0.02189751,0.4,0.0,0.20758188,0.027784348,0.22832777,0.036274012,0.4,0.31953546,0.068908945,0.022276739
375316653866487564,1832841769912513280,0.5948563,2154.7354766202884,2.2520376389103487,5.435876E-6,16.634598,0.008313344,0.24871498,0.001661753,0.048168384,0.0027303393,0.36117578,0.025451858,0.74377996,0.001994567,0.044557262,0.0027908357,0.33994776,0.017013574,0.090247884,0.009438648,0.24871498,0.001661753,"TWOGAUSSIANS_WITH_ELLIPSOIDAL_ON_ECLIPSE1",9,41.304993,0.24871498,0.001661753,0.26974297,0.0152899,0.5416706,0.022132093,0.74415994,0.001815602,0.24952067,0.01562868,0.52028245,0.0067496183
375316653866487564,1832842658954199040,0.5378307,2166.205088787201,2.4320807618313403,8.915692E-6,19.630594,0.007265916,0.24222209,0.0022222667,0.07774624,0.0032650686,0.4131765,0.025472581,0.7372375,0.0031232531,0.08258675,0.0038841688,0.45142865,0.0136666875,null,null,null,null,"TWOGAUSSIANS",8,1.2942821,0.7372375,0.0031232531,0.4,0.0,0.44536555,0.013952292,0.24222209,0.0022222667,0.4,0.0,0.40711343,0.026275849
375316653866487564,1832847061312504576,0.552085,2176.8446192589618,3.406089617863635,1.06362395E-5,17.340553,0.013288234,0.24372622,0.005169212,0.095429026,0.009279564,0.19919915,0.01350315,0.7420538,0.0035683145,0.09959084,0.007911295,0.18461882,0.012945483,null,null,null,null,"TWOGAUSSIANS",8,5.181875,0.24372622,0.005169212,0.4,0.0,0.1851945,0.0070337723,0.7420538,0.0035683145,0.4,0.0,0.17061336,0.005512304
375316653866487564,1832847336190470144,0.52671397,2154.008366819659,1.1759100248622691,5.9415534E-6,17.752918,0.004320856,0.3074384,0.0038296825,0.026891813,0.0024859707,0.34547293,0.03152083,0.8142882,0.0019542163,0.027776873,0.0016583794,0.3594929,0.013205714,null,null,null,null,"TWOGAUSSIANS",8,13.575711,0.8142882,0.0019542163,0.15555048,0.009286925,0.3594929,0.013205714,0.3074384,0.0038296825,0.15059415,0.013921437,0.34547293,0.03152083
375316653866487564,1832849054177311104,0.566806,2157.789052281977,3.05206342505697,8.893329E-6,14.624988,0.008719489,0.2510829,0.0023438337,0.11636929,0.008356391,0.10204927,0.008394107,0.74393415,0.0038110754,0.1064743,0.009982102,0.10160823,0.007759594,null,null,null,null,"TWOGAUSSIANS",8,15.417631,0.2510929,0.0023527553,0.4,0.0,0.086785726,0.00265695,0.74393415,0.0038110754,0.4,0.0,0.086361885,0.0028935047
375316653866487564,1832850080659227392,0.5230635,2141.734704984063,0.6671081689799674,9.031699E-6,18.615547,0.0032994272,0.25878853,0.004863919,0.020528233,0.0037728453,0.06750451,0.022347875,0.75410736,0.0026627053,0.023040282,0.001494353,0.5907147,0.08732054,0.015594954,0.005317388,0.25878853,0.004863919,"TWOGAUSSIANS_WITH_ELLIPSOIDAL_ON_ECLIPSE1",9,3.0323238,0.75411737,0.0026628722,0.12902558,0.008368377,0.6218777,0.08913571,0.25878853,0.004863919,0.11495811,0.021127934,0.098694354,0.0225083
375316653866487564,1832850497290958464,0.5513488,2157.267503616911,2.658131621420313,7.3937326E-6,15.400282,0.012275874,0.2592063,0.002338657,0.09727893,0.0044603413,0.3818851,0.014916163,0.75655663,0.0024560224,0.102136165,0.006222161,0.36632204,0.010039306,null,null,null,null,"TWOGAUSSIANS",8,90.87679,0.2592063,0.002338657,0.4,0.0,0.35071176,0.013322387,0.75655663,0.0024560224,0.4,0.0,0.33514547,0.009029692
375316653866487564,1832851596797822848,0.60160905,2167.275213396491,2.710208103088066,5.81948E-6,16.96213,0.008185893,0.2529308,0.0013482851,0.0870375,0.0022107004,0.4198238,0.009709993,0.75761074,0.001951053,0.086652264,0.0041647893,0.41680416,0.01681752,null,null,null,null,"TWOGAUSSIANS",8,13.797968,0.2529308,0.0013482851,0.4,0.0,0.40754262,0.008326118,0.75761074,0.001951053,0.4,0.0,0.404523,0.018150045
375316653866487564,1832852627590024320,0.6166968,2116.4746849668763,4.052922325474641,6.3731195E-6,17.085745,0.0069014253,0.26912627,0.0016573581,0.04078603,0.0030554924,0.2575176,0.01697422,0.7816419,0.0014261425,0.04819333,0.005249486,0.16388954,0.01784805,0.12471825,0.010552399,0.7816419,0.0014261425,"TWOGAUSSIANS_WITH_ELLIPSOIDAL_ON_ECLIPSE2",9,11.002981,0.27053624,0.0013554554,0.22840178,0.017110758,0.50558734,0.010175713,0.7816419,0.0014261425,0.26988265,0.02939712,0.41332567,0.011588529
375316653866487564,1832852902467804928,0.44337562,2150.516516824738,1.9490721071148387,1.4891432E-4,18.521269,0.0031346944,0.44861907,0.02119201,0.027959153,0.024058212,0.25699145,1.1436594,null,null,null,null,null,null,null,null,null,null,"ONEGAUSSIAN",5,9.218003,0.44861907,0.02119201,0.15657125,0.13472599,0.25699145,0.0,null,null,null,null,null,null
375316653866487564,1832853108626582784,0.54667544,2166.9671019027487,3.5016848942003906,1.2384516E-5,18.852932,0.013392018,0.2404993,0.0024088016,0.078985766,0.005340195,0.30803072,0.014466521,0.7366612,0.0044930526,0.08846384,0.008121468,0.38169047,0.013942051,null,null,null,null,"TWOGAUSSIANS",8,2.4533665,0.7366612,0.0044930526,0.4,0.0,0.3742403,0.014116652,0.2404993,0.0024088016,0.4,0.0,0.30058065,0.012622161
375316653866487564,1832853142969537536,0.4680126,2144.386679292429,4.135059674902664,2.3479288E-5,19.639444,0.058312543,0.34067056,0.0085595995,0.112651736,0.022325534,0.2925763,0.05295604,0.8206318,0.0049737473,0.116341874,0.021451322,0.27387333,0.051294163,null,null,null,null,"TWOGAUSSIANS",8,2.1302986,0.34073058,0.008485009,0.4,0.0,0.24972822,0.01617818,0.8206318,0.0049737473,0.4,0.0,0.23099779,0.022208815
375316653866487564,1832854276857448448,0.6294795,2170.2601491539203,0.12728305739400128,7.642067E-5,15.269268,4.8740392E-4,0.53387797,4.0450858E-4,0.013799263,4.811578E-4,0.22955237,0.008318832,0.3116652,0.046702635,0.108798854,0.033831242,0.0032047946,0.0012482718,null,null,null,null,"TWOGAUSSIANS",8,2.5252452,0.53386796,4.0410395E-4,0.07727587,0.0026944836,0.22995031,0.0081843315,0.3116652,0.046702635,0.4,0.0,0.0032046284,0.0012485541
375316653866487564,1832855578217520000,0.5864319,2150.604291136573,1.0075069921100688,3.796466E-6,18.382116,0.003098734,0.2226769,0.005472661,0.049610995,0.004073854,0.072899036,0.006099895,0.71700317,0.0011227799,0.039655853,0.0010859667,0.5650114,0.012334741,null,null,null,null,"TWOGAUSSIANS",8,2.2463872,0.71700317,0.0011227799,0.22207277,0.0060814135,0.5650113,0.012334739,0.2226769,0.005472661,0.27782157,0.022813585,0.072899,0.006099891
375316653866487564,1832855719966533504,0.46034446,2137.6049506052227,0.17985552268579075,5.2150826E-5,16.023409,0.001755117,0.28214675,0.0053375415,0.039544355,0.0037055453,0.22393322,0.052746944,0.6463347,0.01022731,0.050557204,0.010493678,0.04526199,0.016772386,null,null,null,null,"TWOGAUSSIANS",8,18.772846,0.28214675,0.0053375415,0.22144839,0.020751053,0.22393322,0.052746944,0.6463347,0.01022731,0.28312033,0.0587646,0.04526199,0.016772386
375316653866487564,1832855754326276864,0.4881108,2143.051676137745,2.5281092080731673,1.3365783E-5,16.88588,0.27389476,0.26340857,0.0037426113,0.18958415,0.05016511,0.50053793,0.26192382,0.7610379,0.0038285383,0.15714504,0.027162539,0.48380676,0.23307614,null,null,null,null,"TWOGAUSSIANS",8,14.398714,0.7610379,0.0038285383,0.4,0.0,0.17181152,0.012181409,0.26386857,0.0037764178,0.4,0.0,0.16375741,0.0086597465
375316653866487564,1832855823045727488,0.51360685,2154.8485568017823,0.2545331103747821,1.38156E-5,16.516174,9.332028E-4,0.41857305,0.006281602,0.011214109,0.0034580338,0.13223974,0.038034733,0.9168661,0.0012202371,0.00933016,0.0011177331,0.14324789,0.013393996,null,null,null,null,"TWOGAUSSIANS",8,4.896017,0.9168661,0.0012202371,0.052248895,0.0062593054,0.14324789,0.013393996,0.41857305,0.006281602,0.062799014,0.01936499,0.13223974,0.038034733
375316653866487564,1832856029204209280,0.590631,2136.286947434027,2.9035234248331903,8.811938E-6,18.191465,0.013115603,0.2145262,0.0016130698,0.04621777,0.0043070484,0.3253314,0.0260191,0.71527433,0.0017136442,0.05019201,0.0040784418,0.3330396,0.026178561,0.111993,0.015324448,0.2145262,0.0016130698,"TWOGAUSSIANS_WITH_ELLIPSOIDAL_ON_ECLIPSE1",9,6.746412,0.71527433,0.0016706919,0.28107527,0.022839274,0.55701923,0.017460406,0.2145262,0.0016130698,0.25881952,0.02411947,0.5493159,0.015683332
375316653866487564,1832856334131804416,0.5309988,2132.494515137184,3.1353934486697077,7.453618E-6,18.989351,0.009879057,0.24023192,0.0023525087,0.085829705,0.0058988235,0.30184966,0.008664156,0.74542034,0.002765718,0.08204884,0.0038562817,0.30569273,0.012512981,null,null,null,null,"TWOGAUSSIANS",8,1.8966136,0.74542034,0.002765718,0.4,0.0,0.2991316,0.011167869,0.24023192,0.0023525087,0.4,0.0,0.29528847,0.007856009
375316653866487564,1832857403593698944,0.5612287,2135.753875992043,1.2379245493501772,2.3366333E-6,16.901405,0.0039011547,0.22283447,0.0014191185,0.03321458,0.0015379442,0.47002655,0.01883375,0.7254443,0.0011960147,0.030202668,0.0013072754,0.53105783,0.019322097,0.014412716,0.0068184603,0.22283447,0.0014191185,"TWOGAUSSIANS_WITH_ELLIPSOIDAL_ON_ECLIPSE1",9,27.776276,0.7254443,0.0011960147,0.16913494,0.0073207426,0.5598755,0.019693665,0.22283447,0.0014191185,0.18600166,0.008612487,0.49885195,0.017928643
375316653866487564,1832857536720215168,0.5011873,2139.028432493121,0.13787414461380845,4.998373E-5,17.653215,0.0019013502,0.8217996,0.0053505506,0.002339778,0.0022649998,4.0861073,275.75974,null,null,null,null,null,null,0.010630024,0.0022377768,0.8217996,0.0053505506,"ONEGAUSSIAN_WITH_ELLIPSOIDAL",6,12.768849,0.8217996,0.0053505506,0.013102757,0.012683999,4.107367,275.75983,null,null,null,null,null,null
375316653866487564,1832858640544354816,0.5054818,2136.861799409864,2.2358018390342926,1.7388038E-5,17.612703,0.002142899,null,null,null,null,null,null,null,null,null,null,null,null,0.057660073,0.0033168267,0.2454111,0.00378624,"ELLIPSOIDAL",4,4.8416595,null,null,null,null,null,null,null,null,null,null,null,null
375316653866487564,1832860049294343168,0.5039237,2188.920428974522,0.8288002879451898,1.770039E-5,13.764252,0.0020545893,0.16437593,0.020565629,0.07295139,0.009752474,0.01487576,0.0033886286,0.644914,1.8385566E-4,0.009453852,3.3831786E-4,0.33119628,0.007358497,null,null,null,null,"TWOGAUSSIANS",8,180.24051,0.644914,1.8385566E-4,0.05294157,0.00189458,0.33119628,0.007358497,0.16437593,0.020565629,0.4,0.01880406,0.01487576,0.0033886284
375316653866487564,1832860118014429312,0.4544895,2184.0694690941464,4.339048508191702,3.3923647E-5,18.948446,0.009192527,0.24124168,0.006891658,0.06756095,0.0111285355,0.3800793,0.03548118,0.7563574,0.008738397,0.069852374,0.009682341,0.29751453,0.0138370665,null,null,null,null,"TWOGAUSSIANS",8,15.237984,0.24124168,0.006891658,0.37834132,0.0327237,0.37948358,0.036210112,0.7563574,0.008738397,0.39117327,0.02831696,0.2969188,0.013601595
375316653866487564,1832860977007359488,0.5811564,2162.5566855702,2.375687043803093,7.880915E-6,16.978975,0.0061136913,0.24894403,0.0017050771,0.0855121,0.0024515342,0.40394047,0.008030407,0.7412465,0.0026838756,0.09241251,0.0032458033,0.3601658,0.008411716,null,null,null,null,"TWOGAUSSIANS",8,13.279849,0.24894403,0.0017050771,0.4,0.0,0.3909729,0.007134126,0.7412465,0.0026838756,0.4,0.0,0.34719795,0.0074413586
375316653866487564,1832861011371354496,0.45565853,2141.857396385398,3.565315004651329,2.5057652E-5,18.80226,0.7509217,0.26323324,0.012569215,0.17001992,0.07756253,0.433498,0.7104113,0.73992366,0.01507334,0.15667684,0.05232196,0.3780517,0.56268835,null,null,null,null,"TWOGAUSSIANS",8,2.006759,0.26637325,0.009041223,0.4,0.0,0.21378507,0.009120544,0.73992366,0.01507334,0.4,0.0,0.16546312,0.009938224
