Gaia/vari_eclipsing_binary/VariEclipsingBinary_218125-218806.csv
# %ECSV 1.0
# ---
# delimiter: ','
# meta: !!omap
# - RELEASE: Gaia DR3
# - TABLE: vari_eclipsing_binary
# - DESCRIPTION: >
#     This table describes the properties of the eclipsing binaries resulting from the variability analysis. 
# - CITATION: >
#     How to cite and acknowledge Gaia: 
#     https://gea.esac.esa.int/archive/documentation/credits.html 
# - KNOWN_ISSUES: >
#     Known issues: 
#     https://www.cosmos.esa.int/web/gaia-users/known-issues 
# - DOCUMENTATION: >
#     Tutorials and documentation: 
#     https://www.cosmos.esa.int/web/gaia-users/archive 
# datatype:
# - 
#   name: solution_id
#   datatype: int64
#   description: Solution Identifier
#   meta:
#     ucd: meta.version
# - 
#   name: source_id
#   datatype: int64
#   description: Unique source identifier
#   meta:
#     ucd: meta.id;meta.main
# - 
#   name: global_ranking
#   datatype: float32
#   description: Number between 0 (worst) and 1 (best)
#   meta:
#     ucd: stat.param
# - 
#   name: reference_time
#   datatype: float64
#   unit: d
#   description: Reference time used for the geometric model fit
#   meta:
#     ucd: time.epoch
# - 
#   name: frequency
#   datatype: float64
#   unit: d**-1
#   description: Frequency of geometric model of the eclipsing binary light curve
#   meta:
#     ucd: src.orbital
# - 
#   name: frequency_error
#   datatype: float32
#   unit: d**-1
#   description: "Uncertainty of \\texttt{frequency}"
#   meta:
#     ucd: stat.error
# - 
#   name: geom_model_reference_level
#   datatype: float32
#   unit: mag
#   description: Magnitude reference level of geometric model
#   meta:
#     ucd: phot.mag;em.opt
# - 
#   name: geom_model_reference_level_error
#   datatype: float32
#   unit: mag
#   description: "Uncertainty of \\texttt{geomModelReferenceLevel}"
#   meta:
#     ucd: stat.error;phot.mag;em.opt
# - 
#   name: geom_model_gaussian1_phase
#   datatype: float32
#   description: Phase of the Gaussian 1 component
#   meta:
#     ucd: time.phase
# - 
#   name: geom_model_gaussian1_phase_error
#   datatype: float32
#   description: "Uncertainty of \\texttt{geomModelGaussian1Phase}"
#   meta:
#     ucd: stat.error;time.phase
# - 
#   name: geom_model_gaussian1_sigma
#   datatype: float32
#   description: "Standard deviation [phase] of Gaussian 1 component"
#   meta:
#     ucd: stat.stdev
# - 
#   name: geom_model_gaussian1_sigma_error
#   datatype: float32
#   description: "Uncertainty of \\texttt{geomModelGaussian1Sigma}"
#   meta:
#     ucd: stat.error
# - 
#   name: geom_model_gaussian1_depth
#   datatype: float32
#   unit: mag
#   description: Magnitude depth of Gaussian 1 component
#   meta:
#     ucd: src.var.amplitude
# - 
#   name: geom_model_gaussian1_depth_error
#   datatype: float32
#   unit: mag
#   description: "Uncertainty of \\texttt{geomModelGaussian1Depth}"
#   meta:
#     ucd: stat.error;src.var.amplitude
# - 
#   name: geom_model_gaussian2_phase
#   datatype: float32
#   description: Phase of Gaussian 2 component
#   meta:
#     ucd: time.phase
# - 
#   name: geom_model_gaussian2_phase_error
#   datatype: float32
#   description: "Uncertainty of \\texttt{geomModelGaussian2Phase}"
#   meta:
#     ucd: stat.error;time.phase
# - 
#   name: geom_model_gaussian2_sigma
#   datatype: float32
[...]
#   datatype: float32
#   description: "Secondary eclipse: uncertainty of \\texttt{derivedSecondaryEclDuration}"
#   meta:
#     ucd: stat.error;time.duration
# - 
#   name: derived_secondary_ecl_depth
#   datatype: float32
#   unit: mag
#   description: "Secondary eclipse: depth"
#   meta:
#     ucd: src.var.amplitude
# - 
#   name: derived_secondary_ecl_depth_error
#   datatype: float32
#   unit: mag
#   description: "Secondary eclipse: uncertainty of \\texttt{derivedSecondaryEclDepth}"
#   meta:
#     ucd: stat.error;src.var.amplitude
solution_id,source_id,global_ranking,reference_time,frequency,frequency_error,geom_model_reference_level,geom_model_reference_level_error,geom_model_gaussian1_phase,geom_model_gaussian1_phase_error,geom_model_gaussian1_sigma,geom_model_gaussian1_sigma_error,geom_model_gaussian1_depth,geom_model_gaussian1_depth_error,geom_model_gaussian2_phase,geom_model_gaussian2_phase_error,geom_model_gaussian2_sigma,geom_model_gaussian2_sigma_error,geom_model_gaussian2_depth,geom_model_gaussian2_depth_error,geom_model_cosine_half_period_amplitude,geom_model_cosine_half_period_amplitude_error,geom_model_cosine_half_period_phase,geom_model_cosine_half_period_phase_error,model_type,num_model_parameters,reduced_chi2,derived_primary_ecl_phase,derived_primary_ecl_phase_error,derived_primary_ecl_duration,derived_primary_ecl_duration_error,derived_primary_ecl_depth,derived_primary_ecl_depth_error,derived_secondary_ecl_phase,derived_secondary_ecl_phase_error,derived_secondary_ecl_duration,derived_secondary_ecl_duration_error,derived_secondary_ecl_depth,derived_secondary_ecl_depth_error
[from data line 214]
375316653866487564,1921807821251962624,0.5033778,2266.4391302500567,0.058046901686649145,1.8613176E-6,19.153816,0.0033393332,0.15506107,0.046429537,0.050127912,0.04549039,0.019407144,0.012125168,0.36653602,1.47504825E-5,0.0030603379,3.484591E-5,0.42757112,0.0022666366,null,null,null,null,"TWOGAUSSIANS",8,1.498217,0.36653602,1.47504825E-5,0.017137893,1.9513711E-4,0.42757377,0.0024743218,0.15506107,0.046429537,0.2807163,0.23471285,0.019407144,0.012125168
375316653866487564,1921820091970605056,0.6073377,2295.4600807069546,3.3188789639347274,1.0202897E-6,14.8066845,0.0011966293,0.5109922,0.0044412357,0.016612587,0.0054101394,0.025082255,0.044662815,0.8118283,2.3281797E-5,0.016207328,1.2260862E-4,0.5556965,0.002369566,null,null,null,null,"TWOGAUSSIANS",8,23.676968,0.8118283,2.3281797E-5,0.090761036,6.866083E-4,0.5556965,0.002369566,0.5109922,0.0044412357,0.09303049,0.03029678,0.025082255,0.044662815
375316653866487564,1921820229409552768,0.5821737,2305.533845312468,1.5526393574226076,3.7238358E-6,12.354526,0.043345734,0.25149432,0.0018082216,0.31963092,0.009444743,0.8718732,0.041900843,0.74213374,0.0012823755,0.15492935,0.0068637794,0.41172388,0.042739503,null,null,null,null,"TWOGAUSSIANS",8,19.862387,0.74213374,0.0012823755,0.4,0.0,0.12589486,0.0037131258,0.25444433,0.0016103596,0.4,0.0,0.090373136,0.0014811576
375316653866487564,1921835274678822784,0.46791908,2308.957105633988,0.1333503171561019,1.4698939E-4,19.004427,0.012397497,0.14016974,0.026551291,0.031975824,0.015421184,0.1483874,0.9256912,0.6337769,0.015777113,0.11525409,0.024664884,0.15527178,0.013639351,null,null,null,null,"TWOGAUSSIANS",8,3.8011794,0.6337769,0.015777113,0.4,0.0,0.15457915,0.01333025,0.14016974,0.02656047,0.17906462,0.08635863,0.1477209,0.9260648
375316653866487564,1921859605669352704,0.63816607,2261.883212541555,1.143432863610536,2.931532E-6,15.00433,0.0056380653,0.27898005,0.005418242,0.04245809,0.0045374013,0.4430378,0.027153786,0.7770921,0.001615916,0.038476102,0.0027158265,0.3758213,0.04989677,0.0631678,0.008186243,0.7770921,0.001615916,"TWOGAUSSIANS_WITH_ELLIPSOIDAL_ON_ECLIPSE2",9,54.18282,0.27891007,0.005186614,0.2377653,0.025409447,0.5693563,0.023654211,0.7770921,0.001615916,0.21546617,0.015208628,0.50215685,0.05054437
375316653866487564,1921876682459646080,0.48710218,2277.8126946862267,2.6340695390415996,2.236755E-5,14.041073,0.18787795,0.29134646,0.008192323,0.14923802,0.049106866,0.15167423,0.17147282,0.7826756,0.0074527734,0.15246372,0.061108775,0.16561964,0.17913125,null,null,null,null,"TWOGAUSSIANS",8,107.72667,0.7826756,0.0074527734,0.4,0.0,0.09021592,0.0062370184,0.29225647,0.007732072,0.4,0.0,0.076700345,0.0059613665
375316653866487564,1921882107002316032,0.6096406,2261.6849849978435,4.2104158895694415,5.957255E-6,18.505182,0.0063673537,0.25015414,0.0013918342,0.036834043,0.0018178022,0.4590763,0.040303808,0.75318027,0.002999446,0.041382294,0.0041492186,0.64785993,0.09587914,0.14213638,0.009702488,0.25015414,0.0013918342,"TWOGAUSSIANS_WITH_ELLIPSOIDAL_ON_ECLIPSE1",9,4.123481,0.75318027,0.002999446,0.23174085,0.023235625,0.93202966,0.10136496,0.25015414,0.0013918342,0.20627064,0.010179692,0.7433488,0.041597493
375316653866487564,1921899944002449408,0.59457964,2262.495883193015,1.881872419478887,3.4711147E-6,17.508238,0.002915769,0.0251243,0.9453139,0.022967506,0.022499055,0.008771976,2.53601872E8,0.26653776,0.017731765,0.031737242,0.011549191,0.6139273,0.11522828,null,null,null,null,"TWOGAUSSIANS",8,7.9270306,0.26653776,0.017731765,0.17772855,0.064675465,0.6139273,0.11522828,0.0251243,0.9453139,0.12861803,0.1259947,0.008771976,2.53601872E8
375316653866487564,1921901176657382656,0.5370217,2292.5671564815952,1.3333781751676606,3.8805803E-5,17.914024,0.002345574,0.13852043,0.0027028562,0.014679308,0.002690366,0.24656042,0.05820774,0.6398349,0.0031512168,0.015312559,0.0037994909,0.17901245,0.018428521,0.013181112,0.003125741,0.13852043,0.0027028562,"TWOGAUSSIANS_WITH_ELLIPSOIDAL_ON_ECLIPSE1",9,2.845315,0.13852043,0.0027028562,0.082204126,0.015066049,0.27292264,0.059494033,0.6398349,0.0031512168,0.085750334,0.02127715,0.20537286,0.01865401
375316653866487564,1921907812382713728,0.55414313,2264.1921797370933,3.026529364583794,1.1159849E-5,16.357319,0.026164271,0.27556342,0.002625953,0.09698899,0.008974733,0.35969198,0.024940059,0.77751815,0.0021890204,0.10407105,0.008732787,0.3383371,0.023009911,null,null,null,null,"TWOGAUSSIANS",8,39.193455,0.27556342,0.002625953,0.4,0.0,0.328842,0.021907866,0.77751815,0.0021890204,0.4,0.0,0.30748174,0.014919667
375316653866487564,1921937804137517184,0.5012368,2326.7012730366655,2.6556199067335746,6.964904E-6,14.866058,0.005611206,0.23401082,0.0045780228,0.076751746,0.004497682,0.3077295,0.0096352,0.73844826,0.0018552282,0.07140082,0.0022873231,0.28208745,0.0057407254,null,null,null,null,"TWOGAUSSIANS",8,85.19592,0.23401082,0.0045780228,0.4,0.0,0.3059376,0.009814252,0.73844826,0.0018552282,0.3998446,0.008949084,0.28029555,0.0050587165
375316653866487564,1921942343920928128,0.5515689,2297.395739896717,2.716029373863277,6.280554E-6,13.818535,0.012101545,0.26513302,0.0020116754,0.10812159,0.00658898,0.20897159,0.010414615,0.7563123,0.0021987176,0.1059801,0.007134118,0.22803098,0.009814454,null,null,null,null,"TWOGAUSSIANS",8,163.44244,0.7563123,0.0021987176,0.4,0.0,0.20214152,0.0055285757,0.26514304,0.0020190002,0.4,0.0,0.18307918,0.0035604786
375316653866487564,1921950173644452992,0.5213406,2353.851947057509,1.3715389685456365,3.3913926E-5,19.087858,0.0028558816,0.6311562,0.02891607,0.021990977,0.032210816,0.03697751,0.017812017,0.8075393,2.033733E-4,0.0040488406,1.8668175E-4,0.9981755,0.08957795,null,null,null,null,"TWOGAUSSIANS",8,2.2075593,0.8075393,2.033733E-4,0.022673506,0.0010454177,0.9981755,0.089583665,0.6311562,0.02891607,0.12314947,0.18038057,0.03697751,0.017812017
375316653866487564,1921969071499723776,0.42007944,2307.8479786945654,0.4548721128276679,1.7365992E-5,18.295132,0.008016561,0.2892745,0.0099207545,0.07060002,0.021445632,0.12668528,0.026239542,0.7709848,0.0067841266,0.07410372,0.009271383,0.14043792,0.022678874,null,null,null,null,"TWOGAUSSIANS",8,10.967838,0.7709848,0.0067841266,0.4,9.920431E-4,0.1400006,0.022751996,0.2892745,0.0099207545,0.3953601,0.06808578,0.12624796,0.027659066
375316653866487564,1921977214758726656,0.53057694,2349.982926100315,1.30047417781243,1.5134588E-4,17.470856,0.0029908104,0.80131733,0.03718047,0.035709422,0.04940595,0.05246021,7.9427274E18,0.66530997,1.7474346E-4,0.008764562,1.7324042E-4,0.70022386,0.032579165,null,null,null,null,"TWOGAUSSIANS",8,10.539088,0.66530997,1.6572102E-4,0.04908155,9.701464E-4,0.700261,0.03290577,0.80131733,0.03718047,0.19997278,0.27667332,0.05246021,7.9427274E18
375316653866487564,1921986290026090496,0.6051343,2235.1974833848235,2.3969079197263974,2.4134674E-6,17.915668,0.005930675,0.28946552,9.249302E-4,0.059281282,0.0019082809,0.38773137,0.01308788,0.79565394,0.0023126816,0.06257608,0.0065710493,0.029303486,0.013699351,0.07469409,0.006850538,0.79565394,0.0023126816,"TWOGAUSSIANS_WITH_ELLIPSOIDAL_ON_ECLIPSE2",9,2.4547422,0.29006553,7.219699E-4,0.3319752,0.010686372,0.53687114,0.01235029,0.79565394,0.0023126816,0.35042602,0.036797877,0.17864724,0.003323038
375316653866487564,1921992234260993920,0.6116258,2278.8684323056223,0.12376714396114974,1.3324927E-5,14.628568,7.379969E-4,0.26778042,0.008189043,0.006964669,0.0048531103,0.37721494,29.658375,0.770641,7.2021416E-4,0.007162091,5.990046E-4,0.3603071,0.010613757,null,null,null,null,"TWOGAUSSIANS",8,21.753418,0.26778042,0.008189043,0.039002147,0.027177418,0.37721494,29.658375,0.770641,7.2021416E-4,0.04010771,0.0033544258,0.3603071,0.010613757
375316653866487564,1921993986607641216,0.53938335,2229.680898805899,1.8925734818336815,6.1056276E-6,16.11545,0.004964979,0.18488511,0.004559489,0.026465837,0.0044193487,0.11105688,0.014686628,0.6806336,0.0019744905,0.038084492,0.0024282057,0.40525395,0.022531863,0.027324775,0.006666623,0.18488511,0.004559489,"TWOGAUSSIANS_WITH_ELLIPSOIDAL_ON_ECLIPSE1",9,62.046825,0.68069357,0.0019353745,0.21327315,0.013597951,0.4598651,0.022819858,0.18488511,0.004559489,0.1482087,0.024748353,0.16570643,0.011338642
375316653866487564,1922001545749905408,0.5535346,2275.46167024114,2.655471148542807,5.996424E-6,14.47872,0.0065043312,0.21843743,0.0017954125,0.08166946,0.0026812656,0.3319555,0.007968195,0.724794,0.0033294936,0.09291573,0.004895143,0.29255012,0.0079043405,null,null,null,null,"TWOGAUSSIANS",8,221.22737,0.21843743,0.0017954125,0.4,0.0,0.32273233,0.007234222,0.724794,0.0033294936,0.4,0.0,0.28332663,0.0070468187
375316653866487564,1922008860077459456,0.46781036,2238.8123016284176,1.535245935426613,2.1238346E-5,17.695179,0.0024347147,0.31137228,0.0041535906,0.019868152,0.0038865905,0.16559592,0.025884489,0.81248856,0.0024949906,0.022647133,0.0024297452,0.22489703,0.029632173,null,null,null,null,"TWOGAUSSIANS",8,9.200064,0.81248856,0.0024949906,0.12682395,0.0136065725,0.22489703,0.029632173,0.31137228,0.0041535906,0.11126165,0.021764906,0.16559592,0.025884489
375316653866487564,1922028277626719488,0.48692232,2289.581983992587,0.20706770741428035,3.272797E-6,15.343718,0.0061436,0.569636,2.2634917E-7,0.0031256066,2.564243E-5,0.929419,0.001483624,0.8940987,0.009762836,0.009957387,0.0151230795,0.5851294,0.4663914,null,null,null,null,"TWOGAUSSIANS",8,449.197,0.569636,2.2634917E-7,0.017503396,1.4359762E-4,0.929419,0.001483624,0.8940987,0.009762836,0.055761367,0.084689245,0.5851294,0.4663914
375316653866487564,1922033809544560256,0.63343126,2197.0043616605612,1.5350615305664068,1.2804462E-6,17.088598,0.0026969637,0.22372937,8.0322963E-4,0.03304753,8.7156735E-4,0.5973922,0.018204587,0.72202975,9.095285E-4,0.035225622,0.0012434229,0.30698976,0.0072366786,0.030844774,0.0038647188,0.22372937,8.0322963E-4,"TWOGAUSSIANS_WITH_ELLIPSOIDAL_ON_ECLIPSE1",9,4.6538544,0.22372937,8.0322963E-4,0.18506618,0.004880777,0.65908164,0.018005116,0.7220598,8.8994665E-4,0.1972635,0.0069631683,0.36867225,0.006251473
375316653866487564,1922040372255405952,0.6006047,2202.783408320695,3.09737352091385,2.6315795E-6,16.963953,0.008902548,0.27879152,0.0011159785,0.055691436,0.0022880305,0.42145124,0.022243368,0.7790253,0.0014949777,0.05088471,0.0029449826,0.31460252,0.020552622,0.102840275,0.012376766,0.27879152,0.0011159785,"TWOGAUSSIANS_WITH_ELLIPSOIDAL_ON_ECLIPSE1",9,15.986947,0.27879152,0.0011159785,0.31187204,0.01281297,0.62711143,0.012002491,0.7790253,0.0014687579,0.28495437,0.016491903,0.5202623,0.013015987
375316653866487564,1922048545574962944,0.4375249,2164.9088158771933,1.207524357343794,2.815444E-5,18.384663,0.0056110797,0.23172244,0.0024169825,0.01835532,0.0029590167,0.1427729,0.013610232,0.7347552,0.0024591705,0.018104412,0.0017465474,0.19690369,0.008085075,null,null,null,null,"TWOGAUSSIANS",8,11.596041,0.7347552,0.0024591705,0.10138471,0.009780665,0.19690369,0.008085075,0.23172244,0.0024169825,0.10278979,0.016570494,0.1427729,0.013610232
375316653866487564,1922051745328900864,0.4137146,2166.0812749933307,3.3561403059623687,5.7118636E-5,12.696928,0.03478276,0.2101979,0.017124554,0.077635944,0.01554195,0.5965463,0.08845278,0.7316262,0.021585882,0.068810485,0.01579395,0.7118664,0.1614702,null,null,null,null,"TWOGAUSSIANS",8,2673.1782,0.7316262,0.021585882,0.38533872,0.075853206,0.70958245,0.16209187,0.2101979,0.017124554,0.4,0.0,0.5942624,0.08711196
375316653866487564,1922096756584321664,0.6454716,2336.6268139495587,3.0353046504682033,4.8007346E-6,15.780612,0.011331694,0.23928286,0.0015240549,0.052756317,0.0021984875,0.37397698,0.025208628,0.74030805,0.0051956084,0.04527669,0.006070944,0.284288,0.026958643,0.12209906,0.013101068,0.23928286,0.0015240549,"TWOGAUSSIANS_WITH_ELLIPSOIDAL_ON_ECLIPSE1",9,46.718376,0.23928286,0.0015240549,0.29543537,0.01231153,0.6181697,0.008672146,0.74030805,0.0046896683,0.25354946,0.033997286,0.52847064,0.016212638
375316653866487564,1922113279321684224,0.47754672,2273.3632743450453,3.3534890580588517,1.6805338E-5,19.078186,0.013283771,0.33099476,0.009642962,0.06816758,0.013682619,0.3441994,0.037013564,0.8321913,0.0073081185,0.086166784,0.007855527,0.29551786,0.026132429,null,null,null,null,"TWOGAUSSIANS",8,7.961349,0.33099476,0.009642962,0.38173848,0.043852426,0.34098554,0.03880613,0.8321913,0.0073081185,0.4,0.0,0.29230395,0.025843827
375316653866487564,1922119640168507392,0.55539703,2299.011890905302,4.012808150677016,1.1682267E-5,19.743681,0.0108368145,0.29203168,0.010017173,0.065495975,0.0060981745,0.6431935,0.033116817,0.7890196,0.002451969,0.059358604,0.0024889454,0.6863264,0.02671018,null,null,null,null,"TWOGAUSSIANS",8,1.679578,0.7890196,0.002451969,0.3324082,0.0139380945,0.68593025,0.026706776,0.29203168,0.010017173,0.36677748,0.034149777,0.64279735,0.033158027
375316653866487564,1922149391406641408,0.5421994,2280.860943517985,1.1657548693499644,3.9674418E-5,17.58251,0.0046567647,0.31705838,0.0085646985,0.015401614,0.0067698807,0.36014602,0.1502747,0.8156082,0.016352769,0.015094104,0.005578218,0.8085751,0.72897536,null,null,null,null,"TWOGAUSSIANS",8,22.10293,0.8156082,0.016352769,0.084526986,0.03123802,0.8085751,0.72897536,0.31705838,0.0085646985,0.08624904,0.037911333,0.36014602,0.1502747
375316653866487564,1922154446584699520,0.5497551,2192.963960290327,3.0381662785571644,8.095367E-6,16.877285,0.023322219,0.2654989,0.0035607638,0.062941715,0.017056478,0.1382988,0.044395592,0.7623407,0.0059658447,0.057282843,0.008824676,0.15839957,0.051384162,0.04604681,0.027274946,0.2654989,0.0035607638,"TWOGAUSSIANS_WITH_ELLIPSOIDAL_ON_ECLIPSE1",9,11.645176,0.76275074,0.0048404755,0.3207839,0.049418185,0.25040105,0.00919877,0.2654989,0.0035607638,0.3524736,0.09551628,0.23033181,0.01574864
375316653866487564,1922155060763681792,0.5055792,2207.499689332658,3.6048847998059332,7.522632E-6,19.437891,0.011737131,0.25519836,0.0031205832,0.07179563,0.0040911892,0.6092724,0.018157555,0.7571819,0.0047935355,0.06495648,0.005447052,0.60074246,0.027695028,null,null,null,null,"TWOGAUSSIANS",8,2.386548,0.25519836,0.0031205832,0.4,0.013793153,0.60783863,0.018212268,0.7571819,0.0047935355,0.3637563,0.030503491,0.5993086,0.027880263
375316653866487564,1922156130211878144,0.55150366,2251.25765769518,0.9091186775336831,2.0835772E-5,15.269046,8.0260675E-4,0.20980597,0.010071048,0.017242586,0.0033825,0.36818436,0.16846845,null,null,null,null,null,null,null,null,null,null,"ONEGAUSSIAN",5,8.862743,0.20980597,0.010071048,0.09655848,0.018942,0.36818436,0.0,null,null,null,null,null,null
375316653866487564,1922157882558595840,0.6967965,2313.7740330530664,2.1201973713092888,1.1750745E-6,16.50371,0.003305778,0.24332367,0.0015281631,0.06404806,0.007474509,0.020343672,0.007576814,0.74131995,0.0010196071,0.05580283,0.0012228936,0.37104213,0.0075904285,0.06670289,0.003214948,0.24332367,0.0015281631,"TWOGAUSSIANS_WITH_ELLIPSOIDAL_ON_ECLIPSE1",9,3.4105453,0.74148,8.7380945E-4,0.31249583,0.006848204,0.5044039,0.0067156814,0.24332367,0.0015281631,0.35866913,0.04185725,0.15372486,0.0029002265
375316653866487564,1922161971367448320,0.5292157,2296.4902175628804,3.6024929486381154,1.011103E-5,15.268658,0.03963529,0.20511052,0.0057904273,0.10739425,0.017869951,0.23241648,0.03709053,0.6844743,0.002423932,0.103098854,0.016111981,0.22444656,0.03563131,null,null,null,null,"TWOGAUSSIANS",8,119.07395,0.20512052,0.005800246,0.4,0.0,0.21097614,0.011744959,0.6844743,0.002423932,0.4,0.0,0.20301384,0.011998558
