Gaia/vari_eclipsing_binary/VariEclipsingBinary_613194-613721.csv
# %ECSV 1.0
# ---
# delimiter: ','
# meta: !!omap
# - RELEASE: Gaia DR3
# - TABLE: vari_eclipsing_binary
# - DESCRIPTION: >
#     This table describes the properties of the eclipsing binaries resulting from the variability analysis. 
# - CITATION: >
#     How to cite and acknowledge Gaia: 
#     https://gea.esac.esa.int/archive/documentation/credits.html 
# - KNOWN_ISSUES: >
#     Known issues: 
#     https://www.cosmos.esa.int/web/gaia-users/known-issues 
# - DOCUMENTATION: >
#     Tutorials and documentation: 
#     https://www.cosmos.esa.int/web/gaia-users/archive 
# datatype:
# - 
#   name: solution_id
#   datatype: int64
#   description: Solution Identifier
#   meta:
#     ucd: meta.version
# - 
#   name: source_id
#   datatype: int64
#   description: Unique source identifier
#   meta:
#     ucd: meta.id;meta.main
# - 
#   name: global_ranking
#   datatype: float32
#   description: Number between 0 (worst) and 1 (best)
#   meta:
#     ucd: stat.param
# - 
#   name: reference_time
#   datatype: float64
#   unit: d
#   description: Reference time used for the geometric model fit
#   meta:
#     ucd: time.epoch
# - 
#   name: frequency
#   datatype: float64
#   unit: d**-1
#   description: Frequency of geometric model of the eclipsing binary light curve
#   meta:
#     ucd: src.orbital
# - 
#   name: frequency_error
#   datatype: float32
#   unit: d**-1
#   description: "Uncertainty of \\texttt{frequency}"
#   meta:
#     ucd: stat.error
# - 
#   name: geom_model_reference_level
#   datatype: float32
#   unit: mag
#   description: Magnitude reference level of geometric model
#   meta:
#     ucd: phot.mag;em.opt
# - 
#   name: geom_model_reference_level_error
#   datatype: float32
#   unit: mag
#   description: "Uncertainty of \\texttt{geomModelReferenceLevel}"
#   meta:
#     ucd: stat.error;phot.mag;em.opt
# - 
#   name: geom_model_gaussian1_phase
#   datatype: float32
#   description: Phase of the Gaussian 1 component
#   meta:
#     ucd: time.phase
# - 
#   name: geom_model_gaussian1_phase_error
#   datatype: float32
#   description: "Uncertainty of \\texttt{geomModelGaussian1Phase}"
#   meta:
#     ucd: stat.error;time.phase
# - 
#   name: geom_model_gaussian1_sigma
#   datatype: float32
#   description: "Standard deviation [phase] of Gaussian 1 component"
#   meta:
#     ucd: stat.stdev
# - 
#   name: geom_model_gaussian1_sigma_error
#   datatype: float32
#   description: "Uncertainty of \\texttt{geomModelGaussian1Sigma}"
#   meta:
#     ucd: stat.error
# - 
#   name: geom_model_gaussian1_depth
#   datatype: float32
#   unit: mag
#   description: Magnitude depth of Gaussian 1 component
#   meta:
#     ucd: src.var.amplitude
# - 
#   name: geom_model_gaussian1_depth_error
#   datatype: float32
#   unit: mag
#   description: "Uncertainty of \\texttt{geomModelGaussian1Depth}"
#   meta:
#     ucd: stat.error;src.var.amplitude
# - 
#   name: geom_model_gaussian2_phase
#   datatype: float32
#   description: Phase of Gaussian 2 component
#   meta:
#     ucd: time.phase
# - 
#   name: geom_model_gaussian2_phase_error
#   datatype: float32
#   description: "Uncertainty of \\texttt{geomModelGaussian2Phase}"
#   meta:
#     ucd: stat.error;time.phase
# - 
#   name: geom_model_gaussian2_sigma
#   datatype: float32
[...]
#   datatype: float32
#   description: "Secondary eclipse: uncertainty of \\texttt{derivedSecondaryEclDuration}"
#   meta:
#     ucd: stat.error;time.duration
# - 
#   name: derived_secondary_ecl_depth
#   datatype: float32
#   unit: mag
#   description: "Secondary eclipse: depth"
#   meta:
#     ucd: src.var.amplitude
# - 
#   name: derived_secondary_ecl_depth_error
#   datatype: float32
#   unit: mag
#   description: "Secondary eclipse: uncertainty of \\texttt{derivedSecondaryEclDepth}"
#   meta:
#     ucd: stat.error;src.var.amplitude
solution_id,source_id,global_ranking,reference_time,frequency,frequency_error,geom_model_reference_level,geom_model_reference_level_error,geom_model_gaussian1_phase,geom_model_gaussian1_phase_error,geom_model_gaussian1_sigma,geom_model_gaussian1_sigma_error,geom_model_gaussian1_depth,geom_model_gaussian1_depth_error,geom_model_gaussian2_phase,geom_model_gaussian2_phase_error,geom_model_gaussian2_sigma,geom_model_gaussian2_sigma_error,geom_model_gaussian2_depth,geom_model_gaussian2_depth_error,geom_model_cosine_half_period_amplitude,geom_model_cosine_half_period_amplitude_error,geom_model_cosine_half_period_phase,geom_model_cosine_half_period_phase_error,model_type,num_model_parameters,reduced_chi2,derived_primary_ecl_phase,derived_primary_ecl_phase_error,derived_primary_ecl_duration,derived_primary_ecl_duration_error,derived_primary_ecl_depth,derived_primary_ecl_depth_error,derived_secondary_ecl_phase,derived_secondary_ecl_phase_error,derived_secondary_ecl_duration,derived_secondary_ecl_duration_error,derived_secondary_ecl_depth,derived_secondary_ecl_depth_error
[from data line 179]
375316653866487564,5395156742632662016,0.588252,2124.397199727204,3.2857859727198893,4.965729E-6,14.540436,0.017101076,0.26562405,0.0010892696,0.03675623,0.003234852,0.4721651,0.034505952,0.769605,0.0018910619,0.04910221,0.004548481,0.6192721,0.045061834,0.11441076,0.022806665,0.26562405,0.0010892696,"TWOGAUSSIANS_WITH_ELLIPSOIDAL_ON_ECLIPSE1",9,213.76988,0.769605,0.0018910619,0.27497235,0.025471495,0.84794945,0.054065265,0.26562405,0.0010892696,0.20583488,0.018115172,0.70098555,0.030051295
375316653866487564,5395172204514969472,0.53706336,2105.2250549744845,0.10859875666910969,6.1406245E-5,11.4804735,9.7287656E-4,0.9072346,0.0040892507,0.021981213,0.0057592937,0.7359617,0.48381758,null,null,null,null,null,null,null,null,null,null,"ONEGAUSSIAN",5,490.6985,0.9072346,0.0040892507,0.1230948,0.032252043,0.7359617,0.0,null,null,null,null,null,null
375316653866487564,5395172921772631808,0.68312174,2122.2202831624545,0.6211684191899874,1.5222193E-6,12.383405,0.0011495309,0.2263534,2.7806274E-4,0.0282734,4.810335E-4,0.53609574,0.006555821,0.7185414,0.0038598233,0.028826147,0.0023533592,0.11862791,0.0038970206,0.013436766,0.0034599593,0.2263534,2.7806274E-4,"TWOGAUSSIANS_WITH_ELLIPSOIDAL_ON_ECLIPSE1",9,77.948784,0.2263534,2.7806274E-4,0.15833104,0.0026937874,0.56296927,0.007045419,0.71865135,0.0038237707,0.16142642,0.013178812,0.14543769,0.0034400094
375316653866487564,5395181924024223360,0.48696247,2131.0968507849716,2.793803581876943,2.120297E-5,16.067076,0.020449838,0.2726354,0.006765535,0.099672236,0.016274488,0.17654413,0.018150795,0.7606058,0.005422952,0.096380986,0.012893677,0.16660629,0.0202959,null,null,null,null,"TWOGAUSSIANS",8,60.6096,0.2726354,0.0067661065,0.4,0.0,0.16521256,0.012123266,0.7606058,0.005422952,0.4,0.0,0.15527557,0.013305101
375316653866487564,5395194087371663488,0.5435187,2137.9501423579345,3.476997358473148,1.3309064E-5,18.92181,0.0109877745,0.26226565,0.005673201,0.06593866,0.006509577,0.4563292,0.024541682,0.7606648,0.0019743177,0.07125899,0.0035014502,0.4713465,0.015469453,null,null,null,null,"TWOGAUSSIANS",8,5.5046554,0.7606648,0.0019743177,0.39905035,0.014006519,0.4701856,0.0154124,0.26226565,0.005673201,0.3692565,0.03645363,0.4551683,0.024715783
375316653866487564,5395196050173295744,0.5594328,2100.2016930083323,2.100589979713673,6.303239E-6,14.721521,0.052119154,0.23161945,0.0018486271,0.1277006,0.018846117,0.15777911,0.04960117,0.7269371,0.001779715,0.13679165,0.02597908,0.15455346,0.049127378,null,null,null,null,"TWOGAUSSIANS",8,16.933655,0.23174945,0.0017755098,0.4,0.0,0.10765645,0.0027194181,0.7269371,0.001779715,0.4,0.0,0.1041892,0.0036736722
375316653866487564,5395212267969971456,0.447989,2143.174932901767,1.0656559834599937,2.4327735E-5,17.58519,0.0077120904,0.21081214,0.008393736,0.009425986,0.0034952497,0.25204033,0.1350882,0.6152041,0.020627042,0.1521631,0.037102386,0.06409177,0.007983267,null,null,null,null,"TWOGAUSSIANS",8,10.400121,0.21082214,0.0083945785,0.05278552,0.019573398,0.25336644,0.13487303,0.6152041,0.020627042,0.4,0.0,0.06351209,0.0077025644
375316653866487564,5395219754095223552,0.5079196,2151.901343545516,3.5088408459470783,1.7715574E-5,19.364254,0.024619741,0.26283023,0.0041274573,0.10137131,0.009961787,0.30320036,0.025672529,0.7512812,0.00285854,0.09229161,0.009962348,0.28901032,0.020114103,null,null,null,null,"TWOGAUSSIANS",8,2.6854334,0.26283023,0.0041274573,0.4,0.0,0.285118,0.01971304,0.7512812,0.00285854,0.4,0.0,0.27093133,0.013235927
375316653866487564,5395225599548325248,0.6361434,2163.169391185644,0.3176594468709047,4.0307173E-6,14.194035,0.0024348292,0.22795917,3.492994E-4,0.028814498,4.8512165E-4,0.73000824,0.011543709,0.7264343,0.0013326623,0.026979497,0.0022984825,0.095393695,0.0090435315,0.041453052,0.0056401067,0.7264343,0.0013326623,"TWOGAUSSIANS_WITH_ELLIPSOIDAL_ON_ECLIPSE2",9,119.111565,0.22794917,3.4841854E-4,0.16136119,0.0027166812,0.81290674,0.012646457,0.7264343,0.0013326623,0.15108518,0.012871501,0.1782998,0.008891098
375316653866487564,5395255045844042112,0.49224138,2157.2210224713335,1.214181300604421,2.337174E-5,15.026488,0.0055072466,0.3393839,0.0058407453,0.043271095,0.030035302,0.079450235,0.01263647,0.83517355,0.025229445,0.026766386,0.028215898,0.0069084023,0.014391173,0.0054911263,0.005212301,0.3393839,0.0058407453,"TWOGAUSSIANS_WITH_ELLIPSOIDAL_ON_ECLIPSE1",9,29.45564,0.3393839,0.0058407453,0.24231814,0.16819769,0.090432465,0.021603156,0.8355236,0.024810093,0.14989176,0.15800902,0.017883582,0.008896011
375316653866487564,5395274596534926208,0.5574946,2132.416694500511,0.7538778344582965,5.1943857E-6,17.635462,0.0042063575,0.11512534,0.001882183,0.013755038,0.0013859713,0.15026577,0.007912164,0.613692,6.0641486E-4,0.011499437,8.7093934E-4,0.8352347,0.036684714,null,null,null,null,"TWOGAUSSIANS",8,23.490421,0.613692,6.0641486E-4,0.06439684,0.0048772604,0.8352347,0.036684714,0.11512534,0.001882183,0.077028215,0.00776144,0.15026577,0.007912164
375316653866487564,5395278719705226624,0.4888335,2150.6514901056594,0.3260166958871997,3.1617048E-5,9.971921,0.0022360354,0.40848535,9.651963E-4,0.008458795,6.2666484E-4,0.6877195,0.15098779,0.90784115,3.4566797E-4,0.0092852805,3.612969E-4,0.3940962,0.03178768,null,null,null,null,"TWOGAUSSIANS",8,102.623695,0.40848535,9.651963E-4,0.047369253,0.003509323,0.6877195,0.15098779,0.90784115,3.4566797E-4,0.05199757,0.0020232627,0.3940962,0.03178768
375316653866487564,5395278754063459712,0.53477734,2142.0091286516727,2.284211959473775,9.803066E-6,14.813779,0.016362984,0.30132446,0.0038427468,0.10514615,0.014433572,0.133165,0.013387375,0.7923987,0.002530326,0.11990503,0.012068312,0.13056666,0.01548063,null,null,null,null,"TWOGAUSSIANS",8,27.265287,0.30136445,0.0038230699,0.4,0.0,0.112832144,0.004528456,0.7923987,0.002530326,0.4,0.0,0.110191576,0.0030611046
375316653866487564,5395301637649112320,0.6072007,2136.1939827980436,2.8024670594097674,6.2699405E-6,16.036472,0.008499235,0.24006721,8.585166E-4,0.04685018,0.002384551,0.33199826,0.016818447,0.7358478,0.0018511721,0.051873315,0.0027059652,0.4190874,0.022870077,0.116301455,0.009979006,0.24006721,8.585166E-4,"TWOGAUSSIANS_WITH_ELLIPSOIDAL_ON_ECLIPSE1",9,43.15486,0.7362878,0.0016440691,0.29049057,0.015153405,0.65154123,0.017468633,0.24006721,8.585166E-4,0.262361,0.013353486,0.5645983,0.012139116
375316653866487564,5395317267034128896,0.5153362,2294.7452323325474,0.18764478906854526,9.604858E-6,11.970991,0.010610817,0.30465022,0.0029829205,0.09938122,0.0067247925,0.22509432,0.010693373,0.80326974,0.0043554357,0.08796217,0.0060421196,0.2373462,0.011709491,null,null,null,null,"TWOGAUSSIANS",8,660.99615,0.80326974,0.0043554357,0.4,0.0,0.22452913,0.007590089,0.30465022,0.0029829205,0.4,0.0,0.21227586,0.0089636585
375316653866487564,5395323726665104256,0.5130999,2308.1133303308043,3.406208841021768,8.188651E-6,19.393211,0.00830591,0.24799953,0.0027067312,0.08157632,0.0034735235,0.28337643,0.010542545,0.756669,0.0033210951,0.089144,0.00500193,0.32336992,0.012944124,null,null,null,null,"TWOGAUSSIANS",8,1.9916382,0.756669,0.0033210951,0.4,0.0,0.3162064,0.0130231045,0.24799953,0.0027067312,0.4,0.0,0.27621302,0.009353553
375316653866487564,5395329950074840320,0.45366082,2318.5404411322284,2.1091222523957973,2.2939019E-5,19.089945,0.007103682,0.20965827,6.12374E-5,0.008575214,2.3396776E-4,0.99242115,0.042472467,0.55917597,0.059770826,0.11396176,0.07057036,0.04023853,0.007954649,null,null,null,null,"TWOGAUSSIANS",8,2.1772454,0.20965827,6.12374E-5,0.0480212,0.0013102194,0.9927807,0.042236023,0.55917597,0.059770826,0.4,0.0,0.040233213,0.007400815
375316653866487564,5395345064061067776,0.46927747,2158.720631255028,1.3495669565242645,1.8485198E-5,17.605457,0.00550359,0.20917375,0.0018692982,0.029848116,0.0028778336,0.12901399,0.011939745,0.7094972,0.012852153,0.022250917,0.009544315,0.047910023,0.04609823,0.03630889,0.007583635,0.20917375,0.0018692982,"TWOGAUSSIANS_WITH_ELLIPSOIDAL_ON_ECLIPSE1",9,17.100187,0.20917375,0.0018692982,0.16714945,0.016115868,0.20163164,0.007403518,0.7094972,0.012045972,0.124605134,0.053448163,0.120527364,0.04308929
375316653866487564,5395348293876244224,0.59380937,2267.3675741846414,3.911140867213775,5.3486065E-6,18.155045,0.008802558,0.22502808,0.0014801216,0.048807584,0.0029074831,0.44663674,0.02473694,0.7257394,0.0075475927,0.04583375,0.0057389247,0.31352922,0.062232483,0.11149432,0.013699818,0.22502808,0.0014801216,"TWOGAUSSIANS_WITH_ELLIPSOIDAL_ON_ECLIPSE1",9,7.02205,0.22502808,0.0014801216,0.27332246,0.016281905,0.6696243,0.017489506,0.7257394,0.0074659027,0.256669,0.03213798,0.5365124,0.061520968
375316653866487564,5395358601798158464,0.48502427,2119.7791960464365,2.0221666679209442,2.1752096E-5,18.02412,0.008199707,0.3813431,5.691953E-4,0.01809549,0.0010506866,0.26415962,0.023647588,0.695526,0.0046498384,0.016205916,0.0044023977,1.2913008,1.0192995,null,null,null,null,"TWOGAUSSIANS",8,30.395164,0.695526,0.0046498384,0.09075314,0.024653425,1.2913008,1.0192995,0.3813431,5.691953E-4,0.10133474,0.0058838446,0.26415962,0.023647588
375316653866487564,5395380493249952768,0.43155733,2077.800535790031,0.037073383140393795,3.8740116E-5,16.936611,0.006769226,0.41478613,0.019502848,0.09391042,0.0112450905,0.24566251,0.04463143,0.88090736,0.015470982,0.03164443,0.007960461,0.12212514,0.067032754,null,null,null,null,"TWOGAUSSIANS",8,10.420826,0.41478613,0.019502848,0.4,0.0,0.2456196,0.044547644,0.88090736,0.015470982,0.17720881,0.044578582,0.12208335,0.06709672
375316653866487564,5395381176147828352,0.6553325,2096.895194554745,2.0086545722910913,6.0151206E-6,16.20528,0.0041970196,0.23205021,0.0017510941,0.09326705,0.0024302013,0.29049358,0.0046978733,0.73547864,0.0015794474,0.08534969,0.0019427815,0.35462987,0.004845101,null,null,null,null,"TWOGAUSSIANS",8,4.8202467,0.73547864,0.0015794474,0.4,0.0,0.34262094,0.0037130525,0.23205021,0.0017510941,0.4,0.0,0.27848434,0.0038819704
375316653866487564,5395393927907600000,0.5341437,2111.3924705480895,3.9078380971476148,3.137456E-5,12.816306,0.015456355,0.24028109,0.007566666,0.08618664,0.007020461,0.2610086,0.019029953,0.70941395,0.0068742703,0.09620246,0.010712738,0.32051587,0.020683669,null,null,null,null,"TWOGAUSSIANS",8,984.2049,0.70941395,0.0068742703,0.4,0.0,0.31211376,0.02133396,0.24028109,0.007566255,0.4,0.0,0.2526087,0.01436225
375316653866487564,5395394267206649088,0.53042674,2097.4887771602907,3.8271095127590877,1.1924186E-5,18.801153,0.010721082,0.17610154,0.005821209,0.07331853,0.0053184554,0.3158367,0.018912006,0.6711749,0.0045682644,0.06622433,0.006012567,0.39028472,0.019469162,null,null,null,null,"TWOGAUSSIANS",8,4.8341985,0.6711749,0.0045682644,0.37085626,0.033670373,0.38928473,0.019876486,0.17610154,0.005821209,0.4,0.0,0.31483668,0.018540855
375316653866487564,5395403235098438528,0.47555453,2103.8981429578553,1.8404817345188718,2.3805975E-5,18.257011,0.011281663,0.49339664,0.11243638,0.099519975,0.124829955,0.04126395,0.037568554,0.80298465,0.0030658508,0.021251671,0.0031204394,0.39519617,0.044982526,null,null,null,null,"TWOGAUSSIANS",8,17.555155,0.80298465,0.0030658508,0.11900935,0.017474461,0.39552265,0.04522931,0.49339664,0.11243638,0.4,0.27179405,0.041263673,0.03753313
375316653866487564,5395408079821729152,0.5910389,2098.80476748042,3.5763851234749566,5.2743744E-6,17.750992,0.010078839,0.2296047,0.0012838234,0.041701056,0.0022685598,0.52635086,0.030995658,0.72811836,0.0038176992,0.046744984,0.004388658,0.32997486,0.024308857,0.10230706,0.015688805,0.2296047,0.0012838234,"TWOGAUSSIANS_WITH_ELLIPSOIDAL_ON_ECLIPSE1",9,11.148488,0.2296047,0.0012838234,0.23352592,0.012703935,0.7309646,0.03039126,0.7282584,0.0035652348,0.2617719,0.024576485,0.5345725,0.012501361
375316653866487564,5395426049965240960,0.5465609,2098.8158940161547,3.27782708776906,5.0164426E-6,18.552282,0.01083902,0.23731335,0.0028006858,0.08331273,0.004266225,0.2902205,0.011802394,0.7308911,0.0030564552,0.084769316,0.0043910076,0.30834076,0.010570655,null,null,null,null,"TWOGAUSSIANS",8,2.4654005,0.7308911,0.0030564552,0.4,0.0,0.30194688,0.008402867,0.23731335,0.0028006858,0.4,0.0,0.28382665,0.010220637
375316653866487564,5395444986478735616,0.51736426,2031.4205212123275,1.4616727847054998,9.403252E-6,16.578566,0.0048685125,0.28951558,0.0032399138,0.041835696,0.0049036234,0.18274425,0.01813286,0.789168,0.0091147795,0.0042304127,0.038215388,0.06649727,0.04711764,0.0281977,0.007617183,0.28951558,0.0032399138,"TWOGAUSSIANS_WITH_ELLIPSOIDAL_ON_ECLIPSE1",9,17.832611,0.28951558,0.0032399138,0.23427989,0.02746029,0.23913965,0.017116303,0.789168,0.007223439,0.023690311,0.21400617,0.122892395,0.060602814
375316653866487564,5395448594251141632,0.46407306,2084.714775808053,1.9819496896198807,5.5589426E-5,19.219648,0.0049703023,0.12800457,0.008560963,0.055778403,0.004491012,0.20817818,0.016305244,0.6512707,0.014647969,0.032055106,0.015254245,0.15622489,0.053697124,null,null,null,null,"TWOGAUSSIANS",8,3.6145797,0.12800457,0.008560963,0.31235906,0.02514967,0.20817818,0.016305216,0.6512707,0.014647969,0.1795086,0.08542377,0.15622488,0.053697195
375316653866487564,5395455981594734720,0.5874803,2109.703295307755,3.7810987335782347,6.9270386E-6,16.533045,0.0058429553,0.28754783,0.0022643714,0.053152137,0.008580337,0.12595586,0.016404007,0.7861062,0.0038307963,0.042794745,0.00460015,0.15407355,0.020483542,0.11137175,0.008287453,0.28754783,0.0022643714,"TWOGAUSSIANS_WITH_ELLIPSOIDAL_ON_ECLIPSE1",9,16.685604,0.7863563,0.0030058844,0.23965058,0.02576084,0.37679994,0.019251348,0.28754783,0.0022643714,0.29765198,0.04804989,0.34869736,0.011400673
375316653866487564,5395458386776409984,0.6598298,2094.00227930199,3.966133147187557,5.687918E-6,16.943802,0.013857197,0.26722655,0.001787652,0.060600866,0.009847046,0.16237,0.028813586,0.7626486,0.0017731688,0.04760528,0.0051292917,0.1949216,0.029783767,0.11236937,0.017200412,0.26722655,0.001787652,"TWOGAUSSIANS_WITH_ELLIPSOIDAL_ON_ECLIPSE1",9,5.6801496,0.76342857,0.0012703779,0.26658958,0.028724033,0.41947344,0.0059634508,0.26722655,0.001787652,0.33936483,0.055143457,0.38707596,0.008474863
375316653866487564,5395467904423833984,0.5393604,2110.0760181805836,4.447496659768731,1.2982613E-5,16.1858,0.44466096,0.29058927,0.0034863448,0.17583455,0.037857164,0.4996438,0.3946013,0.7881785,0.0022590314,0.17716502,0.041756663,0.4911561,0.403092,null,null,null,null,"TWOGAUSSIANS",8,10.783055,0.29139927,0.0033905301,0.4,0.0,0.15805474,0.0073027513,0.7881785,0.0022590314,0.4,0.0,0.14878601,0.004929896
375316653866487564,5395474737715587072,0.4548096,2036.0513884884758,2.00322658287008,6.805033E-5,19.397358,0.0075264494,0.23100278,0.018738072,0.028537065,0.01170053,0.053857226,0.01573231,0.58816725,0.010345367,0.03858101,0.010465721,0.2872903,0.14814028,null,null,null,null,"TWOGAUSSIANS",8,2.5749388,0.58816725,0.010345367,0.21605366,0.058608036,0.2872903,0.14814028,0.23100278,0.018738072,0.15980756,0.06552297,0.053857226,0.01573231
375316653866487564,5395476459998533376,0.4994656,2122.2962886586984,0.8883174392040084,1.2226184E-5,16.358263,0.0022524607,0.33235943,0.0022113924,0.025943818,0.0034173897,0.112599015,0.0113401525,0.83916736,0.0026899762,0.0069736787,0.0027241623,0.06561846,0.05352352,0.021869093,0.0029699227,0.33235943,0.0022113924,"TWOGAUSSIANS_WITH_ELLIPSOIDAL_ON_ECLIPSE1",9,12.730383,0.33235943,0.0022113924,0.14528538,0.019137383,0.15633711,0.011911489,0.83916736,0.0026899762,0.0390526,0.01525531,0.109276585,0.05413599
375316653866487564,5395480170850436736,0.5638288,2094.753904505747,1.2217881133825597,9.965419E-7,16.905033,0.004375674,0.26497358,2.9453577E-4,0.0073093222,8.351116E-4,2.3142545,1.2522138,0.7827906,0.0106432205,0.020801106,0.008153677,0.11940243,0.032846123,0.013674754,0.0062230686,0.7827906,0.0106432205,"TWOGAUSSIANS_WITH_ELLIPSOIDAL_ON_ECLIPSE2",9,16.567593,0.26497358,2.9453577E-4,0.040932205,0.0046766247,2.3412628,1.2503173,0.7827906,0.0106432205,0.1164862,0.04566059,0.14675188,0.034273818
