Gaia/vari_eclipsing_binary/VariEclipsingBinary_466871-466889.csv
# %ECSV 1.0
# ---
# delimiter: ','
# meta: !!omap
# - RELEASE: Gaia DR3
# - TABLE: vari_eclipsing_binary
# - DESCRIPTION: >
#     This table describes the properties of the eclipsing binaries resulting from the variability analysis. 
# - CITATION: >
#     How to cite and acknowledge Gaia: 
#     https://gea.esac.esa.int/archive/documentation/credits.html 
# - KNOWN_ISSUES: >
#     Known issues: 
#     https://www.cosmos.esa.int/web/gaia-users/known-issues 
# - DOCUMENTATION: >
#     Tutorials and documentation: 
#     https://www.cosmos.esa.int/web/gaia-users/archive 
# datatype:
# - 
#   name: solution_id
#   datatype: int64
#   description: Solution Identifier
#   meta:
#     ucd: meta.version
# - 
#   name: source_id
#   datatype: int64
#   description: Unique source identifier
#   meta:
#     ucd: meta.id;meta.main
# - 
#   name: global_ranking
#   datatype: float32
#   description: Number between 0 (worst) and 1 (best)
#   meta:
#     ucd: stat.param
# - 
#   name: reference_time
#   datatype: float64
#   unit: d
#   description: Reference time used for the geometric model fit
#   meta:
#     ucd: time.epoch
# - 
#   name: frequency
#   datatype: float64
#   unit: d**-1
#   description: Frequency of geometric model of the eclipsing binary light curve
#   meta:
#     ucd: src.orbital
# - 
#   name: frequency_error
#   datatype: float32
#   unit: d**-1
#   description: "Uncertainty of \\texttt{frequency}"
#   meta:
#     ucd: stat.error
# - 
#   name: geom_model_reference_level
#   datatype: float32
#   unit: mag
#   description: Magnitude reference level of geometric model
#   meta:
#     ucd: phot.mag;em.opt
# - 
#   name: geom_model_reference_level_error
#   datatype: float32
#   unit: mag
#   description: "Uncertainty of \\texttt{geomModelReferenceLevel}"
#   meta:
#     ucd: stat.error;phot.mag;em.opt
# - 
#   name: geom_model_gaussian1_phase
#   datatype: float32
#   description: Phase of the Gaussian 1 component
#   meta:
#     ucd: time.phase
# - 
#   name: geom_model_gaussian1_phase_error
#   datatype: float32
#   description: "Uncertainty of \\texttt{geomModelGaussian1Phase}"
#   meta:
#     ucd: stat.error;time.phase
# - 
#   name: geom_model_gaussian1_sigma
#   datatype: float32
#   description: "Standard deviation [phase] of Gaussian 1 component"
#   meta:
#     ucd: stat.stdev
# - 
#   name: geom_model_gaussian1_sigma_error
#   datatype: float32
#   description: "Uncertainty of \\texttt{geomModelGaussian1Sigma}"
#   meta:
#     ucd: stat.error
# - 
#   name: geom_model_gaussian1_depth
#   datatype: float32
#   unit: mag
#   description: Magnitude depth of Gaussian 1 component
#   meta:
#     ucd: src.var.amplitude
# - 
#   name: geom_model_gaussian1_depth_error
#   datatype: float32
#   unit: mag
#   description: "Uncertainty of \\texttt{geomModelGaussian1Depth}"
#   meta:
#     ucd: stat.error;src.var.amplitude
# - 
#   name: geom_model_gaussian2_phase
#   datatype: float32
#   description: Phase of Gaussian 2 component
#   meta:
#     ucd: time.phase
# - 
#   name: geom_model_gaussian2_phase_error
#   datatype: float32
#   description: "Uncertainty of \\texttt{geomModelGaussian2Phase}"
#   meta:
#     ucd: stat.error;time.phase
# - 
#   name: geom_model_gaussian2_sigma
#   datatype: float32
[...]
#   datatype: float32
#   description: "Secondary eclipse: uncertainty of \\texttt{derivedSecondaryEclDuration}"
#   meta:
#     ucd: stat.error;time.duration
# - 
#   name: derived_secondary_ecl_depth
#   datatype: float32
#   unit: mag
#   description: "Secondary eclipse: depth"
#   meta:
#     ucd: src.var.amplitude
# - 
#   name: derived_secondary_ecl_depth_error
#   datatype: float32
#   unit: mag
#   description: "Secondary eclipse: uncertainty of \\texttt{derivedSecondaryEclDepth}"
#   meta:
#     ucd: stat.error;src.var.amplitude
solution_id,source_id,global_ranking,reference_time,frequency,frequency_error,geom_model_reference_level,geom_model_reference_level_error,geom_model_gaussian1_phase,geom_model_gaussian1_phase_error,geom_model_gaussian1_sigma,geom_model_gaussian1_sigma_error,geom_model_gaussian1_depth,geom_model_gaussian1_depth_error,geom_model_gaussian2_phase,geom_model_gaussian2_phase_error,geom_model_gaussian2_sigma,geom_model_gaussian2_sigma_error,geom_model_gaussian2_depth,geom_model_gaussian2_depth_error,geom_model_cosine_half_period_amplitude,geom_model_cosine_half_period_amplitude_error,geom_model_cosine_half_period_phase,geom_model_cosine_half_period_phase_error,model_type,num_model_parameters,reduced_chi2,derived_primary_ecl_phase,derived_primary_ecl_phase_error,derived_primary_ecl_duration,derived_primary_ecl_duration_error,derived_primary_ecl_depth,derived_primary_ecl_depth_error,derived_secondary_ecl_phase,derived_secondary_ecl_phase_error,derived_secondary_ecl_duration,derived_secondary_ecl_duration_error,derived_secondary_ecl_depth,derived_secondary_ecl_depth_error
[from data line 189]
375316653866487564,4106697512010251776,0.5675519,2260.8947270285053,3.360475060368093,1.3783044E-5,19.256983,0.016854968,0.21880704,0.005083317,0.07990493,0.008096694,0.44028968,0.034694154,0.7083036,0.004766554,0.08621968,0.007920586,0.37063536,0.027090797,null,null,null,null,"TWOGAUSSIANS",8,1.4364642,0.21880704,0.005083317,0.4,0.0,0.43313348,0.036599092,0.7083036,0.004766554,0.4,0.0,0.36347914,0.02760261
375316653866487564,4106697546370158336,0.5517411,2297.9364779020607,1.905337434306443,1.1787527E-5,18.775692,0.025696335,0.22501409,0.034115355,0.06169031,0.031820856,0.29167596,0.034993585,0.71831393,0.0026849532,0.083482444,0.009720141,0.37841624,0.091664515,null,null,null,null,"TWOGAUSSIANS",8,1.9984204,0.71831393,0.0026849532,0.4,0.0,0.3769003,0.091338135,0.22501409,0.034115355,0.34546572,0.06629777,0.29016003,0.040180236
375316653866487564,4106697782544051072,0.59964144,2271.077373117285,1.0578405294203275,1.9779963E-4,18.053232,0.0034539888,0.3387929,0.016498838,0.0700926,0.012691192,0.3103602,0.070834935,0.8429624,0.001048666,0.021307651,0.0017326789,0.06610752,0.0034697163,null,null,null,null,"TWOGAUSSIANS",8,1.5278262,0.3387929,0.016498838,0.39251858,0.03917749,0.3103601,0.07083504,0.8429624,0.001048666,0.119322844,0.009703002,0.06610743,0.003469191
375316653866487564,4106697851263586944,0.51806384,2247.623241887897,0.2040138449696469,3.8593345E-5,16.545105,0.00630947,0.36552447,0.009563865,0.0071366318,0.004118321,0.9349418,173.93686,0.83082724,0.021745054,0.023143567,0.0107814055,0.08701574,0.03505567,0.05451083,0.010995113,0.36552447,0.009563865,"TWOGAUSSIANS_WITH_ELLIPSOIDAL_ON_ECLIPSE1",9,28.812662,0.36552447,0.009563865,0.039965138,0.023062596,1.0439634,173.93802,0.8325273,0.019740004,0.12960398,0.06037587,0.19118343,0.032759715
375316653866487564,4106697855635864448,0.5509018,2284.4474690918237,2.044783051571685,1.6121114E-5,18.39615,0.022464639,0.28671622,0.0070793456,0.09005952,0.009748442,0.409996,0.044026297,0.7866677,0.012704373,0.0662395,0.012632979,0.3282738,0.03445169,null,null,null,null,"TWOGAUSSIANS",8,5.973649,0.28671622,0.0070793456,0.4,0.0,0.40557835,0.044170603,0.7866677,0.012704373,0.37094116,0.049059074,0.32385632,0.030950675
375316653866487564,4106698233567183488,0.5294396,2201.6247981553456,4.999395707775147,6.439246E-5,19.607307,0.062622786,0.43223035,0.010408461,0.17857398,0.033292275,0.53531903,0.049688812,0.8559799,0.05710862,0.024606554,0.013394239,0.48256636,4.1166487,null,null,null,null,"TWOGAUSSIANS",8,3.3052752,0.43223035,0.010408461,0.4,0.0,0.5130635,0.040907208,0.8559799,0.05710862,0.1377967,0.07500774,0.49529713,4.145359
375316653866487564,4106698302286887424,0.5236481,2136.234224803492,2.9900202183272735,5.8819372E-5,19.65422,0.02009111,0.22142111,0.0055431174,0.062479258,0.008038303,0.37264046,0.0671844,0.6891207,0.03048214,0.078652434,0.03203168,0.30237082,0.06800648,null,null,null,null,"TWOGAUSSIANS",8,1.877024,0.22142111,0.005541199,0.34988385,0.045014493,0.37210438,0.06736556,0.6891207,0.03048214,0.4,0.059192926,0.30183476,0.06815439
375316653866487564,4106698714603179008,0.54794824,2203.797675294823,0.11988115112217532,9.543217E-5,19.39099,0.033677444,0.45417717,0.04916543,0.08525252,0.04716075,0.31439766,0.069577076,0.8165728,0.053001802,0.10329413,0.06114016,0.058149368,0.018328875,null,null,null,null,"TWOGAUSSIANS",8,0.6842668,0.4542772,0.052200995,0.4,0.0,0.31373814,0.060434982,0.8165728,0.053001802,0.4,0.0,0.057403583,0.012794797
375316653866487564,4106698714613740288,0.4811213,2242.0824606757624,2.917166079234521,1.894186E-5,18.489748,0.022832612,0.24010767,0.0184104,0.09051962,0.037174407,0.12766899,0.024826804,0.7217451,0.0043096202,0.039407894,0.023107298,0.391994,0.23902117,null,null,null,null,"TWOGAUSSIANS",8,2.0950313,0.7217451,0.0043096202,0.2206842,0.12940086,0.39188117,0.24064134,0.24010767,0.0184104,0.4,0.04580414,0.12755606,0.023857752
375316653866487564,4106698817682805760,0.6219704,2217.9926415514333,1.8077946101051872,1.3740549E-5,18.17422,0.020465476,0.232167,0.006704738,0.09114418,0.010514815,0.36480424,0.02827482,0.73946226,0.0034277828,0.09572209,0.008533266,0.28383067,0.017279318,null,null,null,null,"TWOGAUSSIANS",8,1.213669,0.232167,0.006704738,0.4,0.0,0.3487351,0.023891592,0.73946226,0.0034277828,0.4,0.0,0.26776102,0.008752266
375316653866487564,4106699711036354048,0.50449646,2242.3288848387956,2.751859696580341,3.3928616E-5,18.70797,0.007348188,0.23797289,0.01014134,0.047187727,0.031908046,0.11351042,21.599182,null,null,null,null,null,null,0.10411116,0.008348056,0.23797289,0.01014134,"ONEGAUSSIAN_WITH_ELLIPSOIDAL",6,4.9900947,0.23797289,0.01014134,0.26425126,0.17868505,0.32173264,21.595383,null,null,null,null,null,null
375316653866487564,4106700123351986048,0.6129213,2193.2482085724264,2.604140077273115,1.5330774E-5,19.357977,0.034503125,0.27275056,0.0036922044,0.09838052,0.00854164,0.41458908,0.037935123,0.7975171,0.0042467876,0.08756993,0.009362056,0.5164261,0.031730898,null,null,null,null,"TWOGAUSSIANS",8,1.4107226,0.7975171,0.0042409347,0.4,0.0,0.4993451,0.02927554,0.27275056,0.0036922044,0.4,0.0,0.39750448,0.028843094
375316653866487564,4106700531323146112,0.5277114,2208.58749010409,2.243594082558368,1.4455867E-4,17.829443,0.020535706,0.64865935,0.017145775,0.014647435,0.017930083,0.12099663,0.10237967,0.80495983,0.00374092,0.041458935,0.00581335,0.45889908,0.044505883,0.025230125,0.027809279,0.80495983,0.00374092,"TWOGAUSSIANS_WITH_ELLIPSOIDAL_ON_ECLIPSE2",9,19.507515,0.80495983,0.00374092,0.23217003,0.03255476,0.5093593,0.02491142,0.6492493,0.017618535,0.08202564,0.100408465,0.1370286,0.10078339
375316653866487564,4106700570029252992,0.5263273,2190.6550286751162,4.121554111987394,9.736617E-5,19.61074,0.020517727,0.27844855,0.014480448,0.032807305,0.013331396,0.7953679,0.46073654,0.8681838,0.05553432,0.103811175,0.13660367,0.026753658,0.16325031,null,null,null,null,"TWOGAUSSIANS",8,2.4784307,0.27844855,0.014400535,0.18372092,0.074655816,0.7953702,0.46108198,0.8681838,0.05553432,0.4,0.2835,0.02674507,0.16344075
375316653866487564,4106700943640091520,0.5524014,2214.160235046407,1.809968786471469,4.1816118E-5,17.75161,0.011028796,0.25433052,0.011889581,0.07798398,0.018144656,0.25217083,0.016814457,0.7500922,0.011842435,0.080718875,0.011043281,0.16003263,0.0128006525,null,null,null,null,"TWOGAUSSIANS",8,5.7270174,0.25433052,0.011889581,0.4,0.05877404,0.24960797,0.01725083,0.7500922,0.011842435,0.4,0.0,0.15746978,0.010614285
375316653866487564,4106701154145040896,0.52926564,2234.433666207306,4.56992285497481,2.0780155E-5,19.634975,0.01748889,0.4905835,0.020897657,0.09875451,0.0241005,0.40117112,0.07979049,0.7316743,0.11072249,0.10687772,0.14885716,0.08201059,0.43334875,null,null,null,null,"TWOGAUSSIANS",8,1.4805478,0.4940935,0.012396706,0.4,0.0,0.40747303,0.0878157,0.7316743,0.11072249,0.4,0.3877305,0.10201021,0.4187233
375316653866487564,4106701532103155968,0.53826433,2212.2201784131125,2.2493497137900693,2.920115E-5,18.75431,0.0119852815,0.30077365,0.010217626,0.07931243,0.009291187,0.41739637,0.07385074,0.79519415,0.013567225,0.08947501,0.011335388,0.3512934,0.026053848,null,null,null,null,"TWOGAUSSIANS",8,4.6711745,0.30077365,0.010217626,0.4,0.0,0.4088402,0.07549483,0.79519415,0.013567225,0.4,0.0,0.34273714,0.02474083
375316653866487564,4106702047499325568,0.4846446,2261.4011177279667,0.07849026910789407,8.512595E-5,19.54377,0.12419921,0.12358477,0.010307639,0.07799683,0.023857936,0.5544752,0.097358055,0.68355167,0.07320362,0.06986615,0.03701143,0.61346644,0.5013891,null,null,null,null,"TWOGAUSSIANS",8,7.8178763,0.68355167,0.07320362,0.39125046,0.10345333,0.61257404,0.50132036,0.12358477,0.010133481,0.4,0.07768862,0.5535827,0.0959718
375316653866487564,4106702150578737536,0.49438977,2190.2212879811173,0.33069480438718557,4.2810938E-5,19.313944,0.08639704,0.35116327,0.031929865,0.13301016,0.13601589,0.21461453,2.07234,0.83078206,0.07980238,0.07842373,0.11055976,0.33369207,1.9659156E24,null,null,null,null,"TWOGAUSSIANS",8,1.6050076,0.83078206,0.07980238,0.4,0.5617916,0.3109496,1.9659156E24,0.35116327,0.031929865,0.4,0.09887023,0.19144794,2.1184902
375316653866487564,4106702356744843392,0.5413632,2269.415804853169,1.1032897508783424,3.444281E-5,19.578133,0.012742189,0.30135593,0.048513915,0.027204834,0.015634868,0.78087807,1.4260687,0.7681996,0.022124916,0.107805595,0.027582237,0.2166339,0.19746265,null,null,null,null,"TWOGAUSSIANS",8,1.9220208,0.30135593,0.048513915,0.15234707,0.08755526,0.7807135,1.4234691,0.7681996,0.022124916,0.4,0.0,0.21644993,0.19797738
375316653866487564,4106703864217120768,0.6907392,2272.4394421867373,0.980760483951903,1.0359655E-5,16.923113,0.003282002,0.30369473,0.0018429371,0.057949968,0.001239811,0.70511216,0.011172228,0.80658346,0.0043176,0.08357075,0.0042811777,0.19440064,0.005919715,null,null,null,null,"TWOGAUSSIANS",8,3.2344787,0.30369473,0.0018429371,0.3245198,0.006942941,0.70397,0.0111080995,0.80658346,0.0043176,0.4,0.0,0.19325846,0.005846592
375316653866487564,4106704040372334336,0.5401227,2300.7141161019617,1.7750563945196933,1.8210594E-5,18.441833,0.026912073,0.29129872,0.016950814,0.08548234,0.016865352,0.29395118,0.049990926,0.81229377,0.0077050463,0.1045828,0.022803737,0.13282557,0.023717342,null,null,null,null,"TWOGAUSSIANS",8,1.7544919,0.29129872,0.016943673,0.4,0.0,0.28529295,0.034541562,0.81229377,0.0077050463,0.4,0.0,0.12416316,0.01099952
375316653866487564,4106704212165554944,0.48090237,2351.886226449841,2.90800211383566,2.3499373E-5,19.78167,0.04374253,0.31252995,0.037045155,0.1102604,0.06369128,0.13104533,0.04141862,0.811298,0.0022455663,0.05669581,0.009805128,0.32667688,0.044689324,null,null,null,null,"TWOGAUSSIANS",8,1.5678912,0.811298,0.0022455663,0.31749654,0.054908715,0.3230629,0.039218046,0.31252995,0.037045155,0.4,0.0,0.12742236,0.025615092
375316653866487564,4106704349627980672,0.70796347,2238.884962613211,0.5203266033538922,9.658042E-6,13.182128,0.004219389,0.23472577,0.011139234,0.039106905,0.012349755,0.22337541,0.19392267,0.73236746,0.0012265522,0.040303912,0.001566009,0.20760094,0.008768106,0.029885704,0.005036477,0.23472577,0.011139234,"TWOGAUSSIANS_WITH_ELLIPSOIDAL_ON_ECLIPSE1",9,11.850115,0.23472577,0.011139234,0.21899867,0.06915863,0.28314668,0.19799244,0.73244745,0.0010946455,0.22570191,0.00876965,0.26735952,0.0021780892
375316653866487564,4106705792740233600,0.51878804,2306.133887407046,0.09583507208691797,3.115495E-5,19.584764,0.012719624,0.18158886,0.021453293,0.11011965,0.014550549,0.65090805,0.048423305,0.9001815,2.1788999E-4,0.012642958,3.06135E-4,0.24105412,0.0069955923,null,null,null,null,"TWOGAUSSIANS",8,1.9672536,0.18158886,0.021453293,0.4,0.0,0.65086466,0.048266713,0.90057147,1.3085247E-4,0.070800565,0.0017143561,0.2659793,0.011146975
375316653866487564,4106706582987823872,0.51444817,2219.5442020726464,1.4909138179001724,4.5856556E-5,19.36057,0.007910761,0.24413982,0.017615523,0.08077577,0.013578081,0.05265494,0.017390609,0.70348704,1.0675947E-5,0.005542686,1.5819266E-4,1.0314773,0.0540603,null,null,null,null,"TWOGAUSSIANS",8,1.2043548,0.70348704,1.0675947E-5,0.031039042,8.858789E-4,1.0314773,0.054060243,0.24413982,0.017615523,0.4,0.0,0.05265494,0.017390607
375316653866487564,4106707167109561856,0.51096547,2365.318815296826,0.5815532014160846,2.3002467E-5,19.823751,0.0120506305,0.15248892,0.024383053,0.01597912,0.015765611,0.11231964,0.04185762,0.8272022,0.005931729,0.04589422,0.0036554013,0.46349072,0.041939333,null,null,null,null,"TWOGAUSSIANS",8,2.4227855,0.8272022,0.005931729,0.25700766,0.020470247,0.46349072,0.041939333,0.15248892,0.024383053,0.089483075,0.08828742,0.11231964,0.04185762
375316653866487564,4106707197111959552,0.49759772,2309.0297978570984,1.0828901150481678,3.0047897E-5,17.33036,0.011526249,0.34938514,0.0064941077,0.03264784,0.011549741,0.29933223,0.016511695,0.8593419,0.032114696,0.036875226,0.018643567,0.1877476,2.1589854,null,null,null,null,"TWOGAUSSIANS",8,45.606056,0.34938514,0.0064941077,0.1828279,0.06467855,0.29933223,0.016511695,0.8593419,0.032114696,0.20650126,0.10440397,0.1877476,2.1589854
375316653866487564,4106707510706185216,0.51833725,2226.6629540663557,4.524004517397231,2.4860643E-5,18.92425,0.013244692,0.42311615,0.033630654,0.14583059,0.025529206,0.20943896,0.019886922,0.6826489,0.024076555,0.06576683,0.029310536,0.15195297,0.3909648,null,null,null,null,"TWOGAUSSIANS",8,1.8727556,0.42350614,0.033351533,0.4,0.0,0.20819202,0.016954195,0.6826489,0.024076555,0.36829427,0.16378105,0.19362506,0.3949547
375316653866487564,4106707682522647296,0.4560318,2255.222642724424,1.1947382789900838,4.202386E-5,19.173367,0.08905264,0.36515263,0.016140956,0.2228704,0.051639482,0.32607034,0.08372214,0.81406814,0.027468165,0.05532608,0.02946029,0.31244487,0.3015334,null,null,null,null,"TWOGAUSSIANS",8,4.6034575,0.81406814,0.027468165,0.30982605,0.16497763,0.28937724,0.32106602,0.36515263,0.016140956,0.4,0.0,0.24481145,0.021086328
375316653866487564,4106707854303869696,0.5568846,2310.5554042045146,1.9300436155868856,1.1329117E-5,19.523956,0.016088711,0.11373766,0.004278682,0.071972266,0.0052912133,0.5179624,0.026525168,0.6239288,0.0046619596,0.060484335,0.005532645,0.6600013,0.07386142,null,null,null,null,"TWOGAUSSIANS",8,2.3952668,0.6239288,0.0046619596,0.33871228,0.030982811,0.6593102,0.07410407,0.11373766,0.004278682,0.4,0.0127561195,0.51727134,0.02671001
375316653866487564,4106707923040859648,0.6094654,2296.409828865952,0.9876690487861994,1.8245713E-5,17.568493,0.0039198785,0.31185016,0.002351721,0.03697426,0.02316367,0.50587916,0.37488928,0.82113636,0.0049017672,0.04128682,0.0046586706,0.14174281,0.009737711,null,null,null,null,"TWOGAUSSIANS",8,3.2865577,0.31185016,0.002351721,0.20705585,0.12971655,0.50587916,0.3748904,0.82113636,0.0049017672,0.2312062,0.026088554,0.14174281,0.009737561
375316653866487564,4106708094822177792,0.56809944,2342.2276190095827,1.4583882606859977,9.995506E-6,18.98588,0.00879557,0.28572032,0.012390079,0.04044345,0.015677666,0.13062137,0.023624089,0.772978,0.0012920252,0.044528842,0.0016768906,0.48217702,0.011486497,null,null,null,null,"TWOGAUSSIANS",8,3.327712,0.772978,0.0012920252,0.2493615,0.009390588,0.48217702,0.011485779,0.28572032,0.012390079,0.22648332,0.08779493,0.13062136,0.023624828
375316653866487564,4106708232261109120,0.58671093,2337.673117804482,2.6314669044431813,1.93055E-5,18.997433,0.01707208,0.2867694,0.0052688345,0.030886624,0.009808202,0.11909746,0.05140483,0.7646308,0.012164264,0.035230707,0.043838285,0.16225444,0.027928049,0.124110855,0.018297091,0.2867694,0.0052688345,"TWOGAUSSIANS_WITH_ELLIPSOIDAL_ON_ECLIPSE1",9,1.7869557,0.76750076,0.012629115,0.19729197,0.20136271,0.40631753,0.01785342,0.2867694,0.0052688345,0.1729651,0.054925933,0.36731863,0.03826742
375316653866487564,4106708468422584448,0.6109106,2287.957772448954,2.759975227610305,9.388438E-6,17.873344,0.016544858,0.24881423,0.0074723125,0.05167256,0.011520807,0.22011916,0.041392602,0.7459503,0.011656359,0.042785108,0.0069228983,0.35691613,0.08579643,0.118846186,0.022022244,0.24881423,0.0074723125,"TWOGAUSSIANS_WITH_ELLIPSOIDAL_ON_ECLIPSE1",9,5.0342026,0.74620026,0.011185821,0.2395966,0.038768232,0.5945361,0.066789605,0.24881423,0.0074723125,0.28936633,0.064516515,0.45780936,0.024156056
375316653866487564,4106708678937702784,0.5462039,2273.2663622163027,2.601638139808906,3.1430776E-5,18.693777,0.020734303,0.2562498,0.009441036,0.09165197,0.012325753,0.43433952,0.038840167,0.73233205,0.006872206,0.08281636,0.0070834584,0.4905756,0.02972733,null,null,null,null,"TWOGAUSSIANS",8,4.383102,0.73233205,0.006872206,0.4,0.0,0.48046198,0.026508342,0.2562498,0.009441036,0.4,0.0,0.4242253,0.04513621
