Gaia/vari_eclipsing_binary/VariEclipsingBinary_346450-346603.csv
# %ECSV 1.0
# ---
# delimiter: ','
# meta: !!omap
# - RELEASE: Gaia DR3
# - TABLE: vari_eclipsing_binary
# - DESCRIPTION: >
#     This table describes the properties of the eclipsing binaries resulting from the variability analysis. 
# - CITATION: >
#     How to cite and acknowledge Gaia: 
#     https://gea.esac.esa.int/archive/documentation/credits.html 
# - KNOWN_ISSUES: >
#     Known issues: 
#     https://www.cosmos.esa.int/web/gaia-users/known-issues 
# - DOCUMENTATION: >
#     Tutorials and documentation: 
#     https://www.cosmos.esa.int/web/gaia-users/archive 
# datatype:
# - 
#   name: solution_id
#   datatype: int64
#   description: Solution Identifier
#   meta:
#     ucd: meta.version
# - 
#   name: source_id
#   datatype: int64
#   description: Unique source identifier
#   meta:
#     ucd: meta.id;meta.main
# - 
#   name: global_ranking
#   datatype: float32
#   description: Number between 0 (worst) and 1 (best)
#   meta:
#     ucd: stat.param
# - 
#   name: reference_time
#   datatype: float64
#   unit: d
#   description: Reference time used for the geometric model fit
#   meta:
#     ucd: time.epoch
# - 
#   name: frequency
#   datatype: float64
#   unit: d**-1
#   description: Frequency of geometric model of the eclipsing binary light curve
#   meta:
#     ucd: src.orbital
# - 
#   name: frequency_error
#   datatype: float32
#   unit: d**-1
#   description: "Uncertainty of \\texttt{frequency}"
#   meta:
#     ucd: stat.error
# - 
#   name: geom_model_reference_level
#   datatype: float32
#   unit: mag
#   description: Magnitude reference level of geometric model
#   meta:
#     ucd: phot.mag;em.opt
# - 
#   name: geom_model_reference_level_error
#   datatype: float32
#   unit: mag
#   description: "Uncertainty of \\texttt{geomModelReferenceLevel}"
#   meta:
#     ucd: stat.error;phot.mag;em.opt
# - 
#   name: geom_model_gaussian1_phase
#   datatype: float32
#   description: Phase of the Gaussian 1 component
#   meta:
#     ucd: time.phase
# - 
#   name: geom_model_gaussian1_phase_error
#   datatype: float32
#   description: "Uncertainty of \\texttt{geomModelGaussian1Phase}"
#   meta:
#     ucd: stat.error;time.phase
# - 
#   name: geom_model_gaussian1_sigma
#   datatype: float32
#   description: "Standard deviation [phase] of Gaussian 1 component"
#   meta:
#     ucd: stat.stdev
# - 
#   name: geom_model_gaussian1_sigma_error
#   datatype: float32
#   description: "Uncertainty of \\texttt{geomModelGaussian1Sigma}"
#   meta:
#     ucd: stat.error
# - 
#   name: geom_model_gaussian1_depth
#   datatype: float32
#   unit: mag
#   description: Magnitude depth of Gaussian 1 component
#   meta:
#     ucd: src.var.amplitude
# - 
#   name: geom_model_gaussian1_depth_error
#   datatype: float32
#   unit: mag
#   description: "Uncertainty of \\texttt{geomModelGaussian1Depth}"
#   meta:
#     ucd: stat.error;src.var.amplitude
# - 
#   name: geom_model_gaussian2_phase
#   datatype: float32
#   description: Phase of Gaussian 2 component
#   meta:
#     ucd: time.phase
# - 
#   name: geom_model_gaussian2_phase_error
#   datatype: float32
#   description: "Uncertainty of \\texttt{geomModelGaussian2Phase}"
#   meta:
#     ucd: stat.error;time.phase
# - 
#   name: geom_model_gaussian2_sigma
#   datatype: float32
[...]
#   datatype: float32
#   description: "Secondary eclipse: uncertainty of \\texttt{derivedSecondaryEclDuration}"
#   meta:
#     ucd: stat.error;time.duration
# - 
#   name: derived_secondary_ecl_depth
#   datatype: float32
#   unit: mag
#   description: "Secondary eclipse: depth"
#   meta:
#     ucd: src.var.amplitude
# - 
#   name: derived_secondary_ecl_depth_error
#   datatype: float32
#   unit: mag
#   description: "Secondary eclipse: uncertainty of \\texttt{derivedSecondaryEclDepth}"
#   meta:
#     ucd: stat.error;src.var.amplitude
solution_id,source_id,global_ranking,reference_time,frequency,frequency_error,geom_model_reference_level,geom_model_reference_level_error,geom_model_gaussian1_phase,geom_model_gaussian1_phase_error,geom_model_gaussian1_sigma,geom_model_gaussian1_sigma_error,geom_model_gaussian1_depth,geom_model_gaussian1_depth_error,geom_model_gaussian2_phase,geom_model_gaussian2_phase_error,geom_model_gaussian2_sigma,geom_model_gaussian2_sigma_error,geom_model_gaussian2_depth,geom_model_gaussian2_depth_error,geom_model_cosine_half_period_amplitude,geom_model_cosine_half_period_amplitude_error,geom_model_cosine_half_period_phase,geom_model_cosine_half_period_phase_error,model_type,num_model_parameters,reduced_chi2,derived_primary_ecl_phase,derived_primary_ecl_phase_error,derived_primary_ecl_duration,derived_primary_ecl_duration_error,derived_primary_ecl_depth,derived_primary_ecl_depth_error,derived_secondary_ecl_phase,derived_secondary_ecl_phase_error,derived_secondary_ecl_duration,derived_secondary_ecl_duration_error,derived_secondary_ecl_depth,derived_secondary_ecl_depth_error
[from data line 399]
375316653866487564,3047971683904512512,0.644301,2171.663280445648,2.8176162156972104,7.476631E-6,16.365557,0.017577967,0.29851285,0.0071897907,0.0665263,0.008297448,0.18140827,0.036869228,0.81429225,0.0019146932,0.061469913,0.008230306,0.14880468,0.037438292,0.07431034,0.020600168,0.81429225,0.0019146932,"TWOGAUSSIANS_WITH_ELLIPSOIDAL_ON_ECLIPSE2",9,6.4849677,0.30201286,0.0051987274,0.3725473,0.04646571,0.32879487,0.010612138,0.81429225,0.0019146932,0.34423152,0.046089716,0.29732507,0.0076599345
375316653866487564,3047972164940785792,0.5045819,2146.4407109354047,3.9344039357125427,1.4766294E-4,16.854382,0.035091758,0.46120048,0.0192645,0.20480137,0.052236784,0.13270675,0.033721767,0.835275,0.021130571,0.05214671,0.02863646,0.058548182,0.0509352,null,null,null,null,"TWOGAUSSIANS",8,8.557019,0.46120048,0.0192645,0.4,0.0,0.11785422,0.0049157883,0.835275,0.021130571,0.29202157,0.16036417,0.06996653,0.053021137
375316653866487564,3047972779113495424,0.60102546,2148.9248831874843,1.4786142378690736,1.6386714E-4,17.509174,0.0020639265,0.32641485,0.019174198,0.049808044,0.008692804,0.25078377,0.04140219,0.71607625,0.033139076,0.113956444,0.04444168,0.017806573,0.0059975493,null,null,null,null,"TWOGAUSSIANS",8,1.571915,0.32643488,0.0191964,0.27892503,0.048679702,0.25077042,0.04142329,0.71607625,0.033139076,0.4,0.0,0.017741727,0.006071043
375316653866487564,3047977456340541184,0.6539339,2188.9333052080387,0.5837860010742396,3.7902773E-5,16.7682,9.590881E-4,0.3573503,0.00196136,0.024933517,0.0015233854,0.4649448,0.030880291,0.75661594,0.023603737,0.028120834,0.02091503,0.024131356,0.018543873,null,null,null,null,"TWOGAUSSIANS",8,3.9970315,0.3573503,0.00196136,0.1396277,0.008530959,0.4649448,0.030880291,0.75661594,0.023603737,0.15747666,0.11712417,0.024131356,0.018543873
375316653866487564,3047979517924677120,0.7072924,2160.896392581573,0.5632457250552407,9.388083E-6,16.78594,0.0054504685,0.26747364,1.8556409E-4,0.018824019,2.446482E-4,2.1175365,0.03790809,0.7936763,0.014325725,0.032492835,0.0152716795,0.24228084,2.7039144,0.027368002,0.0062421616,0.7936763,0.014325725,"TWOGAUSSIANS_WITH_ELLIPSOIDAL_ON_ECLIPSE2",9,12.328829,0.26749364,1.851069E-4,0.10541451,0.0013700299,2.1708033,0.03680367,0.7936763,0.014325725,0.18195988,0.08552141,0.2970168,2.703869
375316653866487564,3047981270265395968,0.4824714,2145.1359079710974,0.10121386824878642,4.0753216E-6,18.735004,0.029025028,0.09016577,6.153267E-4,0.0037602352,6.301729E-4,0.35782462,0.057466187,0.9028592,0.06541415,0.059967905,0.036780626,0.15034008,0.066077694,0.06534914,0.033113796,0.09016577,6.153267E-4,"TWOGAUSSIANS_WITH_ELLIPSOIDAL_ON_ECLIPSE1",9,3.1904614,0.09016577,6.153267E-4,0.021057317,0.0035289682,0.4896672,0.077574275,0.92014927,0.051933862,0.33582026,0.20327675,0.17454106,0.06459456
375316653866487564,3047981888740811008,0.5270716,2167.4795908636693,2.8328399054058946,4.206502E-5,19.312052,0.022178495,0.22636154,0.0064994204,0.08639353,0.009640806,0.31885752,0.025600085,0.7380594,0.0028179288,0.07994524,0.006901694,0.3124365,0.025701907,null,null,null,null,"TWOGAUSSIANS",8,2.7165525,0.22636154,0.0064994204,0.4,0.0,0.31329685,0.022772431,0.7380594,0.0028179288,0.4,0.0,0.30687582,0.02366684
375316653866487564,3047983361913690880,0.47236675,2145.46608215015,0.16890664412689857,7.868209E-5,19.439,0.0071894224,0.13551585,0.013937186,0.03879438,0.009710118,0.4504314,0.45617065,0.8090647,0.009729163,0.025665257,0.009798728,0.32751173,0.14890794,null,null,null,null,"TWOGAUSSIANS",8,1.897055,0.13551585,0.013937186,0.21724851,0.05437666,0.4504314,0.45617065,0.8090647,0.009729163,0.14372544,0.054872878,0.32751173,0.14890794
375316653866487564,3047983636791624448,0.50276893,2153.3058759612804,3.573494934558803,1.6429572E-5,18.936409,0.0032291685,null,null,null,null,null,null,null,null,null,null,null,null,0.07816657,0.004572103,0.30710876,0.0045800805,"ELLIPSOIDAL",4,1.6819935,null,null,null,null,null,null,null,null,null,null,null,null
375316653866487564,3047983774230402304,0.5066503,2161.2459115151332,0.1718323799106952,4.7711128E-5,18.017323,0.007398362,0.20454934,3.274073E-4,0.012910928,6.8633544E-4,0.41221577,0.0029304489,0.7193954,0.013462223,0.091152094,0.032348514,0.039363053,0.014610516,null,null,null,null,"TWOGAUSSIANS",8,2.4479704,0.20454934,3.274073E-4,0.072301194,0.0038434786,0.41221544,0.0029529596,0.7193954,0.013462223,0.4,0.0,0.039362695,0.014611119
375316653866487564,3047986596030576640,0.6125166,2185.194533592702,2.1820109973950794,7.2693906E-6,16.895344,0.008812443,0.2678459,0.0030795345,0.07284363,0.0070441687,0.31929788,0.04619357,0.7534655,0.0031673058,0.08493346,0.003110639,0.50397563,0.012393095,null,null,null,null,"TWOGAUSSIANS",8,10.726312,0.7534655,0.0031673058,0.4,0.0,0.49997452,0.0114630405,0.2678459,0.0030795345,0.4,5.139711E-4,0.31529683,0.04802345
375316653866487564,3047988795050272000,0.4698916,2136.113133439711,3.111135861152033,4.6656914E-5,19.70786,0.15006982,0.22538744,0.013672761,0.109526105,0.050797712,0.2643306,0.1406988,0.7051548,0.018178042,0.09503931,0.038632527,0.28476018,0.14306788,null,null,null,null,"TWOGAUSSIANS",8,1.9482726,0.7051548,0.018178042,0.4,0.0,0.26329005,0.04248066,0.22538744,0.013688563,0.4,0.0,0.24284005,0.046718992
375316653866487564,3047989413529944704,0.6109592,2213.9221391472856,2.9388708658923326,6.0979523E-6,15.486881,0.0030363584,0.15836053,0.0019015074,0.027029002,0.008022943,0.12947138,0.050999325,0.6621281,0.0062896707,0.042107638,0.0045068637,0.07526266,0.009342069,0.07624518,0.005389173,0.15836053,0.0019015074,"TWOGAUSSIANS_WITH_ELLIPSOIDAL_ON_ECLIPSE1",9,13.539593,0.15836053,0.0019015074,0.1513624,0.044928476,0.28196174,0.056426473,0.6621281,0.006068647,0.23580278,0.025238436,0.22766757,0.00721535
375316653866487564,3047990611815781504,0.51041627,2236.9721267220716,3.343373806096206,1.6101598E-5,17.219397,0.10471601,0.25359696,0.0028561254,0.110289104,0.029096555,0.21982266,0.09557513,0.7622424,0.00626281,0.12349093,0.036779817,0.2276629,0.10186407,null,null,null,null,"TWOGAUSSIANS",8,12.37962,0.7622524,0.0061850664,0.4,0.0,0.18575893,0.020533461,0.25353697,0.0028461795,0.4,0.0,0.17803289,0.00885023
375316653866487564,3047990925358251904,0.5990352,2194.8105554373083,0.4525608486923141,5.9751645E-5,12.6325865,0.0016113485,0.2303426,0.00901891,0.01787564,0.007767206,0.15282851,0.20764104,0.88754785,5.469675E-4,0.0161484,9.5077784E-4,0.17535779,0.005240411,0.004271717,0.0032685031,0.88754785,5.469675E-4,"TWOGAUSSIANS_WITH_ELLIPSOIDAL_ON_ECLIPSE2",9,58.110943,0.88754785,5.469675E-4,0.090431035,0.005324356,0.18390122,0.009549149,0.2304426,0.0090405075,0.10010359,0.043496355,0.15542081,0.207728
375316653866487564,3047992402826266112,0.57678086,2182.2874153793296,0.5806931207573894,6.6986715E-5,14.705823,0.0025772029,0.8015925,0.11985935,0.074025705,0.06220641,0.018005094,0.010617159,0.4583629,0.01621614,0.06458925,0.007671365,0.21778394,0.013795084,null,null,null,null,"TWOGAUSSIANS",8,33.68066,0.4583629,0.016457947,0.36169976,0.042959645,0.21778286,0.011478477,0.8015925,0.32839364,0.4,0.07390467,0.018003782,0.19116496
375316653866487564,3047994120814067456,0.6551557,2225.9772211006834,2.8561340632535352,4.542792E-6,16.800829,0.014286736,0.1754982,0.0015298182,0.04715209,0.004732102,0.36062127,0.037927937,0.67454153,0.002261391,0.057782378,0.004021963,0.3488073,0.036459558,0.11680812,0.022550223,0.1754982,0.0015298182,"TWOGAUSSIANS_WITH_ELLIPSOIDAL_ON_ECLIPSE1",9,10.2397585,0.1754982,0.0015298182,0.2640517,0.026499772,0.5942084,0.029727887,0.67468154,0.0019009003,0.3235813,0.022522993,0.5823873,0.019477094
375316653866487564,3047994842367609088,0.5911052,2209.556234084574,0.06535732319517752,1.6754051E-5,16.84637,6.1934814E-4,0.21567057,0.07853977,0.023844352,0.021201462,0.15559241,0.1390748,0.672939,1.4167312E-6,0.00257071,2.9455285E-5,0.23417437,0.0029630768,null,null,null,null,"TWOGAUSSIANS",8,1.6955261,0.672939,1.4167312E-6,0.014395976,1.649496E-4,0.23417437,0.0029630768,0.21567057,0.07853977,0.13352837,0.11872818,0.15559241,0.1390748
375316653866487564,3047996796568810496,0.57888716,2191.2277373237303,3.1046593898451826,2.1306521E-5,18.306269,0.011679723,0.26740226,0.012688995,0.062372133,0.008946954,0.65989864,0.21157941,0.7947874,0.0046763425,0.058473367,0.0070888703,0.8323788,0.15719034,null,null,null,null,"TWOGAUSSIANS",8,8.743961,0.7947874,0.0046763425,0.32745084,0.039697673,0.83227086,0.1574023,0.26740226,0.012688995,0.34928393,0.05010294,0.6597907,0.21164744
375316653866487564,3047998892512967808,0.647364,2172.670819646607,0.5424552639263872,2.5974176E-5,16.20946,0.0023369163,0.37538558,1.572388E-4,0.022437833,0.0011307605,1.0160687,0.092964664,0.6733501,0.01805761,0.038290195,0.024618363,0.053805206,1.822262,null,null,null,null,"TWOGAUSSIANS",8,7.176061,0.37538558,1.572388E-4,0.12565187,0.006332259,1.0160687,0.092964664,0.6733501,0.01805761,0.2144251,0.13786283,0.053805206,1.822262
375316653866487564,3048002019249213568,0.5476658,2163.671286136781,3.8954433471540857,6.9326234E-5,19.38549,0.005363585,0.08805794,0.015488945,0.031434,0.010405378,0.036613237,0.012434164,0.5195817,0.045452867,0.053036716,0.019795287,0.5515942,2.7244356,0.001557161,0.0052976534,0.5195817,0.045452867,"TWOGAUSSIANS_WITH_ELLIPSOIDAL_ON_ECLIPSE2",9,1.0505252,0.5195817,0.045452867,0.2970056,0.110853605,0.55470115,2.72373,0.08765794,0.014339923,0.1760304,0.05827012,0.039181344,0.011435633
375316653866487564,3048002740803745664,0.5663538,2170.6933366557855,3.4309625445607055,1.4874614E-5,18.297405,0.0074388264,0.32730243,0.020857086,0.09521665,0.016474359,0.17520426,0.01854321,0.8318264,0.0031732277,0.07192482,0.0046774093,0.23180209,0.007065608,null,null,null,null,"TWOGAUSSIANS",8,2.0008729,0.8318264,0.0031732277,0.4,0.005677198,0.22770895,0.0058587487,0.32730243,0.020857086,0.4,0.0,0.17111075,0.017067745
375316653866487564,3048003397943181440,0.5580962,2172.605331425745,3.6081923252758785,3.1486943E-5,16.286846,0.04275768,0.2656279,0.009645371,0.048840553,0.017082497,0.21533115,0.10037094,0.7523595,0.011411035,0.05529593,0.018712007,0.36192352,0.08598306,0.11577988,0.050672222,0.2656279,0.009645371,"TWOGAUSSIANS_WITH_ELLIPSOIDAL_ON_ECLIPSE1",9,140.75519,0.75412947,0.00994239,0.30965722,0.10478724,0.59208536,0.040945917,0.2656279,0.009645371,0.27350712,0.09566198,0.4468849,0.023734255
375316653866487564,3048003565437480832,0.46675438,2164.043079104694,2.559019725661042,2.4153836E-5,18.43541,0.002933657,null,null,null,null,null,null,null,null,null,null,null,null,0.05075245,0.0051815147,0.18697917,0.005973371,"ELLIPSOIDAL",4,2.0396297,null,null,null,null,null,null,null,null,null,null,null,null
375316653866487564,3048003672821111168,0.5874962,2145.867971145354,0.9036468748549101,5.3912692E-5,17.354269,0.0031615298,0.120626,0.08833902,0.119263016,0.12651652,0.0057324884,37.58632,0.31873485,1.02243524E-4,0.009758311,1.9094897E-4,0.5401069,0.01836843,null,null,null,null,"TWOGAUSSIANS",8,1.6969402,0.31873485,1.02243524E-4,0.05464654,0.0010693142,0.5415478,0.020109462,0.120626,0.08833902,0.4,0.38237906,0.00573074,37.58632
375316653866487564,3048003947691100416,0.5432834,2117.7410240867953,3.019408514572044,3.1285028E-5,18.85435,0.013900941,0.2430361,0.008023388,0.07765418,0.008516143,0.4072386,0.019809108,0.7460989,0.0044902144,0.08582936,0.010329369,0.37822783,0.050243296,null,null,null,null,"TWOGAUSSIANS",8,3.7353663,0.2430361,0.008023388,0.4,0.0,0.40036535,0.019352386,0.7460989,0.0044902144,0.4,0.0,0.37135455,0.053409494
375316653866487564,3048005627024521856,0.52627903,2165.557095925247,3.1127332080641765,3.3889446E-5,18.914228,0.025371252,0.28094465,0.006113759,0.06918192,0.016180215,0.54629034,0.08993988,0.78498024,0.004739272,0.066480055,0.0048593446,0.5696635,0.052200098,null,null,null,null,"TWOGAUSSIANS",8,7.484191,0.78498024,0.004739272,0.37228832,0.027212331,0.568542,0.051912095,0.28094465,0.006113759,0.38741872,0.0424166,0.5451688,0.09274869
375316653866487564,3048006589097293696,0.57555705,2206.1213443750885,1.8049234266145127,1.1597795E-5,18.831938,0.009227791,0.22945979,0.0052823913,0.08666692,0.008844389,0.21072434,0.012492676,0.73264337,0.0023429808,0.07966145,0.0039650397,0.33589736,0.009616993,null,null,null,null,"TWOGAUSSIANS",8,1.3115466,0.73264337,0.0023429808,0.4,0.0,0.3305022,0.008269638,0.22945979,0.0052823913,0.4,0.0,0.20532916,0.012899301
375316653866487564,3048008616322084608,0.6130847,2216.358866389884,0.10629950547941901,9.0057714E-5,18.051174,0.003929152,0.19134705,1.0840463E-5,0.009922365,1.2616212E-4,2.4536693,0.101924606,0.5193343,0.018743549,0.120735236,0.04847856,0.040531565,0.018648151,null,null,null,null,"TWOGAUSSIANS",8,1.3854706,0.19134705,1.0840463E-5,0.05556524,7.065079E-4,2.4546664,0.101080745,0.5193343,0.018743549,0.4,0.0,0.04051626,0.018733343
375316653866487564,3048010338609769728,0.5655906,2221.493459142061,2.425015563758219,1.2516398E-5,17.052288,0.07200643,0.25132492,0.014748053,0.11464736,0.044488706,0.204889,0.07118708,0.75131416,0.005389375,0.10200202,0.019580275,0.2166178,0.06659315,null,null,null,null,"TWOGAUSSIANS",8,5.0163293,0.75131416,0.005392074,0.4,0.0,0.18739404,0.00843007,0.25132492,0.014813895,0.4,0.0,0.1756375,0.0067962
375316653866487564,3048011163243360256,0.7362397,2168.7122231107705,2.4202655879609303,4.1142357E-6,15.413851,0.0062893415,0.31468418,6.590617E-4,0.043279298,0.001921213,0.30699143,0.015294423,0.8158745,0.0012963369,0.045017857,0.001943135,0.31918138,0.018020524,0.16571493,0.0087047545,0.31468418,6.590617E-4,"TWOGAUSSIANS_WITH_ELLIPSOIDAL_ON_ECLIPSE1",9,10.11311,0.8158745,0.0012963369,0.2521,0.010881556,0.65059245,0.012502625,0.31468418,6.590617E-4,0.24236408,0.010758793,0.63842106,0.009031657
375316653866487564,3048012434553628416,0.47755083,2213.6947888600735,0.21545923533245392,1.4336779E-5,15.307033,0.12487,0.2256697,0.002446655,0.056085303,0.008492879,1.4490291,1.3145509,0.6356247,0.030225527,0.21169403,0.13747798,0.13589863,0.1121747,null,null,null,null,"TWOGAUSSIANS",8,17.085562,0.2260097,0.0024627896,0.3140777,0.04756012,1.4431795,1.3193444,0.6356247,0.030225527,0.4,0.0,0.10639442,0.017224956
375316653866487564,3048013564121315456,0.5689087,2111.7588121451017,2.2617716455770274,9.548804E-6,17.24688,0.02561149,0.25590116,0.0038555472,0.0891185,0.0096859,0.32547203,0.02366411,0.7457449,0.0025300079,0.09679712,0.0076779816,0.35600758,0.023371188,null,null,null,null,"TWOGAUSSIANS",8,9.833623,0.7457449,0.0025300079,0.4,0.0,0.34021538,0.013629594,0.25590116,0.0038555472,0.4,0.0,0.30968103,0.012700201
375316653866487564,3048016106742081536,0.5031352,2150.7411262216965,1.634280671108896,1.5924381E-5,18.285057,0.0074455733,0.21788068,0.019352702,0.036144167,0.011838946,0.23297852,0.027790437,0.70658386,0.013879161,0.034310963,0.028429722,0.18963584,0.089460544,null,null,null,null,"TWOGAUSSIANS",8,5.958867,0.21788068,0.019352702,0.20240733,0.06629809,0.23297852,0.02779032,0.70658386,0.013879161,0.19214138,0.15920644,0.18963584,0.08946125
375316653866487564,3048018447507700864,0.4801632,2168.61451335075,3.2128780887646213,2.2720335E-5,16.363176,0.0016316208,0.29694778,7.1509136E-4,0.02526194,0.0010021334,0.09312403,9.821715E-4,0.79879045,0.012553892,0.015439043,0.010757203,0.3762011,0.38884372,null,null,null,null,"TWOGAUSSIANS",8,3.361683,0.79879045,0.012553892,0.08645864,0.06024034,0.3762011,0.38884372,0.29694778,7.1509136E-4,0.14146686,0.005611947,0.09312403,9.821715E-4
375316653866487564,3048020337293249408,0.44473237,2206.869413150213,0.0859560590394474,3.7129827E-5,13.417728,0.012617496,0.15865898,0.025390692,0.03557602,0.013354383,0.08813136,0.030831896,0.82699585,0.001413644,0.0133548025,0.001817335,0.18781586,0.048942592,null,null,null,null,"TWOGAUSSIANS",8,714.89923,0.82699585,0.001413644,0.074786894,0.010177076,0.18781586,0.048942592,0.15865898,0.025390692,0.19922571,0.07478455,0.08813136,0.030831896
