Gaia/vari_eclipsing_binary/VariEclipsingBinary_207820-207852.csv
# %ECSV 1.0
# ---
# delimiter: ','
# meta: !!omap
# - RELEASE: Gaia DR3
# - TABLE: vari_eclipsing_binary
# - DESCRIPTION: >
#     This table describes the properties of the eclipsing binaries resulting from the variability analysis. 
# - CITATION: >
#     How to cite and acknowledge Gaia: 
#     https://gea.esac.esa.int/archive/documentation/credits.html 
# - KNOWN_ISSUES: >
#     Known issues: 
#     https://www.cosmos.esa.int/web/gaia-users/known-issues 
# - DOCUMENTATION: >
#     Tutorials and documentation: 
#     https://www.cosmos.esa.int/web/gaia-users/archive 
# datatype:
# - 
#   name: solution_id
#   datatype: int64
#   description: Solution Identifier
#   meta:
#     ucd: meta.version
# - 
#   name: source_id
#   datatype: int64
#   description: Unique source identifier
#   meta:
#     ucd: meta.id;meta.main
# - 
#   name: global_ranking
#   datatype: float32
#   description: Number between 0 (worst) and 1 (best)
#   meta:
#     ucd: stat.param
# - 
#   name: reference_time
#   datatype: float64
#   unit: d
#   description: Reference time used for the geometric model fit
#   meta:
#     ucd: time.epoch
# - 
#   name: frequency
#   datatype: float64
#   unit: d**-1
#   description: Frequency of geometric model of the eclipsing binary light curve
#   meta:
#     ucd: src.orbital
# - 
#   name: frequency_error
#   datatype: float32
#   unit: d**-1
#   description: "Uncertainty of \\texttt{frequency}"
#   meta:
#     ucd: stat.error
# - 
#   name: geom_model_reference_level
#   datatype: float32
#   unit: mag
#   description: Magnitude reference level of geometric model
#   meta:
#     ucd: phot.mag;em.opt
# - 
#   name: geom_model_reference_level_error
#   datatype: float32
#   unit: mag
#   description: "Uncertainty of \\texttt{geomModelReferenceLevel}"
#   meta:
#     ucd: stat.error;phot.mag;em.opt
# - 
#   name: geom_model_gaussian1_phase
#   datatype: float32
#   description: Phase of the Gaussian 1 component
#   meta:
#     ucd: time.phase
# - 
#   name: geom_model_gaussian1_phase_error
#   datatype: float32
#   description: "Uncertainty of \\texttt{geomModelGaussian1Phase}"
#   meta:
#     ucd: stat.error;time.phase
# - 
#   name: geom_model_gaussian1_sigma
#   datatype: float32
#   description: "Standard deviation [phase] of Gaussian 1 component"
#   meta:
#     ucd: stat.stdev
# - 
#   name: geom_model_gaussian1_sigma_error
#   datatype: float32
#   description: "Uncertainty of \\texttt{geomModelGaussian1Sigma}"
#   meta:
#     ucd: stat.error
# - 
#   name: geom_model_gaussian1_depth
#   datatype: float32
#   unit: mag
#   description: Magnitude depth of Gaussian 1 component
#   meta:
#     ucd: src.var.amplitude
# - 
#   name: geom_model_gaussian1_depth_error
#   datatype: float32
#   unit: mag
#   description: "Uncertainty of \\texttt{geomModelGaussian1Depth}"
#   meta:
#     ucd: stat.error;src.var.amplitude
# - 
#   name: geom_model_gaussian2_phase
#   datatype: float32
#   description: Phase of Gaussian 2 component
#   meta:
#     ucd: time.phase
# - 
#   name: geom_model_gaussian2_phase_error
#   datatype: float32
#   description: "Uncertainty of \\texttt{geomModelGaussian2Phase}"
#   meta:
#     ucd: stat.error;time.phase
# - 
#   name: geom_model_gaussian2_sigma
#   datatype: float32
[...]
#   datatype: float32
#   description: "Secondary eclipse: uncertainty of \\texttt{derivedSecondaryEclDuration}"
#   meta:
#     ucd: stat.error;time.duration
# - 
#   name: derived_secondary_ecl_depth
#   datatype: float32
#   unit: mag
#   description: "Secondary eclipse: depth"
#   meta:
#     ucd: src.var.amplitude
# - 
#   name: derived_secondary_ecl_depth_error
#   datatype: float32
#   unit: mag
#   description: "Secondary eclipse: uncertainty of \\texttt{derivedSecondaryEclDepth}"
#   meta:
#     ucd: stat.error;src.var.amplitude
solution_id,source_id,global_ranking,reference_time,frequency,frequency_error,geom_model_reference_level,geom_model_reference_level_error,geom_model_gaussian1_phase,geom_model_gaussian1_phase_error,geom_model_gaussian1_sigma,geom_model_gaussian1_sigma_error,geom_model_gaussian1_depth,geom_model_gaussian1_depth_error,geom_model_gaussian2_phase,geom_model_gaussian2_phase_error,geom_model_gaussian2_sigma,geom_model_gaussian2_sigma_error,geom_model_gaussian2_depth,geom_model_gaussian2_depth_error,geom_model_cosine_half_period_amplitude,geom_model_cosine_half_period_amplitude_error,geom_model_cosine_half_period_phase,geom_model_cosine_half_period_phase_error,model_type,num_model_parameters,reduced_chi2,derived_primary_ecl_phase,derived_primary_ecl_phase_error,derived_primary_ecl_duration,derived_primary_ecl_duration_error,derived_primary_ecl_depth,derived_primary_ecl_depth_error,derived_secondary_ecl_phase,derived_secondary_ecl_phase_error,derived_secondary_ecl_duration,derived_secondary_ecl_duration_error,derived_secondary_ecl_depth,derived_secondary_ecl_depth_error
[from data line 218]
375316653866487564,1828092906162257664,0.685805,2295.092867709825,0.33040282129969384,4.093798E-6,15.459624,0.001638595,0.23531921,9.4567635E-4,0.028264299,0.0013575413,0.14201085,0.0048534437,0.73377204,0.006105341,0.02684058,0.003385021,1.623875,0.3995321,0.01923211,0.0026790628,0.23531921,9.4567635E-4,"TWOGAUSSIANS_WITH_ELLIPSOIDAL_ON_ECLIPSE1",9,19.042603,0.73377204,0.006096929,0.15030725,0.018956117,1.6623356,0.39999345,0.23531921,9.4567635E-4,0.15828007,0.007602231,0.18047503,0.004223847
375316653866487564,1828093288425584512,0.4871192,2301.845603753288,1.497502403912299,1.6969425E-5,19.45562,0.0046960847,0.3325194,0.016156228,0.054938294,0.014726132,0.52604353,0.24853402,0.83567595,0.0037924862,0.058806177,0.004281243,0.19978395,0.007606011,null,null,null,null,"TWOGAUSSIANS",8,1.4714044,0.3325194,0.016156228,0.30765444,0.08246634,0.5260079,0.24864939,0.83567595,0.0037924862,0.3293146,0.02397496,0.1997483,0.0075940173
375316653866487564,1828095070823376768,0.5065783,2273.9548816974802,3.2779772585534377,1.0758537E-5,19.141659,0.009871419,0.2522845,0.0036213442,0.07745806,0.006894456,0.30514207,0.014342009,0.7472348,0.0049697296,0.08446742,0.0073761228,0.25229898,0.010828633,null,null,null,null,"TWOGAUSSIANS",8,2.8807268,0.2522845,0.0036213442,0.4,0.0,0.30088493,0.014514377,0.7472348,0.0049697296,0.4,0.0,0.24804181,0.009901904
375316653866487564,1828095723661502336,0.4980169,2269.418077308588,0.3762665752868039,3.070984E-5,18.30968,0.0037195713,0.26899517,0.0064294874,0.026096553,0.003919976,3.5888574,2.8166142,0.7638842,0.0017941634,0.03173362,0.002215525,0.15905188,0.012989363,null,null,null,null,"TWOGAUSSIANS",8,5.504029,0.26899517,0.0064294874,0.1461407,0.021951865,3.5888574,2.8166142,0.7638842,0.0017941634,0.17770828,0.01240694,0.15905188,0.012989363
375316653866487564,1828096518241452160,0.5621092,2275.846725164999,3.185511559013119,5.8348987E-6,19.10906,0.00816421,0.24718878,0.001638568,0.067580774,0.0022213792,0.60010004,0.019648723,0.73815626,0.0043817484,0.07423781,0.004260318,0.45989814,0.016955718,null,null,null,null,"TWOGAUSSIANS",8,2.7792914,0.24718878,0.001638568,0.37845233,0.012439724,0.5984399,0.019692063,0.73815626,0.0043817484,0.4,0.0,0.45823795,0.016737303
375316653866487564,1828096964940805504,0.5064511,2324.6359483369733,0.06949021276503163,9.480663E-5,17.135117,0.0011454761,0.38730177,0.060793176,0.07243526,0.056157514,0.008895825,18.744265,0.7472747,4.523368E-4,0.009130504,5.0005433E-4,0.18712837,0.009562465,null,null,null,null,"TWOGAUSSIANS",8,2.4434257,0.7472747,4.523368E-4,0.051130824,0.0028003042,0.1871284,0.0095624365,0.38730177,0.060793176,0.4,0.2884112,0.008895825,18.744265
375316653866487564,1828097205459125504,0.5294879,2282.4949658795044,1.1460563732427655,1.06706875E-5,19.308968,0.0059035723,0.2900366,0.0019373604,0.054600716,0.0027097154,0.41926277,0.011767282,0.7941437,0.0095799705,0.052638046,0.010821509,0.124691956,0.015928367,null,null,null,null,"TWOGAUSSIANS",8,2.3577719,0.2900366,0.0019373604,0.305764,0.015174407,0.41925547,0.011766619,0.7941437,0.0095799705,0.29477304,0.060600452,0.12468466,0.01593497
375316653866487564,1828097274153400704,0.49284863,2264.966620567517,3.475402752793247,1.4418845E-5,17.950912,0.027298292,0.29003346,0.006795315,0.07490571,0.010061512,0.31774154,0.032516573,0.77669114,0.0035143264,0.07153753,0.00889474,0.33166596,0.038177695,null,null,null,null,"TWOGAUSSIANS",8,31.203712,0.77669114,0.0035143264,0.4,0.02296743,0.3302732,0.037276503,0.29003346,0.006795315,0.4,0.0,0.31634882,0.030881217
375316653866487564,1828097377232585728,0.53192633,2276.149684133927,0.29554283817015914,6.624754E-6,18.857998,0.002882573,0.2958555,0.044004593,0.04381683,0.032882094,0.018914146,0.009155238,0.48679197,0.0050542485,0.01762214,0.0035219602,0.35896176,0.027707936,null,null,null,null,"TWOGAUSSIANS",8,1.9314214,0.48679197,0.0050542485,0.09868398,0.019722978,0.3589632,0.027701488,0.2958555,0.044004593,0.24537425,0.18413971,0.018914146,0.009155238
375316653866487564,1828097549031568896,0.49500337,2269.181245557078,2.332941195220787,1.1226367E-5,19.628242,0.03101553,0.28102514,0.005597237,0.095369995,0.011759007,0.3080142,0.028088944,0.7753787,0.004126092,0.09483822,0.011516834,0.3953028,0.027245853,null,null,null,null,"TWOGAUSSIANS",8,2.4748003,0.7753787,0.004126092,0.4,0.0,0.37495786,0.020757856,0.28102514,0.005597237,0.4,0.0,0.2876693,0.01572394
375316653866487564,1828098128840093824,0.4966295,2276.552335094126,1.1266956986890728,1.3026224E-5,18.000675,0.0059743477,0.2702311,0.0028100552,0.059548825,0.0045256964,0.12274476,0.0062976903,0.78655654,0.01940248,0.07747193,0.02883109,0.046821076,0.0075498056,null,null,null,null,"TWOGAUSSIANS",8,2.0417101,0.2702311,0.0028100552,0.3334734,0.025343899,0.12262987,0.006086851,0.78655654,0.01940248,0.4,0.076108254,0.04670619,0.0073163137
375316653866487564,1828098820341350912,0.4717596,2287.9829690325955,2.7719134892098563,1.4526036E-5,19.773987,0.017054709,0.23955506,0.0045650085,0.09333892,0.010191985,0.253948,0.018475253,0.7535868,0.007041721,0.08783868,0.0125055,0.24263552,0.019668175,null,null,null,null,"TWOGAUSSIANS",8,1.5607456,0.23955506,0.0045650085,0.4,0.0,0.24507499,0.016979992,0.7535868,0.007041721,0.4,0.0,0.23376283,0.017934095
375316653866487564,1828098992140299520,0.42656967,2269.8407755708226,0.5164093164586804,4.9621252E-5,18.900728,0.008990395,0.10952272,0.0030348145,0.023622215,0.0035274583,0.3038786,0.048260733,0.60498,0.007415627,0.008271622,0.012569994,3.2493832,5.6143103,null,null,null,null,"TWOGAUSSIANS",8,15.717463,0.60498,0.007415627,0.046321083,0.07039197,3.2493832,5.6143103,0.10952272,0.0030348145,0.1322844,0.019753765,0.3038786,0.048260733
375316653866487564,1828099026502222080,0.5367595,2290.6587379331054,2.525460303269534,7.205834E-6,18.95494,0.013064594,0.24849594,0.0030012792,0.08911129,0.005075948,0.33873022,0.014277041,0.7522473,0.0035844813,0.09150695,0.007791626,0.2971267,0.010790591,null,null,null,null,"TWOGAUSSIANS",8,2.0817275,0.24849594,0.0030012792,0.4,0.0,0.32576698,0.01123537,0.7522473,0.0035844813,0.4,0.0,0.2841634,0.010171667
375316653866487564,1828099984271178112,0.48546293,2284.140660474298,3.6355910975061945,2.629616E-5,18.475187,0.0044345735,0.25492495,0.0079488605,0.07437247,0.010396585,0.09188752,0.0103048375,0.75355905,0.010648232,0.07603905,0.012578721,0.08155619,0.0070045805,null,null,null,null,"TWOGAUSSIANS",8,1.4613926,0.25492495,0.0079488605,0.4,0.0,0.09121871,0.010477002,0.75355905,0.010648232,0.4,0.010366973,0.080887385,0.0069611887
375316653866487564,1828100087361966464,0.55454355,2314.4217238198544,0.7290007378309346,1.8281731E-5,19.122618,0.0026334585,0.46271023,0.00396793,0.025923163,0.00274032,0.6028721,0.024003249,0.675905,0.054495074,0.025367752,0.031775434,0.026180476,0.023369486,null,null,null,null,"TWOGAUSSIANS",8,1.9092982,0.46271023,0.00396793,0.14516972,0.015345792,0.6028721,0.024001384,0.675905,0.054495074,0.14205942,0.17794244,0.026180476,0.023369487
375316653866487564,1828100156070225024,0.5964002,2271.2330095941957,1.2792976627138473,1.1241726E-5,17.992554,0.006543319,0.3021282,0.00192268,0.07690842,0.00214078,0.4125397,0.011584774,0.80232227,0.0030413726,0.10375141,0.005952101,0.16746901,0.0062543624,null,null,null,null,"TWOGAUSSIANS",8,2.581222,0.3021282,0.00192268,0.4,0.0,0.40228426,0.010764629,0.80232227,0.0030413726,0.4,0.0,0.15721054,0.0046512997
375316653866487564,1828100332195207552,0.5134691,2299.3206477204694,0.28803455485700663,2.2086351E-5,16.676657,0.0018157506,0.4401651,6.306184E-4,0.013746139,0.0013338856,0.13682997,0.008813607,0.6224345,0.041725483,0.15431422,0.06541188,0.010457855,0.001991798,null,null,null,null,"TWOGAUSSIANS",8,3.2769763,0.4402251,6.3426245E-4,0.07697838,0.0074697593,0.1419271,0.008519793,0.6224345,0.041725483,0.4,0.0,0.010348015,0.0018614017
375316653866487564,1828100469634160384,0.50486153,2283.3560309440677,0.5020260104932963,1.9391999E-5,14.267912,0.0051785167,0.26713642,0.0014128078,0.012283319,0.0012620868,0.8479662,0.16072167,0.7466422,0.0064508356,0.009367135,0.0065388456,0.3335225,0.081367746,0.029606212,0.011484246,0.26713642,0.0014128078,"TWOGAUSSIANS_WITH_ELLIPSOIDAL_ON_ECLIPSE1",9,303.2914,0.26713642,0.0014128078,0.068786584,0.0070676864,0.9071786,0.16201222,0.7466622,0.006473755,0.052455958,0.036617536,0.3917596,0.08223179
375316653866487564,1828100641410184960,0.49679562,2271.189749470422,2.269370427526954,1.3218908E-5,18.789469,0.09538218,0.3067903,0.0040588095,0.122610755,0.028475747,0.2576741,0.092102095,0.80018353,0.005004217,0.11726256,0.035706498,0.22696164,0.08992287,null,null,null,null,"TWOGAUSSIANS",8,2.4041417,0.3068103,0.004010134,0.4,0.0,0.20568259,0.0097313365,0.80018353,0.005004217,0.4,0.0,0.17504664,0.009646068
375316653866487564,1828101118140560128,0.5342101,2263.3470097745258,2.9556155285274746,1.0624833E-5,18.07571,0.0067620687,0.14361641,0.0040341197,0.087140046,0.004749112,0.19460675,0.009437474,0.6379693,0.0031394425,0.085553914,0.0050003203,0.27518687,0.010474242,null,null,null,null,"TWOGAUSSIANS",8,5.476696,0.6379693,0.0031394425,0.4,0.0,0.26884604,0.010809914,0.14361641,0.0040341197,0.4,0.0,0.18826593,0.008831573
375316653866487564,1828101496099724032,0.54323363,2250.3509196387768,0.1765576490781881,1.6651811E-5,18.721504,0.0032230262,0.21288438,6.187961E-4,0.008392562,5.7673414E-4,0.40403107,0.014167817,0.8750615,0.019471249,0.00989167,0.027729914,0.18937892,0.17968585,null,null,null,null,"TWOGAUSSIANS",8,1.1472336,0.21288438,6.187961E-4,0.046998348,0.0032297112,0.40403107,0.014167817,0.8750615,0.019471249,0.055393353,0.15528752,0.18937892,0.17968585
375316653866487564,1828101500426685312,0.521711,2257.5122925951973,0.4715609440109689,1.4258676E-5,16.522926,0.0013305902,0.20747107,0.010320628,0.03643528,0.012121198,0.015336393,0.0073469426,0.7107454,0.0044499678,0.032257833,0.0033042133,0.1114869,0.013373119,0.010054059,0.0019162764,0.20747107,0.010320628,"TWOGAUSSIANS_WITH_ELLIPSOIDAL_ON_ECLIPSE1",9,3.787071,0.7107454,0.0044485577,0.18064387,0.018503595,0.1315865,0.013401393,0.20747107,0.010320628,0.20403756,0.06787871,0.03544451,0.0062580616
375316653866487564,1828102118875687936,0.5529863,2263.638221044059,1.4283204087717358,7.190037E-6,19.53494,0.012397979,0.22099157,0.0012014573,0.047592495,0.0020278103,0.9337584,0.036019985,0.7231499,0.001981479,0.04491608,0.0030793182,0.39904952,0.013994841,null,null,null,null,"TWOGAUSSIANS",8,3.442082,0.22099157,0.0012014573,0.26651797,0.011355738,0.9337579,0.036020216,0.7231499,0.001981479,0.25153005,0.01724418,0.39904904,0.013994475
375316653866487564,1828102458182084352,0.49279204,2278.581570972317,1.4022969301206545,7.069213E-6,18.416388,0.27104133,0.25424308,0.0068128603,0.21365535,0.092193194,0.39761516,0.2665246,0.7555223,0.002358376,0.15211494,0.035095174,0.3802159,0.2154984,null,null,null,null,"TWOGAUSSIANS",8,1.6204796,0.7560923,0.0028420014,0.4,0.0,0.13318588,0.0048508258,0.25398308,0.0066254945,0.4,0.0,0.10258649,0.0038982613
375316653866487564,1828102668633939712,0.49307021,2283.6826283307064,3.2230384183054355,1.47186565E-5,19.174217,0.014889338,0.21648297,0.0060263737,0.08064227,0.009882139,0.21769188,0.015363313,0.72145873,0.0027404446,0.09393612,0.009119226,0.23027217,0.013740939,null,null,null,null,"TWOGAUSSIANS",8,2.1607807,0.72145873,0.0027404446,0.4,0.0,0.22345126,0.012063535,0.21648297,0.0060263737,0.4,0.0,0.21087131,0.012362398
375316653866487564,1828102668657840000,0.44480613,2273.8007758096123,0.7498933855175366,2.8793474E-5,17.536613,0.030576734,0.26766858,0.013275277,0.11754665,0.024371028,0.083917245,0.02809256,0.7195319,0.018076722,0.1317885,0.048552208,0.072248,0.023655226,null,null,null,null,"TWOGAUSSIANS",8,4.4180984,0.2684886,0.011939847,0.4,0.0,0.07035051,0.0067161564,0.7195319,0.018076722,0.4,0.0,0.058517765,0.008277687
375316653866487564,1828102939209076480,0.5314836,2268.0757106322385,1.6174133084259186,9.49595E-6,14.768029,0.0037372252,0.28033835,0.0021335222,0.03732911,0.0020634683,0.6215056,0.051793355,null,null,null,null,null,null,null,null,null,null,"ONEGAUSSIAN",5,296.3539,0.28033835,0.0021335222,0.20904303,0.011555422,0.6215056,0.0,null,null,null,null,null,null
375316653866487564,1828103007928582656,0.51540375,2252.3900001596608,2.5047861872810793,1.2241626E-5,18.3782,0.015073456,0.20573343,0.004173651,0.09283097,0.0074459007,0.26863286,0.015801748,0.70494914,0.004711656,0.09607163,0.006471619,0.29399893,0.017102672,null,null,null,null,"TWOGAUSSIANS",8,6.8123364,0.70494914,0.004711656,0.4,0.0,0.27725205,0.010806839,0.20573343,0.004173651,0.4,0.0,0.25188646,0.01211012
375316653866487564,1828104798970906880,0.51520467,2233.4992272926934,1.5858280162873595,9.63285E-6,19.66791,0.009787973,0.33044523,0.004718023,0.07955104,0.006457068,0.30677992,0.018543972,0.8224103,0.0037572172,0.08260861,0.0053984616,0.32944438,0.0141020585,null,null,null,null,"TWOGAUSSIANS",8,1.3073558,0.8224103,0.0037572172,0.4,0.0,0.32474297,0.013835746,0.33044523,0.004718023,0.4,0.0,0.30207852,0.018685745
375316653866487564,1828105000793706496,0.5659605,2271.9810119514937,4.050970997518433,6.399101E-6,18.978449,0.009463943,0.24251086,0.0016315497,0.07969153,0.0030458528,0.3760203,0.009255392,0.7476476,0.0016984803,0.07978798,0.0032285743,0.48130977,0.017134733,null,null,null,null,"TWOGAUSSIANS",8,1.7381594,0.7476476,0.0016984803,0.4,0.0,0.4756735,0.017510785,0.24251086,0.0016315497,0.4,0.0,0.37038404,0.007988795
375316653866487564,1828105417413303168,0.461103,2278.101919938151,2.694187786762725,3.0081394E-5,19.287119,0.0489753,0.25927082,0.006768281,0.09874466,0.023822412,0.20216618,0.046584047,0.7681284,0.011066079,0.09775376,0.022318011,0.23944569,0.047706358,null,null,null,null,"TWOGAUSSIANS",8,4.6741476,0.7681284,0.011070909,0.4,0.0,0.22407264,0.028299944,0.25927082,0.006774134,0.4,0.0,0.18679303,0.021560332
375316653866487564,1828105451770652928,0.49880922,2262.496585411734,2.9736755659178753,1.6883929E-5,18.507532,0.016784916,0.32052982,0.004532697,0.082834765,0.006093823,0.3742822,0.026563354,0.8017973,0.005799799,0.088075005,0.009368144,0.37855092,0.034299638,null,null,null,null,"TWOGAUSSIANS",8,9.860726,0.8017973,0.005799799,0.4,0.0,0.37103114,0.035774965,0.32052982,0.004532697,0.4,0.0,0.36676255,0.025186475
375316653866487564,1828105619266814976,0.5343569,2257.714000997906,2.0314272348061295,6.67714E-6,18.719036,0.0076920106,0.29606694,0.002236773,0.0721633,0.0029250083,0.3984949,0.015018994,0.7996326,0.003004814,0.07282567,0.0045883846,0.23289002,0.011867186,null,null,null,null,"TWOGAUSSIANS",8,2.8852568,0.29606694,0.002236773,0.4,0.0019007224,0.39703774,0.014975284,0.7996326,0.003004814,0.4,0.0012593552,0.23143286,0.011831182
375316653866487564,1828106169018917120,0.46244726,2274.7343245991924,4.085981218549627,2.9252431E-5,18.547194,0.015124233,0.39519215,0.011273931,0.18112811,0.026279708,0.1752503,0.014120961,0.746479,0.010968998,0.03926364,0.008612943,0.0810882,0.010468489,null,null,null,null,"TWOGAUSSIANS",8,6.414253,0.39519215,0.011273931,0.4,0.0,0.1674348,0.011526891,0.746479,0.010968998,0.21987638,0.04823248,0.10028233,0.011973245
375316653866487564,1828106173351217792,0.6447649,2286.16161583513,0.6708861275117944,1.1064023E-5,17.813385,0.002151449,0.32542756,0.0049117436,0.035308167,0.0034211385,2.388219,0.9120153,0.8398653,0.0016680527,0.033798344,0.0013433197,0.11458092,0.004548604,null,null,null,null,"TWOGAUSSIANS",8,3.564798,0.32542756,0.0049117436,0.19772574,0.019158375,2.388219,0.9120153,0.8398653,0.0016680527,0.18927073,0.00752259,0.11458092,0.004548604
375316653866487564,1828106345149952384,0.43970963,2283.6130423288964,2.2843011327209704,2.6564556E-5,19.152012,0.015585692,null,null,null,null,null,null,null,null,null,null,null,null,0.15420702,0.026942756,0.23618387,0.008599261,"ELLIPSOIDAL",4,28.859291,null,null,null,null,null,null,null,null,null,null,null,null
