Gaia/vari_eclipsing_binary/VariEclipsingBinary_665490-665515.csv
# %ECSV 1.0
# ---
# delimiter: ','
# meta: !!omap
# - RELEASE: Gaia DR3
# - TABLE: vari_eclipsing_binary
# - DESCRIPTION: >
#     This table describes the properties of the eclipsing binaries resulting from the variability analysis. 
# - CITATION: >
#     How to cite and acknowledge Gaia: 
#     https://gea.esac.esa.int/archive/documentation/credits.html 
# - KNOWN_ISSUES: >
#     Known issues: 
#     https://www.cosmos.esa.int/web/gaia-users/known-issues 
# - DOCUMENTATION: >
#     Tutorials and documentation: 
#     https://www.cosmos.esa.int/web/gaia-users/archive 
# datatype:
# - 
#   name: solution_id
#   datatype: int64
#   description: Solution Identifier
#   meta:
#     ucd: meta.version
# - 
#   name: source_id
#   datatype: int64
#   description: Unique source identifier
#   meta:
#     ucd: meta.id;meta.main
# - 
#   name: global_ranking
#   datatype: float32
#   description: Number between 0 (worst) and 1 (best)
#   meta:
#     ucd: stat.param
# - 
#   name: reference_time
#   datatype: float64
#   unit: d
#   description: Reference time used for the geometric model fit
#   meta:
#     ucd: time.epoch
# - 
#   name: frequency
#   datatype: float64
#   unit: d**-1
#   description: Frequency of geometric model of the eclipsing binary light curve
#   meta:
#     ucd: src.orbital
# - 
#   name: frequency_error
#   datatype: float32
#   unit: d**-1
#   description: "Uncertainty of \\texttt{frequency}"
#   meta:
#     ucd: stat.error
# - 
#   name: geom_model_reference_level
#   datatype: float32
#   unit: mag
#   description: Magnitude reference level of geometric model
#   meta:
#     ucd: phot.mag;em.opt
# - 
#   name: geom_model_reference_level_error
#   datatype: float32
#   unit: mag
#   description: "Uncertainty of \\texttt{geomModelReferenceLevel}"
#   meta:
#     ucd: stat.error;phot.mag;em.opt
# - 
#   name: geom_model_gaussian1_phase
#   datatype: float32
#   description: Phase of the Gaussian 1 component
#   meta:
#     ucd: time.phase
# - 
#   name: geom_model_gaussian1_phase_error
#   datatype: float32
#   description: "Uncertainty of \\texttt{geomModelGaussian1Phase}"
#   meta:
#     ucd: stat.error;time.phase
# - 
#   name: geom_model_gaussian1_sigma
#   datatype: float32
#   description: "Standard deviation [phase] of Gaussian 1 component"
#   meta:
#     ucd: stat.stdev
# - 
#   name: geom_model_gaussian1_sigma_error
#   datatype: float32
#   description: "Uncertainty of \\texttt{geomModelGaussian1Sigma}"
#   meta:
#     ucd: stat.error
# - 
#   name: geom_model_gaussian1_depth
#   datatype: float32
#   unit: mag
#   description: Magnitude depth of Gaussian 1 component
#   meta:
#     ucd: src.var.amplitude
# - 
#   name: geom_model_gaussian1_depth_error
#   datatype: float32
#   unit: mag
#   description: "Uncertainty of \\texttt{geomModelGaussian1Depth}"
#   meta:
#     ucd: stat.error;src.var.amplitude
# - 
#   name: geom_model_gaussian2_phase
#   datatype: float32
#   description: Phase of Gaussian 2 component
#   meta:
#     ucd: time.phase
# - 
#   name: geom_model_gaussian2_phase_error
#   datatype: float32
#   description: "Uncertainty of \\texttt{geomModelGaussian2Phase}"
#   meta:
#     ucd: stat.error;time.phase
# - 
#   name: geom_model_gaussian2_sigma
#   datatype: float32
[...]
#   datatype: float32
#   description: "Secondary eclipse: uncertainty of \\texttt{derivedSecondaryEclDuration}"
#   meta:
#     ucd: stat.error;time.duration
# - 
#   name: derived_secondary_ecl_depth
#   datatype: float32
#   unit: mag
#   description: "Secondary eclipse: depth"
#   meta:
#     ucd: src.var.amplitude
# - 
#   name: derived_secondary_ecl_depth_error
#   datatype: float32
#   unit: mag
#   description: "Secondary eclipse: uncertainty of \\texttt{derivedSecondaryEclDepth}"
#   meta:
#     ucd: stat.error;src.var.amplitude
solution_id,source_id,global_ranking,reference_time,frequency,frequency_error,geom_model_reference_level,geom_model_reference_level_error,geom_model_gaussian1_phase,geom_model_gaussian1_phase_error,geom_model_gaussian1_sigma,geom_model_gaussian1_sigma_error,geom_model_gaussian1_depth,geom_model_gaussian1_depth_error,geom_model_gaussian2_phase,geom_model_gaussian2_phase_error,geom_model_gaussian2_sigma,geom_model_gaussian2_sigma_error,geom_model_gaussian2_depth,geom_model_gaussian2_depth_error,geom_model_cosine_half_period_amplitude,geom_model_cosine_half_period_amplitude_error,geom_model_cosine_half_period_phase,geom_model_cosine_half_period_phase_error,model_type,num_model_parameters,reduced_chi2,derived_primary_ecl_phase,derived_primary_ecl_phase_error,derived_primary_ecl_duration,derived_primary_ecl_duration_error,derived_primary_ecl_depth,derived_primary_ecl_depth_error,derived_secondary_ecl_phase,derived_secondary_ecl_phase_error,derived_secondary_ecl_duration,derived_secondary_ecl_duration_error,derived_secondary_ecl_depth,derived_secondary_ecl_depth_error
[from data line 36]
375316653866487564,5853721222486051584,0.45418677,2287.45618986557,1.7768436281829993,1.8712923E-5,18.432287,0.039471615,0.14971066,0.0054386705,0.113459684,0.02666826,0.1508233,0.035124805,0.64942944,0.009402936,0.10734438,0.028779976,0.15023324,0.034178067,null,null,null,null,"TWOGAUSSIANS",8,6.0833592,0.14971066,0.005440925,0.4,0.0,0.12772185,0.009217433,0.64942944,0.00941388,0.4,0.0,0.12714425,0.015854636
375316653866487564,5853721501720163584,0.43663394,2269.4308186558123,0.6810399802315741,5.5898436E-6,17.214518,0.004454225,0.26751664,0.00539211,0.024305597,0.00568259,0.07284946,0.013002068,0.75282335,0.004093116,0.022797124,0.0068662344,0.168023,0.37379164,null,null,null,null,"TWOGAUSSIANS",8,18.083818,0.75282335,0.004093116,0.1276639,0.03845091,0.168023,0.37379164,0.26751664,0.00539211,0.13611133,0.031822506,0.07284946,0.013002068
375316653866487564,5853722051435997696,0.5902078,2239.873810682061,3.42967421182622,3.7184698E-6,19.24699,0.0096344,0.24922182,0.0012743338,0.04613496,0.0026711992,0.38620353,0.022445915,0.7429048,0.00277914,0.044436477,0.0035852357,0.52865905,0.03639315,0.13131405,0.013838953,0.24922182,0.0012743338,"TWOGAUSSIANS_WITH_ELLIPSOIDAL_ON_ECLIPSE1",9,2.3632872,0.7433548,0.0025867128,0.24884427,0.02007732,0.7909026,0.04018144,0.24922182,0.0012743338,0.25835577,0.014958715,0.64883095,0.01076365
375316653866487564,5853722807390355712,0.5851195,2276.9913464046076,3.262622423789866,3.900869E-6,16.851568,0.009445147,0.23557368,0.0016757862,0.04576763,0.006068663,0.15753941,0.025069674,0.73918396,0.0019713177,0.04810458,0.004271541,0.24621479,0.019075574,0.12394327,0.011668928,0.23557368,0.0016757862,"TWOGAUSSIANS_WITH_ELLIPSOIDAL_ON_ECLIPSE1",9,21.392097,0.73918396,0.0019713177,0.26938567,0.02392063,0.49397346,0.010988806,0.23557368,0.0016757862,0.25629875,0.033984512,0.4054256,0.018565157
375316653866487564,5853723254066924032,0.6131143,2263.2814427137314,0.411491841382472,1.3370432E-5,15.385422,6.37601E-4,0.2630579,0.0015517896,0.016603198,0.0019659942,0.23642284,0.014562849,0.76523817,7.02204E-4,0.01627093,0.0010363193,0.057820287,0.0017810385,0.0029820353,0.0010418078,0.2630579,0.0015517896,"TWOGAUSSIANS_WITH_ELLIPSOIDAL_ON_ECLIPSE1",9,7.625808,0.2630579,0.0015517896,0.09297791,0.011009567,0.2423869,0.01513268,0.76523817,7.02204E-4,0.0911172,0.005803388,0.063783236,0.00151072
375316653866487564,5853723391466214656,0.53201807,2281.2631214029007,1.6107349582293085,7.994316E-6,19.206177,0.007523483,0.24828967,0.0026701845,0.06907546,0.003981183,0.5561205,0.034315553,0.75666815,0.005419992,0.08457759,0.0043567643,0.29011753,0.017733332,null,null,null,null,"TWOGAUSSIANS",8,2.5872583,0.24828967,0.0026701845,0.38682258,0.022194196,0.55290353,0.035156872,0.75666815,0.005419992,0.4,0.0,0.28690058,0.01778202
375316653866487564,5853723730747229824,0.5266501,2302.6516115172094,0.9691658988540719,2.3737872E-5,17.909618,0.0017787592,0.14208259,0.004939965,0.0075230324,0.001451153,0.32996896,0.09463015,0.53333247,0.015480042,0.011047076,0.021504948,0.06745252,0.055320065,null,null,null,null,"TWOGAUSSIANS",8,2.3781345,0.14208259,0.004939965,0.04212898,0.008126456,0.32996896,0.09463015,0.53333247,0.015480042,0.061863627,0.120427705,0.06745252,0.055320065
375316653866487564,5853724800255346944,0.6027449,2289.187013632431,1.6706657674624794,3.424209E-6,15.235197,0.0057538413,0.1443016,0.0019546882,0.07311624,0.0024459474,0.6572033,0.01769,0.64799,0.0011116865,0.06626518,0.0017201346,0.30992582,0.005517315,null,null,null,null,"TWOGAUSSIANS",8,107.117424,0.1443016,0.0019546882,0.4,0.0,0.65586877,0.01781852,0.64799,0.0011116865,0.37108502,0.009632754,0.30859128,0.005272241
375316653866487564,5853724972054080768,0.4612052,2290.9608488661706,0.3102986785329688,1.43181915E-5,17.687405,0.001310322,0.28135568,7.681205E-4,0.010029674,0.0012416587,1.0216293,0.8003477,0.7843242,0.004677623,0.018351223,0.0026338084,0.11808765,0.010194233,null,null,null,null,"TWOGAUSSIANS",8,2.997228,0.28135568,7.681205E-4,0.056166172,0.0069532883,1.0216293,0.8003477,0.7843242,0.004677623,0.10276686,0.014749327,0.11808765,0.010194233
375316653866487564,5853725006413817600,0.47194415,2323.7892642737033,3.434843786875054,1.3659447E-5,19.636177,0.025207626,0.21833007,0.006638784,0.08844521,0.008844093,0.36833966,0.03363231,0.698059,0.005924855,0.07292169,0.008766508,0.48242533,0.03607539,null,null,null,null,"TWOGAUSSIANS",8,6.5042977,0.698059,0.005924855,0.4,0.016348628,0.47785687,0.036808938,0.21833007,0.006638784,0.4,0.0,0.36377105,0.031461917
375316653866487564,5853725899766901504,0.6066874,2273.887555505734,2.654849154170365,2.4782994E-6,16.881445,0.023105755,0.21647556,0.0011655482,0.06452142,0.0064641917,0.2686993,0.0535108,0.7162125,0.0024407296,0.062554985,0.0068758205,0.2633089,0.05329438,0.08624463,0.03237649,0.21647556,0.0011655482,"TWOGAUSSIANS_WITH_ELLIPSOIDAL_ON_ECLIPSE1",9,14.172506,0.21647556,0.0011655482,0.36131996,0.036199473,0.4409526,0.014120474,0.7162525,0.0020532608,0.3503079,0.038504597,0.43556184,0.015823927
375316653866487564,5853725934126669312,0.56028795,2269.2432469068776,0.6408148492574395,2.8001389E-6,16.333149,0.012349274,0.22861907,0.0011809632,0.04361453,0.0022767896,0.7010972,0.043209646,0.72535133,0.0016783975,0.04077882,0.003359457,0.6015634,0.068330824,0.037546866,0.021554384,0.22861907,0.0011809632,"TWOGAUSSIANS_WITH_ELLIPSOIDAL_ON_ECLIPSE1",9,79.67707,0.22861907,0.0011809632,0.24424136,0.012750021,0.7761908,0.03961716,0.72540134,0.0016464365,0.22836138,0.01881296,0.67662585,0.07273053
375316653866487564,5853726071565630720,0.4559767,2251.22370254106,1.360936164672652,2.2419199E-5,19.357838,0.0090502715,0.31476343,0.0062765093,0.065645844,0.004723115,0.27360773,0.01691203,0.9254567,0.051996466,0.03229707,0.049993955,0.046431668,0.550943,null,null,null,null,"TWOGAUSSIANS",8,5.2514105,0.31476343,0.0062765093,0.3676167,0.026449444,0.27360773,0.016912028,0.9254567,0.051996466,0.18086359,0.27996615,0.046431676,0.550943
375316653866487564,5853726135929981952,0.5209168,2282.7103644172134,1.4037943643461064,1.632544E-5,19.043444,0.010671396,0.2687908,0.008380763,0.07614812,0.0106228385,0.47501954,0.070930466,0.7936217,0.0057850536,0.06868642,0.0059246547,0.29232252,0.020553747,null,null,null,null,"TWOGAUSSIANS",8,6.913597,0.2687908,0.008380763,0.4,0.029618105,0.47395974,0.07164419,0.7936217,0.0057850536,0.3846439,0.033178065,0.29126272,0.020369967
375316653866487564,5853726243364544384,0.6134635,2217.986418418389,3.1722921495120047,2.705061E-6,17.208344,0.011590624,0.27577287,9.2878414E-4,0.056302316,0.0023658273,0.43255344,0.027411455,0.77946824,0.0013040241,0.05178231,0.0036041313,0.37588918,0.023531362,0.09097659,0.0145324385,0.27577287,9.2878414E-4,"TWOGAUSSIANS_WITH_ELLIPSOIDAL_ON_ECLIPSE1",9,13.042287,0.27577287,9.2878414E-4,0.31529298,0.013248634,0.61448085,0.014358736,0.77946824,0.0013040241,0.28998095,0.020183135,0.5577185,0.01967881
375316653866487564,5853726243380017408,0.47450656,2223.4922802408023,3.8610490330982903,1.28522815E-5,19.42276,0.017389067,0.26756966,0.0058653113,0.083940975,0.009406912,0.32599738,0.03236263,0.754016,0.0077493335,0.08164962,0.009376748,0.29420793,0.025491014,null,null,null,null,"TWOGAUSSIANS",8,4.257416,0.26756966,0.0058653113,0.4,0.0,0.32094377,0.032767415,0.754016,0.0077493335,0.4,0.0,0.28915432,0.023840718
375316653866487564,5853726312045482368,0.43961033,2251.2208016264663,2.2150970000265997,1.3216325E-5,19.608143,0.006359415,0.19377813,0.05743253,0.036381595,0.029505372,0.03411115,0.027178911,0.34655046,0.004996456,0.018213307,0.0057982295,0.4255677,0.9306472,null,null,null,null,"TWOGAUSSIANS",8,4.825002,0.34655046,0.004996456,0.101994514,0.032470085,0.42557275,0.9312529,0.19377813,0.05743253,0.20373693,0.16523008,0.03411115,0.027178911
375316653866487564,5853727652074646656,0.58160657,2263.7614764353752,0.47823327316693065,3.0073825E-5,19.366743,0.0035372355,0.26771373,0.0070501445,0.031494413,0.0056187403,1.1837853,0.14460522,0.7607732,0.00508939,0.030818857,0.0046982914,0.1106044,0.03906376,null,null,null,null,"TWOGAUSSIANS",8,1.7238443,0.26771373,0.0070501445,0.17636871,0.031464946,1.1837853,0.14460522,0.7607732,0.00508939,0.1725856,0.026310433,0.1106044,0.03906376
375316653866487564,5853727789552657536,0.5268232,2289.2015644854096,0.09481723103431129,1.46001785E-5,14.232031,3.3916777E-4,0.15572886,0.0031263847,0.011904886,0.003100619,0.06359096,0.0038254908,0.6591734,0.0012241586,0.0067573017,0.0011557265,0.064885445,0.009991536,null,null,null,null,"TWOGAUSSIANS",8,8.728188,0.6591734,0.0012241586,0.037840888,0.0064720684,0.064885445,0.009991536,0.15572886,0.0031263847,0.06666736,0.017363466,0.06359096,0.0038254908
375316653866487564,5853728064392233472,0.43694723,2333.0894303053046,0.373912490515044,2.9688958E-5,19.883049,0.035802435,0.24118981,0.053531468,0.16065964,0.10871139,0.08329752,0.030575082,0.8683287,0.0012682034,0.007925421,0.0024966402,0.8261856,0.34137717,null,null,null,null,"TWOGAUSSIANS",8,9.435584,0.86833864,0.0012710247,0.044382356,0.013981186,0.83054984,0.34170496,0.24118981,0.053531468,0.4,0.0,0.08198388,0.020472646
375316653866487564,5853728575489097472,0.5193055,2292.986849461292,2.678339401447889,1.0536199E-5,18.302097,0.0046086656,0.19832309,0.009038762,0.02946474,0.0057647172,0.07823652,0.029896518,0.70125115,0.002146213,0.05105825,0.004359446,0.23713982,0.013792355,0.02443309,0.007244781,0.19832309,0.009038762,"TWOGAUSSIANS_WITH_ELLIPSOIDAL_ON_ECLIPSE1",9,6.3567824,0.70125115,0.0021469507,0.28592622,0.024412898,0.2859883,0.011374028,0.19832309,0.009038762,0.16500254,0.032282416,0.12710154,0.027762104
375316653866487564,5853728682905910272,0.62448883,2289.210732644396,2.3601271769271595,2.4752692E-6,17.127329,0.007627337,0.23407838,0.0010393907,0.055896875,0.004590634,0.15771763,0.019505372,0.74161994,0.0032900192,0.055222683,0.006555002,0.12681428,0.01777763,0.11347588,0.011890403,0.23407838,0.0010393907,"TWOGAUSSIANS_WITH_ELLIPSOIDAL_ON_ECLIPSE1",9,6.1039386,0.23407838,0.0010393907,0.3130225,0.02570755,0.38465852,0.008211009,0.74161994,0.0032900192,0.30924702,0.036708012,0.35324594,0.010265344
375316653866487564,5853728923385412096,0.47759074,2281.680091359013,4.046421113078221,1.1820448E-5,19.385414,0.012964909,0.24837074,0.004737477,0.0827184,0.010626027,0.19010995,0.013910174,0.73642635,0.005474468,0.096520014,0.012735972,0.21435566,0.03975507,null,null,null,null,"TWOGAUSSIANS",8,2.005422,0.73642635,0.005474468,0.4,0.0,0.20751072,0.042222943,0.24837074,0.004737477,0.4,0.0,0.18326576,0.013878407
375316653866487564,5853728992104797184,0.5244285,2299.5911096504083,0.52779769695045,1.2784551E-5,19.035858,0.0062941266,0.26608202,0.0031617144,0.04267418,0.0031051328,0.43605876,0.019374419,0.76292956,0.010655078,0.05733903,0.017408917,0.10281133,0.009792319,null,null,null,null,"TWOGAUSSIANS",8,2.3407035,0.26608202,0.0031617144,0.2389754,0.017388742,0.43605757,0.019373843,0.76292956,0.010655078,0.32109857,0.09748993,0.102810144,0.009797882
375316653866487564,5853729232661809152,0.61056036,2261.092406318299,0.1868309281082636,2.760804E-6,16.48999,9.971996E-4,0.33380488,6.563988E-4,0.01084639,7.8901957E-4,0.2113933,0.016940195,0.8333907,0.003270799,0.011444943,0.0018230313,0.37139687,0.025467532,null,null,null,null,"TWOGAUSSIANS",8,6.8347893,0.8333907,0.003270799,0.064091675,0.0102089755,0.37139687,0.025467532,0.33380488,6.563988E-4,0.06073979,0.0044185095,0.2113933,0.016940195
375316653866487564,5853729438820200064,0.564417,2282.9055019875786,3.2576375593302105,6.0708553E-6,18.297537,0.016492195,0.229103,0.002456759,0.053754043,0.005780686,0.2749345,0.038877673,0.7323328,0.0062007043,0.059330095,0.008101123,0.16738306,0.03874859,0.096077025,0.021441035,0.229103,0.002456759,"TWOGAUSSIANS_WITH_ELLIPSOIDAL_ON_ECLIPSE1",9,8.678739,0.229103,0.002456759,0.30102262,0.03237184,0.4670631,0.01359265,0.7323328,0.0062007043,0.33224854,0.04536629,0.35943252,0.017082296
375316653866487564,5853729644942207488,0.50815034,2249.1045344159647,4.369019398798596,7.1720406E-6,19.030058,0.0047016726,0.34051642,0.02312292,0.015516247,0.011832684,0.09786826,0.1313448,0.59669274,0.0026366005,0.06406016,0.0027017961,0.431251,0.020309042,null,null,null,null,"TWOGAUSSIANS",8,4.83957,0.59669274,0.0026366005,0.3587369,0.015130058,0.431251,0.020309042,0.34053642,0.023183497,0.08689098,0.066263035,0.09801362,0.13127583
375316653866487564,5853729954179972352,0.49705765,2293.5196041904946,3.026016149500663,1.3305268E-5,19.239227,0.0129950605,0.17392111,0.005087777,0.072806485,0.007135601,0.35349753,0.020558069,0.67987144,0.005646616,0.08208108,0.007777861,0.35450304,0.027117481,null,null,null,null,"TWOGAUSSIANS",8,4.213682,0.67987144,0.005646616,0.4,0.0,0.35109767,0.027547058,0.17392111,0.005087777,0.4,0.011980935,0.35009217,0.020478649
375316653866487564,5853730435253088768,0.59690547,2283.437974265692,0.2902416833895642,1.2185181E-5,14.395337,5.202951E-4,0.28442785,0.0014191482,0.016852615,0.0010192766,0.30796385,0.020992607,0.7905728,0.003990073,0.01831942,0.0027500794,0.05684466,0.0039243936,0.0033531054,6.2345737E-4,0.28442785,0.0014191482,"TWOGAUSSIANS_WITH_ELLIPSOIDAL_ON_ECLIPSE1",9,21.187933,0.28442785,0.0014191482,0.09437464,0.005707949,0.31467006,0.021059994,0.7905728,0.003990073,0.10258875,0.015400444,0.063540876,0.003720225
375316653866487564,5853730744490729216,0.6578888,2267.8882088614873,0.24970251490210607,1.3060078E-6,14.9563465,7.241477E-4,0.28190732,1.5406667E-4,0.013245022,2.4070626E-4,0.4980697,0.00785404,null,null,null,null,null,null,null,null,null,null,"ONEGAUSSIAN",5,14.318382,0.28190732,1.5406667E-4,0.074172124,0.0013479551,0.4980697,0.0,null,null,null,null,null,null
375316653866487564,5853730744490733952,0.47700077,2263.02807095104,3.2725665132085924,2.2847986E-5,19.318895,0.02198236,0.2129561,0.008147579,0.08935865,0.013502102,0.30832317,0.027916314,0.71412677,0.008395881,0.09868165,0.012284342,0.2775954,0.023224128,null,null,null,null,"TWOGAUSSIANS",8,5.3216643,0.2129561,0.008147579,0.4,0.0,0.29162472,0.026393821,0.71412677,0.008395881,0.4,0.0,0.26089558,0.014900709
375316653866487564,5853731122412892288,0.47058266,2244.6691097273506,3.900781595296625,1.841858E-5,17.743238,0.011095878,0.14265408,0.007630643,0.089295596,0.014072176,0.09988135,0.010732473,0.62181026,0.0041437917,0.08659367,0.012067109,0.09363064,0.009721502,null,null,null,null,"TWOGAUSSIANS",8,6.2278204,0.14265408,0.007630643,0.4,0.0,0.09746845,0.008502931,0.62181026,0.0041437917,0.4,0.0,0.09121778,0.0069584637
375316653866487564,5853731839645282944,0.55016774,2290.2119436829953,0.9887850579210252,4.0155523E-6,18.505255,0.002616481,0.28601226,0.0019182321,0.039574176,0.001889524,0.37204993,0.0088739805,0.79094696,0.002983552,0.037503276,0.0029426732,0.2261911,0.0246989,null,null,null,null,"TWOGAUSSIANS",8,2.0483303,0.28601226,0.0019182321,0.22161539,0.010581335,0.37204993,0.0088739805,0.79094696,0.002983552,0.21001834,0.01647897,0.2261911,0.0246989
375316653866487564,5853732045826912256,0.494456,2277.110546431342,1.3623232170810833,1.3019282E-5,17.53496,0.0021944996,0.6577881,0.037839398,0.039535932,0.03622965,0.03306458,0.010656051,0.44336703,0.0016862128,0.01536523,0.0021562725,0.31469786,0.03254167,null,null,null,null,"TWOGAUSSIANS",8,8.049715,0.44336703,0.0016856465,0.08604529,0.012075126,0.3146979,0.032527704,0.6577881,0.037839398,0.22140121,0.20288604,0.03306458,0.010656051
375316653866487564,5853732737320795648,0.4316697,2278.142664751238,3.3316201846889264,2.5561634E-5,19.677542,0.04698476,0.31456995,0.01206834,0.0847608,0.018759126,0.24724714,0.057060946,0.7790125,0.008354504,0.09640089,0.02158197,0.21902367,0.044886317,null,null,null,null,"TWOGAUSSIANS",8,5.9840384,0.31456995,0.012063897,0.4,0.0,0.24139969,0.04716225,0.7790125,0.008354504,0.4,0.0,0.21317427,0.030197758
