Gaia/vari_eclipsing_binary/VariEclipsingBinary_522064-522550.csv
# %ECSV 1.0
# ---
# delimiter: ','
# meta: !!omap
# - RELEASE: Gaia DR3
# - TABLE: vari_eclipsing_binary
# - DESCRIPTION: >
#     This table describes the properties of the eclipsing binaries resulting from the variability analysis. 
# - CITATION: >
#     How to cite and acknowledge Gaia: 
#     https://gea.esac.esa.int/archive/documentation/credits.html 
# - KNOWN_ISSUES: >
#     Known issues: 
#     https://www.cosmos.esa.int/web/gaia-users/known-issues 
# - DOCUMENTATION: >
#     Tutorials and documentation: 
#     https://www.cosmos.esa.int/web/gaia-users/archive 
# datatype:
# - 
#   name: solution_id
#   datatype: int64
#   description: Solution Identifier
#   meta:
#     ucd: meta.version
# - 
#   name: source_id
#   datatype: int64
#   description: Unique source identifier
#   meta:
#     ucd: meta.id;meta.main
# - 
#   name: global_ranking
#   datatype: float32
#   description: Number between 0 (worst) and 1 (best)
#   meta:
#     ucd: stat.param
# - 
#   name: reference_time
#   datatype: float64
#   unit: d
#   description: Reference time used for the geometric model fit
#   meta:
#     ucd: time.epoch
# - 
#   name: frequency
#   datatype: float64
#   unit: d**-1
#   description: Frequency of geometric model of the eclipsing binary light curve
#   meta:
#     ucd: src.orbital
# - 
#   name: frequency_error
#   datatype: float32
#   unit: d**-1
#   description: "Uncertainty of \\texttt{frequency}"
#   meta:
#     ucd: stat.error
# - 
#   name: geom_model_reference_level
#   datatype: float32
#   unit: mag
#   description: Magnitude reference level of geometric model
#   meta:
#     ucd: phot.mag;em.opt
# - 
#   name: geom_model_reference_level_error
#   datatype: float32
#   unit: mag
#   description: "Uncertainty of \\texttt{geomModelReferenceLevel}"
#   meta:
#     ucd: stat.error;phot.mag;em.opt
# - 
#   name: geom_model_gaussian1_phase
#   datatype: float32
#   description: Phase of the Gaussian 1 component
#   meta:
#     ucd: time.phase
# - 
#   name: geom_model_gaussian1_phase_error
#   datatype: float32
#   description: "Uncertainty of \\texttt{geomModelGaussian1Phase}"
#   meta:
#     ucd: stat.error;time.phase
# - 
#   name: geom_model_gaussian1_sigma
#   datatype: float32
#   description: "Standard deviation [phase] of Gaussian 1 component"
#   meta:
#     ucd: stat.stdev
# - 
#   name: geom_model_gaussian1_sigma_error
#   datatype: float32
#   description: "Uncertainty of \\texttt{geomModelGaussian1Sigma}"
#   meta:
#     ucd: stat.error
# - 
#   name: geom_model_gaussian1_depth
#   datatype: float32
#   unit: mag
#   description: Magnitude depth of Gaussian 1 component
#   meta:
#     ucd: src.var.amplitude
# - 
#   name: geom_model_gaussian1_depth_error
#   datatype: float32
#   unit: mag
#   description: "Uncertainty of \\texttt{geomModelGaussian1Depth}"
#   meta:
#     ucd: stat.error;src.var.amplitude
# - 
#   name: geom_model_gaussian2_phase
#   datatype: float32
#   description: Phase of Gaussian 2 component
#   meta:
#     ucd: time.phase
# - 
#   name: geom_model_gaussian2_phase_error
#   datatype: float32
#   description: "Uncertainty of \\texttt{geomModelGaussian2Phase}"
#   meta:
#     ucd: stat.error;time.phase
# - 
#   name: geom_model_gaussian2_sigma
#   datatype: float32
[...]
#   datatype: float32
#   description: "Secondary eclipse: uncertainty of \\texttt{derivedSecondaryEclDuration}"
#   meta:
#     ucd: stat.error;time.duration
# - 
#   name: derived_secondary_ecl_depth
#   datatype: float32
#   unit: mag
#   description: "Secondary eclipse: depth"
#   meta:
#     ucd: src.var.amplitude
# - 
#   name: derived_secondary_ecl_depth_error
#   datatype: float32
#   unit: mag
#   description: "Secondary eclipse: uncertainty of \\texttt{derivedSecondaryEclDepth}"
#   meta:
#     ucd: stat.error;src.var.amplitude
solution_id,source_id,global_ranking,reference_time,frequency,frequency_error,geom_model_reference_level,geom_model_reference_level_error,geom_model_gaussian1_phase,geom_model_gaussian1_phase_error,geom_model_gaussian1_sigma,geom_model_gaussian1_sigma_error,geom_model_gaussian1_depth,geom_model_gaussian1_depth_error,geom_model_gaussian2_phase,geom_model_gaussian2_phase_error,geom_model_gaussian2_sigma,geom_model_gaussian2_sigma_error,geom_model_gaussian2_depth,geom_model_gaussian2_depth_error,geom_model_cosine_half_period_amplitude,geom_model_cosine_half_period_amplitude_error,geom_model_cosine_half_period_phase,geom_model_cosine_half_period_phase_error,model_type,num_model_parameters,reduced_chi2,derived_primary_ecl_phase,derived_primary_ecl_phase_error,derived_primary_ecl_duration,derived_primary_ecl_duration_error,derived_primary_ecl_depth,derived_primary_ecl_depth_error,derived_secondary_ecl_phase,derived_secondary_ecl_phase_error,derived_secondary_ecl_duration,derived_secondary_ecl_duration_error,derived_secondary_ecl_depth,derived_secondary_ecl_depth_error
[from data line 322]
375316653866487564,4595243616605631744,0.50114185,2184.1475803571825,3.4029541438069715,2.140611E-5,13.424238,0.04031626,0.2695003,0.008056315,0.11008424,0.01683606,0.23036896,0.039089058,0.7650521,0.0047087152,0.1101087,0.020988256,0.20561908,0.03152587,null,null,null,null,"TWOGAUSSIANS",8,675.6901,0.2695103,0.00806383,0.4,0.0,0.19883777,0.016333751,0.7650521,0.0047087152,0.4,0.0,0.1740895,0.014726804
375316653866487564,4595258180838562432,0.47228488,2181.921254552301,0.37444665355580947,4.1592833E-5,17.932304,0.024902534,0.25108412,0.016440336,0.03378649,0.077937484,0.2989954,0.21503519,0.75982815,0.005906653,0.05867318,0.016175186,0.117952816,0.024692655,null,null,null,null,"TWOGAUSSIANS",8,9.667344,0.25108412,0.016440336,0.18920435,0.20838866,0.29899532,0.2198805,0.75982815,0.005906653,0.3285698,0.07514558,0.11795273,0.020877764
375316653866487564,4595281957777686144,0.6109831,2178.1518419813206,4.524054575561894,5.3464746E-6,18.335663,0.0145346,0.25850168,0.0018378341,0.046182286,0.003747519,0.40682608,0.03277495,0.76246655,0.007322889,0.04941473,0.008045818,0.4671138,0.05492204,0.13710375,0.01870841,0.25850168,0.0018378341,"TWOGAUSSIANS_WITH_ELLIPSOIDAL_ON_ECLIPSE1",9,5.8934774,0.76246655,0.007322889,0.2767225,0.045056578,0.7411501,0.05603515,0.25850168,0.0018378341,0.2586208,0.020986108,0.68103254,0.014403899
375316653866487564,4595303466972690688,0.443276,2246.8121201275326,2.576085969908764,5.585832E-5,18.592064,0.010916997,0.1460592,0.016162254,0.063354656,0.017292006,0.06377002,0.011569114,0.77463734,0.0048369346,0.03974607,0.012780015,0.19557922,0.034500707,null,null,null,null,"TWOGAUSSIANS",8,5.7493024,0.77463734,0.0048369346,0.22257797,0.07156809,0.19557922,0.034500748,0.1460592,0.016162254,0.3547861,0.09655337,0.06377002,0.011569049
375316653866487564,4595308556508653568,0.58674073,2211.7119726978003,4.857677589889858,1.4277845E-5,18.526148,0.008925044,0.24828014,0.0010811248,0.03275413,0.0013529888,0.69723207,0.023336334,0.759515,0.021093428,0.039173733,0.018700326,0.61272097,0.19975397,0.058228463,0.013295361,0.24828014,0.0010811248,"TWOGAUSSIANS_WITH_ELLIPSOIDAL_ON_ECLIPSE1",9,6.1645503,0.24828014,0.0010811248,0.18342313,0.007576737,0.81368876,0.016888922,0.759515,0.021070188,0.2193729,0.10472183,0.72859836,0.20224293
375316653866487564,4595327626166193152,0.45887882,2207.9983124381124,3.214199774363518,4.2068426E-5,18.284697,0.009694952,0.24234942,0.011684336,0.030325115,0.012279741,0.25629228,0.08279742,0.7186226,0.009109511,0.07292777,0.01820954,0.07232508,0.0074031795,null,null,null,null,"TWOGAUSSIANS",8,5.8839574,0.24234942,0.011684336,0.16982064,0.06876654,0.2562918,0.08281135,0.7186226,0.009109511,0.4,0.045513544,0.0723246,0.00739409
375316653866487564,4595362913617539968,0.4897204,2201.167765554351,0.6480240114815964,7.069274E-5,18.354532,0.0041759238,0.71360135,0.0027352097,0.011455889,7.868037E-4,0.84558773,0.21823364,0.56590986,0.0056967936,0.026545387,0.0024194086,0.70640206,0.15512064,null,null,null,null,"TWOGAUSSIANS",8,10.879408,0.71360135,0.0027352097,0.06415298,0.0044061006,0.84558785,0.21823367,0.56590986,0.0056967936,0.14865416,0.013548688,0.70640206,0.15512064
375316653866487564,4595375317483259904,0.53038377,2209.2634683489346,4.818117530959858,1.3940453E-5,17.847849,0.038314067,0.17239672,0.012024656,0.05117268,0.014336088,0.10803446,0.106090695,0.6709601,0.0042776167,0.05235493,0.009628185,0.45776403,0.06648268,0.08984048,0.04696978,0.17239672,0.012024656,"TWOGAUSSIANS_WITH_ELLIPSOIDAL_ON_ECLIPSE1",9,28.95165,0.6710701,0.0036701732,0.29318762,0.053917836,0.63742495,0.049595587,0.17239672,0.012024656,0.286567,0.08028209,0.28770888,0.033863857
375316653866487564,4595396135187272320,0.54345787,2215.738984138787,2.981563539683327,1.3942873E-5,17.954777,0.009038514,0.33322778,0.0034921984,0.093529284,0.005154779,0.27620003,0.011675616,0.824811,0.0026414448,0.09264666,0.0058637727,0.22239652,0.008647331,null,null,null,null,"TWOGAUSSIANS",8,3.8343506,0.33322778,0.0034921984,0.4,0.0,0.26429582,0.01115927,0.824811,0.0026414448,0.4,0.0,0.21049249,0.006919967
375316653866487564,4595479427490721152,0.51218534,2202.4235011242927,4.376066417835835,3.4516055E-5,17.990444,0.0023872978,0.1877333,0.0042258883,0.034432817,0.0038066236,0.22771028,0.022744685,0.9084015,0.015987013,0.025954563,0.020980876,0.014469193,0.013831521,null,null,null,null,"TWOGAUSSIANS",8,3.112387,0.1877333,0.0042258883,0.19282378,0.021317093,0.22771028,0.022744685,0.9084015,0.015987013,0.14534555,0.1174929,0.014469193,0.013831521
375316653866487564,4595497844310534016,0.62044805,2196.8837065836146,3.60962631052504,4.905092E-6,15.01929,0.0068551875,0.29072577,0.0015692818,0.049063537,0.004216763,0.18114914,0.016388478,0.7823603,0.007319276,0.036155295,0.0053269826,0.18085945,0.034147307,0.10502085,0.008770241,0.29072577,0.0015692818,"TWOGAUSSIANS_WITH_ELLIPSOIDAL_ON_ECLIPSE1",9,54.086296,0.29072577,0.0015692818,0.2747558,0.023613874,0.39119014,0.00886961,0.78325033,0.006556967,0.20246966,0.029831104,0.39038262,0.03359959
375316653866487564,4595500210834246144,0.62670916,2195.3701987993545,3.513123207549036,4.42582E-6,17.916342,0.009161147,0.33516616,0.0011631172,0.04663442,0.0038211588,0.28687996,0.027123189,0.8383064,0.0040556653,0.049866237,0.0082403105,0.19383939,0.04790849,0.11806614,0.02018466,0.33516616,0.0011631172,"TWOGAUSSIANS_WITH_ELLIPSOIDAL_ON_ECLIPSE1",9,4.6721087,0.33516616,0.0011631172,0.26115274,0.021398488,0.5230111,0.014456026,0.8383064,0.0040556653,0.27925095,0.04614574,0.4298786,0.050006747
375316653866487564,4595521067196281728,0.5716127,2193.076892786791,3.5038335636151725,6.6909884E-6,18.999754,0.0062403902,0.22327118,0.0014202654,0.07024962,0.0029201016,0.4583809,0.0117047345,0.724229,0.0032176264,0.0722718,0.004946558,0.32749158,0.0118406555,null,null,null,null,"TWOGAUSSIANS",8,1.473505,0.22327118,0.0014202654,0.39339784,0.014227365,0.4567787,0.011913249,0.724229,0.0032176264,0.4,0.0061061555,0.32588938,0.012069388
375316653866487564,4595532027953019392,0.44919667,2233.6703864570404,2.3749163369953665,3.9449835E-5,18.266863,0.009695503,0.25942194,0.019380858,0.021430414,0.011741561,0.23605767,0.06647413,0.60592216,0.0420436,0.05490931,0.048986834,0.04818765,0.07330329,null,null,null,null,"TWOGAUSSIANS",8,14.850741,0.25942194,0.019380858,0.120010324,0.065752745,0.23605767,0.06647417,0.60592216,0.0420436,0.30749214,0.27432626,0.04818765,0.07330329
375316653866487564,4595538010844256640,0.61055726,2231.4009601338457,1.4297618093291387,9.0697185E-6,13.268199,0.003285023,0.2081535,0.0026509862,0.041643083,0.009375426,0.01379311,0.007876316,0.7081983,9.5240324E-4,0.05306769,0.0017179471,0.18599424,0.007271635,0.05609152,0.00406103,0.2081535,0.0026509862,"TWOGAUSSIANS_WITH_ELLIPSOIDAL_ON_ECLIPSE1",9,26.325367,0.7081983,8.804527E-4,0.29717907,0.0096205035,0.29817423,0.0037700266,0.2081535,0.0026509862,0.23320127,0.052502386,0.1259731,0.0018810903
375316653866487564,4595582403626145792,0.5379315,2216.6760525724253,0.7877116896331078,5.614759E-5,17.669022,0.0057146177,0.3377895,0.0074621886,0.017708201,0.013873889,0.63793373,0.31895676,0.8307168,6.486533E-4,0.012043621,9.523378E-4,0.16050383,0.014083514,0.0129288975,0.0107014235,0.3377895,0.0074621886,"TWOGAUSSIANS_WITH_ELLIPSOIDAL_ON_ECLIPSE1",9,11.585656,0.3377895,0.0074621886,0.09916593,0.077693775,0.6637915,0.32909635,0.8307268,6.5836974E-4,0.06744428,0.0053330916,0.18631065,0.008333629
375316653866487564,4595602057396651136,0.54548734,2204.0702752571956,2.6803045766003972,9.366014E-6,15.885419,0.006227874,0.25510922,0.003210912,0.05331153,0.0076164356,0.07335754,0.024888486,0.7725889,0.009305706,0.0484355,0.010662661,0.07825115,0.021112042,0.08744703,0.015184485,0.25510922,0.003210912,"TWOGAUSSIANS_WITH_ELLIPSOIDAL_ON_ECLIPSE1",9,58.365047,0.7725889,0.009305706,0.2712388,0.0597109,0.251042,0.013381904,0.25510922,0.003210912,0.2985446,0.04265204,0.24824953,0.012695851
375316653866487564,4595620371138040320,0.57348657,2191.0766242869804,2.676637915426212,4.982099E-6,15.940665,0.021703852,0.22718962,0.004281704,0.055362344,0.009758364,0.28648147,0.04423465,0.72179496,0.0016331163,0.059267208,0.0066270297,0.24822067,0.050770532,0.09613303,0.029793287,0.72179496,0.0016331163,"TWOGAUSSIANS_WITH_ELLIPSOIDAL_ON_ECLIPSE2",9,55.239662,0.22643963,0.0036956442,0.31002912,0.05464684,0.4785168,0.022877183,0.72179496,0.0016331163,0.33189636,0.037111368,0.440446,0.015982008
375316653866487564,4595645488105857536,0.5231352,2203.5824186093455,1.3137990515344644,9.293195E-6,13.530447,3.4464168E-4,0.13805237,0.0017746085,0.026339596,0.0019781897,0.040746987,0.0015116782,0.6340654,0.003492627,0.029483275,0.0039321557,0.027971309,0.009559876,null,null,null,null,"TWOGAUSSIANS",8,8.221476,0.13805237,0.0017746085,0.14750174,0.011077862,0.040746987,0.0015116782,0.6340654,0.003492627,0.16510634,0.022020072,0.027971309,0.009559876
375316653866487564,4595662801116773760,0.44817987,2233.075872960227,2.109767178525073,1.4109598E-4,18.392086,0.0050021433,0.2870639,0.05344395,0.05005023,0.04629252,0.053093072,0.12512353,0.7424989,0.0065170173,0.082334325,0.009389553,0.087703,0.006237899,null,null,null,null,"TWOGAUSSIANS",8,2.8792048,0.7424989,0.0065170173,0.4,0.0,0.087673195,0.006042112,0.2870639,0.05344395,0.28028128,0.23728251,0.05306329,0.12534046
375316653866487564,4595696890274724992,0.5023301,2228.3353711739064,0.23169487062954558,7.175523E-5,16.280846,0.013124514,0.29895526,0.08166937,0.012358986,0.10380318,0.65100884,1.4612745,0.84026384,0.022297215,0.06367525,0.020856308,0.05448803,0.013468514,null,null,null,null,"TWOGAUSSIANS",8,54.600353,0.29895526,0.08166937,0.06921032,0.35545722,0.65100884,1.4621993,0.84026384,0.022259163,0.35658136,0.08073556,0.05448803,0.011717181
375316653866487564,4595718021513634048,0.5013188,2175.970904164027,4.647799785991022,1.8118362E-5,17.732409,0.0036806662,0.30587652,0.0034062525,0.07251657,0.005609101,0.097057745,0.0073207943,0.8003805,0.0062135602,0.07444643,0.0089246705,0.06460468,0.004357996,null,null,null,null,"TWOGAUSSIANS",8,1.9373134,0.30587652,0.0034062525,0.4,0.012674917,0.09663261,0.0073168096,0.8003805,0.0062135602,0.4,0.008314268,0.06417953,0.004211023
375316653866487564,4595742275192567424,0.42733398,2217.662458762487,3.1786096577858642,4.6814E-5,18.329247,0.00584155,0.3243894,0.009193587,0.08868013,0.011455708,0.10487469,0.012650024,0.8056286,0.015462083,0.037541788,0.013110298,0.029892229,0.0059384727,null,null,null,null,"TWOGAUSSIANS",8,7.9975605,0.3243894,0.009193587,0.4,0.0,0.10484621,0.012648987,0.8056286,0.015462083,0.210234,0.07341766,0.029863793,0.0059081996
375316653866487564,4595756126463740800,0.6187182,2195.5053688701996,1.5266403312650194,5.5645523E-6,12.745558,0.00638298,0.25772667,0.0033703267,0.09614999,0.004941621,0.19871998,0.0069845207,0.7453895,0.0019713782,0.07570026,0.0019359748,0.52617747,0.0120100565,null,null,null,null,"TWOGAUSSIANS",8,245.96535,0.7453895,0.0019713782,0.4,0.0,0.5192172,0.0113734165,0.25772667,0.0033703267,0.4,0.0,0.19175905,0.0061470396
375316653866487564,4595767430817665536,0.59226495,2211.2634951448363,4.395842536568472,3.5215648E-6,16.485458,0.005916762,0.22183047,0.0010978035,0.04432145,0.0027032918,0.18275976,0.013747657,0.7138326,0.003960086,0.0445951,0.0046938146,0.1635003,0.016988834,0.12684794,0.008745075,0.22183047,0.0010978035,"TWOGAUSSIANS_WITH_ELLIPSOIDAL_ON_ECLIPSE1",9,22.650831,0.22183047,0.0010978035,0.24820012,0.015138434,0.4364554,0.0062040733,0.7154026,0.003218671,0.24973257,0.026285361,0.41668105,0.014104912
375316653866487564,4595777562642485376,0.4476217,2218.685018290098,3.470783643734733,3.3633325E-5,18.58574,0.005263126,null,null,null,null,null,null,null,null,null,null,null,null,0.059716582,0.006740711,0.3224402,0.009688317,"ELLIPSOIDAL",4,7.2855678,null,null,null,null,null,null,null,null,null,null,null,null
375316653866487564,4595781312152001280,0.61960125,2206.634535846038,2.6071931130113857,3.95118E-6,16.45518,0.002543048,0.24449614,0.0017011566,0.07266312,0.0024718922,0.23864718,0.006398771,0.7419225,9.7396004E-4,0.07975564,0.0014735995,0.34797806,0.0077486075,null,null,null,null,"TWOGAUSSIANS",8,6.489442,0.7419225,9.7396004E-4,0.4,0.0,0.34545007,0.00786992,0.24449614,0.0017011566,0.4,0.0,0.2361192,0.0066720597
375316653866487564,4595797525650414464,0.51555127,2201.8263891318966,0.08084455024078951,2.2943052E-5,19.00166,0.0032480762,0.25867823,4.3120058E-4,0.003545316,3.8350135E-4,0.70836,0.21973197,0.39092442,0.039184287,0.034221407,0.056531716,0.035168737,0.043953747,null,null,null,null,"TWOGAUSSIANS",8,1.7957326,0.25867823,4.3120058E-4,0.019853769,0.0021476075,0.70838016,0.21972269,0.39092442,0.039184287,0.19163989,0.22674069,0.035168737,0.04395375
375316653866487564,4595804947353832192,0.48679036,2193.9982472568695,3.333298077726182,1.8488905E-5,18.17262,0.01318671,0.21922202,0.007623246,0.08639211,0.014278466,0.18651596,0.012173996,0.7215334,0.0046925824,0.0937047,0.008691812,0.20193484,0.013205568,null,null,null,null,"TWOGAUSSIANS",8,6.5345554,0.7215334,0.0046925824,0.4,0.0,0.1939894,0.010106486,0.21922202,0.007623246,0.4,0.0,0.17857078,0.010280539
375316653866487564,4595811239483567616,0.60489005,2192.963134775832,2.5734531393021225,7.1877253E-6,13.757795,0.0058943634,0.1646152,0.0022292337,0.046436086,0.006561104,0.11995782,0.016579451,0.65814316,0.005230927,0.040582713,0.004205439,0.21360269,0.028778175,0.12274073,0.009399952,0.1646152,0.0022292337,"TWOGAUSSIANS_WITH_ELLIPSOIDAL_ON_ECLIPSE1",9,272.8086,0.6589832,0.004568992,0.22726318,0.023550458,0.45873067,0.025330449,0.1646152,0.0022292337,0.26004207,0.03674218,0.36543882,0.009381276
375316653866487564,4595814984694936832,0.46839097,2245.7293555888177,0.010667246905863938,4.3670054E-5,15.238113,0.018047,0.25201347,0.006395055,0.068026476,0.005554424,0.4808681,0.10261255,0.6037401,0.019439707,0.028797597,0.014954941,0.037515167,0.011894878,0.017722355,0.018855188,0.25201347,0.006395055,"TWOGAUSSIANS_WITH_ELLIPSOIDAL_ON_ECLIPSE1",9,25.35187,0.25201347,0.006395055,0.38094828,0.031104777,0.51586175,0.09835016,0.6086001,0.021116203,0.16126654,0.08374767,0.05019225,0.009068253
375316653866487564,4595822612556949632,0.52166766,2220.9034313522266,0.4673060596836971,1.1302946E-5,12.384236,0.0026545334,0.19337858,0.0027654862,0.02605772,0.0016437438,0.14525789,0.0047229882,0.5900466,0.21218833,0.015022335,0.07900606,0.001346002,null,0.018351877,0.0019961956,0.19337858,0.0027654862,"TWOGAUSSIANS_WITH_ELLIPSOIDAL_ON_ECLIPSE1",9,134.56625,0.19337858,0.0024681073,0.14592324,0.009204966,0.18196163,0.0058781346,0.6933766,0.33995077,0.08412507,0.3318835,0.036703747,null
375316653866487564,4595834397947308288,0.6311426,2196.018241155727,1.8233516682771527,7.934115E-6,13.806587,0.0011485046,0.25063068,0.0018028916,0.06388985,0.003070549,0.28705904,0.01654923,null,null,null,null,null,null,0.06278054,0.0014310002,0.25063068,0.0018028916,"ONEGAUSSIAN_WITH_ELLIPSOIDAL",6,45.008057,0.25063068,0.0018028916,0.3577832,0.017195076,0.41248757,0.016239613,null,null,null,null,null,null
375316653866487564,4595837211153404928,0.4421864,2195.2768170723407,0.3840834169368173,7.5083655E-5,16.326084,0.0026112897,0.1431853,7.787749E-4,0.0056396318,0.0014442283,0.2685144,0.8101653,0.81520236,0.022086151,0.04775534,0.008195758,0.01959276,0.005441936,0.006064802,0.003103894,0.1431853,7.787749E-4,"TWOGAUSSIANS_WITH_ELLIPSOIDAL_ON_ECLIPSE1",9,9.480461,0.1431853,7.787749E-4,0.03158194,0.008087679,0.28064397,0.81064373,0.81520236,0.022086151,0.2674299,0.045896243,0.022279121,0.0066198763
