Gaia/vari_eclipsing_binary/VariEclipsingBinary_777231-778401.csv
# %ECSV 1.0
# ---
# delimiter: ','
# meta: !!omap
# - RELEASE: Gaia DR3
# - TABLE: vari_eclipsing_binary
# - DESCRIPTION: >
#     This table describes the properties of the eclipsing binaries resulting from the variability analysis. 
# - CITATION: >
#     How to cite and acknowledge Gaia: 
#     https://gea.esac.esa.int/archive/documentation/credits.html 
# - KNOWN_ISSUES: >
#     Known issues: 
#     https://www.cosmos.esa.int/web/gaia-users/known-issues 
# - DOCUMENTATION: >
#     Tutorials and documentation: 
#     https://www.cosmos.esa.int/web/gaia-users/archive 
# datatype:
# - 
#   name: solution_id
#   datatype: int64
#   description: Solution Identifier
#   meta:
#     ucd: meta.version
# - 
#   name: source_id
#   datatype: int64
#   description: Unique source identifier
#   meta:
#     ucd: meta.id;meta.main
# - 
#   name: global_ranking
#   datatype: float32
#   description: Number between 0 (worst) and 1 (best)
#   meta:
#     ucd: stat.param
# - 
#   name: reference_time
#   datatype: float64
#   unit: d
#   description: Reference time used for the geometric model fit
#   meta:
#     ucd: time.epoch
# - 
#   name: frequency
#   datatype: float64
#   unit: d**-1
#   description: Frequency of geometric model of the eclipsing binary light curve
#   meta:
#     ucd: src.orbital
# - 
#   name: frequency_error
#   datatype: float32
#   unit: d**-1
#   description: "Uncertainty of \\texttt{frequency}"
#   meta:
#     ucd: stat.error
# - 
#   name: geom_model_reference_level
#   datatype: float32
#   unit: mag
#   description: Magnitude reference level of geometric model
#   meta:
#     ucd: phot.mag;em.opt
# - 
#   name: geom_model_reference_level_error
#   datatype: float32
#   unit: mag
#   description: "Uncertainty of \\texttt{geomModelReferenceLevel}"
#   meta:
#     ucd: stat.error;phot.mag;em.opt
# - 
#   name: geom_model_gaussian1_phase
#   datatype: float32
#   description: Phase of the Gaussian 1 component
#   meta:
#     ucd: time.phase
# - 
#   name: geom_model_gaussian1_phase_error
#   datatype: float32
#   description: "Uncertainty of \\texttt{geomModelGaussian1Phase}"
#   meta:
#     ucd: stat.error;time.phase
# - 
#   name: geom_model_gaussian1_sigma
#   datatype: float32
#   description: "Standard deviation [phase] of Gaussian 1 component"
#   meta:
#     ucd: stat.stdev
# - 
#   name: geom_model_gaussian1_sigma_error
#   datatype: float32
#   description: "Uncertainty of \\texttt{geomModelGaussian1Sigma}"
#   meta:
#     ucd: stat.error
# - 
#   name: geom_model_gaussian1_depth
#   datatype: float32
#   unit: mag
#   description: Magnitude depth of Gaussian 1 component
#   meta:
#     ucd: src.var.amplitude
# - 
#   name: geom_model_gaussian1_depth_error
#   datatype: float32
#   unit: mag
#   description: "Uncertainty of \\texttt{geomModelGaussian1Depth}"
#   meta:
#     ucd: stat.error;src.var.amplitude
# - 
#   name: geom_model_gaussian2_phase
#   datatype: float32
#   description: Phase of Gaussian 2 component
#   meta:
#     ucd: time.phase
# - 
#   name: geom_model_gaussian2_phase_error
#   datatype: float32
#   description: "Uncertainty of \\texttt{geomModelGaussian2Phase}"
#   meta:
#     ucd: stat.error;time.phase
# - 
#   name: geom_model_gaussian2_sigma
#   datatype: float32
[...]
#   datatype: float32
#   description: "Secondary eclipse: uncertainty of \\texttt{derivedSecondaryEclDuration}"
#   meta:
#     ucd: stat.error;time.duration
# - 
#   name: derived_secondary_ecl_depth
#   datatype: float32
#   unit: mag
#   description: "Secondary eclipse: depth"
#   meta:
#     ucd: src.var.amplitude
# - 
#   name: derived_secondary_ecl_depth_error
#   datatype: float32
#   unit: mag
#   description: "Secondary eclipse: uncertainty of \\texttt{derivedSecondaryEclDepth}"
#   meta:
#     ucd: stat.error;src.var.amplitude
solution_id,source_id,global_ranking,reference_time,frequency,frequency_error,geom_model_reference_level,geom_model_reference_level_error,geom_model_gaussian1_phase,geom_model_gaussian1_phase_error,geom_model_gaussian1_sigma,geom_model_gaussian1_sigma_error,geom_model_gaussian1_depth,geom_model_gaussian1_depth_error,geom_model_gaussian2_phase,geom_model_gaussian2_phase_error,geom_model_gaussian2_sigma,geom_model_gaussian2_sigma_error,geom_model_gaussian2_depth,geom_model_gaussian2_depth_error,geom_model_cosine_half_period_amplitude,geom_model_cosine_half_period_amplitude_error,geom_model_cosine_half_period_phase,geom_model_cosine_half_period_phase_error,model_type,num_model_parameters,reduced_chi2,derived_primary_ecl_phase,derived_primary_ecl_phase_error,derived_primary_ecl_duration,derived_primary_ecl_duration_error,derived_primary_ecl_depth,derived_primary_ecl_depth_error,derived_secondary_ecl_phase,derived_secondary_ecl_phase_error,derived_secondary_ecl_duration,derived_secondary_ecl_duration_error,derived_secondary_ecl_depth,derived_secondary_ecl_depth_error
[from data line 180]
375316653866487564,6843629068727810176,0.55288017,2331.335397623221,2.409912263486256,8.813673E-6,12.573722,0.017580515,0.27452216,0.0026607641,0.09277554,0.00619722,0.32127634,0.016550483,0.7757861,0.0030203504,0.09699516,0.0074307984,0.31846908,0.017696667,null,null,null,null,"TWOGAUSSIANS",8,541.8631,0.27452216,0.0026607641,0.4,0.0,0.30174416,0.010558947,0.7757861,0.0030203504,0.4,0.0,0.29893613,0.015047168
375316653866487564,6843664248804701184,0.5467971,2422.1694480258925,3.5871918042681132,1.8322313E-5,18.201416,0.009303553,0.22093372,0.00256497,0.081076145,0.003610231,0.31120983,0.010107483,0.7189845,0.002339208,0.08933858,0.0040497696,0.3129481,0.010702348,null,null,null,null,"TWOGAUSSIANS",8,4.5338526,0.7189845,0.002339208,0.4,0.0,0.30480292,0.009580426,0.22093372,0.00256497,0.4,0.0,0.30306473,0.009120816
375316653866487564,6843679818061700736,0.58339614,2295.1531292734626,3.313121743816644,2.3008197E-5,16.742064,0.014119283,0.29467726,0.0043540644,0.04802965,0.012151193,0.3446605,0.21617785,0.7871065,0.012474222,0.04921182,0.011524461,0.2828645,0.06732892,0.10321153,0.01796163,0.29467726,0.0043540644,"TWOGAUSSIANS_WITH_ELLIPSOIDAL_ON_ECLIPSE1",9,23.101444,0.29467726,0.0043540644,0.26896605,0.06804668,0.55108166,0.22493535,0.7880365,0.011069789,0.2755862,0.06453698,0.48887601,0.07080988
375316653866487564,6843724210843238656,0.54629225,2355.2518447770913,4.087764011605608,9.498618E-6,16.454851,0.0049853083,0.25642085,0.0032846015,0.086918145,0.005465506,0.12214025,0.0048259855,0.76724035,0.0019894897,0.09056514,0.0048639704,0.114195034,0.0050255423,null,null,null,null,"TWOGAUSSIANS",8,3.257186,0.25642085,0.0032846015,0.4,0.0,0.11839025,0.0036559764,0.76724035,0.0019894897,0.4,0.0,0.110444985,0.0039719734
375316653866487564,6843742180986447872,0.5134112,2408.6918223504717,0.016891386779154152,6.581327E-5,18.484406,0.0015759179,0.19822066,3.9859853E-5,0.0017253174,3.607844E-5,0.18472558,0.0028476946,0.73866504,0.0048074466,0.032382686,0.004207243,0.42625058,0.23408489,null,null,null,null,"TWOGAUSSIANS",8,1.335411,0.73866504,0.0048074466,0.18134305,0.023560561,0.42625058,0.23408489,0.19822066,3.9859853E-5,0.009661778,2.0203927E-4,0.18472558,0.0028476946
375316653866487564,6843788016877068800,0.5210263,2278.3084880043266,2.0754418454174317,5.3653403E-5,17.126806,0.008115359,0.26379576,0.020340098,0.04009157,0.012606248,0.3344717,0.055538397,0.7220645,0.023249963,0.030903047,0.014170286,0.49626347,0.1484859,null,null,null,null,"TWOGAUSSIANS",8,59.224358,0.7220645,0.023249963,0.17305706,0.07935361,0.49626347,0.1484859,0.26379576,0.020340098,0.22451279,0.07059499,0.3344717,0.055538397
375316653866487564,6843799115072598144,0.53832537,2372.6118654870907,0.40450940836171323,1.4088578E-4,16.996313,0.00941917,0.153006,0.014936922,0.05421586,0.021150129,0.03304544,0.008864508,0.694579,0.13350561,0.05623804,0.04132012,0.6638319,0.61702037,null,null,null,null,"TWOGAUSSIANS",8,30.30378,0.694579,0.13350561,0.31493303,0.23139268,0.66383016,0.6170063,0.153006,0.014936922,0.3036088,0.11844072,0.033043694,0.008849835
375316653866487564,6843863848819694208,0.60683256,2378.018687357833,3.407954388114051,5.9351287E-6,14.967691,0.05236373,0.29427093,0.007989486,0.048336152,0.025701657,0.21907103,0.10662769,0.78323764,0.0021287608,0.054950617,0.0104565965,0.30036408,0.10841087,0.10750097,0.059762437,0.29427093,0.007989486,"TWOGAUSSIANS_WITH_ELLIPSOIDAL_ON_ECLIPSE1",9,194.90198,0.7848476,0.0015273939,0.30772343,0.05855694,0.51447964,0.017199147,0.29427093,0.007989486,0.27068245,0.14392927,0.43406835,0.022661239
375316653866487564,6843878932744846080,0.5990432,2319.82221791655,3.8040186347100517,1.2072748E-5,14.501223,0.017123196,0.24965595,0.0026749475,0.041690905,0.008518127,0.18799785,0.036554914,0.75784105,0.007582115,0.047575247,0.00966026,0.25895414,0.040037293,0.115504555,0.02268642,0.24965595,0.0026749475,"TWOGAUSSIANS_WITH_ELLIPSOIDAL_ON_ECLIPSE1",9,206.75835,0.75784105,0.007582115,0.26642138,0.054097455,0.4893525,0.038359582,0.24965595,0.0026749475,0.23346907,0.047701508,0.41900662,0.012008343
375316653866487564,6843943146800510848,0.42973772,2339.534771220386,0.7504798070144373,1.2718631E-4,11.917514,0.0029658964,0.39045542,0.025354903,0.21088104,0.0933446,0.006253455,0.0026835136,0.82310766,0.0045903376,0.025652677,0.0028454033,0.01330771,0.0014332654,null,null,null,null,"TWOGAUSSIANS",8,7.4337816,0.82310766,0.0045903376,0.14365499,0.015934259,0.0134413745,0.0014488642,0.39045542,0.025354903,0.4,0.0,0.0054573896,0.0012700332
375316653866487564,6843951702375221888,0.61582935,2330.84544956528,3.1856180832482637,2.961737E-6,18.988914,0.0039024574,0.2624384,0.0020545686,0.034676213,0.0018473952,0.606428,0.014225516,0.76142293,0.0016852067,0.036138564,0.0019421777,0.57213324,0.053074703,null,null,null,null,"TWOGAUSSIANS",8,1.1907859,0.2624384,0.0020545686,0.19418679,0.010345413,0.606428,0.014225516,0.76142293,0.0016852067,0.20237595,0.010876195,0.57213324,0.053074703
375316653866487564,6843952904966337536,0.60892314,2367.6130272066775,4.098222177635122,4.5516163E-6,18.499685,0.005012681,0.26890144,0.001925895,0.07660218,0.0020218045,0.5633309,0.013548878,0.7749427,0.003916997,0.07494241,0.0029530204,0.5342471,0.028951203,null,null,null,null,"TWOGAUSSIANS",8,2.1152241,0.26890144,0.001925895,0.4,0.0,0.5591701,0.01384187,0.7749427,0.003916997,0.4,0.0,0.53008634,0.029411014
375316653866487564,6843996786647411712,0.588102,2314.45662843064,1.7401687081214887,5.3386448E-6,15.059495,0.004161901,0.23496862,0.0037734457,0.06424993,0.005047278,0.20202023,0.0053737327,0.7272195,0.0038298324,0.078231744,0.004324246,0.16511813,0.007939411,null,null,null,null,"TWOGAUSSIANS",8,16.889734,0.23496862,0.0037734457,0.35979962,0.028264755,0.2013923,0.00530427,0.7272195,0.0038298324,0.4,0.0,0.1644902,0.007884164
375316653866487564,6844015989446496896,0.53134984,2296.3446733274095,2.0437957115929337,7.5361727E-6,18.680746,0.003788983,0.104296945,0.0019815103,0.0324629,0.0020764773,0.23020044,0.015567443,0.5940533,0.0164549,0.025318593,0.015171268,0.08509651,4.664793,null,null,null,null,"TWOGAUSSIANS",8,2.0050247,0.104296945,0.0019815103,0.18179223,0.011628273,0.23020044,0.015567443,0.5940533,0.0164549,0.14178412,0.0849591,0.08509651,4.664793
375316653866487564,6844040487939627904,0.49422845,2288.473158713932,1.5320603411851033,1.2225276E-4,17.945131,0.0037688299,0.21660268,0.026216295,0.05773287,0.022804758,0.026031885,0.018447826,0.6892182,0.0021484343,0.009156506,0.0011828553,0.24179572,0.07528513,null,null,null,null,"TWOGAUSSIANS",8,3.9833283,0.6892182,0.0021484343,0.05127643,0.00662399,0.24179572,0.07528513,0.21660268,0.026216295,0.32330406,0.12770665,0.026031885,0.018447826
375316653866487564,6844077974413743104,0.43919432,2378.654830453335,0.8851903405692436,6.2548825E-5,18.348845,0.09661277,0.18120317,0.015008083,0.080969274,0.035473153,0.11885317,0.05690472,0.708486,0.042275455,0.14095947,0.108204596,0.08819176,0.09557954,null,null,null,null,"TWOGAUSSIANS",8,7.9288616,0.18090317,0.013995295,0.4,0.047123156,0.10817576,0.028488971,0.708486,0.042269267,0.4,0.0,0.07711418,0.016193872
375316653866487564,6844082857792151424,0.5613106,2316.005865345044,2.2133843995628393,1.1922195E-5,11.092283,0.0049651745,0.25835285,0.003877522,0.08891419,0.005484616,0.18903935,0.0056870575,0.76445705,0.00312049,0.09479027,0.004858886,0.17527,0.0064834533,null,null,null,null,"TWOGAUSSIANS",8,52.253746,0.25835285,0.003877522,0.4,0.0,0.18087105,0.0045837085,0.76445705,0.00312049,0.4,0.0,0.16710143,0.0063036806
375316653866487564,6844122886887416320,0.6017665,2287.7778175741464,3.0448024804887415,8.15365E-6,13.512055,0.005470836,0.21053994,0.0033475345,0.033814732,0.014104097,0.045782212,0.019969214,0.6985119,0.013713337,0.01762258,0.01678055,0.07592302,0.023379227,0.12214852,0.0077971253,0.21053994,0.0033475345,"TWOGAUSSIANS_WITH_ELLIPSOIDAL_ON_ECLIPSE1",9,220.26982,0.6993919,0.012963426,0.09868646,0.09397107,0.31892875,0.02614533,0.21053994,0.0033475345,0.18936251,0.07898295,0.2900792,0.018911012
375316653866487564,6844242939813224576,0.44369915,2332.4921219453327,2.085723310480653,2.9900599E-5,13.013599,0.014657388,0.26918995,0.036288127,0.057785116,0.06038457,0.07345938,0.02301395,0.7737522,0.012971456,0.067597315,0.019229375,0.121012986,0.022525491,null,null,null,null,"TWOGAUSSIANS",8,589.4928,0.7737522,0.012971456,0.37854496,0.08099347,0.12095466,0.02157691,0.26918995,0.036288127,0.32359666,0.13255481,0.073401056,0.024660278
375316653866487564,6844275753363329152,0.5889542,2355.035490747246,3.1124013111345397,1.3826465E-5,15.696105,0.012161104,0.3559615,0.021127684,0.06716582,0.022510579,0.09807384,0.042835373,0.87661994,0.0021723118,0.036096208,0.002297125,0.5926068,0.035019387,0.03555991,0.02354183,0.3559615,0.021127684,"TWOGAUSSIANS_WITH_ELLIPSOIDAL_ON_ECLIPSE1",9,148.39195,0.87661994,0.0021723118,0.20213877,0.0128639005,0.66244125,0.02483919,0.3559615,0.021127684,0.37612858,0.120837085,0.16909988,0.01817472
375316653866487564,6844285850831042304,0.48711628,2357.68576820588,3.6176926453122635,1.9957984E-5,17.546719,0.15377973,0.22396344,0.008822399,0.11197731,0.04014866,0.18889365,0.14259103,0.7038787,0.02026462,0.118891776,0.060454264,0.15910575,0.15258035,null,null,null,null,"TWOGAUSSIANS",8,9.618492,0.22404344,0.008630159,0.4,0.0,0.16166145,0.011334082,0.7038787,0.02026462,0.4,0.0,0.1318396,0.016524948
375316653866487564,6844344369761003904,0.52821857,2282.5279851627797,3.874170164267558,1.2812541E-5,18.449635,0.118220165,0.23398244,0.007090532,0.09898518,0.030199692,0.19937694,0.11293983,0.73920506,0.01088997,0.106329635,0.05627807,0.18706788,0.11404975,null,null,null,null,"TWOGAUSSIANS",8,2.4066951,0.23398244,0.007100678,0.4,0.0,0.18071663,0.011972972,0.73920506,0.01088328,0.4,0.0,0.1684027,0.011672127
375316653866487564,6844345641071659904,0.5306768,2386.266490360241,1.5713596525350406,1.1059704E-5,14.211465,0.0030729359,0.50336057,0.010157744,0.024470598,0.006705215,0.01714536,0.0035439641,0.8539398,0.0014332021,0.037524693,0.002333804,0.5679704,0.06433965,0.0027288813,0.0050173174,0.8539398,0.0014332021,"TWOGAUSSIANS_WITH_ELLIPSOIDAL_ON_ECLIPSE2",9,256.10098,0.8539398,0.0014332021,0.21013828,0.013069303,0.57342815,0.064743154,0.50221056,0.00953265,0.13703535,0.037549205,0.019068632,0.00591459
375316653866487564,6844372304228482560,0.454011,2368.7615156294587,3.7218027922479973,2.2944938E-5,16.761454,0.0034446975,null,null,null,null,null,null,null,null,null,null,null,null,0.049729727,0.005430888,0.24773644,0.007632694,"ELLIPSOIDAL",4,33.75781,null,null,null,null,null,null,null,null,null,null,null,null
375316653866487564,6844421541733630720,0.4780723,2361.624153370496,2.2457163905080986,4.0731175E-5,16.394775,0.004531629,0.23054706,0.01644751,0.024119215,0.02320872,0.107589684,3654.9233,0.7322227,3.4630395E-4,0.010334344,0.0010505625,0.16729997,0.0038958031,0.016849298,0.006360236,0.23054706,0.01644751,"TWOGAUSSIANS_WITH_ELLIPSOIDAL_ON_ECLIPSE1",9,17.318716,0.7322227,3.4630395E-4,0.057872325,0.00588315,0.20099483,0.013045078,0.23054706,0.01644751,0.13506761,0.12996884,0.14128828,3654.923
375316653866487564,6844430986365972992,0.43435463,2358.9430643996243,0.21026989103294122,5.5072545E-5,17.993408,0.008079612,0.55617154,0.010345014,0.120317884,0.019415703,0.2631651,0.074914016,0.9529329,0.019447656,0.029825337,0.0233707,0.049825333,0.078205034,null,null,null,null,"TWOGAUSSIANS",8,14.424524,0.55617154,0.010345014,0.4,0.0,0.26304123,0.07506698,0.9529329,0.019447656,0.16702189,0.13087592,0.0508477,0.07837589
375316653866487564,6844458512812082048,0.57411516,2376.3540769438955,3.2294241930285454,7.915407E-6,18.622746,0.0065875575,0.18304911,0.0020257656,0.08970306,0.0039487584,0.21206702,0.0069185337,0.6780237,0.005857955,0.084977105,0.0054075955,0.35990024,0.0150224,null,null,null,null,"TWOGAUSSIANS",8,1.3574481,0.6780237,0.005857955,0.4,0.0,0.3515533,0.014542131,0.18304911,0.0020257656,0.4,0.0,0.20372,0.00565968
375316653866487564,6844523246558898176,0.53294003,2381.609104189179,4.267598853690375,1.50815795E-5,15.681351,0.0018304874,0.7665215,0.002994802,0.035177525,0.005152173,0.060500097,0.01077769,null,null,null,null,null,null,0.059153676,0.0027898382,0.7665215,0.002994802,"ONEGAUSSIAN_WITH_ELLIPSOIDAL",6,27.996677,0.7665215,0.002994802,0.19699414,0.028852167,0.17880745,0.010516368,null,null,null,null,null,null
375316653866487564,6844525033265294464,0.5196049,2379.249222199624,1.3102434460350763,1.1540693E-5,15.064143,0.0029394957,0.25162816,7.511011E-4,0.01620151,7.122388E-4,0.6106571,0.03287307,0.74595714,0.013928483,0.02386818,0.013018164,0.27296054,0.056639638,0.00465347,0.0042937477,0.25162816,7.511011E-4,"TWOGAUSSIANS_WITH_ELLIPSOIDAL_ON_ECLIPSE1",9,236.75308,0.25162816,7.511011E-4,0.090728454,0.003988537,0.61996406,0.03368229,0.74596715,0.013913891,0.1336618,0.07290172,0.28225568,0.05482637
375316653866487564,6844533756343682048,0.5835736,2391.8984998449523,3.5409397285300903,7.7570085E-6,18.058977,0.011288416,0.2800958,0.0029310004,0.037996817,0.014070223,0.07494184,0.024903573,0.7806917,0.0051367586,0.042157695,0.0073768054,0.14465173,0.022287913,0.11790632,0.012610353,0.2800958,0.0029310004,"TWOGAUSSIANS_WITH_ELLIPSOIDAL_ON_ECLIPSE1",9,4.1216574,0.7806917,0.004770624,0.23608309,0.04131011,0.380461,0.00851529,0.2800958,0.0029310004,0.21278219,0.07879325,0.31075442,0.024018662
375316653866487564,6844567020865643904,0.46519062,2373.883633306274,0.7072761910463723,6.220454E-6,15.137228,0.0014709298,0.34729847,0.009535428,0.035229497,0.0069048456,0.08675588,0.0059144846,null,null,null,null,null,null,null,null,null,null,"ONEGAUSSIAN",5,21.18761,0.34729847,0.009535428,0.19728518,0.038667135,0.08675588,0.0,null,null,null,null,null,null
375316653866487564,6844588426982667648,0.5125467,2336.155019902412,3.839407750151178,1.6161692E-5,16.091383,0.20388553,0.21378893,0.0039431495,0.053423863,0.0747595,0.013555609,3232.1116,0.77294296,0.05588059,0.03134869,0.07709689,0.074073315,0.39250728,0.16522281,0.16201538,0.21378893,0.0039431495,"TWOGAUSSIANS_WITH_ELLIPSOIDAL_ON_ECLIPSE1",9,162.69574,0.77294296,0.05588059,0.17555267,0.24542399,0.3609332,0.2510697,0.21378893,0.0039431495,0.29917362,0.3144815,0.34400058,3232.123
375316653866487564,6844619556905653376,0.66739255,2412.0719102486964,0.3521593898477727,8.161866E-5,16.232433,0.003631356,0.24026047,0.004397187,0.022261944,0.0064938185,0.10906236,0.01593418,0.7479014,0.0031356467,0.023118084,0.0022302582,1.5562202,0.047156256,0.019161142,0.0060692667,0.24026047,0.004397187,"TWOGAUSSIANS_WITH_ELLIPSOIDAL_ON_ECLIPSE1",9,26.875187,0.7479014,0.0031356467,0.12946127,0.012489446,1.5944542,0.04458581,0.24026047,0.004397187,0.124666885,0.036365382,0.14738457,0.017397854
375316653866487564,6844620686482044672,0.61515987,2411.3826313425147,2.901204269177864,8.22879E-6,16.389448,0.031566627,0.22725809,0.0020562375,0.057783987,0.017990617,0.23686571,0.051392514,0.72290117,0.002882254,0.05118635,0.011396516,0.1777986,0.06558454,0.08887011,0.03436404,0.22725809,0.0020562375,"TWOGAUSSIANS_WITH_ELLIPSOIDAL_ON_ECLIPSE1",9,20.228624,0.22725809,0.0020562375,0.32359034,0.10074746,0.4145846,0.019500908,0.7236512,0.0024946479,0.28664356,0.06382049,0.35540712,0.009957665
375316653866487564,6844667347006332928,0.46774104,2370.1108986575914,0.03972737587194816,1.0391258E-4,17.837934,0.0040577077,0.51458865,0.012547758,0.15472314,0.014533763,0.18279308,0.02577118,0.9489814,0.004887797,0.025358127,0.00479698,0.027797172,0.006756172,null,null,null,null,"TWOGAUSSIANS",8,5.1542244,0.51458865,0.012547758,0.4,0.0,0.18057168,0.027014239,0.9489814,0.004887797,0.14200552,0.026863087,0.029355774,0.0067205
