Gaia/vari_eclipsing_binary/VariEclipsingBinary_021442-021665.csv
# %ECSV 1.0
# ---
# delimiter: ','
# meta: !!omap
# - RELEASE: Gaia DR3
# - TABLE: vari_eclipsing_binary
# - DESCRIPTION: >
#     This table describes the properties of the eclipsing binaries resulting from the variability analysis. 
# - CITATION: >
#     How to cite and acknowledge Gaia: 
#     https://gea.esac.esa.int/archive/documentation/credits.html 
# - KNOWN_ISSUES: >
#     Known issues: 
#     https://www.cosmos.esa.int/web/gaia-users/known-issues 
# - DOCUMENTATION: >
#     Tutorials and documentation: 
#     https://www.cosmos.esa.int/web/gaia-users/archive 
# datatype:
# - 
#   name: solution_id
#   datatype: int64
#   description: Solution Identifier
#   meta:
#     ucd: meta.version
# - 
#   name: source_id
#   datatype: int64
#   description: Unique source identifier
#   meta:
#     ucd: meta.id;meta.main
# - 
#   name: global_ranking
#   datatype: float32
#   description: Number between 0 (worst) and 1 (best)
#   meta:
#     ucd: stat.param
# - 
#   name: reference_time
#   datatype: float64
#   unit: d
#   description: Reference time used for the geometric model fit
#   meta:
#     ucd: time.epoch
# - 
#   name: frequency
#   datatype: float64
#   unit: d**-1
#   description: Frequency of geometric model of the eclipsing binary light curve
#   meta:
#     ucd: src.orbital
# - 
#   name: frequency_error
#   datatype: float32
#   unit: d**-1
#   description: "Uncertainty of \\texttt{frequency}"
#   meta:
#     ucd: stat.error
# - 
#   name: geom_model_reference_level
#   datatype: float32
#   unit: mag
#   description: Magnitude reference level of geometric model
#   meta:
#     ucd: phot.mag;em.opt
# - 
#   name: geom_model_reference_level_error
#   datatype: float32
#   unit: mag
#   description: "Uncertainty of \\texttt{geomModelReferenceLevel}"
#   meta:
#     ucd: stat.error;phot.mag;em.opt
# - 
#   name: geom_model_gaussian1_phase
#   datatype: float32
#   description: Phase of the Gaussian 1 component
#   meta:
#     ucd: time.phase
# - 
#   name: geom_model_gaussian1_phase_error
#   datatype: float32
#   description: "Uncertainty of \\texttt{geomModelGaussian1Phase}"
#   meta:
#     ucd: stat.error;time.phase
# - 
#   name: geom_model_gaussian1_sigma
#   datatype: float32
#   description: "Standard deviation [phase] of Gaussian 1 component"
#   meta:
#     ucd: stat.stdev
# - 
#   name: geom_model_gaussian1_sigma_error
#   datatype: float32
#   description: "Uncertainty of \\texttt{geomModelGaussian1Sigma}"
#   meta:
#     ucd: stat.error
# - 
#   name: geom_model_gaussian1_depth
#   datatype: float32
#   unit: mag
#   description: Magnitude depth of Gaussian 1 component
#   meta:
#     ucd: src.var.amplitude
# - 
#   name: geom_model_gaussian1_depth_error
#   datatype: float32
#   unit: mag
#   description: "Uncertainty of \\texttt{geomModelGaussian1Depth}"
#   meta:
#     ucd: stat.error;src.var.amplitude
# - 
#   name: geom_model_gaussian2_phase
#   datatype: float32
#   description: Phase of Gaussian 2 component
#   meta:
#     ucd: time.phase
# - 
#   name: geom_model_gaussian2_phase_error
#   datatype: float32
#   description: "Uncertainty of \\texttt{geomModelGaussian2Phase}"
#   meta:
#     ucd: stat.error;time.phase
# - 
#   name: geom_model_gaussian2_sigma
#   datatype: float32
[...]
#   datatype: float32
#   description: "Secondary eclipse: uncertainty of \\texttt{derivedSecondaryEclDuration}"
#   meta:
#     ucd: stat.error;time.duration
# - 
#   name: derived_secondary_ecl_depth
#   datatype: float32
#   unit: mag
#   description: "Secondary eclipse: depth"
#   meta:
#     ucd: src.var.amplitude
# - 
#   name: derived_secondary_ecl_depth_error
#   datatype: float32
#   unit: mag
#   description: "Secondary eclipse: uncertainty of \\texttt{derivedSecondaryEclDepth}"
#   meta:
#     ucd: stat.error;src.var.amplitude
solution_id,source_id,global_ranking,reference_time,frequency,frequency_error,geom_model_reference_level,geom_model_reference_level_error,geom_model_gaussian1_phase,geom_model_gaussian1_phase_error,geom_model_gaussian1_sigma,geom_model_gaussian1_sigma_error,geom_model_gaussian1_depth,geom_model_gaussian1_depth_error,geom_model_gaussian2_phase,geom_model_gaussian2_phase_error,geom_model_gaussian2_sigma,geom_model_gaussian2_sigma_error,geom_model_gaussian2_depth,geom_model_gaussian2_depth_error,geom_model_cosine_half_period_amplitude,geom_model_cosine_half_period_amplitude_error,geom_model_cosine_half_period_phase,geom_model_cosine_half_period_phase_error,model_type,num_model_parameters,reduced_chi2,derived_primary_ecl_phase,derived_primary_ecl_phase_error,derived_primary_ecl_duration,derived_primary_ecl_duration_error,derived_primary_ecl_depth,derived_primary_ecl_depth_error,derived_secondary_ecl_phase,derived_secondary_ecl_phase_error,derived_secondary_ecl_duration,derived_secondary_ecl_duration_error,derived_secondary_ecl_depth,derived_secondary_ecl_depth_error
[from data line 109]
375316653866487564,188773399026248576,0.5298152,2236.4693423889044,2.0209698686174673,3.355455E-5,17.727077,0.0011238757,0.39268863,0.010211216,0.03306693,0.008379714,0.014803371,0.0042415126,0.6574701,0.001380157,0.016371066,0.0012403044,0.26509503,0.035136417,null,null,null,null,"TWOGAUSSIANS",8,1.0766236,0.6574701,0.001380157,0.09167797,0.0069457046,0.26509503,0.035136417,0.39268863,0.010211216,0.18517481,0.046926398,0.014803371,0.0042415126
375316653866487564,188773570824937856,0.5450014,2246.3540972541505,0.5453459377537168,9.203059E-6,15.635402,8.57407E-4,0.26802152,0.05565476,0.059695426,0.07357491,0.011571898,9.426224E30,0.7872731,0.0044363667,0.032652583,0.0039695078,0.07067346,0.002979652,null,null,null,null,"TWOGAUSSIANS",8,3.6736639,0.7872731,0.0044363667,0.18285446,0.022229245,0.07067345,0.0029796546,0.26802152,0.05565476,0.33429438,0.4120195,0.011571893,9.426224E30
375316653866487564,188776083385945856,0.6507582,2238.740836514137,2.3160983318330617,4.1228313E-6,16.663427,0.0069469125,0.24507914,9.731213E-4,0.04931831,0.0030650082,0.2342426,0.016709404,0.74055386,0.005223318,0.053540654,0.0047179265,0.23073621,0.017752098,0.09376794,0.010825685,0.24507914,9.731213E-4,"TWOGAUSSIANS_WITH_ELLIPSOIDAL_ON_ECLIPSE1",9,5.469958,0.24507914,9.731213E-4,0.27618253,0.017164046,0.42177495,0.007523209,0.74125385,0.0044366736,0.29982767,0.026420388,0.41814053,0.010412328
375316653866487564,188777492135247744,0.6241524,2225.8575030523375,0.4625099713664467,3.1614418E-5,16.25412,8.041055E-4,0.5637263,0.0011601768,0.02357296,6.5252144E-4,0.51822263,0.029834721,null,null,null,null,null,null,null,null,null,null,"ONEGAUSSIAN",5,3.1672204,0.5637263,0.0011601768,0.13200858,0.00365412,0.51822263,0.0,null,null,null,null,null,null
375316653866487564,188781129967504256,0.51720715,2234.152625812661,2.28039130667993,2.226402E-5,17.220453,0.117271625,0.19006215,0.005026796,0.13923623,0.06116753,0.11496232,0.11493479,0.6929169,0.0038636741,0.13008913,0.03805662,0.15648118,0.1097958,null,null,null,null,"TWOGAUSSIANS",8,3.1364086,0.6929869,0.003887707,0.4,0.0,0.11050509,0.0051313383,0.18998215,0.005019652,0.4,0.0,0.068815656,0.004855479
375316653866487564,188781134269723648,0.49925593,2203.535495676415,3.452693052692007,8.621874E-5,17.900028,0.0039602984,0.19367896,0.009979092,0.022651287,0.0074473335,0.6509831,19.556784,0.5625882,0.027725859,0.031423237,0.022930654,0.026165478,0.061126933,null,null,null,null,"TWOGAUSSIANS",8,2.8319602,0.19367896,0.009979092,0.12684721,0.04170507,0.6509831,19.556784,0.5625882,0.027725859,0.17597014,0.12841167,0.026165478,0.061126933
375316653866487564,188784157924404864,0.5935923,2249.4808028276234,0.533447123760034,4.751935E-5,16.698671,0.0010580563,0.3165738,0.0040533473,0.018465815,0.002983497,0.07657793,0.012654775,0.8250465,0.003717351,0.020084856,0.0039137495,0.30016422,0.083341464,null,null,null,null,"TWOGAUSSIANS",8,2.9071863,0.8250465,0.003717351,0.112475194,0.021916999,0.30016422,0.083341464,0.3165738,0.0040533473,0.10340857,0.016707582,0.07657793,0.012654775
375316653866487564,188785223076280576,0.4459228,2237.3439751014657,1.6652429983250976,2.4281508E-5,18.135891,0.038973484,0.40058812,0.009912113,0.21515274,0.041607186,0.18311903,0.034928553,0.79717135,0.027916187,0.024598755,0.026916958,0.06670467,0.067228705,null,null,null,null,"TWOGAUSSIANS",8,9.548863,0.40058812,0.009912113,0.4,0.0,0.158512,0.012477123,0.79717135,0.027916187,0.13775302,0.15073498,0.07916961,0.068131045
375316653866487564,188789032709459328,0.59104675,2221.955238837124,2.5815298428649873,8.926648E-6,13.350741,0.014548787,0.17288472,0.0020049016,0.11774992,0.007822498,0.19572617,0.012719325,0.66964054,0.0018136995,0.11505078,0.007345576,0.1883817,0.01336773,null,null,null,null,"TWOGAUSSIANS",8,64.33571,0.17289472,0.0020039165,0.4,0.0,0.15862624,0.0034353686,0.66964054,0.0018136995,0.4,0.0,0.1512996,0.0038305665
375316653866487564,188791059933980544,0.5306687,2213.2117549044283,3.564924572045402,1.5597321E-5,19.517738,0.006215356,0.3159459,0.0027987515,0.03669553,0.00782127,0.2534032,0.04096188,0.8130362,0.009337152,0.031254992,0.009819954,0.15021919,0.08496672,0.12220945,0.008694287,0.3159459,0.0027987515,"TWOGAUSSIANS_WITH_ELLIPSOIDAL_ON_ECLIPSE1",9,2.3233001,0.3159459,0.0027987515,0.20549496,0.043799113,0.49782196,0.043288145,0.81335616,0.008876328,0.17502795,0.05499174,0.39456537,0.085862115
375316653866487564,188798932614182656,0.54263204,2224.9200962849845,2.1744247497162505,1.2005284E-5,16.417269,0.0014442854,0.0989393,0.004881904,0.0075732027,0.0037015798,0.15492684,0.031539425,0.59726584,0.0031286427,0.01654829,0.002267364,0.11342485,0.042677745,null,null,null,null,"TWOGAUSSIANS",8,5.229828,0.0989393,0.004881904,0.042409938,0.020728847,0.15492684,0.031539425,0.59726584,0.0031286427,0.092670426,0.012697238,0.11342485,0.042677745
375316653866487564,188799924745101312,0.628296,2201.837546067952,0.8477776127214679,1.2450759E-5,16.862617,0.002534344,0.17437513,0.0024671992,0.028779924,0.0018223467,0.22670494,0.016875355,0.6724363,0.0060130316,0.026298054,0.0033006584,0.5311889,0.0190576,0.023931624,0.005300294,0.17437513,0.0024671992,"TWOGAUSSIANS_WITH_ELLIPSOIDAL_ON_ECLIPSE1",9,8.407109,0.6724463,0.0059975204,0.1472691,0.018483687,0.57904506,0.01893561,0.17437513,0.0024671992,0.16116758,0.010205141,0.27456817,0.01488351
375316653866487564,188802196787937920,0.656717,2222.6813159925714,0.49959423300453426,5.006163E-6,15.225749,0.0032330032,0.34262154,0.0015821346,0.027123353,0.001288965,0.74572164,0.01601589,0.8460723,0.0037412322,0.029656198,0.004018468,0.03848615,0.0078443065,0.009809244,0.004718076,0.34262154,0.0015821346,"TWOGAUSSIANS_WITH_ELLIPSOIDAL_ON_ECLIPSE1",9,31.804478,0.34262154,0.0015821346,0.15189077,0.0072182044,0.7653401,0.013946078,0.8460723,0.0037412322,0.16607471,0.022503419,0.058095418,0.0032688
375316653866487564,188802677824293760,0.5848523,2211.5553042922797,0.6438488080149166,6.896915E-5,16.267443,0.0037475112,0.27672642,0.0213348,0.023641784,0.041897647,0.49850065,1.94571642E15,0.7779492,0.0055004163,0.02890376,0.006320859,0.29622307,0.07022434,0.011064097,0.0051522334,0.27672642,0.0213348,"TWOGAUSSIANS_WITH_ELLIPSOIDAL_ON_ECLIPSE1",9,9.413629,0.27672642,0.0213348,0.13239399,0.23462681,0.5206288,1.94571642E15,0.7779492,0.0054909484,0.16186106,0.035396807,0.31834993,0.07468038
375316653866487564,188802879683030656,0.5795658,2206.385906309103,3.5384014068894247,9.22918E-6,19.050669,0.013921828,0.22527528,0.003491664,0.04955675,0.006966392,0.3454688,0.056112096,0.7236891,0.008743541,0.045629688,0.0071951016,0.33324736,0.049788848,0.11013439,0.015418257,0.22527528,0.003491664,"TWOGAUSSIANS_WITH_ELLIPSOIDAL_ON_ECLIPSE1",9,2.2589164,0.22527528,0.003491664,0.2775178,0.039011795,0.5657361,0.065198086,0.72384906,0.0081571825,0.25552627,0.04029257,0.55349493,0.045722745
375316653866487564,188803532518155264,0.57937944,2203.5751193513975,2.7278324060369896,7.839311E-6,18.59765,0.009516772,0.24529758,0.0013446182,0.0620122,0.0023325323,0.4586652,0.012029101,0.749144,0.0038474342,0.061640818,0.0043418403,0.52618295,0.028008478,null,null,null,null,"TWOGAUSSIANS",8,5.2316346,0.749144,0.0038474342,0.3451886,0.024314305,0.52593917,0.028068611,0.24529758,0.0013446182,0.3472683,0.013062181,0.45842144,0.012002136
375316653866487564,188803605532617088,0.6114924,2212.4145653708624,3.259995931987935,4.688626E-6,18.87556,0.008175704,0.20768116,0.0010341572,0.06760504,0.0014069516,0.5774331,0.011603575,0.6982983,0.0043046554,0.07003567,0.00362704,0.67477167,0.03478492,null,null,null,null,"TWOGAUSSIANS",8,2.2841475,0.6982983,0.0043046554,0.39219978,0.019404633,0.67344487,0.034938045,0.20768116,0.0010341572,0.37858826,0.007878928,0.5761063,0.011364838
375316653866487564,188803880415168128,0.49219626,2199.0042251628665,1.15113171828451,3.08192E-5,17.251215,0.0071593937,0.2729628,0.0083039515,0.017192896,0.023155227,0.05866246,0.029315356,0.77504593,0.0022755328,0.014129404,0.007763609,0.46151933,0.6963847,0.03752143,0.011069419,0.2729628,0.0083039515,"TWOGAUSSIANS_WITH_ELLIPSOIDAL_ON_ECLIPSE1",9,19.262308,0.77504593,0.0022755328,0.07912467,0.04347621,0.5365493,0.69701946,0.2729628,0.0083039515,0.096280225,0.12966928,0.1337053,0.037969537
375316653866487564,188804666389390336,0.48140758,2215.697682183112,2.667831862379079,4.3019616E-5,15.839782,0.0027744877,0.23602615,0.017378999,0.07128239,0.014394658,0.14773202,0.05994909,0.72971064,0.0044561825,0.07717434,0.0045678704,0.23389831,0.0066572567,null,null,null,null,"TWOGAUSSIANS",8,33.75167,0.72971064,0.0044561825,0.4,0.0,0.23278286,0.0066251205,0.23602615,0.017378999,0.39918137,0.068807386,0.14661656,0.060708307
375316653866487564,188805387943926912,0.5305431,2197.5786186580744,0.8068323746696429,3.9645784E-5,19.821648,0.0042789727,0.23208603,0.016764445,0.034816716,0.014597148,0.41274717,0.28397056,0.7225112,0.014275188,0.013594237,0.0069053373,1.2625517,0.9969074,null,null,null,null,"TWOGAUSSIANS",8,1.6192851,0.7225112,0.014275188,0.07612773,0.038669888,1.2625517,0.9969074,0.23208603,0.016764445,0.1949736,0.08174403,0.41274717,0.28397056
375316653866487564,188807415168769280,0.49775055,2212.344504876721,0.19654078512442724,8.000391E-6,18.859476,0.0072348057,0.2929466,0.027344352,0.16508248,0.08646086,0.021513632,0.006027087,0.5729361,0.029992063,0.023401197,0.006917648,0.5691425,1.1884562,null,null,null,null,"TWOGAUSSIANS",8,1.4271005,0.5729361,0.029992063,0.1310467,0.03873883,0.57381165,1.1881287,0.2929466,0.027344352,0.4,0.0,0.021075372,0.00601517
375316653866487564,188807690046780800,0.6288976,2228.625833463444,0.9296561808837834,3.2250582E-6,16.29097,0.0013807832,0.49412704,6.216938E-4,0.062200036,0.0011192436,0.29400057,0.0094699655,0.70291567,0.004381057,0.041781504,0.009759724,0.017441293,0.00357447,null,null,null,null,"TWOGAUSSIANS",8,3.3692427,0.49412704,6.216938E-4,0.34832022,0.0062677637,0.29400063,0.009470313,0.70291567,0.004381057,0.23397642,0.054654453,0.018492324,0.0035837502
375316653866487564,188807999286968576,0.485942,2228.077297369349,0.5262259868976277,9.25372E-5,17.761354,0.008009974,0.33764705,0.021802051,0.09520297,0.016943568,0.06512839,0.0128937345,0.77947754,6.530808E-6,8.096196E-4,2.6324798E-5,0.39628074,0.00767984,null,null,null,null,"TWOGAUSSIANS",8,24.004086,0.77947754,6.530808E-6,0.00453387,1.4741886E-4,0.39628196,0.007681502,0.33764705,0.021802051,0.4,0.0,0.06512826,0.012893752
375316653866487564,188808072303167744,0.51345277,2224.7904470426206,2.839078144082539,1.1558756E-5,13.954211,0.02557661,0.21477494,0.0015620964,0.1501765,0.008331848,0.5106608,0.08191073,0.70871806,0.002458834,0.31098256,0.015348488,1.0620397,0.028474147,null,null,null,null,"TWOGAUSSIANS",8,40.144806,0.21920493,0.0013515025,0.4,0.0,0.14943202,0.002882388,0.70871806,0.002458834,0.4,0.0,0.1333707,0.004154515
375316653866487564,188808686478959744,0.463977,2221.2039462776142,0.2291348636549648,1.3187655E-5,18.76898,0.005291205,0.089653775,0.008333489,0.013361765,0.005739605,0.16941716,0.13129438,0.45203152,0.015822086,0.01769,0.010513225,0.21263145,0.056774907,null,null,null,null,"TWOGAUSSIANS",8,4.8256216,0.45203152,0.015822086,0.09906399,0.058874056,0.21263145,0.056774907,0.089653775,0.008333489,0.07482588,0.032141786,0.16941716,0.13129438
375316653866487564,188809721570601984,0.5162092,2228.357822750794,2.506009464586949,6.052257E-5,17.109764,9.812106E-4,0.19387546,0.003977386,0.020553742,0.0067836726,0.12371669,0.111931935,0.38315815,0.019981347,0.019819355,0.010186709,0.03655646,0.032278653,0.003743677,0.0016280836,0.19387546,0.003977386,"TWOGAUSSIANS_WITH_ELLIPSOIDAL_ON_ECLIPSE1",9,2.9747398,0.19387546,0.003977386,0.11510096,0.037988566,0.13120404,0.11222278,0.38315815,0.019981347,0.11098838,0.05704557,0.037594326,0.03181884
375316653866487564,188813565562342528,0.5731034,2247.242123164169,3.104148771696483,1.2978989E-5,19.42261,0.0065324875,0.2823563,0.009458045,0.07364239,0.0043043424,0.6659828,0.07357461,0.7783918,0.0032070894,0.07123249,0.0026891322,0.56328094,0.017506678,null,null,null,null,"TWOGAUSSIANS",8,1.8897355,0.2823563,0.009458045,0.4,0.0,0.6630922,0.074195944,0.7783918,0.0032070894,0.39890194,0.010099163,0.56039035,0.017140774
375316653866487564,188815283549431808,0.4379337,2268.602565592715,2.3534485638630502,1.08950386E-4,19.238344,0.0126268035,0.25117606,0.030627072,0.080447316,0.026212882,0.1363222,0.036127802,0.6962581,0.009438713,0.027836723,0.008092694,0.58081496,0.6357996,null,null,null,null,"TWOGAUSSIANS",8,8.602172,0.6962581,0.009438713,0.15588565,0.045319084,0.5808143,0.63580096,0.25117606,0.030627072,0.4,0.03568833,0.13632151,0.03612331
375316653866487564,188823426807474432,0.5716642,2211.9397768190624,3.7237320659474067,1.0543701E-5,18.185604,0.024529515,0.319348,0.0054175686,0.08054591,0.0069728186,0.48294154,0.026046434,0.81141347,0.0120822,0.089712285,0.016735613,0.2957584,0.042060442,null,null,null,null,"TWOGAUSSIANS",8,7.391434,0.319348,0.0054175686,0.4,0.0,0.47429132,0.020714754,0.81141347,0.0120822,0.4,0.0,0.28710806,0.044071946
375316653866487564,188825831990882816,0.5759927,2203.7528772584474,1.3353907023594902,2.0003575E-4,19.563768,0.004401035,0.46991807,0.00786665,0.026056882,0.007986515,0.041342955,0.021065313,0.30131727,0.009972478,0.012262236,0.0023928317,2.3082757,2.641696,null,null,null,null,"TWOGAUSSIANS",8,0.79920256,0.30131727,0.009972478,0.06866852,0.013399857,2.3082757,2.641696,0.46991807,0.00786665,0.14591853,0.044724483,0.041342955,0.021065313
375316653866487564,188826111165790592,0.6326682,2232.719962120466,0.08455570555522494,1.5562789E-4,15.44709,6.681465E-4,0.39497513,0.019197091,0.013333277,0.028666455,0.008792883,0.006828234,0.48134276,0.003551146,0.007698103,0.0013963901,0.38601083,0.13995221,null,null,null,null,"TWOGAUSSIANS",8,3.6642113,0.48134276,0.003551146,0.043109376,0.007819785,0.38601083,0.13995555,0.39497513,0.019197091,0.07466635,0.16053215,0.008792883,0.006828234
375316653866487564,188827760433111808,0.5323596,2206.3769814909833,0.7575886440092299,5.610535E-5,16.651276,0.0016134509,0.24277578,0.0041435217,0.039939173,0.0066285883,0.064153515,0.0076886066,null,null,null,null,null,null,0.015169914,0.0017771086,0.24277578,0.0041435217,"ONEGAUSSIAN_WITH_ELLIPSOIDAL",6,2.778357,0.24277578,0.0041435217,0.22365935,0.037120093,0.094493285,0.007593891,null,null,null,null,null,null
375316653866487564,188828443329646592,0.49457908,2239.9863350816213,0.7434464380691805,6.211682E-5,18.082266,0.007373651,0.41504928,0.043752182,0.16601996,0.04742243,0.06457119,0.010146502,0.7296726,0.0019829292,0.01631385,0.0015999412,0.28817376,0.022689508,null,null,null,null,"TWOGAUSSIANS",8,6.3806834,0.7296726,0.0019829292,0.09135757,0.008959671,0.29752114,0.022374092,0.41504928,0.043752182,0.4,0.0,0.06318606,0.009476592
375316653866487564,188828958725896192,0.5600618,2224.951209137056,3.3708542144056852,6.633064E-6,18.733665,0.016778532,0.29729468,0.0024151765,0.0781596,0.0054992633,0.39690608,0.018881412,0.798233,0.0022611932,0.08579569,0.009083453,0.40904596,0.05360101,null,null,null,null,"TWOGAUSSIANS",8,1.9260383,0.798233,0.0022611932,0.4,0.0,0.4014768,0.057249017,0.29729468,0.0024151765,0.4,0.0,0.38933694,0.018359259
375316653866487564,188830440494236544,0.50334895,2229.9823855178192,4.554684327349004,3.0226634E-5,14.660556,0.0023656168,0.3750725,0.0010442883,0.015175548,0.0011874596,1.9577484,0.67217803,0.8823755,0.01874332,0.016569413,0.012505696,0.6160511,1182.4785,null,null,null,null,"TWOGAUSSIANS",8,34.330357,0.3750725,0.0010442883,0.08498307,0.006649774,1.9577484,0.67217803,0.8823755,0.01874332,0.09278871,0.070031896,0.6160511,1182.4785
