Gaia/vari_eclipsing_binary/VariEclipsingBinary_462561-462571.csv
# %ECSV 1.0
# ---
# delimiter: ','
# meta: !!omap
# - RELEASE: Gaia DR3
# - TABLE: vari_eclipsing_binary
# - DESCRIPTION: >
#     This table describes the properties of the eclipsing binaries resulting from the variability analysis. 
# - CITATION: >
#     How to cite and acknowledge Gaia: 
#     https://gea.esac.esa.int/archive/documentation/credits.html 
# - KNOWN_ISSUES: >
#     Known issues: 
#     https://www.cosmos.esa.int/web/gaia-users/known-issues 
# - DOCUMENTATION: >
#     Tutorials and documentation: 
#     https://www.cosmos.esa.int/web/gaia-users/archive 
# datatype:
# - 
#   name: solution_id
#   datatype: int64
#   description: Solution Identifier
#   meta:
#     ucd: meta.version
# - 
#   name: source_id
#   datatype: int64
#   description: Unique source identifier
#   meta:
#     ucd: meta.id;meta.main
# - 
#   name: global_ranking
#   datatype: float32
#   description: Number between 0 (worst) and 1 (best)
#   meta:
#     ucd: stat.param
# - 
#   name: reference_time
#   datatype: float64
#   unit: d
#   description: Reference time used for the geometric model fit
#   meta:
#     ucd: time.epoch
# - 
#   name: frequency
#   datatype: float64
#   unit: d**-1
#   description: Frequency of geometric model of the eclipsing binary light curve
#   meta:
#     ucd: src.orbital
# - 
#   name: frequency_error
#   datatype: float32
#   unit: d**-1
#   description: "Uncertainty of \\texttt{frequency}"
#   meta:
#     ucd: stat.error
# - 
#   name: geom_model_reference_level
#   datatype: float32
#   unit: mag
#   description: Magnitude reference level of geometric model
#   meta:
#     ucd: phot.mag;em.opt
# - 
#   name: geom_model_reference_level_error
#   datatype: float32
#   unit: mag
#   description: "Uncertainty of \\texttt{geomModelReferenceLevel}"
#   meta:
#     ucd: stat.error;phot.mag;em.opt
# - 
#   name: geom_model_gaussian1_phase
#   datatype: float32
#   description: Phase of the Gaussian 1 component
#   meta:
#     ucd: time.phase
# - 
#   name: geom_model_gaussian1_phase_error
#   datatype: float32
#   description: "Uncertainty of \\texttt{geomModelGaussian1Phase}"
#   meta:
#     ucd: stat.error;time.phase
# - 
#   name: geom_model_gaussian1_sigma
#   datatype: float32
#   description: "Standard deviation [phase] of Gaussian 1 component"
#   meta:
#     ucd: stat.stdev
# - 
#   name: geom_model_gaussian1_sigma_error
#   datatype: float32
#   description: "Uncertainty of \\texttt{geomModelGaussian1Sigma}"
#   meta:
#     ucd: stat.error
# - 
#   name: geom_model_gaussian1_depth
#   datatype: float32
#   unit: mag
#   description: Magnitude depth of Gaussian 1 component
#   meta:
#     ucd: src.var.amplitude
# - 
#   name: geom_model_gaussian1_depth_error
#   datatype: float32
#   unit: mag
#   description: "Uncertainty of \\texttt{geomModelGaussian1Depth}"
#   meta:
#     ucd: stat.error;src.var.amplitude
# - 
#   name: geom_model_gaussian2_phase
#   datatype: float32
#   description: Phase of Gaussian 2 component
#   meta:
#     ucd: time.phase
# - 
#   name: geom_model_gaussian2_phase_error
#   datatype: float32
#   description: "Uncertainty of \\texttt{geomModelGaussian2Phase}"
#   meta:
#     ucd: stat.error;time.phase
# - 
#   name: geom_model_gaussian2_sigma
#   datatype: float32
[...]
#   datatype: float32
#   description: "Secondary eclipse: uncertainty of \\texttt{derivedSecondaryEclDuration}"
#   meta:
#     ucd: stat.error;time.duration
# - 
#   name: derived_secondary_ecl_depth
#   datatype: float32
#   unit: mag
#   description: "Secondary eclipse: depth"
#   meta:
#     ucd: src.var.amplitude
# - 
#   name: derived_secondary_ecl_depth_error
#   datatype: float32
#   unit: mag
#   description: "Secondary eclipse: uncertainty of \\texttt{derivedSecondaryEclDepth}"
#   meta:
#     ucd: stat.error;src.var.amplitude
solution_id,source_id,global_ranking,reference_time,frequency,frequency_error,geom_model_reference_level,geom_model_reference_level_error,geom_model_gaussian1_phase,geom_model_gaussian1_phase_error,geom_model_gaussian1_sigma,geom_model_gaussian1_sigma_error,geom_model_gaussian1_depth,geom_model_gaussian1_depth_error,geom_model_gaussian2_phase,geom_model_gaussian2_phase_error,geom_model_gaussian2_sigma,geom_model_gaussian2_sigma_error,geom_model_gaussian2_depth,geom_model_gaussian2_depth_error,geom_model_cosine_half_period_amplitude,geom_model_cosine_half_period_amplitude_error,geom_model_cosine_half_period_phase,geom_model_cosine_half_period_phase_error,model_type,num_model_parameters,reduced_chi2,derived_primary_ecl_phase,derived_primary_ecl_phase_error,derived_primary_ecl_duration,derived_primary_ecl_duration_error,derived_primary_ecl_depth,derived_primary_ecl_depth_error,derived_secondary_ecl_phase,derived_secondary_ecl_phase_error,derived_secondary_ecl_duration,derived_secondary_ecl_duration_error,derived_secondary_ecl_depth,derived_secondary_ecl_depth_error
[from data line 187]
375316653866487564,4068745222497422976,0.48303667,2476.920046126695,0.03406094334928053,7.51528E-5,19.031107,1.0031589,0.38207152,0.016052034,0.14190204,0.111850955,0.63845825,0.96962506,0.8174595,0.021603942,0.1041147,0.035307355,0.69013107,0.59677666,null,null,null,null,"TWOGAUSSIANS",8,12.9112425,0.8174595,0.021603942,0.4,0.0,0.60285187,0.13328539,0.3822115,0.015248102,0.4,0.0,0.5452903,0.16071096
375316653866487564,4068745394228176512,0.5494172,2470.041899267411,0.019948923555436933,4.8161844E-5,19.398787,0.006912631,0.2511843,0.0036649117,0.066320695,0.0032330598,0.3841057,0.0086578205,0.6870426,0.015511421,0.06506706,0.011995243,0.45556617,0.12505585,null,null,null,null,"TWOGAUSSIANS",8,1.3934853,0.6870426,0.015511421,0.36437553,0.06427176,0.45548323,0.125128,0.2511843,0.0036649117,0.37139592,0.018105134,0.38402277,0.008635582
375316653866487564,4068745424456670592,0.42915264,2491.7316348276977,0.5348284684676977,2.284013E-5,19.481117,0.022339182,0.14250186,0.0039331894,0.050919738,0.003914361,0.31721428,0.032884873,0.52603966,0.03435573,0.16520913,0.04371725,0.15917225,0.022287754,null,null,null,null,"TWOGAUSSIANS",8,4.244062,0.14373186,0.0037299457,0.28515053,0.021920422,0.32234064,0.032647472,0.52603966,0.03435573,0.4,0.0,0.15330371,0.019340746
375316653866487564,4068745561895901824,0.45216212,2533.898988403715,0.8396352473890489,2.2961458E-5,19.275383,0.006895707,0.11924966,0.012836364,0.027899027,0.007183677,0.27851248,0.1244274,0.655476,0.003610493,0.028092341,0.010369552,0.3715202,0.14099705,null,null,null,null,"TWOGAUSSIANS",8,2.2273822,0.655476,0.003610493,0.15731712,0.05806949,0.3715202,0.14099705,0.11924966,0.012836364,0.15623455,0.04022859,0.27851248,0.1244274
375316653866487564,4068745699170600704,0.43976086,2378.997613892516,0.6084011144499055,4.1343592E-5,17.147104,0.016347919,0.13115068,0.009184097,0.046291113,0.00903804,0.15640618,0.044528257,0.881915,0.01390513,0.046045765,0.01653836,0.026281465,0.020649582,0.042354174,0.02685032,0.881915,0.01390513,"TWOGAUSSIANS_WITH_ELLIPSOIDAL_ON_ECLIPSE2",9,34.261196,0.13107067,0.009695874,0.25923023,0.050613023,0.15640807,0.044614665,0.881915,0.013912409,0.25785628,0.092614815,0.11098961,0.0426367
375316653866487564,4068745699336716672,0.55590767,2375.298015746381,1.7501888520867397,1.8878156E-5,17.308077,0.015780732,0.22195996,0.003646538,0.04202322,0.010692071,0.16226338,0.07272917,0.7339775,0.01085661,0.04627415,0.017315276,0.13455963,0.04134822,0.10345626,0.01782934,0.22195996,0.003646538,"TWOGAUSSIANS_WITH_ELLIPSOIDAL_ON_ECLIPSE1",9,12.126508,0.22195996,0.003646538,0.23533003,0.0598756,0.36917564,0.06885005,0.7339775,0.01085661,0.25913525,0.09696555,0.34029442,0.037490685
375316653866487564,4068745802413809536,0.43189606,2475.3093654867225,2.1381663290153763,6.533044E-5,19.19977,0.045842025,0.24920432,0.042256553,0.16280249,0.12096878,0.07442081,0.03938258,0.72019386,0.005431808,0.045973655,0.016411612,0.62684613,0.36109427,null,null,null,null,"TWOGAUSSIANS",8,3.134981,0.72019386,0.005431808,0.25745246,0.09190502,0.6212123,0.37356004,0.24920432,0.042256553,0.4,0.0,0.067274615,0.01826588
375316653866487564,4068746047063405696,0.5258479,2410.1340375791265,1.3669436084299114,2.699797E-5,18.863894,0.011788552,0.3447428,0.0028394638,0.076083034,0.0051823747,0.40709367,0.018314919,0.8437271,0.004736841,0.074547805,0.0077529866,0.16784014,0.013182172,null,null,null,null,"TWOGAUSSIANS",8,2.4575493,0.3447428,0.0028394638,0.4,0.0,0.40503344,0.018455828,0.8437271,0.004736841,0.4,0.0,0.16577989,0.012314278
375316653866487564,4068746253289127552,0.4956718,2368.063057097393,0.4190865228419861,5.883855E-5,18.116655,0.009807528,0.2591908,0.043735392,0.09008223,0.035512738,0.044616137,0.01965279,0.74634117,0.0080183605,0.029786818,0.0032786157,1.0108916,0.16234577,null,null,null,null,"TWOGAUSSIANS",8,23.790947,0.74634117,0.0080183605,0.16680618,0.018360248,1.010875,0.16233452,0.2591908,0.043735392,0.4,0.0704425,0.04459963,0.019652877
375316653866487564,4068746283451712128,0.4941548,2425.938496183827,1.921947922074992,2.105172E-5,19.262123,0.02277118,0.19599771,0.0057216496,0.07863097,0.019201707,0.43536085,0.03426492,0.6809011,0.0025545524,0.04285584,0.0058950577,0.37596413,0.037467662,null,null,null,null,"TWOGAUSSIANS",8,5.2480464,0.19599771,0.0057216496,0.4,0.036911443,0.4352622,0.03438334,0.6809011,0.0025545524,0.2399927,0.033012323,0.3758655,0.037423015
375316653866487564,4068746352169041664,0.4333268,2498.447490505995,4.921420332915627,1.2478694E-4,19.621805,0.016332723,0.27015442,0.026810016,0.04441513,0.02214205,0.2114566,0.11113228,0.7719864,0.029668389,0.035970178,0.020109698,0.22990772,0.045288492,null,null,null,null,"TWOGAUSSIANS",8,4.9418154,0.7719864,0.029668389,0.201433,0.11261431,0.2299077,0.0452883,0.27015442,0.026810016,0.24872474,0.12399549,0.2114566,0.1111324
375316653866487564,4068746596819934848,0.512586,2376.8150079731795,1.2382259238874767,2.1124059E-5,18.72907,0.022133088,0.27244213,0.0054265074,0.10176303,0.012640649,0.25255287,0.023067217,0.7661638,0.0052355495,0.097022295,0.010372542,0.25222364,0.022473052,null,null,null,null,"TWOGAUSSIANS",8,3.4067972,0.27244213,0.0054265074,0.4,0.0,0.23285453,0.01952202,0.7661638,0.0052355495,0.4,0.0,0.23252742,0.014771457
375316653866487564,4068746596886854784,0.43790036,2405.5400390801965,0.999813452962577,3.7966005E-5,19.86253,0.054475054,0.79296947,0.013050506,0.065929204,0.02368505,0.49466273,0.1730111,null,null,null,null,null,null,0.11401023,0.07278989,0.79296947,0.013050506,"ONEGAUSSIAN_WITH_ELLIPSOIDAL",6,17.538115,0.79296947,0.013050506,0.36920354,0.12718391,0.722322,0.17409824,null,null,null,null,null,null
375316653866487564,4068746764488206592,0.43871602,2404.7200615552847,1.0567611566871122,3.3949687E-5,18.317274,0.009017626,0.3443618,0.015956236,0.09015713,0.017761914,0.13358499,0.03354842,0.7404588,0.03909175,0.027661731,0.021154663,0.19727014,0.2243048,null,null,null,null,"TWOGAUSSIANS",8,10.888703,0.7404588,0.03909175,0.15490569,0.11846612,0.19727825,0.22429302,0.3443618,0.015956236,0.4,0.0,0.1335845,0.033551276
375316653866487564,4068746764488246656,0.43263286,2514.0397185779643,1.8809380316564153,1.3006717E-4,19.333319,0.005156905,0.44196266,0.020985218,0.10581904,0.029056327,0.30629396,0.13482252,0.8205947,0.022736575,0.037525363,0.012995624,0.10074266,0.06744698,null,null,null,null,"TWOGAUSSIANS",8,3.4087877,0.44196266,0.020985218,0.4,0.0,0.30625948,0.13496128,0.8205947,0.022736575,0.21014203,0.0727755,0.101216406,0.067461215
375316653866487564,4068746867555154560,0.49930406,2390.1508413209335,1.5132669029904144,3.0716656E-5,18.663233,0.007931743,0.26607084,0.0022579213,0.08500686,0.004674378,0.25394094,0.009395231,0.78008324,0.010635605,0.08877381,0.011095566,0.14744912,0.010734766,null,null,null,null,"TWOGAUSSIANS",8,1.9114424,0.26607084,0.0022579213,0.4,0.0,0.24912253,0.009016516,0.78008324,0.010635605,0.4,0.0,0.14263067,0.009669541
375316653866487564,4068746871819380352,0.44509563,2427.99514821867,0.10755855933954671,7.360844E-5,19.496538,0.061210155,0.10982273,0.033679605,0.061675962,0.018036518,0.39747345,0.24299064,0.8035919,0.021369547,0.035898294,0.022894781,0.5379983,0.23484695,0.25465307,0.10137135,0.8035919,0.021369547,"TWOGAUSSIANS_WITH_ELLIPSOIDAL_ON_ECLIPSE2",9,6.88602,0.8035919,0.021369547,0.20103045,0.12821077,1.0473062,0.2308296,0.14065273,0.068986535,0.34538537,0.1010045,0.4885843,0.19909874
375316653866487564,4068746970481263488,0.47952917,2357.3976581969778,3.48957139901009,4.89963E-5,17.120058,0.0036036156,0.12391213,0.0052122623,0.04348399,0.0053247423,0.20406151,0.028745893,null,null,null,null,null,null,null,null,null,null,"ONEGAUSSIAN",5,17.722355,0.12391213,0.0052122623,0.24351034,0.029818555,0.20406151,0.0,null,null,null,null,null,null
375316653866487564,4068747108073136768,0.42762595,2438.4309543183917,2.3184463799121784,5.7177695E-5,18.709734,0.009335996,0.33497858,0.0072263135,0.059632633,0.0080928365,0.28384683,0.058763236,0.70002556,0.04196363,0.031520933,0.027696416,0.11189344,0.04878895,null,null,null,null,"TWOGAUSSIANS",8,5.940185,0.33497858,0.0072263135,0.33394274,0.045319885,0.28384683,0.058763236,0.70002556,0.04196363,0.17651722,0.15509993,0.11189344,0.048788924
375316653866487564,4068747211162127104,0.45033664,2461.6969966080765,1.1716807792768855,2.2235914E-5,18.363699,0.017224682,0.31032205,0.006170907,0.027770989,0.00485192,0.41184655,0.116787374,0.728517,0.0059750145,0.039543223,0.004866013,0.5689172,0.048905157,null,null,null,null,"TWOGAUSSIANS",8,6.5257735,0.728517,0.0059750145,0.22144204,0.027249672,0.5689172,0.048905157,0.31032205,0.006170907,0.15551753,0.027170753,0.41184655,0.116787374
375316653866487564,4068747245358300416,0.44104928,2478.0948225730226,1.2821632789740807,3.3950604E-5,18.58582,0.038973793,0.07020645,0.03283971,0.057824172,0.049582113,0.09641575,0.10423746,0.5713733,0.016761258,0.11427998,0.025055625,0.32771447,0.07212698,null,null,null,null,"TWOGAUSSIANS",8,6.88506,0.5713733,0.016761258,0.4,0.0,0.32181388,0.07409488,0.07020645,0.03290933,0.32381538,0.2675373,0.09056086,0.10646973
375316653866487564,4068747249723069696,0.49489462,2382.348193929711,1.0726267213306202,2.0007477E-5,18.589668,0.020283518,0.31971717,0.0044794814,0.08053145,0.0077167237,0.33880234,0.020069405,0.82514006,0.0077509684,0.07735388,0.011969477,0.24371658,0.01916821,null,null,null,null,"TWOGAUSSIANS",8,7.8807564,0.31971717,0.0044794814,0.4,0.0,0.33537424,0.017348623,0.82514006,0.0077509684,0.4,0.0,0.2402885,0.017420117
375316653866487564,4068747451680115072,0.56134975,2478.1723516797083,1.5696815225818128,1.769483E-5,19.086077,0.039655533,0.17910828,0.006302315,0.09287199,0.012824126,0.46114525,0.03302675,0.67799467,0.004895226,0.103769705,0.015209073,0.34465662,0.03461561,null,null,null,null,"TWOGAUSSIANS",8,1.204889,0.17910828,0.006302315,0.4,0.0,0.4305516,0.022788096,0.67799467,0.004895226,0.4,0.0,0.31405714,0.015066922
375316653866487564,4068747589121256192,0.50414777,2395.03072741002,0.05564287322134043,6.4588734E-5,19.479343,0.019426234,0.20638826,0.005575394,0.061668873,0.01055645,0.3103609,0.056727767,0.73146033,0.028340146,0.043867093,0.037552446,0.13739899,0.018165898,null,null,null,null,"TWOGAUSSIANS",8,1.1025006,0.20638826,0.005575394,0.3453457,0.059116118,0.31035906,0.056761995,0.73146033,0.028340146,0.24565572,0.2102937,0.13739716,0.018107235
375316653866487564,4068747627680307072,0.4419752,2465.821973315633,1.2267767715246232,2.8830369E-5,16.916164,0.0067743463,0.13203414,0.028666774,0.011021483,0.015754426,0.03336514,0.046228983,0.575082,0.010984571,0.062262435,0.0093879495,0.1256793,0.008044243,null,null,null,null,"TWOGAUSSIANS",8,6.250065,0.575082,0.010984571,0.34866962,0.05257252,0.1256793,0.008044243,0.13203414,0.028666774,0.061720304,0.08822479,0.03336514,0.046228983
375316653866487564,4068747657840694400,0.5197505,2373.7320703745627,0.4265379297802655,1.0433199E-5,18.426153,0.01721708,0.2797599,0.0017241342,0.018547587,0.0012418581,0.8189743,0.029517854,0.7804425,0.05175075,0.09749071,0.04246679,0.0905312,0.029650033,null,null,null,null,"TWOGAUSSIANS",8,20.956284,0.2797599,0.0017241342,0.10386649,0.0069544055,0.81895745,0.029498525,0.7804425,0.05175075,0.4,0.0,0.09051397,0.0296539
375316653866487564,4068747829617321472,0.44879955,2469.2382882517823,0.3908946797684222,3.7660746E-5,19.182625,0.025775708,0.40841958,0.062917836,0.14992431,0.10564125,0.060045496,0.020926874,0.697545,0.002970412,0.025874356,0.0033846174,0.21870032,0.023059849,null,null,null,null,"TWOGAUSSIANS",8,2.9120219,0.697545,0.002970412,0.14489639,0.018953858,0.22759144,0.028743612,0.40841958,0.062917836,0.4,0.0,0.059583806,0.018372929
375316653866487564,4068747936917815552,0.43864962,2475.4318437702686,0.3417501497139757,7.260873E-5,19.228216,0.023853315,0.39623293,0.08049093,0.14807941,0.07411743,0.14652658,0.043296985,0.58240384,0.0036484168,0.027432479,0.0073376754,0.47148603,0.09454647,null,null,null,null,"TWOGAUSSIANS",8,3.2728415,0.58240384,0.0036484168,0.15362188,0.041090984,0.536985,0.09221591,0.39623293,0.080505446,0.4,0.0,0.14554659,0.03526172
375316653866487564,4068748035777566976,0.45674542,2480.9617730715236,1.320390117652439,3.2089538E-5,18.948055,0.0071204146,0.4968059,0.00620996,0.040694118,0.005334678,0.17712116,0.04148045,0.74277943,0.02442505,0.01608559,0.021655718,0.26242962,0.23828945,null,null,null,null,"TWOGAUSSIANS",8,2.8806272,0.74277943,0.02442505,0.0900793,0.12127201,0.26242962,0.23828945,0.4968059,0.00620996,0.22788705,0.029874198,0.17712116,0.04148045
375316653866487564,4068748108649517312,0.4870251,2462.4962838272027,1.9616049230771115,1.287428E-4,19.379955,0.030728964,0.32424378,0.010944869,0.08447809,0.010216065,0.46859503,0.070158176,0.77547395,0.010707724,0.095237225,0.020678764,0.3686259,0.12694813,null,null,null,null,"TWOGAUSSIANS",8,2.8505847,0.32424378,0.010941323,0.4,0.0,0.46083233,0.070584685,0.77547395,0.010707724,0.4,0.0,0.36085853,0.13149858
375316653866487564,4068748207576285440,0.44529274,2490.156613024073,3.053331227035603,1.4725921E-4,19.401077,0.0111241,0.36838597,0.011237766,0.04787282,0.007821732,0.22312191,0.04165477,0.8654047,0.062978975,0.046854194,0.029233992,0.4629835,12.596114,null,null,null,null,"TWOGAUSSIANS",8,2.592696,0.8654047,0.062978975,0.2623835,0.16371036,0.462983,12.596115,0.36838597,0.011237766,0.26808777,0.0438017,0.22312142,0.04165447
375316653866487564,4068748276150744448,0.437482,2382.9104229540553,2.792733144021045,6.166435E-5,15.101146,0.38577023,0.26199457,0.024760665,0.11759952,0.025424436,0.20251639,0.093851455,0.7047925,0.05750128,0.2127072,0.25302753,0.15185846,0.3732868,null,null,null,null,"TWOGAUSSIANS",8,249.50043,0.27064458,0.014643948,0.4,0.0,0.14995183,0.01604306,0.7047925,0.05750128,0.4,0.0,0.07668907,0.012654822
375316653866487564,4068748310675454720,0.59465486,2407.7872135464518,0.7287048489012928,5.7420943E-6,17.461443,0.0043304274,0.23745517,0.002207561,0.081848375,0.0032210988,0.2830945,0.0054628467,0.73626345,0.001800139,0.074262224,0.0033187924,0.38695595,0.019365573,null,null,null,null,"TWOGAUSSIANS",8,4.0448976,0.73626345,0.001800139,0.4,0.0,0.38317272,0.020110656,0.23745517,0.002207561,0.4,0.0,0.27931127,0.00537737
375316653866487564,4068748413754694784,0.5610691,2379.6260443856527,2.1944878109306374,1.1345204E-5,18.510817,0.02075322,0.21816884,0.0037504241,0.10643078,0.009373716,0.30594134,0.01892497,0.7213512,0.0036616887,0.09897952,0.009834254,0.3144379,0.016917761,null,null,null,null,"TWOGAUSSIANS",8,2.1908276,0.7213512,0.0036616887,0.4,0.0,0.28361893,0.017206639,0.21816884,0.0037504241,0.4,0.0,0.2751142,0.0072611575
375316653866487564,4068748482474223744,0.46005622,2539.7202426442627,0.49288953295605087,1.34259535E-5,19.36459,0.012533054,0.26914907,0.010020454,0.057732012,0.012646483,0.17302077,0.0419994,0.63432616,0.0024972549,0.05477793,0.0057021827,0.2658898,0.02492295,null,null,null,null,"TWOGAUSSIANS",8,2.527146,0.63432616,0.0024972549,0.3067564,0.031932224,0.26588973,0.024922978,0.26914907,0.010020454,0.32329926,0.07082031,0.1730207,0.041999716
375316653866487564,4068748516835736576,0.45951533,2460.4731313461675,4.954592165738913,1.880824E-5,19.65059,0.03353884,0.15331712,0.0033730986,0.06547001,0.007263686,0.49956203,0.04535831,0.64213884,0.01485641,0.09795627,0.034411997,0.27862138,0.09205626,null,null,null,null,"TWOGAUSSIANS",8,2.3172102,0.15331712,0.0033735023,0.36663204,0.040676642,0.49444836,0.041325722,0.64213884,0.01485641,0.4,0.0,0.2735063,0.10005669
375316653866487564,4068748520966799744,0.47675648,2510.9796909122933,0.7071134387334397,2.9310531E-5,19.476397,0.011213769,0.24341683,0.009530628,0.04851525,0.010219001,0.3456888,0.10669405,0.7160829,0.012460056,0.044930264,0.008109753,0.3368605,0.050854165,null,null,null,null,"TWOGAUSSIANS",8,2.5074563,0.24341683,0.009530628,0.2716854,0.05722641,0.3456887,0.1066945,0.7160829,0.012460056,0.2516095,0.04541462,0.33686042,0.050854173
