Gaia/vari_eclipsing_binary/VariEclipsingBinary_320529-322281.csv
# %ECSV 1.0
# ---
# delimiter: ','
# meta: !!omap
# - RELEASE: Gaia DR3
# - TABLE: vari_eclipsing_binary
# - DESCRIPTION: >
#     This table describes the properties of the eclipsing binaries resulting from the variability analysis. 
# - CITATION: >
#     How to cite and acknowledge Gaia: 
#     https://gea.esac.esa.int/archive/documentation/credits.html 
# - KNOWN_ISSUES: >
#     Known issues: 
#     https://www.cosmos.esa.int/web/gaia-users/known-issues 
# - DOCUMENTATION: >
#     Tutorials and documentation: 
#     https://www.cosmos.esa.int/web/gaia-users/archive 
# datatype:
# - 
#   name: solution_id
#   datatype: int64
#   description: Solution Identifier
#   meta:
#     ucd: meta.version
# - 
#   name: source_id
#   datatype: int64
#   description: Unique source identifier
#   meta:
#     ucd: meta.id;meta.main
# - 
#   name: global_ranking
#   datatype: float32
#   description: Number between 0 (worst) and 1 (best)
#   meta:
#     ucd: stat.param
# - 
#   name: reference_time
#   datatype: float64
#   unit: d
#   description: Reference time used for the geometric model fit
#   meta:
#     ucd: time.epoch
# - 
#   name: frequency
#   datatype: float64
#   unit: d**-1
#   description: Frequency of geometric model of the eclipsing binary light curve
#   meta:
#     ucd: src.orbital
# - 
#   name: frequency_error
#   datatype: float32
#   unit: d**-1
#   description: "Uncertainty of \\texttt{frequency}"
#   meta:
#     ucd: stat.error
# - 
#   name: geom_model_reference_level
#   datatype: float32
#   unit: mag
#   description: Magnitude reference level of geometric model
#   meta:
#     ucd: phot.mag;em.opt
# - 
#   name: geom_model_reference_level_error
#   datatype: float32
#   unit: mag
#   description: "Uncertainty of \\texttt{geomModelReferenceLevel}"
#   meta:
#     ucd: stat.error;phot.mag;em.opt
# - 
#   name: geom_model_gaussian1_phase
#   datatype: float32
#   description: Phase of the Gaussian 1 component
#   meta:
#     ucd: time.phase
# - 
#   name: geom_model_gaussian1_phase_error
#   datatype: float32
#   description: "Uncertainty of \\texttt{geomModelGaussian1Phase}"
#   meta:
#     ucd: stat.error;time.phase
# - 
#   name: geom_model_gaussian1_sigma
#   datatype: float32
#   description: "Standard deviation [phase] of Gaussian 1 component"
#   meta:
#     ucd: stat.stdev
# - 
#   name: geom_model_gaussian1_sigma_error
#   datatype: float32
#   description: "Uncertainty of \\texttt{geomModelGaussian1Sigma}"
#   meta:
#     ucd: stat.error
# - 
#   name: geom_model_gaussian1_depth
#   datatype: float32
#   unit: mag
#   description: Magnitude depth of Gaussian 1 component
#   meta:
#     ucd: src.var.amplitude
# - 
#   name: geom_model_gaussian1_depth_error
#   datatype: float32
#   unit: mag
#   description: "Uncertainty of \\texttt{geomModelGaussian1Depth}"
#   meta:
#     ucd: stat.error;src.var.amplitude
# - 
#   name: geom_model_gaussian2_phase
#   datatype: float32
#   description: Phase of Gaussian 2 component
#   meta:
#     ucd: time.phase
# - 
#   name: geom_model_gaussian2_phase_error
#   datatype: float32
#   description: "Uncertainty of \\texttt{geomModelGaussian2Phase}"
#   meta:
#     ucd: stat.error;time.phase
# - 
#   name: geom_model_gaussian2_sigma
#   datatype: float32
[...]
#   datatype: float32
#   description: "Secondary eclipse: uncertainty of \\texttt{derivedSecondaryEclDuration}"
#   meta:
#     ucd: stat.error;time.duration
# - 
#   name: derived_secondary_ecl_depth
#   datatype: float32
#   unit: mag
#   description: "Secondary eclipse: depth"
#   meta:
#     ucd: src.var.amplitude
# - 
#   name: derived_secondary_ecl_depth_error
#   datatype: float32
#   unit: mag
#   description: "Secondary eclipse: uncertainty of \\texttt{derivedSecondaryEclDepth}"
#   meta:
#     ucd: stat.error;src.var.amplitude
solution_id,source_id,global_ranking,reference_time,frequency,frequency_error,geom_model_reference_level,geom_model_reference_level_error,geom_model_gaussian1_phase,geom_model_gaussian1_phase_error,geom_model_gaussian1_sigma,geom_model_gaussian1_sigma_error,geom_model_gaussian1_depth,geom_model_gaussian1_depth_error,geom_model_gaussian2_phase,geom_model_gaussian2_phase_error,geom_model_gaussian2_sigma,geom_model_gaussian2_sigma_error,geom_model_gaussian2_depth,geom_model_gaussian2_depth_error,geom_model_cosine_half_period_amplitude,geom_model_cosine_half_period_amplitude_error,geom_model_cosine_half_period_phase,geom_model_cosine_half_period_phase_error,model_type,num_model_parameters,reduced_chi2,derived_primary_ecl_phase,derived_primary_ecl_phase_error,derived_primary_ecl_duration,derived_primary_ecl_duration_error,derived_primary_ecl_depth,derived_primary_ecl_depth_error,derived_secondary_ecl_phase,derived_secondary_ecl_phase_error,derived_secondary_ecl_duration,derived_secondary_ecl_duration_error,derived_secondary_ecl_depth,derived_secondary_ecl_depth_error
[from data line 286]
375316653866487564,2832661606093063808,0.5675202,2049.6498605321553,3.1935280923478238,1.0951977E-5,16.036793,0.028946828,0.24681653,0.0044059185,0.05058746,0.009514258,0.21679805,0.07530053,0.73901004,0.0051967697,0.05092028,0.012846657,0.30394757,0.059583336,0.11723034,0.040968172,0.24681653,0.0044059185,"TWOGAUSSIANS_WITH_ELLIPSOIDAL_ON_ECLIPSE1",9,93.20805,0.74007004,0.004485286,0.28515357,0.07194128,0.53791916,0.02766747,0.24681653,0.0044059185,0.2832898,0.053279847,0.4512565,0.029757107
375316653866487564,2832678609867734272,0.50291926,2085.666231402143,0.23954423192756213,1.3079002E-4,19.530197,0.0054229493,0.17008571,0.003448026,0.018154217,0.004322136,0.834011,0.34212255,0.8142645,0.030581724,0.025223218,0.01978064,0.05254617,0.016594972,null,null,null,null,"TWOGAUSSIANS",8,3.1823833,0.17008571,0.003448026,0.10166361,0.024203962,0.834011,0.34212255,0.8142645,0.030581724,0.14125003,0.11077158,0.05254617,0.016594972
375316653866487564,2832687753853972352,0.6722923,2069.6137341427443,3.5923238281143313,8.4961575E-6,17.590649,0.009769349,0.30339855,0.0017634504,0.047309794,0.0032309652,0.5769517,0.022704266,0.80014,0.0050542816,0.04133216,0.005238936,0.5976598,0.29475147,0.12625511,0.012924006,0.30339855,0.0017634504,"TWOGAUSSIANS_WITH_ELLIPSOIDAL_ON_ECLIPSE1",9,5.545081,0.80032,0.0048865145,0.2314601,0.02933804,0.85006917,0.30513045,0.30339855,0.0017634504,0.26493484,0.018093405,0.8294612,0.013132119
375316653866487564,2832702837779013632,0.5947664,2094.683837307846,2.235440651197716,9.762073E-6,14.173519,0.020843398,0.29139504,0.0035124489,0.06482488,0.010536992,0.23060736,0.044311196,0.78474444,0.0014830943,0.047559958,0.007943254,0.30761832,0.02460086,0.09755765,0.02483596,0.29139504,0.0035124489,"TWOGAUSSIANS_WITH_ELLIPSOIDAL_ON_ECLIPSE1",9,320.57907,0.7854244,0.0011001753,0.26633576,0.044482224,0.5022935,0.03947597,0.29139504,0.0035124489,0.36301935,0.059007157,0.42558846,0.011975001
375316653866487564,2832748531935692928,0.46194914,2039.3588027213493,0.03863010615339779,2.1142545E-5,17.617987,0.002883641,0.38862625,0.012206816,0.048155967,0.0069929445,0.059666593,0.010934693,0.87222046,0.0068299635,0.033115797,0.008739327,0.12413842,0.0541134,null,null,null,null,"TWOGAUSSIANS",8,2.8856907,0.87222046,0.0068299635,0.18544847,0.04894023,0.12413842,0.054113403,0.38862625,0.012206816,0.2696734,0.03916049,0.059666593,0.010934693
375316653866487564,2832758603634451840,0.5517462,2097.9036138862757,0.15405708462016193,1.0486468E-5,10.770034,0.010322495,0.3129296,0.09340356,0.048856523,0.045573182,0.27620852,373292.22,0.7836786,0.0037966676,0.045321304,0.010585926,0.13226625,0.025736377,0.050121896,0.012507242,0.7836786,0.0037966676,"TWOGAUSSIANS_WITH_ELLIPSOIDAL_ON_ECLIPSE2",9,283.2153,0.3110896,0.091590725,0.27359653,0.25520983,0.37331173,373292.2,0.7836786,0.0037966676,0.2537993,0.05928118,0.2325095,0.026434744
375316653866487564,2832833434849158784,0.5438877,2075.770690339339,1.6282193939419525,1.06693886E-4,19.140268,0.0035080297,0.28281453,0.09037523,0.08986891,0.05027994,0.040803384,0.070254065,0.7216651,0.0038983186,0.022876428,0.0069063334,0.42054692,0.017118081,null,null,null,null,"TWOGAUSSIANS",8,1.4902087,0.7216651,0.0038983186,0.128108,0.038675465,0.42054674,0.017119534,0.28281453,0.09037523,0.4,0.1371139,0.040802952,0.07025471
375316653866487564,2832852062122671488,0.57794446,2067.792062117756,3.2268803707517635,1.3794859E-5,14.62159,0.0033316703,0.23671226,0.0033590347,0.01415284,0.030324219,0.0733015,null,0.7794469,3.2508132E-4,0.007665086,0.0013674841,0.057565562,0.002216979,0.09184331,0.005532237,0.23671226,0.0033590347,"TWOGAUSSIANS_WITH_ELLIPSOIDAL_ON_ECLIPSE1",9,84.51035,0.23671226,0.0033590347,0.0792559,0.16981563,0.25698775,null,0.7794469,3.2508132E-4,0.042924482,0.007657911,0.22832371,0.00959354
375316653866487564,2832918823094493440,0.58358705,2079.57190800978,1.2950561832947765,6.6224275E-5,14.558392,0.0012534178,0.4263557,0.013548346,0.097864114,0.010802183,0.06711442,0.0055329907,0.83563054,0.03690627,0.035649523,0.037629284,0.0054454566,0.00414567,null,null,null,null,"TWOGAUSSIANS",8,2.3676116,0.4263557,0.013548346,0.4,0.0,0.067111015,0.005533604,0.83563054,0.03690627,0.19963732,0.210724,0.005452742,0.0041456576
375316653866487564,2832957374721028352,0.56027734,2079.333033389295,0.08676700621050629,1.9660292E-5,15.6700735,0.0023424437,0.19106291,0.008592715,0.061160114,0.0056695193,0.1265565,0.012914378,0.47976044,0.006931391,0.030877884,0.008529331,0.009989644,0.0028208664,null,null,null,null,"TWOGAUSSIANS",8,4.7767544,0.19106291,0.008592715,0.34249663,0.031749308,0.1265565,0.012914378,0.47976044,0.006931391,0.17291616,0.04776425,0.00999148,0.0028252585
375316653866487564,2832962833624144384,0.6151473,2086.7860111000077,3.8230836496164806,7.268594E-6,17.080143,0.011184992,0.25789484,0.0019252698,0.0449979,0.007693479,0.3583538,0.080215335,0.75722605,0.00246916,0.050104126,0.0034976571,0.45434588,0.037320424,0.12726124,0.013172711,0.25789484,0.0019252698,"TWOGAUSSIANS_WITH_ELLIPSOIDAL_ON_ECLIPSE1",9,16.438906,0.757296,0.002304281,0.2805831,0.01958688,0.7088625,0.037615407,0.25789484,0.0019252698,0.25198823,0.04308348,0.61287445,0.08880854
375316653866487564,2833047358579692800,0.5652353,2107.71104123594,3.201019382584768,9.241702E-6,18.234919,0.01303059,0.23662126,0.0038072753,0.08290382,0.0059367903,0.3505298,0.018553732,0.74781233,0.0029277692,0.074916266,0.0056967502,0.4208165,0.01963321,null,null,null,null,"TWOGAUSSIANS",8,4.09235,0.74781233,0.0029277692,0.4,0.0,0.41679677,0.020373644,0.23662126,0.0038072753,0.4,0.0,0.34651002,0.018480834
375316653866487564,2833086017581326208,0.59240556,2045.5558399656713,3.151853764351809,1.6021353E-5,15.989578,0.028977728,0.2950764,0.0060506607,0.0622064,0.010163814,0.2635488,0.06618936,0.8004361,0.0040122354,0.049729556,0.00917825,0.29011533,0.06551041,0.09093827,0.037644416,0.8004361,0.0040122354,"TWOGAUSSIANS_WITH_ELLIPSOIDAL_ON_ECLIPSE2",9,37.299377,0.8004361,0.0040122354,0.2784855,0.0513982,0.47193348,0.023453914,0.2960064,0.0048468118,0.34835583,0.05691736,0.44519666,0.025623903
375316653866487564,2833105873214671360,0.557197,2044.0119142349317,3.6394146342350724,1.5814408E-5,17.219973,0.021677466,0.21156234,0.0053303624,0.09186503,0.009703746,0.3712822,0.025010759,0.72282,0.002514363,0.07475901,0.009690366,0.4792082,0.058521923,null,null,null,null,"TWOGAUSSIANS",8,15.50429,0.72282,0.002514363,0.4,0.0,0.47175354,0.06432305,0.21156234,0.0053303624,0.4,0.0,0.36382717,0.022284744
375316653866487564,2833151026206139136,0.61754394,2127.226574887727,0.4540627093851566,3.5940877E-5,18.120075,0.004979062,0.2863615,0.00847859,0.029360086,0.0029846288,0.5334106,0.08434049,0.5674499,0.0067043053,0.06767861,0.0083911335,0.07900206,0.010906032,null,null,null,null,"TWOGAUSSIANS",8,1.677012,0.2863615,0.00847859,0.16441648,0.016713921,0.5334248,0.08434656,0.5674499,0.0067043053,0.37900022,0.046990346,0.07900206,0.010906032
375316653866487564,2833238536164549376,0.5225478,2097.0446300615304,0.8194020718408143,3.9931765E-5,18.866278,0.006880901,0.30813766,6.8280543E-4,0.05500049,0.0056769657,0.14697134,0.02646697,0.66187185,0.0065883105,0.03241944,0.0030489704,0.53135026,0.05798837,null,null,null,null,"TWOGAUSSIANS",8,5.4042416,0.66187185,0.0065883105,0.18154886,0.017074235,0.53135026,0.05798837,0.30813766,6.8280543E-4,0.30800274,0.03179101,0.14697134,0.02646697
375316653866487564,2833270082699709824,0.55888623,2107.3017234767685,4.570361412805042,8.239069E-6,15.487697,0.02082037,0.21872732,0.0035642018,0.049617995,0.010006029,0.38688087,0.0707886,0.71618164,0.0016709636,0.039098706,0.0057344027,0.3321171,0.03828438,0.122457616,0.026090574,0.21872732,0.0035642018,"TWOGAUSSIANS_WITH_ELLIPSOIDAL_ON_ECLIPSE1",9,66.37645,0.21872732,0.0035642018,0.27786076,0.056033764,0.63179433,0.07202528,0.7163916,0.0014329298,0.21895276,0.032112654,0.576973,0.037774052
375316653866487564,2833291312723134080,0.5203278,2094.129304968865,2.914483634242631,3.8599585E-5,15.156939,0.09936996,0.1824725,0.0044599846,0.06676459,0.042226486,0.1108233,0.16085562,0.72803175,0.12505086,0.057746526,0.071871445,0.13942748,7.5074167,0.06845556,0.07196522,0.1824725,0.0044599846,"TWOGAUSSIANS_WITH_ELLIPSOIDAL_ON_ECLIPSE1",9,60.707954,0.72803175,0.12471117,0.32338053,0.32813564,0.26532274,7.4656744,0.1824725,0.0044599846,0.37388173,0.13463147,0.2476344,0.02960005
375316653866487564,2833362853993214208,0.6770928,2094.08115246993,3.31285815720866,3.6658262E-6,16.101015,0.0065951594,0.24745029,0.0010409435,0.043199938,0.0024708991,0.32349455,0.017531602,0.75139767,0.0015360487,0.04861891,0.0029793319,0.2440459,0.0152767245,0.1143064,0.00984564,0.24745029,0.0010409435,"TWOGAUSSIANS_WITH_ELLIPSOIDAL_ON_ECLIPSE1",9,12.991478,0.24745029,0.0010409435,0.24191964,0.013837036,0.55210704,0.010897243,0.75139767,0.0015360487,0.2722659,0.016684258,0.47251776,0.00755141
375316653866487564,2833386665291886592,0.60798967,2092.161971835907,3.6075784002789106,7.0646383E-6,16.13346,0.008638996,0.22092544,0.0021503256,0.07989943,0.0030095477,0.39309567,0.011972592,0.72583616,0.004002257,0.0823447,0.0040738587,0.34625128,0.011910643,null,null,null,null,"TWOGAUSSIANS",8,22.549774,0.22092544,0.0021503256,0.4,0.0,0.3872831,0.011571948,0.72583616,0.004002257,0.4,0.0,0.3404387,0.011106527
375316653866487564,2833430783195842688,0.5617711,2097.483104607032,3.102103566621057,1.3309518E-5,14.283171,0.0027378078,0.1939229,0.003439128,0.06369402,0.026831368,0.01044331,0.007012727,0.67776096,0.024660246,0.030652283,0.013880959,0.06728397,0.026381806,0.067452416,0.0045327446,0.1939229,0.003439128,"TWOGAUSSIANS_WITH_ELLIPSOIDAL_ON_ECLIPSE1",9,83.66383,0.679851,0.024186805,0.1716528,0.07773337,0.20097598,0.029902223,0.1939229,0.003439128,0.35668653,0.13378464,0.14534341,0.0050207204
375316653866487564,2833466066351428736,0.58521837,2044.7178676994788,2.856430235002721,1.9356048E-5,12.579276,0.0021540772,0.21029362,0.0035456389,0.03958074,0.035216425,0.02542033,1.12114848E8,0.7093943,0.0053279046,0.0456613,0.00819559,0.039469603,0.0062925057,0.03057871,0.002948187,0.21029362,0.0035456389,"TWOGAUSSIANS_WITH_ELLIPSOIDAL_ON_ECLIPSE1",9,24.24041,0.7095743,0.0039743516,0.25570327,0.045895305,0.10062539,0.0064119967,0.21029362,0.0035456389,0.22165215,0.19721198,0.08657767,1.12114848E8
375316653866487564,2833498673743749376,0.46918327,2042.7409191691422,0.24095417176299133,7.0311355E-5,17.942152,0.009174751,0.24557674,0.0292725,0.051767845,0.02879182,0.15610172,0.029905291,0.7555113,0.02043976,0.06546949,0.060989156,0.40696526,3.393946E7,null,null,null,null,"TWOGAUSSIANS",8,6.94816,0.7555113,0.02043976,0.36662912,0.33171257,0.40692413,3.393946E7,0.24557674,0.0292725,0.28989992,0.1281967,0.15606059,0.029969795
375316653866487564,2833518160010889472,0.54004437,2106.470127797616,2.5172872698628965,1.1413559E-5,16.697977,0.023300314,0.23002215,0.004595958,0.10341846,0.009284378,0.3404919,0.02279327,0.7302087,0.0035809414,0.09897673,0.0075330725,0.36417353,0.023403822,null,null,null,null,"TWOGAUSSIANS",8,18.540224,0.7302087,0.0035809414,0.4,0.0,0.33099195,0.014458072,0.23002215,0.004595958,0.4,0.0,0.30730668,0.0105608
375316653866487564,2833536817348814592,0.5461783,2081.561175312184,3.535487809922286,9.209463E-6,17.21225,0.036710754,0.23071343,0.0021111846,0.053045087,0.012011848,0.24999836,0.07864618,0.74460185,0.0027776826,0.051331174,0.01100984,0.3432084,0.07489891,0.09544868,0.053006366,0.74460185,0.0027776826,"TWOGAUSSIANS_WITH_ELLIPSOIDAL_ON_ECLIPSE2",9,34.16796,0.74460185,0.0027776826,0.28745458,0.061655104,0.5341022,0.056963995,0.23272343,0.0014003881,0.29705247,0.067266345,0.43965137,0.03312667
375316653866487564,2833538084363825792,0.52945167,2055.0381071993834,2.4677769402656695,9.121633E-6,18.818611,0.0030877963,0.5624279,1.7535614E-6,0.0018109999,1.18644075E-5,0.5043987,0.002989444,0.8874118,4.3677638E-4,0.0138626145,9.720561E-4,0.050635744,0.0025337618,null,null,null,null,"TWOGAUSSIANS",8,2.0547636,0.5624279,1.7535614E-6,0.0101416,6.644068E-5,0.5043987,0.002989444,0.8874118,4.3677638E-4,0.07763064,0.0054435143,0.050635744,0.0025337618
375316653866487564,2833573307390808192,0.48013297,2123.9702145674246,0.1412614128818929,5.353607E-5,13.892423,0.0026920391,0.5038768,4.593497E-4,0.004761748,7.0511416E-4,0.17901626,0.026713714,0.957039,0.005146171,0.0062619764,0.004683289,0.05509394,0.2854827,0.013405453,0.0042461096,0.957039,0.005146171,"TWOGAUSSIANS_WITH_ELLIPSOIDAL_ON_ECLIPSE2",9,190.52425,0.5038668,4.593497E-4,0.026665788,0.003948639,0.20357195,0.032811996,0.957039,0.005146171,0.035067067,0.02622642,0.08190481,0.28552756
375316653866487564,2833785719294159360,0.4845555,2102.872381840373,1.7699907608760181,3.885335E-5,19.294193,0.007951397,0.25194013,0.002173266,0.023293495,0.0027744093,0.40640095,0.06358223,0.7445515,0.0041319896,0.034091827,0.004022587,0.20563367,0.017984536,null,null,null,null,"TWOGAUSSIANS",8,3.7570817,0.25194013,0.002173266,0.13044357,0.015536692,0.40640095,0.06358223,0.7445515,0.0041319896,0.19091423,0.022526488,0.20563367,0.017984536
375316653866487564,2833868904220415360,0.4865522,2072.993765385134,3.3305960769865908,3.4945322E-5,16.697874,0.03385722,0.2395968,0.0077295583,0.1085126,0.021560444,0.20834303,0.0298558,0.7351143,0.004895014,0.10254613,0.017606568,0.17139643,0.03276776,null,null,null,null,"TWOGAUSSIANS",8,33.818565,0.2395968,0.0077365884,0.4,0.0,0.1865874,0.014097767,0.7351143,0.004895014,0.4,0.0,0.14964879,0.013878677
375316653866487564,2833879727537926272,0.49937028,2059.98612254135,1.5848984551227714,1.3637888E-5,15.3644085,0.0050156405,0.18288422,0.0048192968,0.02633168,0.0042460747,0.20802681,0.030905344,0.68981814,0.0025758983,0.027082132,0.0043361615,0.17619574,0.039496135,0.0079615,0.010162244,0.18288422,0.0048192968,"TWOGAUSSIANS_WITH_ELLIPSOIDAL_ON_ECLIPSE1",9,140.09721,0.18288422,0.0048192968,0.1474574,0.023778018,0.22394982,0.030536283,0.68981814,0.0025758983,0.15165994,0.024282506,0.19208853,0.04351353
375316653866487564,2833884224368450432,0.48332784,2047.9902175159655,3.5318026632742487,3.3815075E-5,18.82142,0.010073884,0.28475887,0.0048121754,0.08327227,0.009836125,0.14088516,0.012111976,0.78785187,0.0055741533,0.044113792,0.0073107276,0.23636316,0.075966746,null,null,null,null,"TWOGAUSSIANS",8,4.2678447,0.78785187,0.0055741533,0.24703725,0.040940076,0.23623267,0.076051176,0.28475887,0.0048121754,0.4,0.0,0.14075467,0.012048019
375316653866487564,2833891134970528128,0.58630955,2028.4170449854794,3.192971367975946,2.253277E-5,13.45687,0.0068100514,0.21283057,0.0030127824,0.043725435,0.019328687,0.06422034,0.017446673,0.72057587,0.017980076,0.046851534,0.03010502,0.056344036,0.01724536,0.09303633,0.008170379,0.21283057,0.0030127824,"TWOGAUSSIANS_WITH_ELLIPSOIDAL_ON_ECLIPSE1",9,242.35963,0.21283057,0.0030127824,0.24486244,0.10824065,0.25029278,0.015769087,0.72057587,0.017340962,0.2623686,0.16858812,0.24197614,0.012847311
375316653866487564,2833910681366080000,0.5066281,2073.5760987131343,0.2933992801004652,3.937462E-4,17.871939,0.0067816647,0.7915998,0.024906104,0.013157112,0.03257242,1.5162956,1.6410449,null,null,null,null,null,null,null,null,null,null,"ONEGAUSSIAN",5,27.395693,0.7915998,0.024906104,0.07367983,0.18240555,1.5162956,0.0,null,null,null,null,null,null
375316653866487564,2833918794559964416,0.52791256,2048.8490719411275,1.437634981002246,5.0492723E-5,16.640482,0.0059337076,0.23943934,0.0011928905,0.02249332,0.001475241,0.36677438,0.029420555,0.7106964,0.10151782,0.037479844,0.031984486,0.30887958,0.29688948,null,null,null,null,"TWOGAUSSIANS",8,35.235542,0.23943934,0.0011928905,0.12596259,0.008261349,0.36677438,0.029420555,0.7106964,0.10151782,0.20988713,0.17911312,0.30887958,0.29688948
