Gaia/vari_eclipsing_binary/VariEclipsingBinary_637892-638007.csv
# %ECSV 1.0
# ---
# delimiter: ','
# meta: !!omap
# - RELEASE: Gaia DR3
# - TABLE: vari_eclipsing_binary
# - DESCRIPTION: >
#     This table describes the properties of the eclipsing binaries resulting from the variability analysis. 
# - CITATION: >
#     How to cite and acknowledge Gaia: 
#     https://gea.esac.esa.int/archive/documentation/credits.html 
# - KNOWN_ISSUES: >
#     Known issues: 
#     https://www.cosmos.esa.int/web/gaia-users/known-issues 
# - DOCUMENTATION: >
#     Tutorials and documentation: 
#     https://www.cosmos.esa.int/web/gaia-users/archive 
# datatype:
# - 
#   name: solution_id
#   datatype: int64
#   description: Solution Identifier
#   meta:
#     ucd: meta.version
# - 
#   name: source_id
#   datatype: int64
#   description: Unique source identifier
#   meta:
#     ucd: meta.id;meta.main
# - 
#   name: global_ranking
#   datatype: float32
#   description: Number between 0 (worst) and 1 (best)
#   meta:
#     ucd: stat.param
# - 
#   name: reference_time
#   datatype: float64
#   unit: d
#   description: Reference time used for the geometric model fit
#   meta:
#     ucd: time.epoch
# - 
#   name: frequency
#   datatype: float64
#   unit: d**-1
#   description: Frequency of geometric model of the eclipsing binary light curve
#   meta:
#     ucd: src.orbital
# - 
#   name: frequency_error
#   datatype: float32
#   unit: d**-1
#   description: "Uncertainty of \\texttt{frequency}"
#   meta:
#     ucd: stat.error
# - 
#   name: geom_model_reference_level
#   datatype: float32
#   unit: mag
#   description: Magnitude reference level of geometric model
#   meta:
#     ucd: phot.mag;em.opt
# - 
#   name: geom_model_reference_level_error
#   datatype: float32
#   unit: mag
#   description: "Uncertainty of \\texttt{geomModelReferenceLevel}"
#   meta:
#     ucd: stat.error;phot.mag;em.opt
# - 
#   name: geom_model_gaussian1_phase
#   datatype: float32
#   description: Phase of the Gaussian 1 component
#   meta:
#     ucd: time.phase
# - 
#   name: geom_model_gaussian1_phase_error
#   datatype: float32
#   description: "Uncertainty of \\texttt{geomModelGaussian1Phase}"
#   meta:
#     ucd: stat.error;time.phase
# - 
#   name: geom_model_gaussian1_sigma
#   datatype: float32
#   description: "Standard deviation [phase] of Gaussian 1 component"
#   meta:
#     ucd: stat.stdev
# - 
#   name: geom_model_gaussian1_sigma_error
#   datatype: float32
#   description: "Uncertainty of \\texttt{geomModelGaussian1Sigma}"
#   meta:
#     ucd: stat.error
# - 
#   name: geom_model_gaussian1_depth
#   datatype: float32
#   unit: mag
#   description: Magnitude depth of Gaussian 1 component
#   meta:
#     ucd: src.var.amplitude
# - 
#   name: geom_model_gaussian1_depth_error
#   datatype: float32
#   unit: mag
#   description: "Uncertainty of \\texttt{geomModelGaussian1Depth}"
#   meta:
#     ucd: stat.error;src.var.amplitude
# - 
#   name: geom_model_gaussian2_phase
#   datatype: float32
#   description: Phase of Gaussian 2 component
#   meta:
#     ucd: time.phase
# - 
#   name: geom_model_gaussian2_phase_error
#   datatype: float32
#   description: "Uncertainty of \\texttt{geomModelGaussian2Phase}"
#   meta:
#     ucd: stat.error;time.phase
# - 
#   name: geom_model_gaussian2_sigma
#   datatype: float32
[...]
#   datatype: float32
#   description: "Secondary eclipse: uncertainty of \\texttt{derivedSecondaryEclDuration}"
#   meta:
#     ucd: stat.error;time.duration
# - 
#   name: derived_secondary_ecl_depth
#   datatype: float32
#   unit: mag
#   description: "Secondary eclipse: depth"
#   meta:
#     ucd: src.var.amplitude
# - 
#   name: derived_secondary_ecl_depth_error
#   datatype: float32
#   unit: mag
#   description: "Secondary eclipse: uncertainty of \\texttt{derivedSecondaryEclDepth}"
#   meta:
#     ucd: stat.error;src.var.amplitude
solution_id,source_id,global_ranking,reference_time,frequency,frequency_error,geom_model_reference_level,geom_model_reference_level_error,geom_model_gaussian1_phase,geom_model_gaussian1_phase_error,geom_model_gaussian1_sigma,geom_model_gaussian1_sigma_error,geom_model_gaussian1_depth,geom_model_gaussian1_depth_error,geom_model_gaussian2_phase,geom_model_gaussian2_phase_error,geom_model_gaussian2_sigma,geom_model_gaussian2_sigma_error,geom_model_gaussian2_depth,geom_model_gaussian2_depth_error,geom_model_cosine_half_period_amplitude,geom_model_cosine_half_period_amplitude_error,geom_model_cosine_half_period_phase,geom_model_cosine_half_period_phase_error,model_type,num_model_parameters,reduced_chi2,derived_primary_ecl_phase,derived_primary_ecl_phase_error,derived_primary_ecl_duration,derived_primary_ecl_duration_error,derived_primary_ecl_depth,derived_primary_ecl_depth_error,derived_secondary_ecl_phase,derived_secondary_ecl_phase_error,derived_secondary_ecl_duration,derived_secondary_ecl_duration_error,derived_secondary_ecl_depth,derived_secondary_ecl_depth_error
[from data line 355]
375316653866487564,5611465825531642624,0.46442887,2233.016954134835,0.9337566499556147,1.7500776E-6,18.650059,0.0074606016,0.19748804,0.004596569,0.0058875717,0.0068730675,7.8463974,13.149213,0.6978135,0.0070961043,0.014557599,0.005151345,0.24281578,0.022257375,0.02309321,0.0090896785,0.19748804,0.004596569,"TWOGAUSSIANS_WITH_ELLIPSOIDAL_ON_ECLIPSE1",9,13.668291,0.19748804,0.004596569,0.032970402,0.038489178,7.892584,13.158524,0.6978135,0.007095978,0.081522554,0.02884753,0.289002,0.018217975
375316653866487564,5611466104715715840,0.5836989,2259.528355848533,0.4424550331917248,1.4436862E-5,16.516588,9.530993E-4,0.15864694,0.0012572092,0.01724118,0.0021845396,0.51838946,0.070115104,0.6543393,1.5922138E-4,0.019009113,4.06237E-4,0.18349801,0.002265785,null,null,null,null,"TWOGAUSSIANS",8,5.966609,0.15864694,0.0012572092,0.096550606,0.012233421,0.51838946,0.070115104,0.6543393,1.5922138E-4,0.106451035,0.0022749272,0.18349801,0.002265785
375316653866487564,5611466963709223168,0.49623826,2269.3242534399897,0.3154996202327326,1.485017E-5,16.358356,0.0021411306,0.62087286,0.067775525,0.14983587,0.055699583,0.008443217,0.0032153875,0.86917233,0.0014715906,0.011094826,0.002269443,0.13419001,0.02133864,null,null,null,null,"TWOGAUSSIANS",8,9.531484,0.86917233,0.0014715906,0.06213103,0.01270888,0.13626447,0.021437049,0.62087286,0.067775525,0.4,0.0,0.008378725,0.0031483197
375316653866487564,5611466993769480064,0.47066993,2240.5643729386256,2.0939759055144576,4.3079974E-5,19.769156,0.0077350587,0.25907275,0.0034354087,0.042217754,0.008199249,0.43793607,0.06837826,0.7431797,0.018573321,0.027009109,0.022375988,0.054979295,0.04685081,null,null,null,null,"TWOGAUSSIANS",8,3.2552178,0.25907275,0.0034354087,0.23641942,0.045915797,0.43793607,0.06837826,0.7431797,0.018573321,0.15125102,0.12530553,0.054979295,0.04685081
375316653866487564,5611468230712930944,0.49620494,2234.7024791533427,4.27647641774023,1.1081725E-5,19.517878,0.019229975,0.28210944,0.0039981715,0.076842315,0.0064865802,0.40456286,0.022553103,0.81168187,0.005597803,0.06425261,0.009237852,0.26842165,0.021113599,null,null,null,null,"TWOGAUSSIANS",8,4.1661134,0.28210944,0.0039981715,0.4,0.0,0.40397948,0.022252286,0.81168187,0.005597803,0.3598146,0.05173197,0.26783827,0.02093639
375316653866487564,5611470674561111936,0.4927104,2230.9324758877556,0.6273413724652059,1.7790711E-5,16.51708,0.0034127887,0.369094,0.006745109,0.019793147,0.0050666,0.028363839,0.0201047,0.55312836,0.002854059,0.030511264,0.004361539,0.21172953,0.008437604,0.0063650124,0.005053161,0.369094,0.006745109,"TWOGAUSSIANS_WITH_ELLIPSOIDAL_ON_ECLIPSE1",9,28.452515,0.55312836,0.002854059,0.17086308,0.024424618,0.21379401,0.009111173,0.369094,0.006745109,0.110841624,0.028372962,0.041093864,0.01825678
375316653866487564,5611471945871565184,0.6200753,2247.247091622902,3.5991063451462213,3.8490352E-6,14.604451,0.0101652285,0.2509306,0.0014543853,0.05735431,0.004134957,0.30839092,0.02136885,0.74352926,0.0015656806,0.049415957,0.0028388097,0.30428967,0.023112632,0.09922323,0.011893233,0.2509306,0.0014543853,"TWOGAUSSIANS_WITH_ELLIPSOIDAL_ON_ECLIPSE1",9,98.7639,0.2509306,0.0014543853,0.32118413,0.02315576,0.50681376,0.0062579582,0.7443593,0.0013325935,0.27672935,0.015897334,0.50233144,0.011233705
375316653866487564,5611471980231297664,0.54655004,2242.9687391795933,1.5361816905849166,6.2590398E-6,14.084155,0.027916336,0.2681857,0.0024064383,0.121783264,0.010730102,0.25390586,0.026415119,0.7495414,0.0022913278,0.10977005,0.0118544735,0.25307113,0.021764087,null,null,null,null,"TWOGAUSSIANS",8,64.46776,0.26821572,0.0023920026,0.4,0.0,0.21272591,0.0062534567,0.7495414,0.0022913278,0.4,0.0,0.21200281,0.009979698
375316653866487564,5611472152029988992,0.5346361,2231.3582191298756,2.670076439601939,8.5068505E-6,17.109539,0.004833257,0.23585221,0.0031302297,0.044559218,0.0070033986,0.08489588,0.015760222,0.7383179,0.004723606,0.040144134,0.0056490097,0.09487046,0.017111816,0.06180029,0.0074770018,0.23585221,0.0031302297,"TWOGAUSSIANS_WITH_ELLIPSOIDAL_ON_ECLIPSE1",9,7.821551,0.7383179,0.004723606,0.22480716,0.031634454,0.21844128,0.013208021,0.23585221,0.0031302297,0.24953163,0.039219033,0.20849635,0.013707189
375316653866487564,5611472456965108480,0.5890708,2220.0406084634556,1.2034222707871534,3.1229047E-6,18.343103,0.0015795819,0.10194004,0.027965382,0.015576729,0.012980105,0.049511593,0.48605782,0.3283017,8.447812E-4,0.03454684,0.0010824818,0.56123394,0.01939731,null,null,null,null,"TWOGAUSSIANS",8,1.4034339,0.3283017,8.447812E-4,0.19346231,0.006061898,0.56123394,0.01939731,0.10194004,0.027965382,0.08722968,0.07268859,0.049511593,0.48605782
375316653866487564,5611474316693128320,0.48122445,2227.5486642545197,0.4286062177164233,1.0456772E-6,14.235102,0.0050535486,0.13290371,6.7649256E-7,0.0018670385,1.2572146E-5,2.6146517,0.031017426,0.552078,0.0349011,0.06247209,0.033794187,0.031958252,0.02225195,null,null,null,null,"TWOGAUSSIANS",8,329.2941,0.13290371,6.7649256E-7,0.0104554165,7.040402E-5,2.6146517,0.031017425,0.552078,0.0349011,0.3498437,0.18563943,0.031958252,0.02225195
375316653866487564,5611475347485291520,0.5028759,2228.372076656621,2.943925796836615,1.4743363E-5,17.645317,0.0033807817,0.1976998,0.0046585663,0.011474236,0.0040561236,0.0576579,0.006005265,0.66673595,0.034474004,0.049553014,0.025823988,0.041966833,0.034206152,0.06601682,0.0044322023,0.1976998,0.0046585663,"TWOGAUSSIANS_WITH_ELLIPSOIDAL_ON_ECLIPSE1",9,8.674751,0.1976998,0.0046585663,0.06425572,0.022714293,0.18969123,0.005539757,0.6786059,0.01903415,0.27749687,0.14461434,0.17092198,0.038696066
375316653866487564,5611475892935110400,0.6634915,2262.7827622603945,4.301543554619506,2.3558289E-6,17.926666,0.005347366,0.29119772,8.7637774E-4,0.044978935,0.0016925775,0.48699543,0.01290906,0.7919053,0.0017664238,0.04465657,0.0015024454,0.48389697,0.019801848,0.13358718,0.007175116,0.29119772,8.7637774E-4,"TWOGAUSSIANS_WITH_ELLIPSOIDAL_ON_ECLIPSE1",9,3.6315084,0.29119772,8.7637774E-4,0.25188202,0.009478434,0.75416934,0.0066489424,0.7919053,0.0017664238,0.2500768,0.008413694,0.7510656,0.017340435
375316653866487564,5611481871529659264,0.565084,2247.7485621254823,2.913796169484713,6.461562E-6,18.275032,0.0042477287,0.2620774,0.0027042252,0.087060764,0.004095526,0.21564652,0.0057335086,0.77320784,0.002390664,0.07971036,0.003939098,0.21767698,0.005478734,null,null,null,null,"TWOGAUSSIANS",8,1.5384438,0.77320784,0.002390664,0.4,0.0,0.21372798,0.005477894,0.2620774,0.0027042252,0.4,0.0,0.21169749,0.0055430923
375316653866487564,5611483181505530624,0.51519775,2210.616383703359,0.6695176497787003,5.879915E-5,17.089642,0.0045225504,0.31124276,6.718492E-4,0.014894221,0.0012035533,1.0190382,0.11989273,0.79722625,0.001116707,0.016723081,0.0014018773,1.0154988,0.31922445,0.009633759,0.0086190235,0.79722625,0.001116707,"TWOGAUSSIANS_WITH_ELLIPSOIDAL_ON_ECLIPSE2",9,52.631947,0.31124276,6.636678E-4,0.08340763,0.0067398986,1.0381566,0.123237,0.79722625,0.001116707,0.09364925,0.007850513,1.0347663,0.32451913
375316653866487564,5611483868700291072,0.48905936,2238.383708869006,3.4571027164506485,3.6268746E-5,17.220457,0.03501683,0.24527937,0.0452521,0.08229869,0.10314189,0.07576867,0.021118697,0.7226564,0.0068969433,0.061128438,0.011711827,0.23028557,0.023454918,null,null,null,null,"TWOGAUSSIANS",8,20.841896,0.7226564,0.0068969433,0.34231925,0.06276327,0.2299766,0.01634534,0.24527937,0.0452521,0.4,0.0,0.07545969,0.007532901
375316653866487564,5611484143578231168,0.5884973,2237.8846463665527,3.1213815162965646,3.937661E-6,14.035666,0.009974592,0.24913049,0.0016111026,0.049248204,0.002505148,0.6382712,0.03935397,0.7522699,9.3586056E-4,0.0363589,0.0024707052,0.5080656,0.029223954,0.15027301,0.015738418,0.24913049,0.0016111026,"TWOGAUSSIANS_WITH_ELLIPSOIDAL_ON_ECLIPSE1",9,707.1804,0.24913049,0.0016111026,0.27578995,0.0140288295,0.9388155,0.037333194,0.7522699,9.3586056E-4,0.20360984,0.013835949,0.8084929,0.033948008
375316653866487564,5611485066985521152,0.46368054,2244.238788810394,0.6674682650953246,2.2341159E-5,18.474562,0.0029228113,0.12599128,0.009618552,0.039915103,0.008354661,0.028804928,0.0069282115,0.6517844,0.0023080474,0.033140957,0.003452045,0.16789632,0.024650177,null,null,null,null,"TWOGAUSSIANS",8,2.6691957,0.6517844,0.0023080474,0.18558937,0.019331452,0.16789632,0.024650177,0.12599128,0.009618552,0.22352457,0.0467861,0.028804928,0.0069282115
375316653866487564,5611485135703760128,0.67034256,2241.740956591317,3.314274226632069,3.3964977E-6,17.554197,0.0071528764,0.24384913,8.782702E-4,0.05200569,0.0016596146,0.36360815,0.015918395,0.7470227,0.0017971792,0.04629483,0.0026843592,0.34753996,0.013596211,0.111411884,0.008772713,0.24384913,8.782702E-4,"TWOGAUSSIANS_WITH_ELLIPSOIDAL_ON_ECLIPSE1",9,4.2918024,0.24384913,8.782702E-4,0.29123184,0.009293842,0.586428,0.0064252648,0.7470227,0.0017971792,0.25925106,0.015032412,0.5702712,0.0075048627
375316653866487564,5611486789278936320,0.4430117,2242.3539148676928,0.05683623928884729,3.3788143E-5,15.846078,0.005768747,0.32595298,0.009818916,0.063923456,0.01507919,0.06693046,0.019475391,0.82774854,0.0051286584,0.03484162,0.0064707836,0.09342223,0.007942302,null,null,null,null,"TWOGAUSSIANS",8,78.88041,0.82774854,0.0051286584,0.19511308,0.036236387,0.09342187,0.007939977,0.32595298,0.009818916,0.35797137,0.084443465,0.0669301,0.019476166
375316653866487564,5611487270315258496,0.6340768,2220.841767842559,0.8013841421009051,5.558425E-6,16.824587,0.001279539,0.2378778,0.014933627,0.026306033,0.034140944,0.06117522,0.06216874,0.7458013,2.4399442E-4,0.022960998,4.0257158E-4,0.35882914,0.009095217,null,null,null,null,"TWOGAUSSIANS",8,2.9028418,0.7458013,2.4399442E-4,0.12858158,0.0022544009,0.35882914,0.009095217,0.2378778,0.014933627,0.14731379,0.19118929,0.06117522,0.06216874
375316653866487564,5611487403446567936,0.5781883,2243.2357316573966,3.860038278071615,8.689787E-6,17.831589,0.010888636,0.27755603,0.0028148594,0.048819534,0.00853992,0.17468068,0.02545109,0.7599185,0.009129654,0.044316337,0.013041211,0.09050433,0.029141687,0.09084089,0.014549709,0.27755603,0.0028148594,"TWOGAUSSIANS_WITH_ELLIPSOIDAL_ON_ECLIPSE1",9,5.869379,0.27755603,0.0028148594,0.2733894,0.047823552,0.35636202,0.011328373,0.76410854,0.006829077,0.2481715,0.073030785,0.27048808,0.020918867
375316653866487564,5611488094948888320,0.44991177,2240.806026991795,2.7795339429233112,2.5661195E-5,17.455147,0.34297758,0.24534234,0.028647251,0.11633116,0.1234297,0.07749583,0.25112745,0.71382636,0.03120479,0.12773356,0.36702982,0.046154015,0.33387896,null,null,null,null,"TWOGAUSSIANS",8,3.515471,0.24557234,0.013846488,0.4,0.0,0.06667438,0.009496093,0.71382636,0.03120479,0.4,0.0,0.035294615,0.009043892
375316653866487564,5611489400618966144,0.48402867,2236.0097596576643,3.1833347182553333,1.7665787E-5,16.645338,0.026012018,0.20316063,0.0060918047,0.09412125,0.012132181,0.28899127,0.028084164,0.6914427,0.00515069,0.087985866,0.013798549,0.32654795,0.029193442,null,null,null,null,"TWOGAUSSIANS",8,98.10959,0.6914427,0.00515069,0.4,0.0,0.31473336,0.031483,0.20316063,0.0060918047,0.4,0.0,0.2771762,0.023223717
375316653866487564,5611490087813829760,0.620223,2245.7464647080824,0.7256707510365463,4.249933E-6,14.715157,8.8323373E-4,0.29816082,0.0013345971,0.027576355,0.0012958697,0.12127527,0.008516281,0.7982742,0.0013252639,0.02880527,0.001568936,0.11473489,0.002392536,0.008612108,0.0012203878,0.29816082,0.0013345971,"TWOGAUSSIANS_WITH_ELLIPSOIDAL_ON_ECLIPSE1",9,6.1074405,0.29816082,0.0013345971,0.15442759,0.00725687,0.13849948,0.008516511,0.7982742,0.0013252639,0.16130953,0.008786042,0.1319591,0.0016155444
375316653866487564,5611490908139973376,0.6182216,2248.5960170830726,2.8464855009123546,4.695299E-6,19.277706,0.015494768,0.254858,0.0019193555,0.044214543,0.0019211159,0.4783482,0.038398854,0.7536089,0.00249418,0.04851392,0.0032075746,0.44089273,0.03290259,0.121371426,0.018205114,0.254858,0.0019193555,"TWOGAUSSIANS_WITH_ELLIPSOIDAL_ON_ECLIPSE1",9,2.0864365,0.254858,0.0019193555,0.24760145,0.010758249,0.72109014,0.019829595,0.75372887,0.002242496,0.27167797,0.017962418,0.6836211,0.010858922
375316653866487564,5611491943239649024,0.57109326,2274.378814494891,3.403499880005038,1.7055349E-5,15.423052,0.0053355154,0.28831068,0.004979701,0.08190813,0.0055262675,0.2817924,0.013002399,0.78920424,0.0021307436,0.069117375,0.0026725198,0.26846915,0.0073111337,null,null,null,null,"TWOGAUSSIANS",8,78.28194,0.28831068,0.004979701,0.4,0.0,0.27954805,0.013147895,0.78920424,0.0021307436,0.3870573,0.014966111,0.2662248,0.0070451135
375316653866487564,5611492389916214528,0.6245374,2249.614881660153,0.37249851732991845,9.750719E-6,15.639662,8.268772E-4,0.7287193,0.015514494,0.015621411,0.0068456028,0.56815225,0.2249771,0.59056455,0.04770506,0.04614252,0.072953515,0.005637688,0.0035189826,null,null,null,null,"TWOGAUSSIANS",8,13.877733,0.7287193,0.015514257,0.0874799,0.038335375,0.568216,0.22165339,0.59056455,0.04770506,0.25839812,0.2119991,0.005637688,0.0035192065
375316653866487564,5611492424275942016,0.50088286,2227.285224665239,2.498066879489896,3.201657E-5,16.869318,0.024808977,0.2120994,0.0071720555,0.089273416,0.013144344,0.25799268,0.024103673,0.69879466,0.0068888,0.0959082,0.0149453,0.22809428,0.023999162,null,null,null,null,"TWOGAUSSIANS",8,55.429184,0.2120994,0.0071720425,0.4,0.0,0.24762021,0.017474916,0.69879466,0.0068888,0.4,0.0,0.2177212,0.015717419
375316653866487564,5611492527355366400,0.6108935,2252.0305297069613,2.1705395566637504,3.977714E-6,15.80994,0.008595279,0.2821311,0.0013835031,0.10045953,0.0034631584,0.3461724,0.008241753,0.7832605,0.0011797118,0.09252405,0.0033777815,0.33031943,0.009210393,null,null,null,null,"TWOGAUSSIANS",8,14.2553625,0.2821311,0.0013835031,0.4,0.0,0.3229479,0.0060955714,0.7832605,0.0011797118,0.4,0.0,0.30709752,0.00917797
375316653866487564,5611494760738081280,0.46355668,2244.7443600464603,0.8655084788093653,6.328677E-5,13.4062395,0.0071876952,0.29170716,0.010300294,0.05168044,0.041569304,0.1674332,0.083390035,0.80288315,0.008231708,0.017392071,0.013056258,0.024277663,0.11220555,0.012190915,0.0040483447,0.29170716,0.010300294,"TWOGAUSSIANS_WITH_ELLIPSOIDAL_ON_ECLIPSE1",9,93.53802,0.29170716,0.010300294,0.28941044,0.11905477,0.1918136,0.087561436,0.80288315,0.008231708,0.0973956,0.07311504,0.048538025,0.11210892
375316653866487564,5611495001256224640,0.5322797,2231.3747568502413,0.6841726638095427,3.3132397E-5,17.278254,0.0018817941,0.7792238,0.0055137035,0.014097111,0.0043348623,0.2282918,0.024301888,null,null,null,null,null,null,0.011775816,0.0032278334,0.7792238,0.0055137035,"ONEGAUSSIAN_WITH_ELLIPSOIDAL",6,3.7706993,0.7792238,0.0055137035,0.078943826,0.02427523,0.2518434,0.022246834,null,null,null,null,null,null
375316653866487564,5611497097200224640,0.5277539,2220.8748960318494,0.34911687064523733,9.991219E-6,15.145522,0.0011486154,0.2177345,0.0055146725,0.028297018,0.008631555,0.01768328,0.003253059,0.6914625,0.007049089,0.04020722,0.0060945,0.20548452,0.079690166,0.011734064,0.0020106353,0.2177345,0.0055146725,"TWOGAUSSIANS_WITH_ELLIPSOIDAL_ON_ECLIPSE1",9,15.364327,0.69183254,0.007057477,0.22516042,0.0341292,0.22832778,0.080329955,0.2177345,0.0055146725,0.1584633,0.04833671,0.041151356,0.003421881
375316653866487564,5611497951887128448,0.42270666,2228.5780507517925,0.07969065756247178,6.4159394E-5,18.956104,0.11353945,0.2282267,0.012968287,0.08457576,0.021601556,0.16378777,0.04143591,0.69561064,0.041273467,0.1695182,0.12531675,0.10901802,0.113784,null,null,null,null,"TWOGAUSSIANS",8,6.687009,0.2293667,0.012610662,0.4,0.0,0.14168471,0.01885916,0.69561064,0.041273467,0.4,0.0,0.08368089,0.02086898
