Gaia/vari_eclipsing_binary/VariEclipsingBinary_606785-606812.csv
# %ECSV 1.0
# ---
# delimiter: ','
# meta: !!omap
# - RELEASE: Gaia DR3
# - TABLE: vari_eclipsing_binary
# - DESCRIPTION: >
#     This table describes the properties of the eclipsing binaries resulting from the variability analysis. 
# - CITATION: >
#     How to cite and acknowledge Gaia: 
#     https://gea.esac.esa.int/archive/documentation/credits.html 
# - KNOWN_ISSUES: >
#     Known issues: 
#     https://www.cosmos.esa.int/web/gaia-users/known-issues 
# - DOCUMENTATION: >
#     Tutorials and documentation: 
#     https://www.cosmos.esa.int/web/gaia-users/archive 
# datatype:
# - 
#   name: solution_id
#   datatype: int64
#   description: Solution Identifier
#   meta:
#     ucd: meta.version
# - 
#   name: source_id
#   datatype: int64
#   description: Unique source identifier
#   meta:
#     ucd: meta.id;meta.main
# - 
#   name: global_ranking
#   datatype: float32
#   description: Number between 0 (worst) and 1 (best)
#   meta:
#     ucd: stat.param
# - 
#   name: reference_time
#   datatype: float64
#   unit: d
#   description: Reference time used for the geometric model fit
#   meta:
#     ucd: time.epoch
# - 
#   name: frequency
#   datatype: float64
#   unit: d**-1
#   description: Frequency of geometric model of the eclipsing binary light curve
#   meta:
#     ucd: src.orbital
# - 
#   name: frequency_error
#   datatype: float32
#   unit: d**-1
#   description: "Uncertainty of \\texttt{frequency}"
#   meta:
#     ucd: stat.error
# - 
#   name: geom_model_reference_level
#   datatype: float32
#   unit: mag
#   description: Magnitude reference level of geometric model
#   meta:
#     ucd: phot.mag;em.opt
# - 
#   name: geom_model_reference_level_error
#   datatype: float32
#   unit: mag
#   description: "Uncertainty of \\texttt{geomModelReferenceLevel}"
#   meta:
#     ucd: stat.error;phot.mag;em.opt
# - 
#   name: geom_model_gaussian1_phase
#   datatype: float32
#   description: Phase of the Gaussian 1 component
#   meta:
#     ucd: time.phase
# - 
#   name: geom_model_gaussian1_phase_error
#   datatype: float32
#   description: "Uncertainty of \\texttt{geomModelGaussian1Phase}"
#   meta:
#     ucd: stat.error;time.phase
# - 
#   name: geom_model_gaussian1_sigma
#   datatype: float32
#   description: "Standard deviation [phase] of Gaussian 1 component"
#   meta:
#     ucd: stat.stdev
# - 
#   name: geom_model_gaussian1_sigma_error
#   datatype: float32
#   description: "Uncertainty of \\texttt{geomModelGaussian1Sigma}"
#   meta:
#     ucd: stat.error
# - 
#   name: geom_model_gaussian1_depth
#   datatype: float32
#   unit: mag
#   description: Magnitude depth of Gaussian 1 component
#   meta:
#     ucd: src.var.amplitude
# - 
#   name: geom_model_gaussian1_depth_error
#   datatype: float32
#   unit: mag
#   description: "Uncertainty of \\texttt{geomModelGaussian1Depth}"
#   meta:
#     ucd: stat.error;src.var.amplitude
# - 
#   name: geom_model_gaussian2_phase
#   datatype: float32
#   description: Phase of Gaussian 2 component
#   meta:
#     ucd: time.phase
# - 
#   name: geom_model_gaussian2_phase_error
#   datatype: float32
#   description: "Uncertainty of \\texttt{geomModelGaussian2Phase}"
#   meta:
#     ucd: stat.error;time.phase
# - 
#   name: geom_model_gaussian2_sigma
#   datatype: float32
[...]
#   datatype: float32
#   description: "Secondary eclipse: uncertainty of \\texttt{derivedSecondaryEclDuration}"
#   meta:
#     ucd: stat.error;time.duration
# - 
#   name: derived_secondary_ecl_depth
#   datatype: float32
#   unit: mag
#   description: "Secondary eclipse: depth"
#   meta:
#     ucd: src.var.amplitude
# - 
#   name: derived_secondary_ecl_depth_error
#   datatype: float32
#   unit: mag
#   description: "Secondary eclipse: uncertainty of \\texttt{derivedSecondaryEclDepth}"
#   meta:
#     ucd: stat.error;src.var.amplitude
solution_id,source_id,global_ranking,reference_time,frequency,frequency_error,geom_model_reference_level,geom_model_reference_level_error,geom_model_gaussian1_phase,geom_model_gaussian1_phase_error,geom_model_gaussian1_sigma,geom_model_gaussian1_sigma_error,geom_model_gaussian1_depth,geom_model_gaussian1_depth_error,geom_model_gaussian2_phase,geom_model_gaussian2_phase_error,geom_model_gaussian2_sigma,geom_model_gaussian2_sigma_error,geom_model_gaussian2_depth,geom_model_gaussian2_depth_error,geom_model_cosine_half_period_amplitude,geom_model_cosine_half_period_amplitude_error,geom_model_cosine_half_period_phase,geom_model_cosine_half_period_phase_error,model_type,num_model_parameters,reduced_chi2,derived_primary_ecl_phase,derived_primary_ecl_phase_error,derived_primary_ecl_duration,derived_primary_ecl_duration_error,derived_primary_ecl_depth,derived_primary_ecl_depth_error,derived_secondary_ecl_phase,derived_secondary_ecl_phase_error,derived_secondary_ecl_duration,derived_secondary_ecl_duration_error,derived_secondary_ecl_depth,derived_secondary_ecl_depth_error
[from data line 832]
375316653866487564,5337574494089295744,0.48424006,2220.0249282861523,3.8615163576547857,1.6091437E-5,19.843914,0.017543135,0.11962935,0.017431725,0.06147804,0.020067712,0.44432026,0.046125364,0.6045466,0.004238005,0.085380875,0.0059363926,0.40298474,0.035389267,null,null,null,null,"TWOGAUSSIANS",8,2.2024488,0.11962935,0.017431725,0.34427702,0.063814454,0.44255704,0.048623588,0.6045466,0.004238005,0.4,0.0,0.40122148,0.034666464
375316653866487564,5337574592836444416,0.6046142,2229.785642299208,2.3472990008797225,4.6551872E-6,15.1728,0.011614915,0.13916072,0.0024824054,0.054845415,0.007567485,0.14216219,0.025392754,0.6336718,0.0020644818,0.059974544,0.007106613,0.14508252,0.0272447,0.050689142,0.01575302,0.6336718,0.0020644818,"TWOGAUSSIANS_WITH_ELLIPSOIDAL_ON_ECLIPSE2",9,29.19164,0.6336718,0.0020644818,0.33585745,0.039797034,0.2464337,0.011707134,0.13837072,0.0020490112,0.30713433,0.042377915,0.24341029,0.008798666
375316653866487564,5337574695922501760,0.43386632,2181.8553868796835,0.15821880983105824,2.7411734E-5,19.2752,0.04992166,0.31024858,0.011113662,0.08136774,0.02132228,0.29470074,0.05175353,0.79216087,0.010623707,0.12042368,0.02845371,0.26381528,0.051217314,null,null,null,null,"TWOGAUSSIANS",8,7.4320793,0.31029856,0.011112702,0.4,0.0,0.27486876,0.03619606,0.79216087,0.010623707,0.4,0.0,0.24387018,0.041822236
375316653866487564,5337575215673636864,0.5515816,2212.857730998892,3.0860671249705107,8.3732575E-6,19.65964,0.017885815,0.32627442,0.0038112085,0.06479247,0.0055159717,0.70716906,0.081733786,0.8322161,0.003966054,0.06156611,0.00476823,0.64347845,0.037181552,null,null,null,null,"TWOGAUSSIANS",8,1.8378996,0.32627442,0.0038112085,0.36283782,0.03088944,0.7067231,0.08195222,0.8322161,0.003966054,0.34477022,0.026702087,0.6430325,0.03720362
375316653866487564,5337575387446556800,0.52909905,2162.3155856803955,2.489288487994661,6.754609E-6,19.538181,0.01810641,0.20236647,0.002288815,0.07718192,0.0050559337,0.5151248,0.028913977,0.71440166,0.005874535,0.08353773,0.0061138608,0.47534546,0.038419083,null,null,null,null,"TWOGAUSSIANS",8,2.7385738,0.20236647,0.002288815,0.4,0.0,0.50895476,0.029419696,0.71440166,0.005874535,0.4,0.0,0.46917543,0.03833358
375316653866487564,5337575795447223168,0.46942538,2203.877573919536,0.5696749159567804,3.747402E-5,19.31238,0.011057588,0.23901406,0.015127711,0.07432826,0.014982105,0.13337214,0.014671172,0.7204511,0.011524866,0.06812243,0.021450294,0.15783581,0.02448338,null,null,null,null,"TWOGAUSSIANS",8,1.9922329,0.7204511,0.011524866,0.3814856,0.116148755,0.15745316,0.024741713,0.23901406,0.015127711,0.4,0.015856106,0.1329895,0.013907436
375316653866487564,5337576379563947008,0.5174266,2205.064086001005,1.7843920795704917,3.5155679E-6,18.83592,0.0042334343,0.2968321,0.01087133,0.023057712,0.016087407,0.38390207,0.06424589,0.7854502,3.5931496E-4,0.024675999,9.2097465E-4,0.51208645,0.02643165,null,null,null,null,"TWOGAUSSIANS",8,3.7920907,0.7854502,3.5931496E-4,0.13818559,0.0051574577,0.51208645,0.02643165,0.2968321,0.01087133,0.1291232,0.090089485,0.38390207,0.06424589
375316653866487564,5337576486956367232,0.50275874,2193.0527853764256,0.9043510102351804,2.336907E-5,17.456583,0.0049564713,0.39897025,0.0061069047,0.02941849,0.006954162,0.41410753,0.06252771,0.8716674,0.017436882,0.014156297,0.014884719,0.020159395,747.67334,null,null,null,null,"TWOGAUSSIANS",8,33.694862,0.39897025,0.0061069047,0.16474354,0.038943306,0.41410753,0.06252771,0.8716674,0.017436882,0.07927526,0.08335443,0.020159395,747.67334
375316653866487564,5337576727474471168,0.5722492,2220.36482125797,4.224282124698205,5.4870434E-6,18.333282,0.0066190534,0.2805513,0.0018915039,0.07891554,0.0036521277,0.49358553,0.0075065633,0.7807286,0.0045521148,0.08232149,0.0059003807,0.39931908,0.031832233,null,null,null,null,"TWOGAUSSIANS",8,3.5617683,0.2805513,0.0018915039,0.4,0.0,0.48638576,0.006993663,0.7807286,0.0045521148,0.4,0.0,0.39211932,0.03353848
375316653866487564,5337576830577965824,0.4972269,2219.4112168583456,3.1766780710601803,3.8297636E-5,17.4922,0.029189032,0.19896868,0.00413296,0.094786756,0.013925481,0.212233,0.025649194,0.68841827,0.0122602135,0.1131089,0.02395649,0.20858942,0.027382115,null,null,null,null,"TWOGAUSSIANS",8,17.356043,0.19898868,0.0041254866,0.4,0.0,0.19174397,0.008338974,0.68841827,0.0122602135,0.4,0.0,0.18807507,0.017493263
375316653866487564,5337577036736510464,0.5159764,2192.4962318315984,3.067255042607259,1.354757E-5,17.233492,0.045073584,0.2720613,0.0033682769,0.09361681,0.013258083,0.38684568,0.035883147,0.7724882,0.006340034,0.10484439,0.01478123,0.3788721,0.04725167,null,null,null,null,"TWOGAUSSIANS",8,36.936634,0.2720613,0.0033682769,0.4,0.0,0.35506597,0.026723659,0.7724882,0.006340034,0.4,0.0,0.34708416,0.029229086
375316653866487564,5337577071096213888,0.5603565,2183.9730455682297,3.1794909334815387,6.9359007E-6,16.48341,0.0049370513,0.23847257,0.0024525272,0.06055639,0.008180316,0.09398318,0.011368981,0.72822917,0.0031250785,0.037914496,0.005250613,0.07184421,0.010967502,0.042433206,0.006404134,0.23847257,0.0024525272,"TWOGAUSSIANS_WITH_ELLIPSOIDAL_ON_ECLIPSE1",9,8.474157,0.23847257,0.0024525272,0.33911577,0.04580977,0.17883089,0.010043196,0.72943914,0.002811134,0.21232116,0.029403433,0.15638225,0.0059596053
375316653866487564,5337577449030024960,0.548329,2189.649348639604,0.5343444996979722,4.3391203E-5,16.15823,0.0010965861,0.23883392,0.003747554,0.038955506,0.0028945948,0.46762726,0.06484627,0.879407,0.07639765,0.053869028,0.052333403,0.0075395466,1.2595104,null,null,null,null,"TWOGAUSSIANS",8,10.543964,0.23883392,0.003747554,0.21815084,0.01620973,0.46762726,0.06484627,0.879407,0.07639765,0.30166656,0.29306707,0.0075395466,1.2595104
375316653866487564,5337577552109257472,0.5227554,2186.193560343228,2.2407503870421834,5.8651498E-5,18.276531,0.0012508356,0.3078865,0.0016036617,0.020656541,0.0017587161,0.023979539,0.0014096525,0.68997145,0.006191233,0.008939116,0.0033315935,0.17975129,0.19592579,null,null,null,null,"TWOGAUSSIANS",8,0.93396586,0.68997145,0.006191233,0.050059054,0.018656923,0.17975129,0.19592579,0.3078865,0.0016036617,0.11567663,0.00984881,0.023979539,0.0014096525
375316653866487564,5337577582135388416,0.5447432,2186.9790424409744,2.163371961274635,1.0654665E-5,17.979889,0.087353855,0.19567196,0.0030174407,0.13328297,0.034098428,0.19043334,0.0847593,0.6977136,0.0034146362,0.11899507,0.024799835,0.19717225,0.08442151,null,null,null,null,"TWOGAUSSIANS",8,1.4360484,0.6977536,0.003449954,0.4,0.0,0.14419273,0.0044786925,0.19566196,0.003016573,0.4,0.0,0.1371764,0.004989082
375316653866487564,5337577586492463744,0.53343385,2177.8366111014,0.1685697924976787,1.0545931E-5,16.797337,0.001741826,0.16587523,7.261618E-4,0.019243356,0.001343856,0.14176778,0.0051708636,0.8310221,0.016556827,0.0143846115,0.008065184,0.31264123,0.73003095,null,null,null,null,"TWOGAUSSIANS",8,7.5365357,0.8310221,0.016556827,0.08055382,0.04516503,0.31264123,0.73003095,0.16587523,7.261618E-4,0.10776279,0.0075255935,0.14176778,0.0051708636
375316653866487564,5337577620828739072,0.43878993,2158.609351431028,0.1815962174560926,1.9582189E-4,19.751986,0.024651073,0.25868273,0.010685347,0.16239479,0.02864228,0.24260041,0.029406643,0.9412462,0.0025268623,0.019446673,0.0026110697,0.109078415,0.01365881,null,null,null,null,"TWOGAUSSIANS",8,4.7047367,0.25868273,0.010685347,0.4,0.0,0.23835982,0.030852914,0.9427662,0.0025598272,0.10890137,0.014621991,0.14110814,0.021312753
375316653866487564,5337577857018118528,0.5047839,2169.481364032892,2.025694554719999,8.4700505E-6,18.476555,0.014333529,0.41016445,0.00200364,0.04053171,0.0032727793,0.5962651,0.04961964,0.80418825,0.06493794,0.069511406,0.073071815,0.04538053,0.017184839,null,null,null,null,"TWOGAUSSIANS",8,13.251038,0.41016445,0.0019739026,0.22697759,0.018327564,0.596265,0.049611215,0.80418825,0.06493794,0.38926387,0.10977071,0.045380473,0.017104898
375316653866487564,5337577998809430912,0.5718064,2205.347728383872,3.2044510703637923,5.9404883E-6,17.774069,0.010615058,0.12595287,0.0024565374,0.09176942,0.0037868898,0.2650093,0.011500516,0.62752104,0.0017918505,0.094873436,0.004966496,0.28081977,0.01028066,null,null,null,null,"TWOGAUSSIANS",8,3.4798877,0.62752104,0.0017918505,0.4,0.0,0.26606736,0.008777865,0.12595287,0.0024565374,0.4,0.0,0.25025725,0.0081144385
375316653866487564,5337578308023445120,0.5073371,2179.1839846264675,2.1109421751330704,1.5100994E-5,19.469736,0.013891461,0.232631,0.008069097,0.0959097,0.010686876,0.24694102,0.015598169,0.72385377,0.0056362213,0.07630242,0.00821077,0.3101353,0.016552607,null,null,null,null,"TWOGAUSSIANS",8,1.5950859,0.72385377,0.0056362213,0.4,0.0,0.30325082,0.014678396,0.232631,0.008069097,0.4,0.0,0.24005586,0.013641617
375316653866487564,5337578784743579136,0.5073732,2161.1704391951675,2.86772909648102,1.0357748E-5,19.470688,0.0128702745,0.2856811,0.004047217,0.08388704,0.008956369,0.21374694,0.012606478,0.8040488,0.0030971672,0.08499248,0.005928083,0.20716083,0.014857537,null,null,null,null,"TWOGAUSSIANS",8,1.0302498,0.2856811,0.004047217,0.4,0.0,0.20996052,0.011450486,0.8040488,0.0030971672,0.4,0.0,0.20337442,0.013288743
375316653866487564,5337578853445823872,0.5265056,2179.139989035834,2.9980259254631836,1.7927422E-6,18.443182,0.0018815291,0.06581652,1.1477097E-5,0.0038612343,3.392092E-5,0.20644566,0.0019318318,0.8365233,1.07885324E-4,0.010472614,2.7551007E-4,0.28691995,0.0029482779,null,null,null,null,"TWOGAUSSIANS",8,1.7939956,0.8365233,1.07885324E-4,0.05864664,0.0015428565,0.28691995,0.0029482779,0.06581652,1.1477097E-5,0.021622911,1.8995715E-4,0.20644566,0.0019318318
375316653866487564,5337578926499033984,0.5145483,2124.9872118279663,2.502133845831145,4.2320564E-5,19.616022,0.019078292,0.16949634,0.0089451345,0.06589224,0.01182954,0.3949974,0.031129772,0.6694393,0.005182402,0.06157703,0.0068550343,0.51966673,0.05996789,null,null,null,null,"TWOGAUSSIANS",8,3.3416176,0.6694393,0.005182402,0.34483138,0.038388193,0.51925683,0.06023466,0.16949634,0.0089451345,0.36899656,0.06624542,0.39458752,0.031044
375316653866487564,5337579407558268416,0.5757256,2205.5852731605532,0.6102319282685071,6.5744257E-6,15.485946,0.0018103343,0.29015723,0.0025929066,0.03619714,0.003608126,0.08974436,0.0052952156,0.78463966,0.0035145755,0.03546661,0.004190866,0.08791461,0.0066177133,0.0276859,0.003076561,0.29015723,0.0025929066,"TWOGAUSSIANS_WITH_ELLIPSOIDAL_ON_ECLIPSE1",9,10.591983,0.29015723,0.0025929066,0.20270398,0.020205505,0.14511614,0.003423977,0.7849597,0.0032764766,0.19861302,0.023468848,0.14322378,0.005833962
375316653866487564,5337579785491313792,0.45844668,2241.3972423650866,0.03468963226345361,2.3168028E-5,17.959528,0.0025973488,0.5986245,0.044978704,0.008506018,0.009645961,0.34975353,30.073627,0.8433832,0.00497413,0.013202066,0.0056766616,0.04233156,0.17663059,0.01446895,0.004094029,0.8433832,0.00497413,"TWOGAUSSIANS_WITH_ELLIPSOIDAL_ON_ECLIPSE2",9,4.71152,0.5986245,0.044978455,0.0476337,0.054017384,0.34978482,30.076448,0.8433832,0.00497413,0.07393157,0.031789307,0.07126937,0.17624754
375316653866487564,5337579854210986112,0.48505098,2225.0495849441336,4.46307501477919,3.7080605E-5,18.171572,0.0018665824,0.28557238,0.0035684018,0.025731795,0.0044180397,0.022184357,0.0041140392,0.5670185,0.00815749,0.033373356,0.006331464,0.2224252,0.085275136,null,null,null,null,"TWOGAUSSIANS",8,1.5660161,0.5670185,0.00815749,0.1868908,0.035456195,0.2224252,0.085275136,0.28557238,0.0035684018,0.14409804,0.024741022,0.022184357,0.0041140392
375316653866487564,5337580060369321856,0.5080732,2200.79494953003,0.18159029555645723,1.6271339E-5,19.16219,0.0077028642,0.41810665,0.016002772,0.025107738,0.0058887186,1.6389753,2.2229006,0.72578776,0.012906988,0.02170309,0.009297311,0.11255694,0.028672414,null,null,null,null,"TWOGAUSSIANS",8,6.2379036,0.41810665,0.016002772,0.14060333,0.032976825,1.6389753,2.2229006,0.72578776,0.012906988,0.12153731,0.052064944,0.11255694,0.028672414
375316653866487564,5337580232192149504,0.47596905,2189.0207996449,2.4398539498258014,4.7317473E-5,17.404894,0.0022392941,0.20023088,0.014719703,0.038622238,0.017358176,0.044217363,0.012127137,0.6993128,0.0047905375,0.037209764,0.0040265005,0.13479201,0.010540163,null,null,null,null,"TWOGAUSSIANS",8,3.5273743,0.6993128,0.0047905375,0.2083747,0.022548404,0.13479201,0.010540163,0.20023088,0.014719703,0.21628454,0.09720579,0.044217363,0.01212714
375316653866487564,5337580610124595456,0.56061476,2178.1382208327586,1.477199578,1.0096301E-6,17.62429,0.0019432906,0.29088444,0.09972701,0.11096998,0.04766243,0.0042617307,0.0029558511,0.95623237,7.661501E-6,4.276794E-4,1.9492914E-5,0.26741633,0.0012761552,null,null,null,null,"TWOGAUSSIANS",8,1.8428261,0.95623237,7.661501E-6,0.0023950045,1.0916032E-4,0.26746115,0.0014004454,0.29088444,0.09972701,0.4,0.0,0.004261398,0.0029538511
375316653866487564,5337580713228334080,0.53006196,2195.2493358393435,1.2795686145579614,1.6873428E-5,16.323124,0.001676166,0.19443394,0.023998445,0.02759147,0.019692488,0.08321132,0.030893601,0.66144186,0.04353838,0.019272003,0.026350893,0.005994091,0.005171945,0.012792764,0.0015810259,0.19443394,0.023998445,"TWOGAUSSIANS_WITH_ELLIPSOIDAL_ON_ECLIPSE1",9,2.6067913,0.19443394,0.023998445,0.15451224,0.110277936,0.10879685,0.031396504,0.6650919,0.027872661,0.10792322,0.147565,0.030613251,0.004335443
375316653866487564,5337580747563944448,0.47947016,2152.380309049455,2.435312014122498,9.750054E-6,18.647457,0.009165033,0.7981841,0.0014367191,0.016306745,0.0026703668,0.90773165,0.37506166,null,null,null,null,null,null,0.029020535,0.015573556,0.7981841,0.0014367191,"ONEGAUSSIAN_WITH_ELLIPSOIDAL",6,16.638887,0.7981841,0.0014367191,0.09131777,0.014954055,0.9657726,0.37603986,null,null,null,null,null,null
375316653866487564,5337580885003123328,0.5588345,2194.182421812843,2.3142892373455473,9.8002865E-6,19.26775,0.011814195,0.2518389,0.003365805,0.09396774,0.0055088373,0.39098334,0.014565063,0.75689614,0.003197438,0.08768916,0.0050635715,0.39636716,0.022900581,null,null,null,null,"TWOGAUSSIANS",8,1.6550198,0.75689614,0.003197438,0.4,0.0,0.37987852,0.023806324,0.2518389,0.003365805,0.4,0.0,0.37449417,0.014224673
375316653866487564,5337580988082565888,0.44646674,2213.8117969905143,3.3113345822410563,3.6019897E-5,17.347193,0.015603603,0.24618638,0.015347829,0.08547906,0.023537667,0.0826376,0.015092602,0.71255684,0.011978886,0.1064582,0.030331222,0.08141642,0.014658363,null,null,null,null,"TWOGAUSSIANS",8,9.9230585,0.24620637,0.015391364,0.4,0.0083145015,0.07923064,0.008893052,0.71255684,0.011978886,0.4,0.0,0.07800366,0.011727031
375316653866487564,5337581194264797312,0.48628116,2198.317392868663,1.778119900247932,1.5125799E-5,16.771112,0.0733452,0.20567422,0.004357187,0.16756034,0.016192663,0.42126685,0.062354013,0.7045201,0.0042520524,0.20962292,0.024117941,0.4562021,0.06824982,null,null,null,null,"TWOGAUSSIANS",8,8.795438,0.20637423,0.00454186,0.4,0.0,0.11261376,0.007844875,0.7045201,0.0042520524,0.4,0.0,0.10431464,0.005062808
375316653866487564,5337581262960462208,0.514958,2211.3554932792817,3.619199566202992,9.851786E-6,19.875387,0.022206806,0.10133398,0.0035503306,0.0762683,0.007912539,0.3649126,0.020071847,0.6084509,0.0073110117,0.05486473,0.0133567825,0.43893442,0.027573718,null,null,null,null,"TWOGAUSSIANS",8,2.9818823,0.6084509,0.0073110117,0.30724248,0.07479798,0.4384953,0.027718538,0.10133398,0.0035503306,0.4,0.0,0.36447346,0.019566357
