Gaia/vari_eclipsing_binary/VariEclipsingBinary_729425-729840.csv
# %ECSV 1.0
# ---
# delimiter: ','
# meta: !!omap
# - RELEASE: Gaia DR3
# - TABLE: vari_eclipsing_binary
# - DESCRIPTION: >
#     This table describes the properties of the eclipsing binaries resulting from the variability analysis. 
# - CITATION: >
#     How to cite and acknowledge Gaia: 
#     https://gea.esac.esa.int/archive/documentation/credits.html 
# - KNOWN_ISSUES: >
#     Known issues: 
#     https://www.cosmos.esa.int/web/gaia-users/known-issues 
# - DOCUMENTATION: >
#     Tutorials and documentation: 
#     https://www.cosmos.esa.int/web/gaia-users/archive 
# datatype:
# - 
#   name: solution_id
#   datatype: int64
#   description: Solution Identifier
#   meta:
#     ucd: meta.version
# - 
#   name: source_id
#   datatype: int64
#   description: Unique source identifier
#   meta:
#     ucd: meta.id;meta.main
# - 
#   name: global_ranking
#   datatype: float32
#   description: Number between 0 (worst) and 1 (best)
#   meta:
#     ucd: stat.param
# - 
#   name: reference_time
#   datatype: float64
#   unit: d
#   description: Reference time used for the geometric model fit
#   meta:
#     ucd: time.epoch
# - 
#   name: frequency
#   datatype: float64
#   unit: d**-1
#   description: Frequency of geometric model of the eclipsing binary light curve
#   meta:
#     ucd: src.orbital
# - 
#   name: frequency_error
#   datatype: float32
#   unit: d**-1
#   description: "Uncertainty of \\texttt{frequency}"
#   meta:
#     ucd: stat.error
# - 
#   name: geom_model_reference_level
#   datatype: float32
#   unit: mag
#   description: Magnitude reference level of geometric model
#   meta:
#     ucd: phot.mag;em.opt
# - 
#   name: geom_model_reference_level_error
#   datatype: float32
#   unit: mag
#   description: "Uncertainty of \\texttt{geomModelReferenceLevel}"
#   meta:
#     ucd: stat.error;phot.mag;em.opt
# - 
#   name: geom_model_gaussian1_phase
#   datatype: float32
#   description: Phase of the Gaussian 1 component
#   meta:
#     ucd: time.phase
# - 
#   name: geom_model_gaussian1_phase_error
#   datatype: float32
#   description: "Uncertainty of \\texttt{geomModelGaussian1Phase}"
#   meta:
#     ucd: stat.error;time.phase
# - 
#   name: geom_model_gaussian1_sigma
#   datatype: float32
#   description: "Standard deviation [phase] of Gaussian 1 component"
#   meta:
#     ucd: stat.stdev
# - 
#   name: geom_model_gaussian1_sigma_error
#   datatype: float32
#   description: "Uncertainty of \\texttt{geomModelGaussian1Sigma}"
#   meta:
#     ucd: stat.error
# - 
#   name: geom_model_gaussian1_depth
#   datatype: float32
#   unit: mag
#   description: Magnitude depth of Gaussian 1 component
#   meta:
#     ucd: src.var.amplitude
# - 
#   name: geom_model_gaussian1_depth_error
#   datatype: float32
#   unit: mag
#   description: "Uncertainty of \\texttt{geomModelGaussian1Depth}"
#   meta:
#     ucd: stat.error;src.var.amplitude
# - 
#   name: geom_model_gaussian2_phase
#   datatype: float32
#   description: Phase of Gaussian 2 component
#   meta:
#     ucd: time.phase
# - 
#   name: geom_model_gaussian2_phase_error
#   datatype: float32
#   description: "Uncertainty of \\texttt{geomModelGaussian2Phase}"
#   meta:
#     ucd: stat.error;time.phase
# - 
#   name: geom_model_gaussian2_sigma
#   datatype: float32
[...]
#   datatype: float32
#   description: "Secondary eclipse: uncertainty of \\texttt{derivedSecondaryEclDuration}"
#   meta:
#     ucd: stat.error;time.duration
# - 
#   name: derived_secondary_ecl_depth
#   datatype: float32
#   unit: mag
#   description: "Secondary eclipse: depth"
#   meta:
#     ucd: src.var.amplitude
# - 
#   name: derived_secondary_ecl_depth_error
#   datatype: float32
#   unit: mag
#   description: "Secondary eclipse: uncertainty of \\texttt{derivedSecondaryEclDepth}"
#   meta:
#     ucd: stat.error;src.var.amplitude
solution_id,source_id,global_ranking,reference_time,frequency,frequency_error,geom_model_reference_level,geom_model_reference_level_error,geom_model_gaussian1_phase,geom_model_gaussian1_phase_error,geom_model_gaussian1_sigma,geom_model_gaussian1_sigma_error,geom_model_gaussian1_depth,geom_model_gaussian1_depth_error,geom_model_gaussian2_phase,geom_model_gaussian2_phase_error,geom_model_gaussian2_sigma,geom_model_gaussian2_sigma_error,geom_model_gaussian2_depth,geom_model_gaussian2_depth_error,geom_model_cosine_half_period_amplitude,geom_model_cosine_half_period_amplitude_error,geom_model_cosine_half_period_phase,geom_model_cosine_half_period_phase_error,model_type,num_model_parameters,reduced_chi2,derived_primary_ecl_phase,derived_primary_ecl_phase_error,derived_primary_ecl_duration,derived_primary_ecl_duration_error,derived_primary_ecl_depth,derived_primary_ecl_depth_error,derived_secondary_ecl_phase,derived_secondary_ecl_phase_error,derived_secondary_ecl_duration,derived_secondary_ecl_duration_error,derived_secondary_ecl_depth,derived_secondary_ecl_depth_error
[from data line 142]
375316653866487564,6417810927079638016,0.58702886,2215.515359860068,4.529420524221391,5.9857116E-6,18.269863,0.0051050587,0.26842877,0.00247056,0.075919904,0.0033886926,0.3521951,0.015959414,0.7647885,0.0024878348,0.07435518,0.0034033367,0.3963182,0.011993283,null,null,null,null,"TWOGAUSSIANS",8,3.343241,0.7647885,0.0024878348,0.4,0.0,0.39360154,0.01217363,0.26842877,0.00247056,0.4,0.0,0.34947845,0.0163224
375316653866487564,6417811992231490560,0.44108394,2190.592235477301,3.5310648075419846,3.292095E-5,18.184816,0.005301431,0.22935735,0.004845012,0.011421456,0.008700749,0.24390492,8.685074,0.7259751,0.017055415,0.022079317,0.026598675,0.065309815,0.049663194,0.055208474,0.008816682,0.22935735,0.004845012,"TWOGAUSSIANS_WITH_ELLIPSOIDAL_ON_ECLIPSE1",9,17.776424,0.22935735,0.004845012,0.06396015,0.048724197,0.3543218,8.68865,0.72618514,0.016349941,0.12364417,0.14895257,0.17567988,0.049977526
375316653866487564,6417824048202569472,0.53211427,2183.033499723126,3.6243415287224545,9.58493E-6,18.418522,0.009500594,0.24891247,0.002895375,0.08894377,0.0064572743,0.22995906,0.009435893,0.7523478,0.0032516033,0.082029715,0.005104953,0.2610899,0.01185876,null,null,null,null,"TWOGAUSSIANS",8,4.1698866,0.7523478,0.0032516033,0.4,0.0,0.25469607,0.0109776,0.24891247,0.002895375,0.4,0.0,0.22356519,0.008979494
375316653866487564,6417839686181063552,0.63609535,2238.462997003161,3.11262299694049,2.8105412E-6,15.197225,0.0060280254,0.30833548,9.904946E-4,0.043851037,0.0014973627,0.70366025,0.029084966,0.80966985,0.0011334685,0.038718797,0.0025228355,0.47381008,0.033018913,0.13849595,0.008772755,0.80966985,0.0011334685,"TWOGAUSSIANS_WITH_ELLIPSOIDAL_ON_ECLIPSE2",9,98.019646,0.30841547,9.2282257E-4,0.2455658,0.008385232,0.9806336,0.030206634,0.80966985,0.0011334685,0.21682528,0.0141278785,0.7508018,0.035781465
375316653866487564,6417848001237546240,0.5839806,2215.041644098601,2.5345190663962835,1.4448721E-5,16.538795,0.017412521,0.13595478,0.007937861,0.10140261,0.0151501885,0.1749914,0.013384266,0.6120293,0.004773457,0.08136033,0.0065004784,0.42408416,0.018234449,null,null,null,null,"TWOGAUSSIANS",8,17.860683,0.6120293,0.004773457,0.4,0.0,0.41578597,0.01199534,0.13595478,0.007937861,0.4,0.0,0.16669007,0.008234334
375316653866487564,6417854804465694720,0.4279937,2194.980158679292,3.5641349272746097,6.733711E-5,19.708683,0.015896952,0.3161697,0.11741021,0.09646791,0.10797995,0.05618257,1.2623285,0.6678489,0.005763514,0.029112289,0.005597812,0.5678861,0.07064101,null,null,null,null,"TWOGAUSSIANS",8,10.075678,0.6678489,0.005763514,0.16302882,0.031347748,0.5679589,0.07063801,0.3161697,0.11741021,0.4,0.39024937,0.05618228,1.2623292
375316653866487564,6417858820256961792,0.5092134,2203.9124004902483,3.778132034470595,5.8923374E-6,19.236523,0.008819759,0.22047785,0.0036541435,0.09520029,0.0051677367,0.31463796,0.013067241,0.7270215,0.0017014197,0.073590316,0.0041632527,0.36848837,0.022026923,null,null,null,null,"TWOGAUSSIANS",8,2.340853,0.7270215,0.0017014197,0.4,0.0,0.36110312,0.0228667,0.22047785,0.0036541435,0.4,0.0,0.30725202,0.013084914
375316653866487564,6417867616351005952,0.5885829,2227.85287686886,2.99165265700625,8.020319E-6,17.938042,0.02090878,0.2432467,0.0023714944,0.052151803,0.0070466553,0.31814837,0.03768549,0.7434263,0.0027578538,0.065324865,0.0056634513,0.3733724,0.042972356,0.0662398,0.024664214,0.2432467,0.0023714944,"TWOGAUSSIANS_WITH_ELLIPSOIDAL_ON_ECLIPSE1",9,7.594892,0.7434263,0.0026333942,0.36581925,0.031715326,0.5056121,0.012973577,0.2432467,0.0023714944,0.2920501,0.03946127,0.45038816,0.019669807
375316653866487564,6417871739519686656,0.4434822,2198.681343304077,4.364556835306024,3.30643E-5,19.377016,0.0075104483,null,null,null,null,null,null,null,null,null,null,null,null,0.10781964,0.010095809,0.2730504,0.008300768,"ELLIPSOIDAL",4,7.095744,null,null,null,null,null,null,null,null,null,null,null,null
375316653866487564,6417875798265735168,0.43433923,2206.198947308405,0.5824019349788943,1.5102881E-5,16.569216,0.007211991,0.187548,0.10061363,0.077962466,0.064564504,0.037098385,0.02144575,0.84314317,0.002844794,0.009291996,0.002187625,0.21037713,0.016479779,null,null,null,null,"TWOGAUSSIANS",8,126.645164,0.84314317,0.002844794,0.05203518,0.0122507,0.21037927,0.016482469,0.187548,0.10061363,0.4,0.31423742,0.037098385,0.02144575
375316653866487564,6417881295824174080,0.47963744,2212.0274215107174,1.0950107937468223,1.0354029E-5,16.840788,0.01965224,0.3266251,0.028531617,0.15138417,0.115415715,0.04793894,0.012840537,0.8092187,0.0015870632,0.018784076,0.0018134074,0.31253582,0.011956612,null,null,null,null,"TWOGAUSSIANS",8,25.482239,0.8092187,0.0015870632,0.10519082,0.010155082,0.31215608,0.011154534,0.3266251,0.028531617,0.4,0.0,0.047122046,0.00848378
375316653866487564,6417890843533461504,0.52752423,2222.961451922088,3.780924207323661,1.0198367E-5,17.625946,0.046837196,0.19057134,0.004436652,0.12610826,0.017712345,0.2453405,0.043577414,0.65841216,0.0037307607,0.12342676,0.014714351,0.24948807,0.044247765,null,null,null,null,"TWOGAUSSIANS",8,5.358917,0.65841216,0.0037307607,0.4,0.0,0.19886728,0.010694044,0.19090134,0.004273272,0.4,0.0,0.19464757,0.008971605
375316653866487564,6417894661762403200,0.51883984,2218.552790310679,2.2382347331896555,9.312717E-6,15.65728,0.0026611814,0.27176857,0.0026413603,0.06901052,0.004058407,0.19334029,0.004909114,0.7650719,0.0033350836,0.07270981,0.0055010985,0.10583211,0.008293286,null,null,null,null,"TWOGAUSSIANS",8,24.10147,0.27176857,0.0026413603,0.3864589,0.02272708,0.19286694,0.0049308958,0.7650719,0.0033350836,0.4,0.01521294,0.105358765,0.0084080165
375316653866487564,6417901014016059008,0.5352359,2204.5421744262876,2.1220070593470846,1.1528258E-5,18.203358,0.003806156,0.2442859,0.0029507165,0.0347054,0.008805711,0.055257924,0.009187468,0.7449792,0.0060797334,0.034622233,0.012404503,0.058136344,0.02113044,0.06973559,0.0047683525,0.2442859,0.0029507165,"TWOGAUSSIANS_WITH_ELLIPSOIDAL_ON_ECLIPSE1",9,2.8860688,0.7449792,0.0054858876,0.1938845,0.06946522,0.19760464,0.022447892,0.2442859,0.0029507165,0.19435023,0.04931198,0.19472887,0.0045695934
375316653866487564,6417902873739965568,0.5073822,2173.850943908493,0.5690492860819008,9.944997E-6,15.975418,0.0343888,0.23785833,1.4938379E-4,0.018488176,8.0257165E-4,0.32802337,0.0132208755,0.70446855,0.014708904,0.3166946,0.11884988,0.050406434,0.03348655,null,null,null,null,"TWOGAUSSIANS",8,5.756853,0.23786832,1.4761265E-4,0.10353378,0.004494401,0.327804,0.013386287,0.70446855,0.014708904,0.4,0.0,0.021645214,0.0039958456
375316653866487564,6417906584591754112,0.62301624,2207.394861137998,3.831765871516276,8.7077615E-6,16.804016,0.007990122,0.17791967,0.0012474896,0.048500724,0.0032063636,0.32413757,0.01912141,0.6787632,0.0028440128,0.048763443,0.0031656038,0.23506714,0.020845462,0.11226686,0.01104176,0.17791967,0.0012474896,"TWOGAUSSIANS_WITH_ELLIPSOIDAL_ON_ECLIPSE1",9,14.190733,0.17791967,0.0012474896,0.27160406,0.017955637,0.54867023,0.0125376275,0.6787632,0.0028372386,0.27307528,0.01772738,0.4595935,0.010413072
375316653866487564,6417909986205828096,0.46481907,2221.3414653475133,0.3026370462420635,2.9487495E-5,15.037048,0.0063935528,0.6706944,0.046070326,0.018179707,0.009767029,0.09061322,0.06986416,0.87828094,0.007040784,0.0063479785,0.0023526486,0.43838418,0.42128882,null,null,null,null,"TWOGAUSSIANS",8,172.56752,0.87828094,0.007040784,0.03554868,0.013174833,0.43838418,0.42128882,0.6706944,0.046070326,0.101806365,0.054695364,0.09061322,0.06986416
375316653866487564,6417911944710707072,0.61687905,2234.048451034313,3.2402620273115055,4.673405E-6,15.7735195,0.005088038,0.26740602,0.0020069305,0.041670382,0.004141969,0.14542149,0.0126828505,0.7655542,0.0037099482,0.06353316,0.0037705542,0.2588836,0.017044177,0.09518856,0.0059003187,0.26740602,0.0020069305,"TWOGAUSSIANS_WITH_ELLIPSOIDAL_ON_ECLIPSE1",9,28.947445,0.7659042,0.0030628697,0.35578567,0.021115104,0.44914058,0.015092322,0.26740602,0.0020069305,0.23335415,0.023195028,0.33569935,0.007645825
375316653866487564,6417917060013219200,0.5372451,2202.6093891649634,0.44878438045639696,8.730291E-6,17.058908,0.00306245,0.23337385,0.0014754309,0.011470495,0.0013411262,0.410498,0.019764613,0.74101347,0.004943866,0.009266444,0.0054698824,0.17241135,0.07123007,null,null,null,null,"TWOGAUSSIANS",8,19.349442,0.23337385,0.0014754309,0.06423477,0.0075103063,0.410498,0.019764613,0.74101347,0.004943866,0.051892083,0.030631341,0.17241135,0.07123007
375316653866487564,6417934175461524480,0.5410802,2203.922119854645,2.034074230287729,6.171281E-6,15.679359,0.0025141493,0.21291533,0.0024405224,0.06022855,0.0021267869,0.18193772,0.004307298,0.7216009,0.0017333337,0.06586019,0.003228171,0.18017253,0.014808429,null,null,null,null,"TWOGAUSSIANS",8,14.262045,0.21291533,0.0024405224,0.3372799,0.011910007,0.18183203,0.004294513,0.7216009,0.0017333337,0.36881703,0.018077757,0.18006684,0.014837442
375316653866487564,6417958983192770176,0.5196184,2221.949800064391,2.3854349571044646,4.7891866E-5,19.205143,0.004507578,0.20513602,0.0017446248,0.011550816,0.0015824075,0.1664975,0.017355772,0.7078403,1.3917498E-4,0.003767776,1.9517889E-4,0.509814,0.021452168,0.021331165,0.00568579,0.7078403,1.3917498E-4,"TWOGAUSSIANS_WITH_ELLIPSOIDAL_ON_ECLIPSE2",9,3.0390856,0.7078403,1.3917498E-4,0.021099547,0.0010930017,0.5524763,0.020225355,0.20514601,0.0017333439,0.06468457,0.008861482,0.20914751,0.008965345
375316653866487564,6417977984128196480,0.534076,2221.102757651117,1.2580671274312603,1.5244932E-5,18.95937,0.0039307806,0.22449093,7.6831784E-4,0.035567924,7.215296E-4,0.7101168,0.017927507,0.7149202,0.005436195,0.0439873,0.008997813,0.17576629,0.03445588,null,null,null,null,"TWOGAUSSIANS",8,2.8249598,0.22449093,7.6831784E-4,0.19918036,0.004040566,0.7101168,0.017927507,0.7149202,0.005436195,0.24632889,0.05038775,0.17576629,0.03445589
375316653866487564,6417991586286461312,0.4745157,2233.7364917140085,4.245842117677689,2.598725E-5,19.304403,0.040934004,0.25911993,0.0069402163,0.111027375,0.021690872,0.20967914,0.038104255,0.7550604,0.0062578204,0.101983175,0.021315131,0.2160564,0.036980435,null,null,null,null,"TWOGAUSSIANS",8,2.6498952,0.7550604,0.0062578204,0.4,0.0,0.19023052,0.02453336,0.25911993,0.006941196,0.4,0.0,0.18383913,0.016532453
375316653866487564,6418000043080015232,0.6326966,2212.968511638446,2.9640144096306886,8.4922585E-6,15.264689,0.007827757,0.21752255,0.008041815,0.05487728,0.008175711,0.15626633,0.018218245,0.72149575,0.001469594,0.04800912,0.0044676326,0.13225017,0.016111927,0.091780804,0.0089302575,0.72149575,0.001469594,"TWOGAUSSIANS_WITH_ELLIPSOIDAL_ON_ECLIPSE2",9,37.453247,0.21839255,0.0063132327,0.30731276,0.04578398,0.33973485,0.00726202,0.72149575,0.001469594,0.26885107,0.025018742,0.31580812,0.0053267176
375316653866487564,6418000794696436608,0.56914103,2246.5256313952805,4.381954796473376,5.1834645E-6,18.805717,0.0055358345,0.2624884,0.0022662717,0.07427845,0.003727555,0.38433686,0.0097188,0.75457615,0.0017513328,0.07694184,0.002075055,0.35234356,0.007815139,null,null,null,null,"TWOGAUSSIANS",8,2.2966568,0.2624884,0.0022662717,0.4,0.0,0.38172594,0.009834176,0.75457615,0.0017513328,0.4,0.0,0.34973267,0.007612571
375316653866487564,6418020040448083840,0.61356306,2200.139852055921,1.8639279802401199,4.826473E-6,16.928034,0.0014216985,0.26628733,0.0023671167,0.020404113,0.007850063,0.03456681,0.059245486,0.76161706,0.0041818176,0.05508694,0.0031310865,0.11826611,0.005121708,0.037236538,0.0018587868,0.26628733,0.0023671167,"TWOGAUSSIANS_WITH_ELLIPSOIDAL_ON_ECLIPSE1",9,1.772812,0.76222706,0.0034325405,0.30848688,0.017534085,0.1926805,0.0042146035,0.26628733,0.0023671167,0.114263035,0.04396035,0.1090369,0.05887954
375316653866487564,6418020762002568576,0.48839438,2228.5200651197197,1.4171605685641657,1.7909691E-5,15.473757,0.012007191,0.23421746,0.0070021455,0.045955185,0.016936187,0.0639778,0.021255696,0.7239849,0.0036700906,0.04722454,0.008990444,0.18864623,0.02460087,0.01805011,0.012705317,0.23421746,0.0070021455,"TWOGAUSSIANS_WITH_ELLIPSOIDAL_ON_ECLIPSE1",9,116.20044,0.72431487,0.003493073,0.26445743,0.050346486,0.22460212,0.024225434,0.23421746,0.0070021455,0.25734904,0.09484264,0.10007787,0.007785774
375316653866487564,6418041206046996736,0.5179276,2190.3746363350288,2.146303626163851,1.43999905E-5,13.522856,0.012658834,0.2369532,0.0059690997,0.08224878,0.009697392,0.22212406,0.017069027,0.73856246,0.004407862,0.089904994,0.0060076397,0.33520502,0.015901212,null,null,null,null,"TWOGAUSSIANS",8,923.0665,0.73856246,0.004407862,0.4,0.0,0.32733002,0.014077707,0.2369532,0.0059690997,0.4,0.0,0.21424921,0.017102294
375316653866487564,6418049933420671232,0.58201814,2225.9999726195792,2.1532818356247683,5.313924E-6,17.400686,0.0035691462,0.28075588,9.2395494E-4,0.033943154,0.0011659982,0.45030874,0.01532194,0.7789881,0.0014577109,0.031887334,0.0022155724,0.48116368,0.01981709,0.014373964,0.010483391,0.28075588,9.2395494E-4,"TWOGAUSSIANS_WITH_ELLIPSOIDAL_ON_ECLIPSE1",9,19.252659,0.77899814,0.001457233,0.17856906,0.012407206,0.509908,0.020906761,0.28075588,9.2395494E-4,0.19008166,0.0065295896,0.4790566,0.01578961
375316653866487564,6418050551896063360,0.53237987,2252.0667014649653,1.9947401044434476,5.8974056E-6,16.252918,0.0016628676,0.31521606,0.0033484688,0.04693039,0.0029884416,0.12073356,0.009514729,0.8078761,0.0016940744,0.037231334,0.0019181937,0.116654925,0.004119596,null,null,null,null,"TWOGAUSSIANS",8,7.521805,0.31521606,0.0033484688,0.2628102,0.016735272,0.12073355,0.009514732,0.8078761,0.0016940744,0.20849547,0.010741884,0.11665492,0.004119597
375316653866487564,6418074878589844992,0.56844646,2238.995428799425,2.4886157029791205,6.2407726E-6,16.113245,0.0045702616,0.23035033,0.004124285,0.06584124,0.0058018677,0.16484354,0.0074815857,0.72762084,0.0014747278,0.05769461,0.0016598696,0.54415405,0.022007002,null,null,null,null,"TWOGAUSSIANS",8,42.001247,0.72762084,0.0014747278,0.3230898,0.00929527,0.54401046,0.022024725,0.23035033,0.004124285,0.36871096,0.03249046,0.16469994,0.0075006085
375316653866487564,6418076557919340544,0.47686285,2196.178133431354,1.0705433008333907,1.1473599E-5,13.282554,0.0010824149,0.19218378,0.0026587124,0.017577745,0.0034214167,0.033851545,0.005313564,0.6999051,0.0021084594,0.033851665,0.0033598721,0.083926246,0.0055989088,0.005362278,0.0020562203,0.19218378,0.0026587124,"TWOGAUSSIANS_WITH_ELLIPSOIDAL_ON_ECLIPSE1",9,26.92414,0.6999051,0.0021084594,0.18956932,0.018815285,0.094625555,0.0064457264,0.19218378,0.0026587124,0.09843537,0.019159934,0.044576075,0.005052213
375316653866487564,6418086419165377024,0.61693245,2198.48664444103,2.0969820400926538,6.6807265E-6,16.464006,0.005803806,0.24922289,0.0013389104,0.057035338,0.0054980954,0.10337841,0.012180176,0.74760133,0.0054413187,0.053087186,0.009291718,0.050291047,0.013472988,0.066988945,0.0063809417,0.24922289,0.0013389104,"TWOGAUSSIANS_WITH_ELLIPSOIDAL_ON_ECLIPSE1",9,4.068219,0.24922289,0.0013389104,0.3193979,0.030789334,0.23734851,0.0051446855,0.7482013,0.0033399956,0.29728824,0.05203362,0.18425243,0.008028129
375316653866487564,6418110677140330880,0.55670416,2217.3997352219376,4.109317812643043,8.764944E-6,17.91925,0.021231398,0.21436225,0.002457995,0.08587087,0.0057555614,0.36638808,0.019341072,0.7223017,0.0038678376,0.08720629,0.010179171,0.2905501,0.016235884,null,null,null,null,"TWOGAUSSIANS",8,7.825886,0.21436225,0.002457995,0.4,0.0,0.35760745,0.014782142,0.7223017,0.0038678376,0.4,0.0,0.28176948,0.0136879245
