Gaia/vari_eclipsing_binary/VariEclipsingBinary_060556-060768.csv
# %ECSV 1.0
# ---
# delimiter: ','
# meta: !!omap
# - RELEASE: Gaia DR3
# - TABLE: vari_eclipsing_binary
# - DESCRIPTION: >
#     This table describes the properties of the eclipsing binaries resulting from the variability analysis. 
# - CITATION: >
#     How to cite and acknowledge Gaia: 
#     https://gea.esac.esa.int/archive/documentation/credits.html 
# - KNOWN_ISSUES: >
#     Known issues: 
#     https://www.cosmos.esa.int/web/gaia-users/known-issues 
# - DOCUMENTATION: >
#     Tutorials and documentation: 
#     https://www.cosmos.esa.int/web/gaia-users/archive 
# datatype:
# - 
#   name: solution_id
#   datatype: int64
#   description: Solution Identifier
#   meta:
#     ucd: meta.version
# - 
#   name: source_id
#   datatype: int64
#   description: Unique source identifier
#   meta:
#     ucd: meta.id;meta.main
# - 
#   name: global_ranking
#   datatype: float32
#   description: Number between 0 (worst) and 1 (best)
#   meta:
#     ucd: stat.param
# - 
#   name: reference_time
#   datatype: float64
#   unit: d
#   description: Reference time used for the geometric model fit
#   meta:
#     ucd: time.epoch
# - 
#   name: frequency
#   datatype: float64
#   unit: d**-1
#   description: Frequency of geometric model of the eclipsing binary light curve
#   meta:
#     ucd: src.orbital
# - 
#   name: frequency_error
#   datatype: float32
#   unit: d**-1
#   description: "Uncertainty of \\texttt{frequency}"
#   meta:
#     ucd: stat.error
# - 
#   name: geom_model_reference_level
#   datatype: float32
#   unit: mag
#   description: Magnitude reference level of geometric model
#   meta:
#     ucd: phot.mag;em.opt
# - 
#   name: geom_model_reference_level_error
#   datatype: float32
#   unit: mag
#   description: "Uncertainty of \\texttt{geomModelReferenceLevel}"
#   meta:
#     ucd: stat.error;phot.mag;em.opt
# - 
#   name: geom_model_gaussian1_phase
#   datatype: float32
#   description: Phase of the Gaussian 1 component
#   meta:
#     ucd: time.phase
# - 
#   name: geom_model_gaussian1_phase_error
#   datatype: float32
#   description: "Uncertainty of \\texttt{geomModelGaussian1Phase}"
#   meta:
#     ucd: stat.error;time.phase
# - 
#   name: geom_model_gaussian1_sigma
#   datatype: float32
#   description: "Standard deviation [phase] of Gaussian 1 component"
#   meta:
#     ucd: stat.stdev
# - 
#   name: geom_model_gaussian1_sigma_error
#   datatype: float32
#   description: "Uncertainty of \\texttt{geomModelGaussian1Sigma}"
#   meta:
#     ucd: stat.error
# - 
#   name: geom_model_gaussian1_depth
#   datatype: float32
#   unit: mag
#   description: Magnitude depth of Gaussian 1 component
#   meta:
#     ucd: src.var.amplitude
# - 
#   name: geom_model_gaussian1_depth_error
#   datatype: float32
#   unit: mag
#   description: "Uncertainty of \\texttt{geomModelGaussian1Depth}"
#   meta:
#     ucd: stat.error;src.var.amplitude
# - 
#   name: geom_model_gaussian2_phase
#   datatype: float32
#   description: Phase of Gaussian 2 component
#   meta:
#     ucd: time.phase
# - 
#   name: geom_model_gaussian2_phase_error
#   datatype: float32
#   description: "Uncertainty of \\texttt{geomModelGaussian2Phase}"
#   meta:
#     ucd: stat.error;time.phase
# - 
#   name: geom_model_gaussian2_sigma
#   datatype: float32
[...]
#   datatype: float32
#   description: "Secondary eclipse: uncertainty of \\texttt{derivedSecondaryEclDuration}"
#   meta:
#     ucd: stat.error;time.duration
# - 
#   name: derived_secondary_ecl_depth
#   datatype: float32
#   unit: mag
#   description: "Secondary eclipse: depth"
#   meta:
#     ucd: src.var.amplitude
# - 
#   name: derived_secondary_ecl_depth_error
#   datatype: float32
#   unit: mag
#   description: "Secondary eclipse: uncertainty of \\texttt{derivedSecondaryEclDepth}"
#   meta:
#     ucd: stat.error;src.var.amplitude
solution_id,source_id,global_ranking,reference_time,frequency,frequency_error,geom_model_reference_level,geom_model_reference_level_error,geom_model_gaussian1_phase,geom_model_gaussian1_phase_error,geom_model_gaussian1_sigma,geom_model_gaussian1_sigma_error,geom_model_gaussian1_depth,geom_model_gaussian1_depth_error,geom_model_gaussian2_phase,geom_model_gaussian2_phase_error,geom_model_gaussian2_sigma,geom_model_gaussian2_sigma_error,geom_model_gaussian2_depth,geom_model_gaussian2_depth_error,geom_model_cosine_half_period_amplitude,geom_model_cosine_half_period_amplitude_error,geom_model_cosine_half_period_phase,geom_model_cosine_half_period_phase_error,model_type,num_model_parameters,reduced_chi2,derived_primary_ecl_phase,derived_primary_ecl_phase_error,derived_primary_ecl_duration,derived_primary_ecl_duration_error,derived_primary_ecl_depth,derived_primary_ecl_depth_error,derived_secondary_ecl_phase,derived_secondary_ecl_phase_error,derived_secondary_ecl_duration,derived_secondary_ecl_duration_error,derived_secondary_ecl_depth,derived_secondary_ecl_depth_error
375316653866487564,532658545519225984,0.49170595,2195.7897919606016,3.883421131636216,2.7965669E-5,18.992165,0.0037748795,0.2651313,2.95083E-4,0.014648026,4.9320346E-4,0.99060893,0.10705615,0.76889443,0.005158026,0.007805424,0.005709566,0.065989695,0.017201336,null,null,null,null,"TWOGAUSSIANS",8,2.3692675,0.2651313,2.95083E-4,0.08202895,0.0027619393,0.99060893,0.10705615,0.76889443,0.005158026,0.043710373,0.03197357,0.065989695,0.017201336
375316653866487564,532659202653351296,0.62350744,2179.9910664617487,2.2406635054929867,4.3959567E-6,16.423529,0.010721937,0.2534209,0.0010942015,0.0434768,0.0022514653,0.7110925,0.04069418,0.7511089,0.003395548,0.042730402,0.0039019734,0.26624575,0.032286532,0.12017609,0.0128912795,0.2534209,0.0010942015,"TWOGAUSSIANS_WITH_ELLIPSOIDAL_ON_ECLIPSE1",9,41.041298,0.2534209,0.0010942015,0.24347007,0.012608206,0.95144457,0.04315883,0.7513789,0.0030341442,0.23929025,0.021851052,0.50655293,0.024991266
375316653866487564,532659683689734912,0.5149927,2221.3649755985916,0.22244616471746065,6.318556E-5,16.81166,0.001457354,0.3392873,0.006241577,0.04328293,0.005559512,0.04936662,0.006888058,0.84600925,0.0044170665,0.019845475,0.0022132888,0.19990543,0.031096328,null,null,null,null,"TWOGAUSSIANS",8,5.0780735,0.84600925,0.0044170665,0.111134656,0.012394417,0.19990543,0.031096328,0.3392873,0.006241577,0.2423844,0.031133268,0.04936662,0.006888058
375316653866487564,532662703043835648,0.58070827,2176.6975485672465,0.8796079615399028,1.7489489E-5,16.804737,0.001354518,0.23311856,0.014685771,0.03415653,0.005638036,0.16672446,0.062268678,0.7287293,0.0011027594,0.032469183,0.0022938445,0.18201187,0.0050402484,null,null,null,null,"TWOGAUSSIANS",8,2.8841035,0.7287293,0.0011027594,0.18182743,0.012845528,0.18201187,0.0050402484,0.23311856,0.014685771,0.19127657,0.031573,0.16672446,0.062268678
375316653866487564,532663974354159872,0.49246308,2174.0276647002806,3.464787640349168,1.8543242E-5,18.979044,0.028776033,0.26290685,0.005988704,0.076623276,0.013204096,0.20992899,0.033441152,0.76443535,0.0063453135,0.08337467,0.013666992,0.23380129,0.029664028,null,null,null,null,"TWOGAUSSIANS",8,5.0985026,0.76443535,0.0063453135,0.4,0.0,0.23053926,0.025866017,0.26290685,0.005988704,0.4,0.0,0.20666696,0.029429307
375316653866487564,532665353046511232,0.5080989,2179.4404796812382,0.7943783750196108,4.5739957E-6,14.598674,0.0063732113,0.2049763,0.0022820137,0.15793164,0.005825395,0.113630936,0.0062037506,0.7048247,0.0017081769,0.22846386,0.009288514,0.15675555,0.0063500134,null,null,null,null,"TWOGAUSSIANS",8,7.8109,0.7048247,0.0016821357,0.4,0.0,0.0402198,4.7952263E-4,0.2051063,0.002907889,0.4,0.0,0.024148295,9.049435E-4
375316653866487564,532667032371792640,0.53285384,2186.2112660492817,1.2437009357904043,9.726842E-6,18.649178,0.0038204396,0.12582311,0.007395337,0.0413431,0.0068456153,0.22363243,0.061119746,0.6238732,0.003541378,0.037597306,0.0018892551,0.50325334,0.03942062,null,null,null,null,"TWOGAUSSIANS",8,5.677137,0.6238732,0.003541378,0.21054493,0.010579828,0.50325334,0.03942062,0.12582311,0.007395337,0.23152135,0.038335446,0.22363243,0.06111975
375316653866487564,532669476207695488,0.48563904,2171.73537242404,2.3400395282965842,2.4540777E-5,19.743809,0.019759122,0.22631761,0.008547337,0.082890995,0.009183235,0.38260296,0.04042211,0.7194423,0.0031275174,0.069938734,0.0077187577,0.48134112,0.030110568,null,null,null,null,"TWOGAUSSIANS",8,4.771561,0.7194423,0.0031275174,0.3916569,0.036044188,0.47788587,0.030424805,0.22631761,0.008547337,0.4,0.0,0.37914768,0.04000913
375316653866487564,532670021669048448,0.60105073,2169.7403374698833,1.7341938846666356,5.7275E-6,18.445452,0.003312066,0.29495883,0.0043897014,0.052686576,0.0024544063,0.3352116,0.014773738,0.78792053,0.0018495449,0.048211683,0.015693458,0.008752795,0.014467181,0.09579399,0.0063812183,0.78792053,0.0018495449,"TWOGAUSSIANS_WITH_ELLIPSOIDAL_ON_ECLIPSE2",9,1.5361159,0.29417884,0.0038075275,0.29504484,0.013744676,0.52646434,0.012064845,0.78792053,0.0018495449,0.2699854,0.08788337,0.20033836,0.009684971
375316653866487564,532670846301979520,0.60654736,2189.7880199406427,0.06980241676930131,2.2089482E-5,17.154123,0.001838008,0.35934094,4.334798E-5,0.004808583,8.823903E-5,0.5249127,4.819217E-5,0.80450445,5.067103E-4,0.0070586456,7.577846E-4,0.45753598,0.0139275305,null,null,null,null,"TWOGAUSSIANS",8,7.83532,0.35934094,4.334798E-5,0.026928063,4.9413857E-4,0.5249127,4.819217E-5,0.80450445,5.067103E-4,0.039528415,0.0042435937,0.45753598,0.0139275305
375316653866487564,532674458377148288,0.6300426,2184.1518820206743,2.0381434413165334,5.9254553E-6,16.685505,0.04806496,0.21718359,0.004729059,0.05595232,0.02342353,0.19541892,0.09710946,0.7268256,0.00337547,0.06854548,0.01576264,0.17164238,0.093323246,0.09270631,0.049933508,0.21718359,0.004729059,"TWOGAUSSIANS_WITH_ELLIPSOIDAL_ON_ECLIPSE1",9,8.587754,0.21718359,0.004729059,0.313333,0.13117176,0.3806918,0.009912116,0.7268256,0.00337547,0.38385472,0.059857573,0.3562356,0.00906815
375316653866487564,532675145571902592,0.5353306,2181.666190021903,1.001863376464501,2.435198E-5,15.090459,0.00165087,0.24692833,0.006864051,0.09834964,0.009028224,0.02554277,0.0017437142,0.71150124,0.004139453,0.06877935,0.0039924714,0.09325287,0.0040919087,null,null,null,null,"TWOGAUSSIANS",8,7.819935,0.71150124,0.004139453,0.38516438,0.02235784,0.0927643,0.004037208,0.24692833,0.006864051,0.4,0.0,0.02505383,0.0015415745
375316653866487564,532675660967956096,0.6222428,2178.0210298007737,0.21225110229934724,2.8853583E-5,16.065456,0.003745052,0.2718181,0.0034934776,0.042202566,0.004103359,0.14768733,0.012210142,0.78543437,0.0014051736,0.02824787,9.3048025E-4,0.94523996,0.04627062,0.047718234,0.0054292325,0.78543437,0.0014051736,"TWOGAUSSIANS_WITH_ELLIPSOIDAL_ON_ECLIPSE2",9,33.80432,0.78543437,0.0014051736,0.15818807,0.0052106893,1.0406764,0.045977574,0.2729481,0.0032903159,0.23633437,0.022978809,0.24248463,0.009167142
375316653866487564,532677065414664320,0.55739087,2223.967471830876,2.6054857460881484,8.665524E-6,17.836996,0.012318285,0.2504986,0.0021924851,0.08939335,0.005416402,0.3267848,0.0137397535,0.75868964,0.0040485812,0.091443926,0.008446403,0.31752065,0.01849136,null,null,null,null,"TWOGAUSSIANS",8,5.9511027,0.2504986,0.0021924851,0.4,0.0,0.31436688,0.012722563,0.75868964,0.0040485812,0.4,0.0,0.30510262,0.021469897
375316653866487564,532677993127631872,0.55129457,2187.298517772429,3.07909384903711,9.459337E-6,19.08975,0.011709762,0.23164012,0.0022138914,0.068797685,0.0035948907,0.4360453,0.014916079,0.7337019,0.0030549716,0.0731001,0.004591086,0.49639815,0.039416093,null,null,null,null,"TWOGAUSSIANS",8,3.808087,0.7337019,0.0030549716,0.4,0.001956965,0.49461606,0.039773412,0.23164012,0.0022138914,0.38526705,0.020131389,0.4342632,0.01471859
375316653866487564,532680711849346816,0.6110646,2190.5277519883375,1.1958152165430556,4.7380304E-6,18.42624,0.0045402115,0.24270603,0.003618521,0.032681163,0.0036021373,0.5338837,0.03568052,0.74213123,0.0010481485,0.032011393,0.0033844644,0.6088235,0.13844496,0.025308622,0.0067157047,0.24270603,0.003618521,"TWOGAUSSIANS_WITH_ELLIPSOIDAL_ON_ECLIPSE1",9,2.2768273,0.74213123,0.0010366882,0.17926382,0.018953001,0.65944,0.14299782,0.24270603,0.003618521,0.18301451,0.02017197,0.5845008,0.037837345
375316653866487564,532682528613279744,0.50232536,2163.8480490702746,2.6999820147979365,1.9581294E-5,18.747406,0.018201247,0.26586598,0.005179508,0.10538452,0.011011411,0.21011226,0.017529156,0.76102424,0.010962184,0.087824374,0.018915916,0.115154244,0.017286995,null,null,null,null,"TWOGAUSSIANS",8,3.1145608,0.26586598,0.005179508,0.4,0.0,0.19966964,0.010044182,0.76102424,0.010962184,0.4,0.0,0.104717165,0.012194137
375316653866487564,532683456326113152,0.6091115,2170.8561515361703,3.4612340964603012,5.244261E-6,18.233482,0.011149505,0.260235,0.0022889774,0.05589451,0.0041205077,0.38451862,0.025248485,0.76852274,0.0024760016,0.04378561,0.003974995,0.3092729,0.02259997,0.107503876,0.013386944,0.260235,0.0022889774,"TWOGAUSSIANS_WITH_ELLIPSOIDAL_ON_ECLIPSE1",9,2.9927447,0.260235,0.0022889774,0.31300926,0.023074843,0.59950876,0.012653283,0.76852274,0.0024760016,0.24519941,0.022259973,0.52368057,0.01172563
375316653866487564,532684731938996480,0.51268846,2218.7421922110075,0.3970894788548323,1.9271074E-5,17.325428,0.012234062,0.21202698,0.0046024607,0.025993962,0.004559488,0.3425254,0.05632794,0.7099171,0.025232058,0.05103586,0.050743487,0.036031548,0.019671151,0.016469894,0.01614876,0.21202698,0.0046024607,"TWOGAUSSIANS_WITH_ELLIPSOIDAL_ON_ECLIPSE1",9,15.346082,0.21202698,0.0046024607,0.14556618,0.025533134,0.375465,0.06033901,0.7102471,0.023078118,0.2858008,0.28416353,0.06896628,0.017165277
375316653866487564,532684800658294656,0.512399,2183.3844867313724,2.678670418320309,9.222692E-6,19.255365,0.017872868,0.27653098,0.0038102213,0.09412455,0.0075789033,0.36939117,0.018492153,0.7832719,0.0027775387,0.09447698,0.0066755987,0.34299842,0.018556656,null,null,null,null,"TWOGAUSSIANS",8,2.216788,0.27653098,0.0038102213,0.4,0.0,0.35012677,0.0163529,0.7832719,0.0027775387,0.4,0.0,0.32373402,0.014587087
375316653866487564,532686518645174784,0.5595239,2196.5648619399067,1.709447429425318,7.80812E-6,16.001333,0.012350611,0.25695598,0.002636437,0.11068603,0.008376189,0.1865585,0.011455096,0.7526897,0.0028465118,0.101131454,0.007947672,0.16763152,0.011416998,null,null,null,null,"TWOGAUSSIANS",8,10.885062,0.25695598,0.002636437,0.4,0.0,0.16573818,0.0038172419,0.7526897,0.0028465118,0.4,0.0,0.14682354,0.004430617
375316653866487564,532688163610370816,0.49975234,2159.829697844369,2.7630957685457256,1.1200969E-5,19.443268,0.02193222,0.26079425,0.0039315517,0.09563591,0.008936994,0.3524335,0.02377276,0.7535089,0.004137786,0.090242,0.009051255,0.40439466,0.023884015,null,null,null,null,"TWOGAUSSIANS",8,1.676995,0.7535089,0.004137786,0.4,0.0,0.3862289,0.02236795,0.26079425,0.0039315517,0.4,0.0,0.33426705,0.021489684
375316653866487564,532688374070989056,0.42599398,2181.1875359692785,3.1235923123737894,3.849215E-5,17.830841,0.013083095,0.25770637,0.010537652,0.070184804,0.021443453,0.099113256,0.015443432,0.7621953,0.015042542,0.095150754,0.026026664,0.06355099,0.014151897,null,null,null,null,"TWOGAUSSIANS",8,9.923035,0.25770637,0.010537652,0.3930349,0.073792145,0.09768156,0.0156039875,0.7621953,0.015042542,0.4,0.0,0.062119164,0.011679834
375316653866487564,532688683308686592,0.5952819,2184.5379085206973,1.1238157178254633,3.076404E-6,16.818148,0.0024698502,0.34794334,5.072231E-4,0.026209708,4.3560757E-4,0.38886002,0.009249347,0.84553796,0.0015669805,0.026879529,0.0012574166,0.46031314,0.07563737,null,null,null,null,"TWOGAUSSIANS",8,9.856377,0.84553796,0.0015669805,0.15052536,0.007041533,0.46031314,0.07563737,0.34794334,5.072231E-4,0.14677437,0.0024394023,0.38886002,0.009249347
375316653866487564,532689503643996928,0.5738226,2188.0769756680115,0.5857012135269101,1.1217602E-5,18.162657,0.0021654463,0.26051632,0.0010060775,0.022802567,0.0012726499,0.37331247,0.012111401,0.7589354,0.014249123,0.024391811,0.02229168,0.24705175,0.24819773,null,null,null,null,"TWOGAUSSIANS",8,1.8223503,0.26051632,0.0010060775,0.12769438,0.0071268394,0.37331247,0.012111401,0.7589354,0.014249123,0.13659415,0.12483341,0.24705175,0.24819773
375316653866487564,532690126417680768,0.5327566,2196.7191899530467,3.3945161361613505,1.4899898E-5,19.670448,0.01497098,0.28829974,0.006050425,0.07537597,0.0051875934,0.45217586,0.025008675,0.79343045,0.0037799468,0.07610467,0.0054496657,0.41272363,0.021267673,null,null,null,null,"TWOGAUSSIANS",8,2.0810227,0.28829974,0.006050425,0.4,0.0,0.4488508,0.024735708,0.79343045,0.0037799468,0.4,0.0,0.4093986,0.020949766
375316653866487564,532691947482714624,0.49026358,2202.4669384440076,2.7467596854568512,2.7538925E-5,19.64459,0.016814698,0.29899347,0.012201338,0.058182828,0.019618126,0.23949867,0.039776836,0.7948506,0.0066093,0.07364001,0.009031346,0.50384384,0.02854902,null,null,null,null,"TWOGAUSSIANS",8,4.2253113,0.7948506,0.0066093,0.4,0.0041775764,0.5033644,0.02859517,0.29899347,0.012201338,0.32582384,0.10443284,0.2390192,0.04006338
375316653866487564,532694039128510336,0.5406657,2228.674508900761,1.130482790382675,4.0735922E-5,18.677479,0.0049884217,0.32135764,0.0026325788,0.039336715,0.002270658,0.5276891,0.025906779,null,null,null,null,null,null,null,null,null,null,"ONEGAUSSIAN",5,3.9694688,0.32135764,0.0026325788,0.22028561,0.012715685,0.5276891,0.0,null,null,null,null,null,null
375316653866487564,532695791475096064,0.5472785,2213.760975532203,2.938290276825051,1.3519374E-5,17.910976,0.052455213,0.2754541,0.004085959,0.124116555,0.018724287,0.23402746,0.049383674,0.7647574,0.0053608953,0.12112056,0.01883106,0.25448596,0.050212033,null,null,null,null,"TWOGAUSSIANS",8,3.265522,0.7647574,0.0053608953,0.4,0.0,0.19886914,0.009386382,0.2755341,0.0040405355,0.4,0.0,0.17837049,0.007188495
375316653866487564,532696105011041792,0.6241256,2219.2782100993077,1.3829186443778667,4.353722E-6,17.2661,0.0046372376,0.20597468,0.0010491281,0.04957955,0.0017824,0.43354037,0.0140361,0.7125096,0.055123758,0.0381691,0.029129663,0.0977057,0.06307268,0.024596484,0.006408341,0.20597468,0.0010491281,"TWOGAUSSIANS_WITH_ELLIPSOIDAL_ON_ECLIPSE1",9,5.13183,0.20597468,0.0010491281,0.27764547,0.009981439,0.48273203,0.015384608,0.7125096,0.055123758,0.21374696,0.16312611,0.14681448,0.06859942
375316653866487564,532697170162918912,0.5658756,2207.2842616374955,0.08358943233625363,4.4653083E-5,18.70176,0.0022077453,0.10680979,0.037836406,0.04045649,0.041825492,0.01297941,0.015044544,0.39000607,2.950414E-4,0.011751659,3.0324096E-4,0.52782047,0.0025362326,null,null,null,null,"TWOGAUSSIANS",8,1.2244488,0.39000607,2.950414E-4,0.06580929,0.0016981494,0.52782047,0.0025362326,0.10680979,0.037836406,0.22655633,0.23422274,0.01297941,0.015044544
375316653866487564,532698368455669504,0.4972792,2199.9765209357556,3.0651831402451957,2.3030741E-5,19.269308,0.016634157,0.22425355,0.012131338,0.089711785,0.021107119,0.18351163,0.031680968,0.731625,0.004786142,0.084200285,0.009317814,0.23711719,0.015850306,null,null,null,null,"TWOGAUSSIANS",8,1.9434619,0.731625,0.004786142,0.4,0.0,0.23123647,0.011899742,0.22425355,0.012131338,0.4,0.0,0.17763086,0.03430542
375316653866487564,532698922509539712,0.50146127,2217.8094379099066,1.017135430772881,3.0618976E-5,19.692429,0.005987675,0.34268272,0.0118515715,0.01666086,0.0098326225,0.570904,0.124229096,0.65695155,0.010297556,0.016352093,0.0108207455,0.08348815,4.242057,null,null,null,null,"TWOGAUSSIANS",8,2.8207684,0.34268272,0.0118515715,0.09330082,0.055062685,0.570904,0.124229096,0.65695155,0.010297556,0.09157172,0.06059617,0.08348815,4.242057
375316653866487564,532699300466661248,0.5298465,2208.302959029934,0.3431202113938845,9.868751E-6,15.92825,0.0012114104,0.27819523,0.003025312,0.016688045,0.010000023,0.028385215,0.03438348,0.77063257,0.0058888025,0.01796449,0.013610165,0.06217716,0.03574624,0.016590858,0.0019623467,0.27819523,0.003025312,"TWOGAUSSIANS_WITH_ELLIPSOIDAL_ON_ECLIPSE1",9,3.2476525,0.7707326,0.005940158,0.100601144,0.07621692,0.095284976,0.038461212,0.27819523,0.003025312,0.09345305,0.05600013,0.061566897,0.034466166
375316653866487564,532702388545165568,0.49333826,2200.5251939872455,2.633041499814327,2.8898125E-5,19.104107,0.013821989,0.23439762,0.004701317,0.07149029,0.01288509,0.15856539,0.017041665,0.72407424,0.00764447,0.08912355,0.011870679,0.16424409,0.013235259,null,null,null,null,"TWOGAUSSIANS",8,1.9803363,0.72407424,0.00764447,0.4,0.0,0.16217999,0.011549753,0.23439762,0.004701317,0.4,0.035204355,0.15650135,0.01689168
375316653866487564,532704828086692608,0.55883557,2208.6460275047275,2.9404427723222213,8.452618E-6,19.080002,0.0057619573,0.2231909,0.0024081564,0.073435895,0.0027205483,0.46811593,0.0136504425,0.7277992,0.0026992187,0.071375996,0.0034245702,0.4300734,0.0104323905,null,null,null,null,"TWOGAUSSIANS",8,2.7330685,0.2231909,0.0024081564,0.4,0.0,0.46604317,0.013750632,0.7277992,0.0026992187,0.39970556,0.013626138,0.42800066,0.010540351
