Gaia/vari_eclipsing_binary/VariEclipsingBinary_231157-231184.csv
# %ECSV 1.0
# ---
# delimiter: ','
# meta: !!omap
# - RELEASE: Gaia DR3
# - TABLE: vari_eclipsing_binary
# - DESCRIPTION: >
#     This table describes the properties of the eclipsing binaries resulting from the variability analysis. 
# - CITATION: >
#     How to cite and acknowledge Gaia: 
#     https://gea.esac.esa.int/archive/documentation/credits.html 
# - KNOWN_ISSUES: >
#     Known issues: 
#     https://www.cosmos.esa.int/web/gaia-users/known-issues 
# - DOCUMENTATION: >
#     Tutorials and documentation: 
#     https://www.cosmos.esa.int/web/gaia-users/archive 
# datatype:
# - 
#   name: solution_id
#   datatype: int64
#   description: Solution Identifier
#   meta:
#     ucd: meta.version
# - 
#   name: source_id
#   datatype: int64
#   description: Unique source identifier
#   meta:
#     ucd: meta.id;meta.main
# - 
#   name: global_ranking
#   datatype: float32
#   description: Number between 0 (worst) and 1 (best)
#   meta:
#     ucd: stat.param
# - 
#   name: reference_time
#   datatype: float64
#   unit: d
#   description: Reference time used for the geometric model fit
#   meta:
#     ucd: time.epoch
# - 
#   name: frequency
#   datatype: float64
#   unit: d**-1
#   description: Frequency of geometric model of the eclipsing binary light curve
#   meta:
#     ucd: src.orbital
# - 
#   name: frequency_error
#   datatype: float32
#   unit: d**-1
#   description: "Uncertainty of \\texttt{frequency}"
#   meta:
#     ucd: stat.error
# - 
#   name: geom_model_reference_level
#   datatype: float32
#   unit: mag
#   description: Magnitude reference level of geometric model
#   meta:
#     ucd: phot.mag;em.opt
# - 
#   name: geom_model_reference_level_error
#   datatype: float32
#   unit: mag
#   description: "Uncertainty of \\texttt{geomModelReferenceLevel}"
#   meta:
#     ucd: stat.error;phot.mag;em.opt
# - 
#   name: geom_model_gaussian1_phase
#   datatype: float32
#   description: Phase of the Gaussian 1 component
#   meta:
#     ucd: time.phase
# - 
#   name: geom_model_gaussian1_phase_error
#   datatype: float32
#   description: "Uncertainty of \\texttt{geomModelGaussian1Phase}"
#   meta:
#     ucd: stat.error;time.phase
# - 
#   name: geom_model_gaussian1_sigma
#   datatype: float32
#   description: "Standard deviation [phase] of Gaussian 1 component"
#   meta:
#     ucd: stat.stdev
# - 
#   name: geom_model_gaussian1_sigma_error
#   datatype: float32
#   description: "Uncertainty of \\texttt{geomModelGaussian1Sigma}"
#   meta:
#     ucd: stat.error
# - 
#   name: geom_model_gaussian1_depth
#   datatype: float32
#   unit: mag
#   description: Magnitude depth of Gaussian 1 component
#   meta:
#     ucd: src.var.amplitude
# - 
#   name: geom_model_gaussian1_depth_error
#   datatype: float32
#   unit: mag
#   description: "Uncertainty of \\texttt{geomModelGaussian1Depth}"
#   meta:
#     ucd: stat.error;src.var.amplitude
# - 
#   name: geom_model_gaussian2_phase
#   datatype: float32
#   description: Phase of Gaussian 2 component
#   meta:
#     ucd: time.phase
# - 
#   name: geom_model_gaussian2_phase_error
#   datatype: float32
#   description: "Uncertainty of \\texttt{geomModelGaussian2Phase}"
#   meta:
#     ucd: stat.error;time.phase
# - 
#   name: geom_model_gaussian2_sigma
#   datatype: float32
[...]
#   datatype: float32
#   description: "Secondary eclipse: uncertainty of \\texttt{derivedSecondaryEclDuration}"
#   meta:
#     ucd: stat.error;time.duration
# - 
#   name: derived_secondary_ecl_depth
#   datatype: float32
#   unit: mag
#   description: "Secondary eclipse: depth"
#   meta:
#     ucd: src.var.amplitude
# - 
#   name: derived_secondary_ecl_depth_error
#   datatype: float32
#   unit: mag
#   description: "Secondary eclipse: uncertainty of \\texttt{derivedSecondaryEclDepth}"
#   meta:
#     ucd: stat.error;src.var.amplitude
solution_id,source_id,global_ranking,reference_time,frequency,frequency_error,geom_model_reference_level,geom_model_reference_level_error,geom_model_gaussian1_phase,geom_model_gaussian1_phase_error,geom_model_gaussian1_sigma,geom_model_gaussian1_sigma_error,geom_model_gaussian1_depth,geom_model_gaussian1_depth_error,geom_model_gaussian2_phase,geom_model_gaussian2_phase_error,geom_model_gaussian2_sigma,geom_model_gaussian2_sigma_error,geom_model_gaussian2_depth,geom_model_gaussian2_depth_error,geom_model_cosine_half_period_amplitude,geom_model_cosine_half_period_amplitude_error,geom_model_cosine_half_period_phase,geom_model_cosine_half_period_phase_error,model_type,num_model_parameters,reduced_chi2,derived_primary_ecl_phase,derived_primary_ecl_phase_error,derived_primary_ecl_duration,derived_primary_ecl_duration_error,derived_primary_ecl_depth,derived_primary_ecl_depth_error,derived_secondary_ecl_phase,derived_secondary_ecl_phase_error,derived_secondary_ecl_duration,derived_secondary_ecl_duration_error,derived_secondary_ecl_depth,derived_secondary_ecl_depth_error
[from data line 256]
375316653866487564,2033363485062532864,0.6481787,2227.551362874085,2.049431347121749,8.869763E-6,16.905933,0.00753406,0.24755593,0.001141469,0.05569412,0.0036970314,0.14457268,0.017526865,0.7482241,0.0025765593,0.05965883,0.0042441143,0.20583574,0.016151806,0.06572524,0.009378689,0.24755593,0.001141469,"TWOGAUSSIANS_WITH_ELLIPSOIDAL_ON_ECLIPSE1",9,3.6789913,0.7482241,0.0024423236,0.33408946,0.02376704,0.3372477,0.00746287,0.24755593,0.001141469,0.31188706,0.020703377,0.27598694,0.0060259015
375316653866487564,2033363721257729280,0.58506155,2252.9677078569207,0.893867534342585,6.9783487E-6,19.169842,0.0034568256,0.1848838,0.0030632543,0.019957334,0.0018139775,0.34278628,0.0568663,0.6945161,1.1848898E-4,0.015323309,1.5669977E-4,0.7524549,0.008705196,null,null,null,null,"TWOGAUSSIANS",8,1.3876927,0.6945161,1.1848898E-4,0.085810535,8.7751873E-4,0.7524549,0.008705196,0.1848838,0.0030632543,0.11176107,0.010158274,0.34278628,0.0568663
375316653866487564,2033363759934952192,0.53447783,2210.3285267332194,3.8530231364985945,1.3877096E-5,19.802153,0.012453739,0.27515298,0.0046900045,0.08184847,0.0077562844,0.50869495,0.07045638,0.7728634,0.0012650762,0.07195727,0.0029567473,0.50524116,0.019165894,null,null,null,null,"TWOGAUSSIANS",8,1.5175622,0.27515298,0.0046900045,0.4,0.0,0.5038051,0.07294654,0.7728634,0.0012650762,0.4,0.0029187896,0.5003513,0.018689968
375316653866487564,2033364550214289792,0.5776608,2211.2291821537533,2.2287730362749123,7.3943124E-6,17.192495,0.007545064,0.22727992,0.0019710283,0.09293208,0.0036412086,0.2521125,0.0077091865,0.7245206,0.0030182614,0.08937706,0.003783109,0.26578227,0.010829354,null,null,null,null,"TWOGAUSSIANS",8,4.7846785,0.7245206,0.0030182614,0.4,0.0,0.25423992,0.009331156,0.22727992,0.0019710283,0.4,0.0,0.24057001,0.005950564
375316653866487564,2033364859451896704,0.6110441,2255.418201625366,1.311828540749908,6.0209923E-6,14.538408,0.0019076406,0.27712926,0.0022070007,0.033626493,0.0032639613,0.07258513,0.006569698,0.7774673,0.019246085,0.03259116,0.012554091,0.06542574,0.008322102,0.031921737,0.0021096538,0.27712926,0.0022070007,"TWOGAUSSIANS_WITH_ELLIPSOIDAL_ON_ECLIPSE1",9,14.901862,0.27712926,0.0022070007,0.18830837,0.018278183,0.13642858,0.0062723807,0.7774673,0.019229194,0.1825105,0.07030291,0.1292689,0.00803617
375316653866487564,2033364889486395904,0.56532073,2217.7022168946155,3.4524362437602987,8.566678E-6,17.632692,0.005644679,0.19604254,0.0017958111,0.045063466,0.014661717,0.10704032,0.021859335,0.6884508,0.015929196,0.035373103,0.026009465,0.0780903,176.77744,0.11561854,0.01629462,0.19604254,0.0017958111,"TWOGAUSSIANS_WITH_ELLIPSOIDAL_ON_ECLIPSE1",9,9.939011,0.19604254,0.0017958111,0.2523554,0.082105614,0.3382773,0.026307244,0.6901708,0.015254761,0.19808938,0.14565301,0.3089204,176.77986
375316653866487564,2033365026936039552,0.47981244,2254.004899316429,0.051977832324871714,1.3823403E-4,19.459904,0.017784236,0.18932481,0.0013754232,0.034398276,0.003348659,0.47845882,0.14840585,0.844448,0.008714882,0.062219974,0.009985557,0.28732044,0.03910135,null,null,null,null,"TWOGAUSSIANS",8,5.515314,0.18932481,0.0013754232,0.19263035,0.018752491,0.47845888,0.14840585,0.844448,0.008714882,0.34843186,0.05591912,0.28732044,0.03910135
375316653866487564,2033365645394529536,0.4454481,2256.7674974516644,1.4385246812951888,3.184098E-5,18.838224,0.012399009,0.32158437,0.0030450479,0.022823265,0.0029460022,0.21453895,0.019003244,0.8428361,0.020167835,0.077730775,0.02382992,0.13855474,0.008515966,null,null,null,null,"TWOGAUSSIANS",8,8.218442,0.32158437,0.0030450479,0.12781028,0.016497612,0.21453857,0.019000042,0.8428361,0.020167835,0.4,0.037534203,0.13855435,0.008502096
375316653866487564,2033365817199444480,0.6333392,2214.3371730975705,2.5758879235977505,5.6246663E-6,17.194427,0.0035414963,0.18940946,0.0024378572,0.085702546,0.0027934785,0.4254795,0.015988532,0.68844754,0.0012242951,0.092085004,0.0015202316,0.37689793,0.0054080673,null,null,null,null,"TWOGAUSSIANS",8,3.6317725,0.18940946,0.0024378572,0.4,0.0,0.4104131,0.01734274,0.68844754,0.0012242951,0.4,0.0,0.36183125,0.005303921
375316653866487564,2033366130762290048,0.7562956,2244.205386476295,2.0137861462698172,1.1143838E-6,14.320132,0.002851868,0.2513107,3.1378606E-4,0.057899393,0.0033094042,0.09076159,0.0057722516,0.7545746,9.0516824E-4,0.055175364,0.0020349575,0.117838636,0.0060813604,0.1369308,0.0033841163,0.2513107,3.1378606E-4,"TWOGAUSSIANS_WITH_ELLIPSOIDAL_ON_ECLIPSE1",9,5.477439,0.7545746,9.0516824E-4,0.30898204,0.011395762,0.3915735,0.0017493924,0.2513107,3.1378606E-4,0.3242366,0.018532664,0.3646116,0.001562243
375316653866487564,2033366332595617408,0.6050829,2215.5916840904274,0.095925013298134,1.132573E-5,18.445704,0.0022839354,0.34975556,0.0068489504,0.011571556,0.0031944048,0.64410883,0.462605,0.85203683,0.003226531,0.008412082,0.0010588112,0.64259034,0.20564651,null,null,null,null,"TWOGAUSSIANS",8,1.8034065,0.34975556,0.0068489504,0.06480072,0.017888667,0.64410883,0.462605,0.85203683,0.003226531,0.04710766,0.005929343,0.64259034,0.20564651
375316653866487564,2033366371273261696,0.5005174,2220.5937609885623,3.161472892754126,1.8849185E-5,18.31372,0.0071284585,0.27172554,0.028766682,0.02487555,0.026518192,0.27521056,8.788802,0.7216037,0.002657299,0.04271794,0.006156767,0.10956034,0.01762694,0.045538552,0.010436282,0.7216037,0.002657299,"TWOGAUSSIANS_WITH_ELLIPSOIDAL_ON_ECLIPSE2",9,2.681866,0.27097556,0.030877955,0.13930307,0.14850187,0.35767558,8.79427,0.7216037,0.002657299,0.23922047,0.034477893,0.20063737,0.011007592
375316653866487564,2033366955396471552,0.5546138,2256.47242833467,1.310050940906671,1.4643273E-5,14.937029,0.0038105426,0.20970999,0.0039819414,0.041162364,0.007680795,0.04041018,0.01124826,0.7114162,0.0036614032,0.049582668,0.004422672,0.15010837,0.011423798,0.021584947,0.004707922,0.20970999,0.0039819414,"TWOGAUSSIANS_WITH_ELLIPSOIDAL_ON_ECLIPSE1",9,34.3186,0.7114162,0.0036614032,0.27766293,0.024766965,0.19327283,0.010680637,0.20970999,0.0039819414,0.23050924,0.043012455,0.0835796,0.008601105
375316653866487564,2033367260320288000,0.5992356,2240.527692578751,0.785192645,6.118098E-6,18.760504,0.0027613542,0.1924853,6.1149713E-6,0.0067992806,2.7323518E-5,0.5255142,0.002825282,0.70386094,1.3261443E-5,0.012350188,7.9945436E-5,0.4278219,0.0025767267,null,null,null,null,"TWOGAUSSIANS",8,1.4006511,0.1924853,6.1149713E-6,0.038075972,1.530117E-4,0.5255142,0.002825282,0.70386094,1.3261443E-5,0.06916105,4.4769445E-4,0.4278219,0.0025767267
375316653866487564,2033367367713506944,0.62180555,2237.6729637603994,0.5828362625306828,3.7100995E-6,17.377577,0.0034946215,0.18531038,0.0048868186,0.0646949,0.011834406,0.05080678,0.0086849565,0.6831434,7.948463E-4,0.05045775,0.001250533,0.2335011,0.007476032,0.042126853,0.004380434,0.18531038,0.0048868186,"TWOGAUSSIANS_WITH_ELLIPSOIDAL_ON_ECLIPSE1",9,1.9342917,0.68329334,4.8016067E-4,0.28256342,0.0070029846,0.31771043,0.004123516,0.18531038,0.0048868186,0.36229143,0.054604776,0.13503069,0.0034146206
375316653866487564,2033367470792543744,0.6664354,2236.9949411087664,3.2050129815612647,4.404732E-6,18.100506,0.0061117215,0.25262108,0.0011142971,0.04330818,0.0023097566,0.5766751,0.02625322,0.75195193,0.0013275172,0.038253624,0.0020195248,0.46485195,0.029967552,0.13569427,0.008430701,0.25262108,0.0011142971,"TWOGAUSSIANS_WITH_ELLIPSOIDAL_ON_ECLIPSE1",9,3.5726511,0.25262108,0.0011142971,0.24252582,0.012934636,0.84806347,0.027062261,0.7519919,0.0012351585,0.2142203,0.01130934,0.7362358,0.030397873
375316653866487564,2033368123618816384,0.44596627,2221.067835512374,3.1605888944719034,2.937929E-5,17.630018,0.041783936,0.23906313,0.012205668,0.09755255,0.031857252,0.15364744,0.032300808,0.6736746,0.014435711,0.150665,0.025569584,0.20151731,0.040347535,null,null,null,null,"TWOGAUSSIANS",8,21.221592,0.6736746,0.014435711,0.4,0.0,0.17508295,0.013445446,0.24278313,0.012329704,0.4,0.0,0.13062917,0.01911041
375316653866487564,2033368226716900480,0.48555338,2232.749777124412,2.663359723012057,2.5540498E-5,18.020739,0.04973128,0.29068735,0.003241307,0.118044764,0.02256127,0.19136634,0.045210723,0.79760355,0.009001979,0.11803341,0.028586894,0.16499045,0.04786214,null,null,null,null,"TWOGAUSSIANS",8,6.9484606,0.29065734,0.0032154247,0.4,0.0,0.15599512,0.011824597,0.7976335,0.009022845,0.4,0.0,0.1296262,0.014841304
375316653866487564,2033368261066535424,0.51877356,2263.8550816256143,2.518113634751725,2.8628414E-5,17.008888,0.0054773404,0.2030381,0.005903514,0.04140804,0.013121588,0.04612281,0.013101989,0.7130401,0.00792871,0.035490066,0.005629674,0.07978077,0.014178089,0.06932538,0.005689353,0.2030381,0.005903514,"TWOGAUSSIANS_WITH_ELLIPSOIDAL_ON_ECLIPSE1",9,16.850237,0.7130401,0.00792871,0.19874437,0.031526174,0.21788462,0.0112838885,0.2030381,0.005903514,0.23188502,0.0734809,0.18477353,0.009412616
375316653866487564,2033368806496742528,0.5052309,2260.631555907532,2.270649528149945,2.2066613E-5,18.558107,0.019879846,0.24832502,0.0050880974,0.10229392,0.014528121,0.2275581,0.025232824,0.7515197,0.008810284,0.09005111,0.010216702,0.31252939,0.029171443,null,null,null,null,"TWOGAUSSIANS",8,5.4202933,0.7515197,0.008810284,0.4,0.0,0.29540145,0.026739895,0.24832502,0.0050880974,0.4,0.0,0.21042733,0.026939271
375316653866487564,2033368840850305024,0.56112576,2279.889077625703,2.500067518955218,7.0856577E-6,18.465504,0.006117623,0.2579523,0.0039722268,0.076609366,0.004643873,0.3241354,0.01033819,0.76809615,0.018221416,0.07314893,0.025589459,0.24898773,0.024760775,null,null,null,null,"TWOGAUSSIANS",8,2.4444172,0.2579523,0.0039722268,0.4,0.0,0.32241473,0.01029509,0.76809615,0.018221416,0.4,0.13036862,0.24726707,0.025834411
375316653866487564,2033369051340475904,0.50317377,2269.3716776746746,3.8649523082985726,2.0197273E-5,17.881668,0.011820622,0.25536802,0.007497856,0.10160975,0.013604433,0.14590625,0.012526173,0.76449174,0.0053060735,0.09312391,0.012125839,0.11703801,0.0110644195,null,null,null,null,"TWOGAUSSIANS",8,3.7944376,0.25536802,0.007497856,0.4,0.0,0.13730696,0.009531565,0.76449174,0.005304747,0.4,0.0,0.10844034,0.007682759
375316653866487564,2033369154419700480,0.5550173,2262.5190881564204,1.5245611555931446,3.4291518E-6,17.750824,0.002911938,0.20992981,0.008327098,0.05274229,0.006658473,0.0802135,0.0048677316,0.7121197,0.0010688063,0.04866899,0.002097948,0.17693545,0.008772309,null,null,null,null,"TWOGAUSSIANS",8,1.6629034,0.7121197,0.0010688063,0.27254635,0.0117485095,0.17693435,0.008772703,0.20992981,0.008327098,0.29535684,0.037287448,0.0802124,0.004866993
375316653866487564,2033369326218564224,0.6101286,2250.1426436900574,2.4784264782507623,5.724464E-6,17.007317,0.005645213,0.1956166,0.0019885628,0.057148546,0.0034966243,0.5654099,0.035351466,0.6831334,0.0025706578,0.029778754,0.0033447933,0.11375887,0.013654473,0.07875143,0.008476953,0.1956166,0.0019885628,"TWOGAUSSIANS_WITH_ELLIPSOIDAL_ON_ECLIPSE1",9,17.164612,0.1956166,0.0019885628,0.32003185,0.019581096,0.72287256,0.034990378,0.6842334,0.0023931016,0.16676103,0.018730843,0.27033958,0.008354634
375316653866487564,2033369944693890304,0.5040464,2245.577735124995,0.397643243426525,6.0165644E-6,16.36614,0.0055694333,0.24083555,0.054050338,0.020840598,0.012422441,1.023495,7.2974334,0.7351188,0.001651483,0.02359594,0.0023918995,0.37353244,0.027829323,0.0036118927,0.009075571,0.7351188,0.001651483,"TWOGAUSSIANS_WITH_ELLIPSOIDAL_ON_ECLIPSE2",9,53.792667,0.24083555,0.0540475,0.116707355,0.06956567,1.0307094,7.299464,0.7351188,0.001651483,0.13213727,0.013394638,0.38075623,0.03844017
375316653866487564,2033370013413206656,0.43099096,2173.043344531926,0.16397999182403294,6.776118E-5,15.418686,0.003204598,0.24396768,0.035706516,0.09662107,0.026549878,0.109571196,0.03378062,0.59898704,0.12647867,0.078422144,0.11162772,0.043866366,0.020299604,null,null,null,null,"TWOGAUSSIANS",8,19.833788,0.24397768,0.033587206,0.4,0.0,0.10941061,0.037243463,0.59898704,0.12647867,0.4,0.059908107,0.04383246,0.021155328
375316653866487564,2033370799352733824,0.4775406,2242.970835559184,1.9612512593338889,1.4647789E-5,18.63729,0.011285174,0.29825997,0.004033658,0.03274556,0.0053151394,0.49344218,0.12406288,0.5661684,0.017915078,0.021443143,0.0073122326,0.12101728,0.18258157,0.15256588,0.016602585,0.29825997,0.004033658,"TWOGAUSSIANS_WITH_ELLIPSOIDAL_ON_ECLIPSE1",9,40.426037,0.29825997,0.004033658,0.18337514,0.02976478,0.7985734,0.12175906,0.5679585,0.017521854,0.1200816,0.040948503,0.12524626,0.19155814
375316653866487564,2033371280397952896,0.48853683,2211.5754944592736,1.887102226346768,2.6623227E-5,17.31852,0.020169225,0.21764024,0.033792347,0.0693189,0.027247887,0.20907022,0.047802266,0.6793114,0.010826566,0.011252955,0.017980453,0.17643662,0.21959881,0.06783868,0.025907008,0.6793114,0.010826566,"TWOGAUSSIANS_WITH_ELLIPSOIDAL_ON_ECLIPSE2",9,46.803757,0.21018024,0.02376639,0.38818583,0.14672074,0.33846357,0.023955617,0.6793114,0.010826566,0.06301655,0.100690536,0.31207743,0.20626491
375316653866487564,2033371971918539904,0.5534042,2212.1791788249207,3.6359448442342392,1.005002E-5,16.91989,0.0073778173,0.25301957,0.0043701357,0.07822879,0.006503972,0.25165933,0.017905856,0.7603083,0.0035377361,0.09183883,0.0052357805,0.28250024,0.00782328,null,null,null,null,"TWOGAUSSIANS",8,15.98562,0.7603083,0.0035377361,0.4,0.0,0.27625534,0.0066526546,0.25301957,0.0043701357,0.4,0.0,0.24541466,0.018985659
375316653866487564,2033372001946258816,0.5936591,2235.6809175697185,2.639953122069704,1.5899948E-5,18.538832,0.008329428,0.18313111,0.0022751302,0.040569518,0.0035919063,0.23698206,0.026738167,0.68985194,0.004170443,0.04369951,0.004363704,0.22502781,0.030051943,0.16759026,0.010968731,0.18313111,0.0022751302,"TWOGAUSSIANS_WITH_ELLIPSOIDAL_ON_ECLIPSE1",9,4.960703,0.18313111,0.0022751302,0.22718929,0.020114675,0.57216203,0.019707223,0.68985194,0.004170443,0.24471727,0.024436742,0.5596104,0.025610628
375316653866487564,2033372074997808768,0.5718187,2274.292804003472,1.30089984552958,9.081808E-5,19.406519,0.0050223065,0.28091466,0.002830373,0.03988912,0.0016336131,0.83466226,0.033517603,0.7894025,0.018895388,0.04697568,0.02768014,0.11497957,0.050576728,null,null,null,null,"TWOGAUSSIANS",8,1.7581733,0.28091466,0.002830373,0.22337906,0.009148234,0.8346622,0.033517614,0.7894025,0.018895388,0.26306382,0.1550088,0.11497955,0.050576773
375316653866487564,2033372659113141888,0.68552047,2230.7220603003043,0.12443795038879925,2.2407205E-4,16.164028,5.19457E-4,0.42829934,0.042552736,0.06928516,0.034765474,0.0037932864,0.0018090655,0.8273897,2.4704856E-5,0.01837403,1.2911718E-4,0.32922453,4.1501666E-4,null,null,null,null,"TWOGAUSSIANS",8,0.949078,0.8273897,2.4704856E-5,0.10289457,7.2305626E-4,0.32922453,4.150185E-4,0.42829934,0.042552736,0.3879969,0.17040525,0.0037932864,0.0018090655
375316653866487564,2033372860936997888,0.58287865,2180.6644181526062,3.529009412662525,1.0452188E-5,18.00341,0.012632962,0.2628803,0.005607165,0.053147595,0.013066612,0.15825425,0.029134054,0.7651562,0.0048060236,0.043811306,0.0048049595,0.24030583,0.03536074,0.097745605,0.015513876,0.2628803,0.005607165,"TWOGAUSSIANS_WITH_ELLIPSOIDAL_ON_ECLIPSE1",9,7.4666243,0.7651562,0.0047599436,0.24534331,0.026907774,0.4357544,0.019100362,0.2628803,0.005607165,0.29762655,0.07317303,0.35374278,0.020942576
375316653866487564,2033372865271605504,0.6436161,2236.950853364423,2.897165391322673,3.7830987E-6,14.664248,0.009441154,0.2435592,0.0014455278,0.046888553,0.0031721154,0.42098144,0.021379923,0.7466239,0.0021211188,0.04616559,0.003386158,0.40124118,0.019922618,0.11665552,0.012292328,0.2435592,0.0014455278,"TWOGAUSSIANS_WITH_ELLIPSOIDAL_ON_ECLIPSE1",9,112.68036,0.2435592,0.0014455278,0.2625759,0.017763846,0.65429205,0.016183244,0.7466239,0.0021211188,0.2585273,0.018962486,0.6344653,0.008312463
