Gaia/vari_eclipsing_binary/VariEclipsingBinary_224340-224445.csv
# %ECSV 1.0
# ---
# delimiter: ','
# meta: !!omap
# - RELEASE: Gaia DR3
# - TABLE: vari_eclipsing_binary
# - DESCRIPTION: >
#     This table describes the properties of the eclipsing binaries resulting from the variability analysis. 
# - CITATION: >
#     How to cite and acknowledge Gaia: 
#     https://gea.esac.esa.int/archive/documentation/credits.html 
# - KNOWN_ISSUES: >
#     Known issues: 
#     https://www.cosmos.esa.int/web/gaia-users/known-issues 
# - DOCUMENTATION: >
#     Tutorials and documentation: 
#     https://www.cosmos.esa.int/web/gaia-users/archive 
# datatype:
# - 
#   name: solution_id
#   datatype: int64
#   description: Solution Identifier
#   meta:
#     ucd: meta.version
# - 
#   name: source_id
#   datatype: int64
#   description: Unique source identifier
#   meta:
#     ucd: meta.id;meta.main
# - 
#   name: global_ranking
#   datatype: float32
#   description: Number between 0 (worst) and 1 (best)
#   meta:
#     ucd: stat.param
# - 
#   name: reference_time
#   datatype: float64
#   unit: d
#   description: Reference time used for the geometric model fit
#   meta:
#     ucd: time.epoch
# - 
#   name: frequency
#   datatype: float64
#   unit: d**-1
#   description: Frequency of geometric model of the eclipsing binary light curve
#   meta:
#     ucd: src.orbital
# - 
#   name: frequency_error
#   datatype: float32
#   unit: d**-1
#   description: "Uncertainty of \\texttt{frequency}"
#   meta:
#     ucd: stat.error
# - 
#   name: geom_model_reference_level
#   datatype: float32
#   unit: mag
#   description: Magnitude reference level of geometric model
#   meta:
#     ucd: phot.mag;em.opt
# - 
#   name: geom_model_reference_level_error
#   datatype: float32
#   unit: mag
#   description: "Uncertainty of \\texttt{geomModelReferenceLevel}"
#   meta:
#     ucd: stat.error;phot.mag;em.opt
# - 
#   name: geom_model_gaussian1_phase
#   datatype: float32
#   description: Phase of the Gaussian 1 component
#   meta:
#     ucd: time.phase
# - 
#   name: geom_model_gaussian1_phase_error
#   datatype: float32
#   description: "Uncertainty of \\texttt{geomModelGaussian1Phase}"
#   meta:
#     ucd: stat.error;time.phase
# - 
#   name: geom_model_gaussian1_sigma
#   datatype: float32
#   description: "Standard deviation [phase] of Gaussian 1 component"
#   meta:
#     ucd: stat.stdev
# - 
#   name: geom_model_gaussian1_sigma_error
#   datatype: float32
#   description: "Uncertainty of \\texttt{geomModelGaussian1Sigma}"
#   meta:
#     ucd: stat.error
# - 
#   name: geom_model_gaussian1_depth
#   datatype: float32
#   unit: mag
#   description: Magnitude depth of Gaussian 1 component
#   meta:
#     ucd: src.var.amplitude
# - 
#   name: geom_model_gaussian1_depth_error
#   datatype: float32
#   unit: mag
#   description: "Uncertainty of \\texttt{geomModelGaussian1Depth}"
#   meta:
#     ucd: stat.error;src.var.amplitude
# - 
#   name: geom_model_gaussian2_phase
#   datatype: float32
#   description: Phase of Gaussian 2 component
#   meta:
#     ucd: time.phase
# - 
#   name: geom_model_gaussian2_phase_error
#   datatype: float32
#   description: "Uncertainty of \\texttt{geomModelGaussian2Phase}"
#   meta:
#     ucd: stat.error;time.phase
# - 
#   name: geom_model_gaussian2_sigma
#   datatype: float32
[...]
#   datatype: float32
#   description: "Secondary eclipse: uncertainty of \\texttt{derivedSecondaryEclDuration}"
#   meta:
#     ucd: stat.error;time.duration
# - 
#   name: derived_secondary_ecl_depth
#   datatype: float32
#   unit: mag
#   description: "Secondary eclipse: depth"
#   meta:
#     ucd: src.var.amplitude
# - 
#   name: derived_secondary_ecl_depth_error
#   datatype: float32
#   unit: mag
#   description: "Secondary eclipse: uncertainty of \\texttt{derivedSecondaryEclDepth}"
#   meta:
#     ucd: stat.error;src.var.amplitude
solution_id,source_id,global_ranking,reference_time,frequency,frequency_error,geom_model_reference_level,geom_model_reference_level_error,geom_model_gaussian1_phase,geom_model_gaussian1_phase_error,geom_model_gaussian1_sigma,geom_model_gaussian1_sigma_error,geom_model_gaussian1_depth,geom_model_gaussian1_depth_error,geom_model_gaussian2_phase,geom_model_gaussian2_phase_error,geom_model_gaussian2_sigma,geom_model_gaussian2_sigma_error,geom_model_gaussian2_depth,geom_model_gaussian2_depth_error,geom_model_cosine_half_period_amplitude,geom_model_cosine_half_period_amplitude_error,geom_model_cosine_half_period_phase,geom_model_cosine_half_period_phase_error,model_type,num_model_parameters,reduced_chi2,derived_primary_ecl_phase,derived_primary_ecl_phase_error,derived_primary_ecl_duration,derived_primary_ecl_duration_error,derived_primary_ecl_depth,derived_primary_ecl_depth_error,derived_secondary_ecl_phase,derived_secondary_ecl_phase_error,derived_secondary_ecl_duration,derived_secondary_ecl_duration_error,derived_secondary_ecl_depth,derived_secondary_ecl_depth_error
[from data line 823]
375316653866487564,1974224912109567872,0.5566617,2164.626182672262,0.0926776871243271,5.555176E-6,16.575033,0.0075403177,0.28237247,0.0023462889,0.006485836,9.5060386E-4,0.91998816,0.18446322,null,null,null,null,null,null,0.013091184,0.012739722,0.28237247,0.0023462889,"ONEGAUSSIAN_WITH_ELLIPSOIDAL",6,70.75877,0.28237247,0.0023462889,0.036320683,0.0053233816,0.9461705,0.18562673,null,null,null,null,null,null
375316653866487564,1974225083908259840,0.51644385,2149.7123881054094,3.1376819866102608,6.446395E-6,17.23926,0.22920714,0.22691385,0.006578674,0.17468813,0.07088923,0.19605409,0.22137648,0.7107056,0.008028876,0.15188955,0.03200018,0.23790622,0.19189616,null,null,null,null,"TWOGAUSSIANS",8,1.7784592,0.7107056,0.008028876,0.4,0.0,0.123001814,0.0053876224,0.22959386,0.0041668434,0.4,0.0,0.076673344,0.0044252845
375316653866487564,1974225118268260608,0.47073874,2160.242985952874,2.7339344384819477,2.2081918E-5,17.286266,0.013137404,0.15976624,0.008549482,0.08929122,0.011956107,0.20183025,0.016043415,0.64178145,0.007220526,0.09274501,0.0106804995,0.17703874,0.013490653,null,null,null,null,"TWOGAUSSIANS",8,29.215584,0.15976624,0.008549482,0.4,0.0,0.19524607,0.0136982165,0.64178145,0.007220526,0.4,0.0,0.1704544,0.009331827
375316653866487564,1974225564936470912,0.48965165,2142.3826650611704,2.904964474771319,1.1768906E-5,18.631731,0.022362385,0.26265556,0.0030113382,0.1037962,0.010633999,0.20779118,0.020691624,0.7569501,0.006206275,0.10882486,0.014417514,0.1988915,0.021677198,null,null,null,null,"TWOGAUSSIANS",8,3.7338617,0.26266554,0.0030075293,0.4,0.0,0.18379559,0.008460503,0.7569501,0.006206275,0.4,0.0,0.17488918,0.011016317
375316653866487564,1974226183419873664,0.5834861,2141.9378752576113,2.854039034765647,5.853378E-6,17.118376,0.011296086,0.28425494,0.0026716744,0.09902753,0.00619736,0.23964581,0.0104593085,0.789359,0.0024405601,0.10129997,0.0067898184,0.24849737,0.009799044,null,null,null,null,"TWOGAUSSIANS",8,5.5287337,0.789359,0.0024405601,0.4,0.0,0.2281733,0.0062707984,0.28425494,0.0026716744,0.4,0.0,0.21932292,0.0047823973
375316653866487564,1974227179852268160,0.57392937,2146.846939570682,3.5846141920148327,5.441981E-6,18.037294,0.0067413175,0.3003992,0.003008764,0.08232054,0.005298295,0.30020204,0.014573674,0.8046969,0.00213645,0.08362939,0.0031954218,0.2810122,0.011124245,null,null,null,null,"TWOGAUSSIANS",8,2.5584877,0.3003992,0.003008764,0.4,0.0,0.29446524,0.01537724,0.8046969,0.00213645,0.4,0.0,0.2752754,0.01077472
375316653866487564,1974228103255672960,0.5722333,2165.5817536594036,3.2283199472110797,8.6646505E-6,19.064222,0.0056520393,0.1579492,0.0011375197,0.07650302,0.002245482,0.4198817,0.008348149,0.65481913,0.0030163075,0.07671364,0.0046386863,0.37152225,0.030221185,null,null,null,null,"TWOGAUSSIANS",8,1.6234787,0.1579492,0.0011375197,0.4,0.0,0.41628477,0.008290528,0.65481913,0.0030163075,0.4,0.0,0.36792532,0.030919863
375316653866487564,1974228313723914624,0.58287925,2136.5912476032777,0.17239404075875786,1.0174238E-5,16.195065,8.90928E-4,0.83855647,0.0013159973,0.011398801,8.048938E-4,0.21378486,0.018604944,null,null,null,null,null,null,null,null,null,null,"ONEGAUSSIAN",5,3.7642832,0.83855647,0.0013159973,0.06383328,0.004507405,0.21378486,0.0,null,null,null,null,null,null
375316653866487564,1974229447586809600,0.43378142,2129.2878212368005,3.831789301515829,1.7309643E-5,17.44545,0.008874638,0.29035774,0.007935177,0.06978785,0.009656354,0.1320933,0.015115186,0.7704194,0.005043328,0.078097634,0.011508441,0.19662224,0.053176746,null,null,null,null,"TWOGAUSSIANS",8,9.526629,0.7704194,0.005043328,0.4,0.0,0.19594936,0.053679597,0.29035774,0.007935177,0.39081198,0.044919394,0.13142042,0.014994211
375316653866487564,1974229516306275456,0.5086919,2117.3008472871857,3.876495289396611,1.9732748E-5,19.20323,0.063635826,0.2750334,0.0074857203,0.10827634,0.023202784,0.3016273,0.058499515,0.77389646,0.0049153906,0.1134776,0.02255031,0.29380497,0.05463252,null,null,null,null,"TWOGAUSSIANS",8,2.0981536,0.2750334,0.007496018,0.4,0.0,0.25537288,0.010074166,0.77389646,0.0049153906,0.4,0.0,0.2475289,0.019909186
375316653866487564,1974229550674188288,0.59964013,2151.154947705152,0.25974723407801165,9.843412E-7,15.393866,0.0011136374,0.18234308,3.009431E-4,0.0064553143,1.6529778E-4,1.2209705,0.14452352,0.6840663,4.8561636E-4,0.00989159,3.99741E-4,0.4007607,0.015775105,null,null,null,null,"TWOGAUSSIANS",8,21.461376,0.18234308,3.009431E-4,0.03614976,9.256676E-4,1.2209705,0.14452352,0.6840663,4.8561636E-4,0.055392906,0.0022385495,0.4007607,0.015775105
375316653866487564,1974230508436460928,0.5211863,2154.266091522688,1.1741224449464642,1.1875285E-5,18.530891,0.0061312853,0.21478173,0.0032683038,0.019660601,0.0027907097,0.67527145,0.048658937,0.40541092,0.046491932,0.010288449,0.0581175,0.056427017,0.21126899,0.01349854,0.008719769,0.21478173,0.0032683038,"TWOGAUSSIANS_WITH_ELLIPSOIDAL_ON_ECLIPSE1",9,11.438116,0.21478173,0.0032662798,0.11009937,0.015627975,0.7022685,0.048252713,0.40541092,0.046491932,0.057615314,0.325458,0.060012758,0.21170151
375316653866487564,1974230787625600512,0.69629055,2123.0306905418133,0.08034364131791315,3.7724662E-6,15.691004,5.569721E-4,0.5743532,9.6623815E-4,0.007106561,4.8840593E-4,0.42120814,0.026242528,0.8074399,8.4069464E-4,0.0060185827,5.524289E-4,0.4208991,0.0042789406,null,null,null,null,"TWOGAUSSIANS",8,4.1094346,0.5743532,9.6623815E-4,0.039796744,0.0027350732,0.42120814,0.026242528,0.8074399,8.4069464E-4,0.033704065,0.003093602,0.4208991,0.0042789406
375316653866487564,1974231333070608128,0.51077044,2131.3533983767384,2.9529408251374094,2.0597594E-5,18.490492,0.026740905,0.2434078,0.008190853,0.092369914,0.020848475,0.17808053,0.02246938,0.73915416,0.0044890577,0.10478765,0.016531691,0.16562553,0.024861591,null,null,null,null,"TWOGAUSSIANS",8,2.5822117,0.2434078,0.008198144,0.4,0.0,0.16510572,0.0076599647,0.73915416,0.0044912086,0.4,0.0,0.15264702,0.0061472408
375316653866487564,1974232952289378304,0.65136516,2151.010654174793,2.8686980839659952,2.1235903E-6,16.879166,0.007365683,0.28317788,0.0021959029,0.046510585,0.002857797,0.3452176,0.018538725,0.7775956,7.285258E-4,0.050963346,0.0023355398,0.32951164,0.0155193955,0.11961843,0.008998951,0.7775956,7.285258E-4,"TWOGAUSSIANS_WITH_ELLIPSOIDAL_ON_ECLIPSE2",9,6.756065,0.28258786,0.0019479913,0.26045927,0.016003663,0.584189,0.012886433,0.7775956,7.285258E-4,0.28539473,0.013079023,0.56874615,0.006779811
375316653866487564,1974233192807855872,0.54879564,2097.3021388368584,0.8210143319166915,1.8210852E-5,17.154442,0.0012990698,0.14179718,0.015675202,0.030631231,0.015245223,0.008129573,0.0025834395,0.5638086,5.2361006E-6,0.0074142017,1.0539323E-4,3.672483,0.30365387,null,null,null,null,"TWOGAUSSIANS",8,1.9470739,0.5638086,5.2361006E-6,0.04151953,5.9020205E-4,3.672483,0.30365387,0.14179718,0.015675202,0.1715349,0.08537325,0.008129573,0.0025834395
375316653866487564,1974234292319454720,0.43507773,2134.077303641759,0.6534172857737433,1.36600975E-5,18.398928,0.010821499,0.28947598,0.0028255652,0.021513257,0.003571091,0.30381912,0.09124652,0.8673669,0.02929412,0.023938876,0.030584753,0.080915034,0.051777575,null,null,null,null,"TWOGAUSSIANS",8,19.197903,0.28947598,0.0028255652,0.12047424,0.01999811,0.30381912,0.09124652,0.8673669,0.02929412,0.1340577,0.17127462,0.080915034,0.051777575
375316653866487564,1974234326679197056,0.6901869,2114.363522339769,0.3550163355318692,9.848983E-7,14.532416,5.372028E-4,0.29210547,1.4726457E-4,0.017507752,2.083966E-4,0.36038423,0.0054651042,0.801511,0.005785788,0.0125421155,0.0042065075,0.27305123,0.029262466,null,null,null,null,"TWOGAUSSIANS",8,9.358523,0.29210547,1.4726457E-4,0.09804341,0.001167021,0.36038423,0.0054651042,0.801511,0.005785788,0.07023585,0.023556441,0.27305123,0.029262466
375316653866487564,1974235181361529216,0.56875485,2150.7715035529473,3.218904888456803,6.9783937E-6,17.425507,0.030336054,0.23969159,0.0021181302,0.048501477,0.013049065,0.24601375,0.059080284,0.7373947,0.002218612,0.064857595,0.0069448682,0.31051537,0.06703732,0.090348154,0.03953302,0.23969159,0.0021181302,"TWOGAUSSIANS_WITH_ELLIPSOIDAL_ON_ECLIPSE1",9,18.191248,0.7377647,0.0017869455,0.36320254,0.038891263,0.49102116,0.017573163,0.23969159,0.0021181302,0.27160826,0.073074766,0.42655107,0.024600232
375316653866487564,1974235494909964672,0.5400886,2150.082194614605,2.63749236119808,1.0515934E-5,14.558325,0.00544638,0.24050143,0.020117225,0.032559674,0.013780451,0.12399908,0.13039388,0.7617022,0.001796965,0.03447645,0.005947964,0.12848698,0.010884347,0.11036917,0.009276006,0.7617022,0.001796965,"TWOGAUSSIANS_WITH_ELLIPSOIDAL_ON_ECLIPSE2",9,237.35579,0.7617022,0.001796965,0.19306813,0.0333086,0.349225,0.015117387,0.24324143,0.018846793,0.18233418,0.07717053,0.34134224,0.12831634
375316653866487564,1974235765477472256,0.510344,2121.733235614925,3.7065589577111755,1.1235467E-5,18.948164,0.031446908,0.24658024,0.0027847143,0.077214316,0.009666809,0.46684495,0.03349782,0.72509944,0.0083459765,0.093853556,0.019919248,0.32035574,0.0394689,null,null,null,null,"TWOGAUSSIANS",8,4.5004444,0.24658024,0.0027847143,0.4,0.0017492013,0.45962685,0.03484297,0.72509944,0.0083459765,0.4,0.0,0.31313685,0.042599365
375316653866487564,1974237419055280256,0.55483484,2089.077096311783,2.8000717055376327,8.694654E-6,16.526642,0.00790434,0.22763652,0.003129743,0.08801027,0.004523769,0.24319732,0.008726658,0.7192868,0.0027709205,0.08470298,0.0038324185,0.24274689,0.008539864,null,null,null,null,"TWOGAUSSIANS",8,17.37561,0.22763652,0.003129743,0.4,0.0,0.23680961,0.0070444383,0.7192868,0.0027709205,0.4,0.0,0.23635922,0.006910807
375316653866487564,1974238656006151424,0.576223,2121.8171692495685,0.24971006592097522,9.488887E-6,13.349723,8.8988116E-4,0.29627493,0.0021901834,0.018570807,0.0018884803,0.31487364,0.031355366,0.7589088,0.0015268639,0.017770141,0.0024688188,0.06702811,0.0036183512,null,null,null,null,"TWOGAUSSIANS",8,32.054237,0.29627493,0.0021901834,0.10399652,0.010575489,0.31487364,0.031355366,0.7589088,0.0015268639,0.09951279,0.013825386,0.06702811,0.0036183512
375316653866487564,1974239029653359616,0.51287407,2151.5624977258885,3.521888067962619,1.12468015E-5,18.112068,0.021647347,0.24274495,0.004119211,0.11079226,0.011598078,0.26560387,0.019324984,0.7128428,0.004693552,0.09058631,0.013479392,0.25133204,0.018079288,null,null,null,null,"TWOGAUSSIANS",8,7.569288,0.24274495,0.004117378,0.4,0.0,0.24943955,0.012788346,0.7128428,0.004693552,0.4,0.0,0.23520295,0.020168753
375316653866487564,1974239274481542784,0.58099556,2152.0121029046845,0.16089251402310656,8.086691E-6,16.405468,0.0013213188,0.52341706,0.012256477,0.03663574,0.015484261,0.013383183,0.0054794853,0.8878868,7.9689844E-4,0.0066776657,4.4608E-4,0.37710613,0.024908453,null,null,null,null,"TWOGAUSSIANS",8,6.7572236,0.8878868,7.9689844E-4,0.03739493,0.002498048,0.37710613,0.024908453,0.52341706,0.012256477,0.20516016,0.08671186,0.013383183,0.0054794853
375316653866487564,1974240129164787456,0.557488,2171.0394744979612,4.008711433905627,6.6596526E-6,18.43248,0.0064760866,0.2595482,0.0031629936,0.077198654,0.002622225,0.521892,0.01714452,0.7610524,0.0040185633,0.07153709,0.0037671153,0.4338993,0.022430118,null,null,null,null,"TWOGAUSSIANS",8,6.497646,0.2595482,0.0031629936,0.4,0.0,0.5186487,0.01676653,0.7610524,0.0040185633,0.4,0.012272257,0.43065596,0.022810843
375316653866487564,1974240404042469760,0.5105043,2151.556083536348,3.307710718414598,1.6085762E-5,18.227753,0.031040478,0.24028136,0.008058278,0.09629082,0.011825564,0.40639448,0.03309461,0.74117833,0.004348767,0.09690536,0.0089121675,0.41975063,0.029936666,null,null,null,null,"TWOGAUSSIANS",8,13.225848,0.74117833,0.004348767,0.4,0.0,0.39108709,0.018738702,0.24028136,0.008058278,0.4,0.0,0.37773117,0.017701194
375316653866487564,1974240580152955648,0.5442415,2127.5684787365885,3.7216836467837715,2.3298198E-5,18.950941,0.011004011,0.30152297,0.017261822,0.023014879,0.02597599,0.7411008,2.13738906E9,0.8077647,0.0046058754,0.024026394,0.011957849,0.5054475,0.06489307,0.054545186,0.025341699,0.30152297,0.017261822,"TWOGAUSSIANS_WITH_ELLIPSOIDAL_ON_ECLIPSE1",9,7.2661667,0.30152297,0.017261822,0.12888332,0.14546554,0.8501911,2.13738906E9,0.8077647,0.0046042474,0.1345478,0.066963956,0.61437017,0.08764094
375316653866487564,1974241026828149376,0.48792678,2107.7154765235377,0.1930711641467119,3.4652596E-6,17.902874,0.0018161719,0.23016134,0.0109466985,0.038450528,0.02858054,0.14445736,190.81903,0.8573787,0.0030086753,0.005923283,0.0039229505,0.21859522,1.5530784,0.008847465,0.002183252,0.8573787,0.0030086753,"TWOGAUSSIANS_WITH_ELLIPSOIDAL_ON_ECLIPSE2",9,2.8128335,0.8573787,0.0030086753,0.033170383,0.021968523,0.23629011,1.5526078,0.23130134,0.011103207,0.21532296,0.16005102,0.15312153,190.81818
375316653866487564,1974242122029901824,0.5612538,2178.789513287766,3.179265713389537,9.368626E-6,17.664005,0.0050705294,0.27200747,0.0024159506,0.071186,0.004555088,0.12762325,0.0059424,0.7624925,0.006224076,0.08020289,0.00773065,0.13783427,0.0066267173,null,null,null,null,"TWOGAUSSIANS",8,1.8742912,0.7624925,0.006224076,0.4,0.0,0.13691339,0.0061282185,0.27200747,0.0024159506,0.3986416,0.013912515,0.12670237,0.005629755
375316653866487564,1974243878679887488,0.415186,2118.6230215063865,2.3099454438880955,3.3654174E-5,19.32589,0.042199027,0.22053462,0.027337454,0.09742301,0.05137573,0.24192898,0.11198406,0.7186182,0.0056220433,0.05212746,0.015968315,0.21130435,0.039625727,null,null,null,null,"TWOGAUSSIANS",8,13.911862,0.22053462,0.027337454,0.4,0.10432401,0.24035521,0.11406944,0.7186182,0.0056220433,0.29191378,0.08942256,0.2097315,0.037437804
375316653866487564,1974244149254417920,0.58923954,2154.752424070048,3.3582199088779916,4.570643E-6,18.368202,0.013530175,0.23453833,0.0020904664,0.05440086,0.0058071055,0.2400443,0.0297043,0.73185986,0.0033247375,0.051371384,0.0076690475,0.29227507,0.026170492,0.0910018,0.01700992,0.23453833,0.0020904664,"TWOGAUSSIANS_WITH_ELLIPSOIDAL_ON_ECLIPSE1",9,3.6265514,0.73216987,0.0028816382,0.28767976,0.042946666,0.47422406,0.015337919,0.23453833,0.0020904664,0.30464482,0.03251979,0.42203894,0.012578544
375316653866487564,1974244252333721088,0.60046357,2145.0396571777565,2.064620212505616,4.203378E-6,17.848347,0.008975628,0.27438882,0.002003958,0.0801571,0.0028211535,0.4633929,0.008823855,0.7836777,0.0015346957,0.095204294,0.0037304235,0.39202896,0.009623591,null,null,null,null,"TWOGAUSSIANS",8,4.243819,0.27438882,0.002003958,0.4,0.0,0.4509881,0.0062725353,0.7836777,0.0015346957,0.4,0.0,0.37962326,0.009458929
375316653866487564,1974244836449294208,0.5901001,2134.3795362143464,2.783327964441586,5.574579E-6,18.657982,0.02228259,0.27269676,0.0038185562,0.042367015,0.009828863,0.28186807,0.042503785,0.7659362,0.00292331,0.04700004,0.008150804,0.26056635,0.03755447,0.13455643,0.024072336,0.27269676,0.0038185562,"TWOGAUSSIANS_WITH_ELLIPSOIDAL_ON_ECLIPSE1",9,3.2291222,0.27269676,0.0038185562,0.23725529,0.05504163,0.5509802,0.023010984,0.76696616,0.00211925,0.26320022,0.045644503,0.5292672,0.014459582
375316653866487564,1974244875118782080,0.5129513,2142.1748555099684,0.5232159943789373,3.5672692E-6,15.886976,0.0018994353,0.15914182,0.0031470594,0.008303808,0.0038163853,0.20121314,0.0921074,0.655033,0.001118237,0.010880645,0.0015933819,0.30140582,0.15903868,null,null,null,null,"TWOGAUSSIANS",8,28.410225,0.655033,0.001118237,0.060931616,0.008922938,0.30140582,0.15903868,0.15914182,0.0031470594,0.046501324,0.021371758,0.20121314,0.0921074
