Gaia/vari_eclipsing_binary/VariEclipsingBinary_676622-676644.csv
# %ECSV 1.0
# ---
# delimiter: ','
# meta: !!omap
# - RELEASE: Gaia DR3
# - TABLE: vari_eclipsing_binary
# - DESCRIPTION: >
#     This table describes the properties of the eclipsing binaries resulting from the variability analysis. 
# - CITATION: >
#     How to cite and acknowledge Gaia: 
#     https://gea.esac.esa.int/archive/documentation/credits.html 
# - KNOWN_ISSUES: >
#     Known issues: 
#     https://www.cosmos.esa.int/web/gaia-users/known-issues 
# - DOCUMENTATION: >
#     Tutorials and documentation: 
#     https://www.cosmos.esa.int/web/gaia-users/archive 
# datatype:
# - 
#   name: solution_id
#   datatype: int64
#   description: Solution Identifier
#   meta:
#     ucd: meta.version
# - 
#   name: source_id
#   datatype: int64
#   description: Unique source identifier
#   meta:
#     ucd: meta.id;meta.main
# - 
#   name: global_ranking
#   datatype: float32
#   description: Number between 0 (worst) and 1 (best)
#   meta:
#     ucd: stat.param
# - 
#   name: reference_time
#   datatype: float64
#   unit: d
#   description: Reference time used for the geometric model fit
#   meta:
#     ucd: time.epoch
# - 
#   name: frequency
#   datatype: float64
#   unit: d**-1
#   description: Frequency of geometric model of the eclipsing binary light curve
#   meta:
#     ucd: src.orbital
# - 
#   name: frequency_error
#   datatype: float32
#   unit: d**-1
#   description: "Uncertainty of \\texttt{frequency}"
#   meta:
#     ucd: stat.error
# - 
#   name: geom_model_reference_level
#   datatype: float32
#   unit: mag
#   description: Magnitude reference level of geometric model
#   meta:
#     ucd: phot.mag;em.opt
# - 
#   name: geom_model_reference_level_error
#   datatype: float32
#   unit: mag
#   description: "Uncertainty of \\texttt{geomModelReferenceLevel}"
#   meta:
#     ucd: stat.error;phot.mag;em.opt
# - 
#   name: geom_model_gaussian1_phase
#   datatype: float32
#   description: Phase of the Gaussian 1 component
#   meta:
#     ucd: time.phase
# - 
#   name: geom_model_gaussian1_phase_error
#   datatype: float32
#   description: "Uncertainty of \\texttt{geomModelGaussian1Phase}"
#   meta:
#     ucd: stat.error;time.phase
# - 
#   name: geom_model_gaussian1_sigma
#   datatype: float32
#   description: "Standard deviation [phase] of Gaussian 1 component"
#   meta:
#     ucd: stat.stdev
# - 
#   name: geom_model_gaussian1_sigma_error
#   datatype: float32
#   description: "Uncertainty of \\texttt{geomModelGaussian1Sigma}"
#   meta:
#     ucd: stat.error
# - 
#   name: geom_model_gaussian1_depth
#   datatype: float32
#   unit: mag
#   description: Magnitude depth of Gaussian 1 component
#   meta:
#     ucd: src.var.amplitude
# - 
#   name: geom_model_gaussian1_depth_error
#   datatype: float32
#   unit: mag
#   description: "Uncertainty of \\texttt{geomModelGaussian1Depth}"
#   meta:
#     ucd: stat.error;src.var.amplitude
# - 
#   name: geom_model_gaussian2_phase
#   datatype: float32
#   description: Phase of Gaussian 2 component
#   meta:
#     ucd: time.phase
# - 
#   name: geom_model_gaussian2_phase_error
#   datatype: float32
#   description: "Uncertainty of \\texttt{geomModelGaussian2Phase}"
#   meta:
#     ucd: stat.error;time.phase
# - 
#   name: geom_model_gaussian2_sigma
#   datatype: float32
[...]
#   datatype: float32
#   description: "Secondary eclipse: uncertainty of \\texttt{derivedSecondaryEclDuration}"
#   meta:
#     ucd: stat.error;time.duration
# - 
#   name: derived_secondary_ecl_depth
#   datatype: float32
#   unit: mag
#   description: "Secondary eclipse: depth"
#   meta:
#     ucd: src.var.amplitude
# - 
#   name: derived_secondary_ecl_depth_error
#   datatype: float32
#   unit: mag
#   description: "Secondary eclipse: uncertainty of \\texttt{derivedSecondaryEclDepth}"
#   meta:
#     ucd: stat.error;src.var.amplitude
solution_id,source_id,global_ranking,reference_time,frequency,frequency_error,geom_model_reference_level,geom_model_reference_level_error,geom_model_gaussian1_phase,geom_model_gaussian1_phase_error,geom_model_gaussian1_sigma,geom_model_gaussian1_sigma_error,geom_model_gaussian1_depth,geom_model_gaussian1_depth_error,geom_model_gaussian2_phase,geom_model_gaussian2_phase_error,geom_model_gaussian2_sigma,geom_model_gaussian2_sigma_error,geom_model_gaussian2_depth,geom_model_gaussian2_depth_error,geom_model_cosine_half_period_amplitude,geom_model_cosine_half_period_amplitude_error,geom_model_cosine_half_period_phase,geom_model_cosine_half_period_phase_error,model_type,num_model_parameters,reduced_chi2,derived_primary_ecl_phase,derived_primary_ecl_phase_error,derived_primary_ecl_duration,derived_primary_ecl_duration_error,derived_primary_ecl_depth,derived_primary_ecl_depth_error,derived_secondary_ecl_phase,derived_secondary_ecl_phase_error,derived_secondary_ecl_duration,derived_secondary_ecl_duration_error,derived_secondary_ecl_depth,derived_secondary_ecl_depth_error
[from data line 74]
375316653866487564,5951663175660684416,0.5955009,2390.027070714955,0.45238241465895784,8.164407E-6,16.968256,0.0024598767,0.31334287,0.002480984,0.036866277,0.002518747,0.974058,0.13841389,0.80574715,0.004527118,0.025842888,0.0042909626,0.07780703,0.013782353,0.010908815,0.004365785,0.31334287,0.002480984,"TWOGAUSSIANS_WITH_ELLIPSOIDAL_ON_ECLIPSE1",9,9.826893,0.31334287,0.002480984,0.20645116,0.014104984,0.99587554,0.14038767,0.8058572,0.0044339565,0.14472018,0.02402939,0.09957568,0.014159969
375316653866487564,5951663386152598272,0.48927492,2382.9169968352003,2.105759775751657,4.0496925E-5,17.289244,0.0076713306,0.30400968,0.008023197,0.07205166,0.012792845,0.18277334,0.008980823,0.81030935,0.0068664076,0.07681785,0.0069033518,0.15663186,0.009412059,null,null,null,null,"TWOGAUSSIANS",8,13.953191,0.30400968,0.008023197,0.4,0.027973626,0.18173522,0.009323503,0.81030935,0.0068664076,0.4,0.0,0.15559374,0.00887532
375316653866487564,5951663489194751872,0.46230176,2386.13309942129,3.5615578774977665,2.9710445E-5,18.62007,0.027018394,0.20153964,0.009506406,0.07775719,0.013760143,0.27867436,0.029188395,0.7156957,0.015572008,0.09720454,0.01864074,0.29409125,0.03814394,null,null,null,null,"TWOGAUSSIANS",8,17.429173,0.7156957,0.015572008,0.4,0.0,0.28648758,0.036162112,0.20153964,0.009506406,0.4,0.0,0.27107203,0.025354661
375316653866487564,5951663729712819328,0.45342562,2422.711189363205,2.785613655141769,2.2692266E-5,19.928698,0.0076480582,0.2612996,0.0125228865,0.024909105,0.008069122,0.6506696,3.1885176,0.76298267,0.003902231,0.033716835,0.0078004743,0.25209415,0.05164756,null,null,null,null,"TWOGAUSSIANS",8,2.7516017,0.2612996,0.0125228865,0.13949099,0.045187082,0.6506696,3.1885176,0.76298267,0.003902231,0.18881427,0.043682657,0.25209415,0.05164756
375316653866487564,5951663832829200000,0.5870233,2423.454521590695,2.491538130711219,4.260999E-6,17.924768,0.0069778604,0.20121896,0.0015061477,0.06844885,0.0022783356,0.34060517,0.008562528,0.69982815,0.0020716917,0.080661125,0.002826767,0.46513095,0.012810942,null,null,null,null,"TWOGAUSSIANS",8,6.5686693,0.69982815,0.0020716917,0.4,0.0,0.46231464,0.012862236,0.20121896,0.0015061477,0.38331357,0.01275868,0.33778885,0.008203377
375316653866487564,5951664000301680000,0.5057405,2383.1487248330423,3.4551815564827884,9.580789E-6,18.007095,0.058622032,0.28308952,0.0046268413,0.14251213,0.01649698,0.24194808,0.056823906,0.8149025,0.0049577034,0.1323755,0.017163686,0.22037847,0.055572756,null,null,null,null,"TWOGAUSSIANS",8,2.6489103,0.28228953,0.0039954903,0.4,0.0,0.17129555,0.007286092,0.8165225,0.0038319565,0.4,0.0,0.15057115,0.00725386
375316653866487564,5951665104103075456,0.43703327,2377.440665620779,0.9781661715938704,1.8146964E-5,17.290443,0.202619,0.1795508,0.005821833,0.16804415,0.03561943,0.30922624,0.17434682,0.68618464,0.0071347016,0.19281271,0.057404477,0.3177478,0.19362748,null,null,null,null,"TWOGAUSSIANS",8,5.473547,0.1765708,0.006697306,0.4,0.0,0.09786679,0.0103350775,0.68829465,0.007102032,0.4,0.0,0.09171191,0.010343628
375316653866487564,5951665374715784064,0.5070324,2415.4385598653234,2.73913954384721,1.4343003E-5,19.065495,0.13945454,0.26391464,0.0049187145,0.14357649,0.029737176,0.45443758,0.13431661,0.7715044,0.003804598,0.11864524,0.018211283,0.49337745,0.13074656,null,null,null,null,"TWOGAUSSIANS",8,2.8047214,0.7717644,0.0038227488,0.4,0.0,0.35177943,0.018690469,0.26385465,0.004856067,0.4,0.0,0.31083393,0.01485232
375316653866487564,5951665378983181312,0.50205857,2401.5283621732283,2.1413445539230214,1.6523965E-5,18.258467,0.102612555,0.20637538,0.003937668,0.111691535,0.025039257,0.2559164,0.09771342,0.7024361,0.004834933,0.13268653,0.039078224,0.23775536,0.096743934,null,null,null,null,"TWOGAUSSIANS",8,3.9879675,0.20643537,0.0039249654,0.4,0.0,0.19799536,0.011007025,0.7024361,0.004834933,0.4,0.0,0.17946272,0.014844082
375316653866487564,5951666134894560768,0.46832156,2384.0136264416365,2.907318082235696,5.108919E-6,17.83105,0.013505395,0.12697847,0.0018575048,0.22461604,0.012110106,0.6559794,0.01261355,0.6300614,0.0021245726,0.15964705,0.006863632,0.56093544,0.032373674,null,null,null,null,"TWOGAUSSIANS",8,4.6432514,0.63205135,0.0024987587,0.4,0.0,0.15656988,0.0032650772,0.12609847,0.0019024306,0.4,0.0,0.14981285,0.0052946517
375316653866487564,5951666439865318784,0.59218067,2407.028182539501,3.252773972552573,8.22619E-6,18.99642,0.007910399,0.26806748,0.0017546605,0.06915769,0.0020550906,0.5413862,0.012624631,0.76641,0.002359214,0.06486256,0.002952414,0.6245508,0.029050263,null,null,null,null,"TWOGAUSSIANS",8,2.5903099,0.76641,0.002359214,0.3632303,0.016533518,0.6234996,0.029224629,0.26806748,0.0017546605,0.3872831,0.011508507,0.54033494,0.012511499
375316653866487564,5951666611672013056,0.4411231,2375.9352425251514,2.5027048980788824,4.7263988E-5,17.930614,0.3036497,0.28920627,0.03823376,0.13632178,0.034812137,0.12019504,0.075783215,0.7393839,0.021687265,0.23173545,0.1619081,0.2275373,0.2975146,null,null,null,null,"TWOGAUSSIANS",8,5.0202336,0.7393839,0.021687265,0.4,0.0,0.10994241,0.009337643,0.33539626,0.03803238,0.4,0.0,0.053419713,0.011516751
375316653866487564,5951666993926154880,0.53588754,2381.0967738840545,3.448239453907707,1.2017591E-5,18.931974,0.0095953345,0.19790201,0.0056817937,0.078475006,0.0072095413,0.2551502,0.028271098,0.6883367,0.0032624584,0.080334164,0.0036928765,0.39829582,0.015458867,null,null,null,null,"TWOGAUSSIANS",8,2.7330263,0.6883367,0.0032624584,0.4,0.0,0.39458945,0.0148882335,0.19790201,0.0056817937,0.4,0.0,0.25144383,0.02889928
375316653866487564,5951667058316753664,0.53134674,2382.5037761849076,2.4712847029922718,1.66105E-5,17.99699,0.013298448,0.24696803,0.004796827,0.06866903,0.006572269,0.2954873,0.027786331,0.7496215,0.005578191,0.08196713,0.009497991,0.3875291,0.023683062,null,null,null,null,"TWOGAUSSIANS",8,13.291281,0.7496215,0.005578191,0.4,0.0,0.3849222,0.024791861,0.24696803,0.004796827,0.38454658,0.035324045,0.29288042,0.027806908
375316653866487564,5951667371883324288,0.51048094,2351.1895446873323,1.858434822846744,1.1339268E-5,18.974783,0.009691831,0.21284509,0.0023195453,0.026304098,0.0012686867,0.73985475,0.07225794,0.70767945,0.0051997774,0.024101641,0.003567172,0.6600149,0.26516435,null,null,null,null,"TWOGAUSSIANS",8,10.128202,0.21284509,0.0023195453,0.14730296,0.007104646,0.73985475,0.07225794,0.70767945,0.0051997774,0.13496919,0.019976163,0.6600149,0.26516435
375316653866487564,5951667951666109952,0.4214486,2368.305069868326,3.317037129233626,3.000371E-5,16.866888,0.19234538,0.34113634,0.025731342,0.19663963,0.14258766,0.11708348,0.1819989,0.7147029,0.0021479593,0.010919666,0.0070675164,0.10325377,1.3403783,null,null,null,null,"TWOGAUSSIANS",8,47.859818,0.7147029,0.0021479593,0.06115013,0.03957809,0.114014514,1.3405751,0.34113634,0.025731342,0.4,0.0,0.10784608,0.013575309
375316653866487564,5951668093437752576,0.62757987,2396.1738175461487,3.5274343993620003,3.3994147E-6,17.892696,0.0125131775,0.2607061,0.001177685,0.053664263,0.0039922665,0.39689812,0.023252593,0.7670848,0.001831938,0.05617347,0.0027933805,0.45262644,0.028646689,0.09671409,0.014895326,0.2607061,0.001177685,"TWOGAUSSIANS_WITH_ELLIPSOIDAL_ON_ECLIPSE1",9,5.484904,0.7670848,0.001831938,0.31457144,0.01564293,0.6457226,0.01585939,0.2607061,0.001177685,0.30051988,0.022356693,0.5903048,0.022561753
375316653866487564,5951669124192381440,0.5419901,2332.6562686906054,2.454781799165366,1.3912563E-5,18.388699,0.020967877,0.28722566,0.00416908,0.09555913,0.010117911,0.2699981,0.017944783,0.7929046,0.0054993825,0.10706782,0.012075447,0.2463408,0.020686055,null,null,null,null,"TWOGAUSSIANS",8,2.7942085,0.28722566,0.00416908,0.4,0.0,0.24721457,0.008203837,0.7929046,0.0054993825,0.4,0.0,0.22354859,0.017204436
375316653866487564,5951669600934888192,0.5904132,2329.499557472704,3.537719979523714,8.391394E-6,17.971817,0.010744961,0.19680883,0.0016716868,0.050545305,0.003176419,0.45772097,0.030117473,0.6938023,0.004748237,0.052094266,0.0057336614,0.34646174,0.045111958,0.100459166,0.01727233,0.19680883,0.0016716868,"TWOGAUSSIANS_WITH_ELLIPSOIDAL_ON_ECLIPSE1",9,8.927102,0.19680883,0.0016716868,0.28305373,0.017787946,0.6586343,0.028556744,0.69413227,0.00418266,0.2917279,0.0321085,0.5473113,0.036679916
375316653866487564,5951669742705595776,0.5237838,2340.8858394349973,2.859258745167467,1.746815E-5,17.601171,0.019393219,0.18337005,0.006697716,0.09860754,0.012272932,0.2273329,0.019609129,0.6674577,0.0028945983,0.09843878,0.01086142,0.22203967,0.016156163,null,null,null,null,"TWOGAUSSIANS",8,7.971645,0.18337005,0.006697716,0.4,0.0,0.21274586,0.014781655,0.6674577,0.0028945983,0.4,0.0,0.20745273,0.01384541
375316653866487564,5951670288129527040,0.5230328,2341.6907639751125,1.0395590631679819,1.5172567E-5,14.384113,0.054955453,0.1815987,0.012959029,0.14083229,0.034931067,0.09727188,0.05135142,0.6423849,0.007529537,0.14574954,0.027538313,0.13200448,0.05168824,null,null,null,null,"TWOGAUSSIANS",8,28.765226,0.6423849,0.007529537,0.4,0.0,0.093973085,0.004199033,0.18515868,0.009727201,0.4,0.0,0.05977647,0.004174149
375316653866487564,5951670734806102144,0.57908374,2326.7642742869825,2.5269282106500093,1.3584483E-5,16.176239,0.005755604,0.2418761,0.004921979,0.08640912,0.006523074,0.1286016,0.0061302804,0.73010015,0.004085087,0.097422116,0.0059914324,0.20061876,0.0068406505,null,null,null,null,"TWOGAUSSIANS",8,10.550165,0.73010015,0.004085087,0.4,0.0,0.193888,0.0061300704,0.2418761,0.004921979,0.4,0.0,0.12187171,0.0040384843
375316653866487564,5951670975328467200,0.61921793,2317.1729066571816,2.5725215958049263,1.0063434E-5,16.757826,0.0041863746,0.2908024,0.0018820292,0.055371013,0.007157897,0.110435374,0.032732874,0.7749806,0.0076098256,0.04569603,0.00838592,0.07895304,0.012877265,0.09506932,0.0056209937,0.2908024,0.0018820292,"TWOGAUSSIANS_WITH_ELLIPSOIDAL_ON_ECLIPSE1",9,4.7934184,0.2908024,0.0018820292,0.31007767,0.040084224,0.30056936,0.03055743,0.77948064,0.0053924844,0.25589776,0.04696115,0.26774457,0.007989427
375316653866487564,5951671078406163456,0.47835526,2244.373446611346,2.7713154101090565,1.9471005E-5,18.249964,0.06480039,0.20213397,0.0073601655,0.07430667,0.017969174,0.5256308,0.053218152,0.6928327,0.011238003,0.08574589,0.023166377,0.53978944,0.14056347,null,null,null,null,"TWOGAUSSIANS",8,31.83034,0.6928327,0.011238003,0.4,0.016753806,0.53306055,0.14665784,0.20213397,0.0073601655,0.4,0.065575704,0.51890194,0.050136637
375316653866487564,5951671696878883712,0.50247437,2304.959602524941,2.3973293890027922,3.6406003E-5,17.677902,0.01646251,0.2276057,0.004282892,0.09527357,0.018292671,0.12973651,0.012876393,0.75051075,0.0076824673,0.1025087,0.015594219,0.117318444,0.01653179,null,null,null,null,"TWOGAUSSIANS",8,3.8517814,0.2275957,0.004283174,0.4,0.0,0.12227376,0.0077369073,0.75051075,0.0076815183,0.4,0.0,0.10985361,0.0094886515
375316653866487564,5951671976088320640,0.60949653,2323.4532737201607,1.5014816047661432,4.094284E-6,15.153524,0.0040301285,0.284777,0.0012806125,0.090672575,0.0018885516,0.27967662,0.0060268827,0.7832504,0.0010280621,0.09969504,0.0022082597,0.21401647,0.0042402116,null,null,null,null,"TWOGAUSSIANS",8,13.64781,0.284777,0.0012806125,0.4,0.0,0.26461184,0.005622597,0.7832504,0.0010280621,0.4,0.0,0.19895034,0.0032525172
375316653866487564,5951672040502108544,0.51291555,2293.618674479038,2.21145095524686,1.3460649E-5,18.806444,0.005767435,0.25880882,0.0048059635,0.07231503,0.007861192,0.14103712,0.00969431,0.761186,0.010361696,0.08841133,0.009496402,0.14443976,0.013006772,null,null,null,null,"TWOGAUSSIANS",8,1.6395233,0.761186,0.010361696,0.4,0.0,0.1422909,0.01294484,0.25880882,0.0048059635,0.4,0.020630894,0.1388883,0.00956784
375316653866487564,5951672281028483072,0.5241102,2297.104996557937,3.144218645818618,1.1776831E-5,19.063932,0.012266255,0.2816934,0.0041441577,0.078815594,0.0072539505,0.39979383,0.03287356,0.7860209,0.0042290078,0.079703666,0.008543656,0.27557686,0.01383726,null,null,null,null,"TWOGAUSSIANS",8,2.433909,0.2816934,0.0041441577,0.4,0.0,0.39559808,0.033797283,0.7860209,0.0042290078,0.4,0.0,0.27138108,0.014105104
375316653866487564,5951672830752908032,0.46334386,2314.0630623480097,0.4856029199394279,1.090959E-4,18.025265,0.018367333,0.2873863,0.03177271,0.033977184,0.030173758,0.06546716,0.025992796,0.78981423,0.02005139,0.015225172,0.05999115,1.0045316,1.4010317,null,null,null,null,"TWOGAUSSIANS",8,13.785162,0.78981423,0.02005139,0.085260965,0.30774835,1.0045316,1.4010825,0.2873863,0.03177271,0.19027224,0.16897304,0.06546716,0.025978135
375316653866487564,5951672972483830912,0.53450674,2289.26261394157,2.8374845917789626,1.3172725E-5,18.520039,0.012812344,0.27745417,0.010120103,0.07094186,0.00716886,0.38056943,0.03006653,0.79299223,0.0025906314,0.07066451,0.004580349,0.38849112,0.017344058,null,null,null,null,"TWOGAUSSIANS",8,6.84349,0.79299223,0.0025906314,0.39572123,0.015593805,0.38747302,0.017127832,0.27745417,0.010120103,0.3972744,0.02005121,0.37955132,0.029102772
375316653866487564,5951674553069637120,0.5302977,2398.576122728803,1.7842234196910753,5.108339E-6,18.913025,0.0063624238,0.2907566,0.002002259,0.033968076,0.0034684285,0.54855245,0.03796879,0.79710644,0.0018461441,0.029050892,0.0018409779,0.68206006,0.05317331,null,null,null,null,"TWOGAUSSIANS",8,7.0606666,0.79710644,0.0018461441,0.16268499,0.010309476,0.68206006,0.05317331,0.2907566,0.002002259,0.19022122,0.0194232,0.54855245,0.03796879
375316653866487564,5951674999746245248,0.64538556,2383.5732415701254,2.1644307235769835,2.6858197E-6,15.563003,0.004005341,0.28586462,0.0010238674,0.045980487,0.0034185122,0.13217609,0.009281912,0.78663737,0.0019510986,0.049250983,0.003395159,0.13783035,0.009693621,0.10760235,0.0054471013,0.28586462,0.0010238674,"TWOGAUSSIANS_WITH_ELLIPSOIDAL_ON_ECLIPSE1",9,12.505169,0.78663737,0.0019440791,0.2758055,0.01901289,0.3530293,0.0068211816,0.28586462,0.0010238674,0.25749072,0.019143669,0.3473801,0.00473898
375316653866487564,5951675064130332288,0.6180785,2359.216170926304,1.2617679715039065,4.5988204E-6,16.80297,0.0047356915,0.25426677,7.779498E-4,0.08011045,0.0020786617,0.26088908,0.0038825783,0.7611556,0.0033908705,0.109477386,0.006880886,0.118089475,0.0045342254,null,null,null,null,"TWOGAUSSIANS",8,2.2702467,0.25426677,7.779498E-4,0.4,0.0,0.25196275,0.002321265,0.7611556,0.0033908705,0.4,0.0,0.1091559,0.0037763433
375316653866487564,5951675304654048000,0.5411484,2376.314051568141,2.4730477699155426,1.2438292E-5,17.96945,0.01203413,0.2753087,0.0039516483,0.08883013,0.008470252,0.2025144,0.01192249,0.7570004,0.0050537926,0.0858755,0.008769315,0.24139448,0.011369594,null,null,null,null,"TWOGAUSSIANS",8,3.3932636,0.7570004,0.0050537926,0.4,0.0,0.23598236,0.010687785,0.2753087,0.0039516483,0.4,0.0,0.19710222,0.010326466
375316653866487564,5951676369821126784,0.49953526,2371.182251812434,1.7687295316549854,2.2517786E-5,18.296127,0.0046191323,0.24465746,0.005653909,0.07921196,0.007137989,0.075619996,0.005351224,0.7604099,0.00743972,0.06882058,0.010439606,0.1327252,0.01099467,null,null,null,null,"TWOGAUSSIANS",8,1.6855386,0.7604099,0.00743972,0.38539526,0.05283645,0.13227445,0.011081857,0.24465746,0.005653909,0.4,0.0,0.07516925,0.004969838
375316653866487564,5951678465747448320,0.520564,2334.7264310149403,2.6837769102357587,3.4996345E-5,17.807266,0.003728122,0.15070465,0.01937898,0.02728373,0.012991058,0.030333938,0.0363925,0.5974455,0.0032275864,0.045250267,0.003648694,0.1901751,0.008489314,null,null,null,null,"TWOGAUSSIANS",8,4.5627413,0.5974455,0.0032275864,0.2534015,0.020432686,0.1901751,0.008489314,0.15070465,0.01937898,0.15278889,0.07274993,0.030333938,0.0363925
