Gaia/vari_eclipsing_binary/VariEclipsingBinary_754029-754283.csv
# %ECSV 1.0
# ---
# delimiter: ','
# meta: !!omap
# - RELEASE: Gaia DR3
# - TABLE: vari_eclipsing_binary
# - DESCRIPTION: >
#     This table describes the properties of the eclipsing binaries resulting from the variability analysis. 
# - CITATION: >
#     How to cite and acknowledge Gaia: 
#     https://gea.esac.esa.int/archive/documentation/credits.html 
# - KNOWN_ISSUES: >
#     Known issues: 
#     https://www.cosmos.esa.int/web/gaia-users/known-issues 
# - DOCUMENTATION: >
#     Tutorials and documentation: 
#     https://www.cosmos.esa.int/web/gaia-users/archive 
# datatype:
# - 
#   name: solution_id
#   datatype: int64
#   description: Solution Identifier
#   meta:
#     ucd: meta.version
# - 
#   name: source_id
#   datatype: int64
#   description: Unique source identifier
#   meta:
#     ucd: meta.id;meta.main
# - 
#   name: global_ranking
#   datatype: float32
#   description: Number between 0 (worst) and 1 (best)
#   meta:
#     ucd: stat.param
# - 
#   name: reference_time
#   datatype: float64
#   unit: d
#   description: Reference time used for the geometric model fit
#   meta:
#     ucd: time.epoch
# - 
#   name: frequency
#   datatype: float64
#   unit: d**-1
#   description: Frequency of geometric model of the eclipsing binary light curve
#   meta:
#     ucd: src.orbital
# - 
#   name: frequency_error
#   datatype: float32
#   unit: d**-1
#   description: "Uncertainty of \\texttt{frequency}"
#   meta:
#     ucd: stat.error
# - 
#   name: geom_model_reference_level
#   datatype: float32
#   unit: mag
#   description: Magnitude reference level of geometric model
#   meta:
#     ucd: phot.mag;em.opt
# - 
#   name: geom_model_reference_level_error
#   datatype: float32
#   unit: mag
#   description: "Uncertainty of \\texttt{geomModelReferenceLevel}"
#   meta:
#     ucd: stat.error;phot.mag;em.opt
# - 
#   name: geom_model_gaussian1_phase
#   datatype: float32
#   description: Phase of the Gaussian 1 component
#   meta:
#     ucd: time.phase
# - 
#   name: geom_model_gaussian1_phase_error
#   datatype: float32
#   description: "Uncertainty of \\texttt{geomModelGaussian1Phase}"
#   meta:
#     ucd: stat.error;time.phase
# - 
#   name: geom_model_gaussian1_sigma
#   datatype: float32
#   description: "Standard deviation [phase] of Gaussian 1 component"
#   meta:
#     ucd: stat.stdev
# - 
#   name: geom_model_gaussian1_sigma_error
#   datatype: float32
#   description: "Uncertainty of \\texttt{geomModelGaussian1Sigma}"
#   meta:
#     ucd: stat.error
# - 
#   name: geom_model_gaussian1_depth
#   datatype: float32
#   unit: mag
#   description: Magnitude depth of Gaussian 1 component
#   meta:
#     ucd: src.var.amplitude
# - 
#   name: geom_model_gaussian1_depth_error
#   datatype: float32
#   unit: mag
#   description: "Uncertainty of \\texttt{geomModelGaussian1Depth}"
#   meta:
#     ucd: stat.error;src.var.amplitude
# - 
#   name: geom_model_gaussian2_phase
#   datatype: float32
#   description: Phase of Gaussian 2 component
#   meta:
#     ucd: time.phase
# - 
#   name: geom_model_gaussian2_phase_error
#   datatype: float32
#   description: "Uncertainty of \\texttt{geomModelGaussian2Phase}"
#   meta:
#     ucd: stat.error;time.phase
# - 
#   name: geom_model_gaussian2_sigma
#   datatype: float32
[...]
#   datatype: float32
#   description: "Secondary eclipse: uncertainty of \\texttt{derivedSecondaryEclDuration}"
#   meta:
#     ucd: stat.error;time.duration
# - 
#   name: derived_secondary_ecl_depth
#   datatype: float32
#   unit: mag
#   description: "Secondary eclipse: depth"
#   meta:
#     ucd: src.var.amplitude
# - 
#   name: derived_secondary_ecl_depth_error
#   datatype: float32
#   unit: mag
#   description: "Secondary eclipse: uncertainty of \\texttt{derivedSecondaryEclDepth}"
#   meta:
#     ucd: stat.error;src.var.amplitude
solution_id,source_id,global_ranking,reference_time,frequency,frequency_error,geom_model_reference_level,geom_model_reference_level_error,geom_model_gaussian1_phase,geom_model_gaussian1_phase_error,geom_model_gaussian1_sigma,geom_model_gaussian1_sigma_error,geom_model_gaussian1_depth,geom_model_gaussian1_depth_error,geom_model_gaussian2_phase,geom_model_gaussian2_phase_error,geom_model_gaussian2_sigma,geom_model_gaussian2_sigma_error,geom_model_gaussian2_depth,geom_model_gaussian2_depth_error,geom_model_cosine_half_period_amplitude,geom_model_cosine_half_period_amplitude_error,geom_model_cosine_half_period_phase,geom_model_cosine_half_period_phase_error,model_type,num_model_parameters,reduced_chi2,derived_primary_ecl_phase,derived_primary_ecl_phase_error,derived_primary_ecl_duration,derived_primary_ecl_duration_error,derived_primary_ecl_depth,derived_primary_ecl_depth_error,derived_secondary_ecl_phase,derived_secondary_ecl_phase_error,derived_secondary_ecl_duration,derived_secondary_ecl_duration_error,derived_secondary_ecl_depth,derived_secondary_ecl_depth_error
[from data line 359]
375316653866487564,6634442102463652992,0.55547094,2193.856083596571,1.4051810123331834,1.30912385E-5,14.984597,0.002976552,0.24000552,0.011429338,0.07000712,0.014116389,0.057320286,0.008097283,0.76795363,0.0039475104,0.042324137,0.019083703,0.0060984935,0.009047331,0.03484568,0.005354669,0.76795363,0.0039475104,"TWOGAUSSIANS_WITH_ELLIPSOIDAL_ON_ECLIPSE2",9,16.626728,0.24893552,0.007824183,0.39203987,0.068909205,0.12553497,0.0045238994,0.76795363,0.0039475104,0.23701517,0.10686874,0.07576801,0.004615923
375316653866487564,6634456121233599488,0.5515193,2238.3320411496466,3.0838874939141667,8.934929E-6,19.07763,0.01619586,0.20640591,0.0020432035,0.08262086,0.00642135,0.32773376,0.0116310315,0.69381964,0.0061717695,0.08910768,0.007041291,0.38702065,0.020985104,null,null,null,null,"TWOGAUSSIANS",8,1.967613,0.69381964,0.0061717695,0.4,0.0,0.37872174,0.01745241,0.20640591,0.0020432035,0.4,0.0,0.31943497,0.010034331
375316653866487564,6634464535074549888,0.47750175,2214.8700619839165,3.2233309134911505,2.0601294E-5,19.100733,0.02368412,0.2943699,0.011751208,0.08505675,0.023585266,0.21651915,0.028650388,0.8042271,0.0036619587,0.04502795,0.004913723,0.45461807,0.085338116,null,null,null,null,"TWOGAUSSIANS",8,8.792247,0.8042271,0.0036619587,0.25215653,0.02751685,0.4543754,0.085290454,0.2943699,0.011751208,0.4,0.0,0.21627644,0.028724724
375316653866487564,6634465290988814208,0.44472697,2181.6881901128468,2.387738211876852,1.2894797E-5,18.352808,0.21587269,0.18037373,0.01323165,0.13497244,0.124688424,0.1489858,0.20294543,0.6916587,0.0070209466,0.10014459,0.02474738,0.21856278,0.12940243,null,null,null,null,"TWOGAUSSIANS",8,7.7285376,0.69177866,0.006859604,0.4,0.0,0.18675204,0.018288722,0.18036373,0.013225661,0.4,0.0,0.11685085,0.019530183
375316653866487564,6634465394068045568,0.51085943,2179.4679394677596,3.5996600967524106,1.4543492E-5,17.678228,0.01711884,0.25562373,0.00444503,0.09399272,0.0113782305,0.16700259,0.017055336,0.7423585,0.0066104806,0.10291466,0.015105968,0.13113503,0.016295848,null,null,null,null,"TWOGAUSSIANS",8,3.3700943,0.25562373,0.004446774,0.4,0.0,0.15718766,0.012950811,0.7423585,0.0066104806,0.4,0.0,0.12131805,0.008117654
375316653866487564,6634466905896507392,0.60195047,2193.992420000439,2.9711947941892727,4.896938E-6,15.586817,0.0036049027,0.30285758,0.0018651037,0.03912471,0.009632097,0.054854304,0.012554471,0.7987624,0.005999683,0.04710037,0.0054089758,0.074628234,0.014269546,0.100100815,0.008788129,0.30285758,0.0018651037,"TWOGAUSSIANS_WITH_ELLIPSOIDAL_ON_ECLIPSE1",9,22.82136,0.8000724,0.003898753,0.26376206,0.030290265,0.27473935,0.010388468,0.30285758,0.0018651037,0.21909836,0.053939745,0.2550556,0.010986275
375316653866487564,6634468628182155520,0.5040169,2207.00230622466,1.833401820424245,1.1897023E-5,17.063473,0.0057547963,0.13514942,0.026148638,0.032986723,0.009197796,0.022354117,0.016391607,0.55840814,0.008865021,0.05627789,0.0064034117,0.20088331,0.018587045,0.014389303,0.011778984,0.13514942,0.026148638,"TWOGAUSSIANS_WITH_ELLIPSOIDAL_ON_ECLIPSE1",9,30.404457,0.5607081,0.006750936,0.3151562,0.035859104,0.22364418,0.014123932,0.13514942,0.026148638,0.18472564,0.05150766,0.051132634,0.016779505
375316653866487564,6634476114307554560,0.6508072,2193.5771365722367,3.006692093984736,4.9755954E-6,18.270752,0.007872781,0.24638541,9.857413E-4,0.05392576,0.0023640962,0.47352937,0.017817533,0.74455404,0.0019870603,0.046110697,0.0027326255,0.45173422,0.018658081,0.10457449,0.010016865,0.24638541,9.857413E-4,"TWOGAUSSIANS_WITH_ELLIPSOIDAL_ON_ECLIPSE1",9,1.6609741,0.24638541,9.857413E-4,0.30198425,0.013238939,0.6826679,0.014199169,0.74468404,0.0018578412,0.2582199,0.015302703,0.66084707,0.013800164
375316653866487564,6634476183027047808,0.61014926,2173.835026284509,2.8138594556503636,3.2322034E-6,17.778782,0.011388157,0.3163369,0.0011737371,0.05214798,0.0042190165,0.25939208,0.028220788,0.8168603,0.0012986343,0.054824796,0.00367113,0.29824737,0.025593719,0.08572803,0.017406937,0.3163369,0.0011737371,"TWOGAUSSIANS_WITH_ELLIPSOIDAL_ON_ECLIPSE1",9,1.9962018,0.8168603,0.0012724035,0.30701885,0.020558327,0.46968973,0.010633322,0.3163369,0.0011737371,0.2920287,0.023626493,0.43083632,0.017343456
375316653866487564,6634484807320800000,0.47557893,2181.1113091182256,2.471860755601017,6.621859E-6,17.596525,0.026579207,0.11727608,0.005306424,0.19240233,0.025006741,0.23186961,0.023144273,0.61173224,0.0031580285,0.19187468,0.019294864,0.38266718,0.032330286,null,null,null,null,"TWOGAUSSIANS",8,9.119377,0.61173224,0.0031580285,0.4,0.0,0.1577463,0.004242074,0.12740608,0.01039645,0.4,0.0,0.016906641,0.006756715
375316653866487564,6634487109423395712,0.52350515,2253.946230767334,0.17107048906746214,2.5269728E-5,16.924541,0.002103518,0.27634862,0.012986139,0.04710835,0.0053310418,0.30969363,0.060273033,0.86753875,0.012244256,0.068826295,0.016124604,0.030292714,0.0062401965,null,null,null,null,"TWOGAUSSIANS",8,7.9714003,0.27634862,0.012986139,0.26380676,0.029853836,0.3096933,0.060273048,0.86753875,0.012244256,0.38542727,0.07450467,0.030292379,0.0062408242
375316653866487564,6634488758691338368,0.5960304,2183.093251071733,3.067177164402238,5.6687613E-6,16.858124,0.013143824,0.1849677,0.002486967,0.037499454,0.01191472,0.2756647,0.036452863,0.6825505,0.008524237,0.03873635,0.016786942,0.117295444,0.035789736,0.1321295,0.017197251,0.1849677,0.002486967,"TWOGAUSSIANS_WITH_ELLIPSOIDAL_ON_ECLIPSE1",9,25.074062,0.1849677,0.002486967,0.20999694,0.06672243,0.53992367,0.05318537,0.68306047,0.007000166,0.21692356,0.09400687,0.38150632,0.030950211
375316653866487564,6634505217005698816,0.5813486,2226.2060819082276,3.146509544825541,7.111906E-6,18.343868,0.0072758123,0.2893359,0.0029201761,0.03618003,0.006675894,0.109796144,0.019517524,0.80690867,0.04166502,0.043637466,0.0212615,0.08685981,0.031545483,0.11029224,0.009659588,0.2893359,0.0029201761,"TWOGAUSSIANS_WITH_ELLIPSOIDAL_ON_ECLIPSE1",9,3.6496727,0.2893359,0.0029201761,0.20260817,0.037385006,0.33038026,0.011109518,0.80690867,0.038638044,0.2443698,0.1190644,0.3047657,0.029651213
375316653866487564,6634505530541229952,0.531073,2194.079525307601,2.5410253585353413,9.715634E-6,14.762093,0.0033842227,0.21035805,0.0026194411,0.054488026,0.013583803,0.046439696,0.012446724,0.73951226,0.015264605,0.017799787,0.023047552,0.025243655,0.4369472,0.09157664,0.004805358,0.21035805,0.0026194411,"TWOGAUSSIANS_WITH_ELLIPSOIDAL_ON_ECLIPSE1",9,133.763,0.21035805,0.0026194411,0.30513296,0.076069295,0.22959168,0.011876611,0.73951226,0.015264605,0.099678814,0.12906629,0.20231828,0.43867198
375316653866487564,6634508622913086976,0.43744472,2252.8009191510982,0.47488168150467575,3.0853596E-5,18.386919,0.0063468157,0.19015473,0.0053927284,0.03400025,0.005836314,0.15619786,0.050814815,0.62485313,0.029354341,0.04892944,0.04049251,0.13404705,0.096008524,null,null,null,null,"TWOGAUSSIANS",8,4.850248,0.19015473,0.0053927284,0.1904014,0.032683358,0.15619786,0.0508148,0.62485313,0.029354341,0.27400488,0.14115195,0.13404705,0.09600984
375316653866487564,6634509030935090944,0.5060449,2220.232275867173,1.4459273989857027,1.3193668E-5,19.565382,0.010659338,0.5373878,0.007870065,0.051895965,0.009801354,0.080259934,0.025529213,0.8970988,0.0048475065,0.024065645,0.0038367747,0.5423423,0.11568524,null,null,null,null,"TWOGAUSSIANS",8,2.998727,0.8970988,0.0048475065,0.1347676,0.02148594,0.5423423,0.11568524,0.5373878,0.007870065,0.2906174,0.054887585,0.080259934,0.025529213
375316653866487564,6634524771993622528,0.5534693,2223.560963391214,2.6174244294499296,6.9997895E-6,13.741537,0.0031068025,0.18807189,0.007373249,0.019426169,0.010228511,0.06675519,0.02048672,0.70342183,0.0020517616,0.046490345,0.0072378884,0.06782346,0.01426747,0.113904275,0.0052275136,0.70342183,0.0020517616,"TWOGAUSSIANS_WITH_ELLIPSOIDAL_ON_ECLIPSE2",9,267.7401,0.70342183,0.0020517616,0.26034594,0.040532175,0.29563197,0.011944512,0.1894819,0.008079001,0.108786546,0.05727966,0.29264492,0.01928709
375316653866487564,6634532571652409856,0.50888604,2211.5051417241,2.4727835060084367,1.8700934E-5,19.727781,0.079014495,0.20591633,0.0058932505,0.120531894,0.021809898,0.4103228,0.07415905,0.7210852,0.007043494,0.10658846,0.025279064,0.2586492,0.07444474,null,null,null,null,"TWOGAUSSIANS",8,1.1286122,0.20590633,0.0058610085,0.4,0.0,0.36015004,0.01539364,0.7212052,0.007029165,0.4,0.0,0.20863621,0.018683387
375316653866487564,6634536278208525824,0.5387989,2169.29596397746,3.5323964219224253,1.4006627E-5,16.457624,0.11570683,0.31536144,0.006568617,0.1486885,0.034265827,0.22405715,0.11131028,0.8256444,0.0043450203,0.14759067,0.037714828,0.1953157,0.109785564,null,null,null,null,"TWOGAUSSIANS",8,5.578635,0.31470147,0.005902553,0.4,0.0,0.13048597,0.004461368,0.8265644,0.0037416255,0.4,0.0,0.10206487,0.006060818
375316653866487564,6634537515159051648,0.48663634,2173.9475388706046,1.1599326312815874,8.9496956E-5,17.816103,0.004900471,0.34795833,0.032837804,0.047443498,0.027622057,0.3472313,0.2956582,0.8309568,0.0052916138,0.03951765,0.005413668,0.15553072,0.0096588265,null,null,null,null,"TWOGAUSSIANS",8,9.298394,0.34795833,0.032837804,0.2656836,0.15468352,0.3472313,0.29565823,0.8309568,0.0052916138,0.22129884,0.030316543,0.1555307,0.009658842
375316653866487564,6634540405674886016,0.60744566,2182.727818540152,3.259561984472764,8.705882E-6,15.383734,0.013472261,0.2948316,0.006751956,0.053262983,0.009556513,0.36228946,0.02683702,0.7911407,0.00227962,0.048312776,0.008047887,0.26177472,0.0232802,0.10817403,0.01601109,0.7911407,0.00227962,"TWOGAUSSIANS_WITH_ELLIPSOIDAL_ON_ECLIPSE2",9,76.90142,0.2943916,0.0058177784,0.2982727,0.053516474,0.5785302,0.0205559,0.7911407,0.00227962,0.27055156,0.04506817,0.47811806,0.015266556
375316653866487564,6634549957678614400,0.5103171,2267.2975740518946,3.133185189877531,2.1951504E-5,18.277172,0.026856856,0.24028043,0.0057277153,0.107144326,0.019720387,0.14545827,0.023161726,0.71072495,0.011450628,0.110188514,0.021372879,0.158952,0.028562114,null,null,null,null,"TWOGAUSSIANS",8,2.1397214,0.71072495,0.011450628,0.4,0.0,0.14333065,0.018823858,0.24033043,0.0056857974,0.4,0.0,0.12984577,0.008452646
375316653866487564,6634556898349083904,0.4384628,2219.2115357938387,1.0908276617303285,4.5609246E-5,17.522764,0.004187054,0.21785171,0.020922638,0.0067118257,0.02419644,0.09216569,2.3060107,0.8191047,5.512139E-4,0.013501802,0.0011334249,0.5460549,0.14964706,0.018736579,0.0062954775,0.21785171,0.020922638,"TWOGAUSSIANS_WITH_ELLIPSOIDAL_ON_ECLIPSE1",9,25.06433,0.8191047,5.512139E-4,0.075610094,0.0063471794,0.5703001,0.14964823,0.21785171,0.020922638,0.037586223,0.13550006,0.12963884,2.3040779
375316653866487564,6634558062284170368,0.4318712,2196.0478921103227,0.26829816243521626,2.2532819E-5,16.576431,0.0017227988,0.108450495,0.004339251,0.053119607,0.0047840946,0.0710776,0.010402891,0.47969243,0.012605325,0.11437817,0.009899509,0.1275211,0.010989767,null,null,null,null,"TWOGAUSSIANS",8,4.5810995,0.47969243,0.012605325,0.4,0.0,0.12734829,0.011021643,0.10921049,0.004364899,0.2974698,0.02679093,0.07156949,0.010336464
375316653866487564,6634559264873631360,0.46748382,2178.0299946163373,1.3933380200005976,5.1509982E-5,19.527225,0.011710742,0.34191197,0.039777514,0.078547165,0.073841125,0.10906519,0.034535583,0.68331593,0.003786791,0.012220941,0.0021581429,0.6659057,0.80119544,null,null,null,null,"TWOGAUSSIANS",8,2.5358293,0.68331593,0.003786791,0.06843726,0.012085601,0.66591436,0.80112964,0.34191197,0.039777514,0.4,0.031829413,0.10906519,0.035032354
375316653866487564,6634581426904654080,0.5920476,2231.8354211440264,3.840363638339867,8.7768685E-6,18.61286,0.009867181,0.29957983,0.003025988,0.042258404,0.0065135234,0.27543244,0.025462687,0.8101483,0.0037002626,0.043809745,0.0055178204,0.26069123,0.020611027,0.118048206,0.013421817,0.29957983,0.003025988,"TWOGAUSSIANS_WITH_ELLIPSOIDAL_ON_ECLIPSE1",9,4.211744,0.29957983,0.003025988,0.23664707,0.036475733,0.51152885,0.021889618,0.8101483,0.0037002626,0.24533457,0.030899793,0.4957481,0.016262688
375316653866487564,6634586374707302016,0.4968113,2189.388595668245,4.429262452313651,1.3592797E-5,19.631542,0.014229669,0.19184764,0.007744538,0.08889256,0.013010914,0.2817641,0.029165367,0.69028246,0.0044518984,0.08005534,0.008204973,0.26236758,0.01983246,null,null,null,null,"TWOGAUSSIANS",8,1.9978589,0.19184764,0.007744538,0.4,0.0,0.27512893,0.030704344,0.69028246,0.0044518984,0.4,0.0,0.25573245,0.019357868
375316653866487564,6634590497876244224,0.4465759,2246.8784892331455,0.16039377934107263,1.0583161E-4,18.063486,0.005606347,0.18519539,0.013583831,0.03807,0.01701479,0.16982517,0.023232346,0.679252,0.0573622,0.05640556,0.047731817,0.059058048,0.17349955,null,null,null,null,"TWOGAUSSIANS",8,9.690148,0.18519539,0.013583831,0.21319202,0.09528282,0.16982506,0.023232086,0.679252,0.0573622,0.31587112,0.26729816,0.059057944,0.17349985
375316653866487564,6634609090792050944,0.54378134,2216.085948436733,3.8016309133833834,7.1356017E-6,16.037945,0.059248924,0.29394776,0.0043118675,0.061466657,0.009168531,0.5184751,0.12886196,0.79314417,0.006209536,0.05894133,0.01359533,0.52731806,0.16458848,0.03553055,0.068827264,0.29394776,0.0043118675,"TWOGAUSSIANS_WITH_ELLIPSOIDAL_ON_ECLIPSE1",9,147.13751,0.7931742,0.006123269,0.33007145,0.07613385,0.59818435,0.1701581,0.29394776,0.0043118675,0.34421328,0.051343773,0.58934313,0.05342425
375316653866487564,6634610259023091968,0.63367474,2191.0583414156276,2.2261204863144055,5.275006E-6,14.205413,0.040174063,0.27185827,0.007510815,0.06443619,0.018117284,0.19235706,0.075378515,0.75660175,0.0026637476,0.06913518,0.0098075485,0.3527392,0.076703444,0.060958263,0.041294105,0.75660175,0.0026637476,"TWOGAUSSIANS_WITH_ELLIPSOIDAL_ON_ECLIPSE2",9,111.1349,0.75660175,0.0026637476,0.38715702,0.04714744,0.47413117,0.0139737185,0.26923826,0.005645705,0.36084267,0.09794756,0.31282312,0.011803007
375316653866487564,6634611977006799616,0.48435104,2206.88527756987,0.10893376165083611,1.7680712E-5,18.851713,0.0068404484,0.19554353,0.039599482,0.07108315,0.025778146,0.19181941,0.038553927,0.8217845,0.012608265,0.050044842,0.0098863,0.18597962,0.03630992,null,null,null,null,"TWOGAUSSIANS",8,3.7422981,0.19554353,0.039599482,0.39806563,0.13968933,0.19181883,0.03855386,0.8217845,0.012608265,0.28025112,0.05536328,0.18597922,0.036310032
375316653866487564,6634621082340810624,0.6107667,2221.6935607908604,1.0559464526398978,6.5318322E-6,13.697623,0.0032341983,0.305592,0.010786948,0.021730643,0.013078894,0.024718462,0.00538752,0.7382873,0.0016601431,0.06667797,0.0055875066,0.08226867,0.011696802,0.10299661,0.004256974,0.7382873,0.0016601431,"TWOGAUSSIANS_WITH_ELLIPSOIDAL_ON_ECLIPSE2",9,80.58033,0.7382873,0.0016601431,0.37339664,0.031290036,0.28818786,0.0092455335,0.282932,0.040562868,0.1216916,0.0732418,0.20448273,0.0096060615
375316653866487564,6634625549107013248,0.62488514,2242.1773521042323,0.6290057275226865,4.5702956E-5,13.8668375,9.6487656E-4,0.10492423,0.004230123,0.012247969,0.0028877843,1.1610466,2.0737746,0.6932579,0.0050333682,0.016213143,0.004465484,0.2627994,0.10553105,null,null,null,null,"TWOGAUSSIANS",8,34.146008,0.10492423,0.004230123,0.06858863,0.016171591,1.1610466,2.0737746,0.6932579,0.0050333682,0.0907936,0.02500671,0.2627994,0.10553105
375316653866487564,6634629878433614208,0.5514244,2227.9467126341083,0.589577785615432,3.508227E-6,16.452919,0.010206803,0.2699619,2.8276574E-4,0.028583486,0.0021520627,1.6811137,0.2155668,null,null,null,null,null,null,0.060629603,0.016344124,0.2699619,2.8276574E-4,"ONEGAUSSIAN_WITH_ELLIPSOIDAL",6,152.15932,0.2699619,2.8276574E-4,0.16006751,0.012051552,1.8023729,0.23350258,null,null,null,null,null,null
