Gaia/vari_eclipsing_binary/VariEclipsingBinary_052209-052434.csv
# %ECSV 1.0
# ---
# delimiter: ','
# meta: !!omap
# - RELEASE: Gaia DR3
# - TABLE: vari_eclipsing_binary
# - DESCRIPTION: >
#     This table describes the properties of the eclipsing binaries resulting from the variability analysis. 
# - CITATION: >
#     How to cite and acknowledge Gaia: 
#     https://gea.esac.esa.int/archive/documentation/credits.html 
# - KNOWN_ISSUES: >
#     Known issues: 
#     https://www.cosmos.esa.int/web/gaia-users/known-issues 
# - DOCUMENTATION: >
#     Tutorials and documentation: 
#     https://www.cosmos.esa.int/web/gaia-users/archive 
# datatype:
# - 
#   name: solution_id
#   datatype: int64
#   description: Solution Identifier
#   meta:
#     ucd: meta.version
# - 
#   name: source_id
#   datatype: int64
#   description: Unique source identifier
#   meta:
#     ucd: meta.id;meta.main
# - 
#   name: global_ranking
#   datatype: float32
#   description: Number between 0 (worst) and 1 (best)
#   meta:
#     ucd: stat.param
# - 
#   name: reference_time
#   datatype: float64
#   unit: d
#   description: Reference time used for the geometric model fit
#   meta:
#     ucd: time.epoch
# - 
#   name: frequency
#   datatype: float64
#   unit: d**-1
#   description: Frequency of geometric model of the eclipsing binary light curve
#   meta:
#     ucd: src.orbital
# - 
#   name: frequency_error
#   datatype: float32
#   unit: d**-1
#   description: "Uncertainty of \\texttt{frequency}"
#   meta:
#     ucd: stat.error
# - 
#   name: geom_model_reference_level
#   datatype: float32
#   unit: mag
#   description: Magnitude reference level of geometric model
#   meta:
#     ucd: phot.mag;em.opt
# - 
#   name: geom_model_reference_level_error
#   datatype: float32
#   unit: mag
#   description: "Uncertainty of \\texttt{geomModelReferenceLevel}"
#   meta:
#     ucd: stat.error;phot.mag;em.opt
# - 
#   name: geom_model_gaussian1_phase
#   datatype: float32
#   description: Phase of the Gaussian 1 component
#   meta:
#     ucd: time.phase
# - 
#   name: geom_model_gaussian1_phase_error
#   datatype: float32
#   description: "Uncertainty of \\texttt{geomModelGaussian1Phase}"
#   meta:
#     ucd: stat.error;time.phase
# - 
#   name: geom_model_gaussian1_sigma
#   datatype: float32
#   description: "Standard deviation [phase] of Gaussian 1 component"
#   meta:
#     ucd: stat.stdev
# - 
#   name: geom_model_gaussian1_sigma_error
#   datatype: float32
#   description: "Uncertainty of \\texttt{geomModelGaussian1Sigma}"
#   meta:
#     ucd: stat.error
# - 
#   name: geom_model_gaussian1_depth
#   datatype: float32
#   unit: mag
#   description: Magnitude depth of Gaussian 1 component
#   meta:
#     ucd: src.var.amplitude
# - 
#   name: geom_model_gaussian1_depth_error
#   datatype: float32
#   unit: mag
#   description: "Uncertainty of \\texttt{geomModelGaussian1Depth}"
#   meta:
#     ucd: stat.error;src.var.amplitude
# - 
#   name: geom_model_gaussian2_phase
#   datatype: float32
#   description: Phase of Gaussian 2 component
#   meta:
#     ucd: time.phase
# - 
#   name: geom_model_gaussian2_phase_error
#   datatype: float32
#   description: "Uncertainty of \\texttt{geomModelGaussian2Phase}"
#   meta:
#     ucd: stat.error;time.phase
# - 
#   name: geom_model_gaussian2_sigma
#   datatype: float32
[...]
#   datatype: float32
#   description: "Secondary eclipse: uncertainty of \\texttt{derivedSecondaryEclDuration}"
#   meta:
#     ucd: stat.error;time.duration
# - 
#   name: derived_secondary_ecl_depth
#   datatype: float32
#   unit: mag
#   description: "Secondary eclipse: depth"
#   meta:
#     ucd: src.var.amplitude
# - 
#   name: derived_secondary_ecl_depth_error
#   datatype: float32
#   unit: mag
#   description: "Secondary eclipse: uncertainty of \\texttt{derivedSecondaryEclDepth}"
#   meta:
#     ucd: stat.error;src.var.amplitude
solution_id,source_id,global_ranking,reference_time,frequency,frequency_error,geom_model_reference_level,geom_model_reference_level_error,geom_model_gaussian1_phase,geom_model_gaussian1_phase_error,geom_model_gaussian1_sigma,geom_model_gaussian1_sigma_error,geom_model_gaussian1_depth,geom_model_gaussian1_depth_error,geom_model_gaussian2_phase,geom_model_gaussian2_phase_error,geom_model_gaussian2_sigma,geom_model_gaussian2_sigma_error,geom_model_gaussian2_depth,geom_model_gaussian2_depth_error,geom_model_cosine_half_period_amplitude,geom_model_cosine_half_period_amplitude_error,geom_model_cosine_half_period_phase,geom_model_cosine_half_period_phase_error,model_type,num_model_parameters,reduced_chi2,derived_primary_ecl_phase,derived_primary_ecl_phase_error,derived_primary_ecl_duration,derived_primary_ecl_duration_error,derived_primary_ecl_depth,derived_primary_ecl_depth_error,derived_secondary_ecl_phase,derived_secondary_ecl_phase_error,derived_secondary_ecl_duration,derived_secondary_ecl_duration_error,derived_secondary_ecl_depth,derived_secondary_ecl_depth_error
375316653866487564,459237561363112832,0.48609376,2237.0378629553825,0.8743561102616768,2.0964453E-5,16.074635,0.008256195,0.2537625,0.013648912,0.022555133,0.0160513,0.57186085,1.0254205,0.7292153,0.009652214,0.026795816,0.00808594,0.3468204,0.08314349,null,null,null,null,"TWOGAUSSIANS",8,154.58597,0.2537625,0.013648912,0.12630875,0.08988728,0.57186085,1.0254205,0.7292153,0.009652214,0.15005657,0.045281265,0.3468204,0.08314349
375316653866487564,459240752514704256,0.5939436,2207.4447138993596,0.9892436862394176,2.3162213E-6,17.27169,0.0032321052,0.057355944,0.0022934815,0.016237266,0.0013912418,0.2951546,0.038225178,0.5561183,0.002506269,0.016479477,0.0012808454,0.36588752,0.035029422,null,null,null,null,"TWOGAUSSIANS",8,4.6842346,0.5561183,0.002506269,0.09228507,0.007172734,0.36588752,0.035029422,0.057355944,0.0022934815,0.090928696,0.0077909543,0.2951546,0.038225178
375316653866487564,459241100416150400,0.58321345,2228.095860456717,0.42048537763601596,4.427349E-6,16.278925,0.0015033737,0.20665458,5.8023824E-4,0.018629672,4.30779E-4,0.25316474,0.010518923,0.8562717,0.005523163,0.022252074,0.0051463316,0.17391223,0.08129464,null,null,null,null,"TWOGAUSSIANS",8,6.007959,0.20665458,5.8023824E-4,0.10432616,0.0024123625,0.25316474,0.010518923,0.8562717,0.005523163,0.12461161,0.028819459,0.17391223,0.08129464
375316653866487564,459242543525102080,0.58373505,2205.334607008792,0.5706146311272077,2.9543857E-5,15.604657,0.0022405873,0.18585275,0.007932615,0.022620821,0.038963284,0.15398182,0.13598643,0.67616785,0.021193331,0.025837995,0.020258257,0.20351668,53.81336,0.010922295,0.0031134759,0.18585275,0.007932615,"TWOGAUSSIANS_WITH_ELLIPSOIDAL_ON_ECLIPSE1",9,7.8566484,0.67621785,0.02111375,0.14469276,0.11344624,0.22528093,53.814816,0.18585275,0.007932615,0.12667659,0.2181944,0.17582642,0.13951077
375316653866487564,459242990201727872,0.5592556,2185.635180423368,1.3704688324736976,6.612263E-5,17.458214,0.0030099133,0.13839765,6.544807E-4,0.0033102205,7.8984664E-4,0.10809061,0.016069196,0.9120203,0.0066461833,0.011825286,0.0012931401,6.9395914,6.9067025,null,null,null,null,"TWOGAUSSIANS",8,10.155157,0.9120203,0.0066461833,0.0662216,0.0072415844,6.9395914,6.9067025,0.13839765,6.544807E-4,0.018537236,0.0044231415,0.10809061,0.016069196
375316653866487564,459245150561057152,0.59882146,2211.574044002703,0.16710970152352636,7.153068E-5,17.673819,0.002857137,0.4248594,9.916485E-4,0.008135823,5.4958905E-4,0.4796923,0.044753626,0.7653983,0.02452027,0.086889975,0.038255505,0.033908572,0.049478777,null,null,null,null,"TWOGAUSSIANS",8,2.0378761,0.4248594,9.916485E-4,0.045560606,0.0030776989,0.479708,0.044739496,0.7653983,0.02452027,0.4,0.030603424,0.03390857,0.049478956
375316653866487564,459248242937852928,0.56575555,2187.984641278384,3.2564087794092074,8.6125865E-6,18.409481,0.015969342,0.2711183,0.002367477,0.053935483,0.007727281,0.15248,0.035328444,0.7593854,0.0033774693,0.052930687,0.008713168,0.220371,0.028013147,0.10367966,0.017989697,0.2711183,0.002367477,"TWOGAUSSIANS_WITH_ELLIPSOIDAL_ON_ECLIPSE1",9,3.0764215,0.7614054,0.002591904,0.29641184,0.048793744,0.4267941,0.013613147,0.2711183,0.002367477,0.3020387,0.043272775,0.35983488,0.017412724
375316653866487564,459249759070405888,0.63195974,2190.247864558855,1.2790934253290183,1.1534879E-5,17.37421,0.0030759522,0.32053828,0.0015680329,0.031332765,0.0019374993,0.45013618,0.028911792,0.82126266,0.003079022,0.03162678,0.0021274488,0.45569816,0.053756155,0.021143211,0.005590984,0.32053828,0.0015680329,"TWOGAUSSIANS_WITH_ELLIPSOIDAL_ON_ECLIPSE1",9,3.2722845,0.82126266,0.0030662874,0.17710996,0.011913713,0.49798372,0.056199778,0.32053828,0.0015680329,0.17546348,0.0108499965,0.4924226,0.0314872
375316653866487564,459249793429574912,0.6288629,2202.0373292123736,3.40505692048775,2.2457482E-6,17.465897,0.0063532856,0.31010428,5.151806E-4,0.04041923,0.00202576,0.36026824,0.01943107,0.81257874,0.0018107292,0.045411296,0.0023494787,0.41717824,0.019005543,0.13834888,0.009444284,0.31010428,5.151806E-4,"TWOGAUSSIANS_WITH_ELLIPSOIDAL_ON_ECLIPSE1",9,3.6242502,0.81257874,0.0018107292,0.25430328,0.01315708,0.6938089,0.01779701,0.31010428,5.151806E-4,0.22634768,0.011344257,0.6369658,0.019887349
375316653866487564,459250274465883776,0.4348711,2174.3368684068673,0.5108572733786292,3.5238332E-5,15.0864725,0.002631875,0.26486838,0.013647767,0.05154264,0.012198974,0.03664546,0.0061340667,0.7326552,0.0041715214,0.017132752,0.008020272,0.1755422,2.223498,0.0049923616,0.0030764097,0.26486838,0.013647767,"TWOGAUSSIANS_WITH_ELLIPSOIDAL_ON_ECLIPSE1",9,50.580864,0.7326952,0.004114105,0.095943406,0.044913523,0.18512365,2.2236388,0.26486838,0.013647767,0.2886388,0.068314254,0.046629887,0.0058489796
375316653866487564,459250785558450304,0.5876305,2202.9867933851588,1.0974673944910238,4.8269467E-6,18.849125,0.005992086,0.27411795,0.012740735,0.03813737,0.0058235684,0.811312,0.11971604,0.77162325,0.008128734,0.054093074,0.0077742506,0.2197118,0.0089721065,null,null,null,null,"TWOGAUSSIANS",8,2.0234716,0.27411795,0.012740735,0.21356927,0.032611985,0.8113117,0.119715035,0.77162325,0.008128734,0.3029212,0.043535803,0.21971153,0.008971701
375316653866487564,459251923733294976,0.6420186,2176.490649654554,0.329061068205324,8.1120825E-6,16.987072,0.0013506345,0.41074842,0.002738643,0.012408663,0.0018921718,0.46194527,0.06070718,0.91026986,1.8062905E-4,0.011725503,3.569371E-4,0.19655478,0.008856271,null,null,null,null,"TWOGAUSSIANS",8,2.7988071,0.41074842,0.002738643,0.06948851,0.010596163,0.46194527,0.06070718,0.91026986,1.8062905E-4,0.065662816,0.0019988476,0.19655478,0.008856271
375316653866487564,459253195043612160,0.61043227,2166.2897990513243,3.5304340514900168,4.8158136E-6,18.57299,0.0077807456,0.27887255,0.0011275485,0.049421083,0.0020346246,0.43254694,0.021639498,0.77411896,0.0048565255,0.03835387,0.00478724,0.3614582,0.05976922,0.12059218,0.011544263,0.27887255,0.0011275485,"TWOGAUSSIANS_WITH_ELLIPSOIDAL_ON_ECLIPSE1",9,2.2325683,0.27887255,0.0011275485,0.27675807,0.011393897,0.67372984,0.015035734,0.774459,0.004643864,0.21478167,0.026808545,0.6024415,0.06434499
375316653866487564,459256802816472704,0.5385241,2229.8668211063537,2.5367377065390126,1.8553335E-5,16.905676,0.049166057,0.18523142,0.0049967524,0.10123381,0.013105612,0.39020395,0.04738912,0.67402226,0.0042817704,0.11164941,0.015551617,0.36950037,0.04534298,null,null,null,null,"TWOGAUSSIANS",8,33.87857,0.18525141,0.0049832137,0.4,0.0,0.3478817,0.015749244,0.67402226,0.0042817704,0.4,0.0,0.32714683,0.020279028
375316653866487564,459257520068366080,0.43031323,2155.1073702513536,3.0135726940594307,5.0384624E-5,19.440464,0.012787258,0.2227374,0.012228096,0.049029663,0.010499745,0.18253192,0.026680619,0.712906,0.016384643,0.032254074,0.0080511635,0.16240314,0.038638055,null,null,null,null,"TWOGAUSSIANS",8,4.1282263,0.2227374,0.012228096,0.2745661,0.05879857,0.18253191,0.026680617,0.712906,0.016384643,0.18062282,0.045086518,0.16240314,0.038638048
375316653866487564,459258516499894912,0.5950576,2188.287390334414,3.14857717101652,5.810655E-6,19.168531,0.011673416,0.2554761,0.002300525,0.039590675,0.0075729815,0.3698974,0.11016496,0.76401615,0.0032832257,0.04654037,0.005135384,0.31477982,0.041291744,0.12784888,0.01643057,0.2554761,0.002300525,"TWOGAUSSIANS_WITH_ELLIPSOIDAL_ON_ECLIPSE1",9,1.8161107,0.2554761,0.002300525,0.22170779,0.042408697,0.6255951,0.12735765,0.76401615,0.0032832257,0.26062605,0.02875815,0.56974196,0.03652807
375316653866487564,459258864400361088,0.5170557,2201.666288640677,0.5592531793416429,7.2116964E-6,10.746692,8.5408514E-4,0.19438422,0.001723824,0.023016743,0.006582448,0.013279053,0.006872383,null,null,null,null,null,null,0.028906612,0.0017112964,0.19438422,0.001723824,"ONEGAUSSIAN_WITH_ELLIPSOIDAL",6,29.594141,0.19438422,0.001723824,0.12889376,0.036861707,0.07109227,0.006944856,null,null,null,null,null,null
375316653866487564,459263739181275648,0.53837687,2198.4219031077173,2.902108828116797,1.1755491E-5,18.259394,0.009316985,0.29214585,0.0029046182,0.09467386,0.0052043814,0.25949618,0.010911669,0.7997619,0.0043812273,0.089388676,0.0072625764,0.24644634,0.013699251,null,null,null,null,"TWOGAUSSIANS",8,2.5664563,0.29214585,0.0029046182,0.4,0.0,0.24820949,0.010061959,0.7997619,0.0043812273,0.4,0.0,0.23516005,0.014305656
375316653866487564,459263846564101632,0.48106498,2173.5408434666383,2.99657735589703,2.901045E-5,19.604101,0.013843245,0.2411279,0.005762481,0.10200603,0.012639708,0.19450086,0.01300045,0.74185675,0.011207932,0.08241388,0.014838247,0.19567984,0.020587118,null,null,null,null,"TWOGAUSSIANS",8,1.2360675,0.74185675,0.011207932,0.4,0.0,0.18596686,0.018646564,0.2411279,0.005762481,0.4,0.0,0.18478553,0.009795706
375316653866487564,459268004091158400,0.6067711,2234.0259112156878,0.30466208574709636,1.1013581E-5,16.411957,8.2617014E-4,0.4516377,0.013867243,0.017311275,0.0041535674,0.5955623,0.31624347,null,null,null,null,null,null,null,null,null,null,"ONEGAUSSIAN",5,2.408942,0.4516377,0.013867243,0.09694314,0.023259977,0.5955623,0.0,null,null,null,null,null,null
375316653866487564,459268313328802304,0.5381535,2206.077267660722,0.27189818753303496,7.670852E-5,16.880215,0.0014118962,0.6969747,0.0029134394,0.02610558,0.0016210458,0.2695769,0.017545838,null,null,null,null,null,null,null,null,null,null,"ONEGAUSSIAN",5,5.899539,0.6969747,0.0029134394,0.14619125,0.009077856,0.2695769,0.0,null,null,null,null,null,null
375316653866487564,459271160884906368,0.45161825,2187.9374159244867,0.873876193500128,1.535036E-5,19.449757,0.0060398397,0.33053067,3.520782E-5,0.007727251,2.717801E-4,0.1610218,0.005274198,0.8374507,0.0037132704,0.020888593,0.006066583,0.2225398,0.041987516,null,null,null,null,"TWOGAUSSIANS",8,4.330619,0.8374507,0.0037132704,0.11697612,0.033972867,0.2225398,0.041987516,0.33053067,3.520782E-5,0.043272607,0.0015219685,0.1610218,0.005274198
375316653866487564,459271882439455104,0.65276724,2222.3784062001814,0.8715309322743534,1.7139158E-6,17.810781,0.002090441,0.09947959,0.028460661,0.022962993,0.013253531,0.01088654,0.015414881,0.2785717,7.80312E-4,0.031164778,6.029312E-4,0.6228316,0.004559848,0.0030511867,0.0030572785,0.2785717,7.80312E-4,"TWOGAUSSIANS_WITH_ELLIPSOIDAL_ON_ECLIPSE2",9,3.7503047,0.2785717,7.80312E-4,0.17452276,0.0033764145,0.62893397,0.0052582934,0.10094959,0.029365694,0.12859276,0.07421978,0.012041707,0.015202515
375316653866487564,459272019878432640,0.49606168,2204.7501979490867,3.1458072762650877,2.3023029E-5,18.85277,0.0072202915,0.2823282,0.006941381,0.06360275,0.011020033,0.15124387,0.0112683745,0.7705477,0.00874697,0.0730262,0.010451243,0.16624284,0.008897979,null,null,null,null,"TWOGAUSSIANS",8,2.9438667,0.7705477,0.00874697,0.4,0.012365788,0.16595776,0.008871955,0.2823282,0.006941381,0.35617542,0.06165901,0.15095879,0.01130115
375316653866487564,459273879606311936,0.44043887,2230.7948152280414,3.1058374560903728,2.4243976E-5,19.017134,0.41291526,0.27855143,0.0057830713,0.17016397,0.10437093,0.32582206,0.40525058,0.77595294,0.0055709286,0.1394815,0.060456824,0.30952457,0.35705966,null,null,null,null,"TWOGAUSSIANS",8,3.6428418,0.27870142,0.00590672,0.4,0.0,0.15734927,0.013475507,0.77595294,0.0055709286,0.4,0.0,0.14874762,0.014264042
375316653866487564,459274669880268672,0.60470057,2205.447795436007,2.399960926918317,3.070305E-6,16.345413,0.0076519186,0.23986723,0.0011056466,0.036740534,0.0012350781,0.67126745,0.030196263,0.73951274,0.0017495855,0.036823887,0.0026144974,0.46780884,0.03152614,0.045209702,0.012807341,0.23986723,0.0011056466,"TWOGAUSSIANS_WITH_ELLIPSOIDAL_ON_ECLIPSE1",9,43.102013,0.23986723,0.0011056466,0.205747,0.006916437,0.7616868,0.023408223,0.7395227,0.0017193487,0.20621377,0.014641186,0.5582278,0.029043334
375316653866487564,459279239725626752,0.6476297,2230.5876858005504,1.518529697007494,3.5003236E-6,13.968601,0.00872788,0.24824664,0.001547787,0.115988895,0.005286423,0.15905301,0.0085026,0.75358814,9.3863247E-4,0.10419326,0.0054348474,0.14420916,0.008097074,null,null,null,null,"TWOGAUSSIANS",8,8.866071,0.24824664,0.001547787,0.4,0.0,0.13727912,0.002567531,0.75360817,9.445513E-4,0.4,0.0,0.1224622,0.0022525687
375316653866487564,459280236157988736,0.51512897,2234.207526000263,3.8388428618710213,1.5885682E-5,15.576967,0.054427475,0.24774063,0.003218891,0.11290654,0.025119726,0.24622665,0.043405507,0.72252566,0.005029791,0.10900732,0.024913622,0.21951227,0.048576526,null,null,null,null,"TWOGAUSSIANS",8,52.66326,0.24777062,0.0031666844,0.4,0.0,0.21797207,0.009464397,0.72252566,0.005029791,0.4,0.0,0.19127955,0.015537608
375316653866487564,459281163870916224,0.47321886,2210.0537003582253,0.5358240157843311,2.3597078E-5,13.722384,0.0016412074,0.39298087,0.023674319,0.046117138,0.020508818,0.041844603,0.009342144,0.90622115,0.031935617,0.04326621,0.023791676,0.038319513,0.037485212,null,null,null,null,"TWOGAUSSIANS",8,45.574295,0.39298087,0.023674319,0.258256,0.11484939,0.041844595,0.009342147,0.90622115,0.031935617,0.24229077,0.13323338,0.038319506,0.037485216
375316653866487564,459286760206577536,0.50318754,2183.197675413427,2.8933550757792594,1.148418E-5,19.71246,0.08951744,0.26214427,0.006001121,0.09865684,0.020580303,0.34621346,0.08239425,0.7464662,0.012764153,0.09764418,0.040307492,0.3366856,0.06099948,null,null,null,null,"TWOGAUSSIANS",8,1.7418977,0.26214427,0.005691512,0.4,0.0,0.3245469,0.019071762,0.7464662,0.012764153,0.4,0.0,0.31501967,0.026432343
375316653866487564,459287142464803840,0.42361873,2269.7474292958123,0.7046063562128297,9.695642E-6,18.431923,0.0064354446,0.26554826,0.015225288,0.024133127,0.009641807,0.07077014,0.039324533,0.7709725,0.0014466271,0.013533043,0.0023095536,0.5113292,0.5345335,null,null,null,null,"TWOGAUSSIANS",8,7.1138544,0.7709725,0.0014466271,0.07578504,0.0129335,0.5113292,0.5345335,0.26554826,0.015225288,0.13514552,0.053994115,0.07077014,0.039324533
375316653866487564,459288443833697152,0.51609707,2197.702980541863,2.3025517526723984,1.0797852E-5,17.155022,0.0018563743,0.59616655,0.0073672947,0.017137675,0.007417062,0.0521797,0.04433045,0.81776154,0.0062370733,0.0074899606,0.007302518,0.2976036,0.045780327,0.008999202,0.0032390435,0.81776154,0.0062370733,"TWOGAUSSIANS_WITH_ELLIPSOIDAL_ON_ECLIPSE2",9,12.5284605,0.81776154,0.0062370733,0.041943777,0.040894102,0.31560194,0.0467236,0.59638655,0.0073666377,0.09597097,0.04153555,0.052751303,0.044448353
375316653866487564,459290681518318336,0.6181337,2186.3453039342194,0.4940679898467808,2.3209228E-5,15.670897,7.09272E-4,0.07227257,0.031353362,0.0202403,0.019655764,0.0059105232,0.535719,0.2893235,6.8072835E-4,0.02517554,9.420304E-4,0.45417374,0.022058489,0.0014380381,0.0013070599,0.2893235,6.8072835E-4,"TWOGAUSSIANS_WITH_ELLIPSOIDAL_ON_ECLIPSE2",9,7.9883804,0.2893235,6.8072835E-4,0.14098302,0.00527537,0.45704982,0.02272272,0.07278257,0.031902906,0.113345675,0.11007228,0.0060338927,0.5356587
375316653866487564,459293013679088384,0.48197833,2215.058249230855,0.6452701319271933,6.2595005E-5,17.055885,0.0017349361,0.4044624,0.011323434,0.03401048,0.017004576,0.028286904,0.0055139908,0.7934625,0.017812015,0.030208962,0.024425626,0.16123897,3.5711688E13,0.018695336,0.0023220857,0.7934625,0.017812015,"TWOGAUSSIANS_WITH_ELLIPSOIDAL_ON_ECLIPSE2",9,9.389491,0.7934625,0.017812015,0.16917019,0.1367835,0.19862938,3.5711688E13,0.3949024,0.016186211,0.19045869,0.095225625,0.051340796,0.005589905
375316653866487564,459301225654551168,0.5918345,2184.5385598456833,3.6634072411957246,6.994048E-6,19.339342,0.009067242,0.29253736,0.0011696063,0.06412093,0.0016997367,0.57778746,0.011651522,0.7933973,0.0031806298,0.067460604,0.0035469807,0.6260555,0.02569736,null,null,null,null,"TWOGAUSSIANS",8,1.7142984,0.7933973,0.0031806298,0.3777794,0.019863091,0.625196,0.0258085,0.29253736,0.0011696063,0.35907724,0.009518526,0.57692796,0.011542923
