Gaia/vari_eclipsing_binary/VariEclipsingBinary_467244-467255.csv
# %ECSV 1.0
# ---
# delimiter: ','
# meta: !!omap
# - RELEASE: Gaia DR3
# - TABLE: vari_eclipsing_binary
# - DESCRIPTION: >
#     This table describes the properties of the eclipsing binaries resulting from the variability analysis. 
# - CITATION: >
#     How to cite and acknowledge Gaia: 
#     https://gea.esac.esa.int/archive/documentation/credits.html 
# - KNOWN_ISSUES: >
#     Known issues: 
#     https://www.cosmos.esa.int/web/gaia-users/known-issues 
# - DOCUMENTATION: >
#     Tutorials and documentation: 
#     https://www.cosmos.esa.int/web/gaia-users/archive 
# datatype:
# - 
#   name: solution_id
#   datatype: int64
#   description: Solution Identifier
#   meta:
#     ucd: meta.version
# - 
#   name: source_id
#   datatype: int64
#   description: Unique source identifier
#   meta:
#     ucd: meta.id;meta.main
# - 
#   name: global_ranking
#   datatype: float32
#   description: Number between 0 (worst) and 1 (best)
#   meta:
#     ucd: stat.param
# - 
#   name: reference_time
#   datatype: float64
#   unit: d
#   description: Reference time used for the geometric model fit
#   meta:
#     ucd: time.epoch
# - 
#   name: frequency
#   datatype: float64
#   unit: d**-1
#   description: Frequency of geometric model of the eclipsing binary light curve
#   meta:
#     ucd: src.orbital
# - 
#   name: frequency_error
#   datatype: float32
#   unit: d**-1
#   description: "Uncertainty of \\texttt{frequency}"
#   meta:
#     ucd: stat.error
# - 
#   name: geom_model_reference_level
#   datatype: float32
#   unit: mag
#   description: Magnitude reference level of geometric model
#   meta:
#     ucd: phot.mag;em.opt
# - 
#   name: geom_model_reference_level_error
#   datatype: float32
#   unit: mag
#   description: "Uncertainty of \\texttt{geomModelReferenceLevel}"
#   meta:
#     ucd: stat.error;phot.mag;em.opt
# - 
#   name: geom_model_gaussian1_phase
#   datatype: float32
#   description: Phase of the Gaussian 1 component
#   meta:
#     ucd: time.phase
# - 
#   name: geom_model_gaussian1_phase_error
#   datatype: float32
#   description: "Uncertainty of \\texttt{geomModelGaussian1Phase}"
#   meta:
#     ucd: stat.error;time.phase
# - 
#   name: geom_model_gaussian1_sigma
#   datatype: float32
#   description: "Standard deviation [phase] of Gaussian 1 component"
#   meta:
#     ucd: stat.stdev
# - 
#   name: geom_model_gaussian1_sigma_error
#   datatype: float32
#   description: "Uncertainty of \\texttt{geomModelGaussian1Sigma}"
#   meta:
#     ucd: stat.error
# - 
#   name: geom_model_gaussian1_depth
#   datatype: float32
#   unit: mag
#   description: Magnitude depth of Gaussian 1 component
#   meta:
#     ucd: src.var.amplitude
# - 
#   name: geom_model_gaussian1_depth_error
#   datatype: float32
#   unit: mag
#   description: "Uncertainty of \\texttt{geomModelGaussian1Depth}"
#   meta:
#     ucd: stat.error;src.var.amplitude
# - 
#   name: geom_model_gaussian2_phase
#   datatype: float32
#   description: Phase of Gaussian 2 component
#   meta:
#     ucd: time.phase
# - 
#   name: geom_model_gaussian2_phase_error
#   datatype: float32
#   description: "Uncertainty of \\texttt{geomModelGaussian2Phase}"
#   meta:
#     ucd: stat.error;time.phase
# - 
#   name: geom_model_gaussian2_sigma
#   datatype: float32
[...]
#   datatype: float32
#   description: "Secondary eclipse: uncertainty of \\texttt{derivedSecondaryEclDuration}"
#   meta:
#     ucd: stat.error;time.duration
# - 
#   name: derived_secondary_ecl_depth
#   datatype: float32
#   unit: mag
#   description: "Secondary eclipse: depth"
#   meta:
#     ucd: src.var.amplitude
# - 
#   name: derived_secondary_ecl_depth_error
#   datatype: float32
#   unit: mag
#   description: "Secondary eclipse: uncertainty of \\texttt{derivedSecondaryEclDepth}"
#   meta:
#     ucd: stat.error;src.var.amplitude
solution_id,source_id,global_ranking,reference_time,frequency,frequency_error,geom_model_reference_level,geom_model_reference_level_error,geom_model_gaussian1_phase,geom_model_gaussian1_phase_error,geom_model_gaussian1_sigma,geom_model_gaussian1_sigma_error,geom_model_gaussian1_depth,geom_model_gaussian1_depth_error,geom_model_gaussian2_phase,geom_model_gaussian2_phase_error,geom_model_gaussian2_sigma,geom_model_gaussian2_sigma_error,geom_model_gaussian2_depth,geom_model_gaussian2_depth_error,geom_model_cosine_half_period_amplitude,geom_model_cosine_half_period_amplitude_error,geom_model_cosine_half_period_phase,geom_model_cosine_half_period_phase_error,model_type,num_model_parameters,reduced_chi2,derived_primary_ecl_phase,derived_primary_ecl_phase_error,derived_primary_ecl_duration,derived_primary_ecl_duration_error,derived_primary_ecl_depth,derived_primary_ecl_depth_error,derived_secondary_ecl_phase,derived_secondary_ecl_phase_error,derived_secondary_ecl_duration,derived_secondary_ecl_duration_error,derived_secondary_ecl_depth,derived_secondary_ecl_depth_error
[from data line 227]
375316653866487564,4109966493210764928,0.54194516,2259.7539743404604,0.23913951014184448,3.254225E-5,19.588226,0.07109305,0.36048412,0.025315901,0.106513895,0.03508808,0.26493227,0.056367744,0.7701949,0.049329862,0.14952916,0.08182281,0.16901886,0.06340809,null,null,null,null,"TWOGAUSSIANS",8,0.76219785,0.36368412,0.019874686,0.4,0.0,0.24136677,0.026546026,0.7701949,0.049329862,0.4,0.0,0.1414731,0.022528334
375316653866487564,4109966527570489216,0.49295563,2271.7490209046528,2.555207127216672,1.7886652E-5,18.595013,0.21556936,0.2188097,0.012379685,0.14457582,0.06554291,0.28707662,0.20985337,0.7111106,0.0047776178,0.11542567,0.029148996,0.35020947,0.19566801,null,null,null,null,"TWOGAUSSIANS",8,4.3616085,0.7111106,0.0047776178,0.4,0.0,0.25978816,0.013612547,0.2188497,0.012291863,0.4,0.0,0.19524246,0.019786341
375316653866487564,4109966699370738560,0.59450287,2268.3344060045692,0.9066687635469591,1.5986194E-5,17.364975,0.012145121,0.27331382,0.003947036,0.09264027,0.0050924104,0.45734078,0.020552905,0.76844215,0.0044043646,0.0756883,0.005987455,0.5150516,0.016379565,null,null,null,null,"TWOGAUSSIANS",8,11.029897,0.76844215,0.0044043646,0.4,0.0,0.5043814,0.013941318,0.27331382,0.003947036,0.4,0.0,0.44667011,0.019663664
375316653866487564,4109966974246924800,0.5468695,2282.1117801634323,2.3462834382064006,2.1436917E-5,19.391035,0.018565202,0.19819212,0.004737533,0.082446136,0.005353321,0.54547423,0.06740614,0.68901384,0.006630345,0.078368604,0.008750299,0.5906724,0.04479537,null,null,null,null,"TWOGAUSSIANS",8,3.464691,0.68901384,0.006630345,0.4,0.0,0.5831303,0.04659758,0.19819212,0.004737533,0.4,0.0,0.53793216,0.067800954
375316653866487564,4109967184664622080,0.5087726,2238.0105696950595,1.4274693851216478,1.5386944E-5,18.40616,0.004454271,0.25666615,8.740874E-4,0.009703817,0.0020022346,0.37638953,0.23089005,0.7658847,0.0051723714,0.06385701,0.0117419185,0.06450677,0.022479234,0.1002976,0.007921882,0.7658847,0.0051723714,"TWOGAUSSIANS_WITH_ELLIPSOIDAL_ON_ECLIPSE2",9,8.202997,0.25670618,8.7630906E-4,0.054341376,0.011212513,0.57628495,0.2440087,0.7658847,0.0051723714,0.3575993,0.062306862,0.26507178,0.021525845
375316653866487564,4109967219025961472,0.4791059,2329.578424268722,1.1483776474145422,5.7554647E-5,18.583424,0.018390726,0.043615986,0.002301395,0.009763459,0.0055576046,0.041852508,0.028003514,0.6892363,0.009944517,0.04090943,0.02566008,0.25486478,0.48177293,0.100656,0.034831338,0.6892363,0.009944517,"TWOGAUSSIANS_WITH_ELLIPSOIDAL_ON_ECLIPSE2",9,13.780403,0.6892363,0.009944517,0.22909279,0.14369646,0.45617646,0.48531827,0.046555985,0.0020982658,0.05467537,0.031122586,0.1184731,0.04223191
375316653866487564,4109967352205534976,0.47783485,2256.2609153062867,0.0771916193958261,1.918371E-5,17.841072,0.0021278777,0.18799551,0.0014281262,0.010132418,0.0010212973,0.37845635,0.093233146,0.71186346,0.060046814,0.009618942,0.051840074,0.056745004,0.030118424,null,null,null,null,"TWOGAUSSIANS",8,1.2856122,0.18799551,0.0014281262,0.056741543,0.005719265,0.37845635,0.093233146,0.71186346,0.060046814,0.053866073,0.29030442,0.056745004,0.030118424
375316653866487564,4109967390911682688,0.48595637,2260.2950793128502,0.03994964876161629,4.6859856E-5,19.493444,0.049411602,0.3077068,0.0138294,0.07045853,0.01303424,0.23796082,0.050833482,0.71391034,0.015688002,0.15281467,0.026441004,0.41754735,0.051019426,null,null,null,null,"TWOGAUSSIANS",8,2.1313496,0.71391034,0.015688002,0.4,0.0,0.39837486,0.04803704,0.3123568,0.013391268,0.3945678,0.051216006,0.23168878,0.046518482
375316653866487564,4109967420925025280,0.4807798,2256.1868966477423,0.04341949733466509,4.658495E-6,18.532173,0.010272964,0.24553978,0.021031564,0.08398116,0.013781489,0.057099782,0.015667483,0.9027775,4.785713E-4,0.0035192433,6.0635986E-4,0.3867277,0.08147415,null,null,null,null,"TWOGAUSSIANS",8,6.5150237,0.9027775,4.785713E-4,0.019707762,0.0033956151,0.38674146,0.081475616,0.24553978,0.021031564,0.4,0.0,0.05709978,0.015667493
375316653866487564,4109967489644713344,0.5471347,2270.7990000931727,0.8090464912283324,1.3420173E-5,18.203466,0.007914966,0.22569977,0.0028359632,0.089327954,0.004628919,0.19177993,0.008163908,0.7289751,0.005332288,0.08530906,0.009798192,0.16930796,0.013814056,null,null,null,null,"TWOGAUSSIANS",8,1.5624477,0.22569977,0.0028359632,0.4,0.0,0.18610673,0.0061476133,0.7289751,0.005332288,0.4,0.0,0.16363482,0.014870973
375316653866487564,4109967558364197120,0.4805094,2260.5952875937933,0.35929525812814617,3.5642617E-5,18.946554,0.011099048,0.40046716,0.009011319,0.019345952,0.014120082,0.062479217,0.17910731,0.7028891,0.026493015,0.058595903,0.034720402,0.28909558,0.20706594,null,null,null,null,"TWOGAUSSIANS",8,1.7715575,0.7028891,0.026493015,0.32813707,0.081203654,0.28909558,0.20706604,0.40046716,0.009019052,0.10833733,0.07907246,0.062479693,0.17909743
375316653866487564,4109967562710368768,0.5301639,2265.964042547233,1.997662032109455,2.612999E-5,18.754103,0.063261576,0.3576774,0.004422135,0.07893469,0.014178152,0.35443687,0.060720418,0.85101324,0.034307484,0.11886626,0.09075859,0.14618741,0.04582041,null,null,null,null,"TWOGAUSSIANS",8,3.314807,0.3576874,0.004385816,0.4,0.0,0.33966038,0.02125803,0.85101324,0.034307484,0.4,0.020480955,0.13136777,0.021791955
375316653866487564,4109967970662595328,0.44970766,2287.175008257053,1.333225716713111,8.031527E-5,18.77228,0.03739649,0.2461993,0.009748236,0.10742699,0.018059876,0.3290979,0.04257516,0.75432515,0.015603474,0.060385752,0.0146969035,0.2681133,0.05837438,null,null,null,null,"TWOGAUSSIANS",8,14.400409,0.2461993,0.009748236,0.4,0.0,0.32310897,0.040217254,0.75432515,0.015602644,0.33816022,0.0778287,0.26213816,0.05379878
375316653866487564,4109968318537249792,0.5356062,2273.5394555720786,1.3869713459271982,2.2806324E-5,19.285524,0.023384124,0.2200968,0.0036829268,0.06482941,0.008830883,0.73183674,0.07999945,0.73161787,0.004813232,0.06930048,0.005291148,0.54777604,0.05524824,null,null,null,null,"TWOGAUSSIANS",8,6.126161,0.2200968,0.0036829268,0.36304468,0.044195224,0.7309626,0.08088328,0.73161787,0.004813232,0.3880827,0.029630428,0.5469019,0.055177223
375316653866487564,4109968486033662976,0.5198944,2276.60191967779,1.8028200750287724,1.92818E-5,17.657372,0.021633532,0.29013613,0.008551476,0.0725758,0.009485753,0.27800852,0.040464614,0.77667,0.0024066495,0.08172308,0.0069644004,0.5616923,0.054218814,null,null,null,null,"TWOGAUSSIANS",8,35.45432,0.77667,0.0024066495,0.4,0.0,0.5585329,0.05531361,0.29013613,0.008551476,0.4,0.02758962,0.27484915,0.040257156
375316653866487564,4109968559144001920,0.520992,2309.4961573921773,1.9347796976952278,1.9107412E-5,19.462238,0.0128996195,0.33134073,0.005958319,0.08295031,0.0059749978,0.35736462,0.012781468,0.844168,0.008885526,0.07306535,0.005571979,0.28256968,0.014239453,null,null,null,null,"TWOGAUSSIANS",8,1.798276,0.33134073,0.005958319,0.4,0.0,0.35448536,0.01177437,0.844168,0.008885526,0.4,0.005248789,0.2796904,0.013546324
375316653866487564,4109968932735435648,0.5303138,2262.6998617681834,1.0994638547692006,1.8380037E-5,18.796345,0.0101270685,0.2545083,0.005209299,0.06295539,0.0057713278,0.4327897,0.026550619,0.7294283,0.04218468,0.06140303,0.031165812,0.17803791,0.12412536,null,null,null,null,"TWOGAUSSIANS",8,7.1017594,0.2545083,0.005209299,0.35255018,0.032319434,0.43271503,0.026496442,0.7294283,0.04218468,0.34385696,0.10874433,0.17796324,0.12507913
375316653866487564,4109969418049488000,0.49648228,2267.8326507182646,4.227844533863449,4.142998E-5,19.111351,0.019980067,0.7193127,0.01791108,0.04175801,0.01583608,0.124445505,0.045896087,0.47865605,0.015072279,0.13028684,0.018300815,0.32477316,0.029449977,null,null,null,null,"TWOGAUSSIANS",8,5.082717,0.47865605,0.015072279,0.4,0.0,0.3243615,0.029467313,0.7051127,0.026540702,0.23384485,0.08868205,0.18874787,0.03986822
375316653866487564,4109969619951780224,0.52086383,2274.7618323302277,2.4640882607964194,3.4260764E-5,19.366419,0.006562468,null,null,null,null,null,null,null,null,null,null,null,null,0.122607455,0.008533759,0.2524238,0.0060555506,"ELLIPSOIDAL",4,1.9388082,null,null,null,null,null,null,null,null,null,null,null,null
375316653866487564,4109969796094125696,0.6230587,2264.6816074520143,2.1430419074113543,1.2344872E-5,15.761492,0.02063625,0.2754151,0.0025492345,0.100483686,0.008874093,0.25486383,0.019060131,0.77446413,0.004049695,0.09888673,0.007933162,0.26877868,0.021189976,null,null,null,null,"TWOGAUSSIANS",8,13.352527,0.77446413,0.004049695,0.4,0.0,0.24650699,0.010956078,0.2754151,0.0025492345,0.4,0.0,0.23259148,0.006614039
375316653866487564,4109969967805340160,0.44595888,2318.105407230609,1.6957908034205218,2.5696801E-5,19.875292,0.02936951,0.24214977,0.01578936,0.09606048,0.030608535,0.20091143,0.047650225,0.77486175,4.946236E-4,0.017833835,0.0014505199,6.1439753,2.8234026,null,null,null,null,"TWOGAUSSIANS",8,3.785977,0.77486175,4.946236E-4,0.09986947,0.008122912,6.143968,2.8233998,0.24214977,0.01578936,0.4,0.0,0.20090266,0.047697723
375316653866487564,4109970066615537664,0.52682185,2193.1452273823716,0.29876713681055,5.922388E-5,19.164068,0.009928367,0.47249922,0.0063972124,0.09863886,0.0067144553,0.27988932,0.012540889,0.6842832,0.015060293,0.033539068,0.0162465,0.19778419,0.14091493,null,null,null,null,"TWOGAUSSIANS",8,2.320772,0.47249922,0.006375444,0.4,0.0,0.27988783,0.012542831,0.6842832,0.015060293,0.18781878,0.090980396,0.22570573,0.1384129
375316653866487564,4109970174073194368,0.40058354,2241.196592152881,0.7336341677255451,2.1084215E-4,19.533827,0.06755986,0.175946,0.030882603,0.03950222,0.03834781,0.41618925,0.16655245,0.40395573,0.029492341,0.18394338,0.04484193,0.56918406,0.06608805,null,null,null,null,"TWOGAUSSIANS",8,2.9816124,0.182816,0.02349901,0.22121243,0.19644952,0.65802735,0.13450168,0.40395573,0.029492341,0.4,0.0,0.54088145,0.042154096
375316653866487564,4109970242770091008,0.5518021,2276.832244798806,1.593291993935335,1.2565888E-5,18.463163,0.047176473,0.2961775,0.0095304735,0.101107396,0.020960268,0.23556735,0.044767264,0.7966388,0.0047119604,0.10152331,0.018853016,0.26460847,0.041938957,null,null,null,null,"TWOGAUSSIANS",8,3.4335186,0.7966388,0.0047119604,0.4,0.0,0.24096663,0.011918398,0.2961775,0.0095304735,0.4,0.0,0.21192606,0.013602926
375316653866487564,4109970277129897856,0.56004524,2284.201298992516,1.3463474516440161,1.9082208E-5,18.824362,0.009380704,0.32327628,0.0049798386,0.025150983,0.0050902255,0.15081783,0.02756296,0.79800683,0.007254211,0.052641228,0.005527091,0.52409834,0.016839446,null,null,null,null,"TWOGAUSSIANS",8,4.7691364,0.79800683,0.007254211,0.29479086,0.03095171,0.52409834,0.016839446,0.32327628,0.0049798386,0.1408455,0.028505262,0.15081783,0.02756296
375316653866487564,4109970513302689792,0.46639708,2251.2536856131096,0.8356464467636922,5.9958867E-5,19.292963,0.11052719,0.47325012,0.04001058,0.18686965,0.05698094,0.5036924,0.0794371,0.8617889,0.022025224,0.09049179,0.03184413,0.3436077,0.06089123,null,null,null,null,"TWOGAUSSIANS",8,4.079426,0.47336012,0.039137624,0.4,0.0,0.42751148,0.108748786,0.8617889,0.022025224,0.4,0.0,0.32777506,0.055721935
375316653866487564,4109970616337389056,0.548891,2256.502628426392,1.0617177603871732,1.861051E-5,18.213926,0.005776799,0.22293787,0.0062257103,0.087667085,0.0064592464,0.19434083,0.009762071,0.7157676,0.0049869246,0.08203637,0.007919106,0.22840884,0.02275272,null,null,null,null,"TWOGAUSSIANS",8,1.8625206,0.7157676,0.0049869246,0.4,0.0,0.22358398,0.024405379,0.22293787,0.0062257103,0.4,0.0,0.18951592,0.009343407
375316653866487564,4109970788160611712,0.4754039,2312.657987306447,3.3999784153241213,5.1108644E-5,19.727125,0.045004845,0.17971395,0.0066662454,0.07671193,0.01436778,0.30154693,0.044607848,0.7223882,0.03401779,0.09674219,0.05998585,0.30098835,0.051269446,null,null,null,null,"TWOGAUSSIANS",8,4.0679007,0.17971395,0.006086338,0.4,0.0,0.29707205,0.03642521,0.7223882,0.03401779,0.4,0.0,0.2965092,0.049899504
375316653866487564,4109970925619719040,0.4969226,2243.666159035018,3.6295515652595243,1.9401423E-5,18.691664,0.010544948,0.3797094,0.0082509015,0.037378866,0.017317493,0.1501168,3.0475562,0.8436654,0.0077492828,0.034636486,0.042800777,0.112331845,197.48378,0.12660967,0.012105894,0.8436654,0.0077492828,"TWOGAUSSIANS_WITH_ELLIPSOIDAL_ON_ECLIPSE2",9,8.124091,0.3741194,0.011735949,0.20932165,0.09697796,0.39250794,3.04053,0.8436654,0.0077492828,0.19396432,0.23099947,0.3655511,197.48166
375316653866487564,4109971578455958528,0.5708347,2259.5919514338493,3.952624239064179,1.14296245E-5,17.452353,0.020460874,0.20303985,0.001921475,0.06765896,0.0052551148,0.34441954,0.024295663,0.70298356,0.0039324965,0.09303426,0.008141669,0.29381195,0.019819522,null,null,null,null,"TWOGAUSSIANS",8,11.355444,0.20303985,0.001921475,0.37889016,0.029428642,0.3395383,0.022439852,0.70298356,0.0039324965,0.4,0.0,0.28893042,0.016618842
375316653866487564,4109971750254806272,0.50710493,2243.6785301412565,2.3486866634649384,1.8497785E-5,18.968231,0.029493704,0.3211159,0.01236592,0.08782048,0.029428076,0.2113918,0.032024685,0.80428153,0.00641766,0.09295167,0.01254098,0.3038169,0.029927038,null,null,null,null,"TWOGAUSSIANS",8,2.256579,0.80428153,0.00641766,0.4,0.0,0.29528025,0.022941701,0.3211159,0.01236592,0.4,0.0,0.20285554,0.036070824
375316653866487564,4109971823229971584,0.509724,2266.313373107312,2.69808762340603,2.8932805E-5,18.633171,0.035096366,0.2298032,0.005545381,0.10209294,0.01587598,0.20183982,0.033670165,0.7348809,0.01125893,0.09989947,0.028721543,0.19042145,0.029895077,null,null,null,null,"TWOGAUSSIANS",8,1.9592992,0.2298032,0.005545438,0.4,0.0,0.18462951,0.012279605,0.7348809,0.011268213,0.4,0.0,0.17321227,0.018564733
375316653866487564,4109971990772827264,0.4369607,2262.9409889991744,0.86196601533822,4.1952142E-5,18.96105,0.6937728,0.32333028,0.022084767,0.15544145,0.094669685,0.5018571,0.6793531,0.7978694,0.027940672,0.13830717,0.07003125,0.6252066,0.56952965,null,null,null,null,"TWOGAUSSIANS",8,8.707009,0.7978694,0.027940672,0.4,0.0,0.40865338,0.09380047,0.32490027,0.018863413,0.4,0.0,0.28111592,0.017787384
375316653866487564,4109972300011028864,0.47746316,2299.580204265241,4.3837005077281255,9.5166E-5,19.486002,0.10803209,0.3064501,0.020844242,0.10958341,0.0744431,0.37028146,0.049096882,0.96746266,0.031828474,0.07098927,0.018638067,0.17175391,0.068318374,null,null,null,null,"TWOGAUSSIANS",8,1.9363686,0.3064501,0.02084255,0.4,0.0,0.36962542,0.049396574,0.97021264,0.025074529,0.39753994,0.082814455,0.17431043,0.07600376
375316653866487564,4109972888383340160,0.5956542,2271.6882811103774,2.0670195418984183,9.408927E-6,18.88545,0.0079708975,0.27087262,0.007348675,0.10718322,0.00831158,0.14890581,0.009180595,0.7558704,0.0025220902,0.0883308,0.0037025951,0.28992894,0.009946459,null,null,null,null,"TWOGAUSSIANS",8,0.4065076,0.7558704,0.0025220902,0.4,0.0,0.27764994,0.008093329,0.27087262,0.007348675,0.4,0.0,0.13662013,0.006499234
375316653866487564,4109973021568451840,0.56039417,2255.8831206882246,1.8759992247752586,7.770869E-6,19.574308,0.0062054163,0.2989995,0.02311343,0.07775103,0.02712349,0.29693076,1.7523767,0.7772329,0.001325819,0.06712919,0.0026973528,0.22844031,0.00625879,null,null,null,null,"TWOGAUSSIANS",8,0.24444205,0.2989995,0.02311343,0.4,0.09493282,0.29613024,1.7531631,0.7772329,0.001325819,0.37592342,0.015105176,0.22763981,0.00587607
375316653866487564,4109973159005744512,0.48004383,2258.55466114953,0.15698490000018706,2.2843942E-5,19.6213,0.050388817,0.1388853,0.017030846,0.077718556,0.0208822,0.3052114,0.17964469,0.6291326,0.0036884781,0.07204686,0.012095237,0.38249648,0.04379972,null,null,null,null,"TWOGAUSSIANS",8,3.5147955,0.6291326,0.0036884781,0.4,0.02563255,0.3804246,0.04017263,0.1388853,0.017030846,0.4,0.035717204,0.3031395,0.17950928
