Gaia/vari_eclipsing_binary/VariEclipsingBinary_607062-607099.csv
# %ECSV 1.0
# ---
# delimiter: ','
# meta: !!omap
# - RELEASE: Gaia DR3
# - TABLE: vari_eclipsing_binary
# - DESCRIPTION: >
#     This table describes the properties of the eclipsing binaries resulting from the variability analysis. 
# - CITATION: >
#     How to cite and acknowledge Gaia: 
#     https://gea.esac.esa.int/archive/documentation/credits.html 
# - KNOWN_ISSUES: >
#     Known issues: 
#     https://www.cosmos.esa.int/web/gaia-users/known-issues 
# - DOCUMENTATION: >
#     Tutorials and documentation: 
#     https://www.cosmos.esa.int/web/gaia-users/archive 
# datatype:
# - 
#   name: solution_id
#   datatype: int64
#   description: Solution Identifier
#   meta:
#     ucd: meta.version
# - 
#   name: source_id
#   datatype: int64
#   description: Unique source identifier
#   meta:
#     ucd: meta.id;meta.main
# - 
#   name: global_ranking
#   datatype: float32
#   description: Number between 0 (worst) and 1 (best)
#   meta:
#     ucd: stat.param
# - 
#   name: reference_time
#   datatype: float64
#   unit: d
#   description: Reference time used for the geometric model fit
#   meta:
#     ucd: time.epoch
# - 
#   name: frequency
#   datatype: float64
#   unit: d**-1
#   description: Frequency of geometric model of the eclipsing binary light curve
#   meta:
#     ucd: src.orbital
# - 
#   name: frequency_error
#   datatype: float32
#   unit: d**-1
#   description: "Uncertainty of \\texttt{frequency}"
#   meta:
#     ucd: stat.error
# - 
#   name: geom_model_reference_level
#   datatype: float32
#   unit: mag
#   description: Magnitude reference level of geometric model
#   meta:
#     ucd: phot.mag;em.opt
# - 
#   name: geom_model_reference_level_error
#   datatype: float32
#   unit: mag
#   description: "Uncertainty of \\texttt{geomModelReferenceLevel}"
#   meta:
#     ucd: stat.error;phot.mag;em.opt
# - 
#   name: geom_model_gaussian1_phase
#   datatype: float32
#   description: Phase of the Gaussian 1 component
#   meta:
#     ucd: time.phase
# - 
#   name: geom_model_gaussian1_phase_error
#   datatype: float32
#   description: "Uncertainty of \\texttt{geomModelGaussian1Phase}"
#   meta:
#     ucd: stat.error;time.phase
# - 
#   name: geom_model_gaussian1_sigma
#   datatype: float32
#   description: "Standard deviation [phase] of Gaussian 1 component"
#   meta:
#     ucd: stat.stdev
# - 
#   name: geom_model_gaussian1_sigma_error
#   datatype: float32
#   description: "Uncertainty of \\texttt{geomModelGaussian1Sigma}"
#   meta:
#     ucd: stat.error
# - 
#   name: geom_model_gaussian1_depth
#   datatype: float32
#   unit: mag
#   description: Magnitude depth of Gaussian 1 component
#   meta:
#     ucd: src.var.amplitude
# - 
#   name: geom_model_gaussian1_depth_error
#   datatype: float32
#   unit: mag
#   description: "Uncertainty of \\texttt{geomModelGaussian1Depth}"
#   meta:
#     ucd: stat.error;src.var.amplitude
# - 
#   name: geom_model_gaussian2_phase
#   datatype: float32
#   description: Phase of Gaussian 2 component
#   meta:
#     ucd: time.phase
# - 
#   name: geom_model_gaussian2_phase_error
#   datatype: float32
#   description: "Uncertainty of \\texttt{geomModelGaussian2Phase}"
#   meta:
#     ucd: stat.error;time.phase
# - 
#   name: geom_model_gaussian2_sigma
#   datatype: float32
[...]
#   datatype: float32
#   description: "Secondary eclipse: uncertainty of \\texttt{derivedSecondaryEclDuration}"
#   meta:
#     ucd: stat.error;time.duration
# - 
#   name: derived_secondary_ecl_depth
#   datatype: float32
#   unit: mag
#   description: "Secondary eclipse: depth"
#   meta:
#     ucd: src.var.amplitude
# - 
#   name: derived_secondary_ecl_depth_error
#   datatype: float32
#   unit: mag
#   description: "Secondary eclipse: uncertainty of \\texttt{derivedSecondaryEclDepth}"
#   meta:
#     ucd: stat.error;src.var.amplitude
solution_id,source_id,global_ranking,reference_time,frequency,frequency_error,geom_model_reference_level,geom_model_reference_level_error,geom_model_gaussian1_phase,geom_model_gaussian1_phase_error,geom_model_gaussian1_sigma,geom_model_gaussian1_sigma_error,geom_model_gaussian1_depth,geom_model_gaussian1_depth_error,geom_model_gaussian2_phase,geom_model_gaussian2_phase_error,geom_model_gaussian2_sigma,geom_model_gaussian2_sigma_error,geom_model_gaussian2_depth,geom_model_gaussian2_depth_error,geom_model_cosine_half_period_amplitude,geom_model_cosine_half_period_amplitude_error,geom_model_cosine_half_period_phase,geom_model_cosine_half_period_phase_error,model_type,num_model_parameters,reduced_chi2,derived_primary_ecl_phase,derived_primary_ecl_phase_error,derived_primary_ecl_duration,derived_primary_ecl_duration_error,derived_primary_ecl_depth,derived_primary_ecl_depth_error,derived_secondary_ecl_phase,derived_secondary_ecl_phase_error,derived_secondary_ecl_duration,derived_secondary_ecl_duration_error,derived_secondary_ecl_depth,derived_secondary_ecl_depth_error
[from data line 217]
375316653866487564,5339858798213155968,0.62460923,2211.1155206236103,2.613217650326226,8.341592E-6,17.736225,0.009396843,0.27184346,0.0025284903,0.044845197,0.005987594,0.3181911,0.052329373,0.7721786,0.008667304,0.05631753,0.0069758575,0.28156653,0.0284429,0.13219035,0.012318096,0.27184346,0.0025284903,"TWOGAUSSIANS_WITH_ELLIPSOIDAL_ON_ECLIPSE1",9,6.852979,0.27184346,0.0025284903,0.25113308,0.033530526,0.5825566,0.054918233,0.7721786,0.0075163827,0.31537816,0.039064802,0.54593086,0.012503135
375316653866487564,5339858866921141504,0.57720155,2211.1661495302756,3.1169654021196855,9.196791E-6,17.56796,0.0056998357,0.273894,0.0016475779,0.07113094,0.006300125,0.2868441,0.009168852,0.77122253,0.0041160192,0.08628123,0.005680051,0.3224737,0.0077988403,null,null,null,null,"TWOGAUSSIANS",8,6.4246492,0.77122253,0.0041160192,0.4,0.0,0.3187568,0.007625764,0.273894,0.0016475779,0.39833325,0.019525303,0.28312722,0.009552374
375316653866487564,5339859141810586880,0.58949447,2192.125236759568,2.599447016939633,8.2651695E-6,18.208942,0.00828601,0.2265711,0.0031078148,0.07713939,0.0031728777,0.4552309,0.013644048,0.725469,0.0026282563,0.08224098,0.002819057,0.4693332,0.013246461,null,null,null,null,"TWOGAUSSIANS",8,6.1661367,0.725469,0.0026282563,0.4,0.0,0.4627355,0.01278389,0.2265711,0.0031078148,0.4,0.0,0.44863322,0.01291918
375316653866487564,5339859141810591488,0.56822914,2197.045006585162,2.6588472503190874,5.5621963E-6,16.30714,0.00590352,0.24674499,0.002047238,0.051062614,0.010589489,0.067048125,0.016865581,0.76021206,0.008381588,0.03350316,0.011603129,0.07124091,0.0159952,0.11080288,0.009598151,0.24674499,0.002047238,"TWOGAUSSIANS_WITH_ELLIPSOIDAL_ON_ECLIPSE1",9,24.402945,0.76021206,0.008381588,0.18761769,0.06497752,0.2912628,0.013512778,0.24674499,0.002047238,0.28595063,0.059301138,0.2886529,0.008945281
375316653866487564,5339859755982370432,0.5171293,2235.6434858545967,3.371869454060498,2.8836223E-5,19.873093,0.01971949,0.20633553,0.0047598584,0.084044226,0.010182456,0.35718796,0.021391718,0.71886915,0.005505106,0.0860273,0.0074766288,0.33945578,0.020569282,null,null,null,null,"TWOGAUSSIANS",8,1.8040003,0.20633553,0.0047598584,0.4,0.0,0.34976518,0.01982452,0.71886915,0.005505106,0.4,0.0,0.33203298,0.016294103
375316653866487564,5339861031596242944,0.5211647,2200.195493113444,0.41938619844891295,4.8696562E-5,16.564074,0.0017187922,0.27583367,8.919188E-4,0.02998058,0.0012357285,0.12592404,0.0041211615,null,null,null,null,null,null,0.010306699,0.0024159013,0.27583367,8.919188E-4,"ONEGAUSSIAN_WITH_ELLIPSOIDAL",6,7.3618183,0.27583367,8.919188E-4,0.16789123,0.0069200792,0.14653741,0.0037059153,null,null,null,null,null,null
375316653866487564,5339861134675504768,0.54680383,2197.3300171124993,1.707793291775998,9.0082685E-6,17.524231,0.0055446206,0.28366384,0.0028733516,0.094595775,0.005417332,0.14790356,0.0058062896,0.78248763,0.0025820038,0.10255166,0.0062442874,0.1252478,0.0054834224,null,null,null,null,"TWOGAUSSIANS",8,1.6341188,0.28366384,0.0028733516,0.4,0.0,0.1372095,0.0046487306,0.78248763,0.0025820038,0.4,0.0,0.11455228,0.004374684
375316653866487564,5339861409553454976,0.5159117,2226.627962468616,0.43511802748778045,2.2365064E-5,17.56702,0.0033199706,0.3468143,0.00176882,0.022299817,0.0012622632,0.20778967,0.017426461,0.8450602,0.025795424,0.040151674,0.03307086,0.06417537,0.031826887,null,null,null,null,"TWOGAUSSIANS",8,7.5955563,0.3468143,0.00176882,0.12487898,0.0070686736,0.20778967,0.017426461,0.8450602,0.025795424,0.22484937,0.18519682,0.06417537,0.031826887
375316653866487564,5339861512632630016,0.4916766,2191.0659167304643,1.6384360865879644,2.6503234E-5,17.596846,0.0039487933,0.30994028,0.0048760073,0.049120754,0.010856805,0.18170394,0.021250078,0.759809,0.004538318,0.009399322,0.006900765,0.08328903,171.71698,0.021568794,0.006737894,0.30994028,0.0048760073,"TWOGAUSSIANS_WITH_ELLIPSOIDAL_ON_ECLIPSE1",9,14.194644,0.30994028,0.0048760073,0.27507624,0.06079811,0.22484107,0.021589544,0.759979,0.0046393517,0.052636202,0.038644284,0.12229943,171.71541
375316653866487564,5339861924952899584,0.45912117,2247.9227104533297,2.688378614056553,3.3167074E-5,19.224293,0.017569715,0.23042125,0.010390632,0.051217586,0.020940563,0.031664383,0.064194076,0.806834,0.033584427,0.017266694,0.0365626,0.08928253,0.02909815,0.083996095,0.019511074,0.23042125,0.010390632,"TWOGAUSSIANS_WITH_ELLIPSOIDAL_ON_ECLIPSE1",9,5.2697935,0.806834,0.033584427,0.09669349,0.20475055,0.22143596,0.041829165,0.23042125,0.010390632,0.28681847,0.117267154,0.19965634,0.044769526
375316653866487564,5339862268550622592,0.53101444,2211.798249753748,1.014798888923395,4.1006562E-5,17.456476,0.007443878,0.16097344,0.009726552,0.06620695,0.017170515,0.07811006,0.0093529355,0.66295797,0.005700909,0.040116996,0.0039871056,0.42957172,0.050308626,null,null,null,null,"TWOGAUSSIANS",8,13.669405,0.66295797,0.005700909,0.22465517,0.022327792,0.42956766,0.0503076,0.16097344,0.009726552,0.37075892,0.09352924,0.07810601,0.009354072
375316653866487564,5339862474708748800,0.5093835,2204.219501275673,0.6188955906165428,1.0180535E-5,13.035973,5.5320165E-4,0.16516352,0.0019258112,0.02354456,0.0022609741,0.034931738,0.0028948733,0.66715676,0.011002069,0.021348841,0.008838203,0.041469038,0.033977218,null,null,null,null,"TWOGAUSSIANS",8,16.48618,0.66715676,0.011002069,0.119553514,0.049493935,0.041469038,0.033977218,0.16516352,0.0019258112,0.13184953,0.012661455,0.034931738,0.0028948733
375316653866487564,5339862509028080896,0.5551491,2193.74294464903,2.6137729439594852,1.0297872E-5,19.345415,0.017658917,0.26081628,0.0026168232,0.074368715,0.004184208,0.47985733,0.022126036,0.7594575,0.005529291,0.06955233,0.0068719024,0.5298741,0.033744607,null,null,null,null,"TWOGAUSSIANS",8,2.9499404,0.7594575,0.005529291,0.38949305,0.033430826,0.52754325,0.034010604,0.26081628,0.0026168232,0.4,0.0,0.47752652,0.02135477
375316653866487564,5339862680826717952,0.55614537,2202.7936200164313,1.6872460211300624,1.6814613E-5,17.905725,0.002526999,0.80829364,0.0037670326,0.06349522,0.0054572118,0.23064528,0.0056378143,null,null,null,null,null,null,0.08038302,0.0032487682,0.80829364,0.0037670326,"ONEGAUSSIAN_WITH_ELLIPSOIDAL",6,4.31628,0.80829364,0.0037670326,0.35557324,0.030560385,0.39131308,0.006001645,null,null,null,null,null,null
375316653866487564,5339863398086521472,0.4576639,2203.215460387091,1.572556848762692,1.8050436E-5,17.755318,0.0016233771,null,null,null,null,null,null,null,null,null,null,null,null,0.035659645,0.0023508423,0.17699268,0.0049319183,"ELLIPSOIDAL",4,3.626332,null,null,null,null,null,null,null,null,null,null,null,null
375316653866487564,5339863539821194368,0.5411415,2208.8083581853525,2.759903597776467,9.469213E-6,18.94903,0.012260356,0.28236106,0.005235819,0.09012103,0.005026764,0.2999532,0.01775806,0.77199084,0.0024861842,0.09131072,0.005035168,0.32850546,0.012320335,null,null,null,null,"TWOGAUSSIANS",8,1.483491,0.77199084,0.0024861842,0.4,0.0,0.3164936,0.0094304755,0.28236106,0.005235819,0.4,0.0,0.28794146,0.015673395
375316653866487564,5339863574220603776,0.5256648,2219.829256776027,2.789250705585253,8.880106E-6,17.050837,0.008206363,0.2030154,0.0034001379,0.040898297,0.00782816,0.18585682,0.022992725,0.6945337,0.009833713,0.032715015,0.006565587,0.26267114,0.08563017,0.1160454,0.014726562,0.2030154,0.0034001379,"TWOGAUSSIANS_WITH_ELLIPSOIDAL_ON_ECLIPSE1",9,31.558577,0.69512373,0.0080756815,0.18320408,0.03676729,0.49414903,0.095251136,0.2030154,0.0034001379,0.22903048,0.043837696,0.4179476,0.012254904
375316653866487564,5339863677299806464,0.4470931,2204.642081299628,0.23187009751181414,1.0951836E-6,18.528519,0.005857933,0.08436994,1.5937977E-6,0.004586981,9.9222656E-5,2.2297575,0.16040128,0.46914616,0.002164656,0.008620347,0.0040315036,0.36866423,0.085570045,null,null,null,null,"TWOGAUSSIANS",8,10.187289,0.08436994,1.5937977E-6,0.025687095,5.5564684E-4,2.2297575,0.16040128,0.46914616,0.002164656,0.048273943,0.02257642,0.36866423,0.085570045
375316653866487564,5339863711659511296,0.48758218,2182.9037140694127,0.43388311243286143,4.4442433E-5,18.886488,0.0056114597,0.40378425,0.018036697,0.01499432,0.029760484,0.23581941,34.811924,0.8972557,0.004143073,0.011191498,0.0028147749,0.41454807,0.24876581,null,null,null,null,"TWOGAUSSIANS",8,4.6053863,0.8972557,0.004143073,0.062672384,0.015762739,0.41454807,0.24876581,0.40378425,0.018036697,0.08396819,0.1666587,0.23581941,34.811924
375316653866487564,5339864227055428352,0.58185226,2215.3543893889987,2.6602539809968517,4.54477E-6,18.45822,0.0137405265,0.20667799,0.0019738467,0.083206944,0.0035688619,0.46427786,0.012999223,0.7008497,0.0028763236,0.08260581,0.0040151607,0.4937875,0.023158934,null,null,null,null,"TWOGAUSSIANS",8,4.422771,0.7008497,0.0028763236,0.4,0.0,0.48466107,0.023486556,0.20667799,0.0019738467,0.4,0.0,0.45515144,0.010900457
375316653866487564,5339864811171234944,0.6538373,2228.7714792402257,3.27034205012356,2.5624054E-6,17.736042,0.0077059525,0.23557524,7.068E-4,0.048485313,0.0025661462,0.374367,0.01482697,0.73606294,0.002709187,0.048591185,0.00496019,0.3158926,0.013961733,0.11976054,0.009452987,0.23557524,7.068E-4,"TWOGAUSSIANS_WITH_ELLIPSOIDAL_ON_ECLIPSE1",9,2.7454839,0.23557524,7.068E-4,0.27151775,0.014370419,0.61388683,0.015438612,0.73606294,0.0027018993,0.27211064,0.027777065,0.5554102,0.015775435
375316653866487564,5339865120408836096,0.5044177,2225.794565170399,0.8041458862041171,1.6606602E-5,9.46118,0.0027756395,0.26269534,0.0058901184,0.029537965,0.025097294,0.02238798,0.012179595,0.73937696,0.020864697,0.06791396,0.01712278,0.024706159,0.008540425,0.031091921,0.004039459,0.26269534,0.0058901184,"TWOGAUSSIANS_WITH_ELLIPSOIDAL_ON_ECLIPSE1",9,15.551456,0.7505869,0.008836982,0.38031816,0.084061794,0.08618887,0.0050002025,0.26269534,0.0058901184,0.1654126,0.14054485,0.0845642,0.017158465
375316653866487564,5339865906349140864,0.5719786,2223.400384975995,0.5600721981325588,4.163791E-5,18.157396,9.6962025E-4,0.4230753,0.012062617,0.011840437,0.013565091,0.06772732,0.04878705,0.736369,2.6238846E-4,0.0154714035,2.570664E-4,0.49130708,0.024003627,null,null,null,null,"TWOGAUSSIANS",8,0.55491185,0.736369,2.6238846E-4,0.08663986,0.0014395718,0.49130708,0.024003627,0.4230753,0.012062617,0.06630645,0.07596451,0.06772732,0.04878705
375316653866487564,5339866048081566080,0.581376,2215.411183543289,3.2707935617782624,6.307824E-6,19.79996,0.016455093,0.19836089,0.0027082362,0.065655924,0.0063452404,0.6004225,0.060254768,0.68845963,0.0020040756,0.06549944,0.004430292,0.68274057,0.022941941,null,null,null,null,"TWOGAUSSIANS",8,1.3482025,0.68845963,0.0020040756,0.36679685,0.024809638,0.68207186,0.023016963,0.19836089,0.0027082362,0.3676732,0.03524015,0.5997538,0.06090667
375316653866487564,5339866078147675520,0.47242367,2207.7014780900677,3.561373941033164,1.6721557E-5,18.710228,0.012948623,0.27179638,0.0047290716,0.03493339,0.037664734,0.047910694,0.028318338,0.88151395,0.01244645,0.026407477,0.020181442,0.054884277,0.07291065,0.08618713,0.019985545,0.27179638,0.0047290716,"TWOGAUSSIANS_WITH_ELLIPSOIDAL_ON_ECLIPSE1",9,4.950314,0.27179638,0.0047290716,0.19562697,0.21092251,0.22028457,0.026206847,0.88151395,0.01244645,0.14788187,0.11301608,0.15752126,0.09108013
375316653866487564,5339866529157992064,0.5580375,2188.1499382805105,0.06813738790283745,3.8815026E-5,16.263071,0.00972472,0.25160542,0.0064112167,0.038996086,0.0063505946,0.18980207,0.04518547,0.7568949,0.0054117325,0.03529824,0.005128643,0.6000015,0.06318569,0.0448278,0.01680454,0.25160542,0.0064112167,"TWOGAUSSIANS_WITH_ELLIPSOIDAL_ON_ECLIPSE1",9,65.163315,0.7568949,0.0054117325,0.19767015,0.028720401,0.6895581,0.074851856,0.25160542,0.0064112167,0.21837808,0.03556333,0.27945763,0.03162958
375316653866487564,5339866593573428480,0.50334555,2205.6491108255996,2.6123642067617037,2.2187465E-5,19.370121,0.008104446,0.7873456,0.0050562783,0.0600539,0.060952153,0.03453787,0.02712593,null,null,null,null,null,null,0.13909586,0.010274753,0.7873456,0.0050562783,"ONEGAUSSIAN_WITH_ELLIPSOIDAL",6,4.740071,0.7873456,0.0050562783,0.33630183,0.13583827,0.31272313,0.023731295,null,null,null,null,null,null
375316653866487564,5339866975834290304,0.45162496,2196.577430300895,1.6888904443899484,2.0341302E-5,18.166414,0.0052798092,0.24328986,0.0030515043,0.024724206,0.0057407906,0.14944789,0.024892874,0.75106436,0.00483812,0.04983992,0.0076428135,0.12587935,0.014389615,null,null,null,null,"TWOGAUSSIANS",8,10.859076,0.24328986,0.0030515043,0.13845555,0.03214843,0.14944789,0.024892874,0.75106436,0.00483812,0.27910355,0.042799756,0.12587935,0.014389615
375316653866487564,5339867525590327552,0.49687016,2180.9071844748682,0.3393096716108109,5.5922028E-5,15.254844,9.213524E-4,0.2873561,0.0053739697,0.009267335,0.0034461769,0.0358061,0.01321614,0.7982872,0.017901178,0.007414914,0.016384775,0.025021786,1.133312E10,0.0053396868,0.001661514,0.7982872,0.017901178,"TWOGAUSSIANS_WITH_ELLIPSOIDAL_ON_ECLIPSE2",9,4.1194696,0.28737614,0.0053813914,0.051897075,0.01929859,0.04643525,0.0131693175,0.7982872,0.017901178,0.04152352,0.091754735,0.035701137,1.133312E10
375316653866487564,5339867834827717632,0.6277728,2187.767968705114,0.7416755827652549,1.4815063E-5,14.461351,8.397126E-4,0.46363991,0.0021415253,0.03840127,0.0015633841,0.58349305,0.050383758,null,null,null,null,null,null,null,null,null,null,"ONEGAUSSIAN",5,24.004692,0.46363991,0.0021415253,0.2150471,0.008754951,0.58349305,0.0,null,null,null,null,null,null
375316653866487564,5339868075345927424,0.48143882,2199.256342540178,0.7506535674375027,8.336325E-5,18.410908,0.0052296026,0.2668915,0.01535455,0.023189219,0.020092744,0.07716269,1.2932207E18,0.7620342,0.003263958,0.013389502,0.003372957,0.21100904,0.04003094,0.023952356,0.0071530305,0.2668915,0.01535455,"TWOGAUSSIANS_WITH_ELLIPSOIDAL_ON_ECLIPSE1",9,5.4295278,0.7620542,0.0032585291,0.07498121,0.01888856,0.25886926,0.03994176,0.2668915,0.01535455,0.12985963,0.11251937,0.12506737,1.2932207E18
375316653866487564,5339868792567874304,0.50744945,2287.894697440218,0.02991781186365532,1.0243537E-4,19.087378,0.011566374,0.23776746,7.4761033E-6,0.0036574248,7.0502785E-5,0.78644,0.0037762925,0.66517484,0.14532977,0.11139371,0.15448287,0.022001352,0.013161082,null,null,null,null,"TWOGAUSSIANS",8,3.8635557,0.23776746,7.4761033E-6,0.020481579,3.9481558E-4,0.7864522,0.004781822,0.66517484,0.14532977,0.4,0.0,0.021999497,0.013789894
375316653866487564,5339869617199369600,0.63668996,2189.970286912712,1.1627975380985685,2.7101532E-6,17.120268,0.01026576,0.22913401,0.0015276935,0.06355914,0.00727744,0.15248066,0.01921549,0.7237226,9.76918E-4,0.05478697,0.0037662315,0.22803742,0.020153454,0.08026601,0.011531867,0.22913401,0.0015276935,"TWOGAUSSIANS_WITH_ELLIPSOIDAL_ON_ECLIPSE1",9,2.0751746,0.7244926,7.341322E-4,0.306807,0.021090897,0.38833985,0.0038964362,0.22913401,0.0015276935,0.35593116,0.040753663,0.31294212,0.010112077
375316653866487564,5339869655893951744,0.53994775,2194.246843449241,3.5129922293287783,1.1897045E-5,17.93835,0.018134303,0.21503153,0.003877074,0.10754256,0.011392155,0.17612445,0.016945587,0.70758265,0.0029825917,0.11147717,0.011098618,0.1913093,0.015718209,null,null,null,null,"TWOGAUSSIANS",8,2.345964,0.70758265,0.0029825917,0.4,0.0,0.16623393,0.0050932793,0.21504153,0.0038870166,0.4,0.0,0.15105869,0.009648877
375316653866487564,5339869758973324928,0.6038125,2191.924557496707,0.6072650703120508,1.5615107E-5,13.680752,8.34362E-4,0.23134352,3.744079E-5,0.010591824,4.4813709E-4,0.04430422,0.0014104956,0.6970299,0.0027573353,0.03362603,0.0016965097,0.15408647,0.0073109004,0.02684852,0.0012391324,0.6970299,0.0027573353,"TWOGAUSSIANS_WITH_ELLIPSOIDAL_ON_ECLIPSE2",9,13.643045,0.6970299,0.0027573353,0.18830578,0.009500454,0.20778349,0.0066199196,0.23099352,4.0624658E-5,0.059314214,0.0025095677,0.09556862,0.0012725663
