Gaia/vari_eclipsing_binary/VariEclipsingBinary_461824-461834.csv
# %ECSV 1.0
# ---
# delimiter: ','
# meta: !!omap
# - RELEASE: Gaia DR3
# - TABLE: vari_eclipsing_binary
# - DESCRIPTION: >
#     This table describes the properties of the eclipsing binaries resulting from the variability analysis. 
# - CITATION: >
#     How to cite and acknowledge Gaia: 
#     https://gea.esac.esa.int/archive/documentation/credits.html 
# - KNOWN_ISSUES: >
#     Known issues: 
#     https://www.cosmos.esa.int/web/gaia-users/known-issues 
# - DOCUMENTATION: >
#     Tutorials and documentation: 
#     https://www.cosmos.esa.int/web/gaia-users/archive 
# datatype:
# - 
#   name: solution_id
#   datatype: int64
#   description: Solution Identifier
#   meta:
#     ucd: meta.version
# - 
#   name: source_id
#   datatype: int64
#   description: Unique source identifier
#   meta:
#     ucd: meta.id;meta.main
# - 
#   name: global_ranking
#   datatype: float32
#   description: Number between 0 (worst) and 1 (best)
#   meta:
#     ucd: stat.param
# - 
#   name: reference_time
#   datatype: float64
#   unit: d
#   description: Reference time used for the geometric model fit
#   meta:
#     ucd: time.epoch
# - 
#   name: frequency
#   datatype: float64
#   unit: d**-1
#   description: Frequency of geometric model of the eclipsing binary light curve
#   meta:
#     ucd: src.orbital
# - 
#   name: frequency_error
#   datatype: float32
#   unit: d**-1
#   description: "Uncertainty of \\texttt{frequency}"
#   meta:
#     ucd: stat.error
# - 
#   name: geom_model_reference_level
#   datatype: float32
#   unit: mag
#   description: Magnitude reference level of geometric model
#   meta:
#     ucd: phot.mag;em.opt
# - 
#   name: geom_model_reference_level_error
#   datatype: float32
#   unit: mag
#   description: "Uncertainty of \\texttt{geomModelReferenceLevel}"
#   meta:
#     ucd: stat.error;phot.mag;em.opt
# - 
#   name: geom_model_gaussian1_phase
#   datatype: float32
#   description: Phase of the Gaussian 1 component
#   meta:
#     ucd: time.phase
# - 
#   name: geom_model_gaussian1_phase_error
#   datatype: float32
#   description: "Uncertainty of \\texttt{geomModelGaussian1Phase}"
#   meta:
#     ucd: stat.error;time.phase
# - 
#   name: geom_model_gaussian1_sigma
#   datatype: float32
#   description: "Standard deviation [phase] of Gaussian 1 component"
#   meta:
#     ucd: stat.stdev
# - 
#   name: geom_model_gaussian1_sigma_error
#   datatype: float32
#   description: "Uncertainty of \\texttt{geomModelGaussian1Sigma}"
#   meta:
#     ucd: stat.error
# - 
#   name: geom_model_gaussian1_depth
#   datatype: float32
#   unit: mag
#   description: Magnitude depth of Gaussian 1 component
#   meta:
#     ucd: src.var.amplitude
# - 
#   name: geom_model_gaussian1_depth_error
#   datatype: float32
#   unit: mag
#   description: "Uncertainty of \\texttt{geomModelGaussian1Depth}"
#   meta:
#     ucd: stat.error;src.var.amplitude
# - 
#   name: geom_model_gaussian2_phase
#   datatype: float32
#   description: Phase of Gaussian 2 component
#   meta:
#     ucd: time.phase
# - 
#   name: geom_model_gaussian2_phase_error
#   datatype: float32
#   description: "Uncertainty of \\texttt{geomModelGaussian2Phase}"
#   meta:
#     ucd: stat.error;time.phase
# - 
#   name: geom_model_gaussian2_sigma
#   datatype: float32
[...]
#   datatype: float32
#   description: "Secondary eclipse: uncertainty of \\texttt{derivedSecondaryEclDuration}"
#   meta:
#     ucd: stat.error;time.duration
# - 
#   name: derived_secondary_ecl_depth
#   datatype: float32
#   unit: mag
#   description: "Secondary eclipse: depth"
#   meta:
#     ucd: src.var.amplitude
# - 
#   name: derived_secondary_ecl_depth_error
#   datatype: float32
#   unit: mag
#   description: "Secondary eclipse: uncertainty of \\texttt{derivedSecondaryEclDepth}"
#   meta:
#     ucd: stat.error;src.var.amplitude
solution_id,source_id,global_ranking,reference_time,frequency,frequency_error,geom_model_reference_level,geom_model_reference_level_error,geom_model_gaussian1_phase,geom_model_gaussian1_phase_error,geom_model_gaussian1_sigma,geom_model_gaussian1_sigma_error,geom_model_gaussian1_depth,geom_model_gaussian1_depth_error,geom_model_gaussian2_phase,geom_model_gaussian2_phase_error,geom_model_gaussian2_sigma,geom_model_gaussian2_sigma_error,geom_model_gaussian2_depth,geom_model_gaussian2_depth_error,geom_model_cosine_half_period_amplitude,geom_model_cosine_half_period_amplitude_error,geom_model_cosine_half_period_phase,geom_model_cosine_half_period_phase_error,model_type,num_model_parameters,reduced_chi2,derived_primary_ecl_phase,derived_primary_ecl_phase_error,derived_primary_ecl_duration,derived_primary_ecl_duration_error,derived_primary_ecl_depth,derived_primary_ecl_depth_error,derived_secondary_ecl_phase,derived_secondary_ecl_phase_error,derived_secondary_ecl_duration,derived_secondary_ecl_duration_error,derived_secondary_ecl_depth,derived_secondary_ecl_depth_error
[from data line 1235]
375316653866487564,4062324005816366464,0.43941638,2343.3274596505785,2.9140834449968973,5.2096337E-5,17.872427,0.014895562,0.5231495,0.008702418,0.05277688,0.007943629,0.28243598,0.044293486,0.8370435,0.01644097,0.026983107,0.011091914,0.12017318,0.08700397,null,null,null,null,"TWOGAUSSIANS",8,10.2371435,0.5231495,0.008702418,0.29555053,0.044484325,0.28243598,0.044293486,0.8370435,0.01644097,0.15110539,0.06211472,0.120173186,0.08700395
375316653866487564,4062324040176232960,0.43912748,2476.9333692158984,1.7779529698095742,4.0115712E-5,16.93903,0.0024561752,0.14498906,0.007769793,0.025540488,0.005657156,0.072316855,0.011043534,0.70310915,0.009512786,0.035208683,0.005041229,0.027417783,0.0068086484,null,null,null,null,"TWOGAUSSIANS",8,5.8801694,0.14498906,0.007769793,0.14302672,0.031680074,0.072316855,0.011043534,0.70310915,0.009512786,0.19716862,0.028230883,0.027417783,0.0068086484
375316653866487564,4062324070381109888,0.4432585,2490.7490874149557,1.7780121629878136,3.384587E-5,17.077658,0.015631871,0.15708864,0.008440428,0.021270705,0.008614257,0.27233338,0.08801797,0.6204367,0.0773134,0.05099314,0.050379142,0.19054076,0.10979427,null,null,null,null,"TWOGAUSSIANS",8,4.1326385,0.15708864,0.008440428,0.11911595,0.04823984,0.27233338,0.08801745,0.6204367,0.0773134,0.2855616,0.120599814,0.19054076,0.10980535
375316653866487564,4062324143309269632,0.42380497,2481.2331469593996,4.01702168689878,6.242675E-5,17.278252,0.009158129,0.2738406,0.039871957,0.026698168,0.029496593,0.064630166,0.026021589,0.7999917,0.012520787,0.102638096,0.022658855,0.08616983,0.016011411,null,null,null,null,"TWOGAUSSIANS",8,3.5692787,0.7999917,0.012520787,0.4,0.0,0.08613557,0.01603401,0.2738406,0.039880875,0.14950974,0.16518092,0.06459811,0.02586246
375316653866487564,4062324177669135744,0.42985684,2473.831602612779,0.3187932673598166,5.936423E-5,18.58527,0.027973052,0.53501964,0.01145061,0.088210575,0.017279206,0.32968956,0.06111259,0.23254818,0.020886661,0.08598504,0.037701983,0.13160467,0.032516755,null,null,null,null,"TWOGAUSSIANS",8,5.931179,0.53475964,0.011151954,0.4,0.0,0.3298243,0.062205218,0.23472817,0.020057922,0.4,0.045003276,0.13242878,0.032893036
375316653866487564,4062324177669186560,0.4369371,2487.4451686471125,4.215883259403491,7.622352E-5,18.128769,0.0042205546,0.2193582,2.2638738E-5,0.012662599,0.0013144693,0.2620054,0.066152416,0.75542355,0.022622978,0.082757585,0.00956765,0.11443457,0.017401638,null,null,null,null,"TWOGAUSSIANS",8,4.0757155,0.2193582,2.2638738E-5,0.07091055,0.007361028,0.2620054,0.06615243,0.75542355,0.022622978,0.4,0.0,0.11443455,0.017401658
375316653866487564,4062324280749459328,0.4630507,2431.511507849078,0.32428928271774576,6.360395E-5,18.361664,0.008664097,0.30480123,0.016749423,0.013291317,0.016182974,0.17890245,1083.2,0.7837472,0.020776002,0.043914977,0.019458786,0.2634413,0.064360514,0.056105074,0.007970258,0.30480123,0.016749423,"TWOGAUSSIANS_WITH_ELLIPSOIDAL_ON_ECLIPSE1",9,17.797125,0.7850172,0.018229466,0.24592388,0.1089692,0.373816,0.06238957,0.30480123,0.016749423,0.074431375,0.09062466,0.2911123,1083.2003
375316653866487564,4062324349467796736,0.43064648,2495.824193339551,4.417236862116191,6.561952E-5,17.478079,0.0031951428,0.4275097,0.010945919,0.008544903,0.009502378,0.038895585,0.013030982,0.7082545,0.012303042,0.07915459,0.0117197605,0.07699307,0.01610553,null,null,null,null,"TWOGAUSSIANS",8,3.5119898,0.7082545,0.012303042,0.4,0.0,0.07699307,0.016105533,0.42751968,0.011006765,0.04785146,0.05321332,0.039038446,0.013054538
375316653866487564,4062324379619667200,0.4341881,2514.55094972119,2.033224790448378,4.465512E-5,18.761889,0.077168584,0.22832367,0.012360822,0.13414396,0.043307066,0.37343034,0.11540805,0.70803714,0.0115771275,0.08025561,0.031422738,0.59479225,0.5973703,null,null,null,null,"TWOGAUSSIANS",8,7.625651,0.70803714,0.0115771275,0.4,0.11025155,0.55127174,0.6247551,0.22832367,0.012360822,0.4,0.0,0.32908368,0.14010096
375316653866487564,4062324521265994368,0.4405346,2514.236909443744,1.9220307136506112,8.5390966E-5,18.108751,0.020817442,0.19929887,0.029265268,0.12095012,0.036972914,0.06583099,0.022685919,0.7554398,0.012399477,0.09191521,0.024547806,0.13815343,0.017612621,null,null,null,null,"TWOGAUSSIANS",8,3.1246538,0.7555798,0.012091478,0.4,0.0,0.13243918,0.02260362,0.19928887,0.029237516,0.4,0.0,0.06003773,0.016017219
375316653866487564,4062324624426756992,0.4346009,2415.22344866241,1.4162407179275476,1.1813397E-5,17.89325,0.008440231,0.31231487,0.01808597,0.03319179,0.020571856,0.083810136,0.012482218,0.6394176,0.010846826,0.0600876,0.018649308,0.20789261,0.6715613,null,null,null,null,"TWOGAUSSIANS",8,4.2926373,0.6394176,0.010846826,0.33649057,0.10443613,0.20789261,0.6715613,0.31231487,0.01808597,0.18587403,0.1152024,0.08381022,0.012482279
375316653866487564,4062324688704651008,0.43892616,2462.1365828368153,1.9671190051758989,4.199266E-5,17.281437,0.006514687,0.42581263,0.0035156256,0.015165633,0.01443542,1.557617,1.5337869,0.6840029,0.008412873,0.045317736,0.014818092,0.10184251,0.04339685,0.03505544,0.009120749,0.6840029,0.008412873,"TWOGAUSSIANS_WITH_ELLIPSOIDAL_ON_ECLIPSE2",9,4.9423733,0.42580262,0.0036256753,0.084927544,0.08083835,1.5578024,1.5336758,0.6840029,0.008412873,0.25377932,0.08298132,0.17195335,0.042637195
375316653866487564,4062324761731515136,0.4512313,2337.708370005789,1.002001330104035,1.9781859E-5,18.387568,0.019555446,0.20469803,0.0037079211,0.050430797,0.009078796,0.4226495,0.09601489,0.65723383,0.01581594,0.051458936,0.020655831,0.24895991,0.0793859,null,null,null,null,"TWOGAUSSIANS",8,2.6214416,0.20469803,0.0037079211,0.28241247,0.050841257,0.42264917,0.096015915,0.65723383,0.01581594,0.28817004,0.11567265,0.24895957,0.079388745
375316653866487564,4062324860661588480,0.4262452,2450.153299867346,2.044479804528889,3.371051E-5,18.123276,0.00558989,0.12819876,0.013612112,0.03564074,0.009165744,0.10177098,0.020936195,0.6502631,2.7058873E-4,0.007995005,4.5519482E-4,0.24068649,0.013104661,null,null,null,null,"TWOGAUSSIANS",8,4.874231,0.6502631,2.7058873E-4,0.044772025,0.0025490911,0.24068649,0.013104661,0.12819876,0.013612112,0.19958815,0.051328167,0.10177098,0.020936195
375316653866487564,4062324895021282048,0.45889178,2476.8383105027806,4.265351099085828,3.4457415E-5,16.815773,0.006773547,0.4315616,0.018392427,0.13774979,0.019920083,0.098525286,0.010717976,0.69087297,6.5210875E-4,0.021565275,0.0013102647,0.33910748,0.047922324,null,null,null,null,"TWOGAUSSIANS",8,2.141786,0.69087297,6.5210875E-4,0.12076554,0.007337482,0.35558692,0.047657568,0.4315616,0.018392427,0.4,0.0,0.09825387,0.0106853265
375316653866487564,4062324895021401344,0.50350904,2395.5927646947953,1.2140849618486116,7.785521E-5,18.7415,0.05002412,0.19295965,0.0073487493,0.09931981,0.02393547,0.2681321,0.043120787,0.6828111,0.0087116435,0.110545486,0.018097512,0.36627677,0.050083797,null,null,null,null,"TWOGAUSSIANS",8,5.523027,0.6828111,0.0087116435,0.4,0.0,0.33342907,0.029806538,0.19297965,0.0073590344,0.4,0.0,0.2353111,0.03956866
375316653866487564,4062324929374302592,0.44608095,2491.589851139013,3.9381129970182807,9.792789E-6,17.00624,0.019538496,0.20908321,0.004824768,0.083348885,0.01630859,0.39440927,0.085834585,0.80154574,0.01980815,0.08007585,0.015376605,0.15009359,0.028784193,null,null,null,null,"TWOGAUSSIANS",8,3.0131493,0.20908321,0.004824768,0.4,0.0,0.39372802,0.0866953,0.80155575,0.019818619,0.4,0.0,0.1494145,0.027922578
375316653866487564,4062324967943409664,0.45907587,2448.871332064929,3.377622668071072,3.7139616E-5,18.92641,0.011274819,0.17115326,0.0020102533,0.008882888,0.004246727,0.2630399,1.8505449,0.6245794,0.091981046,0.05378783,0.05594351,0.105282634,0.053743992,0.055011813,0.017700644,0.17115326,0.0020102533,"TWOGAUSSIANS_WITH_ELLIPSOIDAL_ON_ECLIPSE1",9,7.294024,0.17115326,0.0020102533,0.04974417,0.02378167,0.37306327,1.8491337,0.63337946,0.094745025,0.30121186,0.31328365,0.20782419,0.06356025
375316653866487564,4062325032453171840,0.44478735,2481.041616190084,1.2912310367665418,5.694148E-5,18.436117,0.0224539,0.25842205,0.007499947,0.03261447,0.037703235,0.24329348,0.10961809,0.7067807,0.022346597,0.016319677,0.023032796,0.24731031,3.52815456E8,0.06617264,0.032685686,0.25842205,0.007499947,"TWOGAUSSIANS_WITH_ELLIPSOIDAL_ON_ECLIPSE1",9,16.235477,0.25842205,0.007499947,0.18264103,0.21113811,0.37563872,0.12295363,0.7073207,0.022506455,0.09139019,0.12898365,0.3663389,3.52815456E8
375316653866487564,4062325066814268160,0.44981214,2462.5948148330244,0.1485389980486703,8.211348E-6,17.911032,0.0061109727,0.16252631,0.0137547925,0.04073758,0.008598381,0.06990846,0.027737577,0.7853654,0.010824171,0.00838719,0.004533757,0.5086862,0.4596833,0.005616629,0.013622836,0.16252631,0.0137547925,"TWOGAUSSIANS_WITH_ELLIPSOIDAL_ON_ECLIPSE1",9,4.907488,0.7853654,0.010824171,0.046968266,0.025389038,0.5144553,0.46058837,0.16252631,0.0137547925,0.22813044,0.04815093,0.08114172,0.026519153
375316653866487564,4062325139742156544,0.4392649,2448.7694795181874,4.341182362573502,3.670696E-5,18.263859,0.01755388,0.2155206,0.026471963,0.031144146,0.024660058,0.08756709,0.04325544,0.6655975,0.0132054305,0.1502539,0.031250633,0.12269624,0.022735804,null,null,null,null,"TWOGAUSSIANS",8,3.7213159,0.6655975,0.0132054305,0.4,0.0,0.12073838,0.020458374,0.2157906,0.02635922,0.17440721,0.13809633,0.087145574,0.040663872
375316653866487564,4062325169897875200,0.47176355,2417.1665006940448,0.057362721811495314,4.706433E-5,18.67832,0.6918286,0.3064276,0.037880138,0.17559135,0.08748386,0.5379512,0.65315425,0.77515274,0.035805423,0.15658252,0.078031845,0.45234346,0.5929288,null,null,null,null,"TWOGAUSSIANS",8,3.4508066,0.3108476,0.033540644,0.4,0.0,0.26909882,0.02606778,0.77515274,0.035805423,0.4,0.0,0.19757436,0.040793225
375316653866487564,4062325174102025216,0.45308173,2467.277125526094,3.9102977646803287,2.2052589E-5,18.074097,0.005453618,0.1522469,0.0445855,0.09765923,0.027345547,0.044567272,0.010073336,0.7925454,0.0077429414,0.025613789,0.0067666075,0.12170105,0.020639708,null,null,null,null,"TWOGAUSSIANS",8,3.1909344,0.7925554,0.0077365404,0.14343722,0.037893,0.12175134,0.020658094,0.1522469,0.0445855,0.4,0.0,0.044567075,0.010073768
375316653866487564,4062325174102046592,0.42751983,2434.8865775073373,0.0959116048572968,2.367817E-5,18.156654,0.020234147,0.12224935,0.010500351,0.009692578,0.007459936,0.30226845,0.45272422,0.7702886,0.005058536,0.041660134,0.0086416975,1.6247526,0.9810352,0.05348179,0.024633821,0.12224935,0.010500351,"TWOGAUSSIANS_WITH_ELLIPSOIDAL_ON_ECLIPSE1",9,43.190777,0.7702886,0.005058536,0.23329675,0.048393503,1.6629658,0.9825916,0.12224935,0.010500351,0.054278437,0.04177564,0.40923196,0.4567527
375316653866487564,4062325208407818112,0.42400798,2481.6486343003494,4.050163807256704,3.2821692E-5,16.707232,0.0061505362,0.24352704,0.007080049,0.04976266,0.009647801,0.07889496,0.011084123,0.76980585,0.029205779,0.023848929,0.009549614,0.16742282,0.18658514,null,null,null,null,"TWOGAUSSIANS",8,4.2018313,0.76980585,0.029205779,0.133554,0.05347784,0.16742282,0.18658514,0.24352704,0.007080049,0.27867088,0.054027684,0.07889496,0.011084123
375316653866487564,4062325238611420672,0.44512352,2376.201258636955,1.3781157544411555,2.4106404E-5,18.57857,0.073693715,0.22159322,0.00677734,0.12063721,0.044330835,0.27539724,0.04158506,0.68637425,0.0053934543,0.09418984,0.012405388,0.5521902,0.056570604,null,null,null,null,"TWOGAUSSIANS",8,5.6284995,0.68637425,0.0053934543,0.4,0.0,0.5197547,0.032472532,0.22160321,0.0067664976,0.4,0.0,0.24278529,0.057232603
375316653866487564,4062325277181586944,0.45812333,2394.6547728025503,0.2478909655503473,3.0211155E-5,18.892542,0.013522441,0.30949652,0.008144073,0.048046544,0.008648726,0.22611275,0.043682624,0.82034945,0.0056641875,0.078333795,0.0110807745,0.1379875,0.019697106,null,null,null,null,"TWOGAUSSIANS",8,3.1530724,0.30949652,0.008144073,0.26906064,0.048432864,0.22602184,0.043695007,0.82034945,0.0056641875,0.4,0.0,0.13789658,0.019634476
375316653866487564,4062325307330259712,0.42701837,2517.1096464533553,3.847768403864878,1.1448152E-5,18.693148,0.007175058,0.24077134,0.003670028,0.03386998,0.0063360534,0.25735277,0.18621385,0.5683922,0.038041174,0.14068572,0.025362115,0.06234485,0.012265378,null,null,null,null,"TWOGAUSSIANS",8,4.504624,0.24108134,0.0036453307,0.1896719,0.0354819,0.26127985,0.18654463,0.5683922,0.038041174,0.4,0.0,0.06211882,0.012204428
375316653866487564,4062325341533974528,0.6233123,2428.9230352613454,0.26364277420421584,4.053032E-5,14.695704,9.453474E-4,0.31221175,0.0032053906,0.023604203,0.004067105,0.29251733,0.026188774,0.7820789,0.0045065605,0.021258324,0.0024616495,0.39276358,0.112249814,null,null,null,null,"TWOGAUSSIANS",8,22.164537,0.7820789,0.0045065605,0.11904662,0.013785237,0.39276358,0.112249814,0.31221175,0.0032053906,0.13218354,0.022775788,0.29251733,0.026188774
375316653866487564,4062325410415975040,0.44750375,2499.659065481373,2.054094436167703,4.133205E-5,19.053751,0.00809573,0.3150439,0.018814564,0.058411714,0.022659305,0.103898086,0.06628036,0.6826202,7.7989005E-4,0.008721347,8.465814E-4,0.57582587,0.23932213,null,null,null,null,"TWOGAUSSIANS",8,2.3731186,0.6826202,7.7989005E-4,0.048839543,0.004740856,0.57582587,0.23932213,0.3150439,0.018814564,0.3271056,0.1268921,0.103898086,0.06628036
375316653866487564,4062325552059081472,0.48760456,2429.6597382505797,2.643341877135722,1.7734947E-5,17.043032,0.022136115,0.23662548,0.005290822,0.06735743,0.0082998695,0.41539648,0.03685985,0.72926915,0.0050274557,0.075809546,0.0077453204,0.43688548,0.0373184,null,null,null,null,"TWOGAUSSIANS",8,42.717266,0.72926915,0.0050274557,0.4,0.0,0.4352886,0.03748372,0.23662548,0.005290822,0.3772016,0.043078482,0.4137996,0.037091516
375316653866487564,4062325582215414144,0.47182405,2457.820783715362,3.934809286869308,8.4769716E-5,18.626963,0.13275869,0.29417723,0.049816202,0.19813865,0.07272686,0.15917812,0.12710626,0.71418446,0.01924584,0.13919516,0.029695591,0.2399203,0.09666012,null,null,null,null,"TWOGAUSSIANS",8,1.6024656,0.71418446,0.01924584,0.4,0.0,0.17676982,0.009964724,0.31353724,0.042417936,0.4,0.0,0.08007777,0.0058918693
375316653866487564,4062325586418939648,0.54251796,2408.273359667477,1.4706286249512448,9.32696E-6,17.671062,0.011969406,0.22688077,0.0034337144,0.072213165,0.006035663,0.22249769,0.015017194,0.7287712,0.010597084,0.10409552,0.018483445,0.10117392,0.010327502,null,null,null,null,"TWOGAUSSIANS",8,3.7184038,0.22688077,0.0034336196,0.4,0.018137598,0.21782246,0.0138671575,0.7287712,0.010597084,0.4,0.0,0.096496716,0.0072203875
375316653866487564,4062325620778467456,0.45939556,2470.824805254706,2.0003116041792737,4.974404E-5,18.712767,0.07750829,0.20645423,0.008493635,0.09845956,0.014089539,0.4576332,0.07181245,0.63589585,0.03235572,0.12530532,0.060909063,0.3197749,0.09874303,null,null,null,null,"TWOGAUSSIANS",8,5.156737,0.20697424,0.008011802,0.4,0.0,0.42997327,0.03479753,0.63589585,0.03235572,0.4,0.0,0.2912322,0.058074802
375316653866487564,4062325758217834624,0.47085607,2422.1640587251545,1.8372918325354917,1.3244427E-5,18.525778,0.013983375,0.28397116,0.015484025,0.06637697,0.015672946,0.16240153,0.016946135,0.7791382,0.004897171,0.07081631,0.007506925,0.22714935,0.016505808,null,null,null,null,"TWOGAUSSIANS",8,9.054767,0.7791382,0.004897171,0.3965713,0.021715865,0.22670662,0.016120646,0.28397116,0.015484025,0.37171105,0.07565235,0.1619588,0.016610416
