Gaia/vari_eclipsing_binary/VariEclipsingBinary_486467-486576.csv
# %ECSV 1.0
# ---
# delimiter: ','
# meta: !!omap
# - RELEASE: Gaia DR3
# - TABLE: vari_eclipsing_binary
# - DESCRIPTION: >
#     This table describes the properties of the eclipsing binaries resulting from the variability analysis. 
# - CITATION: >
#     How to cite and acknowledge Gaia: 
#     https://gea.esac.esa.int/archive/documentation/credits.html 
# - KNOWN_ISSUES: >
#     Known issues: 
#     https://www.cosmos.esa.int/web/gaia-users/known-issues 
# - DOCUMENTATION: >
#     Tutorials and documentation: 
#     https://www.cosmos.esa.int/web/gaia-users/archive 
# datatype:
# - 
#   name: solution_id
#   datatype: int64
#   description: Solution Identifier
#   meta:
#     ucd: meta.version
# - 
#   name: source_id
#   datatype: int64
#   description: Unique source identifier
#   meta:
#     ucd: meta.id;meta.main
# - 
#   name: global_ranking
#   datatype: float32
#   description: Number between 0 (worst) and 1 (best)
#   meta:
#     ucd: stat.param
# - 
#   name: reference_time
#   datatype: float64
#   unit: d
#   description: Reference time used for the geometric model fit
#   meta:
#     ucd: time.epoch
# - 
#   name: frequency
#   datatype: float64
#   unit: d**-1
#   description: Frequency of geometric model of the eclipsing binary light curve
#   meta:
#     ucd: src.orbital
# - 
#   name: frequency_error
#   datatype: float32
#   unit: d**-1
#   description: "Uncertainty of \\texttt{frequency}"
#   meta:
#     ucd: stat.error
# - 
#   name: geom_model_reference_level
#   datatype: float32
#   unit: mag
#   description: Magnitude reference level of geometric model
#   meta:
#     ucd: phot.mag;em.opt
# - 
#   name: geom_model_reference_level_error
#   datatype: float32
#   unit: mag
#   description: "Uncertainty of \\texttt{geomModelReferenceLevel}"
#   meta:
#     ucd: stat.error;phot.mag;em.opt
# - 
#   name: geom_model_gaussian1_phase
#   datatype: float32
#   description: Phase of the Gaussian 1 component
#   meta:
#     ucd: time.phase
# - 
#   name: geom_model_gaussian1_phase_error
#   datatype: float32
#   description: "Uncertainty of \\texttt{geomModelGaussian1Phase}"
#   meta:
#     ucd: stat.error;time.phase
# - 
#   name: geom_model_gaussian1_sigma
#   datatype: float32
#   description: "Standard deviation [phase] of Gaussian 1 component"
#   meta:
#     ucd: stat.stdev
# - 
#   name: geom_model_gaussian1_sigma_error
#   datatype: float32
#   description: "Uncertainty of \\texttt{geomModelGaussian1Sigma}"
#   meta:
#     ucd: stat.error
# - 
#   name: geom_model_gaussian1_depth
#   datatype: float32
#   unit: mag
#   description: Magnitude depth of Gaussian 1 component
#   meta:
#     ucd: src.var.amplitude
# - 
#   name: geom_model_gaussian1_depth_error
#   datatype: float32
#   unit: mag
#   description: "Uncertainty of \\texttt{geomModelGaussian1Depth}"
#   meta:
#     ucd: stat.error;src.var.amplitude
# - 
#   name: geom_model_gaussian2_phase
#   datatype: float32
#   description: Phase of Gaussian 2 component
#   meta:
#     ucd: time.phase
# - 
#   name: geom_model_gaussian2_phase_error
#   datatype: float32
#   description: "Uncertainty of \\texttt{geomModelGaussian2Phase}"
#   meta:
#     ucd: stat.error;time.phase
# - 
#   name: geom_model_gaussian2_sigma
#   datatype: float32
[...]
#   datatype: float32
#   description: "Secondary eclipse: uncertainty of \\texttt{derivedSecondaryEclDuration}"
#   meta:
#     ucd: stat.error;time.duration
# - 
#   name: derived_secondary_ecl_depth
#   datatype: float32
#   unit: mag
#   description: "Secondary eclipse: depth"
#   meta:
#     ucd: src.var.amplitude
# - 
#   name: derived_secondary_ecl_depth_error
#   datatype: float32
#   unit: mag
#   description: "Secondary eclipse: uncertainty of \\texttt{derivedSecondaryEclDepth}"
#   meta:
#     ucd: stat.error;src.var.amplitude
solution_id,source_id,global_ranking,reference_time,frequency,frequency_error,geom_model_reference_level,geom_model_reference_level_error,geom_model_gaussian1_phase,geom_model_gaussian1_phase_error,geom_model_gaussian1_sigma,geom_model_gaussian1_sigma_error,geom_model_gaussian1_depth,geom_model_gaussian1_depth_error,geom_model_gaussian2_phase,geom_model_gaussian2_phase_error,geom_model_gaussian2_sigma,geom_model_gaussian2_sigma_error,geom_model_gaussian2_depth,geom_model_gaussian2_depth_error,geom_model_cosine_half_period_amplitude,geom_model_cosine_half_period_amplitude_error,geom_model_cosine_half_period_phase,geom_model_cosine_half_period_phase_error,model_type,num_model_parameters,reduced_chi2,derived_primary_ecl_phase,derived_primary_ecl_phase_error,derived_primary_ecl_duration,derived_primary_ecl_duration_error,derived_primary_ecl_depth,derived_primary_ecl_depth_error,derived_secondary_ecl_phase,derived_secondary_ecl_phase_error,derived_secondary_ecl_duration,derived_secondary_ecl_duration_error,derived_secondary_ecl_depth,derived_secondary_ecl_depth_error
[from data line 75]
375316653866487564,4279438996360708864,0.45970517,2198.5438630360163,1.7820790969370028,6.20727E-5,19.44535,0.105917506,0.34028146,0.02577035,0.040237043,0.06526975,0.8224694,0.47507742,0.7376875,0.0448949,0.13117212,0.06807862,0.21077889,0.09882382,null,null,null,null,"TWOGAUSSIANS",8,4.916136,0.34038147,0.022583248,0.22532743,0.16920435,0.82360613,0.53345555,0.7376875,0.0448949,0.4,0.0,0.20976643,0.06550486
375316653866487564,4279441474556376448,0.5454701,2172.3287631151834,3.096893135346501,5.4664557E-5,19.504107,0.029973082,0.27768815,0.03203654,0.0724806,0.0339698,0.67080367,17.225937,0.8171765,0.012696639,0.069437385,0.0135916,0.5572635,0.04759608,null,null,null,null,"TWOGAUSSIANS",8,4.8350797,0.27768815,0.03203654,0.4,0.17372788,0.6699122,17.227367,0.8171765,0.012696639,0.38884935,0.031800434,0.55637205,0.047091577
375316653866487564,4279444322120389248,0.5995843,2328.717168470022,2.7144308447678807,1.8425046E-5,17.563253,0.04918414,0.33087575,0.045247734,0.050703228,0.050762154,0.34649417,0.11222012,0.82332206,0.03768864,0.056468155,0.027734544,0.5474985,0.29202628,0.08888484,0.048289582,0.33087575,0.045247734,"TWOGAUSSIANS_WITH_ELLIPSOIDAL_ON_ECLIPSE1",9,16.245523,0.82389206,0.03357084,0.31622165,0.11501528,0.72487974,0.3085174,0.33087575,0.045247734,0.28393808,0.113035545,0.5242453,0.09072209
375316653866487564,4279446216204076672,0.6288415,2350.370673445621,0.5918884523272713,4.937583E-6,16.075764,0.0053454037,0.21321885,0.0010811123,0.02551834,0.0017170877,0.53058374,0.043933418,0.7393754,0.0029541515,0.018618867,0.004804662,0.67907256,1.0671449,0.01133786,0.008933965,0.21321885,0.0010811123,"TWOGAUSSIANS_WITH_ELLIPSOIDAL_ON_ECLIPSE1",9,14.27976,0.7393754,0.0029541515,0.10426566,0.026906107,0.70114124,1.0642207,0.21321885,0.0010811123,0.14290269,0.009615691,0.5532594,0.046448275
375316653866487564,4279451541961508096,0.6370537,2237.905601186359,0.12743853281786843,6.3016855E-6,18.031284,0.0047021434,0.29972884,0.0032116498,0.021627959,0.0016754038,1.0724182,0.14251505,0.8284548,0.009406758,0.03681396,0.006518953,0.13310526,0.017881615,0.06166287,0.006476477,0.29972884,0.0032116498,"TWOGAUSSIANS_WITH_ELLIPSOIDAL_ON_ECLIPSE1",9,2.2756002,0.29972884,0.0032116498,0.12111657,0.009382262,1.1957438,0.14038125,0.8284548,0.009406758,0.20615816,0.03650614,0.25245672,0.018091144
375316653866487564,4279462979458489600,0.5681054,2258.7368165186313,3.5524244559304243,1.212108E-5,18.786064,0.016491903,0.24975121,0.005761622,0.0711455,0.008349545,0.6367592,0.051575694,0.7510211,0.006235044,0.0717342,0.010161082,0.47102252,0.11066215,null,null,null,null,"TWOGAUSSIANS",8,6.848892,0.24975121,0.005761622,0.3984148,0.03603654,0.63443595,0.05283712,0.7510211,0.006235044,0.4,0.031969484,0.46869925,0.112175226
375316653866487564,4279469610888128896,0.4821434,2224.755941610354,3.1905251528760936,5.016809E-5,18.928356,0.014759268,0.28574246,0.007995031,0.05556989,0.007129859,0.4129225,0.040407453,0.8259446,0.0023222389,0.022721488,0.0042773783,0.8754094,0.45049936,null,null,null,null,"TWOGAUSSIANS",8,14.260474,0.8259446,0.0023222389,0.12724033,0.023953319,0.8754094,0.45049936,0.28574246,0.007995031,0.31119138,0.03992721,0.4129225,0.040407453
375316653866487564,4279473772714192128,0.51731735,2250.841791098442,0.7106510427286749,8.93758E-6,17.795254,0.007543284,0.5403074,0.0036522865,0.026537102,0.0029061518,0.25453287,0.009456364,0.7520413,0.0058282497,0.018909438,0.0063614342,0.11364663,0.056679413,0.029715545,0.012236627,0.7520413,0.0058282497,"TWOGAUSSIANS_WITH_ELLIPSOIDAL_ON_ECLIPSE2",9,10.219427,0.5407874,0.0035973077,0.14860778,0.01627445,0.25794452,0.01054051,0.7520413,0.0058282497,0.10589285,0.03562403,0.17307772,0.057438333
375316653866487564,4279475074086730624,0.5352521,2220.0649022149037,1.4254902923969959,3.2889187E-5,19.744577,0.006858794,0.23680119,0.005929386,0.06355099,0.007990471,0.52159786,0.04994142,0.75656354,0.0256391,0.06644045,0.046592876,0.31516606,12.901044,null,null,null,null,"TWOGAUSSIANS",8,1.4663985,0.23680119,0.005929386,0.3558855,0.044746637,0.5213264,0.050170828,0.75656354,0.0256391,0.37206653,0.23126891,0.3148946,12.90156
375316653866487564,4279476727648565888,0.47607496,2165.0457577599987,0.8416592131353847,3.4883582E-5,19.123816,0.0968591,0.22639674,0.006735952,0.11828649,0.031248877,0.36208242,0.07595763,0.70643044,0.015367701,0.113561705,0.03931226,0.39537838,0.1350621,null,null,null,null,"TWOGAUSSIANS",8,4.9229836,0.70643044,0.015367701,0.4,0.0,0.3343954,0.16171518,0.22645673,0.0066383984,0.4,0.0,0.3010436,0.044422768
375316653866487564,4279481052682522240,0.5267334,2223.6462446366118,1.1290674721307594,2.4983843E-5,18.723934,0.013614074,0.21557663,0.009946466,0.08557344,0.013146573,0.1687931,0.016594034,0.70295256,0.009672934,0.077611946,0.008528377,0.35267347,0.025009414,null,null,null,null,"TWOGAUSSIANS",8,3.6037104,0.70295256,0.009672934,0.4,0.0,0.3492615,0.024722112,0.21557663,0.009946466,0.4,0.0,0.16538109,0.015025632
375316653866487564,4279515893455034880,0.51409286,2188.531556875934,0.7049521978782788,5.766859E-5,19.578598,0.015265081,0.25620744,0.017483577,0.06798634,0.008477915,0.62245196,0.10497653,0.7393127,0.003498649,0.07123975,0.009259642,1.1642087,0.6501743,null,null,null,null,"TWOGAUSSIANS",8,1.5824932,0.7393127,0.003498649,0.3989426,0.040951286,1.1624719,0.6524938,0.25620744,0.017483577,0.3807235,0.029627342,0.62071526,0.1005804
375316653866487564,4279520016624377984,0.5886746,2256.4579665677384,3.557081249530877,1.6832372E-4,18.614992,0.010964355,0.14545916,0.05228325,0.038836848,0.026329553,1.2919657,21.138237,0.44145918,0.10840198,0.05527683,0.02820912,0.12767795,0.08738628,null,null,null,null,"TWOGAUSSIANS",8,7.186795,0.14545916,0.05228325,0.21748635,0.1474455,1.2919657,21.138237,0.44145918,0.10840198,0.30955026,0.15797107,0.12767795,0.087384924
375316653866487564,4279522082506343168,0.58605474,2248.304209176511,1.0680154385454164,2.960426E-5,17.22797,0.0405396,0.32111982,0.019087667,0.05399251,0.017726064,0.39040828,0.077953056,0.85641694,0.058485694,0.06996885,0.0630144,0.03700398,0.07762085,0.06985098,0.038741656,0.32111982,0.019087667,"TWOGAUSSIANS_WITH_ELLIPSOIDAL_ON_ECLIPSE1",9,10.044618,0.32111982,0.019087667,0.30235806,0.09926596,0.53009146,0.038553838,0.85641694,0.058485694,0.39182556,0.3282881,0.16992779,0.041263014
375316653866487564,4279538094142353152,0.49359354,2238.088159948084,2.0196471758823473,7.0277247E-6,19.091513,0.014896001,0.097602345,0.003968979,0.020065906,0.008830765,0.12216659,0.6146693,0.51045173,0.013405257,0.13067283,0.01274234,0.22935821,0.020204367,null,null,null,null,"TWOGAUSSIANS",8,2.0129623,0.51045173,0.013405257,0.4,0.0,0.2290486,0.020009072,0.097722344,0.0039818212,0.11236907,0.049452286,0.12342822,0.6146632
375316653866487564,4279539399812847616,0.48313326,2235.0305915681206,1.5797846037270464,4.0899937E-5,19.355444,0.022680152,0.21981025,0.009776745,0.08553713,0.01631036,0.18242179,0.036071967,0.71200156,0.008785484,0.08335342,0.013903813,0.22765744,0.022323905,null,null,null,null,"TWOGAUSSIANS",8,2.4752042,0.71200156,0.008785484,0.4,0.0,0.22323076,0.018792907,0.21981025,0.009776745,0.4,0.0,0.17799512,0.035535462
375316653866487564,4279543896642956288,0.54951614,2245.816103643993,2.753267903683688,1.6471942E-5,19.761234,0.051350467,0.2258156,0.005145154,0.10211885,0.020684266,0.38833073,0.04429906,0.7443244,0.005221614,0.095788136,0.012359862,0.43458617,0.050984237,null,null,null,null,"TWOGAUSSIANS",8,1.0852245,0.7443244,0.0052110883,0.4,0.0,0.40811798,0.024847304,0.2258156,0.0051454566,0.4,0.0,0.3618574,0.054249723
375316653866487564,4279552039900689280,0.50563174,2264.4221023138416,2.917169065583405,4.3339922E-5,18.803808,0.050712276,0.33826482,0.004875038,0.10119044,0.023003835,0.21820244,0.046089996,0.8383032,0.02201772,0.08560539,0.037877645,0.23689227,0.07181404,null,null,null,null,"TWOGAUSSIANS",8,2.528122,0.8383032,0.022031354,0.4,0.016395232,0.22435829,0.0699045,0.33826482,0.004870936,0.4,0.0,0.2056663,0.017619904
375316653866487564,4279554960478553472,0.47414336,2225.0739461811595,1.572469234731432,1.5096638E-5,18.106798,0.01967361,0.63718337,0.01205428,0.06197549,0.011313257,0.347209,0.035472013,0.88452035,0.0022100413,0.01919349,0.007977575,0.2945061,0.3976257,null,null,null,null,"TWOGAUSSIANS",8,21.553219,0.63718337,0.01205428,0.34706274,0.06335424,0.347209,0.035472013,0.88452035,0.0022100413,0.107483536,0.044674423,0.2946269,0.3976311
375316653866487564,4279555647673350912,0.6393812,2255.993881139547,1.2041488381057237,6.3673233E-6,15.766019,0.0059630885,0.102413975,0.0012212361,0.04564037,0.0016216995,0.51420176,0.017268974,0.59271896,0.013126004,0.05994392,0.007523387,0.2536689,0.016735772,null,null,null,null,"TWOGAUSSIANS",8,26.59904,0.102413975,0.0012212361,0.2555861,0.009081517,0.51419586,0.017270602,0.59271896,0.013126004,0.33568594,0.04213097,0.253663,0.016724817
375316653866487564,4279560359264299392,0.64881366,2252.4398087695026,0.742703708021653,4.613905E-5,14.822373,0.0018330726,0.17584154,0.004390915,0.020185618,0.004018201,0.2935016,0.08000093,0.45729506,0.0033237634,0.034352824,0.0046491493,0.029427936,0.0031335847,0.011345405,0.003309781,0.17584154,0.004390915,"TWOGAUSSIANS_WITH_ELLIPSOIDAL_ON_ECLIPSE1",9,14.590124,0.17584154,0.004390915,0.113039464,0.022501925,0.3161924,0.08031088,0.45965508,0.0036894958,0.19237581,0.026035234,0.030367464,0.0032306956
375316653866487564,4279560496703230336,0.5403646,2146.529645208551,0.14331848986832244,2.809719E-6,19.511925,0.009045915,0.21291918,2.7625283E-4,0.029787976,0.004453038,0.5014012,0.23217237,0.8455452,1.5056683E-4,0.00544764,2.9912006E-4,0.35997736,0.0032091916,null,null,null,null,"TWOGAUSSIANS",8,1.5945287,0.21291918,2.7625283E-4,0.16681267,0.024937013,0.5014012,0.23217237,0.8455452,1.5056683E-4,0.030506784,0.0016750722,0.35997736,0.0032091916
375316653866487564,4279563687851957248,0.48529935,2152.9571700238866,0.5626441239026713,8.57286E-5,18.850021,0.0058043557,0.76489264,6.5017137E-4,0.021669544,0.0010479012,0.7432381,0.019685019,null,null,null,null,null,null,null,null,null,null,"ONEGAUSSIAN",5,7.623494,0.76489264,6.5017137E-4,0.121349454,0.005868247,0.7432381,0.0,null,null,null,null,null,null
375316653866487564,4279566539709188224,0.51721925,2226.092115402225,1.8451336643009881,1.7677714E-5,19.532679,0.018502774,0.28678626,0.004257889,0.065957956,0.00843001,0.3760783,0.04943074,null,null,null,null,null,null,0.07630619,0.028044926,0.28678626,0.004257889,"ONEGAUSSIAN_WITH_ELLIPSOIDAL",6,4.1861634,0.28678626,0.004257889,0.36936456,0.047208056,0.52841413,0.032831013,null,null,null,null,null,null
375316653866487564,4279566578376993024,0.5713682,2229.967840945002,2.1587937615135706,4.833617E-5,8.409389,8.604384E-4,0.20038691,0.039531536,0.019854553,0.01952755,0.010702093,0.008388877,0.5929364,0.0027464135,0.057436623,0.0044367653,0.060251903,0.0025962733,null,null,null,null,"TWOGAUSSIANS",8,9.832409,0.5929364,0.0027464135,0.32164508,0.024845885,0.060251903,0.002596273,0.20038691,0.039531536,0.11118549,0.10935428,0.010702093,0.008388874
375316653866487564,4279569838244132480,0.56473213,2168.760123469832,0.8462167626547483,4.870377E-5,19.163553,0.014128657,0.22933403,0.008472492,0.06325132,0.011198347,0.4030709,0.0916934,0.7246109,3.432325E-4,0.041119576,0.0016776298,0.7541598,0.004837372,null,null,null,null,"TWOGAUSSIANS",8,4.2519565,0.7246109,3.432325E-4,0.23026961,0.009394727,0.7541514,0.0048572314,0.22933403,0.008472492,0.35420737,0.050817106,0.4030625,0.0917387
375316653866487564,4279576881991806464,0.50160074,2202.711791891158,1.5724179648533356,3.7866615E-5,19.323654,0.024563698,0.34800914,0.011935204,0.073519066,0.013427425,0.11196891,0.027100325,0.7854007,0.011748843,0.10893437,0.021892965,0.21187654,0.023642916,null,null,null,null,"TWOGAUSSIANS",8,1.3012254,0.7854007,0.011748843,0.4,0.0,0.20910849,0.02180099,0.34812912,0.012018526,0.4,0.037897054,0.109268226,0.024700204
375316653866487564,4279577436054394752,0.51808184,2243.245720250055,0.7225674311343382,1.6095726E-4,18.49195,0.03688258,0.27542487,0.029468194,0.053186428,0.06632968,0.51924527,0.30428737,0.79205954,0.007336308,0.06319325,0.017389059,0.13430633,0.036133848,null,null,null,null,"TWOGAUSSIANS",8,5.775295,0.27542487,0.029468194,0.297844,0.1332117,0.5192195,0.31462514,0.79205954,0.007369987,0.35388216,0.054838695,0.1342806,0.02741622
375316653866487564,4279581280040588416,0.5567698,2215.0855023699046,4.268166133142814,1.1187011E-5,19.149414,0.012302792,0.3070099,0.004409484,0.0714991,0.004292703,0.4313195,0.026023852,0.8077014,0.0032776878,0.0670298,0.003432528,0.5165653,0.044822928,null,null,null,null,"TWOGAUSSIANS",8,1.9326227,0.8077014,0.0032776878,0.37536687,0.019222159,0.5151957,0.0448619,0.3070099,0.004409484,0.4,0.014159555,0.42994994,0.025779525
375316653866487564,4279588186348552832,0.5481966,2210.9187669876364,2.691028953264947,1.808256E-5,19.131044,0.01416981,0.19886315,0.01412394,0.072990224,0.016921548,0.28039116,0.014260104,0.70910877,0.005282141,0.06838173,0.013290125,0.3485531,0.05817441,null,null,null,null,"TWOGAUSSIANS",8,2.0915852,0.70910877,0.005282141,0.38293767,0.024367133,0.34763002,0.06260419,0.19886315,0.01412394,0.4,0.038368218,0.27946812,0.012095283
375316653866487564,4279589702473101312,0.49814877,2198.5833963083405,3.649781530005553,9.5572184E-5,19.559963,0.012060624,0.3173006,0.009001066,0.0734732,0.012530866,0.17041038,0.013559879,0.7545843,0.012186523,0.040023107,0.013346018,0.15646668,0.029887132,null,null,null,null,"TWOGAUSSIANS",8,1.4580238,0.3173006,0.009001066,0.4,0.029243983,0.17040893,0.013558844,0.7545843,0.012186523,0.2241294,0.0747377,0.15646522,0.029887306
375316653866487564,4279593134151209856,0.6089859,2216.2961096474346,1.9980429143654874,7.790258E-6,17.963678,0.007734595,0.24509251,0.0023034627,0.069482245,0.004726845,0.13205978,0.00733651,0.7383787,0.0011722593,0.06225522,0.0022672194,0.5077153,0.009903619,null,null,null,null,"TWOGAUSSIANS",8,2.9840703,0.7383787,0.0011722593,0.34862924,0.012696429,0.50741565,0.009946242,0.24509251,0.0023034627,0.38910055,0.02548353,0.13176012,0.0071287053
375316653866487564,4279597364703498368,0.6120823,2231.622840283817,3.6408009893062867,1.384238E-5,17.531471,0.011391636,0.19860315,0.0068323943,0.060544666,0.0053922543,0.33186698,0.1024713,0.723738,0.0036855075,0.04071007,0.008511691,0.26548877,0.03711823,0.12747768,0.0152196195,0.723738,0.0036855075,"TWOGAUSSIANS_WITH_ELLIPSOIDAL_ON_ECLIPSE2",9,7.537009,0.20314315,0.005175783,0.3390501,0.030196624,0.58163345,0.093618706,0.723738,0.0036855075,0.2279764,0.047665473,0.52043235,0.032785278
375316653866487564,4279609012656736896,0.526292,2236.3963444232386,2.876799959821947,3.7161608E-5,19.73539,0.014923921,0.28836232,0.041356336,0.05528499,0.030251253,0.64635766,0.24006428,0.79800755,0.0040796623,0.07453945,0.0059985425,0.5317073,0.06751338,null,null,null,null,"TWOGAUSSIANS",8,3.7252927,0.28836232,0.041356336,0.30959594,0.16940702,0.6458439,0.240579,0.79800755,0.0040796623,0.4,0.0,0.53119355,0.06762217
375316653866487564,4279610936800220928,0.47822994,2210.9487214602973,2.1746773932193646,6.296406E-5,16.344975,0.006129229,0.2519192,0.05526927,0.043755163,0.03124083,0.27406165,0.2119525,0.7864416,0.0057744067,0.052578755,0.008727078,0.11923435,0.016070748,null,null,null,null,"TWOGAUSSIANS",8,30.087603,0.2519192,0.05526927,0.24502891,0.14845572,0.27406156,0.21199542,0.7864416,0.0057744067,0.294441,0.04887164,0.119234286,0.016070412
