Gaia/vari_eclipsing_binary/VariEclipsingBinary_605023-605146.csv
# %ECSV 1.0
# ---
# delimiter: ','
# meta: !!omap
# - RELEASE: Gaia DR3
# - TABLE: vari_eclipsing_binary
# - DESCRIPTION: >
#     This table describes the properties of the eclipsing binaries resulting from the variability analysis. 
# - CITATION: >
#     How to cite and acknowledge Gaia: 
#     https://gea.esac.esa.int/archive/documentation/credits.html 
# - KNOWN_ISSUES: >
#     Known issues: 
#     https://www.cosmos.esa.int/web/gaia-users/known-issues 
# - DOCUMENTATION: >
#     Tutorials and documentation: 
#     https://www.cosmos.esa.int/web/gaia-users/archive 
# datatype:
# - 
#   name: solution_id
#   datatype: int64
#   description: Solution Identifier
#   meta:
#     ucd: meta.version
# - 
#   name: source_id
#   datatype: int64
#   description: Unique source identifier
#   meta:
#     ucd: meta.id;meta.main
# - 
#   name: global_ranking
#   datatype: float32
#   description: Number between 0 (worst) and 1 (best)
#   meta:
#     ucd: stat.param
# - 
#   name: reference_time
#   datatype: float64
#   unit: d
#   description: Reference time used for the geometric model fit
#   meta:
#     ucd: time.epoch
# - 
#   name: frequency
#   datatype: float64
#   unit: d**-1
#   description: Frequency of geometric model of the eclipsing binary light curve
#   meta:
#     ucd: src.orbital
# - 
#   name: frequency_error
#   datatype: float32
#   unit: d**-1
#   description: "Uncertainty of \\texttt{frequency}"
#   meta:
#     ucd: stat.error
# - 
#   name: geom_model_reference_level
#   datatype: float32
#   unit: mag
#   description: Magnitude reference level of geometric model
#   meta:
#     ucd: phot.mag;em.opt
# - 
#   name: geom_model_reference_level_error
#   datatype: float32
#   unit: mag
#   description: "Uncertainty of \\texttt{geomModelReferenceLevel}"
#   meta:
#     ucd: stat.error;phot.mag;em.opt
# - 
#   name: geom_model_gaussian1_phase
#   datatype: float32
#   description: Phase of the Gaussian 1 component
#   meta:
#     ucd: time.phase
# - 
#   name: geom_model_gaussian1_phase_error
#   datatype: float32
#   description: "Uncertainty of \\texttt{geomModelGaussian1Phase}"
#   meta:
#     ucd: stat.error;time.phase
# - 
#   name: geom_model_gaussian1_sigma
#   datatype: float32
#   description: "Standard deviation [phase] of Gaussian 1 component"
#   meta:
#     ucd: stat.stdev
# - 
#   name: geom_model_gaussian1_sigma_error
#   datatype: float32
#   description: "Uncertainty of \\texttt{geomModelGaussian1Sigma}"
#   meta:
#     ucd: stat.error
# - 
#   name: geom_model_gaussian1_depth
#   datatype: float32
#   unit: mag
#   description: Magnitude depth of Gaussian 1 component
#   meta:
#     ucd: src.var.amplitude
# - 
#   name: geom_model_gaussian1_depth_error
#   datatype: float32
#   unit: mag
#   description: "Uncertainty of \\texttt{geomModelGaussian1Depth}"
#   meta:
#     ucd: stat.error;src.var.amplitude
# - 
#   name: geom_model_gaussian2_phase
#   datatype: float32
#   description: Phase of Gaussian 2 component
#   meta:
#     ucd: time.phase
# - 
#   name: geom_model_gaussian2_phase_error
#   datatype: float32
#   description: "Uncertainty of \\texttt{geomModelGaussian2Phase}"
#   meta:
#     ucd: stat.error;time.phase
# - 
#   name: geom_model_gaussian2_sigma
#   datatype: float32
[...]
#   datatype: float32
#   description: "Secondary eclipse: uncertainty of \\texttt{derivedSecondaryEclDuration}"
#   meta:
#     ucd: stat.error;time.duration
# - 
#   name: derived_secondary_ecl_depth
#   datatype: float32
#   unit: mag
#   description: "Secondary eclipse: depth"
#   meta:
#     ucd: src.var.amplitude
# - 
#   name: derived_secondary_ecl_depth_error
#   datatype: float32
#   unit: mag
#   description: "Secondary eclipse: uncertainty of \\texttt{derivedSecondaryEclDepth}"
#   meta:
#     ucd: stat.error;src.var.amplitude
solution_id,source_id,global_ranking,reference_time,frequency,frequency_error,geom_model_reference_level,geom_model_reference_level_error,geom_model_gaussian1_phase,geom_model_gaussian1_phase_error,geom_model_gaussian1_sigma,geom_model_gaussian1_sigma_error,geom_model_gaussian1_depth,geom_model_gaussian1_depth_error,geom_model_gaussian2_phase,geom_model_gaussian2_phase_error,geom_model_gaussian2_sigma,geom_model_gaussian2_sigma_error,geom_model_gaussian2_depth,geom_model_gaussian2_depth_error,geom_model_cosine_half_period_amplitude,geom_model_cosine_half_period_amplitude_error,geom_model_cosine_half_period_phase,geom_model_cosine_half_period_phase_error,model_type,num_model_parameters,reduced_chi2,derived_primary_ecl_phase,derived_primary_ecl_phase_error,derived_primary_ecl_duration,derived_primary_ecl_duration_error,derived_primary_ecl_depth,derived_primary_ecl_depth_error,derived_secondary_ecl_phase,derived_secondary_ecl_phase_error,derived_secondary_ecl_duration,derived_secondary_ecl_duration_error,derived_secondary_ecl_depth,derived_secondary_ecl_depth_error
[from data line 438]
375316653866487564,5322357798583562240,0.57253206,2257.0755505563816,0.045006438534919875,5.8915663E-5,19.804754,0.008585757,0.2762806,0.010002276,0.030906217,0.014757141,0.047332313,0.0064219316,0.45358995,4.555495E-6,0.0061129457,6.338927E-5,4.026471,0.101591475,null,null,null,null,"TWOGAUSSIANS",8,0.9770642,0.45358995,4.555495E-6,0.034232497,3.5497991E-4,4.026471,0.101591304,0.2762806,0.010002276,0.17307481,0.082639985,0.047332313,0.0064219316
375316653866487564,5322358520138237824,0.5369059,2230.686319255963,1.3696051544358812,7.875235E-6,19.09102,0.032630853,0.1827216,0.0049835728,0.0976676,0.016295277,0.22899167,0.027615191,0.66646445,0.0027359994,0.093217276,0.01043471,0.38127935,0.026461506,null,null,null,null,"TWOGAUSSIANS",8,1.2832453,0.66646445,0.0027359994,0.4,0.0,0.36621913,0.01607563,0.1827216,0.0049835728,0.4,0.0,0.21393083,0.014830838
375316653866487564,5322360375564367360,0.48513278,2153.743611139006,4.534257070744948,6.22479E-5,19.806606,0.0076549207,0.5624106,0.0048852684,0.016387014,0.010004406,0.74838597,1878708.0,0.3146606,0.13120164,0.0673674,0.07749305,0.033058275,0.017193332,null,null,null,null,"TWOGAUSSIANS",8,1.4668069,0.5624106,0.0048726667,0.09176728,0.056024674,0.7484242,1878708.0,0.3146606,0.13120164,0.3772574,0.13790673,0.033058275,0.017200205
375316653866487564,5322360409924136832,0.511303,2212.1690677742167,1.9554012848788673,2.0939431E-5,19.709095,0.0065792254,0.2880881,0.0031376062,0.06516616,0.008897243,0.35766873,0.042433575,0.798894,0.010694663,0.08925527,0.0107503645,0.13688008,0.013487926,null,null,null,null,"TWOGAUSSIANS",8,1.0603524,0.2880881,0.0031376062,0.3649305,0.049824562,0.3559954,0.043635152,0.798894,0.010694663,0.4,0.0,0.13520671,0.013177448
375316653866487564,5322361719894390656,0.523331,2225.1605264772356,0.31603586971002307,2.6617623E-5,19.419876,0.007036735,0.21921884,0.00547592,0.023389362,0.0038238752,0.59455335,0.11261465,0.723919,0.0036382196,0.032661546,0.004506286,0.29394308,0.045797616,null,null,null,null,"TWOGAUSSIANS",8,2.761883,0.21921884,0.00547592,0.13098043,0.0214137,0.59455335,0.11261465,0.723919,0.0036382196,0.18290465,0.025235202,0.29394308,0.045797616
375316653866487564,5322365018429244416,0.40310386,2168.2578815157053,0.07129011044892881,1.6841396E-4,17.673517,0.055096317,0.32380685,0.026572673,0.3025232,0.04292703,0.15006895,0.05321502,0.7042224,0.0112040695,0.02119169,0.008156787,0.113482475,0.1771631,null,null,null,null,"TWOGAUSSIANS",8,16.042461,0.7042224,0.0112040695,0.118673466,0.045678005,0.12339175,0.17828333,0.32380685,0.026572673,0.4,0.0,0.07475326,0.017336635
375316653866487564,5322368003426722816,0.46105123,2178.247414674865,0.18518478521514622,3.3210585E-5,19.685505,0.008169968,0.2263526,0.0037651963,0.018689902,0.037704438,1.7987065,1.6988822,0.7531565,0.020721657,0.04737484,0.017259812,0.060003,0.016720507,null,null,null,null,"TWOGAUSSIANS",8,1.6247141,0.2263526,0.0037651963,0.104663454,0.21114486,1.7987065,1.6988845,0.7531565,0.020721657,0.2652991,0.096654944,0.060003,0.016719889
375316653866487564,5322368312664479872,0.48163489,2197.9142135124926,3.345482226149825,1.5924092E-5,18.50793,0.014027469,0.227491,0.01135727,0.07814988,0.016937217,0.18647593,0.01419808,0.7499128,0.006746931,0.09023002,0.011360424,0.16105177,0.027380826,null,null,null,null,"TWOGAUSSIANS",8,3.3716948,0.227491,0.01135727,0.4,0.0,0.18368633,0.01429777,0.7499128,0.006746931,0.4,0.0,0.15826203,0.026497062
375316653866487564,5322368901079766528,0.54127413,2211.8792909432213,1.1408908416440124,1.2779243E-5,17.108755,0.007286917,0.27151307,0.004169364,0.10797716,0.010778843,0.06788679,0.0069020847,0.74805135,0.004202091,0.11282768,0.011356114,0.07541156,0.0068136035,null,null,null,null,"TWOGAUSSIANS",8,0.9562996,0.74805135,0.004202091,0.4,0.0,0.066794544,0.0020148286,0.27156308,0.004164288,0.4,0.0,0.059276927,0.0026811564
375316653866487564,5322371336321540864,0.5801779,2196.7994911791316,1.1031458966013294,9.3537215E-5,18.795685,0.0035561165,0.084242344,0.003318988,0.03541474,0.004353361,0.18758686,0.02975244,0.5923409,0.006119239,0.035461813,0.0053805313,1.0735259,0.31115264,null,null,null,null,"TWOGAUSSIANS",8,2.006992,0.5923409,0.006119239,0.19858617,0.030130975,1.0735259,0.31115264,0.084242344,0.003318988,0.19832253,0.024378823,0.18758686,0.02975244
375316653866487564,5322371649852229504,0.5135881,2198.357880361724,4.522310706999337,1.2822805E-5,19.75853,0.017878754,0.2147223,0.005711488,0.080696605,0.009995839,0.4762958,0.049798887,0.7171312,0.0045602955,0.071736984,0.005404353,0.57175624,0.025477102,null,null,null,null,"TWOGAUSSIANS",8,3.3192878,0.7171312,0.0045602955,0.4,0.023678051,0.5672255,0.024511466,0.2147223,0.005711488,0.4,0.0,0.47176504,0.051746976
375316653866487564,5322374364278681728,0.5071859,2227.729499834451,2.4777716714250606,1.0651715E-5,18.448277,0.0025265175,null,null,null,null,null,null,null,null,null,null,null,null,0.06646909,0.004300138,0.26400647,0.0033098105,"ELLIPSOIDAL",4,1.9612249,null,null,null,null,null,null,null,null,null,null,null,null
375316653866487564,5322375429430894336,0.5467822,2209.0430375982105,2.6704588052013025,1.8912851E-5,17.196716,0.01461391,0.2556501,0.0048529287,0.10223716,0.009807091,0.17447442,0.01428954,0.7484712,0.00665052,0.10351746,0.01205373,0.18355693,0.015070851,null,null,null,null,"TWOGAUSSIANS",8,5.3360677,0.7484712,0.00665052,0.4,0.0,0.16640234,0.00883732,0.2556501,0.00485317,0.4,0.0,0.15732078,0.0052035972
375316653866487564,5322376077965294464,0.5008509,2202.591477408879,2.432633267375585,2.1542908E-5,17.062366,0.014568273,0.23983774,0.010340849,0.087283,0.014736423,0.12826984,0.014850805,0.7565991,0.0073168073,0.106876984,0.018527918,0.12714386,0.012736748,null,null,null,null,"TWOGAUSSIANS",8,8.510646,0.23982772,0.010331986,0.4,0.0,0.12092646,0.005379788,0.7565991,0.0073168073,0.4,0.0,0.119794816,0.0069604
375316653866487564,5322380067995285248,0.52338094,2175.68064223697,2.2254838020335814,7.961367E-6,19.57316,0.0135841165,0.25349423,0.0022346124,0.09979471,0.0054983883,0.27809244,0.01449132,0.75662786,0.006718119,0.08341398,0.0120590525,0.3230454,0.047983523,null,null,null,null,"TWOGAUSSIANS",8,0.6102727,0.75662786,0.006718119,0.4,0.0,0.30941564,0.05448009,0.25349423,0.0022346124,0.4,0.0,0.2644607,0.010950927
375316653866487564,5322380819609413888,0.50263566,2211.4693989666616,2.5402696549946757,2.0304135E-5,17.637873,0.0077693984,0.2848868,0.018449312,0.021765329,0.027966613,0.0367064,0.031692047,0.80679864,0.008988046,0.026233321,0.005306478,0.32674748,0.045599315,0.0424318,0.015504298,0.2848868,0.018449312,"TWOGAUSSIANS_WITH_ELLIPSOIDAL_ON_ECLIPSE1",9,22.182915,0.80679864,0.008988046,0.1469066,0.029716277,0.41001257,0.049631663,0.2848868,0.018449312,0.12188584,0.15661302,0.12156993,0.03390504
375316653866487564,5322385904850987648,0.4780295,2193.466385469693,2.265587593776186,2.6239511E-5,17.927666,0.027575025,0.26051456,0.011420861,0.041770533,0.030027585,0.31826958,0.11412758,0.7464546,0.026802769,0.029956365,0.015295742,0.25154394,0.10913605,0.087865576,0.03934167,0.26051456,0.011420861,"TWOGAUSSIANS_WITH_ELLIPSOIDAL_ON_ECLIPSE1",9,38.585262,0.26051456,0.011420861,0.23391499,0.16815448,0.49400073,0.15139803,0.7471146,0.026181825,0.16775565,0.08565615,0.4259713,0.10285858
375316653866487564,5322385939210747904,0.47499654,2184.7227202311533,0.4465879071261627,1.9044872E-5,19.089746,0.0042373594,0.28145954,0.0069544003,0.026148422,0.006534158,0.25535727,0.080268346,0.8447057,0.011009067,0.012183919,0.0065109422,0.2082552,0.10377083,null,null,null,null,"TWOGAUSSIANS",8,2.894974,0.28145954,0.0069544003,0.14643116,0.036591284,0.25535727,0.080268346,0.8447057,0.011009067,0.06822994,0.036461275,0.2082552,0.10377083
375316653866487564,5322387627137022336,0.5669394,2195.7888552116115,0.9214439300357242,2.064613E-5,16.828865,0.0019047279,0.23637743,0.021582598,0.039958585,0.024688665,0.07093699,0.015462226,0.74604803,0.00190838,0.056168128,0.004182113,0.14334689,0.0041424115,null,null,null,null,"TWOGAUSSIANS",8,3.742106,0.74604803,0.00190838,0.31454152,0.023419831,0.14334673,0.004141059,0.23637743,0.021582598,0.22376807,0.13825652,0.07093683,0.0154750515
375316653866487564,5322390135398792320,0.5598573,2192.584456093999,3.6620134910037128,1.1481177E-5,17.582209,0.014677154,0.25498202,0.0041551907,0.096433654,0.007610041,0.25061524,0.014584132,0.7417493,0.0026973614,0.0983758,0.007727632,0.21204665,0.014741618,null,null,null,null,"TWOGAUSSIANS",8,5.785646,0.25498202,0.0041551907,0.4,0.0,0.23629875,0.008904533,0.7417493,0.0026973614,0.4,0.0,0.19772978,0.010316855
375316653866487564,5322390822592682880,0.66096026,2218.9439341753787,1.132225984631339,6.2178E-5,12.874508,3.822789E-4,0.3826474,0.0018280109,0.03360868,0.0014086381,0.25378343,0.0039939363,null,null,null,null,null,null,null,null,null,null,"ONEGAUSSIAN",5,14.109537,0.3826474,0.0018280109,0.1882086,0.007888373,0.25378343,0.0,null,null,null,null,null,null
375316653866487564,5322391677284040960,0.50922817,2200.3297800893483,3.1850322652217655,2.6218424E-5,18.743397,0.4271349,0.25877467,0.0082358625,0.114026025,0.031505853,0.3738743,0.31497347,0.7453166,0.007456884,0.1513045,0.11724208,0.29857397,0.41302305,null,null,null,null,"TWOGAUSSIANS",8,4.3973217,0.25931466,0.006533916,0.4,0.0,0.2774942,0.024930237,0.7453166,0.007456884,0.4,0.0,0.19960661,0.019604659
375316653866487564,5322391681579281152,0.64087105,2237.1602336715832,1.119963974411521,7.60853E-5,15.091514,0.0013829436,0.5000644,0.012256124,0.037373807,0.0058768075,0.61731493,0.024415288,null,null,null,null,null,null,null,null,null,null,"ONEGAUSSIAN",5,19.683329,0.5000644,0.012256124,0.20929332,0.032910123,0.61731493,0.0,null,null,null,null,null,null
375316653866487564,5322392364478936960,0.5460435,2251.283222238805,2.6648526261669483,1.1837457E-5,17.393612,0.026291333,0.26697606,0.005490674,0.111338876,0.009891767,0.28908747,0.027822174,0.7783712,0.0025263375,0.112676255,0.01044584,0.26812655,0.023069454,null,null,null,null,"TWOGAUSSIANS",8,6.1333704,0.26695606,0.0054999837,0.4,0.0,0.24801648,0.020394368,0.77839124,0.0025196255,0.4,0.0,0.22705099,0.008970366
375316653866487564,5322392742438624896,0.5326838,2169.356151056635,3.285445180074684,2.306413E-5,18.228045,0.01596134,0.26625115,0.0037505687,0.08274362,0.00835385,0.28404793,0.017888835,0.7558389,0.0064025484,0.08022364,0.010195843,0.27207094,0.01845099,null,null,null,null,"TWOGAUSSIANS",8,5.7338347,0.26625115,0.0037505687,0.4,0.0,0.27992618,0.016810792,0.7558389,0.0064025484,0.4,0.0,0.26794922,0.018347906
375316653866487564,5322393605731690624,0.6803549,2201.02711747066,2.451068411058964,2.4207095E-6,16.120829,0.002728345,0.24284032,0.0010586649,0.050895542,0.0020821756,0.10853115,0.0077819875,0.7475999,0.0021419467,0.048053425,0.002922929,0.09232283,0.0064109084,0.10348097,0.003777846,0.24284032,0.0010586649,"TWOGAUSSIANS_WITH_ELLIPSOIDAL_ON_ECLIPSE1",9,3.451945,0.24284032,0.0010586649,0.28501505,0.011660183,0.31549206,0.0059765773,0.7475999,0.0021419467,0.26909918,0.0163684,0.2990987,0.0029657627
375316653866487564,5322395078901130496,0.4811095,2185.337619142928,1.1303069473860634,6.218793E-5,19.745548,0.0055759083,0.32518947,0.0056089177,0.016562555,0.009615104,0.13811171,0.061625347,0.62977684,7.889209E-4,0.013263869,7.182811E-4,0.5498703,0.054357897,null,null,null,null,"TWOGAUSSIANS",8,1.5449228,0.62977684,7.889209E-4,0.07427767,0.004022374,0.5498703,0.054357897,0.32518947,0.0056089177,0.09275031,0.053844582,0.13811171,0.061625347
375316653866487564,5322395353779069440,0.4885376,2212.5072752785713,0.6445262145621953,4.8350532E-5,19.00088,0.0033940463,0.25809994,0.0433366,0.020031394,0.016034773,0.24172935,0.24700487,0.73830414,0.0037377435,0.029125463,0.00403052,0.08662629,0.011896549,null,null,null,null,"TWOGAUSSIANS",8,1.8716502,0.25809994,0.0433366,0.112175815,0.08979473,0.24172935,0.24700487,0.73830414,0.0037377435,0.1631026,0.022570912,0.08662629,0.011896549
375316653866487564,5322399446884646912,0.5489937,2227.663356940796,0.03827147030130075,1.919069E-5,18.897984,0.0034684988,0.08667022,0.042357773,0.050956964,0.03066415,0.027482413,0.0058647767,0.43988055,0.0048115817,0.0033175335,0.0013979184,1.771524,1.2837952,0.012573524,0.005350881,0.43988055,0.0048115817,"TWOGAUSSIANS_WITH_ELLIPSOIDAL_ON_ECLIPSE2",9,2.468863,0.43988055,0.0048115817,0.018578188,0.007828344,1.7966709,1.2844989,0.071070224,0.022559192,0.28535903,0.16359569,0.037820753,0.008243146
375316653866487564,5322401405392040832,0.5104052,2215.270438914445,0.26904367407436475,1.2622612E-5,18.514435,0.002937932,0.38243157,0.004034234,0.017589655,0.004336611,0.04230974,0.024754869,0.6361666,0.005247047,0.023662904,0.003307389,0.24872872,0.02230311,null,null,null,null,"TWOGAUSSIANS",8,1.746966,0.6361666,0.005247047,0.13251227,0.01852138,0.24872872,0.02230311,0.38243157,0.004034234,0.09850206,0.02428502,0.04230974,0.024754869
375316653866487564,5322402230025806464,0.58279884,2171.88529320381,0.48874698201174893,3.1201E-5,15.671262,0.0010102051,0.609727,0.010518085,0.01583718,0.0059364326,0.05773255,1.3160005,0.72871345,0.0026532947,0.026999315,0.002823034,0.16627786,0.0058416193,null,null,null,null,"TWOGAUSSIANS",8,9.594514,0.72871345,0.0026532947,0.15119617,0.01580899,0.16627786,0.0058416193,0.60973704,0.01050681,0.08868821,0.033244025,0.05774263,1.3160022
375316653866487564,5322402741119833856,0.5944872,2214.417262182617,0.5673208604712798,7.8935755E-6,19.121174,0.0032637252,0.13974746,0.027801687,0.031484,0.02353541,0.028641926,0.29048505,0.68797857,0.00365428,0.026082499,0.0030945987,0.52027243,0.022495778,null,null,null,null,"TWOGAUSSIANS",8,1.4089532,0.68797857,0.00365428,0.14606199,0.017329752,0.52027243,0.022495778,0.13974746,0.027801687,0.1763104,0.1317983,0.028641926,0.29048505
375316653866487564,5322403295170712704,0.49174514,2249.6552500033426,2.7933727400861184,2.5522884E-5,19.659903,0.014328275,0.21224141,0.0048852176,0.08751318,0.0070245396,0.33024994,0.01899157,0.69668543,0.024972254,0.059669644,0.023945417,0.1983718,0.056093782,null,null,null,null,"TWOGAUSSIANS",8,2.1989493,0.21224141,0.0048852176,0.4,0.0,0.32910717,0.018307848,0.69668543,0.024972254,0.33415002,0.13409433,0.19722912,0.057452157
375316653866487564,5322404085451672192,0.6211457,2228.776159813643,1.2825452880835138,4.6798873E-6,14.244046,0.0152104385,0.29194215,0.0012373676,0.10391392,0.0058239033,0.25116065,0.014951109,0.77784646,0.0023149378,0.09473093,0.0059338855,0.2716648,0.013839678,null,null,null,null,"TWOGAUSSIANS",8,44.419117,0.77784646,0.0023149378,0.4,0.0,0.253386,0.007070016,0.29194215,0.0012373676,0.4,0.0,0.23287676,0.008750848
375316653866487564,5322405047524342016,0.5280884,2210.762130819331,1.125871319284108,2.5762274E-5,16.840605,0.012952126,0.25263503,0.0051832655,0.09614457,0.013122892,0.13566534,0.011353486,0.7688049,0.0050848285,0.11122437,0.02292989,0.07842111,0.015421071,null,null,null,null,"TWOGAUSSIANS",8,3.9706373,0.25262505,0.005182815,0.4,0.0,0.12667088,0.0061445963,0.7688049,0.0050879684,0.4,0.0,0.06941941,0.015885344
375316653866487564,5322405386819846912,0.49379462,2231.9245402320903,1.5179549879288678,3.7887527E-5,18.548977,0.009174981,0.3913278,0.008441597,0.016659679,0.0039951294,0.72801447,0.41007552,0.78124034,0.009074455,0.030236067,0.0052616885,0.5619599,0.30381757,null,null,null,null,"TWOGAUSSIANS",8,16.750801,0.3913278,0.008441597,0.093294196,0.022372724,0.72801447,0.41007552,0.78124034,0.009074455,0.16932197,0.029465456,0.5619599,0.30381757
375316653866487564,5322405696057528832,0.4743474,2216.656986578066,3.9980159021238855,2.6932312E-5,18.727856,0.50518,0.28234136,0.009049715,0.13764574,0.043485966,0.3382307,0.37703565,0.7756097,0.009327365,0.17900214,0.12063119,0.3344137,0.4937385,null,null,null,null,"TWOGAUSSIANS",8,2.928341,0.28363135,0.007581832,0.4,0.0,0.167617,0.009947827,0.7756097,0.009327365,0.4,0.0,0.1511358,0.016546786
