Gaia/vari_eclipsing_binary/VariEclipsingBinary_632080-632397.csv
# %ECSV 1.0
# ---
# delimiter: ','
# meta: !!omap
# - RELEASE: Gaia DR3
# - TABLE: vari_eclipsing_binary
# - DESCRIPTION: >
#     This table describes the properties of the eclipsing binaries resulting from the variability analysis. 
# - CITATION: >
#     How to cite and acknowledge Gaia: 
#     https://gea.esac.esa.int/archive/documentation/credits.html 
# - KNOWN_ISSUES: >
#     Known issues: 
#     https://www.cosmos.esa.int/web/gaia-users/known-issues 
# - DOCUMENTATION: >
#     Tutorials and documentation: 
#     https://www.cosmos.esa.int/web/gaia-users/archive 
# datatype:
# - 
#   name: solution_id
#   datatype: int64
#   description: Solution Identifier
#   meta:
#     ucd: meta.version
# - 
#   name: source_id
#   datatype: int64
#   description: Unique source identifier
#   meta:
#     ucd: meta.id;meta.main
# - 
#   name: global_ranking
#   datatype: float32
#   description: Number between 0 (worst) and 1 (best)
#   meta:
#     ucd: stat.param
# - 
#   name: reference_time
#   datatype: float64
#   unit: d
#   description: Reference time used for the geometric model fit
#   meta:
#     ucd: time.epoch
# - 
#   name: frequency
#   datatype: float64
#   unit: d**-1
#   description: Frequency of geometric model of the eclipsing binary light curve
#   meta:
#     ucd: src.orbital
# - 
#   name: frequency_error
#   datatype: float32
#   unit: d**-1
#   description: "Uncertainty of \\texttt{frequency}"
#   meta:
#     ucd: stat.error
# - 
#   name: geom_model_reference_level
#   datatype: float32
#   unit: mag
#   description: Magnitude reference level of geometric model
#   meta:
#     ucd: phot.mag;em.opt
# - 
#   name: geom_model_reference_level_error
#   datatype: float32
#   unit: mag
#   description: "Uncertainty of \\texttt{geomModelReferenceLevel}"
#   meta:
#     ucd: stat.error;phot.mag;em.opt
# - 
#   name: geom_model_gaussian1_phase
#   datatype: float32
#   description: Phase of the Gaussian 1 component
#   meta:
#     ucd: time.phase
# - 
#   name: geom_model_gaussian1_phase_error
#   datatype: float32
#   description: "Uncertainty of \\texttt{geomModelGaussian1Phase}"
#   meta:
#     ucd: stat.error;time.phase
# - 
#   name: geom_model_gaussian1_sigma
#   datatype: float32
#   description: "Standard deviation [phase] of Gaussian 1 component"
#   meta:
#     ucd: stat.stdev
# - 
#   name: geom_model_gaussian1_sigma_error
#   datatype: float32
#   description: "Uncertainty of \\texttt{geomModelGaussian1Sigma}"
#   meta:
#     ucd: stat.error
# - 
#   name: geom_model_gaussian1_depth
#   datatype: float32
#   unit: mag
#   description: Magnitude depth of Gaussian 1 component
#   meta:
#     ucd: src.var.amplitude
# - 
#   name: geom_model_gaussian1_depth_error
#   datatype: float32
#   unit: mag
#   description: "Uncertainty of \\texttt{geomModelGaussian1Depth}"
#   meta:
#     ucd: stat.error;src.var.amplitude
# - 
#   name: geom_model_gaussian2_phase
#   datatype: float32
#   description: Phase of Gaussian 2 component
#   meta:
#     ucd: time.phase
# - 
#   name: geom_model_gaussian2_phase_error
#   datatype: float32
#   description: "Uncertainty of \\texttt{geomModelGaussian2Phase}"
#   meta:
#     ucd: stat.error;time.phase
# - 
#   name: geom_model_gaussian2_sigma
#   datatype: float32
[...]
#   datatype: float32
#   description: "Secondary eclipse: uncertainty of \\texttt{derivedSecondaryEclDuration}"
#   meta:
#     ucd: stat.error;time.duration
# - 
#   name: derived_secondary_ecl_depth
#   datatype: float32
#   unit: mag
#   description: "Secondary eclipse: depth"
#   meta:
#     ucd: src.var.amplitude
# - 
#   name: derived_secondary_ecl_depth_error
#   datatype: float32
#   unit: mag
#   description: "Secondary eclipse: uncertainty of \\texttt{derivedSecondaryEclDepth}"
#   meta:
#     ucd: stat.error;src.var.amplitude
solution_id,source_id,global_ranking,reference_time,frequency,frequency_error,geom_model_reference_level,geom_model_reference_level_error,geom_model_gaussian1_phase,geom_model_gaussian1_phase_error,geom_model_gaussian1_sigma,geom_model_gaussian1_sigma_error,geom_model_gaussian1_depth,geom_model_gaussian1_depth_error,geom_model_gaussian2_phase,geom_model_gaussian2_phase_error,geom_model_gaussian2_sigma,geom_model_gaussian2_sigma_error,geom_model_gaussian2_depth,geom_model_gaussian2_depth_error,geom_model_cosine_half_period_amplitude,geom_model_cosine_half_period_amplitude_error,geom_model_cosine_half_period_phase,geom_model_cosine_half_period_phase_error,model_type,num_model_parameters,reduced_chi2,derived_primary_ecl_phase,derived_primary_ecl_phase_error,derived_primary_ecl_duration,derived_primary_ecl_duration_error,derived_primary_ecl_depth,derived_primary_ecl_depth_error,derived_secondary_ecl_phase,derived_secondary_ecl_phase_error,derived_secondary_ecl_duration,derived_secondary_ecl_duration_error,derived_secondary_ecl_depth,derived_secondary_ecl_depth_error
[from data line 541]
375316653866487564,5561855006191565568,0.6316584,2219.7898733629413,2.780110009217172,7.295979E-6,17.350222,0.023179173,0.19596481,0.003178555,0.04630543,0.008331456,0.32382575,0.053908154,0.691286,0.0053881323,0.053343076,0.00931884,0.35548925,0.051254246,0.12288913,0.032040354,0.19596481,0.003178555,"TWOGAUSSIANS_WITH_ELLIPSOIDAL_ON_ECLIPSE1",9,9.708427,0.69191605,0.0046022646,0.29872122,0.052185502,0.6010796,0.04178955,0.19596481,0.003178555,0.2593104,0.046656158,0.56959987,0.012472713
375316653866487564,5561855757807789440,0.6247925,2258.4168747350514,2.7688061653273786,3.1607087E-6,17.674982,0.008409707,0.2715856,0.0010529681,0.048801962,0.0036199577,0.23045632,0.019509163,0.77740526,0.0056634634,0.04155602,0.021382356,0.20765756,0.038645077,0.123961955,0.012288235,0.2715856,0.0010529681,"TWOGAUSSIANS_WITH_ELLIPSOIDAL_ON_ECLIPSE1",9,4.8117466,0.2715856,0.0010529681,0.273291,0.020271763,0.47837973,0.010300177,0.77740526,0.0056634634,0.23271371,0.119741194,0.45524964,0.032497633
375316653866487564,5561863561766268032,0.65900266,2206.7970188903405,1.4636928212008964,7.758321E-6,15.774027,0.0031016408,0.2631796,5.645344E-4,0.038523722,0.0016788632,0.42612538,0.020469006,0.7590514,0.0066679493,0.044697937,0.005902548,0.1822519,0.01087565,0.017033242,0.004515903,0.2631796,5.645344E-4,"TWOGAUSSIANS_WITH_ELLIPSOIDAL_ON_ECLIPSE1",9,5.340285,0.2631796,5.645344E-4,0.21573286,0.009401633,0.46019182,0.023805765,0.75917137,0.0065117874,0.25030845,0.033054266,0.21629606,0.0058504385
375316653866487564,5561864283320828544,0.57369584,2218.935378816799,2.945724949489016,1.2596452E-5,14.779097,0.008341226,0.252924,0.0016792562,0.092325345,0.005175286,0.2322381,0.008226074,0.75185126,0.0046812654,0.098688714,0.0068289586,0.25594607,0.013850428,null,null,null,null,"TWOGAUSSIANS",8,43.094982,0.75185126,0.0046812654,0.4,0.0,0.24030446,0.014734189,0.252924,0.0016792562,0.4,0.0,0.21659765,0.008870224
375316653866487564,5561866482341072768,0.55022305,2214.9405796122205,3.6842097608702464,1.5970962E-5,19.778782,0.009452643,0.253065,0.0033290612,0.06904123,0.0037737808,0.6225934,0.045941394,0.75631714,0.004409849,0.06328035,0.005318707,0.5754262,0.051001094,null,null,null,null,"TWOGAUSSIANS",8,1.8303977,0.253065,0.0033290612,0.3866309,0.021133171,0.62172747,0.04610035,0.75631714,0.004409849,0.35437,0.029784758,0.5745603,0.051268492
375316653866487564,5561869540361110784,0.49488845,2253.5067370173697,1.4725735556625228,1.5153005E-5,16.629871,0.0017661193,null,null,null,null,null,null,null,null,null,null,null,null,0.04333905,0.0021814518,0.307501,0.004717506,"ELLIPSOIDAL",4,7.030204,null,null,null,null,null,null,null,null,null,null,null,null
375316653866487564,5561870841733063552,0.63763714,2219.4245501649743,4.358372334075187,5.0850895E-6,18.230747,0.00751904,0.33438325,7.666056E-4,0.03669331,0.0013211772,0.49702814,0.023048902,0.83550674,0.0028927512,0.044202108,0.005498859,0.405716,0.021357637,0.15135191,0.009635984,0.33438325,7.666056E-4,"TWOGAUSSIANS_WITH_ELLIPSOIDAL_ON_ECLIPSE1",9,4.289193,0.33438325,7.666056E-4,0.20548253,0.007398593,0.79973143,0.017027093,0.83550674,0.0028384966,0.24753182,0.030793611,0.70840424,0.023581741
375316653866487564,5561880702977003904,0.59597206,2268.7820753760543,2.447575447010129,1.164569E-5,17.595396,0.0060198135,0.17378294,0.0040803817,0.08386552,0.0039002437,0.2635116,0.009766043,0.6591785,0.004759489,0.079587,0.004033051,0.4988763,0.016927449,null,null,null,null,"TWOGAUSSIANS",8,6.250798,0.6591785,0.004759489,0.4,0.0,0.49384835,0.0169661,0.17378294,0.0040803817,0.4,0.0,0.25848368,0.009255774
375316653866487564,5561880806056260096,0.4982116,2255.8458490338016,3.1571437975896255,6.280844E-5,18.368114,0.017519971,0.23211887,0.012533639,0.10239232,0.017256215,0.15778513,0.018805744,0.7115035,0.012946318,0.08247448,0.017958328,0.17683084,0.022626083,null,null,null,null,"TWOGAUSSIANS",8,4.0695114,0.7115035,0.012946318,0.4,0.0,0.17058708,0.014777742,0.23211887,0.012533639,0.4,0.0,0.15153825,0.012535796
375316653866487564,5561896405379182208,0.55257475,2254.900993473466,2.131374081531723,1.4240372E-5,17.75772,0.01127333,0.26297888,0.0032740356,0.091684446,0.008743678,0.16581708,0.010598527,0.7766833,0.004130901,0.085916094,0.012290118,0.11032959,0.009502497,null,null,null,null,"TWOGAUSSIANS",8,2.7741401,0.26297888,0.0032740356,0.4,0.0,0.16167459,0.007622115,0.7766833,0.004130901,0.4,0.0,0.10618725,0.008002897
375316653866487564,5561897509188312448,0.49396554,2277.277792159374,2.850735592074901,2.4770683E-5,14.518737,0.57821643,0.23104246,0.005230284,0.18849382,0.15039702,0.29630557,0.5672378,0.7328992,0.005068566,0.15092573,0.07645197,0.28158,0.421486,null,null,null,null,"TWOGAUSSIANS",8,64.38571,0.7334892,0.0041003614,0.4,0.0,0.10660613,0.008644944,0.23078246,0.006048443,0.4,0.0,0.10608434,0.008329262
375316653866487564,5561899463395925376,0.63443166,2262.1938014252983,2.908925334507689,5.0472927E-6,18.18342,0.011308209,0.2403159,0.0028522164,0.03662258,0.0045844363,0.3044879,0.027615933,0.73513997,0.0017930005,0.043136567,0.003435632,0.44288903,0.022379478,0.13473718,0.012905606,0.2403159,0.0028522164,"TWOGAUSSIANS_WITH_ELLIPSOIDAL_ON_ECLIPSE1",9,4.341971,0.73556,0.0015436107,0.24156478,0.01923954,0.71210146,0.022123499,0.2403159,0.0028522164,0.20508644,0.025672844,0.5739619,0.016195303
375316653866487564,5561904896531800448,0.6157845,2192.097256960638,1.4844443587332303,1.3612319E-5,16.65253,0.0041377386,0.2121374,0.002881985,0.044060327,0.0045371596,0.09943487,0.010003177,0.71134585,0.0044626794,0.042003587,0.006656799,0.6001703,0.64359784,0.02807161,0.0056194672,0.2121374,0.002881985,"TWOGAUSSIANS_WITH_ELLIPSOIDAL_ON_ECLIPSE1",9,4.844059,0.71135587,0.004433022,0.23522009,0.037278075,0.65631205,0.649054,0.2121374,0.002881985,0.24673784,0.025408095,0.155578,0.0048286333
375316653866487564,5561906099122152320,0.5571405,2210.3514161522826,3.5343173731156794,8.893296E-6,18.45081,0.011979747,0.2707165,0.0040520127,0.08677932,0.0069416417,0.20586176,0.014754854,0.7692771,0.005437739,0.08435542,0.00835788,0.25403976,0.015062181,null,null,null,null,"TWOGAUSSIANS",8,2.32922,0.7692771,0.005437739,0.4,0.0,0.24780378,0.013439661,0.2707165,0.0040520127,0.4,0.0,0.19962578,0.013269942
375316653866487564,5561908671806010880,0.43763393,2193.361430919621,2.8342289248754633,1.980568E-5,18.657818,0.00725267,null,null,null,null,null,null,null,null,null,null,null,null,0.101402536,0.011270794,0.23397154,0.0069524213,"ELLIPSOIDAL",4,16.759039,null,null,null,null,null,null,null,null,null,null,null,null
375316653866487564,5561911631040201088,0.5272505,2205.104659199305,0.4214674384451295,1.5620907E-6,12.930873,9.6781325E-4,0.2621912,2.2874345E-4,0.014153634,0.0013461362,0.083437555,0.005671696,0.7677127,0.013211478,0.01804272,0.009130918,0.08682087,2.960498,0.0050671655,0.0019951852,0.2621912,2.2874345E-4,"TWOGAUSSIANS_WITH_ELLIPSOIDAL_ON_ECLIPSE1",9,27.522581,0.7677127,0.013211478,0.10103924,0.05113314,0.096943,2.960314,0.2621912,2.2874345E-4,0.07926035,0.007538363,0.09357187,0.0069439113
375316653866487564,5561912142138605696,0.48861623,2174.054916919668,2.673275514723854,1.3497133E-5,19.15344,0.010283109,0.26943,0.0016435862,0.07413302,0.0044057043,0.44924405,0.03445856,0.7663116,0.006623427,0.080025464,0.009020197,0.1891104,0.018107994,null,null,null,null,"TWOGAUSSIANS",8,1.4146088,0.26943,0.0016435862,0.4,0.0,0.4464881,0.03554167,0.7663116,0.006623427,0.4,0.0,0.18635444,0.01907721
375316653866487564,5561912902350530688,0.5586104,2196.1760189825554,3.6386092181975,1.644872E-5,19.078905,0.01892663,0.30931395,0.0044109668,0.07622699,0.004836886,0.52584356,0.024145259,0.7981127,0.009481773,0.08897587,0.015478774,0.33541152,0.05981085,null,null,null,null,"TWOGAUSSIANS",8,3.2115996,0.30931395,0.0044109668,0.4,0.0,0.519021,0.01916434,0.7981127,0.009481773,0.4,0.0,0.32858878,0.06316056
375316653866487564,5561916029086642432,0.50813484,2202.764998576465,3.1249517326926077,1.7452374E-5,19.187696,0.02826101,0.20434327,0.004817864,0.11663717,0.01608803,0.23910737,0.024776364,0.7016666,0.008402436,0.090852246,0.012733212,0.29146105,0.02683165,null,null,null,null,"TWOGAUSSIANS",8,2.0593243,0.7016666,0.008402436,0.4,0.0,0.26414236,0.016889343,0.20434327,0.004817864,0.4,0.0,0.21173973,0.012437219
375316653866487564,5561916819356862720,0.5374237,2231.3209143287772,3.291201235867637,1.6036613E-5,18.69325,0.008601203,0.25702417,0.0030080937,0.081484094,0.0039496855,0.33638206,0.0255635,0.75622255,0.0041340147,0.07866891,0.0046021766,0.3901055,0.018670667,null,null,null,null,"TWOGAUSSIANS",8,3.637825,0.75622255,0.0041340147,0.4,0.0,0.3846619,0.018612698,0.25702417,0.0030080937,0.4,0.0,0.3309385,0.025686573
375316653866487564,5561919533780028032,0.5080265,2225.6435428327104,1.9049079525028279,1.9545554E-5,13.923787,0.0033513804,null,null,null,null,null,null,null,null,null,null,null,null,0.124922395,0.0059404024,0.22093928,0.0034589104,"ELLIPSOIDAL",4,605.895,null,null,null,null,null,null,null,null,null,null,null,null
375316653866487564,5561919568139780992,0.6331427,2210.2264452703007,3.125372940112035,5.608215E-6,16.72403,0.010237413,0.2482196,0.002172734,0.048673,0.0045695878,0.22845943,0.02893878,0.7415378,0.0016349996,0.049712893,0.0034094662,0.29878414,0.019600723,0.09971095,0.011597796,0.2482196,0.002172734,"TWOGAUSSIANS_WITH_ELLIPSOIDAL_ON_ECLIPSE1",9,14.71904,0.7423078,0.0013433038,0.2783922,0.01909301,0.49789387,0.0062316116,0.2482196,0.002172734,0.2725688,0.025589691,0.42788002,0.011399084
375316653866487564,5561920113598210432,0.6130329,2232.1865185399542,4.0078691542749025,5.806885E-6,17.690994,0.011738626,0.2584625,0.0017648308,0.048629344,0.0052088783,0.30108643,0.026396098,0.75524,0.0024304683,0.050179057,0.0041447408,0.4330494,0.0577568,0.13354412,0.01523178,0.2584625,0.0017648308,"TWOGAUSSIANS_WITH_ELLIPSOIDAL_ON_ECLIPSE1",9,8.093677,0.75559,0.0021085795,0.2810027,0.02321055,0.7000371,0.05784169,0.2584625,0.0017648308,0.27232432,0.029169718,0.5681717,0.013814878
375316653866487564,5561921629720627456,0.49721295,2213.513950248986,3.5662958025861657,1.1798322E-5,18.959276,0.06271022,0.25627652,0.006490414,0.09772109,0.014669489,0.28711152,0.061072227,0.7684313,0.007885729,0.12896037,0.033733062,0.26547542,0.053745948,null,null,null,null,"TWOGAUSSIANS",8,4.3477488,0.25617653,0.0064193574,0.4,0.0,0.24520013,0.011378731,0.7684313,0.007880751,0.4,0.0,0.22325821,0.021873021
375316653866487564,5561922935394092672,0.42108643,2251.281253735335,0.8156295116754593,4.525104E-5,15.918258,0.004608709,0.3119883,0.028295022,0.07616663,0.03292849,0.05205276,0.03593106,0.73929155,0.01416138,0.08191061,0.014747157,0.06944485,0.0150442775,null,null,null,null,"TWOGAUSSIANS",8,15.55896,0.73929155,0.01416138,0.4,0.0,0.06927433,0.015066723,0.3119883,0.028294932,0.4,0.088162914,0.05188231,0.036182214
375316653866487564,5561930288374213888,0.57458764,2227.184556055103,0.1556640654605496,1.8807837E-6,17.541805,0.0017227746,0.38065943,0.0049159117,0.02350303,0.0039105588,0.2903755,0.039760567,0.7027912,0.027315775,0.0778855,0.024177091,0.012818207,0.00535137,null,null,null,null,"TWOGAUSSIANS",8,1.6341438,0.38065943,0.0049159117,0.13161696,0.02189913,0.29037797,0.039760873,0.7027912,0.027315775,0.4,0.02929571,0.012818207,0.0053513725
375316653866487564,5561930735054626816,0.54811597,2230.7683312106205,1.170909446429006,3.957668E-5,16.046509,0.0011490737,0.49066064,0.004193219,0.032318033,0.004643252,0.362274,0.13586272,0.702851,0.04001903,0.042487256,0.08947947,0.0014968282,0.27367905,0.0044254162,0.0017668282,0.702851,0.04001903,"TWOGAUSSIANS_WITH_ELLIPSOIDAL_ON_ECLIPSE2",9,13.5430355,0.49073064,0.0041968366,0.18098098,0.026002211,0.36276513,0.1361305,0.702851,0.04001903,0.23792863,0.50108504,0.010347658,0.27352214
375316653866487564,5561931692830861312,0.5430796,2249.070046779973,2.913584693155497,1.4014852E-5,14.914326,0.03457403,0.2666717,0.0049501164,0.09988814,0.01055236,0.3750025,0.032013997,0.7725454,0.0025228478,0.09710987,0.0086252615,0.40000594,0.032484114,null,null,null,null,"TWOGAUSSIANS",8,205.29874,0.7725454,0.0025228478,0.4,0.0,0.37137535,0.016516497,0.2666717,0.0049501164,0.4,0.0,0.34637055,0.019489
375316653866487564,5561931761550346240,0.49533454,2228.1286160488376,1.1795122688109416,2.6902902E-5,16.928436,0.0027937163,0.17247845,0.0088442275,0.053181138,0.008575209,0.10396595,0.00651765,0.6616159,0.0059132343,0.04475448,0.0057850527,0.051505163,0.007817564,null,null,null,null,"TWOGAUSSIANS",8,7.761293,0.17247845,0.0088442275,0.29781437,0.048021175,0.10396577,0.006517786,0.6616159,0.0059132343,0.2506251,0.032396294,0.051504977,0.007817634
375316653866487564,5561939977820311168,0.4942775,2221.7100166537066,4.9442601858643656,4.320406E-5,19.852058,0.012129178,0.28912744,0.06361212,0.115495525,0.06831745,0.05349157,0.014475501,0.75591284,0.013965863,0.017770829,0.005068737,0.6368203,0.24736606,null,null,null,null,"TWOGAUSSIANS",8,1.3645672,0.75591284,0.013965863,0.099516645,0.028384928,0.63680154,0.24734928,0.28912744,0.06361212,0.4,0.0,0.053456347,0.01460348
375316653866487564,5561940592003301888,0.5163884,2237.9474752732353,2.366874487719921,1.416002E-5,18.456106,0.008018459,0.2364796,0.0033648585,0.032472946,0.008627077,0.68894935,1.0877488,0.7352703,0.0033949488,0.047737017,0.004536711,0.44624487,0.04521439,null,null,null,null,"TWOGAUSSIANS",8,9.0123415,0.2364796,0.0033648585,0.1818485,0.04831163,0.68894935,1.0877488,0.7352703,0.0033949488,0.26732728,0.025405582,0.44624487,0.045214396
375316653866487564,5561943997913547776,0.53248346,2249.1337850068403,1.356113462787746,9.086055E-5,16.341028,0.00899091,0.60108787,0.012782532,0.040547878,0.13943554,0.26690516,0.23242834,0.7856336,0.103768416,0.07393747,0.03701684,0.011138424,0.0062251375,null,null,null,null,"TWOGAUSSIANS",8,8.241709,0.6011878,0.01283918,0.22706813,0.17015311,0.26740035,0.23433287,0.7856336,0.103768416,0.4,0.1711709,0.011146902,0.005664468
375316653866487564,5561956333058505088,0.55397344,2227.3926183735184,1.2345298623542948,9.151444E-6,14.546215,0.0039019117,0.14548923,0.0022712161,0.03141311,0.004974076,0.066741385,0.011451991,0.64462215,0.0026494737,0.036681682,0.009681386,0.16949427,0.037730332,0.013892715,0.008519098,0.14548923,0.0022712161,"TWOGAUSSIANS_WITH_ELLIPSOIDAL_ON_ECLIPSE1",9,35.781548,0.64463216,0.0025926637,0.20541742,0.054215763,0.19727889,0.04729535,0.14548923,0.0022712161,0.17591344,0.027854824,0.094526805,0.009348711
375316653866487564,5561962547874474880,0.46729004,2215.5614979227507,1.7021540105235897,5.8065867E-5,18.458824,0.0063485717,0.24399078,0.04599573,0.015195314,0.04838096,0.05852593,208.92342,0.43835768,0.026649492,0.047873426,0.029036805,0.19418582,0.029893078,null,null,null,null,"TWOGAUSSIANS",8,7.471864,0.43835768,0.026649492,0.26809117,0.1626061,0.19418582,0.029715538,0.24401078,0.04598223,0.08509376,0.2709334,0.058577113,208.92339
375316653866487564,5561968148511515904,0.51672196,2257.880778464029,0.9122281073644074,4.055133E-5,12.414591,0.0016751492,0.21458371,3.7208246E-4,0.006582864,9.659094E-4,0.02574908,0.0018448677,0.69970983,0.005657394,0.035316665,0.013906554,0.09440233,0.021574097,0.009057363,0.0019652015,0.69970983,0.005657394,"TWOGAUSSIANS_WITH_ELLIPSOIDAL_ON_ECLIPSE2",9,69.3342,0.69970983,0.005657394,0.19777332,0.0778767,0.112517014,0.023112074,0.2145437,3.7362892E-4,0.03686404,0.0054090926,0.04370638,0.0026099728
375316653866487564,5561999385810491264,0.57754,2205.718658708879,0.6141441106963641,6.7556593E-6,15.325896,0.002630761,null,null,null,null,null,null,null,null,null,null,null,null,0.14944468,0.0039914735,0.27677995,0.0015769474,"ELLIPSOIDAL",4,22.043324,null,null,null,null,null,null,null,null,null,null,null,null
