Gaia/vari_eclipsing_binary/VariEclipsingBinary_211965-212090.csv
# %ECSV 1.0
# ---
# delimiter: ','
# meta: !!omap
# - RELEASE: Gaia DR3
# - TABLE: vari_eclipsing_binary
# - DESCRIPTION: >
#     This table describes the properties of the eclipsing binaries resulting from the variability analysis. 
# - CITATION: >
#     How to cite and acknowledge Gaia: 
#     https://gea.esac.esa.int/archive/documentation/credits.html 
# - KNOWN_ISSUES: >
#     Known issues: 
#     https://www.cosmos.esa.int/web/gaia-users/known-issues 
# - DOCUMENTATION: >
#     Tutorials and documentation: 
#     https://www.cosmos.esa.int/web/gaia-users/archive 
# datatype:
# - 
#   name: solution_id
#   datatype: int64
#   description: Solution Identifier
#   meta:
#     ucd: meta.version
# - 
#   name: source_id
#   datatype: int64
#   description: Unique source identifier
#   meta:
#     ucd: meta.id;meta.main
# - 
#   name: global_ranking
#   datatype: float32
#   description: Number between 0 (worst) and 1 (best)
#   meta:
#     ucd: stat.param
# - 
#   name: reference_time
#   datatype: float64
#   unit: d
#   description: Reference time used for the geometric model fit
#   meta:
#     ucd: time.epoch
# - 
#   name: frequency
#   datatype: float64
#   unit: d**-1
#   description: Frequency of geometric model of the eclipsing binary light curve
#   meta:
#     ucd: src.orbital
# - 
#   name: frequency_error
#   datatype: float32
#   unit: d**-1
#   description: "Uncertainty of \\texttt{frequency}"
#   meta:
#     ucd: stat.error
# - 
#   name: geom_model_reference_level
#   datatype: float32
#   unit: mag
#   description: Magnitude reference level of geometric model
#   meta:
#     ucd: phot.mag;em.opt
# - 
#   name: geom_model_reference_level_error
#   datatype: float32
#   unit: mag
#   description: "Uncertainty of \\texttt{geomModelReferenceLevel}"
#   meta:
#     ucd: stat.error;phot.mag;em.opt
# - 
#   name: geom_model_gaussian1_phase
#   datatype: float32
#   description: Phase of the Gaussian 1 component
#   meta:
#     ucd: time.phase
# - 
#   name: geom_model_gaussian1_phase_error
#   datatype: float32
#   description: "Uncertainty of \\texttt{geomModelGaussian1Phase}"
#   meta:
#     ucd: stat.error;time.phase
# - 
#   name: geom_model_gaussian1_sigma
#   datatype: float32
#   description: "Standard deviation [phase] of Gaussian 1 component"
#   meta:
#     ucd: stat.stdev
# - 
#   name: geom_model_gaussian1_sigma_error
#   datatype: float32
#   description: "Uncertainty of \\texttt{geomModelGaussian1Sigma}"
#   meta:
#     ucd: stat.error
# - 
#   name: geom_model_gaussian1_depth
#   datatype: float32
#   unit: mag
#   description: Magnitude depth of Gaussian 1 component
#   meta:
#     ucd: src.var.amplitude
# - 
#   name: geom_model_gaussian1_depth_error
#   datatype: float32
#   unit: mag
#   description: "Uncertainty of \\texttt{geomModelGaussian1Depth}"
#   meta:
#     ucd: stat.error;src.var.amplitude
# - 
#   name: geom_model_gaussian2_phase
#   datatype: float32
#   description: Phase of Gaussian 2 component
#   meta:
#     ucd: time.phase
# - 
#   name: geom_model_gaussian2_phase_error
#   datatype: float32
#   description: "Uncertainty of \\texttt{geomModelGaussian2Phase}"
#   meta:
#     ucd: stat.error;time.phase
# - 
#   name: geom_model_gaussian2_sigma
#   datatype: float32
[...]
#   datatype: float32
#   description: "Secondary eclipse: uncertainty of \\texttt{derivedSecondaryEclDuration}"
#   meta:
#     ucd: stat.error;time.duration
# - 
#   name: derived_secondary_ecl_depth
#   datatype: float32
#   unit: mag
#   description: "Secondary eclipse: depth"
#   meta:
#     ucd: src.var.amplitude
# - 
#   name: derived_secondary_ecl_depth_error
#   datatype: float32
#   unit: mag
#   description: "Secondary eclipse: uncertainty of \\texttt{derivedSecondaryEclDepth}"
#   meta:
#     ucd: stat.error;src.var.amplitude
solution_id,source_id,global_ranking,reference_time,frequency,frequency_error,geom_model_reference_level,geom_model_reference_level_error,geom_model_gaussian1_phase,geom_model_gaussian1_phase_error,geom_model_gaussian1_sigma,geom_model_gaussian1_sigma_error,geom_model_gaussian1_depth,geom_model_gaussian1_depth_error,geom_model_gaussian2_phase,geom_model_gaussian2_phase_error,geom_model_gaussian2_sigma,geom_model_gaussian2_sigma_error,geom_model_gaussian2_depth,geom_model_gaussian2_depth_error,geom_model_cosine_half_period_amplitude,geom_model_cosine_half_period_amplitude_error,geom_model_cosine_half_period_phase,geom_model_cosine_half_period_phase_error,model_type,num_model_parameters,reduced_chi2,derived_primary_ecl_phase,derived_primary_ecl_phase_error,derived_primary_ecl_duration,derived_primary_ecl_duration_error,derived_primary_ecl_depth,derived_primary_ecl_depth_error,derived_secondary_ecl_phase,derived_secondary_ecl_phase_error,derived_secondary_ecl_duration,derived_secondary_ecl_duration_error,derived_secondary_ecl_depth,derived_secondary_ecl_depth_error
375316653866487564,1864463891814186752,0.48029044,2223.7400536742575,1.0614517309532607,3.3946995E-5,19.386612,0.0066665565,0.19046776,0.0031090677,0.030205738,0.004299056,0.44660074,0.09264652,0.9324066,0.054881565,0.06133917,0.0450959,0.033858977,0.28004113,null,null,null,null,"TWOGAUSSIANS",8,3.0807362,0.19046776,0.0031090954,0.16915213,0.02407471,0.4466056,0.092645,0.9324066,0.054881565,0.34349933,0.25253704,0.033858977,0.28004113
375316653866487564,1864465407953895936,0.431026,2206.116715155134,0.16928776262467932,3.9410907E-6,17.564745,0.004736483,0.15749648,0.0014664847,0.011411597,0.0014152991,0.15838002,0.0064114956,0.89423954,0.009205287,0.028607039,0.0068109427,0.17081659,0.07979144,null,null,null,null,"TWOGAUSSIANS",8,21.10738,0.89423954,0.009205287,0.16019942,0.038141277,0.17081659,0.07979144,0.15749648,0.0014664847,0.06390494,0.007925675,0.15838002,0.0064114956
375316653866487564,1864465541087587840,0.5174786,2205.058089657063,3.2099647160648646,1.30672115E-5,18.319511,0.010067637,0.25116366,0.004103635,0.08955912,0.005485311,0.2889652,0.015135519,0.7523695,0.0038033796,0.08049235,0.005411663,0.2941218,0.012423822,null,null,null,null,"TWOGAUSSIANS",8,8.588886,0.7523695,0.0038033796,0.4,0.0,0.286563,0.010728493,0.25116366,0.004103635,0.4,0.0,0.2814063,0.014589444
375316653866487564,1864467022861917312,0.48161912,2202.179183651484,3.018081597050902,2.177988E-5,17.181166,0.00990056,0.46571746,0.0074139237,0.14169815,0.011563165,0.25036326,0.015533455,0.84046346,0.028798752,0.011597217,0.0075619128,0.46395805,0.63581204,null,null,null,null,"TWOGAUSSIANS",8,33.33998,0.84046346,0.028798752,0.06494442,0.042346712,0.47056416,0.63808227,0.46571746,0.0074139237,0.4,0.0,0.24937274,0.015736777
375316653866487564,1864467190353947264,0.549274,2209.2342496081865,2.499363824203046,4.5271927E-6,18.658344,0.020969896,0.22895086,0.0023368732,0.09823533,0.0066773617,0.49393103,0.017177613,0.72586215,0.0012889022,0.08898306,0.003590352,0.55759144,0.022945203,null,null,null,null,"TWOGAUSSIANS",8,3.274315,0.72586215,0.0012889022,0.4,0.0,0.5293582,0.01746184,0.22895086,0.0023368732,0.4,0.0,0.46569556,0.016214129
375316653866487564,1864468667822650112,0.6113967,2186.1911804912997,2.9178016980477146,7.3490723E-6,17.857727,0.019436449,0.21486785,0.0018475286,0.046325713,0.0039815707,0.41325104,0.03981293,0.7081655,0.006926643,0.04756299,0.008174326,0.44975948,0.06323198,0.11471119,0.022252778,0.21486785,0.0018475286,"TWOGAUSSIANS_WITH_ELLIPSOIDAL_ON_ECLIPSE1",9,10.807177,0.7087255,0.006364789,0.26635274,0.045776226,0.6788086,0.053375535,0.21486785,0.0018475286,0.259424,0.022296796,0.64267296,0.00913287
375316653866487564,1864470355749883008,0.58480656,2231.255105293985,2.784521621608472,3.6399756E-6,16.922373,0.0056259967,0.2481819,0.0018522082,0.039505273,0.0052524456,0.10424561,0.03738873,0.7437462,0.0035864457,0.04239405,0.0050156023,0.14403012,0.015383469,0.105263606,0.008975807,0.2481819,0.0018522082,"TWOGAUSSIANS_WITH_ELLIPSOIDAL_ON_ECLIPSE1",9,13.283379,0.74450624,0.00287292,0.23740667,0.028087374,0.35442165,0.015669558,0.2481819,0.0018522082,0.22122952,0.029413695,0.31477255,0.033538822
375316653866487564,1864470527555307904,0.56829256,2193.8697485588236,1.7962773533343732,7.2567077E-6,17.810688,0.0026938939,0.18942666,0.0020829395,0.06425377,0.0021745034,0.3047405,0.014995302,0.6905165,0.0024926215,0.08016473,0.0033410017,0.14997955,0.0061545195,null,null,null,null,"TWOGAUSSIANS",8,2.9286463,0.18942666,0.0020829395,0.3598211,0.01217722,0.30375627,0.015104739,0.6905165,0.0024926215,0.4,0.0,0.14899534,0.0062122387
375316653866487564,1864471661426724864,0.57274574,2222.989435796296,3.280824550087665,1.0024738E-5,17.448158,0.020211259,0.25350243,0.002722317,0.055396438,0.011373114,0.15070944,0.043086905,0.7602013,0.0041467147,0.054588016,0.013533615,0.19559358,0.042714998,0.08150118,0.02587111,0.25350243,0.002722317,"TWOGAUSSIANS_WITH_ELLIPSOIDAL_ON_ECLIPSE1",9,11.261779,0.7602013,0.0041467147,0.3056929,0.075788245,0.35829857,0.028018579,0.25350243,0.002722317,0.31022006,0.06368944,0.313703,0.014493208
375316653866487564,1864472932736764288,0.4951199,2240.1648003407086,1.2136933400030978,1.0852005E-5,16.384829,0.001800497,0.26626673,0.021044753,0.021819603,0.01316363,0.08928977,0.03133842,0.75839883,0.005427021,0.018727947,0.009519761,0.02474427,0.009797847,0.005611303,0.0028166175,0.26626673,0.021044753,"TWOGAUSSIANS_WITH_ELLIPSOIDAL_ON_ECLIPSE1",9,5.7571144,0.26626673,0.021044753,0.122189775,0.07371633,0.10051235,0.0286029,0.75849885,0.005323954,0.1048765,0.053310663,0.035939783,0.009030262
375316653866487564,1864473787423230336,0.49455228,2233.9289436314325,3.554421340081795,3.9642902E-5,19.291542,0.015230555,0.26228926,0.00643156,0.071113035,0.007541586,0.28301334,0.022033462,0.75487417,0.015125322,0.07646449,0.015798394,0.3394669,0.11699544,null,null,null,null,"TWOGAUSSIANS",8,5.308984,0.75487417,0.015125322,0.4,0.040918514,0.33778295,0.11793911,0.26228926,0.00643156,0.398233,0.025812777,0.28132936,0.021147141
375316653866487564,1864473821783006592,0.5225825,2220.150849777166,1.8142969522931456,1.0487862E-5,19.362041,0.01024148,0.1634695,8.1556797E-4,0.030179966,0.0012512389,0.9043938,0.06842692,0.67030877,0.011363622,0.04002599,0.01573405,0.24346699,0.052243855,null,null,null,null,"TWOGAUSSIANS",8,5.283793,0.1634695,8.1556797E-4,0.16900781,0.0070069376,0.9043938,0.06842692,0.67030877,0.011363622,0.22414553,0.08811068,0.24346699,0.052243855
375316653866487564,1864474169687397248,0.65349203,2216.92254781259,0.15895193765077498,5.2583705E-6,11.34532,7.1674236E-4,0.5217127,2.0100874E-6,0.007105109,7.609532E-6,0.5989037,9.774248E-4,0.84693044,0.009400895,0.005926884,0.0029754068,0.45727664,0.33755764,4.740748E-4,0.0013163703,0.84693044,0.009400895,"TWOGAUSSIANS_WITH_ELLIPSOIDAL_ON_ECLIPSE2",9,44.618702,0.5217127,2.0100874E-6,0.039788608,4.261338E-5,0.59910023,0.0014159334,0.84693044,0.009400895,0.03319055,0.016662277,0.4582248,0.3375685
375316653866487564,1864474337180600960,0.5365271,2216.5525163932734,3.666529269951497,1.2083821E-5,18.341515,0.025752598,0.2421759,0.0035026872,0.09155884,0.009908342,0.3033987,0.023505105,0.74196863,0.010544921,0.095219076,0.016583985,0.25918227,0.023665303,null,null,null,null,"TWOGAUSSIANS",8,5.057051,0.2421759,0.003500155,0.4,0.0,0.28789914,0.012203324,0.74196863,0.010544921,0.4,0.0,0.24368237,0.01283267
375316653866487564,1864474474618398720,0.6223266,2221.3999790296743,0.7705587928979286,1.4658794E-5,17.511284,0.0011738691,0.60760456,5.181142E-4,0.030134318,0.0013786119,0.61856455,0.034329996,null,null,null,null,null,null,null,null,null,null,"ONEGAUSSIAN",5,2.804898,0.60760456,5.181142E-4,0.16875218,0.0077202264,0.61856455,0.0,null,null,null,null,null,null
375316653866487564,1864475642853505152,0.5819171,2206.971462100843,3.623019259714195,7.2872413E-6,19.627182,0.010130271,0.26905134,0.002410613,0.048808694,0.002786873,0.5730101,0.036209732,0.7646202,0.0020078178,0.040760987,0.0037509003,0.4510364,0.04430308,0.13515131,0.016166633,0.26905134,0.002410613,"TWOGAUSSIANS_WITH_ELLIPSOIDAL_ON_ECLIPSE1",9,1.7199311,0.26905134,0.002410613,0.2733287,0.015606488,0.8433116,0.021249264,0.7649402,0.001873138,0.22826153,0.021005042,0.72114366,0.04420237
375316653866487564,1864476025113253760,0.55111194,2220.186749644435,0.2954965288894826,3.621213E-5,13.515082,7.5334066E-4,0.17907676,0.0010582914,0.017940016,0.0023384455,0.11246087,0.0348396,0.71250635,5.8985162E-5,0.006360475,6.2732986E-4,0.10277782,0.0048432783,0.0066604735,0.0010684504,0.17907676,0.0010582914,"TWOGAUSSIANS_WITH_ELLIPSOIDAL_ON_ECLIPSE1",9,29.093805,0.17907676,0.0010582914,0.1004641,0.013095295,0.1257818,0.034462858,0.71250635,5.8985162E-5,0.03561866,0.0035130472,0.11551964,0.0068077026
375316653866487564,1864476712308010880,0.49164784,2225.694874263412,1.3126067766078104,1.7616126E-6,16.280014,0.0014669829,0.26639283,0.024203895,0.028349457,0.04022643,0.017482158,0.006323934,0.9328006,3.1255604E-6,3.2133688E-4,1.3361771E-5,0.25759152,0.013374036,null,null,null,null,"TWOGAUSSIANS",8,6.2881894,0.9328006,3.1255604E-6,0.0017994865,7.482592E-5,0.25759152,0.0133740315,0.26639283,0.024203895,0.15875696,0.22526799,0.017482158,0.006323934
375316653866487564,1864477429558162176,0.575694,2214.0029485106174,1.7700539944863916,6.4186497E-6,19.112972,0.012761823,0.26531976,0.0033298184,0.04252988,0.0090392735,0.20898668,0.035274193,0.76594394,0.002827508,0.046687227,0.007320195,0.2656779,0.03153117,0.12840638,0.021743001,0.26531976,0.0033298184,"TWOGAUSSIANS_WITH_ELLIPSOIDAL_ON_ECLIPSE1",9,3.005212,0.76594394,0.0026075784,0.26144847,0.04099309,0.52248615,0.029129755,0.26531976,0.0033298184,0.23816733,0.05061993,0.46579888,0.026100682
375316653866487564,1864478803954445568,0.42206958,2214.387310860057,3.8529292948440514,2.2000124E-5,19.705065,0.02759247,0.25863433,0.023874337,0.069461666,0.01983268,0.47714114,0.09240143,0.8296988,0.00599474,0.02861992,0.0055419826,0.34048292,0.07442795,null,null,null,null,"TWOGAUSSIANS",8,18.271198,0.25863433,0.023874337,0.38898534,0.049174417,0.4771411,0.092405796,0.8296988,0.00599474,0.16027156,0.031035103,0.3404829,0.074427724
375316653866487564,1864479426727780736,0.49292654,2226.5823301740597,1.7832323648782968,1.5356773E-5,17.389639,0.0018925426,0.16700345,0.0069881277,0.028131254,0.00671951,0.067143425,0.0046928097,0.68010324,0.0059174,0.034768198,0.0062252167,0.09303107,0.010049034,null,null,null,null,"TWOGAUSSIANS",8,3.5887742,0.68010324,0.0059174,0.19470191,0.034861214,0.09303107,0.010049034,0.16700345,0.0069881277,0.15753502,0.037629258,0.067143425,0.0046928097
375316653866487564,1864479903457494784,0.6087951,2216.1534348043815,2.544331071501717,5.6507165E-6,18.56748,0.007853672,0.20493424,0.0017206428,0.044921085,0.0046329177,0.20882472,0.021112751,0.7118715,0.0052783587,0.04304663,0.0074474835,0.22143622,0.024998898,0.13623808,0.010180112,0.20493424,0.0017206428,"TWOGAUSSIANS_WITH_ELLIPSOIDAL_ON_ECLIPSE1",9,1.5613573,0.7118715,0.0052783587,0.24106114,0.041705906,0.49339494,0.026842358,0.20493424,0.0017206428,0.2515581,0.02594434,0.4813008,0.01828057
375316653866487564,1864480663671952512,0.4665346,2187.8290976583603,1.6627616421565756,2.9331577E-5,19.598524,0.016367313,0.27349627,0.015059992,0.06729109,0.02888747,0.23514761,0.050693393,0.7728504,0.006838433,0.09406042,0.014056056,0.18889266,0.025804544,null,null,null,null,"TWOGAUSSIANS",8,2.025656,0.27349627,0.015059992,0.37683007,0.10000797,0.23184825,0.057398964,0.7728504,0.006838433,0.4,0.0,0.18559302,0.024719834
375316653866487564,1864480899892410368,0.49397275,2206.630403746025,2.7488057784731206,1.35164455E-5,19.829762,0.011183735,0.23273188,0.004607018,0.08366109,0.008841123,0.2996701,0.023475002,0.7395308,0.006813798,0.082935534,0.0077404957,0.2349251,0.016542347,null,null,null,null,"TWOGAUSSIANS",8,1.105654,0.23273188,0.004607018,0.4,0.0,0.29447988,0.025184039,0.7395308,0.006813798,0.4,0.0,0.22973488,0.01597353
375316653866487564,1864481002969262976,0.58550996,2203.3595834631005,2.118401929200661,6.1236797E-6,16.747187,0.010518124,0.2082883,0.002078431,0.107931636,0.00875012,0.109278716,0.00987263,0.701607,0.0023699708,0.11269955,0.0059235445,0.18504219,0.010233071,null,null,null,null,"TWOGAUSSIANS",8,2.4251254,0.701607,0.0023699708,0.4,0.0,0.16471858,0.0035427234,0.2083083,0.0020774035,0.4,0.0,0.08897049,0.002752395
375316653866487564,1864481625750541440,0.6162387,2203.2771876138436,1.856074815419623,6.7698184E-6,16.128527,0.004901869,0.2639932,0.0022954491,0.054067172,0.0068076006,0.08614133,0.012272361,0.7606182,0.0052478956,0.049232233,0.007262326,0.07486342,0.010549123,0.0708773,0.00580142,0.2639932,0.0022954491,"TWOGAUSSIANS_WITH_ELLIPSOIDAL_ON_ECLIPSE1",9,7.7140155,0.2639932,0.0022954491,0.30277616,0.038122565,0.22789383,0.0059033474,0.7615182,0.003711474,0.2757005,0.040669024,0.21656914,0.0038784838
375316653866487564,1864481724523486976,0.63367254,2181.56596338465,1.7271950277755432,3.903965E-6,17.894468,0.0049924087,0.24426484,0.0020399995,0.07849899,0.0021211233,0.48938778,0.012316415,0.7417804,0.0012384136,0.077951625,0.0021466,0.4695349,0.009033252,null,null,null,null,"TWOGAUSSIANS",8,3.079807,0.24426484,0.0020399995,0.4,0.0,0.48387006,0.012432961,0.7417804,0.0012384136,0.4,0.0,0.46401718,0.009345966
375316653866487564,1864482965780803200,0.45997545,2247.936907746646,1.3134966864397908,1.8402958E-5,15.729219,6.807973E-4,0.17362405,0.011652201,0.012235383,0.012891481,0.0014831902,0.34896168,0.7047025,9.250803E-4,0.035406433,0.003628803,0.04536545,0.0021223298,0.006135184,0.001205567,0.17362405,0.011652201,"TWOGAUSSIANS_WITH_ELLIPSOIDAL_ON_ECLIPSE1",9,6.16658,0.7047025,9.250803E-4,0.19827601,0.020321297,0.057173833,0.002785157,0.17362405,0.011652201,0.06851815,0.0721923,0.013753539,0.3483323
375316653866487564,1864483034500301952,0.6337784,2223.306722131481,3.4540659290519073,2.3092894E-6,18.977728,0.00688758,0.250064,0.0011918881,0.041403685,0.0017648975,0.5800866,0.021020653,0.750957,9.2222105E-4,0.0365973,0.0016334621,0.43084773,0.019123934,0.14631969,0.013199185,0.250064,0.0011918881,"TWOGAUSSIANS_WITH_ELLIPSOIDAL_ON_ECLIPSE1",9,2.0793588,0.250064,0.0011918881,0.23186064,0.009883426,0.8727259,0.01532457,0.750957,9.2222105E-4,0.20494488,0.009147388,0.72347784,0.014965316
375316653866487564,1864483068860027136,0.65633273,2241.742517419879,1.3932162205649212,3.4386082E-6,8.523539,0.002296083,0.20597728,0.0017501232,0.050766066,0.0014004558,0.37639886,0.0095229605,0.7097252,9.399489E-4,0.03911447,0.0039228573,0.06890056,0.0074310405,0.09256867,0.0028754047,0.7097252,9.399489E-4,"TWOGAUSSIANS_WITH_ELLIPSOIDAL_ON_ECLIPSE2",9,21.698084,0.20631728,0.0015627147,0.28428996,0.007842553,0.56144094,0.007724567,0.7097252,9.399489E-4,0.21904105,0.021968001,0.25403595,0.007948442
375316653866487564,1864484615048167552,0.4907681,2251.6132456717387,1.0595145099539822,9.949561E-5,18.334515,0.001895125,0.4756723,0.004048756,0.042034432,0.0044514206,0.33461836,0.05418272,0.66813207,0.010030999,0.023130666,0.012682658,0.01924482,0.009473144,null,null,null,null,"TWOGAUSSIANS",8,2.2261724,0.4756723,0.004048756,0.23539282,0.024927957,0.33461836,0.05418272,0.66813207,0.010030999,0.12953173,0.07102288,0.019254202,0.009479169
375316653866487564,1864485229217284864,0.49154356,2236.1012002715283,0.4667492762864345,8.1355165E-6,17.407251,0.0029052878,0.26288953,0.012640535,0.060333967,0.03652466,0.011497496,0.008015234,0.77299887,0.0021431213,0.022658117,0.0025560574,0.08501205,0.008385446,0.012043962,0.004030106,0.26288953,0.012640535,"TWOGAUSSIANS_WITH_ELLIPSOIDAL_ON_ECLIPSE1",9,2.651116,0.77299887,0.0021431213,0.12688546,0.014313922,0.109000735,0.0057717143,0.26288953,0.012640535,0.3378702,0.18278825,0.03558324,0.0047827745
375316653866487564,1864485714559868928,0.42883208,2214.8169202432878,1.8852922890443766,8.954174E-6,18.119883,0.022049168,0.14537507,0.0020800247,0.03109363,0.004614341,0.16038547,0.013371684,0.67689896,0.16181388,0.0471853,0.30584154,0.03150456,0.019357545,null,null,null,null,"TWOGAUSSIANS",8,7.9118357,0.14537507,0.0018720841,0.17412432,0.02584031,0.16038547,0.014743301,0.67689896,0.16181388,0.26423767,0.34238562,0.03150456,0.022076802
375316653866487564,1864486156930064896,0.5698641,2238.202002540342,0.24477118930798814,5.6175493E-5,15.73714,0.002659669,0.17675923,0.0025154448,0.012946045,0.00175289,0.46115583,0.05743411,0.6365789,0.03996596,0.031435758,0.017489651,0.02553279,0.008845462,null,null,null,null,"TWOGAUSSIANS",8,21.820143,0.17675923,0.0025154448,0.07249785,0.009816184,0.46115583,0.05743411,0.6365789,0.03996596,0.17604025,0.09794205,0.02553279,0.008845462
