Gaia/vari_eclipsing_binary/VariEclipsingBinary_460332-460342.csv
# %ECSV 1.0
# ---
# delimiter: ','
# meta: !!omap
# - RELEASE: Gaia DR3
# - TABLE: vari_eclipsing_binary
# - DESCRIPTION: >
#     This table describes the properties of the eclipsing binaries resulting from the variability analysis. 
# - CITATION: >
#     How to cite and acknowledge Gaia: 
#     https://gea.esac.esa.int/archive/documentation/credits.html 
# - KNOWN_ISSUES: >
#     Known issues: 
#     https://www.cosmos.esa.int/web/gaia-users/known-issues 
# - DOCUMENTATION: >
#     Tutorials and documentation: 
#     https://www.cosmos.esa.int/web/gaia-users/archive 
# datatype:
# - 
#   name: solution_id
#   datatype: int64
#   description: Solution Identifier
#   meta:
#     ucd: meta.version
# - 
#   name: source_id
#   datatype: int64
#   description: Unique source identifier
#   meta:
#     ucd: meta.id;meta.main
# - 
#   name: global_ranking
#   datatype: float32
#   description: Number between 0 (worst) and 1 (best)
#   meta:
#     ucd: stat.param
# - 
#   name: reference_time
#   datatype: float64
#   unit: d
#   description: Reference time used for the geometric model fit
#   meta:
#     ucd: time.epoch
# - 
#   name: frequency
#   datatype: float64
#   unit: d**-1
#   description: Frequency of geometric model of the eclipsing binary light curve
#   meta:
#     ucd: src.orbital
# - 
#   name: frequency_error
#   datatype: float32
#   unit: d**-1
#   description: "Uncertainty of \\texttt{frequency}"
#   meta:
#     ucd: stat.error
# - 
#   name: geom_model_reference_level
#   datatype: float32
#   unit: mag
#   description: Magnitude reference level of geometric model
#   meta:
#     ucd: phot.mag;em.opt
# - 
#   name: geom_model_reference_level_error
#   datatype: float32
#   unit: mag
#   description: "Uncertainty of \\texttt{geomModelReferenceLevel}"
#   meta:
#     ucd: stat.error;phot.mag;em.opt
# - 
#   name: geom_model_gaussian1_phase
#   datatype: float32
#   description: Phase of the Gaussian 1 component
#   meta:
#     ucd: time.phase
# - 
#   name: geom_model_gaussian1_phase_error
#   datatype: float32
#   description: "Uncertainty of \\texttt{geomModelGaussian1Phase}"
#   meta:
#     ucd: stat.error;time.phase
# - 
#   name: geom_model_gaussian1_sigma
#   datatype: float32
#   description: "Standard deviation [phase] of Gaussian 1 component"
#   meta:
#     ucd: stat.stdev
# - 
#   name: geom_model_gaussian1_sigma_error
#   datatype: float32
#   description: "Uncertainty of \\texttt{geomModelGaussian1Sigma}"
#   meta:
#     ucd: stat.error
# - 
#   name: geom_model_gaussian1_depth
#   datatype: float32
#   unit: mag
#   description: Magnitude depth of Gaussian 1 component
#   meta:
#     ucd: src.var.amplitude
# - 
#   name: geom_model_gaussian1_depth_error
#   datatype: float32
#   unit: mag
#   description: "Uncertainty of \\texttt{geomModelGaussian1Depth}"
#   meta:
#     ucd: stat.error;src.var.amplitude
# - 
#   name: geom_model_gaussian2_phase
#   datatype: float32
#   description: Phase of Gaussian 2 component
#   meta:
#     ucd: time.phase
# - 
#   name: geom_model_gaussian2_phase_error
#   datatype: float32
#   description: "Uncertainty of \\texttt{geomModelGaussian2Phase}"
#   meta:
#     ucd: stat.error;time.phase
# - 
#   name: geom_model_gaussian2_sigma
#   datatype: float32
[...]
#   datatype: float32
#   description: "Secondary eclipse: uncertainty of \\texttt{derivedSecondaryEclDuration}"
#   meta:
#     ucd: stat.error;time.duration
# - 
#   name: derived_secondary_ecl_depth
#   datatype: float32
#   unit: mag
#   description: "Secondary eclipse: depth"
#   meta:
#     ucd: src.var.amplitude
# - 
#   name: derived_secondary_ecl_depth_error
#   datatype: float32
#   unit: mag
#   description: "Secondary eclipse: uncertainty of \\texttt{derivedSecondaryEclDepth}"
#   meta:
#     ucd: stat.error;src.var.amplitude
solution_id,source_id,global_ranking,reference_time,frequency,frequency_error,geom_model_reference_level,geom_model_reference_level_error,geom_model_gaussian1_phase,geom_model_gaussian1_phase_error,geom_model_gaussian1_sigma,geom_model_gaussian1_sigma_error,geom_model_gaussian1_depth,geom_model_gaussian1_depth_error,geom_model_gaussian2_phase,geom_model_gaussian2_phase_error,geom_model_gaussian2_sigma,geom_model_gaussian2_sigma_error,geom_model_gaussian2_depth,geom_model_gaussian2_depth_error,geom_model_cosine_half_period_amplitude,geom_model_cosine_half_period_amplitude_error,geom_model_cosine_half_period_phase,geom_model_cosine_half_period_phase_error,model_type,num_model_parameters,reduced_chi2,derived_primary_ecl_phase,derived_primary_ecl_phase_error,derived_primary_ecl_duration,derived_primary_ecl_duration_error,derived_primary_ecl_depth,derived_primary_ecl_depth_error,derived_secondary_ecl_phase,derived_secondary_ecl_phase_error,derived_secondary_ecl_duration,derived_secondary_ecl_duration_error,derived_secondary_ecl_depth,derived_secondary_ecl_depth_error
[from data line 1057]
375316653866487564,4049206041824090240,0.49625173,2239.266155522055,0.060309291242116383,4.008915E-5,19.027409,0.02013152,0.20919262,7.903211E-5,0.048677754,0.011229109,3.4880884,3.75244,0.75650334,0.016736522,0.07820452,0.010315151,0.51677024,0.033250835,null,null,null,null,"TWOGAUSSIANS",8,9.389981,0.20919262,7.903211E-5,0.2725954,0.06288301,3.4879048,3.7529016,0.75650334,0.016736522,0.4,0.0,0.5165865,0.032478478
375316653866487564,4049206110628073728,0.51187557,2269.9012988187465,0.5681581666748854,1.6306147E-5,18.71575,0.108884975,0.4517139,0.08142031,0.023992354,0.032473758,1.071128,178915.9,0.7388385,0.01774684,0.10534082,0.10236688,0.072647355,0.106124416,null,null,null,null,"TWOGAUSSIANS",8,2.8821964,0.4517339,0.08132557,0.13435718,0.18185304,1.0728966,178915.9,0.7388385,0.01774684,0.4,0.0,0.07264549,0.08732618
375316653866487564,4049206144902805888,0.48589036,2270.561982901081,2.3088207831294825,2.202221E-5,18.77436,0.11374741,0.34959257,0.030863605,0.084467195,0.121899985,0.18840922,0.046831276,0.81551135,0.006953456,0.08764954,0.021339169,0.24520583,0.08219922,null,null,null,null,"TWOGAUSSIANS",8,2.1853476,0.81551135,0.006953456,0.4,0.0,0.2417132,0.020917645,0.34959257,0.030880183,0.4,0.054863535,0.18491672,0.08965378
375316653866487564,4049206213622519808,0.5713235,2297.3041408074528,3.6153273744625976,1.1196016E-5,17.857199,0.010303041,0.31411266,0.01402566,0.044518378,0.011687837,0.36773667,0.17378566,0.8102211,0.0040992037,0.037074015,0.022766845,0.33380887,1013.5116,0.14766979,0.019225704,0.8102211,0.0040992037,"TWOGAUSSIANS_WITH_ELLIPSOIDAL_ON_ECLIPSE2",9,4.8915052,0.31368265,0.012355096,0.24930291,0.06545188,0.66291904,0.18088008,0.8102211,0.0040992037,0.2076145,0.12749434,0.6291481,1013.5219
375316653866487564,4049206454141019904,0.52643025,2280.7331763645966,2.337256850310263,3.3950604E-5,18.383423,0.025387593,0.27825895,0.003589127,0.09056039,0.008755339,0.3933327,0.025193637,0.7640629,0.007520806,0.07186139,0.011567666,0.38209054,0.06193036,null,null,null,null,"TWOGAUSSIANS",8,6.0010366,0.27825895,0.003589127,0.4,0.0,0.3881944,0.02148423,0.7640629,0.007520806,0.4,0.038895305,0.3769525,0.06452048
375316653866487564,4049206488500807936,0.51540554,2266.8185418111725,0.41146085346070443,2.959151E-5,18.995382,0.04961082,0.32486853,0.005631964,0.11957231,0.02202552,0.3297997,0.038646642,0.8499548,0.044635337,0.07073379,0.05280966,0.1529603,0.064125784,null,null,null,null,"TWOGAUSSIANS",8,2.843736,0.32486853,0.005631964,0.4,0.0,0.31915295,0.014403814,0.8500648,0.044905506,0.39610925,0.2246706,0.14245896,0.05393901
375316653866487564,4049206557220135424,0.55235976,2314.2027227584886,2.4871453846061153,1.7152628E-5,18.590183,0.018353151,0.2666723,0.0020569558,0.07345683,0.0050154296,0.4297283,0.02045937,0.78336275,0.031746447,0.060645368,0.01760197,0.46264425,0.07654389,null,null,null,null,"TWOGAUSSIANS",8,7.3409142,0.78336275,0.031746447,0.33961406,0.07096934,0.4621159,0.07356055,0.2666723,0.0020569558,0.4,0.0,0.42919996,0.019259484
375316653866487564,4049206660296159616,0.46460053,2215.0837462038057,0.22364593642692593,2.3968414E-5,18.855856,0.023462638,null,null,null,null,null,null,null,null,null,null,null,null,0.253891,0.03531326,0.23590344,0.011039251,"ELLIPSOIDAL",4,11.318799,null,null,null,null,null,null,null,null,null,null,null,null
375316653866487564,4049206797735182464,0.5116207,2335.147524741438,0.7956681104521535,1.06405605E-5,19.126678,0.036488745,0.17933351,0.05455729,0.05650676,0.027383171,0.8564986,1.0247251,0.6336555,0.0050993916,0.09614058,0.032692835,0.3127629,0.038914543,null,null,null,null,"TWOGAUSSIANS",8,1.7595447,0.17933351,0.054565392,0.31643787,0.15334575,0.8550621,1.0294675,0.6336555,0.0050993916,0.4,0.0,0.31132188,0.04326475
375316653866487564,4049206797735308672,0.54154277,2305.4515677693466,0.8936940381086989,1.0881484E-5,17.012938,0.007999259,0.26116818,0.008446511,0.083525755,0.0077891494,0.36728874,0.01866603,0.7657092,0.003434315,0.07808122,0.0048475564,0.29249266,0.03142555,null,null,null,null,"TWOGAUSSIANS",8,10.199553,0.26116818,0.008446511,0.4,0.0,0.36226147,0.018639224,0.7657092,0.003434315,0.4,0.0,0.28746542,0.032196674
375316653866487564,4049206969534436736,0.46353978,2269.1624253845134,2.7165795983013914,4.5999812E-5,18.526682,0.051276486,0.29503116,0.033441573,0.090266675,0.08975967,0.22987664,0.30693388,0.7732197,0.009828465,0.08227468,0.016480137,0.26373824,0.054539323,null,null,null,null,"TWOGAUSSIANS",8,13.665997,0.7732197,0.009828465,0.4,0.0,0.25867885,0.042540163,0.29503116,0.033441573,0.4,0.31837657,0.22481707,0.3151106
375316653866487564,4049207033965258368,0.4536181,2291.4858787937874,0.24254924449542783,5.3212036E-5,18.2199,0.015923152,0.3009263,0.024120908,0.08652301,0.029253202,0.17976776,0.27041286,0.8189205,0.015150646,0.080240436,0.021583304,0.21913941,0.039943185,null,null,null,null,"TWOGAUSSIANS",8,9.719916,0.8189205,0.015150646,0.4,0.0,0.21596797,0.046600506,0.3009263,0.024120908,0.4,0.061994713,0.17659628,0.27287632
375316653866487564,4049207072613599360,0.49789834,2231.8818949776796,0.20500402894048098,8.9645066E-5,18.627954,0.007855544,0.24087828,0.009333103,0.060710583,0.0063437987,0.1658592,0.011407474,0.7566742,0.009864213,0.08975101,0.011577257,0.17008974,0.016190922,null,null,null,null,"TWOGAUSSIANS",8,1.6923845,0.7566742,0.009864213,0.4,0.0,0.16916363,0.016527778,0.24087828,0.009333103,0.33997926,0.035525274,0.16493317,0.0105093885
375316653866487564,4049207106973379200,0.46986693,2272.619703208682,0.18769967313965988,7.432038E-5,18.809464,0.27216882,0.34473285,0.10009879,0.19724408,0.13115112,0.55606127,0.26031014,0.7933708,0.024052741,0.06560912,0.031866647,0.79689914,0.3712525,null,null,null,null,"TWOGAUSSIANS",8,14.7500515,0.7933708,0.024052741,0.36741108,0.085633345,0.7335568,0.39909542,0.34473285,0.10009879,0.4,0.0,0.43969217,0.058071323
375316653866487564,4049207141386187264,0.4542628,2298.536472526321,0.5419301096064355,4.765193E-5,18.204649,0.15506217,0.28255203,0.020829711,0.10893045,0.08205403,0.14586557,0.58095294,0.77397144,0.011052656,0.13009192,0.070947826,0.19930887,0.1300152,null,null,null,null,"TWOGAUSSIANS",8,4.854619,0.77397144,0.011052656,0.4,0.0,0.163532,0.030973338,0.28269204,0.020541456,0.4,0.18307708,0.11033509,0.6049094
375316653866487564,4049207278771718016,0.4976742,2260.3383677887446,1.2585041123662033,2.6170286E-5,16.896065,0.015874472,0.27611133,0.00991574,0.062203284,0.021288505,0.16545652,0.5448284,0.75189006,0.012200355,0.028987309,0.013819011,0.14429177,0.061824605,0.06062701,0.020227576,0.27611133,0.00991574,"TWOGAUSSIANS_WITH_ELLIPSOIDAL_ON_ECLIPSE1",9,23.86893,0.27611133,0.00991574,0.3483384,0.11921562,0.28665966,0.54151446,0.75315005,0.012486175,0.16232893,0.07738646,0.26285237,0.06809445
375316653866487564,4049207416210896256,0.4649126,2290.497018485145,0.32590948157686783,6.1707055E-5,18.483513,0.022779515,0.35723785,0.01317444,0.1429509,0.030469831,0.22728184,0.019357674,0.7332355,0.02040872,0.10249607,0.01506694,0.17385286,0.015225695,null,null,null,null,"TWOGAUSSIANS",8,4.563799,0.35791785,0.012641134,0.4,0.0,0.21164957,0.025601551,0.7332355,0.02040872,0.4,0.0,0.1651763,0.017010754
375316653866487564,4049207450570502528,0.43167976,2278.3857251894083,0.5791588213148225,2.5010762E-5,19.070723,0.11118296,0.018965177,0.01876961,0.07572235,0.017472131,0.26488551,0.070040114,0.35900214,0.048511304,0.20058209,0.072790615,0.4017056,0.09643888,null,null,null,null,"TWOGAUSSIANS",8,4.1040964,0.35900214,0.048511304,0.4,0.0,0.35429013,0.040584724,0.03844518,0.016486915,0.4,0.027758475,0.32215217,0.026700487
375316653866487564,4049207656729242240,0.49046478,2249.566051992334,0.22104831736847047,5.395685E-5,18.547752,0.35745236,0.21734944,0.013369087,0.17315958,0.12304599,0.286797,0.35967073,0.73433393,0.008001145,0.09812854,0.023472933,0.40950817,0.19018124,null,null,null,null,"TWOGAUSSIANS",8,4.1962357,0.73525393,0.008434777,0.4,0.0,0.3198924,0.059751112,0.21733944,0.013349886,0.4,0.0,0.18797942,0.034518123
375316653866487564,4049207725448932224,0.45863837,2248.2153569794273,0.05612828910787019,5.3383694E-5,18.267355,0.036655676,0.5114592,0.018826693,0.0743089,0.01829582,0.24859478,0.070518814,0.17665166,0.029615618,0.115106486,0.0830196,0.09984661,0.027602945,null,null,null,null,"TWOGAUSSIANS",8,9.005404,0.5106292,0.016551128,0.4,0.068509124,0.24948792,0.070673995,0.17673166,0.029717412,0.4,0.00988703,0.09928151,0.02444706
375316653866487564,4049207725449034496,0.4889972,2246.1130479517738,0.30454575413599155,2.9744446E-5,19.033535,0.06420629,0.16017215,0.007218566,0.09675779,0.018461308,0.29390582,0.06534581,0.63560104,0.0076440694,0.10291684,0.022336697,0.339589,0.058131564,null,null,null,null,"TWOGAUSSIANS",8,2.3873997,0.63560104,0.0076440694,0.4,0.0,0.3195183,0.026845247,0.16018215,0.007204717,0.4,0.0,0.27384198,0.03510879
375316653866487564,4049207858607640704,0.4390947,2263.3663960217723,4.234545465589949,3.6727335E-5,18.420092,0.013190385,0.08837995,0.013079964,0.06461822,0.010859421,0.09385779,0.008748174,0.45786303,0.036353514,0.1672188,0.090382785,0.06141148,0.014537199,null,null,null,null,"TWOGAUSSIANS",8,3.6462648,0.09158995,0.010538253,0.36186203,0.06081276,0.09617772,0.0066907266,0.45786303,0.036353514,0.4,0.0,0.058223117,0.016057972
375316653866487564,4049207931607618048,0.47362733,2235.320716511187,2.7309734397630367,8.317149E-5,18.864391,0.03660184,0.16346295,0.017183643,0.07273874,0.04071053,0.3898493,0.15664287,0.68607736,0.02263657,0.08408396,0.028791297,0.34241533,0.07144173,null,null,null,null,"TWOGAUSSIANS",8,8.770975,0.16346295,0.017183643,0.4,0.01333989,0.38703996,0.17545278,0.68607736,0.022636464,0.4,0.0702383,0.33960596,0.07009569
375316653866487564,4049207931607656832,0.46983227,2234.013520446991,0.1057741549851085,2.172238E-5,18.90625,0.049475566,0.2291521,0.021667743,0.063020274,0.030700153,0.69514745,0.4368309,0.7492421,0.007464248,0.09876718,0.032543555,0.275677,0.12724365,null,null,null,null,"TWOGAUSSIANS",8,2.0866358,0.2291521,0.0216915,0.35291353,0.08307327,0.69085324,0.44984576,0.7492421,0.007464248,0.4,0.0,0.27138045,0.1314858
375316653866487564,4049207931607664896,0.4300652,2274.4206484561537,0.202514468743955,4.238889E-5,18.865423,0.12945808,0.21331146,0.013944836,0.055704374,0.021374578,0.2044975,0.12702188,0.7980148,0.015778743,0.10027167,0.061750043,0.21432695,0.12360317,null,null,null,null,"TWOGAUSSIANS",8,3.5454626,0.7980148,0.015778743,0.4,0.0,0.2139686,0.09514379,0.21328147,0.01361836,0.31194448,0.11134032,0.20417957,0.11110952
375316653866487564,4049208000413389312,0.5334167,2309.441951802668,2.4542214111596006,2.2651191E-5,17.787085,0.029326227,0.15953769,0.012432075,0.097599305,0.017621063,0.1957446,0.029183414,0.65669286,0.006148275,0.099407256,0.018351749,0.27158144,0.040942214,null,null,null,null,"TWOGAUSSIANS",8,2.3644984,0.65669286,0.006148275,0.4,0.0,0.2538463,0.047149986,0.15953769,0.012432075,0.4,0.0,0.17801042,0.015474388
375316653866487564,4049208137766622208,0.47005293,2313.5581834315954,0.4084376820497027,6.96249E-5,18.414244,0.004160531,0.2058577,0.006853663,0.023475995,0.0082934955,0.26768398,0.122884996,0.72064126,0.019211752,0.05676165,0.015168534,0.08285818,0.024048064,null,null,null,null,"TWOGAUSSIANS",8,2.9466934,0.2058577,0.006853663,0.13146557,0.046443574,0.26768398,0.12288502,0.72064126,0.019211752,0.31786522,0.08494379,0.08285818,0.024048068
375316653866487564,4049208206486081408,0.5706046,2271.390881635424,0.10025980830858397,1.1355219E-5,18.978098,0.19124627,0.3479694,0.01542597,0.1284406,0.046285853,0.6446441,0.15562427,0.8342225,0.0038281817,0.11410193,0.04043481,0.62982684,0.2848197,null,null,null,null,"TWOGAUSSIANS",8,1.5467066,0.3480094,0.01545472,0.4,0.0,0.5097076,0.0380189,0.8342225,0.0038281817,0.4,0.0,0.49550787,0.36550963
375316653866487564,4049208240898466048,0.47433642,2275.544251447849,1.2719956024133856,2.4173578E-5,18.877523,0.019797757,0.5838948,0.012489161,0.06004348,0.010804102,0.13790038,0.035021737,0.33345985,0.040911987,0.15226975,0.05369837,0.07932371,0.02083679,null,null,null,null,"TWOGAUSSIANS",8,1.5885671,0.5778348,0.010687355,0.3362435,0.06050297,0.15833944,0.032059446,0.33393985,0.04143988,0.4,0.0,0.07860328,0.019354995
375316653866487564,4049208309564626432,0.4887368,2233.3727894053113,0.8721935894238627,3.213439E-5,18.149265,0.021421013,0.2630429,0.023893949,0.025637414,0.009412983,0.13480298,0.03390692,0.7938147,0.08017153,0.07076864,0.08374669,0.13506512,0.068871595,0.030735882,0.020094013,0.2630429,0.023893949,"TWOGAUSSIANS_WITH_ELLIPSOIDAL_ON_ECLIPSE1",9,11.444868,0.2630429,0.023893949,0.14356953,0.052712705,0.19622399,0.06093029,0.7938147,0.079255484,0.3963044,0.45548162,0.19421667,0.069287665
375316653866487564,4049208378284333568,0.50005054,2277.600256340279,0.04673071870292212,4.7705595E-5,18.433922,0.0075912857,0.2739986,0.10852217,0.050947078,0.042234708,0.74034107,0.75886345,0.86187774,0.005945554,0.04102235,0.009472673,0.5831739,0.87383944,null,null,null,null,"TWOGAUSSIANS",8,3.174899,0.2739986,0.10852217,0.28530365,0.23651436,0.74034107,0.75886345,0.86187774,0.005945554,0.22972515,0.053046968,0.5831739,0.87383944
375316653866487564,4049208447003624832,0.45272234,2241.1653645633764,2.77903531453879,4.6627447E-5,18.89881,0.12793691,0.27230266,0.035725497,0.099201456,0.08351283,0.11418578,0.40036076,0.7678619,0.009504721,0.12160493,0.060976908,0.1702142,0.12268013,null,null,null,null,"TWOGAUSSIANS",8,5.133552,0.7678619,0.009504721,0.4,0.0,0.14941327,0.020117532,0.27233267,0.035794556,0.4,0.1895689,0.09345751,0.40929443
375316653866487564,4049208481363357824,0.5079428,2163.2168856420817,2.730270838365103,3.8422786E-5,19.247475,0.047398787,0.34562117,0.042214982,0.048715297,0.046417575,0.42037594,0.16964866,0.8256702,0.0067127254,0.07925491,0.022307483,0.28626168,0.023427049,null,null,null,null,"TWOGAUSSIANS",8,2.897825,0.34562117,0.042214982,0.27280566,0.16498089,0.42020938,0.17828816,0.8256702,0.0067127254,0.4,0.0,0.28609508,0.020378033
375316653866487564,4049208481363465984,0.4597847,2202.572072779187,0.7012558670269404,7.210139E-5,18.868082,0.009423658,0.31749317,0.015056306,0.038775504,0.050525382,0.055719312,0.17875175,null,null,null,null,null,null,0.049015664,0.010921113,0.31749317,0.015056306,"ONEGAUSSIAN_WITH_ELLIPSOIDAL",6,2.9397902,0.31749317,0.015056306,0.2171428,0.28294215,0.15375061,0.18018888,null,null,null,null,null,null
375316653866487564,4049208481363467264,0.47871444,2272.1841197019385,0.5233387721145606,7.682047E-5,18.903955,0.0137310615,0.3344416,0.010266847,0.038531408,0.0096638,0.26210484,0.060367655,0.80258155,0.07952454,0.07554036,0.04265517,0.36962068,0.1807947,null,null,null,null,"TWOGAUSSIANS",8,6.972714,0.80258155,0.07952454,0.4,0.2059314,0.36960882,0.18080556,0.3344416,0.010266847,0.21577589,0.054117277,0.26209298,0.06037499
375316653866487564,4049208481363475584,0.4709544,2225.862201618788,0.9471448077959885,1.2327635E-5,17.385706,0.0025773938,0.22291598,6.7562074E-4,0.022747638,0.0015849676,0.09211889,0.014362689,0.70118845,0.020542441,0.05584159,0.016426776,0.028370675,0.008636758,null,null,null,null,"TWOGAUSSIANS",8,1.821596,0.22291598,6.7562074E-4,0.12738676,0.008875818,0.09211889,0.014362689,0.70118845,0.020542441,0.3127129,0.09198994,0.028370675,0.008636758
375316653866487564,4049208580132653824,0.43634704,2271.088859524876,0.046814791329133534,1.6276195E-4,18.101358,0.033350132,0.43234083,0.027577981,0.086299464,0.038501322,0.4256391,16.894949,0.8070264,0.007845459,0.06534396,0.008399081,0.34319726,0.074203044,null,null,null,null,"TWOGAUSSIANS",8,11.201387,0.43234083,0.027577981,0.4,0.11422394,0.42548305,16.895142,0.8070264,0.007845459,0.3659262,0.047034856,0.34307557,0.074105084
