Gaia/vari_eclipsing_binary/VariEclipsingBinary_462444-462467.csv
# %ECSV 1.0
# ---
# delimiter: ','
# meta: !!omap
# - RELEASE: Gaia DR3
# - TABLE: vari_eclipsing_binary
# - DESCRIPTION: >
#     This table describes the properties of the eclipsing binaries resulting from the variability analysis. 
# - CITATION: >
#     How to cite and acknowledge Gaia: 
#     https://gea.esac.esa.int/archive/documentation/credits.html 
# - KNOWN_ISSUES: >
#     Known issues: 
#     https://www.cosmos.esa.int/web/gaia-users/known-issues 
# - DOCUMENTATION: >
#     Tutorials and documentation: 
#     https://www.cosmos.esa.int/web/gaia-users/archive 
# datatype:
# - 
#   name: solution_id
#   datatype: int64
#   description: Solution Identifier
#   meta:
#     ucd: meta.version
# - 
#   name: source_id
#   datatype: int64
#   description: Unique source identifier
#   meta:
#     ucd: meta.id;meta.main
# - 
#   name: global_ranking
#   datatype: float32
#   description: Number between 0 (worst) and 1 (best)
#   meta:
#     ucd: stat.param
# - 
#   name: reference_time
#   datatype: float64
#   unit: d
#   description: Reference time used for the geometric model fit
#   meta:
#     ucd: time.epoch
# - 
#   name: frequency
#   datatype: float64
#   unit: d**-1
#   description: Frequency of geometric model of the eclipsing binary light curve
#   meta:
#     ucd: src.orbital
# - 
#   name: frequency_error
#   datatype: float32
#   unit: d**-1
#   description: "Uncertainty of \\texttt{frequency}"
#   meta:
#     ucd: stat.error
# - 
#   name: geom_model_reference_level
#   datatype: float32
#   unit: mag
#   description: Magnitude reference level of geometric model
#   meta:
#     ucd: phot.mag;em.opt
# - 
#   name: geom_model_reference_level_error
#   datatype: float32
#   unit: mag
#   description: "Uncertainty of \\texttt{geomModelReferenceLevel}"
#   meta:
#     ucd: stat.error;phot.mag;em.opt
# - 
#   name: geom_model_gaussian1_phase
#   datatype: float32
#   description: Phase of the Gaussian 1 component
#   meta:
#     ucd: time.phase
# - 
#   name: geom_model_gaussian1_phase_error
#   datatype: float32
#   description: "Uncertainty of \\texttt{geomModelGaussian1Phase}"
#   meta:
#     ucd: stat.error;time.phase
# - 
#   name: geom_model_gaussian1_sigma
#   datatype: float32
#   description: "Standard deviation [phase] of Gaussian 1 component"
#   meta:
#     ucd: stat.stdev
# - 
#   name: geom_model_gaussian1_sigma_error
#   datatype: float32
#   description: "Uncertainty of \\texttt{geomModelGaussian1Sigma}"
#   meta:
#     ucd: stat.error
# - 
#   name: geom_model_gaussian1_depth
#   datatype: float32
#   unit: mag
#   description: Magnitude depth of Gaussian 1 component
#   meta:
#     ucd: src.var.amplitude
# - 
#   name: geom_model_gaussian1_depth_error
#   datatype: float32
#   unit: mag
#   description: "Uncertainty of \\texttt{geomModelGaussian1Depth}"
#   meta:
#     ucd: stat.error;src.var.amplitude
# - 
#   name: geom_model_gaussian2_phase
#   datatype: float32
#   description: Phase of Gaussian 2 component
#   meta:
#     ucd: time.phase
# - 
#   name: geom_model_gaussian2_phase_error
#   datatype: float32
#   description: "Uncertainty of \\texttt{geomModelGaussian2Phase}"
#   meta:
#     ucd: stat.error;time.phase
# - 
#   name: geom_model_gaussian2_sigma
#   datatype: float32
[...]
#   datatype: float32
#   description: "Secondary eclipse: uncertainty of \\texttt{derivedSecondaryEclDuration}"
#   meta:
#     ucd: stat.error;time.duration
# - 
#   name: derived_secondary_ecl_depth
#   datatype: float32
#   unit: mag
#   description: "Secondary eclipse: depth"
#   meta:
#     ucd: src.var.amplitude
# - 
#   name: derived_secondary_ecl_depth_error
#   datatype: float32
#   unit: mag
#   description: "Secondary eclipse: uncertainty of \\texttt{derivedSecondaryEclDepth}"
#   meta:
#     ucd: stat.error;src.var.amplitude
solution_id,source_id,global_ranking,reference_time,frequency,frequency_error,geom_model_reference_level,geom_model_reference_level_error,geom_model_gaussian1_phase,geom_model_gaussian1_phase_error,geom_model_gaussian1_sigma,geom_model_gaussian1_sigma_error,geom_model_gaussian1_depth,geom_model_gaussian1_depth_error,geom_model_gaussian2_phase,geom_model_gaussian2_phase_error,geom_model_gaussian2_sigma,geom_model_gaussian2_sigma_error,geom_model_gaussian2_depth,geom_model_gaussian2_depth_error,geom_model_cosine_half_period_amplitude,geom_model_cosine_half_period_amplitude_error,geom_model_cosine_half_period_phase,geom_model_cosine_half_period_phase_error,model_type,num_model_parameters,reduced_chi2,derived_primary_ecl_phase,derived_primary_ecl_phase_error,derived_primary_ecl_duration,derived_primary_ecl_duration_error,derived_primary_ecl_depth,derived_primary_ecl_depth_error,derived_secondary_ecl_phase,derived_secondary_ecl_phase_error,derived_secondary_ecl_duration,derived_secondary_ecl_duration_error,derived_secondary_ecl_depth,derived_secondary_ecl_depth_error
[from data line 182]
375316653866487564,4067806411327082240,0.5911686,2382.6337579704145,0.8638996182584121,3.7551144E-6,18.02106,0.006530425,0.2628853,0.034493696,0.06310364,0.11756674,0.015660074,172.42252,0.5157885,4.54224E-4,0.03685986,9.356617E-4,0.50788414,0.010311927,null,null,null,null,"TWOGAUSSIANS",8,3.9867024,0.5157885,4.54224E-4,0.2064152,0.0052397056,0.5078892,0.010343302,0.2628853,0.034493696,0.35338035,0.6382738,0.015660074,172.42252
375316653866487564,4067806686204953472,0.50333273,2395.004803608382,0.8089067802717289,1.8830196E-5,19.258121,0.0076746154,0.1347166,6.336727E-4,0.006684456,6.5261323E-4,1.1135571,0.28010538,0.6857905,0.011525241,0.021907449,0.00869156,0.16298957,0.25576133,null,null,null,null,"TWOGAUSSIANS",8,5.78505,0.1347166,6.336727E-4,0.037432954,0.003654634,1.1135571,0.28010538,0.6857905,0.011525241,0.122681715,0.048672736,0.16298957,0.25576133
375316653866487564,4067807235934025728,0.5301554,2418.8042311942745,0.8938851714938388,1.5669068E-5,15.915114,0.0010465297,0.13091332,0.015438545,0.021742744,0.042096738,0.0056472295,0.009627822,0.49335128,0.021016123,0.024987772,0.007575166,0.09772542,0.052469995,null,null,null,null,"TWOGAUSSIANS",8,2.8056638,0.49335128,0.021016123,0.13993153,0.042420927,0.09772542,0.052469995,0.13091332,0.015438545,0.12175937,0.23574173,0.0056472295,0.009627822
375316653866487564,4067807235934074112,0.4446281,2466.821091796952,0.5194936488112779,2.3187165E-5,19.804739,0.008642198,0.7230706,0.01837197,0.022205774,0.02809296,0.41931075,4444.3384,0.5681922,0.0065731984,0.04530756,0.0066508553,0.31957945,0.03824602,null,null,null,null,"TWOGAUSSIANS",8,2.6003678,0.72299063,0.01921671,0.124352336,0.15732057,0.42024076,4444.3384,0.5681922,0.006413913,0.25372234,0.03724479,0.31957945,0.038337734
375316653866487564,4067808713402772352,0.6636328,2422.5447425516727,3.4666943425772536,1.0574886E-5,18.33065,0.013192876,0.24323499,0.0018808767,0.049512796,0.0040857815,0.5682706,0.025237583,0.74206936,0.0020602753,0.046583045,0.003258665,0.4570977,0.030401865,0.10119812,0.015765598,0.24323499,0.0018808767,"TWOGAUSSIANS_WITH_ELLIPSOIDAL_ON_ECLIPSE1",9,1.9112417,0.24323499,0.0018808767,0.27727166,0.022880377,0.7706646,0.020012323,0.74214935,0.0019061367,0.26086506,0.018248525,0.6594815,0.014593067
375316653866487564,4067808988286152832,0.51911473,2357.544899662725,0.8869272958824125,3.386055E-5,19.8657,0.013847624,0.81071305,9.2348864E-4,0.02430206,0.002845001,0.10207354,0.013894196,0.55782163,0.018752648,0.0545726,0.010818335,0.674935,0.14395976,null,null,null,null,"TWOGAUSSIANS",8,1.8197346,0.55782163,0.018752648,0.30560657,0.060582675,0.674935,0.14395976,0.81070304,9.139476E-4,0.13609153,0.015932005,0.10208821,0.013903063
375316653866487564,4067809469317103616,0.5224535,2432.6599290113895,3.2211711297996857,1.5375399E-5,19.59963,0.015456975,0.20608929,0.0067623784,0.079236835,0.007586837,0.54467255,0.04381854,0.71969235,0.0046927566,0.08703792,0.009420093,0.45859304,0.041904785,null,null,null,null,"TWOGAUSSIANS",8,1.7616968,0.20608929,0.0067623784,0.4,0.0,0.5362524,0.045083717,0.71969235,0.0046927566,0.4,0.0,0.45017275,0.047560748
375316653866487564,4067810122152367744,0.55173856,2459.605508371105,2.631414275975416,1.871989E-5,19.796606,0.013353562,0.22528602,0.0031589263,0.07252972,0.0042141667,0.5714686,0.024272816,0.71475834,0.009037638,0.063586324,0.0073781745,0.49839425,0.051106967,null,null,null,null,"TWOGAUSSIANS",8,1.8966035,0.22528602,0.0031589263,0.4,0.0036424478,0.57052535,0.024314301,0.71475834,0.009037638,0.35608342,0.04131778,0.497451,0.050984267
375316653866487564,4067810186573567360,0.46206304,2400.207994343478,1.959728850073475,1.791919E-5,19.104525,0.021307895,0.19671024,0.022540448,0.1292092,0.05967535,0.09383059,0.028330522,0.7750462,0.0028661813,0.015891703,0.005378636,7.1080136,7.7661667,null,null,null,null,"TWOGAUSSIANS",8,4.038297,0.7750462,0.0028661813,0.088993534,0.030120362,7.108364,7.766036,0.19671024,0.022540448,0.4,0.0,0.09371993,0.028836733
375316653866487564,4067810324005467520,0.59927934,2364.9306615026853,1.4274435912408519,7.85301E-6,17.02744,0.010633457,0.26875117,0.00233051,0.08841944,0.0052169855,0.2769867,0.009800961,0.77757406,0.0031843153,0.10638533,0.007774846,0.15046847,0.010342416,null,null,null,null,"TWOGAUSSIANS",8,3.366146,0.26875117,0.00233051,0.4,0.0,0.26411822,0.007400052,0.77757406,0.0031843153,0.4,0.0,0.13759491,0.006856647
375316653866487564,4067810534495856128,0.6138518,2402.4290476204797,1.622196133807882,2.8711006E-6,15.510825,0.0015910544,0.24575311,8.611312E-4,0.04714346,0.0030804242,0.059473913,0.005247658,0.7685761,0.048492882,0.026666315,0.017917914,0.03820104,0.037563805,0.050725725,0.0023591402,0.24575311,8.611312E-4,"TWOGAUSSIANS_WITH_ELLIPSOIDAL_ON_ECLIPSE1",9,4.495298,0.24575311,8.611312E-4,0.26400337,0.017250376,0.16092508,0.004408539,0.7685761,0.03171056,0.14933136,0.10034032,0.13758023,0.03956049
375316653866487564,4067810564529499008,0.628763,2413.6983166716905,0.4327397349741502,1.3426776E-6,18.366755,0.002200453,0.2595628,5.707098E-4,0.031743303,8.527635E-4,0.8826504,0.029715087,0.76339126,0.014371451,0.034424096,0.011270747,0.14796777,0.12007649,null,null,null,null,"TWOGAUSSIANS",8,1.9489348,0.2595628,5.707098E-4,0.1777625,0.0047754757,0.8826504,0.029715087,0.76339126,0.014371451,0.19277495,0.06311618,0.14796777,0.12007649
375316653866487564,4067810603188990208,0.54381645,2416.212632803847,3.8783793255115384,2.5354004E-5,19.380707,0.01888425,0.21402581,0.0043742256,0.04854878,0.011396546,0.32635286,0.054941628,0.7042063,0.00604243,0.045684196,0.006971411,0.39828837,0.06861973,0.09496002,0.029161576,0.21402581,0.0043742256,"TWOGAUSSIANS_WITH_ELLIPSOIDAL_ON_ECLIPSE1",9,3.4393473,0.7049163,0.0053866575,0.2558315,0.039039902,0.5875382,0.060044367,0.21402581,0.0043742256,0.27187318,0.06382065,0.51627225,0.059729006
375316653866487564,4067810946812753664,0.70917016,2415.0048490087033,0.39892164726234364,1.5129694E-6,15.434138,0.0018056065,0.23004545,0.0012059897,0.03639705,9.495374E-4,0.4698657,0.006537779,0.73130065,2.7949573E-4,0.035831016,4.586321E-4,0.4580992,0.0052959956,0.023833571,0.0026052976,0.23004545,0.0012059897,"TWOGAUSSIANS_WITH_ELLIPSOIDAL_ON_ECLIPSE1",9,6.5967755,0.23004545,0.0012059897,0.20382348,0.005317409,0.5175328,0.0048810234,0.73130065,2.7949573E-4,0.20065369,0.0025683397,0.50576335,0.0044705532
375316653866487564,4067811496547578368,0.5045713,2412.0342880215912,2.9404547597732758,1.847533E-5,19.598373,0.01934777,0.2462563,0.0062804697,0.074375615,0.016623767,0.3165014,0.029309478,0.7399037,0.0052291993,0.09127563,0.009364396,0.29582015,0.022522904,null,null,null,null,"TWOGAUSSIANS",8,1.8363996,0.2462563,0.0062804697,0.4,0.017676743,0.31083193,0.03310147,0.7399037,0.0052291993,0.4,0.0,0.29015052,0.020714073
375316653866487564,4067812080658361344,0.52370983,2398.660922812683,0.10637614131933731,8.835188E-6,18.939297,0.0060612923,0.31697372,2.0664862E-4,0.0068359496,2.7207265E-4,1.36306,0.11102931,0.8820434,0.017064197,0.0032897396,0.009338971,0.13562517,0.9610576,null,null,null,null,"TWOGAUSSIANS",8,5.5783796,0.31697372,2.0664862E-4,0.038281318,0.0015236068,1.36306,0.11102931,0.8820434,0.017064197,0.018422542,0.05229824,0.13562517,0.9610576
375316653866487564,4067812145075003520,0.44624618,2477.301853045146,1.9610266242015155,1.060636E-5,18.476969,0.0069664684,0.14548312,0.0124903,0.020175615,0.0077626323,0.14431001,0.035576973,0.6292775,0.0042011593,0.028712682,0.009256472,0.129632,0.029954381,null,null,null,null,"TWOGAUSSIANS",8,2.6661153,0.14548312,0.0124903,0.11298344,0.04347074,0.14431001,0.035576973,0.6292775,0.0042011593,0.16079102,0.051836245,0.129632,0.029954381
375316653866487564,4067812351233539968,0.4898993,2419.765249716562,2.8652747200508775,1.891507E-5,18.027187,0.0140670845,0.2426732,0.004277051,0.06448496,0.005655523,0.42826787,0.030317336,0.7373292,0.006829848,0.068581484,0.005826248,0.5379228,0.02842996,null,null,null,null,"TWOGAUSSIANS",8,22.82378,0.7373292,0.006829848,0.38405633,0.03262699,0.53721195,0.02823162,0.2426732,0.004277051,0.3611158,0.031670928,0.42755708,0.03035929
375316653866487564,4067813828702209024,0.48168862,2426.285188249533,0.5255876698403613,2.7260206E-5,13.762886,0.12101011,0.2520765,0.0069020507,0.15262167,0.06656552,0.13424154,0.119444996,0.766138,0.009680375,0.12264528,0.032965593,0.15386787,0.10598336,null,null,null,null,"TWOGAUSSIANS",8,218.85532,0.766908,0.008523442,0.4,0.0,0.105885334,0.010590972,0.2518765,0.0064920303,0.4,0.0,0.0850337,0.008709631
375316653866487564,4067814069235829504,0.56785554,2431.331366805269,1.9843576720273033,2.7842689E-5,18.60325,0.0086809555,0.14912675,0.0038793283,0.0875074,0.005700998,0.2123206,0.009553378,0.635924,0.0033210507,0.08277123,0.00574907,0.45834112,0.035291966,null,null,null,null,"TWOGAUSSIANS",8,2.4257271,0.635924,0.0033210507,0.4,0.0,0.4518351,0.037762415,0.14912675,0.0038793283,0.4,0.0,0.20581453,0.0077093667
375316653866487564,4067817509495854080,0.53002656,2363.8529086507383,1.99232732622355,1.2144089E-5,17.441648,0.010586883,0.3127345,0.0027973433,0.07096028,0.0048550465,0.3579314,0.021469641,0.8217908,0.009147011,0.06531153,0.016371941,0.17658745,0.10941361,null,null,null,null,"TWOGAUSSIANS",8,9.394967,0.3127345,0.0027973433,0.3973776,0.013093175,0.35745758,0.021393582,0.8217908,0.009147011,0.36574453,0.09168287,0.17611362,0.10983264
375316653866487564,4067817715680990592,0.49205577,2275.506414412827,3.8432868597498473,3.9475457E-5,16.963726,0.2432078,0.24295674,0.009585496,0.11185918,0.053413797,0.4241831,0.22452594,0.7669233,0.01934651,0.08678998,0.036511306,0.4545011,0.2260382,null,null,null,null,"TWOGAUSSIANS",8,110.49578,0.76695335,0.018957248,0.4,0.0,0.42785344,0.048167408,0.24295674,0.009572028,0.4,0.0,0.39747873,0.046983987
375316653866487564,4067818059278467072,0.5253994,2303.617757325898,3.562957042129717,1.6134092E-5,17.958778,0.013390913,0.2945792,0.0053860354,0.0640126,0.011812307,0.30701518,0.04541366,0.7785955,0.01349277,0.06582652,0.0074877343,0.3033943,0.047793273,null,null,null,null,"TWOGAUSSIANS",8,17.33903,0.2945792,0.0053860354,0.35847056,0.06614892,0.3067881,0.045605,0.7785955,0.01349277,0.3686285,0.041931313,0.3031672,0.047766894
375316653866487564,4067818815165986048,0.49791384,2430.3831914923253,2.95815432000695,1.715045E-5,19.849274,0.014025637,0.27901277,0.019228747,0.047260642,0.018093169,0.12227312,0.027124919,0.78306854,0.00246863,0.024391906,0.0029707938,0.39837137,0.20496097,null,null,null,null,"TWOGAUSSIANS",8,1.1220121,0.78306854,0.00246863,0.13659467,0.016636444,0.39837137,0.20496097,0.27901277,0.019228747,0.26465958,0.10132174,0.12227312,0.027124919
375316653866487564,4067819188817980416,0.5096898,2376.6137460801237,2.0923540152488753,2.3164757E-5,17.060482,0.008044845,0.2137008,0.012547874,0.08877362,0.011745748,0.07199164,0.011900804,0.7267213,0.008500664,0.062115684,0.009670901,0.19140366,0.009665794,null,null,null,null,"TWOGAUSSIANS",8,13.706109,0.7267213,0.008500664,0.34784782,0.05415705,0.19076166,0.009570993,0.2137008,0.012547874,0.4,0.0,0.071349606,0.011484062
375316653866487564,4067819601134863360,0.55606097,2354.252922579841,0.4977010625543179,5.4833963E-5,17.476225,0.0025454394,0.3772287,0.003137401,0.021606667,0.009618731,0.2960242,0.1596271,0.8372805,1.0861469E-4,0.02012885,6.322151E-4,0.54694027,0.039127767,null,null,null,null,"TWOGAUSSIANS",8,5.2600703,0.8372805,1.0861469E-4,0.11272156,0.0035404046,0.54694027,0.039127767,0.3772287,0.003137401,0.12099734,0.053864893,0.2960242,0.1596271
375316653866487564,4067819635494615936,0.70527714,2392.893043545573,0.43640818302619105,7.013249E-5,16.441845,9.4974064E-4,0.3917469,0.009992324,0.038328577,0.004885152,0.70477855,0.3307598,null,null,null,null,null,null,null,null,null,null,"ONEGAUSSIAN",5,1.947604,0.3917469,0.009992324,0.21464004,0.02735685,0.70477855,0.0,null,null,null,null,null,null
375316653866487564,4067819639800557568,0.4880464,2448.5135392244697,2.1655944688683357,1.8057076E-4,19.80691,0.03334227,0.19753873,0.012903608,0.075438,0.041723266,0.21458285,0.06541149,0.67389554,0.009888394,0.09491483,0.020832429,0.2449853,0.029015442,null,null,null,null,"TWOGAUSSIANS",8,1.3313007,0.67389554,0.009888394,0.4,0.0,0.24091119,0.023826709,0.19753873,0.012888969,0.4,0.035116196,0.21050961,0.08709531
375316653866487564,4067820357057291008,0.6128962,2400.171152875976,0.6779648527332132,7.504445E-6,18.793114,0.009364955,0.28061968,0.0027749427,0.040031645,0.0023631896,0.70974773,0.03550229,0.7808737,0.0049589635,0.039301913,0.005378202,0.23412776,0.026247768,0.08514593,0.0148812495,0.28061968,0.0027749427,"TWOGAUSSIANS_WITH_ELLIPSOIDAL_ON_ECLIPSE1",9,2.687384,0.28061968,0.0027749427,0.22417721,0.013233861,0.8800396,0.031521033,0.7808737,0.004701492,0.22009072,0.03011793,0.40441912,0.022948245
375316653866487564,4067821014194707968,0.5054691,2445.4670950108552,2.3212426345160777,1.1265931E-4,19.619976,0.3309863,0.26739684,0.010937547,0.12552406,0.04365003,0.5972181,0.31623793,0.77951443,0.008984345,0.14392751,0.06619529,0.4974842,0.30526927,null,null,null,null,"TWOGAUSSIANS",8,3.6907077,0.26696685,0.011097347,0.4,0.0,0.42297935,0.03598262,0.7797245,0.008552126,0.4,0.0,0.3212238,0.055960607
375316653866487564,4067822452994786304,0.5501173,2294.1274794669357,2.6877487807835045,1.911577E-5,16.443956,0.011888393,0.28103212,0.0056747054,0.091674164,0.0070842267,0.19024457,0.013961876,0.78544325,0.005795005,0.09750135,0.010952411,0.19212066,0.010632493,null,null,null,null,"TWOGAUSSIANS",8,15.321832,0.78544325,0.005795005,0.4,0.0,0.18119384,0.0057579093,0.28103212,0.0056747054,0.4,0.0,0.17931838,0.010323515
375316653866487564,4067822869616816000,0.5551988,2425.6112644589375,2.6229131147755536,2.3427023E-5,19.231026,0.017913163,0.24438031,0.0061253803,0.069092676,0.007221413,0.502535,0.08973536,0.7180655,0.009064661,0.08606951,0.009381266,0.52534455,0.03369895,null,null,null,null,"TWOGAUSSIANS",8,4.1840625,0.7180655,0.009064661,0.4,0.0,0.52209616,0.032091796,0.24438031,0.0061253803,0.386919,0.03989601,0.49928674,0.09104104
375316653866487564,4067823419372577536,0.5977658,2375.595787675019,1.2148475193745356,9.172019E-6,16.71489,0.023383358,0.27807757,0.00580029,0.069469534,0.006481745,0.27710456,0.044841416,0.76085365,0.0037130835,0.061131377,0.008255034,0.30568254,0.050458867,0.08686376,0.02453188,0.76085365,0.0037130835,"TWOGAUSSIANS_WITH_ELLIPSOIDAL_ON_ECLIPSE2",9,11.821192,0.76085365,0.0037130835,0.3423357,0.04622819,0.47916812,0.030066222,0.27476758,0.004015468,0.3890294,0.03143703,0.44895136,0.021239365
375316653866487564,4067825584037492864,0.52521884,2409.416729730376,0.6080216478988114,6.893504E-6,18.82121,0.0048506665,0.41778558,0.040257916,0.097146064,0.039742105,0.027931046,0.0070599546,0.6544293,0.004898659,0.017079119,0.0021418044,0.5550309,0.08303716,null,null,null,null,"TWOGAUSSIANS",8,2.0883648,0.6544293,0.004898659,0.095643066,0.011994105,0.55646807,0.08324149,0.41778558,0.040257916,0.4,0.0,0.027930947,0.0070596216
375316653866487564,4067826305591148288,0.57768774,2419.1266332022415,3.083263750563048,2.316365E-5,18.012993,0.014185462,0.23349531,0.00245396,0.0501846,0.0051407884,0.33570033,0.045455907,0.7302447,0.005434031,0.050393105,0.0104095545,0.25948426,0.027626807,0.12744927,0.01752262,0.23349531,0.00245396,"TWOGAUSSIANS_WITH_ELLIPSOIDAL_ON_ECLIPSE1",9,10.104964,0.23349531,0.00245396,0.28103375,0.028788416,0.5905959,0.03901731,0.7307747,0.004498692,0.28220138,0.058293503,0.514291,0.01662111
