Gaia/vari_eclipsing_binary/VariEclipsingBinary_668655-668676.csv
# %ECSV 1.0
# ---
# delimiter: ','
# meta: !!omap
# - RELEASE: Gaia DR3
# - TABLE: vari_eclipsing_binary
# - DESCRIPTION: >
#     This table describes the properties of the eclipsing binaries resulting from the variability analysis. 
# - CITATION: >
#     How to cite and acknowledge Gaia: 
#     https://gea.esac.esa.int/archive/documentation/credits.html 
# - KNOWN_ISSUES: >
#     Known issues: 
#     https://www.cosmos.esa.int/web/gaia-users/known-issues 
# - DOCUMENTATION: >
#     Tutorials and documentation: 
#     https://www.cosmos.esa.int/web/gaia-users/archive 
# datatype:
# - 
#   name: solution_id
#   datatype: int64
#   description: Solution Identifier
#   meta:
#     ucd: meta.version
# - 
#   name: source_id
#   datatype: int64
#   description: Unique source identifier
#   meta:
#     ucd: meta.id;meta.main
# - 
#   name: global_ranking
#   datatype: float32
#   description: Number between 0 (worst) and 1 (best)
#   meta:
#     ucd: stat.param
# - 
#   name: reference_time
#   datatype: float64
#   unit: d
#   description: Reference time used for the geometric model fit
#   meta:
#     ucd: time.epoch
# - 
#   name: frequency
#   datatype: float64
#   unit: d**-1
#   description: Frequency of geometric model of the eclipsing binary light curve
#   meta:
#     ucd: src.orbital
# - 
#   name: frequency_error
#   datatype: float32
#   unit: d**-1
#   description: "Uncertainty of \\texttt{frequency}"
#   meta:
#     ucd: stat.error
# - 
#   name: geom_model_reference_level
#   datatype: float32
#   unit: mag
#   description: Magnitude reference level of geometric model
#   meta:
#     ucd: phot.mag;em.opt
# - 
#   name: geom_model_reference_level_error
#   datatype: float32
#   unit: mag
#   description: "Uncertainty of \\texttt{geomModelReferenceLevel}"
#   meta:
#     ucd: stat.error;phot.mag;em.opt
# - 
#   name: geom_model_gaussian1_phase
#   datatype: float32
#   description: Phase of the Gaussian 1 component
#   meta:
#     ucd: time.phase
# - 
#   name: geom_model_gaussian1_phase_error
#   datatype: float32
#   description: "Uncertainty of \\texttt{geomModelGaussian1Phase}"
#   meta:
#     ucd: stat.error;time.phase
# - 
#   name: geom_model_gaussian1_sigma
#   datatype: float32
#   description: "Standard deviation [phase] of Gaussian 1 component"
#   meta:
#     ucd: stat.stdev
# - 
#   name: geom_model_gaussian1_sigma_error
#   datatype: float32
#   description: "Uncertainty of \\texttt{geomModelGaussian1Sigma}"
#   meta:
#     ucd: stat.error
# - 
#   name: geom_model_gaussian1_depth
#   datatype: float32
#   unit: mag
#   description: Magnitude depth of Gaussian 1 component
#   meta:
#     ucd: src.var.amplitude
# - 
#   name: geom_model_gaussian1_depth_error
#   datatype: float32
#   unit: mag
#   description: "Uncertainty of \\texttt{geomModelGaussian1Depth}"
#   meta:
#     ucd: stat.error;src.var.amplitude
# - 
#   name: geom_model_gaussian2_phase
#   datatype: float32
#   description: Phase of Gaussian 2 component
#   meta:
#     ucd: time.phase
# - 
#   name: geom_model_gaussian2_phase_error
#   datatype: float32
#   description: "Uncertainty of \\texttt{geomModelGaussian2Phase}"
#   meta:
#     ucd: stat.error;time.phase
# - 
#   name: geom_model_gaussian2_sigma
#   datatype: float32
[...]
#   datatype: float32
#   description: "Secondary eclipse: uncertainty of \\texttt{derivedSecondaryEclDuration}"
#   meta:
#     ucd: stat.error;time.duration
# - 
#   name: derived_secondary_ecl_depth
#   datatype: float32
#   unit: mag
#   description: "Secondary eclipse: depth"
#   meta:
#     ucd: src.var.amplitude
# - 
#   name: derived_secondary_ecl_depth_error
#   datatype: float32
#   unit: mag
#   description: "Secondary eclipse: uncertainty of \\texttt{derivedSecondaryEclDepth}"
#   meta:
#     ucd: stat.error;src.var.amplitude
solution_id,source_id,global_ranking,reference_time,frequency,frequency_error,geom_model_reference_level,geom_model_reference_level_error,geom_model_gaussian1_phase,geom_model_gaussian1_phase_error,geom_model_gaussian1_sigma,geom_model_gaussian1_sigma_error,geom_model_gaussian1_depth,geom_model_gaussian1_depth_error,geom_model_gaussian2_phase,geom_model_gaussian2_phase_error,geom_model_gaussian2_sigma,geom_model_gaussian2_sigma_error,geom_model_gaussian2_depth,geom_model_gaussian2_depth_error,geom_model_cosine_half_period_amplitude,geom_model_cosine_half_period_amplitude_error,geom_model_cosine_half_period_phase,geom_model_cosine_half_period_phase_error,model_type,num_model_parameters,reduced_chi2,derived_primary_ecl_phase,derived_primary_ecl_phase_error,derived_primary_ecl_duration,derived_primary_ecl_duration_error,derived_primary_ecl_depth,derived_primary_ecl_depth_error,derived_secondary_ecl_phase,derived_secondary_ecl_phase_error,derived_secondary_ecl_duration,derived_secondary_ecl_duration_error,derived_secondary_ecl_depth,derived_secondary_ecl_depth_error
[from data line 75]
375316653866487564,5881577074695356416,0.4537198,2160.5726788482148,1.4836389367257947,3.0079796E-5,17.65782,0.004572585,null,null,null,null,null,null,null,null,null,null,null,null,0.05646041,0.006537462,0.2890967,0.007154862,"ELLIPSOIDAL",4,13.695538,null,null,null,null,null,null,null,null,null,null,null,null
375316653866487564,5881577143422258176,0.5011759,2138.0820396323743,1.6130788497026318,1.5406751E-5,17.422274,0.0037932252,0.27227816,0.0069764275,0.086573124,0.014224482,0.050221197,0.0040785996,0.7489246,0.004960606,0.08685332,0.0076664267,0.06610297,0.00444789,null,null,null,null,"TWOGAUSSIANS",8,1.6142426,0.7489246,0.004960606,0.4,0.0,0.06489034,0.0039499714,0.27227816,0.0069764275,0.4,0.0,0.049008574,0.003755741
375316653866487564,5881577697465608832,0.5157529,2166.3066437310663,1.4469947708838486,1.5273641E-5,18.832157,0.015853368,0.19008279,0.0036952163,0.09233389,0.011010522,0.1742614,0.014779724,0.6698698,0.007333274,0.08921141,0.014037444,0.2549495,0.035217095,null,null,null,null,"TWOGAUSSIANS",8,1.5495033,0.6698698,0.007333274,0.4,0.0,0.2480458,0.03966739,0.19008279,0.0036934062,0.4,0.0,0.16735761,0.011171677
375316653866487564,5881578212864601856,0.556909,2089.7570280643417,1.4547680582826992,1.4366476E-5,19.31446,0.014927838,0.17424013,0.0033835256,0.0660877,0.0037091484,0.5532705,0.021683857,0.6842344,0.00707914,0.10042438,0.010384796,0.22594205,0.018574357,null,null,null,null,"TWOGAUSSIANS",8,1.3573151,0.17424013,0.0033835256,0.3700911,0.020771232,0.5476137,0.020735987,0.6842344,0.00707914,0.4,0.0,0.22028315,0.01752387
375316653866487564,5881578281584039680,0.5151188,2102.9152543151463,2.2975428628176324,2.0675452E-5,19.22713,0.036297128,0.30869746,0.0063525527,0.08732493,0.010561244,0.3600675,0.038554594,0.81006056,0.009547903,0.09877114,0.02136043,0.2398356,0.037204895,null,null,null,null,"TWOGAUSSIANS",8,3.261638,0.30869746,0.0063525527,0.4,0.0,0.34477842,0.02782727,0.81006056,0.009547903,0.4,0.0,0.22454529,0.025495498
375316653866487564,5881578281639160064,0.44694608,2145.4586072956017,1.713129497688308,5.2081024E-5,18.943504,0.011779043,0.28520218,0.020960657,0.074254125,0.047045376,0.080394186,0.013397524,0.73082924,0.02042212,0.09083261,0.021449594,0.13416232,0.024212794,null,null,null,null,"TWOGAUSSIANS",8,3.688681,0.73082924,0.02042212,0.4,0.0,0.13340856,0.024195414,0.28520218,0.020965375,0.4,0.043335546,0.07964122,0.014085796
375316653866487564,5881578797035262592,0.53416264,2134.575194116548,0.34789396477124274,3.658634E-6,16.174576,9.807709E-4,0.27981725,0.023920305,0.008360831,0.0116327265,0.04858369,0.011102907,0.7403206,3.206843E-4,0.008247299,7.843409E-4,0.08717118,0.0011686005,null,null,null,null,"TWOGAUSSIANS",8,3.316624,0.7403206,3.206843E-4,0.046184875,0.004392309,0.08717118,0.0011686005,0.27981725,0.023920305,0.046820655,0.06514327,0.04858369,0.011102907
375316653866487564,5881579037553480448,0.52902913,2131.448531809556,2.95735243021914,2.5310504E-5,19.03828,0.024049839,0.26869226,0.01563155,0.10050389,0.020590154,0.3409341,0.028529696,0.7456917,0.006741997,0.07721147,0.00804342,0.5242012,0.054351225,null,null,null,null,"TWOGAUSSIANS",8,4.462687,0.7456917,0.006741997,0.4,0.0,0.5135593,0.054467775,0.26869226,0.01563155,0.4,0.0,0.3302873,0.028960206
375316653866487564,5881579376796766080,0.4564017,2103.6627154118105,2.2245279793895447,3.4582114E-5,18.575779,0.023825416,0.22460744,0.011508449,0.0732726,0.019025646,0.17907678,0.027924469,0.73363966,0.01340457,0.090667404,0.014592334,0.36300838,0.023175474,null,null,null,null,"TWOGAUSSIANS",8,17.110342,0.73363966,0.01340457,0.4,0.0,0.35877812,0.017952325,0.22460744,0.011508449,0.4,0.04425876,0.17484674,0.026975576
375316653866487564,5881579892192997888,0.5510945,2130.6643648595814,2.1232248456665084,1.096901E-5,17.775328,0.013155272,0.28885132,0.0028476745,0.08813578,0.0076390863,0.23258983,0.013951259,0.7960402,0.004583503,0.08878019,0.009028675,0.15610456,0.0128783025,null,null,null,null,"TWOGAUSSIANS",8,3.5537412,0.28885132,0.0028476745,0.4,0.0,0.22635539,0.01311595,0.7960402,0.004583503,0.4,0.0,0.14987014,0.009390116
375316653866487564,5881580102705440768,0.63905567,2105.8875029872934,4.043641476770804,6.2149935E-5,15.221791,7.3110906E-4,0.20430388,0.023737215,0.023051491,0.007998616,0.26706725,0.10421982,0.4717504,0.0012389484,0.03131251,0.0011349261,0.312394,0.035268355,null,null,null,null,"TWOGAUSSIANS",8,6.331568,0.4717504,0.0012389484,0.17535006,0.0063555865,0.312394,0.035268355,0.20430388,0.023737215,0.12908836,0.044792254,0.26706725,0.10421982
375316653866487564,5881580274449179520,0.56006634,2111.6350713176557,3.7511564188425193,1.3733558E-5,19.851313,0.01600027,0.25722685,0.006980682,0.079949565,0.0069992417,0.821424,0.072663106,0.75482994,0.0039354926,0.061884984,0.0054820133,0.57994926,0.027108708,null,null,null,null,"TWOGAUSSIANS",8,1.6447531,0.25722685,0.006980682,0.4,0.0,0.8187841,0.07353029,0.75482994,0.0039354926,0.34655592,0.030699275,0.57730937,0.02749807
375316653866487564,5881580343223539456,0.43203154,2132.0577951820896,0.2624510795938217,1.0319097E-4,17.663706,0.005378068,0.25160238,0.016325453,0.07977827,0.016151698,0.123158604,0.03374399,0.7163211,0.027873535,0.09498961,0.0288911,0.061604958,0.022696383,null,null,null,null,"TWOGAUSSIANS",8,9.262242,0.25160238,0.01632499,0.4,0.011206729,0.12162946,0.034323063,0.7163211,0.027873535,0.4,0.0,0.060075417,0.023428926
375316653866487564,5881580411943034112,0.49099994,2148.39600931743,1.2803152965241855,1.9207804E-5,13.827057,7.2786625E-4,null,null,null,null,null,null,null,null,null,null,null,null,0.013634087,0.0010850815,0.25457633,0.005574582,"ELLIPSOIDAL",4,19.06318,null,null,null,null,null,null,null,null,null,null,null,null
375316653866487564,5881580858630801280,0.4634712,2141.74853281918,1.1134553094871598,2.9377892E-5,18.790163,0.011962059,0.25770646,0.012029728,0.06895465,0.022234708,0.09094415,0.014510297,0.73890835,0.0074169254,0.075487204,0.011285273,0.16144626,0.014766405,null,null,null,null,"TWOGAUSSIANS",8,3.072925,0.73890835,0.0074169254,0.4,0.01083473,0.16105966,0.014347144,0.25770646,0.012029728,0.386146,0.093564615,0.090557545,0.014504696
375316653866487564,5881580996058605184,0.51887876,2124.8281954156787,3.1171542399590764,3.314199E-5,18.339785,0.015553433,0.245491,0.00714876,0.09559822,0.00926624,0.2120516,0.018649261,0.7261561,0.008757791,0.08207009,0.014760252,0.27158892,0.026201176,null,null,null,null,"TWOGAUSSIANS",8,5.1440816,0.7261561,0.008757791,0.4,0.0010441975,0.2649926,0.031265594,0.245491,0.00714876,0.4,0.0,0.20545453,0.014835554
375316653866487564,5881581648839294080,0.48016316,2119.2119697742455,2.8081818827803633,3.0094136E-5,19.788555,0.0056093144,0.7647697,0.0062292544,0.049421437,0.0074095535,0.09479207,0.01952408,null,null,null,null,null,null,0.06836192,0.007603154,0.7647697,0.0062292544,"ONEGAUSSIAN_WITH_ELLIPSOIDAL",6,1.2231988,0.7647697,0.0062292544,0.27676004,0.0414935,0.23151533,0.018659988,null,null,null,null,null,null
375316653866487564,5881581820692359296,0.5875709,2076.2908168186586,0.6509018776359556,7.729124E-6,17.62671,0.0017962529,0.29747567,0.0072394274,0.032117613,0.004983872,0.2060914,0.00930836,0.7986946,0.0016151427,0.030426381,0.0028219544,0.22431327,0.037627485,0.016525062,0.0026615881,0.29747567,0.0072394274,"TWOGAUSSIANS_WITH_ELLIPSOIDAL_ON_ECLIPSE1",9,1.2512991,0.7986946,0.0016151427,0.17038774,0.015802944,0.25736144,0.0390094,0.29747567,0.0072394274,0.17985864,0.027909685,0.23914152,0.006964556
375316653866487564,5881582782710563200,0.52428234,2106.537397455949,1.2397994880599388,2.1888132E-5,19.526476,0.006095641,0.29346782,0.021619793,0.019435903,0.020118522,0.6261922,0.29160428,0.77858216,0.015977368,0.04187682,0.011303731,0.12351904,0.032137148,null,null,null,null,"TWOGAUSSIANS",8,1.581113,0.29346782,0.021619793,0.10884106,0.11266372,0.6261922,0.29160428,0.77858216,0.015977368,0.2345102,0.06330089,0.12351904,0.032137148
375316653866487564,5881582812770954496,0.5241046,2108.8113782044356,1.547652250318844,2.2029537E-5,17.743979,0.004119516,0.17990021,0.026122294,0.024805933,0.0125741195,0.29975313,0.12498232,0.6814139,0.0027576503,0.030143667,0.002751711,0.3245536,0.024023578,null,null,null,null,"TWOGAUSSIANS",8,9.586819,0.6814139,0.0027576503,0.16880454,0.015409582,0.3245536,0.024023578,0.17990021,0.026122294,0.13891323,0.07041507,0.29975313,0.12498232
375316653866487564,5881582847130656512,0.5545928,2098.2429020612,0.5250266391611385,9.7612545E-5,18.04334,0.0028693266,0.225489,0.013478292,0.03759093,0.0059101884,0.35098073,0.11556843,0.4447811,0.0029177065,0.010980508,0.007306918,0.014717719,0.023940096,null,null,null,null,"TWOGAUSSIANS",8,2.0802073,0.225489,0.013478292,0.2105092,0.033097055,0.35098073,0.11556843,0.4447811,0.0029177065,0.06149085,0.04091874,0.014717733,0.023940053
375316653866487564,5881583057588442880,0.4376824,2119.972695410885,3.669564430366068,4.396528E-5,19.498629,0.022148782,0.21678258,0.01692724,0.07669049,0.032241892,0.36722738,0.15034567,0.73157245,0.013864059,0.039274104,0.016166931,0.52845705,0.122598015,null,null,null,null,"TWOGAUSSIANS",8,11.0896225,0.73157245,0.013864059,0.21993499,0.09053481,0.52841586,0.12255863,0.21678258,0.01692724,0.4,0.020058656,0.3671862,0.15174535
375316653866487564,5881583195081932288,0.6162612,2110.1274458153594,2.8696116186390053,5.7963903E-6,17.396996,0.009162622,0.15829104,0.0019649873,0.04571389,0.004023704,0.34101996,0.023526771,0.6657948,0.00261797,0.039841715,0.0064148232,0.24148816,0.024356304,0.1348249,0.0149292555,0.6657948,0.00261797,"TWOGAUSSIANS_WITH_ELLIPSOIDAL_ON_ECLIPSE2",9,15.271978,0.15916103,0.0016165891,0.25599778,0.022532744,0.61013937,0.024185967,0.6657948,0.00261797,0.2231136,0.035923008,0.51113755,0.023059122
375316653866487564,5881583396886770944,0.60020304,2120.718746929119,0.9641157249744882,5.3730923E-6,17.54143,0.0073927445,0.20762713,0.0022043115,0.09035778,0.003656448,0.29242453,0.008220985,0.7046376,0.0016776648,0.09161503,0.004309871,0.24339764,0.011310003,null,null,null,null,"TWOGAUSSIANS",8,2.2645123,0.20762713,0.0022043115,0.4,0.0,0.2807419,0.007906857,0.7046376,0.0016776648,0.4,0.0,0.23171495,0.0115800155
375316653866487564,5881583435600134400,0.62709016,2108.3574577686304,1.1036958822338885,6.75184E-6,17.067295,0.011314026,0.26746735,0.0060191527,0.049302734,0.0021185272,0.76312333,0.08179296,0.7538694,0.008086583,0.050947834,0.007565529,0.34271634,0.036538858,0.05516493,0.01677294,0.7538694,0.008086583,"TWOGAUSSIANS_WITH_ELLIPSOIDAL_ON_ECLIPSE2",9,13.945171,0.26709735,0.0058015618,0.2760953,0.011863752,0.87266874,0.08112913,0.7538694,0.008086583,0.28530788,0.042366963,0.45304364,0.025108896
375316653866487564,5881583744837541632,0.6239301,2109.533215314828,1.2797767253475014,9.06557E-6,14.860774,0.009916087,0.27324435,0.0022832549,0.08878838,0.005451758,0.3362211,0.0092969425,0.7786634,0.0019419945,0.08903757,0.004561386,0.26057583,0.009088108,null,null,null,null,"TWOGAUSSIANS",8,32.178024,0.27324435,0.0022832549,0.4,0.0,0.3258078,0.0077161817,0.7786634,0.0019419945,0.4,0.0,0.25016257,0.0057893256
375316653866487564,5881584225874143744,0.5783148,2114.095753614439,1.252387420866686,1.7904347E-5,16.99559,0.0149087515,0.30684015,0.0066196737,0.0529082,0.009346681,0.124369234,0.016592253,0.8106389,0.0033119621,0.04508955,0.0038553146,0.72053796,0.08557427,null,null,null,null,"TWOGAUSSIANS",8,23.444185,0.8106389,0.0033119621,0.2525015,0.021589762,0.720537,0.085574575,0.30684015,0.0066196737,0.29628593,0.052341413,0.124368235,0.016587427
375316653866487564,5881584363258999424,0.43551865,2119.7559564543494,1.896216538598386,4.226538E-5,19.406364,0.050448548,0.2911583,0.010341371,0.080325946,0.01702251,0.50657886,0.08780746,0.78458446,0.01972224,0.10680707,0.029313123,0.31640962,0.04820347,null,null,null,null,"TWOGAUSSIANS",8,3.5777562,0.2911583,0.010343322,0.4,0.0,0.48715064,0.09657752,0.78458446,0.01972224,0.4,0.0,0.29696995,0.03315873
375316653866487564,5881584638190956800,0.59278584,2157.156199385474,0.14881218080034797,9.757437E-6,15.367085,0.0011986323,0.110252686,1.3839471E-4,0.0066527994,2.3789797E-4,0.27222592,0.008507153,0.6527794,0.067494236,0.038497247,0.06664557,0.018821761,0.015383985,null,null,null,null,"TWOGAUSSIANS",8,10.554253,0.110252686,1.3839471E-4,0.03725568,0.0013322287,0.27222592,0.008507127,0.6527794,0.067494236,0.21558458,0.25467083,0.018821761,0.01538401
375316653866487564,5881585050453688320,0.5177936,2098.374932629385,0.24409150246700845,3.4757548E-5,17.480154,0.0028231945,0.24700165,0.0015721209,0.021811249,0.002743381,0.13972709,0.017128285,null,null,null,null,null,null,0.017817931,0.0034069167,0.24700165,0.0015721209,"ONEGAUSSIAN_WITH_ELLIPSOIDAL",6,3.0930583,0.24700165,0.0015721209,0.12214299,0.015362934,0.17536294,0.017357588,null,null,null,null,null,null
375316653866487564,5881585698989581056,0.5025881,2093.7853596151494,2.571079525494849,1.5616779E-5,17.640825,0.01668296,0.2802216,0.0053120838,0.08039191,0.010649271,0.4593889,0.044496644,0.78283554,0.005006684,0.08056159,0.0064195124,0.44889703,0.039115883,null,null,null,null,"TWOGAUSSIANS",8,39.81091,0.2802216,0.0053120838,0.4,0.0,0.45245957,0.04729019,0.78283554,0.005006684,0.4,0.0,0.4419677,0.03964056
375316653866487564,5881585870788416512,0.48396742,2138.528842989491,2.5820615577934447,2.6840773E-5,19.38098,0.04022781,0.27836546,0.008328874,0.09202512,0.019237325,0.3715343,0.08857307,0.7783891,0.018221078,0.08340294,0.018929748,0.34032422,0.045174804,null,null,null,null,"TWOGAUSSIANS",8,4.085438,0.27836546,0.008328874,0.4,0.0,0.35928163,0.092118934,0.7783891,0.018221078,0.4,0.0,0.32807186,0.040066298
375316653866487564,5881587386919573632,0.44242007,2169.0078132812446,1.826008958032084,4.1575084E-5,19.6167,0.023045966,0.35682213,0.011291702,0.062822804,0.0141958445,0.59700006,0.10761925,0.84924805,0.014910884,0.06567114,0.023442859,0.24192666,0.037977703,null,null,null,null,"TWOGAUSSIANS",8,7.77388,0.35682213,0.011291702,0.35180768,0.078253604,0.5966947,0.10805198,0.84924805,0.014910884,0.36775836,0.12902656,0.2416213,0.037803184
375316653866487564,5881587558718504960,0.555456,2124.7944522011235,0.7836481870212567,4.6925696E-5,17.645428,0.0021172578,0.5903197,0.0021892402,0.030371737,0.0019274462,0.20619224,0.019721935,null,null,null,null,null,null,null,null,null,null,"ONEGAUSSIAN",5,2.9996748,0.5903197,0.0021892402,0.17008172,0.010793699,0.20619224,0.0,null,null,null,null,null,null
375316653866487564,5881587627437961984,0.4623847,2101.4105546360597,2.9619598928303597,3.7284193E-5,18.682678,0.0040830653,null,null,null,null,null,null,null,null,null,null,null,null,0.052792497,0.0063200695,0.2701168,0.007461148,"ELLIPSOIDAL",4,2.7472758,null,null,null,null,null,null,null,null,null,null,null,null
375316653866487564,5881588207250655232,0.43195665,2133.7428453762227,3.4224942659438726,1.3836945E-4,19.455872,0.008440727,0.20023216,0.015122995,0.03193113,0.024842469,0.09060887,0.2134843,0.7920232,0.016533319,0.027183324,0.009565729,0.04084827,0.023658935,0.053748358,0.010717824,0.7920232,0.016533319,"TWOGAUSSIANS_WITH_ELLIPSOIDAL_ON_ECLIPSE2",9,3.5031397,0.20704217,0.016692134,0.17881432,0.13911784,0.1682241,0.21097998,0.7920232,0.016533319,0.15222663,0.053568084,0.14834456,0.020962693
