Gaia/vari_eclipsing_binary/VariEclipsingBinary_462755-462768.csv
# %ECSV 1.0
# ---
# delimiter: ','
# meta: !!omap
# - RELEASE: Gaia DR3
# - TABLE: vari_eclipsing_binary
# - DESCRIPTION: >
#     This table describes the properties of the eclipsing binaries resulting from the variability analysis. 
# - CITATION: >
#     How to cite and acknowledge Gaia: 
#     https://gea.esac.esa.int/archive/documentation/credits.html 
# - KNOWN_ISSUES: >
#     Known issues: 
#     https://www.cosmos.esa.int/web/gaia-users/known-issues 
# - DOCUMENTATION: >
#     Tutorials and documentation: 
#     https://www.cosmos.esa.int/web/gaia-users/archive 
# datatype:
# - 
#   name: solution_id
#   datatype: int64
#   description: Solution Identifier
#   meta:
#     ucd: meta.version
# - 
#   name: source_id
#   datatype: int64
#   description: Unique source identifier
#   meta:
#     ucd: meta.id;meta.main
# - 
#   name: global_ranking
#   datatype: float32
#   description: Number between 0 (worst) and 1 (best)
#   meta:
#     ucd: stat.param
# - 
#   name: reference_time
#   datatype: float64
#   unit: d
#   description: Reference time used for the geometric model fit
#   meta:
#     ucd: time.epoch
# - 
#   name: frequency
#   datatype: float64
#   unit: d**-1
#   description: Frequency of geometric model of the eclipsing binary light curve
#   meta:
#     ucd: src.orbital
# - 
#   name: frequency_error
#   datatype: float32
#   unit: d**-1
#   description: "Uncertainty of \\texttt{frequency}"
#   meta:
#     ucd: stat.error
# - 
#   name: geom_model_reference_level
#   datatype: float32
#   unit: mag
#   description: Magnitude reference level of geometric model
#   meta:
#     ucd: phot.mag;em.opt
# - 
#   name: geom_model_reference_level_error
#   datatype: float32
#   unit: mag
#   description: "Uncertainty of \\texttt{geomModelReferenceLevel}"
#   meta:
#     ucd: stat.error;phot.mag;em.opt
# - 
#   name: geom_model_gaussian1_phase
#   datatype: float32
#   description: Phase of the Gaussian 1 component
#   meta:
#     ucd: time.phase
# - 
#   name: geom_model_gaussian1_phase_error
#   datatype: float32
#   description: "Uncertainty of \\texttt{geomModelGaussian1Phase}"
#   meta:
#     ucd: stat.error;time.phase
# - 
#   name: geom_model_gaussian1_sigma
#   datatype: float32
#   description: "Standard deviation [phase] of Gaussian 1 component"
#   meta:
#     ucd: stat.stdev
# - 
#   name: geom_model_gaussian1_sigma_error
#   datatype: float32
#   description: "Uncertainty of \\texttt{geomModelGaussian1Sigma}"
#   meta:
#     ucd: stat.error
# - 
#   name: geom_model_gaussian1_depth
#   datatype: float32
#   unit: mag
#   description: Magnitude depth of Gaussian 1 component
#   meta:
#     ucd: src.var.amplitude
# - 
#   name: geom_model_gaussian1_depth_error
#   datatype: float32
#   unit: mag
#   description: "Uncertainty of \\texttt{geomModelGaussian1Depth}"
#   meta:
#     ucd: stat.error;src.var.amplitude
# - 
#   name: geom_model_gaussian2_phase
#   datatype: float32
#   description: Phase of Gaussian 2 component
#   meta:
#     ucd: time.phase
# - 
#   name: geom_model_gaussian2_phase_error
#   datatype: float32
#   description: "Uncertainty of \\texttt{geomModelGaussian2Phase}"
#   meta:
#     ucd: stat.error;time.phase
# - 
#   name: geom_model_gaussian2_sigma
#   datatype: float32
[...]
#   datatype: float32
#   description: "Secondary eclipse: uncertainty of \\texttt{derivedSecondaryEclDuration}"
#   meta:
#     ucd: stat.error;time.duration
# - 
#   name: derived_secondary_ecl_depth
#   datatype: float32
#   unit: mag
#   description: "Secondary eclipse: depth"
#   meta:
#     ucd: src.var.amplitude
# - 
#   name: derived_secondary_ecl_depth_error
#   datatype: float32
#   unit: mag
#   description: "Secondary eclipse: uncertainty of \\texttt{derivedSecondaryEclDepth}"
#   meta:
#     ucd: stat.error;src.var.amplitude
solution_id,source_id,global_ranking,reference_time,frequency,frequency_error,geom_model_reference_level,geom_model_reference_level_error,geom_model_gaussian1_phase,geom_model_gaussian1_phase_error,geom_model_gaussian1_sigma,geom_model_gaussian1_sigma_error,geom_model_gaussian1_depth,geom_model_gaussian1_depth_error,geom_model_gaussian2_phase,geom_model_gaussian2_phase_error,geom_model_gaussian2_sigma,geom_model_gaussian2_sigma_error,geom_model_gaussian2_depth,geom_model_gaussian2_depth_error,geom_model_cosine_half_period_amplitude,geom_model_cosine_half_period_amplitude_error,geom_model_cosine_half_period_phase,geom_model_cosine_half_period_phase_error,model_type,num_model_parameters,reduced_chi2,derived_primary_ecl_phase,derived_primary_ecl_phase_error,derived_primary_ecl_duration,derived_primary_ecl_duration_error,derived_primary_ecl_depth,derived_primary_ecl_depth_error,derived_secondary_ecl_phase,derived_secondary_ecl_phase_error,derived_secondary_ecl_duration,derived_secondary_ecl_duration_error,derived_secondary_ecl_depth,derived_secondary_ecl_depth_error
[from data line 485]
375316653866487564,4070534024840478464,0.5766827,2477.41568391268,0.010170448161215335,4.572984E-5,18.564032,0.007219279,0.14640419,1.373193E-4,0.0015286199,1.6103812E-4,1.151008,0.19560042,0.5739207,0.013236409,0.070806846,0.042646714,0.11095761,7.6415753,0.03070134,0.013209564,0.5739207,0.013236409,"TWOGAUSSIANS_WITH_ELLIPSOIDAL_ON_ECLIPSE2",9,5.37627,0.14640419,1.373193E-4,0.008560271,9.0181344E-4,1.2003247,0.19809705,0.5739207,0.013236409,0.39651832,0.22460426,0.17215344,7.640643
375316653866487564,4070534368438719872,0.554144,2481.218973176174,0.4826636602624385,7.3740825E-6,19.10029,0.008125931,0.22945188,0.0039949813,0.063687965,0.009943231,0.13640985,0.018816395,0.7290165,0.0034394977,0.048742123,0.0031700598,0.4779861,0.018812088,null,null,null,null,"TWOGAUSSIANS",8,1.9077358,0.7290165,0.0034394977,0.2729559,0.017752334,0.4779632,0.018803475,0.22945188,0.0039949813,0.3566526,0.055682093,0.13638696,0.01884814
375316653866487564,4070534368438730752,0.4623288,2518.3587351817855,1.9685945750316816,1.658151E-4,19.77864,0.017905438,0.31600216,0.0122529585,0.06934519,0.011974601,0.53473926,0.032010864,0.67937934,0.005559859,0.018036403,0.010973137,0.2841938,0.14440718,null,null,null,null,"TWOGAUSSIANS",8,3.8303514,0.31600216,0.0122529585,0.38833308,0.041066322,0.53473926,0.032010864,0.67937934,0.005559859,0.101003855,0.061449565,0.2841944,0.1444075
375316653866487564,4070534677675632384,0.5111975,2432.560295775365,3.4641223610807512,2.0133835E-5,19.836123,0.023174724,0.2631967,0.010254864,0.07844086,0.010370846,0.48942554,0.03340409,0.7536784,0.0047152615,0.07351764,0.009810841,0.42596132,0.033936113,null,null,null,null,"TWOGAUSSIANS",8,2.0732553,0.2631967,0.010254864,0.4,0.0,0.4861143,0.032293025,0.7536784,0.0047152615,0.4,0.020341046,0.42265007,0.034457188
375316653866487564,4070534677675727872,0.57494885,2471.651976419359,2.772794680905217,1.3497348E-5,18.820345,0.018488768,0.21609555,0.004232632,0.087211326,0.0050226967,0.48203462,0.021865929,0.72259873,0.0036511575,0.08632514,0.0057841022,0.48704392,0.01970876,null,null,null,null,"TWOGAUSSIANS",8,2.8083165,0.72259873,0.0036511575,0.4,0.0,0.47335136,0.014929441,0.21609555,0.004232632,0.4,0.0,0.46834204,0.018913634
375316653866487564,4070534780755398016,0.46384537,2432.4779540424665,0.4168405596342761,9.329816E-5,19.346653,0.00832286,0.24530837,0.020085048,0.041906167,0.014449521,0.16855766,0.2541945,0.7531835,0.006992286,0.03385967,0.003780809,0.6769343,0.14390618,null,null,null,null,"TWOGAUSSIANS",8,3.1145632,0.7531835,0.006992286,0.18961415,0.021172531,0.6769343,0.14390618,0.24530837,0.020085048,0.23467454,0.08091731,0.16855766,0.2541945
375316653866487564,4070535296156364544,0.54027694,2454.0166915580417,1.6409474357747658,1.865785E-5,19.760738,0.011495431,0.25071648,0.0044446276,0.07289584,0.005054832,0.37354377,0.012014996,0.75548804,0.0054024346,0.07206698,0.0056571024,0.45684868,0.034872282,null,null,null,null,"TWOGAUSSIANS",8,1.4643636,0.75548804,0.0054024346,0.4,0.014863433,0.45492652,0.03500735,0.25071648,0.0044446276,0.4,0.0051366733,0.37162158,0.011226455
375316653866487564,4070535777186202624,0.51908976,2321.4527420900113,0.7746605542048494,1.829212E-5,18.024576,0.02781801,0.23064592,0.0077863256,0.10572788,0.019671421,0.19394536,0.024942998,0.70516104,0.009836678,0.09112833,0.012827456,0.30157164,0.0342296,null,null,null,null,"TWOGAUSSIANS",8,5.745358,0.70516104,0.009836678,0.4,0.0,0.2882175,0.016947819,0.23064592,0.00778632,0.4,0.0,0.18058261,0.014554247
375316653866487564,4070536155171881088,0.5081503,2427.4461510784336,3.2358285443990336,3.1658365E-5,17.821066,0.0033083917,null,null,null,null,null,null,null,null,null,null,null,null,0.08660816,0.0043088556,0.22956604,0.004665901,"ELLIPSOIDAL",4,7.6838775,null,null,null,null,null,null,null,null,null,null,null,null
375316653866487564,4070536876698884608,0.49341485,2401.1675352298817,1.7773991672283005,3.4440956E-5,19.405754,0.017473975,0.29684162,0.011791512,0.08767736,0.016598277,0.32210997,0.036788248,0.80329514,0.009203007,0.080734715,0.014501372,0.18620528,0.02061066,null,null,null,null,"TWOGAUSSIANS",8,2.010793,0.29684162,0.011791512,0.4,0.0,0.31674752,0.039068647,0.80329514,0.009203007,0.4,0.0,0.18084289,0.018781342
375316653866487564,4070537014143721984,0.50323284,2427.54598960744,0.3826388047101712,2.9758985E-5,19.569805,0.025974952,0.30192417,0.015933814,0.04105459,0.027718624,1.3650812,0.9867111,0.7934439,0.015143683,0.034259126,0.011529149,0.25662905,0.07597032,null,null,null,null,"TWOGAUSSIANS",8,7.925156,0.30192417,0.015933814,0.22990571,0.1552243,1.3650812,0.9867131,0.7934439,0.015143683,0.19185111,0.06456323,0.25662905,0.07596985
375316653866487564,4070537357736076928,0.4375965,2496.5181544017973,1.9684505475070513,1.175869E-4,19.26867,0.03158318,0.3025291,0.010213231,0.06751769,0.014289245,0.2993054,0.047642373,0.67498654,0.06903558,0.10539194,0.09433821,0.079204075,0.029463965,null,null,null,null,"TWOGAUSSIANS",8,5.080482,0.30260912,0.009810823,0.37809908,0.058837596,0.29911134,0.047329403,0.67498654,0.06903558,0.4,0.0,0.07885618,0.024475487
375316653866487564,4070537357736090496,0.4419689,2491.5824247045557,1.0008419375096775,1.473947E-5,19.470737,0.005199681,0.30378008,0.02400488,0.025497926,0.016478388,0.13845547,0.12404116,0.63026834,0.002156658,0.031019555,0.002163555,0.22333817,0.017511122,null,null,null,null,"TWOGAUSSIANS",8,2.3435616,0.63026834,0.002156658,0.17370951,0.012115908,0.22333817,0.017511122,0.30378008,0.02400488,0.14278838,0.09227897,0.13845547,0.12404116
375316653866487564,4070537357736252672,0.4537784,2459.6219270968895,0.9170125932035506,4.149941E-5,18.645441,0.3249782,0.26252964,0.0092434175,0.10808005,0.037292857,0.24010089,0.20119853,0.77445585,0.012172307,0.17171103,0.1370582,0.2152041,0.32191503,null,null,null,null,"TWOGAUSSIANS",8,5.5143175,0.26153964,0.0083683515,0.4,0.0,0.16561936,0.020380309,0.7744858,0.012098588,0.4,0.0,0.13440908,0.014518804
375316653866487564,4070537392096233728,0.48114696,2448.984829736286,2.2196700969696934,2.8185554E-5,19.253956,0.15536775,0.18924144,0.008669391,0.10715938,0.045560878,0.250246,0.14742248,0.6846646,0.007527183,0.114392474,0.045946512,0.20546313,0.14966622,null,null,null,null,"TWOGAUSSIANS",8,2.1759908,0.18925144,0.00872643,0.4,0.0,0.21656549,0.018587744,0.6846646,0.007527541,0.4,0.0,0.17176259,0.019788291
375316653866487564,4070537456474490240,0.5033936,2475.9680427925173,2.095035243562252,2.7724804E-5,18.810831,0.11635012,0.2277468,0.0054918644,0.12822774,0.04059411,0.24716769,0.11037817,0.7295025,0.0053150277,0.11306485,0.031075547,0.2582448,0.10638809,null,null,null,null,"TWOGAUSSIANS",8,1.9154837,0.7295225,0.0053462633,0.4,0.0,0.20059429,0.026938954,0.2277468,0.005522012,0.4,0.0,0.18929935,0.020498594
375316653866487564,4070537971846157440,0.54154456,2433.948701672638,0.3769529712591952,4.6696314E-5,17.45146,0.0022009388,0.21273272,0.008094686,0.030824294,0.0251983,0.31821698,0.283442,0.7057899,9.5949776E-4,0.023669267,0.0011436219,0.3200276,0.024648402,null,null,null,null,"TWOGAUSSIANS",8,3.8112123,0.7057899,9.5949776E-4,0.1325479,0.0064042825,0.3200276,0.024648402,0.21273272,0.008094686,0.17261605,0.14111048,0.31821698,0.283442
375316653866487564,4070537976211729664,0.458648,2474.4346199767638,1.9685733075651266,6.713907E-5,19.009262,0.005163344,0.12886484,0.013009864,0.024164785,0.0098747965,0.05398467,0.024643067,0.77605945,0.013008689,0.069759436,0.009085522,0.184388,0.01354233,null,null,null,null,"TWOGAUSSIANS",8,2.6461554,0.77605945,0.013008689,0.39065284,0.04248099,0.184388,0.01354233,0.12886484,0.013009864,0.1353228,0.05529886,0.053985186,0.024643384
375316653866487564,4070538216730381824,0.52651596,2497.200226628422,0.8143557743337178,2.1105832E-5,19.65472,0.020493776,0.2963214,0.012276967,0.12406582,0.023060713,0.15150577,0.018897759,0.7681849,0.0063605513,0.08296279,0.007961973,0.37756276,0.02567764,null,null,null,null,"TWOGAUSSIANS",8,1.1747991,0.7681849,0.0063605513,0.4,0.0,0.36172944,0.022398515,0.2963214,0.012276967,0.4,0.0,0.13554543,0.011091469
375316653866487564,4070538697792863616,0.53215337,2475.3797509592837,1.7388052679746084,1.1675333E-5,19.602028,0.009762641,0.29205346,0.002068162,0.076520495,0.00227533,0.5293562,0.010648896,0.8022591,0.0026723433,0.075369574,0.0074484465,0.49783242,0.040724594,null,null,null,null,"TWOGAUSSIANS",8,1.3362654,0.29205346,0.002068162,0.4,0.0,0.52571356,0.0095037,0.8022591,0.0026723433,0.4,0.011193137,0.49418977,0.042370714
375316653866487564,4070539041364810880,0.5134624,2497.2966768016327,0.11859779458328384,1.4541967E-5,19.578026,0.01193742,0.5702824,0.035302155,0.026012227,0.013121422,0.7881364,0.69866264,0.92956775,0.0023505196,0.021863485,0.0029033648,0.99248284,0.3691551,null,null,null,null,"TWOGAUSSIANS",8,5.0529866,0.92956775,0.0023505196,0.12243551,0.016258843,0.99248284,0.3691551,0.5702824,0.035302155,0.14566848,0.073479965,0.7881364,0.69866264
375316653866487564,4070539041364944896,0.47436866,2445.437173455238,0.5357979087980929,9.564193E-6,19.885687,0.007232303,0.51938134,4.677195E-4,0.03705664,0.0010970089,0.25188813,0.0076903463,0.8542006,0.018185824,0.021033445,0.005452374,0.46268985,0.3260806,null,null,null,null,"TWOGAUSSIANS",8,1.9898784,0.8542006,0.018185824,0.117787294,0.030533293,0.46268985,0.3260806,0.51938134,4.677195E-4,0.20751719,0.0061432505,0.25188813,0.0076903463
375316653866487564,4070539247523595392,0.5360575,2481.587562552554,1.010099812638565,5.4553882E-5,19.46745,0.008093149,0.24374153,0.0078111924,0.049075544,0.0044203657,0.5183784,0.02993776,0.74156153,0.015960433,0.07944275,0.01324645,0.12789102,0.016376842,null,null,null,null,"TWOGAUSSIANS",8,1.6101905,0.24374153,0.0078111924,0.27482304,0.024754047,0.5181788,0.029842537,0.74156153,0.015960433,0.4,0.0015041789,0.12769145,0.016408117
375316653866487564,4070539522399682944,0.52296174,2438.693415060403,2.9180414133774746,3.0620813E-5,19.592588,0.03940755,0.26418063,0.013199514,0.11318188,0.022091566,0.22317684,0.039384786,0.7463712,0.0064503327,0.109103285,0.018828066,0.24109659,0.03784758,null,null,null,null,"TWOGAUSSIANS",8,0.85965043,0.7463712,0.0064503327,0.4,0.0,0.21039833,0.009347423,0.26420063,0.013198226,0.4,0.0,0.1924636,0.017392166
375316653866487564,4070539694225097856,0.6555198,2423.824856944796,2.1927298699787325,4.2649503E-6,10.396221,0.0050799605,0.2529251,0.0011306491,0.10439418,0.0026663495,0.20268558,0.004942094,0.7511879,9.949497E-4,0.114620574,0.0029966182,0.18905352,0.004771055,null,null,null,null,"TWOGAUSSIANS",8,19.510115,0.2529251,0.0011372847,0.4,0.0,0.17442594,0.002493552,0.7511879,9.949497E-4,0.4,0.0,0.16077018,0.0015135745
375316653866487564,4070539728563348352,0.54079753,2468.1484112082267,0.9458842693449349,4.2259355E-5,19.287066,0.097904526,0.22433908,0.005803643,0.09190633,0.0111333,0.47918808,0.07770776,0.7657001,0.011795658,0.15902345,0.048214443,0.2387689,0.09726814,null,null,null,null,"TWOGAUSSIANS",8,2.040463,0.22339909,0.0049101245,0.4,0.0,0.42818907,0.02407185,0.7657101,0.0117848655,0.4,0.0,0.18329015,0.02525308
375316653866487564,4070539865997930496,0.4264516,2422.371269490591,2.1287816236393873,5.5023E-5,19.455797,0.037369743,0.11076497,0.010206611,0.035324417,0.015487218,0.32645088,0.13001378,0.61616194,0.01608118,0.10267178,0.02265608,0.3299846,0.07835588,null,null,null,null,"TWOGAUSSIANS",8,19.140469,0.61616194,0.01608118,0.4,0.0,0.32927966,0.07932586,0.11076497,0.010206611,0.19781674,0.086728424,0.3257508,0.13080014
375316653866487564,4070539969076333440,0.54618067,2396.794392316494,2.3079471596787213,1.0036739E-5,18.679716,0.010539807,0.29176438,0.0029680897,0.0844741,0.0056244126,0.3208127,0.010572919,0.78328294,0.0049191075,0.08479856,0.005723031,0.3464743,0.014291663,null,null,null,null,"TWOGAUSSIANS",8,3.4380634,0.78328294,0.0049191075,0.4,0.0,0.33915356,0.013408077,0.29176438,0.0029680897,0.4,0.0,0.313492,0.009944754
375316653866487564,4070541064222921216,0.47652605,2387.199730122953,0.5374124819696249,7.441173E-5,18.048862,0.008486034,0.31096998,0.026158025,0.04571545,0.025275378,0.2297758,0.09263976,0.6678149,0.038771987,0.115445256,0.057758175,0.038203962,0.010551282,null,null,null,null,"TWOGAUSSIANS",8,4.5222926,0.31104997,0.026009843,0.2560065,0.14154212,0.23005918,0.09330403,0.6678149,0.038771987,0.4,0.0,0.038165346,0.010379013
375316653866487564,4070541480931671168,0.4740595,2397.374624094391,0.9548990257286359,1.770791E-5,15.210149,0.0035380134,0.7548414,0.0054494916,0.034048542,0.005133842,0.05317628,0.00976943,null,null,null,null,null,null,0.039791178,0.00300761,0.7548414,0.0054494916,"ONEGAUSSIAN_WITH_ELLIPSOIDAL",6,75.3662,0.7548414,0.0054494916,0.19067185,0.028749516,0.13275856,0.008889257,null,null,null,null,null,null
375316653866487564,4070541515266454784,0.5003969,2385.1081730476753,0.6922685044334852,1.5267181E-4,19.71522,0.03156693,0.24772227,0.0049889446,0.047829557,0.0052855364,0.6918836,0.031064184,0.6641235,0.031127442,0.1651553,0.07505822,0.07314709,0.030347673,null,null,null,null,"TWOGAUSSIANS",8,2.8063855,0.24786228,0.004978484,0.2678455,0.029599003,0.6906981,0.031426657,0.6641235,0.031127442,0.4,0.0,0.06876952,0.024431935
375316653866487564,4070541579616045184,0.66938376,2349.628451513346,1.3820216433523875,3.0092062E-6,16.755293,0.003567527,0.30060267,0.0010636784,0.046160277,0.0034010254,0.22218756,0.01057051,0.8053858,0.0029774623,0.043344285,0.003935735,0.21146299,0.013995873,0.13331169,0.0064790454,0.30060267,0.0010636784,"TWOGAUSSIANS_WITH_ELLIPSOIDAL_ON_ECLIPSE1",9,7.6185184,0.30060267,0.0010636784,0.25849754,0.019045742,0.4888108,0.0065165637,0.8053858,0.0029774623,0.242728,0.022040118,0.4778455,0.016782483
375316653866487564,4070543061452502528,0.45378494,2409.0225264448336,3.9823525687000663,5.694646E-5,18.87281,0.005758653,0.34705427,0.008473917,0.04909899,0.006801785,0.16341563,0.014996318,0.6233053,0.033055324,0.035493705,0.017114466,0.10524027,0.098507,null,null,null,null,"TWOGAUSSIANS",8,2.6782832,0.34705427,0.008473917,0.27495435,0.038089998,0.16341563,0.014996318,0.6233053,0.033055324,0.19876476,0.09584101,0.10524029,0.09850705
375316653866487564,4070543233250452480,0.62108725,2334.7946723203722,2.2854657710839525,6.6081025E-6,18.587898,0.04546284,0.26401305,0.003259002,0.04587702,0.012945494,0.40170753,0.091251075,0.7768392,0.0058638826,0.0487913,0.011266845,0.3297047,0.12209464,0.23723814,0.07150683,0.26401305,0.003259002,"TWOGAUSSIANS_WITH_ELLIPSOIDAL_ON_ECLIPSE1",9,5.300877,0.26401305,0.003259002,0.2569113,0.07249476,0.87618124,0.08459824,0.7768392,0.0058638826,0.27323127,0.06309433,0.80110353,0.051351972
375316653866487564,4070543439437727488,0.45559546,2301.4229342112185,2.1747895250991016,3.425378E-5,17.17084,0.023559315,0.3039087,0.025003027,0.044562075,0.0147504015,0.33724004,0.05872757,0.8327748,0.00799512,0.076824546,0.012645189,0.3601669,0.0756037,null,null,null,null,"TWOGAUSSIANS",8,71.87945,0.8327748,0.00799512,0.4,0.025567116,0.36011574,0.075587444,0.3039087,0.025003027,0.24954762,0.08260225,0.33718887,0.05825511
375316653866487564,4070543954803854464,0.49336928,2277.459791349557,1.0935256516990242,7.8932186E-5,18.99645,0.0062903254,0.18872195,0.0033216982,0.015373215,0.0028566695,0.047514636,0.008036959,0.6906634,3.1169906E-4,0.049333673,0.00442315,0.50254077,0.043395273,null,null,null,null,"TWOGAUSSIANS",8,3.7663767,0.6906634,3.1169906E-4,0.27626857,0.02476964,0.50254077,0.043395273,0.18872195,0.0033216982,0.086090006,0.015997348,0.047514636,0.008036959
375316653866487564,4070544362750628480,0.5475345,2307.55184810383,0.284626164421661,3.2080185E-5,12.886547,6.6470145E-4,0.1605489,0.0011164987,0.007894894,6.062555E-4,0.0946765,0.008967093,0.57924545,0.007680894,0.053150404,0.011340082,0.17218003,0.23494443,null,null,null,null,"TWOGAUSSIANS",8,21.620777,0.57924545,0.007680894,0.29764226,0.06350446,0.17218003,0.23494443,0.1605489,0.0011164987,0.044211406,0.0033950307,0.0946765,0.008967093
