Gaia/vari_eclipsing_binary/VariEclipsingBinary_491563-491829.csv
# %ECSV 1.0
# ---
# delimiter: ','
# meta: !!omap
# - RELEASE: Gaia DR3
# - TABLE: vari_eclipsing_binary
# - DESCRIPTION: >
#     This table describes the properties of the eclipsing binaries resulting from the variability analysis. 
# - CITATION: >
#     How to cite and acknowledge Gaia: 
#     https://gea.esac.esa.int/archive/documentation/credits.html 
# - KNOWN_ISSUES: >
#     Known issues: 
#     https://www.cosmos.esa.int/web/gaia-users/known-issues 
# - DOCUMENTATION: >
#     Tutorials and documentation: 
#     https://www.cosmos.esa.int/web/gaia-users/archive 
# datatype:
# - 
#   name: solution_id
#   datatype: int64
#   description: Solution Identifier
#   meta:
#     ucd: meta.version
# - 
#   name: source_id
#   datatype: int64
#   description: Unique source identifier
#   meta:
#     ucd: meta.id;meta.main
# - 
#   name: global_ranking
#   datatype: float32
#   description: Number between 0 (worst) and 1 (best)
#   meta:
#     ucd: stat.param
# - 
#   name: reference_time
#   datatype: float64
#   unit: d
#   description: Reference time used for the geometric model fit
#   meta:
#     ucd: time.epoch
# - 
#   name: frequency
#   datatype: float64
#   unit: d**-1
#   description: Frequency of geometric model of the eclipsing binary light curve
#   meta:
#     ucd: src.orbital
# - 
#   name: frequency_error
#   datatype: float32
#   unit: d**-1
#   description: "Uncertainty of \\texttt{frequency}"
#   meta:
#     ucd: stat.error
# - 
#   name: geom_model_reference_level
#   datatype: float32
#   unit: mag
#   description: Magnitude reference level of geometric model
#   meta:
#     ucd: phot.mag;em.opt
# - 
#   name: geom_model_reference_level_error
#   datatype: float32
#   unit: mag
#   description: "Uncertainty of \\texttt{geomModelReferenceLevel}"
#   meta:
#     ucd: stat.error;phot.mag;em.opt
# - 
#   name: geom_model_gaussian1_phase
#   datatype: float32
#   description: Phase of the Gaussian 1 component
#   meta:
#     ucd: time.phase
# - 
#   name: geom_model_gaussian1_phase_error
#   datatype: float32
#   description: "Uncertainty of \\texttt{geomModelGaussian1Phase}"
#   meta:
#     ucd: stat.error;time.phase
# - 
#   name: geom_model_gaussian1_sigma
#   datatype: float32
#   description: "Standard deviation [phase] of Gaussian 1 component"
#   meta:
#     ucd: stat.stdev
# - 
#   name: geom_model_gaussian1_sigma_error
#   datatype: float32
#   description: "Uncertainty of \\texttt{geomModelGaussian1Sigma}"
#   meta:
#     ucd: stat.error
# - 
#   name: geom_model_gaussian1_depth
#   datatype: float32
#   unit: mag
#   description: Magnitude depth of Gaussian 1 component
#   meta:
#     ucd: src.var.amplitude
# - 
#   name: geom_model_gaussian1_depth_error
#   datatype: float32
#   unit: mag
#   description: "Uncertainty of \\texttt{geomModelGaussian1Depth}"
#   meta:
#     ucd: stat.error;src.var.amplitude
# - 
#   name: geom_model_gaussian2_phase
#   datatype: float32
#   description: Phase of Gaussian 2 component
#   meta:
#     ucd: time.phase
# - 
#   name: geom_model_gaussian2_phase_error
#   datatype: float32
#   description: "Uncertainty of \\texttt{geomModelGaussian2Phase}"
#   meta:
#     ucd: stat.error;time.phase
# - 
#   name: geom_model_gaussian2_sigma
#   datatype: float32
[...]
#   datatype: float32
#   description: "Secondary eclipse: uncertainty of \\texttt{derivedSecondaryEclDuration}"
#   meta:
#     ucd: stat.error;time.duration
# - 
#   name: derived_secondary_ecl_depth
#   datatype: float32
#   unit: mag
#   description: "Secondary eclipse: depth"
#   meta:
#     ucd: src.var.amplitude
# - 
#   name: derived_secondary_ecl_depth_error
#   datatype: float32
#   unit: mag
#   description: "Secondary eclipse: uncertainty of \\texttt{derivedSecondaryEclDepth}"
#   meta:
#     ucd: stat.error;src.var.amplitude
solution_id,source_id,global_ranking,reference_time,frequency,frequency_error,geom_model_reference_level,geom_model_reference_level_error,geom_model_gaussian1_phase,geom_model_gaussian1_phase_error,geom_model_gaussian1_sigma,geom_model_gaussian1_sigma_error,geom_model_gaussian1_depth,geom_model_gaussian1_depth_error,geom_model_gaussian2_phase,geom_model_gaussian2_phase_error,geom_model_gaussian2_sigma,geom_model_gaussian2_sigma_error,geom_model_gaussian2_depth,geom_model_gaussian2_depth_error,geom_model_cosine_half_period_amplitude,geom_model_cosine_half_period_amplitude_error,geom_model_cosine_half_period_phase,geom_model_cosine_half_period_phase_error,model_type,num_model_parameters,reduced_chi2,derived_primary_ecl_phase,derived_primary_ecl_phase_error,derived_primary_ecl_duration,derived_primary_ecl_duration_error,derived_primary_ecl_depth,derived_primary_ecl_depth_error,derived_secondary_ecl_phase,derived_secondary_ecl_phase_error,derived_secondary_ecl_duration,derived_secondary_ecl_duration_error,derived_secondary_ecl_depth,derived_secondary_ecl_depth_error
[from data line 74]
375316653866487564,4324263306587076096,0.6474791,2144.54144075494,0.041928918344864716,4.441524E-6,17.62112,0.0015987336,0.3874501,0.0041487194,0.050952733,0.01809577,0.087801695,0.24167342,0.8450043,6.1192504E-6,0.0016591848,8.872968E-6,0.60272324,0.001602044,null,null,null,null,"TWOGAUSSIANS",8,2.0721738,0.8450043,6.1192504E-6,0.009291435,4.968862E-5,0.60272324,0.001602044,0.3874501,0.0041487194,0.2853353,0.101336315,0.087801695,0.24167342
375316653866487564,4324266635181328000,0.6111178,2114.465816335974,3.2608874061045605,6.262915E-6,18.609764,0.0075239963,0.2167554,0.0012059029,0.050235868,0.0028446454,0.33888605,0.018966427,0.7239069,0.0021745104,0.045395613,0.0036519093,0.2390277,0.017990407,0.13075379,0.010826195,0.2167554,0.0012059029,"TWOGAUSSIANS_WITH_ELLIPSOIDAL_ON_ECLIPSE1",9,2.474622,0.2167554,0.0012059029,0.28132084,0.015930016,0.60039157,0.0128491605,0.7239069,0.0021745104,0.25421542,0.020450693,0.50000554,0.011724439
375316653866487564,4324268421887784064,0.605872,2128.6192826093625,2.8194067595731296,1.0018424E-5,18.113798,0.010130813,0.17938109,0.0012178498,0.05472576,0.0031413126,0.3305194,0.02290343,0.6808833,0.003335052,0.04845661,0.004271171,0.2841845,0.024152156,0.10031162,0.013764286,0.17938109,0.0012178498,"TWOGAUSSIANS_WITH_ELLIPSOIDAL_ON_ECLIPSE1",9,4.5498996,0.17938109,0.0012178498,0.30646425,0.017591352,0.5311326,0.009733676,0.6808833,0.003335052,0.271357,0.023918558,0.48477975,0.008798867
375316653866487564,4324271067589000448,0.48161656,2127.082857171339,3.615605038532098,1.0675349E-5,19.458044,0.013428072,0.14774115,0.004035267,0.068329126,0.0066926023,0.40080148,0.021688947,0.63376725,0.004652273,0.08150559,0.0072306152,0.36029434,0.028673405,null,null,null,null,"TWOGAUSSIANS",8,2.5131543,0.14774115,0.004035267,0.3826431,0.034349672,0.3987045,0.021866634,0.63376725,0.004652273,0.4,0.0,0.3581974,0.029077992
375316653866487564,4324271720422700672,0.48978078,2135.339838023689,4.04972741792303,2.4591915E-5,19.686302,0.021442754,0.31270528,0.0053106407,0.076593526,0.0101755215,0.30653134,0.022891246,0.8151971,0.010846226,0.07161638,0.015635291,0.2708668,0.042360257,null,null,null,null,"TWOGAUSSIANS",8,2.3612514,0.31270528,0.0053106407,0.4,0.012252825,0.30468926,0.021437444,0.8151971,0.010846226,0.4,0.06797558,0.26902473,0.04286389
375316653866487564,4324287461477884032,0.43026853,2163.096328979919,1.2359756906051684,6.097382E-5,16.83557,0.018563047,0.25206608,0.013533905,0.13885681,0.02743369,0.13531567,0.02079157,0.74523145,0.008131316,0.06374968,0.019553559,0.059088804,0.016080938,null,null,null,null,"TWOGAUSSIANS",8,8.972721,0.25206608,0.013533905,0.4,0.0,0.126808,0.018952047,0.74523145,0.008131316,0.35699818,0.106805235,0.051000997,0.007892051
375316653866487564,4324292959041735680,0.64646614,2144.800433181301,1.2771840304927953,4.5136367E-6,14.729632,0.0034258992,0.22448905,0.003312404,0.05080484,0.004891766,0.05225454,0.008294202,0.718863,7.15685E-4,0.060188316,0.0032381872,0.09420705,0.007829694,0.06529622,0.004688809,0.718863,7.15685E-4,"TWOGAUSSIANS_WITH_ELLIPSOIDAL_ON_ECLIPSE2",9,13.737975,0.718863,7.15685E-4,0.33705458,0.018133849,0.22478248,0.0031295924,0.22258906,0.0021010723,0.2845071,0.027393889,0.18272188,0.002514052
375316653866487564,4324304224735099264,0.51832545,2136.552724403303,3.503946945271801,2.2948809E-5,18.920822,0.02394525,0.28702393,0.0051207617,0.081746854,0.016318602,0.34168056,0.030506698,0.7964411,0.005776872,0.08483031,0.009787198,0.29965857,0.02913014,null,null,null,null,"TWOGAUSSIANS",8,3.2976778,0.28702393,0.0051207617,0.4,0.0,0.3357301,0.03810539,0.7964411,0.005776872,0.4,0.0,0.2937081,0.025094802
375316653866487564,4324307390129893888,0.52476,2155.2452161222086,1.949438395479236,1.5366932E-5,15.810576,0.18064612,0.21559983,0.004089226,0.20545359,0.10313943,0.15578814,0.178378,0.71070045,0.0038307214,0.14155345,0.024104146,0.15713143,0.11334081,null,null,null,null,"TWOGAUSSIANS",8,3.5295877,0.71070045,0.0038307214,0.4,0.0,0.06791296,0.0022017995,0.21611984,0.0037723582,0.4,0.0,0.05104322,0.002593419
375316653866487564,4324309898386019840,0.59189874,2146.9657151786496,3.7288500179353026,1.2742736E-5,19.135134,0.013159279,0.2366444,0.0023407072,0.047914844,0.0047274823,0.3164007,0.030786632,0.7375956,0.008218738,0.05074685,0.009283481,0.3954286,0.12514398,0.1313589,0.016965242,0.2366444,0.0023407072,"TWOGAUSSIANS_WITH_ELLIPSOIDAL_ON_ECLIPSE1",9,1.8447583,0.7375956,0.007940995,0.28418237,0.05198749,0.65813446,0.13162291,0.2366444,0.0023407072,0.26832312,0.0264739,0.579116,0.013310137
375316653866487564,4324322057439390208,0.51406676,2144.1931968090908,2.9932357079231346,1.5508203E-5,18.461716,0.01334213,0.2123385,0.004834205,0.088699564,0.009573215,0.25915942,0.014414948,0.7280095,0.007866962,0.08883634,0.008291603,0.27141756,0.021203121,null,null,null,null,"TWOGAUSSIANS",8,4.0467095,0.7280095,0.007866962,0.4,0.0,0.263608,0.018179927,0.2123385,0.004834205,0.4,0.0,0.25134987,0.014646278
375316653866487564,4324328688868631808,0.47880587,2166.0260468526094,0.7550302248284154,5.7567162E-5,18.874859,0.005502058,0.13996924,0.010353183,0.026587302,0.008488387,0.3134689,0.1538846,0.7704808,0.031699102,0.121327,0.020904554,0.046890706,0.011803246,null,null,null,null,"TWOGAUSSIANS",8,2.278001,0.13993925,0.010369052,0.14888889,0.047534965,0.31390303,0.15383616,0.7704808,0.031699102,0.4,0.0,0.0468705,0.011789855
375316653866487564,4324331609447165056,0.5994992,2136.8828095167028,3.037126982082718,5.962872E-6,18.097166,0.023310034,0.31514996,0.002004265,0.055855673,0.009499832,0.23784985,0.048868913,0.81508255,0.0015994492,0.049978286,0.0078373635,0.20893377,0.050067056,0.12217297,0.029914545,0.31514996,0.002004265,"TWOGAUSSIANS_WITH_ELLIPSOIDAL_ON_ECLIPSE1",9,3.2121074,0.31514996,0.002004265,0.31279176,0.053199057,0.48218438,0.028605793,0.81509256,0.0014204305,0.27987838,0.043889236,0.4532683,0.01382852
375316653866487564,4324338107735011968,0.5066445,2141.9971577192596,2.9415821036570016,1.8117511E-5,16.620544,0.3272421,0.16507277,0.0057841055,0.14407328,0.08633318,0.21713774,0.31366566,0.66785395,0.006406483,0.13526171,0.068539985,0.21362402,0.3021972,null,null,null,null,"TWOGAUSSIANS",8,19.134571,0.16498277,0.005714286,0.4,0.0,0.13237333,0.008595142,0.66799396,0.006167691,0.4,0.0,0.12945284,0.010268208
375316653866487564,4324339512187264896,0.5788381,2137.0899863759173,3.0931907143401496,1.192642E-5,17.286488,0.011892222,0.26572704,0.011163647,0.04813184,0.01315845,0.07643008,0.023532918,0.7925517,0.003168078,0.057959475,0.009298741,0.09282953,0.025876949,0.07461169,0.012686283,0.7925517,0.003168078,"TWOGAUSSIANS_WITH_ELLIPSOIDAL_ON_ECLIPSE2",9,5.569123,0.7925517,0.003168078,0.32457307,0.05207295,0.24204446,0.007850097,0.27278703,0.008309972,0.26953828,0.07368732,0.2225377,0.0137910275
375316653866487564,4324343394837764480,0.50745237,2103.488234668752,0.13209350600530856,2.2639435E-5,17.64166,0.0052906196,0.14441717,0.010870302,0.0088350605,0.004326219,0.7729057,2.376523,0.63142514,4.213555E-5,0.006447367,6.736134E-5,0.4641883,0.0053006904,null,null,null,null,"TWOGAUSSIANS",8,29.155056,0.14441717,0.010870302,0.04947634,0.024226828,0.7729057,2.376523,0.63142514,4.213555E-5,0.036105257,3.772235E-4,0.4641883,0.0053006904
375316653866487564,4324354978366834560,0.43852535,2168.3939639896003,0.856784815963004,5.8556572E-5,15.78765,0.009357214,0.27176073,0.015556268,0.08630898,0.03516949,0.044035796,0.00747859,0.7588695,0.015585042,0.09341164,0.02843992,0.0455454,0.008409383,null,null,null,null,"TWOGAUSSIANS",8,20.511024,0.7588695,0.015585042,0.4,0.0,0.044019237,0.0066776383,0.27176073,0.015556268,0.4,0.0,0.042509697,0.007680792
375316653866487564,4324355214587602432,0.5607423,2130.5234604443935,3.0052759946043013,1.948911E-5,12.993323,0.014029998,0.3324878,0.0028128908,0.1022458,0.006416834,0.2851779,0.013217795,0.835671,0.0025721753,0.09974894,0.0071493285,0.23003058,0.014105869,null,null,null,null,"TWOGAUSSIANS",8,144.70186,0.3324878,0.0028128908,0.4,0.0,0.2621567,0.0043829014,0.835671,0.0025721753,0.4,0.0,0.20701148,0.01165628
375316653866487564,4324372123876955136,0.46547782,2126.303070815456,4.111708735738628,3.978987E-5,18.519863,0.09103118,0.1955526,0.008537604,0.103950664,0.028965997,0.16003135,0.07710898,0.69351566,0.009708071,0.13338363,0.07312779,0.12900932,0.08252874,null,null,null,null,"TWOGAUSSIANS",8,2.4376318,0.19557261,0.008646566,0.4,0.0,0.13044824,0.015179952,0.69351566,0.009708071,0.4,0.0,0.099199645,0.011834811
375316653866487564,4324382431797947264,0.64197665,2141.274669168964,2.862889515266712,6.3375473E-6,15.140913,0.005513454,0.29785487,0.0011697976,0.040438037,0.0022517487,0.407856,0.024011254,0.8025571,0.001259695,0.04357644,0.0015060891,0.49427193,0.017173555,0.1386665,0.008192515,0.8025571,0.001259695,"TWOGAUSSIANS_WITH_ELLIPSOIDAL_ON_ECLIPSE2",9,73.71717,0.8025571,0.001259695,0.24402806,0.008434099,0.7716049,0.013064007,0.29823488,0.0010570162,0.226453,0.012609793,0.68496644,0.026227506
375316653866487564,4324384527742091904,0.544634,2107.79415079095,2.1646005095719616,9.570354E-6,18.544773,0.013543767,0.14357951,0.0023475692,0.09692676,0.0067098653,0.28003123,0.01108128,0.64753526,0.002670639,0.106480874,0.006729201,0.26287505,0.01367657,null,null,null,null,"TWOGAUSSIANS",8,1.435108,0.14357951,0.0023475692,0.4,0.0,0.2549092,0.008358227,0.64753526,0.002670639,0.4,0.0,0.23774526,0.010425132
375316653866487564,4324400539380341376,0.5482962,2147.1283259961897,0.6340146048350475,2.4467361E-5,12.988189,0.0010013018,0.2591581,0.0019674632,0.023438424,0.0014552854,0.1072581,0.012049448,0.7813265,0.015947009,0.0824904,0.01904904,0.009958318,0.001656969,null,null,null,null,"TWOGAUSSIANS",8,19.941639,0.2591581,0.0019674632,0.13125518,0.008149598,0.107257955,0.0120494375,0.7813265,0.015947009,0.4,0.0,0.009958173,0.0016569652
375316653866487564,4324400913041175936,0.5687297,2125.89633160285,3.6145120660344205,2.474682E-5,18.431065,0.014512586,0.23339573,0.0014039082,0.066940196,0.0034548345,0.48841766,0.017034464,0.7470819,0.0039625852,0.06730316,0.0042952085,0.44130504,0.015989747,null,null,null,null,"TWOGAUSSIANS",8,5.3331084,0.23339573,0.0014039082,0.3748651,0.019347074,0.48780367,0.01679374,0.7470819,0.0039625852,0.37689766,0.024053168,0.44069105,0.015666137
375316653866487564,4324403563037346944,0.58174896,2125.4288179422165,1.26623122381889,3.1289845E-5,16.431097,0.017232386,0.26867646,0.0065249493,0.0890942,0.008964448,0.47918856,0.030731631,0.78664714,0.0026271788,0.08386881,0.006748909,0.28588036,0.015481823,null,null,null,null,"TWOGAUSSIANS",8,51.40458,0.26867646,0.0065249493,0.4,0.0,0.47079855,0.029824758,0.78664714,0.0026271788,0.4,0.0,0.2774906,0.011557004
375316653866487564,4324411809374401408,0.6262072,2134.446360250694,3.454056333569831,1.1529775E-5,17.733965,0.01008059,0.23532376,0.002423918,0.044757266,0.0036122191,0.2457397,0.027505994,0.7282531,0.003342293,0.052783046,0.0034037034,0.40090087,0.02115624,0.12593515,0.012736135,0.23532376,0.002423918,"TWOGAUSSIANS_WITH_ELLIPSOIDAL_ON_ECLIPSE1",9,7.3425665,0.7291131,0.002844927,0.29558507,0.01906074,0.6523305,0.008234369,0.23532376,0.002423918,0.2506407,0.020228427,0.49760592,0.011468786
375316653866487564,4324414760014845056,0.5906468,2164.5222668155566,1.279264660607971,5.614935E-6,19.184605,0.0066416212,0.2604273,0.00167712,0.037170712,0.0028579242,0.43416703,0.026498014,0.76216626,0.0019465262,0.037447408,0.0020486433,0.7840015,0.040698577,0.05788427,0.009895809,0.2604273,0.00167712,"TWOGAUSSIANS_WITH_ELLIPSOIDAL_ON_ECLIPSE1",9,2.003727,0.76216626,0.0019465262,0.20970549,0.011472402,0.89975625,0.04047359,0.2604273,0.00167712,0.20815599,0.016004376,0.5499355,0.028933955
375316653866487564,4324434516862103680,0.5211412,2139.4213974863073,1.3326604904648742,3.4650133E-5,18.464827,0.004013247,0.20443094,0.01016869,0.049574368,0.011326232,0.081822194,0.008759259,0.671443,0.017607441,0.053139362,0.015176978,0.29057083,0.1279799,null,null,null,null,"TWOGAUSSIANS",8,2.3953686,0.671443,0.017607441,0.29758042,0.084991075,0.29057038,0.12798035,0.20443094,0.01016869,0.27761647,0.0634269,0.08182175,0.008759349
375316653866487564,4324435414516245248,0.5601538,2136.6638600679503,3.8925776174966997,8.023162E-6,15.519004,0.12502366,0.2219336,0.0019892487,0.29081628,0.013476078,1.3347566,0.12020406,0.7155227,0.0013863606,0.14067307,0.0044319946,0.8304458,0.052656945,null,null,null,null,"TWOGAUSSIANS",8,10.396795,0.7155227,0.0013863606,0.4,0.0,0.31311846,0.006706721,0.22280361,0.0019987614,0.4,0.0,0.2184997,0.006568428
375316653866487564,4324436337928329984,0.52622944,2142.9734930786954,1.9745823559561622,1.6197295E-5,19.487669,0.012014179,0.23904131,0.004131984,0.064749815,0.0063328454,0.35757038,0.04773176,0.73841983,0.0029946605,0.060559995,0.0053846063,0.43660694,0.036895264,null,null,null,null,"TWOGAUSSIANS",8,1.8999647,0.73841983,0.0029946605,0.33913597,0.030153794,0.4363377,0.03701441,0.23904131,0.004131984,0.36259896,0.035463937,0.35730112,0.04786423
375316653866487564,4324438124634694656,0.5625028,2167.810207120921,0.8963685148341869,1.8238186E-5,18.518187,0.005348277,0.22792295,0.008021083,0.07830029,0.0059599597,0.15488343,0.009234481,0.7271869,0.008822612,0.028873373,0.007560081,0.77593416,0.14226261,null,null,null,null,"TWOGAUSSIANS",8,4.3255305,0.7271869,0.008822612,0.16169089,0.042336453,0.77592665,0.14226897,0.22792295,0.008021083,0.4,0.0,0.15487587,0.009230135
375316653866487564,4324448952251363456,0.56371367,2125.792350466022,2.7490122539441635,1.1756804E-5,17.402782,0.0050308774,0.24451384,0.015816148,0.03149618,0.005418131,0.14427032,0.014803126,0.7104023,0.0028475479,0.051307138,0.0066039977,0.3778699,0.06297661,0.11908929,0.007352168,0.7104023,0.0028475479,"TWOGAUSSIANS_WITH_ELLIPSOIDAL_ON_ECLIPSE2",9,14.460365,0.7104023,0.0028475479,0.28732,0.036982387,0.6160458,0.06683165,0.24066384,0.014616661,0.17637861,0.030341534,0.37286484,0.014818691
375316653866487564,4324448982314141952,0.5710631,2144.931101621649,3.121693914130822,2.6175341E-5,17.596682,0.008433775,0.27881122,0.005369052,0.07899137,0.006751161,0.41993833,0.011193243,0.7852868,0.0021383509,0.08611948,0.0040341523,0.3750059,0.009623205,null,null,null,null,"TWOGAUSSIANS",8,12.420577,0.27881122,0.005369052,0.4,0.0,0.41278154,0.010823146,0.7852868,0.0021383509,0.4,0.0,0.36784905,0.008921896
375316653866487564,4324450567158986112,0.6113533,2131.667963627699,2.6346765435599133,1.3677126E-5,15.462939,0.054746434,0.24016316,0.0043007946,0.06373113,0.015807876,0.32926056,0.10198545,0.73550177,0.0055624885,0.067457266,0.008886121,0.33603486,0.115797035,0.061449777,0.06036804,0.73550177,0.0055624885,"TWOGAUSSIANS_WITH_ELLIPSOIDAL_ON_ECLIPSE2",9,103.45819,0.73550177,0.0055624885,0.37776068,0.0467068,0.45847812,0.015422662,0.23966315,0.0035966723,0.35689428,0.08816285,0.4516097,0.022971738
375316653866487564,4324452147706959744,0.52370167,2120.137299453772,2.4693935580060535,1.9617903E-5,17.029692,0.016936522,0.19982146,0.013490508,0.03940061,0.014914675,0.07353946,0.03713632,0.7324143,0.0033428054,0.051589347,0.031065175,0.067513295,0.027176779,0.09382872,0.018655952,0.7324143,0.0033428054,"TWOGAUSSIANS_WITH_ELLIPSOIDAL_ON_ECLIPSE2",9,16.364923,0.20760146,0.009293936,0.22064342,0.08352218,0.2552522,0.016028421,0.7324143,0.0033428054,0.28890035,0.17396498,0.25517017,0.025984552
375316653866487564,4324456923710635136,0.4441995,2138.5576880230606,1.1491034538272975,2.5341047E-5,17.785791,0.011041558,0.2107715,0.015544953,0.017725956,0.021726571,0.07229881,0.017069515,0.70878315,0.006043351,0.02055166,0.00581944,0.42268178,0.22235449,0.008645211,0.016415177,0.2107715,0.015544953,"TWOGAUSSIANS_WITH_ELLIPSOIDAL_ON_ECLIPSE1",9,61.658638,0.70878315,0.0060351184,0.11508929,0.032588866,0.43996948,0.23001665,0.2107715,0.015544953,0.09926535,0.12166879,0.08958921,0.02949999
