Gaia/vari_eclipsing_binary/VariEclipsingBinary_224446-224553.csv
# %ECSV 1.0
# ---
# delimiter: ','
# meta: !!omap
# - RELEASE: Gaia DR3
# - TABLE: vari_eclipsing_binary
# - DESCRIPTION: >
#     This table describes the properties of the eclipsing binaries resulting from the variability analysis. 
# - CITATION: >
#     How to cite and acknowledge Gaia: 
#     https://gea.esac.esa.int/archive/documentation/credits.html 
# - KNOWN_ISSUES: >
#     Known issues: 
#     https://www.cosmos.esa.int/web/gaia-users/known-issues 
# - DOCUMENTATION: >
#     Tutorials and documentation: 
#     https://www.cosmos.esa.int/web/gaia-users/archive 
# datatype:
# - 
#   name: solution_id
#   datatype: int64
#   description: Solution Identifier
#   meta:
#     ucd: meta.version
# - 
#   name: source_id
#   datatype: int64
#   description: Unique source identifier
#   meta:
#     ucd: meta.id;meta.main
# - 
#   name: global_ranking
#   datatype: float32
#   description: Number between 0 (worst) and 1 (best)
#   meta:
#     ucd: stat.param
# - 
#   name: reference_time
#   datatype: float64
#   unit: d
#   description: Reference time used for the geometric model fit
#   meta:
#     ucd: time.epoch
# - 
#   name: frequency
#   datatype: float64
#   unit: d**-1
#   description: Frequency of geometric model of the eclipsing binary light curve
#   meta:
#     ucd: src.orbital
# - 
#   name: frequency_error
#   datatype: float32
#   unit: d**-1
#   description: "Uncertainty of \\texttt{frequency}"
#   meta:
#     ucd: stat.error
# - 
#   name: geom_model_reference_level
#   datatype: float32
#   unit: mag
#   description: Magnitude reference level of geometric model
#   meta:
#     ucd: phot.mag;em.opt
# - 
#   name: geom_model_reference_level_error
#   datatype: float32
#   unit: mag
#   description: "Uncertainty of \\texttt{geomModelReferenceLevel}"
#   meta:
#     ucd: stat.error;phot.mag;em.opt
# - 
#   name: geom_model_gaussian1_phase
#   datatype: float32
#   description: Phase of the Gaussian 1 component
#   meta:
#     ucd: time.phase
# - 
#   name: geom_model_gaussian1_phase_error
#   datatype: float32
#   description: "Uncertainty of \\texttt{geomModelGaussian1Phase}"
#   meta:
#     ucd: stat.error;time.phase
# - 
#   name: geom_model_gaussian1_sigma
#   datatype: float32
#   description: "Standard deviation [phase] of Gaussian 1 component"
#   meta:
#     ucd: stat.stdev
# - 
#   name: geom_model_gaussian1_sigma_error
#   datatype: float32
#   description: "Uncertainty of \\texttt{geomModelGaussian1Sigma}"
#   meta:
#     ucd: stat.error
# - 
#   name: geom_model_gaussian1_depth
#   datatype: float32
#   unit: mag
#   description: Magnitude depth of Gaussian 1 component
#   meta:
#     ucd: src.var.amplitude
# - 
#   name: geom_model_gaussian1_depth_error
#   datatype: float32
#   unit: mag
#   description: "Uncertainty of \\texttt{geomModelGaussian1Depth}"
#   meta:
#     ucd: stat.error;src.var.amplitude
# - 
#   name: geom_model_gaussian2_phase
#   datatype: float32
#   description: Phase of Gaussian 2 component
#   meta:
#     ucd: time.phase
# - 
#   name: geom_model_gaussian2_phase_error
#   datatype: float32
#   description: "Uncertainty of \\texttt{geomModelGaussian2Phase}"
#   meta:
#     ucd: stat.error;time.phase
# - 
#   name: geom_model_gaussian2_sigma
#   datatype: float32
[...]
#   datatype: float32
#   description: "Secondary eclipse: uncertainty of \\texttt{derivedSecondaryEclDuration}"
#   meta:
#     ucd: stat.error;time.duration
# - 
#   name: derived_secondary_ecl_depth
#   datatype: float32
#   unit: mag
#   description: "Secondary eclipse: depth"
#   meta:
#     ucd: src.var.amplitude
# - 
#   name: derived_secondary_ecl_depth_error
#   datatype: float32
#   unit: mag
#   description: "Secondary eclipse: uncertainty of \\texttt{derivedSecondaryEclDepth}"
#   meta:
#     ucd: stat.error;src.var.amplitude
solution_id,source_id,global_ranking,reference_time,frequency,frequency_error,geom_model_reference_level,geom_model_reference_level_error,geom_model_gaussian1_phase,geom_model_gaussian1_phase_error,geom_model_gaussian1_sigma,geom_model_gaussian1_sigma_error,geom_model_gaussian1_depth,geom_model_gaussian1_depth_error,geom_model_gaussian2_phase,geom_model_gaussian2_phase_error,geom_model_gaussian2_sigma,geom_model_gaussian2_sigma_error,geom_model_gaussian2_depth,geom_model_gaussian2_depth_error,geom_model_cosine_half_period_amplitude,geom_model_cosine_half_period_amplitude_error,geom_model_cosine_half_period_phase,geom_model_cosine_half_period_phase_error,model_type,num_model_parameters,reduced_chi2,derived_primary_ecl_phase,derived_primary_ecl_phase_error,derived_primary_ecl_duration,derived_primary_ecl_duration_error,derived_primary_ecl_depth,derived_primary_ecl_depth_error,derived_secondary_ecl_phase,derived_secondary_ecl_phase_error,derived_secondary_ecl_duration,derived_secondary_ecl_duration_error,derived_secondary_ecl_depth,derived_secondary_ecl_depth_error
[from data line 608]
375316653866487564,1974879671274683392,0.45477605,2162.6456926507253,0.9019812287186872,2.901367E-5,12.964841,0.00238055,0.25144845,0.012552469,0.102711104,0.016075162,0.02207987,0.002708997,0.78356576,0.01316959,0.080122836,0.011002743,0.030235037,0.0046308856,null,null,null,null,"TWOGAUSSIANS",8,24.892826,0.7835758,0.01316412,0.4,0.0,0.02951137,0.0041189287,0.25144845,0.012552469,0.4,0.0,0.021355482,0.0020955899
375316653866487564,1974880835204156544,0.45901138,2142.3591883168497,0.6455532573596043,4.1064905E-5,18.06093,0.005944639,0.18396716,0.016023466,0.03679036,0.01427839,0.23646179,0.15747544,0.63031185,0.008527525,0.0073134443,0.0046439874,0.31612617,0.21030378,null,null,null,null,"TWOGAUSSIANS",8,12.306538,0.63031185,0.008527525,0.040955286,0.02600633,0.31612617,0.21030378,0.18396716,0.016023466,0.20602602,0.07995899,0.23646179,0.15747544
375316653866487564,1974881453678679424,0.45239663,2162.611771946346,3.110077941952423,3.8102862E-5,18.250208,0.0069674384,0.21570049,0.011569057,0.039419483,0.013738402,0.19334841,0.057005703,0.7379936,0.010382247,0.011101665,0.008739248,0.077084206,0.045749813,0.048073757,0.012983369,0.7379936,0.010382247,"TWOGAUSSIANS_WITH_ELLIPSOIDAL_ON_ECLIPSE2",9,15.11466,0.2169705,0.011274089,0.22074911,0.07693505,0.2877277,0.063495845,0.7379936,0.010382247,0.062169325,0.048939787,0.1732317,0.050576974
375316653866487564,1974885336329546112,0.51493275,2150.9202549718084,2.6508965945444003,1.2169625E-5,18.735668,0.010731188,0.24214318,0.002557472,0.09168742,0.0064887507,0.28857306,0.0109841535,0.7483307,0.0037877585,0.085536644,0.006274357,0.26827633,0.014254254,null,null,null,null,"TWOGAUSSIANS",8,3.1946852,0.24214318,0.002557472,0.4,0.0,0.27914745,0.010778974,0.7483307,0.0037877585,0.4,0.0,0.2588509,0.014082359
375316653866487564,1974885512429888128,0.5895172,2125.596999863749,3.690199720675411,6.4968012E-6,15.548524,0.021897012,0.23120965,0.0020007598,0.048443317,0.0052966895,0.3991321,0.047887284,0.7307616,0.0029159568,0.05602563,0.0047046808,0.43558577,0.063758984,0.12003681,0.02558973,0.23120965,0.0020007598,"TWOGAUSSIANS_WITH_ELLIPSOIDAL_ON_ECLIPSE1",9,100.263756,0.7308116,0.0026678655,0.31374353,0.02634621,0.6756363,0.04535289,0.23120965,0.0020007598,0.27128258,0.02966146,0.6391843,0.027888874
375316653866487564,1974887196056902272,0.51477957,2125.5543566603433,2.7863528503443695,1.16633355E-5,17.154043,0.015892202,0.28910404,0.008717963,0.094139986,0.02102388,0.13705449,0.010396266,0.77326214,0.002993219,0.100159526,0.011530762,0.14386165,0.01443402,null,null,null,null,"TWOGAUSSIANS",8,6.2535253,0.77326214,0.002993219,0.4,0.0,0.13558194,0.0066021653,0.28910404,0.008742451,0.4,0.0,0.12877595,0.015381674
375316653866487564,1974887917611567872,0.6637294,2147.0950361020064,0.7764461398472593,9.884824E-7,17.285423,0.0017698231,0.25403085,0.019222451,0.035193693,0.0145974485,0.07421623,0.18462487,0.7586782,2.9190752E-4,0.030856557,5.8921747E-4,0.9598879,0.030045882,null,null,null,null,"TWOGAUSSIANS",8,4.992601,0.7586782,2.9190752E-4,0.17279671,0.003299618,0.9598879,0.030045882,0.25403085,0.019222451,0.19708467,0.081745714,0.07421623,0.18462487
375316653866487564,1974888634864590976,0.61150116,2148.713818884639,3.7110040111267746,2.7566348E-6,18.714417,0.012128981,0.23731638,9.1882E-4,0.0397254,0.0028041855,0.36610022,0.02649874,0.74372566,0.002186548,0.0430579,0.0044184383,0.442067,0.030409902,0.1449881,0.017942054,0.23731638,9.1882E-4,"TWOGAUSSIANS_WITH_ELLIPSOIDAL_ON_ECLIPSE1",9,3.0931728,0.74372566,0.002186548,0.24112424,0.024743255,0.73157287,0.034464717,0.23731638,9.1882E-4,0.22246224,0.015703438,0.6560761,0.015535938
375316653866487564,1974890868247609088,0.41674718,2143.174653856436,1.4498515274621102,4.5059653E-5,18.093304,0.0065129413,0.22180027,0.038822763,0.020404467,0.06495476,0.023690367,4.2182107,0.6263922,0.046856165,0.051968303,0.03395425,0.058019556,0.045370206,0.048997644,0.011551835,0.22180027,0.038822763,"TWOGAUSSIANS_WITH_ELLIPSOIDAL_ON_ECLIPSE1",9,16.196999,0.6512922,0.06117781,0.2910225,0.19014381,0.13171583,0.039677244,0.22180027,0.038822763,0.114265025,0.36374664,0.12168554,4.2058616
375316653866487564,1974891181786724480,0.49418435,2127.160384634386,2.605477384718278,1.16763285E-5,17.29163,0.29250836,0.19805409,0.0041628447,0.21504024,0.05638598,0.5430682,0.282845,0.70212245,0.0039331266,0.15620549,0.020806676,0.45244843,0.21368714,null,null,null,null,"TWOGAUSSIANS",8,5.256735,0.1971941,0.004034161,0.4,0.0,0.15266195,0.008444653,0.7045525,0.004119117,0.4,0.0,0.12946415,0.0064287824
375316653866487564,1974893964925820544,0.5492908,2126.6287715957274,2.5792145170116028,7.4605996E-6,16.778759,0.004429397,0.17506708,0.014448831,0.0397821,0.012236548,0.045655128,0.014014374,0.65104085,0.0024198443,0.039356563,0.011051232,0.047343165,0.0129376,0.08756891,0.006828397,0.65104085,0.0024198443,"TWOGAUSSIANS_WITH_ELLIPSOIDAL_ON_ECLIPSE2",9,11.569049,0.65104085,0.0024198443,0.22039676,0.0618869,0.22248085,0.010738592,0.16721709,0.009933486,0.22277975,0.068524666,0.21810955,0.008356017
375316653866487564,1974896881212799232,0.58186585,2156.965640479459,3.391320802064918,5.7359252E-6,18.892405,0.008096642,0.2246561,0.0017987544,0.051930815,0.003297747,0.25896508,0.022590233,0.7287223,0.0027253076,0.04577929,0.0045129946,0.20816068,0.021633957,0.10742516,0.01211124,0.2246561,0.0017987544,"TWOGAUSSIANS_WITH_ELLIPSOIDAL_ON_ECLIPSE1",9,2.4167027,0.2246561,0.0017987544,0.29081255,0.018467383,0.4738126,0.013369095,0.7287223,0.0027253076,0.25636405,0.02527277,0.42286804,0.015254468
375316653866487564,1974897980714034048,0.5316619,2144.257575315382,3.7378774016375584,7.554515E-6,18.637959,0.034521963,0.24775071,0.0030769273,0.10785191,0.012658213,0.30170438,0.028411029,0.7402055,0.0036047073,0.11246724,0.013143363,0.29674166,0.029924659,null,null,null,null,"TWOGAUSSIANS",8,2.075457,0.24776071,0.003076242,0.4,0.0,0.25962254,0.010720575,0.7402055,0.0036047073,0.4,0.0,0.25464186,0.011600597
375316653866487564,1974898977148276736,0.48082232,2148.4816978153726,2.830791741048516,1.8841783E-5,19.057571,0.007766221,0.30071136,0.0039911876,0.055161804,0.006574503,0.18143284,0.019199643,0.80113626,0.0114762345,0.043268107,0.01115159,0.26416102,0.04316985,null,null,null,null,"TWOGAUSSIANS",8,2.8217719,0.80113626,0.0114762345,0.2423014,0.062448908,0.26415998,0.04317179,0.30071136,0.0039911876,0.3089061,0.03681722,0.18143182,0.0192004
375316653866487564,1974899011508938240,0.5906758,2148.670825569237,3.1718631308810292,4.2695324E-6,17.875124,0.0073818057,0.27312672,0.0028974651,0.088508785,0.0037895257,0.37415797,0.010026938,0.7742311,0.0012015837,0.085024156,0.0024647792,0.40291587,0.0082200905,null,null,null,null,"TWOGAUSSIANS",8,3.7617004,0.7742311,0.0012015837,0.4,0.0,0.39092183,0.007340503,0.27312672,0.0028974651,0.4,0.0,0.36216387,0.009519616
375316653866487564,1974899114588148608,0.64590484,2157.2353916450957,2.5092254276852293,2.0608143E-6,17.432419,0.0059272656,0.24148525,6.970969E-4,0.042586267,0.001990534,0.33983493,0.01816285,0.73672676,0.0010648844,0.049172863,0.0017758466,0.4169562,0.016065802,0.13782886,0.009500455,0.24148525,6.970969E-4,"TWOGAUSSIANS_WITH_ELLIPSOIDAL_ON_ECLIPSE1",9,7.2113085,0.73725677,9.450797E-4,0.27536803,0.009944741,0.6923935,0.012441441,0.24148525,6.970969E-4,0.2384831,0.011146991,0.615491,0.017181398
375316653866487564,1974902692299969024,0.5670685,2141.3644766592606,2.1332419264754576,5.3133167E-6,17.670582,0.006405902,0.24101195,0.0024490345,0.1058382,0.005148346,0.166053,0.006616766,0.7336637,0.0026270354,0.09837461,0.005014985,0.18048312,0.0060772295,null,null,null,null,"TWOGAUSSIANS",8,1.5998478,0.7336637,0.0026270354,0.4,0.0,0.16471675,0.0045168465,0.24101195,0.0024490345,0.4,0.0,0.15028259,0.0042927256
375316653866487564,1974906334432198656,0.6323206,2169.7973002786043,2.5051243267637497,3.1153343E-6,18.336386,0.006437592,0.19174337,0.0019351296,0.04748373,0.002087638,0.57613426,0.018538475,0.68628824,0.00513183,0.04508602,0.004499671,0.11465652,0.018196087,0.07965514,0.00805405,0.19174337,0.0019351296,"TWOGAUSSIANS_WITH_ELLIPSOIDAL_ON_ECLIPSE1",9,2.1558065,0.19174337,0.0019351296,0.2659089,0.011690773,0.7354437,0.012367108,0.6872783,0.0042064944,0.25248173,0.025198158,0.27381298,0.011351735
375316653866487564,1974906948609018496,0.44100255,2155.228818506871,2.5426928485629166,2.6271015E-5,18.434576,0.0056766323,0.28343102,0.0038264804,0.038511995,0.00390529,0.28716555,0.028962601,null,null,null,null,null,null,0.02662554,0.008427776,0.28343102,0.0038264804,"ONEGAUSSIAN_WITH_ELLIPSOIDAL",6,15.773666,0.28343102,0.0038264804,0.21566717,0.021869624,0.3404166,0.029456113,null,null,null,null,null,null
375316653866487564,1974908941472592512,0.49882406,2134.57269320837,3.969976743035601,1.0430639E-5,19.193161,0.027246105,0.24023281,0.004892947,0.10768556,0.015405185,0.23552383,0.022567889,0.7417337,0.004914064,0.100923896,0.012349194,0.23165907,0.025958598,null,null,null,null,"TWOGAUSSIANS",8,2.1812196,0.24023281,0.004892947,0.4,0.0,0.20956115,0.016312817,0.7417337,0.004914064,0.4,0.0,0.20570405,0.008676677
375316653866487564,1974910350218881152,0.69101363,2152.237206379466,0.6025174182324603,9.879935E-7,15.919358,0.001391708,0.29378307,2.2538536E-4,0.019046603,1.7675287E-4,0.579645,0.0043588844,0.7957832,5.996521E-4,0.018201595,5.780388E-4,0.61247844,0.024100915,0.0037414238,0.0019094675,0.29378307,2.2538536E-4,"TWOGAUSSIANS_WITH_ELLIPSOIDAL_ON_ECLIPSE1",9,8.365956,0.7957832,5.996521E-4,0.101928934,0.0032370172,0.6199601,0.024088413,0.29378307,2.2538536E-4,0.10666098,9.898162E-4,0.5871278,0.004293688
375316653866487564,1974912794063174272,0.48226562,2134.558121776698,0.34341456529546627,3.0452205E-5,16.052582,0.004473093,0.22514741,0.042200305,0.017032491,0.027094731,0.020195508,0.013428219,0.7258028,0.0054563996,0.020468635,0.005343205,0.16786374,0.02200283,0.007081245,0.0053442977,0.22514741,0.042200305,"TWOGAUSSIANS_WITH_ELLIPSOIDAL_ON_ECLIPSE1",9,49.63051,0.7258028,0.0054539246,0.11462436,0.029921947,0.18202597,0.020740312,0.22514741,0.042200305,0.095381945,0.1517305,0.034357984,0.013939151
375316653866487564,1974913172020119680,0.6514204,2151.330044365334,2.6278494303806292,1.4848093E-6,13.431715,0.00466573,0.15092164,7.2332134E-4,0.04563812,0.0021200941,0.29374158,0.009921989,0.6485247,0.0013392693,0.050812207,0.001777141,0.3102851,0.012749562,0.10981063,0.005378166,0.15092164,7.2332134E-4,"TWOGAUSSIANS_WITH_ELLIPSOIDAL_ON_ECLIPSE1",9,144.18907,0.6488247,0.0011555469,0.28454834,0.009951989,0.52986133,0.012070158,0.15092164,7.2332134E-4,0.25557348,0.011872527,0.5133614,0.010600169
375316653866487564,1974914095434851072,0.51234514,2150.1875756629483,3.472210688564931,1.841649E-5,18.6625,0.020404225,0.28971308,0.0037128783,0.07932836,0.0120920045,0.3658173,0.028544122,0.7987671,0.0072531826,0.08824856,0.009881698,0.29887754,0.02671475,null,null,null,null,"TWOGAUSSIANS",8,8.995088,0.28971308,0.0037128783,0.4,0.0,0.3593155,0.034907956,0.7987671,0.0072531826,0.4,0.0,0.29237568,0.023899915
375316653866487564,1974915577201958400,0.52338773,2157.750461935848,2.813052280143793,2.5473913E-5,17.575165,0.010767537,0.30353346,0.006478161,0.040634394,0.0055169305,0.761348,0.08280253,0.81527483,0.018418685,0.030925864,0.01711185,0.21809453,0.05582379,0.052543543,0.0148660755,0.30353346,0.006478161,"TWOGAUSSIANS_WITH_ELLIPSOIDAL_ON_ECLIPSE1",9,50.339985,0.30353346,0.006478161,0.22755261,0.03089481,0.86643505,0.08104599,0.81527483,0.018068882,0.17318484,0.095826365,0.3226107,0.054626
375316653866487564,1974915779058001920,0.52089053,2156.0285452730727,3.868891586119901,6.9637103E-6,19.043407,0.014446988,0.28754604,0.0030869197,0.08455564,0.0065718973,0.32885718,0.018216036,0.80049014,0.0032303256,0.08716522,0.0063730204,0.3720658,0.025022712,null,null,null,null,"TWOGAUSSIANS",8,2.657129,0.80049014,0.0032303256,0.4,0.0,0.36398205,0.025882293,0.28754604,0.0030869197,0.4,0.0,0.3207735,0.018236507
375316653866487564,1974917978085036672,0.46125352,2152.8474391427258,4.03178910236233,1.2591138E-5,18.430208,0.0046625636,0.26517373,0.00656306,0.040658377,0.011615869,0.084427215,0.010900463,null,null,null,null,null,null,0.059031766,0.006867288,0.26517373,0.00656306,"ONEGAUSSIAN_WITH_ELLIPSOIDAL",6,7.746143,0.26517373,0.00656306,0.22768693,0.065048866,0.20249063,0.010309448,null,null,null,null,null,null
375316653866487564,1974918188536786048,0.5847995,2276.122506971836,2.5140433610786124,6.20636E-6,19.117651,0.007394853,0.26953155,0.0021377462,0.033085633,0.004438927,0.34960255,0.023308286,0.76882225,0.0070472304,0.038626954,0.0064595127,0.3432674,0.054682776,0.21851796,0.011595938,0.26953155,0.0021377462,"TWOGAUSSIANS_WITH_ELLIPSOIDAL_ON_ECLIPSE1",9,2.3567615,0.26953155,0.0021377462,0.18527955,0.02485799,0.7866385,0.02470474,0.76891226,0.0064609866,0.21631095,0.036173273,0.7802958,0.053039834
375316653866487564,1974919769086018816,0.45160013,2058.447171710672,2.822662997666676,3.0661275E-5,18.515644,0.019142633,0.30599862,0.008242388,0.09838423,0.01721879,0.11906071,0.018755833,0.82114226,0.014885867,0.08206917,0.022358116,0.08340138,0.01907554,null,null,null,null,"TWOGAUSSIANS",8,5.4176974,0.30599862,0.008242388,0.4,0.0,0.11563392,0.013028714,0.82114226,0.01488772,0.4,6.329294E-4,0.07997536,0.013204842
375316653866487564,1974920142748740608,0.6084993,2137.5338092240772,3.1022418102422615,2.6550872E-6,18.539946,0.0071545225,0.22947375,0.0013590988,0.041182958,0.0034363961,0.28023022,0.01799785,0.7279956,0.0016547693,0.046090584,0.0027898701,0.35236868,0.020383254,0.12748548,0.009688035,0.22947375,0.0013590988,"TWOGAUSSIANS_WITH_ELLIPSOIDAL_ON_ECLIPSE1",9,2.3926458,0.72815555,0.0014223894,0.25810727,0.015623272,0.6073199,0.015877998,0.22947375,0.0013590988,0.23062457,0.019243818,0.535201,0.012497119
375316653866487564,1974921315277897856,0.64201325,2138.411233994951,2.622815462897232,2.6420876E-6,16.17545,0.013097819,0.23714072,0.0010524554,0.052481566,0.004666286,0.34401625,0.022160087,0.73520654,0.0016317524,0.046627417,0.003043416,0.3143853,0.028725185,0.11299372,0.014846359,0.23714072,0.0010524554,"TWOGAUSSIANS_WITH_ELLIPSOIDAL_ON_ECLIPSE1",9,18.772957,0.23714072,0.0010524554,0.29389676,0.026131203,0.56999934,0.011766539,0.73541653,0.0014577484,0.26111352,0.017043129,0.5403387,0.008775857
375316653866487564,1974923269483576960,0.4709536,2130.592700437012,3.499760109285581,1.685048E-5,19.628887,0.0172391,0.2669695,0.01077975,0.081358574,0.014482527,0.26978973,0.024865897,0.78477407,0.0057274755,0.08002204,0.008656022,0.25757125,0.024765493,null,null,null,null,"TWOGAUSSIANS",8,2.3813403,0.2669695,0.01077975,0.4,0.009095058,0.26672414,0.02553221,0.78477407,0.0057274755,0.4,0.0,0.2545057,0.02402733
375316653866487564,1974923445581834368,0.46780413,2172.721429346136,3.7027272538894347,1.7196948E-5,17.712854,0.10568008,0.30808708,0.0058034016,0.12466914,0.04898264,0.15832303,0.09833344,0.8064105,0.006808809,0.12584561,0.045134667,0.13987362,0.1025202,null,null,null,null,"TWOGAUSSIANS",8,6.4123883,0.30810708,0.0058375336,0.4,0.0,0.11839761,0.008275954,0.8064105,0.006813589,0.4,0.0,0.099945545,0.0059575485
375316653866487564,1974923995337644544,0.5021823,2123.970651668475,3.834127122771112,9.464277E-6,18.389435,0.022211123,0.25054863,0.0030349663,0.09449848,0.013825724,0.23108394,0.015809488,0.7718965,0.006125551,0.1033685,0.014357538,0.1817001,0.020135276,null,null,null,null,"TWOGAUSSIANS",8,3.3966253,0.25053862,0.0030260314,0.4,0.0,0.21846113,0.019190522,0.7718965,0.006126948,0.4,0.0,0.1690734,0.014612559
