Gaia/vari_eclipsing_binary/VariEclipsingBinary_244595-245391.csv
# %ECSV 1.0
# ---
# delimiter: ','
# meta: !!omap
# - RELEASE: Gaia DR3
# - TABLE: vari_eclipsing_binary
# - DESCRIPTION: >
#     This table describes the properties of the eclipsing binaries resulting from the variability analysis. 
# - CITATION: >
#     How to cite and acknowledge Gaia: 
#     https://gea.esac.esa.int/archive/documentation/credits.html 
# - KNOWN_ISSUES: >
#     Known issues: 
#     https://www.cosmos.esa.int/web/gaia-users/known-issues 
# - DOCUMENTATION: >
#     Tutorials and documentation: 
#     https://www.cosmos.esa.int/web/gaia-users/archive 
# datatype:
# - 
#   name: solution_id
#   datatype: int64
#   description: Solution Identifier
#   meta:
#     ucd: meta.version
# - 
#   name: source_id
#   datatype: int64
#   description: Unique source identifier
#   meta:
#     ucd: meta.id;meta.main
# - 
#   name: global_ranking
#   datatype: float32
#   description: Number between 0 (worst) and 1 (best)
#   meta:
#     ucd: stat.param
# - 
#   name: reference_time
#   datatype: float64
#   unit: d
#   description: Reference time used for the geometric model fit
#   meta:
#     ucd: time.epoch
# - 
#   name: frequency
#   datatype: float64
#   unit: d**-1
#   description: Frequency of geometric model of the eclipsing binary light curve
#   meta:
#     ucd: src.orbital
# - 
#   name: frequency_error
#   datatype: float32
#   unit: d**-1
#   description: "Uncertainty of \\texttt{frequency}"
#   meta:
#     ucd: stat.error
# - 
#   name: geom_model_reference_level
#   datatype: float32
#   unit: mag
#   description: Magnitude reference level of geometric model
#   meta:
#     ucd: phot.mag;em.opt
# - 
#   name: geom_model_reference_level_error
#   datatype: float32
#   unit: mag
#   description: "Uncertainty of \\texttt{geomModelReferenceLevel}"
#   meta:
#     ucd: stat.error;phot.mag;em.opt
# - 
#   name: geom_model_gaussian1_phase
#   datatype: float32
#   description: Phase of the Gaussian 1 component
#   meta:
#     ucd: time.phase
# - 
#   name: geom_model_gaussian1_phase_error
#   datatype: float32
#   description: "Uncertainty of \\texttt{geomModelGaussian1Phase}"
#   meta:
#     ucd: stat.error;time.phase
# - 
#   name: geom_model_gaussian1_sigma
#   datatype: float32
#   description: "Standard deviation [phase] of Gaussian 1 component"
#   meta:
#     ucd: stat.stdev
# - 
#   name: geom_model_gaussian1_sigma_error
#   datatype: float32
#   description: "Uncertainty of \\texttt{geomModelGaussian1Sigma}"
#   meta:
#     ucd: stat.error
# - 
#   name: geom_model_gaussian1_depth
#   datatype: float32
#   unit: mag
#   description: Magnitude depth of Gaussian 1 component
#   meta:
#     ucd: src.var.amplitude
# - 
#   name: geom_model_gaussian1_depth_error
#   datatype: float32
#   unit: mag
#   description: "Uncertainty of \\texttt{geomModelGaussian1Depth}"
#   meta:
#     ucd: stat.error;src.var.amplitude
# - 
#   name: geom_model_gaussian2_phase
#   datatype: float32
#   description: Phase of Gaussian 2 component
#   meta:
#     ucd: time.phase
# - 
#   name: geom_model_gaussian2_phase_error
#   datatype: float32
#   description: "Uncertainty of \\texttt{geomModelGaussian2Phase}"
#   meta:
#     ucd: stat.error;time.phase
# - 
#   name: geom_model_gaussian2_sigma
#   datatype: float32
[...]
#   datatype: float32
#   description: "Secondary eclipse: uncertainty of \\texttt{derivedSecondaryEclDuration}"
#   meta:
#     ucd: stat.error;time.duration
# - 
#   name: derived_secondary_ecl_depth
#   datatype: float32
#   unit: mag
#   description: "Secondary eclipse: depth"
#   meta:
#     ucd: src.var.amplitude
# - 
#   name: derived_secondary_ecl_depth_error
#   datatype: float32
#   unit: mag
#   description: "Secondary eclipse: uncertainty of \\texttt{derivedSecondaryEclDepth}"
#   meta:
#     ucd: stat.error;src.var.amplitude
solution_id,source_id,global_ranking,reference_time,frequency,frequency_error,geom_model_reference_level,geom_model_reference_level_error,geom_model_gaussian1_phase,geom_model_gaussian1_phase_error,geom_model_gaussian1_sigma,geom_model_gaussian1_sigma_error,geom_model_gaussian1_depth,geom_model_gaussian1_depth_error,geom_model_gaussian2_phase,geom_model_gaussian2_phase_error,geom_model_gaussian2_sigma,geom_model_gaussian2_sigma_error,geom_model_gaussian2_depth,geom_model_gaussian2_depth_error,geom_model_cosine_half_period_amplitude,geom_model_cosine_half_period_amplitude_error,geom_model_cosine_half_period_phase,geom_model_cosine_half_period_phase_error,model_type,num_model_parameters,reduced_chi2,derived_primary_ecl_phase,derived_primary_ecl_phase_error,derived_primary_ecl_duration,derived_primary_ecl_duration_error,derived_primary_ecl_depth,derived_primary_ecl_depth_error,derived_secondary_ecl_phase,derived_secondary_ecl_phase_error,derived_secondary_ecl_duration,derived_secondary_ecl_duration_error,derived_secondary_ecl_depth,derived_secondary_ecl_depth_error
[from data line 395]
375316653866487564,2157841154908404096,0.57561445,2243.798061933238,1.396830883382385,5.672554E-6,11.319451,0.051223703,0.3161724,0.0015100419,0.13936402,0.004387017,0.2653022,0.017833857,0.8178895,0.0021815293,0.30918816,0.01129439,0.4941055,0.049286895,null,null,null,null,"TWOGAUSSIANS",8,28.36395,0.3153224,0.0016864795,0.4,0.0,0.09840351,0.003430424,0.8181095,0.002356992,0.4,0.0,0.0660412,0.0031533437
375316653866487564,2157856135756614656,0.5364075,2207.8626712302735,2.1054524730819497,9.195916E-6,15.513424,0.0041426173,0.25813854,0.006449986,0.076958455,0.0060739024,0.12617391,0.007083229,0.77185225,0.020197371,0.07623972,0.014078421,0.06025471,0.008187843,null,null,null,null,"TWOGAUSSIANS",8,10.1744795,0.25813854,0.006449986,0.4,0.0,0.1255462,0.0068692705,0.77185225,0.020197371,0.4,0.0,0.059626997,0.006909069
375316653866487564,2157886063088752256,0.62321603,2186.4083852909275,3.8342576475641312,3.2082655E-6,15.908021,0.0073981998,0.26281008,0.0016689345,0.044052735,0.0032856169,0.6030473,0.020607207,0.7592399,0.0012692047,0.042122047,0.002774089,0.4280395,0.054207027,0.13377774,0.010754758,0.7592399,0.0012692047,"TWOGAUSSIANS_WITH_ELLIPSOIDAL_ON_ECLIPSE2",9,62.103687,0.2625801,0.0015545634,0.24669532,0.018399455,0.8704762,0.02077019,0.7592399,0.0012692047,0.23588347,0.015534899,0.6955944,0.056441493
375316653866487564,2157891521990550272,0.478708,2256.5106276720157,4.127606373979552,3.645781E-5,18.365866,0.0022385637,0.7448009,0.0019141998,0.018642927,0.005370289,0.060963575,0.015587208,null,null,null,null,null,null,0.048452947,0.0039768233,0.7448009,0.0019141998,"ONEGAUSSIAN_WITH_ELLIPSOIDAL",6,3.2279823,0.7448009,0.0019141998,0.10440039,0.030073619,0.15786932,0.013593474,null,null,null,null,null,null
375316653866487564,2157912760605495936,0.41219452,2249.89247593125,0.2563029203176028,1.2202456E-4,15.584105,0.0010670658,0.11715627,0.008372731,0.023017505,0.011713007,0.03538437,0.19434199,0.25946668,0.07347642,0.08416308,0.05430711,0.008724106,0.0030331456,null,null,null,null,"TWOGAUSSIANS",8,5.2460027,0.117786266,0.008570315,0.12889802,0.06559284,0.037486352,0.1941459,0.25946668,0.07347642,0.4,0.12902018,0.008724105,0.0030330864
375316653866487564,2157918391304743424,0.56740236,2255.0567598173507,4.090122411027446,1.3237645E-5,18.186316,0.007934246,0.28120014,0.0034733333,0.07751378,0.0041526956,0.40837064,0.018052628,0.7705244,0.0034840028,0.07451544,0.0037198449,0.35091498,0.011682349,null,null,null,null,"TWOGAUSSIANS",8,4.7689877,0.28120014,0.0034733333,0.4,0.0,0.40568167,0.01823232,0.7705244,0.0034840028,0.4,0.0,0.34822604,0.011442254
375316653866487564,2157935266233614208,0.6807431,2218.5160930499405,0.9688735119098626,1.2120368E-5,14.986279,0.005409582,0.22520722,0.0014941461,0.043440927,0.002011245,0.7589991,0.0133422725,0.7311928,0.00618694,0.0389428,0.005562735,0.087044105,0.014442337,0.049205646,0.0067183347,0.22520722,0.0014941461,"TWOGAUSSIANS_WITH_ELLIPSOIDAL_ON_ECLIPSE1",9,31.692598,0.22520722,0.0014941461,0.24326919,0.011262972,0.85741013,0.009418622,0.7311928,0.00618694,0.21807967,0.031151315,0.18531601,0.009707779
375316653866487564,2157938663551238016,0.6022166,2216.4448280205143,2.1193090535327292,6.3588614E-6,14.022847,0.006819842,0.32113203,0.00299527,0.10157997,0.0065991026,0.14047664,0.006542954,0.8107397,0.0017423127,0.09245496,0.003403676,0.22819653,0.0071594254,null,null,null,null,"TWOGAUSSIANS",8,25.61412,0.8107397,0.0017423127,0.4,0.0,0.21715623,0.0048443056,0.32113203,0.00299527,0.4,0.0,0.12943487,0.0046646763
375316653866487564,2157944715161679616,0.52064055,2179.846600574228,3.801051817388582,8.557124E-6,15.959183,0.01566386,0.27769363,0.005082876,0.08085792,0.0072738305,0.32162967,0.024789331,0.8015893,0.0031338453,0.07265426,0.005783873,0.34720373,0.016154688,null,null,null,null,"TWOGAUSSIANS",8,94.48722,0.8015893,0.0031338453,0.4,0.012375063,0.3452346,0.015463966,0.27769363,0.005082876,0.4,0.0,0.31966054,0.024597159
375316653866487564,2157952647964949120,0.5488344,2240.370961022175,1.8992844147477799,1.0595493E-6,18.675253,0.0035768305,0.14613663,5.4513106E-7,0.0010790566,2.1963157E-5,1.5937271,0.081922516,0.5296529,4.804213E-5,0.029292246,0.0025680014,0.049573913,0.0044735204,null,null,null,null,"TWOGAUSSIANS",8,1.9065452,0.14613663,5.4513106E-7,0.0060427175,1.2299368E-4,1.5937271,0.081922516,0.5296529,4.804213E-5,0.16403657,0.014380807,0.049573913,0.0044735204
375316653866487564,2157973401247125248,0.4390798,2212.4817082482396,1.3705400527594684,1.0014876E-4,17.92124,0.002128454,0.38684514,0.0067942278,0.03131731,0.0068566096,0.07774041,0.016786441,0.56532574,0.018480992,0.03676219,0.018428616,0.037583206,0.03204805,null,null,null,null,"TWOGAUSSIANS",8,4.717656,0.38684514,0.0067926077,0.17537692,0.038397014,0.07774069,0.016786965,0.56532574,0.018480992,0.20586826,0.10320025,0.037583213,0.032048073
375316653866487564,2157991680626894720,0.6154161,2181.3156395565375,3.4831399357394113,1.4129568E-5,18.831161,0.010995556,0.2874866,0.001058104,0.046659894,0.002501788,0.3782269,0.020555597,0.78441656,0.0020825297,0.056253556,0.0041771177,0.4456411,0.04406722,0.11965343,0.012872504,0.2874866,0.001058104,"TWOGAUSSIANS_WITH_ELLIPSOIDAL_ON_ECLIPSE1",9,2.489863,0.7847765,0.0018164099,0.3150199,0.023391858,0.68484914,0.047174677,0.2874866,0.001058104,0.2612954,0.014010014,0.6175135,0.010034125
375316653866487564,2158007799641586944,0.64693385,2235.7636538884126,0.21909497044973258,2.7288876E-5,16.919859,0.001196562,0.17017603,0.032694764,0.018752858,0.0103250295,0.026506845,0.02183036,0.5676205,8.306373E-5,0.015709959,6.552941E-5,0.7734748,0.0025622626,null,null,null,null,"TWOGAUSSIANS",8,3.2413497,0.5676205,8.306373E-5,0.08797576,3.669647E-4,0.7734748,0.0025622626,0.17017603,0.032694764,0.10501601,0.057820167,0.026506845,0.02183036
375316653866487564,2158024837774354688,0.48889273,2243.912617797938,3.0646925902871245,1.6118214E-5,17.977793,0.15437725,0.2803281,0.00504124,0.118973285,0.03735616,0.1820568,0.13133024,0.772457,0.007484876,0.15878558,0.06801842,0.18731718,0.15420133,null,null,null,null,"TWOGAUSSIANS",8,2.661648,0.772457,0.007484876,0.4,0.0,0.118763104,0.0058602677,0.2809481,0.0056379656,0.4,0.0,0.1161118,0.009440396
375316653866487564,2158044873799218688,0.5660441,2186.5962118609355,3.046409805979804,9.930131E-6,13.999891,0.8651424,0.31479666,0.0025699337,0.22786337,0.10088421,0.6435868,0.84887946,0.81031823,0.004030651,0.15739624,0.021652551,0.5209042,0.3713809,null,null,null,null,"TWOGAUSSIANS",8,50.799232,0.31590664,0.0023877597,0.4,0.0,0.15593977,0.0044993153,0.81031823,0.004030651,0.4,0.0,0.14242171,0.0040473887
375316653866487564,2158049409284684032,0.55638796,2210.880240450297,3.2246218760562786,8.9361E-6,15.56147,0.01135658,0.2045926,0.0040020077,0.08635857,0.005321284,0.41371804,0.018008636,0.70230204,0.004336858,0.07936914,0.006689664,0.43387625,0.048915938,null,null,null,null,"TWOGAUSSIANS",8,122.583755,0.70230204,0.004336858,0.4,0.0,0.42531684,0.051002193,0.2045926,0.0040020077,0.4,0.0,0.4051586,0.018030623
375316653866487564,2158127612048288640,0.6087308,2198.314218604424,2.456347260392689,5.5654145E-6,14.054791,0.008235758,0.2465853,0.0060460316,0.10491428,0.0058729583,0.16407087,0.009264499,0.7552603,0.0013752904,0.09976468,0.007857002,0.13371694,0.005223843,null,null,null,null,"TWOGAUSSIANS",8,16.084019,0.2465853,0.0060460316,0.4,0.0,0.1505449,0.004539909,0.7552603,0.0013856366,0.4,0.0,0.120194055,0.0037466423
375316653866487564,2158131700855985792,0.47816557,2207.241788858835,1.6048098977113916,3.514434E-5,18.402323,0.0054617845,0.08927962,0.0055571827,0.020554347,0.0027967591,0.47286963,0.14021267,0.7307437,0.015251382,0.04817717,0.014684644,0.12785597,0.1321367,null,null,null,null,"TWOGAUSSIANS",8,6.501629,0.08927962,0.0055571827,0.11510435,0.01566185,0.47286963,0.14021267,0.7307437,0.015251382,0.26979217,0.082234,0.12785597,0.1321367
375316653866487564,2158152896519978368,0.49849185,2223.39391347903,0.3429980084519764,1.08614004E-4,19.391748,0.005911208,0.21823555,0.055493493,0.058513388,0.016934931,0.0504343,0.032477986,0.6784668,3.2398244E-4,0.021245075,0.001117936,1.35404,0.19181065,null,null,null,null,"TWOGAUSSIANS",8,1.6659458,0.6784668,3.2398244E-4,0.11897243,0.0062604416,1.35404,0.19181065,0.21823555,0.055493493,0.32767498,0.09483561,0.0504343,0.032477986
375316653866487564,2158153652433958144,0.5202693,2236.5326276110773,3.343248714116556,1.499197E-5,14.185611,0.010007149,0.22111349,0.017166607,0.0675487,0.021857971,0.114318,0.048297767,0.748619,0.010227323,0.04838329,0.017279852,0.12822986,0.029527398,0.09577089,0.010001237,0.748619,0.010227323,"TWOGAUSSIANS_WITH_ELLIPSOIDAL_ON_ECLIPSE2",9,374.8446,0.748619,0.010227323,0.2709464,0.09676717,0.3197464,0.026681662,0.23149349,0.010610723,0.3782727,0.08219958,0.30228359,0.045462623
375316653866487564,2158206085394586240,0.5554578,2187.781041733742,3.0223287165526007,1.0869418E-5,18.454609,0.021656835,0.26196468,0.0026471727,0.051266856,0.0038686474,0.5276101,0.022270385,0.747892,0.01576907,0.088767886,0.042507067,0.2698389,0.08947754,null,null,null,null,"TWOGAUSSIANS",8,6.2502446,0.26196468,0.0026404012,0.2870944,0.021664426,0.5268326,0.01869189,0.747892,0.01576907,0.4,0.0,0.26906127,0.09592767
375316653866487564,2158222548005286400,0.4711766,2184.1351886126527,0.6405908225810913,4.1514257E-5,15.734642,0.0041558286,0.11465682,0.0020741103,0.017438741,0.0031694558,0.13316931,0.00789943,0.6495723,0.0063321493,0.08796156,0.011079579,0.1469535,0.02107586,null,null,null,null,"TWOGAUSSIANS",8,69.60581,0.6495723,0.0063321493,0.4,0.0,0.14695291,0.021077301,0.11465682,0.0020741103,0.09765695,0.017748952,0.13316885,0.007899403
375316653866487564,2158239006320505088,0.52876115,2240.017015175158,0.9074208954305993,8.818494E-6,12.020714,0.023405008,0.18716249,0.015555728,0.09431289,0.023447154,0.1517293,0.024816178,0.66875046,0.009519586,0.09706013,0.023055939,0.22840378,0.030128306,null,null,null,null,"TWOGAUSSIANS",8,55.644253,0.66875046,0.009519586,0.4,0.0,0.21890959,0.034806408,0.18716249,0.01556297,0.4,0.0,0.14223592,0.012015265
375316653866487564,2158249005003831808,0.52859116,2180.34713161406,1.8912703047365578,1.8923063E-5,18.728033,0.012655118,0.22042902,0.007565666,0.09477447,0.012508409,0.124124825,0.013313946,0.67697364,0.010853177,0.0863842,0.014976511,0.20438045,0.039601907,null,null,null,null,"TWOGAUSSIANS",8,0.98334426,0.67697364,0.010853177,0.4,0.0,0.20090489,0.04152627,0.22042902,0.007565666,0.4,0.0,0.1206483,0.01027998
375316653866487564,2158254841862817152,0.4878719,2236.468736250749,2.7815915847896835,1.8868193E-5,12.528969,0.15388168,0.23495923,0.0041298233,0.16464904,0.022040911,0.6218785,0.12929085,0.7337411,0.005204124,0.23565155,0.04689829,0.74230397,0.15416563,null,null,null,null,"TWOGAUSSIANS",8,110.400536,0.23587923,0.0042423136,0.4,0.0,0.15656133,0.0134659,0.7337411,0.0052908724,0.4,0.0,0.1331999,0.011588054
375316653866487564,2158359707784902272,0.55231875,2219.993572822929,4.169358468278126,1.06473935E-5,18.924109,0.008205127,0.15504046,0.0029869878,0.06382572,0.0032986666,0.5456519,0.019306747,0.6681957,0.0023935079,0.067190684,0.0056226165,0.58278215,0.071896024,null,null,null,null,"TWOGAUSSIANS",8,4.235765,0.6681957,0.0023935079,0.37626782,0.027863069,0.5822556,0.07226008,0.15504046,0.0029869878,0.35742402,0.018472532,0.54512537,0.019395528
375316653866487564,2158365170983469184,0.43366933,2165.328859979469,1.6168273954293257,4.9182527E-5,19.81869,0.017591156,0.44438112,0.017703509,0.114400774,0.02527628,0.2702575,0.09111049,0.7949848,0.006075047,0.05019159,0.010751939,0.18871008,0.026142541,null,null,null,null,"TWOGAUSSIANS",8,3.3660889,0.44438112,0.017703509,0.4,0.0,0.27006882,0.09138697,0.7949848,0.006075047,0.28107288,0.06021086,0.19098891,0.02637283
375316653866487564,2158384622891075584,0.5370309,2182.5446774059224,3.8369521892472753,1.0148238E-5,16.408937,0.002053995,0.7128645,7.7163044E-4,0.0056042285,5.638351E-4,0.17743072,0.044126015,0.89436877,0.006522644,0.017642787,0.006179236,0.20294993,1.116367,null,null,null,null,"TWOGAUSSIANS",8,7.7122602,0.89436877,0.006522644,0.0987996,0.03460372,0.20294993,1.116367,0.7128645,7.7163044E-4,0.03138368,0.0031574764,0.17743072,0.044126015
375316653866487564,2158458358889637760,0.6224995,2203.388325749279,3.0434943458197967,6.756258E-6,14.107359,0.010225624,0.24717748,0.0011634196,0.04668279,0.003295304,0.3332917,0.0231453,0.7425549,0.005017122,0.0505665,0.005601361,0.522089,0.033958156,0.1115496,0.015088979,0.24717748,0.0011634196,"TWOGAUSSIANS_WITH_ELLIPSOIDAL_ON_ECLIPSE1",9,236.36893,0.7429249,0.0046201115,0.2831724,0.031367622,0.7450128,0.026886059,0.24717748,0.0011634196,0.26142365,0.018453702,0.5563888,0.010809599
375316653866487564,2158490515308437632,0.47294584,2237.357594582258,1.277886330599835,3.496553E-5,18.692986,0.004310059,0.5553423,0.019759372,0.063011885,0.03941631,0.0819469,0.020467665,0.8042297,0.0028659329,0.020775132,0.005238171,0.21429938,0.06753513,null,null,null,null,"TWOGAUSSIANS",8,3.7252827,0.8042297,0.0028659329,0.11634074,0.029333757,0.21433292,0.06774811,0.5553423,0.019759372,0.35286656,0.081073456,0.0819469,0.020468123
