Gaia/vari_eclipsing_binary/VariEclipsingBinary_475150-475287.csv
# %ECSV 1.0
# ---
# delimiter: ','
# meta: !!omap
# - RELEASE: Gaia DR3
# - TABLE: vari_eclipsing_binary
# - DESCRIPTION: >
#     This table describes the properties of the eclipsing binaries resulting from the variability analysis. 
# - CITATION: >
#     How to cite and acknowledge Gaia: 
#     https://gea.esac.esa.int/archive/documentation/credits.html 
# - KNOWN_ISSUES: >
#     Known issues: 
#     https://www.cosmos.esa.int/web/gaia-users/known-issues 
# - DOCUMENTATION: >
#     Tutorials and documentation: 
#     https://www.cosmos.esa.int/web/gaia-users/archive 
# datatype:
# - 
#   name: solution_id
#   datatype: int64
#   description: Solution Identifier
#   meta:
#     ucd: meta.version
# - 
#   name: source_id
#   datatype: int64
#   description: Unique source identifier
#   meta:
#     ucd: meta.id;meta.main
# - 
#   name: global_ranking
#   datatype: float32
#   description: Number between 0 (worst) and 1 (best)
#   meta:
#     ucd: stat.param
# - 
#   name: reference_time
#   datatype: float64
#   unit: d
#   description: Reference time used for the geometric model fit
#   meta:
#     ucd: time.epoch
# - 
#   name: frequency
#   datatype: float64
#   unit: d**-1
#   description: Frequency of geometric model of the eclipsing binary light curve
#   meta:
#     ucd: src.orbital
# - 
#   name: frequency_error
#   datatype: float32
#   unit: d**-1
#   description: "Uncertainty of \\texttt{frequency}"
#   meta:
#     ucd: stat.error
# - 
#   name: geom_model_reference_level
#   datatype: float32
#   unit: mag
#   description: Magnitude reference level of geometric model
#   meta:
#     ucd: phot.mag;em.opt
# - 
#   name: geom_model_reference_level_error
#   datatype: float32
#   unit: mag
#   description: "Uncertainty of \\texttt{geomModelReferenceLevel}"
#   meta:
#     ucd: stat.error;phot.mag;em.opt
# - 
#   name: geom_model_gaussian1_phase
#   datatype: float32
#   description: Phase of the Gaussian 1 component
#   meta:
#     ucd: time.phase
# - 
#   name: geom_model_gaussian1_phase_error
#   datatype: float32
#   description: "Uncertainty of \\texttt{geomModelGaussian1Phase}"
#   meta:
#     ucd: stat.error;time.phase
# - 
#   name: geom_model_gaussian1_sigma
#   datatype: float32
#   description: "Standard deviation [phase] of Gaussian 1 component"
#   meta:
#     ucd: stat.stdev
# - 
#   name: geom_model_gaussian1_sigma_error
#   datatype: float32
#   description: "Uncertainty of \\texttt{geomModelGaussian1Sigma}"
#   meta:
#     ucd: stat.error
# - 
#   name: geom_model_gaussian1_depth
#   datatype: float32
#   unit: mag
#   description: Magnitude depth of Gaussian 1 component
#   meta:
#     ucd: src.var.amplitude
# - 
#   name: geom_model_gaussian1_depth_error
#   datatype: float32
#   unit: mag
#   description: "Uncertainty of \\texttt{geomModelGaussian1Depth}"
#   meta:
#     ucd: stat.error;src.var.amplitude
# - 
#   name: geom_model_gaussian2_phase
#   datatype: float32
#   description: Phase of Gaussian 2 component
#   meta:
#     ucd: time.phase
# - 
#   name: geom_model_gaussian2_phase_error
#   datatype: float32
#   description: "Uncertainty of \\texttt{geomModelGaussian2Phase}"
#   meta:
#     ucd: stat.error;time.phase
# - 
#   name: geom_model_gaussian2_sigma
#   datatype: float32
[...]
#   datatype: float32
#   description: "Secondary eclipse: uncertainty of \\texttt{derivedSecondaryEclDuration}"
#   meta:
#     ucd: stat.error;time.duration
# - 
#   name: derived_secondary_ecl_depth
#   datatype: float32
#   unit: mag
#   description: "Secondary eclipse: depth"
#   meta:
#     ucd: src.var.amplitude
# - 
#   name: derived_secondary_ecl_depth_error
#   datatype: float32
#   unit: mag
#   description: "Secondary eclipse: uncertainty of \\texttt{derivedSecondaryEclDepth}"
#   meta:
#     ucd: stat.error;src.var.amplitude
solution_id,source_id,global_ranking,reference_time,frequency,frequency_error,geom_model_reference_level,geom_model_reference_level_error,geom_model_gaussian1_phase,geom_model_gaussian1_phase_error,geom_model_gaussian1_sigma,geom_model_gaussian1_sigma_error,geom_model_gaussian1_depth,geom_model_gaussian1_depth_error,geom_model_gaussian2_phase,geom_model_gaussian2_phase_error,geom_model_gaussian2_sigma,geom_model_gaussian2_sigma_error,geom_model_gaussian2_depth,geom_model_gaussian2_depth_error,geom_model_cosine_half_period_amplitude,geom_model_cosine_half_period_amplitude_error,geom_model_cosine_half_period_phase,geom_model_cosine_half_period_phase_error,model_type,num_model_parameters,reduced_chi2,derived_primary_ecl_phase,derived_primary_ecl_phase_error,derived_primary_ecl_duration,derived_primary_ecl_duration_error,derived_primary_ecl_depth,derived_primary_ecl_depth_error,derived_secondary_ecl_phase,derived_secondary_ecl_phase_error,derived_secondary_ecl_duration,derived_secondary_ecl_duration_error,derived_secondary_ecl_depth,derived_secondary_ecl_depth_error
[from data line 75]
375316653866487564,4179679176804192512,0.4722238,2192.0246321823147,2.5910649239850696,2.1330454E-5,15.789621,0.004941801,null,null,null,null,null,null,null,null,null,null,null,null,0.07673778,0.0064601367,0.7689895,0.006220261,"ELLIPSOIDAL",4,63.384712,null,null,null,null,null,null,null,null,null,null,null,null
375316653866487564,4179686804666042368,0.5794093,2182.546061170022,1.6343136506670175,1.4889297E-5,16.453209,0.018070655,0.3013601,0.0034872629,0.11863009,0.014850849,0.13489108,0.017444016,0.80372447,0.0038299959,0.10415195,0.011415446,0.13451964,0.01726765,null,null,null,null,"TWOGAUSSIANS",8,3.3436906,0.3013601,0.0034872629,0.4,0.0,0.11375038,0.00412543,0.8037345,0.00383886,0.4,0.0,0.11341386,0.005755593
375316653866487564,4179687869817964288,0.5484487,2206.626240645103,1.8062116086005338,2.5662757E-5,15.559867,0.092424706,0.19479403,0.005220723,0.12897438,0.04621839,0.15725863,0.08793779,0.69778985,0.0069311867,0.12929444,0.042501934,0.17146602,0.08751797,null,null,null,null,"TWOGAUSSIANS",8,9.886887,0.69782984,0.0069827107,0.4,0.0,0.12235807,0.0057227346,0.19474404,0.005130255,0.4,0.0,0.10817332,0.009360783
375316653866487564,4179691026611081856,0.60884523,2210.508239320069,3.4437024316605553,7.7573295E-6,18.329842,0.010005356,0.22301847,0.03166096,0.0727033,0.015788661,0.51283777,0.063344315,0.7096273,0.007688417,0.0629436,0.00622072,0.5215759,0.019217305,null,null,null,null,"TWOGAUSSIANS",8,3.3275883,0.7096273,0.007688417,0.35248417,0.03483603,0.52077645,0.018733544,0.22301847,0.03166096,0.4,0.034642193,0.5120383,0.06244328
375316653866487564,4179700273682757504,0.576106,2237.3036966285,1.5490276775540426,1.355345E-5,12.525545,0.058141835,0.28632116,0.0037755396,0.10613465,0.015861044,0.3170131,0.048009887,0.8071794,0.0039834464,0.13882387,0.023137996,0.21767293,0.056801878,null,null,null,null,"TWOGAUSSIANS",8,124.480644,0.28600115,0.0034703873,0.4,0.0,0.26555017,0.014080095,0.8072194,0.0039466857,0.4,0.0,0.16546763,0.0062000477
375316653866487564,4179703125541376256,0.511788,2239.3969092404163,0.2545909162574973,4.7767226E-5,17.7626,0.013391302,0.13311455,0.013723194,0.013202496,0.013658567,0.25173935,0.22833663,0.6497995,0.121931285,0.07594252,0.11386314,0.080479205,0.07746382,null,null,null,null,"TWOGAUSSIANS",8,5.560183,0.13311455,0.0137235345,0.073933974,0.07648797,0.25173935,0.22833528,0.6497995,0.121931285,0.4,0.07872761,0.0804792,0.07877354
375316653866487564,4179707794166320640,0.54316264,2220.7428937157406,3.810307552205959,2.607155E-5,19.302538,0.013052262,0.21894397,0.004361263,0.063874155,0.0050228946,0.53242093,0.06863155,0.7223525,0.0043221414,0.06237401,0.0034817155,0.40056717,0.020054482,null,null,null,null,"TWOGAUSSIANS",8,3.5584571,0.21894397,0.004361263,0.35769528,0.02812821,0.5320947,0.06872814,0.7223525,0.0043221414,0.34929445,0.019497605,0.400241,0.019979656
375316653866487564,4179708691820168832,0.5188439,2243.1229844562404,1.7702495822459727,4.9952156E-5,17.196314,0.01076628,0.27312732,0.0042521916,0.04976411,0.0058066472,0.37159273,0.02497798,0.7866806,0.069120996,0.04956642,0.05831976,0.21618289,5.378761E20,null,null,null,null,"TWOGAUSSIANS",8,41.902637,0.27312732,0.0042521916,0.278679,0.032517225,0.37159184,0.024978219,0.7866806,0.069120996,0.27757195,0.32659066,0.216182,5.378761E20
375316653866487564,4179709683952384896,0.61568564,2180.6925489746814,1.5187267341294208,1.9486457E-5,16.424511,0.007103348,0.22205248,0.005341628,0.042653922,0.010243614,0.071223006,0.012902714,0.716771,0.009007087,0.041568242,0.023232399,0.23194486,91.99833,0.027821377,0.008896618,0.716771,0.009007087,"TWOGAUSSIANS_WITH_ELLIPSOIDAL_ON_ECLIPSE2",9,3.3885314,0.716771,0.009007087,0.23278217,0.13010143,0.28758752,92.010994,0.22152248,0.0042834072,0.23886196,0.05736424,0.1268106,0.009265486
375316653866487564,4179709958830613376,0.5059706,2225.9312903962436,0.31036014123669486,8.234812E-5,17.564394,0.0028311945,0.15967663,0.015494329,0.04447319,0.009515742,0.10061299,0.012673619,0.6521818,0.018509816,0.083619066,0.017358221,0.100618824,0.012698481,null,null,null,null,"TWOGAUSSIANS",8,3.0717034,0.6521818,0.018509816,0.4,0.0,0.10054412,0.012729333,0.15967663,0.015494329,0.24904986,0.053288154,0.10053829,0.012643474
375316653866487564,4179710238006929024,0.5150966,2238.9795879505605,0.6208996965187855,1.3600274E-4,17.993063,0.020626161,0.11590565,0.017229376,0.03401824,0.013700976,0.114334755,0.044354774,0.28819963,0.024026074,0.16961393,0.042662088,0.13483031,0.021789359,null,null,null,null,"TWOGAUSSIANS",8,2.3591669,0.12083565,0.019337682,0.19050215,0.07672547,0.19250655,0.041182164,0.28819963,0.024026074,0.4,0.0,0.13133255,0.015034092
375316653866487564,4179711573738422528,0.5010546,2264.7070957952806,3.3097157968130237,4.0239156E-5,17.999279,0.0697177,0.2217537,0.014388887,0.08731944,0.026919615,0.2832496,0.075492665,0.7144774,0.0087831635,0.11183806,0.027866995,0.37747273,0.055109248,null,null,null,null,"TWOGAUSSIANS",8,22.569038,0.7144774,0.0087831635,0.4,0.0,0.3517022,0.049781404,0.2217637,0.014396906,0.4,0.0,0.25751486,0.048874326
375316653866487564,4179712643188585856,0.6129374,2211.0539175708086,0.1324845489512101,3.7783375E-5,15.65201,0.0013702317,0.49402767,0.02375932,0.12483779,0.054522406,0.019110227,0.011484511,0.77699286,0.006567918,0.04065637,0.0020725585,0.57955825,0.07728536,null,null,null,null,"TWOGAUSSIANS",8,5.3879466,0.77699286,0.006567918,0.22767568,0.011606328,0.5810097,0.0764789,0.49402767,0.02375932,0.4,0.0,0.019097362,0.011552975
375316653866487564,4179715598119834368,0.55488527,2262.7681409055804,3.5202962222290792,1.9881974E-5,18.431805,0.021146098,0.22119789,0.0041752136,0.08118018,0.006818188,0.371507,0.022180298,0.73364156,0.015633516,0.10340074,0.023197304,0.28009716,0.028392728,null,null,null,null,"TWOGAUSSIANS",8,5.0330896,0.22119789,0.0041753408,0.4,0.0,0.35823,0.016069522,0.73364156,0.015633516,0.4,0.0,0.2668147,0.035463817
375316653866487564,4179717213033847808,0.6517682,2246.455731595309,2.267552938141849,2.8485101E-6,14.172266,0.017552285,0.31877583,0.0013799982,0.056291167,0.006450531,0.28084812,0.030552577,0.82462,0.0016582157,0.06608774,0.010070755,0.16872454,0.03871639,0.11009304,0.022693923,0.82462,0.0016582157,"TWOGAUSSIANS_WITH_ELLIPSOIDAL_ON_ECLIPSE2",9,69.58948,0.31973583,8.98401E-4,0.31523055,0.036122974,0.5006454,0.032827463,0.82462,0.0016582157,0.37009132,0.056396227,0.38876998,0.01190469
375316653866487564,4179718102089022848,0.49251205,2268.4082047099237,0.20659107765908133,4.2158263E-5,18.056942,0.0044485023,0.18036939,0.0032044637,0.0523345,0.020728141,0.16451907,0.02431803,0.68653625,0.009464884,0.06710893,0.008952816,0.13968784,0.012083761,null,null,null,null,"TWOGAUSSIANS",8,3.9683592,0.18036939,0.0032044637,0.29307318,0.1024603,0.16448158,0.024683435,0.68653625,0.009464884,0.37581,0.04619402,0.13965034,0.012085827
375316653866487564,4179719652575578496,0.51353323,2201.3880618472954,0.9510972194722088,2.5437115E-5,17.33641,0.00385648,0.30239832,0.004210075,0.04503291,0.003687264,0.15619993,0.01507192,0.8125703,0.010112946,0.050805435,0.011303241,0.051571224,0.00834916,null,null,null,null,"TWOGAUSSIANS",8,5.1193895,0.30239832,0.004210075,0.2521843,0.020648679,0.1561998,0.015071965,0.8125703,0.010112946,0.28451043,0.06329815,0.0515711,0.008349205
375316653866487564,4179724291139986176,0.4536144,2241.9498759220432,3.4018234399647462,2.5117484E-5,14.812691,0.010705405,0.17809394,0.0054410095,0.034972318,0.010036532,0.61163586,2.5247915,0.67395765,0.032864474,0.09347414,0.03459851,0.09105182,0.013703322,null,null,null,null,"TWOGAUSSIANS",8,73.87496,0.17809394,0.0054410095,0.19584498,0.05620458,0.6115182,2.5248709,0.67395765,0.032864474,0.4,0.053327527,0.09093405,0.013596589
375316653866487564,4179726004824622208,0.5643098,2202.9698973289305,2.234889324179731,2.320457E-5,16.067402,0.018835098,0.2700707,0.008092602,0.061564535,0.025777217,0.54340345,0.20579064,0.7798307,0.019370306,0.03157748,0.014308593,1.9311699,29.166142,0.016767927,0.020477718,0.2700707,0.008092602,"TWOGAUSSIANS_WITH_ELLIPSOIDAL_ON_ECLIPSE1",9,77.94214,0.7798307,0.019360729,0.17683388,0.080128126,1.964451,29.197508,0.2700707,0.008092602,0.3447614,0.056103557,0.5768105,0.21295124
375316653866487564,4179728070711985152,0.67760766,2199.6716331388993,3.109790928919762,7.147683E-6,16.659418,0.025483167,0.19837047,0.0035280825,0.041636545,0.0049456498,0.55342275,0.06578499,0.6909629,0.0038672076,0.042757004,0.008538678,0.44128442,0.052200742,0.11775656,0.038479704,0.19837047,0.0035280825,"TWOGAUSSIANS_WITH_ELLIPSOIDAL_ON_ECLIPSE1",9,34.407337,0.19837047,0.0035280825,0.23316465,0.027695639,0.7889358,0.017204454,0.6914929,0.0034719938,0.23943922,0.047816597,0.676324,0.028921757
375316653866487564,4179729853118844928,0.48817733,2167.900090395156,0.15475212948039452,1.04020255E-4,18.828857,0.0038745063,0.103773914,0.021957215,0.023151381,0.019787299,0.028396288,0.014859604,0.4849664,0.015471917,0.13687862,0.016457917,0.15021417,0.014826155,null,null,null,null,"TWOGAUSSIANS",8,1.594864,0.4849664,0.015471917,0.4,0.0,0.14983371,0.01530045,0.10499392,0.022121085,0.12964773,0.11080887,0.03116852,0.01461767
375316653866487564,4179732052142082560,0.53161466,2206.594829288369,3.0663297381596823,2.471492E-5,14.609628,0.04899614,0.29179212,0.009557263,0.09563168,0.02456534,0.28140253,0.044579778,0.8006254,0.006302316,0.084635235,0.018698014,0.23116143,0.044169325,null,null,null,null,"TWOGAUSSIANS",8,286.28888,0.29179212,0.009557263,0.4,0.0,0.2718671,0.030554112,0.8006254,0.006302316,0.4,0.0,0.22162673,0.025473733
375316653866487564,4179736862501867392,0.5863716,2147.7357428057335,3.199390916050945,2.3314535E-5,17.989416,0.0101422835,0.27323014,0.0036552267,0.07653762,0.0057225702,0.46802124,0.01470445,0.7843883,0.007898724,0.07152843,0.009248482,0.411377,0.06587924,null,null,null,null,"TWOGAUSSIANS",8,7.225999,0.27323014,0.0036552267,0.4,0.0,0.46575093,0.014521466,0.7843883,0.007898724,0.4,0.040436145,0.40910673,0.06700123
375316653866487564,4179738619151655296,0.59050107,2147.1934605634597,3.829147490146156,7.277662E-6,19.383562,0.014182373,0.2757131,0.0019361441,0.06829635,0.002257723,0.77296317,0.02788023,0.7758765,0.010999231,0.067788675,0.01569849,0.5700693,0.21213958,null,null,null,null,"TWOGAUSSIANS",8,2.8416438,0.2757131,0.0019361441,0.38245955,0.012643248,0.77141565,0.027410164,0.7758765,0.010999231,0.3796166,0.0436553,0.56852174,0.21437809
375316653866487564,4179740371493679744,0.55136615,2182.0556941117484,3.9805923431472774,1.1283727E-5,19.669153,0.024246901,0.20730352,0.008477058,0.08643138,0.008772259,0.4518609,0.068551965,0.6988557,0.0032324856,0.0652037,0.003596404,0.78216106,0.052072532,null,null,null,null,"TWOGAUSSIANS",8,1.1812551,0.6988557,0.0032324856,0.3651407,0.020139864,0.7780938,0.051559977,0.20730352,0.008477058,0.4,0.0,0.44779363,0.06853712
375316653866487564,4179740676432955904,0.46278557,2175.9129065171114,0.26096093519339253,3.2943117E-5,19.889774,0.006452309,null,null,null,null,null,null,null,null,null,null,null,null,0.109962225,0.0074193897,0.7973669,0.007295748,"ELLIPSOIDAL",4,1.3188348,null,null,null,null,null,null,null,null,null,null,null,null
375316653866487564,4179741058693245824,0.6238171,2158.7675226156475,3.8578077769773222,1.2194671E-5,16.743397,0.007877232,0.21901178,0.004580144,0.08268287,0.004419856,0.3443247,0.011462446,0.70446545,0.0034639365,0.08097408,0.004112563,0.2988604,0.010954164,null,null,null,null,"TWOGAUSSIANS",8,8.470656,0.21901178,0.004580144,0.4,0.0,0.33974358,0.010622277,0.70446545,0.0034639365,0.4,0.0,0.29427928,0.010220378
375316653866487564,4179745727314369792,0.5368917,2146.0240446090816,0.22348470939298898,2.7403585E-5,18.165438,0.0049414206,0.2755089,0.005896896,0.063214876,0.0066714254,0.14295843,0.011780656,0.7887834,0.010552808,0.07537026,0.011283692,0.1369874,0.010122623,null,null,null,null,"TWOGAUSSIANS",8,1.9916662,0.2755089,0.005896896,0.35400328,0.037359983,0.14266622,0.011798335,0.7887834,0.010552808,0.4,0.023403054,0.13669519,0.010074866
375316653866487564,4179746247010511872,0.48287594,2213.1512938754854,1.4632783255182367,2.042343E-5,17.359804,0.36842087,0.29266408,0.013823554,0.26785123,0.1565838,0.38917002,0.3636776,0.7746838,0.010390099,0.13353918,0.024167502,0.26577163,0.15491788,null,null,null,null,"TWOGAUSSIANS",8,4.458581,0.7746838,0.010390099,0.4,0.0,0.11283238,0.01875283,0.2939841,0.013190812,0.4,0.0,0.10044117,0.010107323
375316653866487564,4179749678684525056,0.5833366,2229.407060841027,3.371593568298386,1.833034E-5,17.615797,0.011078847,0.31476977,0.002482355,0.07715289,0.0039776424,0.41539994,0.033935875,0.82524025,0.0055360934,0.07461696,0.005086563,0.51985323,0.015849002,null,null,null,null,"TWOGAUSSIANS",8,11.833719,0.82524025,0.0055360934,0.4,0.0,0.51661336,0.015529869,0.31476977,0.002482355,0.4,0.0,0.41216007,0.034221545
375316653866487564,4179750851219184000,0.55477434,2197.337682404409,1.5280835503067107,1.757175E-5,14.974632,0.010358414,0.29343408,0.009156271,0.08970818,0.011319051,0.15166014,0.01213882,0.7829662,0.004271852,0.10643737,0.0081791505,0.16617277,0.010051488,null,null,null,null,"TWOGAUSSIANS",8,29.239223,0.7829662,0.004271852,0.4,0.0,0.1554313,0.006549585,0.29344407,0.009160815,0.4,0.0,0.14092451,0.010537229
375316653866487564,4179754218473173888,0.578347,2169.6105192511554,3.247588128007245,2.1312153E-5,16.260221,0.015051133,0.31535026,0.0055279257,0.069835104,0.008160032,0.14063406,0.032020397,0.7875893,0.0070339018,0.033178493,0.01950848,0.1737446,0.48139134,0.046801776,0.018291088,0.7875893,0.0070339018,"TWOGAUSSIANS_WITH_ELLIPSOIDAL_ON_ECLIPSE2",9,11.243491,0.7875893,0.0070339018,0.18579957,0.10924748,0.267297,0.47435406,0.3097303,0.0028073366,0.3910766,0.033367105,0.23193192,0.009778145
375316653866487564,4179755214905622656,0.4893069,2171.989117355896,4.003692687581915,2.253908E-5,18.868383,0.17912666,0.28423747,0.006764278,0.103459656,0.024054201,0.23608662,0.14059941,0.76687485,0.011804544,0.12352905,0.09176041,0.21647657,0.14272082,null,null,null,null,"TWOGAUSSIANS",8,3.008529,0.28433746,0.0061175255,0.4,0.0,0.20288594,0.023426777,0.76687485,0.011804544,0.4,0.0,0.18314263,0.051703744
375316653866487564,4179758753958762496,0.6417965,2158.9279546192543,4.120299069069421,1.1133389E-5,16.874685,0.07587842,0.24272257,0.005934514,0.0641049,0.021337165,0.47753108,0.12054416,0.76875275,0.012410966,0.06393818,0.026511654,0.59079754,13.461134,0.072598405,0.078238964,0.24272257,0.005934514,"TWOGAUSSIANS_WITH_ELLIPSOIDAL_ON_ECLIPSE1",9,22.180195,0.76875275,0.012410966,0.3580538,0.14846526,0.7318587,13.507931,0.24272257,0.005934514,0.35898745,0.11948813,0.62244165,0.041677345
375316653866487564,4179761532800160768,0.6165768,2225.0568542499404,3.010520118399551,6.6582925E-6,16.981333,0.0019032455,0.25181982,0.0024666188,0.07728495,0.0030247238,0.25250587,0.0071378495,0.7579942,0.0012129794,0.06370441,0.0014365359,0.2944922,0.011018868,null,null,null,null,"TWOGAUSSIANS",8,2.9871385,0.7579942,0.0012129794,0.35674468,0.0080446005,0.29363698,0.011103911,0.25181982,0.0024666188,0.4,0.0,0.2516507,0.007225832
375316653866487564,4179768993159110912,0.6260811,2210.8313633229513,1.4575483147798614,1.5908538E-5,14.956726,0.0078071146,0.24726221,0.0044489764,0.08943053,0.0045158244,0.2823121,0.010476985,0.75521386,0.0050457995,0.08255698,0.008472747,0.30246264,0.017230017,null,null,null,null,"TWOGAUSSIANS",8,30.158113,0.75521386,0.0050457995,0.4,0.0,0.2950229,0.018289672,0.24726221,0.0044489764,0.4,0.0,0.27487227,0.00889501
