Gaia/vari_eclipsing_binary/VariEclipsingBinary_335501-335732.csv
# %ECSV 1.0
# ---
# delimiter: ','
# meta: !!omap
# - RELEASE: Gaia DR3
# - TABLE: vari_eclipsing_binary
# - DESCRIPTION: >
#     This table describes the properties of the eclipsing binaries resulting from the variability analysis. 
# - CITATION: >
#     How to cite and acknowledge Gaia: 
#     https://gea.esac.esa.int/archive/documentation/credits.html 
# - KNOWN_ISSUES: >
#     Known issues: 
#     https://www.cosmos.esa.int/web/gaia-users/known-issues 
# - DOCUMENTATION: >
#     Tutorials and documentation: 
#     https://www.cosmos.esa.int/web/gaia-users/archive 
# datatype:
# - 
#   name: solution_id
#   datatype: int64
#   description: Solution Identifier
#   meta:
#     ucd: meta.version
# - 
#   name: source_id
#   datatype: int64
#   description: Unique source identifier
#   meta:
#     ucd: meta.id;meta.main
# - 
#   name: global_ranking
#   datatype: float32
#   description: Number between 0 (worst) and 1 (best)
#   meta:
#     ucd: stat.param
# - 
#   name: reference_time
#   datatype: float64
#   unit: d
#   description: Reference time used for the geometric model fit
#   meta:
#     ucd: time.epoch
# - 
#   name: frequency
#   datatype: float64
#   unit: d**-1
#   description: Frequency of geometric model of the eclipsing binary light curve
#   meta:
#     ucd: src.orbital
# - 
#   name: frequency_error
#   datatype: float32
#   unit: d**-1
#   description: "Uncertainty of \\texttt{frequency}"
#   meta:
#     ucd: stat.error
# - 
#   name: geom_model_reference_level
#   datatype: float32
#   unit: mag
#   description: Magnitude reference level of geometric model
#   meta:
#     ucd: phot.mag;em.opt
# - 
#   name: geom_model_reference_level_error
#   datatype: float32
#   unit: mag
#   description: "Uncertainty of \\texttt{geomModelReferenceLevel}"
#   meta:
#     ucd: stat.error;phot.mag;em.opt
# - 
#   name: geom_model_gaussian1_phase
#   datatype: float32
#   description: Phase of the Gaussian 1 component
#   meta:
#     ucd: time.phase
# - 
#   name: geom_model_gaussian1_phase_error
#   datatype: float32
#   description: "Uncertainty of \\texttt{geomModelGaussian1Phase}"
#   meta:
#     ucd: stat.error;time.phase
# - 
#   name: geom_model_gaussian1_sigma
#   datatype: float32
#   description: "Standard deviation [phase] of Gaussian 1 component"
#   meta:
#     ucd: stat.stdev
# - 
#   name: geom_model_gaussian1_sigma_error
#   datatype: float32
#   description: "Uncertainty of \\texttt{geomModelGaussian1Sigma}"
#   meta:
#     ucd: stat.error
# - 
#   name: geom_model_gaussian1_depth
#   datatype: float32
#   unit: mag
#   description: Magnitude depth of Gaussian 1 component
#   meta:
#     ucd: src.var.amplitude
# - 
#   name: geom_model_gaussian1_depth_error
#   datatype: float32
#   unit: mag
#   description: "Uncertainty of \\texttt{geomModelGaussian1Depth}"
#   meta:
#     ucd: stat.error;src.var.amplitude
# - 
#   name: geom_model_gaussian2_phase
#   datatype: float32
#   description: Phase of Gaussian 2 component
#   meta:
#     ucd: time.phase
# - 
#   name: geom_model_gaussian2_phase_error
#   datatype: float32
#   description: "Uncertainty of \\texttt{geomModelGaussian2Phase}"
#   meta:
#     ucd: stat.error;time.phase
# - 
#   name: geom_model_gaussian2_sigma
#   datatype: float32
[...]
#   datatype: float32
#   description: "Secondary eclipse: uncertainty of \\texttt{derivedSecondaryEclDuration}"
#   meta:
#     ucd: stat.error;time.duration
# - 
#   name: derived_secondary_ecl_depth
#   datatype: float32
#   unit: mag
#   description: "Secondary eclipse: depth"
#   meta:
#     ucd: src.var.amplitude
# - 
#   name: derived_secondary_ecl_depth_error
#   datatype: float32
#   unit: mag
#   description: "Secondary eclipse: uncertainty of \\texttt{derivedSecondaryEclDepth}"
#   meta:
#     ucd: stat.error;src.var.amplitude
solution_id,source_id,global_ranking,reference_time,frequency,frequency_error,geom_model_reference_level,geom_model_reference_level_error,geom_model_gaussian1_phase,geom_model_gaussian1_phase_error,geom_model_gaussian1_sigma,geom_model_gaussian1_sigma_error,geom_model_gaussian1_depth,geom_model_gaussian1_depth_error,geom_model_gaussian2_phase,geom_model_gaussian2_phase_error,geom_model_gaussian2_sigma,geom_model_gaussian2_sigma_error,geom_model_gaussian2_depth,geom_model_gaussian2_depth_error,geom_model_cosine_half_period_amplitude,geom_model_cosine_half_period_amplitude_error,geom_model_cosine_half_period_phase,geom_model_cosine_half_period_phase_error,model_type,num_model_parameters,reduced_chi2,derived_primary_ecl_phase,derived_primary_ecl_phase_error,derived_primary_ecl_duration,derived_primary_ecl_duration_error,derived_primary_ecl_depth,derived_primary_ecl_depth_error,derived_secondary_ecl_phase,derived_secondary_ecl_phase_error,derived_secondary_ecl_duration,derived_secondary_ecl_duration_error,derived_secondary_ecl_depth,derived_secondary_ecl_depth_error
[from data line 371]
375316653866487564,2952136459417276416,0.5606841,2207.7947865277997,2.9994470536694418,7.4477407E-6,18.507347,0.006324077,0.29167047,0.0024377739,0.083324715,0.0034369752,0.3919402,0.0089574745,0.7915206,0.0011110482,0.079344496,0.0020917805,0.40492263,0.0075568706,null,null,null,null,"TWOGAUSSIANS",8,2.1449225,0.7915206,0.0011110482,0.4,0.0,0.397872,0.0070783724,0.29167047,0.0024377739,0.4,0.0,0.38488957,0.008976916
375316653866487564,2952140445147097472,0.5032146,2199.617169563141,2.6404995107054785,1.6383749E-5,17.354115,0.081550874,0.28544354,0.009391063,0.10329457,0.02460327,0.14893152,0.07472935,0.78005165,0.023936927,0.11619795,0.0724997,0.15333955,0.07177558,null,null,null,null,"TWOGAUSSIANS",8,6.1916585,0.78005165,0.023936927,0.4,0.0,0.13203032,0.012797347,0.28545353,0.00828279,0.4,0.0,0.12764958,0.009583552
375316653866487564,2952140896121311360,0.5006187,2207.2047701017577,4.408454563284136,4.4462107E-5,19.622208,0.021305295,0.3047185,0.03567784,0.043916594,0.039755594,0.26659334,11.285001,0.776242,0.012119065,0.057603396,0.016881762,0.27852398,0.088041626,0.08634516,0.06448581,0.3047185,0.03567784,"TWOGAUSSIANS_WITH_ELLIPSOIDAL_ON_ECLIPSE1",9,9.375231,0.780172,0.0069849845,0.32257903,0.0923563,0.44648844,0.054760512,0.3047185,0.03567784,0.24593294,0.22263134,0.43928057,11.298233
375316653866487564,2952142270513360256,0.48883972,2226.25203390439,1.5792538771544895,1.7605153E-5,15.591213,0.0033755933,null,null,null,null,null,null,null,null,null,null,null,null,0.056822453,0.005639624,0.2886077,0.0041676215,"ELLIPSOIDAL",4,85.635635,null,null,null,null,null,null,null,null,null,null,null,null
375316653866487564,2952145397249892608,0.6240356,2267.233625072012,2.581352205433363,3.845541E-6,16.53071,0.0062018405,0.24970533,0.0036933688,0.089431494,0.004259936,0.34963852,0.0065017645,0.75009984,0.0011556986,0.08683032,0.002185994,0.38277277,0.010624924,null,null,null,null,"TWOGAUSSIANS",8,6.6010675,0.75009984,0.0011556986,0.4,0.0,0.36977834,0.01063395,0.24970533,0.0036933688,0.4,0.0,0.336644,0.0064176773
375316653866487564,2952145603408321920,0.44721776,2273.2566013436985,0.41781022541474017,1.0469693E-5,16.033365,0.008256624,0.18435428,0.0033072387,0.031285133,0.0035261894,0.40711865,0.039817292,0.7061039,0.02748574,0.059070762,0.025928367,0.20325823,0.0634413,0.020198364,0.019869769,0.18435428,0.0033072387,"TWOGAUSSIANS_WITH_ELLIPSOIDAL_ON_ECLIPSE1",9,45.916256,0.18435428,0.0033072387,0.17519675,0.01974666,0.44751018,0.05304643,0.7061039,0.02748574,0.33079627,0.115892336,0.24290003,0.06995454
375316653866487564,2952146084444672384,0.5838733,2274.318112727608,4.037391769452039,1.2344713E-5,15.4546995,0.019476963,0.25701034,0.006064582,0.097112544,0.010138782,0.36944482,0.019703764,0.73619175,0.0028214124,0.096428424,0.005961363,0.3785148,0.019983068,null,null,null,null,"TWOGAUSSIANS",8,78.96851,0.73619175,0.0028214124,0.4,0.0,0.35850143,0.014418634,0.25701034,0.006064582,0.4,0.0,0.34943113,0.019431656
375316653866487564,2952151096666289408,0.60554343,2257.1951553282515,2.19176660726305,3.7855227E-6,18.135666,0.0033158704,0.3220726,9.818068E-4,0.044489928,0.0014025319,0.3895889,0.013475505,0.8344795,0.011431577,0.03182739,0.01431478,0.048651762,0.048634104,0.07500755,0.005876033,0.3220726,9.818068E-4,"TWOGAUSSIANS_WITH_ELLIPSOIDAL_ON_ECLIPSE1",9,2.8558981,0.3220726,9.818068E-4,0.24914359,0.007854179,0.53960395,0.013537481,0.8344795,0.011431577,0.17823339,0.08016276,0.19775702,0.0481377
375316653866487564,2952154841877917696,0.62023485,2262.7533527203354,1.4868062546387568,7.5209286E-6,18.06323,0.011604852,0.27559754,9.08104E-4,0.034044765,0.005628,1.1453607,0.24625681,0.7734311,0.0022931688,0.043639455,0.0052545,0.28102374,0.021091096,0.044840258,0.01481528,0.27559754,9.08104E-4,"TWOGAUSSIANS_WITH_ELLIPSOIDAL_ON_ECLIPSE1",9,3.9810562,0.27559754,9.08104E-4,0.19065067,0.031516798,1.2350411,0.26503298,0.77353114,0.002183133,0.24438095,0.029425202,0.37068835,0.01879406
375316653866487564,2952156392366023552,0.585998,2292.91622045128,2.869273527388612,2.1733744E-5,15.41275,0.027488774,0.2783995,0.009700256,0.058921497,0.014127514,0.20481142,0.0631235,0.7695304,0.0052036187,0.050574634,0.017330483,0.23517136,0.04678311,0.11851805,0.03106197,0.7695304,0.0052036187,"TWOGAUSSIANS_WITH_ELLIPSOIDAL_ON_ECLIPSE2",9,168.15555,0.7695304,0.0052036187,0.28321797,0.097050704,0.4721911,0.031237299,0.2762595,0.007869165,0.32996038,0.07911408,0.44127265,0.033484228
375316653866487564,2952157453218424320,0.53421056,2278.0424503408126,2.503431931355251,2.6892632E-5,17.989185,0.0016217494,0.28472307,0.061470047,0.028488647,0.015886161,0.37640595,0.3663252,0.72157484,0.0045328243,0.03430986,0.0050105145,0.033926316,0.0034305158,null,null,null,null,"TWOGAUSSIANS",8,0.92091596,0.28472307,0.061470047,0.15953642,0.0889625,0.37640595,0.3663252,0.72157484,0.0045328243,0.19213521,0.028058881,0.033926316,0.0034305158
375316653866487564,2952159686601471616,0.5908891,2231.936169305416,2.62469241324248,9.507789E-6,18.212585,0.006155175,0.21088177,0.0030025928,0.03761564,0.0054975213,0.107331045,0.018807191,0.7182055,0.001518463,0.031401675,0.004409198,0.15813445,0.011646696,0.11556013,0.008304071,0.21088177,0.0030025928,"TWOGAUSSIANS_WITH_ELLIPSOIDAL_ON_ECLIPSE1",9,2.880761,0.7182055,0.001518463,0.17584938,0.024691511,0.3887656,0.014812601,0.21088177,0.0030025928,0.21064757,0.03078612,0.33845124,0.011750763
375316653866487564,2952162199161798528,0.50088876,2229.406616312569,0.6364684264960114,1.5910837E-5,15.7937,0.0024722563,0.3577662,0.0075478693,0.091867425,0.0065548667,0.10150662,0.009095341,0.8359712,0.0355277,0.06764698,0.027529638,0.011991774,0.003091011,null,null,null,null,"TWOGAUSSIANS",8,8.283197,0.3577662,0.0075478693,0.4,0.0,0.101137914,0.008958958,0.8359712,0.0355277,0.3788231,0.10941872,0.011623208,0.0022188125
375316653866487564,2952163363093154176,0.42492676,2268.398901349703,0.0650807447699779,3.0971078E-5,18.630667,0.010448523,0.28150785,0.012312335,0.08879994,0.016015844,0.08380975,0.014099211,0.7831834,0.017502747,0.071307324,0.014380758,0.09836832,0.014905802,null,null,null,null,"TWOGAUSSIANS",8,1.9530853,0.7831834,0.017502747,0.39932102,0.03633246,0.09705043,0.013721725,0.28150785,0.012312335,0.4,0.0,0.082491845,0.013312659
375316653866487564,2952170200681596928,0.45923522,2234.99303798202,4.033453785169671,2.3901797E-5,19.861084,0.017907461,0.29026118,0.007566619,0.083145246,0.018779458,0.34264946,0.17843102,0.7757933,0.005280069,0.08979197,0.01195797,0.36859122,0.068023294,null,null,null,null,"TWOGAUSSIANS",8,2.7771673,0.7757933,0.005280069,0.4,0.0,0.36007422,0.07173766,0.29026118,0.007566619,0.4,0.030085728,0.33413264,0.18360853
375316653866487564,2952171506351543168,0.56309766,2264.0313542852473,2.7588710300309836,1.6687834E-5,18.421642,0.0074706418,0.2631054,0.007156074,0.0851721,0.00840858,0.22047779,0.019726723,0.76711273,0.0026849932,0.07941711,0.0042667673,0.24556306,0.0101070795,null,null,null,null,"TWOGAUSSIANS",8,1.7403858,0.76711273,0.0026849932,0.4,0.0,0.2412943,0.009647005,0.2631054,0.007156074,0.4,0.0,0.21620902,0.020616215
375316653866487564,2952172060403396992,0.4410704,2242.278327690497,0.2953071333853411,3.745804E-5,18.193802,0.014823473,0.20721607,0.008510634,0.064693965,0.010407121,0.16532426,0.022829974,0.806048,0.01283812,0.04914426,0.020837385,0.07329577,0.019192291,null,null,null,null,"TWOGAUSSIANS",8,8.18293,0.20721607,0.008510634,0.3622862,0.058279876,0.16532402,0.022829777,0.806048,0.01283812,0.27520785,0.116689354,0.07329555,0.019192312
375316653866487564,2952172502784052608,0.57157385,2288.2501658722713,3.8860227802765177,1.2258943E-5,19.513998,0.013335793,0.21889986,0.0022458427,0.072093904,0.0032962752,0.53347826,0.012984056,0.73086786,0.005866994,0.07268166,0.0070905443,0.5607086,0.07373719,null,null,null,null,"TWOGAUSSIANS",8,1.1647598,0.73086786,0.005866994,0.4,0.007265694,0.5586024,0.07490783,0.21889986,0.0022458427,0.4,0.008032119,0.5313721,0.012379174
375316653866487564,2952175839977509248,0.62746334,2255.129742674445,3.144905573070971,4.8836746E-6,14.924481,0.015963165,0.2720628,0.0018835271,0.04953136,0.004621915,0.46501487,0.033691917,0.77651745,0.0015556776,0.046317626,0.0034404928,0.33521524,0.036161095,0.10327518,0.020875433,0.77651745,0.0015556776,"TWOGAUSSIANS_WITH_ELLIPSOIDAL_ON_ECLIPSE2",9,106.668495,0.2724128,0.001754004,0.2773756,0.025882725,0.67141527,0.0330008,0.77651745,0.0015556776,0.2593787,0.01926676,0.54176456,0.0118022915
375316653866487564,2952176149215127424,0.4979176,2235.0276430108697,1.4912786670955942,2.4698522E-5,15.96426,0.0024357082,0.3067001,0.008952626,0.017844822,0.022795368,0.009699206,46.837326,0.8042192,0.064104475,0.03427317,0.08931809,0.06415203,0.057964295,0.015750283,0.0025031178,0.3067001,0.008952626,"TWOGAUSSIANS_WITH_ELLIPSOIDAL_ON_ECLIPSE1",9,5.3551226,0.8043292,0.013413494,0.19192976,0.20975605,0.09564526,0.057517752,0.3067001,0.008952626,0.09993101,0.12765406,0.041199747,46.839615
375316653866487564,2952177489244916224,0.554812,2257.662681722396,2.555535837496013,9.452785E-6,15.841679,0.030189479,0.23781073,0.0027798421,0.1066389,0.011650914,0.20548691,0.027971677,0.74194634,0.0040184013,0.11902412,0.017102733,0.20175532,0.028703766,null,null,null,null,"TWOGAUSSIANS",8,16.030825,0.23779073,0.0027901947,0.4,0.0,0.17205018,0.0068990733,0.74194634,0.0040336456,0.4,0.0,0.1682656,0.0043779914
375316653866487564,2952179168573748096,0.5529828,2280.613108747487,3.383690300819141,1.2634374E-5,19.260954,0.0120290965,0.25352535,0.0023506368,0.042488277,0.006218354,0.22154823,0.027814833,0.7459782,0.018136665,0.037933294,0.01805659,0.18166544,0.037315696,0.11836397,0.017594106,0.25352535,0.0023506368,"TWOGAUSSIANS_WITH_ELLIPSOIDAL_ON_ECLIPSE1",9,1.8427789,0.25352535,0.0023506368,0.23793437,0.034822784,0.45827615,0.017124064,0.7469482,0.016763339,0.21242645,0.1011169,0.41792995,0.038883064
375316653866487564,2952180714759539456,0.545467,2261.487288983619,0.3972574568227155,4.83251E-5,10.648467,0.010712896,0.22663067,0.011285899,0.031535085,0.011953303,0.24778853,0.09765518,0.7450235,0.018957943,0.05649759,0.029683802,0.118614286,0.04225712,0.010294,0.014929675,0.7450235,0.018957943,"TWOGAUSSIANS_WITH_ELLIPSOIDAL_ON_ECLIPSE2",9,178.07014,0.22675067,0.011153445,0.17659648,0.0669385,0.26809794,0.1120685,0.7450235,0.018957943,0.3163865,0.1662293,0.13919568,0.023203388
375316653866487564,2952183566618882560,0.5530212,2186.303332724712,2.230145150436093,2.4872881E-5,19.919708,0.009468388,0.14871806,0.004005851,0.032435264,0.0027112577,0.77778965,0.10936403,0.6659155,0.01731169,0.032626525,0.009618806,0.79824924,0.17688566,null,null,null,null,"TWOGAUSSIANS",8,2.357231,0.6659155,0.01731169,0.18270853,0.05386531,0.79824924,0.17688566,0.14871806,0.004005851,0.18163748,0.015183044,0.77778965,0.10936403
375316653866487564,2952187247407061760,0.5585799,2204.1621810778975,1.9997601345617675,1.5826448E-5,17.109863,0.010328502,0.33441696,0.006843007,0.02409909,0.012862665,0.78359264,0.4235568,0.8316128,0.0056173173,0.026294902,0.0035031186,0.29610723,0.05927583,null,null,null,null,"TWOGAUSSIANS",8,40.624115,0.33441696,0.006843007,0.1349549,0.072030924,0.78359264,0.4235568,0.8316128,0.0056173173,0.14725144,0.019617464,0.29610723,0.05927583
375316653866487564,2952189304695471104,0.5115721,2251.1670156279056,0.018542759293644684,2.1986252E-5,16.477783,0.00531925,0.8207611,6.8032978E-6,0.001584534,3.9150138E-5,0.6054443,0.005138643,null,null,null,null,null,null,0.027867816,0.0060066236,0.8207611,6.8032978E-6,"ONEGAUSSIAN_WITH_ELLIPSOIDAL",6,45.588375,0.8207611,6.8032978E-6,0.00887339,2.1924078E-4,0.66117984,0.015040837,null,null,null,null,null,null
375316653866487564,2952189549513357312,0.6231424,2239.3214137129057,1.169605684319062,4.569141E-6,15.103551,0.011873936,0.22826816,0.0029805347,0.048772275,0.007877944,0.12878774,0.026002606,0.725078,0.0016719307,0.060963023,0.009626034,0.1274227,0.028808232,0.091961935,0.014888144,0.725078,0.0016719307,"TWOGAUSSIANS_WITH_ELLIPSOIDAL_ON_ECLIPSE2",9,24.063496,0.22759816,0.0022112418,0.27312475,0.044116486,0.31262448,0.005762668,0.725078,0.0016719307,0.34139293,0.05390579,0.3113177,0.020012649
375316653866487564,2952190369847483776,0.5847627,2243.797461761421,3.2946597743833808,9.680233E-6,18.10344,0.008359332,0.251272,0.0028833793,0.081155404,0.004458627,0.3703775,0.0198824,0.7462139,0.0030834419,0.08034245,0.003800335,0.30334255,0.011337008,null,null,null,null,"TWOGAUSSIANS",8,3.318771,0.251272,0.0028833793,0.4,0.0,0.3653358,0.020424508,0.7462139,0.0030834419,0.4,0.0,0.29830086,0.010543743
375316653866487564,2952190889543120256,0.5395722,2237.7875514747484,3.9883225658790993,6.5813496E-5,17.247295,0.0017600621,0.20567515,0.022820186,0.042454038,0.04803261,0.050778832,1.39424458E12,0.50227016,0.008513558,0.03566657,0.0046278783,0.22030607,0.07105793,0.0034888377,0.002134146,0.20567515,0.022820186,"TWOGAUSSIANS_WITH_ELLIPSOIDAL_ON_ECLIPSE1",9,2.1463554,0.5024102,0.008555436,0.1997328,0.025916118,0.22088893,0.07093801,0.20567515,0.022820186,0.23774262,0.26898262,0.057756484,1.39424458E12
375316653866487564,2952193737103375232,0.6184357,2243.4590025687958,1.2221797269854002,6.785909E-6,17.126772,0.0047399094,0.2508828,0.0027728153,0.041867178,0.0041767033,0.08022604,0.01061696,0.7483585,0.0012430699,0.045269854,0.002742996,0.3885389,0.020465048,0.046483945,0.006207045,0.2508828,0.0027728153,"TWOGAUSSIANS_WITH_ELLIPSOIDAL_ON_ECLIPSE1",9,4.2419662,0.74844843,0.0011684408,0.2535112,0.015360777,0.48148414,0.024541495,0.2508828,0.0027728153,0.2344562,0.023389537,0.17319381,0.004219583
375316653866487564,2952194634754646272,0.64666384,2247.2621033537675,0.48045940050668323,9.90308E-6,15.160765,0.0019647537,0.81498164,9.6894015E-5,0.02221758,2.2189473E-4,0.46840414,0.0033284866,null,null,null,null,null,null,0.008701685,0.0023128549,0.81498164,9.6894015E-5,"ONEGAUSSIAN_WITH_ELLIPSOIDAL",6,16.469902,0.81498164,9.6894015E-5,0.12441844,0.0012426105,0.4858075,0.0025637501,null,null,null,null,null,null
375316653866487564,2952194669114377728,0.76384914,2254.0372639621537,0.1635564046176499,5.337641E-5,14.844618,4.2291498E-4,0.4854759,0.0147731565,0.014817753,0.019175751,0.6899042,29.112705,null,null,null,null,null,null,0.0017031846,6.340556E-4,0.4854759,0.0147731565,"ONEGAUSSIAN_WITH_ELLIPSOIDAL",6,2.4092445,0.4854759,0.0147731565,0.08297942,0.107384205,0.6933106,29.112776,null,null,null,null,null,null
375316653866487564,2952195184510421504,0.5417685,2277.0630672851476,0.12221292294032117,1.0433702E-6,15.107492,0.0012335534,0.3742743,4.309372E-6,0.02720803,1.6803386E-4,1.9731218,0.05040157,0.7909523,0.06534155,0.057188094,0.06200321,0.0120996535,0.03564642,null,null,null,null,"TWOGAUSSIANS",8,8.216169,0.3742743,4.309372E-6,0.15236497,9.4098964E-4,1.9731218,0.05040166,0.7909523,0.06534155,0.3202533,0.22889216,0.0120996535,0.035646547
375316653866487564,2952195455089149824,0.5713049,2250.6427554188563,3.2611389738226584,6.2298363E-6,18.17772,0.014515407,0.25396788,0.0023119494,0.085141174,0.0048700045,0.37367466,0.013835069,0.7596346,0.002577813,0.08653928,0.0049037235,0.36292398,0.017794203,null,null,null,null,"TWOGAUSSIANS",8,4.0020013,0.25396788,0.0023119494,0.4,0.0,0.36405247,0.011953269,0.7596346,0.002577813,0.4,0.0,0.3533018,0.016477533
