Gaia/vari_eclipsing_binary/VariEclipsingBinary_675366-675403.csv
# %ECSV 1.0
# ---
# delimiter: ','
# meta: !!omap
# - RELEASE: Gaia DR3
# - TABLE: vari_eclipsing_binary
# - DESCRIPTION: >
#     This table describes the properties of the eclipsing binaries resulting from the variability analysis. 
# - CITATION: >
#     How to cite and acknowledge Gaia: 
#     https://gea.esac.esa.int/archive/documentation/credits.html 
# - KNOWN_ISSUES: >
#     Known issues: 
#     https://www.cosmos.esa.int/web/gaia-users/known-issues 
# - DOCUMENTATION: >
#     Tutorials and documentation: 
#     https://www.cosmos.esa.int/web/gaia-users/archive 
# datatype:
# - 
#   name: solution_id
#   datatype: int64
#   description: Solution Identifier
#   meta:
#     ucd: meta.version
# - 
#   name: source_id
#   datatype: int64
#   description: Unique source identifier
#   meta:
#     ucd: meta.id;meta.main
# - 
#   name: global_ranking
#   datatype: float32
#   description: Number between 0 (worst) and 1 (best)
#   meta:
#     ucd: stat.param
# - 
#   name: reference_time
#   datatype: float64
#   unit: d
#   description: Reference time used for the geometric model fit
#   meta:
#     ucd: time.epoch
# - 
#   name: frequency
#   datatype: float64
#   unit: d**-1
#   description: Frequency of geometric model of the eclipsing binary light curve
#   meta:
#     ucd: src.orbital
# - 
#   name: frequency_error
#   datatype: float32
#   unit: d**-1
#   description: "Uncertainty of \\texttt{frequency}"
#   meta:
#     ucd: stat.error
# - 
#   name: geom_model_reference_level
#   datatype: float32
#   unit: mag
#   description: Magnitude reference level of geometric model
#   meta:
#     ucd: phot.mag;em.opt
# - 
#   name: geom_model_reference_level_error
#   datatype: float32
#   unit: mag
#   description: "Uncertainty of \\texttt{geomModelReferenceLevel}"
#   meta:
#     ucd: stat.error;phot.mag;em.opt
# - 
#   name: geom_model_gaussian1_phase
#   datatype: float32
#   description: Phase of the Gaussian 1 component
#   meta:
#     ucd: time.phase
# - 
#   name: geom_model_gaussian1_phase_error
#   datatype: float32
#   description: "Uncertainty of \\texttt{geomModelGaussian1Phase}"
#   meta:
#     ucd: stat.error;time.phase
# - 
#   name: geom_model_gaussian1_sigma
#   datatype: float32
#   description: "Standard deviation [phase] of Gaussian 1 component"
#   meta:
#     ucd: stat.stdev
# - 
#   name: geom_model_gaussian1_sigma_error
#   datatype: float32
#   description: "Uncertainty of \\texttt{geomModelGaussian1Sigma}"
#   meta:
#     ucd: stat.error
# - 
#   name: geom_model_gaussian1_depth
#   datatype: float32
#   unit: mag
#   description: Magnitude depth of Gaussian 1 component
#   meta:
#     ucd: src.var.amplitude
# - 
#   name: geom_model_gaussian1_depth_error
#   datatype: float32
#   unit: mag
#   description: "Uncertainty of \\texttt{geomModelGaussian1Depth}"
#   meta:
#     ucd: stat.error;src.var.amplitude
# - 
#   name: geom_model_gaussian2_phase
#   datatype: float32
#   description: Phase of Gaussian 2 component
#   meta:
#     ucd: time.phase
# - 
#   name: geom_model_gaussian2_phase_error
#   datatype: float32
#   description: "Uncertainty of \\texttt{geomModelGaussian2Phase}"
#   meta:
#     ucd: stat.error;time.phase
# - 
#   name: geom_model_gaussian2_sigma
#   datatype: float32
[...]
#   datatype: float32
#   description: "Secondary eclipse: uncertainty of \\texttt{derivedSecondaryEclDuration}"
#   meta:
#     ucd: stat.error;time.duration
# - 
#   name: derived_secondary_ecl_depth
#   datatype: float32
#   unit: mag
#   description: "Secondary eclipse: depth"
#   meta:
#     ucd: src.var.amplitude
# - 
#   name: derived_secondary_ecl_depth_error
#   datatype: float32
#   unit: mag
#   description: "Secondary eclipse: uncertainty of \\texttt{derivedSecondaryEclDepth}"
#   meta:
#     ucd: stat.error;src.var.amplitude
solution_id,source_id,global_ranking,reference_time,frequency,frequency_error,geom_model_reference_level,geom_model_reference_level_error,geom_model_gaussian1_phase,geom_model_gaussian1_phase_error,geom_model_gaussian1_sigma,geom_model_gaussian1_sigma_error,geom_model_gaussian1_depth,geom_model_gaussian1_depth_error,geom_model_gaussian2_phase,geom_model_gaussian2_phase_error,geom_model_gaussian2_sigma,geom_model_gaussian2_sigma_error,geom_model_gaussian2_depth,geom_model_gaussian2_depth_error,geom_model_cosine_half_period_amplitude,geom_model_cosine_half_period_amplitude_error,geom_model_cosine_half_period_phase,geom_model_cosine_half_period_phase_error,model_type,num_model_parameters,reduced_chi2,derived_primary_ecl_phase,derived_primary_ecl_phase_error,derived_primary_ecl_duration,derived_primary_ecl_duration_error,derived_primary_ecl_depth,derived_primary_ecl_depth_error,derived_secondary_ecl_phase,derived_secondary_ecl_phase_error,derived_secondary_ecl_duration,derived_secondary_ecl_duration_error,derived_secondary_ecl_depth,derived_secondary_ecl_depth_error
[from data line 360]
375316653866487564,5940746575712281600,0.569618,2208.4043737441543,2.441290448059494,8.887162E-6,17.314259,0.007568775,0.35544914,0.0023813387,0.09248376,0.0040932326,0.30673587,0.007989702,0.85792357,0.0029809563,0.082567096,0.0040746653,0.24017088,0.009918459,null,null,null,null,"TWOGAUSSIANS",8,6.434352,0.35544914,0.0023813387,0.4,0.0,0.29787013,0.0070448304,0.85792357,0.0029809563,0.4,0.0,0.2313054,0.009002663
375316653866487564,5940747602180184320,0.56229925,2193.7060703217694,3.152440905573877,8.627693E-6,18.700222,0.012064731,0.3049671,0.0022787598,0.058287386,0.0053541483,0.3383662,0.03666369,0.7971208,0.0056657987,0.043457918,0.0093912,0.22736089,0.0931917,0.11179242,0.020241836,0.3049671,0.0022787598,"TWOGAUSSIANS_WITH_ELLIPSOIDAL_ON_ECLIPSE1",9,3.6261604,0.3049671,0.0022787598,0.32640937,0.02998323,0.56191653,0.02933103,0.79812086,0.0046986225,0.24336433,0.05259072,0.45043755,0.10492584
375316653866487564,5940747739619134592,0.57088506,2172.800289463189,0.25217474065697826,1.1169456E-6,18.205046,0.0016654854,0.31264332,3.6115674E-4,0.011004705,5.127208E-4,0.36954173,0.025527002,0.8130189,0.0035693513,0.008898638,0.004560643,0.21971722,0.07901806,null,null,null,null,"TWOGAUSSIANS",8,1.6581397,0.31264332,3.6115674E-4,0.06162635,0.0028712365,0.36954173,0.025527002,0.8130189,0.0035693513,0.04983237,0.0255396,0.21971722,0.07901806
375316653866487564,5940747812662869248,0.6384506,2186.031210708825,0.46277301236189033,4.269069E-6,13.825425,0.0019171117,0.25486585,7.2387327E-4,0.03424078,0.0013804672,0.32050455,0.015097582,0.7553655,7.66442E-4,0.035029072,7.933597E-4,0.32847708,0.009951841,0.021152949,0.002493974,0.25486585,7.2387327E-4,"TWOGAUSSIANS_WITH_ELLIPSOIDAL_ON_ECLIPSE1",9,53.23687,0.7553655,7.66442E-4,0.1961628,0.0044428143,0.37078252,0.009172704,0.25486585,7.2387327E-4,0.19174837,0.0077306163,0.3628104,0.017050777
375316653866487564,5940747812662871552,0.5932257,2188.2534800259973,0.18545266152314077,1.4552503E-4,17.091978,0.0015388697,0.72423065,0.0012080616,0.014865006,8.7709323E-4,0.3479209,0.012282953,0.8982743,0.031583585,0.024495846,0.037775565,0.005475529,0.03692612,null,null,null,null,"TWOGAUSSIANS",8,3.316971,0.72423065,0.0012080616,0.08324403,0.004911722,0.3479209,0.012282953,0.8982743,0.031583585,0.13717674,0.21154316,0.005475529,0.03692612
375316653866487564,5940748293699244416,0.6555013,2209.666843513944,0.1464926417601103,1.4653648E-6,15.116349,0.004552046,0.17657077,6.7258945E-5,0.012815659,2.0284657E-4,1.1635066,0.011235181,0.67993605,0.012449876,0.033067923,0.021522313,0.25032073,212735.16,0.027597759,0.008049525,0.17657077,6.7258945E-5,"TWOGAUSSIANS_WITH_ELLIPSOIDAL_ON_ECLIPSE1",9,96.256516,0.17657077,6.7258945E-5,0.07176769,0.0011359408,1.2187022,0.014215604,0.67993605,0.012449876,0.18518037,0.12052496,0.3054915,212735.16
375316653866487564,5940748358094444288,0.5648508,2203.9215377699684,2.7534057999200385,1.00182615E-5,18.415545,0.012418431,0.27935973,0.0026371446,0.0788733,0.003846843,0.52043355,0.024479276,0.78742194,0.002743474,0.08457752,0.0042858906,0.47336468,0.0133760795,null,null,null,null,"TWOGAUSSIANS",8,5.434433,0.27935973,0.0026371446,0.4,0.0,0.5125329,0.024620224,0.78742194,0.002743474,0.4,0.0,0.465464,0.0124633005
375316653866487564,5940748980883136512,0.5215623,2193.169335567139,3.9504733546088455,2.0814996E-5,19.754585,0.029041221,0.19924994,0.024190465,0.06498346,0.03394304,0.6126919,0.29714268,0.70729876,0.0020254096,0.062655225,0.003948569,0.5793346,0.031521954,null,null,null,null,"TWOGAUSSIANS",8,2.1172605,0.19924994,0.024190465,0.36390734,0.053151637,0.6122593,0.30240706,0.70729876,0.0020254096,0.35086927,0.022111984,0.57890207,0.027896008
375316653866487564,5940749255771970304,0.56410354,2218.12290126814,0.9710418503031614,7.654954E-6,12.269235,0.07516496,0.1793481,0.0019248944,0.13811296,0.03457024,0.10025303,0.07130652,0.6791246,0.0020146682,0.14133331,0.04647165,0.08918683,0.07220354,null,null,null,null,"TWOGAUSSIANS",8,18.827625,0.1793581,0.0019667703,0.4,0.0,0.06256475,0.0012687687,0.6791246,0.0020474019,0.4,0.0,0.05144277,0.0017183413
375316653866487564,5940749324481562240,0.54635346,2202.006370470912,2.305224704808885,7.928471E-6,19.57685,0.012883791,0.2704507,0.0053611635,0.064156525,0.0046908795,0.4323361,0.039082956,0.75085133,0.004808398,0.072714,0.0049596173,0.84243035,0.058152158,null,null,null,null,"TWOGAUSSIANS",8,3.7315114,0.75085133,0.004808398,0.4,0.005801714,0.8415199,0.05836129,0.2704507,0.0053611635,0.35927653,0.026268926,0.43142563,0.0391427
375316653866487564,5940749835563092352,0.47648573,2209.6872381756234,0.7637339006527595,8.951572E-5,18.01909,0.0043732803,0.18323383,7.887487E-4,0.015411172,0.0029451868,0.15350237,0.1714915,0.4910006,0.0016163158,0.032770604,9.213733E-4,0.19744107,0.009300685,null,null,null,null,"TWOGAUSSIANS",8,5.037837,0.4910006,0.0016163158,0.18351538,0.0051596905,0.19744107,0.009300685,0.18323383,7.887487E-4,0.08630256,0.016493045,0.15350237,0.1714915
375316653866487564,5940751179917679360,0.5317152,2188.1659963355914,0.22307662970651979,8.522841E-6,17.287588,0.002674696,0.33275643,0.0015131655,0.020068265,0.0013251606,0.19279918,0.004659438,0.83207035,0.0061498997,0.020046227,0.0062723593,0.23212835,0.033483904,null,null,null,null,"TWOGAUSSIANS",8,8.645989,0.83207035,0.0061498997,0.11225887,0.03512521,0.23212835,0.033483904,0.33275643,0.0015131655,0.112382285,0.0074209,0.19279918,0.004659438
375316653866487564,5940752653068058368,0.5418959,2177.3483233060783,3.3039101998748923,1.3651189E-5,18.115948,0.010600711,0.27065688,0.0031898292,0.04489589,0.0103664575,0.11948161,0.02372834,0.8217416,0.012989472,0.050598454,0.010963678,0.08350448,0.018521244,0.08626289,0.0151537,0.27065688,0.0031898292,"TWOGAUSSIANS_WITH_ELLIPSOIDAL_ON_ECLIPSE1",9,8.564246,0.27065688,0.0031898292,0.25141698,0.058052164,0.29200724,0.016772483,0.8217416,0.012989472,0.28335133,0.0613966,0.2388578,0.007989169
375316653866487564,5940752829185174656,0.57360345,2195.7987423509758,0.42424128516407994,3.9988777E-6,17.13865,9.936158E-4,0.22107163,1.1840983E-6,0.0036155754,1.3276503E-5,2.2994006,0.029117435,0.55494183,0.07221471,0.054589648,0.03195199,0.01070571,0.013505695,null,null,null,null,"TWOGAUSSIANS",8,2.0036428,0.22107163,1.1840983E-6,0.020247221,7.434841E-5,2.2994006,0.029117439,0.55494183,0.07221471,0.30570203,0.17893113,0.01070571,0.013505695
375316653866487564,5940753305895516544,0.54560274,2180.518643719453,2.4111054722200103,2.0837248E-5,17.758108,0.0117590735,0.24570845,0.0043353206,0.0915816,0.0061602807,0.23873039,0.013060616,0.7369079,0.004614905,0.09005246,0.008416171,0.3163838,0.010142725,null,null,null,null,"TWOGAUSSIANS",8,9.136105,0.7369079,0.004614905,0.4,0.0,0.30554652,0.008504775,0.24570845,0.0043353206,0.4,0.0,0.22789308,0.009254432
375316653866487564,5940753756897629952,0.5763606,2175.9056045550305,1.3638446723195028,6.2696477E-6,15.330108,0.05149397,0.30004385,0.0015769626,0.15473348,0.038722333,0.09883364,0.050480068,0.80060554,0.0014931185,0.13286807,0.025498493,0.097579576,0.047480416,null,null,null,null,"TWOGAUSSIANS",8,1.503494,0.30002385,0.0015930912,0.4,0.0,0.05596256,0.0010636699,0.80065554,0.0015649714,0.4,0.0,0.0556123,0.0011798986
375316653866487564,5940753786939359872,0.45019287,2187.9566978327653,3.2919648206877232,2.4684987E-5,18.308655,0.003091477,null,null,null,null,null,null,null,null,null,null,null,null,0.05213828,0.00458925,0.18815526,0.0063233636,"ELLIPSOIDAL",4,6.977455,null,null,null,null,null,null,null,null,null,null,null,null
375316653866487564,5940753791257364480,0.57881534,2195.97136179143,2.576744888969316,7.5650983E-6,15.798595,0.0025643604,0.2276218,0.0019561911,0.05247108,0.016329302,0.02775938,0.007825857,0.743412,0.009780979,0.04754928,0.008190143,0.039953824,0.007638297,0.054368477,0.0042679547,0.2276218,0.0019561911,"TWOGAUSSIANS_WITH_ELLIPSOIDAL_ON_ECLIPSE1",9,8.627012,0.743412,0.009780979,0.26627597,0.0458648,0.14762354,0.004662422,0.2276218,0.0019561911,0.29383805,0.09144409,0.1364959,0.008157186
375316653866487564,5940754169214532608,0.7078421,2181.8006913449362,0.5287752923011736,3.0284467E-5,16.23387,8.469283E-4,0.79732877,8.7660516E-4,0.018510973,6.718564E-4,0.7196349,0.010565475,null,null,null,null,null,null,null,null,null,null,"ONEGAUSSIAN",5,3.4681675,0.79732877,8.7660516E-4,0.10366145,0.0037623958,0.7196349,0.0,null,null,null,null,null,null
375316653866487564,5940754512812349568,0.48179725,2195.1242309072554,3.2000456689456174,2.9937099E-5,18.608982,0.034401838,0.17117512,0.0104293125,0.09192398,0.026373448,0.2735072,0.026583264,0.67557013,0.008305928,0.08783783,0.013135585,0.27642372,0.0335754,null,null,null,null,"TWOGAUSSIANS",8,8.338619,0.67557013,0.008305928,0.4,0.0,0.26569614,0.01612696,0.17117512,0.0104293125,0.4,0.0,0.26277947,0.037801392
375316653866487564,5940754650251323392,0.5393752,2196.9741299010484,0.37020300544362145,7.071167E-5,16.025852,8.5709494E-4,0.24957034,0.011097213,0.026342122,0.005986345,0.14965728,0.026844705,null,null,null,null,null,null,null,null,null,null,"ONEGAUSSIAN",5,4.9720955,0.24957034,0.011097213,0.14751588,0.033523533,0.14965728,0.0,null,null,null,null,null,null
375316653866487564,5940754856409298304,0.64552885,2201.9184942564793,0.17330662723299275,3.3708813E-5,16.10533,0.0015976701,0.2870707,0.0026992075,0.00928439,0.0014042084,0.31274208,0.02523374,0.7990723,0.0030053041,0.0074078543,0.002379413,0.60340524,0.21804394,null,null,null,null,"TWOGAUSSIANS",8,8.647495,0.7990723,0.0030053041,0.041483983,0.013324712,0.60340524,0.21804394,0.2870707,0.0026992075,0.051992584,0.007863567,0.31274208,0.02523374
375316653866487564,5940755333118657024,0.4746436,2199.563192203594,0.28808464992204647,1.1244468E-5,16.440395,0.0015726616,0.23214409,0.0068492363,0.022054963,0.007153526,0.10695691,0.033121277,0.73077506,0.0037284687,0.03639487,0.0045505115,0.08554398,0.0049378956,null,null,null,null,"TWOGAUSSIANS",8,9.177618,0.23214409,0.0068492363,0.12350779,0.040059745,0.10695691,0.033121277,0.73077506,0.0037284687,0.20381127,0.025482865,0.08554398,0.0049378956
375316653866487564,5940755337445649152,0.5311574,2183.904365637209,0.652043420971643,1.604343E-5,14.847151,6.538281E-4,0.23685661,0.0013550487,0.031554434,0.0022057227,0.06926596,0.0015974053,0.7522828,0.008890401,0.02952201,0.0052430597,0.01971884,0.003877546,0.0036790562,0.0011949909,0.23685661,0.0013550487,"TWOGAUSSIANS_WITH_ELLIPSOIDAL_ON_ECLIPSE1",9,5.3261857,0.23685661,0.0013550487,0.17670484,0.012352047,0.076624066,0.0017906894,0.7522828,0.008890401,0.16532326,0.029361134,0.027008038,0.0034835273
375316653866487564,5940756265159066496,0.64078903,2180.6366874870864,0.4042683700891076,3.0819774E-6,14.821654,0.0027600117,0.19664343,3.792588E-4,0.03095988,3.6940197E-4,0.9129657,0.006080103,0.6915836,0.034350727,0.022599038,0.01895079,0.079476774,0.81110746,null,null,null,null,"TWOGAUSSIANS",8,137.63492,0.19664343,3.792588E-4,0.17337532,0.0020686511,0.9129657,0.006080103,0.6915836,0.034350727,0.12655462,0.10612443,0.079476774,0.81110746
375316653866487564,5940757051115302528,0.59369963,2220.6739960133036,3.35678789949633,3.2559258E-6,18.899723,0.010996356,0.23525575,0.0022798793,0.044511303,0.006432626,0.33594838,0.0470409,0.730465,0.0014245157,0.052321024,0.003191869,0.47072724,0.032087766,0.10237074,0.015529004,0.23525575,0.0022798793,"TWOGAUSSIANS_WITH_ELLIPSOIDAL_ON_ECLIPSE1",9,2.2267933,0.730875,0.0012005465,0.29299772,0.017874466,0.6752951,0.033953246,0.23525575,0.0022798793,0.24926329,0.036022704,0.5406858,0.051181942
375316653866487564,5940757772670697088,0.52547497,2196.0491283445162,2.5929219836219732,1.8134806E-5,18.477816,0.712624,0.2678237,0.00321198,0.13860919,0.03873973,0.65987074,0.57975876,0.7643838,0.0036792888,0.17325923,0.08862559,0.6184715,0.7041677,null,null,null,null,"TWOGAUSSIANS",8,5.343325,0.2683637,0.002890859,0.4,0.0,0.33738706,0.013660607,0.7643838,0.0036792888,0.4,0.0,0.27870756,0.0076405252
375316653866487564,5940759765526031616,0.6226213,2192.1670234519015,0.5669305266392646,4.3033183E-6,17.13148,0.0017738388,0.2166534,5.851139E-4,0.022139339,6.690681E-4,0.5655075,0.014274065,0.7464357,0.044652645,0.013702101,0.01851421,0.16001964,0.34928498,0.008859376,0.0029325702,0.2166534,5.851139E-4,"TWOGAUSSIANS_WITH_ELLIPSOIDAL_ON_ECLIPSE1",9,6.6806397,0.2166534,5.851139E-4,0.1239803,0.003746781,0.5832262,0.014280888,0.7464357,0.044613667,0.076731764,0.10367958,0.17712513,0.34914353
375316653866487564,5940760353956582144,0.56902707,2173.6640424175102,3.5486987738925437,9.585886E-6,19.615202,0.0082027195,0.23147151,0.003801424,0.066958964,0.004061626,0.5489285,0.01689391,0.7369361,0.0035453136,0.062629715,0.0036665944,0.70864344,0.05740457,null,null,null,null,"TWOGAUSSIANS",8,1.7377716,0.7369361,0.0035453136,0.3507264,0.020532928,0.70802706,0.05752816,0.23147151,0.003801424,0.37497017,0.022745105,0.54831207,0.017092293
375316653866487564,5940760491406413312,0.41742876,2240.296999625487,0.19988578757168984,6.6329354E-5,18.671406,0.04927107,0.34520543,0.017870381,0.08729757,0.024517829,0.13912769,0.05065577,0.84392804,0.014723207,0.1237844,0.04444586,0.17464769,0.042770974,null,null,null,null,"TWOGAUSSIANS",8,5.5311613,0.84392804,0.014723207,0.4,0.0,0.1559821,0.02194072,0.34521544,0.01793181,0.4,0.0,0.12056221,0.023654768
375316653866487564,5940760697564865792,0.5604934,2191.977170826004,3.294788056082618,9.235649E-6,15.782573,0.095547535,0.2503465,0.005785508,0.06229395,0.030887663,0.17329174,0.17502564,0.7497034,0.003658608,0.067276314,0.02129587,0.17950293,0.17864157,0.078755334,0.08832932,0.2503465,0.005785508,"TWOGAUSSIANS_WITH_ELLIPSOIDAL_ON_ECLIPSE1",9,84.055046,0.74985343,0.0030708653,0.37674734,0.05312916,0.33678386,0.014346438,0.2503465,0.005785508,0.34884614,0.09850104,0.33057463,0.01903466
375316653866487564,5940760899396193152,0.5223342,2188.4217161917827,2.574459768832205,1.226595E-5,13.766522,0.057261903,0.22852221,0.0026890635,0.26651174,0.03673157,0.69871897,0.048012525,0.7268359,0.0028109,0.16774927,0.01922067,0.47992426,0.14514568,null,null,null,null,"TWOGAUSSIANS",8,47.349174,0.7268359,0.0028109,0.4,0.0,0.10147057,0.004274067,0.2293522,0.003041267,0.4,0.0,0.09232679,0.0057898657
375316653866487564,5940762175033668736,0.4142583,2206.5404482039294,0.6193350020274515,1.44577925E-5,14.280947,0.004182215,0.27940044,0.0032689166,0.021500573,0.0026608398,0.14357227,0.010964906,0.65787464,0.016561275,0.013772109,0.038343675,0.112518325,0.08506985,null,null,null,null,"TWOGAUSSIANS",8,96.25175,0.27940044,0.0032689166,0.12040321,0.014900703,0.14357227,0.010964906,0.65787464,0.016561275,0.077123806,0.21472459,0.112518325,0.08506985
375316653866487564,5940762999666987392,0.5864678,2158.844771112158,2.313239195624465,7.9281735E-6,17.98393,0.023271335,0.297271,0.0024133013,0.061603244,0.0045946026,0.54521954,0.04914917,0.7993845,0.0037156863,0.054753747,0.008811095,0.27464852,0.049246766,0.082520545,0.026858887,0.297271,0.0024133013,"TWOGAUSSIANS_WITH_ELLIPSOIDAL_ON_ECLIPSE1",9,9.433805,0.297271,0.0024133013,0.34497815,0.025729774,0.7101111,0.026866438,0.7993845,0.00370699,0.306621,0.049342133,0.43951097,0.03492619
375316653866487564,5940763686861758208,0.60367334,2221.7036729839515,0.6588306405226246,1.7426362E-6,17.106422,0.0016799081,0.2132555,3.0966423E-4,0.025655163,3.2247155E-4,0.31799328,0.005443233,0.71454614,0.0012207214,0.02539527,0.0010761722,0.19030647,0.007991875,null,null,null,null,"TWOGAUSSIANS",8,3.5045297,0.2132555,3.0966423E-4,0.14366892,0.0018058406,0.31799328,0.005443233,0.71454614,0.0012207214,0.14221351,0.0060265646,0.19030647,0.007991875
