Gaia/vari_eclipsing_binary/VariEclipsingBinary_665304-665319.csv
# %ECSV 1.0
# ---
# delimiter: ','
# meta: !!omap
# - RELEASE: Gaia DR3
# - TABLE: vari_eclipsing_binary
# - DESCRIPTION: >
#     This table describes the properties of the eclipsing binaries resulting from the variability analysis. 
# - CITATION: >
#     How to cite and acknowledge Gaia: 
#     https://gea.esac.esa.int/archive/documentation/credits.html 
# - KNOWN_ISSUES: >
#     Known issues: 
#     https://www.cosmos.esa.int/web/gaia-users/known-issues 
# - DOCUMENTATION: >
#     Tutorials and documentation: 
#     https://www.cosmos.esa.int/web/gaia-users/archive 
# datatype:
# - 
#   name: solution_id
#   datatype: int64
#   description: Solution Identifier
#   meta:
#     ucd: meta.version
# - 
#   name: source_id
#   datatype: int64
#   description: Unique source identifier
#   meta:
#     ucd: meta.id;meta.main
# - 
#   name: global_ranking
#   datatype: float32
#   description: Number between 0 (worst) and 1 (best)
#   meta:
#     ucd: stat.param
# - 
#   name: reference_time
#   datatype: float64
#   unit: d
#   description: Reference time used for the geometric model fit
#   meta:
#     ucd: time.epoch
# - 
#   name: frequency
#   datatype: float64
#   unit: d**-1
#   description: Frequency of geometric model of the eclipsing binary light curve
#   meta:
#     ucd: src.orbital
# - 
#   name: frequency_error
#   datatype: float32
#   unit: d**-1
#   description: "Uncertainty of \\texttt{frequency}"
#   meta:
#     ucd: stat.error
# - 
#   name: geom_model_reference_level
#   datatype: float32
#   unit: mag
#   description: Magnitude reference level of geometric model
#   meta:
#     ucd: phot.mag;em.opt
# - 
#   name: geom_model_reference_level_error
#   datatype: float32
#   unit: mag
#   description: "Uncertainty of \\texttt{geomModelReferenceLevel}"
#   meta:
#     ucd: stat.error;phot.mag;em.opt
# - 
#   name: geom_model_gaussian1_phase
#   datatype: float32
#   description: Phase of the Gaussian 1 component
#   meta:
#     ucd: time.phase
# - 
#   name: geom_model_gaussian1_phase_error
#   datatype: float32
#   description: "Uncertainty of \\texttt{geomModelGaussian1Phase}"
#   meta:
#     ucd: stat.error;time.phase
# - 
#   name: geom_model_gaussian1_sigma
#   datatype: float32
#   description: "Standard deviation [phase] of Gaussian 1 component"
#   meta:
#     ucd: stat.stdev
# - 
#   name: geom_model_gaussian1_sigma_error
#   datatype: float32
#   description: "Uncertainty of \\texttt{geomModelGaussian1Sigma}"
#   meta:
#     ucd: stat.error
# - 
#   name: geom_model_gaussian1_depth
#   datatype: float32
#   unit: mag
#   description: Magnitude depth of Gaussian 1 component
#   meta:
#     ucd: src.var.amplitude
# - 
#   name: geom_model_gaussian1_depth_error
#   datatype: float32
#   unit: mag
#   description: "Uncertainty of \\texttt{geomModelGaussian1Depth}"
#   meta:
#     ucd: stat.error;src.var.amplitude
# - 
#   name: geom_model_gaussian2_phase
#   datatype: float32
#   description: Phase of Gaussian 2 component
#   meta:
#     ucd: time.phase
# - 
#   name: geom_model_gaussian2_phase_error
#   datatype: float32
#   description: "Uncertainty of \\texttt{geomModelGaussian2Phase}"
#   meta:
#     ucd: stat.error;time.phase
# - 
#   name: geom_model_gaussian2_sigma
#   datatype: float32
[...]
#   datatype: float32
#   description: "Secondary eclipse: uncertainty of \\texttt{derivedSecondaryEclDuration}"
#   meta:
#     ucd: stat.error;time.duration
# - 
#   name: derived_secondary_ecl_depth
#   datatype: float32
#   unit: mag
#   description: "Secondary eclipse: depth"
#   meta:
#     ucd: src.var.amplitude
# - 
#   name: derived_secondary_ecl_depth_error
#   datatype: float32
#   unit: mag
#   description: "Secondary eclipse: uncertainty of \\texttt{derivedSecondaryEclDepth}"
#   meta:
#     ucd: stat.error;src.var.amplitude
solution_id,source_id,global_ranking,reference_time,frequency,frequency_error,geom_model_reference_level,geom_model_reference_level_error,geom_model_gaussian1_phase,geom_model_gaussian1_phase_error,geom_model_gaussian1_sigma,geom_model_gaussian1_sigma_error,geom_model_gaussian1_depth,geom_model_gaussian1_depth_error,geom_model_gaussian2_phase,geom_model_gaussian2_phase_error,geom_model_gaussian2_sigma,geom_model_gaussian2_sigma_error,geom_model_gaussian2_depth,geom_model_gaussian2_depth_error,geom_model_cosine_half_period_amplitude,geom_model_cosine_half_period_amplitude_error,geom_model_cosine_half_period_phase,geom_model_cosine_half_period_phase_error,model_type,num_model_parameters,reduced_chi2,derived_primary_ecl_phase,derived_primary_ecl_phase_error,derived_primary_ecl_duration,derived_primary_ecl_duration_error,derived_primary_ecl_depth,derived_primary_ecl_depth_error,derived_secondary_ecl_phase,derived_secondary_ecl_phase_error,derived_secondary_ecl_duration,derived_secondary_ecl_duration_error,derived_secondary_ecl_depth,derived_secondary_ecl_depth_error
[from data line 110]
375316653866487564,5852094808647393792,0.51820296,2247.0725556325924,0.4512594696036723,1.1432213E-5,16.498266,0.0030169173,0.3096298,7.6070614E-4,0.028109465,0.0014151834,0.2970798,0.012146302,0.8097484,0.008114351,0.012710906,0.010242261,0.019635195,0.006156145,0.009929288,0.0036230183,0.3096298,7.6070614E-4,"TWOGAUSSIANS_WITH_ELLIPSOIDAL_ON_ECLIPSE1",9,13.841029,0.3096298,7.6070614E-4,0.157413,0.007925027,0.31693837,0.01405301,0.8097484,0.008078395,0.071181074,0.05735666,0.03949376,0.008099216
375316653866487564,5852094946026386944,0.5642831,2241.0397598882764,2.560952116516825,9.042142E-6,19.25728,0.015397879,0.24925892,0.0038054977,0.046264622,0.0069208555,0.34132564,0.039207846,0.7445849,0.0030456427,0.059652407,0.0060125086,0.3568691,0.03856312,0.109901994,0.020628486,0.24925892,0.0038054977,"TWOGAUSSIANS_WITH_ELLIPSOIDAL_ON_ECLIPSE1",9,3.3437505,0.74527496,0.0023697992,0.33405346,0.03367005,0.57647073,0.029058253,0.24925892,0.0038054977,0.25908187,0.03875679,0.5610888,0.019318227
375316653866487564,5852095255264223232,0.5198139,2186.5891297356998,0.7522188456907133,1.6634862E-5,19.08703,0.0055573788,0.20633925,0.0059341462,0.040848617,0.0058774375,0.12568918,0.013746084,0.7072639,0.005684152,0.037561655,0.00396794,0.7716942,0.053463615,null,null,null,null,"TWOGAUSSIANS",8,2.6715834,0.7072639,0.005684152,0.21034527,0.022220463,0.7716942,0.053463615,0.20633925,0.0059341462,0.22875224,0.03291365,0.12568918,0.013746084
375316653866487564,5852097110750105472,0.5627514,2235.2219531895107,1.6994878045600972,7.2831904E-6,17.273422,0.0118875345,0.26525405,0.0027535313,0.09439486,0.00656156,0.2758221,0.0103262495,0.75472397,0.0034944972,0.08645626,0.0068565924,0.28981748,0.014626641,null,null,null,null,"TWOGAUSSIANS",8,9.890326,0.75472397,0.0034944972,0.4,0.0,0.2793237,0.015169051,0.26525405,0.0027535313,0.4,0.0,0.26532784,0.008069265
375316653866487564,5852097213829377024,0.486751,2225.559112298025,0.16220997283198604,1.0878658E-6,16.469652,0.0024407746,0.22909334,0.009495395,0.0061618662,0.0042228396,0.221732,1.2703259,0.72766995,0.004641904,0.0074660154,0.0019533213,0.3945208,0.15618123,0.0053822487,0.0032789514,0.22909334,0.009495395,"TWOGAUSSIANS_WITH_ELLIPSOIDAL_ON_ECLIPSE1",9,34.095406,0.72766995,0.004641904,0.041809686,0.0109386,0.40528443,0.1557454,0.22909334,0.009495395,0.03450645,0.0236479,0.2324965,1.2704048
375316653866487564,5852097346891346816,0.62568796,2208.3222027430124,2.3652310599954087,4.0461005E-6,17.62084,0.0059759696,0.2565342,0.002102114,0.045249373,0.0045075947,0.19239444,0.017770967,0.7491135,0.0022927138,0.044673137,0.0045400523,0.17730811,0.02240562,0.11918617,0.0059209387,0.2565342,0.002102114,"TWOGAUSSIANS_WITH_ELLIPSOIDAL_ON_ECLIPSE1",9,5.444369,0.2565342,0.002102114,0.25339648,0.02524253,0.43076664,0.01534091,0.75041354,0.0017043443,0.25016958,0.025424292,0.4152529,0.024843613
375316653866487564,5852097419929030656,0.42672834,2261.879774445695,0.026509386727864657,8.319085E-6,19.06131,0.006030744,0.16432291,0.009664942,0.052425623,0.0069889883,0.16062406,0.016831016,0.6969563,0.008520643,0.008067806,0.0041832617,0.08825979,0.03280994,null,null,null,null,"TWOGAUSSIANS",8,4.81847,0.16432291,0.009664942,0.2935835,0.039138332,0.16062406,0.016831016,0.6969563,0.008520643,0.045179717,0.023426265,0.08825979,0.03280994
375316653866487564,5852097557368234112,0.5138633,2255.2530251228204,0.18509825150006035,1.0896398E-5,18.66115,0.002427512,0.082520284,5.1989785E-4,0.009308405,3.4380532E-4,0.26332188,0.014920288,0.58569163,0.0015697507,0.011692315,0.0011355055,0.2276007,0.015581738,null,null,null,null,"TWOGAUSSIANS",8,1.8494072,0.082520284,5.1989785E-4,0.05212707,0.0019253099,0.26332188,0.014920288,0.58569163,0.0015697507,0.06547697,0.0063588307,0.2276007,0.015581738
375316653866487564,5852097797945035392,0.67567915,2247.9371072256295,0.24151725155960624,1.0326322E-5,16.922915,0.0014010108,0.20233761,0.0038889938,0.021510294,0.002056517,0.13138258,0.020136971,0.71828616,0.008543744,0.032620747,0.003890274,1.4081876,0.4660857,0.027112497,0.0019305559,0.20233761,0.0038889938,"TWOGAUSSIANS_WITH_ELLIPSOIDAL_ON_ECLIPSE1",9,4.4076858,0.71828616,0.008543744,0.18267618,0.021785535,1.46187,0.46665365,0.20233761,0.0038889938,0.12045764,0.011516495,0.18560755,0.019257136
375316653866487564,5852098347700613376,0.7157307,2250.383470121924,0.27076835984435643,5.1742086E-6,13.285889,0.001312556,0.3101682,6.0794037E-4,0.022578357,4.3518943E-4,1.4922302,0.043286894,0.8076761,0.0023455406,0.023466289,0.002270583,0.09665793,0.004819516,0.020124383,0.0020210925,0.8076761,0.0023455406,"TWOGAUSSIANS_WITH_ELLIPSOIDAL_ON_ECLIPSE2",9,74.42804,0.3101682,6.0794037E-4,0.1264388,0.0024370607,1.532469,0.04356332,0.8076761,0.0023455406,0.13141122,0.012715265,0.13690667,0.0036798215
375316653866487564,5852098721280842496,0.5164667,2275.564583020414,1.4051233577823992,4.3708722E-5,17.553478,0.0025078647,0.17990221,0.033885732,0.042805728,0.02155552,0.023222608,0.003699811,0.6843854,0.0032132184,0.044995975,0.0034742767,0.14950408,0.0073126187,null,null,null,null,"TWOGAUSSIANS",8,3.6588476,0.6843854,0.0032132184,0.25197747,0.01945595,0.14950407,0.0073126205,0.17990221,0.033885732,0.23971206,0.12071091,0.0232226,0.003699789
375316653866487564,5852098863096823680,0.48305196,2257.2693639241907,0.9247183462500386,1.1243663E-5,18.191826,0.016130561,0.20620012,0.004982801,0.08242765,0.008566941,0.29082817,0.019143455,0.7021293,0.0038334688,0.09296707,0.008703788,0.28056318,0.018732175,null,null,null,null,"TWOGAUSSIANS",8,12.28865,0.20620012,0.004982801,0.4,0.0,0.28166747,0.017263215,0.7021293,0.0038334688,0.4,0.0,0.2714022,0.018901894
375316653866487564,5852098966175850240,0.646145,2228.5793713431285,1.974532450431988,2.5287297E-6,15.217365,0.0037634491,0.27309072,9.0861093E-4,0.09793219,0.0024347377,0.33094457,0.008585657,0.7718153,9.52433E-4,0.09171974,0.0019163073,0.38163397,0.008216971,null,null,null,null,"TWOGAUSSIANS",8,14.0930395,0.7718153,9.52433E-4,0.4,0.0,0.3601029,0.009240602,0.27309072,9.0861093E-4,0.4,0.0,0.3094123,0.009816846
375316653866487564,5852099069196102784,0.4545257,2269.588961072688,4.636268149391946,2.5428453E-5,18.46052,0.6961791,0.45702475,0.0101400735,0.25353965,0.17886035,0.44243664,0.66911083,0.9286459,0.023905262,0.055923447,0.044184044,0.10780994,0.04967702,null,null,null,null,"TWOGAUSSIANS",8,17.359003,0.45702475,0.0101400735,0.4,0.0,0.28224316,0.020047775,0.9286459,0.023905262,0.3131713,0.24743065,0.07611549,0.029956844
375316653866487564,5852099069255138560,0.6137661,2262.6243922998497,2.66285858399838,2.8108118E-6,16.7143,0.008733241,0.21177481,0.0015803672,0.10054281,0.0028825894,0.35953847,0.009403751,0.71135587,0.001197446,0.10836528,0.003050519,0.3156919,0.008807477,null,null,null,null,"TWOGAUSSIANS",8,4.936624,0.21177481,0.0015803672,0.4,0.0,0.32147065,0.0051092054,0.71135587,0.001197446,0.4,0.0,0.27761212,0.003875079
375316653866487564,5852099172275322880,0.475387,2256.9980782701323,1.3105819040941569,2.013837E-5,18.899694,0.015794208,0.25274822,0.010710265,0.09359231,0.01589494,0.14092638,0.0155771095,0.76340574,0.005969848,0.086847186,0.014073785,0.18726215,0.020204606,null,null,null,null,"TWOGAUSSIANS",8,2.6076536,0.76340574,0.0059689498,0.4,0.0,0.18138783,0.020735927,0.25274822,0.010710265,0.4,0.0,0.13505188,0.0092658745
375316653866487564,5852099202309903360,0.62111616,2258.460722882906,0.11859214463290323,5.7881675E-6,17.81437,0.0028764058,0.27858,0.0026459005,0.008848407,0.0017094072,0.39728716,0.028238062,0.7789526,1.2400643E-4,0.008245683,1.386823E-4,0.40525785,0.00733809,null,null,null,null,"TWOGAUSSIANS",8,3.098892,0.7789526,1.2400643E-4,0.046175826,7.766209E-4,0.40525785,0.00733809,0.27858,0.0026459005,0.049551085,0.00957268,0.39728716,0.028238062
375316653866487564,5852099790751058560,0.57629275,2225.0061256256636,3.7186824593731025,3.214656E-6,19.414032,0.015389899,0.2588981,0.0032028283,0.042576335,0.0056837806,0.39574158,0.039839793,0.75760555,0.0013529572,0.04054471,0.0032954116,0.47449055,0.034948707,0.14468272,0.022247344,0.2588981,0.0032028283,"TWOGAUSSIANS_WITH_ELLIPSOIDAL_ON_ECLIPSE1",9,2.2631145,0.75769556,0.0012101355,0.22705038,0.018454306,0.7638382,0.027276257,0.2588981,0.0032028283,0.23842748,0.03182917,0.6851069,0.018261526
375316653866487564,5852100203126664320,0.5124305,2250.790445346954,2.1548978718045344,7.977036E-6,16.65595,0.075137444,0.26597846,0.0022146725,0.1849205,0.01995013,0.48999187,0.068182416,0.76725733,0.0022612126,0.20157523,0.023944132,0.517741,0.07173475,null,null,null,null,"TWOGAUSSIANS",8,5.501208,0.7679973,0.0024149418,0.4,0.0,0.10795355,0.0029803016,0.26503846,0.0024022912,0.4,0.0,0.102634065,0.004184926
375316653866487564,5852100237486405632,0.46557665,2249.912156266132,1.6009182555963206,1.533005E-5,16.39407,0.037168432,0.20044126,0.008873356,0.099123314,0.028574478,0.13127287,0.032574955,0.69543,0.006210655,0.11730536,0.02463146,0.17559268,0.034908522,null,null,null,null,"TWOGAUSSIANS",8,38.408333,0.69543,0.006210655,0.4,0.0,0.15547137,0.008002269,0.20046125,0.008923833,0.4,0.0,0.11119123,0.01440634
375316653866487564,5852101165140922240,0.55595475,2221.044830437935,0.577378991374707,3.3363278E-6,19.548527,0.008604597,0.19574016,0.0021484997,0.026786918,0.0039255824,0.15522072,0.03195148,0.69538134,9.055874E-4,0.023949923,0.0012899152,1.5990334,0.20145327,null,null,null,null,"TWOGAUSSIANS",8,3.4349976,0.69538134,9.055874E-4,0.13411957,0.007223525,1.5990334,0.20145327,0.19574016,0.0021484997,0.15000674,0.021983262,0.15522072,0.03195148
375316653866487564,5852101366975877632,0.611681,2261.079120198687,2.9643992927861866,3.3012223E-6,16.099035,0.013101429,0.2554834,0.0012201519,0.058338568,0.0026339742,0.47496504,0.02925048,0.755951,0.0013843047,0.048992712,0.0035317098,0.35575438,0.030141862,0.10218788,0.016278004,0.2554834,0.0012201519,"TWOGAUSSIANS_WITH_ELLIPSOIDAL_ON_ECLIPSE1",9,41.29271,0.2554834,0.0012201519,0.32669598,0.014750255,0.67929125,0.013212755,0.755951,0.0013818758,0.27435917,0.019777574,0.5600788,0.024131427
375316653866487564,5852101543156603136,0.48419273,2236.388643170601,0.8927870918792253,6.9142025E-6,19.114485,0.0062696165,0.21575709,0.0017705805,0.026028039,0.002514532,0.86645806,0.33700228,0.7178103,0.0022844076,0.02492915,0.003105783,0.5093314,0.09148822,null,null,null,null,"TWOGAUSSIANS",8,6.4911504,0.21575709,0.0017705805,0.14575702,0.01408138,0.86645806,0.33700228,0.7178103,0.0022844076,0.13960323,0.017392384,0.5093314,0.09148822
375316653866487564,5852101611817957120,0.57740253,2245.2654688242255,3.3835103829120903,3.8200137E-6,19.276087,0.011343832,0.30525404,0.0011494731,0.047607444,0.0028573833,0.56028116,0.030357579,0.8001499,0.0023252198,0.04241774,0.004080855,0.37766987,0.025611019,0.13076682,0.019713907,0.30525404,0.0011494731,"TWOGAUSSIANS_WITH_ELLIPSOIDAL_ON_ECLIPSE1",9,3.3178966,0.30525404,0.0011494731,0.26660168,0.016001346,0.8218138,0.019840542,0.8006099,0.0020749865,0.23753934,0.022852788,0.63895774,0.018057078
375316653866487564,5852101641856198912,0.57833946,2247.981306580937,3.102465762354667,5.3872236E-6,17.880823,0.010648844,0.22718695,0.003159208,0.036615074,0.0035178522,0.5080593,0.031181004,0.7321193,0.0029360726,0.044591427,0.0030431813,0.5470288,0.030716851,0.10670371,0.017412452,0.22718695,0.003159208,"TWOGAUSSIANS_WITH_ELLIPSOIDAL_ON_ECLIPSE1",9,22.70529,0.7321193,0.0029360726,0.24971199,0.017041815,0.7602308,0.025200846,0.22718695,0.003159208,0.2050444,0.019699972,0.72146624,0.01766341
375316653866487564,5852101817976463488,0.44271395,2258.7325230682495,0.41323764280527675,4.467373E-5,18.993065,0.025607461,0.34254003,0.019723818,0.11827055,0.034212735,0.16645905,0.028400345,0.7236321,0.022283398,0.09662791,0.01578055,0.086967595,0.025179729,null,null,null,null,"TWOGAUSSIANS",8,3.745546,0.34267002,0.019545648,0.4,0.0,0.16259797,0.022441704,0.7236321,0.022283398,0.4,0.0,0.083996445,0.018122595
375316653866487564,5852102058494699136,0.5188934,2219.7053996270556,3.9782983683908397,7.9385745E-6,19.392649,0.0072097057,0.2523437,0.0039236653,0.029960508,0.007612084,0.28302547,0.033902355,0.7409125,0.01352436,0.027413258,0.0075771725,0.32094002,0.09402518,0.1480614,0.012553306,0.2523437,0.0039236653,"TWOGAUSSIANS_WITH_ELLIPSOIDAL_ON_ECLIPSE1",9,4.759497,0.7415025,0.012932459,0.15351425,0.042432167,0.6156163,0.09737731,0.2523437,0.0039236653,0.16777885,0.04262767,0.579148,0.027663883
375316653866487564,5852102848774120192,0.5150869,2242.219924971503,2.165444648935752,7.2780495E-6,19.74886,0.016057061,0.23544778,0.0037354045,0.077726096,0.0056053507,0.47683227,0.02392124,0.7440957,0.003740761,0.075108856,0.0072507677,0.28888398,0.019778678,null,null,null,null,"TWOGAUSSIANS",8,2.0889142,0.23544778,0.0037354045,0.4,0.0,0.47390723,0.023643874,0.7440957,0.003740761,0.4,0.0038869882,0.28595895,0.019341007
375316653866487564,5852103119324849024,0.6421742,2272.7415738132872,1.2463871785624088,3.344645E-6,18.254345,0.0045547616,0.19178236,0.0030418744,0.040285397,0.0028052493,0.10893398,0.0080835465,0.6910203,0.0014548049,0.034512896,8.877444E-4,1.1609792,0.020934785,null,null,null,null,"TWOGAUSSIANS",8,4.8289413,0.6910203,0.0014548049,0.19327222,0.0049713687,1.1609792,0.020934785,0.19178236,0.0030418744,0.22559823,0.015709396,0.10893398,0.0080835465
375316653866487564,5852103673404953600,0.45993516,2249.925980695856,2.468866624393312,2.486427E-5,18.76421,0.04872656,0.21449368,0.011126406,0.111489534,0.02990338,0.17107414,0.047919624,0.7228233,0.005067994,0.10502267,0.02347807,0.19500665,0.042978432,null,null,null,null,"TWOGAUSSIANS",8,4.36948,0.72283334,0.0050623007,0.4,0.0,0.17188975,0.013742151,0.21448368,0.01112493,0.4,0.0,0.14794677,0.013092801
375316653866487564,5852103982698717184,0.5766824,2229.631684763823,0.8562148621118707,4.436188E-6,15.258459,0.0012690049,0.1802264,0.00222327,0.0227455,0.0010042718,0.47527158,0.043058936,0.6780297,0.0037123582,0.024809867,0.0031168743,0.26735076,0.024501817,null,null,null,null,"TWOGAUSSIANS",8,22.166113,0.1802264,0.00222327,0.1273748,0.005623922,0.47527158,0.043058936,0.6780297,0.0037123582,0.13893525,0.017454496,0.26735076,0.024501817
375316653866487564,5852104326241125248,0.47864023,2281.1847203886387,3.1401186350590815,7.768855E-6,19.052502,0.018288463,0.23692162,0.005608693,0.0688272,0.009650235,0.2916604,0.025910953,0.7187155,0.003317154,0.07608069,0.012396173,0.30426547,0.048786636,null,null,null,null,"TWOGAUSSIANS",8,6.368288,0.7187155,0.003317154,0.4,0.0,0.30327004,0.050101798,0.23692162,0.005608693,0.3854323,0.038536258,0.29066497,0.02573689
375316653866487564,5852104532399150080,0.41887861,2366.53254019672,1.9610723325776418,7.338288E-5,18.651888,0.030393908,0.25052696,0.016718533,0.06611351,0.029654894,0.22406794,0.08357498,0.73072433,0.012145755,0.05371043,0.017927293,0.5721578,0.9460908,null,null,null,null,"TWOGAUSSIANS",8,8.43715,0.73072433,0.012145755,0.30077842,0.10039283,0.57210267,0.9461488,0.25052696,0.016718533,0.37023565,0.13512169,0.22401282,0.08373034
375316653866487564,5852104875996801408,0.46379378,2240.335065344138,3.2925589537706044,3.2439984E-5,19.832844,0.07811947,0.21620977,0.0121026635,0.09659798,0.02688218,0.2601305,0.079602316,0.72473115,0.008650979,0.09707371,0.03312275,0.29862806,0.063423894,null,null,null,null,"TWOGAUSSIANS",8,2.205617,0.72473115,0.008673351,0.4,0.0,0.2808842,0.018861117,0.21620977,0.012134647,0.4,0.0,0.24238692,0.036951076
375316653866487564,5852104910411718400,0.5342797,2269.648438617614,2.2137295943391333,1.0367489E-5,17.62314,0.011958054,0.25476524,0.0023620082,0.09707231,0.007676573,0.21431676,0.010487807,0.74774975,0.0035848978,0.093565986,0.010437583,0.22162911,0.015590125,null,null,null,null,"TWOGAUSSIANS",8,8.378722,0.74774975,0.0035848978,0.4,0.0,0.20894834,0.017494222,0.25476524,0.0023620082,0.4,0.0,0.2016355,0.0078104804
