Gaia/vari_eclipsing_binary/VariEclipsingBinary_229744-229773.csv
# %ECSV 1.0
# ---
# delimiter: ','
# meta: !!omap
# - RELEASE: Gaia DR3
# - TABLE: vari_eclipsing_binary
# - DESCRIPTION: >
#     This table describes the properties of the eclipsing binaries resulting from the variability analysis. 
# - CITATION: >
#     How to cite and acknowledge Gaia: 
#     https://gea.esac.esa.int/archive/documentation/credits.html 
# - KNOWN_ISSUES: >
#     Known issues: 
#     https://www.cosmos.esa.int/web/gaia-users/known-issues 
# - DOCUMENTATION: >
#     Tutorials and documentation: 
#     https://www.cosmos.esa.int/web/gaia-users/archive 
# datatype:
# - 
#   name: solution_id
#   datatype: int64
#   description: Solution Identifier
#   meta:
#     ucd: meta.version
# - 
#   name: source_id
#   datatype: int64
#   description: Unique source identifier
#   meta:
#     ucd: meta.id;meta.main
# - 
#   name: global_ranking
#   datatype: float32
#   description: Number between 0 (worst) and 1 (best)
#   meta:
#     ucd: stat.param
# - 
#   name: reference_time
#   datatype: float64
#   unit: d
#   description: Reference time used for the geometric model fit
#   meta:
#     ucd: time.epoch
# - 
#   name: frequency
#   datatype: float64
#   unit: d**-1
#   description: Frequency of geometric model of the eclipsing binary light curve
#   meta:
#     ucd: src.orbital
# - 
#   name: frequency_error
#   datatype: float32
#   unit: d**-1
#   description: "Uncertainty of \\texttt{frequency}"
#   meta:
#     ucd: stat.error
# - 
#   name: geom_model_reference_level
#   datatype: float32
#   unit: mag
#   description: Magnitude reference level of geometric model
#   meta:
#     ucd: phot.mag;em.opt
# - 
#   name: geom_model_reference_level_error
#   datatype: float32
#   unit: mag
#   description: "Uncertainty of \\texttt{geomModelReferenceLevel}"
#   meta:
#     ucd: stat.error;phot.mag;em.opt
# - 
#   name: geom_model_gaussian1_phase
#   datatype: float32
#   description: Phase of the Gaussian 1 component
#   meta:
#     ucd: time.phase
# - 
#   name: geom_model_gaussian1_phase_error
#   datatype: float32
#   description: "Uncertainty of \\texttt{geomModelGaussian1Phase}"
#   meta:
#     ucd: stat.error;time.phase
# - 
#   name: geom_model_gaussian1_sigma
#   datatype: float32
#   description: "Standard deviation [phase] of Gaussian 1 component"
#   meta:
#     ucd: stat.stdev
# - 
#   name: geom_model_gaussian1_sigma_error
#   datatype: float32
#   description: "Uncertainty of \\texttt{geomModelGaussian1Sigma}"
#   meta:
#     ucd: stat.error
# - 
#   name: geom_model_gaussian1_depth
#   datatype: float32
#   unit: mag
#   description: Magnitude depth of Gaussian 1 component
#   meta:
#     ucd: src.var.amplitude
# - 
#   name: geom_model_gaussian1_depth_error
#   datatype: float32
#   unit: mag
#   description: "Uncertainty of \\texttt{geomModelGaussian1Depth}"
#   meta:
#     ucd: stat.error;src.var.amplitude
# - 
#   name: geom_model_gaussian2_phase
#   datatype: float32
#   description: Phase of Gaussian 2 component
#   meta:
#     ucd: time.phase
# - 
#   name: geom_model_gaussian2_phase_error
#   datatype: float32
#   description: "Uncertainty of \\texttt{geomModelGaussian2Phase}"
#   meta:
#     ucd: stat.error;time.phase
# - 
#   name: geom_model_gaussian2_sigma
#   datatype: float32
[...]
#   datatype: float32
#   description: "Secondary eclipse: uncertainty of \\texttt{derivedSecondaryEclDuration}"
#   meta:
#     ucd: stat.error;time.duration
# - 
#   name: derived_secondary_ecl_depth
#   datatype: float32
#   unit: mag
#   description: "Secondary eclipse: depth"
#   meta:
#     ucd: src.var.amplitude
# - 
#   name: derived_secondary_ecl_depth_error
#   datatype: float32
#   unit: mag
#   description: "Secondary eclipse: uncertainty of \\texttt{derivedSecondaryEclDepth}"
#   meta:
#     ucd: stat.error;src.var.amplitude
solution_id,source_id,global_ranking,reference_time,frequency,frequency_error,geom_model_reference_level,geom_model_reference_level_error,geom_model_gaussian1_phase,geom_model_gaussian1_phase_error,geom_model_gaussian1_sigma,geom_model_gaussian1_sigma_error,geom_model_gaussian1_depth,geom_model_gaussian1_depth_error,geom_model_gaussian2_phase,geom_model_gaussian2_phase_error,geom_model_gaussian2_sigma,geom_model_gaussian2_sigma_error,geom_model_gaussian2_depth,geom_model_gaussian2_depth_error,geom_model_cosine_half_period_amplitude,geom_model_cosine_half_period_amplitude_error,geom_model_cosine_half_period_phase,geom_model_cosine_half_period_phase_error,model_type,num_model_parameters,reduced_chi2,derived_primary_ecl_phase,derived_primary_ecl_phase_error,derived_primary_ecl_duration,derived_primary_ecl_duration_error,derived_primary_ecl_depth,derived_primary_ecl_depth_error,derived_secondary_ecl_phase,derived_secondary_ecl_phase_error,derived_secondary_ecl_duration,derived_secondary_ecl_duration_error,derived_secondary_ecl_depth,derived_secondary_ecl_depth_error
[from data line 497]
375316653866487564,2021048130180292352,0.514945,2272.808989895678,3.3017033594935707,1.2619264E-5,19.49657,0.007870214,0.28284338,0.0030302168,0.07047104,0.0048108795,0.41425845,0.022228198,0.78154653,0.0037398392,0.07252517,0.003998577,0.4338419,0.026876656,null,null,null,null,"TWOGAUSSIANS",8,3.5809968,0.78154653,0.0037398392,0.4,0.0025180015,0.43202323,0.02710114,0.28284338,0.0030302168,0.39463782,0.021642495,0.41243976,0.022537626
375316653866487564,2021048164583356288,0.59185356,2290.1323565141456,0.2618828115639984,2.0179623E-6,16.197414,8.881769E-4,0.1545358,6.9938815E-4,0.014983162,5.950701E-4,0.2569012,0.010167587,0.6529797,9.883109E-4,0.01501126,0.001026825,0.2939769,0.018264312,null,null,null,null,"TWOGAUSSIANS",8,6.278053,0.6529797,9.883109E-4,0.08406306,0.0057502203,0.2939769,0.018264312,0.1545358,6.9938815E-4,0.08390571,0.0033323923,0.2569012,0.010167587
375316653866487564,2021048233259246208,0.5490006,2255.1486258679865,1.4507537934515868,5.673236E-6,19.07048,0.0036126596,0.22029833,0.0015993821,0.029770939,0.001547478,0.28498188,0.009250598,0.7182756,0.0019964587,0.035042528,0.0017265017,0.5196048,0.017129581,null,null,null,null,"TWOGAUSSIANS",8,2.5802658,0.7182756,0.0019964587,0.19623816,0.00966841,0.5196048,0.017129581,0.22029833,0.0015993821,0.16671726,0.008665877,0.28498188,0.009250598
375316653866487564,2021048233302784384,0.62936634,2258.7214445405843,0.7434493425692232,2.0790324E-6,16.87528,0.0032042856,0.23343109,6.960415E-4,0.062349368,0.0031098349,0.08956548,0.007022991,0.7356873,0.0037603613,0.045764808,0.005378395,0.056876186,0.0072793164,0.097227454,0.0041043367,0.23343109,6.960415E-4,"TWOGAUSSIANS_WITH_ELLIPSOIDAL_ON_ECLIPSE1",9,2.9012482,0.23343109,6.960415E-4,0.34915647,0.017415075,0.28399155,0.0025514408,0.7356873,0.0037603613,0.25628293,0.030119011,0.25126317,0.0030398204
375316653866487564,2021048439461313536,0.42103416,2273.2702042564874,2.5804377689688454,4.1394906E-5,18.125885,0.11920446,0.2826981,0.00882639,0.13052373,0.070221595,0.1151787,0.115960844,0.77837473,0.0078958785,0.12229314,0.08014211,0.09007612,0.11233012,null,null,null,null,"TWOGAUSSIANS",8,6.5968847,0.28272808,0.008807502,0.4,0.0,0.0873059,0.00936592,0.77837473,0.0078958785,0.4,0.0,0.062311716,0.008648324
375316653866487564,2021048473830064768,0.5783705,2278.525677627972,3.1847813489757266,3.8400553E-6,19.111708,0.010528675,0.23722446,0.0019498296,0.046179503,0.0039675315,0.29171205,0.023922056,0.7336428,0.0019466829,0.049078967,0.0026081838,0.41476285,0.02486219,0.111630425,0.013759074,0.23722446,0.0019498296,"TWOGAUSSIANS_WITH_ELLIPSOIDAL_ON_ECLIPSE1",9,2.3590195,0.73397285,0.0017180259,0.27484223,0.014605829,0.63791984,0.012434541,0.23722446,0.0019498296,0.2586052,0.022218177,0.51497155,0.010061111
375316653866487564,2021048714339314560,0.56172776,2279.4786528748427,0.31395083648870814,2.7224298E-6,17.742102,0.0016957421,0.24252169,0.0035637966,0.019161213,0.002619508,0.04147164,0.010475907,0.7412387,7.7238836E-4,0.023142474,6.392156E-4,0.43799883,0.021217924,0.026604922,0.0030268624,0.24252169,0.0035637966,"TWOGAUSSIANS_WITH_ELLIPSOIDAL_ON_ECLIPSE1",9,3.6356745,0.7412487,7.6081266E-4,0.12959784,0.0035796072,0.49120522,0.021383982,0.24252169,0.0035637966,0.10730279,0.014669244,0.09468149,0.010061178
375316653866487564,2021049023534303616,0.48450863,2274.4811638749375,2.8309712963786335,1.799733E-5,19.501959,0.009482063,0.2506707,0.008627071,0.07168928,0.012101527,0.2250724,0.02146772,0.73933893,0.005585625,0.071813,0.010154025,0.26643413,0.024017883,null,null,null,null,"TWOGAUSSIANS",8,2.928164,0.73933893,0.005585625,0.4,0.019038308,0.2655774,0.02467964,0.2506707,0.008627071,0.4,0.054950796,0.22421564,0.021820897
375316653866487564,2021049092253845376,0.4103305,2218.6197933541885,3.01613842143612,1.559954E-5,17.987955,0.00679414,0.6433113,0.006318399,0.020466747,0.0032621522,0.24669614,0.039755117,0.89680976,0.003383022,0.017390275,0.0023478898,0.12155024,0.033626623,null,null,null,null,"TWOGAUSSIANS",8,4.5886636,0.6433113,0.006318399,0.11461379,0.018268052,0.24669614,0.039755117,0.89680976,0.003383022,0.09738555,0.013148183,0.12155024,0.033626623
375316653866487564,2021049229735373568,0.517675,2270.4892302072394,2.3621057020311578,9.365885E-6,19.24625,0.009087332,0.26147908,0.0038014555,0.03883624,0.010140762,0.15622255,0.04524835,0.77555513,0.0049296245,0.038078003,0.00524215,0.19276705,0.02230235,0.13641496,0.012674701,0.26147908,0.0038014555,"TWOGAUSSIANS_WITH_ELLIPSOIDAL_ON_ECLIPSE1",9,4.491076,0.77555513,0.0049296245,0.21323681,0.029356038,0.46346843,0.011519669,0.26147908,0.0038014555,0.21748295,0.056788266,0.42905244,0.044781584
375316653866487564,2021049676369228032,0.43813562,2251.383651263959,3.044166879396722,2.2934344E-5,19.789276,0.013644373,0.17133965,0.006398016,0.06674609,0.008282772,0.28673574,0.050444856,0.66921884,0.0056206062,0.06669889,0.0072964593,0.4011818,0.04015306,null,null,null,null,"TWOGAUSSIANS",8,5.4554133,0.66921884,0.0056206062,0.37351376,0.040860172,0.40061077,0.040360995,0.17133965,0.006398016,0.37377813,0.046383526,0.28616473,0.050638948
375316653866487564,2021050020009221888,0.57179815,2255.4573914935972,0.08859820502191043,2.4704366E-5,16.632801,9.1639895E-4,0.38942674,0.009288441,0.0100199375,0.00462179,0.26026368,0.25700578,0.8937766,0.0047502103,0.007319953,0.004413632,0.40585566,0.87785953,null,null,null,null,"TWOGAUSSIANS",8,3.9630575,0.8937766,0.0047502103,0.040991735,0.02471634,0.40585566,0.87785953,0.38942674,0.009288441,0.05611165,0.025882022,0.26026368,0.25700578
375316653866487564,2021050191764609920,0.56548434,2255.5510978953416,2.7852706259863442,5.3990893E-6,19.03548,0.005508298,0.28503022,0.0025749716,0.032857485,0.00898004,0.15409121,0.020726735,0.77143943,0.0030569534,0.04302459,0.0039498867,0.17580767,0.013605892,0.11654329,0.009399048,0.28503022,0.0025749716,"TWOGAUSSIANS_WITH_ELLIPSOIDAL_ON_ECLIPSE1",9,2.142366,0.77363944,0.0025129293,0.2409377,0.022119366,0.40747267,0.010832676,0.28503022,0.0025749716,0.18400192,0.050288226,0.3871778,0.022498583
375316653866487564,2021050668491489280,0.48015425,2261.2322383997307,1.0560011355615295,1.0250405E-5,18.311697,0.0031435338,0.24030666,0.0056230277,0.04456518,0.005354195,0.1311304,0.011109871,0.7470484,0.003334017,0.047951315,0.004229267,0.13374534,0.007417135,null,null,null,null,"TWOGAUSSIANS",8,4.826417,0.7470484,0.003334017,0.26852736,0.023683896,0.13374525,0.007417169,0.24030666,0.0056230277,0.249565,0.02998349,0.13113032,0.011109846
375316653866487564,2021050879002783488,0.5188889,2249.6877987372513,2.0676101089630783,8.417024E-6,17.180449,0.0050428743,0.26969633,0.0021657094,0.10009514,0.005933174,0.097794235,0.004626636,0.7694749,0.0034566468,0.10663879,0.008442924,0.076037064,0.004771525,null,null,null,null,"TWOGAUSSIANS",8,2.082708,0.26969633,0.0021657094,0.4,0.0,0.08862742,0.0025861561,0.7694749,0.0034566468,0.4,0.0,0.06686843,0.0022238598
375316653866487564,2021051222600160512,0.5597223,2257.7533980160447,0.2270688848712615,2.9729813E-6,17.073988,0.004200129,0.1444665,0.003105508,0.024154153,0.0023083265,0.122625425,0.020930717,0.64669126,5.634573E-4,0.026368888,5.8849354E-4,0.7905239,0.0100297015,null,null,null,null,"TWOGAUSSIANS",8,40.810795,0.64669126,5.634573E-4,0.14766577,0.0032955636,0.7905239,0.0100297015,0.1444665,0.003105508,0.13526325,0.012926629,0.122625425,0.020930717
375316653866487564,2021051634873925504,0.6719767,2244.2649413473505,1.7975030376726353,1.9964982E-6,17.061676,0.00319918,0.26480824,6.65836E-4,0.048538316,0.0019361379,0.31682184,0.011017492,0.7637346,0.0012097063,0.044996947,0.0015370164,0.35338053,0.00755463,0.15371759,0.004147335,0.26480824,6.65836E-4,"TWOGAUSSIANS_WITH_ELLIPSOIDAL_ON_ECLIPSE1",9,5.4436245,0.7638646,0.0010464428,0.2519829,0.008607292,0.6608023,0.00681144,0.26480824,6.65836E-4,0.27181455,0.010842372,0.6242559,0.011573744
375316653866487564,2021051669276908672,0.5968446,2268.37675790612,1.4919937446609044,7.766254E-6,17.772211,0.004477079,0.25030193,0.001679809,0.044116255,0.007279849,0.059492797,0.011505478,0.7448802,0.0029658664,0.048597552,0.0030752346,0.26077613,0.013016415,0.058623884,0.0066627148,0.25030193,0.001679809,"TWOGAUSSIANS_WITH_ELLIPSOIDAL_ON_ECLIPSE1",9,2.9063644,0.7453002,0.0026826065,0.27214628,0.017221315,0.37789768,0.0056156437,0.25030193,0.001679809,0.24705103,0.040767156,0.17673986,0.0063331085
375316653866487564,2021051806724791168,0.4150199,2256.288242546571,2.6933043698794825,3.537568E-5,19.323498,0.055506688,0.2923647,0.013149007,0.06612441,0.018413667,0.50454503,0.20362036,0.7549209,0.012269572,0.09423288,0.02403726,0.401115,0.05874376,null,null,null,null,"TWOGAUSSIANS",8,32.147644,0.2923647,0.013148625,0.3702967,0.10201172,0.5014011,0.20449308,0.7549209,0.012269572,0.4,0.0,0.3979687,0.055977184
375316653866487564,2021051836725360384,0.46876812,2244.0085610711935,0.35447866494870806,1.5983618E-5,19.621075,0.0061152354,0.26916078,0.004961572,0.047769416,0.0033710706,0.25970462,0.014300986,0.7756895,0.004917987,0.036137242,0.0068251756,0.39900225,0.04937583,null,null,null,null,"TWOGAUSSIANS",8,3.4333658,0.7756895,0.004917987,0.20236854,0.038220983,0.39900225,0.049375884,0.26916078,0.004961572,0.26750872,0.018877996,0.25970462,0.014300978
375316653866487564,2021051909795414656,0.5435218,2279.2479807825534,0.5270852627347841,3.8072908E-6,17.825464,0.0030363312,0.17790428,0.0023314923,0.031675983,0.0019980718,0.16057838,0.007984457,0.6803116,0.001604684,0.03421445,0.0019134589,0.22813936,0.014569545,0.016533202,0.0040130033,0.17790428,0.0023314923,"TWOGAUSSIANS_WITH_ELLIPSOIDAL_ON_ECLIPSE1",9,3.5106049,0.6803116,0.001604684,0.19160092,0.01071537,0.2611982,0.0141380215,0.17790428,0.0023314923,0.17738551,0.011189203,0.19364479,0.0052037323
375316653866487564,2021051939796827904,0.63977945,2279.478417433818,1.146814402301866,1.1278522E-6,17.726925,0.0016750752,0.21699214,0.00339651,0.045084435,0.0036492182,0.11440027,0.0027186277,0.7136109,3.465132E-4,0.036589738,4.1714363E-4,0.5360948,0.003090681,null,null,null,null,"TWOGAUSSIANS",8,2.7170596,0.7136109,3.465132E-4,0.20490253,0.0023360043,0.5360948,0.0030906808,0.21699214,0.00339651,0.25247282,0.020435622,0.11440026,0.0027186295
375316653866487564,2021051978474920448,0.49047408,2259.6441179179906,0.50552082867608,2.3024977E-5,19.646742,0.003458663,0.2152873,0.0018104698,0.027184043,0.0015904945,0.39884573,0.014533516,0.5148523,0.006340168,0.021299034,0.014185368,0.04333542,0.09207487,null,null,null,null,"TWOGAUSSIANS",8,1.3004123,0.2152873,0.0018104698,0.15223064,0.00890677,0.39884573,0.014533516,0.5148523,0.006340168,0.119274594,0.07943806,0.04333542,0.09207487
375316653866487564,2021052523934253696,0.5081414,2281.3928602420337,2.9851387345019376,1.0179365E-5,18.871904,0.0346358,0.28470564,0.0046300213,0.11502558,0.014761613,0.28668717,0.031358957,0.78948,0.0028296667,0.10050242,0.010912322,0.3014849,0.030710792,null,null,null,null,"TWOGAUSSIANS",8,2.778903,0.78949,0.0028301887,0.4,0.0,0.26384646,0.009973253,0.28470564,0.004634586,0.4,0.0,0.24900539,0.010271475
375316653866487564,2021052936229379712,0.6907564,2271.5298275618966,1.7186107379446112,1.5796968E-6,14.964037,0.0056996555,0.2666434,5.616833E-4,0.04814765,0.0024775397,0.18899187,0.01279769,0.76351196,0.0014280439,0.054291748,0.0030541995,0.21311033,0.01221082,0.17252724,0.0074996077,0.2666434,5.616833E-4,"TWOGAUSSIANS_WITH_ELLIPSOIDAL_ON_ECLIPSE1",9,22.984373,0.76437193,9.693526E-4,0.3040338,0.017103517,0.5580617,0.0043247747,0.2666434,5.616833E-4,0.26962686,0.0138742225,0.5340403,0.0046296753
375316653866487564,2021053352864514304,0.5472619,2278.461754070056,0.32141220638568474,6.2723484E-6,19.148539,0.0026447417,0.35596827,0.0010150826,0.015006823,9.323759E-4,0.55001825,0.04379627,0.85627794,6.251117E-4,0.0138337845,9.2741917E-4,0.52237576,0.051424444,null,null,null,null,"TWOGAUSSIANS",8,2.1365721,0.35596827,0.0010150826,0.08403821,0.005221305,0.55001825,0.04379627,0.85627794,6.251117E-4,0.07746919,0.0051935473,0.52237576,0.051424444
375316653866487564,2021053421582950912,0.50028265,2305.809835768559,2.3716626574154236,1.9085277E-5,17.284248,0.049755145,0.2650852,0.0030540715,0.07646065,0.015616241,0.29132742,0.038647503,0.7240842,0.0047195093,0.11172854,0.018368043,0.40487048,0.039180025,null,null,null,null,"TWOGAUSSIANS",8,36.47342,0.7240842,0.0047195093,0.4,0.0,0.39370108,0.027448934,0.26514518,0.0030855637,0.4,0.025676101,0.280249,0.024880324
375316653866487564,2021053455942724352,0.55955136,2285.1284195625085,2.4130336633040383,4.998274E-6,18.399048,0.019939596,0.21203075,0.002038689,0.1019479,0.0074511175,0.27812517,0.018468998,0.70927626,0.0028897543,0.10413657,0.008105752,0.25809005,0.019147357,null,null,null,null,"TWOGAUSSIANS",8,2.207824,0.21203075,0.002038689,0.4,0.0,0.25081527,0.0068491795,0.70927626,0.0028897543,0.4,0.0,0.23077838,0.011538334
375316653866487564,2021053627782421888,0.6155925,2289.456810032637,2.2760379516913525,2.8110774E-6,17.644491,0.0028658113,0.29300857,7.91343E-4,0.07987999,0.0012762763,0.42938858,0.0082587795,0.79391783,0.001174081,0.07898624,0.0012874972,0.4574753,0.0053550876,null,null,null,null,"TWOGAUSSIANS",8,3.4545016,0.79391783,0.001174081,0.4,0.0,0.4513269,0.0053016613,0.29300857,7.91343E-4,0.4,0.0,0.42324018,0.008487142
375316653866487564,2021053799581178880,0.63995534,2282.4559396355066,1.785496425652014,2.7945289E-6,16.760544,0.0018254551,0.2898833,5.8063166E-4,0.07691873,0.0012043824,0.3095724,0.0035928672,0.7885513,0.0021431586,0.100648515,0.00209296,0.14228924,0.003389758,null,null,null,null,"TWOGAUSSIANS",8,2.2563827,0.2898833,5.8063166E-4,0.4,0.0,0.30237153,0.0039083487,0.7885513,0.0021431586,0.4,0.0,0.13508712,0.0033491396
375316653866487564,2021054452416165888,0.5526066,2274.2943951126667,0.2999405903908867,3.3830677E-6,16.629642,7.0253166E-4,0.24656738,0.013780974,0.0148149505,0.00658204,0.012569047,0.0054229805,0.7630068,2.546562E-4,0.011240468,0.0015519968,0.215788,0.030136585,null,null,null,null,"TWOGAUSSIANS",8,2.7281942,0.7630068,2.546562E-4,0.062946625,0.008691182,0.215788,0.030136585,0.24656738,0.013780974,0.08296373,0.036859423,0.012569047,0.0054229805
375316653866487564,2021054589814901376,0.46273625,2265.885786330243,2.950108985604078,3.6995276E-5,18.816595,0.014717713,0.28350705,0.0102132475,0.09777263,0.017560551,0.19703446,0.024248913,0.78285366,0.008046887,0.07489992,0.011575163,0.19422732,0.020616585,null,null,null,null,"TWOGAUSSIANS",8,7.0208154,0.28350705,0.0102132475,0.4,0.0,0.19123887,0.028199615,0.78285366,0.008046887,0.4,0.0071980627,0.18843254,0.019384487
375316653866487564,2021054933452563840,0.43357715,2264.296979390592,3.0607332295027248,2.079594E-5,18.748577,0.110827744,0.18613489,0.008986305,0.1220799,0.03929181,0.22829084,0.107122466,0.668629,0.008707913,0.11648821,0.028954852,0.29734462,0.1058023,null,null,null,null,"TWOGAUSSIANS",8,14.975311,0.668629,0.008707913,0.4,0.0,0.24823444,0.028297426,0.1862249,0.008898667,0.4,0.0,0.17913088,0.032003056
375316653866487564,2021054967770362880,0.47156096,2226.796396926001,1.7571974222431985,1.2076984E-5,18.153427,0.003932379,0.19930138,0.005077595,0.028640445,0.0068568825,0.51178324,0.025170255,null,null,null,null,null,null,null,null,null,null,"ONEGAUSSIAN",5,16.12792,0.19930138,0.005077595,0.16038649,0.03839854,0.51178324,0.0,null,null,null,null,null,null
