Gaia/vari_eclipsing_binary/VariEclipsingBinary_472287-472328.csv
# %ECSV 1.0
# ---
# delimiter: ','
# meta: !!omap
# - RELEASE: Gaia DR3
# - TABLE: vari_eclipsing_binary
# - DESCRIPTION: >
#     This table describes the properties of the eclipsing binaries resulting from the variability analysis. 
# - CITATION: >
#     How to cite and acknowledge Gaia: 
#     https://gea.esac.esa.int/archive/documentation/credits.html 
# - KNOWN_ISSUES: >
#     Known issues: 
#     https://www.cosmos.esa.int/web/gaia-users/known-issues 
# - DOCUMENTATION: >
#     Tutorials and documentation: 
#     https://www.cosmos.esa.int/web/gaia-users/archive 
# datatype:
# - 
#   name: solution_id
#   datatype: int64
#   description: Solution Identifier
#   meta:
#     ucd: meta.version
# - 
#   name: source_id
#   datatype: int64
#   description: Unique source identifier
#   meta:
#     ucd: meta.id;meta.main
# - 
#   name: global_ranking
#   datatype: float32
#   description: Number between 0 (worst) and 1 (best)
#   meta:
#     ucd: stat.param
# - 
#   name: reference_time
#   datatype: float64
#   unit: d
#   description: Reference time used for the geometric model fit
#   meta:
#     ucd: time.epoch
# - 
#   name: frequency
#   datatype: float64
#   unit: d**-1
#   description: Frequency of geometric model of the eclipsing binary light curve
#   meta:
#     ucd: src.orbital
# - 
#   name: frequency_error
#   datatype: float32
#   unit: d**-1
#   description: "Uncertainty of \\texttt{frequency}"
#   meta:
#     ucd: stat.error
# - 
#   name: geom_model_reference_level
#   datatype: float32
#   unit: mag
#   description: Magnitude reference level of geometric model
#   meta:
#     ucd: phot.mag;em.opt
# - 
#   name: geom_model_reference_level_error
#   datatype: float32
#   unit: mag
#   description: "Uncertainty of \\texttt{geomModelReferenceLevel}"
#   meta:
#     ucd: stat.error;phot.mag;em.opt
# - 
#   name: geom_model_gaussian1_phase
#   datatype: float32
#   description: Phase of the Gaussian 1 component
#   meta:
#     ucd: time.phase
# - 
#   name: geom_model_gaussian1_phase_error
#   datatype: float32
#   description: "Uncertainty of \\texttt{geomModelGaussian1Phase}"
#   meta:
#     ucd: stat.error;time.phase
# - 
#   name: geom_model_gaussian1_sigma
#   datatype: float32
#   description: "Standard deviation [phase] of Gaussian 1 component"
#   meta:
#     ucd: stat.stdev
# - 
#   name: geom_model_gaussian1_sigma_error
#   datatype: float32
#   description: "Uncertainty of \\texttt{geomModelGaussian1Sigma}"
#   meta:
#     ucd: stat.error
# - 
#   name: geom_model_gaussian1_depth
#   datatype: float32
#   unit: mag
#   description: Magnitude depth of Gaussian 1 component
#   meta:
#     ucd: src.var.amplitude
# - 
#   name: geom_model_gaussian1_depth_error
#   datatype: float32
#   unit: mag
#   description: "Uncertainty of \\texttt{geomModelGaussian1Depth}"
#   meta:
#     ucd: stat.error;src.var.amplitude
# - 
#   name: geom_model_gaussian2_phase
#   datatype: float32
#   description: Phase of Gaussian 2 component
#   meta:
#     ucd: time.phase
# - 
#   name: geom_model_gaussian2_phase_error
#   datatype: float32
#   description: "Uncertainty of \\texttt{geomModelGaussian2Phase}"
#   meta:
#     ucd: stat.error;time.phase
# - 
#   name: geom_model_gaussian2_sigma
#   datatype: float32
[...]
#   datatype: float32
#   description: "Secondary eclipse: uncertainty of \\texttt{derivedSecondaryEclDuration}"
#   meta:
#     ucd: stat.error;time.duration
# - 
#   name: derived_secondary_ecl_depth
#   datatype: float32
#   unit: mag
#   description: "Secondary eclipse: depth"
#   meta:
#     ucd: src.var.amplitude
# - 
#   name: derived_secondary_ecl_depth_error
#   datatype: float32
#   unit: mag
#   description: "Secondary eclipse: uncertainty of \\texttt{derivedSecondaryEclDepth}"
#   meta:
#     ucd: stat.error;src.var.amplitude
solution_id,source_id,global_ranking,reference_time,frequency,frequency_error,geom_model_reference_level,geom_model_reference_level_error,geom_model_gaussian1_phase,geom_model_gaussian1_phase_error,geom_model_gaussian1_sigma,geom_model_gaussian1_sigma_error,geom_model_gaussian1_depth,geom_model_gaussian1_depth_error,geom_model_gaussian2_phase,geom_model_gaussian2_phase_error,geom_model_gaussian2_sigma,geom_model_gaussian2_sigma_error,geom_model_gaussian2_depth,geom_model_gaussian2_depth_error,geom_model_cosine_half_period_amplitude,geom_model_cosine_half_period_amplitude_error,geom_model_cosine_half_period_phase,geom_model_cosine_half_period_phase_error,model_type,num_model_parameters,reduced_chi2,derived_primary_ecl_phase,derived_primary_ecl_phase_error,derived_primary_ecl_duration,derived_primary_ecl_duration_error,derived_primary_ecl_depth,derived_primary_ecl_depth_error,derived_secondary_ecl_phase,derived_secondary_ecl_phase_error,derived_secondary_ecl_duration,derived_secondary_ecl_duration_error,derived_secondary_ecl_depth,derived_secondary_ecl_depth_error
[from data line 298]
375316653866487564,4154599728926859776,0.6475859,2268.195002372542,3.2486149590524676,7.488992E-6,16.764555,0.04337397,0.21039163,0.007627669,0.05727309,0.013136672,0.39778826,0.090744354,0.7188121,0.008367777,0.05439709,0.025521103,0.3082227,0.41998246,0.08725149,0.04613227,0.21039163,0.007627669,"TWOGAUSSIANS_WITH_ELLIPSOIDAL_ON_ECLIPSE1",9,13.377551,0.21039163,0.007627669,0.32072932,0.07356536,0.5722585,0.025236994,0.7188121,0.008229834,0.30462372,0.14291817,0.4822049,0.49393946
375316653866487564,4154599793308593920,0.5795176,2293.762382453604,1.5492367371215494,2.4357103E-5,17.791578,0.06195247,0.18497549,0.006993994,0.05112464,0.027466543,0.3251011,0.108878426,0.6886154,0.014722928,0.058667652,0.016287107,0.25474596,0.1518689,0.100561365,0.08289476,0.18497549,0.006993994,"TWOGAUSSIANS_WITH_ELLIPSOIDAL_ON_ECLIPSE1",9,15.7178135,0.18497549,0.006993994,0.28629798,0.15381265,0.5261979,0.077706225,0.6886154,0.013294635,0.32853886,0.0912078,0.45573762,0.030388135
375316653866487564,4154599797647004800,0.5299151,2313.3873020266005,2.4276293516116714,4.762767E-5,19.606808,0.02343669,0.17034493,0.019454112,0.16802883,0.043796945,0.09484409,0.02389519,0.6049905,0.0076621408,0.060242888,0.029846393,0.49112308,124.642944,null,null,null,null,"TWOGAUSSIANS",8,0.8156728,0.6049905,0.0076621408,0.33736017,0.1671398,0.48381478,124.64926,0.17034493,0.019454112,0.4,0.0,0.08386336,0.015122872
375316653866487564,4154600072494747776,0.58715725,2317.4951264871206,1.5721599138303175,1.905653E-5,18.95456,0.010652009,0.27686474,0.010001786,0.07972857,0.0077903657,0.43244135,0.036873586,0.7862302,0.009241443,0.0740449,0.0072641773,0.43802786,0.085659266,null,null,null,null,"TWOGAUSSIANS",8,2.0197117,0.7862302,0.009241443,0.4,0.009438623,0.4344242,0.08614581,0.27686474,0.010001786,0.4,0.0,0.4288377,0.03676821
375316653866487564,4154600347366772864,0.5510105,2331.6557159578024,2.620158334239496,4.850642E-5,19.63862,0.06392859,0.25836042,0.006250826,0.09024008,0.015915833,0.4509191,0.06244652,0.7568817,0.015020061,0.07598076,0.029411606,0.55071414,0.0562709,null,null,null,null,"TWOGAUSSIANS",8,1.4537467,0.7568817,0.015020061,0.4,3.0032E-4,0.5403426,0.062317844,0.25836042,0.006250826,0.4,0.0,0.4405474,0.020637719
375316653866487564,4154600347402175104,0.5460349,2240.2602923875825,2.451577497495127,1.5260044E-5,16.645763,0.051651534,0.23870224,0.0046657235,0.0986442,0.016885903,0.29491103,0.045952767,0.7299961,0.013748036,0.09332992,0.024288483,0.3029905,0.046966378,null,null,null,null,"TWOGAUSSIANS",8,33.776966,0.7299961,0.013748036,0.4,0.0,0.28515053,0.031690262,0.23870224,0.0046506952,0.4,0.0,0.27706975,0.02353492
375316653866487564,4154600416121672320,0.46363857,2315.8403681277073,2.596053549207739,7.566748E-5,19.89106,0.013356827,0.18689984,0.0895691,0.06571919,0.048229128,0.08972327,0.11195526,0.8501672,0.028247617,0.037600324,0.030213568,0.6011523,336.53824,null,null,null,null,"TWOGAUSSIANS",8,1.7786973,0.8501672,0.028247617,0.21056181,0.16919598,0.6011525,336.53824,0.18689984,0.0895691,0.36802745,0.26973054,0.08972327,0.11195526
375316653866487564,4154600755390580224,0.4308938,2329.9424995297504,1.688202497949144,1.0745005E-4,19.765821,0.02685496,0.15870029,0.027448872,0.03580542,0.01766528,0.21057713,0.09801828,0.57664484,0.0384451,0.10964574,0.06716803,0.38920265,0.17808698,null,null,null,null,"TWOGAUSSIANS",8,3.6907732,0.57664484,0.0384451,0.4,0.15764175,0.3890075,0.17825854,0.1587603,0.027400715,0.20051034,0.09892557,0.21065487,0.09902982
375316653866487564,4154601996634778752,0.5120158,2319.3862238135625,0.7787638427164779,1.4155499E-4,19.141857,0.012714045,0.13464008,0.058151174,0.055889476,0.0334085,0.028741816,0.014113447,0.6328787,0.039660756,0.068482526,0.0604389,1.0788867,1.0046545,null,null,null,null,"TWOGAUSSIANS",8,1.1037431,0.6328787,0.039660756,0.38350216,0.023407118,1.078775,1.0115609,0.13464008,0.058150493,0.31298107,0.17415865,0.028630156,0.008213603
375316653866487564,4154602473369797888,0.5140994,2334.4220835798315,0.37408584423594743,4.3061067E-5,19.664692,0.15669997,0.3348833,0.0057278266,0.037350703,0.013132987,0.2997762,0.09142549,0.7507494,0.042246215,0.10034477,0.1193784,0.25277326,0.10958505,null,null,null,null,"TWOGAUSSIANS",8,3.03546,0.3348933,0.0054824105,0.20916393,0.073544726,0.299765,0.07422017,0.7507494,0.042246215,0.4,0.0,0.25271493,0.07068561
375316653866487564,4154603027427630464,0.5571847,2286.9770480879815,3.3457469514597924,1.653275E-5,19.29584,0.013177104,0.18401524,0.016069507,0.060155924,0.013822891,0.39499247,0.04100875,0.67875934,0.008205547,0.07475396,0.006794365,0.53170854,0.039271154,null,null,null,null,"TWOGAUSSIANS",8,2.1000268,0.67875934,0.008205547,0.4,0.0,0.53087485,0.039024986,0.18401524,0.016069507,0.33687317,0.07394335,0.3941588,0.041603297
375316653866487564,4154603336699607040,0.51367235,2252.3710587433347,2.972361154380879,2.6011581E-5,16.4983,0.020862866,0.113228716,0.008488405,0.092619844,0.056402367,0.03914403,0.016617827,0.6274331,0.006394245,0.05982049,0.013734273,0.3589048,0.021406198,null,null,null,null,"TWOGAUSSIANS",8,6.247121,0.6274331,0.006394245,0.33499476,0.076911926,0.35833302,0.018578174,0.113228716,0.008488405,0.4,0.13297874,0.03857221,0.015958952
375316653866487564,4154603439778851456,0.70746493,2274.54707184744,0.968725930664785,7.2037624E-6,16.274324,0.0017052529,0.20111345,4.1247217E-4,0.033038158,0.001308122,0.49187708,0.06370418,0.70200413,0.0018259058,0.037020642,0.0016189172,0.35976908,0.0076522552,0.022658765,0.0026480255,0.20111345,4.1247217E-4,"TWOGAUSSIANS_WITH_ELLIPSOIDAL_ON_ECLIPSE1",9,2.2588422,0.20111345,4.1247217E-4,0.18501368,0.007325483,0.53719455,0.06614217,0.70200413,0.0018259058,0.2073156,0.009065936,0.40508512,0.0076719974
375316653866487564,4154604367460244480,0.5867537,2244.1581697839956,0.3273806181050461,5.0323863E-5,18.588806,0.0032010255,0.20108494,0.0075532976,0.02396335,0.0072655063,0.38536116,1.0806235,0.066742286,0.009035668,0.022239545,0.00881355,0.020740835,0.007603326,null,null,null,null,"TWOGAUSSIANS",8,0.60715306,0.20108494,0.0075532976,0.13419476,0.040686835,0.38536116,1.0806235,0.066742286,0.009035668,0.124541454,0.04935588,0.020740893,0.0076035256
375316653866487564,4154604676729743360,0.4208597,2316.0700230638163,0.46337237332261555,3.684567E-5,17.64646,0.044366933,null,null,null,null,null,null,null,null,null,null,null,null,0.18108511,0.06875223,0.2708498,0.008575278,"ELLIPSOIDAL",4,164.52113,null,null,null,null,null,null,null,null,null,null,null,null
375316653866487564,4154604745448860032,0.5576083,2288.473832628311,1.0069223287983595,5.486554E-5,18.431047,0.0184509,0.7588808,0.0025494103,0.051146276,0.0064504966,0.5181975,0.049482264,null,null,null,null,null,null,0.039452694,0.02143187,0.7588808,0.0025494103,"ONEGAUSSIAN_WITH_ELLIPSOIDAL",6,5.351276,0.7588808,0.0025494103,0.28641915,0.03612278,0.5970995,0.063272305,null,null,null,null,null,null
375316653866487564,4154604848493544320,0.5336458,2322.2543618190075,1.6547824568515357,1.0987951E-5,18.946104,0.011592086,0.27441147,0.038156778,0.042255573,0.023846706,0.12365887,0.051121566,0.7702261,0.0038178556,0.06497531,0.005623155,0.24191365,0.014446274,null,null,null,null,"TWOGAUSSIANS",8,2.0136068,0.7702261,0.0038178556,0.3638617,0.031489667,0.2419079,0.01443357,0.27441147,0.038156778,0.23663121,0.13354155,0.12365313,0.051151138
375316653866487564,4154605290867268480,0.5165381,2289.555591770381,1.6932457698709238,1.3707592E-5,18.339468,0.008619688,0.21445139,0.0071148486,0.07686482,0.00935459,0.15927465,0.014141299,0.69950503,0.013865521,0.09156816,0.013065665,0.14622779,0.027010925,null,null,null,null,"TWOGAUSSIANS",8,1.7937803,0.21445139,0.0071148486,0.4,0.0029095549,0.15644792,0.014319832,0.69950503,0.013865521,0.4,0.0,0.14340092,0.027116794
375316653866487564,4154605467003809920,0.61596626,2341.3605135257358,0.5874294885048059,3.0469531E-5,16.24955,0.015874794,0.3296677,0.10696794,0.03092356,0.047709227,0.01541833,6.6036773,0.7283381,0.041464116,0.021760456,0.018305624,0.77710384,0.8549778,0.008645026,0.015735488,0.3296677,0.10696794,"TWOGAUSSIANS_WITH_ELLIPSOIDAL_ON_ECLIPSE1",9,31.748672,0.7283981,0.041511882,0.12185855,0.102511495,0.7882859,0.842745,0.3296677,0.10696794,0.17317194,0.26717165,0.032708377,6.590706
375316653866487564,4154605978060329984,0.59967774,2259.806725844342,1.676764224186146,1.2396119E-5,18.021805,0.018449437,0.24544522,0.0045158137,0.05067647,0.010014016,0.3420949,0.042174235,0.73757464,0.009411807,0.0459983,0.013128814,0.12841512,0.108624145,0.0745065,0.024906525,0.24544522,0.0045158137,"TWOGAUSSIANS_WITH_ELLIPSOIDAL_ON_ECLIPSE1",9,7.860829,0.24544522,0.0045158137,0.2837882,0.05607849,0.491106,0.0417865,0.73885465,0.007651269,0.2575905,0.07352136,0.27712113,0.09681065
375316653866487564,4154606115503151616,0.5382089,2245.694615674201,2.2001238136095376,1.3599106E-5,18.348402,0.03951634,0.3272941,0.022146113,0.07849892,0.03862064,0.5084088,0.26071733,0.84251827,0.003643106,0.07651631,0.009761327,0.43197206,0.034892935,null,null,null,null,"TWOGAUSSIANS",8,8.570057,0.3272941,0.022146113,0.4,0.019273592,0.5046642,0.28218004,0.84251827,0.003643106,0.4,0.0,0.42822745,0.024971487
375316653866487564,4154606222903220480,0.5790387,2310.7524818810753,2.4502101841761275,1.22109195E-5,19.149275,0.021425072,0.21505783,9.633204E-4,0.07181672,0.0047219926,0.59204847,0.01133896,0.7271692,0.0029483493,0.079842046,0.004379185,0.49922878,0.024301637,null,null,null,null,"TWOGAUSSIANS",8,2.0981956,0.21505783,9.633204E-4,0.4,0.017975481,0.5884385,0.009546717,0.7271692,0.0029483493,0.4,0.0,0.49561882,0.023180353
375316653866487564,4154606257279874432,0.5588666,2308.1622987267488,0.018637992593007045,1.1519014E-5,16.717173,0.004657843,0.31305385,0.092247516,0.06050851,0.045865137,0.42851633,0.19164492,0.63785005,0.0013098874,0.005226526,0.002681597,0.0504067,0.21816383,0.0038275898,0.0053800377,0.31305385,0.092247516,"TWOGAUSSIANS_WITH_ELLIPSOIDAL_ON_ECLIPSE1",9,4.9724274,0.31305385,0.092247516,0.33884764,0.21198048,0.43610507,0.18833083,0.63787,0.0012771714,0.029268546,0.015016943,0.051910754,0.21791181
375316653866487564,4154607219352592000,0.6610415,2269.172295011867,2.5193874371201086,2.074359E-6,16.090576,0.024976596,0.27791417,0.0021337885,0.048012994,0.0066535305,0.4504681,0.08598892,0.77212745,0.0039581843,0.058115195,0.0114585655,0.42547834,0.06620263,0.10373011,0.026808618,0.77212745,0.0039581843,"TWOGAUSSIANS_WITH_ELLIPSOIDAL_ON_ECLIPSE2",9,10.742681,0.27746415,0.0017338159,0.26887277,0.037259772,0.65763384,0.09194752,0.77212745,0.0039581843,0.3254451,0.06416797,0.6328971,0.086494714
375316653866487564,4154607769079738240,0.5758968,2256.8004505035797,2.3328458621452697,2.1867107E-5,18.610775,0.018517463,0.3249227,0.006353653,0.06992756,0.007576646,0.4769776,0.02547127,0.8312367,0.004258527,0.083245486,0.00708011,0.3907444,0.019403482,null,null,null,null,"TWOGAUSSIANS",8,3.597566,0.3249227,0.006353653,0.39159432,0.033214767,0.47336805,0.02408682,0.8312367,0.004258527,0.4,0.0,0.38713485,0.018865997
375316653866487564,4154608898638205312,0.54739404,2204.338849502267,2.321245791413728,7.930987E-6,17.495205,0.02871652,0.3284464,0.016805053,0.079841346,0.022918236,0.3497676,0.18243253,0.82318056,0.007465209,0.084556505,0.013311085,0.29976484,0.028103704,null,null,null,null,"TWOGAUSSIANS",8,18.083355,0.3284464,0.016805053,0.4,0.022558387,0.34403014,0.18702735,0.82318056,0.007465209,0.4,0.0,0.29402736,0.02087022
375316653866487564,4154609590145787776,0.5014844,2277.3460821923236,1.7370565454515718,3.689306E-5,19.59872,0.24411549,0.31176612,0.015559837,0.14389837,0.060499948,0.42028967,0.2355367,0.9239801,0.09199961,0.1515762,0.07049111,0.18216403,0.20216532,null,null,null,null,"TWOGAUSSIANS",8,3.0194674,0.3055461,0.008350602,0.4,0.0,0.36549702,0.0361089,0.9999901,0.116905354,0.4,0.0,0.13123734,0.05571027
375316653866487564,4154609727584106624,0.4987422,2240.364167797779,2.8301961480434925,1.13623515E-4,19.491623,0.105374895,0.24588223,0.013247792,0.11467421,0.025456289,0.21113133,0.09558977,0.6943077,0.029641444,0.14113598,0.047135174,0.25615507,0.10474505,null,null,null,null,"TWOGAUSSIANS",8,1.235053,0.6943077,0.029641444,0.4,0.0,0.21054564,0.021658022,0.24809223,0.008458451,0.4,0.0,0.16722566,0.03682294
375316653866487564,4154609899410999296,0.5547172,2228.6379215852585,1.0459788395538545,9.6572374E-5,17.800602,0.005709965,0.18268381,0.025772886,0.011902067,0.014764027,0.0481176,38750.633,0.85732937,0.0066624177,0.027091889,0.006098625,0.19327591,0.010358366,0.014974895,0.0076761004,0.18268381,0.025772886,"TWOGAUSSIANS_WITH_ELLIPSOIDAL_ON_ECLIPSE1",9,1.7943859,0.85732937,0.0066624177,0.15171458,0.0341523,0.19950275,0.008455885,0.18268381,0.025772886,0.066651575,0.08267855,0.07806732,38750.633
375316653866487564,4154610101229105280,0.6139044,2234.4590312535456,2.475185462643823,9.342899E-6,17.8957,0.014065846,0.14738512,0.0050920337,0.059312012,0.013308608,0.25203416,0.15737465,0.65048397,0.0035821334,0.050957628,0.0054679587,0.3644313,0.034216322,0.08670682,0.023845699,0.14738512,0.0050920337,"TWOGAUSSIANS_WITH_ELLIPSOIDAL_ON_ECLIPSE1",9,4.8290687,0.65048397,0.0035491844,0.28536272,0.03062057,0.5377427,0.021460075,0.14738512,0.0050920337,0.33214727,0.0745282,0.42541125,0.16087836
375316653866487564,4154610414808276352,0.57022583,2250.8151212762846,1.2190159024279281,1.6097798E-5,18.18538,0.0038562682,0.3405969,0.0048919087,0.055900596,0.003926691,0.39265433,0.011400219,0.6123715,0.016105779,0.06761842,0.0125347935,0.026233766,0.0077842423,null,null,null,null,"TWOGAUSSIANS",8,2.668788,0.3405969,0.004895258,0.31304333,0.02198947,0.39266247,0.011404727,0.6123715,0.016105779,0.37866315,0.059899773,0.026236655,0.007783408
375316653866487564,4154610689686198272,0.5367786,2254.0960186698626,1.0178634335053123,3.8251852E-5,16.283485,0.03321679,0.22885938,0.008223028,0.07621174,0.01970089,0.21567887,0.024123805,0.7067161,0.016089391,0.09113824,0.021803364,0.3074118,0.02841625,null,null,null,null,"TWOGAUSSIANS",8,71.91753,0.7067161,0.016089391,0.4,0.0,0.30340427,0.020049678,0.22885938,0.008227494,0.4,0.007665204,0.21167171,0.019891683
375316653866487564,4154611308134626432,0.53896934,2290.202028367814,1.0466521105034845,2.8795388E-5,19.37662,0.009558965,0.32612562,0.008744463,0.03302518,0.006801583,0.44235203,0.072761185,0.77933556,0.016627299,0.057906162,0.02327013,0.28882113,0.5011138,null,null,null,null,"TWOGAUSSIANS",8,2.0343812,0.32612562,0.008744463,0.184941,0.03808886,0.44235203,0.072761185,0.77933556,0.016627299,0.3242745,0.13031273,0.2888211,0.5011138
375316653866487564,4154611479943093888,0.48267925,2285.4310709957213,0.6510388693779259,3.966863E-5,19.478653,0.05642406,0.34848276,0.019421458,0.08090581,0.025125084,0.3496492,0.14674327,0.79698694,0.007818752,0.08891568,0.024378752,0.50107807,0.14407802,null,null,null,null,"TWOGAUSSIANS",8,3.363372,0.79698694,0.007818752,0.4,0.0,0.49675724,0.1501243,0.34848276,0.019421186,0.4,0.046721157,0.34532982,0.14818972
375316653866487564,4154611514319941248,0.71604633,2261.0488910338468,0.4221039147354053,1.2657977E-5,13.197559,7.758773E-4,0.12004709,0.00215347,0.015622774,0.0030750106,0.021728002,0.007777172,0.8341905,6.362913E-4,0.04387018,4.323039E-4,0.2780546,0.0024069322,0.0042438866,0.0010175568,0.8341905,6.362913E-4,"TWOGAUSSIANS_WITH_ELLIPSOIDAL_ON_ECLIPSE2",9,9.640544,0.8341905,6.362913E-4,0.245673,0.0024209018,0.2865423,0.0021194213,0.120307095,0.0021386151,0.08748753,0.01722006,0.022154551,0.007789935
