Gaia/vari_eclipsing_binary/VariEclipsingBinary_465195-465208.csv
# %ECSV 1.0
# ---
# delimiter: ','
# meta: !!omap
# - RELEASE: Gaia DR3
# - TABLE: vari_eclipsing_binary
# - DESCRIPTION: >
#     This table describes the properties of the eclipsing binaries resulting from the variability analysis. 
# - CITATION: >
#     How to cite and acknowledge Gaia: 
#     https://gea.esac.esa.int/archive/documentation/credits.html 
# - KNOWN_ISSUES: >
#     Known issues: 
#     https://www.cosmos.esa.int/web/gaia-users/known-issues 
# - DOCUMENTATION: >
#     Tutorials and documentation: 
#     https://www.cosmos.esa.int/web/gaia-users/archive 
# datatype:
# - 
#   name: solution_id
#   datatype: int64
#   description: Solution Identifier
#   meta:
#     ucd: meta.version
# - 
#   name: source_id
#   datatype: int64
#   description: Unique source identifier
#   meta:
#     ucd: meta.id;meta.main
# - 
#   name: global_ranking
#   datatype: float32
#   description: Number between 0 (worst) and 1 (best)
#   meta:
#     ucd: stat.param
# - 
#   name: reference_time
#   datatype: float64
#   unit: d
#   description: Reference time used for the geometric model fit
#   meta:
#     ucd: time.epoch
# - 
#   name: frequency
#   datatype: float64
#   unit: d**-1
#   description: Frequency of geometric model of the eclipsing binary light curve
#   meta:
#     ucd: src.orbital
# - 
#   name: frequency_error
#   datatype: float32
#   unit: d**-1
#   description: "Uncertainty of \\texttt{frequency}"
#   meta:
#     ucd: stat.error
# - 
#   name: geom_model_reference_level
#   datatype: float32
#   unit: mag
#   description: Magnitude reference level of geometric model
#   meta:
#     ucd: phot.mag;em.opt
# - 
#   name: geom_model_reference_level_error
#   datatype: float32
#   unit: mag
#   description: "Uncertainty of \\texttt{geomModelReferenceLevel}"
#   meta:
#     ucd: stat.error;phot.mag;em.opt
# - 
#   name: geom_model_gaussian1_phase
#   datatype: float32
#   description: Phase of the Gaussian 1 component
#   meta:
#     ucd: time.phase
# - 
#   name: geom_model_gaussian1_phase_error
#   datatype: float32
#   description: "Uncertainty of \\texttt{geomModelGaussian1Phase}"
#   meta:
#     ucd: stat.error;time.phase
# - 
#   name: geom_model_gaussian1_sigma
#   datatype: float32
#   description: "Standard deviation [phase] of Gaussian 1 component"
#   meta:
#     ucd: stat.stdev
# - 
#   name: geom_model_gaussian1_sigma_error
#   datatype: float32
#   description: "Uncertainty of \\texttt{geomModelGaussian1Sigma}"
#   meta:
#     ucd: stat.error
# - 
#   name: geom_model_gaussian1_depth
#   datatype: float32
#   unit: mag
#   description: Magnitude depth of Gaussian 1 component
#   meta:
#     ucd: src.var.amplitude
# - 
#   name: geom_model_gaussian1_depth_error
#   datatype: float32
#   unit: mag
#   description: "Uncertainty of \\texttt{geomModelGaussian1Depth}"
#   meta:
#     ucd: stat.error;src.var.amplitude
# - 
#   name: geom_model_gaussian2_phase
#   datatype: float32
#   description: Phase of Gaussian 2 component
#   meta:
#     ucd: time.phase
# - 
#   name: geom_model_gaussian2_phase_error
#   datatype: float32
#   description: "Uncertainty of \\texttt{geomModelGaussian2Phase}"
#   meta:
#     ucd: stat.error;time.phase
# - 
#   name: geom_model_gaussian2_sigma
#   datatype: float32
[...]
#   datatype: float32
#   description: "Secondary eclipse: uncertainty of \\texttt{derivedSecondaryEclDuration}"
#   meta:
#     ucd: stat.error;time.duration
# - 
#   name: derived_secondary_ecl_depth
#   datatype: float32
#   unit: mag
#   description: "Secondary eclipse: depth"
#   meta:
#     ucd: src.var.amplitude
# - 
#   name: derived_secondary_ecl_depth_error
#   datatype: float32
#   unit: mag
#   description: "Secondary eclipse: uncertainty of \\texttt{derivedSecondaryEclDepth}"
#   meta:
#     ucd: stat.error;src.var.amplitude
solution_id,source_id,global_ranking,reference_time,frequency,frequency_error,geom_model_reference_level,geom_model_reference_level_error,geom_model_gaussian1_phase,geom_model_gaussian1_phase_error,geom_model_gaussian1_sigma,geom_model_gaussian1_sigma_error,geom_model_gaussian1_depth,geom_model_gaussian1_depth_error,geom_model_gaussian2_phase,geom_model_gaussian2_phase_error,geom_model_gaussian2_sigma,geom_model_gaussian2_sigma_error,geom_model_gaussian2_depth,geom_model_gaussian2_depth_error,geom_model_cosine_half_period_amplitude,geom_model_cosine_half_period_amplitude_error,geom_model_cosine_half_period_phase,geom_model_cosine_half_period_phase_error,model_type,num_model_parameters,reduced_chi2,derived_primary_ecl_phase,derived_primary_ecl_phase_error,derived_primary_ecl_duration,derived_primary_ecl_duration_error,derived_primary_ecl_depth,derived_primary_ecl_depth_error,derived_secondary_ecl_phase,derived_secondary_ecl_phase_error,derived_secondary_ecl_duration,derived_secondary_ecl_duration_error,derived_secondary_ecl_depth,derived_secondary_ecl_depth_error
[from data line 190]
375316653866487564,4091934644268488576,0.53888136,2202.914162467674,2.1628059000135234,2.4525825E-5,18.697891,0.016499864,0.25112483,0.008484579,0.11589082,0.0164554,0.15638745,0.016430045,0.74376553,0.0062340316,0.08265749,0.011122726,0.34263304,0.058991205,null,null,null,null,"TWOGAUSSIANS",8,3.3118665,0.74376553,0.0062340316,0.4,0.0,0.32676065,0.065551974,0.25112483,0.008484579,0.4,0.0,0.14048564,0.010479655
375316653866487564,4091934678628198528,0.48730356,2184.618468318521,0.15464997663328905,1.5911169E-4,19.68606,0.0072665503,0.13682222,0.004400911,0.036107615,0.0041800793,0.2333046,0.0130597865,0.4108122,0.021909297,0.109086126,0.018420832,0.098915316,0.028552953,null,null,null,null,"TWOGAUSSIANS",8,0.9775947,0.13737223,0.0043816688,0.20220263,0.023408445,0.23754649,0.0133793,0.4108122,0.021909297,0.4,0.0,0.09890989,0.028554983
375316653866487564,4091934742996752384,0.52439183,2204.0429300985807,0.30899904446595894,1.2833797E-4,18.243286,0.0025634288,0.5227978,0.027382694,0.0062038954,0.006102783,0.7945262,40.43295,null,null,null,null,null,null,9.4654225E-4,0.0030718152,0.5227978,0.027382694,"ONEGAUSSIAN_WITH_ELLIPSOIDAL",6,1.6995224,0.5227978,0.027382694,0.034741815,0.034175586,0.79641926,40.434612,null,null,null,null,null,null
375316653866487564,4091934953506703360,0.48546606,2254.1199493132676,0.6184047481560561,1.10549445E-4,19.6527,0.018365454,0.11788473,0.068232305,0.058948837,0.05661299,0.08833792,3.2484848,0.49017265,0.0043686186,0.04016783,0.008501561,0.35253766,0.09437751,null,null,null,null,"TWOGAUSSIANS",8,2.1494508,0.49017265,0.0043686186,0.22493985,0.047608744,0.35253766,0.094377585,0.11788473,0.068232305,0.3301135,0.30372056,0.08833792,3.2484848
375316653866487564,4091934987866707840,0.52701473,2250.1171635775668,2.3037625714890835,3.220072E-5,19.110704,0.23974933,0.19643115,0.014021311,0.10828919,0.08228465,0.23180778,0.20315923,0.70732516,0.004910873,0.10057601,0.036298435,0.25091192,0.20169564,null,null,null,null,"TWOGAUSSIANS",8,1.5065199,0.7073352,0.0048498623,0.4,0.0,0.22677234,0.018398197,0.19643115,0.013926292,0.4,0.0,0.20765865,0.03771582
375316653866487564,4091935017874657152,0.44983783,2227.3742103391564,0.08553760534472364,5.0151193E-5,18.70083,0.020156719,0.1610761,0.0065176245,0.05591783,0.01320491,0.3740837,0.68164533,0.6773549,0.009176985,0.04929565,0.016863987,0.38365078,0.307937,null,null,null,null,"TWOGAUSSIANS",8,9.386271,0.6773549,0.009176985,0.27605563,0.09443833,0.3836463,0.30794957,0.1610761,0.0065176245,0.31313986,0.0739475,0.37407923,0.6816509
375316653866487564,4091935052236696448,0.4923362,2236.4712217829265,0.3981383404122644,9.910113E-6,17.590126,0.0028427131,0.23083529,0.0019606766,0.007619519,0.0013976998,0.040503297,0.0070718983,0.5804768,0.0012927622,0.01974131,0.0038411901,0.17530304,0.046836734,null,null,null,null,"TWOGAUSSIANS",8,5.7053795,0.5804768,0.0012927622,0.110551335,0.021510664,0.17530304,0.046836734,0.23083529,0.0019606766,0.042669304,0.007827119,0.040503297,0.0070718983
375316653866487564,4091935159666049408,0.52220124,2188.6529438746784,0.15802747407427326,1.173143E-4,19.20382,0.0057380307,0.24128084,0.0049187397,0.035157897,0.0075199725,0.25837636,0.12708168,0.71411544,0.00448227,0.046846107,0.01572781,0.27377403,0.08660092,null,null,null,null,"TWOGAUSSIANS",8,2.0416794,0.71411544,0.00448227,0.2623382,0.088075735,0.27377403,0.08660092,0.24128084,0.0049187397,0.19688423,0.042111844,0.25837636,0.12708168
375316653866487564,4091935606360091392,0.48685697,2267.430240209097,1.5822335540846992,4.9002858E-5,19.54648,0.03771561,0.11554049,0.020400066,0.03150691,0.05313127,0.11542981,2.41861709E9,0.5550932,0.03061364,0.18043816,0.05404978,0.23040275,0.03590181,null,null,null,null,"TWOGAUSSIANS",8,1.7939727,0.5550932,0.03061364,0.4,0.0,0.21813874,0.038636222,0.11667049,0.020737495,0.17643869,0.29753512,0.116943985,2.41861709E9
375316653866487564,4091935640702013824,0.48569417,2240.2417495964173,0.19488867760964276,6.335017E-5,19.417503,0.040574376,0.43112475,0.020110147,0.14966336,0.027585685,0.36568776,0.04399215,0.7803513,0.05603706,0.022482606,0.028905306,0.14754644,0.1846326,null,null,null,null,"TWOGAUSSIANS",8,6.007947,0.43112475,0.020110147,0.4,0.0,0.36293018,0.040731166,0.7803513,0.05603706,0.1259026,0.16186972,0.16884913,0.16419156
375316653866487564,4091935670729088384,0.5137512,2229.6659092419695,2.3393654314351187,4.928867E-5,18.303904,0.06735194,0.26919463,0.009411111,0.08790913,0.032527298,0.33543482,0.03823923,0.7621205,0.014663061,0.106749274,0.026552796,0.32062984,0.06421902,null,null,null,null,"TWOGAUSSIANS",8,15.177097,0.26919463,0.009427438,0.4,0.0,0.31357795,0.05995936,0.7621205,0.014663061,0.4,0.0,0.2987615,0.022076523
375316653866487564,4091935739458157312,0.6021546,2202.824049120933,2.336434918516287,7.368328E-6,18.582695,0.009677873,0.273521,0.004185396,0.07070063,0.006390075,0.48761654,0.07177675,0.7658003,0.0021234783,0.07407017,0.0024652197,0.54515886,0.013284048,null,null,null,null,"TWOGAUSSIANS",8,4.305465,0.7658003,0.0021234783,0.4,0.0,0.54295605,0.012861246,0.273521,0.004185396,0.39592355,0.020534068,0.48541367,0.072785325
375316653866487564,4091935778140830592,0.5289495,2200.1105742287127,0.7325729566449806,3.621007E-5,17.469854,0.019062525,0.30420247,0.030774292,0.07305103,0.12989445,0.043762967,0.015784163,0.67625165,0.0048645893,0.075911,0.005437794,0.6414521,0.10233616,null,null,null,null,"TWOGAUSSIANS",8,15.892311,0.67625165,0.0048645893,0.4,0.0,0.641407,0.10204555,0.30423245,0.030791478,0.4,0.2081162,0.043721713,0.017094562
375316653866487564,4091935812500860544,0.5040503,2228.883013432346,0.0747265640695201,1.5846985E-5,18.834564,0.015462664,0.23009786,0.0023363815,0.032634296,0.0046226485,0.7319846,0.2396649,0.5208054,0.021027403,0.014441607,0.0113150785,0.09292571,10662.547,0.034047652,0.023330094,0.5208054,0.021027403,"TWOGAUSSIANS_WITH_ELLIPSOIDAL_ON_ECLIPSE2",9,8.760754,0.22978787,0.0021491777,0.18275204,0.025886832,0.7363752,0.2397399,0.5208054,0.021027403,0.080873,0.06336444,0.16102101,10662.543
375316653866487564,4091935812500970624,0.5141147,2186.7453091046054,0.09790262085643939,2.5001473E-5,18.955336,0.010581035,0.25429353,0.02134658,0.07173581,0.01656169,0.21902636,0.048913024,0.6446207,0.0022612235,0.06329046,0.006162169,0.14891943,0.011708866,null,null,null,null,"TWOGAUSSIANS",8,2.2486732,0.25429353,0.02134658,0.4,0.029606728,0.21901271,0.048860207,0.6446207,0.0022612235,0.3544266,0.034508146,0.14890586,0.011560162
375316653866487564,4091935846860784384,0.4715923,2175.6708898419147,2.681764171927859,2.856783E-5,19.265947,0.0095532015,0.3016065,0.009820277,0.029317524,0.029186517,0.22768284,3.8045236E29,null,null,null,null,null,null,0.10517145,0.011314624,0.3016065,0.009820277,"ONEGAUSSIAN_WITH_ELLIPSOIDAL",6,5.660939,0.3016065,0.009820277,0.16417813,0.16344449,0.4380257,3.8045236E29,null,null,null,null,null,null
375316653866487564,4091935876867679232,0.6419132,2209.0957923108012,1.8454141332405853,5.727656E-6,17.038372,0.006698969,0.28438205,0.0022188553,0.08303748,0.0029340053,0.4545486,0.012572117,0.7925591,0.0031119583,0.0874641,0.0027484412,0.40564594,0.0116086565,null,null,null,null,"TWOGAUSSIANS",8,5.218644,0.28438205,0.0022188553,0.4,0.0,0.4444576,0.012888349,0.7925591,0.0031119583,0.4,0.0,0.39555487,0.011175309
375316653866487564,4091936087377283328,0.4784082,2154.1586761715243,0.251759104579927,1.766193E-5,19.42263,0.067896865,0.22784507,0.0214966,0.09837005,0.03658427,0.28923106,0.081865445,0.71728957,0.011788286,0.11182945,0.032804072,0.25960052,0.069953606,null,null,null,null,"TWOGAUSSIANS",8,3.9575615,0.22785507,0.021492582,0.4,0.024674332,0.26076505,0.062903546,0.71728957,0.011788286,0.4,0.0,0.23111042,0.021931002
375316653866487564,4091936190456828032,0.46616873,2166.2504305777916,0.09790264796900694,1.3813507E-4,19.3765,0.018302714,0.26175198,0.009552735,0.07528815,0.010993306,0.23063605,0.018788276,0.677311,0.0068820654,0.06318501,0.014088169,0.32040682,0.040711734,null,null,null,null,"TWOGAUSSIANS",8,3.4617884,0.677311,0.0068820654,0.35383603,0.06702218,0.32033467,0.040809147,0.26175198,0.009552735,0.4,0.013075376,0.23056383,0.01854423
375316653866487564,4091936259176424576,0.5087937,2181.4666816230297,0.9773589118035162,1.3685817E-4,19.050358,0.023400033,0.353678,0.009496583,0.090458386,0.024055868,0.49572748,0.20025915,0.6874225,0.016710375,0.08515351,0.043976616,0.07977633,0.022739176,null,null,null,null,"TWOGAUSSIANS",8,4.2345185,0.353708,0.0092114685,0.4,0.0,0.49546704,0.20090792,0.6874225,0.016710375,0.4,0.012894458,0.080027774,0.023605252
375316653866487564,4091936362255631360,0.46604064,2134.595556481102,3.94614083068555,4.426881E-5,19.603226,0.020368585,0.26221123,0.007536522,0.07368744,0.02497838,0.19314961,0.026315305,0.7154091,0.021687426,0.04209879,0.020933613,0.28550282,0.0973631,null,null,null,null,"TWOGAUSSIANS",8,3.7547317,0.7154091,0.021687426,0.23575322,0.11722824,0.28549668,0.0973751,0.26221123,0.007536522,0.4,0.049942825,0.19314349,0.026347134
375316653866487564,4091936465353340032,0.47384405,2219.329913282785,0.04789674321452289,3.4202265E-5,19.672705,0.07567095,0.29760537,0.0069383625,0.06589911,0.01724031,0.23046494,0.038735673,0.8130834,0.01875061,0.17135566,0.07853297,0.15777887,0.07311137,null,null,null,null,"TWOGAUSSIANS",8,1.2635684,0.29726538,0.006359759,0.36903504,0.09584997,0.2063028,0.011370607,0.8130834,0.01875061,0.4,0.0,0.12900703,0.016960816
375316653866487564,4091936568413341056,0.5273094,2223.6431867449355,0.19475626526814765,3.370147E-5,19.835573,0.28132167,0.2162887,0.013682008,0.065723956,0.024989847,0.092554875,0.07177529,0.6736867,0.019418238,0.16122149,0.121390805,0.26725832,0.26677942,null,null,null,null,"TWOGAUSSIANS",8,0.6514042,0.6736867,0.019418238,0.4,0.0,0.24647732,0.021046784,0.2195687,0.011323854,0.36805415,0.11289977,0.07758385,0.026836753
375316653866487564,4091936740231305472,0.47142577,2190.332310657519,2.3312279216153557,3.2710148E-5,19.127235,0.019926174,0.69499,0.011504675,0.01680918,0.020049041,0.15921497,1.6197877E19,null,null,null,null,null,null,0.15126522,0.025011858,0.69499,0.011504675,"ONEGAUSSIAN_WITH_ELLIPSOIDAL",6,18.141787,0.69499,0.011504675,0.09413141,0.11227463,0.4617454,1.6197877E19,null,null,null,null,null,null
375316653866487564,4091936808932185088,0.52352226,2245.6737595846766,2.945128979710584,1.2821022E-5,18.85111,0.02022085,0.33224544,0.0059705516,0.06727352,0.0064228964,0.46457854,0.061824996,0.84153837,0.010003674,0.06542682,0.010122921,0.5083605,0.07804257,null,null,null,null,"TWOGAUSSIANS",8,7.724265,0.84153837,0.010003674,0.36639017,0.048097875,0.5077456,0.07869165,0.33224544,0.0059705516,0.37673172,0.03596822,0.4639636,0.06195837
375316653866487564,4091936877651423104,0.53420335,2187.5503986916915,2.5555369640359906,1.95104E-5,18.74671,0.060624167,0.26948786,0.019003455,0.099982545,0.033161245,0.4796696,0.1454847,0.7930786,0.0051589585,0.07653808,0.010575795,0.5795828,0.06680511,null,null,null,null,"TWOGAUSSIANS",8,12.011249,0.7930786,0.005149047,0.4,0.0073310575,0.5669461,0.05461815,0.26948786,0.019003455,0.4,0.0,0.4670267,0.16565585
375316653866487564,4091937045098915328,0.6297632,2222.3868011557674,0.9073952371910077,3.3364472E-6,17.227354,0.006196685,0.3131599,0.0017791233,0.05426103,0.0023791643,0.40737015,0.020344723,0.80982095,0.003816293,0.07550899,0.0053973384,0.095800914,0.006279869,null,null,null,null,"TWOGAUSSIANS",8,4.1833982,0.3131599,0.0017791233,0.30386177,0.01332332,0.40718776,0.020366278,0.80982095,0.003816293,0.4,0.0,0.09561852,0.00615898
375316653866487564,4091937083828797952,0.5134548,2155.890775740411,0.09788336157679181,3.529354E-5,19.246891,0.011948145,0.2984143,0.009075246,0.04434379,0.0071674543,0.28221896,0.06373481,0.68688005,0.014853022,0.045424677,0.011998855,0.47691017,0.24715793,null,null,null,null,"TWOGAUSSIANS",8,5.3621616,0.68688005,0.014853022,0.25437817,0.06719359,0.47691017,0.24715793,0.2984143,0.009075246,0.24832521,0.040137745,0.28221896,0.06373481
375316653866487564,4091937113838233088,0.4485176,2204.9024219505063,1.7462129064666547,7.951774E-5,19.394747,0.019789616,0.5392195,0.017943207,0.064939655,0.03695334,0.18152139,0.03551124,0.7880692,0.058183875,0.08957402,0.06080401,0.10195805,0.054367036,null,null,null,null,"TWOGAUSSIANS",8,2.4874108,0.5408395,0.017142532,0.3636621,0.08350148,0.18372354,0.03772261,0.7880692,0.058183875,0.4,0.2238755,0.10207372,0.05939816
375316653866487564,4091937152529922560,0.45909816,2202.347262406006,0.35242408188505076,1.2501034E-4,17.885927,0.1201466,0.48502284,0.01815159,0.16838884,0.07146698,0.2875325,0.11136099,0.8979219,0.09327387,0.113161184,0.055605322,0.18356955,0.057304263,null,null,null,null,"TWOGAUSSIANS",8,7.0735173,0.48579285,0.014460186,0.4,0.0,0.23404633,0.019816115,0.8979219,0.09327387,0.4,0.038422678,0.14472902,0.034518443
375316653866487564,4091937457418517376,0.56810755,2215.3643640354067,0.34701076007561654,2.606572E-6,13.281438,0.005046151,0.06400054,3.750322E-5,0.0067749536,5.757826E-4,0.31944925,0.06941388,0.5130526,0.008192137,0.014765284,0.007188912,0.60046506,0.19059202,null,null,null,null,"TWOGAUSSIANS",8,415.95264,0.5130526,0.008192137,0.08268559,0.04025791,0.60046506,0.19059202,0.06400054,3.750322E-5,0.03793974,0.0032243824,0.31944925,0.06941388
375316653866487564,4091937461768289152,0.537536,2179.033486690469,0.08014926980695505,4.9469087E-5,19.393177,0.05821979,0.35728523,0.008807042,0.13847388,0.020997524,0.55002993,0.051727626,0.721035,0.015547171,0.040230688,0.015505961,0.15671276,0.03090615,null,null,null,null,"TWOGAUSSIANS",8,2.3344817,0.35728523,0.008807042,0.4,0.0,0.54816,0.048237056,0.721035,0.015547171,0.22529185,0.08683339,0.17231533,0.038559932
375316653866487564,4091937491804982272,0.5448605,2180.049339779615,2.4264882726215795,3.9348277E-5,18.982937,0.1680381,0.2809575,0.023555048,0.11821535,0.041713927,0.39087301,0.16748922,0.7609199,0.006566204,0.11802456,0.025526073,0.6480118,0.14120448,null,null,null,null,"TWOGAUSSIANS",8,4.967389,0.7609199,0.006566204,0.4,0.0,0.5596531,0.031439252,0.2811075,0.023625584,0.4,0.0,0.30259275,0.034521297
375316653866487564,4091937560514873344,0.42953122,2193.3732239647147,0.06940058104488087,2.7541726E-5,18.936188,0.0094608255,null,null,null,null,null,null,null,null,null,null,null,null,0.10981218,0.020118764,0.22579347,0.008280262,"ELLIPSOIDAL",4,8.746295,null,null,null,null,null,null,null,null,null,null,null,null
375316653866487564,4091937766673315968,0.5571882,2217.4571927981406,2.1440866896238173,1.3799857E-5,18.46349,0.028684223,0.30492386,0.0050822087,0.10460799,0.015083244,0.23565276,0.025458882,0.7989881,0.0044235294,0.10202529,0.01066432,0.24604407,0.02843641,null,null,null,null,"TWOGAUSSIANS",8,2.1614335,0.7989881,0.0044235294,0.4,0.0,0.22202277,0.011196288,0.30492386,0.005082525,0.4,0.0,0.21162924,0.01243974
375316653866487564,4091938252042617600,0.50798875,2201.7763506589827,2.6123535912768565,1.3447947E-5,19.132605,0.006293493,null,null,null,null,null,null,null,null,null,null,null,null,0.114586614,0.008536204,0.26726848,0.0053795897,"ELLIPSOIDAL",4,2.332523,null,null,null,null,null,null,null,null,null,null,null,null
375316653866487564,4091938522597004800,0.4868565,2205.9441957905055,4.545053369055273,3.8522718E-5,18.928398,0.010315693,0.42892405,0.005391016,0.05285313,0.0069085513,2.2652383,2.032485,0.7381679,0.034093928,0.050438203,0.028292684,0.05210587,0.011906618,null,null,null,null,"TWOGAUSSIANS",8,4.5757136,0.42892405,0.005391016,0.29597753,0.03868789,2.2652383,2.032485,0.7381679,0.034093928,0.28245392,0.14685792,0.052105952,0.011907007
