Gaia/vari_eclipsing_binary/VariEclipsingBinary_699780-700445.csv
# %ECSV 1.0
# ---
# delimiter: ','
# meta: !!omap
# - RELEASE: Gaia DR3
# - TABLE: vari_eclipsing_binary
# - DESCRIPTION: >
#     This table describes the properties of the eclipsing binaries resulting from the variability analysis. 
# - CITATION: >
#     How to cite and acknowledge Gaia: 
#     https://gea.esac.esa.int/archive/documentation/credits.html 
# - KNOWN_ISSUES: >
#     Known issues: 
#     https://www.cosmos.esa.int/web/gaia-users/known-issues 
# - DOCUMENTATION: >
#     Tutorials and documentation: 
#     https://www.cosmos.esa.int/web/gaia-users/archive 
# datatype:
# - 
#   name: solution_id
#   datatype: int64
#   description: Solution Identifier
#   meta:
#     ucd: meta.version
# - 
#   name: source_id
#   datatype: int64
#   description: Unique source identifier
#   meta:
#     ucd: meta.id;meta.main
# - 
#   name: global_ranking
#   datatype: float32
#   description: Number between 0 (worst) and 1 (best)
#   meta:
#     ucd: stat.param
# - 
#   name: reference_time
#   datatype: float64
#   unit: d
#   description: Reference time used for the geometric model fit
#   meta:
#     ucd: time.epoch
# - 
#   name: frequency
#   datatype: float64
#   unit: d**-1
#   description: Frequency of geometric model of the eclipsing binary light curve
#   meta:
#     ucd: src.orbital
# - 
#   name: frequency_error
#   datatype: float32
#   unit: d**-1
#   description: "Uncertainty of \\texttt{frequency}"
#   meta:
#     ucd: stat.error
# - 
#   name: geom_model_reference_level
#   datatype: float32
#   unit: mag
#   description: Magnitude reference level of geometric model
#   meta:
#     ucd: phot.mag;em.opt
# - 
#   name: geom_model_reference_level_error
#   datatype: float32
#   unit: mag
#   description: "Uncertainty of \\texttt{geomModelReferenceLevel}"
#   meta:
#     ucd: stat.error;phot.mag;em.opt
# - 
#   name: geom_model_gaussian1_phase
#   datatype: float32
#   description: Phase of the Gaussian 1 component
#   meta:
#     ucd: time.phase
# - 
#   name: geom_model_gaussian1_phase_error
#   datatype: float32
#   description: "Uncertainty of \\texttt{geomModelGaussian1Phase}"
#   meta:
#     ucd: stat.error;time.phase
# - 
#   name: geom_model_gaussian1_sigma
#   datatype: float32
#   description: "Standard deviation [phase] of Gaussian 1 component"
#   meta:
#     ucd: stat.stdev
# - 
#   name: geom_model_gaussian1_sigma_error
#   datatype: float32
#   description: "Uncertainty of \\texttt{geomModelGaussian1Sigma}"
#   meta:
#     ucd: stat.error
# - 
#   name: geom_model_gaussian1_depth
#   datatype: float32
#   unit: mag
#   description: Magnitude depth of Gaussian 1 component
#   meta:
#     ucd: src.var.amplitude
# - 
#   name: geom_model_gaussian1_depth_error
#   datatype: float32
#   unit: mag
#   description: "Uncertainty of \\texttt{geomModelGaussian1Depth}"
#   meta:
#     ucd: stat.error;src.var.amplitude
# - 
#   name: geom_model_gaussian2_phase
#   datatype: float32
#   description: Phase of Gaussian 2 component
#   meta:
#     ucd: time.phase
# - 
#   name: geom_model_gaussian2_phase_error
#   datatype: float32
#   description: "Uncertainty of \\texttt{geomModelGaussian2Phase}"
#   meta:
#     ucd: stat.error;time.phase
# - 
#   name: geom_model_gaussian2_sigma
#   datatype: float32
[...]
#   datatype: float32
#   description: "Secondary eclipse: uncertainty of \\texttt{derivedSecondaryEclDuration}"
#   meta:
#     ucd: stat.error;time.duration
# - 
#   name: derived_secondary_ecl_depth
#   datatype: float32
#   unit: mag
#   description: "Secondary eclipse: depth"
#   meta:
#     ucd: src.var.amplitude
# - 
#   name: derived_secondary_ecl_depth_error
#   datatype: float32
#   unit: mag
#   description: "Secondary eclipse: uncertainty of \\texttt{derivedSecondaryEclDepth}"
#   meta:
#     ucd: stat.error;src.var.amplitude
solution_id,source_id,global_ranking,reference_time,frequency,frequency_error,geom_model_reference_level,geom_model_reference_level_error,geom_model_gaussian1_phase,geom_model_gaussian1_phase_error,geom_model_gaussian1_sigma,geom_model_gaussian1_sigma_error,geom_model_gaussian1_depth,geom_model_gaussian1_depth_error,geom_model_gaussian2_phase,geom_model_gaussian2_phase_error,geom_model_gaussian2_sigma,geom_model_gaussian2_sigma_error,geom_model_gaussian2_depth,geom_model_gaussian2_depth_error,geom_model_cosine_half_period_amplitude,geom_model_cosine_half_period_amplitude_error,geom_model_cosine_half_period_phase,geom_model_cosine_half_period_phase_error,model_type,num_model_parameters,reduced_chi2,derived_primary_ecl_phase,derived_primary_ecl_phase_error,derived_primary_ecl_duration,derived_primary_ecl_duration_error,derived_primary_ecl_depth,derived_primary_ecl_depth_error,derived_secondary_ecl_phase,derived_secondary_ecl_phase_error,derived_secondary_ecl_duration,derived_secondary_ecl_duration_error,derived_secondary_ecl_depth,derived_secondary_ecl_depth_error
[from data line 357]
375316653866487564,6160963292841804416,0.44617942,2262.6181660898155,1.2084423661870802,3.8535123E-5,17.974113,0.018672954,0.3986481,0.016773287,0.07618393,0.02175179,0.042870138,0.02362913,0.7040611,0.009726301,0.041495044,0.016609428,0.0866351,0.027872972,null,null,null,null,"TWOGAUSSIANS",8,3.0581567,0.7040611,0.009726301,0.23237224,0.0930128,0.08664897,0.028011765,0.3986481,0.016773287,0.4,0.011747355,0.042870134,0.023628106
375316653866487564,6160964181899213440,0.58502954,2264.0771997824136,3.8997616014121124,5.612746E-6,18.962917,0.0101240445,0.1471145,0.0032988226,0.06717478,0.0036080629,0.7037119,0.03954705,0.6460316,0.00217525,0.06576219,0.003751425,0.5563811,0.0467278,null,null,null,null,"TWOGAUSSIANS",8,3.2744858,0.1471145,0.0032988226,0.37617877,0.020205151,0.7026826,0.039745715,0.6460316,0.00217525,0.36826828,0.02100798,0.55535173,0.047060866
375316653866487564,6160965350130409984,0.5327563,2249.3866376519322,3.7654109321751696,1.5346372E-5,19.901434,0.0075876205,0.219739,0.001653674,0.06668232,0.0036134645,0.39891377,0.019665731,0.74189013,0.0036059853,0.07514526,0.0050241547,0.38965845,0.0690463,null,null,null,null,"TWOGAUSSIANS",8,0.6456793,0.219739,0.001653674,0.37342098,0.020235403,0.3980175,0.019875323,0.74189013,0.0036059853,0.4,0.0034542214,0.38876218,0.069295414
375316653866487564,6160968171926504832,0.7180461,2282.550710897937,3.650624508636343,3.9735955E-6,17.336174,0.0060687033,0.16902658,5.9101713E-4,0.05053386,0.002123316,0.5283976,0.013507555,0.6734507,0.0026896223,0.050160058,0.002309432,0.40174258,0.016925842,0.11810319,0.009414404,0.16902658,5.9101713E-4,"TWOGAUSSIANS_WITH_ELLIPSOIDAL_ON_ECLIPSE1",9,2.0002224,0.16902658,5.9101713E-4,0.28298962,0.01189057,0.764599,0.010711092,0.6734507,0.0026896223,0.2808963,0.012932819,0.6377615,0.009531148
375316653866487564,6160972192015958912,0.7015195,2340.979586898789,1.317237604738669,3.733038E-6,13.213659,0.0040713493,0.2617561,9.4935356E-4,0.043623835,0.0037668888,0.22286175,0.010771992,0.7611381,8.72957E-4,0.046111986,0.0025516956,0.2101338,0.009065664,0.13599397,0.005695922,0.2617561,9.4935356E-4,"TWOGAUSSIANS_WITH_ELLIPSOIDAL_ON_ECLIPSE1",9,37.78614,0.2617561,9.4935356E-4,0.24429348,0.021094577,0.49484897,0.00833736,0.7612481,6.553196E-4,0.25822714,0.014289496,0.48211765,0.009994871
375316653866487564,6160982328138488064,0.6042408,2273.949432080522,2.7428644353541225,1.2253684E-5,17.802174,0.0045980294,0.19102591,0.0015188042,0.07817378,0.0019948825,0.36286163,0.006092877,0.6911412,0.0041799345,0.08364745,0.004091701,0.29911733,0.018282121,null,null,null,null,"TWOGAUSSIANS",8,1.8337942,0.19102591,0.0015188042,0.4,0.0,0.3573326,0.0057530818,0.6911412,0.0041799345,0.4,0.0,0.29358825,0.018650748
375316653866487564,6160987718320913792,0.48731825,2296.717135615298,0.45593856376210146,6.425999E-5,18.287512,0.00914558,0.30091226,0.0048418525,0.023875311,0.0065714004,0.15368101,0.02100006,0.80594105,0.03552689,0.04931974,0.029219097,0.21571352,0.14005978,null,null,null,null,"TWOGAUSSIANS",8,4.4821067,0.80594105,0.03552689,0.27619055,0.16362694,0.21571352,0.14005978,0.30091226,0.0048418525,0.13370174,0.03679984,0.15368101,0.02100006
375316653866487564,6160995380544275456,0.57774466,2273.7518462792664,3.7486460579439873,1.4117009E-5,17.941208,0.0067517054,0.27069,0.0062651043,0.037106633,0.007420637,0.12434345,0.023086606,0.74921143,0.0035654595,0.042447582,0.0067574633,0.18335707,0.018465241,0.11312043,0.01313332,0.74921143,0.0035654595,"TWOGAUSSIANS_WITH_ELLIPSOIDAL_ON_ECLIPSE2",9,7.7709694,0.74921143,0.0035654595,0.23770647,0.037841797,0.40959752,0.010339827,0.26714998,0.0052317767,0.20779714,0.04155557,0.34715736,0.020901246
375316653866487564,6161020291352787968,0.55723506,2300.9309177326713,2.4880761905067637,1.4152646E-5,19.114662,0.033003263,0.19620956,0.0057602734,0.0911967,0.0111480355,0.38495433,0.033668246,0.7150285,0.008354357,0.08581089,0.011297375,0.5617782,0.09050734,null,null,null,null,"TWOGAUSSIANS",8,3.3483384,0.7150285,0.008354357,0.4,0.0,0.5492196,0.09344918,0.19620956,0.0057602734,0.4,0.0,0.37239546,0.023459239
375316653866487564,6161022318577358848,0.50005615,2255.384949514544,3.520756449529004,1.4172442E-5,18.352882,0.002901203,0.7776414,0.0046279225,0.016181752,0.0068674767,0.035951216,0.01034668,null,null,null,null,null,null,0.066264786,0.0066468515,0.7776414,0.0046279225,"ONEGAUSSIAN_WITH_ELLIPSOIDAL",6,4.0951595,0.7776414,0.0046279225,0.09061781,0.03845787,0.16848072,0.012634609,null,null,null,null,null,null
375316653866487564,6161029469699649024,0.46332005,2280.797133045811,0.04059878450974654,1.2083187E-6,17.5671,0.009803829,0.14217427,0.03166065,0.078499995,0.05009852,0.02933698,0.009544985,0.44988605,4.87113E-5,0.0010054111,9.9609315E-5,0.18859653,0.008522092,null,null,null,null,"TWOGAUSSIANS",8,9.642289,0.44988605,4.87113E-5,0.0056303022,5.5781216E-4,0.18861005,0.009785657,0.14217427,0.03166065,0.4,0.029839745,0.02933698,0.009539208
375316653866487564,6161035547076852096,0.52923274,2274.4318306083537,3.5840507886151305,1.2726023E-5,17.632597,0.049395308,0.1808173,0.0068415306,0.118031874,0.015574617,0.31497455,0.04897496,0.69170535,0.005318985,0.10594847,0.018133001,0.30838093,0.03972879,null,null,null,null,"TWOGAUSSIANS",8,11.361008,0.1808073,0.00684831,0.4,0.0,0.2688028,0.012783358,0.69174534,0.0053540356,0.4,0.0,0.2622849,0.017697241
375316653866487564,6161060805781086208,0.46949872,2276.262581225241,1.5365292603440326,1.7071829E-5,15.895568,0.003166151,null,null,null,null,null,null,null,null,null,null,null,null,0.034943476,0.0053871367,0.3010494,0.0067583937,"ELLIPSOIDAL",4,23.512281,null,null,null,null,null,null,null,null,null,null,null,null
375316653866487564,6161064237459042944,0.54123694,2261.471260135991,4.9443389966115285,1.610458E-5,19.197147,0.04846862,0.25386378,0.00450121,0.07996473,0.012025037,0.5959267,0.06901605,0.75699747,0.004561904,0.0925564,0.016775494,0.5129253,0.040888008,null,null,null,null,"TWOGAUSSIANS",8,3.8891394,0.25386378,0.00450121,0.4,0.0,0.5803434,0.07545262,0.75699747,0.004561904,0.4,0.0,0.4973416,0.041994754
375316653866487564,6161068635504148480,0.5736041,2339.57563209429,1.5346928964386213,5.3020376E-6,17.272585,0.0068156854,0.3362584,0.0034938275,0.028588751,0.005852895,0.3739757,0.05683628,0.8390503,0.0013600083,0.0328584,0.0021475735,0.6681883,0.06087204,null,null,null,null,"TWOGAUSSIANS",8,19.786137,0.8390503,0.0013600083,0.18400705,0.0120264115,0.6681883,0.06087204,0.3362584,0.0034938275,0.160097,0.03277621,0.3739757,0.05683628
375316653866487564,6161079527541432448,0.62379014,2315.9402571713395,2.6698042961944792,9.919834E-6,16.133123,0.00473788,0.27822107,0.0018113836,0.08130708,0.0023888485,0.35984948,0.005614042,0.7812655,0.0030177543,0.08597174,0.003896881,0.3551962,0.014950402,null,null,null,null,"TWOGAUSSIANS",8,10.946138,0.27822107,0.0018113836,0.4,0.0,0.35208133,0.004941194,0.7812655,0.0030177543,0.4,0.0,0.34742802,0.015994163
375316653866487564,6161085952812205824,0.5817108,2299.609646340481,0.8295438053719805,6.0648057E-5,14.352322,0.004563917,0.23354349,0.0031790023,0.032893255,0.016500808,0.051783912,0.08168989,0.7236673,0.0017363421,0.036371622,0.0026199017,0.35878325,0.04408581,0.012981503,0.006485249,0.7236673,0.0017363421,"TWOGAUSSIANS_WITH_ELLIPSOIDAL_ON_ECLIPSE2",9,45.48205,0.7236673,0.0017363421,0.2036811,0.01467145,0.3847462,0.046248775,0.23314348,0.003465884,0.18420224,0.09240453,0.07765112,0.091275975
375316653866487564,6161100864939073152,0.47139108,2300.1302707526356,1.7443523903407843,2.5722562E-5,18.782717,0.009996517,0.2807043,0.008188709,0.06931482,0.011116864,0.1510072,0.023580262,0.79561627,0.004639234,0.0510097,0.011344476,0.059652016,0.013850263,null,null,null,null,"TWOGAUSSIANS",8,3.2865307,0.2807043,0.008188709,0.38816303,0.043206714,0.150986,0.02359926,0.79561627,0.004639234,0.2856543,0.06352906,0.05963082,0.013833244
375316653866487564,6161102479846846464,0.54819286,2302.631028675743,2.853990498807499,1.9179592E-5,17.29577,0.015492774,0.21210477,0.008483303,0.09248974,0.013240593,0.24314791,0.020498576,0.7194813,0.0036752508,0.08870117,0.007020366,0.25203428,0.01443623,null,null,null,null,"TWOGAUSSIANS",8,9.524872,0.7194813,0.0036752508,0.4,0.0,0.24222428,0.009556387,0.21210477,0.008483303,0.4,0.0,0.23333773,0.02208276
375316653866487564,6161107878622396416,0.56730175,2293.064570316605,0.9060081758160248,3.0034407E-5,14.263703,0.0036759013,0.25167552,0.0036473058,0.031672455,0.0029137766,0.1507683,0.012830164,0.75021714,0.020561276,0.030796843,0.022956552,0.43331802,78.15105,0.024627376,0.006518321,0.25167552,0.0036473058,"TWOGAUSSIANS_WITH_ELLIPSOIDAL_ON_ECLIPSE1",9,114.710236,0.75022715,0.02054442,0.17246233,0.1285567,0.48256862,78.151924,0.25167552,0.0036473058,0.17736574,0.01631715,0.200023,0.008938209
375316653866487564,6161109420514258816,0.4501928,2286.095663044412,3.122398326702878,6.7445646E-5,16.782804,0.01658091,0.25265375,0.018547442,0.084797844,0.014657395,0.11062278,0.018374857,0.70973563,0.016139643,0.10220022,0.019469788,0.14796647,0.021677602,null,null,null,null,"TWOGAUSSIANS",8,56.910652,0.70973563,0.016139643,0.4,0.0,0.14415096,0.019036928,0.25267375,0.018537112,0.4,0.0,0.106814034,0.014659453
375316653866487564,6161112517187092352,0.6842123,2311.9476765654113,2.4565284886728893,6.0043863E-6,13.873547,0.004062032,0.29718947,0.001393492,0.07758071,0.0016661915,0.42994428,0.006945504,0.7998863,0.0013103579,0.082362935,0.0019849706,0.36878005,0.007651649,null,null,null,null,"TWOGAUSSIANS",8,25.796577,0.29718947,0.001393492,0.4,0.0,0.4242597,0.006890421,0.7998863,0.0013103579,0.4,0.0,0.36309546,0.007805384
375316653866487564,6161113509323267328,0.56449336,2281.0015498485072,4.153998202910171,1.2105552E-5,18.288994,0.016567534,0.2664998,0.0036896185,0.083162755,0.005041709,0.43863472,0.017905267,0.75383055,0.004025533,0.09170901,0.008214774,0.33154672,0.0160886,null,null,null,null,"TWOGAUSSIANS",8,3.7281573,0.2664998,0.0036896185,0.4,0.0,0.42836577,0.015308629,0.75383055,0.004025533,0.4,0.0,0.32127747,0.014807955
375316653866487564,6161115708346758784,0.5447024,2291.652340487437,4.295956190740274,1.1469363E-4,19.803736,0.02223938,0.51389545,0.051998135,0.036368344,0.034227457,0.9527339,7.0177158E8,0.80980146,0.044559017,0.20545423,0.22190633,0.04238086,0.09931409,null,null,null,null,"TWOGAUSSIANS",8,0.9459474,0.51403546,0.0520474,0.20366274,0.19167376,0.9634961,7.0177158E8,0.80980146,0.044559017,0.4,0.0575045,0.037994646,0.105211176
375316653866487564,6161117598132621568,0.595646,2282.1625455486815,3.588269899313891,2.1121668E-5,18.252686,0.0027212931,0.2710175,0.0028074868,0.041665,0.008227268,0.008622853,0.007012064,null,null,null,null,null,null,0.11973478,0.0032585866,0.2710175,0.0028074868,"ONEGAUSSIAN_WITH_ELLIPSOIDAL",6,1.5233225,0.2710175,0.0028074868,0.23332399,0.046072703,0.24809241,0.0051778597,null,null,null,null,null,null
375316653866487564,6161135121599546496,0.55062026,2240.6703284631653,3.35871956473889,1.3183648E-5,17.597471,0.016063426,0.28467718,0.0034362476,0.051791344,0.008914965,0.1994662,0.039613135,0.781092,0.012677546,0.05147121,0.009656592,0.25310886,0.053128205,0.092237696,0.02295718,0.28467718,0.0034362476,"TWOGAUSSIANS_WITH_ELLIPSOIDAL_ON_ECLIPSE1",9,18.467112,0.781562,0.010824512,0.2882388,0.054076914,0.437499,0.046195406,0.28467718,0.0034362476,0.29003152,0.049923807,0.38393754,0.020633077
375316653866487564,6161145910556559360,0.5959091,2298.561797120405,3.3792208726899577,1.6918166E-5,16.490578,0.05703022,0.29578516,0.0027336325,0.04357402,0.012120681,0.4853762,0.13427827,0.7967181,0.0071875635,0.046961065,0.024643715,0.3763955,0.10838196,0.14377414,0.080049776,0.29578516,0.0027336325,"TWOGAUSSIANS_WITH_ELLIPSOIDAL_ON_ECLIPSE1",9,59.363686,0.29578516,0.0027336325,0.24401452,0.06787582,0.7729236,0.11764543,0.7967181,0.0069297836,0.26298195,0.13800481,0.663933,0.06297552
375316653866487564,6161150480402046464,0.6303296,2319.196457296647,2.2800067870600804,8.536575E-6,17.384407,0.0136598945,0.18393032,0.0058072787,0.082085945,0.0048869452,0.4352939,0.02980093,0.68415266,0.0020383662,0.07988476,0.003869999,0.47181812,0.013034369,null,null,null,null,"TWOGAUSSIANS",8,6.8663745,0.68415266,0.0020383662,0.4,0.0,0.464129,0.010231822,0.18393032,0.0058072787,0.4,0.0,0.42760476,0.029092245
375316653866487564,6161152026590342656,0.55837584,2312.169275265685,2.832802980105633,5.619952E-6,17.355085,0.015165809,0.1334682,0.0014792407,0.08091882,0.0047543617,0.3577565,0.0130676525,0.6280015,0.004212204,0.09843033,0.014083074,0.26736292,0.028898466,null,null,null,null,"TWOGAUSSIANS",8,5.7628574,0.1334682,0.0014792407,0.4,0.0,0.3463684,0.011403738,0.6280015,0.004212204,0.4,0.0,0.25597346,0.03560427
375316653866487564,6161155015886152960,0.60544336,2282.933460415622,3.8034180825879282,4.0855816E-6,18.24526,0.017484164,0.27020317,0.0035973825,0.07712451,0.009201082,0.46165133,0.08814134,0.7663991,0.0017226099,0.07135956,0.0033848812,0.5067176,0.016677722,null,null,null,null,"TWOGAUSSIANS",8,3.2767715,0.7663991,0.0017226099,0.39961353,0.014887269,0.5036661,0.015647264,0.27020317,0.0035973825,0.4,0.0,0.4585998,0.08991238
375316653866487564,6161179033345232000,0.5867177,2256.345201279449,3.6858651428955143,4.751502E-6,17.414242,0.008266062,0.2833417,0.0029215165,0.042858876,0.0043564984,0.1491251,0.019089418,0.7772366,0.04191222,0.04721177,0.034309767,0.10146098,1.4321188,0.108911164,0.010104961,0.2833417,0.0029215165,"TWOGAUSSIANS_WITH_ELLIPSOIDAL_ON_ECLIPSE1",9,5.0630383,0.2833417,0.0029215165,0.24000971,0.02439639,0.36694697,0.0093424665,0.7789066,0.042277813,0.2643859,0.1921347,0.31905025,1.4346014
