Gaia/vari_eclipsing_binary/VariEclipsingBinary_235363-235470.csv
# %ECSV 1.0
# ---
# delimiter: ','
# meta: !!omap
# - RELEASE: Gaia DR3
# - TABLE: vari_eclipsing_binary
# - DESCRIPTION: >
#     This table describes the properties of the eclipsing binaries resulting from the variability analysis. 
# - CITATION: >
#     How to cite and acknowledge Gaia: 
#     https://gea.esac.esa.int/archive/documentation/credits.html 
# - KNOWN_ISSUES: >
#     Known issues: 
#     https://www.cosmos.esa.int/web/gaia-users/known-issues 
# - DOCUMENTATION: >
#     Tutorials and documentation: 
#     https://www.cosmos.esa.int/web/gaia-users/archive 
# datatype:
# - 
#   name: solution_id
#   datatype: int64
#   description: Solution Identifier
#   meta:
#     ucd: meta.version
# - 
#   name: source_id
#   datatype: int64
#   description: Unique source identifier
#   meta:
#     ucd: meta.id;meta.main
# - 
#   name: global_ranking
#   datatype: float32
#   description: Number between 0 (worst) and 1 (best)
#   meta:
#     ucd: stat.param
# - 
#   name: reference_time
#   datatype: float64
#   unit: d
#   description: Reference time used for the geometric model fit
#   meta:
#     ucd: time.epoch
# - 
#   name: frequency
#   datatype: float64
#   unit: d**-1
#   description: Frequency of geometric model of the eclipsing binary light curve
#   meta:
#     ucd: src.orbital
# - 
#   name: frequency_error
#   datatype: float32
#   unit: d**-1
#   description: "Uncertainty of \\texttt{frequency}"
#   meta:
#     ucd: stat.error
# - 
#   name: geom_model_reference_level
#   datatype: float32
#   unit: mag
#   description: Magnitude reference level of geometric model
#   meta:
#     ucd: phot.mag;em.opt
# - 
#   name: geom_model_reference_level_error
#   datatype: float32
#   unit: mag
#   description: "Uncertainty of \\texttt{geomModelReferenceLevel}"
#   meta:
#     ucd: stat.error;phot.mag;em.opt
# - 
#   name: geom_model_gaussian1_phase
#   datatype: float32
#   description: Phase of the Gaussian 1 component
#   meta:
#     ucd: time.phase
# - 
#   name: geom_model_gaussian1_phase_error
#   datatype: float32
#   description: "Uncertainty of \\texttt{geomModelGaussian1Phase}"
#   meta:
#     ucd: stat.error;time.phase
# - 
#   name: geom_model_gaussian1_sigma
#   datatype: float32
#   description: "Standard deviation [phase] of Gaussian 1 component"
#   meta:
#     ucd: stat.stdev
# - 
#   name: geom_model_gaussian1_sigma_error
#   datatype: float32
#   description: "Uncertainty of \\texttt{geomModelGaussian1Sigma}"
#   meta:
#     ucd: stat.error
# - 
#   name: geom_model_gaussian1_depth
#   datatype: float32
#   unit: mag
#   description: Magnitude depth of Gaussian 1 component
#   meta:
#     ucd: src.var.amplitude
# - 
#   name: geom_model_gaussian1_depth_error
#   datatype: float32
#   unit: mag
#   description: "Uncertainty of \\texttt{geomModelGaussian1Depth}"
#   meta:
#     ucd: stat.error;src.var.amplitude
# - 
#   name: geom_model_gaussian2_phase
#   datatype: float32
#   description: Phase of Gaussian 2 component
#   meta:
#     ucd: time.phase
# - 
#   name: geom_model_gaussian2_phase_error
#   datatype: float32
#   description: "Uncertainty of \\texttt{geomModelGaussian2Phase}"
#   meta:
#     ucd: stat.error;time.phase
# - 
#   name: geom_model_gaussian2_sigma
#   datatype: float32
[...]
#   datatype: float32
#   description: "Secondary eclipse: uncertainty of \\texttt{derivedSecondaryEclDuration}"
#   meta:
#     ucd: stat.error;time.duration
# - 
#   name: derived_secondary_ecl_depth
#   datatype: float32
#   unit: mag
#   description: "Secondary eclipse: depth"
#   meta:
#     ucd: src.var.amplitude
# - 
#   name: derived_secondary_ecl_depth_error
#   datatype: float32
#   unit: mag
#   description: "Secondary eclipse: uncertainty of \\texttt{derivedSecondaryEclDepth}"
#   meta:
#     ucd: stat.error;src.var.amplitude
solution_id,source_id,global_ranking,reference_time,frequency,frequency_error,geom_model_reference_level,geom_model_reference_level_error,geom_model_gaussian1_phase,geom_model_gaussian1_phase_error,geom_model_gaussian1_sigma,geom_model_gaussian1_sigma_error,geom_model_gaussian1_depth,geom_model_gaussian1_depth_error,geom_model_gaussian2_phase,geom_model_gaussian2_phase_error,geom_model_gaussian2_sigma,geom_model_gaussian2_sigma_error,geom_model_gaussian2_depth,geom_model_gaussian2_depth_error,geom_model_cosine_half_period_amplitude,geom_model_cosine_half_period_amplitude_error,geom_model_cosine_half_period_phase,geom_model_cosine_half_period_phase_error,model_type,num_model_parameters,reduced_chi2,derived_primary_ecl_phase,derived_primary_ecl_phase_error,derived_primary_ecl_duration,derived_primary_ecl_duration_error,derived_primary_ecl_depth,derived_primary_ecl_depth_error,derived_secondary_ecl_phase,derived_secondary_ecl_phase_error,derived_secondary_ecl_duration,derived_secondary_ecl_duration_error,derived_secondary_ecl_depth,derived_secondary_ecl_depth_error
[from data line 435]
375316653866487564,2070869132329417088,0.5033238,2246.45656599798,0.1764334515952177,2.7492424E-5,14.708526,0.00935038,0.23067427,3.759115E-4,0.010080532,0.0010150034,0.3102718,0.016597483,0.55269885,0.007899775,0.034179762,0.018178374,0.08437749,0.14167325,0.00755145,0.010898827,0.23067427,3.759115E-4,"TWOGAUSSIANS_WITH_ELLIPSOIDAL_ON_ECLIPSE1",9,305.04272,0.23067427,3.759115E-4,0.05645098,0.0056840195,0.32537463,0.018587673,0.55373883,0.006807352,0.19140667,0.101798885,0.087303944,0.14151853
375316653866487564,2070871331353006848,0.6392404,2228.1362244551406,2.687173296692943,5.589874E-6,16.283741,0.004020281,0.26670003,9.064762E-4,0.08206293,0.0020999995,0.3535691,0.007157302,0.7656407,0.0017751445,0.083190605,0.0020010301,0.35921866,0.006382146,null,null,null,null,"TWOGAUSSIANS",8,7.8961945,0.7656407,0.0017751445,0.4,0.0,0.35203016,0.006071493,0.26670003,9.064762E-4,0.4,0.0,0.3463806,0.007506977
375316653866487564,2070871674950385536,0.57819504,2231.471154943551,2.7129394223561945,6.520886E-6,15.303155,0.013552686,0.33180213,0.0031671138,0.04095833,0.013993179,0.051554978,0.034469448,0.83575886,0.022033792,0.049542457,0.03278903,0.066051975,0.023893582,0.09781179,0.018479673,0.33180213,0.0031671138,"TWOGAUSSIANS_WITH_ELLIPSOIDAL_ON_ECLIPSE1",9,49.866726,0.83575886,0.020514438,0.27743778,0.18361858,0.26155418,0.023873003,0.33180213,0.0031671138,0.22936665,0.07836181,0.24717806,0.013341984
375316653866487564,2070871709310130560,0.5975122,2236.8350078440217,3.444592512958692,7.650297E-6,13.889199,0.01291598,0.1640163,0.0057676802,0.05361485,0.011478133,0.2488347,0.037423152,0.6592764,0.0021684978,0.05121926,0.006279777,0.18254988,0.028469019,0.10517723,0.015644094,0.6592764,0.0021684978,"TWOGAUSSIANS_WITH_ELLIPSOIDAL_ON_ECLIPSE2",9,268.42374,0.1632563,0.004830473,0.30024317,0.064277545,0.45902723,0.04585648,0.6592764,0.0021684978,0.28682783,0.035166748,0.39289892,0.010155016
375316653866487564,2070872499584102400,0.66186523,2229.5294940005697,0.9880249466542594,2.631671E-6,12.407444,0.009107562,0.2862119,0.002881758,0.044049624,0.0026998934,0.7321928,0.040362526,0.78179437,0.0044243615,0.03965472,0.0100968005,0.21026675,0.018728295,0.078232914,0.01065934,0.78179437,0.0044243615,"TWOGAUSSIANS_WITH_ELLIPSOIDAL_ON_ECLIPSE2",9,225.01503,0.28607193,0.002786816,0.2466779,0.015119403,0.8885415,0.041053783,0.78179437,0.0044243615,0.22206645,0.05654208,0.36673218,0.011366453
375316653866487564,2070873148114847872,0.52631843,2219.1511820535125,0.7349814187153082,1.6465347E-5,19.088377,0.0032432782,0.46630275,0.0274091,0.024322523,0.029474813,0.038504813,5.5421047E26,0.8279603,0.004226901,0.04334674,0.0040718885,0.34816885,0.009872414,null,null,null,null,"TWOGAUSSIANS",8,1.6369244,0.8279603,0.004226901,0.24274175,0.022802576,0.34816885,0.009872414,0.46630275,0.0274091,0.13620614,0.16505896,0.038504813,5.5421047E26
375316653866487564,2070873869669472512,0.557387,2237.540234592714,0.5842467902347374,2.534233E-6,17.197075,0.00281344,0.2752634,0.013666874,0.017387306,0.053172093,0.3124238,0.42335376,0.78692394,0.010770607,0.023876928,0.009506935,0.18506302,0.023238588,null,null,null,null,"TWOGAUSSIANS",8,3.0702455,0.2752634,0.013666874,0.09736891,0.29776374,0.3124238,0.42335376,0.78692394,0.010770607,0.1337108,0.05323884,0.18506302,0.023238588
375316653866487564,2070874728662997504,0.51649666,2202.1446436059728,1.978842258685865,1.4625204E-5,19.47527,0.0069156536,0.1922517,0.0029688033,0.04450625,0.0028468154,0.40043962,0.03325342,0.6810896,0.01032271,0.051092215,0.010203295,0.28561428,0.069269344,null,null,null,null,"TWOGAUSSIANS",8,2.7374125,0.1922517,0.0029688033,0.249235,0.015942167,0.4004392,0.033253595,0.6810896,0.01032271,0.2861164,0.057138454,0.28561386,0.06927072
375316653866487564,2070876072988114688,0.5092212,2198.7168254867415,4.349342064365891,4.4919134E-6,19.10387,0.009153861,0.30099994,0.0017635459,0.047393996,0.0024294665,0.29490185,0.009647406,0.8112029,0.0049473196,0.09711488,0.008981694,0.16256095,0.014240493,null,null,null,null,"TWOGAUSSIANS",8,1.4257325,0.30099994,0.0017635459,0.26540637,0.013605013,0.29418296,0.009412184,0.8112029,0.0049473196,0.4,0.0,0.16184139,0.014288774
375316653866487564,2070876206131859456,0.5149661,2191.211022544758,0.1668106456212067,1.4754834E-5,18.15442,0.0051667374,0.35297075,0.021062238,0.028807009,0.010550981,0.3054585,0.07055914,0.85542035,0.002884111,0.014522152,0.0019288892,0.5381493,0.10860641,null,null,null,null,"TWOGAUSSIANS",8,11.714679,0.85542035,0.002884111,0.08132405,0.01080178,0.5381493,0.10860641,0.35297075,0.021062238,0.16131924,0.059085496,0.3054585,0.07055914
375316653866487564,2070876622743694336,0.4786167,2225.9067039089655,0.9716536375224305,7.81992E-5,19.683758,0.004184886,0.52993214,5.1582254E-5,0.0107009215,2.2307095E-4,1.6257179,0.09289747,0.8581285,0.05177402,0.029596759,0.043660577,0.04948165,52.690907,null,null,null,null,"TWOGAUSSIANS",8,1.3223984,0.52993214,5.1582254E-5,0.059925158,0.0012491973,1.6257179,0.09289747,0.8581285,0.05177402,0.16574185,0.24449924,0.04948165,52.690907
375316653866487564,2070877962773335296,0.48130965,2254.728905232447,1.4401402228057085,8.1436065E-6,19.857286,0.01444031,0.283271,0.02298305,0.060279135,0.026139526,0.085094035,0.05293881,0.7511561,0.0010827831,0.013528472,8.978543E-4,0.45635062,0.028810933,null,null,null,null,"TWOGAUSSIANS",8,3.506565,0.7511561,0.0010827831,0.07575944,0.0050279843,0.45635062,0.028810933,0.283271,0.02298305,0.33756316,0.14638135,0.085094035,0.05293881
375316653866487564,2070878233356407296,0.4996627,2233.6250636132386,2.7200905314972355,3.0012732E-5,18.726587,0.0135214375,0.28482807,0.004821303,0.077194445,0.0074780653,0.32987463,0.04019902,0.79105806,0.004673541,0.08405269,0.0066428157,0.38728675,0.019384293,null,null,null,null,"TWOGAUSSIANS",8,9.167935,0.79105806,0.004673541,0.4,0.0,0.3820979,0.019342247,0.28482807,0.004821303,0.4,0.0,0.3246858,0.04109778
375316653866487564,2070878478178603264,0.55623215,2232.6147551943195,1.4765419107815165,1.27769235E-5,16.784561,0.014578761,0.27421254,0.005487339,0.11212328,0.013099231,0.11636436,0.014295402,0.7695956,0.009426624,0.10128176,0.01566358,0.13544033,0.014874791,null,null,null,null,"TWOGAUSSIANS",8,2.6781847,0.7695956,0.009426624,0.4,0.0,0.12022226,0.0048748716,0.27421254,0.0054745157,0.4,0.0,0.101136334,0.003219486
375316653866487564,2070879023626850048,0.54457897,2208.313034707323,0.34377300765485325,4.5462366E-6,18.986551,0.0042553046,0.24262317,0.0101464605,0.014681072,0.008700726,0.14231119,0.026931452,0.7397166,0.0023382748,0.029060572,0.0015619487,0.9790051,0.1278823,null,null,null,null,"TWOGAUSSIANS",8,2.5040793,0.7397166,0.0023382748,0.1627392,0.008746913,0.9790051,0.1278823,0.24262317,0.0101464605,0.082214005,0.048724063,0.14231119,0.026931452
375316653866487564,2070879715129268864,0.528708,2236.9134863993095,3.425963930835901,9.30728E-6,17.573734,0.016476698,0.29245293,0.0040933704,0.091298,0.011090944,0.29430872,0.028007248,0.77748054,0.003776686,0.08682375,0.007659043,0.2927246,0.013424312,null,null,null,null,"TWOGAUSSIANS",8,10.558043,0.29245293,0.0040933704,0.4,0.0,0.2853241,0.031654432,0.77748054,0.003776686,0.4,0.0,0.2837402,0.009478738
375316653866487564,2070880264876206720,0.5705747,2212.582148761719,3.5506018959319876,1.15709845E-5,19.031214,0.0125412345,0.23880836,0.0029201896,0.06862785,0.004049435,0.46177685,0.016097255,0.73392695,0.0035119434,0.07289222,0.0035738528,0.46168283,0.025500251,null,null,null,null,"TWOGAUSSIANS",8,3.0374594,0.23880836,0.0029201896,0.38431597,0.022676835,0.4601864,0.015953902,0.73392695,0.0035119434,0.4,0.0010711123,0.46009237,0.025339307
375316653866487564,2070881639274637696,0.5611289,2244.933924095657,2.925484042304507,9.704069E-6,15.963218,0.0017659941,null,null,null,null,null,null,null,null,null,null,null,null,0.08205867,0.0025989125,0.20045732,0.0022555203,"ELLIPSOIDAL",4,16.450178,null,null,null,null,null,null,null,null,null,null,null,null
375316653866487564,2070882154671023872,0.51452434,2208.3319250896966,0.6649752245325601,5.0149105E-5,17.827526,0.003419201,0.109112084,0.006947069,0.01822488,0.0048500653,0.3001524,0.04560771,0.6086877,4.904706E-4,0.019958662,7.093858E-4,0.32587168,0.014894489,null,null,null,null,"TWOGAUSSIANS",8,9.410126,0.6086877,4.904706E-4,0.1117685,0.0039725606,0.32587168,0.014894489,0.109112084,0.006947069,0.10205933,0.027160365,0.3001524,0.04560771
375316653866487564,2070883490391574400,0.48383883,2210.1040462126502,3.2429532189679193,3.53036E-5,19.06149,0.009453786,0.21216527,0.007874816,0.085789636,0.01041082,0.169249,0.012023588,0.6880225,0.00852954,0.0931181,0.010643835,0.1413048,0.011466371,null,null,null,null,"TWOGAUSSIANS",8,2.1889527,0.21216527,0.007874816,0.4,0.0,0.16504057,0.011306867,0.6880225,0.00852954,0.4,0.0,0.13709609,0.009754125
375316653866487564,2070883799629280896,0.55709094,2200.4553036156412,2.448952148064237,7.630223E-6,18.995165,0.011108064,0.25964057,0.0027031996,0.07840093,0.005368809,0.4154674,0.024866706,0.76617247,0.0037553536,0.07997172,0.003988436,0.46043134,0.01763756,null,null,null,null,"TWOGAUSSIANS",8,2.4410768,0.76617247,0.0037553536,0.4,0.0,0.4551741,0.017934123,0.25964057,0.0027031996,0.4,0.0,0.41021013,0.025936024
375316653866487564,2070885762435349376,0.5401072,2206.201091509453,2.239254692430739,1.2110387E-5,19.537191,0.012193103,0.22217345,0.004931223,0.07299752,0.0049119294,0.6073197,0.032191116,0.7335102,0.0042775758,0.07498094,0.0069825486,0.39160866,0.018744966,null,null,null,null,"TWOGAUSSIANS",8,2.2207265,0.22217345,0.004931223,0.4,0.0019991563,0.6048422,0.032384135,0.7335102,0.0042775758,0.4,0.0062604626,0.38913113,0.019082444
375316653866487564,2070886995084988672,0.5114956,2227.181373164243,3.121105825174982,2.1841672E-5,18.64659,0.021971108,0.2718856,0.0047579845,0.11597974,0.015416557,0.18742879,0.019317152,0.7924191,0.00492303,0.102462366,0.012086113,0.21757938,0.020562457,null,null,null,null,"TWOGAUSSIANS",8,1.9032675,0.7924691,0.004915397,0.4,0.0,0.1942074,0.015054142,0.2718756,0.0047561317,0.4,0.0,0.16401678,0.0076946495
375316653866487564,2070888545582403456,0.7149909,2247.866659065993,0.8317286291985267,1.5178841E-6,13.461078,5.6007167E-4,0.22302611,3.3333254E-4,0.025550283,3.7069368E-4,0.47444063,0.0069429576,0.7226705,0.0032872777,0.025416259,0.002504605,0.5376453,0.122702,0.009197937,9.079283E-4,0.22302611,3.3333254E-4,"TWOGAUSSIANS_WITH_ELLIPSOIDAL_ON_ECLIPSE1",9,17.47256,0.7226705,0.0032785945,0.14233105,0.014025789,0.55604106,0.12259087,0.22302611,3.3333254E-4,0.14308159,0.0020758847,0.4928365,0.0071066115
375316653866487564,2070889812583747840,0.4825267,2280.6641081175967,1.4455632728023575,1.2663317E-4,17.865,0.002309753,0.14733739,0.0051376596,0.019524755,0.006057989,0.030011375,0.0066491934,0.75039154,0.0084638465,0.03307979,0.0076243454,0.3123568,0.105939925,null,null,null,null,"TWOGAUSSIANS",8,11.337561,0.75039154,0.0084638465,0.18524684,0.042696334,0.3123568,0.105939925,0.14733739,0.0051376596,0.109338626,0.033924736,0.030011375,0.0066491934
375316653866487564,2070889988691570048,0.6952619,2245.023183699298,0.7508544357935497,3.3795307E-6,15.73878,0.0021988351,0.26929682,0.0024768165,0.027081953,0.0032479481,0.55946636,0.080138,0.76640207,6.2272727E-4,0.027000384,7.2346296E-4,0.59658825,0.023538386,0.011929523,0.003082897,0.26929682,0.0024768165,"TWOGAUSSIANS_WITH_ELLIPSOIDAL_ON_ECLIPSE1",9,12.891273,0.7664121,6.220227E-4,0.15120216,0.0040513924,0.62043935,0.02374987,0.26929682,0.0024768165,0.15165894,0.01818851,0.5833254,0.08438195
375316653866487564,2070892015916216832,0.57961464,2217.269831263466,2.777976573181729,6.5474687E-6,15.408965,0.0629029,0.25665712,0.004046421,0.07011198,0.008872033,0.4142509,0.12667815,0.74995637,0.003123865,0.065237805,0.010651014,0.4118751,0.123733036,0.069489196,0.06710297,0.25665712,0.004046421,"TWOGAUSSIANS_WITH_ELLIPSOIDAL_ON_ECLIPSE1",9,142.35588,0.25665712,0.004046421,0.39262712,0.038475115,0.5523564,0.025527969,0.75063634,0.0022824865,0.3653317,0.059645675,0.54975945,0.01682992
375316653866487564,2070892045966768384,0.5468148,2221.382420435407,1.9656063009581535,1.624679E-5,18.992847,0.008037673,0.21635692,0.0023031277,0.032939605,0.0016731643,0.5553567,0.023560122,0.7246035,0.004563417,0.038232278,0.0025760145,0.6149663,0.07018514,null,null,null,null,"TWOGAUSSIANS",8,4.992241,0.7246035,0.004563417,0.21410076,0.014425681,0.6149663,0.07018514,0.21635692,0.0023031277,0.18446179,0.00936972,0.5553567,0.023560122
375316653866487564,2070896757560164352,0.64922434,2213.411718835288,0.14449949104042167,6.0056936E-6,16.831623,6.3875376E-4,0.25793135,0.0012982461,0.02291134,4.5030421E-4,0.9085118,0.03771331,null,null,null,null,null,null,null,null,null,null,"ONEGAUSSIAN",5,1.2068532,0.25793135,0.0012982461,0.12830351,0.0025217037,0.9085118,0.0,null,null,null,null,null,null
375316653866487564,2070899914346744320,0.52876407,2246.001304389751,0.9779141287311719,1.21191715E-5,16.975555,0.003135888,0.29238197,0.006316304,0.02985484,0.0065921945,0.14430267,0.07942844,0.7904885,0.0020625377,0.03329997,0.0032453185,0.21142355,0.030318016,0.036725726,0.0049119047,0.29238197,0.006316304,"TWOGAUSSIANS_WITH_ELLIPSOIDAL_ON_ECLIPSE1",9,10.911426,0.7905485,0.0019537073,0.18647985,0.018173784,0.28486484,0.032424416,0.29238197,0.006316304,0.1671871,0.03691629,0.21775404,0.08129003
375316653866487564,2070902255110608896,0.5301639,2249.1929026460853,2.185108043440718,3.7872684E-5,19.734306,0.00978001,0.15391815,0.012636371,0.08283133,0.015782151,0.0728013,0.013710829,0.6548364,0.004602506,0.037420902,0.004137546,0.7645149,0.28193888,null,null,null,null,"TWOGAUSSIANS",8,1.0095528,0.6548364,0.004602506,0.20955706,0.023170257,0.76446974,0.28196776,0.15391815,0.012636371,0.4,0.0,0.07275609,0.01375575
375316653866487564,2070903659558831744,0.537917,2289.7839921407967,0.25454266264992575,1.799659E-5,17.835938,0.003972288,0.2757521,0.0045565683,0.037263095,0.0037690278,0.35607988,0.022164604,0.7580518,0.006333528,0.03182002,0.0048185852,0.07034527,0.010498799,null,null,null,null,"TWOGAUSSIANS",8,5.4476576,0.2757521,0.0045565683,0.20867334,0.021106556,0.35607988,0.022164604,0.7580518,0.006333528,0.17819212,0.026984079,0.07034527,0.010498799
375316653866487564,2070904312393514240,0.5659085,2194.734399574127,0.46568608052059085,5.1402953E-5,18.357723,0.0046465998,0.1920247,0.005125621,0.022383815,0.0017196737,0.6226077,0.097338185,0.8502546,0.018518621,0.044275396,0.057638522,0.02951499,0.01199692,null,null,null,null,"TWOGAUSSIANS",8,1.439833,0.1920247,0.005125621,0.12534937,0.0096301725,0.6226077,0.097333275,0.8502546,0.018518621,0.24794222,0.16865078,0.02951499,0.011997097
375316653866487564,2070904896509095168,0.4882067,2250.551403665474,1.088171895690534,3.8536196E-5,18.485592,0.010549765,0.32989436,0.039148375,0.14931816,0.043611474,0.05792228,0.012940055,0.71574867,0.011689654,0.048444517,0.004730656,0.65180874,0.020500561,null,null,null,null,"TWOGAUSSIANS",8,11.934295,0.71574867,0.011689654,0.2712893,0.026491674,0.6525262,0.020980898,0.32989436,0.039148375,0.4,0.0,0.056572426,0.011417443
375316653866487564,2070905205746834816,0.52010494,2259.575288096483,2.9004697795210967,1.9972644E-5,18.884008,0.046928976,0.1700565,0.008311403,0.11122567,0.025852282,0.21678045,0.042727794,0.67446256,0.0081036175,0.09880293,0.020224595,0.23534867,0.0439117,null,null,null,null,"TWOGAUSSIANS",8,2.2579148,0.6744726,0.008107587,0.4,0.0,0.21023612,0.015083255,0.1700565,0.008311403,0.4,0.0,0.19165121,0.013035444
