Gaia/vari_eclipsing_binary/VariEclipsingBinary_660950-661077.csv
# %ECSV 1.0
# ---
# delimiter: ','
# meta: !!omap
# - RELEASE: Gaia DR3
# - TABLE: vari_eclipsing_binary
# - DESCRIPTION: >
#     This table describes the properties of the eclipsing binaries resulting from the variability analysis. 
# - CITATION: >
#     How to cite and acknowledge Gaia: 
#     https://gea.esac.esa.int/archive/documentation/credits.html 
# - KNOWN_ISSUES: >
#     Known issues: 
#     https://www.cosmos.esa.int/web/gaia-users/known-issues 
# - DOCUMENTATION: >
#     Tutorials and documentation: 
#     https://www.cosmos.esa.int/web/gaia-users/archive 
# datatype:
# - 
#   name: solution_id
#   datatype: int64
#   description: Solution Identifier
#   meta:
#     ucd: meta.version
# - 
#   name: source_id
#   datatype: int64
#   description: Unique source identifier
#   meta:
#     ucd: meta.id;meta.main
# - 
#   name: global_ranking
#   datatype: float32
#   description: Number between 0 (worst) and 1 (best)
#   meta:
#     ucd: stat.param
# - 
#   name: reference_time
#   datatype: float64
#   unit: d
#   description: Reference time used for the geometric model fit
#   meta:
#     ucd: time.epoch
# - 
#   name: frequency
#   datatype: float64
#   unit: d**-1
#   description: Frequency of geometric model of the eclipsing binary light curve
#   meta:
#     ucd: src.orbital
# - 
#   name: frequency_error
#   datatype: float32
#   unit: d**-1
#   description: "Uncertainty of \\texttt{frequency}"
#   meta:
#     ucd: stat.error
# - 
#   name: geom_model_reference_level
#   datatype: float32
#   unit: mag
#   description: Magnitude reference level of geometric model
#   meta:
#     ucd: phot.mag;em.opt
# - 
#   name: geom_model_reference_level_error
#   datatype: float32
#   unit: mag
#   description: "Uncertainty of \\texttt{geomModelReferenceLevel}"
#   meta:
#     ucd: stat.error;phot.mag;em.opt
# - 
#   name: geom_model_gaussian1_phase
#   datatype: float32
#   description: Phase of the Gaussian 1 component
#   meta:
#     ucd: time.phase
# - 
#   name: geom_model_gaussian1_phase_error
#   datatype: float32
#   description: "Uncertainty of \\texttt{geomModelGaussian1Phase}"
#   meta:
#     ucd: stat.error;time.phase
# - 
#   name: geom_model_gaussian1_sigma
#   datatype: float32
#   description: "Standard deviation [phase] of Gaussian 1 component"
#   meta:
#     ucd: stat.stdev
# - 
#   name: geom_model_gaussian1_sigma_error
#   datatype: float32
#   description: "Uncertainty of \\texttt{geomModelGaussian1Sigma}"
#   meta:
#     ucd: stat.error
# - 
#   name: geom_model_gaussian1_depth
#   datatype: float32
#   unit: mag
#   description: Magnitude depth of Gaussian 1 component
#   meta:
#     ucd: src.var.amplitude
# - 
#   name: geom_model_gaussian1_depth_error
#   datatype: float32
#   unit: mag
#   description: "Uncertainty of \\texttt{geomModelGaussian1Depth}"
#   meta:
#     ucd: stat.error;src.var.amplitude
# - 
#   name: geom_model_gaussian2_phase
#   datatype: float32
#   description: Phase of Gaussian 2 component
#   meta:
#     ucd: time.phase
# - 
#   name: geom_model_gaussian2_phase_error
#   datatype: float32
#   description: "Uncertainty of \\texttt{geomModelGaussian2Phase}"
#   meta:
#     ucd: stat.error;time.phase
# - 
#   name: geom_model_gaussian2_sigma
#   datatype: float32
[...]
#   datatype: float32
#   description: "Secondary eclipse: uncertainty of \\texttt{derivedSecondaryEclDuration}"
#   meta:
#     ucd: stat.error;time.duration
# - 
#   name: derived_secondary_ecl_depth
#   datatype: float32
#   unit: mag
#   description: "Secondary eclipse: depth"
#   meta:
#     ucd: src.var.amplitude
# - 
#   name: derived_secondary_ecl_depth_error
#   datatype: float32
#   unit: mag
#   description: "Secondary eclipse: uncertainty of \\texttt{derivedSecondaryEclDepth}"
#   meta:
#     ucd: stat.error;src.var.amplitude
solution_id,source_id,global_ranking,reference_time,frequency,frequency_error,geom_model_reference_level,geom_model_reference_level_error,geom_model_gaussian1_phase,geom_model_gaussian1_phase_error,geom_model_gaussian1_sigma,geom_model_gaussian1_sigma_error,geom_model_gaussian1_depth,geom_model_gaussian1_depth_error,geom_model_gaussian2_phase,geom_model_gaussian2_phase_error,geom_model_gaussian2_sigma,geom_model_gaussian2_sigma_error,geom_model_gaussian2_depth,geom_model_gaussian2_depth_error,geom_model_cosine_half_period_amplitude,geom_model_cosine_half_period_amplitude_error,geom_model_cosine_half_period_phase,geom_model_cosine_half_period_phase_error,model_type,num_model_parameters,reduced_chi2,derived_primary_ecl_phase,derived_primary_ecl_phase_error,derived_primary_ecl_duration,derived_primary_ecl_duration_error,derived_primary_ecl_depth,derived_primary_ecl_depth_error,derived_secondary_ecl_phase,derived_secondary_ecl_phase_error,derived_secondary_ecl_duration,derived_secondary_ecl_duration_error,derived_secondary_ecl_depth,derived_secondary_ecl_depth_error
[from data line 388]
375316653866487564,5814764769595329024,0.5073497,2156.3066934145754,1.6229827094149873,1.1063958E-5,19.51582,0.0033657704,0.25214046,0.004851812,0.014872955,0.0039300784,0.33812264,0.12453867,0.7522925,9.141447E-4,0.016939523,5.9935113E-4,0.5477819,0.045973066,null,null,null,null,"TWOGAUSSIANS",8,1.752391,0.7522925,9.141447E-4,0.09486133,0.0033563664,0.5477819,0.045973066,0.25214046,0.004851812,0.08328855,0.02200844,0.33812264,0.12453867
375316653866487564,5814765289296123136,0.5218949,2166.717665485319,0.5982017865837497,1.4633501E-5,17.177183,0.0024183483,0.31942558,7.24086E-4,0.013496105,0.0023083515,0.2928613,0.048345648,0.8190955,0.008892741,0.012379421,0.005081716,0.45175278,0.6786621,null,null,null,null,"TWOGAUSSIANS",8,18.368645,0.8190955,0.008892741,0.06932476,0.02845761,0.45175278,0.6786621,0.31942558,7.24086E-4,0.07557819,0.0129267685,0.2928613,0.048345648
375316653866487564,5814766354447768320,0.46475494,2137.4107487748774,1.818787530119229,5.759239E-6,17.23169,0.0061933175,0.15796524,0.0016144271,0.026091486,0.0014001889,0.5675265,0.048306994,0.6548639,0.0068807043,0.021329943,0.0062182914,0.56265336,0.1482098,0.020232933,0.010566337,0.15796524,0.0016144271,"TWOGAUSSIANS_WITH_ELLIPSOIDAL_ON_ECLIPSE1",9,48.399193,0.15796524,0.0016144271,0.14611232,0.007841058,0.60799235,0.051914964,0.6548739,0.006871038,0.119447686,0.03482243,0.6031039,0.14833894
375316653866487564,5814770924293043456,0.56107163,2179.8543404246175,0.9354382183244428,6.2114946E-6,17.280186,0.0021809747,0.26926097,0.0025801023,0.018574897,0.001657382,0.38966647,0.07153392,0.76948905,0.0015179148,0.018532502,0.0014679842,0.58929473,0.035313282,null,null,null,null,"TWOGAUSSIANS",8,14.014921,0.76948905,0.0015179148,0.10378201,0.008220712,0.58929473,0.035313282,0.26926097,0.0025801023,0.104019426,0.009281339,0.38966647,0.07153392
375316653866487564,5814771714567216512,0.6017227,2145.49614968131,3.819838190866244,4.146991E-6,17.463898,0.0056620454,0.23048455,0.0010742969,0.04781845,0.0026199212,0.30240247,0.01580889,0.7259406,0.001317928,0.050797064,0.0026831855,0.20022647,0.015044674,0.10498901,0.008239095,0.23048455,0.0010742969,"TWOGAUSSIANS_WITH_ELLIPSOIDAL_ON_ECLIPSE1",9,7.560892,0.23048455,0.0010742969,0.2677833,0.0146715585,0.51237845,0.013273065,0.7267406,0.0010111709,0.28446355,0.015025839,0.41006142,0.010585073
375316653866487564,5814771950781196928,0.49530578,2152.059539334708,0.5544338013297248,4.075321E-5,19.412289,0.004275057,0.23664273,0.0014863956,0.013074717,0.0013494075,0.57487035,0.007195308,0.45814547,0.045304265,0.09976714,0.057886515,0.044727705,0.013148394,null,null,null,null,"TWOGAUSSIANS",8,2.4666996,0.23667273,0.0014808826,0.07321841,0.0075566815,0.57867473,0.0074160807,0.45814547,0.045304265,0.4,0.03547386,0.044727392,0.013160179
375316653866487564,5814772431817696256,0.46962222,2176.106402661995,2.5204260627882893,1.689725E-5,17.870316,0.001147434,0.5496992,0.0038408483,0.0038721547,0.0039465525,0.026461687,3209.5437,0.7987522,0.0037532465,0.040553,0.0041710027,0.09586092,0.0118934335,null,null,null,null,"TWOGAUSSIANS",8,2.0548346,0.7987522,0.0037532465,0.2270968,0.023357615,0.09586092,0.0118934335,0.5496992,0.0038408483,0.021684067,0.022100693,0.026461687,3209.5437
375316653866487564,5814772745359601664,0.6674636,2160.7113120840127,0.3513114986804725,6.2380955E-6,15.634632,0.0020173837,0.1960636,0.0024867654,0.028472362,0.0022627155,0.11297232,0.0068134023,0.6955534,7.2088174E-4,0.024131259,6.3169503E-4,1.1916205,0.036390293,0.013811019,0.0026951155,0.1960636,0.0024867654,"TWOGAUSSIANS_WITH_ELLIPSOIDAL_ON_ECLIPSE1",9,22.297298,0.6955534,7.2088174E-4,0.13513505,0.0035374921,1.2192422,0.036569305,0.1960636,0.0024867654,0.15944523,0.012671206,0.14059435,0.005175389
375316653866487564,5814774394627057408,0.54445916,2162.8828481873747,3.9246565783492042,8.4571075E-6,18.93634,0.007833837,0.27359247,0.0019597528,0.076296836,0.0024436451,0.47581866,0.009033653,0.7701431,0.0034936867,0.08335797,0.0036778587,0.48259106,0.01646472,null,null,null,null,"TWOGAUSSIANS",8,4.01497,0.7701431,0.0034936867,0.4,0.0,0.47595403,0.01720808,0.27359247,0.0019597528,0.4,0.0,0.46918163,0.0080254795
375316653866487564,5814776658066812032,0.5336602,2170.584867148703,3.494606663360244,6.5792215E-6,19.75916,0.012603181,0.28744245,0.0029845997,0.071039096,0.005160931,0.5431198,0.017778337,0.79606795,0.004314775,0.075261444,0.007007058,0.4071682,0.04069088,null,null,null,null,"TWOGAUSSIANS",8,2.1058066,0.28744245,0.0029845997,0.39781892,0.022083236,0.5409004,0.017874945,0.79606795,0.004314775,0.4,0.0,0.40494883,0.04147546
375316653866487564,5814784977427141632,0.58040917,2163.728809078471,1.8057971304409561,3.7044676E-6,17.161999,0.006174973,0.22294247,0.005864287,0.041474026,0.0056323903,0.081880964,0.015948059,0.7229314,8.9543517E-4,0.046775304,0.0015747685,0.49919286,0.018723844,0.021442428,0.007299019,0.22294247,0.005864287,"TWOGAUSSIANS_WITH_ELLIPSOIDAL_ON_ECLIPSE1",9,11.516699,0.7229314,8.790816E-4,0.2619417,0.008818704,0.5420774,0.017546777,0.22294247,0.005864287,0.23225455,0.031541385,0.12476551,0.008948268
375316653866487564,5814794048398234624,0.5798219,2167.056273022764,2.628021001041564,3.5872254E-6,16.778856,0.0054775244,0.16921274,0.0010054689,0.08438392,0.0025248157,0.22375093,0.005185244,0.67654735,0.003651758,0.11657125,0.007842893,0.102350235,0.0051699844,null,null,null,null,"TWOGAUSSIANS",8,3.4773989,0.16920274,0.0010044221,0.4,0.0,0.21248645,0.0032483183,0.67654735,0.003651758,0.4,0.0,0.091064334,0.003096177
375316653866487564,5814794593848487552,0.4600225,2166.707992662535,1.3649551893258371,6.2750782E-6,17.562187,0.016414378,0.38221154,0.038527116,0.1143675,0.090356596,0.05997731,0.03475013,0.88842344,0.0010751573,0.019483004,0.002104007,0.366729,0.03971986,null,null,null,null,"TWOGAUSSIANS",8,54.24877,0.88842344,0.0010751573,0.10910483,0.0117824385,0.3666494,0.03954378,0.38221154,0.038527116,0.4,0.15945801,0.059889004,0.03461186
375316653866487564,5814796140037829376,0.463424,2181.239839074066,2.635547788663332,1.9834351E-5,17.350348,0.05627781,0.2408304,0.0029207738,0.24683025,0.026588254,0.6417878,0.057743356,0.7401354,0.0038436195,0.15095814,0.015307833,0.49159443,0.08082601,null,null,null,null,"TWOGAUSSIANS",8,12.355828,0.7401354,0.0038436195,0.4,0.0,0.14300758,0.010283801,0.2409704,0.0028993383,0.4,0.0,0.13266651,0.009364875
375316653866487564,5814800611108400640,0.4895147,2165.717502947164,0.7390139676596311,1.066668E-5,18.186829,0.024764983,0.19779621,8.7923306E-4,0.013510739,6.859729E-4,0.8059516,0.030837987,0.68289095,0.015184994,0.1675418,0.053863626,0.12172071,0.019321525,null,null,null,null,"TWOGAUSSIANS",8,17.501438,0.19779621,8.790888E-4,0.07566014,0.0038414483,0.8052093,0.030557694,0.68289095,0.015184994,0.4,0.0,0.11805527,0.019394688
375316653866487564,5814813766579225728,0.5570687,2144.5266842269098,1.2235313590566195,5.666568E-6,17.580072,0.0019512803,0.30484635,5.922008E-4,0.037586633,0.0012784242,0.19931178,0.004538312,0.81719,0.016339786,0.013325397,0.013130901,0.032348506,0.09735584,0.021604458,0.002239348,0.30484635,5.922008E-4,"TWOGAUSSIANS_WITH_ELLIPSOIDAL_ON_ECLIPSE1",9,3.1805556,0.30484635,5.922008E-4,0.21048513,0.0071591754,0.24252062,0.0040327935,0.81719,0.016330697,0.07462222,0.07353304,0.07529796,0.097651094
375316653866487564,5814814732961136384,0.58274114,2131.256287350054,2.8076944148134984,8.184302E-6,14.886518,0.006174804,0.25278956,0.0025066675,0.09260539,0.0031922662,0.28058413,0.007926621,0.7467905,0.001528242,0.096012786,0.0036175954,0.26304233,0.0061667543,null,null,null,null,"TWOGAUSSIANS",8,62.925636,0.25278956,0.0025066675,0.4,0.0,0.26572767,0.00675566,0.7467905,0.001528242,0.4,0.0,0.24818546,0.005296834
375316653866487564,5814814973479309824,0.626751,2164.0736757792733,0.7926711731073086,1.6130215E-6,17.537807,0.0037240158,0.3435303,2.3853469E-4,0.032451466,3.6824154E-4,1.3967847,0.018805463,0.84238535,0.0020981748,0.030988865,0.0023867101,0.12755401,0.00802162,0.018196851,0.0059928983,0.3435303,2.3853469E-4,"TWOGAUSSIANS_WITH_ELLIPSOIDAL_ON_ECLIPSE1",9,10.959643,0.3435303,2.3853469E-4,0.18172821,0.0020621526,1.4331784,0.021075951,0.8424053,0.002054162,0.17353764,0.013365576,0.16394587,0.006683019
375316653866487564,5814821707988658432,0.60285366,2132.92083158267,0.7566738591569028,2.9955818E-6,16.275633,0.0030624429,0.27932578,0.012075043,0.026908375,0.009945369,0.05578291,0.014731009,0.7843783,0.0010760344,0.027698739,0.0017816683,0.83696616,0.046431623,0.021993482,0.004238925,0.27932578,0.012075043,"TWOGAUSSIANS_WITH_ELLIPSOIDAL_ON_ECLIPSE1",9,29.90383,0.7843783,0.0010760344,0.15511294,0.009977342,0.8809087,0.04787037,0.27932578,0.012075043,0.1506869,0.055694066,0.0997698,0.012871508
375316653866487564,5814825521919816576,0.53236645,2190.3063333691903,2.16617043617331,1.1887109E-5,13.00686,0.05627926,0.2584177,0.004460877,0.12805727,0.018634932,0.2649145,0.054470945,0.7509315,0.0030600743,0.12156062,0.016270706,0.27634883,0.052145004,null,null,null,null,"TWOGAUSSIANS",8,337.2469,0.7509315,0.0030600743,0.4,0.0,0.20818579,0.008440083,0.2584777,0.004485034,0.4,0.0,0.19660664,0.00784642
375316653866487564,5814829026613172480,0.4036467,2183.5471516305793,2.7464448914283923,2.9291332E-5,13.736363,0.020659724,0.27978832,0.008785823,0.10358061,0.02111507,0.11061785,0.01899647,0.76044494,0.011640489,0.0799754,0.0256309,0.10027829,0.021849522,null,null,null,null,"TWOGAUSSIANS",8,297.56012,0.27978832,0.008785823,0.4,0.0,0.106778964,0.010161832,0.76044494,0.011640489,0.4,0.024829773,0.09644212,0.018017527
375316653866487564,5814831771082637824,0.5107421,2210.2694868773874,4.066266114001879,1.7077982E-5,16.56136,0.0055847205,0.18715777,0.0035768007,0.09262731,0.007677624,0.11590335,0.006191689,0.6741817,0.0030796072,0.09516291,0.0063155415,0.1046886,0.0051349504,null,null,null,null,"TWOGAUSSIANS",8,7.4624386,0.18715777,0.0035768007,0.4,0.0,0.11062835,0.0064584804,0.6741817,0.0030796072,0.4,0.0,0.099413484,0.0028980419
375316653866487564,5814833351631055744,0.61766165,2147.565685460627,2.3122638810720217,4.8764496E-6,12.363623,0.0045785774,0.14571527,0.0014719545,0.09442902,0.0022638272,0.3146597,0.0048366147,0.6454461,8.8293623E-4,0.086376734,0.0033141642,0.35073552,0.01225673,null,null,null,null,"TWOGAUSSIANS",8,165.35478,0.6454461,8.8293623E-4,0.4,0.0,0.33633986,0.014313048,0.14571527,0.0014719545,0.4,0.0,0.30026355,0.0032901904
375316653866487564,5814834588580742272,0.4336727,2147.966475228527,2.5990483383369183,3.7798753E-5,18.598831,0.018289208,0.28888503,0.021047004,0.095480025,0.02430878,0.12545866,0.02764658,0.8015577,0.009461119,0.09350724,0.022563612,0.14059286,0.015578721,null,null,null,null,"TWOGAUSSIANS",8,12.532203,0.8015577,0.009461119,0.4,0.0,0.13389632,0.014665068,0.28888503,0.021046821,0.4,0.0,0.11876202,0.024351047
375316653866487564,5814835314445132160,0.5284856,2133.236445603762,0.7561203965181876,5.655105E-6,16.33167,0.001206746,0.19772722,4.87792E-4,0.026762182,5.8950053E-4,0.20462729,0.0046022944,null,null,null,null,null,null,0.013659475,0.0024156587,0.19772722,4.87792E-4,"ONEGAUSSIAN_WITH_ELLIPSOIDAL",6,12.253589,0.19772722,4.87792E-4,0.14986822,0.003301203,0.2319462,0.004599537,null,null,null,null,null,null
375316653866487564,5814850810685588352,0.46321478,2157.280119481358,1.4246881698064655,1.1355013E-5,13.068799,0.054947782,0.2762377,0.0036014384,0.18952326,0.027795382,0.18689734,0.046213645,0.77908844,0.0040458203,0.19320408,0.030349806,0.18633728,0.05115507,null,null,null,null,"TWOGAUSSIANS",8,24.239185,0.2744577,0.004041663,0.4,0.0,0.042399995,0.0024470412,0.7808584,0.0045737037,0.4,0.0,0.04026275,0.0024428028
375316653866487564,5814850845045327232,0.5697352,2166.061260993224,2.9723785530502864,1.061689E-5,16.889652,0.015167263,0.24411832,0.0025321124,0.10770557,0.0080971625,0.22731505,0.0146453995,0.74231577,0.0028201754,0.10535788,0.008067998,0.22834335,0.0145187555,null,null,null,null,"TWOGAUSSIANS",8,6.5426135,0.74231577,0.0028201754,0.4,0.0,0.19990113,0.0038313677,0.24411832,0.0025321124,0.4,0.0,0.1988692,0.0030700425
375316653866487564,5814860637570225280,0.48660842,2164.4438344575124,3.30037010894476,1.0622813E-5,18.307085,0.004481368,0.2748345,0.002610084,0.027943075,0.0024208408,0.24449793,0.017411983,0.7676848,0.004601986,0.029086504,0.011322327,0.09356339,0.03130688,0.03866311,0.0071766996,0.7676848,0.004601986,"TWOGAUSSIANS_WITH_ELLIPSOIDAL_ON_ECLIPSE2",9,8.970995,0.2746945,0.0025439267,0.15648122,0.013556709,0.3216711,0.015940627,0.7676848,0.004601986,0.16288441,0.06340503,0.17088954,0.032777112
375316653866487564,5814864107903898624,0.55892766,2190.5563473328043,2.7665443300908974,5.282201E-6,18.58398,0.011561443,0.2350181,0.0019291639,0.09644394,0.0039816014,0.39775875,0.012003611,0.7340058,0.0017419456,0.09197549,0.003215965,0.41004565,0.014087521,null,null,null,null,"TWOGAUSSIANS",8,3.0948627,0.7340058,0.0017419456,0.4,0.0,0.3865177,0.012357488,0.2350181,0.0019291639,0.4,0.0,0.3742299,0.009812556
375316653866487564,5814864451501303296,0.5878552,2168.823723877905,4.087027944309158,4.5045163E-6,17.859655,0.017929556,0.2441407,0.00175122,0.052901253,0.008950783,0.18410838,0.03245251,0.7471172,0.003400309,0.05897062,0.0065461276,0.24506418,0.036186595,0.08700931,0.02025421,0.2441407,0.00175122,"TWOGAUSSIANS_WITH_ELLIPSOIDAL_ON_ECLIPSE1",9,5.7461433,0.7471172,0.003400309,0.33023548,0.036658313,0.4189932,0.008183934,0.2441407,0.00175122,0.296247,0.050124384,0.35809824,0.011676788
375316653866487564,5814870704973761920,0.60731804,2170.13720590466,2.4301048532036074,3.400392E-6,17.231998,0.0033092827,0.20601961,6.752026E-4,0.03034882,9.488251E-4,0.6150575,0.021926632,0.70603025,7.12292E-4,0.028579233,9.3496026E-4,0.675613,0.014532722,0.024112934,0.004602122,0.20601961,6.752026E-4,"TWOGAUSSIANS_WITH_ELLIPSOIDAL_ON_ECLIPSE1",9,15.480392,0.70603025,7.12292E-4,0.16004372,0.0052357772,0.72383887,0.013616121,0.20601961,6.752026E-4,0.16995339,0.00531342,0.6632834,0.022412969
375316653866487564,5814871323449073920,0.62141466,2181.737753195907,3.8064851719726085,6.3892285E-6,15.4636,0.010557672,0.2537382,9.862302E-4,0.06548633,0.007117783,0.1388045,0.020014867,0.74639404,0.004016604,0.049587723,0.005585178,0.19822147,0.026070172,0.090330616,0.011940305,0.2537382,9.862302E-4,"TWOGAUSSIANS_WITH_ELLIPSOIDAL_ON_ECLIPSE1",9,31.889553,0.74749404,0.0033226083,0.27769125,0.031276993,0.37846082,0.006430666,0.2537382,9.862302E-4,0.36672342,0.039859585,0.31937057,0.0051252535
375316653866487564,5814874342803345408,0.48617038,2179.2820375430497,3.4708812720039175,1.6596616E-5,17.559444,0.016011406,0.31184918,0.008802763,0.047826976,0.014339891,0.11767599,0.042461712,0.78160185,0.003620364,0.046274792,0.010655359,0.2303389,0.036605164,0.06778463,0.020420626,0.78160185,0.003620364,"TWOGAUSSIANS_WITH_ELLIPSOIDAL_ON_ECLIPSE2",9,47.993893,0.78160185,0.003620364,0.25913882,0.059670012,0.36590707,0.036109794,0.30668917,0.0065584513,0.26783106,0.080303386,0.24922062,0.03376717
375316653866487564,5814874381466202496,0.42066687,2184.4646424196485,0.7377533046562159,4.877279E-5,14.752329,0.0015929086,0.80599153,0.0052373903,0.03255038,0.0069232336,0.03172686,0.0058831093,null,null,null,null,null,null,0.008149332,0.0022355868,0.80599153,0.0052373903,"ONEGAUSSIAN_WITH_ELLIPSOIDAL",6,25.419119,0.80599153,0.0052373903,0.18228212,0.03877011,0.04802552,0.0057059736,null,null,null,null,null,null
375316653866487564,5814874484533576576,0.5565077,2187.987406718168,3.45778335525625,7.308161E-6,19.135069,0.013333069,0.25925297,0.0018982304,0.046178225,0.0051773763,0.313361,0.03331763,0.7696376,0.0039684516,0.044908747,0.005311626,0.18962963,0.034882437,0.11856836,0.019243045,0.25925297,0.0018982304,"TWOGAUSSIANS_WITH_ELLIPSOIDAL_ON_ECLIPSE1",9,3.7732012,0.25925297,0.0018982304,0.25859806,0.028993309,0.55049694,0.026749346,0.7696376,0.0039684516,0.25148898,0.029745106,0.42575744,0.017800875
