Gaia/vari_eclipsing_binary/VariEclipsingBinary_663470-663481.csv
# %ECSV 1.0
# ---
# delimiter: ','
# meta: !!omap
# - RELEASE: Gaia DR3
# - TABLE: vari_eclipsing_binary
# - DESCRIPTION: >
#     This table describes the properties of the eclipsing binaries resulting from the variability analysis. 
# - CITATION: >
#     How to cite and acknowledge Gaia: 
#     https://gea.esac.esa.int/archive/documentation/credits.html 
# - KNOWN_ISSUES: >
#     Known issues: 
#     https://www.cosmos.esa.int/web/gaia-users/known-issues 
# - DOCUMENTATION: >
#     Tutorials and documentation: 
#     https://www.cosmos.esa.int/web/gaia-users/archive 
# datatype:
# - 
#   name: solution_id
#   datatype: int64
#   description: Solution Identifier
#   meta:
#     ucd: meta.version
# - 
#   name: source_id
#   datatype: int64
#   description: Unique source identifier
#   meta:
#     ucd: meta.id;meta.main
# - 
#   name: global_ranking
#   datatype: float32
#   description: Number between 0 (worst) and 1 (best)
#   meta:
#     ucd: stat.param
# - 
#   name: reference_time
#   datatype: float64
#   unit: d
#   description: Reference time used for the geometric model fit
#   meta:
#     ucd: time.epoch
# - 
#   name: frequency
#   datatype: float64
#   unit: d**-1
#   description: Frequency of geometric model of the eclipsing binary light curve
#   meta:
#     ucd: src.orbital
# - 
#   name: frequency_error
#   datatype: float32
#   unit: d**-1
#   description: "Uncertainty of \\texttt{frequency}"
#   meta:
#     ucd: stat.error
# - 
#   name: geom_model_reference_level
#   datatype: float32
#   unit: mag
#   description: Magnitude reference level of geometric model
#   meta:
#     ucd: phot.mag;em.opt
# - 
#   name: geom_model_reference_level_error
#   datatype: float32
#   unit: mag
#   description: "Uncertainty of \\texttt{geomModelReferenceLevel}"
#   meta:
#     ucd: stat.error;phot.mag;em.opt
# - 
#   name: geom_model_gaussian1_phase
#   datatype: float32
#   description: Phase of the Gaussian 1 component
#   meta:
#     ucd: time.phase
# - 
#   name: geom_model_gaussian1_phase_error
#   datatype: float32
#   description: "Uncertainty of \\texttt{geomModelGaussian1Phase}"
#   meta:
#     ucd: stat.error;time.phase
# - 
#   name: geom_model_gaussian1_sigma
#   datatype: float32
#   description: "Standard deviation [phase] of Gaussian 1 component"
#   meta:
#     ucd: stat.stdev
# - 
#   name: geom_model_gaussian1_sigma_error
#   datatype: float32
#   description: "Uncertainty of \\texttt{geomModelGaussian1Sigma}"
#   meta:
#     ucd: stat.error
# - 
#   name: geom_model_gaussian1_depth
#   datatype: float32
#   unit: mag
#   description: Magnitude depth of Gaussian 1 component
#   meta:
#     ucd: src.var.amplitude
# - 
#   name: geom_model_gaussian1_depth_error
#   datatype: float32
#   unit: mag
#   description: "Uncertainty of \\texttt{geomModelGaussian1Depth}"
#   meta:
#     ucd: stat.error;src.var.amplitude
# - 
#   name: geom_model_gaussian2_phase
#   datatype: float32
#   description: Phase of Gaussian 2 component
#   meta:
#     ucd: time.phase
# - 
#   name: geom_model_gaussian2_phase_error
#   datatype: float32
#   description: "Uncertainty of \\texttt{geomModelGaussian2Phase}"
#   meta:
#     ucd: stat.error;time.phase
# - 
#   name: geom_model_gaussian2_sigma
#   datatype: float32
[...]
#   datatype: float32
#   description: "Secondary eclipse: uncertainty of \\texttt{derivedSecondaryEclDuration}"
#   meta:
#     ucd: stat.error;time.duration
# - 
#   name: derived_secondary_ecl_depth
#   datatype: float32
#   unit: mag
#   description: "Secondary eclipse: depth"
#   meta:
#     ucd: src.var.amplitude
# - 
#   name: derived_secondary_ecl_depth_error
#   datatype: float32
#   unit: mag
#   description: "Secondary eclipse: uncertainty of \\texttt{derivedSecondaryEclDepth}"
#   meta:
#     ucd: stat.error;src.var.amplitude
solution_id,source_id,global_ranking,reference_time,frequency,frequency_error,geom_model_reference_level,geom_model_reference_level_error,geom_model_gaussian1_phase,geom_model_gaussian1_phase_error,geom_model_gaussian1_sigma,geom_model_gaussian1_sigma_error,geom_model_gaussian1_depth,geom_model_gaussian1_depth_error,geom_model_gaussian2_phase,geom_model_gaussian2_phase_error,geom_model_gaussian2_sigma,geom_model_gaussian2_sigma_error,geom_model_gaussian2_depth,geom_model_gaussian2_depth_error,geom_model_cosine_half_period_amplitude,geom_model_cosine_half_period_amplitude_error,geom_model_cosine_half_period_phase,geom_model_cosine_half_period_phase_error,model_type,num_model_parameters,reduced_chi2,derived_primary_ecl_phase,derived_primary_ecl_phase_error,derived_primary_ecl_duration,derived_primary_ecl_duration_error,derived_primary_ecl_depth,derived_primary_ecl_depth_error,derived_secondary_ecl_phase,derived_secondary_ecl_phase_error,derived_secondary_ecl_duration,derived_secondary_ecl_duration_error,derived_secondary_ecl_depth,derived_secondary_ecl_depth_error
[from data line 36]
375316653866487564,5835950164024603008,0.48519614,2147.979876665509,1.5289122395536818,2.5692912E-5,19.703503,0.008902161,0.28108957,0.008457814,0.044596117,0.008457562,0.3249627,0.047033664,0.77758175,1.2357961E-4,0.020337572,4.2343457E-4,1.7742357,0.09395377,null,null,null,null,"TWOGAUSSIANS",8,4.147055,0.77758175,1.2357961E-4,0.1138904,0.0023712337,1.7742357,0.09395377,0.28108957,0.008457814,0.24973825,0.047362346,0.3249627,0.047033664
375316653866487564,5835950164024614656,0.4680239,2135.496405762609,1.7011620006885642,7.278151E-5,19.68932,0.04005867,0.25647834,0.0155706545,0.08462887,0.038466055,0.14773092,0.035666827,0.76772934,0.013524251,0.08156572,0.022973377,0.27240497,0.04041467,null,null,null,null,"TWOGAUSSIANS",8,2.9061303,0.76772934,0.013524251,0.4,0.0,0.26891097,0.027883532,0.25647834,0.0155706545,0.4,0.018913053,0.1442369,0.028849212
375316653866487564,5835950267134206720,0.4574128,2131.249631568966,3.2343782983113125,2.4979281E-5,19.295723,0.023048127,0.19008449,0.004362615,0.039662816,0.00528019,0.40294644,0.09379207,0.68514514,0.008858458,0.054076,0.01396428,0.4381304,0.10432213,0.123816684,0.037307214,0.19008449,0.004362615,"TWOGAUSSIANS_WITH_ELLIPSOIDAL_ON_ECLIPSE1",9,20.175518,0.68571514,0.0077985483,0.3028256,0.07819997,0.68554604,0.09055705,0.19008449,0.004362615,0.22211178,0.029569065,0.650573,0.07628189
375316653866487564,5835950473292989440,0.45613196,2201.5517129398454,1.4179146684835426,4.836356E-5,16.366438,0.06768444,0.3464152,0.029006485,0.21291111,0.20778209,0.03146453,0.064970374,0.7913783,0.0063124383,0.05774426,0.0076542697,0.06779435,0.008494527,null,null,null,null,"TWOGAUSSIANS",8,10.853826,0.7913783,0.0063124383,0.32336786,0.04286391,0.06488186,0.005269111,0.3464152,0.029006485,0.4,0.0,0.023957672,0.0054492825
375316653866487564,5835950782499751296,0.4169801,2127.9084566707497,4.565820764220041,2.038014E-4,19.625338,0.02307366,0.26136076,0.046650477,0.07044393,0.029441787,0.11664938,0.043192595,0.6332338,0.02400696,0.1282507,0.027196912,0.2532038,0.045942444,null,null,null,null,"TWOGAUSSIANS",8,11.065321,0.6332338,0.02400696,0.4,0.0,0.25070736,0.04734856,0.26530078,0.049383376,0.39448598,0.07749838,0.11810494,0.042007297
375316653866487564,5835950851249968640,0.5594028,2181.8515739213803,1.5103561713264293,8.369537E-6,18.703588,0.0073970645,0.20007144,0.007966497,0.0860735,0.006394787,0.23212954,0.02035033,0.69878983,0.0026771666,0.06089897,0.002595281,0.60036606,0.016032455,null,null,null,null,"TWOGAUSSIANS",8,3.076319,0.69878983,0.0026771666,0.34103423,0.014533574,0.5983838,0.01576656,0.20007144,0.007966497,0.4,0.0,0.23014729,0.020587118
375316653866487564,5835950915578174208,0.5813771,2176.13369136847,0.8874336820092945,3.5769222E-6,18.23081,0.0031959366,0.27109143,0.08059452,0.10051002,0.043770563,0.022251185,0.009958896,0.502904,0.001070941,0.03028332,0.001761615,0.56092536,0.04218685,null,null,null,null,"TWOGAUSSIANS",8,3.3605256,0.502904,0.001070941,0.1695866,0.009865045,0.5624821,0.04249469,0.27109143,0.08061105,0.4,0.0,0.022250997,0.009916296
375316653866487564,5835950919941047936,0.4575102,2167.3941805792892,2.5710457631913792,3.40117E-5,19.396742,0.0048727556,null,null,null,null,null,null,null,null,null,null,null,null,0.09606697,0.0068590604,0.18098895,0.005453108,"ELLIPSOIDAL",4,2.840249,null,null,null,null,null,null,null,null,null,null,null,null
375316653866487564,5835950954300833664,0.48509046,2164.0397194845145,1.193233104510374,1.3105839E-5,19.43788,0.007901292,0.32368436,0.0040317876,0.01926191,0.0045613437,0.36121702,0.01687524,0.80254585,0.018104782,0.042500176,0.01315328,0.25031984,0.093158044,null,null,null,null,"TWOGAUSSIANS",8,4.0170603,0.32368436,0.0040317876,0.10786669,0.025543526,0.36121702,0.01687524,0.80254585,0.018104782,0.23800097,0.07365837,0.25031984,0.093158044
375316653866487564,5835950988660046720,0.55941886,2188.3158969834167,0.3576640481672914,1.32306095E-5,14.737214,0.001433138,0.2571342,0.0033523052,0.03498199,0.049250394,0.005711328,0.026333664,0.7568167,0.009489028,0.035192,0.009200213,0.060263988,0.0073822867,0.022730604,0.0022591772,0.2571342,0.0033523052,"TWOGAUSSIANS_WITH_ELLIPSOIDAL_ON_ECLIPSE1",9,11.091349,0.75683665,0.009374473,0.19707522,0.05152119,0.105725,0.008407341,0.2571342,0.0033523052,0.19589914,0.2758022,0.051172506,0.029340575
375316653866487564,5835950988688896896,0.48979256,2180.043917684275,0.8383621394873426,8.9566465E-6,18.14733,0.009045363,0.25204346,0.0027697433,0.077936016,0.0043123537,0.32677415,0.014171886,0.7641625,0.008980414,0.06632349,0.014522002,0.140683,0.02002262,null,null,null,null,"TWOGAUSSIANS",8,8.080685,0.25204346,0.0027697433,0.4,0.0,0.3259671,0.014096002,0.7641625,0.008980414,0.37141153,0.06312964,0.13987593,0.020522362
375316653866487564,5835951057379868928,0.45574716,2177.8309029904617,3.65555581545455,2.9944367E-5,18.797228,0.049396917,0.24907336,0.015098941,0.11393242,0.03994016,0.18493846,0.044016916,0.7566012,0.0061406107,0.097370245,0.017910218,0.21471868,0.045899138,null,null,null,null,"TWOGAUSSIANS",8,5.2323165,0.7566112,0.006119201,0.4,0.0,0.19272493,0.013181349,0.24907336,0.015101705,0.4,0.0,0.16292028,0.018903464
375316653866487564,5835951126099198720,0.4382566,2193.5689109962195,3.9808125993439627,4.3882326E-5,19.061749,0.013323828,0.2437558,0.009419575,0.027774058,0.007565055,0.3114927,0.086181045,0.58010274,0.008648956,0.031469297,0.0096914,0.14775407,0.03300008,null,null,null,null,"TWOGAUSSIANS",8,5.683574,0.2437558,0.009419575,0.15553473,0.042364307,0.3114927,0.086181045,0.58010274,0.008648956,0.17622806,0.054271843,0.14775407,0.03300008
375316653866487564,5835951504056915712,0.57680225,2180.5039821696278,0.4200625363184227,6.8551744E-6,18.162163,0.0025268847,0.19996701,0.006529199,0.03900509,0.0034416814,0.5673429,0.041393783,0.691341,0.0031644956,0.038405687,0.00400367,0.20430018,0.022053275,null,null,null,null,"TWOGAUSSIANS",8,2.571204,0.19996701,0.006529199,0.2184285,0.019273415,0.5673429,0.04139378,0.691341,0.0031644956,0.21507184,0.022420553,0.20430018,0.022053275
375316653866487564,5835951607133656192,0.57149285,2180.199701536851,0.7127155045002627,1.2068294E-5,17.840195,0.0023867863,0.36852166,0.0014299379,0.029191902,8.926589E-4,0.40627056,0.031314425,0.6124233,0.033095066,0.111443505,0.038367964,0.01612318,0.003668904,null,null,null,null,"TWOGAUSSIANS",8,1.9622542,0.36858168,0.0013975311,0.16347465,0.0049988898,0.40774018,0.031138524,0.6124233,0.033095066,0.4,0.0,0.016121807,0.0036694906
375316653866487564,5835951607164136320,0.46065798,2179.3009886854416,1.9225392046809155,2.4226301E-5,17.273563,0.011047481,0.20489073,0.010782734,0.07171066,0.018819796,0.098324604,0.014932308,0.6804032,0.0068398025,0.09165373,0.011113663,0.15845141,0.011450522,null,null,null,null,"TWOGAUSSIANS",8,20.490385,0.6804032,0.0068398025,0.4,0.0,0.15697859,0.010006837,0.20489073,0.010782734,0.4,0.057061475,0.09685202,0.015008577
375316653866487564,5835951641524016256,0.5670817,2185.8408231524236,0.2548029462699301,4.186063E-6,14.868005,8.040004E-4,0.31450042,0.0025730175,0.02678719,0.0030688758,0.040666196,0.0033754967,0.81624115,0.0010075468,0.027579278,0.001240386,0.05699888,0.0021274034,0.02373155,0.0012267068,0.31450042,0.0025730175,"TWOGAUSSIANS_WITH_ELLIPSOIDAL_ON_ECLIPSE1",9,8.402235,0.81624115,9.999392E-4,0.15444395,0.0069461614,0.10445629,0.0015468453,0.31450042,0.0025730175,0.15000826,0.017185705,0.08812929,0.003204937
375316653866487564,5835951710215230336,0.517406,2198.1449663103735,3.2843782664263252,1.3650286E-5,19.570183,0.01294125,0.19063146,0.0029449966,0.06875542,0.0045652986,0.4013499,0.018354531,0.67848104,0.0037646657,0.0700375,0.005741338,0.48188347,0.027783027,null,null,null,null,"TWOGAUSSIANS",8,3.4301953,0.67848104,0.0037646657,0.39221,0.024991449,0.48091114,0.027947519,0.19063146,0.0029449966,0.38503036,0.02556567,0.40037757,0.01833173
375316653866487564,5835951911983976064,0.61435527,2179.351721417157,3.7904934836309576,5.8094142E-6,18.241835,0.008663549,0.2388639,0.0017913596,0.04076524,0.0036655727,0.34443402,0.027944233,0.7353423,0.0026545515,0.046371855,0.0027248624,0.4849844,0.020678049,0.14504944,0.009530988,0.2388639,0.0017913596,"TWOGAUSSIANS_WITH_ELLIPSOIDAL_ON_ECLIPSE1",9,3.9543638,0.73566234,0.0023822882,0.2596824,0.0152592305,0.774954,0.012679024,0.2388639,0.0017913596,0.22828534,0.020527208,0.6345326,0.027665587
375316653866487564,5835951950765124736,0.4425563,2157.572157919429,3.437078892813527,5.8156387E-5,17.1751,0.005157071,0.18741477,0.010463866,0.025396252,0.008904044,0.30153903,0.056097183,0.5754445,0.0085936915,0.054012723,0.007614501,0.6181932,0.1912875,null,null,null,null,"TWOGAUSSIANS",8,19.255348,0.5754445,0.0085936915,0.30247125,0.042641204,0.6181932,0.1912875,0.18741477,0.010463866,0.142219,0.04986264,0.30153903,0.056097183
375316653866487564,5835952088200622976,0.4820567,2178.4242501006484,2.3905605614774976,1.8675171E-5,18.972685,0.033007145,0.27021337,0.00554203,0.078158766,0.011103861,0.46166223,0.05893464,0.7898922,0.00717765,0.07905144,0.012396193,0.43707415,0.05140852,null,null,null,null,"TWOGAUSSIANS",8,13.573851,0.27021337,0.00554203,0.4,0.0,0.4578554,0.059541177,0.7898922,0.00717765,0.4,0.0,0.4332673,0.05166983
375316653866487564,5835952191251741952,0.44677985,2192.12511843228,2.278506755562817,3.3194105E-5,19.718542,0.023789452,0.26937315,0.010280823,0.086385414,0.017913315,0.34263122,0.03599465,0.7527211,0.0172087,0.07261848,0.016684733,0.30528885,0.041035388,null,null,null,null,"TWOGAUSSIANS",8,5.428499,0.26937315,0.010280823,0.4,0.0,0.3393294,0.040485974,0.7527211,0.0172087,0.4,0.038986553,0.30198705,0.04347565
375316653866487564,5835952294331052928,0.46213418,2192.0436223270312,2.2016936130329423,3.4031073E-5,19.640875,0.08260126,0.2736472,0.008869674,0.13371262,0.030797223,0.26742214,0.081450485,0.7623215,0.013277875,0.10188121,0.019649008,0.27039763,0.07906559,null,null,null,null,"TWOGAUSSIANS",8,2.9529343,0.7623215,0.013277875,0.4,0.0,0.22052523,0.023517381,0.2736572,0.008886977,0.4,0.0,0.21703845,0.021025185
375316653866487564,5835952397438305664,0.57232726,2192.011020466988,3.453155035739101,8.977532E-6,17.111635,0.016226294,0.23483586,0.0035971778,0.053744387,0.0067167087,0.28085193,0.035971917,0.74317646,0.0034056434,0.041537013,0.006560419,0.18675454,0.03947849,0.12211982,0.022318088,0.74317646,0.0034056434,"TWOGAUSSIANS_WITH_ELLIPSOIDAL_ON_ECLIPSE2",9,24.158762,0.23621586,0.0027806165,0.30096856,0.03761357,0.52452856,0.015804546,0.74317646,0.0034056434,0.23260726,0.036738347,0.43099058,0.01613891
375316653866487564,5835952397438305792,0.5384488,2206.8649389968364,1.0469015751850985,2.2628712E-5,16.962631,0.005386452,0.34459114,0.002625412,0.023867667,0.0019636364,0.5104597,0.043217886,0.827307,0.012617064,0.03240237,0.009254062,0.10861803,0.025444468,null,null,null,null,"TWOGAUSSIANS",8,35.614426,0.34459114,0.002625412,0.13365893,0.010996363,0.5104597,0.043217886,0.827307,0.012617064,0.18145327,0.051822744,0.10861803,0.025444468
375316653866487564,5835952569209090176,0.4669108,2194.141730620896,3.3098489069965478,2.5451696E-5,19.06348,0.24552836,0.29583684,0.006558887,0.11705374,0.0404002,0.24210198,0.21788329,0.7770165,0.01563079,0.12219046,0.07397998,0.20510687,0.24122016,null,null,null,null,"TWOGAUSSIANS",8,3.5889974,0.29594684,0.0059389723,0.4,0.0,0.19991632,0.018418038,0.7770165,0.01563079,0.4,0.0,0.16287307,0.024370844
375316653866487564,5835952603568854656,0.485617,2218.3737171858506,1.2578067666098753,2.371647E-5,19.06322,0.030108465,0.26685217,0.008346325,0.11275662,0.020366699,0.21627642,0.026450682,0.7539027,0.006258109,0.09615328,0.011524927,0.24386556,0.029858287,null,null,null,null,"TWOGAUSSIANS",8,2.5470524,0.7539027,0.006258109,0.4,0.0,0.22157171,0.01681677,0.26685217,0.008346325,0.4,0.0,0.19395725,0.013089067
375316653866487564,5835952672316328960,0.64464337,2185.257707671432,1.3084048529373034,2.236405E-6,17.734198,0.00915757,0.23163864,8.30339E-4,0.06042911,0.0038460093,0.23967937,0.021539228,0.72890407,0.0011985854,0.049343336,0.0028481097,0.29157934,0.020804513,0.1501792,0.012871373,0.23163864,8.30339E-4,"TWOGAUSSIANS_WITH_ELLIPSOIDAL_ON_ECLIPSE1",9,2.6197655,0.7293541,9.556555E-4,0.2763227,0.015949413,0.5918159,0.010040333,0.23163864,8.30339E-4,0.33840302,0.021537652,0.53998995,0.007938755
375316653866487564,5835952771004731136,0.5332657,2187.3178376292553,2.6134419037129546,2.5418742E-5,17.807686,0.009959578,0.27143124,0.0046283435,0.08534737,0.006189219,0.33917612,0.01721949,0.7658364,0.0063047707,0.08143581,0.008382563,0.3515013,0.021955522,null,null,null,null,"TWOGAUSSIANS",8,15.582836,0.7658364,0.0063047707,0.4,0.0,0.3445295,0.0232375,0.27143124,0.0046283435,0.4,0.0,0.3322043,0.017209748
375316653866487564,5835952775395547648,0.43935058,2172.8725362431032,2.2554300883547613,2.057314E-5,19.053116,0.015106891,0.26827148,0.010902846,0.08532327,0.013069489,0.43679863,0.07593028,0.77578354,0.0062642605,0.07449673,0.0071250023,0.4181724,0.034022067,null,null,null,null,"TWOGAUSSIANS",8,3.4483387,0.26827148,0.010902846,0.4,0.0,0.43128055,0.07997589,0.77578354,0.0062642605,0.4,0.0015227091,0.4126543,0.033518262
375316653866487564,5835952809736897024,0.5107636,2206.083091498068,0.44068849602602905,5.621192E-6,19.258772,0.01395585,0.29942346,0.0010161104,0.04474608,0.0038734432,0.61302257,0.054967266,0.7755742,0.004132192,0.059142895,0.0072331373,0.16578193,0.018240515,null,null,null,null,"TWOGAUSSIANS",8,2.7352493,0.29942346,0.0010161104,0.25057805,0.021691281,0.61302084,0.054969657,0.7755742,0.004132192,0.3312002,0.040505566,0.16578022,0.018239716
375316653866487564,5835952981554001408,0.5066107,2160.2216328749023,3.520254471070137,3.0374777E-5,19.897738,0.015089455,0.16742554,0.0038307516,0.05204645,0.0054974933,0.7636613,0.13513233,0.67065036,0.003183239,0.06178569,0.005982176,0.7171885,0.08834582,null,null,null,null,"TWOGAUSSIANS",8,3.7311504,0.16742554,0.0038307516,0.29146013,0.030785961,0.7635774,0.13520534,0.67065036,0.003183239,0.34599987,0.033500187,0.7171046,0.08843982
375316653866487564,5835953084633225728,0.54368526,2177.024247172262,0.5671113463488869,1.898638E-5,16.677902,0.0021146482,0.6294267,0.005777703,0.031031469,0.0027879213,0.22989699,0.020901905,0.8164425,0.053736288,0.059147727,0.03302042,0.009294642,0.008386642,null,null,null,null,"TWOGAUSSIANS",8,5.5615997,0.62943673,0.0057614846,0.17377622,0.01561236,0.2299597,0.020841246,0.8164425,0.053736288,0.33122727,0.18491437,0.009294645,0.008386579
375316653866487564,5835953187712632576,0.6164529,2184.0171579066773,1.5174449075396674,1.4065935E-5,14.832507,0.001519203,0.26773664,0.0016072663,0.038319778,0.0013496031,0.20845199,0.0051452057,0.75877756,0.0064621447,0.030891974,0.005624951,0.07293787,0.004451006,0.00830034,0.0020464954,0.26773664,0.0016072663,"TWOGAUSSIANS_WITH_ELLIPSOIDAL_ON_ECLIPSE1",9,9.392928,0.26773664,0.0016072663,0.21459076,0.007557777,0.22505264,0.004598997,0.7589275,0.0063608927,0.17299506,0.031499725,0.08948685,0.0058223587
375316653866487564,5835953222072370560,0.6002246,2189.9422010773187,0.07463063223890155,2.4994713E-5,16.098818,0.001954736,0.16522284,6.728359E-4,0.0035366802,5.9037755E-4,0.5255544,0.007050666,0.45484355,0.014714726,0.048346214,0.016664825,0.018500961,0.0052343537,0.011162997,0.004035598,0.16522284,6.728359E-4,"TWOGAUSSIANS_WITH_ELLIPSOIDAL_ON_ECLIPSE1",9,11.009134,0.16522284,6.728359E-4,0.019805409,0.003306114,0.5478803,0.009360622,0.46558353,0.025810633,0.27073878,0.09332302,0.020211732,0.0053561465
375316653866487564,5835953393852209408,0.5568665,2177.954786854544,3.3166117966186923,1.3443625E-5,18.689598,0.033736926,0.27892154,0.0054302826,0.063821174,0.010950657,0.4335476,0.08785165,0.7845024,0.0057428307,0.047811765,0.008840737,0.39831412,0.06796738,0.07870222,0.038655344,0.27892154,0.0054302826,"TWOGAUSSIANS_WITH_ELLIPSOIDAL_ON_ECLIPSE1",9,9.923106,0.27892154,0.0054302826,0.35739857,0.06132368,0.59075505,0.07595253,0.7845024,0.0057428307,0.26774588,0.049508125,0.55532813,0.021819081
