Gaia/vari_eclipsing_binary/VariEclipsingBinary_388907-389234.csv
# %ECSV 1.0
# ---
# delimiter: ','
# meta: !!omap
# - RELEASE: Gaia DR3
# - TABLE: vari_eclipsing_binary
# - DESCRIPTION: >
#     This table describes the properties of the eclipsing binaries resulting from the variability analysis. 
# - CITATION: >
#     How to cite and acknowledge Gaia: 
#     https://gea.esac.esa.int/archive/documentation/credits.html 
# - KNOWN_ISSUES: >
#     Known issues: 
#     https://www.cosmos.esa.int/web/gaia-users/known-issues 
# - DOCUMENTATION: >
#     Tutorials and documentation: 
#     https://www.cosmos.esa.int/web/gaia-users/archive 
# datatype:
# - 
#   name: solution_id
#   datatype: int64
#   description: Solution Identifier
#   meta:
#     ucd: meta.version
# - 
#   name: source_id
#   datatype: int64
#   description: Unique source identifier
#   meta:
#     ucd: meta.id;meta.main
# - 
#   name: global_ranking
#   datatype: float32
#   description: Number between 0 (worst) and 1 (best)
#   meta:
#     ucd: stat.param
# - 
#   name: reference_time
#   datatype: float64
#   unit: d
#   description: Reference time used for the geometric model fit
#   meta:
#     ucd: time.epoch
# - 
#   name: frequency
#   datatype: float64
#   unit: d**-1
#   description: Frequency of geometric model of the eclipsing binary light curve
#   meta:
#     ucd: src.orbital
# - 
#   name: frequency_error
#   datatype: float32
#   unit: d**-1
#   description: "Uncertainty of \\texttt{frequency}"
#   meta:
#     ucd: stat.error
# - 
#   name: geom_model_reference_level
#   datatype: float32
#   unit: mag
#   description: Magnitude reference level of geometric model
#   meta:
#     ucd: phot.mag;em.opt
# - 
#   name: geom_model_reference_level_error
#   datatype: float32
#   unit: mag
#   description: "Uncertainty of \\texttt{geomModelReferenceLevel}"
#   meta:
#     ucd: stat.error;phot.mag;em.opt
# - 
#   name: geom_model_gaussian1_phase
#   datatype: float32
#   description: Phase of the Gaussian 1 component
#   meta:
#     ucd: time.phase
# - 
#   name: geom_model_gaussian1_phase_error
#   datatype: float32
#   description: "Uncertainty of \\texttt{geomModelGaussian1Phase}"
#   meta:
#     ucd: stat.error;time.phase
# - 
#   name: geom_model_gaussian1_sigma
#   datatype: float32
#   description: "Standard deviation [phase] of Gaussian 1 component"
#   meta:
#     ucd: stat.stdev
# - 
#   name: geom_model_gaussian1_sigma_error
#   datatype: float32
#   description: "Uncertainty of \\texttt{geomModelGaussian1Sigma}"
#   meta:
#     ucd: stat.error
# - 
#   name: geom_model_gaussian1_depth
#   datatype: float32
#   unit: mag
#   description: Magnitude depth of Gaussian 1 component
#   meta:
#     ucd: src.var.amplitude
# - 
#   name: geom_model_gaussian1_depth_error
#   datatype: float32
#   unit: mag
#   description: "Uncertainty of \\texttt{geomModelGaussian1Depth}"
#   meta:
#     ucd: stat.error;src.var.amplitude
# - 
#   name: geom_model_gaussian2_phase
#   datatype: float32
#   description: Phase of Gaussian 2 component
#   meta:
#     ucd: time.phase
# - 
#   name: geom_model_gaussian2_phase_error
#   datatype: float32
#   description: "Uncertainty of \\texttt{geomModelGaussian2Phase}"
#   meta:
#     ucd: stat.error;time.phase
# - 
#   name: geom_model_gaussian2_sigma
#   datatype: float32
[...]
#   datatype: float32
#   description: "Secondary eclipse: uncertainty of \\texttt{derivedSecondaryEclDuration}"
#   meta:
#     ucd: stat.error;time.duration
# - 
#   name: derived_secondary_ecl_depth
#   datatype: float32
#   unit: mag
#   description: "Secondary eclipse: depth"
#   meta:
#     ucd: src.var.amplitude
# - 
#   name: derived_secondary_ecl_depth_error
#   datatype: float32
#   unit: mag
#   description: "Secondary eclipse: uncertainty of \\texttt{derivedSecondaryEclDepth}"
#   meta:
#     ucd: stat.error;src.var.amplitude
solution_id,source_id,global_ranking,reference_time,frequency,frequency_error,geom_model_reference_level,geom_model_reference_level_error,geom_model_gaussian1_phase,geom_model_gaussian1_phase_error,geom_model_gaussian1_sigma,geom_model_gaussian1_sigma_error,geom_model_gaussian1_depth,geom_model_gaussian1_depth_error,geom_model_gaussian2_phase,geom_model_gaussian2_phase_error,geom_model_gaussian2_sigma,geom_model_gaussian2_sigma_error,geom_model_gaussian2_depth,geom_model_gaussian2_depth_error,geom_model_cosine_half_period_amplitude,geom_model_cosine_half_period_amplitude_error,geom_model_cosine_half_period_phase,geom_model_cosine_half_period_phase_error,model_type,num_model_parameters,reduced_chi2,derived_primary_ecl_phase,derived_primary_ecl_phase_error,derived_primary_ecl_duration,derived_primary_ecl_duration_error,derived_primary_ecl_depth,derived_primary_ecl_depth_error,derived_secondary_ecl_phase,derived_secondary_ecl_phase_error,derived_secondary_ecl_duration,derived_secondary_ecl_duration_error,derived_secondary_ecl_depth,derived_secondary_ecl_depth_error
[from data line 219]
375316653866487564,3421736088934894336,0.48289627,2274.152970444456,3.1012162054930243,1.8127994E-5,19.628307,0.023868091,0.2683041,0.0035255954,0.0819526,0.009332421,0.44457546,0.052117873,0.7721216,0.013268811,0.08334166,0.020120602,0.42038417,0.1099052,null,null,null,null,"TWOGAUSSIANS",8,1.9714816,0.2683041,0.0035255954,0.4,0.0,0.4362706,0.055414006,0.7721216,0.013268811,0.4,0.0,0.41207933,0.12021026
375316653866487564,3421739490549051520,0.58253944,2273.298056003912,2.459369068554534,1.4918706E-5,17.977938,0.0016991482,0.35483626,0.0023714683,0.010427478,0.0018829704,0.7181251,0.33453074,0.73646015,0.06534813,0.055958766,0.036691763,0.017451255,0.0054185023,null,null,null,null,"TWOGAUSSIANS",8,1.2785574,0.35483626,0.0023714683,0.058393877,0.010544634,0.7181251,0.33453074,0.73646015,0.06534813,0.3133691,0.20547387,0.017451255,0.0054185023
375316653866487564,3421740349542535680,0.5632739,2294.0198914910834,2.9978657627945804,4.5873276E-6,18.399897,0.012332145,0.33076128,0.0017348471,0.088504635,0.0034377929,0.43120334,0.018338999,0.82833487,0.0016469863,0.09456147,0.0044534737,0.3669279,0.013124635,null,null,null,null,"TWOGAUSSIANS",8,2.068458,0.33076128,0.0017348471,0.4,0.0,0.41287073,0.017945044,0.82833487,0.0016469863,0.4,0.0,0.34859475,0.012310891
375316653866487564,3421742862098184448,0.5673909,2273.6960162075266,0.24845605341350097,8.010471E-5,17.843037,0.0016964152,0.4866352,0.0022744907,0.02225258,0.0032610418,3.732031,4.5498195,null,null,null,null,null,null,null,null,null,null,"ONEGAUSSIAN",5,4.231849,0.4866352,0.0022744907,0.12461445,0.018261833,3.732031,0.0,null,null,null,null,null,null
375316653866487564,3421744507070899968,0.46025094,2305.793524682171,1.5840516472352717,6.9557077E-6,18.705183,0.0060849735,0.36655143,0.0339002,0.03366159,0.032823402,0.09287216,42133.37,0.72282344,0.0054314476,0.008585988,0.002732846,0.24775882,0.058098525,0.033488702,0.009408469,0.72282344,0.0054314476,"TWOGAUSSIANS_WITH_ELLIPSOIDAL_ON_ECLIPSE2",9,6.989108,0.72282344,0.0054314476,0.04808153,0.015303938,0.31473616,0.057306334,0.36143142,0.03959156,0.18850489,0.18381104,0.11959388,42133.38
375316653866487564,3421744580085078144,0.6099836,2317.454187056964,0.9501987943502201,3.218327E-6,13.129903,0.0014469085,0.2038613,0.0035801393,0.034683783,0.007828565,0.041261997,0.0075012306,0.70306724,5.555399E-4,0.04387688,7.923283E-4,0.20204683,0.0035447641,0.012428182,0.0019312514,0.2038613,0.0035801393,"TWOGAUSSIANS_WITH_ELLIPSOIDAL_ON_ECLIPSE1",9,35.503197,0.70307726,5.337815E-4,0.24571052,0.0044370387,0.22690256,0.0025827878,0.2038613,0.0035801393,0.19422919,0.043839965,0.06611834,0.007967287
375316653866487564,3421746676029134720,0.5664638,2281.2441535337903,1.7125211053530682,8.879049E-6,16.445007,0.012596559,0.19832611,0.0031232843,0.103774995,0.0078111687,0.18639931,0.011902339,0.7096861,0.0024128186,0.09368401,0.0077133044,0.1949188,0.010569704,null,null,null,null,"TWOGAUSSIANS",8,9.269932,0.7096861,0.002419036,0.4,0.0,0.18162991,0.006276913,0.19832611,0.0031232843,0.4,0.0,0.1731069,0.0054465774
375316653866487564,3421746847827820416,0.5736327,2266.565805783098,3.767437906729591,6.8176187E-6,19.079664,0.007920025,0.28193912,0.0026349442,0.043107092,0.0072999937,0.22908632,0.018613348,0.78381366,0.0033982336,0.04180934,0.004389488,0.16770545,0.017509347,0.13118161,0.011697384,0.28193912,0.0026349442,"TWOGAUSSIANS_WITH_ELLIPSOIDAL_ON_ECLIPSE1",9,1.2216156,0.28193912,0.0026349442,0.2413997,0.040879965,0.49144945,0.01557515,0.78381366,0.0032867028,0.23413229,0.024581134,0.4300322,0.010195008
375316653866487564,3421752306729780096,0.49148035,2293.1453387000406,2.199298525983835,2.9795432E-5,19.431465,0.010332207,0.25944325,0.0061283256,0.086530566,0.00965757,0.19697048,0.017107286,0.7679211,0.006354514,0.0759842,0.0075807706,0.38047835,0.023968935,null,null,null,null,"TWOGAUSSIANS",8,1.9813765,0.7679211,0.006354514,0.4,0.0,0.3765093,0.024735082,0.25944325,0.0061283256,0.4,0.0,0.19300142,0.017871322
375316653866487564,3421752963861559680,0.5780595,2340.3202737567476,0.32976276378339475,2.6195909E-5,17.410002,0.005056646,0.29434118,0.002831707,0.021891817,0.0019183074,1.956656,0.47874132,null,null,null,null,null,null,0.046836853,0.007921763,0.29434118,0.002831707,"ONEGAUSSIAN_WITH_ELLIPSOIDAL",6,15.816114,0.29434118,0.002831707,0.12259418,0.010742522,2.0503294,0.4826958,null,null,null,null,null,null
375316653866487564,3421765299007617152,0.48338264,2243.224277901292,2.5867761000345433,3.7530484E-5,19.543549,0.018103337,0.24746986,0.011213666,0.08428878,0.013044628,0.21134005,0.029646652,0.7387462,0.008275217,0.08530782,0.012498487,0.25349995,0.026486484,null,null,null,null,"TWOGAUSSIANS",8,1.6737702,0.7387462,0.008275217,0.4,0.0,0.24835059,0.02620107,0.24746986,0.011213666,0.4,0.0,0.20619069,0.028785752
375316653866487564,3421767321936579456,0.53724724,2284.929794970049,4.1515796732757915,1.5373138E-5,18.154573,0.025077369,0.30117178,0.0026264326,0.08333087,0.0069230953,0.31608033,0.023494206,0.8256553,0.0077761067,0.10378967,0.017703423,0.2694634,0.026008988,null,null,null,null,"TWOGAUSSIANS",8,4.92899,0.3011618,0.002629882,0.4,0.0,0.3047982,0.015586801,0.8256553,0.0077761067,0.4,0.0,0.25817305,0.028396945
375316653866487564,3421769933275623296,0.54619807,2265.3788860206014,1.3846135128181876,3.0859443E-5,19.366291,0.0033649844,0.97709835,0.025594998,0.028209748,0.016261641,0.02242801,0.01819352,0.55693305,0.0062158247,0.051194057,0.0053895237,0.34172803,0.044017293,null,null,null,null,"TWOGAUSSIANS",8,0.46676525,0.55693305,0.0062158247,0.28668672,0.030181333,0.34172803,0.044017293,0.97709835,0.025594998,0.15797459,0.09106519,0.02242801,0.01819352
375316653866487564,3421773373544779776,0.60460836,2320.1932845820156,2.6744538594288327,1.1505848E-5,16.94688,0.017793002,0.23548947,0.001858016,0.05854662,0.006848008,0.20812298,0.036837045,0.7286644,0.010423503,0.059360627,0.010131189,0.20598587,0.042029373,0.102476746,0.019382324,0.23548947,0.001858016,"TWOGAUSSIANS_WITH_ELLIPSOIDAL_ON_ECLIPSE1",9,13.137853,0.23548947,0.001858016,0.32786107,0.038348842,0.41303396,0.010035828,0.7301444,0.008126082,0.3324195,0.056734655,0.41060176,0.022152469
375316653866487564,3421774606200100992,0.49385324,2332.6382593307685,2.7002755773646854,6.7749446E-5,16.856422,0.03963461,0.29016492,0.004784117,0.12121442,0.03616419,0.11295817,0.035483066,0.7847393,0.0079739215,0.11426877,0.029698314,0.11592632,0.03833847,null,null,null,null,"TWOGAUSSIANS",8,6.4766784,0.7847393,0.0079739215,0.4,0.0,0.09312859,0.006831887,0.29018492,0.0048155715,0.4,0.0,0.09013055,0.004768417
375316653866487564,3421790892717157760,0.5211831,2239.6980884649292,2.9601498543809956,1.4763239E-5,19.8107,0.022107309,0.28918764,0.012007614,0.06769979,0.014640069,0.4151726,0.026535982,0.8154768,0.0054944325,0.06867851,0.009511548,0.43679586,0.02750741,null,null,null,null,"TWOGAUSSIANS",8,2.1849623,0.8154768,0.0054944325,0.38459966,0.04340481,0.4362985,0.026989587,0.28918764,0.012007614,0.37911883,0.046650454,0.41467524,0.026267705
375316653866487564,3421800994480435712,0.5133936,2277.9895094826297,2.3851791399404076,2.4142319E-5,19.321405,0.009895517,0.20935538,0.0056058676,0.058660958,0.009069487,0.28251705,0.012968507,0.7021009,0.004130022,0.073325805,0.0111698015,0.41583312,0.06271857,null,null,null,null,"TWOGAUSSIANS",8,3.3840384,0.7021009,0.004130022,0.4,0.01831538,0.41540128,0.06343366,0.20935538,0.0056058676,0.32850137,0.05078913,0.2820852,0.012845162
375316653866487564,3421801200638832000,0.6408406,2290.7725001295553,0.77137029400454,3.2344327E-5,17.945696,0.010003668,0.24879909,0.0060999487,0.032743886,0.016025238,0.1688579,0.10696148,0.7504777,0.0051897564,0.032705665,0.004223612,1.2644835,0.14038661,0.041837443,0.012882588,0.24879909,0.0060999487,"TWOGAUSSIANS_WITH_ELLIPSOIDAL_ON_ECLIPSE1",9,4.066816,0.7504777,0.005172622,0.18315172,0.023652228,1.348149,0.14461407,0.24879909,0.0060999487,0.18336576,0.089741334,0.25253266,0.10427922
375316653866487564,3421805426886607104,0.63229316,2262.586804044087,2.6250025885555788,7.3836904E-6,18.126423,0.0072908807,0.24346362,0.0016250679,0.066280365,0.0021682477,0.58293265,0.009597695,0.74595016,0.0024494648,0.07049485,0.0025916605,0.58478147,0.02136657,null,null,null,null,"TWOGAUSSIANS",8,4.1162515,0.74595016,0.0024494648,0.3947712,0.013058503,0.5834127,0.021434726,0.24346362,0.0016250679,0.37117007,0.012142187,0.5815639,0.009415068
375316653866487564,3421809206457863680,0.49142244,2269.765846037379,0.7340709108917662,3.3320033E-5,17.910622,0.0035479262,0.30237994,0.0059527797,0.029326241,0.015860986,0.051066015,0.010109989,0.7854296,0.0013967726,0.03795372,0.0016403032,0.16807802,0.0033770672,null,null,null,null,"TWOGAUSSIANS",8,2.7758594,0.7854296,0.0013967726,0.21254082,0.009185698,0.16807802,0.003377067,0.30237994,0.0059527797,0.16422695,0.088821515,0.051066015,0.010109989
375316653866487564,3421812852885452032,0.49795792,2273.134975436843,2.8075627794150417,2.1800453E-5,18.468987,0.0021216471,0.7554414,0.0070301443,0.011046747,0.037012063,0.013598755,1.2038071E28,null,null,null,null,null,null,0.051071454,0.0028049957,0.7554414,0.0070301443,"ONEGAUSSIAN_WITH_ELLIPSOIDAL",6,1.7088542,0.7554414,0.0070301443,0.061861783,0.20726757,0.11574165,1.2038071E28,null,null,null,null,null,null
375316653866487564,3421823779282198272,0.58502525,2331.1562697042955,3.156584464039636,9.960821E-6,16.255453,0.0425817,0.23140168,0.001955656,0.121610664,0.014788394,0.26492238,0.03847452,0.72742003,0.0020168785,0.12014773,0.014572363,0.23875298,0.040105503,null,null,null,null,"TWOGAUSSIANS",8,7.4787464,0.23142168,0.0019601346,0.4,0.0,0.20774032,0.008175048,0.72742003,0.0020168785,0.4,0.0,0.18160138,0.0056500942
375316653866487564,3421824157239316608,0.57266504,2323.9286794699237,3.067952438226142,6.642114E-6,16.66739,0.007000062,0.25723675,0.0027736977,0.09165391,0.004371281,0.23695274,0.0075934767,0.7533751,0.0021341746,0.097030275,0.0038604627,0.24832699,0.008535989,null,null,null,null,"TWOGAUSSIANS",8,8.05644,0.7533751,0.0021341746,0.4,0.0,0.23460205,0.0076806247,0.25723675,0.0027736977,0.4,0.0,0.2232285,0.0063800258
375316653866487564,3421827863794704640,0.55225116,2306.0097809348395,2.706878760361258,1.3809941E-5,18.40258,0.0114314975,0.21286052,0.0028608611,0.06203259,0.003819715,0.33647516,0.012133726,0.7089223,0.0023460684,0.069189906,0.00657128,0.6630413,0.07524473,null,null,null,null,"TWOGAUSSIANS",8,8.874562,0.7089223,0.0023460684,0.38746348,0.018027904,0.66244024,0.0759233,0.21286052,0.0028608611,0.34738252,0.021390405,0.33587417,0.011831712
375316653866487564,3421828520926082560,0.48776072,2304.9432092549764,0.4649716313276681,1.5557773E-5,12.468382,0.0011308638,0.49300432,0.0014589317,0.021099051,0.0017690562,0.030745566,0.0032549119,0.36498842,0.15660904,0.13704969,0.18789686,0.0029187151,1.0217954,null,null,null,null,"TWOGAUSSIANS",8,13.442627,0.49281433,0.0013208408,0.11815469,0.009906715,0.032626055,0.0018892117,0.36498842,0.19637848,0.4,0.36084828,0.0029112,1.0212741
375316653866487564,3421832369216742784,0.6401428,2290.6670496407332,0.7290015423671119,4.019333E-5,15.962973,0.0021644656,0.22601584,0.0053015393,0.028911958,0.003444257,0.12228969,0.007186284,0.72375345,0.0065474235,0.02460009,0.0048805014,0.54615825,0.42010757,0.015616473,0.0033069311,0.22601584,0.0053015393,"TWOGAUSSIANS_WITH_ELLIPSOIDAL_ON_ECLIPSE1",9,4.9739957,0.72376347,0.00653605,0.1377605,0.027330808,0.5773849,0.42496487,0.22601584,0.0053015393,0.16190696,0.01928784,0.15352264,0.0050083296
375316653866487564,3421833670590642560,0.5178811,2274.4614222915243,0.3955182934172471,2.4793504E-5,18.588617,0.004530986,0.18687724,2.4132258E-5,0.0054713455,1.395036E-4,0.3843147,0.0045092646,0.7113053,0.012533993,0.019752178,0.02042811,0.030224968,0.010817371,null,null,null,null,"TWOGAUSSIANS",8,2.6670225,0.18687724,2.4132258E-5,0.030639533,7.8122015E-4,0.3843147,0.0045092646,0.7113053,0.012533993,0.1106122,0.114397414,0.030224968,0.010817371
375316653866487564,3421833876749068800,0.55940545,2238.7376194110875,3.3029062583794473,1.2522571E-5,19.323355,0.0144995395,0.22244689,0.003259541,0.06764692,0.006251817,0.4756582,0.020378321,0.72881275,0.004378943,0.077518634,0.0063889874,0.4795705,0.046065602,null,null,null,null,"TWOGAUSSIANS",8,2.1663878,0.72881275,0.004378943,0.4,0.0,0.47739744,0.04669236,0.22244689,0.003259541,0.37882277,0.030799082,0.47348514,0.020938221
375316653866487564,3421835697815184896,0.43107402,2310.813916066731,0.26990665179937456,1.01330435E-4,19.240126,0.011824879,0.20501629,0.025332758,0.07449522,0.03467087,0.25669464,0.21913262,0.62304366,0.030992638,0.1027636,0.032765787,0.09973229,0.01820138,null,null,null,null,"TWOGAUSSIANS",8,4.7544985,0.20503628,0.025310129,0.4,0.1611188,0.2554088,0.22046435,0.62304366,0.030992638,0.4,0.0,0.098420985,0.017625295
375316653866487564,3421842333540743936,0.57449865,2311.657865272189,0.22961029715627437,2.032363E-6,18.83444,0.0025958424,0.40124637,0.0026079179,0.005966064,0.0037796157,0.06728385,0.041351,0.2024486,7.257716E-5,0.0070137405,3.532548E-4,0.5998344,0.03557034,null,null,null,null,"TWOGAUSSIANS",8,0.98309094,0.2024486,7.257716E-5,0.039276946,0.001978227,0.5998344,0.03557034,0.40124637,0.0026079179,0.033409957,0.021165848,0.06728385,0.041351
375316653866487564,3421844665706912128,0.57090104,2292.0844723682217,3.2460405472027096,1.1438029E-5,19.682573,0.015940715,0.25796318,0.0028431336,0.036556058,0.0064049945,0.4248466,0.116351046,0.7648957,0.0042808163,0.048286617,0.006293751,0.4929852,0.04584692,0.13240075,0.023044819,0.25796318,0.0028431336,"TWOGAUSSIANS_WITH_ELLIPSOIDAL_ON_ECLIPSE1",9,1.7622249,0.7648957,0.0042808163,0.27040505,0.035245005,0.75728303,0.057587054,0.25796318,0.0028431336,0.20471393,0.03586797,0.68964654,0.120433845
375316653866487564,3421846108815987456,0.6102651,2307.1088136431126,2.7837502442057978,1.32124205E-5,17.57303,0.0058481316,0.28998467,0.0021095339,0.08259048,0.0029040875,0.26567894,0.007325751,0.78794205,0.0031006366,0.08325879,0.0035219693,0.25589207,0.009037791,null,null,null,null,"TWOGAUSSIANS",8,1.8891363,0.28998467,0.0021095339,0.4,0.0,0.26034063,0.006577818,0.78794205,0.0031006366,0.4,0.0,0.25055373,0.008072927
375316653866487564,3421850545518186112,0.61481106,2275.8230034478574,2.012019058084341,8.788458E-6,15.688399,0.020074405,0.22996774,0.0022555564,0.046799142,0.017647367,0.067786835,0.040187005,0.73534536,0.0043365704,0.052887525,0.033137698,0.06712522,0.030301258,0.07281941,0.021514934,0.22996774,0.0022555564,"TWOGAUSSIANS_WITH_ELLIPSOIDAL_ON_ECLIPSE1",9,7.1658144,0.22996774,0.0022555564,0.2620752,0.09882526,0.2134241,0.003977708,0.73534536,0.0043365704,0.29617015,0.16563223,0.21259627,0.0137784025
375316653866487564,3421859749633631104,0.5112278,2301.5380967836286,1.1394184548361908,8.196014E-5,19.850426,0.03765761,0.20695701,0.019985504,0.07588093,0.052761886,0.27412745,0.06842831,0.7189213,0.009760844,0.05712134,0.011420727,0.47033215,0.118416354,null,null,null,null,"TWOGAUSSIANS",8,2.9528363,0.7189213,0.009760844,0.3198795,0.06395607,0.46991977,0.12014692,0.20695701,0.019985504,0.4,0.046434663,0.2737151,0.07617882
