Gaia/vari_eclipsing_binary/VariEclipsingBinary_229431-229489.csv
# %ECSV 1.0
# ---
# delimiter: ','
# meta: !!omap
# - RELEASE: Gaia DR3
# - TABLE: vari_eclipsing_binary
# - DESCRIPTION: >
#     This table describes the properties of the eclipsing binaries resulting from the variability analysis. 
# - CITATION: >
#     How to cite and acknowledge Gaia: 
#     https://gea.esac.esa.int/archive/documentation/credits.html 
# - KNOWN_ISSUES: >
#     Known issues: 
#     https://www.cosmos.esa.int/web/gaia-users/known-issues 
# - DOCUMENTATION: >
#     Tutorials and documentation: 
#     https://www.cosmos.esa.int/web/gaia-users/archive 
# datatype:
# - 
#   name: solution_id
#   datatype: int64
#   description: Solution Identifier
#   meta:
#     ucd: meta.version
# - 
#   name: source_id
#   datatype: int64
#   description: Unique source identifier
#   meta:
#     ucd: meta.id;meta.main
# - 
#   name: global_ranking
#   datatype: float32
#   description: Number between 0 (worst) and 1 (best)
#   meta:
#     ucd: stat.param
# - 
#   name: reference_time
#   datatype: float64
#   unit: d
#   description: Reference time used for the geometric model fit
#   meta:
#     ucd: time.epoch
# - 
#   name: frequency
#   datatype: float64
#   unit: d**-1
#   description: Frequency of geometric model of the eclipsing binary light curve
#   meta:
#     ucd: src.orbital
# - 
#   name: frequency_error
#   datatype: float32
#   unit: d**-1
#   description: "Uncertainty of \\texttt{frequency}"
#   meta:
#     ucd: stat.error
# - 
#   name: geom_model_reference_level
#   datatype: float32
#   unit: mag
#   description: Magnitude reference level of geometric model
#   meta:
#     ucd: phot.mag;em.opt
# - 
#   name: geom_model_reference_level_error
#   datatype: float32
#   unit: mag
#   description: "Uncertainty of \\texttt{geomModelReferenceLevel}"
#   meta:
#     ucd: stat.error;phot.mag;em.opt
# - 
#   name: geom_model_gaussian1_phase
#   datatype: float32
#   description: Phase of the Gaussian 1 component
#   meta:
#     ucd: time.phase
# - 
#   name: geom_model_gaussian1_phase_error
#   datatype: float32
#   description: "Uncertainty of \\texttt{geomModelGaussian1Phase}"
#   meta:
#     ucd: stat.error;time.phase
# - 
#   name: geom_model_gaussian1_sigma
#   datatype: float32
#   description: "Standard deviation [phase] of Gaussian 1 component"
#   meta:
#     ucd: stat.stdev
# - 
#   name: geom_model_gaussian1_sigma_error
#   datatype: float32
#   description: "Uncertainty of \\texttt{geomModelGaussian1Sigma}"
#   meta:
#     ucd: stat.error
# - 
#   name: geom_model_gaussian1_depth
#   datatype: float32
#   unit: mag
#   description: Magnitude depth of Gaussian 1 component
#   meta:
#     ucd: src.var.amplitude
# - 
#   name: geom_model_gaussian1_depth_error
#   datatype: float32
#   unit: mag
#   description: "Uncertainty of \\texttt{geomModelGaussian1Depth}"
#   meta:
#     ucd: stat.error;src.var.amplitude
# - 
#   name: geom_model_gaussian2_phase
#   datatype: float32
#   description: Phase of Gaussian 2 component
#   meta:
#     ucd: time.phase
# - 
#   name: geom_model_gaussian2_phase_error
#   datatype: float32
#   description: "Uncertainty of \\texttt{geomModelGaussian2Phase}"
#   meta:
#     ucd: stat.error;time.phase
# - 
#   name: geom_model_gaussian2_sigma
#   datatype: float32
[...]
#   datatype: float32
#   description: "Secondary eclipse: uncertainty of \\texttt{derivedSecondaryEclDuration}"
#   meta:
#     ucd: stat.error;time.duration
# - 
#   name: derived_secondary_ecl_depth
#   datatype: float32
#   unit: mag
#   description: "Secondary eclipse: depth"
#   meta:
#     ucd: src.var.amplitude
# - 
#   name: derived_secondary_ecl_depth_error
#   datatype: float32
#   unit: mag
#   description: "Secondary eclipse: uncertainty of \\texttt{derivedSecondaryEclDepth}"
#   meta:
#     ucd: stat.error;src.var.amplitude
solution_id,source_id,global_ranking,reference_time,frequency,frequency_error,geom_model_reference_level,geom_model_reference_level_error,geom_model_gaussian1_phase,geom_model_gaussian1_phase_error,geom_model_gaussian1_sigma,geom_model_gaussian1_sigma_error,geom_model_gaussian1_depth,geom_model_gaussian1_depth_error,geom_model_gaussian2_phase,geom_model_gaussian2_phase_error,geom_model_gaussian2_sigma,geom_model_gaussian2_sigma_error,geom_model_gaussian2_depth,geom_model_gaussian2_depth_error,geom_model_cosine_half_period_amplitude,geom_model_cosine_half_period_amplitude_error,geom_model_cosine_half_period_phase,geom_model_cosine_half_period_phase_error,model_type,num_model_parameters,reduced_chi2,derived_primary_ecl_phase,derived_primary_ecl_phase_error,derived_primary_ecl_duration,derived_primary_ecl_duration_error,derived_primary_ecl_depth,derived_primary_ecl_depth_error,derived_secondary_ecl_phase,derived_secondary_ecl_phase_error,derived_secondary_ecl_duration,derived_secondary_ecl_duration_error,derived_secondary_ecl_depth,derived_secondary_ecl_depth_error
[from data line 251]
375316653866487564,2018266297029061888,0.5191583,2228.931906425495,3.209996627234195,1.48413465E-5,19.844145,0.025461448,0.29001227,0.0033511296,0.07970183,0.00939394,0.40230578,0.04945872,0.7865286,0.004355493,0.080325864,0.008291595,0.5283436,0.024587082,null,null,null,null,"TWOGAUSSIANS",8,2.3867822,0.7865286,0.004355493,0.4,0.0,0.5218111,0.022688948,0.29001227,0.0033511296,0.4,0.0,0.3957733,0.05077167
375316653866487564,2018266331386814720,0.54754955,2219.409403956384,3.1264914166708073,1.3799192E-5,19.308182,0.00742618,0.21998413,0.0047782594,0.07327653,0.0043473938,0.4457148,0.017219465,0.7194501,0.0026110436,0.07006731,0.0026362557,0.4994858,0.020038992,null,null,null,null,"TWOGAUSSIANS",8,2.7522175,0.7194501,0.0026110436,0.39237693,0.014642832,0.49736562,0.020046975,0.21998413,0.0047782594,0.4,0.0,0.44359463,0.017118396
375316653866487564,2018266331388809600,0.45150217,2233.895244677188,0.568691049723459,1.2142618E-5,19.874426,0.018466093,0.1599344,0.026514595,0.03387052,0.021979429,0.14874479,0.061191835,0.6557445,0.0026512651,0.0422578,0.0049247765,0.64374167,0.053351197,null,null,null,null,"TWOGAUSSIANS",8,11.275348,0.6557445,0.0026512651,0.23664369,0.027578749,0.64374167,0.05335119,0.1599344,0.026514595,0.18967491,0.1230848,0.14874479,0.061191913
375316653866487564,2018267568337748224,0.4752456,2233.436477507738,2.466589540685013,1.8678526E-5,19.74426,0.082235776,0.1817363,0.005255542,0.11999777,0.030607548,0.2747665,0.07371734,0.6852155,0.005470144,0.11568584,0.026124228,0.2796541,0.07502027,null,null,null,null,"TWOGAUSSIANS",8,1.0449989,0.68523544,0.0055046394,0.4,0.0,0.22316667,0.024128513,0.18172629,0.005255118,0.4,0.0,0.21823464,0.017257644
375316653866487564,2018267568337803392,0.5681929,2239.2128015179037,2.235208647363909,1.0237655E-5,19.238903,0.009142797,0.22315943,0.0029822278,0.07302409,0.004259528,0.4458794,0.015789019,0.72704375,0.0015841334,0.07399083,0.002598513,0.46250317,0.013155383,null,null,null,null,"TWOGAUSSIANS",8,2.1450918,0.72704375,0.0015841334,0.4,0.0,0.45994824,0.013025988,0.22315943,0.0029822278,0.4,0.0,0.44332448,0.016015265
375316653866487564,2018268113796827776,0.64585567,2259.796517448069,0.3298201800438016,6.965227E-6,17.751347,0.002560649,0.2741718,7.451307E-4,0.027099272,6.6565594E-4,1.1450117,0.046464685,0.7730255,0.003035343,0.025768012,0.0028280693,0.14108606,0.010819393,0.024527261,0.0031917985,0.2741718,7.451307E-4,"TWOGAUSSIANS_WITH_ELLIPSOIDAL_ON_ECLIPSE1",9,3.3594437,0.2741718,7.451307E-4,0.15175593,0.003727673,1.1940662,0.04739,0.7730455,0.0030099438,0.14430086,0.015837187,0.19013804,0.009275147
375316653866487564,2018268392982880256,0.53122795,2237.014021180887,0.29837847383354243,2.247928E-5,17.327503,0.0010687738,0.18751132,0.0093053775,0.0119295595,0.006597627,0.17859487,0.058215324,0.52010924,0.0021610113,0.01212625,0.0016441876,0.18778843,0.01874426,null,null,null,null,"TWOGAUSSIANS",8,2.911251,0.52010924,0.0021610113,0.067907,0.009207451,0.18778843,0.01874426,0.18751132,0.0093053775,0.066805534,0.03694671,0.17859487,0.058215324
375316653866487564,2018270454556670592,0.50791854,2201.025907742862,2.4159573437018156,1.2280814E-5,19.573423,0.011627629,0.27649343,0.0019477378,0.075217575,0.004649864,0.3463716,0.014267647,0.77662235,0.0048410883,0.07041845,0.007240795,0.35143608,0.013825606,null,null,null,null,"TWOGAUSSIANS",8,2.1510391,0.77662235,0.0048410883,0.3943433,0.027299853,0.34951928,0.013329857,0.27649343,0.0019477378,0.4,0.0,0.3444548,0.014078366
375316653866487564,2018271382282211968,0.42974803,2232.1773160893954,1.2031615402743887,4.0780138E-5,19.791857,0.016926534,0.2285924,0.005857987,0.045956023,0.007392058,0.36175245,0.043104086,0.69499207,0.02303197,0.061818704,0.024317272,0.13153479,0.03674836,null,null,null,null,"TWOGAUSSIANS",8,10.110514,0.2285924,0.005857987,0.25735372,0.041395526,0.36175057,0.043103617,0.69499207,0.02303197,0.34618476,0.1351818,0.13153291,0.036748752
375316653866487564,2018273783154764416,0.4712273,2219.7815291382353,1.9225981865405033,3.1422605E-5,19.780886,0.012914555,0.26361915,0.0043310686,0.07467165,0.006071654,0.28051192,0.020724466,0.7763172,0.008909376,0.097768515,0.011978137,0.15803234,0.017785255,null,null,null,null,"TWOGAUSSIANS",8,1.901431,0.26361915,0.0043310686,0.4,0.0,0.2757318,0.02004353,0.7763172,0.008909376,0.4,0.0,0.15325142,0.016661217
375316653866487564,2018273890541421696,0.6562095,2220.0433131653504,1.1269237365350377,2.4248354E-6,15.683074,0.0024943217,0.21884988,0.002521771,0.04342173,0.0029297196,0.0915312,0.007175179,0.71894085,5.840384E-4,0.04571143,7.8639376E-4,0.30705497,0.005538723,0.034705453,0.0032221593,0.21884988,0.002521771,"TWOGAUSSIANS_WITH_ELLIPSOIDAL_ON_ECLIPSE1",9,8.197176,0.71894085,5.639115E-4,0.25598404,0.004403805,0.37646568,0.0019231011,0.21884988,0.002521771,0.24316168,0.01640643,0.16094196,0.0037796895
375316653866487564,2018274470350438912,0.47754008,2222.9763656633777,1.6388764277003336,2.284467E-5,19.042625,0.0063912626,0.2393095,0.0057820054,0.07495249,0.007551562,0.22088942,0.020485066,0.7307132,0.007000965,0.08657803,0.011219081,0.11296617,0.01419508,null,null,null,null,"TWOGAUSSIANS",8,2.6846995,0.2393095,0.0057820054,0.4,0.0,0.21874525,0.021268573,0.7307132,0.007000965,0.4,0.0,0.110821985,0.014546752
375316653866487564,2018274886973781632,0.50103253,2233.068854565447,1.1713584832458128,9.936408E-6,18.301142,0.0033153156,0.25161767,0.00127925,0.03275824,0.0013736896,0.2461724,0.010634088,0.7542581,0.006449949,0.033098944,0.007321784,0.2954248,0.18389888,null,null,null,null,"TWOGAUSSIANS",8,4.6910043,0.7542581,0.006449949,0.18535408,0.04100199,0.2954248,0.18389888,0.25161767,0.00127925,0.18344614,0.007692662,0.2461724,0.010634088
375316653866487564,2018275432417081472,0.4188316,2204.6193752388804,0.9458724802266506,3.243759E-5,18.689047,0.009883757,0.33830485,0.010785057,0.0304226,0.0043568746,0.358035,0.10987458,0.22367132,0.010098917,0.010748178,0.010818921,0.11273692,15.022402,null,null,null,null,"TWOGAUSSIANS",8,4.445546,0.33830485,0.010785057,0.17036656,0.024398496,0.358035,0.10987458,0.22371133,0.010112473,0.060189795,0.06058596,0.113033295,15.022503
375316653866487564,2018276772452012800,0.5830588,2224.509682024967,1.9830133619475465,9.17942E-6,18.31873,0.00839821,0.25298735,0.001987081,0.037482455,0.004498062,0.2924498,0.017464241,0.75475544,0.002028845,0.048576325,0.0024831605,0.42329824,0.02469233,0.13222428,0.011089393,0.25298735,0.001987081,"TWOGAUSSIANS_WITH_ELLIPSOIDAL_ON_ECLIPSE1",9,6.5426702,0.75475544,0.002028845,0.27202743,0.013905698,0.68771327,0.021706628,0.25298735,0.001987081,0.20990176,0.025189148,0.55689746,0.009196209
375316653866487564,2018277567033475072,0.56523097,2223.6830033384413,0.5671537408115173,1.3911439E-5,17.530268,0.002011413,0.2536708,0.00828397,0.024695529,0.006033915,0.24152902,0.020313825,0.75378054,9.942203E-4,0.022835614,0.0014188513,0.34650415,0.017135656,0.010349275,0.0027547467,0.2536708,0.00828397,"TWOGAUSSIANS_WITH_ELLIPSOIDAL_ON_ECLIPSE1",9,3.4334755,0.75378054,9.944694E-4,0.12787944,0.007945567,0.36720267,0.018659024,0.2536708,0.00828397,0.13829497,0.03378992,0.26222754,0.019658903
375316653866487564,2018277738832150784,0.5903665,2217.896432542421,2.1552278236986235,3.995677E-6,17.17057,0.00783643,0.18800834,0.0014845068,0.07476067,0.0027168347,0.29912603,0.00830402,0.6713565,0.00205204,0.07717372,0.00210773,0.6910165,0.011500068,null,null,null,null,"TWOGAUSSIANS",8,15.83208,0.6713565,0.00205204,0.4,0.0,0.6882157,0.011166359,0.18800834,0.0014845068,0.4,0.0,0.2963252,0.007854888
375316653866487564,2018278872703592192,0.5088818,2238.646467980801,0.27762898975439537,2.0810905E-6,16.159979,9.874746E-4,0.1777388,4.2541375E-4,0.01386842,4.1557156E-4,0.09416017,0.0042821714,0.6780247,0.00313661,0.017392164,0.0022459459,0.078006364,0.007316516,null,null,null,null,"TWOGAUSSIANS",8,4.9868164,0.1777388,4.2541375E-4,0.07766315,0.0023272007,0.09416017,0.0042821714,0.6780247,0.00313661,0.09739612,0.012577297,0.078006364,0.007316516
375316653866487564,2018280380218261504,0.63674176,2251.0175722979875,0.3105203984432694,2.3701864E-6,17.059765,0.0015967127,0.28995404,4.0120058E-4,0.015086345,5.777075E-4,0.5364124,0.017039552,0.789146,0.001372569,0.014894816,9.004687E-4,0.54246354,0.01778833,0.0030325684,0.0025530998,0.28995404,4.0120058E-4,"TWOGAUSSIANS_WITH_ELLIPSOIDAL_ON_ECLIPSE1",9,4.428066,0.789146,0.001372569,0.08341097,0.0050426247,0.5485285,0.016686754,0.28995404,4.0120058E-4,0.084483534,0.0032351618,0.54247755,0.017766332
375316653866487564,2018281655844249088,0.42336017,2192.9065990774407,0.8221989186534459,4.5531157E-5,19.35799,0.0065111415,0.13395192,0.07591905,0.035993814,0.019234706,0.08544919,0.058553252,0.6217973,8.525479E-4,0.008689097,5.794047E-4,0.9657609,0.22401744,null,null,null,null,"TWOGAUSSIANS",8,3.9827218,0.6217973,8.525479E-4,0.04865894,0.0032446661,0.9657609,0.22401744,0.13395192,0.07591905,0.20156537,0.10771435,0.08544919,0.058553252
375316653866487564,2018281720248948608,0.59431124,2217.6011618612447,3.732485605129064,6.6652933E-6,18.990759,0.028164933,0.22627904,0.009394594,0.05009499,0.01838977,0.4868954,0.06637796,0.7294391,0.003300003,0.045725416,0.0053592073,0.45765936,0.06216082,0.113919035,0.037056822,0.22627904,0.009394594,"TWOGAUSSIANS_WITH_ELLIPSOIDAL_ON_ECLIPSE1",9,2.9954183,0.22627904,0.009394594,0.2805319,0.102982715,0.71473116,0.07209821,0.7294391,0.0029293674,0.25606233,0.03001156,0.6854053,0.022668008
375316653866487564,2018282819766274944,0.54104257,2228.02438708135,0.6157569159250877,2.355109E-5,18.279634,0.002589265,0.15869577,0.0014773961,0.036882963,0.002040521,0.29270408,0.017911702,0.65865034,0.0034765513,0.03253365,0.004472172,0.07337472,0.0063274675,null,null,null,null,"TWOGAUSSIANS",8,1.5693914,0.15869577,0.0014773961,0.20654458,0.011426918,0.29270408,0.017911702,0.65865034,0.0034765513,0.18218844,0.025044162,0.07337472,0.0063274675
375316653866487564,2018282854126001024,0.52379125,2234.993514102742,0.34307696819397226,6.733156E-5,17.696594,0.0023985994,0.23277847,0.014352356,0.009438847,0.01994764,0.11963885,0.10061074,0.62065333,4.1765918E-4,0.027963135,7.2223844E-4,0.7651024,0.04631292,null,null,null,null,"TWOGAUSSIANS",8,3.429996,0.62065333,4.1765918E-4,0.15659356,0.004044535,0.7651024,0.04631292,0.23277847,0.014352356,0.05285754,0.111706786,0.11963885,0.10061074
375316653866487564,2018284885658063360,0.48429233,2244.574085425311,0.10918916217956036,5.12225E-6,17.375954,0.003001693,0.30760977,7.351762E-4,0.0044630514,0.0013928772,0.25161573,0.08354645,0.8072736,0.0029573604,0.0051910444,0.002065502,0.18692611,0.05081377,0.017773172,0.004819311,0.30760977,7.351762E-4,"TWOGAUSSIANS_WITH_ELLIPSOIDAL_ON_ECLIPSE1",9,8.597187,0.30760977,7.351762E-4,0.024993088,0.007800112,0.28716207,0.08353466,0.8072736,0.0029573604,0.02906985,0.011566811,0.2224723,0.050676804
375316653866487564,2018285779004091136,0.46450385,2226.9858573106767,0.5301048392326011,1.973931E-5,18.716301,0.0034034047,0.20783353,0.019396542,0.023538,0.018253611,0.101838104,0.24811324,0.7143609,0.018321935,0.029826408,0.0142625505,0.19511217,0.048598923,null,null,null,null,"TWOGAUSSIANS",8,2.8894334,0.7143609,0.018321935,0.16702788,0.07987028,0.19511217,0.048598923,0.20783353,0.019396542,0.13181281,0.10222023,0.101838104,0.24811324
375316653866487564,2018286260047609472,0.61562043,2223.858915317641,0.173724277518522,1.1957585E-5,15.368372,6.7146705E-4,0.15908147,3.0317044E-4,0.024118697,4.560494E-4,0.43243867,0.016589748,0.62230456,7.981891E-4,0.020894239,6.613282E-4,0.39869624,0.020082718,null,null,null,null,"TWOGAUSSIANS",8,6.477802,0.15908147,3.0317044E-4,0.1350647,0.0025538767,0.43243867,0.016589748,0.62230456,7.981891E-4,0.11700774,0.003703438,0.39869624,0.020082718
375316653866487564,2018286942935600512,0.50995815,2213.0698792871035,0.39140884572685947,1.0030634E-4,18.832973,0.0018211926,0.11223942,4.1382838E-4,0.008578999,5.3260813E-4,0.558783,0.06905195,0.60922015,0.005602423,0.022190744,0.006696948,0.19255717,0.12235737,null,null,null,null,"TWOGAUSSIANS",8,1.0863879,0.11223942,4.1382838E-4,0.04804239,0.0029826055,0.558783,0.06905195,0.60922015,0.005602423,0.12426817,0.037502907,0.19255717,0.12235737
375316653866487564,2018287011655078400,0.4863427,2221.339505203692,0.5772812853155859,2.606995E-5,19.474798,0.0080555575,0.37566268,0.0034598676,0.03897072,0.007813222,0.3691512,0.04635072,0.8551741,0.030915089,0.045201853,0.015488186,0.06584163,0.030988833,null,null,null,null,"TWOGAUSSIANS",8,3.721085,0.37566268,0.0034598676,0.21823604,0.043754045,0.3691512,0.046350736,0.8551741,0.030915089,0.25313038,0.08673384,0.06584163,0.030988833
375316653866487564,2018287359554202880,0.5166486,2251.1267075773076,0.45545196216989414,1.7723347E-5,19.73896,0.0039349226,0.2123,0.0034122101,0.022271935,0.0032111565,0.5419158,0.06090892,0.8168568,0.021182455,0.032092266,0.01357318,0.01652242,0.008721151,null,null,null,null,"TWOGAUSSIANS",8,1.2424562,0.2123,0.0034122101,0.12472283,0.017982477,0.5419158,0.06090892,0.8168568,0.021182455,0.17971669,0.07600981,0.01652242,0.008721151
375316653866487564,2018288871380570368,0.4561994,2209.097885067651,2.5933975496247528,1.2992652E-5,18.962543,0.0071650352,0.037718732,0.005077832,0.005083876,0.0021018474,0.34512037,0.18940414,0.54729277,0.0067469017,0.009234385,0.0027221784,0.328359,0.14752057,null,null,null,null,"TWOGAUSSIANS",8,3.0649385,0.037718732,0.005077832,0.028469708,0.011770345,0.34512037,0.18940414,0.54729277,0.0067469017,0.051712554,0.015244199,0.328359,0.14752057
375316653866487564,2018289180625410560,0.6116024,2247.2836511835176,0.6376330001934976,7.467004E-6,18.692402,0.005236225,0.28653386,0.0012606991,0.031976353,0.0016843403,0.632862,0.02603174,0.7810922,0.001803276,0.031208776,0.0015811616,0.6467501,0.030208949,0.028628578,0.007665566,0.28653386,0.0012606991,"TWOGAUSSIANS_WITH_ELLIPSOIDAL_ON_ECLIPSE1",9,2.681379,0.7811322,0.0017945766,0.17476915,0.008854505,0.7039408,0.029639287,0.28653386,0.0012606991,0.17906758,0.009432306,0.69011915,0.028007995
375316653866487564,2018295365378416512,0.57007676,2238.035999144125,0.5607017013158865,4.2776715E-6,17.12045,0.001492728,0.24303165,0.0072671827,0.028717551,0.0042717047,0.052754484,0.0065850494,0.7473148,8.6150435E-4,0.02387314,7.942069E-4,0.29168004,0.007003065,null,null,null,null,"TWOGAUSSIANS",8,4.001593,0.7473148,8.6150435E-4,0.13368958,0.004447559,0.29168004,0.007003065,0.24303165,0.0072671827,0.1608183,0.023921546,0.052754484,0.0065850494
375316653866487564,2018295915135759104,0.543527,2251.8413451305373,0.35855295853961916,1.515374E-5,16.438753,0.0010349872,0.1722071,8.4140623E-4,0.016910251,0.0077004465,0.15533255,0.028851606,0.6721857,0.008878367,0.01956876,0.0044886316,0.15795869,0.13633728,0.006006551,0.0018812692,0.1722071,8.4140623E-4,"TWOGAUSSIANS_WITH_ELLIPSOIDAL_ON_ECLIPSE1",9,3.0060253,0.6721857,0.008878367,0.109585054,0.025136337,0.16997178,0.13663708,0.1722071,8.4140623E-4,0.09469741,0.0431225,0.16734563,0.030123021
375316653866487564,2018296185706488832,0.5700544,2238.2840099679365,1.1834258334155883,5.6272374E-6,19.0182,0.0048482083,0.22845624,7.377346E-4,0.040506717,0.0021202099,0.42411268,0.020686934,0.7299791,0.001601171,0.041432895,0.0015180721,0.55273736,0.010766972,null,null,null,null,"TWOGAUSSIANS",8,2.174323,0.7299791,0.001601171,0.23202421,0.008501204,0.55273736,0.010766972,0.22845624,7.377346E-4,0.22683762,0.011873174,0.42411268,0.02068694
