Gaia/vari_eclipsing_binary/VariEclipsingBinary_603020-603104.csv
# %ECSV 1.0
# ---
# delimiter: ','
# meta: !!omap
# - RELEASE: Gaia DR3
# - TABLE: vari_eclipsing_binary
# - DESCRIPTION: >
#     This table describes the properties of the eclipsing binaries resulting from the variability analysis. 
# - CITATION: >
#     How to cite and acknowledge Gaia: 
#     https://gea.esac.esa.int/archive/documentation/credits.html 
# - KNOWN_ISSUES: >
#     Known issues: 
#     https://www.cosmos.esa.int/web/gaia-users/known-issues 
# - DOCUMENTATION: >
#     Tutorials and documentation: 
#     https://www.cosmos.esa.int/web/gaia-users/archive 
# datatype:
# - 
#   name: solution_id
#   datatype: int64
#   description: Solution Identifier
#   meta:
#     ucd: meta.version
# - 
#   name: source_id
#   datatype: int64
#   description: Unique source identifier
#   meta:
#     ucd: meta.id;meta.main
# - 
#   name: global_ranking
#   datatype: float32
#   description: Number between 0 (worst) and 1 (best)
#   meta:
#     ucd: stat.param
# - 
#   name: reference_time
#   datatype: float64
#   unit: d
#   description: Reference time used for the geometric model fit
#   meta:
#     ucd: time.epoch
# - 
#   name: frequency
#   datatype: float64
#   unit: d**-1
#   description: Frequency of geometric model of the eclipsing binary light curve
#   meta:
#     ucd: src.orbital
# - 
#   name: frequency_error
#   datatype: float32
#   unit: d**-1
#   description: "Uncertainty of \\texttt{frequency}"
#   meta:
#     ucd: stat.error
# - 
#   name: geom_model_reference_level
#   datatype: float32
#   unit: mag
#   description: Magnitude reference level of geometric model
#   meta:
#     ucd: phot.mag;em.opt
# - 
#   name: geom_model_reference_level_error
#   datatype: float32
#   unit: mag
#   description: "Uncertainty of \\texttt{geomModelReferenceLevel}"
#   meta:
#     ucd: stat.error;phot.mag;em.opt
# - 
#   name: geom_model_gaussian1_phase
#   datatype: float32
#   description: Phase of the Gaussian 1 component
#   meta:
#     ucd: time.phase
# - 
#   name: geom_model_gaussian1_phase_error
#   datatype: float32
#   description: "Uncertainty of \\texttt{geomModelGaussian1Phase}"
#   meta:
#     ucd: stat.error;time.phase
# - 
#   name: geom_model_gaussian1_sigma
#   datatype: float32
#   description: "Standard deviation [phase] of Gaussian 1 component"
#   meta:
#     ucd: stat.stdev
# - 
#   name: geom_model_gaussian1_sigma_error
#   datatype: float32
#   description: "Uncertainty of \\texttt{geomModelGaussian1Sigma}"
#   meta:
#     ucd: stat.error
# - 
#   name: geom_model_gaussian1_depth
#   datatype: float32
#   unit: mag
#   description: Magnitude depth of Gaussian 1 component
#   meta:
#     ucd: src.var.amplitude
# - 
#   name: geom_model_gaussian1_depth_error
#   datatype: float32
#   unit: mag
#   description: "Uncertainty of \\texttt{geomModelGaussian1Depth}"
#   meta:
#     ucd: stat.error;src.var.amplitude
# - 
#   name: geom_model_gaussian2_phase
#   datatype: float32
#   description: Phase of Gaussian 2 component
#   meta:
#     ucd: time.phase
# - 
#   name: geom_model_gaussian2_phase_error
#   datatype: float32
#   description: "Uncertainty of \\texttt{geomModelGaussian2Phase}"
#   meta:
#     ucd: stat.error;time.phase
# - 
#   name: geom_model_gaussian2_sigma
#   datatype: float32
[...]
#   datatype: float32
#   description: "Secondary eclipse: uncertainty of \\texttt{derivedSecondaryEclDuration}"
#   meta:
#     ucd: stat.error;time.duration
# - 
#   name: derived_secondary_ecl_depth
#   datatype: float32
#   unit: mag
#   description: "Secondary eclipse: depth"
#   meta:
#     ucd: src.var.amplitude
# - 
#   name: derived_secondary_ecl_depth_error
#   datatype: float32
#   unit: mag
#   description: "Secondary eclipse: uncertainty of \\texttt{derivedSecondaryEclDepth}"
#   meta:
#     ucd: stat.error;src.var.amplitude
solution_id,source_id,global_ranking,reference_time,frequency,frequency_error,geom_model_reference_level,geom_model_reference_level_error,geom_model_gaussian1_phase,geom_model_gaussian1_phase_error,geom_model_gaussian1_sigma,geom_model_gaussian1_sigma_error,geom_model_gaussian1_depth,geom_model_gaussian1_depth_error,geom_model_gaussian2_phase,geom_model_gaussian2_phase_error,geom_model_gaussian2_sigma,geom_model_gaussian2_sigma_error,geom_model_gaussian2_depth,geom_model_gaussian2_depth_error,geom_model_cosine_half_period_amplitude,geom_model_cosine_half_period_amplitude_error,geom_model_cosine_half_period_phase,geom_model_cosine_half_period_phase_error,model_type,num_model_parameters,reduced_chi2,derived_primary_ecl_phase,derived_primary_ecl_phase_error,derived_primary_ecl_duration,derived_primary_ecl_duration_error,derived_primary_ecl_depth,derived_primary_ecl_depth_error,derived_secondary_ecl_phase,derived_secondary_ecl_phase_error,derived_secondary_ecl_duration,derived_secondary_ecl_duration_error,derived_secondary_ecl_depth,derived_secondary_ecl_depth_error
[from data line 508]
375316653866487564,5304761562402164608,0.54833657,2059.904552127531,2.3606827738809355,1.3477383E-5,16.724886,0.034122847,0.2897129,0.0041094813,0.067553625,0.009087633,0.23814714,0.072534,0.7773535,0.0071096993,0.06709403,0.011114265,0.2853362,0.07366116,0.083905995,0.038667735,0.2897129,0.0041094813,"TWOGAUSSIANS_WITH_ELLIPSOIDAL_ON_ECLIPSE1",9,46.904816,0.7794835,0.005754408,0.37572655,0.06223988,0.45192352,0.027013185,0.2897129,0.0041094813,0.37830028,0.050890744,0.4055705,0.025101207
375316653866487564,5304761695534550784,0.4706653,2062.497873995356,0.06334106858552906,1.9609073E-5,18.607603,0.010604301,0.23629574,0.010610534,0.08249073,0.015985861,0.12347969,0.010235108,0.6996793,0.005786788,0.07784542,0.032810736,0.12618749,0.030530157,null,null,null,null,"TWOGAUSSIANS",8,2.4633973,0.6996793,0.005786788,0.4,0.11016332,0.12526557,0.032145664,0.23629574,0.010610534,0.4,0.0,0.12255775,0.009565357
375316653866487564,5304763310442530688,0.5356593,2078.633922479354,0.5302131970079996,2.4473044E-5,19.42,0.0034674618,0.10346016,0.0033198213,0.015786462,0.001535364,0.5217488,0.08184973,0.60970026,0.0015848401,0.02050327,8.5582695E-4,0.25165334,0.0034545234,null,null,null,null,"TWOGAUSSIANS",8,1.3815365,0.10346016,0.0033198213,0.088404186,0.008598038,0.5217488,0.08184973,0.60970026,0.0015848401,0.11481831,0.0047926307,0.25165334,0.0034545234
375316653866487564,5304763585320553984,0.5013761,2073.988405860238,2.773452319333124,2.7800836E-5,17.950087,0.055230808,0.24885471,0.015907187,0.089555934,0.023795746,0.40082926,0.05155071,0.7619422,0.0071938355,0.10462793,0.022665216,0.34211475,0.074028336,null,null,null,null,"TWOGAUSSIANS",8,22.816685,0.24885471,0.01590807,0.4,0.0,0.37851748,0.029077303,0.7619422,0.0071938355,0.4,0.0,0.31979433,0.06996692
375316653866487564,5304764345531662848,0.50523925,2084.5727970758635,3.26053529705848,8.595447E-6,19.50206,0.0054286,0.19874193,0.007194979,0.069892205,0.007594423,0.30843863,0.041146006,0.6896244,0.0033422017,0.06475316,0.0041704345,0.30886924,0.0233682,null,null,null,null,"TWOGAUSSIANS",8,1.4830431,0.6896244,0.0033422017,0.3626177,0.023354433,0.30838442,0.023538243,0.19874193,0.007194979,0.39139634,0.0352531,0.3079538,0.04146593
375316653866487564,5304765513772003584,0.54550046,2042.0369030387287,0.29686650188111313,2.717057E-5,16.97003,0.0012565032,0.25546637,0.0061982255,0.011469189,0.0051890756,0.4186716,0.08970663,null,null,null,null,null,null,null,null,null,null,"ONEGAUSSIAN",5,9.240929,0.25546637,0.0061982255,0.064227454,0.029058823,0.4186716,0.0,null,null,null,null,null,null
375316653866487564,5304766231013304448,0.4556466,2074.722024502172,0.8703626190008928,3.5241806E-5,17.172926,0.0019265471,null,null,null,null,null,null,null,null,null,null,null,null,0.023862338,0.0028727292,0.22647728,0.007296194,"ELLIPSOIDAL",4,4.871712,null,null,null,null,null,null,null,null,null,null,null,null
375316653866487564,5304767094319839232,0.53065115,2059.325734729773,0.2887515640293566,1.3516705E-5,17.191786,9.0549217E-4,0.28347135,2.3471923E-4,0.008997827,5.3103897E-4,0.13534854,0.0064792642,0.78392875,0.021157248,0.012210563,0.011788681,0.10527247,55.330147,null,null,null,null,"TWOGAUSSIANS",8,1.9252803,0.28347135,2.3471923E-4,0.05038783,0.0029738182,0.13534854,0.0064792642,0.78392875,0.021157248,0.06837915,0.066016614,0.10527247,55.330147
375316653866487564,5304768739274336512,0.58153605,2082.8473015185978,2.5603387159758353,5.845403E-6,18.575623,0.0072359038,0.29184255,0.0023009863,0.09104602,0.00426092,0.2147805,0.0068992986,0.77970874,0.0019089599,0.09396014,0.0031999198,0.347624,0.00928443,null,null,null,null,"TWOGAUSSIANS",8,1.2619843,0.77970874,0.0019089599,0.4,0.0,0.3357782,0.008614595,0.29184255,0.0023009863,0.4,0.0,0.20293514,0.0046330565
375316653866487564,5304769740019595008,0.51151645,2072.882605995827,3.195316492332557,1.8032193E-5,16.404804,0.434568,0.19786331,0.015126795,0.13418576,0.07824263,0.2734415,0.4094454,0.6666587,0.013126106,0.13884482,0.060289618,0.34054604,0.4112731,null,null,null,null,"TWOGAUSSIANS",8,39.821327,0.6666587,0.013126106,0.4,0.0,0.24929148,0.03387858,0.19935331,0.010702713,0.4,0.0,0.18284845,0.030248772
375316653866487564,5304770667722363904,0.5445332,2140.622231041649,3.8931939564027185,2.7060289E-5,19.870855,0.015789993,0.2641189,0.0020069368,0.05592509,0.004080853,0.94202733,0.052657664,0.7573045,0.006474846,0.06832626,0.007495326,0.6102435,0.08207823,null,null,null,null,"TWOGAUSSIANS",8,3.5658133,0.2641189,0.0020069368,0.3131805,0.022852777,0.9416684,0.05283452,0.7573045,0.006474846,0.38262704,0.037748966,0.60988456,0.08231038
375316653866487564,5304772351359691392,0.65035075,2066.475273857067,1.5882360277481122,2.967872E-6,13.287479,0.0039807996,0.25320593,0.0013514763,0.046947137,0.0039957585,0.07741531,0.0099782925,0.7510299,0.0015089989,0.04821411,0.0019464269,0.45549333,0.01734051,0.10195464,0.0049038557,0.25320593,0.0013514763,"TWOGAUSSIANS_WITH_ELLIPSOIDAL_ON_ECLIPSE1",9,61.17125,0.75119996,0.0013374463,0.26999903,0.010899991,0.6593665,0.020031165,0.25320593,0.0013514763,0.26290396,0.022376249,0.28132367,0.0046433844
375316653866487564,5304774241136222976,0.44487745,2157.473976831461,3.004289243399129,1.8278863E-5,19.730825,0.017443372,0.2671256,0.0058909254,0.07692328,0.006513506,0.40721512,0.03481499,0.76115483,0.005795331,0.08205654,0.010134464,0.42539918,0.077860124,null,null,null,null,"TWOGAUSSIANS",8,5.4373384,0.76115483,0.005795331,0.4,0.0,0.42013982,0.08056289,0.2671256,0.0058909254,0.4,0.0,0.40195578,0.034183905
375316653866487564,5304774241145468288,0.5977862,2071.3263014620748,1.5308299427580634,4.9185246E-6,17.620592,0.003606823,0.27132198,0.0025524464,0.058462914,0.003299235,0.3276079,0.008225008,0.7694526,0.0020793118,0.065779656,0.004066513,0.114847995,0.004401501,null,null,null,null,"TWOGAUSSIANS",8,2.3925462,0.27132198,0.0025524464,0.3273923,0.018475717,0.32750154,0.008254059,0.7694526,0.0020793118,0.3683661,0.022772474,0.114741646,0.0043873447
375316653866487564,5304774412935119488,0.5244485,2076.0208310340595,3.4042870449751654,1.3189457E-5,19.770378,0.017362835,0.24017023,0.0037405947,0.08174968,0.0052509895,0.43447974,0.020328922,0.7590142,0.0047524655,0.07262586,0.007285853,0.5776439,0.048070233,null,null,null,null,"TWOGAUSSIANS",8,2.1222634,0.7590142,0.0047524655,0.4,0.009023107,0.57415426,0.049314525,0.24017023,0.0037405947,0.4,0.0,0.4309901,0.019112095
375316653866487564,5304774477357538688,0.65379524,2077.7883184904395,0.4178329012532538,4.4347466E-6,16.046804,0.004612695,0.3241517,4.1873168E-4,0.02716629,4.3370662E-4,1.8640364,0.0519013,0.801579,0.0065323436,0.018829072,0.011255841,0.055998005,0.026341407,0.010385095,0.006352899,0.3241517,4.1873168E-4,"TWOGAUSSIANS_WITH_ELLIPSOIDAL_ON_ECLIPSE1",9,56.076965,0.3241517,4.1873168E-4,0.15213123,0.002428757,1.8848066,0.05164992,0.801809,0.0064828717,0.1054428,0.06303271,0.076357365,0.024918525
375316653866487564,5304774889669748480,0.4736404,2078.3418051853937,3.0023841126535706,1.4048271E-5,19.418447,0.01707252,0.1390209,0.003400819,0.08139169,0.006261979,0.45636857,0.031157734,0.6276868,0.0060308604,0.087303974,0.0072185346,0.44505903,0.030046107,null,null,null,null,"TWOGAUSSIANS",8,5.001446,0.1390209,0.003400819,0.4,0.0,0.44726282,0.0319303,0.6276868,0.0060308604,0.4,0.0,0.4359532,0.029244585
375316653866487564,5304776470218070016,0.5264415,2085.427617041143,3.72272062445583,1.8052702E-5,18.739965,0.015732713,0.15632135,0.004524582,0.08672765,0.009787369,0.20946921,0.014691696,0.68548316,0.007826955,0.09785749,0.0134928655,0.22864679,0.018038131,null,null,null,null,"TWOGAUSSIANS",8,2.2175357,0.68548316,0.007826955,0.4,0.0,0.2214534,0.017586967,0.15632135,0.004522275,0.4,0.0,0.202278,0.012246645
375316653866487564,5304776470225831168,0.48652634,2092.022807643089,0.39566012368244496,2.6569687E-5,18.336874,0.0055306167,0.20284295,0.0038643319,0.007266335,0.0020376912,0.47666588,0.17759332,null,null,null,null,null,null,0.020390315,0.008833846,0.20284295,0.0038643319,"ONEGAUSSIAN_WITH_ELLIPSOIDAL",6,10.877831,0.20284295,0.0038643319,0.040691476,0.01141107,0.5174465,0.1740373,null,null,null,null,null,null
375316653866487564,5304777883277637632,0.5030921,2062.6117428900757,2.8631157674633445,9.773319E-6,18.438383,0.024397137,0.22528704,0.005164728,0.10030544,0.013227135,0.1861295,0.022098357,0.71702194,0.0040691304,0.11859442,0.016416252,0.1635808,0.0225845,null,null,null,null,"TWOGAUSSIANS",8,2.7378597,0.22530703,0.005179461,0.4,0.0,0.16288622,0.008781528,0.71702194,0.0040691304,0.4,0.0,0.14029212,0.0074490057
375316653866487564,5304777913327638656,0.47286418,2066.7090815644206,2.6056772563571227,8.340172E-6,16.9712,0.07075233,0.26341566,0.0020279444,0.19629228,0.02588242,1.0475782,0.09881234,0.75880086,0.0022903688,0.19803016,0.023565989,1.0514948,0.08185124,null,null,null,null,"TWOGAUSSIANS",8,16.85274,0.26700565,0.0016411208,0.4,0.0,0.20744172,0.012611289,0.75880086,0.0022903688,0.4,0.0,0.20616865,0.009834319
375316653866487564,5304778016406784640,0.5767216,2071.729194980391,2.6566854525425154,2.10962E-6,18.034567,0.0038549614,0.2571665,9.4331044E-4,0.045282707,0.0011873539,0.36229345,0.007373427,0.75906026,0.0016005916,0.040255915,0.0012255,0.48591805,0.005247668,null,null,null,null,"TWOGAUSSIANS",8,4.982018,0.75906026,0.0016005916,0.22543313,0.0068628,0.48591802,0.0052476637,0.2571665,9.4331044E-4,0.25358316,0.0066491817,0.36229342,0.0073734284
375316653866487564,5304778497443465216,0.6571796,2081.6863464268013,0.565083451292424,1.4849671E-5,17.90904,0.0013770348,0.34299383,1.4218858E-4,0.020900091,1.2329401E-4,0.68465877,0.0018705752,null,null,null,null,null,null,null,null,null,null,"ONEGAUSSIAN",5,1.2534807,0.34299383,1.4218858E-4,0.11704051,6.9044647E-4,0.68465877,0.0,null,null,null,null,null,null
375316653866487564,5304778634881439104,0.5300436,2050.9034460287435,2.727219981844551,5.081839E-6,18.876907,0.008730287,0.29178232,0.0017005261,0.08053442,0.0051225377,0.33173424,0.017297542,0.7972953,0.005421934,0.0808134,0.00539894,0.345295,0.01696802,null,null,null,null,"TWOGAUSSIANS",8,2.1626973,0.7972953,0.005421934,0.4,0.0,0.34029478,0.01627389,0.29178232,0.0017005261,0.4,0.0,0.326734,0.018670918
375316653866487564,5304780146710694400,0.66601557,2064.8720209724547,1.0880192248654885,5.4585826E-6,17.466316,0.004547532,0.26586053,0.0016346418,0.055265665,0.005315204,0.059264936,0.011009939,0.7627731,0.0012757016,0.046716575,0.0017159447,0.6015265,0.016766986,0.061544787,0.0061041885,0.26586053,0.0016346418,"TWOGAUSSIANS_WITH_ELLIPSOIDAL_ON_ECLIPSE1",9,2.4615386,0.7628831,0.0012199616,0.26161283,0.00960929,0.72456884,0.015658807,0.26586053,0.0016346418,0.30948773,0.029765142,0.18235198,0.0031643414
375316653866487564,5304784102391784192,0.6808849,2111.4329076154017,1.9355329483194728,3.0788876E-6,15.612874,0.009786857,0.22459461,0.0023390576,0.065758616,0.0153720435,0.04982316,0.020884506,0.7206987,0.001697328,0.054258227,0.003162449,0.39389506,0.020795245,0.048039645,0.011331827,0.22459461,0.0023390576,"TWOGAUSSIANS_WITH_ELLIPSOIDAL_ON_ECLIPSE1",9,8.488793,0.7209087,0.0015739343,0.30384606,0.017709715,0.48987615,0.013539031,0.22459461,0.0023390576,0.36824825,0.08608344,0.14585875,0.0065246113
375316653866487564,5304784411623405952,0.4758623,2096.2766769994587,0.48452961034811565,2.538602E-5,19.796068,0.0096691875,0.3514819,0.011071719,0.006951897,0.011711913,0.60185426,0.5942154,0.854831,5.579835E-4,0.009234727,3.796523E-4,0.6349539,0.05204678,null,null,null,null,"TWOGAUSSIANS",8,3.127143,0.854831,5.579835E-4,0.051714472,0.002126053,0.6349539,0.05204678,0.3514819,0.011071719,0.038930625,0.065586716,0.60185426,0.5942154
375316653866487564,5304787602783329536,0.6565038,2090.47702122581,1.2416077666063037,1.6442859E-6,16.039703,0.00171527,0.28930765,0.0026059856,0.035503954,0.0033932365,0.062201597,0.0058919173,0.7866781,4.743147E-4,0.04116477,7.0993905E-4,0.39587075,0.0064147795,0.026884286,0.0032680351,0.28930765,0.0026059856,"TWOGAUSSIANS_WITH_ELLIPSOIDAL_ON_ECLIPSE1",9,5.8901443,0.7867281,4.5521953E-4,0.23052272,0.0039756587,0.44962478,0.0058841845,0.28930765,0.0026059856,0.19882213,0.019002125,0.115970045,0.0044319835
375316653866487564,5304787808934197504,0.5637266,2045.2287140021058,3.5743882214689497,6.016785E-6,19.154152,0.012218344,0.271293,0.0033007236,0.04064634,0.0067265746,0.34109694,0.039754305,0.77494335,0.0038603067,0.048455182,0.0037720616,0.44317418,0.04488245,0.11821997,0.017094072,0.271293,0.0033007236,"TWOGAUSSIANS_WITH_ELLIPSOIDAL_ON_ECLIPSE1",9,2.6542022,0.77494335,0.003849751,0.271349,0.021123545,0.6794888,0.03913917,0.271293,0.0033007236,0.2276195,0.03766882,0.57753587,0.042238317
375316653866487564,5304788809675588864,0.5747907,2051.616122076853,2.715134170117353,1.1709906E-5,18.189081,0.009082482,0.2729635,0.0028570904,0.091248706,0.00451005,0.3415206,0.010814029,0.7648574,0.004122847,0.09084083,0.004416269,0.34937343,0.014927538,null,null,null,null,"TWOGAUSSIANS",8,4.0446343,0.7648574,0.004122847,0.4,0.0,0.33529478,0.013699043,0.2729635,0.0028570904,0.4,0.0,0.32744196,0.010248733
375316653866487564,5304790218425102464,0.59228367,2097.3231979867514,0.992263988194466,3.6436109E-6,12.383227,0.0149112465,0.26815152,0.0021051457,0.09983129,0.004984847,0.4048918,0.013525419,0.7470908,0.0017491322,0.08951677,0.003551142,0.4862132,0.015734345,null,null,null,null,"TWOGAUSSIANS",8,723.39734,0.7470908,0.0017491322,0.4,0.0,0.46625587,0.0125492355,0.26815152,0.0021051457,0.4,0.0,0.38493022,0.009271041
375316653866487564,5304790905619688320,0.5683857,2089.901740388501,2.43322039457496,7.1200598E-6,17.320896,0.021238547,0.22892912,0.003991793,0.051872477,0.0067009535,0.31737655,0.048136894,0.72592777,0.002801677,0.055496536,0.0068031265,0.43212494,0.06062355,0.05224565,0.02380635,0.22892912,0.003991793,"TWOGAUSSIANS_WITH_ELLIPSOIDAL_ON_ECLIPSE1",9,22.046278,0.72609776,0.00257931,0.3107806,0.03809751,0.53656507,0.06361638,0.22892912,0.003991793,0.29048586,0.037525337,0.42185175,0.024158202
375316653866487564,5304793001557710336,0.49526843,2070.4045324697013,2.8246332232031204,2.6702883E-5,19.732857,0.012114497,0.22672866,0.011604526,0.056574,0.02121636,0.32251537,0.044878524,0.72702825,0.008285878,0.07293706,0.005883566,0.27284032,0.016956605,null,null,null,null,"TWOGAUSSIANS",8,2.414882,0.22672866,0.011604526,0.3168144,0.10308322,0.32218096,0.0460958,0.72702825,0.008285878,0.4,0.0097929025,0.27250594,0.016183257
375316653866487564,5304793203418958080,0.48174408,2094.337429334306,3.0788241611245883,2.0825199E-5,17.989504,0.01958421,0.270814,0.0061281957,0.108423404,0.015220353,0.18488556,0.01924454,0.77560246,0.0058573587,0.08647755,0.012000615,0.19953497,0.019387417,null,null,null,null,"TWOGAUSSIANS",8,11.52725,0.77560246,0.0058589624,0.4,0.0,0.18628752,0.0129180895,0.270814,0.0061281957,0.4,0.0,0.17162904,0.015372696
375316653866487564,5304793413880807680,0.64092845,2076.2275017579937,2.195099914786705,5.870508E-6,16.579641,0.0044142175,0.28162837,0.0016547414,0.04967163,0.0076475814,0.073868185,0.0109561905,0.77844894,0.00395842,0.043844566,0.007341967,0.05942132,0.009984921,0.10261993,0.0060079414,0.28162837,0.0016547414,"TWOGAUSSIANS_WITH_ELLIPSOIDAL_ON_ECLIPSE1",9,4.1941395,0.28162837,0.0016547414,0.27816114,0.04282646,0.27910772,0.004298623,0.7795389,0.002435028,0.24552956,0.041115016,0.26460713,0.005034558
