Gaia/vari_eclipsing_binary/VariEclipsingBinary_254267-254684.csv
# %ECSV 1.0
# ---
# delimiter: ','
# meta: !!omap
# - RELEASE: Gaia DR3
# - TABLE: vari_eclipsing_binary
# - DESCRIPTION: >
#     This table describes the properties of the eclipsing binaries resulting from the variability analysis. 
# - CITATION: >
#     How to cite and acknowledge Gaia: 
#     https://gea.esac.esa.int/archive/documentation/credits.html 
# - KNOWN_ISSUES: >
#     Known issues: 
#     https://www.cosmos.esa.int/web/gaia-users/known-issues 
# - DOCUMENTATION: >
#     Tutorials and documentation: 
#     https://www.cosmos.esa.int/web/gaia-users/archive 
# datatype:
# - 
#   name: solution_id
#   datatype: int64
#   description: Solution Identifier
#   meta:
#     ucd: meta.version
# - 
#   name: source_id
#   datatype: int64
#   description: Unique source identifier
#   meta:
#     ucd: meta.id;meta.main
# - 
#   name: global_ranking
#   datatype: float32
#   description: Number between 0 (worst) and 1 (best)
#   meta:
#     ucd: stat.param
# - 
#   name: reference_time
#   datatype: float64
#   unit: d
#   description: Reference time used for the geometric model fit
#   meta:
#     ucd: time.epoch
# - 
#   name: frequency
#   datatype: float64
#   unit: d**-1
#   description: Frequency of geometric model of the eclipsing binary light curve
#   meta:
#     ucd: src.orbital
# - 
#   name: frequency_error
#   datatype: float32
#   unit: d**-1
#   description: "Uncertainty of \\texttt{frequency}"
#   meta:
#     ucd: stat.error
# - 
#   name: geom_model_reference_level
#   datatype: float32
#   unit: mag
#   description: Magnitude reference level of geometric model
#   meta:
#     ucd: phot.mag;em.opt
# - 
#   name: geom_model_reference_level_error
#   datatype: float32
#   unit: mag
#   description: "Uncertainty of \\texttt{geomModelReferenceLevel}"
#   meta:
#     ucd: stat.error;phot.mag;em.opt
# - 
#   name: geom_model_gaussian1_phase
#   datatype: float32
#   description: Phase of the Gaussian 1 component
#   meta:
#     ucd: time.phase
# - 
#   name: geom_model_gaussian1_phase_error
#   datatype: float32
#   description: "Uncertainty of \\texttt{geomModelGaussian1Phase}"
#   meta:
#     ucd: stat.error;time.phase
# - 
#   name: geom_model_gaussian1_sigma
#   datatype: float32
#   description: "Standard deviation [phase] of Gaussian 1 component"
#   meta:
#     ucd: stat.stdev
# - 
#   name: geom_model_gaussian1_sigma_error
#   datatype: float32
#   description: "Uncertainty of \\texttt{geomModelGaussian1Sigma}"
#   meta:
#     ucd: stat.error
# - 
#   name: geom_model_gaussian1_depth
#   datatype: float32
#   unit: mag
#   description: Magnitude depth of Gaussian 1 component
#   meta:
#     ucd: src.var.amplitude
# - 
#   name: geom_model_gaussian1_depth_error
#   datatype: float32
#   unit: mag
#   description: "Uncertainty of \\texttt{geomModelGaussian1Depth}"
#   meta:
#     ucd: stat.error;src.var.amplitude
# - 
#   name: geom_model_gaussian2_phase
#   datatype: float32
#   description: Phase of Gaussian 2 component
#   meta:
#     ucd: time.phase
# - 
#   name: geom_model_gaussian2_phase_error
#   datatype: float32
#   description: "Uncertainty of \\texttt{geomModelGaussian2Phase}"
#   meta:
#     ucd: stat.error;time.phase
# - 
#   name: geom_model_gaussian2_sigma
#   datatype: float32
[...]
#   datatype: float32
#   description: "Secondary eclipse: uncertainty of \\texttt{derivedSecondaryEclDuration}"
#   meta:
#     ucd: stat.error;time.duration
# - 
#   name: derived_secondary_ecl_depth
#   datatype: float32
#   unit: mag
#   description: "Secondary eclipse: depth"
#   meta:
#     ucd: src.var.amplitude
# - 
#   name: derived_secondary_ecl_depth_error
#   datatype: float32
#   unit: mag
#   description: "Secondary eclipse: uncertainty of \\texttt{derivedSecondaryEclDepth}"
#   meta:
#     ucd: stat.error;src.var.amplitude
solution_id,source_id,global_ranking,reference_time,frequency,frequency_error,geom_model_reference_level,geom_model_reference_level_error,geom_model_gaussian1_phase,geom_model_gaussian1_phase_error,geom_model_gaussian1_sigma,geom_model_gaussian1_sigma_error,geom_model_gaussian1_depth,geom_model_gaussian1_depth_error,geom_model_gaussian2_phase,geom_model_gaussian2_phase_error,geom_model_gaussian2_sigma,geom_model_gaussian2_sigma_error,geom_model_gaussian2_depth,geom_model_gaussian2_depth_error,geom_model_cosine_half_period_amplitude,geom_model_cosine_half_period_amplitude_error,geom_model_cosine_half_period_phase,geom_model_cosine_half_period_phase_error,model_type,num_model_parameters,reduced_chi2,derived_primary_ecl_phase,derived_primary_ecl_phase_error,derived_primary_ecl_duration,derived_primary_ecl_duration_error,derived_primary_ecl_depth,derived_primary_ecl_depth_error,derived_secondary_ecl_phase,derived_secondary_ecl_phase_error,derived_secondary_ecl_duration,derived_secondary_ecl_duration_error,derived_secondary_ecl_depth,derived_secondary_ecl_depth_error
[from data line 249]
375316653866487564,2237991566848108288,0.56248105,2017.0882288074083,2.4756663383144164,3.4133275E-6,15.916785,0.016220916,0.20276003,0.0017555737,0.10691763,0.00877094,0.16734762,0.015258236,0.71075517,0.0022631357,0.10876462,0.0094019985,0.17194158,0.015096211,null,null,null,null,"TWOGAUSSIANS",8,11.501633,0.7107652,0.002269529,0.4,0.0,0.15076621,0.0058915834,0.20275003,0.0017613531,0.4,0.0,0.1461753,0.0050416864
375316653866487564,2237993250475359616,0.5372212,2006.8072815380365,2.6217805831817214,1.2131237E-5,15.648292,0.02859295,0.24813268,0.0040366887,0.105020255,0.011603989,0.31958187,0.025212843,0.74673784,0.0037536977,0.10079097,0.009644764,0.3609468,0.02590368,null,null,null,null,"TWOGAUSSIANS",8,99.36014,0.74673784,0.0037536977,0.4,0.0,0.32609162,0.01065973,0.24813268,0.0040366887,0.4,0.0,0.28472227,0.019188853
375316653866487564,2237997747303155200,0.4530219,2021.8387396107616,2.3382225101384786,3.6125475E-5,18.246014,0.010278876,0.1490997,0.031745985,0.036168624,0.020582553,0.061429143,0.03108423,0.6658408,0.0014294172,0.040035646,0.0040783947,0.19601646,0.025259376,0.006535832,0.014629772,0.6658408,0.0014294172,"TWOGAUSSIANS_WITH_ELLIPSOIDAL_ON_ECLIPSE2",9,15.708267,0.6658408,0.0014294172,0.22419961,0.022839012,0.20908812,0.016051123,0.14945969,0.0307615,0.2025443,0.11526229,0.07435977,0.018919611
375316653866487564,2238004520469770496,0.5539568,2035.2694984883842,3.476467487801572,6.754442E-6,17.16461,0.025808629,0.25619087,0.0025748059,0.058278613,0.0070197117,0.31299865,0.05114328,0.7555953,0.004784434,0.060026858,0.006215777,0.38071078,0.055381823,0.09677222,0.025945893,0.25619087,0.0025748059,"TWOGAUSSIANS_WITH_ELLIPSOIDAL_ON_ECLIPSE1",9,40.773266,0.7556754,0.004272987,0.3361504,0.03480835,0.5741581,0.026986932,0.25619087,0.0025748059,0.32636023,0.039310385,0.5064483,0.017558118
375316653866487564,2238011147599575936,0.6151171,2010.922147409895,0.45569917868306925,4.4763187E-6,17.95001,0.0013818429,0.3955011,0.0019469656,0.020165166,7.701146E-4,0.5245472,0.032440152,0.5015939,0.0053818356,0.013868736,0.010955377,0.030160282,0.5558046,null,null,null,null,"TWOGAUSSIANS",8,1.5912902,0.3955011,0.0019469656,0.11292493,0.004312642,0.5245472,0.032440152,0.5015939,0.0053818356,0.07766492,0.061350107,0.030160794,0.55580455
375316653866487564,2238013350920909184,0.581947,2016.3898352431388,2.6527986621582107,6.0801576E-6,16.151852,0.005360525,0.20675753,0.0028660893,0.048985757,0.0035893754,0.12996867,0.013537878,0.72101504,0.0028960123,0.042048592,0.0068181152,0.09969439,0.014397212,0.07820887,0.008397291,0.72101504,0.0028960123,"TWOGAUSSIANS_WITH_ELLIPSOIDAL_ON_ECLIPSE2",9,21.92039,0.20939752,0.0020541353,0.27432024,0.020100502,0.28536463,0.006041508,0.72101504,0.0028960123,0.23547211,0.038181446,0.2561109,0.010365762
375316653866487564,2238020532106613376,0.61367387,2018.462202587263,3.2047205949618736,3.784556E-6,16.455893,0.009203489,0.20307498,0.0012173115,0.037368905,0.00166252,0.42035696,0.024261905,0.6987595,0.0020166412,0.0412493,0.0028365278,0.6267295,0.04757878,0.15749177,0.012686156,0.20307498,0.0012173115,"TWOGAUSSIANS_WITH_ELLIPSOIDAL_ON_ECLIPSE1",9,58.419376,0.6990295,0.0018593335,0.23099607,0.015884554,0.941496,0.04766043,0.20307498,0.0012173115,0.20926587,0.009310112,0.7353403,0.013806674
375316653866487564,2238022524971365376,0.593291,2043.899090029359,2.4366954914259074,4.5964034E-6,14.893298,0.020079559,0.27505958,0.0013064635,0.05160247,0.0042430097,0.38593382,0.040558834,0.77614117,0.0027169306,0.051007174,0.005434415,0.41485393,0.041088946,0.09756146,0.023346871,0.27505958,0.0013064635,"TWOGAUSSIANS_WITH_ELLIPSOIDAL_ON_ECLIPSE1",9,230.33908,0.77614117,0.0026864167,0.28564018,0.030432722,0.6099619,0.021279402,0.27505958,0.0013064635,0.28897384,0.023760855,0.5810509,0.0104959635
375316653866487564,2238030049753778048,0.6130891,2020.6243740455757,0.5065926903494065,2.6104985E-6,16.109434,9.837624E-4,0.40910628,3.533219E-5,0.0033574475,1.06996216E-4,0.2058439,0.0010125497,0.6067971,0.031772807,0.029463938,0.022081465,0.0085668415,0.0068955985,null,null,null,null,"TWOGAUSSIANS",8,4.034879,0.40910628,3.533219E-5,0.018801706,5.9917883E-4,0.2058439,0.0010125497,0.6067971,0.031772807,0.16499805,0.123656206,0.0085668415,0.0068955985
375316653866487564,2238037196579777792,0.6246632,2054.999927585703,2.281878150847066,2.044132E-6,16.005697,0.0040641995,0.2550566,9.3116774E-4,0.09717191,0.0022502935,0.2664521,0.003942053,0.75309914,0.0010455262,0.08765704,0.0014915961,0.27332506,0.004817683,null,null,null,null,"TWOGAUSSIANS",8,5.2170734,0.75309914,0.0010455262,0.4,0.0,0.25984827,0.0038784046,0.2550566,9.3116774E-4,0.4,0.0,0.25297442,0.003458342
375316653866487564,2238040117157461504,0.57714385,2035.0772626103794,1.8303405740767391,2.3405317E-5,16.346033,0.0014754712,0.50372106,1.3522497E-4,0.016394379,4.8669998E-4,0.49625358,0.018452322,0.69844157,0.042556666,0.06346099,0.036738418,0.004230463,0.0031664788,null,null,null,null,"TWOGAUSSIANS",8,4.3280253,0.50372106,1.3522497E-4,0.09180853,0.00272552,0.49629176,0.018429756,0.69844157,0.042556666,0.35538155,0.19121371,0.004230463,0.0031664788
375316653866487564,2238050322000149376,0.5198226,2028.4168703507146,2.071493916130608,4.134795E-6,14.418694,0.0012858666,0.44123426,0.0033586419,0.0073608696,0.0020075378,0.28747636,0.3216056,null,null,null,null,null,null,null,null,null,null,"ONEGAUSSIAN",5,76.29749,0.44123426,0.0033586419,0.04122087,0.011242211,0.28747636,0.0,null,null,null,null,null,null
375316653866487564,2238053414376671744,0.58191425,2012.2247410315397,2.2770762109976954,7.101293E-6,15.031959,0.021667443,0.28149194,0.0023582403,0.116446584,0.014412973,0.14605549,0.017497841,0.78270936,0.0014886223,0.123454176,0.011287147,0.14803,0.021002885,null,null,null,null,"TWOGAUSSIANS",8,8.797335,0.78270936,0.0014995083,0.4,0.0,0.11490981,0.0020252622,0.28148192,0.0023589982,0.4,0.0,0.11298754,0.005100365
375316653866487564,2238056781631026688,0.5262126,2049.8974279308272,0.05318501674284787,9.197095E-6,15.630105,0.007917156,0.06325763,0.0012614514,0.0062383646,8.5389573E-4,1.0721078,0.20884615,0.46418023,0.010683127,0.042584866,0.012727974,0.17420955,0.08178797,null,null,null,null,"TWOGAUSSIANS",8,440.6591,0.06325763,0.0012614514,0.03493484,0.004781816,1.0721078,0.20884615,0.46418023,0.010683127,0.23847526,0.07127665,0.17420955,0.08178797
375316653866487564,2238064100255150336,0.458325,2053.1881710152243,2.645813974238948,1.53189E-5,19.494461,0.01582183,0.1572275,0.0059827613,0.041940555,0.007836243,0.3238765,0.050575387,0.62227035,0.032338187,0.074423306,0.03632549,0.13609299,0.035040617,null,null,null,null,"TWOGAUSSIANS",8,4.0557656,0.1572275,0.0059827613,0.23486711,0.04388296,0.3238674,0.05058875,0.62227035,0.032338187,0.4,0.13170263,0.1360839,0.03507677
375316653866487564,2238075954365128064,0.5359476,2015.3847710263908,2.434013708345537,8.831258E-6,15.881504,0.014395012,0.24755745,0.006248608,0.09628874,0.012530074,0.15296249,0.014204682,0.7281136,0.0024619612,0.11200697,0.008768879,0.26443127,0.011335888,null,null,null,null,"TWOGAUSSIANS",8,26.044107,0.7281136,0.0024619612,0.4,0.0,0.24622832,0.008809515,0.24760745,0.006290065,0.4,0.0,0.13479118,0.010296414
375316653866487564,2238089423382079232,0.5715458,2024.520195725922,3.0674320743098638,5.35498E-6,14.312257,0.003378096,0.19318163,0.0027106414,0.074469656,0.0036199787,0.22728598,0.00527619,0.69514066,0.001637476,0.069108434,0.0023271,0.21510164,0.004630017,null,null,null,null,"TWOGAUSSIANS",8,36.96245,0.19318163,0.0027106414,0.4,0.0,0.22630489,0.0052938205,0.69514066,0.001637476,0.38700724,0.013031759,0.21412055,0.004553591
375316653866487564,2238089766979624320,0.6309339,2045.01923058744,0.456709076790262,2.2643171E-5,14.598696,9.1314263E-4,0.75203264,0.0025899704,0.021783425,0.0030308617,0.4176865,0.06552628,null,null,null,null,null,null,null,null,null,null,"ONEGAUSSIAN",5,15.221419,0.75203264,0.0025899704,0.12198718,0.016972827,0.4176865,0.0,null,null,null,null,null,null
375316653866487564,2238113475199096320,0.42609152,1966.5185298631836,0.029373717481736953,4.337679E-5,17.207031,0.0047431025,0.38953918,0.01080269,0.04159451,0.010478495,0.05591584,0.009214316,0.8031381,0.009056645,0.07404041,0.014879859,0.06122251,0.0067823133,null,null,null,null,"TWOGAUSSIANS",8,6.4344034,0.8031381,0.009056645,0.4,0.023585906,0.061222214,0.006782432,0.38953918,0.01080269,0.23292926,0.05867957,0.055915553,0.009214171
375316653866487564,2238121790256070400,0.59430635,1970.1089696839645,3.8207612692102946,2.6317293E-6,18.46805,0.006291026,0.28822175,0.0010333601,0.04357703,0.0034403764,0.2476805,0.013540736,0.78771514,0.0017258145,0.04721546,0.0019819292,0.33937737,0.018965228,0.11326096,0.009282459,0.28822175,0.0010333601,"TWOGAUSSIANS_WITH_ELLIPSOIDAL_ON_ECLIPSE1",9,2.624016,0.78776515,0.0015670063,0.2644066,0.011098804,0.56589663,0.013834324,0.28822175,0.0010333601,0.24403137,0.019266108,0.47420186,0.011705921
375316653866487564,2238129276381443968,0.44022906,1969.9444538503174,1.7914185605265258,9.563753E-6,18.778397,0.005132379,0.34421843,0.0037464248,0.023649314,0.0033104904,0.2448197,0.11461842,0.83904696,0.006833735,0.01903088,0.0076308846,0.14764109,0.09336407,null,null,null,null,"TWOGAUSSIANS",8,5.8786173,0.34421843,0.0037464248,0.13243616,0.018538747,0.2448197,0.11461842,0.83904696,0.006833735,0.106572926,0.042732954,0.14764109,0.09336407
375316653866487564,2238131166165413632,0.559693,1996.5844218962545,3.2034059731725266,7.808062E-6,18.613518,0.008593064,0.18848777,0.0018411987,0.035170138,0.0027556904,0.52768344,0.032394603,0.6715623,0.018638637,0.05386997,0.01583262,0.060586035,0.026739368,0.050199814,0.016438697,0.18848777,0.0018411987,"TWOGAUSSIANS_WITH_ELLIPSOIDAL_ON_ECLIPSE1",9,4.9847136,0.18848777,0.0018411987,0.19695278,0.015431866,0.628082,0.031953815,0.67622226,0.012135063,0.30167183,0.08866267,0.16016321,0.013036703
375316653866487564,2238147456980764672,0.519173,2028.326024177772,3.1020444748182965,1.6426691E-5,15.858048,0.013437692,0.27760255,0.003920502,0.086587206,0.0074863373,0.22587141,0.013661395,0.75999045,0.006174394,0.09016191,0.010581552,0.2782091,0.0143945245,null,null,null,null,"TWOGAUSSIANS",8,74.23014,0.75999045,0.006174394,0.4,0.0,0.27131504,0.012963447,0.27760255,0.003920502,0.4,0.0,0.2189775,0.010526332
375316653866487564,2238161853710719104,0.5800829,2001.146958772305,1.0129146286239172,8.607588E-6,18.879505,0.0066448487,0.29666638,0.0012128584,0.055058815,0.001655567,0.63800997,0.00895594,0.79817,0.0044877077,0.06815537,0.0055221235,0.26431534,0.01084226,null,null,null,null,"TWOGAUSSIANS",8,2.4511218,0.29666638,0.0012128584,0.30832934,0.009271176,0.6378148,0.008929766,0.79817,0.0044877077,0.3816701,0.030923892,0.26412022,0.010844054
375316653866487564,2238177349952901888,0.41448006,2007.1432754407037,0.8514546305513363,1.66033E-5,19.228657,0.0026155286,0.62154436,3.7426603E-4,0.017713467,6.2826596E-4,0.5719835,0.035213415,null,null,null,null,null,null,9.6730555E-6,0.004411589,0.62154436,3.7426603E-4,"ONEGAUSSIAN_WITH_ELLIPSOIDAL",6,3.4713888,0.62154436,3.7426603E-4,0.09919541,0.0035182894,0.5720029,0.039602283,null,null,null,null,null,null
375316653866487564,2238184629919810176,0.4742975,2005.6247035389367,0.8603919999158328,2.6638476E-5,18.44838,0.0050217337,0.1659393,0.03690365,0.036523517,0.021301348,0.044903275,0.036114242,0.65870905,0.0016401381,0.018984722,0.0028071401,0.32060876,0.082104355,null,null,null,null,"TWOGAUSSIANS",8,6.221611,0.65870905,0.0016401381,0.106314436,0.015719986,0.32060876,0.082104355,0.1659393,0.03690365,0.2045317,0.11928755,0.044903275,0.036114242
375316653866487564,2238186554065256192,0.5605244,2019.7381524189454,2.8943254796700297,5.5521737E-6,16.402674,0.00847813,0.26819864,0.0028546678,0.08067242,0.005714014,0.38498145,0.034721185,0.77003765,0.0021828553,0.07614149,0.0028848508,0.3939712,0.013219685,null,null,null,null,"TWOGAUSSIANS",8,38.34975,0.77003765,0.0021828553,0.4,0.0,0.38932344,0.012764818,0.26819864,0.0028546678,0.4,0.0,0.3803337,0.03594879
375316653866487564,2238187103821064960,0.5866299,1992.4889358753742,3.6935864709426136,3.3935887E-6,19.216272,0.011009663,0.23665147,0.0014046457,0.045955297,0.0034825357,0.28476307,0.028111815,0.7367481,0.0018896081,0.050311346,0.0033390855,0.37768385,0.024803232,0.1273177,0.015900675,0.23665147,0.0014046457,"TWOGAUSSIANS_WITH_ELLIPSOIDAL_ON_ECLIPSE1",9,1.6049201,0.7367481,0.0017958409,0.28174353,0.018698879,0.6323172,0.015250018,0.23665147,0.0014046457,0.25734967,0.0195022,0.53939646,0.016623387
375316653866487564,2238187314277238912,0.6019155,2020.4582287117896,1.9602751056481509,5.0557587E-6,13.526208,0.014462538,0.29797783,0.0021931827,0.052936096,0.00451213,0.5176241,0.030382145,0.79407936,0.0010127522,0.040076554,0.0030874014,0.321491,0.032327544,0.11212199,0.01878691,0.79407936,0.0010127522,"TWOGAUSSIANS_WITH_ELLIPSOIDAL_ON_ECLIPSE2",9,631.57166,0.29763782,0.0020035577,0.29644212,0.025267927,0.74174005,0.02752673,0.79407936,0.0010127522,0.2244287,0.017289449,0.54572976,0.012052043
375316653866487564,2238189715160827264,0.5367835,2033.1974095419266,1.621758476267539,7.466365E-6,13.532661,0.094431,0.24580479,0.0034054639,0.1559148,0.029546222,0.15538046,0.08777125,0.73916495,0.002520638,0.16037601,0.029354744,0.15313765,0.08873407,null,null,null,null,"TWOGAUSSIANS",8,15.885365,0.2467648,0.0029172266,0.4,0.0,0.0722712,0.002453224,0.73916495,0.002520638,0.4,0.0,0.06946609,0.0012967049
375316653866487564,2238193460372750464,0.54610944,2042.189707974659,0.22286522223293515,7.998396E-6,16.956633,0.0013240556,0.5400941,5.091734E-4,0.010047668,0.0020996945,0.3076005,0.21288648,0.6888165,0.043639194,0.039912418,0.04078171,0.01119555,0.021254694,null,null,null,null,"TWOGAUSSIANS",8,3.65957,0.5400941,5.091734E-4,0.05626694,0.011758289,0.3076113,0.21288575,0.6888165,0.043639194,0.22350954,0.22837758,0.01119555,0.021254694
375316653866487564,2238208028900368512,0.48671642,1988.9207454973364,3.7820771661963373,1.267272E-5,18.698498,0.020526811,0.10289888,0.0061496156,0.04173982,0.0073180078,0.21823452,0.046899963,0.5538089,0.009903067,0.14032409,0.023203641,0.2220442,0.015180443,null,null,null,null,"TWOGAUSSIANS",8,4.955875,0.5538089,0.009903067,0.4,0.0,0.21805722,0.0136314295,0.10310888,0.0060624913,0.23374301,0.040980846,0.21562672,0.046654467
375316653866487564,2238227343372137344,0.51818407,1977.4920675140659,4.010701468250249,1.6474643E-5,13.381552,0.012676107,0.38935453,0.0045110877,0.0972164,0.007162234,0.26830497,0.017899666,0.8571895,0.005146735,0.088912554,0.0076441066,0.24640816,0.019739753,null,null,null,null,"TWOGAUSSIANS",8,587.9054,0.38935453,0.0045110877,0.4,0.0,0.25966543,0.016966792,0.8571895,0.005146735,0.4,0.0,0.23777096,0.01980937
375316653866487564,2238233837362812032,0.41974282,1984.6683479989983,1.4616866194658364,1.8113358E-5,18.729254,0.036137693,0.21033454,0.008057804,0.010640508,0.007058832,0.15078217,3.8572936,0.58522165,0.020489134,0.20930956,0.07206986,0.109721504,0.03142302,null,null,null,null,"TWOGAUSSIANS",8,5.377258,0.21046454,0.007987873,0.05958684,0.039529458,0.16147396,3.8575313,0.58522165,0.020489134,0.4,0.0,0.09707091,0.010597072
375316653866487564,2238235654130088704,0.484222,1976.2900348789021,2.033073790732475,1.9491921E-5,18.698166,0.008308157,0.208407,0.037788734,0.031322975,0.033640362,0.14404123,0.07595574,0.7276842,0.001850636,0.031444117,0.0017795942,0.48088062,0.016740289,null,null,null,null,"TWOGAUSSIANS",8,10.078804,0.7276842,0.001850636,0.17608705,0.009965728,0.48088062,0.016740264,0.208407,0.037788734,0.17540866,0.18838604,0.14404123,0.075955875
