Gaia/vari_eclipsing_binary/VariEclipsingBinary_674332-674346.csv
# %ECSV 1.0
# ---
# delimiter: ','
# meta: !!omap
# - RELEASE: Gaia DR3
# - TABLE: vari_eclipsing_binary
# - DESCRIPTION: >
#     This table describes the properties of the eclipsing binaries resulting from the variability analysis. 
# - CITATION: >
#     How to cite and acknowledge Gaia: 
#     https://gea.esac.esa.int/archive/documentation/credits.html 
# - KNOWN_ISSUES: >
#     Known issues: 
#     https://www.cosmos.esa.int/web/gaia-users/known-issues 
# - DOCUMENTATION: >
#     Tutorials and documentation: 
#     https://www.cosmos.esa.int/web/gaia-users/archive 
# datatype:
# - 
#   name: solution_id
#   datatype: int64
#   description: Solution Identifier
#   meta:
#     ucd: meta.version
# - 
#   name: source_id
#   datatype: int64
#   description: Unique source identifier
#   meta:
#     ucd: meta.id;meta.main
# - 
#   name: global_ranking
#   datatype: float32
#   description: Number between 0 (worst) and 1 (best)
#   meta:
#     ucd: stat.param
# - 
#   name: reference_time
#   datatype: float64
#   unit: d
#   description: Reference time used for the geometric model fit
#   meta:
#     ucd: time.epoch
# - 
#   name: frequency
#   datatype: float64
#   unit: d**-1
#   description: Frequency of geometric model of the eclipsing binary light curve
#   meta:
#     ucd: src.orbital
# - 
#   name: frequency_error
#   datatype: float32
#   unit: d**-1
#   description: "Uncertainty of \\texttt{frequency}"
#   meta:
#     ucd: stat.error
# - 
#   name: geom_model_reference_level
#   datatype: float32
#   unit: mag
#   description: Magnitude reference level of geometric model
#   meta:
#     ucd: phot.mag;em.opt
# - 
#   name: geom_model_reference_level_error
#   datatype: float32
#   unit: mag
#   description: "Uncertainty of \\texttt{geomModelReferenceLevel}"
#   meta:
#     ucd: stat.error;phot.mag;em.opt
# - 
#   name: geom_model_gaussian1_phase
#   datatype: float32
#   description: Phase of the Gaussian 1 component
#   meta:
#     ucd: time.phase
# - 
#   name: geom_model_gaussian1_phase_error
#   datatype: float32
#   description: "Uncertainty of \\texttt{geomModelGaussian1Phase}"
#   meta:
#     ucd: stat.error;time.phase
# - 
#   name: geom_model_gaussian1_sigma
#   datatype: float32
#   description: "Standard deviation [phase] of Gaussian 1 component"
#   meta:
#     ucd: stat.stdev
# - 
#   name: geom_model_gaussian1_sigma_error
#   datatype: float32
#   description: "Uncertainty of \\texttt{geomModelGaussian1Sigma}"
#   meta:
#     ucd: stat.error
# - 
#   name: geom_model_gaussian1_depth
#   datatype: float32
#   unit: mag
#   description: Magnitude depth of Gaussian 1 component
#   meta:
#     ucd: src.var.amplitude
# - 
#   name: geom_model_gaussian1_depth_error
#   datatype: float32
#   unit: mag
#   description: "Uncertainty of \\texttt{geomModelGaussian1Depth}"
#   meta:
#     ucd: stat.error;src.var.amplitude
# - 
#   name: geom_model_gaussian2_phase
#   datatype: float32
#   description: Phase of Gaussian 2 component
#   meta:
#     ucd: time.phase
# - 
#   name: geom_model_gaussian2_phase_error
#   datatype: float32
#   description: "Uncertainty of \\texttt{geomModelGaussian2Phase}"
#   meta:
#     ucd: stat.error;time.phase
# - 
#   name: geom_model_gaussian2_sigma
#   datatype: float32
[...]
#   datatype: float32
#   description: "Secondary eclipse: uncertainty of \\texttt{derivedSecondaryEclDuration}"
#   meta:
#     ucd: stat.error;time.duration
# - 
#   name: derived_secondary_ecl_depth
#   datatype: float32
#   unit: mag
#   description: "Secondary eclipse: depth"
#   meta:
#     ucd: src.var.amplitude
# - 
#   name: derived_secondary_ecl_depth_error
#   datatype: float32
#   unit: mag
#   description: "Secondary eclipse: uncertainty of \\texttt{derivedSecondaryEclDepth}"
#   meta:
#     ucd: stat.error;src.var.amplitude
solution_id,source_id,global_ranking,reference_time,frequency,frequency_error,geom_model_reference_level,geom_model_reference_level_error,geom_model_gaussian1_phase,geom_model_gaussian1_phase_error,geom_model_gaussian1_sigma,geom_model_gaussian1_sigma_error,geom_model_gaussian1_depth,geom_model_gaussian1_depth_error,geom_model_gaussian2_phase,geom_model_gaussian2_phase_error,geom_model_gaussian2_sigma,geom_model_gaussian2_sigma_error,geom_model_gaussian2_depth,geom_model_gaussian2_depth_error,geom_model_cosine_half_period_amplitude,geom_model_cosine_half_period_amplitude_error,geom_model_cosine_half_period_phase,geom_model_cosine_half_period_phase_error,model_type,num_model_parameters,reduced_chi2,derived_primary_ecl_phase,derived_primary_ecl_phase_error,derived_primary_ecl_duration,derived_primary_ecl_duration_error,derived_primary_ecl_depth,derived_primary_ecl_depth_error,derived_secondary_ecl_phase,derived_secondary_ecl_phase_error,derived_secondary_ecl_duration,derived_secondary_ecl_duration_error,derived_secondary_ecl_depth,derived_secondary_ecl_depth_error
[from data line 399]
375316653866487564,5931564141788708736,0.47464895,2122.097804045549,1.3267398009290206,2.1731692E-5,19.868387,0.0127215525,0.26361892,0.0062246453,0.08327408,0.007466157,0.2787203,0.016927611,0.7783105,0.008212025,0.09332525,0.014059719,0.17829682,0.015053351,null,null,null,null,"TWOGAUSSIANS",8,1.5205721,0.26361892,0.0062246453,0.4,0.0,0.27246502,0.014222325,0.7783105,0.008212025,0.4,0.0,0.17204128,0.013964887
375316653866487564,5931564141872752896,0.6159308,2112.415193518841,2.208378876511216,4.618303E-6,15.73861,0.006248475,0.27062303,0.0019520723,0.107394695,0.0062337806,0.13030148,0.0055376776,0.75949234,0.0012248743,0.105621226,0.0037222311,0.16872649,0.005886508,null,null,null,null,"TWOGAUSSIANS",8,3.9839437,0.75949234,0.0012248743,0.4,0.0,0.15211655,0.002337123,0.27063304,0.0019520723,0.4,0.0,0.11369099,0.001850136
375316653866487564,5931564171863437952,0.49994433,2125.500948013748,1.8826710332945669,1.902626E-5,19.441324,0.0044600386,0.23809995,0.008068934,0.03244499,0.006712487,0.49842513,0.5026976,0.74054646,0.0039673145,0.03465613,0.0019769343,0.5498636,0.055558812,null,null,null,null,"TWOGAUSSIANS",8,2.8513622,0.74054646,0.0039673145,0.19407433,0.011070832,0.5498636,0.055558812,0.23809995,0.008068934,0.18169194,0.037589926,0.49842513,0.5026976
375316653866487564,5931564176232488320,0.52339524,2101.814377972407,2.176127758225033,6.440389E-6,19.831001,0.009028747,0.2892995,0.0024812932,0.0822024,0.0026671386,0.7781007,0.024610152,0.79297143,0.0029871163,0.06100061,0.0025491135,0.39421636,0.012535444,null,null,null,null,"TWOGAUSSIANS",8,2.24491,0.2892995,0.0024812932,0.4,0.0,0.7757317,0.02470741,0.79297143,0.0029871163,0.34160343,0.014275036,0.39184734,0.012112995
375316653866487564,5931564176232488448,0.5867027,2114.3877195840823,0.557777384722181,2.2286779E-6,15.836031,5.5240456E-4,0.30296585,2.564222E-4,0.01137184,7.6881674E-4,0.68068796,0.16092521,0.7275589,0.03841639,0.09395995,0.02579415,0.003485965,0.0010609757,null,null,null,null,"TWOGAUSSIANS",8,2.1903481,0.30296585,2.564222E-4,0.0636823,0.0043053734,0.6806881,0.16092518,0.7275589,0.03841639,0.4,0.0,0.0034859602,0.0010609749
375316653866487564,5931564279311738112,0.59283966,2123.735411659073,3.2426400529461734,4.019378E-6,18.189756,0.010499496,0.22473705,0.0015577984,0.054865483,0.003649317,0.37777328,0.022770518,0.7188157,0.0014799543,0.05049606,0.0033809836,0.26246604,0.02316801,0.0974954,0.014031869,0.22473705,0.0015577984,"TWOGAUSSIANS_WITH_ELLIPSOIDAL_ON_ECLIPSE1",9,5.1672764,0.22473705,0.0015577984,0.3072467,0.020436175,0.57275105,0.013075766,0.7195857,0.0012348312,0.28277794,0.018933509,0.45720905,0.008544609
375316653866487564,5931564279318081408,0.48811796,2118.6046308601976,3.46078684263598,1.9499883E-5,17.640383,0.012787223,0.23543136,0.0059891106,0.08545325,0.009407318,0.22015369,0.014897737,0.7084726,0.004488166,0.09332028,0.009483735,0.26626205,0.01912801,null,null,null,null,"TWOGAUSSIANS",8,22.477396,0.7084726,0.004488166,0.4,0.0,0.25995693,0.019909665,0.23543136,0.0059891106,0.4,0.0,0.21384923,0.013256245
375316653866487564,5931564691628590848,0.660271,2101.4637953747933,2.2061655963674163,3.3779804E-6,18.009005,0.007694478,0.26944637,0.0010090709,0.061476234,0.0034035847,0.2192395,0.01747106,0.76897174,0.0011250093,0.05758333,0.0023627246,0.27369526,0.015849926,0.10091967,0.008776103,0.26944637,0.0010090709,"TWOGAUSSIANS_WITH_ELLIPSOIDAL_ON_ECLIPSE1",9,1.2822342,0.76905173,9.393671E-4,0.32246664,0.013231258,0.47545496,0.0037534856,0.26944637,0.0010090709,0.34426692,0.019060075,0.42100072,0.0074678077
375316653866487564,5931564932063050880,0.51946414,2121.9772641843256,2.6138859509350856,9.917228E-6,18.404976,0.018190594,0.27057552,0.006954752,0.04581931,0.008455495,0.19246306,0.045921884,0.75888264,0.0024194454,0.053317763,0.0078107915,0.20371899,0.04596123,0.12815095,0.028804373,0.75888264,0.0024194454,"TWOGAUSSIANS_WITH_ELLIPSOIDAL_ON_ECLIPSE2",9,15.169375,0.75888264,0.0024194454,0.29857945,0.043740433,0.46001732,0.017839508,0.26846552,0.0057588844,0.25658813,0.04735077,0.44762936,0.019357381
375316653866487564,5931564966506557696,0.6294666,2127.491221886255,1.2236682790598588,2.2294294E-6,17.002457,0.004385657,0.2884897,5.2055955E-4,0.035022963,0.0024818308,1.1723017,0.09090818,0.7865064,0.0042231297,0.03514836,0.0037079428,0.10319805,0.010068456,0.018329091,0.0056025777,0.2884897,5.2055955E-4,"TWOGAUSSIANS_WITH_ELLIPSOIDAL_ON_ECLIPSE1",9,10.476465,0.2884897,5.2055955E-4,0.19612859,0.0138982525,1.2089599,0.09906844,0.78657645,0.0040898207,0.19683082,0.02076448,0.13985072,0.0033662145
375316653866487564,5931565477503361536,0.6073733,2127.136608530975,3.2780401961416743,4.088926E-6,18.151522,0.007757855,0.22466083,0.0013193325,0.045038916,0.0050176852,0.27108082,0.019488573,0.7232844,0.0017361753,0.04723476,0.0029238793,0.36705732,0.023666644,0.12347661,0.009767368,0.22466083,0.0013193325,"TWOGAUSSIANS_WITH_ELLIPSOIDAL_ON_ECLIPSE1",9,3.6424208,0.7234344,0.0014964346,0.26451465,0.016373724,0.6139933,0.023833422,0.22466083,0.0013193325,0.25221792,0.028099038,0.5180333,0.025292814
375316653866487564,5931565855452701184,0.6369471,2117.6236189007473,2.2476751032182065,4.6254836E-6,16.629374,0.009027995,0.22600237,0.0013307699,0.04711389,0.0026653025,0.3744046,0.02009083,0.7259744,0.0020168712,0.05182896,0.003388233,0.42967182,0.031214453,0.110426,0.009854968,0.22600237,0.0013307699,"TWOGAUSSIANS_WITH_ELLIPSOIDAL_ON_ECLIPSE1",9,17.905209,0.7259744,0.001973918,0.2902422,0.018974105,0.6505197,0.034490515,0.22600237,0.0013307699,0.26383778,0.014925694,0.5952525,0.012309571
375316653866487564,5931566100294751104,0.46283674,2129.5928094308206,2.2375567206506295,2.4221412E-5,18.744904,0.0022993146,null,null,null,null,null,null,null,null,null,null,null,null,0.053531673,0.0029521189,0.23348868,0.0047752457,"ELLIPSOIDAL",4,2.5887885,null,null,null,null,null,null,null,null,null,null,null,null
375316653866487564,5931566134737776128,0.45881402,2107.1402712249273,2.766695443672472,4.327415E-5,18.383741,0.02100831,0.26029786,0.012408712,0.09568393,0.017030848,0.22300965,0.023642369,0.7798889,0.0066712033,0.08880686,0.013343616,0.22500694,0.01974615,null,null,null,null,"TWOGAUSSIANS",8,12.88345,0.7798889,0.0066713765,0.4,0.0,0.2165257,0.0136990445,0.26029786,0.012408712,0.4,0.0,0.2145277,0.01617702
375316653866487564,5931566237734350464,0.45019445,2130.5162966053613,2.830189379084191,4.147672E-5,19.517706,0.07577857,0.2728858,0.006391954,0.09439691,0.026323112,0.2726516,0.066757776,0.7622521,0.010972722,0.11753221,0.03882942,0.23904075,0.06807399,null,null,null,null,"TWOGAUSSIANS",8,3.315941,0.2729058,0.0064953603,0.4,0.0,0.24514662,0.015760094,0.7622521,0.010972722,0.4,0.0,0.2114761,0.016473338
375316653866487564,5931566473935644672,0.4990089,2083.3809842303262,0.7295126261989594,3.0997522E-5,18.382494,0.096506685,0.32745498,0.12952532,0.08998002,0.23571314,0.046250824,0.09406809,0.5512951,6.780312E-4,0.037662547,0.0037563469,0.6344038,0.0606654,null,null,null,null,"TWOGAUSSIANS",8,9.14757,0.5512951,6.780312E-4,0.21091026,0.021035543,0.6364994,0.06984076,0.32745498,0.22163706,0.4,0.0,0.04625082,0.61680245
375316653866487564,5931567749645701376,0.4931461,2101.893648518321,0.777972183688776,5.9903254E-5,17.324883,0.002315411,0.20797351,0.0077267955,0.022815226,0.0059403717,0.04329773,0.0058438606,0.7090817,0.007091526,0.03786884,0.006363572,0.39625415,0.05001043,null,null,null,null,"TWOGAUSSIANS",8,8.44221,0.7090817,0.007091526,0.2120655,0.035636004,0.39625415,0.05001043,0.20797351,0.0077267955,0.12776527,0.03326608,0.04329773,0.0058438606
375316653866487564,5931567749645711872,0.51385885,2117.1781275153753,0.29944162744729674,4.943971E-6,15.654762,0.0021708678,0.31351462,0.0010111543,0.009938772,9.800834E-4,0.32017985,0.01749619,0.8106731,0.0034200065,0.020428304,0.0047818143,0.05961843,0.010055176,null,null,null,null,"TWOGAUSSIANS",8,69.815025,0.31351462,0.0010111543,0.05565712,0.005488467,0.32017985,0.01749619,0.8106731,0.0034200065,0.1143985,0.026778162,0.05961843,0.010055176
375316653866487564,5931567955804116480,0.62659645,2118.044412275426,1.765779384860297,2.7749086E-6,15.823625,0.0031738312,0.28232527,0.0023870158,0.089504704,0.0035107345,0.16407757,0.0036752636,0.7748263,5.030143E-4,0.0872513,0.0011223721,0.2989351,0.0031742859,null,null,null,null,"TWOGAUSSIANS",8,8.984475,0.7748263,5.030143E-4,0.4,0.0,0.29182896,0.0024598576,0.28232527,0.0023870158,0.4,0.0,0.15697142,0.003345521
375316653866487564,5931568368121098752,0.6002995,2120.69417250015,0.32446652013679145,7.169309E-6,16.351175,0.001004497,0.25297156,7.1160286E-4,0.024912465,7.534617E-4,0.20826052,0.0055407234,0.7556333,0.0012949116,0.023574833,0.0013194522,0.06632362,0.0028369566,0.02042327,0.0016963291,0.25297156,7.1160286E-4,"TWOGAUSSIANS_WITH_ELLIPSOIDAL_ON_ECLIPSE1",9,4.599004,0.25297156,7.1160286E-4,0.1395098,0.0042193853,0.24910706,0.005506674,0.7556333,0.0012949116,0.13201907,0.007388932,0.107158735,0.002107051
375316653866487564,5931568402480842496,0.53484046,2130.759432132976,4.0226919968388035,2.1134443E-5,12.699409,0.0064343414,0.37220684,0.008872189,0.053569674,0.007486208,0.1928352,0.0299094,0.88986427,0.00543928,0.03314112,0.0072366185,0.09880771,0.017089223,0.11090598,0.016789211,0.88986427,0.00543928,"TWOGAUSSIANS_WITH_ELLIPSOIDAL_ON_ECLIPSE2",9,1497.9724,0.37584683,0.006394443,0.29999018,0.041922763,0.41248515,0.027124872,0.88986427,0.00543928,0.18559028,0.040525064,0.32061848,0.024122942
375316653866487564,5931568539919797504,0.5371689,2126.7470138380872,2.738577293495149,1.00904535E-5,17.364332,0.005581092,0.23874745,0.0028235123,0.051221494,0.013346692,0.06513187,0.01652129,0.716324,0.012723037,0.02207577,0.027697105,0.049302295,0.012332042,0.09312931,0.0074386997,0.23874745,0.0028235123,"TWOGAUSSIANS_WITH_ELLIPSOIDAL_ON_ECLIPSE1",9,11.774602,0.23874745,0.0028235123,0.28684038,0.07474147,0.25138962,0.011234187,0.71916395,0.014306581,0.12362432,0.15510379,0.23234789,0.019517917
375316653866487564,5931568642917602176,0.4700505,2117.5777836246257,0.5980855281028088,3.4947105E-5,18.774815,0.0038606168,0.30689704,0.002370321,0.018316943,0.0021643615,0.5948084,0.07788351,0.7947247,0.003827353,0.021573834,0.0032257047,0.48128626,0.021702435,null,null,null,null,"TWOGAUSSIANS",8,8.8283415,0.30689704,0.002370321,0.10257488,0.012120424,0.5948084,0.07788351,0.7947247,0.003827353,0.120813474,0.018063946,0.48128626,0.021702435
375316653866487564,5931568814797754624,0.54908854,2116.068690382079,2.2254784532831446,1.0985849E-5,18.94399,0.009665508,0.26346606,0.0031094179,0.091288276,0.0051611857,0.32554975,0.015263068,0.76367456,0.0027420365,0.09136763,0.005464455,0.3168043,0.012238683,null,null,null,null,"TWOGAUSSIANS",8,1.789156,0.26346606,0.0031094179,0.4,0.0,0.3104401,0.015462739,0.76367456,0.0027420365,0.4,0.0,0.3016946,0.012951968
375316653866487564,5931568917795556992,0.43728426,2107.0850591501735,0.20281511613715514,2.4239755E-5,18.059483,0.0036728417,0.50729495,8.989309E-4,0.004040688,4.4418676E-4,0.25816596,0.035760086,0.7959942,0.008795899,0.007843976,0.011637049,0.28447253,0.23958278,0.0152085135,0.0057502678,0.7959942,0.008795899,"TWOGAUSSIANS_WITH_ELLIPSOIDAL_ON_ECLIPSE2",9,16.962029,0.7959942,0.008795899,0.043926265,0.06516747,0.31488955,0.23955436,0.507285,9.0827985E-4,0.022627851,0.0024874457,0.25992927,0.03589781
375316653866487564,5931568952155263744,0.5536153,2122.2630571651343,2.2376528719292668,5.0298245E-6,18.865423,0.004968398,0.2828902,0.0011570397,0.03935047,0.001455375,0.5759709,0.016366228,0.7814842,0.0018458408,0.038408455,0.0016920718,0.42156065,0.021273471,null,null,null,null,"TWOGAUSSIANS",8,6.0964627,0.2828902,0.0011570397,0.22036262,0.0081501,0.5759709,0.016366228,0.7814842,0.0018458408,0.21508734,0.009475602,0.42156065,0.021273471
375316653866487564,5931569055234532096,0.507243,2133.696513171677,1.354656850686791,2.4920411E-5,19.039246,0.006488881,0.1786012,0.0046863505,0.04944594,0.0046463343,0.33505952,0.019519884,0.66882706,0.0063738977,0.06713434,0.0064660623,0.17799345,0.01232345,null,null,null,null,"TWOGAUSSIANS",8,3.9995716,0.1786012,0.0046863505,0.27689725,0.026019473,0.3350273,0.019517029,0.66882706,0.0063738977,0.37595233,0.03620995,0.17796122,0.012319647
375316653866487564,5931569364553629184,0.5789922,2130.7951413870883,1.4849942750172236,5.9548593E-6,17.541792,0.0035968528,0.2695017,0.0014131498,0.08801558,0.0021980195,0.22647943,0.004121125,0.7692306,0.0018153968,0.09702257,0.0029694305,0.18529886,0.0038074022,null,null,null,null,"TWOGAUSSIANS",8,2.0347576,0.2695017,0.0014131498,0.4,0.0,0.21596369,0.0033903264,0.7692306,0.0018153968,0.4,0.0,0.17478253,0.003191805
375316653866487564,5931569845509189504,0.5079204,2128.096616761852,2.8791487685298236,1.5261729E-5,19.105032,0.019091675,0.26007783,0.0045305453,0.092348345,0.0080372365,0.26008067,0.02115486,0.7548235,0.0031830606,0.100695685,0.009120347,0.3035771,0.016117666,null,null,null,null,"TWOGAUSSIANS",8,2.9810882,0.7548235,0.0031830606,0.4,0.0,0.28524533,0.012110442,0.26007783,0.0045305453,0.4,0.0,0.24175145,0.01574783
375316653866487564,5931569879949728512,0.4357685,2127.8808107576856,0.794285140934686,4.3604818E-5,17.190664,0.0035755977,0.3384774,0.011257227,0.077906355,0.021414086,0.058648735,0.011253024,0.8127534,0.009842866,0.061068296,0.021392943,0.019159462,0.005729849,null,null,null,null,"TWOGAUSSIANS",8,4.6802506,0.3384774,0.011257227,0.4,0.053229596,0.058593515,0.011376454,0.8127534,0.009842866,0.34198245,0.11001102,0.019104244,0.005759832
375316653866487564,5931570017308095616,0.5089176,2117.8095371667487,2.4788537019926395,1.1787064E-5,19.881306,0.011592011,0.16705206,0.0025564062,0.07955836,0.00412536,0.3551318,0.014468361,0.66196036,0.004028912,0.084779985,0.0063755563,0.35946184,0.016177356,null,null,null,null,"TWOGAUSSIANS",8,1.5212903,0.66196036,0.004028912,0.4,0.0,0.35311347,0.015921945,0.16705206,0.0025564062,0.4,0.0,0.34878343,0.013353143
375316653866487564,5931570601424243712,0.55468565,2122.383076180803,3.3427341536316484,8.210931E-6,18.921217,0.007788278,0.2754742,0.0022408438,0.048454124,0.00807435,0.14384098,0.018832471,0.7698458,0.007007752,0.042503055,0.00708708,0.0911623,0.017454088,0.11856579,0.009206535,0.2754742,0.0022408438,"TWOGAUSSIANS_WITH_ELLIPSOIDAL_ON_ECLIPSE1",9,2.4895055,0.2754742,0.0022408438,0.27134308,0.045216355,0.3809723,0.015072624,0.7713658,0.004953028,0.23801711,0.03968765,0.32807738,0.0051021934
375316653866487564,5931571048101938432,0.4859955,2123.166690477531,3.3005506067463055,1.1259908E-5,19.666656,0.012388109,0.22676603,0.003997888,0.06712887,0.0050275796,0.48663366,0.03457261,0.72847915,0.002392033,0.070470706,0.0041549793,0.4158604,0.02184577,null,null,null,null,"TWOGAUSSIANS",8,4.891899,0.22676603,0.003997888,0.37592167,0.028154446,0.4854693,0.034839027,0.72847915,0.002392033,0.39463598,0.018791202,0.4146961,0.021851376
375316653866487564,5931571185619967360,0.5371692,2125.022894472971,3.1667401271396978,1.6907783E-5,17.056555,0.018018395,0.28211328,0.0026749368,0.048553493,0.018065922,0.10131687,0.032704297,0.7735196,0.009671654,0.047010895,0.012551116,0.11809884,0.03797077,0.09839688,0.020422721,0.28211328,0.0026749368,"TWOGAUSSIANS_WITH_ELLIPSOIDAL_ON_ECLIPSE1",9,27.625137,0.7754595,0.0075784083,0.26326102,0.07028625,0.31444806,0.0057365536,0.28211328,0.0026749368,0.27189955,0.10116916,0.29811037,0.011243559
375316653866487564,5931571288619225216,0.54934883,2125.4826675566264,2.447067563035527,8.532147E-6,17.88041,0.035781648,0.27997762,0.002868948,0.113213,0.013195916,0.23778549,0.032950044,0.75943434,0.004179187,0.12605107,0.015953662,0.25127968,0.032066483,null,null,null,null,"TWOGAUSSIANS",8,3.8799896,0.75943434,0.004179187,0.4,0.0,0.20546275,0.0074399835,0.28018764,0.0028102847,0.4,0.0,0.19216368,0.00411072
