Gaia/vari_eclipsing_binary/VariEclipsingBinary_603326-603387.csv
# %ECSV 1.0
# ---
# delimiter: ','
# meta: !!omap
# - RELEASE: Gaia DR3
# - TABLE: vari_eclipsing_binary
# - DESCRIPTION: >
#     This table describes the properties of the eclipsing binaries resulting from the variability analysis. 
# - CITATION: >
#     How to cite and acknowledge Gaia: 
#     https://gea.esac.esa.int/archive/documentation/credits.html 
# - KNOWN_ISSUES: >
#     Known issues: 
#     https://www.cosmos.esa.int/web/gaia-users/known-issues 
# - DOCUMENTATION: >
#     Tutorials and documentation: 
#     https://www.cosmos.esa.int/web/gaia-users/archive 
# datatype:
# - 
#   name: solution_id
#   datatype: int64
#   description: Solution Identifier
#   meta:
#     ucd: meta.version
# - 
#   name: source_id
#   datatype: int64
#   description: Unique source identifier
#   meta:
#     ucd: meta.id;meta.main
# - 
#   name: global_ranking
#   datatype: float32
#   description: Number between 0 (worst) and 1 (best)
#   meta:
#     ucd: stat.param
# - 
#   name: reference_time
#   datatype: float64
#   unit: d
#   description: Reference time used for the geometric model fit
#   meta:
#     ucd: time.epoch
# - 
#   name: frequency
#   datatype: float64
#   unit: d**-1
#   description: Frequency of geometric model of the eclipsing binary light curve
#   meta:
#     ucd: src.orbital
# - 
#   name: frequency_error
#   datatype: float32
#   unit: d**-1
#   description: "Uncertainty of \\texttt{frequency}"
#   meta:
#     ucd: stat.error
# - 
#   name: geom_model_reference_level
#   datatype: float32
#   unit: mag
#   description: Magnitude reference level of geometric model
#   meta:
#     ucd: phot.mag;em.opt
# - 
#   name: geom_model_reference_level_error
#   datatype: float32
#   unit: mag
#   description: "Uncertainty of \\texttt{geomModelReferenceLevel}"
#   meta:
#     ucd: stat.error;phot.mag;em.opt
# - 
#   name: geom_model_gaussian1_phase
#   datatype: float32
#   description: Phase of the Gaussian 1 component
#   meta:
#     ucd: time.phase
# - 
#   name: geom_model_gaussian1_phase_error
#   datatype: float32
#   description: "Uncertainty of \\texttt{geomModelGaussian1Phase}"
#   meta:
#     ucd: stat.error;time.phase
# - 
#   name: geom_model_gaussian1_sigma
#   datatype: float32
#   description: "Standard deviation [phase] of Gaussian 1 component"
#   meta:
#     ucd: stat.stdev
# - 
#   name: geom_model_gaussian1_sigma_error
#   datatype: float32
#   description: "Uncertainty of \\texttt{geomModelGaussian1Sigma}"
#   meta:
#     ucd: stat.error
# - 
#   name: geom_model_gaussian1_depth
#   datatype: float32
#   unit: mag
#   description: Magnitude depth of Gaussian 1 component
#   meta:
#     ucd: src.var.amplitude
# - 
#   name: geom_model_gaussian1_depth_error
#   datatype: float32
#   unit: mag
#   description: "Uncertainty of \\texttt{geomModelGaussian1Depth}"
#   meta:
#     ucd: stat.error;src.var.amplitude
# - 
#   name: geom_model_gaussian2_phase
#   datatype: float32
#   description: Phase of Gaussian 2 component
#   meta:
#     ucd: time.phase
# - 
#   name: geom_model_gaussian2_phase_error
#   datatype: float32
#   description: "Uncertainty of \\texttt{geomModelGaussian2Phase}"
#   meta:
#     ucd: stat.error;time.phase
# - 
#   name: geom_model_gaussian2_sigma
#   datatype: float32
[...]
#   datatype: float32
#   description: "Secondary eclipse: uncertainty of \\texttt{derivedSecondaryEclDuration}"
#   meta:
#     ucd: stat.error;time.duration
# - 
#   name: derived_secondary_ecl_depth
#   datatype: float32
#   unit: mag
#   description: "Secondary eclipse: depth"
#   meta:
#     ucd: src.var.amplitude
# - 
#   name: derived_secondary_ecl_depth_error
#   datatype: float32
#   unit: mag
#   description: "Secondary eclipse: uncertainty of \\texttt{derivedSecondaryEclDepth}"
#   meta:
#     ucd: stat.error;src.var.amplitude
solution_id,source_id,global_ranking,reference_time,frequency,frequency_error,geom_model_reference_level,geom_model_reference_level_error,geom_model_gaussian1_phase,geom_model_gaussian1_phase_error,geom_model_gaussian1_sigma,geom_model_gaussian1_sigma_error,geom_model_gaussian1_depth,geom_model_gaussian1_depth_error,geom_model_gaussian2_phase,geom_model_gaussian2_phase_error,geom_model_gaussian2_sigma,geom_model_gaussian2_sigma_error,geom_model_gaussian2_depth,geom_model_gaussian2_depth_error,geom_model_cosine_half_period_amplitude,geom_model_cosine_half_period_amplitude_error,geom_model_cosine_half_period_phase,geom_model_cosine_half_period_phase_error,model_type,num_model_parameters,reduced_chi2,derived_primary_ecl_phase,derived_primary_ecl_phase_error,derived_primary_ecl_duration,derived_primary_ecl_duration_error,derived_primary_ecl_depth,derived_primary_ecl_depth_error,derived_secondary_ecl_phase,derived_secondary_ecl_phase_error,derived_secondary_ecl_duration,derived_secondary_ecl_duration_error,derived_secondary_ecl_depth,derived_secondary_ecl_depth_error
[from data line 253]
375316653866487564,5307120835174535808,0.61498296,2107.5572157816996,0.6961517038216039,4.439909E-6,18.279291,0.0014466479,0.25017923,9.224042E-4,0.02158509,0.0010730177,0.42272788,0.022553239,0.74929863,0.0010551736,0.02305547,8.705455E-4,0.43773937,0.017030552,null,null,null,null,"TWOGAUSSIANS",8,1.2428976,0.74929863,0.0010551736,0.12911063,0.004875055,0.43773937,0.017030552,0.25017923,9.224042E-4,0.120876506,0.0060088993,0.42272788,0.022553239
375316653866487564,5307121110043003904,0.5305173,2069.282792420428,3.5044812450919873,2.573966E-5,18.232714,0.025424771,0.25997594,0.005034606,0.08351049,0.008201801,0.4277382,0.02341129,0.73954624,0.0068949694,0.09444466,0.009638912,0.60855544,0.03350027,null,null,null,null,"TWOGAUSSIANS",8,17.509428,0.73954624,0.0068949694,0.4,0.0,0.5942632,0.031822916,0.25997594,0.005034606,0.4,0.0,0.41344756,0.017447928
375316653866487564,5307122042071533184,0.68279177,2088.2586955284396,0.38664230433674496,4.7069097E-6,14.495645,8.9823233E-4,0.16552916,5.959777E-4,0.013473736,6.376315E-4,0.4732977,0.014313841,0.6661697,5.730478E-4,0.012314243,6.2039355E-4,0.68983626,0.038467396,0.0018625289,0.0013745561,0.16552916,5.959777E-4,"TWOGAUSSIANS_WITH_ELLIPSOIDAL_ON_ECLIPSE1",9,25.664173,0.6661697,5.730478E-4,0.068959765,0.0034742039,0.69356126,0.0390139,0.16552916,5.959777E-4,0.075452924,0.0035707364,0.47702274,0.0140872365
375316653866487564,5307122694906602112,0.5561655,2115.7067123837314,0.7163689202608893,2.135192E-5,16.862,0.0032596972,0.23211849,0.0034095435,0.037497643,0.0045027724,0.046419214,0.0099730315,0.73222554,0.006760039,0.045101754,0.009845723,0.12330571,0.0123621235,0.030053416,0.004191897,0.23211849,0.0034095435,"TWOGAUSSIANS_WITH_ELLIPSOIDAL_ON_ECLIPSE1",9,5.5840507,0.73222554,0.006435661,0.25256982,0.055136047,0.18341245,0.011029228,0.23211849,0.0034095435,0.2099868,0.025215523,0.10652597,0.006588652
375316653866487564,5307122935408908672,0.5378741,2035.1438661691102,2.4287427126322623,7.437569E-6,18.15157,0.020866696,0.29313517,0.0031788386,0.0942751,0.0068540606,0.3246637,0.02061677,0.8007895,0.0026683882,0.103190675,0.008900015,0.30436605,0.01863554,null,null,null,null,"TWOGAUSSIANS",8,4.3864026,0.29313517,0.0031788386,0.4,0.0,0.30165535,0.013541917,0.8007895,0.0026683882,0.4,0.0,0.2813531,0.012105956
375316653866487564,5307123412149626624,0.5328936,2089.638821359664,2.8515081909083406,1.0249518E-5,18.426704,0.017152922,0.24618782,0.0045974674,0.09060876,0.007762509,0.36379054,0.02215343,0.75528526,0.0040767095,0.08636362,0.005787317,0.36683396,0.028424019,null,null,null,null,"TWOGAUSSIANS",8,9.299803,0.75528526,0.0040767095,0.4,0.0,0.35517853,0.028010642,0.24618782,0.0045974674,0.4,0.0,0.35213494,0.021023307
375316653866487564,5307124206734865024,0.53457147,2109.6599588450003,3.0461041497956827,5.202338E-6,14.888762,0.026509864,0.2794149,0.0022018787,0.09581837,0.008824494,0.2761488,0.023924509,0.7906109,0.0029689807,0.11460093,0.014258349,0.25203627,0.02029979,null,null,null,null,"TWOGAUSSIANS",8,84.297676,0.27939487,0.0022016177,0.4,0.0,0.24887249,0.0096483445,0.7906109,0.0029689807,0.4,0.0,0.22472046,0.015722234
375316653866487564,5307124241078960000,0.45784935,2087.8130437818463,2.5281244607518403,3.1667732E-5,19.64423,0.017053353,0.242594,0.007817466,0.05348994,0.010522616,0.25472093,0.050125644,0.7613773,0.015194652,0.06959388,0.019539505,0.31908664,0.022483248,null,null,null,null,"TWOGAUSSIANS",8,5.165031,0.7613773,0.015194652,0.38972571,0.07453927,0.319007,0.02247746,0.242594,0.007817466,0.29954365,0.058926653,0.2546413,0.050175842
375316653866487564,5307124344159082496,0.5256757,2124.7325796326522,1.0362874132788926,1.5182734E-5,19.616468,0.0056733587,0.28654397,0.004176687,0.052843794,0.00666831,0.100748904,0.0067271227,0.7819089,0.009301972,0.039655432,0.006577098,0.78669554,0.26937813,null,null,null,null,"TWOGAUSSIANS",8,1.2340147,0.7819089,0.009301972,0.22207041,0.036831748,0.78669536,0.26937923,0.28654397,0.004176687,0.29592526,0.037342537,0.10074874,0.0067268373
375316653866487564,5307124614737383040,0.50468886,2093.6426113193365,2.883278255288005,1.1635274E-5,19.11867,0.013905,0.23150808,0.00680341,0.08935509,0.00933242,0.295287,0.016266756,0.73381484,0.0035737078,0.084947154,0.0064874636,0.28174406,0.018186137,null,null,null,null,"TWOGAUSSIANS",8,1.8876625,0.23150808,0.00680341,0.4,0.0,0.2862116,0.01411681,0.73381484,0.0035737078,0.4,0.0,0.27266875,0.017692206
375316653866487564,5307124790834872832,0.48419812,2094.0408004861356,3.2053355062433257,3.505408E-5,19.724705,0.009600433,0.2670396,0.008709671,0.070227206,0.009380664,0.1801702,0.011781327,0.7646156,0.007844396,0.082203016,0.009313832,0.1869004,0.022342874,null,null,null,null,"TWOGAUSSIANS",8,1.5108786,0.7646156,0.007844396,0.4,0.0,0.1852981,0.02253919,0.2670396,0.008709671,0.39327234,0.050546877,0.1785679,0.011052569
375316653866487564,5307124893914119040,0.5586374,2053.7853675878982,1.6092018168824016,1.3568894E-5,19.453926,0.008816452,0.18620792,0.0020222142,0.025534887,0.0025216595,0.8451324,0.1494909,0.6983113,0.026736833,0.019629123,0.015010261,0.69672215,0.5473442,null,null,null,null,"TWOGAUSSIANS",8,2.935896,0.18620792,0.0020222142,0.14299536,0.014121293,0.8451324,0.1494909,0.6983113,0.026736833,0.109923095,0.08405746,0.69672215,0.5473442
375316653866487564,5307125065728387584,0.480178,2025.6540504156062,0.19953373933985954,1.7511187E-4,19.642128,0.019073993,0.27764007,0.011976461,0.021918967,0.007045247,1.4447898,0.2601765,0.6692138,0.028954556,0.08515484,0.019255415,0.122206494,0.027430274,null,null,null,null,"TWOGAUSSIANS",8,6.068857,0.27764007,0.011976461,0.12274622,0.039453384,1.4447929,0.2601667,0.6692138,0.028954556,0.4,0.0,0.122206464,0.027430238
375316653866487564,5307126199599762048,0.4598756,2099.594877301692,1.7003865233211848,1.8077475E-5,17.251114,0.0035491416,null,null,null,null,null,null,null,null,null,null,null,null,0.05181095,0.005885663,0.27293393,0.006047406,"ELLIPSOIDAL",4,19.409767,null,null,null,null,null,null,null,null,null,null,null,null
375316653866487564,5307126538881521280,0.4463305,2062.9007570603344,0.14477503950481108,5.5208962E-5,18.542257,0.0029279138,0.35779086,0.003500152,0.007895764,0.004679106,0.22150841,0.14852722,0.7649999,0.021691864,0.015461356,0.06500498,0.014293327,12.011195,0.01536736,0.0042725485,0.7649999,0.021691864,"TWOGAUSSIANS_WITH_ELLIPSOIDAL_ON_ECLIPSE2",9,3.6229815,0.35774085,0.0035111755,0.044216275,0.026202995,0.24293172,0.14911193,0.7649999,0.021691864,0.0865836,0.34826964,0.045028046,12.010094
375316653866487564,5307126818074836864,0.54712343,2097.084868413092,0.403860451913127,9.953645E-6,16.470818,0.0017606267,0.30710298,0.0015077475,0.027365096,0.0016563644,0.15882626,0.008373913,0.92342514,0.044112615,0.011333564,0.015782766,0.010715899,0.07202873,null,null,null,null,"TWOGAUSSIANS",8,3.532179,0.30710298,0.0015077475,0.15324454,0.00927564,0.15882626,0.008373913,0.92342514,0.044112615,0.063467965,0.088383496,0.010715899,0.07202873
375316653866487564,5307127161656698624,0.52976286,2077.956540311014,3.6665002248258576,1.3124266E-5,18.612438,0.0035805511,0.24404244,0.014140469,0.020663004,0.010317361,0.028813291,0.03281727,0.8157615,0.0024089352,0.02682854,0.00611043,0.2514816,0.013956062,null,null,null,null,"TWOGAUSSIANS",8,2.3263762,0.8157615,0.0024089352,0.15023983,0.03421841,0.2514816,0.013956062,0.24404244,0.014140469,0.11571283,0.057777222,0.028813291,0.03281727
375316653866487564,5307128158109300352,0.66859657,2097.07906628231,2.2593356957032236,1.9293245E-6,15.626099,0.004454819,0.16106112,6.3484005E-4,0.054023996,0.0031334665,0.13611095,0.011461257,0.66132474,0.0017093928,0.054363787,0.0034479112,0.111270726,0.011447174,0.09976786,0.0074330964,0.16106112,6.3484005E-4,"TWOGAUSSIANS_WITH_ELLIPSOIDAL_ON_ECLIPSE1",9,6.9715967,0.16106112,6.3484005E-4,0.30253437,0.017547412,0.33564052,0.0058758273,0.66132474,0.0015982912,0.30443722,0.019308303,0.31079975,0.0039213835
375316653866487564,5307128432982443264,0.63038766,2073.0154346875624,0.7096641793175443,5.5900596E-6,18.080538,0.001256126,0.51449794,8.141814E-4,0.028076213,9.450304E-4,0.60763305,0.02697362,null,null,null,null,null,null,null,null,null,null,"ONEGAUSSIAN",5,1.801504,0.51449794,8.141814E-4,0.15722679,0.00529217,0.60763305,0.0,null,null,null,null,null,null
375316653866487564,5307128669191070208,0.54378176,2115.7115721731843,0.5647913810253543,5.5587276E-5,18.76613,0.0029400086,0.5029956,0.01689521,0.025609553,0.010735668,0.5727215,0.47832564,0.6791181,0.015945464,0.029982721,0.012324012,0.020495174,0.013273935,null,null,null,null,"TWOGAUSSIANS",8,2.4205103,0.5029956,0.01689521,0.1434135,0.060119744,0.5727215,0.47832564,0.6791181,0.015945464,0.16790324,0.06901447,0.020495174,0.013273935
375316653866487564,5307128776579846784,0.47319317,2117.678308081198,0.6514184720070941,5.9335784E-6,14.845845,0.0065387674,0.3357312,0.016356794,0.02686703,0.0095002055,0.31695375,0.080185674,0.82120067,8.2004047E-4,0.01923468,0.0017452063,0.29647645,0.034345895,null,null,null,null,"TWOGAUSSIANS",8,763.88495,0.3357312,0.016356794,0.15045537,0.05320115,0.31695375,0.080185674,0.82120067,8.2004047E-4,0.107714206,0.009773155,0.29647645,0.034345895
375316653866487564,5307129429414910336,0.6646194,2093.572258791628,0.2341293606521726,1.6690907E-5,16.88657,0.0011104051,0.13778889,0.001045092,0.02520466,0.0010309888,0.5371296,0.015480582,0.6371856,0.004060643,0.0218089,0.0021995914,0.5227213,0.033908166,null,null,null,null,"TWOGAUSSIANS",8,3.2327886,0.13778889,0.001045092,0.14114611,0.0057735373,0.5371296,0.015480582,0.6371856,0.004060643,0.122129835,0.0123177115,0.5227213,0.033908166
375316653866487564,5307130872523766272,0.5052536,2088.899465409668,0.2616616277350345,3.2065673E-5,14.103051,0.0045208097,0.33316478,0.020419143,0.03307161,0.040862013,0.14619543,0.06761546,null,null,null,null,null,null,0.019260386,0.0030492803,0.33316478,0.020419143,"ONEGAUSSIAN_WITH_ELLIPSOIDAL",6,95.55594,0.33316478,0.020419143,0.18520103,0.21206467,0.1847162,0.07110432,null,null,null,null,null,null
375316653866487564,5307130936928508800,0.54946506,2079.305935059378,2.8771384794250277,7.4453496E-6,16.430355,0.004583544,0.2423708,0.0025210446,0.09463994,0.0054346602,0.08777615,0.0044906205,0.7388182,0.003701307,0.10077354,0.0069989986,0.09542539,0.004690237,null,null,null,null,"TWOGAUSSIANS",8,2.932913,0.7388182,0.003701307,0.4,0.0,0.08880334,0.0023462218,0.2423708,0.0025210446,0.4,0.0,0.081154816,0.0024167434
375316653866487564,5307131765877445888,0.5952225,2121.9261985914372,0.37846445345816776,9.975248E-7,16.429218,0.0012542733,0.39020592,0.013605372,0.01849861,0.011666992,0.3081072,1.2024317,0.87327266,1.3957742E-6,0.007913888,4.4866378E-5,0.5955359,0.0025572344,null,null,null,null,"TWOGAUSSIANS",8,6.827301,0.87327266,1.3957742E-6,0.044317774,2.512517E-4,0.5955359,0.0025572344,0.39020592,0.013605372,0.10359222,0.065335155,0.3081072,1.2024317
375316653866487564,5307132659215251968,0.40029293,2045.135285482895,0.010842389849976517,1.0323131E-4,19.228092,0.110386476,0.43548596,0.03260334,0.30507234,0.023928246,0.51551116,0.10395051,0.8830821,0.06706488,0.036224216,0.028392127,0.17576386,0.057724204,null,null,null,null,"TWOGAUSSIANS",8,8.435495,0.43548596,0.03260334,0.4,0.0,0.24187748,0.041568678,0.8830821,0.06706488,0.20285562,0.15899591,0.17312503,0.051995587
375316653866487564,5307136026484735744,0.51513773,2094.3967391996453,1.4355365948493617,9.0481035E-6,17.530336,0.0025227624,0.25256267,0.0038477478,0.049670868,0.0026367228,0.2685949,0.017370926,0.7534962,0.0058646677,0.054143544,0.0043585496,0.24851935,0.018029228,null,null,null,null,"TWOGAUSSIANS",8,6.5124946,0.25256267,0.0038477478,0.27815688,0.014765647,0.26859036,0.017371744,0.7534962,0.0058646677,0.30320385,0.024407879,0.24851482,0.01803081
375316653866487564,5307136404441870464,0.5561887,2091.301684501634,1.6834520436783957,6.1328383E-6,17.080824,0.014978838,0.23113501,0.0028916234,0.051742602,0.008399338,0.15684637,0.037233766,0.7355399,0.004276153,0.059825327,0.013602379,0.12008397,0.028613951,0.06818676,0.019575736,0.23113501,0.0028916234,"TWOGAUSSIANS_WITH_ELLIPSOIDAL_ON_ECLIPSE1",9,9.972202,0.23113501,0.0028916234,0.28975856,0.047036298,0.29320338,0.013118316,0.7355399,0.004276153,0.33502182,0.07617332,0.25633654,0.018047957
375316653866487564,5307137057260429824,0.6639791,2076.901229744203,0.45116251477908875,1.6101038E-5,18.02154,0.0039717634,0.2718987,3.9279356E-4,0.02848161,4.882208E-4,1.7840066,0.044164587,0.7713198,0.0031135748,0.028245125,0.0031529039,0.10540074,0.013045146,0.029562982,0.0049357857,0.2718987,3.9279356E-4,"TWOGAUSSIANS_WITH_ELLIPSOIDAL_ON_ECLIPSE1",9,4.1574597,0.2718987,3.9279356E-4,0.15949701,0.0027340364,1.8431325,0.044860497,0.7713398,0.0030314205,0.1581727,0.017656261,0.16452591,0.009738362
375316653866487564,5307137911955883776,0.6360451,2074.8346314159785,3.2139122098027406,3.4810282E-6,17.78895,0.008385642,0.24521624,9.008515E-4,0.049083684,0.002147116,0.47167143,0.021650568,0.74509764,0.0032520175,0.051119,0.0035397476,0.3660698,0.033146232,0.10062761,0.0130941635,0.24521624,9.008515E-4,"TWOGAUSSIANS_WITH_ELLIPSOIDAL_ON_ECLIPSE1",9,3.4851432,0.24521624,9.008515E-4,0.27486864,0.012023849,0.67292285,0.01571438,0.74510765,0.0030680317,0.2862664,0.019822586,0.56732106,0.031448618
375316653866487564,5307138843983384448,0.5881909,2105.2585625682486,0.951709127578507,3.8281646E-6,14.920933,0.015450284,0.2390904,0.0014732445,0.1175047,0.0065985224,0.22850892,0.014917443,0.741433,0.0020383587,0.10529495,0.006565171,0.27050385,0.013121443,null,null,null,null,"TWOGAUSSIANS",8,23.559834,0.74144304,0.0020479609,0.4,0.0,0.2317428,0.008613291,0.2390904,0.0014732445,0.4,0.0,0.18970113,0.0044282167
375316653866487564,5307139325019681664,0.5920353,2129.307993082064,3.054447510911444,7.205332E-6,15.518622,0.09439523,0.24528946,0.0036225708,0.050508145,0.037375502,0.079043634,0.1892489,0.74683386,0.0055205245,0.055497497,0.038268242,0.12347694,0.17378491,0.089042924,0.09398267,0.24528946,0.0036225708,"TWOGAUSSIANS_WITH_ELLIPSOIDAL_ON_ECLIPSE1",9,48.24542,0.74683386,0.005416797,0.31078598,0.16193502,0.301541,0.023572024,0.24528946,0.0036225708,0.28284562,0.18049698,0.25712448,0.009779734
375316653866487564,5307139771696069376,0.5836582,2109.913995696663,3.046293988611653,1.0646658E-5,16.630285,0.011245168,0.26455188,0.0028248373,0.08964727,0.0052974345,0.29458335,0.011795937,0.77800566,0.002507617,0.091411866,0.0046297302,0.25402033,0.011306461,null,null,null,null,"TWOGAUSSIANS",8,13.648862,0.26455188,0.0028248373,0.4,0.0,0.28478312,0.0092887785,0.77800566,0.002507617,0.4,0.0,0.24422002,0.0083799865
375316653866487564,5307144268510680576,0.49416453,2080.9058839891086,0.4650181215124337,2.5709525E-5,18.73918,0.0029533596,0.33249718,0.0069125076,0.025680443,0.004033376,0.10247335,0.019697413,0.8349662,6.887905E-4,0.021472305,6.478094E-4,0.17408589,0.007425852,null,null,null,null,"TWOGAUSSIANS",8,1.5101117,0.8349662,6.887905E-4,0.12024491,0.0036277326,0.17408589,0.007425852,0.33249718,0.0069125076,0.14381048,0.022586906,0.10247335,0.019697413
375316653866487564,5307144612108225024,0.52716136,2087.98562594154,2.423253621821775,9.50825E-6,19.379324,0.011609361,0.25997177,0.0056109894,0.08044461,0.006157914,0.35400432,0.024175987,0.75363797,0.0026237438,0.08740412,0.005083303,0.3196042,0.015044622,null,null,null,null,"TWOGAUSSIANS",8,2.2268128,0.25997177,0.0056109894,0.4,0.0,0.34691945,0.024291124,0.75363797,0.0026237438,0.4,0.0,0.31251928,0.014166489
