Gaia/vari_eclipsing_binary/VariEclipsingBinary_472421-472454.csv
# %ECSV 1.0
# ---
# delimiter: ','
# meta: !!omap
# - RELEASE: Gaia DR3
# - TABLE: vari_eclipsing_binary
# - DESCRIPTION: >
#     This table describes the properties of the eclipsing binaries resulting from the variability analysis. 
# - CITATION: >
#     How to cite and acknowledge Gaia: 
#     https://gea.esac.esa.int/archive/documentation/credits.html 
# - KNOWN_ISSUES: >
#     Known issues: 
#     https://www.cosmos.esa.int/web/gaia-users/known-issues 
# - DOCUMENTATION: >
#     Tutorials and documentation: 
#     https://www.cosmos.esa.int/web/gaia-users/archive 
# datatype:
# - 
#   name: solution_id
#   datatype: int64
#   description: Solution Identifier
#   meta:
#     ucd: meta.version
# - 
#   name: source_id
#   datatype: int64
#   description: Unique source identifier
#   meta:
#     ucd: meta.id;meta.main
# - 
#   name: global_ranking
#   datatype: float32
#   description: Number between 0 (worst) and 1 (best)
#   meta:
#     ucd: stat.param
# - 
#   name: reference_time
#   datatype: float64
#   unit: d
#   description: Reference time used for the geometric model fit
#   meta:
#     ucd: time.epoch
# - 
#   name: frequency
#   datatype: float64
#   unit: d**-1
#   description: Frequency of geometric model of the eclipsing binary light curve
#   meta:
#     ucd: src.orbital
# - 
#   name: frequency_error
#   datatype: float32
#   unit: d**-1
#   description: "Uncertainty of \\texttt{frequency}"
#   meta:
#     ucd: stat.error
# - 
#   name: geom_model_reference_level
#   datatype: float32
#   unit: mag
#   description: Magnitude reference level of geometric model
#   meta:
#     ucd: phot.mag;em.opt
# - 
#   name: geom_model_reference_level_error
#   datatype: float32
#   unit: mag
#   description: "Uncertainty of \\texttt{geomModelReferenceLevel}"
#   meta:
#     ucd: stat.error;phot.mag;em.opt
# - 
#   name: geom_model_gaussian1_phase
#   datatype: float32
#   description: Phase of the Gaussian 1 component
#   meta:
#     ucd: time.phase
# - 
#   name: geom_model_gaussian1_phase_error
#   datatype: float32
#   description: "Uncertainty of \\texttt{geomModelGaussian1Phase}"
#   meta:
#     ucd: stat.error;time.phase
# - 
#   name: geom_model_gaussian1_sigma
#   datatype: float32
#   description: "Standard deviation [phase] of Gaussian 1 component"
#   meta:
#     ucd: stat.stdev
# - 
#   name: geom_model_gaussian1_sigma_error
#   datatype: float32
#   description: "Uncertainty of \\texttt{geomModelGaussian1Sigma}"
#   meta:
#     ucd: stat.error
# - 
#   name: geom_model_gaussian1_depth
#   datatype: float32
#   unit: mag
#   description: Magnitude depth of Gaussian 1 component
#   meta:
#     ucd: src.var.amplitude
# - 
#   name: geom_model_gaussian1_depth_error
#   datatype: float32
#   unit: mag
#   description: "Uncertainty of \\texttt{geomModelGaussian1Depth}"
#   meta:
#     ucd: stat.error;src.var.amplitude
# - 
#   name: geom_model_gaussian2_phase
#   datatype: float32
#   description: Phase of Gaussian 2 component
#   meta:
#     ucd: time.phase
# - 
#   name: geom_model_gaussian2_phase_error
#   datatype: float32
#   description: "Uncertainty of \\texttt{geomModelGaussian2Phase}"
#   meta:
#     ucd: stat.error;time.phase
# - 
#   name: geom_model_gaussian2_sigma
#   datatype: float32
[...]
#   datatype: float32
#   description: "Secondary eclipse: uncertainty of \\texttt{derivedSecondaryEclDuration}"
#   meta:
#     ucd: stat.error;time.duration
# - 
#   name: derived_secondary_ecl_depth
#   datatype: float32
#   unit: mag
#   description: "Secondary eclipse: depth"
#   meta:
#     ucd: src.var.amplitude
# - 
#   name: derived_secondary_ecl_depth_error
#   datatype: float32
#   unit: mag
#   description: "Secondary eclipse: uncertainty of \\texttt{derivedSecondaryEclDepth}"
#   meta:
#     ucd: stat.error;src.var.amplitude
solution_id,source_id,global_ranking,reference_time,frequency,frequency_error,geom_model_reference_level,geom_model_reference_level_error,geom_model_gaussian1_phase,geom_model_gaussian1_phase_error,geom_model_gaussian1_sigma,geom_model_gaussian1_sigma_error,geom_model_gaussian1_depth,geom_model_gaussian1_depth_error,geom_model_gaussian2_phase,geom_model_gaussian2_phase_error,geom_model_gaussian2_sigma,geom_model_gaussian2_sigma_error,geom_model_gaussian2_depth,geom_model_gaussian2_depth_error,geom_model_cosine_half_period_amplitude,geom_model_cosine_half_period_amplitude_error,geom_model_cosine_half_period_phase,geom_model_cosine_half_period_phase_error,model_type,num_model_parameters,reduced_chi2,derived_primary_ecl_phase,derived_primary_ecl_phase_error,derived_primary_ecl_duration,derived_primary_ecl_duration_error,derived_primary_ecl_depth,derived_primary_ecl_depth_error,derived_secondary_ecl_phase,derived_secondary_ecl_phase_error,derived_secondary_ecl_duration,derived_secondary_ecl_duration_error,derived_secondary_ecl_depth,derived_secondary_ecl_depth_error
[from data line 111]
375316653866487564,4155553825805190656,0.48024577,2226.064132509541,3.7112730920828634,1.4292607E-5,18.503374,0.036870737,0.26142213,0.012281858,0.08327843,0.00907203,0.53085655,0.044141382,0.7640214,0.004935512,0.09056777,0.008229214,0.52653027,0.03875289,null,null,null,null,"TWOGAUSSIANS",8,5.5647655,0.26142213,0.012281858,0.4,0.0,0.51468486,0.03676047,0.7640214,0.004935512,0.4,0.0,0.51035833,0.02793954
375316653866487564,4155554586033824512,0.45611507,2238.5198448090273,0.3399723339975861,6.881463E-5,19.502012,0.04575639,0.12008664,0.03650377,0.06822105,0.04347125,0.2640742,0.04928238,0.7147134,0.019238818,0.0430684,0.030599305,0.33756495,0.06981825,null,null,null,null,"TWOGAUSSIANS",8,4.584736,0.7147134,0.01923929,0.24118304,0.15601903,0.3375646,0.0696912,0.12008664,0.03650377,0.38203785,0.09416108,0.26407385,0.049475506
375316653866487564,4155555887391091200,0.58326423,2244.3107541732434,2.560191602246237,1.2818096E-5,16.168869,0.034129806,0.26325437,0.008207203,0.040202703,0.01917148,0.09648426,0.076998465,0.7444323,0.0036221014,0.039957594,0.023633683,0.14624868,0.046021555,0.10116717,0.04102205,0.7444323,0.0036221014,"TWOGAUSSIANS_WITH_ELLIPSOIDAL_ON_ECLIPSE2",9,39.514893,0.7444323,0.0036221014,0.22376253,0.13234863,0.34858298,0.042616762,0.25928438,0.006369753,0.22513513,0.10736029,0.29659238,0.033322953
375316653866487564,4155556716316868992,0.5650689,2198.0712246222315,3.097430794556371,3.4122197E-5,18.659506,0.026770784,0.21080074,0.010430763,0.055757634,0.031852312,0.3557811,13.787293,0.71254444,0.011470672,0.036110397,0.025409479,0.54761964,0.32400483,0.1229367,0.033323634,0.21080074,0.010430763,"TWOGAUSSIANS_WITH_ELLIPSOIDAL_ON_ECLIPSE1",9,10.285637,0.71254444,0.011437474,0.20221823,0.14229308,0.79344773,0.35903108,0.21080074,0.010430763,0.31224275,0.17837295,0.60163873,13.795894
375316653866487564,4155556991239718272,0.583326,2236.452618906572,1.260756437269531,6.7879446E-6,16.480698,0.07382263,0.24058288,0.0019926594,0.114970565,0.021187685,0.19761722,0.06913442,0.74689156,0.007908693,0.12702733,0.03354325,0.19744049,0.07325658,null,null,null,null,"TWOGAUSSIANS",8,4.254584,0.24051288,0.0018998646,0.4,0.0,0.15358955,0.005599412,0.7469116,0.0078930985,0.4,0.0,0.15327081,0.0039382284
375316653866487564,4155557059914654720,0.5550813,2229.8807651935194,0.754555791629339,1.2270028E-5,19.185642,0.015709102,0.151172,0.012548534,0.02928687,0.01674788,0.27235767,0.23507935,0.69686955,0.0020445834,0.057371654,0.0058987453,0.41732386,0.019084642,0.035574686,0.01417719,0.69686955,0.0020445834,"TWOGAUSSIANS_WITH_ELLIPSOIDAL_ON_ECLIPSE2",9,2.3749428,0.69686955,0.0020445834,0.32128125,0.033032972,0.4884423,0.040001404,0.15192199,0.01335537,0.16400647,0.09378813,0.3378614,0.2504925
375316653866487564,4155558434348625408,0.6242292,2189.1728338743287,1.3978817215753945,1.1733241E-5,16.523046,0.012202869,0.20487754,0.0044578523,0.06534528,0.0045969323,0.29177383,0.022837693,0.68986887,0.024024684,0.0376915,0.009097127,1.2416068,0.5458006,null,null,null,null,"TWOGAUSSIANS",8,50.02878,0.68986887,0.024024684,0.2110724,0.05094391,1.2416033,0.54579,0.20487754,0.0044578523,0.36593357,0.025742821,0.29177028,0.022835521
375316653866487564,4155559602536044416,0.45859057,2164.637876126542,4.262240072547135,7.8341465E-5,19.660824,0.05912257,0.3512741,0.01707402,0.16492546,0.055262417,0.30390695,0.05959927,0.6953832,0.017508602,0.043677498,0.012546974,0.11553365,0.044710346,null,null,null,null,"TWOGAUSSIANS",8,2.7502553,0.3512741,0.01707402,0.4,0.0,0.29761666,0.060505174,0.6953832,0.017508602,0.24459398,0.07026306,0.14382482,0.0481308
375316653866487564,4155559907480819072,0.58983016,2212.6628606188706,0.5939132267970924,4.1896943E-5,17.560411,0.0016516219,0.29529598,0.004337507,0.025939072,0.0027263858,0.19271255,0.011198694,0.7854067,0.004630613,0.020899378,0.0025470636,0.20430139,0.0454979,null,null,null,null,"TWOGAUSSIANS",8,1.813509,0.7854067,0.004630613,0.117036514,0.014263556,0.20430139,0.0454979,0.29529598,0.004337507,0.1452588,0.0152677605,0.19271255,0.011198694
375316653866487564,4155559911773103104,0.5525591,2229.8720804600885,1.994954661688325,1.27886E-5,17.642235,0.014523792,0.31107652,0.0019928643,0.079024754,0.0047417637,0.36372817,0.016880369,0.8123872,0.014290892,0.07688281,0.027249297,0.35374424,0.14173576,null,null,null,null,"TWOGAUSSIANS",8,8.466571,0.31107652,0.0019928643,0.4,0.0,0.35964718,0.015511187,0.8123872,0.014290892,0.4,0.067002274,0.34966326,0.14746185
375316653866487564,4155560010573338112,0.52912706,2201.573190336978,2.353028968121895,2.9831168E-5,18.319214,0.04104332,0.24094242,0.017143495,0.10655341,0.017908167,0.2619736,0.04198944,0.7454683,0.0052214037,0.12118948,0.020793514,0.25478077,0.035093777,null,null,null,null,"TWOGAUSSIANS",8,4.3987646,0.24092242,0.01716839,0.4,0.0,0.21782447,0.023626396,0.7454683,0.0052228025,0.4,0.0,0.2105368,0.011364438
375316653866487564,4155560530249635712,0.56793046,2225.8500938222223,3.3303827464570226,1.5826969E-5,19.460714,0.016019333,0.28650445,0.0072395345,0.06223379,0.0139046395,0.4679513,0.10432769,0.7871527,0.009356921,0.06324412,0.008146629,0.5319094,0.041948166,null,null,null,null,"TWOGAUSSIANS",8,2.0974298,0.7871527,0.009356921,0.35416707,0.04562112,0.5315607,0.041581664,0.28650445,0.0072395345,0.34850922,0.064708315,0.4676026,0.1053591
375316653866487564,4155561698482377600,0.48496968,2232.554755817376,0.03861416616796158,4.4661538E-5,19.284334,0.012149746,0.40167865,0.0073230937,0.04576594,0.007856348,0.26113638,0.015978042,0.83824724,0.012813312,0.10144532,0.042834096,0.3291297,4.8619766,null,null,null,null,"TWOGAUSSIANS",8,2.6254945,0.83824724,0.012813312,0.4,0.074845605,0.32875526,4.862352,0.40168864,0.00732537,0.25628924,0.043995548,0.26079333,0.015781827
375316653866487564,4155561973359656320,0.5231741,2279.1340224270775,0.8983759791325553,5.567996E-5,18.019924,0.0075894627,0.5120967,0.086737685,0.05709167,0.03337832,1.2164106,14.990517,0.7954241,0.020777194,0.048961617,0.023787346,0.01969691,0.02700179,0.011166838,0.01693679,0.7954241,0.020777194,"TWOGAUSSIANS_WITH_ELLIPSOIDAL_ON_ECLIPSE2",9,8.682109,0.5119467,0.08706107,0.31971335,0.1869186,1.2173799,14.989764,0.7954241,0.020777194,0.27418506,0.13320914,0.042035874,0.015842073
375316653866487564,4155561973402147072,0.61512953,2271.580201246619,0.16051569559095707,6.185724E-5,14.227906,0.002290247,0.10945406,0.04275911,0.024331618,0.023987653,0.2603412,2786.196,0.82613003,0.056769043,0.017885488,0.01900939,0.2894723,0.7862051,0.0021296532,0.003105752,0.82613003,0.056769043,"TWOGAUSSIANS_WITH_ELLIPSOIDAL_ON_ECLIPSE2",9,38.07525,0.82613003,0.056769043,0.10015873,0.106452584,0.2937316,0.7823155,0.10947406,0.042790126,0.13625707,0.13433085,0.26052532,2786.1958
375316653866487564,4155562209583259264,0.5480772,2256.1292029626748,0.9120400841358003,1.17765985E-5,15.795772,0.0037953625,0.2215237,0.0014918245,0.04393636,0.0053888955,0.15816124,0.017588187,null,null,null,null,null,null,0.025308544,0.006066265,0.2215237,0.0014918245,"ONEGAUSSIAN_WITH_ELLIPSOIDAL",6,22.467367,0.2215237,0.0014918245,0.24604361,0.030177815,0.2087783,0.019494964,null,null,null,null,null,null
375316653866487564,4155562316957076480,0.5665664,2216.4253690908595,2.8754376515987947,2.1206944E-5,17.79882,0.02293576,0.24098153,0.0056125578,0.09878019,0.0110656135,0.3757764,0.033327304,0.7361397,0.0026369968,0.095326714,0.007608476,0.3918349,0.020085203,null,null,null,null,"TWOGAUSSIANS",8,11.13257,0.7361397,0.0026369968,0.4,0.0,0.36578164,0.012640452,0.24098153,0.0056125578,0.4,0.0,0.3497219,0.03376936
375316653866487564,4155563382108013696,0.58067566,2243.550234832363,3.0061847960710866,1.713207E-5,16.069557,0.13245317,0.26950866,0.008553241,0.061726104,0.025652792,0.32242265,0.25535786,0.7689356,0.013600635,0.064020276,0.041988604,0.25406605,1.013538,0.108033344,0.12210402,0.26950866,0.008553241,"TWOGAUSSIANS_WITH_ELLIPSOIDAL_ON_ECLIPSE1",9,71.403275,0.26950866,0.008553241,0.34566617,0.07358562,0.5382796,0.027916467,0.7690556,0.012039358,0.35851356,0.19578515,0.4699208,1.0262085
375316653866487564,4155563480893839744,0.5965896,2259.0897432459788,2.719078561511775,1.1558677E-5,17.964207,0.008381471,0.24453788,0.0038645621,0.0494074,0.016765164,0.21992363,0.03012477,null,null,null,null,null,null,0.1344052,0.009290751,0.24453788,0.0038645621,"ONEGAUSSIAN_WITH_ELLIPSOIDAL",6,3.5550878,0.24453788,0.0038645621,0.27668145,0.093884915,0.48873338,0.031841595,null,null,null,null,null,null
375316653866487564,4155563893210589184,0.48472202,2212.800666144307,0.754478125506171,8.2598744E-5,19.042955,0.008293233,0.5412442,3.6002337E-5,0.0035435853,1.884428E-4,0.7097955,0.052797716,0.865436,0.01993668,0.03552408,0.016795844,0.12562193,0.07774473,null,null,null,null,"TWOGAUSSIANS",8,4.4737253,0.5412442,3.6002337E-5,0.019844078,0.0010552797,0.7097955,0.052797716,0.865436,0.01993668,0.19893487,0.094056726,0.12562193,0.07774473
375316653866487564,4155564138023153792,0.55287385,2239.0008812378614,2.1724823665774657,1.7845692E-5,18.888872,0.0167367,0.2814535,0.014746131,0.07735434,0.016134012,0.5148715,0.08374835,0.7679558,0.009141431,0.062016036,0.006261072,0.58523107,0.04623007,null,null,null,null,"TWOGAUSSIANS",8,4.8984466,0.7679558,0.009141431,0.3472898,0.035062004,0.5840104,0.04673424,0.2814535,0.014746131,0.4,0.0,0.51365083,0.08786757
375316653866487564,4155564653415666048,0.45653525,2365.3915932555037,0.5663333100904598,3.3316257E-5,18.842793,0.014046911,0.15358073,0.024944972,0.02990059,0.025331723,0.05219909,0.025377426,0.42536056,0.006950091,0.052130964,0.008153419,0.1777139,0.03139866,null,null,null,null,"TWOGAUSSIANS",8,2.3358808,0.42536056,0.006950091,0.29193342,0.045659147,0.1777139,0.031398658,0.15358073,0.0249531,0.1674433,0.14185765,0.05219931,0.025378149
375316653866487564,4155565443690095616,0.56935614,2155.451545027762,3.118127669842558,4.8301692E-5,19.31078,0.0109139215,0.2206008,0.0297139,0.06502332,0.024033247,0.49769145,0.16519144,0.71673703,0.024660937,0.05314925,0.012837685,0.69092506,0.24861543,null,null,null,null,"TWOGAUSSIANS",8,2.3504128,0.71673703,0.024660937,0.2976358,0.07189104,0.69079584,0.24863115,0.2206008,0.0297139,0.3641306,0.13458619,0.49756223,0.16530944
375316653866487564,4155565478049797120,0.46032253,2221.582636242043,2.0284434392388966,9.623869E-5,17.496323,0.031259995,0.29879275,0.024838516,0.10006058,0.029904814,0.51194096,0.2749492,0.67363006,0.028559048,0.057636403,0.044562683,0.15390182,0.78134096,null,null,null,null,"TWOGAUSSIANS",8,98.29699,0.29879275,0.024838492,0.4,0.0,0.5116958,0.2753007,0.67363006,0.028559048,0.32276386,0.19525608,0.15411577,0.7818215
375316653866487564,4155565959087032576,0.56100315,2231.568582565642,2.9316970227053543,2.4716383E-5,18.355585,0.008147809,0.26604006,0.008872057,0.07552081,0.014655493,0.3087163,0.017234255,0.77658796,0.004131885,0.0675384,0.007170534,0.3576307,0.020055614,null,null,null,null,"TWOGAUSSIANS",8,5.2838573,0.77658796,0.004131885,0.37821507,0.040154994,0.3564979,0.020242546,0.26604006,0.008872057,0.4,0.034088958,0.3075835,0.017605625
375316653866487564,4155567539633695104,0.5950131,2172.9565904475226,2.119995766714916,2.0575719E-5,18.851894,0.010562186,0.25934753,0.0042398325,0.06719782,0.003461659,0.5321783,0.025928387,0.76179373,0.018987212,0.06871391,0.014460633,0.53225166,0.08311204,null,null,null,null,"TWOGAUSSIANS",8,2.57985,0.76179373,0.018987212,0.3847979,0.029028207,0.53110474,0.08420463,0.25934753,0.0042398325,0.3763078,0.019385291,0.53103137,0.025773369
375316653866487564,4155567573993691520,0.49831274,2215.017889195855,3.7462023577530923,2.8790262E-5,19.820303,0.033885565,0.30486202,0.02270701,0.06241675,0.023567848,0.36627504,0.0843447,0.7849597,0.015854131,0.07421127,0.03588444,0.449637,0.16007924,null,null,null,null,"TWOGAUSSIANS",8,2.7360532,0.7849597,0.015854131,0.4,0.004181838,0.44905165,0.16940059,0.30486202,0.02270701,0.3495338,0.13197996,0.36568967,0.08220677
375316653866487564,4155569429465238912,0.658635,2218.8140219065936,0.4556251981588179,5.6447525E-6,17.787956,0.0034427224,0.19388603,0.009750999,0.029316498,0.005799283,0.64032364,0.064968325,0.69070935,0.002119743,0.028370457,0.0017538824,0.58617294,0.0367343,null,null,null,null,"TWOGAUSSIANS",8,3.1551588,0.19388603,0.009750999,0.16417238,0.03247598,0.64032364,0.064968325,0.69070935,0.002119743,0.15887456,0.009821741,0.58617294,0.0367343
375316653866487564,4155570185379621760,0.6137334,2251.7199758623365,2.539482235090251,1.95053E-5,18.217587,0.020392679,0.29811692,0.0032650582,0.06154418,0.014380987,0.58014876,0.057515953,0.7973959,0.017844534,0.0302354,0.017323645,0.3231209,0.11183074,0.07891205,0.02589241,0.29811692,0.0032650582,"TWOGAUSSIANS_WITH_ELLIPSOIDAL_ON_ECLIPSE1",9,7.1466174,0.29811692,0.0032650582,0.3446474,0.08053353,0.73782456,0.045332227,0.7974159,0.017806172,0.16931824,0.09701241,0.48079357,0.10377267
375316653866487564,4155570666415904768,0.46753925,2178.9822697193404,2.314086378321078,2.8311488E-5,18.93111,0.3812891,0.23883124,0.010500662,0.11520899,0.05538361,0.42634937,0.37918097,0.7241277,0.009435939,0.10714251,0.04889939,0.50206906,0.3374941,null,null,null,null,"TWOGAUSSIANS",8,9.4287615,0.7241277,0.009435939,0.4,0.0,0.4389844,0.10261796,0.23885123,0.010350384,0.4,0.0,0.36320767,0.05409107
375316653866487564,4155571387926519680,0.5321798,2199.8891085073337,2.553036878629182,3.0432326E-5,19.534914,0.058698345,0.24724422,0.016258715,0.0769125,0.016115492,0.6711541,0.08729744,0.7692853,0.0069448864,0.0851111,0.015269842,0.48731124,0.049458608,null,null,null,null,"TWOGAUSSIANS",8,4.313993,0.24724422,0.016258715,0.4,0.028897053,0.6648588,0.08399979,0.7692853,0.0069448864,0.4,0.0,0.4810159,0.041507587
375316653866487564,4155572380066586880,0.500715,2217.2429734982393,2.879013545174832,3.307946E-5,18.058973,0.010611849,0.24871151,0.019322056,0.07370853,0.020359714,0.109344535,0.01887847,0.7704262,0.009086372,0.07550181,0.012030459,0.13760689,0.012419501,null,null,null,null,"TWOGAUSSIANS",8,3.694627,0.7704262,0.009086372,0.4,0.021800144,0.13706306,0.011393048,0.24871151,0.019322056,0.4,0.056228925,0.10880071,0.01758684
375316653866487564,4155573758751681152,0.49378553,2253.0679383734846,0.38685515009144683,4.0838502E-5,18.735231,0.022938168,0.30761173,0.041496404,0.07858825,0.04262166,0.17289667,0.033473525,0.7048732,0.0716177,0.11860633,0.028765863,0.2326283,0.110674076,null,null,null,null,"TWOGAUSSIANS",8,2.0356052,0.7048732,0.0716177,0.4,0.0,0.22883947,0.120628014,0.30849174,0.043332227,0.4,0.014332933,0.16997077,0.023997858
375316653866487564,4155574201132107776,0.60179174,2252.574821274456,2.780486666186448,1.0866633E-5,18.047396,0.02399404,0.26659235,0.0026496472,0.041005306,0.006956913,0.3226581,0.061520364,0.7667223,0.020769637,0.04215015,0.013147662,0.47819352,0.16366336,0.14632477,0.027048286,0.26659235,0.0026496472,"TWOGAUSSIANS_WITH_ELLIPSOIDAL_ON_ECLIPSE1",9,12.250323,0.7667223,0.01905339,0.23604085,0.07362691,0.7708428,0.14145772,0.26659235,0.0026496472,0.22962971,0.038958713,0.6153075,0.051259954
375316653866487564,4155574239787744256,0.5863927,2202.155297756591,2.705694828001235,2.3515186E-5,18.633114,0.061577305,0.31302753,0.0029755307,0.036131125,0.010528941,0.48952886,0.18964331,0.7796316,0.04726634,0.06661104,0.037394114,0.48211572,0.14762658,0.1491736,0.060876757,0.31302753,0.0029755307,"TWOGAUSSIANS_WITH_ELLIPSOIDAL_ON_ECLIPSE1",9,12.66886,0.31302753,0.0029755307,0.2023343,0.05896207,0.7878196,0.1804371,0.78550166,0.038960397,0.3730218,0.20940703,0.7697026,0.07352101
375316653866487564,4155575201860996992,0.54030716,2258.8054980424176,2.2983786482264863,2.949575E-5,19.693453,0.020613432,0.36800188,0.0037005267,0.06544742,0.0082929395,0.3993489,0.04976933,0.86639637,0.025824878,0.0615428,0.018231073,0.4764292,0.02601122,null,null,null,null,"TWOGAUSSIANS",8,2.194212,0.86639637,0.025824878,0.3446397,0.06758906,0.47607332,0.025882736,0.36800188,0.0037005267,0.36650553,0.046440464,0.39899305,0.0500155
