Gaia/vari_eclipsing_binary/VariEclipsingBinary_626104-626499.csv
# %ECSV 1.0
# ---
# delimiter: ','
# meta: !!omap
# - RELEASE: Gaia DR3
# - TABLE: vari_eclipsing_binary
# - DESCRIPTION: >
#     This table describes the properties of the eclipsing binaries resulting from the variability analysis. 
# - CITATION: >
#     How to cite and acknowledge Gaia: 
#     https://gea.esac.esa.int/archive/documentation/credits.html 
# - KNOWN_ISSUES: >
#     Known issues: 
#     https://www.cosmos.esa.int/web/gaia-users/known-issues 
# - DOCUMENTATION: >
#     Tutorials and documentation: 
#     https://www.cosmos.esa.int/web/gaia-users/archive 
# datatype:
# - 
#   name: solution_id
#   datatype: int64
#   description: Solution Identifier
#   meta:
#     ucd: meta.version
# - 
#   name: source_id
#   datatype: int64
#   description: Unique source identifier
#   meta:
#     ucd: meta.id;meta.main
# - 
#   name: global_ranking
#   datatype: float32
#   description: Number between 0 (worst) and 1 (best)
#   meta:
#     ucd: stat.param
# - 
#   name: reference_time
#   datatype: float64
#   unit: d
#   description: Reference time used for the geometric model fit
#   meta:
#     ucd: time.epoch
# - 
#   name: frequency
#   datatype: float64
#   unit: d**-1
#   description: Frequency of geometric model of the eclipsing binary light curve
#   meta:
#     ucd: src.orbital
# - 
#   name: frequency_error
#   datatype: float32
#   unit: d**-1
#   description: "Uncertainty of \\texttt{frequency}"
#   meta:
#     ucd: stat.error
# - 
#   name: geom_model_reference_level
#   datatype: float32
#   unit: mag
#   description: Magnitude reference level of geometric model
#   meta:
#     ucd: phot.mag;em.opt
# - 
#   name: geom_model_reference_level_error
#   datatype: float32
#   unit: mag
#   description: "Uncertainty of \\texttt{geomModelReferenceLevel}"
#   meta:
#     ucd: stat.error;phot.mag;em.opt
# - 
#   name: geom_model_gaussian1_phase
#   datatype: float32
#   description: Phase of the Gaussian 1 component
#   meta:
#     ucd: time.phase
# - 
#   name: geom_model_gaussian1_phase_error
#   datatype: float32
#   description: "Uncertainty of \\texttt{geomModelGaussian1Phase}"
#   meta:
#     ucd: stat.error;time.phase
# - 
#   name: geom_model_gaussian1_sigma
#   datatype: float32
#   description: "Standard deviation [phase] of Gaussian 1 component"
#   meta:
#     ucd: stat.stdev
# - 
#   name: geom_model_gaussian1_sigma_error
#   datatype: float32
#   description: "Uncertainty of \\texttt{geomModelGaussian1Sigma}"
#   meta:
#     ucd: stat.error
# - 
#   name: geom_model_gaussian1_depth
#   datatype: float32
#   unit: mag
#   description: Magnitude depth of Gaussian 1 component
#   meta:
#     ucd: src.var.amplitude
# - 
#   name: geom_model_gaussian1_depth_error
#   datatype: float32
#   unit: mag
#   description: "Uncertainty of \\texttt{geomModelGaussian1Depth}"
#   meta:
#     ucd: stat.error;src.var.amplitude
# - 
#   name: geom_model_gaussian2_phase
#   datatype: float32
#   description: Phase of Gaussian 2 component
#   meta:
#     ucd: time.phase
# - 
#   name: geom_model_gaussian2_phase_error
#   datatype: float32
#   description: "Uncertainty of \\texttt{geomModelGaussian2Phase}"
#   meta:
#     ucd: stat.error;time.phase
# - 
#   name: geom_model_gaussian2_sigma
#   datatype: float32
[...]
#   datatype: float32
#   description: "Secondary eclipse: uncertainty of \\texttt{derivedSecondaryEclDuration}"
#   meta:
#     ucd: stat.error;time.duration
# - 
#   name: derived_secondary_ecl_depth
#   datatype: float32
#   unit: mag
#   description: "Secondary eclipse: depth"
#   meta:
#     ucd: src.var.amplitude
# - 
#   name: derived_secondary_ecl_depth_error
#   datatype: float32
#   unit: mag
#   description: "Secondary eclipse: uncertainty of \\texttt{derivedSecondaryEclDepth}"
#   meta:
#     ucd: stat.error;src.var.amplitude
solution_id,source_id,global_ranking,reference_time,frequency,frequency_error,geom_model_reference_level,geom_model_reference_level_error,geom_model_gaussian1_phase,geom_model_gaussian1_phase_error,geom_model_gaussian1_sigma,geom_model_gaussian1_sigma_error,geom_model_gaussian1_depth,geom_model_gaussian1_depth_error,geom_model_gaussian2_phase,geom_model_gaussian2_phase_error,geom_model_gaussian2_sigma,geom_model_gaussian2_sigma_error,geom_model_gaussian2_depth,geom_model_gaussian2_depth_error,geom_model_cosine_half_period_amplitude,geom_model_cosine_half_period_amplitude_error,geom_model_cosine_half_period_phase,geom_model_cosine_half_period_phase_error,model_type,num_model_parameters,reduced_chi2,derived_primary_ecl_phase,derived_primary_ecl_phase_error,derived_primary_ecl_duration,derived_primary_ecl_duration_error,derived_primary_ecl_depth,derived_primary_ecl_depth_error,derived_secondary_ecl_phase,derived_secondary_ecl_phase_error,derived_secondary_ecl_duration,derived_secondary_ecl_duration_error,derived_secondary_ecl_depth,derived_secondary_ecl_depth_error
375316653866487564,5507270056368942592,0.6018056,2238.9855086971706,4.051546407300445,1.0376097E-5,18.337261,0.0074263588,0.28033417,0.001347083,0.07219559,0.0017384896,0.5186698,0.0081324475,0.77989745,0.0043158866,0.0804718,0.004652074,0.5615313,0.040374767,null,null,null,null,"TWOGAUSSIANS",8,5.849333,0.77989745,0.0043158866,0.4,0.0,0.5565167,0.04106543,0.28033417,0.001347083,0.4,0.0,0.5136552,0.007550901
375316653866487564,5507273702800187648,0.5041005,2248.6023594753287,3.1229218755054484,1.604116E-5,16.14644,0.0031446805,null,null,null,null,null,null,null,null,null,null,null,null,0.07655024,0.004818092,0.25089914,0.004106749,"ELLIPSOIDAL",4,47.028095,null,null,null,null,null,null,null,null,null,null,null,null
375316653866487564,5507276069324063488,0.533604,2263.214809175869,1.1637293541507852,1.6173759E-5,17.235025,0.004041491,0.63484246,0.0019059448,0.019015742,0.0015809921,0.47507277,0.048534695,null,null,null,null,null,null,0.014226193,0.007754776,0.63484246,0.0019059448,"ONEGAUSSIAN_WITH_ELLIPSOIDAL",6,17.447515,0.63484246,0.0019059448,0.10648816,0.008853556,0.50352514,0.050885372,null,null,null,null,null,null
375316653866487564,5507279814535696000,0.6820111,2295.1162973034407,1.5924736977766916,3.6142526E-6,17.098125,0.00656996,0.23913254,6.491117E-4,0.038921867,0.0011530315,0.9900084,0.030914165,0.7398494,0.0457697,0.03680538,0.020225262,0.21115321,0.14809194,0.040023837,0.008881196,0.23913254,6.491117E-4,"TWOGAUSSIANS_WITH_ELLIPSOIDAL_ON_ECLIPSE1",9,7.2270966,0.23913254,6.491117E-4,0.21796246,0.0064569763,1.0700561,0.033565406,0.7398494,0.044706415,0.20611012,0.11326146,0.2911992,0.14376168
375316653866487564,5507280158133087616,0.49993807,2243.4765058123617,2.727787184498914,1.7977893E-5,17.55179,0.9011751,0.25798362,0.0062179645,0.1531146,0.13872066,0.3342295,0.8915243,0.7762129,0.012289929,0.11462513,0.04623885,0.42735466,0.5077409,null,null,null,null,"TWOGAUSSIANS",8,10.395091,0.7770029,0.008465722,0.4,0.0,0.31928754,0.049667496,0.2578636,0.005147949,0.4,0.0,0.22277577,0.011962693
375316653866487564,5507283284868503168,0.5830908,2260.8579235012767,0.18440020259528453,2.0849802E-5,12.278206,9.6137135E-4,0.28106967,0.0014218251,0.06313439,0.0032118142,0.11488016,0.0073673916,0.7816288,0.002429744,0.06543216,0.0018140589,0.09988693,0.0033916247,null,null,null,null,"TWOGAUSSIANS",8,22.772478,0.28106967,0.0014218251,0.35355255,0.01798616,0.114770874,0.0074047386,0.7816288,0.002429744,0.36642012,0.01015873,0.09977765,0.0033941097
375316653866487564,5507284663556777856,0.5381141,2248.7052037645362,3.0185880137251946,1.2519582E-5,17.171087,0.14613505,0.22803189,0.0042441944,0.112119585,0.024550004,0.33044514,0.136017,0.73101425,0.00701102,0.1329575,0.04122602,0.2889258,0.14116979,null,null,null,null,"TWOGAUSSIANS",8,10.577259,0.22799188,0.004241016,0.4,0.0,0.25668025,0.01166613,0.73102427,0.007022967,0.4,0.0,0.21470042,0.013714529
375316653866487564,5507290573431695616,0.62127095,2268.688713965988,1.6718928549597374,7.841278E-6,15.488266,0.034401927,0.24272159,0.002094793,0.05971919,0.012752169,0.13877355,0.068780795,0.7391122,0.004494784,0.067017555,0.013523606,0.13067758,0.06705894,0.06476224,0.035429273,0.24272159,0.002094793,"TWOGAUSSIANS_WITH_ELLIPSOIDAL_ON_ECLIPSE1",9,15.256377,0.24272159,0.002094793,0.33442745,0.071412146,0.26817554,0.0076797977,0.7400522,0.003271995,0.37529832,0.04781327,0.26003027,0.0099499915
375316653866487564,5507295383796378112,0.47127727,2314.9378581827646,4.030183740312924,2.192907E-5,16.84087,0.018180221,0.4809791,0.052719876,0.048002005,0.029396204,0.44544992,0.52337456,0.8428631,0.0076386016,0.024872752,0.005062694,0.4506739,0.21697116,null,null,null,null,"TWOGAUSSIANS",8,19.590242,0.8428631,0.0076386016,0.13928741,0.028351087,0.4506739,0.21697116,0.4809791,0.052719876,0.26881123,0.16461875,0.44544992,0.52337456
375316653866487564,5507298093917007360,0.5558408,2215.462677464569,1.8906332454186947,5.1198425E-5,19.658678,0.078790545,0.27153638,0.022028657,0.044685163,0.035110943,0.120971315,0.04393008,0.6426045,0.04302588,0.048384305,0.15400355,0.9180984,0.6981462,null,null,null,null,"TWOGAUSSIANS",8,2.6159248,0.6426045,0.04302588,0.2709521,0.14239201,0.9180984,0.7396424,0.27153638,0.018372815,0.25023693,0.16643962,0.120971315,0.03979491
375316653866487564,5507302148366229120,0.4554208,2247.7234030013665,2.3285534662858285,8.183959E-5,18.457718,0.11275815,0.2541509,0.031399652,0.045728207,0.06472582,0.26099318,0.057433162,0.7232156,0.029838542,0.068091914,0.07747109,0.08916724,0.106789395,null,null,null,null,"TWOGAUSSIANS",8,20.612911,0.2541509,0.03272886,0.25607795,0.14692388,0.26098818,0.023967056,0.7232156,0.029838542,0.3813147,0.09291094,0.08916222,0.06755373
375316653866487564,5507303144797260672,0.50199944,2256.695899316838,1.4148271536769232,1.2003382E-5,13.9395075,0.007092391,0.16166292,0.008016955,0.11832171,0.0198589,0.039876364,0.007133802,0.6561099,0.0047011236,0.09022118,0.009091435,0.065501824,0.007569015,null,null,null,null,"TWOGAUSSIANS",8,17.185877,0.6561099,0.0047011236,0.4,0.0,0.060400274,0.005257129,0.16166292,0.008016955,0.4,0.0,0.034764074,0.0028688335
375316653866487564,5507304454766146048,0.50995433,2204.8845092615757,2.086480410589904,5.0545572E-5,19.24691,0.016789496,0.2395249,0.03070583,0.044553425,0.01948322,0.04812503,0.034061763,0.5524137,0.014466961,0.05614682,0.022521293,0.4165189,0.052528005,null,null,null,null,"TWOGAUSSIANS",8,5.561751,0.5524137,0.014466961,0.3144222,0.12611924,0.4165189,0.05252801,0.2395249,0.030705776,0.24949917,0.10910603,0.048125103,0.03406236
375316653866487564,5507308371776051456,0.44683066,2240.568267263861,0.40605753778999665,3.066298E-5,16.359701,0.009515123,0.34434226,0.0206174,0.03550835,0.012706435,0.0879261,0.046759713,0.84286517,0.0016694367,0.015245529,0.0030499855,0.16639961,0.013103038,0.013454253,0.010658846,0.34434226,0.0206174,"TWOGAUSSIANS_WITH_ELLIPSOIDAL_ON_ECLIPSE1",9,95.041115,0.84286517,0.0016481915,0.08537496,0.01707992,0.19330573,0.021506876,0.34434226,0.0206174,0.19884676,0.07115604,0.11483454,0.049159087
375316653866487564,5507317511466454656,0.5486236,2216.8355391551863,2.3538448203249107,1.49888965E-5,18.15996,0.015311418,0.18515168,0.008545914,0.10051345,0.01175518,0.20001131,0.017193237,0.6616709,0.003017585,0.09668307,0.006838571,0.29276848,0.016541297,null,null,null,null,"TWOGAUSSIANS",8,3.6739247,0.6616709,0.003017585,0.4,0.0,0.27860203,0.014291814,0.18515168,0.00855351,0.4,0.0,0.18584365,0.009524094
375316653866487564,5507318542255021312,0.5414762,2215.083353645286,2.480412778177116,1.0154422E-5,18.614487,0.008790968,0.20299816,0.0049158363,0.07324568,0.0067002107,0.34600177,0.024418967,0.69482577,0.0023383487,0.08593894,0.0051187533,0.32026565,0.017783321,null,null,null,null,"TWOGAUSSIANS",8,2.7342553,0.20299816,0.0049158363,0.4,0.0014423529,0.34195313,0.026178414,0.69482577,0.0023383487,0.4,0.0,0.31621698,0.017995644
375316653866487564,5507319156437161344,0.4569532,2202.6580715049377,3.3968213786448644,3.4085384E-5,18.397898,0.014283927,0.2018325,0.0058548595,0.085470796,0.013336962,0.15694596,0.013906486,0.68299264,0.021424951,0.107066,0.026326166,0.15305029,0.022556176,null,null,null,null,"TWOGAUSSIANS",8,6.0775547,0.2018425,0.005849517,0.4,0.0,0.14881383,0.014262789,0.68299264,0.021424951,0.4,0.0,0.14491068,0.023705492
375316653866487564,5507320122806496000,0.6468404,2246.2371827928414,3.098589276238206,3.1995394E-6,16.583439,0.005087335,0.31894684,0.0014880691,0.056928672,0.0021701378,0.33333433,0.015789913,0.81945884,9.381703E-4,0.049248222,0.0014919717,0.2607482,0.011781778,0.10263494,0.006463383,0.31894684,0.0014880691,"TWOGAUSSIANS_WITH_ELLIPSOIDAL_ON_ECLIPSE1",9,7.944837,0.31894684,0.0014880691,0.31880057,0.012152772,0.53858155,0.011771651,0.81945884,8.8223995E-4,0.27579007,0.008355041,0.4659933,0.0046588574
375316653866487564,5507325036249142912,0.59937876,2190.8841857740445,2.828440022300949,7.950095E-6,16.263031,0.008016258,0.24622591,0.052554026,0.038623217,0.02880537,0.029666057,0.023598863,0.73990756,0.0033816004,0.048882898,0.0127165895,0.09287339,0.018929088,0.10079965,0.009557331,0.73990756,0.0033816004,"TWOGAUSSIANS_WITH_ELLIPSOIDAL_ON_ECLIPSE2",9,17.879341,0.73990756,0.0033816004,0.27374423,0.0712129,0.29447246,0.018923411,0.2434159,0.037258454,0.21629003,0.16131006,0.23108876,0.015922736
375316653866487564,5507326616797088256,0.57795537,2234.6453161615755,3.7171725093462995,1.7491971E-5,17.362352,0.019060738,0.30944848,0.014991815,0.067480996,0.01405533,0.1948536,0.041364774,0.78655136,0.005174197,0.041271035,0.011135683,0.16832092,0.031340797,0.08713457,0.019107884,0.78655136,0.005174197,"TWOGAUSSIANS_WITH_ELLIPSOIDAL_ON_ECLIPSE2",9,12.617459,0.30389848,0.009047317,0.3778936,0.073315,0.3663478,0.027699247,0.78655136,0.005174197,0.23111778,0.06235983,0.34253514,0.015074413
375316653866487564,5507336752915849472,0.46412063,2220.802019980157,3.3313658171280136,2.1103659E-5,18.23459,0.38431048,0.20314665,0.014856491,0.1308224,0.06157001,0.20927693,0.3155764,0.7305999,0.015568645,0.15018854,0.10187917,0.19615902,0.3752156,null,null,null,null,"TWOGAUSSIANS",8,3.3623254,0.20144665,0.0076566,0.4,0.0,0.14194264,0.014658035,0.7313799,0.011616269,0.4,0.0,0.12737848,0.011973437
375316653866487564,5507337096517186304,0.64529836,2249.4499527968796,2.806140745024096,3.960458E-6,16.287033,0.0076456745,0.2321564,0.001999644,0.042201187,0.0040295576,0.26690817,0.018668473,0.7309517,0.002357035,0.049029708,0.004058439,0.31438303,0.031106785,0.1335072,0.0091403145,0.2321564,0.001999644,"TWOGAUSSIANS_WITH_ELLIPSOIDAL_ON_ECLIPSE1",9,12.491663,0.7311218,0.0019203661,0.27456635,0.022727259,0.5813833,0.036163263,0.2321564,0.001999644,0.23632665,0.022565521,0.53392166,0.012289125
375316653866487564,5507337818067837952,0.48428112,2234.218590017636,2.917469882091621,2.2873615E-5,18.315422,0.082439855,0.2893386,0.004972943,0.13700652,0.042507734,0.17894915,0.07812427,0.78363544,0.006018757,0.10834038,0.02831821,0.20521079,0.06820861,null,null,null,null,"TWOGAUSSIANS",8,2.0655768,0.78363544,0.006018757,0.4,0.0,0.16077203,0.020067137,0.28934857,0.004971059,0.4,0.0,0.13405663,0.008212338
375316653866487564,5507348465292799232,0.52215534,2248.622592715013,1.6195000525217964,7.9509824E-5,18.36639,0.0029435174,0.63018644,0.1196286,0.027226344,0.035446838,0.02992946,0.021858308,0.8625648,0.007121623,0.029044019,0.0048180474,0.29273695,0.021274043,null,null,null,null,"TWOGAUSSIANS",8,2.108206,0.8625648,0.007121623,0.1626465,0.026981065,0.29273695,0.021274041,0.63018644,0.1196286,0.15246753,0.1985023,0.02992946,0.021858308
375316653866487564,5507360834798823552,0.5216193,2239.7670272613827,0.8363152849557881,4.1962823E-5,18.104862,0.0060661472,0.2516505,0.023583466,0.028847009,0.013867266,0.1692152,0.12350432,0.7370933,0.0048024734,0.04722286,0.002734725,0.37133047,0.014841873,null,null,null,null,"TWOGAUSSIANS",8,8.982254,0.7370933,0.0048024734,0.26444802,0.01531446,0.37133047,0.014841873,0.2516505,0.023583466,0.16154325,0.07765669,0.1692152,0.123504326
375316653866487564,5507363583577896832,0.555884,2278.4780797985145,2.5700422741091726,1.2033562E-5,19.103619,0.011452751,0.21779299,0.0028971254,0.08021599,0.0037077847,0.42869002,0.013015736,0.71732754,0.00427505,0.08981707,0.0057054167,0.416092,0.02038502,null,null,null,null,"TWOGAUSSIANS",8,1.8112719,0.21779299,0.0028971254,0.4,0.0,0.41761565,0.011134556,0.71732754,0.00427505,0.4,0.0,0.4050175,0.021247972
375316653866487564,5507372723268649856,0.50190675,2225.1398763598945,0.3429007099071555,4.4424192E-5,18.21006,0.00519515,0.1985759,0.008083446,0.006151153,0.007856741,0.238577,29.781458,0.36362308,6.3764263E-4,0.008636206,0.0013799149,0.49316585,0.16024502,0.02240975,0.008019401,0.36362308,6.3764263E-4,"TWOGAUSSIANS_WITH_ELLIPSOIDAL_ON_ECLIPSE2",9,6.108301,0.36362308,6.3764263E-4,0.048362754,0.007727524,0.5379854,0.16460697,0.19861591,0.008648874,0.034446456,0.043997746,0.25018394,29.781654
375316653866487564,5507374819212410240,0.54006326,2228.154202439752,4.013954625975774,7.4080613E-6,18.46617,0.011721109,0.20878239,0.002983856,0.075183004,0.00516593,0.52893364,0.033611655,0.71355635,0.004625701,0.079876624,0.004585485,0.39115545,0.014969474,null,null,null,null,"TWOGAUSSIANS",8,6.5570345,0.20878239,0.002983856,0.4,0.0,0.52441704,0.035028137,0.71355635,0.004625701,0.4,0.0,0.38663885,0.013810133
375316653866487564,5507376262321499904,0.4958102,2205.2137454654803,3.374475670194341,1.5039754E-5,17.196253,0.034086395,0.29620364,0.0026182525,0.2115197,0.035069305,0.67481834,0.04951238,0.79245144,0.002582113,0.18211775,0.026260056,0.6118195,0.0751042,null,null,null,null,"TWOGAUSSIANS",8,5.778543,0.29840365,0.002611608,0.4,0.0,0.13471478,0.009454045,0.79245144,0.002582113,0.4,0.0,0.12602913,0.005306098
375316653866487564,5507380454209709184,0.5079789,2230.71115198222,3.988308706286125,2.3345836E-5,17.951538,0.012285918,0.2505778,0.004701414,0.091567874,0.009563861,0.17638603,0.014380134,0.74054605,0.0056367978,0.090165004,0.011210478,0.18414818,0.017157497,null,null,null,null,"TWOGAUSSIANS",8,5.570252,0.74054605,0.0056367978,0.4,0.0,0.17712706,0.017786166,0.2505778,0.004701414,0.4,0.0,0.16936487,0.012316479
375316653866487564,5507386261004235520,0.52404386,2264.464285062596,3.637119906868063,1.7495298E-5,17.670597,0.019587513,0.23063743,0.0043379473,0.11740434,0.018217215,0.11965867,0.017117843,0.7395577,0.0040633325,0.10875943,0.012366173,0.14170544,0.0188895,null,null,null,null,"TWOGAUSSIANS",8,2.5125139,0.73958766,0.004068092,0.4,0.0,0.12114479,0.005399814,0.23062743,0.0043529444,0.4,0.0,0.09907687,0.0077155265
375316653866487564,5507397634079147648,0.51699793,2213.6050653294346,4.465282552696054,3.781468E-5,19.851007,0.029128414,0.25535882,0.008866603,0.09258772,0.015043799,0.49469152,0.088236116,0.7349359,0.008795586,0.08633098,0.010766974,0.5246868,0.07056174,null,null,null,null,"TWOGAUSSIANS",8,2.459214,0.7349359,0.008795586,0.4,0.0,0.50989187,0.07041627,0.25535882,0.008866603,0.4,0.0,0.47989592,0.09417696
375316653866487564,5507403406518262784,0.45165017,2234.6428973443944,1.6166429684639754,1.167057E-5,18.307484,0.004620696,0.23422715,0.0011806255,0.021418178,0.0017044992,0.122105,0.0056971083,0.70323235,0.020273449,0.03395053,0.014021945,0.11017059,0.033186737,null,null,null,null,"TWOGAUSSIANS",8,5.797477,0.23422715,0.0011806255,0.1199418,0.009545196,0.122105,0.0056971083,0.70323235,0.020273449,0.19012296,0.07852289,0.11017059,0.033186737
375316653866487564,5507406262671026048,0.5828751,2198.4759478005226,0.654818604075381,3.5309754E-6,17.227009,0.00370901,0.25762904,0.0027888836,0.025356045,0.0013904105,0.40324765,0.028811753,0.7471042,0.0029163386,0.027083464,0.0014304866,0.6403744,0.09068269,0.010452532,0.005609077,0.25762904,0.0027888836,"TWOGAUSSIANS_WITH_ELLIPSOIDAL_ON_ECLIPSE1",9,8.02919,0.7471242,0.0029166532,0.1516674,0.008010725,0.66118836,0.08802142,0.25762904,0.0027888836,0.14199385,0.007786299,0.42415273,0.028349776
375316653866487564,5507418597817050880,0.5759496,2249.686611581194,1.7911532478142964,9.391399E-6,19.155321,0.013549809,0.25688717,0.002640381,0.025909767,0.0026213543,0.45677245,0.03876838,0.7636353,0.015233025,0.029095758,0.009296754,0.9809111,0.18211998,0.04286254,0.019028889,0.25688717,0.002640381,"TWOGAUSSIANS_WITH_ELLIPSOIDAL_ON_ECLIPSE1",9,2.7075717,0.7636353,0.015233025,0.16293624,0.052061826,1.0664821,0.16323966,0.25688717,0.002640381,0.1450947,0.014679584,0.54249746,0.036178563
375316653866487564,5507424026655284224,0.6632614,2245.3625174819194,0.5598258474661792,8.922294E-6,16.052195,0.002814612,0.26562026,0.0032693034,0.03101076,0.0018054399,0.78618735,0.03239804,0.76084244,0.005980218,0.030280303,0.0055659465,0.064639404,0.008876215,0.012933607,0.006284248,0.76084244,0.005980218,"TWOGAUSSIANS_WITH_ELLIPSOIDAL_ON_ECLIPSE2",9,16.55752,0.26561028,0.0032595142,0.17366025,0.010110464,0.81203127,0.031243725,0.76084244,0.005980218,0.1695697,0.031169299,0.09050658,0.006757852
