Gaia/vari_eclipsing_binary/VariEclipsingBinary_202883-203400.csv
# %ECSV 1.0
# ---
# delimiter: ','
# meta: !!omap
# - RELEASE: Gaia DR3
# - TABLE: vari_eclipsing_binary
# - DESCRIPTION: >
#     This table describes the properties of the eclipsing binaries resulting from the variability analysis. 
# - CITATION: >
#     How to cite and acknowledge Gaia: 
#     https://gea.esac.esa.int/archive/documentation/credits.html 
# - KNOWN_ISSUES: >
#     Known issues: 
#     https://www.cosmos.esa.int/web/gaia-users/known-issues 
# - DOCUMENTATION: >
#     Tutorials and documentation: 
#     https://www.cosmos.esa.int/web/gaia-users/archive 
# datatype:
# - 
#   name: solution_id
#   datatype: int64
#   description: Solution Identifier
#   meta:
#     ucd: meta.version
# - 
#   name: source_id
#   datatype: int64
#   description: Unique source identifier
#   meta:
#     ucd: meta.id;meta.main
# - 
#   name: global_ranking
#   datatype: float32
#   description: Number between 0 (worst) and 1 (best)
#   meta:
#     ucd: stat.param
# - 
#   name: reference_time
#   datatype: float64
#   unit: d
#   description: Reference time used for the geometric model fit
#   meta:
#     ucd: time.epoch
# - 
#   name: frequency
#   datatype: float64
#   unit: d**-1
#   description: Frequency of geometric model of the eclipsing binary light curve
#   meta:
#     ucd: src.orbital
# - 
#   name: frequency_error
#   datatype: float32
#   unit: d**-1
#   description: "Uncertainty of \\texttt{frequency}"
#   meta:
#     ucd: stat.error
# - 
#   name: geom_model_reference_level
#   datatype: float32
#   unit: mag
#   description: Magnitude reference level of geometric model
#   meta:
#     ucd: phot.mag;em.opt
# - 
#   name: geom_model_reference_level_error
#   datatype: float32
#   unit: mag
#   description: "Uncertainty of \\texttt{geomModelReferenceLevel}"
#   meta:
#     ucd: stat.error;phot.mag;em.opt
# - 
#   name: geom_model_gaussian1_phase
#   datatype: float32
#   description: Phase of the Gaussian 1 component
#   meta:
#     ucd: time.phase
# - 
#   name: geom_model_gaussian1_phase_error
#   datatype: float32
#   description: "Uncertainty of \\texttt{geomModelGaussian1Phase}"
#   meta:
#     ucd: stat.error;time.phase
# - 
#   name: geom_model_gaussian1_sigma
#   datatype: float32
#   description: "Standard deviation [phase] of Gaussian 1 component"
#   meta:
#     ucd: stat.stdev
# - 
#   name: geom_model_gaussian1_sigma_error
#   datatype: float32
#   description: "Uncertainty of \\texttt{geomModelGaussian1Sigma}"
#   meta:
#     ucd: stat.error
# - 
#   name: geom_model_gaussian1_depth
#   datatype: float32
#   unit: mag
#   description: Magnitude depth of Gaussian 1 component
#   meta:
#     ucd: src.var.amplitude
# - 
#   name: geom_model_gaussian1_depth_error
#   datatype: float32
#   unit: mag
#   description: "Uncertainty of \\texttt{geomModelGaussian1Depth}"
#   meta:
#     ucd: stat.error;src.var.amplitude
# - 
#   name: geom_model_gaussian2_phase
#   datatype: float32
#   description: Phase of Gaussian 2 component
#   meta:
#     ucd: time.phase
# - 
#   name: geom_model_gaussian2_phase_error
#   datatype: float32
#   description: "Uncertainty of \\texttt{geomModelGaussian2Phase}"
#   meta:
#     ucd: stat.error;time.phase
# - 
#   name: geom_model_gaussian2_sigma
#   datatype: float32
[...]
#   datatype: float32
#   description: "Secondary eclipse: uncertainty of \\texttt{derivedSecondaryEclDuration}"
#   meta:
#     ucd: stat.error;time.duration
# - 
#   name: derived_secondary_ecl_depth
#   datatype: float32
#   unit: mag
#   description: "Secondary eclipse: depth"
#   meta:
#     ucd: src.var.amplitude
# - 
#   name: derived_secondary_ecl_depth_error
#   datatype: float32
#   unit: mag
#   description: "Secondary eclipse: uncertainty of \\texttt{derivedSecondaryEclDepth}"
#   meta:
#     ucd: stat.error;src.var.amplitude
solution_id,source_id,global_ranking,reference_time,frequency,frequency_error,geom_model_reference_level,geom_model_reference_level_error,geom_model_gaussian1_phase,geom_model_gaussian1_phase_error,geom_model_gaussian1_sigma,geom_model_gaussian1_sigma_error,geom_model_gaussian1_depth,geom_model_gaussian1_depth_error,geom_model_gaussian2_phase,geom_model_gaussian2_phase_error,geom_model_gaussian2_sigma,geom_model_gaussian2_sigma_error,geom_model_gaussian2_depth,geom_model_gaussian2_depth_error,geom_model_cosine_half_period_amplitude,geom_model_cosine_half_period_amplitude_error,geom_model_cosine_half_period_phase,geom_model_cosine_half_period_phase_error,model_type,num_model_parameters,reduced_chi2,derived_primary_ecl_phase,derived_primary_ecl_phase_error,derived_primary_ecl_duration,derived_primary_ecl_duration_error,derived_primary_ecl_depth,derived_primary_ecl_depth_error,derived_secondary_ecl_phase,derived_secondary_ecl_phase_error,derived_secondary_ecl_duration,derived_secondary_ecl_duration_error,derived_secondary_ecl_depth,derived_secondary_ecl_depth_error
[from data line 36]
375316653866487564,1784889903144193024,0.53067964,2284.130835926175,2.5640638602061654,1.768902E-5,14.072779,0.022056807,0.2277572,0.0038162533,0.1028686,0.010556712,0.2185927,0.020730281,0.7476149,0.0048841266,0.10268906,0.015326262,0.23606463,0.015883556,null,null,null,null,"TWOGAUSSIANS",8,301.2991,0.74762493,0.0048896424,0.4,0.0,0.21751441,0.017341705,0.2277472,0.0038127045,0.4,0.0,0.20004267,0.00960711
375316653866487564,1784890105007779456,0.4501063,2273.0326958463547,0.3086342716042385,2.9875384E-5,18.205019,0.0042940304,0.31711775,0.0077796634,0.033478983,0.0061488403,0.19746768,0.01980358,0.79624104,0.005560841,0.03896741,0.0066017793,0.22773491,0.03593341,null,null,null,null,"TWOGAUSSIANS",8,14.917266,0.79624104,0.005560841,0.21821749,0.036969963,0.22773491,0.03593341,0.31711775,0.0077796634,0.1874823,0.034433506,0.19746768,0.01980358
375316653866487564,1784890865216887424,0.6689442,2268.2939910111386,0.8767625050906829,1.3478983E-6,13.677349,0.001746582,0.19344202,0.003265866,0.019986175,0.0042818133,0.059883483,0.0138513185,0.69717145,3.3244563E-4,0.03132868,4.3099202E-4,0.4873321,0.005212398,0.014838529,0.0025816371,0.19344202,0.003265866,"TWOGAUSSIANS_WITH_ELLIPSOIDAL_ON_ECLIPSE1",9,54.958805,0.69717145,3.3244563E-4,0.17544062,0.0024135553,0.51699287,0.0044797803,0.19344202,0.003265866,0.11192258,0.023978153,0.08956054,0.014808878
375316653866487564,1784890899576628992,0.5694923,2271.394216631535,0.17301860401452157,1.3255806E-6,13.780913,0.0019475237,0.2967016,0.0024242082,0.016394617,9.097174E-4,0.4242148,0.04615945,null,null,null,null,null,null,0.044006523,0.0036140536,0.2967016,0.0024242082,"ONEGAUSSIAN_WITH_ELLIPSOIDAL",6,109.31364,0.2967016,0.0024242082,0.09180986,0.0050944174,0.5122278,0.0483178,null,null,null,null,null,null
375316653866487564,1784896495918818688,0.46742365,2332.941563405806,0.5423397816452309,8.4783715E-6,19.125715,0.0043767337,0.23763469,0.008416961,0.054618426,0.012595816,0.0579106,0.010659909,0.52809143,0.0018897629,0.008704599,6.4824807E-4,0.5820334,0.092457965,null,null,null,null,"TWOGAUSSIANS",8,1.8715504,0.52809143,0.0018897629,0.048745755,0.0036301892,0.58203346,0.09245797,0.23763469,0.008416961,0.30586317,0.07053657,0.0579106,0.010659909
375316653866487564,1784898969819972864,0.6049137,2323.8873992734048,4.354425169827544,7.5230278E-6,17.236563,0.034629487,0.2733958,0.0021089802,0.0535436,0.010204767,0.27503896,0.068364106,0.7791305,0.014545712,0.046029743,0.020311559,0.26993313,0.06936216,0.104628235,0.037882496,0.2733958,0.0021089802,"TWOGAUSSIANS_WITH_ELLIPSOIDAL_ON_ECLIPSE1",9,12.7748,0.2733958,0.0021089802,0.29984415,0.057146695,0.4842902,0.009987762,0.7791305,0.014545712,0.25776657,0.11374473,0.47891283,0.014160781
375316653866487564,1784909930575847680,0.49174464,2325.185037942354,0.44746060979098856,2.9053448E-5,18.342184,0.00480564,0.58021206,0.017133169,0.048029482,0.01758849,0.04320238,0.0074877813,0.8659184,0.006028349,0.0085416455,0.0040686,0.7233761,89.60535,null,null,null,null,"TWOGAUSSIANS",8,10.185236,0.8659184,0.006028349,0.04783321,0.022784159,0.7233761,89.60535,0.58021206,0.017133169,0.2689651,0.09849554,0.04320238,0.0074877813
375316653866487564,1784913164687340928,0.5270938,2294.267628485051,3.156151233512015,8.936776E-6,19.74567,0.011047554,0.20984969,0.005181385,0.0628716,0.0035193677,0.51859,0.027304424,0.7130985,0.002432426,0.06333626,0.003996127,0.7663199,0.0835136,null,null,null,null,"TWOGAUSSIANS",8,2.2358286,0.7130985,0.002432426,0.35468304,0.02237831,0.76587546,0.08379547,0.20984969,0.005181385,0.35208094,0.019708458,0.51814556,0.027219307
375316653866487564,1784914328622435328,0.53931123,2297.3092688240968,4.206043830910291,1.3315512E-5,18.980513,0.013670073,0.3311876,0.0033003383,0.07240141,0.004383666,0.44347277,0.013985581,0.8346536,0.002724638,0.058310624,0.005039572,0.27288404,0.012904798,null,null,null,null,"TWOGAUSSIANS",8,3.576636,0.3311876,0.0033003383,0.4,0.009543348,0.44304672,0.013683709,0.8346536,0.002724638,0.32653952,0.028221603,0.27245796,0.012702354
375316653866487564,1784926977302245120,0.5673151,2332.6962279657296,3.4244561793808357,1.7826502E-5,16.929516,0.014990968,0.25786656,0.0020236399,0.08204412,0.0038876643,0.4355046,0.016560074,0.75864255,0.0064287945,0.08199474,0.007529413,0.5035345,0.054376956,null,null,null,null,"TWOGAUSSIANS",8,40.337353,0.75864255,0.0064287945,0.4,0.0,0.49466863,0.055768736,0.25786656,0.0020236399,0.4,0.0,0.42663872,0.014177981
375316653866487564,1784937006051277696,0.5595898,2294.8441284272612,3.170209342815041,6.746702E-6,17.48741,0.0044204807,0.3104694,0.0022288477,0.045345638,0.002221371,0.54680353,0.024579152,0.7839812,0.011475541,0.021311136,0.009781294,0.031796142,0.06065244,null,null,null,null,"TWOGAUSSIANS",8,12.336137,0.3104694,0.0022288477,0.25393558,0.0124396775,0.54680353,0.024579152,0.7839812,0.011475541,0.119342364,0.05477524,0.031796142,0.06065244
375316653866487564,1784941026139960448,0.5228939,2316.426216904181,3.2950094907228786,1.204341E-5,16.829647,0.0153033035,0.25007212,0.0037518342,0.0901766,0.0070360913,0.2768799,0.01644434,0.7541235,0.011644378,0.08398556,0.01308993,0.2844862,0.021078309,null,null,null,null,"TWOGAUSSIANS",8,16.906054,0.7541235,0.011644378,0.4,0.0,0.2759787,0.015262391,0.25007212,0.0037518342,0.4,0.0,0.2683723,0.012793175
375316653866487564,1784943882293262720,0.63525575,2287.2047001203587,3.1966436179736455,3.3904873E-6,15.989154,0.019888878,0.2589817,0.0014837224,0.047998033,0.009953234,0.12969372,0.04002839,0.75832313,0.0038353503,0.061407592,0.0119039435,0.17518272,0.035288054,0.09903935,0.021997627,0.2589817,0.0014837224,"TWOGAUSSIANS_WITH_ELLIPSOIDAL_ON_ECLIPSE1",9,16.795723,0.7584931,0.0032012602,0.3438825,0.06666209,0.37321657,0.021061596,0.2589817,0.0014837224,0.268789,0.055738114,0.32773012,0.0060713277
375316653866487564,1784948172964014720,0.5642012,2261.324505158715,3.027451132243752,5.96643E-6,16.330973,0.0075787487,0.22692369,0.0033503077,0.09500073,0.0056749554,0.21654695,0.0086667845,0.72253394,0.0018047824,0.0896754,0.004048929,0.22302434,0.0067082946,null,null,null,null,"TWOGAUSSIANS",8,11.677008,0.72253394,0.0018047824,0.4,0.0,0.2124871,0.0043790066,0.22692369,0.0033503077,0.4,0.0,0.20600937,0.008412078
375316653866487564,1784951746376821376,0.5054481,2284.57598425766,3.768106036770986,2.3958863E-5,18.737082,0.0043557105,0.070067346,0.0010441099,0.0047506965,5.479823E-4,0.22299623,0.059910458,0.57672685,0.0018346538,0.01688375,0.0010916834,0.886716,0.033402514,null,null,null,null,"TWOGAUSSIANS",8,8.313795,0.57672685,0.0018346538,0.09454899,0.006113427,0.886716,0.033402514,0.070067346,0.0010441099,0.0266039,0.0030687007,0.22299623,0.059910458
375316653866487564,1784958588261301760,0.54984033,2296.5968442671574,3.545135108457024,9.974965E-6,14.80526,0.013741621,0.24607922,0.0030422197,0.095937155,0.0074559483,0.3051312,0.015596335,0.7234316,0.0020839649,0.09573782,0.005621475,0.2660154,0.013070467,null,null,null,null,"TWOGAUSSIANS",8,143.21599,0.24607922,0.0030422197,0.4,0.0,0.2912935,0.016716413,0.7234316,0.0020839649,0.4,0.0,0.25217795,0.008844508
375316653866487564,1784959133724080640,0.4745631,2282.080364465619,2.946602154637166,3.0499239E-5,19.857386,0.011047989,0.28521454,0.023942567,0.032245602,0.047743674,0.57546103,0.4741588,0.74145895,0.014346413,0.037487317,0.01977753,0.17167324,0.28767353,null,null,null,null,"TWOGAUSSIANS",8,2.0174963,0.28521454,0.023942567,0.18057537,0.213669,0.57546103,0.47416365,0.74145895,0.014346413,0.20992897,0.11075417,0.17167324,0.2876738
375316653866487564,1784966177473756672,0.50950336,2283.7224101216884,1.301035200897858,1.6359592E-5,18.30354,0.0056766546,0.23680286,0.017444635,0.10532593,0.016568836,0.027602056,0.0072429627,0.4686709,0.0064395834,0.02318143,0.0028894169,0.36017588,0.043522518,null,null,null,null,"TWOGAUSSIANS",8,5.8411736,0.4686709,0.0064395834,0.12981601,0.016180735,0.36262187,0.043835104,0.23680286,0.017444635,0.4,0.0,0.02760135,0.0072409688
375316653866487564,1784981781084380544,0.43782288,2273.0223519955834,3.3465531384409246,2.5084426E-5,12.966123,0.00632158,0.20636952,0.006442051,0.06569503,0.020683894,0.00930658,0.018864457,0.68649054,0.00931231,0.025295062,0.0055052033,0.04466149,0.018489767,0.05014554,0.0084821945,0.20636952,0.006442051,"TWOGAUSSIANS_WITH_ELLIPSOIDAL_ON_ECLIPSE1",9,237.37143,0.68851054,0.008070569,0.14165235,0.030829139,0.14354621,0.01251426,0.20636952,0.006442051,0.3678922,0.10557924,0.109591,0.010932014
375316653866487564,1785012288236359808,0.5617384,2244.0886396784463,3.4384855044406186,9.107649E-6,16.646915,0.012397307,0.24104604,0.0032915357,0.09704462,0.0074693467,0.25010872,0.011957309,0.75359523,0.002412872,0.09843967,0.006952472,0.2087344,0.011658837,null,null,null,null,"TWOGAUSSIANS",8,10.48436,0.24104604,0.0032915357,0.4,0.0,0.23543909,0.011354458,0.75359523,0.002412872,0.4,0.0,0.19406457,0.007872255
375316653866487564,1785012911007411072,0.5032556,2271.710218272377,0.30206413108680175,1.2885171E-4,16.716986,0.0012931942,0.17784892,0.0073954025,0.024961473,0.007353393,0.028946897,0.015823154,0.67963076,0.015975144,0.018298136,0.007197195,0.21751344,0.09991961,null,null,null,null,"TWOGAUSSIANS",8,5.8440332,0.67963076,0.015975144,0.102469556,0.040304292,0.21751344,0.09991961,0.17784892,0.0073954025,0.13978425,0.041179,0.028946897,0.015823154
375316653866487564,1785018610428421632,0.52003574,2261.5037337737144,0.047961459389399726,1.0803407E-6,18.68261,0.0027312625,0.4275276,0.012748185,0.049381167,0.041990303,0.027236193,2.3001049,0.8683101,1.4258882E-6,9.2164276E-4,5.3838776E-6,0.8500617,3.7695808E-4,null,null,null,null,"TWOGAUSSIANS",8,4.0228996,0.8683101,1.4258882E-6,0.0051611997,3.0149715E-5,0.8500617,3.7695808E-4,0.4275276,0.012748185,0.27653453,0.2351457,0.027236193,2.3001049
375316653866487564,1785049332330041344,0.559689,2283.9427030507113,3.146425888647977,1.25483475E-5,15.012811,0.014799995,0.28908893,0.0051136557,0.08646643,0.011607525,0.50909746,0.025447844,0.7954719,0.0035454142,0.090731606,0.0072922893,0.290589,0.013418544,null,null,null,null,"TWOGAUSSIANS",8,195.64781,0.28908893,0.0051136557,0.4,0.0,0.49630705,0.029328525,0.7954719,0.0035454142,0.4,0.0,0.2777985,0.0076164813
375316653866487564,1785081630484257792,0.5607078,2301.9845369892505,3.722229320822453,7.2514276E-6,17.311716,0.008627286,0.15769652,0.0026346997,0.0679403,0.011159773,0.09406106,0.02412784,0.6486063,0.0021947818,0.049529172,0.006800052,0.10228086,0.019357616,0.050904416,0.012253042,0.15769652,0.0026346997,"TWOGAUSSIANS_WITH_ELLIPSOIDAL_ON_ECLIPSE1",9,4.860128,0.6500763,0.0017462316,0.2773634,0.03808029,0.2037054,0.0073195426,0.15769652,0.0026346997,0.3804657,0.06249473,0.19576384,0.014027564
375316653866487564,1785106781812814336,0.5985422,2271.080785476619,2.732722907829471,2.7022777E-6,17.371548,0.0060842116,0.18857428,8.736624E-4,0.03331786,0.0010655832,0.8165525,0.025100177,0.688363,0.003592055,0.030838555,0.004088633,0.51725435,0.04672753,0.02405431,0.017793454,0.18857428,8.736624E-4,"TWOGAUSSIANS_WITH_ELLIPSOIDAL_ON_ECLIPSE1",9,26.517296,0.18857428,8.736624E-4,0.18658002,0.0059672655,0.8646611,0.023560643,0.688363,0.0035775786,0.1726959,0.022896348,0.5653629,0.055442803
375316653866487564,1785111111139889664,0.52765673,2285.4827222933955,2.792987617116287,9.965653E-6,15.368491,0.015392949,0.23890604,0.003922117,0.10199703,0.009113572,0.17598346,0.015298459,0.7284346,0.0016894917,0.101144336,0.007096626,0.20501915,0.014315691,null,null,null,null,"TWOGAUSSIANS",8,53.035465,0.7284346,0.0016894917,0.4,0.0,0.1888749,0.0077053457,0.23890604,0.0039202073,0.4,0.0,0.1598391,0.009228844
375316653866487564,1785116157727074048,0.49696735,2390.004571628179,0.8280020517542606,1.7603814E-5,19.195055,0.0028362637,0.23368686,0.011533275,0.033644438,0.019396009,0.05269645,0.03360325,0.5835414,0.0011904575,0.0048647285,0.0012403537,0.432546,0.63935214,null,null,null,null,"TWOGAUSSIANS",8,1.289593,0.5835414,0.0011904575,0.02724248,0.0069459807,0.432546,0.63935214,0.23368686,0.011533275,0.18840885,0.108617656,0.05269645,0.03360325
375316653866487564,1785120044671616000,0.53579825,2303.7356174313272,2.1844595696345035,1.9201203E-5,10.993427,0.5209697,0.2074017,0.0047249105,0.1682612,0.05940873,0.4034322,0.4629102,0.70606345,0.0046601864,0.17771961,0.06500337,0.47620216,0.48609242,null,null,null,null,"TWOGAUSSIANS",8,113.29241,0.70606345,0.0046601864,0.4,0.0,0.17889062,0.011052531,0.20792168,0.005602154,0.4,0.0,0.1145637,0.0076226243
375316653866487564,1785137190181076608,0.4777104,2303.0411875946033,0.987477227049123,8.61488E-6,15.095903,0.0028619505,0.50734866,0.0019265816,0.022110865,0.0015759292,0.22802365,0.027657019,0.84178346,0.029752593,0.009706744,0.012093581,0.037794817,0.035539016,null,null,null,null,"TWOGAUSSIANS",8,162.0704,0.50734866,0.0019265816,0.12382084,0.008825203,0.22802365,0.027657019,0.84178346,0.029752593,0.054357767,0.06772406,0.037794817,0.035539016
375316653866487564,1785198105701143552,0.45965493,2292.3232731579005,0.10669216442361303,3.1975018E-5,16.475908,0.018957384,0.24553649,0.008213533,0.111932226,0.021113746,0.16033976,0.020744858,0.7538481,0.011676605,0.061893675,0.024143701,0.39073136,0.27838558,null,null,null,null,"TWOGAUSSIANS",8,17.590008,0.7538481,0.011697421,0.3466046,0.12223461,0.3850585,0.28634,0.24553649,0.008213533,0.4,0.0,0.15465122,0.019217238
375316653866487564,1785220199013007104,0.569663,2339.183068274206,3.5918146986567883,6.958575E-6,15.667138,0.027165689,0.21165834,0.001583194,0.065540224,0.009682143,0.2088796,0.05594291,0.7042013,0.004836192,0.059840288,0.010914721,0.26305485,0.0562518,0.060983896,0.032304868,0.21165834,0.001583194,"TWOGAUSSIANS_WITH_ELLIPSOIDAL_ON_ECLIPSE1",9,43.06947,0.70506126,0.0042066793,0.3351056,0.061122436,0.38461834,0.013017435,0.21165834,0.001583194,0.36702526,0.05422,0.3306797,0.013095666
375316653866487564,1785226074528517632,0.5778813,2304.891759581522,3.177416243545933,1.1600029E-5,18.71157,0.026349477,0.22905797,0.0011819343,0.043624662,0.004772379,0.80150294,0.07738151,0.73193824,0.00600651,0.045079045,0.011059763,0.36686525,0.048064135,0.097662695,0.031628147,0.22905797,0.0011819343,"TWOGAUSSIANS_WITH_ELLIPSOIDAL_ON_ECLIPSE1",9,5.258061,0.22905797,0.0011819343,0.2442981,0.026725322,0.9968281,0.08796576,0.73193824,0.005815175,0.25244266,0.06193467,0.56212646,0.050220102
375316653866487564,1785234561384105472,0.5366279,2307.2651570028765,2.7767487195545812,1.603911E-5,18.018353,0.017640648,0.23517957,0.004752377,0.05026155,0.011722135,0.14752287,0.037510414,0.7462245,0.010226672,0.057194285,0.012029797,0.14923397,0.04305898,0.07137542,0.022591477,0.23517957,0.004752377,"TWOGAUSSIANS_WITH_ELLIPSOIDAL_ON_ECLIPSE1",9,11.327729,0.7462245,0.010226672,0.320288,0.06736686,0.2912927,0.024278948,0.23517957,0.004752377,0.2814647,0.06564396,0.290268,0.014471902
375316653866487564,1785269062856812160,0.6613182,2328.283895388568,2.5302921295471763,3.896505E-6,14.633473,0.009406911,0.27224684,0.004545506,0.052588522,0.0051733735,0.37295017,0.031748876,0.77736425,6.4704166E-4,0.051843192,0.0025892241,0.34649378,0.02061168,0.10706024,0.013274361,0.77736425,6.4704166E-4,"TWOGAUSSIANS_WITH_ELLIPSOIDAL_ON_ECLIPSE2",9,55.030212,0.27281687,0.004010709,0.29449573,0.028970892,0.58686775,0.030986829,0.77736425,6.4704166E-4,0.2903219,0.014499655,0.560608,0.007417078
375316653866487564,1785290468974061952,0.54718256,2383.986315148641,3.1640809804134427,1.1595954E-5,15.786402,0.04356318,0.2381615,0.0035155206,0.1325124,0.017118087,0.21188992,0.0416987,0.75624514,0.0054045008,0.11702177,0.017543519,0.20365614,0.038576458,null,null,null,null,"TWOGAUSSIANS",8,21.54847,0.23807152,0.0033637143,0.4,0.0,0.1638501,0.0048275795,0.7565751,0.0052530896,0.4,0.0,0.15594958,0.0083812745
