Gaia/vari_eclipsing_binary/VariEclipsingBinary_677407-677420.csv
# %ECSV 1.0
# ---
# delimiter: ','
# meta: !!omap
# - RELEASE: Gaia DR3
# - TABLE: vari_eclipsing_binary
# - DESCRIPTION: >
#     This table describes the properties of the eclipsing binaries resulting from the variability analysis. 
# - CITATION: >
#     How to cite and acknowledge Gaia: 
#     https://gea.esac.esa.int/archive/documentation/credits.html 
# - KNOWN_ISSUES: >
#     Known issues: 
#     https://www.cosmos.esa.int/web/gaia-users/known-issues 
# - DOCUMENTATION: >
#     Tutorials and documentation: 
#     https://www.cosmos.esa.int/web/gaia-users/archive 
# datatype:
# - 
#   name: solution_id
#   datatype: int64
#   description: Solution Identifier
#   meta:
#     ucd: meta.version
# - 
#   name: source_id
#   datatype: int64
#   description: Unique source identifier
#   meta:
#     ucd: meta.id;meta.main
# - 
#   name: global_ranking
#   datatype: float32
#   description: Number between 0 (worst) and 1 (best)
#   meta:
#     ucd: stat.param
# - 
#   name: reference_time
#   datatype: float64
#   unit: d
#   description: Reference time used for the geometric model fit
#   meta:
#     ucd: time.epoch
# - 
#   name: frequency
#   datatype: float64
#   unit: d**-1
#   description: Frequency of geometric model of the eclipsing binary light curve
#   meta:
#     ucd: src.orbital
# - 
#   name: frequency_error
#   datatype: float32
#   unit: d**-1
#   description: "Uncertainty of \\texttt{frequency}"
#   meta:
#     ucd: stat.error
# - 
#   name: geom_model_reference_level
#   datatype: float32
#   unit: mag
#   description: Magnitude reference level of geometric model
#   meta:
#     ucd: phot.mag;em.opt
# - 
#   name: geom_model_reference_level_error
#   datatype: float32
#   unit: mag
#   description: "Uncertainty of \\texttt{geomModelReferenceLevel}"
#   meta:
#     ucd: stat.error;phot.mag;em.opt
# - 
#   name: geom_model_gaussian1_phase
#   datatype: float32
#   description: Phase of the Gaussian 1 component
#   meta:
#     ucd: time.phase
# - 
#   name: geom_model_gaussian1_phase_error
#   datatype: float32
#   description: "Uncertainty of \\texttt{geomModelGaussian1Phase}"
#   meta:
#     ucd: stat.error;time.phase
# - 
#   name: geom_model_gaussian1_sigma
#   datatype: float32
#   description: "Standard deviation [phase] of Gaussian 1 component"
#   meta:
#     ucd: stat.stdev
# - 
#   name: geom_model_gaussian1_sigma_error
#   datatype: float32
#   description: "Uncertainty of \\texttt{geomModelGaussian1Sigma}"
#   meta:
#     ucd: stat.error
# - 
#   name: geom_model_gaussian1_depth
#   datatype: float32
#   unit: mag
#   description: Magnitude depth of Gaussian 1 component
#   meta:
#     ucd: src.var.amplitude
# - 
#   name: geom_model_gaussian1_depth_error
#   datatype: float32
#   unit: mag
#   description: "Uncertainty of \\texttt{geomModelGaussian1Depth}"
#   meta:
#     ucd: stat.error;src.var.amplitude
# - 
#   name: geom_model_gaussian2_phase
#   datatype: float32
#   description: Phase of Gaussian 2 component
#   meta:
#     ucd: time.phase
# - 
#   name: geom_model_gaussian2_phase_error
#   datatype: float32
#   description: "Uncertainty of \\texttt{geomModelGaussian2Phase}"
#   meta:
#     ucd: stat.error;time.phase
# - 
#   name: geom_model_gaussian2_sigma
#   datatype: float32
[...]
#   datatype: float32
#   description: "Secondary eclipse: uncertainty of \\texttt{derivedSecondaryEclDuration}"
#   meta:
#     ucd: stat.error;time.duration
# - 
#   name: derived_secondary_ecl_depth
#   datatype: float32
#   unit: mag
#   description: "Secondary eclipse: depth"
#   meta:
#     ucd: src.var.amplitude
# - 
#   name: derived_secondary_ecl_depth_error
#   datatype: float32
#   unit: mag
#   description: "Secondary eclipse: uncertainty of \\texttt{derivedSecondaryEclDepth}"
#   meta:
#     ucd: stat.error;src.var.amplitude
solution_id,source_id,global_ranking,reference_time,frequency,frequency_error,geom_model_reference_level,geom_model_reference_level_error,geom_model_gaussian1_phase,geom_model_gaussian1_phase_error,geom_model_gaussian1_sigma,geom_model_gaussian1_sigma_error,geom_model_gaussian1_depth,geom_model_gaussian1_depth_error,geom_model_gaussian2_phase,geom_model_gaussian2_phase_error,geom_model_gaussian2_sigma,geom_model_gaussian2_sigma_error,geom_model_gaussian2_depth,geom_model_gaussian2_depth_error,geom_model_cosine_half_period_amplitude,geom_model_cosine_half_period_amplitude_error,geom_model_cosine_half_period_phase,geom_model_cosine_half_period_phase_error,model_type,num_model_parameters,reduced_chi2,derived_primary_ecl_phase,derived_primary_ecl_phase_error,derived_primary_ecl_duration,derived_primary_ecl_duration_error,derived_primary_ecl_depth,derived_primary_ecl_depth_error,derived_secondary_ecl_phase,derived_secondary_ecl_phase_error,derived_secondary_ecl_duration,derived_secondary_ecl_duration_error,derived_secondary_ecl_depth,derived_secondary_ecl_depth_error
[from data line 73]
375316653866487564,5958560347685728640,0.4206317,2239.546260019688,1.7836035291103842,6.059575E-5,18.673164,0.0059493105,0.34541577,0.005752563,0.038500607,0.0059112837,0.12058231,0.027257726,0.8472891,0.01575928,0.033478267,0.0063265758,0.0797019,0.01832553,null,null,null,null,"TWOGAUSSIANS",8,5.0217776,0.34541577,0.005752563,0.2156034,0.03310319,0.12058231,0.027257726,0.8472891,0.01575928,0.1874783,0.035428826,0.0797019,0.01832553
375316653866487564,5958560416405186688,0.5586766,2242.0308936364627,2.725172885315998,1.4416206E-5,18.819061,0.0058027958,0.32296938,0.004659155,0.07754264,0.004570333,0.27333704,0.008027903,0.82772076,0.0033259809,0.073048085,0.004494039,0.3034727,0.013368114,null,null,null,null,"TWOGAUSSIANS",8,1.5082896,0.82772076,0.0033259809,0.4,6.764973E-4,0.30138394,0.013844423,0.32296938,0.004659155,0.4,0.0,0.2712483,0.007783206
375316653866487564,5958560858787316864,0.5277169,2210.1940192572297,3.4148306645864634,2.3024653E-5,18.157084,0.02335748,0.218306,0.00525439,0.09265802,0.015685834,0.2501709,0.018420577,0.7061171,0.004840695,0.09945856,0.012613622,0.21458258,0.021778436,null,null,null,null,"TWOGAUSSIANS",8,4.8941464,0.218306,0.0052480707,0.4,0.0,0.23697034,0.01683211,0.7061171,0.004840695,0.4,0.0,0.20138068,0.0138022145
375316653866487564,5958561687708332928,0.44233268,2233.6361616045133,2.6871943958892417,6.232179E-5,17.341665,0.0018961593,null,null,null,null,null,null,null,null,null,null,null,null,0.036661305,0.0027692465,0.26506627,0.00539342,"ELLIPSOIDAL",4,6.2751904,null,null,null,null,null,null,null,null,null,null,null,null
375316653866487564,5958562031305740928,0.5727539,2246.250665716953,3.005959721789199,1.011496E-5,18.98813,0.0058619636,0.2835037,0.007222355,0.06687848,0.0073781675,0.5075874,0.031842336,0.774712,0.00429706,0.0655539,0.006237953,0.5918462,0.02669395,null,null,null,null,"TWOGAUSSIANS",8,3.146539,0.774712,0.00429706,0.36710188,0.03493254,0.59116346,0.026895085,0.2835037,0.007222355,0.3745195,0.030405186,0.50690454,0.032672483
375316653866487564,5958562198808001792,0.58617836,2242.7867209633337,2.293598564876005,9.686628E-6,17.139002,0.012159817,0.30256054,0.0021569896,0.038386434,0.0038885742,0.33876303,0.02537316,0.7943246,0.0016845166,0.039894994,0.0021223288,0.7782673,0.03371612,0.047384754,0.0141467415,0.30256054,0.0021569896,"TWOGAUSSIANS_WITH_ELLIPSOIDAL_ON_ECLIPSE1",9,27.927895,0.7944446,0.0016612111,0.22341198,0.011885041,0.87278706,0.029014807,0.30256054,0.0021569896,0.21496405,0.021776015,0.43353254,0.016893147
375316653866487564,5958562443623033728,0.4663968,2246.808917227364,0.7496163887708372,3.2841413E-5,19.428669,0.005485873,0.22620556,0.020016387,0.029443456,0.021653302,0.18124259,0.26470062,0.7226552,0.0029284167,0.051372938,0.004963983,0.20805578,0.014817835,null,null,null,null,"TWOGAUSSIANS",8,2.3648887,0.7226552,0.0029284167,0.28768846,0.027798302,0.20805578,0.014817839,0.22620556,0.020016387,0.16488336,0.12125849,0.18124259,0.26470065
375316653866487564,5958563062098417536,0.49712428,2256.5217408521,0.9689063428688239,2.7849164E-5,18.583752,0.0057598646,0.2957509,0.0035644663,0.036256563,0.0044774394,0.3626873,0.02856108,0.8048964,0.0035629182,0.03664214,0.00465315,0.12341066,0.012488947,null,null,null,null,"TWOGAUSSIANS",8,6.127509,0.2957509,0.0035644663,0.20303676,0.02507366,0.3626873,0.02856108,0.8048964,0.0035629182,0.205196,0.02605764,0.12341066,0.012488947
375316653866487564,5958563337049920512,0.53150326,2220.1525659453555,3.713200585923465,1.3687064E-5,19.786077,0.009146735,0.22210723,0.0039834534,0.068570726,0.0039705765,0.6281388,0.041808374,0.7371843,0.003547627,0.06765994,0.0033048762,0.58613634,0.042241983,null,null,null,null,"TWOGAUSSIANS",8,2.4660573,0.22210723,0.0039834534,0.38399604,0.02223523,0.6271836,0.04198031,0.7371843,0.003547627,0.37889564,0.018507307,0.58518124,0.042350255
375316653866487564,5958563371336350208,0.6650333,2242.24139284878,0.2691519697253978,5.6913705E-6,16.927637,0.0023507033,0.20830603,0.0050407792,0.023470609,0.0024874944,1.0324774,0.0893713,0.7046689,0.0041716076,0.026633097,0.005128739,0.07717809,0.017407887,0.01990829,0.0037434297,0.20830603,0.0050407792,"TWOGAUSSIANS_WITH_ELLIPSOIDAL_ON_ECLIPSE1",9,6.0131545,0.20830603,0.0050407792,0.13143541,0.013929968,1.072294,0.08726909,0.7047689,0.00400185,0.14914535,0.028720938,0.11697443,0.017700652
375316653866487564,5958563989811376512,0.48406398,2235.4744437781746,0.15444882455672623,1.0689634E-4,19.298698,0.010556043,0.16931754,0.005530418,0.008107894,0.003440675,0.08585763,0.026137726,0.6159396,0.061225794,0.13592622,0.04678279,0.31163254,0.045830846,null,null,null,null,"TWOGAUSSIANS",8,2.2594974,0.6159396,0.061225794,0.4,0.0,0.31091404,0.04572238,0.16933754,0.0055546802,0.045404203,0.01926778,0.08662807,0.026435304
375316653866487564,5958564127323775488,0.4190574,2247.2661339973706,4.030549557405033,3.3053693E-5,14.488268,0.006473907,0.15424004,0.0100560775,0.04753531,0.012735736,0.09027932,0.033389106,0.9005921,0.015242026,0.047349915,0.011641659,0.035211995,0.008511819,null,null,null,null,"TWOGAUSSIANS",8,320.03183,0.15424004,0.0100560775,0.26619774,0.07132012,0.09027934,0.033389118,0.9005921,0.015242026,0.26515952,0.06519329,0.035212055,0.0085120695
375316653866487564,5958564264689101312,0.51473045,2235.4063667686783,2.4688653619255176,2.1863134E-5,18.906357,0.03627328,0.24413358,0.008020067,0.122543834,0.030509965,0.21441774,0.024850616,0.7407206,0.0034632715,0.09928341,0.012181613,0.2556582,0.033349976,null,null,null,null,"TWOGAUSSIANS",8,1.787082,0.7407206,0.0034632715,0.4,0.0,0.2207798,0.010962465,0.24413358,0.008020067,0.4,0.0,0.17943625,0.028612485
375316653866487564,5958564638349846016,0.63015515,2235.4189095757765,1.6113260623726011,5.673248E-6,16.409138,0.011785936,0.2541092,0.0017576147,0.13951363,0.011322472,0.1368286,0.010970334,0.7518917,0.0011718799,0.09064028,0.00301408,0.29518285,0.01048117,null,null,null,null,"TWOGAUSSIANS",8,2.8909938,0.7518917,0.0011718799,0.4,0.0,0.2635316,0.0053471406,0.2541092,0.0017576147,0.4,0.0,0.10473205,0.0020595544
375316653866487564,5958564947616812288,0.4917832,2249.0616303623788,3.4077414607677254,4.5174533E-5,18.44308,0.02680696,0.2021145,0.007870118,0.080131985,0.01284187,0.22304006,0.025518592,0.68837845,0.008040546,0.095087886,0.030813782,0.21779631,0.025938295,null,null,null,null,"TWOGAUSSIANS",8,4.2156696,0.2021145,0.007870596,0.4,0.0,0.21708012,0.0138264075,0.68837845,0.008040546,0.4,0.0,0.2118358,0.038069036
375316653866487564,5958564951884396544,0.51485884,2248.7544515200634,2.164707532885024,2.1756154E-5,19.264992,0.0143768955,0.28717884,0.00617372,0.08436274,0.0084002195,0.34850553,0.022433747,0.7777261,0.005655349,0.07538254,0.0063036615,0.38385954,0.032236863,null,null,null,null,"TWOGAUSSIANS",8,3.1279569,0.7777261,0.005655349,0.4,0.0,0.37935603,0.03236862,0.28717884,0.00617372,0.4,0.0,0.344002,0.022193221
375316653866487564,5958564951957676800,0.55827695,2250.986089651976,2.4111119240536985,2.539819E-5,17.180534,0.027018415,0.16074944,0.0056471014,0.07559266,0.0087343985,0.5045527,0.029746227,0.63584787,0.01565093,0.09109292,0.022752121,0.43995208,0.07135435,null,null,null,null,"TWOGAUSSIANS",8,44.652897,0.16074944,0.0056471014,0.4,0.0043132664,0.4980135,0.02424679,0.63584787,0.01565093,0.4,0.0,0.43341228,0.07700921
375316653866487564,5958565158116183936,0.44482365,2268.192792367684,2.9913036309218404,4.715581E-5,18.575968,0.012540345,0.29114863,0.007598951,0.019006277,0.007112959,0.410702,0.097300835,0.58208865,0.0031435282,0.017667186,0.009311325,1.2687489,1.3499221,null,null,null,null,"TWOGAUSSIANS",8,5.6276035,0.58208865,0.0031435282,0.09893624,0.052143417,1.2687489,1.3499221,0.29114863,0.007598951,0.10643515,0.03983257,0.410702,0.097300835
375316653866487564,5958565703507400960,0.4474159,2270.167707645388,1.1522171247128492,8.07454E-5,17.9548,0.004781638,0.17224586,9.972819E-4,0.016720315,0.0015763892,0.8170896,0.4014404,0.60679704,0.03425036,0.05534532,0.04850542,0.018812018,0.03619527,null,null,null,null,"TWOGAUSSIANS",8,8.415594,0.17224586,9.972819E-4,0.09363376,0.008827779,0.8170896,0.4014404,0.60679704,0.03425036,0.30993378,0.27163038,0.018812018,0.03619527
375316653866487564,5958565806589216896,0.4827822,2245.7817629551923,3.5979753814573567,1.7114424E-5,18.406979,0.0026837578,0.28424147,0.004937707,0.009889341,0.024209196,0.026534291,0.048891272,null,null,null,null,null,null,0.062018085,0.0042268187,0.28424147,0.004937707,"ONEGAUSSIAN_WITH_ELLIPSOIDAL",6,2.260504,0.28424147,0.004937707,0.055380307,0.1355715,0.15057026,0.05272926,null,null,null,null,null,null
375316653866487564,5958565810877867136,0.5067651,2236.7424818568616,0.050595001891875636,1.3622694E-5,19.750883,0.0072707334,0.24681677,0.002867813,0.041855402,0.0043053445,9.14008,6.774032,0.5851827,0.012959456,0.1484709,0.024655195,0.18781097,0.037064306,null,null,null,null,"TWOGAUSSIANS",8,1.4692549,0.24685676,0.0028284483,0.23439026,0.02410993,9.152269,6.7733965,0.5851827,0.012959456,0.4,0.0,0.1859933,0.038398713
375316653866487564,5958566085829088768,0.47929344,2239.651052015319,0.41493012524894607,8.862597E-5,16.132977,0.003147483,0.27670228,0.002043746,0.016056657,0.0016701495,0.13340351,0.008105496,0.72277254,0.05757423,0.13059905,0.054984782,0.0075367806,0.00324163,null,null,null,null,"TWOGAUSSIANS",8,13.652041,0.27670228,0.002043746,0.08991728,0.009352838,0.13341331,0.008110992,0.72277254,0.05757423,0.4,0.0,0.0075235832,0.003224421
375316653866487564,5958566120112830464,0.46694523,2225.8061987489455,2.2688560039599013,6.0103295E-5,19.1834,0.0122480085,0.2640862,0.0058584926,0.04809942,0.005640421,0.32593322,0.042187076,0.76545644,0.0077134413,0.036979355,0.008535971,0.44547194,0.165805,null,null,null,null,"TWOGAUSSIANS",8,9.3262825,0.76545644,0.0077134413,0.20708437,0.04780144,0.4454719,0.16580504,0.2640862,0.0058584926,0.26935676,0.031586356,0.3259332,0.042187087
375316653866487564,5958566223195020032,0.47182557,2242.9116750215194,2.9277671525214397,4.2956108E-5,19.70841,0.02435913,0.20487049,0.006533992,0.09216975,0.013177469,0.30805975,0.036852695,0.73049533,0.010915356,0.085414216,0.013845757,0.3079261,0.047228955,null,null,null,null,"TWOGAUSSIANS",8,3.1696048,0.20487049,0.006533992,0.4,0.0,0.3003537,0.037088078,0.73049533,0.010915356,0.4,0.0,0.30022055,0.04704126
375316653866487564,5958566257556753920,0.47942907,2248.0786994461255,2.939382521431367,7.1122544E-5,19.897846,0.035578955,0.22318059,0.0061631496,0.08574029,0.017780451,0.24812014,0.031010525,0.72258973,0.012953885,0.07966591,0.024579246,0.29351708,0.059018504,null,null,null,null,"TWOGAUSSIANS",8,1.7494996,0.72258973,0.012953885,0.4,0.039593495,0.28800538,0.06382514,0.22318059,0.0061631496,0.4,0.0,0.24260843,0.023465417
375316653866487564,5958566390696332288,0.6870933,2251.583840826428,2.0552714579017435,4.5149864E-6,13.745094,0.0037866007,0.29489347,0.012277772,0.043958012,0.012571321,0.105588645,0.008233015,0.7684351,8.1998785E-4,0.054035123,0.0029987488,0.15962663,0.010724258,0.12874459,0.0044467463,0.7684351,8.1998785E-4,"TWOGAUSSIANS_WITH_ELLIPSOIDAL_ON_ECLIPSE2",9,35.32911,0.7684351,8.1998785E-4,0.3025967,0.016792994,0.41711187,0.008652459,0.28770345,0.012082387,0.24616487,0.070399396,0.35791522,0.009722039
375316653866487564,5958566498082105472,0.59715134,2258.0865786201903,3.4372759949069867,1.343264E-5,18.870708,0.011688416,0.26305842,0.0021279796,0.048406135,0.0040835254,0.3845943,0.026248813,0.7579534,0.0033803643,0.0468609,0.0048852186,0.31873047,0.042810377,0.10345852,0.014677096,0.26305842,0.0021279796,"TWOGAUSSIANS_WITH_ELLIPSOIDAL_ON_ECLIPSE1",9,1.8111552,0.26305842,0.0021279796,0.27107435,0.022867741,0.5915106,0.010719294,0.7584734,0.0030517448,0.26242104,0.027357224,0.5254555,0.04261947
375316653866487564,5958566704231552640,0.5666904,2229.695714677456,1.6105017847748673,1.2125349E-5,18.182531,0.0038339747,0.23388427,0.0016217739,0.058802802,0.0017288175,0.36502558,0.012110564,0.7386247,0.00526868,0.07189618,0.0060970243,0.11718182,0.0081212185,null,null,null,null,"TWOGAUSSIANS",8,2.6090877,0.23388427,0.0016217739,0.3292957,0.009681378,0.36480454,0.012120572,0.7386247,0.00526868,0.4,0.0087088905,0.116960764,0.008159811
375316653866487564,5958566837381516672,0.58641976,2232.711900786858,0.6006656645636244,3.824975E-6,17.279839,0.002249449,0.19180067,1.7845128E-5,0.0018576268,2.789214E-4,0.05202913,6.964755E-4,0.70022947,2.1480642E-4,0.028058227,4.481737E-4,0.4026173,0.007114663,0.011752599,0.004048249,0.70022947,2.1480642E-4,"TWOGAUSSIANS_WITH_ELLIPSOIDAL_ON_ECLIPSE2",9,5.275945,0.70022947,2.1480642E-4,0.15712607,0.0025097728,0.42612246,0.0068739676,0.19180067,1.7845128E-5,0.01040271,0.0015619599,0.07546842,0.0081205545
375316653866487564,5958566944746563456,0.43159732,2273.678334240278,4.568709061575086,6.728163E-5,16.743849,0.0039382647,0.12876172,6.3745404E-4,0.008111703,6.171786E-4,0.1783367,0.026672944,0.38724414,0.009137964,0.025042333,0.0065329997,0.115303315,0.0068861702,null,null,null,null,"TWOGAUSSIANS",8,5.5491023,0.12876172,6.3745404E-4,0.045425534,0.0034562005,0.1783367,0.026672944,0.38724414,0.009137964,0.14023706,0.0365848,0.115303315,0.0068861702
375316653866487564,5958566944822178432,0.6438284,2237.9472390816977,1.680995708708247,5.5423184E-6,14.111044,0.011820823,0.2884051,9.220913E-4,0.12371556,0.0068072034,0.16744946,0.010378206,0.788538,9.799539E-4,0.11971017,0.0058189672,0.16694579,0.011279078,null,null,null,null,"TWOGAUSSIANS",8,7.9668717,0.2884051,9.220913E-4,0.4,0.0,0.12699299,0.002813724,0.788538,9.791902E-4,0.4,0.0,0.12653002,0.0013489698
375316653866487564,5958567082188767488,0.4448594,2253.5645066966545,1.1500216998385937,2.412112E-5,18.45697,0.016298387,0.26080477,0.007074785,0.024453506,0.009438652,0.30259782,0.15123099,0.7939877,8.089391E-4,0.038832918,0.0025093055,0.3188522,0.015439406,null,null,null,null,"TWOGAUSSIANS",8,5.0475645,0.7939877,8.089391E-4,0.21746434,0.014052112,0.3188522,0.015439406,0.26080477,0.007074785,0.13693963,0.05285645,0.30259782,0.15123099
375316653866487564,5958567116548557312,0.5746651,2234.216026568519,3.7807696215090982,1.8521974E-5,18.986462,0.012531818,0.23906301,0.0039160554,0.079038,0.0051371437,0.48290116,0.015559087,0.7316773,0.0034022115,0.07750409,0.0064212307,0.50474393,0.025950303,null,null,null,null,"TWOGAUSSIANS",8,2.8005483,0.7316773,0.0034022115,0.4,0.0,0.499578,0.0272875,0.23906301,0.0039160554,0.4,0.0,0.4777352,0.015253513
375316653866487564,5958567249695537152,0.47705472,2244.2852781975694,1.9959359769703269,1.1930801E-4,17.868557,0.011516466,0.35435554,0.031933896,0.065061174,0.03139387,0.20141146,0.09842123,0.7707756,0.0096582845,0.015748838,0.01100859,0.33820453,0.12530491,0.047277957,0.021049622,0.7707756,0.0096582845,"TWOGAUSSIANS_WITH_ELLIPSOIDAL_ON_ECLIPSE2",9,20.28024,0.7707756,0.0096582845,0.08819349,0.061648104,0.43275982,0.12728068,0.34427556,0.03255245,0.36434257,0.11985573,0.27479124,0.084798425
375316653866487564,5958568246147865344,0.5017333,2241.5868232376743,3.137941215259666,1.9039579E-5,18.775188,0.048636355,0.14882684,0.0035984947,0.09035413,0.013324253,0.3107293,0.04205461,0.6579981,0.006053598,0.11584453,0.030826043,0.2592427,0.028466724,null,null,null,null,"TWOGAUSSIANS",8,3.6439092,0.14880683,0.0035768705,0.4,0.0,0.28448182,0.01773423,0.6579981,0.006053598,0.4,0.0,0.23294608,0.02402352
375316653866487564,5958568383569751680,0.55742216,2244.642908184585,0.2848068560594081,3.5734287E-5,18.098253,0.0075511746,0.25507253,0.009057747,0.025590392,0.025432322,1.3645629,2.3777661,0.75375533,0.00691193,0.026553245,0.0067119007,0.1392925,0.09133982,0.029716171,0.0118732555,0.25507253,0.009057747,"TWOGAUSSIANS_WITH_ELLIPSOIDAL_ON_ECLIPSE1",9,6.9924154,0.25507253,0.009057747,0.1433062,0.14242099,1.4239953,2.385406,0.7537854,0.006789545,0.14869817,0.037586644,0.19872086,0.09092618
