Gaia/vari_eclipsing_binary/VariEclipsingBinary_467528-467552.csv
# %ECSV 1.0
# ---
# delimiter: ','
# meta: !!omap
# - RELEASE: Gaia DR3
# - TABLE: vari_eclipsing_binary
# - DESCRIPTION: >
#     This table describes the properties of the eclipsing binaries resulting from the variability analysis. 
# - CITATION: >
#     How to cite and acknowledge Gaia: 
#     https://gea.esac.esa.int/archive/documentation/credits.html 
# - KNOWN_ISSUES: >
#     Known issues: 
#     https://www.cosmos.esa.int/web/gaia-users/known-issues 
# - DOCUMENTATION: >
#     Tutorials and documentation: 
#     https://www.cosmos.esa.int/web/gaia-users/archive 
# datatype:
# - 
#   name: solution_id
#   datatype: int64
#   description: Solution Identifier
#   meta:
#     ucd: meta.version
# - 
#   name: source_id
#   datatype: int64
#   description: Unique source identifier
#   meta:
#     ucd: meta.id;meta.main
# - 
#   name: global_ranking
#   datatype: float32
#   description: Number between 0 (worst) and 1 (best)
#   meta:
#     ucd: stat.param
# - 
#   name: reference_time
#   datatype: float64
#   unit: d
#   description: Reference time used for the geometric model fit
#   meta:
#     ucd: time.epoch
# - 
#   name: frequency
#   datatype: float64
#   unit: d**-1
#   description: Frequency of geometric model of the eclipsing binary light curve
#   meta:
#     ucd: src.orbital
# - 
#   name: frequency_error
#   datatype: float32
#   unit: d**-1
#   description: "Uncertainty of \\texttt{frequency}"
#   meta:
#     ucd: stat.error
# - 
#   name: geom_model_reference_level
#   datatype: float32
#   unit: mag
#   description: Magnitude reference level of geometric model
#   meta:
#     ucd: phot.mag;em.opt
# - 
#   name: geom_model_reference_level_error
#   datatype: float32
#   unit: mag
#   description: "Uncertainty of \\texttt{geomModelReferenceLevel}"
#   meta:
#     ucd: stat.error;phot.mag;em.opt
# - 
#   name: geom_model_gaussian1_phase
#   datatype: float32
#   description: Phase of the Gaussian 1 component
#   meta:
#     ucd: time.phase
# - 
#   name: geom_model_gaussian1_phase_error
#   datatype: float32
#   description: "Uncertainty of \\texttt{geomModelGaussian1Phase}"
#   meta:
#     ucd: stat.error;time.phase
# - 
#   name: geom_model_gaussian1_sigma
#   datatype: float32
#   description: "Standard deviation [phase] of Gaussian 1 component"
#   meta:
#     ucd: stat.stdev
# - 
#   name: geom_model_gaussian1_sigma_error
#   datatype: float32
#   description: "Uncertainty of \\texttt{geomModelGaussian1Sigma}"
#   meta:
#     ucd: stat.error
# - 
#   name: geom_model_gaussian1_depth
#   datatype: float32
#   unit: mag
#   description: Magnitude depth of Gaussian 1 component
#   meta:
#     ucd: src.var.amplitude
# - 
#   name: geom_model_gaussian1_depth_error
#   datatype: float32
#   unit: mag
#   description: "Uncertainty of \\texttt{geomModelGaussian1Depth}"
#   meta:
#     ucd: stat.error;src.var.amplitude
# - 
#   name: geom_model_gaussian2_phase
#   datatype: float32
#   description: Phase of Gaussian 2 component
#   meta:
#     ucd: time.phase
# - 
#   name: geom_model_gaussian2_phase_error
#   datatype: float32
#   description: "Uncertainty of \\texttt{geomModelGaussian2Phase}"
#   meta:
#     ucd: stat.error;time.phase
# - 
#   name: geom_model_gaussian2_sigma
#   datatype: float32
[...]
#   datatype: float32
#   description: "Secondary eclipse: uncertainty of \\texttt{derivedSecondaryEclDuration}"
#   meta:
#     ucd: stat.error;time.duration
# - 
#   name: derived_secondary_ecl_depth
#   datatype: float32
#   unit: mag
#   description: "Secondary eclipse: depth"
#   meta:
#     ucd: src.var.amplitude
# - 
#   name: derived_secondary_ecl_depth_error
#   datatype: float32
#   unit: mag
#   description: "Secondary eclipse: uncertainty of \\texttt{derivedSecondaryEclDepth}"
#   meta:
#     ucd: stat.error;src.var.amplitude
solution_id,source_id,global_ranking,reference_time,frequency,frequency_error,geom_model_reference_level,geom_model_reference_level_error,geom_model_gaussian1_phase,geom_model_gaussian1_phase_error,geom_model_gaussian1_sigma,geom_model_gaussian1_sigma_error,geom_model_gaussian1_depth,geom_model_gaussian1_depth_error,geom_model_gaussian2_phase,geom_model_gaussian2_phase_error,geom_model_gaussian2_sigma,geom_model_gaussian2_sigma_error,geom_model_gaussian2_depth,geom_model_gaussian2_depth_error,geom_model_cosine_half_period_amplitude,geom_model_cosine_half_period_amplitude_error,geom_model_cosine_half_period_phase,geom_model_cosine_half_period_phase_error,model_type,num_model_parameters,reduced_chi2,derived_primary_ecl_phase,derived_primary_ecl_phase_error,derived_primary_ecl_duration,derived_primary_ecl_duration_error,derived_primary_ecl_depth,derived_primary_ecl_depth_error,derived_secondary_ecl_phase,derived_secondary_ecl_phase_error,derived_secondary_ecl_duration,derived_secondary_ecl_duration_error,derived_secondary_ecl_depth,derived_secondary_ecl_depth_error
[from data line 259]
375316653866487564,4112540488556766720,0.50706667,2261.1207539025977,3.566451634883846,1.6288977E-5,19.2981,0.023454228,0.23460668,0.0041210325,0.08946754,0.010725125,0.28223777,0.019157434,0.7254528,0.0067862035,0.09046446,0.010541349,0.25448406,0.029687945,null,null,null,null,"TWOGAUSSIANS",8,2.4742553,0.23460668,0.0041210325,0.4,0.0,0.2724606,0.015130401,0.7254528,0.0067862035,0.4,0.0,0.24470688,0.02623822
375316653866487564,4112541102726526720,0.49647337,2275.2536279615133,1.3716127708459183,1.6893313E-5,17.706602,0.0023803092,0.26799068,0.0051781726,0.03085824,0.008008779,0.056656048,0.04070692,0.76052403,0.004737773,0.028206224,0.004315343,0.09318899,0.015776131,0.026318492,0.004170453,0.26799068,0.0051781726,"TWOGAUSSIANS_WITH_ELLIPSOIDAL_ON_ECLIPSE1",9,3.4742138,0.7607841,0.0045418167,0.15795486,0.02416592,0.14571416,0.015581367,0.26799068,0.0051781726,0.17280614,0.04484916,0.10929303,0.041400462
375316653866487564,4112542584537202432,0.6007401,2287.168823460839,1.7464209635604129,7.536509E-6,17.471405,0.009266898,0.27389073,0.0034645782,0.07970489,0.0072361077,0.21665649,0.00875275,0.7814895,0.006629617,0.10978918,0.0143663725,0.10175607,0.0073878868,null,null,null,null,"TWOGAUSSIANS",8,1.7037276,0.27389073,0.003464936,0.4,0.0,0.20919207,0.009809573,0.7814895,0.006629617,0.4,0.0,0.09428497,0.0060844994
375316653866487564,4112542859379138432,0.45471498,2277.7787248831864,0.1064918843651031,3.41831E-5,19.200321,0.029605772,0.56303173,0.012477155,0.06741939,0.0062556304,0.335046,0.04651543,0.81728685,0.023229243,0.1453992,0.042769033,0.112191424,0.029291872,null,null,null,null,"TWOGAUSSIANS",8,3.8808453,0.5671417,0.011464977,0.37754855,0.03503153,0.35915688,0.047486223,0.81728685,0.023229243,0.4,0.0,0.111655764,0.026642913
375316653866487564,4112543237339432320,0.53644776,2284.8031293312065,1.9686314476631184,2.3715926E-5,18.84022,0.030500816,0.28053182,0.0064377715,0.09698199,0.014243044,0.28329027,0.02997451,0.78603554,0.006532562,0.103792295,0.013039335,0.24120978,0.029058691,null,null,null,null,"TWOGAUSSIANS",8,1.6749936,0.28053182,0.006453892,0.4,0.0,0.26142398,0.016318843,0.78603554,0.006531142,0.4,0.0,0.21933995,0.010505097
375316653866487564,4112543714063833344,0.5021897,2287.454258673401,2.228074086385073,1.6030705E-5,18.684649,0.004914435,0.24970351,0.0046710144,0.02133973,0.02290018,0.20798661,27817.492,0.80691653,0.01847523,0.013537698,0.03598823,0.08964633,0.21237616,0.11572932,0.011612329,0.24970351,0.0046710144,"TWOGAUSSIANS_WITH_ELLIPSOIDAL_ON_ECLIPSE1",9,7.445373,0.24970351,0.0046710144,0.119502485,0.12824102,0.43944487,27817.492,0.80691653,0.01847523,0.07581111,0.20153409,0.29246056,0.21179195
375316653866487564,4112544607430619776,0.47563273,2257.3254528924454,3.141698303548142,2.817705E-5,19.23832,0.01546661,0.24523012,0.011304408,0.0728529,0.010867951,0.48302177,0.05722471,0.74437237,0.0068514356,0.057849824,0.015269958,0.3673906,0.04898414,null,null,null,null,"TWOGAUSSIANS",8,10.981742,0.24523012,0.011304408,0.4,0.04166884,0.4824711,0.057197694,0.74437237,0.0068514356,0.32395902,0.08551177,0.36683995,0.049944673
375316653866487564,4112545500770343168,0.5039996,2276.0220032317748,2.8635958602071288,1.2881327E-5,18.327183,0.0028651839,null,null,null,null,null,null,null,null,null,null,null,null,0.08377624,0.004627244,0.23782991,0.0031287102,"ELLIPSOIDAL",4,3.3941512,null,null,null,null,null,null,null,null,null,null,null,null
375316653866487564,4112546020475472640,0.51111835,2254.5517439185014,2.9793169349338213,3.91632E-5,19.33356,0.0136604775,0.29522908,0.010296441,0.082346804,0.0135874115,0.31008223,0.039470762,0.7971045,0.012590894,0.064023785,0.009183384,0.3044781,0.032634255,null,null,null,null,"TWOGAUSSIANS",8,2.873345,0.29522908,0.010296441,0.4,0.0,0.30837426,0.040506475,0.7971045,0.012590894,0.3585332,0.051426947,0.30277014,0.031504437
375316653866487564,4112546119247804544,0.54664654,2305.0396826083265,1.2916216140377343,1.732625E-5,17.398176,0.103898264,0.15073113,0.0088748485,0.14282456,0.039658073,0.15044639,0.101578034,0.6014737,0.016490452,0.112668365,0.02868156,0.20023765,0.09232949,null,null,null,null,"TWOGAUSSIANS",8,2.8875911,0.6014737,0.016490452,0.4,0.0,0.16805203,0.00524768,0.15105113,0.0073540877,0.4,0.0,0.117202796,0.0050510857
375316653866487564,4112546192309854080,0.612323,2301.661725859053,2.2100851791928826,5.8765377E-6,16.666418,0.004837996,0.27089533,0.0011983692,0.08655952,0.0024556157,0.25344905,0.0053849667,0.7716999,0.002942805,0.09354597,0.0044303397,0.19268368,0.007360704,null,null,null,null,"TWOGAUSSIANS",8,3.0611935,0.27089533,0.0011983692,0.4,0.0,0.2442691,0.004738058,0.7716999,0.002942805,0.4,0.0,0.18350351,0.007677477
375316653866487564,4112546295353547904,0.53095424,2264.848744757761,2.483829770292683,2.5361742E-5,19.437233,0.010241053,0.26450863,0.0053332695,0.07756547,0.007250887,0.45171496,0.059103835,0.7672115,0.008443525,0.072183706,0.008765047,0.4643239,0.020262012,null,null,null,null,"TWOGAUSSIANS",8,3.620322,0.7672115,0.008443525,0.4,0.027640415,0.4610561,0.020566404,0.26450863,0.0053332695,0.4,0.0,0.44844717,0.06015649
375316653866487564,4112547356196111616,0.49948463,2301.2228727383126,0.8008098634937377,1.2755214E-4,18.69269,0.013539679,0.31167045,0.089911506,0.119724825,0.07041344,0.055471875,0.018625492,0.6478999,0.015392282,0.030888157,0.05523123,0.6100002,0.50129056,null,null,null,null,"TWOGAUSSIANS",8,6.255695,0.6478999,0.015392282,0.17297368,0.22201404,0.61105686,0.5033468,0.31167045,0.08988795,0.4,0.0,0.05545339,0.016026383
375316653866487564,4112548185139892352,0.52221173,2262.3931201953646,2.1165245816030334,1.428549E-5,19.211418,0.020154959,0.29798248,0.007075732,0.07940966,0.0096417265,0.39752382,0.022642756,0.7856838,0.0067363624,0.078728296,0.00950113,0.3797413,0.021217363,null,null,null,null,"TWOGAUSSIANS",8,2.7882864,0.29798248,0.007075732,0.4,0.0,0.39343515,0.023031931,0.7856838,0.0067363624,0.4,0.0,0.37565267,0.017393418
375316653866487564,4112548666211293568,0.6682611,2306.4293773364516,2.1617229162790683,1.089148E-6,15.630504,7.959163E-4,0.8492477,2.6412197E-6,0.0017022447,7.762487E-6,0.8885644,0.0052369735,null,null,null,null,null,null,null,null,null,null,"ONEGAUSSIAN",5,5.5578713,0.8492477,2.6412197E-6,0.009532571,4.346993E-5,0.8885644,0.0,null,null,null,null,null,null
375316653866487564,4112548696246398720,0.59673095,2301.766452382277,0.8320078931379378,2.691943E-5,18.5741,0.0030327584,0.16212179,0.0021366538,0.0399824,0.0020414093,0.26351362,0.011500574,0.6652312,0.0031237132,0.032982573,0.0018797949,0.64676535,0.028759632,null,null,null,null,"TWOGAUSSIANS",8,1.8582537,0.6652312,0.0031237132,0.18470241,0.010526851,0.64676535,0.028759632,0.16212179,0.0021366538,0.22390144,0.011431892,0.26351362,0.011500574
375316653866487564,4112548803617708032,0.448233,2323.813170537309,0.08796817049895868,6.193393E-5,18.857273,0.02249347,0.37853214,0.01879811,0.14197828,0.029995605,0.17132033,0.022320734,0.77727544,0.029502762,0.09266413,0.013329926,0.09190932,0.022619376,null,null,null,null,"TWOGAUSSIANS",8,3.4740071,0.37858212,0.01874537,0.4,0.0,0.16149811,0.017728737,0.77727544,0.029502762,0.4,0.0,0.085419476,0.016225003
375316653866487564,4112550551652416896,0.58006597,2315.56187046693,1.9161776976074671,1.6460268E-5,18.063993,0.0045652348,0.25578472,0.0043536974,0.09046915,0.0059539517,0.12806723,0.008541711,0.7433962,0.0029792045,0.069125324,0.003032462,0.36125687,0.020413425,null,null,null,null,"TWOGAUSSIANS",8,1.8053381,0.7433962,0.0029792045,0.3871018,0.016981786,0.359009,0.020594602,0.25578472,0.0043536974,0.4,0.0,0.1258193,0.008445009
375316653866487564,4112550727763061248,0.49191368,2283.456229880462,2.9768819502895822,1.918312E-5,19.245241,0.040724833,0.25726885,0.00531991,0.08250761,0.01193718,0.37177143,0.051315095,0.7487563,0.007730693,0.08920583,0.02050758,0.3603781,0.034718446,null,null,null,null,"TWOGAUSSIANS",8,5.2950153,0.25726885,0.00531991,0.4,0.0,0.36266166,0.046186775,0.7487563,0.007730693,0.4,0.0,0.35126817,0.032400753
375316653866487564,4112551071358572544,0.46434647,2300.1717100526257,4.927969086640395,3.721846E-5,19.690458,0.020472439,0.15779775,0.010626563,0.0094795665,0.012104536,0.1953109,0.20540056,0.64318186,0.011182838,0.17973045,0.019713005,0.26714936,0.021093413,null,null,null,null,"TWOGAUSSIANS",8,2.039926,0.64318186,0.011182838,0.4,0.0,0.25532305,0.015120661,0.15781775,0.010820026,0.053085573,0.067785405,0.19488251,0.20698069
375316653866487564,4112552548861430656,0.53958505,2306.18207239436,1.2976790289240716,6.7549E-6,16.693542,0.011857894,0.2470755,0.002239707,0.032773525,0.0021363166,0.6952238,0.025306715,0.74115366,0.005277965,0.040307406,0.0041838177,0.5748095,0.060472704,0.02012317,0.017669197,0.2470755,0.002239707,"TWOGAUSSIANS_WITH_ELLIPSOIDAL_ON_ECLIPSE1",9,107.189255,0.2470755,0.002239707,0.18353173,0.011963373,0.7354701,0.015933856,0.74120367,0.005229186,0.22572148,0.023429379,0.61500067,0.056583162
375316653866487564,4112552961142902528,0.50783986,2283.9787728032393,0.9133611260884819,7.017419E-5,18.204014,0.003460959,0.47585177,0.004719927,0.07072288,0.004726684,0.23240757,0.023038873,null,null,null,null,null,null,null,null,null,null,"ONEGAUSSIAN",5,5.781173,0.47585177,0.004719927,0.3960481,0.022018623,0.23240757,0.0,null,null,null,null,null,null
375316653866487564,4112553128651883648,0.51646644,2256.914028281323,0.7045102304827138,3.141315E-5,18.884691,0.005002958,0.25926578,0.012546641,0.044357304,0.01817824,0.16793789,0.046802767,0.77289027,0.009652573,0.03454524,0.0048405365,0.53741616,0.05796227,null,null,null,null,"TWOGAUSSIANS",8,3.335423,0.77289027,0.009652573,0.19345334,0.027107004,0.53741616,0.057962257,0.25926578,0.012546641,0.2484009,0.10179814,0.16793789,0.046802793
375316653866487564,4112553442181111040,0.46798906,2277.0969368970623,2.6521813935271434,4.7411202E-5,19.951693,0.032019153,0.80245924,0.009910823,0.035109088,0.024644326,0.09088285,0.08934764,null,null,null,null,null,null,0.32273036,0.061963078,0.80245924,0.009910823,"ONEGAUSSIAN_WITH_ELLIPSOIDAL",6,19.03684,0.80245924,0.009910823,0.1966109,0.13800822,0.7363433,0.047784396,null,null,null,null,null,null
375316653866487564,4112554331225912832,0.58083075,2278.6529437251334,2.278049358412304,6.6037287E-6,18.588501,0.012610584,0.27053148,0.002201118,0.08634156,0.0055912444,0.32809567,0.012403511,0.7655974,0.003489102,0.08442661,0.004444679,0.35047686,0.013871118,null,null,null,null,"TWOGAUSSIANS",8,2.2259898,0.7655974,0.003489102,0.4,0.0,0.3419135,0.011682814,0.27053148,0.002201118,0.4,0.0,0.31953225,0.010898077
375316653866487564,4112554507332930432,0.57355964,2291.580840664525,1.9081868246103786,1.5015835E-5,18.64723,0.015617368,0.29356945,0.013841304,0.11209745,0.025407828,0.12261216,0.012418461,0.7994854,0.0046845693,0.080580056,0.0062952284,0.311468,0.01693853,null,null,null,null,"TWOGAUSSIANS",8,0.9916508,0.7994854,0.004684365,0.4,0.0,0.30045882,0.009902637,0.29356945,0.013841304,0.4,0.0,0.11159095,0.010174592
375316653866487564,4112554747849053312,0.4958212,2270.4824309641695,2.141613193540153,4.6307447E-5,18.451101,0.011906951,0.3598377,0.0068283854,0.063283734,0.00719281,0.32728288,0.022219183,0.84104145,0.0059995297,0.061873462,0.007998601,0.2689768,0.034675397,null,null,null,null,"TWOGAUSSIANS",8,10.154641,0.3598377,0.0068283854,0.35438892,0.040279735,0.32717258,0.022203108,0.84104145,0.0059995297,0.34649137,0.04479216,0.26886648,0.034711126
375316653866487564,4112555057086959104,0.5563799,2246.8962262863597,3.7207261297711107,1.0747745E-5,19.39235,0.009884293,0.25453708,0.0031876967,0.0656264,0.004749863,0.71858263,0.06294621,0.75454634,0.0041231294,0.071854174,0.0045213127,0.58682036,0.02508493,null,null,null,null,"TWOGAUSSIANS",8,3.0330772,0.25453708,0.0031876967,0.36750782,0.026599232,0.71685094,0.06356548,0.75454634,0.0041231294,0.4,0.014438749,0.5850887,0.02521921
375316653866487564,4112555263245701504,0.43572062,2247.9185422111136,2.1011426539297196,4.5803667E-5,19.299397,0.02353179,0.25484133,0.071477935,0.06517098,0.05905225,0.13662703,0.06620011,0.75798404,0.014574149,0.06908225,0.025823561,0.17573518,0.03459604,null,null,null,null,"TWOGAUSSIANS",8,6.204887,0.75798404,0.014574149,0.38686064,0.08879294,0.17545809,0.034582186,0.25484133,0.071477935,0.36495748,0.33023414,0.13634995,0.06617431
375316653866487564,4112555332000390016,0.6313034,2296.9419449941597,0.10599166727793725,9.845067E-6,17.987055,0.0014964273,0.12966752,1.5671605E-4,0.009299684,2.2647479E-4,4.132127,0.42249882,null,null,null,null,null,null,null,null,null,null,"ONEGAUSSIAN",5,2.0118623,0.12966752,1.5671605E-4,0.052078232,0.0012682588,4.132127,0.0,null,null,null,null,null,null
375316653866487564,4112555572483092736,0.5492017,2270.2647365178314,2.289000766397667,2.9541197E-5,19.422026,0.012879514,0.29582992,0.0029574868,0.07775472,0.0053302273,0.4389874,0.029402861,0.7956197,0.007600295,0.086623296,0.009819815,0.42071164,0.033700485,null,null,null,null,"TWOGAUSSIANS",8,1.5596724,0.29582992,0.0029574868,0.4,0.0,0.4306284,0.030529551,0.7956197,0.007600295,0.4,0.0,0.41235256,0.03544939
375316653866487564,4112559244686291584,0.48490998,2282.611579663255,1.5867238680176534,2.2890088E-5,18.14662,0.27593845,0.26163387,0.00957011,0.13739268,0.06938542,0.19443572,0.25369126,0.7640079,0.0054066065,0.14883919,0.09004546,0.19267501,0.26492736,null,null,null,null,"TWOGAUSSIANS",8,2.402747,0.26147386,0.0094024185,0.4,0.0,0.11295425,0.011649279,0.7641079,0.005381631,0.4,0.0,0.11034455,0.009601846
375316653866487564,4112559347750376320,0.49627304,2317.7153000380417,1.831987446079067,2.8996043E-5,18.436363,0.013430925,0.2530079,0.005434954,0.0880361,0.009634984,0.14009671,0.013296553,0.7621899,0.010601213,0.10182554,0.013894782,0.1141007,0.0146108,null,null,null,null,"TWOGAUSSIANS",8,1.9545206,0.2530079,0.005437074,0.4,0.0,0.13324891,0.008955633,0.7621899,0.010601213,0.4,0.0,0.10725149,0.012170933
375316653866487564,4112559450826348544,0.5470392,2305.2684180269634,1.8953982115712678,6.7964274E-6,17.670053,0.018077532,0.21523003,0.0027593747,0.10493845,0.011338743,0.21385644,0.012805683,0.71521753,0.0029653783,0.107497215,0.010448649,0.20117076,0.015768273,null,null,null,null,"TWOGAUSSIANS",8,2.4166775,0.21523003,0.0027593747,0.4,0.0,0.18788637,0.012510872,0.71521753,0.0029653783,0.4,0.0,0.17519765,0.009060684
375316653866487564,4112560451601696512,0.5711538,2311.5698607690033,2.258765412528784,1.2128103E-5,18.1362,0.011821961,0.25137845,0.002213956,0.053336505,0.009213728,0.18804827,0.10654434,0.7599525,0.0038821762,0.05505308,0.0064250557,0.17880177,0.026347555,0.11158767,0.014212288,0.25137845,0.002213956,"TWOGAUSSIANS_WITH_ELLIPSOIDAL_ON_ECLIPSE1",9,4.5069113,0.25137845,0.002213956,0.29868442,0.05159688,0.4112174,0.107894115,0.7599525,0.0038821762,0.30829725,0.035980314,0.40132383,0.014715592
375316653866487564,4112562375748687488,0.626461,2314.212082734969,2.592272504545872,5.5051464E-6,17.46661,0.01732187,0.32535794,0.0016486744,0.06350394,0.005425702,0.38798222,0.037465524,0.82330465,0.0019526039,0.055935334,0.0050599566,0.38656175,0.032266006,0.07615657,0.020576634,0.32535794,0.0016486744,"TWOGAUSSIANS_WITH_ELLIPSOIDAL_ON_ECLIPSE1",9,7.103713,0.32535794,0.0016486744,0.35562205,0.030383931,0.5401151,0.029721009,0.82348466,0.0017170642,0.31323788,0.028335758,0.53867155,0.0150505835
375316653866487564,4112564918369347712,0.488166,2289.1334899545077,2.2786443036590196,1.21478215E-5,19.953451,0.01383329,0.23837748,0.009336911,0.034483258,0.012414752,0.5099798,0.11935363,0.78074926,0.022390207,0.036920283,0.019076971,0.4041995,68.00563,0.14063463,0.037879866,0.23837748,0.009336911,"TWOGAUSSIANS_WITH_ELLIPSOIDAL_ON_ECLIPSE1",9,2.8889823,0.23837748,0.009336911,0.19310625,0.06952261,0.79124886,0.12699196,0.78074926,0.022390207,0.20675358,0.10683104,0.6659993,68.016495
