Gaia/vari_eclipsing_binary/VariEclipsingBinary_688230-688266.csv
# %ECSV 1.0
# ---
# delimiter: ','
# meta: !!omap
# - RELEASE: Gaia DR3
# - TABLE: vari_eclipsing_binary
# - DESCRIPTION: >
#     This table describes the properties of the eclipsing binaries resulting from the variability analysis. 
# - CITATION: >
#     How to cite and acknowledge Gaia: 
#     https://gea.esac.esa.int/archive/documentation/credits.html 
# - KNOWN_ISSUES: >
#     Known issues: 
#     https://www.cosmos.esa.int/web/gaia-users/known-issues 
# - DOCUMENTATION: >
#     Tutorials and documentation: 
#     https://www.cosmos.esa.int/web/gaia-users/archive 
# datatype:
# - 
#   name: solution_id
#   datatype: int64
#   description: Solution Identifier
#   meta:
#     ucd: meta.version
# - 
#   name: source_id
#   datatype: int64
#   description: Unique source identifier
#   meta:
#     ucd: meta.id;meta.main
# - 
#   name: global_ranking
#   datatype: float32
#   description: Number between 0 (worst) and 1 (best)
#   meta:
#     ucd: stat.param
# - 
#   name: reference_time
#   datatype: float64
#   unit: d
#   description: Reference time used for the geometric model fit
#   meta:
#     ucd: time.epoch
# - 
#   name: frequency
#   datatype: float64
#   unit: d**-1
#   description: Frequency of geometric model of the eclipsing binary light curve
#   meta:
#     ucd: src.orbital
# - 
#   name: frequency_error
#   datatype: float32
#   unit: d**-1
#   description: "Uncertainty of \\texttt{frequency}"
#   meta:
#     ucd: stat.error
# - 
#   name: geom_model_reference_level
#   datatype: float32
#   unit: mag
#   description: Magnitude reference level of geometric model
#   meta:
#     ucd: phot.mag;em.opt
# - 
#   name: geom_model_reference_level_error
#   datatype: float32
#   unit: mag
#   description: "Uncertainty of \\texttt{geomModelReferenceLevel}"
#   meta:
#     ucd: stat.error;phot.mag;em.opt
# - 
#   name: geom_model_gaussian1_phase
#   datatype: float32
#   description: Phase of the Gaussian 1 component
#   meta:
#     ucd: time.phase
# - 
#   name: geom_model_gaussian1_phase_error
#   datatype: float32
#   description: "Uncertainty of \\texttt{geomModelGaussian1Phase}"
#   meta:
#     ucd: stat.error;time.phase
# - 
#   name: geom_model_gaussian1_sigma
#   datatype: float32
#   description: "Standard deviation [phase] of Gaussian 1 component"
#   meta:
#     ucd: stat.stdev
# - 
#   name: geom_model_gaussian1_sigma_error
#   datatype: float32
#   description: "Uncertainty of \\texttt{geomModelGaussian1Sigma}"
#   meta:
#     ucd: stat.error
# - 
#   name: geom_model_gaussian1_depth
#   datatype: float32
#   unit: mag
#   description: Magnitude depth of Gaussian 1 component
#   meta:
#     ucd: src.var.amplitude
# - 
#   name: geom_model_gaussian1_depth_error
#   datatype: float32
#   unit: mag
#   description: "Uncertainty of \\texttt{geomModelGaussian1Depth}"
#   meta:
#     ucd: stat.error;src.var.amplitude
# - 
#   name: geom_model_gaussian2_phase
#   datatype: float32
#   description: Phase of Gaussian 2 component
#   meta:
#     ucd: time.phase
# - 
#   name: geom_model_gaussian2_phase_error
#   datatype: float32
#   description: "Uncertainty of \\texttt{geomModelGaussian2Phase}"
#   meta:
#     ucd: stat.error;time.phase
# - 
#   name: geom_model_gaussian2_sigma
#   datatype: float32
[...]
#   datatype: float32
#   description: "Secondary eclipse: uncertainty of \\texttt{derivedSecondaryEclDuration}"
#   meta:
#     ucd: stat.error;time.duration
# - 
#   name: derived_secondary_ecl_depth
#   datatype: float32
#   unit: mag
#   description: "Secondary eclipse: depth"
#   meta:
#     ucd: src.var.amplitude
# - 
#   name: derived_secondary_ecl_depth_error
#   datatype: float32
#   unit: mag
#   description: "Secondary eclipse: uncertainty of \\texttt{derivedSecondaryEclDepth}"
#   meta:
#     ucd: stat.error;src.var.amplitude
solution_id,source_id,global_ranking,reference_time,frequency,frequency_error,geom_model_reference_level,geom_model_reference_level_error,geom_model_gaussian1_phase,geom_model_gaussian1_phase_error,geom_model_gaussian1_sigma,geom_model_gaussian1_sigma_error,geom_model_gaussian1_depth,geom_model_gaussian1_depth_error,geom_model_gaussian2_phase,geom_model_gaussian2_phase_error,geom_model_gaussian2_sigma,geom_model_gaussian2_sigma_error,geom_model_gaussian2_depth,geom_model_gaussian2_depth_error,geom_model_cosine_half_period_amplitude,geom_model_cosine_half_period_amplitude_error,geom_model_cosine_half_period_phase,geom_model_cosine_half_period_phase_error,model_type,num_model_parameters,reduced_chi2,derived_primary_ecl_phase,derived_primary_ecl_phase_error,derived_primary_ecl_duration,derived_primary_ecl_duration_error,derived_primary_ecl_depth,derived_primary_ecl_depth_error,derived_secondary_ecl_phase,derived_secondary_ecl_phase_error,derived_secondary_ecl_duration,derived_secondary_ecl_duration_error,derived_secondary_ecl_depth,derived_secondary_ecl_depth_error
[from data line 574]
375316653866487564,6054036401227398784,0.48807326,2213.2583493583356,0.8505380154284911,1.0988766E-5,19.109234,0.005778212,0.18512443,0.021041699,0.026306955,0.029121222,0.08694439,6.1667017E10,0.78883713,0.0035994346,0.040117938,0.0048066466,0.3371661,0.04540724,null,null,null,null,"TWOGAUSSIANS",8,1.969991,0.78883713,0.0035994346,0.22466046,0.026917221,0.3371661,0.04540724,0.18512443,0.021041699,0.14731896,0.16307884,0.08694439,6.1667017E10
375316653866487564,6054037127122779264,0.55800307,2219.871489812161,1.705788940806322,5.406136E-6,17.258413,0.003251044,0.29091263,0.0021084142,0.03541952,0.0028711308,0.14071737,0.009499496,0.79000014,0.0016855831,0.045367815,0.0032349993,0.21051145,0.026699299,0.036440514,0.0055551226,0.29091263,0.0021084142,"TWOGAUSSIANS_WITH_ELLIPSOIDAL_ON_ECLIPSE1",9,4.9963894,0.79005015,0.0015888544,0.25405976,0.018115997,0.2833901,0.027707329,0.29091263,0.0021084142,0.1983493,0.016078332,0.2135983,0.0077163493
375316653866487564,6054037161482526464,0.5773222,2200.3838279832808,0.5779961092892646,1.3764238E-5,16.316914,0.0013485516,0.18638974,0.030447818,0.021365313,0.018500641,0.06278137,0.03021035,0.703216,0.006479099,0.016423438,0.0020692295,0.27741635,0.07443387,null,null,null,null,"TWOGAUSSIANS",8,4.0884223,0.703216,0.006479099,0.09197125,0.011587685,0.27741635,0.07443387,0.18638974,0.030447818,0.11964575,0.10360359,0.06278137,0.03021035
375316653866487564,6054037195842214528,0.6398814,2213.2090607470295,3.0497306400021262,3.9002457E-6,16.625225,0.0119189,0.26079997,0.0013322221,0.04759222,0.004770187,0.3172959,0.08238897,0.7573663,0.0015877109,0.048660748,0.003420748,0.52589995,0.027405819,0.10969872,0.018453598,0.26079997,0.0013322221,"TWOGAUSSIANS_WITH_ELLIPSOIDAL_ON_ECLIPSE1",9,19.75964,0.7576163,0.0014613247,0.2725002,0.01915619,0.7452013,0.019646835,0.26079997,0.0013322221,0.26651642,0.026713049,0.53669196,0.0801717
375316653866487564,6054038192243443840,0.4979614,2240.5358854430483,0.4086388953308163,1.8251476E-5,19.14455,0.007214813,0.29989886,0.016393552,0.026716802,0.0137306005,0.40437734,0.51913774,0.7881493,0.0032929291,0.02900049,0.0022044464,0.3469888,0.021632861,null,null,null,null,"TWOGAUSSIANS",8,4.0251737,0.29989886,0.016393552,0.1496141,0.07689136,0.40437734,0.51913774,0.7881493,0.0032929291,0.16240275,0.0123449,0.3469888,0.021632861
375316653866487564,6054038467121580288,0.5336627,2236.968534508731,2.6732875898014568,1.3973946E-5,19.22706,0.02604641,0.2556842,0.005997564,0.083297774,0.008405259,0.42464656,0.02971676,0.74397266,0.0035027904,0.08702129,0.0068101743,0.47498968,0.028815009,null,null,null,null,"TWOGAUSSIANS",8,3.0000918,0.74397266,0.0035027904,0.4,0.0,0.46513277,0.026967721,0.2556842,0.005997564,0.4,0.0,0.4147897,0.025624376
375316653866487564,6054039081284135552,0.5075457,2218.809573912155,3.9729213422373997,9.769072E-5,18.629671,0.0028834988,0.3711672,0.032632258,0.03927206,0.024634015,0.022475801,0.009384208,0.5689345,0.0068347086,0.030516276,0.005500925,0.562766,0.32721463,null,null,null,null,"TWOGAUSSIANS",8,3.167815,0.5689345,0.0068347086,0.17089115,0.030805178,0.5627661,0.32721448,0.3711672,0.032632258,0.21992354,0.13795048,0.022475801,0.0093842205
375316653866487564,6054039223034590208,0.5053835,2214.9857801258295,2.311714765079556,1.7329694E-5,19.201372,0.02482884,0.28083476,0.0058191475,0.0943671,0.009530217,0.32729608,0.030340444,0.7880903,0.0031523958,0.08004337,0.009391457,0.3814813,0.019109638,null,null,null,null,"TWOGAUSSIANS",8,4.9038787,0.7880903,0.0031523958,0.4,0.0,0.37130675,0.015777135,0.28083476,0.0058191475,0.4,0.0,0.31712097,0.026661398
375316653866487564,6054039291754285952,0.44870567,2262.371542441984,0.06124829861773028,2.9140203E-5,19.214735,0.34061486,0.39394173,0.017194953,0.24094598,0.15598677,0.23029815,0.32643202,0.8475369,0.004579405,0.027267367,0.005080903,0.15832254,0.01652231,null,null,null,null,"TWOGAUSSIANS",8,4.0474205,0.39394173,0.017194953,0.4,0.0,0.17342305,0.01768158,0.8475369,0.004579405,0.15269725,0.028453058,0.15811445,0.015169527
375316653866487564,6054039356161492736,0.52855986,2246.4685977720474,0.727778569081562,1.7681364E-4,17.473503,0.0020755844,0.5517888,0.030752337,0.06379895,0.025246754,0.41770786,0.48510143,null,null,null,null,null,null,null,null,null,null,"ONEGAUSSIAN",5,9.20159,0.5517888,0.030752337,0.35727412,0.14138182,0.41770786,0.0,null,null,null,null,null,null
375316653866487564,6054039356162060032,0.5360062,2262.114332884612,2.2569436921212214,1.5714637E-5,18.264618,0.0029746145,0.61409175,0.0025896023,0.032229967,0.0019977456,0.20707186,0.013113827,0.8284754,0.04792851,0.020380056,0.049770884,0.038879395,98466.6,null,null,null,null,"TWOGAUSSIANS",8,1.9095281,0.61409175,0.0025896023,0.18048781,0.011187375,0.20707186,0.013113827,0.8284754,0.04792851,0.114128314,0.27871695,0.038879395,98466.6
375316653866487564,6054040082028096384,0.42232853,2250.1367940728637,1.9970035157949722,1.2284589E-4,18.392117,0.015798107,0.22597745,0.021140898,0.06784686,0.018951816,0.14524184,0.04217867,0.7713067,0.022709297,0.04064396,0.04348975,0.23862806,0.13577913,null,null,null,null,"TWOGAUSSIANS",8,12.257286,0.7713067,0.022709297,0.22760618,0.22907314,0.23862696,0.13608809,0.22597745,0.021140898,0.3799424,0.07447459,0.14524074,0.042147715
375316653866487564,6054040666144352640,0.50715363,2204.035571677915,3.1821465604874817,1.4131794E-5,19.4632,0.01414846,0.28907773,0.0055409116,0.073200904,0.0069638677,0.5579114,0.037974723,0.81137586,0.0043336535,0.052510623,0.004623476,0.37129384,0.03164482,null,null,null,null,"TWOGAUSSIANS",8,4.792443,0.28907773,0.0055409116,0.4,0.012857874,0.55774564,0.038032167,0.81137586,0.0043336535,0.2940595,0.025891466,0.37112808,0.031643566
375316653866487564,6054040769223090432,0.57672393,2244.662562966075,3.363439389173345,4.2608426E-6,18.542263,0.008551485,0.26622096,0.0014893448,0.037489988,0.0016783065,0.90685695,0.03995345,0.76512384,0.0035810098,0.0356685,0.0033867622,0.29061037,0.031008778,0.06764696,0.010692024,0.26622096,0.0014893448,"TWOGAUSSIANS_WITH_ELLIPSOIDAL_ON_ECLIPSE1",9,6.4811506,0.26622096,0.0014893448,0.20994394,0.009398516,1.0421506,0.03822332,0.7651738,0.0034220496,0.19974361,0.018965868,0.42589793,0.027886823
375316653866487564,6054040936713089408,0.5686112,2226.621104061867,0.20307050910487912,3.520646E-5,18.520658,0.0024163034,0.16470315,0.030405682,0.020851739,0.009231112,0.089657,0.20812352,0.71934426,1.8571393E-4,0.00939931,1.2832072E-4,0.91999745,0.020543857,null,null,null,null,"TWOGAUSSIANS",8,2.9947014,0.71934426,1.8571393E-4,0.05263613,7.1859604E-4,0.91999745,0.020543857,0.16470315,0.030405682,0.11676973,0.051694226,0.089657,0.20812352
375316653866487564,6054041456449879424,0.52397966,2210.465075968625,1.2269340940745221,8.987607E-6,16.064775,0.00255171,0.41467136,0.032702863,0.017013721,0.049954478,0.02577716,1.74546616E12,0.8388977,0.0012400638,0.029379118,0.0019711906,0.16669293,0.012065191,0.010543912,0.0041608806,0.8388977,0.0012400638,"TWOGAUSSIANS_WITH_ELLIPSOIDAL_ON_ECLIPSE2",9,23.035852,0.8388977,0.0012400638,0.16452307,0.011038667,0.18778072,0.012984043,0.41347137,0.03935385,0.09527684,0.27974507,0.042500168,1.74546616E12
375316653866487564,6054041490809646848,0.51523197,2243.4969366462483,0.133260075428505,1.0892159E-4,19.576576,0.0070965607,0.3134197,0.0330087,0.03756762,0.08594197,0.07760311,0.046584085,0.82912624,0.024723751,0.011152082,0.015708694,0.48308718,0.5437262,null,null,null,null,"TWOGAUSSIANS",8,1.9643183,0.82912624,0.024723751,0.06245166,0.08796869,0.48308718,0.54372585,0.3134197,0.0330087,0.21037868,0.21044946,0.07760311,0.04660546
375316653866487564,6054042074893985280,0.48289615,2200.857552324804,0.19328616522208739,6.0962655E-5,19.49276,0.005662209,0.44874611,0.013417327,0.01875514,0.023625609,2.0483816,2.3659513,0.79971504,0.013914149,0.014247597,0.012574719,0.32749835,61017.766,null,null,null,null,"TWOGAUSSIANS",8,2.0218966,0.44874611,0.013417327,0.10502878,0.1323034,2.0483816,2.3659513,0.79971504,0.013914149,0.07978655,0.070418425,0.32749835,61017.766
375316653866487564,6054042212332902016,0.55430055,2206.85013353299,3.66458359026379,1.01061705E-5,17.165365,0.019201621,0.2814707,0.0031019084,0.079641104,0.006255716,0.40060952,0.021387981,0.76917714,0.0037964021,0.09012274,0.0069299326,0.32939515,0.022621257,null,null,null,null,"TWOGAUSSIANS",8,21.314352,0.2814707,0.0031019084,0.4,0.0,0.39302936,0.019701498,0.76917714,0.0037964021,0.4,0.0,0.32181484,0.020229664
375316653866487564,6054042620333911936,0.52693206,2189.202182475838,0.35143668726354393,2.2296717E-5,17.368279,0.0012448861,0.749015,0.0025375104,0.022762908,0.0021709658,0.13088511,0.007606947,null,null,null,null,null,null,null,null,null,null,"ONEGAUSSIAN",5,1.7000921,0.749015,0.0025375104,0.12747228,0.012157408,0.13088511,0.0,null,null,null,null,null,null
375316653866487564,6054042968246931712,0.51230735,2222.6745390231554,2.7425225027813998,1.2396406E-5,19.48948,0.011472982,0.3023204,0.0066598738,0.07949867,0.00557422,0.30258644,0.0146297375,0.77811646,0.004043795,0.08956155,0.006445026,0.27309832,0.016448699,null,null,null,null,"TWOGAUSSIANS",8,1.2412698,0.3023204,0.0066598738,0.4,0.0,0.2979143,0.012825156,0.77811646,0.004043795,0.4,0.0,0.26842597,0.01598395
375316653866487564,6054042968278781696,0.48890328,2236.32121053306,1.6314896981241347,2.1994732E-5,16.863886,0.0070035513,0.2994067,0.0058301147,0.08547609,0.015109311,0.05004853,0.006360735,0.78480273,0.009160828,0.09552268,0.026296226,0.049833015,0.00535854,null,null,null,null,"TWOGAUSSIANS",8,2.8998454,0.2994067,0.0058286674,0.4,0.0,0.048297297,0.0037723242,0.78480273,0.009160828,0.4,0.0,0.04808164,0.0073750997
375316653866487564,6054043548048583424,0.64344436,2216.7584507982565,0.3844353351283006,6.196529E-6,18.231344,0.0012249412,0.14522783,0.013789632,0.017856589,0.007168339,0.43457797,0.21323867,0.48283583,0.0012002966,0.016831785,9.80686E-4,0.58628553,0.005195034,null,null,null,null,"TWOGAUSSIANS",8,0.9586039,0.48283583,0.0012002966,0.094258,0.005491842,0.58628553,0.005195034,0.14522783,0.013789632,0.0999969,0.0401427,0.43457797,0.21323867
375316653866487564,6054043552363211392,0.42846766,2202.3662777541053,0.46289212926220213,5.2910214E-5,19.723398,0.1519705,0.14111239,0.07225716,0.12890923,0.104775466,0.14536999,0.13864796,0.549462,0.013671269,0.119108565,0.033039052,0.35259056,0.14210007,null,null,null,null,"TWOGAUSSIANS",8,5.34613,0.549462,0.013671269,0.4,0.0,0.32834694,0.0712722,0.14468239,0.069427736,0.4,0.026111145,0.1212003,0.07068111
375316653866487564,6054043586754101376,0.5785168,2193.5765037022215,3.0767902262023163,1.5076166E-5,16.516226,0.019821828,0.2571079,0.005546991,0.051023804,0.018884264,0.20472972,0.045571435,0.7726615,0.004457406,0.058388542,0.0067621004,0.21219312,0.042983536,0.103009276,0.025170542,0.2571079,0.005546991,"TWOGAUSSIANS_WITH_ELLIPSOIDAL_ON_ECLIPSE1",9,36.54801,0.7726615,0.004457406,0.32697585,0.037867762,0.4162408,0.014914191,0.2571079,0.005546991,0.2857333,0.10575188,0.4107387,0.026341904
375316653866487564,6054043758522199424,0.54034615,2218.9593744296453,2.1540554207804803,2.2790722E-5,16.480738,0.013393729,0.2627916,0.00812586,0.0745706,0.010160533,0.29616573,0.038787935,0.758704,0.0031021563,0.060801677,0.0043732463,0.6138774,0.038965486,null,null,null,null,"TWOGAUSSIANS",8,117.83357,0.758704,0.0031021563,0.3404894,0.02449018,0.6130869,0.039084874,0.2627916,0.00812586,0.4,0.0024822797,0.2953752,0.03915079
375316653866487564,6054043861601146752,0.54674166,2211.4224791831834,2.049192408595707,9.425749E-6,19.198275,0.008347507,0.7645942,0.0030310228,0.046823584,0.009308766,0.055146556,0.020012286,null,null,null,null,null,null,0.11822661,0.010855432,0.7645942,0.0030310228,"ONEGAUSSIAN_WITH_ELLIPSOIDAL",6,1.4838992,0.7645942,0.0030310228,0.26221207,0.05212909,0.2915997,0.006634165,null,null,null,null,null,null
375316653866487564,6054044067758938240,0.61066437,2204.4447484149878,3.385068091668907,5.873861E-6,17.520731,0.028068092,0.27014524,0.0016030237,0.063647956,0.0044902777,0.5507614,0.058315493,0.7663456,0.0017279611,0.052612875,0.004754164,0.42610428,0.058370978,0.05404893,0.03223811,0.27014524,0.0016030237,"TWOGAUSSIANS_WITH_ELLIPSOIDAL_ON_ECLIPSE1",9,13.518148,0.27014524,0.0016030237,0.35642853,0.025145555,0.6586203,0.014134224,0.7665456,0.0016227373,0.29463208,0.026623318,0.5339048,0.012390727
375316653866487564,6054044303987914624,0.5645136,2220.9737258775176,2.6057298963587794,7.1922327E-6,17.960958,0.008037018,0.30391884,0.0023297197,0.080023676,0.0029812574,0.34374714,0.011886017,0.8119626,0.0028140165,0.07447821,0.0050864625,0.30338454,0.016539592,null,null,null,null,"TWOGAUSSIANS",8,4.736731,0.30391884,0.0023297197,0.4,0.0,0.3408439,0.0115402825,0.8119626,0.0028140165,0.4,0.0,0.3004813,0.016962938
375316653866487564,6054044617515616256,0.5324999,2205.1486956537387,0.5309474874226872,1.7402643E-5,19.55724,0.006705361,0.2768274,0.005359986,0.031661246,0.0039135413,0.51769155,0.10534229,0.81122434,0.035433743,0.08646018,0.028844202,0.040903367,0.011472757,null,null,null,null,"TWOGAUSSIANS",8,1.2379643,0.2768274,0.005359986,0.17730297,0.021915833,0.5176867,0.105347395,0.81122434,0.035433743,0.4,0.0,0.040898472,0.011496437
375316653866487564,6054045339074171520,0.44582695,2229.6413725077823,3.1235613523169685,4.43207E-5,19.12242,0.029826319,0.26764664,0.01841142,0.07843707,0.015476705,0.38724884,0.24311814,0.722272,0.00889821,0.0803481,0.0150949,0.28595003,0.040029697,null,null,null,null,"TWOGAUSSIANS",8,14.912167,0.26764664,0.01841142,0.4,0.03148661,0.3854286,0.24394684,0.722272,0.00889821,0.4,0.0,0.28412977,0.04015699
375316653866487564,6054045545229304064,0.4149235,2236.3248304932954,0.19432094440529812,5.044221E-5,19.155201,0.0056034424,0.25252458,0.013081733,0.033022393,0.0069920556,0.07459769,0.02520304,0.517531,0.014022368,0.053953454,0.02182345,0.10928244,0.08553371,null,null,null,null,"TWOGAUSSIANS",8,3.2695801,0.517531,0.014022368,0.30213934,0.12221132,0.10928244,0.08553371,0.25252458,0.013081733,0.18492539,0.03915551,0.07459831,0.025203494
375316653866487564,6054046193746900352,0.52058417,2240.6018748763026,2.5581577547955927,1.9144949E-5,15.830295,0.003580618,0.23129831,0.008763741,0.042203818,0.011603879,0.02367494,0.006743736,0.7798081,0.054672588,0.053109914,0.08483913,0.0111097125,5873.103,0.019929454,0.0033297478,0.23129831,0.008763741,"TWOGAUSSIANS_WITH_ELLIPSOIDAL_ON_ECLIPSE1",9,5.4160686,0.23129831,0.008763741,0.23634139,0.06498172,0.06353379,0.0019554032,0.7798081,0.054672588,0.29741552,0.47509912,0.047378905,5873.1064
375316653866487564,6054046331185672064,0.6108454,2233.4997077881403,2.8765230590791413,7.983186E-6,16.823793,0.025915824,0.26307413,0.003475746,0.052830618,0.007843326,0.31182837,0.059532247,0.75686646,0.004466751,0.06325981,0.008456904,0.33469677,0.051824305,0.09634651,0.029533263,0.26307413,0.003475746,"TWOGAUSSIANS_WITH_ELLIPSOIDAL_ON_ECLIPSE1",9,19.755323,0.7578165,0.0035416842,0.35425493,0.047358666,0.5270454,0.019420085,0.26307413,0.003475746,0.29585144,0.04392262,0.504425,0.015027277
375316653866487564,6054046369893052544,0.5178987,2223.395534779861,1.061596946408853,1.007055E-4,17.73395,0.0015636246,0.7796242,0.048488207,0.0642516,0.046250585,0.013066517,0.0073434804,0.60467154,0.0014202852,0.033139728,0.015357286,0.27571312,0.48495555,null,null,null,null,"TWOGAUSSIANS",8,1.633829,0.60472155,0.0013789134,0.18558247,0.0860008,0.27603424,0.484948,0.7796142,0.050474834,0.35980898,0.20870966,0.013066762,0.0073488224
