Gaia/vari_eclipsing_binary/VariEclipsingBinary_676596-676621.csv
# %ECSV 1.0
# ---
# delimiter: ','
# meta: !!omap
# - RELEASE: Gaia DR3
# - TABLE: vari_eclipsing_binary
# - DESCRIPTION: >
#     This table describes the properties of the eclipsing binaries resulting from the variability analysis. 
# - CITATION: >
#     How to cite and acknowledge Gaia: 
#     https://gea.esac.esa.int/archive/documentation/credits.html 
# - KNOWN_ISSUES: >
#     Known issues: 
#     https://www.cosmos.esa.int/web/gaia-users/known-issues 
# - DOCUMENTATION: >
#     Tutorials and documentation: 
#     https://www.cosmos.esa.int/web/gaia-users/archive 
# datatype:
# - 
#   name: solution_id
#   datatype: int64
#   description: Solution Identifier
#   meta:
#     ucd: meta.version
# - 
#   name: source_id
#   datatype: int64
#   description: Unique source identifier
#   meta:
#     ucd: meta.id;meta.main
# - 
#   name: global_ranking
#   datatype: float32
#   description: Number between 0 (worst) and 1 (best)
#   meta:
#     ucd: stat.param
# - 
#   name: reference_time
#   datatype: float64
#   unit: d
#   description: Reference time used for the geometric model fit
#   meta:
#     ucd: time.epoch
# - 
#   name: frequency
#   datatype: float64
#   unit: d**-1
#   description: Frequency of geometric model of the eclipsing binary light curve
#   meta:
#     ucd: src.orbital
# - 
#   name: frequency_error
#   datatype: float32
#   unit: d**-1
#   description: "Uncertainty of \\texttt{frequency}"
#   meta:
#     ucd: stat.error
# - 
#   name: geom_model_reference_level
#   datatype: float32
#   unit: mag
#   description: Magnitude reference level of geometric model
#   meta:
#     ucd: phot.mag;em.opt
# - 
#   name: geom_model_reference_level_error
#   datatype: float32
#   unit: mag
#   description: "Uncertainty of \\texttt{geomModelReferenceLevel}"
#   meta:
#     ucd: stat.error;phot.mag;em.opt
# - 
#   name: geom_model_gaussian1_phase
#   datatype: float32
#   description: Phase of the Gaussian 1 component
#   meta:
#     ucd: time.phase
# - 
#   name: geom_model_gaussian1_phase_error
#   datatype: float32
#   description: "Uncertainty of \\texttt{geomModelGaussian1Phase}"
#   meta:
#     ucd: stat.error;time.phase
# - 
#   name: geom_model_gaussian1_sigma
#   datatype: float32
#   description: "Standard deviation [phase] of Gaussian 1 component"
#   meta:
#     ucd: stat.stdev
# - 
#   name: geom_model_gaussian1_sigma_error
#   datatype: float32
#   description: "Uncertainty of \\texttt{geomModelGaussian1Sigma}"
#   meta:
#     ucd: stat.error
# - 
#   name: geom_model_gaussian1_depth
#   datatype: float32
#   unit: mag
#   description: Magnitude depth of Gaussian 1 component
#   meta:
#     ucd: src.var.amplitude
# - 
#   name: geom_model_gaussian1_depth_error
#   datatype: float32
#   unit: mag
#   description: "Uncertainty of \\texttt{geomModelGaussian1Depth}"
#   meta:
#     ucd: stat.error;src.var.amplitude
# - 
#   name: geom_model_gaussian2_phase
#   datatype: float32
#   description: Phase of Gaussian 2 component
#   meta:
#     ucd: time.phase
# - 
#   name: geom_model_gaussian2_phase_error
#   datatype: float32
#   description: "Uncertainty of \\texttt{geomModelGaussian2Phase}"
#   meta:
#     ucd: stat.error;time.phase
# - 
#   name: geom_model_gaussian2_sigma
#   datatype: float32
[...]
#   datatype: float32
#   description: "Secondary eclipse: uncertainty of \\texttt{derivedSecondaryEclDuration}"
#   meta:
#     ucd: stat.error;time.duration
# - 
#   name: derived_secondary_ecl_depth
#   datatype: float32
#   unit: mag
#   description: "Secondary eclipse: depth"
#   meta:
#     ucd: src.var.amplitude
# - 
#   name: derived_secondary_ecl_depth_error
#   datatype: float32
#   unit: mag
#   description: "Secondary eclipse: uncertainty of \\texttt{derivedSecondaryEclDepth}"
#   meta:
#     ucd: stat.error;src.var.amplitude
solution_id,source_id,global_ranking,reference_time,frequency,frequency_error,geom_model_reference_level,geom_model_reference_level_error,geom_model_gaussian1_phase,geom_model_gaussian1_phase_error,geom_model_gaussian1_sigma,geom_model_gaussian1_sigma_error,geom_model_gaussian1_depth,geom_model_gaussian1_depth_error,geom_model_gaussian2_phase,geom_model_gaussian2_phase_error,geom_model_gaussian2_sigma,geom_model_gaussian2_sigma_error,geom_model_gaussian2_depth,geom_model_gaussian2_depth_error,geom_model_cosine_half_period_amplitude,geom_model_cosine_half_period_amplitude_error,geom_model_cosine_half_period_phase,geom_model_cosine_half_period_phase_error,model_type,num_model_parameters,reduced_chi2,derived_primary_ecl_phase,derived_primary_ecl_phase_error,derived_primary_ecl_duration,derived_primary_ecl_duration_error,derived_primary_ecl_depth,derived_primary_ecl_depth_error,derived_secondary_ecl_phase,derived_secondary_ecl_phase_error,derived_secondary_ecl_duration,derived_secondary_ecl_duration_error,derived_secondary_ecl_depth,derived_secondary_ecl_depth_error
[from data line 367]
375316653866487564,5951531032436881024,0.49252936,2286.5290470752525,0.5478534294197126,2.471968E-5,15.346851,0.03912994,0.24539255,0.007256816,0.09015488,0.013357764,0.36981454,0.10415924,0.7832,0.018884882,0.10132652,0.031224811,0.35998765,0.035921786,null,null,null,null,"TWOGAUSSIANS",8,486.67935,0.24538255,0.0072380565,0.4,0.0,0.35573497,0.10118219,0.7832,0.018884882,0.4,0.0,0.34589761,0.048014626
375316653866487564,5951531066796628736,0.4899119,2312.3835581376293,0.6737905719293399,4.146189E-5,15.588216,0.0108344285,0.31368843,0.07230011,0.107065074,0.20806149,0.020140857,514.80255,0.6007755,0.0010311593,0.009672917,0.0013773879,2.2937877,1.3984243,null,null,null,null,"TWOGAUSSIANS",8,45.824017,0.6007755,0.0010311593,0.054168336,0.007713372,2.29434,1.4017308,0.31368843,0.07230011,0.4,0.34014627,0.020140117,514.80286
375316653866487564,5951531096830758656,0.57039356,2364.972227842081,2.210077904541665,7.5185E-6,18.015503,0.012667966,0.28056207,0.0023687086,0.10880876,0.006571286,0.28711206,0.011246852,0.77730894,0.0018084552,0.098131225,0.004872353,0.30863106,0.011186759,null,null,null,null,"TWOGAUSSIANS",8,1.7078909,0.77730894,0.0018084552,0.4,0.0,0.27782503,0.006821171,0.28056207,0.0023687086,0.4,0.0,0.2562924,0.011594742
375316653866487564,5951531715303448960,0.51746684,2346.1380653158844,1.5427901034699834,1.8040939E-5,17.860462,0.0039093154,0.2281499,0.005194804,0.038302377,0.0051303534,0.12406324,0.015264811,0.72100776,0.0054038763,0.04383287,0.006858488,0.09311916,0.016148515,0.022238845,0.005192262,0.2281499,0.005194804,"TWOGAUSSIANS_WITH_ELLIPSOIDAL_ON_ECLIPSE1",9,3.4563017,0.2281499,0.005194804,0.21449332,0.028729979,0.16854087,0.013729285,0.72148776,0.0051134387,0.24546407,0.038407534,0.13751331,0.01149943
375316653866487564,5951531719599161472,0.50555557,2367.3135011461486,3.242890537751727,1.1511872E-5,19.516132,0.008050463,0.2911103,0.004161125,0.07444751,0.0052772686,0.466869,0.026102647,0.7879024,0.0037784327,0.0684242,0.0058442405,0.43097267,0.017882476,null,null,null,null,"TWOGAUSSIANS",8,2.0853586,0.2911103,0.004161125,0.4,0.0,0.46505156,0.026492728,0.7879024,0.0037784327,0.38317552,0.029339934,0.42915526,0.018348219
375316653866487564,5951532578593216000,0.5474151,2310.9024671786046,2.7343806945734577,9.805642E-6,18.226053,0.01172448,0.26177937,0.004654049,0.086455755,0.0043857223,0.43055925,0.023752311,0.77105916,0.005370539,0.08254686,0.0043380274,0.4917475,0.035922505,null,null,null,null,"TWOGAUSSIANS",8,7.1157994,0.77105916,0.005370539,0.4,0.0,0.48195177,0.03732964,0.26177937,0.004654049,0.4,0.0,0.4207635,0.023469096
375316653866487564,5951532716064086016,0.5074195,2302.890281993496,1.396157708032691,1.0245872E-5,15.715288,0.0025733,0.61336124,1.724755E-5,0.008693284,1.01657024E-4,0.24407785,0.0025531652,null,null,null,null,null,null,null,null,null,null,"ONEGAUSSIAN",5,41.920494,0.61336124,1.724755E-5,0.048682395,5.6927936E-4,0.24407785,0.0,null,null,null,null,null,null
375316653866487564,5951533128349177728,0.4273491,2302.5779481024183,1.2259355216774803,5.8684345E-5,18.469152,0.006022407,0.80546033,0.02555622,0.030163366,0.0149822505,0.32208928,0.18117398,null,null,null,null,null,null,null,null,null,null,"ONEGAUSSIAN",5,12.595549,0.80546033,0.02555622,0.16891485,0.0839006,0.32208928,0.0,null,null,null,null,null,null
375316653866487564,5951533643791957504,0.49735397,2394.7766130412983,1.4885927192373045,1.11148875E-5,19.096918,0.013511237,0.25643167,0.0044820174,0.07515081,0.0066462746,0.24413085,0.015087508,0.75521696,0.0043569035,0.07967651,0.0074519813,0.24778943,0.015044619,null,null,null,null,"TWOGAUSSIANS",8,2.8153577,0.75521696,0.0043569035,0.4,0.0,0.24518213,0.014188952,0.25643167,0.0044820174,0.4,0.0,0.24152355,0.013966616
375316653866487564,5951534090454206336,0.60766,2395.4735313893184,1.2457121355071867,5.9752274E-6,16.810204,0.0050340197,0.23152426,0.0031234405,0.095502004,0.0038003984,0.28236443,0.008958561,0.7301655,0.0021166548,0.08809013,0.0029455228,0.34298095,0.0065226923,null,null,null,null,"TWOGAUSSIANS",8,6.3988767,0.7301655,0.0021166548,0.4,0.0,0.32812163,0.0060732076,0.23152426,0.0031234405,0.4,0.0,0.26750454,0.008931674
375316653866487564,5951534537130836096,0.53698415,2385.642626789827,1.7730273341498268,4.7654663E-5,18.237377,0.0018490894,0.62706333,0.10502495,0.07020304,0.041590072,0.0082156,0.01899459,0.48222342,0.004000932,0.016079511,0.0021014574,0.37919065,0.31096026,0.0013743803,0.0027367955,0.48222342,0.004000932,"TWOGAUSSIANS_WITH_ELLIPSOIDAL_ON_ECLIPSE2",9,1.4134122,0.48224342,0.00399306,0.090045266,0.011768162,0.38291767,0.31105918,0.61666334,0.1071002,0.39313707,0.21786681,0.009337667,0.018113181
375316653866487564,5951535670970490240,0.5912267,2413.5180159458964,3.8309795497435366,5.301724E-6,18.26915,0.008575694,0.22036983,0.001928277,0.06302791,0.0024255072,0.5602175,0.013419751,0.7286176,0.0023731736,0.071833245,0.002681793,0.64662683,0.021100411,null,null,null,null,"TWOGAUSSIANS",8,6.32689,0.7286176,0.0023731736,0.4,0.0043027382,0.6456324,0.021157794,0.22036983,0.001928277,0.3529563,0.01358284,0.55922306,0.013436709
375316653866487564,5951535842800925696,0.5356982,2388.0128482522236,3.276812591655703,1.1715187E-5,18.823198,0.021465648,0.22150643,0.0044554374,0.091170296,0.009083759,0.4051185,0.020041047,0.7262256,0.004235919,0.097940475,0.009221003,0.34295493,0.021593358,null,null,null,null,"TWOGAUSSIANS",8,3.766278,0.22150643,0.0044554374,0.4,0.0,0.38405222,0.014247226,0.7262256,0.004235919,0.4,0.0,0.32188734,0.017699897
375316653866487564,5951536869292956032,0.50666517,2362.782656736532,3.482754942214192,1.7123755E-5,19.622679,0.012004725,0.22964299,0.0030945237,0.07312975,0.004576663,0.31031173,0.014739527,0.72523123,0.006557742,0.06719646,0.00829628,0.41103354,0.03321404,null,null,null,null,"TWOGAUSSIANS",8,2.0160425,0.72523123,0.006557742,0.3763002,0.046089917,0.40992534,0.03363437,0.22964299,0.0030945237,0.4,0.0019035309,0.30920354,0.014329351
375316653866487564,5951538140574704000,0.59031856,2340.0841853469306,3.291847101409195,4.2679508E-6,17.454453,0.0034368113,0.19471934,0.0072703646,0.030677548,0.008945983,0.13760418,0.04908431,0.69898605,6.3154945E-4,0.029280731,9.2881464E-4,0.54340535,0.011605712,0.025175797,0.00533899,0.19471934,0.0072703646,"TWOGAUSSIANS_WITH_ELLIPSOIDAL_ON_ECLIPSE1",9,6.410314,0.69898605,6.3154945E-4,0.1639721,0.005201362,0.5937207,0.011749779,0.19471934,0.0072703646,0.17179427,0.050097503,0.18795568,0.04960514
375316653866487564,5951539652403342592,0.5817731,2302.9139590871637,0.8775356028644189,4.9953346E-6,16.883518,0.0015841906,0.48868158,1.2904663E-4,0.011134597,0.0015479802,5.461103,8.524747,0.9150561,0.019818058,0.026311932,0.0151510695,0.013275635,0.010330287,null,null,null,null,"TWOGAUSSIANS",8,3.6058855,0.48868158,1.2904663E-4,0.062353738,0.008668689,5.461103,8.524747,0.9150561,0.019818058,0.14734682,0.08484599,0.013275635,0.010330287
375316653866487564,5951540275207349632,0.5634894,2348.237737903891,2.220864507456556,8.420527E-6,14.343094,0.0056349225,0.23187551,0.0054821433,0.041170344,0.016038282,0.024051795,0.017689412,0.6903524,0.017262958,0.06384478,0.015083848,0.025316719,0.01723867,0.053481016,0.011755984,0.23187551,0.0054821433,"TWOGAUSSIANS_WITH_ELLIPSOIDAL_ON_ECLIPSE1",9,49.943825,0.23187551,0.0054821433,0.23055394,0.08981437,0.13101304,0.0069944635,0.71495235,0.006097528,0.35753074,0.08446955,0.12926191,0.0068080206
375316653866487564,5951540305275740928,0.4311797,2409.2376524672222,2.067833962160746,4.058125E-5,18.557554,0.030306684,0.31680575,0.018007087,0.094886705,0.0196853,0.4246591,0.056883473,0.70635176,0.021862902,0.07808996,0.015587267,0.193329,0.036958385,null,null,null,null,"TWOGAUSSIANS",8,4.7306867,0.31680575,0.018006371,0.4,0.0,0.42349413,0.05722709,0.70635176,0.021862902,0.4,0.015254729,0.19225621,0.035693247
375316653866487564,5951540309567081984,0.59503907,2319.58119291997,4.601013597728168,7.404554E-6,18.863295,0.008422931,0.28985676,0.0014423927,0.034539655,0.002294403,0.46865004,0.02955529,0.796857,0.0044481703,0.04242409,0.0041366545,0.61081666,0.028996076,0.16322865,0.010289323,0.28985676,0.0014423927,"TWOGAUSSIANS_WITH_ELLIPSOIDAL_ON_ECLIPSE1",9,2.1852963,0.796857,0.0044481703,0.23757492,0.023165265,0.93664235,0.02057909,0.28985676,0.0014423927,0.19342208,0.012848657,0.7951068,0.02658986
375316653866487564,5951540343894240512,0.6447067,2246.077197718479,3.226460681628058,5.1189054E-6,17.495588,0.005887098,0.22956291,0.0014684572,0.046710342,0.0048009516,0.22387588,0.0135360295,0.71556115,0.003085438,0.048484597,0.0032171921,0.289439,0.023392817,0.120867014,0.007613386,0.22956291,0.0014684572,"TWOGAUSSIANS_WITH_ELLIPSOIDAL_ON_ECLIPSE1",9,5.0899105,0.7174311,0.0025404615,0.27151376,0.018016277,0.52955407,0.020835115,0.22956291,0.0014684572,0.26157793,0.026885329,0.465608,0.008759281
375316653866487564,5951540477037120768,0.5589354,2381.5794121280587,0.468943974186653,1.7300388E-5,17.231607,0.005064679,0.4683286,0.034846082,0.11166228,0.084087335,0.024028767,0.00807656,0.7328651,8.092697E-4,0.021941543,5.9870764E-4,0.36182287,0.009698879,null,null,null,null,"TWOGAUSSIANS",8,8.92481,0.7328651,8.092697E-4,0.122872636,0.003352763,0.36327282,0.010311727,0.4683286,0.034846082,0.4,0.0,0.02402664,0.008151818
375316653866487564,5951540584412334336,0.53522575,2388.4722088395583,2.16786131976687,1.0617128E-5,18.877607,0.052425887,0.1787582,0.00601705,0.13888144,0.026931886,0.22001703,0.051284816,0.67026097,0.0031256306,0.09196488,0.009296054,0.44198126,0.046098977,null,null,null,null,"TWOGAUSSIANS",8,2.3770447,0.67026097,0.0031256306,0.4,0.0,0.39415038,0.01734492,0.1787582,0.00601705,0.4,0.0,0.17149691,0.016759327
375316653866487564,5951540584444967296,0.49585253,2372.0462206313173,2.76311798526198,2.7911043E-5,16.968672,0.05698666,0.2640352,0.006842232,0.08794145,0.024775526,0.14443897,0.050658368,0.7571672,0.01414099,0.08915926,0.06341536,0.13718863,0.032672852,null,null,null,null,"TWOGAUSSIANS",8,19.4678,0.2640352,0.006713027,0.4,0.0,0.13975394,0.010750857,0.7571672,0.01414099,0.4,0.0,0.1325036,0.021117628
375316653866487564,5951541305999582336,0.55155206,2285.357615372109,2.845008147984437,1.1052798E-5,15.306872,0.027527342,0.23563245,0.0038790274,0.10618845,0.01445454,0.17208403,0.02630775,0.72635543,0.0027943717,0.11169406,0.011762539,0.20383905,0.026131341,null,null,null,null,"TWOGAUSSIANS",8,36.287506,0.72635543,0.0027943717,0.4,0.0,0.17942159,0.0070561827,0.23565245,0.00388835,0.4,0.0,0.14768021,0.0070006098
375316653866487564,5951542268044598784,0.47616073,2463.9777467054337,3.750818112367694,2.1388983E-5,18.770458,0.015460109,0.2991771,0.0057195425,0.09142979,0.011590708,0.18298058,0.014027649,0.77467334,0.007969654,0.096325584,0.017463244,0.14932387,0.015070924,null,null,null,null,"TWOGAUSSIANS",8,3.7395356,0.2991771,0.0057192394,0.4,0.0,0.1763304,0.01032888,0.77467334,0.007969654,0.4,0.0,0.14267312,0.014552544
375316653866487564,5951542646001719296,0.54984045,2470.093270222851,3.4160070346754727,9.4728775E-6,19.135172,0.008282683,0.22017792,0.0018146608,0.052791793,0.0047843126,0.19337784,0.025231918,0.71420807,0.00806798,0.040877696,0.0081649525,0.15020396,0.02591584,0.10583953,0.010390534,0.22017792,0.0018146608,"TWOGAUSSIANS_WITH_ELLIPSOIDAL_ON_ECLIPSE1",9,1.8074745,0.22017792,0.0018146608,0.29563403,0.02679215,0.40505397,0.018987944,0.71514803,0.0067790193,0.22891511,0.045723733,0.36162904,0.013125193
375316653866487564,5951542744777685248,0.55111766,2431.327541728502,0.7829775206145343,5.705012E-5,16.53592,8.2884135E-4,0.43016398,0.037497297,0.03298638,0.023670515,0.011071598,0.03679684,0.67087704,0.0070604566,0.016850915,0.0049579693,0.20280711,0.04422058,0.004143104,0.0014600451,0.67087704,0.0070604566,"TWOGAUSSIANS_WITH_ELLIPSOIDAL_ON_ECLIPSE2",9,3.5674963,0.67087704,0.0070604566,0.09436512,0.027764628,0.21109332,0.044540394,0.43080395,0.039499197,0.18472373,0.13255489,0.011101709,0.03692188
375316653866487564,5951542852188499456,0.60146075,2454.9652390180127,2.9526418025457803,8.177088E-6,18.421555,0.0039524236,0.25419092,0.0033838912,0.0705814,0.0029547585,0.473677,0.0110415565,0.75091165,0.0014640077,0.0733743,0.0017506478,0.53603953,0.0063138907,null,null,null,null,"TWOGAUSSIANS",8,3.36759,0.75091165,0.0014640077,0.4,0.0,0.5338021,0.006253288,0.25419092,0.0033838912,0.39525583,0.01549228,0.47143954,0.011093396
375316653866487564,5951542852188505984,0.62133914,2455.550618741062,0.7238291423955832,1.0277342E-6,14.8521595,0.00182682,0.27465126,1.5585452E-4,0.03657571,4.3942407E-4,0.46360898,0.00500059,0.7774152,0.011039816,0.036735307,0.0089375535,0.05118522,0.009616642,0.006779928,0.0022000307,0.27465126,1.5585452E-4,"TWOGAUSSIANS_WITH_ELLIPSOIDAL_ON_ECLIPSE1",9,26.641977,0.27465126,1.5585452E-4,0.20482397,0.0024607747,0.47716883,0.0041788258,0.7774152,0.010970781,0.20571773,0.0500503,0.06474098,0.008544617
375316653866487564,5951544359709157504,0.57894623,2459.468215311584,2.182012101742408,7.4495806E-6,18.305798,0.018623551,0.24159236,0.001448341,0.04060291,0.0050466307,0.31762904,0.036628556,0.7421153,0.0035792894,0.045639094,0.0057314956,0.23548743,0.04085401,0.13609871,0.02288223,0.24159236,0.001448341,"TWOGAUSSIANS_WITH_ELLIPSOIDAL_ON_ECLIPSE1",9,7.9066896,0.24159236,0.001448341,0.22737631,0.028261133,0.5898263,0.023667526,0.7421153,0.0033239676,0.25557894,0.032096375,0.5076817,0.010374032
375316653866487564,5951544428438414592,0.5601313,2437.3405927329395,3.5465582298543827,6.543352E-6,18.41516,0.008122723,0.22420402,0.003249218,0.071758926,0.0037127498,0.45526582,0.018430792,0.7382087,0.001888106,0.073805675,0.0027566433,0.5258074,0.014338561,null,null,null,null,"TWOGAUSSIANS",8,9.289792,0.7382087,0.001888106,0.4,0.0,0.5238871,0.01435516,0.22420402,0.003249218,0.4,0.008277087,0.4533455,0.01854637
375316653866487564,5951544604535442560,0.5101993,2448.754919066143,2.9507646334907784,1.01527385E-5,19.140514,0.0122087905,0.30361396,0.004080994,0.094416566,0.0060303947,0.322381,0.019708699,0.81397194,0.0027872252,0.07630235,0.0071181282,0.2768762,0.01937323,null,null,null,null,"TWOGAUSSIANS",8,3.0848517,0.30361396,0.004080994,0.4,0.0,0.31551358,0.019266076,0.81397194,0.0027872252,0.4,0.0,0.27000943,0.020788781
375316653866487564,5951545012544291328,0.46198672,2421.6575127115666,3.4633130392789724,1.3949054E-5,19.200756,0.0077609527,0.28506103,0.004472302,0.02599149,0.006247761,0.123959444,0.06828665,0.76222885,0.006570859,0.028292468,0.0072380053,0.16731486,0.06361744,0.11542824,0.012584909,0.28506103,0.004472302,"TWOGAUSSIANS_WITH_ELLIPSOIDAL_ON_ECLIPSE1",9,9.319014,0.7640489,0.0067142807,0.15843782,0.04053283,0.39382496,0.062124655,0.28506103,0.004472302,0.14555234,0.034987465,0.3548159,0.06666084
375316653866487564,5951547422005978880,0.5604443,2418.296809884569,3.169469095760125,1.0285315E-5,19.196005,0.010674244,0.27986044,0.00280583,0.036121197,0.0044450127,0.24531072,0.028175576,0.78244376,0.0031868631,0.052046627,0.006399841,0.31097656,0.020803006,0.13031337,0.014117782,0.27986044,0.00280583,"TWOGAUSSIANS_WITH_ELLIPSOIDAL_ON_ECLIPSE1",9,2.461087,0.78244376,0.0031868631,0.2914611,0.03583911,0.5715312,0.017069401,0.27986044,0.00280583,0.2022787,0.024892071,0.505934,0.014019951
375316653866487564,5951547903041136128,0.42164627,2461.8728570676076,3.951971230183253,2.7536476E-5,18.23588,0.0034934632,0.16639318,0.004713246,0.02127643,0.0025454017,0.09882283,0.010401565,0.7283108,0.005101706,0.019712968,0.005140915,0.22154577,0.42795426,null,null,null,null,"TWOGAUSSIANS",8,4.792895,0.7283108,0.005101706,0.110392615,0.028789125,0.22154577,0.42795426,0.16639318,0.004713246,0.119148,0.01425425,0.09882283,0.010401565
