Gaia/vari_eclipsing_binary/VariEclipsingBinary_684113-684148.csv
# %ECSV 1.0
# ---
# delimiter: ','
# meta: !!omap
# - RELEASE: Gaia DR3
# - TABLE: vari_eclipsing_binary
# - DESCRIPTION: >
#     This table describes the properties of the eclipsing binaries resulting from the variability analysis. 
# - CITATION: >
#     How to cite and acknowledge Gaia: 
#     https://gea.esac.esa.int/archive/documentation/credits.html 
# - KNOWN_ISSUES: >
#     Known issues: 
#     https://www.cosmos.esa.int/web/gaia-users/known-issues 
# - DOCUMENTATION: >
#     Tutorials and documentation: 
#     https://www.cosmos.esa.int/web/gaia-users/archive 
# datatype:
# - 
#   name: solution_id
#   datatype: int64
#   description: Solution Identifier
#   meta:
#     ucd: meta.version
# - 
#   name: source_id
#   datatype: int64
#   description: Unique source identifier
#   meta:
#     ucd: meta.id;meta.main
# - 
#   name: global_ranking
#   datatype: float32
#   description: Number between 0 (worst) and 1 (best)
#   meta:
#     ucd: stat.param
# - 
#   name: reference_time
#   datatype: float64
#   unit: d
#   description: Reference time used for the geometric model fit
#   meta:
#     ucd: time.epoch
# - 
#   name: frequency
#   datatype: float64
#   unit: d**-1
#   description: Frequency of geometric model of the eclipsing binary light curve
#   meta:
#     ucd: src.orbital
# - 
#   name: frequency_error
#   datatype: float32
#   unit: d**-1
#   description: "Uncertainty of \\texttt{frequency}"
#   meta:
#     ucd: stat.error
# - 
#   name: geom_model_reference_level
#   datatype: float32
#   unit: mag
#   description: Magnitude reference level of geometric model
#   meta:
#     ucd: phot.mag;em.opt
# - 
#   name: geom_model_reference_level_error
#   datatype: float32
#   unit: mag
#   description: "Uncertainty of \\texttt{geomModelReferenceLevel}"
#   meta:
#     ucd: stat.error;phot.mag;em.opt
# - 
#   name: geom_model_gaussian1_phase
#   datatype: float32
#   description: Phase of the Gaussian 1 component
#   meta:
#     ucd: time.phase
# - 
#   name: geom_model_gaussian1_phase_error
#   datatype: float32
#   description: "Uncertainty of \\texttt{geomModelGaussian1Phase}"
#   meta:
#     ucd: stat.error;time.phase
# - 
#   name: geom_model_gaussian1_sigma
#   datatype: float32
#   description: "Standard deviation [phase] of Gaussian 1 component"
#   meta:
#     ucd: stat.stdev
# - 
#   name: geom_model_gaussian1_sigma_error
#   datatype: float32
#   description: "Uncertainty of \\texttt{geomModelGaussian1Sigma}"
#   meta:
#     ucd: stat.error
# - 
#   name: geom_model_gaussian1_depth
#   datatype: float32
#   unit: mag
#   description: Magnitude depth of Gaussian 1 component
#   meta:
#     ucd: src.var.amplitude
# - 
#   name: geom_model_gaussian1_depth_error
#   datatype: float32
#   unit: mag
#   description: "Uncertainty of \\texttt{geomModelGaussian1Depth}"
#   meta:
#     ucd: stat.error;src.var.amplitude
# - 
#   name: geom_model_gaussian2_phase
#   datatype: float32
#   description: Phase of Gaussian 2 component
#   meta:
#     ucd: time.phase
# - 
#   name: geom_model_gaussian2_phase_error
#   datatype: float32
#   description: "Uncertainty of \\texttt{geomModelGaussian2Phase}"
#   meta:
#     ucd: stat.error;time.phase
# - 
#   name: geom_model_gaussian2_sigma
#   datatype: float32
[...]
#   datatype: float32
#   description: "Secondary eclipse: uncertainty of \\texttt{derivedSecondaryEclDuration}"
#   meta:
#     ucd: stat.error;time.duration
# - 
#   name: derived_secondary_ecl_depth
#   datatype: float32
#   unit: mag
#   description: "Secondary eclipse: depth"
#   meta:
#     ucd: src.var.amplitude
# - 
#   name: derived_secondary_ecl_depth_error
#   datatype: float32
#   unit: mag
#   description: "Secondary eclipse: uncertainty of \\texttt{derivedSecondaryEclDepth}"
#   meta:
#     ucd: stat.error;src.var.amplitude
solution_id,source_id,global_ranking,reference_time,frequency,frequency_error,geom_model_reference_level,geom_model_reference_level_error,geom_model_gaussian1_phase,geom_model_gaussian1_phase_error,geom_model_gaussian1_sigma,geom_model_gaussian1_sigma_error,geom_model_gaussian1_depth,geom_model_gaussian1_depth_error,geom_model_gaussian2_phase,geom_model_gaussian2_phase_error,geom_model_gaussian2_sigma,geom_model_gaussian2_sigma_error,geom_model_gaussian2_depth,geom_model_gaussian2_depth_error,geom_model_cosine_half_period_amplitude,geom_model_cosine_half_period_amplitude_error,geom_model_cosine_half_period_phase,geom_model_cosine_half_period_phase_error,model_type,num_model_parameters,reduced_chi2,derived_primary_ecl_phase,derived_primary_ecl_phase_error,derived_primary_ecl_duration,derived_primary_ecl_duration_error,derived_primary_ecl_depth,derived_primary_ecl_depth_error,derived_secondary_ecl_phase,derived_secondary_ecl_phase_error,derived_secondary_ecl_duration,derived_secondary_ecl_duration_error,derived_secondary_ecl_depth,derived_secondary_ecl_depth_error
[from data line 442]
375316653866487564,6017760695127218176,0.50383985,2255.6191868326355,3.233529291931605,2.3415207E-5,19.36054,0.013194416,0.24436112,0.0127074625,0.0796054,0.012428531,0.3463604,0.019682419,0.76552343,0.00845435,0.060478207,0.0065435795,0.33534184,0.028716456,null,null,null,null,"TWOGAUSSIANS",8,4.3901625,0.24436112,0.0127074625,0.4,0.0,0.34569246,0.019201754,0.76552343,0.00845435,0.33867797,0.036644045,0.33467388,0.028208368
375316653866487564,6017762481831764864,0.532158,2295.6936626133484,3.5182602508984533,9.684454E-6,18.70328,0.01721625,0.1931356,0.0045550712,0.07482149,0.0092111025,0.24368545,0.016782584,0.7057427,0.0028049955,0.085308306,0.011846177,0.24640444,0.013302839,null,null,null,null,"TWOGAUSSIANS",8,2.1309123,0.7057427,0.0028049955,0.4,0.0,0.24349262,0.013275204,0.1931356,0.0045550712,0.4,0.006345799,0.24077368,0.015585734
375316653866487564,6017763413861200512,0.5849644,2284.080094494045,2.1445670009991225,7.486249E-6,17.18319,0.009067848,0.24549617,0.0018043931,0.1002834,0.004481196,0.20043266,0.0086528715,0.74835074,0.0022180257,0.10330184,0.007001166,0.19464089,0.007877256,null,null,null,null,"TWOGAUSSIANS",8,2.150944,0.24549617,0.0018043931,0.4,0.0,0.18174341,0.00381349,0.74835074,0.0022180257,0.4,0.0,0.17595005,0.005368723
375316653866487564,6017763551289955200,0.5599218,2283.4040014976936,1.3894294370459852,2.556456E-5,18.852318,0.01013852,0.2575139,0.0064761564,0.07784315,0.008437318,0.5714151,0.09091529,0.76655275,0.011955887,0.068780385,0.0073267575,0.3015834,0.05226476,null,null,null,null,"TWOGAUSSIANS",8,3.1513383,0.2575139,0.0064761564,0.4,0.0,0.56938094,0.09255408,0.76655275,0.011955887,0.38517016,0.038150523,0.29954922,0.052833144
375316653866487564,6017763615703032576,0.51314074,2381.8433517000603,1.8886959841105158,2.4123054E-5,18.048208,0.009726813,0.20571883,0.007887984,0.0993412,0.011266586,0.14431536,0.010886465,0.71400785,0.005304656,0.09188727,0.01532003,0.097477145,0.0076417946,null,null,null,null,"TWOGAUSSIANS",8,1.9905816,0.20571883,0.007887984,0.4,0.0,0.1373478,0.007921464,0.71400785,0.005304656,0.4,0.0,0.090510495,0.007118594
375316653866487564,6017763753143927168,0.53077316,2265.0764518861038,2.9590804811392353,2.9272443E-5,19.42643,0.010448952,0.1621612,0.04401358,0.06866504,0.027006252,0.051760264,0.02817069,0.48422,0.009894517,0.050981633,0.0048487573,0.6018284,0.07344052,null,null,null,null,"TWOGAUSSIANS",8,5.113624,0.48422,0.009894517,0.28549716,0.027153041,0.60182923,0.073433995,0.1621612,0.04401358,0.38452426,0.10937957,0.051760234,0.028171135
375316653866487564,6017764032326247936,0.5099463,2277.3559994036277,3.5985745047444264,4.015727E-5,19.742117,0.01265914,0.20093957,0.0033931986,0.05528431,0.0030573576,0.44445714,0.02574603,0.69255114,0.016487923,0.06388872,0.010289134,0.5988177,0.04089894,null,null,null,null,"TWOGAUSSIANS",8,2.7522652,0.69255114,0.016487923,0.35777685,0.057619154,0.5987015,0.040834438,0.20093957,0.0033931986,0.30959213,0.017121203,0.44434088,0.02573334
375316653866487564,6017765853392583680,0.5172956,2289.8375037569317,1.7939153468465978,1.6435188E-5,18.836279,0.01085041,0.268007,0.0056313747,0.09515788,0.009788069,0.19580917,0.012746142,0.76687765,0.00426104,0.08345171,0.007946201,0.2515576,0.018600179,null,null,null,null,"TWOGAUSSIANS",8,2.2744646,0.76687765,0.00426104,0.4,0.0,0.24300295,0.020030806,0.268007,0.0056313747,0.4,0.0,0.18725415,0.011567397
375316653866487564,6017766162630427776,0.4802016,2186.89166423503,2.8198338132211846,1.43775815E-5,19.453188,0.068647645,0.2133067,0.007444369,0.100398906,0.022510728,0.36243165,0.058495354,0.7005509,0.008347014,0.10582127,0.030073423,0.32660073,0.04804686,null,null,null,null,"TWOGAUSSIANS",8,5.088056,0.2133167,0.0074363556,0.4,0.0,0.33124223,0.033668477,0.7005509,0.008347014,0.4,0.0,0.29540417,0.041656528
375316653866487564,6017766609316933888,0.6409506,2298.595688264661,2.1785594277871145,4.5356815E-6,16.805464,0.017166495,0.23812893,0.001521112,0.06500134,0.0043661417,0.3387799,0.034576844,0.7380667,0.020589216,0.060889646,0.018192435,0.20220044,0.04644176,0.07586399,0.019554744,0.23812893,0.001521112,"TWOGAUSSIANS_WITH_ELLIPSOIDAL_ON_ECLIPSE1",9,7.5819936,0.23812893,0.001521112,0.3640075,0.024450393,0.4902583,0.009000574,0.7380767,0.017712235,0.34098202,0.10187763,0.35367882,0.015283851
375316653866487564,6017767910670498560,0.53083324,2329.184622156626,2.0112399244621146,7.801605E-6,18.672682,0.00407376,0.18160476,0.0068287943,0.03940496,0.007350753,0.3395722,0.080417305,0.6829837,0.017523147,0.043849606,0.015277574,0.33284804,0.10569572,null,null,null,null,"TWOGAUSSIANS",8,2.8880706,0.18160476,0.0068287943,0.22066776,0.041164216,0.3395722,0.08041733,0.6829837,0.017523147,0.24555779,0.08555441,0.332848,0.105695926
375316653866487564,6017768082469231232,0.60170007,2270.8774531973118,2.1260695475397946,9.0023E-6,18.527273,0.006311271,0.18885285,0.0015049836,0.08758949,0.0023331507,0.36522073,0.008332022,0.68750256,0.002092004,0.09085716,0.004163008,0.33308312,0.014881214,null,null,null,null,"TWOGAUSSIANS",8,1.0947586,0.18885285,0.0015049836,0.4,0.0,0.35176158,0.0077215494,0.68750256,0.002092004,0.4,0.0,0.31962386,0.016445711
375316653866487564,6017768945768920832,0.57181084,2215.2057596895597,2.941828635050001,1.4311322E-5,19.118893,0.01421681,0.2917337,0.0043778033,0.06676423,0.0045263153,0.5436237,0.036905482,0.78930557,0.006296344,0.072938696,0.0047503402,0.6550789,0.027282935,null,null,null,null,"TWOGAUSSIANS",8,4.3686686,0.78930557,0.006296344,0.4,0.004041768,0.6532184,0.026564954,0.2917337,0.0043778033,0.37387967,0.025347367,0.5417632,0.0370034
375316653866487564,6017769353780426368,0.540402,2296.363583533887,3.025415934629293,2.0403895E-5,18.27372,0.110988356,0.2606673,0.004156954,0.114442006,0.022802189,0.43311286,0.10382527,0.75895965,0.0073546097,0.1179026,0.022868186,0.45478532,0.10886525,null,null,null,null,"TWOGAUSSIANS",8,8.458862,0.75895965,0.0073546097,0.4,0.0,0.36857933,0.014175534,0.26067728,0.0041747345,0.4,0.0,0.34695804,0.020149287
375316653866487564,6017769495524982912,0.5316303,2313.1431132560524,1.2148843184641163,1.3046091E-5,18.913776,0.0037791375,0.30229053,0.004058234,0.0470023,0.003820981,0.24841642,0.020307556,0.8027255,0.0040546535,0.05971355,0.006386122,0.15066758,0.020346114,null,null,null,null,"TWOGAUSSIANS",8,1.3583568,0.30229053,0.004058234,0.2632129,0.021397494,0.24841018,0.020309772,0.8027255,0.0040546535,0.3343959,0.035762284,0.15066133,0.02035011
375316653866487564,6017770040972172032,0.6192718,2291.5387459328185,2.8211299809042867,6.5165577E-6,17.641165,0.015475022,0.2766023,0.0036539536,0.0553579,0.0072863447,0.42746794,0.055315606,0.78126496,0.0016082403,0.05677109,0.0036913713,0.35903963,0.03375153,0.06828958,0.01963934,0.2766023,0.0036539536,"TWOGAUSSIANS_WITH_ELLIPSOIDAL_ON_ECLIPSE1",9,4.771152,0.2766023,0.0036539536,0.31000423,0.04080353,0.5640158,0.06819803,0.78126496,0.0016082403,0.3179181,0.020671679,0.49547032,0.008661622
375316653866487564,6017770938633825152,0.55451417,2294.9105010192393,2.6238153411942573,1.3578907E-5,18.807621,0.0153018385,0.25282845,0.0052387374,0.09645699,0.008397821,0.28270066,0.013962978,0.75162953,0.0026318163,0.0994438,0.0060076485,0.29659438,0.014322443,null,null,null,null,"TWOGAUSSIANS",8,1.4416022,0.75162953,0.0026318163,0.4,0.0,0.27463934,0.0067954077,0.25282845,0.0052387374,0.4,0.0,0.26074672,0.0062952978
375316653866487564,6017772141224966272,0.47185424,2210.6708377607665,0.9790655010189137,3.4053366E-5,19.826794,0.021957446,0.11962423,0.0063425535,0.03859376,0.0077508916,0.37841308,0.07588494,0.61813956,0.02234533,0.030836163,0.0074473284,0.46859485,0.2189082,null,null,null,null,"TWOGAUSSIANS",8,5.7732186,0.61813956,0.02234533,0.17268251,0.04170504,0.46859485,0.2189082,0.11962423,0.0063425535,0.21612507,0.043404993,0.37841308,0.07588494
375316653866487564,6017772721031738240,0.54183257,2286.5388735948677,2.32864292342061,1.7672666E-5,16.69304,0.013171761,0.2857382,0.0042008148,0.08490046,0.008503866,0.18822858,0.011934148,0.80123293,0.0022134304,0.08426908,0.0059533096,0.20467474,0.012310564,null,null,null,null,"TWOGAUSSIANS",8,10.510343,0.80123293,0.0022134304,0.4,0.0,0.20089447,0.009966608,0.2857382,0.0042008148,0.4,0.0,0.18444832,0.009450786
375316653866487564,6017772892830431616,0.48663792,2287.869354827641,1.5927890023068223,4.2295636E-5,17.731094,0.0033472187,0.078130335,0.06863901,0.05093861,0.056568958,0.017284205,0.0150715895,0.58693624,0.007015706,0.06739521,0.013538569,0.08818936,0.006489315,null,null,null,null,"TWOGAUSSIANS",8,3.4494,0.58693624,0.007015706,0.37741315,0.062355615,0.08818109,0.006506205,0.078130335,0.06863901,0.2852562,0.31286752,0.017275937,0.015089712
375316653866487564,6017773957982932864,0.46307337,2269.5866611130405,4.335884688995026,5.411323E-5,18.259035,0.007637732,0.23982364,0.01947947,0.010286448,0.011063194,0.21609367,0.09179555,0.544576,0.027282469,0.0906783,0.09078626,0.038145527,0.008405994,null,null,null,null,"TWOGAUSSIANS",8,5.320567,0.23982364,0.019472169,0.057604104,0.061953887,0.21622816,0.0917772,0.544576,0.027282469,0.4,0.0,0.03814551,0.008544813
375316653866487564,6017774507740542208,0.43995968,2269.0247213732023,2.6990745106820957,3.5285775E-5,18.826971,0.0061431504,0.76005065,0.007821409,0.010353111,0.01389661,0.14127846,null,null,null,null,null,null,null,0.067824624,0.010224798,0.76005065,0.007821409,"ONEGAUSSIAN_WITH_ELLIPSOIDAL",6,7.043659,0.76005065,0.007821409,0.05797742,0.07782102,0.2769277,null,null,null,null,null,null,null
375316653866487564,6017774924363933056,0.4986792,2230.863888222446,4.702310405451331,5.5378536E-5,19.450624,0.02632988,0.47319385,0.011308591,0.09649312,0.017511804,0.43561643,0.057075176,0.17297687,0.0018962811,0.039256252,0.0032292923,0.1335829,0.025678696,null,null,null,null,"TWOGAUSSIANS",8,9.102351,0.47319385,0.011308591,0.4,0.0,0.43561494,0.057079554,0.17430685,4.881014E-4,0.21983501,0.018084038,0.13709968,0.027467987
375316653866487564,6017775233611626368,0.58776677,2297.414613348639,0.5372199372476048,6.840785E-5,13.934131,0.0014017754,0.2345459,0.0056181857,0.02048719,0.00754958,0.29585707,0.2587948,0.7360478,0.025985645,0.025484342,0.025855366,0.1448916,6.129693,0.0072990423,0.0024212843,0.2345459,0.0056181857,"TWOGAUSSIANS_WITH_ELLIPSOIDAL_ON_ECLIPSE1",9,14.650355,0.2345459,0.0056181857,0.114728265,0.04227765,0.31045517,0.26265097,0.7360478,0.025966786,0.14271232,0.14479005,0.15948838,6.1328697
375316653866487564,6017776607992551040,0.54405415,2269.5726490393968,1.061743856075969,4.9942308E-5,18.33657,0.0059103514,0.30738252,0.005683724,0.07750321,0.009118633,0.10496534,0.007788435,0.80215436,0.011776115,0.057688978,0.007571243,0.39107788,0.06370578,null,null,null,null,"TWOGAUSSIANS",8,3.8911688,0.80215436,0.011776115,0.32305828,0.042398963,0.39074823,0.06378055,0.30738252,0.005683724,0.4,0.0,0.10463569,0.007754755
375316653866487564,6017777054667768576,0.54482865,2287.5138763109294,2.284336311823993,2.8798211E-5,18.893703,0.019654643,0.28196716,0.013407012,0.08113251,0.02011211,0.30234033,0.0415865,0.772258,0.004944243,0.09112429,0.010434345,0.21434513,0.019844668,null,null,null,null,"TWOGAUSSIANS",8,2.107347,0.28196716,0.013407012,0.4,0.0,0.29604477,0.05515083,0.772258,0.004944243,0.4,0.0,0.2080494,0.011964541
375316653866487564,6017777393956063104,0.5849599,2272.386929193936,3.910375424706851,1.0157772E-5,17.489298,0.023357635,0.3225031,0.0019059209,0.07029777,0.004258802,0.44867375,0.021984331,0.8257496,0.007690115,0.08427369,0.021402549,0.34034702,0.08991838,null,null,null,null,"TWOGAUSSIANS",8,12.965459,0.3225031,0.0019059209,0.39366752,0.018892301,0.44484675,0.015934566,0.8257496,0.007690115,0.4,0.0,0.33652002,0.0964315
375316653866487564,6017777673152760832,0.49504542,2213.1164373279635,2.579894827459988,2.6282612E-5,19.098034,0.036413606,0.20696144,0.038014304,0.08342434,0.034469847,0.18844277,0.059953433,0.7088169,0.009005742,0.08357958,0.024163147,0.20595874,0.057826705,null,null,null,null,"TWOGAUSSIANS",8,1.9612787,0.7088169,0.009005742,0.4,0.011063478,0.20164782,0.058465123,0.20696144,0.038023833,0.4,0.0,0.18413186,0.044737946
375316653866487564,6017778184232411392,0.54718363,2272.057888662055,2.7379242894034324,1.4689343E-5,18.145115,0.044021986,0.2937123,0.008718259,0.07674886,0.022775708,0.43741697,0.056587994,0.7937798,0.0040036053,0.09358177,0.01240852,0.41156036,0.041679237,null,null,null,null,"TWOGAUSSIANS",8,9.929401,0.2937123,0.008718259,0.4,0.0,0.42611557,0.07911996,0.7937798,0.0040036053,0.4,0.0,0.40025842,0.020668488
375316653866487564,6017779352465324928,0.47661722,2234.084947709704,2.6516078368255847,3.3931465E-5,19.304455,0.18552396,0.2061747,0.014356021,0.11846796,0.07967441,0.19663893,0.1595779,0.67836535,0.019945666,0.11372051,0.040729716,0.2239043,0.16742107,null,null,null,null,"TWOGAUSSIANS",8,3.4305334,0.67836535,0.019945666,0.4,0.0,0.19237784,0.022776784,0.2062647,0.013973175,0.4,0.0,0.16507818,0.04518376
375316653866487564,6017779356779967360,0.5654895,2270.2605263713654,1.0484750564526957,7.973492E-6,17.03248,0.009841997,0.27102432,0.0144227045,0.067037694,0.010198209,0.09478534,0.037285842,0.7453882,0.0012679219,0.0469234,0.0016837632,0.5216371,0.011366735,null,null,null,null,"TWOGAUSSIANS",8,21.137978,0.7453882,0.0012679219,0.26277104,0.009429074,0.52162826,0.011364583,0.27102432,0.0144227045,0.3754111,0.05674178,0.09477652,0.037294015
375316653866487564,6017781933751174784,0.52888316,2236.7150727929707,0.6504616208236946,2.9052182E-5,17.894554,0.0042528906,0.32496813,0.0076746237,0.01675215,0.00863364,0.7176923,76.55596,0.86933655,0.005149382,0.02121496,0.0041246936,0.35756794,0.29570526,null,null,null,null,"TWOGAUSSIANS",8,9.529683,0.32496813,0.0076746237,0.09381204,0.04834838,0.7176923,76.55596,0.86933655,0.005149382,0.118803784,0.023098284,0.35756794,0.29570526
375316653866487564,6017782964552641024,0.5508941,2303.1844598937964,1.0760618496573564,3.8996186E-5,15.056525,0.009245742,0.22915494,0.004509536,0.065250196,0.013402534,0.1151672,0.02440553,0.7034709,0.020021012,0.039559804,0.021769417,0.22560623,0.09823694,0.103921235,0.010400613,0.22915494,0.004509536,"TWOGAUSSIANS_WITH_ELLIPSOIDAL_ON_ECLIPSE1",9,34.244457,0.7060709,0.02171379,0.22153491,0.12190874,0.42854592,0.092010975,0.22915494,0.004509536,0.3654011,0.07505419,0.32293543,0.01492943
375316653866487564,6017783686097928832,0.53354496,2249.517921838502,3.970189936449448,4.747342E-5,19.570312,0.025373675,0.25580102,0.009710735,0.074731536,0.014298067,0.4493357,0.046147052,0.7425082,0.009886056,0.08000354,0.010429952,0.46931976,0.07778172,null,null,null,null,"TWOGAUSSIANS",8,3.4023297,0.7425082,0.009886056,0.4,0.0,0.46557277,0.08004176,0.25580102,0.009710735,0.4,0.01489925,0.4455887,0.048128825
375316653866487564,6017783716148342656,0.5836937,2232.0215361068786,2.7220404400346125,1.8261031E-5,18.377207,0.012960309,0.24437852,0.0023646243,0.07877266,0.00306141,0.48346707,0.014744767,0.7475998,0.005212448,0.080020815,0.0068703853,0.49317095,0.019209808,null,null,null,null,"TWOGAUSSIANS",8,4.780677,0.7475998,0.005212448,0.4,0.0,0.48672864,0.018785063,0.24437852,0.0023646243,0.4,0.0,0.47702473,0.012625297
375316653866487564,6017784751259172608,0.567034,2201.3252035604573,1.0486131151094749,1.7342196E-5,16.115412,0.0031347056,0.18762912,0.0037785613,0.050998803,0.0038050155,0.24481837,0.028843328,0.68619967,0.009341539,0.064698674,0.00962973,0.12662236,0.009405031,null,null,null,null,"TWOGAUSSIANS",8,14.265483,0.18762912,0.0037785613,0.2855933,0.021308087,0.24479046,0.028852839,0.68619967,0.009341539,0.3623126,0.0520811,0.12659445,0.009411268
375316653866487564,6017786121329852672,0.6114166,2285.7305255047063,2.52265545688169,4.8766856E-6,16.487043,0.005259586,0.2892437,0.001907557,0.08030367,0.0023436823,0.42978185,0.010587017,0.78800076,0.0012398558,0.08235335,0.0020022292,0.43916222,0.008853736,null,null,null,null,"TWOGAUSSIANS",8,12.931753,0.78800076,0.0012398558,0.4,0.0,0.43162972,0.00906538,0.2892437,0.001907557,0.4,0.0,0.42224935,0.010639795
