Gaia/vari_eclipsing_binary/VariEclipsingBinary_468532-468556.csv
# %ECSV 1.0
# ---
# delimiter: ','
# meta: !!omap
# - RELEASE: Gaia DR3
# - TABLE: vari_eclipsing_binary
# - DESCRIPTION: >
#     This table describes the properties of the eclipsing binaries resulting from the variability analysis. 
# - CITATION: >
#     How to cite and acknowledge Gaia: 
#     https://gea.esac.esa.int/archive/documentation/credits.html 
# - KNOWN_ISSUES: >
#     Known issues: 
#     https://www.cosmos.esa.int/web/gaia-users/known-issues 
# - DOCUMENTATION: >
#     Tutorials and documentation: 
#     https://www.cosmos.esa.int/web/gaia-users/archive 
# datatype:
# - 
#   name: solution_id
#   datatype: int64
#   description: Solution Identifier
#   meta:
#     ucd: meta.version
# - 
#   name: source_id
#   datatype: int64
#   description: Unique source identifier
#   meta:
#     ucd: meta.id;meta.main
# - 
#   name: global_ranking
#   datatype: float32
#   description: Number between 0 (worst) and 1 (best)
#   meta:
#     ucd: stat.param
# - 
#   name: reference_time
#   datatype: float64
#   unit: d
#   description: Reference time used for the geometric model fit
#   meta:
#     ucd: time.epoch
# - 
#   name: frequency
#   datatype: float64
#   unit: d**-1
#   description: Frequency of geometric model of the eclipsing binary light curve
#   meta:
#     ucd: src.orbital
# - 
#   name: frequency_error
#   datatype: float32
#   unit: d**-1
#   description: "Uncertainty of \\texttt{frequency}"
#   meta:
#     ucd: stat.error
# - 
#   name: geom_model_reference_level
#   datatype: float32
#   unit: mag
#   description: Magnitude reference level of geometric model
#   meta:
#     ucd: phot.mag;em.opt
# - 
#   name: geom_model_reference_level_error
#   datatype: float32
#   unit: mag
#   description: "Uncertainty of \\texttt{geomModelReferenceLevel}"
#   meta:
#     ucd: stat.error;phot.mag;em.opt
# - 
#   name: geom_model_gaussian1_phase
#   datatype: float32
#   description: Phase of the Gaussian 1 component
#   meta:
#     ucd: time.phase
# - 
#   name: geom_model_gaussian1_phase_error
#   datatype: float32
#   description: "Uncertainty of \\texttt{geomModelGaussian1Phase}"
#   meta:
#     ucd: stat.error;time.phase
# - 
#   name: geom_model_gaussian1_sigma
#   datatype: float32
#   description: "Standard deviation [phase] of Gaussian 1 component"
#   meta:
#     ucd: stat.stdev
# - 
#   name: geom_model_gaussian1_sigma_error
#   datatype: float32
#   description: "Uncertainty of \\texttt{geomModelGaussian1Sigma}"
#   meta:
#     ucd: stat.error
# - 
#   name: geom_model_gaussian1_depth
#   datatype: float32
#   unit: mag
#   description: Magnitude depth of Gaussian 1 component
#   meta:
#     ucd: src.var.amplitude
# - 
#   name: geom_model_gaussian1_depth_error
#   datatype: float32
#   unit: mag
#   description: "Uncertainty of \\texttt{geomModelGaussian1Depth}"
#   meta:
#     ucd: stat.error;src.var.amplitude
# - 
#   name: geom_model_gaussian2_phase
#   datatype: float32
#   description: Phase of Gaussian 2 component
#   meta:
#     ucd: time.phase
# - 
#   name: geom_model_gaussian2_phase_error
#   datatype: float32
#   description: "Uncertainty of \\texttt{geomModelGaussian2Phase}"
#   meta:
#     ucd: stat.error;time.phase
# - 
#   name: geom_model_gaussian2_sigma
#   datatype: float32
[...]
#   datatype: float32
#   description: "Secondary eclipse: uncertainty of \\texttt{derivedSecondaryEclDuration}"
#   meta:
#     ucd: stat.error;time.duration
# - 
#   name: derived_secondary_ecl_depth
#   datatype: float32
#   unit: mag
#   description: "Secondary eclipse: depth"
#   meta:
#     ucd: src.var.amplitude
# - 
#   name: derived_secondary_ecl_depth_error
#   datatype: float32
#   unit: mag
#   description: "Secondary eclipse: uncertainty of \\texttt{derivedSecondaryEclDepth}"
#   meta:
#     ucd: stat.error;src.var.amplitude
solution_id,source_id,global_ranking,reference_time,frequency,frequency_error,geom_model_reference_level,geom_model_reference_level_error,geom_model_gaussian1_phase,geom_model_gaussian1_phase_error,geom_model_gaussian1_sigma,geom_model_gaussian1_sigma_error,geom_model_gaussian1_depth,geom_model_gaussian1_depth_error,geom_model_gaussian2_phase,geom_model_gaussian2_phase_error,geom_model_gaussian2_sigma,geom_model_gaussian2_sigma_error,geom_model_gaussian2_depth,geom_model_gaussian2_depth_error,geom_model_cosine_half_period_amplitude,geom_model_cosine_half_period_amplitude_error,geom_model_cosine_half_period_phase,geom_model_cosine_half_period_phase_error,model_type,num_model_parameters,reduced_chi2,derived_primary_ecl_phase,derived_primary_ecl_phase_error,derived_primary_ecl_duration,derived_primary_ecl_duration_error,derived_primary_ecl_depth,derived_primary_ecl_depth_error,derived_secondary_ecl_phase,derived_secondary_ecl_phase_error,derived_secondary_ecl_duration,derived_secondary_ecl_duration_error,derived_secondary_ecl_depth,derived_secondary_ecl_depth_error
[from data line 74]
375316653866487564,4121271499949393152,0.5647534,2352.685050362629,2.1455308735567513,8.771019E-6,19.40981,0.010545778,0.30295524,0.001897145,0.066390365,0.0030340767,0.66033554,0.032040466,0.80502987,0.0022653528,0.056222003,0.0026476881,0.5164111,0.01966366,null,null,null,null,"TWOGAUSSIANS",8,2.0569618,0.30295524,0.001897145,0.37178606,0.01699083,0.6600668,0.032105204,0.80502987,0.0022653528,0.3148432,0.014827053,0.51614237,0.019642934
375316653866487564,4121271572960900864,0.4990989,2337.993557579587,2.602380511191936,1.8306171E-5,19.593485,0.01623934,0.28103107,0.003955912,0.068177395,0.0046879705,0.62064976,0.0392629,0.7848715,0.0076248953,0.07542224,0.011040402,0.40302193,0.029693354,null,null,null,null,"TWOGAUSSIANS",8,4.238365,0.28103107,0.003955912,0.3817934,0.026252635,0.6185588,0.039601084,0.7848715,0.0076248953,0.4,0.01877556,0.40093103,0.030494135
375316653866487564,4121271641680590720,0.4821488,2342.4004195625953,2.430736284572452,1.8899987E-5,18.88667,0.008195646,0.21762636,0.002291844,0.07676873,0.0037150793,0.39626855,0.018445054,0.7204329,0.0048611076,0.077108465,0.005843123,0.42704144,0.008187825,null,null,null,null,"TWOGAUSSIANS",8,3.9460006,0.7204329,0.0048611076,0.4,0.0,0.4230899,0.006666782,0.21762636,0.002291844,0.4,0.0,0.392317,0.018581659
375316653866487564,4121271641687988992,0.46157607,2312.4283870674594,2.746369255886951,4.9248905E-5,19.89839,0.026464516,0.28374308,0.01202829,0.049080893,0.010972054,0.27760857,0.10949822,0.7662141,4.4964688E-4,0.025096403,0.002887398,1.0228102,0.1359314,0.08138592,0.028789943,0.28374308,0.01202829,"TWOGAUSSIANS_WITH_ELLIPSOIDAL_ON_ECLIPSE1",9,12.865966,0.7663541,4.27971E-4,0.14053987,0.016169429,1.1836299,0.14405137,0.28374308,0.01202829,0.27485302,0.061443504,0.44037947,0.094418086
375316653866487564,4121271916558843008,0.48079267,2362.7613039176626,4.586738413174684,3.495489E-5,19.650778,0.16241822,0.5408039,0.008691608,0.17031206,0.03150208,0.741004,0.15006089,0.96035093,0.05922332,0.10489421,0.037156012,0.15738446,0.122827806,null,null,null,null,"TWOGAUSSIANS",8,5.846363,0.5408839,0.008452073,0.4,0.0,0.65676403,0.056565642,0.96035093,0.05922332,0.4,0.0,0.11097043,0.04616681
375316653866487564,4121272225797036416,0.5571855,2349.387904832256,3.7206871743155,5.5142526E-5,18.109493,0.007271211,0.26824656,0.0030384178,0.08406264,0.0050000697,0.27051708,0.007915205,0.76925194,0.0021369262,0.07991806,0.0068004094,0.28300416,0.0119614415,null,null,null,null,"TWOGAUSSIANS",8,4.3384175,0.76925194,0.0021369262,0.4,0.0,0.2778092,0.013870517,0.26824656,0.0030384178,0.4,0.0,0.26532212,0.0067855385
375316653866487564,4121272771243083392,0.41608655,2364.954217237865,0.05045055353294764,4.9264443E-5,19.245209,0.030578317,0.4733655,0.025347186,0.060811825,0.025229305,0.40583244,0.1705234,0.8343393,0.023295557,0.04989951,0.015288403,0.46029598,0.17774163,0.1324156,0.023800636,0.4733655,0.025347186,"TWOGAUSSIANS_WITH_ELLIPSOIDAL_ON_ECLIPSE1",9,8.630621,0.4733655,0.025347186,0.34054622,0.14128411,0.67057747,0.1721318,0.8434793,0.02055463,0.27943727,0.08561506,0.57684284,0.1563744
375316653866487564,4121273943784777728,0.46736148,2352.95429071587,0.4392311079825528,1.3643264E-5,18.089684,0.0052139903,0.18959165,0.006051326,0.036097202,0.0037901497,0.15519635,0.013423262,0.6964895,0.015179267,0.04907361,0.054104418,0.1035149,0.712678,null,null,null,null,"TWOGAUSSIANS",8,4.836354,0.18959165,0.006051326,0.20214432,0.021224838,0.15519635,0.013414407,0.6964895,0.015179267,0.27481222,0.19045044,0.103514895,0.71268606
375316653866487564,4121274218662946688,0.43619096,2333.7222223475164,0.6844497127560922,2.908295E-5,18.619429,0.0065158745,0.7330066,0.010442934,0.0357013,0.012873815,0.11945104,0.01771751,null,null,null,null,null,null,0.046889562,0.010338968,0.7330066,0.010442934,"ONEGAUSSIAN_WITH_ELLIPSOIDAL",6,9.736081,0.7330066,0.010442934,0.19992729,0.07209337,0.21323016,0.021160124,null,null,null,null,null,null
375316653866487564,4121274631023389440,0.53948647,2357.638415316616,3.331489508945505,2.2924563E-5,19.237904,0.009819997,0.24526663,0.003046268,0.071615495,0.0045877732,0.4412228,0.029024877,0.74071956,0.0044574435,0.06626302,0.005569798,0.49604812,0.024033587,null,null,null,null,"TWOGAUSSIANS",8,3.2778642,0.74071956,0.0044574435,0.3710729,0.031190867,0.49489504,0.024204653,0.24526663,0.003046268,0.4,0.011889656,0.4400697,0.029258259
375316653866487564,4121274940217515008,0.4619561,2336.1029685927524,1.8904887754988007,4.421968E-5,18.693445,0.027866794,0.23144834,0.009666858,0.070857406,0.008075519,0.59051603,0.10827601,0.7436537,0.011877055,0.093342215,0.01951948,0.41616344,0.08430635,null,null,null,null,"TWOGAUSSIANS",8,27.871634,0.23144834,0.009666858,0.39680144,0.039777786,0.5831642,0.10918487,0.7436537,0.011877055,0.4,0.0,0.408811,0.089913845
375316653866487564,4121275210784456320,0.573021,2327.9497921383213,1.7071745978872153,7.57204E-6,18.345007,0.0039523155,0.29935408,0.0020894755,0.07315521,0.0037629146,0.24959621,0.011281454,0.8087324,0.0047771297,0.07649671,0.004489002,0.25040048,0.006411888,null,null,null,null,"TWOGAUSSIANS",8,1.4732671,0.8087324,0.0047771297,0.4,0.0,0.24887595,0.005989294,0.29935408,0.0020894755,0.4,0.0,0.24807167,0.011513999
375316653866487564,4121275451298192384,0.62362534,2346.9393425368044,1.0956194755256705,1.05565005E-5,17.90483,0.0034928506,0.29459444,0.0013834841,0.07651334,0.0022801226,0.4734684,0.012562647,0.79189205,0.001461567,0.08091722,0.0029821547,0.35481966,0.013074274,null,null,null,null,"TWOGAUSSIANS",8,2.1112497,0.29459444,0.0013834841,0.4,0.0,0.46849072,0.013362661,0.79189205,0.001461567,0.4,0.0,0.34984198,0.013740478
375316653866487564,4121275799210193024,0.4227727,2345.039070273499,0.6756187565689792,3.191565E-5,18.471296,0.010408986,0.41112712,0.0025218122,0.04685182,0.0067688925,0.18853155,0.016642043,0.10435875,0.056895077,0.0432606,0.06477392,0.041265253,0.047108572,null,null,null,null,"TWOGAUSSIANS",8,12.763324,0.41112712,0.0025218122,0.2623702,0.0379058,0.18853155,0.016642045,0.10435875,0.056895077,0.24225935,0.36273393,0.041265253,0.047108572
375316653866487564,4121276314606670080,0.491118,2340.60501423012,2.80167533614782,1.4626289E-5,19.39698,0.015529158,0.28664228,0.008134834,0.09274858,0.01510938,0.21994387,0.021018166,0.77590793,0.0036120084,0.076471455,0.008543426,0.33230653,0.032655157,null,null,null,null,"TWOGAUSSIANS",8,2.4379823,0.77590793,0.0036120084,0.4,0.0013563039,0.32678798,0.034715395,0.28664228,0.008134834,0.4,0.0,0.21442506,0.021357266
375316653866487564,4121276344655836416,0.63443375,2327.1129531726097,1.7239039131752425,6.0735297E-6,18.376865,0.0057017663,0.25735503,0.0018775,0.04750876,0.004532567,0.23995088,0.013839018,0.7533878,0.0027078008,0.05279075,0.0025301226,0.25254512,0.014447429,0.10141235,0.0062812115,0.25735503,0.0018775,"TWOGAUSSIANS_WITH_ELLIPSOIDAL_ON_ECLIPSE1",9,1.3003424,0.7539878,0.0022514118,0.2956282,0.014168687,0.45525905,0.009023534,0.25735503,0.0018775,0.26604906,0.025382375,0.4427719,0.013255025
375316653866487564,4121276379015579904,0.5412297,2336.9704227466736,2.208894122615801,1.9491079E-5,18.51037,0.0049041775,0.22282033,0.003088182,0.07343575,0.00518251,0.21579868,0.0098401485,0.72282875,0.0032230257,0.070178755,0.0028869603,0.2187075,0.0074749137,null,null,null,null,"TWOGAUSSIANS",8,1.5518229,0.72282875,0.0032230257,0.39300102,0.016166978,0.21769431,0.0072739767,0.22282033,0.003088182,0.4,0.0010127197,0.21478549,0.009980194
375316653866487564,4121276623844766592,0.48370147,2354.6234017788615,1.713292426751253,6.242717E-5,19.52044,0.06414414,0.27101368,0.007634381,0.093152106,0.017904961,0.30720827,0.062112946,0.77986574,0.030375872,0.11772312,0.05169202,0.18012452,0.054013405,null,null,null,null,"TWOGAUSSIANS",8,3.3060436,0.2710037,0.007633361,0.4,0.0,0.28297395,0.015720693,0.77986574,0.030375872,0.4,0.0,0.15584487,0.031462025
375316653866487564,4121276795643478016,0.50772065,2346.9530606310645,2.0682428051436044,1.4314502E-5,19.03164,0.015805041,0.23500289,0.0085814865,0.08705651,0.009847134,0.28904492,0.018551376,0.73789304,0.0034025873,0.07986788,0.007090256,0.30433843,0.017777497,null,null,null,null,"TWOGAUSSIANS",8,3.2549703,0.73789304,0.0034025873,0.4,0.0,0.29800957,0.017035568,0.23500289,0.0085814865,0.4,0.0,0.28271604,0.016625823
375316653866487564,4121276864363197568,0.48893446,2284.646049490689,2.692033129977678,3.072539E-5,19.801294,0.011601567,0.2683762,0.0070707505,0.077035144,0.009108592,0.31305143,0.025820898,0.75081396,0.008700562,0.08182105,0.0070069847,0.32667655,0.019891433,null,null,null,null,"TWOGAUSSIANS",8,1.2574247,0.75081396,0.008700562,0.4,0.0,0.3235071,0.019201783,0.2683762,0.0070707505,0.4,0.0,0.30988201,0.02688768
375316653866487564,4121277066210715008,0.4482536,2335.596697846319,1.8621011903565956,5.8106405E-5,17.517529,0.003798658,0.25718847,0.013274879,0.069787286,0.011915505,0.10061257,0.013405387,0.7537877,0.03290267,0.02291198,0.016671546,0.09510758,0.087809056,null,null,null,null,"TWOGAUSSIANS",8,9.369326,0.25718847,0.013274879,0.39080882,0.064119354,0.100612506,0.0134054525,0.7537877,0.03290267,0.12830709,0.09336066,0.09510751,0.087809324
375316653866487564,4121277139284276608,0.5287082,2298.4613811434024,1.9618566872857666,2.291902E-5,18.23687,0.029519621,0.29398528,0.007391143,0.107897386,0.01738883,0.20829555,0.029014418,0.78766114,0.003708802,0.101372406,0.0132358875,0.23705256,0.027700206,null,null,null,null,"TWOGAUSSIANS",8,2.628107,0.78766114,0.003708802,0.4,0.0,0.21334045,0.008276055,0.29398528,0.007391893,0.4,0.0,0.18457666,0.017502435
375316653866487564,4121278101357676032,0.50382173,2303.8733458199786,3.4256531135575177,3.5105117E-5,19.753706,0.014543813,0.2752549,0.0074068266,0.08256948,0.00820155,0.33250213,0.031851266,0.7746603,0.005277055,0.07154583,0.0077307234,0.4065845,0.024182528,null,null,null,null,"TWOGAUSSIANS",8,2.0631518,0.7746603,0.005277055,0.4,0.018810898,0.4028638,0.024735035,0.2752549,0.0074068266,0.4,0.0,0.32878143,0.032177944
375316653866487564,4121278578036861568,0.53615904,2332.181929752092,0.7893994278876312,3.3723314E-5,17.926432,0.003731749,0.23086013,0.0041031633,0.04912748,0.00547402,0.08154134,0.0062860674,0.7379702,0.012442026,0.05303374,0.014260514,0.18179837,0.013008254,null,null,null,null,"TWOGAUSSIANS",8,2.5804603,0.7379702,0.012442026,0.29698893,0.07985888,0.18179727,0.013002488,0.23086013,0.0041031633,0.27511388,0.03065451,0.081540234,0.0062827035
375316653866487564,4121279235183300736,0.43750724,2323.1845114338316,1.543116818118766,2.0501942E-5,19.087332,0.007911168,0.6284741,0.0028576762,0.022732278,0.0054412223,0.6613273,1.3714458,0.84772813,0.032049134,0.071582325,0.032764085,0.046339232,0.01868596,null,null,null,null,"TWOGAUSSIANS",8,5.9355435,0.62848413,0.0028591286,0.12730075,0.030470844,0.66175264,1.3716499,0.84772813,0.032049134,0.4,0.15419298,0.046339232,0.01868596
375316653866487564,4121279510064556544,0.51524717,2336.1971684831415,2.6426167194646903,1.3250172E-5,19.676037,0.19217701,0.30076295,0.022114683,0.17561889,0.105442405,0.35849714,0.15150194,0.77795243,0.0031791262,0.08105147,0.014651452,0.64979637,0.11921289,null,null,null,null,"TWOGAUSSIANS",8,2.0535054,0.77795243,0.0031791262,0.4,0.0,0.56680936,0.048361935,0.30076295,0.022114683,0.4,0.0,0.26230526,0.1072006
375316653866487564,4121279643190820352,0.47174215,2305.5809780794484,1.6372912385666474,2.988546E-5,17.984953,0.007286155,0.22466275,0.0065456727,0.07723184,0.008883098,0.17133991,0.011784638,0.7190256,0.013818586,0.09311922,0.019762808,0.09950542,0.008499259,null,null,null,null,"TWOGAUSSIANS",8,8.818471,0.22466275,0.0065456727,0.4,0.0,0.16826937,0.011285224,0.7190256,0.013818586,0.4,0.0,0.09643476,0.007976974
375316653866487564,4121279746268009856,0.4709083,2331.5033536541773,0.1266470299012571,8.730648E-6,17.788225,0.0019555662,0.13475831,0.0045524193,0.005799859,0.0024059778,0.19970396,0.21358177,0.634383,0.004160539,0.017839989,0.003862333,0.14906088,0.010797904,null,null,null,null,"TWOGAUSSIANS",8,2.8909862,0.13475831,0.0045524193,0.032479208,0.013473475,0.19970396,0.21358177,0.634383,0.004160539,0.09990394,0.021629065,0.14906088,0.010797904
375316653866487564,4121279922377865344,0.5006898,2316.7130027351245,1.3528632088698078,1.38571395E-5,18.154469,0.022675157,0.21503185,0.003304203,0.087922424,0.008386048,0.23689292,0.021242307,0.72526366,0.008018081,0.119368404,0.02321057,0.13734286,0.021868434,null,null,null,null,"TWOGAUSSIANS",8,5.4871407,0.21501184,0.003314012,0.4,0.0,0.22067305,0.009111167,0.72526366,0.008018081,0.4,0.0,0.12107788,0.012900079
375316653866487564,4121280364745695872,0.47382712,2333.9864039061713,4.9948751879062465,2.3118295E-5,18.433332,0.019658653,0.5457552,0.008153038,0.19708562,0.03181907,0.17206103,0.013064347,0.9670072,0.015069723,0.026465604,0.017689757,0.034995694,0.0443237,null,null,null,null,"TWOGAUSSIANS",8,4.8825493,0.5457552,0.008153038,0.4,0.0,0.15806478,0.012606745,0.9670072,0.015069723,0.14820738,0.09906264,0.040830694,0.046133954
375316653866487564,4121280914501481344,0.5068549,2324.612080611379,1.7595977195908217,1.4220311E-5,18.978485,0.006591404,0.17618677,0.0031983873,0.025347209,0.0023601786,0.21471839,0.023959517,0.67385787,0.0028280609,0.032313365,0.001714609,0.6699121,0.033439666,null,null,null,null,"TWOGAUSSIANS",8,8.486443,0.67385787,0.0028280609,0.18095486,0.00960181,0.6699121,0.033439666,0.17618677,0.0031983873,0.14194438,0.013217,0.21471839,0.023959517
375316653866487564,4121280918810551808,0.50851,2280.866627392933,2.330176994834579,2.2667984E-5,18.322334,0.018862685,0.23855308,0.005672101,0.10432924,0.014190571,0.12897433,0.018583149,0.7426093,0.0050239027,0.09919394,0.012179954,0.20341112,0.017847333,null,null,null,null,"TWOGAUSSIANS",8,1.4073772,0.7426093,0.0050239027,0.4,0.0,0.18851347,0.00687323,0.23855308,0.005672101,0.4,0.0,0.114075266,0.006121435
375316653866487564,4121281051957006976,0.4812903,2331.988118803411,3.321520891054329,1.5379415E-5,19.559332,0.01870424,0.26093572,0.0061922777,0.08311166,0.0114626,0.32920352,0.019615399,0.7645926,0.0068293116,0.090729006,0.009490997,0.26384002,0.026700199,null,null,null,null,"TWOGAUSSIANS",8,2.5246363,0.26093572,0.0061922777,0.4,0.0,0.32040262,0.019359889,0.7645926,0.0068293116,0.4,0.0,0.255039,0.02500406
375316653866487564,4121281262408504704,0.5572463,2350.128471129686,3.2197796519686728,2.3087732E-5,19.352833,0.007958122,0.19592895,0.0029954298,0.068387106,0.0045394637,0.5189097,0.051441293,0.6945157,0.0036053061,0.06729202,0.004921898,0.45052287,0.019670991,null,null,null,null,"TWOGAUSSIANS",8,2.0103908,0.19592895,0.0029954298,0.3829678,0.022354215,0.5178627,0.0517706,0.6945157,0.0036053061,0.37683532,0.027562628,0.44947585,0.019808926
375316653866487564,4121281502972063872,0.53783596,2327.203446631536,1.746647141517709,8.781999E-6,17.42905,0.0023427852,0.23195377,0.0056367414,0.050726116,0.004373337,0.05915938,0.0060201343,0.7312204,0.0022080562,0.046956122,0.0036099856,0.21450138,0.009665695,null,null,null,null,"TWOGAUSSIANS",8,3.621658,0.7312204,0.0022080562,0.2629543,0.02021592,0.21450095,0.00966611,0.23195377,0.0056367414,0.28406626,0.024490688,0.05915895,0.006020036
375316653866487564,4121281670413464576,0.5549236,2327.6001411827206,3.2480975614497667,1.0904415E-5,17.45123,0.008831818,0.25120717,0.0022599364,0.07537239,0.0030915719,0.54320174,0.01829121,0.765099,0.0028230473,0.08185474,0.004288501,0.39928862,0.012329888,null,null,null,null,"TWOGAUSSIANS",8,22.097708,0.25120717,0.0022599364,0.4,0.0,0.53878164,0.018309304,0.765099,0.0028230473,0.4,0.0,0.39486846,0.012188823
