Gaia/vari_eclipsing_binary/VariEclipsingBinary_612121-612492.csv
# %ECSV 1.0
# ---
# delimiter: ','
# meta: !!omap
# - RELEASE: Gaia DR3
# - TABLE: vari_eclipsing_binary
# - DESCRIPTION: >
#     This table describes the properties of the eclipsing binaries resulting from the variability analysis. 
# - CITATION: >
#     How to cite and acknowledge Gaia: 
#     https://gea.esac.esa.int/archive/documentation/credits.html 
# - KNOWN_ISSUES: >
#     Known issues: 
#     https://www.cosmos.esa.int/web/gaia-users/known-issues 
# - DOCUMENTATION: >
#     Tutorials and documentation: 
#     https://www.cosmos.esa.int/web/gaia-users/archive 
# datatype:
# - 
#   name: solution_id
#   datatype: int64
#   description: Solution Identifier
#   meta:
#     ucd: meta.version
# - 
#   name: source_id
#   datatype: int64
#   description: Unique source identifier
#   meta:
#     ucd: meta.id;meta.main
# - 
#   name: global_ranking
#   datatype: float32
#   description: Number between 0 (worst) and 1 (best)
#   meta:
#     ucd: stat.param
# - 
#   name: reference_time
#   datatype: float64
#   unit: d
#   description: Reference time used for the geometric model fit
#   meta:
#     ucd: time.epoch
# - 
#   name: frequency
#   datatype: float64
#   unit: d**-1
#   description: Frequency of geometric model of the eclipsing binary light curve
#   meta:
#     ucd: src.orbital
# - 
#   name: frequency_error
#   datatype: float32
#   unit: d**-1
#   description: "Uncertainty of \\texttt{frequency}"
#   meta:
#     ucd: stat.error
# - 
#   name: geom_model_reference_level
#   datatype: float32
#   unit: mag
#   description: Magnitude reference level of geometric model
#   meta:
#     ucd: phot.mag;em.opt
# - 
#   name: geom_model_reference_level_error
#   datatype: float32
#   unit: mag
#   description: "Uncertainty of \\texttt{geomModelReferenceLevel}"
#   meta:
#     ucd: stat.error;phot.mag;em.opt
# - 
#   name: geom_model_gaussian1_phase
#   datatype: float32
#   description: Phase of the Gaussian 1 component
#   meta:
#     ucd: time.phase
# - 
#   name: geom_model_gaussian1_phase_error
#   datatype: float32
#   description: "Uncertainty of \\texttt{geomModelGaussian1Phase}"
#   meta:
#     ucd: stat.error;time.phase
# - 
#   name: geom_model_gaussian1_sigma
#   datatype: float32
#   description: "Standard deviation [phase] of Gaussian 1 component"
#   meta:
#     ucd: stat.stdev
# - 
#   name: geom_model_gaussian1_sigma_error
#   datatype: float32
#   description: "Uncertainty of \\texttt{geomModelGaussian1Sigma}"
#   meta:
#     ucd: stat.error
# - 
#   name: geom_model_gaussian1_depth
#   datatype: float32
#   unit: mag
#   description: Magnitude depth of Gaussian 1 component
#   meta:
#     ucd: src.var.amplitude
# - 
#   name: geom_model_gaussian1_depth_error
#   datatype: float32
#   unit: mag
#   description: "Uncertainty of \\texttt{geomModelGaussian1Depth}"
#   meta:
#     ucd: stat.error;src.var.amplitude
# - 
#   name: geom_model_gaussian2_phase
#   datatype: float32
#   description: Phase of Gaussian 2 component
#   meta:
#     ucd: time.phase
# - 
#   name: geom_model_gaussian2_phase_error
#   datatype: float32
#   description: "Uncertainty of \\texttt{geomModelGaussian2Phase}"
#   meta:
#     ucd: stat.error;time.phase
# - 
#   name: geom_model_gaussian2_sigma
#   datatype: float32
[...]
#   datatype: float32
#   description: "Secondary eclipse: uncertainty of \\texttt{derivedSecondaryEclDuration}"
#   meta:
#     ucd: stat.error;time.duration
# - 
#   name: derived_secondary_ecl_depth
#   datatype: float32
#   unit: mag
#   description: "Secondary eclipse: depth"
#   meta:
#     ucd: src.var.amplitude
# - 
#   name: derived_secondary_ecl_depth_error
#   datatype: float32
#   unit: mag
#   description: "Secondary eclipse: uncertainty of \\texttt{derivedSecondaryEclDepth}"
#   meta:
#     ucd: stat.error;src.var.amplitude
solution_id,source_id,global_ranking,reference_time,frequency,frequency_error,geom_model_reference_level,geom_model_reference_level_error,geom_model_gaussian1_phase,geom_model_gaussian1_phase_error,geom_model_gaussian1_sigma,geom_model_gaussian1_sigma_error,geom_model_gaussian1_depth,geom_model_gaussian1_depth_error,geom_model_gaussian2_phase,geom_model_gaussian2_phase_error,geom_model_gaussian2_sigma,geom_model_gaussian2_sigma_error,geom_model_gaussian2_depth,geom_model_gaussian2_depth_error,geom_model_cosine_half_period_amplitude,geom_model_cosine_half_period_amplitude_error,geom_model_cosine_half_period_phase,geom_model_cosine_half_period_phase_error,model_type,num_model_parameters,reduced_chi2,derived_primary_ecl_phase,derived_primary_ecl_phase_error,derived_primary_ecl_duration,derived_primary_ecl_duration_error,derived_primary_ecl_depth,derived_primary_ecl_depth_error,derived_secondary_ecl_phase,derived_secondary_ecl_phase_error,derived_secondary_ecl_duration,derived_secondary_ecl_duration_error,derived_secondary_ecl_depth,derived_secondary_ecl_depth_error
[from data line 390]
375316653866487564,5387070384368103552,0.50681144,2202.42979082986,3.1179415800374413,1.7239325E-5,15.273168,0.7336233,0.19899718,0.003922381,0.14359815,0.09528298,0.290293,0.63957536,0.7015543,0.0048480057,0.16076027,0.1236787,0.34419635,0.7060328,null,null,null,null,"TWOGAUSSIANS",8,74.67375,0.7017043,0.0047740154,0.4,0.0,0.18332116,0.010295886,0.19861718,0.0032528318,0.4,0.0,0.13353045,0.008694614
375316653866487564,5387070414428894080,0.49526143,2224.1207375648505,0.07834112362946825,1.4364878E-5,13.431613,0.0024280308,0.29217154,6.2815474E-5,0.0035599342,1.6882262E-4,0.49485365,0.013143288,0.7421555,0.034588788,0.051694524,0.050575737,0.041455567,0.04884683,0.007286347,0.0034390485,0.7421555,0.034588788,"TWOGAUSSIANS_WITH_ELLIPSOIDAL_ON_ECLIPSE2",9,121.92777,0.29217154,6.2815474E-5,0.019935632,9.454066E-4,0.5080336,0.016529292,0.7421555,0.034588788,0.28948933,0.28322414,0.056027893,0.05183131
375316653866487564,5387073403728181248,0.46700513,2221.2914062494224,1.579950588538805,3.3705535E-5,19.68343,0.0044248295,0.63355136,0.0115003325,0.009979153,0.007831921,0.056093868,0.053507432,0.7940776,0.00744577,0.012454971,0.0064903665,0.8024431,3.4724195,null,null,null,null,"TWOGAUSSIANS",8,2.3818836,0.7940776,0.00744577,0.069747835,0.03634605,0.8024431,3.4724195,0.63355136,0.0115003325,0.05588326,0.04385876,0.056093868,0.053507432
375316653866487564,5387075705830624000,0.42851862,2186.8824011394827,1.3495979784279772,1.0177454E-5,19.392698,0.022018785,0.5336035,0.044421438,0.19497822,0.07851805,0.081691645,0.01905345,0.8475579,0.002088297,0.0213963,0.0019950033,0.3865544,0.04133196,null,null,null,null,"TWOGAUSSIANS",8,5.625229,0.8475579,0.002088297,0.11981928,0.011172019,0.40296757,0.04068901,0.5336035,0.044421438,0.4,0.0,0.075593315,0.012225074
375316653866487564,5387091030273357696,0.5065488,2200.9933626075103,0.08570110204436773,3.6068116E-6,18.139088,0.0025229205,0.26208898,0.017451294,0.018322032,0.00633459,1.2443945,0.7322398,0.72165513,0.0064057745,0.0047882255,0.0028608134,0.37795013,0.7804925,null,null,null,null,"TWOGAUSSIANS",8,7.778301,0.26208898,0.017451294,0.102603376,0.035473704,1.2443945,0.7322398,0.72165513,0.0064057745,0.026814064,0.016020555,0.37795013,0.7804925
375316653866487564,5387091373870714368,0.5480457,2192.9606005793466,3.8761124274531467,5.3063595E-6,19.420328,0.007016483,0.19249305,0.0022465598,0.06824475,0.0027105073,0.5233148,0.013875885,0.692761,0.0017407188,0.07252467,0.0026065395,0.52999413,0.021993915,null,null,null,null,"TWOGAUSSIANS",8,1.6411779,0.692761,0.0017407188,0.4,0.0,0.52808887,0.022195324,0.19249305,0.0022465598,0.3821706,0.015178842,0.5214096,0.013992047
375316653866487564,5387094882862214144,0.5656261,2194.063212438295,2.7211428991067756,5.281371E-6,16.33978,0.0071055056,0.26695743,0.0017966323,0.04948146,0.007193946,0.08667106,0.017480616,0.7618895,0.0028236338,0.056678098,0.005865244,0.10555291,0.016370744,0.0873856,0.0099898875,0.26695743,0.0017966323,"TWOGAUSSIANS_WITH_ELLIPSOIDAL_ON_ECLIPSE1",9,17.630827,0.7633895,0.0018171291,0.31739733,0.032845367,0.28019488,0.005919389,0.26695743,0.0017966323,0.27709618,0.040286098,0.2614378,0.0090536
375316653866487564,5387096669568550656,0.51581657,2209.6118748007475,0.4054208144978498,2.1990547E-5,14.332328,6.012842E-4,0.3040974,0.0042845416,0.015204518,0.0023715189,0.0923632,0.0073035117,0.8061732,0.011589578,0.037826493,0.017593773,0.006780386,0.0015874337,null,null,null,null,"TWOGAUSSIANS",8,17.621243,0.3040974,0.0042845416,0.0851453,0.013280506,0.0923632,0.0073035117,0.8061732,0.011589578,0.21182837,0.09852514,0.006780386,0.0015874337
375316653866487564,5387097455542172928,0.53993237,2190.637969779247,1.8684081268790877,6.524009E-6,18.1411,0.0036241885,0.23242189,0.004921141,0.038068857,0.010675904,0.013983203,0.017668776,0.7169433,0.0018615248,0.042704545,0.0019615516,0.24514382,0.011984412,0.03654688,0.005219616,0.23242189,0.004921141,"TWOGAUSSIANS_WITH_ELLIPSOIDAL_ON_ECLIPSE1",9,2.3415287,0.71757334,0.0017436405,0.23914544,0.010984689,0.31757644,0.0103881275,0.23242189,0.004921141,0.21318561,0.059785064,0.08707688,0.013648833
375316653866487564,5387103575875924224,0.5900746,2231.7829941451205,2.3512417866568955,6.5303407E-6,16.505116,0.0041703335,0.23372807,0.003211691,0.040480554,0.003944943,0.13540305,0.010421476,0.7428286,0.0015138574,0.052190855,0.004246733,0.12618029,0.010761882,0.116211906,0.0061350577,0.7428286,0.0015138574,"TWOGAUSSIANS_WITH_ELLIPSOIDAL_ON_ECLIPSE2",9,14.308626,0.23537807,0.002440077,0.22669111,0.022091683,0.36720392,0.007278425,0.7428286,0.0015138574,0.29226878,0.023781706,0.35860255,0.005549618
375316653866487564,5387107183648394240,0.6392277,2209.724613927242,2.6930161879914727,2.792174E-6,14.264024,0.0036387334,0.23204915,0.0010623771,0.09078716,0.0015637343,0.43505895,0.006658873,0.7325454,0.0010973406,0.099324316,0.001820519,0.37335104,0.0054629426,null,null,null,null,"TWOGAUSSIANS",8,44.086674,0.23204915,0.0010623771,0.4,0.0,0.410006,0.0070611537,0.7325454,0.0010973406,0.4,0.0,0.34829593,0.005883246
375316653866487564,5387107527245780608,0.4377311,2212.990023702445,0.035806314268753525,2.900421E-5,18.122086,0.0036442326,null,null,null,null,null,null,null,null,null,null,null,null,0.052885957,0.0049914843,0.27248403,0.0069394163,"ELLIPSOIDAL",4,5.4835005,null,null,null,null,null,null,null,null,null,null,null,null
375316653866487564,5387123779402703872,0.53198445,2198.548467708824,0.3147563060415439,3.5464498E-6,16.59975,0.0011039446,0.2906983,0.0012213801,0.011039558,9.53488E-4,0.1309848,0.007936085,0.79005086,7.674363E-4,0.009777706,5.7505997E-4,0.33098835,0.056003448,null,null,null,null,"TWOGAUSSIANS",8,4.952709,0.79005086,7.674363E-4,0.054755155,0.0032203358,0.33098835,0.056003448,0.2906983,0.0012213801,0.061821524,0.0053395326,0.1309848,0.007936085
375316653866487564,5387127558973883392,0.4990117,2210.3707567151714,0.65974884289924,1.3663735E-5,14.839868,8.4543816E-4,0.62803286,0.0038059345,0.010063935,0.007579405,0.29098222,0.14234695,null,null,null,null,null,null,null,null,null,null,"ONEGAUSSIAN",5,20.3861,0.62803286,0.0038059345,0.056358036,0.04244467,0.29098222,0.0,null,null,null,null,null,null
375316653866487564,5387131952722736128,0.53852016,2225.7482873057543,3.213377487361569,7.795945E-6,17.452965,0.010509273,0.2418219,0.0027232517,0.094962336,0.0059187347,0.20541063,0.010097136,0.7341523,0.002507867,0.10428503,0.0059840693,0.2422272,0.0098176105,null,null,null,null,"TWOGAUSSIANS",8,6.573682,0.7341523,0.002507867,0.4,0.0,0.2248129,0.0056995945,0.2418219,0.0027232517,0.4,0.0,0.18800114,0.006764761
375316653866487564,5387136251987581696,0.6567701,2232.8405713942266,0.028548833324556523,2.8918657E-5,14.766571,5.8149744E-4,0.21520321,2.655479E-4,0.009363563,1.6497137E-4,0.64086044,0.02035255,0.5631828,0.008577998,0.026820786,0.004694125,0.008264369,0.0014043535,1.3875049E-4,8.246586E-4,0.21520321,2.655479E-4,"TWOGAUSSIANS_WITH_ELLIPSOIDAL_ON_ECLIPSE1",9,24.163857,0.21520321,2.655479E-4,0.052435953,9.2383963E-4,0.64113796,0.020245094,0.5633227,0.008524128,0.1501964,0.0262871,0.008357025,0.0014464249
375316653866487564,5387138210492595200,0.59189636,2222.7613241504887,2.0958389542455484,2.4217204E-6,13.356855,0.0034131666,0.20146932,5.537634E-4,0.035853606,0.0010016843,0.33000258,0.01017464,0.70102435,0.002731802,0.040398534,0.0035388651,0.21227415,0.009440745,0.027132427,0.0044354796,0.20146932,5.537634E-4,"TWOGAUSSIANS_WITH_ELLIPSOIDAL_ON_ECLIPSE1",9,44.989914,0.20146932,5.537634E-4,0.2007802,0.0056094327,0.38426742,0.008164002,0.70103437,0.0027067603,0.22623178,0.019817645,0.2665386,0.0072808117
375316653866487564,5387142982198734336,0.5565647,2201.93925741866,0.4262280565844663,2.066844E-6,18.782421,0.0020808626,0.2636894,3.4482076E-4,0.019483054,2.6614752E-4,0.6054017,0.012502959,0.5600969,0.023766244,0.019373465,0.014627001,0.026679456,0.01220585,null,null,null,null,"TWOGAUSSIANS",8,1.5637484,0.2636894,3.4482076E-4,0.109105095,0.001490426,0.6054017,0.012502959,0.5600969,0.023766244,0.108491406,0.081911206,0.026679456,0.01220585
375316653866487564,5387144425305159424,0.4603772,2228.2972045853035,0.03578332676745772,3.346004E-5,19.18543,0.0054492946,0.35046142,0.013487826,0.018645508,0.015107285,0.08697606,0.027489837,0.7219992,0.005635868,0.014278393,0.025551962,0.06914526,0.06511257,0.082862996,0.0073250616,0.7219992,0.005635868,"TWOGAUSSIANS_WITH_ELLIPSOIDAL_ON_ECLIPSE2",9,3.6811066,0.7219992,0.005635868,0.079959,0.14309098,0.23487124,0.06768508,0.3461914,0.012871766,0.10441485,0.0846008,0.16842908,0.022672556
375316653866487564,5387146181946211456,0.44757262,2190.778934182264,1.0128947933261576,1.0106997E-5,18.57071,0.0037504777,0.3509039,0.0016239393,0.027030101,0.0027196356,0.15306723,0.014225757,0.84769213,0.0039150775,0.0194555,0.0062639755,0.3014306,1.4878048,null,null,null,null,"TWOGAUSSIANS",8,6.9159007,0.84769213,0.0039150775,0.108950794,0.03507826,0.3014306,1.4878048,0.3509039,0.0016239393,0.15136857,0.015229959,0.15306723,0.014225757
375316653866487564,5387146555611809152,0.5266898,2231.148965972583,4.6017753199840845,8.363869E-6,19.131323,0.007125927,0.16385497,0.0030139089,0.0783573,0.0032034826,0.384796,0.009834801,0.66647696,0.002036077,0.066852465,0.0036631178,0.27845088,0.010549662,null,null,null,null,"TWOGAUSSIANS",8,2.7468333,0.16385497,0.0030139089,0.4,0.0,0.3831419,0.009524825,0.66647696,0.002036077,0.37437382,0.02051346,0.27679676,0.010519824
375316653866487564,5387147414602414208,0.5242255,2250.1583714876765,3.0627675279290214,1.170136E-5,19.716982,0.014912251,0.28756893,0.0029479058,0.07043613,0.0042807795,0.52873087,0.021639472,0.7710531,0.0028013652,0.074232295,0.004104156,0.66533005,0.029248407,null,null,null,null,"TWOGAUSSIANS",8,3.9575233,0.7710531,0.0028013652,0.4,0.0,0.66330177,0.02935953,0.28756893,0.0029479058,0.39444232,0.020684412,0.5267026,0.021570856
375316653866487564,5387148415334929920,0.60948724,2217.642176533516,0.3145653408528166,2.292776E-6,16.383324,0.0012931292,0.24956761,9.459367E-4,0.0236487,0.0010023682,0.36292756,0.007583995,0.7504586,0.00781324,0.021169847,0.004475262,0.039326146,0.010769533,0.019581761,0.0024325738,0.24956761,9.459367E-4,"TWOGAUSSIANS_WITH_ELLIPSOIDAL_ON_ECLIPSE1",9,11.63364,0.24956761,9.459367E-4,0.13243271,0.005613262,0.4020911,0.006938168,0.7504586,0.0077744476,0.118551135,0.025061468,0.07848843,0.010869316
375316653866487564,5387152916459524992,0.45042554,2188.1589761794353,1.2946797847670097,1.1794733E-5,16.758759,0.009214358,0.23941238,0.025145454,0.010907716,0.012686699,0.083772615,21.064434,0.7112412,6.284609E-4,0.02178919,0.0012379953,0.35927346,0.01605743,0.019210711,0.009064913,0.7112412,6.284609E-4,"TWOGAUSSIANS_WITH_ELLIPSOIDAL_ON_ECLIPSE2",9,136.85835,0.7112412,6.284609E-4,0.12201946,0.006932774,0.39769483,0.004339553,0.23929238,0.02531153,0.06108321,0.07104551,0.121007666,21.062485
375316653866487564,5387162468466704768,0.5330413,2184.7299376712735,3.9299868048247224,1.0814507E-5,18.115944,0.025207186,0.2556362,0.003203462,0.10186402,0.012053847,0.24399571,0.02174774,0.77198815,0.006627588,0.10659189,0.010446963,0.26851082,0.02510859,null,null,null,null,"TWOGAUSSIANS",8,3.9106278,0.77198815,0.0066342526,0.4,0.0,0.2446809,0.009130279,0.2556262,0.003197794,0.4,0.0,0.2201733,0.008445352
375316653866487564,5387163907277608448,0.5151925,2221.631255634651,4.036214508504327,9.363265E-6,19.303514,0.008787084,0.23173925,0.002284355,0.07637019,0.004067676,0.39665708,0.01465785,0.72019833,0.0046154466,0.08446283,0.0050842697,0.300107,0.021238184,null,null,null,null,"TWOGAUSSIANS",8,2.6053033,0.23173925,0.002284355,0.4,0.0,0.39231384,0.015121708,0.72019833,0.0046154466,0.4,0.0,0.29576373,0.021448411
375316653866487564,5387163975997082624,0.5239722,2212.2221346379783,3.7442354569649225,1.0683568E-5,19.599377,0.010647841,0.15569216,0.005345326,0.0762937,0.0055696187,0.49338287,0.032250546,0.65219307,0.0029813289,0.07049935,0.003884041,0.57559437,0.027958266,null,null,null,null,"TWOGAUSSIANS",8,3.0224266,0.65219307,0.0029813289,0.39479637,0.020027405,0.572636,0.02823566,0.15569216,0.005345326,0.4,0.0,0.49042448,0.032660183
375316653866487564,5387166935232554624,0.6561768,2211.5834029758853,2.519651903230437,4.4191306E-6,15.728384,6.997307E-4,0.7655086,8.89356E-4,0.06138213,0.0013122545,0.27034795,0.004812328,null,null,null,null,null,null,0.074249804,9.4922876E-4,0.7655086,8.89356E-4,"ONEGAUSSIAN_WITH_ELLIPSOIDAL",6,7.8214335,0.7655086,8.89356E-4,0.34373993,0.0073486255,0.41878068,0.0046958933,null,null,null,null,null,null
375316653866487564,5387172119253730944,0.50497144,2173.255757368362,0.427528294408054,5.113769E-5,18.83922,0.0035208357,0.22756894,0.0010119153,0.011084852,0.002428131,0.097497754,0.018947491,0.73294204,0.0027932893,0.015562566,0.0023519439,0.4254667,0.032113444,null,null,null,null,"TWOGAUSSIANS",8,3.3330524,0.73294204,0.0027932893,0.08715037,0.013170886,0.4254667,0.032113444,0.22756894,0.0010119153,0.06207517,0.013597533,0.097497754,0.018947491
375316653866487564,5387172776387868672,0.5170937,2200.2782204072705,2.917313600220709,7.076568E-6,16.455208,0.011791393,0.22201145,0.0030122933,0.082236715,0.005298549,0.2829915,0.011727288,0.7129973,0.0028637347,0.089024074,0.005949631,0.3978281,0.020032682,null,null,null,null,"TWOGAUSSIANS",8,74.77866,0.7129973,0.0028637347,0.4,0.0,0.3896873,0.021534033,0.22201145,0.0030122933,0.4,0.0,0.2748508,0.009324727
375316653866487564,5387181641200414592,0.52623135,2202.7665938079635,1.6052539364422986,8.54775E-6,14.905243,0.0045717424,0.24719802,0.0048134485,0.09471642,0.01642247,0.037285917,0.0035791215,0.7595528,0.0030462367,0.089562856,0.008004119,0.075254165,0.003984596,null,null,null,null,"TWOGAUSSIANS",8,13.604527,0.7595528,0.0030462367,0.4,0.0,0.07307927,0.003339058,0.24719802,0.0048134485,0.4,0.0,0.03511098,0.0020985783
375316653866487564,5387183187388659072,0.6284154,2196.4474377285,3.760351504374437,3.7466457E-6,16.871847,0.004729161,0.22866577,0.0012741257,0.04998277,0.0029184234,0.2751929,0.0127871325,0.7266334,0.0026519606,0.050905384,0.00314492,0.21886069,0.014407427,0.108157,0.006313497,0.22866577,0.0012741257,"TWOGAUSSIANS_WITH_ELLIPSOIDAL_ON_ECLIPSE1",9,8.309929,0.22866577,0.0012741257,0.27990353,0.01634317,0.49150404,0.008971948,0.7269734,0.0021581473,0.28507015,0.017611554,0.43514252,0.0131534245
375316653866487564,5387190226837575296,0.45213073,2185.753302370996,0.3126397008209605,7.5008425E-6,17.348045,0.0037970336,0.31135964,0.0024233453,0.005982385,0.0025350268,0.6240611,5.398072,0.5826817,0.0017942382,0.03605106,0.004044461,1.9637866,1.8264629,null,null,null,null,"TWOGAUSSIANS",8,31.338522,0.5826817,0.0017942382,0.20188594,0.022648983,1.9637866,1.8264629,0.31135964,0.0024233453,0.033501357,0.014196149,0.6240611,5.398072
375316653866487564,5387192219702521088,0.51676065,2202.5460619433575,3.405892082551633,7.615868E-6,19.058367,0.010474437,0.25719932,0.0030046778,0.07060073,0.004169021,0.2665844,0.018650383,0.7494282,0.003558501,0.07806379,0.005712664,0.433876,0.02158221,null,null,null,null,"TWOGAUSSIANS",8,3.5365374,0.7494282,0.003558501,0.4,0.0,0.43186483,0.022013389,0.25719932,0.0030046778,0.39536414,0.022447135,0.26457322,0.018338332
375316653866487564,5387193632749436672,0.4733481,2225.019321276176,2.5214512237439544,1.6139313E-5,16.053064,0.008397462,0.24080697,0.008032199,0.0906286,0.013635181,0.14992777,0.011080398,0.7253802,0.0020645333,0.08410677,0.006863674,0.16078666,0.008745771,null,null,null,null,"TWOGAUSSIANS",8,59.281395,0.7253802,0.0020645333,0.4,0.0,0.15679036,0.008231631,0.24080697,0.008032199,0.4,0.0,0.14593138,0.011364142
