Gaia/vari_eclipsing_binary/VariEclipsingBinary_242978-243318.csv
# %ECSV 1.0
# ---
# delimiter: ','
# meta: !!omap
# - RELEASE: Gaia DR3
# - TABLE: vari_eclipsing_binary
# - DESCRIPTION: >
#     This table describes the properties of the eclipsing binaries resulting from the variability analysis. 
# - CITATION: >
#     How to cite and acknowledge Gaia: 
#     https://gea.esac.esa.int/archive/documentation/credits.html 
# - KNOWN_ISSUES: >
#     Known issues: 
#     https://www.cosmos.esa.int/web/gaia-users/known-issues 
# - DOCUMENTATION: >
#     Tutorials and documentation: 
#     https://www.cosmos.esa.int/web/gaia-users/archive 
# datatype:
# - 
#   name: solution_id
#   datatype: int64
#   description: Solution Identifier
#   meta:
#     ucd: meta.version
# - 
#   name: source_id
#   datatype: int64
#   description: Unique source identifier
#   meta:
#     ucd: meta.id;meta.main
# - 
#   name: global_ranking
#   datatype: float32
#   description: Number between 0 (worst) and 1 (best)
#   meta:
#     ucd: stat.param
# - 
#   name: reference_time
#   datatype: float64
#   unit: d
#   description: Reference time used for the geometric model fit
#   meta:
#     ucd: time.epoch
# - 
#   name: frequency
#   datatype: float64
#   unit: d**-1
#   description: Frequency of geometric model of the eclipsing binary light curve
#   meta:
#     ucd: src.orbital
# - 
#   name: frequency_error
#   datatype: float32
#   unit: d**-1
#   description: "Uncertainty of \\texttt{frequency}"
#   meta:
#     ucd: stat.error
# - 
#   name: geom_model_reference_level
#   datatype: float32
#   unit: mag
#   description: Magnitude reference level of geometric model
#   meta:
#     ucd: phot.mag;em.opt
# - 
#   name: geom_model_reference_level_error
#   datatype: float32
#   unit: mag
#   description: "Uncertainty of \\texttt{geomModelReferenceLevel}"
#   meta:
#     ucd: stat.error;phot.mag;em.opt
# - 
#   name: geom_model_gaussian1_phase
#   datatype: float32
#   description: Phase of the Gaussian 1 component
#   meta:
#     ucd: time.phase
# - 
#   name: geom_model_gaussian1_phase_error
#   datatype: float32
#   description: "Uncertainty of \\texttt{geomModelGaussian1Phase}"
#   meta:
#     ucd: stat.error;time.phase
# - 
#   name: geom_model_gaussian1_sigma
#   datatype: float32
#   description: "Standard deviation [phase] of Gaussian 1 component"
#   meta:
#     ucd: stat.stdev
# - 
#   name: geom_model_gaussian1_sigma_error
#   datatype: float32
#   description: "Uncertainty of \\texttt{geomModelGaussian1Sigma}"
#   meta:
#     ucd: stat.error
# - 
#   name: geom_model_gaussian1_depth
#   datatype: float32
#   unit: mag
#   description: Magnitude depth of Gaussian 1 component
#   meta:
#     ucd: src.var.amplitude
# - 
#   name: geom_model_gaussian1_depth_error
#   datatype: float32
#   unit: mag
#   description: "Uncertainty of \\texttt{geomModelGaussian1Depth}"
#   meta:
#     ucd: stat.error;src.var.amplitude
# - 
#   name: geom_model_gaussian2_phase
#   datatype: float32
#   description: Phase of Gaussian 2 component
#   meta:
#     ucd: time.phase
# - 
#   name: geom_model_gaussian2_phase_error
#   datatype: float32
#   description: "Uncertainty of \\texttt{geomModelGaussian2Phase}"
#   meta:
#     ucd: stat.error;time.phase
# - 
#   name: geom_model_gaussian2_sigma
#   datatype: float32
[...]
#   datatype: float32
#   description: "Secondary eclipse: uncertainty of \\texttt{derivedSecondaryEclDuration}"
#   meta:
#     ucd: stat.error;time.duration
# - 
#   name: derived_secondary_ecl_depth
#   datatype: float32
#   unit: mag
#   description: "Secondary eclipse: depth"
#   meta:
#     ucd: src.var.amplitude
# - 
#   name: derived_secondary_ecl_depth_error
#   datatype: float32
#   unit: mag
#   description: "Secondary eclipse: uncertainty of \\texttt{derivedSecondaryEclDepth}"
#   meta:
#     ucd: stat.error;src.var.amplitude
solution_id,source_id,global_ranking,reference_time,frequency,frequency_error,geom_model_reference_level,geom_model_reference_level_error,geom_model_gaussian1_phase,geom_model_gaussian1_phase_error,geom_model_gaussian1_sigma,geom_model_gaussian1_sigma_error,geom_model_gaussian1_depth,geom_model_gaussian1_depth_error,geom_model_gaussian2_phase,geom_model_gaussian2_phase_error,geom_model_gaussian2_sigma,geom_model_gaussian2_sigma_error,geom_model_gaussian2_depth,geom_model_gaussian2_depth_error,geom_model_cosine_half_period_amplitude,geom_model_cosine_half_period_amplitude_error,geom_model_cosine_half_period_phase,geom_model_cosine_half_period_phase_error,model_type,num_model_parameters,reduced_chi2,derived_primary_ecl_phase,derived_primary_ecl_phase_error,derived_primary_ecl_duration,derived_primary_ecl_duration_error,derived_primary_ecl_depth,derived_primary_ecl_depth_error,derived_secondary_ecl_phase,derived_secondary_ecl_phase_error,derived_secondary_ecl_duration,derived_secondary_ecl_duration_error,derived_secondary_ecl_depth,derived_secondary_ecl_depth_error
375316653866487564,2137257369527674624,0.5235951,2258.3742857218426,2.2524760942122546,1.3683422E-5,16.878164,0.043931346,0.25155705,0.006519696,0.10601996,0.028434493,0.09749041,0.04110957,0.75064,0.0039279205,0.13376792,0.03763932,0.096886404,0.042622007,null,null,null,null,"TWOGAUSSIANS",8,2.9360862,0.25156704,0.006796542,0.4,0.0,0.07593938,0.0058266832,0.75064,0.0039279205,0.4,0.0,0.07515896,0.0030552272
375316653866487564,2137258365960095232,0.58491915,2253.3040549078974,0.6338646739828647,6.1729015E-6,17.125032,0.0014243076,0.30160308,0.0011032927,0.026716521,0.0013260029,0.23473622,0.009976212,0.45683238,0.012974905,0.018883502,0.010822829,0.0240469,5.20757,null,null,null,null,"TWOGAUSSIANS",8,3.099626,0.30160308,0.0011032927,0.14961252,0.007425616,0.23473622,0.009976212,0.45683238,0.012974905,0.10574761,0.06060784,0.02404691,5.20757
375316653866487564,2137259224953817600,0.49856997,2244.716224292229,0.8529378719429863,6.36925E-5,17.74751,0.003182256,0.3043274,0.017692104,0.058972903,0.015285105,0.10274623,0.05132264,0.78896064,0.067827076,0.02664954,0.023263544,0.16494812,0.14848576,null,null,null,null,"TWOGAUSSIANS",8,3.6967072,0.78896064,0.067827076,0.14923742,0.13027585,0.16494812,0.14848584,0.3043274,0.017692104,0.33024824,0.08559659,0.10274623,0.05132264
375316653866487564,2137259942210567040,0.5209216,2266.7290412480115,1.0050192863671894,9.981834E-6,18.4182,0.006480223,0.2501569,0.021040184,0.01570955,0.020751633,1.0878716,1.6727091,0.75583535,9.6159056E-4,0.020678503,8.959916E-4,0.62256575,0.020795777,null,null,null,null,"TWOGAUSSIANS",8,12.749831,0.2501569,0.021040184,0.08797348,0.11620915,1.0878716,1.6727091,0.75583535,9.6159056E-4,0.11579962,0.005017553,0.62256575,0.020795777
375316653866487564,2137265856383373440,0.5784132,2256.9739763286907,2.695949784800599,9.98749E-6,16.397768,0.011599442,0.2381698,0.005479478,0.03353258,0.017310116,0.2137947,0.23479474,0.74644786,0.009704252,0.048178706,0.011626763,0.12387974,0.029557316,0.12415769,0.0131138,0.2381698,0.005479478,"TWOGAUSSIANS_WITH_ELLIPSOIDAL_ON_ECLIPSE1",9,29.59254,0.2381698,0.005479478,0.18778245,0.09693665,0.46210933,0.2401189,0.74644786,0.009106834,0.26980075,0.06510987,0.3715232,0.021012306
375316653866487564,2137266023884357376,0.4689358,2246.4704497476023,3.809728215502084,3.5153458E-5,19.156097,0.016468877,0.25552925,0.008573647,0.085825704,0.019513903,0.15030825,0.01760952,0.7584526,0.011604341,0.07207941,0.013385136,0.13268079,0.019036094,null,null,null,null,"TWOGAUSSIANS",8,2.451749,0.25552925,0.008573647,0.4,0.0,0.14853445,0.016356597,0.7584526,0.011604341,0.4,0.03292718,0.130907,0.017072797
375316653866487564,2137268742601533952,0.52284527,2186.6109412134774,3.867315827261181,1.1549016E-5,18.165909,0.020110143,0.31135336,0.0051296577,0.09427056,0.012003201,0.31173176,0.020101208,0.8024528,0.002529776,0.09000869,0.008505145,0.25508654,0.018258035,null,null,null,null,"TWOGAUSSIANS",8,5.249094,0.31135336,0.0051296577,0.4,0.0,0.29925993,0.022257416,0.8024528,0.002529776,0.4,0.0,0.24261515,0.011784352
375316653866487564,2137269975254832768,0.5216858,2225.2386160461474,3.386243851752788,3.3296143E-5,17.063898,0.01908252,0.20698638,0.006392712,0.08413188,0.007451921,0.36064923,0.023609314,0.70367444,0.009704728,0.08199306,0.011322005,0.37742126,0.05013202,null,null,null,null,"TWOGAUSSIANS",8,46.140553,0.70367444,0.009704728,0.4,0.0,0.36992982,0.05109675,0.20698638,0.006392712,0.4,0.0,0.3531578,0.018954968
375316653866487564,2137275958146278016,0.48346183,2218.1466617299156,2.706790597462106,3.0845065E-5,16.0727,0.010272146,0.24462508,0.012765271,0.09110135,0.012491479,0.12745385,0.01532692,0.7692063,0.010027676,0.0803402,0.012117397,0.13596268,0.011092468,null,null,null,null,"TWOGAUSSIANS",8,42.847652,0.7692063,0.010027676,0.4,0.0,0.13353398,0.009896689,0.24462508,0.012765271,0.4,0.0,0.125025,0.014287033
375316653866487564,2137295332741978752,0.53134775,2182.5864846991626,3.203445853461882,2.0702266E-5,19.656868,0.01861556,0.19919257,0.007515658,0.06860731,0.010884894,0.6630421,0.10906531,0.70930636,0.0045681894,0.06429754,0.006182735,0.5745891,0.05992724,null,null,null,null,"TWOGAUSSIANS",8,2.3933415,0.19919257,0.007515658,0.38420093,0.041282494,0.6622599,0.11006589,0.70930636,0.0045681894,0.36006624,0.034623317,0.5738069,0.060150802
375316653866487564,2137300800237505152,0.5301703,2183.1655740653177,3.4642685451861692,1.9199924E-5,17.71406,0.00970045,0.28685525,0.0046765436,0.09163186,0.0068399743,0.25405946,0.011322984,0.749052,0.008670662,0.066592105,0.010175407,0.14421049,0.016531985,null,null,null,null,"TWOGAUSSIANS",8,9.437046,0.28685525,0.0046765436,0.4,0.0,0.2528349,0.010823823,0.749052,0.008670662,0.37291577,0.04820811,0.14298669,0.016912501
375316653866487564,2137301315633680256,0.5512457,2215.5661884307583,2.4956472567924197,1.2381366E-5,16.883337,0.008041638,0.16877703,0.004560602,0.06532466,0.005073353,0.23023501,0.010896729,0.67472684,0.0034096937,0.06680328,0.00459699,0.52634925,0.059488937,null,null,null,null,"TWOGAUSSIANS",8,16.93816,0.67472684,0.0034096937,0.37409836,0.025743144,0.52589417,0.05971381,0.16877703,0.004560602,0.36581805,0.02841078,0.2297799,0.010761784
375316653866487564,2137304609869577344,0.504188,2197.6053118494174,1.8526263861503265,9.612737E-6,17.395863,0.011478302,0.24251533,0.0040517086,0.035793364,0.0026297297,1.0671543,0.17624085,0.73009473,0.013074494,0.063000984,0.010704784,0.22836661,0.032789927,null,null,null,null,"TWOGAUSSIANS",8,72.16213,0.24251533,0.0040517086,0.20044285,0.014726486,1.0671532,0.17624122,0.73009473,0.013074494,0.35280553,0.05994679,0.22836553,0.03279167
375316653866487564,2137304957766016256,0.6114171,2220.2509011206707,2.747650173327123,5.825496E-6,17.097391,0.007964107,0.243234,0.005134667,0.08719407,0.004404526,0.38878942,0.015842404,0.7463126,0.0022183727,0.08237293,0.0029217184,0.40280843,0.018325599,null,null,null,null,"TWOGAUSSIANS",8,6.163261,0.7463126,0.0022183727,0.4,0.0,0.39311185,0.018528515,0.243234,0.005134667,0.4,0.0,0.3790928,0.014496431
375316653866487564,2137305984259081344,0.5399955,2215.741216464711,1.6160809635262203,1.2876744E-4,19.200386,0.007609804,0.24341658,0.029389812,0.019051183,0.03152023,0.0911548,0.03720063,0.41361734,2.2066914E-4,0.013025492,5.129887E-4,1.5168996,0.11726155,null,null,null,null,"TWOGAUSSIANS",8,4.7158227,0.41361734,2.2066914E-4,0.072942756,0.002872737,1.5168996,0.11800557,0.24341658,0.029389812,0.10668662,0.17651327,0.0911548,0.03720063
375316653866487564,2137317602149262848,0.61504585,2240.3156607829214,3.4123343198092444,9.771716E-6,17.910807,0.017668046,0.20081592,0.0022553816,0.050982196,0.0030046212,0.48218614,0.053461134,0.6981298,0.0021158294,0.051148653,0.0043322537,0.4117189,0.03886504,0.09833646,0.021439306,0.20081592,0.0022553816,"TWOGAUSSIANS_WITH_ELLIPSOIDAL_ON_ECLIPSE1",9,7.696286,0.20081592,0.0022553816,0.28550032,0.016825879,0.6788539,0.033965927,0.69836974,0.0019686613,0.28643245,0.02426062,0.60833573,0.008255978
375316653866487564,2137317808307699840,0.4891188,2207.5130133425655,4.232872780267397,2.1739559E-5,14.160237,0.026442327,0.24198021,0.007052052,0.08635672,0.016434267,0.20834848,0.02381822,0.7194619,0.0071365484,0.10667105,0.012122438,0.31485122,0.039219182,null,null,null,null,"TWOGAUSSIANS",8,690.59515,0.7194619,0.0071365484,0.4,0.0,0.3015161,0.035393152,0.2420002,0.0070688576,0.4,0.0,0.19502926,0.017638896
375316653866487564,2137324985193716096,0.5120667,2232.630707121164,3.4759248979065336,2.4485957E-5,16.736912,0.029156884,0.24820963,0.0069934954,0.10779127,0.017830007,0.23209909,0.029168585,0.77530825,0.0061165807,0.099004656,0.0129977595,0.23826478,0.028427314,null,null,null,null,"TWOGAUSSIANS",8,30.625523,0.7753283,0.006122319,0.4,0.0,0.2200476,0.014142968,0.24819963,0.0069935494,0.4,0.0,0.21386786,0.023556221
375316653866487564,2137332853573788544,0.56883544,2282.9346332905825,1.8710410983953059,1.1899439E-4,19.266842,0.004483264,0.38728866,0.006330023,0.019420596,0.0033793661,0.2352947,0.2648143,0.6747927,2.5257404E-4,0.019173982,3.152736E-4,0.8595904,0.012289418,0.010471133,0.0060826964,0.38728866,0.006330023,"TWOGAUSSIANS_WITH_ELLIPSOIDAL_ON_ECLIPSE1",9,1.6327409,0.67482275,2.6659932E-4,0.107374296,0.0017655321,0.8607327,0.012900527,0.38728866,0.006330023,0.108755335,0.01892445,0.25623694,0.2662277
375316653866487564,2137336426986604928,0.43194476,2199.940426756759,4.644469231073964,2.1735892E-5,19.447826,0.004770061,0.22686455,0.012332544,0.064152814,0.008066385,0.16484791,0.023234956,0.80053955,0.0012221927,0.028574998,0.00710752,0.3171533,0.6740015,null,null,null,null,"TWOGAUSSIANS",8,1.9774793,0.80053955,0.0012221927,0.16002,0.03980211,0.3171533,0.6740015,0.22686455,0.012332544,0.35925576,0.045171756,0.16484791,0.023234956
375316653866487564,2137338630309733760,0.5873913,2188.421632608423,2.8840230543376495,9.160665E-6,17.669947,0.012657905,0.17805395,0.0022435354,0.048658468,0.0088841515,0.3006889,0.04514198,0.6902137,0.0055738282,0.063834935,0.004589109,0.18114586,0.037696023,0.088044934,0.021617642,0.17805395,0.0022435354,"TWOGAUSSIANS_WITH_ELLIPSOIDAL_ON_ECLIPSE1",9,6.722923,0.17805395,0.0022435354,0.27248743,0.04975125,0.4767376,0.05508664,0.6902137,0.0055738282,0.35747564,0.025699012,0.35616866,0.015389338
375316653866487564,2137343990426320384,0.5143121,2224.5485139117786,3.4714127900157585,2.5233487E-5,18.321098,0.045714237,0.27556577,0.005770768,0.095888935,0.020929899,0.22318678,0.03517414,0.79572636,0.006001835,0.103426784,0.023381019,0.25402048,0.034755133,null,null,null,null,"TWOGAUSSIANS",8,4.5048094,0.79572636,0.006007174,0.4,0.0,0.23818706,0.017924517,0.2755558,0.005785913,0.4,0.0,0.20735864,0.016244316
375316653866487564,2137347392042709120,0.58772826,2211.365948408913,3.398690279490985,9.963162E-6,14.442489,0.12411145,0.24500172,0.011217505,0.049168304,0.032320935,0.26431778,0.23372865,0.750778,0.015977394,0.055012595,0.031438023,0.2772589,0.22698115,0.11749874,0.11548697,0.24500172,0.011217505,"TWOGAUSSIANS_WITH_ELLIPSOIDAL_ON_ECLIPSE1",9,251.18198,0.750778,0.015720066,0.30807054,0.11852996,0.5119386,0.03980376,0.24500172,0.011217505,0.2753425,0.1274783,0.49930683,0.02350744
375316653866487564,2137357734324440320,0.5606632,2216.140354181794,0.8876315543829685,9.669396E-6,15.588681,0.0019240689,0.2084456,0.007196435,0.023774188,0.004042889,0.23935148,0.043966603,0.7064067,0.0035849258,0.024640016,0.0046087177,0.06240634,0.03280239,0.009370809,0.0027176957,0.2084456,0.007196435,"TWOGAUSSIANS_WITH_ELLIPSOIDAL_ON_ECLIPSE1",9,20.493338,0.2084456,0.007196435,0.13313545,0.02264018,0.2580931,0.04542926,0.70643675,0.0035220585,0.13798408,0.025808819,0.08114493,0.03349324
375316653866487564,2137359104417138688,0.44935477,2229.402826575449,3.9567510736224256,1.3893967E-5,19.195196,0.009884392,0.23508559,0.0015970351,0.042569946,0.016796779,0.20094359,2.0184836,0.5633994,2.7535702E-4,0.02241712,0.001086044,0.21655658,0.009282926,null,null,null,null,"TWOGAUSSIANS",8,2.6648495,0.5633994,2.7535702E-4,0.12553588,0.0060818465,0.21655658,0.009282926,0.23508559,0.0015970351,0.2383917,0.094061956,0.20094359,2.0184836
375316653866487564,2137372612091068672,0.57306933,2237.919936058945,2.4591288499325907,1.0467099E-5,15.4784775,0.01752745,0.25507396,0.005334986,0.05748962,0.0044621895,0.59455776,0.049895614,0.7604677,0.004322782,0.022544326,0.007699513,0.23720546,0.048961036,0.09727749,0.023169266,0.7604677,0.004322782,"TWOGAUSSIANS_WITH_ELLIPSOIDAL_ON_ECLIPSE2",9,318.9621,0.25549397,0.004692554,0.32194185,0.024988262,0.78887624,0.038303636,0.7604677,0.004322782,0.12624823,0.04311727,0.4317297,0.01410923
375316653866487564,2137380411750519680,0.645317,2188.845087591443,2.182318116060924,7.374978E-6,13.188553,0.0077844053,0.21208057,0.001893622,0.04302956,0.0042614387,0.1931368,0.01678064,0.71721196,0.001875089,0.047706224,0.0035182575,0.18442506,0.015866358,0.13202897,0.009423609,0.21208057,0.001893622,"TWOGAUSSIANS_WITH_ELLIPSOIDAL_ON_ECLIPSE1",9,130.5305,0.21208057,0.001893622,0.24096555,0.023864055,0.4571942,0.0072003766,0.71721196,0.001875089,0.26715487,0.01970224,0.44820806,0.007327988
375316653866487564,2137383813364632192,0.48613188,2224.180871894051,0.23684364863882626,3.9252354E-5,19.34417,0.010676097,0.3721588,0.0026599288,0.0057077706,0.0032035187,0.03377028,0.011063579,0.62620115,0.021106843,0.023910915,0.012257561,3.5820627,6.2139907,null,null,null,null,"TWOGAUSSIANS",8,4.7114577,0.62620115,0.021106843,0.13390112,0.06864234,3.5820627,6.2139907,0.3721588,0.0026599288,0.031963516,0.017939705,0.03377028,0.011063579
375316653866487564,2137389718942947712,0.53895044,2238.690089443501,3.576478324334975,2.0738198E-5,18.95679,0.014950451,0.17997085,0.0021746564,0.06912329,0.004375697,0.504115,0.03120434,0.68159384,0.008369273,0.07914623,0.0063944412,0.5442025,0.039384313,null,null,null,null,"TWOGAUSSIANS",8,5.2142196,0.68159384,0.008369273,0.4,0.0,0.5407761,0.038962375,0.17997085,0.0021746564,0.3870904,0.02234972,0.5006886,0.031608924
375316653866487564,2137390955893609984,0.446489,2243.040772208353,0.04591615840418299,3.0592455E-5,19.040274,0.0055139777,0.23336858,0.0153002525,0.0345891,0.02003021,0.08071232,0.03895587,0.6377456,0.00421722,0.016417064,0.010675463,0.5466377,0.9624073,null,null,null,null,"TWOGAUSSIANS",8,3.5191002,0.6377456,0.00421722,0.09193556,0.05978259,0.5466377,0.9624073,0.23336858,0.0153002525,0.19369897,0.11216918,0.08071232,0.03895587
375316653866487564,2137394052562686720,0.46266335,2226.587764205084,0.3236874424686253,3.6892037E-5,18.918442,0.005740098,0.15833306,0.0063227434,0.017129863,0.0048763105,0.60621315,0.22147472,0.65141404,0.08506788,0.09670682,0.07397178,0.024105087,0.02883139,null,null,null,null,"TWOGAUSSIANS",8,3.6504798,0.15833306,0.0063227434,0.09592723,0.027307339,0.6062105,0.22148213,0.65141404,0.08506788,0.4,0.25566262,0.024102328,0.028833244
375316653866487564,2137395388300082816,0.4709854,2234.584909653656,3.2565075515866337,4.5791847E-5,19.862703,0.030173857,0.27408904,0.0099436445,0.100211635,0.016014826,0.2645088,0.030882783,0.7820982,0.009621271,0.091062866,0.015560281,0.27903876,0.028309409,null,null,null,null,"TWOGAUSSIANS",8,1.6792167,0.7820982,0.009623324,0.4,0.0,0.26311442,0.017155947,0.27408904,0.0099436445,0.4,0.0,0.24858241,0.025394296
375316653866487564,2137395392592453888,0.52492577,2225.642511464875,0.7248797331355158,1.4531292E-4,19.13132,0.010685286,0.3242686,0.006086848,0.029038489,0.00893621,0.49135068,0.095937945,0.11530226,0.048804667,0.11071415,0.04250863,0.034106907,0.018930895,null,null,null,null,"TWOGAUSSIANS",8,3.7707622,0.32409862,0.006114602,0.16261554,0.050042775,0.49710113,0.09823729,0.11530226,0.048804667,0.4,0.0,0.034104366,0.018942378
375316653866487564,2137395907992612608,0.50843513,2222.3571362319685,0.26393932476184273,1.692978E-5,14.456418,0.0034968648,0.17494145,0.009392357,0.06610415,0.014792502,0.0119295195,0.0125866765,0.70915616,0.0037173904,0.009526184,0.0042005247,0.23989527,0.042978,0.023699937,0.004596541,0.17494145,0.009392357,"TWOGAUSSIANS_WITH_ELLIPSOIDAL_ON_ECLIPSE1",9,205.16145,0.70915616,0.0037173904,0.05334663,0.023522938,0.28512874,0.042927537,0.17494145,0.009392357,0.37018326,0.082838014,0.059320055,0.009462527
375316653866487564,2137396423388720896,0.5663625,2226.197889809065,3.400790555059044,1.1052828E-5,16.605936,0.023783077,0.23867983,0.0026646475,0.11984525,0.010553322,0.21151835,0.022004586,0.74689764,0.0024958688,0.11835618,0.010110502,0.19847879,0.023342364,null,null,null,null,"TWOGAUSSIANS",8,5.072741,0.23863983,0.002674503,0.4,0.0,0.1694882,0.0050515956,0.74694765,0.0024637845,0.4,0.0,0.15646659,0.004004995
