Gaia/vari_eclipsing_binary/VariEclipsingBinary_459756-459766.csv
# %ECSV 1.0
# ---
# delimiter: ','
# meta: !!omap
# - RELEASE: Gaia DR3
# - TABLE: vari_eclipsing_binary
# - DESCRIPTION: >
#     This table describes the properties of the eclipsing binaries resulting from the variability analysis. 
# - CITATION: >
#     How to cite and acknowledge Gaia: 
#     https://gea.esac.esa.int/archive/documentation/credits.html 
# - KNOWN_ISSUES: >
#     Known issues: 
#     https://www.cosmos.esa.int/web/gaia-users/known-issues 
# - DOCUMENTATION: >
#     Tutorials and documentation: 
#     https://www.cosmos.esa.int/web/gaia-users/archive 
# datatype:
# - 
#   name: solution_id
#   datatype: int64
#   description: Solution Identifier
#   meta:
#     ucd: meta.version
# - 
#   name: source_id
#   datatype: int64
#   description: Unique source identifier
#   meta:
#     ucd: meta.id;meta.main
# - 
#   name: global_ranking
#   datatype: float32
#   description: Number between 0 (worst) and 1 (best)
#   meta:
#     ucd: stat.param
# - 
#   name: reference_time
#   datatype: float64
#   unit: d
#   description: Reference time used for the geometric model fit
#   meta:
#     ucd: time.epoch
# - 
#   name: frequency
#   datatype: float64
#   unit: d**-1
#   description: Frequency of geometric model of the eclipsing binary light curve
#   meta:
#     ucd: src.orbital
# - 
#   name: frequency_error
#   datatype: float32
#   unit: d**-1
#   description: "Uncertainty of \\texttt{frequency}"
#   meta:
#     ucd: stat.error
# - 
#   name: geom_model_reference_level
#   datatype: float32
#   unit: mag
#   description: Magnitude reference level of geometric model
#   meta:
#     ucd: phot.mag;em.opt
# - 
#   name: geom_model_reference_level_error
#   datatype: float32
#   unit: mag
#   description: "Uncertainty of \\texttt{geomModelReferenceLevel}"
#   meta:
#     ucd: stat.error;phot.mag;em.opt
# - 
#   name: geom_model_gaussian1_phase
#   datatype: float32
#   description: Phase of the Gaussian 1 component
#   meta:
#     ucd: time.phase
# - 
#   name: geom_model_gaussian1_phase_error
#   datatype: float32
#   description: "Uncertainty of \\texttt{geomModelGaussian1Phase}"
#   meta:
#     ucd: stat.error;time.phase
# - 
#   name: geom_model_gaussian1_sigma
#   datatype: float32
#   description: "Standard deviation [phase] of Gaussian 1 component"
#   meta:
#     ucd: stat.stdev
# - 
#   name: geom_model_gaussian1_sigma_error
#   datatype: float32
#   description: "Uncertainty of \\texttt{geomModelGaussian1Sigma}"
#   meta:
#     ucd: stat.error
# - 
#   name: geom_model_gaussian1_depth
#   datatype: float32
#   unit: mag
#   description: Magnitude depth of Gaussian 1 component
#   meta:
#     ucd: src.var.amplitude
# - 
#   name: geom_model_gaussian1_depth_error
#   datatype: float32
#   unit: mag
#   description: "Uncertainty of \\texttt{geomModelGaussian1Depth}"
#   meta:
#     ucd: stat.error;src.var.amplitude
# - 
#   name: geom_model_gaussian2_phase
#   datatype: float32
#   description: Phase of Gaussian 2 component
#   meta:
#     ucd: time.phase
# - 
#   name: geom_model_gaussian2_phase_error
#   datatype: float32
#   description: "Uncertainty of \\texttt{geomModelGaussian2Phase}"
#   meta:
#     ucd: stat.error;time.phase
# - 
#   name: geom_model_gaussian2_sigma
#   datatype: float32
[...]
#   datatype: float32
#   description: "Secondary eclipse: uncertainty of \\texttt{derivedSecondaryEclDuration}"
#   meta:
#     ucd: stat.error;time.duration
# - 
#   name: derived_secondary_ecl_depth
#   datatype: float32
#   unit: mag
#   description: "Secondary eclipse: depth"
#   meta:
#     ucd: src.var.amplitude
# - 
#   name: derived_secondary_ecl_depth_error
#   datatype: float32
#   unit: mag
#   description: "Secondary eclipse: uncertainty of \\texttt{derivedSecondaryEclDepth}"
#   meta:
#     ucd: stat.error;src.var.amplitude
solution_id,source_id,global_ranking,reference_time,frequency,frequency_error,geom_model_reference_level,geom_model_reference_level_error,geom_model_gaussian1_phase,geom_model_gaussian1_phase_error,geom_model_gaussian1_sigma,geom_model_gaussian1_sigma_error,geom_model_gaussian1_depth,geom_model_gaussian1_depth_error,geom_model_gaussian2_phase,geom_model_gaussian2_phase_error,geom_model_gaussian2_sigma,geom_model_gaussian2_sigma_error,geom_model_gaussian2_depth,geom_model_gaussian2_depth_error,geom_model_cosine_half_period_amplitude,geom_model_cosine_half_period_amplitude_error,geom_model_cosine_half_period_phase,geom_model_cosine_half_period_phase_error,model_type,num_model_parameters,reduced_chi2,derived_primary_ecl_phase,derived_primary_ecl_phase_error,derived_primary_ecl_duration,derived_primary_ecl_duration_error,derived_primary_ecl_depth,derived_primary_ecl_depth_error,derived_secondary_ecl_phase,derived_secondary_ecl_phase_error,derived_secondary_ecl_duration,derived_secondary_ecl_duration_error,derived_secondary_ecl_depth,derived_secondary_ecl_depth_error
[from data line 339]
375316653866487564,4044085199585479296,0.47939062,2422.000128794468,0.18059828648836282,5.2526684E-5,19.34155,0.03420461,0.3335326,0.011224929,0.10574368,0.027221106,0.17202683,0.030699652,0.7587205,0.012419102,0.09649204,0.02948251,0.25793576,0.05798115,null,null,null,null,"TWOGAUSSIANS",8,1.3420873,0.7587205,0.012419102,0.4,0.0,0.25067785,0.0654387,0.3335826,0.011056026,0.4,0.0,0.16473149,0.022109121
375316653866487564,4044085203880766080,0.45955023,2423.3126957942213,0.08705924240288287,1.0297655E-5,18.586071,0.027709087,0.50908524,0.019179936,0.10468693,0.017538056,0.10689369,0.032521017,0.81319946,0.003543518,0.004352074,0.0010463109,1.2223121,0.9950528,null,null,null,null,"TWOGAUSSIANS",8,17.754856,0.81319946,0.003543518,0.024371615,0.0058593405,1.2238817,0.99525315,0.50908524,0.019179936,0.4,0.0,0.10689131,0.032511227
375316653866487564,4044085268304480512,0.42539483,2434.233794485759,2.057869978310863,1.2255746E-5,19.4213,0.030776339,0.5918529,0.0042350097,0.04778813,0.009432912,0.29219797,0.02013991,0.9216608,0.022110973,0.052788325,0.027462414,0.058535967,0.029802032,null,null,null,null,"TWOGAUSSIANS",8,3.2756948,0.5918529,0.0042350097,0.26761353,0.052824307,0.29219797,0.020139894,0.9216608,0.022110973,0.29561463,0.15378952,0.058535967,0.02980202
375316653866487564,4044085577538480640,0.5174557,2404.629485656401,3.326396284858783,1.3120294E-5,19.041094,0.017324552,0.28282997,0.0061339857,0.15738015,0.011253335,0.41115677,0.020949904,0.9362116,0.023014909,0.038805757,0.014280122,0.05993084,0.01491706,null,null,null,null,"TWOGAUSSIANS",8,2.7984846,0.28282997,0.0061339857,0.4,0.0,0.40584615,0.021469561,0.95297164,0.033761892,0.21731225,0.07996868,0.09504955,0.021621104
375316653866487564,4044085611898271872,0.551794,2421.780357546804,0.6664782350089961,3.9232314E-6,18.562445,0.008480122,0.3585663,0.006551795,0.036600314,0.006232351,0.18615721,0.028287778,0.858225,0.0028656952,0.030762902,0.006987997,0.25188833,0.03536943,0.044898175,0.013153061,0.3585663,0.006551795,"TWOGAUSSIANS_WITH_ELLIPSOIDAL_ON_ECLIPSE1",9,3.8290029,0.858235,0.0028308665,0.17227225,0.03913278,0.34168425,0.044911243,0.3585663,0.006551795,0.20496176,0.03490117,0.27595356,0.017580345
375316653866487564,4044085616197795456,0.5253626,2461.7247799680317,3.382667126635405,1.310054E-5,17.774132,0.008091944,0.25104028,0.0028492517,0.070040084,0.0052330694,0.51636285,0.032898985,0.73884374,0.0060500717,0.06106999,0.0076292865,0.40458834,0.020027226,null,null,null,null,"TWOGAUSSIANS",8,23.60892,0.25104028,0.0028492517,0.39222446,0.021746177,0.5159164,0.03311051,0.73884374,0.0060500717,0.34199196,0.042724002,0.40414193,0.020126117
375316653866487564,4044085684916990208,0.5214557,2431.2532193403454,0.11709784134127459,6.0768074E-5,19.345451,0.010151776,0.2845143,0.037668172,0.046896953,0.021297483,0.3018864,0.07389316,0.75259966,0.0064426064,0.042389028,0.0053121503,0.39574486,0.06134369,null,null,null,null,"TWOGAUSSIANS",8,2.132191,0.75259966,0.0064426064,0.23737857,0.029748041,0.39574483,0.061343707,0.2845143,0.037668172,0.26262292,0.1192659,0.3018864,0.07389304
375316653866487564,4044085753694882688,0.4513117,2455.2668958624417,0.2408045727440793,1.3550138E-4,19.492308,0.040423386,0.3814219,0.025496727,0.111944206,0.04319175,0.14929612,0.035860583,0.93013644,0.016270844,0.038087223,0.01649592,0.31007507,0.07090798,null,null,null,null,"TWOGAUSSIANS",8,2.2213657,0.9301464,0.016252983,0.21328844,0.092377156,0.3097345,0.071692854,0.3814219,0.025496727,0.4,0.0,0.14891048,0.02643065
375316653866487564,4044085783692639616,0.44147843,2400.5487931283474,2.2670113620757486,1.3165032E-5,18.81928,0.02380332,0.2827687,0.0064520044,0.013172248,0.010464026,0.733414,4.9643974,0.7925901,0.01551943,0.028078629,0.0538225,0.3192602,0.43330035,0.09346669,0.034665845,0.7925901,0.01551943,"TWOGAUSSIANS_WITH_ELLIPSOIDAL_ON_ECLIPSE2",9,13.527367,0.2827987,0.006367826,0.07376459,0.058598544,0.9196389,4.998439,0.7925901,0.01551943,0.15724032,0.2918735,0.5061936,0.46074426
375316653866487564,4044085886771520512,0.4324024,2436.1415296052437,0.7285376367573272,1.5484698E-5,19.091953,0.006762048,0.12916528,1.1920633E-4,0.008775163,0.0014684816,2.9010336,3.2964149,0.585556,0.011544415,0.061350994,0.01169213,0.156623,0.022931103,null,null,null,null,"TWOGAUSSIANS",8,3.8436368,0.12916528,1.1920633E-4,0.049140915,0.008223497,2.9010336,3.2964149,0.585556,0.011544415,0.34356558,0.065475926,0.156623,0.022931103
375316653866487564,4044085994211148672,0.45815116,2385.6787139921166,0.11723479831163154,2.2583281E-5,19.501732,0.023397338,0.2354154,0.009264432,0.08490432,0.015142882,0.25752103,0.030920161,0.73691344,0.015553028,0.07434191,0.021037113,0.21237056,0.03092148,null,null,null,null,"TWOGAUSSIANS",8,4.032246,0.2354154,0.009264432,0.4,0.0,0.2542231,0.030513948,0.73691344,0.015553028,0.4,0.07398435,0.20907266,0.029409222
375316653866487564,4044086200371288576,0.44878078,2385.914378787331,0.15186011235929403,4.479213E-5,18.434242,0.09102804,0.25355458,0.020360624,0.10171655,0.012026842,0.32975724,0.07964792,0.6831635,0.019213095,0.15973605,0.07518988,0.21748397,0.07430298,null,null,null,null,"TWOGAUSSIANS",8,9.576025,0.25653458,0.0151625695,0.4,0.0,0.2909233,0.04168773,0.6831635,0.019213095,0.4,0.0,0.17234546,0.03292918
375316653866487564,4044086264733665152,0.4525896,2356.33798080634,0.03059526421664591,6.280023E-5,19.341532,0.16653441,0.2764972,0.010017664,0.12557997,0.034940284,0.27617902,0.1711012,0.7262382,0.025589587,0.07392334,0.053727467,0.44782862,1.4415991,null,null,null,null,"TWOGAUSSIANS",8,4.772466,0.7262382,0.025589587,0.4,0.126025,0.43430945,1.4501226,0.2764972,0.009726451,0.4,0.0,0.26218817,0.039091773
375316653866487564,4044086333449375488,0.45889932,2413.260117821676,0.10729093241307153,2.4966127E-4,19.34712,0.014172086,0.42844462,0.031206263,0.07305002,0.021275543,0.169463,0.062103596,0.71688795,0.0065235156,0.05012542,0.007507462,0.24467522,0.036615733,null,null,null,null,"TWOGAUSSIANS",8,1.9345626,0.71688795,0.0065235156,0.28070235,0.04204179,0.24474493,0.036685403,0.42844462,0.031206263,0.4,0.07164088,0.16946298,0.06210378
375316653866487564,4044086367809075584,0.45780936,2386.5662906496045,3.3494372555748644,3.749623E-5,19.44024,0.009820837,0.25339803,0.002112343,0.0038775727,0.0021630756,0.16495644,0.084711775,0.7655403,0.053818602,0.03186522,0.033254426,0.47249112,8715084.0,0.086731486,0.018653467,0.25339803,0.002112343,"TWOGAUSSIANS_WITH_ELLIPSOIDAL_ON_ECLIPSE1",9,5.2366714,0.7655403,0.053818602,0.17844523,0.18622479,0.64494634,8715084.0,0.25339803,0.002112343,0.021714408,0.012113224,0.33841932,0.10322463
375316653866487564,4044086505248594944,0.40223128,2470.751694110572,0.2802971705204257,3.152197E-5,18.181332,0.273522,0.13035181,0.054444265,0.12697423,0.058916133,0.3083315,0.16358411,0.52425456,0.026997652,0.16681379,0.1423779,0.26220292,0.26873454,null,null,null,null,"TWOGAUSSIANS",8,5.0242248,0.14408182,0.028474104,0.4,0.0,0.26036608,0.083403796,0.52425456,0.026997652,0.4,0.0,0.19874866,0.014882855
375316653866487564,4044086505252360192,0.58272284,2388.619299410508,0.6171079398053309,8.13775E-5,18.163511,0.0053558704,0.30966836,0.008747048,0.036829464,0.016770666,0.6548471,0.105369814,0.7896949,0.013080101,0.040887527,0.011810819,0.104648046,0.021263367,null,null,null,null,"TWOGAUSSIANS",8,4.780228,0.30966836,0.008747048,0.206245,0.09391573,0.6548471,0.10537,0.7896949,0.013080101,0.22897016,0.066140585,0.104648046,0.021263374
375316653866487564,4044086509609697024,0.50039643,2426.495492584563,1.4509937842598295,1.3562838E-5,18.4193,0.012490361,0.2858783,0.0047735036,0.07322928,0.008880528,0.20140107,0.021180224,0.7746856,0.0071935197,0.08485861,0.011040054,0.24296197,0.013370298,null,null,null,null,"TWOGAUSSIANS",8,4.6417236,0.7746856,0.0071935197,0.4,0.0,0.24057868,0.012902242,0.2858783,0.0047735036,0.4,0.012549788,0.1990178,0.02079042
375316653866487564,4044086677046804096,0.5642654,2405.553148598527,0.9624721843817593,7.657117E-6,17.837734,0.011514516,0.23747298,0.002479464,0.027772957,0.0039144065,0.3583215,0.047005273,0.7348075,0.0028880155,0.033283576,0.0036332384,0.6232023,0.08165916,0.02625907,0.016107725,0.23747298,0.002479464,"TWOGAUSSIANS_WITH_ELLIPSOIDAL_ON_ECLIPSE1",9,12.961359,0.7348275,0.0028632516,0.18638802,0.020346135,0.67570585,0.0800115,0.23747298,0.002479464,0.15552856,0.021920677,0.41083962,0.044012792
375316653866487564,4044086715766330112,0.5372483,2376.0564482178743,0.1176648446537667,1.2720205E-4,17.923025,0.006106446,0.33010885,0.057184648,0.091337845,0.06417654,0.033296276,0.031444967,0.57443887,0.024981588,0.023267832,0.012382319,0.4231685,0.33437607,null,null,null,null,"TWOGAUSSIANS",8,6.7135906,0.57443887,0.024981588,0.13029987,0.06934099,0.42409864,0.3343547,0.33010885,0.057184648,0.4,0.20599698,0.033296254,0.031445008
375316653866487564,4044086883201232768,0.44575354,2403.094165300386,0.2157844001504822,4.2934953E-5,18.84847,0.11170305,0.3265927,0.016146027,0.1331751,0.06641787,0.22930981,0.10385913,0.82121986,0.014342829,0.07867472,0.019134564,0.28558615,0.09933121,null,null,null,null,"TWOGAUSSIANS",8,4.41665,0.82121986,0.014355165,0.4,0.0,0.25839296,0.029288808,0.3265927,0.016146027,0.4,0.0,0.20171374,0.031769585
375316653866487564,4044086917561322880,0.48968858,2365.8600898990917,0.16500161856455856,6.958324E-5,19.103895,0.084145024,0.2728058,0.025615834,0.09294036,0.053137794,0.29733476,0.057864647,0.7388708,0.009888048,0.07688742,0.021093437,0.28082517,0.07953792,null,null,null,null,"TWOGAUSSIANS",8,4.079596,0.2728058,0.025615834,0.4,0.0,0.29321736,0.026769934,0.7388708,0.009888048,0.4,0.0,0.2767088,0.033286918
375316653866487564,4044087123720275968,0.59678775,2416.462081878689,2.4198459305111504,7.0311435E-6,17.697577,0.009884988,0.29022276,0.0029289853,0.044631884,0.013895856,0.2591555,0.4857886,0.80644536,0.0107906945,0.05250773,0.0115649495,0.20240904,0.031832036,0.14135726,0.015552105,0.29022276,0.0029289853,"TWOGAUSSIANS_WITH_ELLIPSOIDAL_ON_ECLIPSE1",9,9.943193,0.29022276,0.0029289853,0.24993853,0.07781679,0.5418683,0.49746925,0.80644536,0.0107906945,0.29404327,0.06476372,0.48219472,0.023542317
375316653866487564,4044087158079927808,0.4708438,2489.5403723898885,4.566679468713748,8.155705E-5,19.447851,0.009802007,0.20839655,0.0054298956,0.047953654,0.010197516,0.18207861,0.061865084,0.77444136,0.006650199,0.028559487,0.009219497,0.3518942,0.25575587,null,null,null,null,"TWOGAUSSIANS",8,2.6257977,0.77444136,0.006650199,0.15993313,0.05162919,0.3518942,0.25575587,0.20839655,0.0054298956,0.26854044,0.05710609,0.18207861,0.061865084
375316653866487564,4044087226823642880,0.458553,2373.60262256448,1.8686482690506143,2.6421625E-5,16.719204,0.57098895,0.23905426,0.009187587,0.121417254,0.10576429,0.16284715,0.5116741,0.73087275,0.01213882,0.12656821,0.124238856,0.1679763,0.5314152,null,null,null,null,"TWOGAUSSIANS",8,20.170319,0.73087275,0.01213882,0.4,0.0,0.12752303,0.043777574,0.23914427,0.008063741,0.4,0.0,0.12246524,0.013161981
375316653866487564,4044087231162268160,0.42895356,2382.0196110327292,0.17806138934145502,1.8514565E-5,18.9445,0.038465228,0.10427961,0.0037745056,0.010620776,0.0076163574,0.14824674,0.28077522,0.5849348,0.031517424,0.15484034,0.13585088,0.10781438,0.030304171,null,null,null,null,"TWOGAUSSIANS",8,3.9841895,0.104289606,0.0037414534,0.059476342,0.0426516,0.1481638,0.28120503,0.5849348,0.031517424,0.4,0.0,0.106471114,0.027776007
375316653866487564,4044087261183286784,0.44490603,2423.2428078141947,1.3700683447174824,6.146955E-5,19.58852,0.030699477,0.72856283,0.0390602,0.043339837,0.038793635,0.2025801,35.183743,0.41166034,0.008168374,0.1054513,0.012255893,0.49923447,0.045950327,null,null,null,null,"TWOGAUSSIANS",8,4.3267045,0.41166034,0.008168374,0.4,0.0,0.4992128,0.045941863,0.7270628,0.038172424,0.24270308,0.21724436,0.20813507,35.193085
375316653866487564,4044087402905979776,0.41435292,2417.363135630734,2.0611813996200734,5.2336516E-5,17.313524,0.25694278,0.1476474,0.0048641637,0.1883065,0.038490828,0.8426905,0.22894973,0.6401437,0.0064235427,0.1673241,0.036327764,0.8405733,0.23322554,null,null,null,null,"TWOGAUSSIANS",8,13.019739,0.6401437,0.0064235427,0.4,0.0,0.2839998,0.056038737,0.14989738,0.005148069,0.4,0.0,0.25579798,0.026253983
375316653866487564,4044087467325948032,0.476807,2388.2581873859867,0.16559664690166973,3.6425925E-5,19.015366,0.06978681,0.2137622,0.09518033,0.101727895,0.06206894,0.19528763,0.14218354,0.6183682,0.01241798,0.14751828,0.042090353,0.27794316,0.07207789,null,null,null,null,"TWOGAUSSIANS",8,3.2257621,0.6183682,0.01241798,0.4,0.0,0.25071022,0.05362841,0.22080219,0.09219222,0.4,0.17127629,0.17494063,0.1031888
375316653866487564,4044087471682085888,0.5715554,2423.931175555713,2.5298369868851514,1.2623707E-5,11.70508,0.020238353,0.21961316,0.004858731,0.095442474,0.007932636,0.4657272,0.020412656,0.7186345,0.0030643134,0.087502696,0.0059597096,0.4598699,0.022721536,null,null,null,null,"TWOGAUSSIANS",8,767.4655,0.21961316,0.004858731,0.4,0.0,0.44396377,0.014757321,0.7186345,0.0030643134,0.4,0.0,0.4381074,0.01914615
375316653866487564,4044087574703501056,0.46680385,2390.4011209179557,0.16540678028508377,3.459227E-5,19.013754,0.014699958,0.32272702,0.012839464,0.12113288,0.014386481,0.21461448,0.026830334,0.6677379,0.05916876,0.05092958,0.06686574,0.11025165,0.025834532,null,null,null,null,"TWOGAUSSIANS",8,1.9570667,0.32272702,0.012672836,0.4,0.0,0.21437381,0.023589108,0.6677379,0.05916876,0.28520566,0.16734259,0.11372733,0.0400315
375316653866487564,4044087673484969856,0.44554707,2422.172809280855,0.20381524319832867,3.804269E-5,19.480064,0.010646013,null,null,null,null,null,null,null,null,null,null,null,null,0.12157282,0.023501417,0.28524482,0.0074520186,"ELLIPSOIDAL",4,4.8863764,null,null,null,null,null,null,null,null,null,null,null,null
375316653866487564,4044087742203905792,0.4869976,2358.804868524472,2.0303716447245757,4.2304484E-5,19.46319,0.050294865,0.24828364,0.02183063,0.08069084,0.017443765,0.19320023,0.052614894,0.7970964,0.025200296,0.12005914,0.047052614,0.20811011,0.044868037,null,null,null,null,"TWOGAUSSIANS",8,1.7580497,0.7970964,0.025200296,0.4,0.0,0.19868667,0.02671559,0.24810363,0.021816349,0.4,0.020490797,0.18396175,0.027967945
375316653866487564,4044087815279626496,0.45531616,2403.8269459479297,1.3477964698194884,3.2071253E-5,18.400957,0.01013038,0.26679695,0.0054348176,0.0633164,0.0061541907,0.2935978,0.061759803,null,null,null,null,null,null,0.056262717,0.016610168,0.26679695,0.0054348176,"ONEGAUSSIAN_WITH_ELLIPSOIDAL",6,21.256771,0.26679695,0.0054348176,0.35457182,0.03446347,0.40600538,0.059442654,null,null,null,null,null,null
375316653866487564,4044087952717109504,0.69625306,2412.704073623763,0.05966857385587751,3.1644457E-5,15.6588,0.0013736901,0.72600204,0.08046091,0.06775635,0.07701233,0.007951647,0.011800142,0.6010508,7.360799E-5,0.011846547,9.139343E-5,0.79230636,0.00948552,null,null,null,null,"TWOGAUSSIANS",8,7.2290683,0.6010608,6.82545E-5,0.06634066,5.118032E-4,0.7937586,0.008649328,0.72600204,0.08046091,0.37943554,0.39140883,0.007951647,0.011800143
375316653866487564,4044088055797684352,0.49993888,2399.8499136463656,0.2422792247787122,6.8374546E-5,18.996483,0.0039074705,0.1675157,0.0033987395,0.020403685,0.0041312943,0.17617956,0.029340891,0.64591104,0.011933617,0.095110156,0.009476654,0.25153896,0.015423207,null,null,null,null,"TWOGAUSSIANS",8,1.1786101,0.64591104,0.011933617,0.4,0.0,0.25152496,0.015426257,0.1675157,0.0033987395,0.114260636,0.023135249,0.17616645,0.029343525
375316653866487564,4044088085797027968,0.43585292,2421.975676977459,0.4090192223478847,3.7473805E-5,18.881702,0.029462546,0.20747061,0.0172883,0.14303198,0.02925915,0.12157239,0.030230494,0.67186785,0.01244457,0.074464336,0.015647233,0.20095725,0.04420027,null,null,null,null,"TWOGAUSSIANS",8,3.9532278,0.67186785,0.01244457,0.4,0.028094197,0.18881144,0.042020846,0.20747061,0.0172883,0.4,0.0,0.10869217,0.016682252
