Gaia/vari_eclipsing_binary/VariEclipsingBinary_678152-678198.csv
# %ECSV 1.0
# ---
# delimiter: ','
# meta: !!omap
# - RELEASE: Gaia DR3
# - TABLE: vari_eclipsing_binary
# - DESCRIPTION: >
#     This table describes the properties of the eclipsing binaries resulting from the variability analysis. 
# - CITATION: >
#     How to cite and acknowledge Gaia: 
#     https://gea.esac.esa.int/archive/documentation/credits.html 
# - KNOWN_ISSUES: >
#     Known issues: 
#     https://www.cosmos.esa.int/web/gaia-users/known-issues 
# - DOCUMENTATION: >
#     Tutorials and documentation: 
#     https://www.cosmos.esa.int/web/gaia-users/archive 
# datatype:
# - 
#   name: solution_id
#   datatype: int64
#   description: Solution Identifier
#   meta:
#     ucd: meta.version
# - 
#   name: source_id
#   datatype: int64
#   description: Unique source identifier
#   meta:
#     ucd: meta.id;meta.main
# - 
#   name: global_ranking
#   datatype: float32
#   description: Number between 0 (worst) and 1 (best)
#   meta:
#     ucd: stat.param
# - 
#   name: reference_time
#   datatype: float64
#   unit: d
#   description: Reference time used for the geometric model fit
#   meta:
#     ucd: time.epoch
# - 
#   name: frequency
#   datatype: float64
#   unit: d**-1
#   description: Frequency of geometric model of the eclipsing binary light curve
#   meta:
#     ucd: src.orbital
# - 
#   name: frequency_error
#   datatype: float32
#   unit: d**-1
#   description: "Uncertainty of \\texttt{frequency}"
#   meta:
#     ucd: stat.error
# - 
#   name: geom_model_reference_level
#   datatype: float32
#   unit: mag
#   description: Magnitude reference level of geometric model
#   meta:
#     ucd: phot.mag;em.opt
# - 
#   name: geom_model_reference_level_error
#   datatype: float32
#   unit: mag
#   description: "Uncertainty of \\texttt{geomModelReferenceLevel}"
#   meta:
#     ucd: stat.error;phot.mag;em.opt
# - 
#   name: geom_model_gaussian1_phase
#   datatype: float32
#   description: Phase of the Gaussian 1 component
#   meta:
#     ucd: time.phase
# - 
#   name: geom_model_gaussian1_phase_error
#   datatype: float32
#   description: "Uncertainty of \\texttt{geomModelGaussian1Phase}"
#   meta:
#     ucd: stat.error;time.phase
# - 
#   name: geom_model_gaussian1_sigma
#   datatype: float32
#   description: "Standard deviation [phase] of Gaussian 1 component"
#   meta:
#     ucd: stat.stdev
# - 
#   name: geom_model_gaussian1_sigma_error
#   datatype: float32
#   description: "Uncertainty of \\texttt{geomModelGaussian1Sigma}"
#   meta:
#     ucd: stat.error
# - 
#   name: geom_model_gaussian1_depth
#   datatype: float32
#   unit: mag
#   description: Magnitude depth of Gaussian 1 component
#   meta:
#     ucd: src.var.amplitude
# - 
#   name: geom_model_gaussian1_depth_error
#   datatype: float32
#   unit: mag
#   description: "Uncertainty of \\texttt{geomModelGaussian1Depth}"
#   meta:
#     ucd: stat.error;src.var.amplitude
# - 
#   name: geom_model_gaussian2_phase
#   datatype: float32
#   description: Phase of Gaussian 2 component
#   meta:
#     ucd: time.phase
# - 
#   name: geom_model_gaussian2_phase_error
#   datatype: float32
#   description: "Uncertainty of \\texttt{geomModelGaussian2Phase}"
#   meta:
#     ucd: stat.error;time.phase
# - 
#   name: geom_model_gaussian2_sigma
#   datatype: float32
[...]
#   datatype: float32
#   description: "Secondary eclipse: uncertainty of \\texttt{derivedSecondaryEclDuration}"
#   meta:
#     ucd: stat.error;time.duration
# - 
#   name: derived_secondary_ecl_depth
#   datatype: float32
#   unit: mag
#   description: "Secondary eclipse: depth"
#   meta:
#     ucd: src.var.amplitude
# - 
#   name: derived_secondary_ecl_depth_error
#   datatype: float32
#   unit: mag
#   description: "Secondary eclipse: uncertainty of \\texttt{derivedSecondaryEclDepth}"
#   meta:
#     ucd: stat.error;src.var.amplitude
solution_id,source_id,global_ranking,reference_time,frequency,frequency_error,geom_model_reference_level,geom_model_reference_level_error,geom_model_gaussian1_phase,geom_model_gaussian1_phase_error,geom_model_gaussian1_sigma,geom_model_gaussian1_sigma_error,geom_model_gaussian1_depth,geom_model_gaussian1_depth_error,geom_model_gaussian2_phase,geom_model_gaussian2_phase_error,geom_model_gaussian2_sigma,geom_model_gaussian2_sigma_error,geom_model_gaussian2_depth,geom_model_gaussian2_depth_error,geom_model_cosine_half_period_amplitude,geom_model_cosine_half_period_amplitude_error,geom_model_cosine_half_period_phase,geom_model_cosine_half_period_phase_error,model_type,num_model_parameters,reduced_chi2,derived_primary_ecl_phase,derived_primary_ecl_phase_error,derived_primary_ecl_duration,derived_primary_ecl_duration_error,derived_primary_ecl_depth,derived_primary_ecl_depth_error,derived_secondary_ecl_phase,derived_secondary_ecl_phase_error,derived_secondary_ecl_duration,derived_secondary_ecl_duration_error,derived_secondary_ecl_depth,derived_secondary_ecl_depth_error
[from data line 36]
375316653866487564,5965115876530271104,0.5412202,2257.9707871306146,0.7735264942016115,3.3126669E-6,19.25631,0.005778455,0.24308719,0.0017214309,0.019719504,0.0012445361,0.6230567,0.077510744,0.74354506,0.0012255929,0.019920511,0.0014264375,0.37627333,0.06102107,null,null,null,null,"TWOGAUSSIANS",8,3.1313746,0.24308719,0.0017214309,0.11042922,0.006969402,0.6230567,0.077510744,0.74354506,0.0012255929,0.11155486,0.007988051,0.37627333,0.06102107
375316653866487564,5965116598087932544,0.52785736,2290.7309548461985,0.4961092414414394,3.509096E-5,18.771187,0.005575375,0.3435701,0.0020959384,0.05096613,0.0029043574,0.41168323,0.013727797,0.8181137,0.011442766,0.05807339,0.00967454,0.105595514,0.013144199,null,null,null,null,"TWOGAUSSIANS",8,2.6493134,0.3435701,0.0020959384,0.2854103,0.016264401,0.41167966,0.013728705,0.8181137,0.011442766,0.325211,0.054177422,0.10559195,0.013144967
375316653866487564,5965117216562842752,0.5711712,2281.357326640243,0.48951144417347153,1.2209899E-5,18.663603,0.0030130062,0.3203648,0.0012991859,0.027776884,8.884277E-4,0.56703335,0.017969372,0.8214587,0.03788945,0.021138435,0.014284717,3.0134492,871.1567,null,null,null,null,"TWOGAUSSIANS",8,2.5782387,0.8214587,0.03788945,0.11837524,0.07999442,3.0134492,871.1567,0.3203648,0.0012991859,0.15555055,0.004975195,0.56703335,0.017969372
375316653866487564,5965117697609960960,0.5716358,2277.9723459262746,0.13092811329953452,4.080099E-6,15.656751,0.0016045304,0.3024141,0.02505805,0.016111573,0.0077548516,0.0150877675,0.0073854537,0.45103532,1.9321767E-4,0.011764183,3.872154E-4,0.30608195,0.009481623,null,null,null,null,"TWOGAUSSIANS",8,21.694471,0.45103532,1.9321767E-4,0.06587942,0.0021684063,0.30608195,0.009481623,0.3024141,0.02505805,0.09022481,0.04342717,0.0150877675,0.0073854537
375316653866487564,5965118346126210432,0.5325742,2273.1684802080163,0.5311571898737903,4.744646E-6,18.786383,0.0031015782,0.07187276,0.0021862711,0.016565746,0.0026759892,0.035448343,0.0033047372,0.77932644,5.140312E-4,0.032021966,6.8852893E-4,0.30087808,0.0059300233,null,null,null,null,"TWOGAUSSIANS",8,1.6656561,0.77932644,5.140312E-4,0.179323,0.003855762,0.30087808,0.0059300233,0.07187276,0.0021862711,0.09276818,0.014985539,0.035448343,0.0033047372
375316653866487564,5965118728393022848,0.49048725,2303.1709504625715,2.8991650273708696,1.7013135E-5,17.998165,0.6949948,0.22013555,0.0053860885,0.20318075,0.08448416,0.9323813,0.6587812,0.7250744,0.010588556,0.17861551,0.06974706,0.86158556,0.6114502,null,null,null,null,"TWOGAUSSIANS",8,4.0928087,0.21775556,0.004221814,0.4,0.0,0.21780764,0.0091263605,0.7285044,0.00812633,0.4,0.0,0.2031262,0.013680357
375316653866487564,5965119449943253632,0.56285614,2275.138985057745,1.0151933832769646,6.11156E-6,19.441801,0.0051254267,0.23690636,0.013629905,0.050721034,0.007944925,0.09820864,0.019744867,0.7075307,0.0016691575,0.031707335,0.0014276528,0.8159066,0.03652381,null,null,null,null,"TWOGAUSSIANS",8,1.6147494,0.7075307,0.0016691575,0.17756107,0.007994856,0.8159066,0.03652381,0.23690636,0.013629905,0.2840378,0.04449158,0.09820864,0.019744867
375316653866487564,5965119999699167872,0.48930815,2259.137326939255,0.46867247535360546,1.2199895E-4,19.626104,0.007810757,0.24921227,0.006575285,0.024580695,0.004904459,0.17910802,0.017353976,0.7494916,0.0030130662,0.036263935,0.0054553626,0.90116763,0.2860271,null,null,null,null,"TWOGAUSSIANS",8,4.357021,0.7494916,0.0030130662,0.20307805,0.03055003,0.90116763,0.2860271,0.24921227,0.006575285,0.13765189,0.027464973,0.17910802,0.017353976
375316653866487564,5965120407710985984,0.59147614,2276.1799058946353,2.1340614586582443,7.734664E-6,17.872496,0.0076944395,0.2341159,0.005733557,0.08203239,0.0057904935,0.24635436,0.013489894,0.7170899,0.0017448206,0.08248878,0.0024999816,0.59080815,0.013597202,null,null,null,null,"TWOGAUSSIANS",8,5.0884705,0.7170899,0.0017448206,0.4,0.0,0.58538955,0.013605745,0.2341159,0.005733557,0.4,0.0,0.24093574,0.013162845
375316653866487564,5965120721266534656,0.5704533,2282.7607211483237,0.45693204517980207,3.6534624E-5,16.385796,0.0014093487,0.23464797,0.016788384,0.019047119,0.009483137,0.18360478,0.044653524,0.7388564,0.0020797667,0.01741097,0.0019785322,0.45466104,0.026673807,null,null,null,null,"TWOGAUSSIANS",8,16.818674,0.7388564,0.0020797667,0.09750143,0.01107978,0.45466104,0.026673807,0.23464797,0.016788384,0.10666387,0.05310557,0.18360478,0.044653524
375316653866487564,5965120961785183744,0.5230627,2259.4413591211423,0.4279467573157682,2.6266896E-5,14.494541,0.016662994,0.16658689,0.014372327,0.11745272,0.060488906,0.021905657,0.015778268,0.655475,0.003401321,0.116982274,0.018585641,0.06644611,0.015419252,null,null,null,null,"TWOGAUSSIANS",8,9.307865,0.655475,0.003401321,0.4,0.0,0.059659865,0.0018653848,0.16671689,0.014274847,0.4,0.0,0.015129413,0.0021096384
375316653866487564,5965121133573635456,0.47896004,2269.7707839595046,2.0315879854543546,2.2457642E-5,19.04457,0.013934548,0.114017904,0.008620623,0.0649408,0.011406177,0.10499728,0.02738204,0.6673302,0.0049971207,0.0950059,0.009841568,0.22575416,0.018718213,null,null,null,null,"TWOGAUSSIANS",8,3.8355694,0.6673302,0.0049971207,0.4,0.0,0.2249363,0.018752577,0.1140079,0.0086346995,0.36366847,0.06387459,0.10418302,0.027303515
375316653866487564,5965121752059153536,0.60348266,2282.2901916248265,1.3651544044823922,7.3162214E-6,16.881351,0.0039947573,0.22575147,0.0013741653,0.08263415,0.0023462514,0.27249128,0.0061056735,0.7292117,0.0014100417,0.08589327,0.0022602966,0.23934004,0.0044539277,null,null,null,null,"TWOGAUSSIANS",8,3.3710892,0.22575147,0.0013741653,0.4,0.0,0.26661032,0.0062198094,0.7292117,0.0014100417,0.4,0.0,0.23345909,0.0039270874
375316653866487564,5965122404884352896,0.47503203,2274.3706960075424,0.07157061812210201,3.6237456E-5,18.329912,0.008348092,0.29653364,0.008670896,0.061365906,0.004381604,0.48085663,0.1225966,0.6115832,0.0121699525,0.03868195,0.021956872,0.020850813,0.014863917,0.03761077,0.011688433,0.6115832,0.0121699525,"TWOGAUSSIANS_WITH_ELLIPSOIDAL_ON_ECLIPSE2",9,4.089853,0.29374367,0.008789792,0.3436491,0.024536984,0.4932186,0.12229984,0.6115832,0.0121699525,0.21661891,0.12295849,0.09607303,0.01976837
375316653866487564,5965122576683077504,0.50100833,2260.754224003068,1.0447830675906449,5.335645E-5,19.321404,0.004529237,0.269431,0.0053668814,0.017889148,0.003408823,0.07517944,0.059688568,0.64270014,0.0048651355,0.007799642,0.0013490297,0.8416895,0.5352908,null,null,null,null,"TWOGAUSSIANS",8,2.5057166,0.64270014,0.0048651355,0.043677993,0.0075545665,0.8416895,0.5352908,0.269431,0.0053668814,0.100179225,0.019089408,0.07517944,0.059688568
375316653866487564,5965123435677838976,0.5412864,2327.417089060538,3.481990487910744,2.7043865E-5,19.875654,0.006490809,0.2632656,0.004422935,0.07067515,0.0049608997,0.45109084,0.024561867,0.75443304,0.002628472,0.06995565,0.0027202284,0.48919326,0.009712562,null,null,null,null,"TWOGAUSSIANS",8,1.2774254,0.75443304,0.002628472,0.39175162,0.015233278,0.48784393,0.009513049,0.2632656,0.004422935,0.39578083,0.018045353,0.4497415,0.024829471
375316653866487564,5965123710555770496,0.47280753,2318.7985206068793,1.9272543157988822,1.4719806E-4,19.039682,0.0061847954,0.20616929,0.007003044,0.04253636,0.010002811,0.09737895,0.014146165,0.7058689,0.003396021,0.04508645,0.0051069413,0.19828486,0.018468637,null,null,null,null,"TWOGAUSSIANS",8,3.3495872,0.7058689,0.003396021,0.2524841,0.028598871,0.19828483,0.018468658,0.20616929,0.007003044,0.23820361,0.056015745,0.097378924,0.01414619
375316653866487564,5965124122872637184,0.512158,2291.145143430049,3.26134952166019,1.7923445E-5,19.739532,0.023602491,0.27468568,0.004507616,0.09407117,0.008548608,0.35139567,0.023354188,0.77819276,0.004988251,0.08585153,0.008265497,0.3716894,0.034904633,null,null,null,null,"TWOGAUSSIANS",8,1.7183295,0.77819276,0.004988251,0.4,0.0,0.35732558,0.03506076,0.27468568,0.004507616,0.4,0.0,0.33703133,0.017153881
375316653866487564,5965127382738674944,0.5583309,2304.9335174016414,0.4697935150413723,1.593871E-5,18.053904,0.004606467,0.18246818,0.001212201,0.009272956,7.045037E-4,0.7873723,0.19787793,0.6817925,0.0029739952,0.0100074485,0.0022916682,0.58056736,0.045506597,null,null,null,null,"TWOGAUSSIANS",8,10.524109,0.18246818,0.001212201,0.051928554,0.0039452207,0.7873723,0.19787793,0.6817925,0.0029739952,0.05604171,0.012833342,0.58056736,0.045506597
375316653866487564,5965128933245420544,0.59900415,2290.7828129055215,0.16084681182423397,1.19762444E-4,15.968855,0.0011220273,0.87012464,0.0059745,0.014869803,0.013709839,0.01729245,105.509384,0.74285394,6.9348153E-4,0.01461391,2.562808E-4,0.6744392,0.029791353,null,null,null,null,"TWOGAUSSIANS",8,5.3677616,0.74285394,6.9348153E-4,0.08183789,0.0014351725,0.6744392,0.029791353,0.87012464,0.0059745,0.08327089,0.076775104,0.01729245,105.509384
375316653866487564,5965129066371724672,0.48104084,2300.0557338439717,3.9615185397931056,1.9228022E-5,19.602552,0.018736808,0.23437756,0.0041682525,0.056902133,0.0053520636,0.25860605,0.022975156,0.7361446,0.016533937,0.10655743,0.046696145,0.1273884,0.020648489,null,null,null,null,"TWOGAUSSIANS",8,1.4875995,0.23437756,0.0041686995,0.31865194,0.029971557,0.2558764,0.018523512,0.7361446,0.016533937,0.4,0.0,0.124654524,0.021909283
375316653866487564,5965130887439081856,0.4749114,2323.119822252788,0.7743958256434456,2.9193025E-5,18.687761,0.0097649945,0.32933366,0.0041748327,0.06723416,0.006570058,0.22644529,0.018026916,0.8079145,0.017063987,0.06982776,0.01633323,0.12500317,0.024303038,null,null,null,null,"TWOGAUSSIANS",8,5.9748745,0.32933366,0.0041748327,0.3765113,0.036792327,0.22620524,0.018024549,0.8079145,0.017063987,0.39103547,0.04900155,0.12476312,0.02429796
375316653866487564,5965135770824185600,0.4393379,2308.281458145815,0.3252327581594809,7.602678E-5,19.493317,0.062219016,0.27879027,0.010364846,0.114485644,0.038282674,0.1559651,0.06023992,0.7764458,0.0064458735,0.11610478,0.034177046,0.18344747,0.055659644,null,null,null,null,"TWOGAUSSIANS",8,4.06077,0.7764458,0.006451411,0.4,0.0,0.1519447,0.019634381,0.27880025,0.010368964,0.4,0.0,0.12447435,0.01314865
375316653866487564,5965141715068151040,0.50177383,2294.2646174730244,2.2259272986808076,2.5527044E-5,17.732176,0.011066601,0.25345376,0.02373812,0.087778986,0.028897427,0.11212477,0.023081794,0.728064,0.0053340876,0.06179359,0.006718325,0.31437922,0.04007895,null,null,null,null,"TWOGAUSSIANS",8,22.361856,0.728064,0.0053340876,0.3460441,0.03762262,0.31368533,0.040207587,0.25345376,0.02373812,0.4,0.06173476,0.11143084,0.023443304
375316653866487564,5965141886857718400,0.46932164,2260.8897034258293,2.657874935920864,8.0626385E-5,19.413013,0.039700046,0.27272287,0.011940287,0.09595503,0.047092922,0.2194504,0.023950664,0.77629846,0.01110654,0.07909043,0.016123421,0.23038714,0.04611029,null,null,null,null,"TWOGAUSSIANS",8,2.7277167,0.77629846,0.011105848,0.4,0.008591877,0.22327031,0.03466119,0.27272287,0.011940287,0.4,0.0,0.21233301,0.02963584
375316653866487564,5965142230464546048,0.515897,2293.791431022286,0.33246741271579644,3.4181663E-5,18.401606,0.0030497147,0.31371388,0.030581327,0.028111003,0.012663805,0.30285084,0.23420276,0.7969264,0.0061867163,0.015202279,0.0052233194,0.39313576,1.3452611,null,null,null,null,"TWOGAUSSIANS",8,3.5074632,0.7969264,0.0061867163,0.08513276,0.029250588,0.39313576,1.3452611,0.31371388,0.030581327,0.15742162,0.07091731,0.30285084,0.23420276
375316653866487564,5965143291297628288,0.57807463,2311.7902833839526,2.115143188021619,6.817047E-6,18.619785,0.010309299,0.23186058,0.006804065,0.078589395,0.007896497,0.39248806,0.0140765775,0.7315191,0.0018321021,0.0803217,0.0033641611,0.4053578,0.011111213,null,null,null,null,"TWOGAUSSIANS",8,2.336548,0.7315191,0.0018321021,0.4,0.0,0.3997436,0.009703495,0.23186058,0.006804065,0.4,0.0,0.38687384,0.012587503
375316653866487564,5965144115930571904,0.51426554,2280.552457066585,0.4276544329204595,1.43995485E-5,18.06374,0.0045204316,0.22233026,0.0025716282,0.03240299,0.0023536717,0.21780029,0.008470689,0.7218488,0.006730003,0.030536702,0.0059598773,0.19554646,0.021493616,null,null,null,null,"TWOGAUSSIANS",8,5.043599,0.22233026,0.0025716282,0.18145673,0.013180562,0.21780029,0.008470689,0.7218488,0.006730003,0.17100553,0.033375315,0.19554646,0.021493616
375316653866487564,5965144390816145152,0.5312934,2253.163044708295,2.4761839319024164,1.7276685E-5,19.458414,0.03332025,0.21324837,0.0042193853,0.11094272,0.011409789,0.40159294,0.029358499,0.7189999,0.0038584908,0.0983946,0.008001202,0.4226346,0.0335848,null,null,null,null,"TWOGAUSSIANS",8,1.2590289,0.71900994,0.0038627384,0.4,0.0,0.3783382,0.016127627,0.21324837,0.0042193853,0.4,0.0,0.3572667,0.022322886
375316653866487564,5965145735149866368,0.5155826,2251.6350736678187,2.801744921906445,3.193336E-5,19.70123,0.018957296,0.2354658,0.010971313,0.09131796,0.014049172,0.29268977,0.024854915,0.7224667,0.0058605485,0.092757285,0.008137875,0.29166383,0.02059851,null,null,null,null,"TWOGAUSSIANS",8,2.0950782,0.2354658,0.010971313,0.4,0.0,0.28066373,0.021100532,0.7224667,0.0058605485,0.4,0.0,0.27963763,0.011670823
375316653866487564,5965146074443269504,0.44391534,2250.2171620046715,0.20060971477065193,2.4742527E-5,19.4719,0.016089339,0.14892875,0.0027458689,0.030245533,0.0030154986,0.21462378,0.019182025,0.49989688,0.006834364,0.05624056,0.014689347,0.10465752,0.018590497,null,null,null,null,"TWOGAUSSIANS",8,4.756262,0.14892875,0.0027458689,0.16937499,0.016886793,0.21462378,0.01918203,0.49989688,0.006834364,0.31494713,0.08226034,0.10465752,0.018590497
375316653866487564,5965147277026511744,0.56404024,2288.276867706673,2.4024069310394713,1.219739E-5,18.406458,0.018556159,0.18184155,0.005345066,0.047766365,0.005493706,0.389748,0.055524375,0.67692447,0.0038371284,0.05955003,0.008275091,0.6221039,0.07689129,0.07476117,0.023677247,0.18184155,0.005345066,"TWOGAUSSIANS_WITH_ELLIPSOIDAL_ON_ECLIPSE1",9,7.7816124,0.6772345,0.0036102068,0.33348015,0.046340507,0.7714273,0.089952074,0.18184155,0.005345066,0.26749164,0.030764755,0.539205,0.04025489
375316653866487564,5965148170379415808,0.5873037,2292.75230368201,0.7126759056242238,8.703972E-6,17.208004,0.0022723342,0.23726022,0.0066700387,0.028529158,0.0046437522,0.25373304,0.037144072,0.7413208,0.0055226386,0.029101288,0.0036714508,0.27710095,0.021297788,0.021315398,0.0031882378,0.23726022,0.0066700387,"TWOGAUSSIANS_WITH_ELLIPSOIDAL_ON_ECLIPSE1",9,3.1328008,0.7413208,0.0055226386,0.16296722,0.020560125,0.3197039,0.021178946,0.23726022,0.0066700387,0.15976329,0.026005011,0.29636374,0.037765373
375316653866487564,5965149476049800320,0.5172944,2285.0299880761754,0.5165837559219928,2.3421804E-5,18.142271,0.0024342183,0.33494592,1.8900264E-5,0.009792203,8.922335E-5,1.0359849,0.01137489,0.58905566,0.08437514,0.061277516,0.055566914,0.020420164,0.01838195,null,null,null,null,"TWOGAUSSIANS",8,2.9926746,0.33494592,1.8900264E-5,0.05483634,4.996508E-4,1.0359887,0.011430811,0.58905566,0.08437514,0.34315407,0.21826874,0.020420164,0.018381966
375316653866487564,5965149617808185216,0.60854334,2277.1344138145023,3.2634116169689875,1.04423025E-5,17.11373,0.015135218,0.27074122,0.0019337179,0.059393045,0.0060115964,0.31234324,0.030822707,0.773311,0.004157045,0.052979883,0.006596241,0.23829676,0.033441346,0.079125516,0.018586926,0.27074122,0.0019337179,"TWOGAUSSIANS_WITH_ELLIPSOIDAL_ON_ECLIPSE1",9,9.507986,0.27074122,0.0019337179,0.33260107,0.033664938,0.4705462,0.018854415,0.773311,0.004157045,0.29668736,0.03693895,0.39645842,0.0068321577
