Gaia/vari_eclipsing_binary/VariEclipsingBinary_679973-680038.csv
# %ECSV 1.0
# ---
# delimiter: ','
# meta: !!omap
# - RELEASE: Gaia DR3
# - TABLE: vari_eclipsing_binary
# - DESCRIPTION: >
#     This table describes the properties of the eclipsing binaries resulting from the variability analysis. 
# - CITATION: >
#     How to cite and acknowledge Gaia: 
#     https://gea.esac.esa.int/archive/documentation/credits.html 
# - KNOWN_ISSUES: >
#     Known issues: 
#     https://www.cosmos.esa.int/web/gaia-users/known-issues 
# - DOCUMENTATION: >
#     Tutorials and documentation: 
#     https://www.cosmos.esa.int/web/gaia-users/archive 
# datatype:
# - 
#   name: solution_id
#   datatype: int64
#   description: Solution Identifier
#   meta:
#     ucd: meta.version
# - 
#   name: source_id
#   datatype: int64
#   description: Unique source identifier
#   meta:
#     ucd: meta.id;meta.main
# - 
#   name: global_ranking
#   datatype: float32
#   description: Number between 0 (worst) and 1 (best)
#   meta:
#     ucd: stat.param
# - 
#   name: reference_time
#   datatype: float64
#   unit: d
#   description: Reference time used for the geometric model fit
#   meta:
#     ucd: time.epoch
# - 
#   name: frequency
#   datatype: float64
#   unit: d**-1
#   description: Frequency of geometric model of the eclipsing binary light curve
#   meta:
#     ucd: src.orbital
# - 
#   name: frequency_error
#   datatype: float32
#   unit: d**-1
#   description: "Uncertainty of \\texttt{frequency}"
#   meta:
#     ucd: stat.error
# - 
#   name: geom_model_reference_level
#   datatype: float32
#   unit: mag
#   description: Magnitude reference level of geometric model
#   meta:
#     ucd: phot.mag;em.opt
# - 
#   name: geom_model_reference_level_error
#   datatype: float32
#   unit: mag
#   description: "Uncertainty of \\texttt{geomModelReferenceLevel}"
#   meta:
#     ucd: stat.error;phot.mag;em.opt
# - 
#   name: geom_model_gaussian1_phase
#   datatype: float32
#   description: Phase of the Gaussian 1 component
#   meta:
#     ucd: time.phase
# - 
#   name: geom_model_gaussian1_phase_error
#   datatype: float32
#   description: "Uncertainty of \\texttt{geomModelGaussian1Phase}"
#   meta:
#     ucd: stat.error;time.phase
# - 
#   name: geom_model_gaussian1_sigma
#   datatype: float32
#   description: "Standard deviation [phase] of Gaussian 1 component"
#   meta:
#     ucd: stat.stdev
# - 
#   name: geom_model_gaussian1_sigma_error
#   datatype: float32
#   description: "Uncertainty of \\texttt{geomModelGaussian1Sigma}"
#   meta:
#     ucd: stat.error
# - 
#   name: geom_model_gaussian1_depth
#   datatype: float32
#   unit: mag
#   description: Magnitude depth of Gaussian 1 component
#   meta:
#     ucd: src.var.amplitude
# - 
#   name: geom_model_gaussian1_depth_error
#   datatype: float32
#   unit: mag
#   description: "Uncertainty of \\texttt{geomModelGaussian1Depth}"
#   meta:
#     ucd: stat.error;src.var.amplitude
# - 
#   name: geom_model_gaussian2_phase
#   datatype: float32
#   description: Phase of Gaussian 2 component
#   meta:
#     ucd: time.phase
# - 
#   name: geom_model_gaussian2_phase_error
#   datatype: float32
#   description: "Uncertainty of \\texttt{geomModelGaussian2Phase}"
#   meta:
#     ucd: stat.error;time.phase
# - 
#   name: geom_model_gaussian2_sigma
#   datatype: float32
[...]
#   datatype: float32
#   description: "Secondary eclipse: uncertainty of \\texttt{derivedSecondaryEclDuration}"
#   meta:
#     ucd: stat.error;time.duration
# - 
#   name: derived_secondary_ecl_depth
#   datatype: float32
#   unit: mag
#   description: "Secondary eclipse: depth"
#   meta:
#     ucd: src.var.amplitude
# - 
#   name: derived_secondary_ecl_depth_error
#   datatype: float32
#   unit: mag
#   description: "Secondary eclipse: uncertainty of \\texttt{derivedSecondaryEclDepth}"
#   meta:
#     ucd: stat.error;src.var.amplitude
solution_id,source_id,global_ranking,reference_time,frequency,frequency_error,geom_model_reference_level,geom_model_reference_level_error,geom_model_gaussian1_phase,geom_model_gaussian1_phase_error,geom_model_gaussian1_sigma,geom_model_gaussian1_sigma_error,geom_model_gaussian1_depth,geom_model_gaussian1_depth_error,geom_model_gaussian2_phase,geom_model_gaussian2_phase_error,geom_model_gaussian2_sigma,geom_model_gaussian2_sigma_error,geom_model_gaussian2_depth,geom_model_gaussian2_depth_error,geom_model_cosine_half_period_amplitude,geom_model_cosine_half_period_amplitude_error,geom_model_cosine_half_period_phase,geom_model_cosine_half_period_phase_error,model_type,num_model_parameters,reduced_chi2,derived_primary_ecl_phase,derived_primary_ecl_phase_error,derived_primary_ecl_duration,derived_primary_ecl_duration_error,derived_primary_ecl_depth,derived_primary_ecl_depth_error,derived_secondary_ecl_phase,derived_secondary_ecl_phase_error,derived_secondary_ecl_duration,derived_secondary_ecl_duration_error,derived_secondary_ecl_depth,derived_secondary_ecl_depth_error
[from data line 574]
375316653866487564,5981596555097550976,0.5237611,2120.373082796647,3.2675384940313146,1.4873713E-5,19.27207,0.012962429,0.2624447,0.0037113877,0.07552373,0.0046428214,0.37222245,0.018391479,0.7613594,0.00727122,0.07968348,0.007864798,0.43719146,0.029847663,null,null,null,null,"TWOGAUSSIANS",8,3.1059573,0.7613594,0.00727122,0.4,0.0,0.43278468,0.03074701,0.2624447,0.0037113877,0.4,0.0,0.36781567,0.017748816
375316653866487564,5981596868653875584,0.6424523,2127.653520933452,0.1694852985266497,2.9177834E-6,15.733826,0.0031571507,0.26847336,0.048776206,0.018105919,0.09232754,0.20160343,0.21625364,0.7734982,4.3198987E-4,0.013491288,4.4084145E-4,0.56961894,0.016623972,null,null,null,null,"TWOGAUSSIANS",8,19.511482,0.7734982,4.3198987E-4,0.07555121,0.0024687122,0.56961894,0.016623897,0.26847336,0.048776206,0.10139314,0.3064316,0.20160343,0.2162557
375316653866487564,5981597242289778816,0.505761,2110.947542271569,3.2892353383021757,1.6377086E-5,19.533978,0.009232179,0.26972312,0.003966625,0.0682804,0.009102723,0.20626919,0.029813096,0.7854154,0.02247222,0.030818217,0.017387504,0.13445815,0.06375755,0.10415644,0.012794167,0.26972312,0.003966625,"TWOGAUSSIANS_WITH_ELLIPSOIDAL_ON_ECLIPSE1",9,2.9707286,0.26972312,0.003966625,0.38237023,0.047654457,0.41433427,0.021942155,0.7854154,0.022393083,0.17258202,0.09737002,0.34050468,0.06203318
375316653866487564,5981597521488945024,0.5611002,2138.3804223291045,0.2505252869849641,1.48026165E-5,17.107857,0.0016133026,0.20377451,0.13323532,0.04942461,0.06661882,0.013288719,0.1912911,0.7635427,0.0015014154,0.018041397,0.001593257,0.24873818,0.0084013445,null,null,null,null,"TWOGAUSSIANS",8,3.9356601,0.7635427,0.0015014154,0.101031825,0.008922239,0.24873818,0.008401346,0.20377451,0.13323532,0.27677783,0.31592917,0.013288719,0.1912911
375316653866487564,5981598277403212288,0.4742324,2134.7169358186447,1.4831351077780932,2.8569972E-5,14.374457,0.0050369976,0.13630277,0.029419972,0.10169215,0.03314137,0.011769041,0.00436586,0.5507602,0.009567139,0.151284,0.021457188,0.034865577,0.0047788634,null,null,null,null,"TWOGAUSSIANS",8,15.356645,0.5507602,0.009567139,0.4,0.0,0.031868465,0.0018718041,0.15304276,0.03229534,0.4,0.0,0.009723811,0.002185831
375316653866487564,5981598827149482624,0.5246964,2085.3843731849956,2.1731789490278106,1.7367489E-5,19.149529,0.011394339,0.27319854,0.0043226304,0.07776897,0.005897552,0.328332,0.019151283,0.77118635,0.0036986128,0.06951737,0.005393078,0.36224222,0.020833693,null,null,null,null,"TWOGAUSSIANS",8,2.2819626,0.77118635,0.0036986128,0.38929725,0.027394783,0.36018163,0.021007018,0.27319854,0.0043226304,0.4,0.0,0.32627138,0.01911224
375316653866487564,5981599205116301312,0.6466823,2115.746889013914,0.29346352510792845,5.484825E-6,16.867443,0.004120612,0.2471095,0.0021940987,0.025468023,0.0022791002,0.098526224,0.010806341,0.74524295,4.790451E-4,0.027951144,4.5054904E-4,1.0643346,0.011858585,0.011251832,0.004820376,0.2471095,0.0021940987,"TWOGAUSSIANS_WITH_ELLIPSOIDAL_ON_ECLIPSE1",9,12.448555,0.74524295,4.790451E-4,0.1565264,0.0025230746,1.0868351,0.01234188,0.2471095,0.0021940987,0.14262094,0.012762961,0.121029876,0.009201225
375316653866487564,5981600373337941248,0.46063054,2104.2498064894794,3.2288311236646794,1.547951E-5,19.210886,0.07937172,0.2537762,0.005496039,0.098847486,0.044558346,0.25965297,0.04653881,0.7279291,0.0069499626,0.10498063,0.021097511,0.30608463,0.07325801,null,null,null,null,"TWOGAUSSIANS",8,4.4285426,0.7279291,0.0069499626,0.4,0.0,0.2858261,0.023982247,0.2537962,0.0056297136,0.4,0.0,0.23940408,0.037656
375316653866487564,5981601331108112128,0.5335268,2119.384084978132,0.3693808955524137,4.9157832E-5,18.845766,0.007711178,0.24092068,0.0031898122,0.025052546,0.0046903733,0.64093447,0.06546489,0.7413704,0.006045519,0.026921025,0.0066803168,0.5544736,0.05972117,0.041853298,0.012756134,0.24092068,0.0031898122,"TWOGAUSSIANS_WITH_ELLIPSOIDAL_ON_ECLIPSE1",9,9.136786,0.24092068,0.0031898122,0.14029425,0.02626609,0.724641,0.074640386,0.7413704,0.006029418,0.15075773,0.037409775,0.6381795,0.05828493
375316653866487564,5981602228773366912,0.5533474,2131.343341035711,2.1559375530350806,7.0975375E-6,17.479362,0.017495476,0.20959702,0.0021558239,0.12276188,0.008739954,0.17587155,0.017064046,0.7081068,0.0022341725,0.11299956,0.009507849,0.18291327,0.015887765,null,null,null,null,"TWOGAUSSIANS",8,1.9144653,0.7081068,0.0022341725,0.4,0.0,0.14573683,0.0034980748,0.20959702,0.0021610828,0.4,0.0,0.13862763,0.0036698654
375316653866487564,5981602297492854528,0.6105908,2090.918628012275,1.4486998185127593,1.3294914E-5,17.839937,0.0034877635,0.24892296,0.0030665097,0.035771616,0.008513548,0.06379689,0.022383431,0.7508826,0.0019290536,0.041625623,0.003995228,0.3673026,0.016050698,0.044588335,0.004286665,0.24892296,0.0030665097,"TWOGAUSSIANS_WITH_ELLIPSOIDAL_ON_ECLIPSE1",9,1.9646082,0.7508826,0.0019282647,0.23310348,0.022373278,0.45646572,0.018469587,0.24892296,0.0030665097,0.20032106,0.04767587,0.15297353,0.022304974
375316653866487564,5981602572370783488,0.5211164,2131.6420814803987,0.2847079274551667,9.80255E-6,17.641956,0.0064677927,0.20869495,0.017098099,0.028223732,0.023521302,0.0392102,0.020201027,0.72477853,0.0033204004,0.03227205,0.0047314656,0.34885767,0.11131178,0.019095533,0.009012366,0.20869495,0.017098099,"TWOGAUSSIANS_WITH_ELLIPSOIDAL_ON_ECLIPSE1",9,8.284967,0.72477853,0.0033204004,0.18072347,0.026496207,0.38665995,0.11682963,0.20869495,0.017098099,0.1580529,0.13171929,0.077401176,0.0089533245
375316653866487564,5981602709809836032,0.65599275,2119.257359120526,0.5246276239531182,1.5234875E-6,15.211467,9.856549E-4,0.23798704,3.4599216E-4,0.030314075,6.653309E-4,0.20578116,0.0044980207,0.7390306,0.0018460739,0.030284042,0.0012831335,0.22269097,0.0038416693,0.026537398,0.001987041,0.23798704,3.4599216E-4,"TWOGAUSSIANS_WITH_ELLIPSOIDAL_ON_ECLIPSE1",9,8.680691,0.7390306,0.0018460739,0.16959064,0.0071855476,0.27576348,0.0037427421,0.23798704,3.4599216E-4,0.16975881,0.0037258533,0.25885597,0.004900192
375316653866487564,5981602950327861248,0.42255998,2128.6830917809975,1.4586606136080895,3.9051665E-5,16.00224,0.0030840833,null,null,null,null,null,null,null,null,null,null,null,null,0.0392488,0.0047921077,0.21527353,0.008425338,"ELLIPSOIDAL",4,73.31947,null,null,null,null,null,null,null,null,null,null,null,null
375316653866487564,5981604767081830656,0.48752955,2124.5087558815703,2.339118739190439,2.0867938E-5,18.916943,0.02920666,0.23605372,0.00687199,0.088098265,0.00967335,0.29927823,0.036102094,0.74609673,0.0050879605,0.09378365,0.019849889,0.19847322,0.021302667,null,null,null,null,"TWOGAUSSIANS",8,4.8977494,0.23605372,0.00687199,0.4,0.0,0.28982556,0.029891875,0.74609673,0.0050879605,0.4,0.0,0.1890203,0.014644237
375316653866487564,5981605149342141696,0.49207753,2150.798048034835,2.1436600082311577,1.9720923E-5,19.29438,0.004717895,0.17906001,0.01289876,0.024300175,0.0084536355,0.30036536,0.061316483,0.68349427,0.004605376,0.035674155,0.009528105,0.18083586,0.051095035,null,null,null,null,"TWOGAUSSIANS",8,2.0616798,0.17906001,0.01289876,0.13608098,0.047340356,0.30036536,0.061316483,0.68349427,0.004605376,0.19977526,0.05335739,0.18083586,0.051095035
375316653866487564,5981606588148303488,0.46792915,2108.9446688168587,2.513792785365564,2.3400178E-5,18.695845,0.016655574,0.19055142,0.0047743428,0.08509335,0.008318106,0.15527827,0.018448245,0.6763346,0.006956711,0.10522432,0.01600574,0.15905517,0.017804813,null,null,null,null,"TWOGAUSSIANS",8,2.731971,0.6763346,0.006956711,0.4,0.0,0.1509276,0.015034538,0.19056141,0.004765881,0.4,0.0,0.14715546,0.013397665
375316653866487564,5981606592460235648,0.5677975,2159.6939407645214,2.4754617599713526,5.985572E-6,17.270304,0.0047902474,0.2684403,0.0016092395,0.08267371,0.002651172,0.22830574,0.005631029,0.7660603,0.0025215258,0.08632445,0.004108369,0.24519347,0.006357982,null,null,null,null,"TWOGAUSSIANS",8,5.1211047,0.7660603,0.0025215258,0.4,0.0,0.23948708,0.006561233,0.2684403,0.0016092395,0.4,0.0,0.22259937,0.005105189
375316653866487564,5981606794300729344,0.5164781,2111.877499218515,0.3055727422447605,2.3863908E-5,19.149908,0.0059792055,0.23752694,0.018764198,0.02530519,0.021632515,0.08064482,0.03399525,0.72157377,0.0015383393,0.02884477,0.0024271763,0.6720048,0.06061388,null,null,null,null,"TWOGAUSSIANS",8,3.8296385,0.72157377,0.0015383393,0.16153072,0.013592188,0.6720048,0.06061388,0.23752694,0.018764198,0.14170906,0.12114208,0.08064482,0.03399525
375316653866487564,5981607348366337152,0.4855047,2099.757425840685,3.744786850298591,3.0993517E-5,19.669638,0.0104773715,0.3151691,0.009290103,0.074944824,0.016030397,0.24911745,0.027660102,0.81519854,0.0070458944,0.073787704,0.009229006,0.21653706,0.02399168,null,null,null,null,"TWOGAUSSIANS",8,1.9397937,0.3151691,0.009290103,0.4,0.040195182,0.24748512,0.028883236,0.81519854,0.0070458944,0.4,0.021605879,0.21490473,0.024314355
375316653866487564,5981608649722960896,0.54419464,2136.437482009767,2.4899278199278734,1.4343838E-5,18.700169,0.0063444697,0.2320962,0.0029021965,0.08469565,0.004679045,0.38843772,0.025383951,0.7343757,0.0027945088,0.08167902,0.004236481,0.3492892,0.010693868,null,null,null,null,"TWOGAUSSIANS",8,3.770784,0.2320962,0.0029021965,0.4,0.0,0.38070163,0.026929,0.7343757,0.0027945088,0.4,0.0,0.34155315,0.010948805
375316653866487564,5981608855880354176,0.58560497,2157.9441784551245,0.649550883704447,1.0771683E-6,18.660227,0.0031742568,0.24033636,0.014134072,0.01600691,0.009943491,0.51552355,0.10961128,0.744097,3.7285663E-9,0.0032708975,9.965255E-6,13.514395,0.18700188,null,null,null,null,"TWOGAUSSIANS",8,3.051558,0.744097,3.7285663E-9,0.018317027,5.580543E-5,13.514395,0.18700188,0.24033636,0.014134072,0.089638695,0.05568355,0.51552355,0.10961128
375316653866487564,5981609543078780672,0.61162645,2118.3331587676535,2.2599553660517717,8.98393E-6,18.324612,0.0045065987,0.2258905,0.0019432519,0.066117436,0.0027936203,0.34177333,0.009964341,0.7234407,0.0026503007,0.07056076,0.0024416237,0.7034383,0.006805321,null,null,null,null,"TWOGAUSSIANS",8,3.5439503,0.7234407,0.0026503007,0.39514026,0.0059503317,0.70228994,0.006991916,0.2258905,0.0019432519,0.37025762,0.015644275,0.340625,0.0100936955
375316653866487564,5981611054908396544,0.5890451,2117.9300719646803,2.326681878789325,4.8106E-6,19.133923,0.0204825,0.15151882,0.0020841542,0.05152849,0.0062492597,0.3098436,0.050233055,0.6494585,0.005557632,0.045642857,0.007977248,0.32764393,0.05094277,0.12752683,0.028698772,0.15151882,0.0020841542,"TWOGAUSSIANS_WITH_ELLIPSOIDAL_ON_ECLIPSE1",9,2.2249541,0.64968854,0.004977125,0.2556,0.04467259,0.58265704,0.028390769,0.15151882,0.0020841542,0.28855956,0.034995854,0.56489456,0.01598215
375316653866487564,5981611402823885824,0.5763926,2147.1654921479844,0.797021391213487,9.323114E-6,16.285608,0.0026179089,0.21953422,0.0024062234,0.06738631,0.0023307407,0.22554907,0.005594613,0.727301,0.004684424,0.082418926,0.006756527,0.10538544,0.013124403,null,null,null,null,"TWOGAUSSIANS",8,11.127418,0.21953422,0.0024062234,0.37736332,0.013052148,0.22461408,0.0055637723,0.727301,0.004684424,0.4,0.0,0.104450434,0.013394873
375316653866487564,5981611677703093760,0.4847184,2140.19203216365,2.6521978368924715,2.7258266E-5,19.71386,0.00998445,0.16250174,0.0047926153,0.04657406,0.0070960675,0.1524779,0.04769808,0.68606097,0.0032072905,0.042715322,0.0038047372,0.41204154,0.0384757,null,null,null,null,"TWOGAUSSIANS",8,3.0298848,0.68606097,0.0032072905,0.2392058,0.02130653,0.41204152,0.03847571,0.16250174,0.0047926153,0.26081473,0.039737977,0.15247789,0.04769809
375316653866487564,5981613155162880384,0.4938092,2109.6351275044726,2.9280510278021405,2.1482767E-5,19.192856,0.012450618,0.27865803,0.0064257076,0.08461423,0.008236213,0.30472216,0.019488096,0.7507474,0.0057281572,0.086133845,0.007762189,0.27990368,0.016632438,null,null,null,null,"TWOGAUSSIANS",8,2.440117,0.27865803,0.0064257076,0.4,0.0,0.29981774,0.017869584,0.7507474,0.0057281572,0.4,0.0,0.27499923,0.015834112
375316653866487564,5981613395688765184,0.6285042,2130.900181537229,0.8719371506810873,3.1213028E-6,16.159332,0.0022160984,0.2697621,5.731187E-4,0.034718778,9.197588E-4,0.28062108,0.00822247,0.76937807,0.00144309,0.038460623,0.002815922,0.1741801,0.0064984243,0.0072832974,0.003095019,0.2697621,5.731187E-4,"TWOGAUSSIANS_WITH_ELLIPSOIDAL_ON_ECLIPSE1",9,5.727083,0.2697621,5.731187E-4,0.19442515,0.005150649,0.29518765,0.0076358723,0.76937807,0.001432948,0.21537949,0.015769163,0.18874659,0.007726364
375316653866487564,5981613876726379776,0.4775839,2145.6435944074624,1.9224766391484311,7.060793E-5,17.783762,0.0019961353,0.29864338,0.03941588,0.051814917,0.0573951,0.016416552,0.0057805567,0.77750665,0.008240205,0.008889489,0.006614913,0.20535044,0.18351994,null,null,null,null,"TWOGAUSSIANS",8,1.5239884,0.77750665,0.008240205,0.04978114,0.037043516,0.20535044,0.18351994,0.29864338,0.03941588,0.29016355,0.2688668,0.016416552,0.0057805586
375316653866487564,5981614873157507584,0.5126624,2130.843361256717,2.0090686557129844,9.343074E-6,18.76577,0.003371067,0.36043394,0.012594068,0.02224496,0.010983275,0.06532641,0.044367634,0.5500349,7.983619E-4,0.014402628,8.98949E-4,0.45673996,0.036431126,null,null,null,null,"TWOGAUSSIANS",8,3.2102134,0.5500349,7.983619E-4,0.08065472,0.0050341142,0.45673996,0.036431126,0.36043394,0.012594068,0.12457178,0.06150634,0.06532641,0.044367634
375316653866487564,5981617037814570624,0.59179777,2132.679045623846,0.4036112439224826,1.1135453E-5,17.49636,0.0027159974,0.27890664,0.008503295,0.024474438,0.0041288952,0.3740877,0.056330975,0.7778172,0.007891376,0.025675155,0.0068615275,0.4201537,0.08224371,0.009266301,0.0038825804,0.27890664,0.008503295,"TWOGAUSSIANS_WITH_ELLIPSOIDAL_ON_ECLIPSE1",9,4.313195,0.7778172,0.0078792125,0.14378087,0.038424555,0.43868542,0.08420875,0.27890664,0.008503295,0.13705686,0.023121813,0.39262027,0.055456117
375316653866487564,5981618652728973696,0.5581223,2120.657375081252,3.388123261885431,7.4809473E-6,18.616373,0.007812965,0.22803777,0.0027108553,0.06840008,0.003933063,0.4098404,0.0156057915,0.72927266,0.0021507884,0.08055485,0.0028559705,0.3430816,0.0081196325,null,null,null,null,"TWOGAUSSIANS",8,3.337506,0.22803777,0.0027108553,0.38304043,0.022025151,0.407264,0.015784096,0.72927266,0.0021507884,0.4,0.0,0.34050515,0.007546629
375316653866487564,5981619576122684032,0.52180856,2132.1604078661862,0.2761617679686016,1.0773732E-6,18.804913,0.0036175437,0.26706678,2.5400388E-5,0.0048356773,6.3290854E-4,0.8161724,0.6120259,0.7665884,7.152102E-4,0.011181815,8.7528303E-4,0.5287722,0.022342918,null,null,null,null,"TWOGAUSSIANS",8,4.5829005,0.26706678,2.5400388E-5,0.027079793,0.0035442878,0.8161724,0.6120259,0.7665884,7.152102E-4,0.06261816,0.0049015847,0.5287722,0.022342918
375316653866487564,5981621057910691840,0.59995466,2119.316289228637,0.9512434987517129,5.01231E-6,16.610508,0.0040291944,0.24309929,0.001597221,0.04189428,0.0018954675,0.401321,0.024003228,0.74047387,0.0036598835,0.04544224,0.003429342,0.13238345,0.012744473,0.015236269,0.005250069,0.24309929,0.001597221,"TWOGAUSSIANS_WITH_ELLIPSOIDAL_ON_ECLIPSE1",9,8.312281,0.24309929,0.001597221,0.23460796,0.010614618,0.43179348,0.02712782,0.74056387,0.0035104274,0.25447655,0.019204317,0.16284795,0.009132196
375316653866487564,5981621264062761216,0.45894086,2118.822902690786,1.0725882597541236,6.137939E-5,19.73171,0.0066947066,0.44630864,0.028088732,0.06360077,0.027869377,0.040426675,0.020307492,0.74354905,0.0034487399,0.018469885,0.0027689987,0.41991508,0.12362174,null,null,null,null,"TWOGAUSSIANS",8,1.5177772,0.74354905,0.0034487399,0.10343136,0.015506392,0.41991583,0.12362136,0.44630864,0.028088732,0.35616434,0.15606852,0.040426675,0.020307492
