Gaia/vari_eclipsing_binary/VariEclipsingBinary_689378-689428.csv
# %ECSV 1.0
# ---
# delimiter: ','
# meta: !!omap
# - RELEASE: Gaia DR3
# - TABLE: vari_eclipsing_binary
# - DESCRIPTION: >
#     This table describes the properties of the eclipsing binaries resulting from the variability analysis. 
# - CITATION: >
#     How to cite and acknowledge Gaia: 
#     https://gea.esac.esa.int/archive/documentation/credits.html 
# - KNOWN_ISSUES: >
#     Known issues: 
#     https://www.cosmos.esa.int/web/gaia-users/known-issues 
# - DOCUMENTATION: >
#     Tutorials and documentation: 
#     https://www.cosmos.esa.int/web/gaia-users/archive 
# datatype:
# - 
#   name: solution_id
#   datatype: int64
#   description: Solution Identifier
#   meta:
#     ucd: meta.version
# - 
#   name: source_id
#   datatype: int64
#   description: Unique source identifier
#   meta:
#     ucd: meta.id;meta.main
# - 
#   name: global_ranking
#   datatype: float32
#   description: Number between 0 (worst) and 1 (best)
#   meta:
#     ucd: stat.param
# - 
#   name: reference_time
#   datatype: float64
#   unit: d
#   description: Reference time used for the geometric model fit
#   meta:
#     ucd: time.epoch
# - 
#   name: frequency
#   datatype: float64
#   unit: d**-1
#   description: Frequency of geometric model of the eclipsing binary light curve
#   meta:
#     ucd: src.orbital
# - 
#   name: frequency_error
#   datatype: float32
#   unit: d**-1
#   description: "Uncertainty of \\texttt{frequency}"
#   meta:
#     ucd: stat.error
# - 
#   name: geom_model_reference_level
#   datatype: float32
#   unit: mag
#   description: Magnitude reference level of geometric model
#   meta:
#     ucd: phot.mag;em.opt
# - 
#   name: geom_model_reference_level_error
#   datatype: float32
#   unit: mag
#   description: "Uncertainty of \\texttt{geomModelReferenceLevel}"
#   meta:
#     ucd: stat.error;phot.mag;em.opt
# - 
#   name: geom_model_gaussian1_phase
#   datatype: float32
#   description: Phase of the Gaussian 1 component
#   meta:
#     ucd: time.phase
# - 
#   name: geom_model_gaussian1_phase_error
#   datatype: float32
#   description: "Uncertainty of \\texttt{geomModelGaussian1Phase}"
#   meta:
#     ucd: stat.error;time.phase
# - 
#   name: geom_model_gaussian1_sigma
#   datatype: float32
#   description: "Standard deviation [phase] of Gaussian 1 component"
#   meta:
#     ucd: stat.stdev
# - 
#   name: geom_model_gaussian1_sigma_error
#   datatype: float32
#   description: "Uncertainty of \\texttt{geomModelGaussian1Sigma}"
#   meta:
#     ucd: stat.error
# - 
#   name: geom_model_gaussian1_depth
#   datatype: float32
#   unit: mag
#   description: Magnitude depth of Gaussian 1 component
#   meta:
#     ucd: src.var.amplitude
# - 
#   name: geom_model_gaussian1_depth_error
#   datatype: float32
#   unit: mag
#   description: "Uncertainty of \\texttt{geomModelGaussian1Depth}"
#   meta:
#     ucd: stat.error;src.var.amplitude
# - 
#   name: geom_model_gaussian2_phase
#   datatype: float32
#   description: Phase of Gaussian 2 component
#   meta:
#     ucd: time.phase
# - 
#   name: geom_model_gaussian2_phase_error
#   datatype: float32
#   description: "Uncertainty of \\texttt{geomModelGaussian2Phase}"
#   meta:
#     ucd: stat.error;time.phase
# - 
#   name: geom_model_gaussian2_sigma
#   datatype: float32
[...]
#   datatype: float32
#   description: "Secondary eclipse: uncertainty of \\texttt{derivedSecondaryEclDuration}"
#   meta:
#     ucd: stat.error;time.duration
# - 
#   name: derived_secondary_ecl_depth
#   datatype: float32
#   unit: mag
#   description: "Secondary eclipse: depth"
#   meta:
#     ucd: src.var.amplitude
# - 
#   name: derived_secondary_ecl_depth_error
#   datatype: float32
#   unit: mag
#   description: "Secondary eclipse: uncertainty of \\texttt{derivedSecondaryEclDepth}"
#   meta:
#     ucd: stat.error;src.var.amplitude
solution_id,source_id,global_ranking,reference_time,frequency,frequency_error,geom_model_reference_level,geom_model_reference_level_error,geom_model_gaussian1_phase,geom_model_gaussian1_phase_error,geom_model_gaussian1_sigma,geom_model_gaussian1_sigma_error,geom_model_gaussian1_depth,geom_model_gaussian1_depth_error,geom_model_gaussian2_phase,geom_model_gaussian2_phase_error,geom_model_gaussian2_sigma,geom_model_gaussian2_sigma_error,geom_model_gaussian2_depth,geom_model_gaussian2_depth_error,geom_model_cosine_half_period_amplitude,geom_model_cosine_half_period_amplitude_error,geom_model_cosine_half_period_phase,geom_model_cosine_half_period_phase_error,model_type,num_model_parameters,reduced_chi2,derived_primary_ecl_phase,derived_primary_ecl_phase_error,derived_primary_ecl_duration,derived_primary_ecl_duration_error,derived_primary_ecl_depth,derived_primary_ecl_depth_error,derived_secondary_ecl_phase,derived_secondary_ecl_phase_error,derived_secondary_ecl_duration,derived_secondary_ecl_duration_error,derived_secondary_ecl_depth,derived_secondary_ecl_depth_error
[from data line 36]
375316653866487564,6063866584928254720,0.52487314,2339.647811602777,2.94394943968159,1.1555593E-5,18.502632,0.008709398,0.29861692,0.004471436,0.032525666,0.008820684,0.056347582,0.011895327,0.6031333,0.07242561,0.06422461,0.056955226,0.056552958,0.028371148,0.13036008,0.008429521,0.29861692,0.004471436,"TWOGAUSSIANS_WITH_ELLIPSOIDAL_ON_ECLIPSE1",9,4.763951,0.29861692,0.0040956005,0.18214372,0.04939583,0.31706655,0.011845214,0.7972733,0.25564605,0.35965782,0.1880558,0.26128617,0.22106878
375316653866487564,6063867173346776320,0.56041664,2276.981330754168,3.2689631947390336,5.7263946E-6,18.834318,0.009530729,0.26948312,0.0032246383,0.07219173,0.0042153616,0.46628565,0.019511964,0.7634094,0.0038097266,0.07167035,0.0039076894,0.4064693,0.013531026,null,null,null,null,"TWOGAUSSIANS",8,2.857615,0.26948312,0.0032246383,0.4,0.0070305215,0.46449602,0.019553415,0.7634094,0.0038097266,0.4,0.007085828,0.40467966,0.013357024
375316653866487564,6063870845536961664,0.47231856,2231.6174667843616,2.9862010044504492,2.8511078E-5,18.297188,0.014676436,0.21801631,0.0060593085,0.0801422,0.010818772,0.15129113,0.0147617515,0.69342965,0.0101754125,0.12169781,0.022812624,0.11917967,0.015140625,null,null,null,null,"TWOGAUSSIANS",8,5.6423836,0.21807632,0.006063736,0.4,0.0,0.14268011,0.010744567,0.69342965,0.0101754125,0.4,0.0,0.110499755,0.014495201
375316653866487564,6063870948616169856,0.5123648,2228.984180154174,2.0524887225237447,1.1822829E-5,19.014463,0.026849259,0.2479294,0.0035205353,0.09643981,0.009833029,0.2631558,0.024823505,0.7511253,0.0051505915,0.10862314,0.016197307,0.24286953,0.020051945,null,null,null,null,"TWOGAUSSIANS",8,1.8535638,0.2479294,0.003520852,0.4,0.0,0.23839054,0.011012723,0.7511253,0.0051505915,0.4,0.0,0.21809278,0.011228792
375316653866487564,6063871464012302720,0.53213555,2245.484294434804,3.5343334873389116,6.221342E-6,18.845325,0.014400083,0.17176004,0.0022022186,0.06671127,0.0058352263,0.3716771,0.017742222,0.674881,0.0027939077,0.078365356,0.00857284,0.30306342,0.013645816,null,null,null,null,"TWOGAUSSIANS",8,3.2204947,0.17176004,0.0022022186,0.3735831,0.032677267,0.37005642,0.018165246,0.674881,0.0027939077,0.4,0.0,0.30144277,0.013587731
375316653866487564,6063872391725253504,0.45234233,2252.336241557257,1.6719109305620015,1.6249849E-5,18.685335,0.0055337544,0.2721798,0.027310332,0.014922786,0.0069956016,0.9560701,3.3800561,0.763802,0.017434424,0.013386217,0.017787376,0.09770593,0.49646413,0.0188013,0.0075166775,0.2721798,0.027310332,"TWOGAUSSIANS_WITH_ELLIPSOIDAL_ON_ECLIPSE1",9,5.08307,0.2721798,0.027310332,0.0835676,0.03917537,0.99367267,3.3755093,0.763852,0.016915988,0.07496281,0.09960931,0.13520496,0.49998993
375316653866487564,6063873529896170112,0.5193374,2235.215373740922,4.850007144167177,1.2646708E-5,18.571318,0.012409851,0.45011914,0.0037293036,0.16986293,0.009203597,0.37307513,0.015558907,0.8910499,0.003938817,0.017930306,0.0077034407,0.27772453,0.8672468,null,null,null,null,"TWOGAUSSIANS",8,5.130624,0.45011914,0.0037293036,0.4,0.0,0.3629802,0.016185075,0.8910499,0.003938817,0.10040971,0.043139268,0.28212878,0.867674
375316653866487564,6063873839149146240,0.47768643,2225.4244689528746,3.116046010914147,1.19752485E-5,18.627146,0.00251196,0.23233987,0.0034721743,0.06345291,0.1068027,0.0030211918,0.5467312,null,null,null,null,null,null,0.07268546,0.0037875418,0.23233987,0.0034721743,"ONEGAUSSIAN_WITH_ELLIPSOIDAL",6,3.3347197,0.23233987,0.0034721743,0.35533625,0.50409406,0.14839073,0.5458615,null,null,null,null,null,null
375316653866487564,6063874904301064192,0.49901292,2260.445170993371,1.634487539820128,1.1530616E-5,16.202677,0.0028275347,0.13046952,0.017669857,0.030644307,0.011639362,0.026126692,0.009579655,0.6546782,0.0034873087,0.032467477,0.020473443,0.016637916,0.014808914,0.059580587,0.0040818434,0.6546782,0.0034873087,"TWOGAUSSIANS_WITH_ELLIPSOIDAL_ON_ECLIPSE2",9,30.48107,0.13663952,0.013561379,0.17160812,0.06518043,0.14323917,0.008751759,0.6546782,0.0034873087,0.18181787,0.114651285,0.13579884,0.014454761
375316653866487564,6063874934345883264,0.45555177,2228.476544567376,0.959215986872805,4.068768E-6,18.309343,0.0026708005,0.08291542,8.41953E-4,0.012967284,8.6307694E-4,0.14757112,0.0071331607,0.56916463,1.6114063E-5,0.002702388,3.5844663E-5,0.19585444,0.002950788,null,null,null,null,"TWOGAUSSIANS",8,4.592063,0.56916463,1.6114063E-5,0.0151333725,2.0073012E-4,0.19585444,0.002950788,0.08291542,8.41953E-4,0.072616786,0.0048332307,0.14757112,0.0071331607
375316653866487564,6063877172044012416,0.6040699,2277.897569378549,3.840786232932237,3.7865211E-6,16.509476,0.0094617065,0.2343014,0.0014428531,0.053271264,0.007058729,0.1345619,0.022559693,0.741314,0.0021309776,0.06770922,0.004307183,0.20869869,0.022761628,0.08568743,0.013970306,0.2343014,0.0014428531,"TWOGAUSSIANS_WITH_ELLIPSOIDAL_ON_ECLIPSE1",9,13.1174555,0.741314,0.0021309776,0.37917167,0.024120227,0.37958595,0.008753131,0.2343014,0.0014428531,0.29831907,0.03952888,0.30578163,0.0116407005
375316653866487564,6063878335960800768,0.46951577,2296.284752441525,3.232973214509912,2.360502E-5,19.194384,0.0036440701,null,null,null,null,null,null,null,null,null,null,null,null,0.08224814,0.0041529816,0.25482982,0.006421084,"ELLIPSOIDAL",4,2.380571,null,null,null,null,null,null,null,null,null,null,null,null
375316653866487564,6063878786940226432,0.41710144,2330.609493268144,2.928135418160493,6.626804E-5,18.47547,0.005808554,0.27518454,0.011063001,0.07462551,0.015214919,0.10014839,0.018797547,0.89560056,0.026920006,0.076467715,0.021830332,0.040348317,0.013962236,null,null,null,null,"TWOGAUSSIANS",8,3.0746431,0.27518454,0.011063001,0.4,0.01718121,0.10012118,0.018824076,0.89560056,0.026924077,0.4,0.03769469,0.040321168,0.013935781
375316653866487564,6063879641629029248,0.48594955,2342.6052266704824,2.6103732075562225,1.2471093E-5,17.770712,0.046817295,0.17897378,0.0075500403,0.12282062,0.030784916,0.15353374,0.04402375,0.6926013,0.0038520456,0.11610574,0.027508011,0.1490779,0.04162662,null,null,null,null,"TWOGAUSSIANS",8,5.5351624,0.17892379,0.0075013274,0.4,0.0,0.12355066,0.009624024,0.69270134,0.0037575942,0.4,0.0,0.11914828,0.0065565477
375316653866487564,6063881050378451328,0.623622,2351.220452951688,2.4800575220710037,4.0994814E-6,16.120731,0.004291814,0.287929,0.0012538681,0.09403317,0.0024499083,0.27925435,0.005124332,0.79027706,0.001424771,0.09119932,0.002375822,0.29039657,0.004885001,null,null,null,null,"TWOGAUSSIANS",8,8.15706,0.79027706,0.001424771,0.4,0.0,0.2760019,0.0046361103,0.287929,0.0012538681,0.4,0.0,0.26485947,0.0048596393
375316653866487564,6063881157760850304,0.58376634,2367.4844734351313,2.3243690932119887,5.686002E-6,17.908508,0.007812148,0.27964053,0.0017295196,0.045523886,0.0069068423,0.13752437,0.027922697,0.78689414,0.0048786644,0.056740936,0.005139241,0.13914146,0.021441163,0.13223219,0.011614647,0.27964053,0.0017295196,"TWOGAUSSIANS_WITH_ELLIPSOIDAL_ON_ECLIPSE1",9,6.4287305,0.78689414,0.0048786644,0.31774923,0.028779749,0.40305197,0.010149299,0.27964053,0.0017295196,0.25493374,0.038678315,0.40198383,0.02585379
375316653866487564,6063881978091245696,0.5262033,2329.32639989006,0.2625909248050463,3.657651E-5,17.542456,0.0033048864,0.38308838,0.010049116,0.013219081,0.011314991,0.24752626,0.19862752,0.8551409,0.0058101853,0.010064142,0.0021654738,0.5091563,0.03973658,null,null,null,null,"TWOGAUSSIANS",8,10.703423,0.8551409,0.0058101853,0.05635919,0.012126653,0.5091563,0.03973658,0.38308838,0.010049116,0.07402685,0.06336395,0.24752626,0.19862752
375316653866487564,6063882291630607744,0.45946914,2332.7777158187005,3.204931292095802,5.420869E-5,19.897346,0.017922826,0.30655575,0.016104808,0.06666932,0.02370557,0.28103405,0.058477584,0.7987065,0.009957502,0.072911926,0.011947362,0.2926552,0.01969555,null,null,null,null,"TWOGAUSSIANS",8,3.2851753,0.7987065,0.009957502,0.4,0.018836705,0.29188946,0.018562999,0.30655575,0.016104808,0.3733482,0.06449519,0.2802683,0.06034108
375316653866487564,6063883764797795072,0.6418659,2353.09522950076,3.5889000678874052,3.4713967E-6,18.148287,0.007799758,0.25720358,9.137636E-4,0.04816076,0.0020946926,0.37026322,0.018464684,0.760385,0.0030126702,0.042174693,0.0041025165,0.32973626,0.034494687,0.1273514,0.010352084,0.25720358,9.137636E-4,"TWOGAUSSIANS_WITH_ELLIPSOIDAL_ON_ECLIPSE1",9,3.2845275,0.25720358,9.137636E-4,0.2697003,0.011730279,0.62496513,0.010387321,0.760385,0.0030126702,0.2361783,0.022974093,0.5843364,0.031644613
375316653866487564,6063883872193072128,0.60155004,2346.1774318105054,1.7583411579869905,5.6309746E-6,14.15698,0.008424919,0.23166066,0.0039663035,0.09105211,0.0059958296,0.26468074,0.0069738654,0.71740496,0.0014784916,0.080721974,0.0028729446,0.3907848,0.009122704,null,null,null,null,"TWOGAUSSIANS",8,96.49787,0.71740496,0.0014784916,0.4,0.0,0.3836318,0.008099364,0.23166066,0.0039663035,0.4,0.0,0.25752753,0.005530304
375316653866487564,6063883906552812416,0.44366762,2339.453622607025,3.252210041842316,1.5808591E-5,19.471804,0.02145024,0.25794077,0.0054769297,0.08022186,0.010051456,0.50563675,0.042772528,0.7472037,0.007236584,0.07418036,0.007834563,0.43975767,0.024153296,null,null,null,null,"TWOGAUSSIANS",8,3.5479414,0.25794077,0.0054769297,0.4,0.0,0.50166094,0.0441824,0.7472037,0.007236584,0.4,0.018891396,0.43578187,0.022391338
375316653866487564,6063885968137920128,0.6108047,2098.852923086255,0.20460230721526174,4.306364E-5,16.454935,6.461918E-4,0.6589672,0.059209608,0.03459677,0.040092792,0.002776116,0.0030639386,0.8111152,6.120459E-4,0.010161701,4.7067663E-4,0.55588335,0.023778416,null,null,null,null,"TWOGAUSSIANS",8,3.4839544,0.8111152,6.120459E-4,0.056905527,0.002635789,0.55588347,0.023778372,0.6589672,0.059209608,0.19374193,0.22451964,0.002776116,0.0030639386
375316653866487564,6063886651019593088,0.49060616,2123.103440576757,1.315800567691521,3.9988986E-6,18.821224,0.003906273,0.20443991,0.0014629588,0.03236085,0.0019828854,0.24588244,0.027616536,0.7068983,0.0010314804,0.029113552,7.820606E-4,0.3822919,0.017337473,null,null,null,null,"TWOGAUSSIANS",8,4.5266376,0.7068983,0.0010314804,0.1630359,0.0043795393,0.3822919,0.017337473,0.20443991,0.0014629588,0.18122077,0.011104158,0.24588244,0.027616536
375316653866487564,6063887686124887424,0.6547587,2106.862959194686,2.4880654946519276,1.8571371E-6,17.003668,0.004681807,0.22015569,5.70795E-4,0.056741506,0.0020353429,0.2351886,0.009974495,0.72348166,0.0013814643,0.057096545,0.002728013,0.1681617,0.010074874,0.08188331,0.005954077,0.22015569,5.70795E-4,"TWOGAUSSIANS_WITH_ELLIPSOIDAL_ON_ECLIPSE1",9,2.9607682,0.22015569,5.70795E-4,0.31775242,0.01139792,0.39893144,0.0037593576,0.72348166,0.0013814643,0.31974065,0.0152768735,0.33183303,0.004838018
375316653866487564,6063890847220833536,0.5234502,2102.877741432988,2.7239494208213526,7.3118736E-6,17.474464,0.021823555,0.2037577,0.0027317894,0.11615429,0.011756072,0.18093288,0.020629976,0.6895179,0.0024693476,0.10956985,0.010798343,0.19713071,0.019695709,null,null,null,null,"TWOGAUSSIANS",8,4.623671,0.6895179,0.0024693476,0.4,0.0,0.16903985,0.0058483044,0.2037777,0.0027324664,0.4,0.0,0.15281704,0.0060932445
375316653866487564,6063891117784771968,0.6192244,2116.60958949153,0.8938998670398327,2.4001986E-6,17.420578,0.008190661,0.2284252,0.001484152,0.057062164,0.0054565105,0.09802632,0.018242808,0.7250691,0.0019612901,0.060232736,0.0049335067,0.1544389,0.016002161,0.07486092,0.009127319,0.2284252,0.001484152,"TWOGAUSSIANS_WITH_ELLIPSOIDAL_ON_ECLIPSE1",9,1.8608367,0.7257991,0.0014149813,0.3373033,0.027627638,0.3040785,0.004652383,0.2284252,0.001484152,0.31954813,0.030556459,0.24771804,0.0042792633
375316653866487564,6063893870877947648,0.5737102,2160.838086782084,1.3382736541195717,5.312136E-6,15.058481,0.0014380679,0.23416057,0.0012861608,0.03435503,0.0026598577,0.09263212,0.009855593,0.7369137,0.0020720519,0.0453349,0.0029524087,0.059769683,0.003488203,0.01830635,0.0018969722,0.23416057,0.0012861608,"TWOGAUSSIANS_WITH_ELLIPSOIDAL_ON_ECLIPSE1",9,9.699426,0.23416057,0.0012861608,0.19238816,0.0148952035,0.12924476,0.010600227,0.7369137,0.0020720519,0.25387543,0.016533488,0.09637136,0.002384314
375316653866487564,6063894214464348416,0.46414354,2160.1215059795613,3.366312107701005,1.7600483E-5,19.346294,0.089366265,0.1583914,0.0072233872,0.09498848,0.027438516,0.26616186,0.08226402,0.6560193,0.010723553,0.117717475,0.04402524,0.26878393,0.07080365,null,null,null,null,"TWOGAUSSIANS",8,4.450787,0.6560193,0.010723553,0.4,0.0,0.23610382,0.030492801,0.1584014,0.0073037054,0.4,0.0,0.23354647,0.016734188
375316653866487564,6063894386274071040,0.45930555,2154.184610095248,0.5492240272466287,7.313057E-6,17.619942,0.0015814197,0.23695144,0.001715057,0.048889495,0.0039268374,0.078891695,0.006497784,0.7084705,0.007118275,0.03061757,0.005490538,0.025237875,0.005644221,null,null,null,null,"TWOGAUSSIANS",8,2.1488726,0.23695144,0.001715057,0.27378118,0.02199029,0.078891695,0.006497784,0.7084705,0.007118275,0.1714584,0.030747015,0.025237875,0.0056442213
375316653866487564,6063894485039363456,0.40848088,2189.102873163076,0.42769045203063105,3.864018E-5,18.396173,0.003145074,null,null,null,null,null,null,null,null,null,null,null,null,0.032295793,0.0045345225,0.2611768,0.010308119,"ELLIPSOIDAL",4,7.886837,null,null,null,null,null,null,null,null,null,null,null,null
375316653866487564,6063894558061924864,0.5169693,2190.898440552177,3.741169840265943,1.8393766E-5,18.63648,0.107009046,0.26751614,0.008733622,0.046505477,0.029763985,0.28524306,0.20465137,0.7550052,0.015343761,0.034786064,0.038430348,0.21011023,0.19739299,0.11753822,0.11802729,0.26751614,0.008733622,"TWOGAUSSIANS_WITH_ELLIPSOIDAL_ON_ECLIPSE1",9,10.255503,0.26751614,0.008733622,0.26043066,0.14892103,0.52031934,0.04273031,0.75621516,0.014105873,0.19480196,0.20988451,0.4438762,0.076230414
375316653866487564,6063897100696171136,0.5554518,2204.3672108073088,2.4797674494726265,6.8887907E-6,19.415834,0.005639757,0.14422172,0.0051498013,0.07477254,0.005064422,0.21849713,0.018226296,0.63810414,0.0014508315,0.058579467,0.0014999814,0.6202834,0.016112408,null,null,null,null,"TWOGAUSSIANS",8,1.5247309,0.63810414,0.0014508315,0.328045,0.008399895,0.61977994,0.016101437,0.14422172,0.0051498013,0.4,0.0,0.21799363,0.018288516
375316653866487564,6063897787888295808,0.50669813,2258.2304249367994,3.972857149964051,8.56479E-6,19.861298,0.017511968,0.18088302,0.0046059224,0.06879978,0.004487844,0.43997937,0.027380994,0.6804872,0.0038270303,0.06949241,0.0053189816,0.4270912,0.016142283,null,null,null,null,"TWOGAUSSIANS",8,1.3836145,0.18088302,0.0046059224,0.38527873,0.025131926,0.4387349,0.027093692,0.6804872,0.0038270303,0.38915747,0.029786298,0.42584673,0.015647545
375316653866487564,6063897925316252544,0.48928565,2227.6790381119617,2.145586153986563,1.1213846E-5,17.132586,0.009521799,0.20827797,0.0034722267,0.0985634,0.011115559,0.094405636,0.008673717,0.7114401,0.005916694,0.10506191,0.014830153,0.093460225,0.008197894,null,null,null,null,"TWOGAUSSIANS",8,4.135893,0.20827797,0.0034707473,0.4,0.0,0.08554432,0.005337774,0.7114401,0.005916694,0.4,0.0,0.08459712,0.004421372
375316653866487564,6063900979031765760,0.4863718,2239.2510675820718,1.5374237155416952,6.740633E-5,19.228298,0.0045621493,0.3294994,0.0013103095,0.019819453,0.0013720684,0.49648452,0.021095904,0.8373662,0.0019389507,0.009597018,0.006829093,0.16520059,1.9381068,0.008785262,0.0070008463,0.8373662,0.0019389507,"TWOGAUSSIANS_WITH_ELLIPSOIDAL_ON_ECLIPSE2",9,2.9294941,0.32950938,0.0013103095,0.11098894,0.0076835835,0.51401216,0.025086427,0.8373662,0.0019389507,0.053743303,0.03824292,0.18277109,1.9382273
