Gaia/vari_eclipsing_binary/VariEclipsingBinary_491177-491201.csv
# %ECSV 1.0
# ---
# delimiter: ','
# meta: !!omap
# - RELEASE: Gaia DR3
# - TABLE: vari_eclipsing_binary
# - DESCRIPTION: >
#     This table describes the properties of the eclipsing binaries resulting from the variability analysis. 
# - CITATION: >
#     How to cite and acknowledge Gaia: 
#     https://gea.esac.esa.int/archive/documentation/credits.html 
# - KNOWN_ISSUES: >
#     Known issues: 
#     https://www.cosmos.esa.int/web/gaia-users/known-issues 
# - DOCUMENTATION: >
#     Tutorials and documentation: 
#     https://www.cosmos.esa.int/web/gaia-users/archive 
# datatype:
# - 
#   name: solution_id
#   datatype: int64
#   description: Solution Identifier
#   meta:
#     ucd: meta.version
# - 
#   name: source_id
#   datatype: int64
#   description: Unique source identifier
#   meta:
#     ucd: meta.id;meta.main
# - 
#   name: global_ranking
#   datatype: float32
#   description: Number between 0 (worst) and 1 (best)
#   meta:
#     ucd: stat.param
# - 
#   name: reference_time
#   datatype: float64
#   unit: d
#   description: Reference time used for the geometric model fit
#   meta:
#     ucd: time.epoch
# - 
#   name: frequency
#   datatype: float64
#   unit: d**-1
#   description: Frequency of geometric model of the eclipsing binary light curve
#   meta:
#     ucd: src.orbital
# - 
#   name: frequency_error
#   datatype: float32
#   unit: d**-1
#   description: "Uncertainty of \\texttt{frequency}"
#   meta:
#     ucd: stat.error
# - 
#   name: geom_model_reference_level
#   datatype: float32
#   unit: mag
#   description: Magnitude reference level of geometric model
#   meta:
#     ucd: phot.mag;em.opt
# - 
#   name: geom_model_reference_level_error
#   datatype: float32
#   unit: mag
#   description: "Uncertainty of \\texttt{geomModelReferenceLevel}"
#   meta:
#     ucd: stat.error;phot.mag;em.opt
# - 
#   name: geom_model_gaussian1_phase
#   datatype: float32
#   description: Phase of the Gaussian 1 component
#   meta:
#     ucd: time.phase
# - 
#   name: geom_model_gaussian1_phase_error
#   datatype: float32
#   description: "Uncertainty of \\texttt{geomModelGaussian1Phase}"
#   meta:
#     ucd: stat.error;time.phase
# - 
#   name: geom_model_gaussian1_sigma
#   datatype: float32
#   description: "Standard deviation [phase] of Gaussian 1 component"
#   meta:
#     ucd: stat.stdev
# - 
#   name: geom_model_gaussian1_sigma_error
#   datatype: float32
#   description: "Uncertainty of \\texttt{geomModelGaussian1Sigma}"
#   meta:
#     ucd: stat.error
# - 
#   name: geom_model_gaussian1_depth
#   datatype: float32
#   unit: mag
#   description: Magnitude depth of Gaussian 1 component
#   meta:
#     ucd: src.var.amplitude
# - 
#   name: geom_model_gaussian1_depth_error
#   datatype: float32
#   unit: mag
#   description: "Uncertainty of \\texttt{geomModelGaussian1Depth}"
#   meta:
#     ucd: stat.error;src.var.amplitude
# - 
#   name: geom_model_gaussian2_phase
#   datatype: float32
#   description: Phase of Gaussian 2 component
#   meta:
#     ucd: time.phase
# - 
#   name: geom_model_gaussian2_phase_error
#   datatype: float32
#   description: "Uncertainty of \\texttt{geomModelGaussian2Phase}"
#   meta:
#     ucd: stat.error;time.phase
# - 
#   name: geom_model_gaussian2_sigma
#   datatype: float32
[...]
#   datatype: float32
#   description: "Secondary eclipse: uncertainty of \\texttt{derivedSecondaryEclDuration}"
#   meta:
#     ucd: stat.error;time.duration
# - 
#   name: derived_secondary_ecl_depth
#   datatype: float32
#   unit: mag
#   description: "Secondary eclipse: depth"
#   meta:
#     ucd: src.var.amplitude
# - 
#   name: derived_secondary_ecl_depth_error
#   datatype: float32
#   unit: mag
#   description: "Secondary eclipse: uncertainty of \\texttt{derivedSecondaryEclDepth}"
#   meta:
#     ucd: stat.error;src.var.amplitude
solution_id,source_id,global_ranking,reference_time,frequency,frequency_error,geom_model_reference_level,geom_model_reference_level_error,geom_model_gaussian1_phase,geom_model_gaussian1_phase_error,geom_model_gaussian1_sigma,geom_model_gaussian1_sigma_error,geom_model_gaussian1_depth,geom_model_gaussian1_depth_error,geom_model_gaussian2_phase,geom_model_gaussian2_phase_error,geom_model_gaussian2_sigma,geom_model_gaussian2_sigma_error,geom_model_gaussian2_depth,geom_model_gaussian2_depth_error,geom_model_cosine_half_period_amplitude,geom_model_cosine_half_period_amplitude_error,geom_model_cosine_half_period_phase,geom_model_cosine_half_period_phase_error,model_type,num_model_parameters,reduced_chi2,derived_primary_ecl_phase,derived_primary_ecl_phase_error,derived_primary_ecl_duration,derived_primary_ecl_duration_error,derived_primary_ecl_depth,derived_primary_ecl_depth_error,derived_secondary_ecl_phase,derived_secondary_ecl_phase_error,derived_secondary_ecl_duration,derived_secondary_ecl_duration_error,derived_secondary_ecl_depth,derived_secondary_ecl_depth_error
[from data line 293]
375316653866487564,4320526341499094400,0.4712319,2113.173927531374,2.744818020719281,1.575147E-5,19.76522,0.012900005,0.27199963,0.009872805,0.04347666,0.072182156,0.09965821,3.9123495,0.8138694,0.003010997,0.014995215,0.00827253,0.24215993,0.07363081,0.10099504,0.021425813,0.27199963,0.009872805,"TWOGAUSSIANS_WITH_ELLIPSOIDAL_ON_ECLIPSE1",9,4.0374055,0.8138694,0.003010997,0.08397321,0.046326164,0.43049005,0.07286513,0.27199963,0.009872805,0.2434693,0.38976365,0.3016483,3.9227934
375316653866487564,4320526921262752256,0.46013433,2116.3975411966217,0.5024335391871643,1.8396328E-5,18.90763,0.0047639287,0.25282195,0.003201655,0.012635223,0.004228102,0.15133841,0.0469058,0.753506,0.0037131927,0.019903628,0.0047714133,0.3235287,0.045691248,null,null,null,null,"TWOGAUSSIANS",8,6.29906,0.753506,0.0037131927,0.11146032,0.026719915,0.3235287,0.045691248,0.25282195,0.003201655,0.07075725,0.023677373,0.15133841,0.0469058
375316653866487564,4320527028641789056,0.43871132,2119.894890847237,1.3754774350461951,2.2903481E-5,18.75244,0.02375334,0.22769095,0.008267595,0.08462671,0.012554574,0.21902761,0.022622852,0.7161493,0.01606062,0.099284865,0.024123287,0.18024752,0.025894322,null,null,null,null,"TWOGAUSSIANS",8,9.239862,0.22769095,0.008267595,0.4,0.0,0.21083441,0.01602174,0.7161493,0.01606062,0.4,0.0,0.17205302,0.022391504
375316653866487564,4320527333591680896,0.43691656,2073.543443574155,2.6945474132509735,2.3610537E-5,19.041662,0.008698037,0.25123882,0.019017195,0.06094131,0.014884184,0.13442498,0.027205702,0.75128376,0.013805673,0.06498392,0.012446988,0.17390572,0.021976316,null,null,null,null,"TWOGAUSSIANS",8,5.0166764,0.75128376,0.013805673,0.36390996,0.054980986,0.17379016,0.021930985,0.25123882,0.019017195,0.3412713,0.08335143,0.13430944,0.027222026
375316653866487564,4320527406598807680,0.5226353,2072.386625971704,2.52031935031815,2.103958E-5,19.81204,0.01803842,0.19723399,0.003916973,0.06897787,0.006660081,0.6734221,0.065835044,0.7029675,0.0042157425,0.06482673,0.005126831,0.632041,0.04054801,null,null,null,null,"TWOGAUSSIANS",8,2.7856278,0.19723399,0.003916973,0.3862761,0.030628383,0.67238975,0.06645263,0.7029675,0.0042157425,0.3630297,0.028710254,0.6310086,0.040575344
375316653866487564,4320527887635651200,0.44869035,2076.678365423738,0.10921129684751688,1.8256183E-5,19.383915,0.0092967525,0.20774402,0.04152254,0.093939796,0.028024213,0.2358631,0.035162292,0.95603544,0.00585619,0.012129609,0.0047542416,0.05016181,0.016618516,null,null,null,null,"TWOGAUSSIANS",8,3.583724,0.20774402,0.04152254,0.4,0.02886527,0.23586278,0.035162497,0.9565854,0.005542024,0.0679258,0.026623752,0.056723684,0.01780565
375316653866487564,4320528196873072000,0.47640404,2130.4475723043283,0.0249850797049716,6.2073777E-6,18.656431,0.007001313,0.33652773,0.017483128,0.07267726,0.017347218,0.4292331,0.8410402,0.82429004,0.0023605179,0.021195095,0.0017413361,0.2839376,0.024308262,null,null,null,null,"TWOGAUSSIANS",8,5.5183043,0.33652773,0.017483128,0.4,0.08602174,0.42923287,0.8410404,0.82429004,0.0023605179,0.11869254,0.009751482,0.2839374,0.02430821
375316653866487564,4320528226933154560,0.5971029,2059.738869255952,0.08447300092048601,1.607417E-5,14.784912,0.001238073,0.6532883,2.1354685E-4,0.010381719,2.4835896E-4,0.40181237,0.006947674,null,null,null,null,null,null,null,null,null,null,"ONEGAUSSIAN",5,4.3006396,0.6532883,2.1354685E-4,0.058137625,0.0013908101,0.40181237,0.0,null,null,null,null,null,null
375316653866487564,4320529051567044480,0.48946542,2109.0175670669455,4.663150273225201,1.1091736E-4,18.93936,0.0037884342,0.12213218,0.0077666207,0.027989209,0.0050753793,0.2665458,0.3981198,0.8243259,0.0066962265,0.018260257,0.0074935225,0.5208134,17.426216,null,null,null,null,"TWOGAUSSIANS",8,2.1719313,0.8243259,0.0066962265,0.10225744,0.041963726,0.5208134,17.426216,0.12213218,0.0077666207,0.15673958,0.028422125,0.2665458,0.3981198
375316653866487564,4320529399463644416,0.5612969,2070.508955814986,2.397655483727493,1.0212005E-5,18.53583,0.009756735,0.2940008,0.0024163746,0.08358304,0.0036475034,0.30826116,0.011835754,0.7930082,0.0026197145,0.08708647,0.0050264797,0.30293846,0.009092418,null,null,null,null,"TWOGAUSSIANS",8,1.6340256,0.2940008,0.0024163746,0.4,0.0,0.30004126,0.010352015,0.7930082,0.0026197145,0.4,0.0,0.29471853,0.0065958435
375316653866487564,4320529674389789184,0.58122116,2080.6972112576545,1.2280632634584576,7.652914E-6,17.709646,0.005161213,0.2652362,0.0016453151,0.069087505,0.0022064643,0.30536857,0.006704764,0.7650558,0.0045725508,0.08248837,0.0060271546,0.1267605,0.008904304,null,null,null,null,"TWOGAUSSIANS",8,2.7787938,0.2652362,0.0016453151,0.38689002,0.0123562,0.3037624,0.0064143213,0.7650558,0.0045725508,0.4,0.0,0.12515433,0.008906093
375316653866487564,4320529708701563392,0.49344093,2056.8629026760364,1.7483666572716807,1.8822113E-5,19.621265,0.0075724516,0.20488833,0.007894613,0.048732802,0.012812402,0.32304606,0.13335976,0.7018155,0.009886044,0.052447464,0.009664979,0.448937,0.033786386,null,null,null,null,"TWOGAUSSIANS",8,3.1195884,0.7018155,0.009886044,0.2937058,0.054123882,0.44893372,0.033788607,0.20488833,0.007894613,0.27290368,0.071749456,0.32304278,0.13337092
375316653866487564,4320529841841088640,0.60869867,2084.788743022261,2.626127831542486,3.5269666E-6,18.446703,0.012760599,0.1845758,0.0016097772,0.054948606,0.0033481724,0.47358847,0.03377393,0.6839079,0.0027098444,0.047971714,0.004873993,0.41750908,0.026629264,0.101710625,0.018144488,0.1845758,0.0016097772,"TWOGAUSSIANS_WITH_ELLIPSOIDAL_ON_ECLIPSE1",9,3.0622213,0.1845758,0.0016097772,0.3077122,0.018749766,0.67699367,0.027548464,0.68395793,0.0025524166,0.2686416,0.02729436,0.620911,0.02589038
375316653866487564,4320530155378703360,0.5389653,2056.1576168773768,0.5085253508381921,3.9279685E-6,19.594744,0.0040251752,0.30984333,0.0049784756,0.0264355,0.0045185206,0.37546465,0.13205588,0.8313823,6.427477E-4,0.024666034,8.4612676E-4,0.497932,0.021111121,null,null,null,null,"TWOGAUSSIANS",8,1.2464192,0.8313823,6.427477E-4,0.13812979,0.00473831,0.497932,0.021111121,0.30984333,0.0049784756,0.1480388,0.025303714,0.37546465,0.13205588
375316653866487564,4320530842573505152,0.47579333,2066.5026329512243,2.5780702163374265,2.775446E-5,19.754923,0.07102355,0.26472428,0.012432859,0.087054685,0.042060062,0.21134633,0.06871874,0.78382814,0.0069332276,0.10029503,0.02847997,0.19487864,0.06916586,null,null,null,null,"TWOGAUSSIANS",8,1.7258581,0.26472428,0.012442594,0.4,0.0,0.20266679,0.025808837,0.78382814,0.0069022966,0.4,0.0,0.18619688,0.02737508
375316653866487564,4320530945652793600,0.5177763,2112.152078821529,1.5586711712646564,4.936131E-5,19.354765,0.004451984,0.5020649,1.3522225E-4,0.025431693,8.303246E-4,4.038452,0.5817152,0.77951473,0.010404179,0.040129133,0.011389646,0.03134668,0.0059404285,null,null,null,null,"TWOGAUSSIANS",8,1.3939893,0.5020649,1.3522225E-4,0.14241748,0.004649818,4.038452,0.5817152,0.77951473,0.010404179,0.22472315,0.063782014,0.03134668,0.0059404285
375316653866487564,4320531220530929152,0.49877226,2110.6001424084657,2.0896671894800405,2.0339732E-5,19.39512,0.00922423,0.1609778,0.0034340352,0.041467004,0.0026818907,0.31288466,0.03009544,0.6679357,0.0107371155,0.057946216,0.008651048,0.32339025,0.052594475,null,null,null,null,"TWOGAUSSIANS",8,3.8876173,0.6679357,0.0107371155,0.32449883,0.04844587,0.32338884,0.052595407,0.1609778,0.0034340352,0.23221523,0.015018588,0.31288326,0.030095115
375316653866487564,4320531907725809280,0.53557867,2101.1338800439466,3.0017266401417557,1.4329329E-5,18.978603,0.0073189326,0.25767866,0.03009014,0.02780869,0.016135922,1.2143661,446.6876,0.6313832,0.0049399678,0.07489046,0.0039964407,0.4700907,0.014523982,null,null,null,null,"TWOGAUSSIANS",8,4.890041,0.25767866,0.03009992,0.15572867,0.09036116,1.214368,446.6876,0.6313832,0.0049399678,0.4,0.0,0.4700907,0.014523991
375316653866487564,4320531907779264256,0.4734522,2084.7621441638616,4.2079055961513605,3.3508142E-5,19.593386,0.00380871,0.32473117,9.795042E-4,0.013994924,0.0100190565,1.061403,3.8164951E16,0.6760408,0.008226412,0.029111587,0.007968559,0.1498739,0.05383076,null,null,null,null,"TWOGAUSSIANS",8,1.1849016,0.32473117,9.795042E-4,0.07837157,0.056106716,1.061403,3.8164951E16,0.6760408,0.008226412,0.16302489,0.044623926,0.1498739,0.05383076
375316653866487564,4320532521903367808,0.61416006,2100.306872563218,0.344674506659522,1.3427443E-5,18.897814,0.008243232,0.22474574,0.017547468,0.071024224,0.010036076,0.035569597,0.011851511,0.4645369,0.0013518387,0.0453219,0.0013353019,1.0133014,0.0187555,null,null,null,null,"TWOGAUSSIANS",8,2.5678384,0.4645369,0.0013518387,0.25380266,0.007477691,1.0134205,0.018776707,0.22475573,0.017584741,0.39773566,0.044813264,0.035570443,0.01185173
375316653866487564,4320532629327501312,0.60361445,2138.66119956873,2.940139455693396,4.4370327E-6,11.335506,0.013635144,0.26719505,0.0027575155,0.10696752,0.006230289,0.36513886,0.011858536,0.7613786,0.0016882961,0.10134069,0.0048098224,0.39538178,0.012219558,null,null,null,null,"TWOGAUSSIANS",8,190.2595,0.7613786,0.0016882961,0.4,0.0,0.35562134,0.009842562,0.26719505,0.0027575155,0.4,0.0,0.3253691,0.008550703
375316653866487564,4320532865500877312,0.59968674,2113.9138315805353,2.772995456856134,6.035776E-6,18.224073,0.013002946,0.27224663,0.0019405546,0.048045386,0.006622687,0.22072995,0.029682733,0.7796267,0.0021466159,0.055255204,0.004578501,0.3258892,0.028600987,0.115001366,0.016504822,0.27224663,0.0019405546,"TWOGAUSSIANS_WITH_ELLIPSOIDAL_ON_ECLIPSE1",9,6.2286253,0.7796267,0.0021466159,0.30942914,0.025639605,0.5553903,0.021864202,0.27224663,0.0019405546,0.26905417,0.037087046,0.45072523,0.015976824
375316653866487564,4320532938565212928,0.5550907,2125.5725960975115,0.14156103681857557,1.605942E-5,16.432425,0.0021355452,0.3167639,0.003092239,0.020616107,0.0032597543,0.9447927,1.0373645,0.81685805,0.002283266,0.016163513,0.008434271,0.060073897,0.03669479,0.027452035,0.0039671194,0.3167639,0.003092239,"TWOGAUSSIANS_WITH_ELLIPSOIDAL_ON_ECLIPSE1",9,15.702638,0.3167639,0.003092239,0.115450196,0.018254623,0.9996967,1.0408572,0.81685805,0.0022744506,0.09051567,0.04723192,0.11497786,0.037386447
375316653866487564,4320533552695854976,0.53017735,2063.94354950545,0.12253179193955725,1.471657E-5,19.013435,0.003335665,0.27432618,0.09214015,0.0072757513,0.020714693,0.5699536,2059.7346,0.8888011,6.43115E-6,0.0029131968,2.6208258E-4,0.14727528,0.022331312,null,null,null,null,"TWOGAUSSIANS",8,2.1642103,0.27432618,0.09214015,0.040744208,0.116002284,0.5699536,2059.7346,0.8888011,6.43115E-6,0.016313901,0.0014676624,0.14727528,0.022331312
375316653866487564,4320533591352975232,0.5381568,2099.8145300613946,3.676942061104012,1.596648E-5,19.480833,0.013870958,0.24300116,0.007897438,0.07041441,0.00807623,0.48400402,0.032585792,0.7506377,0.0040788846,0.07898059,0.005755661,0.40454844,0.0158193,null,null,null,null,"TWOGAUSSIANS",8,1.8810211,0.24300116,0.007897438,0.3943207,0.024612082,0.48127258,0.032315068,0.7506377,0.0040788846,0.4,0.0,0.401817,0.015066124
375316653866487564,4320534519066339584,0.5026879,2092.4639901645196,2.2461893857087354,1.3086274E-5,19.512508,0.018330805,0.22961988,0.004496317,0.08599596,0.006531024,0.33618936,0.022239417,0.74016887,0.005358338,0.099796176,0.008560188,0.3389132,0.021353375,null,null,null,null,"TWOGAUSSIANS",8,2.5505204,0.74016887,0.005358338,0.4,0.0,0.32348198,0.018491736,0.22961988,0.004496317,0.4,0.0,0.32076082,0.019072803
375316653866487564,4320535618579371392,0.5587433,2104.264162399362,0.5982963736879641,1.3305817E-5,15.849679,0.0022149116,0.33309686,0.006906722,0.034772817,0.015096357,0.03645832,0.05833248,0.80305105,0.0032721313,0.0418674,0.0033010046,0.15677989,0.014283814,0.017546546,0.0027704595,0.33309686,0.006906722,"TWOGAUSSIANS_WITH_ELLIPSOIDAL_ON_ECLIPSE1",9,10.984714,0.80393106,0.003172126,0.23445746,0.018485626,0.19067298,0.014997452,0.33309686,0.006906722,0.19472778,0.0845396,0.07155141,0.05733479
375316653866487564,4320535721704322944,0.52219343,2090.24074612906,3.088908855909853,1.3097938E-5,18.407097,0.14100918,0.27917054,0.0056232316,0.055623397,0.028152546,0.21614814,0.2910488,0.7924643,0.023123974,0.03908263,0.046637587,0.29512787,0.51953524,0.14650066,0.14698792,0.27917054,0.0056232316,"TWOGAUSSIANS_WITH_ELLIPSOIDAL_ON_ECLIPSE1",9,10.045174,0.7924643,0.023123974,0.21886274,0.22226591,0.58608073,0.5500106,0.27917054,0.0056232316,0.311491,0.10901508,0.50914043,0.07280107
375316653866487564,4320535756064030208,0.62369925,2104.4365163430066,0.42866752637161337,1.7389817E-5,17.128176,0.0062335595,0.22672372,0.0018558457,0.034012333,0.0033813368,0.12500833,0.014145052,0.7179853,0.0014344223,0.0328142,0.0018607962,1.2940562,0.13232039,0.02024324,0.0071040737,0.22672372,0.0018558457,"TWOGAUSSIANS_WITH_ELLIPSOIDAL_ON_ECLIPSE1",9,16.680609,0.7180053,0.0014337605,0.18375953,0.010420459,1.334421,0.13667068,0.22672372,0.0018558457,0.19046906,0.018935487,0.16549471,0.008329867
375316653866487564,4320535859097640704,0.5288624,2083.0972713567376,0.962451147263342,7.2553657E-6,19.138243,0.004551686,0.34642866,0.0021451926,0.038605236,0.0024061115,0.31653643,0.02094949,0.8427874,0.0016782453,0.033996914,0.0028418931,0.3589652,0.05228,null,null,null,null,"TWOGAUSSIANS",8,1.6534562,0.8427874,0.0016782453,0.19038272,0.015914602,0.3589652,0.05228,0.34642866,0.0021451926,0.21618931,0.013474224,0.31653643,0.02094949
375316653866487564,4320536065255875840,0.4488086,2063.743628868276,2.4791171429531715,3.7304195E-5,19.898975,0.0111572435,0.26356006,0.01872833,0.07820059,0.019091737,0.25156233,0.037119932,0.7644267,0.0063830176,0.06648896,0.011927752,0.21179697,0.021344522,null,null,null,null,"TWOGAUSSIANS",8,1.9540275,0.26356006,0.01872833,0.4,0.020618143,0.25040403,0.037588384,0.7644267,0.0063830176,0.37233818,0.06679541,0.21063867,0.022185855
375316653866487564,4320536335826750720,0.49503794,2075.4341951760975,0.9791615386639941,1.376024E-5,18.911781,0.022700008,0.2731644,0.0072938753,0.060690217,0.009024297,0.31771082,0.03142275,0.75456053,0.006248333,0.07688299,0.015162739,0.112405695,0.021317752,null,null,null,null,"TWOGAUSSIANS",8,2.594305,0.2731644,0.0072938753,0.3398652,0.050536063,0.3174253,0.030748684,0.75456053,0.006248333,0.4,0.0,0.11212018,0.019759966
375316653866487564,4320536546292630784,0.53371286,2106.873253779225,2.7788475229677143,1.2374406E-5,19.762367,0.018382616,0.29440868,0.0032490054,0.05855148,0.003653362,0.50795007,0.020107795,0.8024446,0.0031226424,0.06024548,0.0062830904,0.43835238,0.05435899,null,null,null,null,"TWOGAUSSIANS",8,1.9323691,0.29440868,0.0032490054,0.32788828,0.020458827,0.50784934,0.020001387,0.8024446,0.0031226424,0.3373747,0.035185307,0.43825164,0.054419886
375316653866487564,4320536748143476608,0.4985809,2089.3951539494205,0.4697736482199978,6.107829E-5,18.329788,0.0034722697,0.28565857,0.0015923252,0.02088647,0.0019432715,0.21796007,0.025770389,0.8009799,0.014194771,0.047039315,0.016172986,0.049426634,0.0081582675,null,null,null,null,"TWOGAUSSIANS",8,2.210961,0.28565857,0.0015923252,0.11696423,0.010882321,0.21796007,0.025770389,0.8009799,0.014194771,0.26342016,0.09056873,0.049426634,0.0081582675
375316653866487564,4320537336566931072,0.56968564,2085.680983299069,0.42189402511305546,1.90928E-6,18.986275,0.008703819,0.11623426,0.0018465329,0.027615743,8.8650134E-4,1.2867048,0.076664634,0.60948527,0.010766907,0.029325882,0.024995109,0.15805313,80.481285,null,null,null,null,"TWOGAUSSIANS",8,5.9730887,0.11623426,0.0018465329,0.15464815,0.0049644075,1.2867048,0.076664634,0.60948527,0.010766907,0.16422494,0.13997261,0.15805313,80.481285
