Gaia/vari_eclipsing_binary/VariEclipsingBinary_386056-386353.csv
# %ECSV 1.0
# ---
# delimiter: ','
# meta: !!omap
# - RELEASE: Gaia DR3
# - TABLE: vari_eclipsing_binary
# - DESCRIPTION: >
#     This table describes the properties of the eclipsing binaries resulting from the variability analysis. 
# - CITATION: >
#     How to cite and acknowledge Gaia: 
#     https://gea.esac.esa.int/archive/documentation/credits.html 
# - KNOWN_ISSUES: >
#     Known issues: 
#     https://www.cosmos.esa.int/web/gaia-users/known-issues 
# - DOCUMENTATION: >
#     Tutorials and documentation: 
#     https://www.cosmos.esa.int/web/gaia-users/archive 
# datatype:
# - 
#   name: solution_id
#   datatype: int64
#   description: Solution Identifier
#   meta:
#     ucd: meta.version
# - 
#   name: source_id
#   datatype: int64
#   description: Unique source identifier
#   meta:
#     ucd: meta.id;meta.main
# - 
#   name: global_ranking
#   datatype: float32
#   description: Number between 0 (worst) and 1 (best)
#   meta:
#     ucd: stat.param
# - 
#   name: reference_time
#   datatype: float64
#   unit: d
#   description: Reference time used for the geometric model fit
#   meta:
#     ucd: time.epoch
# - 
#   name: frequency
#   datatype: float64
#   unit: d**-1
#   description: Frequency of geometric model of the eclipsing binary light curve
#   meta:
#     ucd: src.orbital
# - 
#   name: frequency_error
#   datatype: float32
#   unit: d**-1
#   description: "Uncertainty of \\texttt{frequency}"
#   meta:
#     ucd: stat.error
# - 
#   name: geom_model_reference_level
#   datatype: float32
#   unit: mag
#   description: Magnitude reference level of geometric model
#   meta:
#     ucd: phot.mag;em.opt
# - 
#   name: geom_model_reference_level_error
#   datatype: float32
#   unit: mag
#   description: "Uncertainty of \\texttt{geomModelReferenceLevel}"
#   meta:
#     ucd: stat.error;phot.mag;em.opt
# - 
#   name: geom_model_gaussian1_phase
#   datatype: float32
#   description: Phase of the Gaussian 1 component
#   meta:
#     ucd: time.phase
# - 
#   name: geom_model_gaussian1_phase_error
#   datatype: float32
#   description: "Uncertainty of \\texttt{geomModelGaussian1Phase}"
#   meta:
#     ucd: stat.error;time.phase
# - 
#   name: geom_model_gaussian1_sigma
#   datatype: float32
#   description: "Standard deviation [phase] of Gaussian 1 component"
#   meta:
#     ucd: stat.stdev
# - 
#   name: geom_model_gaussian1_sigma_error
#   datatype: float32
#   description: "Uncertainty of \\texttt{geomModelGaussian1Sigma}"
#   meta:
#     ucd: stat.error
# - 
#   name: geom_model_gaussian1_depth
#   datatype: float32
#   unit: mag
#   description: Magnitude depth of Gaussian 1 component
#   meta:
#     ucd: src.var.amplitude
# - 
#   name: geom_model_gaussian1_depth_error
#   datatype: float32
#   unit: mag
#   description: "Uncertainty of \\texttt{geomModelGaussian1Depth}"
#   meta:
#     ucd: stat.error;src.var.amplitude
# - 
#   name: geom_model_gaussian2_phase
#   datatype: float32
#   description: Phase of Gaussian 2 component
#   meta:
#     ucd: time.phase
# - 
#   name: geom_model_gaussian2_phase_error
#   datatype: float32
#   description: "Uncertainty of \\texttt{geomModelGaussian2Phase}"
#   meta:
#     ucd: stat.error;time.phase
# - 
#   name: geom_model_gaussian2_sigma
#   datatype: float32
[...]
#   datatype: float32
#   description: "Secondary eclipse: uncertainty of \\texttt{derivedSecondaryEclDuration}"
#   meta:
#     ucd: stat.error;time.duration
# - 
#   name: derived_secondary_ecl_depth
#   datatype: float32
#   unit: mag
#   description: "Secondary eclipse: depth"
#   meta:
#     ucd: src.var.amplitude
# - 
#   name: derived_secondary_ecl_depth_error
#   datatype: float32
#   unit: mag
#   description: "Secondary eclipse: uncertainty of \\texttt{derivedSecondaryEclDepth}"
#   meta:
#     ucd: stat.error;src.var.amplitude
solution_id,source_id,global_ranking,reference_time,frequency,frequency_error,geom_model_reference_level,geom_model_reference_level_error,geom_model_gaussian1_phase,geom_model_gaussian1_phase_error,geom_model_gaussian1_sigma,geom_model_gaussian1_sigma_error,geom_model_gaussian1_depth,geom_model_gaussian1_depth_error,geom_model_gaussian2_phase,geom_model_gaussian2_phase_error,geom_model_gaussian2_sigma,geom_model_gaussian2_sigma_error,geom_model_gaussian2_depth,geom_model_gaussian2_depth_error,geom_model_cosine_half_period_amplitude,geom_model_cosine_half_period_amplitude_error,geom_model_cosine_half_period_phase,geom_model_cosine_half_period_phase_error,model_type,num_model_parameters,reduced_chi2,derived_primary_ecl_phase,derived_primary_ecl_phase_error,derived_primary_ecl_duration,derived_primary_ecl_duration_error,derived_primary_ecl_depth,derived_primary_ecl_depth_error,derived_secondary_ecl_phase,derived_secondary_ecl_phase_error,derived_secondary_ecl_duration,derived_secondary_ecl_duration_error,derived_secondary_ecl_depth,derived_secondary_ecl_depth_error
[from data line 106]
375316653866487564,3396134274215592960,0.5473305,2399.8651490520365,0.6561886076465403,1.231096E-5,14.637068,3.52242E-4,0.2846518,1.5226309E-4,0.0063466164,6.5585517E-4,0.07769974,0.0023103247,0.80695915,0.0037690164,0.0065688817,0.0070679663,0.016110402,2.60943641E14,0.0037407284,4.6006864E-4,0.80695915,0.0037690164,"TWOGAUSSIANS_WITH_ELLIPSOIDAL_ON_ECLIPSE2",9,4.4165664,0.2846618,1.5226309E-4,0.03554105,0.003672789,0.08503521,0.0023002364,0.80695915,0.0037690164,0.036785737,0.03958061,0.023591856,2.60943641E14
375316653866487564,3396138874125042688,0.5341162,2408.562158285216,0.07625477500292294,1.4221134E-4,17.246801,0.0049899165,0.49984303,0.056667086,0.013098903,0.02586215,0.5768564,13.38849,0.86394227,0.010707254,0.034234654,0.015570001,0.06593695,0.32909992,null,null,null,null,"TWOGAUSSIANS",8,7.244778,0.49984303,0.056667086,0.07335386,0.14482804,0.5768564,13.38849,0.86394227,0.010707254,0.19171405,0.08719201,0.06593695,0.32909992
375316653866487564,3396150453357451904,0.5963139,2370.84533938262,2.667937557023653,3.625516E-5,18.10869,0.0068174154,0.22193378,0.0073477174,0.039962623,0.008192331,0.11985525,0.14755137,0.6989849,0.010296667,0.009180998,0.0046509397,0.9220547,1.4674582,0.05633709,0.009640802,0.22193378,0.0073477174,"TWOGAUSSIANS_WITH_ELLIPSOIDAL_ON_ECLIPSE1",9,7.52356,0.6990049,0.01031311,0.051413592,0.026045261,1.0324043,1.46694,0.22193378,0.0073477174,0.22379068,0.04587705,0.23252942,0.14510076
375316653866487564,3396151965185532288,0.5167609,2396.942203793992,0.058608111573966434,1.5996593E-5,17.648247,0.005631022,0.19041288,0.004673986,0.09600547,0.00648472,0.16689299,0.012756257,0.7077261,0.011646509,0.04873554,0.007713258,0.31931913,0.115788534,null,null,null,null,"TWOGAUSSIANS",8,6.292684,0.7077261,0.011646509,0.27291903,0.04319424,0.31866813,0.11619331,0.19041288,0.004673986,0.4,0.0,0.16624136,0.012702203
375316653866487564,3396152102624483712,0.5162196,2353.54210100905,3.4098345271284103,1.5704642E-5,17.393398,0.034754034,0.29468548,0.016742673,0.0851421,0.027647475,0.27320692,0.036878303,0.77776206,0.0053607714,0.08860035,0.011140699,0.32331017,0.034994267,null,null,null,null,"TWOGAUSSIANS",8,33.88575,0.77776206,0.0053607714,0.4,0.0,0.3161903,0.022555115,0.29468548,0.016751032,0.4,0.0,0.26608714,0.03323828
375316653866487564,3396159352527627776,0.48872828,2440.482318955078,4.010468689163964,2.0801239E-5,18.365252,0.02166347,0.23592205,0.0038772365,0.12541832,0.014171505,0.14869168,0.020936392,0.706951,0.0073798695,0.10744151,0.014327067,0.15196379,0.021202987,null,null,null,null,"TWOGAUSSIANS",8,1.8315818,0.706951,0.0073798695,0.4,0.0,0.12944311,0.008917602,0.23596205,0.0038243658,0.4,0.0,0.12603298,0.0065119965
375316653866487564,3396160452039282688,0.5887779,2417.450460287809,1.6907042968669528,6.7586393E-6,17.104843,0.006124604,0.23283339,0.0027193783,0.102853574,0.0050006765,0.20534569,0.0065457267,0.7171453,0.0025239065,0.09146012,0.0037058056,0.22716556,0.0069373148,null,null,null,null,"TWOGAUSSIANS",8,3.891501,0.7171453,0.0025239065,0.4,0.0,0.214475,0.0043181353,0.23283339,0.0027193783,0.4,0.0,0.1926515,0.0075581106
375316653866487564,3396161929508059776,0.6643591,2412.9970304742524,0.3660958994035309,2.6158732E-6,17.782839,0.004302174,0.14017463,0.018550929,0.015940195,0.006777312,2.2402658,2.8331788,0.63704115,0.0042581935,0.015857771,0.0014523191,2.329006,0.56824595,null,null,null,null,"TWOGAUSSIANS",8,8.959951,0.63704115,0.0042581935,0.088803515,0.008132987,2.329006,0.56824595,0.14017463,0.018550929,0.089265086,0.03795295,2.2402658,2.8331788
375316653866487564,3396167873742877824,0.521769,2369.3923420554233,0.2690873334394598,3.4284265E-5,19.19628,0.004295065,0.16754946,0.010138461,0.02504842,0.012440486,0.043331217,0.010908674,0.5627031,0.002003501,0.010030295,0.0012839874,0.3918722,0.03257605,null,null,null,null,"TWOGAUSSIANS",8,1.5540268,0.5627031,0.002003501,0.05616965,0.0071903295,0.3918722,0.03257605,0.16754946,0.010138461,0.14027116,0.06966672,0.043331217,0.010908674
375316653866487564,3396168084198776960,0.608406,2393.508882995265,1.5939048954397628,1.4842434E-5,13.495366,0.023816679,0.2564603,0.0032408356,0.10120647,0.006739171,0.38677406,0.023340844,0.7449529,0.0055708694,0.10619846,0.008572926,0.4196499,0.022582825,null,null,null,null,"TWOGAUSSIANS",8,266.8514,0.7449529,0.0055708694,0.4,0.0,0.38112855,0.015327821,0.25647032,0.0032427667,0.4,0.0,0.34826273,0.013627292
375316653866487564,3396168324716972544,0.51930726,2434.727954918638,0.6046302081663586,2.0130727E-5,16.358126,0.003688534,0.23710687,0.0043386067,0.098527364,0.011408107,0.037881084,0.0034570575,0.7355178,0.017153576,0.09319242,0.019689737,0.038911697,0.00571081,null,null,null,null,"TWOGAUSSIANS",8,0.9107311,0.7355178,0.017153576,0.4,0.0,0.036408346,0.0059354384,0.23710687,0.0043386067,0.4,0.0,0.035377584,0.0018462981
375316653866487564,3396169832248048512,0.56090856,2352.9093323622355,3.0660027609670344,9.7027305E-6,18.888865,0.0067319693,0.31609845,0.0018387266,0.08605199,0.0038956602,0.36378622,0.013732461,0.82022595,0.0040990156,0.08736171,0.0045931283,0.32723898,0.016766818,null,null,null,null,"TWOGAUSSIANS",8,1.5913137,0.31609845,0.0018387266,0.4,0.0,0.353706,0.0149545465,0.82022595,0.0040990156,0.4,0.0,0.31715876,0.018110195
375316653866487564,3396170897399977984,0.5306902,2404.144129604711,2.94113576540861,1.809546E-5,17.554676,0.0061593284,0.2969615,0.006481367,0.082239896,0.0085208025,0.10259878,0.0057558054,0.77729124,0.009900541,0.08186365,0.01783456,0.10263223,0.006467056,null,null,null,null,"TWOGAUSSIANS",8,2.4484177,0.77729124,0.009900541,0.4,0.0,0.101268545,0.0071109897,0.2969615,0.006481367,0.4,0.0,0.10123509,0.0035941997
375316653866487564,3396171382731301504,0.4343582,2428.798430883773,1.6901483757009514,2.9493393E-5,19.045391,0.0081251385,0.34044978,0.020030111,0.057233885,0.016149374,0.3103398,0.09331255,0.6065587,0.008231098,0.03898113,0.009386647,0.08218197,0.029703122,null,null,null,null,"TWOGAUSSIANS",8,3.837495,0.34044978,0.020030111,0.32050976,0.09043649,0.3103398,0.09331255,0.6065587,0.008231098,0.21829432,0.05256522,0.08218824,0.029706944
375316653866487564,3396171893833777920,0.55637836,2346.849986410588,3.6534678681724184,5.9660556E-6,18.400505,0.013413082,0.20428331,0.005944383,0.07202444,0.009479576,0.3980208,0.06697414,0.71495974,0.002408197,0.07550943,0.0040113702,0.53459287,0.02363009,null,null,null,null,"TWOGAUSSIANS",8,7.4824095,0.71495974,0.002408197,0.4,0.0,0.5322788,0.023589639,0.20428331,0.005944383,0.4,0.0049851374,0.3957067,0.068623774
375316653866487564,3396175226728495872,0.525979,2356.4979156974086,3.525355972953075,8.719843E-6,17.121716,0.003155818,0.44020993,0.042953573,0.014909808,0.014241171,0.22287379,0.80713683,0.8953647,0.0058685625,0.01868781,0.00330314,0.20206082,0.048854016,null,null,null,null,"TWOGAUSSIANS",8,13.984046,0.44020993,0.042953573,0.083494924,0.07975056,0.22287379,0.80713683,0.8953647,0.0058685625,0.10465174,0.018497584,0.20206082,0.048854016
375316653866487564,3396178044225508864,0.59432703,2341.243218880657,0.9332747245704194,1.2087955E-5,15.575037,0.0027273656,0.2926705,0.0034766134,0.040649742,0.012496803,0.15542196,0.058589812,0.79363143,0.006235004,0.032385122,0.004966482,0.046367068,0.010822821,0.045319892,0.0033999034,0.2926705,0.0034766134,"TWOGAUSSIANS_WITH_ELLIPSOIDAL_ON_ECLIPSE1",9,10.416254,0.2926705,0.0034766134,0.22763856,0.0699821,0.24606168,0.059641995,0.79363143,0.006131603,0.18135667,0.027812298,0.13700348,0.008030643
375316653866487564,3396178868860808064,0.5278722,2395.2117379906417,0.040000622812047484,3.176339E-5,19.157478,0.0070907427,0.4526779,0.0053866943,0.12227718,0.007308414,0.2596759,0.020660048,0.8731657,0.0013770318,0.004372424,0.0012071336,0.05161156,0.03366188,null,null,null,null,"TWOGAUSSIANS",8,1.7051381,0.4526779,0.0053866943,0.4,0.0,0.25955436,0.02070654,0.8731657,0.0013770318,0.024485575,0.006759948,0.052195866,0.03370016
375316653866487564,3396179075019251968,0.58471084,2339.4999727926042,3.4789644748646875,9.282703E-6,16.775757,0.011767453,0.26519006,0.0024883118,0.09226169,0.0049433424,0.3829845,0.012109739,0.76724255,0.005152871,0.09921714,0.0076796445,0.3685995,0.013526094,null,null,null,null,"TWOGAUSSIANS",8,15.176969,0.26519006,0.0024883118,0.4,0.0,0.35886753,0.010327786,0.76724255,0.005152871,0.4,0.0,0.34448057,0.01456442
375316653866487564,3396180243248883328,0.640391,2402.9113937406946,3.404160192550952,3.4772338E-6,17.773268,0.010336996,0.22760044,0.0011403665,0.04971277,0.0030981938,0.327003,0.023034168,0.7222806,0.0027918005,0.0588394,0.011671361,0.2766037,0.15372586,0.11707147,0.013376044,0.22760044,0.0011403665,"TWOGAUSSIANS_WITH_ELLIPSOIDAL_ON_ECLIPSE1",9,3.3772984,0.22760044,0.0011403665,0.2783915,0.017349886,0.5611216,0.011827044,0.7232806,0.0019948017,0.32950065,0.065359615,0.5105099,0.15173158
375316653866487564,3396181823798310784,0.48446867,2349.0950707063403,3.8869121067450108,1.0868125E-5,18.36595,0.02395084,0.24342819,0.008716064,0.119573,0.018782848,0.13296087,0.023733955,0.7648805,0.003463459,0.11052504,0.018736353,0.1166164,0.021366838,null,null,null,null,"TWOGAUSSIANS",8,2.3745239,0.24339819,0.008701401,0.4,0.0,0.11383779,0.008955733,0.76500046,0.0033414431,0.4,0.0,0.097535856,0.009085981
375316653866487564,3396184301995406080,0.4502416,2398.000890226639,0.06932849801296972,2.2813889E-5,16.556833,0.002151099,0.1119954,0.010348802,0.041604377,0.0071675368,0.07675265,0.006459518,0.5968766,0.009569662,0.054733764,0.010704934,0.062098444,0.01844662,null,null,null,null,"TWOGAUSSIANS",8,4.8184214,0.1119954,0.010348802,0.23298451,0.040138204,0.076752566,0.0064594992,0.5968766,0.009569662,0.30650908,0.05994763,0.06209836,0.018446714
375316653866487564,3396187050774150272,0.5040375,2350.3502583457916,2.7072190991558585,2.6054828E-5,16.19675,0.0017834966,0.27613518,0.0070040114,0.067897655,0.01182188,0.060596317,0.0043776906,0.779627,0.0050125574,0.051482074,0.0072044623,0.06681142,0.00789992,null,null,null,null,"TWOGAUSSIANS",8,5.0350842,0.779627,0.0050125574,0.28829962,0.040344987,0.06679426,0.007918552,0.27613518,0.0070040114,0.38022688,0.06470114,0.06057915,0.00439216
375316653866487564,3396190448091101824,0.52291733,2387.617646495854,3.593699110516238,1.5046175E-5,18.748362,0.01714026,0.2263061,0.0033829315,0.088097304,0.00862257,0.21850058,0.018321402,0.73742694,0.008357828,0.087198064,0.01163452,0.23178686,0.026378755,null,null,null,null,"TWOGAUSSIANS",8,2.7715955,0.73742694,0.008357828,0.4,0.0,0.22537301,0.025153808,0.2263061,0.0033829315,0.4,0.0,0.21208674,0.015494622
375316653866487564,3396193372966073856,0.6351872,2340.2631947189357,0.40304120467626187,5.0425383E-6,15.192131,0.0032386635,0.79386073,0.0010873612,0.025026731,0.0015250434,1.0278056,0.085766,null,null,null,null,null,null,0.027322972,0.0053242003,0.79386073,0.0010873612,"ONEGAUSSIAN_WITH_ELLIPSOIDAL",6,52.98427,0.79386073,0.0010873612,0.1401497,0.008540243,1.0824515,0.08900224,null,null,null,null,null,null
375316653866487564,3396194506835103616,0.56589264,2327.7669369523232,2.64273377916807,1.7803086E-5,16.152586,0.111459374,0.2977583,0.004160245,0.06629916,0.026474334,0.21373552,0.21037495,0.7978094,0.014849755,0.060520884,0.028378488,0.21914269,0.21173444,0.09885376,0.10412023,0.2977583,0.004160245,"TWOGAUSSIANS_WITH_ELLIPSOIDAL_ON_ECLIPSE1",9,53.043503,0.7978094,0.0143951485,0.33891696,0.11876936,0.41663298,0.025818067,0.2977583,0.004160245,0.3712753,0.08161495,0.41122583,0.029451657
375316653866487564,3396200412415542912,0.48178408,2363.867151966607,0.6439667402244256,2.7277609E-5,17.07685,0.003099316,0.14779474,0.009539508,0.0077899923,0.010420535,0.34840113,0.4970609,0.65213895,0.0065616188,0.02214437,0.002810249,0.10848218,0.029574377,null,null,null,null,"TWOGAUSSIANS",8,12.4983425,0.14779474,0.009539508,0.043623958,0.058354996,0.34840113,0.4970609,0.65213895,0.0065616188,0.12400848,0.015737396,0.10848218,0.029574377
375316653866487564,3396204161923882240,0.47443798,2339.837360180891,0.08313337884826191,2.8099645E-5,15.591892,0.0020639007,0.08225264,0.0066590304,0.027003614,0.0071227984,0.022695858,0.007570853,0.801054,0.028701685,0.039555892,0.043919638,0.092163965,4.0165267E13,0.013359866,0.0046400432,0.801054,0.028701685,"TWOGAUSSIANS_WITH_ELLIPSOIDAL_ON_ECLIPSE2",9,10.834625,0.801054,0.028701685,0.22151299,0.24594997,0.11888344,4.0165267E13,0.084462635,0.007494609,0.15122025,0.03988767,0.023779884,0.0062756757
375316653866487564,3396204844821937536,0.58432496,2336.044235023101,3.7506200526149707,6.5133886E-6,18.613829,0.009740592,0.23987824,0.0012811483,0.072702706,0.0027261227,0.41427198,0.01189375,0.73796684,0.010521326,0.07245765,0.00961562,0.5126306,0.020567264,null,null,null,null,"TWOGAUSSIANS",8,3.3494418,0.73796684,0.010521326,0.4,0.010182086,0.510296,0.019854909,0.23987824,0.0012811483,0.4,0.0,0.41193733,0.011158187
375316653866487564,3396212747560583552,0.5221765,2400.4359945121737,3.7752714616298713,1.9011388E-5,17.946236,0.014551238,0.271687,0.0053004147,0.08898604,0.010725674,0.4336732,0.031441722,0.7775051,0.003405231,0.079227984,0.0065114712,0.41219,0.02087423,null,null,null,null,"TWOGAUSSIANS",8,18.791986,0.271687,0.0053004147,0.4,0.0,0.4244768,0.034398455,0.7775051,0.003405231,0.4,0.0,0.40299374,0.021802556
375316653866487564,3396212923657089280,0.5453807,2459.0500469633503,0.8141196782143518,2.6267937E-5,14.036323,8.946653E-4,0.24680887,0.0074113104,0.01918882,0.010475055,0.12613669,3341.8833,0.74787706,0.0019395921,0.024676964,0.003085541,0.10331919,0.0034399596,0.008004069,0.0018270918,0.24680887,0.0074113104,"TWOGAUSSIANS_WITH_ELLIPSOIDAL_ON_ECLIPSE1",9,25.402472,0.24680887,0.0074113104,0.10745739,0.05866031,0.14214481,3341.883,0.74787706,0.0019391543,0.13819098,0.01727903,0.119326584,0.003415729
375316653866487564,3396220585879000192,0.5823276,2355.7450832601157,2.712010527432161,7.647149E-6,14.616825,0.036839645,0.2553842,0.0029042836,0.057786126,0.014937698,0.2253787,0.07861039,0.7452706,0.006647067,0.052543994,0.013271848,0.19147044,0.07528825,0.13886188,0.044297762,0.2553842,0.0029042836,"TWOGAUSSIANS_WITH_ELLIPSOIDAL_ON_ECLIPSE1",9,274.65863,0.2553842,0.0029042836,0.3236023,0.08365111,0.5030811,0.022023171,0.74770063,0.0048344545,0.29424638,0.07432235,0.46832135,0.023192579
375316653866487564,3396221754109810816,0.57162875,2425.9947874706727,0.8874530396680578,3.9867377E-6,15.17606,0.0056077507,0.29766303,0.0010328201,0.016787555,8.186927E-4,0.5991744,0.014044702,0.7980752,0.0019337137,0.015686573,0.0011587408,0.6764984,0.16835426,null,null,null,null,"TWOGAUSSIANS",8,244.7039,0.7980752,0.0019337137,0.08784481,0.006488949,0.6764984,0.16835426,0.29766303,0.0010328201,0.09401031,0.004584679,0.5991744,0.014044702
375316653866487564,3396230137886032000,0.6106323,2394.4196451794764,2.0521356854195885,8.590568E-6,15.221748,0.004863988,0.2525946,0.0026355376,0.08756334,0.0030058958,0.26736742,0.0068017514,0.74268687,0.0015222278,0.08621781,0.0021407197,0.47654736,0.0073928204,null,null,null,null,"TWOGAUSSIANS",8,37.576702,0.74268687,0.0015222278,0.4,0.0,0.4669832,0.0075392,0.2525946,0.0026355376,0.4,0.0,0.2578033,0.006022976
375316653866487564,3396235459348673920,0.52343506,2387.3484547216885,3.2627938465820248,1.8737343E-5,18.390125,0.11787074,0.24739146,0.004590194,0.13181938,0.034393575,0.20473534,0.11235664,0.7551512,0.011743142,0.14220785,0.0448432,0.20565477,0.11732407,null,null,null,null,"TWOGAUSSIANS",8,1.5164611,0.75534123,0.011517024,0.4,0.0,0.132307,0.00847518,0.24706146,0.004625873,0.4,0.0,0.1319383,0.005985502
375316653866487564,3396235807242789248,0.46256933,2413.420367403529,1.5863004654365838,7.7660094E-5,16.630436,0.0076174363,0.36344066,0.02972925,0.074441776,0.03622628,0.054093592,0.011738575,0.8763273,0.0043687574,0.041092634,0.0067470293,0.17647067,0.01518102,null,null,null,null,"TWOGAUSSIANS",8,25.832397,0.8763273,0.0043687574,0.23011875,0.037783366,0.17646252,0.015185767,0.36344066,0.02972925,0.4,0.1733969,0.054085445,0.011731006
