Gaia/vari_eclipsing_binary/VariEclipsingBinary_463308-463352.csv
# %ECSV 1.0
# ---
# delimiter: ','
# meta: !!omap
# - RELEASE: Gaia DR3
# - TABLE: vari_eclipsing_binary
# - DESCRIPTION: >
#     This table describes the properties of the eclipsing binaries resulting from the variability analysis. 
# - CITATION: >
#     How to cite and acknowledge Gaia: 
#     https://gea.esac.esa.int/archive/documentation/credits.html 
# - KNOWN_ISSUES: >
#     Known issues: 
#     https://www.cosmos.esa.int/web/gaia-users/known-issues 
# - DOCUMENTATION: >
#     Tutorials and documentation: 
#     https://www.cosmos.esa.int/web/gaia-users/archive 
# datatype:
# - 
#   name: solution_id
#   datatype: int64
#   description: Solution Identifier
#   meta:
#     ucd: meta.version
# - 
#   name: source_id
#   datatype: int64
#   description: Unique source identifier
#   meta:
#     ucd: meta.id;meta.main
# - 
#   name: global_ranking
#   datatype: float32
#   description: Number between 0 (worst) and 1 (best)
#   meta:
#     ucd: stat.param
# - 
#   name: reference_time
#   datatype: float64
#   unit: d
#   description: Reference time used for the geometric model fit
#   meta:
#     ucd: time.epoch
# - 
#   name: frequency
#   datatype: float64
#   unit: d**-1
#   description: Frequency of geometric model of the eclipsing binary light curve
#   meta:
#     ucd: src.orbital
# - 
#   name: frequency_error
#   datatype: float32
#   unit: d**-1
#   description: "Uncertainty of \\texttt{frequency}"
#   meta:
#     ucd: stat.error
# - 
#   name: geom_model_reference_level
#   datatype: float32
#   unit: mag
#   description: Magnitude reference level of geometric model
#   meta:
#     ucd: phot.mag;em.opt
# - 
#   name: geom_model_reference_level_error
#   datatype: float32
#   unit: mag
#   description: "Uncertainty of \\texttt{geomModelReferenceLevel}"
#   meta:
#     ucd: stat.error;phot.mag;em.opt
# - 
#   name: geom_model_gaussian1_phase
#   datatype: float32
#   description: Phase of the Gaussian 1 component
#   meta:
#     ucd: time.phase
# - 
#   name: geom_model_gaussian1_phase_error
#   datatype: float32
#   description: "Uncertainty of \\texttt{geomModelGaussian1Phase}"
#   meta:
#     ucd: stat.error;time.phase
# - 
#   name: geom_model_gaussian1_sigma
#   datatype: float32
#   description: "Standard deviation [phase] of Gaussian 1 component"
#   meta:
#     ucd: stat.stdev
# - 
#   name: geom_model_gaussian1_sigma_error
#   datatype: float32
#   description: "Uncertainty of \\texttt{geomModelGaussian1Sigma}"
#   meta:
#     ucd: stat.error
# - 
#   name: geom_model_gaussian1_depth
#   datatype: float32
#   unit: mag
#   description: Magnitude depth of Gaussian 1 component
#   meta:
#     ucd: src.var.amplitude
# - 
#   name: geom_model_gaussian1_depth_error
#   datatype: float32
#   unit: mag
#   description: "Uncertainty of \\texttt{geomModelGaussian1Depth}"
#   meta:
#     ucd: stat.error;src.var.amplitude
# - 
#   name: geom_model_gaussian2_phase
#   datatype: float32
#   description: Phase of Gaussian 2 component
#   meta:
#     ucd: time.phase
# - 
#   name: geom_model_gaussian2_phase_error
#   datatype: float32
#   description: "Uncertainty of \\texttt{geomModelGaussian2Phase}"
#   meta:
#     ucd: stat.error;time.phase
# - 
#   name: geom_model_gaussian2_sigma
#   datatype: float32
[...]
#   datatype: float32
#   description: "Secondary eclipse: uncertainty of \\texttt{derivedSecondaryEclDuration}"
#   meta:
#     ucd: stat.error;time.duration
# - 
#   name: derived_secondary_ecl_depth
#   datatype: float32
#   unit: mag
#   description: "Secondary eclipse: depth"
#   meta:
#     ucd: src.var.amplitude
# - 
#   name: derived_secondary_ecl_depth_error
#   datatype: float32
#   unit: mag
#   description: "Secondary eclipse: uncertainty of \\texttt{derivedSecondaryEclDepth}"
#   meta:
#     ucd: stat.error;src.var.amplitude
solution_id,source_id,global_ranking,reference_time,frequency,frequency_error,geom_model_reference_level,geom_model_reference_level_error,geom_model_gaussian1_phase,geom_model_gaussian1_phase_error,geom_model_gaussian1_sigma,geom_model_gaussian1_sigma_error,geom_model_gaussian1_depth,geom_model_gaussian1_depth_error,geom_model_gaussian2_phase,geom_model_gaussian2_phase_error,geom_model_gaussian2_sigma,geom_model_gaussian2_sigma_error,geom_model_gaussian2_depth,geom_model_gaussian2_depth_error,geom_model_cosine_half_period_amplitude,geom_model_cosine_half_period_amplitude_error,geom_model_cosine_half_period_phase,geom_model_cosine_half_period_phase_error,model_type,num_model_parameters,reduced_chi2,derived_primary_ecl_phase,derived_primary_ecl_phase_error,derived_primary_ecl_duration,derived_primary_ecl_duration_error,derived_primary_ecl_depth,derived_primary_ecl_depth_error,derived_secondary_ecl_phase,derived_secondary_ecl_phase_error,derived_secondary_ecl_duration,derived_secondary_ecl_duration_error,derived_secondary_ecl_depth,derived_secondary_ecl_depth_error
[from data line 303]
375316653866487564,4075509967714401280,0.5159702,2234.392153437258,0.08800403375761011,5.3914405E-6,18.871979,0.0055964775,0.2018556,0.003734478,0.019245613,0.017334327,1.4131594,1.0402926,0.669828,0.028043529,0.06249219,0.021259282,0.23087536,0.13496888,null,null,null,null,"TWOGAUSSIANS",8,2.2357898,0.2018556,0.003734478,0.107775435,0.09707223,1.4131594,1.040293,0.669828,0.028043529,0.34995627,0.10503841,0.23087536,0.13496906
375316653866487564,4075510135220133120,0.629722,2202.525705053114,2.940989841721124,1.0675605E-5,18.268925,0.006906007,0.2766529,0.0019489285,0.07971058,0.0035616755,0.38123745,0.007849959,0.77284354,0.007874663,0.07912693,0.0068078893,0.38233835,0.057294857,null,null,null,null,"TWOGAUSSIANS",8,1.7603225,0.77284354,0.007874663,0.4,0.0,0.37734717,0.05854603,0.2766529,0.0019489285,0.4,0.0,0.37624627,0.0074971113
375316653866487564,4075510959875280768,0.54017293,2263.9911209598336,2.8527952176323628,3.394565E-5,18.430124,0.14622572,0.28295842,0.017948695,0.10347862,0.04333314,0.44701734,0.122033074,0.8056828,0.012565819,0.09317195,0.05002639,0.43458554,0.085662365,null,null,null,null,"TWOGAUSSIANS",8,6.573083,0.28295842,0.017947309,0.4,0.0,0.4212782,0.04697747,0.80569273,0.012652287,0.4,0.017273696,0.4088575,0.048717935
375316653866487564,4075511062936666880,0.64480346,2246.7326174787822,3.744510053657373,9.481364E-6,18.362135,0.0059899106,0.22343424,0.0023947791,0.0385453,0.0027858058,0.4387051,0.034399074,0.71822274,0.03300881,0.049259514,0.014917975,0.54857934,0.13136354,0.11969995,0.01177112,0.22343424,0.0023947791,"TWOGAUSSIANS_WITH_ELLIPSOIDAL_ON_ECLIPSE1",9,2.053637,0.71862274,0.031549565,0.27585328,0.08354066,0.78774,0.13795722,0.22343424,0.0023947791,0.21585368,0.015600513,0.67810255,0.031255
375316653866487564,4075511818842631552,0.49945968,2268.87127248319,3.263160832149944,5.7519228E-5,18.434395,0.007936622,0.24048264,0.0168914,0.09234558,0.018456573,0.09131263,0.012842613,0.7050322,0.073360465,0.07993873,0.038650017,0.1085881,0.05168266,null,null,null,null,"TWOGAUSSIANS",8,1.3572588,0.7050322,0.073360465,0.4,0.16355751,0.10701345,0.050988346,0.24048264,0.0168914,0.4,0.0,0.0897377,0.0115781855
375316653866487564,4075512025002043520,0.47909334,2264.6774945781103,0.08819065566931461,2.7767488E-5,19.571049,0.031780966,0.34553167,0.022262951,0.059919227,0.010965184,0.5259445,0.10464023,0.81485194,0.011536968,0.10267721,0.020749979,0.49916682,0.12010103,null,null,null,null,"TWOGAUSSIANS",8,3.7260756,0.34553167,0.022269284,0.33554766,0.06140503,0.5212001,0.100715816,0.81485194,0.011536968,0.4,0.0,0.4944072,0.124671124
375316653866487564,4075513094453531008,0.5189229,2233.843739662863,1.6644778109430125,3.1100917E-5,19.565672,0.01994597,0.32800522,0.013410167,0.16278659,0.026557235,0.22457631,0.020920487,0.7318417,0.017810058,0.05323267,0.018232541,0.15116817,0.019732544,null,null,null,null,"TWOGAUSSIANS",8,0.7884068,0.32800522,0.013410167,0.4,0.0,0.2161668,0.012539602,0.7318417,0.017810058,0.29810295,0.10210223,0.15338461,0.011739758
375316653866487564,4075514743723333376,0.5287158,2311.7289417707043,0.6106693829329234,5.8817666E-5,18.5415,0.0034809834,0.22566986,0.0070430655,0.040393412,0.011805434,3.120502,2.5151415,0.4569222,0.02756412,0.06780392,0.027226679,0.04882714,0.01609437,null,null,null,null,"TWOGAUSSIANS",8,3.8836026,0.22566986,0.007043961,0.2262031,0.06611043,3.1206474,2.5154326,0.4569222,0.02756412,0.37970194,0.11128337,0.04882738,0.016099751
375316653866487564,4075516942768189568,0.60532594,2221.742803759103,2.4649781080115893,1.4834952E-5,18.546938,0.016827805,0.25520915,0.011120872,0.07196225,0.010041537,0.58279943,0.076195054,0.7540694,0.0024451935,0.07344898,0.006111887,0.5320564,0.03377026,null,null,null,null,"TWOGAUSSIANS",8,4.514116,0.25520915,0.011120872,0.4,0.017065259,0.5798663,0.07730326,0.7540694,0.0024451935,0.4,0.003411963,0.5291232,0.03442178
375316653866487564,4075516972807848448,0.4882896,2194.6602397022807,0.579257278313163,4.9459682E-5,18.54624,0.006377925,0.24875495,0.010626782,0.06688963,0.009854395,0.10289999,0.017765354,0.82171696,0.07904719,0.047207396,0.031402897,0.09496719,0.13323596,null,null,null,null,"TWOGAUSSIANS",8,1.539797,0.24875495,0.010626782,0.3745819,0.051776707,0.102899335,0.017719217,0.82171696,0.07904719,0.2643614,0.15305704,0.09496653,0.13260555
375316653866487564,4075517350768708736,0.5319119,2215.828381847575,3.671357866917497,1.07429705E-5,17.353342,0.015212724,0.36137262,0.0036197726,0.029456273,0.011938021,0.10827138,0.0291366,0.8082488,0.0125267785,0.03114186,0.06586487,0.1686323,0.13953318,0.10885531,0.0280253,0.8082488,0.0125267785,"TWOGAUSSIANS_WITH_ELLIPSOIDAL_ON_ECLIPSE2",9,27.80042,0.8082488,0.0125267785,0.17439443,0.23381063,0.38634259,0.11923755,0.3551426,0.0041281446,0.16495512,0.06685292,0.30522725,0.032272886
375316653866487564,4075517969235929856,0.65057796,2273.175932879761,2.996776169374579,1.4959853E-5,18.367859,0.005836927,0.22905101,0.0021351194,0.053282212,0.0025413658,0.3741266,0.018950403,null,null,null,null,null,null,0.11166515,0.013898457,0.22905101,0.0021351194,"ONEGAUSSIAN_WITH_ELLIPSOIDAL",6,2.883239,0.22905101,0.0021351194,0.29838037,0.014231648,0.59745073,0.0140387695,null,null,null,null,null,null
375316653866487564,4075518278473180800,0.7072843,2300.0277037888077,0.5675271378799575,1.0701721E-6,10.713377,7.9397287E-4,0.54091626,0.0011955313,0.035319574,5.4492167E-4,0.476189,0.008564858,null,null,null,null,null,null,null,null,null,null,"ONEGAUSSIAN",5,12.180884,0.54091626,0.0011955313,0.19778961,0.0030515613,0.476189,0.0,null,null,null,null,null,null
375316653866487564,4075519416647958784,0.5289004,2283.165705702179,3.826651859696578,1.6005803E-5,19.61978,0.08813953,0.2820186,0.0055899373,0.07572783,0.01204615,0.52657354,0.08113632,0.77291477,0.021627307,0.08058585,0.078092866,0.57080644,0.22528473,null,null,null,null,"TWOGAUSSIANS",8,2.5532627,0.77291477,0.021627307,0.4,0.005851326,0.56534916,0.2940838,0.2820186,0.0053355065,0.4,0.004272712,0.5211163,0.05463146
375316653866487564,4075520206919932544,0.49104083,2251.16628655312,2.9507139748080484,3.9410446E-5,18.1884,0.00421625,null,null,null,null,null,null,null,null,null,null,null,null,0.07427455,0.006283733,0.18655893,0.005919056,"ELLIPSOIDAL",4,5.231402,null,null,null,null,null,null,null,null,null,null,null,null
375316653866487564,4075521233411204096,0.5103569,2341.9815508969177,0.2829833682579091,3.3550597E-5,17.333508,0.0073011774,0.2034699,0.006717266,0.019878285,0.009170946,0.1084027,0.067542836,0.9414186,0.033095818,0.027874151,0.02553609,0.09577446,0.01060113,0.07934161,0.010652426,0.2034699,0.006717266,"TWOGAUSSIANS_WITH_ELLIPSOIDAL_ON_ECLIPSE1",9,1.1508527,0.2034699,0.006717266,0.1113184,0.0513573,0.2670859,0.07049972,0.9414186,0.033095818,0.15609525,0.14300211,0.09668254,0.019095756
375316653866487564,4075521645728035712,0.5184891,2281.393843109934,1.810777820469947,1.49337475E-5,16.515343,0.0101833325,0.2365734,0.004369376,0.113050155,0.015517431,0.08378095,0.009580887,0.72770625,0.0036295098,0.079860926,0.007815912,0.119298644,0.012227469,null,null,null,null,"TWOGAUSSIANS",8,4.7937064,0.72770625,0.0036295098,0.4,0.0,0.11347326,0.010304447,0.2365734,0.004369376,0.4,0.0,0.077945545,0.0059367847
375316653866487564,4075522058052965632,0.51705706,2331.9830592385233,0.1384680089972309,1.15391726E-4,17.490835,0.0053361035,0.46962094,0.0053837975,0.014276231,0.008702921,0.06355661,0.020943902,0.8763736,0.040191043,0.026906442,0.020765962,0.88090646,33.559,null,null,null,null,"TWOGAUSSIANS",8,17.43905,0.8763736,0.040191043,0.15067607,0.116289385,0.88090646,33.559,0.46962094,0.0053837975,0.07994689,0.048736356,0.06355661,0.020943902
375316653866487564,4075522440302956032,0.5731144,2230.8947525426256,0.14789194669089237,7.532194E-5,19.83258,0.027600335,0.2646817,0.012859503,0.06833334,0.0067893853,1.0647522,0.23442824,0.80591375,0.0043199733,0.09943131,0.007852649,0.60892916,0.024302877,null,null,null,null,"TWOGAUSSIANS",8,0.465868,0.2646817,0.012860065,0.3826667,0.03802056,1.0565977,0.23424122,0.80591375,0.0043199733,0.4,0.0,0.60076,0.021764508
375316653866487564,4075522504722691840,0.48204672,2261.067013642899,0.5219558341760019,3.6542617E-5,18.248947,0.2627942,0.1635601,0.031602267,0.119786926,0.02807353,0.23020113,0.17824322,0.71654564,0.012528029,0.17000218,0.09821289,0.2842565,0.25472572,null,null,null,null,"TWOGAUSSIANS",8,3.1409552,0.7172256,0.01161682,0.4,0.0,0.20136356,0.023214802,0.15541011,0.017123433,0.4,0.0,0.15792759,0.026726732
375316653866487564,4075522646479633664,0.57338476,2286.0554416923883,3.00989605654029,1.084808E-5,16.296232,0.022281514,0.21361491,0.018870007,0.04731838,0.017693726,0.28091237,0.08388994,0.70190287,0.0031628937,0.07052318,0.004225158,0.5830705,0.07669927,0.027316798,0.027215542,0.21361491,0.018870007,"TWOGAUSSIANS_WITH_ELLIPSOIDAL_ON_ECLIPSE1",9,62.486225,0.7023128,0.0027080628,0.3949298,0.015319401,0.6369086,0.059727408,0.21361491,0.018870007,0.26498294,0.09908486,0.33503535,0.08759977
375316653866487564,4075523157556626560,0.5099401,2253.428130155631,0.0765134462270992,6.413299E-5,17.191431,0.06967657,0.24036211,0.008613297,0.09360466,0.025062969,0.30471694,0.059242498,0.7319433,0.07974248,0.11012906,0.10536252,0.30701262,2.8235528,null,null,null,null,"TWOGAUSSIANS",8,48.869957,0.7319433,0.07974248,0.4,0.26611286,0.27992886,2.852556,0.2403721,0.008650252,0.4,0.0,0.2776545,0.033026636
375316653866487564,4075523711631563648,0.5346762,2295.5025843756166,0.9315783980049673,2.2213916E-4,17.535902,0.026054695,0.33926302,0.0067669535,0.048711233,0.008451617,1.2246068,0.41082916,0.67958057,0.06358186,0.116572835,0.055359274,0.0818667,0.04178789,null,null,null,null,"TWOGAUSSIANS",8,44.780422,0.339323,0.0067543588,0.27278292,0.047329057,1.2256547,0.41111007,0.67958057,0.06358186,0.4,0.0,0.08175929,0.041413654
375316653866487564,4075524261387376128,0.46620074,2248.3896051367387,0.088047828897676,2.917298E-5,19.187704,0.008594781,0.3064902,5.039575E-4,0.0035170042,0.001236261,0.25522453,0.076036766,0.7692316,0.04093394,0.058169097,0.028021699,0.12758358,0.052343067,null,null,null,null,"TWOGAUSSIANS",8,1.6671417,0.3064902,5.039575E-4,0.019695222,0.006923062,0.25522453,0.076036766,0.7692316,0.04093394,0.32574695,0.14985731,0.12758358,0.052343067
375316653866487564,4075525184798120576,0.5946462,2244.211236994954,4.071288979888652,3.1403943E-5,19.433027,0.04240877,0.2597704,0.0068089217,0.044258215,0.026302721,0.37768432,42.51082,0.7530742,0.005449854,0.04013909,0.016294628,0.33583397,0.12260706,0.16061935,0.09255034,0.2597704,0.0068089217,"TWOGAUSSIANS_WITH_ELLIPSOIDAL_ON_ECLIPSE1",9,3.7817407,0.2597704,0.0068089217,0.247846,0.14729524,0.6989223,42.525204,0.7538042,0.0050612777,0.22477889,0.09124992,0.6565651,0.0636631
375316653866487564,4075525322221354368,0.54720247,2281.9457572851684,0.5291267578805415,2.9612702E-5,19.049423,0.013925661,0.3017776,0.0054104705,0.043407902,0.0066341483,0.4413846,0.035135675,0.7736738,0.007365175,0.036743157,0.007942941,0.09820193,0.025161372,null,null,null,null,"TWOGAUSSIANS",8,5.88697,0.3017776,0.0054104705,0.24308425,0.03715123,0.4413846,0.035135675,0.7736738,0.007365175,0.20576169,0.044480473,0.09820193,0.025161372
375316653866487564,4075525322237124096,0.5178855,2276.5396618369646,0.1377264468320732,4.304224E-5,17.964645,0.006839429,0.36783862,0.010083577,0.048846032,0.011192594,0.16683593,0.017685724,0.87541014,0.101378314,0.042009152,0.031905137,1.0297937,2.833414,null,null,null,null,"TWOGAUSSIANS",8,5.1628103,0.87541014,0.101378314,0.23525125,0.17866877,1.0297936,2.8334146,0.36783862,0.010083577,0.27353778,0.06267852,0.16683581,0.017687684
375316653866487564,4075525360899073280,0.5205613,2254.8133994850755,0.6314357271265707,3.411886E-5,19.30158,0.59843713,0.27144715,0.020021988,0.107069865,0.069083594,0.5406271,0.5833536,0.77067816,0.00932215,0.11701096,0.059819687,0.65244335,0.57546395,null,null,null,null,"TWOGAUSSIANS",8,5.2182,0.77067816,0.009224658,0.4,0.0,0.55439496,0.03233118,0.27144715,0.020278592,0.4,0.0,0.44270033,0.053782824
375316653866487564,4075525773198155392,0.47815034,2244.207716773047,2.665162824565891,5.4364507E-5,19.374245,0.010464689,0.24025428,0.013508294,0.082040556,0.015851883,0.17120473,0.02914559,0.74210966,0.06883007,0.044732828,0.040820487,0.18486747,0.25737652,null,null,null,null,"TWOGAUSSIANS",8,2.0542755,0.74210966,0.06883007,0.25050384,0.22859472,0.1847348,0.25764072,0.24025428,0.013508294,0.4,0.0,0.17107207,0.029265484
375316653866487564,4075526460410756352,0.5836827,2273.8457116730497,1.2652607894179697,1.6549056E-5,17.305292,0.0063951598,0.20658576,0.0021624994,0.07105332,0.0047218157,0.27898186,0.0071503003,0.7105141,0.016460344,0.061603755,0.015546832,0.099066466,0.014910513,null,null,null,null,"TWOGAUSSIANS",8,4.9299684,0.20658576,0.0021624994,0.39789858,0.021267183,0.27873066,0.0070470106,0.7105141,0.016460344,0.34498104,0.075506315,0.09881525,0.014783281
375316653866487564,4075526460410766208,0.5019631,2299.3557933744146,0.0880020938024526,1.6433563E-5,18.007471,0.010285551,0.33986035,0.012454811,0.057199728,0.011750935,0.13094726,0.025194127,0.71848285,0.014055497,0.07962562,0.010680568,0.21338002,0.063490845,null,null,null,null,"TWOGAUSSIANS",8,3.1676,0.71848285,0.014055497,0.4,0.0,0.21336862,0.06350125,0.33986035,0.012455032,0.32031846,0.065805234,0.13093849,0.025208522
375316653866487564,4075526700934028032,0.4696649,2239.368657009006,0.7672733280021989,3.778891E-5,18.339237,0.41154635,0.19537933,0.02871253,0.18247728,0.105897285,0.45322254,0.41193655,0.6593539,0.007414602,0.076136105,0.013304075,1.0306327,0.17965372,null,null,null,null,"TWOGAUSSIANS",8,15.625237,0.6593539,0.007414602,0.4,0.007210446,0.93930244,0.08239873,0.19537933,0.02871253,0.4,0.0,0.33794776,0.056762617
375316653866487564,4075527177647322752,0.5485154,2259.781673556979,3.650230481163294,1.0852736E-5,19.082827,0.022969048,0.123548575,0.0047276723,0.06997647,0.007749175,0.4175955,0.02855518,0.6214356,0.0071572666,0.070179544,0.0063931886,0.51261014,0.06980333,null,null,null,null,"TWOGAUSSIANS",8,3.0755029,0.6214356,0.0071572666,0.39300543,0.028026756,0.51109934,0.07003022,0.123548575,0.0047276723,0.39186823,0.035882145,0.4160847,0.028285215
375316653866487564,4075527589962916480,0.69694835,2268.334302629617,0.7709309529120554,9.707902E-6,17.970892,0.008541765,0.28910348,0.005037856,0.038590234,0.012295403,0.24407977,0.050146222,0.7917427,5.669131E-5,0.026315447,2.5510663E-4,0.8856444,0.026615253,0.06223283,0.011413206,0.28910348,0.005037856,"TWOGAUSSIANS_WITH_ELLIPSOIDAL_ON_ECLIPSE1",9,2.882977,0.7917427,5.669131E-5,0.1473665,0.001428597,1.0100758,0.007274815,0.28910348,0.005037856,0.21610531,0.06885426,0.3685454,0.06144912
375316653866487564,4075527972239250688,0.563121,2255.522191382028,3.260360689137646,1.5143982E-5,17.607502,0.019154957,0.2289734,0.012010773,0.09460729,0.014596934,0.28442147,0.026204012,0.7315947,0.003177912,0.081821375,0.0076276,0.22782531,0.019086072,null,null,null,null,"TWOGAUSSIANS",8,7.7192006,0.2289734,0.012010773,0.4,0.0,0.275575,0.025325302,0.7315947,0.003177912,0.4,0.0,0.21897936,0.012246214
375316653866487564,4075528345882009472,0.50010204,2240.4585281127634,0.08804851110944464,7.161703E-5,18.941252,0.003936947,0.17769253,0.020063901,0.07469339,0.013767307,0.19623174,0.015792118,0.6734757,0.0065517,0.054135762,0.00550672,0.17960414,0.017358273,null,null,null,null,"TWOGAUSSIANS",8,2.5019093,0.17769253,0.020063901,0.4,0.039447825,0.19605564,0.015833506,0.6734757,0.0065517,0.30316028,0.030837633,0.17942804,0.017437391
