Gaia/vari_eclipsing_binary/VariEclipsingBinary_247809-247921.csv
# %ECSV 1.0
# ---
# delimiter: ','
# meta: !!omap
# - RELEASE: Gaia DR3
# - TABLE: vari_eclipsing_binary
# - DESCRIPTION: >
#     This table describes the properties of the eclipsing binaries resulting from the variability analysis. 
# - CITATION: >
#     How to cite and acknowledge Gaia: 
#     https://gea.esac.esa.int/archive/documentation/credits.html 
# - KNOWN_ISSUES: >
#     Known issues: 
#     https://www.cosmos.esa.int/web/gaia-users/known-issues 
# - DOCUMENTATION: >
#     Tutorials and documentation: 
#     https://www.cosmos.esa.int/web/gaia-users/archive 
# datatype:
# - 
#   name: solution_id
#   datatype: int64
#   description: Solution Identifier
#   meta:
#     ucd: meta.version
# - 
#   name: source_id
#   datatype: int64
#   description: Unique source identifier
#   meta:
#     ucd: meta.id;meta.main
# - 
#   name: global_ranking
#   datatype: float32
#   description: Number between 0 (worst) and 1 (best)
#   meta:
#     ucd: stat.param
# - 
#   name: reference_time
#   datatype: float64
#   unit: d
#   description: Reference time used for the geometric model fit
#   meta:
#     ucd: time.epoch
# - 
#   name: frequency
#   datatype: float64
#   unit: d**-1
#   description: Frequency of geometric model of the eclipsing binary light curve
#   meta:
#     ucd: src.orbital
# - 
#   name: frequency_error
#   datatype: float32
#   unit: d**-1
#   description: "Uncertainty of \\texttt{frequency}"
#   meta:
#     ucd: stat.error
# - 
#   name: geom_model_reference_level
#   datatype: float32
#   unit: mag
#   description: Magnitude reference level of geometric model
#   meta:
#     ucd: phot.mag;em.opt
# - 
#   name: geom_model_reference_level_error
#   datatype: float32
#   unit: mag
#   description: "Uncertainty of \\texttt{geomModelReferenceLevel}"
#   meta:
#     ucd: stat.error;phot.mag;em.opt
# - 
#   name: geom_model_gaussian1_phase
#   datatype: float32
#   description: Phase of the Gaussian 1 component
#   meta:
#     ucd: time.phase
# - 
#   name: geom_model_gaussian1_phase_error
#   datatype: float32
#   description: "Uncertainty of \\texttt{geomModelGaussian1Phase}"
#   meta:
#     ucd: stat.error;time.phase
# - 
#   name: geom_model_gaussian1_sigma
#   datatype: float32
#   description: "Standard deviation [phase] of Gaussian 1 component"
#   meta:
#     ucd: stat.stdev
# - 
#   name: geom_model_gaussian1_sigma_error
#   datatype: float32
#   description: "Uncertainty of \\texttt{geomModelGaussian1Sigma}"
#   meta:
#     ucd: stat.error
# - 
#   name: geom_model_gaussian1_depth
#   datatype: float32
#   unit: mag
#   description: Magnitude depth of Gaussian 1 component
#   meta:
#     ucd: src.var.amplitude
# - 
#   name: geom_model_gaussian1_depth_error
#   datatype: float32
#   unit: mag
#   description: "Uncertainty of \\texttt{geomModelGaussian1Depth}"
#   meta:
#     ucd: stat.error;src.var.amplitude
# - 
#   name: geom_model_gaussian2_phase
#   datatype: float32
#   description: Phase of Gaussian 2 component
#   meta:
#     ucd: time.phase
# - 
#   name: geom_model_gaussian2_phase_error
#   datatype: float32
#   description: "Uncertainty of \\texttt{geomModelGaussian2Phase}"
#   meta:
#     ucd: stat.error;time.phase
# - 
#   name: geom_model_gaussian2_sigma
#   datatype: float32
[...]
#   datatype: float32
#   description: "Secondary eclipse: uncertainty of \\texttt{derivedSecondaryEclDuration}"
#   meta:
#     ucd: stat.error;time.duration
# - 
#   name: derived_secondary_ecl_depth
#   datatype: float32
#   unit: mag
#   description: "Secondary eclipse: depth"
#   meta:
#     ucd: src.var.amplitude
# - 
#   name: derived_secondary_ecl_depth_error
#   datatype: float32
#   unit: mag
#   description: "Secondary eclipse: uncertainty of \\texttt{derivedSecondaryEclDepth}"
#   meta:
#     ucd: stat.error;src.var.amplitude
solution_id,source_id,global_ranking,reference_time,frequency,frequency_error,geom_model_reference_level,geom_model_reference_level_error,geom_model_gaussian1_phase,geom_model_gaussian1_phase_error,geom_model_gaussian1_sigma,geom_model_gaussian1_sigma_error,geom_model_gaussian1_depth,geom_model_gaussian1_depth_error,geom_model_gaussian2_phase,geom_model_gaussian2_phase_error,geom_model_gaussian2_sigma,geom_model_gaussian2_sigma_error,geom_model_gaussian2_depth,geom_model_gaussian2_depth_error,geom_model_cosine_half_period_amplitude,geom_model_cosine_half_period_amplitude_error,geom_model_cosine_half_period_phase,geom_model_cosine_half_period_phase_error,model_type,num_model_parameters,reduced_chi2,derived_primary_ecl_phase,derived_primary_ecl_phase_error,derived_primary_ecl_duration,derived_primary_ecl_duration_error,derived_primary_ecl_depth,derived_primary_ecl_depth_error,derived_secondary_ecl_phase,derived_secondary_ecl_phase_error,derived_secondary_ecl_duration,derived_secondary_ecl_duration_error,derived_secondary_ecl_depth,derived_secondary_ecl_depth_error
[from data line 662]
375316653866487564,2180551601942552192,0.5348148,2215.9053774942267,3.1404803080094608,7.0416095E-6,19.498442,0.012918774,0.29837576,0.0019216087,0.06955245,0.0035021417,0.46430784,0.01470012,0.803275,0.0017912422,0.06944827,0.0043001883,0.55531424,0.045587398,null,null,null,null,"TWOGAUSSIANS",8,1.7753605,0.803275,0.0017912422,0.38891032,0.02076861,0.5539288,0.046032086,0.29837576,0.0019216087,0.38949373,0.0190606,0.46292242,0.014514436
375316653866487564,2180552838903793152,0.4077953,2235.2056540076283,0.6669974951969884,3.8923736E-5,17.632215,0.048063945,null,null,null,null,null,null,null,null,null,null,null,null,0.11672474,0.08693084,0.15468642,0.007655671,"ELLIPSOIDAL",4,146.69078,null,null,null,null,null,null,null,null,null,null,null,null
375316653866487564,2180554346429873792,0.64673525,2221.4085489623885,2.7292900322252662,3.9097645E-6,17.573296,0.012340912,0.22816333,0.0013731351,0.04644144,0.0068727033,0.18942143,0.023698078,0.72218144,0.0020589603,0.04684025,0.003830789,0.24653473,0.025872976,0.13022459,0.014283157,0.22816333,0.0013731351,"TWOGAUSSIANS_WITH_ELLIPSOIDAL_ON_ECLIPSE1",9,2.6968489,0.72311145,0.0016746949,0.2623054,0.021452418,0.50667244,0.008031981,0.22816333,0.0013731351,0.26007205,0.03848714,0.44987008,0.019031765
375316653866487564,2180554522532169088,0.59510016,2202.147428117725,1.5545837922080927,9.803529E-6,16.817133,0.005639769,0.21374995,0.0030541676,0.046218768,0.013187738,0.037714735,0.013130902,0.7091702,0.002605761,0.05306281,0.003909962,0.1535083,0.01322928,0.03665492,0.0077996026,0.21374995,0.0030541676,"TWOGAUSSIANS_WITH_ELLIPSOIDAL_ON_ECLIPSE1",9,4.205055,0.7096102,0.0022774024,0.29715174,0.021895785,0.22676162,0.0054062544,0.21374995,0.0030541676,0.2588251,0.07385133,0.11102291,0.0072745522
375316653866487564,2180557576243347840,0.5765207,2214.701315722179,2.8761983778590645,1.6070639E-5,18.366512,0.018353611,0.25121573,0.009426735,0.075497985,0.012769892,0.3242305,0.016606033,0.7671777,0.0033885955,0.08139213,0.005807465,0.31796148,0.02563371,null,null,null,null,"TWOGAUSSIANS",8,3.1326911,0.25121573,0.009426735,0.4,0.0,0.32135573,0.012489015,0.7671777,0.0033885955,0.4,0.0,0.3150867,0.022403322
375316653866487564,2180558675755188864,0.44569594,2217.825255042898,2.834209773263245,2.6683574E-5,18.4008,0.014131327,0.18576667,0.00941832,0.07603406,0.012629759,0.15643907,0.016766388,0.7575751,0.01775462,0.052646745,0.010337774,0.107794836,0.036968134,null,null,null,null,"TWOGAUSSIANS",8,12.015628,0.18576667,0.00941832,0.4,0.0,0.15642545,0.01675177,0.7575751,0.01775462,0.29482177,0.057891533,0.10778123,0.036960594
375316653866487564,2180559156788943232,0.7602126,2229.207609942189,1.5321284487482736,1.5904834E-6,12.430526,0.0029398948,0.34973407,5.158214E-4,0.05448268,0.001068782,0.35850087,0.006213077,0.84761363,0.0043536383,0.05810168,0.004405556,0.04189538,0.006880225,0.08387923,0.0034308382,0.34973407,5.158214E-4,"TWOGAUSSIANS_WITH_ELLIPSOIDAL_ON_ECLIPSE1",9,19.551023,0.34973407,5.158214E-4,0.305103,0.0059851785,0.52624524,0.0024440654,0.8487036,0.002109586,0.32536942,0.024671113,0.20962532,0.0022937993
375316653866487564,2180559431669478272,0.5116691,2212.1435434871464,2.6408070206104965,1.9603487E-5,18.971748,0.0049439236,0.7695668,0.004695125,0.016924607,0.016621944,0.07339796,7.7203942E9,null,null,null,null,null,null,0.108455576,0.0070617376,0.7695668,0.004695125,"ONEGAUSSIAN_WITH_ELLIPSOIDAL",6,2.5996816,0.7695668,0.004695125,0.09477779,0.09308288,0.29030907,7.7203942E9,null,null,null,null,null,null
375316653866487564,2180560054448973056,0.5100911,2178.383117283979,0.8848272749059095,2.2659606E-5,19.080175,0.011965625,0.16218142,0.004088822,0.050859343,0.004519321,0.14814022,0.019554488,0.6437501,0.09649582,0.1285342,0.12723681,0.037672315,0.027603164,null,null,null,null,"TWOGAUSSIANS",8,0.9826542,0.16219142,0.004048621,0.28481233,0.025308197,0.14673172,0.017589238,0.6437501,0.09649582,0.4,0.24457926,0.036219027,0.029011821
375316653866487564,2180560363686780800,0.71246344,2216.447435412709,0.4133580604365748,4.1296566E-6,15.081369,7.3695666E-4,0.37033224,8.64422E-4,0.027737962,8.010187E-4,0.49032393,0.010860067,null,null,null,null,null,null,null,null,null,null,"ONEGAUSSIAN",5,13.204886,0.37033224,8.64422E-4,0.15533258,0.0044857045,0.49032393,0.0,null,null,null,null,null,null
375316653866487564,2180560393741996672,0.5045444,2211.230224055508,2.08283717542493,3.2198823E-5,19.59099,0.014140514,0.28040174,0.0039107013,0.08809019,0.007986119,0.35189775,0.018320117,0.7494703,0.007609812,0.07456786,0.008337356,0.39729694,0.022907557,null,null,null,null,"TWOGAUSSIANS",8,2.8974519,0.7494703,0.007609812,0.4,0.009843977,0.3936989,0.021897474,0.28040174,0.0039107013,0.4,0.0,0.34829944,0.0181201
375316653866487564,2180561287095595904,0.40903938,2296.791686209242,2.3517221728832958,3.768981E-5,17.19922,0.00611799,null,null,null,null,null,null,null,null,null,null,null,null,0.064564325,0.0101562785,0.12919544,0.007972408,"ELLIPSOIDAL",4,6.148103,null,null,null,null,null,null,null,null,null,null,null,null
375316653866487564,2180561531912164608,0.4728825,2245.862966915909,3.3056044544244525,4.4532662E-5,19.298275,0.044805616,0.21675016,0.013765072,0.113041036,0.029703753,0.16644593,0.043767646,0.7195351,0.0093508065,0.08533411,0.028125612,0.15548803,0.039633136,null,null,null,null,"TWOGAUSSIANS",8,1.8021839,0.21675016,0.013765072,0.4,0.0,0.15356392,0.020250695,0.7195351,0.009382843,0.4,0.0,0.1426249,0.016979435
375316653866487564,2180562150387807360,0.5761843,2251.186298988079,2.913182657172659,7.6671795E-6,17.155725,0.021860346,0.25505358,0.002778837,0.08857427,0.007590837,0.3035815,0.027031126,0.7489162,0.0018327228,0.0828611,0.006266991,0.3350538,0.020268204,null,null,null,null,"TWOGAUSSIANS",8,13.750708,0.7489162,0.0018327228,0.4,0.0,0.3269095,0.015012467,0.25505358,0.002778837,0.4,0.0,0.29543716,0.024626171
375316653866487564,2180562837588029696,0.626895,2238.9984356041105,1.0108238613081137,4.416074E-6,11.737569,0.005301345,0.18245247,0.0030649744,0.04336001,0.0053465185,0.0799715,0.010190573,0.6867187,0.0012551505,0.043852076,0.002029065,0.5336982,0.032072376,0.027201453,0.004917198,0.18245247,0.0030649744,"TWOGAUSSIANS_WITH_ELLIPSOIDAL_ON_ECLIPSE1",9,171.07466,0.6867187,0.0012551505,0.24557163,0.011362764,0.588062,0.03427777,0.18245247,0.0030649744,0.24281606,0.029940503,0.13437438,0.0044161193
375316653866487564,2180563829716465280,0.43344682,2216.4059609368273,0.42708254795952993,1.1318033E-4,18.308952,0.029777091,0.1943916,0.015159008,0.11236886,0.050454795,0.060625464,0.028879214,0.75100803,0.013427601,0.0499074,0.028400777,0.19439115,3.094147,null,null,null,null,"TWOGAUSSIANS",8,5.963726,0.75101805,0.013425038,0.27948144,0.15904436,0.19398423,3.0946145,0.1943916,0.015159008,0.4,0.0,0.060193036,0.023527179
375316653866487564,2180564894869762816,0.45647663,2196.3873311263737,0.3365887364024614,3.1765732E-5,18.216465,0.016114924,0.26321527,0.008140188,0.07681648,0.008558212,0.37747875,0.058797754,0.6692618,0.027822722,0.13327049,0.03149632,0.14031927,0.028847922,null,null,null,null,"TWOGAUSSIANS",8,16.017378,0.26369527,0.007657967,0.4,0.0,0.37196344,0.05894652,0.6692618,0.027822722,0.4,0.0,0.13343681,0.028529534
375316653866487564,2180566028739721984,0.559488,2197.3264534676064,1.6662714682734023,1.2245828E-5,18.54071,0.007778864,0.21069027,0.002849179,0.055197846,0.0050649834,0.67192006,0.04069976,0.7129826,0.0050687394,0.058429625,0.0049351444,0.33739933,0.039053194,null,null,null,null,"TWOGAUSSIANS",8,8.087455,0.21069027,0.002849179,0.30910796,0.028363908,0.6718664,0.040746983,0.7129826,0.0050687394,0.3272059,0.02763681,0.3373457,0.0390785
375316653866487564,2180567093891841536,0.44727144,2201.63488015574,1.09054320616254,2.7748592E-5,18.775599,0.023542687,0.17727987,0.010360275,0.081925616,0.01522617,0.16926105,0.026398802,0.7252762,0.014157955,0.07751133,0.035689853,0.2053812,0.06429163,null,null,null,null,"TWOGAUSSIANS",8,11.876169,0.7252762,0.014157955,0.4,0.033503648,0.20437033,0.06722973,0.17727987,0.010358693,0.4,0.0,0.16825014,0.023817467
375316653866487564,2180568811879943040,0.55628884,2230.908142442685,1.3811448347384234,1.9511503E-5,18.705547,0.007408687,0.25153875,0.0037620082,0.040988665,0.003225063,1.0880004,0.18072926,0.74881953,2.844943E-5,0.014413154,6.896021E-4,0.3617812,0.010603647,0.028143885,0.011651244,0.25153875,0.0037620082,"TWOGAUSSIANS_WITH_ELLIPSOIDAL_ON_ECLIPSE1",9,11.239364,0.25153875,0.0037620082,0.22953652,0.018060353,1.1442882,0.18402965,0.7488295,2.7806078E-5,0.08071366,0.003861772,0.41805258,0.013772272
375316653866487564,2180569022340958336,0.5914148,2254.67445036119,2.7038746812852805,8.278369E-6,15.477447,0.005958228,0.33695328,0.0058542327,0.032022085,0.010914742,0.12566325,0.015793273,0.8268921,0.001711103,0.04156346,0.0053704763,0.13710125,0.020102032,0.12839107,0.015021319,0.8268921,0.001711103,"TWOGAUSSIANS_WITH_ELLIPSOIDAL_ON_ECLIPSE2",9,61.535877,0.8268921,0.001711103,0.23275538,0.030074667,0.39388305,0.019569028,0.33552328,0.0054094973,0.17932367,0.061122555,0.38156533,0.02468849
375316653866487564,2180569224194767360,0.5862284,2223.2232616403685,2.683054885826152,1.6263863E-5,18.242685,0.0296589,0.26574442,0.0061077345,0.09093353,0.012161311,0.3343934,0.0282084,0.75771147,0.0067517166,0.101601504,0.012105531,0.35510945,0.037426706,null,null,null,null,"TWOGAUSSIANS",8,3.7896023,0.75771147,0.0067517166,0.4,0.0,0.33390158,0.027600985,0.26574442,0.0061077345,0.4,0.0,0.31318954,0.009264464
375316653866487564,2180570804743086848,0.5111512,2221.655575256988,0.051653589807305694,3.1481064E-5,18.88479,0.004341652,0.5014819,0.010759163,0.013289752,0.004980266,0.15736246,0.040799897,0.7993988,0.052444942,0.056417078,0.03007445,1.1463648,21.524395,null,null,null,null,"TWOGAUSSIANS",8,5.245332,0.7993988,0.052444942,0.31593564,0.16841692,1.1463648,21.524395,0.5014819,0.010759163,0.07442261,0.02788949,0.15736347,0.040800266
375316653866487564,2180571564961268224,0.5887744,2257.3908726308155,1.2692383139191497,9.765398E-6,16.330044,0.006129733,0.22939545,0.0027662863,0.037652873,0.011807114,0.061975088,0.014932924,0.73204786,0.0071541425,0.06129417,0.006179707,0.08943064,0.019403938,0.08330459,0.008009148,0.22939545,0.0027662863,"TWOGAUSSIANS_WITH_ELLIPSOIDAL_ON_ECLIPSE1",9,11.566568,0.73204786,0.0069108843,0.34324735,0.03460636,0.2559751,0.011951044,0.22939545,0.0027662863,0.21085608,0.06611984,0.22856583,0.011598046
375316653866487564,2180572625809438464,0.5282615,2255.298663248959,2.651983043820554,1.4551101E-5,18.63609,0.011833364,0.18646464,0.0067302333,0.084654756,0.00917801,0.35261303,0.035439488,0.6948684,0.0027630343,0.08312288,0.004605773,0.40546668,0.017497918,null,null,null,null,"TWOGAUSSIANS",8,5.1437078,0.6948684,0.0027630343,0.4,0.0,0.3978055,0.017132988,0.18646464,0.0067302333,0.4,0.0,0.34495184,0.0370146
375316653866487564,2180573832703874432,0.52907425,2236.982254512111,2.8258978443484932,1.5384418E-5,17.038671,0.15347177,0.19104026,0.0050247987,0.099225946,0.028851464,0.2924593,0.13067797,0.68322575,0.011788889,0.12495936,0.07177198,0.23861977,0.12662964,null,null,null,null,"TWOGAUSSIANS",8,13.639689,0.19108026,0.0045143724,0.4,0.0,0.25295842,0.015371751,0.68322575,0.011788889,0.4,0.0,0.19895682,0.033444863
375316653866487564,2180574275076889472,0.4537482,2187.317039301295,0.9869708322148576,1.4938756E-5,18.65836,0.007811815,0.18410818,0.0024297906,0.044579778,0.0040673558,0.11694461,0.00820506,0.6458052,0.020730466,0.111890584,0.017429845,0.08316653,0.012066209,null,null,null,null,"TWOGAUSSIANS",8,1.9756753,0.18411818,0.0024265132,0.24964677,0.022777192,0.11652006,0.007889942,0.6458052,0.020730466,0.4,0.0,0.0827245,0.011879986
375316653866487564,2180574446875671040,0.54723746,2188.4694484899014,2.2309749261495986,2.4743578E-5,19.196491,0.011501022,0.26042056,0.00652518,0.062624134,0.0072592273,0.43916127,0.03429446,0.75364715,0.0042285426,0.07713209,0.00668052,0.16546232,0.013809772,null,null,null,null,"TWOGAUSSIANS",8,1.5675573,0.26042056,0.00652518,0.35069516,0.04065167,0.4384598,0.034451853,0.75364715,0.0042285426,0.4,0.0,0.16476086,0.013353829
375316653866487564,2180574446875725568,0.45164737,2185.3655078588645,0.29701756622155645,3.0052373E-5,18.708454,0.0046483986,0.46851856,0.0067700357,0.025793938,0.0062151486,0.20577009,0.13999201,0.77391934,0.01234559,0.07033288,0.011579688,0.07000956,0.031801213,null,null,null,null,"TWOGAUSSIANS",8,3.3167057,0.46851856,0.0067700357,0.14444605,0.034804832,0.20577574,0.13999332,0.77391934,0.01234559,0.39386413,0.05248829,0.07000956,0.031801213
375316653866487564,2180574829136280192,0.65112954,2222.9244897685912,1.7706229007902305,5.8269193E-6,15.033395,0.0057020104,0.24015246,0.0012694853,0.09213958,0.0023056315,0.38150877,0.008760899,0.73736376,0.003992689,0.08268916,0.004703396,0.4265497,0.0051136063,null,null,null,null,"TWOGAUSSIANS",8,24.763655,0.73736376,0.003992689,0.4,0.0,0.4137122,0.004329422,0.24015246,0.0012694853,0.4,0.0,0.368671,0.008589763
375316653866487564,2180575722482690560,0.49189234,2223.516676616305,1.3728591718755323,1.34362745E-5,19.413298,0.010639717,0.24304464,0.011919767,0.05617413,0.01287571,0.09147622,0.014015844,0.7751856,0.0018794828,0.037575986,0.0021365457,0.4432332,0.027432647,null,null,null,null,"TWOGAUSSIANS",8,3.0531087,0.7751856,0.0018794828,0.21042553,0.011964656,0.44323316,0.027432628,0.24304464,0.011919767,0.3145751,0.07210398,0.09147618,0.014015816
375316653866487564,2180576718915584896,0.5442424,2207.171637609549,3.1070678979268327,1.47069595E-5,19.280643,0.013751193,0.23243167,0.007863179,0.04136303,0.0163343,0.2424983,0.0594389,0.7328042,0.0058257217,0.0466189,0.004578989,0.22337787,0.027563805,0.13896115,0.014569832,0.23243167,0.007863179,"TWOGAUSSIANS_WITH_ELLIPSOIDAL_ON_ECLIPSE1",9,5.8335567,0.23243167,0.007863179,0.23163296,0.09147208,0.52042043,0.053045023,0.7328042,0.004967882,0.26106584,0.02564234,0.5012985,0.0151534695
375316653866487564,2180580288031634304,0.51477873,2220.0202386666524,2.831850923268359,9.70309E-6,19.517313,0.008806967,0.24659769,0.005418873,0.085527346,0.0049196347,0.49413007,0.024321008,0.73836774,0.0036276684,0.08518455,0.0075991014,0.45469424,0.055894416,null,null,null,null,"TWOGAUSSIANS",8,1.6544101,0.24659769,0.005418873,0.4,0.0,0.4828531,0.024824616,0.73836774,0.0036276684,0.4,0.0,0.44341728,0.05966297
375316653866487564,2180580704646569856,0.53637034,2219.6774103961543,0.29791304791597595,1.1382497E-4,19.226873,0.0061090738,0.659937,0.052816495,0.039183524,0.03787459,1.2637594,5.7167155E10,null,null,null,null,null,null,0.008428103,0.008908273,0.659937,0.052816495,"ONEGAUSSIAN_WITH_ELLIPSOIDAL",6,3.1894867,0.659937,0.052816495,0.21942773,0.21209772,1.2806156,5.7167155E10,null,null,null,null,null,null
375316653866487564,2180580704651963136,0.4494682,2235.521976924015,0.03028537956018312,2.80777E-5,16.955599,0.0034672238,0.22070648,0.013532302,0.09484411,0.017332343,0.093688,0.011930648,0.6938648,9.208506E-4,0.0069913142,7.4626907E-4,0.057690334,0.0049448735,null,null,null,null,"TWOGAUSSIANS",8,13.60572,0.22070648,0.013532302,0.4,0.0,0.09368778,0.011931579,0.6938648,9.208506E-4,0.03915136,0.004179107,0.0576905,0.0049452083
375316653866487564,2180582800595863296,0.529766,2247.5880167106484,1.0695824558324847,4.215208E-5,19.086039,0.004594643,0.14626314,4.232066E-5,0.0038193723,1.15903415E-4,0.4076999,0.004864341,0.67774653,0.046539005,0.018905837,0.029805848,0.11786604,0.1064103,null,null,null,null,"TWOGAUSSIANS",8,2.2629304,0.14626314,4.232066E-5,0.021388484,6.4905913E-4,0.4076999,0.004864341,0.67774653,0.046539005,0.10587268,0.16691275,0.11786604,0.1064103
