Gaia/vari_eclipsing_binary/VariEclipsingBinary_603783-603832.csv
# %ECSV 1.0
# ---
# delimiter: ','
# meta: !!omap
# - RELEASE: Gaia DR3
# - TABLE: vari_eclipsing_binary
# - DESCRIPTION: >
#     This table describes the properties of the eclipsing binaries resulting from the variability analysis. 
# - CITATION: >
#     How to cite and acknowledge Gaia: 
#     https://gea.esac.esa.int/archive/documentation/credits.html 
# - KNOWN_ISSUES: >
#     Known issues: 
#     https://www.cosmos.esa.int/web/gaia-users/known-issues 
# - DOCUMENTATION: >
#     Tutorials and documentation: 
#     https://www.cosmos.esa.int/web/gaia-users/archive 
# datatype:
# - 
#   name: solution_id
#   datatype: int64
#   description: Solution Identifier
#   meta:
#     ucd: meta.version
# - 
#   name: source_id
#   datatype: int64
#   description: Unique source identifier
#   meta:
#     ucd: meta.id;meta.main
# - 
#   name: global_ranking
#   datatype: float32
#   description: Number between 0 (worst) and 1 (best)
#   meta:
#     ucd: stat.param
# - 
#   name: reference_time
#   datatype: float64
#   unit: d
#   description: Reference time used for the geometric model fit
#   meta:
#     ucd: time.epoch
# - 
#   name: frequency
#   datatype: float64
#   unit: d**-1
#   description: Frequency of geometric model of the eclipsing binary light curve
#   meta:
#     ucd: src.orbital
# - 
#   name: frequency_error
#   datatype: float32
#   unit: d**-1
#   description: "Uncertainty of \\texttt{frequency}"
#   meta:
#     ucd: stat.error
# - 
#   name: geom_model_reference_level
#   datatype: float32
#   unit: mag
#   description: Magnitude reference level of geometric model
#   meta:
#     ucd: phot.mag;em.opt
# - 
#   name: geom_model_reference_level_error
#   datatype: float32
#   unit: mag
#   description: "Uncertainty of \\texttt{geomModelReferenceLevel}"
#   meta:
#     ucd: stat.error;phot.mag;em.opt
# - 
#   name: geom_model_gaussian1_phase
#   datatype: float32
#   description: Phase of the Gaussian 1 component
#   meta:
#     ucd: time.phase
# - 
#   name: geom_model_gaussian1_phase_error
#   datatype: float32
#   description: "Uncertainty of \\texttt{geomModelGaussian1Phase}"
#   meta:
#     ucd: stat.error;time.phase
# - 
#   name: geom_model_gaussian1_sigma
#   datatype: float32
#   description: "Standard deviation [phase] of Gaussian 1 component"
#   meta:
#     ucd: stat.stdev
# - 
#   name: geom_model_gaussian1_sigma_error
#   datatype: float32
#   description: "Uncertainty of \\texttt{geomModelGaussian1Sigma}"
#   meta:
#     ucd: stat.error
# - 
#   name: geom_model_gaussian1_depth
#   datatype: float32
#   unit: mag
#   description: Magnitude depth of Gaussian 1 component
#   meta:
#     ucd: src.var.amplitude
# - 
#   name: geom_model_gaussian1_depth_error
#   datatype: float32
#   unit: mag
#   description: "Uncertainty of \\texttt{geomModelGaussian1Depth}"
#   meta:
#     ucd: stat.error;src.var.amplitude
# - 
#   name: geom_model_gaussian2_phase
#   datatype: float32
#   description: Phase of Gaussian 2 component
#   meta:
#     ucd: time.phase
# - 
#   name: geom_model_gaussian2_phase_error
#   datatype: float32
#   description: "Uncertainty of \\texttt{geomModelGaussian2Phase}"
#   meta:
#     ucd: stat.error;time.phase
# - 
#   name: geom_model_gaussian2_sigma
#   datatype: float32
[...]
#   datatype: float32
#   description: "Secondary eclipse: uncertainty of \\texttt{derivedSecondaryEclDuration}"
#   meta:
#     ucd: stat.error;time.duration
# - 
#   name: derived_secondary_ecl_depth
#   datatype: float32
#   unit: mag
#   description: "Secondary eclipse: depth"
#   meta:
#     ucd: src.var.amplitude
# - 
#   name: derived_secondary_ecl_depth_error
#   datatype: float32
#   unit: mag
#   description: "Secondary eclipse: uncertainty of \\texttt{derivedSecondaryEclDepth}"
#   meta:
#     ucd: stat.error;src.var.amplitude
solution_id,source_id,global_ranking,reference_time,frequency,frequency_error,geom_model_reference_level,geom_model_reference_level_error,geom_model_gaussian1_phase,geom_model_gaussian1_phase_error,geom_model_gaussian1_sigma,geom_model_gaussian1_sigma_error,geom_model_gaussian1_depth,geom_model_gaussian1_depth_error,geom_model_gaussian2_phase,geom_model_gaussian2_phase_error,geom_model_gaussian2_sigma,geom_model_gaussian2_sigma_error,geom_model_gaussian2_depth,geom_model_gaussian2_depth_error,geom_model_cosine_half_period_amplitude,geom_model_cosine_half_period_amplitude_error,geom_model_cosine_half_period_phase,geom_model_cosine_half_period_phase_error,model_type,num_model_parameters,reduced_chi2,derived_primary_ecl_phase,derived_primary_ecl_phase_error,derived_primary_ecl_duration,derived_primary_ecl_duration_error,derived_primary_ecl_depth,derived_primary_ecl_depth_error,derived_secondary_ecl_phase,derived_secondary_ecl_phase_error,derived_secondary_ecl_duration,derived_secondary_ecl_duration_error,derived_secondary_ecl_depth,derived_secondary_ecl_depth_error
[from data line 647]
375316653866487564,5311249913652393728,0.50355893,2082.5430263702024,1.1707948768717737,1.0559471E-5,17.462543,0.12025785,0.20854475,0.008446102,0.13392536,0.074185535,0.09072732,0.1173764,0.7053726,0.0038789879,0.12711693,0.049687885,0.10774598,0.108902685,null,null,null,null,"TWOGAUSSIANS",8,1.85592,0.7053726,0.0038767161,0.4,0.0,0.07721433,0.0050952146,0.20859474,0.008474713,0.4,0.0,0.060118996,0.0046757082
375316653866487564,5311250394686433536,0.5302958,2047.505791011441,0.06850227471650033,1.6352189E-5,17.947506,0.012949861,0.16107026,0.0065801213,0.0175231,0.010688891,0.06770847,0.12104796,0.64076483,0.0060204836,0.17524411,0.01581783,0.19186378,0.011571336,null,null,null,null,"TWOGAUSSIANS",8,3.9594214,0.64076483,0.0060204836,0.4,0.0,0.18393573,0.0073382654,0.16121025,0.0067446805,0.09812937,0.05985779,0.06664893,0.12210132
375316653866487564,5311250669566661376,0.44526964,2077.708946061226,3.5751827488876766,2.1289152E-5,18.582144,0.3820433,0.21415395,0.014478405,0.16212955,0.14544009,0.21592733,0.37647295,0.7196243,0.012724348,0.115612194,0.046718653,0.2313613,0.26560625,null,null,null,null,"TWOGAUSSIANS",8,6.3420067,0.7200343,0.012256425,0.4,0.0,0.15213458,0.016428413,0.21411395,0.014396124,0.4,0.0,0.133006,0.015367351
375316653866487564,5311253044686292352,0.5474096,2087.3436619848417,2.57520173230894,1.4730764E-5,18.997324,0.018696062,0.29471424,0.0025408012,0.06806954,0.0062441872,0.6160164,0.048673272,0.80878735,0.0055473,0.066152744,0.009971037,0.27214247,0.025552433,null,null,null,null,"TWOGAUSSIANS",8,3.9821393,0.29471424,0.0025408012,0.3811894,0.02792433,0.61548185,0.049091335,0.80878735,0.0055473,0.37045535,0.055837806,0.27160794,0.025583459
375316653866487564,5311253315268203008,0.43272018,2107.3700557651487,1.381407356417533,3.046627E-5,17.97142,0.0050007645,0.26388016,0.011213969,0.042674027,0.012592275,0.07990549,0.011870967,0.7269316,0.013138031,0.064067096,0.012614359,0.046060942,0.010526398,null,null,null,null,"TWOGAUSSIANS",8,5.275846,0.26388016,0.011213969,0.23897456,0.07051674,0.07990513,0.011870675,0.7269316,0.013138031,0.35877573,0.070640415,0.046060584,0.0105260685
375316653866487564,5311253555784899200,0.56290287,2060.3914859951333,0.11631960161125221,6.358112E-6,17.699947,0.0031835868,0.23300019,0.005132851,0.020907313,0.003934046,0.2107457,0.119374834,0.7396383,5.4876297E-4,0.00894547,6.0417084E-4,0.32708842,0.039663892,null,null,null,null,"TWOGAUSSIANS",8,2.454091,0.7396383,5.4876297E-4,0.050094627,0.0033833568,0.32708842,0.039663892,0.23300019,0.005132851,0.11708096,0.022030657,0.2107457,0.119374834
375316653866487564,5311253560095849728,0.5789378,2044.2768999811851,1.9836713120932128,8.228069E-6,17.17924,0.009629632,0.2641237,0.0023017412,0.053311065,0.008680055,0.1265221,0.022417976,0.7654145,0.00501015,0.044711843,0.008935089,0.11795352,0.023708688,0.111471236,0.014090468,0.2641237,0.0023017412,"TWOGAUSSIANS_WITH_ELLIPSOIDAL_ON_ECLIPSE1",9,9.51439,0.2641237,0.0023017412,0.29854196,0.048608307,0.34946233,0.008687703,0.7654145,0.0047980864,0.25038633,0.050036497,0.34087908,0.010563778
375316653866487564,5311255273771844352,0.5564711,2092.0796598241673,0.5453070108352138,3.680621E-5,19.072817,0.002953287,0.18004629,1.7962033E-4,0.022579031,1.8484451E-4,0.52844995,0.0029986259,0.7875747,0.02888029,0.029761411,0.026363913,0.036977462,0.03324438,null,null,null,null,"TWOGAUSSIANS",8,1.0489813,0.18004629,1.7962033E-4,0.12644257,0.0010351293,0.52844995,0.0029986259,0.7875747,0.02888029,0.1666639,0.14763792,0.036977462,0.03324438
375316653866487564,5311255621680189184,0.497694,2079.293269192102,2.5450140783975757,2.1749041E-5,17.724636,0.017094016,0.21250764,0.0069613955,0.046944585,0.007857079,0.17326137,0.04241782,0.730818,0.021466956,0.05514521,0.037437547,0.159596,0.044881906,0.078940585,0.023262585,0.21250764,0.0069613955,"TWOGAUSSIANS_WITH_ELLIPSOIDAL_ON_ECLIPSE1",9,34.567715,0.21250764,0.0069613955,0.26288965,0.043999642,0.33114126,0.017229224,0.730818,0.021466956,0.30881318,0.1292619,0.31539539,0.024479408
375316653866487564,5311255621680189952,0.5100182,2088.585926479326,2.172580342815361,1.2980019E-4,18.493612,0.002611865,0.33399212,0.036321122,0.03461967,0.03550391,0.016558176,0.0693879,0.69447803,0.0019521576,0.016385557,0.001562353,0.25350627,0.024340512,null,null,null,null,"TWOGAUSSIANS",8,1.2350088,0.69447803,0.0019521576,0.091759115,0.008749177,0.25350627,0.024340512,0.33399212,0.036321122,0.19387016,0.19882189,0.016558176,0.0693879
375316653866487564,5311255960966701824,0.4470018,2076.1451581165365,3.1861010386398094,2.6982088E-5,18.77444,0.012040397,0.24510838,0.0060682297,0.042773575,0.008412615,0.19886042,0.055239454,0.7468712,0.008138416,0.076168045,0.012414958,0.16783844,0.012010925,null,null,null,null,"TWOGAUSSIANS",8,13.293356,0.24510838,0.0060682297,0.23953201,0.047110647,0.19881375,0.055232927,0.7468712,0.008138416,0.4,0.018146802,0.16779175,0.012008358
375316653866487564,5311255995326416256,0.50591713,2073.4746233909013,2.423045494173138,3.2333013E-5,18.56297,0.004732639,0.3314012,0.061330926,0.032517523,0.025984833,0.77051425,2.309732,null,null,null,null,null,null,null,null,null,null,"ONEGAUSSIAN",5,11.551506,0.3314012,0.061330926,0.18209814,0.14551507,0.77051425,0.0,null,null,null,null,null,null
375316653866487564,5311256648161557248,0.60530543,2088.899976279697,4.02015100598238,5.9617814E-6,18.700571,0.008813597,0.2781483,0.002486787,0.06954534,0.0033446448,0.62185884,0.021657005,0.7719726,0.0018816066,0.07231928,0.0022703516,0.5840953,0.011772867,null,null,null,null,"TWOGAUSSIANS",8,3.108935,0.2781483,0.002486787,0.38945392,0.01873001,0.6197874,0.021841818,0.7719726,0.0018816066,0.4,6.2996824E-4,0.58202386,0.011490233
375316653866487564,5311257129193015936,0.42825198,2057.889239707294,1.1211753002935487,2.6015457E-5,18.963112,0.01032263,0.16861278,0.006033128,0.038263116,0.0072790887,0.09506372,0.010891673,0.6804375,0.009753962,0.051751126,0.030167995,0.17857301,0.12427291,null,null,null,null,"TWOGAUSSIANS",8,5.3754787,0.6804375,0.009753962,0.2898063,0.16894077,0.178573,0.12427464,0.16861278,0.006033128,0.21427344,0.040762898,0.0950637,0.010890833
375316653866487564,5311258679699032320,0.48200297,2051.6522027100314,2.1215276172348148,2.7513213E-6,16.534952,0.0033545,0.26673985,0.087728664,0.07271756,0.10167145,0.01036526,0.0037592526,0.8211934,9.0563454E-4,0.018674547,6.3597073E-4,0.28439036,0.009611285,null,null,null,null,"TWOGAUSSIANS",8,13.953546,0.8211934,9.0563454E-4,0.10457747,0.0035614362,0.28439036,0.009611285,0.26673985,0.087728664,0.4,0.5272545,0.01036526,0.0037592568
375316653866487564,5311259018980911488,0.5076784,2052.193877032215,0.41679149785391795,2.2523063E-5,18.734201,0.0020991415,0.18883277,0.0022342876,0.01251584,0.0015684215,0.3467581,0.1063504,0.6879122,4.1139523E-5,0.016321177,2.08491E-4,0.259079,0.0017820568,null,null,null,null,"TWOGAUSSIANS",8,1.1738477,0.18883277,0.0022342876,0.07008871,0.00878316,0.3467581,0.1063504,0.6879122,4.1139523E-5,0.09139859,0.0011675495,0.259079,0.0017820568
375316653866487564,5311259057647935744,0.45265198,2086.5949765561086,2.947526513598621,2.1921798E-5,19.089893,0.0048751547,null,null,null,null,null,null,null,null,null,null,null,null,0.07975823,0.0064289807,0.23975421,0.00743854,"ELLIPSOIDAL",4,4.1955194,null,null,null,null,null,null,null,null,null,null,null,null
375316653866487564,5311259985369135104,0.614178,2101.3776112976643,1.2939387472345827,6.4423925E-6,14.86058,0.008049433,0.29410747,0.0019869497,0.07958534,0.0024719213,0.52695245,0.012537125,0.8122279,0.002311904,0.08371242,0.003938095,0.27920824,0.014063761,null,null,null,null,"TWOGAUSSIANS",8,89.67222,0.29410747,0.0019869497,0.4,0.0,0.5220272,0.012113713,0.8122279,0.002311904,0.4,0.0,0.27428296,0.014079402
375316653866487564,5311260084133097984,0.6340129,2057.8451355875227,0.5055744550725141,7.4236827E-6,18.261864,0.004354408,0.21986088,0.0069136266,0.020566156,0.007141042,1.1888294,1.278566,0.7194941,0.0013944838,0.027337935,0.0023830817,0.1537238,0.011826198,0.03748886,0.0064178226,0.21986088,0.0069136266,"TWOGAUSSIANS_WITH_ELLIPSOIDAL_ON_ECLIPSE1",9,2.885175,0.21986088,0.0069136266,0.11517047,0.039989833,1.263807,1.2806183,0.7195041,0.001300169,0.15309243,0.013345257,0.2287011,0.010067202
375316653866487564,5311260363326253312,0.48904064,2087.0186967858494,0.6028298724661744,1.2084721E-5,16.732588,0.0018157427,0.35588232,0.002269251,0.013702582,0.00509471,0.24018681,0.098739505,null,null,null,null,null,null,null,null,null,null,"ONEGAUSSIAN",5,13.493583,0.35588232,0.002269251,0.07673446,0.028530376,0.24018681,0.0,null,null,null,null,null,null
375316653866487564,5311260565169365248,0.5380151,2065.2997666820565,1.0193446594887896,1.1359031E-6,17.39343,0.0049686288,0.28950468,7.6546386E-4,0.0176388,0.0011129157,0.6252515,0.092119314,0.78926957,0.05921001,0.01917883,0.027332187,0.39535958,0.3151304,null,null,null,null,"TWOGAUSSIANS",8,24.485935,0.28950468,7.6546386E-4,0.09877728,0.0062323282,0.6252515,0.092119314,0.78926957,0.05921001,0.107401446,0.15306024,0.39535958,0.3151304
375316653866487564,5311261050521045632,0.6235437,2091.8987704178135,1.5822164099200478,6.1660207E-6,16.854818,0.003924383,0.24338137,0.0029988762,0.038539506,0.007865664,0.03766661,0.011801158,0.73603696,0.0010396693,0.050595414,0.0023171124,0.22508368,0.009275651,0.029873623,0.005087102,0.24338137,0.0029988762,"TWOGAUSSIANS_WITH_ELLIPSOIDAL_ON_ECLIPSE1",9,1.8289423,0.736407,9.4346894E-4,0.2833343,0.01297583,0.28470933,0.007534667,0.24338137,0.0029988762,0.21582124,0.044047717,0.09741294,0.0075514875
375316653866487564,5311261565917024000,0.5515307,2108.5167823349516,0.2676411453540123,4.1207928E-5,16.584595,0.0011757779,0.16217117,0.013980248,0.018840732,0.0095586525,0.007190669,0.005212156,0.34388268,0.015445915,0.027268143,0.019630143,0.21519358,0.23252606,null,null,null,null,"TWOGAUSSIANS",8,6.5338826,0.34388268,0.015445915,0.1527016,0.1099288,0.21519358,0.23252606,0.16217117,0.013980248,0.1055081,0.053528454,0.007190669,0.005212156
375316653866487564,5311263146464779776,0.47604713,2075.9008836008,3.3619368519070254,1.3798297E-5,18.623968,0.0035524983,0.7458476,0.0042954152,0.06971182,0.06144852,0.015768139,0.013005672,null,null,null,null,null,null,0.06562528,0.0047858045,0.7458476,0.0042954152,"ONEGAUSSIAN_WITH_ELLIPSOIDAL",6,2.866231,0.7458476,0.0042954152,0.3903862,0.30608913,0.14699337,0.011806052,null,null,null,null,null,null
375316653866487564,5311263279588932352,0.6043333,2076.1586654536495,0.7329640578448537,1.3404183E-6,18.179682,0.0024402793,0.23144358,0.014330377,0.025825778,0.007702423,0.6070033,0.12388384,0.73002005,5.3310354E-4,0.0272568,6.295781E-4,0.52490336,0.017383402,null,null,null,null,"TWOGAUSSIANS",8,2.9929965,0.23144358,0.014330377,0.14462435,0.043133568,0.6070033,0.12388384,0.73002005,5.3310354E-4,0.15263808,0.0035256373,0.52490336,0.017383402
375316653866487564,5311264039810114432,0.49123064,2082.188711670519,2.4340633406542103,1.6724742E-5,18.132685,0.029065777,0.31016758,0.0052372897,0.08891297,0.01484605,0.18884917,0.02589644,0.81744385,0.009268343,0.08230637,0.02825415,0.17614435,0.021661032,null,null,null,null,"TWOGAUSSIANS",8,5.729757,0.31016758,0.0052372897,0.4,0.0,0.1843179,0.017372368,0.81744385,0.009268343,0.4,0.0,0.17161314,0.013081319
375316653866487564,5311264761372528768,0.4608464,2062.267891963038,1.8352367348978729,1.5397276E-5,18.009848,0.007738006,0.18047278,0.0127186505,0.030517738,0.0104286745,0.09795383,0.026205173,0.61474156,0.0041521895,0.030466255,0.0038879316,0.24609454,0.017558109,null,null,null,null,"TWOGAUSSIANS",8,24.751678,0.61474156,0.0041521895,0.17061102,0.021772416,0.24609454,0.017558109,0.18047278,0.0127186505,0.17089933,0.058400575,0.09795383,0.026205173
375316653866487564,5311265276768627712,0.64975905,2065.6843009587305,1.429977494107128,3.1454767E-6,13.90198,0.010848662,0.15541205,0.0010610974,0.060490005,0.014772234,0.067682505,0.02035359,0.6516633,0.0022483177,0.054597564,0.005571087,0.1355151,0.02382444,0.06576689,0.013183302,0.15541205,0.0010610974,"TWOGAUSSIANS_WITH_ELLIPSOIDAL_ON_ECLIPSE1",9,23.685179,0.6523633,0.0018006689,0.30574638,0.031198086,0.26697248,0.0038325149,0.15541205,0.0010610974,0.338744,0.082724504,0.1991993,0.006951076
375316653866487564,5311265306813935616,0.5837654,2048.931302794937,2.5616527123930393,6.590448E-6,18.031761,0.015168346,0.2884098,0.0030106755,0.09980044,0.0057216478,0.32113695,0.015579366,0.7900365,0.002613557,0.09329063,0.0055943686,0.33891597,0.014054487,null,null,null,null,"TWOGAUSSIANS",8,2.6899514,0.7900365,0.002613557,0.4,0.0,0.3163678,0.008061288,0.2884098,0.0030106755,0.4,0.0,0.2985869,0.011106948
375316653866487564,5311265925288790144,0.55435437,2130.585665974739,0.14661946587934005,4.9074047E-6,19.308893,0.0020052264,0.28807205,6.663597E-4,0.030214181,9.68013E-4,1.2770325,0.20762792,0.77952594,1.5451098E-5,0.0034472446,4.1368785E-5,0.8377981,0.02376913,null,null,null,null,"TWOGAUSSIANS",8,0.4811263,0.28807205,6.663597E-4,0.1691994,0.005420873,1.2770325,0.20762792,0.77952594,1.5451098E-5,0.01930457,2.316652E-4,0.8377981,0.02376913
375316653866487564,5311266513721129088,0.56682724,2086.7668525478985,0.10384403016403293,2.2389356E-6,17.651749,0.0069133476,0.08879153,0.010250289,0.009524318,0.0032037061,1.4022491,1.0529876,0.25641927,0.01440156,0.012117542,0.013128703,0.14474289,0.034123924,null,null,null,null,"TWOGAUSSIANS",8,33.137287,0.08879153,0.010250289,0.053336184,0.017940754,1.4022491,1.0529876,0.25641927,0.01440156,0.06785824,0.07352074,0.14474289,0.034123924
375316653866487564,5311266891676593920,0.5113488,2075.0645490259653,2.968124417944045,1.8612249E-5,17.093105,0.034921393,0.23013012,0.013324701,0.092619255,0.028979639,0.16830255,0.031005109,0.7082046,0.0050188135,0.09559512,0.013696173,0.34842739,0.029163687,null,null,null,null,"TWOGAUSSIANS",8,44.23453,0.7082046,0.0050188135,0.4,0.0,0.338104,0.01964688,0.23013012,0.013328207,0.4,0.0,0.15798028,0.019574631
375316653866487564,5311267265318921472,0.60970974,2104.3640184991255,0.32653061932875255,1.5880867E-5,17.875593,0.0034041256,0.22479163,0.0047291312,0.032105666,0.004001864,0.63044655,0.024866296,0.72735447,0.027416144,0.024696019,0.02482196,0.055435482,1.32144968E10,0.009456609,0.0050070975,0.72735447,0.027416144,"TWOGAUSSIANS_WITH_ELLIPSOIDAL_ON_ECLIPSE2",9,3.0600839,0.22480163,0.0047096177,0.17979173,0.02241044,0.6493549,0.025105124,0.72735447,0.027416144,0.1382977,0.13900296,0.07434869,1.32144968E10
375316653866487564,5311267441432437632,0.5996764,2141.3634330860305,1.040897796825323,2.76042E-6,12.758862,0.0038847215,0.3188397,8.494721E-4,0.082839556,0.0018071317,0.36287287,0.0067667025,0.82242185,0.0017945422,0.10302788,0.0028513193,0.19379696,0.0046084654,null,null,null,null,"TWOGAUSSIANS",8,84.63164,0.3188397,8.494721E-4,0.4,0.0,0.35007405,0.0075676693,0.82242185,0.0017945422,0.4,0.0,0.18099514,0.0044821063
375316653866487564,5311267510151933696,0.6769786,2115.8657839541993,2.023050969656995,2.4970402E-6,14.152467,0.0053033773,0.20991644,0.0011128504,0.058077175,0.0038311833,0.13974874,0.011483239,0.7136758,0.0014674108,0.051387034,0.0023391421,0.200482,0.01188458,0.09379224,0.006506893,0.20991644,0.0011128504,"TWOGAUSSIANS_WITH_ELLIPSOIDAL_ON_ECLIPSE1",9,25.02305,0.7136758,0.0014674108,0.28776738,0.013099196,0.38794646,0.0033841627,0.20991644,0.0011128504,0.32523218,0.021454627,0.32731786,0.0027326928
375316653866487564,5311268231698487808,0.67432284,2100.1346698243174,0.9468344459042641,1.8441857E-6,18.041325,0.0053704614,0.21681973,7.3191297E-4,0.043903176,0.0014449245,0.51355976,0.010792479,0.7195145,0.011435082,0.045603674,0.0056364103,0.3787923,0.09081228,0.068284616,0.0074366177,0.21681973,7.3191297E-4,"TWOGAUSSIANS_WITH_ELLIPSOIDAL_ON_ECLIPSE1",9,1.0506692,0.21681973,7.3191297E-4,0.24585779,0.008091577,0.65012866,0.006974785,0.7195145,0.010953417,0.25538057,0.0315639,0.515322,0.088203624
