Gaia/vari_eclipsing_binary/VariEclipsingBinary_028827-029041.csv
# %ECSV 1.0
# ---
# delimiter: ','
# meta: !!omap
# - RELEASE: Gaia DR3
# - TABLE: vari_eclipsing_binary
# - DESCRIPTION: >
#     This table describes the properties of the eclipsing binaries resulting from the variability analysis. 
# - CITATION: >
#     How to cite and acknowledge Gaia: 
#     https://gea.esac.esa.int/archive/documentation/credits.html 
# - KNOWN_ISSUES: >
#     Known issues: 
#     https://www.cosmos.esa.int/web/gaia-users/known-issues 
# - DOCUMENTATION: >
#     Tutorials and documentation: 
#     https://www.cosmos.esa.int/web/gaia-users/archive 
# datatype:
# - 
#   name: solution_id
#   datatype: int64
#   description: Solution Identifier
#   meta:
#     ucd: meta.version
# - 
#   name: source_id
#   datatype: int64
#   description: Unique source identifier
#   meta:
#     ucd: meta.id;meta.main
# - 
#   name: global_ranking
#   datatype: float32
#   description: Number between 0 (worst) and 1 (best)
#   meta:
#     ucd: stat.param
# - 
#   name: reference_time
#   datatype: float64
#   unit: d
#   description: Reference time used for the geometric model fit
#   meta:
#     ucd: time.epoch
# - 
#   name: frequency
#   datatype: float64
#   unit: d**-1
#   description: Frequency of geometric model of the eclipsing binary light curve
#   meta:
#     ucd: src.orbital
# - 
#   name: frequency_error
#   datatype: float32
#   unit: d**-1
#   description: "Uncertainty of \\texttt{frequency}"
#   meta:
#     ucd: stat.error
# - 
#   name: geom_model_reference_level
#   datatype: float32
#   unit: mag
#   description: Magnitude reference level of geometric model
#   meta:
#     ucd: phot.mag;em.opt
# - 
#   name: geom_model_reference_level_error
#   datatype: float32
#   unit: mag
#   description: "Uncertainty of \\texttt{geomModelReferenceLevel}"
#   meta:
#     ucd: stat.error;phot.mag;em.opt
# - 
#   name: geom_model_gaussian1_phase
#   datatype: float32
#   description: Phase of the Gaussian 1 component
#   meta:
#     ucd: time.phase
# - 
#   name: geom_model_gaussian1_phase_error
#   datatype: float32
#   description: "Uncertainty of \\texttt{geomModelGaussian1Phase}"
#   meta:
#     ucd: stat.error;time.phase
# - 
#   name: geom_model_gaussian1_sigma
#   datatype: float32
#   description: "Standard deviation [phase] of Gaussian 1 component"
#   meta:
#     ucd: stat.stdev
# - 
#   name: geom_model_gaussian1_sigma_error
#   datatype: float32
#   description: "Uncertainty of \\texttt{geomModelGaussian1Sigma}"
#   meta:
#     ucd: stat.error
# - 
#   name: geom_model_gaussian1_depth
#   datatype: float32
#   unit: mag
#   description: Magnitude depth of Gaussian 1 component
#   meta:
#     ucd: src.var.amplitude
# - 
#   name: geom_model_gaussian1_depth_error
#   datatype: float32
#   unit: mag
#   description: "Uncertainty of \\texttt{geomModelGaussian1Depth}"
#   meta:
#     ucd: stat.error;src.var.amplitude
# - 
#   name: geom_model_gaussian2_phase
#   datatype: float32
#   description: Phase of Gaussian 2 component
#   meta:
#     ucd: time.phase
# - 
#   name: geom_model_gaussian2_phase_error
#   datatype: float32
#   description: "Uncertainty of \\texttt{geomModelGaussian2Phase}"
#   meta:
#     ucd: stat.error;time.phase
# - 
#   name: geom_model_gaussian2_sigma
#   datatype: float32
[...]
#   datatype: float32
#   description: "Secondary eclipse: uncertainty of \\texttt{derivedSecondaryEclDuration}"
#   meta:
#     ucd: stat.error;time.duration
# - 
#   name: derived_secondary_ecl_depth
#   datatype: float32
#   unit: mag
#   description: "Secondary eclipse: depth"
#   meta:
#     ucd: src.var.amplitude
# - 
#   name: derived_secondary_ecl_depth_error
#   datatype: float32
#   unit: mag
#   description: "Secondary eclipse: uncertainty of \\texttt{derivedSecondaryEclDepth}"
#   meta:
#     ucd: stat.error;src.var.amplitude
solution_id,source_id,global_ranking,reference_time,frequency,frequency_error,geom_model_reference_level,geom_model_reference_level_error,geom_model_gaussian1_phase,geom_model_gaussian1_phase_error,geom_model_gaussian1_sigma,geom_model_gaussian1_sigma_error,geom_model_gaussian1_depth,geom_model_gaussian1_depth_error,geom_model_gaussian2_phase,geom_model_gaussian2_phase_error,geom_model_gaussian2_sigma,geom_model_gaussian2_sigma_error,geom_model_gaussian2_depth,geom_model_gaussian2_depth_error,geom_model_cosine_half_period_amplitude,geom_model_cosine_half_period_amplitude_error,geom_model_cosine_half_period_phase,geom_model_cosine_half_period_phase_error,model_type,num_model_parameters,reduced_chi2,derived_primary_ecl_phase,derived_primary_ecl_phase_error,derived_primary_ecl_duration,derived_primary_ecl_duration_error,derived_primary_ecl_depth,derived_primary_ecl_depth_error,derived_secondary_ecl_phase,derived_secondary_ecl_phase_error,derived_secondary_ecl_duration,derived_secondary_ecl_duration_error,derived_secondary_ecl_depth,derived_secondary_ecl_depth_error
[from data line 37]
375316653866487564,253638404613197824,0.6934764,2111.315535612822,1.7801763234275496,3.875007E-6,15.853296,0.0033746122,0.22402975,3.7457253E-4,0.039350215,6.957275E-4,0.4825078,0.0068843374,0.706837,0.011862296,0.02791469,0.008892459,0.06140414,0.01269447,0.032948337,0.0039905906,0.22402975,3.7457253E-4,"TWOGAUSSIANS_WITH_ELLIPSOIDAL_ON_ECLIPSE1",9,11.088173,0.22402975,3.7457253E-4,0.22036122,0.003896074,0.54840446,0.003999826,0.707897,0.011304364,0.15632226,0.049797766,0.12658179,0.0073219594
375316653866487564,253644413267573376,0.5780285,2138.527757837876,1.5354237694039685,9.970125E-6,18.796104,0.0023464037,0.76248,5.92238E-5,0.008742379,6.831064E-4,0.07475583,0.00599516,0.5665482,0.0011249605,0.04950914,0.0018031234,0.43128297,0.006816697,null,null,null,null,"TWOGAUSSIANS",8,1.3940425,0.5665482,0.0011249605,0.27725118,0.010097491,0.43128297,0.006816697,0.76247,6.887001E-5,0.048957326,0.0038253958,0.07492726,0.005977802
375316653866487564,253644859946358016,0.6030013,2117.648878522061,2.4472438770863008,5.057247E-6,17.676355,0.008488378,0.117364496,0.0011722462,0.04691364,0.0031917677,0.23162746,0.020906106,0.6141749,0.0057333107,0.048749764,0.006153266,0.22120962,0.021279411,0.12250805,0.012428454,0.117364496,0.0011722462,"TWOGAUSSIANS_WITH_ELLIPSOIDAL_ON_ECLIPSE1",9,5.5024447,0.117364496,0.0011722462,0.26271638,0.0178739,0.47664282,0.009662024,0.6147249,0.0049963817,0.2729987,0.03445829,0.4661435,0.013888109
375316653866487564,253648708235062016,0.61479765,2109.786524588253,2.579716173471847,3.6446495E-6,17.369658,0.007901499,0.25608736,0.0018483411,0.043766715,0.004282012,0.2708979,0.019289158,0.7598891,0.002879861,0.04486972,0.00653354,0.22428772,0.041517064,0.17005643,0.011863848,0.25608736,0.0018483411,"TWOGAUSSIANS_WITH_ELLIPSOIDAL_ON_ECLIPSE1",9,9.7506695,0.25608736,0.0018483411,0.2450936,0.023979269,0.61101055,0.012840091,0.7598891,0.002879861,0.25127044,0.036587823,0.5642064,0.048889343
375316653866487564,253650013905248640,0.55444473,2086.4994695380365,2.5272713107125466,8.271159E-6,18.243855,0.01814309,0.29928845,0.004143511,0.11480024,0.0083181,0.30209726,0.018120706,0.79504484,0.002263484,0.093421,0.005581187,0.33373135,0.01699101,null,null,null,null,"TWOGAUSSIANS",8,2.753224,0.79504484,0.002263484,0.4,0.0,0.30037335,0.009216698,0.29928845,0.004143511,0.4,0.0,0.26869318,0.011900431
375316653866487564,253650151344277760,0.45659253,2122.4081099912,0.15493563510686698,8.214538E-5,17.814837,0.0071208454,0.26421243,0.0052802344,0.042680345,0.008579932,0.22505882,0.0744012,0.61825556,0.012214312,0.058716908,0.025425278,0.13639615,0.03461911,0.030263903,0.0074861716,0.26421243,0.0052802344,"TWOGAUSSIANS_WITH_ELLIPSOIDAL_ON_ECLIPSE1",9,7.584146,0.26421243,0.0052779512,0.23900995,0.04804762,0.28558654,0.07793858,0.62790555,0.008798261,0.3288147,0.07861901,0.16054466,0.036495548
375316653866487564,253652041131097088,0.5028429,2067.0617589744334,3.410587042645203,1.7847284E-5,19.73001,0.013608919,0.29687384,0.005811827,0.07795598,0.01076643,0.312424,0.028829418,0.80555344,0.0053926865,0.076261334,0.0053705187,0.33842596,0.01660533,null,null,null,null,"TWOGAUSSIANS",8,1.807607,0.80555344,0.0053926865,0.4,0.0,0.33560535,0.015217868,0.29687384,0.005811827,0.4,0.0,0.30960342,0.030079395
375316653866487564,253653832135480064,0.52695185,2095.417230919724,0.3847897293329719,4.337261E-5,18.857094,0.015420105,0.15097739,0.007269048,0.047314107,0.010820427,0.11655143,0.0133219035,0.64545286,0.009302884,0.023816645,0.07755971,1.5155264,1.5884466,null,null,null,null,"TWOGAUSSIANS",8,3.6048727,0.64545286,0.009302884,0.13337322,0.2639938,1.5155264,1.5895541,0.15097739,0.007269048,0.264959,0.06059439,0.11655143,0.012478853
375316653866487564,253654033994772224,0.52135795,2083.110238905317,2.6642958909173546,1.10855235E-5,18.950209,0.033452895,0.20966929,0.002234686,0.09888693,0.008428834,0.32130378,0.031155443,0.7152769,0.0038483276,0.12226009,0.01371985,0.2794797,0.030966388,null,null,null,null,"TWOGAUSSIANS",8,1.8761522,0.2096493,0.0022481366,0.4,0.0,0.27824214,0.011562025,0.7152769,0.0038483276,0.4,0.0,0.23628728,0.013341814
375316653866487564,253657096310489984,0.57590485,2145.33996432791,3.129436694570289,5.7537513E-6,17.072796,0.01460897,0.2193589,0.0018929535,0.079504095,0.0038264124,0.32740882,0.013602784,0.71038824,0.0021192401,0.08965656,0.006277178,0.3577397,0.013475529,null,null,null,null,"TWOGAUSSIANS",8,16.392977,0.71038824,0.0021192401,0.4,0.0,0.35032755,0.012734488,0.2193589,0.0018929535,0.4,0.0,0.31999686,0.010157024
375316653866487564,253657955304036736,0.5103835,2081.850465001074,3.331461430773125,8.037111E-6,19.420519,0.013726207,0.22020608,0.0034461624,0.08978072,0.004737192,0.4161887,0.015099052,0.7213333,0.0029740767,0.08742176,0.006364982,0.43889573,0.02997174,null,null,null,null,"TWOGAUSSIANS",8,1.6734824,0.7213333,0.0029740767,0.4,0.0,0.42322913,0.03265143,0.22020608,0.0034461624,0.4,0.0,0.400522,0.011005238
375316653866487564,253659020455902848,0.55980647,2138.937987986603,3.4553447785502596,8.4734265E-6,17.672144,0.0058509805,0.20436284,0.0020562152,0.08314527,0.0032960929,0.3829065,0.015318372,0.7078936,0.0041447594,0.07905432,0.004741248,0.35513538,0.018861212,null,null,null,null,"TWOGAUSSIANS",8,10.725784,0.20436284,0.0020562152,0.4,0.0,0.37694457,0.015971405,0.7078936,0.0041447594,0.4,0.0,0.34917352,0.019434739
375316653866487564,253661837954711936,0.5914691,2119.377323935649,3.122655844749782,3.7516827E-6,17.016653,0.025235055,0.3038763,0.0020447127,0.061492298,0.01128719,0.1602982,0.052674226,0.813219,0.00845533,0.06313035,0.00925846,0.17125048,0.053789806,0.13756959,0.026269242,0.3038763,0.0020447127,"TWOGAUSSIANS_WITH_ELLIPSOIDAL_ON_ECLIPSE1",9,11.881064,0.813219,0.00845533,0.35352996,0.051847376,0.44536304,0.013950509,0.3038763,0.0020447127,0.34435686,0.06320827,0.43535778,0.023506556
375316653866487564,253665170849175424,0.66076684,2141.1527539905733,1.827452579208356,3.2325636E-6,16.702095,0.0044413074,0.16521375,0.0011921894,0.039562687,0.0022414178,0.18140176,0.011824658,0.6672439,0.0012346968,0.04028708,0.0013319438,0.86356986,0.0208714,0.0723184,0.008112888,0.16521375,0.0011921894,"TWOGAUSSIANS_WITH_ELLIPSOIDAL_ON_ECLIPSE1",9,14.048805,0.6672439,0.0012346968,0.22560766,0.007458885,1.0081829,0.020852407,0.16521375,0.0011921894,0.22155106,0.012551939,0.32603833,0.0062846937
375316653866487564,253665269629543040,0.52320117,2084.4134721676146,0.39077884776294985,2.8372915E-5,18.924814,0.006131425,0.31823495,0.008227165,0.037504096,0.010093794,0.2029691,0.04003508,0.7519526,0.0012681372,0.04294932,0.0010671886,0.8297017,0.030260824,null,null,null,null,"TWOGAUSSIANS",8,6.385427,0.7519526,0.0012681372,0.24051619,0.005976256,0.8297017,0.030260824,0.31823495,0.008227165,0.21002294,0.05652525,0.2029691,0.04003508
375316653866487564,253665789321302528,0.49854997,2105.349067791176,3.366531999347521,2.646065E-5,15.82485,0.023390815,0.24147367,0.006361751,0.09284634,0.016600572,0.22436166,0.02634663,0.73125356,0.005305349,0.099028856,0.010732655,0.2826079,0.0220263,null,null,null,null,"TWOGAUSSIANS",8,67.48331,0.73125356,0.005305349,0.4,0.0,0.26789173,0.011584434,0.24147367,0.006361751,0.4,0.0,0.20964706,0.028814394
375316653866487564,253666064202302464,0.41500112,2144.5504649877334,0.059533777265495705,1.0142321E-4,16.24247,0.0028142587,0.29608566,0.054120053,0.093869865,0.02430728,0.032594997,0.009837931,0.73279905,0.005564809,0.040427193,0.0084098745,0.023856623,0.0042917007,null,null,null,null,"TWOGAUSSIANS",8,10.131059,0.29608566,0.054120053,0.4,9.650631E-4,0.032586735,0.009832325,0.73279905,0.005564809,0.22639227,0.047095295,0.02384901,0.0042937854
375316653866487564,253668675543693056,0.57563007,2121.5213664862376,0.8683248542655195,4.9699293E-6,18.966293,0.0029978638,0.2854482,0.005420523,0.02156888,0.003951835,0.5242827,0.106926255,0.77938974,0.003811181,0.021942912,0.00275549,0.42670077,0.034364842,null,null,null,null,"TWOGAUSSIANS",8,1.9122375,0.2854482,0.005420523,0.12078573,0.022130275,0.5242827,0.106926255,0.77938974,0.003811181,0.12288031,0.015430743,0.42670077,0.034364842
375316653866487564,253676784440544256,0.6240125,2157.648294398272,0.3792394826531341,3.443569E-6,12.887422,8.302076E-4,0.20939006,5.6894234E-4,0.023533804,5.902118E-4,0.27203742,0.017337123,0.77056056,9.676164E-4,0.025764314,8.178892E-4,0.25314835,0.0050247125,0.007145287,0.0014599446,0.77056056,9.676164E-4,"TWOGAUSSIANS_WITH_ELLIPSOIDAL_ON_ECLIPSE2",9,45.97303,0.20952006,5.584602E-4,0.13178931,0.0033051863,0.28432283,0.017936248,0.77056056,9.676164E-4,0.14428015,0.004580179,0.26743892,0.005104174
375316653866487564,253678841724287616,0.4321986,2160.7405648818053,2.0067888687739175,1.2286085E-4,18.605997,0.006299542,0.19466163,0.019895963,0.07661354,0.025217762,0.059545185,0.013842798,0.68198025,0.013738322,0.05675655,0.017045815,0.13154791,0.029855438,null,null,null,null,"TWOGAUSSIANS",8,5.627457,0.68198025,0.013738322,0.31783667,0.09545656,0.13144693,0.029945144,0.19466163,0.019895963,0.4,0.06301978,0.059444197,0.013899908
375316653866487564,253682105900792576,0.5240442,2193.9783499689756,0.26312852063584385,3.1190022E-5,17.777132,0.007254864,0.36307162,0.0060687764,0.0050406135,0.0022284212,0.5843161,0.85865605,0.655124,0.031458046,0.14692852,0.034867425,0.037183538,0.008876033,null,null,null,null,"TWOGAUSSIANS",8,9.208454,0.36307162,0.006068386,0.028227435,0.012479159,0.58924603,0.859003,0.655124,0.031458046,0.4,0.0,0.036956184,0.008616614
375316653866487564,253685301356547456,0.5103836,2082.0380248051497,4.670160359172285,7.915727E-5,18.529722,0.0045546517,0.20738567,0.0060424386,0.028448777,0.0029921043,0.35960555,0.016354214,0.67343813,0.03706594,0.14440994,0.058266353,0.015131972,0.0048796562,null,null,null,null,"TWOGAUSSIANS",8,0.88242996,0.20738567,0.006040275,0.15931316,0.016755784,0.35940573,0.016403824,0.67343813,0.03706594,0.4,0.0,0.014833039,0.0039858017
375316653866487564,253689493244790528,0.626557,2172.969541499046,0.8230315972097381,4.867913E-6,18.02145,0.002319303,0.25308305,0.0012005824,0.029604996,8.726275E-4,0.4768495,0.007256602,0.73552835,0.0024163881,0.026381724,0.0016753369,0.38788632,0.047312643,null,null,null,null,"TWOGAUSSIANS",8,1.8880332,0.25308305,0.0012005824,0.16578798,0.004886714,0.4768495,0.007256602,0.73552835,0.0024163881,0.14773765,0.009381887,0.38788632,0.047312643
375316653866487564,253690352238361088,0.6030559,2115.9292742530774,2.946021206863705,5.1568827E-6,18.328577,0.020256564,0.26717055,0.0020264147,0.051511243,0.005270594,0.4124475,0.04092554,0.7701733,0.0040136874,0.052100077,0.008052782,0.3274217,0.03988896,0.11570397,0.022877757,0.26717055,0.0020264147,"TWOGAUSSIANS_WITH_ELLIPSOIDAL_ON_ECLIPSE1",9,3.010294,0.26717055,0.0020264147,0.28846294,0.029515326,0.6438487,0.018082043,0.7701733,0.0040136874,0.29176044,0.045095578,0.55874056,0.0282711
375316653866487564,253691318610153344,0.48362663,2108.5558683019462,3.6289974367332927,3.282197E-5,18.57486,0.031955857,0.27541792,0.007031051,0.11078435,0.021399366,0.2236827,0.027563397,0.7759058,0.007915876,0.101074785,0.019635038,0.18110046,0.028465323,null,null,null,null,"TWOGAUSSIANS",8,2.3339055,0.27541792,0.007031051,0.4,0.0,0.19888514,0.014118977,0.7759058,0.007915797,0.4,0.0,0.15631804,0.011438829
375316653866487564,253691692268285824,0.51152444,2146.2733436982126,3.8176983015776615,1.0092124E-5,17.749767,0.0044916132,0.228766,0.006423662,0.07923264,0.00887577,0.0809126,0.009395385,0.74373394,0.003852191,0.07837968,0.006164633,0.08909933,0.0047542816,null,null,null,null,"TWOGAUSSIANS",8,1.7445463,0.74373394,0.003852191,0.4,0.0,0.08828331,0.004194868,0.228766,0.006423662,0.4,0.0,0.08009657,0.009353213
375316653866487564,253694445345851264,0.590836,2143.1691745666053,0.3412491228775965,6.286821E-6,15.4969,0.0019971393,0.18365996,0.0035312057,0.009629095,0.0049532778,0.6208936,2.09933,0.52083343,6.982235E-4,0.011905203,5.2333873E-4,0.52668464,0.04478849,null,null,null,null,"TWOGAUSSIANS",8,37.440205,0.18365996,0.0035312057,0.053922933,0.027738355,0.6208936,2.09933,0.52083343,6.982235E-4,0.06666914,0.0029306968,0.52668464,0.04478849
375316653866487564,253701729610450432,0.44847858,2152.440578774036,1.9368260740955343,2.37925E-5,17.274979,0.0016165397,null,null,null,null,null,null,null,null,null,null,null,null,0.02566188,0.0023937188,0.193852,0.00624847,"ELLIPSOIDAL",4,3.8274965,null,null,null,null,null,null,null,null,null,null,null,null
375316653866487564,253701832689658112,0.4424338,2157.823672527794,0.08928343857463739,6.458698E-5,15.685979,0.005590035,0.3673032,0.012542008,0.064113796,0.014772399,0.0265394,0.02017705,0.7306193,0.023597518,0.060526058,0.010355827,0.2227949,0.08671136,0.021921381,0.007041291,0.3673032,0.012542008,"TWOGAUSSIANS_WITH_ELLIPSOIDAL_ON_ECLIPSE1",9,14.991827,0.7351393,0.02566858,0.33894593,0.057992633,0.24211195,0.08660312,0.3673032,0.012542008,0.35903725,0.082725435,0.070369005,0.017127702
375316653866487564,253704989487270016,0.60217315,2165.8455177020605,2.9708161260811625,4.000579E-6,18.266176,0.020745507,0.2973351,0.0016528291,0.056915704,0.0063402555,0.36755902,0.034201927,0.7992478,0.0015254908,0.048329897,0.005811239,0.30458015,0.035087034,0.08781611,0.023728484,0.2973351,0.0016528291,"TWOGAUSSIANS_WITH_ELLIPSOIDAL_ON_ECLIPSE1",9,4.2398887,0.2973351,0.0016528291,0.31872794,0.03550543,0.5431672,0.028653627,0.7992478,0.0015254908,0.27064744,0.03254294,0.48016292,0.01870992
375316653866487564,253707398967196672,0.60283816,2147.692834940401,0.7394743139485312,1.2491584E-5,13.174405,5.305606E-4,0.24953483,0.0021700333,0.023615045,0.0016078828,0.12383948,0.008852839,0.75815207,7.5479696E-4,0.02466235,8.8903075E-4,0.2111194,0.008818471,0.0062165875,0.0010922668,0.24953483,0.0021700333,"TWOGAUSSIANS_WITH_ELLIPSOIDAL_ON_ECLIPSE1",9,13.263791,0.75815207,7.5479696E-4,0.13810916,0.0049785725,0.22351617,0.0091437455,0.24953483,0.0021700333,0.13224426,0.009004144,0.13627265,0.009035098
375316653866487564,253709765491087872,0.45270655,2108.2095715331793,0.6184740942244219,1.3729252E-5,18.084389,0.0030029358,0.36946884,0.009108847,0.042180136,0.009796289,0.052860044,0.004557063,0.8937422,0.0020245758,0.027576061,0.004185058,0.08229978,0.007590639,null,null,null,null,"TWOGAUSSIANS",8,2.1626859,0.8937422,0.0020245758,0.15442595,0.023436325,0.08229978,0.007590639,0.36946884,0.009108847,0.23620877,0.05485922,0.052860044,0.004557063
375316653866487564,253712106251327232,0.568647,2131.909643729948,3.333629564122344,1.133858E-5,15.543637,0.007149325,0.29228565,0.003971839,0.09079678,0.0042500016,0.28236523,0.0130783385,0.7919388,0.003942653,0.086746395,0.0050516585,0.29221898,0.0102468915,null,null,null,null,"TWOGAUSSIANS",8,59.49579,0.7919388,0.003942653,0.4,0.0,0.28139576,0.010372906,0.29228565,0.003971839,0.4,0.0,0.2715419,0.012111944
375316653866487564,253714064756371072,0.47038585,2153.963445990807,2.544180050414711,3.3022272E-5,14.051276,0.0016893368,0.2647821,0.005896541,0.018432409,0.019734623,0.024339283,246.20137,null,null,null,null,null,null,0.02934735,0.0028286173,0.2647821,0.005896541,"ONEGAUSSIAN_WITH_ELLIPSOIDAL",6,95.34363,0.2647821,0.005896541,0.10322148,0.110513896,0.08303386,246.20135,null,null,null,null,null,null
375316653866487564,253718394083768832,0.55866253,2138.1827850412865,0.08714933347188873,5.5496283E-5,17.868034,0.0022998448,0.17614406,0.015395554,0.053203557,0.0252694,0.0143878115,0.0041304315,0.87171274,5.7096366E-4,0.008884149,0.0011458884,0.28951305,0.006250362,null,null,null,null,"TWOGAUSSIANS",8,1.9316521,0.87171274,5.7096366E-4,0.049751233,0.0064169746,0.28951305,0.006250396,0.17614406,0.015395554,0.2979399,0.14150864,0.0143878115,0.0041304315
