Gaia/vari_eclipsing_binary/VariEclipsingBinary_233871-233990.csv
# %ECSV 1.0
# ---
# delimiter: ','
# meta: !!omap
# - RELEASE: Gaia DR3
# - TABLE: vari_eclipsing_binary
# - DESCRIPTION: >
#     This table describes the properties of the eclipsing binaries resulting from the variability analysis. 
# - CITATION: >
#     How to cite and acknowledge Gaia: 
#     https://gea.esac.esa.int/archive/documentation/credits.html 
# - KNOWN_ISSUES: >
#     Known issues: 
#     https://www.cosmos.esa.int/web/gaia-users/known-issues 
# - DOCUMENTATION: >
#     Tutorials and documentation: 
#     https://www.cosmos.esa.int/web/gaia-users/archive 
# datatype:
# - 
#   name: solution_id
#   datatype: int64
#   description: Solution Identifier
#   meta:
#     ucd: meta.version
# - 
#   name: source_id
#   datatype: int64
#   description: Unique source identifier
#   meta:
#     ucd: meta.id;meta.main
# - 
#   name: global_ranking
#   datatype: float32
#   description: Number between 0 (worst) and 1 (best)
#   meta:
#     ucd: stat.param
# - 
#   name: reference_time
#   datatype: float64
#   unit: d
#   description: Reference time used for the geometric model fit
#   meta:
#     ucd: time.epoch
# - 
#   name: frequency
#   datatype: float64
#   unit: d**-1
#   description: Frequency of geometric model of the eclipsing binary light curve
#   meta:
#     ucd: src.orbital
# - 
#   name: frequency_error
#   datatype: float32
#   unit: d**-1
#   description: "Uncertainty of \\texttt{frequency}"
#   meta:
#     ucd: stat.error
# - 
#   name: geom_model_reference_level
#   datatype: float32
#   unit: mag
#   description: Magnitude reference level of geometric model
#   meta:
#     ucd: phot.mag;em.opt
# - 
#   name: geom_model_reference_level_error
#   datatype: float32
#   unit: mag
#   description: "Uncertainty of \\texttt{geomModelReferenceLevel}"
#   meta:
#     ucd: stat.error;phot.mag;em.opt
# - 
#   name: geom_model_gaussian1_phase
#   datatype: float32
#   description: Phase of the Gaussian 1 component
#   meta:
#     ucd: time.phase
# - 
#   name: geom_model_gaussian1_phase_error
#   datatype: float32
#   description: "Uncertainty of \\texttt{geomModelGaussian1Phase}"
#   meta:
#     ucd: stat.error;time.phase
# - 
#   name: geom_model_gaussian1_sigma
#   datatype: float32
#   description: "Standard deviation [phase] of Gaussian 1 component"
#   meta:
#     ucd: stat.stdev
# - 
#   name: geom_model_gaussian1_sigma_error
#   datatype: float32
#   description: "Uncertainty of \\texttt{geomModelGaussian1Sigma}"
#   meta:
#     ucd: stat.error
# - 
#   name: geom_model_gaussian1_depth
#   datatype: float32
#   unit: mag
#   description: Magnitude depth of Gaussian 1 component
#   meta:
#     ucd: src.var.amplitude
# - 
#   name: geom_model_gaussian1_depth_error
#   datatype: float32
#   unit: mag
#   description: "Uncertainty of \\texttt{geomModelGaussian1Depth}"
#   meta:
#     ucd: stat.error;src.var.amplitude
# - 
#   name: geom_model_gaussian2_phase
#   datatype: float32
#   description: Phase of Gaussian 2 component
#   meta:
#     ucd: time.phase
# - 
#   name: geom_model_gaussian2_phase_error
#   datatype: float32
#   description: "Uncertainty of \\texttt{geomModelGaussian2Phase}"
#   meta:
#     ucd: stat.error;time.phase
# - 
#   name: geom_model_gaussian2_sigma
#   datatype: float32
[...]
#   datatype: float32
#   description: "Secondary eclipse: uncertainty of \\texttt{derivedSecondaryEclDuration}"
#   meta:
#     ucd: stat.error;time.duration
# - 
#   name: derived_secondary_ecl_depth
#   datatype: float32
#   unit: mag
#   description: "Secondary eclipse: depth"
#   meta:
#     ucd: src.var.amplitude
# - 
#   name: derived_secondary_ecl_depth_error
#   datatype: float32
#   unit: mag
#   description: "Secondary eclipse: uncertainty of \\texttt{derivedSecondaryEclDepth}"
#   meta:
#     ucd: stat.error;src.var.amplitude
solution_id,source_id,global_ranking,reference_time,frequency,frequency_error,geom_model_reference_level,geom_model_reference_level_error,geom_model_gaussian1_phase,geom_model_gaussian1_phase_error,geom_model_gaussian1_sigma,geom_model_gaussian1_sigma_error,geom_model_gaussian1_depth,geom_model_gaussian1_depth_error,geom_model_gaussian2_phase,geom_model_gaussian2_phase_error,geom_model_gaussian2_sigma,geom_model_gaussian2_sigma_error,geom_model_gaussian2_depth,geom_model_gaussian2_depth_error,geom_model_cosine_half_period_amplitude,geom_model_cosine_half_period_amplitude_error,geom_model_cosine_half_period_phase,geom_model_cosine_half_period_phase_error,model_type,num_model_parameters,reduced_chi2,derived_primary_ecl_phase,derived_primary_ecl_phase_error,derived_primary_ecl_duration,derived_primary_ecl_duration_error,derived_primary_ecl_depth,derived_primary_ecl_depth_error,derived_secondary_ecl_phase,derived_secondary_ecl_phase_error,derived_secondary_ecl_duration,derived_secondary_ecl_duration_error,derived_secondary_ecl_depth,derived_secondary_ecl_depth_error
[from data line 37]
375316653866487564,2057219825034850816,0.51040363,2185.63806760865,0.39782041051635686,3.2412274E-5,18.805859,0.0029650612,0.6347324,3.0894676E-4,0.0116703175,4.4240733E-4,0.5209487,0.020683646,null,null,null,null,null,null,null,null,null,null,"ONEGAUSSIAN",5,3.3090143,0.6347324,3.0894676E-4,0.06535377,0.002477481,0.5209487,0.0,null,null,null,null,null,null
375316653866487564,2057221375525533056,0.52518857,2210.353643234348,1.5214921218857036,1.03835255E-5,15.919424,0.0034714916,0.29473525,0.0038645437,0.038297072,0.008918238,0.061430525,0.009541013,0.7927415,0.0037113472,0.033585038,0.0042538145,0.057926342,0.009832037,0.042593494,0.005160222,0.29473525,0.0038645437,"TWOGAUSSIANS_WITH_ELLIPSOIDAL_ON_ECLIPSE1",9,22.226627,0.29473525,0.0038645437,0.2144636,0.04994213,0.14661738,0.007940876,0.7929715,0.0032812331,0.18807621,0.023821361,0.1431014,0.0055391113
375316653866487564,2057222779974572288,0.5736915,2164.4992746862313,4.348385930081357,7.0853625E-6,18.04035,0.0014878294,0.53166485,0.005013167,0.011889944,0.0036284088,0.81609374,0.5943391,0.78472584,7.1053655E-5,0.0045729154,3.6265075E-5,0.81069577,0.0098493425,null,null,null,null,"TWOGAUSSIANS",8,2.1958485,0.53166485,0.005013167,0.066583686,0.02031909,0.81609374,0.5943391,0.78472584,7.1053655E-5,0.025608327,2.0308443E-4,0.81069577,0.0098493425
375316653866487564,2057224570983619584,0.5046263,2214.3910470696883,1.459262486390531,2.8783928E-5,19.63591,0.0039806166,0.16447595,0.0051871254,0.027211808,0.0045399508,0.20819436,0.17513514,0.8384227,0.0029359113,0.0096989,0.0021978733,0.39899725,0.12789035,null,null,null,null,"TWOGAUSSIANS",8,1.0035175,0.8384227,0.0029359113,0.054313842,0.01230809,0.39899725,0.12789035,0.16447595,0.0051871254,0.15238611,0.025423724,0.20819436,0.17513514
375316653866487564,2057224708420230016,0.50942683,2234.8222983954765,3.040871002809226,2.3911609E-5,13.004285,0.030194875,0.23572356,0.006801744,0.114674754,0.020580456,0.14235714,0.028691025,0.7342396,0.0047704047,0.111625046,0.016944537,0.14732946,0.029441915,null,null,null,null,"TWOGAUSSIANS",8,273.27948,0.7342396,0.0047690393,0.4,0.0,0.1225003,0.006194194,0.23572356,0.0068164454,0.4,0.0,0.11751974,0.008664352
375316653866487564,2057227079242086272,0.6005015,2205.035776119124,0.5181810435937151,8.455493E-6,14.323893,0.0015541065,0.15512511,0.002434643,0.015295748,9.412363E-4,0.42413992,0.069801316,0.75616026,6.890443E-4,0.019024821,0.0016162507,0.13069896,0.013335458,0.0035633815,0.002168479,0.15512511,0.002434643,"TWOGAUSSIANS_WITH_ELLIPSOIDAL_ON_ECLIPSE1",9,63.54666,0.15512511,0.002434643,0.08565619,0.0052709235,0.43126667,0.06999108,0.75616026,6.890443E-4,0.106538996,0.009051004,0.13531929,0.013801036
375316653866487564,2057228105732038784,0.47439346,2212.892744369927,0.2808049726509209,5.420128E-5,19.621067,0.009300988,0.28299764,0.012792497,0.018570041,0.059185363,2.4514568,2.3612273,0.7853766,0.02860783,0.015188865,0.009407533,0.6175972,1.055986,null,null,null,null,"TWOGAUSSIANS",8,5.43909,0.28299764,0.012792497,0.10399223,0.2906416,2.4514568,2.3612273,0.7853766,0.02860783,0.085057646,0.052682184,0.6175972,1.055986
375316653866487564,2057229072106985216,0.5809281,2228.6152701155074,0.5141304843266719,1.1547359E-5,8.764922,0.0042089387,0.25907165,0.007501728,0.031737287,0.020385081,0.023386195,0.010244398,0.74208736,0.0038209187,0.049177192,0.004914369,0.11391652,0.008469377,0.039558414,0.0055412333,0.25907165,0.007501728,"TWOGAUSSIANS_WITH_ELLIPSOIDAL_ON_ECLIPSE1",9,70.88385,0.7440673,0.0028625096,0.27539226,0.027520465,0.19223991,0.0034681023,0.25907165,0.007501728,0.1777288,0.114156455,0.102502964,0.004403009
375316653866487564,2057231683447792256,0.5559008,2231.117391863556,0.05013475249972697,1.15766896E-4,17.173277,0.0017455197,0.71288365,0.006308308,0.009911846,0.0029158704,0.18167813,0.026092075,null,null,null,null,null,null,0.05712307,0.002400526,0.71288365,0.006308308,"ONEGAUSSIAN_WITH_ELLIPSOIDAL",6,5.6356483,0.71288365,0.006308308,0.05550634,0.016328873,0.29592425,0.026036035,null,null,null,null,null,null
375316653866487564,2057231954023958784,0.547187,2198.0758867370173,1.4657252502137255,5.6821544E-5,18.25113,0.003489308,0.8443221,3.0101516E-4,0.0064067515,5.591539E-4,2.1659815,0.4630968,null,null,null,null,null,null,null,null,null,null,"ONEGAUSSIAN",5,6.9652944,0.8443221,3.0101516E-4,0.03587781,0.0031312618,2.1659815,0.0,null,null,null,null,null,null
375316653866487564,2057232400700661376,0.545709,2208.2029536490263,3.543048802129793,6.6725265E-6,19.354837,0.007943285,0.29704943,0.0016542957,0.039927837,0.0030758558,0.2978485,0.027606556,0.7876354,0.0023079142,0.041871723,0.0053774114,0.3381679,0.05551063,0.14335862,0.014950544,0.29704943,0.0016542957,"TWOGAUSSIANS_WITH_ELLIPSOIDAL_ON_ECLIPSE1",9,3.3447697,0.7886254,0.0020304858,0.23448165,0.030113505,0.62398815,0.05875136,0.29704943,0.0016542957,0.22359589,0.017224792,0.58456576,0.021297319
375316653866487564,2057234294787568256,0.44719046,2256.777544217394,0.3166313249834081,2.2140937E-5,13.707875,0.0023265162,0.351971,0.0046070297,0.026647603,0.0033745496,0.07810096,0.011418388,0.73129153,0.024245664,0.092249446,0.025228545,0.014940223,0.003437742,null,null,null,null,"TWOGAUSSIANS",8,88.586205,0.351971,0.004607107,0.14922658,0.018897478,0.07810409,0.011419523,0.73129153,0.024245664,0.4,0.0,0.014940178,0.0034378034
375316653866487564,2057235737896899584,0.5914871,2204.019036167889,0.4033672738165565,3.1820837E-5,10.963165,4.4082518E-4,0.27865776,0.0053272173,0.013519799,0.0038437347,0.20784043,0.026006179,0.77518266,0.009349098,0.014595141,0.0096097095,0.0123544065,0.010417916,0.0012002724,6.91473E-4,0.27865776,0.0053272173,"TWOGAUSSIANS_WITH_ELLIPSOIDAL_ON_ECLIPSE1",9,15.865439,0.27865776,0.0053272173,0.07571088,0.021524915,0.21024098,0.025719648,0.7751927,0.009333966,0.08173279,0.053814374,0.014753809,0.0103817545
375316653866487564,2057238624106880768,0.542656,2207.966358689346,0.865083034315154,3.4777818E-6,18.392796,0.004929791,0.2448939,0.026123386,0.02287337,0.018735522,0.44512206,0.33164218,0.7411139,0.0031232513,0.019147312,0.0018007667,0.65337384,0.07694841,null,null,null,null,"TWOGAUSSIANS",8,5.9969783,0.7411139,0.0031232513,0.10722495,0.010084293,0.65337384,0.07694841,0.2448939,0.026123386,0.12809087,0.10491893,0.44512206,0.33164218
375316653866487564,2057238722890768896,0.52525693,2226.7035317781547,0.9968488562241794,2.6006535E-5,17.564852,0.001504446,0.14142425,0.030982247,0.047473606,0.023481008,0.008524042,0.0052187117,0.53851396,0.005056605,0.05897922,0.0038192314,0.24880204,0.015476319,null,null,null,null,"TWOGAUSSIANS",8,3.9810119,0.53851396,0.005056605,0.33028364,0.021387696,0.24880202,0.015476328,0.14142425,0.030982247,0.2658522,0.13149364,0.00852403,0.0052187233
375316653866487564,2057240376461248640,0.651445,2223.0921812599045,0.5715719167493285,1.663842E-5,16.887342,0.0012304396,0.26101458,0.0021607107,0.017462505,0.0015159962,0.5738076,0.22807197,0.76040715,0.011693661,0.018560749,0.0040963423,0.6185808,0.33869374,null,null,null,null,"TWOGAUSSIANS",8,3.2813058,0.76040715,0.011693661,0.10394019,0.022939518,0.6185808,0.33869374,0.26101458,0.0021607107,0.09779003,0.008489579,0.5738076,0.22807197
375316653866487564,2057240685698891136,0.6374524,2210.1478208968397,0.14336297093983635,3.2788762E-6,16.603678,7.7059143E-4,0.061318703,1.9557883E-4,0.007298037,1.6298369E-4,0.44299182,0.013774115,0.5602137,0.003559058,0.0068409983,0.0020308248,0.4478677,0.17846952,null,null,null,null,"TWOGAUSSIANS",8,2.4705265,0.5602137,0.003559058,0.038309593,0.011372618,0.4478677,0.17846952,0.061318703,1.9557883E-4,0.040869005,9.127087E-4,0.44299182,0.013774115
375316653866487564,2057244392247677312,0.5412744,2223.1455429411344,0.38026382328081926,1.3473355E-4,18.768799,0.005266341,0.1174953,2.2152801E-4,0.02194507,5.932394E-4,0.4616454,0.0055420008,0.5168502,0.014212104,0.06923274,0.02238861,0.036319114,0.038541123,null,null,null,null,"TWOGAUSSIANS",8,2.633499,0.1174953,2.2152801E-4,0.122892395,0.0033221405,0.4616454,0.005542018,0.5168502,0.014212104,0.38770333,0.11125009,0.036319114,0.038541123
375316653866487564,2057244632765783168,0.4945319,2207.302305082252,3.002003080558894,1.2859449E-5,19.582792,0.021406882,0.26574674,0.004545155,0.08701426,0.010344017,0.25881568,0.020234684,0.7532475,0.0054181884,0.10036265,0.010631797,0.2737549,0.020275047,null,null,null,null,"TWOGAUSSIANS",8,1.609018,0.7532475,0.0054181884,0.4,0.0,0.26112357,0.013774028,0.26574674,0.004545155,0.4,0.0,0.24618697,0.014550858
375316653866487564,2057245697917726080,0.43582997,2246.375534292948,4.605425488642885,6.608437E-5,19.777954,0.026789192,0.20760724,0.011366498,0.005198624,0.007364384,0.079193845,0.13286877,0.52106833,0.036576636,0.08430081,0.046271857,0.21025155,0.02915568,null,null,null,null,"TWOGAUSSIANS",8,4.6094046,0.52106833,0.036576636,0.4,0.0,0.21025155,0.029121457,0.20760724,0.011364123,0.029112294,0.04124055,0.07940297,0.13335171
375316653866487564,2057246801732398464,0.63624054,2233.4282115360347,2.0961403825648315,6.325683E-6,15.417556,0.004031725,0.28842378,0.0010306672,0.06953452,0.0017125169,0.24569649,0.005263055,0.7851296,0.0015747182,0.07713709,0.0021693702,0.48236492,0.010523928,null,null,null,null,"TWOGAUSSIANS",8,40.048473,0.7851296,0.0015747182,0.4,0.0,0.4804307,0.010683953,0.28842378,0.0010306672,0.3893933,0.009590095,0.24376225,0.0050890595
375316653866487564,2057249099531655040,0.48604417,2251.581165623848,3.6897388902292074,1.6386059E-5,19.200058,0.041181993,0.20884925,0.008369493,0.10825313,0.02255405,0.22415322,0.038568567,0.68598425,0.007063054,0.10830077,0.02011158,0.23983176,0.037566695,null,null,null,null,"TWOGAUSSIANS",8,2.4619648,0.68598425,0.007063054,0.4,0.0,0.21471027,0.016142026,0.20887925,0.008367525,0.4,0.0,0.19903296,0.013063762
375316653866487564,2057255009406939392,0.44394302,2234.2969484097835,0.3011808186786788,2.7076397E-4,19.105146,0.009795795,0.19141233,0.009786282,0.026184384,0.0072595323,0.27593145,0.051099066,0.6505875,0.025420006,0.14303859,0.03516331,0.049451478,0.013019374,null,null,null,null,"TWOGAUSSIANS",8,3.0608833,0.19142233,0.009781336,0.14663255,0.04065338,0.27567413,0.050689053,0.6505875,0.025420006,0.4,0.0,0.04886916,0.012295061
375316653866487564,2057256319380117376,0.62175155,2183.1489817669367,2.3543931941316125,5.5201385E-6,13.640275,0.028980562,0.26756835,0.0046832873,0.05799237,0.013361234,0.13394752,0.05553201,0.7629239,0.0013900046,0.05544075,0.025686476,0.10886679,0.03874254,0.10256866,0.02906025,0.7629239,0.0013900046,"TWOGAUSSIANS_WITH_ELLIPSOIDAL_ON_ECLIPSE2",9,150.34337,0.26622835,0.0031741227,0.32475728,0.07482291,0.33894768,0.008114653,0.7629239,0.0013900046,0.3104682,0.0975192,0.31399113,0.023428062
375316653866487564,2057261164103178112,0.55989534,2222.5496721513045,0.5008950512897752,1.5189321E-6,17.254307,9.951518E-4,0.32645354,0.007627789,0.020592773,0.0024666097,0.28726488,0.05745624,0.90702885,0.01464056,0.02093218,0.009718339,0.012131186,0.048188057,null,null,null,null,"TWOGAUSSIANS",8,1.7339288,0.32645354,0.007627789,0.11531953,0.013813014,0.28726488,0.05745624,0.90702885,0.01464056,0.117220215,0.0544227,0.012131186,0.048188057
375316653866487564,2057261228519727232,0.53334486,2211.9545877717655,0.12465615391078125,1.0064569E-4,18.970428,0.0036549713,0.3927804,0.0462584,0.061374895,0.030297644,0.01589026,0.054523826,0.66829634,0.027561238,0.027129408,0.01770518,0.85509115,2.0692375,null,null,null,null,"TWOGAUSSIANS",8,1.7904941,0.66829634,0.027561238,0.15192468,0.09914901,0.85509187,2.0692368,0.3927804,0.0462584,0.34369943,0.16966681,0.01589026,0.054523826
375316653866487564,2057261469042002432,0.53175807,2189.5001993698993,1.110763427258426,7.287808E-6,19.595823,0.0066356407,0.4226747,0.017346658,0.03995083,0.013965661,0.036282014,0.04032613,0.6578997,0.0015662272,0.028353758,0.0014259211,0.6373276,0.029199835,null,null,null,null,"TWOGAUSSIANS",8,2.6560957,0.6578997,0.0015662272,0.15878105,0.007985158,0.6373276,0.029199837,0.4226747,0.017346658,0.22372465,0.0782077,0.036282014,0.04032613
375316653866487564,2057266279403338112,0.5463601,2206.3339002550115,3.1469373616710583,8.612848E-6,18.178722,0.013985907,0.21864983,0.0060464814,0.08141286,0.00899646,0.30742154,0.029973509,0.71828794,0.0021370316,0.086587526,0.0052987016,0.3408764,0.015362117,null,null,null,null,"TWOGAUSSIANS",8,5.6344833,0.71828794,0.0021370316,0.4,0.0,0.3331945,0.0144013595,0.21864983,0.0060464814,0.4,0.0,0.29973966,0.031109415
375316653866487564,2057266348120653568,0.44570997,2220.5825554707676,0.6630748080367128,1.8408522E-5,19.09029,0.0093462365,0.18624844,0.0037968464,0.051034622,0.005256325,0.27080426,0.030284315,0.6604609,0.0094504,0.013769504,0.0061235926,0.11149993,0.08215104,null,null,null,null,"TWOGAUSSIANS",8,9.3997,0.18624844,0.0037968464,0.2857939,0.02943542,0.27080426,0.030284315,0.6604609,0.0094504,0.07710922,0.034292117,0.11149993,0.08215104
375316653866487564,2057268856383897216,0.5752734,2195.476339365304,0.4047530904518438,1.29315085E-5,18.378593,0.0019588042,0.13458359,7.2200023E-6,0.010638826,1.3520743E-4,0.4893995,8.054727E-4,0.43146878,6.743419E-4,0.014966902,8.338222E-4,0.17669326,0.009117349,null,null,null,null,"TWOGAUSSIANS",8,1.8361453,0.13458359,7.2200023E-6,0.059577424,7.571616E-4,0.4893995,8.054727E-4,0.43146878,6.743419E-4,0.08381465,0.004669404,0.17669326,0.009117349
375316653866487564,2057268993820654336,0.4743592,2212.4969261372144,0.8602263015307112,4.4609616E-5,19.281813,0.0059211003,0.17200159,0.0028339173,0.023699254,0.005127421,0.89722055,0.9409405,0.6414105,4.7976304E-5,0.012100471,1.6917745E-4,0.42761487,0.0061274767,null,null,null,null,"TWOGAUSSIANS",8,6.021312,0.17200159,0.0028339173,0.13271582,0.028713558,0.89722055,0.9409405,0.6414105,4.7976304E-5,0.067762636,9.4739377E-4,0.42761487,0.0061274767
375316653866487564,2057270368210153600,0.57220995,2208.4119484263356,0.9557191246858836,4.0988602E-6,19.07444,0.005137984,0.27563962,0.0014994526,0.04270498,0.0015774618,0.5304455,0.019639801,0.77150166,0.0011975795,0.04340091,0.0021842604,0.5022619,0.025102306,null,null,null,null,"TWOGAUSSIANS",8,1.9363917,0.27563962,0.0014994526,0.23914789,0.0088337865,0.5304455,0.01963981,0.77150166,0.0011975795,0.24304509,0.012231858,0.5022618,0.025102325
375316653866487564,2057270608728970368,0.42026135,2226.6884583253955,2.018102874864569,1.7002325E-6,19.922155,0.014888862,0.60937756,0.02233102,0.08471564,0.008301578,0.1891011,0.04424244,0.9270177,6.057177E-4,0.002387759,5.0254626E-4,0.68169093,0.27787536,null,null,null,null,"TWOGAUSSIANS",8,3.9099674,0.9270177,6.057177E-4,0.01337145,0.002814259,0.68185836,0.27789673,0.60937756,0.02233102,0.4,0.0,0.1891011,0.044242445
375316653866487564,2057270956629129728,0.5799099,2231.3769132066,2.5892037766708587,9.538729E-6,17.489183,0.016354766,0.27232233,0.0024130505,0.042169746,0.0038038038,0.5315036,0.045685295,0.7724936,0.003180783,0.04362929,0.0054341075,0.45955083,0.040310286,0.07064655,0.02252246,0.27232233,0.0024130505,"TWOGAUSSIANS_WITH_ELLIPSOIDAL_ON_ECLIPSE1",9,23.48978,0.27232233,0.0024130505,0.23615058,0.021301301,0.6727964,0.03687447,0.7724936,0.0031297044,0.24432403,0.030431002,0.6008435,0.055610202
375316653866487564,2057273701103432832,0.5747147,2220.331869632717,3.639326919565742,1.203815E-5,18.493452,0.0064760884,0.22146875,0.0016198527,0.07417699,0.0022591334,0.4285538,0.012157705,0.71750474,0.003147734,0.068318315,0.0028302483,0.46982858,0.024239756,null,null,null,null,"TWOGAUSSIANS",8,3.3100889,0.71750474,0.003147734,0.38258255,0.01584939,0.46810853,0.024388285,0.22146875,0.0016198527,0.4,0.0,0.42683378,0.01209859
375316653866487564,2057273842847145856,0.45947596,2217.2824146208554,0.6829266043540062,2.567623E-5,14.31804,0.0034560123,0.2523149,0.021653188,0.1063004,0.024513246,0.032576054,0.00389844,0.73791164,0.0052847466,0.08792838,0.010967886,0.033786032,0.003702545,null,null,null,null,"TWOGAUSSIANS",8,14.39775,0.73791164,0.0052847466,0.4,0.0,0.031812117,0.0027573197,0.2523149,0.021653188,0.4,0.0,0.03060092,0.0033189256
