Gaia/vari_eclipsing_binary/VariEclipsingBinary_679811-679820.csv
# %ECSV 1.0
# ---
# delimiter: ','
# meta: !!omap
# - RELEASE: Gaia DR3
# - TABLE: vari_eclipsing_binary
# - DESCRIPTION: >
#     This table describes the properties of the eclipsing binaries resulting from the variability analysis. 
# - CITATION: >
#     How to cite and acknowledge Gaia: 
#     https://gea.esac.esa.int/archive/documentation/credits.html 
# - KNOWN_ISSUES: >
#     Known issues: 
#     https://www.cosmos.esa.int/web/gaia-users/known-issues 
# - DOCUMENTATION: >
#     Tutorials and documentation: 
#     https://www.cosmos.esa.int/web/gaia-users/archive 
# datatype:
# - 
#   name: solution_id
#   datatype: int64
#   description: Solution Identifier
#   meta:
#     ucd: meta.version
# - 
#   name: source_id
#   datatype: int64
#   description: Unique source identifier
#   meta:
#     ucd: meta.id;meta.main
# - 
#   name: global_ranking
#   datatype: float32
#   description: Number between 0 (worst) and 1 (best)
#   meta:
#     ucd: stat.param
# - 
#   name: reference_time
#   datatype: float64
#   unit: d
#   description: Reference time used for the geometric model fit
#   meta:
#     ucd: time.epoch
# - 
#   name: frequency
#   datatype: float64
#   unit: d**-1
#   description: Frequency of geometric model of the eclipsing binary light curve
#   meta:
#     ucd: src.orbital
# - 
#   name: frequency_error
#   datatype: float32
#   unit: d**-1
#   description: "Uncertainty of \\texttt{frequency}"
#   meta:
#     ucd: stat.error
# - 
#   name: geom_model_reference_level
#   datatype: float32
#   unit: mag
#   description: Magnitude reference level of geometric model
#   meta:
#     ucd: phot.mag;em.opt
# - 
#   name: geom_model_reference_level_error
#   datatype: float32
#   unit: mag
#   description: "Uncertainty of \\texttt{geomModelReferenceLevel}"
#   meta:
#     ucd: stat.error;phot.mag;em.opt
# - 
#   name: geom_model_gaussian1_phase
#   datatype: float32
#   description: Phase of the Gaussian 1 component
#   meta:
#     ucd: time.phase
# - 
#   name: geom_model_gaussian1_phase_error
#   datatype: float32
#   description: "Uncertainty of \\texttt{geomModelGaussian1Phase}"
#   meta:
#     ucd: stat.error;time.phase
# - 
#   name: geom_model_gaussian1_sigma
#   datatype: float32
#   description: "Standard deviation [phase] of Gaussian 1 component"
#   meta:
#     ucd: stat.stdev
# - 
#   name: geom_model_gaussian1_sigma_error
#   datatype: float32
#   description: "Uncertainty of \\texttt{geomModelGaussian1Sigma}"
#   meta:
#     ucd: stat.error
# - 
#   name: geom_model_gaussian1_depth
#   datatype: float32
#   unit: mag
#   description: Magnitude depth of Gaussian 1 component
#   meta:
#     ucd: src.var.amplitude
# - 
#   name: geom_model_gaussian1_depth_error
#   datatype: float32
#   unit: mag
#   description: "Uncertainty of \\texttt{geomModelGaussian1Depth}"
#   meta:
#     ucd: stat.error;src.var.amplitude
# - 
#   name: geom_model_gaussian2_phase
#   datatype: float32
#   description: Phase of Gaussian 2 component
#   meta:
#     ucd: time.phase
# - 
#   name: geom_model_gaussian2_phase_error
#   datatype: float32
#   description: "Uncertainty of \\texttt{geomModelGaussian2Phase}"
#   meta:
#     ucd: stat.error;time.phase
# - 
#   name: geom_model_gaussian2_sigma
#   datatype: float32
[...]
#   datatype: float32
#   description: "Secondary eclipse: uncertainty of \\texttt{derivedSecondaryEclDuration}"
#   meta:
#     ucd: stat.error;time.duration
# - 
#   name: derived_secondary_ecl_depth
#   datatype: float32
#   unit: mag
#   description: "Secondary eclipse: depth"
#   meta:
#     ucd: src.var.amplitude
# - 
#   name: derived_secondary_ecl_depth_error
#   datatype: float32
#   unit: mag
#   description: "Secondary eclipse: uncertainty of \\texttt{derivedSecondaryEclDepth}"
#   meta:
#     ucd: stat.error;src.var.amplitude
solution_id,source_id,global_ranking,reference_time,frequency,frequency_error,geom_model_reference_level,geom_model_reference_level_error,geom_model_gaussian1_phase,geom_model_gaussian1_phase_error,geom_model_gaussian1_sigma,geom_model_gaussian1_sigma_error,geom_model_gaussian1_depth,geom_model_gaussian1_depth_error,geom_model_gaussian2_phase,geom_model_gaussian2_phase_error,geom_model_gaussian2_sigma,geom_model_gaussian2_sigma_error,geom_model_gaussian2_depth,geom_model_gaussian2_depth_error,geom_model_cosine_half_period_amplitude,geom_model_cosine_half_period_amplitude_error,geom_model_cosine_half_period_phase,geom_model_cosine_half_period_phase_error,model_type,num_model_parameters,reduced_chi2,derived_primary_ecl_phase,derived_primary_ecl_phase_error,derived_primary_ecl_duration,derived_primary_ecl_duration_error,derived_primary_ecl_depth,derived_primary_ecl_depth_error,derived_secondary_ecl_phase,derived_secondary_ecl_phase_error,derived_secondary_ecl_duration,derived_secondary_ecl_duration_error,derived_secondary_ecl_depth,derived_secondary_ecl_depth_error
[from data line 111]
375316653866487564,5979699489635986048,0.5871304,2303.416590348595,2.331733975183225,1.19082215E-5,14.681766,0.01604113,0.22974274,0.002434846,0.10590729,0.008840677,0.19946444,0.014711034,0.73364264,0.0024741597,0.10800505,0.0077942973,0.19531769,0.015541655,null,null,null,null,"TWOGAUSSIANS",8,37.05833,0.22974274,0.002439464,0.4,0.0,0.17485291,0.0050306763,0.73364264,0.0024741597,0.4,0.0,0.1707032,0.005093457
375316653866487564,5979699833233548672,0.5224594,2298.5459827072928,2.238493048103662,2.3119657E-5,18.452183,0.017469,0.2830193,0.0051758112,0.1064828,0.015449836,0.16382518,0.022345023,0.7805576,0.0023346269,0.09001057,0.007754039,0.26700252,0.014844943,null,null,null,null,"TWOGAUSSIANS",8,3.8853583,0.7805576,0.0023346269,0.4,0.0,0.2516261,0.0084437085,0.2830193,0.0051758112,0.4,0.0,0.1484435,0.022999158
375316653866487564,5979699931899905024,0.5669194,2299.190848757647,0.31927455709285874,1.0245326E-5,17.28799,0.0019581807,0.31857705,0.01408741,0.015514896,0.0047565945,0.6058919,0.5191646,0.8195303,7.9081417E-4,0.020376453,6.469315E-4,0.44119275,0.029909136,null,null,null,null,"TWOGAUSSIANS",8,5.0365734,0.31857705,0.01408741,0.08688342,0.02663693,0.6058919,0.5191646,0.8195303,7.9081417E-4,0.11410814,0.0036228166,0.44119275,0.029909136
375316653866487564,5979699936228319616,0.582891,2306.892334256738,0.41474391040287767,1.1932506E-4,18.405346,0.006395838,0.26892123,0.0091017615,0.022126684,0.06300613,0.119176544,0.08838204,0.65031993,0.0017382633,0.035201583,0.003402688,1.2708234,0.06541661,null,null,null,null,"TWOGAUSSIANS",8,8.259999,0.65031993,0.0017382633,0.19712886,0.019055054,1.2708234,0.06541649,0.26892123,0.0091017615,0.123909436,0.27417037,0.119176544,0.08838239
375316653866487564,5979700275525264384,0.53922325,2294.629382471447,2.8503054792549873,2.0151583E-5,18.288107,0.01957838,0.23067455,0.0033379246,0.07878991,0.0066286772,0.38355818,0.020492857,0.72440934,0.003254324,0.07582044,0.0041393563,0.5109448,0.022542892,null,null,null,null,"TWOGAUSSIANS",8,12.787421,0.72440934,0.003254324,0.4,0.0,0.50680476,0.020909522,0.23067455,0.0033379246,0.4,0.0,0.3794182,0.01913166
375316653866487564,5979700692141688576,0.59884834,2290.4714534388777,2.1950429226773625,9.074033E-6,18.39934,0.0041973684,0.24721657,0.0025262302,0.080559336,0.0031756843,0.37695748,0.011727792,0.746912,0.0016879311,0.08126169,0.0022964089,0.41348848,0.010594488,null,null,null,null,"TWOGAUSSIANS",8,1.6829503,0.746912,0.0016879311,0.4,0.0,0.4068535,0.011086823,0.24721657,0.0025262302,0.4,0.0,0.3703225,0.012147898
375316653866487564,5979701138818100736,0.43277758,2318.101158223615,0.24554500624444087,7.5045896E-6,19.587603,0.016322903,0.39015052,0.011826485,0.03618152,0.007416473,0.038132697,0.02655602,0.8734517,2.0383233E-5,0.0024233863,1.3062143E-4,1.9083854,0.2986298,0.10720206,0.025517903,0.39015052,0.011826485,"TWOGAUSSIANS_WITH_ELLIPSOIDAL_ON_ECLIPSE1",9,9.70974,0.8734517,2.0383233E-5,0.013570963,7.3147996E-4,2.1204379,0.33796117,0.39015052,0.011826485,0.20261653,0.04153225,0.2525368,0.038931657
375316653866487564,5979701276379157888,0.524381,2254.939331662468,4.2339106287535415,2.0096486E-4,19.344221,0.009763019,0.25775874,0.018256828,0.05126605,0.020851187,0.18526788,0.24365535,0.8825859,0.0053138016,0.04767358,0.005475882,0.22659077,0.024196468,null,null,null,null,"TWOGAUSSIANS",8,1.0397918,0.8825859,0.0053138016,0.26697206,0.03066494,0.22659077,0.024196468,0.25775874,0.018256828,0.28708988,0.116766654,0.18526788,0.24365535
375316653866487564,5979701344976981632,0.4925648,2329.2193200610354,0.6825788783361505,3.491992E-5,18.506073,0.007063374,0.3364068,0.002628564,0.052434687,0.0033069905,0.35436794,0.030428207,0.851261,0.02251287,0.0420639,0.024303561,0.09509703,0.027219778,null,null,null,null,"TWOGAUSSIANS",8,10.7253,0.3364068,0.002628564,0.29363424,0.018519146,0.3543678,0.030428257,0.851261,0.02251287,0.23555782,0.13609995,0.095096886,0.027219957
375316653866487564,5979701448059854976,0.47956562,2347.3443181045163,3.745686886658934,7.9052064E-5,19.085716,0.014778222,0.41368526,0.0049754237,0.027298624,0.0039987387,0.34006482,0.032362502,0.7362111,0.0138249835,0.06702802,0.014410954,0.199628,0.042579442,null,null,null,null,"TWOGAUSSIANS",8,2.4839253,0.41368526,0.0049754237,0.1528723,0.022392936,0.34006667,0.03236509,0.7362111,0.0138249835,0.3753569,0.070001855,0.199628,0.042579442
375316653866487564,5979701482416289408,0.49348342,2274.542801909033,1.6698312590912405,1.8535702E-5,19.19295,0.006594653,0.26961756,0.007740065,0.059762042,0.008982382,0.21324685,0.042879105,0.78754777,0.011321808,0.051457778,0.016273526,0.22122239,0.035848144,null,null,null,null,"TWOGAUSSIANS",8,2.263513,0.78754777,0.011321808,0.28816357,0.09113175,0.22121394,0.035857074,0.26961756,0.007740065,0.33466744,0.05030134,0.2132384,0.042893812
375316653866487564,5979701860458058752,0.4262945,2263.033205033619,0.02928164186023334,3.979789E-5,19.553047,0.046437535,0.3206913,0.042978227,0.068300165,0.0625034,0.37870076,0.11385529,0.78696734,0.0048844717,0.082973994,0.013932113,0.36007726,0.04533154,null,null,null,null,"TWOGAUSSIANS",8,5.9991937,0.3206913,0.042978227,0.38248092,0.26119238,0.37724897,0.11189796,0.78696734,0.0048844717,0.4,0.0,0.3586254,0.034842163
375316653866487564,5979702062204521856,0.58312374,2268.2583568537934,0.8890692857006273,6.7783894E-6,15.720489,0.018029073,0.2231804,0.0033895606,0.11365286,0.007402276,0.30778474,0.017043717,0.7220503,0.0016825967,0.10208216,0.005266206,0.36212814,0.015437036,null,null,null,null,"TWOGAUSSIANS",8,29.231213,0.7220503,0.0016825967,0.4,0.0,0.31755185,0.008622008,0.2231804,0.0033895606,0.4,0.0,0.26317427,0.008143425
375316653866487564,5979702307050633856,0.43974692,2318.296243355849,2.860371400354578,3.878582E-5,18.855816,0.011208221,0.35576516,0.010648552,0.07867019,0.009662077,0.18543859,0.023292005,0.7010144,0.06690201,0.057675853,0.04041323,0.03329408,0.014708429,null,null,null,null,"TWOGAUSSIANS",8,7.091513,0.35576516,0.010638425,0.4,0.0,0.18543686,0.023284497,0.7010144,0.06690201,0.32298478,0.17192492,0.03330455,0.014729843
375316653866487564,5979702410129635200,0.61074466,2290.8428968270982,0.16963627818586213,1.7469896E-5,18.15579,0.0032713655,0.30557123,0.027426716,0.061056033,0.023949638,0.02992577,0.024207735,0.72256446,7.351884E-5,0.0058685825,1.6453202E-4,0.5634115,0.017192252,null,null,null,null,"TWOGAUSSIANS",8,2.2901738,0.72256446,7.351884E-5,0.03286406,9.213793E-4,0.5634115,0.017192252,0.30557123,0.027426716,0.3419138,0.13411798,0.02992577,0.024207735
375316653866487564,5979702444492338944,0.44891855,2329.330361535178,2.2403716159144884,1.2441942E-5,19.556364,0.014870424,0.2403815,0.009062696,0.064728595,0.007408929,0.3211208,0.063828364,0.75666374,0.0025558416,0.043880176,0.0034462097,0.7728262,0.101576574,null,null,null,null,"TWOGAUSSIANS",8,9.409136,0.75666374,0.0025558416,0.24572898,0.019298775,0.77281517,0.10158153,0.2403815,0.009062696,0.36248013,0.041490003,0.32110974,0.06383509
375316653866487564,5979702616289010432,0.46269378,2310.509549279921,1.863905555387261,2.9937317E-5,18.29901,0.010468808,0.24532506,0.013602204,0.081295274,0.013521727,0.14795193,0.030126475,0.7314931,0.015685627,0.07420154,0.015992975,0.21978423,0.03759426,null,null,null,null,"TWOGAUSSIANS",8,11.705473,0.7314931,0.015685627,0.4,0.041991808,0.21826962,0.03861912,0.24532506,0.013602204,0.4,0.0,0.14643732,0.03033691
375316653866487564,5979702753727957504,0.49641633,2299.8762887667517,4.492150842984041,3.4711593E-5,18.838202,0.009761078,0.50610673,0.0059360354,0.16370808,0.01336148,0.21423586,0.014882557,0.86799645,0.037848126,0.01791177,0.014424798,0.03753618,0.029864013,null,null,null,null,"TWOGAUSSIANS",8,2.3883328,0.50610673,0.0059360354,0.4,0.0,0.21019642,0.01596737,0.86799645,0.037848126,0.10030591,0.08077887,0.052215215,0.03613754
375316653866487564,5979702788208190592,0.5305577,2306.164998340513,0.3522369068616178,2.3446526E-5,18.585995,0.001920683,0.6796306,0.0022374208,0.016249446,0.0028228022,0.24782617,0.0055038286,null,null,null,null,null,null,0.028301539,0.0027651447,0.6796306,0.0022374208,"ONEGAUSSIAN_WITH_ELLIPSOIDAL",6,1.4492242,0.6796306,0.0022374208,0.0909969,0.015807692,0.30442917,0.00525938,null,null,null,null,null,null
375316653866487564,5979702891166638208,0.48563325,2305.6511951217476,0.20571220024179518,1.1603363E-4,18.464558,0.007507931,0.14213173,0.015813772,0.029670766,0.026973307,0.105496444,0.040171295,0.48041314,0.03043882,0.014835386,0.029423999,0.5687436,0.51788324,null,null,null,null,"TWOGAUSSIANS",8,9.536173,0.48041314,0.03043882,0.08307816,0.16477439,0.5687436,0.51788324,0.14213173,0.015813772,0.16615628,0.15105052,0.105496444,0.040171295
375316653866487564,5979702891166696960,0.45189437,2288.6847554942747,2.7518120592308075,4.1838055E-5,19.857233,0.025582565,0.26005837,0.0054913163,0.074899144,0.009984083,0.41022837,0.06438216,0.71963143,0.06764488,0.049037684,0.041416258,0.42555878,0.14619426,null,null,null,null,"TWOGAUSSIANS",8,6.0598598,0.71963143,0.06764488,0.27461103,0.1927784,0.42549834,0.14587842,0.26005837,0.0054913163,0.4,1.667423E-4,0.41016793,0.064255826
375316653866487564,5979703097408826368,0.55390036,2275.297689702219,2.1380989652052915,6.490903E-6,17.028522,0.013477877,0.27988043,0.004329046,0.084019884,0.00634034,0.3994014,0.02642236,0.77562165,0.002350662,0.09186837,0.004840991,0.36166987,0.013052384,null,null,null,null,"TWOGAUSSIANS",8,14.857474,0.27988043,0.004329046,0.4,0.0,0.386972,0.027325947,0.77562165,0.002350662,0.4,0.0,0.3492402,0.010111343
375316653866487564,5979703131685491584,0.49848917,2298.8098512621864,0.3250644197418453,1.1842964E-5,18.734756,0.0113277845,0.31775182,0.0027265341,0.044973865,0.0030148535,0.5570969,0.041934058,0.79610574,0.0020298806,0.044662576,0.0040340032,0.22189385,0.0117672905,null,null,null,null,"TWOGAUSSIANS",8,7.178813,0.31775182,0.0027265341,0.25185364,0.01688318,0.55709684,0.041934084,0.79610574,0.0020298806,0.25011042,0.022590417,0.22189382,0.011767259
375316653866487564,5979703166045226496,0.5396023,2294.3369848877674,1.7125701534167979,1.1667182E-5,18.72086,0.011478709,0.22533506,0.0028142438,0.09154066,0.0064264745,0.3168131,0.018549856,0.7367636,0.0044777393,0.084795594,0.004974594,0.32343972,0.016036687,null,null,null,null,"TWOGAUSSIANS",8,2.353709,0.7367636,0.0044777393,0.4,0.0,0.31390756,0.012551186,0.22533506,0.0028142438,0.4,0.0,0.30728072,0.019938527
375316653866487564,5979704196838166144,0.4850051,2308.2276677638347,0.06601116742201416,1.1471121E-5,19.313072,0.006720015,0.37992704,0.10041293,0.05006464,0.03354399,0.47170416,0.39461598,0.1900865,0.001760836,0.020037614,0.00193592,0.21426949,0.014248123,null,null,null,null,"TWOGAUSSIANS",8,3.123697,0.37992704,0.10043214,0.28036198,0.18784635,0.47170416,0.39459553,0.19013649,0.0017573053,0.11221064,0.010841152,0.21462613,0.014319159
375316653866487564,5979704261254847232,0.5234956,2287.347391472458,2.733076584059529,1.1370929E-5,18.192877,0.013087998,0.29352757,0.0025293098,0.06492979,0.012877556,0.116631165,0.04295647,0.76581067,0.0062313667,0.032761477,0.0061116735,0.17353031,0.06893442,0.14307152,0.018363206,0.29352757,0.0025293098,"TWOGAUSSIANS_WITH_ELLIPSOIDAL_ON_ECLIPSE1",9,11.548611,0.76918066,0.0055436003,0.18346426,0.03422537,0.45204318,0.054391336,0.29352757,0.0025293098,0.36360684,0.07211431,0.40270385,0.030466655
375316653866487564,5979704334277281664,0.49884078,2287.7759009262886,2.2807112307730772,2.6103036E-5,19.100779,0.013949228,0.25944814,0.0032057737,0.08431452,0.006815176,0.2806466,0.017459875,0.7636682,0.005683722,0.10101983,0.01275625,0.17136833,0.017227355,null,null,null,null,"TWOGAUSSIANS",8,1.857866,0.25944814,0.0032057737,0.4,0.0,0.27018532,0.016455458,0.7636682,0.005683722,0.4,0.0,0.16090542,0.017467715
375316653866487564,5979705090190453760,0.5060987,2242.296222412392,1.5744873887707826,1.415511E-5,19.284958,0.03641183,0.23379853,0.003994433,0.11094918,0.018575253,0.26551726,0.027269546,0.7239596,0.0053001065,0.09581633,0.012436638,0.2882186,0.034675926,null,null,null,null,"TWOGAUSSIANS",8,1.4217702,0.7239596,0.0053001065,0.4,0.0,0.26195982,0.013860503,0.23379853,0.0039938237,0.4,0.0,0.2392371,0.013259264
375316653866487564,5979705090193308800,0.44845295,2350.627131507854,4.334065168990518,5.480993E-5,18.080692,0.0106439665,0.469553,0.012018847,0.017035417,0.011765281,0.539821,0.20257108,0.76508063,0.010594913,0.028993174,0.020041438,0.21904735,0.15743384,0.05157774,0.013654168,0.76508063,0.010594913,"TWOGAUSSIANS_WITH_ELLIPSOIDAL_ON_ECLIPSE2",9,4.010075,0.469363,0.011714654,0.09539834,0.06588557,0.5480677,0.20435828,0.76508063,0.010594913,0.16236177,0.11223205,0.3222028,0.15620242
375316653866487564,5979705124549833984,0.5208765,2277.778083544916,1.2931299043138191,1.8157087E-5,18.618559,0.0035428398,0.2090288,0.0070292545,0.06467711,0.0056463447,0.1493153,0.014203874,0.7172638,0.005029767,0.06608945,0.0045297137,0.2355457,0.013812278,null,null,null,null,"TWOGAUSSIANS",8,2.090722,0.7172638,0.005029767,0.37010092,0.025366398,0.23534876,0.013822498,0.2090288,0.0070292545,0.36219183,0.03161953,0.14911836,0.014158994
375316653866487564,5979705124549871616,0.57040477,2277.395936753628,1.0729304106675464,9.550023E-6,16.552925,0.04554322,0.23073976,0.0016382666,0.05869988,0.014930211,0.17427532,0.09008659,0.73616755,0.012298177,0.058750153,0.016660003,0.28104508,0.10362376,0.085956864,0.047911014,0.23073976,0.0016382666,"TWOGAUSSIANS_WITH_ELLIPSOIDAL_ON_ECLIPSE1",9,26.420658,0.73616755,0.011723507,0.32900086,0.079119034,0.45271638,0.021691862,0.23073976,0.0016382666,0.32871932,0.08166072,0.34614646,0.024584519
375316653866487564,5979705257660394880,0.48473725,2263.4589022215846,0.9329912068295889,3.0725994E-4,17.939545,0.01135747,0.274037,0.046992015,0.09975035,0.059975117,0.094548225,0.036747463,0.74239194,0.016196739,0.01496148,0.009453632,0.5481691,0.2733094,null,null,null,null,"TWOGAUSSIANS",8,18.86071,0.74239194,0.016196739,0.08378429,0.05294034,0.548167,0.27331525,0.274037,0.046992015,0.4,0.13870907,0.09454453,0.036766645
375316653866487564,5979705433871165056,0.4304995,2237.2905166294777,1.9973794320745475,4.7775968E-5,18.940826,0.010262766,null,null,null,null,null,null,null,null,null,null,null,null,0.103614464,0.012133981,0.29125622,0.011328634,"ELLIPSOIDAL",4,12.088822,null,null,null,null,null,null,null,null,null,null,null,null
375316653866487564,5979705468148078336,0.4811612,2253.0552633422285,2.3479200286100164,4.0459207E-5,19.330091,0.060762744,0.17450362,0.009215903,0.10810805,0.0223193,0.36499637,0.05929147,0.6857113,0.016151313,0.10488334,0.027084598,0.3818858,0.07937747,null,null,null,null,"TWOGAUSSIANS",8,9.200811,0.6857213,0.016160117,0.4,0.0,0.34002557,0.08937977,0.17449363,0.009219733,0.4,0.0,0.3231278,0.044257555
375316653866487564,5979706224062616832,0.42889753,2287.6681197881107,0.12789839113503404,1.9498459E-5,18.810608,0.005884601,0.2373563,0.0014106117,0.019174507,0.0016601594,0.21292438,0.027645249,0.7357343,0.0066214297,0.010762883,0.006969449,0.3460713,0.353158,null,null,null,null,"TWOGAUSSIANS",8,4.9079366,0.7357343,0.0066214297,0.060272146,0.039028913,0.3460713,0.353158,0.2373563,0.0014106117,0.10737724,0.009296892,0.21292438,0.027645249
375316653866487564,5979706322812883456,0.6096475,2294.5181185515057,2.398658622483576,9.041522E-6,17.5417,0.009291563,0.23349082,0.0020524072,0.046481095,0.008356794,0.2079815,0.06861787,0.7401198,0.0044007404,0.056436677,0.009138632,0.20222203,0.023431418,0.099960536,0.011690756,0.23349082,0.0020524072,"TWOGAUSSIANS_WITH_ELLIPSOIDAL_ON_ECLIPSE1",9,6.2918077,0.23349082,0.0020524072,0.26029414,0.046798047,0.40789592,0.077228315,0.7401198,0.0044007404,0.31604537,0.05117634,0.4017898,0.009286843
