Gaia/vari_eclipsing_binary/VariEclipsingBinary_461835-461844.csv
# %ECSV 1.0
# ---
# delimiter: ','
# meta: !!omap
# - RELEASE: Gaia DR3
# - TABLE: vari_eclipsing_binary
# - DESCRIPTION: >
#     This table describes the properties of the eclipsing binaries resulting from the variability analysis. 
# - CITATION: >
#     How to cite and acknowledge Gaia: 
#     https://gea.esac.esa.int/archive/documentation/credits.html 
# - KNOWN_ISSUES: >
#     Known issues: 
#     https://www.cosmos.esa.int/web/gaia-users/known-issues 
# - DOCUMENTATION: >
#     Tutorials and documentation: 
#     https://www.cosmos.esa.int/web/gaia-users/archive 
# datatype:
# - 
#   name: solution_id
#   datatype: int64
#   description: Solution Identifier
#   meta:
#     ucd: meta.version
# - 
#   name: source_id
#   datatype: int64
#   description: Unique source identifier
#   meta:
#     ucd: meta.id;meta.main
# - 
#   name: global_ranking
#   datatype: float32
#   description: Number between 0 (worst) and 1 (best)
#   meta:
#     ucd: stat.param
# - 
#   name: reference_time
#   datatype: float64
#   unit: d
#   description: Reference time used for the geometric model fit
#   meta:
#     ucd: time.epoch
# - 
#   name: frequency
#   datatype: float64
#   unit: d**-1
#   description: Frequency of geometric model of the eclipsing binary light curve
#   meta:
#     ucd: src.orbital
# - 
#   name: frequency_error
#   datatype: float32
#   unit: d**-1
#   description: "Uncertainty of \\texttt{frequency}"
#   meta:
#     ucd: stat.error
# - 
#   name: geom_model_reference_level
#   datatype: float32
#   unit: mag
#   description: Magnitude reference level of geometric model
#   meta:
#     ucd: phot.mag;em.opt
# - 
#   name: geom_model_reference_level_error
#   datatype: float32
#   unit: mag
#   description: "Uncertainty of \\texttt{geomModelReferenceLevel}"
#   meta:
#     ucd: stat.error;phot.mag;em.opt
# - 
#   name: geom_model_gaussian1_phase
#   datatype: float32
#   description: Phase of the Gaussian 1 component
#   meta:
#     ucd: time.phase
# - 
#   name: geom_model_gaussian1_phase_error
#   datatype: float32
#   description: "Uncertainty of \\texttt{geomModelGaussian1Phase}"
#   meta:
#     ucd: stat.error;time.phase
# - 
#   name: geom_model_gaussian1_sigma
#   datatype: float32
#   description: "Standard deviation [phase] of Gaussian 1 component"
#   meta:
#     ucd: stat.stdev
# - 
#   name: geom_model_gaussian1_sigma_error
#   datatype: float32
#   description: "Uncertainty of \\texttt{geomModelGaussian1Sigma}"
#   meta:
#     ucd: stat.error
# - 
#   name: geom_model_gaussian1_depth
#   datatype: float32
#   unit: mag
#   description: Magnitude depth of Gaussian 1 component
#   meta:
#     ucd: src.var.amplitude
# - 
#   name: geom_model_gaussian1_depth_error
#   datatype: float32
#   unit: mag
#   description: "Uncertainty of \\texttt{geomModelGaussian1Depth}"
#   meta:
#     ucd: stat.error;src.var.amplitude
# - 
#   name: geom_model_gaussian2_phase
#   datatype: float32
#   description: Phase of Gaussian 2 component
#   meta:
#     ucd: time.phase
# - 
#   name: geom_model_gaussian2_phase_error
#   datatype: float32
#   description: "Uncertainty of \\texttt{geomModelGaussian2Phase}"
#   meta:
#     ucd: stat.error;time.phase
# - 
#   name: geom_model_gaussian2_sigma
#   datatype: float32
[...]
#   datatype: float32
#   description: "Secondary eclipse: uncertainty of \\texttt{derivedSecondaryEclDuration}"
#   meta:
#     ucd: stat.error;time.duration
# - 
#   name: derived_secondary_ecl_depth
#   datatype: float32
#   unit: mag
#   description: "Secondary eclipse: depth"
#   meta:
#     ucd: src.var.amplitude
# - 
#   name: derived_secondary_ecl_depth_error
#   datatype: float32
#   unit: mag
#   description: "Secondary eclipse: uncertainty of \\texttt{derivedSecondaryEclDepth}"
#   meta:
#     ucd: stat.error;src.var.amplitude
solution_id,source_id,global_ranking,reference_time,frequency,frequency_error,geom_model_reference_level,geom_model_reference_level_error,geom_model_gaussian1_phase,geom_model_gaussian1_phase_error,geom_model_gaussian1_sigma,geom_model_gaussian1_sigma_error,geom_model_gaussian1_depth,geom_model_gaussian1_depth_error,geom_model_gaussian2_phase,geom_model_gaussian2_phase_error,geom_model_gaussian2_sigma,geom_model_gaussian2_sigma_error,geom_model_gaussian2_depth,geom_model_gaussian2_depth_error,geom_model_cosine_half_period_amplitude,geom_model_cosine_half_period_amplitude_error,geom_model_cosine_half_period_phase,geom_model_cosine_half_period_phase_error,model_type,num_model_parameters,reduced_chi2,derived_primary_ecl_phase,derived_primary_ecl_phase_error,derived_primary_ecl_duration,derived_primary_ecl_duration_error,derived_primary_ecl_depth,derived_primary_ecl_depth_error,derived_secondary_ecl_phase,derived_secondary_ecl_phase_error,derived_secondary_ecl_duration,derived_secondary_ecl_duration_error,derived_secondary_ecl_depth,derived_secondary_ecl_depth_error
[from data line 859]
375316653866487564,4062398940272866688,0.48122463,2222.119632572348,2.9781948680964447,1.463712E-5,18.204409,0.02422475,0.2863118,0.005577973,0.06322768,0.0070849834,0.4500945,0.06478894,0.78455037,0.010401409,0.06668157,0.018218629,0.5227128,0.22183953,null,null,null,null,"TWOGAUSSIANS",8,18.33271,0.78455037,0.010401409,0.37341678,0.06513,0.52215296,0.22309735,0.2863118,0.005577973,0.35407504,0.039675906,0.44953465,0.064801775
375316653866487564,4062398944429245184,0.44777027,2258.2062719160376,0.04601677047230598,1.1911388E-5,18.667147,0.07606321,0.867997,0.0065591764,0.055122297,0.014502887,1.0931724,0.47610754,0.49115694,0.010899018,0.053165153,0.007580447,0.5581475,0.087440126,0.007879824,0.09132965,0.867997,0.0065591764,"TWOGAUSSIANS_WITH_ELLIPSOIDAL_ON_ECLIPSE1",9,21.962395,0.867997,0.0065591764,0.3086849,0.081216164,1.108898,0.4155742,0.49115694,0.010899018,0.29772487,0.042450503,0.5661754,0.16752961
375316653866487564,4062399043204035072,0.48572603,2220.1114520853716,0.11060544563810012,1.1685843E-4,18.784922,0.043077614,0.25767282,0.07179807,0.059282985,0.061238207,0.3577204,0.29738197,0.73708665,0.034377147,0.09122154,0.027530974,0.2735336,0.058889214,null,null,null,null,"TWOGAUSSIANS",8,6.5861306,0.25767282,0.0718189,0.33198473,0.0875801,0.35622847,0.30283535,0.73708665,0.034377147,0.4,0.0,0.27204135,0.042384133
375316653866487564,4062399043204160512,0.4674901,2272.6053390314664,0.0603815138608507,1.6257468E-4,18.111275,0.0059224167,0.20639855,0.020059379,0.047302455,0.015182624,0.14183484,0.018380677,0.71282196,0.01340673,0.10499974,0.015992975,0.109461285,0.028400613,null,null,null,null,"TWOGAUSSIANS",8,3.7343278,0.20639855,0.020066774,0.26489374,0.085022695,0.1409715,0.018404864,0.71282196,0.01340673,0.4,0.0,0.10859523,0.028789662
375316653866487564,4062399081868137216,0.5170394,2139.0684405555994,1.1340290109181856,6.3049905E-5,18.814035,0.06098885,0.58966434,0.013947068,0.1462768,0.021895494,0.64676064,0.09972597,0.96519095,0.009087778,0.041882653,0.01647569,0.15492345,0.04940654,null,null,null,null,"TWOGAUSSIANS",8,11.023579,0.58966434,0.013947068,0.4,0.0,0.6422249,0.0998986,0.96519095,0.009087778,0.23454285,0.09226387,0.17442496,0.053796675
375316653866487564,4062399081868317440,0.45187488,2263.5062249733355,0.5284796922428912,1.25923725E-5,17.930569,0.0049709156,0.44546083,0.0154481195,0.14693159,0.03887327,0.04992286,0.011390218,0.76894313,0.005800144,0.007146729,0.007421745,1.2517455,1.495353,null,null,null,null,"TWOGAUSSIANS",8,6.3890243,0.76894313,0.005800144,0.040021684,0.04156177,1.2558651,1.4960237,0.44546083,0.0154481195,0.4,0.0,0.04961752,0.01225895
375316653866487564,4062399111923569920,0.4722429,2253.0118225115966,1.8282337748261799,4.0882358E-5,18.672686,0.012496083,0.34667152,0.023128545,0.06776054,0.017050287,0.19604243,0.025129374,0.8178357,0.017644601,0.06208007,0.02733195,0.25696716,0.0814511,null,null,null,null,"TWOGAUSSIANS",8,7.332449,0.8178357,0.017644601,0.34764838,0.10134971,0.25685582,0.082100324,0.34667152,0.023128545,0.37945902,0.06753951,0.19593112,0.025120907
375316653866487564,4062399146282425728,0.43263337,2234.7318679194987,0.04933356145248135,3.0385607E-5,18.097942,0.08274451,0.10257535,0.017736174,0.12042199,0.047050145,0.15753888,0.08123068,0.595276,0.004647197,0.070002295,0.026404306,0.2780512,0.15275066,null,null,null,null,"TWOGAUSSIANS",8,8.23674,0.595276,0.004646673,0.39201283,0.09469226,0.26756853,0.15213095,0.10257535,0.017736174,0.4,0.0,0.14699765,0.03410161
375316653866487564,4062399253666632448,0.49332604,2380.277408435014,1.1045406184659778,5.494914E-5,15.624972,0.00721498,0.1593796,2.896872E-4,0.03378358,8.8176416E-4,0.41453132,0.008253603,0.5813251,0.056557298,0.037958816,0.01321487,1.4934689,9.738931,null,null,null,null,"TWOGAUSSIANS",8,1.8324165,0.5813251,0.056557298,0.21256936,0.07400328,1.4934689,9.738931,0.1593796,2.896872E-4,0.18918806,0.0049378793,0.41453132,0.008253602
375316653866487564,4062399524239836032,0.45947802,2209.3715944517317,0.31294046780242213,2.4283461E-5,18.262962,0.02800038,0.2054168,0.005443225,0.09581779,0.014684951,0.25295442,0.025769051,0.8260941,0.006071618,0.06681128,0.00954751,0.18406838,0.028021872,null,null,null,null,"TWOGAUSSIANS",8,2.795443,0.2054168,0.005443225,0.4,0.0,0.2526542,0.02505648,0.8261941,0.0060325107,0.37414318,0.042914856,0.18386832,0.027510969
375316653866487564,4062399558599300736,0.5737052,2283.556952005727,0.049292613991380685,2.679937E-6,17.515013,0.0031050723,0.1039228,0.0067674993,0.0066827536,0.007247573,0.07341127,330101.5,0.63096833,6.876141E-4,0.0044250307,3.5398293E-4,0.36967906,0.03458129,0.014334283,0.0057843328,0.1039228,0.0067674993,"TWOGAUSSIANS_WITH_ELLIPSOIDAL_ON_ECLIPSE1",9,5.515962,0.63096833,6.876141E-4,0.024780173,0.0019823045,0.3975277,0.035716683,0.1039228,0.0067674993,0.03742342,0.04058641,0.10207983,330101.5
375316653866487564,4062399562904394112,0.5284949,2239.1578072849215,0.7465762851431113,4.2912634E-5,18.371567,0.111427754,0.2425638,0.003795058,0.06025444,0.0076171397,0.30791762,0.036635708,0.73568386,0.046838112,0.08710973,0.1988943,0.09270922,0.07458965,null,null,null,null,"TWOGAUSSIANS",8,5.3951354,0.2425638,0.0036805924,0.33742487,0.042655982,0.30713537,0.020872392,0.73568386,0.046838112,0.4,0.0,0.09192693,0.03130201
375316653866487564,4062399597264135296,0.4855856,2223.534524597478,0.16761087383121226,2.0128993E-5,18.01853,0.00511526,0.4523163,0.006557477,0.039879218,0.0073263305,0.13024779,0.017130781,0.81875944,0.0071344837,0.058959495,0.004407464,0.13661906,0.0069609573,null,null,null,null,"TWOGAUSSIANS",8,4.2863235,0.81875944,0.0071344837,0.3301732,0.0246818,0.13661906,0.006960957,0.4523163,0.006557477,0.22332363,0.041027453,0.13024779,0.017130781
375316653866487564,4062399700343692032,0.52997625,2246.003835386316,1.504248791244053,1.3613654E-5,15.011342,0.019325517,0.28619155,0.0063754064,0.080582336,0.0098451935,0.24095437,0.02402315,0.7740768,0.0021677078,0.0879203,0.0078521175,0.25762117,0.016479798,null,null,null,null,"TWOGAUSSIANS",8,53.418182,0.7740768,0.0021677078,0.4,0.0,0.2527012,0.012095265,0.28619155,0.0063754064,0.4,0.0,0.23603445,0.022277541
375316653866487564,4062399734798272896,0.4247763,2235.618916004936,0.16804527468197142,3.5221496E-5,18.800224,0.301115,0.07278481,0.006726315,0.063967966,0.050288606,0.34469983,0.28695804,0.5763555,0.1272921,0.053750675,0.17339882,0.38210198,0.7677304,null,null,null,null,"TWOGAUSSIANS",8,15.464646,0.5763555,0.12730533,0.30100378,0.1870435,0.3820255,0.7891299,0.07278481,0.0054128347,0.3582206,0.1751548,0.3446234,0.25632775
375316653866487564,4062399803423090560,0.4511904,2295.2933217517234,0.1677980297905446,8.667107E-5,18.584976,0.07909845,0.30952412,0.02643134,0.12048112,0.074555255,0.23393379,0.051166657,0.8655067,0.010310129,0.0677075,0.024422739,0.3195875,0.06880308,null,null,null,null,"TWOGAUSSIANS",8,8.702513,0.86561674,0.009803371,0.379162,0.072655134,0.31352773,0.058823027,0.30952412,0.02643134,0.4,0.0,0.2276051,0.051260076
375316653866487564,4062399833621318400,0.46466067,2254.697512886476,1.0383293683785018,2.6343214E-5,18.333918,0.034772154,0.3598935,0.077342845,0.16020964,0.08268772,0.06860267,0.033357777,0.54199964,0.0023071321,0.03331835,0.0038102928,2.0035515,1.0277041,null,null,null,null,"TWOGAUSSIANS",8,3.3560824,0.54199964,0.0023071321,0.18658276,0.02133764,2.0384557,1.0470748,0.3599335,0.077890314,0.4,0.0,0.06755055,0.022135146
375316653866487564,4062399872101151104,0.46227565,2327.9722306846306,1.212841843131136,3.0919902E-5,18.760586,0.09167703,0.111411795,0.026576793,0.107559696,0.07779409,0.13462597,0.08573754,0.60771286,0.016982496,0.06572701,0.023804907,0.25086197,0.10547811,null,null,null,null,"TWOGAUSSIANS",8,2.1785867,0.60771286,0.016986245,0.36807126,0.088609554,0.24611403,0.0796291,0.111411795,0.026576793,0.4,0.06781528,0.1298725,0.043993197
375316653866487564,4062399906502270976,0.48798215,2249.3114521969574,0.3893283834245419,1.0080922E-5,18.63905,0.20221753,0.32137927,0.017410813,0.20128825,0.11974319,0.1881772,0.19929545,0.79620767,0.0063935113,0.10451277,0.026945794,0.32273424,0.074424885,null,null,null,null,"TWOGAUSSIANS",8,1.1733327,0.79620767,0.0063935113,0.4,0.0,0.2482446,0.07331805,0.32146928,0.017325347,0.4,0.0,0.095796034,0.017064277
375316653866487564,4062399936699954944,0.482156,2182.4839731332254,0.610848020495852,5.54666E-5,19.202606,0.1104717,0.26607525,0.016976826,0.103151724,0.026344512,0.42775908,0.10368328,0.73717785,0.027659914,0.13209802,0.04553895,0.3471954,0.14081599,null,null,null,null,"TWOGAUSSIANS",8,5.6342235,0.26639524,0.01695307,0.4,0.0,0.36852953,0.062279128,0.73717785,0.027659914,0.4,0.0,0.28726172,0.07571993
375316653866487564,4062399971060950272,0.4963063,2239.5678635513,0.1205125494371271,2.77118E-5,18.401915,0.07583917,0.3862141,0.015485897,0.18703635,0.024033071,0.7354529,0.07535483,0.80623794,4.1533036E-5,0.0051875003,4.5391542E-4,0.25323308,0.033973444,null,null,null,null,"TWOGAUSSIANS",8,23.404455,0.3862141,0.015485897,0.4,0.0,0.6941713,0.044305082,0.80623794,4.1533036E-5,0.029050002,0.0025419265,0.27703995,0.03805047
375316653866487564,4062400043941775360,0.46791723,2248.4300507653566,0.8322371359043025,9.1209025E-5,17.79105,0.014205596,0.2542531,0.00942524,0.034016855,0.022951476,0.29753157,0.609683,0.7544714,0.0051718378,0.031323638,0.014140871,0.41031176,4.1191936,0.055804178,0.024187533,0.2542531,0.00942524,"TWOGAUSSIANS_WITH_ELLIPSOIDAL_ON_ECLIPSE1",9,39.402916,0.7544714,0.0051303203,0.17541237,0.079188876,0.5219196,4.1228833,0.2542531,0.00942524,0.19049439,0.12852827,0.40913966,0.6287107
375316653866487564,4062400074135412864,0.48062643,2276.5114431171864,0.04579916220556458,4.2765972E-5,18.099852,0.020482728,0.12507771,0.008037779,0.052846108,0.0061126114,0.122613445,0.016806467,0.7365024,0.01045811,0.15539126,0.02614799,0.2768649,0.04302952,null,null,null,null,"TWOGAUSSIANS",8,2.642914,0.7365024,0.01045811,0.4,0.0,0.27100274,0.04875764,0.12037771,0.007513706,0.2959382,0.034230623,0.12946795,0.019165331
375316653866487564,4062400078301502848,0.5030067,2259.7119742778254,0.33591149871389764,6.653825E-5,14.200261,0.119604215,0.52872825,0.024462804,0.24583481,0.18838483,0.061627522,0.112651855,0.646351,0.0011952684,0.005043411,0.0023060702,0.19314927,258.80124,null,null,null,null,"TWOGAUSSIANS",8,15.991694,0.646351,0.0011952684,0.028243102,0.012913993,0.23263288,258.8014,0.52872825,0.024462804,0.4,0.0,0.046080165,0.008098601
375316653866487564,4062400142853906048,0.5021638,2254.184332273388,0.41310521229935243,1.8950237E-5,16.56224,0.0014208684,0.63383716,0.004788039,0.027548604,0.0064441888,0.062886514,0.012103234,0.7916498,0.008070707,0.032790635,0.008536098,0.057804637,0.009842766,null,null,null,null,"TWOGAUSSIANS",8,2.2732327,0.63383716,0.0047884346,0.15427218,0.036087457,0.06288705,0.012104341,0.7916498,0.008070707,0.18362756,0.047802147,0.057804644,0.009842786
375316653866487564,4062400146980702976,0.46217325,2267.1291440559844,0.030751968804035187,3.2717187E-5,18.67953,0.0074945902,null,null,null,null,null,null,null,null,null,null,null,null,0.14045994,0.012156578,0.29912782,0.00675884,"ELLIPSOIDAL",4,6.52458,null,null,null,null,null,null,null,null,null,null,null,null
375316653866487564,4062400215740434944,0.49883518,2214.4609575137088,0.4712778205565822,6.995769E-5,18.272278,0.006854291,0.88995725,0.025083857,0.020155847,0.04218081,0.059591092,0.06612039,0.61701965,0.017702455,0.11901734,0.0155447265,0.12569161,0.012603794,null,null,null,null,"TWOGAUSSIANS",8,1.9977853,0.61701965,0.017700015,0.4,0.0,0.12565462,0.012567355,0.88873726,0.26565892,0.11287275,0.23621255,0.06872418,0.07927023
375316653866487564,4062400245795026432,0.47102398,2228.1107272761606,0.10516080274961966,4.5330245E-5,18.244255,0.018705549,0.2205817,0.009171088,0.08360795,0.016561883,0.26320803,0.071361385,0.6608483,0.011604877,0.060763407,0.015542175,0.16948615,0.020472972,null,null,null,null,"TWOGAUSSIANS",8,8.566101,0.2205817,0.009171088,0.4,0.0,0.26297286,0.071586594,0.6608483,0.011604877,0.34027508,0.08703618,0.16925122,0.02010492
375316653866487564,4062400250058337024,0.45745164,2247.1655843755075,0.23393436097653206,8.380223E-5,17.84812,0.030657202,0.08202527,0.017937912,0.02434628,0.014161895,0.12051195,0.045157284,0.6463843,0.031769786,0.059936333,0.044268817,0.3498002,0.16830043,null,null,null,null,"TWOGAUSSIANS",8,13.204038,0.6463843,0.031769786,0.33564347,0.067889534,0.3498002,0.16851659,0.08202527,0.017937912,0.13633917,0.07930661,0.12051195,0.045078218
375316653866487564,4062400250194423552,0.45604214,2143.0199010746783,0.5470395152275052,2.7872575E-5,18.699087,0.0153341275,0.21834469,0.0959374,0.057814036,0.044881355,0.10831105,0.07251318,0.69389373,0.008587938,0.06829675,0.016214445,0.22815542,0.031212566,null,null,null,null,"TWOGAUSSIANS",8,3.0058188,0.69389373,0.008587938,0.38246182,0.0665948,0.22809878,0.031153513,0.21834469,0.0959374,0.3237586,0.11595096,0.10825442,0.073021464
375316653866487564,4062400314512968320,0.43959287,2252.5008952931644,0.5592474720721734,3.087236E-5,18.265364,0.026106153,0.070885204,0.015694,0.10083535,0.038744297,0.111268125,0.020237343,0.52930266,1.2874362E-4,0.0452406,0.015569064,0.1054082,0.018001586,null,null,null,null,"TWOGAUSSIANS",8,4.997463,0.070885204,0.015694,0.4,0.0014955659,0.11105871,0.020122541,0.52930266,1.2874362E-4,0.25334734,0.087186754,0.10520246,0.017569616
375316653866487564,4062400318779376896,0.5234595,2193.4314665622305,3.4857872250681767,1.8543224E-5,16.469015,0.012122334,0.4741417,0.002304008,0.03124659,0.0018344363,2.1656966,0.49536386,0.84536886,0.007120174,0.038355857,0.0066798883,0.316118,0.075963445,null,null,null,null,"TWOGAUSSIANS",8,45.735657,0.4741417,0.002304008,0.1749809,0.010272843,2.1656966,0.49536386,0.84536886,0.007120174,0.21479279,0.037407376,0.316118,0.075963445
375316653866487564,4062400348872698624,0.55163604,2256.107367623037,2.964496659751723,1.1550709E-5,17.86262,0.012427222,0.19987668,0.0026609693,0.05135703,0.017342115,0.038981378,0.06516916,0.6971493,0.008068057,0.037450697,0.019699292,0.13550806,0.017633453,0.11342075,0.01682234,0.19987668,0.0026609693,"TWOGAUSSIANS_WITH_ELLIPSOIDAL_ON_ECLIPSE1",9,8.503341,0.69757926,0.0070918393,0.2097239,0.11031603,0.36229303,0.03153722,0.19987668,0.0026609693,0.28759938,0.097115844,0.26582256,0.04876181
375316653866487564,4062400417591498752,0.45147336,2206.5321684144187,0.19816375751650525,5.624849E-5,17.928072,0.06164727,0.26569733,0.011983676,0.08437049,0.020996617,0.6105827,0.13840163,0.7330592,0.033247944,0.11332835,0.03450826,0.5523122,0.25735795,null,null,null,null,"TWOGAUSSIANS",8,16.074184,0.26573732,0.011985471,0.4,0.020503191,0.5805303,0.14525026,0.7330592,0.033247944,0.4,0.0,0.5221391,0.27800646
375316653866487564,4062400490618010368,0.45917928,2266.3196780904536,0.08721569311686236,2.6244656E-5,17.787699,0.20710498,0.1686571,0.0055444865,0.09385048,0.03063918,0.3361797,0.17808467,0.66795504,0.019999987,0.1418825,0.12203897,0.17405458,0.19514515,null,null,null,null,"TWOGAUSSIANS",8,8.227853,0.1686671,0.0056233476,0.4,0.0,0.29211587,0.047387507,0.66795504,0.02000319,0.4,0.0105331475,0.12929127,0.040444497
375316653866487564,4062400658108024064,0.47718763,2204.4506032063105,0.04927034413476017,1.8668816E-5,18.669226,0.022900425,0.9855978,0.0148799475,0.038610052,0.02221097,0.17447379,0.04764079,0.50294435,0.0100965155,0.0401065,0.016543228,0.31267676,0.05844085,null,null,null,null,"TWOGAUSSIANS",8,6.8146515,0.50294435,0.0100965155,0.22459641,0.09264208,0.31267676,0.058440898,0.9855978,0.0148799475,0.21621628,0.12438144,0.17447379,0.04764079
