Gaia/vari_eclipsing_binary/VariEclipsingBinary_609890-610033.csv
# %ECSV 1.0
# ---
# delimiter: ','
# meta: !!omap
# - RELEASE: Gaia DR3
# - TABLE: vari_eclipsing_binary
# - DESCRIPTION: >
#     This table describes the properties of the eclipsing binaries resulting from the variability analysis. 
# - CITATION: >
#     How to cite and acknowledge Gaia: 
#     https://gea.esac.esa.int/archive/documentation/credits.html 
# - KNOWN_ISSUES: >
#     Known issues: 
#     https://www.cosmos.esa.int/web/gaia-users/known-issues 
# - DOCUMENTATION: >
#     Tutorials and documentation: 
#     https://www.cosmos.esa.int/web/gaia-users/archive 
# datatype:
# - 
#   name: solution_id
#   datatype: int64
#   description: Solution Identifier
#   meta:
#     ucd: meta.version
# - 
#   name: source_id
#   datatype: int64
#   description: Unique source identifier
#   meta:
#     ucd: meta.id;meta.main
# - 
#   name: global_ranking
#   datatype: float32
#   description: Number between 0 (worst) and 1 (best)
#   meta:
#     ucd: stat.param
# - 
#   name: reference_time
#   datatype: float64
#   unit: d
#   description: Reference time used for the geometric model fit
#   meta:
#     ucd: time.epoch
# - 
#   name: frequency
#   datatype: float64
#   unit: d**-1
#   description: Frequency of geometric model of the eclipsing binary light curve
#   meta:
#     ucd: src.orbital
# - 
#   name: frequency_error
#   datatype: float32
#   unit: d**-1
#   description: "Uncertainty of \\texttt{frequency}"
#   meta:
#     ucd: stat.error
# - 
#   name: geom_model_reference_level
#   datatype: float32
#   unit: mag
#   description: Magnitude reference level of geometric model
#   meta:
#     ucd: phot.mag;em.opt
# - 
#   name: geom_model_reference_level_error
#   datatype: float32
#   unit: mag
#   description: "Uncertainty of \\texttt{geomModelReferenceLevel}"
#   meta:
#     ucd: stat.error;phot.mag;em.opt
# - 
#   name: geom_model_gaussian1_phase
#   datatype: float32
#   description: Phase of the Gaussian 1 component
#   meta:
#     ucd: time.phase
# - 
#   name: geom_model_gaussian1_phase_error
#   datatype: float32
#   description: "Uncertainty of \\texttt{geomModelGaussian1Phase}"
#   meta:
#     ucd: stat.error;time.phase
# - 
#   name: geom_model_gaussian1_sigma
#   datatype: float32
#   description: "Standard deviation [phase] of Gaussian 1 component"
#   meta:
#     ucd: stat.stdev
# - 
#   name: geom_model_gaussian1_sigma_error
#   datatype: float32
#   description: "Uncertainty of \\texttt{geomModelGaussian1Sigma}"
#   meta:
#     ucd: stat.error
# - 
#   name: geom_model_gaussian1_depth
#   datatype: float32
#   unit: mag
#   description: Magnitude depth of Gaussian 1 component
#   meta:
#     ucd: src.var.amplitude
# - 
#   name: geom_model_gaussian1_depth_error
#   datatype: float32
#   unit: mag
#   description: "Uncertainty of \\texttt{geomModelGaussian1Depth}"
#   meta:
#     ucd: stat.error;src.var.amplitude
# - 
#   name: geom_model_gaussian2_phase
#   datatype: float32
#   description: Phase of Gaussian 2 component
#   meta:
#     ucd: time.phase
# - 
#   name: geom_model_gaussian2_phase_error
#   datatype: float32
#   description: "Uncertainty of \\texttt{geomModelGaussian2Phase}"
#   meta:
#     ucd: stat.error;time.phase
# - 
#   name: geom_model_gaussian2_sigma
#   datatype: float32
[...]
#   datatype: float32
#   description: "Secondary eclipse: uncertainty of \\texttt{derivedSecondaryEclDuration}"
#   meta:
#     ucd: stat.error;time.duration
# - 
#   name: derived_secondary_ecl_depth
#   datatype: float32
#   unit: mag
#   description: "Secondary eclipse: depth"
#   meta:
#     ucd: src.var.amplitude
# - 
#   name: derived_secondary_ecl_depth_error
#   datatype: float32
#   unit: mag
#   description: "Secondary eclipse: uncertainty of \\texttt{derivedSecondaryEclDepth}"
#   meta:
#     ucd: stat.error;src.var.amplitude
solution_id,source_id,global_ranking,reference_time,frequency,frequency_error,geom_model_reference_level,geom_model_reference_level_error,geom_model_gaussian1_phase,geom_model_gaussian1_phase_error,geom_model_gaussian1_sigma,geom_model_gaussian1_sigma_error,geom_model_gaussian1_depth,geom_model_gaussian1_depth_error,geom_model_gaussian2_phase,geom_model_gaussian2_phase_error,geom_model_gaussian2_sigma,geom_model_gaussian2_sigma_error,geom_model_gaussian2_depth,geom_model_gaussian2_depth_error,geom_model_cosine_half_period_amplitude,geom_model_cosine_half_period_amplitude_error,geom_model_cosine_half_period_phase,geom_model_cosine_half_period_phase_error,model_type,num_model_parameters,reduced_chi2,derived_primary_ecl_phase,derived_primary_ecl_phase_error,derived_primary_ecl_duration,derived_primary_ecl_duration_error,derived_primary_ecl_depth,derived_primary_ecl_depth_error,derived_secondary_ecl_phase,derived_secondary_ecl_phase_error,derived_secondary_ecl_duration,derived_secondary_ecl_duration_error,derived_secondary_ecl_depth,derived_secondary_ecl_depth_error
[from data line 389]
375316653866487564,5365295243782414208,0.43117493,2129.269989844116,0.06272520155930435,8.374789E-5,17.499434,0.008689438,0.16334794,0.0011421473,0.0075470996,0.004136741,1.0513352,0.9242908,0.80716175,0.08083702,0.062137246,0.039669782,0.062161915,0.02463089,null,null,null,null,"TWOGAUSSIANS",8,26.363373,0.16334794,0.0011421473,0.042263757,0.02316575,1.0513352,0.9242907,0.80716175,0.08083702,0.34796858,0.13981494,0.062161915,0.024630802
375316653866487564,5365295411282445952,0.548012,2183.3896555246406,2.0825140989084487,2.0316344E-5,19.142262,0.0040748683,0.5597343,0.005119772,0.018704753,0.007025162,0.87177724,0.6652019,0.46993312,4.9454615E-5,0.0020308322,8.092398E-5,0.3193028,0.037986897,null,null,null,null,"TWOGAUSSIANS",8,2.4334104,0.5597343,0.005119772,0.10474662,0.03934091,0.87177724,0.6652019,0.46993312,4.9454615E-5,0.01137266,4.531743E-4,0.3193114,0.03798762
375316653866487564,5365296308934002688,0.56044084,2188.2882260872343,0.15041279131406182,1.1879659E-5,15.07897,0.0019201584,0.26493326,0.009310592,0.0064180703,0.010191032,0.120086186,0.08030071,0.77183646,0.0034986495,0.021264967,0.006500473,0.075808465,0.046152383,0.057704523,0.002133724,0.77183646,0.0034986495,"TWOGAUSSIANS_WITH_ELLIPSOIDAL_ON_ECLIPSE2",9,33.572887,0.26495326,0.009300859,0.03594119,0.05706978,0.23527877,0.08045936,0.77183646,0.0034986495,0.11908381,0.036402646,0.19121736,0.048696384
375316653866487564,5365296480726268672,0.55457515,2156.790820177512,3.771443659493699,4.4559642E-6,19.42013,0.0077136513,0.2029943,0.00358225,0.06401075,0.0033581075,0.57367325,0.027492737,0.70449424,0.0029444166,0.06673424,0.0029612698,0.6481271,0.029399538,null,null,null,null,"TWOGAUSSIANS",8,2.568645,0.70449424,0.0029444166,0.37371174,0.016583111,0.64734745,0.02948395,0.2029943,0.00358225,0.35846016,0.018805403,0.5728936,0.027601205
375316653866487564,5365297683323542784,0.5835923,2166.877347139168,3.136493545331316,4.6947935E-6,14.818642,0.021336107,0.26817364,0.004367827,0.05670583,0.009131933,0.16794746,0.041008066,0.7490844,0.001900659,0.070211984,0.0076895664,0.1468997,0.042940535,0.1016571,0.02159114,0.7490844,0.001900659,"TWOGAUSSIANS_WITH_ELLIPSOIDAL_ON_ECLIPSE2",9,105.129654,0.26369363,0.002972803,0.31755263,0.051138822,0.36877337,0.012457021,0.7490844,0.001900659,0.3931871,0.02785993,0.34995723,0.0043438277
375316653866487564,5365297717683284864,0.5073455,2165.1648151579434,1.3157344312179995,8.71236E-6,14.645519,0.0010691329,0.43808743,0.004978989,0.025974464,0.0037808088,0.088760905,0.008992686,0.7269563,0.0262921,0.061175935,0.025127897,0.014011155,0.005030965,null,null,null,null,"TWOGAUSSIANS",8,15.130576,0.43808743,0.004978989,0.145457,0.02117253,0.088761106,0.008992768,0.7269563,0.0262921,0.34258524,0.13545625,0.014011155,0.005030965
375316653866487564,5365306582497096448,0.6292793,2153.386152172198,3.7607394596780175,3.2108305E-6,17.423471,0.015730035,0.23940526,0.0031655037,0.045241453,0.005206732,0.46219373,0.038650826,0.7352035,0.0012341315,0.049222082,0.002641161,0.6065123,0.03294653,0.118454136,0.02025274,0.23940526,0.0031655037,"TWOGAUSSIANS_WITH_ELLIPSOIDAL_ON_ECLIPSE1",9,20.581554,0.73549354,0.0010330561,0.27564365,0.0147905005,0.8432644,0.013033694,0.23940526,0.0031655037,0.25335214,0.0291577,0.6990995,0.024795212
375316653866487564,5365306612557962368,0.5068017,2171.9277365368553,3.0770840769773877,9.730588E-6,19.087896,0.027849808,0.23167759,0.0029096536,0.088663965,0.0059858593,0.3865993,0.029410431,0.74199057,0.004101635,0.10041486,0.01293077,0.3295039,0.021756932,null,null,null,null,"TWOGAUSSIANS",8,3.120318,0.23167759,0.0029096536,0.4,0.0,0.3680608,0.019891283,0.74199057,0.004101635,0.4,0.0,0.31096244,0.017738115
375316653866487564,5365306754296005888,0.55002975,2170.845988702855,3.0255990220270053,9.576381E-6,19.123898,0.011745885,0.20759962,0.004241228,0.077752754,0.0054751425,0.46138975,0.017748037,0.705787,0.0035988195,0.081179395,0.0045966203,0.43119377,0.020486562,null,null,null,null,"TWOGAUSSIANS",8,2.7491062,0.20759962,0.004241228,0.4,0.0,0.4552919,0.01695852,0.705787,0.0035988195,0.4,0.0,0.4250959,0.020545796
375316653866487564,5365306994814187904,0.5678457,2195.410329746156,0.3548475974975496,6.6900448E-6,16.177063,0.0014091685,0.19410054,6.986726E-4,0.016233373,7.1527006E-4,0.18587272,0.0064828317,0.50976276,0.06840561,0.08623751,0.086498775,0.008463202,0.24305865,null,null,null,null,"TWOGAUSSIANS",8,3.0833428,0.19410054,6.986726E-4,0.09090689,0.004005512,0.18588313,0.0064886617,0.50976276,0.06840561,0.4,0.3829316,0.008463201,0.24305865
375316653866487564,5365307304051848960,0.5218626,2157.5477605756146,0.3489266400250139,2.9789317E-5,14.752743,0.009213409,0.254599,0.010120891,0.052179582,0.027405208,0.03186085,0.005374314,0.68474764,0.06821513,0.011859291,0.09124966,0.39755195,2.2181904,null,null,null,null,"TWOGAUSSIANS",8,98.431625,0.68474764,0.06821513,0.06641203,0.33438072,0.39755195,2.2184086,0.254599,0.01012512,0.29220566,0.11208282,0.03186085,0.004896711
375316653866487564,5365307578929762048,0.57575595,2161.7309802381287,2.891598965930816,7.9449965E-6,17.970734,0.00875777,0.27180296,0.0020648886,0.08795442,0.0031376032,0.42051825,0.010199632,0.770837,0.0027196694,0.0917485,0.0034696497,0.4150174,0.01629744,null,null,null,null,"TWOGAUSSIANS",8,5.662714,0.27180296,0.0020648886,0.4,0.0,0.40336934,0.008614147,0.770837,0.0027196694,0.4,0.0,0.39786828,0.01574278
375316653866487564,5365308300484049408,0.56843466,2169.406917665708,3.0228680527006055,6.9671923E-6,18.314795,0.007960122,0.25797176,0.0017671105,0.07012649,0.003169166,0.56592834,0.019674987,0.761737,0.0023415936,0.0653093,0.0029385898,0.44018033,0.014399599,null,null,null,null,"TWOGAUSSIANS",8,7.954179,0.25797176,0.0017671105,0.39270836,0.017078504,0.56493646,0.019843506,0.761737,0.0023415936,0.36573207,0.016456103,0.43918848,0.014375342
375316653866487564,5365310087190691328,0.58428055,2149.9613726841544,0.45083155717277573,9.943038E-7,16.244087,5.9010467E-4,0.31977347,2.6517635E-5,0.005905069,6.310456E-5,0.2288378,8.475173E-5,null,null,null,null,null,null,null,null,null,null,"ONEGAUSSIAN",5,1.8375674,0.31977347,2.6517635E-5,0.033068385,3.5338555E-4,0.2288378,0.0,null,null,null,null,null,null
375316653866487564,5365310426482861696,0.6249939,2151.4288904580353,3.97678020486395,3.2694902E-6,17.903214,0.00959539,0.30111328,0.0012510915,0.042769913,0.0026672645,0.44900477,0.030879706,0.79998976,0.0018967553,0.04525004,0.0035007782,0.37726033,0.023139002,0.15798455,0.016828462,0.30111328,0.0012510915,"TWOGAUSSIANS_WITH_ELLIPSOIDAL_ON_ECLIPSE1",9,7.2790375,0.30111328,0.0012510915,0.23951152,0.014936682,0.7649737,0.026804272,0.80011976,0.0016348968,0.2534002,0.019604359,0.6932154,0.013301424
375316653866487564,5365310636941715456,0.5539052,2164.7844954235175,4.191113651212493,4.5134257E-6,19.752243,0.009677203,0.19430996,0.0034733021,0.072214834,0.0034888755,0.49376026,0.015060588,0.6846521,0.0010380453,0.06143057,0.0022246107,0.55408764,0.020023039,null,null,null,null,"TWOGAUSSIANS",8,1.2698225,0.6846521,0.0010380453,0.3440112,0.01245782,0.5533665,0.020043973,0.19430996,0.0034733021,0.4,0.0032622674,0.49303913,0.014967517
375316653866487564,5365311697793301248,0.44560978,2209.4733667309943,3.2485515122648003,2.3160832E-5,19.759634,0.022969378,0.15445708,0.0054439,0.0734109,0.008890329,0.278612,0.035537034,0.6698392,0.004832156,0.073245525,0.024706446,0.35747138,0.09892204,null,null,null,null,"TWOGAUSSIANS",8,2.166894,0.6698392,0.004832156,0.4,0.0021826138,0.3561589,0.10581919,0.15445708,0.0054439,0.4,0.0030581614,0.2772995,0.032348797
375316653866487564,5365314240415803136,0.43480638,2157.7055453428306,2.439904674976538,7.052825E-5,17.215776,0.012859065,0.3424882,0.010465413,0.05225382,0.009496773,0.24150321,0.072234504,0.82817644,0.016719481,0.08001697,0.019949855,0.09429808,0.015043493,null,null,null,null,"TWOGAUSSIANS",8,101.39988,0.3424882,0.010465413,0.29262137,0.053181924,0.24136594,0.07226663,0.82817644,0.016719481,0.4,0.0,0.09416081,0.014873027
375316653866487564,5365315511724416512,0.5164764,2160.602758760021,2.5678117833212597,1.0625769E-5,18.173237,0.004635301,0.24651304,0.0031720784,0.035104174,0.013426015,0.07119971,0.02221901,0.7355444,0.00928939,0.0675103,0.0077526597,0.13623036,0.016666213,0.0776186,0.007584751,0.24651304,0.0031720784,"TWOGAUSSIANS_WITH_ELLIPSOIDAL_ON_ECLIPSE1",9,6.2481666,0.73873436,0.006312826,0.37805766,0.043414894,0.2908682,0.01256935,0.24651304,0.0031720784,0.19658338,0.07518569,0.22636005,0.027576583
375316653866487564,5365322555475619456,0.44810244,2161.4289605910735,3.166075020463823,3.085405E-5,19.52667,0.04219537,0.29011542,0.012070609,0.07492621,0.06640183,0.3104362,0.08889388,0.8923014,0.010932922,0.027232433,0.0064273826,0.20456839,0.09730975,null,null,null,null,"TWOGAUSSIANS",8,10.412392,0.29011542,0.012070609,0.4,0.06220414,0.3104362,0.089398935,0.8923014,0.010958358,0.15250163,0.03599334,0.20456861,0.09861262
375316653866487564,5365324926292856576,0.45748284,2150.33436235551,0.07101387677241232,6.4082637E-6,17.960802,0.021784356,0.6545108,0.08049956,0.15623674,0.21682043,0.016796364,0.019372212,0.77497214,9.719706E-5,0.0032255272,2.3853015E-4,0.1384844,0.002440504,null,null,null,null,"TWOGAUSSIANS",8,1.9963661,0.77497214,9.719706E-5,0.018062953,0.0013357688,0.15076134,0.005997211,0.6545108,0.08049956,0.4,0.0,0.016595783,0.007908966
375316653866487564,5365326335042274816,0.5630585,2134.84286748475,2.6167801604859426,5.37791E-6,16.216059,0.01104925,0.23685516,0.0022007627,0.051562972,0.005748529,0.16333698,0.029696625,0.72747463,0.0040290034,0.060986888,0.0052636527,0.20684393,0.030354332,0.09438095,0.015848644,0.23685516,0.0022007627,"TWOGAUSSIANS_WITH_ELLIPSOIDAL_ON_ECLIPSE1",9,38.09706,0.72945464,0.0029814625,0.34152657,0.029476454,0.3950634,0.019250443,0.23685516,0.0022007627,0.28875265,0.03219176,0.35207325,0.018114774
375316653866487564,5365327026541520000,0.55627364,2107.8045003910406,2.0526918401603393,2.9869436E-6,18.124617,0.0065244157,0.24770522,0.0036544306,0.075348645,0.0056470158,0.17321248,0.010234701,0.74364847,7.9443445E-4,0.062005077,0.001973312,0.5174768,0.01405455,null,null,null,null,"TWOGAUSSIANS",8,4.1855545,0.74364847,7.9443445E-4,0.34722844,0.0110505475,0.5168151,0.014121626,0.24770522,0.0036544306,0.4,0.0,0.17255078,0.01023893
375316653866487564,5365327267054740992,0.5766411,2166.9578492376627,3.19242785191761,1.1184508E-5,18.487436,0.04496756,0.24538639,0.002928721,0.06258524,0.010416748,0.33872855,0.090005375,0.7510135,0.003687931,0.049840678,0.0110712005,0.30279437,0.08914982,0.08600837,0.050254144,0.24538639,0.002928721,"TWOGAUSSIANS_WITH_ELLIPSOIDAL_ON_ECLIPSE1",9,6.765843,0.24538639,0.002928721,0.35047734,0.05833379,0.5106293,0.015405446,0.7510135,0.003687931,0.2791078,0.061998725,0.47448018,0.020447278
375316653866487564,5365328572729567872,0.485211,2179.3185681195155,0.6183124424039305,1.02411E-5,15.559072,5.3908787E-4,0.27739736,0.001714682,0.017498877,0.0015977817,0.030713154,0.0026415489,null,null,null,null,null,null,0.009360792,7.6673884E-4,0.27739736,0.001714682,"ONEGAUSSIAN_WITH_ELLIPSOIDAL",6,2.6135895,0.27739736,0.001714682,0.09799371,0.008947577,0.049434725,0.0025365576,null,null,null,null,null,null
375316653866487564,5365329500442521728,0.632898,2151.1420227098183,3.0394639726845885,2.7899018E-6,15.392796,0.009391533,0.20044559,0.001445162,0.044537764,0.003886493,0.47298345,0.037327077,0.6964699,7.210955E-4,0.052609257,0.003171265,0.42400122,0.024968307,0.115061924,0.015021858,0.20044559,0.001445162,"TWOGAUSSIANS_WITH_ELLIPSOIDAL_ON_ECLIPSE1",9,47.31701,0.20044559,0.001445162,0.2494115,0.02176436,0.7031014,0.044206895,0.69688994,5.701396E-4,0.29461184,0.017759083,0.6539908,0.029079542
375316653866487564,5365329977174587136,0.51002485,2154.4913790245455,3.8057148473843836,1.2551443E-5,18.655127,0.02232372,0.22281966,0.0047691343,0.08521031,0.009383591,0.2781739,0.02276431,0.735624,0.004551258,0.097337216,0.009439165,0.30778947,0.020182367,null,null,null,null,"TWOGAUSSIANS",8,6.5758786,0.735624,0.004551258,0.4,0.0,0.29645926,0.014245387,0.22281966,0.0047691343,0.4,0.0,0.26684505,0.01722122
375316653866487564,5365331665106022784,0.5906313,2181.5917028023255,0.3378614089199068,2.5918902E-5,15.258877,0.0086161615,0.24624102,3.4635322E-4,0.006905917,5.4897624E-4,0.5977933,0.13568331,0.48069146,0.04366862,0.19995704,0.19612598,0.006469771,0.00813675,null,null,null,null,"TWOGAUSSIANS",8,6.5826735,0.24624102,3.4635322E-4,0.038673136,0.003074267,0.6004833,0.137953,0.48069146,0.04366862,0.4,0.0,0.0059020547,0.00132302
375316653866487564,5365335788270058496,0.4898906,2139.1752488758934,2.18272187842502,1.9676203E-5,17.140285,0.0026193368,0.29689994,0.0039707287,0.03564989,0.0041068178,0.19640447,0.0126217175,0.7801688,0.00848804,0.041949566,0.0058968174,0.057692844,0.0032506606,null,null,null,null,"TWOGAUSSIANS",8,7.952954,0.29689994,0.0039707287,0.19963938,0.022998178,0.19640447,0.0126217175,0.7801688,0.00848804,0.23491757,0.03302218,0.057692844,0.0032506606
375316653866487564,5365338708839917184,0.48465648,2145.9033654054138,1.5386300169048235,1.7309185E-5,19.674902,0.007980248,0.23522031,0.02899883,0.03584467,0.030011572,0.09415553,0.14618388,0.74564993,0.00281673,0.03699444,0.002747103,0.54099864,0.05725268,null,null,null,null,"TWOGAUSSIANS",8,4.1262255,0.74564993,0.00281673,0.20716885,0.015383777,0.54099864,0.05725268,0.23522031,0.02899883,0.20073014,0.1680648,0.09415553,0.14618388
375316653866487564,5365341281531006208,0.46948162,2152.6759899124745,0.44383921104369894,2.4960943E-6,18.91478,0.0045096977,0.40954468,0.008501784,0.01900061,0.012461578,0.19484991,11.746184,0.5636199,2.1571407E-6,0.002980338,4.724349E-5,12.2807255,1.2498482,null,null,null,null,"TWOGAUSSIANS",8,4.365873,0.5636199,2.1571407E-6,0.016689893,2.6456357E-4,12.2807255,1.2498482,0.40954468,0.008501784,0.10640342,0.069784835,0.19484991,11.746184
375316653866487564,5365341491986462208,0.44305357,2166.7369234877697,0.996607735832237,2.6020029E-5,19.51059,0.030549958,0.21075681,0.005439876,0.063936844,0.018650075,0.21146415,0.02252332,0.6959084,0.018430747,0.06174754,0.04960127,0.22584906,0.10451684,null,null,null,null,"TWOGAUSSIANS",8,5.6911526,0.6959084,0.018430747,0.3457862,0.2544068,0.22574987,0.10512937,0.21075681,0.005439876,0.35804632,0.10419373,0.21136495,0.022903813
375316653866487564,5365344786218058880,0.5703138,2170.9642057025367,3.690318970202561,7.294212E-6,18.73107,0.025425477,0.31963068,0.002284735,0.07580089,0.006282018,0.39449608,0.02468449,0.81131226,0.002572868,0.07456257,0.008408788,0.3123011,0.02023425,null,null,null,null,"TWOGAUSSIANS",8,3.7110662,0.31963068,0.002284735,0.4,0.0,0.3921793,0.022002168,0.81131226,0.002572868,0.4,0.0,0.30998433,0.01732936
375316653866487564,5365348570092626688,0.525781,2189.3873318935757,2.9037009236084543,1.0824622E-5,16.267696,0.32050002,0.22824872,0.0030269758,0.17423372,0.04009917,0.49810368,0.2903303,0.72807515,0.0033252616,0.18425304,0.052750185,0.49364173,0.29640076,null,null,null,null,"TWOGAUSSIANS",8,9.439004,0.2283187,0.0032801505,0.4,0.0,0.14849092,0.005315407,0.72807515,0.0033713947,0.4,0.0,0.1353977,0.008105024
375316653866487564,5365348604444677376,0.6845665,2202.0328443155327,0.19816289193538214,1.7432151E-6,15.627083,6.081465E-4,0.7581281,0.0022390909,0.009160119,0.0012123612,0.554188,0.030024458,null,null,null,null,null,null,null,null,null,null,"ONEGAUSSIAN",5,4.7888436,0.7581281,0.0022390909,0.051296666,0.006789223,0.554188,0.0,null,null,null,null,null,null
