Gaia/vari_eclipsing_binary/VariEclipsingBinary_688948-688981.csv
# %ECSV 1.0
# ---
# delimiter: ','
# meta: !!omap
# - RELEASE: Gaia DR3
# - TABLE: vari_eclipsing_binary
# - DESCRIPTION: >
#     This table describes the properties of the eclipsing binaries resulting from the variability analysis. 
# - CITATION: >
#     How to cite and acknowledge Gaia: 
#     https://gea.esac.esa.int/archive/documentation/credits.html 
# - KNOWN_ISSUES: >
#     Known issues: 
#     https://www.cosmos.esa.int/web/gaia-users/known-issues 
# - DOCUMENTATION: >
#     Tutorials and documentation: 
#     https://www.cosmos.esa.int/web/gaia-users/archive 
# datatype:
# - 
#   name: solution_id
#   datatype: int64
#   description: Solution Identifier
#   meta:
#     ucd: meta.version
# - 
#   name: source_id
#   datatype: int64
#   description: Unique source identifier
#   meta:
#     ucd: meta.id;meta.main
# - 
#   name: global_ranking
#   datatype: float32
#   description: Number between 0 (worst) and 1 (best)
#   meta:
#     ucd: stat.param
# - 
#   name: reference_time
#   datatype: float64
#   unit: d
#   description: Reference time used for the geometric model fit
#   meta:
#     ucd: time.epoch
# - 
#   name: frequency
#   datatype: float64
#   unit: d**-1
#   description: Frequency of geometric model of the eclipsing binary light curve
#   meta:
#     ucd: src.orbital
# - 
#   name: frequency_error
#   datatype: float32
#   unit: d**-1
#   description: "Uncertainty of \\texttt{frequency}"
#   meta:
#     ucd: stat.error
# - 
#   name: geom_model_reference_level
#   datatype: float32
#   unit: mag
#   description: Magnitude reference level of geometric model
#   meta:
#     ucd: phot.mag;em.opt
# - 
#   name: geom_model_reference_level_error
#   datatype: float32
#   unit: mag
#   description: "Uncertainty of \\texttt{geomModelReferenceLevel}"
#   meta:
#     ucd: stat.error;phot.mag;em.opt
# - 
#   name: geom_model_gaussian1_phase
#   datatype: float32
#   description: Phase of the Gaussian 1 component
#   meta:
#     ucd: time.phase
# - 
#   name: geom_model_gaussian1_phase_error
#   datatype: float32
#   description: "Uncertainty of \\texttt{geomModelGaussian1Phase}"
#   meta:
#     ucd: stat.error;time.phase
# - 
#   name: geom_model_gaussian1_sigma
#   datatype: float32
#   description: "Standard deviation [phase] of Gaussian 1 component"
#   meta:
#     ucd: stat.stdev
# - 
#   name: geom_model_gaussian1_sigma_error
#   datatype: float32
#   description: "Uncertainty of \\texttt{geomModelGaussian1Sigma}"
#   meta:
#     ucd: stat.error
# - 
#   name: geom_model_gaussian1_depth
#   datatype: float32
#   unit: mag
#   description: Magnitude depth of Gaussian 1 component
#   meta:
#     ucd: src.var.amplitude
# - 
#   name: geom_model_gaussian1_depth_error
#   datatype: float32
#   unit: mag
#   description: "Uncertainty of \\texttt{geomModelGaussian1Depth}"
#   meta:
#     ucd: stat.error;src.var.amplitude
# - 
#   name: geom_model_gaussian2_phase
#   datatype: float32
#   description: Phase of Gaussian 2 component
#   meta:
#     ucd: time.phase
# - 
#   name: geom_model_gaussian2_phase_error
#   datatype: float32
#   description: "Uncertainty of \\texttt{geomModelGaussian2Phase}"
#   meta:
#     ucd: stat.error;time.phase
# - 
#   name: geom_model_gaussian2_sigma
#   datatype: float32
[...]
#   datatype: float32
#   description: "Secondary eclipse: uncertainty of \\texttt{derivedSecondaryEclDuration}"
#   meta:
#     ucd: stat.error;time.duration
# - 
#   name: derived_secondary_ecl_depth
#   datatype: float32
#   unit: mag
#   description: "Secondary eclipse: depth"
#   meta:
#     ucd: src.var.amplitude
# - 
#   name: derived_secondary_ecl_depth_error
#   datatype: float32
#   unit: mag
#   description: "Secondary eclipse: uncertainty of \\texttt{derivedSecondaryEclDepth}"
#   meta:
#     ucd: stat.error;src.var.amplitude
solution_id,source_id,global_ranking,reference_time,frequency,frequency_error,geom_model_reference_level,geom_model_reference_level_error,geom_model_gaussian1_phase,geom_model_gaussian1_phase_error,geom_model_gaussian1_sigma,geom_model_gaussian1_sigma_error,geom_model_gaussian1_depth,geom_model_gaussian1_depth_error,geom_model_gaussian2_phase,geom_model_gaussian2_phase_error,geom_model_gaussian2_sigma,geom_model_gaussian2_sigma_error,geom_model_gaussian2_depth,geom_model_gaussian2_depth_error,geom_model_cosine_half_period_amplitude,geom_model_cosine_half_period_amplitude_error,geom_model_cosine_half_period_phase,geom_model_cosine_half_period_phase_error,model_type,num_model_parameters,reduced_chi2,derived_primary_ecl_phase,derived_primary_ecl_phase_error,derived_primary_ecl_duration,derived_primary_ecl_duration_error,derived_primary_ecl_depth,derived_primary_ecl_depth_error,derived_secondary_ecl_phase,derived_secondary_ecl_phase_error,derived_secondary_ecl_duration,derived_secondary_ecl_duration_error,derived_secondary_ecl_depth,derived_secondary_ecl_depth_error
[from data line 573]
375316653866487564,6060277714596546176,0.48770794,2192.386551016426,2.4131591021234184,1.5974612E-5,16.545448,0.014535657,0.21655299,0.008145121,0.11155,0.015371794,0.13305537,0.013887993,0.70606875,0.005737916,0.084942274,0.012965453,0.15641494,0.012183442,null,null,null,null,"TWOGAUSSIANS",8,26.919548,0.70606875,0.005737916,0.4,0.0,0.14678761,0.0125764925,0.21655299,0.008145121,0.4,0.0,0.12341554,0.006935527
375316653866487564,6060278161273158912,0.48997846,2212.503756329955,0.3547919392563244,1.7137036E-5,16.379374,0.007957023,0.18387122,0.00416313,0.07197686,0.0058842106,0.1735523,0.011295228,0.66372466,0.0043061906,0.056006026,0.005937475,0.21083456,0.01042456,null,null,null,null,"TWOGAUSSIANS",8,51.573364,0.66372466,0.0043061906,0.31363374,0.03324986,0.2107376,0.010373662,0.18387122,0.00416313,0.4,0.008898486,0.17345534,0.011257223
375316653866487564,6060278161273159808,0.50899744,2219.4227650952444,0.4789226081825291,2.0179696E-5,14.619016,5.203483E-4,0.25974423,0.0065331096,0.02451417,0.0073461332,0.010845718,0.0063322065,0.7617316,0.0067629814,0.026348198,0.005620575,0.06053002,0.011665083,0.0032854318,7.3145854E-4,0.25974423,0.0065331096,"TWOGAUSSIANS_WITH_ELLIPSOIDAL_ON_ECLIPSE1",9,9.075795,0.7617316,0.0067592342,0.14754991,0.03147522,0.06709985,0.011773738,0.25974423,0.0065331096,0.13727936,0.041138347,0.017416567,0.006666802
375316653866487564,6060278500535772288,0.5459362,2201.2049800261448,0.7634916748513452,2.5701067E-6,19.331913,0.0035938835,0.15512912,0.005653711,0.027379984,0.0042952322,0.10571037,0.011419979,0.65363914,6.9738197E-4,0.028240632,0.0010016924,1.0946176,0.06367269,null,null,null,null,"TWOGAUSSIANS",8,1.9474891,0.65363914,6.9738197E-4,0.15814754,0.0056094774,1.0946176,0.06367269,0.15512912,0.005653711,0.15332791,0.0240533,0.10571037,0.011419979
375316653866487564,6060278573589989760,0.6236525,2198.132293126715,1.5082043436393824,3.0771948E-6,14.844711,0.0024581302,0.25642738,0.0020218273,0.049519576,0.011636573,0.029434735,0.0061937585,0.76006246,0.0029158008,0.06158884,0.00375599,0.05150906,0.0056918743,0.052910414,0.002919941,0.25642738,0.0020218273,"TWOGAUSSIANS_WITH_ELLIPSOIDAL_ON_ECLIPSE1",9,12.046541,0.76006246,0.0029158008,0.3448975,0.021033544,0.15726383,0.0024515907,0.25642738,0.0020218273,0.27730963,0.065164804,0.1352447,0.004181205
375316653866487564,6060278947232514816,0.52771527,2210.700534837428,3.003982094763724,9.969556E-6,18.460878,0.012443011,0.20479172,0.002584111,0.07800267,0.0040890113,0.43191427,0.013479593,0.7038343,0.002280779,0.08424577,0.0037537992,0.43395513,0.01385667,null,null,null,null,"TWOGAUSSIANS",8,9.022339,0.7038343,0.002280779,0.4,0.0,0.4265927,0.012621945,0.20479172,0.002584111,0.4,0.0,0.42455187,0.012304444
375316653866487564,6060279054626549504,0.54554725,2182.7007068709095,2.803075640548268,1.0914894E-5,19.176949,0.00937596,0.25832784,0.0016061527,0.07893556,0.002300585,0.46102044,0.010172387,0.75297356,0.0033260903,0.08330937,0.004624831,0.40766287,0.016085135,null,null,null,null,"TWOGAUSSIANS",8,2.7059796,0.25832784,0.0016061527,0.4,0.0,0.4542555,0.008517511,0.75297356,0.0033260903,0.4,0.0,0.40089792,0.016104216
375316653866487564,6060279088986126336,0.6154608,2206.4091535629236,3.036404433425266,3.0287674E-6,17.05967,0.012546714,0.17900288,0.0013411124,0.046313174,0.0042399983,0.3977986,0.026378347,0.68146455,9.4896375E-4,0.047295514,0.0025797659,0.40493307,0.029189672,0.11448363,0.016677037,0.17900288,0.0013411124,"TWOGAUSSIANS_WITH_ELLIPSOIDAL_ON_ECLIPSE1",9,16.193691,0.68146455,9.4896375E-4,0.26485488,0.014446689,0.63384485,0.015607236,0.17900288,0.0013411124,0.25935376,0.02374399,0.6267652,0.024537757
375316653866487564,6060279741821869568,0.54708207,2191.587576801294,3.527278065464074,1.2641775E-5,19.084877,0.008596844,0.2540776,0.0034961512,0.07347349,0.004505303,0.40519226,0.02632077,0.7584207,0.0046465006,0.06819098,0.004481516,0.33805782,0.012806113,null,null,null,null,"TWOGAUSSIANS",8,2.8552163,0.2540776,0.0034961512,0.4,4.97879E-4,0.40387923,0.026596535,0.7584207,0.0046465006,0.38186947,0.02509649,0.33674476,0.012482853
375316653866487564,6060281013117847424,0.46316698,2244.9889495833795,2.9246431547770495,1.7411705E-5,19.226908,0.00457698,0.21065384,0.0059876186,0.021362705,0.009014775,0.036755018,0.022805445,null,null,null,null,null,null,0.076205306,0.007714257,0.21065384,0.0059876186,"ONEGAUSSIAN_WITH_ELLIPSOIDAL",6,3.1105921,0.21065384,0.0059876186,0.11963115,0.050482742,0.18916541,0.019660773,null,null,null,null,null,null
375316653866487564,6060281116198036096,0.4902574,2245.222266646229,2.33573637312255,2.0819014E-5,18.465633,0.025862494,0.2711283,0.0072271777,0.116427004,0.0269859,0.10353984,0.02455715,0.75369966,0.00597437,0.09389565,0.017363142,0.15861075,0.022362083,null,null,null,null,"TWOGAUSSIANS",8,2.1266246,0.75369966,0.00597437,0.4,0.0,0.14667442,0.009611352,0.2711283,0.0072139213,0.4,0.0,0.09157926,0.00740835
375316653866487564,6060281116198039424,0.5456351,2256.1760767318838,1.418482351806165,6.1058518E-6,17.59458,0.027000705,0.2347216,0.0020955233,0.06632782,0.012790365,0.22721511,0.04667202,0.73927706,0.0029156436,0.047778625,0.0064432085,0.30461907,0.053645965,0.12303558,0.029298238,0.2347216,0.0020955233,"TWOGAUSSIANS_WITH_ELLIPSOIDAL_ON_ECLIPSE1",9,18.273155,0.73927706,0.0029156436,0.2675603,0.036081966,0.5503039,0.010997272,0.2347216,0.0020955233,0.3714358,0.07144103,0.47310147,0.020398593
375316653866487564,6060281150571210752,0.54398686,2237.9750977325184,2.2740927063316545,1.1658321E-5,18.621183,0.011580728,0.25033566,0.0033832395,0.08928327,0.005953858,0.2845402,0.011449558,0.75446975,0.0043307426,0.08375534,0.0072248713,0.38770851,0.019535778,null,null,null,null,"TWOGAUSSIANS",8,3.5201538,0.75446975,0.0043307426,0.4,0.0,0.37824944,0.02089899,0.25033566,0.0033832395,0.4,0.0,0.27508107,0.008036264
375316653866487564,6060281184917220864,0.4624878,2229.142399921147,1.8451369619267972,3.1802178E-5,17.283422,0.42582676,0.26945204,0.013311664,0.13345006,0.12964639,0.20881608,0.42014912,0.7435599,0.010498495,0.09914624,0.042606875,0.35082772,0.2629558,null,null,null,null,"TWOGAUSSIANS",8,60.311783,0.7435599,0.010498495,0.4,0.0,0.31205496,0.023280952,0.26946202,0.01309105,0.4,0.0,0.16957945,0.026838927
375316653866487564,6060281356729463296,0.526643,2211.8122760672777,2.818837464830783,1.3104903E-5,19.165363,0.015362616,0.22563855,0.0037174635,0.09659407,0.005589755,0.42889577,0.018837994,0.7238842,0.0028488254,0.094350465,0.004884452,0.42987648,0.016979976,null,null,null,null,"TWOGAUSSIANS",8,3.2535686,0.7238842,0.0028488254,0.4,0.0,0.4026858,0.01374122,0.22563855,0.0037174635,0.4,0.0,0.40170446,0.016170507
375316653866487564,6060281872125280768,0.59385604,2227.8824898373846,0.11833265904785371,2.6835502E-5,17.265121,0.002821142,0.229118,1.2489986E-4,0.007894532,1.5127074E-4,0.44474128,0.0033333309,0.7347998,1.8192219E-7,0.006576756,9.110051E-5,0.5170652,0.003785948,null,null,null,null,"TWOGAUSSIANS",8,8.104071,0.7347998,1.8192219E-7,0.036829833,5.1016285E-4,0.5170652,0.003785948,0.229118,1.2489986E-4,0.04420938,8.471161E-4,0.44474128,0.0033333309
375316653866487564,6060282554987339904,0.45787242,2191.0459424320725,0.7270063522281617,2.8354963E-5,17.653044,0.5176204,0.1990739,0.012673473,0.13014999,0.06100278,0.27614453,0.237612,0.68599063,0.009560877,0.2670289,0.19025093,0.46917486,0.5136761,null,null,null,null,"TWOGAUSSIANS",8,6.3616242,0.68599063,0.009560877,0.4,0.0,0.13338855,0.015870247,0.2061239,0.0061083008,0.4,0.0,0.10246088,0.012977742
375316653866487564,6060282829880645120,0.5031696,2206.325921017519,3.1389453934768126,8.518983E-6,19.458176,0.023637444,0.28247347,0.0039558015,0.093583584,0.007812412,0.46185735,0.025306368,0.77948236,0.0028449795,0.095068164,0.0065531456,0.4237062,0.025068035,null,null,null,null,"TWOGAUSSIANS",8,3.3076348,0.28247347,0.0039558015,0.4,0.0,0.43657094,0.023003254,0.77948236,0.0028449795,0.4,0.0,0.39841953,0.020519126
375316653866487564,6060282937262731264,0.5060724,2205.573238847831,0.8387821386125764,1.5288397E-5,19.642992,0.0030811164,0.22086254,0.0023270773,0.029017521,0.0021636088,0.36344206,0.013368561,0.71993643,0.0019227831,0.025938481,0.0010304728,0.2768092,0.020513082,null,null,null,null,"TWOGAUSSIANS",8,1.1054258,0.22086254,0.0023270773,0.16249812,0.012116209,0.36344206,0.013368561,0.71993643,0.0019227831,0.14525549,0.0057706474,0.2768092,0.020513082
375316653866487564,6060283452673348480,0.43429315,2231.1395737614475,2.8407792045954703,3.547948E-5,18.869146,0.4225232,0.24974957,0.008611027,0.15691139,0.09714359,0.3083365,0.41669652,0.737576,0.015797317,0.122717924,0.04590821,0.3227793,0.34214437,null,null,null,null,"TWOGAUSSIANS",8,9.364336,0.737576,0.015797317,0.4,0.0,0.21054366,0.032316882,0.24991956,0.008454163,0.4,0.0,0.19232015,0.021582268
375316653866487564,6060284861422824064,0.6606586,2193.9554276953495,0.5450061206894078,3.149125E-6,15.53144,0.0022777887,0.24123709,0.0010294552,0.0319974,0.0019060599,0.097005725,0.0055451426,0.7393598,7.129964E-4,0.026639696,4.8537736E-4,1.5150045,0.05122548,0.010204235,0.0037851217,0.24123709,0.0010294552,"TWOGAUSSIANS_WITH_ELLIPSOIDAL_ON_ECLIPSE1",9,31.040941,0.7393598,7.129964E-4,0.14918229,0.0027181131,1.53541,0.051672574,0.24123709,0.0010294552,0.17918545,0.0106739355,0.11741415,0.003599779
375316653866487564,6060284891448677120,0.43496013,2208.466384246471,2.1752365818265065,1.0586449E-5,17.598463,0.0044200458,0.40720332,2.5325178E-4,0.0015740775,0.0010286926,0.7569671,9827.708,0.7853308,0.010281033,0.021460127,0.020023001,0.10218757,9849.194,0.054741815,0.0065615694,0.7853308,0.010281033,"TWOGAUSSIANS_WITH_ELLIPSOIDAL_ON_ECLIPSE2",9,31.652956,0.40720332,2.538541E-4,0.008814834,0.0057606786,0.81385964,9827.708,0.7853308,0.010281033,0.12017671,0.11212881,0.21167101,9849.192
375316653866487564,6060285960920448640,0.5575763,2219.3600513265897,2.7942769789243256,7.50223E-6,19.522339,0.012530199,0.2346206,0.0023253364,0.036961913,0.004038024,0.25474963,0.032043573,0.72723377,0.006739654,0.045504224,0.008500798,0.28868544,0.037667245,0.12114334,0.015542661,0.2346206,0.0023253364,"TWOGAUSSIANS_WITH_ELLIPSOIDAL_ON_ECLIPSE1",9,1.6956022,0.7281238,0.005828062,0.25482365,0.047604468,0.53051305,0.037275355,0.2346206,0.0023253364,0.20698671,0.022612937,0.49703592,0.020368187
375316653866487564,6060289912291573632,0.56181556,2216.3324394030606,0.9217599783114406,9.961738E-6,17.484455,0.0035776491,0.27450073,0.002630224,0.07974024,0.0040802336,0.1543816,0.00404976,0.77634,0.004267422,0.093930215,0.006292017,0.07458239,0.0037492784,null,null,null,null,"TWOGAUSSIANS",8,1.5532911,0.27450073,0.002630224,0.4,0.0,0.15123095,0.0037304657,0.77634,0.004267422,0.4,0.0,0.07143163,0.0028032628
375316653866487564,6060290423366677376,0.5916731,2206.87333083993,2.2836189809347327,3.2150774E-6,17.420248,0.0058508436,0.26145375,0.0013225058,0.05006188,0.003086788,0.22866061,0.014497854,0.76408106,0.002016781,0.045006864,0.0022590114,0.3536555,0.016491825,0.13059075,0.00879173,0.26145375,0.0013225058,"TWOGAUSSIANS_WITH_ELLIPSOIDAL_ON_ECLIPSE1",9,12.162698,0.76408106,0.002016781,0.25203845,0.012650463,0.61476487,0.012826607,0.26145375,0.0013225058,0.28034654,0.017286014,0.48984113,0.0103819
375316653866487564,6060292106991206016,0.5559749,2203.7575080644315,2.1582294726162012,6.8079785E-6,18.727665,0.013683894,0.19495666,0.0030584075,0.09231506,0.0059856097,0.22310492,0.014240103,0.6831991,0.0020176654,0.08464493,0.0043982975,0.4346887,0.01240366,null,null,null,null,"TWOGAUSSIANS",8,2.7279494,0.6831991,0.0020176654,0.4,0.0,0.42541084,0.00993188,0.19495666,0.0030584075,0.4,0.0,0.21382688,0.011358842
375316653866487564,6060292145688006912,0.42203456,2130.4465802397517,0.6506985612335718,3.624941E-5,17.603188,0.0035700125,0.3000064,0.013725877,0.045371216,0.009315959,0.22746335,0.2637546,0.8261791,0.010752234,0.028436258,0.01314697,0.09205438,0.060069066,null,null,null,null,"TWOGAUSSIANS",8,3.352994,0.3000064,0.013725877,0.2540788,0.052169375,0.22746335,0.2637546,0.8261791,0.010752234,0.15924305,0.07362304,0.09205438,0.060069066
375316653866487564,6060292214407503232,0.5568154,2222.304303531326,2.2983007709475682,6.904859E-6,17.21824,0.00600138,0.26297897,0.0024760175,0.087707184,0.0030175243,0.28529778,0.01016592,0.7530677,0.0015451151,0.093329825,0.0036625115,0.27044025,0.0063405656,null,null,null,null,"TWOGAUSSIANS",8,6.857823,0.26297897,0.0024760175,0.4,0.0,0.27479425,0.009699182,0.7530677,0.0015451151,0.4,0.0,0.25993642,0.0062960275
375316653866487564,6060292248754297856,0.4453439,2202.3111893063124,0.9899586438127853,1.6361231E-5,19.388702,0.007704437,0.26230755,0.0041621025,0.024758434,0.008045402,0.19407772,0.015758444,0.76158154,0.013783702,0.024371015,0.022883795,0.107523784,441317.97,0.05115005,0.01193429,0.26230755,0.0041621025,"TWOGAUSSIANS_WITH_ELLIPSOIDAL_ON_ECLIPSE1",9,3.849608,0.26230755,0.0041621025,0.13864723,0.045054253,0.29637766,0.019050822,0.7616115,0.012926297,0.13647768,0.12814926,0.20982167,441317.97
375316653866487564,6060292622388301440,0.5474554,2208.735113979111,4.239194510743876,5.6546487E-6,19.610382,0.0094627775,0.28084758,0.0018979027,0.04732628,0.0042505483,0.3063753,0.024556847,0.7847316,0.002832503,0.04120436,0.0030122956,0.4315089,0.028013645,0.12069902,0.014339198,0.28084758,0.0018979027,"TWOGAUSSIANS_WITH_ELLIPSOIDAL_ON_ECLIPSE1",9,2.122819,0.7847316,0.002832503,0.2307444,0.016868854,0.67276263,0.02201891,0.28084758,0.0018979027,0.2650272,0.02380307,0.54777277,0.01901547
375316653866487564,6060293313919052672,0.58736616,2195.2556237053814,1.4026785359774008,3.3446227E-6,17.893274,0.0018837487,0.23605414,0.0029970708,0.026959121,0.0031729832,0.110361524,0.014468256,0.7257171,8.641888E-4,0.034947503,7.600193E-4,0.53641206,0.0058610104,0.014645791,0.003161027,0.23605414,0.0029970708,"TWOGAUSSIANS_WITH_ELLIPSOIDAL_ON_ECLIPSE1",9,2.458513,0.72576714,8.601727E-4,0.19570601,0.004256108,0.5655809,0.00558259,0.23605414,0.0029970708,0.15097108,0.017768705,0.1396531,0.01525796
375316653866487564,6060293416998223744,0.59938306,2219.2522995265654,1.2881637354790303,6.3315547E-6,15.3763685,0.0037206982,0.2655912,0.0021341208,0.09332211,0.0046787607,0.12063841,0.0032926826,0.7629777,0.0018568884,0.104054034,0.0044204914,0.12557214,0.0033942976,null,null,null,null,"TWOGAUSSIANS",8,6.6456246,0.7629777,0.0018568884,0.4,0.0,0.11595794,0.0024178037,0.2655912,0.0021341208,0.4,0.0,0.11102651,0.0012982558
375316653866487564,6060293451357974528,0.5083984,2182.18327936156,2.3828824314441532,1.2397011E-5,18.855873,0.01969196,0.22005577,0.005453921,0.09516108,0.011236838,0.20783946,0.01820557,0.72055715,0.0036659513,0.10496148,0.0123077445,0.23722598,0.015763182,null,null,null,null,"TWOGAUSSIANS",8,3.038381,0.72055715,0.0036659513,0.4,0.0,0.21772231,0.0112411985,0.22005577,0.005453921,0.4,0.0,0.18834098,0.008189081
375316653866487564,6060293932394321408,0.45094562,2205.9741960991273,0.39469964913225775,1.08311884E-4,16.12944,0.0040228893,0.33325452,0.0013740658,0.020736072,0.0012583266,0.22831851,0.007965473,0.6673667,0.015989011,0.06918945,0.0949343,0.015994934,0.017547475,0.008907283,0.0040811375,0.6673667,0.015989011,"TWOGAUSSIANS_WITH_ELLIPSOIDAL_ON_ECLIPSE2",9,48.878147,0.33307454,0.0013532228,0.11612201,0.0070466287,0.23283403,0.007912888,0.6673667,0.015989011,0.38746095,0.46210542,0.033786565,0.01910525
