Gaia/vari_eclipsing_binary/VariEclipsingBinary_580139-583797.csv
# %ECSV 1.0
# ---
# delimiter: ','
# meta: !!omap
# - RELEASE: Gaia DR3
# - TABLE: vari_eclipsing_binary
# - DESCRIPTION: >
#     This table describes the properties of the eclipsing binaries resulting from the variability analysis. 
# - CITATION: >
#     How to cite and acknowledge Gaia: 
#     https://gea.esac.esa.int/archive/documentation/credits.html 
# - KNOWN_ISSUES: >
#     Known issues: 
#     https://www.cosmos.esa.int/web/gaia-users/known-issues 
# - DOCUMENTATION: >
#     Tutorials and documentation: 
#     https://www.cosmos.esa.int/web/gaia-users/archive 
# datatype:
# - 
#   name: solution_id
#   datatype: int64
#   description: Solution Identifier
#   meta:
#     ucd: meta.version
# - 
#   name: source_id
#   datatype: int64
#   description: Unique source identifier
#   meta:
#     ucd: meta.id;meta.main
# - 
#   name: global_ranking
#   datatype: float32
#   description: Number between 0 (worst) and 1 (best)
#   meta:
#     ucd: stat.param
# - 
#   name: reference_time
#   datatype: float64
#   unit: d
#   description: Reference time used for the geometric model fit
#   meta:
#     ucd: time.epoch
# - 
#   name: frequency
#   datatype: float64
#   unit: d**-1
#   description: Frequency of geometric model of the eclipsing binary light curve
#   meta:
#     ucd: src.orbital
# - 
#   name: frequency_error
#   datatype: float32
#   unit: d**-1
#   description: "Uncertainty of \\texttt{frequency}"
#   meta:
#     ucd: stat.error
# - 
#   name: geom_model_reference_level
#   datatype: float32
#   unit: mag
#   description: Magnitude reference level of geometric model
#   meta:
#     ucd: phot.mag;em.opt
# - 
#   name: geom_model_reference_level_error
#   datatype: float32
#   unit: mag
#   description: "Uncertainty of \\texttt{geomModelReferenceLevel}"
#   meta:
#     ucd: stat.error;phot.mag;em.opt
# - 
#   name: geom_model_gaussian1_phase
#   datatype: float32
#   description: Phase of the Gaussian 1 component
#   meta:
#     ucd: time.phase
# - 
#   name: geom_model_gaussian1_phase_error
#   datatype: float32
#   description: "Uncertainty of \\texttt{geomModelGaussian1Phase}"
#   meta:
#     ucd: stat.error;time.phase
# - 
#   name: geom_model_gaussian1_sigma
#   datatype: float32
#   description: "Standard deviation [phase] of Gaussian 1 component"
#   meta:
#     ucd: stat.stdev
# - 
#   name: geom_model_gaussian1_sigma_error
#   datatype: float32
#   description: "Uncertainty of \\texttt{geomModelGaussian1Sigma}"
#   meta:
#     ucd: stat.error
# - 
#   name: geom_model_gaussian1_depth
#   datatype: float32
#   unit: mag
#   description: Magnitude depth of Gaussian 1 component
#   meta:
#     ucd: src.var.amplitude
# - 
#   name: geom_model_gaussian1_depth_error
#   datatype: float32
#   unit: mag
#   description: "Uncertainty of \\texttt{geomModelGaussian1Depth}"
#   meta:
#     ucd: stat.error;src.var.amplitude
# - 
#   name: geom_model_gaussian2_phase
#   datatype: float32
#   description: Phase of Gaussian 2 component
#   meta:
#     ucd: time.phase
# - 
#   name: geom_model_gaussian2_phase_error
#   datatype: float32
#   description: "Uncertainty of \\texttt{geomModelGaussian2Phase}"
#   meta:
#     ucd: stat.error;time.phase
# - 
#   name: geom_model_gaussian2_sigma
#   datatype: float32
[...]
#   datatype: float32
#   description: "Secondary eclipse: uncertainty of \\texttt{derivedSecondaryEclDuration}"
#   meta:
#     ucd: stat.error;time.duration
# - 
#   name: derived_secondary_ecl_depth
#   datatype: float32
#   unit: mag
#   description: "Secondary eclipse: depth"
#   meta:
#     ucd: src.var.amplitude
# - 
#   name: derived_secondary_ecl_depth_error
#   datatype: float32
#   unit: mag
#   description: "Secondary eclipse: uncertainty of \\texttt{derivedSecondaryEclDepth}"
#   meta:
#     ucd: stat.error;src.var.amplitude
solution_id,source_id,global_ranking,reference_time,frequency,frequency_error,geom_model_reference_level,geom_model_reference_level_error,geom_model_gaussian1_phase,geom_model_gaussian1_phase_error,geom_model_gaussian1_sigma,geom_model_gaussian1_sigma_error,geom_model_gaussian1_depth,geom_model_gaussian1_depth_error,geom_model_gaussian2_phase,geom_model_gaussian2_phase_error,geom_model_gaussian2_sigma,geom_model_gaussian2_sigma_error,geom_model_gaussian2_depth,geom_model_gaussian2_depth_error,geom_model_cosine_half_period_amplitude,geom_model_cosine_half_period_amplitude_error,geom_model_cosine_half_period_phase,geom_model_cosine_half_period_phase_error,model_type,num_model_parameters,reduced_chi2,derived_primary_ecl_phase,derived_primary_ecl_phase_error,derived_primary_ecl_duration,derived_primary_ecl_duration_error,derived_primary_ecl_depth,derived_primary_ecl_depth_error,derived_secondary_ecl_phase,derived_secondary_ecl_phase_error,derived_secondary_ecl_duration,derived_secondary_ecl_duration_error,derived_secondary_ecl_depth,derived_secondary_ecl_depth_error
[from data line 142]
375316653866487564,5114567216379204608,0.5371455,1963.8304375793866,3.4400777246014935,1.3521121E-5,14.005343,0.025278252,0.25616622,0.021605674,0.09509067,0.014867499,0.42521375,0.04904196,0.7456668,0.0024422882,0.08302668,0.0059579527,0.45147216,0.023208736,null,null,null,null,"TWOGAUSSIANS",8,513.56244,0.7456668,0.0024422882,0.4,0.0,0.43712673,0.016819106,0.25616622,0.021605674,0.4,0.0,0.41086736,0.04207215
375316653866487564,5114611987118313472,0.6204549,1949.7975067305902,4.024364479982265,1.0017095E-5,16.15698,0.021421522,0.25472775,0.0016606991,0.05118739,0.0044790525,0.46737304,0.050541338,0.76533175,0.0021448578,0.051665142,0.005444864,0.5397576,0.061485026,0.10597754,0.0300621,0.25472775,0.0016606991,"TWOGAUSSIANS_WITH_ELLIPSOIDAL_ON_ECLIPSE1",9,38.360874,0.76533175,0.0021448578,0.2893248,0.030491238,0.750768,0.07203908,0.25472775,0.0016606991,0.28664938,0.025082693,0.67932296,0.035387367
375316653866487564,5114783923248794240,0.55096054,2110.691108180723,1.2963675668666128,2.2046554E-5,13.151824,0.0029577,0.258356,0.0014574837,0.025188183,0.0039191223,0.15313643,0.02710513,0.8231884,0.048103012,0.040067296,0.028311972,0.09922309,0.6105919,0.016606769,0.0037670354,0.258356,0.0014574837,"TWOGAUSSIANS_WITH_ELLIPSOIDAL_ON_ECLIPSE1",9,36.143974,0.258356,0.0014574837,0.14105383,0.021947086,0.18634994,0.032122575,0.8231884,0.048103012,0.22437686,0.15854704,0.12722342,0.60248035
375316653866487564,5114818660944272768,0.44382638,1959.1313825999714,1.3433936801822572,5.577852E-5,18.087233,0.0056694886,0.51333374,0.012773257,0.025282048,0.013122227,0.12145588,0.06465844,0.82468116,0.06221622,0.051382072,0.027140722,0.43148467,0.3159814,0.011369987,0.014226454,0.82468116,0.06221622,"TWOGAUSSIANS_WITH_ELLIPSOIDAL_ON_ECLIPSE2",9,9.964416,0.82468116,0.06221622,0.2877396,0.15198804,0.45422152,0.29194263,0.51280373,0.013007271,0.14157946,0.07348447,0.124693595,0.0641817
375316653866487564,5114926447444062336,0.5194752,1920.5918889362038,1.8099538037552736,6.5572763E-6,15.411536,0.0059517985,0.26791373,0.013220145,0.031014714,0.011965759,0.041316085,0.026073726,0.7557593,0.0012987739,0.02774236,0.002431218,0.2862643,0.012360632,0.023590285,0.012819101,0.26791373,0.013220145,"TWOGAUSSIANS_WITH_ELLIPSOIDAL_ON_ECLIPSE1",9,125.71894,0.75587934,0.0012412278,0.15535721,0.013614821,0.33317292,0.017301254,0.26791373,0.013220145,0.1736824,0.06700825,0.08849663,0.019424299
375316653866487564,5114940534936752384,0.5119625,1989.8379454990666,2.2318354443465833,1.4129475E-5,17.872122,0.03080062,0.24954273,0.011849076,0.11164038,0.028642556,0.18072759,0.027132895,0.7559112,0.004562982,0.09149706,0.011121251,0.2283961,0.029135013,null,null,null,null,"TWOGAUSSIANS",8,6.891575,0.7559212,0.004561269,0.4,0.0,0.21060948,0.009984906,0.24954273,0.011849076,0.4,0.0,0.1629247,0.015661221
375316653866487564,5114973417204845440,0.46345347,2208.3917589052394,0.8628680568478653,3.4316163E-5,15.492987,0.009303902,0.27616993,0.028816035,0.14619294,0.0298156,0.119972356,0.026813664,0.67503023,0.012462028,0.07098263,0.015099136,0.05443317,0.008697199,null,null,null,null,"TWOGAUSSIANS",8,5.6716137,0.27616993,0.028816035,0.4,0.0,0.1161604,0.02876382,0.67503023,0.012462028,0.39750272,0.06027205,0.0535488,0.0073055094
375316653866487564,5115044571927395072,0.4510526,2107.9753559434557,0.2966065505312179,1.0079154E-5,17.899473,0.0034320534,0.027930193,0.0030344701,0.0067887697,0.0026258097,0.20816973,0.10697201,0.6701491,0.014173632,0.07837065,0.009833955,0.03862243,0.007433934,null,null,null,null,"TWOGAUSSIANS",8,5.091315,0.027930193,0.0030344701,0.03801711,0.014704535,0.20817089,0.10697188,0.6701491,0.014173632,0.4,0.0,0.03862243,0.007433934
375316653866487564,5115068215722920832,0.4759648,2100.845623820375,0.4454294132715269,2.8308577E-5,15.68029,0.005393376,0.13807335,0.0041471315,0.028847285,0.009387479,0.3460393,0.21014404,0.7251512,0.0018311386,0.014933758,0.0042501986,0.10353289,0.06258968,0.012467998,0.009564281,0.13807335,0.0041471315,"TWOGAUSSIANS_WITH_ELLIPSOIDAL_ON_ECLIPSE1",9,119.90735,0.13807335,0.0041471315,0.1615448,0.052569885,0.37097526,0.21291602,0.7251512,0.0018311386,0.08362904,0.02380111,0.12172007,0.063319616
375316653866487564,5115190570751349632,0.6142869,2110.662142904256,3.690706799262886,9.034742E-6,14.350885,0.014915342,0.22624521,0.0024257062,0.048905894,0.0054347133,0.28478935,0.03295909,0.73156077,0.002236904,0.051011477,0.008298253,0.44060975,0.060465667,0.12871566,0.0213991,0.73156077,0.002236904,"TWOGAUSSIANS_WITH_ELLIPSOIDAL_ON_ECLIPSE2",9,155.96904,0.73156077,0.002236904,0.28566426,0.046470214,0.69803804,0.07347319,0.22701521,0.0019279345,0.273873,0.030434394,0.5419724,0.022446077
375316653866487564,5115230840364708480,0.7323479,2180.2237257947877,2.4555313896118505,2.5753188E-6,13.3776455,0.0088366885,0.17313845,7.423498E-4,0.04719242,0.0025787062,0.3870717,0.025945032,0.6750452,0.001297345,0.048496943,0.0027398956,0.40901995,0.026031245,0.12758975,0.01863905,0.17313845,7.423498E-4,"TWOGAUSSIANS_WITH_ELLIPSOIDAL_ON_ECLIPSE1",9,59.413033,0.6750452,0.001297345,0.27158287,0.015343415,0.66416115,0.012235291,0.17313845,7.423498E-4,0.26427755,0.014440755,0.6422495,0.015902478
375316653866487564,5115273480800164480,0.46516383,2095.9058680000903,0.1896838986362216,2.4104513E-5,16.903805,0.045477994,0.18015651,0.018514257,0.07679212,0.057203043,0.17819802,0.8301566,0.54100347,0.0123158125,0.06985057,0.020342043,0.2038902,0.044998173,null,null,null,null,"TWOGAUSSIANS",8,5.9712577,0.54100347,0.0123158125,0.39116317,0.09666116,0.20386462,0.044929687,0.18015651,0.01851282,0.4,0.23503724,0.1781699,0.83023155
375316653866487564,5115512727658341248,0.5200631,2097.4026430498475,1.4920527560674315,2.6071759E-5,17.386591,0.020983463,0.3219659,0.02418314,0.1606844,0.059404254,0.08459763,0.015075793,0.82120603,0.004338365,0.027425935,0.0060361275,0.22152324,0.020756073,null,null,null,null,"TWOGAUSSIANS",8,6.212416,0.82120603,0.0043323673,0.15358524,0.033802312,0.21874659,0.017913748,0.3219659,0.02418314,0.4,0.0,0.08048477,0.009967594
375316653866487564,5115584470791981824,0.6926453,2130.11459916581,2.7710112615234204,8.012393E-6,12.970378,0.08617065,0.19264923,0.0026419263,0.07104464,0.010613145,0.44096437,0.16808441,0.69449186,0.0037066033,0.06271216,0.013890141,0.49832743,0.16796702,0.057570096,0.08353825,0.19264923,0.0026419263,"TWOGAUSSIANS_WITH_ELLIPSOIDAL_ON_ECLIPSE1",9,139.40466,0.69449186,0.003689928,0.35118812,0.0687605,0.6124439,0.0072524208,0.19264923,0.0026419263,0.39784998,0.021207558,0.55509627,0.014193748
375316653866487564,5115681189159612800,0.48620155,1938.9476241857244,0.07076053609462242,2.757142E-5,19.244797,0.01153327,0.2189899,0.033135828,0.030623224,0.020796256,1.8459789,3.3396263,0.82793415,0.026260417,0.08351646,0.035396833,0.07163034,0.01853279,null,null,null,null,"TWOGAUSSIANS",8,3.9326124,0.2189899,0.033135828,0.17149004,0.116459034,1.8459798,3.3396606,0.82793415,0.026260417,0.4,0.05378747,0.07163015,0.018507045
375316653866487564,5115689749030902016,0.57913387,2074.8499004636387,0.9972637232077416,4.805689E-5,17.891832,0.0066362987,0.37062863,0.018823486,0.017829336,0.015916001,1.2162644,1.2034943,0.89128286,0.00122587,0.010181031,0.0010046124,0.6660157,0.03273224,null,null,null,null,"TWOGAUSSIANS",8,16.125885,0.37062863,0.018823486,0.09984428,0.08912961,1.2162644,1.2034943,0.89128286,0.00122587,0.057013776,0.0056258296,0.6660157,0.03273224
375316653866487564,5115794236995241216,0.59044975,2083.375017246727,2.422907068153012,1.7695049E-5,14.602527,0.0017398816,0.15876345,0.030581914,0.028537259,0.016222596,0.021124804,0.021051927,0.87735724,0.0062048547,0.021712026,0.0018209614,0.50116074,0.1430377,null,null,null,null,"TWOGAUSSIANS",8,32.197487,0.87735724,0.0062048547,0.12158734,0.010197383,0.50116074,0.1430377,0.15876345,0.030581914,0.15980865,0.09084654,0.021124804,0.021051927
375316653866487564,5115794541936991488,0.48317298,2102.036998662651,0.20723086258275686,1.7361353E-5,17.483637,0.024030354,0.90171224,0.007821535,0.032138348,0.007491345,0.12940252,0.027162556,0.6811739,0.003021955,0.061762556,0.0049487134,0.5236505,0.048572704,null,null,null,null,"TWOGAUSSIANS",8,98.38578,0.6811739,0.003021955,0.34587032,0.027712794,0.5236505,0.048572708,0.90129226,0.008102333,0.17997475,0.041951533,0.13030538,0.027827203
375316653866487564,5115943353963642624,0.44546688,2129.173714966981,2.025438844016812,3.665371E-5,18.106747,0.0070266975,0.60178995,0.012072353,0.02482889,0.022793043,0.21855454,147.02917,null,null,null,null,null,null,0.0665563,0.009369466,0.60178995,0.012072353,"ONEGAUSSIAN_WITH_ELLIPSOIDAL",6,23.30887,0.60178995,0.012072353,0.13904178,0.12764104,0.3516671,147.02946,null,null,null,null,null,null
375316653866487564,5115965657729610496,0.4645675,2174.4896249362173,0.8390575718320744,3.0993786E-5,13.45805,0.007833313,0.38083503,0.010655168,0.030366622,0.03293636,0.037529077,0.009019044,0.856648,0.012223888,0.055467535,0.07607595,0.018868487,0.019325258,0.019608362,0.010490277,0.856648,0.012223888,"TWOGAUSSIANS_WITH_ELLIPSOIDAL_ON_ECLIPSE2",9,32.891537,0.37914503,0.011024302,0.1700531,0.18444362,0.07590862,0.023197856,0.856648,0.012223888,0.3106182,0.25589427,0.058084477,0.01110001
375316653866487564,5115998398264505088,0.4719145,2078.074295676296,4.297987664795965,4.111671E-5,19.261507,0.00774128,0.34298515,0.010420613,0.08147593,0.017550237,0.27224547,0.1442254,0.81234264,0.011258084,0.08722003,0.015591908,0.1745087,0.023451908,null,null,null,null,"TWOGAUSSIANS",8,2.4539876,0.34298515,0.010420613,0.4,0.0018222532,0.26918563,0.14705822,0.81234264,0.011258084,0.4,0.0,0.1714488,0.025188021
375316653866487564,5116149688487836544,0.43700454,2186.561644440118,0.047911377062344926,3.7550657E-5,18.052555,0.0038577814,0.40236098,0.029378468,0.054059412,0.02109065,0.10202044,0.019607862,0.7136639,0.0015627338,0.027716465,0.0027264352,0.15278725,0.017905861,null,null,null,null,"TWOGAUSSIANS",8,5.967971,0.7136639,0.0015627338,0.15521221,0.015268037,0.15278727,0.01790586,0.40236098,0.029378468,0.3027327,0.11810764,0.10202044,0.019607862
375316653866487564,5116236721705265792,0.53534025,2203.5614863887336,3.701526725010118,1.1952039E-5,15.277423,0.012923645,0.21634704,0.0029660398,0.09637926,0.008763354,0.1836015,0.011213329,0.7453743,0.0029575268,0.10676808,0.008791739,0.17983627,0.0117580015,null,null,null,null,"TWOGAUSSIANS",8,45.894764,0.21632704,0.0029637723,0.4,0.0,0.17139874,0.007715025,0.7453743,0.002956339,0.4,0.0,0.16762324,0.0075538717
375316653866487564,5116358595697201280,0.49994406,2231.9329447707323,3.5781404276932522,2.5133693E-5,15.708432,0.013527594,0.22505763,0.0034367056,0.081176944,0.0065708854,0.24864684,0.015905248,0.7125298,0.0073249503,0.096263684,0.011472477,0.2100285,0.019463837,null,null,null,null,"TWOGAUSSIANS",8,139.26591,0.22505763,0.0034367056,0.4,0.0,0.24168515,0.014392752,0.7125298,0.0073249503,0.4,0.0,0.2030661,0.019181402
375316653866487564,5116471531861647232,0.47320893,2199.2478020655535,1.4485331976588625,3.3383993E-5,19.729404,0.0076632714,0.10424408,0.00802387,0.013547366,0.006755744,0.39004463,0.25303772,0.7670295,0.005223576,0.027172368,0.003276624,0.15476355,0.021655567,null,null,null,null,"TWOGAUSSIANS",8,3.0849824,0.10424408,0.00802387,0.07586525,0.037832167,0.39004463,0.25303772,0.7670295,0.005223576,0.15216526,0.018349094,0.15476355,0.021655567
375316653866487564,5116632030495096320,0.5463741,2190.029453441751,3.7814897133450196,9.715558E-6,14.522352,0.056346554,0.28450608,0.0034378339,0.12886073,0.022112975,0.20952801,0.053931937,0.773649,0.0019374316,0.11669907,0.013653509,0.25056836,0.054181226,null,null,null,null,"TWOGAUSSIANS",8,85.72365,0.773649,0.0019374316,0.4,0.0,0.19861366,0.005833006,0.28456607,0.0033824055,0.4,0.0,0.15739226,0.008621008
375316653866487564,5116828087162211328,0.6210995,2174.6190497108437,2.803631186504653,5.995066E-6,14.649956,0.0039674477,0.23805778,0.0012430983,0.08001746,0.0019058903,0.45236647,0.005405602,0.7374093,0.0017041536,0.08343539,0.0018344362,0.44872874,0.007083866,null,null,null,null,"TWOGAUSSIANS",8,72.17279,0.23805778,0.0012430983,0.4,0.0,0.444098,0.0054989853,0.7374093,0.0017041536,0.4,0.0,0.44046023,0.0068187867
375316653866487564,5116860896417165440,0.6081116,2242.6058988318678,2.5108216625246436,5.098817E-5,16.417702,0.0051913676,0.3437883,0.0020469676,0.030960906,0.0021096421,0.55574405,0.04388939,0.8481996,0.015855525,0.021260796,0.015010607,0.57999754,1.11204659E10,0.009544823,0.0073751304,0.8481996,0.015855525,"TWOGAUSSIANS_WITH_ELLIPSOIDAL_ON_ECLIPSE2",9,20.264332,0.8481996,0.015855525,0.11906046,0.0840594,0.5990872,1.11204659E10,0.3437983,0.0020370642,0.17338108,0.011813996,0.5748191,0.046015754
375316653866487564,5116875984637451776,0.640877,2194.48362465077,3.98984959134154,2.9250232E-6,15.691946,0.005479534,0.34712973,5.748436E-4,0.047428504,0.0015998953,0.40779284,0.01858078,0.85086834,0.0020901016,0.047885664,0.002980345,0.25952235,0.021533696,0.11224202,0.010450852,0.34712973,5.748436E-4,"TWOGAUSSIANS_WITH_ELLIPSOIDAL_ON_ECLIPSE1",9,30.573189,0.34712973,5.748436E-4,0.2655996,0.0089594135,0.632276,0.015219371,0.85086834,0.0020901016,0.26815972,0.016689932,0.48388168,0.018143803
375316653866487564,5116917697360253184,0.4824204,2225.425327671598,0.042710366994975796,1.2501117E-5,15.102324,0.07809181,0.2930989,0.013154777,0.32529363,0.018975014,0.4230871,0.07719924,0.80765057,9.802984E-4,0.030228222,0.0014708425,3.3723488,0.46467876,null,null,null,null,"TWOGAUSSIANS",8,112.6607,0.8076606,9.7146723E-4,0.16927804,0.008236718,3.3539286,0.467191,0.2930989,0.013154777,0.4,0.0,0.15212238,0.03284547
375316653866487564,5116947384173767552,0.5287301,2179.2143248406787,3.3317553192822995,1.3438906E-5,14.330524,0.25479153,0.26875833,0.0055239224,0.26096335,0.04860309,0.82958436,0.24977042,0.7596791,0.00337635,0.1744583,0.020046867,0.60756975,0.15836361,null,null,null,null,"TWOGAUSSIANS",8,34.045803,0.7596791,0.00337635,0.4,0.0,0.13349544,0.0031144214,0.27474833,0.0047249687,0.4,0.0,0.11178137,0.0034927807
375316653866487564,5117300804147555072,0.56947106,2192.2915733834534,4.492111176594508,1.6279704E-5,18.500443,0.0072516985,0.27307528,0.003416493,0.08497711,0.0039078514,0.3710368,0.011105195,0.7754268,0.0045556766,0.08111024,0.004804726,0.34721252,0.010150954,null,null,null,null,"TWOGAUSSIANS",8,2.8974035,0.27307528,0.003416493,0.4,0.0,0.3636285,0.010161618,0.7754268,0.0045556766,0.4,0.0,0.33980423,0.009781054
375316653866487564,5117462711529933952,0.6179179,2202.472455030117,3.28412271336532,3.939636E-6,14.065775,0.0062603303,0.22011504,0.0023584813,0.045935966,0.0027086854,0.29526192,0.019616477,0.7159161,8.4671436E-4,0.050512165,0.0017225603,0.41856146,0.017830107,0.113354206,0.010636542,0.7159161,8.4671436E-4,"TWOGAUSSIANS_WITH_ELLIPSOIDAL_ON_ECLIPSE2",9,176.2105,0.7159161,8.4671436E-4,0.28286812,0.0096463375,0.6452678,0.010600101,0.21963504,0.002106159,0.2572414,0.015168638,0.52182835,0.01642974
375316653866487564,5117540398898402304,0.520214,2178.7639205406795,3.507309657647821,8.689893E-6,12.835881,0.022356132,0.28342858,0.0023531248,0.12101648,0.015602803,0.14373213,0.019671205,0.7772723,0.0032929713,0.107989125,0.016915867,0.12507549,0.019487133,null,null,null,null,"TWOGAUSSIANS",8,71.452126,0.2834386,0.0023506994,0.4,0.0,0.12037075,0.0060223434,0.7772723,0.0032929713,0.4,0.0,0.10176603,0.0055140457
375316653866487564,5117654606373307264,0.56796855,2189.00244946543,2.0259153321911016,4.0137024E-6,13.472819,0.0033310489,0.18056369,0.00340724,0.043005217,0.012274799,0.025180593,0.00766783,0.68407667,0.0013325197,0.05499043,0.0025213934,0.11275874,0.0077315886,0.02957754,0.0047394577,0.18056369,0.00340724,"TWOGAUSSIANS_WITH_ELLIPSOIDAL_ON_ECLIPSE1",9,21.190468,0.68407667,0.0013325197,0.3079464,0.014119802,0.17188226,0.002472539,0.18056369,0.00340724,0.2408292,0.06873888,0.08433293,0.0023498223
