Gaia/vari_eclipsing_binary/VariEclipsingBinary_477513-477586.csv
# %ECSV 1.0
# ---
# delimiter: ','
# meta: !!omap
# - RELEASE: Gaia DR3
# - TABLE: vari_eclipsing_binary
# - DESCRIPTION: >
#     This table describes the properties of the eclipsing binaries resulting from the variability analysis. 
# - CITATION: >
#     How to cite and acknowledge Gaia: 
#     https://gea.esac.esa.int/archive/documentation/credits.html 
# - KNOWN_ISSUES: >
#     Known issues: 
#     https://www.cosmos.esa.int/web/gaia-users/known-issues 
# - DOCUMENTATION: >
#     Tutorials and documentation: 
#     https://www.cosmos.esa.int/web/gaia-users/archive 
# datatype:
# - 
#   name: solution_id
#   datatype: int64
#   description: Solution Identifier
#   meta:
#     ucd: meta.version
# - 
#   name: source_id
#   datatype: int64
#   description: Unique source identifier
#   meta:
#     ucd: meta.id;meta.main
# - 
#   name: global_ranking
#   datatype: float32
#   description: Number between 0 (worst) and 1 (best)
#   meta:
#     ucd: stat.param
# - 
#   name: reference_time
#   datatype: float64
#   unit: d
#   description: Reference time used for the geometric model fit
#   meta:
#     ucd: time.epoch
# - 
#   name: frequency
#   datatype: float64
#   unit: d**-1
#   description: Frequency of geometric model of the eclipsing binary light curve
#   meta:
#     ucd: src.orbital
# - 
#   name: frequency_error
#   datatype: float32
#   unit: d**-1
#   description: "Uncertainty of \\texttt{frequency}"
#   meta:
#     ucd: stat.error
# - 
#   name: geom_model_reference_level
#   datatype: float32
#   unit: mag
#   description: Magnitude reference level of geometric model
#   meta:
#     ucd: phot.mag;em.opt
# - 
#   name: geom_model_reference_level_error
#   datatype: float32
#   unit: mag
#   description: "Uncertainty of \\texttt{geomModelReferenceLevel}"
#   meta:
#     ucd: stat.error;phot.mag;em.opt
# - 
#   name: geom_model_gaussian1_phase
#   datatype: float32
#   description: Phase of the Gaussian 1 component
#   meta:
#     ucd: time.phase
# - 
#   name: geom_model_gaussian1_phase_error
#   datatype: float32
#   description: "Uncertainty of \\texttt{geomModelGaussian1Phase}"
#   meta:
#     ucd: stat.error;time.phase
# - 
#   name: geom_model_gaussian1_sigma
#   datatype: float32
#   description: "Standard deviation [phase] of Gaussian 1 component"
#   meta:
#     ucd: stat.stdev
# - 
#   name: geom_model_gaussian1_sigma_error
#   datatype: float32
#   description: "Uncertainty of \\texttt{geomModelGaussian1Sigma}"
#   meta:
#     ucd: stat.error
# - 
#   name: geom_model_gaussian1_depth
#   datatype: float32
#   unit: mag
#   description: Magnitude depth of Gaussian 1 component
#   meta:
#     ucd: src.var.amplitude
# - 
#   name: geom_model_gaussian1_depth_error
#   datatype: float32
#   unit: mag
#   description: "Uncertainty of \\texttt{geomModelGaussian1Depth}"
#   meta:
#     ucd: stat.error;src.var.amplitude
# - 
#   name: geom_model_gaussian2_phase
#   datatype: float32
#   description: Phase of Gaussian 2 component
#   meta:
#     ucd: time.phase
# - 
#   name: geom_model_gaussian2_phase_error
#   datatype: float32
#   description: "Uncertainty of \\texttt{geomModelGaussian2Phase}"
#   meta:
#     ucd: stat.error;time.phase
# - 
#   name: geom_model_gaussian2_sigma
#   datatype: float32
[...]
#   datatype: float32
#   description: "Secondary eclipse: uncertainty of \\texttt{derivedSecondaryEclDuration}"
#   meta:
#     ucd: stat.error;time.duration
# - 
#   name: derived_secondary_ecl_depth
#   datatype: float32
#   unit: mag
#   description: "Secondary eclipse: depth"
#   meta:
#     ucd: src.var.amplitude
# - 
#   name: derived_secondary_ecl_depth_error
#   datatype: float32
#   unit: mag
#   description: "Secondary eclipse: uncertainty of \\texttt{derivedSecondaryEclDepth}"
#   meta:
#     ucd: stat.error;src.var.amplitude
solution_id,source_id,global_ranking,reference_time,frequency,frequency_error,geom_model_reference_level,geom_model_reference_level_error,geom_model_gaussian1_phase,geom_model_gaussian1_phase_error,geom_model_gaussian1_sigma,geom_model_gaussian1_sigma_error,geom_model_gaussian1_depth,geom_model_gaussian1_depth_error,geom_model_gaussian2_phase,geom_model_gaussian2_phase_error,geom_model_gaussian2_sigma,geom_model_gaussian2_sigma_error,geom_model_gaussian2_depth,geom_model_gaussian2_depth_error,geom_model_cosine_half_period_amplitude,geom_model_cosine_half_period_amplitude_error,geom_model_cosine_half_period_phase,geom_model_cosine_half_period_phase_error,model_type,num_model_parameters,reduced_chi2,derived_primary_ecl_phase,derived_primary_ecl_phase_error,derived_primary_ecl_duration,derived_primary_ecl_duration_error,derived_primary_ecl_depth,derived_primary_ecl_depth_error,derived_secondary_ecl_phase,derived_secondary_ecl_phase_error,derived_secondary_ecl_duration,derived_secondary_ecl_duration_error,derived_secondary_ecl_depth,derived_secondary_ecl_depth_error
[from data line 38]
375316653866487564,4200298833761993088,0.5900812,2243.861552581607,0.39651725688391226,1.2619425E-4,17.14775,0.004358227,0.2829685,0.029020464,0.054369174,0.024039043,0.276738,0.12257506,0.78591055,0.004165481,0.011217941,0.0019026839,0.5577432,0.1869628,null,null,null,null,"TWOGAUSSIANS",8,9.198633,0.78591055,0.004165481,0.06282047,0.01065503,0.5577432,0.1869628,0.2829685,0.029020464,0.30446738,0.11149202,0.276738,0.12257507
375316653866487564,4200301268996325888,0.46979094,2202.3432581287925,3.7359466566719948,4.21907E-5,18.28611,0.03538208,0.24055678,0.009997894,0.09221271,0.018109456,0.14572781,0.03400214,0.7722089,0.0078305965,0.13553032,0.038532138,0.1392515,0.027997958,null,null,null,null,"TWOGAUSSIANS",8,3.3973293,0.24012679,0.009463396,0.4,0.0,0.12797473,0.011827095,0.7722089,0.00783163,0.4,0.0,0.12107842,0.0193927
375316653866487564,4200303437967077504,0.55077964,2148.3458317049904,0.2669857708230446,1.8308683E-5,14.135826,0.005486534,0.5505568,0.060661703,0.030634373,0.04064365,0.118674256,0.14125413,0.84663963,0.010126991,0.050924364,0.006992529,0.2770122,0.22379628,0.019832874,0.008408689,0.84663963,0.010126991,"TWOGAUSSIANS_WITH_ELLIPSOIDAL_ON_ECLIPSE2",9,182.7037,0.84663963,0.010126991,0.28517643,0.03915816,0.31667608,0.22449753,0.5494568,0.114989705,0.1715525,0.22091773,0.1219811,0.1336268
375316653866487564,4200306770861523712,0.5980672,2190.499821326823,1.9699821624983112,9.0545E-6,16.372417,0.01939252,0.23126975,0.0067699766,0.10722559,0.013015929,0.19412689,0.01991204,0.714894,0.0035417539,0.09395654,0.0062361606,0.3634618,0.020112202,null,null,null,null,"TWOGAUSSIANS",8,10.262722,0.714894,0.0035417539,0.4,0.0,0.3444465,0.009800326,0.23126975,0.0067699766,0.4,0.0,0.17510314,0.0077054747
375316653866487564,4200307522469726848,0.48082498,2222.0283104666623,3.25676492465898,1.7645894E-4,17.236774,0.01951254,0.3834864,0.023820188,0.027034273,0.015997903,0.21585964,0.36307865,0.7543809,0.018317917,0.11653788,0.0447278,0.06320168,0.017455861,null,null,null,null,"TWOGAUSSIANS",8,17.300196,0.38352638,0.023873445,0.15139194,0.089588255,0.21624532,0.36290377,0.7543809,0.018317917,0.4,0.0,0.06318788,0.01737053
375316653866487564,4200311164602274816,0.5419126,2182.558173203582,3.65437036998512,4.9255817E-5,17.91449,0.026209516,0.26878002,0.043506514,0.065093376,0.03225001,0.3608075,0.05739644,0.7905343,0.0074631814,0.081455685,0.014933111,0.4097904,0.042379595,null,null,null,null,"TWOGAUSSIANS",8,15.888505,0.7905343,0.0074631814,0.4,0.0,0.4084295,0.043662153,0.26878002,0.043506514,0.3645229,0.051644403,0.35944661,0.047211308
375316653866487564,4200311753019512064,0.60679513,2154.343135652161,2.3851748953456693,7.893824E-6,17.852036,0.01707992,0.27426797,0.007838313,0.07354164,0.011883987,0.44774473,0.028135188,0.7794934,0.002376017,0.07500538,0.0052860407,0.39439476,0.0102355005,null,null,null,null,"TWOGAUSSIANS",8,4.804875,0.27426797,0.007838313,0.4,0.0,0.44516066,0.029047111,0.7794934,0.002376017,0.4,0.0,0.39181072,0.008647997
375316653866487564,4200311783077573888,0.4781811,2153.4030235024375,0.5669052545799613,7.99078E-5,17.913708,0.0103807775,0.18068673,0.03497774,0.040497333,0.03643216,0.049133908,0.23683941,0.5504022,0.09687243,0.06616908,0.029380145,0.77118874,1.8811027,null,null,null,null,"TWOGAUSSIANS",8,7.864847,0.5504022,0.09687243,0.37054688,0.06298785,0.77118874,1.880533,0.18068673,0.034981012,0.22678506,0.20402008,0.049134023,0.23687309
375316653866487564,4200314428778655744,0.49556428,2185.693965282009,3.432107017200857,2.3199244E-5,19.700176,0.017956985,0.3505937,0.04992423,0.06975374,0.03108526,0.42503354,0.08485624,0.83445996,0.004981808,0.07234329,0.0069880346,0.32238328,0.03794191,null,null,null,null,"TWOGAUSSIANS",8,3.8989043,0.3505937,0.04992423,0.39062098,0.16806775,0.42402673,0.08389273,0.83445996,0.004981808,0.4,0.009012138,0.32137647,0.037993073
375316653866487564,4200315597009667840,0.48413032,2164.7134442707534,4.123672100943322,5.3519827E-5,19.134033,0.015755197,0.23310904,0.008063895,0.06698866,0.025700197,0.1457547,0.034726173,0.72940606,0.009760977,0.08627961,0.012360887,0.13328023,0.017648665,null,null,null,null,"TWOGAUSSIANS",8,1.5683354,0.23310904,0.008063895,0.3751365,0.056332026,0.14451465,0.038541544,0.72940606,0.009760977,0.4,0.0,0.13204017,0.014230061
375316653866487564,4200323705906989312,0.52463806,2243.155589861292,1.109783889034737,2.6060314E-5,15.937286,0.0063323025,0.20118769,0.0065150424,0.038726423,0.0100953,0.051025935,0.017923558,0.6640289,0.032982584,0.047726322,0.015750026,0.15768766,0.04168771,0.023604011,0.012315929,0.20118769,0.0065150424,"TWOGAUSSIANS_WITH_ELLIPSOIDAL_ON_ECLIPSE1",9,25.773764,0.6658689,0.031202247,0.2672674,0.088200144,0.20249154,0.039238434,0.20118769,0.0065150424,0.21686795,0.056533683,0.09823385,0.008290942
375316653866487564,4200324500482525568,0.46701992,2249.8466375704947,2.899502562668385,6.155824E-5,17.400131,0.48042247,0.27191064,0.01620367,0.16204189,0.12886272,0.20400487,0.47443074,0.7480758,0.018006768,0.10568469,0.03334888,0.22882874,0.18895876,null,null,null,null,"TWOGAUSSIANS",8,10.341756,0.7480758,0.018006768,0.4,0.0,0.17178726,0.01452594,0.27195063,0.015935015,0.4,0.0,0.14315595,0.011152726
375316653866487564,4200331097543132288,0.50193864,2156.969849076393,3.164291958178628,5.2530904E-5,19.82564,0.27235615,0.15348113,0.020667601,0.095499046,0.033601657,0.35066968,0.22709696,0.66068757,0.04266114,0.108485855,0.09344548,0.31211865,0.2923424,null,null,null,null,"TWOGAUSSIANS",8,1.8195903,0.15348113,0.015597605,0.4,0.0,0.3208309,0.04731114,0.66068757,0.04285575,0.4,0.0,0.2822648,0.062836535
375316653866487564,4200333842026991616,0.553583,2170.4464698410065,4.318211830273469,1.7596312E-5,19.220451,0.013632172,0.3330465,0.005542519,0.065263666,0.004879062,0.4829727,0.023058865,0.84172624,0.0078809,0.06257319,0.008980996,0.57483155,0.064200126,null,null,null,null,"TWOGAUSSIANS",8,4.2105694,0.84172624,0.0078809,0.35040987,0.050293576,0.5744482,0.064471625,0.3330465,0.005542519,0.36547652,0.027322747,0.4825894,0.022916373
375316653866487564,4200333949410962816,0.63317025,2170.7285302622045,1.0535521881204748,1.1705511E-5,14.502032,0.0025571068,0.22421016,0.0032313038,0.029681753,0.002643743,0.26803866,0.012060535,0.72150105,0.0156833,0.020525187,0.026978025,0.12561099,0.11017995,0.030433733,0.0040844367,0.22421016,0.0032313038,"TWOGAUSSIANS_WITH_ELLIPSOIDAL_ON_ECLIPSE1",9,25.677876,0.22421016,0.0032313038,0.16621782,0.014804961,0.328906,0.011743082,0.72154105,0.013020632,0.11494105,0.15107694,0.18646097,0.11224004
375316653866487564,4200335147701393792,0.58118826,2179.2749257862392,3.6406598181292766,5.7316494E-5,18.543417,0.04743868,0.18260714,0.052561764,0.054928787,0.028890664,0.6726279,0.74456054,0.6860339,0.016025707,0.05748276,0.025946677,0.78993744,0.17658201,null,null,null,null,"TWOGAUSSIANS",8,16.223125,0.6860339,0.016025707,0.32190347,0.098676376,0.789873,0.17935559,0.18260714,0.052561764,0.3076012,0.16178772,0.6725635,0.7449106
375316653866487564,4200338480596173312,0.6208123,2277.1048232164626,3.9342426856747115,2.0538655E-5,18.101477,0.029975181,0.1947716,0.0033224884,0.039752703,0.009625618,0.47161373,0.2531159,0.68852675,0.007954897,0.03888877,0.021115668,0.40610448,0.14332461,0.15789425,0.045888186,0.1947716,0.0033224884,"TWOGAUSSIANS_WITH_ELLIPSOIDAL_ON_ECLIPSE1",9,9.325551,0.1947716,0.0033224884,0.22261514,0.05390346,0.78740185,0.26577634,0.68905675,0.007331192,0.21777713,0.11824774,0.7214479,0.21642089
375316653866487564,4200341508553323392,0.63314974,2211.9482350583703,0.8993590294990325,9.8214205E-6,15.994186,0.002260218,0.16823156,7.56754E-4,0.032558084,0.0016423534,0.2712577,0.01110513,0.6709177,0.0035288513,0.04116887,0.007828251,0.060922105,0.009742729,0.017463937,0.0042527094,0.16823156,7.56754E-4,"TWOGAUSSIANS_WITH_ELLIPSOIDAL_ON_ECLIPSE1",9,4.2777286,0.16823156,7.56754E-4,0.18232526,0.009197179,0.3061855,0.014780326,0.6709177,0.0035288513,0.23054567,0.04383821,0.095839985,0.006822393
375316653866487564,4200343703275085952,0.4648742,2230.6578944066596,2.980041753364476,3.082392E-5,17.845388,0.054503936,0.29012993,0.008370563,0.07411918,0.027606064,0.21276492,0.039872296,0.77929187,0.013939882,0.07836011,0.053104013,0.11461481,0.043366797,null,null,null,null,"TWOGAUSSIANS",8,20.457674,0.29012993,0.008387464,0.4,0.021186741,0.21164006,0.02150786,0.77929187,0.013939882,0.4,0.08126971,0.11348995,0.027000336
375316653866487564,4200344772730555264,0.53067243,2211.5985637118542,3.3842952212608424,3.5143705E-5,19.65979,0.03032932,0.28042102,0.009984271,0.0670452,0.010641632,0.6291914,0.062231287,0.7859061,0.0054282513,0.06635354,0.006870908,0.469391,0.030775107,null,null,null,null,"TWOGAUSSIANS",8,5.191691,0.28042102,0.009984271,0.3754531,0.052181963,0.6283628,0.062230736,0.7859061,0.0054282513,0.37157983,0.038477086,0.4685624,0.030280601
375316653866487564,4200347036170937600,0.5170169,2241.5700753639776,0.6414842306758407,5.0328777E-5,18.459286,0.0051490883,0.6831991,0.026065584,0.09176019,0.024737341,0.12534867,0.016016768,0.46627456,0.0054939967,0.028876565,0.005220674,0.45618954,0.12382476,null,null,null,null,"TWOGAUSSIANS",8,5.1549106,0.46663457,0.0052142367,0.16170877,0.029235775,0.46389112,0.125134,0.6831991,0.026065584,0.4,0.0,0.12534858,0.016016908
375316653866487564,4200347040470834432,0.51950485,2226.9629800905773,0.8913354341439008,2.1142588E-4,16.807844,0.008066134,0.5371384,0.011817418,0.020204058,0.0071275816,0.57091814,2.5269737,0.8045755,0.023203162,0.04825322,0.028860595,0.24946116,13.733521,null,null,null,null,"TWOGAUSSIANS",8,29.263678,0.5371384,0.011817418,0.11314272,0.03991446,0.5709182,2.526974,0.8045755,0.023203162,0.27021804,0.16161934,0.24946116,13.733521
375316653866487564,4200347212269478016,0.7185072,2207.068705637403,2.196723552229059,3.9521806E-6,15.133915,0.008216081,0.24955598,0.0012355924,0.05844458,0.002605438,0.27057725,0.016875139,0.75307924,9.746628E-4,0.054717317,0.0037938724,0.2885984,0.03376121,0.09071255,0.0094069205,0.75307924,9.746628E-4,"TWOGAUSSIANS_WITH_ELLIPSOIDAL_ON_ECLIPSE2",9,9.15448,0.75307924,9.746628E-4,0.30641696,0.021245686,0.4699919,0.034423523,0.25009596,0.0010234041,0.32728964,0.014590452,0.4518955,0.006983601
375316653866487564,4200348032601981312,0.57457495,2216.205526809195,3.165526285862259,9.221006E-6,15.78917,0.008046463,0.31586117,0.016268684,0.08782279,0.010985296,0.15462807,0.019575428,0.7966282,0.0046299244,0.09410544,0.0083759595,0.1240225,0.008052625,null,null,null,null,"TWOGAUSSIANS",8,9.311847,0.31586117,0.016268684,0.4,0.0,0.14993939,0.017805712,0.7966282,0.0046299244,0.4,0.0,0.11933357,0.006755884
375316653866487564,4200348346142050560,0.47493318,2233.0665921447053,2.760964886002342,3.6519323E-5,17.890602,0.0029537124,0.1904143,0.0049900785,0.07370843,0.0061237817,0.08865918,0.00442841,0.78459644,0.018416759,0.12972362,0.016127013,0.08868872,0.0124620125,null,null,null,null,"TWOGAUSSIANS",8,2.328066,0.1894143,0.004792697,0.4,0.002542022,0.08694807,0.00406975,0.78459644,0.018416759,0.4,0.0,0.086302266,0.0136313485
375316653866487564,4200349754891345664,0.6395195,2217.135842878021,1.2147766761147587,1.3431087E-5,15.558908,0.0124383215,0.277418,0.0035930958,0.10300758,0.008599803,0.23646143,0.010717138,0.7774162,0.0039695622,0.08987322,0.0071921567,0.29350242,0.012418554,null,null,null,null,"TWOGAUSSIANS",8,11.01318,0.7774162,0.0039695622,0.4,0.0,0.27542892,0.0096304,0.277418,0.0035930958,0.4,0.0,0.21838441,0.00994276
375316653866487564,4200355561681146496,0.5442994,2196.0362067303877,1.7243233028419922,8.820956E-6,19.2807,0.017161947,0.31161085,0.011810045,0.081133164,0.016599517,0.1312122,0.01789454,0.78684556,0.0027839458,0.062484507,0.005146689,0.3471865,0.017436177,null,null,null,null,"TWOGAUSSIANS",8,1.4582208,0.78684556,0.0027839458,0.34991324,0.028821457,0.34669268,0.01635133,0.31161085,0.011810045,0.4,0.0,0.13071838,0.016736113
375316653866487564,4200355660465798528,0.5795312,2185.399801089082,4.0849012600588095,1.9715291E-5,19.610806,0.026116176,0.27530807,0.005406146,0.07140179,0.0066590924,0.6056009,0.05385466,0.8060299,0.025836097,0.0712044,0.024343388,0.61005765,0.5034318,null,null,null,null,"TWOGAUSSIANS",8,1.8273611,0.8060299,0.025836097,0.39874464,0.13310492,0.6088627,0.50438416,0.27530807,0.005406146,0.39985004,0.017798906,0.60440594,0.053581707
375316653866487564,4200361192382124928,0.65528256,2183.9517712865163,2.8694049106892803,1.2342819E-5,15.876914,0.034391448,0.2501135,0.0019096017,0.06120333,0.008649869,0.36356753,0.066618465,0.74769396,0.0035182326,0.06415953,0.011225896,0.35850552,0.063760765,0.08620553,0.03966558,0.2501135,0.0019096017,"TWOGAUSSIANS_WITH_ELLIPSOIDAL_ON_ECLIPSE1",9,34.23987,0.2501135,0.0019096017,0.34273866,0.048439264,0.53573537,0.026922775,0.748024,0.002947556,0.35929337,0.06286502,0.5306389,0.051904026
375316653866487564,4200362051375617408,0.646523,2153.834794486489,3.4642983086582353,1.2715208E-5,18.13285,0.0035278397,0.31659418,0.0033877995,0.07520484,0.003412231,0.3417906,0.0076755304,0.8198412,0.0036057448,0.07106819,0.005320153,0.40027955,0.008112965,null,null,null,null,"TWOGAUSSIANS",8,1.5910028,0.8198412,0.0036057448,0.39798188,0.024121957,0.39829606,0.008125324,0.31659418,0.0033877995,0.4,0.0,0.33980712,0.007877162
375316653866487564,4200362536714396032,0.5318051,2200.0126532780523,2.1566428633951817,1.3974422E-5,17.645767,0.015941214,0.28494447,0.0044337222,0.09849332,0.014584468,0.11648079,0.0141040925,0.788798,0.0074023665,0.08258746,0.018544996,0.18698014,0.030050581,null,null,null,null,"TWOGAUSSIANS",8,1.8598995,0.788798,0.0074023665,0.4,0.0,0.18102607,0.03541276,0.28494447,0.0044337222,0.4,0.0,0.11052613,0.0070605245
375316653866487564,4200362742872741632,0.4971145,2148.080919432225,0.8721358034036542,1.8570021E-5,18.294962,0.008792358,0.20450164,0.0048211496,0.038600918,0.00601977,0.18302207,0.018612664,0.43678245,0.02359359,0.086786225,0.02405272,0.09096743,0.013642899,null,null,null,null,"TWOGAUSSIANS",8,5.2797627,0.20515163,0.00446286,0.21616514,0.033710714,0.18557864,0.02196675,0.43678245,0.02359359,0.4,0.0,0.090967424,0.0136448685
375316653866487564,4200366071470615552,0.5647768,2242.1512679011203,2.8781644605233114,8.403512E-6,18.048283,0.013237623,0.22476645,0.0034582359,0.09267172,0.005395628,0.3173844,0.0153837325,0.724977,0.028898865,0.087598935,0.01605871,0.35137254,0.077549815,null,null,null,null,"TWOGAUSSIANS",8,2.5670278,0.724977,0.028898865,0.4,0.0,0.33718702,0.0761842,0.22476645,0.0034563467,0.4,0.0,0.30319864,0.013096387
375316653866487564,4200368618378298624,0.5742957,2214.0120003812845,2.902193614772203,4.193514E-5,17.991009,0.01593342,0.27097958,0.006228508,0.094147995,0.016596679,0.12710434,0.013520799,0.7807111,0.009040524,0.090733185,0.013313766,0.18787964,0.016083337,null,null,null,null,"TWOGAUSSIANS",8,1.4882911,0.7807111,0.009040524,0.4,0.0,0.18102062,0.009487993,0.27097958,0.006228508,0.4,0.0,0.12024521,0.009453609
375316653866487564,4200369030695396352,0.523196,2205.103835770501,3.6740679457493406,2.6266443E-5,19.484943,0.05738108,0.25059825,0.010637076,0.0712018,0.014923153,0.53458154,0.08303175,0.75993234,0.0036627795,0.08290622,0.034969598,0.3435613,0.09658469,null,null,null,null,"TWOGAUSSIANS",8,3.066862,0.25059825,0.010645819,0.3987301,0.033314038,0.53102845,0.0700169,0.75993234,0.0036627795,0.4,0.0,0.34000814,0.113913305
375316653866487564,4200370297714755072,0.5200865,2238.6027438514493,2.946995244796607,3.2264867E-5,18.770681,0.017571477,0.20649108,0.021118835,0.067607276,0.033486325,0.18392023,0.046589796,0.71679103,0.0069619156,0.087050244,0.012181656,0.18020354,0.020316362,null,null,null,null,"TWOGAUSSIANS",8,1.805195,0.20649108,0.021118835,0.37860075,0.13462412,0.18236142,0.050618496,0.71679103,0.0069619156,0.4,0.0,0.1786447,0.01786268
