Gaia/vari_eclipsing_binary/VariEclipsingBinary_461463-461475.csv
# %ECSV 1.0
# ---
# delimiter: ','
# meta: !!omap
# - RELEASE: Gaia DR3
# - TABLE: vari_eclipsing_binary
# - DESCRIPTION: >
#     This table describes the properties of the eclipsing binaries resulting from the variability analysis. 
# - CITATION: >
#     How to cite and acknowledge Gaia: 
#     https://gea.esac.esa.int/archive/documentation/credits.html 
# - KNOWN_ISSUES: >
#     Known issues: 
#     https://www.cosmos.esa.int/web/gaia-users/known-issues 
# - DOCUMENTATION: >
#     Tutorials and documentation: 
#     https://www.cosmos.esa.int/web/gaia-users/archive 
# datatype:
# - 
#   name: solution_id
#   datatype: int64
#   description: Solution Identifier
#   meta:
#     ucd: meta.version
# - 
#   name: source_id
#   datatype: int64
#   description: Unique source identifier
#   meta:
#     ucd: meta.id;meta.main
# - 
#   name: global_ranking
#   datatype: float32
#   description: Number between 0 (worst) and 1 (best)
#   meta:
#     ucd: stat.param
# - 
#   name: reference_time
#   datatype: float64
#   unit: d
#   description: Reference time used for the geometric model fit
#   meta:
#     ucd: time.epoch
# - 
#   name: frequency
#   datatype: float64
#   unit: d**-1
#   description: Frequency of geometric model of the eclipsing binary light curve
#   meta:
#     ucd: src.orbital
# - 
#   name: frequency_error
#   datatype: float32
#   unit: d**-1
#   description: "Uncertainty of \\texttt{frequency}"
#   meta:
#     ucd: stat.error
# - 
#   name: geom_model_reference_level
#   datatype: float32
#   unit: mag
#   description: Magnitude reference level of geometric model
#   meta:
#     ucd: phot.mag;em.opt
# - 
#   name: geom_model_reference_level_error
#   datatype: float32
#   unit: mag
#   description: "Uncertainty of \\texttt{geomModelReferenceLevel}"
#   meta:
#     ucd: stat.error;phot.mag;em.opt
# - 
#   name: geom_model_gaussian1_phase
#   datatype: float32
#   description: Phase of the Gaussian 1 component
#   meta:
#     ucd: time.phase
# - 
#   name: geom_model_gaussian1_phase_error
#   datatype: float32
#   description: "Uncertainty of \\texttt{geomModelGaussian1Phase}"
#   meta:
#     ucd: stat.error;time.phase
# - 
#   name: geom_model_gaussian1_sigma
#   datatype: float32
#   description: "Standard deviation [phase] of Gaussian 1 component"
#   meta:
#     ucd: stat.stdev
# - 
#   name: geom_model_gaussian1_sigma_error
#   datatype: float32
#   description: "Uncertainty of \\texttt{geomModelGaussian1Sigma}"
#   meta:
#     ucd: stat.error
# - 
#   name: geom_model_gaussian1_depth
#   datatype: float32
#   unit: mag
#   description: Magnitude depth of Gaussian 1 component
#   meta:
#     ucd: src.var.amplitude
# - 
#   name: geom_model_gaussian1_depth_error
#   datatype: float32
#   unit: mag
#   description: "Uncertainty of \\texttt{geomModelGaussian1Depth}"
#   meta:
#     ucd: stat.error;src.var.amplitude
# - 
#   name: geom_model_gaussian2_phase
#   datatype: float32
#   description: Phase of Gaussian 2 component
#   meta:
#     ucd: time.phase
# - 
#   name: geom_model_gaussian2_phase_error
#   datatype: float32
#   description: "Uncertainty of \\texttt{geomModelGaussian2Phase}"
#   meta:
#     ucd: stat.error;time.phase
# - 
#   name: geom_model_gaussian2_sigma
#   datatype: float32
[...]
#   datatype: float32
#   description: "Secondary eclipse: uncertainty of \\texttt{derivedSecondaryEclDuration}"
#   meta:
#     ucd: stat.error;time.duration
# - 
#   name: derived_secondary_ecl_depth
#   datatype: float32
#   unit: mag
#   description: "Secondary eclipse: depth"
#   meta:
#     ucd: src.var.amplitude
# - 
#   name: derived_secondary_ecl_depth_error
#   datatype: float32
#   unit: mag
#   description: "Secondary eclipse: uncertainty of \\texttt{derivedSecondaryEclDepth}"
#   meta:
#     ucd: stat.error;src.var.amplitude
solution_id,source_id,global_ranking,reference_time,frequency,frequency_error,geom_model_reference_level,geom_model_reference_level_error,geom_model_gaussian1_phase,geom_model_gaussian1_phase_error,geom_model_gaussian1_sigma,geom_model_gaussian1_sigma_error,geom_model_gaussian1_depth,geom_model_gaussian1_depth_error,geom_model_gaussian2_phase,geom_model_gaussian2_phase_error,geom_model_gaussian2_sigma,geom_model_gaussian2_sigma_error,geom_model_gaussian2_depth,geom_model_gaussian2_depth_error,geom_model_cosine_half_period_amplitude,geom_model_cosine_half_period_amplitude_error,geom_model_cosine_half_period_phase,geom_model_cosine_half_period_phase_error,model_type,num_model_parameters,reduced_chi2,derived_primary_ecl_phase,derived_primary_ecl_phase_error,derived_primary_ecl_duration,derived_primary_ecl_duration_error,derived_primary_ecl_depth,derived_primary_ecl_depth_error,derived_secondary_ecl_phase,derived_secondary_ecl_phase_error,derived_secondary_ecl_duration,derived_secondary_ecl_duration_error,derived_secondary_ecl_depth,derived_secondary_ecl_depth_error
[from data line 380]
375316653866487564,4059177100541368960,0.43299192,2324.1700196577112,0.5174082674199961,3.8082475E-5,18.803398,0.009604229,0.17382061,0.0047992915,0.035706263,0.0059845024,0.3248864,0.048771728,0.6665132,0.011791952,0.054512683,0.010931138,0.1287344,0.026425669,null,null,null,null,"TWOGAUSSIANS",8,11.814226,0.17382061,0.0047992915,0.19995508,0.033513214,0.32488635,0.048771866,0.6665132,0.011791952,0.30527103,0.06121437,0.12873435,0.026425745
375316653866487564,4059177512779699584,0.46102095,2285.1344436363265,1.729855153612398,4.0838986E-5,19.636179,0.06809041,0.21987051,0.018819133,0.083643444,0.032806203,0.5564675,0.11019001,0.7273244,0.086787775,0.07990118,0.0460846,0.3870125,0.2968986,null,null,null,null,"TWOGAUSSIANS",8,10.238931,0.21987051,0.018819133,0.4,0.0,0.54891485,0.10496439,0.7273244,0.086787775,0.4,0.17770135,0.37945992,0.2953102
375316653866487564,4059177753297258368,0.4804942,2332.3897158695963,0.9519513309071489,1.4961236E-4,19.434324,0.015842589,0.20928937,0.0066638556,0.055046886,0.005061904,0.5172902,0.033683207,0.7395663,0.018750677,0.08078994,0.0124189025,0.13965023,0.026042935,null,null,null,null,"TWOGAUSSIANS",8,2.9877055,0.20928937,0.0066638556,0.30826256,0.028346663,0.5170667,0.03352772,0.7395663,0.018750677,0.4,0.0,0.13942675,0.025778912
375316653866487564,4059178131255037824,0.48765573,2287.047864094519,1.7127308969608173,1.5971253E-5,19.279646,0.03476452,0.17714669,0.010379319,0.07864197,0.014278588,0.50265425,0.089299165,0.68421775,0.005425602,0.07526831,0.0077863387,0.59251636,0.048423376,null,null,null,null,"TWOGAUSSIANS",8,7.476433,0.68421775,0.005425602,0.4,0.0,0.587731,0.04652922,0.17714669,0.010379319,0.4,0.019970559,0.49786893,0.09092873
375316653866487564,4059178234412963072,0.5134243,2302.148129544921,2.969724935518234,2.3898372E-5,16.156101,0.13393761,0.26359034,0.009458022,0.10913142,0.043611493,0.31034327,0.12537108,0.7851233,0.007966512,0.11574363,0.030635692,0.31524703,0.12599774,null,null,null,null,"TWOGAUSSIANS",8,61.374832,0.7851533,0.0070806653,0.4,0.0,0.27278954,0.02011189,0.26352033,0.009940737,0.4,0.0,0.2679353,0.021335464
375316653866487564,4059178539280419072,0.52109414,2282.7470690145533,1.1357654770114367,2.3425615E-5,18.169878,0.29500672,0.23562303,0.0059118993,0.13861874,0.059075218,0.27004933,0.27338186,0.7405528,0.006646096,0.15317784,0.07369393,0.27524003,0.2855564,null,null,null,null,"TWOGAUSSIANS",8,1.5617095,0.7407728,0.0062202075,0.4,0.0,0.15418567,0.00670679,0.23520303,0.005624043,0.4,0.0,0.15086874,0.008022483
375316653866487564,4059178921529559424,0.47432378,2330.3194625027304,0.7355918665793242,3.2117656E-5,18.064598,0.09339335,0.27283722,0.008090204,0.0971945,0.033265576,0.18327676,0.07739557,0.7478909,0.02755322,0.117794715,0.12645063,0.0963567,0.066335365,null,null,null,null,"TWOGAUSSIANS",8,5.0075603,0.27287722,0.0062711295,0.4,0.0,0.17051363,0.0128462985,0.7478909,0.02755322,0.4,0.0,0.083561815,0.023760282
375316653866487564,4059178921529642112,0.50837034,2330.974090100463,1.676152558417462,4.369735E-5,19.097197,0.020773187,0.25465485,0.0059667965,0.08446237,0.013418025,0.40283835,0.03671953,0.74775654,0.009204867,0.092501625,0.010167687,0.3943553,0.049336117,null,null,null,null,"TWOGAUSSIANS",8,5.791945,0.25465485,0.0059667965,0.4,0.0,0.3896824,0.04073238,0.74775654,0.009204867,0.4,0.0,0.381199,0.049742177
375316653866487564,4059179093328506624,0.45361775,2301.1544895604834,2.5269691372547167,9.0524205E-5,19.624008,0.08762687,0.17847992,0.010341299,0.09433578,0.03452668,0.22431126,0.0854804,0.6978162,0.012736389,0.10991916,0.04751832,0.23657535,0.07876954,null,null,null,null,"TWOGAUSSIANS",8,2.5191882,0.6978162,0.012733171,0.4,0.0,0.21841395,0.04220947,0.17845993,0.010258928,0.4,0.0,0.2061693,0.054021217
375316653866487564,4059179230770729344,0.47656548,2324.1934202251014,2.153682664077344,2.8980334E-5,19.704472,0.024429828,0.17924358,0.022760231,0.051328514,0.030625891,0.18757887,0.041232556,0.6724734,0.005793644,0.07804203,0.010224463,0.38645256,0.041836888,null,null,null,null,"TWOGAUSSIANS",8,2.1302779,0.6724734,0.005793644,0.4,0.0,0.38618836,0.04181311,0.17924358,0.022760231,0.28743967,0.17150499,0.18731466,0.041425362
375316653866487564,4059179643087752320,0.47624332,2312.7156055111964,2.7302694312958296,1.9495368E-5,19.66947,0.091550924,0.22179958,0.007189085,0.10931247,0.02516615,0.5692905,0.16304865,0.7352185,0.004094288,0.1011227,0.0199357,0.56590766,0.060843013,null,null,null,null,"TWOGAUSSIANS",8,2.0621881,0.22179958,0.0071884925,0.4,0.0,0.51146835,0.18615592,0.73522854,0.0041095773,0.4,0.0,0.50811636,0.019133579
375316653866487564,4059179952320776192,0.4473439,2346.52348686717,0.5000246214343005,8.46606E-5,19.21351,0.011543497,0.31517807,0.027466638,0.056532897,0.026883354,0.15914594,0.1273828,0.8702292,0.006970774,0.03007428,0.0056561995,0.15276156,0.025211724,null,null,null,null,"TWOGAUSSIANS",8,3.0802696,0.31517807,0.027466638,0.31658423,0.15054679,0.15914594,0.12738281,0.8702292,0.006970774,0.16841596,0.031674717,0.15276156,0.02521172
375316653866487564,4059180124120174208,0.52227885,2317.143791564687,3.20363290209557,1.3773564E-5,18.999079,0.05549703,0.24503335,0.0039310325,0.0831984,0.013656775,0.27470726,0.05385989,0.7122697,0.0045035873,0.10095432,0.023002163,0.27518094,0.04319325,null,null,null,null,"TWOGAUSSIANS",8,2.1423473,0.7122697,0.0045035873,0.4,0.0,0.26685274,0.024151945,0.24504335,0.003967378,0.4,0.0,0.2663854,0.030500999
375316653866487564,4059180330282727040,0.45207658,2363.136391167557,1.9325445034244937,5.5661854E-5,19.783073,0.011289011,0.23001371,0.00634305,0.061475746,0.0052655614,0.31000572,0.026164893,0.7106119,0.013414152,0.07116005,0.009618337,0.29922816,0.03632312,null,null,null,null,"TWOGAUSSIANS",8,4.0569563,0.23001371,0.00634305,0.34426418,0.029487142,0.30972195,0.026160333,0.7106119,0.013414152,0.39849624,0.03848157,0.29894438,0.036350492
375316653866487564,4059180360323035648,0.6126077,2336.845672951682,0.7210453631337483,1.6689632E-5,17.261852,0.007803156,0.27018064,0.0018489412,0.04218652,0.005132754,0.3263199,0.07057836,0.7673494,0.018940497,0.043243382,0.00995806,0.29106346,0.053777665,0.0721909,0.009251794,0.27018064,0.0018489412,"TWOGAUSSIANS_WITH_ELLIPSOIDAL_ON_ECLIPSE1",9,6.095317,0.27018064,0.0018489412,0.23624453,0.028743424,0.47070155,0.075745255,0.7675394,0.01870645,0.24216294,0.05576514,0.4354025,0.04721471
375316653866487564,4059180841384026368,0.5527674,2333.1695058562404,0.5575950742016199,1.845785E-5,18.594616,0.0070699346,0.3418792,0.0014231736,0.038494293,0.0022762257,0.41098115,0.00897978,0.84518033,0.0077849994,0.058884807,0.0094376085,0.056081384,0.00968523,null,null,null,null,"TWOGAUSSIANS",8,3.813384,0.3418792,0.0014231736,0.21556804,0.012746863,0.4109808,0.008979379,0.84518033,0.0077849994,0.32975492,0.052850608,0.056081012,0.00968476
375316653866487564,4059181498588294528,0.45551476,2295.0801703752245,2.55554030346808,7.6786026E-5,18.16884,0.058389563,0.2733833,0.014533912,0.11244334,0.049313616,0.2607694,0.11684405,0.7769469,0.013652795,0.07670546,0.017835801,0.36431053,0.06041029,null,null,null,null,"TWOGAUSSIANS",8,31.601393,0.7769469,0.013651257,0.4,0.0,0.34754914,0.030036999,0.2733833,0.014533912,0.4,0.0,0.24398121,0.12779205
375316653866487564,4059182769898829312,0.47892308,2291.5063973915553,1.5825565680851545,2.0654166E-5,19.165098,0.021541819,0.24378356,0.0041061062,0.08737137,0.011819272,0.28019333,0.016796067,0.73840296,0.0074029183,0.07564606,0.014493328,0.34376848,0.053435255,null,null,null,null,"TWOGAUSSIANS",8,4.3687897,0.73840296,0.0074029183,0.4,0.03191147,0.3387473,0.05685869,0.24378356,0.0041061062,0.4,0.0,0.27517208,0.016699735
375316653866487564,4059183727581713024,0.57364273,2321.070797522292,2.1818529574960426,1.3106958E-5,17.151634,0.006672297,0.23269562,0.015462063,0.054930255,0.016207421,0.084982835,0.01788258,0.7609956,0.0014515604,0.032336827,0.0032812026,0.08726576,0.02168341,0.0874723,0.010017369,0.7609956,0.0014515604,"TWOGAUSSIANS_WITH_ELLIPSOIDAL_ON_ECLIPSE2",9,7.816753,0.7609956,0.0014515604,0.18108623,0.018374734,0.2622085,0.008324263,0.24203563,0.011912099,0.3076094,0.09076156,0.25623485,0.01600601
375316653866487564,4059184625247619840,0.5064226,2307.8730683156173,1.9635664128862398,4.4891112E-5,18.522696,0.009284694,0.30826348,0.002152303,0.03287509,0.001960054,0.47455472,0.014874023,0.796406,0.030583957,0.053548075,0.026104024,0.07472522,0.016887926,null,null,null,null,"TWOGAUSSIANS",8,9.268217,0.30826348,0.002152303,0.18410051,0.010976303,0.47455472,0.014874011,0.796406,0.030583957,0.29986924,0.14618254,0.07472521,0.016887933
375316653866487564,4059184659607502080,0.4245892,2373.1227085053024,1.991850905780362,1.4914668E-4,19.806154,0.08990537,0.23322652,0.054953504,0.055583376,0.070714466,0.4609814,0.23969914,0.73811156,0.012402791,0.0948098,0.035309613,0.23170605,0.082886055,null,null,null,null,"TWOGAUSSIANS",8,2.6610212,0.23322652,0.05503344,0.3112669,0.13710603,0.45895395,0.2769424,0.73811156,0.012402791,0.4,0.0,0.22967815,0.034181464
375316653866487564,4059185724760066432,0.5027758,2318.3244841570595,1.0766949135580408,1.4326652E-5,19.149946,0.028773714,0.263186,0.0051588807,0.11616533,0.013718114,0.28111404,0.02843402,0.7695513,0.0038218158,0.102143005,0.011143457,0.25312796,0.026956026,null,null,null,null,"TWOGAUSSIANS",8,1.3309337,0.263186,0.0051588807,0.4,0.0,0.24485558,0.021781536,0.76957124,0.0038286713,0.4,0.0,0.21692093,0.011767536
