Gaia/vari_eclipsing_binary/VariEclipsingBinary_679452-679473.csv
# %ECSV 1.0
# ---
# delimiter: ','
# meta: !!omap
# - RELEASE: Gaia DR3
# - TABLE: vari_eclipsing_binary
# - DESCRIPTION: >
#     This table describes the properties of the eclipsing binaries resulting from the variability analysis. 
# - CITATION: >
#     How to cite and acknowledge Gaia: 
#     https://gea.esac.esa.int/archive/documentation/credits.html 
# - KNOWN_ISSUES: >
#     Known issues: 
#     https://www.cosmos.esa.int/web/gaia-users/known-issues 
# - DOCUMENTATION: >
#     Tutorials and documentation: 
#     https://www.cosmos.esa.int/web/gaia-users/archive 
# datatype:
# - 
#   name: solution_id
#   datatype: int64
#   description: Solution Identifier
#   meta:
#     ucd: meta.version
# - 
#   name: source_id
#   datatype: int64
#   description: Unique source identifier
#   meta:
#     ucd: meta.id;meta.main
# - 
#   name: global_ranking
#   datatype: float32
#   description: Number between 0 (worst) and 1 (best)
#   meta:
#     ucd: stat.param
# - 
#   name: reference_time
#   datatype: float64
#   unit: d
#   description: Reference time used for the geometric model fit
#   meta:
#     ucd: time.epoch
# - 
#   name: frequency
#   datatype: float64
#   unit: d**-1
#   description: Frequency of geometric model of the eclipsing binary light curve
#   meta:
#     ucd: src.orbital
# - 
#   name: frequency_error
#   datatype: float32
#   unit: d**-1
#   description: "Uncertainty of \\texttt{frequency}"
#   meta:
#     ucd: stat.error
# - 
#   name: geom_model_reference_level
#   datatype: float32
#   unit: mag
#   description: Magnitude reference level of geometric model
#   meta:
#     ucd: phot.mag;em.opt
# - 
#   name: geom_model_reference_level_error
#   datatype: float32
#   unit: mag
#   description: "Uncertainty of \\texttt{geomModelReferenceLevel}"
#   meta:
#     ucd: stat.error;phot.mag;em.opt
# - 
#   name: geom_model_gaussian1_phase
#   datatype: float32
#   description: Phase of the Gaussian 1 component
#   meta:
#     ucd: time.phase
# - 
#   name: geom_model_gaussian1_phase_error
#   datatype: float32
#   description: "Uncertainty of \\texttt{geomModelGaussian1Phase}"
#   meta:
#     ucd: stat.error;time.phase
# - 
#   name: geom_model_gaussian1_sigma
#   datatype: float32
#   description: "Standard deviation [phase] of Gaussian 1 component"
#   meta:
#     ucd: stat.stdev
# - 
#   name: geom_model_gaussian1_sigma_error
#   datatype: float32
#   description: "Uncertainty of \\texttt{geomModelGaussian1Sigma}"
#   meta:
#     ucd: stat.error
# - 
#   name: geom_model_gaussian1_depth
#   datatype: float32
#   unit: mag
#   description: Magnitude depth of Gaussian 1 component
#   meta:
#     ucd: src.var.amplitude
# - 
#   name: geom_model_gaussian1_depth_error
#   datatype: float32
#   unit: mag
#   description: "Uncertainty of \\texttt{geomModelGaussian1Depth}"
#   meta:
#     ucd: stat.error;src.var.amplitude
# - 
#   name: geom_model_gaussian2_phase
#   datatype: float32
#   description: Phase of Gaussian 2 component
#   meta:
#     ucd: time.phase
# - 
#   name: geom_model_gaussian2_phase_error
#   datatype: float32
#   description: "Uncertainty of \\texttt{geomModelGaussian2Phase}"
#   meta:
#     ucd: stat.error;time.phase
# - 
#   name: geom_model_gaussian2_sigma
#   datatype: float32
[...]
#   datatype: float32
#   description: "Secondary eclipse: uncertainty of \\texttt{derivedSecondaryEclDuration}"
#   meta:
#     ucd: stat.error;time.duration
# - 
#   name: derived_secondary_ecl_depth
#   datatype: float32
#   unit: mag
#   description: "Secondary eclipse: depth"
#   meta:
#     ucd: src.var.amplitude
# - 
#   name: derived_secondary_ecl_depth_error
#   datatype: float32
#   unit: mag
#   description: "Secondary eclipse: uncertainty of \\texttt{derivedSecondaryEclDepth}"
#   meta:
#     ucd: stat.error;src.var.amplitude
solution_id,source_id,global_ranking,reference_time,frequency,frequency_error,geom_model_reference_level,geom_model_reference_level_error,geom_model_gaussian1_phase,geom_model_gaussian1_phase_error,geom_model_gaussian1_sigma,geom_model_gaussian1_sigma_error,geom_model_gaussian1_depth,geom_model_gaussian1_depth_error,geom_model_gaussian2_phase,geom_model_gaussian2_phase_error,geom_model_gaussian2_sigma,geom_model_gaussian2_sigma_error,geom_model_gaussian2_depth,geom_model_gaussian2_depth_error,geom_model_cosine_half_period_amplitude,geom_model_cosine_half_period_amplitude_error,geom_model_cosine_half_period_phase,geom_model_cosine_half_period_phase_error,model_type,num_model_parameters,reduced_chi2,derived_primary_ecl_phase,derived_primary_ecl_phase_error,derived_primary_ecl_duration,derived_primary_ecl_duration_error,derived_primary_ecl_depth,derived_primary_ecl_depth_error,derived_secondary_ecl_phase,derived_secondary_ecl_phase_error,derived_secondary_ecl_duration,derived_secondary_ecl_duration_error,derived_secondary_ecl_depth,derived_secondary_ecl_depth_error
[from data line 330]
375316653866487564,5976641782061875712,0.5291935,2290.093561364302,1.9785795317383712,1.3932983E-5,18.710743,0.014783271,0.2176277,0.0029027706,0.09890153,0.0066875527,0.27103707,0.014383093,0.7219282,0.003924867,0.09105358,0.008559426,0.2733914,0.0135095,null,null,null,null,"TWOGAUSSIANS",8,1.9948852,0.7219282,0.003924867,0.4,0.0,0.25736323,0.009116598,0.2176277,0.0029027706,0.4,0.0,0.25500748,0.009927636
375316653866487564,5976642224419384448,0.5644524,2281.7313777235836,2.070182313211282,3.6101123E-5,18.470123,0.010313112,0.24827307,0.002727237,0.06050721,0.003421999,0.5019626,0.018423358,0.75050133,0.0060655167,0.07074681,0.0057453774,0.6310534,0.017045343,null,null,null,null,"TWOGAUSSIANS",8,8.618014,0.75050133,0.0060655167,0.39618215,0.01631294,0.630304,0.016834175,0.24827307,0.002727237,0.3388404,0.019163195,0.5012132,0.01836874
375316653866487564,5976642361863209216,0.5660523,2304.2270137946202,2.1956958388514236,1.3554447E-5,18.129158,0.008256975,0.2424484,0.0053058434,0.09146061,0.0067416937,0.26930103,0.010559995,0.73859626,0.0029317576,0.0883036,0.0063807913,0.2762753,0.0137107745,null,null,null,null,"TWOGAUSSIANS",8,2.3763547,0.73859626,0.0029317576,0.4,0.0,0.26554218,0.015936218,0.2424484,0.0053058434,0.4,0.0,0.25856775,0.0104801515
375316653866487564,5976642396219232000,0.52865696,2285.8523401018656,1.1943689682556033,1.2493205E-4,18.911713,0.003619046,0.114932224,0.007160256,0.012787831,0.005640136,0.07733276,0.3974851,0.5967015,0.019727347,0.03128307,0.026325919,0.9075622,168.47226,null,null,null,null,"TWOGAUSSIANS",8,2.1761594,0.5967015,0.019727347,0.17518519,0.14742514,0.9075622,168.47226,0.114932224,0.007160256,0.07161185,0.031584762,0.07733276,0.3974851
375316653866487564,5976643358290775296,0.45382535,2251.7184133278774,1.944006128471922,3.4747798E-5,19.596363,0.0200341,0.2810072,0.008345823,0.07710885,0.014487716,0.23249833,0.022930043,0.78260124,0.016944095,0.08235595,0.013790526,0.20860091,0.031783577,null,null,null,null,"TWOGAUSSIANS",8,2.9002,0.2810072,0.008345823,0.4,0.0,0.22937727,0.023049984,0.78260124,0.016944095,0.4,0.0,0.20547985,0.028966926
375316653866487564,5976644286011241088,0.55729175,2225.145225543432,3.052489314906233,8.977496E-6,19.361828,0.011418901,0.2371052,0.0014305861,0.06640356,0.0021882886,0.5554737,0.012396151,0.7437249,0.00485851,0.07456861,0.0057956115,0.5683395,0.02280411,null,null,null,null,"TWOGAUSSIANS",8,2.7716568,0.7437249,0.00485851,0.4,0.0,0.56657857,0.023062866,0.2371052,0.0014305861,0.37185994,0.012254416,0.5537127,0.011996084
375316653866487564,5976646351911168256,0.45793146,2306.5012080124143,0.5853003770223721,7.056344E-5,18.765808,0.006815881,0.3828909,0.010062549,0.017734146,0.023087757,0.42851216,0.34449774,0.7388173,0.012763363,0.040316623,0.010808622,0.28802586,0.01800205,null,null,null,null,"TWOGAUSSIANS",8,8.022312,0.3828909,0.010062549,0.09931122,0.12929145,0.42851216,0.34449774,0.7388173,0.012763363,0.2257731,0.060528286,0.28802586,0.01800205
375316653866487564,5976646901682306176,0.48997688,2295.0425838175597,1.3016533261728402,1.7098293E-5,18.636002,0.42816556,0.30025637,0.012479289,0.13968757,0.0659202,0.30581003,0.38372028,0.8025988,0.006260402,0.15418576,0.09388708,0.2827894,0.4152225,null,null,null,null,"TWOGAUSSIANS",8,2.1516428,0.30006638,0.012427645,0.4,0.0,0.1730054,0.015136845,0.8027288,0.006152165,0.4,0.0,0.14804891,0.012222683
375316653866487564,5976647210905637760,0.5764864,2277.643599332629,3.495808921144826,2.015663E-5,19.341208,0.015391461,0.31228948,0.0036657676,0.039434392,0.004419093,0.522139,0.044821896,0.8114423,0.010005822,0.029766744,0.010394286,0.3736748,0.10227014,0.13347912,0.01933691,0.31228948,0.0036657676,"TWOGAUSSIANS_WITH_ELLIPSOIDAL_ON_ECLIPSE1",9,3.3989236,0.31228948,0.0036657676,0.2208326,0.02474692,0.7890967,0.021564478,0.81148237,0.00921993,0.16669376,0.058208004,0.6406253,0.1137151
375316653866487564,5976647348344227456,0.5643201,2288.734180514616,0.47661365543528433,2.5158124E-5,19.868164,0.0065354775,0.2025975,0.008120089,0.025739206,0.017347528,0.16588542,0.08158068,0.70884085,0.0059762956,0.024559405,0.0021830285,1.8219966,0.28450155,null,null,null,null,"TWOGAUSSIANS",8,1.8720083,0.70884085,0.0059762956,0.13753267,0.01222496,1.8219966,0.28450155,0.2025975,0.008120089,0.14413956,0.09714616,0.16588542,0.08158068
375316653866487564,5976647378378398848,0.46390903,2312.6586752174294,4.8644268794919086,3.8599977E-5,18.420914,0.0072052586,0.4286085,0.030406378,0.08603222,0.022955472,0.08742912,0.015170432,0.19993745,0.032112695,0.09904805,0.022555355,0.1050716,0.013054367,null,null,null,null,"TWOGAUSSIANS",8,3.9829478,0.20938745,0.026025917,0.4,0.0,0.10796385,0.012041389,0.4066885,0.03051901,0.4,0.0,0.09649861,0.009641481
375316653866487564,5976647417063823872,0.50095,2298.941907540397,0.8722551775636036,2.7487133E-5,19.442284,0.0072660046,0.18609059,0.0060859662,0.027376154,0.0028736938,0.6824364,0.10387413,0.69422436,0.018821113,0.030952463,0.0158981,0.2445905,0.07177508,null,null,null,null,"TWOGAUSSIANS",8,3.4981353,0.18609059,0.0060859662,0.15330647,0.016092686,0.6824364,0.10387413,0.69422436,0.018821113,0.1733338,0.08902935,0.2445905,0.07177508
375316653866487564,5976648207338348672,0.5901867,2291.347797400988,2.399085094507146,5.699047E-6,18.738934,0.0070454828,0.2017225,0.0023386953,0.08042696,0.003009809,0.38516048,0.01210857,0.6964918,0.0014657312,0.08093364,0.0019523059,0.39640835,0.009476879,null,null,null,null,"TWOGAUSSIANS",8,1.5777222,0.6964918,0.0014657312,0.4,0.0,0.39059883,0.00880105,0.2017225,0.0023386953,0.4,0.0,0.37935096,0.011853542
375316653866487564,5976648585290534528,0.5214436,2271.539484997541,0.3593251572925412,4.54791E-5,18.83777,0.024045557,0.3281978,0.002661129,0.044983614,0.0025635632,0.77289855,0.09471844,0.7309343,0.035941336,0.17083837,0.10833267,0.034298502,0.023837527,null,null,null,null,"TWOGAUSSIANS",8,2.7049932,0.3282678,0.002597164,0.25190824,0.014355954,0.7730091,0.09505613,0.7309343,0.035941336,0.4,0.0,0.03220141,0.01568686
375316653866487564,5976648619654653696,0.56644547,2292.188801815408,2.590518667698211,1.3864335E-5,19.255884,0.0065945294,0.260021,0.0031136232,0.067187645,0.0042966083,0.4750882,0.041311797,0.7665968,0.0021827093,0.07226103,0.0033084801,0.6368635,0.021725535,null,null,null,null,"TWOGAUSSIANS",8,2.063703,0.7665968,0.0021827093,0.4,0.0,0.6353579,0.021998383,0.260021,0.0031136232,0.3762508,0.024061006,0.4735826,0.041770756
375316653866487564,5976649650483580416,0.55768055,2277.8171476524262,2.9952208337952215,1.5617572E-5,14.461107,0.0048708157,0.25657654,0.021296455,0.035486113,0.042438664,0.06688053,1.7011656,0.72526866,0.0021678875,0.02944713,0.003752131,0.12739673,0.028882064,0.10477329,0.00629923,0.72526866,0.0021678875,"TWOGAUSSIANS_WITH_ELLIPSOIDAL_ON_ECLIPSE2",9,170.9249,0.72526866,0.0021678875,0.16490394,0.021011934,0.33694294,0.029789696,0.24909654,0.020036943,0.19872224,0.23765652,0.27029544,1.7028351
375316653866487564,5976649886639463552,0.5565956,2275.703306286157,2.4535624864936705,1.22476E-5,17.624376,0.0040156785,0.27512476,0.0028622532,0.031985752,0.009315507,0.04451998,0.014943311,0.78141737,0.008170063,0.031951956,0.0064630127,0.07836154,0.011751711,0.101572245,0.0058146636,0.27512476,0.0028622532,"TWOGAUSSIANS_WITH_ELLIPSOIDAL_ON_ECLIPSE1",9,6.9239693,0.78141737,0.008170063,0.17893097,0.03619287,0.28118855,0.008794148,0.27512476,0.0028622532,0.1791202,0.05216684,0.24766439,0.011300791
375316653866487564,5976650779994925696,0.5639315,2305.9513494479033,0.8860842423915298,2.234372E-5,18.763008,0.0050454503,0.2729229,0.00620918,0.054793924,0.010837143,0.11771295,0.017148262,0.76664644,0.0030489005,0.048865892,0.0029959541,0.5045942,0.027688097,null,null,null,null,"TWOGAUSSIANS",8,2.8539472,0.76664644,0.0030489005,0.273649,0.016777342,0.50459117,0.02768896,0.2729229,0.00620918,0.30684596,0.060688,0.11770991,0.017153373
375316653866487564,5976651398467910784,0.5486617,2311.9842572059365,1.7726197328522597,1.6905138E-5,18.005203,0.00855875,0.26758277,0.0014160995,0.06197155,0.0035317198,0.59459955,0.034472823,0.7802638,0.010488984,0.06494378,0.014374422,0.29062048,0.02131359,null,null,null,null,"TWOGAUSSIANS",8,17.100027,0.26758277,0.0014160995,0.34704068,0.019777631,0.59436476,0.03455696,0.7802638,0.010488984,0.3636852,0.05256712,0.29038572,0.02175744
375316653866487564,5976652188744219008,0.44561088,2293.376581364626,2.811567167430868,4.060115E-5,18.94982,0.007975659,0.16200328,0.004684372,0.021135448,0.0050791735,0.27446434,0.251691,0.60625094,0.043005165,0.14098175,0.06700395,0.034647424,0.01036051,null,null,null,null,"TWOGAUSSIANS",8,2.6871805,0.16201328,0.0046822377,0.11835851,0.02844337,0.274521,0.2517554,0.60625094,0.043005165,0.4,0.0,0.034447566,0.010002233
375316653866487564,5976652257461414272,0.54857767,2318.536006482161,0.12791337963019056,1.1249077E-6,17.955645,0.0019246032,0.1788153,1.874693E-5,0.021647658,4.8151985E-4,0.29424167,9.4866054E-4,0.85532826,0.0203275,0.014712099,0.008650074,0.25020123,0.055952452,null,null,null,null,"TWOGAUSSIANS",8,2.1379232,0.1788153,1.874693E-5,0.121226884,0.002696511,0.29424167,9.4866054E-4,0.85532826,0.0203275,0.08238775,0.048440415,0.25020123,0.055952452
375316653866487564,5976654735684477696,0.42145854,2293.6220259326824,0.9672228566963607,1.06075386E-4,18.611141,0.06022704,0.46366736,0.040410347,0.15970525,0.14422545,0.14036758,0.04023729,0.8506226,0.007935067,0.022528073,0.013797323,0.06861462,0.035064414,null,null,null,null,"TWOGAUSSIANS",8,10.017136,0.46366736,0.040410347,0.4,0.087097004,0.13827859,0.033741422,0.8506226,0.007935067,0.12615721,0.07726501,0.074069835,0.044142146
375316653866487564,5976655422885437952,0.5073959,2271.822095267938,1.0874563476608878,3.361095E-5,19.851948,0.03219756,0.24474303,0.006278707,0.0817585,0.014772507,0.23600608,0.030802472,0.7422765,0.0183826,0.095556244,0.031434722,0.20886609,0.037265804,null,null,null,null,"TWOGAUSSIANS",8,1.3643532,0.24474303,0.00627876,0.4,0.0,0.22806825,0.016429806,0.7422765,0.0183826,0.4,0.0,0.2009278,0.02921303
375316653866487564,5976655865248920832,0.52567774,2284.5376006573224,2.296001288359955,1.2077623E-5,18.510916,0.019887295,0.2631032,0.00230772,0.10414904,0.008938692,0.23556219,0.017781317,0.75235635,0.0067387065,0.107945375,0.016054196,0.20611106,0.016423928,null,null,null,null,"TWOGAUSSIANS",8,2.161407,0.26311317,0.002308504,0.4,0.0,0.21136251,0.009525304,0.75235635,0.0067387065,0.4,0.0,0.18190661,0.017402947
375316653866487564,5976656281872347264,0.5250736,2258.3888717464065,2.5624674664314626,1.8795487E-5,19.604063,0.023036754,0.2838879,0.0058763255,0.074530214,0.009956093,0.56346107,0.0291064,0.78698885,0.006163864,0.08536,0.009747592,0.41873547,0.04450563,null,null,null,null,"TWOGAUSSIANS",8,2.5095248,0.2838879,0.0058763255,0.4,0.0063453075,0.55668426,0.02682594,0.78698885,0.006163864,0.4,0.0,0.41195866,0.044808216
375316653866487564,5976658373496541184,0.50818896,2248.3906003253624,2.3169663344041287,2.1806036E-5,18.433117,0.039804753,0.306918,0.0031989822,0.09685581,0.014473895,0.22769335,0.034722272,0.7888414,0.007439188,0.110962324,0.02417903,0.20531452,0.03769667,null,null,null,null,"TWOGAUSSIANS",8,2.8533862,0.306938,0.0031595358,0.4,0.0,0.20851298,0.0108622685,0.7888414,0.007439188,0.4,0.0,0.18611498,0.009913401
375316653866487564,5976658407856289920,0.47832453,2258.1696205858916,2.737902487827951,2.3342178E-5,18.437943,0.014112223,0.22339644,0.0053959726,0.09759781,0.012237521,0.17306311,0.012180016,0.73813814,0.007971831,0.09519937,0.013970294,0.17502406,0.013887557,null,null,null,null,"TWOGAUSSIANS",8,5.019987,0.73813814,0.007971831,0.4,0.0,0.1651677,0.011348251,0.22339644,0.0053959726,0.4,0.0,0.16320632,0.011215793
375316653866487564,5976660027101566208,0.44669932,2262.2143324368367,1.5830394958127163,4.6285473E-5,19.008698,0.01247383,0.3362095,0.007264069,0.036172885,0.042686164,0.516137,0.4154982,0.82524395,0.02749487,0.03526887,0.028260058,0.1245776,0.10363786,null,null,null,null,"TWOGAUSSIANS",8,7.6478305,0.3362095,0.007264069,0.20256816,0.19600235,0.516137,0.41552484,0.82524395,0.02749487,0.19750565,0.15825632,0.1245776,0.10363657
375316653866487564,5976665279805010432,0.4544946,2267.6953778159514,1.9701711167410105,6.0305545E-5,19.659945,0.027904442,0.25023386,0.014272834,0.11653548,0.026053399,0.20548749,0.027980609,0.7464282,0.010721948,0.06764483,0.014577142,0.22995612,0.027220361,null,null,null,null,"TWOGAUSSIANS",8,2.6118317,0.7464282,0.010721948,0.37881103,0.06506974,0.22026493,0.020056382,0.25023386,0.014272834,0.4,0.0,0.19575457,0.019080503
375316653866487564,5976665868247278208,0.43822125,2245.4545618027746,2.7518378457314467,6.492115E-5,19.381617,0.029698558,0.23845121,0.020866122,0.01318062,0.032883313,0.19042394,0.06364246,0.70202786,0.028566808,0.06098059,0.025031831,0.114838205,0.07801272,0.09604142,0.038686585,0.23845121,0.020866122,"TWOGAUSSIANS_WITH_ELLIPSOIDAL_ON_ECLIPSE1",9,15.666548,0.23845121,0.020866122,0.07381147,0.18414655,0.3825032,0.05399977,0.71405786,0.020930568,0.34149128,0.09127868,0.30022743,0.036722332
375316653866487564,5976666241875082624,0.56170195,2282.218712411004,0.32740355770663104,1.9774782E-6,17.038218,0.0072771157,0.26103762,0.028171342,0.01047952,0.0150070675,0.27889392,1.0375988,0.781723,0.0041361973,0.027511735,0.0025890016,0.67028356,0.046813842,0.027162766,0.011974919,0.26103762,0.028171342,"TWOGAUSSIANS_WITH_ELLIPSOIDAL_ON_ECLIPSE1",9,24.652927,0.781723,0.004134511,0.15406571,0.014498408,0.7236966,0.045281466,0.26103762,0.028171342,0.05868531,0.08403958,0.33321944,1.0466521
375316653866487564,5976666280563466496,0.5573506,2255.1149200937207,3.7057584225743287,2.7096337E-5,19.757359,0.010358215,0.2412071,0.005544599,0.06392848,0.0053097536,0.6507537,0.0517532,0.73450893,0.004775213,0.064225115,0.005234525,0.5538355,0.044693705,null,null,null,null,"TWOGAUSSIANS",8,1.9759915,0.2412071,0.005544599,0.35799947,0.029734619,0.6502699,0.05179886,0.73450893,0.004775213,0.35966066,0.02931334,0.55335176,0.044884562
375316653866487564,5976667311359061248,0.50736153,2274.553728128888,2.532816176031765,1.7497983E-5,19.762,0.02252158,0.22997838,0.0124426475,0.08464507,0.015306995,0.35842893,0.04454694,0.715217,0.003020923,0.07329927,0.0097042695,0.4283754,0.03807747,null,null,null,null,"TWOGAUSSIANS",8,1.9384146,0.715217,0.003020923,0.4,5.7989015E-4,0.4245454,0.040081114,0.22997838,0.0124426475,0.4,0.0,0.35459894,0.04534244
375316653866487564,5976668440898347136,0.56221557,2266.7419309968277,1.6218777413706988,1.14255145E-5,18.049463,0.0042749476,0.2818645,0.0034452677,0.026703281,0.007087725,0.086164415,0.12837498,0.78215665,0.0017413257,0.05439709,0.0024467618,0.32707655,0.016065508,0.081262775,0.0068335203,0.2818645,0.0034452677,"TWOGAUSSIANS_WITH_ELLIPSOIDAL_ON_ECLIPSE1",9,4.330235,0.78215665,0.0016787676,0.3046237,0.013701866,0.48959282,0.013373247,0.2818645,0.0034452677,0.14953838,0.039691262,0.24868123,0.12825817
375316653866487564,5976670609891560320,0.44156155,2241.8148327731437,2.676031896562908,3.3289183E-5,19.484064,0.028383048,0.546027,0.010024499,0.16982889,0.021597499,0.2630422,0.028347688,0.8942142,0.023322849,0.02383453,0.013480117,0.10268583,0.20393607,null,null,null,null,"TWOGAUSSIANS",8,5.2350616,0.546027,0.010024499,0.4,0.0,0.2561425,0.02316659,0.8942142,0.023322849,0.13347337,0.07548866,0.12810875,0.20231138
375316653866487564,5976671159647531392,0.5626299,2269.0898337040153,1.1854586334342805,1.3771967E-5,19.592043,0.012249857,0.33183417,0.0034153096,0.059375208,0.009012799,0.6471165,0.061603453,0.8406813,0.0028820748,0.07383173,0.0050452673,0.31949478,0.01517017,null,null,null,null,"TWOGAUSSIANS",8,1.7811431,0.33183417,0.0034153096,0.33250117,0.050471675,0.6465308,0.062368147,0.8406813,0.0028820748,0.4,0.0,0.31890908,0.014927062
