Gaia/vari_eclipsing_binary/VariEclipsingBinary_460698-460708.csv
# %ECSV 1.0
# ---
# delimiter: ','
# meta: !!omap
# - RELEASE: Gaia DR3
# - TABLE: vari_eclipsing_binary
# - DESCRIPTION: >
#     This table describes the properties of the eclipsing binaries resulting from the variability analysis. 
# - CITATION: >
#     How to cite and acknowledge Gaia: 
#     https://gea.esac.esa.int/archive/documentation/credits.html 
# - KNOWN_ISSUES: >
#     Known issues: 
#     https://www.cosmos.esa.int/web/gaia-users/known-issues 
# - DOCUMENTATION: >
#     Tutorials and documentation: 
#     https://www.cosmos.esa.int/web/gaia-users/archive 
# datatype:
# - 
#   name: solution_id
#   datatype: int64
#   description: Solution Identifier
#   meta:
#     ucd: meta.version
# - 
#   name: source_id
#   datatype: int64
#   description: Unique source identifier
#   meta:
#     ucd: meta.id;meta.main
# - 
#   name: global_ranking
#   datatype: float32
#   description: Number between 0 (worst) and 1 (best)
#   meta:
#     ucd: stat.param
# - 
#   name: reference_time
#   datatype: float64
#   unit: d
#   description: Reference time used for the geometric model fit
#   meta:
#     ucd: time.epoch
# - 
#   name: frequency
#   datatype: float64
#   unit: d**-1
#   description: Frequency of geometric model of the eclipsing binary light curve
#   meta:
#     ucd: src.orbital
# - 
#   name: frequency_error
#   datatype: float32
#   unit: d**-1
#   description: "Uncertainty of \\texttt{frequency}"
#   meta:
#     ucd: stat.error
# - 
#   name: geom_model_reference_level
#   datatype: float32
#   unit: mag
#   description: Magnitude reference level of geometric model
#   meta:
#     ucd: phot.mag;em.opt
# - 
#   name: geom_model_reference_level_error
#   datatype: float32
#   unit: mag
#   description: "Uncertainty of \\texttt{geomModelReferenceLevel}"
#   meta:
#     ucd: stat.error;phot.mag;em.opt
# - 
#   name: geom_model_gaussian1_phase
#   datatype: float32
#   description: Phase of the Gaussian 1 component
#   meta:
#     ucd: time.phase
# - 
#   name: geom_model_gaussian1_phase_error
#   datatype: float32
#   description: "Uncertainty of \\texttt{geomModelGaussian1Phase}"
#   meta:
#     ucd: stat.error;time.phase
# - 
#   name: geom_model_gaussian1_sigma
#   datatype: float32
#   description: "Standard deviation [phase] of Gaussian 1 component"
#   meta:
#     ucd: stat.stdev
# - 
#   name: geom_model_gaussian1_sigma_error
#   datatype: float32
#   description: "Uncertainty of \\texttt{geomModelGaussian1Sigma}"
#   meta:
#     ucd: stat.error
# - 
#   name: geom_model_gaussian1_depth
#   datatype: float32
#   unit: mag
#   description: Magnitude depth of Gaussian 1 component
#   meta:
#     ucd: src.var.amplitude
# - 
#   name: geom_model_gaussian1_depth_error
#   datatype: float32
#   unit: mag
#   description: "Uncertainty of \\texttt{geomModelGaussian1Depth}"
#   meta:
#     ucd: stat.error;src.var.amplitude
# - 
#   name: geom_model_gaussian2_phase
#   datatype: float32
#   description: Phase of Gaussian 2 component
#   meta:
#     ucd: time.phase
# - 
#   name: geom_model_gaussian2_phase_error
#   datatype: float32
#   description: "Uncertainty of \\texttt{geomModelGaussian2Phase}"
#   meta:
#     ucd: stat.error;time.phase
# - 
#   name: geom_model_gaussian2_sigma
#   datatype: float32
[...]
#   datatype: float32
#   description: "Secondary eclipse: uncertainty of \\texttt{derivedSecondaryEclDuration}"
#   meta:
#     ucd: stat.error;time.duration
# - 
#   name: derived_secondary_ecl_depth
#   datatype: float32
#   unit: mag
#   description: "Secondary eclipse: depth"
#   meta:
#     ucd: src.var.amplitude
# - 
#   name: derived_secondary_ecl_depth_error
#   datatype: float32
#   unit: mag
#   description: "Secondary eclipse: uncertainty of \\texttt{derivedSecondaryEclDepth}"
#   meta:
#     ucd: stat.error;src.var.amplitude
solution_id,source_id,global_ranking,reference_time,frequency,frequency_error,geom_model_reference_level,geom_model_reference_level_error,geom_model_gaussian1_phase,geom_model_gaussian1_phase_error,geom_model_gaussian1_sigma,geom_model_gaussian1_sigma_error,geom_model_gaussian1_depth,geom_model_gaussian1_depth_error,geom_model_gaussian2_phase,geom_model_gaussian2_phase_error,geom_model_gaussian2_sigma,geom_model_gaussian2_sigma_error,geom_model_gaussian2_depth,geom_model_gaussian2_depth_error,geom_model_cosine_half_period_amplitude,geom_model_cosine_half_period_amplitude_error,geom_model_cosine_half_period_phase,geom_model_cosine_half_period_phase_error,model_type,num_model_parameters,reduced_chi2,derived_primary_ecl_phase,derived_primary_ecl_phase_error,derived_primary_ecl_duration,derived_primary_ecl_duration_error,derived_primary_ecl_depth,derived_primary_ecl_depth_error,derived_secondary_ecl_phase,derived_secondary_ecl_phase_error,derived_secondary_ecl_duration,derived_secondary_ecl_duration_error,derived_secondary_ecl_depth,derived_secondary_ecl_depth_error
[from data line 568]
375316653866487564,4052389849616157312,0.5617424,2341.7719507308097,0.050662439770693846,1.5479E-5,18.925999,0.00481622,0.32896593,0.0014599594,0.021354774,0.0039568096,0.42269132,0.2901358,0.79513294,0.00895571,0.023973247,0.007526484,0.17486437,0.018564885,null,null,null,null,"TWOGAUSSIANS",8,2.3710232,0.32896593,0.0014599594,0.119586736,0.022158135,0.42269132,0.2901358,0.79513294,0.00895571,0.13425018,0.04214831,0.17486437,0.018564885
375316653866487564,4052389952695288448,0.58730763,2261.001447644999,2.2116495590698806,1.0763728E-5,14.248193,0.013303321,0.18282525,0.0039604497,0.09524153,0.0059827743,0.27686086,0.013416093,0.6868442,0.002958588,0.09589493,0.006204714,0.2667315,0.014122688,null,null,null,null,"TWOGAUSSIANS",8,94.25568,0.18282525,0.0039604497,0.4,0.0,0.26006436,0.008287997,0.6868442,0.002958588,0.4,0.0,0.24993488,0.010172786
375316653866487564,4052390021414936320,0.49817055,2268.5560359704864,1.7869277181354088,5.8276488E-5,19.008307,0.11199546,0.4276279,0.032977004,0.17373215,0.07228092,0.22168018,0.10742053,0.8472548,0.073192954,0.13611351,0.06850994,0.10282228,0.077698804,null,null,null,null,"TWOGAUSSIANS",8,1.5829588,0.4304779,0.028539406,0.4,0.0,0.16879243,0.01139215,0.8472548,0.073192954,0.4,0.0,0.061835475,0.019744547
375316653866487564,4052390021414949120,0.62412125,2271.258817329457,3.295049925479834,7.7887835E-6,16.845987,0.018518567,0.23362091,0.01254285,0.053202707,0.017689506,0.32731363,0.04879823,0.7208276,0.002535347,0.05166033,0.0033259592,0.41131794,0.036074914,0.094820604,0.020324022,0.23362091,0.01254285,"TWOGAUSSIANS_WITH_ELLIPSOIDAL_ON_ECLIPSE1",9,22.92446,0.72195756,0.0013331755,0.28929785,0.018625371,0.59983677,0.011078166,0.23362091,0.01254285,0.29793516,0.09906123,0.5169475,0.034390204
375316653866487564,4052390124494303872,0.6000758,2261.2316395388566,1.467741749873533,1.8443498E-5,16.745775,0.008043218,0.31091222,0.0022402185,0.07931056,0.002872229,0.44542265,0.017208997,0.81053275,0.008497147,0.0721952,0.010227148,0.32577798,0.026367038,null,null,null,null,"TWOGAUSSIANS",8,10.208016,0.31091222,0.0022402185,0.4,0.0,0.44214383,0.01693557,0.81053275,0.008497147,0.4,0.045813523,0.32249916,0.027286945
375316653866487564,4052390223233128576,0.5137217,2243.3317717949876,2.385868715329838,2.1502501E-5,18.209398,0.0038758204,0.27349713,0.004909507,0.06661692,0.012067364,0.10074291,0.031239415,null,null,null,null,null,null,0.061721116,0.0050329748,0.27349713,0.004909507,"ONEGAUSSIAN_WITH_ELLIPSOIDAL",6,3.3626254,0.27349713,0.004909507,0.37305474,0.06718369,0.22409827,0.03348008,null,null,null,null,null,null
375316653866487564,4052390364963111680,0.47890246,2241.597934176401,2.974233219334808,3.5345856E-5,18.316114,0.060114987,0.33503655,0.010261277,0.07105313,0.030214071,0.4744392,0.08511898,0.831027,0.010888125,0.08340581,0.01783031,0.50270814,0.1421531,null,null,null,null,"TWOGAUSSIANS",8,32.77429,0.831027,0.010888125,0.4,0.0,0.49795192,0.14194506,0.33503655,0.010261277,0.3978975,0.07555166,0.46968302,0.09796106
375316653866487564,4052390365037447424,0.43876785,2264.8558444287655,0.4481216564748092,6.377671E-5,17.992819,0.047614627,0.06383703,0.019456172,0.06791668,0.02576072,0.15340866,0.04863152,0.4514319,0.026132807,0.058935963,0.02126801,0.38508993,0.108705625,null,null,null,null,"TWOGAUSSIANS",8,15.808938,0.4514319,0.026132807,0.3300414,0.108414814,0.38508588,0.10864088,0.06383703,0.019456172,0.38033336,0.073722064,0.15340461,0.04856519
375316653866487564,4052390463751558784,0.5648395,2238.823815363081,0.34573036620983916,2.7109054E-5,18.210032,0.00655584,0.5901145,0.012252399,0.015796486,0.011986771,0.093826674,0.18300697,0.8832449,0.011822676,0.03169517,0.012724135,1.6909586,63.31073,null,null,null,null,"TWOGAUSSIANS",8,5.437463,0.8832449,0.011822676,0.17749295,0.07125516,1.6909586,63.31073,0.5901145,0.012252399,0.088460326,0.06712592,0.093826674,0.18300697
375316653866487564,4052390498308458880,0.48350212,2271.3549250348283,0.06010872975219201,2.3980107E-5,18.345268,0.034461584,0.2745754,0.06389234,0.06519373,0.08585444,0.121337384,0.03432299,0.796817,0.02007702,0.077741966,0.018647887,0.11399501,0.03611155,null,null,null,null,"TWOGAUSSIANS",8,1.9189233,0.2745754,0.06389234,0.3650849,0.080327325,0.121042535,0.015886914,0.796817,0.02007702,0.4,0.037393365,0.11370016,0.01963269
375316653866487564,4052390601387393152,0.5365851,2245.1353586554665,0.16154877786612293,2.3213926E-5,19.316252,0.010452309,0.90980935,0.009449188,0.015226066,0.009356626,0.053003337,0.019787725,0.74800706,0.009798712,0.08238091,0.012949502,0.22162865,0.032223467,null,null,null,null,"TWOGAUSSIANS",8,0.754703,0.74800706,0.009798712,0.4,0.0,0.22162865,0.032223474,0.90611935,0.009144741,0.085265964,0.052397106,0.086603835,0.018143548
375316653866487564,4052390635746993920,0.49956024,2176.9336091021582,0.565394957210392,7.037037E-5,18.658644,0.0745727,0.23345916,0.0061955713,0.098739535,0.022994734,0.19342813,0.06520831,0.7440418,0.0075162854,0.16195488,0.071579486,0.16086663,0.06442474,null,null,null,null,"TWOGAUSSIANS",8,1.5368508,0.23295915,0.006303517,0.4,0.0,0.1478831,0.017165652,0.7440418,0.007522329,0.4,0.0,0.112530135,0.030220995
375316653866487564,4052390738826599168,0.6182499,2248.066622050385,1.5952318675704151,6.1845135E-6,17.810072,0.013903317,0.28542364,0.011867616,0.042529,0.00924697,0.33454728,0.05693591,0.7905201,0.004883719,0.04529121,0.017868992,0.21157897,1.988203,0.10846246,0.02080753,0.7905201,0.004883719,"TWOGAUSSIANS_WITH_ELLIPSOIDAL_ON_ECLIPSE2",9,3.3302412,0.28585362,0.010888498,0.23816241,0.051783033,0.55126864,0.029273057,0.7905201,0.004883719,0.2536308,0.10006636,0.4285038,1.9887075
375316653866487564,4052390876179424128,0.51710445,2327.0638125260193,0.5468041166560351,1.7705168E-4,19.1408,0.03853942,0.25592485,0.021104412,0.09439898,0.03195373,0.2726967,0.04555554,0.7406305,0.021778202,0.07176634,0.034983028,0.32145134,0.09298298,null,null,null,null,"TWOGAUSSIANS",8,2.7675087,0.7406305,0.021778202,0.4,0.13644789,0.31673,0.09943842,0.25592485,0.021104412,0.4,0.0,0.26797473,0.04175153
375316653866487564,4052390910537778304,0.59997815,2284.3894642505124,1.5372352260308957,1.035119E-5,16.912895,0.019046564,0.22913502,0.0028099408,0.10503411,0.00750845,0.26916844,0.018394217,0.71855867,0.0027947586,0.093466744,0.008350193,0.30573228,0.018639963,null,null,null,null,"TWOGAUSSIANS",8,5.2099476,0.71855867,0.0027947586,0.4,0.0,0.28488642,0.019384412,0.22913502,0.0028099408,0.4,0.0,0.24831583,0.008846626
375316653866487564,4052390910539053440,0.5440698,2264.7494510143233,0.969555977490913,1.6859295E-4,17.967417,0.0051294714,0.3428374,0.13527049,0.035410944,0.041177727,0.04622116,0.022937028,0.6200641,0.01683194,0.07894194,0.022173462,0.4294712,0.24538505,null,null,null,null,"TWOGAUSSIANS",8,4.329331,0.6200641,0.01683194,0.4,0.0,0.4294712,0.24538706,0.3439774,0.13663611,0.19830129,0.20058271,0.047145464,0.024276033
375316653866487564,4052390983438897024,0.5024271,2217.7904168796736,0.13300494232624246,5.8785325E-5,19.063593,0.005818666,0.2659519,0.009577758,0.07472258,0.01410029,0.2577706,0.062734805,0.7914469,0.01165156,0.081542954,0.011308876,0.22942592,0.0485302,null,null,null,null,"TWOGAUSSIANS",8,2.2623959,0.2659519,0.009577758,0.4,0.044944923,0.25607383,0.06404071,0.7914469,0.01165156,0.4,0.0,0.22772916,0.049447335
375316653866487564,4052391189597711872,0.5178768,2207.0467519724084,0.33043969798232475,3.900322E-5,18.873026,0.0075112786,0.733093,0.02994327,0.043673,0.014807261,0.112510554,0.027602458,0.52419764,0.011213412,0.11998354,0.0159914,0.17298442,0.017902758,null,null,null,null,"TWOGAUSSIANS",8,2.2262332,0.52420765,0.011206041,0.4,0.0,0.172927,0.018021736,0.722473,0.026477925,0.2445688,0.08292066,0.15333275,0.01447515
375316653866487564,4052391254136518016,0.48218715,2194.2472204453607,0.030723452119637763,9.629169E-5,18.769533,0.049429577,0.2717388,0.029817691,0.09309528,0.039315432,0.1355786,0.051257703,0.7327069,0.030839225,0.055419557,0.068295434,3.4703276,12.972663,null,null,null,null,"TWOGAUSSIANS",8,2.7246811,0.7327069,0.030839225,0.31034952,0.14373851,3.4692583,12.987581,0.2717388,0.029792558,0.4,0.04481846,0.1345084,0.016375452
375316653866487564,4052391292676804352,0.49668148,2178.0284355592285,2.5087519555922944,1.7185224E-5,18.454498,0.03852533,0.23734888,0.007360988,0.06763424,0.01141976,0.43507272,0.16894294,0.73916095,0.020727886,0.077714674,0.021011747,0.37651083,0.05008776,null,null,null,null,"TWOGAUSSIANS",8,11.072939,0.23734888,0.007360988,0.37875172,0.05375045,0.4330009,0.16890472,0.73916095,0.020727886,0.4,0.021135408,0.37443897,0.0475971
375316653866487564,4052391357295800832,0.5699071,2319.2599217091274,2.1865479887188846,2.6489872E-5,17.229485,0.0070696953,0.31649947,1.8660226E-4,0.043638945,0.0028697893,0.120110326,0.005221593,0.69289047,0.010882738,0.06879934,0.0076640374,0.5205777,0.16751827,null,null,null,null,"TWOGAUSSIANS",8,7.640646,0.69289047,0.010882738,0.38527632,0.02974599,0.5205776,0.16751851,0.31649947,1.8660226E-4,0.24437809,0.01607082,0.12011037,0.0052218833
375316653866487564,4052391430164495488,0.4583184,2268.3846396559807,0.3014790753109422,1.5862484E-5,18.34139,0.007044744,0.31485903,0.0033175426,0.052891523,0.026748123,0.13058883,0.047945634,0.78556526,0.04896236,0.10564622,0.03393612,0.051966842,0.01492966,null,null,null,null,"TWOGAUSSIANS",8,2.2784743,0.31485903,0.0033273348,0.29619253,0.102561414,0.13009766,0.050324667,0.78556526,0.04896236,0.4,0.0,0.051472932,0.013974293
375316653866487564,4052391460375300352,0.45216843,2296.2702361957427,2.038946055307281,1.616704E-5,17.456667,0.046364475,0.24941012,0.0035952213,0.15949129,0.02312092,0.62414044,0.14279164,0.7551362,0.004188332,0.24106206,0.036593232,0.8015011,0.038662765,null,null,null,null,"TWOGAUSSIANS",8,12.367479,0.7568662,0.004017791,0.4,0.0,0.16552989,0.0055920207,0.24506012,0.0035302385,0.4,0.0,0.1654739,0.016389878
375316653866487564,4052391498909185408,0.46211618,2270.116341252765,0.9300208025863457,2.9344872E-5,19.104282,0.038974565,0.4237652,0.03250561,0.05614359,0.03491828,0.27862793,0.841821,0.81291443,0.013480806,0.05956431,0.022072302,0.20759732,0.03588741,null,null,null,null,"TWOGAUSSIANS",8,1.9831058,0.4237652,0.03250561,0.3144041,0.16054323,0.2786275,0.841847,0.81291443,0.013480806,0.33356014,0.07596705,0.2075969,0.035280436
375316653866487564,4052391769421048832,0.5620874,2296.373059942798,1.344217705024639,1.1759275E-5,17.543186,0.040151123,0.25305146,0.01035151,0.05712062,0.03319575,0.046361353,0.09125392,0.7557077,0.014553206,0.008788448,0.07047128,0.309035,0.69483685,0.094955154,0.044168957,0.25305146,0.01035151,"TWOGAUSSIANS_WITH_ELLIPSOIDAL_ON_ECLIPSE1",9,6.7828946,0.7557077,0.010022103,0.049215306,0.34368467,0.4988892,0.7441217,0.25305146,0.01035151,0.31987548,0.11723232,0.23626845,0.054768797
375316653866487564,4052391773713376384,0.56237733,2287.3237148056533,2.9774283396635157,1.043929E-5,13.654737,0.08821009,0.30574214,0.004184049,0.12428159,0.024892043,0.23601082,0.08526372,0.80418223,0.0044976454,0.13170566,0.029831486,0.2584891,0.083698,null,null,null,null,"TWOGAUSSIANS",8,49.74994,0.80418223,0.004505325,0.4,0.0,0.18610966,0.009413515,0.30577213,0.004188374,0.4,0.0,0.16387086,0.007746931
375316653866487564,4052392044490669056,0.55269647,2298.2558953969938,1.3914525851193476,1.7619961E-5,17.298418,0.027963212,0.27931288,0.0112880515,0.116838895,0.022389537,0.17676093,0.027576182,0.77046686,0.0056884754,0.10563779,0.013429408,0.20217942,0.027849097,null,null,null,null,"TWOGAUSSIANS",8,4.7281766,0.77046686,0.0056884754,0.4,0.0,0.17474468,0.0084069865,0.2793229,0.011294428,0.4,0.0,0.14929296,0.022040159
375316653866487564,4052392250650520960,0.58769757,2275.611714099086,1.3401352323617066,8.095696E-6,17.343283,0.009401432,0.24905156,0.0035240084,0.07619222,0.0050411075,0.6478455,0.040765498,0.7661233,0.007867764,0.06647642,0.007635583,0.31139544,0.033584993,null,null,null,null,"TWOGAUSSIANS",8,13.078479,0.24905156,0.0035240084,0.4,0.0,0.64655924,0.041397527,0.7661233,0.007867764,0.37226796,0.042759266,0.31010917,0.03358713
375316653866487564,4052392319370016256,0.5053271,2230.9746770076467,2.513026058567998,1.2558023E-4,18.652838,0.013196659,0.30866668,0.016950978,0.060952682,0.019280324,0.40704224,0.27406707,0.83884156,0.0021673723,0.038915686,0.0021621918,0.3543547,0.021889875,null,null,null,null,"TWOGAUSSIANS",8,13.654226,0.30866668,0.016950978,0.341335,0.10337829,0.40704167,0.27407157,0.83884156,0.0021673723,0.21792784,0.012108274,0.35435414,0.021889303
375316653866487564,4052392357903033728,0.45654517,2222.7144874208147,1.2224727480806608,3.208543E-5,18.654228,0.08765565,0.44039387,0.022003552,0.09667959,0.023966774,0.34660292,0.0596055,0.7989014,0.025331682,0.13224475,0.051681075,0.1738698,0.08455307,null,null,null,null,"TWOGAUSSIANS",8,3.502647,0.44294387,0.016718844,0.4,0.0,0.34221882,0.059563152,0.7989014,0.025331682,0.4,0.0,0.165318,0.059535306
375316653866487564,4052392357903236096,0.42913753,2224.0727309621393,0.31291747388020136,7.0109265E-5,18.841345,0.027237326,0.34391272,0.033886246,0.06964872,0.069764964,0.10912597,0.09255668,0.76930755,0.010825598,0.025515795,0.011746592,0.070346944,0.03298985,null,null,null,null,"TWOGAUSSIANS",8,6.303943,0.34391272,0.033886246,0.39003283,0.366128,0.109125964,0.09255671,0.76930755,0.010825598,0.14288846,0.065780915,0.070346944,0.03298978
375316653866487564,4052392422213416832,0.4967965,2356.473440279645,4.840438254838653,3.3460492E-5,17.806925,0.008390882,0.08718423,0.8284028,0.04700452,0.03118372,0.15488833,0.2802604,0.666023,0.0046902993,0.06244693,0.007947394,0.13883458,0.02524796,null,null,null,null,"TWOGAUSSIANS",8,1.8250848,0.08718423,0.8284028,0.26322532,0.13915814,0.1548881,0.27962157,0.666023,0.0046902993,0.3497028,0.044505402,0.13883434,0.025281208
375316653866487564,4052392529676651264,0.50625896,2271.339614045702,0.12017700318787623,9.933247E-6,18.932415,0.023308648,0.59749067,0.015535246,0.11801948,0.015745183,0.40926757,0.07039921,0.36627066,8.5966676E-5,0.0118524255,9.409064E-4,0.42604333,0.043853436,null,null,null,null,"TWOGAUSSIANS",8,5.066238,0.36660066,2.363814E-5,0.06637359,0.0052690757,0.48615548,0.01998929,0.59749067,0.015535246,0.4,0.0,0.40916392,0.07069205
375316653866487564,4052392594248688128,0.5499117,2305.8007553195157,0.9327721547361925,1.3847201E-5,19.15542,0.005392091,0.250888,0.04028563,0.07235571,0.03044066,0.22113597,0.054806996,0.7566557,0.0054443125,0.053497512,0.00425649,0.22761995,0.024542332,null,null,null,null,"TWOGAUSSIANS",8,0.8022049,0.7566557,0.0054443125,0.2995861,0.023836344,0.22748223,0.024546972,0.250888,0.04028563,0.4,0.1611698,0.22099826,0.05484328
375316653866487564,4052392598396378240,0.48950928,2225.770708570002,0.9954908294416388,1.9532503E-5,18.373573,0.0112516,0.33453918,0.011772105,0.067583665,0.012345675,0.23305751,0.13493189,0.79628146,0.0011105697,0.025896912,0.0014227708,0.30376613,0.013493859,null,null,null,null,"TWOGAUSSIANS",8,12.491827,0.79628146,0.0011105697,0.1450227,0.007967517,0.3037661,0.013493857,0.33453918,0.011772105,0.37846854,0.069135785,0.2330575,0.13493192
375316653866487564,4052392800213262848,0.5388238,2263.9893797406194,2.6626497486700647,1.921557E-5,18.248928,0.01109604,0.33313644,0.002415619,0.08272609,0.005833507,0.23797944,0.019409724,0.8389094,0.008983929,0.083383515,0.01870427,0.21159987,0.011293356,null,null,null,null,"TWOGAUSSIANS",8,4.798383,0.33313644,0.002415619,0.4,0.0,0.233627,0.019127069,0.8389094,0.008983929,0.4,0.0,0.20724744,0.013705899
375316653866487564,4052392800409005952,0.47613344,2246.494151003159,2.0385120902775675,6.9491245E-5,18.22614,0.06748587,0.2935783,0.0125487745,0.10213352,0.029255122,0.23499306,0.06439042,0.77681535,0.026517283,0.08701451,0.046662427,0.22269526,0.06862066,null,null,null,null,"TWOGAUSSIANS",8,8.72095,0.2935783,0.012552805,0.4,0.0,0.2240518,0.026463952,0.77681535,0.026517283,0.4,0.09129351,0.21175785,0.039356254
