Gaia/vari_eclipsing_binary/VariEclipsingBinary_681457-681500.csv
# %ECSV 1.0
# ---
# delimiter: ','
# meta: !!omap
# - RELEASE: Gaia DR3
# - TABLE: vari_eclipsing_binary
# - DESCRIPTION: >
#     This table describes the properties of the eclipsing binaries resulting from the variability analysis. 
# - CITATION: >
#     How to cite and acknowledge Gaia: 
#     https://gea.esac.esa.int/archive/documentation/credits.html 
# - KNOWN_ISSUES: >
#     Known issues: 
#     https://www.cosmos.esa.int/web/gaia-users/known-issues 
# - DOCUMENTATION: >
#     Tutorials and documentation: 
#     https://www.cosmos.esa.int/web/gaia-users/archive 
# datatype:
# - 
#   name: solution_id
#   datatype: int64
#   description: Solution Identifier
#   meta:
#     ucd: meta.version
# - 
#   name: source_id
#   datatype: int64
#   description: Unique source identifier
#   meta:
#     ucd: meta.id;meta.main
# - 
#   name: global_ranking
#   datatype: float32
#   description: Number between 0 (worst) and 1 (best)
#   meta:
#     ucd: stat.param
# - 
#   name: reference_time
#   datatype: float64
#   unit: d
#   description: Reference time used for the geometric model fit
#   meta:
#     ucd: time.epoch
# - 
#   name: frequency
#   datatype: float64
#   unit: d**-1
#   description: Frequency of geometric model of the eclipsing binary light curve
#   meta:
#     ucd: src.orbital
# - 
#   name: frequency_error
#   datatype: float32
#   unit: d**-1
#   description: "Uncertainty of \\texttt{frequency}"
#   meta:
#     ucd: stat.error
# - 
#   name: geom_model_reference_level
#   datatype: float32
#   unit: mag
#   description: Magnitude reference level of geometric model
#   meta:
#     ucd: phot.mag;em.opt
# - 
#   name: geom_model_reference_level_error
#   datatype: float32
#   unit: mag
#   description: "Uncertainty of \\texttt{geomModelReferenceLevel}"
#   meta:
#     ucd: stat.error;phot.mag;em.opt
# - 
#   name: geom_model_gaussian1_phase
#   datatype: float32
#   description: Phase of the Gaussian 1 component
#   meta:
#     ucd: time.phase
# - 
#   name: geom_model_gaussian1_phase_error
#   datatype: float32
#   description: "Uncertainty of \\texttt{geomModelGaussian1Phase}"
#   meta:
#     ucd: stat.error;time.phase
# - 
#   name: geom_model_gaussian1_sigma
#   datatype: float32
#   description: "Standard deviation [phase] of Gaussian 1 component"
#   meta:
#     ucd: stat.stdev
# - 
#   name: geom_model_gaussian1_sigma_error
#   datatype: float32
#   description: "Uncertainty of \\texttt{geomModelGaussian1Sigma}"
#   meta:
#     ucd: stat.error
# - 
#   name: geom_model_gaussian1_depth
#   datatype: float32
#   unit: mag
#   description: Magnitude depth of Gaussian 1 component
#   meta:
#     ucd: src.var.amplitude
# - 
#   name: geom_model_gaussian1_depth_error
#   datatype: float32
#   unit: mag
#   description: "Uncertainty of \\texttt{geomModelGaussian1Depth}"
#   meta:
#     ucd: stat.error;src.var.amplitude
# - 
#   name: geom_model_gaussian2_phase
#   datatype: float32
#   description: Phase of Gaussian 2 component
#   meta:
#     ucd: time.phase
# - 
#   name: geom_model_gaussian2_phase_error
#   datatype: float32
#   description: "Uncertainty of \\texttt{geomModelGaussian2Phase}"
#   meta:
#     ucd: stat.error;time.phase
# - 
#   name: geom_model_gaussian2_sigma
#   datatype: float32
[...]
#   datatype: float32
#   description: "Secondary eclipse: uncertainty of \\texttt{derivedSecondaryEclDuration}"
#   meta:
#     ucd: stat.error;time.duration
# - 
#   name: derived_secondary_ecl_depth
#   datatype: float32
#   unit: mag
#   description: "Secondary eclipse: depth"
#   meta:
#     ucd: src.var.amplitude
# - 
#   name: derived_secondary_ecl_depth_error
#   datatype: float32
#   unit: mag
#   description: "Secondary eclipse: uncertainty of \\texttt{derivedSecondaryEclDepth}"
#   meta:
#     ucd: stat.error;src.var.amplitude
solution_id,source_id,global_ranking,reference_time,frequency,frequency_error,geom_model_reference_level,geom_model_reference_level_error,geom_model_gaussian1_phase,geom_model_gaussian1_phase_error,geom_model_gaussian1_sigma,geom_model_gaussian1_sigma_error,geom_model_gaussian1_depth,geom_model_gaussian1_depth_error,geom_model_gaussian2_phase,geom_model_gaussian2_phase_error,geom_model_gaussian2_sigma,geom_model_gaussian2_sigma_error,geom_model_gaussian2_depth,geom_model_gaussian2_depth_error,geom_model_cosine_half_period_amplitude,geom_model_cosine_half_period_amplitude_error,geom_model_cosine_half_period_phase,geom_model_cosine_half_period_phase_error,model_type,num_model_parameters,reduced_chi2,derived_primary_ecl_phase,derived_primary_ecl_phase_error,derived_primary_ecl_duration,derived_primary_ecl_duration_error,derived_primary_ecl_depth,derived_primary_ecl_depth_error,derived_secondary_ecl_phase,derived_secondary_ecl_phase_error,derived_secondary_ecl_duration,derived_secondary_ecl_duration_error,derived_secondary_ecl_depth,derived_secondary_ecl_depth_error
[from data line 38]
375316653866487564,5994187784298116480,0.44654852,2050.150936201096,0.6694296791021878,2.5733601E-5,18.254711,0.0058298605,0.23704815,0.006244835,0.034112602,0.014149292,0.14702798,0.071160875,0.7393025,0.008705312,0.02834461,0.015783738,0.18020394,0.05074902,null,null,null,null,"TWOGAUSSIANS",8,7.668254,0.7393025,0.008705312,0.15872982,0.08838894,0.18020394,0.05074902,0.23704815,0.006244835,0.19103058,0.07923604,0.14702798,0.071160875
375316653866487564,5994187822986902272,0.48979563,2053.961002893771,0.12497392726763291,2.8897295E-5,17.739874,0.0025183072,0.14161696,0.005584479,0.007688851,0.0076845717,0.29679796,1.19904655E13,0.4483079,0.013006241,0.047635052,0.02446214,0.03284154,0.07835191,0.032111205,0.004947637,0.14161696,0.005584479,"TWOGAUSSIANS_WITH_ELLIPSOIDAL_ON_ECLIPSE1",9,4.606244,0.14161696,0.005584479,0.043057565,0.0430336,0.36102018,1.19904655E13,0.4786379,0.2257271,0.2667563,0.13698798,0.04417664,0.07909626
375316653866487564,5994191048473366784,0.52945036,2058.0988518592944,0.7143869282493421,9.118569E-6,18.137947,0.0063087894,0.2639555,0.0018213995,0.03126358,0.0020339806,0.168815,0.010991278,0.75160307,0.01615433,0.036956556,0.049431544,0.36603397,0.3397093,null,null,null,null,"TWOGAUSSIANS",8,2.4436712,0.75160307,0.01615433,0.20695671,0.20180331,0.36603397,0.33971682,0.2639555,0.0018213995,0.17507605,0.011390291,0.168815,0.010987862
375316653866487564,5994191430759632256,0.61527985,2047.5427402601383,0.45392881812935243,1.7621654E-5,17.519592,0.0018814811,0.24523544,0.0031496491,0.023520997,0.002695145,0.078030705,0.0065840897,0.7421164,0.008698267,0.023596464,0.0035354914,0.6189973,0.12446776,0.024895195,0.003563391,0.24523544,0.0031496491,"TWOGAUSSIANS_WITH_ELLIPSOIDAL_ON_ECLIPSE1",9,4.215405,0.74212635,0.008687184,0.13214019,0.019798752,0.66876847,0.122438364,0.24523544,0.0031496491,0.13171758,0.015092812,0.12782098,0.00674019
375316653866487564,5994191804405461888,0.4895417,2029.9630914101729,1.626703033527796,3.5323297E-5,17.64974,0.0052180644,0.27690202,0.00625449,0.013204671,0.018423796,0.049374737,0.058121905,0.74490136,0.016395133,0.060698956,0.01097452,0.05665898,0.016761368,0.06736076,0.00785348,0.27690202,0.00625449,"TWOGAUSSIANS_WITH_ELLIPSOIDAL_ON_ECLIPSE1",9,11.421157,0.75810134,0.009669102,0.33991417,0.06145731,0.18818401,0.012799009,0.27690202,0.00625449,0.07394616,0.103173256,0.18409503,0.060217988
375316653866487564,5994193041350550272,0.54037786,2021.6956957575348,3.290712681273152,2.0327752E-5,18.872711,0.013450115,0.22887872,0.0033349744,0.07691933,0.0043331333,0.4464687,0.020615555,0.7361373,0.0051059215,0.068733715,0.005501948,0.41319075,0.015337028,null,null,null,null,"TWOGAUSSIANS",8,4.7249384,0.22887872,0.0033349744,0.4,0.0,0.44447106,0.02026985,0.7361373,0.0051059215,0.3849088,0.0280501,0.41119313,0.014544458
375316653866487564,5994193595397280128,0.5481558,2046.4117030910327,1.1378802542459332,2.2018367E-5,19.714842,0.00877821,0.31737795,0.0062950463,0.011498923,0.004854923,0.2506133,18.670273,0.522628,0.0027610175,0.048800107,0.0041195783,0.6987145,0.043429658,null,null,null,null,"TWOGAUSSIANS",8,2.250139,0.522628,0.0027610175,0.2732806,0.023069637,0.6987145,0.043429658,0.31737795,0.006302049,0.064393975,0.027187569,0.250714,18.67026
375316653866487564,5994194626215152000,0.54126316,2055.2776690522883,1.1485518757128117,6.712353E-6,17.226948,0.012427373,0.19533232,0.0026025018,0.035550155,0.0039330753,0.19478744,0.03214238,0.69892687,0.002314412,0.039432377,0.0057158703,0.38670164,0.043316055,0.03132519,0.015300108,0.19533232,0.0026025018,"TWOGAUSSIANS_WITH_ELLIPSOIDAL_ON_ECLIPSE1",9,24.537086,0.69892687,0.002314412,0.2208213,0.03200887,0.44932005,0.049996708,0.19533232,0.0026025018,0.19908087,0.022025222,0.2574378,0.018841423
375316653866487564,5994194763654593536,0.522377,2058.3009971085307,1.0081968847255611,1.2841004E-5,18.846727,0.0075239944,0.14183812,0.0013021013,0.024266947,0.001244919,0.6614474,0.021500356,0.64414454,0.018596953,0.023777165,0.012722749,0.17270721,0.038494896,null,null,null,null,"TWOGAUSSIANS",8,6.6490426,0.14183812,0.0013021013,0.13589491,0.0069715464,0.6614474,0.021500356,0.64414454,0.018596953,0.13315211,0.07124739,0.17270721,0.038494896
375316653866487564,5994196515976414336,0.6268755,2031.5445645107752,2.9608554152986093,9.202856E-6,18.374094,0.010913557,0.21815372,0.0053058406,0.032268777,0.007002671,0.22984438,0.022720559,0.73152775,0.0046865134,0.049982388,0.005328385,0.34224138,0.029197313,0.12222069,0.011112414,0.21815372,0.0053058406,"TWOGAUSSIANS_WITH_ELLIPSOIDAL_ON_ECLIPSE1",9,2.5215948,0.73152775,0.0046865134,0.27990136,0.029838957,0.58495945,0.028965991,0.21815372,0.0053058406,0.18070515,0.039214958,0.47428447,0.010171886
375316653866487564,5994196756519434368,0.47215778,2072.757213052767,0.24860122898632905,2.0159908E-4,17.967405,0.04499329,0.5712071,0.01387953,0.0315497,0.003966414,0.841718,0.45977324,0.6946989,0.022669483,0.21418354,0.11340975,0.064489275,0.043313984,null,null,null,null,"TWOGAUSSIANS",8,8.407105,0.5713771,0.013885328,0.17667831,0.022211919,0.8879036,0.45462263,0.6946989,0.022669483,0.4,0.0,0.0564325,0.016417263
375316653866487564,5994197168811265024,0.5353354,2112.9228994266555,2.174517324442813,1.2310661E-5,18.843645,0.00999276,0.27786544,0.0032804694,0.087566234,0.0066295555,0.2329348,0.012303187,0.7751768,0.0062274477,0.09966608,0.009691719,0.15510553,0.010556523,null,null,null,null,"TWOGAUSSIANS",8,0.9932201,0.27786544,0.0032804694,0.4,0.0,0.22280647,0.011267001,0.7751768,0.0062274477,0.4,0.0,0.14497615,0.0077051613
375316653866487564,5994197542470736896,0.44499978,2122.593715850694,2.468267076831754,3.4297194E-5,18.525043,0.005129952,0.23427226,0.007619294,0.082536355,0.00791201,0.09057098,0.0071987705,0.73047984,0.048267085,0.03939947,0.03806076,0.11825021,57.3932,null,null,null,null,"TWOGAUSSIANS",8,2.1538405,0.73047984,0.048267085,0.22063704,0.21314023,0.11821407,57.393234,0.23427226,0.007619294,0.4,0.0,0.090534836,0.007177491
375316653866487564,5994197649847654400,0.5031571,2020.1881933902919,0.6285766531844851,6.0927873E-6,18.991228,0.0050105937,0.18320127,0.0056113675,0.029830368,0.0058978065,4.557503,8.700401,0.6737345,0.0036087134,0.0350782,0.0034018033,0.20199268,0.02765231,null,null,null,null,"TWOGAUSSIANS",8,2.9762053,0.18320127,0.0056113675,0.16705006,0.033027716,4.557503,8.700401,0.6737345,0.0036087134,0.19643793,0.019050099,0.20199268,0.02765231
375316653866487564,5994199161701183744,0.6127421,2029.8176077853468,2.0965676273843896,5.23905E-6,16.0372,0.0114776315,0.2623946,0.00294374,0.09621414,0.009866315,0.17301127,0.007266647,0.75353473,0.0020678528,0.10092946,0.0057080826,0.19953382,0.011243966,null,null,null,null,"TWOGAUSSIANS",8,4.552159,0.75353473,0.0020678528,0.4,0.0,0.18623328,0.0056689507,0.2623946,0.00294374,0.4,0.0,0.15971226,0.005989577
375316653866487564,5994201532523154176,0.4824092,2064.113401582171,4.339589364877735,8.457233E-6,16.557985,0.0044934647,0.6721024,4.297094E-4,0.010927125,6.2435394E-4,0.78256726,0.013360142,null,null,null,null,null,null,0.0781063,0.00859959,0.6721024,4.297094E-4,"ONEGAUSSIAN_WITH_ELLIPSOIDAL",6,162.13629,0.6721024,4.297094E-4,0.061191898,0.0034963822,0.93877965,0.006706307,null,null,null,null,null,null
375316653866487564,5994202150998479360,0.4641224,2029.8061454115227,0.5253284112247631,4.232862E-5,17.180769,0.003737565,0.22744319,0.007413652,0.07031685,0.01653327,0.104927205,0.021842068,0.73841244,0.00930911,0.036095683,0.024585199,0.02636361,0.011478963,null,null,null,null,"TWOGAUSSIANS",8,7.713833,0.22744319,0.007413652,0.39377436,0.039081,0.10492598,0.021865102,0.73841244,0.00930911,0.20213582,0.13767712,0.026362386,0.011477347
375316653866487564,5994203452339116928,0.54307735,2024.5363890508036,2.683002808005314,1.2828619E-5,19.365248,0.009000495,0.22906554,0.0024146498,0.0695118,0.0028242092,0.58709645,0.02286618,0.745941,0.0053225905,0.067740835,0.005457312,0.6175216,0.05273823,null,null,null,null,"TWOGAUSSIANS",8,2.413762,0.745941,0.0053225905,0.37934867,0.030560946,0.61651915,0.053233825,0.22906554,0.0024146498,0.3892661,0.015815571,0.586094,0.022858249
375316653866487564,5994204143862905984,0.44565272,2053.0922855112603,1.6199269579216746,2.836491E-5,16.80019,0.053944815,0.3339144,0.0071708853,0.072360024,0.018333917,0.3317055,0.061215956,0.8119442,0.035235208,0.08652196,0.083882764,0.11872911,0.042072143,null,null,null,null,"TWOGAUSSIANS",8,111.73222,0.3339144,0.006611279,0.4,0.02461708,0.33002475,0.06250052,0.8119442,0.035235208,0.4,0.0,0.1170483,0.021984538
375316653866487564,5994204551850920448,0.56165755,2057.379474199707,1.8762131092007632,8.047595E-6,18.853758,0.005792987,0.25057045,0.0018019738,0.08768322,0.003239893,0.24591546,0.0066768643,0.73739994,0.002869381,0.08921594,0.004009835,0.2990565,0.011182287,null,null,null,null,"TWOGAUSSIANS",8,0.881799,0.73739994,0.002869381,0.4,0.0,0.29098293,0.011545617,0.25057045,0.0018019738,0.4,0.0,0.23784196,0.0061113266
375316653866487564,5994204659234676352,0.49816477,2041.7541817213068,0.8002031716808972,1.7672186E-5,19.342865,0.0070492374,0.2663728,0.003636816,0.040509388,0.0036984128,0.33234927,0.02877208,0.7843082,0.004575705,0.050492294,0.005806404,0.09100459,0.008238352,null,null,null,null,"TWOGAUSSIANS",8,2.000069,0.2663728,0.003636816,0.22685258,0.020711113,0.33234924,0.028772088,0.7843082,0.004575705,0.28275684,0.032515865,0.09100456,0.008238313
375316653866487564,5994206617738467072,0.5240558,2043.5959968328063,2.1720305159267097,2.0788777E-5,19.576843,0.013305689,0.23631415,0.008445823,0.07033031,0.012087371,0.19170529,0.026906023,0.7352886,0.002368123,0.07453151,0.0035542385,0.4854678,0.0125592565,null,null,null,null,"TWOGAUSSIANS",8,1.6802748,0.7352886,0.002368123,0.4,0.0,0.4839198,0.011562001,0.23631415,0.008445823,0.3938497,0.057060815,0.1901573,0.027131356
375316653866487564,5994209430934275200,0.5150286,2039.334961933197,3.7837789085306435,1.2705907E-5,18.725746,0.017474547,0.22560433,0.0057525076,0.10319202,0.011567197,0.2669095,0.01589073,0.7226147,0.0034810333,0.09203971,0.0072043194,0.2874818,0.016480302,null,null,null,null,"TWOGAUSSIANS",8,3.2065356,0.7226147,0.0034810333,0.4,0.0,0.26752478,0.007963075,0.22560433,0.0057525076,0.4,0.0,0.24694839,0.015180335
375316653866487564,5994209774531523584,0.539508,2037.9586604375227,3.2470545705725784,1.2590962E-5,18.38337,0.009487631,0.28598768,0.0024706386,0.083538994,0.0046932516,0.26057503,0.009603823,0.7818182,0.005012865,0.09190057,0.0067404304,0.31227365,0.013551833,null,null,null,null,"TWOGAUSSIANS",8,2.9320302,0.7818182,0.005012865,0.4,0.0,0.30306244,0.012551844,0.28598768,0.0024706386,0.4,0.0,0.25136402,0.0077414834
375316653866487564,5994209911970588416,0.5247107,2032.5906623474202,1.7950329279217279,1.6744949E-5,18.712753,0.0048897485,0.25161925,0.008327303,0.08450623,0.010894718,0.120540746,0.013007325,0.72644866,0.0043698843,0.06682226,0.004840992,0.28105173,0.016897047,null,null,null,null,"TWOGAUSSIANS",8,3.5272634,0.72644866,0.0043698843,0.37420467,0.027109554,0.2802187,0.016948698,0.25161925,0.008327303,0.4,0.0,0.119707674,0.0132816825
375316653866487564,5994210255566228224,0.5834803,2075.0488666469137,2.076134547976889,5.599858E-6,17.900776,0.008605394,0.28645888,0.0033875545,0.09070524,0.005513836,0.3685728,0.0149742095,0.78726006,0.0020231314,0.08160055,0.0033367653,0.37251964,0.011711332,null,null,null,null,"TWOGAUSSIANS",8,4.777198,0.78726006,0.0020231314,0.4,0.0,0.36168772,0.011288357,0.28645888,0.0033875545,0.4,0.0,0.3577407,0.016021607
375316653866487564,5994210289927762176,0.49418095,2015.4700612584186,0.4581802827907223,7.273601E-5,18.477541,0.0048811925,0.26810405,0.01167409,0.029726874,0.007134733,0.3592439,0.09085012,0.57223177,0.003526592,0.016692733,0.0020353168,0.19567828,0.006059731,null,null,null,null,"TWOGAUSSIANS",8,6.940844,0.26810405,0.01167409,0.1664705,0.039954502,0.3592439,0.09085012,0.57223177,0.003526592,0.093479306,0.011397774,0.19567828,0.006059731
375316653866487564,5994210328615951744,0.59121037,2027.0837306616377,2.5443603822671514,9.072154E-6,17.291647,0.0073074703,0.24210463,0.0024225744,0.09170212,0.004406873,0.25966564,0.007458644,0.73360866,0.0013202602,0.09275661,0.0035212946,0.2845282,0.0071721124,null,null,null,null,"TWOGAUSSIANS",8,4.6670127,0.73360866,0.0013202602,0.4,0.0,0.27236155,0.0059084916,0.24210463,0.0024225744,0.4,0.0,0.24749911,0.006106089
375316653866487564,5994212282792498944,0.49569383,2040.123867921591,3.2010980981352706,2.9452778E-5,19.422281,0.042696364,0.27161065,0.0026605856,0.083141655,0.009685248,0.3374846,0.045950945,0.7396641,0.01903267,0.11995195,0.038288105,0.1700761,0.038064566,null,null,null,null,"TWOGAUSSIANS",8,1.6513883,0.27166066,0.0025980927,0.4,0.0,0.3235473,0.032338258,0.7396641,0.01903267,0.4,0.0,0.15604566,0.018818915
375316653866487564,5994213867644793472,0.51044965,2061.472942112287,2.8155991571311505,2.2098004E-5,19.412844,0.013549449,0.26683107,0.008363797,0.086336896,0.008136624,0.39266068,0.0467806,0.7697231,0.0028099536,0.06877691,0.004593086,0.51509935,0.020177942,null,null,null,null,"TWOGAUSSIANS",8,3.8058348,0.7697231,0.0028099536,0.3851507,0.025721282,0.5105212,0.02085319,0.26683107,0.008363797,0.4,0.0,0.38808244,0.047776174
375316653866487564,5994215620016015616,0.67817646,2062.410813483044,0.20465571423781628,1.793754E-5,15.778882,0.0031708162,0.18146497,0.004476771,0.02424577,0.005238641,0.08621715,0.00940923,0.6779061,4.216865E-4,0.026746847,3.712095E-4,0.9272973,0.010950103,0.02317933,0.004764998,0.18146497,0.004476771,"TWOGAUSSIANS_WITH_ELLIPSOIDAL_ON_ECLIPSE1",9,26.747911,0.6779161,4.198328E-4,0.14978234,0.0020787732,0.9736328,0.009016248,0.18146497,0.004476771,0.13577631,0.029336391,0.13257581,0.009056145
375316653866487564,5994216822606874240,0.57502306,2043.5289569190952,0.9767685955839932,5.235682E-6,17.303839,0.0073635923,0.2408017,0.0024631398,0.025124092,0.0038807495,0.63497293,0.028449202,0.74026334,0.0023399747,0.023193473,0.0017797414,0.43581462,0.011964834,null,null,null,null,"TWOGAUSSIANS",8,41.97084,0.2408017,0.0024631398,0.14069492,0.021732198,0.63497293,0.028449202,0.74026334,0.0023399747,0.12988345,0.009966551,0.43581462,0.011964834
375316653866487564,5994217200539580416,0.4979254,2046.2178333564195,0.6258677470537936,2.475897E-5,17.33228,0.0029972568,0.25123838,0.021836983,0.022986224,0.008696566,0.17277491,0.17513621,0.7653269,9.728046E-4,0.010956397,5.3452404E-4,1.0793315,0.21850117,null,null,null,null,"TWOGAUSSIANS",8,9.24749,0.7653269,9.728046E-4,0.061355826,0.0029933346,1.0793315,0.21850117,0.25123838,0.021836983,0.12872286,0.048700772,0.17277491,0.17513621
375316653866487564,5994220529130879488,0.6187636,2050.9136589380264,2.1019689042727547,2.4739818E-6,17.84533,0.007122564,0.25736955,0.0013132457,0.07933366,0.002663996,0.41965026,0.010030144,0.75749457,0.0012546317,0.07783193,0.0028827111,0.46503466,0.008525061,null,null,null,null,"TWOGAUSSIANS",8,2.4723902,0.75749457,0.0012546317,0.4,0.0,0.4594489,0.008749878,0.25736955,0.0013132457,0.4,0.0,0.4140645,0.010168352
375316653866487564,5994222320165762432,0.57121825,2073.7265644488207,2.0885960907669396,8.14416E-6,16.95505,0.012268545,0.20312636,0.0024185507,0.09671948,0.005825439,0.30114233,0.011144415,0.7114463,0.0041498546,0.11135896,0.008808298,0.21473584,0.011327641,null,null,null,null,"TWOGAUSSIANS",8,8.111797,0.20311636,0.0024168347,0.4,0.0,0.27594155,0.010275366,0.7114463,0.0041498546,0.4,0.0,0.18951713,0.006832233
