Gaia/vari_eclipsing_binary/VariEclipsingBinary_487554-487592.csv
# %ECSV 1.0
# ---
# delimiter: ','
# meta: !!omap
# - RELEASE: Gaia DR3
# - TABLE: vari_eclipsing_binary
# - DESCRIPTION: >
#     This table describes the properties of the eclipsing binaries resulting from the variability analysis. 
# - CITATION: >
#     How to cite and acknowledge Gaia: 
#     https://gea.esac.esa.int/archive/documentation/credits.html 
# - KNOWN_ISSUES: >
#     Known issues: 
#     https://www.cosmos.esa.int/web/gaia-users/known-issues 
# - DOCUMENTATION: >
#     Tutorials and documentation: 
#     https://www.cosmos.esa.int/web/gaia-users/archive 
# datatype:
# - 
#   name: solution_id
#   datatype: int64
#   description: Solution Identifier
#   meta:
#     ucd: meta.version
# - 
#   name: source_id
#   datatype: int64
#   description: Unique source identifier
#   meta:
#     ucd: meta.id;meta.main
# - 
#   name: global_ranking
#   datatype: float32
#   description: Number between 0 (worst) and 1 (best)
#   meta:
#     ucd: stat.param
# - 
#   name: reference_time
#   datatype: float64
#   unit: d
#   description: Reference time used for the geometric model fit
#   meta:
#     ucd: time.epoch
# - 
#   name: frequency
#   datatype: float64
#   unit: d**-1
#   description: Frequency of geometric model of the eclipsing binary light curve
#   meta:
#     ucd: src.orbital
# - 
#   name: frequency_error
#   datatype: float32
#   unit: d**-1
#   description: "Uncertainty of \\texttt{frequency}"
#   meta:
#     ucd: stat.error
# - 
#   name: geom_model_reference_level
#   datatype: float32
#   unit: mag
#   description: Magnitude reference level of geometric model
#   meta:
#     ucd: phot.mag;em.opt
# - 
#   name: geom_model_reference_level_error
#   datatype: float32
#   unit: mag
#   description: "Uncertainty of \\texttt{geomModelReferenceLevel}"
#   meta:
#     ucd: stat.error;phot.mag;em.opt
# - 
#   name: geom_model_gaussian1_phase
#   datatype: float32
#   description: Phase of the Gaussian 1 component
#   meta:
#     ucd: time.phase
# - 
#   name: geom_model_gaussian1_phase_error
#   datatype: float32
#   description: "Uncertainty of \\texttt{geomModelGaussian1Phase}"
#   meta:
#     ucd: stat.error;time.phase
# - 
#   name: geom_model_gaussian1_sigma
#   datatype: float32
#   description: "Standard deviation [phase] of Gaussian 1 component"
#   meta:
#     ucd: stat.stdev
# - 
#   name: geom_model_gaussian1_sigma_error
#   datatype: float32
#   description: "Uncertainty of \\texttt{geomModelGaussian1Sigma}"
#   meta:
#     ucd: stat.error
# - 
#   name: geom_model_gaussian1_depth
#   datatype: float32
#   unit: mag
#   description: Magnitude depth of Gaussian 1 component
#   meta:
#     ucd: src.var.amplitude
# - 
#   name: geom_model_gaussian1_depth_error
#   datatype: float32
#   unit: mag
#   description: "Uncertainty of \\texttt{geomModelGaussian1Depth}"
#   meta:
#     ucd: stat.error;src.var.amplitude
# - 
#   name: geom_model_gaussian2_phase
#   datatype: float32
#   description: Phase of Gaussian 2 component
#   meta:
#     ucd: time.phase
# - 
#   name: geom_model_gaussian2_phase_error
#   datatype: float32
#   description: "Uncertainty of \\texttt{geomModelGaussian2Phase}"
#   meta:
#     ucd: stat.error;time.phase
# - 
#   name: geom_model_gaussian2_sigma
#   datatype: float32
[...]
#   datatype: float32
#   description: "Secondary eclipse: uncertainty of \\texttt{derivedSecondaryEclDuration}"
#   meta:
#     ucd: stat.error;time.duration
# - 
#   name: derived_secondary_ecl_depth
#   datatype: float32
#   unit: mag
#   description: "Secondary eclipse: depth"
#   meta:
#     ucd: src.var.amplitude
# - 
#   name: derived_secondary_ecl_depth_error
#   datatype: float32
#   unit: mag
#   description: "Secondary eclipse: uncertainty of \\texttt{derivedSecondaryEclDepth}"
#   meta:
#     ucd: stat.error;src.var.amplitude
solution_id,source_id,global_ranking,reference_time,frequency,frequency_error,geom_model_reference_level,geom_model_reference_level_error,geom_model_gaussian1_phase,geom_model_gaussian1_phase_error,geom_model_gaussian1_sigma,geom_model_gaussian1_sigma_error,geom_model_gaussian1_depth,geom_model_gaussian1_depth_error,geom_model_gaussian2_phase,geom_model_gaussian2_phase_error,geom_model_gaussian2_sigma,geom_model_gaussian2_sigma_error,geom_model_gaussian2_depth,geom_model_gaussian2_depth_error,geom_model_cosine_half_period_amplitude,geom_model_cosine_half_period_amplitude_error,geom_model_cosine_half_period_phase,geom_model_cosine_half_period_phase_error,model_type,num_model_parameters,reduced_chi2,derived_primary_ecl_phase,derived_primary_ecl_phase_error,derived_primary_ecl_duration,derived_primary_ecl_duration_error,derived_primary_ecl_depth,derived_primary_ecl_depth_error,derived_secondary_ecl_phase,derived_secondary_ecl_phase_error,derived_secondary_ecl_duration,derived_secondary_ecl_duration_error,derived_secondary_ecl_depth,derived_secondary_ecl_depth_error
[from data line 111]
375316653866487564,4288625935715737856,0.51986456,2158.1359983082916,3.573723876569982,1.0140045E-5,19.763117,0.013052771,0.29190716,0.0049634497,0.073749036,0.005155062,0.5068946,0.027187629,0.7911739,0.0030513578,0.0591476,0.0028437967,0.509672,0.0141339945,null,null,null,null,"TWOGAUSSIANS",8,2.3591843,0.7911739,0.0030513578,0.33122656,0.015925262,0.5088375,0.013632892,0.29190716,0.0049634497,0.4,0.002759386,0.5060601,0.027198743
375316653866487564,4288626038813150592,0.5283091,2190.8987058665016,2.2601267507050173,1.0876601E-5,17.104834,0.019804895,0.2773622,0.0029346605,0.08363297,0.0053320397,0.60744005,0.042534903,0.7950084,0.00488481,0.067297526,0.0058769863,0.37575546,0.027526537,null,null,null,null,"TWOGAUSSIANS",8,72.96709,0.2773622,0.0029346605,0.4,0.0,0.6047212,0.042837035,0.7950084,0.00488481,0.37686613,0.032911126,0.37303665,0.026906902
375316653866487564,4288626549882730752,0.56499743,2159.222709463242,2.6766760694551985,8.296296E-6,17.837782,0.017023947,0.24231519,0.003273618,0.10438022,0.014176736,0.13536811,0.013892962,0.7403367,0.003452544,0.109724045,0.0100199105,0.16189873,0.017233225,null,null,null,null,"TWOGAUSSIANS",8,1.0968375,0.7403367,0.003452544,0.4,0.0,0.1429168,0.0035318763,0.24231519,0.0032788864,0.4,0.0,0.1163934,0.005337752
375316653866487564,4288626966526219776,0.6144876,2142.940379598849,3.94981191142498,7.248739E-6,17.598425,0.013454377,0.27822196,0.002259901,0.045449328,0.0048246933,0.42702773,0.025142007,0.7688609,0.0076088547,0.045516293,0.0075591365,0.2630719,0.04006747,0.13500531,0.015414134,0.27822196,0.002259901,"TWOGAUSSIANS_WITH_ELLIPSOIDAL_ON_ECLIPSE1",9,10.343239,0.27822196,0.002259901,0.25451624,0.027018283,0.6970378,0.02879602,0.7702009,0.006510646,0.25489125,0.042331167,0.53228277,0.032883015
375316653866487564,4288627030919190656,0.54347754,2131.2319831886048,2.4659216672917945,1.8418414E-5,17.570593,0.009480665,0.23049349,0.0068160985,0.089933895,0.008327721,0.2381163,0.0122950105,0.73650014,0.0054826424,0.08014672,0.006124434,0.25897032,0.010105597,null,null,null,null,"TWOGAUSSIANS",8,7.4564033,0.73650014,0.0054826424,0.4,0.0,0.2530545,0.0074399174,0.23049349,0.0068160985,0.4,0.0,0.23220037,0.010766281
375316653866487564,4288627168373028480,0.5733421,2132.8298202842316,3.13015844604205,1.9516228E-5,18.700502,0.012577421,0.24667388,0.005788864,0.08998665,0.008376835,0.36689514,0.026647057,0.72188634,0.0074800323,0.09642366,0.0051672286,0.5166249,0.023810465,null,null,null,null,"TWOGAUSSIANS",8,3.1028268,0.72188634,0.0074800323,0.4,0.0,0.50000453,0.021760985,0.24667388,0.005788864,0.4,0.0,0.35027736,0.031082617
375316653866487564,4288627481904923648,0.53958267,2072.043248621767,3.092737257366715,1.9716454E-5,18.037966,0.009322112,0.32907042,0.0052827015,0.059163623,0.04985659,0.2272897,145955.67,0.8305353,0.028527504,0.033699457,0.020635797,0.2745345,3.567184,0.17732295,0.017804042,0.32907042,0.0052827015,"TWOGAUSSIANS_WITH_ELLIPSOIDAL_ON_ECLIPSE1",9,14.02942,0.8305353,0.028345816,0.18871696,0.115560465,0.6291202,3.564647,0.32907042,0.0052827015,0.3313163,0.2791969,0.5819054,145955.67
375316653866487564,4288627550641877760,0.6096207,2145.060610108635,2.773814140252239,5.1612515E-6,16.62891,0.015706163,0.33325425,0.0035169013,0.05007381,0.0053588166,0.31202894,0.04000089,0.83009666,0.0028206226,0.05838824,0.0046987957,0.33740443,0.030619197,0.09583484,0.016460389,0.33325425,0.0035169013,"TWOGAUSSIANS_WITH_ELLIPSOIDAL_ON_ECLIPSE1",9,23.780977,0.83051664,0.0022218502,0.32697412,0.026313256,0.528979,0.019335551,0.33325425,0.0035169013,0.28041333,0.030009372,0.50366896,0.030392045
375316653866487564,4288627997301806208,0.5351495,2180.106077432266,3.2554676160525187,1.4568462E-5,19.474005,0.023095885,0.30304065,0.00899787,0.092312165,0.018023394,0.30530232,0.06989755,0.8087593,0.0025126587,0.07020954,0.005021793,0.6268718,0.020653378,null,null,null,null,"TWOGAUSSIANS",8,3.620944,0.8087593,0.0025126587,0.39317343,0.024989616,0.62044185,0.019879904,0.30304065,0.00899787,0.4,0.0,0.29887208,0.07326575
375316653866487564,4288628233509971328,0.47390854,2138.6021527914154,1.1855667965880181,2.9710054E-5,17.930534,0.0019435327,0.7608327,0.008423003,0.071169525,0.03513496,0.020052664,0.0049298247,null,null,null,null,null,null,0.023681622,0.0018975069,0.7608327,0.008423003,"ONEGAUSSIAN_WITH_ELLIPSOIDAL",6,1.431394,0.7608327,0.008423003,0.39854932,0.15932602,0.06737442,0.00531155,null,null,null,null,null,null
375316653866487564,4288628443978379264,0.48545712,2161.378504573985,0.2486244206124008,4.1755284E-5,19.115149,0.009493432,0.20086563,0.06353629,0.05865642,0.034336217,0.20817877,0.4156984,0.7275256,0.024450226,0.06236464,0.0495786,0.31267288,0.2948853,null,null,null,null,"TWOGAUSSIANS",8,2.400167,0.7275256,0.024450226,0.349242,0.08688119,0.31263328,0.29647413,0.20086563,0.06353629,0.32847595,0.19228281,0.20813918,0.41583887
375316653866487564,4288628890672553728,0.49518013,2158.456843906617,3.0114954624294614,6.958466E-5,17.900854,0.0732992,0.22508396,0.0152321085,0.100696355,0.026572933,0.35927683,0.07893017,0.6893246,0.01016482,0.10630876,0.019042166,0.41901505,0.07048544,null,null,null,null,"TWOGAUSSIANS",8,57.0653,0.6893246,0.01016482,0.4,0.0,0.39173713,0.024927536,0.22511396,0.015189819,0.4,0.0,0.33202153,0.045099404
375316653866487564,4288630363813996032,0.53507996,2113.0962774941877,2.6325670292975483,2.861994E-5,18.633385,0.0072445124,0.24580164,0.0010534949,0.02526681,0.0015603462,0.15022285,0.008963786,0.77308816,0.0060939216,0.07177143,0.0067537427,0.2859776,0.023732357,null,null,null,null,"TWOGAUSSIANS",8,3.944981,0.77308816,0.0060939216,0.4,0.023526227,0.28597742,0.023732493,0.24580164,0.0010534949,0.14149414,0.008737939,0.15022269,0.008963577
375316653866487564,4288630539926468480,0.48290893,2128.0680936456492,0.09849889355513555,1.6951992E-4,19.789581,0.009125831,0.20728356,0.017862687,0.09026367,0.019533118,0.13712502,0.10360013,0.7486363,0.0055324943,0.077255644,0.010121693,0.33674145,0.066202894,null,null,null,null,"TWOGAUSSIANS",8,1.6241577,0.7486363,0.0055324943,0.4,0.003697848,0.33453962,0.06690331,0.20728356,0.017862687,0.4,0.0,0.13492286,0.104748085
375316653866487564,4288630849160331392,0.5071665,2209.419954271114,3.569924986933989,5.0547107E-5,18.727139,0.0143591985,0.22875364,0.01697492,0.0631523,0.016162992,0.18234022,0.0399683,0.7490379,0.009618778,0.067475155,0.010981729,0.33809945,0.02208542,null,null,null,null,"TWOGAUSSIANS",8,8.039696,0.7490379,0.009618778,0.37786087,0.03932959,0.33791986,0.022075009,0.22875364,0.01697492,0.3536529,0.090512745,0.18216065,0.039996155
375316653866487564,4288630879224757248,0.492767,2133.1892420420445,2.5096589904554993,5.833673E-5,18.620031,0.031531446,0.22105396,0.010141707,0.08713968,0.017181791,0.28672394,0.04528838,0.71991783,0.008598981,0.09427735,0.023703812,0.27040586,0.039097384,null,null,null,null,"TWOGAUSSIANS",8,7.853584,0.22105396,0.010141707,0.4,0.0,0.27448282,0.045858484,0.71991783,0.008598981,0.4,0.0,0.25816432,0.042807557
375316653866487564,4288632356678790784,0.50612444,2178.0330586979744,2.9621316661594768,2.8310109E-5,18.274553,0.16252358,0.26722234,0.010722247,0.1397625,0.060617264,0.22539331,0.15765783,0.7930812,0.008021181,0.10859268,0.033212725,0.2474047,0.14540549,null,null,null,null,"TWOGAUSSIANS",8,3.264476,0.79368126,0.0070886007,0.4,0.0,0.19900519,0.02876546,0.26717234,0.010621786,0.4,0.0,0.17610586,0.03260625
375316653866487564,4288632979462579968,0.4933337,2119.5758642873157,3.3178177904490846,3.9828854E-5,19.456894,0.20296147,0.1924914,0.0076372265,0.09039071,0.028298225,0.4933649,0.1600101,0.68958324,0.016623523,0.1381029,0.06056351,0.50218546,0.18078974,null,null,null,null,"TWOGAUSSIANS",8,4.367795,0.68958324,0.016623523,0.4,0.0,0.4160422,0.06550267,0.19253139,0.0076470724,0.4,0.0,0.40865597,0.05733281
375316653866487564,4288632979480422272,0.54757965,2141.605925236127,1.9632218661954695,1.9921294E-5,18.042395,0.014300955,0.16277821,0.0055367947,0.09396356,0.009407205,0.17562585,0.014664056,0.663673,0.00869716,0.09023017,0.011011657,0.21942121,0.022139344,null,null,null,null,"TWOGAUSSIANS",8,2.7064073,0.663673,0.00869716,0.4,0.0,0.20972763,0.020919334,0.16277821,0.0055367947,0.4,0.0,0.1659321,0.009483583
375316653866487564,4288634422589410048,0.63703257,2128.45904645238,0.5389486718425609,1.1810581E-5,15.674114,0.0027046886,0.5812154,0.044206418,0.045711204,0.055992227,0.007893759,0.005316996,0.7393054,0.01156063,0.032253053,0.005881939,0.36706027,0.05786789,null,null,null,null,"TWOGAUSSIANS",8,9.182222,0.7393054,0.01156063,0.1806171,0.032938857,0.3670802,0.056700114,0.5813054,0.044410754,0.25598276,0.23751496,0.007896001,0.0053183916
375316653866487564,4288636376768329728,0.56662136,2124.840599126001,2.8520311438701524,1.8141487E-5,18.457455,0.015921656,0.27275628,0.025157794,0.07715668,0.01812876,0.32805204,0.049230985,0.7682086,0.0032443877,0.08097025,0.005765783,0.32739234,0.01944303,null,null,null,null,"TWOGAUSSIANS",8,1.7039465,0.27275628,0.025157794,0.4,0.0,0.32401928,0.04557983,0.7682086,0.0032443877,0.4,0.0,0.32335958,0.017541433
375316653866487564,4288636823445144832,0.5017335,2115.715172752481,2.408412557547269,2.3007946E-5,17.769457,0.24712749,0.29767087,0.007267307,0.11391788,0.035681132,0.22072415,0.1420885,0.8058274,0.009464516,0.19063483,0.18683279,0.14421788,0.24015245,null,null,null,null,"TWOGAUSSIANS",8,2.2170296,0.29688087,0.0058191866,0.4,0.0,0.15248692,0.007830972,0.8059174,0.0095631005,0.4,0.0,0.0667042,0.008715383
375316653866487564,4288637171351829248,0.42462963,2126.673882547947,0.052979706060803336,1.322106E-4,19.42223,0.4097782,0.090662815,0.010497975,0.02236325,0.0055952338,0.9966531,0.7669418,0.73942137,0.037450213,0.20747349,0.12973489,0.5788877,0.36801323,null,null,null,null,"TWOGAUSSIANS",8,15.365566,0.09013281,0.0097090695,0.12523419,0.03133331,1.0759536,0.7836635,0.73942137,0.037450213,0.4,0.0,0.5154428,0.18866074
375316653866487564,4288637789844187904,0.6589536,2170.4574540102712,0.17385897402305356,6.857224E-5,17.164995,0.0013333433,0.22662352,0.0023582901,0.008681428,0.0028284078,0.12012175,0.46926498,0.5002036,0.0030104239,0.011902961,0.003422508,0.7798783,0.6318659,null,null,null,null,"TWOGAUSSIANS",8,1.4745572,0.5002036,0.0030104239,0.06665658,0.019166045,0.7798783,0.6318659,0.22662352,0.0023582901,0.048615996,0.015839083,0.12012175,0.46926498
375316653866487564,4288638236520782080,0.47052962,2077.7109180098328,1.1888427488329836,2.1336857E-5,17.398027,0.0048644305,0.3301225,0.0010104544,0.022009758,0.0021323108,0.71415764,0.32441774,0.83307284,0.022924747,0.047480125,0.026317582,0.06800214,0.034656707,0.03723181,0.0075513595,0.3301225,0.0010104544,"TWOGAUSSIANS_WITH_ELLIPSOIDAL_ON_ECLIPSE1",9,13.048148,0.3301225,0.0010104544,0.12325465,0.011940939,0.7886211,0.32870588,0.83307284,0.022504104,0.26588872,0.14737846,0.14244008,0.033427075
375316653866487564,4288639542190723712,0.5372434,2138.6248590268833,2.223526083849962,5.9532125E-5,15.544557,0.031146908,0.31875905,0.007000148,0.095365964,0.0087421825,0.3718058,0.026933858,0.72281367,0.023789091,0.16359057,0.046504177,0.16331351,0.026649857,null,null,null,null,"TWOGAUSSIANS",8,86.707375,0.32160905,0.005035341,0.4,0.0,0.35100454,0.030122334,0.72281367,0.023789091,0.4,0.0,0.13445278,0.01522248
375316653866487564,4288639576533781248,0.5726055,2158.6004872606118,0.30900609147424296,1.0396625E-6,19.445885,0.00744024,0.34014088,0.007739917,0.04126021,0.0035495805,0.47710913,0.046544764,0.67294,2.4425924E-6,0.0070017497,7.371227E-5,1.1158432,0.0029725754,null,null,null,null,"TWOGAUSSIANS",8,1.8979855,0.67294,2.4425924E-6,0.039209798,4.127887E-4,1.1158432,0.0029725754,0.34014088,0.007739917,0.23105718,0.01987765,0.47710913,0.046544764
375316653866487564,4288639576550476288,0.5782802,2135.7765103017496,2.4285699912669108,1.3586489E-5,18.690264,0.0103377905,0.2116989,0.0027665298,0.058105167,0.007035557,0.34378344,0.06694426,0.70872426,0.0037123302,0.03916366,0.0050735725,0.35895786,0.04564098,0.124799825,0.022574486,0.2116989,0.0027665298,"TWOGAUSSIANS_WITH_ELLIPSOIDAL_ON_ECLIPSE1",9,6.2053294,0.7089542,0.003408221,0.21931651,0.028412007,0.60844314,0.049767457,0.2116989,0.0027665298,0.32538894,0.03939912,0.5933491,0.062117975
375316653866487564,4288640328142878592,0.4768307,2130.6923048721665,1.534122100542634,7.674206E-5,19.172485,0.00838428,0.30338272,0.020014565,0.093516104,0.019449646,0.12661643,0.0161543,0.7409587,0.039833944,0.07902151,0.015976,0.40237445,0.09836731,null,null,null,null,"TWOGAUSSIANS",8,3.198392,0.7409587,0.039833944,0.4,0.0,0.40031156,0.09825242,0.30338272,0.02000421,0.4,0.0,0.12455141,0.015253428
375316653866487564,4288640641704956672,0.5209109,2081.7551868368478,1.8867062053022894,1.6215457E-5,18.93887,0.017195879,0.2250159,0.0011528686,0.05133216,0.0039345054,0.28172922,0.0077913017,0.7104493,0.019072143,0.1412593,0.02936503,0.160693,0.01944709,null,null,null,null,"TWOGAUSSIANS",8,0.44603202,0.2250659,0.0011332481,0.28746012,0.02203323,0.27330655,0.008022044,0.7104493,0.019072143,0.4,0.0,0.15162086,0.013906447
375316653866487564,4288641328881316480,0.53308976,2179.437222581436,0.09337020627841028,8.493107E-5,19.731653,0.020237727,0.2360099,0.015633747,0.061703756,0.017697897,0.5430361,0.062376816,0.8149576,0.009492962,0.05328699,0.0143026905,0.16493405,0.03859656,null,null,null,null,"TWOGAUSSIANS",8,3.1786745,0.2360099,0.015633747,0.34554103,0.088067494,0.54303414,0.062378883,0.8149576,0.009492962,0.29840714,0.08009507,0.16493212,0.038593784
375316653866487564,4288641775561097728,0.5071639,2189.2786370100785,3.1891662075116587,1.1055758E-5,18.697853,0.02598524,0.18827602,0.0043590036,0.06990041,0.010455346,0.61174375,0.056518897,0.6715205,0.0057631517,0.090395145,0.009027166,0.49764434,0.036227528,null,null,null,null,"TWOGAUSSIANS",8,12.582031,0.18827602,0.0043590036,0.39144227,0.031096095,0.6057799,0.06221559,0.6715205,0.0057631517,0.4,0.0,0.49168012,0.036531497
375316653866487564,4288642119156293888,0.42687207,2184.210879941997,0.6014986020466845,2.6192096E-5,17.740234,0.014009424,0.26350918,0.008985304,0.038597234,0.02502694,0.06437166,0.23212823,0.51577824,0.010010109,0.07425055,0.013081882,0.26200363,0.060561728,null,null,null,null,"TWOGAUSSIANS",8,3.882396,0.51577824,0.010010109,0.4,0.0046356535,0.26200363,0.06056174,0.26440918,0.009273117,0.21614452,0.14015086,0.065204464,0.23265803
375316653866487564,4288642875085724160,0.48488447,2164.08514579428,1.1652619171471168,3.409473E-5,17.112904,0.0050963946,0.14862204,0.007699293,0.09523138,0.014062146,0.049564056,0.004787844,0.65575814,0.005569254,0.091624066,0.014759737,0.04915648,0.0062484415,null,null,null,null,"TWOGAUSSIANS",8,1.8566043,0.14862204,0.007699293,0.4,0.0,0.047081973,0.0030217718,0.65575814,0.005569254,0.4,0.0,0.04667447,0.0064489553
375316653866487564,4288643596640015104,0.46037725,2157.2940758710847,0.07731298271903637,3.5445824E-5,17.181871,0.010154065,0.12178256,0.019945111,0.04209088,0.04092327,0.02409471,0.015408441,0.7191269,0.01824353,0.1182967,0.03758209,0.056327432,0.009902447,null,null,null,null,"TWOGAUSSIANS",8,2.6969545,0.7191269,0.01824353,0.4,0.0,0.05624876,0.009574772,0.12141257,0.019178784,0.23570894,0.22917032,0.024188863,0.015403555
375316653866487564,4288644043316727168,0.47488627,2169.1828346229204,4.0727266151275225,7.774536E-5,18.184586,0.009595658,0.21909636,0.009088872,0.069128476,0.017300628,0.08823767,0.016772395,0.7905403,0.004836465,0.050911132,0.0056974664,0.18289407,0.020160554,null,null,null,null,"TWOGAUSSIANS",8,6.0889854,0.7905403,0.004836465,0.28510234,0.03190581,0.18289123,0.020154448,0.21909636,0.009088872,0.38711944,0.07171578,0.08823484,0.016775459
