Gaia/vari_eclipsing_binary/VariEclipsingBinary_471244-471261.csv
# %ECSV 1.0
# ---
# delimiter: ','
# meta: !!omap
# - RELEASE: Gaia DR3
# - TABLE: vari_eclipsing_binary
# - DESCRIPTION: >
#     This table describes the properties of the eclipsing binaries resulting from the variability analysis. 
# - CITATION: >
#     How to cite and acknowledge Gaia: 
#     https://gea.esac.esa.int/archive/documentation/credits.html 
# - KNOWN_ISSUES: >
#     Known issues: 
#     https://www.cosmos.esa.int/web/gaia-users/known-issues 
# - DOCUMENTATION: >
#     Tutorials and documentation: 
#     https://www.cosmos.esa.int/web/gaia-users/archive 
# datatype:
# - 
#   name: solution_id
#   datatype: int64
#   description: Solution Identifier
#   meta:
#     ucd: meta.version
# - 
#   name: source_id
#   datatype: int64
#   description: Unique source identifier
#   meta:
#     ucd: meta.id;meta.main
# - 
#   name: global_ranking
#   datatype: float32
#   description: Number between 0 (worst) and 1 (best)
#   meta:
#     ucd: stat.param
# - 
#   name: reference_time
#   datatype: float64
#   unit: d
#   description: Reference time used for the geometric model fit
#   meta:
#     ucd: time.epoch
# - 
#   name: frequency
#   datatype: float64
#   unit: d**-1
#   description: Frequency of geometric model of the eclipsing binary light curve
#   meta:
#     ucd: src.orbital
# - 
#   name: frequency_error
#   datatype: float32
#   unit: d**-1
#   description: "Uncertainty of \\texttt{frequency}"
#   meta:
#     ucd: stat.error
# - 
#   name: geom_model_reference_level
#   datatype: float32
#   unit: mag
#   description: Magnitude reference level of geometric model
#   meta:
#     ucd: phot.mag;em.opt
# - 
#   name: geom_model_reference_level_error
#   datatype: float32
#   unit: mag
#   description: "Uncertainty of \\texttt{geomModelReferenceLevel}"
#   meta:
#     ucd: stat.error;phot.mag;em.opt
# - 
#   name: geom_model_gaussian1_phase
#   datatype: float32
#   description: Phase of the Gaussian 1 component
#   meta:
#     ucd: time.phase
# - 
#   name: geom_model_gaussian1_phase_error
#   datatype: float32
#   description: "Uncertainty of \\texttt{geomModelGaussian1Phase}"
#   meta:
#     ucd: stat.error;time.phase
# - 
#   name: geom_model_gaussian1_sigma
#   datatype: float32
#   description: "Standard deviation [phase] of Gaussian 1 component"
#   meta:
#     ucd: stat.stdev
# - 
#   name: geom_model_gaussian1_sigma_error
#   datatype: float32
#   description: "Uncertainty of \\texttt{geomModelGaussian1Sigma}"
#   meta:
#     ucd: stat.error
# - 
#   name: geom_model_gaussian1_depth
#   datatype: float32
#   unit: mag
#   description: Magnitude depth of Gaussian 1 component
#   meta:
#     ucd: src.var.amplitude
# - 
#   name: geom_model_gaussian1_depth_error
#   datatype: float32
#   unit: mag
#   description: "Uncertainty of \\texttt{geomModelGaussian1Depth}"
#   meta:
#     ucd: stat.error;src.var.amplitude
# - 
#   name: geom_model_gaussian2_phase
#   datatype: float32
#   description: Phase of Gaussian 2 component
#   meta:
#     ucd: time.phase
# - 
#   name: geom_model_gaussian2_phase_error
#   datatype: float32
#   description: "Uncertainty of \\texttt{geomModelGaussian2Phase}"
#   meta:
#     ucd: stat.error;time.phase
# - 
#   name: geom_model_gaussian2_sigma
#   datatype: float32
[...]
#   datatype: float32
#   description: "Secondary eclipse: uncertainty of \\texttt{derivedSecondaryEclDuration}"
#   meta:
#     ucd: stat.error;time.duration
# - 
#   name: derived_secondary_ecl_depth
#   datatype: float32
#   unit: mag
#   description: "Secondary eclipse: depth"
#   meta:
#     ucd: src.var.amplitude
# - 
#   name: derived_secondary_ecl_depth_error
#   datatype: float32
#   unit: mag
#   description: "Secondary eclipse: uncertainty of \\texttt{derivedSecondaryEclDepth}"
#   meta:
#     ucd: stat.error;src.var.amplitude
solution_id,source_id,global_ranking,reference_time,frequency,frequency_error,geom_model_reference_level,geom_model_reference_level_error,geom_model_gaussian1_phase,geom_model_gaussian1_phase_error,geom_model_gaussian1_sigma,geom_model_gaussian1_sigma_error,geom_model_gaussian1_depth,geom_model_gaussian1_depth_error,geom_model_gaussian2_phase,geom_model_gaussian2_phase_error,geom_model_gaussian2_sigma,geom_model_gaussian2_sigma_error,geom_model_gaussian2_depth,geom_model_gaussian2_depth_error,geom_model_cosine_half_period_amplitude,geom_model_cosine_half_period_amplitude_error,geom_model_cosine_half_period_phase,geom_model_cosine_half_period_phase_error,model_type,num_model_parameters,reduced_chi2,derived_primary_ecl_phase,derived_primary_ecl_phase_error,derived_primary_ecl_duration,derived_primary_ecl_duration_error,derived_primary_ecl_depth,derived_primary_ecl_depth_error,derived_secondary_ecl_phase,derived_secondary_ecl_phase_error,derived_secondary_ecl_duration,derived_secondary_ecl_duration_error,derived_secondary_ecl_depth,derived_secondary_ecl_depth_error
[from data line 376]
375316653866487564,4145193029028824064,0.5820543,2309.230168263462,1.1970068227603519,3.329612E-5,18.763208,0.008548158,0.3022109,0.0041566566,0.053222027,0.0031981852,0.91599774,0.02857378,0.8077817,0.008555439,0.06827433,0.0081978245,0.22217104,0.02804395,null,null,null,null,"TWOGAUSSIANS",8,5.245,0.3022109,0.0041566566,0.29804334,0.017909838,0.91585815,0.028566407,0.8077817,0.008555439,0.38233623,0.045907818,0.22203143,0.028089719
375316653866487564,4145193681814511488,0.5042092,2284.943454293177,2.0280738365370037,3.0408397E-5,18.7287,0.02680677,0.3020225,0.008541692,0.10701479,0.03024777,0.12130108,0.022727823,0.7814738,0.008415352,0.09661193,0.017828207,0.18713838,0.026517078,null,null,null,null,"TWOGAUSSIANS",8,2.0620422,0.7814738,0.008415352,0.4,0.0,0.17587799,0.021114223,0.3020225,0.008546774,0.4,0.0,0.11003543,0.0109785795
375316653866487564,4145195086243133568,0.5317017,2237.4407552479115,1.1188971060552297,3.076395E-5,18.124813,0.011213111,0.27456138,0.007342982,0.053323768,0.006695232,0.4310842,0.029018791,0.78725153,0.026509877,0.043325808,0.019039696,0.2067395,0.053221222,null,null,null,null,"TWOGAUSSIANS",8,10.458285,0.27456138,0.007342982,0.2986131,0.0374933,0.4310837,0.029018791,0.78725153,0.026509877,0.24262452,0.1066223,0.20673901,0.05320632
375316653866487564,4145195227993467392,0.5127266,2211.6782470971043,2.0300372030490363,6.018175E-5,19.632853,0.008776643,0.31524503,0.030500479,0.04254424,0.019369053,0.41006154,0.60797924,0.82859176,0.015723046,0.04929913,0.012550877,0.2717052,0.03515292,null,null,null,null,"TWOGAUSSIANS",8,2.2126653,0.31524503,0.030500479,0.23824774,0.10846669,0.41006142,0.60798025,0.82859176,0.015723046,0.27607512,0.07028491,0.2717051,0.035153355
375316653866487564,4145195228052548480,0.46271178,2319.282441585142,0.9512578535991286,8.729918E-5,18.735914,0.09290546,0.15639317,0.010089411,0.048614226,0.019243835,0.21399266,0.07820536,0.66071975,0.0127289165,0.19623671,0.08631811,0.29776093,0.17084649,null,null,null,null,"TWOGAUSSIANS",8,2.562494,0.66071975,0.0127289165,0.4,0.0,0.24194025,0.21352892,0.15623316,0.010576733,0.27223969,0.10776547,0.18138598,0.09997507
375316653866487564,4145195258041258880,0.65146583,2275.8386076763904,0.7117547070916305,3.73612E-6,16.084158,0.0051857685,0.30001235,0.00327346,0.09035411,0.0031239619,0.30819908,0.010694388,0.80277455,0.0014209074,0.0841915,0.002165872,0.36846516,0.0053387247,null,null,null,null,"TWOGAUSSIANS",8,4.766539,0.80277455,0.0014209074,0.4,0.0,0.35787356,0.0037116725,0.30001235,0.00327346,0.4,0.0,0.29760733,0.009898561
375316653866487564,4145195331072651520,0.45773157,2327.5279570822167,1.2970153176188512,3.9281687E-5,19.88173,0.029979186,0.1608263,0.003891845,0.062791646,0.007478845,0.33597755,0.036796674,0.62262785,0.01666647,0.089053,0.019696165,0.24023646,0.04198716,null,null,null,null,"TWOGAUSSIANS",8,2.8585699,0.1608263,0.003891845,0.35163322,0.04188153,0.3349655,0.036224253,0.62262785,0.01666647,0.4,0.0,0.23922408,0.042247
375316653866487564,4145195949548057344,0.5008814,2242.586737743135,0.2025205487617344,5.4482727E-5,19.898739,0.010449234,0.35919833,0.002156008,0.0152418595,0.0057102647,0.23651539,0.18880889,0.7045594,0.013553252,0.083639316,0.020897254,0.49873024,0.07733548,null,null,null,null,"TWOGAUSSIANS",8,3.0054004,0.7045594,0.013553252,0.4,0.014249099,0.49873024,0.077336445,0.35919833,0.0021763253,0.08535442,0.031977482,0.23661435,0.1885858
375316653866487564,4145195949620423168,0.4878151,2261.9640246371036,0.367505316393831,3.417895E-5,19.442131,0.24554165,0.2428775,0.023814319,0.16178797,0.076816246,0.3826417,0.2396679,0.7251387,0.011868987,0.09827149,0.027697686,0.44160774,0.18408181,null,null,null,null,"TWOGAUSSIANS",8,4.136384,0.7251387,0.011868987,0.4,0.0,0.34196943,0.036623877,0.2428875,0.023834743,0.4,0.0,0.27621883,0.04395596
375316653866487564,4145196052627324032,0.5317086,2247.6092582193114,1.6831879007224455,2.595089E-5,19.391726,0.019764237,0.26836488,0.023600502,0.08844773,0.02451989,0.2119217,0.04045309,0.7934244,0.006037486,0.088528305,0.015940633,0.23878606,0.0162581,null,null,null,null,"TWOGAUSSIANS",8,0.7333694,0.7934244,0.006037486,0.4,0.0,0.23326933,0.016946549,0.26836488,0.023600502,0.4,0.0,0.20640501,0.03775121
375316653866487564,4145196735511242368,0.4372444,2268.0713060264147,0.2721745043476775,4.17264E-5,17.635855,0.009601726,0.17174238,0.016517866,0.09998377,0.031391088,0.061058965,0.0090127075,0.61112976,0.013371046,0.06577996,0.0156027675,0.07194821,0.015565939,null,null,null,null,"TWOGAUSSIANS",8,2.8904889,0.61112976,0.013371046,0.3683678,0.065311275,0.071534894,0.015414301,0.17174238,0.016517866,0.4,0.0,0.060641732,0.008672329
375316653866487564,4145196808600406528,0.44874755,2278.510267914523,1.9440348467106205,6.3090054E-5,18.014563,0.012765931,0.269304,0.008261158,0.022738175,0.017401531,0.0965878,0.052752953,null,null,null,null,null,null,0.10719013,0.01750943,0.269304,0.008261158,"ONEGAUSSIAN_WITH_ELLIPSOIDAL",6,46.88982,0.269304,0.008261158,0.12733378,0.09744858,0.31096765,0.05587773,null,null,null,null,null,null
375316653866487564,4145197083478352896,0.5849488,2292.9688473598385,3.054088462899685,1.1859367E-5,19.292084,0.012581502,0.25320148,0.004506452,0.076302096,0.005125818,0.53847194,0.022118416,0.7613581,0.010811693,0.06669808,0.010172069,0.4759243,0.022192856,null,null,null,null,"TWOGAUSSIANS",8,2.403616,0.25320148,0.004506452,0.4,0.0,0.53663456,0.022280458,0.7613581,0.010811693,0.37350923,0.031387676,0.47408697,0.022603564
375316653866487564,4145197186501794560,0.6101565,2316.842879223909,2.097368103438044,5.705782E-6,18.13588,0.0061720153,0.2572202,0.003340586,0.06923548,0.0028439984,0.3932726,0.017776268,0.7534567,7.509168E-4,0.06975208,0.0015067796,0.49437684,0.013605847,null,null,null,null,"TWOGAUSSIANS",8,3.3146305,0.7534567,7.509168E-4,0.39061165,0.008437966,0.49313867,0.013607189,0.2572202,0.003340586,0.38771868,0.01592639,0.39203444,0.017828071
375316653866487564,4145197255277307776,0.647339,2309.8896323797335,0.9989657125668872,4.0097443E-6,14.225919,0.008091757,0.23863132,0.0011437355,0.105240665,0.0038273402,0.18179113,0.007959088,0.7430482,0.0014667681,0.11148451,0.005222071,0.16657859,0.007587379,null,null,null,null,"TWOGAUSSIANS",8,11.933779,0.23862132,0.0011488274,0.4,0.0,0.15866612,0.00291421,0.7430482,0.0014667681,0.4,0.0,0.14344375,0.0035467858
375316653866487564,4145197564455626240,0.48237637,2276.7326656379228,2.145641419519856,5.7494108E-5,19.428328,0.0412658,0.29686525,0.0035705494,0.08669294,0.018598627,0.31603882,0.025346505,0.78522795,0.015490385,0.05186816,0.03199818,0.5043288,0.16799591,null,null,null,null,"TWOGAUSSIANS",8,4.033201,0.78522795,0.015490385,0.2904617,0.11383485,0.5035375,0.1805909,0.29686525,0.0035705494,0.4,0.0,0.31524745,0.02070996
375316653866487564,4145197839337399936,0.47136205,2280.6247695485026,1.6647778986881423,2.7176504E-5,19.820648,0.11548237,0.1908387,0.0044483137,0.07934422,0.01627769,0.39751878,0.10530185,0.6985824,0.0224045,0.12382191,0.08137999,0.19337732,0.10487841,null,null,null,null,"TWOGAUSSIANS",8,1.6011021,0.1908287,0.004375116,0.4,0.01156986,0.37624344,0.075388186,0.6985824,0.0224045,0.4,0.0,0.17198728,0.026082436
375316653866487564,4145197942412733696,0.567633,2259.303188616273,1.0570821874404301,8.632954E-6,18.061306,0.008440645,0.17680623,0.0021688384,0.08703866,0.0042772535,0.21307771,0.010449445,0.67765075,0.004872605,0.0836455,0.005198804,0.25372836,0.011575484,null,null,null,null,"TWOGAUSSIANS",8,2.7657676,0.67765075,0.004872605,0.4,0.0,0.24746768,0.010625317,0.17680623,0.0021688384,0.4,0.0,0.206817,0.009311802
375316653866487564,4145198457868007424,0.55883175,2261.6897197309486,1.7963450772312595,1.2348602E-5,16.777813,0.0043594567,0.27550277,0.0083386535,0.07965383,0.0099001685,0.08740277,0.007585906,0.7683712,0.0033503354,0.06506932,0.0041435203,0.18201333,0.009448218,null,null,null,null,"TWOGAUSSIANS",8,5.391364,0.7683712,0.0033503354,0.3643882,0.023203714,0.18149678,0.009443434,0.27550277,0.0083386535,0.4,0.0,0.08688622,0.0076058423
375316653866487564,4145198487857147904,0.62652206,2284.230507461591,0.7945362376160378,3.6866524E-5,18.02407,0.0068357266,0.2399461,0.0034890426,0.07863926,0.00433086,0.36843368,0.012768324,0.75252116,0.002916845,0.08953828,0.005117579,0.30806768,0.015837038,null,null,null,null,"TWOGAUSSIANS",8,1.4200484,0.2399461,0.0034890426,0.4,0.0,0.36201644,0.013017783,0.75252116,0.002916845,0.4,0.0,0.3016503,0.017005505
375316653866487564,4145199145003893376,0.5132032,2271.185695779158,0.49733613565967694,6.823679E-5,19.15544,0.034322638,0.98272294,0.013962328,0.045456596,0.009133189,0.07183655,0.015286879,0.3755362,0.014491379,0.18427503,0.03132549,0.25278127,0.028153088,null,null,null,null,"TWOGAUSSIANS",8,1.0531508,0.3755362,0.014491379,0.4,0.0,0.23825154,0.0159913,0.99181294,0.011732797,0.25455695,0.05114586,0.08574428,0.016729958
375316653866487564,4145199243772116480,0.5994988,2282.5682372676843,1.510985230392202,1.0955907E-5,18.453508,0.0130989645,0.13845064,0.005037733,0.09151673,0.0104704,0.14084436,0.012192256,0.63400674,0.010853408,0.07620027,0.007426476,0.33678725,0.028375959,null,null,null,null,"TWOGAUSSIANS",8,1.2586839,0.63400674,0.010853408,0.4,0.0,0.33233812,0.025818946,0.13845064,0.005037733,0.4,0.0,0.13639513,0.009343948
375316653866487564,4145199282442962176,0.50201267,2262.5993435958903,0.746255724308342,2.7557693E-5,19.6806,0.07823909,0.256024,0.004522409,0.13800652,0.024966517,0.4277842,0.066506445,0.7880901,0.01682096,0.09895237,0.019919632,0.37095124,0.078665376,null,null,null,null,"TWOGAUSSIANS",8,1.1944969,0.25601402,0.0045162695,0.4,0.0,0.3639322,0.036645714,0.78881013,0.016747301,0.4,0.0,0.30872044,0.031858046
375316653866487564,4145199793527973504,0.54712677,2289.502332989891,2.7890887494661825,1.6471708E-5,17.938934,0.010527447,0.3740404,0.0038197036,0.085501775,0.0046468116,0.32984346,0.012495923,0.86488235,0.0068742796,0.0801634,0.008361677,0.37883505,0.01721149,null,null,null,null,"TWOGAUSSIANS",8,7.9252467,0.86488235,0.0068742796,0.4,0.0,0.37257165,0.017878747,0.3740404,0.0038197036,0.4,0.0,0.32358003,0.010541727
375316653866487564,4145200381954881024,0.51312035,2262.032834911129,2.780839744443843,1.878073E-5,19.429886,0.07979452,0.17219064,0.014508395,0.103350036,0.04038811,0.21768415,0.06786005,0.68050265,0.0051711127,0.108049355,0.026900928,0.31619373,0.067856275,null,null,null,null,"TWOGAUSSIANS",8,0.74402934,0.68050265,0.005203117,0.4,0.0,0.28702793,0.016225971,0.17218064,0.014479061,0.4,0.0,0.1885295,0.027332732
375316653866487564,4145200759911514368,0.51023877,2248.1150057539116,2.2856821796537763,2.929458E-5,19.352978,0.019528322,0.22589327,0.013731036,0.082362436,0.016417596,0.2885629,0.02293225,0.7161798,0.0066412836,0.07933137,0.013675204,0.3176044,0.0643317,null,null,null,null,"TWOGAUSSIANS",8,2.7336235,0.7161798,0.0066412836,0.4,0.0,0.31340018,0.06681605,0.22589327,0.013731036,0.4,0.0,0.28435865,0.022463808
375316653866487564,4145200862990858112,0.5260086,2244.6482612774284,2.852894518221249,1.2248857E-5,18.66083,0.01549229,0.2715412,0.024328124,0.06548232,0.021994589,0.21140458,0.20334277,0.7814405,0.004238332,0.06711987,0.007755453,0.23790367,0.01886548,null,null,null,null,"TWOGAUSSIANS",8,2.5762453,0.7814405,0.004238332,0.37587124,0.040146757,0.2376275,0.01869623,0.2715412,0.024328124,0.36670098,0.1231697,0.21112841,0.20355953
375316653866487564,4145201172228451200,0.5078373,2241.4278665772904,0.053936223732149756,2.6938986E-5,19.233557,0.015506501,0.35594025,0.08568747,0.03215341,0.089244165,1.3790075,1.9703752,0.872712,0.05285482,0.028390251,0.017741637,0.47612494,4.2893043,null,null,null,null,"TWOGAUSSIANS",8,2.276435,0.35594025,0.08568747,0.18005909,0.21528524,1.3790075,1.9704881,0.872712,0.05285482,0.1589854,0.09935317,0.47612494,4.2893033
375316653866487564,4145201275307707392,0.62661237,2283.4974551885684,1.1089124344507797,3.9097125E-5,18.86046,0.0047609843,0.12668234,0.0019519116,0.017339852,0.003299423,0.14785297,0.056379355,0.8258129,9.111878E-6,0.023905024,1.17654614E-4,2.8111804,0.018829223,null,null,null,null,"TWOGAUSSIANS",8,2.145668,0.8258129,9.111878E-6,0.13386813,6.5886584E-4,2.8111804,0.018829223,0.12668234,0.0019519116,0.09710317,0.01847677,0.14785297,0.056379355
375316653866487564,4145201378386962816,0.50914925,2255.0631213266547,2.315723992697027,3.002246E-5,19.509493,0.007915906,0.2835732,0.0037648156,0.079094395,0.006977027,0.14432117,0.009284691,0.7579045,0.013145574,0.06883642,0.022542462,0.23592412,0.043451764,null,null,null,null,"TWOGAUSSIANS",8,0.75866526,0.7579045,0.013145574,0.38548398,0.11518803,0.23527113,0.044117313,0.2835732,0.0037648156,0.4,0.0,0.14366816,0.008783549
375316653866487564,4145201481469993856,0.50953543,2232.9119479107376,2.2291430114442425,7.089212E-5,19.783052,0.036453985,0.30179825,0.03780624,0.082002245,0.028387483,0.46700782,0.09379376,0.78808844,0.012180446,0.07264715,0.012930547,0.5551354,0.072443746,null,null,null,null,"TWOGAUSSIANS",8,3.4566686,0.78808844,0.012180446,0.4,0.04515411,0.5510773,0.0724639,0.30179825,0.03780624,0.4,0.0,0.46294966,0.08934855
375316653866487564,4145201790704052096,0.4571232,2227.8933371518488,0.32112698018142805,2.1051054E-4,19.827616,0.053228904,0.17120628,0.0124135,0.11888205,0.03954416,0.238613,0.05079764,0.68965703,0.047748044,0.059139494,0.044198792,0.27189034,0.13570575,null,null,null,null,"TWOGAUSSIANS",8,3.004176,0.68967706,0.04777121,0.33118117,0.124846324,0.26526368,0.14761944,0.17120628,0.012410234,0.4,0.0,0.23190331,0.038252637
375316653866487564,4145202507949287040,0.508727,2353.292481579378,2.9807574194675475,2.2937447E-5,18.578077,0.022440122,0.23473671,0.0069502965,0.08159652,0.013087908,0.358621,0.04412822,0.74358475,0.00511702,0.08912299,0.011209329,0.25505307,0.027163243,null,null,null,null,"TWOGAUSSIANS",8,3.313027,0.23473671,0.0069502965,0.4,0.0,0.35158056,0.048471086,0.74358475,0.00511702,0.4,0.0,0.24801256,0.02590066
375316653866487564,4145202821498588160,0.534076,2295.440710320017,1.4918702555964598,2.8728922E-5,18.423372,0.0064430903,0.2431275,0.010711416,0.078830436,0.009063613,0.19955277,0.017043784,0.73000205,0.0028925247,0.0797017,0.0051375185,0.24123305,0.00882653,null,null,null,null,"TWOGAUSSIANS",8,3.2666204,0.73000205,0.0028925247,0.4,0.0,0.23890258,0.008398729,0.2431275,0.010711416,0.4,0.0,0.1972223,0.017172694
375316653866487564,4145203057703974528,0.5682061,2263.8163754014618,0.14414766014746513,1.6093201E-5,18.019522,0.0067197396,0.2107387,0.007792544,0.019670213,0.0027052495,0.54034704,0.17603739,0.70419616,0.022022525,0.03780001,0.015578447,0.087986864,0.02650983,0.06902016,0.009520078,0.2107387,0.007792544,"TWOGAUSSIANS_WITH_ELLIPSOIDAL_ON_ECLIPSE1",9,4.578842,0.2107387,0.007792544,0.11015318,0.015149397,0.6783871,0.17894165,0.7051762,0.016768377,0.21168005,0.0872393,0.2258288,0.023438016
375316653866487564,4145203096376738304,0.46333238,2310.555264277259,1.3746074014802405,2.5775806E-5,18.576727,0.018785449,0.2423287,0.0066687367,0.08446063,0.012056976,0.13965672,0.01877551,0.74889725,0.013478496,0.099991135,0.021424444,0.13300924,0.018114328,null,null,null,null,"TWOGAUSSIANS",8,3.315692,0.2423287,0.006668933,0.4,0.0,0.13342237,0.013138105,0.74889725,0.013478496,0.4,0.0,0.12677385,0.013927391
375316653866487564,4145203126423281280,0.5251237,2283.056403203109,2.0975646420287277,2.4420582E-5,17.62338,0.41515562,0.24019317,0.0067155133,0.13269329,0.033330698,0.42855373,0.35443467,0.7488376,0.0069228853,0.15806119,0.073648684,0.39133677,0.41006172,null,null,null,null,"TWOGAUSSIANS",8,9.811951,0.23946318,0.0067640943,0.4,0.0,0.25867036,0.016755551,0.7491476,0.006365179,0.4,0.0,0.21684879,0.017673915
