Gaia/vari_eclipsing_binary/VariEclipsingBinary_336329-337476.csv
# %ECSV 1.0
# ---
# delimiter: ','
# meta: !!omap
# - RELEASE: Gaia DR3
# - TABLE: vari_eclipsing_binary
# - DESCRIPTION: >
#     This table describes the properties of the eclipsing binaries resulting from the variability analysis. 
# - CITATION: >
#     How to cite and acknowledge Gaia: 
#     https://gea.esac.esa.int/archive/documentation/credits.html 
# - KNOWN_ISSUES: >
#     Known issues: 
#     https://www.cosmos.esa.int/web/gaia-users/known-issues 
# - DOCUMENTATION: >
#     Tutorials and documentation: 
#     https://www.cosmos.esa.int/web/gaia-users/archive 
# datatype:
# - 
#   name: solution_id
#   datatype: int64
#   description: Solution Identifier
#   meta:
#     ucd: meta.version
# - 
#   name: source_id
#   datatype: int64
#   description: Unique source identifier
#   meta:
#     ucd: meta.id;meta.main
# - 
#   name: global_ranking
#   datatype: float32
#   description: Number between 0 (worst) and 1 (best)
#   meta:
#     ucd: stat.param
# - 
#   name: reference_time
#   datatype: float64
#   unit: d
#   description: Reference time used for the geometric model fit
#   meta:
#     ucd: time.epoch
# - 
#   name: frequency
#   datatype: float64
#   unit: d**-1
#   description: Frequency of geometric model of the eclipsing binary light curve
#   meta:
#     ucd: src.orbital
# - 
#   name: frequency_error
#   datatype: float32
#   unit: d**-1
#   description: "Uncertainty of \\texttt{frequency}"
#   meta:
#     ucd: stat.error
# - 
#   name: geom_model_reference_level
#   datatype: float32
#   unit: mag
#   description: Magnitude reference level of geometric model
#   meta:
#     ucd: phot.mag;em.opt
# - 
#   name: geom_model_reference_level_error
#   datatype: float32
#   unit: mag
#   description: "Uncertainty of \\texttt{geomModelReferenceLevel}"
#   meta:
#     ucd: stat.error;phot.mag;em.opt
# - 
#   name: geom_model_gaussian1_phase
#   datatype: float32
#   description: Phase of the Gaussian 1 component
#   meta:
#     ucd: time.phase
# - 
#   name: geom_model_gaussian1_phase_error
#   datatype: float32
#   description: "Uncertainty of \\texttt{geomModelGaussian1Phase}"
#   meta:
#     ucd: stat.error;time.phase
# - 
#   name: geom_model_gaussian1_sigma
#   datatype: float32
#   description: "Standard deviation [phase] of Gaussian 1 component"
#   meta:
#     ucd: stat.stdev
# - 
#   name: geom_model_gaussian1_sigma_error
#   datatype: float32
#   description: "Uncertainty of \\texttt{geomModelGaussian1Sigma}"
#   meta:
#     ucd: stat.error
# - 
#   name: geom_model_gaussian1_depth
#   datatype: float32
#   unit: mag
#   description: Magnitude depth of Gaussian 1 component
#   meta:
#     ucd: src.var.amplitude
# - 
#   name: geom_model_gaussian1_depth_error
#   datatype: float32
#   unit: mag
#   description: "Uncertainty of \\texttt{geomModelGaussian1Depth}"
#   meta:
#     ucd: stat.error;src.var.amplitude
# - 
#   name: geom_model_gaussian2_phase
#   datatype: float32
#   description: Phase of Gaussian 2 component
#   meta:
#     ucd: time.phase
# - 
#   name: geom_model_gaussian2_phase_error
#   datatype: float32
#   description: "Uncertainty of \\texttt{geomModelGaussian2Phase}"
#   meta:
#     ucd: stat.error;time.phase
# - 
#   name: geom_model_gaussian2_sigma
#   datatype: float32
[...]
#   datatype: float32
#   description: "Secondary eclipse: uncertainty of \\texttt{derivedSecondaryEclDuration}"
#   meta:
#     ucd: stat.error;time.duration
# - 
#   name: derived_secondary_ecl_depth
#   datatype: float32
#   unit: mag
#   description: "Secondary eclipse: depth"
#   meta:
#     ucd: src.var.amplitude
# - 
#   name: derived_secondary_ecl_depth_error
#   datatype: float32
#   unit: mag
#   description: "Secondary eclipse: uncertainty of \\texttt{derivedSecondaryEclDepth}"
#   meta:
#     ucd: stat.error;src.var.amplitude
solution_id,source_id,global_ranking,reference_time,frequency,frequency_error,geom_model_reference_level,geom_model_reference_level_error,geom_model_gaussian1_phase,geom_model_gaussian1_phase_error,geom_model_gaussian1_sigma,geom_model_gaussian1_sigma_error,geom_model_gaussian1_depth,geom_model_gaussian1_depth_error,geom_model_gaussian2_phase,geom_model_gaussian2_phase_error,geom_model_gaussian2_sigma,geom_model_gaussian2_sigma_error,geom_model_gaussian2_depth,geom_model_gaussian2_depth_error,geom_model_cosine_half_period_amplitude,geom_model_cosine_half_period_amplitude_error,geom_model_cosine_half_period_phase,geom_model_cosine_half_period_phase_error,model_type,num_model_parameters,reduced_chi2,derived_primary_ecl_phase,derived_primary_ecl_phase_error,derived_primary_ecl_duration,derived_primary_ecl_duration_error,derived_primary_ecl_depth,derived_primary_ecl_depth_error,derived_secondary_ecl_phase,derived_secondary_ecl_phase_error,derived_secondary_ecl_duration,derived_secondary_ecl_duration_error,derived_secondary_ecl_depth,derived_secondary_ecl_depth_error
[from data line 212]
375316653866487564,2964219237511855616,0.46597558,2156.439992340972,0.38445089253255393,2.8172419E-5,17.141987,0.0018746818,0.27593493,0.013527045,0.016828958,0.012526391,0.013549725,0.01340868,0.7709986,0.001729758,0.018205727,0.0022340224,0.15800022,0.0038269842,0.01263486,0.0031517507,0.27593493,0.013527045,"TWOGAUSSIANS_WITH_ELLIPSOIDAL_ON_ECLIPSE1",9,8.339558,0.77101856,0.0017227068,0.101952076,0.012510525,0.18324573,0.0055615483,0.27593493,0.013527045,0.09424216,0.07014779,0.038819436,0.0114066135
375316653866487564,2964232122413752320,0.4561697,2184.8704852865626,0.7880204781399239,1.4167795E-5,15.478612,0.004888521,0.2648647,0.0042671654,0.024502847,0.0040241955,0.07904418,0.017765397,0.7788056,0.0040660235,0.028618215,0.005194964,0.1387491,0.021716742,0.038357478,0.008214792,0.7788056,0.0040660235,"TWOGAUSSIANS_WITH_ELLIPSOIDAL_ON_ECLIPSE2",9,221.19812,0.7788056,0.0040660235,0.160262,0.029091798,0.21546389,0.020746538,0.2654747,0.004135421,0.13721594,0.022535494,0.15519753,0.01514516
375316653866487564,2964304930699113728,0.56346196,2144.9216972492923,2.425273763998775,5.071681E-6,14.961531,0.001390509,0.20578556,0.0015663005,0.021901926,0.008597546,0.010262732,0.003998744,0.5817185,0.014423964,0.04279592,0.010268459,0.013775646,0.0036024638,0.06147963,0.0021697208,0.20578556,0.0015663005,"TWOGAUSSIANS_WITH_ELLIPSOIDAL_ON_ECLIPSE1",9,15.500859,0.20578556,0.0015663005,0.12265079,0.048146263,0.13322185,0.0028634141,0.7042085,0.0035056442,0.23965715,0.057503372,0.12317625,0.0038966723
375316653866487564,2964309981580642816,0.67747104,2167.9349913290507,0.43550585368675,9.506092E-6,15.782253,7.038197E-4,0.11313125,0.0037700455,0.010535896,0.0032985758,0.74445164,0.045949187,0.67935604,0.012089672,0.0113268895,0.012406059,0.061560642,4.8058443,0.0011476049,0.00102403,0.11313125,0.0037700455,"TWOGAUSSIANS_WITH_ELLIPSOIDAL_ON_ECLIPSE1",9,6.8479223,0.11313125,0.0037700455,0.059001017,0.018472023,0.74674684,0.04624986,0.67935604,0.012089672,0.063430585,0.06947393,0.06348086,4.8057466
375316653866487564,2964321938769719168,0.51600116,2141.062270938947,4.304453841636783,1.0084019E-5,17.652328,0.05617928,0.25386795,0.0033198106,0.13067697,0.016121857,0.268426,0.05343596,0.73340434,0.0036660868,0.1256694,0.019637836,0.24311358,0.052145254,null,null,null,null,"TWOGAUSSIANS",8,5.809585,0.25409794,0.0030453017,0.4,0.0,0.2035514,0.006456,0.73340434,0.0036660868,0.4,0.0,0.17844133,0.0068882564
375316653866487564,2964334102117037440,0.66206384,2145.7656369870247,0.587982658657997,2.441892E-6,13.778285,0.00150111,0.28797638,6.341493E-4,0.027573701,4.6056008E-4,0.95494246,0.010807065,0.7864687,0.002486618,0.03024143,0.0026833762,0.077539094,0.0055306153,0.011325776,0.0025614619,0.28797638,6.341493E-4,"TWOGAUSSIANS_WITH_ELLIPSOIDAL_ON_ECLIPSE1",9,49.895355,0.28797638,6.341493E-4,0.15441273,0.0025791365,0.977594,0.010715411,0.78649867,0.0024371003,0.16935201,0.0150269065,0.10018865,0.0047303247
375316653866487564,2964361727348833920,0.47298416,2130.520094066824,1.6324217040184428,2.0874846E-5,15.450405,0.0046895565,0.2122087,0.00781061,0.08470275,0.01994447,0.039345432,0.0038967854,0.7003785,0.0045371745,0.09564176,0.010102774,0.06908349,0.004686279,null,null,null,null,"TWOGAUSSIANS",8,14.327042,0.7003785,0.0045371745,0.4,0.0,0.06720313,0.0035574029,0.2122087,0.00781061,0.4,0.0,0.03746526,0.003526096
375316653866487564,2964362586342279680,0.46769336,2131.5732660699337,0.9741503173959152,5.0912213E-6,13.486157,4.080622E-4,0.375172,0.034142673,0.030632446,0.042206354,0.001969733,0.15586257,0.74049085,9.4450195E-4,0.024401857,0.0015519245,0.042118877,0.0015561063,0.0023999112,5.104524E-4,0.74049085,9.4450195E-4,"TWOGAUSSIANS_WITH_ELLIPSOIDAL_ON_ECLIPSE2",9,14.715732,0.74049085,9.4450195E-4,0.1366504,0.008690777,0.046918653,0.0014758942,0.358602,0.032545578,0.17154169,0.23635559,0.004309004,0.1562357
375316653866487564,2964413163876908160,0.495044,2136.327574912313,3.5093617116746394,1.4151916E-5,19.480902,0.004410567,0.28976634,0.011228345,0.012385915,0.006084119,0.036914468,0.059876822,0.6576694,0.0053029847,0.05872597,0.0038992583,0.49862123,0.02991558,null,null,null,null,"TWOGAUSSIANS",8,3.411706,0.6576694,0.0053029847,0.32886544,0.021835847,0.49862123,0.02991558,0.28976634,0.011228345,0.06936112,0.034071065,0.03691447,0.059876822
375316653866487564,2964431443257817728,0.42913827,2090.863311392706,2.2392468926154936,1.704874E-5,17.823425,0.0039815423,0.34737155,0.003543696,0.010737671,0.0030219394,0.08051182,0.024773885,0.7106773,0.0042945775,0.029670944,0.007063886,0.13946538,0.013893312,0.01305845,0.006469862,0.7106773,0.0042945775,"TWOGAUSSIANS_WITH_ELLIPSOIDAL_ON_ECLIPSE2",9,23.558142,0.7106773,0.0042945775,0.16615729,0.039557762,0.16558224,0.012944996,0.34714156,0.003637,0.060130954,0.016922861,0.09167701,0.02470861
375316653866487564,2964452711935625600,0.57758987,2105.1619011411867,0.9699899967551203,4.4874364E-6,15.750223,0.0017005982,0.2771768,0.0012495962,0.054248977,0.0010654553,0.3647153,0.008850854,0.777488,0.004710033,0.07817369,0.0048293974,0.088814765,0.003055265,null,null,null,null,"TWOGAUSSIANS",8,24.888618,0.2771768,0.0012495962,0.30379426,0.0059665493,0.36447433,0.008857519,0.777488,0.004710033,0.4,0.0,0.08857379,0.0030685992
375316653866487564,2964487483990792704,0.6433004,2175.5020615267154,3.0267623354986384,2.4504784E-6,16.04516,0.006643264,0.2825048,0.0018653796,0.047256198,0.0024678365,0.34942153,0.016489662,0.78024304,8.229481E-4,0.049304213,0.001778224,0.42340726,0.018258067,0.1204055,0.009891813,0.78024304,8.229481E-4,"TWOGAUSSIANS_WITH_ELLIPSOIDAL_ON_ECLIPSE2",9,27.43455,0.78024304,8.229481E-4,0.2761036,0.009958055,0.66421646,0.012132822,0.28225482,0.0016495299,0.2646347,0.013819884,0.5901874,0.00905472
375316653866487564,2964491263562023552,0.5177764,2168.5477238717635,0.5522844436972806,1.3035668E-4,17.086567,0.0014839215,0.10599152,1.06518004E-4,0.015537529,3.7073222E-4,0.23966931,0.0029191568,0.93579173,0.024727158,0.03644924,0.025657728,0.0052605476,0.0180481,null,null,null,null,"TWOGAUSSIANS",8,3.8131328,0.10599152,1.06518004E-4,0.08701016,0.0020761003,0.2396694,0.002918986,0.93579173,0.024727158,0.20411573,0.14368328,0.0052605476,0.0180481
375316653866487564,2964507962392813056,0.5420264,2170.85760938488,2.6108746976634687,1.0471953E-5,12.711395,0.006361099,0.21199381,0.0023387468,0.058471575,0.0063939514,0.106673196,0.020615926,0.6838094,0.006233729,0.03369416,0.005176111,0.12722658,0.02695834,0.14010549,0.009477692,0.21199381,0.0023387468,"TWOGAUSSIANS_WITH_ELLIPSOIDAL_ON_ECLIPSE1",9,1046.3977,0.68843937,0.005973403,0.18868728,0.028986223,0.4001378,0.022695653,0.21199381,0.0023387468,0.32744083,0.035806127,0.38687277,0.01379023
375316653866487564,2964510608092644608,0.5045046,2187.93043213047,0.6036097762432916,6.061973E-6,15.95681,0.0033853706,0.29422212,0.0023249611,0.019130647,0.002041314,0.2877166,0.04870594,0.7969059,0.015573953,0.016588788,0.014255318,0.7770678,9679.696,0.013413595,0.0046044155,0.29422212,0.0023249611,"TWOGAUSSIANS_WITH_ELLIPSOIDAL_ON_ECLIPSE1",9,26.900291,0.7969059,0.015570477,0.092897214,0.07982978,0.8038873,9679.696,0.29422212,0.0023249611,0.10713162,0.011431359,0.31454375,0.049343135
375316653866487564,2964541703655812992,0.6273942,2173.8801962310376,3.635856030022349,1.8938235E-6,12.996286,0.0024283733,0.23622835,0.0055409595,0.04488436,0.00426335,0.18151502,0.011868652,0.7426333,5.9631595E-4,0.047256093,0.0013355992,0.21568234,0.007326114,0.07496981,0.0055486355,0.7426333,5.9631595E-4,"TWOGAUSSIANS_WITH_ELLIPSOIDAL_ON_ECLIPSE2",9,47.505566,0.7426333,5.9631595E-4,0.26463413,0.0074793557,0.36562166,0.0050175604,0.23696834,0.004937455,0.25135243,0.02387476,0.3312398,0.010306206
375316653866487564,2964544692953065984,0.57773364,2185.9370664911844,1.202661467934733,7.169001E-6,13.621991,0.09181198,0.22080183,0.0042683207,0.15251759,0.035331484,0.18552867,0.08929943,0.70261735,0.004568628,0.13223495,0.01717273,0.26351273,0.08275792,null,null,null,null,"TWOGAUSSIANS",8,38.22091,0.70261735,0.004568628,0.4,0.0,0.1832366,0.003264223,0.22157183,0.0035026602,0.4,0.0,0.10388126,0.0024436992
375316653866487564,2964547029415265280,0.5706728,2170.882301683924,2.0559618641422794,3.1868537E-6,14.451502,8.994559E-4,0.30970645,0.0029271815,0.033154473,0.004378063,0.03489612,0.0028894276,0.80904925,6.668987E-4,0.03483913,8.515468E-4,0.113691494,0.0025271806,0.006088746,0.0016255721,0.30970645,0.0029271815,"TWOGAUSSIANS_WITH_ELLIPSOIDAL_ON_ECLIPSE1",9,13.330789,0.80905926,6.573088E-4,0.19509913,0.004768662,0.12586877,0.002154658,0.30970645,0.0029271815,0.18566504,0.024517154,0.047073603,0.0031021296
375316653866487564,2964551908498024576,0.5798393,2172.6372114229025,3.695161221480698,6.9902385E-6,13.981665,0.0025974636,0.27300525,0.001538634,0.055851344,0.0057259095,0.071831204,0.008824108,0.7715369,0.0056614224,0.034491945,0.0053586964,0.04536825,0.007626462,0.10141521,0.0036885592,0.27300525,0.001538634,"TWOGAUSSIANS_WITH_ELLIPSOIDAL_ON_ECLIPSE1",9,154.5398,0.27300525,0.001538634,0.31276754,0.032065094,0.2746584,0.007168027,0.7719669,0.0044255657,0.19315489,0.0300087,0.2481833,0.005605445
375316653866487564,2964557371696373888,0.5711498,2177.5264016018414,0.5273648857424061,5.061893E-6,17.602564,0.0036182879,0.43121544,0.0015420766,0.01088485,8.7175745E-4,0.74895954,0.044147823,0.93106717,0.0011424014,0.010100453,8.1952894E-4,0.54390186,0.014554709,null,null,null,null,"TWOGAUSSIANS",8,20.221287,0.43121544,0.0015420766,0.06095516,0.0048818416,0.74895954,0.044147823,0.93106717,0.0011424014,0.05656254,0.004589362,0.54390186,0.014554709
375316653866487564,2964599496736422528,0.45606217,2075.1034582616476,0.33061616011279016,2.8596118E-5,19.59772,0.010533141,0.19384184,0.00483741,0.0153143685,0.0021124084,0.5240671,0.16238981,0.82267797,0.01546283,0.014644828,0.008819766,0.14607567,0.08194024,0.07138895,0.013740953,0.82267797,0.01546283,"TWOGAUSSIANS_WITH_ELLIPSOIDAL_ON_ECLIPSE2",9,3.6723962,0.19424185,0.0049226065,0.08576046,0.011829486,0.59219563,0.16249111,0.82267797,0.01546283,0.08201104,0.04939069,0.2888535,0.080124915
375316653866487564,2964643919578628736,0.4608345,2156.3837246185103,2.9636176130730574,1.6341606E-5,18.719944,0.019889407,0.2786476,0.017515529,0.061850224,0.029040845,0.16415344,0.06493625,0.77281475,0.0054599443,0.06360097,0.0058082007,0.4295422,0.03208659,null,null,null,null,"TWOGAUSSIANS",8,19.239964,0.77281475,0.0054599443,0.35616544,0.032525923,0.4293857,0.03195451,0.2786476,0.017515529,0.34636125,0.15949576,0.16399693,0.06514196
375316653866487564,2964714704938306432,0.57895356,2152.3475464780013,1.7194484030161756,3.6149647E-6,13.340526,0.005313654,0.22967015,6.456407E-4,0.030717684,8.1069337E-4,0.7763915,0.02326451,0.72915846,0.0014350496,0.030152831,0.0023363393,0.3002604,0.017243844,0.01336876,0.0076666684,0.22967015,6.456407E-4,"TWOGAUSSIANS_WITH_ELLIPSOIDAL_ON_ECLIPSE1",9,814.39984,0.22967015,6.456407E-4,0.17201903,0.0045398828,0.80312896,0.020477751,0.72915846,0.0014264109,0.16885586,0.0130835,0.3269976,0.014942252
375316653866487564,2964755107692436864,0.46332735,2175.2135229809064,2.766374902967143,7.597155E-6,18.609629,0.0039856317,0.23616466,0.002792075,0.031700723,0.0023328268,0.18374673,0.016889986,0.7339184,0.003391983,0.023903657,0.005880727,0.17255332,0.022241559,0.019334733,0.009726924,0.23616466,0.002792075,"TWOGAUSSIANS_WITH_ELLIPSOIDAL_ON_ECLIPSE1",9,7.3419805,0.23616466,0.002792075,0.17752405,0.01306383,0.22241615,0.016652327,0.73393846,0.00336765,0.13386047,0.03293207,0.21121511,0.027117364
375316653866487564,2964756658178727808,0.61009055,2157.8149936976315,0.7069772447314303,1.839092E-6,17.422638,0.002988615,0.290712,5.939289E-4,0.023823678,6.023562E-4,1.6146525,0.05227464,0.7900542,0.004057518,0.02461315,0.008064469,0.072737366,0.018981567,0.015471874,0.0046323407,0.290712,5.939289E-4,"TWOGAUSSIANS_WITH_ELLIPSOIDAL_ON_ECLIPSE1",9,11.175562,0.290712,5.939289E-4,0.1334126,0.0033731947,1.6455963,0.053497244,0.7900642,0.0040176087,0.13783364,0.045161027,0.10368056,0.021274427
375316653866487564,2964784042890489600,0.65111357,2173.060511249408,0.44908380586014596,2.1073135E-6,13.985347,0.0018946356,0.30305067,2.413801E-4,0.025081364,6.9598045E-4,2.0865548,0.16943085,0.79641277,0.014762721,0.023302918,0.010710268,0.09444475,0.057954185,0.013823189,0.0026623223,0.79641277,0.014762721,"TWOGAUSSIANS_WITH_ELLIPSOIDAL_ON_ECLIPSE2",9,39.47199,0.30305067,2.3915536E-4,0.14045565,0.0038974904,2.1141531,0.17176642,0.79641277,0.014762721,0.13049634,0.0599775,0.122091115,0.057367787
375316653866487564,2964798439620730496,0.44163758,2191.115229086961,0.03185131609830246,3.4521057E-5,16.867086,0.004004027,0.14056908,0.004207152,0.017825993,0.0037960755,0.050730545,0.015111178,0.56342894,0.015721638,0.1492737,0.017447932,0.109540485,0.006448921,null,null,null,null,"TWOGAUSSIANS",8,6.8873677,0.56342894,0.015721638,0.4,0.0,0.10873476,0.0061414833,0.14079908,0.004105942,0.09982556,0.021258023,0.05197278,0.015171092
375316653866487564,2964806445439867648,0.44793963,2180.5321038067445,3.075109775709704,6.495437E-6,18.314522,0.0027084835,0.29472613,0.0016981269,0.029393686,0.0033317239,0.18441343,0.012149098,0.79223406,0.025719695,0.016263159,0.016259259,0.15056881,0.24661116,0.014639343,0.0046663224,0.29472613,0.0016981269,"TWOGAUSSIANS_WITH_ELLIPSOIDAL_ON_ECLIPSE1",9,5.606338,0.29472613,0.0016981269,0.16460465,0.018657655,0.21369207,0.013896407,0.792244,0.025706034,0.09107369,0.091051854,0.17984033,0.24757348
375316653866487564,2964812900772433664,0.49966672,2179.5102088609224,1.6892301545566653,1.1724286E-5,18.288805,0.4066172,0.26773173,0.0032946237,0.16940217,0.1447009,0.21689853,0.40262827,0.76396334,0.0032866339,0.12531798,0.045777623,0.24105707,0.29354313,null,null,null,null,"TWOGAUSSIANS",8,2.175711,0.76396334,0.0032866339,0.4,0.0,0.14356092,0.0060006157,0.26781172,0.0032462915,0.4,0.0,0.11399503,0.0048023546
375316653866487564,2964841629811881344,0.5044858,2161.6807055008917,0.6181772063409755,8.538837E-6,16.634449,0.002567195,0.34831622,0.021922851,0.044840783,0.02321731,0.022600533,0.0072115,0.54212886,0.0028103897,0.017102504,0.0017722729,0.34487966,0.028526314,0.0069245617,0.0037564465,0.34831622,0.021922851,"TWOGAUSSIANS_WITH_ELLIPSOIDAL_ON_ECLIPSE1",9,31.392778,0.54212886,0.0028103897,0.095774025,0.009924728,0.34653714,0.028546272,0.34831622,0.021922851,0.25110838,0.13001692,0.036449626,0.006845511
375316653866487564,2964844928346561536,0.43995747,2176.919094663634,2.96227970967564,1.7867098E-5,17.715181,0.008955678,0.29464987,0.025441783,0.035730723,0.035767537,0.04556787,0.10766484,0.73970634,0.009728627,0.060035843,0.023926767,0.0832482,0.028805625,0.060628314,0.010018576,0.73970634,0.009728627,"TWOGAUSSIANS_WITH_ELLIPSOIDAL_ON_ECLIPSE2",9,31.52143,0.73970634,0.009728627,0.3362007,0.13398989,0.20449051,0.023304766,0.28299987,0.016903998,0.20009206,0.2002982,0.15569797,0.11906227
375316653866487564,2964858908462256640,0.54597753,2178.2928212219167,1.8115715108911221,5.3540944E-6,18.265089,0.0029417423,0.29928213,6.511887E-4,0.03402292,6.7863683E-4,0.76769745,0.019127702,0.80017054,8.5829734E-4,0.029609356,0.001687777,0.27197182,0.011587385,null,null,null,null,"TWOGAUSSIANS",8,7.752702,0.29928213,6.511887E-4,0.19052835,0.0038003663,0.76769745,0.019127702,0.80017054,8.5829734E-4,0.16581239,0.009451551,0.27197182,0.011587385
375316653866487564,2964873756167160320,0.5927018,2150.217959594273,2.932113600240825,5.0302156E-6,16.08128,0.030095663,0.27658117,0.0018816032,0.067732655,0.010213765,0.18706237,0.06259906,0.77026373,0.0032681858,0.06746397,0.009072269,0.21641459,0.061816018,0.09080945,0.033246964,0.27658117,0.0018816032,"TWOGAUSSIANS_WITH_ELLIPSOIDAL_ON_ECLIPSE1",9,35.90242,0.77172375,0.0022542267,0.37779826,0.049403086,0.39744788,0.0075575663,0.27658117,0.0018816032,0.3793029,0.053871203,0.36831546,0.008965492
