Gaia/vari_eclipsing_binary/VariEclipsingBinary_680789-680825.csv
# %ECSV 1.0
# ---
# delimiter: ','
# meta: !!omap
# - RELEASE: Gaia DR3
# - TABLE: vari_eclipsing_binary
# - DESCRIPTION: >
#     This table describes the properties of the eclipsing binaries resulting from the variability analysis. 
# - CITATION: >
#     How to cite and acknowledge Gaia: 
#     https://gea.esac.esa.int/archive/documentation/credits.html 
# - KNOWN_ISSUES: >
#     Known issues: 
#     https://www.cosmos.esa.int/web/gaia-users/known-issues 
# - DOCUMENTATION: >
#     Tutorials and documentation: 
#     https://www.cosmos.esa.int/web/gaia-users/archive 
# datatype:
# - 
#   name: solution_id
#   datatype: int64
#   description: Solution Identifier
#   meta:
#     ucd: meta.version
# - 
#   name: source_id
#   datatype: int64
#   description: Unique source identifier
#   meta:
#     ucd: meta.id;meta.main
# - 
#   name: global_ranking
#   datatype: float32
#   description: Number between 0 (worst) and 1 (best)
#   meta:
#     ucd: stat.param
# - 
#   name: reference_time
#   datatype: float64
#   unit: d
#   description: Reference time used for the geometric model fit
#   meta:
#     ucd: time.epoch
# - 
#   name: frequency
#   datatype: float64
#   unit: d**-1
#   description: Frequency of geometric model of the eclipsing binary light curve
#   meta:
#     ucd: src.orbital
# - 
#   name: frequency_error
#   datatype: float32
#   unit: d**-1
#   description: "Uncertainty of \\texttt{frequency}"
#   meta:
#     ucd: stat.error
# - 
#   name: geom_model_reference_level
#   datatype: float32
#   unit: mag
#   description: Magnitude reference level of geometric model
#   meta:
#     ucd: phot.mag;em.opt
# - 
#   name: geom_model_reference_level_error
#   datatype: float32
#   unit: mag
#   description: "Uncertainty of \\texttt{geomModelReferenceLevel}"
#   meta:
#     ucd: stat.error;phot.mag;em.opt
# - 
#   name: geom_model_gaussian1_phase
#   datatype: float32
#   description: Phase of the Gaussian 1 component
#   meta:
#     ucd: time.phase
# - 
#   name: geom_model_gaussian1_phase_error
#   datatype: float32
#   description: "Uncertainty of \\texttt{geomModelGaussian1Phase}"
#   meta:
#     ucd: stat.error;time.phase
# - 
#   name: geom_model_gaussian1_sigma
#   datatype: float32
#   description: "Standard deviation [phase] of Gaussian 1 component"
#   meta:
#     ucd: stat.stdev
# - 
#   name: geom_model_gaussian1_sigma_error
#   datatype: float32
#   description: "Uncertainty of \\texttt{geomModelGaussian1Sigma}"
#   meta:
#     ucd: stat.error
# - 
#   name: geom_model_gaussian1_depth
#   datatype: float32
#   unit: mag
#   description: Magnitude depth of Gaussian 1 component
#   meta:
#     ucd: src.var.amplitude
# - 
#   name: geom_model_gaussian1_depth_error
#   datatype: float32
#   unit: mag
#   description: "Uncertainty of \\texttt{geomModelGaussian1Depth}"
#   meta:
#     ucd: stat.error;src.var.amplitude
# - 
#   name: geom_model_gaussian2_phase
#   datatype: float32
#   description: Phase of Gaussian 2 component
#   meta:
#     ucd: time.phase
# - 
#   name: geom_model_gaussian2_phase_error
#   datatype: float32
#   description: "Uncertainty of \\texttt{geomModelGaussian2Phase}"
#   meta:
#     ucd: stat.error;time.phase
# - 
#   name: geom_model_gaussian2_sigma
#   datatype: float32
[...]
#   datatype: float32
#   description: "Secondary eclipse: uncertainty of \\texttt{derivedSecondaryEclDuration}"
#   meta:
#     ucd: stat.error;time.duration
# - 
#   name: derived_secondary_ecl_depth
#   datatype: float32
#   unit: mag
#   description: "Secondary eclipse: depth"
#   meta:
#     ucd: src.var.amplitude
# - 
#   name: derived_secondary_ecl_depth_error
#   datatype: float32
#   unit: mag
#   description: "Secondary eclipse: uncertainty of \\texttt{derivedSecondaryEclDepth}"
#   meta:
#     ucd: stat.error;src.var.amplitude
solution_id,source_id,global_ranking,reference_time,frequency,frequency_error,geom_model_reference_level,geom_model_reference_level_error,geom_model_gaussian1_phase,geom_model_gaussian1_phase_error,geom_model_gaussian1_sigma,geom_model_gaussian1_sigma_error,geom_model_gaussian1_depth,geom_model_gaussian1_depth_error,geom_model_gaussian2_phase,geom_model_gaussian2_phase_error,geom_model_gaussian2_sigma,geom_model_gaussian2_sigma_error,geom_model_gaussian2_depth,geom_model_gaussian2_depth_error,geom_model_cosine_half_period_amplitude,geom_model_cosine_half_period_amplitude_error,geom_model_cosine_half_period_phase,geom_model_cosine_half_period_phase_error,model_type,num_model_parameters,reduced_chi2,derived_primary_ecl_phase,derived_primary_ecl_phase_error,derived_primary_ecl_duration,derived_primary_ecl_duration_error,derived_primary_ecl_depth,derived_primary_ecl_depth_error,derived_secondary_ecl_phase,derived_secondary_ecl_phase_error,derived_secondary_ecl_duration,derived_secondary_ecl_duration_error,derived_secondary_ecl_depth,derived_secondary_ecl_depth_error
[from data line 370]
375316653866487564,5988506268457491584,0.64828146,2082.718419604159,1.6541478576260054,2.6337225E-6,14.555983,0.003887848,0.2573594,0.0015474764,0.07819289,0.0021621375,0.38226894,0.00903001,0.7517593,0.001427405,0.088650234,0.0018793533,0.35994285,0.006228176,null,null,null,null,"TWOGAUSSIANS",8,27.13856,0.2573594,0.0015474764,0.4,0.0,0.37478104,0.0098852385,0.7517593,0.001427405,0.4,0.0,0.35245487,0.006115712
375316653866487564,5988507020052560128,0.43313888,2093.578953378305,4.196181549209432,5.7492394E-5,19.21415,0.23541997,0.25599086,0.024978885,0.14496681,0.05228055,0.3425965,0.21075273,0.70179665,0.023799473,0.15532967,0.049269903,0.3275002,0.21964552,null,null,null,null,"TWOGAUSSIANS",8,5.8837667,0.26194087,0.018531282,0.4,0.0,0.22695458,0.040701292,0.70179665,0.023799473,0.4,0.0,0.20897149,0.018091366
375316653866487564,5988507299249702784,0.58638036,2078.8235239981836,2.59194910338799,8.686036E-6,17.660368,0.0122607155,0.27318954,0.001932152,0.047221344,0.005145027,0.25159603,0.030678686,0.77247864,0.0049658506,0.04906323,0.0067376965,0.2560078,0.02483249,0.11280839,0.017961541,0.27318954,0.001932152,"TWOGAUSSIANS_WITH_ELLIPSOIDAL_ON_ECLIPSE1",9,9.417605,0.77257866,0.004491943,0.2747541,0.0377311,0.48161972,0.017846534,0.27318954,0.001932152,0.26443952,0.02881215,0.4772118,0.021030892
375316653866487564,5988507745926247040,0.5841721,2102.666266241941,1.3760269486267334,3.428224E-6,16.833263,0.0021186408,0.1995991,0.0024466189,0.0357001,0.0026009544,0.0959487,0.005748255,0.6991365,3.7013495E-4,0.035806574,6.633391E-4,0.41062817,0.007175982,0.013852909,0.003736557,0.1995991,0.0024466189,"TWOGAUSSIANS_WITH_ELLIPSOIDAL_ON_ECLIPSE1",9,6.3870015,0.6991365,3.6878063E-4,0.2005168,0.003714699,0.43833375,0.008232069,0.1995991,0.0024466189,0.19992056,0.014565344,0.1236545,0.0040681288
375316653866487564,5988508020804196352,0.6152626,2112.4920059483484,1.336748602988549,2.711981E-6,17.205835,0.005677576,0.18369342,0.001347988,0.09497155,0.0027285884,0.19560409,0.0061840573,0.6810367,0.0015597851,0.0901498,0.0027609095,0.22185688,0.0062000724,null,null,null,null,"TWOGAUSSIANS",8,1.7146511,0.6810367,0.0015597851,0.4,0.0,0.21144181,0.004792361,0.18369342,0.001347988,0.4,0.0,0.18518876,0.0044568465
375316653866487564,5988508089514270720,0.5160824,2122.081396425498,3.6092258783940316,1.364952E-5,19.72504,0.024782766,0.24705355,0.0029856355,0.0735962,0.0077387434,0.5419683,0.039716776,0.7501,0.008412339,0.073076956,0.016063988,0.5231523,0.07603444,null,null,null,null,"TWOGAUSSIANS",8,2.6609612,0.24705355,0.0029856355,0.4,0.0,0.53899586,0.04103685,0.7501,0.008412339,0.4,0.006479081,0.5201799,0.08166201
375316653866487564,5988508806745217792,0.48942602,2116.012867006869,4.6062806914414,2.0916643E-5,16.343487,0.071391374,0.29658413,0.0035915596,0.14064513,0.009908639,0.3109536,0.032082412,0.797708,0.0049218438,0.25076088,0.03496546,0.37927184,0.068576485,null,null,null,null,"TWOGAUSSIANS",8,9.39123,0.29607412,0.003582115,0.4,0.0,0.116909966,0.0040877885,0.797848,0.0051217643,0.4,0.0,0.082702175,0.005660399
375316653866487564,5988509085946322432,0.5100019,2133.8519574498782,3.480088332519496,1.568579E-5,19.782486,0.039033685,0.19839312,0.006593466,0.10304518,0.012725132,0.4216937,0.03843528,0.6854691,0.004943748,0.07911975,0.012469567,0.5012414,0.040882654,null,null,null,null,"TWOGAUSSIANS",8,3.13933,0.6854691,0.004943748,0.4,0.0,0.4841951,0.043119136,0.19839312,0.006593466,0.4,0.0,0.40463975,0.030051056
375316653866487564,5988509219062137728,0.6066941,2061.5962065611247,1.7959082786713578,7.3759384E-6,17.631325,0.002810317,0.25303018,0.0014974723,0.07716406,0.0023359335,0.36925298,0.013313629,0.75366545,0.0011180572,0.08123519,0.0022858153,0.28182486,0.006662924,null,null,null,null,"TWOGAUSSIANS",8,2.649722,0.25303018,0.0014974723,0.4,0.0,0.36490536,0.013918985,0.75366545,0.0011180572,0.4,0.0,0.2774772,0.0070611406
375316653866487564,5988509223395125504,0.48125878,2099.608522767418,2.3903812345273576,1.9673475E-5,15.925687,0.011308204,0.25766948,0.0038088586,0.035120368,0.0071604624,0.08645036,0.023181569,0.75699943,0.014049842,0.06001121,0.013898939,0.09155111,0.04042783,0.048554312,0.012180062,0.25766948,0.0038088586,"TWOGAUSSIANS_WITH_ELLIPSOIDAL_ON_ECLIPSE1",9,128.18823,0.7571595,0.011887465,0.3360628,0.07783406,0.18864343,0.03553271,0.25766948,0.0038088586,0.19667406,0.04009859,0.183544,0.011253133
375316653866487564,5988509360834056832,0.5772824,2122.2823848618086,3.0396171982657996,1.009176E-5,17.980751,0.021288693,0.21230447,0.0027101925,0.050293513,0.009167655,0.27462286,0.039472554,0.7197706,0.004764169,0.05634054,0.0064719906,0.27309868,0.049390636,0.121520236,0.025406431,0.21230447,0.0027101925,"TWOGAUSSIANS_WITH_ELLIPSOIDAL_ON_ECLIPSE1",9,5.8852882,0.21230447,0.0027101925,0.28164366,0.05133887,0.5176538,0.021045603,0.7197706,0.004764169,0.31550702,0.03624315,0.5155952,0.018864425
375316653866487564,5988509871897172736,0.53270596,2109.5852036339156,2.906462884443615,1.22190195E-5,17.65963,0.009411099,0.3392212,0.002953922,0.08375089,0.0051506725,0.26706767,0.012268017,0.84155285,0.0035159683,0.08959964,0.007011252,0.24953046,0.015123921,null,null,null,null,"TWOGAUSSIANS",8,6.5146065,0.3392212,0.002953922,0.4,0.0,0.25932956,0.011913634,0.84155285,0.0035159683,0.4,0.0,0.24179228,0.016399814
375316653866487564,5988510632145241728,0.4822092,2093.546784803768,0.03760713242121312,2.4534062E-5,19.622217,0.014166279,0.32776353,0.0051015425,0.061866023,0.0048528616,0.57406396,0.048402075,0.8145482,0.008386653,0.05588766,0.011903826,0.6144863,0.3041124,null,null,null,null,"TWOGAUSSIANS",8,7.705693,0.8145482,0.008386653,0.31297088,0.066661425,0.6143974,0.3041878,0.32776353,0.0051015425,0.3464497,0.027176026,0.57397515,0.048423305
375316653866487564,5988511147530785536,0.45004293,2133.5747058018096,0.8190346937086795,5.0293198E-5,19.928844,0.017978404,0.32812145,0.008975048,0.044877116,0.0118858805,0.24104273,0.03755178,0.8031156,0.016471043,0.042993795,0.012853671,0.22998652,0.053577773,null,null,null,null,"TWOGAUSSIANS",8,4.954813,0.32812145,0.008975048,0.25131184,0.06656093,0.24104272,0.03755184,0.8031156,0.016471043,0.24076524,0.07198056,0.2299865,0.05357774
375316653866487564,5988511658617017088,0.51377875,2088.668018998119,2.247906744203378,2.1009188E-5,18.639381,0.02171921,0.24629371,0.0038125531,0.1063191,0.011791871,0.21620858,0.019862598,0.7481139,0.007891807,0.101460904,0.014039444,0.16541271,0.021953536,null,null,null,null,"TWOGAUSSIANS",8,2.0686314,0.24629371,0.0038125531,0.4,0.0,0.19570623,0.009917952,0.7481139,0.007891807,0.4,0.0,0.14491543,0.011145462
375316653866487564,5988511869095042176,0.52522266,2099.5411219539374,2.0343285418858277,1.161079E-5,14.588602,0.018598257,0.20909259,0.0040495223,0.108106956,0.02093912,0.077675164,0.017616063,0.71684,0.005247079,0.11117976,0.02335601,0.08587085,0.015338472,null,null,null,null,"TWOGAUSSIANS",8,11.311234,0.71685004,0.005232151,0.4,0.0,0.074677594,0.0035181963,0.20908259,0.0040642703,0.4,0.0,0.06648551,0.0047346274
375316653866487564,5988512040893738112,0.7290462,2116.5620912901654,0.37966182239840357,2.6765817E-6,14.730826,0.0025317937,0.36702213,3.7977172E-4,0.02665417,3.3389236E-4,1.450977,0.026272517,0.8677111,0.0021649597,0.029099448,0.0020679864,0.112817355,0.0056826696,0.012228705,0.0033339194,0.36702213,3.7977172E-4,"TWOGAUSSIANS_WITH_ELLIPSOIDAL_ON_ECLIPSE1",9,30.543474,0.36702213,3.7977172E-4,0.14926335,0.0018697972,1.4754343,0.026379107,0.8677111,0.0021649597,0.16295691,0.011580724,0.1372743,0.002912679
375316653866487564,5988512689393801344,0.4967512,2071.782164699384,0.5997444815519828,2.6080968E-5,12.764442,8.8364625E-4,null,null,null,null,null,null,null,null,null,null,null,null,0.021193594,0.0012986112,0.21971637,0.0045705717,"ELLIPSOIDAL",4,62.494835,null,null,null,null,null,null,null,null,null,null,null,null
375316653866487564,5988512934247083136,0.56864846,2086.584216474758,3.745172659743235,6.9921234E-6,17.00896,0.008203041,0.13607758,0.002455629,0.077495635,0.0036997003,0.31991994,0.010413801,0.63931507,0.005301198,0.074090526,0.004055943,0.30086106,0.017171083,null,null,null,null,"TWOGAUSSIANS",8,19.733707,0.13607758,0.002455629,0.4,0.0,0.31740966,0.010183882,0.63931507,0.005301198,0.4,0.0,0.29835078,0.017038047
375316653866487564,5988513071677528448,0.46510324,2073.609262533657,4.953322614590353,1.7508435E-5,19.331726,0.010481774,0.21881926,0.0041920138,0.01591561,0.021643337,0.2799184,0.074310854,0.8725394,0.049885683,0.04440421,0.038484562,0.030988771,0.071109094,0.07280037,0.017480694,0.21881926,0.0041920138,"TWOGAUSSIANS_WITH_ELLIPSOIDAL_ON_ECLIPSE1",9,7.060491,0.21881926,0.0041920138,0.08912742,0.12120269,0.42551842,0.090880916,0.8725394,0.049885683,0.24866356,0.21551356,0.07808091,0.086503305
375316653866487564,5988518397437718528,0.5312968,2076.7201653451534,2.882383400903742,1.9620691E-5,19.197294,0.038509283,0.1700304,0.003266805,0.076020926,0.009581942,0.37564456,0.035167933,0.66325027,0.004838873,0.0715046,0.008564136,0.45282105,0.03556763,null,null,null,null,"TWOGAUSSIANS",8,4.610051,0.66325027,0.004838873,0.4,0.03766191,0.45057115,0.03445083,0.1700304,0.003266805,0.4,0.022315968,0.37339467,0.03332852
375316653866487564,5988518741043024768,0.50471836,2089.649717125792,0.6596108699431001,2.233377E-5,16.90587,0.0020179169,0.36917007,0.017093863,0.018398846,0.020523587,0.20233022,2.4872852E34,0.9094025,0.010878578,0.037052073,0.021177236,0.016764289,0.12579048,null,null,null,null,"TWOGAUSSIANS",8,4.325589,0.36917007,0.017093863,0.103033535,0.11493209,0.20233022,2.4872852E34,0.9094025,0.010878578,0.20749162,0.11859252,0.016764289,0.12579048
375316653866487564,5988518878481981312,0.56411904,2067.107324620954,3.073517874314071,7.999539E-6,15.102101,0.006262356,0.23617111,0.0011484034,0.08058309,0.002898137,0.2966397,0.007900834,0.7442898,0.0026911716,0.085425176,0.004334544,0.2798642,0.008938287,null,null,null,null,"TWOGAUSSIANS",8,33.178474,0.23617111,0.0011484034,0.4,0.0,0.29132316,0.007835889,0.7442898,0.0026911716,0.4,0.0,0.27454764,0.009045917
375316653866487564,5988519286478854272,0.57935673,2069.763384343928,3.0493003917507653,1.4734247E-5,18.204723,0.006534962,0.27125996,0.007486514,0.07643107,0.0046797176,0.5260328,0.0352247,0.7762856,0.004318019,0.07773004,0.0036485838,0.47979337,0.010851569,null,null,null,null,"TWOGAUSSIANS",8,4.808093,0.27125996,0.007486514,0.4,0.0,0.5213394,0.034045685,0.7762856,0.004318019,0.4,0.0,0.47509998,0.01066551
375316653866487564,5988519423902449152,0.43897673,2086.014052384734,2.3430003542434,2.90007E-5,18.80828,0.011816643,0.24452855,0.014374252,0.04509117,0.032797463,0.35543415,0.2460299,0.7827522,0.0113485865,0.06565697,0.014828493,0.11037074,0.026439305,null,null,null,null,"TWOGAUSSIANS",8,5.4318314,0.24452855,0.014374252,0.25251058,0.1836658,0.3554316,0.24631922,0.7827522,0.0113485865,0.36767903,0.07925634,0.11036818,0.026370568
375316653866487564,5988519600036550016,0.6077879,2081.275159334149,2.5069176719761255,1.697901E-5,14.266215,0.0095876455,0.25853583,0.0017150299,0.04819051,0.0062283576,0.2054419,0.02487345,0.7574333,0.013519891,0.047945477,0.012682567,0.17745967,0.030762464,0.12178009,0.014155387,0.25853583,0.0017150299,"TWOGAUSSIANS_WITH_ELLIPSOIDAL_ON_ECLIPSE1",9,186.78294,0.25853583,0.0017150299,0.26986685,0.0348788,0.44900155,0.020705793,0.7576533,0.0116532175,0.26849467,0.07102238,0.42100993,0.018752297
375316653866487564,5988520901369076992,0.51943266,2097.2971412537067,1.167585120250452,3.616537E-5,18.921314,0.010374103,0.16144927,0.007041313,0.023841381,0.009337768,0.18244374,0.16579024,0.64102846,0.011425574,0.03587985,0.0070286933,0.5678316,0.013022961,null,null,null,null,"TWOGAUSSIANS",8,8.555202,0.64102846,0.011425574,0.20092717,0.039360683,0.5678316,0.013022961,0.16144927,0.007041313,0.13351174,0.052291498,0.18244374,0.16579024
375316653866487564,5988521730296614656,0.47699752,2088.4959923741676,2.8022860726140557,3.738057E-5,19.017628,0.039128426,0.15868331,0.0036345285,0.111217596,0.017131161,0.23806055,0.0347918,0.66382873,0.0067664874,0.10334126,0.019714441,0.20440073,0.034939744,null,null,null,null,"TWOGAUSSIANS",8,2.33912,0.15868331,0.0036382673,0.4,0.0,0.21040499,0.011666154,0.66383874,0.0067716804,0.4,0.0,0.17676155,0.016440757
375316653866487564,5988522241412559232,0.5717739,2077.6639034142618,2.214541217615844,2.095266E-5,18.750975,0.007380185,0.2458439,0.0030641377,0.07619163,0.003521647,0.3124822,0.009058229,0.7432059,0.0041228146,0.091200955,0.007898377,0.16724837,0.015441749,null,null,null,null,"TWOGAUSSIANS",8,1.1717473,0.2458439,0.0030641377,0.4,0.0,0.30765146,0.0080231605,0.7432059,0.0041228146,0.4,0.0,0.1624175,0.016274184
375316653866487564,5988522554930433152,0.5370684,2121.9860398073956,3.29166114316419,1.2024105E-5,19.56542,0.013683184,0.23039761,0.002942586,0.06045315,0.0052135712,0.574204,0.054103203,0.7222334,0.0034144963,0.064787015,0.006504804,0.5646684,0.07640543,null,null,null,null,"TWOGAUSSIANS",8,2.3288472,0.23039761,0.002942586,0.33853766,0.029195998,0.5739012,0.05429292,0.7222334,0.0034144963,0.3628073,0.0364269,0.56436557,0.0766574
375316653866487564,5988522795448083584,0.5829247,2100.4117662106078,2.954567582245364,6.9697576E-6,18.272297,0.008254399,0.2696704,0.0018857478,0.048271503,0.005067917,0.1317742,0.019292085,0.76173615,0.006625348,0.05668031,0.007933853,0.20128167,0.016715867,0.108445056,0.010359637,0.2696704,0.0018857478,"TWOGAUSSIANS_WITH_ELLIPSOIDAL_ON_ECLIPSE1",9,3.5995772,0.76343614,0.005189127,0.31740972,0.044429578,0.41774118,0.011375579,0.2696704,0.0018857478,0.27032042,0.028380336,0.34865683,0.0064314245
375316653866487564,5988523169111021312,0.6548239,2118.1549631527632,3.369935403610323,2.6717012E-6,18.76742,0.008029424,0.22266048,7.1965484E-4,0.048914623,0.0015464933,0.49160868,0.019048043,0.7297422,0.003622487,0.04566073,0.0038161385,0.39321116,0.031775583,0.13259143,0.010540187,0.22266048,7.1965484E-4,"TWOGAUSSIANS_WITH_ELLIPSOIDAL_ON_ECLIPSE1",9,1.5079083,0.22266048,7.1965484E-4,0.2739219,0.008660362,0.75679004,0.012581975,0.7297422,0.003622487,0.25570008,0.021370376,0.6578678,0.02983217
375316653866487564,5988523448319956096,0.5582127,2106.633967855858,3.7783705898305886,1.8472703E-5,15.085634,0.011878788,0.24177139,0.005256191,0.08040302,0.0072083557,0.4126767,0.013770623,0.7488221,0.009855059,0.08182403,0.010190571,0.27445725,0.025229162,null,null,null,null,"TWOGAUSSIANS",8,196.97656,0.24177139,0.005256191,0.4,0.0,0.40760866,0.011739383,0.7488221,0.009855059,0.4,0.0,0.26938918,0.02480717
375316653866487564,5988524032435545216,0.52746177,2104.509279594698,0.32733283387363665,2.8028298E-5,17.7513,0.0020602667,0.15383892,0.0042784517,0.009597644,0.0077977707,0.7567637,24192.297,0.40487558,0.0033856025,0.028511653,0.003310596,0.07455413,0.0054551815,0.019218108,0.0044174367,0.15383892,0.0042784517,"TWOGAUSSIANS_WITH_ELLIPSOIDAL_ON_ECLIPSE1",9,2.6594086,0.15383892,0.0042784517,0.05374681,0.043667518,0.79519993,24192.299,0.40491557,0.0034628275,0.15966526,0.018539337,0.07455581,0.005462216
375316653866487564,5988524955822138752,0.47040904,2111.321290851911,0.3218578747266816,4.1315358E-5,18.466541,0.0035849924,0.67563236,0.016986465,0.013008351,0.013551533,0.20522204,7.9727346E10,null,null,null,null,null,null,0.020405296,0.0051801777,0.67563236,0.016986465,"ONEGAUSSIAN_WITH_ELLIPSOIDAL",6,3.6486201,0.67563236,0.016986465,0.07284677,0.07588858,0.24603257,7.9727346E10,null,null,null,null,null,null
