Gaia/vari_eclipsing_binary/VariEclipsingBinary_488116-488156.csv
# %ECSV 1.0
# ---
# delimiter: ','
# meta: !!omap
# - RELEASE: Gaia DR3
# - TABLE: vari_eclipsing_binary
# - DESCRIPTION: >
#     This table describes the properties of the eclipsing binaries resulting from the variability analysis. 
# - CITATION: >
#     How to cite and acknowledge Gaia: 
#     https://gea.esac.esa.int/archive/documentation/credits.html 
# - KNOWN_ISSUES: >
#     Known issues: 
#     https://www.cosmos.esa.int/web/gaia-users/known-issues 
# - DOCUMENTATION: >
#     Tutorials and documentation: 
#     https://www.cosmos.esa.int/web/gaia-users/archive 
# datatype:
# - 
#   name: solution_id
#   datatype: int64
#   description: Solution Identifier
#   meta:
#     ucd: meta.version
# - 
#   name: source_id
#   datatype: int64
#   description: Unique source identifier
#   meta:
#     ucd: meta.id;meta.main
# - 
#   name: global_ranking
#   datatype: float32
#   description: Number between 0 (worst) and 1 (best)
#   meta:
#     ucd: stat.param
# - 
#   name: reference_time
#   datatype: float64
#   unit: d
#   description: Reference time used for the geometric model fit
#   meta:
#     ucd: time.epoch
# - 
#   name: frequency
#   datatype: float64
#   unit: d**-1
#   description: Frequency of geometric model of the eclipsing binary light curve
#   meta:
#     ucd: src.orbital
# - 
#   name: frequency_error
#   datatype: float32
#   unit: d**-1
#   description: "Uncertainty of \\texttt{frequency}"
#   meta:
#     ucd: stat.error
# - 
#   name: geom_model_reference_level
#   datatype: float32
#   unit: mag
#   description: Magnitude reference level of geometric model
#   meta:
#     ucd: phot.mag;em.opt
# - 
#   name: geom_model_reference_level_error
#   datatype: float32
#   unit: mag
#   description: "Uncertainty of \\texttt{geomModelReferenceLevel}"
#   meta:
#     ucd: stat.error;phot.mag;em.opt
# - 
#   name: geom_model_gaussian1_phase
#   datatype: float32
#   description: Phase of the Gaussian 1 component
#   meta:
#     ucd: time.phase
# - 
#   name: geom_model_gaussian1_phase_error
#   datatype: float32
#   description: "Uncertainty of \\texttt{geomModelGaussian1Phase}"
#   meta:
#     ucd: stat.error;time.phase
# - 
#   name: geom_model_gaussian1_sigma
#   datatype: float32
#   description: "Standard deviation [phase] of Gaussian 1 component"
#   meta:
#     ucd: stat.stdev
# - 
#   name: geom_model_gaussian1_sigma_error
#   datatype: float32
#   description: "Uncertainty of \\texttt{geomModelGaussian1Sigma}"
#   meta:
#     ucd: stat.error
# - 
#   name: geom_model_gaussian1_depth
#   datatype: float32
#   unit: mag
#   description: Magnitude depth of Gaussian 1 component
#   meta:
#     ucd: src.var.amplitude
# - 
#   name: geom_model_gaussian1_depth_error
#   datatype: float32
#   unit: mag
#   description: "Uncertainty of \\texttt{geomModelGaussian1Depth}"
#   meta:
#     ucd: stat.error;src.var.amplitude
# - 
#   name: geom_model_gaussian2_phase
#   datatype: float32
#   description: Phase of Gaussian 2 component
#   meta:
#     ucd: time.phase
# - 
#   name: geom_model_gaussian2_phase_error
#   datatype: float32
#   description: "Uncertainty of \\texttt{geomModelGaussian2Phase}"
#   meta:
#     ucd: stat.error;time.phase
# - 
#   name: geom_model_gaussian2_sigma
#   datatype: float32
[...]
#   datatype: float32
#   description: "Secondary eclipse: uncertainty of \\texttt{derivedSecondaryEclDuration}"
#   meta:
#     ucd: stat.error;time.duration
# - 
#   name: derived_secondary_ecl_depth
#   datatype: float32
#   unit: mag
#   description: "Secondary eclipse: depth"
#   meta:
#     ucd: src.var.amplitude
# - 
#   name: derived_secondary_ecl_depth_error
#   datatype: float32
#   unit: mag
#   description: "Secondary eclipse: uncertainty of \\texttt{derivedSecondaryEclDepth}"
#   meta:
#     ucd: stat.error;src.var.amplitude
solution_id,source_id,global_ranking,reference_time,frequency,frequency_error,geom_model_reference_level,geom_model_reference_level_error,geom_model_gaussian1_phase,geom_model_gaussian1_phase_error,geom_model_gaussian1_sigma,geom_model_gaussian1_sigma_error,geom_model_gaussian1_depth,geom_model_gaussian1_depth_error,geom_model_gaussian2_phase,geom_model_gaussian2_phase_error,geom_model_gaussian2_sigma,geom_model_gaussian2_sigma_error,geom_model_gaussian2_depth,geom_model_gaussian2_depth_error,geom_model_cosine_half_period_amplitude,geom_model_cosine_half_period_amplitude_error,geom_model_cosine_half_period_phase,geom_model_cosine_half_period_phase_error,model_type,num_model_parameters,reduced_chi2,derived_primary_ecl_phase,derived_primary_ecl_phase_error,derived_primary_ecl_duration,derived_primary_ecl_duration_error,derived_primary_ecl_depth,derived_primary_ecl_depth_error,derived_secondary_ecl_phase,derived_secondary_ecl_phase_error,derived_secondary_ecl_duration,derived_secondary_ecl_duration_error,derived_secondary_ecl_depth,derived_secondary_ecl_depth_error
[from data line 560]
375316653866487564,4293862286817042304,0.6131105,2174.369838424565,2.934475549212555,6.772497E-6,18.038773,0.0070711514,0.22373714,0.004719941,0.072193146,0.0058797565,0.37472302,0.011545704,0.7172628,0.0022073342,0.07790687,0.0025429272,0.40789738,0.010538793,null,null,null,null,"TWOGAUSSIANS",8,3.7390344,0.7172628,0.0022073342,0.4,0.0,0.4052596,0.010037046,0.22373714,0.004719941,0.4,0.010675657,0.37208524,0.011114408
375316653866487564,4293862566023734400,0.7397208,2173.1349929924895,0.3171326386551081,5.262091E-6,16.176844,0.0055495813,0.23343629,4.337355E-4,0.022162585,4.7892882E-4,1.2580354,0.020766087,0.73281693,0.0010692504,0.025057526,0.0031034953,0.10082787,0.013130451,0.014364604,0.006377868,0.23343629,4.337355E-4,"TWOGAUSSIANS_WITH_ELLIPSOIDAL_ON_ECLIPSE1",9,15.110594,0.23343629,4.337355E-4,0.12411047,0.0026820013,1.2867646,0.017944254,0.73282695,0.0010562122,0.14032215,0.017379574,0.12955664,0.008071601
375316653866487564,4293863218858805760,0.5428394,2187.480993414786,1.7327705135918714,1.4480188E-5,17.506937,0.0062899287,0.27077237,0.008355011,0.07899724,0.007439895,0.15763257,0.016902013,0.7739845,0.0027394309,0.061417095,0.005204592,0.226287,0.023569934,null,null,null,null,"TWOGAUSSIANS",8,3.0638797,0.7739845,0.0027394309,0.34393573,0.029145714,0.2256936,0.023846056,0.27077237,0.008355011,0.4,0.0,0.15703917,0.016950855
375316653866487564,4293864245325671808,0.5279014,2117.386021173461,3.3833619525941443,2.2767472E-5,18.087543,0.01092467,0.23049273,0.0034964862,0.0737653,0.009673077,0.23045157,0.0106818,0.717651,0.0068345317,0.06761347,0.008753701,0.2781794,0.02412899,null,null,null,null,"TWOGAUSSIANS",8,5.5007124,0.717651,0.0068345317,0.37863544,0.048835583,0.27748007,0.024022711,0.23049273,0.0034964862,0.4,0.0023691333,0.22975223,0.010726705
375316653866487564,4293864657642535296,0.46035764,2123.3188590497994,2.5349073598706706,4.470962E-5,18.653215,0.0055335388,null,null,null,null,null,null,null,null,null,null,null,null,0.06277184,0.009079064,0.13630435,0.00932636,"ELLIPSOIDAL",4,4.1064177,null,null,null,null,null,null,null,null,null,null,null,null
375316653866487564,4293866826631756672,0.545956,2150.0127822864984,0.32184141749627293,1.101891E-6,18.213333,0.005067333,0.21456473,0.030079784,0.009754708,0.060096275,0.38427347,0.32780117,0.816065,8.089528E-4,0.0072061745,0.004050002,0.084465176,0.051114168,null,null,null,null,"TWOGAUSSIANS",8,4.159072,0.21456473,0.030079784,0.054626364,0.32311276,0.38427347,0.32780117,0.816065,8.089528E-4,0.040354576,0.02268001,0.084465176,0.051114164
375316653866487564,4293867101509670528,0.49972385,2141.705840485308,0.6508084825674686,2.0829611E-5,16.99435,0.004770152,0.3715459,0.013660472,0.05078155,0.003913305,0.6721684,0.17615229,0.81608874,0.017731477,0.07303553,0.025157074,0.06031412,0.21307972,null,null,null,null,"TWOGAUSSIANS",8,7.606416,0.3715459,0.013660472,0.28437668,0.021914508,0.6721554,0.17615964,0.81608874,0.017731477,0.4,0.094387226,0.060301136,0.2130976
375316653866487564,4293867238948882944,0.60881025,2200.8335457982284,2.3592188589130973,1.4556386E-5,17.394283,0.011134131,0.2059143,0.0028610379,0.07762835,0.0047388067,0.28350526,0.012761982,0.7072307,0.0035352493,0.08908863,0.0054893545,0.3110208,0.013249766,null,null,null,null,"TWOGAUSSIANS",8,3.9507031,0.7072307,0.0035352493,0.4,0.0,0.30455467,0.012321023,0.2059143,0.0028610379,0.4,0.0,0.27703923,0.011719584
375316653866487564,4293867956178996352,0.44970584,2226.15415657889,0.6194875028331905,7.173447E-5,19.189236,0.013296819,0.18654244,0.008803852,0.06989928,0.009408353,0.2205425,0.020553956,0.8531537,0.025636958,0.083691336,0.018526802,0.075729944,0.01755383,null,null,null,null,"TWOGAUSSIANS",8,2.1531389,0.18651244,0.008818826,0.39143598,0.047081526,0.22054994,0.020546544,0.85317373,0.025657166,0.4,0.0042857304,0.07571277,0.017523168
375316653866487564,4293868402853236224,0.5077942,2179.822520278928,2.720002602531491,2.3739474E-5,18.128555,0.08407488,0.20919338,0.007993823,0.094165,0.024094231,0.19098015,0.07931064,0.7170712,0.005228515,0.10685286,0.058847517,0.19766414,0.045862455,null,null,null,null,"TWOGAUSSIANS",8,4.6964107,0.7170712,0.0052121524,0.4,0.0,0.18170992,0.03586907,0.20919338,0.008015646,0.4,0.0,0.17503296,0.028962523
375316653866487564,4293868746450710144,0.4461347,2174.2049520666187,1.3161467612550024,1.1099148E-6,18.276115,0.00605131,0.035006683,1.19002685E-7,0.0031968248,1.07996966E-4,1.6467813,0.20879205,0.5755932,3.337816E-6,0.013139535,4.150076E-4,0.38040638,0.0076920227,null,null,null,null,"TWOGAUSSIANS",8,10.835541,0.035006683,1.19002685E-7,0.01790222,6.04783E-4,1.6467813,0.20879205,0.5755932,3.337816E-6,0.07358139,0.0023240426,0.38040638,0.0076920227
375316653866487564,4293869158767501696,0.4915402,2121.670723918006,1.432102013364337,4.5637527E-5,18.531124,0.019893881,0.2209358,0.007936774,0.023148507,0.020473562,0.4286514,0.75412464,0.8569227,0.016981518,0.012530721,0.0075662415,0.7288147,0.67655337,0.10244903,0.022520393,0.2209358,0.007936774,"TWOGAUSSIANS_WITH_ELLIPSOIDAL_ON_ECLIPSE1",9,18.191116,0.8569227,0.016981518,0.07017204,0.042370953,0.817164,0.69067377,0.2209358,0.007936774,0.12963164,0.11465195,0.63354945,0.7529624
375316653866487564,4293869437972149760,0.4935357,2236.305427302293,2.6027262929646473,3.3510216E-5,19.249643,0.015225011,0.2875985,0.0069156806,0.077098265,0.010659802,0.33726543,0.037809473,0.7919918,0.010773765,0.0674971,0.012107247,0.36421427,0.17289728,null,null,null,null,"TWOGAUSSIANS",8,3.811074,0.7919918,0.010773765,0.37798375,0.06265351,0.3626251,0.1738311,0.2875985,0.0069156806,0.4,0.0,0.33567628,0.038293958
375316653866487564,4293869506679458560,0.5364584,2241.78939830078,2.294931066299146,4.296103E-5,18.813538,0.00995849,0.18483174,0.013640568,0.04999716,0.013024528,0.2769607,0.0536349,0.69282025,0.003851022,0.051807486,0.005692758,1.3875947,0.600311,null,null,null,null,"TWOGAUSSIANS",8,5.1448894,0.69282025,0.003851022,0.2901219,0.031879447,1.3875898,0.6003186,0.18483174,0.013640568,0.2799841,0.072937354,0.27695584,0.053639088
375316653866487564,4293869918996498944,0.48464656,2232.073467741771,2.8070209487593605,3.071817E-5,19.406443,0.0065295864,null,null,null,null,null,null,null,null,null,null,null,null,0.10550411,0.009422618,0.23225251,0.0063762385,"ELLIPSOIDAL",4,2.263519,null,null,null,null,null,null,null,null,null,null,null,null
375316653866487564,4293870056447186560,0.53191733,2116.220324227185,2.867781919710509,3.601349E-5,17.407505,0.010081936,0.2561485,0.0095906155,0.06814786,0.0087544,0.4439232,0.06629338,0.75017774,0.006376352,0.07571877,0.0057517504,0.33668196,0.03755113,null,null,null,null,"TWOGAUSSIANS",8,21.343452,0.2561485,0.0095906155,0.38162804,0.03849701,0.4423456,0.06722655,0.75017774,0.006376352,0.4,0.0,0.33510435,0.037463967
375316653866487564,4293870468764059008,0.63360333,2156.7222768849615,0.4346408104367279,5.9440026E-6,12.533365,0.001243488,0.26891327,0.002412275,0.026039729,0.009572687,0.10261359,0.76037663,0.765091,0.025814006,0.025736462,0.008711955,0.12897709,0.09604333,0.0341957,0.0024757267,0.26891327,0.002412275,"TWOGAUSSIANS_WITH_ELLIPSOIDAL_ON_ECLIPSE1",9,36.593246,0.765191,0.025003726,0.1441242,0.048786946,0.19733009,0.09919047,0.26891327,0.002412275,0.14582248,0.053607047,0.17100497,0.7612692
375316653866487564,4293870846721483648,0.5931695,2160.436515689296,1.1437092487491052,9.574056E-6,17.25853,0.014732216,0.22858082,0.0052192793,0.04790027,0.008675409,0.4692645,0.08424836,0.71541834,0.0013472904,0.023567144,0.0070087877,0.10542944,0.026152503,0.09328723,0.019315274,0.22858082,0.0052192793,"TWOGAUSSIANS_WITH_ELLIPSOIDAL_ON_ECLIPSE1",9,8.441067,0.22858082,0.0052192793,0.2682415,0.048582286,0.6558383,0.086059235,0.7163684,7.6267216E-4,0.13197601,0.03924921,0.29082122,0.014884266
375316653866487564,4293871018508324608,0.5186887,2183.8916889870607,3.765517484904554,4.279223E-5,19.419289,0.060213085,0.23388684,0.007227929,0.11395004,0.019447763,0.3177071,0.063038535,0.7008714,0.015769893,0.09105743,0.025560332,0.26914477,0.072529875,null,null,null,null,"TWOGAUSSIANS",8,1.8705057,0.23388684,0.007216474,0.4,0.0,0.2977357,0.028023439,0.7008714,0.015769893,0.4,0.0,0.2492501,0.043013923
375316653866487564,4293871533902720128,0.5507361,2152.2853273688293,2.622873933713452,1.0716234E-5,19.35321,0.024963936,0.3377253,0.007897805,0.086230226,0.016056838,0.25613183,0.028348437,0.8432192,0.009609954,0.07965273,0.01341786,0.30768743,0.02316037,null,null,null,null,"TWOGAUSSIANS",8,0.9198473,0.8432192,0.009609954,0.4,0.0,0.3023107,0.01658399,0.3377253,0.007897805,0.4,0.0,0.2507551,0.026232993
375316653866487564,4293872285502362368,0.46306464,2139.1076804272025,2.273679076038073,4.3053726E-5,18.864971,0.004087385,null,null,null,null,null,null,null,null,null,null,null,null,0.06013083,0.0046805916,0.33232847,0.009489506,"ELLIPSOIDAL",4,2.5886452,null,null,null,null,null,null,null,null,null,null,null,null
375316653866487564,4293872319862102656,0.5584949,2211.1948276167354,2.0242379728769766,3.4579858E-5,19.196632,0.0335592,0.2399328,0.009100331,0.09956629,0.014035222,0.34003076,0.033933662,0.74422985,0.006846243,0.103207886,0.014634083,0.32453993,0.029821437,null,null,null,null,"TWOGAUSSIANS",8,1.1792982,0.2399328,0.009098379,0.4,0.0,0.30990458,0.013324886,0.74422985,0.006853333,0.4,0.0,0.29441077,0.009185514
375316653866487564,4293872358537955072,0.53132313,2230.6456624156945,4.791689338868615,7.221611E-5,19.616705,0.017815508,0.3305065,0.01339689,0.15582614,0.02085576,0.2958297,0.020188743,0.97015524,4.7994204E-4,0.01502772,0.0021708407,0.13785109,0.016744725,null,null,null,null,"TWOGAUSSIANS",8,1.3249469,0.3305065,0.01339689,0.4,0.0,0.29239112,0.019068575,0.97065526,2.5400711E-4,0.08415523,0.012156708,0.15495974,0.023413684
375316653866487564,4293872388591028224,0.5213321,2175.9645937643786,2.4731452173825668,2.8314384E-5,17.888569,0.041657116,0.18468194,0.020478208,0.07653978,0.038456134,0.17515188,0.03992266,0.6810976,0.005593353,0.08335594,0.02050205,0.17909089,0.037162125,null,null,null,null,"TWOGAUSSIANS",8,6.127164,0.6810976,0.005593353,0.4,0.0,0.17660674,0.024288697,0.18468194,0.020478208,0.4,0.10431029,0.17266774,0.03448486
375316653866487564,4293872805226566784,0.6372079,2177.6611086269736,1.7219874190390758,4.394128E-6,14.058737,0.004801214,0.22060536,0.0018814994,0.08644727,0.0024826233,0.31746805,0.0061165644,0.73185986,0.0018133218,0.08325472,0.0024633016,0.3132037,0.0049525993,null,null,null,null,"TWOGAUSSIANS",8,44.63323,0.22060536,0.0018814994,0.4,0.0,0.31072402,0.005574128,0.73185986,0.0018133218,0.4,0.0,0.3064597,0.0041726576
375316653866487564,4293873178857272576,0.47735703,2168.7280495445198,1.8827672910734359,2.231579E-5,18.606295,0.019344468,0.33790433,0.02586817,0.07267265,0.01778488,0.15732309,0.03160838,0.54134053,0.0034204389,0.021449571,0.0046400866,0.5370346,0.34401643,null,null,null,null,"TWOGAUSSIANS",8,21.166346,0.54134053,0.0034204389,0.120117605,0.025984485,0.5401617,0.34368837,0.33790433,0.02586817,0.4,0.06576476,0.15732309,0.031608384
375316653866487564,4293873728613495168,0.47951552,2141.894170085433,2.2088520050813045,4.250685E-5,18.28652,0.0305825,0.10284033,0.006288447,0.089857295,0.020234643,0.1854493,0.025945036,0.6030466,0.013323542,0.10548697,0.024731405,0.173284,0.02982837,null,null,null,null,"TWOGAUSSIANS",8,5.459198,0.10284033,0.006293748,0.4,0.0,0.17203696,0.009514042,0.6030466,0.013323542,0.4,0.0,0.15986714,0.015763897
375316653866487564,4293873767287755904,0.5459311,2140.69869448271,2.3783944334973643,3.326032E-5,18.50091,0.067151375,0.31008956,0.0225449,0.1120223,0.041977532,0.22421125,0.07365853,0.7957074,0.005237853,0.10232963,0.01996738,0.26628032,0.06406038,null,null,null,null,"TWOGAUSSIANS",8,2.24278,0.7957074,0.005237853,0.4,0.0,0.23903663,0.013233083,0.31009957,0.022527425,0.4,0.0,0.19694734,0.0559558
375316653866487564,4293873836018754688,0.5355006,2153.920244367804,2.5385944511599883,1.33237945E-5,18.173061,0.11427996,0.22885317,0.0030846512,0.13190249,0.028615752,0.35220775,0.104157336,0.71748394,0.004574248,0.1182793,0.019659257,0.36866662,0.10724567,null,null,null,null,"TWOGAUSSIANS",8,2.6714091,0.71748394,0.004574248,0.4,0.0,0.28031808,0.013201445,0.22892317,0.0028848366,0.4,0.0,0.26340327,0.010275585
375316653866487564,4293874042165512320,0.45728248,2233.027400635497,4.543206439577523,6.30341E-5,19.18466,0.0080876965,0.35998335,0.012052355,0.038101945,0.00465258,0.9881089,0.35428202,0.73004115,0.0026847746,0.019493965,0.0024825179,0.12017988,0.01429214,null,null,null,null,"TWOGAUSSIANS",8,7.053714,0.35998335,0.012052355,0.21337089,0.026054448,0.9881089,0.35428202,0.73004115,0.0026847746,0.10916621,0.0139021,0.12017988,0.01429214
