Gaia/vari_eclipsing_binary/VariEclipsingBinary_667722-667765.csv
# %ECSV 1.0
# ---
# delimiter: ','
# meta: !!omap
# - RELEASE: Gaia DR3
# - TABLE: vari_eclipsing_binary
# - DESCRIPTION: >
#     This table describes the properties of the eclipsing binaries resulting from the variability analysis. 
# - CITATION: >
#     How to cite and acknowledge Gaia: 
#     https://gea.esac.esa.int/archive/documentation/credits.html 
# - KNOWN_ISSUES: >
#     Known issues: 
#     https://www.cosmos.esa.int/web/gaia-users/known-issues 
# - DOCUMENTATION: >
#     Tutorials and documentation: 
#     https://www.cosmos.esa.int/web/gaia-users/archive 
# datatype:
# - 
#   name: solution_id
#   datatype: int64
#   description: Solution Identifier
#   meta:
#     ucd: meta.version
# - 
#   name: source_id
#   datatype: int64
#   description: Unique source identifier
#   meta:
#     ucd: meta.id;meta.main
# - 
#   name: global_ranking
#   datatype: float32
#   description: Number between 0 (worst) and 1 (best)
#   meta:
#     ucd: stat.param
# - 
#   name: reference_time
#   datatype: float64
#   unit: d
#   description: Reference time used for the geometric model fit
#   meta:
#     ucd: time.epoch
# - 
#   name: frequency
#   datatype: float64
#   unit: d**-1
#   description: Frequency of geometric model of the eclipsing binary light curve
#   meta:
#     ucd: src.orbital
# - 
#   name: frequency_error
#   datatype: float32
#   unit: d**-1
#   description: "Uncertainty of \\texttt{frequency}"
#   meta:
#     ucd: stat.error
# - 
#   name: geom_model_reference_level
#   datatype: float32
#   unit: mag
#   description: Magnitude reference level of geometric model
#   meta:
#     ucd: phot.mag;em.opt
# - 
#   name: geom_model_reference_level_error
#   datatype: float32
#   unit: mag
#   description: "Uncertainty of \\texttt{geomModelReferenceLevel}"
#   meta:
#     ucd: stat.error;phot.mag;em.opt
# - 
#   name: geom_model_gaussian1_phase
#   datatype: float32
#   description: Phase of the Gaussian 1 component
#   meta:
#     ucd: time.phase
# - 
#   name: geom_model_gaussian1_phase_error
#   datatype: float32
#   description: "Uncertainty of \\texttt{geomModelGaussian1Phase}"
#   meta:
#     ucd: stat.error;time.phase
# - 
#   name: geom_model_gaussian1_sigma
#   datatype: float32
#   description: "Standard deviation [phase] of Gaussian 1 component"
#   meta:
#     ucd: stat.stdev
# - 
#   name: geom_model_gaussian1_sigma_error
#   datatype: float32
#   description: "Uncertainty of \\texttt{geomModelGaussian1Sigma}"
#   meta:
#     ucd: stat.error
# - 
#   name: geom_model_gaussian1_depth
#   datatype: float32
#   unit: mag
#   description: Magnitude depth of Gaussian 1 component
#   meta:
#     ucd: src.var.amplitude
# - 
#   name: geom_model_gaussian1_depth_error
#   datatype: float32
#   unit: mag
#   description: "Uncertainty of \\texttt{geomModelGaussian1Depth}"
#   meta:
#     ucd: stat.error;src.var.amplitude
# - 
#   name: geom_model_gaussian2_phase
#   datatype: float32
#   description: Phase of Gaussian 2 component
#   meta:
#     ucd: time.phase
# - 
#   name: geom_model_gaussian2_phase_error
#   datatype: float32
#   description: "Uncertainty of \\texttt{geomModelGaussian2Phase}"
#   meta:
#     ucd: stat.error;time.phase
# - 
#   name: geom_model_gaussian2_sigma
#   datatype: float32
[...]
#   datatype: float32
#   description: "Secondary eclipse: uncertainty of \\texttt{derivedSecondaryEclDuration}"
#   meta:
#     ucd: stat.error;time.duration
# - 
#   name: derived_secondary_ecl_depth
#   datatype: float32
#   unit: mag
#   description: "Secondary eclipse: depth"
#   meta:
#     ucd: src.var.amplitude
# - 
#   name: derived_secondary_ecl_depth_error
#   datatype: float32
#   unit: mag
#   description: "Secondary eclipse: uncertainty of \\texttt{derivedSecondaryEclDepth}"
#   meta:
#     ucd: stat.error;src.var.amplitude
solution_id,source_id,global_ranking,reference_time,frequency,frequency_error,geom_model_reference_level,geom_model_reference_level_error,geom_model_gaussian1_phase,geom_model_gaussian1_phase_error,geom_model_gaussian1_sigma,geom_model_gaussian1_sigma_error,geom_model_gaussian1_depth,geom_model_gaussian1_depth_error,geom_model_gaussian2_phase,geom_model_gaussian2_phase_error,geom_model_gaussian2_sigma,geom_model_gaussian2_sigma_error,geom_model_gaussian2_depth,geom_model_gaussian2_depth_error,geom_model_cosine_half_period_amplitude,geom_model_cosine_half_period_amplitude_error,geom_model_cosine_half_period_phase,geom_model_cosine_half_period_phase_error,model_type,num_model_parameters,reduced_chi2,derived_primary_ecl_phase,derived_primary_ecl_phase_error,derived_primary_ecl_duration,derived_primary_ecl_duration_error,derived_primary_ecl_depth,derived_primary_ecl_depth_error,derived_secondary_ecl_phase,derived_secondary_ecl_phase_error,derived_secondary_ecl_duration,derived_secondary_ecl_duration_error,derived_secondary_ecl_depth,derived_secondary_ecl_depth_error
[from data line 218]
375316653866487564,5873432652799468032,0.5170058,2284.099157875605,2.826327856547281,1.3971737E-5,16.214804,0.0066027814,0.1914301,0.0038839546,0.042981543,0.007218907,0.07884092,0.017113402,0.68704426,0.008489171,0.06446234,0.012518965,0.08815778,0.016482513,0.051571637,0.007872965,0.1914301,0.0038839546,"TWOGAUSSIANS_WITH_ELLIPSOIDAL_ON_ECLIPSE1",9,30.858294,0.6882643,0.0060869874,0.36098912,0.0701062,0.19120792,0.016051758,0.1914301,0.0038839546,0.24069662,0.040425878,0.18194765,0.011055141
375316653866487564,5873433163865778432,0.52366465,2355.640163730974,0.03265673173301054,1.4922575E-6,18.012295,0.0010069936,0.119086474,1.15077505E-7,9.22361E-4,4.2644792E-6,0.3883767,7.0724654E-4,0.5678045,5.3791115E-5,0.006943445,4.1607218E-5,0.53926355,0.0021411749,null,null,null,null,"TWOGAUSSIANS",8,1.1588612,0.5678045,5.3791115E-5,0.038883295,2.3300042E-4,0.53926355,0.0021411749,0.119086474,1.15077505E-7,0.0051652216,2.3881083E-5,0.3883767,7.0724654E-4
375316653866487564,5873433168189009920,0.5328958,2336.6370909888524,0.16941131595867395,2.7002061E-5,15.195395,5.8321934E-4,0.28139454,0.010990247,0.010150608,0.009293375,0.08504392,55.105495,0.80409837,0.013647748,0.010044121,0.009811352,0.09578161,0.27267656,0.0030878845,9.7258546E-4,0.28139454,0.010990247,"TWOGAUSSIANS_WITH_ELLIPSOIDAL_ON_ECLIPSE1",9,4.8155565,0.80409837,0.013647748,0.056247078,0.05494357,0.10183255,0.273031,0.28139454,0.010990247,0.0568434,0.0520429,0.091219686,55.106133
375316653866487564,5873434851796568576,0.45824826,2283.446215126611,1.5175522291647952,1.8880102E-5,18.467325,0.0071937805,0.2463805,0.019547958,0.061826017,0.015640456,0.08411217,0.012526119,0.7294754,0.0025632556,0.05384124,0.004054625,0.33713925,0.024294347,null,null,null,null,"TWOGAUSSIANS",8,13.722504,0.7294754,0.0025632556,0.30151096,0.0227059,0.3371247,0.024297183,0.2463805,0.019547958,0.34622568,0.08758656,0.08409763,0.012513917
375316653866487564,5873436363629319808,0.42392758,2318.3422932447484,0.42817782531543375,7.146131E-5,18.20814,0.017844712,0.30193818,9.199381E-5,0.009694777,7.005662E-4,0.5375141,0.027639257,0.7307533,0.011883664,0.021117449,0.008832949,0.24743181,0.029392885,0.034813672,0.021798477,0.7307533,0.011883664,"TWOGAUSSIANS_WITH_ELLIPSOIDAL_ON_ECLIPSE2",9,16.28928,0.30187818,5.7834113E-5,0.054290753,0.0039231707,0.594127,0.037017234,0.7307533,0.011883664,0.11825771,0.049464513,0.317059,0.036595847
375316653866487564,5873436398004608640,0.5434644,2290.048234434377,0.46895285820656263,3.4511022E-6,13.005934,6.819326E-4,0.053218327,0.0014375212,0.013581679,0.0010265791,0.0966282,0.002484901,0.55436313,0.016341437,0.018911887,0.013385953,0.07216491,0.09118892,null,null,null,null,"TWOGAUSSIANS",8,18.375336,0.053218327,0.0014375212,0.076057404,0.005748843,0.0966282,0.002484901,0.55436313,0.016341437,0.10590656,0.07496134,0.07216491,0.09118892
375316653866487564,5873436977797284480,0.46928558,2293.658003759192,0.33615408724445245,2.487399E-5,17.36088,0.002191047,0.775365,5.6807994E-4,0.009445364,8.657853E-4,0.22373882,0.00986844,null,null,null,null,null,null,0.0076355115,0.0028085394,0.775365,5.6807994E-4,"ONEGAUSSIAN_WITH_ELLIPSOIDAL",6,13.782236,0.775365,5.6807994E-4,0.052894037,0.004848398,0.23900983,0.009962744,null,null,null,null,null,null
375316653866487564,5873437085208189184,0.49759147,2289.0292173246626,3.636253562313321,1.9070738E-5,18.206839,0.016431239,0.2119302,0.00552789,0.055779684,0.014711022,0.10199927,0.0470166,0.7056254,0.0072152023,0.049495585,0.008316598,0.18899256,0.04499944,0.06825587,0.02808194,0.2119302,0.00552789,"TWOGAUSSIANS_WITH_ELLIPSOIDAL_ON_ECLIPSE1",9,14.383657,0.7063954,0.0061206566,0.27717528,0.046572946,0.32531166,0.022307659,0.2119302,0.00552789,0.31236622,0.082381725,0.23850627,0.017185854
375316653866487564,5873437463157603456,0.5783255,2311.266653507813,1.4435113055755078,6.896458E-6,15.809919,0.0043408913,0.17676252,0.0017864639,0.086449735,0.0033550623,0.16104177,0.004575939,0.67153656,0.002987044,0.09880145,0.003702957,0.23138796,0.0047788573,null,null,null,null,"TWOGAUSSIANS",8,14.926821,0.67153656,0.002987044,0.4,0.0,0.22193798,0.003255521,0.17676252,0.0017864639,0.4,0.0,0.15159309,0.0037429892
375316653866487564,5873437566236827520,0.54388094,2265.1145642001065,3.9165770010131085,8.591426E-6,16.397356,0.12408792,0.22144239,0.0028752983,0.16862552,0.015968539,0.72409,0.18480079,0.71436876,0.0037087346,0.2617362,0.02804113,1.0316027,0.11533334,null,null,null,null,"TWOGAUSSIANS",8,4.0262656,0.22866239,0.003201387,0.4,0.0,0.1611661,0.0040321294,0.71436876,0.0037087346,0.4,0.0,0.15465869,0.00857706
375316653866487564,5873438219051351936,0.47830766,2280.3911930584286,3.447161584577428,3.4914046E-5,19.454956,0.04264936,0.21477188,0.004915483,0.08838771,0.016050253,0.22569498,0.039886877,0.6933774,0.008549298,0.11680818,0.024585286,0.31421956,0.035576936,null,null,null,null,"TWOGAUSSIANS",8,3.3461368,0.6933774,0.008549298,0.4,0.0,0.29283178,0.019520191,0.21484187,0.004855282,0.4,0.0,0.20439303,0.020556811
375316653866487564,5873438455269260928,0.625969,2265.8751384272696,3.303731958513907,5.9922877E-6,18.852179,0.01799646,0.22059676,0.0027270361,0.04598067,0.003933696,0.42896864,0.045556013,0.7235376,0.002211109,0.04810888,0.0039256667,0.58319354,0.03915362,0.124080256,0.021345085,0.22059676,0.0027270361,"TWOGAUSSIANS_WITH_ELLIPSOIDAL_ON_ECLIPSE1",9,2.4561613,0.7235376,0.002211109,0.26940972,0.021983733,0.8312684,0.023735011,0.22059676,0.0027270361,0.25749174,0.022028698,0.67712826,0.019010454
375316653866487564,5873438597028989056,0.68735784,2287.6235093887594,0.5404114717447666,1.1127443E-6,12.593367,7.806374E-4,0.21267152,0.001628462,0.016080549,0.0012239639,0.32495615,0.027947184,0.710452,0.0013277574,0.015392397,7.010208E-4,0.84016496,0.03261986,null,null,null,null,"TWOGAUSSIANS",8,76.4988,0.710452,0.0013277574,0.08619742,0.003925717,0.84016496,0.03261986,0.21267152,0.001628462,0.09005108,0.0068541975,0.32495615,0.027947184
375316653866487564,5873439559109350272,0.58927953,2279.5197283746024,3.246643760723085,5.4914326E-6,19.358477,0.007824096,0.28254604,0.0020667252,0.074069545,0.002565796,0.61240345,0.016174603,0.77714026,0.0017295124,0.070571795,0.002628301,0.5426203,0.015402632,null,null,null,null,"TWOGAUSSIANS",8,1.8361275,0.28254604,0.0020667252,0.4,0.0,0.6098269,0.016229177,0.77714026,0.0017295124,0.39520204,0.014316259,0.5400437,0.015535402
375316653866487564,5873439662160358016,0.5057459,2260.4678988867754,0.2491838596176307,4.8842983E-5,19.053812,0.0052226693,0.24754532,0.006291895,0.043054048,0.008886683,0.09824528,0.009511862,0.73929274,0.010786709,0.028892746,0.015056088,0.81365687,0.4522218,null,null,null,null,"TWOGAUSSIANS",8,2.3315814,0.73929274,0.010786709,0.16179937,0.08431409,0.81365687,0.45222184,0.24754532,0.006291895,0.24110268,0.049765427,0.09824528,0.009511858
375316653866487564,5873440963527238144,0.49573436,2299.3828623073828,0.9233020795384779,9.186771E-6,17.652094,0.0038848221,0.3183897,0.0063923146,0.021759782,0.005929857,0.120437495,0.013582702,0.8215166,0.0018367141,0.02597852,0.0015714394,0.3342612,0.03535699,null,null,null,null,"TWOGAUSSIANS",8,14.317819,0.8215166,0.0018367141,0.14547971,0.0088000605,0.3342612,0.03535699,0.3183897,0.0063923146,0.121854775,0.0332072,0.120437495,0.013582702
375316653866487564,5873441208349256960,0.4842379,2304.630452731716,0.39468619192601057,1.4474453E-5,16.12052,0.0024287414,0.23737776,0.0072371294,0.027409375,0.008315676,0.099854216,0.011682813,0.7359468,0.001855387,0.024901628,0.0015238373,0.33975193,0.018187901,0.031981625,0.0034469343,0.23737776,0.0072371294,"TWOGAUSSIANS_WITH_ELLIPSOIDAL_ON_ECLIPSE1",9,14.62668,0.7359567,0.0018347433,0.13944912,0.008533489,0.40371004,0.018361598,0.23737776,0.0072371294,0.1534925,0.046567786,0.16381744,0.011356931
375316653866487564,5873441341484502912,0.51083505,2282.3862389961737,2.706340488061988,1.6814876E-5,18.786184,0.016924651,0.2866871,0.006139835,0.086074166,0.0073714643,0.33935708,0.017379167,0.786589,0.0051039737,0.087558195,0.009064063,0.3361352,0.024264846,null,null,null,null,"TWOGAUSSIANS",8,7.3563747,0.2866871,0.006139835,0.4,0.0,0.32868573,0.012918724,0.786589,0.0051039737,0.4,0.0,0.32546386,0.024722548
375316653866487564,5873441410204086912,0.52357596,2301.763564732017,0.3582047330416628,1.933956E-5,18.986502,0.0033300184,0.66186774,0.005306169,0.010732525,0.0043835775,0.0517577,0.15772884,0.8709447,0.003200712,0.013589487,0.005165002,0.5164926,0.1648299,null,null,null,null,"TWOGAUSSIANS",8,4.493372,0.8709447,0.003200712,0.07610113,0.02892401,0.5164926,0.1648299,0.66186774,0.005306169,0.060102142,0.024548035,0.0517577,0.15772884
375316653866487564,5873441448895031040,0.46794334,2299.4531464452243,2.4591870340622033,1.7774306E-5,19.34797,0.01855666,0.29884505,0.0065122396,0.08764681,0.012986826,0.18091537,0.018781394,0.7997803,0.006447807,0.10145385,0.016797967,0.19642933,0.022833098,null,null,null,null,"TWOGAUSSIANS",8,1.8594507,0.7997803,0.006447807,0.4,0.0,0.18513991,0.023951331,0.29884505,0.0065122396,0.4,0.0,0.16962801,0.012746576
375316653866487564,5873441689411342848,0.45144236,2340.5179662839964,0.022539181032653444,5.038555E-6,18.571741,0.0119142635,0.21427274,0.007994895,0.070654795,0.0092032775,0.30079865,0.11951561,0.47971562,2.8983815E-4,9.49683E-4,1.5433735E-4,0.58722365,0.78650737,0.022100521,0.0135861095,0.47971562,2.8983815E-4,"TWOGAUSSIANS_WITH_ELLIPSOIDAL_ON_ECLIPSE2",9,2.852961,0.47971562,2.8983815E-4,0.005318225,8.642892E-4,0.63168377,0.7876135,0.21333274,0.008058564,0.39566684,0.018481325,0.30123875,0.11959921
375316653866487564,5873441822522711040,0.56779766,2317.6506212089953,3.0357515945802684,6.2263325E-6,19.14742,0.005862767,0.2669869,0.0031229511,0.070392765,0.0027496892,0.44956344,0.020984966,0.76633596,0.0014961959,0.07235106,0.0023133287,0.5449784,0.019121481,null,null,null,null,"TWOGAUSSIANS",8,1.876325,0.76633596,0.0014961959,0.4,0.0,0.5428659,0.019381437,0.2669869,0.0031229511,0.39419946,0.0147688035,0.4474509,0.021091802
375316653866487564,5873442067361507456,0.6042229,2286.8511897885273,1.055640753222235,2.755208E-6,17.725677,0.0018107013,0.33951357,3.4920144E-4,0.036699522,3.727932E-4,0.48598197,0.004562105,0.84478784,0.0027729818,0.041352626,0.0026543124,0.09863945,0.00571466,null,null,null,null,"TWOGAUSSIANS",8,2.849599,0.33951357,3.4920144E-4,0.20551732,0.002087642,0.48598197,0.004562105,0.84478784,0.0027729818,0.2315747,0.014864149,0.09863945,0.0057146605
375316653866487564,5873442445299039104,0.52801013,2301.4850951292156,2.3701479512470067,8.63871E-6,19.253439,0.008344856,0.2647008,0.0033817901,0.077459104,0.0038657654,0.521526,0.034373064,0.7699502,0.0028950223,0.07333125,0.0033281697,0.57494,0.022516351,null,null,null,null,"TWOGAUSSIANS",8,3.509709,0.7699502,0.0028950223,0.4,2.0459283E-4,0.5709525,0.022871483,0.2647008,0.0033817901,0.4,0.0,0.5175384,0.03483333
375316653866487564,5873442548397880960,0.62704474,2308.5683592499486,2.3998105962998615,8.007041E-6,16.417746,0.013758059,0.26817268,0.015739212,0.036449086,0.012172921,0.34782365,0.065725885,0.7853018,0.0017718008,0.048657283,0.0039738645,0.43167415,0.030704916,0.1414501,0.019266414,0.7853018,0.0017718008,"TWOGAUSSIANS_WITH_ELLIPSOIDAL_ON_ECLIPSE2",9,27.264296,0.7853018,0.0017718008,0.2724808,0.022253642,0.7145729,0.008748326,0.26951268,0.014712093,0.20411488,0.06816836,0.6277123,0.065202504
375316653866487564,5873444914899209344,0.5694309,2299.8647460204324,3.507794944752992,6.6841562E-6,17.86455,0.005306748,0.24329105,0.003416132,0.03606816,0.010002351,0.13427888,0.060580496,0.73925495,0.004121613,0.050980568,0.003689663,0.232958,0.0169488,0.122599475,0.012046123,0.24329105,0.003416132,"TWOGAUSSIANS_WITH_ELLIPSOIDAL_ON_ECLIPSE1",9,11.355246,0.739975,0.0031734537,0.28549117,0.020662112,0.47802547,0.010810817,0.24329105,0.003416132,0.20198171,0.056013167,0.379476,0.05703325
375316653866487564,5873445709494059392,0.5326034,2311.4828411042013,2.765774455149065,1.7162427E-5,12.471525,0.017681414,0.22454543,0.0028049434,0.10347737,0.0079133175,0.22859256,0.017426541,0.7344012,0.0072883503,0.10409337,0.010340203,0.19626932,0.019465424,null,null,null,null,"TWOGAUSSIANS",8,505.8229,0.22454543,0.0028122086,0.4,0.0,0.20787221,0.008878011,0.7344012,0.007291904,0.4,0.0,0.17554905,0.009184543
375316653866487564,5873446018732278528,0.58038753,2315.4456374503893,0.13626028110759103,1.5446395E-6,17.331589,0.0010439344,0.11846435,0.022304362,0.026175763,0.01315082,0.01510456,0.0073764464,0.32743144,6.575268E-5,0.008895036,1.05186235E-4,0.3473221,0.0053393,null,null,null,null,"TWOGAUSSIANS",8,2.1828313,0.32743144,6.575268E-5,0.049812198,5.890429E-4,0.3473221,0.0053393,0.11846435,0.022304362,0.14658427,0.073644586,0.01510456,0.0073764464
375316653866487564,5873446465391000960,0.47687238,2318.7735896380136,2.2622617359761956,1.2152067E-5,19.56881,0.0059104473,0.38759816,0.028134597,0.05208426,0.014454489,0.04439142,0.018124403,0.71450144,0.00658823,0.0037427158,0.003596316,0.7850532,3495346.5,0.11528997,0.009064131,0.71450144,0.00658823,"TWOGAUSSIANS_WITH_ELLIPSOIDAL_ON_ECLIPSE2",9,1.969335,0.71450144,0.00658823,0.020959208,0.02013937,1.0156312,3495346.5,0.21514815,0.0064665624,0.29167184,0.080945134,0.23075902,0.018292692
375316653866487564,5873448217754978560,0.49061128,2295.9577898394864,2.515482110363392,1.1272244E-5,19.465477,0.019694766,0.21852168,0.007506488,0.0954069,0.009554291,0.34956974,0.019747555,0.7223959,0.0031838783,0.09881395,0.0065659205,0.41306496,0.018862717,null,null,null,null,"TWOGAUSSIANS",8,2.9019587,0.7223959,0.0031838783,0.4,0.0,0.38678142,0.0145212095,0.21852168,0.007506488,0.4,0.0,0.32328773,0.012888902
375316653866487564,5873448763188671616,0.51483786,2297.012551105662,1.3396613078712656,5.5054325E-6,18.889534,0.0053052823,0.11431838,0.0016234023,0.026874129,0.0022952894,0.34031767,0.077364616,0.6105258,0.014463977,0.02775359,0.0063125486,0.5604788,0.13962151,null,null,null,null,"TWOGAUSSIANS",8,4.3946166,0.6105258,0.014463977,0.1554201,0.035350274,0.5604788,0.13962151,0.11431838,0.0016234023,0.15049513,0.012853621,0.34031767,0.077364616
375316653866487564,5873448939290842752,0.52203506,2293.024456978987,3.3454318602703617,9.017824E-6,19.44909,0.07651298,0.20880915,0.0038765615,0.0822645,0.0139415255,0.55372226,0.05562785,0.711519,0.004678848,0.09019555,0.014533225,0.56690896,0.06896707,null,null,null,null,"TWOGAUSSIANS",8,3.7002327,0.711519,0.004678848,0.4,0.0,0.5509087,0.057257563,0.20880915,0.0038765615,0.4,0.009898335,0.53772223,0.044867326
375316653866487564,5873450176260314368,0.50219506,2272.227628011743,1.1820354957065837,2.5007606E-5,16.937378,0.0057470826,0.3104634,0.0031063147,0.047683265,0.007109288,0.45256504,0.0684316,0.79933435,0.012627512,0.041517444,0.009821576,0.11230131,0.05087237,null,null,null,null,"TWOGAUSSIANS",8,64.41769,0.3104634,0.0031063147,0.26702628,0.039812014,0.452565,0.06843171,0.79933435,0.012627512,0.23249769,0.055000827,0.112301275,0.05087238
375316653866487564,5873450240655418112,0.4932819,2296.9075390022704,0.22811324215997686,7.125321E-6,17.546892,0.0019170609,0.34171495,0.0011200671,0.008302821,5.682742E-4,0.2080674,0.014488278,0.84308374,0.0013344687,0.0073505705,0.0010471675,0.116286084,0.014713837,null,null,null,null,"TWOGAUSSIANS",8,5.550743,0.34171495,0.0011200671,0.046495795,0.0031823353,0.2080674,0.014488278,0.84308374,0.0013344687,0.041163195,0.005864138,0.116286084,0.014713837
375316653866487564,5873451481930717568,0.4972174,2231.2654305179685,0.034475838621288696,2.6035148E-5,18.414175,0.0043993047,0.12355874,0.0072864895,0.01160439,0.005216059,0.37389785,0.4520341,0.65922546,0.03182196,0.06454599,0.016877508,0.2545733,0.026207762,null,null,null,null,"TWOGAUSSIANS",8,2.5511625,0.12355874,0.0072864895,0.06498458,0.029209929,0.37389785,0.4520341,0.65922546,0.03182196,0.36145753,0.06394799,0.2545733,0.02620779
