Gaia/vari_eclipsing_binary/VariEclipsingBinary_509541-509675.csv
# %ECSV 1.0
# ---
# delimiter: ','
# meta: !!omap
# - RELEASE: Gaia DR3
# - TABLE: vari_eclipsing_binary
# - DESCRIPTION: >
#     This table describes the properties of the eclipsing binaries resulting from the variability analysis. 
# - CITATION: >
#     How to cite and acknowledge Gaia: 
#     https://gea.esac.esa.int/archive/documentation/credits.html 
# - KNOWN_ISSUES: >
#     Known issues: 
#     https://www.cosmos.esa.int/web/gaia-users/known-issues 
# - DOCUMENTATION: >
#     Tutorials and documentation: 
#     https://www.cosmos.esa.int/web/gaia-users/archive 
# datatype:
# - 
#   name: solution_id
#   datatype: int64
#   description: Solution Identifier
#   meta:
#     ucd: meta.version
# - 
#   name: source_id
#   datatype: int64
#   description: Unique source identifier
#   meta:
#     ucd: meta.id;meta.main
# - 
#   name: global_ranking
#   datatype: float32
#   description: Number between 0 (worst) and 1 (best)
#   meta:
#     ucd: stat.param
# - 
#   name: reference_time
#   datatype: float64
#   unit: d
#   description: Reference time used for the geometric model fit
#   meta:
#     ucd: time.epoch
# - 
#   name: frequency
#   datatype: float64
#   unit: d**-1
#   description: Frequency of geometric model of the eclipsing binary light curve
#   meta:
#     ucd: src.orbital
# - 
#   name: frequency_error
#   datatype: float32
#   unit: d**-1
#   description: "Uncertainty of \\texttt{frequency}"
#   meta:
#     ucd: stat.error
# - 
#   name: geom_model_reference_level
#   datatype: float32
#   unit: mag
#   description: Magnitude reference level of geometric model
#   meta:
#     ucd: phot.mag;em.opt
# - 
#   name: geom_model_reference_level_error
#   datatype: float32
#   unit: mag
#   description: "Uncertainty of \\texttt{geomModelReferenceLevel}"
#   meta:
#     ucd: stat.error;phot.mag;em.opt
# - 
#   name: geom_model_gaussian1_phase
#   datatype: float32
#   description: Phase of the Gaussian 1 component
#   meta:
#     ucd: time.phase
# - 
#   name: geom_model_gaussian1_phase_error
#   datatype: float32
#   description: "Uncertainty of \\texttt{geomModelGaussian1Phase}"
#   meta:
#     ucd: stat.error;time.phase
# - 
#   name: geom_model_gaussian1_sigma
#   datatype: float32
#   description: "Standard deviation [phase] of Gaussian 1 component"
#   meta:
#     ucd: stat.stdev
# - 
#   name: geom_model_gaussian1_sigma_error
#   datatype: float32
#   description: "Uncertainty of \\texttt{geomModelGaussian1Sigma}"
#   meta:
#     ucd: stat.error
# - 
#   name: geom_model_gaussian1_depth
#   datatype: float32
#   unit: mag
#   description: Magnitude depth of Gaussian 1 component
#   meta:
#     ucd: src.var.amplitude
# - 
#   name: geom_model_gaussian1_depth_error
#   datatype: float32
#   unit: mag
#   description: "Uncertainty of \\texttt{geomModelGaussian1Depth}"
#   meta:
#     ucd: stat.error;src.var.amplitude
# - 
#   name: geom_model_gaussian2_phase
#   datatype: float32
#   description: Phase of Gaussian 2 component
#   meta:
#     ucd: time.phase
# - 
#   name: geom_model_gaussian2_phase_error
#   datatype: float32
#   description: "Uncertainty of \\texttt{geomModelGaussian2Phase}"
#   meta:
#     ucd: stat.error;time.phase
# - 
#   name: geom_model_gaussian2_sigma
#   datatype: float32
[...]
#   datatype: float32
#   description: "Secondary eclipse: uncertainty of \\texttt{derivedSecondaryEclDuration}"
#   meta:
#     ucd: stat.error;time.duration
# - 
#   name: derived_secondary_ecl_depth
#   datatype: float32
#   unit: mag
#   description: "Secondary eclipse: depth"
#   meta:
#     ucd: src.var.amplitude
# - 
#   name: derived_secondary_ecl_depth_error
#   datatype: float32
#   unit: mag
#   description: "Secondary eclipse: uncertainty of \\texttt{derivedSecondaryEclDepth}"
#   meta:
#     ucd: stat.error;src.var.amplitude
solution_id,source_id,global_ranking,reference_time,frequency,frequency_error,geom_model_reference_level,geom_model_reference_level_error,geom_model_gaussian1_phase,geom_model_gaussian1_phase_error,geom_model_gaussian1_sigma,geom_model_gaussian1_sigma_error,geom_model_gaussian1_depth,geom_model_gaussian1_depth_error,geom_model_gaussian2_phase,geom_model_gaussian2_phase_error,geom_model_gaussian2_sigma,geom_model_gaussian2_sigma_error,geom_model_gaussian2_depth,geom_model_gaussian2_depth_error,geom_model_cosine_half_period_amplitude,geom_model_cosine_half_period_amplitude_error,geom_model_cosine_half_period_phase,geom_model_cosine_half_period_phase_error,model_type,num_model_parameters,reduced_chi2,derived_primary_ecl_phase,derived_primary_ecl_phase_error,derived_primary_ecl_duration,derived_primary_ecl_duration_error,derived_primary_ecl_depth,derived_primary_ecl_depth_error,derived_secondary_ecl_phase,derived_secondary_ecl_phase_error,derived_secondary_ecl_duration,derived_secondary_ecl_duration_error,derived_secondary_ecl_depth,derived_secondary_ecl_depth_error
[from data line 440]
375316653866487564,4483005538367033728,0.47923335,2258.836533696159,1.740762635512649,2.4344501E-5,18.836336,0.01569584,0.24895303,0.0062350263,0.04705344,0.0068105264,0.19670944,0.024007821,0.7479767,0.005567984,0.034507327,0.0064194156,0.58861166,0.12874845,null,null,null,null,"TWOGAUSSIANS",8,17.907343,0.7479767,0.005567984,0.19324103,0.035948727,0.58861166,0.12874846,0.24895303,0.0062350263,0.2634993,0.03813895,0.19670942,0.024007825
375316653866487564,4483005950683772928,0.47296414,2243.9210477236893,1.5380817605964074,2.9663332E-5,17.18263,0.161876,0.2895424,0.016686609,0.16479349,0.08296415,0.12077055,0.15487128,0.7626404,0.033326425,0.14473595,0.07030909,0.06746122,0.13122843,null,null,null,null,"TWOGAUSSIANS",8,6.3758206,0.2907324,0.013638762,0.4,0.0,0.078642935,0.0080910465,0.7626404,0.033326425,0.4,0.0,0.02760637,0.0068766135
375316653866487564,4483007698730876288,0.561928,2255.8111974068256,2.230095890751426,1.2198848E-5,11.072793,0.050013784,0.2688926,0.0023008254,0.26723933,0.02590921,1.07358,0.05048662,0.76997954,0.0022190276,0.17133382,0.012075233,0.7215807,0.12974402,null,null,null,null,"TWOGAUSSIANS",8,120.62862,0.2682926,0.002354353,0.4,0.0,0.1357672,0.0040472914,0.77120954,0.0024346868,0.4,0.0,0.1344196,0.0037927404
375316653866487564,4483009077419890688,0.6226286,2250.1830266929974,1.895832737710448,4.5519455E-6,17.612106,0.011288658,0.22916834,0.002659065,0.04225942,0.004805246,0.2599565,0.028312674,0.73055536,9.207574E-4,0.047928706,0.0028539565,0.5188109,0.030172665,0.044461135,0.014500491,0.22916834,0.002659065,"TWOGAUSSIANS_WITH_ELLIPSOIDAL_ON_ECLIPSE1",9,5.9747896,0.73055536,9.188465E-4,0.26840076,0.015982157,0.60772556,0.027658466,0.22916834,0.002659065,0.23665275,0.026909377,0.34887788,0.018821282
375316653866487564,4483010894184097920,0.58693576,2262.5904631173903,2.70349939326258,9.247892E-6,18.871845,0.018685676,0.23527893,0.008910079,0.07850734,0.010572966,0.40177244,0.038583778,0.73665327,0.0016325746,0.07658211,0.0041864095,0.43646422,0.016788581,null,null,null,null,"TWOGAUSSIANS",8,1.6035346,0.73665327,0.0016325746,0.4,0.0,0.43196368,0.013372944,0.23527893,0.008910079,0.4,0.0,0.3972719,0.04076102
375316653866487564,4483011104644977152,0.54468757,2272.688862766896,1.7282884718429135,8.528778E-6,16.659887,0.012908726,0.30044487,0.1158407,0.07432479,0.08786667,0.19974199,12.964409,0.77443475,0.0017962476,0.043767065,0.0030301427,0.89702195,0.03589523,null,null,null,null,"TWOGAUSSIANS",8,137.84026,0.77443475,0.0017962476,0.24509557,0.0169688,0.89698964,0.035885524,0.30044487,0.1158407,0.4,0.3836238,0.19970965,12.964525
375316653866487564,4483013127571902208,0.5991259,2267.4051352901265,2.161309125711108,1.4587629E-5,16.432825,0.010050481,0.2724922,0.0027215905,0.09672422,0.005338641,0.26843867,0.011406624,0.77300596,0.0022823901,0.10473617,0.006488831,0.21161573,0.009021012,null,null,null,null,"TWOGAUSSIANS",8,7.0324874,0.2724922,0.0027215905,0.4,0.0,0.24684305,0.010055244,0.77300596,0.0022823901,0.4,0.0,0.1900162,0.0052395384
375316653866487564,4483019522781383168,0.6008587,2333.4599465035717,1.6159388129048557,1.4207656E-5,15.325127,0.0037414709,0.19239253,0.0035295698,0.09960216,0.0047202026,0.18985705,0.0056897504,0.6917249,0.0023074436,0.0868784,0.0031948695,0.20256235,0.006097644,null,null,null,null,"TWOGAUSSIANS",8,13.303443,0.6917249,0.0023074436,0.4,0.0,0.19194812,0.006035497,0.19239253,0.0035295698,0.4,0.0,0.17924157,0.0056420662
375316653866487564,4483020106896949376,0.49979863,2310.771972596025,1.8821990459773774,5.4910506E-5,16.00967,0.009154842,0.27404007,0.011807893,0.09359033,0.018955922,0.061162367,0.011364092,0.75889206,0.026480366,0.048868526,0.019066852,0.19212255,0.09734743,null,null,null,null,"TWOGAUSSIANS",8,14.308991,0.75889206,0.026480366,0.27366373,0.106774375,0.19188029,0.096904054,0.27404007,0.011807893,0.4,0.0,0.060920004,0.010870143
375316653866487564,4483022993114409984,0.66140777,2267.131309470399,2.415647834630427,7.050357E-6,15.872772,0.0036730357,0.27661,0.002481923,0.092068575,0.0041866424,0.23183861,0.006293173,0.7728745,0.001083319,0.08938932,0.0023298953,0.25280267,0.00339343,null,null,null,null,"TWOGAUSSIANS",8,3.7335691,0.7728745,0.001083319,0.4,0.0,0.24254268,0.0023690446,0.27661,0.002481923,0.4,0.0,0.22157852,0.007594379
375316653866487564,4483024122683605888,0.5986157,2336.182744153436,1.258337505441595,7.63841E-6,14.238278,0.014660534,0.21869446,0.0034598804,0.082759894,0.006038918,0.21043502,0.015167996,0.6931425,0.0187265,0.09128323,0.012548887,0.3842358,0.054980945,null,null,null,null,"TWOGAUSSIANS",8,59.167526,0.6931425,0.0187265,0.4,0.0,0.37822354,0.053717073,0.21869446,0.0034505692,0.4,0.0,0.2044233,0.011527364
375316653866487564,4483026665304155520,0.5151189,2347.9365219919955,3.6762983245089713,9.0179215E-5,17.687992,0.026693061,0.21914522,0.006610147,0.07910439,0.011982643,0.17338847,0.026451062,0.719913,0.008065788,0.11260055,0.019421777,0.21131219,0.026671251,null,null,null,null,"TWOGAUSSIANS",8,8.898185,0.719913,0.008065788,0.4,0.0,0.19866623,0.021182043,0.21914522,0.006616631,0.4,0.0,0.1607646,0.013165624
375316653866487564,4483029517162929792,0.49555555,2260.7444135875444,0.39034685549503656,1.1179735E-5,18.379473,0.0025294935,null,null,null,null,null,null,null,null,null,null,null,null,0.07542443,0.003382667,0.3034252,0.0034724409,"ELLIPSOIDAL",4,2.6613321,null,null,null,null,null,null,null,null,null,null,null,null
375316653866487564,4483034366187832448,0.54760987,2259.693220133231,2.326726538248282,2.4026245E-5,17.201735,0.0076883873,0.24746895,0.0058513116,0.086468086,0.008295378,0.24365272,0.019994827,0.7421846,0.015538137,0.088104434,0.02144287,0.1869796,0.021576818,null,null,null,null,"TWOGAUSSIANS",8,5.781461,0.24746895,0.0058513116,0.4,0.0,0.237196,0.021650707,0.7421846,0.015538137,0.4,0.014661168,0.18052287,0.024178648
375316653866487564,4483037557341649920,0.60189086,2329.566285879054,2.8131739223783043,1.720589E-5,16.620928,0.0042278185,0.19160874,0.002548441,0.08915171,0.0039006625,0.18119466,0.005050027,0.6891573,0.004525484,0.08411367,0.005910184,0.14505233,0.005979725,null,null,null,null,"TWOGAUSSIANS",8,4.1459455,0.19160874,0.002548441,0.4,0.0,0.17634356,0.00463014,0.6891573,0.004525484,0.4,0.0,0.14020129,0.006118251
375316653866487564,4483042539505362688,0.60981876,2362.809027260375,4.113159875009557,1.2413795E-5,19.150705,0.006959108,0.33538094,0.011719603,0.07014235,0.008474614,0.30527943,0.03504364,0.83290887,0.0022781638,0.06724926,0.0030426532,0.36147347,0.0130813075,null,null,null,null,"TWOGAUSSIANS",8,0.73270804,0.83290887,0.0022781638,0.37659585,0.017038858,0.36064753,0.013089881,0.33538094,0.011719603,0.39279717,0.027474333,0.3044535,0.03510465
375316653866487564,4483042780022198656,0.5588208,2377.132373957057,2.7410922141521006,3.674244E-5,19.542429,0.03863949,0.23120514,0.0066387723,0.10281312,0.0133489,0.4117684,0.039078493,0.7414459,0.006136882,0.087010436,0.011908863,0.5285954,0.04894817,null,null,null,null,"TWOGAUSSIANS",8,1.9781133,0.7414459,0.0061396854,0.4,0.0,0.5038569,0.05464126,0.23120514,0.0066387723,0.4,0.0,0.38702324,0.027791891
375316653866487564,4483047659105026688,0.61645687,2362.7027608218614,2.6399895495936487,1.9170178E-5,17.265705,0.035355195,0.22377634,0.013471198,0.060215794,0.021373231,0.36964884,0.22963074,0.7358498,0.008810111,0.04965363,0.009860768,0.3486154,0.06917133,0.10118557,0.041549157,0.7358498,0.008810111,"TWOGAUSSIANS_WITH_ELLIPSOIDAL_ON_ECLIPSE2",9,9.955643,0.22540633,0.011761395,0.33720845,0.1196901,0.5709831,0.25214833,0.7358498,0.008810111,0.27806032,0.055220302,0.5509552,0.042465653
375316653866487564,4483050029927152768,0.5679585,2268.010760127174,2.8189061316547543,2.2058668E-5,18.35532,0.0331329,0.11976053,0.025565919,0.08905138,0.027095664,0.23112318,0.04345314,0.61305636,0.00553383,0.08537802,0.014089814,0.2358979,0.029367197,null,null,null,null,"TWOGAUSSIANS",8,1.494088,0.61305636,0.00553383,0.4,0.0,0.22903208,0.017138474,0.11976053,0.025565919,0.4,0.0,0.22425732,0.02828722
375316653866487564,4483050923280413440,0.5118174,2273.441061828117,0.17812742394982453,6.3979845E-5,19.44778,0.11676882,0.36782077,0.022677677,0.016508281,0.09758058,0.49295416,0.13465197,0.774633,0.0155854635,0.1387256,0.044812284,0.30779123,0.10947888,null,null,null,null,"TWOGAUSSIANS",8,2.8711743,0.36787075,0.011080404,0.09244638,0.29104668,0.49623653,0.22628555,0.774633,0.0155854635,0.4,0.0,0.30686125,0.034294873
375316653866487564,4483051649132222464,0.4621144,2258.1460541690444,2.51002496114436,1.5373185E-5,16.102678,0.049240027,0.17097288,0.007280922,0.08552953,0.018619444,0.16956443,0.04832887,0.67304206,0.052252274,0.075513,0.059685122,0.243408,0.08798961,null,null,null,null,"TWOGAUSSIANS",8,19.68551,0.67304206,0.052264825,0.4,0.03245389,0.2403097,0.09204635,0.17097288,0.0069514136,0.4,0.0,0.1664661,0.019884024
375316653866487564,4483054947667569408,0.6003093,2253.323371133637,2.1062927834208285,1.5024474E-5,15.968115,0.010349835,0.23739211,0.0062547764,0.042011857,0.015562532,0.10359294,0.024716236,0.7311877,0.0026359183,0.043007847,0.0038175844,0.56297314,0.048083697,0.019136349,0.015473373,0.23739211,0.0062547764,"TWOGAUSSIANS_WITH_ELLIPSOIDAL_ON_ECLIPSE1",9,40.790794,0.7312477,0.0025932977,0.24084395,0.021378472,0.60118824,0.055114836,0.23739211,0.0062547764,0.23526639,0.08715018,0.14186557,0.021344246
375316653866487564,4483055390047957504,0.50401115,2234.739162840946,3.830794885413522,6.329033E-5,19.704636,0.011085958,0.24913582,0.009539192,0.08289129,0.011004616,0.30086285,0.01727939,0.72592205,0.013390654,0.06328062,0.022277495,0.23767221,0.029367384,null,null,null,null,"TWOGAUSSIANS",8,2.1597228,0.24913582,0.009539192,0.4,0.0,0.29997367,0.016913775,0.72592205,0.013390654,0.35437146,0.11052245,0.23678307,0.029530387
375316653866487564,4483061849678884736,0.4807634,2245.1207634689745,0.30058227937292775,1.4422932E-5,19.50006,0.0063143177,0.6538582,0.018164609,0.09261082,0.022417922,0.26071858,0.05990961,0.82761633,0.005952297,0.031013818,0.009899959,0.20102993,0.045458052,null,null,null,null,"TWOGAUSSIANS",8,1.745922,0.6538582,0.018160969,0.4,0.0,0.26071838,0.059915263,0.82761633,0.005952297,0.17367738,0.05543977,0.24588053,0.046347868
375316653866487564,4483064942051926784,0.61517215,2281.0221833395663,2.653075155683097,7.3545725E-6,16.315489,0.035804037,0.2806007,0.0018269717,0.060518384,0.010479955,0.26634264,0.07182493,0.7849386,0.013439925,0.06335385,0.02213233,0.19981074,0.2971435,0.105424546,0.04354537,0.2806007,0.0018269717,"TWOGAUSSIANS_WITH_ELLIPSOIDAL_ON_ECLIPSE1",9,21.858587,0.2806007,0.0018269717,0.33890295,0.05868775,0.47707602,0.020906812,0.7849386,0.013231985,0.35478154,0.12394105,0.41038752,0.30960044
375316653866487564,4483069237019415296,0.60121465,2309.7879337701643,2.237532622576224,1.6825305E-5,16.579422,0.012294694,0.24742514,0.006037228,0.0989637,0.0091890525,0.20576459,0.012821885,0.7419632,0.004661153,0.0881716,0.0082892105,0.33715388,0.0144656915,null,null,null,null,"TWOGAUSSIANS",8,15.370413,0.7419632,0.004661153,0.4,0.0,0.3237482,0.015569687,0.24742514,0.006037228,0.4,0.0,0.19235778,0.005165518
375316653866487564,4483080094700613376,0.56241584,2253.378482116713,1.4580152929634271,1.3674039E-5,18.100409,0.011888572,0.2362311,0.005189357,0.08664887,0.010896718,0.22629352,0.011905738,0.7528844,0.0031994628,0.08769267,0.009283149,0.20273606,0.00928597,null,null,null,null,"TWOGAUSSIANS",8,2.1933615,0.2362311,0.005189357,0.4,0.0,0.22098933,0.010972676,0.7528844,0.0031994628,0.4,0.0,0.19743186,0.0058897925
375316653866487564,4483082053201931392,0.47167504,2255.9169853493418,0.7099167737754992,4.5825294E-5,19.067745,0.0044870046,0.34830847,0.020823386,0.038448922,0.0157076,0.83041483,4.2787995,0.7615696,0.019513706,0.047368098,0.035963356,0.1446708,9.8674824E7,null,null,null,null,"TWOGAUSSIANS",8,3.5839498,0.34830847,0.020823386,0.21531397,0.08796257,0.83041483,4.2787995,0.7615696,0.019513706,0.26526135,0.2013948,0.1446708,9.8674824E7
375316653866487564,4483082225000657408,0.5997122,2280.694741475603,3.591488188875979,1.0294749E-5,16.396002,0.00641542,0.19582817,0.0024650698,0.07078096,0.002626346,0.41284716,0.009721028,0.70010465,0.004266501,0.07521752,0.0058998284,0.4770263,0.046399284,null,null,null,null,"TWOGAUSSIANS",8,18.54023,0.70010465,0.004266501,0.4,0.0,0.4747441,0.04744749,0.19582817,0.0024650698,0.3963734,0.01448173,0.41056496,0.00952432
375316653866487564,4483082396799378688,0.6019327,2250.0426771618845,1.169404188690057,1.7262788E-5,17.51742,0.0030493033,0.1630301,0.010331273,0.04484539,0.0051327082,0.18401113,0.027958268,0.6641749,0.0029280768,0.040901326,0.002854972,0.42424765,0.048747562,null,null,null,null,"TWOGAUSSIANS",8,4.0757265,0.6641749,0.0029280768,0.22904743,0.015987843,0.42424762,0.048747573,0.1630301,0.010331273,0.2511342,0.028743166,0.18401112,0.027958255
375316653866487564,4483082602957826944,0.50742567,2266.3112170877134,1.4712229532307588,1.1788365E-5,18.209055,0.008746119,0.27543533,0.009231275,0.04033783,0.009962106,0.22828057,0.09046083,0.86164397,0.0034869066,0.034374867,0.002128181,0.495651,0.043145698,null,null,null,null,"TWOGAUSSIANS",8,13.526598,0.86164397,0.0034869066,0.19249925,0.011917814,0.495651,0.043145698,0.27543533,0.009231275,0.22589186,0.055787794,0.22828057,0.09046083
375316653866487564,4483084359604275840,0.504206,2363.7732525596703,1.0650305797706001,8.808594E-6,14.242106,0.040866014,0.2463264,0.0027402057,0.1671983,0.026809175,0.23256408,0.038456198,0.74697864,0.003032067,0.21445721,0.03841014,0.2624319,0.0394636,null,null,null,null,"TWOGAUSSIANS",8,10.601879,0.74721867,0.0033419728,0.4,0.0,0.05868668,0.006858441,0.24588642,0.0029635397,0.4,0.0,0.058141787,0.0038149299
375316653866487564,4483084630186359424,0.5528694,2326.4048858106285,2.961913777911963,3.107642E-5,18.991842,0.00956612,0.24117325,0.007826724,0.068291984,0.008902509,0.40970153,0.021571523,0.75004244,0.010369416,0.062237162,0.010978144,0.2184883,0.017976595,null,null,null,null,"TWOGAUSSIANS",8,3.025196,0.24117325,0.007826724,0.38243514,0.037507914,0.40939847,0.021495838,0.75004244,0.010369416,0.34852812,0.061477605,0.21818525,0.01817568
375316653866487564,4483085837073011072,0.4893682,2337.67543448158,3.0244449668244133,3.325127E-5,16.011972,0.0045925486,0.20050551,0.0048764255,0.04168499,0.036226455,0.04107769,0.020049572,0.69134843,0.031981643,0.040767953,0.014435797,0.08628401,0.10125495,0.07903685,0.010705444,0.20050551,0.0048764255,"TWOGAUSSIANS_WITH_ELLIPSOIDAL_ON_ECLIPSE1",9,47.83562,0.69311845,0.026062222,0.22830054,0.08084046,0.2439361,0.10830283,0.20050551,0.0048764255,0.23343594,0.19331023,0.19915135,0.016302992
375316653866487564,4483088276610436352,0.49030763,2319.783598583762,2.939916782932118,4.390162E-5,18.463577,0.010936851,0.24597573,0.011480568,0.082971975,0.013102099,0.19763677,0.0149656385,0.7607793,0.0045280564,0.0733819,0.0071902787,0.16696174,0.013234019,null,null,null,null,"TWOGAUSSIANS",8,7.5958657,0.24597573,0.011480568,0.4,0.0,0.19602376,0.014060719,0.7607793,0.0045280564,0.4,0.0085723875,0.16534874,0.012453289
375316653866487564,4483088341033808512,0.44275495,2318.6647555601194,1.8318987930760227,2.409789E-5,19.309263,0.06091752,0.27196723,0.010976884,0.14697789,0.044831064,0.1679963,0.05440804,0.7846549,0.006473576,0.09182382,0.020906102,0.21911694,0.048448175,null,null,null,null,"TWOGAUSSIANS",8,2.6888044,0.7849049,0.0066605415,0.4,0.0,0.18464136,0.017835794,0.27196723,0.0109741995,0.4,0.0,0.13244814,0.018731881
