Gaia/vari_eclipsing_binary/VariEclipsingBinary_473571-473680.csv
# %ECSV 1.0
# ---
# delimiter: ','
# meta: !!omap
# - RELEASE: Gaia DR3
# - TABLE: vari_eclipsing_binary
# - DESCRIPTION: >
#     This table describes the properties of the eclipsing binaries resulting from the variability analysis. 
# - CITATION: >
#     How to cite and acknowledge Gaia: 
#     https://gea.esac.esa.int/archive/documentation/credits.html 
# - KNOWN_ISSUES: >
#     Known issues: 
#     https://www.cosmos.esa.int/web/gaia-users/known-issues 
# - DOCUMENTATION: >
#     Tutorials and documentation: 
#     https://www.cosmos.esa.int/web/gaia-users/archive 
# datatype:
# - 
#   name: solution_id
#   datatype: int64
#   description: Solution Identifier
#   meta:
#     ucd: meta.version
# - 
#   name: source_id
#   datatype: int64
#   description: Unique source identifier
#   meta:
#     ucd: meta.id;meta.main
# - 
#   name: global_ranking
#   datatype: float32
#   description: Number between 0 (worst) and 1 (best)
#   meta:
#     ucd: stat.param
# - 
#   name: reference_time
#   datatype: float64
#   unit: d
#   description: Reference time used for the geometric model fit
#   meta:
#     ucd: time.epoch
# - 
#   name: frequency
#   datatype: float64
#   unit: d**-1
#   description: Frequency of geometric model of the eclipsing binary light curve
#   meta:
#     ucd: src.orbital
# - 
#   name: frequency_error
#   datatype: float32
#   unit: d**-1
#   description: "Uncertainty of \\texttt{frequency}"
#   meta:
#     ucd: stat.error
# - 
#   name: geom_model_reference_level
#   datatype: float32
#   unit: mag
#   description: Magnitude reference level of geometric model
#   meta:
#     ucd: phot.mag;em.opt
# - 
#   name: geom_model_reference_level_error
#   datatype: float32
#   unit: mag
#   description: "Uncertainty of \\texttt{geomModelReferenceLevel}"
#   meta:
#     ucd: stat.error;phot.mag;em.opt
# - 
#   name: geom_model_gaussian1_phase
#   datatype: float32
#   description: Phase of the Gaussian 1 component
#   meta:
#     ucd: time.phase
# - 
#   name: geom_model_gaussian1_phase_error
#   datatype: float32
#   description: "Uncertainty of \\texttt{geomModelGaussian1Phase}"
#   meta:
#     ucd: stat.error;time.phase
# - 
#   name: geom_model_gaussian1_sigma
#   datatype: float32
#   description: "Standard deviation [phase] of Gaussian 1 component"
#   meta:
#     ucd: stat.stdev
# - 
#   name: geom_model_gaussian1_sigma_error
#   datatype: float32
#   description: "Uncertainty of \\texttt{geomModelGaussian1Sigma}"
#   meta:
#     ucd: stat.error
# - 
#   name: geom_model_gaussian1_depth
#   datatype: float32
#   unit: mag
#   description: Magnitude depth of Gaussian 1 component
#   meta:
#     ucd: src.var.amplitude
# - 
#   name: geom_model_gaussian1_depth_error
#   datatype: float32
#   unit: mag
#   description: "Uncertainty of \\texttt{geomModelGaussian1Depth}"
#   meta:
#     ucd: stat.error;src.var.amplitude
# - 
#   name: geom_model_gaussian2_phase
#   datatype: float32
#   description: Phase of Gaussian 2 component
#   meta:
#     ucd: time.phase
# - 
#   name: geom_model_gaussian2_phase_error
#   datatype: float32
#   description: "Uncertainty of \\texttt{geomModelGaussian2Phase}"
#   meta:
#     ucd: stat.error;time.phase
# - 
#   name: geom_model_gaussian2_sigma
#   datatype: float32
[...]
#   datatype: float32
#   description: "Secondary eclipse: uncertainty of \\texttt{derivedSecondaryEclDuration}"
#   meta:
#     ucd: stat.error;time.duration
# - 
#   name: derived_secondary_ecl_depth
#   datatype: float32
#   unit: mag
#   description: "Secondary eclipse: depth"
#   meta:
#     ucd: src.var.amplitude
# - 
#   name: derived_secondary_ecl_depth_error
#   datatype: float32
#   unit: mag
#   description: "Secondary eclipse: uncertainty of \\texttt{derivedSecondaryEclDepth}"
#   meta:
#     ucd: stat.error;src.var.amplitude
solution_id,source_id,global_ranking,reference_time,frequency,frequency_error,geom_model_reference_level,geom_model_reference_level_error,geom_model_gaussian1_phase,geom_model_gaussian1_phase_error,geom_model_gaussian1_sigma,geom_model_gaussian1_sigma_error,geom_model_gaussian1_depth,geom_model_gaussian1_depth_error,geom_model_gaussian2_phase,geom_model_gaussian2_phase_error,geom_model_gaussian2_sigma,geom_model_gaussian2_sigma_error,geom_model_gaussian2_depth,geom_model_gaussian2_depth_error,geom_model_cosine_half_period_amplitude,geom_model_cosine_half_period_amplitude_error,geom_model_cosine_half_period_phase,geom_model_cosine_half_period_phase_error,model_type,num_model_parameters,reduced_chi2,derived_primary_ecl_phase,derived_primary_ecl_phase_error,derived_primary_ecl_duration,derived_primary_ecl_duration_error,derived_primary_ecl_depth,derived_primary_ecl_depth_error,derived_secondary_ecl_phase,derived_secondary_ecl_phase_error,derived_secondary_ecl_duration,derived_secondary_ecl_duration_error,derived_secondary_ecl_depth,derived_secondary_ecl_depth_error
375316653866487564,4165575461977175296,0.6263063,2410.6898434805535,0.3563350878847153,3.4676484E-6,17.856453,0.0023025216,0.24382097,8.642372E-4,0.0221454,6.60057E-4,1.4722462,0.06422592,0.75009704,0.010545222,0.02199447,0.011030987,0.18668872,2.7436612,0.01708195,0.0033614459,0.24382097,8.642372E-4,"TWOGAUSSIANS_WITH_ELLIPSOIDAL_ON_ECLIPSE1",9,5.8132896,0.24382097,8.642372E-4,0.12401424,0.0036963192,1.5064101,0.065158464,0.75009704,0.010545222,0.123169035,0.061773527,0.22079949,2.7440548
375316653866487564,4165576359630878080,0.6374754,2411.9671760208303,3.332394042864391,5.164539E-6,15.38954,0.0068880543,0.24836284,0.0015048916,0.04585677,0.0048245867,0.13274126,0.014145602,0.7469589,0.0020971221,0.055127308,0.0035904378,0.201522,0.013045588,0.09991185,0.0072666947,0.24836284,0.0015048916,"TWOGAUSSIANS_WITH_ELLIPSOIDAL_ON_ECLIPSE1",9,18.388245,0.74722886,0.0016287536,0.30871293,0.020106452,0.4013257,0.0028043145,0.24836284,0.0015048916,0.2567979,0.027017687,0.33255753,0.008897836
375316653866487564,4165577042525275648,0.66893375,2423.3890618944083,2.0314988573283586,2.5655575E-6,15.729214,0.0075267893,0.3048873,5.712661E-4,0.0637878,0.0023476062,0.2631096,0.014967422,0.80599624,0.0017282417,0.055461,0.0032463728,0.15172377,0.016326044,0.07363764,0.0083360635,0.3048873,5.712661E-4,"TWOGAUSSIANS_WITH_ELLIPSOIDAL_ON_ECLIPSE1",9,11.333235,0.3048873,5.712661E-4,0.35721168,0.013146594,0.41026,0.004511409,0.80599624,0.0017282417,0.31058162,0.018179687,0.29886702,0.0036752392
375316653866487564,4165577076885063168,0.61647034,2423.0931641620455,3.191674874050518,1.7717247E-6,18.729134,0.008058492,0.26370025,8.954155E-4,0.050999854,0.002519712,0.39587936,0.01971663,0.76783043,0.0015883673,0.048619036,0.0035877004,0.30510125,0.041049384,0.10518665,0.011247654,0.26370025,8.954155E-4,"TWOGAUSSIANS_WITH_ELLIPSOIDAL_ON_ECLIPSE1",9,1.6344299,0.26370025,8.954155E-4,0.28559917,0.014110387,0.6062496,0.015182345,0.76783043,0.0015883673,0.2722666,0.020091124,0.51532984,0.040048584
375316653866487564,4165578318135977600,0.5989249,2415.2625407081355,0.4597575008440739,9.350068E-6,16.598295,0.0050500203,0.25144506,0.0015219243,0.023165215,0.0039556427,0.24188355,0.07021457,0.75266725,0.001581182,0.030859709,0.0018135742,1.368528,0.07922885,0.041745137,0.007592444,0.25144506,0.0015219243,"TWOGAUSSIANS_WITH_ELLIPSOIDAL_ON_ECLIPSE1",9,43.218273,0.75266725,0.001581182,0.17281437,0.010156016,1.4520134,0.0846813,0.25144506,0.0015219243,0.1297252,0.022151599,0.3253738,0.07895872
375316653866487564,4165578593005328512,0.41283575,2467.551199275294,4.07718264304489,9.892775E-5,19.137882,0.0119789075,0.26191458,0.0149691105,0.089894615,0.011376558,0.17663787,0.035000037,0.5074878,0.0017012826,0.012581362,0.0032715471,0.23117495,0.0616988,null,null,null,null,"TWOGAUSSIANS",8,6.7249894,0.5074878,0.0017012826,0.070455626,0.018320665,0.23540726,0.061630875,0.26191458,0.0149691105,0.4,0.0,0.17663781,0.03500005
375316653866487564,4165583124195583104,0.6352048,2434.375037758702,3.0989370270858876,5.115178E-6,17.555618,0.0099591,0.2229157,0.001335209,0.05036927,0.0026347383,0.43968126,0.026709663,0.7275762,0.0016128044,0.049639534,0.0028169693,0.35604125,0.024624329,0.120632045,0.015901778,0.2229157,0.001335209,"TWOGAUSSIANS_WITH_ELLIPSOIDAL_ON_ECLIPSE1",9,6.740528,0.2229157,0.001335209,0.28206792,0.014754536,0.6809416,0.01498995,0.7275762,0.0016128044,0.2779814,0.015775027,0.5970947,0.010392201
375316653866487564,4165586117787163008,0.50176436,2346.171999666977,3.8361911083786366,1.4466515E-5,19.818954,0.02661369,0.20806733,0.0024695278,0.083946265,0.007566986,0.45375386,0.0300438,0.71312356,0.005186513,0.07883424,0.0122679705,0.5141642,0.06693585,null,null,null,null,"TWOGAUSSIANS",8,2.1783915,0.71312356,0.005186513,0.4,0.0,0.50634193,0.07260903,0.20806733,0.0024695278,0.4,0.0,0.44593158,0.029727593
375316653866487564,4165588106361069312,0.56270987,2402.266837504413,0.4471929028851183,4.3726293E-5,17.876472,0.0014938215,0.3738225,0.00785385,0.01489773,0.0040948926,0.3545647,0.5281179,null,null,null,null,null,null,null,null,null,null,"ONEGAUSSIAN",5,1.7407038,0.3738225,0.00785385,0.08342729,0.022931399,0.3545647,0.0,null,null,null,null,null,null
375316653866487564,4165588312519553920,0.5283422,2384.7407729361407,2.773424910108053,8.86068E-6,18.733301,0.008229703,0.22338098,0.0031360416,0.07851046,0.0050958632,0.1445064,0.010113441,0.71292126,0.0024302981,0.07892658,0.005333554,0.2881492,0.015004971,null,null,null,null,"TWOGAUSSIANS",8,1.862237,0.71292126,0.0024302981,0.4,0.0,0.2860322,0.015451077,0.22338098,0.0031360416,0.4,0.0,0.14238939,0.009347834
375316653866487564,4165591336172740992,0.42613742,2394.437756344083,0.5639704675280018,2.0825131E-5,19.027761,0.005789898,0.16333166,0.015542156,0.049773797,0.009470712,0.12861606,0.038326602,0.6433084,0.0057393755,0.034636594,0.0049573923,0.12742324,0.022091582,null,null,null,null,"TWOGAUSSIANS",8,5.8492136,0.16333166,0.015542156,0.27873328,0.053035986,0.12861606,0.038326614,0.6433084,0.0057393755,0.19396493,0.027761396,0.12742324,0.022091582
375316653866487564,4165593264612916608,0.47524947,2328.988711657557,3.165502305483105,1.47247E-5,19.758627,0.004496707,null,null,null,null,null,null,null,null,null,null,null,null,0.13374083,0.0065216767,0.30252308,0.004130635,"ELLIPSOIDAL",4,1.7980254,null,null,null,null,null,null,null,null,null,null,null,null
375316653866487564,4165596421413711104,0.47030446,2311.7748030633425,3.1852285194183856,4.3672997E-5,18.815847,0.0044077807,0.7384972,0.004607578,0.026518246,0.00828849,0.07747585,0.014593866,null,null,null,null,null,null,0.057547204,0.009698998,0.7384972,0.004607578,"ONEGAUSSIAN_WITH_ELLIPSOIDAL",6,3.7535553,0.7384972,0.004607578,0.14850219,0.04641554,0.19257027,0.017402502,null,null,null,null,null,null
375316653866487564,4165596833731110784,0.55437595,2355.1312969698465,2.4563105550426623,6.899146E-6,18.827997,0.016624205,0.22223018,0.0023844151,0.08863491,0.005029775,0.430173,0.018471073,0.72168714,0.004458861,0.08193293,0.006706842,0.5120166,0.028938055,null,null,null,null,"TWOGAUSSIANS",8,4.5264955,0.72168714,0.004458861,0.4,0.0,0.4994207,0.030283526,0.22223018,0.0023844151,0.4,0.0,0.41757697,0.016925659
375316653866487564,4165599037051144576,0.57379055,2335.6021722044975,2.439603560070947,5.823888E-6,18.77561,0.0061490936,0.29714066,0.0011860516,0.07544923,0.00222076,0.32265332,0.010744149,0.78993386,0.001443382,0.07607504,0.0020008013,0.39235777,0.006688833,null,null,null,null,"TWOGAUSSIANS",8,1.3298746,0.78993386,0.001443382,0.4,0.0,0.38973278,0.0062302016,0.29714066,0.0011860516,0.4,0.0,0.32002833,0.010719604
375316653866487564,4165599582509648256,0.5274421,2307.349510621366,2.114700111646686,1.0425627E-5,18.31156,0.014979464,0.31812948,0.003991974,0.08417411,0.019382095,0.17768984,0.016275067,0.82101464,0.0035810103,0.093986765,0.008445939,0.17582087,0.014263683,null,null,null,null,"TWOGAUSSIANS",8,2.5492947,0.31812948,0.003991974,0.4,0.0,0.17112207,0.023275804,0.82101464,0.0035810103,0.4,0.0,0.16925284,0.0069121188
375316653866487564,4165599616869397504,0.5556046,2311.6532715124968,3.227274069274489,1.3393321E-5,18.78442,0.00677185,0.25399455,0.0021682207,0.06890576,0.002881716,0.552366,0.025764192,0.7644586,0.0049699894,0.07079966,0.0040991297,0.48346752,0.021180486,null,null,null,null,"TWOGAUSSIANS",8,3.345361,0.25399455,0.0021682207,0.38587227,0.01613761,0.5510637,0.025971819,0.7644586,0.0049699894,0.39647812,0.021834403,0.4821652,0.02136733
375316653866487564,4165599994827710336,0.5348026,2333.5326598787256,2.676532586591175,2.0163145E-5,18.354212,0.0256469,0.29151756,0.009098401,0.08356579,0.015152969,0.1920312,0.024830574,0.78100365,0.004550709,0.10123721,0.013696583,0.30598003,0.02082301,null,null,null,null,"TWOGAUSSIANS",8,3.8098857,0.78100365,0.004550709,0.4,0.0,0.29512754,0.016288262,0.29151756,0.00910578,0.4,0.0,0.1811822,0.01841062
375316653866487564,4165600480163027968,0.53833985,2333.8786152265448,2.4621885510615202,9.880998E-6,19.56838,0.015162455,0.23953433,0.003416307,0.0439925,0.004841253,0.4791479,0.03891483,0.7288627,0.0055895834,0.043126326,0.0061079785,0.4609931,0.05628819,0.12499534,0.020201277,0.23953433,0.003416307,"TWOGAUSSIANS_WITH_ELLIPSOIDAL_ON_ECLIPSE1",9,2.6882389,0.23953433,0.003416307,0.24635799,0.027111018,0.72913843,0.024223298,0.7296527,0.0051301876,0.24150743,0.034204677,0.70994383,0.05233496
375316653866487564,4165600716381049344,0.5066729,2344.005686437228,2.458378039771651,2.381911E-5,18.651905,0.018774077,0.23764926,0.004621355,0.096372314,0.012663761,0.23618288,0.024104793,0.75539684,0.004007822,0.095587775,0.010765829,0.26556492,0.016519977,null,null,null,null,"TWOGAUSSIANS",8,4.385225,0.75539684,0.004007822,0.4,0.0,0.25238776,0.013877762,0.23764926,0.004621355,0.4,0.0,0.22300564,0.02616201
375316653866487564,4165600823757591936,0.5378348,2312.7596253102165,1.8652017245222494,1.2835606E-5,18.352104,0.046236772,0.23202796,0.0050663734,0.1252087,0.019625274,0.22888133,0.04525372,0.72961855,0.0032118417,0.11058595,0.016380899,0.2542796,0.040876634,null,null,null,null,"TWOGAUSSIANS",8,1.8999436,0.72961855,0.0032118417,0.4,0.0,0.20493664,0.009478383,0.23202796,0.005070462,0.4,0.0,0.17939878,0.0065344316
375316653866487564,4165604049278537728,0.5281839,2396.6722821918206,2.4984840811853153,7.6822935E-6,19.357512,0.00761584,0.3224933,0.0015856399,0.04287055,0.0014943803,0.38087258,0.013023956,0.81650937,0.004727016,0.049154233,0.004481235,0.41668522,0.025629058,null,null,null,null,"TWOGAUSSIANS",8,3.5040572,0.81650937,0.004727016,0.27526373,0.025094917,0.41668501,0.025629133,0.3224933,0.0015856399,0.24007508,0.008368529,0.38087234,0.013023897
375316653866487564,4165607798791525120,0.5069512,2402.063379362101,2.5047286549703913,7.40234E-6,19.360035,0.009228336,0.24936421,0.0028487449,0.07023402,0.0045872596,0.31758392,0.01645546,0.74476475,0.006181811,0.07515605,0.0072662816,0.2921454,0.009416649,null,null,null,null,"TWOGAUSSIANS",8,2.9071033,0.24936421,0.0028487449,0.39331055,0.020919332,0.31611112,0.016407218,0.74476475,0.006181811,0.4,0.0050393324,0.2906726,0.009008739
375316653866487564,4165608687841502848,0.44170576,2424.194038322735,1.4329997227470614,2.5452577E-5,18.64424,0.24699093,0.3167752,0.009599728,0.11128679,0.009702104,0.2835169,0.03230877,0.76481795,0.0059362906,0.30770263,0.11168073,0.42746225,0.2324356,null,null,null,null,"TWOGAUSSIANS",8,5.2348285,0.3273752,0.007468622,0.4,0.0,0.1998174,0.009333207,0.76481795,0.0059362906,0.4,0.0,0.113498576,0.011966372
375316653866487564,4165608997079227520,0.56106746,2425.323103115699,2.6538204044100553,1.1482297E-5,18.795534,0.010259574,0.2656687,0.0039232457,0.07622628,0.0044088517,0.4243766,0.016287552,0.7682177,0.008389289,0.07993746,0.008627049,0.36666393,0.0314761,null,null,null,null,"TWOGAUSSIANS",8,3.9338884,0.2656687,0.0039232457,0.4,0.0,0.419939,0.015523827,0.7682177,0.008389289,0.4,0.0,0.36222634,0.033755474
375316653866487564,4165609787354756736,0.48128995,2383.0985198909575,3.047755596295974,2.0589725E-5,19.290094,0.026197601,0.24174523,0.005622951,0.0871652,0.01332113,0.29075745,0.031304114,0.75289476,0.003176767,0.090252005,0.0095307175,0.28539288,0.021927176,null,null,null,null,"TWOGAUSSIANS",8,3.035265,0.24174523,0.005622951,0.4,0.0,0.28168046,0.03161119,0.75289476,0.003176767,0.4,0.0,0.2763158,0.01461524
375316653866487564,4165610066534187136,0.5329243,2373.271803062842,2.402100961115243,1.5711077E-5,17.748285,0.0112847,0.1964341,0.0038010003,0.09037426,0.0058395024,0.23016915,0.011684667,0.6940585,0.003002067,0.10776676,0.009575126,0.20996936,0.009384446,null,null,null,null,"TWOGAUSSIANS",8,4.4234624,0.1964341,0.0038010003,0.4,0.0,0.21267658,0.007173256,0.6940585,0.003002067,0.4,0.0,0.19246797,0.0088523505
375316653866487564,4165612536131059840,0.6121993,2347.1861003961503,0.3988811746410521,3.3492881E-6,18.87649,0.0063151335,0.34965134,2.490336E-4,0.02439804,5.288823E-4,1.2059352,0.03469153,0.8492928,0.005478475,0.025229013,0.0061585275,0.093713775,0.020928686,0.033919923,0.0074619413,0.34965134,2.490336E-4,"TWOGAUSSIANS_WITH_ELLIPSOIDAL_ON_ECLIPSE1",9,2.5412397,0.34965134,2.490336E-4,0.13662903,0.002961741,1.2737751,0.037066404,0.8493028,0.0053985044,0.14128247,0.034487754,0.16155328,0.020731475
375316653866487564,4165617277775002112,0.5075383,2364.0760098559726,3.2314515029761215,1.4452779E-5,18.314272,0.010130261,0.27003348,0.00516944,0.08685916,0.007936613,0.31065166,0.022472301,0.7621962,0.0023636564,0.077046536,0.0038682476,0.25526455,0.010672269,null,null,null,null,"TWOGAUSSIANS",8,6.7855725,0.27003348,0.00516944,0.4,0.0,0.30599746,0.02347233,0.7621962,0.0023636564,0.4,0.0,0.25061038,0.009231691
375316653866487564,4165623501186491776,0.4223235,2419.867688363968,0.8321466324180496,1.7353988E-5,18.005497,0.007893674,0.5372747,0.0084361015,0.021146474,0.0069763814,0.16643864,0.011521892,0.8282341,0.00873437,0.028264135,0.00743673,0.1582943,0.04031125,null,null,null,null,"TWOGAUSSIANS",8,7.543005,0.5372747,0.0084361015,0.11842026,0.039067738,0.16643864,0.011521892,0.8282341,0.00873437,0.15827917,0.041645687,0.1582943,0.04031125
375316653866487564,4165626280026638592,0.5096734,2406.564672803434,3.410364678476367,1.090243E-5,19.021492,0.02135084,0.2604725,0.0040454175,0.10918033,0.010088078,0.26853222,0.01950925,0.74910927,0.0035658726,0.10507462,0.009306074,0.24362993,0.020603385,null,null,null,null,"TWOGAUSSIANS",8,1.3847358,0.2604825,0.0040461468,0.4,0.0,0.23887436,0.010557941,0.74910927,0.0035658726,0.4,0.0,0.21398205,0.01130251
375316653866487564,4165626559203392768,0.5414647,2395.0867154767184,2.3334872976715766,8.370451E-6,19.480637,0.009527478,0.26639903,0.0030982385,0.08008756,0.007842122,0.44540897,0.015804004,0.76031065,0.0031189104,0.0747172,0.0030287849,0.4265107,0.016925747,null,null,null,null,"TWOGAUSSIANS",8,1.7116934,0.26639903,0.0030982385,0.4,0.0,0.4412438,0.016876424,0.76031065,0.0031189104,0.4,0.0,0.42234552,0.016243098
375316653866487564,4165626799718969472,0.46960378,2422.1498029672066,3.63273766272287,2.2383134E-5,18.53227,0.012428404,0.3176579,0.004891764,0.105631046,0.010070863,0.19523501,0.011969742,0.820869,0.0050205784,0.08920569,0.008808057,0.18436162,0.01411424,null,null,null,null,"TWOGAUSSIANS",8,4.030231,0.3176579,0.004891764,0.4,0.0,0.1817432,0.0074937544,0.820869,0.0050205784,0.4,0.0,0.17087515,0.012043989
375316653866487564,4165627207739950080,0.5288003,2414.1801835495726,2.96149835001182,4.317783E-5,17.715801,0.031413008,0.25164166,0.0057463725,0.08885483,0.012089744,0.32446226,0.037257183,0.74866265,0.0055205696,0.09271783,0.015763802,0.32437775,0.024400966,null,null,null,null,"TWOGAUSSIANS",8,22.036684,0.25164166,0.0057463725,0.4,0.0,0.31047508,0.029342389,0.74866265,0.0055205696,0.4,0.0,0.31039032,0.016033953
375316653866487564,4165629097525506688,0.45575175,2448.114379133589,2.8686769311908185,3.1032156E-5,18.085827,0.10557963,0.2529511,0.008079968,0.10240125,0.03814277,0.24444966,0.09858378,0.73928624,0.010182448,0.102982946,0.059270583,0.23163132,0.0770366,null,null,null,null,"TWOGAUSSIANS",8,23.727364,0.2529511,0.008075682,0.4,0.0,0.22359852,0.04041107,0.73928624,0.010182448,0.4,0.026505023,0.21077988,0.02408855
375316653866487564,4165630093958008576,0.53349406,2448.961072406268,0.41766065679860287,5.788966E-6,16.620054,0.0047457316,0.2726842,0.001500696,0.032062434,0.0027396395,0.17100553,0.009841211,0.77348703,0.0017795665,0.02008413,0.0060498877,0.04453879,0.011985795,0.027712502,0.005533549,0.2726842,0.001500696,"TWOGAUSSIANS_WITH_ELLIPSOIDAL_ON_ECLIPSE1",9,17.820055,0.2726842,0.001500696,0.17954963,0.015341981,0.22643049,0.006061185,0.77348703,0.0017609939,0.112471126,0.033879373,0.099962324,0.007928911
