Gaia/vari_eclipsing_binary/VariEclipsingBinary_234202-234231.csv
# %ECSV 1.0
# ---
# delimiter: ','
# meta: !!omap
# - RELEASE: Gaia DR3
# - TABLE: vari_eclipsing_binary
# - DESCRIPTION: >
#     This table describes the properties of the eclipsing binaries resulting from the variability analysis. 
# - CITATION: >
#     How to cite and acknowledge Gaia: 
#     https://gea.esac.esa.int/archive/documentation/credits.html 
# - KNOWN_ISSUES: >
#     Known issues: 
#     https://www.cosmos.esa.int/web/gaia-users/known-issues 
# - DOCUMENTATION: >
#     Tutorials and documentation: 
#     https://www.cosmos.esa.int/web/gaia-users/archive 
# datatype:
# - 
#   name: solution_id
#   datatype: int64
#   description: Solution Identifier
#   meta:
#     ucd: meta.version
# - 
#   name: source_id
#   datatype: int64
#   description: Unique source identifier
#   meta:
#     ucd: meta.id;meta.main
# - 
#   name: global_ranking
#   datatype: float32
#   description: Number between 0 (worst) and 1 (best)
#   meta:
#     ucd: stat.param
# - 
#   name: reference_time
#   datatype: float64
#   unit: d
#   description: Reference time used for the geometric model fit
#   meta:
#     ucd: time.epoch
# - 
#   name: frequency
#   datatype: float64
#   unit: d**-1
#   description: Frequency of geometric model of the eclipsing binary light curve
#   meta:
#     ucd: src.orbital
# - 
#   name: frequency_error
#   datatype: float32
#   unit: d**-1
#   description: "Uncertainty of \\texttt{frequency}"
#   meta:
#     ucd: stat.error
# - 
#   name: geom_model_reference_level
#   datatype: float32
#   unit: mag
#   description: Magnitude reference level of geometric model
#   meta:
#     ucd: phot.mag;em.opt
# - 
#   name: geom_model_reference_level_error
#   datatype: float32
#   unit: mag
#   description: "Uncertainty of \\texttt{geomModelReferenceLevel}"
#   meta:
#     ucd: stat.error;phot.mag;em.opt
# - 
#   name: geom_model_gaussian1_phase
#   datatype: float32
#   description: Phase of the Gaussian 1 component
#   meta:
#     ucd: time.phase
# - 
#   name: geom_model_gaussian1_phase_error
#   datatype: float32
#   description: "Uncertainty of \\texttt{geomModelGaussian1Phase}"
#   meta:
#     ucd: stat.error;time.phase
# - 
#   name: geom_model_gaussian1_sigma
#   datatype: float32
#   description: "Standard deviation [phase] of Gaussian 1 component"
#   meta:
#     ucd: stat.stdev
# - 
#   name: geom_model_gaussian1_sigma_error
#   datatype: float32
#   description: "Uncertainty of \\texttt{geomModelGaussian1Sigma}"
#   meta:
#     ucd: stat.error
# - 
#   name: geom_model_gaussian1_depth
#   datatype: float32
#   unit: mag
#   description: Magnitude depth of Gaussian 1 component
#   meta:
#     ucd: src.var.amplitude
# - 
#   name: geom_model_gaussian1_depth_error
#   datatype: float32
#   unit: mag
#   description: "Uncertainty of \\texttt{geomModelGaussian1Depth}"
#   meta:
#     ucd: stat.error;src.var.amplitude
# - 
#   name: geom_model_gaussian2_phase
#   datatype: float32
#   description: Phase of Gaussian 2 component
#   meta:
#     ucd: time.phase
# - 
#   name: geom_model_gaussian2_phase_error
#   datatype: float32
#   description: "Uncertainty of \\texttt{geomModelGaussian2Phase}"
#   meta:
#     ucd: stat.error;time.phase
# - 
#   name: geom_model_gaussian2_sigma
#   datatype: float32
[...]
#   datatype: float32
#   description: "Secondary eclipse: uncertainty of \\texttt{derivedSecondaryEclDuration}"
#   meta:
#     ucd: stat.error;time.duration
# - 
#   name: derived_secondary_ecl_depth
#   datatype: float32
#   unit: mag
#   description: "Secondary eclipse: depth"
#   meta:
#     ucd: src.var.amplitude
# - 
#   name: derived_secondary_ecl_depth_error
#   datatype: float32
#   unit: mag
#   description: "Secondary eclipse: uncertainty of \\texttt{derivedSecondaryEclDepth}"
#   meta:
#     ucd: stat.error;src.var.amplitude
solution_id,source_id,global_ranking,reference_time,frequency,frequency_error,geom_model_reference_level,geom_model_reference_level_error,geom_model_gaussian1_phase,geom_model_gaussian1_phase_error,geom_model_gaussian1_sigma,geom_model_gaussian1_sigma_error,geom_model_gaussian1_depth,geom_model_gaussian1_depth_error,geom_model_gaussian2_phase,geom_model_gaussian2_phase_error,geom_model_gaussian2_sigma,geom_model_gaussian2_sigma_error,geom_model_gaussian2_depth,geom_model_gaussian2_depth_error,geom_model_cosine_half_period_amplitude,geom_model_cosine_half_period_amplitude_error,geom_model_cosine_half_period_phase,geom_model_cosine_half_period_phase_error,model_type,num_model_parameters,reduced_chi2,derived_primary_ecl_phase,derived_primary_ecl_phase_error,derived_primary_ecl_duration,derived_primary_ecl_duration_error,derived_primary_ecl_depth,derived_primary_ecl_depth_error,derived_secondary_ecl_phase,derived_secondary_ecl_phase_error,derived_secondary_ecl_duration,derived_secondary_ecl_duration_error,derived_secondary_ecl_depth,derived_secondary_ecl_depth_error
[from data line 836]
375316653866487564,2060308494968089216,0.4856448,2219.8829835544007,0.3731664270917914,1.5527745E-5,15.667793,0.016333392,0.43457076,0.07350848,0.14382184,0.16714051,0.023824008,0.0120913815,0.86559993,0.0016425528,0.016650211,0.0019624203,0.1242013,0.011079535,null,null,null,null,"TWOGAUSSIANS",8,20.971344,0.86559993,0.0016425528,0.09324118,0.010989553,0.12436017,0.011547963,0.43457076,0.07350848,0.4,0.0,0.02370628,0.008344717
375316653866487564,2060308696800834176,0.6263349,2252.0928299071907,2.7227451519206483,3.725242E-6,17.007162,0.014734311,0.29906598,0.0015081082,0.052077398,0.0051652715,0.29740888,0.0290513,0.808755,0.0021701283,0.04766346,0.007177665,0.22786693,0.033206213,0.113846295,0.02012151,0.808755,0.0021701283,"TWOGAUSSIANS_WITH_ELLIPSOIDAL_ON_ECLIPSE2",9,11.156937,0.30042598,0.0012341512,0.29163343,0.02892552,0.52437526,0.013482553,0.808755,0.0021701283,0.26691538,0.040194925,0.45555773,0.02091469
375316653866487564,2060308735458498176,0.55284595,2229.440226456974,0.9108253988027639,1.5191274E-5,19.305332,0.0049008955,0.68629557,0.0036884288,0.04228149,0.0036857417,0.46007946,0.042196415,0.89503956,0.012490511,0.0385527,0.011935178,0.055546746,0.07396267,null,null,null,null,"TWOGAUSSIANS",8,1.680747,0.68629557,0.0036884288,0.23677635,0.020640153,0.4600795,0.042196423,0.89503956,0.012490511,0.21589512,0.066837,0.05554909,0.07396265
375316653866487564,2060309319602143360,0.5808031,2203.383792055722,2.458714735220344,5.2077E-6,19.121595,0.009189628,0.24300401,0.0014932547,0.07869351,0.003087832,0.47312108,0.015855841,0.74344957,0.003558359,0.08150798,0.0036978626,0.4948262,0.011361286,null,null,null,null,"TWOGAUSSIANS",8,1.5983137,0.74344957,0.003558359,0.4,0.0,0.48746684,0.010543664,0.24300401,0.0014932547,0.4,0.0,0.46576175,0.016264606
375316653866487564,2060309938050332800,0.47505382,2174.9721133628686,0.5545897536308614,1.8170635E-5,18.627934,0.004202018,0.34666255,0.04121532,0.022286993,0.0107731065,3.2696888,3.3379617,0.84427303,0.014294573,0.036520362,0.01632233,0.08099973,0.028345834,null,null,null,null,"TWOGAUSSIANS",8,4.2912955,0.34666255,0.04121532,0.124807164,0.060329396,3.2696888,3.3379617,0.84427303,0.014294573,0.20451404,0.09140505,0.08099973,0.028345834
375316653866487564,2060310281648097664,0.5088362,2189.9850097304934,3.2824065434898086,1.3472371E-5,18.788515,0.02665384,0.24742028,0.004577662,0.044650406,0.0065682437,0.3772828,0.0816355,0.7413833,0.0069031497,0.05293151,0.013215732,0.46734396,0.06499713,0.08575767,0.033415124,0.24742028,0.004577662,"TWOGAUSSIANS_WITH_ELLIPSOIDAL_ON_ECLIPSE1",9,10.862446,0.7418333,0.0061113536,0.29641646,0.0740081,0.63862586,0.09221384,0.24742028,0.004577662,0.25004226,0.036782164,0.54879284,0.049617954
375316653866487564,2060311071948748800,0.44102782,2201.9637960375803,0.5871559010313586,9.051441E-5,15.904052,0.008997749,0.23433995,0.006644521,0.0436966,0.009870123,0.14118016,0.023898123,0.76265526,0.015442291,0.02586787,0.019990949,0.14625402,0.06470625,0.013352568,0.016255632,0.23433995,0.006644521,"TWOGAUSSIANS_WITH_ELLIPSOIDAL_ON_ECLIPSE1",9,94.46315,0.76265526,0.015442291,0.14486007,0.11194932,0.17212273,0.07316725,0.23433995,0.006644521,0.24470097,0.05527269,0.16788526,0.013395554
375316653866487564,2060312034021451136,0.5088446,2196.089998550343,0.08584290188675053,3.536724E-5,16.594646,0.016098835,0.3365321,0.021945884,0.14962614,0.0469157,0.12953024,0.012984345,0.8176309,0.0029180134,0.015774678,0.0034720432,0.44571325,0.12862968,null,null,null,null,"TWOGAUSSIANS",8,69.648254,0.8176309,0.0029180134,0.0883382,0.019443441,0.44520923,0.12889564,0.3365321,0.021945884,0.4,0.0,0.12797254,0.01568744
375316653866487564,2060312205793114496,0.44858366,2189.531657944492,3.0383285370165196,9.932535E-5,19.379028,0.0042965123,0.18813567,0.007174607,0.07059531,0.007960682,0.1327077,0.024003446,0.70875454,0.0117383115,0.072601385,0.013329994,0.12802413,0.026216283,null,null,null,null,"TWOGAUSSIANS",8,2.3343997,0.18813567,0.007174607,0.3953337,0.037594706,0.13235644,0.024171785,0.70875454,0.0117383115,0.4,0.049813606,0.12767285,0.026414115
375316653866487564,2060312308899408896,0.5842334,2219.8543306722254,0.16199232399636884,5.3175877E-6,14.235531,0.0011588028,0.23612061,0.0016873439,0.017009502,0.0013788283,0.22284985,0.012207783,0.7320364,0.0063630496,0.012085936,0.002680221,0.21678713,0.073264495,null,null,null,null,"TWOGAUSSIANS",8,22.285019,0.23612061,0.0016873439,0.09525321,0.007721439,0.22284985,0.012207783,0.7320364,0.0063630496,0.067681246,0.015009238,0.21678713,0.073264495
375316653866487564,2060312343259154176,0.6809379,2217.67428496064,0.4836976349286509,7.546348E-5,13.829972,4.5355427E-4,0.44280785,3.9322404E-4,0.015764521,1.9250998E-4,0.40602973,0.005392829,null,null,null,null,null,null,null,null,null,null,"ONEGAUSSIAN",5,9.962381,0.44280785,3.9322404E-4,0.08828132,0.0010780559,0.40602973,0.0,null,null,null,null,null,null
375316653866487564,2060312721189180544,0.55779517,2206.173170431958,0.06938133261309458,1.0523907E-5,18.979399,0.002726208,0.51561964,0.008417517,0.0077765645,0.003972651,0.052952085,0.035084315,0.60364634,6.506577E-6,0.013878704,5.3578235E-5,0.71782523,0.0021107083,null,null,null,null,"TWOGAUSSIANS",8,1.4401269,0.60364634,6.506577E-6,0.07772074,3.000381E-4,0.71782523,0.0021107083,0.51561964,0.008417517,0.043548763,0.022246845,0.05295209,0.035084274
375316653866487564,2060312721216276864,0.61624604,2161.439659416368,2.719750019158216,8.394029E-6,18.08043,0.0076430864,0.2197438,0.0023212915,0.04467347,0.003949744,0.28735578,0.017870033,0.713862,0.001238244,0.045419637,0.0023655044,0.3781535,0.022527823,0.13048422,0.010292891,0.2197438,0.0023212915,"TWOGAUSSIANS_WITH_ELLIPSOIDAL_ON_ECLIPSE1",9,5.696594,0.71445197,0.0010267744,0.25434995,0.013246824,0.63880104,0.021219652,0.2197438,0.0023212915,0.25017142,0.022118567,0.54832363,0.007815363
375316653866487564,2060313064786906752,0.55501914,2200.2941531736897,0.08873328227622673,1.0894084E-6,19.073454,0.003513994,0.5623894,1.4953622E-7,0.0011067087,3.278244E-6,0.884983,0.0032649504,0.91685957,9.565389E-4,0.0024471872,5.9254526E-4,0.041495927,0.010571582,null,null,null,null,"TWOGAUSSIANS",8,2.9922457,0.5623894,1.4953622E-7,0.0061975685,1.8358167E-5,0.884983,0.0032649504,0.91685957,9.565389E-4,0.013704249,0.0033182534,0.041495927,0.010571582
375316653866487564,2060313374024968448,0.553398,2195.820012012784,0.3029879866078307,1.2379625E-5,19.288383,0.004107795,0.19862753,0.028915185,0.039479874,0.03430396,0.028895857,0.18520686,0.72292376,2.0974324E-4,0.012443176,4.3706145E-4,0.6794446,0.022300629,null,null,null,null,"TWOGAUSSIANS",8,1.4544865,0.72292376,2.0974324E-4,0.069681786,0.0024475441,0.6794446,0.022300629,0.19862753,0.028915185,0.22108729,0.19210218,0.028895857,0.18520686
375316653866487564,2060313580183481856,0.5773865,2170.574301274741,1.375381167511342,5.8953847E-6,18.494652,0.006852123,0.22190371,0.0034705137,0.030493792,0.0026359654,0.33162162,0.015711676,0.71991104,4.885638E-4,0.02810538,6.239877E-4,0.69101834,0.01750076,null,null,null,null,"TWOGAUSSIANS",8,8.33413,0.71991104,4.885638E-4,0.15739013,0.0034943311,0.69101834,0.01750076,0.22190371,0.0034705137,0.17076524,0.014761406,0.33162162,0.015711676
375316653866487564,2060314026886440448,0.54789984,2151.2986834053318,1.1725414791213542,7.8088095E-5,15.295965,0.00211314,0.37659258,0.029662533,0.08309994,0.03006614,0.009924473,0.0029617138,0.8579752,0.0018249536,0.009129127,0.0015371275,0.2869749,0.0817604,null,null,null,null,"TWOGAUSSIANS",8,26.4095,0.8579752,0.0018249536,0.05112311,0.008607915,0.2869749,0.081760414,0.37659258,0.029662533,0.4,0.05144227,0.009924471,0.0029617168
375316653866487564,2060314439203410944,0.6570697,2191.7563390221912,1.0780006565223978,2.5911E-6,13.395756,0.0022070573,0.30558056,8.7365264E-4,0.057823066,0.003436838,0.059387848,0.005188025,0.8108193,0.011781961,0.042547256,0.011789101,0.039511837,0.0058110086,0.06445204,0.0029298454,0.30558056,8.7365264E-4,"TWOGAUSSIANS_WITH_ELLIPSOIDAL_ON_ECLIPSE1",9,16.062538,0.30558056,8.7365264E-4,0.32380918,0.019246293,0.18828672,0.0015174397,0.8108193,0.011781961,0.23826464,0.06601897,0.16827111,0.0034287325
375316653866487564,2060314572314589824,0.45856676,2205.5315673360137,3.2756234203290258,3.900083E-5,16.952852,0.0201034,0.36225986,0.011664315,0.087082915,0.01576661,0.14245825,0.019604195,0.8579829,0.07797465,0.028417889,0.11074456,0.03263131,0.31560615,null,null,null,null,"TWOGAUSSIANS",8,36.814568,0.36225986,0.011532166,0.4,0.0,0.14244568,0.015927793,0.8579829,0.07813473,0.15914018,0.26857698,0.03261877,0.3157091
375316653866487564,2060314851520297216,0.5933172,2200.812943366181,1.5301916863717298,7.042805E-6,15.672234,0.00320223,0.21851811,0.0016566359,0.06698339,0.0041522887,0.0971321,0.006631143,0.7027054,0.0055378885,0.030393982,0.012454177,0.03283668,0.0069850395,0.031311788,0.0035846233,0.21851811,0.0016566359,"TWOGAUSSIANS_WITH_ELLIPSOIDAL_ON_ECLIPSE1",9,6.0462356,0.21851811,0.0016566359,0.37510696,0.023252815,0.15966645,0.002057498,0.7046354,0.0042496263,0.1702063,0.069743395,0.09482961,0.00893896
375316653866487564,2060315366890257536,0.48336512,2177.7036785806113,2.795545292341935,2.1455755E-5,19.720766,0.027608702,0.23473588,0.008239582,0.09913859,0.017847562,0.2676039,0.025718309,0.76086116,0.009313665,0.08867121,0.01290815,0.293271,0.039938223,null,null,null,null,"TWOGAUSSIANS",8,1.8983104,0.76086116,0.009315496,0.4,0.0,0.2822537,0.037778854,0.23473588,0.008239582,0.4,0.0,0.25658366,0.020177713
375316653866487564,2060315744878524800,0.5629757,2196.508270170779,3.03923869372631,1.4361895E-5,18.002085,0.017574616,0.3058742,0.004056332,0.06287947,0.008168708,0.1500835,0.0354761,0.79205495,0.0047091553,0.04628375,0.008425047,0.15022981,0.033532828,0.09739112,0.018273707,0.3058742,0.004056332,"TWOGAUSSIANS_WITH_ELLIPSOIDAL_ON_ECLIPSE1",9,10.308879,0.3058742,0.004056332,0.35212505,0.04574476,0.3448094,0.012689914,0.794535,0.0038270056,0.259189,0.04718026,0.34375316,0.014626413
375316653866487564,2060315847952608256,0.6257453,2180.183300131687,0.21354065845055442,1.0894963E-6,16.226841,9.781539E-4,0.38564536,0.007921195,0.013515487,0.0037123398,0.29876214,0.032058045,0.8744662,2.1273912E-8,0.001105808,2.3647387E-6,4.8435254,0.043654367,null,null,null,null,"TWOGAUSSIANS",8,3.839039,0.8744662,2.1273912E-8,0.0061925245,1.32425375E-5,4.8435254,0.043654367,0.38564536,0.007921195,0.07568672,0.020789104,0.29876214,0.032058045
375316653866487564,2060316947464332416,0.6450466,2187.6886544992135,0.5051599838023821,4.7687813E-6,14.006278,3.5495442E-4,0.5607166,9.913384E-4,0.019751703,8.737044E-4,0.16975646,0.0030628904,null,null,null,null,null,null,null,null,null,null,"ONEGAUSSIAN",5,5.6697044,0.5607166,9.913384E-4,0.11060954,0.0048927446,0.16975646,0.0,null,null,null,null,null,null
375316653866487564,2060317050543532672,0.48118043,2171.627663054612,2.6655717024740584,1.6689723E-5,19.207851,0.023170145,0.2014122,0.010570622,0.06480499,0.019091314,0.23461288,0.053393267,0.7229103,0.0060863057,0.025593814,0.0060882345,0.23924011,0.05640894,0.11031129,0.036858313,0.2014122,0.010570622,"TWOGAUSSIANS_WITH_ELLIPSOIDAL_ON_ECLIPSE1",9,13.933915,0.7229103,0.0060863057,0.14332536,0.034094114,0.45572594,0.042839095,0.2014122,0.010570622,0.36290798,0.10691136,0.4550997,0.03785977
375316653866487564,2060317355454860160,0.55071926,2190.5432830241703,0.8921965328519152,3.2061762E-5,18.39058,0.0030842463,0.3021542,0.018954806,0.026918503,0.017599722,0.43611243,0.1716951,0.8035774,0.0040588723,0.03444732,0.0029101463,0.17006162,0.013805475,null,null,null,null,"TWOGAUSSIANS",8,2.138986,0.3021542,0.018954806,0.1507436,0.09855845,0.43611243,0.1716951,0.8035774,0.0040588723,0.19290498,0.016296819,0.17006162,0.013805475
375316653866487564,2060318214461129216,0.51074713,2190.4181075868596,1.0456208357184227,1.129699E-6,18.27631,0.001752662,0.31865412,3.5204695E-5,0.009618484,1.5233585E-4,1.1444521,0.04865302,0.8245312,5.8359845E-5,0.007334625,1.805892E-4,0.24743551,0.0029401195,null,null,null,null,"TWOGAUSSIANS",8,2.466278,0.31865412,3.5204695E-5,0.053863514,8.530807E-4,1.1444521,0.04865302,0.8245312,5.8359845E-5,0.0410739,0.0010112996,0.24743551,0.0029401195
375316653866487564,2060318351890499712,0.5345485,2221.532072690738,2.2594578651768926,1.9052251E-5,19.023489,0.007926452,0.20043036,0.00357323,0.07173536,0.0044386527,0.2776117,0.010843393,0.68783826,0.011793604,0.1136073,0.014386283,0.12093602,0.009559009,null,null,null,null,"TWOGAUSSIANS",8,1.2377814,0.20044036,0.0035765313,0.4,0.009280141,0.27072853,0.00996288,0.68783826,0.011793604,0.4,0.0,0.11403609,0.008772076
375316653866487564,2060320520849119360,0.5477629,2199.124955186246,2.5050507163333586,6.999854E-6,18.343826,0.0099836895,0.26906335,0.0026648236,0.095952205,0.004527379,0.3220548,0.0123340795,0.76764715,0.0015135624,0.086711094,0.0028111925,0.3451297,0.012844587,null,null,null,null,"TWOGAUSSIANS",8,4.145946,0.76764715,0.0015135624,0.4,0.0,0.3297778,0.010996038,0.26906335,0.0026648236,0.4,0.0,0.30670214,0.010709964
375316653866487564,2060320589596831872,0.560403,2221.73239595562,0.8892381583403153,2.4223334E-6,16.125154,0.09618489,0.43545195,0.10388205,0.07957548,0.26129717,0.06231354,0.18933824,0.9305827,0.0014956273,0.015623557,0.0021262038,0.6231674,0.015494648,null,null,null,null,"TWOGAUSSIANS",8,145.37761,0.9305827,0.0014956273,0.08749192,0.011906741,0.6231673,0.018504966,0.43545195,0.10388205,0.4,0.21762627,0.062313434,0.18196797
375316653866487564,2060320791429112192,0.52812546,2227.64031737951,1.2344190026919266,2.434567E-5,18.949373,0.005177021,0.1555089,0.014195452,0.04550668,0.0101297265,0.13712472,0.022282392,0.6637684,0.0024932367,0.04801723,0.0036871654,0.3976516,0.018068252,null,null,null,null,"TWOGAUSSIANS",8,3.1540227,0.6637684,0.0024932367,0.2688965,0.020648126,0.39765143,0.018068328,0.1555089,0.014195452,0.2548374,0.056726467,0.13712454,0.022280982
375316653866487564,2060321173712471168,0.5326387,2233.16775771097,0.8239895442810616,8.467893E-5,17.342566,0.0024124763,0.19103861,0.01237943,0.015969139,0.011873851,0.04515308,0.046075076,0.56669736,0.011480934,0.05545989,0.007447818,0.16312496,0.0090298755,null,null,null,null,"TWOGAUSSIANS",8,3.7059746,0.56669736,0.011480934,0.3105754,0.04170778,0.16312496,0.0090298755,0.19103861,0.01237943,0.08942717,0.06649356,0.04515308,0.046075076
375316653866487564,2060322097098491776,0.4548874,2197.6227158106017,3.0804694932501646,2.695726E-5,19.264847,0.014317318,0.25328064,0.0072196443,0.072210774,0.018660592,0.24542496,0.046078563,0.73882496,0.008144395,0.078894846,0.012850864,0.20085287,0.028988523,null,null,null,null,"TWOGAUSSIANS",8,4.104371,0.25328064,0.0072196443,0.4,0.061117105,0.24408337,0.047896594,0.73882496,0.008144395,0.4,0.0,0.19951129,0.029382054
375316653866487564,2060322234537697536,0.58054656,2192.4942989389333,0.49956288541712784,7.634479E-6,18.824621,0.0029541678,0.29248855,0.0017754752,0.029706169,0.0034439794,0.67384183,0.024929209,0.78899014,0.009427451,0.034985427,0.005540651,0.5826583,0.07315255,null,null,null,null,"TWOGAUSSIANS",8,3.0606024,0.29248855,0.0017754752,0.16635455,0.019286284,0.67384183,0.024929209,0.78899014,0.009427451,0.1959184,0.031027645,0.5826583,0.07315255
375316653866487564,2060322238864414720,0.566571,2209.814816914789,0.6617820282442697,2.7977778E-5,15.593142,8.674903E-4,0.10811863,0.005413402,0.034328315,0.0037963586,0.02647607,0.003153168,0.5903718,0.04079954,0.037757047,0.023199815,0.1557612,0.13427193,null,null,null,null,"TWOGAUSSIANS",8,3.403149,0.5903718,0.04079954,0.21143946,0.12991896,0.1557612,0.13427193,0.10811863,0.005413402,0.19223857,0.021259608,0.02647607,0.0031531674
