Gaia/vari_eclipsing_binary/VariEclipsingBinary_467067-467079.csv
# %ECSV 1.0
# ---
# delimiter: ','
# meta: !!omap
# - RELEASE: Gaia DR3
# - TABLE: vari_eclipsing_binary
# - DESCRIPTION: >
#     This table describes the properties of the eclipsing binaries resulting from the variability analysis. 
# - CITATION: >
#     How to cite and acknowledge Gaia: 
#     https://gea.esac.esa.int/archive/documentation/credits.html 
# - KNOWN_ISSUES: >
#     Known issues: 
#     https://www.cosmos.esa.int/web/gaia-users/known-issues 
# - DOCUMENTATION: >
#     Tutorials and documentation: 
#     https://www.cosmos.esa.int/web/gaia-users/archive 
# datatype:
# - 
#   name: solution_id
#   datatype: int64
#   description: Solution Identifier
#   meta:
#     ucd: meta.version
# - 
#   name: source_id
#   datatype: int64
#   description: Unique source identifier
#   meta:
#     ucd: meta.id;meta.main
# - 
#   name: global_ranking
#   datatype: float32
#   description: Number between 0 (worst) and 1 (best)
#   meta:
#     ucd: stat.param
# - 
#   name: reference_time
#   datatype: float64
#   unit: d
#   description: Reference time used for the geometric model fit
#   meta:
#     ucd: time.epoch
# - 
#   name: frequency
#   datatype: float64
#   unit: d**-1
#   description: Frequency of geometric model of the eclipsing binary light curve
#   meta:
#     ucd: src.orbital
# - 
#   name: frequency_error
#   datatype: float32
#   unit: d**-1
#   description: "Uncertainty of \\texttt{frequency}"
#   meta:
#     ucd: stat.error
# - 
#   name: geom_model_reference_level
#   datatype: float32
#   unit: mag
#   description: Magnitude reference level of geometric model
#   meta:
#     ucd: phot.mag;em.opt
# - 
#   name: geom_model_reference_level_error
#   datatype: float32
#   unit: mag
#   description: "Uncertainty of \\texttt{geomModelReferenceLevel}"
#   meta:
#     ucd: stat.error;phot.mag;em.opt
# - 
#   name: geom_model_gaussian1_phase
#   datatype: float32
#   description: Phase of the Gaussian 1 component
#   meta:
#     ucd: time.phase
# - 
#   name: geom_model_gaussian1_phase_error
#   datatype: float32
#   description: "Uncertainty of \\texttt{geomModelGaussian1Phase}"
#   meta:
#     ucd: stat.error;time.phase
# - 
#   name: geom_model_gaussian1_sigma
#   datatype: float32
#   description: "Standard deviation [phase] of Gaussian 1 component"
#   meta:
#     ucd: stat.stdev
# - 
#   name: geom_model_gaussian1_sigma_error
#   datatype: float32
#   description: "Uncertainty of \\texttt{geomModelGaussian1Sigma}"
#   meta:
#     ucd: stat.error
# - 
#   name: geom_model_gaussian1_depth
#   datatype: float32
#   unit: mag
#   description: Magnitude depth of Gaussian 1 component
#   meta:
#     ucd: src.var.amplitude
# - 
#   name: geom_model_gaussian1_depth_error
#   datatype: float32
#   unit: mag
#   description: "Uncertainty of \\texttt{geomModelGaussian1Depth}"
#   meta:
#     ucd: stat.error;src.var.amplitude
# - 
#   name: geom_model_gaussian2_phase
#   datatype: float32
#   description: Phase of Gaussian 2 component
#   meta:
#     ucd: time.phase
# - 
#   name: geom_model_gaussian2_phase_error
#   datatype: float32
#   description: "Uncertainty of \\texttt{geomModelGaussian2Phase}"
#   meta:
#     ucd: stat.error;time.phase
# - 
#   name: geom_model_gaussian2_sigma
#   datatype: float32
[...]
#   datatype: float32
#   description: "Secondary eclipse: uncertainty of \\texttt{derivedSecondaryEclDuration}"
#   meta:
#     ucd: stat.error;time.duration
# - 
#   name: derived_secondary_ecl_depth
#   datatype: float32
#   unit: mag
#   description: "Secondary eclipse: depth"
#   meta:
#     ucd: src.var.amplitude
# - 
#   name: derived_secondary_ecl_depth_error
#   datatype: float32
#   unit: mag
#   description: "Secondary eclipse: uncertainty of \\texttt{derivedSecondaryEclDepth}"
#   meta:
#     ucd: stat.error;src.var.amplitude
solution_id,source_id,global_ranking,reference_time,frequency,frequency_error,geom_model_reference_level,geom_model_reference_level_error,geom_model_gaussian1_phase,geom_model_gaussian1_phase_error,geom_model_gaussian1_sigma,geom_model_gaussian1_sigma_error,geom_model_gaussian1_depth,geom_model_gaussian1_depth_error,geom_model_gaussian2_phase,geom_model_gaussian2_phase_error,geom_model_gaussian2_sigma,geom_model_gaussian2_sigma_error,geom_model_gaussian2_depth,geom_model_gaussian2_depth_error,geom_model_cosine_half_period_amplitude,geom_model_cosine_half_period_amplitude_error,geom_model_cosine_half_period_phase,geom_model_cosine_half_period_phase_error,model_type,num_model_parameters,reduced_chi2,derived_primary_ecl_phase,derived_primary_ecl_phase_error,derived_primary_ecl_duration,derived_primary_ecl_duration_error,derived_primary_ecl_depth,derived_primary_ecl_depth_error,derived_secondary_ecl_phase,derived_secondary_ecl_phase_error,derived_secondary_ecl_duration,derived_secondary_ecl_duration_error,derived_secondary_ecl_depth,derived_secondary_ecl_depth_error
[from data line 558]
375316653866487564,4108474730775681280,0.51762444,2322.956564793349,0.9875623599261022,2.5519104E-5,18.526386,0.013489656,0.22457115,0.006455261,0.06327497,0.017952543,0.22488838,0.020791007,0.72483087,0.0032949573,0.063494965,0.0037050843,0.3982124,0.015196467,null,null,null,null,"TWOGAUSSIANS",8,8.579152,0.72483087,0.0032949573,0.3555718,0.020748472,0.39796433,0.014866802,0.22457115,0.006455261,0.35433984,0.06805723,0.22464032,0.021482829
375316653866487564,4108474803818647168,0.50353885,2269.5401653543663,2.5965347462094805,3.38351E-5,19.795654,0.009610589,0.19999088,0.006848592,0.07700919,0.008279576,0.39320582,0.023887187,0.69900787,0.007378275,0.08645164,0.012142533,0.35412264,0.032060195,null,null,null,null,"TWOGAUSSIANS",8,1.2907951,0.19999088,0.006848592,0.4,0.0,0.3864317,0.024643475,0.69900787,0.007378275,0.4,0.0,0.34734848,0.035716612
375316653866487564,4108475181844544640,0.45058966,2285.7982136288447,1.3486657588972557,6.188008E-5,19.095963,0.046355832,0.1600292,0.013474625,0.09626665,0.032435786,0.18967569,0.03942639,0.6456136,0.010331745,0.079721145,0.017648682,0.29152164,0.055032805,null,null,null,null,"TWOGAUSSIANS",8,8.143036,0.6456136,0.010331745,0.4,0.0,0.28515935,0.045830254,0.1600292,0.013474625,0.4,0.0,0.18331271,0.030632647
375316653866487564,4108475250564045184,0.54004323,2325.7372997684165,0.6397827694072139,1.8807226E-5,18.094217,0.0054233535,0.21023454,0.0026043141,0.010775016,0.0012156733,0.25117335,0.030631317,0.73968863,0.02092307,0.017717974,0.015187919,0.099302895,0.021283383,0.021426002,0.005950795,0.73968863,0.02092307,"TWOGAUSSIANS_WITH_ELLIPSOIDAL_ON_ECLIPSE2",9,5.5350184,0.21027453,0.0026075013,0.060340088,0.00680777,0.29257646,0.030645417,0.73968863,0.02092307,0.09922066,0.08505235,0.14215483,0.019170046
375316653866487564,4108475349274014464,0.5362675,2307.436203396808,4.82744555752679,2.6177317E-5,18.749739,0.43708074,0.4229228,0.008080694,0.24937096,0.10512797,0.39643344,0.41564685,0.9273123,0.00672777,0.037662163,0.014219275,0.06355425,0.08090739,null,null,null,null,"TWOGAUSSIANS",8,2.8649838,0.4229228,0.008080694,0.4,0.0,0.26924536,0.01518617,0.9278823,0.0069883745,0.21090811,0.07962794,0.04239115,0.08344761
375316653866487564,4108475383609240576,0.5281357,2328.400938869868,2.034212997816281,1.7681885E-5,17.9719,0.022541314,0.30055523,0.0020112353,0.10412577,0.015668394,0.13087747,0.020649962,0.80412835,0.006691809,0.11121248,0.020739745,0.11569145,0.020441622,null,null,null,null,"TWOGAUSSIANS",8,1.739716,0.30055523,0.002013518,0.4,0.0,0.11496286,0.007181616,0.80412835,0.006692826,0.4,0.0,0.09976992,0.0071198894
375316653866487564,4108475491013734528,0.5742594,2299.356803274769,0.7276819673234484,8.621486E-6,19.147799,0.009718688,0.32520375,0.009596496,0.034050405,0.011486347,0.12094771,0.08179724,0.817479,0.0018381003,0.030541318,0.0017360903,0.6562991,0.07679119,null,null,null,null,"TWOGAUSSIANS",8,3.567715,0.817479,0.0018381003,0.17103139,0.009722106,0.6562991,0.07679119,0.32520375,0.009596496,0.19068228,0.064323545,0.12094771,0.08179724
375316653866487564,4108475868971461120,0.43946305,2300.553071528079,0.07865352485463854,4.2247513E-5,19.358608,0.013497725,0.41178364,0.005513862,0.05480784,0.0057868967,0.24468167,0.021174552,0.8282114,0.017539484,0.07854324,0.02281964,0.16684464,0.032855455,null,null,null,null,"TWOGAUSSIANS",8,2.735273,0.41178364,0.005513862,0.3069239,0.03240662,0.24465522,0.021131815,0.8282114,0.017539484,0.4,0.037502978,0.16681805,0.032943
375316653866487564,4108475937691305600,0.57305074,2336.5185633751757,1.9710318085757135,1.035826E-5,18.997395,0.007105257,0.25328442,0.0022846009,0.07844778,0.003946769,0.38556415,0.018133296,0.7592499,0.002456969,0.07836886,0.0030965926,0.3739471,0.010587474,null,null,null,null,"TWOGAUSSIANS",8,1.4708341,0.25328442,0.0022846009,0.4,0.0,0.38139576,0.0186873,0.7592499,0.002456969,0.4,0.0,0.3697787,0.010373982
375316653866487564,4108476109490375296,0.4936009,2286.342253233343,3.0465171935999606,5.1247218E-5,19.467329,0.018970344,0.28650323,0.061537392,0.055012926,0.043979444,0.41119468,5.224377,0.7520586,0.0105632795,0.083110824,0.008803001,0.40765908,0.029886538,null,null,null,null,"TWOGAUSSIANS",8,5.856453,0.28650323,0.061537392,0.3080724,0.24628489,0.4107459,5.224907,0.7520586,0.0105632795,0.4,0.0,0.4072102,0.028630136
375316653866487564,4108476143850090752,0.5999798,2299.6380601695455,1.5650808817196438,5.6771746E-6,18.140568,0.010934709,0.26787567,0.010326482,0.041445192,0.009712925,0.17456497,0.037878998,0.7700819,5.135035E-4,0.04432231,0.0011482355,0.64007825,0.013486231,null,null,null,null,"TWOGAUSSIANS",8,7.657106,0.7700819,5.135035E-4,0.24820493,0.006430119,0.64007825,0.013486163,0.26787567,0.010326482,0.23209308,0.054392383,0.17456494,0.037879214
375316653866487564,4108476178210039040,0.49256518,2292.434545841928,2.1068933811518513,6.494238E-5,18.257765,0.025456456,0.29160997,0.009769807,0.097309515,0.01530264,0.18226445,0.02225925,0.78372747,0.00799162,0.07887121,0.016281875,0.24132119,0.024794612,null,null,null,null,"TWOGAUSSIANS",8,5.719501,0.78372747,0.00799162,0.4,0.0,0.2348998,0.023503045,0.29160997,0.009769807,0.4,0.0,0.17584234,0.013126239
375316653866487564,4108476556166480000,0.54383063,2301.731456727596,3.004046217301007,9.421681E-6,18.923931,0.013454986,0.2320792,0.0044688135,0.07811005,0.008790464,0.34814584,0.02633034,0.7336597,0.005609501,0.08240041,0.00621351,0.50056005,0.027887702,null,null,null,null,"TWOGAUSSIANS",8,3.26262,0.7336597,0.005609501,0.4,0.0,0.49421313,0.027878527,0.2320792,0.0044688135,0.4,0.0,0.34179893,0.02831949
375316653866487564,4108476727965890432,0.5137931,2293.600581003862,2.2828737119119853,2.4778752E-5,18.989313,0.03183769,0.2723575,0.0106807165,0.09620194,0.020962158,0.2412042,0.028960662,0.7569202,0.006824388,0.10137261,0.01387151,0.3085807,0.032476988,null,null,null,null,"TWOGAUSSIANS",8,2.4709308,0.7569202,0.006824388,0.4,0.0,0.29038775,0.018682564,0.2723575,0.010686061,0.4,0.0,0.22301449,0.014266656
375316653866487564,4108477277720596608,0.55248505,2305.12446084284,2.1040382423150197,3.7591046E-5,19.278217,0.015997227,0.2447069,0.037681475,0.09990885,0.044430625,0.32001978,0.23562737,0.7552678,0.0044983667,0.08513786,0.009769683,0.21623261,0.015806792,null,null,null,null,"TWOGAUSSIANS",8,1.065953,0.2447069,0.037681475,0.4,0.090948336,0.3081891,0.24715817,0.7552678,0.0044983667,0.4,0.0,0.20440455,0.012227034
375316653866487564,4108477513914672384,0.61718655,2296.08621727082,2.042905204538304,7.091723E-6,17.83634,0.0058000265,0.28178948,8.176771E-4,0.08790232,0.0022150294,0.38686654,0.006789848,0.77931947,0.0026966326,0.083797924,0.0026197731,0.43434468,0.015390316,null,null,null,null,"TWOGAUSSIANS",8,2.2449627,0.77931947,0.0026966326,0.4,0.0,0.42304245,0.015320609,0.28178948,8.176771E-4,0.4,0.0,0.37556425,0.0069843372
375316653866487564,4108478063668933120,0.4961199,2314.232056094115,0.7561244345735819,1.543583E-5,15.969135,0.0031547996,0.24319725,0.00454744,0.03228022,0.004142134,0.20281059,0.0145248845,0.7341326,0.007802126,0.02522065,0.008731949,0.091075376,0.16334109,null,null,null,null,"TWOGAUSSIANS",8,41.602467,0.24319725,0.00454744,0.18076925,0.023195948,0.20281059,0.0145248845,0.7341326,0.007802126,0.14123563,0.048898917,0.091075376,0.16334109
375316653866487564,4108478171074469376,0.5099672,2266.013068138651,1.953281637616987,3.1644242E-5,19.109795,0.03863952,0.2868083,0.007211952,0.09192548,0.022974268,0.18052177,0.035271317,0.7754247,0.01631114,0.094335385,0.02441288,0.22460994,0.03930813,null,null,null,null,"TWOGAUSSIANS",8,1.3562138,0.7754247,0.01631114,0.4,0.0,0.21531084,0.020181084,0.2868083,0.007207338,0.4,0.0,0.17122294,0.013664665
375316653866487564,4108478235506601984,0.570816,2306.0997296739147,3.155307479106235,1.2722577E-5,19.469196,0.017644532,0.26078093,0.0038881325,0.022828383,0.005449118,0.34188032,0.11665453,0.7560888,0.0032606197,0.028329844,0.0047385334,0.3451649,0.03931812,0.18023545,0.022350416,0.26078093,0.0038881325,"TWOGAUSSIANS_WITH_ELLIPSOIDAL_ON_ECLIPSE1",9,2.0721066,0.75637877,0.0029857613,0.15864712,0.026535787,0.7053412,0.022487504,0.26078093,0.0038881325,0.12783894,0.030515062,0.70235044,0.12847704
375316653866487564,4108478411593132928,0.528396,2332.0207211794423,2.074494625422267,2.3598133E-5,18.997232,0.014445152,0.21549597,0.0054565715,0.08503724,0.010217806,0.20929202,0.016864317,0.7003991,0.0036332144,0.088100746,0.0085716965,0.3654446,0.060997635,null,null,null,null,"TWOGAUSSIANS",8,1.5857317,0.7003991,0.0036332144,0.4,0.0,0.35882193,0.06286042,0.21549597,0.0054565715,0.4,0.0,0.20266947,0.015270656
375316653866487564,4108478549032085376,0.47053504,2271.854787700788,1.8168426862480538,1.7795714E-5,19.586594,0.010007512,0.24539046,0.007182614,0.06770198,0.008874391,0.27513662,0.05505929,0.74696684,0.016983254,0.081730045,0.030070465,0.19179161,0.48756906,null,null,null,null,"TWOGAUSSIANS",8,1.629746,0.24539046,0.007182614,0.3791311,0.048615042,0.27353367,0.055588614,0.74696684,0.016983254,0.4,0.09985308,0.19018868,0.4890454
