Gaia/vari_eclipsing_binary/VariEclipsingBinary_221706-221911.csv
# %ECSV 1.0
# ---
# delimiter: ','
# meta: !!omap
# - RELEASE: Gaia DR3
# - TABLE: vari_eclipsing_binary
# - DESCRIPTION: >
#     This table describes the properties of the eclipsing binaries resulting from the variability analysis. 
# - CITATION: >
#     How to cite and acknowledge Gaia: 
#     https://gea.esac.esa.int/archive/documentation/credits.html 
# - KNOWN_ISSUES: >
#     Known issues: 
#     https://www.cosmos.esa.int/web/gaia-users/known-issues 
# - DOCUMENTATION: >
#     Tutorials and documentation: 
#     https://www.cosmos.esa.int/web/gaia-users/archive 
# datatype:
# - 
#   name: solution_id
#   datatype: int64
#   description: Solution Identifier
#   meta:
#     ucd: meta.version
# - 
#   name: source_id
#   datatype: int64
#   description: Unique source identifier
#   meta:
#     ucd: meta.id;meta.main
# - 
#   name: global_ranking
#   datatype: float32
#   description: Number between 0 (worst) and 1 (best)
#   meta:
#     ucd: stat.param
# - 
#   name: reference_time
#   datatype: float64
#   unit: d
#   description: Reference time used for the geometric model fit
#   meta:
#     ucd: time.epoch
# - 
#   name: frequency
#   datatype: float64
#   unit: d**-1
#   description: Frequency of geometric model of the eclipsing binary light curve
#   meta:
#     ucd: src.orbital
# - 
#   name: frequency_error
#   datatype: float32
#   unit: d**-1
#   description: "Uncertainty of \\texttt{frequency}"
#   meta:
#     ucd: stat.error
# - 
#   name: geom_model_reference_level
#   datatype: float32
#   unit: mag
#   description: Magnitude reference level of geometric model
#   meta:
#     ucd: phot.mag;em.opt
# - 
#   name: geom_model_reference_level_error
#   datatype: float32
#   unit: mag
#   description: "Uncertainty of \\texttt{geomModelReferenceLevel}"
#   meta:
#     ucd: stat.error;phot.mag;em.opt
# - 
#   name: geom_model_gaussian1_phase
#   datatype: float32
#   description: Phase of the Gaussian 1 component
#   meta:
#     ucd: time.phase
# - 
#   name: geom_model_gaussian1_phase_error
#   datatype: float32
#   description: "Uncertainty of \\texttt{geomModelGaussian1Phase}"
#   meta:
#     ucd: stat.error;time.phase
# - 
#   name: geom_model_gaussian1_sigma
#   datatype: float32
#   description: "Standard deviation [phase] of Gaussian 1 component"
#   meta:
#     ucd: stat.stdev
# - 
#   name: geom_model_gaussian1_sigma_error
#   datatype: float32
#   description: "Uncertainty of \\texttt{geomModelGaussian1Sigma}"
#   meta:
#     ucd: stat.error
# - 
#   name: geom_model_gaussian1_depth
#   datatype: float32
#   unit: mag
#   description: Magnitude depth of Gaussian 1 component
#   meta:
#     ucd: src.var.amplitude
# - 
#   name: geom_model_gaussian1_depth_error
#   datatype: float32
#   unit: mag
#   description: "Uncertainty of \\texttt{geomModelGaussian1Depth}"
#   meta:
#     ucd: stat.error;src.var.amplitude
# - 
#   name: geom_model_gaussian2_phase
#   datatype: float32
#   description: Phase of Gaussian 2 component
#   meta:
#     ucd: time.phase
# - 
#   name: geom_model_gaussian2_phase_error
#   datatype: float32
#   description: "Uncertainty of \\texttt{geomModelGaussian2Phase}"
#   meta:
#     ucd: stat.error;time.phase
# - 
#   name: geom_model_gaussian2_sigma
#   datatype: float32
[...]
#   datatype: float32
#   description: "Secondary eclipse: uncertainty of \\texttt{derivedSecondaryEclDuration}"
#   meta:
#     ucd: stat.error;time.duration
# - 
#   name: derived_secondary_ecl_depth
#   datatype: float32
#   unit: mag
#   description: "Secondary eclipse: depth"
#   meta:
#     ucd: src.var.amplitude
# - 
#   name: derived_secondary_ecl_depth_error
#   datatype: float32
#   unit: mag
#   description: "Secondary eclipse: uncertainty of \\texttt{derivedSecondaryEclDepth}"
#   meta:
#     ucd: stat.error;src.var.amplitude
solution_id,source_id,global_ranking,reference_time,frequency,frequency_error,geom_model_reference_level,geom_model_reference_level_error,geom_model_gaussian1_phase,geom_model_gaussian1_phase_error,geom_model_gaussian1_sigma,geom_model_gaussian1_sigma_error,geom_model_gaussian1_depth,geom_model_gaussian1_depth_error,geom_model_gaussian2_phase,geom_model_gaussian2_phase_error,geom_model_gaussian2_sigma,geom_model_gaussian2_sigma_error,geom_model_gaussian2_depth,geom_model_gaussian2_depth_error,geom_model_cosine_half_period_amplitude,geom_model_cosine_half_period_amplitude_error,geom_model_cosine_half_period_phase,geom_model_cosine_half_period_phase_error,model_type,num_model_parameters,reduced_chi2,derived_primary_ecl_phase,derived_primary_ecl_phase_error,derived_primary_ecl_duration,derived_primary_ecl_duration_error,derived_primary_ecl_depth,derived_primary_ecl_depth_error,derived_secondary_ecl_phase,derived_secondary_ecl_phase_error,derived_secondary_ecl_duration,derived_secondary_ecl_duration_error,derived_secondary_ecl_depth,derived_secondary_ecl_depth_error
[from data line 35]
375316653866487564,1950277823727014144,0.5454702,2234.809837808529,2.7606970750156092,7.774615E-6,15.226887,0.005892105,0.21978791,0.004905656,0.038312037,0.014963466,0.06028302,0.012119808,0.71601564,0.0017964523,0.03722719,0.015641684,0.064789526,0.010376111,0.09414889,0.009118964,0.71601564,0.0017964523,"TWOGAUSSIANS_WITH_ELLIPSOIDAL_ON_ECLIPSE2",9,54.42217,0.71601564,0.0017964523,0.20847228,0.08759342,0.25308728,0.014960403,0.21878791,0.0031034434,0.2145474,0.083795406,0.24850312,0.014314248
375316653866487564,1950278442200401024,0.63330173,2221.60384756411,0.4608652679037141,1.7247113E-6,16.531387,0.0018680672,0.24464318,0.0025666745,0.032219704,0.006196393,0.09372265,0.015988227,0.7453682,2.8650567E-4,0.02319587,4.3075715E-4,0.6986157,0.014008401,0.017611636,0.0029389681,0.24464318,0.0025666745,"TWOGAUSSIANS_WITH_ELLIPSOIDAL_ON_ECLIPSE1",9,8.734584,0.7453682,2.8650567E-4,0.12989686,0.00241224,0.73383814,0.013198655,0.24464318,0.0025666745,0.18043035,0.0346998,0.12894589,0.01792703
375316653866487564,1950280572504139136,0.5350308,2215.349101614581,0.05329956650308689,1.4040347E-5,15.64106,6.2627083E-4,0.11706756,1.3631718E-4,0.002007181,1.8733129E-4,0.21515583,0.0028840334,0.6934399,0.009380743,0.05393186,0.014278165,0.05425353,0.0655219,null,null,null,null,"TWOGAUSSIANS",8,7.8188376,0.11706756,1.3631718E-4,0.011240214,0.0010490553,0.21515583,0.0028840334,0.6934399,0.009380743,0.3020184,0.07995772,0.05425353,0.0655219
375316653866487564,1950286619818320768,0.4821596,2229.2767322414993,0.3854591376171139,2.0608528E-5,17.42769,0.010302906,0.21908449,0.003721842,0.036165074,0.0031535667,0.46343902,0.032149453,0.7125221,0.007861247,0.06958067,0.0153758265,0.21480428,0.016623145,null,null,null,null,"TWOGAUSSIANS",8,59.34755,0.21908449,0.003721842,0.20252442,0.017659973,0.46343353,0.03214669,0.7125221,0.007861247,0.38965172,0.067604296,0.21479881,0.016626831
375316653866487564,1950289261216880128,0.4828162,2233.912174035375,3.855693633115675,1.28132715E-5,19.46974,0.012779539,0.22694544,0.0032417024,0.088239126,0.0060372725,0.29442087,0.013351314,0.72429186,0.004090449,0.07753299,0.0059637516,0.25125024,0.0146594765,null,null,null,null,"TWOGAUSSIANS",8,1.875686,0.22694544,0.0032417024,0.4,0.0,0.28892064,0.012300934,0.72429186,0.004090449,0.4,0.0,0.24575005,0.0127582345
375316653866487564,1950290876124697856,0.5077704,2214.493238914935,3.44530950797984,1.14787435E-5,18.377949,1.2997383,0.260816,0.01482362,0.14792913,0.08672271,0.40468684,1.0777023,0.7447795,0.014156462,0.16240185,0.1541879,0.35460505,1.2362989,null,null,null,null,"TWOGAUSSIANS",8,2.6490335,0.26277602,0.005790716,0.4,0.0,0.22250822,0.010241785,0.7447795,0.014156462,0.4,0.0,0.16877699,0.012813903
375316653866487564,1950293319967336320,0.5407245,2243.9428220703276,1.0156102632963957,5.276078E-6,17.6745,0.002916234,0.22469765,0.002330842,0.030310782,0.0016942999,0.33901197,0.014368971,0.7232696,0.0017611366,0.027622243,0.0024593342,0.73995435,0.114421114,null,null,null,null,"TWOGAUSSIANS",8,11.704204,0.7232696,0.0017611366,0.15468457,0.0137722725,0.73995435,0.114421114,0.22469765,0.002330842,0.16974038,0.009488079,0.33901197,0.014368971
375316653866487564,1950297580574721920,0.6031712,2244.283367426884,1.5760363647364626,5.506331E-6,15.393936,0.008155639,0.2675563,9.054763E-4,0.042201284,0.001522664,0.71101046,0.029782597,0.7644969,0.0018505804,0.039750367,0.003005357,0.3905688,0.022473747,0.093032576,0.011176476,0.7644969,0.0018505804,"TWOGAUSSIANS_WITH_ELLIPSOIDAL_ON_ECLIPSE2",9,169.53258,0.2674463,8.593218E-4,0.23632719,0.0085269185,0.8970093,0.028627403,0.7644969,0.0018505804,0.22260207,0.01683,0.57663393,0.019880142
375316653866487564,1950299264201890304,0.5112873,2222.522181340399,3.2628331291641,8.860337E-6,15.10886,0.011058684,0.22554338,0.002744918,0.08957947,0.00524517,0.3056197,0.010915145,0.7211494,0.0035765315,0.09237447,0.006478186,0.36227548,0.015076575,null,null,null,null,"TWOGAUSSIANS",8,251.82956,0.7211494,0.0035765315,0.4,0.0,0.34799227,0.016311483,0.22554338,0.002744918,0.4,0.0,0.29133672,0.0086189555
375316653866487564,1950299569137809280,0.49923733,2212.853316909071,2.7640789450207532,8.609894E-6,19.488064,0.0150849,0.27897522,0.0027467534,0.07299881,0.0042924476,0.4085392,0.018718056,0.76783013,0.003269591,0.07857902,0.005846065,0.3532394,0.016836554,null,null,null,null,"TWOGAUSSIANS",8,2.7687414,0.27897522,0.0027467534,0.4,0.0039667385,0.40597063,0.018168816,0.76783013,0.003269591,0.4,0.0,0.3506708,0.016473603
375316653866487564,1950304448220804480,0.55354804,2244.2231195971544,2.336753828211773,3.978971E-6,18.654434,0.009321193,0.21828431,0.0037812495,0.08444038,0.004798491,0.26407006,0.009505677,0.7139488,0.001297738,0.0781602,0.0025165905,0.4386344,0.012227772,null,null,null,null,"TWOGAUSSIANS",8,2.5331604,0.7139488,0.001297738,0.4,0.0,0.43317476,0.01160648,0.21828431,0.0037812495,0.4,0.0,0.2586104,0.008056346
375316653866487564,1950310843434442880,0.51805174,2233.264741107692,2.4873014587293114,9.109548E-6,16.131464,0.22951613,0.23646761,0.0023613672,0.16763765,0.014311947,0.57786316,0.12456661,0.7332922,0.0028698903,0.2431405,0.037799094,0.73862827,0.22465314,null,null,null,null,"TWOGAUSSIANS",8,10.337766,0.23932762,0.0030506488,0.4,0.0,0.13027295,0.0053432565,0.7332922,0.0028698903,0.4,0.0,0.12649526,0.006482864
375316653866487564,1950312114744731008,0.5015405,2236.7069977681685,2.2724611490174387,1.3567754E-5,14.582945,0.008361616,0.2920306,0.007968128,0.037444074,0.013046525,0.18133438,0.04095472,0.78552806,0.0020767294,0.035188388,0.0019519828,0.43815136,0.026802206,0.038735647,0.013672659,0.2920306,0.007968128,"TWOGAUSSIANS_WITH_ELLIPSOIDAL_ON_ECLIPSE1",9,831.47003,0.78563803,0.002029437,0.19705498,0.010931104,0.5154956,0.020401368,0.2920306,0.007968128,0.20968682,0.07306054,0.25880566,0.03991291
375316653866487564,1950312458342131584,0.655332,2225.0695694755864,2.4036252157298783,2.5507873E-6,13.718172,0.005972906,0.21613435,5.273108E-4,0.052276555,0.0027989952,0.1874177,0.014104807,0.71466976,0.0025751286,0.059882265,0.004725473,0.14140321,0.016625015,0.12010995,0.008955913,0.21613435,5.273108E-4,"TWOGAUSSIANS_WITH_ELLIPSOIDAL_ON_ECLIPSE1",9,71.33069,0.21613435,5.273108E-4,0.29274872,0.015674373,0.42761412,0.004437406,0.71514976,0.0017088632,0.33534068,0.02646265,0.3815859,0.012675164
375316653866487564,1950317681022512640,0.6448379,2246.2118571858446,1.2877235048768991,5.6081194E-6,16.684021,0.0032037466,0.25797954,0.0023995144,0.02903943,0.0025694591,0.086370334,0.007997242,0.7551878,0.0018022757,0.0316416,0.0013024783,1.1190455,0.038706288,0.023213202,0.0047792583,0.25797954,0.0023995144,"TWOGAUSSIANS_WITH_ELLIPSOIDAL_ON_ECLIPSE1",9,14.764771,0.7551978,0.0017929607,0.17719296,0.007293878,1.1654577,0.037246447,0.25797954,0.0023995144,0.1626208,0.014388971,0.13279673,0.0045362297
375316653866487564,1950317779800856320,0.49759004,2239.7153463529694,4.1767654264726986,1.3547602E-5,18.952213,0.067162424,0.24624135,0.0048132273,0.12251238,0.023135666,0.26457587,0.062451605,0.74948156,0.0034008743,0.11682304,0.020300623,0.30291,0.058172327,null,null,null,null,"TWOGAUSSIANS",8,1.8075597,0.7495015,0.0033923553,0.4,0.0,0.24115509,0.011377624,0.24623135,0.0048222113,0.4,0.0,0.2027566,0.013446876
375316653866487564,1950318089038531200,0.4997009,2233.5415896772734,2.9624739366236845,1.6319034E-5,19.68712,0.010535249,0.20795256,0.0023810545,0.065719195,0.0034022785,0.34450588,0.01645187,0.7031262,0.0050719925,0.085288376,0.0057422584,0.4730218,0.016826637,null,null,null,null,"TWOGAUSSIANS",8,3.0433192,0.7031262,0.0050719925,0.4,0.0,0.46996352,0.016559226,0.20795256,0.0023810545,0.36802748,0.01905276,0.34144762,0.01602929
375316653866487564,1950323930192436608,0.5570388,2232.894562642189,3.256490036007985,1.208912E-5,18.167923,0.1136223,0.29011756,0.0036391302,0.06418912,0.022468915,0.23260924,0.21070102,0.7935824,0.008833634,0.0608562,0.02300491,0.34895927,0.20115638,0.09878173,0.10488563,0.29011756,0.0036391302,"TWOGAUSSIANS_WITH_ELLIPSOIDAL_ON_ECLIPSE1",9,13.024821,0.7935824,0.008833634,0.34079474,0.067767836,0.546251,0.025355503,0.29011756,0.0036391302,0.35945907,0.06669283,0.42999464,0.026158674
375316653866487564,1950324583027655040,0.44410974,2232.49803638303,1.1387695322910225,1.875896E-5,18.135748,0.0040950775,0.26173225,0.02468727,0.01992084,0.03132678,0.054703027,0.023510518,0.7875117,0.0071543744,0.01868067,0.0034508125,0.1901117,0.03598741,0.013441186,0.0051897136,0.26173225,0.02468727,"TWOGAUSSIANS_WITH_ELLIPSOIDAL_ON_ECLIPSE1",9,9.901021,0.7875117,0.0071543744,0.10461175,0.01932455,0.21629487,0.035786595,0.26173225,0.02468727,0.11155671,0.17542996,0.08158535,0.023220789
375316653866487564,1950335543785773312,0.4539997,2239.917281897281,3.46124526614569,2.195226E-5,18.04958,0.074280955,0.2576497,0.01017742,0.120092355,0.012186188,0.22433029,0.05474896,0.7074348,0.01090633,0.16659197,0.053156283,0.16494687,0.07174276,null,null,null,null,"TWOGAUSSIANS",8,6.8140993,0.26154968,0.006053414,0.4,0.0,0.17174095,0.0079792915,0.7074348,0.01090633,0.4,0.0,0.10744122,0.0098655755
375316653866487564,1950340251068358144,0.46613434,2202.8375772342915,3.9262054121757717,2.5736404E-5,19.238495,0.1427647,0.23656262,0.0059526055,0.12965727,0.03788049,0.3207602,0.13802786,0.72535616,0.00499861,0.11937159,0.027532889,0.33319867,0.13735479,null,null,null,null,"TWOGAUSSIANS",8,3.1370575,0.72535616,0.00499861,0.4,0.0,0.25426248,0.012014373,0.23663263,0.00579523,0.4,0.0,0.24153677,0.015012018
375316653866487564,1950343377804657408,0.53063655,2197.2315906414865,0.5751079591651991,6.738499E-6,19.460121,0.0060502244,0.29471958,0.03169966,0.028910656,0.0111718355,0.014087766,0.008523286,0.45788264,0.0020550864,0.016382774,0.0011110288,0.6799083,0.04787189,null,null,null,null,"TWOGAUSSIANS",8,2.048102,0.45788264,0.0020550864,0.09174354,0.0062217615,0.6799083,0.04787183,0.29471958,0.03169966,0.16189967,0.06256228,0.014087766,0.008523286
375316653866487564,1950349807377065216,0.5381528,2217.951759196168,0.4058422582229458,1.1526526E-5,13.056362,0.004265876,0.2621229,0.01724789,0.018840406,0.010107896,0.105532005,0.04590966,0.7601898,7.597198E-4,0.022934366,7.221036E-4,1.5725075,0.065381445,0.01761731,0.0058662947,0.2621229,0.01724789,"TWOGAUSSIANS_WITH_ELLIPSOIDAL_ON_ECLIPSE1",9,69.25161,0.7601898,7.586848E-4,0.12843245,0.0040437803,1.607737,0.06628659,0.2621229,0.01724789,0.10550628,0.05660422,0.1407666,0.042380616
375316653866487564,1950349910456273664,0.48535112,2216.80096706888,1.18442539293416,8.06829E-6,17.533924,0.003913101,0.21617483,0.00287711,0.049566574,0.0050688223,0.18424836,0.015027714,0.70959413,0.0031321999,0.057309482,0.0025759093,0.19710279,0.010946977,null,null,null,null,"TWOGAUSSIANS",8,14.740036,0.70959413,0.0031321999,0.3209331,0.014425092,0.19709775,0.010947325,0.21617483,0.00287711,0.2775728,0.028385406,0.18424332,0.015030452
375316653866487564,1950350494571871744,0.5628865,2210.6566531776093,3.375065754538253,4.6181467E-6,16.944525,0.0063037435,0.256525,0.0022029248,0.08524405,0.0029298626,0.44087458,0.011192444,0.76273996,0.001562092,0.08290855,0.0028256574,0.38948,0.008433711,null,null,null,null,"TWOGAUSSIANS",8,26.804615,0.256525,0.0022029248,0.4,0.0,0.43194687,0.011222195,0.76273996,0.001562092,0.4,0.0,0.3805523,0.008434517
375316653866487564,1950353857525020672,0.53633225,2213.2911966448523,3.443427974690238,4.8112543E-6,19.574692,0.008150143,0.27610147,0.0054845545,0.055956546,0.006318917,0.20311421,0.012130284,0.7852523,0.001442157,0.04586606,0.0019884885,0.7167438,0.04348174,null,null,null,null,"TWOGAUSSIANS",8,2.9863675,0.7852523,0.001442157,0.25684994,0.011135536,0.7167412,0.043482654,0.27610147,0.0054845545,0.31335667,0.035385936,0.20311157,0.012130223
375316653866487564,1950354274143133824,0.598261,2219.064015097908,1.4788654406729431,2.8866923E-6,13.861927,0.0018092594,0.26352823,8.019124E-4,0.049876463,0.0013051473,0.12476182,0.0037205422,0.7648593,0.0014269359,0.042427644,0.0016500301,0.13460504,0.0046541602,0.020969307,0.002156412,0.26352823,8.019124E-4,"TWOGAUSSIANS_WITH_ELLIPSOIDAL_ON_ECLIPSE1",9,26.796745,0.7648593,0.0014269359,0.23759481,0.009240169,0.17654029,0.0029148818,0.26352823,8.019124E-4,0.2793082,0.0073088254,0.16669999,0.0018358829
375316653866487564,1950356404439818624,0.50852394,2212.2732486606087,4.33534901929685,1.0209367E-5,19.876932,0.010031098,0.25968188,0.0027376579,0.06824382,0.004670417,0.6086815,0.027622292,0.7605752,0.008788923,0.06383134,0.0065696165,0.5134229,0.04232189,null,null,null,null,"TWOGAUSSIANS",8,2.7780106,0.25968188,0.0027376579,0.38216534,0.026154336,0.6078378,0.027849328,0.7605752,0.008788923,0.3574555,0.036789853,0.5125792,0.042228803
375316653866487564,1950359492522097664,0.5141694,2220.5511037963834,3.439187713781741,9.525574E-6,19.052229,0.012078399,0.2254117,0.0029660247,0.08785772,0.00558537,0.30865312,0.011945908,0.7164968,0.0073783537,0.09526558,0.008644733,0.27921644,0.015620501,null,null,null,null,"TWOGAUSSIANS",8,3.2685313,0.2254117,0.0029660247,0.4,0.0,0.29634696,0.010617665,0.7164968,0.0073783537,0.4,0.0,0.2669097,0.013803844
375316653866487564,1950360145357144704,0.4485936,2214.9519461620202,2.028891701036869,2.1635473E-5,19.205915,0.006147731,0.24377914,0.003091716,0.031037739,0.002439995,0.39629555,0.023110062,0.750303,0.0070707295,0.02715423,0.0064310967,0.085486956,0.016491821,null,null,null,null,"TWOGAUSSIANS",8,6.2093825,0.24377914,0.003091716,0.17381133,0.013663972,0.39629555,0.023110062,0.750303,0.0070707295,0.15206368,0.03601414,0.085486956,0.016491821
375316653866487564,1950365750295969664,0.62341577,2215.187449717637,3.3790669479196143,2.4348105E-6,16.447216,0.004807261,0.23611808,0.0011230224,0.048945893,0.0024088044,0.18079948,0.01199374,0.73333013,8.736728E-4,0.050687484,0.0020599263,0.25675803,0.010736849,0.10268905,0.006387287,0.23611808,0.0011230224,"TWOGAUSSIANS_WITH_ELLIPSOIDAL_ON_ECLIPSE1",9,10.357438,0.7337201,6.7941606E-4,0.28384992,0.011535588,0.46208036,0.008121071,0.23611808,0.0011230224,0.274097,0.013489305,0.38617602,0.005469354
375316653866487564,1950367635780323584,0.4848375,2232.2949292433846,2.6326455909248536,1.21544335E-5,19.811255,0.02302443,0.22729899,0.008473138,0.10152846,0.015752418,0.17812124,0.022871945,0.7067004,0.004103488,0.08651951,0.008873275,0.36259627,0.01978443,null,null,null,null,"TWOGAUSSIANS",8,1.5421507,0.7067004,0.004103488,0.4,0.0,0.3520781,0.013453451,0.22729899,0.008473138,0.4,0.0,0.16760026,0.016140457
375316653866487564,1950367640081465728,0.62119853,2229.022538772777,2.535051230201769,4.9934138E-6,15.212354,0.008705804,0.2249782,9.5902715E-4,0.048708126,0.004219888,0.24194494,0.017346237,0.72383887,0.002257873,0.047570243,0.0027952236,0.23549603,0.022112023,0.12504649,0.011107009,0.2249782,9.5902715E-4,"TWOGAUSSIANS_WITH_ELLIPSOIDAL_ON_ECLIPSE1",9,67.656425,0.2249782,9.5902715E-4,0.2727655,0.023631372,0.49203727,0.009644765,0.7240189,0.001924516,0.26639336,0.015653253,0.48557758,0.010632487
375316653866487564,1950367914959395968,0.6854361,2239.705612632296,1.4369176595834872,1.3323277E-6,10.989124,0.0017324832,0.22928672,4.6240553E-4,0.046122078,0.0010851956,0.18087807,0.0037747123,0.7298626,4.7988462E-4,0.04292185,5.637554E-4,0.5501594,0.0044381935,0.057112005,0.0022711956,0.22928672,4.6240553E-4,"TWOGAUSSIANS_WITH_ELLIPSOIDAL_ON_ECLIPSE1",9,22.341574,0.7298626,4.7988462E-4,0.24036235,0.0031570303,0.6643817,0.0021468168,0.22928672,4.6240553E-4,0.25828364,0.0060770954,0.29510182,0.0019269205
