Gaia/vari_eclipsing_binary/VariEclipsingBinary_474138-474211.csv
# %ECSV 1.0
# ---
# delimiter: ','
# meta: !!omap
# - RELEASE: Gaia DR3
# - TABLE: vari_eclipsing_binary
# - DESCRIPTION: >
#     This table describes the properties of the eclipsing binaries resulting from the variability analysis. 
# - CITATION: >
#     How to cite and acknowledge Gaia: 
#     https://gea.esac.esa.int/archive/documentation/credits.html 
# - KNOWN_ISSUES: >
#     Known issues: 
#     https://www.cosmos.esa.int/web/gaia-users/known-issues 
# - DOCUMENTATION: >
#     Tutorials and documentation: 
#     https://www.cosmos.esa.int/web/gaia-users/archive 
# datatype:
# - 
#   name: solution_id
#   datatype: int64
#   description: Solution Identifier
#   meta:
#     ucd: meta.version
# - 
#   name: source_id
#   datatype: int64
#   description: Unique source identifier
#   meta:
#     ucd: meta.id;meta.main
# - 
#   name: global_ranking
#   datatype: float32
#   description: Number between 0 (worst) and 1 (best)
#   meta:
#     ucd: stat.param
# - 
#   name: reference_time
#   datatype: float64
#   unit: d
#   description: Reference time used for the geometric model fit
#   meta:
#     ucd: time.epoch
# - 
#   name: frequency
#   datatype: float64
#   unit: d**-1
#   description: Frequency of geometric model of the eclipsing binary light curve
#   meta:
#     ucd: src.orbital
# - 
#   name: frequency_error
#   datatype: float32
#   unit: d**-1
#   description: "Uncertainty of \\texttt{frequency}"
#   meta:
#     ucd: stat.error
# - 
#   name: geom_model_reference_level
#   datatype: float32
#   unit: mag
#   description: Magnitude reference level of geometric model
#   meta:
#     ucd: phot.mag;em.opt
# - 
#   name: geom_model_reference_level_error
#   datatype: float32
#   unit: mag
#   description: "Uncertainty of \\texttt{geomModelReferenceLevel}"
#   meta:
#     ucd: stat.error;phot.mag;em.opt
# - 
#   name: geom_model_gaussian1_phase
#   datatype: float32
#   description: Phase of the Gaussian 1 component
#   meta:
#     ucd: time.phase
# - 
#   name: geom_model_gaussian1_phase_error
#   datatype: float32
#   description: "Uncertainty of \\texttt{geomModelGaussian1Phase}"
#   meta:
#     ucd: stat.error;time.phase
# - 
#   name: geom_model_gaussian1_sigma
#   datatype: float32
#   description: "Standard deviation [phase] of Gaussian 1 component"
#   meta:
#     ucd: stat.stdev
# - 
#   name: geom_model_gaussian1_sigma_error
#   datatype: float32
#   description: "Uncertainty of \\texttt{geomModelGaussian1Sigma}"
#   meta:
#     ucd: stat.error
# - 
#   name: geom_model_gaussian1_depth
#   datatype: float32
#   unit: mag
#   description: Magnitude depth of Gaussian 1 component
#   meta:
#     ucd: src.var.amplitude
# - 
#   name: geom_model_gaussian1_depth_error
#   datatype: float32
#   unit: mag
#   description: "Uncertainty of \\texttt{geomModelGaussian1Depth}"
#   meta:
#     ucd: stat.error;src.var.amplitude
# - 
#   name: geom_model_gaussian2_phase
#   datatype: float32
#   description: Phase of Gaussian 2 component
#   meta:
#     ucd: time.phase
# - 
#   name: geom_model_gaussian2_phase_error
#   datatype: float32
#   description: "Uncertainty of \\texttt{geomModelGaussian2Phase}"
#   meta:
#     ucd: stat.error;time.phase
# - 
#   name: geom_model_gaussian2_sigma
#   datatype: float32
[...]
#   datatype: float32
#   description: "Secondary eclipse: uncertainty of \\texttt{derivedSecondaryEclDuration}"
#   meta:
#     ucd: stat.error;time.duration
# - 
#   name: derived_secondary_ecl_depth
#   datatype: float32
#   unit: mag
#   description: "Secondary eclipse: depth"
#   meta:
#     ucd: src.var.amplitude
# - 
#   name: derived_secondary_ecl_depth_error
#   datatype: float32
#   unit: mag
#   description: "Secondary eclipse: uncertainty of \\texttt{derivedSecondaryEclDepth}"
#   meta:
#     ucd: stat.error;src.var.amplitude
solution_id,source_id,global_ranking,reference_time,frequency,frequency_error,geom_model_reference_level,geom_model_reference_level_error,geom_model_gaussian1_phase,geom_model_gaussian1_phase_error,geom_model_gaussian1_sigma,geom_model_gaussian1_sigma_error,geom_model_gaussian1_depth,geom_model_gaussian1_depth_error,geom_model_gaussian2_phase,geom_model_gaussian2_phase_error,geom_model_gaussian2_sigma,geom_model_gaussian2_sigma_error,geom_model_gaussian2_depth,geom_model_gaussian2_depth_error,geom_model_cosine_half_period_amplitude,geom_model_cosine_half_period_amplitude_error,geom_model_cosine_half_period_phase,geom_model_cosine_half_period_phase_error,model_type,num_model_parameters,reduced_chi2,derived_primary_ecl_phase,derived_primary_ecl_phase_error,derived_primary_ecl_duration,derived_primary_ecl_duration_error,derived_primary_ecl_depth,derived_primary_ecl_depth_error,derived_secondary_ecl_phase,derived_secondary_ecl_phase_error,derived_secondary_ecl_duration,derived_secondary_ecl_duration_error,derived_secondary_ecl_depth,derived_secondary_ecl_depth_error
[from data line 302]
375316653866487564,4171043303252386688,0.56376463,2266.64577468728,2.466429436566966,2.0710253E-5,19.717245,0.013300229,0.27046037,0.003461589,0.067979924,0.0053861,0.6130089,0.10135214,0.7746077,0.005444508,0.051034622,0.007475238,0.8247591,0.24653387,null,null,null,null,"TWOGAUSSIANS",8,0.9586718,0.7746077,0.005444508,0.28579387,0.04186133,0.82458454,0.24668214,0.27046037,0.003461589,0.38068756,0.030162161,0.6128344,0.10142958
375316653866487564,4171044948209251200,0.56046003,2264.1910634763785,0.735311143140647,3.358107E-5,17.709543,0.0053279195,0.32391238,0.009747885,0.06655541,0.011018947,0.12932184,0.010706234,0.810704,0.0034207755,0.057629082,0.0031234764,0.2655315,0.014183295,null,null,null,null,"TWOGAUSSIANS",8,4.1726484,0.810704,0.0034207755,0.32272285,0.017491467,0.26546144,0.01417294,0.32391238,0.009747885,0.37271032,0.044870853,0.12925176,0.010730678
375316653866487564,4171048113615853824,0.50607467,2286.301088980281,0.7586044307215659,2.1337692E-5,18.344856,0.009831124,0.09408575,0.0103478655,0.0369275,0.0048101568,0.32981884,0.09429666,0.7290783,0.023474151,0.13493004,0.044829354,0.064063065,0.021361234,null,null,null,null,"TWOGAUSSIANS",8,2.902921,0.09394575,0.010313527,0.20679401,0.026936878,0.3312818,0.09513721,0.7290783,0.023474151,0.4,0.0,0.063872546,0.021767555
375316653866487564,4171049174457270272,0.5220423,2281.5676455330986,3.1241296914734686,2.2079275E-5,18.523918,0.051387526,0.41442186,0.023034284,0.026792808,0.021891795,0.075903006,0.06578214,0.79229337,0.006311054,0.055967376,0.012394109,0.67146885,0.20719165,0.09918409,0.064838246,0.79229337,0.006311054,"TWOGAUSSIANS_WITH_ELLIPSOIDAL_ON_ECLIPSE2",9,25.473927,0.79229337,0.006311054,0.3134173,0.06940701,0.8698047,0.21847127,0.40142184,0.033036623,0.15003972,0.12259405,0.18627702,0.049436163
375316653866487564,4171050037745988352,0.5675562,2234.529712336666,3.6181140518770274,1.6668026E-5,19.165714,0.03402829,0.3080389,0.005254214,0.079305165,0.013397461,0.42320767,0.04470577,0.81219345,0.0076549808,0.0752514,0.010811038,0.53696716,0.045423433,null,null,null,null,"TWOGAUSSIANS",8,4.6280947,0.81219345,0.0076549808,0.4,0.014765717,0.53232366,0.044591963,0.3080389,0.005254214,0.4,0.0,0.41856417,0.04654844
375316653866487564,4171052374223474048,0.63686377,2258.972711698648,2.123030085701276,9.057033E-6,17.045534,0.005881146,0.20610668,0.002243569,0.0836106,0.002897621,0.3144585,0.006598769,0.70473033,0.011260785,0.087439574,0.006224142,0.276994,0.019975154,null,null,null,null,"TWOGAUSSIANS",8,3.9212468,0.20610668,0.002243569,0.4,0.0,0.30643335,0.00552639,0.70473033,0.011260785,0.4,0.0,0.26896885,0.019106325
375316653866487564,4171055015612551040,0.5038305,2282.852025436426,2.222995125517514,5.7486875E-5,17.94595,0.015669994,0.2940009,0.006615899,0.09168964,0.012233239,0.14572585,0.015443791,0.76343954,0.01011911,0.10228153,0.019450488,0.13243638,0.016216924,null,null,null,null,"TWOGAUSSIANS",8,4.2857666,0.2940109,0.0066119647,0.4,0.0,0.13916732,0.009681228,0.76343954,0.01011911,0.4,0.0,0.12587444,0.012339603
375316653866487564,4171055054264392064,0.49878457,2296.2304336421844,2.5520445839060306,2.9572504E-5,19.877928,0.0796484,0.3287412,0.015981706,0.07642421,0.021349734,0.46419084,0.084578134,0.75974077,0.08695612,0.02973293,0.07736063,0.56868285,0.21698694,null,null,null,null,"TWOGAUSSIANS",8,2.9511502,0.75974077,0.08695612,0.1665044,0.30555388,0.5686824,0.2362738,0.3287412,0.015981706,0.4,0.028428644,0.46419033,0.05833131
375316653866487564,4171056802319035904,0.5663421,2272.106257583912,2.6438683922628106,9.931475E-6,18.085657,0.009178595,0.28212795,0.0038514144,0.081432775,0.010318227,0.3299264,0.039614733,0.7773398,0.0024575947,0.07396776,0.003959947,0.3397893,0.013819508,null,null,null,null,"TWOGAUSSIANS",8,3.2385287,0.7773398,0.0024575947,0.4,0.0,0.33637154,0.013325395,0.28212795,0.0038514144,0.4,0.0,0.32650864,0.043043442
375316653866487564,4171058314147798528,0.56204903,2272.9256768006812,2.692138544407669,3.1344225E-5,18.640274,0.0086870175,0.2406571,0.0061053475,0.07579391,0.0074631684,0.5082309,0.058262773,0.7319313,0.00572916,0.07904672,0.004955561,0.5117949,0.028485829,null,null,null,null,"TWOGAUSSIANS",8,6.4627995,0.7319313,0.00572916,0.4,0.0,0.50717556,0.029132593,0.2406571,0.0061053475,0.4,0.010421258,0.5036116,0.059725042
375316653866487564,4171058348507579520,0.53062314,2267.4015513525665,1.8218765714923957,4.506362E-5,18.315847,0.014236844,0.19201818,0.051770575,0.04955568,0.022175366,0.034522235,0.039275683,0.4809642,0.019612039,0.081405826,0.021741932,0.2530126,0.027698217,null,null,null,null,"TWOGAUSSIANS",8,7.2496767,0.4809642,0.019612039,0.4,0.0,0.2530125,0.027697295,0.19354817,0.052631345,0.2775118,0.124182045,0.03500261,0.039528478
375316653866487564,4171060139528741632,0.56732786,2193.1959269584972,3.1673121155257413,2.32008E-5,19.285877,0.026554232,0.2350197,0.006294665,0.0792912,0.010583505,0.45170197,0.034987688,0.72186655,0.004680378,0.087544665,0.012117024,0.48982698,0.03332791,null,null,null,null,"TWOGAUSSIANS",8,2.1240582,0.72186655,0.004680378,0.4,0.0,0.48151907,0.035692673,0.2350197,0.006294665,0.4,0.0,0.44339418,0.035226654
375316653866487564,4171060169573571072,0.51198703,2263.2009723407537,2.8310418034892124,2.5003952E-5,19.058413,0.23032601,0.22777022,0.009628957,0.10205241,0.028484274,0.3351822,0.16282548,0.71427923,0.0488366,0.21179706,0.1811153,0.29061666,0.14211498,null,null,null,null,"TWOGAUSSIANS",8,2.6888833,0.22950022,0.008823532,0.4,0.0,0.2261928,0.025844492,0.71427923,0.0488366,0.4,0.009044037,0.14544304,0.14513077
375316653866487564,4171063193231285632,0.58293176,2263.614221506528,4.279091323944739,4.569312E-5,18.116884,0.0021452669,0.5370471,0.0019125302,0.049231417,0.0019728153,0.160513,0.00280767,null,null,null,null,null,null,null,null,null,null,"ONEGAUSSIAN",5,0.46964094,0.5370471,0.0019125302,0.27569592,0.011047765,0.160513,0.0,null,null,null,null,null,null
375316653866487564,4171065499630994048,0.56033635,2276.3171218836505,2.3511113202168037,2.3659493E-5,19.22444,0.0075189853,0.3706309,0.0019800477,0.02995864,0.003855949,1.9652364,0.82539093,0.8444184,4.4948282E-4,0.017071318,4.452865E-4,0.55367833,0.012087625,null,null,null,null,"TWOGAUSSIANS",8,1.7128305,0.3706309,0.0019800477,0.16776837,0.021593316,1.9652364,0.82539093,0.8444184,4.4948282E-4,0.095599376,0.0024936046,0.55367833,0.012087625
375316653866487564,4171065946320191616,0.5296885,2248.176202720811,2.0254100760586753,2.6317839E-5,16.904474,0.010166401,0.3419375,0.0038445115,0.04764156,0.015650088,0.13402817,0.023607707,0.83625436,0.013090569,0.03264623,0.012510049,0.13617882,0.3884671,0.1055769,0.01235934,0.3419375,0.0038445115,"TWOGAUSSIANS_WITH_ELLIPSOIDAL_ON_ECLIPSE1",9,43.527058,0.83691436,0.011902651,0.1828189,0.070056275,0.34709418,0.38816938,0.3419375,0.0038445115,0.26679274,0.087640494,0.34518164,0.023532538
375316653866487564,4171066113809111040,0.5107139,2253.4408286051826,2.7890042754249347,2.0940475E-5,17.715263,0.022697285,0.24092868,0.010014185,0.09062306,0.013626339,0.27291334,0.02673154,0.7476507,0.0046009994,0.1075196,0.014678581,0.20419265,0.02053694,null,null,null,null,"TWOGAUSSIANS",8,9.718469,0.24092868,0.0100282235,0.4,0.0,0.25534612,0.020978285,0.7476507,0.0046009994,0.4,0.0,0.18661703,0.005873768
375316653866487564,4171068072321678208,0.53128296,2269.8131846487727,2.9067495816231275,1.8383329E-5,18.691786,0.06173493,0.22688468,0.008739026,0.096899,0.023085414,0.30182666,0.054325663,0.72887266,0.012089317,0.10176536,0.02786829,0.31698006,0.043735333,null,null,null,null,"TWOGAUSSIANS",8,4.229613,0.72887266,0.012090185,0.4,0.0,0.2915641,0.025256928,0.22688468,0.008753963,0.4,0.0,0.27641338,0.027075866
375316653866487564,4171068110977573760,0.5176432,2238.1022787017077,1.5165647478217301,1.6597538E-5,19.733421,0.021704039,0.23977037,0.002893515,0.06300953,0.0044846903,0.6557692,0.03648072,0.74330276,0.01791198,0.06605505,0.01770441,0.38808715,0.06566231,null,null,null,null,"TWOGAUSSIANS",8,3.9376645,0.23977037,0.002893515,0.3528534,0.025114266,0.6552742,0.036502555,0.74330276,0.01791198,0.36990827,0.0991447,0.3875921,0.06576404
375316653866487564,4171069451013653888,0.60596025,2274.4919449182075,1.9048348871852674,4.6835316E-6,16.247372,0.011107929,0.22360292,0.0035750868,0.098633155,0.011354264,0.13274239,0.010278049,0.7212682,0.0017026521,0.08406185,0.013038097,0.21577154,0.036776166,null,null,null,null,"TWOGAUSSIANS",8,3.279822,0.7212682,0.0017026521,0.4,0.0,0.20827882,0.044684395,0.22360292,0.0035750868,0.4,0.0,0.12524897,0.004758584
375316653866487564,4171073368028427008,0.4681727,2280.859424938791,3.9426632645611353,4.5007226E-5,18.093277,0.00533647,0.8383483,0.016177075,0.03677835,0.005782139,0.7964363,0.09947558,null,null,null,null,null,null,null,null,null,null,"ONEGAUSSIAN",5,8.319325,0.8383483,0.016177075,0.20595875,0.032379977,0.7964363,0.0,null,null,null,null,null,null
375316653866487564,4171076013707664640,0.542988,2244.1642816589588,0.9606933836744254,2.6483785E-5,19.520683,0.016051734,0.22724131,0.0036258644,0.069505624,0.015741514,0.22281505,0.06509875,0.801229,0.00621401,0.06298271,0.008661422,0.21817301,0.029371537,null,null,null,null,"TWOGAUSSIANS",8,0.7900791,0.22724131,0.0036258644,0.3892315,0.07911663,0.22277804,0.065165594,0.801229,0.00621401,0.35270315,0.048503965,0.218136,0.02937972
375316653866487564,4171076907077898624,0.6228393,2215.4612313359657,0.8274515096287008,5.1369985E-5,16.527018,0.0042799413,0.22568688,0.015881877,0.04601313,0.0056547606,0.25897312,0.039968986,0.72846854,0.0068810578,0.046349313,0.00569493,0.9391863,0.16517489,null,null,null,null,"TWOGAUSSIANS",8,25.93688,0.72846854,0.0068810578,0.25955614,0.031891607,0.9391859,0.1651757,0.22568688,0.015881877,0.25767353,0.03166666,0.25897276,0.03996905
375316653866487564,4171078345876352256,0.5402788,2205.214525062359,1.0218983050914627,2.3058019E-4,19.032877,0.006387426,0.40040916,0.03947842,0.12719986,0.05218152,0.028874421,0.008871306,0.74581385,0.034980744,0.04261945,0.01780535,0.46810037,0.6666525,null,null,null,null,"TWOGAUSSIANS",8,1.0951631,0.74581385,0.034980744,0.2386689,0.09970996,0.46876508,0.6661447,0.40040916,0.03947842,0.4,0.0,0.028815739,0.008878084
375316653866487564,4171081713128178688,0.5292158,2243.4297219955383,0.9781840628532174,2.7430076E-5,18.744848,0.008753297,0.22937877,0.0032952274,0.052116428,0.006202383,0.16330275,0.01569907,0.7050503,0.03399996,0.083048776,0.023167793,0.17123885,0.068822615,null,null,null,null,"TWOGAUSSIANS",8,1.6448617,0.7050503,0.03399996,0.4,0.0,0.1710622,0.068994164,0.22937877,0.0032944689,0.291852,0.034733344,0.16312611,0.015727941
375316653866487564,4171081781847654784,0.47495213,2237.8335038489504,4.354733775816718,1.1251878E-5,19.63043,0.024853589,0.21762036,2.1702803E-4,0.005633895,7.6390605E-4,0.45538598,0.10373074,0.4388166,0.005728017,0.061892137,0.008486792,0.59935987,0.15571447,null,null,null,null,"TWOGAUSSIANS",8,5.149968,0.4388166,0.005728017,0.34659597,0.04752604,0.59935987,0.15571447,0.21762036,2.1444423E-4,0.03154981,0.004277874,0.45639554,0.10448317
375316653866487564,4171081992301566208,0.53075546,2172.1066588084227,1.6656009257741693,2.3110764E-5,19.871548,0.030900689,0.6062405,0.0073024114,0.104954,0.014499488,1.0767438,0.88247186,0.9484301,0.0020308844,0.023805272,0.016237276,0.15710747,0.052825082,null,null,null,null,"TWOGAUSSIANS",8,1.9180627,0.6062405,0.0073024114,0.4,0.0,1.0767184,0.8824986,0.9484301,0.0020308844,0.13330953,0.09092875,0.16237658,0.054294173
375316653866487564,4171082125445678336,0.5033195,2245.491054492242,1.1218948169822807,2.0166679E-5,19.474674,0.026707442,0.16634405,0.030706696,0.078385785,0.02697529,0.33900568,0.042673066,0.7056388,0.003915058,0.052417323,0.007129474,0.40690538,0.033386696,null,null,null,null,"TWOGAUSSIANS",8,3.7285426,0.7056388,0.003915058,0.29353702,0.039925054,0.40676013,0.033064812,0.16634405,0.030706696,0.4,0.020579072,0.33886042,0.04182784
375316653866487564,4171082331604244736,0.5658369,2263.757684055214,2.447297788994151,1.6465629E-5,18.523176,0.016908037,0.226384,0.003455191,0.078542866,0.009468419,0.4299092,0.04072043,0.73348814,0.02749771,0.08340686,0.022401482,0.37376374,0.028756898,null,null,null,null,"TWOGAUSSIANS",8,3.375152,0.226384,0.003455191,0.4,0.0,0.42397144,0.044894833,0.73348814,0.02749771,0.4,0.0325838,0.36782598,0.03245654
375316653866487564,4171082713856499840,0.4607097,2291.8548730738808,1.817495018536113,6.522703E-5,18.67,0.027675422,0.12634616,0.011881162,0.078928314,0.019630814,0.2766598,0.040116575,0.6292204,0.025771033,0.061464407,0.03435433,0.35500503,1.4214863,null,null,null,null,"TWOGAUSSIANS",8,17.44052,0.6292204,0.025771033,0.34420067,0.1876314,0.35400507,1.422579,0.12634616,0.011881162,0.4,0.0,0.27565983,0.040890038
375316653866487564,4171084260044511488,0.57885003,2225.808566023053,0.43948024471809105,1.673186E-5,19.537745,0.014684426,0.21073386,7.08343E-4,0.046632227,0.0032218215,0.21381155,0.0045783278,0.6907035,0.0062988154,0.14476776,0.009832684,0.45741698,0.016318057,null,null,null,null,"TWOGAUSSIANS",8,0.6725427,0.6907035,0.0062988154,0.4,0.0,0.44086844,0.011097812,0.21099386,5.539061E-4,0.26114047,0.0180422,0.19986455,0.0047105937
375316653866487564,4171084466220148224,0.54057014,2266.301258691969,0.10793657192645584,6.0127273E-5,19.691494,0.093974814,0.24210407,0.017945366,0.05376857,0.028396789,0.4205846,0.050791882,0.63604283,0.008226331,0.16591688,0.028927406,0.43568233,0.096040055,null,null,null,null,"TWOGAUSSIANS",8,2.111655,0.24466406,0.013443427,0.301104,0.12543029,0.42965272,0.044568554,0.63604283,0.008226331,0.4,0.0,0.41773486,0.051665846
375316653866487564,4171086081112131712,0.51965624,2236.450804792166,2.95863305600975,3.0807885E-5,18.884796,0.0985944,0.24643436,0.010767314,0.12589623,0.050691713,0.19125919,0.09399305,0.78190255,0.011164522,0.0988553,0.031358767,0.19017868,0.088698484,null,null,null,null,"TWOGAUSSIANS",8,1.078694,0.24642436,0.010684201,0.4,0.0,0.16912086,0.02400791,0.7821826,0.010551017,0.4,0.0,0.16827202,0.023398543
375316653866487564,4171086665243622400,0.70144486,2221.883329747409,3.364124067302408,3.2167468E-6,17.245905,0.0010654719,0.34827963,0.002144667,0.020040303,6.840192E-4,5.433313,1.212797,0.71993726,0.05091008,0.061485574,0.035810456,0.008277132,0.01312296,0.0031763273,0.0011305201,0.34827963,0.002144667,"TWOGAUSSIANS_WITH_ELLIPSOIDAL_ON_ECLIPSE1",9,1.9382899,0.34827963,0.002144667,0.1122257,0.0038305074,5.439666,1.2133793,0.73867726,0.05653151,0.3443192,0.20053856,0.011688557,0.01153293
375316653866487564,4171089482742195200,0.48653883,2218.462175795926,2.512233532303197,2.3087392E-5,19.632471,0.05226878,0.3194322,0.0074451147,0.0870828,0.019451963,0.2469492,0.04744613,0.8235349,0.010433112,0.10937454,0.027687084,0.21653405,0.05178509,null,null,null,null,"TWOGAUSSIANS",8,1.366157,0.3194322,0.0074446225,0.4,0.0,0.2300535,0.016957551,0.8235349,0.010433112,0.4,0.0,0.19962567,0.028529009
375316653866487564,4171093674630415104,0.5748841,2259.7343513879905,1.8578027487120565,9.163174E-6,15.272043,0.024174554,0.2706546,0.0052662236,0.10524993,0.014190563,0.22839849,0.021376157,0.75962406,0.0051438506,0.10484273,0.0111608375,0.2256653,0.023888016,null,null,null,null,"TWOGAUSSIANS",8,26.14611,0.27066457,0.005263744,0.4,0.0,0.20483446,0.015755184,0.75962406,0.0051438506,0.4,0.0,0.20210189,0.010471567
