Gaia/vari_eclipsing_binary/VariEclipsingBinary_662427-662453.csv
# %ECSV 1.0
# ---
# delimiter: ','
# meta: !!omap
# - RELEASE: Gaia DR3
# - TABLE: vari_eclipsing_binary
# - DESCRIPTION: >
#     This table describes the properties of the eclipsing binaries resulting from the variability analysis. 
# - CITATION: >
#     How to cite and acknowledge Gaia: 
#     https://gea.esac.esa.int/archive/documentation/credits.html 
# - KNOWN_ISSUES: >
#     Known issues: 
#     https://www.cosmos.esa.int/web/gaia-users/known-issues 
# - DOCUMENTATION: >
#     Tutorials and documentation: 
#     https://www.cosmos.esa.int/web/gaia-users/archive 
# datatype:
# - 
#   name: solution_id
#   datatype: int64
#   description: Solution Identifier
#   meta:
#     ucd: meta.version
# - 
#   name: source_id
#   datatype: int64
#   description: Unique source identifier
#   meta:
#     ucd: meta.id;meta.main
# - 
#   name: global_ranking
#   datatype: float32
#   description: Number between 0 (worst) and 1 (best)
#   meta:
#     ucd: stat.param
# - 
#   name: reference_time
#   datatype: float64
#   unit: d
#   description: Reference time used for the geometric model fit
#   meta:
#     ucd: time.epoch
# - 
#   name: frequency
#   datatype: float64
#   unit: d**-1
#   description: Frequency of geometric model of the eclipsing binary light curve
#   meta:
#     ucd: src.orbital
# - 
#   name: frequency_error
#   datatype: float32
#   unit: d**-1
#   description: "Uncertainty of \\texttt{frequency}"
#   meta:
#     ucd: stat.error
# - 
#   name: geom_model_reference_level
#   datatype: float32
#   unit: mag
#   description: Magnitude reference level of geometric model
#   meta:
#     ucd: phot.mag;em.opt
# - 
#   name: geom_model_reference_level_error
#   datatype: float32
#   unit: mag
#   description: "Uncertainty of \\texttt{geomModelReferenceLevel}"
#   meta:
#     ucd: stat.error;phot.mag;em.opt
# - 
#   name: geom_model_gaussian1_phase
#   datatype: float32
#   description: Phase of the Gaussian 1 component
#   meta:
#     ucd: time.phase
# - 
#   name: geom_model_gaussian1_phase_error
#   datatype: float32
#   description: "Uncertainty of \\texttt{geomModelGaussian1Phase}"
#   meta:
#     ucd: stat.error;time.phase
# - 
#   name: geom_model_gaussian1_sigma
#   datatype: float32
#   description: "Standard deviation [phase] of Gaussian 1 component"
#   meta:
#     ucd: stat.stdev
# - 
#   name: geom_model_gaussian1_sigma_error
#   datatype: float32
#   description: "Uncertainty of \\texttt{geomModelGaussian1Sigma}"
#   meta:
#     ucd: stat.error
# - 
#   name: geom_model_gaussian1_depth
#   datatype: float32
#   unit: mag
#   description: Magnitude depth of Gaussian 1 component
#   meta:
#     ucd: src.var.amplitude
# - 
#   name: geom_model_gaussian1_depth_error
#   datatype: float32
#   unit: mag
#   description: "Uncertainty of \\texttt{geomModelGaussian1Depth}"
#   meta:
#     ucd: stat.error;src.var.amplitude
# - 
#   name: geom_model_gaussian2_phase
#   datatype: float32
#   description: Phase of Gaussian 2 component
#   meta:
#     ucd: time.phase
# - 
#   name: geom_model_gaussian2_phase_error
#   datatype: float32
#   description: "Uncertainty of \\texttt{geomModelGaussian2Phase}"
#   meta:
#     ucd: stat.error;time.phase
# - 
#   name: geom_model_gaussian2_sigma
#   datatype: float32
[...]
#   datatype: float32
#   description: "Secondary eclipse: uncertainty of \\texttt{derivedSecondaryEclDuration}"
#   meta:
#     ucd: stat.error;time.duration
# - 
#   name: derived_secondary_ecl_depth
#   datatype: float32
#   unit: mag
#   description: "Secondary eclipse: depth"
#   meta:
#     ucd: src.var.amplitude
# - 
#   name: derived_secondary_ecl_depth_error
#   datatype: float32
#   unit: mag
#   description: "Secondary eclipse: uncertainty of \\texttt{derivedSecondaryEclDepth}"
#   meta:
#     ucd: stat.error;src.var.amplitude
solution_id,source_id,global_ranking,reference_time,frequency,frequency_error,geom_model_reference_level,geom_model_reference_level_error,geom_model_gaussian1_phase,geom_model_gaussian1_phase_error,geom_model_gaussian1_sigma,geom_model_gaussian1_sigma_error,geom_model_gaussian1_depth,geom_model_gaussian1_depth_error,geom_model_gaussian2_phase,geom_model_gaussian2_phase_error,geom_model_gaussian2_sigma,geom_model_gaussian2_sigma_error,geom_model_gaussian2_depth,geom_model_gaussian2_depth_error,geom_model_cosine_half_period_amplitude,geom_model_cosine_half_period_amplitude_error,geom_model_cosine_half_period_phase,geom_model_cosine_half_period_phase_error,model_type,num_model_parameters,reduced_chi2,derived_primary_ecl_phase,derived_primary_ecl_phase_error,derived_primary_ecl_duration,derived_primary_ecl_duration_error,derived_primary_ecl_depth,derived_primary_ecl_depth_error,derived_secondary_ecl_phase,derived_secondary_ecl_phase_error,derived_secondary_ecl_duration,derived_secondary_ecl_duration_error,derived_secondary_ecl_depth,derived_secondary_ecl_depth_error
[from data line 37]
375316653866487564,5826777900541747840,0.576427,2168.2795568748506,3.6374773229514874,8.140354E-6,17.586443,0.0038395706,0.33316228,0.0023073342,0.07393934,0.002535574,0.24747665,0.007905821,0.8286633,0.0029190113,0.08044604,0.0028853999,0.24078411,0.0050333985,null,null,null,null,"TWOGAUSSIANS",8,2.9724627,0.33316228,0.0023073342,0.4,0.0,0.24513723,0.007840151,0.8286633,0.0029190113,0.4,0.0,0.23844469,0.0047703837
375316653866487564,5826778209779423104,0.60704637,2195.593510747757,0.3093282102144422,1.071179E-6,14.895031,0.0019143466,0.15977782,9.920321E-7,0.0027828012,8.547186E-6,1.6857655,0.012147698,0.66645867,0.011801446,0.020561617,0.010744537,0.16630863,0.15094844,null,null,null,null,"TWOGAUSSIANS",8,48.933304,0.15977782,9.920321E-7,0.0155836865,4.786424E-5,1.6857655,0.012147698,0.66645867,0.011801446,0.11514506,0.060169406,0.16630863,0.15094844
375316653866487564,5826778342881717376,0.5002111,2196.043785501304,3.3284440428340805,1.5786612E-5,17.321217,0.07402543,0.1767907,0.00834539,0.11500138,0.02687713,0.1773717,0.06710381,0.68842036,0.0042521744,0.14525369,0.033622175,0.19659525,0.07261942,null,null,null,null,"TWOGAUSSIANS",8,6.9537153,0.6884703,0.0041889125,0.4,0.0,0.14262451,0.0068033254,0.1763007,0.007842752,0.4,0.0,0.12445973,0.01179637
375316653866487564,5826778759518375424,0.6520205,2190.6502963170683,1.883602797888268,3.3320107E-6,15.931448,0.011715761,0.21202596,7.7090715E-4,0.06964861,0.003352126,0.26437998,0.023235364,0.7109949,0.00826833,0.060437094,0.010648454,0.14521937,0.022547515,0.064345695,0.012536668,0.21202596,7.7090715E-4,"TWOGAUSSIANS_WITH_ELLIPSOIDAL_ON_ECLIPSE1",9,9.966,0.21202596,7.7090715E-4,0.3900322,0.018771905,0.3926412,0.0046092244,0.7112049,0.007887118,0.33844772,0.059631344,0.2734763,0.008117983
375316653866487564,5826778828237904256,0.567693,2159.5635572469014,2.746356743075775,1.2633615E-5,18.49847,0.009187894,0.15131898,0.0027266494,0.06633087,0.002788682,0.4423082,0.014682212,0.63797045,0.004007945,0.08156895,0.0031843078,0.5820854,0.026614508,null,null,null,null,"TWOGAUSSIANS",8,5.2561913,0.63797045,0.004007945,0.4,0.0,0.579607,0.026646595,0.15131898,0.0027266494,0.3714529,0.01561662,0.43982986,0.014395306
375316653866487564,5826779240554869888,0.5288166,2206.0427520449534,2.927404302469905,1.5652182E-5,18.316256,0.010183555,0.19084533,0.0048852945,0.08939111,0.009876172,0.21408203,0.015079715,0.6866813,0.005675715,0.09127065,0.008374084,0.24517861,0.012145375,null,null,null,null,"TWOGAUSSIANS",8,3.9623742,0.6866813,0.005675715,0.4,0.0,0.23584214,0.01196933,0.19084533,0.0048852945,0.4,0.0,0.20474565,0.016266627
375316653866487564,5826779309291529216,0.547486,2190.288887402229,2.5981261425183244,1.3989094E-5,13.853126,0.04004556,0.23726033,0.0027277302,0.20515391,0.030042516,0.6322094,0.05210196,0.73787427,0.0026010936,0.18811685,0.029460378,0.59925026,0.06981081,null,null,null,null,"TWOGAUSSIANS",8,51.545795,0.23685032,0.0030196917,0.4,0.0,0.118696555,0.003668804,0.7383743,0.002755476,0.4,0.0,0.115559675,0.0046011624
375316653866487564,5826779343634081024,0.40826738,2215.905507326084,1.8064822599073,4.6305817E-5,18.773449,0.014328527,0.40710542,0.021290721,0.023386348,0.012217854,0.34811226,0.30687225,0.7573475,0.036373015,0.034475572,0.028786873,0.21127775,0.100741036,null,null,null,null,"TWOGAUSSIANS",8,14.939193,0.40710542,0.021290721,0.13096355,0.068419985,0.34811226,0.30687225,0.7573475,0.036373015,0.1930632,0.16120648,0.21127775,0.100741036
375316653866487564,5826780443145956736,0.44835007,2204.7885764426583,3.6480015125858953,2.4246398E-5,17.847168,0.41734463,0.29087937,0.008507987,0.15384205,0.04279153,0.4159515,0.32270202,0.7871333,0.010137824,0.21042676,0.09812005,0.45044756,0.41021395,null,null,null,null,"TWOGAUSSIANS",8,8.877366,0.29263937,0.007726692,0.4,0.0,0.14009872,0.013127417,0.7871333,0.010137824,0.4,0.0,0.1252512,0.015303537
375316653866487564,5826780614943360256,0.489855,2170.529449744913,3.6685611806036453,1.6476624E-5,18.898584,0.028111598,0.20359655,0.004263563,0.103625365,0.012913262,0.22409992,0.026033085,0.6961276,0.0066985907,0.098705135,0.013159808,0.24238099,0.028115364,null,null,null,null,"TWOGAUSSIANS",8,2.6224926,0.6961276,0.0066985907,0.4,0.0,0.22234978,0.018432278,0.20359655,0.004263563,0.4,0.0,0.20406592,0.012656022
375316653866487564,5826781542674290304,0.6494338,2195.1755011611026,2.949585158193918,3.029577E-6,17.175528,0.005529477,0.25606498,8.4308936E-4,0.042855453,0.0018333846,0.3831644,0.01656224,0.75468904,0.0010942654,0.042002838,0.0016232183,0.34589437,0.014751644,0.14273606,0.007347539,0.25606498,8.4308936E-4,"TWOGAUSSIANS_WITH_ELLIPSOIDAL_ON_ECLIPSE1",9,7.572638,0.25606498,8.4308936E-4,0.23999053,0.010266954,0.6686365,0.015983375,0.75482905,9.617096E-4,0.23521589,0.009090022,0.6313473,0.010936957
375316653866487564,5826781989351198336,0.6083164,2210.383033701259,1.0603960541432056,6.7789515E-6,13.432923,0.0030520007,0.22259982,0.005555709,0.04535818,0.0061177593,0.049122076,0.0078015076,0.7358826,0.0020300534,0.0451016,0.0019227263,0.26600513,0.014650479,0.026198378,0.0044500344,0.7358826,0.0020300534,"TWOGAUSSIANS_WITH_ELLIPSOIDAL_ON_ECLIPSE2",9,51.41523,0.7358826,0.0020300534,0.25256896,0.010767267,0.31840175,0.013924444,0.22455983,0.004608661,0.25400582,0.03425945,0.101208106,0.004210041
375316653866487564,5826784635050871040,0.6178522,2187.675602798809,1.0499174810783116,2.1640428E-5,16.432503,0.0052384106,0.24732123,0.0029865792,0.027611556,0.0038491979,0.05661781,0.015655147,0.74724406,0.0018792956,0.029928755,0.0013912955,1.3799733,0.101654835,0.013954238,0.0070981854,0.74724406,0.0018792956,"TWOGAUSSIANS_WITH_ELLIPSOIDAL_ON_ECLIPSE2",9,40.012547,0.74724406,0.0018792956,0.16760103,0.0077912547,1.4078817,0.1024663,0.24732123,0.0029106273,0.15462472,0.02155551,0.08452621,0.009416152
375316653866487564,5826784806849573632,0.4876464,2188.7114183937433,2.8683518675331148,2.54691E-5,17.173004,0.7791222,0.24610536,0.009880135,0.10652606,0.10133121,0.16844435,0.7222486,0.72519565,0.010497226,0.10202655,0.08762507,0.16435215,0.6752818,null,null,null,null,"TWOGAUSSIANS",8,17.524002,0.24611536,0.007813824,0.4,0.0,0.15374234,0.021554625,0.72519565,0.010497226,0.4,0.0,0.14965501,0.019453658
375316653866487564,5826785012991398144,0.5108176,2151.4894807306987,3.4451741520687484,3.4122113E-5,19.537611,0.018592644,0.25087115,0.0032800827,0.069597416,0.0034699456,0.7963559,0.055028226,0.7518293,0.003732647,0.066160955,0.0061235568,0.6067804,0.06393409,null,null,null,null,"TWOGAUSSIANS",8,4.557488,0.25087115,0.0032800827,0.38974553,0.019431695,0.79481596,0.05502827,0.7518293,0.003732647,0.37050137,0.03429192,0.60524046,0.06439179
375316653866487564,5826785214831074176,0.63056695,2197.4982844787787,1.0522891702622583,3.934851E-6,18.76041,0.004364609,0.27635768,0.009859927,0.05935702,0.01545915,0.13926359,0.021111192,0.7688222,5.6425587E-4,0.03263202,6.181954E-4,0.89157104,0.014588648,null,null,null,null,"TWOGAUSSIANS",8,2.2631536,0.7688222,5.6425587E-4,0.1827393,0.0034618943,0.89157087,0.014588483,0.27635768,0.009859927,0.33239934,0.07912152,0.13926347,0.021112086
375316653866487564,5826785837641649280,0.52848256,2223.954698609957,3.5266875365357984,1.8968049E-5,17.332249,0.024560628,0.25323996,0.0036627345,0.093730345,0.011970385,0.33181846,0.017775556,0.7402532,0.0071832933,0.104363814,0.012002,0.30529925,0.024516115,null,null,null,null,"TWOGAUSSIANS",8,19.157518,0.25323996,0.003659881,0.4,0.0,0.30965918,0.013228784,0.7402532,0.0071832933,0.4,0.0,0.2831331,0.015101983
375316653866487564,5826786348702689536,0.53797406,2187.6202471514903,2.790398843405451,1.49889E-5,19.333405,0.009769298,0.21286152,0.0036580807,0.07666274,0.0042360453,0.46682858,0.025018748,0.7289562,0.0070584533,0.072448425,0.009774267,0.51882565,0.04555773,null,null,null,null,"TWOGAUSSIANS",8,2.6165998,0.7289562,0.0070584533,0.4,0.0092460355,0.516366,0.04620795,0.21286152,0.0036580807,0.4,0.0,0.46436897,0.02501736
375316653866487564,5826786387397544960,0.59539324,2188.3926162802986,2.376434101296317,6.014188E-6,16.137014,0.014646501,0.17934382,0.0015082132,0.10353912,0.006603128,0.29844186,0.010144941,0.6782043,0.0018971114,0.11750762,0.006295226,0.25978366,0.013906533,null,null,null,null,"TWOGAUSSIANS",8,9.024543,0.17934382,0.00150788,0.4,0.0,0.2562373,0.012135974,0.6782043,0.0018971114,0.4,0.0,0.21752337,0.0038113673
375316653866487564,5826787349474900224,0.5644588,2197.7239074002346,3.0045628006855276,7.918912E-6,16.211678,0.025587108,0.32121253,0.0021926395,0.10049216,0.0074544963,0.4310439,0.021826802,0.81236017,0.0029780418,0.09705483,0.006994662,0.44081128,0.023665138,null,null,null,null,"TWOGAUSSIANS",8,48.543503,0.81236017,0.0029780418,0.4,0.0,0.4092304,0.013799424,0.32121253,0.0021926395,0.4,0.0,0.39946076,0.013639066
375316653866487564,5826787413854339840,0.6331074,2216.535229949297,4.746984273089845,6.8988165E-6,18.06423,0.014280448,0.23335084,0.001784819,0.046343535,0.0033535457,0.47860566,0.034511227,0.73816496,0.0031625512,0.048437092,0.0050674267,0.45650795,0.029199518,0.121719584,0.015527852,0.23335084,0.001784819,"TWOGAUSSIANS_WITH_ELLIPSOIDAL_ON_ECLIPSE1",9,6.615763,0.23335084,0.001784819,0.2595238,0.018779855,0.722044,0.026186459,0.73816496,0.0031625512,0.2712477,0.028377589,0.6997236,0.010013881
375316653866487564,5826787899230730624,0.5453919,2149.017342890753,3.4952179406169925,3.076006E-5,19.745026,0.008684544,0.2618269,0.0047148345,0.06546333,0.005574941,0.48889995,0.019129846,0.76132196,0.007405208,0.077501655,0.0076132007,0.53345287,0.080686636,null,null,null,null,"TWOGAUSSIANS",8,2.2717211,0.76132196,0.007405208,0.4,0.0,0.53122526,0.081616506,0.2618269,0.0047148345,0.36659464,0.03121967,0.48667234,0.019210048
375316653866487564,5826788169785275904,0.66312623,2215.2797856465695,2.6415087308406573,3.7813272E-6,16.790262,0.014099064,0.27391005,5.807116E-4,0.062261097,0.0022397363,0.4473434,0.02893381,0.7717046,0.0018278285,0.056208413,0.0035446968,0.4332137,0.028838074,0.06766473,0.015405707,0.27391005,5.807116E-4,"TWOGAUSSIANS_WITH_ELLIPSOIDAL_ON_ECLIPSE1",9,8.11402,0.27391005,5.807116E-4,0.34866214,0.012542523,0.58251566,0.008036341,0.7718646,0.0016789285,0.31476712,0.019850302,0.5683618,0.0080282055
375316653866487564,5826788345903124224,0.43228722,2239.0725332460147,0.5622312897521811,4.426281E-5,17.58452,0.0032385597,0.30025712,0.007885331,0.04721722,0.01218016,0.080320716,0.018351914,0.7880004,0.027516043,0.073215045,0.030519592,0.044857193,0.014441021,null,null,null,null,"TWOGAUSSIANS",8,3.87435,0.30025712,0.007885331,0.26441643,0.068208896,0.080307834,0.018374894,0.7880004,0.027516043,0.4,0.13362621,0.044844307,0.014472192
375316653866487564,5826788964382663296,0.44331196,2218.5839924296224,0.5977402541062204,8.738606E-5,16.832209,0.003949362,0.19821794,0.031133601,0.059360567,0.047378242,0.0293747,0.016523732,0.6599918,0.009768909,0.033490147,0.005682637,0.14817575,0.012664214,null,null,null,null,"TWOGAUSSIANS",8,13.925884,0.6599918,0.009768909,0.18754482,0.031822767,0.14817575,0.012664102,0.19821794,0.031133601,0.3324192,0.26531816,0.029374694,0.016523758
375316653866487564,5826791438264739200,0.46516815,2184.639045427181,3.051769921876278,2.2092623E-5,18.760244,0.006607147,0.14352185,0.0047274358,0.036939517,0.042702146,0.0033433386,0.02764796,null,null,null,null,null,null,0.08985155,0.012099899,0.14352185,0.0047274358,"ONEGAUSSIAN_WITH_ELLIPSOIDAL",6,6.9372406,0.14352185,0.0047274358,0.2068613,0.23913202,0.18304633,0.02321929,null,null,null,null,null,null
375316653866487564,5826791610078420096,0.5446809,2210.1743670958977,2.1086184053347274,7.147414E-6,17.071188,0.009079133,0.23045473,0.0021815328,0.0825692,0.0047831926,0.39178967,0.020489115,0.7261616,0.0035062428,0.08287669,0.0037501059,0.39539573,0.016266253,null,null,null,null,"TWOGAUSSIANS",8,23.161047,0.7261616,0.0035062428,0.4,0.0,0.38783434,0.015936257,0.23045473,0.0021815328,0.4,0.0,0.38422826,0.021590067
375316653866487564,5826791708822080640,0.48715588,2212.728932803994,3.732712182851799,1.542851E-5,17.861334,0.004769477,0.27383032,0.005310621,0.072254665,0.008128051,0.12877089,0.017969135,0.7669974,0.006699994,0.08525316,0.010590569,0.119581625,0.0063686,null,null,null,null,"TWOGAUSSIANS",8,3.65249,0.27383032,0.005310621,0.4,0.028141929,0.1273803,0.018464336,0.7669974,0.006699994,0.4,0.0,0.11819102,0.006398023
375316653866487564,5826792297258020864,0.51419985,2167.375359606549,3.8857838047792264,1.1313869E-5,18.975035,0.058386482,0.29962626,0.0039175386,0.10595712,0.01929087,0.26455757,0.05293941,0.7847096,0.0043939045,0.120581314,0.025938932,0.25323004,0.050773747,null,null,null,null,"TWOGAUSSIANS",8,1.6030532,0.29969627,0.0039181113,0.4,0.0,0.22573337,0.013594533,0.7847096,0.0043939045,0.4,0.0,0.21430993,0.01604437
375316653866487564,5826792469076048000,0.5501495,2215.8119224642064,3.5176850269765105,1.6652739E-5,19.312563,0.010855319,0.2679952,0.0058785984,0.07077681,0.0049427007,0.47378692,0.022970123,0.7740078,0.0021120086,0.072269015,0.0032219642,0.44802243,0.012888047,null,null,null,null,"TWOGAUSSIANS",8,3.1335828,0.2679952,0.0058785984,0.39635018,0.021518128,0.47202045,0.022666398,0.7740078,0.0021120086,0.4,0.0011148633,0.44625595,0.012614609
375316653866487564,5826793392449683712,0.54676324,2203.2702304939085,1.644644184200304,7.21894E-6,18.255653,0.0042505856,0.16096886,0.0012963134,0.048932288,0.0030199904,0.24294312,0.009583195,0.65903705,0.011926609,0.05166348,0.011041629,0.06420604,0.0071359053,null,null,null,null,"TWOGAUSSIANS",8,2.1559994,0.16096886,0.0012963134,0.2740208,0.016911946,0.24294217,0.00958394,0.65903705,0.011926609,0.2893155,0.06183312,0.06420509,0.00713523
375316653866487564,5826793671663027968,0.53837836,2212.79501023292,3.127629582092684,7.788374E-6,18.338453,0.016887596,0.24254107,0.0024670463,0.081901796,0.0061844187,0.42443982,0.020919036,0.7546246,0.003527237,0.07875419,0.0059661423,0.33266544,0.027235843,null,null,null,null,"TWOGAUSSIANS",8,7.6956253,0.24254107,0.0024670463,0.4,0.0,0.4197575,0.021306997,0.7546246,0.003527237,0.4,0.0,0.32798314,0.027075605
375316653866487564,5826794114006710912,0.45029682,2197.7378398747696,3.5878167585279725,3.358614E-5,17.806421,0.011563293,0.23495516,0.010792108,0.068948455,0.014223093,0.12980424,0.026425503,0.7413549,0.012851603,0.07994368,0.016581554,0.16120574,0.022052456,null,null,null,null,"TWOGAUSSIANS",8,12.319855,0.7413549,0.012851603,0.4,0.0,0.16031085,0.022172453,0.23495516,0.010792108,0.38611132,0.07564129,0.12890936,0.026527483
375316653866487564,5826794805534306560,0.50507766,2193.9693136403225,3.036257670617435,1.570488E-5,18.06932,0.023405986,0.23146549,0.0032422668,0.10094831,0.009147404,0.28816405,0.02153682,0.73801064,0.0043202247,0.10027002,0.009716426,0.27736774,0.022276327,null,null,null,null,"TWOGAUSSIANS",8,7.3488503,0.23146549,0.0032422668,0.4,0.0,0.26438275,0.010974881,0.73801064,0.0043202247,0.4,0.0,0.25358698,0.01274408
375316653866487564,5826796106882818816,0.52293533,2183.615960142938,2.680217512918124,1.2534747E-5,18.522331,0.015288301,0.29384106,0.0078228265,0.10021613,0.016034558,0.20979942,0.018483266,0.79879093,0.0052437573,0.08510037,0.010655669,0.25033382,0.018512666,null,null,null,null,"TWOGAUSSIANS",8,2.931305,0.79879093,0.005242911,0.4,0.0,0.23928332,0.022506867,0.29384106,0.0078228265,0.4,0.0,0.19874725,0.02239427
375316653866487564,5826797416874811264,0.5271804,2168.4209548398812,3.8021428511469297,1.881825E-5,19.164494,0.009389073,0.24839173,0.0047351345,0.07402673,0.007295347,0.39599478,0.01936795,0.74373126,0.0037735268,0.06958944,0.0041542407,0.36765122,0.018909082,null,null,null,null,"TWOGAUSSIANS",8,3.1202517,0.24839173,0.0047351345,0.4,0.0058332263,0.39440408,0.019664487,0.74373126,0.0037735268,0.3897009,0.023263747,0.36606053,0.018739086
