Gaia/vari_eclipsing_binary/VariEclipsingBinary_388493-388906.csv
# %ECSV 1.0
# ---
# delimiter: ','
# meta: !!omap
# - RELEASE: Gaia DR3
# - TABLE: vari_eclipsing_binary
# - DESCRIPTION: >
#     This table describes the properties of the eclipsing binaries resulting from the variability analysis. 
# - CITATION: >
#     How to cite and acknowledge Gaia: 
#     https://gea.esac.esa.int/archive/documentation/credits.html 
# - KNOWN_ISSUES: >
#     Known issues: 
#     https://www.cosmos.esa.int/web/gaia-users/known-issues 
# - DOCUMENTATION: >
#     Tutorials and documentation: 
#     https://www.cosmos.esa.int/web/gaia-users/archive 
# datatype:
# - 
#   name: solution_id
#   datatype: int64
#   description: Solution Identifier
#   meta:
#     ucd: meta.version
# - 
#   name: source_id
#   datatype: int64
#   description: Unique source identifier
#   meta:
#     ucd: meta.id;meta.main
# - 
#   name: global_ranking
#   datatype: float32
#   description: Number between 0 (worst) and 1 (best)
#   meta:
#     ucd: stat.param
# - 
#   name: reference_time
#   datatype: float64
#   unit: d
#   description: Reference time used for the geometric model fit
#   meta:
#     ucd: time.epoch
# - 
#   name: frequency
#   datatype: float64
#   unit: d**-1
#   description: Frequency of geometric model of the eclipsing binary light curve
#   meta:
#     ucd: src.orbital
# - 
#   name: frequency_error
#   datatype: float32
#   unit: d**-1
#   description: "Uncertainty of \\texttt{frequency}"
#   meta:
#     ucd: stat.error
# - 
#   name: geom_model_reference_level
#   datatype: float32
#   unit: mag
#   description: Magnitude reference level of geometric model
#   meta:
#     ucd: phot.mag;em.opt
# - 
#   name: geom_model_reference_level_error
#   datatype: float32
#   unit: mag
#   description: "Uncertainty of \\texttt{geomModelReferenceLevel}"
#   meta:
#     ucd: stat.error;phot.mag;em.opt
# - 
#   name: geom_model_gaussian1_phase
#   datatype: float32
#   description: Phase of the Gaussian 1 component
#   meta:
#     ucd: time.phase
# - 
#   name: geom_model_gaussian1_phase_error
#   datatype: float32
#   description: "Uncertainty of \\texttt{geomModelGaussian1Phase}"
#   meta:
#     ucd: stat.error;time.phase
# - 
#   name: geom_model_gaussian1_sigma
#   datatype: float32
#   description: "Standard deviation [phase] of Gaussian 1 component"
#   meta:
#     ucd: stat.stdev
# - 
#   name: geom_model_gaussian1_sigma_error
#   datatype: float32
#   description: "Uncertainty of \\texttt{geomModelGaussian1Sigma}"
#   meta:
#     ucd: stat.error
# - 
#   name: geom_model_gaussian1_depth
#   datatype: float32
#   unit: mag
#   description: Magnitude depth of Gaussian 1 component
#   meta:
#     ucd: src.var.amplitude
# - 
#   name: geom_model_gaussian1_depth_error
#   datatype: float32
#   unit: mag
#   description: "Uncertainty of \\texttt{geomModelGaussian1Depth}"
#   meta:
#     ucd: stat.error;src.var.amplitude
# - 
#   name: geom_model_gaussian2_phase
#   datatype: float32
#   description: Phase of Gaussian 2 component
#   meta:
#     ucd: time.phase
# - 
#   name: geom_model_gaussian2_phase_error
#   datatype: float32
#   description: "Uncertainty of \\texttt{geomModelGaussian2Phase}"
#   meta:
#     ucd: stat.error;time.phase
# - 
#   name: geom_model_gaussian2_sigma
#   datatype: float32
[...]
#   datatype: float32
#   description: "Secondary eclipse: uncertainty of \\texttt{derivedSecondaryEclDuration}"
#   meta:
#     ucd: stat.error;time.duration
# - 
#   name: derived_secondary_ecl_depth
#   datatype: float32
#   unit: mag
#   description: "Secondary eclipse: depth"
#   meta:
#     ucd: src.var.amplitude
# - 
#   name: derived_secondary_ecl_depth_error
#   datatype: float32
#   unit: mag
#   description: "Secondary eclipse: uncertainty of \\texttt{derivedSecondaryEclDepth}"
#   meta:
#     ucd: stat.error;src.var.amplitude
solution_id,source_id,global_ranking,reference_time,frequency,frequency_error,geom_model_reference_level,geom_model_reference_level_error,geom_model_gaussian1_phase,geom_model_gaussian1_phase_error,geom_model_gaussian1_sigma,geom_model_gaussian1_sigma_error,geom_model_gaussian1_depth,geom_model_gaussian1_depth_error,geom_model_gaussian2_phase,geom_model_gaussian2_phase_error,geom_model_gaussian2_sigma,geom_model_gaussian2_sigma_error,geom_model_gaussian2_depth,geom_model_gaussian2_depth_error,geom_model_cosine_half_period_amplitude,geom_model_cosine_half_period_amplitude_error,geom_model_cosine_half_period_phase,geom_model_cosine_half_period_phase_error,model_type,num_model_parameters,reduced_chi2,derived_primary_ecl_phase,derived_primary_ecl_phase_error,derived_primary_ecl_duration,derived_primary_ecl_duration_error,derived_primary_ecl_depth,derived_primary_ecl_depth_error,derived_secondary_ecl_phase,derived_secondary_ecl_phase_error,derived_secondary_ecl_duration,derived_secondary_ecl_duration_error,derived_secondary_ecl_depth,derived_secondary_ecl_depth_error
[from data line 835]
375316653866487564,3420726084425443200,0.6727185,2354.2890125673753,0.8044314753639173,6.815063E-6,15.698155,0.0013612083,0.21954969,0.03994692,0.02642858,0.034091935,0.3865967,0.33480895,0.71896946,3.6835094E-4,0.023359539,3.4347182E-4,0.5901717,0.007114958,null,null,null,null,"TWOGAUSSIANS",8,8.384611,0.71896946,3.6835094E-4,0.13081342,0.0019234422,0.5901717,0.007114958,0.21954969,0.03994692,0.14800005,0.19091484,0.3865967,0.33480895
375316653866487564,3420726428022841600,0.5521367,2353.4677447410004,3.0794107395554353,3.4860335E-5,19.3735,0.012393654,0.28398523,0.0068326634,0.07861969,0.007036673,0.35182464,0.019267427,0.767567,0.0067207427,0.08988613,0.007536375,0.36579183,0.03133782,null,null,null,null,"TWOGAUSSIANS",8,2.1447785,0.767567,0.0067207427,0.4,0.0,0.35924727,0.03198024,0.28398523,0.0068326634,0.4,0.0,0.3452803,0.018206919
375316653866487564,3420728489607368576,0.5200348,2337.7533367190504,3.0585214545600734,2.8100527E-5,19.692127,0.013616351,0.30342266,0.003972377,0.06415306,0.003808155,0.52202916,0.02918297,0.8096394,0.005115927,0.0629793,0.00448858,0.6454623,0.04904489,null,null,null,null,"TWOGAUSSIANS",8,2.9420745,0.8096394,0.005115927,0.3526841,0.025136048,0.645044,0.049114034,0.30342266,0.003972377,0.35925713,0.021325668,0.5216109,0.029132623
375316653866487564,3420730173234575104,0.5260539,2314.050596990192,2.7155594028184318,2.0489166E-5,19.621307,0.015964342,0.17615888,0.007963281,0.070267834,0.006834498,0.4193079,0.063786946,0.68554586,0.00584623,0.06481405,0.0057280525,0.52875954,0.030435635,null,null,null,null,"TWOGAUSSIANS",8,2.9392073,0.68554586,0.00584623,0.3629587,0.032077093,0.5279951,0.029980404,0.17615888,0.007963281,0.39349985,0.034296937,0.41854346,0.06358602
375316653866487564,3420740996552151552,0.49119365,2299.67061094202,3.6448828920177934,2.7038875E-5,19.824312,0.02355378,0.16193013,0.005899144,0.086017884,0.014202977,0.37135342,0.033148613,0.6713017,0.021387523,0.074375995,0.016429616,0.39848027,0.058886763,null,null,null,null,"TWOGAUSSIANS",8,2.5029228,0.6713017,0.021387523,0.4,0.016820468,0.39354166,0.055137917,0.16193013,0.005899144,0.4,0.0,0.36641476,0.034217488
375316653866487564,3420761891567571328,0.5915202,2314.3366699909975,1.1659759141719652,5.648427E-6,13.81466,0.006422565,0.27331042,0.0015929174,0.10916406,0.0050713406,0.11691865,0.0062870425,0.7771691,0.0016803336,0.11639473,0.0065113087,0.09155356,0.0062717977,null,null,null,null,"TWOGAUSSIANS",8,12.665873,0.2733004,0.0015929174,0.4,0.0,0.09999179,0.0020259463,0.7771791,0.0016844319,0.4,0.0,0.074615106,0.0013829775
375316653866487564,3420771855892285824,0.5931697,2319.4478023026722,2.2451915741403194,2.4541632E-5,16.623747,0.012907162,0.24968214,0.0050897645,0.08329463,0.00872123,0.29485327,0.0150254425,0.7498727,0.002200881,0.117146365,0.011289488,0.14344193,0.01221235,null,null,null,null,"TWOGAUSSIANS",8,6.306903,0.24968214,0.0050965315,0.4,0.0,0.27835256,0.014697876,0.7498727,0.002200881,0.4,0.0,0.12690948,0.006381158
375316653866487564,3420771920315707776,0.5420469,2323.5485718408277,3.150306265042879,1.3514072E-5,19.376616,0.01716764,0.21010518,0.0020073405,0.075815044,0.00469267,0.5370542,0.02640816,0.71045667,0.004458782,0.08552462,0.0075288313,0.47933915,0.025257844,null,null,null,null,"TWOGAUSSIANS",8,2.7167332,0.21010518,0.0020073405,0.4,0.0,0.52882594,0.027275577,0.71045667,0.004458782,0.4,0.0,0.47111085,0.026419856
375316653866487564,3420773810101371904,0.4349394,2323.9117515855887,2.47365896634864,5.7921985E-5,18.198742,0.009196003,0.7624145,0.009864685,0.031340204,0.024213076,0.106409036,6.8711686,null,null,null,null,null,null,0.08897185,0.017003743,0.7624145,0.009864685,"ONEGAUSSIAN_WITH_ELLIPSOIDAL",6,15.95454,0.7624145,0.009864685,0.17550515,0.13559322,0.2843527,6.8708396,null,null,null,null,null,null
375316653866487564,3420781918999726976,0.56467766,2308.9007151918313,3.2240948379853847,7.713022E-6,18.141003,0.03331549,0.3044267,0.0031102933,0.104147695,0.01115924,0.27683133,0.031208074,0.8141776,0.0035201106,0.10528024,0.012839613,0.2701544,0.030656407,null,null,null,null,"TWOGAUSSIANS",8,1.947842,0.30441672,0.0031164123,0.4,0.0,0.24856213,0.014077112,0.8141776,0.003521286,0.4,0.0,0.2418837,0.01668918
375316653866487564,3420784259757840640,0.6347798,2333.1846487363305,0.19324670371228633,8.330115E-6,14.725126,0.0027162544,0.19573455,0.012272239,0.012024943,0.010355083,0.02178674,0.01639684,0.7131181,0.0045968597,0.021147296,0.002631391,0.97783005,0.11855305,0.017614176,0.0042415247,0.19573455,0.012272239,"TWOGAUSSIANS_WITH_ELLIPSOIDAL_ON_ECLIPSE1",9,102.81214,0.7131181,0.0045968597,0.11842486,0.014735789,1.0126398,0.11869453,0.19573455,0.012272239,0.06733968,0.057988465,0.05701503,0.015328886
375316653866487564,3420794185426392704,0.47533426,2303.6228129682663,2.0663793369494265,2.9109931E-5,19.18505,0.031813916,0.27839416,0.01191161,0.07028245,0.030909253,0.12064316,0.02903855,0.76608396,0.05967809,0.05342449,0.038716212,0.34702054,0.15247633,null,null,null,null,"TWOGAUSSIANS",8,7.6180754,0.76608396,0.05967809,0.29917714,0.1396792,0.34695023,0.14795284,0.27839416,0.011905352,0.39358175,0.076595806,0.12057289,0.026680123
375316653866487564,3420799068804993152,0.46343145,2284.620221178341,0.8582563355123268,1.3417641E-4,16.823805,0.004456564,0.35054582,0.017662613,0.04557434,0.010031496,0.18772542,0.055988893,0.75873053,0.025792124,0.083777145,0.029353859,0.058268774,0.028321885,null,null,null,null,"TWOGAUSSIANS",8,27.530512,0.35054582,0.017662562,0.2552163,0.05617638,0.18772112,0.055989463,0.75873053,0.025792124,0.4,0.037264742,0.05826406,0.028332846
375316653866487564,3420801577066015488,0.6047955,2292.0255768231236,2.41894237337926,1.2877891E-5,17.208572,0.002817518,0.36682045,0.0049476405,0.052824486,0.0040773805,0.67160594,0.05966251,0.6548775,0.26285085,0.07213893,0.10524532,0.011294992,6.6393006E9,null,null,null,null,"TWOGAUSSIANS",8,15.211421,0.36682045,0.0046736165,0.29581714,0.02283333,0.6716099,0.04053556,0.6548775,0.26285085,0.4,0.5566155,0.011295215,6.6393006E9
375316653866487564,3420803226333453568,0.5412325,2266.258182422111,1.4895938566547182,1.1757557E-5,18.893526,0.015770812,0.23234832,0.0034259069,0.09277367,0.006803598,0.40929085,0.016728308,0.71630937,0.0048825904,0.08150961,0.004146977,0.46157876,0.023895836,null,null,null,null,"TWOGAUSSIANS",8,4.361735,0.71630937,0.0048825904,0.4,0.0,0.45080456,0.022822162,0.23234832,0.0034259069,0.4,0.0,0.39851612,0.015947895
375316653866487564,3420807207766665856,0.46482086,2259.4215272211277,3.1174355332272774,3.280646E-5,19.662422,0.036062513,0.3032237,0.0117413495,0.09301345,0.031783447,0.24500713,0.06502102,0.80778927,0.00401979,0.08326383,0.013968057,0.30186474,0.036722023,null,null,null,null,"TWOGAUSSIANS",8,2.2850056,0.80778927,0.00401979,0.4,0.0,0.29290053,0.03509297,0.3032237,0.0117413495,0.4,0.0,0.23604268,0.073660865
375316653866487564,3420807452581129984,0.5479927,2292.129582619182,0.3376957882287012,1.897721E-4,16.186632,0.0011366972,0.2231176,0.0030950662,0.028527508,0.0013690089,0.17893772,0.011064659,0.8568373,0.049252227,0.049024455,0.03682083,0.016585205,0.009824031,null,null,null,null,"TWOGAUSSIANS",8,4.5365825,0.2231176,0.0030950662,0.15975404,0.00766645,0.17893772,0.011064659,0.8568373,0.049252227,0.27453697,0.20619664,0.016585205,0.009824031
375316653866487564,3420809716027210240,0.5614843,2286.29866012525,2.4169113527051502,8.525254E-6,17.207249,0.012269281,0.22955541,0.0042454526,0.089412145,0.004965729,0.40096393,0.014469919,0.7351034,0.0024399387,0.08446162,0.0056892247,0.41484216,0.017242065,null,null,null,null,"TWOGAUSSIANS",8,15.181587,0.7351034,0.0024399387,0.4,0.0,0.40294656,0.018646957,0.22955541,0.0042454526,0.4,0.0,0.38906822,0.011061465
375316653866487564,3420813083281682816,0.54227525,2263.876526828836,2.2606299898515565,1.9337915E-5,17.858507,0.029853087,0.27688184,0.005391551,0.10391141,0.011247886,0.30469176,0.03031496,0.78235817,0.005524618,0.10249346,0.011912305,0.26980886,0.027188942,null,null,null,null,"TWOGAUSSIANS",8,8.0872755,0.27688184,0.005398883,0.4,0.0,0.2761039,0.013886543,0.78235817,0.00552335,0.4,0.0,0.24122314,0.013480354
375316653866487564,3420818305962808448,0.53299594,2326.9381445005793,0.7042470700180674,2.8557697E-5,19.618607,0.004357935,0.32974237,0.0134886615,0.029954959,0.018846003,1.2309183,524.21277,0.7577724,0.016355567,0.039722513,0.011276364,0.07055602,0.024545513,null,null,null,null,"TWOGAUSSIANS",8,1.0546281,0.32974237,0.0134886615,0.16774777,0.105537616,1.2309183,524.21277,0.7577724,0.016355567,0.22244608,0.06314764,0.07055602,0.024545513
375316653866487564,3420821810655205760,0.4621255,2304.7079756219537,0.1174871548460372,2.670617E-5,19.75081,0.009030553,0.12136018,0.006114342,0.022146557,0.004997208,0.080152564,0.0223475,0.51978815,0.016263947,0.11008251,0.010937782,0.3430089,0.055625234,null,null,null,null,"TWOGAUSSIANS",8,2.7647803,0.51978815,0.016263947,0.4,0.0,0.34298497,0.055641823,0.121460184,0.0061330036,0.12402071,0.027984364,0.08062014,0.022426616
375316653866487564,3420828583820189824,0.508316,2311.779769009714,3.403908363500753,2.6039523E-5,13.703745,0.08076959,0.25600085,0.0037636238,0.1435658,0.012272422,0.38965455,0.071589604,0.76300406,0.003637364,0.2987532,0.026146129,0.73574185,0.07703726,null,null,null,null,"TWOGAUSSIANS",8,139.55399,0.25158086,0.004379916,0.4,0.0,0.12660792,0.009876602,0.76403403,0.0037105216,0.4,0.0,0.11698618,0.0061183786
375316653866487564,3420830709827573248,0.50780964,2295.6061701402577,0.9158721132865505,1.2834641E-4,18.727636,0.0022458632,0.2205142,0.028769962,0.024162801,0.009863155,0.043577407,0.027776286,0.4871699,0.026779536,0.007800488,0.013973739,0.38517627,0.83889115,null,null,null,null,"TWOGAUSSIANS",8,1.643995,0.4871699,0.026779536,0.04368273,0.07825294,0.38517627,0.83889115,0.2205142,0.028769962,0.13531168,0.05523367,0.043577407,0.027776286
375316653866487564,3420838651223643136,0.48543793,2316.9276479721225,3.2979147561870463,1.1537117E-5,19.216206,0.025777219,0.17340769,0.008051468,0.09287745,0.014526466,0.22235447,0.027516657,0.66319114,0.008746492,0.066441216,0.027322294,0.28954384,0.10183455,null,null,null,null,"TWOGAUSSIANS",8,4.310939,0.66319114,0.008746492,0.3720708,0.105218165,0.28665465,0.10631983,0.17340769,0.008051468,0.4,0.0,0.219465,0.021125399
375316653866487564,3420839883878498560,0.591503,2343.7046132964324,2.8365414784504277,7.909933E-6,18.369896,0.004987545,0.14892435,0.0021785055,0.076630786,0.0048709675,0.4297751,0.024309162,0.6505132,0.0030235823,0.08107416,0.0029370037,0.4046155,0.0077780616,null,null,null,null,"TWOGAUSSIANS",8,2.606206,0.14892435,0.0021785055,0.4,0.0,0.4244795,0.026160846,0.6505132,0.0030235823,0.4,0.0,0.39931992,0.0076167453
375316653866487564,3420845484515936896,0.5613078,2320.7621104108252,3.4592863383666184,8.142387E-6,18.10503,0.010362,0.27710906,0.0022952512,0.091383144,0.004143993,0.34300584,0.01139334,0.7891526,0.0039952314,0.091817714,0.00673027,0.32454854,0.016980734,null,null,null,null,"TWOGAUSSIANS",8,3.0817144,0.27710906,0.0022952512,0.4,0.0,0.3295808,0.010251755,0.7891526,0.0039952314,0.4,0.0,0.31112355,0.018432835
375316653866487564,3420856140330277632,0.601113,2321.2481121863225,2.201888652067553,6.158245E-6,15.135255,0.0074281916,0.21568884,0.0036958281,0.07736785,0.003053192,0.6144798,0.013784936,0.722796,0.0013618239,0.07341697,0.0037271436,0.2760685,0.00800432,null,null,null,null,"TWOGAUSSIANS",8,87.50052,0.21568884,0.0036958281,0.4,0.0,0.6115874,0.01304366,0.722796,0.0013618239,0.4,0.0,0.27317613,0.008438119
