Gaia/vari_eclipsing_binary/VariEclipsingBinary_634586-634942.csv
# %ECSV 1.0
# ---
# delimiter: ','
# meta: !!omap
# - RELEASE: Gaia DR3
# - TABLE: vari_eclipsing_binary
# - DESCRIPTION: >
#     This table describes the properties of the eclipsing binaries resulting from the variability analysis. 
# - CITATION: >
#     How to cite and acknowledge Gaia: 
#     https://gea.esac.esa.int/archive/documentation/credits.html 
# - KNOWN_ISSUES: >
#     Known issues: 
#     https://www.cosmos.esa.int/web/gaia-users/known-issues 
# - DOCUMENTATION: >
#     Tutorials and documentation: 
#     https://www.cosmos.esa.int/web/gaia-users/archive 
# datatype:
# - 
#   name: solution_id
#   datatype: int64
#   description: Solution Identifier
#   meta:
#     ucd: meta.version
# - 
#   name: source_id
#   datatype: int64
#   description: Unique source identifier
#   meta:
#     ucd: meta.id;meta.main
# - 
#   name: global_ranking
#   datatype: float32
#   description: Number between 0 (worst) and 1 (best)
#   meta:
#     ucd: stat.param
# - 
#   name: reference_time
#   datatype: float64
#   unit: d
#   description: Reference time used for the geometric model fit
#   meta:
#     ucd: time.epoch
# - 
#   name: frequency
#   datatype: float64
#   unit: d**-1
#   description: Frequency of geometric model of the eclipsing binary light curve
#   meta:
#     ucd: src.orbital
# - 
#   name: frequency_error
#   datatype: float32
#   unit: d**-1
#   description: "Uncertainty of \\texttt{frequency}"
#   meta:
#     ucd: stat.error
# - 
#   name: geom_model_reference_level
#   datatype: float32
#   unit: mag
#   description: Magnitude reference level of geometric model
#   meta:
#     ucd: phot.mag;em.opt
# - 
#   name: geom_model_reference_level_error
#   datatype: float32
#   unit: mag
#   description: "Uncertainty of \\texttt{geomModelReferenceLevel}"
#   meta:
#     ucd: stat.error;phot.mag;em.opt
# - 
#   name: geom_model_gaussian1_phase
#   datatype: float32
#   description: Phase of the Gaussian 1 component
#   meta:
#     ucd: time.phase
# - 
#   name: geom_model_gaussian1_phase_error
#   datatype: float32
#   description: "Uncertainty of \\texttt{geomModelGaussian1Phase}"
#   meta:
#     ucd: stat.error;time.phase
# - 
#   name: geom_model_gaussian1_sigma
#   datatype: float32
#   description: "Standard deviation [phase] of Gaussian 1 component"
#   meta:
#     ucd: stat.stdev
# - 
#   name: geom_model_gaussian1_sigma_error
#   datatype: float32
#   description: "Uncertainty of \\texttt{geomModelGaussian1Sigma}"
#   meta:
#     ucd: stat.error
# - 
#   name: geom_model_gaussian1_depth
#   datatype: float32
#   unit: mag
#   description: Magnitude depth of Gaussian 1 component
#   meta:
#     ucd: src.var.amplitude
# - 
#   name: geom_model_gaussian1_depth_error
#   datatype: float32
#   unit: mag
#   description: "Uncertainty of \\texttt{geomModelGaussian1Depth}"
#   meta:
#     ucd: stat.error;src.var.amplitude
# - 
#   name: geom_model_gaussian2_phase
#   datatype: float32
#   description: Phase of Gaussian 2 component
#   meta:
#     ucd: time.phase
# - 
#   name: geom_model_gaussian2_phase_error
#   datatype: float32
#   description: "Uncertainty of \\texttt{geomModelGaussian2Phase}"
#   meta:
#     ucd: stat.error;time.phase
# - 
#   name: geom_model_gaussian2_sigma
#   datatype: float32
[...]
#   datatype: float32
#   description: "Secondary eclipse: uncertainty of \\texttt{derivedSecondaryEclDuration}"
#   meta:
#     ucd: stat.error;time.duration
# - 
#   name: derived_secondary_ecl_depth
#   datatype: float32
#   unit: mag
#   description: "Secondary eclipse: depth"
#   meta:
#     ucd: src.var.amplitude
# - 
#   name: derived_secondary_ecl_depth_error
#   datatype: float32
#   unit: mag
#   description: "Secondary eclipse: uncertainty of \\texttt{derivedSecondaryEclDepth}"
#   meta:
#     ucd: stat.error;src.var.amplitude
solution_id,source_id,global_ranking,reference_time,frequency,frequency_error,geom_model_reference_level,geom_model_reference_level_error,geom_model_gaussian1_phase,geom_model_gaussian1_phase_error,geom_model_gaussian1_sigma,geom_model_gaussian1_sigma_error,geom_model_gaussian1_depth,geom_model_gaussian1_depth_error,geom_model_gaussian2_phase,geom_model_gaussian2_phase_error,geom_model_gaussian2_sigma,geom_model_gaussian2_sigma_error,geom_model_gaussian2_depth,geom_model_gaussian2_depth_error,geom_model_cosine_half_period_amplitude,geom_model_cosine_half_period_amplitude_error,geom_model_cosine_half_period_phase,geom_model_cosine_half_period_phase_error,model_type,num_model_parameters,reduced_chi2,derived_primary_ecl_phase,derived_primary_ecl_phase_error,derived_primary_ecl_duration,derived_primary_ecl_duration_error,derived_primary_ecl_depth,derived_primary_ecl_depth_error,derived_secondary_ecl_phase,derived_secondary_ecl_phase_error,derived_secondary_ecl_duration,derived_secondary_ecl_duration_error,derived_secondary_ecl_depth,derived_secondary_ecl_depth_error
[from data line 538]
375316653866487564,5584648913029088384,0.5571169,2206.982644841049,0.6855068510867899,1.1829714E-4,16.25346,0.0021347639,0.30111805,0.031157054,0.024552446,0.028702574,0.048379418,0.0135901235,0.76831365,5.993282E-4,0.015841005,6.003222E-4,0.75070554,0.062605046,0.009315979,0.003669817,0.30111805,0.031157054,"TWOGAUSSIANS_WITH_ELLIPSOIDAL_ON_ECLIPSE1",9,12.807884,0.7683336,5.932938E-4,0.08870963,0.0033618044,0.7685574,0.06853073,0.30111805,0.031157054,0.1374937,0.16073442,0.06701137,0.009116968
375316653866487564,5584650489276683264,0.52590877,2228.165556647062,2.8856124081180456,1.1703753E-5,18.138819,0.01668594,0.30606523,0.0047469283,0.10376163,0.008250075,0.2869741,0.016169533,0.7973601,0.0034532277,0.09214225,0.0075406386,0.28714865,0.017881287,null,null,null,null,"TWOGAUSSIANS",8,5.2589364,0.7973601,0.0034532277,0.4,0.0,0.26747975,0.015147215,0.30606523,0.0047469283,0.4,0.0,0.26729983,0.008439558
375316653866487564,5584654062689567872,0.54396504,2242.563961511923,0.4745990524621162,2.1755957E-5,18.226665,0.00836451,0.27139944,0.0048183408,0.034782786,0.0037322454,0.7502103,0.12589529,0.76460737,0.0063507054,0.04086458,0.005422278,0.47749466,0.017787665,null,null,null,null,"TWOGAUSSIANS",8,18.906279,0.27139944,0.0048183408,0.1947836,0.020900574,0.7502103,0.12589529,0.76460737,0.0063507054,0.22884163,0.030364757,0.47749466,0.017787663
375316653866487564,5584655578818284672,0.55216235,2244.0137830217027,3.1276619889536783,1.0587594E-5,17.694721,0.011042751,0.25207332,0.002253205,0.08871947,0.0044442313,0.38072082,0.016837243,0.74830645,0.004902747,0.08416328,0.005956682,0.4250462,0.02372344,null,null,null,null,"TWOGAUSSIANS",8,9.53059,0.74830645,0.004902747,0.4,0.0,0.41354325,0.022935372,0.25207332,0.002253205,0.4,0.0,0.3692178,0.016680898
375316653866487564,5584655711957148800,0.5192777,2231.2500811018513,4.046571264737235,2.0920565E-5,18.932974,0.019726627,0.23070733,0.0038502032,0.0871649,0.007737946,0.3147361,0.018958742,0.7225276,0.005041785,0.08160205,0.009160078,0.2915713,0.024340017,null,null,null,null,"TWOGAUSSIANS",8,4.1240225,0.23070733,0.0038502032,0.4,0.0,0.30822232,0.015226988,0.7225276,0.005041785,0.4,0.0,0.28505757,0.022847032
375316653866487564,5584656300372730624,0.491748,2217.5412972022227,2.8068854034837587,1.4646863E-5,15.342809,0.09969538,0.29379553,0.0026155189,0.22120228,0.022737643,0.9274604,0.09358022,0.79397255,0.0028306416,0.16584134,0.0154670235,0.8403687,0.13190657,null,null,null,null,"TWOGAUSSIANS",8,47.999317,0.79409254,0.002948101,0.4,0.0,0.22249915,0.0062912866,0.29372552,0.0027398134,0.4,0.0,0.18334593,0.009782355
375316653866487564,5584656570950631040,0.48966572,2222.9254754083704,2.904346694098057,3.1579024E-5,19.801537,0.034258008,0.26633266,0.009946156,0.07439816,0.018428419,0.27350232,0.0441035,0.75351185,0.01054381,0.08349696,0.01646412,0.32268217,0.035018764,null,null,null,null,"TWOGAUSSIANS",8,2.4364133,0.75351185,0.01054381,0.4,0.0,0.31962952,0.028501412,0.26633266,0.009946156,0.4,0.017795522,0.2704497,0.0424364
375316653866487564,5584659324029686144,0.46410096,2242.1284474775225,1.5668303258360399,3.2354135E-5,15.1598425,0.005145308,0.24077584,0.0073392577,0.041599583,0.024313167,0.14468059,0.05272084,null,null,null,null,null,null,0.011617112,0.0051728818,0.24077584,0.0073392577,"ONEGAUSSIAN_WITH_ELLIPSOIDAL",6,129.022,0.24077584,0.0073392577,0.23295768,0.13615373,0.16791478,0.05481166,null,null,null,null,null,null
375316653866487564,5584663133661204864,0.6558736,2225.3793699264393,2.68181958413911,4.0228088E-6,17.416044,0.009211682,0.21732727,0.001273569,0.07832044,0.0019654206,0.5446443,0.0096717505,0.7197257,0.0015813264,0.07906033,0.0026311306,0.5110052,0.010045968,null,null,null,null,"TWOGAUSSIANS",8,4.4607058,0.21732727,0.001273569,0.4,0.0,0.53818214,0.008595659,0.7197257,0.0015813264,0.4,0.0,0.5045431,0.009460865
375316653866487564,5584663206679988224,0.64883107,2208.5724904826243,1.023097592847361,2.9876594E-6,16.130007,0.0028877605,0.26615825,5.792017E-4,0.029269662,5.615136E-4,0.61458296,0.015431095,0.7711025,0.0034753906,0.021010604,0.004915891,0.08218375,0.028548123,0.021041082,0.0036910023,0.26615825,5.792017E-4,"TWOGAUSSIANS_WITH_ELLIPSOIDAL_ON_ECLIPSE1",9,12.339465,0.26615825,5.792017E-4,0.1639101,0.003144476,0.6566651,0.014689844,0.7711025,0.0034753906,0.11765938,0.027528992,0.12422528,0.029947614
375316653866487564,5584665199544802176,0.50863963,2218.616077721057,1.6300868231789554,1.7679853E-5,18.618242,0.0028972947,0.5431894,0.03605309,0.11985953,0.034502733,0.019021273,0.005227752,0.6819378,0.0019599407,0.02609937,7.5804535E-4,0.7078111,0.057100676,null,null,null,null,"TWOGAUSSIANS",8,2.4797437,0.6819378,0.0019599407,0.14615647,0.004245054,0.717538,0.057973266,0.5432694,0.037275635,0.4,0.0,0.019015461,0.0052487794
375316653866487564,5584666054238313728,0.4811566,2240.143171735564,3.229023941450718,2.249541E-5,19.773281,0.012425256,0.27158386,0.008189001,0.07461962,0.007907942,0.26859602,0.036635574,0.78833747,0.0025801703,0.049105406,0.0039535,0.23112765,0.013058415,null,null,null,null,"TWOGAUSSIANS",8,2.2400494,0.27158386,0.008189001,0.4,0.009023701,0.26851535,0.036679164,0.78833747,0.0025801703,0.27499026,0.022139601,0.23104696,0.013008985
375316653866487564,5584667085035503488,0.5586578,2240.010478214698,3.4859337936619634,1.2532929E-5,19.011162,0.00902838,0.29751822,0.0034378404,0.07465084,0.0050408803,0.43687743,0.014034206,0.8015556,0.0037684045,0.07640482,0.0049292883,0.3475363,0.012724607,null,null,null,null,"TWOGAUSSIANS",8,2.1206212,0.29751822,0.0034378404,0.4,0.0,0.43390536,0.014098327,0.8015556,0.0037684045,0.4,0.0,0.3445642,0.012384725
375316653866487564,5584669872469337728,0.52360344,2216.556260088328,1.5825190979400285,1.4890027E-5,15.15146,0.0027055552,0.08481777,0.02512708,0.012484376,0.011866882,0.11295498,3.8783736,0.663577,5.4418415E-5,0.007042159,0.0013025855,0.55835974,0.17000395,0.0025075492,0.0038597216,0.08481777,0.02512708,"TWOGAUSSIANS_WITH_ELLIPSOIDAL_ON_ECLIPSE1",9,125.26133,0.663577,5.4418415E-5,0.039436087,0.007294479,0.5622437,0.16976678,0.08481777,0.02512708,0.06991251,0.066454545,0.11797008,3.878489
375316653866487564,5584671143775181312,0.5610345,2218.597904658571,3.687417984380017,1.3687073E-5,18.067703,0.03731093,0.2170697,0.005199245,0.039444637,0.01797795,0.27116728,0.065671906,0.72934335,0.002016346,0.039811008,0.00947497,0.3232215,0.07326036,0.112334475,0.044872228,0.2170697,0.005199245,"TWOGAUSSIANS_WITH_ELLIPSOIDAL_ON_ECLIPSE1",9,16.31258,0.72934335,0.002016346,0.22294164,0.053059835,0.54655683,0.027582977,0.2170697,0.005199245,0.22088996,0.10067652,0.4958361,0.06711239
375316653866487564,5584672140211962880,0.5153581,2222.854558300229,2.7190755319591995,1.3264824E-5,19.843224,0.0136872,0.28016093,0.0031489846,0.071447626,0.0049075154,0.40553695,0.017144805,0.77098745,0.0055192593,0.06003264,0.012539112,0.61989075,0.1537173,null,null,null,null,"TWOGAUSSIANS",8,1.6290528,0.77098745,0.0055192593,0.3361828,0.06837592,0.61934924,0.1549502,0.28016093,0.0031489846,0.4,0.013899878,0.40499544,0.016575795
375316653866487564,5584672483809401600,0.5670873,2246.0674629196424,0.4987050048549806,4.0980918E-5,17.90769,0.0027860422,0.3281141,0.0037042368,0.026201349,0.0031950546,0.22215918,0.012618468,0.694739,0.055172697,0.05509654,0.039973382,0.012744086,0.019334845,0.017838199,0.004285406,0.3281141,0.0037042368,"TWOGAUSSIANS_WITH_ELLIPSOIDAL_ON_ECLIPSE1",9,1.8572325,0.3281141,0.0037042368,0.14672756,0.017892305,0.25783557,0.010563134,0.806669,0.17389844,0.30854064,0.22385094,0.036651105,0.010720518
375316653866487564,5584672758687284096,0.6389226,2244.8076471741924,3.888002882888213,4.8076686E-6,16.853863,0.009499822,0.29167134,0.0013815656,0.0428773,0.0019539515,0.49237546,0.023537455,0.7886508,0.0059743715,0.04413475,0.008242958,0.42018807,0.10354174,0.12637492,0.0114022,0.29167134,0.0013815656,"TWOGAUSSIANS_WITH_ELLIPSOIDAL_ON_ECLIPSE1",9,14.140986,0.29167134,0.0013815656,0.24011289,0.010942129,0.74512506,0.011730016,0.7889108,0.0055968934,0.24715461,0.046160564,0.6728543,0.11169667
375316653866487564,5584676190360270464,0.5776631,2185.7286399944674,3.0491300216714747,4.58803E-6,19.178782,0.011940783,0.2542277,0.0020865959,0.07052994,0.003921965,0.5043485,0.021824578,0.76247275,0.0029053225,0.07949786,0.0060816496,0.49033913,0.0199775,null,null,null,null,"TWOGAUSSIANS",8,2.0825145,0.2542277,0.0020865959,0.39496765,0.015579655,0.5011539,0.022099636,0.76247275,0.0029053225,0.4,0.0,0.4871445,0.020142008
375316653866487564,5584676602677140736,0.46515623,2211.8740194957804,3.4716452031310823,1.8227021E-5,19.834875,0.016839422,0.31211433,0.013396023,0.07807615,0.0122585725,0.27253407,0.032159712,0.79420096,0.007636964,0.08513327,0.011812242,0.29728752,0.021027924,null,null,null,null,"TWOGAUSSIANS",8,2.0166187,0.79420096,0.007636964,0.4,0.0,0.29357967,0.021010432,0.31211433,0.013396023,0.4,0.020378295,0.26882625,0.031258
375316653866487564,5584677564752185984,0.51610553,2193.2588830741,3.6106049325710945,9.88917E-6,18.689001,0.025183497,0.2756375,0.0040928028,0.08707938,0.00862971,0.27579018,0.025409982,0.77558863,0.006943172,0.11641197,0.013357737,0.23734725,0.025622545,null,null,null,null,"TWOGAUSSIANS",8,2.8864512,0.2756375,0.004100285,0.4,0.0,0.2514863,0.014099944,0.77558863,0.006943172,0.4,0.0,0.21299659,0.011528432
375316653866487564,5584678045788523648,0.6275537,2198.316252418011,1.7345075636991651,1.2537696E-5,17.942862,0.007276759,0.26668525,0.0021789067,0.07097713,0.0029649327,0.4915602,0.01114906,0.77071106,0.0033259206,0.09222371,0.003064501,0.24192072,0.0078026787,null,null,null,null,"TWOGAUSSIANS",8,3.1543725,0.26668525,0.0021789067,0.39747193,0.013687726,0.48609036,0.011088669,0.77071106,0.0033259206,0.4,0.0,0.23645069,0.0069823237
375316653866487564,5584679317096464384,0.5338042,2228.627303334767,3.8805117192544523,1.276551E-5,18.558855,0.022287438,0.28965652,0.0067115687,0.094429605,0.010377388,0.25880593,0.021311898,0.7803857,0.0027701273,0.0919161,0.015785638,0.27995718,0.015774053,null,null,null,null,"TWOGAUSSIANS",8,2.9514828,0.7803857,0.0027701273,0.4,0.0,0.26710886,0.027336232,0.28965652,0.00671022,0.4,0.0,0.24595737,0.011344741
375316653866487564,5584680828925003776,0.5715439,2182.404510050693,3.2193766031636333,1.0593308E-5,18.820105,0.011172556,0.26530403,0.004174589,0.07592158,0.004660459,0.5662303,0.018730035,0.76905876,0.003496264,0.08079401,0.003987537,0.5402325,0.014274711,null,null,null,null,"TWOGAUSSIANS",8,3.6839025,0.26530403,0.004174589,0.4,0.0,0.55992746,0.019284246,0.76905876,0.003496264,0.4,0.0,0.53392965,0.013428234
375316653866487564,5584681589140768000,0.4539696,2199.8684664944076,3.4465587392672403,3.2223914E-5,15.635234,0.004686659,0.26346222,0.006811306,0.04691778,0.029200708,0.012637392,0.105789304,0.6615287,0.017251013,0.018639535,0.0077318796,0.07110299,0.074827306,0.054885525,0.007180363,0.26346222,0.006811306,"TWOGAUSSIANS_WITH_ELLIPSOIDAL_ON_ECLIPSE1",9,96.18996,0.6647687,0.016357407,0.1043814,0.043298528,0.14273761,0.078801356,0.26346222,0.006811306,0.26273957,0.16352397,0.12240843,0.10548871
375316653866487564,5584681623500501888,0.45117617,2212.57698762651,4.472079600234861,8.705124E-5,16.950438,0.0038335975,0.4332362,0.011335243,0.16562665,0.023888092,0.052052494,0.0058670365,0.7764703,0.0032400908,0.018061593,0.00617829,0.025169348,0.0087175295,null,null,null,null,"TWOGAUSSIANS",8,7.148848,0.4332362,0.011335243,0.4,0.0,0.050959717,0.00651207,0.7764703,0.0032400908,0.10114492,0.034598425,0.030176373,0.008903562
375316653866487564,5584682963529878272,0.56087834,2203.4520166408156,3.548618060079544,1.2439059E-5,16.769547,0.001914294,0.23140655,0.005101775,0.08474265,0.0042398977,0.12785828,0.0034207534,0.7296889,0.0034025894,0.071581125,0.003516635,0.108236164,0.0030287432,null,null,null,null,"TWOGAUSSIANS",8,4.155157,0.23140655,0.005101775,0.4,0.0,0.12648933,0.003308144,0.7296889,0.0034025894,0.4,0.0093092825,0.10686722,0.0028154517
375316653866487564,5584683955663646464,0.5254127,2192.995015397609,3.070349966354284,1.7933333E-5,19.738207,0.01043396,0.25225094,0.004964057,0.06629871,0.006406474,0.54435843,0.034656864,0.7703543,0.0037377425,0.06910289,0.0040375744,0.50702465,0.03368788,null,null,null,null,"TWOGAUSSIANS",8,2.1124585,0.25225094,0.004964057,0.37127274,0.03429212,0.5436637,0.03490508,0.7703543,0.0037377425,0.38697618,0.022481276,0.5063299,0.03387769
375316653866487564,5584685952827155072,0.6112172,2249.156255119868,0.39059585055037294,1.21232015E-5,14.8274145,0.004051472,0.3372885,0.0015776035,0.025708783,0.003062182,1.9374664,0.4996449,null,null,null,null,null,null,0.032492463,0.0068533816,0.3372885,0.0015776035,"ONEGAUSSIAN_WITH_ELLIPSOIDAL",6,213.17467,0.3372885,0.0015776035,0.14396918,0.017148219,2.0024512,0.50674784,null,null,null,null,null,null
375316653866487564,5584686841881837184,0.5025935,2240.610327422171,0.581426485118792,9.134491E-6,18.421383,0.006036754,0.166057,0.007853174,0.03429356,0.004791931,0.28562483,0.03607293,0.66924363,0.00876322,0.05182232,0.006252708,0.10986644,0.014490614,null,null,null,null,"TWOGAUSSIANS",8,4.4024577,0.166057,0.007853174,0.19204393,0.026834812,0.2856248,0.036072873,0.66924363,0.00876322,0.290205,0.035015162,0.109866425,0.014490614
375316653866487564,5584687529077793792,0.4746355,2239.669492210914,1.1223899941275435,3.9764716E-5,18.813982,0.005777286,0.33199733,0.0038052853,0.026657626,0.002987999,0.29749903,0.09019543,0.7955524,0.010348271,0.048239995,0.008056254,0.28948668,0.109202765,null,null,null,null,"TWOGAUSSIANS",8,4.559297,0.33199733,0.0038052853,0.14928271,0.016732793,0.29749903,0.09019543,0.7955524,0.010348271,0.27014396,0.04511502,0.28948668,0.109202765
375316653866487564,5584688937825850240,0.5697323,2213.7783511428647,1.0581291891176678,8.35065E-6,18.12578,0.012251889,0.2691673,0.0024553498,0.049606852,0.0039992696,0.291249,0.028822657,0.7677283,0.0049449014,0.045264058,0.010944161,0.13786036,0.02847535,0.051149543,0.015929371,0.2691673,0.0024553498,"TWOGAUSSIANS_WITH_ELLIPSOIDAL_ON_ECLIPSE1",9,3.7794087,0.2691673,0.0024553498,0.27779835,0.02239591,0.3935471,0.013063657,0.76787835,0.0044294335,0.25347874,0.0612873,0.24015099,0.024276175
375316653866487564,5584689453222036864,0.6044119,2234.155737044344,0.17980312831507253,7.0157093E-6,16.04546,0.0064645335,0.33912805,0.0023853723,0.018687688,0.010077362,0.019125512,0.004434196,0.8417539,0.036900084,0.016851338,0.16053577,0.31834525,0.29811028,0.045291424,0.002932291,0.33912805,0.0023853723,"TWOGAUSSIANS_WITH_ELLIPSOIDAL_ON_ECLIPSE1",9,6.1255374,0.8417539,0.036900084,0.0943675,0.29900953,0.40890345,0.30799782,0.33912805,0.002453674,0.104651056,0.05643323,0.109708354,0.0059642526
375316653866487564,5584690453952372352,0.5333646,2222.041410507596,1.496238835906462,4.9566595E-5,17.21121,0.0017590999,0.2358039,0.0024364346,0.02385757,0.0019809492,0.11760827,0.0061303694,0.73224866,0.007993668,0.034748573,0.0041024266,0.16879955,0.008080984,null,null,null,null,"TWOGAUSSIANS",8,3.348429,0.73224866,0.007993668,0.194592,0.02297359,0.16879955,0.008080984,0.2358039,0.0024364346,0.1336024,0.011093316,0.11760827,0.0061303694
375316653866487564,5584692378098647040,0.52888703,2200.8257149981646,3.0132266449049085,2.5945892E-5,17.162941,0.0075112716,0.26725113,0.0039912905,0.058674257,0.009140029,0.1417205,0.023213726,0.75629866,0.013018139,0.027870266,0.0079850685,0.10140523,0.02915176,0.08714677,0.010636493,0.26725113,0.0039912905,"TWOGAUSSIANS_WITH_ELLIPSOIDAL_ON_ECLIPSE1",9,18.777306,0.26725113,0.0039912905,0.32857582,0.05118416,0.31599775,0.017469464,0.7573387,0.010196141,0.15607348,0.04471638,0.27493668,0.018933812
