Gaia/vari_eclipsing_binary/VariEclipsingBinary_665077-665101.csv
# %ECSV 1.0
# ---
# delimiter: ','
# meta: !!omap
# - RELEASE: Gaia DR3
# - TABLE: vari_eclipsing_binary
# - DESCRIPTION: >
#     This table describes the properties of the eclipsing binaries resulting from the variability analysis. 
# - CITATION: >
#     How to cite and acknowledge Gaia: 
#     https://gea.esac.esa.int/archive/documentation/credits.html 
# - KNOWN_ISSUES: >
#     Known issues: 
#     https://www.cosmos.esa.int/web/gaia-users/known-issues 
# - DOCUMENTATION: >
#     Tutorials and documentation: 
#     https://www.cosmos.esa.int/web/gaia-users/archive 
# datatype:
# - 
#   name: solution_id
#   datatype: int64
#   description: Solution Identifier
#   meta:
#     ucd: meta.version
# - 
#   name: source_id
#   datatype: int64
#   description: Unique source identifier
#   meta:
#     ucd: meta.id;meta.main
# - 
#   name: global_ranking
#   datatype: float32
#   description: Number between 0 (worst) and 1 (best)
#   meta:
#     ucd: stat.param
# - 
#   name: reference_time
#   datatype: float64
#   unit: d
#   description: Reference time used for the geometric model fit
#   meta:
#     ucd: time.epoch
# - 
#   name: frequency
#   datatype: float64
#   unit: d**-1
#   description: Frequency of geometric model of the eclipsing binary light curve
#   meta:
#     ucd: src.orbital
# - 
#   name: frequency_error
#   datatype: float32
#   unit: d**-1
#   description: "Uncertainty of \\texttt{frequency}"
#   meta:
#     ucd: stat.error
# - 
#   name: geom_model_reference_level
#   datatype: float32
#   unit: mag
#   description: Magnitude reference level of geometric model
#   meta:
#     ucd: phot.mag;em.opt
# - 
#   name: geom_model_reference_level_error
#   datatype: float32
#   unit: mag
#   description: "Uncertainty of \\texttt{geomModelReferenceLevel}"
#   meta:
#     ucd: stat.error;phot.mag;em.opt
# - 
#   name: geom_model_gaussian1_phase
#   datatype: float32
#   description: Phase of the Gaussian 1 component
#   meta:
#     ucd: time.phase
# - 
#   name: geom_model_gaussian1_phase_error
#   datatype: float32
#   description: "Uncertainty of \\texttt{geomModelGaussian1Phase}"
#   meta:
#     ucd: stat.error;time.phase
# - 
#   name: geom_model_gaussian1_sigma
#   datatype: float32
#   description: "Standard deviation [phase] of Gaussian 1 component"
#   meta:
#     ucd: stat.stdev
# - 
#   name: geom_model_gaussian1_sigma_error
#   datatype: float32
#   description: "Uncertainty of \\texttt{geomModelGaussian1Sigma}"
#   meta:
#     ucd: stat.error
# - 
#   name: geom_model_gaussian1_depth
#   datatype: float32
#   unit: mag
#   description: Magnitude depth of Gaussian 1 component
#   meta:
#     ucd: src.var.amplitude
# - 
#   name: geom_model_gaussian1_depth_error
#   datatype: float32
#   unit: mag
#   description: "Uncertainty of \\texttt{geomModelGaussian1Depth}"
#   meta:
#     ucd: stat.error;src.var.amplitude
# - 
#   name: geom_model_gaussian2_phase
#   datatype: float32
#   description: Phase of Gaussian 2 component
#   meta:
#     ucd: time.phase
# - 
#   name: geom_model_gaussian2_phase_error
#   datatype: float32
#   description: "Uncertainty of \\texttt{geomModelGaussian2Phase}"
#   meta:
#     ucd: stat.error;time.phase
# - 
#   name: geom_model_gaussian2_sigma
#   datatype: float32
[...]
#   datatype: float32
#   description: "Secondary eclipse: uncertainty of \\texttt{derivedSecondaryEclDuration}"
#   meta:
#     ucd: stat.error;time.duration
# - 
#   name: derived_secondary_ecl_depth
#   datatype: float32
#   unit: mag
#   description: "Secondary eclipse: depth"
#   meta:
#     ucd: src.var.amplitude
# - 
#   name: derived_secondary_ecl_depth_error
#   datatype: float32
#   unit: mag
#   description: "Secondary eclipse: uncertainty of \\texttt{derivedSecondaryEclDepth}"
#   meta:
#     ucd: stat.error;src.var.amplitude
solution_id,source_id,global_ranking,reference_time,frequency,frequency_error,geom_model_reference_level,geom_model_reference_level_error,geom_model_gaussian1_phase,geom_model_gaussian1_phase_error,geom_model_gaussian1_sigma,geom_model_gaussian1_sigma_error,geom_model_gaussian1_depth,geom_model_gaussian1_depth_error,geom_model_gaussian2_phase,geom_model_gaussian2_phase_error,geom_model_gaussian2_sigma,geom_model_gaussian2_sigma_error,geom_model_gaussian2_depth,geom_model_gaussian2_depth_error,geom_model_cosine_half_period_amplitude,geom_model_cosine_half_period_amplitude_error,geom_model_cosine_half_period_phase,geom_model_cosine_half_period_phase_error,model_type,num_model_parameters,reduced_chi2,derived_primary_ecl_phase,derived_primary_ecl_phase_error,derived_primary_ecl_duration,derived_primary_ecl_duration_error,derived_primary_ecl_depth,derived_primary_ecl_depth_error,derived_secondary_ecl_phase,derived_secondary_ecl_phase_error,derived_secondary_ecl_duration,derived_secondary_ecl_duration_error,derived_secondary_ecl_depth,derived_secondary_ecl_depth_error
[from data line 106]
375316653866487564,5850108162929192576,0.46510974,2307.475264383447,3.187944066333958,1.7010969E-5,19.563055,0.022043249,0.22200455,0.006079703,0.08434537,0.009300233,0.3026049,0.026426569,0.72360176,0.006736464,0.08893262,0.012982701,0.29942152,0.029569676,null,null,null,null,"TWOGAUSSIANS",8,3.771568,0.22200455,0.006079703,0.4,0.0,0.29348972,0.023107879,0.72360176,0.006736464,0.4,0.0,0.29030624,0.030289961
375316653866487564,5850108300320220160,0.5093544,2287.8096523669033,3.340067603274057,7.1326176E-6,18.57597,0.0064687305,0.19752291,0.0032979215,0.07613467,0.0048235557,0.26439193,0.009211955,0.68966544,0.0028663233,0.07672231,0.0035218815,0.28320393,0.009050891,null,null,null,null,"TWOGAUSSIANS",8,4.9810944,0.68966544,0.0028663233,0.4,0.0,0.28100958,0.0087339245,0.19752291,0.0032979215,0.4,0.0,0.2621976,0.009147428
375316653866487564,5850108330351023104,0.5830045,2290.0372887702542,1.3641515114337657,3.4168997E-6,15.275423,0.011911232,0.26807374,0.0012731266,0.068907805,0.0059558977,0.19406755,0.023930425,0.76884896,0.0018978147,0.054735877,0.005745542,0.23133403,0.021807708,0.0933397,0.013297547,0.26807374,0.0012731266,"TWOGAUSSIANS_WITH_ELLIPSOIDAL_ON_ECLIPSE1",9,48.451836,0.76884896,0.0018978147,0.3065209,0.032175034,0.4177384,0.0084498115,0.26807374,0.0012731266,0.38588372,0.033353027,0.38047636,0.011047304
375316653866487564,5850108609606046720,0.4401349,2277.324817470877,1.9734575894203426,2.9474802E-5,14.548028,0.05821982,0.24053404,0.010336559,0.20082717,0.08121728,0.28503472,0.11286444,0.74579024,0.010108868,0.20641088,0.08934219,0.32698643,0.09394855,null,null,null,null,"TWOGAUSSIANS",8,33.460888,0.74979025,0.008660541,0.4,0.0,0.06960471,0.005115396,0.23376404,0.009916113,0.4,0.0,0.036780637,0.004320272
375316653866487564,5850108708308224768,0.40511015,2291.8061303249506,0.47800831019466117,9.859926E-6,14.977701,0.0061346507,0.3822596,0.00447242,0.022569116,0.0029183778,0.46839067,0.060327657,0.89783823,0.003942898,0.015138615,0.0020235088,0.75895435,0.14975852,null,null,null,null,"TWOGAUSSIANS",8,146.5096,0.89783823,0.003942898,0.084776245,0.0113316495,0.75895435,0.14975852,0.3822596,0.00447242,0.12638706,0.016342916,0.46839067,0.060327657
375316653866487564,5850109154984802304,0.6259833,2268.2838446740648,1.0484214314506646,2.6116466E-6,14.771067,0.010380043,0.25712872,0.0032437495,0.10308447,0.0059594484,0.19816361,0.010764403,0.74116844,8.6454995E-4,0.080959134,0.0027009402,0.4819411,0.008297067,null,null,null,null,"TWOGAUSSIANS",8,74.64875,0.74116844,8.6454995E-4,0.4,0.0,0.47076902,0.0058588507,0.25712872,0.0032437495,0.4,0.0,0.1869876,0.0076914695
375316653866487564,5850109193671472768,0.49359146,2282.007411468129,2.7364764454435937,1.2519696E-5,19.716429,0.03360614,0.2451437,0.004129889,0.09736624,0.008780354,0.40455496,0.0332841,0.7429149,0.0046596415,0.10144002,0.012783884,0.40439603,0.027749076,null,null,null,null,"TWOGAUSSIANS",8,2.3617787,0.2451437,0.004129889,0.4,0.0,0.37129122,0.017442308,0.7429149,0.0046596415,0.4,0.0,0.3711295,0.0217401
375316653866487564,5850110087024411776,0.4996864,2252.1324586441415,2.9034246657968543,7.239141E-6,19.469902,0.01725831,0.30589452,0.002731758,0.09012183,0.0063702874,0.33732495,0.016451843,0.81337833,0.004429152,0.09896384,0.009872675,0.22190982,0.016437948,null,null,null,null,"TWOGAUSSIANS",8,1.653815,0.30589452,0.002731758,0.4,0.0,0.32263735,0.013018429,0.81337833,0.004429152,0.4,0.0,0.20722103,0.012127405
375316653866487564,5850110087024443904,0.4127973,2302.7561967542256,0.6936514860166294,1.6467164E-5,18.263891,0.0048735416,0.4918066,0.003265823,0.006058207,0.0021748284,0.1396676,0.06798095,0.75623965,0.005117951,0.031500958,0.003403549,0.1313307,0.011379436,null,null,null,null,"TWOGAUSSIANS",8,8.435164,0.4918066,0.003265823,0.033925958,0.012179039,0.1396676,0.06798095,0.75623965,0.005117951,0.17640536,0.019059876,0.1313307,0.011379436
375316653866487564,5850110155743940480,0.4661663,2297.4131314497113,0.7038731264614073,8.952587E-6,18.681883,0.007287316,0.19743437,0.005464021,0.02658074,0.011748088,0.12584923,0.038338922,0.70667094,0.0042737504,0.017657753,0.003003325,0.31105882,0.032316897,0.018606324,0.010721242,0.19743437,0.005464021,"TWOGAUSSIANS_WITH_ELLIPSOIDAL_ON_ECLIPSE1",9,7.29879,0.70667094,0.0042737504,0.09888342,0.01681862,0.34814626,0.03248962,0.19743437,0.005464021,0.14885214,0.06578929,0.16306189,0.04486072
375316653866487564,5850110361952475136,0.48611248,2267.511569012318,1.1183360507577198,1.4075353E-5,17.74286,0.043097306,0.26867974,0.004159055,0.10207303,0.02432612,0.09383133,0.038991377,0.77656907,0.009232293,0.12206527,0.050997194,0.06653982,0.04389674,null,null,null,null,"TWOGAUSSIANS",8,2.3984482,0.26864976,0.004206868,0.4,0.0,0.082062416,0.0031871183,0.77656907,0.009222704,0.4,0.0,0.054740883,0.0044123805
375316653866487564,5850110465031492096,0.54181594,2278.2595509837283,0.5442165947978883,3.2624584E-6,15.447969,4.2698145E-4,0.275651,0.01596755,0.021471694,0.00816675,0.023664298,0.006130386,0.7718635,6.0112483E-4,0.020741025,9.465856E-4,0.119454585,0.006556256,null,null,null,null,"TWOGAUSSIANS",8,3.7844756,0.7718635,6.0112483E-4,0.11614974,0.0053008795,0.119454585,0.006556256,0.275651,0.01596755,0.120241486,0.0457338,0.023664298,0.006130386
375316653866487564,5850110568110914688,0.58628124,2271.7551538695698,0.8350516833234055,3.551578E-6,15.418994,6.0340716E-4,0.07821932,0.007366133,0.01412104,0.006753987,0.008448969,0.0076244418,0.72960395,0.0010733814,0.051258154,0.0029280204,0.07899862,0.006035323,0.040174745,7.6884206E-4,0.72960395,0.0010733814,"TWOGAUSSIANS_WITH_ELLIPSOIDAL_ON_ECLIPSE2",9,7.929455,0.72960395,0.0010733814,0.28704566,0.016396914,0.15934752,0.0059838137,0.22959931,0.14790702,0.079077825,0.03782233,0.08034891,0.037774295
375316653866487564,5850110976072037120,0.48212242,2285.9060147478567,1.3955383486192763,9.35338E-6,18.151035,0.006619742,0.26772135,0.004179958,0.09211091,0.0062750047,0.15580891,0.008493935,0.76775384,0.0031086106,0.08819035,0.006082777,0.14227001,0.007154383,null,null,null,null,"TWOGAUSSIANS",8,4.3102765,0.26772135,0.004179958,0.4,0.0,0.14943969,0.008017127,0.76775384,0.0031086106,0.4,0.0,0.13590088,0.0059892777
375316653866487564,5850111049147023232,0.45911297,2293.500570219605,3.307614133133915,1.9997447E-5,19.846735,0.01877122,0.28163117,0.009507298,0.08692914,0.010678244,0.24712552,0.027034644,0.76433945,0.009386702,0.08338075,0.011555308,0.29991776,0.026539542,null,null,null,null,"TWOGAUSSIANS",8,2.8729327,0.76433945,0.009386702,0.4,0.0,0.29453048,0.02374042,0.28163117,0.009507298,0.4,0.0,0.24173819,0.024540506
375316653866487564,5850111598853289984,0.49583954,2260.6405918533637,3.0127081896869257,7.746499E-6,19.599417,0.01031328,0.27740434,0.0057682246,0.09192612,0.008721632,0.22166558,0.012900468,0.77743345,0.0030428262,0.08515194,0.0058431434,0.26606217,0.010554321,null,null,null,null,"TWOGAUSSIANS",8,1.3006012,0.77743345,0.0030428262,0.4,0.0,0.25709736,0.008552127,0.27740434,0.0057682246,0.4,0.0,0.2127006,0.011781535
375316653866487564,5850112045530188032,0.47226855,2281.8361343497086,2.6092955558610997,1.5784019E-5,19.375376,0.025951946,0.24479878,0.00464177,0.11295139,0.013338205,0.25150183,0.023434715,0.7441913,0.0068183946,0.09227833,0.013031851,0.24848258,0.025751483,null,null,null,null,"TWOGAUSSIANS",8,3.4656782,0.24479878,0.00464177,0.4,0.0,0.22611584,0.011166423,0.7441913,0.006824245,0.4,0.0,0.22312436,0.014195391
375316653866487564,5850112423536627968,0.6518303,2262.3931061612457,1.8825309026343358,1.8791434E-6,15.521714,0.0032600784,0.18037577,6.8016537E-4,0.06449281,0.0023550126,0.11799809,0.0072545,0.6813969,0.0023972788,0.048627444,0.0037956147,0.082328364,0.0073396647,0.07084663,0.0042579155,0.18037577,6.8016537E-4,"TWOGAUSSIANS_WITH_ELLIPSOIDAL_ON_ECLIPSE1",9,7.3809495,0.18037577,6.8016537E-4,0.36115974,0.01318807,0.25962737,0.0026062469,0.6813969,0.0022854817,0.27231368,0.021255441,0.22395182,0.0030208994
375316653866487564,5850112664006377216,0.49300578,2323.0231810368523,2.6503261358457397,1.4708937E-5,19.58545,0.011882457,0.21283594,0.005095477,0.069326475,0.0070863753,0.49249348,0.07640965,0.7234427,0.005048707,0.08520002,0.0058934214,0.49156818,0.042624746,null,null,null,null,"TWOGAUSSIANS",8,3.0338225,0.21283594,0.005095477,0.38822827,0.031706676,0.48832953,0.07783805,0.7234427,0.005048707,0.4,0.0,0.4874042,0.04328467
375316653866487564,5850112904573221888,0.5581758,2305.9376123146917,1.2218737155653538,8.13113E-6,18.20074,0.002109828,0.1436418,0.00815112,0.042745035,0.005438683,0.059305508,0.0048323073,0.6428869,0.0020573465,0.044900287,0.0036229885,0.29202524,0.006290287,null,null,null,null,"TWOGAUSSIANS",8,2.6156604,0.6428869,0.0020573465,0.2514416,0.020288736,0.2920252,0.0062903105,0.1436418,0.00815112,0.23937221,0.030456627,0.059305485,0.0048323013
375316653866487564,5850113007652439040,0.4972017,2291.44771193058,0.41564242182086664,1.2505944E-5,15.696288,0.0013032496,0.21600549,0.005072879,0.012732599,0.005546732,0.12957323,0.00679428,0.71309483,0.0033776269,0.015095368,0.003183585,0.08475816,0.011109036,0.0024882783,0.0023595328,0.21600549,0.005072879,"TWOGAUSSIANS_WITH_ELLIPSOIDAL_ON_ECLIPSE1",9,23.701208,0.21600549,0.005072879,0.071302556,0.0310617,0.13454978,0.006999883,0.71309483,0.0033775321,0.084534064,0.017828075,0.08973306,0.010884966
375316653866487564,5850113213762324352,0.5813596,2288.9061856505778,2.6866628260149636,4.8618153E-6,18.754267,0.0077411225,0.25908202,0.0017200488,0.046316154,0.0034010066,0.3148284,0.024455309,0.7606873,0.0031274445,0.051611774,0.0036744843,0.24300687,0.020460624,0.11163063,0.011809454,0.25908202,0.0017200488,"TWOGAUSSIANS_WITH_ELLIPSOIDAL_ON_ECLIPSE1",9,3.648435,0.25908202,0.0017200488,0.25937048,0.019045636,0.5380872,0.016749414,0.7606873,0.003122364,0.28902593,0.020577112,0.46624297,0.0104906745
375316653866487564,5850113965368872320,0.57561207,2281.7839857656527,2.5655032854618485,4.6238165E-6,19.074804,0.021189265,0.27517378,0.0021183514,0.044330757,0.005583633,0.39548698,0.045540858,0.7778258,0.0030566996,0.055111933,0.0061417795,0.43051946,0.047044538,0.11787591,0.026278498,0.27517378,0.0021183514,"TWOGAUSSIANS_WITH_ELLIPSOIDAL_ON_ECLIPSE1",9,3.8877451,0.7778258,0.0030566996,0.30862683,0.034393966,0.66619253,0.0355291,0.27517378,0.0021183514,0.24825224,0.031268347,0.6312255,0.020850118
375316653866487564,5850114553794153728,0.513751,2302.236366255508,2.388137603471204,6.0614725E-6,19.608372,0.012650555,0.20614791,0.0027788696,0.075883694,0.0062588085,0.5505587,0.048783667,0.7093316,0.005970221,0.06120158,0.006435208,0.30497018,0.019562066,null,null,null,null,"TWOGAUSSIANS",8,3.6345,0.20614791,0.0027788696,0.4,0.0,0.5495621,0.049365062,0.7093316,0.005970221,0.34272885,0.036037166,0.3039736,0.01928124
375316653866487564,5850114553841131392,0.49812928,2289.4289522809877,0.10735924673366165,2.1230742E-5,16.925098,7.2442123E-4,0.11043187,0.008938506,0.0119522,0.010824782,0.029302469,0.018055493,0.72295666,0.007060812,0.012806614,0.0048859804,0.1132776,0.013777771,null,null,null,null,"TWOGAUSSIANS",8,2.3992794,0.72295666,0.007060812,0.07171704,0.027361492,0.1132776,0.013777771,0.11043187,0.008938506,0.06693232,0.06061878,0.029302469,0.018055493
375316653866487564,5850114656873393280,0.47985998,2249.2231184438065,4.5314512287260635,1.1338203E-5,19.681217,0.0376324,0.26816773,0.010076266,0.1058724,0.02579864,0.26339754,0.027410338,0.78225255,0.004770924,0.0956444,0.012018666,0.31274766,0.036171116,null,null,null,null,"TWOGAUSSIANS",8,2.2680447,0.78226256,0.004778731,0.4,0.0,0.2907491,0.017274318,0.26816773,0.010076266,0.4,0.0,0.24139091,0.025883932
375316653866487564,5850114966166306944,0.43904203,2287.804574240581,1.0351398747973561,3.445174E-5,19.1064,0.014743145,0.2622494,0.01818217,0.026152618,0.0129851885,0.13723028,0.079080716,0.75432813,0.0065567805,0.033980552,0.008899611,0.7195324,0.11371876,0.036180295,0.017001716,0.2622494,0.01818217,"TWOGAUSSIANS_WITH_ELLIPSOIDAL_ON_ECLIPSE1",9,36.71408,0.75439817,0.0064589935,0.1902911,0.049837824,0.7917153,0.11820423,0.2622494,0.01818217,0.14645466,0.072717056,0.2095907,0.07607998
375316653866487564,5850115271018505856,0.57514304,2271.1694386223035,0.8512517785854737,8.066933E-6,18.061543,0.0017526831,0.30557352,0.0019113114,0.037563358,0.0012367048,0.52004564,0.014057144,0.80590373,0.0024419008,0.04479463,0.0026645253,0.0914083,0.0038532387,null,null,null,null,"TWOGAUSSIANS",8,2.455769,0.30557352,0.0019113114,0.2103548,0.006925547,0.52004564,0.014057144,0.80590373,0.0024419008,0.25084993,0.014921341,0.09140829,0.0038532398
375316653866487564,5850115447147434240,0.57405674,2287.86562942633,2.944766645502392,4.3965756E-6,19.016453,0.011103008,0.26194263,0.0021596253,0.050892614,0.0042004515,0.3756635,0.023441322,0.7657074,0.0018135444,0.048423197,0.0034701887,0.3018821,0.025971044,0.09981052,0.01416394,0.26194263,0.0021596253,"TWOGAUSSIANS_WITH_ELLIPSOIDAL_ON_ECLIPSE1",9,3.6794589,0.26194263,0.0021596253,0.28499863,0.023522528,0.57528156,0.013338546,0.7657074,0.0018135444,0.2711699,0.019433057,0.5013885,0.017687665
375316653866487564,5850115722072288640,0.57024986,2270.2699432324594,2.1365747277035454,4.53781E-6,15.414173,0.0020886555,0.23378804,0.0026119226,0.03708884,0.0069199745,0.021455333,0.005663028,0.7323385,0.0035940984,0.06784367,0.003992671,0.07849831,0.004985711,0.030890508,0.0023702357,0.23378804,0.0026119226,"TWOGAUSSIANS_WITH_ELLIPSOIDAL_ON_ECLIPSE1",9,9.178922,0.7326585,0.0026828223,0.37992454,0.022358958,0.14019537,0.0030802113,0.23378804,0.0026119226,0.20769753,0.03875186,0.083156385,0.004109584
375316653866487564,5850116684145258368,0.64879775,2286.5475989887336,3.01567419404711,2.2609754E-6,16.719976,0.006048762,0.2432078,0.0014327082,0.054848146,0.0020841637,0.4000714,0.013268435,0.74775267,7.324759E-4,0.046810277,0.0020618064,0.35900196,0.013213234,0.11824868,0.007636595,0.74775267,7.324759E-4,"TWOGAUSSIANS_WITH_ELLIPSOIDAL_ON_ECLIPSE2",9,13.502299,0.2437678,0.0012334374,0.30714962,0.011671317,0.63639027,0.007556416,0.74775267,7.324759E-4,0.26213756,0.011546115,0.59548986,0.0067213434
375316653866487564,5850117096416621696,0.5585689,2286.4038204138637,3.2317936967744334,3.7667392E-6,17.799635,0.0078106737,0.24726865,0.0024128596,0.08000595,0.0036985297,0.41085383,0.011944977,0.73003244,0.0023224151,0.08388093,0.0029396168,0.49064636,0.013285786,null,null,null,null,"TWOGAUSSIANS",8,13.080575,0.73003244,0.0023224151,0.4,0.0,0.48446557,0.013101039,0.24726865,0.0024128596,0.4,0.0,0.40467307,0.012091492
375316653866487564,5850117096416646528,0.46356684,2330.172916815779,2.0546479260342543,1.6371318E-5,19.977648,0.043084085,0.28581503,0.0068118623,0.038359854,0.00934825,0.3705102,0.081555,0.7638439,0.006759664,0.06763566,0.06803682,0.23479703,0.17174895,0.1363756,0.04482758,0.7638439,0.006759664,"TWOGAUSSIANS_WITH_ELLIPSOIDAL_ON_ECLIPSE2",9,6.6995482,0.28409502,0.0061292383,0.21481518,0.052350197,0.63824683,0.057941657,0.7638439,0.006759664,0.37875974,0.25140423,0.5072981,0.21220127
375316653866487564,5850117096462144640,0.5772315,2269.0490516830096,0.19464343395702713,3.5158855E-6,17.27713,0.0014509385,0.13782747,0.0028415301,0.016200311,0.002357671,0.31119767,0.018824076,0.54361147,8.518948E-4,0.017199187,7.717934E-4,0.36217952,0.01784789,null,null,null,null,"TWOGAUSSIANS",8,7.143006,0.54361147,8.518948E-4,0.09631544,0.004322043,0.36217952,0.01784789,0.13782747,0.0028415301,0.09072174,0.013202958,0.31119767,0.018824076
