Gaia/vari_eclipsing_binary/VariEclipsingBinary_662598-662653.csv
# %ECSV 1.0
# ---
# delimiter: ','
# meta: !!omap
# - RELEASE: Gaia DR3
# - TABLE: vari_eclipsing_binary
# - DESCRIPTION: >
#     This table describes the properties of the eclipsing binaries resulting from the variability analysis. 
# - CITATION: >
#     How to cite and acknowledge Gaia: 
#     https://gea.esac.esa.int/archive/documentation/credits.html 
# - KNOWN_ISSUES: >
#     Known issues: 
#     https://www.cosmos.esa.int/web/gaia-users/known-issues 
# - DOCUMENTATION: >
#     Tutorials and documentation: 
#     https://www.cosmos.esa.int/web/gaia-users/archive 
# datatype:
# - 
#   name: solution_id
#   datatype: int64
#   description: Solution Identifier
#   meta:
#     ucd: meta.version
# - 
#   name: source_id
#   datatype: int64
#   description: Unique source identifier
#   meta:
#     ucd: meta.id;meta.main
# - 
#   name: global_ranking
#   datatype: float32
#   description: Number between 0 (worst) and 1 (best)
#   meta:
#     ucd: stat.param
# - 
#   name: reference_time
#   datatype: float64
#   unit: d
#   description: Reference time used for the geometric model fit
#   meta:
#     ucd: time.epoch
# - 
#   name: frequency
#   datatype: float64
#   unit: d**-1
#   description: Frequency of geometric model of the eclipsing binary light curve
#   meta:
#     ucd: src.orbital
# - 
#   name: frequency_error
#   datatype: float32
#   unit: d**-1
#   description: "Uncertainty of \\texttt{frequency}"
#   meta:
#     ucd: stat.error
# - 
#   name: geom_model_reference_level
#   datatype: float32
#   unit: mag
#   description: Magnitude reference level of geometric model
#   meta:
#     ucd: phot.mag;em.opt
# - 
#   name: geom_model_reference_level_error
#   datatype: float32
#   unit: mag
#   description: "Uncertainty of \\texttt{geomModelReferenceLevel}"
#   meta:
#     ucd: stat.error;phot.mag;em.opt
# - 
#   name: geom_model_gaussian1_phase
#   datatype: float32
#   description: Phase of the Gaussian 1 component
#   meta:
#     ucd: time.phase
# - 
#   name: geom_model_gaussian1_phase_error
#   datatype: float32
#   description: "Uncertainty of \\texttt{geomModelGaussian1Phase}"
#   meta:
#     ucd: stat.error;time.phase
# - 
#   name: geom_model_gaussian1_sigma
#   datatype: float32
#   description: "Standard deviation [phase] of Gaussian 1 component"
#   meta:
#     ucd: stat.stdev
# - 
#   name: geom_model_gaussian1_sigma_error
#   datatype: float32
#   description: "Uncertainty of \\texttt{geomModelGaussian1Sigma}"
#   meta:
#     ucd: stat.error
# - 
#   name: geom_model_gaussian1_depth
#   datatype: float32
#   unit: mag
#   description: Magnitude depth of Gaussian 1 component
#   meta:
#     ucd: src.var.amplitude
# - 
#   name: geom_model_gaussian1_depth_error
#   datatype: float32
#   unit: mag
#   description: "Uncertainty of \\texttt{geomModelGaussian1Depth}"
#   meta:
#     ucd: stat.error;src.var.amplitude
# - 
#   name: geom_model_gaussian2_phase
#   datatype: float32
#   description: Phase of Gaussian 2 component
#   meta:
#     ucd: time.phase
# - 
#   name: geom_model_gaussian2_phase_error
#   datatype: float32
#   description: "Uncertainty of \\texttt{geomModelGaussian2Phase}"
#   meta:
#     ucd: stat.error;time.phase
# - 
#   name: geom_model_gaussian2_sigma
#   datatype: float32
[...]
#   datatype: float32
#   description: "Secondary eclipse: uncertainty of \\texttt{derivedSecondaryEclDuration}"
#   meta:
#     ucd: stat.error;time.duration
# - 
#   name: derived_secondary_ecl_depth
#   datatype: float32
#   unit: mag
#   description: "Secondary eclipse: depth"
#   meta:
#     ucd: src.var.amplitude
# - 
#   name: derived_secondary_ecl_depth_error
#   datatype: float32
#   unit: mag
#   description: "Secondary eclipse: uncertainty of \\texttt{derivedSecondaryEclDepth}"
#   meta:
#     ucd: stat.error;src.var.amplitude
solution_id,source_id,global_ranking,reference_time,frequency,frequency_error,geom_model_reference_level,geom_model_reference_level_error,geom_model_gaussian1_phase,geom_model_gaussian1_phase_error,geom_model_gaussian1_sigma,geom_model_gaussian1_sigma_error,geom_model_gaussian1_depth,geom_model_gaussian1_depth_error,geom_model_gaussian2_phase,geom_model_gaussian2_phase_error,geom_model_gaussian2_sigma,geom_model_gaussian2_sigma_error,geom_model_gaussian2_depth,geom_model_gaussian2_depth_error,geom_model_cosine_half_period_amplitude,geom_model_cosine_half_period_amplitude_error,geom_model_cosine_half_period_phase,geom_model_cosine_half_period_phase_error,model_type,num_model_parameters,reduced_chi2,derived_primary_ecl_phase,derived_primary_ecl_phase_error,derived_primary_ecl_duration,derived_primary_ecl_duration_error,derived_primary_ecl_depth,derived_primary_ecl_depth_error,derived_secondary_ecl_phase,derived_secondary_ecl_phase_error,derived_secondary_ecl_duration,derived_secondary_ecl_duration_error,derived_secondary_ecl_depth,derived_secondary_ecl_depth_error
[from data line 248]
375316653866487564,5828560930402319872,0.48850438,2271.4911146954832,3.5652338659493044,1.880637E-5,18.711075,0.24400498,0.23533209,0.006188229,0.14972678,0.049881633,0.24845801,0.23099723,0.72822136,0.007470243,0.14939569,0.054412022,0.2064174,0.22812092,null,null,null,null,"TWOGAUSSIANS",8,1.8624003,0.23581208,0.00583729,0.4,0.0,0.14260375,0.0054276725,0.72822136,0.007470243,0.4,0.0,0.10092262,0.009655006
375316653866487564,5828561033502562432,0.6163392,2276.2161001511367,0.9963163883122537,4.1289677E-6,16.311825,0.003757607,0.28384414,0.002706707,0.035995807,0.0014480604,0.67383295,0.0353711,0.77332044,0.0067384914,0.040994093,0.012121114,0.04975636,0.0133248065,0.021130385,0.004792269,0.77332044,0.0067384914,"TWOGAUSSIANS_WITH_ELLIPSOIDAL_ON_ECLIPSE2",9,10.642552,0.28377417,0.0026833739,0.20157652,0.008109138,0.7159103,0.034492645,0.77332044,0.0067384914,0.22956693,0.06787824,0.09201706,0.010824881
375316653866487564,5828563747921955072,0.5523983,2280.4047621351215,3.7093782161765696,6.0158377E-6,18.668444,0.0140378885,0.16217095,0.004966254,0.04348116,0.007289412,0.70838785,0.08238885,0.6542701,0.00490709,0.045184083,0.0068526356,0.46842077,0.08193034,0.116599895,0.018854609,0.16217095,0.004966254,"TWOGAUSSIANS_WITH_ELLIPSOIDAL_ON_ECLIPSE1",9,10.363306,0.16217095,0.004966254,0.24349448,0.040820707,0.9415869,0.08280652,0.65486014,0.0044798157,0.25303087,0.03837476,0.7010882,0.091389984
375316653866487564,5828564125860870528,0.5180173,2266.7540615294224,3.1294261589840167,8.150559E-6,19.732922,0.012881437,0.24271312,0.0037807892,0.08253829,0.004447928,0.3411569,0.01637155,0.72995055,0.0036187528,0.08744777,0.005392709,0.34806848,0.016030887,null,null,null,null,"TWOGAUSSIANS",8,1.7481278,0.72995055,0.0036187528,0.4,0.0,0.34078395,0.015045972,0.24271312,0.0037807892,0.4,0.0,0.33387247,0.015138831
375316653866487564,5828564606897289216,0.5819076,2278.3563487103265,3.3137273997189345,6.31635E-6,18.567944,0.022042071,0.31305707,0.002101679,0.049690306,0.0046639736,0.703034,0.05815531,0.8163706,0.0018738599,0.04200245,0.0037164972,0.68311256,0.05467412,0.09669767,0.03544909,0.31305707,0.002101679,"TWOGAUSSIANS_WITH_ELLIPSOIDAL_ON_ECLIPSE1",9,12.621879,0.31305707,0.002101679,0.2782657,0.026118252,0.8964271,0.05565304,0.8163706,0.0018738599,0.23521373,0.020812385,0.8764218,0.026524466
375316653866487564,5828564778714514816,0.6079813,2297.694949265446,3.2705993416535355,3.6019164E-6,17.255232,0.0046106162,0.12360422,0.001417213,0.068301894,0.0019443842,0.4522675,0.008518022,0.6260048,0.0012568322,0.0750959,0.0017457048,0.5243571,0.007783819,null,null,null,null,"TWOGAUSSIANS",8,9.342962,0.6260048,0.0012568322,0.4,0.0,0.5222479,0.00778204,0.12360422,0.001417213,0.3824906,0.010888551,0.4501583,0.00853788
375316653866487564,5828564847434002688,0.5576575,2297.2778675242903,4.050332546696329,8.441738E-6,19.452984,0.008912393,0.26993114,0.0025543782,0.04333371,0.0047677206,0.36510903,0.027167147,0.7646522,0.0033462467,0.04436557,0.0047112876,0.2247872,0.023081016,0.12779617,0.016320309,0.26993114,0.0025543782,"TWOGAUSSIANS_WITH_ELLIPSOIDAL_ON_ECLIPSE1",9,3.243833,0.26993114,0.0025543782,0.24266876,0.026699234,0.62070125,0.017213533,0.7654422,0.0027069794,0.2484472,0.02638321,0.4801405,0.012508703
375316653866487564,5828565775146978432,0.5450993,2293.63855563799,3.5098009615473402,7.9939855E-6,17.50751,0.01800989,0.24061379,0.007396873,0.046081863,0.006068049,0.32115543,0.035878427,0.7519597,0.004479847,0.05530423,0.0069710882,0.3450368,0.043655645,0.099409014,0.017526753,0.7519597,0.004479847,"TWOGAUSSIANS_WITH_ELLIPSOIDAL_ON_ECLIPSE2",9,41.868355,0.7519597,0.004479847,0.30970368,0.039038092,0.5438418,0.018102909,0.24167378,0.006590427,0.25805843,0.033981074,0.5190462,0.013003028
375316653866487564,5828567252615743744,0.4614476,2287.5581921654607,0.7194977328375756,1.514015E-5,16.194752,0.0062189614,0.06780986,0.0036174555,0.016818015,0.0021400233,0.2492912,0.02327221,0.56799567,0.0023632129,0.014240425,0.0026667686,0.39702412,0.0397447,null,null,null,null,"TWOGAUSSIANS",8,208.76497,0.56799567,0.0023632129,0.07974638,0.014933905,0.39702412,0.0397447,0.06780986,0.0036174555,0.09418089,0.01198413,0.2492912,0.02327221
375316653866487564,5828568627005039104,0.6676601,2303.117639251667,3.32013499777416,2.2809402E-6,13.637346,0.003743272,0.23384026,6.9747865E-4,0.046218544,0.0013256574,0.49138865,0.00963028,0.73197687,6.505856E-4,0.04097352,0.0015847001,0.42516175,0.009772509,0.13493317,0.0052804975,0.23384026,6.9747865E-4,"TWOGAUSSIANS_WITH_ELLIPSOIDAL_ON_ECLIPSE1",9,156.17972,0.23384026,6.9747865E-4,0.25882384,0.007423681,0.76125455,0.0061363233,0.7321169,5.8848277E-4,0.22945173,0.00887432,0.69499356,0.011563808
375316653866487564,5828569967034848256,0.5378335,2266.8256158230643,2.5819919082196243,1.0221322E-5,17.2091,0.010481474,0.2544497,0.004652303,0.0397565,0.0072620516,0.15164456,0.024380408,0.74439937,0.002905841,0.06990862,0.024172384,0.1025024,0.031533707,0.1048295,0.012072856,0.74439937,0.002905841,"TWOGAUSSIANS_WITH_ELLIPSOIDAL_ON_ECLIPSE2",9,26.170567,0.2529697,0.0038422216,0.22263639,0.04066749,0.36042204,0.017266864,0.74439937,0.002905841,0.39148825,0.07413637,0.3119923,0.028257344
375316653866487564,5828570276253486080,0.47123745,2282.6050617971655,4.0631732133816145,9.531216E-6,19.605612,0.009486035,0.34151798,0.0035114386,0.068463944,0.0052725524,0.2703195,0.019830914,0.8343112,0.0045572612,0.07907153,0.007849867,0.24816175,0.018906761,null,null,null,null,"TWOGAUSSIANS",8,2.0414243,0.34151798,0.0035114386,0.38339812,0.029526295,0.26892236,0.019974237,0.8343112,0.0045572612,0.4,0.0,0.24676463,0.019375242
375316653866487564,5828570448071201024,0.68093824,2276.2910136352584,0.3923965050511184,1.7923526E-6,16.803955,0.002344238,0.24855664,6.030926E-4,0.020436868,5.6247966E-4,2.0642185,0.07747323,0.7510194,0.014786433,0.01893934,0.004749956,0.10407945,0.02178127,0.026998127,0.0037242055,0.24855664,6.030926E-4,"TWOGAUSSIANS_WITH_ELLIPSOIDAL_ON_ECLIPSE1",9,17.24744,0.24855664,6.030926E-4,0.114446454,0.0031498861,2.1182146,0.078406274,0.7510194,0.014644207,0.10606031,0.026599756,0.15806277,0.021702467
375316653866487564,5828571543269001728,0.51627195,2276.742028592509,0.522381415163057,5.5837012E-5,18.543911,0.0017092699,0.22999528,0.025372023,0.026941847,0.017240634,0.014771195,0.035181955,0.5341337,4.51223E-5,0.01221585,1.1048524E-4,1.0238999,0.01884389,null,null,null,null,"TWOGAUSSIANS",8,1.8008596,0.5341337,4.51223E-5,0.06840876,6.1871734E-4,1.0238999,0.01884389,0.22999528,0.025372023,0.15087435,0.09654755,0.014771195,0.035181955
375316653866487564,5828571788083395968,0.5563464,2269.6438605498993,4.086307690426272,5.9677827E-6,18.85736,0.009879325,0.21879752,0.0022092145,0.08233117,0.0038681081,0.40366086,0.010787114,0.7220772,0.0020481152,0.075383835,0.003733169,0.39336082,0.01123334,null,null,null,null,"TWOGAUSSIANS",8,2.7658799,0.21879752,0.0022092145,0.4,0.0,0.3987625,0.0104017,0.7220772,0.0020481152,0.4,0.0,0.38846245,0.010861953
375316653866487564,5828571925540230528,0.57057154,2298.646770399133,3.5142754780794956,5.150683E-6,18.307583,0.008794774,0.30384916,0.0023679147,0.07993997,0.0032661275,0.5209026,0.022425769,0.8037241,0.0010969454,0.074845634,0.0018913317,0.44169813,0.009963323,null,null,null,null,"TWOGAUSSIANS",8,4.842058,0.30384916,0.0023679147,0.4,0.0,0.5157041,0.022833772,0.8037241,0.0010969454,0.4,0.0,0.43649966,0.009030438
375316653866487564,5828572062979193856,0.5671809,2295.178108622854,2.9339592792402716,7.300831E-6,16.498316,0.012216427,0.2694933,0.0046134675,0.09826642,0.008540084,0.3919075,0.015997164,0.76729476,0.002019291,0.086670004,0.0038590159,0.42718035,0.012075197,null,null,null,null,"TWOGAUSSIANS",8,44.332542,0.76729476,0.002019291,0.4,0.0,0.406799,0.0080400165,0.2694933,0.0046134675,0.4,0.0,0.37152433,0.018629028
375316653866487564,5828572269119638272,0.51558244,2281.596393427892,4.05891613928187,9.767471E-6,18.233564,0.051969044,0.25416806,0.0029947683,0.11304886,0.018255154,0.2436517,0.045944143,0.75855327,0.0029673341,0.12545958,0.019438075,0.23949397,0.048742082,null,null,null,null,"TWOGAUSSIANS",8,3.5215428,0.25412807,0.003019346,0.4,0.0,0.19230856,0.009028203,0.7585633,0.0029697202,0.4,0.0,0.18800683,0.0082446365
375316653866487564,5828572303497022336,0.57255507,2280.187286272307,2.7004166118876474,5.092077E-6,16.643612,0.0056485767,0.25244424,0.0010892708,0.07623865,0.0016711963,0.40521538,0.007284432,0.7446933,0.0019513424,0.080177754,0.003053874,0.4358825,0.014974508,null,null,null,null,"TWOGAUSSIANS",8,31.636251,0.7446933,0.0019513424,0.4,0.0,0.43155086,0.015491413,0.25244424,0.0010892708,0.4,0.0,0.40088373,0.0069473903
375316653866487564,5828572470981968512,0.58071625,2283.1957996087785,3.349443776120141,3.830286E-6,18.964815,0.009126968,0.23209329,0.0012918515,0.04642391,0.002181589,0.4748679,0.023194673,0.7338629,0.0030499492,0.03752314,0.003786597,0.3154857,0.031147473,0.14382325,0.012963776,0.23209329,0.0012918515,"TWOGAUSSIANS_WITH_ELLIPSOIDAL_ON_ECLIPSE1",9,4.3205957,0.23209329,0.0012918515,0.25997388,0.012216898,0.76251405,0.016079001,0.7338629,0.0030499492,0.21012957,0.021204943,0.60309625,0.029558823
375316653866487564,5828573295611601280,0.43923056,2290.4366172868404,1.0135510787963231,2.187106E-5,18.654177,0.003336913,0.24719137,2.7249045E-5,0.0033692203,2.82363E-4,0.07013052,2.892973E-4,0.54760975,0.006218313,0.03912647,0.0042195055,0.16470364,0.029165573,null,null,null,null,"TWOGAUSSIANS",8,4.465508,0.54760975,0.006218313,0.21910824,0.02362923,0.16470364,0.029165573,0.24719137,2.7249045E-5,0.018867634,0.0015812328,0.07013052,2.892973E-4
375316653866487564,5828573987125115392,0.47753316,2278.554995324574,0.43285556993142404,2.6414224E-5,15.013142,0.002496474,0.17973611,0.0045985235,0.014448128,0.0073982137,0.23064055,0.07333405,0.42787465,0.005122415,0.020156566,0.00730004,0.06825168,0.033572596,0.016849156,0.0047827805,0.17973611,0.0045985235,"TWOGAUSSIANS_WITH_ELLIPSOIDAL_ON_ECLIPSE1",9,95.07932,0.17973611,0.0045985235,0.08090951,0.041429996,0.2643388,0.077221535,0.42787465,0.0051228683,0.112876765,0.040880226,0.06825624,0.033560097
375316653866487564,5828575979989998976,0.5771171,2291.253448507606,0.14704833229957823,1.9065672E-5,17.259151,0.0010806087,0.62187064,0.06465543,0.08049875,0.031608723,0.013109594,0.0033478278,0.77051115,0.0015276761,0.012960627,0.0020859388,0.28681245,0.0068976083,null,null,null,null,"TWOGAUSSIANS",8,2.5024514,0.77051115,0.0015276761,0.07257951,0.011681258,0.28919595,0.006385939,0.62187064,0.06465543,0.4,0.11154945,0.013109594,0.0033478285
375316653866487564,5828576284910714752,0.51300573,2246.959351958679,0.16041255458023193,1.0141008E-4,18.193668,0.0034621188,0.3911731,0.024246713,0.15073892,0.049731944,0.015723098,0.0039318744,0.64877635,1.5401127E-4,0.008041094,2.3407667E-4,0.4256253,0.0019242723,null,null,null,null,"TWOGAUSSIANS",8,3.2031782,0.64877635,1.5401127E-4,0.045030124,0.0013108293,0.42914766,0.005244452,0.3911731,0.024246713,0.4,0.0,0.01559474,0.0037522998
375316653866487564,5828576426666625664,0.65539354,2276.1562924962172,0.4680126233080862,1.5532712E-6,15.440174,0.0022124236,0.21665557,0.0042714314,0.027636899,0.0035925317,0.087269895,0.0051488155,0.71488273,4.2665322E-4,0.030835781,3.6789614E-4,0.8604771,0.015575084,0.010135756,0.0031689173,0.21665557,0.0042714314,"TWOGAUSSIANS_WITH_ELLIPSOIDAL_ON_ECLIPSE1",9,26.585096,0.71488273,4.2629518E-4,0.17268038,0.0020602185,0.88074607,0.015036829,0.21665557,0.0042714314,0.15476663,0.020118177,0.10754138,0.0029523964
375316653866487564,5828577697964288640,0.572164,2256.9869924797804,3.444621566509976,8.259768E-6,19.851175,0.017694207,0.25045335,0.0021869158,0.048372343,0.0060472996,0.46933243,0.038707163,0.7560328,0.0073843645,0.0408423,0.008557039,0.3792535,0.042539123,0.1546766,0.022452256,0.25045335,0.0021869158,"TWOGAUSSIANS_WITH_ELLIPSOIDAL_ON_ECLIPSE1",9,1.9418788,0.25045335,0.0021869158,0.2708851,0.033864878,0.77868485,0.024693867,0.7560328,0.0072210436,0.22871688,0.04791942,0.6882259,0.033507608
375316653866487564,5828578316452347904,0.62669605,2260.7443473534063,2.8475884201972073,2.7252515E-6,16.858505,0.007584087,0.24284081,0.0015056374,0.047412563,0.0030472493,0.34713402,0.017538901,0.7386121,0.002426581,0.04957301,0.002161432,0.44309893,0.021792429,0.12897575,0.009572934,0.24284081,0.0015056374,"TWOGAUSSIANS_WITH_ELLIPSOIDAL_ON_ECLIPSE1",9,19.034842,0.7390421,0.0021313694,0.27760887,0.0121040195,0.7008855,0.013685272,0.24284081,0.0015056374,0.26551035,0.017064596,0.6050841,0.008501422
375316653866487564,5828578385156268160,0.51237124,2263.6834776691558,2.182435575131601,9.35675E-6,19.596556,0.013294306,0.17109689,0.006298946,0.09178894,0.0091642095,0.21572617,0.015602697,0.64805883,0.0034635442,0.074961476,0.0038181318,0.50415134,0.022480091,null,null,null,null,"TWOGAUSSIANS",8,1.7963926,0.64805883,0.0034635442,0.4,0.0,0.4996285,0.021466613,0.17109689,0.006298946,0.4,0.0,0.21120304,0.014481978
375316653866487564,5828579450323653248,0.4382153,2265.4201214660716,2.923155056259926,2.7920412E-5,19.731476,0.025683371,0.21732526,0.008765136,0.090766996,0.015738191,0.20977004,0.028563147,0.7358491,0.00999701,0.08716717,0.015775142,0.23626047,0.025241634,null,null,null,null,"TWOGAUSSIANS",8,3.660905,0.7358491,0.00999701,0.4,0.0,0.22989586,0.019235622,0.21732526,0.008765136,0.4,0.0,0.2034053,0.022250865
375316653866487564,5828579549086163968,0.5058429,2276.6810896491406,3.727031429310341,1.0871892E-5,19.27278,0.024462838,0.29938638,0.0049341093,0.08660451,0.009518786,0.32911828,0.029127648,0.7910603,0.003949428,0.08661668,0.012637834,0.32709172,0.03315039,null,null,null,null,"TWOGAUSSIANS",8,3.9002905,0.29938638,0.0049341093,0.4,0.0,0.3202659,0.025545,0.7910603,0.003949428,0.4,0.0,0.31823936,0.03647804
375316653866487564,5828580171878247936,0.6369676,2282.021758438004,0.4203298900636715,7.602747E-6,15.523896,5.036096E-4,0.7513805,6.6051696E-4,0.013633769,9.715541E-4,1.1486045,0.3898744,0.8967382,0.005624044,0.00519428,0.0035886948,0.006173604,5.5962152,null,null,null,null,"TWOGAUSSIANS",8,4.663032,0.7513805,6.6051696E-4,0.07634911,0.005440703,1.1486045,0.3898744,0.8967382,0.005624044,0.029087968,0.020096691,0.006173604,5.5962152
375316653866487564,5828580481100648192,0.5873144,2280.6657687691663,0.18582786408975047,4.429093E-5,17.889296,0.001954392,0.69403255,0.0013399456,0.013477299,0.0015431944,0.44713095,0.009864418,0.8187862,0.040470872,0.07437656,0.020419542,0.008628278,0.0041310266,null,null,null,null,"TWOGAUSSIANS",8,1.4550183,0.6940526,0.0013449247,0.07547288,0.008641889,0.4492449,0.0098994635,0.8187862,0.040470872,0.4,0.06675071,0.008628278,0.0041310266
375316653866487564,5828580992189456768,0.6324896,2264.469126801621,2.583893900938942,3.5536752E-6,17.710293,0.006646316,0.25605285,0.0013527697,0.0505268,0.0029169328,0.22672458,0.016356073,0.7544477,0.002106634,0.052611496,0.0035891922,0.26981813,0.01430134,0.1061255,0.0086657405,0.25605285,0.0013527697,"TWOGAUSSIANS_WITH_ELLIPSOIDAL_ON_ECLIPSE1",9,3.6625216,0.7546877,0.0017551736,0.29462436,0.020099476,0.48204666,0.0076642735,0.25605285,0.0013527697,0.28295007,0.016334824,0.43897155,0.007586726
375316653866487564,5828581408813962240,0.46780753,2266.302634517974,3.7412150404057005,1.2385095E-5,19.731873,0.027182313,0.23072371,0.0033469838,0.065794796,0.006015052,0.46085942,0.03935949,0.7203306,0.019508429,0.117368296,0.03597248,0.17823446,0.02411132,null,null,null,null,"TWOGAUSSIANS",8,2.94848,0.23073371,0.003355501,0.36845085,0.03368429,0.45134217,0.037725266,0.7203306,0.019508429,0.4,0.0,0.16867357,0.020050202
