Gaia/vari_eclipsing_binary/VariEclipsingBinary_664919-664949.csv
# %ECSV 1.0
# ---
# delimiter: ','
# meta: !!omap
# - RELEASE: Gaia DR3
# - TABLE: vari_eclipsing_binary
# - DESCRIPTION: >
#     This table describes the properties of the eclipsing binaries resulting from the variability analysis. 
# - CITATION: >
#     How to cite and acknowledge Gaia: 
#     https://gea.esac.esa.int/archive/documentation/credits.html 
# - KNOWN_ISSUES: >
#     Known issues: 
#     https://www.cosmos.esa.int/web/gaia-users/known-issues 
# - DOCUMENTATION: >
#     Tutorials and documentation: 
#     https://www.cosmos.esa.int/web/gaia-users/archive 
# datatype:
# - 
#   name: solution_id
#   datatype: int64
#   description: Solution Identifier
#   meta:
#     ucd: meta.version
# - 
#   name: source_id
#   datatype: int64
#   description: Unique source identifier
#   meta:
#     ucd: meta.id;meta.main
# - 
#   name: global_ranking
#   datatype: float32
#   description: Number between 0 (worst) and 1 (best)
#   meta:
#     ucd: stat.param
# - 
#   name: reference_time
#   datatype: float64
#   unit: d
#   description: Reference time used for the geometric model fit
#   meta:
#     ucd: time.epoch
# - 
#   name: frequency
#   datatype: float64
#   unit: d**-1
#   description: Frequency of geometric model of the eclipsing binary light curve
#   meta:
#     ucd: src.orbital
# - 
#   name: frequency_error
#   datatype: float32
#   unit: d**-1
#   description: "Uncertainty of \\texttt{frequency}"
#   meta:
#     ucd: stat.error
# - 
#   name: geom_model_reference_level
#   datatype: float32
#   unit: mag
#   description: Magnitude reference level of geometric model
#   meta:
#     ucd: phot.mag;em.opt
# - 
#   name: geom_model_reference_level_error
#   datatype: float32
#   unit: mag
#   description: "Uncertainty of \\texttt{geomModelReferenceLevel}"
#   meta:
#     ucd: stat.error;phot.mag;em.opt
# - 
#   name: geom_model_gaussian1_phase
#   datatype: float32
#   description: Phase of the Gaussian 1 component
#   meta:
#     ucd: time.phase
# - 
#   name: geom_model_gaussian1_phase_error
#   datatype: float32
#   description: "Uncertainty of \\texttt{geomModelGaussian1Phase}"
#   meta:
#     ucd: stat.error;time.phase
# - 
#   name: geom_model_gaussian1_sigma
#   datatype: float32
#   description: "Standard deviation [phase] of Gaussian 1 component"
#   meta:
#     ucd: stat.stdev
# - 
#   name: geom_model_gaussian1_sigma_error
#   datatype: float32
#   description: "Uncertainty of \\texttt{geomModelGaussian1Sigma}"
#   meta:
#     ucd: stat.error
# - 
#   name: geom_model_gaussian1_depth
#   datatype: float32
#   unit: mag
#   description: Magnitude depth of Gaussian 1 component
#   meta:
#     ucd: src.var.amplitude
# - 
#   name: geom_model_gaussian1_depth_error
#   datatype: float32
#   unit: mag
#   description: "Uncertainty of \\texttt{geomModelGaussian1Depth}"
#   meta:
#     ucd: stat.error;src.var.amplitude
# - 
#   name: geom_model_gaussian2_phase
#   datatype: float32
#   description: Phase of Gaussian 2 component
#   meta:
#     ucd: time.phase
# - 
#   name: geom_model_gaussian2_phase_error
#   datatype: float32
#   description: "Uncertainty of \\texttt{geomModelGaussian2Phase}"
#   meta:
#     ucd: stat.error;time.phase
# - 
#   name: geom_model_gaussian2_sigma
#   datatype: float32
[...]
#   datatype: float32
#   description: "Secondary eclipse: uncertainty of \\texttt{derivedSecondaryEclDuration}"
#   meta:
#     ucd: stat.error;time.duration
# - 
#   name: derived_secondary_ecl_depth
#   datatype: float32
#   unit: mag
#   description: "Secondary eclipse: depth"
#   meta:
#     ucd: src.var.amplitude
# - 
#   name: derived_secondary_ecl_depth_error
#   datatype: float32
#   unit: mag
#   description: "Secondary eclipse: uncertainty of \\texttt{derivedSecondaryEclDepth}"
#   meta:
#     ucd: stat.error;src.var.amplitude
solution_id,source_id,global_ranking,reference_time,frequency,frequency_error,geom_model_reference_level,geom_model_reference_level_error,geom_model_gaussian1_phase,geom_model_gaussian1_phase_error,geom_model_gaussian1_sigma,geom_model_gaussian1_sigma_error,geom_model_gaussian1_depth,geom_model_gaussian1_depth_error,geom_model_gaussian2_phase,geom_model_gaussian2_phase_error,geom_model_gaussian2_sigma,geom_model_gaussian2_sigma_error,geom_model_gaussian2_depth,geom_model_gaussian2_depth_error,geom_model_cosine_half_period_amplitude,geom_model_cosine_half_period_amplitude_error,geom_model_cosine_half_period_phase,geom_model_cosine_half_period_phase_error,model_type,num_model_parameters,reduced_chi2,derived_primary_ecl_phase,derived_primary_ecl_phase_error,derived_primary_ecl_duration,derived_primary_ecl_duration_error,derived_primary_ecl_depth,derived_primary_ecl_depth_error,derived_secondary_ecl_phase,derived_secondary_ecl_phase_error,derived_secondary_ecl_duration,derived_secondary_ecl_duration_error,derived_secondary_ecl_depth,derived_secondary_ecl_depth_error
[from data line 607]
375316653866487564,5848937251690202880,0.60685384,2255.874423804305,1.8703223867014664,3.1908157E-6,17.097775,0.011026078,0.2954435,0.001110286,0.050516553,0.0034943526,0.27653277,0.024193687,0.7995644,0.0034001637,0.050207846,0.0042428793,0.32020032,0.02377404,0.1155507,0.014135955,0.2954435,0.001110286,"TWOGAUSSIANS_WITH_ELLIPSOIDAL_ON_ECLIPSE1",9,14.750911,0.7995644,0.0034001637,0.28116393,0.023760125,0.55114454,0.00941106,0.2954435,0.001110286,0.2828927,0.019568374,0.5076319,0.010601753
375316653866487564,5848937457848588416,0.52486795,2242.092361644554,3.803444929854344,6.7992137E-6,19.845905,0.01100659,0.24065304,0.0031662453,0.07711155,0.0047021783,0.52391356,0.02314813,0.7349501,0.002548187,0.06816539,0.0034745045,0.54637676,0.019670606,null,null,null,null,"TWOGAUSSIANS",8,1.8154557,0.7349501,0.002548187,0.3817262,0.019457225,0.5438838,0.019687457,0.24065304,0.0031662453,0.4,0.0,0.52142066,0.02345978
375316653866487564,5848937865863995392,0.5082385,2258.2370516521255,3.1067600163376907,9.272823E-6,17.395271,0.17119369,0.23704869,0.0024125264,0.18567936,0.021435117,0.50985944,0.15321724,0.74000776,0.0025972768,0.18247922,0.017206227,0.5169338,0.1440758,null,null,null,null,"TWOGAUSSIANS",8,3.644329,0.7413877,0.0026318724,0.4,0.0,0.14012517,0.006954432,0.23565869,0.0025834516,0.4,0.0,0.13011183,0.0056198193
375316653866487564,5848938660475074304,0.43194228,2251.578899131232,0.746769657503134,2.5193196E-5,14.888948,0.0054368135,0.2761196,0.013555774,0.11641188,0.017535606,0.050355088,0.0072475215,0.7590189,0.006587372,0.06872781,0.0094144335,0.086762846,0.0069646663,null,null,null,null,"TWOGAUSSIANS",8,115.84854,0.7590189,0.006587372,0.38487577,0.04939708,0.08440823,0.006682838,0.2761196,0.013555774,0.4,0.0,0.04798862,0.0065028835
375316653866487564,5848938729160182784,0.5407098,2269.6745523247837,1.592664242619972,5.62248E-6,17.115675,0.0020765471,0.28305244,0.0019005336,0.069844864,0.0028038232,0.13385576,0.005876274,0.7811932,0.0026466341,0.088071115,0.0064331964,0.06594613,0.0048185885,null,null,null,null,"TWOGAUSSIANS",8,2.4051661,0.28305244,0.0019005336,0.39113125,0.015366283,0.13272059,0.0059654983,0.7811932,0.0026466341,0.4,0.0,0.06481095,0.0051203924
375316653866487564,5848939549494401024,0.44350156,2255.8311297333835,0.5822105392988741,1.3930693E-6,19.018726,0.0035760093,0.34955183,7.297908E-4,0.011395739,8.892101E-4,0.23585428,0.0073706983,0.84132844,1.5455844E-4,0.0022860768,1.7199838E-4,0.11261332,0.0041911425,null,null,null,null,"TWOGAUSSIANS",8,3.6543548,0.34955183,7.297908E-4,0.06381614,0.0049795764,0.23585428,0.0073706983,0.84132844,1.5455844E-4,0.01280203,9.631909E-4,0.11261332,0.0041911425
375316653866487564,5848939588195957248,0.631398,2225.603673389599,2.7323491029487355,1.9331032E-6,18.508102,0.010027812,0.16564696,0.001033311,0.0495962,0.0023412898,0.44041666,0.020918248,0.6711116,0.0018051455,0.044548538,0.0025739495,0.34996033,0.022042142,0.12656151,0.011691938,0.16564696,0.001033311,"TWOGAUSSIANS_WITH_ELLIPSOIDAL_ON_ECLIPSE1",9,3.70051,0.16564696,0.001033311,0.27773872,0.013111223,0.6935378,0.011031854,0.6711116,0.0018051455,0.24947181,0.014414117,0.60278314,0.008754126
375316653866487564,5848940103584044800,0.45603892,2256.0380519038813,1.9570522323187507,1.0540676E-5,17.654404,0.0027408507,0.23216303,0.0015779944,0.029417206,0.0034959924,0.11843182,0.011101355,0.72821057,0.007694155,0.057977784,0.01719185,0.004033523,0.011084972,0.032563467,0.007812835,0.72821057,0.007694155,"TWOGAUSSIANS_WITH_ELLIPSOIDAL_ON_ECLIPSE2",9,16.008776,0.23202303,0.0014064796,0.16473636,0.019577557,0.18351954,0.013476932,0.72821057,0.007694155,0.3246756,0.09627436,0.06915994,0.008013099
375316653866487564,5848940309707180032,0.5179898,2278.8189694502007,3.4367490953368005,7.768594E-6,19.61041,0.011833003,0.24193436,0.002927873,0.05314584,0.005786387,0.35385525,0.04558268,0.72964567,0.007821331,0.040730536,0.009031557,0.20360087,0.044762198,0.115027525,0.01937963,0.24193436,0.002927873,"TWOGAUSSIANS_WITH_ELLIPSOIDAL_ON_ECLIPSE1",9,3.5412827,0.24193436,0.002927873,0.29761672,0.032403763,0.5839047,0.043047667,0.73122567,0.0068057296,0.228091,0.050576717,0.43245724,0.04598509
375316653866487564,5848940722059443840,0.5140847,2258.654249151627,2.473517433017853,9.735593E-6,17.526817,0.011772293,0.18372147,0.005586568,0.078112595,0.008316558,0.17175487,0.013115121,0.6745515,0.0025654843,0.0974373,0.0068577863,0.2531414,0.012070194,null,null,null,null,"TWOGAUSSIANS",8,11.356114,0.6745515,0.0025654843,0.4,0.0,0.24683398,0.010829644,0.18372147,0.005586568,0.4,0.0,0.16544853,0.011283192
375316653866487564,5848940752082404480,0.5766739,2248.2027017576706,2.8321349011378056,8.8418265E-6,17.44776,0.017449412,0.27345482,0.0025747456,0.052066103,0.00470346,0.23675528,0.040761963,0.7721986,0.0032594411,0.061468296,0.0063472874,0.35450342,0.033897564,0.088638745,0.02055203,0.27345482,0.0025747456,"TWOGAUSSIANS_WITH_ELLIPSOIDAL_ON_ECLIPSE1",9,15.910432,0.7723586,0.0027643149,0.34422246,0.03554481,0.5316862,0.016217154,0.27345482,0.0025747456,0.2915702,0.026339374,0.4139477,0.010623272
375316653866487564,5848941095679966592,0.41355556,2226.9164374041584,0.09624511276536872,2.3254432E-5,17.399336,0.003329791,0.4871258,0.0072369063,0.04612915,0.00643358,0.10639307,0.009815605,0.70664454,0.037690498,0.029592868,0.034401454,0.9247383,5.5641784E9,null,null,null,null,"TWOGAUSSIANS",8,9.05736,0.70664454,0.037690498,0.16572006,0.19264816,0.92473954,5.5641784E9,0.4871258,0.0072369063,0.25832322,0.03602805,0.10639307,0.009815605
375316653866487564,5848941271815452928,0.44416866,2245.237857365047,0.9629427569899891,2.1499589E-5,15.051524,0.0028533908,0.2613035,0.0037057716,0.024616402,0.0067197843,0.09149283,0.020528225,0.7194287,0.028999941,0.015067073,0.019631645,0.019257823,0.014694726,0.0087829335,0.004402574,0.2613035,0.0037057716,"TWOGAUSSIANS_WITH_ELLIPSOIDAL_ON_ECLIPSE1",9,41.586533,0.2613035,0.0037057716,0.13785185,0.037630793,0.10905867,0.016419176,0.7200687,0.028717643,0.084375605,0.10993721,0.035653323,0.013132159
375316653866487564,5848941340534755968,0.51179725,2263.2035827569457,1.0778861043490566,4.953215E-6,16.912464,0.0048494497,0.2620882,0.003168796,0.020424869,0.002320234,0.28530836,0.014226501,0.7615815,0.0010584893,0.02283463,0.0013421879,0.31851596,0.024150312,0.009068204,0.007544248,0.2620882,0.003168796,"TWOGAUSSIANS_WITH_ELLIPSOIDAL_ON_ECLIPSE1",9,35.118187,0.7615815,0.0010579273,0.12787393,0.0075162523,0.3366522,0.02446284,0.2620882,0.003168796,0.11437927,0.01299331,0.30344477,0.011927113
375316653866487564,5848941684097296000,0.51459885,2257.348679230898,3.0702244401601444,6.8763175E-6,18.919886,0.012194077,0.30017033,0.002056371,0.0724398,0.0047406233,0.6483748,0.045652445,0.80436325,0.0034543436,0.055769607,0.004257194,0.37054816,0.04041242,null,null,null,null,"TWOGAUSSIANS",8,9.46447,0.30017033,0.002056371,0.4,0.0056068227,0.6479333,0.04587263,0.80436325,0.0034543436,0.3123098,0.02384029,0.37010664,0.040462367
375316653866487564,5848941821571149440,0.5601207,2254.386137338045,0.7124183522236415,7.808335E-6,15.043655,0.0017358303,0.28471327,0.0011225443,0.026585324,0.0015521608,0.19042379,0.012853392,0.7849607,0.0016272074,0.025662145,0.001775349,0.083978355,0.006243604,0.015859473,0.002579339,0.28471327,0.0011225443,"TWOGAUSSIANS_WITH_ELLIPSOIDAL_ON_ECLIPSE1",9,29.245314,0.28471327,0.0011225443,0.14887781,0.008692101,0.2221427,0.013045282,0.7849607,0.0016135197,0.143708,0.009941954,0.11569719,0.0054488606
375316653866487564,5848941924650380288,0.51778346,2248.791089796193,1.7827366096753605,1.17603595E-5,17.160213,0.010936415,0.25967917,0.0045552147,0.09936744,0.010673226,0.13984443,0.011342471,0.76235354,0.0033504893,0.10395338,0.008793747,0.14707053,0.010378267,null,null,null,null,"TWOGAUSSIANS",8,6.331655,0.76235354,0.0033504893,0.4,0.0,0.13356702,0.0043029054,0.25967917,0.0045552147,0.4,0.0,0.12634283,0.009618203
375316653866487564,5848942440046408448,0.49357724,2246.045767111915,1.150577195303557,1.4978997E-5,14.283891,0.12368521,0.23452057,0.007343211,0.14144196,0.09084315,0.03988102,0.11705837,0.72445893,0.006337542,0.13814113,0.059863675,0.05243878,0.103293374,null,null,null,null,"TWOGAUSSIANS",8,10.392892,0.72445893,0.006337542,0.4,0.0,0.035389967,0.001757956,0.23503056,0.006286587,0.4,0.0,0.022828458,0.0017308947
375316653866487564,5848942577485369984,0.6917843,2244.1765206471246,0.33635975393655504,1.0031339E-6,16.033022,6.9818716E-4,0.17612107,4.6982866E-4,0.0114632705,3.0168655E-4,0.44079506,0.00947651,0.67633885,3.3026322E-4,0.011625679,4.5891057E-4,0.47840938,0.006172132,null,null,null,null,"TWOGAUSSIANS",8,3.8624742,0.67633885,3.3026322E-4,0.0651038,0.0025698992,0.47840938,0.006172132,0.17612107,4.6982866E-4,0.064194314,0.0016894446,0.44079506,0.00947651
375316653866487564,5848942646169889536,0.5563802,2278.865762044286,2.862283635561957,5.9597583E-6,18.3173,0.011839049,0.22524823,0.0020954257,0.06927901,0.0021315506,0.38802212,0.017019821,0.7237117,0.0029587885,0.07608779,0.004868388,0.44889775,0.012086585,null,null,null,null,"TWOGAUSSIANS",8,11.443828,0.7237117,0.0029587885,0.4,0.0,0.44672143,0.011983317,0.22524823,0.0020954257,0.38796243,0.011936683,0.3858458,0.01659524
375316653866487564,5848943019825756672,0.6404799,2278.965763471485,0.8217097345830354,1.3179741E-6,17.199593,0.0025469658,0.19166553,0.0035893666,0.03175296,0.003370082,0.07073453,0.0054786103,0.69080853,2.6948427E-4,0.033351444,4.5843353E-4,0.9097954,0.028417872,null,null,null,null,"TWOGAUSSIANS",8,8.090519,0.69080853,2.6948427E-4,0.18676807,0.0025672277,0.9097954,0.028417872,0.19166553,0.0035893666,0.17781657,0.018872458,0.07073453,0.0054786103
375316653866487564,5848943092881506944,0.6132298,2265.5453920797722,0.18711272244735117,1.152549E-6,16.567493,0.0013229724,0.19248682,0.0010185572,0.0064524533,0.001380044,0.21329969,0.04655352,0.6944891,2.4264464E-4,0.006870944,1.7279878E-4,0.631984,0.030439042,0.0037917073,0.0017477991,0.19248682,0.0010185572,"TWOGAUSSIANS_WITH_ELLIPSOIDAL_ON_ECLIPSE1",9,7.139245,0.6944891,2.4264464E-4,0.038477287,9.6767314E-4,0.63956624,0.030709917,0.19248682,0.0010185572,0.03613374,0.007728247,0.2208831,0.046640933
375316653866487564,5848943505198369536,0.57149833,2203.760179321324,1.6457213185854147,1.8043085E-5,17.638596,0.009981503,0.14494348,0.003298816,0.08371897,0.0043288125,0.33486685,0.0116234105,0.65045625,0.0044120005,0.1179599,0.008689771,0.15255609,0.009950745,null,null,null,null,"TWOGAUSSIANS",8,4.9987917,0.14493348,0.0033059234,0.4,0.0,0.31739083,0.007646121,0.65045625,0.0044120005,0.4,0.0,0.13504107,0.00598414
375316653866487564,5848943539558117120,0.58865714,2251.457463635746,0.573250349983473,5.0968833E-6,15.115505,0.002646138,0.20805818,0.001646051,0.027235124,0.0012239908,0.5806969,0.01900198,0.43787658,0.010723956,0.015405738,0.013392952,0.03910746,0.028389674,0.0070667514,0.00444228,0.20805818,0.001646051,"TWOGAUSSIANS_WITH_ELLIPSOIDAL_ON_ECLIPSE1",9,74.73404,0.20805818,0.001646051,0.1525167,0.0068543484,0.59483033,0.018062154,0.43787658,0.010723956,0.086272135,0.07500053,0.0393335,0.028478792
375316653866487564,5848943676997151360,0.63801116,2268.5071850867253,1.4055283262374265,2.7856765E-6,14.122568,0.0043934695,0.18208571,0.0010879007,0.08198428,0.0021158713,0.33649623,0.004238817,0.6853806,8.7696617E-4,0.09279477,0.0018311675,0.31015277,0.0041322443,null,null,null,null,"TWOGAUSSIANS",8,62.24509,0.18208571,0.0010879007,0.4,0.0,0.32632303,0.0036015797,0.6853806,8.7696617E-4,0.4,0.0,0.29997924,0.003119139
375316653866487564,5848943951882796160,0.55765116,2229.4017601780724,1.042554677968151,7.841264E-6,19.482075,0.0065845437,0.25572813,0.0057005417,0.058980625,0.0056602047,0.2678299,0.018960524,0.751981,0.0028428165,0.05491225,0.0026440402,0.64162797,0.0229078,null,null,null,null,"TWOGAUSSIANS",8,1.6556623,0.751981,0.0028428165,0.3075086,0.0148066245,0.6415822,0.022903843,0.25572813,0.0057005417,0.3302915,0.031697147,0.2677841,0.018968869
375316653866487564,5848943986234732032,0.5225291,2241.647527638841,3.761003947016329,1.032769E-5,19.37449,0.021198621,0.25015396,0.0031213714,0.049690075,0.01109345,0.3120391,0.0591421,0.7449794,0.0045328992,0.0418427,0.00833653,0.22524576,0.062644765,0.14720148,0.042530317,0.25015396,0.0031213714,"TWOGAUSSIANS_WITH_ELLIPSOIDAL_ON_ECLIPSE1",9,4.71479,0.25015396,0.0031213714,0.27826443,0.06212332,0.6064408,0.041781154,0.7457694,0.0037935744,0.23431912,0.046684567,0.5193839,0.038606856
375316653866487564,5848944089313960576,0.61292577,2260.403338574322,0.9364244084105882,1.1748787E-6,17.854328,0.0018441378,0.23363268,6.5252034E-4,0.0379608,5.162386E-4,0.5320719,0.007934672,0.7321705,0.0022989244,0.04355923,0.0025915173,0.099163726,0.0052926936,null,null,null,null,"TWOGAUSSIANS",8,2.173742,0.23363268,6.5252034E-4,0.2125805,0.0028909363,0.5320719,0.007934672,0.7321705,0.0022989244,0.24393168,0.014512497,0.099163726,0.005292695
375316653866487564,5848944364157402496,0.47363245,2222.261837078876,1.4163464629452394,3.9467963E-5,19.96069,0.008054257,0.2547405,0.0048176185,0.03498298,0.007846363,0.41425455,0.100604884,0.75904024,0.025318122,0.013144084,0.011452675,0.8011361,6.8240585,null,null,null,null,"TWOGAUSSIANS",8,2.4517713,0.75904024,0.025318122,0.07360687,0.06413498,0.8011361,6.8240585,0.2547405,0.0048176185,0.19590467,0.043939635,0.41425455,0.100604884
375316653866487564,5848944879554855680,0.5279988,2251.296972849277,1.5732860769502832,1.0885875E-5,18.901793,0.007830452,0.27011007,0.0038452693,0.08586959,0.0058115227,0.24699561,0.00931809,0.77583164,0.0050219856,0.08690246,0.008246971,0.15162258,0.009752128,null,null,null,null,"TWOGAUSSIANS",8,1.8119558,0.27011007,0.0038452693,0.4,0.0,0.24168877,0.008499376,0.77583164,0.0050219856,0.4,0.0,0.14631574,0.009339404
375316653866487564,5848945768620425728,0.54021364,2252.530199936404,2.4278994078961826,6.4548203E-6,18.947372,0.008574116,0.13780776,0.0041772616,0.08975993,0.0060843755,0.40418285,0.026238345,0.6383987,0.002435184,0.08990841,0.0031983664,0.39694473,0.00935083,null,null,null,null,"TWOGAUSSIANS",8,2.6802325,0.13780776,0.0041772616,0.4,0.0,0.3876637,0.028972883,0.6383987,0.002435184,0.4,0.0,0.38042554,0.006588377
375316653866487564,5848946185225182720,0.48818794,2250.425736712719,2.7789235966126546,9.3615945E-6,19.433332,0.016149625,0.29387885,0.0028607377,0.08834706,0.008306478,0.29781395,0.015427085,0.801203,0.003991268,0.09054276,0.0077938847,0.2757733,0.019771969,null,null,null,null,"TWOGAUSSIANS",8,2.6513953,0.29387885,0.0028607377,0.4,0.0,0.2875449,0.014235295,0.801203,0.003991268,0.4,0.0,0.26550415,0.018510027
375316653866487564,5848946288304491520,0.5307696,2246.9291116325803,0.9566052330381744,1.655839E-5,18.790676,0.0016867747,0.19835962,0.0051161735,0.015405221,0.0031803336,0.021531587,0.008114385,0.33492026,0.001283212,0.018497512,9.683212E-4,0.33432332,0.012530602,null,null,null,null,"TWOGAUSSIANS",8,0.91725,0.33492026,0.001283212,0.10358606,0.0054225987,0.33432332,0.012530602,0.19835962,0.0051161735,0.08626924,0.01780987,0.021531587,0.008114385
375316653866487564,5848946391423964544,0.52220124,2262.067019490593,0.8632150020026219,1.0850899E-5,17.83482,0.0031199034,0.34569836,0.009267679,0.016014816,0.011938517,0.38017523,0.28718835,0.8444438,0.001093707,0.015398132,0.0024346046,0.74223334,0.3249592,null,null,null,null,"TWOGAUSSIANS",8,10.787041,0.8444438,0.001093707,0.08622954,0.013633786,0.74223334,0.3249592,0.34569836,0.009267679,0.08968297,0.0668557,0.38017523,0.28718835
