Gaia/vari_eclipsing_binary/VariEclipsingBinary_732460-732967.csv
# %ECSV 1.0
# ---
# delimiter: ','
# meta: !!omap
# - RELEASE: Gaia DR3
# - TABLE: vari_eclipsing_binary
# - DESCRIPTION: >
#     This table describes the properties of the eclipsing binaries resulting from the variability analysis. 
# - CITATION: >
#     How to cite and acknowledge Gaia: 
#     https://gea.esac.esa.int/archive/documentation/credits.html 
# - KNOWN_ISSUES: >
#     Known issues: 
#     https://www.cosmos.esa.int/web/gaia-users/known-issues 
# - DOCUMENTATION: >
#     Tutorials and documentation: 
#     https://www.cosmos.esa.int/web/gaia-users/archive 
# datatype:
# - 
#   name: solution_id
#   datatype: int64
#   description: Solution Identifier
#   meta:
#     ucd: meta.version
# - 
#   name: source_id
#   datatype: int64
#   description: Unique source identifier
#   meta:
#     ucd: meta.id;meta.main
# - 
#   name: global_ranking
#   datatype: float32
#   description: Number between 0 (worst) and 1 (best)
#   meta:
#     ucd: stat.param
# - 
#   name: reference_time
#   datatype: float64
#   unit: d
#   description: Reference time used for the geometric model fit
#   meta:
#     ucd: time.epoch
# - 
#   name: frequency
#   datatype: float64
#   unit: d**-1
#   description: Frequency of geometric model of the eclipsing binary light curve
#   meta:
#     ucd: src.orbital
# - 
#   name: frequency_error
#   datatype: float32
#   unit: d**-1
#   description: "Uncertainty of \\texttt{frequency}"
#   meta:
#     ucd: stat.error
# - 
#   name: geom_model_reference_level
#   datatype: float32
#   unit: mag
#   description: Magnitude reference level of geometric model
#   meta:
#     ucd: phot.mag;em.opt
# - 
#   name: geom_model_reference_level_error
#   datatype: float32
#   unit: mag
#   description: "Uncertainty of \\texttt{geomModelReferenceLevel}"
#   meta:
#     ucd: stat.error;phot.mag;em.opt
# - 
#   name: geom_model_gaussian1_phase
#   datatype: float32
#   description: Phase of the Gaussian 1 component
#   meta:
#     ucd: time.phase
# - 
#   name: geom_model_gaussian1_phase_error
#   datatype: float32
#   description: "Uncertainty of \\texttt{geomModelGaussian1Phase}"
#   meta:
#     ucd: stat.error;time.phase
# - 
#   name: geom_model_gaussian1_sigma
#   datatype: float32
#   description: "Standard deviation [phase] of Gaussian 1 component"
#   meta:
#     ucd: stat.stdev
# - 
#   name: geom_model_gaussian1_sigma_error
#   datatype: float32
#   description: "Uncertainty of \\texttt{geomModelGaussian1Sigma}"
#   meta:
#     ucd: stat.error
# - 
#   name: geom_model_gaussian1_depth
#   datatype: float32
#   unit: mag
#   description: Magnitude depth of Gaussian 1 component
#   meta:
#     ucd: src.var.amplitude
# - 
#   name: geom_model_gaussian1_depth_error
#   datatype: float32
#   unit: mag
#   description: "Uncertainty of \\texttt{geomModelGaussian1Depth}"
#   meta:
#     ucd: stat.error;src.var.amplitude
# - 
#   name: geom_model_gaussian2_phase
#   datatype: float32
#   description: Phase of Gaussian 2 component
#   meta:
#     ucd: time.phase
# - 
#   name: geom_model_gaussian2_phase_error
#   datatype: float32
#   description: "Uncertainty of \\texttt{geomModelGaussian2Phase}"
#   meta:
#     ucd: stat.error;time.phase
# - 
#   name: geom_model_gaussian2_sigma
#   datatype: float32
[...]
#   datatype: float32
#   description: "Secondary eclipse: uncertainty of \\texttt{derivedSecondaryEclDuration}"
#   meta:
#     ucd: stat.error;time.duration
# - 
#   name: derived_secondary_ecl_depth
#   datatype: float32
#   unit: mag
#   description: "Secondary eclipse: depth"
#   meta:
#     ucd: src.var.amplitude
# - 
#   name: derived_secondary_ecl_depth_error
#   datatype: float32
#   unit: mag
#   description: "Secondary eclipse: uncertainty of \\texttt{derivedSecondaryEclDepth}"
#   meta:
#     ucd: stat.error;src.var.amplitude
solution_id,source_id,global_ranking,reference_time,frequency,frequency_error,geom_model_reference_level,geom_model_reference_level_error,geom_model_gaussian1_phase,geom_model_gaussian1_phase_error,geom_model_gaussian1_sigma,geom_model_gaussian1_sigma_error,geom_model_gaussian1_depth,geom_model_gaussian1_depth_error,geom_model_gaussian2_phase,geom_model_gaussian2_phase_error,geom_model_gaussian2_sigma,geom_model_gaussian2_sigma_error,geom_model_gaussian2_depth,geom_model_gaussian2_depth_error,geom_model_cosine_half_period_amplitude,geom_model_cosine_half_period_amplitude_error,geom_model_cosine_half_period_phase,geom_model_cosine_half_period_phase_error,model_type,num_model_parameters,reduced_chi2,derived_primary_ecl_phase,derived_primary_ecl_phase_error,derived_primary_ecl_duration,derived_primary_ecl_duration_error,derived_primary_ecl_depth,derived_primary_ecl_depth_error,derived_secondary_ecl_phase,derived_secondary_ecl_phase_error,derived_secondary_ecl_duration,derived_secondary_ecl_duration_error,derived_secondary_ecl_depth,derived_secondary_ecl_depth_error
[from data line 286]
375316653866487564,6446604967649334144,0.583504,2230.414881166691,3.3675052632282174,4.807717E-6,17.748358,0.017286668,0.2694562,0.0020104344,0.050216455,0.003233677,0.36730415,0.049986348,0.7648693,0.002205358,0.051567756,0.005598717,0.52599275,0.03994248,0.10992715,0.02446558,0.2694562,0.0020104344,"TWOGAUSSIANS_WITH_ELLIPSOIDAL_ON_ECLIPSE1",9,11.344487,0.7652393,0.0019662904,0.28877944,0.031352814,0.7456733,0.050592657,0.2694562,0.0020104344,0.28121215,0.018108591,0.58715254,0.020253653
375316653866487564,6446613695023043712,0.54131156,2261.119694442539,4.943217198324388,1.4966514E-5,19.854116,0.01750131,0.27925232,0.0063860076,0.07491223,0.007737938,0.59066105,0.036682025,0.77472174,0.007426309,0.07062707,0.005911004,0.6268413,0.02560767,null,null,null,null,"TWOGAUSSIANS",8,2.7019813,0.77472174,0.007426309,0.39551163,0.020818533,0.6238554,0.024782337,0.27925232,0.0063860076,0.4,0.0,0.58767515,0.036944937
375316653866487564,6446618578403407104,0.49165103,2261.1914587568335,1.3615529737934453,2.5019111E-5,14.57278,0.003987476,0.24388091,0.0043563647,0.03942777,0.00822356,0.04677649,0.014525561,0.736619,0.009975625,0.0481736,0.012791147,0.119418666,0.02643012,0.007989509,0.0043415986,0.24388091,0.0043563647,"TWOGAUSSIANS_WITH_ELLIPSOIDAL_ON_ECLIPSE1",9,24.188934,0.736789,0.009794079,0.26977217,0.071630426,0.13536514,0.03075645,0.24388091,0.0043563647,0.22079551,0.046051934,0.06275542,0.013357341
375316653866487564,6446633456167388800,0.4946641,2174.631067785861,0.5989909671106051,3.3238287E-6,18.149172,0.006718178,0.3860064,0.0022464541,0.019679543,0.0017122872,3.6633596,2.9978118,0.85404825,0.047727868,0.0139411995,0.004740752,0.17262632,0.15271884,0.030218003,0.012254526,0.3860064,0.0022464541,"TWOGAUSSIANS_WITH_ELLIPSOIDAL_ON_ECLIPSE1",9,11.39787,0.3860064,0.0022464541,0.11020544,0.009588808,3.7237957,2.99893,0.85421824,0.047207847,0.078070715,0.026548209,0.23067039,0.16215466
375316653866487564,6446648123481370624,0.49065447,2201.2661643663446,1.413358124142071,8.195729E-6,17.254976,0.008302464,0.2057186,0.0023357652,0.02645878,0.0020064795,0.34804258,0.032612756,0.7033957,0.0021794296,0.02273798,0.0020913403,0.78568095,0.19082461,null,null,null,null,"TWOGAUSSIANS",8,64.5237,0.7033957,0.0021794296,0.12733269,0.011711505,0.78568095,0.19082461,0.2057186,0.0023357652,0.14816916,0.011236285,0.34804258,0.032612756
375316653866487564,6446650842195113472,0.48204675,2246.937510914107,4.064140763090349,2.9087036E-5,18.192375,0.00622909,0.45567968,0.009096541,0.022046132,0.008329625,0.2259306,0.018061487,0.7423623,0.0048588305,0.0262503,0.004314555,0.07303839,0.009060736,null,null,null,null,"TWOGAUSSIANS",8,4.33756,0.45567968,0.009096541,0.12345833,0.046645902,0.2259306,0.018061487,0.7423623,0.0048588305,0.14700168,0.024161506,0.07303839,0.009060736
375316653866487564,6446653590977861120,0.46829605,2223.7886839272937,3.523354648242024,1.5163324E-5,15.599922,0.01757555,0.26950884,0.0054708826,0.077065066,0.009310254,0.24233228,0.016868802,0.7911388,0.005984269,0.07749725,0.0072364327,0.2504143,0.017716646,null,null,null,null,"TWOGAUSSIANS",8,97.03032,0.7911388,0.005984269,0.4,0.0,0.24875727,0.015926158,0.26950884,0.0054708826,0.4,0.0,0.24067523,0.015481576
375316653866487564,6446660939664526464,0.55142677,2218.3608055761615,3.474462071825465,1.1611407E-5,18.30678,0.009428994,0.283028,0.0034363416,0.07043906,0.0039737974,0.60326755,0.032682396,0.7928398,0.0032677602,0.06667681,0.0037494986,0.5499808,0.025337704,null,null,null,null,"TWOGAUSSIANS",8,10.63392,0.283028,0.0034363416,0.39445874,0.020139292,0.6021195,0.03293374,0.7928398,0.0032677602,0.37339014,0.020997193,0.5488328,0.025425876
375316653866487564,6446663314780007040,0.6049954,2203.3340688657067,3.576314322414257,5.674975E-6,18.000896,0.0030226237,0.26600775,0.0014297068,0.0733469,0.0028572837,0.3777107,0.020304015,0.7613646,0.0019382755,0.07463526,0.0021113025,0.41481104,0.008647315,null,null,null,null,"TWOGAUSSIANS",8,2.5842128,0.7613646,0.0019382755,0.4,0.0,0.4124482,0.008754257,0.26600775,0.0014297068,0.4,0.0,0.37534785,0.020764973
375316653866487564,6446679807456840192,0.47895104,2220.435731572858,1.3123385104140772,2.1298023E-5,13.33479,0.0046199197,0.28799003,0.01660918,0.02669137,0.011993803,0.17161842,0.15284674,0.78764486,0.008306574,0.030979674,0.00898105,0.15292187,0.053433597,0.01659182,0.011295895,0.28799003,0.01660918,"TWOGAUSSIANS_WITH_ELLIPSOIDAL_ON_ECLIPSE1",9,909.5009,0.28799003,0.01660918,0.14947167,0.0671653,0.20480207,0.15571614,0.7876549,0.008197218,0.17348617,0.05029388,0.18610536,0.0570541
375316653866487564,6446680288493172608,0.5850427,2183.7998675516687,4.014079929406457,1.6988753E-5,18.450092,0.013311726,0.2594105,0.003517142,0.046618965,0.008911392,0.18446565,0.045902904,0.7629315,0.008554018,0.04496521,0.0073788404,0.23662212,0.031284057,0.12676121,0.017064476,0.2594105,0.003517142,"TWOGAUSSIANS_WITH_ELLIPSOIDAL_ON_ECLIPSE1",9,3.3813827,0.7629315,0.008284032,0.2518052,0.041321505,0.49002025,0.013427276,0.2594105,0.003517142,0.2610662,0.04990379,0.43798783,0.041771356
375316653866487564,6446702553603727488,0.42468625,2203.9925201171095,3.1559520481385808,1.5040078E-5,14.851384,0.14666896,0.17029937,0.019063465,0.3139546,0.06976075,0.21486127,0.13932888,0.6601102,0.010573644,0.12001285,0.056139633,0.1772618,0.15459184,null,null,null,null,"TWOGAUSSIANS",8,128.02467,0.6601102,0.010573644,0.4,0.0,0.11241492,0.023512283,0.17067936,0.017392155,0.4,0.0,0.03176722,0.0041519613
375316653866487564,6446711929515339648,0.616089,2219.9829819527013,1.4110119484112396,3.4631635E-6,13.318558,0.0053423485,0.26081392,0.0018479746,0.09371224,0.0037471468,0.27960888,0.009733054,0.76944166,0.0016044354,0.1059129,0.0039940076,0.17202729,0.0050359196,null,null,null,null,"TWOGAUSSIANS",8,40.583958,0.26081392,0.0018479746,0.4,0.0,0.2629594,0.011736251,0.76944166,0.0016044354,0.4,0.0,0.15537287,0.0027942606
375316653866487564,6446718702680916608,0.4877292,2207.818875089877,4.89455908213093,2.8420893E-5,16.587774,0.0012419196,0.29202825,0.013862201,0.025225263,0.01296553,0.0333749,0.052121323,0.63938314,0.004969171,0.060218554,0.0051361015,0.065773256,0.004274184,null,null,null,null,"TWOGAUSSIANS",8,3.0338123,0.63938314,0.004969171,0.3372239,0.028762167,0.065773256,0.004274184,0.29202825,0.013862201,0.14126147,0.072606966,0.033374906,0.05212133
375316653866487564,6446720111430080128,0.50284994,2199.5825947383555,1.2170354854674736,1.40777765E-5,13.343974,0.020754585,0.25893357,0.0055533587,0.13297477,0.02902594,0.06515188,0.020104146,0.7469065,0.002850912,0.11879328,0.02141682,0.061024524,0.019433053,null,null,null,null,"TWOGAUSSIANS",8,16.470852,0.25900358,0.0055461894,0.4,0.0,0.049223073,0.0021298635,0.7469065,0.002850912,0.4,0.0,0.045193713,0.0018023654
375316653866487564,6446730140178058752,0.51845324,2223.9028360652387,2.4941485995460653,1.0522039E-5,18.321562,0.012734524,0.25675777,0.0073067467,0.09972881,0.013545144,0.12356414,0.013198075,0.7250366,0.0032752168,0.09479764,0.0085227,0.19336434,0.011641676,null,null,null,null,"TWOGAUSSIANS",8,2.1284792,0.7250366,0.0032752168,0.4,0.0,0.18607058,0.008093153,0.25675777,0.00731656,0.4,0.0,0.11626927,0.010122542
375316653866487564,6446738596969475072,0.5422895,2200.006685375462,3.894540061416697,1.2930702E-5,14.890002,0.006560704,0.31743777,0.0031008339,0.07403583,0.0036394657,0.38518852,0.008225627,0.8054597,0.0032075562,0.07026816,0.0036275198,0.46538302,0.03305234,null,null,null,null,"TWOGAUSSIANS",8,304.64288,0.8054597,0.0032075562,0.39350173,0.018357905,0.4638236,0.033291306,0.31743777,0.0031008339,0.4,0.0,0.38362908,0.008142308
375316653866487564,6446741204012094464,0.45713437,2209.086590253395,0.44803132711184346,3.2052674E-5,18.301456,0.0050505786,0.17564422,2.201677E-4,0.0036662885,2.2704668E-4,0.24048413,0.008657438,0.74153376,0.014767351,0.074505165,0.015011341,0.091744505,0.0152640715,null,null,null,null,"TWOGAUSSIANS",8,8.084196,0.17564422,2.201677E-4,0.020531217,0.0012714614,0.24048413,0.008657454,0.74153376,0.014767351,0.4,0.045325138,0.091744505,0.0152640715
375316653866487564,6446753126841396864,0.52114105,2194.8855779577566,2.9925837247584646,2.0566004E-5,18.79035,0.017668013,0.27839172,0.0071057677,0.08816545,0.01397799,0.21539716,0.016573949,0.7730105,0.0055653425,0.08952591,0.01008303,0.26549318,0.017050881,null,null,null,null,"TWOGAUSSIANS",8,3.0387788,0.7730105,0.0055653425,0.4,0.0,0.25711453,0.011792934,0.27839172,0.0071057677,0.4,0.0,0.20701855,0.010327539
375316653866487564,6446770585885598592,0.61705685,2198.383214196422,1.2082030387027725,3.3115657E-6,14.856245,0.006044962,0.28541943,0.0010664037,0.09726135,0.002977764,0.19029844,0.0056619765,0.7955283,0.0014207207,0.11888413,0.0052869725,0.12192312,0.00567627,null,null,null,null,"TWOGAUSSIANS",8,5.752741,0.28539944,0.0010711108,0.4,0.0,0.17223635,0.0026233955,0.7955283,0.0014207207,0.4,0.0,0.103824526,0.0021263033
375316653866487564,6446775357591850624,0.5657047,2210.069701003383,2.780099065744565,2.3196204E-5,17.534592,0.012225317,0.31744915,0.004872844,0.055982355,0.006281065,0.29961732,0.09048945,0.8043644,0.002584765,0.041800328,0.0051420038,0.40179124,0.027103476,0.06775118,0.01509958,0.31744915,0.004872844,"TWOGAUSSIANS_WITH_ELLIPSOIDAL_ON_ECLIPSE1",9,18.816292,0.8049444,0.0025326065,0.23408183,0.02879522,0.53640616,0.029348893,0.31744915,0.004872844,0.31350118,0.035173964,0.43510568,0.080187194
375316653866487564,6446775568047638016,0.46562892,2209.772090306459,1.180571974548322,1.4002775E-5,16.268589,0.0014420399,0.15928073,0.0021661115,0.0031612983,0.0012033078,0.09670095,0.34550878,0.6534773,0.005852185,0.03888078,0.005516403,0.030377276,0.002422634,null,null,null,null,"TWOGAUSSIANS",8,5.1942296,0.15928073,0.0021661115,0.01770327,0.0067385235,0.09670095,0.34550878,0.6534773,0.005852185,0.21773238,0.030891856,0.030377276,0.002422634
375316653866487564,6446781095669826304,0.5622491,2250.342533509385,3.3097925763999743,1.171894E-5,18.731749,0.0075042415,0.26558673,0.0028443732,0.07798109,0.0040213773,0.50882465,0.023612618,0.76008064,0.0029103647,0.07538188,0.0033725954,0.36055073,0.009259218,null,null,null,null,"TWOGAUSSIANS",8,2.925209,0.26558673,0.0028443732,0.4,0.0,0.50507206,0.024268195,0.76008064,0.0029103647,0.4,0.0,0.3567981,0.008743359
375316653866487564,6446782439995360128,0.4972363,2224.327457004574,3.506337880667261,1.4686818E-5,18.34858,0.0036489102,null,null,null,null,null,null,null,null,null,null,null,null,0.0851147,0.005559178,0.25617364,0.0041341064,"ELLIPSOIDAL",4,4.0805473,null,null,null,null,null,null,null,null,null,null,null,null
375316653866487564,6446803055835914496,0.5353253,2325.3895571429675,1.1646601937193017,3.4807348E-5,17.140928,0.003212343,0.31212637,0.0068033435,0.06934404,0.0060640615,0.17451699,0.011612949,0.84087664,8.6926615E-5,0.033236362,0.0014414339,0.15828638,0.0061793784,null,null,null,null,"TWOGAUSSIANS",8,1.575438,0.31212637,0.0068033435,0.3883266,0.019480886,0.17451645,0.011613778,0.84087664,8.6926615E-5,0.18612362,0.00807203,0.15828584,0.0061802305
375316653866487564,6446803090198055808,0.49416906,2209.4473120250254,2.816311585819563,1.2189822E-5,17.35838,0.002331064,0.7696856,0.0041522165,0.021730231,0.015983546,0.015728012,92.64151,null,null,null,null,null,null,0.059134446,0.003092408,0.7696856,0.0041522165,"ONEGAUSSIAN_WITH_ELLIPSOIDAL",6,6.106856,0.7696856,0.0041522165,0.1216893,0.089507855,0.13399677,92.6417,null,null,null,null,null,null
375316653866487564,6446807724465752960,0.58105403,2251.585986657092,2.1969238277429968,4.764104E-6,18.1885,0.009627225,0.26085883,0.0015509317,0.02909818,0.003679035,0.4520055,0.031007735,0.75787026,4.0235242E-4,0.03105446,0.0016274685,0.66344136,0.016572462,0.032864418,0.014022839,0.26085883,0.0015509317,"TWOGAUSSIANS_WITH_ELLIPSOIDAL_ON_ECLIPSE1",9,14.41885,0.7578903,4.0218187E-4,0.17390497,0.009113824,0.72914714,0.02503056,0.26085883,0.0015509317,0.1629498,0.020602595,0.5177343,0.038491063
375316653866487564,6446850059960791680,0.541346,2213.798373879309,2.661521299482248,1.4310912E-5,16.41878,0.0070963656,0.25758013,0.0022635257,0.068923645,0.008241894,0.3049256,0.034209765,0.7489633,0.0025263792,0.08071847,0.004590391,0.42764103,0.020815292,null,null,null,null,"TWOGAUSSIANS",8,48.737503,0.7489633,0.0025263792,0.4,0.0,0.4253793,0.021255473,0.25758013,0.0022635257,0.38597244,0.035896257,0.30266383,0.035439532
375316653866487564,6446853010602520704,0.56846565,2253.7600004954093,2.2144497043451477,8.641685E-6,18.872103,0.0053482135,0.2175153,0.006372349,0.082646936,0.008628539,0.12309958,0.007411098,0.72446907,0.0018583394,0.06889354,0.0024901028,0.30020106,0.0060398313,null,null,null,null,"TWOGAUSSIANS",8,0.7677781,0.72446907,0.0018583394,0.38580382,0.0139445765,0.29885405,0.005484019,0.2175153,0.006372349,0.4,0.0,0.12175256,0.007321786
375316653866487564,6446853285480445056,0.57330525,2249.5975323620423,3.74694851155268,5.8602695E-6,18.694693,0.008420593,0.26041484,0.0014940812,0.064813554,0.0021030186,0.57536,0.016646579,0.761896,0.0017696619,0.059376586,0.00276795,0.65830326,0.03639436,null,null,null,null,"TWOGAUSSIANS",8,4.5206385,0.761896,0.0017696619,0.3325089,0.01550052,0.65795034,0.0364836,0.26041484,0.0014940812,0.3629559,0.011776904,0.5750071,0.016653461
375316653866487564,6446857722182502528,0.5996064,2211.153700749374,2.1339935422054124,6.9583207E-6,12.859235,0.012543489,0.24903958,0.0020108745,0.101172164,0.0066620265,0.19832869,0.01176792,0.7562485,0.0037587013,0.09567238,0.01081418,0.1296474,0.010986302,null,null,null,null,"TWOGAUSSIANS",8,38.504158,0.24903958,0.0020108745,0.4,0.0,0.18670093,0.006503962,0.7562485,0.0037587013,0.4,0.0,0.118021406,0.0066138436
375316653866487564,6446860123066975616,0.51015854,2243.416546265097,4.098774030411758,1.9278817E-5,19.059933,0.017837554,0.25087228,0.00379661,0.095288545,0.009280898,0.25501516,0.015568637,0.74586964,0.011859954,0.08976736,0.010429728,0.33073315,0.028366337,null,null,null,null,"TWOGAUSSIANS",8,2.3850994,0.74586964,0.011859954,0.4,0.0,0.31679502,0.02420656,0.25087228,0.00379661,0.4,0.0,0.24107662,0.009763164
375316653866487564,6446869434556168832,0.64225805,2215.848434852165,3.427472155098141,6.045004E-6,17.4344,0.008214676,0.1786848,0.001264577,0.05148536,0.0019529752,0.43479195,0.022187622,0.6811239,0.00374413,0.049805142,0.0038944678,0.30695137,0.019428497,0.110347904,0.01172356,0.1786848,0.001264577,"TWOGAUSSIANS_WITH_ELLIPSOIDAL_ON_ECLIPSE1",9,6.8601823,0.1786848,0.001264577,0.28831804,0.010936661,0.655483,0.009775788,0.6811239,0.00374413,0.2789088,0.021809021,0.52759063,0.009970095
375316653866487564,6446878814765056384,0.48808557,2322.9700552438594,0.0063280869924301365,4.823534E-5,18.39839,0.008548541,0.36657336,7.5093214E-4,0.005719355,0.0016415126,0.88995236,0.6996645,0.7580982,0.015667737,0.019091817,0.019087736,0.060170468,0.087978385,0.007816905,0.009343213,0.7580982,0.015667737,"TWOGAUSSIANS_WITH_ELLIPSOIDAL_ON_ECLIPSE2",9,9.425021,0.36657336,7.619909E-4,0.03202839,0.009192471,0.89938086,0.7009453,0.7580982,0.015667737,0.10691417,0.10689132,0.07580427,0.09461821
375316653866487564,6446899469264533248,0.5045378,2184.874454284328,0.9720335755008702,1.2169873E-5,19.047096,0.0071584713,0.25103757,0.0072526005,0.018297264,0.007305481,0.3355029,0.03137036,0.7525556,0.0023296047,0.01727272,0.0017653881,0.44052422,0.01821673,null,null,null,null,"TWOGAUSSIANS",8,5.6161604,0.7525556,0.0023296047,0.09672723,0.009886173,0.44052422,0.01821673,0.25103757,0.0072526005,0.102464676,0.040910695,0.3355029,0.03137036
