Gaia/vari_eclipsing_binary/VariEclipsingBinary_466906-466920.csv
# %ECSV 1.0
# ---
# delimiter: ','
# meta: !!omap
# - RELEASE: Gaia DR3
# - TABLE: vari_eclipsing_binary
# - DESCRIPTION: >
#     This table describes the properties of the eclipsing binaries resulting from the variability analysis. 
# - CITATION: >
#     How to cite and acknowledge Gaia: 
#     https://gea.esac.esa.int/archive/documentation/credits.html 
# - KNOWN_ISSUES: >
#     Known issues: 
#     https://www.cosmos.esa.int/web/gaia-users/known-issues 
# - DOCUMENTATION: >
#     Tutorials and documentation: 
#     https://www.cosmos.esa.int/web/gaia-users/archive 
# datatype:
# - 
#   name: solution_id
#   datatype: int64
#   description: Solution Identifier
#   meta:
#     ucd: meta.version
# - 
#   name: source_id
#   datatype: int64
#   description: Unique source identifier
#   meta:
#     ucd: meta.id;meta.main
# - 
#   name: global_ranking
#   datatype: float32
#   description: Number between 0 (worst) and 1 (best)
#   meta:
#     ucd: stat.param
# - 
#   name: reference_time
#   datatype: float64
#   unit: d
#   description: Reference time used for the geometric model fit
#   meta:
#     ucd: time.epoch
# - 
#   name: frequency
#   datatype: float64
#   unit: d**-1
#   description: Frequency of geometric model of the eclipsing binary light curve
#   meta:
#     ucd: src.orbital
# - 
#   name: frequency_error
#   datatype: float32
#   unit: d**-1
#   description: "Uncertainty of \\texttt{frequency}"
#   meta:
#     ucd: stat.error
# - 
#   name: geom_model_reference_level
#   datatype: float32
#   unit: mag
#   description: Magnitude reference level of geometric model
#   meta:
#     ucd: phot.mag;em.opt
# - 
#   name: geom_model_reference_level_error
#   datatype: float32
#   unit: mag
#   description: "Uncertainty of \\texttt{geomModelReferenceLevel}"
#   meta:
#     ucd: stat.error;phot.mag;em.opt
# - 
#   name: geom_model_gaussian1_phase
#   datatype: float32
#   description: Phase of the Gaussian 1 component
#   meta:
#     ucd: time.phase
# - 
#   name: geom_model_gaussian1_phase_error
#   datatype: float32
#   description: "Uncertainty of \\texttt{geomModelGaussian1Phase}"
#   meta:
#     ucd: stat.error;time.phase
# - 
#   name: geom_model_gaussian1_sigma
#   datatype: float32
#   description: "Standard deviation [phase] of Gaussian 1 component"
#   meta:
#     ucd: stat.stdev
# - 
#   name: geom_model_gaussian1_sigma_error
#   datatype: float32
#   description: "Uncertainty of \\texttt{geomModelGaussian1Sigma}"
#   meta:
#     ucd: stat.error
# - 
#   name: geom_model_gaussian1_depth
#   datatype: float32
#   unit: mag
#   description: Magnitude depth of Gaussian 1 component
#   meta:
#     ucd: src.var.amplitude
# - 
#   name: geom_model_gaussian1_depth_error
#   datatype: float32
#   unit: mag
#   description: "Uncertainty of \\texttt{geomModelGaussian1Depth}"
#   meta:
#     ucd: stat.error;src.var.amplitude
# - 
#   name: geom_model_gaussian2_phase
#   datatype: float32
#   description: Phase of Gaussian 2 component
#   meta:
#     ucd: time.phase
# - 
#   name: geom_model_gaussian2_phase_error
#   datatype: float32
#   description: "Uncertainty of \\texttt{geomModelGaussian2Phase}"
#   meta:
#     ucd: stat.error;time.phase
# - 
#   name: geom_model_gaussian2_sigma
#   datatype: float32
[...]
#   datatype: float32
#   description: "Secondary eclipse: uncertainty of \\texttt{derivedSecondaryEclDuration}"
#   meta:
#     ucd: stat.error;time.duration
# - 
#   name: derived_secondary_ecl_depth
#   datatype: float32
#   unit: mag
#   description: "Secondary eclipse: depth"
#   meta:
#     ucd: src.var.amplitude
# - 
#   name: derived_secondary_ecl_depth_error
#   datatype: float32
#   unit: mag
#   description: "Secondary eclipse: uncertainty of \\texttt{derivedSecondaryEclDepth}"
#   meta:
#     ucd: stat.error;src.var.amplitude
solution_id,source_id,global_ranking,reference_time,frequency,frequency_error,geom_model_reference_level,geom_model_reference_level_error,geom_model_gaussian1_phase,geom_model_gaussian1_phase_error,geom_model_gaussian1_sigma,geom_model_gaussian1_sigma_error,geom_model_gaussian1_depth,geom_model_gaussian1_depth_error,geom_model_gaussian2_phase,geom_model_gaussian2_phase_error,geom_model_gaussian2_sigma,geom_model_gaussian2_sigma_error,geom_model_gaussian2_depth,geom_model_gaussian2_depth_error,geom_model_cosine_half_period_amplitude,geom_model_cosine_half_period_amplitude_error,geom_model_cosine_half_period_phase,geom_model_cosine_half_period_phase_error,model_type,num_model_parameters,reduced_chi2,derived_primary_ecl_phase,derived_primary_ecl_phase_error,derived_primary_ecl_duration,derived_primary_ecl_duration_error,derived_primary_ecl_depth,derived_primary_ecl_depth_error,derived_secondary_ecl_phase,derived_secondary_ecl_phase_error,derived_secondary_ecl_duration,derived_secondary_ecl_duration_error,derived_secondary_ecl_depth,derived_secondary_ecl_depth_error
[from data line 189]
375316653866487564,4106982251168715520,0.46384147,2160.304765214185,3.298776370743572,4.0744384E-5,19.145031,0.04688447,0.22735433,0.011742601,0.09770387,0.028517805,0.25053135,0.0544801,0.73374236,0.0101866275,0.10466552,0.028469484,0.22533944,0.070633315,null,null,null,null,"TWOGAUSSIANS",8,2.4018724,0.22735433,0.011749872,0.4,0.0,0.22984113,0.054252718,0.73374236,0.010184418,0.4,0.0,0.20464511,0.06951346
375316653866487564,4106982251168924288,0.4817071,2209.8740020310715,0.2158945276998139,5.469785E-5,19.040564,0.025965298,0.29595178,0.0101630995,0.14659096,0.026730545,0.21227416,0.021624073,0.8370757,6.4566516E-4,0.043691903,0.0031408411,1.7125137,0.4071896,null,null,null,null,"TWOGAUSSIANS",8,2.1383572,0.83710575,6.005364E-4,0.24467465,0.01758871,1.7050544,0.41318607,0.29595178,0.0101630995,0.4,0.0,0.20299959,0.014134702
375316653866487564,4106982251168971904,0.54951006,2195.423620403221,3.082577446105546,1.9590627E-5,19.254848,0.026406424,0.24072821,0.0066818064,0.08116074,0.0073032565,0.4028737,0.03442485,0.752194,0.015202881,0.09642376,0.020226736,0.42693773,0.052479025,null,null,null,null,"TWOGAUSSIANS",8,1.8581866,0.752194,0.015202881,0.4,0.0,0.41384855,0.058512624,0.24072821,0.0066818064,0.4,0.0,0.38978595,0.024788037
375316653866487564,4106982319887974656,0.52434605,2205.27998559659,2.706837855398865,2.0447249E-5,19.796572,0.006510414,0.16811813,0.060877897,0.012906811,0.02394785,0.97907656,0.9931644,0.4393183,0.030310078,0.026956776,0.031255364,0.1245406,0.10398025,null,null,null,null,"TWOGAUSSIANS",8,1.5250738,0.16811813,0.060877897,0.07227814,0.13410796,0.97907656,0.9931645,0.4393183,0.030310078,0.15095794,0.17503005,0.1245406,0.10398026
375316653866487564,4106982422995756928,0.46722138,2202.099644638682,0.18507551335167205,1.8774437E-5,15.679112,0.0043664463,0.267951,0.036955025,0.05237273,0.033543274,0.044833664,0.22319026,0.7429172,0.0033439142,0.04001546,0.005148015,0.092112005,0.0343119,null,null,null,null,"TWOGAUSSIANS",8,9.519696,0.7429172,0.0033439142,0.22408657,0.028828884,0.092112,0.03431191,0.267951,0.036955025,0.29328728,0.18784234,0.04483365,0.22319028
375316653866487564,4106982422995762304,0.6734306,2183.661581468482,2.0831476256410255,4.7713856E-6,15.554046,9.986699E-4,0.73717874,0.0010429478,0.059434805,0.0017531038,0.21158955,0.0055096913,null,null,null,null,null,null,0.052765124,0.0014247965,0.73717874,0.0010429478,"ONEGAUSSIAN_WITH_ELLIPSOIDAL",6,3.1441383,0.73717874,0.0010429478,0.3328349,0.009817381,0.3170888,0.005186854,null,null,null,null,null,null
375316653866487564,4106982663486351616,0.53708994,2214.665189204869,2.3548197095551946,1.3623276E-4,18.453386,0.0050302823,0.7642963,0.0793597,0.047053177,0.058842428,0.0922166,1.2881924,0.6100674,0.0022610724,0.018462611,0.004385192,0.8594381,0.32375577,null,null,null,null,"TWOGAUSSIANS",8,7.8120937,0.61007744,0.0021906446,0.10339063,0.024557075,0.8598667,0.3801134,0.7642963,0.079377696,0.26349777,0.25735885,0.0922166,1.2881924
375316653866487564,4106982869672433024,0.5574369,2213.276801608476,2.6712460294882776,1.7112747E-5,17.910492,0.012457519,0.25271407,0.0024321652,0.067514405,0.006522852,0.3094535,0.013847538,0.7528937,0.0039729574,0.08169803,0.007160097,0.31260142,0.017946308,null,null,null,null,"TWOGAUSSIANS",8,6.3765373,0.7528937,0.0039729574,0.4,0.0,0.31035295,0.018060673,0.25271407,0.0024321652,0.37808067,0.036527973,0.30720502,0.013291404
375316653866487564,4106982972755232512,0.5058267,2100.6944273521444,3.329787325736565,1.9205958E-5,19.24359,0.031123076,0.26013646,0.007713562,0.0651094,0.013961138,0.74203897,0.10440039,0.75872254,0.005205034,0.07482504,0.0073664016,0.5757306,0.07359217,null,null,null,null,"TWOGAUSSIANS",8,11.002571,0.26013646,0.007713562,0.36461264,0.05193623,0.7399362,0.10675905,0.75872254,0.005205034,0.4,0.0070144236,0.57362777,0.0737798
375316653866487564,4106983350681969920,0.5345105,2203.5235876572606,2.7588809547233306,4.4115586E-5,18.448944,0.10037571,0.23376074,0.008404486,0.11668033,0.056871563,0.26308054,0.058064,0.7140126,0.008345905,0.10085431,0.017006323,0.32451233,0.09206555,null,null,null,null,"TWOGAUSSIANS",8,4.403066,0.7140126,0.008345905,0.4,0.0,0.29137692,0.022787862,0.23377074,0.008418559,0.4,0.0,0.22988147,0.039713442
375316653866487564,4106983591208518784,0.45975912,2309.507225885127,2.235825694444837,8.766299E-5,18.720097,0.016257677,0.30857843,0.012587483,0.070362784,0.025919978,0.09558963,0.04066132,0.8037465,0.0135850385,0.05676872,0.017791701,0.15342431,0.023017388,null,null,null,null,"TWOGAUSSIANS",8,2.8001409,0.8037465,0.0135850385,0.31790483,0.09963352,0.15333621,0.022933757,0.30857843,0.012587483,0.39403158,0.11624046,0.095501535,0.040763885
375316653866487564,4106984037887435776,0.5409923,2299.282710363801,2.782911320147955,1.8149869E-5,18.943521,0.020191913,0.31259713,0.0044340976,0.06360234,0.010982632,0.7646957,0.24357581,0.80903524,0.022918979,0.060929902,0.014580102,0.56137055,0.09746875,null,null,null,null,"TWOGAUSSIANS",8,7.5200543,0.31259713,0.0044340976,0.35617313,0.053678256,0.7643259,0.24433525,0.80903524,0.022918979,0.34120747,0.081648566,0.56100076,0.09731206
375316653866487564,4106984209703102336,0.70346963,2253.363211666747,1.9910259405574842,7.306232E-6,15.982772,0.022753851,0.3036329,8.9106394E-4,0.053969007,0.008278635,0.24668954,0.041385736,0.80207825,0.018317044,0.06408182,0.018548695,0.17817342,0.051019046,0.13642095,0.025595794,0.3036329,8.9106394E-4,"TWOGAUSSIANS_WITH_ELLIPSOIDAL_ON_ECLIPSE1",9,5.2753925,0.3036329,8.9106394E-4,0.30222642,0.04636036,0.5194457,0.011412011,0.80259824,0.017703578,0.35885817,0.1038727,0.45091215,0.02584601
375316653866487564,4106984312765509760,0.5620276,2287.7862879211407,2.7908741263542782,1.9112811E-5,17.562433,0.006220971,0.24993867,0.005834339,0.041258536,0.023192124,0.11502982,0.2271924,null,null,null,null,null,null,0.09157644,0.008182496,0.24993867,0.005834339,"ONEGAUSSIAN_WITH_ELLIPSOIDAL",6,5.609311,0.24993867,0.005834339,0.2310478,0.1298759,0.29818267,0.23631255,null,null,null,null,null,null
375316653866487564,4106984450204256384,0.5263102,2310.6228011730113,2.82772109160445,5.296989E-5,19.543043,0.06483876,0.28586626,0.012735855,0.089538865,0.022505095,0.5894009,0.066928744,0.7708605,0.0063619264,0.08752443,0.013419992,0.5305537,0.06450327,null,null,null,null,"TWOGAUSSIANS",8,4.06169,0.28586626,0.012735855,0.4,0.010223128,0.57311815,0.05536968,0.7708605,0.0063619264,0.4,0.0,0.51427114,0.05518094
375316653866487564,4106984587660197120,0.53360456,2263.0923806591763,2.438869072494737,1.4816561E-5,17.530493,0.2342264,0.2483728,0.008480259,0.12783743,0.093611956,0.29915264,0.17902082,0.72642845,0.007672634,0.098945275,0.023153014,0.35764673,0.16932172,null,null,null,null,"TWOGAUSSIANS",8,14.01281,0.72642845,0.007672634,0.4,0.0,0.31284022,0.025451599,0.24838279,0.008436024,0.4,0.0,0.25400278,0.05286762
375316653866487564,4106984656379709056,0.46692002,2292.6485933311706,4.579253543491616,7.039095E-5,19.35048,0.18444666,0.48484448,0.035401933,0.113402076,0.10093738,0.27664798,0.40036818,0.84945315,0.13533965,0.13159318,0.082858816,0.10567499,0.1467758,null,null,null,null,"TWOGAUSSIANS",8,2.4625757,0.48716447,0.033987444,0.4,0.021377457,0.26788127,0.40277073,0.84945315,0.13533965,0.4,0.027153322,0.096151665,0.041467577
375316653866487564,4106984862538135808,0.58061266,2269.287800903171,0.6179994025645864,1.5486601E-4,15.05675,0.010093754,0.23116459,0.024791984,0.034552444,0.049896795,0.19603208,0.16204366,0.544047,0.0625186,0.2706223,0.21900411,0.012406874,0.009331708,null,null,null,null,"TWOGAUSSIANS",8,10.340635,0.23130459,0.024823038,0.19349368,0.20215994,0.19838454,0.16373403,0.544047,0.0625186,0.4,0.0,0.0079313405,0.0062354933
375316653866487564,4106985029953605248,0.6581282,2288.21326991901,2.361552204021931,4.0501213E-6,16.170712,0.010397484,0.124440655,0.0017514457,0.045686617,0.0037341954,0.31211138,0.023837762,0.617062,0.001764638,0.0547067,0.0034894538,0.35382587,0.027541647,0.12260164,0.015787886,0.617062,0.001764638,"TWOGAUSSIANS_WITH_ELLIPSOIDAL_ON_ECLIPSE2",9,19.433495,0.617062,0.001764638,0.3063575,0.019540941,0.5990182,0.012324206,0.123590656,0.0015817267,0.25584507,0.020911494,0.5568374,0.013187192
375316653866487564,4106985274838857728,0.44005707,2300.621484247069,4.989834063667615,1.5280308E-4,19.631487,0.4310622,0.53133243,0.045488905,0.18911043,0.13868871,0.55852795,0.40038154,0.9327169,0.07119363,0.0834643,0.052323528,0.2152801,0.07395029,null,null,null,null,"TWOGAUSSIANS",8,7.838054,0.53134245,0.04548865,0.4,0.0,0.48444667,0.1132217,0.9327169,0.07119363,0.4,0.21697122,0.20364468,0.06397595
375316653866487564,4106985687155256576,0.47652495,2262.4708835405477,0.41826830317315356,4.016877E-5,18.946493,0.008598293,0.2815697,0.005552066,0.05217766,0.009100633,0.2079461,0.048052527,0.8388348,0.008020074,0.083128326,0.011350744,0.15948159,0.016076002,null,null,null,null,"TWOGAUSSIANS",8,1.3778704,0.2815697,0.005552066,0.2921949,0.05096354,0.20787515,0.048102044,0.8388348,0.008020074,0.4,0.0,0.15941052,0.016108967
375316653866487564,4106985751508458112,0.5757488,2278.1667044044775,2.7430635624811543,8.484865E-6,17.365608,0.015353619,0.22243945,0.003462668,0.076744646,0.008009111,0.38761064,0.05218959,0.71789926,0.0035648549,0.081134945,0.007204237,0.39665386,0.032974042,null,null,null,null,"TWOGAUSSIANS",8,8.940369,0.71789926,0.0035648549,0.4,0.0,0.3919031,0.03422752,0.22243945,0.003462668,0.4,0.0,0.3828599,0.054168668
375316653866487564,4106985755874940544,0.54062384,2289.8238350869415,0.49703103449056696,2.0583373E-5,19.587076,0.18923841,0.3207771,0.010058627,0.107838854,0.029740473,0.40527037,0.1845385,0.7973623,0.035921488,0.12222384,0.051872358,0.38217348,0.18578024,null,null,null,null,"TWOGAUSSIANS",8,1.8949823,0.32091707,0.009319314,0.4,0.0,0.34661812,0.021267127,0.7973623,0.035921488,0.4,0.0,0.32331663,0.038539283
375316653866487564,4106985820228000640,0.5262329,2271.2659100108485,3.531267831093461,3.3739158E-5,17.169786,0.026980529,0.24623813,0.0028611773,0.09350912,0.014523827,0.21992616,0.022580432,0.7483759,0.006647751,0.101031944,0.017512592,0.18451895,0.026157254,null,null,null,null,"TWOGAUSSIANS",8,14.847464,0.24623813,0.0028593575,0.4,0.0,0.20560297,0.008545694,0.7483759,0.006647751,0.4,0.0,0.17019424,0.015544267
375316653866487564,4106985992032939904,0.46816415,2261.199902006806,0.7882298423226078,1.9855874E-5,18.069601,0.023621632,0.19770512,0.018260855,0.07262556,0.025765777,0.17684284,0.0159642,0.71716374,0.024901059,0.094409235,0.030111622,0.23306292,0.10159225,null,null,null,null,"TWOGAUSSIANS",8,3.072031,0.71716374,0.024901059,0.4,0.0,0.22980784,0.110160224,0.19770512,0.018260855,0.4,0.010179018,0.17358837,0.018509952
375316653866487564,4106986168181934592,0.47263345,2243.8965887867844,0.46831886335678524,2.0838156E-4,19.14582,0.016904363,0.32797527,0.007470966,0.060233355,0.010632416,0.25651985,0.06097548,0.80008143,0.021207491,0.084380105,0.035473906,0.1642138,0.022526229,null,null,null,null,"TWOGAUSSIANS",8,3.185313,0.32797527,0.007470966,0.33730677,0.05954153,0.25602454,0.0611094,0.80008143,0.021207491,0.4,0.10570722,0.16371848,0.022344897
375316653866487564,4106986443085802240,0.47533494,2231.514899528941,1.013448969078932,4.4797012E-5,19.277092,0.009783752,null,null,null,null,null,null,null,null,null,null,null,null,0.11125377,0.01629274,0.20057495,0.010141492,"ELLIPSOIDAL",4,3.9211762,null,null,null,null,null,null,null,null,null,null,null,null
375316653866487564,4106986546164973824,0.5522347,2240.3956062566745,1.0700318083572455,8.32857E-6,17.763956,0.005430898,0.16964968,0.005659675,0.082994714,0.009584765,0.107819214,0.006381161,0.65161496,0.002748773,0.08718624,0.0048748762,0.17542379,0.0061460063,null,null,null,null,"TWOGAUSSIANS",8,1.0098624,0.65161496,0.002748773,0.4,0.0,0.17274132,0.0054407627,0.16964968,0.005659675,0.4,0.0,0.1051368,0.005641053
375316653866487564,4106986614858935168,0.5794319,2228.081514357026,2.903999701138243,1.1559706E-5,19.317022,0.013209523,0.2389674,0.0047204983,0.063626975,0.01413091,0.5135822,0.17884909,0.7523918,0.020969821,0.04905325,0.024853474,0.6185214,0.2158027,null,null,null,null,"TWOGAUSSIANS",8,1.645018,0.7523918,0.020969821,0.27469823,0.13917945,0.6184871,0.21614745,0.2389674,0.0047204983,0.35631108,0.04838466,0.51354796,0.17905284
375316653866487564,4106986649244224256,0.45820537,2254.3589187934126,0.564824958183946,5.435299E-5,18.659918,0.11453178,0.12331903,0.03747306,0.10250888,0.047765795,0.07621132,0.047004487,0.5574892,0.019142315,0.19615105,0.10456035,0.16927977,0.10377235,null,null,null,null,"TWOGAUSSIANS",8,2.7033148,0.5574892,0.019142315,0.4,0.0,0.12753727,0.020106947,0.14843902,0.04942408,0.4,0.0,0.053256877,0.030560225
375316653866487564,4106986889737872640,0.54407585,2220.7821404021824,0.29324458979418405,6.6474764E-5,19.306767,0.024463713,0.20366049,0.043643285,0.055232204,0.04295592,0.13306989,0.026437383,0.72388005,0.018234896,0.089693464,0.03366962,0.17410073,0.023820242,null,null,null,null,"TWOGAUSSIANS",8,1.3038737,0.72388005,0.018234896,0.4,0.0,0.17361449,0.013304552,0.20366049,0.043651737,0.30930033,0.12171688,0.13258375,0.014555827
375316653866487564,4106986889762436864,0.59945124,2246.494086944038,2.7471795422117786,2.5337908E-5,13.14887,0.0021351157,0.217961,0.0105114225,0.0645615,0.009510577,0.04555705,0.009580002,0.75955176,0.0037874442,0.021854538,0.0061609466,0.05034989,0.00772921,0.063904256,0.00394022,0.75955176,0.0037874442,"TWOGAUSSIANS_WITH_ELLIPSOIDAL_ON_ECLIPSE2",9,84.92267,0.75955176,0.0037874442,0.12238541,0.0345013,0.17815669,0.011655706,0.238321,0.0050375536,0.3615444,0.05325923,0.16889305,0.008347103
375316653866487564,4106987095896796032,0.45816776,2289.5815995279117,0.21580689978709602,4.2669573E-5,18.037363,0.022648629,0.26407185,0.018835802,0.104658216,0.053919856,0.1046955,0.025948104,0.7892099,0.0015892624,0.011383582,0.003141685,0.1222337,0.039519727,null,null,null,null,"TWOGAUSSIANS",8,4.2849035,0.7892099,0.0015900518,0.06374806,0.017593436,0.122232154,0.03955461,0.26407185,0.018835802,0.4,0.0,0.10469006,0.025800893
375316653866487564,4106987366416400000,0.52345014,2188.264951104282,1.846699593642685,1.7274433E-4,16.318834,0.004883743,0.58290833,0.017493842,0.028713658,0.012288236,0.58135283,0.14148268,null,null,null,null,null,null,null,null,null,null,"ONEGAUSSIAN",5,49.610798,0.58290833,0.017493842,0.1607965,0.06881412,0.58135283,0.0,null,null,null,null,null,null
375316653866487564,4106987435135920128,0.54464245,2223.0260929778183,2.2960331303255073,2.6727874E-5,18.74641,0.01908382,0.32839304,0.0059647746,0.07186965,0.006354552,0.46948588,0.035611764,0.81890315,0.030028513,0.06318574,0.01915777,0.4334322,0.046174675,null,null,null,null,"TWOGAUSSIANS",8,5.9922667,0.32839304,0.0059647746,0.4,0.018767813,0.4687526,0.03539812,0.81890315,0.030028513,0.3538401,0.075847805,0.4326989,0.045677673
375316653866487564,4106987778733459456,0.49067262,2234.0132110295162,3.1600461349070925,2.4248851E-5,17.277874,0.020658663,0.21888544,0.005383343,0.019653982,0.010890349,0.18979695,0.13531521,null,null,null,null,null,null,0.28093076,0.047829036,0.21888544,0.005383343,"ONEGAUSSIAN_WITH_ELLIPSOIDAL",6,193.70993,0.21888544,0.005383343,0.11006229,0.060985953,0.7516583,0.14040099,null,null,null,null,null,null
375316653866487564,4106987813093263232,0.60856503,2250.694228776273,2.3215528471319433,8.665119E-6,17.089365,0.0072195996,0.21754993,0.0013517069,0.073433004,0.003162905,0.49347463,0.019269291,0.716258,0.009884303,0.06928167,0.00469982,0.46094903,0.06438194,null,null,null,null,"TWOGAUSSIANS",8,12.292776,0.21754993,0.0013517069,0.4,0.0,0.49147627,0.019631809,0.716258,0.009884303,0.38797733,0.024084752,0.45895067,0.06471834
