Gaia/vari_eclipsing_binary/VariEclipsingBinary_696144-696386.csv
# %ECSV 1.0
# ---
# delimiter: ','
# meta: !!omap
# - RELEASE: Gaia DR3
# - TABLE: vari_eclipsing_binary
# - DESCRIPTION: >
#     This table describes the properties of the eclipsing binaries resulting from the variability analysis. 
# - CITATION: >
#     How to cite and acknowledge Gaia: 
#     https://gea.esac.esa.int/archive/documentation/credits.html 
# - KNOWN_ISSUES: >
#     Known issues: 
#     https://www.cosmos.esa.int/web/gaia-users/known-issues 
# - DOCUMENTATION: >
#     Tutorials and documentation: 
#     https://www.cosmos.esa.int/web/gaia-users/archive 
# datatype:
# - 
#   name: solution_id
#   datatype: int64
#   description: Solution Identifier
#   meta:
#     ucd: meta.version
# - 
#   name: source_id
#   datatype: int64
#   description: Unique source identifier
#   meta:
#     ucd: meta.id;meta.main
# - 
#   name: global_ranking
#   datatype: float32
#   description: Number between 0 (worst) and 1 (best)
#   meta:
#     ucd: stat.param
# - 
#   name: reference_time
#   datatype: float64
#   unit: d
#   description: Reference time used for the geometric model fit
#   meta:
#     ucd: time.epoch
# - 
#   name: frequency
#   datatype: float64
#   unit: d**-1
#   description: Frequency of geometric model of the eclipsing binary light curve
#   meta:
#     ucd: src.orbital
# - 
#   name: frequency_error
#   datatype: float32
#   unit: d**-1
#   description: "Uncertainty of \\texttt{frequency}"
#   meta:
#     ucd: stat.error
# - 
#   name: geom_model_reference_level
#   datatype: float32
#   unit: mag
#   description: Magnitude reference level of geometric model
#   meta:
#     ucd: phot.mag;em.opt
# - 
#   name: geom_model_reference_level_error
#   datatype: float32
#   unit: mag
#   description: "Uncertainty of \\texttt{geomModelReferenceLevel}"
#   meta:
#     ucd: stat.error;phot.mag;em.opt
# - 
#   name: geom_model_gaussian1_phase
#   datatype: float32
#   description: Phase of the Gaussian 1 component
#   meta:
#     ucd: time.phase
# - 
#   name: geom_model_gaussian1_phase_error
#   datatype: float32
#   description: "Uncertainty of \\texttt{geomModelGaussian1Phase}"
#   meta:
#     ucd: stat.error;time.phase
# - 
#   name: geom_model_gaussian1_sigma
#   datatype: float32
#   description: "Standard deviation [phase] of Gaussian 1 component"
#   meta:
#     ucd: stat.stdev
# - 
#   name: geom_model_gaussian1_sigma_error
#   datatype: float32
#   description: "Uncertainty of \\texttt{geomModelGaussian1Sigma}"
#   meta:
#     ucd: stat.error
# - 
#   name: geom_model_gaussian1_depth
#   datatype: float32
#   unit: mag
#   description: Magnitude depth of Gaussian 1 component
#   meta:
#     ucd: src.var.amplitude
# - 
#   name: geom_model_gaussian1_depth_error
#   datatype: float32
#   unit: mag
#   description: "Uncertainty of \\texttt{geomModelGaussian1Depth}"
#   meta:
#     ucd: stat.error;src.var.amplitude
# - 
#   name: geom_model_gaussian2_phase
#   datatype: float32
#   description: Phase of Gaussian 2 component
#   meta:
#     ucd: time.phase
# - 
#   name: geom_model_gaussian2_phase_error
#   datatype: float32
#   description: "Uncertainty of \\texttt{geomModelGaussian2Phase}"
#   meta:
#     ucd: stat.error;time.phase
# - 
#   name: geom_model_gaussian2_sigma
#   datatype: float32
[...]
#   datatype: float32
#   description: "Secondary eclipse: uncertainty of \\texttt{derivedSecondaryEclDuration}"
#   meta:
#     ucd: stat.error;time.duration
# - 
#   name: derived_secondary_ecl_depth
#   datatype: float32
#   unit: mag
#   description: "Secondary eclipse: depth"
#   meta:
#     ucd: src.var.amplitude
# - 
#   name: derived_secondary_ecl_depth_error
#   datatype: float32
#   unit: mag
#   description: "Secondary eclipse: uncertainty of \\texttt{derivedSecondaryEclDepth}"
#   meta:
#     ucd: stat.error;src.var.amplitude
solution_id,source_id,global_ranking,reference_time,frequency,frequency_error,geom_model_reference_level,geom_model_reference_level_error,geom_model_gaussian1_phase,geom_model_gaussian1_phase_error,geom_model_gaussian1_sigma,geom_model_gaussian1_sigma_error,geom_model_gaussian1_depth,geom_model_gaussian1_depth_error,geom_model_gaussian2_phase,geom_model_gaussian2_phase_error,geom_model_gaussian2_sigma,geom_model_gaussian2_sigma_error,geom_model_gaussian2_depth,geom_model_gaussian2_depth_error,geom_model_cosine_half_period_amplitude,geom_model_cosine_half_period_amplitude_error,geom_model_cosine_half_period_phase,geom_model_cosine_half_period_phase_error,model_type,num_model_parameters,reduced_chi2,derived_primary_ecl_phase,derived_primary_ecl_phase_error,derived_primary_ecl_duration,derived_primary_ecl_duration_error,derived_primary_ecl_depth,derived_primary_ecl_depth_error,derived_secondary_ecl_phase,derived_secondary_ecl_phase_error,derived_secondary_ecl_duration,derived_secondary_ecl_duration_error,derived_secondary_ecl_depth,derived_secondary_ecl_depth_error
[from data line 430]
375316653866487564,6125330526179562240,0.5107027,2211.6856035402893,2.967468562907137,9.054997E-6,15.410687,0.022640232,0.263263,0.004379833,0.10832797,0.009724478,0.22531293,0.023118507,0.75447536,0.003309214,0.10672893,0.012495721,0.22203429,0.017864276,null,null,null,null,"TWOGAUSSIANS",8,99.48846,0.263273,0.00438995,0.4,0.0,0.19807899,0.0108994115,0.75447536,0.003309214,0.4,0.0,0.19480357,0.0093020275
375316653866487564,6125334782479078272,0.42244807,2206.4962329886494,3.040341177409467,9.471422E-6,18.90842,0.006434856,0.40142602,0.03205012,0.1440049,0.030749919,0.10372199,0.01384888,0.61081064,0.0029584914,0.017142635,0.003948209,0.23094216,0.15522213,null,null,null,null,"TWOGAUSSIANS",8,7.6641183,0.61081064,0.0029584914,0.09599876,0.022109969,0.26648244,0.16235867,0.40142602,0.03205012,0.4,0.0,0.10322183,0.014074959
375316653866487564,6125335366596432000,0.5739832,2220.580330061202,3.611690184255508,5.1566703E-6,18.34907,0.008452847,0.28600118,0.0023710611,0.078458846,0.0026333733,0.5546016,0.02351236,0.7795954,0.0014117506,0.07023957,0.0021452354,0.542266,0.01477359,null,null,null,null,"TWOGAUSSIANS",8,6.2003927,0.28600118,0.0023710611,0.4,0.0,0.551281,0.023738857,0.7795954,0.0014117506,0.39334163,0.012013318,0.5389454,0.014725545
375316653866487564,6125336298602857856,0.5138528,2185.9776163512856,3.526579587249674,8.499173E-6,19.438704,0.019672234,0.22910038,0.0038449895,0.07780201,0.007961288,0.3672059,0.019020777,0.73241776,0.0050515835,0.07854556,0.006817342,0.31669578,0.0244693,null,null,null,null,"TWOGAUSSIANS",8,2.3675404,0.22910038,0.0038449895,0.4,0.0,0.36337644,0.016927354,0.73241776,0.0050515835,0.4,0.0,0.31286633,0.022021255
375316653866487564,6125341143338900736,0.4716054,2224.8307723775033,3.4456564566142465,1.9776671E-5,17.997013,0.0027585218,0.76560533,0.0026062296,0.006095484,0.0023869076,0.049737263,0.17927538,null,null,null,null,null,null,0.06737291,0.003644172,0.76560533,0.0026062296,"ONEGAUSSIAN_WITH_ELLIPSOIDAL",6,7.2985935,0.76560533,0.0026062296,0.03413471,0.0133666815,0.18448305,0.17928037,null,null,null,null,null,null
375316653866487564,6125345777597800448,0.5479189,2196.2943099647773,1.476703558742537,5.8861456E-6,19.094284,0.0029373576,0.24564247,0.0037015527,0.059231464,0.005311542,0.15815441,0.008719603,0.7469569,0.0016186382,0.043438215,0.0014671951,0.42673853,0.0293926,null,null,null,null,"TWOGAUSSIANS",8,1.2883754,0.7469569,0.0016186382,0.243254,0.008216293,0.4267354,0.029393328,0.24564247,0.0037015527,0.33169618,0.029744638,0.15815128,0.008721824
375316653866487564,6125352683903473664,0.5573415,2160.9632979844514,3.3974905393665833,9.781727E-6,18.255621,0.005987593,0.21149273,0.0025317133,0.08762345,0.0031473492,0.28032833,0.00790275,0.71425396,0.0031289763,0.08043289,0.0040159887,0.24179085,0.007832727,null,null,null,null,"TWOGAUSSIANS",8,2.6047246,0.21149273,0.0025317133,0.4,0.0,0.27438387,0.00717147,0.71425396,0.0031289763,0.4,0.0,0.23584644,0.0072372425
375316653866487564,6125353817774126208,0.4406437,2193.1863935350993,1.0336299503054,2.4904019E-5,17.935677,0.0056835148,0.1564395,0.012812625,0.062017895,0.009096122,0.08745827,0.015701152,0.6689234,0.004588461,0.04952118,0.0050657233,0.20328288,0.020167198,null,null,null,null,"TWOGAUSSIANS",8,19.988771,0.6689234,0.004588461,0.27731863,0.02836805,0.20327634,0.020169739,0.1564395,0.012812625,0.34730023,0.050938286,0.087451726,0.015703844
375316653866487564,6125354882926067456,0.48902535,2187.057094329204,0.7830443196693515,1.3554479E-5,17.462244,0.0056134784,0.43431234,0.0052754115,0.019767787,0.009154273,0.07304658,0.025369415,0.9353409,0.0020518093,0.019362208,0.0014494713,0.45484555,0.030126838,null,null,null,null,"TWOGAUSSIANS",8,48.894207,0.9353409,0.0020518093,0.10842837,0.00811704,0.45484555,0.030126838,0.43431234,0.0052754115,0.1106996,0.05126393,0.07304658,0.025369415
375316653866487564,6125355024673666304,0.57943827,2181.7690856530253,2.6672071479258985,5.7043417E-6,18.10282,0.019041695,0.19215657,0.0017382535,0.054049067,0.008913934,0.19047892,0.039529473,0.6901978,0.009587347,0.052150965,0.012432228,0.24476925,0.04687808,0.12538154,0.0232227,0.19215657,0.0017382535,"TWOGAUSSIANS_WITH_ELLIPSOIDAL_ON_ECLIPSE1",9,6.618877,0.6905478,0.008260669,0.29204538,0.069620475,0.4954944,0.021551555,0.19215657,0.0017382535,0.30267477,0.049918033,0.44123518,0.015150917
375316653866487564,6125356158545122432,0.5939817,2179.2462323959826,0.9681927150549118,5.29802E-6,14.905191,0.003213993,0.2762246,0.0018851418,0.07936406,0.00234519,0.30924237,0.011584109,0.7764175,0.0014191305,0.07867158,0.0013312014,0.44769564,0.009612189,null,null,null,null,"TWOGAUSSIANS",8,69.2749,0.7764175,0.0014191305,0.4,0.0,0.44273895,0.009662559,0.2762246,0.0018851418,0.4,0.0,0.3042857,0.011915124
375316653866487564,6125357116309250176,0.4628996,2173.9290443797413,1.02610871635512,2.8410774E-5,19.30769,0.005330254,0.3135993,0.0049091,0.012877818,0.0029743807,0.5345001,0.15606953,0.79854155,0.004251347,0.019027457,0.0051124007,0.24921459,0.10063752,null,null,null,null,"TWOGAUSSIANS",8,6.9148326,0.3135993,0.0049091,0.07211579,0.016656533,0.5345001,0.15606953,0.79854155,0.004251347,0.10655376,0.028629445,0.24921459,0.10063752
375316653866487564,6125357700424626432,0.558902,2184.380393962734,3.0719855952619275,5.038874E-6,17.74933,0.011387091,0.23926191,0.0018352169,0.079199895,0.0035203733,0.3447063,0.010941574,0.7269678,0.0022524293,0.08515245,0.0037449936,0.28559744,0.011328021,null,null,null,null,"TWOGAUSSIANS",8,7.7551146,0.23926191,0.0018352169,0.4,0.0,0.33985686,0.009714825,0.7269678,0.0022524293,0.4,0.0,0.28074798,0.009373159
375316653866487564,6125357945240809216,0.54117185,2158.2293174074125,4.092462791862617,8.671329E-6,19.672794,0.023752088,0.24706537,0.004300239,0.050365485,0.0091069145,0.26870298,0.056335498,0.74037695,0.0025829151,0.047345385,0.0048980527,0.568252,0.050234072,0.1295774,0.029344728,0.24706537,0.004300239,"TWOGAUSSIANS_WITH_ELLIPSOIDAL_ON_ECLIPSE1",9,3.624145,0.7408769,0.0023067223,0.26513416,0.027429096,0.826982,0.03586301,0.24706537,0.004300239,0.28204674,0.05099872,0.5278563,0.038836792
375316653866487564,6125358254489092992,0.597293,2185.7939532665714,0.20649079154581942,1.0048146E-6,15.2365675,9.068071E-4,0.22103259,3.0527063E-4,0.010509416,6.2756496E-4,0.19246744,0.006345877,0.72180843,2.753458E-4,0.009779938,2.5008564E-4,0.18545316,0.0035644074,null,null,null,null,"TWOGAUSSIANS",8,12.813823,0.22103259,3.0527063E-4,0.058852732,0.0035143637,0.19246744,0.006345877,0.72180843,2.753458E-4,0.05476765,0.0014004796,0.18545316,0.0035644074
375316653866487564,6125360625311472128,0.6594403,2195.497927135219,3.2327008521539082,2.0921789E-6,16.773651,0.0066616926,0.2584487,7.22909E-4,0.0494207,0.0021462361,0.28219065,0.014136889,0.7596296,0.001102745,0.053338215,0.001920933,0.31595576,0.015050866,0.11069363,0.0075865546,0.2584487,7.22909E-4,"TWOGAUSSIANS_WITH_ELLIPSOIDAL_ON_ECLIPSE1",9,6.6032753,0.7596296,0.001102745,0.29869398,0.010757225,0.5373252,0.00859446,0.2584487,7.22909E-4,0.27675593,0.012018923,0.5035722,0.0057348665
375316653866487564,6125364950333760640,0.5847143,2142.6741689727914,3.1281675461954204,3.3087354E-6,18.920628,0.010883886,0.14855002,0.0013100796,0.0541827,0.0030939726,0.3683472,0.024096278,0.6442261,0.0019617968,0.0567581,0.0025310018,0.44143286,0.02787201,0.09365321,0.013699729,0.14855002,0.0013100796,"TWOGAUSSIANS_WITH_ELLIPSOIDAL_ON_ECLIPSE1",9,2.8730767,0.6446461,0.0017110646,0.31784534,0.014173611,0.6285858,0.018970126,0.14855002,0.0013100796,0.30342314,0.017326245,0.5556249,0.008847515
375316653866487564,6125365023358009472,0.5776295,2177.240953422983,2.2497165191431665,6.885511E-6,16.873587,0.006270201,0.2674531,0.0018377192,0.0856151,0.0027820591,0.40060103,0.012364705,0.76733714,0.0018830516,0.07833138,0.002624273,0.43330562,0.008159152,null,null,null,null,"TWOGAUSSIANS",8,20.336155,0.76733714,0.0018830516,0.4,0.0,0.42538476,0.007857721,0.2674531,0.0018377192,0.4,0.0,0.39268014,0.012485462
375316653866487564,6125365126437226240,0.57516205,2170.0621210385784,3.188743635759562,4.702547E-6,17.59722,0.013544639,0.30467308,0.0019275182,0.06222413,0.004696646,0.31994212,0.028170826,0.8061968,0.0028047399,0.052936796,0.0048842253,0.24215144,0.029032009,0.07920714,0.015934967,0.30467308,0.0019275182,"TWOGAUSSIANS_WITH_ELLIPSOIDAL_ON_ECLIPSE1",9,12.537045,0.30467308,0.0019275182,0.34845513,0.026301218,0.4782538,0.015211605,0.8061968,0.002792943,0.29644606,0.027351663,0.40044862,0.008665572
375316653866487564,6125367428539471104,0.40088978,2156.567527369622,4.00207197126659,4.741709E-5,13.806615,0.013748334,0.40527117,0.1020522,0.04552991,0.04713027,0.46885043,1.0748985,0.9266224,0.0015059682,0.017974924,0.0015992576,0.4913121,0.04701451,0.008551542,0.019071305,0.9266224,0.0015059682,"TWOGAUSSIANS_WITH_ELLIPSOIDAL_ON_ECLIPSE2",9,1460.3691,0.9266224,0.0015059682,0.10065957,0.008955843,0.50841516,0.04612452,0.40540117,0.10028711,0.25496748,0.1981214,0.48564932,1.090173
375316653866487564,6125369382740052480,0.44797403,2154.174669703875,0.046170256227459176,9.373257E-5,19.638083,0.007499493,0.32921922,0.027137373,0.0704545,0.029538326,0.08474437,0.023471838,0.6997942,0.007513035,0.053435087,0.013674317,0.6551601,0.2666767,null,null,null,null,"TWOGAUSSIANS",8,2.6577628,0.6997942,0.007513035,0.29923648,0.07657617,0.65515924,0.2666808,0.32921922,0.027137373,0.3945452,0.05040392,0.08474339,0.02349563
375316653866487564,6125370074239607552,0.6044949,2144.328908501094,1.6801898360143084,2.6210375E-6,15.697256,0.0061644013,0.25016215,5.9468154E-4,0.051752172,0.0016662633,0.42543656,0.013882554,0.7527273,0.0030965405,0.045702435,0.0036175554,0.12873581,0.015695551,0.07262675,0.00794817,0.25016215,5.9468154E-4,"TWOGAUSSIANS_WITH_ELLIPSOIDAL_ON_ECLIPSE1",9,39.963108,0.25016215,5.9468154E-4,0.28981218,0.009331075,0.5706862,0.010559596,0.7527273,0.0030965405,0.25593364,0.020258311,0.27394778,0.0077294842
375316653866487564,6125371959716348032,0.5341589,2168.051789586429,0.633764339538513,1.0167843E-5,18.589806,0.0028685795,0.51180947,0.0014261788,0.011239297,0.002471836,0.5844905,0.23484187,null,null,null,null,null,null,null,null,null,null,"ONEGAUSSIAN",5,3.290198,0.51180947,0.0014261788,0.06294006,0.013842282,0.5844905,0.0,null,null,null,null,null,null
375316653866487564,6125372376341695360,0.48937407,2183.010603853162,3.3158706183581304,1.3176662E-5,18.695261,0.008842707,0.2520955,0.0062015057,0.092066295,0.010044388,0.1433471,0.011102199,0.7577282,0.003860308,0.09663795,0.008029956,0.15168202,0.009275002,null,null,null,null,"TWOGAUSSIANS",8,2.4599526,0.7577282,0.003860308,0.4,0.0,0.14353868,0.008105098,0.2520955,0.0062015057,0.4,0.0,0.13520412,0.010868568
375316653866487564,6125374296179100416,0.6039453,2168.444755176252,3.468407838016577,3.8061066E-6,18.58061,0.008055366,0.28436482,0.0015446442,0.045482077,0.0023598867,0.30269656,0.020266565,0.78515327,0.0027416074,0.05158767,0.0036417418,0.3781628,0.029323487,0.11070984,0.011260114,0.28436482,0.0015446442,"TWOGAUSSIANS_WITH_ELLIPSOIDAL_ON_ECLIPSE1",9,3.9446094,0.78515327,0.002598101,0.28889096,0.020393753,0.5995739,0.032779105,0.28436482,0.0015446442,0.25469962,0.013215365,0.52411306,0.010805877
375316653866487564,6125375503077873536,0.5648437,2199.395164866407,2.630109840154405,7.2750745E-6,17.074892,0.016425619,0.28269765,0.0027413415,0.10418747,0.009086856,0.214385,0.0148348715,0.7869026,0.003099091,0.095607944,0.008639257,0.21488059,0.015211,null,null,null,null,"TWOGAUSSIANS",8,6.8190675,0.7869026,0.003099091,0.4,0.0,0.19713062,0.007625348,0.28269765,0.0027413415,0.4,0.0,0.1966312,0.0058219405
375316653866487564,6125377908259696768,0.5550558,2182.8991813282346,2.9572263435269153,9.072046E-6,16.37247,0.37040254,0.23539552,0.002422154,0.13430929,0.054108348,0.29669502,0.3532101,0.73328185,0.0023722376,0.13158411,0.0484913,0.284224,0.3437666,null,null,null,null,"TWOGAUSSIANS",8,14.891488,0.23543553,0.0022892628,0.4,0.0,0.19945118,0.00521281,0.73328185,0.0023722376,0.4,0.0,0.18714477,0.0061542992
375316653866487564,6125379798045332992,0.5223596,2177.4919426841334,0.15489000303838135,7.2177827E-6,13.986298,7.436403E-4,0.104907885,3.5258118E-4,0.0062434673,2.6743018E-4,0.12997559,0.0073898938,0.5034228,0.31311202,0.060276635,0.19924667,4.0295985E-4,0.07312908,0.002212383,0.0014387917,0.104907885,3.5258118E-4,"TWOGAUSSIANS_WITH_ELLIPSOIDAL_ON_ECLIPSE1",9,30.556763,0.104907885,3.5258118E-4,0.034963418,0.0014976091,0.13440035,0.007432962,0.59583277,0.41982362,0.33754915,1.1157813,0.004534812,0.072563045
375316653866487564,6125383646336292736,0.61560357,2166.0526703021114,4.101243486891111,2.9037606E-6,17.650785,0.007919351,0.2641649,0.0011683446,0.050697833,0.0037600913,0.22947386,0.0152751915,0.7647702,0.0019185193,0.050308198,0.0036200082,0.18778987,0.01699935,0.10361545,0.009349427,0.2641649,0.0011683446,"TWOGAUSSIANS_WITH_ELLIPSOIDAL_ON_ECLIPSE1",9,4.1292186,0.2641649,0.0011683446,0.2839079,0.02105651,0.43670252,0.0059574456,0.7647702,0.0018849759,0.2817259,0.020272046,0.39501554,0.006984499
375316653866487564,6125384672823966464,0.5492614,2133.732896436858,3.060273119005566,5.6828794E-6,18.979553,0.0049256203,0.2816277,0.0014854927,0.08020424,0.0024040607,0.45262286,0.013527337,0.7849316,0.0015568101,0.07712147,0.0018702208,0.3801679,0.0070571653,null,null,null,null,"TWOGAUSSIANS",8,2.3997855,0.2816277,0.0014854927,0.4,0.0,0.4476438,0.013913454,0.7849316,0.0015568101,0.4,0.0,0.37518883,0.006727313
375316653866487564,6125386665689075072,0.57045275,2177.540090732005,3.6748452524769526,5.008264E-6,18.30292,0.0051545775,0.28855786,0.002105528,0.08020804,0.0028542592,0.44773546,0.010873594,0.7955255,0.0016499531,0.078101866,0.0021872208,0.40598467,0.0071532773,null,null,null,null,"TWOGAUSSIANS",8,4.6532936,0.28855786,0.002105528,0.4,0.0,0.44267574,0.011136472,0.7955255,0.0016499531,0.4,0.0,0.40092492,0.0068915267
375316653866487564,6125386910511303424,0.4017355,2167.9715969903814,3.9963280057707387,2.6992051E-5,16.063543,0.051117644,0.32464123,0.019471265,0.30790815,0.05105397,0.09136147,0.04879144,0.77878726,0.007500617,0.070697695,0.004584674,0.040484224,0.006200208,null,null,null,null,"TWOGAUSSIANS",8,13.174077,0.32464123,0.019471265,0.4,0.0,0.03502453,0.005939385,0.77878726,0.007500617,0.39590707,0.02294827,0.032981023,0.0050380738
375316653866487564,6125390239099395072,0.6194666,2206.7915472480972,3.999581992156377,7.3901656E-6,17.524817,0.027984312,0.2740746,0.003824127,0.031498287,0.010435872,0.23805599,0.058034133,0.7861605,0.005650508,0.054821752,0.013693511,0.33368576,0.0535661,0.16832896,0.029097259,0.7861605,0.005650508,"TWOGAUSSIANS_WITH_ELLIPSOIDAL_ON_ECLIPSE2",9,13.7317505,0.7861605,0.005650508,0.3070018,0.07668366,0.6703332,0.033782214,0.2752746,0.0041151266,0.17639041,0.058440883,0.5729582,0.011146971
375316653866487564,6125391102399995392,0.6069738,2179.4773333616295,2.331565600374401,3.4048714E-6,17.512983,0.008115491,0.2401522,0.0017270483,0.048245326,0.00564644,0.25993004,0.015000199,0.7390877,0.0024086563,0.04852802,0.0035407387,0.19841564,0.01761602,0.10557873,0.009605442,0.2401522,0.0017270483,"TWOGAUSSIANS_WITH_ELLIPSOIDAL_ON_ECLIPSE1",9,6.037825,0.2401522,0.0017270483,0.27017382,0.031620063,0.4710866,0.012895551,0.7392677,0.0019819436,0.27175692,0.019828137,0.4095643,0.0049215974
375316653866487564,6125392682948469376,0.474274,2198.778876700506,0.17390682449223555,1.0736181E-5,12.827069,0.002548866,0.3936478,8.713187E-4,0.012662213,9.297092E-4,0.18017083,0.0070735025,0.89083475,0.0040376694,0.014961152,0.005822338,0.06510091,0.014574552,null,null,null,null,"TWOGAUSSIANS",8,254.76706,0.3936478,8.713187E-4,0.0709084,0.005206371,0.18017083,0.0070735025,0.89083475,0.0040376694,0.08378245,0.032605093,0.06510091,0.014574552
