Gaia/vari_eclipsing_binary/VariEclipsingBinary_461933-461943.csv
# %ECSV 1.0
# ---
# delimiter: ','
# meta: !!omap
# - RELEASE: Gaia DR3
# - TABLE: vari_eclipsing_binary
# - DESCRIPTION: >
#     This table describes the properties of the eclipsing binaries resulting from the variability analysis. 
# - CITATION: >
#     How to cite and acknowledge Gaia: 
#     https://gea.esac.esa.int/archive/documentation/credits.html 
# - KNOWN_ISSUES: >
#     Known issues: 
#     https://www.cosmos.esa.int/web/gaia-users/known-issues 
# - DOCUMENTATION: >
#     Tutorials and documentation: 
#     https://www.cosmos.esa.int/web/gaia-users/archive 
# datatype:
# - 
#   name: solution_id
#   datatype: int64
#   description: Solution Identifier
#   meta:
#     ucd: meta.version
# - 
#   name: source_id
#   datatype: int64
#   description: Unique source identifier
#   meta:
#     ucd: meta.id;meta.main
# - 
#   name: global_ranking
#   datatype: float32
#   description: Number between 0 (worst) and 1 (best)
#   meta:
#     ucd: stat.param
# - 
#   name: reference_time
#   datatype: float64
#   unit: d
#   description: Reference time used for the geometric model fit
#   meta:
#     ucd: time.epoch
# - 
#   name: frequency
#   datatype: float64
#   unit: d**-1
#   description: Frequency of geometric model of the eclipsing binary light curve
#   meta:
#     ucd: src.orbital
# - 
#   name: frequency_error
#   datatype: float32
#   unit: d**-1
#   description: "Uncertainty of \\texttt{frequency}"
#   meta:
#     ucd: stat.error
# - 
#   name: geom_model_reference_level
#   datatype: float32
#   unit: mag
#   description: Magnitude reference level of geometric model
#   meta:
#     ucd: phot.mag;em.opt
# - 
#   name: geom_model_reference_level_error
#   datatype: float32
#   unit: mag
#   description: "Uncertainty of \\texttt{geomModelReferenceLevel}"
#   meta:
#     ucd: stat.error;phot.mag;em.opt
# - 
#   name: geom_model_gaussian1_phase
#   datatype: float32
#   description: Phase of the Gaussian 1 component
#   meta:
#     ucd: time.phase
# - 
#   name: geom_model_gaussian1_phase_error
#   datatype: float32
#   description: "Uncertainty of \\texttt{geomModelGaussian1Phase}"
#   meta:
#     ucd: stat.error;time.phase
# - 
#   name: geom_model_gaussian1_sigma
#   datatype: float32
#   description: "Standard deviation [phase] of Gaussian 1 component"
#   meta:
#     ucd: stat.stdev
# - 
#   name: geom_model_gaussian1_sigma_error
#   datatype: float32
#   description: "Uncertainty of \\texttt{geomModelGaussian1Sigma}"
#   meta:
#     ucd: stat.error
# - 
#   name: geom_model_gaussian1_depth
#   datatype: float32
#   unit: mag
#   description: Magnitude depth of Gaussian 1 component
#   meta:
#     ucd: src.var.amplitude
# - 
#   name: geom_model_gaussian1_depth_error
#   datatype: float32
#   unit: mag
#   description: "Uncertainty of \\texttt{geomModelGaussian1Depth}"
#   meta:
#     ucd: stat.error;src.var.amplitude
# - 
#   name: geom_model_gaussian2_phase
#   datatype: float32
#   description: Phase of Gaussian 2 component
#   meta:
#     ucd: time.phase
# - 
#   name: geom_model_gaussian2_phase_error
#   datatype: float32
#   description: "Uncertainty of \\texttt{geomModelGaussian2Phase}"
#   meta:
#     ucd: stat.error;time.phase
# - 
#   name: geom_model_gaussian2_sigma
#   datatype: float32
[...]
#   datatype: float32
#   description: "Secondary eclipse: uncertainty of \\texttt{derivedSecondaryEclDuration}"
#   meta:
#     ucd: stat.error;time.duration
# - 
#   name: derived_secondary_ecl_depth
#   datatype: float32
#   unit: mag
#   description: "Secondary eclipse: depth"
#   meta:
#     ucd: src.var.amplitude
# - 
#   name: derived_secondary_ecl_depth_error
#   datatype: float32
#   unit: mag
#   description: "Secondary eclipse: uncertainty of \\texttt{derivedSecondaryEclDepth}"
#   meta:
#     ucd: stat.error;src.var.amplitude
solution_id,source_id,global_ranking,reference_time,frequency,frequency_error,geom_model_reference_level,geom_model_reference_level_error,geom_model_gaussian1_phase,geom_model_gaussian1_phase_error,geom_model_gaussian1_sigma,geom_model_gaussian1_sigma_error,geom_model_gaussian1_depth,geom_model_gaussian1_depth_error,geom_model_gaussian2_phase,geom_model_gaussian2_phase_error,geom_model_gaussian2_sigma,geom_model_gaussian2_sigma_error,geom_model_gaussian2_depth,geom_model_gaussian2_depth_error,geom_model_cosine_half_period_amplitude,geom_model_cosine_half_period_amplitude_error,geom_model_cosine_half_period_phase,geom_model_cosine_half_period_phase_error,model_type,num_model_parameters,reduced_chi2,derived_primary_ecl_phase,derived_primary_ecl_phase_error,derived_primary_ecl_duration,derived_primary_ecl_duration_error,derived_primary_ecl_depth,derived_primary_ecl_depth_error,derived_secondary_ecl_phase,derived_secondary_ecl_phase_error,derived_secondary_ecl_duration,derived_secondary_ecl_duration_error,derived_secondary_ecl_depth,derived_secondary_ecl_depth_error
[from data line 635]
375316653866487564,4063268344656374016,0.47040904,2292.7023110673367,1.259548257207219,1.6909169E-5,18.523407,0.015238089,0.24380615,0.016510688,0.05897082,0.029854897,0.2270042,0.6824333,0.7652474,0.004166242,0.056222193,0.011252069,0.18428542,0.047796555,null,null,null,null,"TWOGAUSSIANS",8,3.922876,0.24380615,0.016510688,0.3302366,0.16718742,0.22698964,0.682455,0.7652474,0.004166242,0.31484428,0.06301159,0.18427084,0.047804553
375316653866487564,4063268383214538112,0.5970836,2262.1164056731564,2.9046067409767535,1.2199234E-5,17.405788,0.014377438,0.22575606,0.008296692,0.060009424,0.011190523,0.36442673,0.038459517,0.73276466,0.0018222941,0.031345014,0.021298246,1.7594795,1.7060217,0.111278385,0.02367221,0.22575606,0.008296692,"TWOGAUSSIANS_WITH_ELLIPSOIDAL_ON_ECLIPSE1",9,16.81435,0.73276466,0.0018222941,0.17553207,0.11927018,1.9815415,1.7277858,0.22575606,0.008296692,0.33605278,0.06266693,0.5869201,0.016464673
375316653866487564,4063268452001685632,0.4393433,2272.2910919673154,0.5056311902609408,2.0545287E-5,18.531265,0.115756474,0.191539,0.026310755,0.034680165,0.013230274,0.19773139,0.07871762,0.64988273,0.0071456064,0.20379855,0.03670015,0.6523337,0.101284035,null,null,null,null,"TWOGAUSSIANS",8,6.943298,0.64988273,0.0071456064,0.4,0.0,0.57230425,0.05119425,0.193619,0.0289041,0.19420893,0.074089535,0.18912733,0.0832508
375316653866487564,4063268516380267648,0.5031905,2322.1591684897553,2.214994752654316,4.0023562E-5,18.232574,0.0224953,0.26992446,0.021239312,0.09112161,0.015979791,0.22741058,0.04454043,0.73191386,0.009303312,0.08808637,0.015869942,0.28229558,0.03426417,null,null,null,null,"TWOGAUSSIANS",8,11.381842,0.73191386,0.009303312,0.4,0.0,0.27671903,0.035498004,0.26992446,0.021238644,0.4,0.0,0.22183375,0.042210635
375316653866487564,4063268516457310336,0.46649876,2275.5614972195035,4.53024605645352,8.9751185E-5,18.750383,0.010122369,0.27066582,0.019727504,0.083205745,0.020818556,0.10918131,0.045765158,0.57615757,0.033042546,0.06173668,0.04563691,0.50966734,0.4833685,null,null,null,null,"TWOGAUSSIANS",8,3.1606572,0.57615757,0.033042546,0.34572542,0.099047616,0.5097922,0.4838348,0.27067584,0.018561337,0.4,0.022924453,0.10917954,0.04578898
375316653866487564,4063268550816962304,0.5027332,2323.9722185549795,0.32693037071396686,2.4819532E-5,18.447329,0.20363602,0.32887265,0.006117501,0.243401,0.0843625,0.35613176,0.19075203,0.91104,0.012182886,0.073460974,0.011017901,0.1456041,0.025755875,null,null,null,null,"TWOGAUSSIANS",8,2.6782749,0.32887265,0.006117501,0.4,0.0,0.24237384,0.016084777,0.92806,0.009128118,0.4,0.04292906,0.13682826,0.02106911
375316653866487564,4063268550817065216,0.48556024,2194.3036770694484,2.6272286667439375,6.802852E-5,18.52919,0.046597634,0.33441624,0.036316365,0.09952098,0.043000583,0.24290852,0.17483363,0.81743354,0.009160632,0.064969346,0.022740552,0.35362607,0.1165323,null,null,null,null,"TWOGAUSSIANS",8,3.7501662,0.81743354,0.009160632,0.36382833,0.112490155,0.3497144,0.119533055,0.33441624,0.036316365,0.4,0.07413502,0.23899466,0.17660704
375316653866487564,4063268688255491840,0.5084022,2249.2579728380215,0.22828371489310367,3.619737E-5,18.872826,0.26575038,0.17955942,0.026830073,0.07884298,0.0810529,0.3236865,0.25047663,0.7003613,0.013346138,0.06532992,0.029158171,0.33041888,0.2532995,null,null,null,null,"TWOGAUSSIANS",8,6.24806,0.7003613,0.013346138,0.36584753,0.08372355,0.32946476,0.11900671,0.17955942,0.026830073,0.4,0.0,0.32273242,0.10626361
375316653866487564,4063268722508906752,0.46324602,2279.8020919601145,0.1794309317109832,5.736176E-5,18.36664,0.025182817,0.21834572,0.0855736,0.07840183,0.052987553,0.16629861,0.076784596,0.7721403,0.041688833,0.02529381,0.04107198,0.3084291,0.16353858,null,null,null,null,"TWOGAUSSIANS",8,8.64339,0.7721403,0.041717343,0.14164534,0.23000309,0.30842888,0.16338882,0.21834572,0.0855736,0.4,0.07328075,0.1662984,0.075115055
375316653866487564,4063268859971235200,0.4811056,2226.611940647058,0.7652876077885532,7.618452E-5,18.045816,0.0139618935,0.30263782,0.025234794,0.093065016,0.03291578,0.113487,0.07546206,0.80659896,0.009702803,0.05884002,0.0059400965,2.1795192,0.64043975,null,null,null,null,"TWOGAUSSIANS",8,2.9427326,0.80659896,0.009702803,0.3295041,0.03326454,2.1770282,0.63907826,0.30263782,0.025234794,0.4,0.0,0.11099579,0.07744268
375316653866487564,4063268997496919936,0.5163187,2253.818845018895,0.7035007421262396,1.07404885E-5,18.83179,0.012945039,0.62976706,0.10083367,0.096549556,0.07641781,0.028366277,0.20536724,0.7729292,0.0018984483,0.022637548,0.0035061713,0.5043966,0.049624935,null,null,null,null,"TWOGAUSSIANS",8,4.803251,0.7729292,0.0018984483,0.12677027,0.019634558,0.5138452,0.046172287,0.62976706,0.14270097,0.4,0.2660628,0.028366193,0.50473285
375316653866487564,4063269031856624128,0.5052486,2235.0502455203073,0.8170002886824235,2.5426438E-5,18.102076,0.08776534,0.04744447,0.8043464,0.11063757,0.06925265,0.09889916,0.05058178,0.53138167,0.029475272,0.2689639,0.054931756,0.34475854,0.08629026,null,null,null,null,"TWOGAUSSIANS",8,1.8120215,0.53138167,0.029475272,0.4,0.0,0.14805163,0.029870616,0.06469447,0.8439296,0.4,0.22734888,0.025098383,0.114884526
375316653866487564,4063269031856792832,0.43086955,2253.176591235806,0.19722717670217346,1.1287057E-5,18.358059,0.005975822,0.23572604,0.042253505,0.04753377,0.05944397,0.24919069,69174.7,0.5563819,0.012695688,0.025695672,0.012359694,0.11823817,0.019085923,null,null,null,null,"TWOGAUSSIANS",8,7.359729,0.23572604,0.042253505,0.2661891,0.32508543,0.24919069,69174.7,0.5563819,0.012695688,0.14389576,0.069214284,0.11823817,0.019088827
375316653866487564,4063269134934995712,0.4375955,2280.3339484213093,0.18474504574308925,1.0778999E-4,18.590446,0.056793377,0.19187658,0.017492874,0.07448291,0.03285376,0.4591095,0.11186945,0.89026135,0.0072463304,0.060425762,0.011758282,0.3465205,0.06817978,null,null,null,null,"TWOGAUSSIANS",8,12.996052,0.19187658,0.017479964,0.4,0.027879268,0.45910963,0.11198538,0.8903313,0.008285908,0.33838427,0.06584638,0.34664574,0.06624639
375316653866487564,4063269169294684032,0.4429692,2249.5730272654664,2.103745946817095,4.106534E-5,16.959269,0.0055255783,0.44232142,0.01576393,0.04561072,0.018597662,0.11403912,0.15562582,0.83346444,0.00907114,0.039741106,0.012487906,0.1124451,0.05207471,null,null,null,null,"TWOGAUSSIANS",8,13.735898,0.44232142,0.01576393,0.25542003,0.10414691,0.11403912,0.15562582,0.83346444,0.00907114,0.2225502,0.069932275,0.1124451,0.05207471
375316653866487564,4063269169295201152,0.5242435,2205.73487253688,0.06030335292828557,5.368086E-5,18.720896,0.17032437,0.17867202,0.07180042,0.049496517,0.05835596,0.43001366,4.08879968E8,0.7032434,0.0141026415,0.16131102,0.062194813,0.44352922,0.16359973,null,null,null,null,"TWOGAUSSIANS",8,3.7890728,0.7032434,0.0141026415,0.4,0.0,0.40958703,0.040350277,0.17832202,0.071321584,0.2771805,0.32679337,0.4040871,4.08879968E8
375316653866487564,4063269341098846848,0.47675812,2276.8031049588817,1.9818896502921297,2.89589E-5,18.348349,0.004088136,null,null,null,null,null,null,null,null,null,null,null,null,0.053914748,0.005961268,0.3230777,0.008369771,"ELLIPSOIDAL",4,1.8382242,null,null,null,null,null,null,null,null,null,null,null,null
375316653866487564,4063269409812049536,0.5084213,2240.66925794525,1.282338661399625,8.0143946E-5,18.605133,0.01826346,0.37867802,0.007146015,0.09947917,0.009833367,0.23964798,0.022632718,0.72089624,0.053616803,0.07640877,0.07350739,0.06533826,4.582315,null,null,null,null,"TWOGAUSSIANS",8,3.9436123,0.37868804,0.007132509,0.4,0.0,0.23940526,0.022152092,0.72089624,0.053616803,0.4,0.3604165,0.06573799,4.5820117
375316653866487564,4063269414073718016,0.4960017,2250.4880883792903,0.07413830334126043,7.298948E-5,18.50424,0.067599565,0.20893054,0.0079781255,0.0874449,0.020770181,0.4134812,0.0908774,0.72821856,0.0066785975,0.08185316,0.02761734,0.5390242,0.10958934,null,null,null,null,"TWOGAUSSIANS",8,9.72573,0.72821856,0.0066785975,0.4,0.03119168,0.53052723,0.12590322,0.20893054,0.0079781255,0.4,0.0,0.40498415,0.09262228
375316653866487564,4063269512893413760,0.45505333,2337.845028906972,0.2583973763965964,2.6050318E-5,18.038584,0.020612897,0.3864761,0.0026458153,0.024115182,0.004678688,0.079497434,0.023877973,0.69058967,0.009069538,0.087859854,0.017510045,0.16881289,0.022229774,null,null,null,null,"TWOGAUSSIANS",8,6.050677,0.69058967,0.009069538,0.4,0.0,0.16881286,0.022228817,0.38659608,0.0025605345,0.13504502,0.026200654,0.07992087,0.02512021
375316653866487564,4063269684691763712,0.44893602,2236.079320209401,0.2581974202242677,3.6827754E-5,18.555004,0.14298283,0.12969796,0.022217536,0.052209426,0.04645469,0.25086462,0.14452982,0.6427468,0.021728655,0.084543124,0.070505634,0.14724122,0.13957547,null,null,null,null,"TWOGAUSSIANS",8,11.937615,0.12969796,0.022785148,0.2923728,0.16836578,0.25055915,0.092562795,0.6427468,0.021728655,0.4,0.031021586,0.14693573,0.085602716
375316653866487564,4063270204347847936,0.40864938,2197.2164789562767,1.73458832858252,6.963621E-5,18.421696,0.021341937,0.40761507,0.017280618,0.047753055,0.024596248,0.20394398,0.06745562,0.72566634,0.024583697,0.12795773,0.02296557,0.41961858,0.061724924,null,null,null,null,"TWOGAUSSIANS",8,3.9279552,0.72566634,0.024583697,0.4,0.0,0.41913378,0.061934166,0.41209507,0.019662144,0.2674171,0.13773899,0.22339949,0.08519232
375316653866487564,4063270273067528192,0.44388062,2273.010269822361,1.74225028691573,4.7616475E-5,18.062122,0.10442293,0.14753495,0.014056415,0.049115364,0.014506966,0.121898346,0.064352416,0.4963525,0.0262017,0.14793198,0.048347797,0.38586783,0.11354196,null,null,null,null,"TWOGAUSSIANS",8,17.89702,0.4963525,0.0262017,0.4,0.0,0.3827947,0.09569261,0.15607496,0.013215,0.27504605,0.08123901,0.14439914,0.08754619
375316653866487564,4063270307427507712,0.44598064,2218.1739711985083,1.1740723583442305,3.824461E-5,17.454664,0.0071208733,0.25456947,0.005613119,0.03590463,0.032748435,0.14774454,0.07191236,0.66251624,0.014874892,0.111807026,0.016605947,0.14742541,0.022508767,null,null,null,null,"TWOGAUSSIANS",8,5.6599298,0.25461948,0.00556401,0.20106593,0.18339123,0.14785106,0.07277239,0.66251624,0.014874892,0.4,0.0,0.1473421,0.02261625
375316653866487564,4063270341787186560,0.48356086,2261.3791689205805,0.15219455246825064,4.3315304E-5,18.489977,0.03981666,0.16004477,0.015346117,0.14224857,0.0369365,0.1577477,0.045066077,0.56716055,0.00526892,0.07990865,0.012140773,0.44443372,0.04860732,null,null,null,null,"TWOGAUSSIANS",8,3.245924,0.56716055,0.00526892,0.4,0.0,0.4351367,0.048183266,0.16005477,0.015339293,0.4,0.0,0.14579907,0.03927533
375316653866487564,4063270406341597440,0.44930786,2222.082482366425,1.7707325350767105,7.2276795E-5,18.316185,0.019061655,0.38731924,0.028242154,0.051414147,0.042895053,0.38821968,0.1380022,0.11487606,9.4865594E-4,0.025182443,0.0027658027,0.13455571,0.015395442,null,null,null,null,"TWOGAUSSIANS",8,28.365578,0.38731924,0.028242154,0.28791922,0.12966348,0.38821968,0.13800253,0.11487606,5.090931E-4,0.14102168,0.015488495,0.13455603,0.018558234
375316653866487564,4063270479268883584,0.45995063,2237.3690188463106,0.25036504427540146,7.3646304E-5,18.100185,0.010994729,0.28925008,0.08847363,0.023658434,0.115101635,0.034019325,0.09818715,0.72166294,0.012076085,0.064207934,0.012183212,0.07772001,0.011491074,null,null,null,null,"TWOGAUSSIANS",8,2.2898777,0.72166294,0.012076085,0.35956445,0.05918897,0.07772001,0.0103543885,0.28925008,0.08847363,0.13248722,0.31886643,0.034019325,0.09840341
375316653866487564,4063270543685126144,0.52420485,2267.418659628524,0.7879295049486575,5.8603237E-5,17.584494,0.013350275,0.53358316,0.0015424166,0.037430353,0.0024704102,0.8610071,0.080758914,null,null,null,null,null,null,null,null,null,null,"ONEGAUSSIAN",5,54.710327,0.53358316,0.0015424166,0.20960997,0.013834297,0.8610071,0.0,null,null,null,null,null,null
375316653866487564,4063270543690445184,0.4782653,2203.8614621462975,2.4585652123906088,5.263069E-5,16.855116,0.011855512,0.31738368,0.053816836,0.08964541,0.09209833,0.043741286,0.0113389995,0.77607226,0.012956583,0.06882767,0.027439194,0.06934624,0.015038506,null,null,null,null,"TWOGAUSSIANS",8,3.399431,0.77607226,0.012956583,0.38543493,0.087392524,0.06903809,0.014580295,0.31738368,0.053816836,0.4,0.0,0.043433048,0.013279023
375316653866487564,4063270651027281664,0.51529443,2238.4235438367077,1.53712962588291,4.1956046E-5,17.803284,0.031350184,0.371587,0.021444663,0.11785029,0.032938022,0.15954287,0.03145455,0.8361877,0.0074551953,0.06371564,0.014489396,0.3794842,0.038066994,null,null,null,null,"TWOGAUSSIANS",8,10.660521,0.8361877,0.0074551953,0.35680756,0.066146486,0.37436974,0.037924998,0.371587,0.021444663,0.4,0.0,0.15435582,0.021197189
375316653866487564,4063270788396396672,0.49194768,2240.6978545001934,0.09888345656198724,3.693935E-5,18.636919,0.024549872,0.3753045,0.0175455,0.10941736,0.027621394,0.23143974,0.025548417,0.78435737,4.871818E-4,0.03364369,0.002697241,0.47044072,0.064974286,null,null,null,null,"TWOGAUSSIANS",8,5.028166,0.78435737,4.871818E-4,0.18840465,0.01510455,0.4705626,0.06499091,0.3753045,0.0175455,0.4,0.0,0.23134793,0.025164338
375316653866487564,4063270852927347712,0.49769226,2337.702554779283,0.09892592446478093,3.0051962E-5,18.218857,0.16786766,0.24707079,0.015552419,0.08243312,0.02210327,0.14810888,0.102358796,0.7878784,0.007958437,0.1598556,0.06817518,0.22461385,0.16536368,null,null,null,null,"TWOGAUSSIANS",8,3.569218,0.7878784,0.007961726,0.4,0.0,0.19395293,0.022085588,0.24464078,0.0112459315,0.4,0.0,0.121870674,0.023121726
375316653866487564,4063270852927429376,0.50257707,2180.1686422611733,0.2964762457054914,1.5254501E-5,18.882317,0.020431573,null,null,null,null,null,null,null,null,null,null,null,null,0.3511038,0.02661388,0.24305151,0.007597094,"ELLIPSOIDAL",4,17.033865,null,null,null,null,null,null,null,null,null,null,null,null
375316653866487564,4063270925903268224,0.41389975,2255.8373445255543,0.09155958355800964,2.3139864E-5,17.789919,0.1482203,0.20517005,6.1673427E-4,0.009424538,0.0028906176,0.13042209,0.02881197,0.71819,0.013777795,0.21958718,0.123947196,0.14597622,0.14057422,null,null,null,null,"TWOGAUSSIANS",8,3.3268845,0.20515005,6.133104E-4,0.052777413,0.01618746,0.12999372,0.028404059,0.71819,0.013777795,0.4,0.0,0.123545535,0.028308801
375316653866487564,4063270956010875648,0.4564513,2257.9036535492473,0.3408321251991997,4.3340762E-5,18.27469,0.030707318,0.34348235,0.016448174,0.12587361,0.030770414,0.12663716,0.030413337,0.8257642,0.016950812,0.055523437,0.028897818,0.18783762,0.045466438,null,null,null,null,"TWOGAUSSIANS",8,7.043182,0.8257642,0.016950812,0.31093124,0.1530296,0.18353288,0.04663745,0.34348235,0.016448174,0.4,0.0,0.12222338,0.020667486
375316653866487564,4063270994555012864,0.48445556,2273.43853271703,0.3681114747218644,2.5065954E-5,18.8568,0.011733389,0.548521,0.017353388,0.10812294,0.029112797,0.18876241,0.05079902,0.9442865,0.0048690387,0.016719392,0.013299437,0.11680809,0.054398257,null,null,null,null,"TWOGAUSSIANS",8,1.7156523,0.548521,0.017353388,0.4,0.0,0.18875384,0.050961737,0.9442865,0.0048690387,0.09362859,0.074476846,0.11703212,0.054382175
375316653866487564,4063271024730350464,0.46566436,2235.229052643538,0.9397081678596748,3.6073856E-5,18.704165,0.025910145,0.0674708,0.01390671,0.050534,0.017674424,0.07740476,0.028295567,0.39359134,0.003034609,0.034770276,0.0057948953,0.211633,0.027297515,null,null,null,null,"TWOGAUSSIANS",8,4.336189,0.39359134,0.003034609,0.19471355,0.032451414,0.211633,0.027297612,0.0674708,0.01390671,0.2829904,0.098976776,0.07740476,0.028295567
