Gaia/vari_eclipsing_binary/VariEclipsingBinary_669811-669847.csv
# %ECSV 1.0
# ---
# delimiter: ','
# meta: !!omap
# - RELEASE: Gaia DR3
# - TABLE: vari_eclipsing_binary
# - DESCRIPTION: >
#     This table describes the properties of the eclipsing binaries resulting from the variability analysis. 
# - CITATION: >
#     How to cite and acknowledge Gaia: 
#     https://gea.esac.esa.int/archive/documentation/credits.html 
# - KNOWN_ISSUES: >
#     Known issues: 
#     https://www.cosmos.esa.int/web/gaia-users/known-issues 
# - DOCUMENTATION: >
#     Tutorials and documentation: 
#     https://www.cosmos.esa.int/web/gaia-users/archive 
# datatype:
# - 
#   name: solution_id
#   datatype: int64
#   description: Solution Identifier
#   meta:
#     ucd: meta.version
# - 
#   name: source_id
#   datatype: int64
#   description: Unique source identifier
#   meta:
#     ucd: meta.id;meta.main
# - 
#   name: global_ranking
#   datatype: float32
#   description: Number between 0 (worst) and 1 (best)
#   meta:
#     ucd: stat.param
# - 
#   name: reference_time
#   datatype: float64
#   unit: d
#   description: Reference time used for the geometric model fit
#   meta:
#     ucd: time.epoch
# - 
#   name: frequency
#   datatype: float64
#   unit: d**-1
#   description: Frequency of geometric model of the eclipsing binary light curve
#   meta:
#     ucd: src.orbital
# - 
#   name: frequency_error
#   datatype: float32
#   unit: d**-1
#   description: "Uncertainty of \\texttt{frequency}"
#   meta:
#     ucd: stat.error
# - 
#   name: geom_model_reference_level
#   datatype: float32
#   unit: mag
#   description: Magnitude reference level of geometric model
#   meta:
#     ucd: phot.mag;em.opt
# - 
#   name: geom_model_reference_level_error
#   datatype: float32
#   unit: mag
#   description: "Uncertainty of \\texttt{geomModelReferenceLevel}"
#   meta:
#     ucd: stat.error;phot.mag;em.opt
# - 
#   name: geom_model_gaussian1_phase
#   datatype: float32
#   description: Phase of the Gaussian 1 component
#   meta:
#     ucd: time.phase
# - 
#   name: geom_model_gaussian1_phase_error
#   datatype: float32
#   description: "Uncertainty of \\texttt{geomModelGaussian1Phase}"
#   meta:
#     ucd: stat.error;time.phase
# - 
#   name: geom_model_gaussian1_sigma
#   datatype: float32
#   description: "Standard deviation [phase] of Gaussian 1 component"
#   meta:
#     ucd: stat.stdev
# - 
#   name: geom_model_gaussian1_sigma_error
#   datatype: float32
#   description: "Uncertainty of \\texttt{geomModelGaussian1Sigma}"
#   meta:
#     ucd: stat.error
# - 
#   name: geom_model_gaussian1_depth
#   datatype: float32
#   unit: mag
#   description: Magnitude depth of Gaussian 1 component
#   meta:
#     ucd: src.var.amplitude
# - 
#   name: geom_model_gaussian1_depth_error
#   datatype: float32
#   unit: mag
#   description: "Uncertainty of \\texttt{geomModelGaussian1Depth}"
#   meta:
#     ucd: stat.error;src.var.amplitude
# - 
#   name: geom_model_gaussian2_phase
#   datatype: float32
#   description: Phase of Gaussian 2 component
#   meta:
#     ucd: time.phase
# - 
#   name: geom_model_gaussian2_phase_error
#   datatype: float32
#   description: "Uncertainty of \\texttt{geomModelGaussian2Phase}"
#   meta:
#     ucd: stat.error;time.phase
# - 
#   name: geom_model_gaussian2_sigma
#   datatype: float32
[...]
#   datatype: float32
#   description: "Secondary eclipse: uncertainty of \\texttt{derivedSecondaryEclDuration}"
#   meta:
#     ucd: stat.error;time.duration
# - 
#   name: derived_secondary_ecl_depth
#   datatype: float32
#   unit: mag
#   description: "Secondary eclipse: depth"
#   meta:
#     ucd: src.var.amplitude
# - 
#   name: derived_secondary_ecl_depth_error
#   datatype: float32
#   unit: mag
#   description: "Secondary eclipse: uncertainty of \\texttt{derivedSecondaryEclDepth}"
#   meta:
#     ucd: stat.error;src.var.amplitude
solution_id,source_id,global_ranking,reference_time,frequency,frequency_error,geom_model_reference_level,geom_model_reference_level_error,geom_model_gaussian1_phase,geom_model_gaussian1_phase_error,geom_model_gaussian1_sigma,geom_model_gaussian1_sigma_error,geom_model_gaussian1_depth,geom_model_gaussian1_depth_error,geom_model_gaussian2_phase,geom_model_gaussian2_phase_error,geom_model_gaussian2_sigma,geom_model_gaussian2_sigma_error,geom_model_gaussian2_depth,geom_model_gaussian2_depth_error,geom_model_cosine_half_period_amplitude,geom_model_cosine_half_period_amplitude_error,geom_model_cosine_half_period_phase,geom_model_cosine_half_period_phase_error,model_type,num_model_parameters,reduced_chi2,derived_primary_ecl_phase,derived_primary_ecl_phase_error,derived_primary_ecl_duration,derived_primary_ecl_duration_error,derived_primary_ecl_depth,derived_primary_ecl_depth_error,derived_secondary_ecl_phase,derived_secondary_ecl_phase_error,derived_secondary_ecl_duration,derived_secondary_ecl_duration_error,derived_secondary_ecl_depth,derived_secondary_ecl_depth_error
[from data line 258]
375316653866487564,5891835144552145920,0.6589174,2236.92876357981,2.484419183145885,2.720369E-6,16.119541,0.0065223402,0.32183105,6.5988424E-4,0.057578396,0.0032362754,0.18721889,0.0146285165,0.82107973,0.004620234,0.052036375,0.0048438963,0.223791,0.018701863,0.10558993,0.008959097,0.32183105,6.5988424E-4,"TWOGAUSSIANS_WITH_ELLIPSOIDAL_ON_ECLIPSE1",9,7.2692676,0.8212097,0.004002948,0.2914037,0.02712582,0.4349491,0.0077555636,0.32183105,6.5988424E-4,0.32243901,0.018123142,0.3983809,0.007994021
375316653866487564,5891836411538687744,0.44746122,2179.24289485949,1.8259071374371614,1.0351803E-4,19.557812,0.010526256,0.24857438,0.0037585828,0.045507945,0.0052857725,0.31303605,0.042826198,0.72337747,0.024964547,0.07530739,0.01955128,0.11669196,0.017488962,null,null,null,null,"TWOGAUSSIANS",8,3.5498316,0.24857438,0.0037585828,0.2548445,0.029600328,0.31301054,0.042845987,0.72337747,0.024964547,0.4,0.009119604,0.11666645,0.017608615
375316653866487564,5891837549733853696,0.588968,2218.865125979988,0.557683551790356,3.4616821E-6,13.139196,9.520278E-4,0.2610278,0.0016071327,0.027046345,9.0635085E-4,0.21590446,0.010046879,0.7610443,0.0011054829,0.023437249,0.0025633897,0.08771483,0.011787598,0.019447235,0.0012695689,0.2610278,0.0016071327,"TWOGAUSSIANS_WITH_ELLIPSOIDAL_ON_ECLIPSE1",9,22.976595,0.2610278,0.0016071327,0.15145953,0.0050755646,0.25479895,0.0103942705,0.7610443,0.0010906433,0.1312486,0.014354982,0.1266093,0.012622865
375316653866487564,5891838683605205376,0.46096644,2205.1451381932434,1.477511274961078,2.0927813E-5,18.395355,0.0043721246,0.27077368,0.013784824,0.032226555,0.00822307,0.1402476,0.030860705,0.80208397,0.016558526,0.06637425,0.014753263,0.047053162,0.008419654,null,null,null,null,"TWOGAUSSIANS",8,2.3783162,0.27077368,0.013784824,0.18046871,0.046049193,0.14024754,0.030859822,0.80208397,0.016558526,0.3716958,0.07815103,0.0470531,0.008419645
375316653866487564,5891839027165972864,0.5119318,2198.862758383812,3.030275918415984,1.0361627E-5,19.13573,0.009771169,0.2715383,0.0026293495,0.06854885,0.0038415266,0.31283095,0.014527984,0.7696772,0.0050046337,0.07867481,0.0064240447,0.3290138,0.012635666,null,null,null,null,"TWOGAUSSIANS",8,3.8098626,0.7696772,0.0050046337,0.4,0.0,0.327092,0.012409011,0.2715383,0.0026293495,0.38387358,0.02151255,0.31090912,0.014257578
375316653866487564,5891839130245237760,0.5255399,2188.0545659433587,2.3678003379661536,1.5549955E-5,19.066908,0.012583615,0.20067422,0.004442349,0.084769234,0.0061520743,0.36502475,0.016879901,0.69818515,0.0073513826,0.082709305,0.008058108,0.3263907,0.022210905,null,null,null,null,"TWOGAUSSIANS",8,3.163439,0.20067422,0.004442349,0.4,0.0,0.35735935,0.015394692,0.69818515,0.0073513826,0.4,0.0,0.31872535,0.020349776
375316653866487564,5891840603419607808,0.5873374,2181.4996495915852,0.435896673141615,1.4767267E-5,17.681257,0.0013975721,0.17825137,0.0417682,0.015756806,0.025424626,0.051665414,233386.02,0.6892896,0.0035079145,0.014888608,0.0018982494,0.2621505,0.012681463,null,null,null,null,"TWOGAUSSIANS",8,1.9422597,0.6892896,0.0035079145,0.08337621,0.010630196,0.2621505,0.012681463,0.17825137,0.0417682,0.08823811,0.1423779,0.051665414,233386.02
375316653866487564,5891841020067497856,0.58829427,2222.907752984164,0.11275145771380367,1.071006E-6,17.14453,0.0010247914,0.4268645,0.007819008,0.013941979,0.005114379,0.016542645,8.829774E-4,0.69752336,1.2310168E-6,0.0033782143,7.1832455E-6,0.39439946,0.0010064908,null,null,null,null,"TWOGAUSSIANS",8,1.8073422,0.69752336,1.2310168E-6,0.018918,4.0226172E-5,0.39439946,0.0010064908,0.4268645,0.007819008,0.07807508,0.028640522,0.016542645,8.829774E-4
375316653866487564,5891841191829842688,0.49742824,2182.0486086413794,1.442127975927851,3.2162425E-5,19.238651,0.0059661833,0.2834667,0.0061280853,0.048474718,0.006211105,0.33237085,0.037173424,0.78227836,0.008231874,0.048271842,0.007923854,0.19041252,0.021992786,null,null,null,null,"TWOGAUSSIANS",8,2.4526706,0.2834667,0.0061280853,0.27145842,0.034782186,0.3323701,0.037174303,0.78227836,0.008231874,0.27032232,0.04437358,0.19041178,0.021993477
375316653866487564,5891842153902759296,0.48312998,2175.0357488918803,1.6023872310441394,3.604355E-5,19.265593,0.009290645,0.32484344,0.003221062,0.009922934,0.0021884907,0.57184833,0.13717185,0.6311665,0.0150889885,0.044149935,0.014636959,0.2997598,0.170773,null,null,null,null,"TWOGAUSSIANS",8,6.54434,0.32484344,0.003221062,0.055568427,0.0122555485,0.57184833,0.13717185,0.6311665,0.0150889885,0.24723965,0.08196697,0.2997598,0.170773
375316653866487564,5891842218327403392,0.55020165,2204.2036663409986,0.280602761720076,4.6278834E-5,18.640245,0.004566043,0.2324167,0.01531293,0.045027252,0.008269206,0.10069774,0.011280841,0.73578864,3.5279474E-4,0.03231393,7.3924597E-4,1.5968343,0.09915045,null,null,null,null,"TWOGAUSSIANS",8,3.0481975,0.73578864,3.5279474E-4,0.18095802,0.0041397773,1.5968343,0.09915045,0.2324167,0.01531293,0.25215262,0.046307553,0.10069774,0.01128084
375316653866487564,5891842768083309440,0.49526516,2181.9809785052403,1.4003767511396896,5.5182096E-5,19.49075,0.0076165055,0.22094999,0.015811756,0.05840738,0.018597925,0.09599082,0.01854312,0.69393754,0.0061704665,0.045033254,0.005311237,0.41470787,0.034807373,null,null,null,null,"TWOGAUSSIANS",8,1.7381015,0.69393754,0.0061704665,0.2521862,0.029742926,0.41470706,0.034807757,0.22094999,0.015811756,0.32708135,0.10414838,0.09599,0.018543424
375316653866487564,5891843283486571008,0.44420013,2210.7442307492556,0.11522792700793914,1.07860205E-5,19.692677,0.013728735,0.28631133,0.0078731645,0.017695604,0.0063426937,0.17758147,0.0262893,0.73524606,0.021230478,0.11655935,0.023589049,0.21888417,0.05392676,null,null,null,null,"TWOGAUSSIANS",8,3.9860094,0.73524606,0.021230478,0.4,0.0,0.21880813,0.054148432,0.2863213,0.007887044,0.09909538,0.035519082,0.17764002,0.026395429
375316653866487564,5891843695795263744,0.61433494,2211.4992616567215,2.821139290737801,5.8270425E-6,13.669323,0.0128414435,0.3002624,0.0016033232,0.049534947,0.008398806,0.13402042,0.028105406,0.8108229,0.005558139,0.05154114,0.01224367,0.09694531,0.02853215,0.095835924,0.017472416,0.3002624,0.0016033232,"TWOGAUSSIANS_WITH_ELLIPSOIDAL_ON_ECLIPSE1",9,184.5068,0.3002624,0.0016033232,0.2773957,0.047033314,0.32569098,0.0153383305,0.8108229,0.005558139,0.28863037,0.06856456,0.2877732,0.010126896
375316653866487564,5891845551229461376,0.5036886,2194.593088964207,0.17310042250895546,1.9307025E-5,19.60639,0.0077506504,0.40898594,0.019454645,0.017727688,0.01231704,0.8843108,2.307835,0.8187622,0.012560282,0.031663075,0.015069405,0.10862738,0.07419023,null,null,null,null,"TWOGAUSSIANS",8,2.9481804,0.40898594,0.019454645,0.09927505,0.068975426,0.8843108,2.307835,0.8187622,0.012560282,0.17731322,0.084388666,0.10862738,0.07419023
375316653866487564,5891846513302136320,0.48477557,2189.7649788470094,1.7620194370254632,2.4815847E-5,19.515686,0.014057587,0.3101346,0.012058884,0.050726347,0.014939489,0.1253197,0.018613966,0.8113297,0.005766475,0.062564194,0.0057850797,0.29016164,0.022289835,null,null,null,null,"TWOGAUSSIANS",8,2.4359272,0.8113297,0.005766475,0.35035947,0.032396447,0.2901394,0.022262748,0.3101346,0.012058884,0.28406754,0.08366114,0.12529747,0.018604193
375316653866487564,5891846929943665664,0.6095232,2225.0484193827524,1.6330610300125212,3.9204865E-6,17.175594,0.0071866047,0.27950376,0.0022822712,0.05381327,0.0043456513,0.20351586,0.019139333,0.76740986,0.0067483494,0.045620136,0.0137171,0.03878736,0.015523874,0.08729442,0.0093637565,0.27950376,0.0022822712,"TWOGAUSSIANS_WITH_ELLIPSOIDAL_ON_ECLIPSE1",9,4.023124,0.27950376,0.0022822712,0.30135432,0.024335647,0.37810045,0.016783131,0.77256984,0.003901888,0.25547275,0.07681576,0.21279347,0.0069475123
375316653866487564,5891847170428737920,0.5022952,2211.039555919117,2.0955799729386255,9.938893E-6,18.298044,0.0805021,0.21875541,0.0036974833,0.12557878,0.03360723,0.20829459,0.07614429,0.7251274,0.0033196637,0.1234454,0.03330296,0.207496,0.077840954,null,null,null,null,"TWOGAUSSIANS",8,2.172156,0.2186954,0.0037351947,0.4,0.0,0.15580909,0.011188923,0.7251974,0.0033458928,0.4,0.0,0.1550478,0.011358845
375316653866487564,5891847445339178880,0.5223826,2252.294993070177,1.123950166728099,1.6946497E-5,17.054358,0.022319438,0.25378835,0.0056368737,0.046186376,0.005636085,0.5354131,0.087865494,0.76116794,0.006327089,0.045488242,0.013564762,0.16678268,0.043574214,0.023538806,0.027864942,0.25378835,0.0056368737,"TWOGAUSSIANS_WITH_ELLIPSOIDAL_ON_ECLIPSE1",9,60.483814,0.25378835,0.0056368737,0.25864372,0.031562075,0.58249027,0.095990926,0.76116794,0.006327089,0.25473416,0.07596266,0.21375874,0.02262266
375316653866487564,5891847857621442944,0.5159512,2219.655410719469,1.0206259215282265,1.6151136E-5,19.484358,0.0041636783,0.26931182,0.0028937561,0.033601984,0.0046226196,0.34856406,0.021538299,0.77508956,0.010213714,0.031439625,0.0071684457,0.18506064,0.028079702,null,null,null,null,"TWOGAUSSIANS",8,1.2118232,0.26931182,0.0028937561,0.1881711,0.02588667,0.34856406,0.021538299,0.77508956,0.010213714,0.1760619,0.040143296,0.18506064,0.028079702
375316653866487564,5891848682290292096,0.61739904,2199.5753649995377,0.4747909284303534,2.8752831E-5,13.9632015,0.0031066914,0.4768452,0.0026202544,0.03023412,0.0034366194,0.74236417,0.015737709,null,null,null,null,null,null,null,null,null,null,"ONEGAUSSIAN",5,219.59857,0.4768452,0.0026202544,0.16931108,0.01924507,0.74236417,0.0,null,null,null,null,null,null
375316653866487564,5891848750974749184,0.52874535,2201.4879719063315,2.4792660503784933,1.0496616E-5,19.295603,0.02853712,0.21510611,0.0040850323,0.03630132,0.0065921457,0.62574565,0.08442775,0.7113727,0.011260654,0.031519383,0.017147554,0.59481245,0.20799899,0.08661678,0.056416653,0.21510611,0.0040850323,"TWOGAUSSIANS_WITH_ELLIPSOIDAL_ON_ECLIPSE1",9,7.5021186,0.21510611,0.0040850323,0.20328738,0.036916018,0.79897904,0.0906274,0.71145266,0.011015753,0.17650855,0.0960263,0.7679527,0.24367501
375316653866487564,5891849914909050880,0.5178392,2178.117353175794,2.986777379922331,9.640343E-6,18.28216,0.014068528,0.21494208,0.004336744,0.089839794,0.007535814,0.2490715,0.015595712,0.7275909,0.0026709137,0.08958972,0.006205743,0.2295291,0.013359681,null,null,null,null,"TWOGAUSSIANS",8,2.811063,0.21494208,0.004336744,0.4,0.0,0.24099846,0.013525677,0.7275909,0.0026709137,0.4,0.0,0.22145608,0.008969394
375316653866487564,5891849953567457152,0.5592352,2188.8830283854318,1.3508692325657368,8.442794E-6,19.7714,0.008034704,0.1956946,0.007121849,0.03128504,0.009844896,0.32566562,0.44899365,0.70846415,0.0026513143,0.04290159,0.0035973114,0.81054723,0.10334189,null,null,null,null,"TWOGAUSSIANS",8,1.9221183,0.70846415,0.0026513143,0.2402489,0.020144945,0.81054723,0.10334189,0.1956946,0.007121849,0.17519622,0.05513142,0.32566562,0.44899365
375316653866487564,5891850056679872512,0.43953052,2222.359168682859,0.7884225024237127,1.0212907E-4,17.736444,0.0042113685,0.28967068,0.059656728,0.0756636,0.030537864,0.017577298,0.014510734,0.7184123,0.0048688687,0.00985718,0.0059536654,1.1778212,2.102422,null,null,null,null,"TWOGAUSSIANS",8,10.324131,0.7184123,0.0048688687,0.055200204,0.033340525,1.1778212,2.102422,0.28967068,0.059656728,0.4,0.10644136,0.017577298,0.014510734
375316653866487564,5891852633659153152,0.61447895,2179.7667558806243,0.7539668554424483,5.353425E-6,16.298435,0.0023188675,0.28320876,0.0015555047,0.042267814,0.0018116117,0.41100118,0.017425096,0.7820705,0.0041000494,0.03863268,0.0040339865,0.10079375,0.008963807,0.030718556,0.003776559,0.28320876,0.0015555047,"TWOGAUSSIANS_WITH_ELLIPSOIDAL_ON_ECLIPSE1",9,6.09559,0.28320876,0.0015555047,0.23669977,0.010145025,0.47243822,0.017094433,0.7821505,0.003961297,0.21634302,0.022590324,0.16222784,0.008714621
375316653866487564,5891852633659156224,0.49425793,2186.6180882566096,2.2167629616833295,2.4399606E-5,18.302792,0.01844547,0.32962647,0.009435373,0.06898335,0.009653232,0.40332285,0.03605535,0.8152428,0.0062968354,0.08746399,0.009765087,0.34738606,0.036559004,null,null,null,null,"TWOGAUSSIANS",8,22.603003,0.32962647,0.009435373,0.38630676,0.048956987,0.40001786,0.03550983,0.8152428,0.0062968354,0.4,0.0,0.34408098,0.036673557
375316653866487564,5891853660127070592,0.54697037,2192.0495981455215,2.6612542316761294,7.418108E-6,17.686384,0.013104312,0.26325464,0.0042143604,0.082460485,0.0056209518,0.4275838,0.02600538,0.75963163,0.005193578,0.07236127,0.0059598074,0.37187555,0.02144466,null,null,null,null,"TWOGAUSSIANS",8,19.600492,0.26325464,0.0042143604,0.4,0.0,0.42355615,0.026582481,0.75963163,0.005193578,0.4,0.011790304,0.36784792,0.020681944
375316653866487564,5891853733134821632,0.42142263,2162.72456729809,2.5323858733008993,1.00891484E-4,19.238869,0.02777158,0.3182917,0.016008606,0.0937398,0.0204293,0.2212729,0.038091548,0.79848176,0.030723324,0.07012071,0.050471053,0.22392458,0.07704038,null,null,null,null,"TWOGAUSSIANS",8,11.289607,0.79848176,0.030723324,0.39267597,0.23201701,0.22105497,0.08148791,0.3182917,0.016008606,0.4,0.0,0.21840279,0.03477329
375316653866487564,5891853801890347904,0.5856681,2180.625338442406,1.2418968037058686,6.218482E-6,15.946869,0.009682256,0.22828746,0.004831142,0.076925345,0.0045522596,0.26601362,0.015256593,0.71757174,0.0025764976,0.07750045,0.0029924824,0.5601937,0.015374397,null,null,null,null,"TWOGAUSSIANS",8,63.517002,0.71757174,0.0025764976,0.4,0.0,0.55695575,0.015071246,0.22828746,0.004831142,0.4,0.0,0.26277563,0.014762394
375316653866487564,5891854209876193664,0.57696784,2185.2150738984146,2.4865046926033307,8.019678E-6,18.446894,0.008548293,0.24276759,0.0018451451,0.07813216,0.0039347005,0.46256784,0.012332615,0.74557906,0.0038440183,0.08574114,0.007382354,0.4321598,0.035597175,null,null,null,null,"TWOGAUSSIANS",8,2.9933667,0.24276759,0.0018451451,0.4,0.0,0.4545169,0.012877218,0.74557906,0.0038440183,0.4,0.0,0.42410883,0.03816925
375316653866487564,5891855378114539648,0.44310302,2147.999639430079,0.5706179374648346,6.2773215E-5,19.163698,0.024338873,0.37227648,0.007981615,0.08017508,0.017688686,0.47003457,0.1311948,0.8625197,0.015299317,0.011929093,0.013942315,0.64286387,4.11359351E15,null,null,null,null,"TWOGAUSSIANS",8,20.728853,0.8625197,0.015299317,0.06680292,0.078076966,0.6428637,4.11359351E15,0.37227648,0.007981615,0.4,0.0,0.47003442,0.1312003
375316653866487564,5891856138317344640,0.5991715,2188.2617785514144,0.8701648461524968,7.0069864E-6,17.613646,0.004570183,0.25207877,0.0016507749,0.06553213,0.0018914911,0.52093214,0.014723745,0.75757223,0.001559998,0.07308949,0.0021497847,0.25779533,0.007782062,null,null,null,null,"TWOGAUSSIANS",8,3.9339986,0.25207877,0.0016507749,0.36697993,0.01059235,0.52000815,0.014816616,0.75757223,0.001559998,0.4,0.0,0.2568713,0.0077446704
375316653866487564,5891856207071989632,0.5705618,2210.962434061043,0.6302890211395831,4.2000906E-5,13.869868,0.0010258873,0.2672365,0.0060242624,0.031676374,0.0057777255,0.12354773,0.0070615686,0.7570991,0.003485841,0.028996402,0.004213314,0.012453405,0.0034937658,0.013238746,0.0015105688,0.7570991,0.003485841,"TWOGAUSSIANS_WITH_ELLIPSOIDAL_ON_ECLIPSE2",9,37.42255,0.2670665,0.005972799,0.17738768,0.032355264,0.14991972,0.0061397906,0.7570991,0.003485841,0.16237986,0.023594558,0.03893089,0.0021237533
375316653866487564,5891856653712908416,0.51689893,2178.1353507390886,2.7608238706997446,5.896697E-6,18.653568,0.011363033,0.2753802,0.0037160588,0.08465269,0.0041569397,0.41146547,0.018546391,0.7819427,0.0024017056,0.08650708,0.0044315998,0.42496386,0.01761919,null,null,null,null,"TWOGAUSSIANS",8,6.074634,0.7819427,0.0024017056,0.4,0.0,0.41448283,0.018081194,0.2753802,0.0037160588,0.4,0.0,0.40098447,0.017428437
