Gaia/vari_eclipsing_binary/VariEclipsingBinary_391897-392136.csv
# %ECSV 1.0
# ---
# delimiter: ','
# meta: !!omap
# - RELEASE: Gaia DR3
# - TABLE: vari_eclipsing_binary
# - DESCRIPTION: >
#     This table describes the properties of the eclipsing binaries resulting from the variability analysis. 
# - CITATION: >
#     How to cite and acknowledge Gaia: 
#     https://gea.esac.esa.int/archive/documentation/credits.html 
# - KNOWN_ISSUES: >
#     Known issues: 
#     https://www.cosmos.esa.int/web/gaia-users/known-issues 
# - DOCUMENTATION: >
#     Tutorials and documentation: 
#     https://www.cosmos.esa.int/web/gaia-users/archive 
# datatype:
# - 
#   name: solution_id
#   datatype: int64
#   description: Solution Identifier
#   meta:
#     ucd: meta.version
# - 
#   name: source_id
#   datatype: int64
#   description: Unique source identifier
#   meta:
#     ucd: meta.id;meta.main
# - 
#   name: global_ranking
#   datatype: float32
#   description: Number between 0 (worst) and 1 (best)
#   meta:
#     ucd: stat.param
# - 
#   name: reference_time
#   datatype: float64
#   unit: d
#   description: Reference time used for the geometric model fit
#   meta:
#     ucd: time.epoch
# - 
#   name: frequency
#   datatype: float64
#   unit: d**-1
#   description: Frequency of geometric model of the eclipsing binary light curve
#   meta:
#     ucd: src.orbital
# - 
#   name: frequency_error
#   datatype: float32
#   unit: d**-1
#   description: "Uncertainty of \\texttt{frequency}"
#   meta:
#     ucd: stat.error
# - 
#   name: geom_model_reference_level
#   datatype: float32
#   unit: mag
#   description: Magnitude reference level of geometric model
#   meta:
#     ucd: phot.mag;em.opt
# - 
#   name: geom_model_reference_level_error
#   datatype: float32
#   unit: mag
#   description: "Uncertainty of \\texttt{geomModelReferenceLevel}"
#   meta:
#     ucd: stat.error;phot.mag;em.opt
# - 
#   name: geom_model_gaussian1_phase
#   datatype: float32
#   description: Phase of the Gaussian 1 component
#   meta:
#     ucd: time.phase
# - 
#   name: geom_model_gaussian1_phase_error
#   datatype: float32
#   description: "Uncertainty of \\texttt{geomModelGaussian1Phase}"
#   meta:
#     ucd: stat.error;time.phase
# - 
#   name: geom_model_gaussian1_sigma
#   datatype: float32
#   description: "Standard deviation [phase] of Gaussian 1 component"
#   meta:
#     ucd: stat.stdev
# - 
#   name: geom_model_gaussian1_sigma_error
#   datatype: float32
#   description: "Uncertainty of \\texttt{geomModelGaussian1Sigma}"
#   meta:
#     ucd: stat.error
# - 
#   name: geom_model_gaussian1_depth
#   datatype: float32
#   unit: mag
#   description: Magnitude depth of Gaussian 1 component
#   meta:
#     ucd: src.var.amplitude
# - 
#   name: geom_model_gaussian1_depth_error
#   datatype: float32
#   unit: mag
#   description: "Uncertainty of \\texttt{geomModelGaussian1Depth}"
#   meta:
#     ucd: stat.error;src.var.amplitude
# - 
#   name: geom_model_gaussian2_phase
#   datatype: float32
#   description: Phase of Gaussian 2 component
#   meta:
#     ucd: time.phase
# - 
#   name: geom_model_gaussian2_phase_error
#   datatype: float32
#   description: "Uncertainty of \\texttt{geomModelGaussian2Phase}"
#   meta:
#     ucd: stat.error;time.phase
# - 
#   name: geom_model_gaussian2_sigma
#   datatype: float32
[...]
#   datatype: float32
#   description: "Secondary eclipse: uncertainty of \\texttt{derivedSecondaryEclDuration}"
#   meta:
#     ucd: stat.error;time.duration
# - 
#   name: derived_secondary_ecl_depth
#   datatype: float32
#   unit: mag
#   description: "Secondary eclipse: depth"
#   meta:
#     ucd: src.var.amplitude
# - 
#   name: derived_secondary_ecl_depth_error
#   datatype: float32
#   unit: mag
#   description: "Secondary eclipse: uncertainty of \\texttt{derivedSecondaryEclDepth}"
#   meta:
#     ucd: stat.error;src.var.amplitude
solution_id,source_id,global_ranking,reference_time,frequency,frequency_error,geom_model_reference_level,geom_model_reference_level_error,geom_model_gaussian1_phase,geom_model_gaussian1_phase_error,geom_model_gaussian1_sigma,geom_model_gaussian1_sigma_error,geom_model_gaussian1_depth,geom_model_gaussian1_depth_error,geom_model_gaussian2_phase,geom_model_gaussian2_phase_error,geom_model_gaussian2_sigma,geom_model_gaussian2_sigma_error,geom_model_gaussian2_depth,geom_model_gaussian2_depth_error,geom_model_cosine_half_period_amplitude,geom_model_cosine_half_period_amplitude_error,geom_model_cosine_half_period_phase,geom_model_cosine_half_period_phase_error,model_type,num_model_parameters,reduced_chi2,derived_primary_ecl_phase,derived_primary_ecl_phase_error,derived_primary_ecl_duration,derived_primary_ecl_duration_error,derived_primary_ecl_depth,derived_primary_ecl_depth_error,derived_secondary_ecl_phase,derived_secondary_ecl_phase_error,derived_secondary_ecl_duration,derived_secondary_ecl_duration_error,derived_secondary_ecl_depth,derived_secondary_ecl_depth_error
[from data line 698]
375316653866487564,3448825620199076992,0.6038535,2224.863973383369,1.803885344866569,8.999797E-6,15.074318,0.014784786,0.23444578,0.0016360806,0.04484188,0.0050829523,0.5389342,0.068582706,0.7370925,0.0023576838,0.042841543,0.0043325475,0.37726438,0.031307314,0.019253243,0.018451722,0.7370925,0.0023576838,"TWOGAUSSIANS_WITH_ELLIPSOIDAL_ON_ECLIPSE2",9,136.32251,0.23447578,0.0016170954,0.25111455,0.028464533,0.57742995,0.07374487,0.7370925,0.0023576838,0.23991264,0.024262266,0.4157707,0.0092115505
375316653866487564,3448827952363337600,0.50935346,2238.661629822393,3.5719655133509836,3.2486125E-5,19.206944,0.006379151,0.20157629,0.034939084,0.015759831,0.008129694,1.7162055,22.866701,0.5484534,0.0038780305,0.05007486,0.0039396235,0.2614148,0.032431,null,null,null,null,"TWOGAUSSIANS",8,2.6273663,0.20157629,0.034939084,0.088255055,0.045526285,1.7162055,22.866701,0.5484534,0.0038780305,0.28041923,0.022061892,0.2614148,0.032431
375316653866487564,3448829086234972416,0.65950567,2214.414874395914,2.4060742323610076,2.640463E-6,17.759098,0.007367775,0.24133784,7.8098226E-4,0.05642339,0.0027064986,0.23669927,0.017114747,0.74689746,0.013937316,0.053642243,0.011184829,0.22657852,0.048887856,0.11810336,0.010348696,0.24133784,7.8098226E-4,"TWOGAUSSIANS_WITH_ELLIPSOIDAL_ON_ECLIPSE1",9,2.1661217,0.24133784,7.8098226E-4,0.315971,0.015156392,0.4728903,0.006469131,0.74689746,0.013937316,0.30039656,0.06263504,0.46248144,0.05153797
375316653866487564,3448832698305158784,0.5429005,2228.174752052739,2.428485890553095,2.0625203E-5,19.23095,0.015234297,0.28218278,0.006950586,0.067967616,0.011279195,0.56224984,0.13918479,0.7963161,0.0024839088,0.064018704,0.004702645,0.528978,0.012216643,null,null,null,null,"TWOGAUSSIANS",8,3.5928519,0.28218278,0.006950586,0.38061866,0.02788099,0.56169635,0.14049286,0.7963161,0.0024839088,0.35850477,0.026334811,0.52842456,0.011508411
375316653866487564,3448837126414263552,0.6064785,2256.3481117281203,3.5210178437283886,4.495732E-5,19.308825,0.017805392,0.25429627,0.004000185,0.0698018,0.004804577,0.5332849,0.015701957,0.73441327,0.043716,0.053837236,0.03697836,0.5646738,0.2397136,null,null,null,null,"TWOGAUSSIANS",8,1.7827964,0.73441327,0.043716,0.30148852,0.12711042,0.56451684,0.24298532,0.25429627,0.004000185,0.3908901,0.026100352,0.533128,0.014427188
375316653866487564,3448840772843534080,0.52770644,2262.4927656760115,0.27517867249469014,1.4942807E-5,16.830265,0.002710179,0.521107,0.03942227,0.02566731,0.009815672,0.83202505,0.68529755,null,null,null,null,null,null,null,null,null,null,"ONEGAUSSIAN",5,17.927406,0.521107,0.03942227,0.14373693,0.054967765,0.83202505,0.0,null,null,null,null,null,null
375316653866487564,3448841631837002240,0.58423454,2270.8786990911453,1.0201490526270212,1.0627909E-5,14.925624,0.002034965,0.77584946,0.0011874037,0.034868404,0.0034659973,0.22830723,0.06647476,null,null,null,null,null,null,0.031061333,0.0034023356,0.77584946,0.0011874037,"ONEGAUSSIAN_WITH_ELLIPSOIDAL",6,20.775501,0.77584946,0.0011874037,0.19526307,0.019409586,0.29042983,0.067152426,null,null,null,null,null,null
375316653866487564,3448842349095068160,0.55016,2287.0727687633134,0.5976517861011756,6.873321E-5,18.680498,0.0018611561,0.2423131,0.00765776,0.01471948,0.0038034199,0.21623014,0.06032722,0.6954348,0.036409777,0.0469788,0.02972545,0.31355193,259.5267,null,null,null,null,"TWOGAUSSIANS",8,0.95759255,0.6954348,0.036409777,0.26308128,0.16646253,0.31355193,259.5267,0.2423131,0.00765776,0.08242908,0.021299152,0.21623014,0.06032722
375316653866487564,3448846506621662464,0.6050695,2270.3673743360914,0.6953451115310926,2.0503534E-5,17.166327,0.001862435,0.7043511,0.0040668505,0.03369316,0.0030112865,0.2628241,0.014892824,null,null,null,null,null,null,null,null,null,null,"ONEGAUSSIAN",5,2.839806,0.7043511,0.0040668505,0.18868169,0.016863205,0.2628241,0.0,null,null,null,null,null,null
375316653866487564,3448847949730669696,0.5353479,2281.746524491396,3.22208470315079,1.2819098E-5,17.40584,0.009087368,0.2469047,0.003282641,0.076584786,0.008749906,0.115611814,0.012515185,0.7417165,0.006338943,0.079914615,0.011535673,0.0929982,0.00808303,null,null,null,null,"TWOGAUSSIANS",8,2.3490202,0.2469047,0.003282641,0.4,0.0,0.1144832,0.012133131,0.7417165,0.006338943,0.4,0.0,0.091869585,0.0070645106
375316653866487564,3448848435065536256,0.6251339,2248.1223208863785,0.15112800726948672,6.3458738E-6,11.843977,0.01703356,0.28033713,0.0025018302,0.12235463,0.01520693,0.107154995,0.0156136695,0.7796832,0.0050219656,0.11597687,0.01669129,0.10662928,0.015565674,null,null,null,null,"TWOGAUSSIANS",8,11.779657,0.28033713,0.002510153,0.4,0.0,0.08364653,0.002223209,0.7796832,0.0050291433,0.4,0.0,0.08315186,0.0043852087
375316653866487564,3448850561070979584,0.56774634,2265.4717672984684,2.1721138460602423,1.699324E-5,18.957327,0.0055195563,0.23888153,0.0030911095,0.019103417,0.004515358,0.3916181,0.014177615,0.7502349,0.019437108,0.06735157,0.022283122,0.073752575,0.055272657,null,null,null,null,"TWOGAUSSIANS",8,1.8665781,0.23888153,0.0030911095,0.10697914,0.025286004,0.3916181,0.01417762,0.7502349,0.019437108,0.37716877,0.101342194,0.073752575,0.05527272
375316653866487564,3448852691376587264,0.6269311,2263.8519753887917,1.2068835470676829,7.6047622E-6,17.285334,0.0050664856,0.20816296,0.0025308793,0.079446554,0.003826091,0.3582555,0.01653636,0.70775473,0.0046873074,0.09695195,0.0058594802,0.15628369,0.0058229454,null,null,null,null,"TWOGAUSSIANS",8,1.9177017,0.20816296,0.0025308793,0.4,0.0,0.35031942,0.018117778,0.70775473,0.0046873074,0.4,0.0,0.1483471,0.0048181596
375316653866487564,3448862621339300992,0.5842311,2240.916972842761,1.9467043148037155,2.0302667E-5,18.758974,0.010279831,0.23830701,0.0053584683,0.037156343,0.007519902,0.7810618,0.14020255,0.7293521,0.0064577577,0.050071504,0.0035780482,0.65234303,0.07614811,null,null,null,null,"TWOGAUSSIANS",8,6.3643565,0.23830701,0.0053584683,0.20807552,0.042111453,0.78106177,0.14020322,0.7293521,0.0064577577,0.28040043,0.02003707,0.652343,0.076148055
375316653866487564,3448863068016047872,0.55092627,2259.2297905666483,2.00021107630662,1.5195391E-5,18.828772,0.0064397478,0.26990774,0.004867571,0.044138584,0.0032760822,0.56831867,0.07748523,0.53596646,0.0039724023,0.0104362825,0.0044433237,0.048185963,0.007376139,null,null,null,null,"TWOGAUSSIANS",8,3.644898,0.26990774,0.004867571,0.24717607,0.01834606,0.56831867,0.07748523,0.53596646,0.0039724023,0.05844318,0.024882613,0.04818597,0.007376139
375316653866487564,3448863278472092928,0.6744657,2217.941196953188,1.7413548733665536,1.6153205E-6,14.57655,0.0011712045,0.5580004,9.687212E-4,0.049558062,7.917077E-4,0.4388423,0.0039150217,null,null,null,null,null,null,null,null,null,null,"ONEGAUSSIAN",5,25.836437,0.5580004,9.687212E-4,0.27752516,0.0044335634,0.4388423,0.0,null,null,null,null,null,null
375316653866487564,3448864034386340480,0.667449,2249.6240294841123,2.6321222898169463,4.901454E-6,17.259607,0.0050912364,0.30332324,0.0012350788,0.047148053,0.005928091,0.14890818,0.010692733,0.8001862,0.002071577,0.048673645,0.004721168,0.12993826,0.0121224355,0.11288089,0.007905816,0.30332324,0.0012350788,"TWOGAUSSIANS_WITH_ELLIPSOIDAL_ON_ECLIPSE1",9,2.0717757,0.30332324,0.0012350788,0.2640291,0.03319731,0.37466905,0.014340117,0.8009562,0.0015044482,0.2725724,0.02643854,0.35563293,0.012067459
375316653866487564,3448867053745897472,0.52421755,2178.1824012500915,4.782365508054205,5.2061325E-5,19.430414,0.010798357,0.2787367,0.0481234,0.053934578,0.014226758,0.7088922,0.7145212,0.7630017,0.011716336,0.048224125,0.027752737,0.77727354,5.0527444,null,null,null,null,"TWOGAUSSIANS",8,1.2071655,0.7630017,0.011716336,0.27005512,0.15541533,0.77726924,5.0527773,0.2787367,0.0481234,0.30203363,0.07966985,0.7088879,0.7144814
375316653866487564,3448867259905684224,0.56059444,2247.4663189972894,2.7720668608680996,7.567415E-5,19.624823,0.025457406,0.18114376,0.039895244,0.073671795,0.032424018,0.68002063,0.15637009,0.7182521,0.0042833276,0.061720543,0.005050678,0.6380825,0.0565628,null,null,null,null,"TWOGAUSSIANS",8,1.8579286,0.18114376,0.039895244,0.4,0.14377578,0.67951727,0.1566744,0.7182521,0.0042833276,0.34563503,0.028283795,0.63757914,0.056685913
375316653866487564,3448867466062959488,0.55993104,2207.512126786775,0.5116850779792546,1.9337313E-5,16.136436,0.0046961093,0.2109932,0.013835472,0.044578575,0.026569322,0.20563199,0.16827519,0.72595525,0.013642351,0.026760425,0.0091301035,0.2504972,0.078272365,0.009499985,0.007594768,0.2109932,0.013835472,"TWOGAUSSIANS_WITH_ELLIPSOIDAL_ON_ECLIPSE1",9,10.463451,0.72595525,0.013642351,0.14985839,0.05112858,0.26932973,0.07379679,0.2109932,0.013835472,0.24964002,0.1487882,0.22463192,0.17272916
375316653866487564,3448867573439389440,0.5488597,2245.3797286406234,0.6385252254307024,7.21636E-6,14.190904,0.039769374,0.2571821,0.006027112,0.11837862,0.021700254,0.071413234,0.032232203,0.7746339,0.0030794889,0.15349308,0.036535885,0.09466601,0.037281558,null,null,null,null,"TWOGAUSSIANS",8,6.7981105,0.7747339,0.002801989,0.4,0.0,0.06754338,0.0026635812,0.2557421,0.0046998123,0.4,0.0,0.045271326,0.005781627
375316653866487564,3448868806093039744,0.4865942,2239.118649614677,2.6285970787533186,4.245347E-5,18.75478,0.02043788,0.232894,0.0097995745,0.08634596,0.019432051,0.13642852,0.019229254,0.73832667,0.017971722,0.09442354,0.0277091,0.13037865,0.033816595,null,null,null,null,"TWOGAUSSIANS",8,1.7694477,0.232894,0.0097995745,0.4,0.0,0.13108917,0.009744182,0.73832667,0.017971722,0.4,0.0,0.12503909,0.033041764
375316653866487564,3448877022367382784,0.5142118,2258.3412942349264,0.5409333748096469,3.125278E-5,15.2601,7.925627E-4,0.12924007,0.10056272,0.058842238,0.04525997,0.008610663,0.0100131985,0.67608714,0.003340065,0.007153677,0.0035234124,0.05158703,2.8416035,0.011572041,0.0011724452,0.67608714,0.003340065,"TWOGAUSSIANS_WITH_ELLIPSOIDAL_ON_ECLIPSE2",9,3.501184,0.67608714,0.003340065,0.04006059,0.01973111,0.07473098,2.8418033,0.14955007,0.033691403,0.32951653,0.25345585,0.030619178,0.009766268
375316653866487564,3448886540015107584,0.44933692,2244.1288715613555,0.2751878254784299,2.8925067E-6,14.928634,0.002064785,0.13277155,0.0132209305,0.019642128,0.014931151,0.017336955,0.017979903,0.60347015,3.797734E-4,0.035481203,8.4165705E-4,0.76835525,0.06345279,null,null,null,null,"TWOGAUSSIANS",8,64.882355,0.60347015,3.797734E-4,0.19869475,0.0047132797,0.76835525,0.06345279,0.13277155,0.0132209305,0.10999592,0.083614446,0.017336955,0.017979903
375316653866487564,3448888734741762176,0.46201634,2325.7651427863525,2.053454482709238,2.3684916E-5,19.657148,0.05064768,0.24610978,0.007442393,0.12172648,0.055344075,0.1545271,0.07570891,0.7714902,0.0077038314,0.08657408,0.017301114,0.24736838,0.05046397,null,null,null,null,"TWOGAUSSIANS",8,4.806296,0.7715502,0.007649548,0.4,0.0,0.23228684,0.030447908,0.24610978,0.00744641,0.4,0.0,0.13935442,0.07953263
375316653866487564,3448894129221419520,0.56809944,2274.521961676232,1.7811471490743345,1.3053694E-5,18.60572,0.00913347,0.18956462,0.0040285685,0.074009396,0.006255837,0.18051012,0.018898996,0.6966956,0.0029596363,0.060650572,0.003830198,0.44279596,0.030568585,null,null,null,null,"TWOGAUSSIANS",8,2.0136323,0.6966956,0.0029596363,0.3396432,0.021449108,0.44235298,0.0306347,0.18956462,0.0040285685,0.4,0.0042047007,0.1800671,0.018977067
375316653866487564,3448896431322993024,0.64416504,2191.1648630298428,1.3015194308674778,5.4370753E-6,17.723886,0.0033655416,0.16360693,0.0012133111,0.051040504,0.001510033,0.3915452,0.01317997,0.6623726,0.0019845217,0.047890358,0.0024778293,0.4073365,0.0062805107,null,null,null,null,"TWOGAUSSIANS",8,2.771823,0.6623726,0.0019845217,0.268186,0.013875845,0.40733436,0.0062812567,0.16360693,0.0012133111,0.28582683,0.008456185,0.3915431,0.013180496
375316653866487564,3448900421349166720,0.6941688,2207.758430091248,1.7278889297622233,6.0053558E-6,15.6647,0.0024011736,0.27198833,0.0013521787,0.041748058,0.0025992854,0.13921085,0.0072821598,0.75304306,7.9233764E-4,0.024585977,9.4840943E-4,0.2005685,0.013765887,0.06454703,0.0034187385,0.27198833,0.0013521787,"TWOGAUSSIANS_WITH_ELLIPSOIDAL_ON_ECLIPSE1",9,4.332238,0.7536031,8.4941596E-4,0.13768147,0.005311093,0.3278955,0.0091308495,0.27198833,0.0013521787,0.23378912,0.014555999,0.2683049,0.006462692
375316653866487564,3448905708453093120,0.66699994,2236.728289709175,0.9076914036751635,3.4245168E-6,13.287656,0.0016685604,0.16896021,3.6660975E-4,0.027269254,7.227303E-4,0.4613989,0.010519675,null,null,null,null,null,null,0.016505886,0.002366625,0.16896021,3.6660975E-4,"ONEGAUSSIAN_WITH_ELLIPSOIDAL",6,25.705227,0.16896021,3.6660975E-4,0.15270782,0.0040472895,0.49441066,0.011868608,null,null,null,null,null,null
375316653866487564,3448910213874546176,0.460007,2243.0535718930655,1.622407642570919,1.751813E-5,15.145714,0.016202506,0.10358243,0.0030376324,0.025737032,0.007960371,0.08589451,0.022748165,0.36809903,0.07444118,0.19531305,0.26592243,0.012365317,0.016821641,null,null,null,null,"TWOGAUSSIANS",8,22.180338,0.10384243,0.0028799658,0.14412738,0.04457808,0.08991788,0.025031941,0.36809903,0.07444118,0.4,0.064859554,0.011431793,0.010843093
375316653866487564,3448910862413847040,0.5944037,2270.6626362867887,1.0496902413188818,1.0215354E-5,12.177004,4.2490946E-4,0.19935015,0.0029417567,0.034127034,0.031135948,0.022919212,2.553512,null,null,null,null,null,null,0.015759302,4.8175722E-4,0.19935015,0.0029417567,"ONEGAUSSIAN_WITH_ELLIPSOIDAL",6,6.3857036,0.19935015,0.0029417567,0.19111139,0.17436132,0.054437805,2.5532923,null,null,null,null,null,null
375316653866487564,3448911583968712832,0.54208523,2234.6484367510734,0.15771481563147072,1.5887334E-4,19.414257,0.008454369,0.3233726,0.015430902,0.06011775,0.009366767,0.4446255,0.030193023,0.7682374,0.015858524,0.07548108,0.0267245,0.2293499,1.5470748,null,null,null,null,"TWOGAUSSIANS",8,1.0932926,0.3233726,0.015430902,0.3366594,0.05245389,0.44448614,0.030403186,0.7682374,0.015858524,0.4,0.10585451,0.22921051,1.5472574
375316653866487564,3448914023509637504,0.6467519,2277.8439566017732,1.1835784167143468,4.1587505E-6,16.9222,0.003111398,0.26314366,0.0027823253,0.03998996,0.027251987,0.15065949,0.108126625,0.76133454,7.198677E-4,0.037961297,0.0013838693,0.2574758,0.011473054,0.029739466,0.0045664827,0.26314366,0.0027823253,"TWOGAUSSIANS_WITH_ELLIPSOIDAL_ON_ECLIPSE1",9,1.8258678,0.76138455,6.7793555E-4,0.21258326,0.0077496683,0.3169472,0.012179013,0.26314366,0.0027823253,0.22394377,0.15261114,0.21013838,0.11033913
375316653866487564,3448916119451566080,0.5411355,2182.6499167449106,0.5156462081794458,2.3750075E-4,17.4106,0.006157612,0.35406733,0.026885241,0.053169765,0.017699892,0.7137252,0.39253986,null,null,null,null,null,null,null,null,null,null,"ONEGAUSSIAN",5,22.152178,0.35406733,0.026885241,0.29775068,0.099119395,0.7137252,0.0,null,null,null,null,null,null
375316653866487564,3448924473164167296,0.51747006,2211.4824478014034,0.7433804092483762,7.3753414E-5,18.823437,0.006088955,0.38916674,0.017339285,0.042059112,0.018221267,0.36974397,11.818699,0.6632155,0.00850884,0.061671164,0.04151808,0.011601045,0.009987134,0.042010922,0.008626444,0.6632155,0.00850884,"TWOGAUSSIANS_WITH_ELLIPSOIDAL_ON_ECLIPSE2",9,1.9159421,0.38838673,0.017445315,0.23553102,0.1020391,0.37170577,11.818109,0.6632155,0.00850884,0.34535852,0.10702162,0.09561939,0.015793018
375316653866487564,3448924640675463552,0.5237851,2200.4616874838816,2.9727158531243063,1.9713769E-5,19.332245,0.03821211,0.30156443,0.028409803,0.06640141,0.03411157,0.49305144,0.23941478,0.77276784,0.017602094,0.0814388,0.020011755,0.5674053,0.04524489,null,null,null,null,"TWOGAUSSIANS",8,5.9700017,0.77276784,0.017602094,0.4,0.025815358,0.5656384,0.044481046,0.30156443,0.028409803,0.37184787,0.06580654,0.49128458,0.24368365
