Gaia/vari_eclipsing_binary/VariEclipsingBinary_476928-477103.csv
# %ECSV 1.0
# ---
# delimiter: ','
# meta: !!omap
# - RELEASE: Gaia DR3
# - TABLE: vari_eclipsing_binary
# - DESCRIPTION: >
#     This table describes the properties of the eclipsing binaries resulting from the variability analysis. 
# - CITATION: >
#     How to cite and acknowledge Gaia: 
#     https://gea.esac.esa.int/archive/documentation/credits.html 
# - KNOWN_ISSUES: >
#     Known issues: 
#     https://www.cosmos.esa.int/web/gaia-users/known-issues 
# - DOCUMENTATION: >
#     Tutorials and documentation: 
#     https://www.cosmos.esa.int/web/gaia-users/archive 
# datatype:
# - 
#   name: solution_id
#   datatype: int64
#   description: Solution Identifier
#   meta:
#     ucd: meta.version
# - 
#   name: source_id
#   datatype: int64
#   description: Unique source identifier
#   meta:
#     ucd: meta.id;meta.main
# - 
#   name: global_ranking
#   datatype: float32
#   description: Number between 0 (worst) and 1 (best)
#   meta:
#     ucd: stat.param
# - 
#   name: reference_time
#   datatype: float64
#   unit: d
#   description: Reference time used for the geometric model fit
#   meta:
#     ucd: time.epoch
# - 
#   name: frequency
#   datatype: float64
#   unit: d**-1
#   description: Frequency of geometric model of the eclipsing binary light curve
#   meta:
#     ucd: src.orbital
# - 
#   name: frequency_error
#   datatype: float32
#   unit: d**-1
#   description: "Uncertainty of \\texttt{frequency}"
#   meta:
#     ucd: stat.error
# - 
#   name: geom_model_reference_level
#   datatype: float32
#   unit: mag
#   description: Magnitude reference level of geometric model
#   meta:
#     ucd: phot.mag;em.opt
# - 
#   name: geom_model_reference_level_error
#   datatype: float32
#   unit: mag
#   description: "Uncertainty of \\texttt{geomModelReferenceLevel}"
#   meta:
#     ucd: stat.error;phot.mag;em.opt
# - 
#   name: geom_model_gaussian1_phase
#   datatype: float32
#   description: Phase of the Gaussian 1 component
#   meta:
#     ucd: time.phase
# - 
#   name: geom_model_gaussian1_phase_error
#   datatype: float32
#   description: "Uncertainty of \\texttt{geomModelGaussian1Phase}"
#   meta:
#     ucd: stat.error;time.phase
# - 
#   name: geom_model_gaussian1_sigma
#   datatype: float32
#   description: "Standard deviation [phase] of Gaussian 1 component"
#   meta:
#     ucd: stat.stdev
# - 
#   name: geom_model_gaussian1_sigma_error
#   datatype: float32
#   description: "Uncertainty of \\texttt{geomModelGaussian1Sigma}"
#   meta:
#     ucd: stat.error
# - 
#   name: geom_model_gaussian1_depth
#   datatype: float32
#   unit: mag
#   description: Magnitude depth of Gaussian 1 component
#   meta:
#     ucd: src.var.amplitude
# - 
#   name: geom_model_gaussian1_depth_error
#   datatype: float32
#   unit: mag
#   description: "Uncertainty of \\texttt{geomModelGaussian1Depth}"
#   meta:
#     ucd: stat.error;src.var.amplitude
# - 
#   name: geom_model_gaussian2_phase
#   datatype: float32
#   description: Phase of Gaussian 2 component
#   meta:
#     ucd: time.phase
# - 
#   name: geom_model_gaussian2_phase_error
#   datatype: float32
#   description: "Uncertainty of \\texttt{geomModelGaussian2Phase}"
#   meta:
#     ucd: stat.error;time.phase
# - 
#   name: geom_model_gaussian2_sigma
#   datatype: float32
[...]
#   datatype: float32
#   description: "Secondary eclipse: uncertainty of \\texttt{derivedSecondaryEclDuration}"
#   meta:
#     ucd: stat.error;time.duration
# - 
#   name: derived_secondary_ecl_depth
#   datatype: float32
#   unit: mag
#   description: "Secondary eclipse: depth"
#   meta:
#     ucd: src.var.amplitude
# - 
#   name: derived_secondary_ecl_depth_error
#   datatype: float32
#   unit: mag
#   description: "Secondary eclipse: uncertainty of \\texttt{derivedSecondaryEclDepth}"
#   meta:
#     ucd: stat.error;src.var.amplitude
solution_id,source_id,global_ranking,reference_time,frequency,frequency_error,geom_model_reference_level,geom_model_reference_level_error,geom_model_gaussian1_phase,geom_model_gaussian1_phase_error,geom_model_gaussian1_sigma,geom_model_gaussian1_sigma_error,geom_model_gaussian1_depth,geom_model_gaussian1_depth_error,geom_model_gaussian2_phase,geom_model_gaussian2_phase_error,geom_model_gaussian2_sigma,geom_model_gaussian2_sigma_error,geom_model_gaussian2_depth,geom_model_gaussian2_depth_error,geom_model_cosine_half_period_amplitude,geom_model_cosine_half_period_amplitude_error,geom_model_cosine_half_period_phase,geom_model_cosine_half_period_phase_error,model_type,num_model_parameters,reduced_chi2,derived_primary_ecl_phase,derived_primary_ecl_phase_error,derived_primary_ecl_duration,derived_primary_ecl_duration_error,derived_primary_ecl_depth,derived_primary_ecl_depth_error,derived_secondary_ecl_phase,derived_secondary_ecl_phase_error,derived_secondary_ecl_duration,derived_secondary_ecl_duration_error,derived_secondary_ecl_depth,derived_secondary_ecl_depth_error
[from data line 254]
375316653866487564,4195860105313968384,0.5350577,2067.709807548841,3.022153122480405,1.7109438E-5,16.792158,0.025006002,0.3110006,0.0073931776,0.09959084,0.010441061,0.33204058,0.03035407,0.7977763,0.0071433894,0.08793761,0.011270999,0.3312497,0.026080072,null,null,null,null,"TWOGAUSSIANS",8,34.7307,0.3110006,0.0073931776,0.4,0.0,0.3163965,0.025337968,0.7977763,0.0071433894,0.4,0.0,0.3156083,0.0143953385
375316653866487564,4195861204825633792,0.55920124,2062.7556255194154,2.9561694073658797,1.0260029E-5,15.146808,0.013992486,0.2595766,0.0045264955,0.06067697,0.0085265925,0.17863701,0.0305327,0.74817675,0.005049391,0.06300237,0.0125159705,0.11598383,0.04112342,0.061019998,0.017288843,0.74817675,0.005049391,"TWOGAUSSIANS_WITH_ELLIPSOIDAL_ON_ECLIPSE2",9,77.75933,0.25768661,0.0033648314,0.33979103,0.04774892,0.3000939,0.01831469,0.74817675,0.005049391,0.3528133,0.07008944,0.23796253,0.029697923
375316653866487564,4195861892020369792,0.5570168,2110.5908932975462,2.7421377761435015,9.59882E-6,13.506625,0.0071708197,0.21330369,0.0041928636,0.07729538,0.005441792,0.24399117,0.012666073,0.71884096,0.007247026,0.085497536,0.0074847867,0.30922794,0.021047277,null,null,null,null,"TWOGAUSSIANS",8,392.63934,0.71884096,0.007247026,0.4,0.0,0.30478448,0.021077726,0.21330369,0.0041928636,0.4,0.0,0.23954773,0.01297894
375316653866487564,4195862441776190208,0.5435912,2124.3045321680875,2.654214087758933,7.677686E-6,13.4483595,0.019490592,0.2802691,0.0030400066,0.094427206,0.0072335955,0.30971035,0.018318042,0.7921098,0.0026522225,0.08220417,0.013150308,0.32147282,0.034398425,null,null,null,null,"TWOGAUSSIANS",8,400.0331,0.7921098,0.0026522225,0.4,0.0,0.3120361,0.04315729,0.2802691,0.0030400066,0.4,0.0,0.30027306,0.011576549
375316653866487564,4195867522717482752,0.5562912,2057.2329219461244,3.3564803144359487,1.01480355E-5,19.142778,0.014007083,0.27409875,0.003008527,0.07264406,0.003744797,0.61030155,0.032097258,0.77558094,0.0049935644,0.07250695,0.005237011,0.5025628,0.02420908,null,null,null,null,"TWOGAUSSIANS",8,3.9277809,0.27409875,0.003008527,0.4,0.0,0.60746795,0.03214277,0.77558094,0.0049935644,0.4,0.008912327,0.49972925,0.023879873
375316653866487564,4195877731859049216,0.6663816,2082.2854129834127,3.2927658819115453,3.8346934E-6,15.175364,0.006449452,0.24709135,9.972067E-4,0.047174893,0.0067654536,0.34485865,0.055780478,0.7444436,0.0010839021,0.045131814,0.0023129862,0.25929734,0.014403714,0.11410436,0.009444034,0.24709135,9.972067E-4,"TWOGAUSSIANS_WITH_ELLIPSOIDAL_ON_ECLIPSE1",9,29.756826,0.24709135,9.972067E-4,0.2641794,0.03788654,0.57306695,0.06342539,0.7447736,9.2106103E-4,0.25273818,0.012952723,0.48745036,0.0057098204
375316653866487564,4195882366123244800,0.5060596,2073.9774710706233,0.6941385192859316,1.6501105E-4,18.616041,0.0054847887,0.2692325,0.023811338,0.09910939,0.039798174,0.021883573,0.011033734,0.79565674,0.050393872,0.02517952,0.034303028,0.37474838,0.34440553,null,null,null,null,"TWOGAUSSIANS",8,1.5992653,0.79565674,0.050598916,0.1410053,0.19209696,0.37474102,0.34459567,0.2692325,0.023811338,0.4,0.0,0.021875959,0.010982699
375316653866487564,4195883293836353536,0.44483942,2130.015902869393,1.7596999228692332,3.3424745E-5,18.004597,0.0029561168,0.37567902,0.013658482,0.025098974,0.014867893,0.1108846,0.2673241,0.88112175,0.016364407,0.027209021,0.0116691,0.080043264,0.029232688,null,null,null,null,"TWOGAUSSIANS",8,3.4768918,0.37567902,0.013658482,0.14055425,0.0832602,0.1108846,0.2673241,0.88112175,0.016364407,0.15237051,0.06534696,0.080043264,0.029232688
375316653866487564,4195885291001642624,0.49079716,2083.7716033890333,1.522328302351731,2.770251E-5,13.518408,0.16324568,0.22913495,0.01506174,0.14872193,0.073576115,0.054392133,0.15318404,0.75844264,0.012633754,0.12458569,0.062684305,0.07447085,0.1351665,null,null,null,null,"TWOGAUSSIANS",8,39.40749,0.75962263,0.009430974,0.4,0.0,0.05596741,0.0037876912,0.22851495,0.009833495,0.4,0.0,0.035494097,0.002499706
375316653866487564,4195885497160052608,0.4513493,2085.313474810103,0.03687180570297863,2.8005508E-5,18.613008,0.011940536,0.399385,0.007915837,0.083553925,0.007363711,0.47070992,0.08050911,0.7967076,0.011452365,0.042155918,0.008042693,0.20634359,0.037145495,null,null,null,null,"TWOGAUSSIANS",8,13.926433,0.399385,0.007915837,0.4,0.0,0.47070304,0.08051153,0.7967076,0.011452365,0.23607314,0.045039084,0.20634249,0.037132412
375316653866487564,4195897140811432448,0.46082476,2085.4820430432587,0.03682893655568174,2.8348057E-5,17.532732,0.0032787705,0.39268625,0.009870454,0.09359426,0.008530833,0.17454165,0.029584698,0.7971435,0.005936269,0.057787627,0.0039765206,0.09229742,0.007691733,null,null,null,null,"TWOGAUSSIANS",8,7.1584206,0.39268625,0.009870454,0.4,0.0,0.17442572,0.029645866,0.7971435,0.005936269,0.32361072,0.022268515,0.09219685,0.007645891
375316653866487564,4195902019892030592,0.5361355,2061.485870423345,1.4686557856303613,3.218951E-5,18.478563,0.005473503,0.2265444,0.009730971,0.02283377,0.011812617,0.25403425,0.027662644,0.7304228,3.2609265E-4,0.02031638,4.892779E-4,0.5249967,0.004386551,null,null,null,null,"TWOGAUSSIANS",8,6.9431586,0.7304228,3.2609265E-4,0.11377173,0.0027399561,0.5249967,0.004386551,0.2265444,0.009730971,0.12786911,0.06615066,0.25403425,0.027662644
375316653866487564,4195909750833257984,0.47170404,2048.9552041306097,0.6753972078428562,3.683102E-5,19.032547,0.007501247,0.41898036,0.04714786,0.04772307,0.024363108,0.1417652,0.07985599,0.92320645,0.03982963,0.0073833093,0.0136450175,0.34858337,3.6762578,null,null,null,null,"TWOGAUSSIANS",8,4.6510096,0.92320645,0.03982963,0.04134653,0.0764121,0.34858337,3.6762578,0.41898036,0.04714786,0.2672492,0.13643341,0.1417652,0.07985599
375316653866487564,4195912194676974720,0.44877663,2070.659997923102,3.077888600831728,5.641128E-5,17.491184,0.0066729994,0.20369796,0.015156848,0.056705877,0.015819944,0.037596013,0.009769636,0.6885305,0.02417392,0.059213635,0.04622622,0.093500644,0.017143294,null,null,null,null,"TWOGAUSSIANS",8,9.756949,0.6885305,0.02417392,0.33159634,0.107419536,0.09349452,0.017606378,0.20369796,0.015156848,0.3175529,0.088591695,0.037589885,0.009606324
375316653866487564,4195919547661548928,0.57669234,2125.1593485914764,2.8203067094040497,9.828793E-6,17.039068,0.010859359,0.21227004,0.003656934,0.09871142,0.0074601634,0.20093195,0.010945307,0.7176828,0.003963245,0.09876267,0.007027522,0.19060695,0.01163685,null,null,null,null,"TWOGAUSSIANS",8,5.0229034,0.21227004,0.003656934,0.4,0.0,0.1861354,0.0056099,0.7176828,0.003963245,0.4,0.0,0.17581044,0.007895606
375316653866487564,4195921231288661120,0.5724202,2115.6501028121415,2.8666310987826433,9.05336E-6,15.789695,0.012953791,0.2755447,0.0032682351,0.097509086,0.0058468087,0.3590019,0.0152149275,0.77507,0.003224947,0.09249248,0.0056160567,0.3594941,0.012755108,null,null,null,null,"TWOGAUSSIANS",8,48.914547,0.77507,0.003224947,0.4,0.0,0.3371278,0.01013314,0.2755447,0.0032682351,0.4,0.0,0.33663455,0.015378409
375316653866487564,4195921845465271424,0.50285226,2078.909634204514,3.9055776772803052,1.2523585E-5,19.678942,0.016084032,0.26303536,0.0043034465,0.07752673,0.00821849,0.37264708,0.02486006,0.75681853,0.0032924062,0.07064632,0.0060944916,0.50135034,0.033184584,null,null,null,null,"TWOGAUSSIANS",8,2.532834,0.75681853,0.0032924062,0.3956194,0.023821274,0.49884966,0.0338943,0.26303536,0.0043034465,0.4,0.0,0.3701464,0.025101872
375316653866487564,4195922433879540864,0.45145422,2102.9189610659446,1.3002454171485043,2.7273034E-5,16.411196,0.0032832872,0.2704628,0.009579471,0.0626052,0.017205507,0.049067583,0.01988307,0.76675636,2.9027335E-5,0.0072879842,3.7861936E-4,0.6590783,0.09586267,0.014209023,0.006254585,0.2704628,0.009579471,"TWOGAUSSIANS_WITH_ELLIPSOIDAL_ON_ECLIPSE1",9,38.435966,0.76675636,2.9027335E-5,0.040812712,0.0021202683,0.6874643,0.10607823,0.2704628,0.009579471,0.35058913,0.0888278,0.07746897,0.018719144
375316653866487564,4195929443266232576,0.560542,2116.0589957003904,0.9367148926141505,6.5295726E-6,11.952582,0.039379474,0.27681497,0.0016693266,0.14786111,0.005448726,0.2064381,0.016928563,0.7770765,0.0018914957,0.26490325,0.016238993,0.3042262,0.0392676,null,null,null,null,"TWOGAUSSIANS",8,17.649118,0.27664497,0.001825075,0.4,0.0,0.059758145,0.0016049409,0.7771265,0.0019986234,0.4,0.0,0.05691744,0.001974583
375316653866487564,4195931878508220800,0.55170107,2083.292441603233,2.0378776749019534,4.8562255E-5,18.871603,0.004437601,0.2661374,0.0040424443,0.04396705,0.0049334955,0.39274836,0.07111855,0.7630714,0.006917234,0.047877908,0.0073490352,0.3900927,0.036494523,null,null,null,null,"TWOGAUSSIANS",8,1.7834332,0.2661374,0.0040424443,0.24621548,0.027627576,0.39274812,0.07111909,0.7630714,0.006917234,0.2681163,0.041154597,0.39009246,0.03649488
375316653866487564,4195932222105590272,0.42594278,2114.119235496772,2.5617822951286575,1.3892374E-4,19.369131,0.015380048,0.25333405,0.02862862,0.03735453,0.054764744,0.0955458,0.050313275,0.7394668,0.015471318,0.066881664,0.010760294,0.1576133,0.03178675,null,null,null,null,"TWOGAUSSIANS",8,4.157296,0.7394668,0.015471318,0.37453732,0.05914097,0.15761197,0.03164037,0.25333405,0.02862862,0.20918536,0.2895973,0.09554446,0.050443254
375316653866487564,4195940472738286720,0.58119136,2099.5944090781004,3.2729979918561676,1.2964681E-5,16.268278,0.007904496,0.26831016,0.0024041687,0.075413235,0.0030857217,0.43272626,0.014161156,0.7590307,0.0036315662,0.08178287,0.0034139536,0.52523696,0.012978713,null,null,null,null,"TWOGAUSSIANS",8,37.35419,0.7590307,0.0036315662,0.4,0.0,0.5202082,0.011961207,0.26831016,0.0024041687,0.4,0.0,0.4276975,0.014098614
375316653866487564,4195940953778715520,0.49776196,2145.90368304975,1.9610920772892961,1.0037561E-5,17.03912,0.0043620677,0.19527847,0.0072073173,0.08534742,0.011679763,0.053802814,0.0044750455,0.70227516,0.0047523063,0.07537191,0.006031067,0.08985719,0.005255259,null,null,null,null,"TWOGAUSSIANS",8,2.6161237,0.70227516,0.0047523063,0.4,0.0,0.08891931,0.004818229,0.19527847,0.0072073173,0.4,0.0,0.052864924,0.004143035
375316653866487564,4195943839996687744,0.4915884,2089.1731078413077,0.7896017663249536,1.8919642E-5,16.146984,0.0022401228,0.41139624,0.029626839,0.024083909,0.01759413,0.20036915,5.5685854,0.26835328,0.021208102,0.05917236,0.02605173,0.051046044,0.011545098,0.0011227645,0.003519001,0.41139624,0.029626839,"TWOGAUSSIANS_WITH_ELLIPSOIDAL_ON_ECLIPSE1",9,17.070383,0.41106623,0.029987814,0.13486989,0.098527126,0.20538098,5.567273,0.2693033,0.021889623,0.33136523,0.11632258,0.051922914,0.011396266
375316653866487564,4195944763410619392,0.43458754,2103.1185729148406,0.07906552321963668,2.6984228E-5,18.295584,0.0062182504,0.18661357,0.0068367873,0.0478447,0.0060214717,0.41582307,0.13421166,0.5481052,0.018347807,0.0395761,0.04808822,0.25355574,0.04570752,null,null,null,null,"TWOGAUSSIANS",8,10.237252,0.18661357,0.0068364013,0.26793033,0.03372024,0.41582307,0.13421151,0.5481052,0.018347807,0.22162616,0.18029276,0.25355574,0.045721
375316653866487564,4195947099873029760,0.49529123,2132.5629869303343,0.541105614739836,1.1600548E-4,18.365635,0.00942782,0.24490762,0.00817892,0.042024296,0.0104090115,0.17386237,0.100497074,0.77196836,0.05944502,0.028803803,0.073853865,0.30118757,0.23916015,null,null,null,null,"TWOGAUSSIANS",8,4.3142858,0.77196836,0.05944502,0.1613013,0.23283446,0.30118757,0.23948537,0.24490762,0.00817892,0.23533607,0.058290463,0.17386237,0.10060042
375316653866487564,4195951536577538944,0.5935181,2039.3167275883845,4.130708912815289,5.7956636E-6,17.860086,0.00992145,0.22027908,0.0019152404,0.040656373,0.0047342125,0.36586103,0.02797192,0.72466874,0.0027141697,0.04582518,0.0031925316,0.43651208,0.028249195,0.094135985,0.016065711,0.22027908,0.0019152404,"TWOGAUSSIANS_WITH_ELLIPSOIDAL_ON_ECLIPSE1",9,8.179506,0.72466874,0.0027141697,0.256621,0.017878177,0.6246405,0.019817233,0.22027908,0.0019152404,0.22767568,0.02651159,0.55413264,0.03126172
375316653866487564,4195951708376254976,0.53805923,2064.4225984255886,1.5199581670363393,1.18802745E-5,17.50422,0.008373547,0.24766709,0.016560348,0.026426133,0.009090847,0.45641428,0.15838383,0.74179995,0.004161591,0.024791863,0.0043728137,0.54659086,0.057435233,0.031501222,0.019043356,0.24766709,0.016560348,"TWOGAUSSIANS_WITH_ELLIPSOIDAL_ON_ECLIPSE1",9,54.332455,0.74183,0.0041380487,0.13883443,0.024487756,0.6095081,0.062886775,0.24766709,0.016560348,0.14798635,0.050908744,0.5194167,0.16516897
375316653866487564,4195958889561520768,0.6258749,1969.2416021563613,2.5674300380258273,8.148796E-6,16.424934,0.007872353,0.22576776,0.003387833,0.10474131,0.00869157,0.099099085,0.007507691,0.7295037,0.0029821936,0.10336148,0.0073015234,0.15987718,0.0069986274,null,null,null,null,"TWOGAUSSIANS",8,1.3932713,0.7295037,0.0029821936,0.4,0.0,0.14653747,0.002299039,0.22576776,0.0033867836,0.4,0.0,0.0857598,0.004423156
375316653866487564,4195962634773168768,0.5502288,2064.1349487459656,1.2701633364767868,1.5947651E-5,15.537113,0.0099007245,0.19972964,0.007534943,0.020027634,0.03031414,0.032403752,0.014873913,0.69287926,0.017705591,0.045922723,0.035726238,0.24866323,0.16571176,0.03358633,0.010176726,0.19972964,0.007534943,"TWOGAUSSIANS_WITH_ELLIPSOIDAL_ON_ECLIPSE1",9,16.765018,0.6931693,0.01727524,0.25716725,0.13991119,0.31571668,0.18035498,0.19972964,0.007534943,0.11215475,0.16975918,0.09957624,0.008641696
375316653866487564,4195964593270946176,0.46037877,2014.8107061442208,1.6059614283369683,2.9934537E-5,16.907999,0.010672591,0.18618503,0.0127124945,0.043058533,0.021285739,0.13921987,0.06116472,0.6759862,0.007744405,0.045172106,0.016390134,0.42613852,0.38821277,null,null,null,null,"TWOGAUSSIANS",8,63.282974,0.6759862,0.007744405,0.2529638,0.09178475,0.4261385,0.3882133,0.18618503,0.0127124945,0.24112777,0.11920014,0.13921984,0.06116602
375316653866487564,4195964765076937856,0.47256145,2051.8271903693526,2.5945920630322363,2.6129504E-5,14.776009,0.72573876,0.24972032,0.0051255524,0.20864312,0.20323037,0.33948854,0.715034,0.7434135,0.00873424,0.1149591,0.040752646,0.26763818,0.25422403,null,null,null,null,"TWOGAUSSIANS",8,200.9997,0.24977033,0.0051103504,0.4,0.0,0.16410714,0.014549781,0.7434135,0.00873424,0.4,0.0,0.13073152,0.018234493
375316653866487564,4195964829494692224,0.46486726,2062.255275654142,3.973883790748191,5.5097324E-5,19.333271,0.020767609,0.22931321,0.029565582,0.07392119,0.026059054,0.37723222,0.053631116,0.7441531,0.0080874255,0.07299204,0.016534874,0.31024754,0.05781557,null,null,null,null,"TWOGAUSSIANS",8,8.80129,0.22931321,0.029565582,0.4,0.113332994,0.375758,0.054613367,0.7441531,0.0080874255,0.4,0.06771392,0.30877328,0.058607828
375316653866487564,4195966787999079552,0.68662816,2074.4709560411325,2.9328388395096545,3.2403514E-6,16.096489,0.005767277,0.22193062,0.0011048769,0.048445694,0.0024047534,0.3955395,0.015019907,0.7207584,0.0010543625,0.049773347,0.0012886428,0.53981286,0.014686206,0.100880235,0.008467234,0.22193062,0.0011048769,"TWOGAUSSIANS_WITH_ELLIPSOIDAL_ON_ECLIPSE1",9,11.803743,0.72083837,9.6713146E-4,0.27873075,0.007216399,0.7415609,0.008725873,0.22193062,0.0011048769,0.2712959,0.013466618,0.5972977,0.014169116
375316653866487564,4195971946262428160,0.5161613,2052.669701563689,3.885218522594428,2.5286598E-5,18.1889,0.018207222,0.28701177,0.004480634,0.0669748,0.0063805506,0.6998029,0.049790036,0.78439426,0.003908261,0.061266907,0.004450359,0.63548124,0.034533,null,null,null,null,"TWOGAUSSIANS",8,34.50085,0.28701177,0.004480634,0.37505886,0.033549137,0.6991861,0.049983885,0.78439426,0.003908261,0.34309468,0.024922011,0.63486445,0.034597475
375316653866487564,4195975657114093696,0.46420547,2055.58352762977,4.222391518299526,1.6333326E-5,18.953081,0.0042556496,null,null,null,null,null,null,null,null,null,null,null,null,0.08593494,0.006440415,0.13736567,0.005603515,"ELLIPSOIDAL",4,3.5580604,null,null,null,null,null,null,null,null,null,null,null,null
