Gaia/vari_eclipsing_binary/VariEclipsingBinary_603269-603325.csv
# %ECSV 1.0
# ---
# delimiter: ','
# meta: !!omap
# - RELEASE: Gaia DR3
# - TABLE: vari_eclipsing_binary
# - DESCRIPTION: >
#     This table describes the properties of the eclipsing binaries resulting from the variability analysis. 
# - CITATION: >
#     How to cite and acknowledge Gaia: 
#     https://gea.esac.esa.int/archive/documentation/credits.html 
# - KNOWN_ISSUES: >
#     Known issues: 
#     https://www.cosmos.esa.int/web/gaia-users/known-issues 
# - DOCUMENTATION: >
#     Tutorials and documentation: 
#     https://www.cosmos.esa.int/web/gaia-users/archive 
# datatype:
# - 
#   name: solution_id
#   datatype: int64
#   description: Solution Identifier
#   meta:
#     ucd: meta.version
# - 
#   name: source_id
#   datatype: int64
#   description: Unique source identifier
#   meta:
#     ucd: meta.id;meta.main
# - 
#   name: global_ranking
#   datatype: float32
#   description: Number between 0 (worst) and 1 (best)
#   meta:
#     ucd: stat.param
# - 
#   name: reference_time
#   datatype: float64
#   unit: d
#   description: Reference time used for the geometric model fit
#   meta:
#     ucd: time.epoch
# - 
#   name: frequency
#   datatype: float64
#   unit: d**-1
#   description: Frequency of geometric model of the eclipsing binary light curve
#   meta:
#     ucd: src.orbital
# - 
#   name: frequency_error
#   datatype: float32
#   unit: d**-1
#   description: "Uncertainty of \\texttt{frequency}"
#   meta:
#     ucd: stat.error
# - 
#   name: geom_model_reference_level
#   datatype: float32
#   unit: mag
#   description: Magnitude reference level of geometric model
#   meta:
#     ucd: phot.mag;em.opt
# - 
#   name: geom_model_reference_level_error
#   datatype: float32
#   unit: mag
#   description: "Uncertainty of \\texttt{geomModelReferenceLevel}"
#   meta:
#     ucd: stat.error;phot.mag;em.opt
# - 
#   name: geom_model_gaussian1_phase
#   datatype: float32
#   description: Phase of the Gaussian 1 component
#   meta:
#     ucd: time.phase
# - 
#   name: geom_model_gaussian1_phase_error
#   datatype: float32
#   description: "Uncertainty of \\texttt{geomModelGaussian1Phase}"
#   meta:
#     ucd: stat.error;time.phase
# - 
#   name: geom_model_gaussian1_sigma
#   datatype: float32
#   description: "Standard deviation [phase] of Gaussian 1 component"
#   meta:
#     ucd: stat.stdev
# - 
#   name: geom_model_gaussian1_sigma_error
#   datatype: float32
#   description: "Uncertainty of \\texttt{geomModelGaussian1Sigma}"
#   meta:
#     ucd: stat.error
# - 
#   name: geom_model_gaussian1_depth
#   datatype: float32
#   unit: mag
#   description: Magnitude depth of Gaussian 1 component
#   meta:
#     ucd: src.var.amplitude
# - 
#   name: geom_model_gaussian1_depth_error
#   datatype: float32
#   unit: mag
#   description: "Uncertainty of \\texttt{geomModelGaussian1Depth}"
#   meta:
#     ucd: stat.error;src.var.amplitude
# - 
#   name: geom_model_gaussian2_phase
#   datatype: float32
#   description: Phase of Gaussian 2 component
#   meta:
#     ucd: time.phase
# - 
#   name: geom_model_gaussian2_phase_error
#   datatype: float32
#   description: "Uncertainty of \\texttt{geomModelGaussian2Phase}"
#   meta:
#     ucd: stat.error;time.phase
# - 
#   name: geom_model_gaussian2_sigma
#   datatype: float32
[...]
#   datatype: float32
#   description: "Secondary eclipse: uncertainty of \\texttt{derivedSecondaryEclDuration}"
#   meta:
#     ucd: stat.error;time.duration
# - 
#   name: derived_secondary_ecl_depth
#   datatype: float32
#   unit: mag
#   description: "Secondary eclipse: depth"
#   meta:
#     ucd: src.var.amplitude
# - 
#   name: derived_secondary_ecl_depth_error
#   datatype: float32
#   unit: mag
#   description: "Secondary eclipse: uncertainty of \\texttt{derivedSecondaryEclDepth}"
#   meta:
#     ucd: stat.error;src.var.amplitude
solution_id,source_id,global_ranking,reference_time,frequency,frequency_error,geom_model_reference_level,geom_model_reference_level_error,geom_model_gaussian1_phase,geom_model_gaussian1_phase_error,geom_model_gaussian1_sigma,geom_model_gaussian1_sigma_error,geom_model_gaussian1_depth,geom_model_gaussian1_depth_error,geom_model_gaussian2_phase,geom_model_gaussian2_phase_error,geom_model_gaussian2_sigma,geom_model_gaussian2_sigma_error,geom_model_gaussian2_depth,geom_model_gaussian2_depth_error,geom_model_cosine_half_period_amplitude,geom_model_cosine_half_period_amplitude_error,geom_model_cosine_half_period_phase,geom_model_cosine_half_period_phase_error,model_type,num_model_parameters,reduced_chi2,derived_primary_ecl_phase,derived_primary_ecl_phase_error,derived_primary_ecl_duration,derived_primary_ecl_duration_error,derived_primary_ecl_depth,derived_primary_ecl_depth_error,derived_secondary_ecl_phase,derived_secondary_ecl_phase_error,derived_secondary_ecl_duration,derived_secondary_ecl_duration_error,derived_secondary_ecl_depth,derived_secondary_ecl_depth_error
[from data line 219]
375316653866487564,5306545962384659584,0.46221974,2076.2006838972984,0.28147723695042215,1.8456623E-5,19.184275,0.004893574,0.3251995,0.0041080797,0.01659651,0.0031198964,0.10720783,0.011960443,0.8268575,0.0022747673,0.015372703,0.0017068945,0.17179483,0.010355493,null,null,null,null,"TWOGAUSSIANS",8,1.8125572,0.8268575,0.0022747673,0.08608714,0.009558609,0.17179483,0.010355493,0.3251995,0.0041080797,0.09294045,0.01747142,0.10720783,0.011960443
375316653866487564,5306546310300752000,0.5437077,2087.1326173383345,3.1312215560653245,6.691433E-6,19.173395,0.011184043,0.2975606,0.0030985933,0.08090325,0.0038177168,0.4667734,0.014871084,0.79433733,0.0029387346,0.08017499,0.003912408,0.5071052,0.017781356,null,null,null,null,"TWOGAUSSIANS",8,2.722286,0.79433733,0.0029387346,0.4,0.0,0.4997151,0.017721258,0.2975606,0.0030985933,0.4,0.0,0.4593833,0.013932941
375316653866487564,5306547164975208192,0.6320511,2092.767444491222,0.2603697425081893,7.4069426E-6,18.085546,0.0017487558,0.224394,0.005303934,0.017346147,0.009685859,1.4530672,39.630413,0.7186907,0.004337258,0.021831112,0.0037842945,0.113210365,0.028346626,0.021415392,0.0026480262,0.224394,0.005303934,"TWOGAUSSIANS_WITH_ELLIPSOIDAL_ON_ECLIPSE1",9,1.1569599,0.224394,0.005303934,0.09713843,0.05424081,1.495898,39.6312,0.7187707,0.004262876,0.12225422,0.02119205,0.15598693,0.028693242
375316653866487564,5306548264487150336,0.5770494,2122.1790029845015,2.390571043115123,4.955527E-6,18.618498,0.008351431,0.290446,0.0016162694,0.07821683,0.0026300303,0.44420993,0.016732318,0.79074687,0.00145077,0.08196533,0.0030081603,0.33910868,0.0091545405,null,null,null,null,"TWOGAUSSIANS",8,1.7249991,0.290446,0.0016162694,0.4,0.0,0.43832693,0.016674986,0.79074687,0.00145077,0.4,0.0,0.3332257,0.008544777
375316653866487564,5306549192203296384,0.46085265,2149.9864324943524,0.13181260361136932,3.9178317E-6,19.886719,0.00867923,0.21402448,0.005344504,0.016341956,0.009333159,0.075603545,0.022349523,0.6164876,0.0013985162,0.007067545,0.0015049074,0.37463632,0.115693994,null,null,null,null,"TWOGAUSSIANS",8,1.7263709,0.6164876,0.0013985162,0.03957825,0.008427481,0.37463632,0.115693994,0.21402448,0.005344504,0.09151496,0.05226569,0.075603545,0.022349523
375316653866487564,5306550296025545728,0.6332845,2097.8164747931164,0.746896910926695,4.216714E-6,15.754994,0.001771984,0.19709538,0.0050948127,0.0237475,0.0021263857,0.50411886,0.06489441,0.69798,0.015768455,0.025241664,0.00620796,0.4467524,0.26778114,0.0073994407,0.002755445,0.19709538,0.0050948127,"TWOGAUSSIANS_WITH_ELLIPSOIDAL_ON_ECLIPSE1",9,7.4140625,0.19709538,0.0050948127,0.13298601,0.011907759,0.51891774,0.0649051,0.69798,0.015748879,0.14135331,0.034764577,0.4615508,0.26820743
375316653866487564,5306550738394303872,0.5428211,2060.825973404163,1.9060729204181757,1.0638725E-5,19.063631,0.007160312,0.22765766,0.009564419,0.024894105,0.005556728,0.44132414,0.10758355,0.72801214,0.0015291863,0.0271948,0.0021626737,0.71649003,0.054071292,null,null,null,null,"TWOGAUSSIANS",8,5.2098517,0.72801214,0.0015291863,0.15229088,0.012110974,0.71649003,0.054071292,0.22765766,0.009564419,0.139407,0.031117678,0.44132414,0.10758355
375316653866487564,5306551567321113088,0.5197936,2107.0704412818736,3.338709528411708,1.4855079E-5,18.029419,0.01158758,0.20099247,0.0068415315,0.09185053,0.008761521,0.25770947,0.018930236,0.71083164,0.0033867934,0.0863109,0.005347786,0.28663462,0.012827418,null,null,null,null,"TWOGAUSSIANS",8,6.3352313,0.71083164,0.0033867934,0.4,0.0,0.27760053,0.010718455,0.20099247,0.0068415315,0.4,0.0,0.2486752,0.018246109
375316653866487564,5306551601680841216,0.484766,2062.1920114033774,0.984913197915835,4.8712012E-5,18.757774,0.0042813895,0.2433065,0.006687677,0.049141675,0.009484719,0.07768286,0.032453626,0.75052536,0.011185063,0.039515972,0.018999998,0.24409962,0.12078058,null,null,null,null,"TWOGAUSSIANS",8,1.5577267,0.75052536,0.011185063,0.22128944,0.10639998,0.2440996,0.12078396,0.2433065,0.006687677,0.27519336,0.05311442,0.07768284,0.032453794
375316653866487564,5306551670400330368,0.5388073,2083.753633690151,2.6854027032657726,6.662471E-6,18.567797,0.006965407,0.25023767,0.0052929213,0.07800833,0.006947599,0.331517,0.010425883,0.74901587,0.0018825767,0.08350147,0.0031233092,0.34263405,0.008163866,null,null,null,null,"TWOGAUSSIANS",8,3.5055318,0.74901587,0.0018825767,0.4,0.0,0.3371712,0.0077366824,0.25023767,0.0052929213,0.4,0.0,0.32605416,0.010895456
375316653866487564,5306552666847757312,0.6348196,2054.2463218594226,2.479220522427389,1.8919546E-6,18.367315,0.0062125577,0.17542101,6.8706815E-4,0.04811147,0.0020116617,0.35995886,0.015241984,0.6751342,0.0014291144,0.04414928,0.002418523,0.40882722,0.029130988,0.12728506,0.009969054,0.17542101,6.8706815E-4,"TWOGAUSSIANS_WITH_ELLIPSOIDAL_ON_ECLIPSE1",9,1.8857827,0.6751642,0.0013649762,0.24723597,0.013543729,0.66339606,0.026191222,0.17542101,6.8706815E-4,0.26942423,0.011265305,0.6145284,0.01223051
375316653866487564,5306552735567236608,0.49261647,2108.0145727101467,0.4320616420124949,6.8995982E-6,15.793999,0.0010021547,0.3669655,0.0018448693,0.036202304,0.0020744314,0.07103571,0.005378886,0.65711874,0.043556597,0.091007024,0.07300593,0.004048609,0.003876398,null,null,null,null,"TWOGAUSSIANS",8,3.9799545,0.36698553,0.0018190462,0.2027329,0.011616816,0.07106084,0.0053873616,0.65711874,0.043556597,0.4,0.10297417,0.0040486054,0.0038786994
375316653866487564,5306552971772088960,0.58825994,2059.3075458691997,0.53219558112397,5.4458324E-6,18.20212,0.006378108,0.15930332,0.0012148498,0.031194355,0.0017138765,0.5145981,0.013864344,0.660444,0.00476418,0.036495503,0.00672581,0.53627837,0.053894535,0.039157953,0.009527167,0.15930332,0.0012148498,"TWOGAUSSIANS_WITH_ELLIPSOIDAL_ON_ECLIPSE1",9,7.862593,0.660444,0.004737032,0.20437482,0.037664536,0.6145902,0.057422657,0.15930332,0.0012148498,0.1746884,0.0095977085,0.5929139,0.011071824
375316653866487564,5306553457121762304,0.56301427,2082.4485483110084,0.26276859229286625,2.0852758E-6,13.533547,0.0011767229,0.20878688,4.845646E-4,0.019299844,0.0011131308,0.1947264,0.027409306,0.707848,5.989185E-4,0.022830095,5.621565E-4,0.14048849,0.003366391,null,null,null,null,"TWOGAUSSIANS",8,52.380665,0.20878688,4.845646E-4,0.10807913,0.006233533,0.1947264,0.027409306,0.707848,5.989185E-4,0.12784854,0.0031480764,0.14048849,0.003366391
375316653866487564,5306555140748979456,0.5028859,2035.5489960106615,0.4991234482873098,9.639011E-6,18.578508,0.0028432405,0.17846821,6.6294683E-6,0.0038970953,1.1501575E-4,0.08767951,0.0028449215,0.92975724,8.3567423E-4,0.0119498465,4.6879306E-4,1.1738926,0.23103455,null,null,null,null,"TWOGAUSSIANS",8,1.9058295,0.92975724,8.3567423E-4,0.06691914,0.0026252412,1.1738926,0.23103455,0.17846821,6.6294683E-6,0.021823734,6.440882E-4,0.08767951,0.0028449215
375316653866487564,5306555415626797952,0.55635136,2119.589616178619,2.527061861129071,1.1425177E-5,14.918543,0.0026358047,0.34158733,0.011462018,0.028360782,0.020051358,0.02940296,0.0102811325,0.83166015,0.0024691364,0.0367847,0.011742269,0.046169028,0.012870563,0.07989686,0.0057308353,0.83166015,0.0024691364,"TWOGAUSSIANS_WITH_ELLIPSOIDAL_ON_ECLIPSE2",9,52.24673,0.83166015,0.0024691364,0.20599432,0.0657567,0.2059627,0.0118478695,0.33903733,0.0075228205,0.15882039,0.1122876,0.18873495,0.012058502
375316653866487564,5306556270307421824,0.53486854,2036.884570086609,3.1364270154526794,1.6213364E-5,18.680525,0.031395566,0.3031472,0.006628171,0.10947482,0.015481729,0.35561153,0.02820911,0.8001404,0.0031010355,0.09731376,0.008926158,0.31615993,0.029763056,null,null,null,null,"TWOGAUSSIANS",8,3.432398,0.3031472,0.006628171,0.4,0.0,0.32074812,0.022254352,0.8001404,0.0031010355,0.4,0.0,0.2813165,0.009468334
375316653866487564,5306556407746476032,0.46944273,2022.0738363590967,0.30911573360041955,1.189739E-5,18.178186,0.034698457,0.14723644,0.0034487792,0.10836901,0.033455443,0.10154755,0.027226431,0.65462756,0.0064477897,0.10358208,0.029719982,0.12997805,0.026219519,null,null,null,null,"TWOGAUSSIANS",8,1.9716694,0.6546376,0.0065033743,0.4,0.0,0.1169636,0.011407015,0.14723644,0.0034155762,0.4,0.0,0.08853042,0.008583126
375316653866487564,5306556820063268608,0.57630473,2091.5466928617275,3.0936114044353005,1.3561304E-5,18.557749,0.004280806,0.45214266,0.0017845642,0.0678227,0.0024508063,0.6080561,0.029510306,null,null,null,null,null,null,null,null,null,null,"ONEGAUSSIAN",5,3.8551404,0.45214266,0.0017845642,0.37980714,0.013724515,0.6080561,0.0,null,null,null,null,null,null
375316653866487564,5306557129301034240,0.61006176,2075.0211347067457,1.1940674816767514,7.423321E-6,18.040194,0.003888487,0.30050147,0.0053637023,0.05792133,0.006121858,0.0962578,0.0073110806,0.806953,0.0014894635,0.04934576,0.0014107326,0.46453184,0.0056919563,null,null,null,null,"TWOGAUSSIANS",8,2.8376768,0.806953,0.0014894635,0.27633625,0.007900103,0.4645262,0.005688857,0.30050147,0.0053637023,0.32435945,0.034282405,0.09625218,0.0073128827
375316653866487564,5306557202317085952,0.52812636,2034.694913435576,1.1639800395304267,9.5160585E-6,19.376026,0.004210858,0.30308688,0.011288571,0.05448522,0.0075591695,0.16224061,0.012775378,0.79611385,0.0018639897,0.03376148,0.0014244579,0.4586564,0.03115359,null,null,null,null,"TWOGAUSSIANS",8,1.5003642,0.79611385,0.0018639897,0.1890643,0.007976964,0.45865637,0.031153597,0.30308688,0.011288571,0.30511722,0.04233135,0.16224058,0.012775411
375316653866487564,5306557958247297024,0.53011715,2049.738211376647,0.23736935814821752,2.6579306E-5,17.087074,0.0014293032,0.2251391,0.0049906457,0.013731703,0.0036578332,0.12688251,0.010741836,0.703834,0.014798316,0.009202938,0.014421839,0.11477164,0.035636775,0.0031860687,0.002194399,0.2251391,0.0049906457,"TWOGAUSSIANS_WITH_ELLIPSOIDAL_ON_ECLIPSE1",9,2.4514217,0.2251391,0.0049906457,0.07689754,0.020483866,0.13325463,0.010448438,0.70384395,0.014782196,0.051536452,0.080762304,0.12103031,0.03840224
375316653866487564,5306558469331237760,0.5043088,2067.6730038861792,1.0546794562444013,8.479967E-6,17.433098,0.0014531394,0.7550067,0.0021457952,0.036305428,0.0075905053,0.118841454,0.07333369,null,null,null,null,null,null,0.015058352,0.0020349915,0.7550067,0.0021457952,"ONEGAUSSIAN_WITH_ELLIPSOIDAL",6,2.1743867,0.7550067,0.0021457952,0.2033104,0.04250683,0.14895816,0.07477972,null,null,null,null,null,null
375316653866487564,5306559534486498944,0.4670301,2046.8346907339665,2.4540289706458216,1.5462098E-5,19.112864,0.01227764,0.22210857,0.008328466,0.07307802,0.011039398,0.25502792,0.02434543,0.7434008,0.004210451,0.06715762,0.006793889,0.26199308,0.03626364,null,null,null,null,"TWOGAUSSIANS",8,3.8832073,0.7434008,0.004210451,0.3760827,0.03804578,0.26147756,0.036390934,0.22210857,0.008328466,0.4,0.02454476,0.2545124,0.0242916
375316653866487564,5306560225973698560,0.4929318,2137.597652091154,1.6364664944943534,1.3699826E-5,18.90004,0.009391489,0.2859104,0.0037465175,0.032773685,0.004728218,0.1596011,0.043226536,0.7903552,0.0044234055,0.034081828,0.0056948625,0.44976884,0.087482706,null,null,null,null,"TWOGAUSSIANS",8,7.454763,0.7903552,0.0044234055,0.19085824,0.03189123,0.44976884,0.087482706,0.2859104,0.0037465175,0.18353263,0.02647802,0.1596011,0.043226536
375316653866487564,5306560638307369344,0.6085281,2135.851812817622,0.46305844395940554,1.2222973E-5,17.314371,0.0017655453,0.25282592,0.0026700157,0.023848666,0.0019375607,0.34599933,0.0535938,0.74960583,0.009852922,0.028838588,0.0072908374,0.30806732,0.10646951,0.015225836,0.0032329676,0.25282592,0.0026700157,"TWOGAUSSIANS_WITH_ELLIPSOIDAL_ON_ECLIPSE1",9,1.6054705,0.25282592,0.0026700157,0.13355254,0.01085034,0.37645096,0.054983243,0.74962586,0.009767245,0.1614961,0.04082869,0.33850658,0.10735751
375316653866487564,5306561183749311872,0.4885435,2074.5850033632055,2.6587116400596673,2.5455158E-5,19.680931,0.04331123,0.28782672,0.0059974515,0.090971865,0.0144143915,0.34795266,0.041456714,0.7807624,0.0072561777,0.112692095,0.02375085,0.31137225,0.03085424,null,null,null,null,"TWOGAUSSIANS",8,2.5423863,0.28783673,0.005997529,0.4,0.0,0.31872505,0.029829916,0.7807624,0.0072561777,0.4,0.0,0.28211054,0.023652095
375316653866487564,5306561802229537920,0.5429464,2071.7630409589297,3.3799896853416245,6.0231164E-6,19.11473,0.0067042373,0.28954506,0.0043075057,0.07860394,0.0060883034,0.39306197,0.02278421,0.78236485,0.0029336747,0.06933886,0.0031126062,0.43971398,0.016486013,null,null,null,null,"TWOGAUSSIANS",8,1.8215741,0.78236485,0.0029336747,0.3882976,0.017430596,0.43739587,0.016563756,0.28954506,0.0043075057,0.4,0.0,0.39074385,0.023402873
375316653866487564,5306562455060066176,0.51694566,2070.863214057498,3.60425654582609,1.1962505E-5,19.232168,0.031878,0.17049362,0.0039931913,0.10865655,0.014231776,0.24859178,0.029436756,0.6794285,0.009013484,0.09474195,0.016526768,0.22054808,0.031792205,null,null,null,null,"TWOGAUSSIANS",8,1.6135502,0.17049362,0.0039913063,0.4,0.0,0.22809018,0.014614632,0.67943853,0.009034035,0.4,0.0,0.20005944,0.01312525
375316653866487564,5306565929689153792,0.5843332,2056.490440758885,3.4730003388749964,4.8729044E-6,18.343454,0.011438616,0.25710592,0.0024943575,0.074995026,0.0037103763,0.550676,0.0115872305,0.7616337,0.0021001834,0.062491506,0.00218437,0.52057004,0.014529798,null,null,null,null,"TWOGAUSSIANS",8,5.9071097,0.25710592,0.0024943575,0.4,0.0,0.5494027,0.01135323,0.7616337,0.0021001834,0.34995243,0.012232472,0.5192968,0.014208289
375316653866487564,5306566440790027520,0.5288989,2102.110053402271,0.4701043318986404,7.100489E-6,19.430252,0.0035190172,0.3819736,0.0049592606,0.014226418,0.0046475036,0.26156816,0.2017692,0.888448,0.0020661326,0.013642993,0.0023642255,0.39515558,0.17282218,null,null,null,null,"TWOGAUSSIANS",8,0.8615436,0.888448,0.0020661326,0.076400764,0.013239662,0.39515558,0.17282218,0.3819736,0.0049592606,0.07966794,0.02602602,0.26156816,0.2017692
375316653866487564,5306566513805934720,0.54244024,2090.3647438877697,2.6171346224969496,9.871355E-6,19.242731,0.008174222,0.23799933,0.0024774738,0.07106431,0.003366343,0.33988857,0.010451236,0.7507921,0.02050474,0.0659529,0.018988771,0.1596277,0.017656337,null,null,null,null,"TWOGAUSSIANS",8,1.4544708,0.23799933,0.0024774738,0.39796013,0.018156884,0.33946136,0.01012689,0.7507921,0.02050474,0.36933625,0.09569114,0.15920049,0.017834153
375316653866487564,5306566548165106176,0.5650919,2135.453588550368,0.41447290724411523,7.843619E-5,18.672081,0.004586482,0.16713715,0.02330988,0.026331462,0.014153175,0.07412392,0.039781954,0.66969734,0.0017272983,0.023146242,0.0023288927,2.0110571,0.5732193,null,null,null,null,"TWOGAUSSIANS",8,4.1285386,0.66969734,0.0017272983,0.12961894,0.0130418,2.0110571,0.5732193,0.16713715,0.02330988,0.14745618,0.07925778,0.07412392,0.039781954
375316653866487564,5306566823059336576,0.5668894,2049.310915764172,2.240062629676996,5.4556695E-6,17.862928,0.011623733,0.2152091,0.0017830734,0.07840688,0.004577744,0.25056836,0.011300232,0.69759786,0.004068689,0.08997868,0.0072295135,0.41086367,0.014678135,null,null,null,null,"TWOGAUSSIANS",8,5.0195155,0.69759786,0.004068689,0.4,0.0,0.40509564,0.015694471,0.2152091,0.0017830734,0.4,0.0,0.24480058,0.008958552
375316653866487564,5306567849541562112,0.5538362,2080.7411705822065,1.7397723429452239,1.1211024E-5,18.700556,0.009490912,0.20246787,0.014134617,0.019656042,0.007659876,0.33339995,0.29613438,0.71159893,0.0013016593,0.029132316,0.0015154257,0.73520887,0.020216117,0.030108497,0.015941607,0.20246787,0.014134617,"TWOGAUSSIANS_WITH_ELLIPSOIDAL_ON_ECLIPSE1",9,11.342972,0.71159893,0.0013016593,0.16314097,0.008486384,0.7952279,0.020521346,0.20246787,0.014134617,0.11007383,0.042895302,0.39361694,0.29321066
