Gaia/vari_eclipsing_binary/VariEclipsingBinary_353320-353484.csv
# %ECSV 1.0
# ---
# delimiter: ','
# meta: !!omap
# - RELEASE: Gaia DR3
# - TABLE: vari_eclipsing_binary
# - DESCRIPTION: >
#     This table describes the properties of the eclipsing binaries resulting from the variability analysis. 
# - CITATION: >
#     How to cite and acknowledge Gaia: 
#     https://gea.esac.esa.int/archive/documentation/credits.html 
# - KNOWN_ISSUES: >
#     Known issues: 
#     https://www.cosmos.esa.int/web/gaia-users/known-issues 
# - DOCUMENTATION: >
#     Tutorials and documentation: 
#     https://www.cosmos.esa.int/web/gaia-users/archive 
# datatype:
# - 
#   name: solution_id
#   datatype: int64
#   description: Solution Identifier
#   meta:
#     ucd: meta.version
# - 
#   name: source_id
#   datatype: int64
#   description: Unique source identifier
#   meta:
#     ucd: meta.id;meta.main
# - 
#   name: global_ranking
#   datatype: float32
#   description: Number between 0 (worst) and 1 (best)
#   meta:
#     ucd: stat.param
# - 
#   name: reference_time
#   datatype: float64
#   unit: d
#   description: Reference time used for the geometric model fit
#   meta:
#     ucd: time.epoch
# - 
#   name: frequency
#   datatype: float64
#   unit: d**-1
#   description: Frequency of geometric model of the eclipsing binary light curve
#   meta:
#     ucd: src.orbital
# - 
#   name: frequency_error
#   datatype: float32
#   unit: d**-1
#   description: "Uncertainty of \\texttt{frequency}"
#   meta:
#     ucd: stat.error
# - 
#   name: geom_model_reference_level
#   datatype: float32
#   unit: mag
#   description: Magnitude reference level of geometric model
#   meta:
#     ucd: phot.mag;em.opt
# - 
#   name: geom_model_reference_level_error
#   datatype: float32
#   unit: mag
#   description: "Uncertainty of \\texttt{geomModelReferenceLevel}"
#   meta:
#     ucd: stat.error;phot.mag;em.opt
# - 
#   name: geom_model_gaussian1_phase
#   datatype: float32
#   description: Phase of the Gaussian 1 component
#   meta:
#     ucd: time.phase
# - 
#   name: geom_model_gaussian1_phase_error
#   datatype: float32
#   description: "Uncertainty of \\texttt{geomModelGaussian1Phase}"
#   meta:
#     ucd: stat.error;time.phase
# - 
#   name: geom_model_gaussian1_sigma
#   datatype: float32
#   description: "Standard deviation [phase] of Gaussian 1 component"
#   meta:
#     ucd: stat.stdev
# - 
#   name: geom_model_gaussian1_sigma_error
#   datatype: float32
#   description: "Uncertainty of \\texttt{geomModelGaussian1Sigma}"
#   meta:
#     ucd: stat.error
# - 
#   name: geom_model_gaussian1_depth
#   datatype: float32
#   unit: mag
#   description: Magnitude depth of Gaussian 1 component
#   meta:
#     ucd: src.var.amplitude
# - 
#   name: geom_model_gaussian1_depth_error
#   datatype: float32
#   unit: mag
#   description: "Uncertainty of \\texttt{geomModelGaussian1Depth}"
#   meta:
#     ucd: stat.error;src.var.amplitude
# - 
#   name: geom_model_gaussian2_phase
#   datatype: float32
#   description: Phase of Gaussian 2 component
#   meta:
#     ucd: time.phase
# - 
#   name: geom_model_gaussian2_phase_error
#   datatype: float32
#   description: "Uncertainty of \\texttt{geomModelGaussian2Phase}"
#   meta:
#     ucd: stat.error;time.phase
# - 
#   name: geom_model_gaussian2_sigma
#   datatype: float32
[...]
#   datatype: float32
#   description: "Secondary eclipse: uncertainty of \\texttt{derivedSecondaryEclDuration}"
#   meta:
#     ucd: stat.error;time.duration
# - 
#   name: derived_secondary_ecl_depth
#   datatype: float32
#   unit: mag
#   description: "Secondary eclipse: depth"
#   meta:
#     ucd: src.var.amplitude
# - 
#   name: derived_secondary_ecl_depth_error
#   datatype: float32
#   unit: mag
#   description: "Secondary eclipse: uncertainty of \\texttt{derivedSecondaryEclDepth}"
#   meta:
#     ucd: stat.error;src.var.amplitude
solution_id,source_id,global_ranking,reference_time,frequency,frequency_error,geom_model_reference_level,geom_model_reference_level_error,geom_model_gaussian1_phase,geom_model_gaussian1_phase_error,geom_model_gaussian1_sigma,geom_model_gaussian1_sigma_error,geom_model_gaussian1_depth,geom_model_gaussian1_depth_error,geom_model_gaussian2_phase,geom_model_gaussian2_phase_error,geom_model_gaussian2_sigma,geom_model_gaussian2_sigma_error,geom_model_gaussian2_depth,geom_model_gaussian2_depth_error,geom_model_cosine_half_period_amplitude,geom_model_cosine_half_period_amplitude_error,geom_model_cosine_half_period_phase,geom_model_cosine_half_period_phase_error,model_type,num_model_parameters,reduced_chi2,derived_primary_ecl_phase,derived_primary_ecl_phase_error,derived_primary_ecl_duration,derived_primary_ecl_duration_error,derived_primary_ecl_depth,derived_primary_ecl_depth_error,derived_secondary_ecl_phase,derived_secondary_ecl_phase_error,derived_secondary_ecl_duration,derived_secondary_ecl_duration_error,derived_secondary_ecl_depth,derived_secondary_ecl_depth_error
375316653866487564,3107838094869496064,0.5121012,2248.5006043965404,1.5878093465945553,7.172544E-5,19.277035,0.0094255265,0.56949174,0.042220578,0.08720478,0.03067773,0.8503339,3.2638729,0.9338211,0.005565596,0.029802173,0.00719356,0.08767543,0.051977288,null,null,null,null,"TWOGAUSSIANS",8,3.3690825,0.56949174,0.042220578,0.4,0.028569654,0.8503336,3.2638788,0.9338211,0.005565596,0.16689217,0.040283933,0.08781294,0.05197759
375316653866487564,3107839988955821696,0.59374416,2215.5819886584304,2.849154259508781,9.948141E-6,14.128385,0.11268466,0.20796116,0.0075388565,0.052823495,0.034014113,0.23453948,1.3537697,0.70398396,0.0065039457,0.06660277,0.025438163,0.24390559,0.19610155,0.08047933,0.1184398,0.20796116,0.0075388565,"TWOGAUSSIANS_WITH_ELLIPSOIDAL_ON_ECLIPSE1",9,181.33418,0.70473397,0.0049951947,0.37297547,0.059091333,0.40461254,0.050030712,0.20796116,0.0075388565,0.29581156,0.17685886,0.39532807,1.3530223
375316653866487564,3107840229473940992,0.49581394,2185.790757059458,0.22769264680108653,6.368974E-5,19.724842,0.038454898,0.3106068,0.014421376,0.106570296,0.024850119,0.27063027,0.035333317,0.8280123,0.012142856,0.09068735,0.022226403,0.29993063,0.026004056,null,null,null,null,"TWOGAUSSIANS",8,1.1053036,0.82802224,0.012145893,0.4,0.0,0.28183314,0.024295956,0.3106068,0.014421376,0.4,0.0,0.25252143,0.023371661
375316653866487564,3107844043404017024,0.4656998,2187.154632342387,2.166003641470608,4.1087304E-5,16.578976,0.0030192358,null,null,null,null,null,null,null,null,null,null,null,null,0.031720113,0.0042533088,0.23547605,0.011382155,"ELLIPSOIDAL",4,15.309309,null,null,null,null,null,null,null,null,null,null,null,null
375316653866487564,3107846826543413888,0.5336352,2192.4781427276725,3.4970638022030407,2.2657357E-5,15.575803,0.48111054,0.24241042,0.0052292547,0.1028541,0.05500886,0.19463915,0.39200017,0.7505084,0.008941275,0.12042721,0.09078191,0.2148374,0.4741437,null,null,null,null,"TWOGAUSSIANS",8,50.497906,0.7505084,0.008931056,0.4,0.0,0.18411216,0.011075656,0.24237043,0.0051723314,0.4,0.0,0.16399132,0.008355893
375316653866487564,3107846994042181888,0.58440405,2208.2365714594384,2.521292920388951,1.2973269E-5,16.606037,0.0135322455,0.24794894,0.0059732674,0.094094366,0.010388573,0.21416031,0.014246401,0.7398744,0.0074331947,0.09607332,0.010680073,0.2198939,0.014638085,null,null,null,null,"TWOGAUSSIANS",8,7.6640086,0.7398744,0.0074331947,0.4,0.0,0.20766096,0.01435933,0.24794894,0.0059732674,0.4,0.0,0.20192765,0.009137654
375316653866487564,3107849472238903680,0.6141646,2189.3251045826914,2.9753227827294353,1.0204128E-5,19.698494,0.023489391,0.36579308,0.003257707,0.07528704,0.0055955667,0.5549671,0.029619934,0.8664392,0.0020178568,0.08167732,0.0037910906,0.5315812,0.023459608,null,null,null,null,"TWOGAUSSIANS",8,0.56105036,0.36579308,0.003257707,0.4,9.686905E-4,0.5482679,0.028345808,0.8664392,0.0020178568,0.4,0.0,0.524882,0.019870793
375316653866487564,3107850159437435648,0.48517805,2218.589302155749,0.7681268865871134,4.9542236E-5,17.177603,0.0076814475,0.29232213,0.012693229,0.09111676,0.013367998,0.14893518,0.021226864,0.73947597,0.0067675817,0.088943,0.008486942,0.16938122,0.016320474,null,null,null,null,"TWOGAUSSIANS",8,20.510736,0.73947597,0.0067675817,0.4,0.0,0.16653511,0.016223092,0.29232213,0.012693229,0.4,0.0,0.14608873,0.022343094
375316653866487564,3107853732850308224,0.5522551,2234.2532165883,0.8629230353964235,6.2010004E-6,17.412363,0.0029303255,0.2884255,0.0011651316,0.046134565,0.008964403,0.27613991,0.08810191,0.7889188,0.08673291,0.05523596,0.017264808,0.062117685,0.029089184,null,null,null,null,"TWOGAUSSIANS",8,3.607139,0.2884255,0.0011651316,0.25835356,0.050200652,0.2761387,0.08811241,0.7889188,0.08673291,0.30932137,0.09668292,0.06211646,0.029087598
375316653866487564,3107855274739143168,0.46124518,2215.9915266245143,3.3478912314277776,4.0991497E-5,19.708609,0.012438775,0.6584273,0.008080327,0.03804265,0.021689437,0.17240262,3.0233302,null,null,null,null,null,null,0.1272169,0.022075681,0.6584273,0.008080327,"ONEGAUSSIAN_WITH_ELLIPSOIDAL",6,5.0057073,0.6584273,0.008080327,0.21303885,0.12146085,0.4268364,3.0349667,null,null,null,null,null,null
375316653866487564,3107856477332353408,0.52905107,2235.408384253192,3.0182683031142767,1.542395E-5,18.59533,0.0051246835,0.23951821,0.004518345,0.061611168,0.024242932,0.027070435,0.021222293,null,null,null,null,null,null,0.060525104,0.0064540477,0.23951821,0.004518345,"ONEGAUSSIAN_WITH_ELLIPSOIDAL",6,2.2755477,0.23951821,0.004518345,0.34502253,0.13576041,0.14811343,0.018776938,null,null,null,null,null,null
375316653866487564,3107856855287224320,0.50532943,2220.0735444129114,0.8440766968319602,3.841874E-5,19.295467,0.011064055,0.21528117,0.019156236,0.089346044,0.018780947,0.14182782,0.036963366,0.7375956,0.023998568,0.05884143,0.012534218,0.30467173,0.06449446,null,null,null,null,"TWOGAUSSIANS",8,1.543474,0.7375956,0.023998568,0.329512,0.07019162,0.30392802,0.063744664,0.21528117,0.019156236,0.4,0.0,0.14108402,0.037180565
375316653866487564,3107856992726231936,0.46891874,2228.22482017533,4.445083271038476,3.2226446E-5,17.624422,0.0039999406,0.16411364,0.0055923997,0.02934144,0.00893562,0.0959786,0.15464899,0.6676445,0.0047222837,0.021712786,0.0045594475,0.18869005,0.10937659,null,null,null,null,"TWOGAUSSIANS",8,8.253963,0.6676445,0.0047222837,0.1215916,0.025532907,0.18869005,0.10937659,0.16411364,0.0055923997,0.16431206,0.05003947,0.0959786,0.15464899
375316653866487564,3107859775864954112,0.5671019,2250.193363103045,1.2187431610448818,1.0794627E-6,18.605574,0.0038642818,0.7538344,0.019384416,0.025279395,0.010795861,0.18274719,0.83390576,0.60040313,2.6866226E-6,0.014461359,7.625156E-5,5.267749,0.093118034,null,null,null,null,"TWOGAUSSIANS",8,1.9058887,0.60040313,2.6866226E-6,0.08098361,4.2700875E-4,5.267749,0.093118034,0.7538344,0.019384416,0.14156461,0.06045682,0.18274719,0.83390576
375316653866487564,3107860600498906240,0.5179427,2231.218413096274,1.816472222224692,1.3392925E-4,18.564234,0.0043550236,0.63671464,0.16050796,0.111073874,0.109655425,0.028740397,458.6281,0.9067994,0.025098119,0.022253595,0.0116260685,0.37871185,12.9284315,null,null,null,null,"TWOGAUSSIANS",8,2.5826967,0.9067994,0.025098119,0.12462014,0.06510598,0.3802044,12.928244,0.63671464,0.16050796,0.4,0.3125159,0.02873811,458.6281
375316653866487564,3107861115895033728,0.5195294,2232.032263731724,3.011396960669481,2.3331208E-5,18.1656,0.07899552,0.20679465,0.0052263816,0.097546645,0.02661358,0.33830765,0.048865497,0.6935478,0.0069314814,0.10762377,0.02677677,0.33891836,0.06715217,null,null,null,null,"TWOGAUSSIANS",8,8.697271,0.6935478,0.0069314814,0.4,0.0,0.30932024,0.033642758,0.20680465,0.0052532936,0.4,0.0,0.30872405,0.027948752
375316653866487564,3107864624881033856,0.5164626,2121.7225380069876,2.9740099075443203,1.6134078E-5,19.5584,0.108954266,0.23426339,0.008489394,0.12721223,0.029318865,0.41284177,0.095165856,0.74982244,0.004411562,0.12546054,0.020496158,0.3584091,0.10567289,null,null,null,null,"TWOGAUSSIANS",8,0.5285083,0.23411338,0.008309402,0.4,0.0,0.31718865,0.029476816,0.75005245,0.00434667,0.4,0.0,0.26287666,0.013503621
375316653866487564,3107867201861561600,0.509556,2201.7922914706674,2.5826389223498047,8.661613E-5,19.688469,0.026860192,0.3262725,0.007470258,0.06992685,0.008054242,0.3756431,0.038280293,0.8248625,0.009851261,0.08179816,0.022927696,0.35589933,0.061889775,null,null,null,null,"TWOGAUSSIANS",8,3.4388509,0.3262725,0.007470258,0.39159036,0.03966593,0.37255174,0.035935048,0.8248625,0.009851261,0.4,0.017486427,0.35280794,0.06602884
375316653866487564,3107869362234050816,0.64215887,2150.351980251506,0.6065565739747196,8.216213E-5,17.265846,0.0034814589,0.3205953,0.0047857794,0.04151715,0.003727598,0.40064508,0.020938324,0.58815765,0.009596689,0.0281696,0.02262689,0.02553886,0.041060053,null,null,null,null,"TWOGAUSSIANS",8,1.488424,0.3205953,0.0047857794,0.23249604,0.020874549,0.40064508,0.020938324,0.58815765,0.009596689,0.15774976,0.12671058,0.02553886,0.041060053
375316653866487564,3107869843269097472,0.49421084,2186.1819812591416,2.9069045746206763,1.7089156E-5,17.882141,0.019230494,0.32358143,0.0040929304,0.065466255,0.012048379,0.30678824,0.0719511,0.82834625,0.009536053,0.07793451,0.031659152,0.19904132,0.031312104,null,null,null,null,"TWOGAUSSIANS",8,6.4923873,0.32358143,0.0040929304,0.36661103,0.063301556,0.30580673,0.07342472,0.82834625,0.009536053,0.4,0.101852186,0.19805978,0.03294236
375316653866487564,3107873214822267904,0.47770873,2180.2430980209924,4.643309257322198,7.5563745E-5,18.136774,0.67173463,0.47130188,0.06964138,0.10438918,0.0602393,1.1540946,0.5794223,0.89836293,0.099080645,0.117050186,0.095281236,0.5998485,0.64847165,null,null,null,null,"TWOGAUSSIANS",8,34.689663,0.4715319,0.06750255,0.4,0.0,1.0982339,0.14047985,0.89836293,0.099080645,0.4,0.0,0.54347795,0.21153557
375316653866487564,3107874000797265920,0.49992502,2282.190472490432,0.02655992651074451,6.606226E-5,19.490545,0.033656105,0.3121172,0.054297347,0.09809377,0.029859984,0.46994054,0.050402313,0.7369021,0.008424461,0.05713732,0.008231478,1.333642,0.50377804,null,null,null,null,"TWOGAUSSIANS",8,6.346953,0.7369021,0.008424461,0.319969,0.046096276,1.3323228,0.5042743,0.3121172,0.054297347,0.4,0.0,0.46858147,0.048637528
375316653866487564,3107876234180274816,0.5679719,2254.2438929310474,0.7688562989730642,7.371206E-5,18.355598,0.006188615,0.2199787,0.018268509,0.0731258,0.021037431,0.047158565,0.013221302,0.5465155,2.3715878E-5,0.018077444,8.0448797E-4,0.40210083,0.004833318,null,null,null,null,"TWOGAUSSIANS",8,2.2940464,0.5465155,2.3715878E-5,0.10123368,0.004505133,0.40210304,0.0048631276,0.2199787,0.018268509,0.4,0.050491028,0.047158565,0.013221302
375316653866487564,3107879532713677184,0.59255,2252.7183441955594,1.0168003915219486,4.6955018E-5,11.521605,0.0018567841,0.30660763,0.0024926756,0.028480073,0.0024443192,0.09611875,0.005311853,0.8042735,2.4662702E-4,0.023193488,9.441856E-4,0.30151033,0.018042786,0.017515501,0.002743734,0.30660763,0.0024926756,"TWOGAUSSIANS_WITH_ELLIPSOIDAL_ON_ECLIPSE1",9,14.583432,0.8042835,2.3727879E-4,0.12988354,0.005287439,0.33653384,0.022493407,0.30660763,0.0024926756,0.15948841,0.013688188,0.13114975,0.0030923411
375316653866487564,3107879571373797376,0.5216827,2262.5436605915243,2.7356389408895647,3.8615846E-5,17.671566,0.011823888,0.23469271,0.022336822,0.106618404,0.025703121,0.13642748,0.0295895,0.61345357,0.0054055443,0.077870645,0.02847682,0.26992744,0.03968835,null,null,null,null,"TWOGAUSSIANS",8,10.408235,0.61345357,0.0054055443,0.4,0.0,0.26894948,0.04281474,0.23470272,0.022063028,0.4,0.0,0.13520345,0.030267581
375316653866487564,3107879605733523200,0.5362573,2245.1620937937773,3.8446001446645277,8.070753E-5,17.354937,0.2097182,0.26813757,0.016573349,0.10004631,0.03806858,0.30765772,0.19739342,0.7449702,0.03454861,0.115462646,0.06576296,0.3026229,0.20929267,null,null,null,null,"TWOGAUSSIANS",8,23.403889,0.26819757,0.015851835,0.4,0.0,0.2758,0.02568666,0.7449702,0.03454861,0.4,0.0,0.27069864,0.037244204
375316653866487564,3107880254269790208,0.55454576,2237.6191165958307,2.9032857881558667,1.3390297E-5,18.83978,0.027059697,0.3194172,0.013709105,0.09499967,0.02556778,0.23324184,0.029591769,0.8264807,0.004645185,0.085365854,0.013697548,0.23754959,0.0247999,null,null,null,null,"TWOGAUSSIANS",8,1.2556137,0.8264807,0.004645185,0.4,0.0,0.2285205,0.01735338,0.3194172,0.013709105,0.4,0.0,0.22421229,0.027309703
375316653866487564,3107882320152716928,0.6897973,2202.527597128384,2.7772955865003097,6.534963E-6,17.017324,0.0055313315,0.3023451,0.0015590239,0.047079895,0.0023910976,0.51699764,0.033640586,0.79643416,0.0049081882,0.040043823,0.004556144,0.3960049,0.020601656,0.13522701,0.013906176,0.3023451,0.0015590239,"TWOGAUSSIANS_WITH_ELLIPSOIDAL_ON_ECLIPSE1",9,7.522182,0.3023451,0.0015590239,0.2636474,0.013390146,0.78745085,0.032773107,0.79690415,0.0046288585,0.22424541,0.025514405,0.6661148,0.022055855
375316653866487564,3107882899969886976,0.6210919,2217.8887261929926,0.8485297214589715,5.5895467E-5,18.085632,0.007881825,0.41887543,0.009681228,0.028322553,0.003987664,0.7318688,0.5549732,0.82992256,0.022995355,0.016584963,0.02275975,0.76355565,2493.1777,0.0051002763,0.011829317,0.82992256,0.022995355,"TWOGAUSSIANS_WITH_ELLIPSOIDAL_ON_ECLIPSE2",9,3.5951433,0.82992256,0.022995355,0.09287579,0.12745461,0.7737562,2493.1777,0.41881543,0.009647472,0.15860629,0.022330917,0.73920304,0.5533468
375316653866487564,3107883655884327680,0.52841574,2226.5379143970613,3.5961146437637437,2.4707351E-5,19.258974,0.019359421,0.3133533,0.009739284,0.08287952,0.007920099,0.32156163,0.035440754,0.8122707,0.0052613253,0.08185174,0.008634213,0.30616286,0.019567722,null,null,null,null,"TWOGAUSSIANS",8,1.8293433,0.3133533,0.009739284,0.4,0.0,0.31541646,0.031811655,0.8122707,0.0052613253,0.4,0.0,0.3000177,0.016753495
375316653866487564,3107885202072400256,0.5427654,2294.053751062658,1.909038825400624,2.0594172E-5,18.923456,0.0054806485,0.22702728,0.02632139,0.05314352,0.020550448,0.21580207,0.05782084,0.7160356,0.009554366,0.055536952,0.0060898876,0.4659494,0.123152986,null,null,null,null,"TWOGAUSSIANS",8,1.5341228,0.7160356,0.009554366,0.31100693,0.03410337,0.46593928,0.12316149,0.22702728,0.02632139,0.2976037,0.11508251,0.21579197,0.057838462
375316653866487564,3107885824846099840,0.5883178,2296.5668069396293,2.761762801225246,5.2814867E-5,15.265912,0.0019640764,0.115602225,0.0026921309,0.029795626,0.0030242333,0.026021486,0.003707366,0.51589423,0.008014791,0.026449956,0.0074295714,0.29161215,0.88111085,null,null,null,null,"TWOGAUSSIANS",8,13.272727,0.51589423,0.008014791,0.14811975,0.0416056,0.29161215,0.88111085,0.115602225,0.0026921309,0.1668555,0.016935706,0.026021486,0.003707366
375316653866487564,3107899328222827520,0.5829774,2219.2366693728322,0.5813342122209324,3.2349402E-5,16.98685,0.003653795,0.70478475,0.006605327,0.027145073,0.004959392,0.23174456,0.005561564,null,null,null,null,null,null,null,null,null,null,"ONEGAUSSIAN",5,6.8829184,0.70478475,0.006605327,0.15201241,0.027772594,0.23174456,0.0,null,null,null,null,null,null
375316653866487564,3107901832186044672,0.7413241,2221.8735865896115,1.618197166271914,1.5341606E-5,16.013807,0.008953162,0.20345004,0.0069068703,0.04359398,0.0047579594,0.5836477,0.021375572,0.7060524,0.010247919,0.038769294,0.032637104,0.22377808,null,0.029930016,0.011692661,0.7060524,0.010247919,"TWOGAUSSIANS_WITH_ELLIPSOIDAL_ON_ECLIPSE2",9,5.7672944,0.20349003,0.0067407666,0.24412629,0.026644573,0.6434919,0.017525636,0.7060524,0.010247919,0.21710804,0.18276778,0.28363803,null
375316653866487564,3107902008282439040,0.66371065,2231.323198254067,0.9733216178303199,4.3747905E-6,14.851335,0.008009759,0.33015007,0.0014425922,0.086042665,0.0038320643,0.2642331,0.0074672005,0.8298299,0.0022566556,0.09386765,0.004041791,0.25852427,0.008622597,null,null,null,null,"TWOGAUSSIANS",8,14.531536,0.33015007,0.0014425922,0.4,0.0,0.2533132,0.0054102526,0.8298299,0.0022566556,0.4,0.0,0.24760401,0.0073626586
375316653866487564,3107903481453612160,0.5269849,2273.7566824408473,2.382456994680772,1.8939016E-4,17.389395,0.009750268,0.88390356,0.014701852,0.045650568,0.009481422,0.45742822,0.062068842,null,null,null,null,null,null,null,null,null,null,"ONEGAUSSIAN",5,46.81043,0.88390356,0.014701852,0.2556432,0.05309596,0.45742822,0.0,null,null,null,null,null,null
375316653866487564,3107906127151042176,0.46394706,2192.0971906842633,0.4817939557025267,5.9648974E-5,18.233606,0.2262157,0.13160855,0.01623814,0.07775702,0.025604501,0.11591012,0.13646854,0.6004467,0.01590433,0.29121977,0.14149755,0.2888515,0.22166388,null,null,null,null,"TWOGAUSSIANS",8,2.448868,0.6004467,0.01590433,0.4,0.0,0.12021241,0.008121227,0.13743855,0.019010387,0.4,0.085746445,0.07973939,0.14006841
