Gaia/vari_eclipsing_binary/VariEclipsingBinary_533021-533074.csv
# %ECSV 1.0
# ---
# delimiter: ','
# meta: !!omap
# - RELEASE: Gaia DR3
# - TABLE: vari_eclipsing_binary
# - DESCRIPTION: >
#     This table describes the properties of the eclipsing binaries resulting from the variability analysis. 
# - CITATION: >
#     How to cite and acknowledge Gaia: 
#     https://gea.esac.esa.int/archive/documentation/credits.html 
# - KNOWN_ISSUES: >
#     Known issues: 
#     https://www.cosmos.esa.int/web/gaia-users/known-issues 
# - DOCUMENTATION: >
#     Tutorials and documentation: 
#     https://www.cosmos.esa.int/web/gaia-users/archive 
# datatype:
# - 
#   name: solution_id
#   datatype: int64
#   description: Solution Identifier
#   meta:
#     ucd: meta.version
# - 
#   name: source_id
#   datatype: int64
#   description: Unique source identifier
#   meta:
#     ucd: meta.id;meta.main
# - 
#   name: global_ranking
#   datatype: float32
#   description: Number between 0 (worst) and 1 (best)
#   meta:
#     ucd: stat.param
# - 
#   name: reference_time
#   datatype: float64
#   unit: d
#   description: Reference time used for the geometric model fit
#   meta:
#     ucd: time.epoch
# - 
#   name: frequency
#   datatype: float64
#   unit: d**-1
#   description: Frequency of geometric model of the eclipsing binary light curve
#   meta:
#     ucd: src.orbital
# - 
#   name: frequency_error
#   datatype: float32
#   unit: d**-1
#   description: "Uncertainty of \\texttt{frequency}"
#   meta:
#     ucd: stat.error
# - 
#   name: geom_model_reference_level
#   datatype: float32
#   unit: mag
#   description: Magnitude reference level of geometric model
#   meta:
#     ucd: phot.mag;em.opt
# - 
#   name: geom_model_reference_level_error
#   datatype: float32
#   unit: mag
#   description: "Uncertainty of \\texttt{geomModelReferenceLevel}"
#   meta:
#     ucd: stat.error;phot.mag;em.opt
# - 
#   name: geom_model_gaussian1_phase
#   datatype: float32
#   description: Phase of the Gaussian 1 component
#   meta:
#     ucd: time.phase
# - 
#   name: geom_model_gaussian1_phase_error
#   datatype: float32
#   description: "Uncertainty of \\texttt{geomModelGaussian1Phase}"
#   meta:
#     ucd: stat.error;time.phase
# - 
#   name: geom_model_gaussian1_sigma
#   datatype: float32
#   description: "Standard deviation [phase] of Gaussian 1 component"
#   meta:
#     ucd: stat.stdev
# - 
#   name: geom_model_gaussian1_sigma_error
#   datatype: float32
#   description: "Uncertainty of \\texttt{geomModelGaussian1Sigma}"
#   meta:
#     ucd: stat.error
# - 
#   name: geom_model_gaussian1_depth
#   datatype: float32
#   unit: mag
#   description: Magnitude depth of Gaussian 1 component
#   meta:
#     ucd: src.var.amplitude
# - 
#   name: geom_model_gaussian1_depth_error
#   datatype: float32
#   unit: mag
#   description: "Uncertainty of \\texttt{geomModelGaussian1Depth}"
#   meta:
#     ucd: stat.error;src.var.amplitude
# - 
#   name: geom_model_gaussian2_phase
#   datatype: float32
#   description: Phase of Gaussian 2 component
#   meta:
#     ucd: time.phase
# - 
#   name: geom_model_gaussian2_phase_error
#   datatype: float32
#   description: "Uncertainty of \\texttt{geomModelGaussian2Phase}"
#   meta:
#     ucd: stat.error;time.phase
# - 
#   name: geom_model_gaussian2_sigma
#   datatype: float32
[...]
#   datatype: float32
#   description: "Secondary eclipse: uncertainty of \\texttt{derivedSecondaryEclDuration}"
#   meta:
#     ucd: stat.error;time.duration
# - 
#   name: derived_secondary_ecl_depth
#   datatype: float32
#   unit: mag
#   description: "Secondary eclipse: depth"
#   meta:
#     ucd: src.var.amplitude
# - 
#   name: derived_secondary_ecl_depth_error
#   datatype: float32
#   unit: mag
#   description: "Secondary eclipse: uncertainty of \\texttt{derivedSecondaryEclDepth}"
#   meta:
#     ucd: stat.error;src.var.amplitude
solution_id,source_id,global_ranking,reference_time,frequency,frequency_error,geom_model_reference_level,geom_model_reference_level_error,geom_model_gaussian1_phase,geom_model_gaussian1_phase_error,geom_model_gaussian1_sigma,geom_model_gaussian1_sigma_error,geom_model_gaussian1_depth,geom_model_gaussian1_depth_error,geom_model_gaussian2_phase,geom_model_gaussian2_phase_error,geom_model_gaussian2_sigma,geom_model_gaussian2_sigma_error,geom_model_gaussian2_depth,geom_model_gaussian2_depth_error,geom_model_cosine_half_period_amplitude,geom_model_cosine_half_period_amplitude_error,geom_model_cosine_half_period_phase,geom_model_cosine_half_period_phase_error,model_type,num_model_parameters,reduced_chi2,derived_primary_ecl_phase,derived_primary_ecl_phase_error,derived_primary_ecl_duration,derived_primary_ecl_duration_error,derived_primary_ecl_depth,derived_primary_ecl_depth_error,derived_secondary_ecl_phase,derived_secondary_ecl_phase_error,derived_secondary_ecl_duration,derived_secondary_ecl_duration_error,derived_secondary_ecl_depth,derived_secondary_ecl_depth_error
[from data line 366]
375316653866487564,4688931353161393536,0.58692425,2226.828882635167,0.4315226803029328,1.321157E-6,18.190607,0.0042430037,0.06789371,0.0063902307,0.025528671,0.006001739,0.08182944,0.009572049,0.5581296,9.854233E-4,0.036434785,0.0012197044,0.65174663,0.015783463,null,null,null,null,"TWOGAUSSIANS",8,5.83719,0.5581296,9.854233E-4,0.20403479,0.0068303444,0.65174663,0.015783463,0.06789371,0.0063902307,0.14296055,0.033609737,0.08182944,0.009572049
375316653866487564,4688931387533077888,0.5496233,2241.5453407128475,0.543198554300273,6.499938E-5,18.07037,0.005902373,0.3325032,0.08215597,0.071191005,0.07004382,0.06512614,0.9148896,0.7688137,0.0048270654,0.015357263,0.0021322446,0.87431103,0.19747686,null,null,null,null,"TWOGAUSSIANS",8,10.361555,0.7688137,0.0048270654,0.08600067,0.011940571,0.87431103,0.19747686,0.3325032,0.08215597,0.39866963,0.3824733,0.06512614,0.9148896
375316653866487564,4688932242200717184,0.45022166,2233.3838031016903,0.10400023734171221,2.1640439E-5,18.90464,0.008253053,0.30469963,0.024230141,0.011444567,0.014761125,0.30869016,9.537154E18,0.7484168,0.010183233,0.06068168,0.030150997,0.036644235,0.021930482,0.03685994,0.0119389845,0.7484168,0.010183233,"TWOGAUSSIANS_WITH_ELLIPSOIDAL_ON_ECLIPSE2",9,2.005306,0.30456963,0.024099745,0.064089574,0.0826623,0.37358028,9.537154E18,0.7484168,0.010183233,0.33981737,0.110302374,0.110356495,0.012217765
375316653866487564,4688935197137382400,0.48470214,2213.0022377150294,0.3687839668820432,3.0339805E-5,19.392527,0.0077748676,0.2285719,0.06436281,0.07150075,0.060006063,0.022666784,0.02117313,0.60725194,0.0039440785,0.022844207,0.0031066125,0.44926196,0.03392454,null,null,null,null,"TWOGAUSSIANS",8,4.050907,0.60725194,0.0039440785,0.12792756,0.017397031,0.449262,0.033924546,0.2285719,0.06436281,0.4,0.30056933,0.022666784,0.02117313
375316653866487564,4688935884397353088,0.47443148,2224.7388858449226,0.11365898210827617,1.0301658E-6,18.625196,0.003128051,0.22721314,0.0016499648,0.012707987,0.002661709,1.21499,0.8998852,0.39887252,0.15143415,0.105533876,0.08872417,0.048120566,1.1090679,null,null,null,null,"TWOGAUSSIANS",8,3.0601203,0.22724316,0.00165527,0.07116473,0.01490557,1.227809,0.9105836,0.39887252,0.15143415,0.4,0.29057416,0.04811928,1.1090695
375316653866487564,4688937366128413184,0.51239336,2213.4898045447785,0.7276521243519407,2.7016256E-5,19.25633,0.0039627613,0.21569084,7.743286E-4,0.019714784,0.0012833646,0.54229367,0.025195574,0.71164984,0.010887433,0.018268,0.0054414156,0.8964056,0.8585716,null,null,null,null,"TWOGAUSSIANS",8,2.1200395,0.71164984,0.010887433,0.1023008,0.030471927,0.8964056,0.8585716,0.21569084,7.743286E-4,0.11040279,0.0071868417,0.54229367,0.025195574
375316653866487564,4688939771299172608,0.52344024,2180.0628036831613,0.683935222503322,1.0301658E-6,19.772545,0.0070072743,0.2144036,3.4448996E-5,0.003964281,9.8448356E-5,2.1587667,0.09189048,0.64141405,3.1624877E-4,0.013836439,2.2922404E-4,1.0913081,0.018408794,null,null,null,null,"TWOGAUSSIANS",8,2.5090404,0.2144036,3.4448996E-5,0.022199975,5.513108E-4,2.1587667,0.09189048,0.64141405,3.1624877E-4,0.07748406,0.0012836546,1.0913081,0.018408794
375316653866487564,4688939973137906304,0.49572495,2196.6658688286275,0.9281390190077091,1.3569228E-5,19.20322,0.0076573496,0.25143832,0.005009488,0.067705855,0.005439796,0.3191781,0.025562705,0.7518895,0.003460724,0.06639572,0.004786747,0.1937033,0.011753953,null,null,null,null,"TWOGAUSSIANS",8,2.6664808,0.25143832,0.005009488,0.3791528,0.03046286,0.31870764,0.025608608,0.7518895,0.003460724,0.37181604,0.026805783,0.19323283,0.011659925
375316653866487564,4688942176480160000,0.48981148,2210.835395289682,0.43882051284687235,7.199329E-5,19.74021,0.008309656,0.3334378,0.004797816,0.030738918,0.003995125,0.23303066,0.04955233,0.641321,0.017225156,0.011138044,0.01426685,0.3764057,0.47223526,null,null,null,null,"TWOGAUSSIANS",8,1.8371043,0.641321,0.017225156,0.06237305,0.07989436,0.3764057,0.47223526,0.3334378,0.004797816,0.17213795,0.0223727,0.23303066,0.04955233
375316653866487564,4688943821428905728,0.5937677,2223.8272060743675,0.420841968706779,3.868405E-5,18.308352,0.001800706,0.32816932,0.017053349,0.025159199,0.00934931,0.02961635,0.009496774,0.6861856,3.0435756E-4,0.026282633,8.450321E-4,0.58199537,0.0053348956,null,null,null,null,"TWOGAUSSIANS",8,1.3706928,0.6861856,3.0435756E-4,0.14718275,0.00473218,0.58199537,0.0053348956,0.32816932,0.017053349,0.1408915,0.052356135,0.02961635,0.009496774
375316653866487564,4688945573842190848,0.4880689,2251.6620443327406,0.6733263066334759,3.7103007E-6,19.899485,0.007567595,0.09525879,0.011882703,0.008932132,0.007380511,0.19756216,4.0080175,0.6024264,6.2523846E-4,0.010207335,4.6872598E-4,0.6339497,0.058810044,null,null,null,null,"TWOGAUSSIANS",8,2.3555524,0.6024264,6.2523846E-4,0.057161078,0.0026248656,0.6339497,0.058810044,0.09525879,0.011882703,0.050019942,0.041330863,0.19756216,4.0080175
375316653866487564,4688945711214018560,0.49584386,2217.058484235701,4.34011854679998,3.0319738E-5,17.75662,0.036343418,0.24839163,0.014841301,0.17522405,0.03685401,0.15610324,0.03436769,0.6776612,0.008172908,0.105127566,0.012663973,0.27659371,0.028512334,null,null,null,null,"TWOGAUSSIANS",8,10.864766,0.6776612,0.008172908,0.4,0.0,0.23970133,0.023766916,0.24890162,0.0142737655,0.4,0.0,0.1107368,0.009436793
375316653866487564,4688947085604279040,0.45809042,2238.2621382080893,1.2329395386294661,8.6870305E-6,19.135357,0.809188,0.33981556,0.011466499,0.2088301,0.103398584,0.76971674,0.7984559,0.82779336,0.014079977,0.1545474,0.05490675,0.7728798,0.61338264,null,null,null,null,"TWOGAUSSIANS",8,2.3980327,0.82779336,0.014079977,0.4,0.0,0.30076107,0.02697268,0.34257558,0.008414294,0.4,0.0,0.21785879,0.028235856
375316653866487564,4688949495125037952,0.4602449,2193.5128883719804,1.003791701716144,5.1008483E-5,19.508402,0.009000148,0.31530604,0.0068207355,0.028624216,0.0111582205,0.19159722,0.0696056,0.8164919,0.008532499,0.018874558,0.006757767,0.22160362,0.04606896,0.08137785,0.013986428,0.31530604,0.0068207355,"TWOGAUSSIANS_WITH_ELLIPSOIDAL_ON_ECLIPSE1",9,5.6857224,0.8164919,0.008518523,0.10569753,0.037843496,0.3843499,0.043486204,0.31530604,0.0068207355,0.16029562,0.062486034,0.35435253,0.07395822
375316653866487564,4688949769980594432,0.44185272,2175.015646047116,3.884538396945212,1.7378652E-5,19.283049,0.0067358557,0.35907453,0.004778171,0.046530552,0.005530387,0.1611124,0.018462151,0.67799664,0.008178403,0.05891924,0.008699487,0.116609186,0.022461118,null,null,null,null,"TWOGAUSSIANS",8,2.3047776,0.35907453,0.004778171,0.2605711,0.030970167,0.16111244,0.018462183,0.67799664,0.008178403,0.32994774,0.048717126,0.116609186,0.022461118
375316653866487564,4688950903880961024,0.43921742,2192.585359376478,4.830962822891937,2.548448E-5,18.71175,0.0062725567,0.1997281,0.018454416,0.068903744,0.012385027,0.12346505,0.021107152,0.740789,0.0011468631,0.013245073,0.003048545,0.45913592,1.205432,null,null,null,null,"TWOGAUSSIANS",8,4.537229,0.740789,0.0011468631,0.074172415,0.017071852,0.45913592,1.205432,0.1997281,0.018454416,0.38586098,0.06285727,0.12346505,0.021107152
375316653866487564,4688950938220568960,0.47314575,2182.3635637745765,0.4557083828066634,3.965685E-5,15.322971,0.015870264,0.28809905,0.008363885,0.102297485,0.021839464,0.08775375,0.014455326,0.79722524,0.0069140666,0.11379637,0.024957122,0.07179458,0.014140583,null,null,null,null,"TWOGAUSSIANS",8,10.52725,0.28808907,0.008393231,0.4,0.0,0.07796214,0.006272956,0.79722524,0.006913576,0.4,0.0,0.06199444,0.0057429094
375316653866487564,4688950968299629440,0.45488495,2201.5598426421043,0.9470909181613737,1.8352228E-5,19.12816,0.005024419,0.16297787,0.0034368564,0.036908094,0.005078609,0.18637557,0.023102064,0.66251904,0.016861914,0.044904593,0.009516823,0.15501192,0.03967436,null,null,null,null,"TWOGAUSSIANS",8,2.2856784,0.16297787,0.0034368564,0.20668533,0.028440213,0.18637556,0.023102064,0.66251904,0.016861914,0.2514657,0.053294208,0.15501192,0.03967436
375316653866487564,4688951144378869120,0.4631123,2237.474802725913,0.7107653095361394,5.012312E-5,19.347607,0.009114235,0.27451408,0.01102849,0.019685011,0.00303979,1.1197504,0.7056778,0.7589628,0.023793988,0.07655285,0.013710431,0.14767882,0.046167374,null,null,null,null,"TWOGAUSSIANS",8,4.132524,0.27451408,0.01102849,0.11023606,0.017022824,1.1197501,0.7056776,0.7589628,0.023793988,0.4,0.015785847,0.14767861,0.04616744
375316653866487564,4688951213119913856,0.42155617,2198.025459479168,0.24804451771719072,5.8025646E-5,19.133818,0.28349352,0.2922151,0.033288326,0.10898132,0.122822195,0.23849542,0.26400438,0.71414036,0.03700158,0.11378697,0.039718624,0.19406897,0.20678467,null,null,null,null,"TWOGAUSSIANS",8,10.913737,0.2925451,0.032448344,0.4,0.0,0.22391103,0.039339215,0.71414036,0.03700158,0.4,0.0,0.17941527,0.045957703
375316653866487564,4688951346271740288,0.4231267,2200.6481003361564,0.25905942648974845,3.9149858E-5,19.83795,0.02067573,0.19965926,0.010045394,0.029297005,0.013516916,0.25453293,0.049710486,0.54878694,0.020374209,0.13698848,0.016784728,0.23962039,0.032344934,null,null,null,null,"TWOGAUSSIANS",8,4.0528316,0.20024925,0.009164057,0.16406323,0.07569473,0.263286,0.050027728,0.54878694,0.020374209,0.4,0.0,0.23900656,0.03200675
375316653866487564,4688951380585543680,0.5140721,2231.8886896491135,0.022586362233187062,2.5366155E-5,18.212076,0.030623168,0.19951436,0.009021507,0.08837368,0.016844528,0.18163484,0.030541753,0.7203379,0.010801754,0.11342278,0.030714063,0.15389621,0.027623735,null,null,null,null,"TWOGAUSSIANS",8,3.046415,0.19948436,0.008928699,0.4,0.0,0.16995434,0.0112474775,0.7203379,0.010800801,0.4,0.0,0.14219126,0.0060715578
375316653866487564,4688951453638056192,0.5193557,2198.086912857487,0.7551184380695678,1.17073605E-5,15.454545,0.3889839,0.23909923,0.0053793974,0.14069036,0.09334188,0.14898324,0.361838,0.73485684,0.0029899434,0.14045541,0.078107424,0.16197681,0.35300618,null,null,null,null,"TWOGAUSSIANS",8,6.269902,0.73485684,0.0029899434,0.4,0.0,0.10034144,0.0043330225,0.23929924,0.0052654566,0.4,0.0,0.08738295,0.005511062
375316653866487564,4688951487997746688,0.41196814,2213.900987903759,0.06888816017048074,3.51005E-5,18.777319,0.43648595,0.3201902,0.0109881945,0.14901939,0.05389421,0.4781644,0.42349073,0.8387715,0.017200017,0.13175102,0.04265852,0.511447,0.41218513,null,null,null,null,"TWOGAUSSIANS",8,12.549269,0.8398515,0.015717404,0.4,0.0,0.33655685,0.065753445,0.3196502,0.01038048,0.4,0.0,0.30041546,0.039737128
375316653866487564,4688951552384255872,0.512908,2214.898950620132,1.0156543853184095,1.7232895E-5,17.7236,0.010965558,0.22475311,0.0077736652,0.096188016,0.009477772,0.16619687,0.012812769,0.7278623,0.0041231695,0.08801179,0.0079117855,0.21875726,0.012544889,null,null,null,null,"TWOGAUSSIANS",8,8.533984,0.7278623,0.0041231695,0.4,0.0,0.20969631,0.012794651,0.22475311,0.0077736652,0.4,0.0,0.15713552,0.010765213
375316653866487564,4688951552384256640,0.52603173,2210.4494938159714,1.4293128208794883,9.042881E-6,17.239357,0.0037846246,0.28970084,0.0036628754,0.06025907,0.0042799716,0.19237106,0.0077895033,0.7891294,0.005567484,0.05679584,0.008117181,0.13153774,0.009874327,null,null,null,null,"TWOGAUSSIANS",8,7.5681515,0.28970084,0.0036628754,0.3374508,0.023967842,0.19233689,0.0077882996,0.7891294,0.005567484,0.3180567,0.045456212,0.13150357,0.009896514
375316653866487564,4688951586791147264,0.43879667,2202.7955637963446,0.9567313599971075,2.5520634E-5,19.402567,0.007922995,0.26465067,0.030209135,0.060883563,0.030043172,0.061558936,0.029978119,0.83012116,0.0059769973,0.020236215,0.0076357317,0.7470568,4.2151403,null,null,null,null,"TWOGAUSSIANS",8,3.7123728,0.83012116,0.0059769973,0.113322794,0.042760096,0.7470568,4.2151403,0.26465067,0.030209135,0.34094796,0.15136912,0.061558936,0.029978119
375316653866487564,4688951655510545152,0.44819775,2200.5200770479396,0.7592063639220707,4.376738E-5,18.874674,0.007381177,0.33405852,0.0043871794,0.015791116,0.01095381,0.13205047,373.0305,0.73254097,0.0057401676,0.04595916,0.007286767,0.15341958,0.015293818,null,null,null,null,"TWOGAUSSIANS",8,6.080004,0.73254097,0.0057401676,0.2573713,0.040805895,0.15341958,0.015293818,0.33405852,0.0043871794,0.08843025,0.061341338,0.13205047,373.0305
375316653866487564,4688951792948848768,0.458943,2220.0480501463944,1.6727119359595035,2.246793E-5,18.500454,0.0039279703,0.32758296,0.014406872,0.035494436,0.017571466,0.08423844,0.033686623,0.6638487,0.004712723,0.04232653,0.013257143,0.77235645,0.96398497,null,null,null,null,"TWOGAUSSIANS",8,2.7626002,0.6638487,0.004712723,0.23702855,0.07424,0.77235645,0.96398497,0.32758296,0.014406872,0.19876882,0.09840021,0.08423844,0.033686623
375316653866487564,4688952312609897472,0.5390885,2205.541316117187,0.754120492838326,1.3302155E-5,19.250992,0.01614526,0.28777418,0.0017739028,0.023983333,0.001529198,0.6154385,0.035196513,0.7612103,0.0026905902,0.025757974,0.0045669023,0.608866,0.13684675,null,null,null,null,"TWOGAUSSIANS",8,4.6129627,0.28777418,0.0017739028,0.13430667,0.008563509,0.6154385,0.035196513,0.7612103,0.0026905902,0.14424466,0.025574652,0.608866,0.13684675
375316653866487564,4688952484430071680,0.45882365,2195.739089683077,0.36007714557941234,4.3687047E-5,19.777885,0.069105156,0.18767345,0.0044014547,0.016760986,0.0032112652,0.31577832,0.051484793,0.50092196,0.029021122,0.18833761,0.09466806,0.10638419,0.06831154,null,null,null,null,"TWOGAUSSIANS",8,2.0926776,0.18788345,0.0044031492,0.09386153,0.017983085,0.33634713,0.05057246,0.50092196,0.029021122,0.4,0.0,0.10011166,0.011803422
375316653866487564,4688952690566697728,0.5158087,2214.4047324083076,1.1974899464356727,1.1496474E-5,18.17507,0.005457508,0.2954201,0.0033215347,0.078845635,0.0037271157,0.25582033,0.0113282725,0.7914467,0.009961807,0.07790904,0.010367586,0.17555581,0.013027987,null,null,null,null,"TWOGAUSSIANS",8,4.106224,0.2954201,0.0033215347,0.4,0.0,0.2534084,0.011219096,0.7914467,0.009961807,0.4,0.0,0.17314388,0.013201429
375316653866487564,4688952720662504832,0.42943832,2208.1315621600793,0.7828202059577161,2.8762632E-5,19.383549,0.012374658,0.39049134,0.018386625,0.06172488,0.01957834,0.1729733,0.05157498,0.81080556,0.0068968013,0.07557557,0.007919896,0.21508862,0.022608852,null,null,null,null,"TWOGAUSSIANS",8,6.153959,0.81080556,0.0068968013,0.4,0.0,0.21503636,0.022587322,0.39049134,0.018386625,0.34565932,0.09316713,0.17292109,0.051677212
375316653866487564,4688952720662831232,0.48483917,2205.691788109085,0.4423399972800355,7.81844E-5,18.444372,0.005346466,0.2560247,0.006309512,0.052126925,0.006142779,0.0752844,0.012694559,0.8962583,0.010887719,0.019475361,0.007235966,0.31490368,0.18021679,null,null,null,null,"TWOGAUSSIANS",8,3.575848,0.8962583,0.010887719,0.10906203,0.04052141,0.31490368,0.18021679,0.2560247,0.006309512,0.2919108,0.03439956,0.0752844,0.012694559
375316653866487564,4688952793667458176,0.54363084,2186.6093498509354,0.7223616671157496,7.336897E-6,15.520865,0.0033923604,0.113251895,0.0033119847,0.03704377,0.006277487,0.059119385,0.013079643,0.6135305,0.0032252287,0.055566754,0.0069758245,0.107192494,0.011189973,0.03061981,0.009081957,0.113251895,0.0033119847,"TWOGAUSSIANS_WITH_ELLIPSOIDAL_ON_ECLIPSE1",9,14.269254,0.6135305,0.003103412,0.31117383,0.03906462,0.16842765,0.010150447,0.113251895,0.0033119847,0.2074451,0.03515393,0.12035472,0.012856621
375316653866487564,4688952858054475392,0.50354475,2175.863332474887,1.223903593228823,3.3959723E-6,18.788668,0.0033921488,0.32447788,1.59783E-4,0.019267242,0.00147101,3.4993558,1.9268247,0.60769725,0.017283006,0.05791616,0.010595899,0.03377617,0.011547105,null,null,null,null,"TWOGAUSSIANS",8,2.0465586,0.32447788,1.59783E-4,0.10789656,0.008237656,3.499356,1.9268247,0.60769725,0.017283006,0.32433048,0.059337035,0.03377617,0.011547105
