Gaia/vari_eclipsing_binary/VariEclipsingBinary_459242-459252.csv
# %ECSV 1.0
# ---
# delimiter: ','
# meta: !!omap
# - RELEASE: Gaia DR3
# - TABLE: vari_eclipsing_binary
# - DESCRIPTION: >
#     This table describes the properties of the eclipsing binaries resulting from the variability analysis. 
# - CITATION: >
#     How to cite and acknowledge Gaia: 
#     https://gea.esac.esa.int/archive/documentation/credits.html 
# - KNOWN_ISSUES: >
#     Known issues: 
#     https://www.cosmos.esa.int/web/gaia-users/known-issues 
# - DOCUMENTATION: >
#     Tutorials and documentation: 
#     https://www.cosmos.esa.int/web/gaia-users/archive 
# datatype:
# - 
#   name: solution_id
#   datatype: int64
#   description: Solution Identifier
#   meta:
#     ucd: meta.version
# - 
#   name: source_id
#   datatype: int64
#   description: Unique source identifier
#   meta:
#     ucd: meta.id;meta.main
# - 
#   name: global_ranking
#   datatype: float32
#   description: Number between 0 (worst) and 1 (best)
#   meta:
#     ucd: stat.param
# - 
#   name: reference_time
#   datatype: float64
#   unit: d
#   description: Reference time used for the geometric model fit
#   meta:
#     ucd: time.epoch
# - 
#   name: frequency
#   datatype: float64
#   unit: d**-1
#   description: Frequency of geometric model of the eclipsing binary light curve
#   meta:
#     ucd: src.orbital
# - 
#   name: frequency_error
#   datatype: float32
#   unit: d**-1
#   description: "Uncertainty of \\texttt{frequency}"
#   meta:
#     ucd: stat.error
# - 
#   name: geom_model_reference_level
#   datatype: float32
#   unit: mag
#   description: Magnitude reference level of geometric model
#   meta:
#     ucd: phot.mag;em.opt
# - 
#   name: geom_model_reference_level_error
#   datatype: float32
#   unit: mag
#   description: "Uncertainty of \\texttt{geomModelReferenceLevel}"
#   meta:
#     ucd: stat.error;phot.mag;em.opt
# - 
#   name: geom_model_gaussian1_phase
#   datatype: float32
#   description: Phase of the Gaussian 1 component
#   meta:
#     ucd: time.phase
# - 
#   name: geom_model_gaussian1_phase_error
#   datatype: float32
#   description: "Uncertainty of \\texttt{geomModelGaussian1Phase}"
#   meta:
#     ucd: stat.error;time.phase
# - 
#   name: geom_model_gaussian1_sigma
#   datatype: float32
#   description: "Standard deviation [phase] of Gaussian 1 component"
#   meta:
#     ucd: stat.stdev
# - 
#   name: geom_model_gaussian1_sigma_error
#   datatype: float32
#   description: "Uncertainty of \\texttt{geomModelGaussian1Sigma}"
#   meta:
#     ucd: stat.error
# - 
#   name: geom_model_gaussian1_depth
#   datatype: float32
#   unit: mag
#   description: Magnitude depth of Gaussian 1 component
#   meta:
#     ucd: src.var.amplitude
# - 
#   name: geom_model_gaussian1_depth_error
#   datatype: float32
#   unit: mag
#   description: "Uncertainty of \\texttt{geomModelGaussian1Depth}"
#   meta:
#     ucd: stat.error;src.var.amplitude
# - 
#   name: geom_model_gaussian2_phase
#   datatype: float32
#   description: Phase of Gaussian 2 component
#   meta:
#     ucd: time.phase
# - 
#   name: geom_model_gaussian2_phase_error
#   datatype: float32
#   description: "Uncertainty of \\texttt{geomModelGaussian2Phase}"
#   meta:
#     ucd: stat.error;time.phase
# - 
#   name: geom_model_gaussian2_sigma
#   datatype: float32
[...]
#   datatype: float32
#   description: "Secondary eclipse: uncertainty of \\texttt{derivedSecondaryEclDuration}"
#   meta:
#     ucd: stat.error;time.duration
# - 
#   name: derived_secondary_ecl_depth
#   datatype: float32
#   unit: mag
#   description: "Secondary eclipse: depth"
#   meta:
#     ucd: src.var.amplitude
# - 
#   name: derived_secondary_ecl_depth_error
#   datatype: float32
#   unit: mag
#   description: "Secondary eclipse: uncertainty of \\texttt{derivedSecondaryEclDepth}"
#   meta:
#     ucd: stat.error;src.var.amplitude
solution_id,source_id,global_ranking,reference_time,frequency,frequency_error,geom_model_reference_level,geom_model_reference_level_error,geom_model_gaussian1_phase,geom_model_gaussian1_phase_error,geom_model_gaussian1_sigma,geom_model_gaussian1_sigma_error,geom_model_gaussian1_depth,geom_model_gaussian1_depth_error,geom_model_gaussian2_phase,geom_model_gaussian2_phase_error,geom_model_gaussian2_sigma,geom_model_gaussian2_sigma_error,geom_model_gaussian2_depth,geom_model_gaussian2_depth_error,geom_model_cosine_half_period_amplitude,geom_model_cosine_half_period_amplitude_error,geom_model_cosine_half_period_phase,geom_model_cosine_half_period_phase_error,model_type,num_model_parameters,reduced_chi2,derived_primary_ecl_phase,derived_primary_ecl_phase_error,derived_primary_ecl_duration,derived_primary_ecl_duration_error,derived_primary_ecl_depth,derived_primary_ecl_depth_error,derived_secondary_ecl_phase,derived_secondary_ecl_phase_error,derived_secondary_ecl_duration,derived_secondary_ecl_duration_error,derived_secondary_ecl_depth,derived_secondary_ecl_depth_error
[from data line 409]
375316653866487564,4039565661376059776,0.53602475,2255.150541437983,1.8092184139613785,1.2110902E-5,18.200401,0.018118195,0.19676386,0.0028078011,0.0646421,0.007819664,0.19530527,0.01417199,0.69028413,0.0071410444,0.07826414,0.008994582,0.2856036,0.021326661,null,null,null,null,"TWOGAUSSIANS",8,8.120832,0.69028413,0.0071410444,0.4,0.0,0.2847073,0.020329002,0.19676386,0.0028078011,0.3619958,0.04263507,0.19440897,0.012774157
375316653866487564,4039565798816898560,0.47077015,2256.6496125672434,0.947322362954355,7.184177E-5,18.503399,0.027444009,0.33477107,0.057757705,0.23090097,0.13237897,0.076647274,0.025395632,0.604455,0.0064806286,0.06576452,0.020618891,0.46271732,0.21414661,null,null,null,null,"TWOGAUSSIANS",8,5.018428,0.604455,0.0064806286,0.36828128,0.058117688,0.48675,0.22445175,0.34134108,0.3540165,0.4,0.0,0.0615507,0.48929784
375316653866487564,4039565867534632960,0.4799344,2178.304479500867,0.20650636389547342,6.7556095E-5,19.112022,0.06955296,0.3259768,0.051696878,0.10451039,0.03937817,0.40917546,0.08625064,0.7405954,0.024882175,0.111467145,0.03278218,0.31342247,0.045935836,null,null,null,null,"TWOGAUSSIANS",8,5.6151586,0.3262568,0.05189932,0.4,0.021140883,0.39142296,0.065956675,0.7405954,0.024882175,0.4,0.0,0.2955144,0.06370415
375316653866487564,4039565931904834688,0.4434937,2239.5451264427024,1.5028072740529304,4.0011873E-5,18.285873,0.016214915,0.36182776,0.021924296,0.068844795,0.014034499,0.17038563,0.029070554,0.77205384,0.061973445,0.107939035,0.049565677,0.108013526,0.028952865,null,null,null,null,"TWOGAUSSIANS",8,9.717785,0.36190778,0.021957828,0.38553086,0.06689496,0.16950957,0.028790925,0.77205384,0.061973445,0.4,0.051161516,0.10705845,0.028386287
375316653866487564,4039565966240535040,0.5862747,2212.08592123512,3.218970608147908,3.302345E-5,17.855873,0.038766243,0.27704304,0.048307866,0.08428921,0.09741903,0.1734837,0.047607668,0.7627541,0.010259953,0.049403157,0.0062189656,0.77078366,0.053227507,null,null,null,null,"TWOGAUSSIANS",8,20.27658,0.7627541,0.010259953,0.27665767,0.034826208,0.77043945,0.04921569,0.27704304,0.048307866,0.4,0.02149825,0.17313947,0.062783174
375316653866487564,4039566142409992832,0.5113606,2263.636351756653,2.2247848528420575,1.3666894E-5,18.343739,0.027857201,0.22870094,0.024880929,0.08226645,0.041988265,0.15795158,0.02758663,0.7383108,0.008093794,0.08616333,0.014027523,0.19965118,0.03155782,null,null,null,null,"TWOGAUSSIANS",8,7.065506,0.7383108,0.008093794,0.4,0.0,0.1959921,0.022569662,0.22870094,0.024880929,0.4,0.0,0.15429251,0.03316293
375316653866487564,4039566211129698560,0.49245822,2301.7513756251856,3.0072967864056395,2.4122797E-5,18.936417,0.016552486,0.2429923,0.0120483255,0.0742264,0.013975281,0.35253444,0.040765684,0.72688174,0.008749986,0.076747164,0.0072793416,0.36299986,0.03405846,null,null,null,null,"TWOGAUSSIANS",8,5.530928,0.72688174,0.008749986,0.4,0.0,0.36092514,0.033400666,0.2429923,0.0120483255,0.4,0.0054974314,0.35045972,0.041276053
375316653866487564,4039566417288253312,0.49460256,2319.489549065225,0.23574085398059552,6.436384E-5,18.507586,0.0066493945,0.28481433,0.016838,0.058894105,0.013405622,0.18796894,0.05185907,0.8073717,0.0051635965,0.05080135,0.004411392,0.19506513,0.018877927,null,null,null,null,"TWOGAUSSIANS",8,6.6178036,0.8073717,0.0051635965,0.28448758,0.024703793,0.19506061,0.018879723,0.28481433,0.016838,0.32980698,0.075071484,0.18796442,0.05186205
375316653866487564,4039566520418763904,0.437303,2287.01394556029,1.0210998082979055,3.6766356E-5,18.877487,0.031825814,0.4484999,0.030581258,0.15028617,0.08392372,0.4412846,0.03329751,0.7040637,0.02602397,0.0663143,0.02790773,0.30155393,0.14383315,null,null,null,null,"TWOGAUSSIANS",8,22.458712,0.4490499,0.028308544,0.4,0.0,0.43771705,0.04173493,0.7040637,0.02602397,0.3713601,0.09973216,0.40174612,0.013691778
375316653866487564,4039566554778457984,0.5208427,2252.798577287354,1.343226475180367,5.55722E-5,18.592243,0.0047134547,0.12936206,0.025831396,0.030649012,0.013203936,0.03350942,0.012711763,0.44201684,0.008268618,0.04919755,0.0034495457,0.73908025,0.1394533,null,null,null,null,"TWOGAUSSIANS",8,1.7420452,0.44201684,0.008268618,0.2755063,0.019317456,0.73908025,0.1394533,0.12936206,0.025831396,0.17163447,0.07394204,0.03350942,0.012711764
375316653866487564,4039566623446959488,0.46127766,2232.212792704167,1.1297391872518976,2.3757228E-5,19.234392,0.03242149,0.23009028,0.018604603,0.061813775,0.023922596,1.1413962,20.573866,0.72524625,0.015355739,0.08160309,0.012737058,0.2738156,0.06575104,null,null,null,null,"TWOGAUSSIANS",8,8.892434,0.23009028,0.018604603,0.34615713,0.13396654,1.1394122,20.575878,0.72524625,0.015355739,0.4,0.0,0.27183157,0.06475972
375316653866487564,4039566726525642496,0.43015614,2239.681361335302,0.9656263268525639,6.353841E-5,18.81416,0.043121878,0.22790565,0.012233903,0.111799754,0.039329235,0.14970429,0.037512504,0.6855251,0.014201469,0.10581167,0.030369703,0.117515214,0.040448714,null,null,null,null,"TWOGAUSSIANS",8,3.7684805,0.22793564,0.012343972,0.4,0.0,0.13781133,0.011672384,0.6855251,0.014201469,0.4,0.0,0.10564743,0.011947127
375316653866487564,4039566863964570880,0.42858177,2231.642814892769,0.15134283924059658,3.4217297E-5,18.630413,0.009416715,0.17730668,0.01228741,0.020989204,0.014933987,0.13258797,0.029740794,0.6640958,0.004124367,0.05008944,0.00955297,0.24733813,0.06716404,null,null,null,null,"TWOGAUSSIANS",8,6.3986945,0.6640958,0.004124367,0.28050086,0.053496633,0.24733813,0.06716404,0.17730668,0.01228741,0.11753955,0.08363032,0.13258797,0.029740794
375316653866487564,4039566898324486528,0.5252601,2208.4625093509007,0.029140825538202013,2.25327E-5,18.980612,0.022127504,0.47292128,0.008480658,0.05119091,0.0072163288,0.5581478,0.058769133,0.8746414,0.008732921,0.033113908,0.006618217,0.530677,0.1547159,null,null,null,null,"TWOGAUSSIANS",8,9.202257,0.47292128,0.008480658,0.28666908,0.040411443,0.5581478,0.058769133,0.8746414,0.008732921,0.18543789,0.037062015,0.530677,0.1547159
375316653866487564,4039566898324626944,0.48986682,2273.391374582925,0.4235135222508164,7.6966855E-5,18.373363,0.006053081,0.29887354,4.6510194E-4,0.024267022,8.0682785E-4,0.27135083,0.007106367,0.71674854,0.026399601,0.039236676,0.011360566,0.9007312,1.0521245,null,null,null,null,"TWOGAUSSIANS",8,6.332185,0.71674854,0.026399601,0.2197254,0.06361917,0.9007312,1.0521245,0.29887354,4.6510194E-4,0.13589533,0.004518236,0.27135083,0.007106367
375316653866487564,4039567207562584192,0.44364262,2287.916299016423,1.121090168076933,2.2105221E-5,19.600739,0.02455122,0.2681383,0.0057387617,0.03372186,0.006623551,0.32385853,0.032116454,0.697035,0.020931926,0.09322862,0.016755195,0.2709856,0.052954655,null,null,null,null,"TWOGAUSSIANS",8,5.001493,0.2681383,0.00573855,0.18884243,0.037091885,0.3238451,0.032083668,0.697035,0.020931926,0.4,0.0,0.27096528,0.052899856
375316653866487564,4039567237606561536,0.45395747,2338.4278919986673,3.0354193130257943,5.1346662E-5,19.064087,0.021917012,0.270909,0.008418587,0.090950914,0.011695451,0.24413458,0.023596702,0.76904476,0.0075701303,0.09189555,0.01286948,0.21593633,0.022218492,null,null,null,null,"TWOGAUSSIANS",8,1.6032041,0.270909,0.008418587,0.4,0.0,0.2335216,0.01627668,0.76904476,0.0075701303,0.4,0.0,0.20532332,0.013260238
375316653866487564,4039567241959531392,0.489535,2264.7689925283667,2.4214294896495305,9.447352E-5,18.783852,0.48770967,0.30529922,0.00556533,0.1358844,0.04583049,0.5446413,0.40795845,0.7976313,0.04962458,0.16260882,0.15117687,0.4491968,0.41815746,null,null,null,null,"TWOGAUSSIANS",8,7.4639015,0.30601922,0.0049135396,0.4,0.0,0.32471228,0.015991779,0.7976313,0.04962458,0.4,0.27451319,0.22251113,0.13518581
375316653866487564,4039567306326063744,0.43626904,2297.246108235536,0.33283163349105654,3.8889993E-5,17.726034,0.0061453055,0.3347922,0.0023733862,0.013734112,0.00209305,0.07996814,0.015016448,0.53114784,0.014604555,0.054963097,0.039366566,0.04733508,0.022073748,null,null,null,null,"TWOGAUSSIANS",8,2.6215327,0.33480218,0.0023599227,0.076911025,0.01172108,0.08004829,0.015169703,0.53114784,0.014604555,0.30779335,0.19596054,0.04733508,0.022073748
375316653866487564,4039567345001863424,0.4612784,2323.0055455008005,0.20109737476591966,5.504485E-5,18.899609,0.027276477,0.18246442,0.0103043495,0.10303343,0.03069786,0.116105735,0.028035682,0.6257202,0.023566417,0.07094338,0.048804753,0.15301046,0.18553168,null,null,null,null,"TWOGAUSSIANS",8,2.2267156,0.6257202,0.023566417,0.39728293,0.24980526,0.15150368,0.18778107,0.18246442,0.0103043495,0.4,0.0,0.114587784,0.02536375
375316653866487564,4039567379361438208,0.49407429,2269.159191583329,0.14587722484545923,4.1783187E-5,18.663061,0.17242137,0.34059474,0.013796639,0.1994003,0.08063162,0.2787368,0.17119633,0.82673454,0.008956381,0.078292176,0.020920727,0.34707186,0.14163177,null,null,null,null,"TWOGAUSSIANS",8,2.8287976,0.82673454,0.008956381,0.4,0.042726077,0.27774608,0.15070409,0.34059474,0.013796639,0.4,0.0,0.18506889,0.014193253
375316653866487564,4039567413758243968,0.5744832,2270.49060451937,2.569259987213729,1.587546E-5,18.681631,0.016961725,0.24872182,0.0044879448,0.07900403,0.0072062267,0.42763534,0.045564428,0.73981255,0.005107217,0.08226544,0.0060642124,0.53093934,0.02072438,null,null,null,null,"TWOGAUSSIANS",8,4.5513835,0.73981255,0.005107217,0.4,0.0,0.524372,0.018534621,0.24872182,0.0044879448,0.4,0.0,0.42106798,0.047477443
375316653866487564,4039567757319197312,0.4321607,2231.8630485194353,0.10366337595612128,1.936146E-5,19.019592,0.021043988,0.4305676,0.030864352,0.107281595,0.052525245,0.09145447,0.039137773,0.76838136,0.0046234904,0.044645384,0.008679312,0.16401823,0.049486622,null,null,null,null,"TWOGAUSSIANS",8,4.443355,0.76838136,0.0046234904,0.25001416,0.048604146,0.16464613,0.04897071,0.4305676,0.030864352,0.4,0.0,0.091439486,0.03930747
375316653866487564,4039567997837018496,0.4565596,2283.5515602997366,3.1365985695122047,5.7374942E-5,18.76323,0.01309365,0.2366646,0.009523692,0.085492685,0.015412253,0.10219118,0.01477861,0.7528551,0.018704457,0.07561532,0.032231525,0.10447295,0.016657494,null,null,null,null,"TWOGAUSSIANS",8,2.8242009,0.7528551,0.018704457,0.4,0.06431476,0.10325719,0.014941578,0.2366646,0.009523692,0.4,0.0,0.10097541,0.012125654
375316653866487564,4039568130963977472,0.42854676,2194.806726564639,1.0578311983277906,4.9837912E-5,19.122206,0.46894956,0.15770534,0.026424568,0.18022935,0.104446225,0.2810435,0.45481992,0.63124454,0.020346723,0.14231919,0.06848987,0.27936962,0.373388,null,null,null,null,"TWOGAUSSIANS",8,3.4942117,0.63124454,0.020346723,0.4,0.0,0.14574629,0.018132756,0.15998533,0.021861589,0.4,0.0,0.13599013,0.035787538
375316653866487564,4039568238355320576,0.48901454,2331.0006412016846,3.885204002443286,2.9791576E-5,15.940444,0.016256275,0.48725227,0.0045332694,0.061167557,0.0062148822,0.22126473,0.024116352,0.8509083,0.010456551,0.060715385,0.018235046,0.12618175,0.059827294,null,null,null,null,"TWOGAUSSIANS",8,2.991192,0.48725227,0.0045332694,0.34253833,0.034803342,0.22126433,0.024112048,0.8509083,0.010456551,0.34000617,0.09539337,0.12618135,0.05982814
375316653866487564,4039568272715307392,0.4713115,2240.1518130805193,0.5972893785382826,4.2341177E-5,19.225012,0.04089046,0.26566353,0.020692801,0.08548397,0.020827418,0.50955766,0.119193956,0.7637177,0.020116782,0.079110906,0.04400306,0.4094337,1.3384262,null,null,null,null,"TWOGAUSSIANS",8,7.3079143,0.26566353,0.020692801,0.4,0.0,0.50079477,0.11969354,0.7637177,0.020116782,0.4,0.17157185,0.40067083,1.3468971
375316653866487564,4039568650671476992,0.4391197,2296.9226281438996,1.237182527701341,1.4622191E-4,19.257498,0.020246562,0.17724983,0.019984169,0.02672203,0.025055809,0.55217034,8.641058E23,0.6523578,0.03889548,0.02248435,0.03750518,0.79841775,0.6981601,null,null,null,null,"TWOGAUSSIANS",8,7.4453154,0.6523578,0.03889548,0.12591235,0.210029,0.79841775,0.6981601,0.17724983,0.019984169,0.14964338,0.14031252,0.55217034,8.641058E23
375316653866487564,4039568685031394688,0.5625541,2251.849710152378,2.4019159170521833,7.399043E-6,18.70489,0.028844364,0.17532201,0.005315965,0.088149875,0.008109697,0.48791733,0.030405808,0.6948138,0.002517375,0.08832014,0.008264431,0.37796485,0.030692829,null,null,null,null,"TWOGAUSSIANS",8,4.2084203,0.17532201,0.005315965,0.4,0.0,0.47665492,0.02599675,0.6948138,0.002517375,0.4,0.0,0.3667025,0.028820548
375316653866487564,4039568685031490176,0.42006147,2259.432842707516,1.8546641712562844,7.792492E-5,19.129143,0.016188392,0.2577342,0.04396373,0.052271966,0.02247801,0.06691149,0.034969844,0.7724888,0.016422903,0.03510375,0.010549803,0.21322389,0.044470783,null,null,null,null,"TWOGAUSSIANS",8,9.4629545,0.7724888,0.016422903,0.19658099,0.0590789,0.21322387,0.04447077,0.2577342,0.04396373,0.292723,0.12587686,0.06691148,0.034969833
375316653866487564,4039568715043623040,0.45528498,2281.0115490190756,0.13752439395935404,3.815135E-5,18.19728,0.043235388,0.23060371,0.012637347,0.09310957,0.034306075,0.19106314,0.03493865,0.7283574,0.026236458,0.06905479,0.029713193,0.17235394,0.048530567,null,null,null,null,"TWOGAUSSIANS",8,13.131113,0.23060371,0.012637347,0.4,0.0,0.18807654,0.031385593,0.7283574,0.026237082,0.38670683,0.14497277,0.16936755,0.042080138
375316653866487564,4039568719391270528,0.48932964,2252.793103864183,0.4255596170324887,4.9699112E-5,17.864294,0.01412161,0.15515906,0.009677415,0.037849415,0.014384596,0.095629916,0.10507079,0.63931686,0.004741392,0.040210985,0.0054990393,0.34154454,0.017369667,null,null,null,null,"TWOGAUSSIANS",8,29.121525,0.63931686,0.004741392,0.2251815,0.03079462,0.34154454,0.017369667,0.15515906,0.009677415,0.21195672,0.08055373,0.095629916,0.10507079
375316653866487564,4039568753753201024,0.5999048,2295.721234268076,2.187665912633833,1.6408734E-6,17.35656,0.0033581986,0.68263066,0.004586527,0.019712914,9.645779E-4,6.1885757,1.7594839,null,null,null,null,null,null,null,null,null,null,"ONEGAUSSIAN",5,7.030924,0.68263066,0.004586527,0.11039232,0.0054016365,6.1885757,0.0,null,null,null,null,null,null
375316653866487564,4039568856832725504,0.44459635,2296.5407081544,1.2745600200047444,6.93551E-5,19.011553,0.041447386,0.84610754,0.023754057,0.0436819,0.012586236,0.091085516,0.029436026,0.6018127,0.051356114,0.09675512,0.0669101,0.2098819,0.06282298,null,null,null,null,"TWOGAUSSIANS",8,5.687771,0.6018127,0.051356114,0.4,0.0,0.20988125,0.06297966,0.84074754,0.02003715,0.24461864,0.07048292,0.10034979,0.04426893
375316653866487564,4039569028666506880,0.48552278,2307.9262606030065,0.1038881356532431,2.3837358E-5,18.361357,0.0057683657,0.4208073,0.005207175,0.01999682,0.0056095794,0.11536779,0.074366644,0.7274,0.00568631,0.06301713,0.007139269,0.18770497,0.020628534,null,null,null,null,"TWOGAUSSIANS",8,2.943593,0.7274,0.00568631,0.35289595,0.039979905,0.18770497,0.020628534,0.4208073,0.005207175,0.1119822,0.031413645,0.115369156,0.074366614
375316653866487564,4039569063026023040,0.47861734,2326.3795728662785,0.37034602299559083,3.0726438E-5,19.762186,0.041579187,0.22281776,0.004534918,0.05239094,0.012832766,0.21474259,0.034986254,0.7132755,0.017283548,0.037263792,0.021911506,0.23907895,0.0733622,null,null,null,null,"TWOGAUSSIANS",8,1.5655081,0.7132755,0.017283548,0.20867723,0.12270443,0.23907891,0.07336699,0.22281776,0.004534918,0.29338926,0.071863495,0.21474254,0.03498382
375316653866487564,4039569200429963392,0.5456736,2244.225728143147,2.0715876564997453,1.0349246E-5,18.058083,0.009252082,0.19956836,0.017832864,0.082855046,0.014132231,0.14254764,0.019344043,0.6975909,0.0017095788,0.059006672,0.0017389893,0.5746574,0.014545734,null,null,null,null,"TWOGAUSSIANS",8,11.563032,0.6975909,0.0017095788,0.33043736,0.00973834,0.5737274,0.014259411,0.19956836,0.017832864,0.4,0.0,0.14161767,0.01915424
