Gaia/vari_eclipsing_binary/VariEclipsingBinary_465279-465294.csv
# %ECSV 1.0
# ---
# delimiter: ','
# meta: !!omap
# - RELEASE: Gaia DR3
# - TABLE: vari_eclipsing_binary
# - DESCRIPTION: >
#     This table describes the properties of the eclipsing binaries resulting from the variability analysis. 
# - CITATION: >
#     How to cite and acknowledge Gaia: 
#     https://gea.esac.esa.int/archive/documentation/credits.html 
# - KNOWN_ISSUES: >
#     Known issues: 
#     https://www.cosmos.esa.int/web/gaia-users/known-issues 
# - DOCUMENTATION: >
#     Tutorials and documentation: 
#     https://www.cosmos.esa.int/web/gaia-users/archive 
# datatype:
# - 
#   name: solution_id
#   datatype: int64
#   description: Solution Identifier
#   meta:
#     ucd: meta.version
# - 
#   name: source_id
#   datatype: int64
#   description: Unique source identifier
#   meta:
#     ucd: meta.id;meta.main
# - 
#   name: global_ranking
#   datatype: float32
#   description: Number between 0 (worst) and 1 (best)
#   meta:
#     ucd: stat.param
# - 
#   name: reference_time
#   datatype: float64
#   unit: d
#   description: Reference time used for the geometric model fit
#   meta:
#     ucd: time.epoch
# - 
#   name: frequency
#   datatype: float64
#   unit: d**-1
#   description: Frequency of geometric model of the eclipsing binary light curve
#   meta:
#     ucd: src.orbital
# - 
#   name: frequency_error
#   datatype: float32
#   unit: d**-1
#   description: "Uncertainty of \\texttt{frequency}"
#   meta:
#     ucd: stat.error
# - 
#   name: geom_model_reference_level
#   datatype: float32
#   unit: mag
#   description: Magnitude reference level of geometric model
#   meta:
#     ucd: phot.mag;em.opt
# - 
#   name: geom_model_reference_level_error
#   datatype: float32
#   unit: mag
#   description: "Uncertainty of \\texttt{geomModelReferenceLevel}"
#   meta:
#     ucd: stat.error;phot.mag;em.opt
# - 
#   name: geom_model_gaussian1_phase
#   datatype: float32
#   description: Phase of the Gaussian 1 component
#   meta:
#     ucd: time.phase
# - 
#   name: geom_model_gaussian1_phase_error
#   datatype: float32
#   description: "Uncertainty of \\texttt{geomModelGaussian1Phase}"
#   meta:
#     ucd: stat.error;time.phase
# - 
#   name: geom_model_gaussian1_sigma
#   datatype: float32
#   description: "Standard deviation [phase] of Gaussian 1 component"
#   meta:
#     ucd: stat.stdev
# - 
#   name: geom_model_gaussian1_sigma_error
#   datatype: float32
#   description: "Uncertainty of \\texttt{geomModelGaussian1Sigma}"
#   meta:
#     ucd: stat.error
# - 
#   name: geom_model_gaussian1_depth
#   datatype: float32
#   unit: mag
#   description: Magnitude depth of Gaussian 1 component
#   meta:
#     ucd: src.var.amplitude
# - 
#   name: geom_model_gaussian1_depth_error
#   datatype: float32
#   unit: mag
#   description: "Uncertainty of \\texttt{geomModelGaussian1Depth}"
#   meta:
#     ucd: stat.error;src.var.amplitude
# - 
#   name: geom_model_gaussian2_phase
#   datatype: float32
#   description: Phase of Gaussian 2 component
#   meta:
#     ucd: time.phase
# - 
#   name: geom_model_gaussian2_phase_error
#   datatype: float32
#   description: "Uncertainty of \\texttt{geomModelGaussian2Phase}"
#   meta:
#     ucd: stat.error;time.phase
# - 
#   name: geom_model_gaussian2_sigma
#   datatype: float32
[...]
#   datatype: float32
#   description: "Secondary eclipse: uncertainty of \\texttt{derivedSecondaryEclDuration}"
#   meta:
#     ucd: stat.error;time.duration
# - 
#   name: derived_secondary_ecl_depth
#   datatype: float32
#   unit: mag
#   description: "Secondary eclipse: depth"
#   meta:
#     ucd: src.var.amplitude
# - 
#   name: derived_secondary_ecl_depth_error
#   datatype: float32
#   unit: mag
#   description: "Secondary eclipse: uncertainty of \\texttt{derivedSecondaryEclDepth}"
#   meta:
#     ucd: stat.error;src.var.amplitude
solution_id,source_id,global_ranking,reference_time,frequency,frequency_error,geom_model_reference_level,geom_model_reference_level_error,geom_model_gaussian1_phase,geom_model_gaussian1_phase_error,geom_model_gaussian1_sigma,geom_model_gaussian1_sigma_error,geom_model_gaussian1_depth,geom_model_gaussian1_depth_error,geom_model_gaussian2_phase,geom_model_gaussian2_phase_error,geom_model_gaussian2_sigma,geom_model_gaussian2_sigma_error,geom_model_gaussian2_depth,geom_model_gaussian2_depth_error,geom_model_cosine_half_period_amplitude,geom_model_cosine_half_period_amplitude_error,geom_model_cosine_half_period_phase,geom_model_cosine_half_period_phase_error,model_type,num_model_parameters,reduced_chi2,derived_primary_ecl_phase,derived_primary_ecl_phase_error,derived_primary_ecl_duration,derived_primary_ecl_duration_error,derived_primary_ecl_depth,derived_primary_ecl_depth_error,derived_secondary_ecl_phase,derived_secondary_ecl_phase_error,derived_secondary_ecl_duration,derived_secondary_ecl_duration_error,derived_secondary_ecl_depth,derived_secondary_ecl_depth_error
[from data line 265]
375316653866487564,4092709044008988800,0.49556428,2265.7981193482283,1.0624979996654718,5.1102077E-5,19.70628,0.04083263,0.41322416,0.01473485,0.1303201,0.028854096,0.3249757,0.03845721,0.9439795,0.012037381,0.02936213,0.027118389,0.14392051,0.0819076,null,null,null,null,"TWOGAUSSIANS",8,1.3425025,0.41322416,0.01473485,0.4,0.0,0.32316115,0.02886504,0.9440495,0.011739335,0.16442794,0.15186298,0.1426848,0.08802611
375316653866487564,4092709108419364864,0.5140091,2236.6930730204995,4.142799886111069,1.9777897E-5,17.106913,0.022319637,0.21757522,0.010703109,0.09919033,0.015149457,0.17235947,0.022641208,0.7173514,0.008475719,0.10242417,0.019177187,0.14168282,0.023089077,null,null,null,null,"TWOGAUSSIANS",8,7.858787,0.21757522,0.010701545,0.4,0.0,0.15800968,0.0092663355,0.7173514,0.008475719,0.4,0.0,0.12733218,0.014190632
375316653866487564,4092709353247061632,0.54550314,2270.3976955427834,2.2680851672620705,4.052109E-5,19.524244,0.010394893,0.27886903,0.0064120637,0.08371463,0.009049751,0.40265644,0.025887901,0.7704371,0.039231412,0.07506289,0.039532855,0.4087643,0.45704204,null,null,null,null,"TWOGAUSSIANS",8,1.0845796,0.7704371,0.039231412,0.4,0.1915474,0.40395817,0.4621335,0.27886903,0.0064120637,0.4,0.0,0.39785028,0.028237337
375316653866487564,4092709353247205504,0.520244,2236.9586947469616,1.3942660330999772,4.511982E-5,18.838911,0.12181251,0.3136416,0.022832066,0.123159364,0.052659437,0.31150454,0.11545163,0.8132712,0.0068565006,0.11475138,0.03214355,0.31783864,0.11442335,null,null,null,null,"TWOGAUSSIANS",8,4.2216425,0.8132712,0.0068730228,0.4,0.0,0.24917197,0.024459045,0.3136416,0.022838501,0.4,0.0,0.24272154,0.030193752
375316653866487564,4092709421965875968,0.45012784,2168.105631750804,1.1958920730174774,4.8666483E-5,18.949398,0.013703193,0.32364264,0.01077975,0.07635425,0.015505253,0.10533863,0.024752235,0.7684037,0.045412414,0.12242461,0.061085053,0.09262916,0.05063738,null,null,null,null,"TWOGAUSSIANS",8,2.4405177,0.32384264,0.010720442,0.4,0.03739226,0.10166144,0.023526886,0.7684037,0.045412414,0.4,0.017827567,0.08882233,0.053491965
375316653866487564,4092709525044956672,0.5175108,2198.346158880548,2.5655333653444474,2.080185E-5,18.940434,0.13873185,0.30226886,0.008839391,0.11207661,0.03020455,0.49264455,0.13522692,0.7861128,0.0052682725,0.092954986,0.028646346,0.56916195,0.07971139,null,null,null,null,"TWOGAUSSIANS",8,7.264241,0.7861128,0.0052682725,0.4,0.0,0.5252824,0.063713275,0.30226886,0.008841089,0.4,0.0,0.44870943,0.05958621
375316653866487564,4092709662484444928,0.48767027,2216.919875312757,0.6469178218457879,3.6307225E-5,19.863453,0.03252178,0.31124926,0.021063717,0.09333189,0.04344268,0.29274696,0.048446015,0.82876843,0.008666642,0.06066658,0.016902864,0.47044784,0.21333,null,null,null,null,"TWOGAUSSIANS",8,1.8536632,0.82876843,0.008666642,0.33973283,0.09465604,0.46803525,0.21981558,0.31124926,0.021063717,0.4,0.07035143,0.29033387,0.04734975
375316653866487564,4092709829977478528,0.5083847,2247.1559094806257,0.16960278097795645,1.07387896E-4,18.044798,0.00789283,0.24865618,0.01468189,0.025449615,0.022982283,0.08800396,1.3779144E8,0.46937308,2.3894776E-4,0.0101341875,7.0714805E-4,2.615139,0.6090651,0.040674295,0.00932646,0.24865618,0.01468189,"TWOGAUSSIANS_WITH_ELLIPSOIDAL_ON_ECLIPSE1",9,21.477058,0.46937308,2.3894776E-4,0.056751452,0.003960029,2.6178615,0.60912436,0.24865618,0.01468189,0.14251783,0.1287008,0.16935217,1.3779144E8
375316653866487564,4092710104851902976,0.51114994,2201.539824844959,0.5242055454191609,3.5845937E-5,17.225323,0.005121616,0.47802848,0.04193785,0.026464859,0.016131286,0.040693156,0.02005879,0.65445095,0.011915277,0.031372957,0.009200345,0.41022778,0.22849046,null,null,null,null,"TWOGAUSSIANS",8,10.985133,0.65445095,0.011915277,0.17568855,0.05152193,0.41022778,0.22850215,0.47802848,0.0423207,0.14820321,0.090335205,0.040693212,0.020034224
375316653866487564,4092710212239111680,0.44003215,2155.8537569633636,0.9888892574897366,2.2948598E-5,18.73918,0.47422192,0.22242796,0.0065779327,0.10736127,0.029998127,0.46816683,0.14209034,0.6967192,0.022350144,0.27374953,0.13734408,0.742249,0.45840478,null,null,null,null,"TWOGAUSSIANS",8,4.288634,0.22942798,0.007010457,0.4,0.0,0.26842058,0.0782061,0.6967192,0.022350144,0.4,0.0,0.26074594,0.0204264
375316653866487564,4092710487116564736,0.5343854,2226.810214323895,1.1634623453744326,2.7867072E-5,18.145988,0.005742156,0.9077265,0.0073879184,0.027947895,0.0068065906,0.6502771,0.1204999,null,null,null,null,null,null,null,null,null,null,"ONEGAUSSIAN",5,17.718077,0.9077265,0.0073879184,0.1565082,0.038116906,0.6502771,0.0,null,null,null,null,null,null
375316653866487564,4092710555836314496,0.46919474,2228.630346194913,0.4091203030093033,2.983731E-5,17.6293,0.007304803,0.2184085,0.07376695,0.03102966,0.1224654,0.080522574,0.06750014,0.67273283,0.0030738278,0.028588092,0.0065962994,0.057486422,0.014306439,null,null,null,null,"TWOGAUSSIANS",8,1.8165231,0.2184085,0.07376695,0.17376609,0.23178507,0.080522574,0.06814114,0.67273283,0.0030703875,0.16009331,0.036939275,0.057486422,0.014124089
375316653866487564,4092710865074514688,0.51747435,2213.7591116216217,3.558541710053781,1.0768956E-5,18.143064,0.013701607,0.20880158,0.0024808282,0.087262586,0.007965969,0.21458887,0.01370958,0.695629,0.0062332894,0.097604774,0.015132548,0.19707103,0.023400523,null,null,null,null,"TWOGAUSSIANS",8,3.806106,0.20880158,0.002479528,0.4,0.0,0.20590281,0.011661976,0.695629,0.0062332894,0.4,0.0,0.18838404,0.028145574
375316653866487564,4092711139953019264,0.5631094,2209.0646892007676,2.9070650489852357,3.2038082E-5,19.33995,0.039600946,0.2790069,0.020368958,0.08392943,0.026880706,0.50807756,0.050169963,0.7694115,0.0057303174,0.07694542,0.0067250975,0.55185366,0.041830473,null,null,null,null,"TWOGAUSSIANS",8,4.1407456,0.7694115,0.0057303174,0.4,0.0,0.5448591,0.030474266,0.2790069,0.020368958,0.4,0.0,0.501083,0.044427376
375316653866487564,4092711174312457600,0.50295097,2139.0274680272387,0.1959128727269436,1.0128464E-5,19.260834,0.017400596,0.39770985,0.0024208014,0.009022793,0.00975475,0.11914222,1.0424126,0.7152313,0.007758422,0.08866348,0.014200683,0.6236809,0.11419173,null,null,null,null,"TWOGAUSSIANS",8,5.5713873,0.7152313,0.007758422,0.4,0.0,0.6236808,0.11419282,0.39773986,0.0023982797,0.05052764,0.054626603,0.12016606,1.0423476
375316653866487564,4092711380471671808,0.5026907,2204.526835433525,2.724190002797231,4.2642278E-5,19.680689,0.048873544,0.28051832,0.016715614,0.09430916,0.027747648,0.32730743,0.04694115,0.7575544,0.027148511,0.077126466,0.027863061,0.25592917,0.053139705,null,null,null,null,"TWOGAUSSIANS",8,2.6985972,0.28051832,0.016715614,0.4,0.0,0.32174763,0.0249765,0.7575544,0.027148511,0.4,0.024267927,0.25037038,0.03833615
375316653866487564,4092711449190798336,0.5282815,2192.627436757551,1.4361130404830769,6.320191E-5,19.065598,0.012856018,0.17677052,0.0971091,0.07164383,0.042804506,0.19082302,0.13131653,0.7010802,0.01025049,0.063810356,0.010393235,0.4747982,0.07743188,null,null,null,null,"TWOGAUSSIANS",8,4.670012,0.7010802,0.01025049,0.35733798,0.058202118,0.47447467,0.077689804,0.17677052,0.0971091,0.4,0.22044308,0.1904995,0.13135497
375316653866487564,4092711655419166848,0.50927866,2180.841028926699,0.5865599521477426,4.8550584E-5,18.947624,0.03263226,0.16921155,0.03829375,0.066174395,0.038942497,0.19642349,0.049349733,0.54402184,0.013195144,0.18474634,0.027458386,0.32535133,0.016935918,null,null,null,null,"TWOGAUSSIANS",8,2.9829605,0.54402184,0.013195144,0.4,0.0,0.29910135,0.023745082,0.18011156,0.0697897,0.37057662,0.12306217,0.21514706,0.045545164
375316653866487564,4092711724138629760,0.49854442,2212.7729932832967,2.376541823635597,2.9931487E-5,18.75722,0.035925023,0.22265203,0.005596179,0.06999046,0.0061280294,0.7507409,0.08060546,0.6971928,0.017982561,0.085024156,0.01790932,0.68636495,0.12129356,null,null,null,null,"TWOGAUSSIANS",8,22.209139,0.22265203,0.005596179,0.39194658,0.03244383,0.74619514,0.08075883,0.6971928,0.017982561,0.4,0.0,0.6818191,0.124212444
375316653866487564,4092711827147671936,0.5304966,2207.5271804316885,3.6529847481773343,2.7362394E-5,19.468996,0.008335068,0.3069924,3.594378E-6,0.022357928,3.6757186E-4,0.5083022,0.0051852013,0.8844842,0.0069705206,0.013045786,0.0037927174,0.1151627,0.037209608,null,null,null,null,"TWOGAUSSIANS",8,2.08417,0.3069924,3.594378E-6,0.1252044,0.0020584024,0.5083022,0.0051852013,0.8844842,0.0069705206,0.0730564,0.021239217,0.1151627,0.037209608
375316653866487564,4092711895867435392,0.43351263,2217.1939967265284,0.3318304176868428,3.0240502E-5,18.727158,0.012943122,0.31350017,0.019774683,0.0861984,0.025390465,0.13962528,0.039660443,0.7848878,0.0032274828,0.04369536,0.0068485173,0.29556447,0.083745964,null,null,null,null,"TWOGAUSSIANS",8,4.7099953,0.7848878,0.0032274828,0.24469401,0.038351696,0.29547948,0.083951265,0.31350017,0.019774683,0.4,0.0,0.13954026,0.04006594
375316653866487564,4092711998949440000,0.57715285,2217.5782396441823,0.09796191872345075,5.176897E-5,19.259806,0.0096170865,0.18112458,0.029865952,0.0454879,0.013888439,0.5272063,0.14087634,0.6712774,0.010157775,0.039205525,0.014681686,0.8582238,0.4030498,null,null,null,null,"TWOGAUSSIANS",8,1.9246788,0.6712774,0.010157775,0.21955095,0.08221744,0.85822374,0.4030507,0.18112458,0.029865952,0.25473225,0.077775255,0.52720624,0.14087632
375316653866487564,4092712067666451328,0.51000804,2216.5271439083144,1.3011189481327798,3.5746365E-5,19.080233,0.03844177,0.2942823,0.007870938,0.09642219,0.011685148,0.4629737,0.040121205,0.8479026,0.013176514,0.05084604,0.015659323,0.42756313,0.08932758,null,null,null,null,"TWOGAUSSIANS",8,6.955354,0.2942823,0.007870938,0.4,0.0,0.4622432,0.038887933,0.8479026,0.01318076,0.28473783,0.08769221,0.42684293,0.08981244
375316653866487564,4092712136386192000,0.58085716,2239.224677027005,0.6371933719902065,3.9679508E-5,18.402836,0.004712186,0.26636085,0.0039196988,0.05962174,0.0031945857,0.4968842,0.046682812,0.74842566,0.018792965,0.044855095,0.024108542,0.20630789,0.30734333,null,null,null,null,"TWOGAUSSIANS",8,2.1921744,0.26636085,0.0039196988,0.33388174,0.017889678,0.4968811,0.04668359,0.74842566,0.018792965,0.25118852,0.13500784,0.20630477,0.30738398
375316653866487564,4092712136386195840,0.5131508,2225.197371734166,2.225084631041908,2.7841274E-5,19.341639,0.026790794,0.3316565,0.04380502,0.09009697,0.023788746,0.26593372,0.086802274,0.8319305,0.009037975,0.08174672,0.01377084,0.32816735,0.03008507,null,null,null,null,"TWOGAUSSIANS",8,2.8501945,0.8319305,0.009037975,0.4,0.0,0.31970105,0.024845973,0.3316565,0.04380502,0.4,0.001956867,0.25746733,0.08062291
375316653866487564,4092712170745832960,0.5440778,2259.5925230123976,2.0109734116562668,2.0227493E-5,19.604616,0.025772914,0.30329975,0.0065941145,0.088981226,0.008144857,0.68160033,0.062341806,0.79649407,0.01406221,0.08097799,0.012265396,0.41721418,0.029515004,null,null,null,null,"TWOGAUSSIANS",8,2.0367422,0.30329975,0.0065941145,0.4,0.0,0.66899294,0.06237339,0.79649407,0.01406221,0.4,0.0050244816,0.40460697,0.01961172
375316653866487564,4092712445693295488,0.45640406,2233.17482817474,4.10454152676272,5.217334E-5,19.567415,0.01668954,0.2829084,0.014681987,0.07175975,0.01649822,0.17484835,0.02137618,0.731107,0.021621583,0.08545323,0.031362224,0.1982219,0.057196606,null,null,null,null,"TWOGAUSSIANS",8,2.562643,0.731107,0.021621583,0.4,0.06715114,0.19743378,0.058491375,0.2829084,0.014682077,0.4,0.06323134,0.17406043,0.020710882
375316653866487564,4092713132819087744,0.47779864,2189.4054281173267,0.5831236178873367,3.9123926E-5,19.081057,0.06702602,0.2131128,0.009933274,0.14306623,0.07265157,0.14857416,0.04738288,0.776719,0.025122043,0.04367232,0.021144064,0.7684183,0.28397328,null,null,null,null,"TWOGAUSSIANS",8,6.321891,0.77678895,0.024555271,0.24456498,0.11840676,0.7662071,0.31337386,0.2131128,0.009933274,0.4,0.0,0.14488101,0.020498786
375316653866487564,4092713235967348352,0.46723616,2253.5303106884803,2.627915059819651,3.8482438E-5,16.544954,0.006431928,null,null,null,null,null,null,null,null,null,null,null,null,0.080068335,0.009763395,0.2949042,0.0077981865,"ELLIPSOIDAL",4,56.57413,null,null,null,null,null,null,null,null,null,null,null,null
375316653866487564,4092714197971912192,0.46484137,2259.3741607354063,0.5884429642899066,2.6301343E-5,19.226976,0.032827556,0.35207036,0.03634401,0.12027742,0.0937373,0.14276531,0.048138555,0.83611715,0.007116181,0.08594707,0.017548768,0.20669642,0.030032616,null,null,null,null,"TWOGAUSSIANS",8,2.5955162,0.83611715,0.007116181,0.4,0.0013666053,0.19254799,0.022581788,0.35207036,0.03634401,0.4,0.20495376,0.12855907,0.058847763
375316653866487564,4092714232331891072,0.4727781,2220.3774591920774,0.5919586483647883,3.4486682E-5,19.307251,0.019472867,0.11427944,0.027537799,0.08380414,0.016382558,0.11778954,0.027344795,0.5143052,0.016694782,0.11127354,0.035808872,0.31339398,0.065363035,null,null,null,null,"TWOGAUSSIANS",8,2.8700364,0.5143052,0.016694782,0.4,0.0,0.3098214,0.0700969,0.11524945,0.026310578,0.4,0.0,0.11471292,0.024278162
375316653866487564,4092714335409345152,0.49698403,2223.3864133489897,0.2744558828682642,1.3032538E-4,19.161932,0.010172068,0.18574594,0.017503887,0.06007092,0.013495329,0.14443563,0.025264798,0.5361716,0.015547192,0.07920728,0.00806791,0.2560887,0.019159745,null,null,null,null,"TWOGAUSSIANS",8,2.8733184,0.5361716,0.015547192,0.4,0.0,0.25608122,0.019155217,0.18576594,0.017506693,0.33639717,0.07557384,0.14444254,0.025267256
375316653866487564,4092714369838825600,0.49192724,2220.883749899791,2.895886947268892,3.8501403E-5,18.120874,0.013548551,0.22706293,0.006209638,0.033622466,0.017825844,0.09523531,0.030751698,0.76976174,0.0020651643,0.0072335047,0.0030253113,0.13506956,0.056741763,0.105378956,0.013277132,0.22706293,0.006209638,"TWOGAUSSIANS_WITH_ELLIPSOIDAL_ON_ECLIPSE1",9,20.505806,0.76976174,0.0020651643,0.040507626,0.016941743,0.33101827,0.05395101,0.22706293,0.006209638,0.18828581,0.09982473,0.30599317,0.028948445
375316653866487564,4092714472917819520,0.43775997,2230.9063185234013,0.20377399807030583,4.980781E-5,17.93313,0.018973986,0.31229433,0.022495659,0.10930492,0.03345919,0.10874201,0.025874626,0.7472149,0.027862504,0.09293351,0.027818644,0.09934951,0.04741082,null,null,null,null,"TWOGAUSSIANS",8,7.366022,0.31230432,0.02249285,0.4,0.0,0.1045495,0.026129238,0.7472149,0.027862504,0.4,0.0,0.0951951,0.046113033
375316653866487564,4092715228832152832,0.49493992,2225.4111384111998,0.13931849072001537,3.5358167E-5,19.299627,0.08197604,0.388791,0.01798837,0.08784845,0.025022151,0.25766173,0.07700385,0.78781605,0.010397418,0.1470645,0.029885314,0.39445654,0.07347779,null,null,null,null,"TWOGAUSSIANS",8,3.3014646,0.78781605,0.010397418,0.4,0.0,0.3697206,0.057711665,0.39477098,0.01520206,0.4,0.0,0.24349059,0.07450134
375316653866487564,4092715327533497344,0.59052783,2201.3395440092286,1.0104147233246816,4.9586997E-6,17.76186,0.0070364764,0.22276723,0.0020014155,0.07834994,0.0032375334,0.30570588,0.00795806,0.74142563,0.008319107,0.102727994,0.013538744,0.112917356,0.008285056,null,null,null,null,"TWOGAUSSIANS",8,1.2747995,0.22276723,0.0020014155,0.4,0.0,0.30016282,0.0075671696,0.74142563,0.008319107,0.4,0.0,0.10737203,0.0080068065
375316653866487564,4092715671129806080,0.6077471,2187.2212720586203,1.3993275579053912,7.823709E-6,17.685333,0.0118534155,0.13354048,0.007428903,0.0757605,0.0057874885,0.3409537,0.013773925,0.6419418,0.0023441443,0.08258654,0.004214425,0.3926633,0.016452955,null,null,null,null,"TWOGAUSSIANS",8,4.0474305,0.6419418,0.0023441443,0.4,0.0,0.3884281,0.015730845,0.13354048,0.007428903,0.4,0.0023797604,0.3367185,0.011654483
