Gaia/vari_eclipsing_binary/VariEclipsingBinary_597799-597889.csv
# %ECSV 1.0
# ---
# delimiter: ','
# meta: !!omap
# - RELEASE: Gaia DR3
# - TABLE: vari_eclipsing_binary
# - DESCRIPTION: >
#     This table describes the properties of the eclipsing binaries resulting from the variability analysis. 
# - CITATION: >
#     How to cite and acknowledge Gaia: 
#     https://gea.esac.esa.int/archive/documentation/credits.html 
# - KNOWN_ISSUES: >
#     Known issues: 
#     https://www.cosmos.esa.int/web/gaia-users/known-issues 
# - DOCUMENTATION: >
#     Tutorials and documentation: 
#     https://www.cosmos.esa.int/web/gaia-users/archive 
# datatype:
# - 
#   name: solution_id
#   datatype: int64
#   description: Solution Identifier
#   meta:
#     ucd: meta.version
# - 
#   name: source_id
#   datatype: int64
#   description: Unique source identifier
#   meta:
#     ucd: meta.id;meta.main
# - 
#   name: global_ranking
#   datatype: float32
#   description: Number between 0 (worst) and 1 (best)
#   meta:
#     ucd: stat.param
# - 
#   name: reference_time
#   datatype: float64
#   unit: d
#   description: Reference time used for the geometric model fit
#   meta:
#     ucd: time.epoch
# - 
#   name: frequency
#   datatype: float64
#   unit: d**-1
#   description: Frequency of geometric model of the eclipsing binary light curve
#   meta:
#     ucd: src.orbital
# - 
#   name: frequency_error
#   datatype: float32
#   unit: d**-1
#   description: "Uncertainty of \\texttt{frequency}"
#   meta:
#     ucd: stat.error
# - 
#   name: geom_model_reference_level
#   datatype: float32
#   unit: mag
#   description: Magnitude reference level of geometric model
#   meta:
#     ucd: phot.mag;em.opt
# - 
#   name: geom_model_reference_level_error
#   datatype: float32
#   unit: mag
#   description: "Uncertainty of \\texttt{geomModelReferenceLevel}"
#   meta:
#     ucd: stat.error;phot.mag;em.opt
# - 
#   name: geom_model_gaussian1_phase
#   datatype: float32
#   description: Phase of the Gaussian 1 component
#   meta:
#     ucd: time.phase
# - 
#   name: geom_model_gaussian1_phase_error
#   datatype: float32
#   description: "Uncertainty of \\texttt{geomModelGaussian1Phase}"
#   meta:
#     ucd: stat.error;time.phase
# - 
#   name: geom_model_gaussian1_sigma
#   datatype: float32
#   description: "Standard deviation [phase] of Gaussian 1 component"
#   meta:
#     ucd: stat.stdev
# - 
#   name: geom_model_gaussian1_sigma_error
#   datatype: float32
#   description: "Uncertainty of \\texttt{geomModelGaussian1Sigma}"
#   meta:
#     ucd: stat.error
# - 
#   name: geom_model_gaussian1_depth
#   datatype: float32
#   unit: mag
#   description: Magnitude depth of Gaussian 1 component
#   meta:
#     ucd: src.var.amplitude
# - 
#   name: geom_model_gaussian1_depth_error
#   datatype: float32
#   unit: mag
#   description: "Uncertainty of \\texttt{geomModelGaussian1Depth}"
#   meta:
#     ucd: stat.error;src.var.amplitude
# - 
#   name: geom_model_gaussian2_phase
#   datatype: float32
#   description: Phase of Gaussian 2 component
#   meta:
#     ucd: time.phase
# - 
#   name: geom_model_gaussian2_phase_error
#   datatype: float32
#   description: "Uncertainty of \\texttt{geomModelGaussian2Phase}"
#   meta:
#     ucd: stat.error;time.phase
# - 
#   name: geom_model_gaussian2_sigma
#   datatype: float32
[...]
#   datatype: float32
#   description: "Secondary eclipse: uncertainty of \\texttt{derivedSecondaryEclDuration}"
#   meta:
#     ucd: stat.error;time.duration
# - 
#   name: derived_secondary_ecl_depth
#   datatype: float32
#   unit: mag
#   description: "Secondary eclipse: depth"
#   meta:
#     ucd: src.var.amplitude
# - 
#   name: derived_secondary_ecl_depth_error
#   datatype: float32
#   unit: mag
#   description: "Secondary eclipse: uncertainty of \\texttt{derivedSecondaryEclDepth}"
#   meta:
#     ucd: stat.error;src.var.amplitude
solution_id,source_id,global_ranking,reference_time,frequency,frequency_error,geom_model_reference_level,geom_model_reference_level_error,geom_model_gaussian1_phase,geom_model_gaussian1_phase_error,geom_model_gaussian1_sigma,geom_model_gaussian1_sigma_error,geom_model_gaussian1_depth,geom_model_gaussian1_depth_error,geom_model_gaussian2_phase,geom_model_gaussian2_phase_error,geom_model_gaussian2_sigma,geom_model_gaussian2_sigma_error,geom_model_gaussian2_depth,geom_model_gaussian2_depth_error,geom_model_cosine_half_period_amplitude,geom_model_cosine_half_period_amplitude_error,geom_model_cosine_half_period_phase,geom_model_cosine_half_period_phase_error,model_type,num_model_parameters,reduced_chi2,derived_primary_ecl_phase,derived_primary_ecl_phase_error,derived_primary_ecl_duration,derived_primary_ecl_duration_error,derived_primary_ecl_depth,derived_primary_ecl_depth_error,derived_secondary_ecl_phase,derived_secondary_ecl_phase_error,derived_secondary_ecl_duration,derived_secondary_ecl_duration_error,derived_secondary_ecl_depth,derived_secondary_ecl_depth_error
[from data line 286]
375316653866487564,5258490604101810560,0.5752618,2080.428311355792,2.59745822185147,8.818164E-6,18.28199,0.009964905,0.2512691,0.007629794,0.094250225,0.0074666934,0.34374988,0.013321517,0.74077255,0.004864634,0.08640471,0.0070473817,0.3345757,0.013809641,null,null,null,null,"TWOGAUSSIANS",8,2.3882265,0.2512691,0.007629794,0.4,0.0,0.33124012,0.0096305655,0.74077255,0.004864634,0.4,0.0,0.32206652,0.0149881635
375316653866487564,5258490982066631808,0.47540522,2145.7049474625655,1.3143301318736602,1.3414607E-5,16.75897,0.0015644666,0.17336676,0.0038718646,0.0513219,0.0038639775,0.05237501,0.0033108378,0.68226475,0.004816036,0.024103088,0.0040889233,0.024024697,0.0037944464,null,null,null,null,"TWOGAUSSIANS",8,2.3224478,0.17336676,0.0038718646,0.28740263,0.021638274,0.05237501,0.0033108378,0.68226475,0.004816036,0.1349773,0.022897972,0.024024697,0.0037944464
375316653866487564,5258491433047753216,0.51802766,2123.875379426666,2.597921512273691,8.645814E-6,18.09043,0.017175965,0.22797605,0.0031863214,0.09949495,0.007315956,0.2793483,0.015876299,0.71097434,0.0036315792,0.10289024,0.007876742,0.264196,0.01684218,null,null,null,null,"TWOGAUSSIANS",8,4.2252464,0.22798605,0.0031951913,0.4,0.0,0.25857118,0.008829919,0.71097434,0.0036315792,0.4,0.0,0.24341618,0.012055394
375316653866487564,5258491604846440960,0.51253253,2126.471591580184,0.2055692990916096,8.717593E-5,15.4879265,0.00837672,0.26280448,0.00841082,0.039321482,0.005107417,0.44015366,0.06792716,0.7409735,0.0020431995,0.023205651,0.002095174,0.68512547,0.03634784,null,null,null,null,"TWOGAUSSIANS",8,469.62073,0.7409735,0.0020431995,0.12995164,0.011732974,0.68512547,0.03634784,0.26280448,0.00841082,0.2202003,0.028601533,0.44015366,0.06792716
375316653866487564,5258492876156582016,0.48466378,2119.7426856351703,2.626203608668691,1.816503E-5,15.224644,0.0030406634,null,null,null,null,null,null,null,null,null,null,null,null,0.06769543,0.0041080806,0.26437375,0.005076711,"ELLIPSOIDAL",4,122.03185,null,null,null,null,null,null,null,null,null,null,null,null
375316653866487564,5258494216186352256,0.5991132,2111.9777462819484,2.3038006191002225,1.11149224E-4,16.580595,0.0022929874,0.3396902,0.017903382,0.021197425,0.007438559,1.4109727,0.7953865,null,null,null,null,null,null,null,null,null,null,"ONEGAUSSIAN",5,21.755138,0.3396902,0.017903382,0.11870558,0.04165593,1.4109727,0.0,null,null,null,null,null,null
375316653866487564,5258494353619595264,0.5524706,2121.1420462270153,3.431140386526122,1.18849275E-5,19.823334,0.0123048015,0.16573979,0.0037920198,0.06541913,0.0031448873,0.5899866,0.033735197,0.65802604,0.004011834,0.07179035,0.00500236,0.5662388,0.04929139,null,null,null,null,"TWOGAUSSIANS",8,1.8586129,0.16573979,0.0037920198,0.3663471,0.017611368,0.5887595,0.03369592,0.65802604,0.004011834,0.4,0.010605454,0.5650117,0.04958954
375316653866487564,5258495109539349376,0.52038205,2129.5527804321105,1.8313120361466435,1.3213884E-5,17.936407,0.00936735,0.25826684,0.003561894,0.085942976,0.0067598145,0.16066189,0.010254954,0.7522965,0.006158191,0.1043699,0.010742736,0.13308086,0.009309598,null,null,null,null,"TWOGAUSSIANS",8,2.624596,0.25826684,0.003561894,0.4,0.0,0.15227206,0.007990222,0.7522965,0.006158191,0.4,0.0,0.12468818,0.006321709
375316653866487564,5258498614232761600,0.4895171,2116.3924545515974,1.2466112123362965,4.6297442E-5,15.4617195,0.0071107177,0.27264217,0.027694484,0.034108054,0.04579176,0.025759127,0.038306274,0.79832864,0.0068687843,0.03447424,0.008339252,0.28055844,0.051148202,0.013378522,0.010898995,0.27264217,0.027694484,"TWOGAUSSIANS_WITH_ELLIPSOIDAL_ON_ECLIPSE1",9,144.3737,0.79832864,0.0068687843,0.19305573,0.04669981,0.30662453,0.051837064,0.27264217,0.027694484,0.1910051,0.24500842,0.052516155,0.035080936
375316653866487564,5258500435298756864,0.6388179,2096.185970077593,2.379607274674189,2.4641076E-6,13.791418,0.010779797,0.24851382,0.0050632115,0.047995217,0.004199243,0.40977412,0.035966087,0.7436606,6.889256E-4,0.0468,0.0023543192,0.41907924,0.024555964,0.114037216,0.014098366,0.7436606,6.889256E-4,"TWOGAUSSIANS_WITH_ELLIPSOIDAL_ON_ECLIPSE2",9,217.9408,0.7436606,6.889256E-4,0.26207998,0.013184188,0.64715225,0.015079257,0.24806382,0.0045971996,0.26877323,0.02351576,0.6376546,0.017451232
375316653866487564,5258500881975376384,0.51703,2109.9917613641633,2.848336403495004,9.592947E-6,17.03646,0.0021222602,null,null,null,null,null,null,null,null,null,null,null,null,0.07338576,0.00358308,0.1812218,0.0027509774,"ELLIPSOIDAL",4,8.484849,null,null,null,null,null,null,null,null,null,null,null,null
375316653866487564,5258501289983440384,0.51956975,2113.99260435365,3.1841963363198325,1.2987694E-5,19.483782,0.0067205005,0.2531317,0.010037077,0.07451327,0.011982803,0.29710957,0.033208203,0.74608785,0.004810769,0.069437385,0.0059089554,0.42828253,0.047946483,null,null,null,null,"TWOGAUSSIANS",8,1.9726114,0.74608785,0.004810769,0.38884935,0.021010315,0.4268524,0.048415285,0.2531317,0.010037077,0.4,0.047094267,0.29567948,0.033890672
375316653866487564,5258501358700089728,0.58186215,2098.8552438440397,1.9224583851434727,4.1911344E-6,18.395584,0.008558436,0.27075103,0.0019023991,0.0500201,0.0027536368,0.4768131,0.026038283,0.76615345,0.0012024184,0.046430573,0.0024895458,0.38396877,0.022054793,0.054320723,0.015482935,0.27075103,0.0019023991,"TWOGAUSSIANS_WITH_ELLIPSOIDAL_ON_ECLIPSE1",9,4.507619,0.27075103,0.0019023991,0.28011256,0.015420366,0.58545226,0.020280331,0.76636344,0.0011224267,0.2600112,0.013941457,0.49252146,0.013528738
375316653866487564,5258501912767526912,0.712805,2107.1804540461,0.7503656559942744,3.663711E-6,13.653876,4.214594E-4,0.5530939,0.0022035013,0.03747121,0.0011883043,0.41213304,0.012540189,0.77038556,0.0080214385,0.029040504,0.0083803795,0.0062512294,0.0025318325,0.0017037903,6.164281E-4,0.77038556,0.0080214385,"TWOGAUSSIANS_WITH_ELLIPSOIDAL_ON_ECLIPSE2",9,8.091071,0.5531239,0.0022035013,0.20983876,0.0066545038,0.41227505,0.012530703,0.77038556,0.0080214385,0.16262683,0.046930127,0.009658813,0.0025939741
375316653866487564,5258502840480275328,0.42537382,2074.825697954099,0.15188919053199695,3.2496104E-5,15.586657,0.002065698,0.36171353,0.031851344,0.019322768,0.013550051,0.15769774,0.21158986,0.76992744,0.02626155,0.021906836,0.015270495,0.05086904,0.14121743,null,null,null,null,"TWOGAUSSIANS",8,13.276538,0.36171353,0.031851344,0.108207494,0.07588028,0.15769774,0.21158986,0.76992744,0.02626155,0.12267828,0.08551477,0.05086904,0.14121743
375316653866487564,5258503046638723200,0.60674465,2105.676076508774,0.2196597510778406,8.825225E-6,14.082931,3.4754843E-4,0.27065983,0.0010368347,0.010255036,5.493036E-4,0.14799345,0.02842556,0.7733786,7.62818E-6,0.008237704,1.5785365E-5,1.1008462,0.003719036,null,null,null,null,"TWOGAUSSIANS",8,5.852457,0.7733786,7.62818E-6,0.04613114,8.839805E-5,1.1008462,0.003719036,0.27065983,0.0010368347,0.057428204,0.0030761003,0.14799345,0.02842556
375316653866487564,5258503218437402112,0.53101075,2086.243346050156,0.09906649428858082,2.1150487E-5,17.583376,0.0028958328,0.40123212,0.0054082805,0.015266054,0.008646432,0.029142357,0.0052146097,0.9474958,4.3181863E-4,0.0051255217,3.4148575E-4,0.28091624,0.017781228,null,null,null,null,"TWOGAUSSIANS",8,6.1582007,0.9474958,4.3181863E-4,0.02870292,0.0019123201,0.28091624,0.017781228,0.40123212,0.0054082805,0.08548991,0.048420023,0.029142357,0.0052146097
375316653866487564,5258504352308675200,0.63378686,2108.4707299170686,0.8683956732100553,3.4680759E-6,13.918364,0.003319538,0.20751125,0.0014825959,0.0953345,0.004095087,0.09482186,0.0032292113,0.70624185,0.0033250884,0.07412262,0.003438631,0.24300551,0.004665569,null,null,null,null,"TWOGAUSSIANS",8,16.226587,0.70624185,0.0033250884,0.4,0.0,0.23950939,0.0040944833,0.20751125,0.0014825959,0.4,0.0,0.09132552,0.0023123317
375316653866487564,5258505310073088896,0.5278648,2136.9512337395377,0.5395999847307074,4.570071E-6,18.559238,0.0038067217,0.15657108,0.0011692607,0.024816124,0.0018174206,0.25856113,0.013109376,0.7945603,0.071550176,0.044378534,0.045836654,0.018361831,2.579442,null,null,null,null,"TWOGAUSSIANS",8,2.7389126,0.15657108,0.0011692607,0.13897029,0.0101775555,0.25856113,0.013109376,0.7945603,0.071550176,0.2485198,0.25668526,0.018361831,2.579442
375316653866487564,5258508544196921728,0.6432754,2129.6201096020086,0.853911002439378,6.975181E-6,14.519711,0.002078994,0.27700353,7.52788E-4,0.03493747,0.0011829454,0.4475804,0.008603796,0.7777783,0.003020089,0.030161807,0.013671058,0.252574,0.33818313,0.008748628,0.0024966158,0.27700353,7.52788E-4,"TWOGAUSSIANS_WITH_ELLIPSOIDAL_ON_ECLIPSE1",9,30.690422,0.27700353,7.52788E-4,0.19564983,0.0066244947,0.46507767,0.008007273,0.7777783,0.003020089,0.16890612,0.07655793,0.27007085,0.33990332
375316653866487564,5258508887794303872,0.5673633,2119.5403466563394,0.6729788763332031,1.3232645E-5,15.25533,0.003413742,0.35973123,0.0022998673,0.029562,0.0017340387,0.36868888,0.013051957,0.861703,0.0069511114,0.024876539,0.0033586163,0.4560475,0.08744876,0.009006546,0.0055785077,0.35973123,0.0022998673,"TWOGAUSSIANS_WITH_ELLIPSOIDAL_ON_ECLIPSE1",9,46.865555,0.861703,0.0069511114,0.13930862,0.018808251,0.47405782,0.08560845,0.35973123,0.0022998673,0.1655472,0.009710617,0.38670197,0.011997239
375316653866487564,5258509845555667456,0.4493624,2082.4419924155386,2.827394494148467,2.0661057E-5,18.917536,1.064211,0.26281035,0.017202305,0.17385548,0.16429502,0.35309142,1.0147102,0.74953634,0.017786225,0.15190783,0.09377067,0.42241296,0.87679446,null,null,null,null,"TWOGAUSSIANS",8,6.110301,0.74953634,0.017786225,0.4,0.0,0.21431473,0.011711395,0.26494035,0.013324101,0.4,0.0,0.13737485,0.01584745
375316653866487564,5258510983738377216,0.49585617,2044.7212672030123,1.1470570932603268,9.792309E-6,18.88172,0.011268856,0.2945824,0.003468926,0.057205334,0.0068245423,0.14541152,0.010250371,0.7831965,0.013738396,0.086008556,0.020461189,0.059055373,0.012140954,null,null,null,null,"TWOGAUSSIANS",8,1.0989361,0.2945824,0.003468926,0.32034987,0.038217437,0.14513378,0.009402235,0.7831965,0.013738396,0.4,0.0,0.05877763,0.011340716
375316653866487564,5258511155537018624,0.52635586,2132.42416610266,1.6304388719140057,4.9775126E-6,14.706118,0.0057840906,0.24672535,0.0017787284,0.02641703,0.0016677894,0.35324913,0.026233591,0.74323523,0.0020106954,0.028334724,0.0059516397,0.23433803,0.048530765,0.0042659123,0.010592425,0.24672535,0.0017787284,"TWOGAUSSIANS_WITH_ELLIPSOIDAL_ON_ECLIPSE1",9,299.54532,0.24672535,0.0017787284,0.14793538,0.00933962,0.36178094,0.020728925,0.74324524,0.002003401,0.15867445,0.03332918,0.24286574,0.053262915
375316653866487564,5258511877091538688,0.50548506,2107.8091156314754,0.2624958617964594,9.182644E-6,15.591007,0.0017475943,0.22564067,0.017134562,0.09246088,0.012711992,0.024539163,0.003970225,0.7795858,0.0029430438,0.025613459,0.001630179,0.0900007,0.003057268,null,null,null,null,"TWOGAUSSIANS",8,10.16592,0.7795858,0.0029430438,0.14343537,0.009129003,0.090000026,0.0030568799,0.22564067,0.017134562,0.4,0.0,0.024538273,0.00396973
375316653866487564,5258513491992445952,0.4217667,2082.4613186241395,2.698811318244792,1.687047E-4,19.014648,0.044558946,0.18977416,0.033206575,0.0418361,0.04479049,0.08378538,0.09816448,0.3755067,0.10480782,0.19895336,0.14291583,0.12227719,0.040944263,null,null,null,null,"TWOGAUSSIANS",8,10.028658,0.19759415,0.04393268,0.23428218,0.25082675,0.15394016,0.07742698,0.3755067,0.10480782,0.4,0.0,0.11188577,0.025265967
375316653866487564,5258514591510761600,0.60730046,2116.5864710213323,2.898955128375892,3.3755318E-6,14.67394,0.0491846,0.13203217,0.0015329081,0.06476322,0.0074200425,0.43657863,0.098774396,0.63746554,0.0013939207,0.067589924,0.0070755105,0.44851667,0.097109266,0.057757832,0.052851524,0.63746554,0.0013939207,"TWOGAUSSIANS_WITH_ELLIPSOIDAL_ON_ECLIPSE2",9,136.54924,0.63746554,0.0013939207,0.37850356,0.03962286,0.5633796,0.022574706,0.13247217,0.0013298291,0.362674,0.04155224,0.5513178,0.012606126
375316653866487564,5258515794102803200,0.50979924,2190.3755861359828,3.2454741025262703,1.0243763E-5,16.510023,0.025412647,0.24597648,0.004539334,0.1147869,0.020220378,0.14383586,0.020913873,0.7339984,0.0056523825,0.11283774,0.014933534,0.17095362,0.024962673,null,null,null,null,"TWOGAUSSIANS",8,12.8230095,0.7339984,0.0056523825,0.4,0.0,0.14602932,0.0062366896,0.24600649,0.004541919,0.4,0.0,0.118908204,0.011015471
375316653866487564,5258517031053414528,0.4395547,2222.3375943021047,1.7799410332991292,6.197621E-5,17.008947,0.010158355,0.14264902,0.0025774715,0.0286163,0.0032253722,0.15612528,0.014505517,0.81061697,0.009804998,0.025233537,0.013920445,0.20526965,0.12331398,null,null,null,null,"TWOGAUSSIANS",8,9.584185,0.81061697,0.009804998,0.1413078,0.07795449,0.20526965,0.12331398,0.14264902,0.0025774715,0.16025127,0.018062083,0.15612528,0.014505517
375316653866487564,5258519397564464128,0.4444358,2226.262624298282,0.1995083971267014,3.0054416E-5,18.740742,0.020212263,0.39483735,0.029147562,0.088437565,0.025717055,0.30917978,0.079542086,0.7092173,0.0034560417,0.020812191,0.00291286,0.6994357,0.12674206,null,null,null,null,"TWOGAUSSIANS",8,60.163784,0.7092173,0.0034560417,0.11654827,0.016312016,0.699993,0.12739213,0.39483735,0.029147562,0.4,0.0,0.30917972,0.07954123
375316653866487564,5258519573674263424,0.5789388,2217.3863006667034,2.525680043858378,7.890863E-6,17.571152,0.005723354,0.22558294,0.0020901486,0.08559081,0.0033644554,0.265301,0.00917968,0.7302521,0.004002826,0.08335581,0.005316121,0.2668734,0.016497834,null,null,null,null,"TWOGAUSSIANS",8,4.4640603,0.7302521,0.004002826,0.4,0.0,0.26073033,0.017128672,0.22558294,0.0020901486,0.4,0.0,0.25915793,0.009085167
375316653866487564,5258519706799563776,0.5406568,2181.7104651659747,2.0120782359762273,1.1686458E-5,18.361343,0.01252096,0.1553536,0.0053083356,0.07612191,0.005565493,0.36614037,0.017362801,0.6436649,0.0044926456,0.077510975,0.009829618,0.28638008,0.0532817,null,null,null,null,"TWOGAUSSIANS",8,5.521577,0.1553536,0.0053083356,0.4,0.0,0.36361843,0.016416479,0.6436649,0.0044926456,0.4,0.0,0.28385815,0.054647285
375316653866487564,5258519779813476480,0.50597674,2198.178010960262,0.6572680284227518,2.023802E-5,18.692694,0.0024574378,0.3521022,0.003441027,0.025507478,0.0031641282,0.23642667,0.07453363,0.8565868,0.0027477534,0.027147518,0.003435119,0.08601565,0.007329292,null,null,null,null,"TWOGAUSSIANS",8,0.99852073,0.3521022,0.003441027,0.14284188,0.017719118,0.23642667,0.07453363,0.8565868,0.0027477534,0.1520261,0.019236667,0.08601565,0.007329292
375316653866487564,5258519912957920896,0.507057,2159.5128903249233,3.5694403934304333,1.3397544E-5,18.651058,0.0035164857,null,null,null,null,null,null,null,null,null,null,null,null,0.108205095,0.0042191828,0.25530475,0.004253798,"ELLIPSOIDAL",4,4.6507773,null,null,null,null,null,null,null,null,null,null,null,null
375316653866487564,5258520020350633472,0.44346157,2204.965370464125,0.233160750579103,5.148731E-5,19.618431,0.02102442,0.27569953,0.027013687,0.06852638,0.03342041,0.5506515,0.9353926,0.6441004,0.06046528,0.07572537,0.14949009,0.1023323,0.044952255,null,null,null,null,"TWOGAUSSIANS",8,2.748439,0.27569953,0.026529128,0.38374773,0.110366285,0.5506217,0.9366921,0.6441004,0.06046528,0.4,0.06998569,0.10230201,0.048131183
375316653866487564,5258520393996813312,0.5361879,2180.6724076439223,2.0439519858693305,1.292986E-5,19.358307,0.03828793,0.30297592,0.0035698954,0.09767238,0.014803387,0.35596943,0.031667177,0.8037794,0.004596367,0.09147212,0.014342083,0.38298857,0.030517524,null,null,null,null,"TWOGAUSSIANS",8,1.4890759,0.8037794,0.004596367,0.4,0.0,0.360854,0.031790446,0.30297592,0.0035698954,0.4,0.0,0.33383363,0.014520367
