Gaia/vari_eclipsing_binary/VariEclipsingBinary_666785-666794.csv
# %ECSV 1.0
# ---
# delimiter: ','
# meta: !!omap
# - RELEASE: Gaia DR3
# - TABLE: vari_eclipsing_binary
# - DESCRIPTION: >
#     This table describes the properties of the eclipsing binaries resulting from the variability analysis. 
# - CITATION: >
#     How to cite and acknowledge Gaia: 
#     https://gea.esac.esa.int/archive/documentation/credits.html 
# - KNOWN_ISSUES: >
#     Known issues: 
#     https://www.cosmos.esa.int/web/gaia-users/known-issues 
# - DOCUMENTATION: >
#     Tutorials and documentation: 
#     https://www.cosmos.esa.int/web/gaia-users/archive 
# datatype:
# - 
#   name: solution_id
#   datatype: int64
#   description: Solution Identifier
#   meta:
#     ucd: meta.version
# - 
#   name: source_id
#   datatype: int64
#   description: Unique source identifier
#   meta:
#     ucd: meta.id;meta.main
# - 
#   name: global_ranking
#   datatype: float32
#   description: Number between 0 (worst) and 1 (best)
#   meta:
#     ucd: stat.param
# - 
#   name: reference_time
#   datatype: float64
#   unit: d
#   description: Reference time used for the geometric model fit
#   meta:
#     ucd: time.epoch
# - 
#   name: frequency
#   datatype: float64
#   unit: d**-1
#   description: Frequency of geometric model of the eclipsing binary light curve
#   meta:
#     ucd: src.orbital
# - 
#   name: frequency_error
#   datatype: float32
#   unit: d**-1
#   description: "Uncertainty of \\texttt{frequency}"
#   meta:
#     ucd: stat.error
# - 
#   name: geom_model_reference_level
#   datatype: float32
#   unit: mag
#   description: Magnitude reference level of geometric model
#   meta:
#     ucd: phot.mag;em.opt
# - 
#   name: geom_model_reference_level_error
#   datatype: float32
#   unit: mag
#   description: "Uncertainty of \\texttt{geomModelReferenceLevel}"
#   meta:
#     ucd: stat.error;phot.mag;em.opt
# - 
#   name: geom_model_gaussian1_phase
#   datatype: float32
#   description: Phase of the Gaussian 1 component
#   meta:
#     ucd: time.phase
# - 
#   name: geom_model_gaussian1_phase_error
#   datatype: float32
#   description: "Uncertainty of \\texttt{geomModelGaussian1Phase}"
#   meta:
#     ucd: stat.error;time.phase
# - 
#   name: geom_model_gaussian1_sigma
#   datatype: float32
#   description: "Standard deviation [phase] of Gaussian 1 component"
#   meta:
#     ucd: stat.stdev
# - 
#   name: geom_model_gaussian1_sigma_error
#   datatype: float32
#   description: "Uncertainty of \\texttt{geomModelGaussian1Sigma}"
#   meta:
#     ucd: stat.error
# - 
#   name: geom_model_gaussian1_depth
#   datatype: float32
#   unit: mag
#   description: Magnitude depth of Gaussian 1 component
#   meta:
#     ucd: src.var.amplitude
# - 
#   name: geom_model_gaussian1_depth_error
#   datatype: float32
#   unit: mag
#   description: "Uncertainty of \\texttt{geomModelGaussian1Depth}"
#   meta:
#     ucd: stat.error;src.var.amplitude
# - 
#   name: geom_model_gaussian2_phase
#   datatype: float32
#   description: Phase of Gaussian 2 component
#   meta:
#     ucd: time.phase
# - 
#   name: geom_model_gaussian2_phase_error
#   datatype: float32
#   description: "Uncertainty of \\texttt{geomModelGaussian2Phase}"
#   meta:
#     ucd: stat.error;time.phase
# - 
#   name: geom_model_gaussian2_sigma
#   datatype: float32
[...]
#   datatype: float32
#   description: "Secondary eclipse: uncertainty of \\texttt{derivedSecondaryEclDuration}"
#   meta:
#     ucd: stat.error;time.duration
# - 
#   name: derived_secondary_ecl_depth
#   datatype: float32
#   unit: mag
#   description: "Secondary eclipse: depth"
#   meta:
#     ucd: src.var.amplitude
# - 
#   name: derived_secondary_ecl_depth_error
#   datatype: float32
#   unit: mag
#   description: "Secondary eclipse: uncertainty of \\texttt{derivedSecondaryEclDepth}"
#   meta:
#     ucd: stat.error;src.var.amplitude
solution_id,source_id,global_ranking,reference_time,frequency,frequency_error,geom_model_reference_level,geom_model_reference_level_error,geom_model_gaussian1_phase,geom_model_gaussian1_phase_error,geom_model_gaussian1_sigma,geom_model_gaussian1_sigma_error,geom_model_gaussian1_depth,geom_model_gaussian1_depth_error,geom_model_gaussian2_phase,geom_model_gaussian2_phase_error,geom_model_gaussian2_sigma,geom_model_gaussian2_sigma_error,geom_model_gaussian2_depth,geom_model_gaussian2_depth_error,geom_model_cosine_half_period_amplitude,geom_model_cosine_half_period_amplitude_error,geom_model_cosine_half_period_phase,geom_model_cosine_half_period_phase_error,model_type,num_model_parameters,reduced_chi2,derived_primary_ecl_phase,derived_primary_ecl_phase_error,derived_primary_ecl_duration,derived_primary_ecl_duration_error,derived_primary_ecl_depth,derived_primary_ecl_depth_error,derived_secondary_ecl_phase,derived_secondary_ecl_phase_error,derived_secondary_ecl_duration,derived_secondary_ecl_duration_error,derived_secondary_ecl_depth,derived_secondary_ecl_depth_error
[from data line 181]
375316653866487564,5865122642692935680,0.49132618,2267.030793041888,0.330481257905015,1.545588E-5,18.984798,0.0048181824,0.099705264,3.045456E-4,0.01237561,2.9986043E-4,0.6707152,0.024230696,0.4304729,0.006175413,0.025403626,0.008648182,0.070331484,0.07819115,null,null,null,null,"TWOGAUSSIANS",8,2.8933303,0.099705264,3.045456E-4,0.069303416,0.0016792185,0.6707152,0.024230696,0.4304729,0.006175413,0.14226031,0.04842982,0.070331484,0.07819115
375316653866487564,5865123540443581312,0.4892894,2201.9461727193716,2.1127962101513034,6.946693E-5,18.14143,0.017701313,0.6107351,0.037149843,0.15198082,0.112085044,0.020514874,0.017007295,0.92976767,0.007252955,0.012530455,0.0057485555,0.49472776,0.42573386,null,null,null,null,"TWOGAUSSIANS",8,3.6271472,0.92976767,0.007252955,0.07017055,0.03219191,0.49681124,0.42539236,0.6107351,0.037149843,0.4,0.0,0.020331707,0.00787051
375316653866487564,5865123604737520128,0.6567193,2232.4378537733346,0.37986900735128704,5.1812453E-6,13.338947,0.0035077056,0.6695029,0.082652174,0.17105739,0.17232122,0.0033103325,0.0034869222,0.33536258,5.4718135E-4,0.027267657,5.8315234E-4,0.40138426,0.010384971,null,null,null,null,"TWOGAUSSIANS",8,27.573957,0.3353726,5.4626685E-4,0.15269889,0.0032656533,0.40178484,0.0103896335,0.6695029,0.082652174,0.4,0.0,0.0032179398,0.001717752
375316653866487564,5865123742176545536,0.4704274,2194.24125827794,2.5031457786682068,1.9320556E-5,18.21253,0.088807575,0.28361732,0.0052357893,0.13679671,0.035277482,0.28607303,0.08340859,0.7949231,0.007045234,0.10796252,0.029546257,0.20792395,0.08257146,null,null,null,null,"TWOGAUSSIANS",8,8.416457,0.2836073,0.005218342,0.4,0.0,0.23041207,0.011215181,0.7952331,0.007045643,0.4,0.0,0.15300281,0.01952481
375316653866487564,5865123849681144576,0.4450976,2227.113991732131,1.1621513320118386,3.761113E-5,16.435144,0.0028555247,null,null,null,null,null,null,null,null,null,null,null,null,0.039139435,0.0034135126,0.2262637,0.0119704,"ELLIPSOIDAL",4,23.666117,null,null,null,null,null,null,null,null,null,null,null,null
375316653866487564,5865123952655538176,0.48377508,2224.194537733538,0.7043158631753955,1.1430468E-5,18.699358,0.005013243,0.23252623,0.00795593,0.04113737,0.0053686583,0.10521038,0.016023165,0.7396167,0.021471925,0.029090723,0.024253761,0.3024545,1.83108816E8,0.043306112,0.011415668,0.7396167,0.021471925,"TWOGAUSSIANS_WITH_ELLIPSOIDAL_ON_ECLIPSE2",9,4.165141,0.7396167,0.021471925,0.16290805,0.13582106,0.38906667,1.83108816E8,0.23322624,0.0054290732,0.23036927,0.030064486,0.19166775,0.014668551
375316653866487564,5865123952760434432,0.49577048,2164.3816953174232,1.4821382955032396,1.9849407E-5,18.82421,0.027264364,0.21386343,0.008802574,0.09209781,0.014310572,0.24557206,0.028756568,0.71041936,0.006378985,0.09928867,0.018385727,0.23895565,0.022672992,null,null,null,null,"TWOGAUSSIANS",8,3.3934567,0.21386343,0.008802574,0.4,0.0,0.23036414,0.017293751,0.71041936,0.006378985,0.4,0.0,0.22374642,0.017864117
375316653866487564,5865123952760588800,0.52172893,2202.822968725783,0.43318507433823816,2.05139E-5,16.945408,0.0014252318,0.33409587,0.0021527994,0.014668863,7.893689E-4,0.82807356,0.26580182,0.8348995,0.0071966927,0.018129291,0.011985986,0.23393841,82158.336,null,null,null,null,"TWOGAUSSIANS",8,4.6873393,0.33409587,0.0021527994,0.08214563,0.004420466,0.82807356,0.26580182,0.8348995,0.0071966927,0.10152403,0.06712152,0.23393841,82158.336
375316653866487564,5865124055734374272,0.53667676,2225.051807149889,1.240682302161633,6.0139296E-6,17.541332,0.020458087,0.25522795,0.0024548068,0.09700411,0.00587127,0.34214592,0.019642917,0.7483932,0.0043277997,0.087373,0.010141989,0.36428812,0.016844328,null,null,null,null,"TWOGAUSSIANS",8,18.174006,0.7483932,0.0043277997,0.4,0.0,0.3482028,0.015245863,0.25522795,0.0024548068,0.4,0.0,0.3260594,0.013090069
375316653866487564,5865124193278614784,0.4153051,2210.997316019378,4.752359052823186,2.6531976E-5,19.185972,0.0050850846,0.23466286,0.00720099,0.036477093,0.013344128,0.065487616,0.021646796,0.47638416,0.013181957,0.017453656,0.033167377,0.43661052,1.7675574,0.002437598,0.009029189,0.23466286,0.00720099,"TWOGAUSSIANS_WITH_ELLIPSOIDAL_ON_ECLIPSE1",9,3.0533187,0.47638416,0.013181957,0.097740464,0.18573733,0.43662366,1.7675155,0.23466286,0.00720099,0.20427172,0.07472712,0.07036279,0.02441955
375316653866487564,5865124193278615040,0.6816736,2226.2917881805224,0.4405099039393035,2.2071915E-6,16.398937,9.5362763E-4,0.2944402,0.0017550217,0.01773068,0.0012472488,0.49943224,0.016664628,0.7939181,4.115185E-4,0.017628277,3.6161533E-4,0.579382,0.009561044,null,null,null,null,"TWOGAUSSIANS",8,4.615843,0.7939181,4.115185E-4,0.098718345,0.002025046,0.579382,0.009561044,0.2944402,0.0017550217,0.0992918,0.006984594,0.49943224,0.016664628
375316653866487564,5865124330613047680,0.45998505,2189.198800725824,2.69285890071082,2.7651844E-5,18.324158,0.69595313,0.28385141,0.012583018,0.14720346,0.07295433,0.36727542,0.5590766,0.7734133,0.0117420945,0.16959295,0.12213709,0.37141776,0.67638284,null,null,null,null,"TWOGAUSSIANS",8,8.45109,0.2857314,0.010748324,0.4,0.0,0.17601955,0.022791669,0.7734133,0.0117420945,0.4,0.0,0.17272632,0.0205088
375316653866487564,5865124708570870656,0.55711704,2223.7276403359456,1.9447299032538197,1.3472058E-5,18.579975,0.0054139043,0.28227648,0.0027750551,0.06017537,0.00295994,0.45428792,0.016246589,0.791313,0.029287463,0.06506546,0.03496941,0.17083625,0.022752585,null,null,null,null,"TWOGAUSSIANS",8,3.8075933,0.28227648,0.0027750551,0.33698207,0.016575664,0.45414788,0.016261218,0.791313,0.029287463,0.3643666,0.1958287,0.17069621,0.022795409
375316653866487564,5865124846113766912,0.49132773,2192.554493076055,1.0383325695652097,1.8351791E-5,17.11782,0.0058956924,0.2897659,0.0052030804,0.038007494,0.011728102,0.039931536,0.013511625,0.78362745,0.015430066,0.04176414,0.019424183,0.077725954,0.012026985,0.043423448,0.0073902565,0.2897659,0.0052030804,"TWOGAUSSIANS_WITH_ELLIPSOIDAL_ON_ECLIPSE1",9,11.31448,0.7844475,0.012725108,0.2338792,0.10877543,0.16446075,0.009034195,0.2897659,0.0052030804,0.21284197,0.065677375,0.12677824,0.005269515
375316653866487564,5865124880371459072,0.4807637,2246.493579131662,0.42643399283042527,1.4417198E-5,18.42999,0.003817195,0.3093421,0.0035433113,0.03617971,0.0029861052,0.22248182,0.010054477,0.78832906,0.03184269,0.060377426,0.02791596,0.036142413,0.04478498,null,null,null,null,"TWOGAUSSIANS",8,3.1899748,0.3093421,0.0035433113,0.20260637,0.01672219,0.22248174,0.010054414,0.78832906,0.03184269,0.3381136,0.15632938,0.036142346,0.044785075
375316653866487564,5865124914731665920,0.5502009,2250.932468207242,2.478669305060168,9.02316E-6,19.306011,0.017202005,0.24908538,0.0037920068,0.07805479,0.005335223,0.51394606,0.03436921,0.7477719,0.003165486,0.078291126,0.005863356,0.59462535,0.034172855,null,null,null,null,"TWOGAUSSIANS",8,3.689847,0.7477719,0.003165486,0.4,0.0,0.58815366,0.035157,0.24908538,0.0037920068,0.4,0.0,0.5074743,0.034532852
375316653866487564,5865124914833429760,0.6250643,2256.9104526518076,0.48293603262144913,2.2778818E-6,16.513151,0.006511279,0.27037045,0.003607106,0.032729402,0.023959642,0.2906354,0.22021209,0.7703346,4.875252E-4,0.03279832,0.0016289717,0.31258294,0.011199663,0.018072627,0.007395161,0.27037045,0.003607106,"TWOGAUSSIANS_WITH_ELLIPSOIDAL_ON_ECLIPSE1",9,4.4322596,0.7703346,4.884382E-4,0.1836706,0.009122241,0.34872818,0.007839285,0.27037045,0.003607106,0.18328466,0.13417399,0.32678065,0.23230042
375316653866487564,5865125155249745280,0.58471096,2239.0816136628187,2.5058539229427175,3.82542E-6,18.592146,0.0057501374,0.26419336,0.0014297919,0.042151477,0.004085566,0.19398536,0.015142643,0.76961225,0.0065537356,0.043025732,0.008293,0.1863742,0.038711756,0.14143786,0.008159206,0.26419336,0.0014297919,"TWOGAUSSIANS_WITH_ELLIPSOIDAL_ON_ECLIPSE1",9,2.286964,0.26419336,0.0014297919,0.23604828,0.022879168,0.4768607,0.010810063,0.76961225,0.006415794,0.24094409,0.0464408,0.46892175,0.04212253
375316653866487564,5865125189609826432,0.46539834,2224.080432845822,2.553058611168186,1.5336473E-5,18.522448,0.06558265,0.26016518,0.0054139215,0.086914115,0.018575914,0.41934168,0.04993314,0.7579681,0.004331344,0.101077706,0.018359939,0.4483934,0.052962717,null,null,null,null,"TWOGAUSSIANS",8,14.794198,0.7579681,0.004331344,0.4,0.0,0.4239403,0.037897773,0.26016518,0.0054139215,0.4,0.0019287337,0.39489293,0.03599919
375316653866487564,5865125219664856448,0.50336313,2250.763554010851,1.1768372378010636,2.4854551E-5,17.922886,0.0041880505,0.29011413,0.005905797,0.0452616,0.0049671596,0.37517178,0.04226934,0.78453094,0.010254207,0.041503333,0.018725812,0.07687896,0.023974419,null,null,null,null,"TWOGAUSSIANS",8,10.174065,0.29011413,0.005905797,0.25346497,0.027816094,0.37517175,0.042269345,0.78453094,0.010254207,0.23241867,0.104864545,0.07687894,0.023975354
375316653866487564,5865125223969208960,0.53319263,2269.4733360617593,3.1782191521778285,1.5014634E-5,19.81922,0.021407435,0.25048333,0.003628095,0.07710063,0.0053517725,0.4900139,0.037223633,0.73036695,0.0099877035,0.08105407,0.016021036,0.5779542,0.028236015,null,null,null,null,"TWOGAUSSIANS",8,2.5456257,0.73036695,0.0099877035,0.4,0.0,0.5731752,0.027715527,0.25048333,0.003628095,0.4,0.0,0.48523495,0.035356063
375316653866487564,5865125254012992000,0.5934527,2236.4890828565613,0.6362936899255504,1.5332604E-6,14.601608,0.0014892862,0.30140436,0.010507257,0.023070924,0.003960786,0.2799528,0.082873985,0.6600716,0.053248357,0.06977528,0.064805664,0.0051530567,0.0019291227,9.5268106E-4,0.0011558855,0.30140436,0.010507257,"TWOGAUSSIANS_WITH_ELLIPSOIDAL_ON_ECLIPSE1",9,14.488642,0.30140436,0.010507257,0.12919718,0.0221804,0.28185815,0.082887486,0.6715116,0.046369515,0.39074156,0.33910608,0.005978393,0.0020532713
375316653866487564,5865125292689262208,0.47944936,2251.457675754774,0.39483332108860986,8.7942564E-5,19.253729,0.007016076,0.23079899,0.014222581,0.015857672,0.013382401,0.16795304,0.07640706,0.6045003,0.006616702,0.021643387,0.013397811,1.7047228,286095.16,null,null,null,null,"TWOGAUSSIANS",8,3.8420799,0.6045003,0.006616702,0.12120297,0.07502774,1.7047228,286095.16,0.23079899,0.014222581,0.08880297,0.07494145,0.16795304,0.07640706
375316653866487564,5865125292691276032,0.5763634,2240.439905946501,1.3433003388932763,9.1979455E-6,18.968403,0.004744017,0.21144539,0.003066318,0.06779965,0.0034609318,0.38266638,0.023130348,0.70830977,0.0027910783,0.07587991,0.0024566473,0.59236777,0.0234362,null,null,null,null,"TWOGAUSSIANS",8,2.4842772,0.70830977,0.0027910783,0.4,0.0,0.59027773,0.023520168,0.21144539,0.003066318,0.37967807,0.019381218,0.38057634,0.02365102
375316653866487564,5865125292790588160,0.61208194,2255.018753936636,0.5092428435332322,4.31558E-6,14.9617815,6.5038784E-4,0.25590876,6.6189055E-4,0.024129253,0.0013022412,0.10268416,0.004599023,0.75807065,0.009839734,0.02319614,0.0059217443,0.106410585,0.03681763,0.020615688,0.0010454385,0.25590876,6.6189055E-4,"TWOGAUSSIANS_WITH_ELLIPSOIDAL_ON_ECLIPSE1",9,4.4406238,0.75807065,0.009839734,0.12989838,0.03316177,0.14763434,0.036148358,0.25590876,6.6189055E-4,0.13512382,0.0072925505,0.14391552,0.0046089645
375316653866487564,5865125430229580544,0.46954387,2245.0327693927484,1.615274493089231,3.0403111E-5,18.816568,0.0073160264,0.21785365,0.007134291,0.06077885,0.011358815,0.25826725,0.03006975,0.76312697,3.133073E-5,0.005161518,6.02826E-4,0.1667213,0.0033157843,0.042351846,0.009919626,0.21785365,0.007134291,"TWOGAUSSIANS_WITH_ELLIPSOIDAL_ON_ECLIPSE1",9,10.432947,0.21785365,0.007134291,0.34036157,0.06360936,0.3429172,0.025759773,0.76312697,3.133073E-5,0.028904501,0.0033758257,0.24470009,0.01926806
375316653866487564,5865125498949096064,0.49642524,2228.994213167948,0.05057876320503146,4.561611E-5,14.704681,0.0025533303,0.3954206,0.0069699874,0.020094376,0.0045110243,0.089085914,0.05378846,0.62797785,0.0024668602,0.0063942545,0.0026741135,0.7303492,0.27324662,0.0050629904,0.0045349775,0.3954206,0.0069699874,"TWOGAUSSIANS_WITH_ELLIPSOIDAL_ON_ECLIPSE1",9,119.32168,0.62797785,0.0024668602,0.035807826,0.014975036,0.7304703,0.2732419,0.3954206,0.0069699874,0.1125285,0.025261736,0.099211864,0.054340854
375316653866487564,5865125567562969728,0.43387634,2260.102940067512,1.0272991417166455,3.0227453E-5,17.90817,0.019427244,0.047996037,7.1570976E-4,0.0074387607,0.0016903664,0.077636965,0.019199103,0.62112796,0.0105317645,0.091415636,0.034866802,0.4255642,0.15126194,null,null,null,null,"TWOGAUSSIANS",8,32.121246,0.62112796,0.0105317645,0.4,0.0,0.42556393,0.15135194,0.047996037,7.109029E-4,0.04165706,0.009466052,0.077644534,0.019519407
375316653866487564,5865125735041239040,0.56076306,2205.1333804708947,0.4616522822231146,2.6289708E-6,17.367443,0.0011324349,0.60526836,5.9901085E-4,0.020360254,9.928475E-4,0.87004775,0.18743989,0.9177761,0.9044304,0.08322012,0.105531536,0.003010847,0.00836419,null,null,null,null,"TWOGAUSSIANS",8,1.1616735,0.60526836,5.9901085E-4,0.11401742,0.0055599464,0.8700504,0.1874376,0.9177761,0.9044304,0.4,0.47579402,0.003010847,0.00836419
375316653866487564,5865125773726124416,0.41934985,2243.603130490955,0.7047861806861503,4.5828634E-5,16.17679,0.0141648585,0.24886338,0.014904931,0.057831403,0.029445954,0.026651762,0.01411299,0.77135044,0.026754702,0.08946345,0.047056004,0.0783192,0.01533642,null,null,null,null,"TWOGAUSSIANS",8,22.335142,0.77135044,0.026754702,0.4,0.0,0.07813431,0.013378652,0.24886338,0.014929336,0.32385585,0.107700855,0.026466932,0.008245044
375316653866487564,5865125911165548288,0.4355482,2182.6236256008688,2.6198959282526544,2.6207748E-5,19.0464,0.05967326,0.25699025,0.0109121,0.08179165,0.015387178,0.33911294,0.07022666,0.7698142,0.010296209,0.089139566,0.030710861,0.28593388,0.049691465,null,null,null,null,"TWOGAUSSIANS",8,16.680944,0.25699025,0.010914452,0.4,0.0,0.33223698,0.05577325,0.7698142,0.010296209,0.4,0.0,0.27905783,0.042076014
375316653866487564,5865126083087041152,0.4194885,2273.8119145904184,0.9910088666938451,3.1309417E-5,19.679077,0.014866956,0.16610888,0.01629832,0.049748514,0.010265869,0.12788439,0.020030132,0.7480367,0.011247234,0.053284395,0.008435729,0.2455569,0.025971515,null,null,null,null,"TWOGAUSSIANS",8,4.796317,0.7480367,0.011247234,0.2983926,0.047240082,0.24555686,0.025971439,0.16610888,0.01629832,0.2785917,0.057488866,0.12788436,0.020030096
375316653866487564,5865126151784119296,0.6065044,2238.747812752354,3.071554948662166,5.043246E-6,16.015991,0.0065223537,0.26982713,0.0034789226,0.05402313,0.0039831307,0.1516199,0.01638826,0.7607337,0.0012901395,0.051234957,0.0049186004,0.18461184,0.014687516,0.09156401,0.008763102,0.7607337,0.0012901395,"TWOGAUSSIANS_WITH_ELLIPSOIDAL_ON_ECLIPSE2",9,19.843517,0.7607337,0.0012901395,0.28691575,0.027544161,0.36773652,0.010491617,0.26784712,0.0025594272,0.30252954,0.022305531,0.33427718,0.006255879
375316653866487564,5865126254761846656,0.5545046,2235.7908215944412,2.461252474172352,7.612709E-6,19.541916,0.015141971,0.30053234,0.0042055403,0.07627258,0.0044036573,0.48838487,0.027992582,0.80085707,0.0065680877,0.069667876,0.009557946,0.48270527,0.034040675,null,null,null,null,"TWOGAUSSIANS",8,1.757519,0.30053234,0.0042055403,0.4,0.0,0.48566324,0.027283344,0.80085707,0.0065680877,0.39014012,0.039068867,0.47998363,0.034705352
375316653866487564,5865126426662046080,0.60160434,2212.801377321125,0.05156869917534052,2.5595042E-5,17.175463,0.0030960503,0.30013856,0.15497103,0.14289966,0.13201772,0.0099459505,0.12236574,0.72922647,0.0017127318,0.015784739,9.187216E-4,0.3570586,0.017421741,null,null,null,null,"TWOGAUSSIANS",8,2.1923761,0.72922647,0.0017127318,0.08839454,0.005144841,0.35712603,0.01744603,0.30013856,0.15497103,0.4,0.30791336,0.009900368,0.12241431
