Gaia/vari_eclipsing_binary/VariEclipsingBinary_113460-114328.csv
# %ECSV 1.0
# ---
# delimiter: ','
# meta: !!omap
# - RELEASE: Gaia DR3
# - TABLE: vari_eclipsing_binary
# - DESCRIPTION: >
#     This table describes the properties of the eclipsing binaries resulting from the variability analysis. 
# - CITATION: >
#     How to cite and acknowledge Gaia: 
#     https://gea.esac.esa.int/archive/documentation/credits.html 
# - KNOWN_ISSUES: >
#     Known issues: 
#     https://www.cosmos.esa.int/web/gaia-users/known-issues 
# - DOCUMENTATION: >
#     Tutorials and documentation: 
#     https://www.cosmos.esa.int/web/gaia-users/archive 
# datatype:
# - 
#   name: solution_id
#   datatype: int64
#   description: Solution Identifier
#   meta:
#     ucd: meta.version
# - 
#   name: source_id
#   datatype: int64
#   description: Unique source identifier
#   meta:
#     ucd: meta.id;meta.main
# - 
#   name: global_ranking
#   datatype: float32
#   description: Number between 0 (worst) and 1 (best)
#   meta:
#     ucd: stat.param
# - 
#   name: reference_time
#   datatype: float64
#   unit: d
#   description: Reference time used for the geometric model fit
#   meta:
#     ucd: time.epoch
# - 
#   name: frequency
#   datatype: float64
#   unit: d**-1
#   description: Frequency of geometric model of the eclipsing binary light curve
#   meta:
#     ucd: src.orbital
# - 
#   name: frequency_error
#   datatype: float32
#   unit: d**-1
#   description: "Uncertainty of \\texttt{frequency}"
#   meta:
#     ucd: stat.error
# - 
#   name: geom_model_reference_level
#   datatype: float32
#   unit: mag
#   description: Magnitude reference level of geometric model
#   meta:
#     ucd: phot.mag;em.opt
# - 
#   name: geom_model_reference_level_error
#   datatype: float32
#   unit: mag
#   description: "Uncertainty of \\texttt{geomModelReferenceLevel}"
#   meta:
#     ucd: stat.error;phot.mag;em.opt
# - 
#   name: geom_model_gaussian1_phase
#   datatype: float32
#   description: Phase of the Gaussian 1 component
#   meta:
#     ucd: time.phase
# - 
#   name: geom_model_gaussian1_phase_error
#   datatype: float32
#   description: "Uncertainty of \\texttt{geomModelGaussian1Phase}"
#   meta:
#     ucd: stat.error;time.phase
# - 
#   name: geom_model_gaussian1_sigma
#   datatype: float32
#   description: "Standard deviation [phase] of Gaussian 1 component"
#   meta:
#     ucd: stat.stdev
# - 
#   name: geom_model_gaussian1_sigma_error
#   datatype: float32
#   description: "Uncertainty of \\texttt{geomModelGaussian1Sigma}"
#   meta:
#     ucd: stat.error
# - 
#   name: geom_model_gaussian1_depth
#   datatype: float32
#   unit: mag
#   description: Magnitude depth of Gaussian 1 component
#   meta:
#     ucd: src.var.amplitude
# - 
#   name: geom_model_gaussian1_depth_error
#   datatype: float32
#   unit: mag
#   description: "Uncertainty of \\texttt{geomModelGaussian1Depth}"
#   meta:
#     ucd: stat.error;src.var.amplitude
# - 
#   name: geom_model_gaussian2_phase
#   datatype: float32
#   description: Phase of Gaussian 2 component
#   meta:
#     ucd: time.phase
# - 
#   name: geom_model_gaussian2_phase_error
#   datatype: float32
#   description: "Uncertainty of \\texttt{geomModelGaussian2Phase}"
#   meta:
#     ucd: stat.error;time.phase
# - 
#   name: geom_model_gaussian2_sigma
#   datatype: float32
[...]
#   datatype: float32
#   description: "Secondary eclipse: uncertainty of \\texttt{derivedSecondaryEclDuration}"
#   meta:
#     ucd: stat.error;time.duration
# - 
#   name: derived_secondary_ecl_depth
#   datatype: float32
#   unit: mag
#   description: "Secondary eclipse: depth"
#   meta:
#     ucd: src.var.amplitude
# - 
#   name: derived_secondary_ecl_depth_error
#   datatype: float32
#   unit: mag
#   description: "Secondary eclipse: uncertainty of \\texttt{derivedSecondaryEclDepth}"
#   meta:
#     ucd: stat.error;src.var.amplitude
solution_id,source_id,global_ranking,reference_time,frequency,frequency_error,geom_model_reference_level,geom_model_reference_level_error,geom_model_gaussian1_phase,geom_model_gaussian1_phase_error,geom_model_gaussian1_sigma,geom_model_gaussian1_sigma_error,geom_model_gaussian1_depth,geom_model_gaussian1_depth_error,geom_model_gaussian2_phase,geom_model_gaussian2_phase_error,geom_model_gaussian2_sigma,geom_model_gaussian2_sigma_error,geom_model_gaussian2_depth,geom_model_gaussian2_depth_error,geom_model_cosine_half_period_amplitude,geom_model_cosine_half_period_amplitude_error,geom_model_cosine_half_period_phase,geom_model_cosine_half_period_phase_error,model_type,num_model_parameters,reduced_chi2,derived_primary_ecl_phase,derived_primary_ecl_phase_error,derived_primary_ecl_duration,derived_primary_ecl_duration_error,derived_primary_ecl_depth,derived_primary_ecl_depth_error,derived_secondary_ecl_phase,derived_secondary_ecl_phase_error,derived_secondary_ecl_duration,derived_secondary_ecl_duration_error,derived_secondary_ecl_depth,derived_secondary_ecl_depth_error
[from data line 287]
375316653866487564,1000960102773230848,0.4700817,2126.239325925487,3.7828493021265253,4.3734064E-5,18.55661,0.030828508,0.27960905,0.026705213,0.04079826,0.11814152,0.37065372,0.28588918,0.5961195,0.013183917,0.046065018,0.021002455,0.08438914,0.021737047,null,null,null,null,"TWOGAUSSIANS",8,7.012007,0.27960905,0.026705213,0.22847027,0.18631388,0.37065372,0.28744063,0.5961195,0.013183917,0.2579641,0.11761374,0.08438914,0.021789957
375316653866487564,1000975663438659072,0.5416235,2192.6248164595595,2.4295158513760042,2.8586785E-5,17.577883,0.0053922264,0.41441762,0.009842973,0.034824673,0.010372232,0.6011231,0.14254582,null,null,null,null,null,null,null,null,null,null,"ONEGAUSSIAN",5,22.439632,0.41441762,0.009842973,0.19501816,0.0580845,0.6011231,0.0,null,null,null,null,null,null
375316653866487564,1000977999900784256,0.43146542,2272.2668265347843,1.4766873478527962,2.5273215E-5,18.487083,0.009007953,0.30929658,0.005515165,0.039687317,0.0055678966,0.1408004,0.015400891,0.90056944,0.0044562877,0.020412961,0.0052502044,0.09307189,0.014069784,null,null,null,null,"TWOGAUSSIANS",8,11.033915,0.30929658,0.005515165,0.22224897,0.031180222,0.1408004,0.015400891,0.90056944,0.0044562877,0.11431258,0.029401144,0.09307189,0.014069784
375316653866487564,1001016865060473856,0.60862714,2145.005088608499,0.29650911288834314,2.0719065E-4,15.278996,0.04690739,0.4717559,0.06523441,0.32170013,0.44319415,0.029087309,0.0380098,0.85614437,0.0025867063,0.0155861145,0.0011608195,1.5139551,0.5393986,null,null,null,null,"TWOGAUSSIANS",8,15.026526,0.85614437,0.0025867063,0.08728224,0.0065005897,1.5154788,0.5392925,0.4717559,0.06523441,0.4,0.0,0.012165074,0.007998487
375316653866487564,1001028787889571968,0.6716472,2136.8242643860754,2.4516466022523433,2.3639195E-6,15.590083,0.0026813885,0.2608547,0.0018088631,0.090189315,0.0019137957,0.40428114,0.006391261,0.7611429,7.883195E-4,0.08823882,8.6388603E-4,0.44471967,0.004163946,null,null,null,null,"TWOGAUSSIANS",8,9.84269,0.7611429,7.883195E-4,0.4,0.0,0.4280888,0.0037181384,0.2608547,0.0018088631,0.4,0.0,0.3876502,0.0064508454
375316653866487564,1001031536668696576,0.5870678,2157.7395351795685,3.60788517105902,7.105135E-6,16.508904,0.004229183,0.20935975,0.002447155,0.039437678,0.004525732,0.109619185,0.0152840335,0.70559233,0.00259241,0.04521421,0.0060607,0.0656336,0.013957593,0.09650488,0.00546805,0.70559233,0.00259241,"TWOGAUSSIANS_WITH_ELLIPSOIDAL_ON_ECLIPSE2",9,13.178819,0.20868975,0.0018867921,0.220851,0.025344098,0.30253989,0.013858806,0.70559233,0.00259241,0.25319958,0.03393992,0.2586432,0.008518055
375316653866487564,1001036720692539776,0.6684083,2185.2851995019114,2.328773243288154,2.3439395E-6,13.392203,0.0050732116,0.29969817,9.103703E-4,0.09577624,0.0023264368,0.25747776,0.004782191,0.79998827,0.0013404344,0.103901595,0.003122372,0.23611419,0.0041079377,null,null,null,null,"TWOGAUSSIANS",8,18.806566,0.29969817,9.103703E-4,0.4,0.0,0.2361805,0.0024793914,0.79998827,0.0013404344,0.4,0.0,0.21481313,0.0030183708
375316653866487564,1001071664547426176,0.46962014,2185.7157492898,3.691855376700489,1.725582E-5,18.896122,0.021990785,0.22059819,0.012183543,0.07031774,0.016871778,0.21153358,0.034017056,0.732864,0.006578931,0.076340795,0.011810211,0.17869028,0.021362303,null,null,null,null,"TWOGAUSSIANS",8,5.9365764,0.22059819,0.012183543,0.39377934,0.046964716,0.21066587,0.03443199,0.732864,0.006578931,0.4,0.0,0.17782259,0.019303858
375316653866487564,1001091490115520256,0.64887786,2208.000258511767,2.6966169650105107,2.4124365E-6,16.311846,0.010441855,0.25627896,7.472968E-4,0.056483075,0.0028792443,0.38044444,0.020587698,0.759281,0.0012958556,0.052201673,0.002895829,0.36207476,0.035155367,0.10488861,0.012219976,0.25627896,7.472968E-4,"TWOGAUSSIANS_WITH_ELLIPSOIDAL_ON_ECLIPSE1",9,12.938686,0.25627896,7.472968E-4,0.31630522,0.016123768,0.59019744,0.009586123,0.759281,0.0012958556,0.29232937,0.016216643,0.5717532,0.032185096
375316653866487564,1001113965680926720,0.55862504,2206.734004388098,1.5978865002256435,1.8149405E-5,16.3194,0.0031841323,0.2814156,0.0019679964,0.0396623,0.0040984144,0.16729793,0.009074603,0.77675736,0.008797841,0.041282717,0.01249179,0.019816417,0.019056058,0.018209098,0.0045716306,0.77675736,0.008797841,"TWOGAUSSIANS_WITH_ELLIPSOIDAL_ON_ECLIPSE2",9,7.4755616,0.2812956,0.0018506394,0.2221089,0.022951122,0.20368569,0.007632386,0.77675736,0.008797841,0.23118322,0.06995402,0.05623454,0.017173937
375316653866487564,1001124715984082432,0.59466714,2204.108246565925,2.9112696203115678,6.1014966E-6,18.46166,0.0062353974,0.2583659,0.0018617569,0.07721122,0.0028685525,0.47752783,0.019324198,0.76186466,0.0017959211,0.08253855,0.0028992172,0.43013826,0.015629543,null,null,null,null,"TWOGAUSSIANS",8,2.3052056,0.2583659,0.0018617569,0.4,0.0,0.47123134,0.01992161,0.76186466,0.0017959211,0.4,0.0,0.42384177,0.016132005
375316653866487564,1001132618723754752,0.59999585,2193.7599291859415,2.4930212006785593,8.399279E-6,12.202858,0.008236583,0.26199353,0.0041767354,0.10033293,0.006955675,0.25386128,0.011611164,0.7522895,0.0019863045,0.09181751,0.0035245388,0.28472936,0.008889344,null,null,null,null,"TWOGAUSSIANS",8,132.72057,0.7522895,0.0019863045,0.4,0.0,0.26885715,0.006301364,0.26199353,0.0041767354,0.4,0.0,0.23798703,0.011602917
375316653866487564,1001141453471719808,0.55045855,2155.1923433998736,0.13951060655740175,6.309309E-5,13.52577,5.80801E-4,0.17031834,0.0057267984,0.007632717,0.005045701,0.29041368,0.5510975,0.6717597,0.008868611,0.012966322,0.004573935,0.19061974,0.06630325,null,null,null,null,"TWOGAUSSIANS",8,63.374138,0.17031834,0.0057267984,0.042743213,0.028255926,0.29041368,0.5510975,0.6717597,0.008868611,0.0726114,0.025614036,0.19061974,0.06630325
375316653866487564,1001153204501338624,0.49751896,2195.122325930181,3.738301289921565,1.25717615E-5,19.91624,0.01218322,0.3047797,0.0062588435,0.06359228,0.005365598,0.40587947,0.04559668,0.8106229,0.005810643,0.06404355,0.0075701484,0.2981191,0.024843834,null,null,null,null,"TWOGAUSSIANS",8,2.3945346,0.3047797,0.0062588435,0.35611674,0.03004735,0.4056096,0.045597635,0.8106229,0.005810643,0.3586439,0.04239283,0.29784924,0.024847813
375316653866487564,1001159625477405568,0.54763377,2177.238416492235,2.1803467238015757,1.3528686E-5,17.571165,0.002182461,0.22554067,0.0030820132,0.055031303,0.0023717734,0.18268046,0.0070652314,0.7366309,0.007880025,0.067771554,0.011255345,0.06366012,0.006119508,null,null,null,null,"TWOGAUSSIANS",8,2.8966403,0.22554067,0.0030820132,0.3081753,0.013281931,0.18264568,0.007060706,0.7366309,0.007880025,0.37952068,0.042836033,0.06362534,0.006147168
375316653866487564,1001197666003491328,0.5144683,2187.8048049808694,0.5965055860731151,4.2751144E-5,16.467821,0.0010943396,0.17204005,0.012585873,0.015465111,0.0033056284,0.16535117,0.12994584,0.67375153,0.0025759498,0.017314874,0.001994727,0.06522856,0.017514436,0.0037759289,0.0017496556,0.17204005,0.012585873,"TWOGAUSSIANS_WITH_ELLIPSOIDAL_ON_ECLIPSE1",9,4.988752,0.17204005,0.012585873,0.08660462,0.018511519,0.17290302,0.13017683,0.67375153,0.0025744569,0.096963294,0.011170471,0.072779536,0.017607775
375316653866487564,1001207699048135808,0.51744634,2152.6316044918867,1.0265645104958683,4.191085E-6,18.502342,0.005389896,0.36977217,0.006058635,0.011168088,0.014980365,0.63326764,2.7323987,0.8700373,0.0019672979,0.019528829,0.0022240914,0.5338103,0.05950212,null,null,null,null,"TWOGAUSSIANS",8,8.827101,0.36977217,0.006058635,0.06254129,0.08389004,0.63326764,2.7323987,0.8700373,0.0019672979,0.10936143,0.012454912,0.5338103,0.05950212
375316653866487564,1001213918160739072,0.5874858,2153.173985068854,3.0049156736778175,5.218603E-6,13.284112,0.007837388,0.24251679,0.002158677,0.09287929,0.0052295765,0.22269347,0.0070463815,0.7390895,0.0022690091,0.097820036,0.0048236237,0.26628757,0.009397494,null,null,null,null,"TWOGAUSSIANS",8,140.31067,0.7390895,0.0022690091,0.4,0.0,0.25132692,0.009410357,0.24251679,0.002158677,0.4,0.0,0.20773375,0.006945117
375316653866487564,1001240336502690432,0.5945646,2186.7801287271154,2.998925381831806,3.325256E-6,19.27033,0.007023785,0.17251432,0.0017146077,0.06524762,0.0024796452,0.5453711,0.013153272,0.6709801,0.001099723,0.0678688,0.0020336546,0.62062025,0.014663265,null,null,null,null,"TWOGAUSSIANS",8,1.7818081,0.6709801,0.001099723,0.3800653,0.011388466,0.6196566,0.014796981,0.17251432,0.0017146077,0.36538666,0.013886013,0.5444075,0.013229245
375316653866487564,1001245215585441792,0.5231429,2171.230489337096,3.668158149422604,1.1580327E-5,17.51464,0.024698649,0.24532464,0.0036820015,0.04860896,0.015700508,0.2551994,0.04189727,0.7307288,0.013331266,0.045684017,0.02575566,0.12908024,0.059175983,0.096681416,0.031704947,0.24532464,0.0036820015,"TWOGAUSSIANS_WITH_ELLIPSOIDAL_ON_ECLIPSE1",9,30.753334,0.24532464,0.0036820015,0.27221015,0.08792284,0.4485613,0.034329228,0.73361886,0.0103765,0.2558305,0.14423169,0.32114002,0.04499768
375316653866487564,1001257310213642624,0.60933554,2204.418326009108,1.8713375970017074,5.259513E-6,18.30691,0.005601149,0.20529126,0.0018614613,0.023288354,0.0015111316,0.5375855,0.030642195,0.7017984,8.114283E-4,0.02374158,9.209802E-4,0.87024575,0.05191096,0.023496982,0.010377534,0.20529126,0.0018614613,"TWOGAUSSIANS_WITH_ELLIPSOIDAL_ON_ECLIPSE1",9,7.427434,0.7018084,8.114283E-4,0.13295285,0.005157489,0.9172171,0.05291811,0.20529126,0.0018614613,0.13041478,0.008462337,0.5845794,0.02487998
375316653866487564,1001302252752166016,0.6219715,2123.055121486227,1.2203033077165473,1.9681897E-6,10.233154,0.0016664556,0.2130954,0.0025842756,0.034571905,0.008151815,0.028133756,0.004074258,0.7076681,8.4977946E-4,0.049665503,0.0010410605,0.17603934,0.0034187704,0.039778274,0.0017122715,0.2130954,0.0025842756,"TWOGAUSSIANS_WITH_ELLIPSOIDAL_ON_ECLIPSE1",9,20.536629,0.7081081,6.854373E-4,0.2781268,0.0058299387,0.2555105,0.0021708969,0.2130954,0.0025842756,0.19360267,0.04565017,0.10768993,0.0029322023
375316653866487564,1001307715950605824,0.5899602,2140.1262783662382,0.6412909049766644,1.0104618E-5,17.012802,0.0016959917,0.25462607,0.0017832394,0.022589963,0.002016334,1.1408575,0.3012976,0.7531053,0.0021775148,0.0247605,0.0028566509,0.14111666,0.027052235,0.01788316,0.0026969227,0.25462607,0.0017832394,"TWOGAUSSIANS_WITH_ELLIPSOIDAL_ON_ECLIPSE1",9,7.158416,0.25462607,0.0017832394,0.1265038,0.011291471,1.1766238,0.30219233,0.75312525,0.0021597662,0.13865879,0.015997244,0.17687973,0.026435664
375316653866487564,1001310572104516096,0.60315174,2180.9998589741217,2.5345998115021926,4.254517E-6,12.564102,0.0056991717,0.25680757,0.0014580823,0.058070384,0.0049466854,0.09698918,0.012019083,0.7579734,0.0024135364,0.05566319,0.0039633526,0.111341305,0.01258675,0.04850139,0.0065062214,0.25680757,0.0014580823,"TWOGAUSSIANS_WITH_ELLIPSOIDAL_ON_ECLIPSE1",9,73.265205,0.7579734,0.0023586443,0.31171387,0.022194777,0.20832504,0.003982255,0.25680757,0.0014580823,0.32519415,0.027701437,0.19397812,0.003251875
375316653866487564,1001321910818093056,0.65160483,2120.2397884311395,1.129862687610447,4.4959347E-6,12.56231,0.0070021437,0.26385152,0.0026687838,0.047380652,0.008553101,0.06522184,0.015504141,0.76420414,0.0018667843,0.042617243,0.0023566063,0.46588668,0.015013403,0.0627043,0.008535268,0.26385152,0.0026687838,"TWOGAUSSIANS_WITH_ELLIPSOIDAL_ON_ECLIPSE1",9,84.16347,0.76420414,0.0018165609,0.23865657,0.0131969955,0.59129447,0.009407134,0.26385152,0.0026687838,0.26533166,0.04789736,0.19063023,0.0037644494
375316653866487564,1001340980472845568,0.61148876,2166.816809961593,2.439179115968945,4.3010527E-6,15.774961,0.00961675,0.25736403,0.0011896766,0.05207988,0.0037887099,0.34118867,0.03148349,0.75664204,0.0026234656,0.044021454,0.004409001,0.2686817,0.025470268,0.116760924,0.015271818,0.25736403,0.0011896766,"TWOGAUSSIANS_WITH_ELLIPSOIDAL_ON_ECLIPSE1",9,49.050713,0.25736403,0.0011896766,0.29164732,0.021216774,0.574707,0.026659027,0.7567221,0.0023612457,0.24652013,0.024690408,0.5021958,0.016997866
375316653866487564,1001345992697737600,0.5155074,2172.0206363294874,2.940702565515325,1.8587198E-5,16.79032,0.0108968755,0.27049795,0.0043201083,0.083299436,0.0076404857,0.28914297,0.020500293,0.77677214,0.003213705,0.07512922,0.0059831953,0.29433635,0.0119065475,null,null,null,null,"TWOGAUSSIANS",8,29.977259,0.77677214,0.003213705,0.4,0.0,0.29080656,0.01207684,0.27049795,0.0043201083,0.4,0.0,0.28561315,0.021092884
375316653866487564,1001397227364986112,0.54390997,2200.2482829462538,3.559304711023479,1.19969045E-5,16.418543,0.02048387,0.23361722,0.0031729972,0.07060309,0.012784749,0.16226467,0.039852902,0.74342895,0.0065945876,0.058727402,0.013067672,0.14517915,0.042325277,0.06662208,0.022539845,0.23361722,0.0031729972,"TWOGAUSSIANS_WITH_ELLIPSOIDAL_ON_ECLIPSE1",9,26.464846,0.23361722,0.0031729972,0.3953773,0.059285812,0.29520193,0.016110187,0.74342895,0.0065945876,0.32887346,0.07317896,0.27761066,0.017041627
375316653866487564,1001398322579535872,0.597471,2217.8469861594976,1.7620636975548003,2.8826922E-5,18.01721,0.0019967323,0.3339911,0.0016023541,0.023314454,0.0013393982,0.632593,0.013992583,0.63870513,0.15315022,0.12862222,0.16355601,0.007611092,0.15247719,null,null,null,null,"TWOGAUSSIANS",8,2.9143987,0.33400112,0.0016014987,0.13056095,0.0075006303,0.63304496,0.014033771,0.63870513,0.15315022,0.4,0.454866,0.007603129,0.15248787
375316653866487564,1001399976143882112,0.5906595,2200.9663193997794,3.4885040723271348,8.562972E-6,17.517511,0.008143851,0.26349545,0.0014047949,0.08572856,0.002251293,0.42826194,0.008120281,0.75775623,0.0035705396,0.082401134,0.004916596,0.47950456,0.015964,null,null,null,null,"TWOGAUSSIANS",8,9.912402,0.75775623,0.0035705396,0.4,0.0,0.4696927,0.016046425,0.26349545,0.0014047949,0.4,0.0,0.4184501,0.0060339035
375316653866487564,1001400865200105600,0.5792776,2202.3828985141104,2.3461146420023313,1.17665E-5,15.789556,0.011215715,0.24919607,0.0029717477,0.082350746,0.0048999498,0.2093368,0.011621442,0.73117346,0.0046796086,0.08207231,0.008519444,0.45247623,0.02115526,null,null,null,null,"TWOGAUSSIANS",8,105.54121,0.73117346,0.0046796086,0.4,0.0,0.44821113,0.022274472,0.24919607,0.0029717477,0.4,0.0,0.20507172,0.009557264
375316653866487564,1001425879090223232,0.49278274,2190.8032537250356,0.4591735566186746,3.3326458E-5,11.52654,0.0013858966,0.32406378,0.029828634,0.046506602,0.04627541,0.00476872,0.003882701,0.81512964,0.003445683,0.027945146,0.005659455,0.08100204,0.0062815673,0.0033129153,0.0021353571,0.32406378,0.029828634,"TWOGAUSSIANS_WITH_ELLIPSOIDAL_ON_ECLIPSE1",9,11.394392,0.81516963,0.003416966,0.15649281,0.03169295,0.087607116,0.006214423,0.32406378,0.029828634,0.26043698,0.2591423,0.011394548,0.0015344125
375316653866487564,1001429280704053248,0.5952522,2198.9128197109885,3.6324151752584806,6.997722E-6,18.065071,0.018177316,0.22680447,0.0036145507,0.05547114,0.0065429215,0.35293177,0.048731625,0.729312,0.0031791548,0.050727244,0.0055962736,0.28107557,0.0397298,0.08849231,0.02152568,0.22680447,0.0036145507,"TWOGAUSSIANS_WITH_ELLIPSOIDAL_ON_ECLIPSE1",9,7.1313086,0.22680447,0.0036145507,0.3106384,0.03664036,0.52990043,0.040066324,0.729312,0.0031791548,0.28407258,0.03133913,0.4580003,0.018226799
375316653866487564,1001448801332222848,0.6318532,2213.4444603681527,0.504151626126777,1.2230782E-6,13.641531,0.0010636391,0.21527575,0.0011116796,0.021126192,0.0014182784,0.46979183,0.04120276,0.71734846,0.0013414131,0.023297722,9.888895E-4,0.25853786,0.012976737,0.003352868,0.0020854992,0.21527575,0.0011116796,"TWOGAUSSIANS_WITH_ELLIPSOIDAL_ON_ECLIPSE1",9,40.731453,0.21527575,0.0011116796,0.118306674,0.007942359,0.47649753,0.043647744,0.71734846,0.0013414131,0.13046724,0.0055377814,0.26524246,0.013031233
