Gaia/vari_eclipsing_binary/VariEclipsingBinary_472983-473030.csv
# %ECSV 1.0
# ---
# delimiter: ','
# meta: !!omap
# - RELEASE: Gaia DR3
# - TABLE: vari_eclipsing_binary
# - DESCRIPTION: >
#     This table describes the properties of the eclipsing binaries resulting from the variability analysis. 
# - CITATION: >
#     How to cite and acknowledge Gaia: 
#     https://gea.esac.esa.int/archive/documentation/credits.html 
# - KNOWN_ISSUES: >
#     Known issues: 
#     https://www.cosmos.esa.int/web/gaia-users/known-issues 
# - DOCUMENTATION: >
#     Tutorials and documentation: 
#     https://www.cosmos.esa.int/web/gaia-users/archive 
# datatype:
# - 
#   name: solution_id
#   datatype: int64
#   description: Solution Identifier
#   meta:
#     ucd: meta.version
# - 
#   name: source_id
#   datatype: int64
#   description: Unique source identifier
#   meta:
#     ucd: meta.id;meta.main
# - 
#   name: global_ranking
#   datatype: float32
#   description: Number between 0 (worst) and 1 (best)
#   meta:
#     ucd: stat.param
# - 
#   name: reference_time
#   datatype: float64
#   unit: d
#   description: Reference time used for the geometric model fit
#   meta:
#     ucd: time.epoch
# - 
#   name: frequency
#   datatype: float64
#   unit: d**-1
#   description: Frequency of geometric model of the eclipsing binary light curve
#   meta:
#     ucd: src.orbital
# - 
#   name: frequency_error
#   datatype: float32
#   unit: d**-1
#   description: "Uncertainty of \\texttt{frequency}"
#   meta:
#     ucd: stat.error
# - 
#   name: geom_model_reference_level
#   datatype: float32
#   unit: mag
#   description: Magnitude reference level of geometric model
#   meta:
#     ucd: phot.mag;em.opt
# - 
#   name: geom_model_reference_level_error
#   datatype: float32
#   unit: mag
#   description: "Uncertainty of \\texttt{geomModelReferenceLevel}"
#   meta:
#     ucd: stat.error;phot.mag;em.opt
# - 
#   name: geom_model_gaussian1_phase
#   datatype: float32
#   description: Phase of the Gaussian 1 component
#   meta:
#     ucd: time.phase
# - 
#   name: geom_model_gaussian1_phase_error
#   datatype: float32
#   description: "Uncertainty of \\texttt{geomModelGaussian1Phase}"
#   meta:
#     ucd: stat.error;time.phase
# - 
#   name: geom_model_gaussian1_sigma
#   datatype: float32
#   description: "Standard deviation [phase] of Gaussian 1 component"
#   meta:
#     ucd: stat.stdev
# - 
#   name: geom_model_gaussian1_sigma_error
#   datatype: float32
#   description: "Uncertainty of \\texttt{geomModelGaussian1Sigma}"
#   meta:
#     ucd: stat.error
# - 
#   name: geom_model_gaussian1_depth
#   datatype: float32
#   unit: mag
#   description: Magnitude depth of Gaussian 1 component
#   meta:
#     ucd: src.var.amplitude
# - 
#   name: geom_model_gaussian1_depth_error
#   datatype: float32
#   unit: mag
#   description: "Uncertainty of \\texttt{geomModelGaussian1Depth}"
#   meta:
#     ucd: stat.error;src.var.amplitude
# - 
#   name: geom_model_gaussian2_phase
#   datatype: float32
#   description: Phase of Gaussian 2 component
#   meta:
#     ucd: time.phase
# - 
#   name: geom_model_gaussian2_phase_error
#   datatype: float32
#   description: "Uncertainty of \\texttt{geomModelGaussian2Phase}"
#   meta:
#     ucd: stat.error;time.phase
# - 
#   name: geom_model_gaussian2_sigma
#   datatype: float32
[...]
#   datatype: float32
#   description: "Secondary eclipse: uncertainty of \\texttt{derivedSecondaryEclDuration}"
#   meta:
#     ucd: stat.error;time.duration
# - 
#   name: derived_secondary_ecl_depth
#   datatype: float32
#   unit: mag
#   description: "Secondary eclipse: depth"
#   meta:
#     ucd: src.var.amplitude
# - 
#   name: derived_secondary_ecl_depth_error
#   datatype: float32
#   unit: mag
#   description: "Secondary eclipse: uncertainty of \\texttt{derivedSecondaryEclDepth}"
#   meta:
#     ucd: stat.error;src.var.amplitude
solution_id,source_id,global_ranking,reference_time,frequency,frequency_error,geom_model_reference_level,geom_model_reference_level_error,geom_model_gaussian1_phase,geom_model_gaussian1_phase_error,geom_model_gaussian1_sigma,geom_model_gaussian1_sigma_error,geom_model_gaussian1_depth,geom_model_gaussian1_depth_error,geom_model_gaussian2_phase,geom_model_gaussian2_phase_error,geom_model_gaussian2_sigma,geom_model_gaussian2_sigma_error,geom_model_gaussian2_depth,geom_model_gaussian2_depth_error,geom_model_cosine_half_period_amplitude,geom_model_cosine_half_period_amplitude_error,geom_model_cosine_half_period_phase,geom_model_cosine_half_period_phase_error,model_type,num_model_parameters,reduced_chi2,derived_primary_ecl_phase,derived_primary_ecl_phase_error,derived_primary_ecl_duration,derived_primary_ecl_duration_error,derived_primary_ecl_depth,derived_primary_ecl_depth_error,derived_secondary_ecl_phase,derived_secondary_ecl_phase_error,derived_secondary_ecl_duration,derived_secondary_ecl_duration_error,derived_secondary_ecl_depth,derived_secondary_ecl_depth_error
[from data line 339]
375316653866487564,4160791766057508864,0.47934395,2235.4289260592186,2.0796792113906455,3.7955255E-5,18.909498,0.038416553,0.2915922,0.014816235,0.083199315,0.017361153,0.4475788,0.0679311,0.81366134,0.04179329,0.088419154,0.038128007,0.32046086,0.071594976,null,null,null,null,"TWOGAUSSIANS",8,15.338583,0.2915922,0.014816235,0.4,0.0,0.44022566,0.06424572,0.81366134,0.04179329,0.4,0.10409636,0.3131076,0.071207695
375316653866487564,4160792655119528064,0.4942196,2226.966423413363,2.7220700349517117,1.2009253E-5,17.62147,0.011923828,0.24821323,0.0032389949,0.031401925,0.008746167,0.21632028,0.05318539,0.7389075,0.028442375,0.06048838,0.022289382,0.12802392,0.058928445,0.080745324,0.021803765,0.24821323,0.0032389949,"TWOGAUSSIANS_WITH_ELLIPSOIDAL_ON_ECLIPSE1",9,15.902482,0.24821323,0.0032389949,0.17585078,0.04897853,0.37779734,0.08392642,0.7413875,0.023685178,0.33873492,0.12482054,0.2890966,0.04687537
375316653866487564,4160793376674107776,0.528989,2277.733220025506,2.094103323456931,2.038491E-5,18.188915,0.022337,0.25979775,0.014695732,0.0842091,0.024110345,0.2624978,0.022013778,0.75806975,0.0072322357,0.08523761,0.011055247,0.3064993,0.020548308,null,null,null,null,"TWOGAUSSIANS",8,8.097051,0.75806975,0.0072322357,0.4,0.0,0.29941887,0.012856828,0.25979775,0.014695732,0.4,0.0,0.25541738,0.027552266
375316653866487564,4160793548477512192,0.5487305,2259.8871484149417,0.6443883994783821,1.8351593E-5,18.212063,0.003004417,0.30860808,0.0059311567,0.051016703,0.003230833,0.28658968,0.025152128,0.90020835,0.045964617,0.060024835,0.018749056,0.029119879,0.014936522,null,null,null,null,"TWOGAUSSIANS",8,1.5087895,0.30860808,0.0059311567,0.28569356,0.018092664,0.2865896,0.025152147,0.90020835,0.045964617,0.33613908,0.104994714,0.029119767,0.01493465
375316653866487564,4160796679538236160,0.6052969,2277.944302449826,1.8757882025439194,1.746865E-5,17.739822,0.004999047,0.31630835,0.0020386577,0.049183432,0.0029614435,0.42890126,0.023047324,0.78603953,0.023087561,0.043930616,0.009932833,0.044007987,0.017283183,0.10862938,0.010486096,0.31630835,0.0020386577,"TWOGAUSSIANS_WITH_ELLIPSOIDAL_ON_ECLIPSE1",9,6.299376,0.31630835,0.0020386577,0.27542722,0.016584083,0.64615846,0.019448757,0.79931957,0.018026898,0.24601145,0.055623867,0.25683358,0.005591076
375316653866487564,4160797538495806464,0.5191843,2202.8857265304505,2.846712070734286,1.1740904E-5,19.583685,0.032858033,0.24426433,0.007640419,0.07993528,0.013774224,0.31581172,0.028279986,0.72986525,0.018782334,0.065305136,0.019986141,0.30080512,0.038279194,null,null,null,null,"TWOGAUSSIANS",8,1.7980279,0.24426433,0.007640419,0.4,0.0,0.31465077,0.024990723,0.72986525,0.018782334,0.36570877,0.08072877,0.29964417,0.032813065
375316653866487564,4160797946513502336,0.55004096,2281.7351699487585,0.840044777734161,1.6487042E-5,17.805708,0.009339589,0.15670972,0.0019461927,0.03169995,0.0073973155,0.5722283,0.21872565,0.48794505,0.017649123,0.040384695,0.013620224,0.51008564,0.2184207,null,null,null,null,"TWOGAUSSIANS",8,8.593458,0.15670972,0.0019461927,0.17751972,0.041424967,0.5722283,0.21872565,0.48794505,0.017649123,0.2261543,0.076273255,0.51008564,0.2184207
375316653866487564,4160799015967339904,0.5539274,2175.544871958527,2.7294420689177104,8.319502E-6,19.283628,0.016503898,0.23490368,0.0023460279,0.060187098,0.0035626583,0.6516339,0.050180227,0.73278713,0.0013136364,0.06385319,0.0037013185,0.6480434,0.036501177,null,null,null,null,"TWOGAUSSIANS",8,6.115069,0.23490368,0.0023460279,0.33704776,0.019950887,0.6512747,0.050258093,0.73278713,0.0013136364,0.35757786,0.020727385,0.6476841,0.03657933
375316653866487564,4160799050327419776,0.45087197,2168.069993365679,0.38525534462246336,3.1697582E-5,19.72894,0.009952522,0.18526067,0.046690505,0.053818263,0.04136857,0.058786187,0.028567953,0.7997504,0.0073027657,0.011677344,0.00736617,0.15524244,0.23357245,0.04801879,0.01613155,0.7997504,0.0073027657,"TWOGAUSSIANS_WITH_ELLIPSOIDAL_ON_ECLIPSE2",9,3.0244296,0.7997504,0.0073027657,0.06539313,0.041250553,0.25127986,0.23383643,0.21562067,0.029885268,0.30138227,0.231664,0.12174924,0.042103894
375316653866487564,4160800218560336128,0.5598534,2191.1127054911217,2.448143508807672,8.954814E-6,18.930727,0.014577709,0.21114677,0.0037664266,0.07601749,0.006553658,0.47910196,0.041875776,0.713053,0.007983206,0.07277895,0.011240839,0.4450427,0.0714267,null,null,null,null,"TWOGAUSSIANS",8,2.9919035,0.21114677,0.0037664266,0.4,0.0,0.47597516,0.043055564,0.713053,0.007983206,0.4,0.0071555255,0.44191587,0.07411155
375316653866487564,4160800665234770688,0.5454313,2229.0048188998153,2.427961571160962,1.8987954E-5,18.610243,0.03976975,0.27799386,0.012107317,0.09382989,0.020253904,0.3887405,0.051574677,0.7844264,0.008538386,0.10645905,0.021138104,0.35912552,0.059659615,null,null,null,null,"TWOGAUSSIANS",8,4.0850353,0.27799386,0.012105712,0.4,0.0,0.3583551,0.06360984,0.7844264,0.008538386,0.4,0.0,0.3287286,0.06654271
375316653866487564,4160800837034661376,0.5527647,2210.6415346244935,2.6673111278837203,1.5390646E-5,18.754263,0.017806811,0.26613283,0.010787788,0.053665735,0.016825808,0.44004855,0.0650774,0.7658561,0.0066685956,0.06884126,0.008141401,0.5623636,0.04441421,null,null,null,null,"TWOGAUSSIANS",8,7.41333,0.7658561,0.0066685956,0.38551107,0.030138584,0.56212384,0.044511594,0.26613283,0.010787788,0.3005281,0.09422453,0.43980876,0.06550785
375316653866487564,4160801043183046528,0.65028644,2204.0819419410677,0.3150642895910294,6.8954585E-5,19.136364,0.005133355,0.1803531,0.006217753,0.01886511,0.0058404016,0.042835545,0.007685038,0.31932825,1.3552247E-5,0.012852051,8.003132E-5,1.0989866,0.0049628248,null,null,null,null,"TWOGAUSSIANS",8,1.7142808,0.31932825,1.3552247E-5,0.07197148,4.481754E-4,1.0989866,0.0049628248,0.1803531,0.006217753,0.10564461,0.03270625,0.042835545,0.007685038
375316653866487564,4160801073259593216,0.62694377,2215.0714929780834,1.5538833796335916,4.6157747E-6,17.55716,0.014670736,0.22915414,0.0050361785,0.03771816,0.010498601,0.31166172,0.03789841,0.72763795,9.063675E-4,0.044241194,0.0017738201,0.85999477,0.055077914,0.07226293,0.018373044,0.22915414,0.0050361785,"TWOGAUSSIANS_WITH_ELLIPSOIDAL_ON_ECLIPSE1",9,11.472858,0.72767794,8.579849E-4,0.24775068,0.0099333925,1.0045075,0.047786713,0.22915414,0.0050361785,0.21122168,0.058792166,0.4561873,0.024960203
375316653866487564,4160801455509513344,0.5435344,2144.368233540134,1.0045247953982153,1.3343265E-4,19.814154,0.0042996085,0.61437124,0.013612369,0.026875883,0.0079439515,0.33857146,0.7632332,0.49158514,0.038957465,0.055874337,0.020801447,0.049199913,0.012999971,null,null,null,null,"TWOGAUSSIANS",8,0.40681848,0.6140013,0.013873212,0.15050495,0.04448613,0.34300244,0.76210946,0.49169514,0.039339896,0.31289628,0.11648811,0.04920994,0.013013374
375316653866487564,4160801627342632064,0.5068475,2130.9619750140873,2.1272977187208983,4.29719E-5,19.72906,0.023072127,0.25718012,0.0070705297,0.08376899,0.010595624,0.26931083,0.027541682,0.7688022,0.012985805,0.08850904,0.021162508,0.288489,0.051318284,null,null,null,null,"TWOGAUSSIANS",8,1.8150998,0.7688022,0.012985805,0.4,0.0,0.2817068,0.05284203,0.25718012,0.0070705297,0.4,0.0,0.2625287,0.023167256
375316653866487564,4160801691730594048,0.5343571,2207.572572650366,1.935244048473278,1.7542692E-5,18.128489,0.16434753,0.3037215,0.006288941,0.14757872,0.058393374,0.22709507,0.16009934,0.8092431,0.0040805833,0.11369623,0.026905652,0.33126184,0.14275815,null,null,null,null,"TWOGAUSSIANS",8,3.6050334,0.80940306,0.0042887405,0.4,0.0,0.25249505,0.017433595,0.3036915,0.00626885,0.4,0.0,0.14689894,0.014107371
375316653866487564,4160801799117662592,0.47261852,2225.07316604891,4.764519607159696,5.097729E-5,18.44801,0.037147935,0.022470597,0.023619298,0.019290622,0.027209083,0.122231044,0.12719701,0.49082968,0.013251357,0.21853116,0.041755263,0.18172203,0.032304816,null,null,null,null,"TWOGAUSSIANS",8,5.346521,0.49082968,0.013251357,0.4,0.0,0.15347983,0.014787153,0.022700598,0.025998205,0.10802748,0.15237086,0.121690586,0.12948087
375316653866487564,4160801799141390592,0.6032118,2187.426142089955,0.1383536446451661,3.6296194E-6,16.188309,0.008768043,0.37353227,1.3994267E-4,0.0114214765,2.926522E-4,0.56344026,0.008419181,0.88462025,0.004379726,0.02171874,0.0030785343,0.3374858,0.13188505,null,null,null,null,"TWOGAUSSIANS",8,71.78827,0.37353227,1.3994267E-4,0.06396027,0.0016388523,0.56344026,0.008419181,0.88462025,0.004379726,0.121624954,0.017239792,0.3374858,0.13188505
375316653866487564,4160801936547412992,0.49510872,2137.871295392738,2.220547743914654,2.3830029E-5,19.111506,0.016433038,0.23443499,0.0073487903,0.06632559,0.007884911,0.32066163,0.04792895,0.7574633,0.0039467113,0.06918397,0.0068280897,0.3462847,0.032569185,null,null,null,null,"TWOGAUSSIANS",8,4.143877,0.7574633,0.0039467113,0.38743022,0.034634966,0.34589636,0.03257998,0.23443499,0.0073487903,0.3714233,0.044155505,0.3202733,0.048041176
375316653866487564,4160802963045730688,0.417233,2234.509142472406,0.2552581497810922,1.4567372E-4,18.103882,0.017105602,0.30614337,0.01137065,0.06342962,0.029756675,0.25347865,0.13292822,0.6595054,0.045416854,0.14714089,0.04186867,0.05556764,0.019060778,null,null,null,null,"TWOGAUSSIANS",8,9.745892,0.30695337,0.010387627,0.35520586,0.061883606,0.25522727,0.13864943,0.6595054,0.045416854,0.4,0.0,0.0541843,0.013946882
375316653866487564,4160803517104886656,0.56349933,2188.4325666461195,0.7866354597199361,1.6748332E-5,19.011538,0.006912156,0.33812556,0.005075222,0.029326828,0.008360363,0.63328725,0.1663795,0.83399725,0.0010992084,0.032241553,0.0034198528,0.49763572,0.048467454,null,null,null,null,"TWOGAUSSIANS",8,4.6704564,0.33812556,0.005075222,0.16423024,0.046818033,0.63328725,0.1663795,0.83399725,0.0010992084,0.18055269,0.019151175,0.49763572,0.048467454
375316653866487564,4160803585848215168,0.6417001,2227.1172478884896,1.1404998709992584,1.8755165E-5,15.3600855,0.005709461,0.27410972,0.0034749166,0.08436064,0.004050102,0.28628018,0.0071505876,0.7551417,0.007581942,0.09121078,0.0037083342,0.57559776,0.025715651,null,null,null,null,"TWOGAUSSIANS",8,34.907013,0.7551417,0.007581942,0.4,0.0,0.56524384,0.025892071,0.27410972,0.0034749166,0.4,0.0,0.27592683,0.005960478
375316653866487564,4160803826366434816,0.5255115,2216.8484768235353,0.3907455582546536,2.9296916E-5,13.271912,0.011598384,0.39851785,0.00967599,0.04803822,0.028801832,0.12984866,0.03276317,0.90005934,0.007708988,0.029742634,0.02422093,0.03566356,0.012391388,0.0047957622,0.007115358,0.39851785,0.00967599,"TWOGAUSSIANS_WITH_ELLIPSOIDAL_ON_ECLIPSE1",9,87.383415,0.39851785,0.00967599,0.26901403,0.13377891,0.13944001,0.041501146,0.90005934,0.007696485,0.16655874,0.13563721,0.04525401,0.005624851
375316653866487564,4160804204292954496,0.52005756,2162.1066564436096,2.302150300098115,1.7155715E-5,18.950098,0.21982223,0.20231092,0.0060183513,0.13986154,0.047549985,0.42094585,0.21207136,0.69958925,0.00524247,0.12520787,0.043247424,0.44402188,0.18895116,null,null,null,null,"TWOGAUSSIANS",8,2.3265994,0.69958925,0.00524247,0.4,0.0,0.3029056,0.053144548,0.20235091,0.005960718,0.4,0.0,0.2787208,0.01782106
375316653866487564,4160804685329611392,0.5910918,2195.8031023854346,2.8729521054696745,1.1565311E-5,19.182316,0.017651837,0.3038292,0.014890649,0.083466105,0.010158319,0.55476207,0.024636468,0.81131136,0.0017499034,0.07191744,0.00452859,0.5240395,0.0135253025,null,null,null,null,"TWOGAUSSIANS",8,2.229339,0.3038292,0.014890649,0.4,0.0,0.5495594,0.022609254,0.81131136,0.0017499034,0.4,0.016015938,0.51883686,0.012824913
375316653866487564,4160805574381427200,0.6420351,2227.154167976031,1.9759980021950876,8.905573E-6,18.670462,0.011041773,0.28094047,0.016876128,0.07456716,0.04513091,0.14779277,0.17876595,0.7759956,0.0024528194,0.067888506,0.0032086691,0.5267858,0.012696954,null,null,null,null,"TWOGAUSSIANS",8,2.3383653,0.7759956,0.0024528194,0.38017562,0.017968547,0.525794,0.012917727,0.28094047,0.016876128,0.4,0.09870708,0.14680097,0.18133064
375316653866487564,4160806502094589440,0.5209996,2190.6226080841298,3.1605140190812193,6.5822416E-5,17.810205,0.009579587,0.11320995,0.04904616,0.09548023,0.04090688,0.026272872,0.011550764,0.7358188,0.039869275,0.061370704,0.057552688,0.30939347,5492845.5,null,null,null,null,"TWOGAUSSIANS",8,6.902708,0.7358288,0.039860673,0.34367594,0.32229507,0.3093563,5492845.5,0.11320995,0.04904616,0.4,0.032549735,0.026225077,0.0112218
375316653866487564,4160806506395816064,0.55544734,2188.241025350131,3.2042662407140434,3.2606105E-5,18.823366,0.021584645,0.30360973,0.0059758173,0.08442569,0.012581393,0.45910862,0.045965273,0.7939098,0.0061939345,0.08266299,0.013950845,0.40312374,0.043616623,null,null,null,null,"TWOGAUSSIANS",8,4.039789,0.30360973,0.0059758173,0.4,0.0,0.45089957,0.049875144,0.7939098,0.0061939345,0.4,0.0,0.3949147,0.04903751
375316653866487564,4160806953071878016,0.47910038,2198.323419970052,1.96319124715272,7.801435E-5,19.830519,0.06892231,0.23890665,0.060352076,0.18652083,0.05374356,0.16440205,0.06412205,0.56217587,0.010575937,0.088201694,0.03270978,0.26860192,0.037989587,null,null,null,null,"TWOGAUSSIANS",8,1.9755381,0.56217587,0.010575937,0.4,0.024849188,0.28722766,0.025706245,0.24214666,0.054240856,0.4,0.0,0.1465342,0.03925565
375316653866487564,4160807571543162880,0.5179847,2230.213777539194,2.351003660533765,2.121681E-5,18.881205,0.021815958,0.273584,0.002584059,0.079129934,0.009995291,0.3354934,0.0321247,0.7656662,0.005558012,0.09498802,0.0118099,0.29649022,0.02643988,null,null,null,null,"TWOGAUSSIANS",8,3.23131,0.273584,0.002584059,0.4,0.0,0.3266388,0.033100363,0.7656662,0.005558012,0.4,0.0,0.287635,0.025787419
375316653866487564,4160807876487892992,0.5405861,2231.957132587864,0.19441928692320914,2.1471247E-5,19.205498,0.46393314,0.53209597,0.016708834,0.21031404,0.102254935,0.67369115,0.4550104,0.9788201,0.04099089,0.119920895,0.03602869,0.3599079,0.22895342,null,null,null,null,"TWOGAUSSIANS",8,1.0049587,0.532806,0.0155741675,0.4,0.0,0.4141933,0.09285372,0.9788201,0.04099089,0.4,0.0,0.19179074,0.11119914
375316653866487564,4160808258738526848,0.47716507,2207.077433023382,2.553746162625385,1.3309844E-4,19.332136,0.18081163,0.2283641,0.057524398,0.09334576,0.07283058,0.15142825,0.18007587,0.7239832,0.0089020915,0.10498688,0.044351164,0.23021682,0.17593947,null,null,null,null,"TWOGAUSSIANS",8,3.885304,0.7239832,0.0089020915,0.4,0.0,0.21537419,0.045606084,0.2283641,0.057533797,0.4,0.10111588,0.13659102,0.049477786
375316653866487564,4160808391883162496,0.45130938,2141.4848449398805,1.5053868383787772,4.839972E-5,19.744593,0.18903098,0.33940285,0.050343793,0.100961335,0.046526473,0.512097,0.43092716,0.9668678,0.021503946,0.100239694,0.07116562,0.20605838,0.18074831,null,null,null,null,"TWOGAUSSIANS",8,1.313338,0.33925283,0.04885042,0.4,0.0,0.50733304,0.36258507,0.9679178,0.016627565,0.4,0.0,0.20166431,0.100012854
375316653866487564,4160808739774565376,0.45871106,2221.0247230012583,3.3945979715026775,3.0736323E-5,19.696222,0.32541102,0.3130461,0.00939291,0.11419243,0.03676504,0.5453342,0.30917093,0.7903827,0.016467312,0.12359833,0.0467199,0.4725901,0.33203024,null,null,null,null,"TWOGAUSSIANS",8,4.5585814,0.31319612,0.009210728,0.4,0.0,0.45545653,0.03696467,0.7903827,0.016467312,0.4,0.0,0.38248023,0.05842326
375316653866487564,4160808911573109632,0.49669793,2206.0716983924976,0.563451021482921,2.6625661E-5,19.55849,0.21495534,0.3015008,0.00834209,0.13472272,0.042205874,0.47513324,0.20883028,0.7921967,0.009830308,0.10620272,0.037824996,0.71815634,0.19687837,null,null,null,null,"TWOGAUSSIANS",8,2.400949,0.7921967,0.009830308,0.4,0.0,0.59972364,0.24762228,0.3015208,0.008312804,0.4,0.0,0.35572454,0.04888924
