Gaia/vari_eclipsing_binary/VariEclipsingBinary_172468-176297.csv
# %ECSV 1.0
# ---
# delimiter: ','
# meta: !!omap
# - RELEASE: Gaia DR3
# - TABLE: vari_eclipsing_binary
# - DESCRIPTION: >
#     This table describes the properties of the eclipsing binaries resulting from the variability analysis. 
# - CITATION: >
#     How to cite and acknowledge Gaia: 
#     https://gea.esac.esa.int/archive/documentation/credits.html 
# - KNOWN_ISSUES: >
#     Known issues: 
#     https://www.cosmos.esa.int/web/gaia-users/known-issues 
# - DOCUMENTATION: >
#     Tutorials and documentation: 
#     https://www.cosmos.esa.int/web/gaia-users/archive 
# datatype:
# - 
#   name: solution_id
#   datatype: int64
#   description: Solution Identifier
#   meta:
#     ucd: meta.version
# - 
#   name: source_id
#   datatype: int64
#   description: Unique source identifier
#   meta:
#     ucd: meta.id;meta.main
# - 
#   name: global_ranking
#   datatype: float32
#   description: Number between 0 (worst) and 1 (best)
#   meta:
#     ucd: stat.param
# - 
#   name: reference_time
#   datatype: float64
#   unit: d
#   description: Reference time used for the geometric model fit
#   meta:
#     ucd: time.epoch
# - 
#   name: frequency
#   datatype: float64
#   unit: d**-1
#   description: Frequency of geometric model of the eclipsing binary light curve
#   meta:
#     ucd: src.orbital
# - 
#   name: frequency_error
#   datatype: float32
#   unit: d**-1
#   description: "Uncertainty of \\texttt{frequency}"
#   meta:
#     ucd: stat.error
# - 
#   name: geom_model_reference_level
#   datatype: float32
#   unit: mag
#   description: Magnitude reference level of geometric model
#   meta:
#     ucd: phot.mag;em.opt
# - 
#   name: geom_model_reference_level_error
#   datatype: float32
#   unit: mag
#   description: "Uncertainty of \\texttt{geomModelReferenceLevel}"
#   meta:
#     ucd: stat.error;phot.mag;em.opt
# - 
#   name: geom_model_gaussian1_phase
#   datatype: float32
#   description: Phase of the Gaussian 1 component
#   meta:
#     ucd: time.phase
# - 
#   name: geom_model_gaussian1_phase_error
#   datatype: float32
#   description: "Uncertainty of \\texttt{geomModelGaussian1Phase}"
#   meta:
#     ucd: stat.error;time.phase
# - 
#   name: geom_model_gaussian1_sigma
#   datatype: float32
#   description: "Standard deviation [phase] of Gaussian 1 component"
#   meta:
#     ucd: stat.stdev
# - 
#   name: geom_model_gaussian1_sigma_error
#   datatype: float32
#   description: "Uncertainty of \\texttt{geomModelGaussian1Sigma}"
#   meta:
#     ucd: stat.error
# - 
#   name: geom_model_gaussian1_depth
#   datatype: float32
#   unit: mag
#   description: Magnitude depth of Gaussian 1 component
#   meta:
#     ucd: src.var.amplitude
# - 
#   name: geom_model_gaussian1_depth_error
#   datatype: float32
#   unit: mag
#   description: "Uncertainty of \\texttt{geomModelGaussian1Depth}"
#   meta:
#     ucd: stat.error;src.var.amplitude
# - 
#   name: geom_model_gaussian2_phase
#   datatype: float32
#   description: Phase of Gaussian 2 component
#   meta:
#     ucd: time.phase
# - 
#   name: geom_model_gaussian2_phase_error
#   datatype: float32
#   description: "Uncertainty of \\texttt{geomModelGaussian2Phase}"
#   meta:
#     ucd: stat.error;time.phase
# - 
#   name: geom_model_gaussian2_sigma
#   datatype: float32
[...]
#   datatype: float32
#   description: "Secondary eclipse: uncertainty of \\texttt{derivedSecondaryEclDuration}"
#   meta:
#     ucd: stat.error;time.duration
# - 
#   name: derived_secondary_ecl_depth
#   datatype: float32
#   unit: mag
#   description: "Secondary eclipse: depth"
#   meta:
#     ucd: src.var.amplitude
# - 
#   name: derived_secondary_ecl_depth_error
#   datatype: float32
#   unit: mag
#   description: "Secondary eclipse: uncertainty of \\texttt{derivedSecondaryEclDepth}"
#   meta:
#     ucd: stat.error;src.var.amplitude
solution_id,source_id,global_ranking,reference_time,frequency,frequency_error,geom_model_reference_level,geom_model_reference_level_error,geom_model_gaussian1_phase,geom_model_gaussian1_phase_error,geom_model_gaussian1_sigma,geom_model_gaussian1_sigma_error,geom_model_gaussian1_depth,geom_model_gaussian1_depth_error,geom_model_gaussian2_phase,geom_model_gaussian2_phase_error,geom_model_gaussian2_sigma,geom_model_gaussian2_sigma_error,geom_model_gaussian2_depth,geom_model_gaussian2_depth_error,geom_model_cosine_half_period_amplitude,geom_model_cosine_half_period_amplitude_error,geom_model_cosine_half_period_phase,geom_model_cosine_half_period_phase_error,model_type,num_model_parameters,reduced_chi2,derived_primary_ecl_phase,derived_primary_ecl_phase_error,derived_primary_ecl_duration,derived_primary_ecl_duration_error,derived_primary_ecl_depth,derived_primary_ecl_depth_error,derived_secondary_ecl_phase,derived_secondary_ecl_phase_error,derived_secondary_ecl_duration,derived_secondary_ecl_duration_error,derived_secondary_ecl_depth,derived_secondary_ecl_depth_error
375316653866487564,1517059315977075072,0.41834575,2228.7233493197937,4.02593757378319,1.6913207E-5,17.271692,0.0029786131,0.30962434,0.0048864544,0.010188238,0.0024015878,0.11856029,0.010682361,0.80203176,0.008684805,0.043307308,0.0045059295,0.26722395,0.04642696,null,null,null,null,"TWOGAUSSIANS",8,8.238615,0.80203176,0.008684805,0.24252093,0.025233205,0.26722395,0.04642696,0.30962434,0.0048864544,0.057054132,0.013448892,0.11856029,0.010682361
375316653866487564,1517127996799031168,0.5442675,2267.309958609942,3.4130133416035155,1.3165276E-5,16.555267,0.011236204,0.20061332,0.005084283,0.09113853,0.008079223,0.19002435,0.011269594,0.6945392,0.0037800032,0.09234916,0.008157391,0.22243565,0.010692751,null,null,null,null,"TWOGAUSSIANS",8,16.507294,0.6945392,0.0037800032,0.4,0.0,0.2132685,0.0084688235,0.20061332,0.005084283,0.4,0.0,0.1808573,0.007520692
375316653866487564,1517304678870548096,0.5156965,2179.217296740294,0.8234866794430948,8.472922E-6,15.962446,0.0028987972,0.41918468,0.0018976892,0.0117280325,0.0016666007,0.5628627,0.079318404,0.6064415,0.017381892,0.020909706,0.012423605,0.038015265,0.028166065,null,null,null,null,"TWOGAUSSIANS",8,103.28107,0.41918468,0.0018976892,0.06567698,0.009332963,0.5628627,0.079318404,0.6064415,0.017381892,0.11709436,0.06957219,0.038015265,0.028166065
375316653866487564,1517331891783341824,0.5989426,2154.2273305496565,1.6226191391748621,4.6228183E-6,9.579425,0.80332047,0.24126422,0.0055601066,0.13681975,0.017687364,0.6423933,0.35360464,0.75378174,0.0035569388,0.22120126,0.11534658,0.6587179,0.7976537,null,null,null,null,"TWOGAUSSIANS",8,79.07939,0.23707423,0.0023936662,0.4,0.0,0.2966382,0.0046004695,0.75488174,0.0026187857,0.4,0.0,0.21143277,0.0031897393
375316653866487564,1517374149964990336,0.5370298,2147.7355980852394,2.5591950288885643,4.538539E-6,18.069592,0.00850332,0.27797192,0.0025255322,0.1014165,0.005720286,0.20025139,0.0076360805,0.7758039,0.0020826762,0.08902477,0.004900593,0.20314983,0.0082374085,null,null,null,null,"TWOGAUSSIANS",8,2.4582658,0.7758039,0.0020826762,0.4,0.0,0.1907182,0.0060345167,0.27797192,0.0025255322,0.4,0.0,0.1878177,0.0045710453
375316653866487564,1517431152771158528,0.58377075,2142.885917929707,3.9717582265759743,3.945274E-6,17.92358,0.011730528,0.28000414,0.0026432362,0.04539899,0.005077637,0.4558492,0.057843506,0.77766424,0.0013280655,0.045395467,0.0045511406,0.40208304,0.035262126,0.13425595,0.014316275,0.28000414,0.0026432362,"TWOGAUSSIANS_WITH_ELLIPSOIDAL_ON_ECLIPSE1",9,10.102593,0.28000414,0.0026432362,0.25423434,0.028434766,0.7243609,0.057380058,0.7778942,0.0010170516,0.2542146,0.025486385,0.6705424,0.05167557
375316653866487564,1517514960468238976,0.55481863,2286.9113231990914,4.836027543808374,5.072267E-6,18.79912,0.0059046014,0.24317779,0.0016525568,0.07348081,0.0023730763,0.46937725,0.007512392,0.74597013,0.0020159546,0.06338704,0.0029807491,0.5067607,0.020488556,null,null,null,null,"TWOGAUSSIANS",8,3.9811013,0.74597013,0.0020159546,0.3549674,0.016692195,0.5056225,0.020711157,0.24317779,0.0016525568,0.4,0.0,0.468239,0.007472309
375316653866487564,1517526883297436800,0.522404,2268.852448428434,3.2562348163902435,6.795956E-6,14.004078,0.0111396285,0.25076848,0.00206065,0.08065061,0.003751311,0.4218728,0.015090731,0.74032867,0.0045001777,0.09139342,0.005508691,0.33085448,0.023206221,null,null,null,null,"TWOGAUSSIANS",8,377.6243,0.25076848,0.00206065,0.4,0.0,0.41281652,0.014561151,0.74032867,0.0045001777,0.4,0.0,0.32179797,0.023444725
375316653866487564,1517746575169354368,0.4737786,2047.0739976182033,4.1867705644853235,5.400914E-5,18.821154,0.01378454,0.30511755,0.02153989,0.075002484,0.021993488,0.16139506,0.053472742,0.7795872,0.022220764,0.09205386,0.03203216,0.08966243,0.018141834,null,null,null,null,"TWOGAUSSIANS",8,2.0272725,0.30511755,0.02153989,0.4,0.04346037,0.1597609,0.05509575,0.7795872,0.022220764,0.4,0.04098736,0.08802811,0.016725097
375316653866487564,1517935661104618624,0.5733749,2047.6597515032347,4.025632507563668,2.747587E-5,13.860815,0.03311126,0.2212558,0.005478164,0.05847338,0.047180366,0.07891748,0.06358863,0.699017,0.019228756,0.06233279,0.037107363,0.07432168,0.064280935,0.058895748,0.03488756,0.2212558,0.005478164,"TWOGAUSSIANS_WITH_ELLIPSOIDAL_ON_ECLIPSE1",9,124.43909,0.2212558,0.005478164,0.32745093,0.23990083,0.19669484,0.010607239,0.706297,0.010177047,0.34906363,0.19370522,0.19055636,0.013289473
375316653866487564,1517979705996982400,0.6694503,2209.8092503064877,0.923678259195259,4.143501E-6,14.887,0.0025479854,0.21999474,0.0061824075,0.034170303,0.0063455305,0.17386758,0.025772486,0.7117847,3.1534684E-4,0.02521305,5.12752E-4,0.75201243,0.0073046596,0.03236049,0.003587164,0.21999474,0.0061824075,"TWOGAUSSIANS_WITH_ELLIPSOIDAL_ON_ECLIPSE1",9,18.882914,0.7118247,3.0401227E-4,0.14119308,0.0028714112,0.81656206,0.0049823425,0.21999474,0.0061824075,0.19135371,0.03553497,0.23858856,0.026690867
375316653866487564,1518048975226523904,0.476758,2189.2353390031203,2.4027887655716955,2.2417069E-5,19.759838,0.012936158,0.33248872,0.0048400224,0.05686684,0.006782575,0.49598238,0.08027996,0.83655894,0.023362761,0.06561311,0.022787748,0.15717049,0.12837604,null,null,null,null,"TWOGAUSSIANS",8,2.5029502,0.33248872,0.0048400224,0.3184543,0.03798242,0.4958716,0.08038601,0.83655894,0.023362761,0.36743343,0.12425029,0.15705971,0.12848939
375316653866487564,1518445864564372608,0.46267635,2186.826550660474,3.7586923741060962,2.4370715E-5,19.229757,0.049589783,0.24592076,0.0051937234,0.0786822,0.0106921485,0.38863808,0.051085103,0.7226253,0.016105315,0.15520926,0.045368094,0.1842889,0.044375084,null,null,null,null,"TWOGAUSSIANS",8,3.6641474,0.24623077,0.00527338,0.4,0.0,0.3559839,0.051343873,0.7226253,0.016105315,0.4,0.0,0.14935654,0.01600528
375316653866487564,1518503799378645632,0.64997977,2137.8925339183234,1.4253469177204228,1.0447502E-5,13.22115,0.0066057937,0.255231,0.0034136341,0.034066215,0.006476416,0.12393939,0.015932476,0.75293106,0.020486267,0.028468285,0.01163071,1.1778464,0.33685234,0.024450138,0.008292068,0.255231,0.0034136341,"TWOGAUSSIANS_WITH_ELLIPSOIDAL_ON_ECLIPSE1",9,245.51407,0.752941,0.020476492,0.1594224,0.06513198,1.2267364,0.32597178,0.255231,0.0034136341,0.19077079,0.03626793,0.17283957,0.01267322
375316653866487564,1518825230435804160,0.5409172,2142.206392116858,4.191489575081141,2.0780411E-5,18.947292,0.00474039,0.2691062,0.022682471,0.04052443,0.01084395,0.012402464,0.009907107,0.54849005,0.0068080868,0.039892435,0.004710903,0.38793626,0.02345807,null,null,null,null,"TWOGAUSSIANS",8,2.3931315,0.54849005,0.0068080868,0.22339763,0.026381057,0.38793626,0.02345807,0.2691062,0.022682471,0.2269368,0.06072612,0.012402464,0.009907107
375316653866487564,1518977929407670144,0.5628865,2173.417254889817,2.7657420136857422,9.517126E-6,11.336245,0.0061732354,0.26933932,0.013409559,0.04374667,0.023422018,0.086007856,0.028668938,0.78188556,0.0033807182,0.047771852,0.00532423,0.08980085,0.016779235,0.09213052,0.010610133,0.78188556,0.0033807182,"TWOGAUSSIANS_WITH_ELLIPSOIDAL_ON_ECLIPSE2",9,230.92348,0.78188556,0.0033807182,0.2675224,0.029815689,0.2740616,0.0079531055,0.27240932,0.009962424,0.24498133,0.1311633,0.26940462,0.024677899
375316653866487564,1519020191886542080,0.6632612,2196.229573827277,3.2683326856486055,2.2859933E-6,13.415943,0.0050658546,0.282144,6.0363923E-4,0.053121023,0.0013542619,0.47621465,0.01631033,0.78131443,0.0019754628,0.046882458,0.002174074,0.4269537,0.015918639,0.104124956,0.008425495,0.282144,6.0363923E-4,"TWOGAUSSIANS_WITH_ELLIPSOIDAL_ON_ECLIPSE1",9,134.1401,0.282144,6.0363923E-4,0.29747772,0.007583867,0.6844569,0.010837261,0.78137445,0.0018892109,0.26254177,0.012174815,0.6351907,0.0102349585
375316653866487564,1519135743686584448,0.435648,2165.348601285886,2.8166664756763855,2.282449E-5,13.2425165,0.01906315,0.21340035,0.0062066326,0.059259437,0.0098075345,0.3174606,0.042062804,0.74868256,0.024822742,0.083845004,0.026311947,0.18056259,0.046753474,null,null,null,null,"TWOGAUSSIANS",8,5524.2217,0.21340035,0.0062066326,0.33185285,0.054922193,0.3170521,0.042216867,0.74868256,0.024822742,0.4,0.045481812,0.18015403,0.046986934
375316653866487564,1519196693566942336,0.6469141,2166.3841466965287,3.6577266888221516,2.9422274E-6,16.330648,0.0065359687,0.2721197,0.0020370684,0.05698369,0.002310907,0.3904745,0.01780054,0.7665694,8.751424E-4,0.049187716,0.0018220905,0.34594756,0.014493596,0.10157998,0.00702303,0.7665694,8.751424E-4,"TWOGAUSSIANS_WITH_ELLIPSOIDAL_ON_ECLIPSE2",9,13.283192,0.27146968,0.0017835603,0.31910866,0.012941079,0.5933971,0.0132466005,0.7665694,8.751424E-4,0.2754512,0.010203706,0.5490881,0.0075472826
375316653866487564,1519201061549792256,0.58039194,2192.1384226547557,0.5727379000286279,3.9920656E-6,18.712088,0.00380026,0.24129191,8.075324E-4,0.021652928,0.00102589,0.5695779,0.017076846,null,null,null,null,null,null,0.03872611,0.0048916466,0.24129191,8.075324E-4,"ONEGAUSSIAN_WITH_ELLIPSOIDAL",6,3.7009337,0.24129191,8.075324E-4,0.12125639,0.005744984,0.64703,0.01940437,null,null,null,null,null,null
375316653866487564,1519235421287577984,0.57179993,2159.8697572264855,2.733706830209545,9.744999E-6,12.543212,0.07371964,0.25845203,0.002223726,0.06925095,0.016213031,0.2980147,0.13297728,0.7618878,0.0077668163,0.06619091,0.01257985,0.33591095,0.1494053,0.06871754,0.07547201,0.25845203,0.002223726,"TWOGAUSSIANS_WITH_ELLIPSOIDAL_ON_ECLIPSE1",9,435.4138,0.7618878,0.0075600366,0.37066913,0.06254234,0.47262472,0.014525936,0.25845203,0.002223726,0.38780528,0.04934171,0.43479252,0.039357208
375316653866487564,1519284207820856448,0.53728783,2183.505417490889,3.7156781936569554,1.0063344E-6,18.926579,0.0067762947,0.548409,4.3524324E-6,0.008306285,6.717543E-5,0.9650651,0.0055108494,0.91333085,0.016704638,0.013765657,0.011477191,0.20222524,0.15266539,null,null,null,null,"TWOGAUSSIANS",8,9.69732,0.548409,4.3524324E-6,0.0465152,3.7618243E-4,0.9650651,0.0055108494,0.91333085,0.016704638,0.077087685,0.06427227,0.20222524,0.15266539
375316653866487564,1519315440823106816,0.4542776,2147.337626337022,0.19543735843766763,1.6513035E-5,16.511028,0.006160221,0.21530618,0.005909555,0.0070066117,0.023697946,0.1356968,0.084844194,0.5603033,9.3571853E-4,0.008278373,0.0011547089,0.21756874,0.017608056,0.011783873,0.0061052972,0.5603033,9.3571853E-4,"TWOGAUSSIANS_WITH_ELLIPSOIDAL_ON_ECLIPSE2",9,68.59749,0.5603033,9.3571853E-4,0.046358887,0.0064663696,0.24113649,0.01937601,0.21525617,0.0070691193,0.039237026,0.1327085,0.14314577,0.08332233
375316653866487564,1519584722388054656,0.5368396,2101.0423186667786,2.5945703037253045,8.337702E-6,14.905498,0.011614633,0.22125003,0.002144831,0.045978207,0.0020555728,0.42924258,0.021891873,0.8112302,0.11311261,0.05208084,0.11633069,0.051677473,0.023006484,0.03411785,0.01309073,0.22125003,0.002144831,"TWOGAUSSIANS_WITH_ELLIPSOIDAL_ON_ECLIPSE1",9,430.44284,0.22125003,0.0018769032,0.25747797,0.011511208,0.49747798,0.022390964,0.8112302,0.11311261,0.2916527,0.14465001,0.10032942,0.057792693
375316653866487564,1519688282638832896,0.5437112,2156.329841300505,4.352389487814105,1.0398648E-5,19.34194,0.012354548,0.2574293,0.007595163,0.08282487,0.010225298,0.4673475,0.018481111,0.76597583,0.003802404,0.07427408,0.0069667585,0.501168,0.036567997,null,null,null,null,"TWOGAUSSIANS",8,2.9859717,0.76597583,0.003802404,0.4,0.005772637,0.49605384,0.038554516,0.2574293,0.007595163,0.4,0.0,0.4622333,0.017958917
375316653866487564,1519717350978201216,0.45702082,2164.922181150358,0.2139701758173362,3.8024056E-5,17.352837,0.0016078928,0.5452042,0.021609072,0.012371006,0.011764446,1.1150526,444.47772,null,null,null,null,null,null,null,null,null,null,"ONEGAUSSIAN",5,9.495695,0.5452042,0.021609072,0.06927764,0.0658809,1.1150526,0.0,null,null,null,null,null,null
375316653866487564,1519750709988514560,0.53709334,2162.387504888145,2.9246881244307366,7.642948E-6,18.956072,0.0053789867,0.41136003,0.010880432,0.022266004,0.009129017,0.041787986,0.10900462,0.636134,0.002093153,0.031871352,0.0015387156,0.35666555,0.013451822,null,null,null,null,"TWOGAUSSIANS",8,2.3244882,0.636134,0.002093153,0.17847957,0.008616807,0.35666555,0.013451822,0.41136003,0.010880432,0.12468962,0.051122494,0.041787986,0.10900462
375316653866487564,1519910070454853760,0.4578164,2133.2303988131634,0.4039850434978621,9.177661E-5,12.582865,0.005403594,0.4120251,0.03706214,0.024536213,0.025822263,0.23924787,0.05129286,0.80087024,0.019401524,0.008503069,0.01492066,0.13250935,0.36881462,0.009939258,0.010229926,0.4120251,0.03706214,"TWOGAUSSIANS_WITH_ELLIPSOIDAL_ON_ECLIPSE1",9,823.06824,0.4120251,0.03706214,0.1374028,0.14460468,0.25912637,0.06271722,0.8009402,0.02046705,0.04761719,0.0835557,0.14417326,0.36893985
375316653866487564,1519972918712014464,0.46245128,2187.38781244569,3.038943513549763,4.3900905E-5,11.348034,0.59102714,0.23008,0.017447328,0.091096796,0.038583927,0.26409143,0.26427475,0.7342964,0.017964598,0.096952386,0.18761535,0.1909629,0.55158323,null,null,null,null,"TWOGAUSSIANS",8,1256.3517,0.23008,0.017575637,0.4,0.0,0.2518591,0.030116558,0.7342964,0.018068412,0.4,0.0,0.17873006,0.038656496
375316653866487564,1519987624680016256,0.59410745,2153.159698389534,3.95546737464899,6.9143566E-6,15.193426,0.022041501,0.22148949,0.001998861,0.046441056,0.0070056436,0.31973103,0.041612636,0.73382497,0.0016903139,0.058288448,0.007402609,0.23551069,0.043764725,0.106729575,0.024663033,0.73382497,0.0016903139,"TWOGAUSSIANS_WITH_ELLIPSOIDAL_ON_ECLIPSE2",9,173.8534,0.22274949,0.0016458681,0.2600699,0.039231602,0.5320162,0.027768094,0.73382497,0.0016903139,0.3264153,0.04145461,0.44894558,0.012183997
375316653866487564,1520295762813818624,0.6422349,2120.5169866231927,2.976478986058455,3.5032504E-6,14.328555,0.011461485,0.23674595,0.001059323,0.042537652,0.0025386324,0.3764996,0.024521824,0.7322335,0.0034258694,0.04552135,0.004526793,0.41163254,0.02585586,0.13578026,0.014373915,0.23674595,0.001059323,"TWOGAUSSIANS_WITH_ELLIPSOIDAL_ON_ECLIPSE1",9,158.07452,0.7326735,0.0030476649,0.25491956,0.02535004,0.6829954,0.024486346,0.23674595,0.001059323,0.23821086,0.014216341,0.6480594,0.01087168
375316653866487564,1520304215309431936,0.5657098,2142.0509323155065,3.6233297462827085,1.0087986E-6,15.875964,0.0026297097,0.13297687,4.709884E-4,0.013852492,0.0013082371,0.100752406,0.015692383,0.47039574,3.7581884E-8,0.0016376027,7.187295E-6,7.2966523,0.13657586,null,null,null,null,"TWOGAUSSIANS",8,36.928978,0.47039574,3.7581884E-8,0.009170575,4.024885E-5,7.2966523,0.13657586,0.13297687,4.709884E-4,0.077573955,0.0073261275,0.100752406,0.015692383
375316653866487564,1520317375089193600,0.47674382,2145.7705405741935,2.832374372090496,1.5619515E-5,10.133174,0.84558254,0.24010855,0.0044545312,0.19857265,0.086202845,0.8819841,0.7865035,0.74412435,0.0050412705,0.2050995,0.072734386,0.9175541,0.5622651,null,null,null,null,"TWOGAUSSIANS",8,567.5207,0.74755436,0.0052521112,0.4,0.0,0.16449855,0.017752592,0.23618855,0.0037347358,0.4,0.0,0.14886369,0.014449562
375316653866487564,1520395199896531200,0.61013705,2112.529133365671,1.437583292514351,3.7394047E-6,14.871305,0.0046245246,0.3465105,8.489206E-4,0.024131497,0.0011473428,0.6994868,0.019795591,0.8427253,0.06732896,0.021057509,0.0071666986,0.54165834,0.4668785,0.011096574,0.007876165,0.3465105,8.489206E-4,"TWOGAUSSIANS_WITH_ELLIPSOIDAL_ON_ECLIPSE1",9,145.77815,0.3465105,8.489206E-4,0.13513638,0.0064251195,0.7216799,0.022469906,0.8427353,0.06722553,0.117922045,0.040133514,0.56383896,0.47765064
375316653866487564,1520483126466951808,0.6250887,2141.783154611798,2.172480018681993,5.3409603E-6,15.535034,0.0042443345,0.25055778,0.0022031202,0.043912396,0.0031758351,0.28851196,0.013362054,0.75102097,0.0026439864,0.05482862,0.0048724525,0.092757046,0.009284664,0.026119689,0.0051855473,0.25055778,0.0022031202,"TWOGAUSSIANS_WITH_ELLIPSOIDAL_ON_ECLIPSE1",9,12.524719,0.25055778,0.0022031202,0.24590941,0.017784677,0.3407486,0.011032702,0.75102097,0.0026060801,0.30704027,0.027285734,0.14499323,0.0047821295
