Gaia/vari_eclipsing_binary/VariEclipsingBinary_675888-675955.csv
# %ECSV 1.0
# ---
# delimiter: ','
# meta: !!omap
# - RELEASE: Gaia DR3
# - TABLE: vari_eclipsing_binary
# - DESCRIPTION: >
#     This table describes the properties of the eclipsing binaries resulting from the variability analysis. 
# - CITATION: >
#     How to cite and acknowledge Gaia: 
#     https://gea.esac.esa.int/archive/documentation/credits.html 
# - KNOWN_ISSUES: >
#     Known issues: 
#     https://www.cosmos.esa.int/web/gaia-users/known-issues 
# - DOCUMENTATION: >
#     Tutorials and documentation: 
#     https://www.cosmos.esa.int/web/gaia-users/archive 
# datatype:
# - 
#   name: solution_id
#   datatype: int64
#   description: Solution Identifier
#   meta:
#     ucd: meta.version
# - 
#   name: source_id
#   datatype: int64
#   description: Unique source identifier
#   meta:
#     ucd: meta.id;meta.main
# - 
#   name: global_ranking
#   datatype: float32
#   description: Number between 0 (worst) and 1 (best)
#   meta:
#     ucd: stat.param
# - 
#   name: reference_time
#   datatype: float64
#   unit: d
#   description: Reference time used for the geometric model fit
#   meta:
#     ucd: time.epoch
# - 
#   name: frequency
#   datatype: float64
#   unit: d**-1
#   description: Frequency of geometric model of the eclipsing binary light curve
#   meta:
#     ucd: src.orbital
# - 
#   name: frequency_error
#   datatype: float32
#   unit: d**-1
#   description: "Uncertainty of \\texttt{frequency}"
#   meta:
#     ucd: stat.error
# - 
#   name: geom_model_reference_level
#   datatype: float32
#   unit: mag
#   description: Magnitude reference level of geometric model
#   meta:
#     ucd: phot.mag;em.opt
# - 
#   name: geom_model_reference_level_error
#   datatype: float32
#   unit: mag
#   description: "Uncertainty of \\texttt{geomModelReferenceLevel}"
#   meta:
#     ucd: stat.error;phot.mag;em.opt
# - 
#   name: geom_model_gaussian1_phase
#   datatype: float32
#   description: Phase of the Gaussian 1 component
#   meta:
#     ucd: time.phase
# - 
#   name: geom_model_gaussian1_phase_error
#   datatype: float32
#   description: "Uncertainty of \\texttt{geomModelGaussian1Phase}"
#   meta:
#     ucd: stat.error;time.phase
# - 
#   name: geom_model_gaussian1_sigma
#   datatype: float32
#   description: "Standard deviation [phase] of Gaussian 1 component"
#   meta:
#     ucd: stat.stdev
# - 
#   name: geom_model_gaussian1_sigma_error
#   datatype: float32
#   description: "Uncertainty of \\texttt{geomModelGaussian1Sigma}"
#   meta:
#     ucd: stat.error
# - 
#   name: geom_model_gaussian1_depth
#   datatype: float32
#   unit: mag
#   description: Magnitude depth of Gaussian 1 component
#   meta:
#     ucd: src.var.amplitude
# - 
#   name: geom_model_gaussian1_depth_error
#   datatype: float32
#   unit: mag
#   description: "Uncertainty of \\texttt{geomModelGaussian1Depth}"
#   meta:
#     ucd: stat.error;src.var.amplitude
# - 
#   name: geom_model_gaussian2_phase
#   datatype: float32
#   description: Phase of Gaussian 2 component
#   meta:
#     ucd: time.phase
# - 
#   name: geom_model_gaussian2_phase_error
#   datatype: float32
#   description: "Uncertainty of \\texttt{geomModelGaussian2Phase}"
#   meta:
#     ucd: stat.error;time.phase
# - 
#   name: geom_model_gaussian2_sigma
#   datatype: float32
[...]
#   datatype: float32
#   description: "Secondary eclipse: uncertainty of \\texttt{derivedSecondaryEclDuration}"
#   meta:
#     ucd: stat.error;time.duration
# - 
#   name: derived_secondary_ecl_depth
#   datatype: float32
#   unit: mag
#   description: "Secondary eclipse: depth"
#   meta:
#     ucd: src.var.amplitude
# - 
#   name: derived_secondary_ecl_depth_error
#   datatype: float32
#   unit: mag
#   description: "Secondary eclipse: uncertainty of \\texttt{derivedSecondaryEclDepth}"
#   meta:
#     ucd: stat.error;src.var.amplitude
solution_id,source_id,global_ranking,reference_time,frequency,frequency_error,geom_model_reference_level,geom_model_reference_level_error,geom_model_gaussian1_phase,geom_model_gaussian1_phase_error,geom_model_gaussian1_sigma,geom_model_gaussian1_sigma_error,geom_model_gaussian1_depth,geom_model_gaussian1_depth_error,geom_model_gaussian2_phase,geom_model_gaussian2_phase_error,geom_model_gaussian2_sigma,geom_model_gaussian2_sigma_error,geom_model_gaussian2_depth,geom_model_gaussian2_depth_error,geom_model_cosine_half_period_amplitude,geom_model_cosine_half_period_amplitude_error,geom_model_cosine_half_period_phase,geom_model_cosine_half_period_phase_error,model_type,num_model_parameters,reduced_chi2,derived_primary_ecl_phase,derived_primary_ecl_phase_error,derived_primary_ecl_duration,derived_primary_ecl_duration_error,derived_primary_ecl_depth,derived_primary_ecl_depth_error,derived_secondary_ecl_phase,derived_secondary_ecl_phase_error,derived_secondary_ecl_duration,derived_secondary_ecl_duration_error,derived_secondary_ecl_depth,derived_secondary_ecl_depth_error
[from data line 182]
375316653866487564,5945374312750845568,0.53112847,2347.322213805926,1.0905286511564423,8.494662E-6,13.750488,0.010070113,0.25202328,0.0021737292,0.12168563,0.01663333,0.055534158,0.009368941,0.7545359,0.0032765514,0.10853907,0.01303765,0.0704921,0.00900028,null,null,null,null,"TWOGAUSSIANS",8,7.8868117,0.7545459,0.0032863067,0.4,0.0,0.05910277,0.002903836,0.25202328,0.0021780333,0.4,0.0,0.04412428,0.00199798
375316653866487564,5945375176047288832,0.51717436,2347.0839955763586,2.374894766522967,1.5879741E-5,14.087765,0.0069063106,0.271705,0.0057196477,0.10338177,0.009087871,0.14635833,0.011665141,0.75759476,0.0049404507,0.078195974,0.008099098,0.10998853,0.008227925,null,null,null,null,"TWOGAUSSIANS",8,106.83756,0.271705,0.0057196477,0.4,0.0,0.14170186,0.011525564,0.75759476,0.0049404507,0.4,0.0,0.10533503,0.008101986
375316653866487564,5945379264855917696,0.49434787,2310.876416945241,0.5176103303869821,1.2024614E-5,15.482982,0.0051216036,0.27604365,0.0069944756,0.023380155,0.005388458,0.12675637,0.023697093,0.7760122,0.0027293782,0.02393838,0.0045290245,0.17342561,0.029934954,0.022479095,0.0084008025,0.27604365,0.0069944756,"TWOGAUSSIANS_WITH_ELLIPSOIDAL_ON_ECLIPSE1",9,114.75113,0.7760122,0.0027174517,0.13405493,0.025362536,0.2183838,0.03166515,0.27604365,0.0069944756,0.13092886,0.030175366,0.17171456,0.01989238
375316653866487564,5945380089489656064,0.5393565,2298.199578822587,2.7695423107301806,9.349998E-6,16.513159,0.0063075665,0.19027406,0.0041569863,0.041083083,0.0061157835,0.20122509,0.022857971,0.7001312,0.0022871601,0.040735792,0.006146351,0.15376432,0.06554308,0.10786244,0.010592181,0.7001312,0.0022871601,"TWOGAUSSIANS_WITH_ELLIPSOIDAL_ON_ECLIPSE2",9,27.468197,0.19150406,0.0034762304,0.23006526,0.03424839,0.41622627,0.025042625,0.7001312,0.0022871601,0.22812045,0.034419566,0.36948892,0.06635489
375316653866487564,5945380428781896192,0.5312356,2317.918176898378,3.916781298786423,1.665029E-5,19.497204,0.009414487,0.15088329,0.0030325563,0.06601107,0.004959793,0.60008746,0.036979936,0.6425769,0.00908559,0.07067935,0.007901846,0.60712713,0.048463717,null,null,null,null,"TWOGAUSSIANS",8,3.8961918,0.6425769,0.00908559,0.39580435,0.04179875,0.60592824,0.048630152,0.15088329,0.0030325563,0.36966202,0.02777484,0.5988886,0.037325647
375316653866487564,5945381219055159424,0.5829946,2302.1159397280285,1.4129387777203097,7.733374E-6,17.952549,0.005700029,0.15815194,0.0035263866,0.024803048,0.0031181714,0.5501781,0.05199486,0.65955645,7.117025E-4,0.023302862,5.146583E-4,0.80319184,0.032120094,null,null,null,null,"TWOGAUSSIANS",8,10.519431,0.65955645,7.117025E-4,0.13049603,0.0028820864,0.80319184,0.032120094,0.15815194,0.0035263866,0.13889708,0.01746176,0.5501781,0.05199486
375316653866487564,5945381356493316096,0.5796372,2336.3221385766424,4.110931793507031,1.0662108E-5,18.24215,0.04248282,0.22630665,0.008502419,0.07643076,0.009506528,0.8109343,0.04839318,0.75417656,0.027738294,0.07175806,0.03691957,0.3600921,0.034633566,null,null,null,null,"TWOGAUSSIANS",8,11.502831,0.22630665,0.008502419,0.4,0.0,0.80902344,0.04071754,0.75417656,0.027738294,0.4,0.058817662,0.35818127,0.028093789
375316653866487564,5945383181857567232,0.51747906,2301.796374322659,2.9575327773418336,1.5785747E-5,18.493292,0.03737597,0.22772856,0.003929955,0.102336034,0.014689944,0.27061963,0.032440525,0.73140275,0.0041361935,0.11997228,0.016693572,0.23928584,0.035800472,null,null,null,null,"TWOGAUSSIANS",8,2.2977202,0.22771856,0.0039409753,0.4,0.0,0.2320201,0.009755315,0.73140275,0.0041361935,0.4,0.0,0.20060833,0.007023228
375316653866487564,5945383211920362752,0.5355551,2299.246086155207,3.014199287306994,8.20613E-6,18.872456,0.00803275,0.21634713,0.011892727,0.054278515,0.008324562,0.2928032,0.022952704,0.71000344,0.0021373546,0.053020686,0.0031609635,0.7418415,0.06678834,null,null,null,null,"TWOGAUSSIANS",8,4.885737,0.71000344,0.0021373546,0.29691586,0.017701397,0.741828,0.06679871,0.21634713,0.011892727,0.3039597,0.046617545,0.29278973,0.022940652
375316653866487564,5945387197652845440,0.5580947,2301.953865295221,2.0462028361186495,5.796327E-6,17.19355,0.0047865203,0.19450678,0.006488658,0.044628985,0.01667073,0.026835801,0.010873602,0.70287067,0.0021217477,0.047726482,0.0030909886,0.1325716,0.010297422,0.023183981,0.005769781,0.19450678,0.006488658,"TWOGAUSSIANS_WITH_ELLIPSOIDAL_ON_ECLIPSE1",9,2.6273005,0.70287067,0.0021217477,0.2672683,0.017309537,0.17881155,0.0032892746,0.19450678,0.006488658,0.24992232,0.09335608,0.0732037,0.00412803
375316653866487564,5945387609970733440,0.52811265,2309.0880876818997,3.259878866438098,6.812861E-6,19.305635,0.0053789066,0.25023246,0.0026535438,0.009454183,0.0037349677,0.28764194,0.15888628,0.74089867,0.0013191764,0.015111972,7.014056E-4,0.4552479,0.019293888,null,null,null,null,"TWOGAUSSIANS",8,1.974876,0.74089867,0.0013191764,0.08462704,0.003927871,0.4552479,0.019293888,0.25023246,0.0026535438,0.052943427,0.02091582,0.28764194,0.15888628
375316653866487564,5945394005172414080,0.55029887,2306.706892440396,3.6174655639552773,1.3238731E-5,19.7442,0.0077921115,0.18548207,0.003681253,0.06602235,0.006388004,0.5193507,0.03460051,0.67692477,0.0031196394,0.06571832,0.004264726,0.43504173,0.017493926,null,null,null,null,"TWOGAUSSIANS",8,1.1651716,0.18548207,0.003681253,0.36972514,0.03494809,0.51879853,0.03515012,0.67692477,0.0031196394,0.36802262,0.023882465,0.4344895,0.017590469
375316653866487564,5945395272193568896,0.49217808,2298.883269977354,0.9443444459736507,4.8532176E-5,18.543947,0.0024728572,0.39862207,0.0014382618,0.01912448,0.0017524147,0.41139868,0.20215061,0.71339697,0.008726953,0.053520296,0.0099017285,0.027168576,0.005879984,null,null,null,null,"TWOGAUSSIANS",8,0.8866096,0.39862207,0.0014382618,0.10709709,0.009813522,0.41139868,0.20215061,0.71339697,0.008726953,0.29971364,0.05544968,0.027168576,0.005879984
375316653866487564,5945395620092659968,0.63015574,2306.550026534778,3.6546192124736305,3.7037037E-6,16.856733,0.013450053,0.24476963,0.0013618113,0.050905325,0.00283647,0.50752485,0.028042192,0.74115473,0.0012237694,0.04357222,0.0028225656,0.45741037,0.025519028,0.11564755,0.01432961,0.24476963,0.0013618113,"TWOGAUSSIANS_WITH_ELLIPSOIDAL_ON_ECLIPSE1",9,28.51598,0.24476963,0.0013618113,0.28506982,0.015884232,0.73881644,0.01910594,0.7414048,0.0011233637,0.24400444,0.015806368,0.68859106,0.0075041605
375316653866487564,5945397299427068032,0.50175154,2345.0240746158256,3.679279126072121,2.8306697E-5,19.625801,0.02925347,0.3003495,0.011273699,0.09394991,0.014405404,0.40186644,0.03972319,0.7865609,0.010853121,0.08938392,0.015509478,0.33776566,0.03131954,null,null,null,null,"TWOGAUSSIANS",8,2.7245812,0.3003495,0.011273699,0.4,0.0,0.38732433,0.035945512,0.7865609,0.010853121,0.4,0.0,0.32322413,0.028580528
375316653866487564,5945398712469137152,0.4493227,2298.491295353999,2.1766819873704724,5.3766013E-5,18.108273,0.045510598,0.35651648,0.045114264,0.13058065,0.04143712,0.17101516,0.04149045,0.6595458,0.08876858,0.13032413,0.07484501,0.08574693,0.03810636,null,null,null,null,"TWOGAUSSIANS",8,9.606436,0.3687065,0.016749058,0.4,0.0,0.17060941,0.020028718,0.6595458,0.08876858,0.4,0.0,0.09055446,0.01957038
375316653866487564,5945400945841096064,0.59010905,2347.4298126873614,3.96343010743051,6.8922745E-6,18.202198,0.030590644,0.27881506,0.004223151,0.048576776,0.010353569,0.41748458,0.049887076,0.77610433,0.00726219,0.046192456,0.010135972,0.43688655,0.15404344,0.11864805,0.036633395,0.27881506,0.004223151,"TWOGAUSSIANS_WITH_ELLIPSOIDAL_ON_ECLIPSE1",9,9.4507475,0.77633435,0.0069046025,0.25867775,0.056761444,0.6741183,0.1571253,0.27881506,0.004223151,0.27202994,0.057979986,0.6547794,0.030024037
375316653866487564,5945401216427910912,0.5468791,2347.2423280059966,0.018615559221349273,7.886654E-6,18.08023,0.0049494994,0.37628838,0.0026460693,0.048970584,0.0026771019,0.26207608,0.007875151,0.70518035,0.02900263,0.05955636,0.01993364,0.03816711,0.016176064,null,null,null,null,"TWOGAUSSIANS",8,3.8843184,0.37628838,0.0026460693,0.27423528,0.0149917705,0.26207608,0.007875158,0.70518035,0.02900263,0.3335156,0.111628376,0.03816711,0.016176065
375316653866487564,5945403518528745472,0.51186895,2294.530657573778,0.2820399764635001,1.0647291E-5,17.069199,0.0025035022,0.13917425,3.033312E-4,0.0064144316,8.983672E-4,0.023074614,0.0030744215,0.7429588,0.002306549,0.019963535,0.00293514,0.07179693,0.011589619,0.034893103,0.0036744848,0.7429588,0.002306549,"TWOGAUSSIANS_WITH_ELLIPSOIDAL_ON_ECLIPSE2",9,8.143316,0.7429588,0.002306549,0.11179579,0.016436784,0.14158313,0.01170547,0.13993426,2.963068E-4,0.035920817,0.0050308565,0.06732012,0.0034212088
375316653866487564,5945408161385167616,0.44333348,2289.503929502661,2.894257337598729,5.0474322E-5,19.51119,0.029894093,0.27326643,0.009637966,0.062614195,0.013949181,0.23950142,0.041918892,0.76656723,0.034519605,0.032076284,0.049826153,0.4192351,0.18413593,null,null,null,null,"TWOGAUSSIANS",8,6.7537856,0.76656723,0.034519605,0.1796272,0.21658148,0.41923478,0.18585406,0.27326643,0.009637966,0.3506395,0.06652914,0.23950109,0.041066907
375316653866487564,5945408504983785984,0.58572304,2299.689117615592,3.644589669776412,6.1248425E-6,19.197569,0.0064481697,0.16682504,0.0035007347,0.07436933,0.003606791,0.4268081,0.021879371,0.6684019,0.0021023673,0.06567306,0.0024307575,0.5964934,0.01762112,null,null,null,null,"TWOGAUSSIANS",8,1.5686179,0.6684019,0.0021023673,0.36776912,0.0136122415,0.5948638,0.017869584,0.16682504,0.0035007347,0.4,0.0,0.42517844,0.0220294
375316653866487564,5945409020390809088,0.5017139,2272.935707748511,1.2161121563235675,1.3809279E-5,17.230927,0.001367623,0.25503498,0.0030844652,0.06612526,0.011028567,0.066102035,0.0055383965,0.75046575,0.01080266,0.07695406,0.00881522,0.047533054,0.0042951778,null,null,null,null,"TWOGAUSSIANS",8,1.7700249,0.25503498,0.0030844652,0.37030143,0.05010101,0.06588251,0.005806198,0.75046575,0.01080266,0.4,0.005247548,0.047313526,0.004313497
375316653866487564,5945410772737573760,0.51077634,2280.1338712062825,3.960786286171794,1.1763869E-5,17.238466,0.018276874,0.28856215,0.0060584457,0.09490187,0.015743362,0.2570031,0.016677583,0.77521855,0.0039846743,0.09653042,0.009032049,0.19662021,0.020199876,null,null,null,null,"TWOGAUSSIANS",8,15.438493,0.28856215,0.0060584457,0.4,0.0,0.24469829,0.026124587,0.77521855,0.0039846743,0.4,0.0,0.18431526,0.01379794
375316653866487564,5945410905873052672,0.5122397,2305.0954762664974,3.005288878909788,2.333679E-5,18.005827,0.03414532,0.19700758,0.0042841597,0.114282675,0.014687072,0.27027243,0.03186503,0.69326675,0.006046648,0.10739998,0.016080046,0.20076934,0.03333595,null,null,null,null,"TWOGAUSSIANS",8,5.960803,0.19700758,0.004287049,0.4,0.0,0.23495391,0.009521854,0.69326675,0.006046648,0.4,0.0,0.16548087,0.011363007
375316653866487564,5945412078407513856,0.4243705,2280.7711817009426,2.733675266411017,3.289953E-5,16.711668,0.004365392,0.21997859,0.006955947,0.023399342,0.00848341,0.08439767,0.010870862,0.7261143,0.019323478,0.07869745,0.014261344,0.037848596,0.008204761,null,null,null,null,"TWOGAUSSIANS",8,23.454569,0.21997859,0.006955947,0.13103631,0.047507092,0.084397316,0.010872522,0.7261143,0.019323478,0.4,0.014604662,0.03784824,0.008204167
375316653866487564,5945412830019298432,0.43648797,2253.747467982356,0.026708903341977036,2.3933402E-5,18.41857,0.0041314405,0.17171507,0.007893419,0.0407982,0.005733403,0.120621085,0.015352814,0.71225214,0.001880632,0.04546946,0.008356525,1.5693392,3.7885737,null,null,null,null,"TWOGAUSSIANS",8,4.693173,0.71225214,0.001880632,0.254629,0.046796538,1.5693392,3.7885737,0.17171507,0.007893419,0.22846991,0.03210706,0.120621085,0.015352824
375316653866487564,5945412967458734592,0.5688186,2284.242190420115,3.124063356574331,5.106015E-6,18.544485,0.013054909,0.13625313,0.0016884875,0.08126479,0.0043426696,0.47280937,0.029319875,0.63024193,0.0018332676,0.07804366,0.003189498,0.53578854,0.021208331,null,null,null,null,"TWOGAUSSIANS",8,2.9319134,0.63024193,0.0018332676,0.4,0.0,0.5293117,0.020948118,0.13625313,0.0016884875,0.4,0.0,0.46633258,0.03023508
375316653866487564,5945414101323887744,0.5548501,2281.2209534056447,3.034833477669498,7.865921E-6,17.72023,0.0102357175,0.2211944,0.002507536,0.048037987,0.015746323,0.08807118,0.026681568,0.72114986,0.009376425,0.036733694,0.011752924,0.17390618,0.14161798,0.12480165,0.015480751,0.2211944,0.002507536,"TWOGAUSSIANS_WITH_ELLIPSOIDAL_ON_ECLIPSE1",9,7.1775966,0.7211598,0.008201155,0.2057087,0.06581637,0.42350885,0.14484987,0.2211944,0.002507536,0.26901272,0.08817941,0.33767387,0.022601126
375316653866487564,5945415342582962560,0.45352706,2298.8925543942305,0.1930761812482012,3.2665914E-5,18.029665,0.012439185,0.25844756,0.005430028,0.05603393,0.016024537,0.13875611,0.021175371,0.7452496,0.017056793,0.13491775,0.034928154,0.088519625,0.01117999,null,null,null,null,"TWOGAUSSIANS",8,2.6654508,0.25848755,0.005441364,0.31379002,0.089737415,0.13408674,0.02309141,0.7452496,0.017056793,0.4,0.0,0.08365452,0.0063959653
375316653866487564,5945415716237314176,0.5439388,2307.745650138609,3.4612992714738864,8.865465E-6,18.691011,0.011203743,0.3081315,0.0031198987,0.07733221,0.007022838,0.45397925,0.028881242,0.8129052,0.0030007102,0.072601125,0.0055461517,0.3950985,0.031864844,null,null,null,null,"TWOGAUSSIANS",8,4.3225083,0.3081315,0.0031198987,0.4,0.0,0.45104572,0.029889222,0.8129052,0.0030007102,0.4,0.010688762,0.39216498,0.032504153
375316653866487564,5945416854411272064,0.6557339,2307.2442936770144,1.56379233975554,2.1324453E-5,13.950207,0.0034149871,0.20865573,0.0032892427,0.044231113,0.0049785343,0.056263793,0.0081722215,0.7041542,0.0028695685,0.042195383,0.0042105177,0.5413078,0.011495921,0.017496228,0.0046684984,0.20865573,0.0032892427,"TWOGAUSSIANS_WITH_ELLIPSOIDAL_ON_ECLIPSE1",9,43.98768,0.7041942,0.002836711,0.23629415,0.023578899,0.5762725,0.011397545,0.20865573,0.0032892427,0.24769422,0.027879793,0.091256164,0.0029474841
375316653866487564,5945417266728140416,0.5265811,2275.047039086145,2.7673510661338767,1.3809097E-5,18.35336,0.016923757,0.29990295,0.0063018557,0.095687546,0.009777082,0.3226294,0.019821726,0.78793925,0.0042262706,0.0895932,0.008100019,0.26716182,0.01687449,null,null,null,null,"TWOGAUSSIANS",8,4.8586473,0.29990295,0.0063018557,0.4,0.0,0.30969328,0.018021185,0.78793925,0.0042262706,0.4,0.0,0.2542265,0.011822341
375316653866487564,5945418744188564352,0.51663804,2344.1230762221603,4.1761359086877485,7.660842E-6,19.757473,0.014141197,0.22467606,0.00330834,0.07094841,0.005573224,0.5040281,0.021469941,0.72793406,0.0034059815,0.06777364,0.0059824693,0.5388823,0.084502846,null,null,null,null,"TWOGAUSSIANS",8,1.7231146,0.72793406,0.0034059815,0.37953237,0.028437404,0.53743786,0.08520191,0.22467606,0.00330834,0.39731106,0.014892102,0.5025836,0.021775238
375316653866487564,5945421007632167424,0.46134564,2308.2362094737778,3.639353313158864,2.3372757E-5,18.206083,0.6697635,0.25121242,0.02329224,0.17276454,0.07383395,0.38046235,0.5262451,0.7379229,0.013340239,0.2027014,0.12623034,0.44583556,0.634471,null,null,null,null,"TWOGAUSSIANS",8,2.8764734,0.7379229,0.013340239,0.4,0.0,0.13228755,0.013272931,0.26061243,0.011014518,0.4,0.0,0.0984589,0.015027988
375316653866487564,5945421076350715392,0.5945871,2338.811189089579,2.779190519584172,7.3313527E-6,15.3622675,0.014945008,0.32974374,0.0037745433,0.061175298,0.009269101,0.19196907,0.03335378,0.81077474,0.020455014,0.043765076,0.021217061,0.19547525,0.040373202,0.10889968,0.01567102,0.32974374,0.0037745433,"TWOGAUSSIANS_WITH_ELLIPSOIDAL_ON_ECLIPSE1",9,73.95088,0.81349474,0.020935126,0.24508442,0.11881554,0.41058883,0.037409794,0.32974374,0.0037745433,0.34258166,0.051906966,0.40972215,0.01617082
