Gaia/vari_eclipsing_binary/VariEclipsingBinary_667311-667333.csv
# %ECSV 1.0
# ---
# delimiter: ','
# meta: !!omap
# - RELEASE: Gaia DR3
# - TABLE: vari_eclipsing_binary
# - DESCRIPTION: >
#     This table describes the properties of the eclipsing binaries resulting from the variability analysis. 
# - CITATION: >
#     How to cite and acknowledge Gaia: 
#     https://gea.esac.esa.int/archive/documentation/credits.html 
# - KNOWN_ISSUES: >
#     Known issues: 
#     https://www.cosmos.esa.int/web/gaia-users/known-issues 
# - DOCUMENTATION: >
#     Tutorials and documentation: 
#     https://www.cosmos.esa.int/web/gaia-users/archive 
# datatype:
# - 
#   name: solution_id
#   datatype: int64
#   description: Solution Identifier
#   meta:
#     ucd: meta.version
# - 
#   name: source_id
#   datatype: int64
#   description: Unique source identifier
#   meta:
#     ucd: meta.id;meta.main
# - 
#   name: global_ranking
#   datatype: float32
#   description: Number between 0 (worst) and 1 (best)
#   meta:
#     ucd: stat.param
# - 
#   name: reference_time
#   datatype: float64
#   unit: d
#   description: Reference time used for the geometric model fit
#   meta:
#     ucd: time.epoch
# - 
#   name: frequency
#   datatype: float64
#   unit: d**-1
#   description: Frequency of geometric model of the eclipsing binary light curve
#   meta:
#     ucd: src.orbital
# - 
#   name: frequency_error
#   datatype: float32
#   unit: d**-1
#   description: "Uncertainty of \\texttt{frequency}"
#   meta:
#     ucd: stat.error
# - 
#   name: geom_model_reference_level
#   datatype: float32
#   unit: mag
#   description: Magnitude reference level of geometric model
#   meta:
#     ucd: phot.mag;em.opt
# - 
#   name: geom_model_reference_level_error
#   datatype: float32
#   unit: mag
#   description: "Uncertainty of \\texttt{geomModelReferenceLevel}"
#   meta:
#     ucd: stat.error;phot.mag;em.opt
# - 
#   name: geom_model_gaussian1_phase
#   datatype: float32
#   description: Phase of the Gaussian 1 component
#   meta:
#     ucd: time.phase
# - 
#   name: geom_model_gaussian1_phase_error
#   datatype: float32
#   description: "Uncertainty of \\texttt{geomModelGaussian1Phase}"
#   meta:
#     ucd: stat.error;time.phase
# - 
#   name: geom_model_gaussian1_sigma
#   datatype: float32
#   description: "Standard deviation [phase] of Gaussian 1 component"
#   meta:
#     ucd: stat.stdev
# - 
#   name: geom_model_gaussian1_sigma_error
#   datatype: float32
#   description: "Uncertainty of \\texttt{geomModelGaussian1Sigma}"
#   meta:
#     ucd: stat.error
# - 
#   name: geom_model_gaussian1_depth
#   datatype: float32
#   unit: mag
#   description: Magnitude depth of Gaussian 1 component
#   meta:
#     ucd: src.var.amplitude
# - 
#   name: geom_model_gaussian1_depth_error
#   datatype: float32
#   unit: mag
#   description: "Uncertainty of \\texttt{geomModelGaussian1Depth}"
#   meta:
#     ucd: stat.error;src.var.amplitude
# - 
#   name: geom_model_gaussian2_phase
#   datatype: float32
#   description: Phase of Gaussian 2 component
#   meta:
#     ucd: time.phase
# - 
#   name: geom_model_gaussian2_phase_error
#   datatype: float32
#   description: "Uncertainty of \\texttt{geomModelGaussian2Phase}"
#   meta:
#     ucd: stat.error;time.phase
# - 
#   name: geom_model_gaussian2_sigma
#   datatype: float32
[...]
#   datatype: float32
#   description: "Secondary eclipse: uncertainty of \\texttt{derivedSecondaryEclDuration}"
#   meta:
#     ucd: stat.error;time.duration
# - 
#   name: derived_secondary_ecl_depth
#   datatype: float32
#   unit: mag
#   description: "Secondary eclipse: depth"
#   meta:
#     ucd: src.var.amplitude
# - 
#   name: derived_secondary_ecl_depth_error
#   datatype: float32
#   unit: mag
#   description: "Secondary eclipse: uncertainty of \\texttt{derivedSecondaryEclDepth}"
#   meta:
#     ucd: stat.error;src.var.amplitude
solution_id,source_id,global_ranking,reference_time,frequency,frequency_error,geom_model_reference_level,geom_model_reference_level_error,geom_model_gaussian1_phase,geom_model_gaussian1_phase_error,geom_model_gaussian1_sigma,geom_model_gaussian1_sigma_error,geom_model_gaussian1_depth,geom_model_gaussian1_depth_error,geom_model_gaussian2_phase,geom_model_gaussian2_phase_error,geom_model_gaussian2_sigma,geom_model_gaussian2_sigma_error,geom_model_gaussian2_depth,geom_model_gaussian2_depth_error,geom_model_cosine_half_period_amplitude,geom_model_cosine_half_period_amplitude_error,geom_model_cosine_half_period_phase,geom_model_cosine_half_period_phase_error,model_type,num_model_parameters,reduced_chi2,derived_primary_ecl_phase,derived_primary_ecl_phase_error,derived_primary_ecl_duration,derived_primary_ecl_duration_error,derived_primary_ecl_depth,derived_primary_ecl_depth_error,derived_secondary_ecl_phase,derived_secondary_ecl_phase_error,derived_secondary_ecl_duration,derived_secondary_ecl_duration_error,derived_secondary_ecl_depth,derived_secondary_ecl_depth_error
[from data line 646]
375316653866487564,5869924897137068544,0.46601903,2270.540734263035,1.2448884515672913,1.2046594E-5,18.135553,0.009654696,0.24770989,0.015587074,0.10176014,0.021294963,0.060318734,0.012543093,0.7229144,0.0038514733,0.09316245,0.010400073,0.114165165,0.008352034,null,null,null,null,"TWOGAUSSIANS",8,2.9000466,0.7229144,0.0038514733,0.4,0.0,0.10985196,0.0055867033,0.24770989,0.015586231,0.4,0.0,0.056004588,0.007391323
375316653866487564,5869925657349312384,0.51227486,2249.5177233410996,2.8860124151893403,6.666966E-6,19.635588,0.008700854,0.2557052,0.00443889,0.08136266,0.005367864,0.37325335,0.011355723,0.74640465,0.0020585656,0.08347228,0.003735545,0.3910959,0.009976811,null,null,null,null,"TWOGAUSSIANS",8,2.0147085,0.74640465,0.0020585656,0.4,0.0,0.3846352,0.009561399,0.2557052,0.00443889,0.4,0.0,0.36679265,0.010662721
375316653866487564,5869925859210127488,0.5052302,2260.8726480376376,1.0025655533593458,2.2613099E-6,18.026627,0.003198453,0.39115432,0.002851548,0.021596374,0.0023660115,0.38491997,0.0129505135,0.89273244,0.004454494,0.02142273,0.002446885,0.27699956,0.02577667,null,null,null,null,"TWOGAUSSIANS",8,13.930525,0.39115432,0.002851548,0.120939694,0.013249665,0.38491997,0.0129505135,0.89273244,0.004454494,0.11996729,0.013702556,0.27699956,0.02577667
375316653866487564,5869926031008792704,0.4955321,2276.5762779879065,2.270989408580911,1.3895045E-5,18.03747,0.020991826,0.24735996,0.0047236034,0.112223215,0.013716935,0.18625036,0.019494642,0.7605732,0.0030104402,0.10202138,0.009067018,0.23731849,0.019257622,null,null,null,null,"TWOGAUSSIANS",8,8.667089,0.7605932,0.003017334,0.4,0.0,0.21371101,0.007990612,0.24734996,0.0047303988,0.4,0.0,0.1626257,0.008844905
375316653866487564,5869926443325566848,0.5051354,2272.0556858349064,0.24333136005777148,5.827252E-6,18.59471,0.0030747761,0.36939216,9.806217E-4,0.019300863,9.2025805E-4,0.3883925,0.019976782,0.8692847,0.004352522,0.019542428,0.003022674,0.3235524,0.12961783,null,null,null,null,"TWOGAUSSIANS",8,5.116551,0.36939216,9.806217E-4,0.10808483,0.005153445,0.3883925,0.019976782,0.8692847,0.004352522,0.1094376,0.016926974,0.3235524,0.12961783
375316653866487564,5869927199258156160,0.41578436,2276.3734453838833,1.0501446632401743,1.22926E-5,18.907328,0.012045954,0.34335864,0.032356836,0.16696301,0.047806747,0.048941046,0.012608344,0.944939,0.0017617178,0.017963205,0.002279503,0.23336357,0.078289635,null,null,null,null,"TWOGAUSSIANS",8,6.6567197,0.944989,0.0017520679,0.10059395,0.012765218,0.23517296,0.07840959,0.34335864,0.032356836,0.4,0.0,0.047836117,0.010685081
375316653866487564,5869927890733253376,0.4970574,2252.4935201895046,3.718635667188011,1.5126809E-5,18.7489,0.0076411203,0.21674927,0.004607829,0.078510165,0.0054622414,0.24868375,0.0105975615,0.71009517,0.00286826,0.0782222,0.0047046733,0.23674643,0.009414521,null,null,null,null,"TWOGAUSSIANS",8,5.178208,0.21674927,0.004607829,0.4,0.0,0.24607208,0.010162717,0.71009517,0.00286826,0.4,0.0,0.23413476,0.0090507865
375316653866487564,5869928818445503616,0.45440143,2266.088628409338,0.526287819590455,1.0256801E-5,18.935299,0.0026953197,0.25065604,0.0036063744,0.029096736,0.0050297775,0.15199618,0.022679731,0.74852043,0.0033454362,0.03551171,0.0056924904,0.41386375,0.14944588,null,null,null,null,"TWOGAUSSIANS",8,2.6991026,0.74852043,0.0033454362,0.19886558,0.031877946,0.41386375,0.14944588,0.25065604,0.0036063744,0.16294172,0.028166756,0.15199618,0.022679731
375316653866487564,5869928887165064192,0.5036945,2243.0761831536583,2.207728883607113,1.1708398E-5,19.23873,0.0055226632,0.24169694,0.003139536,0.042464808,0.002549283,0.4047546,0.025894713,0.74116707,0.0031325023,0.03817739,0.0024495823,0.3807946,0.032461062,null,null,null,null,"TWOGAUSSIANS",8,5.382695,0.24169694,0.003139536,0.23780294,0.014275984,0.4047546,0.025894715,0.74116707,0.0031325023,0.2137934,0.013717662,0.3807946,0.032461062
375316653866487564,5869929196471696256,0.5296957,2252.182978694366,1.9813756797736195,1.03863E-5,17.162336,0.009374569,0.2514088,0.0051489323,0.093391545,0.010187804,0.11775323,0.00929485,0.7403892,0.003548412,0.10203747,0.007640717,0.16984715,0.008871313,null,null,null,null,"TWOGAUSSIANS",8,5.4667983,0.7403892,0.003548412,0.4,0.0,0.1605322,0.004079191,0.2514088,0.005145441,0.4,0.0,0.10844047,0.005095447
375316653866487564,5869929432623596032,0.45211053,2273.9979322313966,0.17734522818156503,6.2111453E-6,17.533325,0.0030335255,0.48671478,1.8064334E-4,0.0047573647,4.6333985E-4,0.3539962,0.025413156,0.7938246,0.008975429,0.048060134,0.0076216813,0.04293125,0.011146458,0.005838703,0.0041824835,0.48671478,1.8064334E-4,"TWOGAUSSIANS_WITH_ELLIPSOIDAL_ON_ECLIPSE1",9,18.818146,0.48671478,1.8064334E-4,0.026641242,0.002594703,0.36567348,0.025665551,0.7965246,0.00875854,0.26913673,0.042681415,0.04443638,0.011626153
375316653866487564,5869930085458572544,0.56237936,2279.0633699683176,0.08660198746303782,4.188505E-6,18.43177,0.0025960745,0.27313685,7.420489E-4,0.02472381,9.082386E-4,0.48155412,0.017316038,0.7987291,0.0052303155,0.0100432215,0.0066982447,0.049242135,0.03949636,0.043340053,0.003713494,0.27313685,7.420489E-4,"TWOGAUSSIANS_WITH_ELLIPSOIDAL_ON_ECLIPSE1",9,3.452095,0.27313685,7.420489E-4,0.13845333,0.005086136,0.56823415,0.017134553,0.7987291,0.0052303155,0.056242038,0.03751017,0.13370016,0.03913143
375316653866487564,5869930222897650304,0.51777583,2269.844311456318,1.6585920563134944,7.961289E-6,18.37941,0.041697975,0.2551965,0.0020091673,0.11935002,0.016249495,0.19752502,0.039634805,0.7568864,0.0030770164,0.12520039,0.019220013,0.18936668,0.039601743,null,null,null,null,"TWOGAUSSIANS",8,1.6200109,0.2551765,0.002020299,0.4,0.0,0.15054323,0.0042653754,0.75689644,0.0030914547,0.4,0.0,0.14231549,0.0055342847
375316653866487564,5869930532135598208,0.48317197,2274.9871886189794,0.29407611333175887,3.3098456E-6,18.78225,0.0042952513,0.2811382,0.0020060726,0.01187506,0.0014536761,0.6977072,0.23919755,0.7437264,0.021328462,0.024706293,0.045168184,0.052516144,0.025765458,null,null,null,null,"TWOGAUSSIANS",8,6.349046,0.2811382,0.0020060726,0.06650034,0.008140586,0.6977072,0.23919755,0.7437264,0.021328462,0.13835524,0.25294182,0.052516144,0.025765458
375316653866487564,5869930635214765184,0.44177577,2258.2068827789667,2.7222172658060435,2.1331745E-5,19.129745,0.057510957,0.23350875,0.006763525,0.107326,0.02098324,0.31040263,0.051427595,0.74371237,0.007947079,0.108574644,0.02095581,0.29588518,0.05397395,null,null,null,null,"TWOGAUSSIANS",8,11.597539,0.23349874,0.0067600277,0.4,0.0,0.27328154,0.020703029,0.7437224,0.007945932,0.4,0.0,0.25876123,0.019348172
375316653866487564,5869930880098985728,0.68754447,2279.5054489706204,0.3033578429338874,1.0745704E-6,16.097872,0.0011969141,0.21169229,0.0011699898,0.023438394,0.0011321984,0.08622728,0.006518031,0.70987827,3.5922596E-4,0.02332663,3.1540918E-4,1.1415802,0.021991935,0.022784809,0.0018002337,0.21169229,0.0011699898,"TWOGAUSSIANS_WITH_ELLIPSOIDAL_ON_ECLIPSE1",9,13.557472,0.70987827,3.5922596E-4,0.13062912,0.0017662913,1.1871438,0.022178402,0.21169229,0.0011699898,0.131255,0.006340311,0.1317968,0.00606044
375316653866487564,5869931356776115456,0.53410196,2265.7098171647476,2.582003351792771,6.8640784E-6,18.520565,0.008147185,0.28146896,0.0020281093,0.08544458,0.0032955932,0.3279438,0.00916428,0.77600676,0.002008713,0.092059575,0.0045752046,0.27613828,0.008942841,null,null,null,null,"TWOGAUSSIANS",8,3.6101432,0.28146896,0.0020281093,0.4,0.0,0.31755605,0.007823265,0.77600676,0.002008713,0.4,0.0,0.26575032,0.008878877
375316653866487564,5869931734726887040,0.47005787,2275.490580536662,0.042856433788799435,1.7799877E-5,18.284412,0.0014689582,0.15606074,0.0055682412,0.025220284,0.0076783076,0.093574926,0.11168634,0.607106,3.0431427E-5,0.0021045583,2.6752654E-5,0.2777394,0.0024074428,null,null,null,null,"TWOGAUSSIANS",8,2.6794593,0.607106,3.0431427E-5,0.011785526,1.4981486E-4,0.2777394,0.0024074428,0.15606074,0.0055682412,0.1412336,0.042998523,0.093574926,0.11168634
