Gaia/vari_eclipsing_binary/VariEclipsingBinary_211522-211601.csv
# %ECSV 1.0
# ---
# delimiter: ','
# meta: !!omap
# - RELEASE: Gaia DR3
# - TABLE: vari_eclipsing_binary
# - DESCRIPTION: >
#     This table describes the properties of the eclipsing binaries resulting from the variability analysis. 
# - CITATION: >
#     How to cite and acknowledge Gaia: 
#     https://gea.esac.esa.int/archive/documentation/credits.html 
# - KNOWN_ISSUES: >
#     Known issues: 
#     https://www.cosmos.esa.int/web/gaia-users/known-issues 
# - DOCUMENTATION: >
#     Tutorials and documentation: 
#     https://www.cosmos.esa.int/web/gaia-users/archive 
# datatype:
# - 
#   name: solution_id
#   datatype: int64
#   description: Solution Identifier
#   meta:
#     ucd: meta.version
# - 
#   name: source_id
#   datatype: int64
#   description: Unique source identifier
#   meta:
#     ucd: meta.id;meta.main
# - 
#   name: global_ranking
#   datatype: float32
#   description: Number between 0 (worst) and 1 (best)
#   meta:
#     ucd: stat.param
# - 
#   name: reference_time
#   datatype: float64
#   unit: d
#   description: Reference time used for the geometric model fit
#   meta:
#     ucd: time.epoch
# - 
#   name: frequency
#   datatype: float64
#   unit: d**-1
#   description: Frequency of geometric model of the eclipsing binary light curve
#   meta:
#     ucd: src.orbital
# - 
#   name: frequency_error
#   datatype: float32
#   unit: d**-1
#   description: "Uncertainty of \\texttt{frequency}"
#   meta:
#     ucd: stat.error
# - 
#   name: geom_model_reference_level
#   datatype: float32
#   unit: mag
#   description: Magnitude reference level of geometric model
#   meta:
#     ucd: phot.mag;em.opt
# - 
#   name: geom_model_reference_level_error
#   datatype: float32
#   unit: mag
#   description: "Uncertainty of \\texttt{geomModelReferenceLevel}"
#   meta:
#     ucd: stat.error;phot.mag;em.opt
# - 
#   name: geom_model_gaussian1_phase
#   datatype: float32
#   description: Phase of the Gaussian 1 component
#   meta:
#     ucd: time.phase
# - 
#   name: geom_model_gaussian1_phase_error
#   datatype: float32
#   description: "Uncertainty of \\texttt{geomModelGaussian1Phase}"
#   meta:
#     ucd: stat.error;time.phase
# - 
#   name: geom_model_gaussian1_sigma
#   datatype: float32
#   description: "Standard deviation [phase] of Gaussian 1 component"
#   meta:
#     ucd: stat.stdev
# - 
#   name: geom_model_gaussian1_sigma_error
#   datatype: float32
#   description: "Uncertainty of \\texttt{geomModelGaussian1Sigma}"
#   meta:
#     ucd: stat.error
# - 
#   name: geom_model_gaussian1_depth
#   datatype: float32
#   unit: mag
#   description: Magnitude depth of Gaussian 1 component
#   meta:
#     ucd: src.var.amplitude
# - 
#   name: geom_model_gaussian1_depth_error
#   datatype: float32
#   unit: mag
#   description: "Uncertainty of \\texttt{geomModelGaussian1Depth}"
#   meta:
#     ucd: stat.error;src.var.amplitude
# - 
#   name: geom_model_gaussian2_phase
#   datatype: float32
#   description: Phase of Gaussian 2 component
#   meta:
#     ucd: time.phase
# - 
#   name: geom_model_gaussian2_phase_error
#   datatype: float32
#   description: "Uncertainty of \\texttt{geomModelGaussian2Phase}"
#   meta:
#     ucd: stat.error;time.phase
# - 
#   name: geom_model_gaussian2_sigma
#   datatype: float32
[...]
#   datatype: float32
#   description: "Secondary eclipse: uncertainty of \\texttt{derivedSecondaryEclDuration}"
#   meta:
#     ucd: stat.error;time.duration
# - 
#   name: derived_secondary_ecl_depth
#   datatype: float32
#   unit: mag
#   description: "Secondary eclipse: depth"
#   meta:
#     ucd: src.var.amplitude
# - 
#   name: derived_secondary_ecl_depth_error
#   datatype: float32
#   unit: mag
#   description: "Secondary eclipse: uncertainty of \\texttt{derivedSecondaryEclDepth}"
#   meta:
#     ucd: stat.error;src.var.amplitude
solution_id,source_id,global_ranking,reference_time,frequency,frequency_error,geom_model_reference_level,geom_model_reference_level_error,geom_model_gaussian1_phase,geom_model_gaussian1_phase_error,geom_model_gaussian1_sigma,geom_model_gaussian1_sigma_error,geom_model_gaussian1_depth,geom_model_gaussian1_depth_error,geom_model_gaussian2_phase,geom_model_gaussian2_phase_error,geom_model_gaussian2_sigma,geom_model_gaussian2_sigma_error,geom_model_gaussian2_depth,geom_model_gaussian2_depth_error,geom_model_cosine_half_period_amplitude,geom_model_cosine_half_period_amplitude_error,geom_model_cosine_half_period_phase,geom_model_cosine_half_period_phase_error,model_type,num_model_parameters,reduced_chi2,derived_primary_ecl_phase,derived_primary_ecl_phase_error,derived_primary_ecl_duration,derived_primary_ecl_duration_error,derived_primary_ecl_depth,derived_primary_ecl_depth_error,derived_secondary_ecl_phase,derived_secondary_ecl_phase_error,derived_secondary_ecl_duration,derived_secondary_ecl_duration_error,derived_secondary_ecl_depth,derived_secondary_ecl_depth_error
[from data line 288]
375316653866487564,1860841688195439616,0.5911557,2195.756536159407,2.5083379751165595,3.426887E-6,18.648787,0.0115162,0.22332832,0.0016856258,0.04801026,0.0034863597,0.39235845,0.03275334,0.72794414,0.0014257899,0.049581904,0.0024328092,0.37095553,0.027627386,0.122654445,0.015397342,0.22332832,0.0016856258,"TWOGAUSSIANS_WITH_ELLIPSOIDAL_ON_ECLIPSE1",9,4.0090466,0.22332832,0.0016856258,0.26885745,0.019523615,0.6376659,0.027201774,0.72794414,0.0014257899,0.27765867,0.013623731,0.61605674,0.012241041
375316653866487564,1860842585851903744,0.5509473,2205.417475435645,2.1116280797468003,1.1600292E-5,18.349844,0.0064151925,0.3189146,0.0042006862,0.08812116,0.00581129,0.23241962,0.0070281494,0.82091564,0.0038238822,0.08001818,0.0058793738,0.11397358,0.0069717504,null,null,null,null,"TWOGAUSSIANS",8,1.7399156,0.3189146,0.0042006862,0.4,0.0,0.2286065,0.005708639,0.82091564,0.0038238822,0.4,0.0,0.110160515,0.005619003
375316653866487564,1860843165664787712,0.5383529,2212.6813988846816,2.9218338679025324,9.079621E-6,18.703188,0.010603037,0.24980873,0.0035696262,0.08636927,0.0058604633,0.26331946,0.010308242,0.746522,0.006040021,0.093673594,0.0076813153,0.25799906,0.024999442,null,null,null,null,"TWOGAUSSIANS",8,2.517547,0.24980873,0.0035696262,0.4,0.0,0.25285587,0.006026129,0.746522,0.006040021,0.4,0.0,0.24753514,0.026006876
375316653866487564,1860843204327209728,0.619699,2199.833742771684,0.8773505114192396,2.4832239E-6,17.476793,0.003075659,0.16597436,0.01145576,0.0124593,0.011624133,0.055844866,10.313217,0.64115626,7.697021E-4,0.03271944,0.001558688,1.0326871,0.05762934,0.0128922695,0.0043772007,0.16597436,0.01145576,"TWOGAUSSIANS_WITH_ELLIPSOIDAL_ON_ECLIPSE1",9,12.156656,0.64120626,7.6706754E-4,0.18322887,0.008728652,1.057851,0.061694,0.16597436,0.01145576,0.06977208,0.06509514,0.0816294,10.313558
375316653866487564,1860845330328536576,0.43779963,2211.04434475278,0.8529331390206121,9.869308E-6,19.691944,0.008704362,0.20566192,0.0052760397,0.042663556,0.0060657505,0.2570832,0.05166972,0.70106757,0.0054481393,0.014946331,0.026792698,0.17021759,0.113938116,null,null,null,null,"TWOGAUSSIANS",8,4.7112303,0.20566192,0.0052760397,0.2389159,0.033968203,0.2570832,0.05166972,0.70106757,0.0054481393,0.08369946,0.1500391,0.17021759,0.11393812
375316653866487564,1860846399783048448,0.6342539,2207.123882901194,1.3529827285345675,2.933871E-6,16.062243,0.0038225746,0.25506437,0.0020177164,0.045356866,0.0054415157,0.04861033,0.009863426,0.75080216,0.0010838916,0.055330966,0.0020688418,0.20947912,0.008117081,0.06443593,0.0048947004,0.25506437,0.0020177164,"TWOGAUSSIANS_WITH_ELLIPSOIDAL_ON_ECLIPSE1",9,7.8597007,0.7513522,8.49272E-4,0.3098534,0.011585514,0.33826503,0.0035991417,0.25506437,0.0020177164,0.25399843,0.030472487,0.17747669,0.004732574
375316653866487564,1860846502862151168,0.5656574,2221.5611537682094,0.14956608039457928,5.232301E-6,16.574137,0.0010840467,0.30519557,8.02802E-4,0.018066213,9.437242E-4,0.110288434,0.0033144073,0.8060988,0.047931597,0.015294458,0.013184041,0.014267493,33.776073,0.048806343,0.0017652508,0.30519557,8.02802E-4,"TWOGAUSSIANS_WITH_ELLIPSOIDAL_ON_ECLIPSE1",9,6.3035784,0.30519557,8.02802E-4,0.101170786,0.0052848556,0.20790105,0.0028113928,0.8060988,0.026304478,0.08564896,0.07383063,0.111876965,33.77508
375316653866487564,1860846812089653760,0.57146007,2214.845647335884,4.015172568532637,6.4910732E-6,18.974659,0.0057235956,0.22418573,0.0018293196,0.062651165,0.0016629819,0.63657236,0.014729535,0.7143132,0.0031568722,0.06984142,0.0027229025,0.4174109,0.014757969,null,null,null,null,"TWOGAUSSIANS",8,3.0386922,0.22418573,0.0018293196,0.35084653,0.009312699,0.63595474,0.014722919,0.7143132,0.0031568722,0.39111197,0.015248254,0.4167933,0.014717158
375316653866487564,1860847941668911616,0.6426319,2219.197547291202,1.8769283807236694,2.5111317E-6,17.979862,0.003744461,0.24357009,0.0020241698,0.047001082,0.005086686,0.099775046,0.014163856,0.743942,9.1067044E-4,0.048760045,0.0012178005,0.45215806,0.009709457,0.068485774,0.0048926165,0.24357009,0.0020241698,"TWOGAUSSIANS_WITH_ELLIPSOIDAL_ON_ECLIPSE1",9,1.8969426,0.743942,8.9951354E-4,0.27305624,0.006819683,0.5891279,0.008584575,0.24357009,0.0020241698,0.26320606,0.028485442,0.23674564,0.0120161725
375316653866487564,1860848117770232064,0.66781825,2228.0617801912394,2.4938607271401017,1.7744082E-6,17.127144,0.0057382635,0.28736246,7.667642E-4,0.049712934,0.0017138512,0.36941904,0.015227316,0.78681386,0.001139372,0.04900892,0.0022168283,0.3428031,0.019340232,0.14650862,0.009209335,0.28736246,7.667642E-4,"TWOGAUSSIANS_WITH_ELLIPSOIDAL_ON_ECLIPSE1",9,5.5721793,0.28736246,7.667642E-4,0.27839243,0.009597567,0.6624339,0.0065284763,0.78689384,9.526069E-4,0.27444994,0.0124142375,0.635815,0.0177698
375316653866487564,1860849281697988352,0.46870297,2200.076765840738,2.9233016321607663,2.0909345E-5,19.286314,0.008029803,0.24351978,0.004351673,0.059923917,0.008357079,0.16947955,0.015363604,0.7572454,0.008745309,0.08359587,0.011584195,0.14721546,0.009158951,null,null,null,null,"TWOGAUSSIANS",8,2.24559,0.24351978,0.004351673,0.33557394,0.04679964,0.16897203,0.01555271,0.7572454,0.008745309,0.4,0.0,0.1467079,0.008921394
375316653866487564,1860850144994694144,0.6212555,2208.245862156509,2.0346481968101164,4.4897342E-6,16.452276,0.0030107351,0.18790069,0.0016625774,0.07572169,0.002906663,0.16228111,0.0040419633,0.6814387,0.0011913817,0.08693658,0.0018443783,0.2793604,0.0040701986,null,null,null,null,"TWOGAUSSIANS",8,5.301531,0.6814387,0.0011913817,0.4,0.0,0.2759711,0.00389071,0.18790069,0.0016625774,0.4,0.0,0.15889184,0.0040236427
375316653866487564,1860850282423756032,0.4735717,2196.897787459739,3.1713536640150095,2.3754135E-5,19.667324,0.019545993,0.25498337,0.00954918,0.091682166,0.015437288,0.22925822,0.02002608,0.75343996,0.0068475744,0.09190146,0.0128768785,0.25061858,0.030543838,null,null,null,null,"TWOGAUSSIANS",8,1.9728879,0.75343996,0.0068475744,0.4,0.0,0.23913822,0.030908171,0.25498337,0.00954918,0.4,0.0,0.2177779,0.016668586
375316653866487564,1860850827886503680,0.45336223,2201.0154501509737,2.2068469257207344,1.4148207E-5,18.429754,0.008025166,0.19792262,0.0031857016,0.03233351,0.0075856815,0.24516386,0.12717971,0.72836643,0.026601315,0.068062775,0.012561961,0.09581685,0.0290279,0.0485947,0.014225856,0.19792262,0.0031857016,"TWOGAUSSIANS_WITH_ELLIPSOIDAL_ON_ECLIPSE1",9,10.625014,0.19792262,0.0031857016,0.18106766,0.042479817,0.34233323,0.13539045,0.72836643,0.026601315,0.38115153,0.07034698,0.18947326,0.022919267
375316653866487564,1860852133556612864,0.55935276,2190.4755737599803,4.800752647212435,7.570751E-6,19.685812,0.011230086,0.25908494,0.0050648153,0.07094086,0.0036102794,0.54579544,0.024067799,0.7548779,0.0013250252,0.07582659,0.0034592417,0.4936669,0.01132514,null,null,null,null,"TWOGAUSSIANS",8,1.2739044,0.25908494,0.0050648153,0.3972688,0.016069164,0.5429611,0.023598341,0.7548779,0.0013250252,0.4,0.0,0.4908326,0.011202353
375316653866487564,1860853851543508992,0.53276145,2217.656255307359,3.3192044740300686,8.89205E-6,18.899712,0.009772448,0.27135608,0.003075036,0.06746673,0.0043789805,0.41739246,0.022095824,0.76940984,0.0030040576,0.075442456,0.0035603878,0.4969212,0.01606707,null,null,null,null,"TWOGAUSSIANS",8,4.6736393,0.76940984,0.0030040576,0.4,0.0,0.4950069,0.016068758,0.27135608,0.003075036,0.3778137,0.02452229,0.41547814,0.022315128
375316653866487564,1860853954626061184,0.46269354,2203.6782979729596,3.663766743841646,1.6928945E-5,19.720753,0.012372227,0.1891656,0.0074400953,0.07683517,0.00809268,0.23465812,0.014349769,0.6818935,0.004056755,0.07705407,0.008473278,0.24986818,0.021688731,null,null,null,null,"TWOGAUSSIANS",8,2.0654685,0.6818935,0.004056755,0.4,0.0,0.24775162,0.022160385,0.1891656,0.0074400953,0.4,0.0,0.23254156,0.012842995
375316653866487564,1860855161520605696,0.48762223,2208.1212174184207,4.532394947863417,1.1210047E-6,19.6342,0.002616064,0.5987171,1.9124935E-5,0.0038901963,2.3009025E-5,0.96527255,0.0035684826,null,null,null,null,null,null,null,null,null,null,"ONEGAUSSIAN",5,1.5449375,0.5987171,1.9124935E-5,0.021785099,1.2885054E-4,0.96527255,0.0,null,null,null,null,null,null
375316653866487564,1860855810048785792,0.49968788,2199.6247148686884,1.8815709381354737,1.1639655E-5,15.955788,0.906632,0.25250232,0.009124517,0.13457453,0.028458312,0.6141465,0.3726663,0.76369685,0.009064558,0.26178968,0.17635071,0.69839185,0.89887553,null,null,null,null,"TWOGAUSSIANS",8,47.40346,0.24864233,0.0060194577,0.4,0.0,0.29339027,0.026154298,0.76478684,0.008095578,0.4,0.0,0.15371464,0.0127954185
375316653866487564,1860856192308672896,0.524001,2208.1386144182557,1.4546275840738396,1.0430421E-5,17.905716,0.15757065,0.28704593,0.0036019925,0.13536514,0.044751376,0.19328412,0.15179215,0.7859337,0.002337002,0.12843487,0.037159316,0.18081897,0.14758272,null,null,null,null,"TWOGAUSSIANS",8,1.5725297,0.28706592,0.0036539936,0.4,0.0,0.13189295,0.0053794663,0.7859337,0.0023491702,0.4,0.0,0.11966412,0.0041910713
375316653866487564,1860857562395372416,0.61523277,2189.764621861228,2.802771873450947,3.2846995E-6,17.62242,0.008640806,0.2744071,0.0010552208,0.039588835,0.002601758,0.34340736,0.017115882,0.77063537,0.0020273994,0.04351045,0.0031879954,0.50247705,0.021535227,0.16166869,0.011471166,0.2744071,0.0010552208,"TWOGAUSSIANS_WITH_ELLIPSOIDAL_ON_ECLIPSE1",9,12.786951,0.77096534,0.0018611352,0.24365851,0.017852774,0.82564855,0.017803187,0.2744071,0.0010552208,0.22169748,0.014569845,0.6667445,0.009839908
375316653866487564,1860859078526623744,0.49620554,2185.76051828286,1.1225451377047957,9.883745E-6,17.4393,0.002046186,0.18303283,0.0013803046,0.04064704,0.001966105,0.14603344,0.004609666,0.67774546,0.0052977004,0.068013705,0.006333882,0.067513,0.0047500273,null,null,null,null,"TWOGAUSSIANS",8,3.0539925,0.18303283,0.0013803046,0.22762342,0.011010189,0.14602995,0.004609726,0.67774546,0.0052977004,0.38087678,0.03546974,0.06750951,0.004751279
375316653866487564,1860859658339649280,0.5389695,2214.1610062987957,2.958919086350764,9.62982E-6,19.300068,0.007902654,0.21943618,0.002323253,0.08335361,0.0032905794,0.381768,0.009896887,0.71983194,0.004460729,0.07645847,0.0047126,0.37192068,0.024247274,null,null,null,null,"TWOGAUSSIANS",8,1.8244747,0.21943618,0.002323253,0.4,0.0,0.3761699,0.009272734,0.71983194,0.004460729,0.4,0.0,0.36632258,0.024552096
375316653866487564,1860859933217677312,0.454465,2204.395686238691,2.5097620386089257,2.0375463E-5,18.91312,0.014617644,0.24160373,0.004857089,0.089849286,0.013522868,0.16463007,0.015052471,0.740183,0.011454601,0.10016461,0.015494879,0.1603201,0.015402268,null,null,null,null,"TWOGAUSSIANS",8,3.5849535,0.24160373,0.004857089,0.4,0.0,0.15466468,0.016555136,0.740183,0.011454601,0.4,0.0,0.15035352,0.008672124
375316653866487564,1860860105016560640,0.48045182,2158.2145181897267,0.6455955150716047,3.1826912E-5,19.028795,0.004736449,0.25149605,0.00601418,0.024387106,0.005307209,0.054632682,0.011563744,0.73913246,0.010083011,0.040527437,0.00998001,0.37896693,0.0718991,null,null,null,null,"TWOGAUSSIANS",8,2.8185833,0.73913246,0.010083011,0.22695366,0.055888057,0.37896693,0.0718991,0.25149605,0.00601418,0.1365678,0.029720372,0.054632682,0.011563744
375316653866487564,1860863064256438528,0.5046088,2199.894711608801,2.052854701138407,1.2941294E-5,15.949239,0.20357557,0.27081114,0.0054437527,0.17680605,0.10519824,0.15324193,0.20209391,0.75916,0.00606106,0.12968501,0.029809257,0.1834884,0.14382046,null,null,null,null,"TWOGAUSSIANS",8,9.248625,0.75916,0.00606106,0.4,0.0,0.10928727,0.004538911,0.27126113,0.0050553377,0.4,0.0,0.07356433,0.0058939406
375316653866487564,1860863682731635456,0.56106925,2188.7773996512974,0.8533593150297217,1.9178122E-5,18.04985,0.003121593,0.20056894,3.6874312E-4,0.01722177,3.5002016E-4,0.70761317,0.008136992,0.6944262,0.0118432,0.014788002,0.009887638,0.726552,28.4458,null,null,null,null,"TWOGAUSSIANS",8,6.447129,0.6944262,0.0118432,0.08281281,0.05537077,0.726552,28.4458,0.20056894,3.6874312E-4,0.09644191,0.0019601127,0.70761317,0.008136992
375316653866487564,1860864679163992064,0.5876716,2161.0319044797625,3.077601647263071,1.1844438E-5,16.380419,0.017210446,0.2432993,0.0031378034,0.049450926,0.029932654,0.082719,0.020676795,0.7450121,0.0037303504,0.045653462,0.01659437,0.060612045,0.03607342,0.043222405,0.019619077,0.2432993,0.0031378034,"TWOGAUSSIANS_WITH_ELLIPSOIDAL_ON_ECLIPSE1",9,4.7424507,0.2432993,0.0031378034,0.27692518,0.16379133,0.16916344,0.02179423,0.7450121,0.003539639,0.25565937,0.09292848,0.14704648,0.0038638914
375316653866487564,1860866019193859840,0.6611184,2235.34990499474,1.8807114952381936,2.5785E-6,15.886801,0.0065690856,0.25947106,5.3670094E-4,0.057741594,0.0031589253,0.18938969,0.011852872,0.76172465,0.0023122958,0.06016405,0.004226358,0.14894031,0.013601602,0.111997485,0.007378708,0.25947106,5.3670094E-4,"TWOGAUSSIANS_WITH_ELLIPSOIDAL_ON_ECLIPSE1",9,10.198731,0.25947106,5.3670094E-4,0.32335293,0.017689982,0.41334584,0.0053636674,0.76172465,0.0023122958,0.33691868,0.023667606,0.37285155,0.006147463
375316653866487564,1860866156632817664,0.59403527,2229.2262951856555,3.1472892777361516,4.169124E-6,17.126986,0.0064065806,0.25818032,0.0013342007,0.04360254,0.0040227245,0.2132227,0.016323451,0.7563284,0.002307953,0.054155268,0.0033076804,0.27260494,0.016381182,0.11861066,0.008427338,0.25818032,0.0013342007,"TWOGAUSSIANS_WITH_ELLIPSOIDAL_ON_ECLIPSE1",9,14.426399,0.7566384,0.00188496,0.3032695,0.01852301,0.50979364,0.011407603,0.25818032,0.0013342007,0.24417423,0.022527255,0.45043814,0.014422864
375316653866487564,1860868836692881152,0.50188905,2195.7493454708274,0.5816103579720431,1.75524E-5,15.658758,0.0014762542,0.2610622,0.003811057,0.037876952,0.01655274,0.027733734,0.0063043707,0.7826164,0.0074095405,0.012987027,0.009023577,0.037787315,0.015190567,0.02520451,0.0019393138,0.2610622,0.003811057,"TWOGAUSSIANS_WITH_ELLIPSOIDAL_ON_ECLIPSE1",9,11.252288,0.7826164,0.0074095405,0.07272735,0.050532028,0.08727742,0.015452994,0.2610622,0.003811057,0.21211094,0.09269534,0.07814275,0.0062739155
375316653866487564,1860869420808405760,0.53492445,2196.4947229412087,1.2119690167193475,7.1098343E-6,17.366394,0.45228827,0.23291487,0.002753396,0.14587685,0.07311673,0.2420744,0.41688487,0.7342735,0.0026683153,0.14937791,0.08710652,0.24271141,0.42713776,null,null,null,null,"TWOGAUSSIANS",8,2.9775808,0.7343635,0.002716082,0.4,0.0,0.12941588,0.005003697,0.23280486,0.002628511,0.4,0.0,0.12920943,0.0038055722
375316653866487564,1860870211082436736,0.48432797,2212.554143603674,0.3988785946079866,9.578797E-6,18.629942,0.0036916288,0.2384131,0.0034563788,0.026807493,0.003190413,0.11976421,0.049341585,0.7316629,0.0055875154,0.03034524,0.0019619102,1.1046892,0.18425007,null,null,null,null,"TWOGAUSSIANS",8,4.972694,0.7316629,0.0055875154,0.16993335,0.010986697,1.1046892,0.18425007,0.2384131,0.0034563788,0.15012196,0.017866312,0.11976421,0.049341585
375316653866487564,1860871860349996032,0.43961385,2216.373964444322,0.4731669992029387,7.748637E-6,16.880087,0.0019982005,0.21289128,0.0012726584,0.0074303797,0.0018600293,0.33017164,0.16903691,0.7099988,0.0028752042,0.008221525,0.0024997806,0.11501371,0.019904858,null,null,null,null,"TWOGAUSSIANS",8,10.986644,0.21289128,0.0012726584,0.04161013,0.010416164,0.33017164,0.16903691,0.7099988,0.0028752042,0.046040542,0.013998771,0.11501371,0.019904858
375316653866487564,1860875433762628352,0.631319,2207.9015080845284,0.4386401150413679,5.138758E-6,17.57985,0.0033726625,0.27799767,4.9274863E-4,0.024093332,6.3026085E-4,0.9070945,0.016696438,0.7746654,0.0070486646,0.029401867,0.0059850444,0.11713564,0.011488038,0.012879757,0.005334908,0.27799767,4.9274863E-4,"TWOGAUSSIANS_WITH_ELLIPSOIDAL_ON_ECLIPSE1",9,9.235023,0.27799767,4.9274863E-4,0.13492265,0.0035294609,0.932854,0.018133294,0.7747154,0.006978791,0.16465046,0.033516247,0.14288403,0.010194936
