Gaia/vari_eclipsing_binary/VariEclipsingBinary_518435-519247.csv
# %ECSV 1.0
# ---
# delimiter: ','
# meta: !!omap
# - RELEASE: Gaia DR3
# - TABLE: vari_eclipsing_binary
# - DESCRIPTION: >
#     This table describes the properties of the eclipsing binaries resulting from the variability analysis. 
# - CITATION: >
#     How to cite and acknowledge Gaia: 
#     https://gea.esac.esa.int/archive/documentation/credits.html 
# - KNOWN_ISSUES: >
#     Known issues: 
#     https://www.cosmos.esa.int/web/gaia-users/known-issues 
# - DOCUMENTATION: >
#     Tutorials and documentation: 
#     https://www.cosmos.esa.int/web/gaia-users/archive 
# datatype:
# - 
#   name: solution_id
#   datatype: int64
#   description: Solution Identifier
#   meta:
#     ucd: meta.version
# - 
#   name: source_id
#   datatype: int64
#   description: Unique source identifier
#   meta:
#     ucd: meta.id;meta.main
# - 
#   name: global_ranking
#   datatype: float32
#   description: Number between 0 (worst) and 1 (best)
#   meta:
#     ucd: stat.param
# - 
#   name: reference_time
#   datatype: float64
#   unit: d
#   description: Reference time used for the geometric model fit
#   meta:
#     ucd: time.epoch
# - 
#   name: frequency
#   datatype: float64
#   unit: d**-1
#   description: Frequency of geometric model of the eclipsing binary light curve
#   meta:
#     ucd: src.orbital
# - 
#   name: frequency_error
#   datatype: float32
#   unit: d**-1
#   description: "Uncertainty of \\texttt{frequency}"
#   meta:
#     ucd: stat.error
# - 
#   name: geom_model_reference_level
#   datatype: float32
#   unit: mag
#   description: Magnitude reference level of geometric model
#   meta:
#     ucd: phot.mag;em.opt
# - 
#   name: geom_model_reference_level_error
#   datatype: float32
#   unit: mag
#   description: "Uncertainty of \\texttt{geomModelReferenceLevel}"
#   meta:
#     ucd: stat.error;phot.mag;em.opt
# - 
#   name: geom_model_gaussian1_phase
#   datatype: float32
#   description: Phase of the Gaussian 1 component
#   meta:
#     ucd: time.phase
# - 
#   name: geom_model_gaussian1_phase_error
#   datatype: float32
#   description: "Uncertainty of \\texttt{geomModelGaussian1Phase}"
#   meta:
#     ucd: stat.error;time.phase
# - 
#   name: geom_model_gaussian1_sigma
#   datatype: float32
#   description: "Standard deviation [phase] of Gaussian 1 component"
#   meta:
#     ucd: stat.stdev
# - 
#   name: geom_model_gaussian1_sigma_error
#   datatype: float32
#   description: "Uncertainty of \\texttt{geomModelGaussian1Sigma}"
#   meta:
#     ucd: stat.error
# - 
#   name: geom_model_gaussian1_depth
#   datatype: float32
#   unit: mag
#   description: Magnitude depth of Gaussian 1 component
#   meta:
#     ucd: src.var.amplitude
# - 
#   name: geom_model_gaussian1_depth_error
#   datatype: float32
#   unit: mag
#   description: "Uncertainty of \\texttt{geomModelGaussian1Depth}"
#   meta:
#     ucd: stat.error;src.var.amplitude
# - 
#   name: geom_model_gaussian2_phase
#   datatype: float32
#   description: Phase of Gaussian 2 component
#   meta:
#     ucd: time.phase
# - 
#   name: geom_model_gaussian2_phase_error
#   datatype: float32
#   description: "Uncertainty of \\texttt{geomModelGaussian2Phase}"
#   meta:
#     ucd: stat.error;time.phase
# - 
#   name: geom_model_gaussian2_sigma
#   datatype: float32
[...]
#   datatype: float32
#   description: "Secondary eclipse: uncertainty of \\texttt{derivedSecondaryEclDuration}"
#   meta:
#     ucd: stat.error;time.duration
# - 
#   name: derived_secondary_ecl_depth
#   datatype: float32
#   unit: mag
#   description: "Secondary eclipse: depth"
#   meta:
#     ucd: src.var.amplitude
# - 
#   name: derived_secondary_ecl_depth_error
#   datatype: float32
#   unit: mag
#   description: "Secondary eclipse: uncertainty of \\texttt{derivedSecondaryEclDepth}"
#   meta:
#     ucd: stat.error;src.var.amplitude
solution_id,source_id,global_ranking,reference_time,frequency,frequency_error,geom_model_reference_level,geom_model_reference_level_error,geom_model_gaussian1_phase,geom_model_gaussian1_phase_error,geom_model_gaussian1_sigma,geom_model_gaussian1_sigma_error,geom_model_gaussian1_depth,geom_model_gaussian1_depth_error,geom_model_gaussian2_phase,geom_model_gaussian2_phase_error,geom_model_gaussian2_sigma,geom_model_gaussian2_sigma_error,geom_model_gaussian2_depth,geom_model_gaussian2_depth_error,geom_model_cosine_half_period_amplitude,geom_model_cosine_half_period_amplitude_error,geom_model_cosine_half_period_phase,geom_model_cosine_half_period_phase_error,model_type,num_model_parameters,reduced_chi2,derived_primary_ecl_phase,derived_primary_ecl_phase_error,derived_primary_ecl_duration,derived_primary_ecl_duration_error,derived_primary_ecl_depth,derived_primary_ecl_depth_error,derived_secondary_ecl_phase,derived_secondary_ecl_phase_error,derived_secondary_ecl_duration,derived_secondary_ecl_duration_error,derived_secondary_ecl_depth,derived_secondary_ecl_depth_error
[from data line 284]
375316653866487564,4566822959017502976,0.57510585,2176.0886874897296,4.209111221559795,1.04373585E-5,18.77315,0.0059061684,0.25964528,0.0032252353,0.03997749,0.0042375596,0.36855745,0.033228885,0.76311,0.0040082294,0.04158385,0.003652575,0.31404835,0.022042217,0.14198607,0.016384412,0.25964528,0.0032252353,"TWOGAUSSIANS_WITH_ELLIPSOIDAL_ON_ECLIPSE1",9,4.1316314,0.25964528,0.0032252353,0.22387394,0.023730336,0.6525294,0.030370953,0.76311,0.0040056417,0.23286957,0.02045442,0.5978857,0.015747689
375316653866487564,4566829727886164992,0.66282284,2147.301910164949,0.4361824287649287,4.578418E-6,17.844105,0.0044176136,0.28938854,4.2485376E-4,0.029528968,5.254168E-4,1.1593974,0.020828336,0.7886097,0.0043174424,0.035150506,0.0039981063,0.10651959,0.0096213175,0.027269518,0.0051385756,0.28938854,4.2485376E-4,"TWOGAUSSIANS_WITH_ELLIPSOIDAL_ON_ECLIPSE1",9,4.411126,0.28938854,4.2485376E-4,0.16536222,0.0029423342,1.2139363,0.020825317,0.7886497,0.0042091287,0.19684283,0.022389397,0.16105734,0.005147409
375316653866487564,4566836393675564544,0.44916028,2121.5604658086377,0.6363419014575641,4.6573027E-6,13.113034,0.0027687855,0.30171785,0.0013611665,0.014878046,0.0018506176,0.24152313,0.08368526,0.80667824,0.0011695615,0.010134991,0.002731454,0.12646571,0.1031921,0.0014569833,0.0041117067,0.30171785,0.0013611665,"TWOGAUSSIANS_WITH_ELLIPSOIDAL_ON_ECLIPSE1",9,429.6784,0.30171785,0.0013611665,0.08331706,0.010363459,0.2444371,0.084458545,0.80667824,0.0011695615,0.05675595,0.015296143,0.12937684,0.10345274
375316653866487564,4566842402329782528,0.42566177,2100.794093825482,0.9777846579039531,2.8734901E-5,19.065828,0.00661595,0.24371248,0.008087619,0.032246724,0.056175612,0.020127863,66.58261,0.7108103,0.011852993,0.012561015,0.007151225,0.114530206,0.042254113,0.06736857,0.013079604,0.24371248,0.008087619,"TWOGAUSSIANS_WITH_ELLIPSOIDAL_ON_ECLIPSE1",9,10.272273,0.7112703,0.011208589,0.070341684,0.04004686,0.24366897,0.041257296,0.24371248,0.008087619,0.18058164,0.31458342,0.15486474,66.588776
375316653866487564,4566856352383522816,0.52207875,2115.8702375605185,3.991587515997135,7.610113E-6,16.301548,0.0012267046,0.18383946,0.0029271296,0.005580604,0.0017118325,0.016886152,0.0028418193,0.8846144,4.590402E-5,0.0016780456,2.778228E-5,2.4055371,0.21615718,null,null,null,null,"TWOGAUSSIANS",8,7.2518306,0.8846144,4.590402E-5,0.009397056,1.5558077E-4,2.4055371,0.21615718,0.18383946,0.0029271296,0.031251386,0.009586262,0.016886152,0.0028418193
375316653866487564,4566877556641838208,0.62916356,2149.4811628077696,3.3581292010542088,3.1190878E-6,16.460258,0.0069326665,0.20644295,6.286845E-4,0.052248854,0.0016530524,0.37714648,0.015596759,0.7052628,0.0026201343,0.046894982,0.0031584646,0.27602148,0.017517133,0.119278766,0.008838995,0.20644295,6.286845E-4,"TWOGAUSSIANS_WITH_ELLIPSOIDAL_ON_ECLIPSE1",9,18.055164,0.20644295,6.286845E-4,0.2925936,0.009257094,0.61569977,0.00781303,0.7054128,0.0022823538,0.2626119,0.0176874,0.5145634,0.010528721
375316653866487564,4566892090811242752,0.67554176,2146.280943034059,0.7427981082164189,8.950805E-6,12.420026,0.0018719661,0.223726,0.0040671034,0.0312532,0.002524714,0.08799247,0.0049901777,0.7210967,8.9005666E-4,0.027468707,6.0477766E-4,1.0468718,0.0127487425,0.011123582,0.0024066116,0.223726,0.0040671034,"TWOGAUSSIANS_WITH_ELLIPSOIDAL_ON_ECLIPSE1",9,123.75309,0.7210967,8.899004E-4,0.15382476,0.0033867548,1.0691129,0.01155724,0.223726,0.0040671034,0.17501791,0.014138399,0.11023957,0.0039178273
375316653866487564,4566908476107115520,0.561609,2142.3535622988943,3.6635300104134734,5.4835873E-6,19.44556,0.010217348,0.2428074,0.0018844542,0.045358557,0.005954186,0.28587353,0.042667594,0.7397465,0.0028944567,0.05113764,0.003171446,0.36605552,0.036899257,0.12732275,0.016375102,0.2428074,0.0018844542,"TWOGAUSSIANS_WITH_ELLIPSOIDAL_ON_ECLIPSE1",9,1.8627021,0.74012655,0.0024673252,0.28637078,0.017760098,0.6206165,0.029696584,0.2428074,0.0018844542,0.2540079,0.03334344,0.54051685,0.046005897
375316653866487564,4566985411859894144,0.61022687,2136.2263676104108,1.5106830315542772,7.048398E-6,15.5771475,0.0034610936,0.16724095,0.0049816426,0.053437017,0.0034914583,0.08619106,0.0070206574,0.6660157,0.0020116002,0.04486866,0.002058256,0.43993333,0.011307666,null,null,null,null,"TWOGAUSSIANS",8,33.52225,0.6660157,0.0020116002,0.2512645,0.0115262335,0.43993253,0.011307802,0.16724095,0.0049816426,0.2992473,0.019552168,0.08619025,0.0070204865
375316653866487564,4567005782885160704,0.51754284,2173.3895876271245,2.4540260447750493,1.844949E-5,18.07716,0.0029718915,0.22262514,0.004722659,0.067554384,0.0060112216,0.12321756,0.010013437,0.7231132,0.005839403,0.07554339,0.006497108,0.18150483,0.00572866,null,null,null,null,"TWOGAUSSIANS",8,2.9076087,0.7231132,0.005839403,0.4,0.0,0.1808392,0.0057745096,0.22262514,0.004722659,0.37830457,0.03366284,0.12255192,0.010191226
375316653866487564,4567017435136149760,0.5621324,2169.989307750425,0.7593482359876818,3.8998172E-5,17.95227,0.0030691617,0.14597766,0.0032622216,0.013825064,0.008204029,0.5084756,0.09786,0.857591,5.1623693E-4,0.016756551,0.0034358418,0.023859588,8.4804476E-4,null,null,null,null,"TWOGAUSSIANS",8,5.9719477,0.14597766,0.0032622216,0.077420354,0.04594256,0.5084756,0.09786,0.857591,5.1623693E-4,0.09383669,0.019240715,0.023859588,8.4804476E-4
375316653866487564,4567028494674353664,0.6548111,2169.19777225931,4.6336540584003005,2.8808022E-6,17.83539,0.0066218865,0.21332414,0.0012393385,0.03930006,0.005967375,0.2820383,0.050330184,0.7137241,0.0021840099,0.041562986,0.0023002846,0.3878968,0.018198386,0.12616363,0.00897957,0.21332414,0.0012393385,"TWOGAUSSIANS_WITH_ELLIPSOIDAL_ON_ECLIPSE1",9,2.820309,0.7137241,0.0021734817,0.23275273,0.012881593,0.6402223,0.011908007,0.21332414,0.0012393385,0.22008035,0.0334173,0.53436536,0.05857385
375316653866487564,4567030865495028480,0.6304269,2178.788687037574,1.3566269241039812,2.8181266E-6,16.486841,0.003532075,0.27344242,4.949138E-4,0.033005863,0.0010722964,0.51307327,0.012671159,0.7773806,0.0013371567,0.03837761,0.003158869,0.18377878,0.010448994,0.022949116,0.005074392,0.27344242,4.949138E-4,"TWOGAUSSIANS_WITH_ELLIPSOIDAL_ON_ECLIPSE1",9,8.299714,0.27344242,4.949138E-4,0.18483283,0.0060048597,0.5589715,0.012117336,0.7773806,0.0013371567,0.2149146,0.017689666,0.2296489,0.0104334885
375316653866487564,4567039631527325312,0.5952263,2175.041581996104,1.1616526319058693,2.635779E-6,15.392026,0.0030743815,0.20121135,5.6113483E-4,0.031162197,0.001118174,0.55866075,0.037886355,0.69678634,0.0016412716,0.035488307,0.0024575624,0.18466856,0.00792623,0.022210157,0.005020504,0.20121135,5.6113483E-4,"TWOGAUSSIANS_WITH_ELLIPSOIDAL_ON_ECLIPSE1",9,38.799843,0.20121135,5.6113483E-4,0.1745083,0.006261775,0.6030809,0.041159466,0.6968863,0.001603265,0.19873452,0.013762349,0.22905523,0.0062326924
375316653866487564,4567057116337081728,0.47768655,2162.5045319969827,2.806819865053897,1.7211001E-5,19.004463,0.0060971063,0.24591853,0.0036786764,0.038527925,0.0037394988,0.33488718,0.052420314,0.78147626,0.033048283,0.05410891,0.019345552,0.08249524,0.027725792,null,null,null,null,"TWOGAUSSIANS",8,4.127644,0.24591853,0.0036786764,0.21575639,0.020941192,0.33488718,0.052420344,0.78147626,0.033048283,0.3030099,0.108335085,0.08249523,0.027726192
375316653866487564,4567060243071578752,0.50892186,2180.7971526395418,4.012755486786104,7.6274764E-6,18.305159,0.09587675,0.26398745,0.0069241365,0.116420776,0.03644785,0.2821873,0.090349615,0.7828297,0.0045373947,0.10815676,0.026501006,0.3075695,0.08950492,null,null,null,null,"TWOGAUSSIANS",8,4.0292606,0.7828797,0.0045035887,0.4,0.0,0.26690468,0.032540873,0.26396745,0.0069159656,0.4,0.0,0.24147217,0.031476624
375316653866487564,4567121888740970624,0.5915064,2112.60863670259,1.3749015966271878,7.309189E-6,10.426616,0.020670144,0.23734263,0.0017270142,0.09958032,0.0042433036,0.39905718,0.019529168,0.7593362,0.0029751249,0.12958549,0.011429714,0.2300247,0.019413495,null,null,null,null,"TWOGAUSSIANS",8,177.61551,0.23721263,0.001697554,0.4,0.0,0.35690108,0.006752104,0.7593462,0.0029714913,0.4,0.0,0.18754841,0.0045825876
375316653866487564,4567131165870107648,0.5708342,2105.3391018861043,4.029019384334943,1.0939077E-5,14.78244,0.0103697,0.308352,0.008397167,0.051325668,0.015721017,0.11113413,0.021943314,0.79750013,0.002334771,0.047296833,0.011064263,0.09144359,0.026690623,0.074343875,0.015794728,0.79750013,0.002334771,"TWOGAUSSIANS_WITH_ELLIPSOIDAL_ON_ECLIPSE2",9,103.79761,0.30599198,0.0060811783,0.28742373,0.08803769,0.25928003,0.013526013,0.79750013,0.002334771,0.26486227,0.061959874,0.2401298,0.016621385
375316653866487564,4567135907514421760,0.56916463,2120.4375828901407,2.581804344704876,4.2583847E-6,16.436958,0.017423937,0.190145,0.0016927364,0.11422621,0.014806581,0.1552951,0.011562328,0.67216325,0.0018387069,0.10663498,0.008059978,0.20062996,0.015653824,null,null,null,null,"TWOGAUSSIANS",8,5.1497426,0.67216325,0.0018387069,0.4,0.0,0.17826942,0.005047467,0.190165,0.0017040092,0.4,0.0,0.13291699,0.005698047
375316653866487564,4567193150838560000,0.46682683,2142.293939544316,1.865478653096713,5.013172E-6,17.974321,0.006105582,0.29883993,9.1910927E-4,0.02304456,0.0015211295,0.22125329,0.013073767,0.75299454,0.009986402,0.01964677,0.0127106095,0.043779407,13.5082445,0.027138103,0.008130378,0.29883993,9.1910927E-4,"TWOGAUSSIANS_WITH_ELLIPSOIDAL_ON_ECLIPSE1",9,20.686691,0.29883993,9.1910927E-4,0.12904954,0.008518325,0.2755294,0.013471375,0.75458455,0.01116346,0.110021904,0.07117941,0.0938228,13.505831
375316653866487564,4567200675620997632,0.57436407,2115.309163305131,3.4522094976523996,8.484862E-6,15.877432,0.005238685,0.1574385,0.0018090736,0.081372365,0.002958035,0.2455203,0.0049305367,0.6488998,0.0022562798,0.082480475,0.0041429345,0.29704505,0.0134426905,null,null,null,null,"TWOGAUSSIANS",8,28.601957,0.6488998,0.0022562798,0.4,0.0,0.29267055,0.014216543,0.1574385,0.0018090736,0.4,0.0,0.24114579,0.0040573245
375316653866487564,4567206306319567744,0.4315457,2144.0241526789255,0.4579743528118993,4.859506E-6,19.443483,0.0063599506,0.14163296,0.013777811,0.008081775,0.007119009,0.3687967,0.16398309,0.809031,0.010617852,0.06255507,0.0069825775,0.1403697,0.029045427,null,null,null,null,"TWOGAUSSIANS",8,5.368735,0.14163296,0.013777811,0.045257945,0.039866447,0.3687968,0.16398335,0.809031,0.010617852,0.35030836,0.039102435,0.1403697,0.029045427
375316653866487564,4567217133936407552,0.58565354,2095.9569234915466,3.8664326497544335,5.0787803E-6,17.325247,0.01360435,0.2957173,0.0014421893,0.041092392,0.0033491221,0.3621196,0.028744888,0.7932257,0.0033570935,0.05511294,0.0071703326,0.25724986,0.028195154,0.12243781,0.016602859,0.2957173,0.0014421893,"TWOGAUSSIANS_WITH_ELLIPSOIDAL_ON_ECLIPSE1",9,17.358809,0.2957173,0.0014421893,0.2301174,0.018755084,0.60698724,0.011884343,0.79368573,0.0028633769,0.30863246,0.04015386,0.50206864,0.01664065
375316653866487564,4567238260875544704,0.4887098,2120.7928581608962,0.11513166279911642,2.7849806E-5,17.820902,0.005173671,0.052395687,4.136004E-4,0.0034132744,5.1657617E-4,0.36938423,0.14507435,0.47341853,0.066790365,0.17709817,0.092617214,0.015923334,0.0050457655,null,null,null,null,"TWOGAUSSIANS",8,2.520226,0.052395687,4.136004E-4,0.019114338,0.0028928265,0.36981204,0.14506085,0.47341853,0.066790365,0.4,0.0,0.015331508,0.0027862024
375316653866487564,4567241907308230656,0.60131925,2119.809405408834,3.256230061251562,5.5639057E-6,15.434117,0.0045796144,0.20515849,0.0021855743,0.09509801,0.0035446566,0.23052843,0.005150749,0.71034235,6.120738E-4,0.093018,0.0021902744,0.22921877,0.0042302343,null,null,null,null,"TWOGAUSSIANS",8,17.628582,0.20515849,0.0021855743,0.4,0.0,0.21804118,0.004637974,0.71034235,6.120738E-4,0.4,0.0,0.21673174,0.0028139376
375316653866487564,4567258812299474048,0.50837964,2105.16717760977,3.30343247278595,1.3607577E-5,17.852148,0.011974398,0.26874056,0.002694906,0.054536507,0.0054297075,0.19264665,0.034901097,0.7680329,0.008428381,0.043234177,0.010710248,0.10821622,0.0352975,0.10203569,0.020189777,0.26874056,0.002694906,"TWOGAUSSIANS_WITH_ELLIPSOIDAL_ON_ECLIPSE1",9,25.886415,0.26874056,0.002694906,0.30540442,0.030406361,0.39671224,0.015775844,0.76818293,0.007225955,0.24211138,0.05997739,0.31227866,0.02344586
375316653866487564,4567264722174489344,0.6061546,2124.332376136751,2.8030211393474542,4.6237783E-6,16.210981,0.008128052,0.15287408,0.0013348275,0.05215175,0.003037485,0.24836569,0.020289129,0.6474197,0.0026745761,0.054389626,0.0036609184,0.3028262,0.018196441,0.0858237,0.010691281,0.15287408,0.0013348275,"TWOGAUSSIANS_WITH_ELLIPSOIDAL_ON_ECLIPSE1",9,22.594433,0.6480597,0.0023261474,0.30458188,0.020501142,0.47428817,0.00921009,0.15287408,0.0013348275,0.2920498,0.017009916,0.42000565,0.01093943
375316653866487564,4567265718607042560,0.6224959,2149.198200057974,1.6983758919419418,3.1045872E-6,15.309204,0.005745651,0.27815744,0.0010082962,0.099710524,0.0026535862,0.24141245,0.005272173,0.7814293,0.0015040265,0.10202008,0.0050126095,0.15026577,0.0050019114,null,null,null,null,"TWOGAUSSIANS",8,9.843555,0.27815744,0.0010082962,0.4,0.0,0.22460374,0.0024456063,0.7814293,0.0015040265,0.4,0.0,0.13345693,0.0039544147
375316653866487564,4567268463084578048,0.45415115,2079.680591170295,1.151223756903064,3.154911E-5,15.760446,0.0038593318,0.29153612,2.7555152E-4,0.007712896,3.6885802E-4,0.12164356,0.0039752848,0.7558544,0.010077162,0.0717395,0.011980172,0.07480092,0.048574135,null,null,null,null,"TWOGAUSSIANS",8,10.989145,0.29153612,2.7555152E-4,0.04319222,0.002065605,0.12164356,0.0039752848,0.7558544,0.010077162,0.4,0.05654743,0.07480092,0.048574135
375316653866487564,4567276782442787328,0.6064607,2140.356891487111,3.8455735059824883,5.0243652E-6,17.286829,0.015728522,0.25043485,0.0014328568,0.057611063,0.0049454216,0.2866073,0.0318608,0.7441218,0.0014992706,0.06184525,0.0045738607,0.23444913,0.03313889,0.078192934,0.01802175,0.25043485,0.0014328568,"TWOGAUSSIANS_WITH_ELLIPSOIDAL_ON_ECLIPSE1",9,6.7805696,0.25043485,0.0014328568,0.32262194,0.027694361,0.44292477,0.008219002,0.7451818,0.0011917487,0.34633338,0.025613619,0.39056188,0.0068569384
375316653866487564,4567301757672944896,0.43098897,2108.676188062852,2.1206302328787774,1.08459586E-4,18.234085,0.008457215,0.5122566,0.012336761,0.14737621,0.019217135,0.10704837,0.009239349,0.85834646,0.037135057,0.026039293,0.03311587,0.076878145,0.17005229,null,null,null,null,"TWOGAUSSIANS",8,9.34533,0.5122566,0.012336761,0.4,0.0,0.10637042,0.008916504,0.85834646,0.037135057,0.14582004,0.18544888,0.082999095,0.17003754
375316653866487564,4567302616666415488,0.4781707,2107.7910310231355,1.3471743207939246,6.4902697E-6,19.138153,0.0028285654,0.18892193,0.0019003181,0.028407134,0.0017148985,0.25929633,0.022729859,0.68490356,0.0023157604,0.032357283,0.0037606582,0.22589347,0.008871935,null,null,null,null,"TWOGAUSSIANS",8,1.9533963,0.18892193,0.0019003181,0.15907995,0.009603431,0.25929633,0.022729859,0.68490356,0.0023157604,0.18120079,0.021059686,0.22589347,0.008871935
375316653866487564,4567338320733938688,0.43809134,2155.3788468140347,0.8739896570806815,8.4598374E-5,17.833046,0.0023989244,0.26791698,0.026883824,0.09490427,0.0223052,0.022058666,0.0048576873,0.6486616,0.0027470125,0.014655391,0.0018572528,0.14327402,0.013153249,null,null,null,null,"TWOGAUSSIANS",8,4.518265,0.6486616,0.0027470125,0.08207019,0.010400616,0.14328103,0.013154341,0.26791698,0.026883824,0.4,0.0,0.022058625,0.0048581185
375316653866487564,4567350484081571712,0.5010235,2184.65669243931,2.920606105118898,1.492012E-5,14.161589,0.14100853,0.24486963,0.0063927993,0.14690442,0.044645377,0.21439019,0.13732935,0.7530919,0.0031956753,0.13585657,0.024399934,0.31695658,0.13122149,null,null,null,null,"TWOGAUSSIANS",8,325.6669,0.7534118,0.002970882,0.4,0.0,0.21673344,0.008066826,0.24443963,0.006152573,0.4,0.0,0.11357944,0.007929595
