Gaia/vari_eclipsing_binary/VariEclipsingBinary_459487-459497.csv
# %ECSV 1.0
# ---
# delimiter: ','
# meta: !!omap
# - RELEASE: Gaia DR3
# - TABLE: vari_eclipsing_binary
# - DESCRIPTION: >
#     This table describes the properties of the eclipsing binaries resulting from the variability analysis. 
# - CITATION: >
#     How to cite and acknowledge Gaia: 
#     https://gea.esac.esa.int/archive/documentation/credits.html 
# - KNOWN_ISSUES: >
#     Known issues: 
#     https://www.cosmos.esa.int/web/gaia-users/known-issues 
# - DOCUMENTATION: >
#     Tutorials and documentation: 
#     https://www.cosmos.esa.int/web/gaia-users/archive 
# datatype:
# - 
#   name: solution_id
#   datatype: int64
#   description: Solution Identifier
#   meta:
#     ucd: meta.version
# - 
#   name: source_id
#   datatype: int64
#   description: Unique source identifier
#   meta:
#     ucd: meta.id;meta.main
# - 
#   name: global_ranking
#   datatype: float32
#   description: Number between 0 (worst) and 1 (best)
#   meta:
#     ucd: stat.param
# - 
#   name: reference_time
#   datatype: float64
#   unit: d
#   description: Reference time used for the geometric model fit
#   meta:
#     ucd: time.epoch
# - 
#   name: frequency
#   datatype: float64
#   unit: d**-1
#   description: Frequency of geometric model of the eclipsing binary light curve
#   meta:
#     ucd: src.orbital
# - 
#   name: frequency_error
#   datatype: float32
#   unit: d**-1
#   description: "Uncertainty of \\texttt{frequency}"
#   meta:
#     ucd: stat.error
# - 
#   name: geom_model_reference_level
#   datatype: float32
#   unit: mag
#   description: Magnitude reference level of geometric model
#   meta:
#     ucd: phot.mag;em.opt
# - 
#   name: geom_model_reference_level_error
#   datatype: float32
#   unit: mag
#   description: "Uncertainty of \\texttt{geomModelReferenceLevel}"
#   meta:
#     ucd: stat.error;phot.mag;em.opt
# - 
#   name: geom_model_gaussian1_phase
#   datatype: float32
#   description: Phase of the Gaussian 1 component
#   meta:
#     ucd: time.phase
# - 
#   name: geom_model_gaussian1_phase_error
#   datatype: float32
#   description: "Uncertainty of \\texttt{geomModelGaussian1Phase}"
#   meta:
#     ucd: stat.error;time.phase
# - 
#   name: geom_model_gaussian1_sigma
#   datatype: float32
#   description: "Standard deviation [phase] of Gaussian 1 component"
#   meta:
#     ucd: stat.stdev
# - 
#   name: geom_model_gaussian1_sigma_error
#   datatype: float32
#   description: "Uncertainty of \\texttt{geomModelGaussian1Sigma}"
#   meta:
#     ucd: stat.error
# - 
#   name: geom_model_gaussian1_depth
#   datatype: float32
#   unit: mag
#   description: Magnitude depth of Gaussian 1 component
#   meta:
#     ucd: src.var.amplitude
# - 
#   name: geom_model_gaussian1_depth_error
#   datatype: float32
#   unit: mag
#   description: "Uncertainty of \\texttt{geomModelGaussian1Depth}"
#   meta:
#     ucd: stat.error;src.var.amplitude
# - 
#   name: geom_model_gaussian2_phase
#   datatype: float32
#   description: Phase of Gaussian 2 component
#   meta:
#     ucd: time.phase
# - 
#   name: geom_model_gaussian2_phase_error
#   datatype: float32
#   description: "Uncertainty of \\texttt{geomModelGaussian2Phase}"
#   meta:
#     ucd: stat.error;time.phase
# - 
#   name: geom_model_gaussian2_sigma
#   datatype: float32
[...]
#   datatype: float32
#   description: "Secondary eclipse: uncertainty of \\texttt{derivedSecondaryEclDuration}"
#   meta:
#     ucd: stat.error;time.duration
# - 
#   name: derived_secondary_ecl_depth
#   datatype: float32
#   unit: mag
#   description: "Secondary eclipse: depth"
#   meta:
#     ucd: src.var.amplitude
# - 
#   name: derived_secondary_ecl_depth_error
#   datatype: float32
#   unit: mag
#   description: "Secondary eclipse: uncertainty of \\texttt{derivedSecondaryEclDepth}"
#   meta:
#     ucd: stat.error;src.var.amplitude
solution_id,source_id,global_ranking,reference_time,frequency,frequency_error,geom_model_reference_level,geom_model_reference_level_error,geom_model_gaussian1_phase,geom_model_gaussian1_phase_error,geom_model_gaussian1_sigma,geom_model_gaussian1_sigma_error,geom_model_gaussian1_depth,geom_model_gaussian1_depth_error,geom_model_gaussian2_phase,geom_model_gaussian2_phase_error,geom_model_gaussian2_sigma,geom_model_gaussian2_sigma_error,geom_model_gaussian2_depth,geom_model_gaussian2_depth_error,geom_model_cosine_half_period_amplitude,geom_model_cosine_half_period_amplitude_error,geom_model_cosine_half_period_phase,geom_model_cosine_half_period_phase_error,model_type,num_model_parameters,reduced_chi2,derived_primary_ecl_phase,derived_primary_ecl_phase_error,derived_primary_ecl_duration,derived_primary_ecl_duration_error,derived_primary_ecl_depth,derived_primary_ecl_depth_error,derived_secondary_ecl_phase,derived_secondary_ecl_phase_error,derived_secondary_ecl_duration,derived_secondary_ecl_duration_error,derived_secondary_ecl_depth,derived_secondary_ecl_depth_error
[from data line 672]
375316653866487564,4041746851907226240,0.5936743,2353.498351733137,1.1014304416483418,7.916692E-6,15.096645,0.008558433,0.23245873,0.0026505627,0.07908142,0.005147614,0.26096168,0.009106834,0.7214491,0.002638458,0.086638376,0.0041403905,0.45448035,0.0115687875,null,null,null,null,"TWOGAUSSIANS",8,108.326,0.7214491,0.002638458,0.4,0.0,0.44849536,0.011079888,0.23245873,0.0026505627,0.4,0.0,0.25497675,0.008732508
375316653866487564,4041746916452140288,0.4937062,2364.537629167838,0.807821159394975,1.7852706E-5,18.507465,0.02794888,0.2572236,0.0062276903,0.099725634,0.012494607,0.25019962,0.027275104,0.73883283,0.008252655,0.10102085,0.019290587,0.23817524,0.02434147,null,null,null,null,"TWOGAUSSIANS",8,5.3260264,0.2572236,0.0062350077,0.4,0.0,0.23280476,0.01260974,0.73883283,0.008252655,0.4,0.0,0.22077964,0.01777604
375316653866487564,4041746920575254656,0.43690968,2485.987003581854,2.107771387361482,3.4250508E-5,17.706835,0.0046883076,0.29318622,0.015584457,0.062012255,0.02887962,0.18784294,0.7529122,0.6542615,0.037900817,0.064189404,0.024507318,0.031570923,0.009461567,null,null,null,null,"TWOGAUSSIANS",8,3.289113,0.29318622,0.015584457,0.34726864,0.16172588,0.18784253,0.7529127,0.6542615,0.037900817,0.35946065,0.13724098,0.031570524,0.009461271
375316653866487564,4041746985171619072,0.5354717,2357.4843225002815,1.812911719468628,9.36667E-6,18.292688,0.0070068026,0.3135419,0.0024766147,0.07959147,0.004474343,0.24021667,0.011573287,0.8246306,0.0062315892,0.07456131,0.011194383,0.14207822,0.012814707,null,null,null,null,"TWOGAUSSIANS",8,2.7320957,0.3135419,0.0024766147,0.4,0.0,0.23869258,0.011513605,0.8246306,0.0062315892,0.4,0.0021038924,0.14055413,0.013486981
375316653866487564,4041747058065270912,0.46424395,2401.5923362545072,1.8618213199523979,3.6831858E-5,19.297235,0.017824264,0.18332738,0.009231752,0.05824606,0.009559983,0.19247022,0.022351917,0.71305424,0.010599473,0.080224656,0.012304883,0.2902042,0.034572493,null,null,null,null,"TWOGAUSSIANS",8,6.284439,0.71305424,0.010599473,0.4,0.0,0.2898841,0.03459801,0.18332738,0.009231752,0.32617795,0.05353591,0.19215013,0.021989113
375316653866487564,4041747092425145600,0.57186115,2382.682887239795,0.6212355769132882,3.9386134E-5,16.963585,0.0054606623,0.11428287,0.0027206233,0.026283126,0.006239557,0.19526838,0.103711724,0.6094061,0.014481946,0.025660193,0.007131524,1.465256,0.30995804,null,null,null,null,"TWOGAUSSIANS",8,41.989777,0.6094061,0.014481946,0.14369708,0.039936535,1.465256,0.30995804,0.11428287,0.0027206233,0.1471855,0.03494152,0.19526838,0.103711724
375316653866487564,4041747092425214464,0.40881988,2381.1329905064003,0.027674057073287576,8.292387E-5,17.978323,0.09795761,0.20072041,0.0237669,0.13568744,0.08686366,0.20755237,0.06833577,0.66844004,0.017831976,0.09681794,0.05081044,0.2192888,0.11379507,null,null,null,null,"TWOGAUSSIANS",8,8.098682,0.66844004,0.017831976,0.4,0.08935218,0.18958606,0.1286238,0.20073043,0.023772964,0.4,0.0,0.17721133,0.02375572
375316653866487564,4041747156970662528,0.44493058,2429.9256970928614,0.19657573610161483,4.5718585E-5,19.654716,0.037326526,0.15131342,0.050761946,0.045778498,0.035014648,0.076464966,0.060008693,0.53381944,0.043607414,0.16071628,0.05920058,0.29853335,0.06397241,null,null,null,null,"TWOGAUSSIANS",8,2.7267227,0.53381944,0.043607414,0.4,0.0,0.29270682,0.07842967,0.15916343,0.041793674,0.2563596,0.19608204,0.08939811,0.06273315
375316653866487564,4041747156970665472,0.43533257,2406.30582641376,0.0669511233244232,4.7649362E-5,19.683386,0.013161331,0.30213264,0.0043621636,0.03474525,0.010836283,0.17790501,0.018185237,0.85011005,0.0070260563,0.0561007,0.019515974,0.10824606,0.07543321,null,null,null,null,"TWOGAUSSIANS",8,2.188097,0.30213264,0.0043621636,0.1945734,0.06068318,0.17790501,0.018185303,0.85011005,0.0070260563,0.31416392,0.10928945,0.10824605,0.07543325
375316653866487564,4041747264225289728,0.459558,2376.768129388822,0.05281996613468398,1.4869652E-4,19.392508,0.38891137,0.23407048,0.017918574,0.118511364,0.08724625,0.25855196,0.3706381,0.71128905,0.04182519,0.10690756,0.08934653,0.2625099,0.3668407,null,null,null,null,"TWOGAUSSIANS",8,3.298499,0.71128905,0.04182519,0.4,0.029869456,0.22728159,0.04824521,0.23409048,0.017453173,0.4,0.0,0.2232444,0.033418506
375316653866487564,4041747264225295488,0.47908634,2381.878370707533,2.7034468212471596,4.4463926E-5,18.767223,0.066964164,0.27966776,0.008312378,0.06194574,0.006407697,0.60994756,0.086317554,0.77839506,0.004700056,0.07870882,0.011225782,0.68794376,0.06639192,null,null,null,null,"TWOGAUSSIANS",8,26.729153,0.77839506,0.004700056,0.4,0.008798767,0.6856817,0.06558756,0.27966776,0.008312378,0.34689614,0.035883106,0.60768557,0.08474304
375316653866487564,4041747332943491456,0.5112723,2446.2052009501394,0.018704586071611937,3.42473E-5,18.288776,0.0042988663,0.939847,0.016591776,0.014104993,0.008968581,0.0456672,0.592125,0.50383663,0.004411986,0.0864949,0.005504055,0.24863334,0.028001582,null,null,null,null,"TWOGAUSSIANS",8,3.3983355,0.50383663,0.004411986,0.4,0.0,0.2486333,0.028001623,0.939847,0.016591776,0.07898796,0.05022406,0.04566791,0.5921246
375316653866487564,4041747740926148224,0.48001853,2351.0092356642726,0.5192718988769643,4.0069193E-5,18.638325,0.0065729893,0.32490504,0.0068327477,0.09136699,0.0078635,0.22336514,0.023291886,0.82933986,0.016576689,0.03203846,0.016818406,0.08407401,0.039049406,null,null,null,null,"TWOGAUSSIANS",8,1.9357933,0.32490504,0.0068327477,0.4,0.0,0.22329281,0.0233083,0.82933986,0.016576689,0.17941537,0.09418307,0.084001824,0.03907903
375316653866487564,4041748015895063424,0.5169397,2391.4196866462103,0.07767339881375857,1.220126E-4,19.767237,0.011342485,0.06483141,0.019860238,0.03305965,0.01402631,0.023561712,0.013952683,0.4390039,0.019289559,0.11767972,0.016460272,0.25986725,0.020248186,null,null,null,null,"TWOGAUSSIANS",8,1.3339105,0.4390039,0.019289559,0.4,0.0,0.25979587,0.0201619,0.06703141,0.02149194,0.18513404,0.078547336,0.025197072,0.014265004
375316653866487564,4041748050254712320,0.4414704,2307.0924026818298,0.06561178738348795,6.79827E-5,19.136597,0.110453054,0.08273487,0.027706776,0.122635216,0.04633367,0.26235718,0.103799686,0.4132457,0.017574796,0.097908586,0.04369948,0.33541787,0.099541225,null,null,null,null,"TWOGAUSSIANS",8,5.6043463,0.4132457,0.017574796,0.4,0.0029554325,0.33658013,0.11379125,0.085134864,0.02509143,0.4,0.0,0.25774583,0.09410175
375316653866487564,4041748118974682880,0.4562191,2388.988348037769,0.2707172822167337,2.5339765E-5,19.624058,0.2285814,0.26831263,0.03312706,0.17782348,0.14214754,0.33916014,0.17214903,0.7965759,0.0028623904,0.084838994,0.029164389,0.44038817,0.19098921,null,null,null,null,"TWOGAUSSIANS",8,1.9252951,0.7979759,9.693388E-4,0.4,0.06799247,0.36562335,0.08919478,0.26831263,0.03312706,0.4,0.064376906,0.2501756,0.15241513
375316653866487564,4041748157577404928,0.43748748,2373.70895454776,0.04102532539401576,2.489269E-5,19.094013,0.08263053,0.2301814,0.0034947055,0.07863518,0.010967864,0.6097821,0.09405008,0.7182896,0.016442675,0.114216186,0.027719378,0.5324753,0.08820724,null,null,null,null,"TWOGAUSSIANS",8,13.061799,0.2301914,0.0035022737,0.4,0.0,0.5773699,0.072311014,0.7182896,0.016442675,0.4,0.0,0.49998233,0.060478985
375316653866487564,4041748157637605248,0.42952427,2424.2947793753597,2.0175346044669955,3.1949257E-5,19.297865,0.035059925,0.22265369,0.01420398,0.08482634,0.016283214,0.38428175,0.048640877,0.4826607,0.015052253,0.03981325,0.014512719,0.1932278,0.050157443,null,null,null,null,"TWOGAUSSIANS",8,6.706053,0.22265369,0.01420398,0.4,0.0,0.38428172,0.048640884,0.4826607,0.015052253,0.2229542,0.08127122,0.19673121,0.053545415
375316653866487564,4041748256417107712,0.46676427,2365.2857547192484,0.25303385563367375,6.586835E-5,19.74693,0.04202174,0.10283555,0.0068109096,0.041943636,0.012203471,0.5444219,1.6630428,0.47838777,0.01850334,0.13220476,0.025545353,0.37018245,0.04983617,null,null,null,null,"TWOGAUSSIANS",8,3.830002,0.10329555,0.0064713396,0.23488437,0.06833944,0.54980165,1.6631216,0.47838777,0.01850334,0.4,0.0,0.36897612,0.048134863
375316653866487564,4041748295016335744,0.48086986,2363.9081314773916,0.07911086584039367,1.8007364E-5,19.757647,0.02243424,0.27859652,0.0049209516,0.070899986,0.018671324,0.11028296,0.097869985,0.62773967,0.014867895,0.025773989,0.007330737,0.36242643,0.38766634,0.15974014,0.023475666,0.27859652,0.0049209516,"TWOGAUSSIANS_WITH_ELLIPSOIDAL_ON_ECLIPSE1",9,3.0913312,0.6313097,0.016618015,0.14433435,0.04105213,0.4743339,0.36328375,0.27859652,0.0049209516,0.39703995,0.04546188,0.4295452,0.07097727
375316653866487564,4041748432455521280,0.42601544,2343.7560757682986,0.1874471373462852,2.4332228E-5,18.4516,0.12502664,0.21306199,0.017099207,0.14856274,0.07061647,0.32130483,0.1458384,0.7300186,0.016447268,0.06834059,0.04032711,0.4515503,0.13294725,null,null,null,null,"TWOGAUSSIANS",8,18.109196,0.7302086,0.01634453,0.38270733,0.22583182,0.41596708,0.13289791,0.21306199,0.017099207,0.4,0.0,0.283339,0.14782085
375316653866487564,4041748462574915328,0.46628496,2433.6655408214715,0.045794806437549705,5.0246344E-5,19.368624,0.018098023,0.2317538,0.03807905,0.046388347,0.030468054,0.18223257,0.11050186,0.51076394,0.050372973,0.061139338,0.06743073,0.4143277,1.2678238,null,null,null,null,"TWOGAUSSIANS",8,2.620985,0.51076394,0.050372973,0.3423803,0.23725253,0.4143277,1.2678244,0.2317638,0.037898857,0.25977474,0.1706211,0.18224503,0.11096447
375316653866487564,4041748672922699264,0.49187994,2414.0759246390426,0.08640581923990019,6.413649E-5,19.656939,0.042185314,0.29878822,0.020827625,0.085006915,0.014757024,0.6168985,0.18975599,0.7452329,0.08278647,0.09833799,0.08836251,0.24262288,2.60469899E11,null,null,null,null,"TWOGAUSSIANS",8,3.7485082,0.29878822,0.020809203,0.4,0.0,0.6092218,0.18680112,0.7452329,0.08278647,0.4,0.31793687,0.23493873,2.60469899E11
375316653866487564,4041748707333641728,0.53460747,2339.726525568473,0.05994246788473114,4.3809036E-5,19.210722,0.007251715,0.3988322,0.009910327,0.008776763,0.008994306,0.15826216,9.327213,0.6809499,0.007486045,0.08228591,0.005196726,0.5166486,0.013504288,null,null,null,null,"TWOGAUSSIANS",8,1.5785918,0.6809499,0.007486045,0.4,0.0,0.5166486,0.013504288,0.3988622,0.009888493,0.049149875,0.050368115,0.15971082,9.327209
375316653866487564,4041748982272630528,0.4654006,2353.266646694365,0.09842349614253082,2.9830388E-5,19.579708,0.506845,0.13006845,0.010751378,0.2112223,0.14434375,0.4852815,0.49948952,0.66672105,0.007194693,0.069150366,0.026492532,0.5378996,0.20719463,null,null,null,null,"TWOGAUSSIANS",8,2.417131,0.6688211,0.005714044,0.38724205,0.14444424,0.46218506,0.108727194,0.13006845,0.010751378,0.4,0.0,0.34634495,0.14514625
375316653866487564,4041749016571711616,0.46490046,2408.885171138446,1.5170850740780253,1.1362068E-4,19.30994,0.030393938,0.25091773,0.014248916,0.0845641,0.026625754,0.19147786,0.029813534,0.7227797,0.007939756,0.061762992,0.008812605,0.39825463,0.045763366,null,null,null,null,"TWOGAUSSIANS",8,9.104129,0.7227797,0.007939756,0.34587276,0.04935059,0.3974986,0.044937827,0.25091773,0.014248916,0.4,0.0,0.19072178,0.029657379
375316653866487564,4041749188370424576,0.43730575,2506.1777593647457,2.030571243486311,3.2342024E-5,18.776043,0.01489234,0.40980127,0.012862288,0.0323881,0.004428874,5.0090013,4.6632752,0.7295887,0.0072765765,0.049994025,0.009010437,0.24827705,0.073747195,null,null,null,null,"TWOGAUSSIANS",8,3.805308,0.40980127,0.012862288,0.18137334,0.024801694,5.0090013,4.6632752,0.7295887,0.0072765765,0.27996653,0.050458446,0.24827705,0.073747195
375316653866487564,4041749218388191744,0.42585132,2336.4037519155113,3.683202072417255,6.4385815E-5,18.915216,0.14101106,0.44627196,0.028487472,0.1931452,0.15254684,0.14767261,0.12175873,0.8489535,0.027069645,0.07068569,0.022222,0.08519534,0.049318716,null,null,null,null,"TWOGAUSSIANS",8,4.5348806,0.44627196,0.028486565,0.4,0.0,0.12849943,0.031071346,0.8489535,0.027069645,0.39583987,0.06982422,0.084063895,0.038798034
375316653866487564,4041749218489128064,0.47152528,2328.19165072837,0.1560619591422432,2.699939E-5,18.743647,0.80398774,0.23457198,0.010345176,0.07955092,0.017598158,0.52763,0.130957,0.78767437,0.008295181,0.28072408,0.14750825,0.8911442,0.7828103,null,null,null,null,"TWOGAUSSIANS",8,3.5438745,0.22743198,0.009491091,0.4,0.018158637,0.42554432,0.080587305,0.78767437,0.008295181,0.4,0.0,0.41140208,0.05751865
375316653866487564,4041749252752454272,0.4600136,2371.0728531671625,2.0991785085044357,3.573561E-5,18.28729,0.048080888,0.23981436,0.019046491,0.07408319,0.04496191,0.23709999,0.046112776,0.7142992,0.0096266875,0.08542665,0.016458154,0.35773182,0.04634483,null,null,null,null,"TWOGAUSSIANS",8,19.246834,0.7142992,0.0096266875,0.4,0.0,0.35514233,0.03587584,0.23981436,0.019046491,0.4,0.060302485,0.23451057,0.050867252
375316653866487564,4041749252848895360,0.53378326,2359.1016875992577,1.2616470009112242,1.6361553E-5,18.926123,0.010303558,0.36577296,0.0041939467,0.07572365,0.005741051,0.40495265,0.025072038,0.85725135,0.0048997034,0.08005084,0.005673395,0.3101796,0.020007793,null,null,null,null,"TWOGAUSSIANS",8,2.6833997,0.36577296,0.0041939467,0.4,0.0,0.401532,0.026080558,0.85725135,0.0048997034,0.4,0.0,0.30675897,0.020089474
375316653866487564,4041749321570912896,0.43428916,2375.354863727945,0.34416229881088417,3.703579E-5,19.429365,0.22216134,0.3465688,0.007674737,0.07361174,0.008718472,0.69832766,0.13373727,0.8134639,0.029432468,0.19916509,0.087603934,0.49424103,0.18820953,null,null,null,null,"TWOGAUSSIANS",8,12.110428,0.34809878,0.006946728,0.4,0.021653695,0.6047458,0.06838276,0.8134639,0.029432468,0.4,0.0,0.35510814,0.0527669
375316653866487564,4041749390171282944,0.5123911,2344.1025981835382,0.8994781018406076,1.2756001E-5,16.49005,0.0027137273,0.29938376,0.0070557767,0.028901137,0.023799844,0.06294333,6098081.5,0.80365276,0.0068338253,0.038171638,0.008616996,0.05472465,0.006423071,0.029117433,0.0031353445,0.29938376,0.0070557767,"TWOGAUSSIANS_WITH_ELLIPSOIDAL_ON_ECLIPSE1",9,6.2180076,0.29938376,0.0070557767,0.16184637,0.13327913,0.121178135,6098081.5,0.80365276,0.006770945,0.21376117,0.04825518,0.112917565,0.0057854373
375316653866487564,4041749390290681088,0.47897145,2397.869726813557,0.039880038385686704,6.0225757E-5,19.81769,0.008382552,0.4852624,0.008684176,0.08292767,0.009572429,0.25512946,0.029949736,0.16092,0.026198614,0.064068496,0.024060335,0.1618227,0.826275,null,null,null,null,"TWOGAUSSIANS",8,1.8118892,0.4852624,0.0086856745,0.4,0.0,0.25511917,0.029952118,0.16106999,0.026481666,0.35878357,0.13099127,0.16193403,0.8262643
375316653866487564,4041749394477288704,0.44207254,2260.7282907833837,0.4603864662884641,3.4017678E-5,19.533077,0.081197634,0.2303084,0.040018428,0.10945893,0.046991136,0.23763737,0.08937285,0.66033876,0.036046643,0.076852724,0.045620594,0.32024163,0.057094216,null,null,null,null,"TWOGAUSSIANS",8,5.5838585,0.66033876,0.036046643,0.4,0.0257583,0.31546316,0.08831903,0.2303084,0.03996568,0.4,0.0,0.23275286,0.07652869
375316653866487564,4041749428888406912,0.4274184,2463.7982608803004,1.412508563181429,4.9148653E-5,18.964159,0.007359272,0.46583524,0.0034721154,0.045331284,0.00275654,0.26539874,0.009544223,null,null,null,null,null,null,null,null,null,null,"ONEGAUSSIAN",5,3.9723637,0.46583524,0.0034721154,0.2538552,0.015436623,0.26539874,0.0,null,null,null,null,null,null
375316653866487564,4041749459009837696,0.4650254,2334.723261343481,1.342158812572078,2.3261558E-5,18.76764,0.052055188,0.22513387,0.003460524,0.118651465,0.021910895,0.24860097,0.048102073,0.73106325,0.010502434,0.11333619,0.025398003,0.18924886,0.049060255,null,null,null,null,"TWOGAUSSIANS",8,4.2804265,0.22512387,0.0034813166,0.4,0.0,0.20835006,0.011075244,0.7310932,0.010549974,0.4,0.0,0.14904562,0.020051679
