Gaia/vari_eclipsing_binary/VariEclipsingBinary_508501-508680.csv
# %ECSV 1.0
# ---
# delimiter: ','
# meta: !!omap
# - RELEASE: Gaia DR3
# - TABLE: vari_eclipsing_binary
# - DESCRIPTION: >
#     This table describes the properties of the eclipsing binaries resulting from the variability analysis. 
# - CITATION: >
#     How to cite and acknowledge Gaia: 
#     https://gea.esac.esa.int/archive/documentation/credits.html 
# - KNOWN_ISSUES: >
#     Known issues: 
#     https://www.cosmos.esa.int/web/gaia-users/known-issues 
# - DOCUMENTATION: >
#     Tutorials and documentation: 
#     https://www.cosmos.esa.int/web/gaia-users/archive 
# datatype:
# - 
#   name: solution_id
#   datatype: int64
#   description: Solution Identifier
#   meta:
#     ucd: meta.version
# - 
#   name: source_id
#   datatype: int64
#   description: Unique source identifier
#   meta:
#     ucd: meta.id;meta.main
# - 
#   name: global_ranking
#   datatype: float32
#   description: Number between 0 (worst) and 1 (best)
#   meta:
#     ucd: stat.param
# - 
#   name: reference_time
#   datatype: float64
#   unit: d
#   description: Reference time used for the geometric model fit
#   meta:
#     ucd: time.epoch
# - 
#   name: frequency
#   datatype: float64
#   unit: d**-1
#   description: Frequency of geometric model of the eclipsing binary light curve
#   meta:
#     ucd: src.orbital
# - 
#   name: frequency_error
#   datatype: float32
#   unit: d**-1
#   description: "Uncertainty of \\texttt{frequency}"
#   meta:
#     ucd: stat.error
# - 
#   name: geom_model_reference_level
#   datatype: float32
#   unit: mag
#   description: Magnitude reference level of geometric model
#   meta:
#     ucd: phot.mag;em.opt
# - 
#   name: geom_model_reference_level_error
#   datatype: float32
#   unit: mag
#   description: "Uncertainty of \\texttt{geomModelReferenceLevel}"
#   meta:
#     ucd: stat.error;phot.mag;em.opt
# - 
#   name: geom_model_gaussian1_phase
#   datatype: float32
#   description: Phase of the Gaussian 1 component
#   meta:
#     ucd: time.phase
# - 
#   name: geom_model_gaussian1_phase_error
#   datatype: float32
#   description: "Uncertainty of \\texttt{geomModelGaussian1Phase}"
#   meta:
#     ucd: stat.error;time.phase
# - 
#   name: geom_model_gaussian1_sigma
#   datatype: float32
#   description: "Standard deviation [phase] of Gaussian 1 component"
#   meta:
#     ucd: stat.stdev
# - 
#   name: geom_model_gaussian1_sigma_error
#   datatype: float32
#   description: "Uncertainty of \\texttt{geomModelGaussian1Sigma}"
#   meta:
#     ucd: stat.error
# - 
#   name: geom_model_gaussian1_depth
#   datatype: float32
#   unit: mag
#   description: Magnitude depth of Gaussian 1 component
#   meta:
#     ucd: src.var.amplitude
# - 
#   name: geom_model_gaussian1_depth_error
#   datatype: float32
#   unit: mag
#   description: "Uncertainty of \\texttt{geomModelGaussian1Depth}"
#   meta:
#     ucd: stat.error;src.var.amplitude
# - 
#   name: geom_model_gaussian2_phase
#   datatype: float32
#   description: Phase of Gaussian 2 component
#   meta:
#     ucd: time.phase
# - 
#   name: geom_model_gaussian2_phase_error
#   datatype: float32
#   description: "Uncertainty of \\texttt{geomModelGaussian2Phase}"
#   meta:
#     ucd: stat.error;time.phase
# - 
#   name: geom_model_gaussian2_sigma
#   datatype: float32
[...]
#   datatype: float32
#   description: "Secondary eclipse: uncertainty of \\texttt{derivedSecondaryEclDuration}"
#   meta:
#     ucd: stat.error;time.duration
# - 
#   name: derived_secondary_ecl_depth
#   datatype: float32
#   unit: mag
#   description: "Secondary eclipse: depth"
#   meta:
#     ucd: src.var.amplitude
# - 
#   name: derived_secondary_ecl_depth_error
#   datatype: float32
#   unit: mag
#   description: "Secondary eclipse: uncertainty of \\texttt{derivedSecondaryEclDepth}"
#   meta:
#     ucd: stat.error;src.var.amplitude
solution_id,source_id,global_ranking,reference_time,frequency,frequency_error,geom_model_reference_level,geom_model_reference_level_error,geom_model_gaussian1_phase,geom_model_gaussian1_phase_error,geom_model_gaussian1_sigma,geom_model_gaussian1_sigma_error,geom_model_gaussian1_depth,geom_model_gaussian1_depth_error,geom_model_gaussian2_phase,geom_model_gaussian2_phase_error,geom_model_gaussian2_sigma,geom_model_gaussian2_sigma_error,geom_model_gaussian2_depth,geom_model_gaussian2_depth_error,geom_model_cosine_half_period_amplitude,geom_model_cosine_half_period_amplitude_error,geom_model_cosine_half_period_phase,geom_model_cosine_half_period_phase_error,model_type,num_model_parameters,reduced_chi2,derived_primary_ecl_phase,derived_primary_ecl_phase_error,derived_primary_ecl_duration,derived_primary_ecl_duration_error,derived_primary_ecl_depth,derived_primary_ecl_depth_error,derived_secondary_ecl_phase,derived_secondary_ecl_phase_error,derived_secondary_ecl_duration,derived_secondary_ecl_duration_error,derived_secondary_ecl_depth,derived_secondary_ecl_depth_error
[from data line 220]
375316653866487564,4473522246276230784,0.6275036,2369.190426645052,4.298535694042667,5.6423055E-6,17.755823,0.015082236,0.2875019,0.0013578631,0.047001947,0.0027201339,0.5602388,0.036691945,0.77612686,0.022787258,0.039696153,0.030075341,0.36233577,4.614739,0.14260973,0.022302002,0.2875019,0.0013578631,"TWOGAUSSIANS_WITH_ELLIPSOIDAL_ON_ECLIPSE1",9,9.994898,0.2875019,0.0013578631,0.2632109,0.01523275,0.8454578,0.016507423,0.77713686,0.023301484,0.22229847,0.16842191,0.64622957,4.6315684
375316653866487564,4473522456732881920,0.5533048,2359.9705439924946,3.290318597665531,2.6296699E-5,15.920153,0.008278495,0.29164547,0.005064955,0.041840192,0.01092771,0.09161835,0.019765357,0.7860513,0.008333181,0.03976838,0.0108805075,0.1542403,0.08680021,0.048095815,0.0116637405,0.29164547,0.005064955,"TWOGAUSSIANS_WITH_ELLIPSOIDAL_ON_ECLIPSE1",9,25.53341,0.7864513,0.007980796,0.22270292,0.060930844,0.25032166,0.09321934,0.29164547,0.005064955,0.23430507,0.061195176,0.18780993,0.012798426
375316653866487564,4473529255663330688,0.53601617,2328.8858014522916,2.6232796435366033,1.3792134E-5,14.396872,0.042276368,0.27943128,0.011936093,0.10418663,0.030380804,0.35490596,0.026372423,0.77755624,0.004682107,0.09526701,0.011970218,0.371476,0.04171205,null,null,null,null,"TWOGAUSSIANS",8,564.48016,0.77755624,0.004682107,0.4,0.0,0.340924,0.019892657,0.27943128,0.011936093,0.4,0.0,0.32434765,0.029098338
375316653866487564,4473529908498438016,0.47763836,2353.1693522259275,0.17746869526533848,7.268905E-5,18.741564,0.009123312,0.48615453,0.0068773692,0.14211223,0.008296581,0.22226922,0.013948777,0.8485882,0.0121417735,0.03521368,0.02052914,0.25412235,0.27876177,null,null,null,null,"TWOGAUSSIANS",8,3.7215145,0.8485882,0.0121417735,0.19719659,0.11496319,0.26175547,0.2802722,0.48615453,0.0068773692,0.4,0.0,0.22129269,0.013663442
375316653866487564,4473539769743303040,0.5510259,2368.3197766654844,2.811648008563536,1.1902345E-5,16.946032,0.0267591,0.2020577,0.0031758302,0.106962085,0.009394244,0.3730808,0.024078937,0.7133042,0.005039951,0.10081285,0.009849342,0.35770333,0.02556658,null,null,null,null,"TWOGAUSSIANS",8,25.098118,0.2020577,0.0031754852,0.4,0.0,0.33767858,0.013892901,0.71331424,0.0050473353,0.4,0.0,0.32231238,0.012603188
375316653866487564,4473541831327783296,0.5146276,2373.01257608485,1.5399406086527299,2.5315228E-5,17.074148,0.020725429,0.26472712,0.003951147,0.042271476,0.0028529735,0.4246709,0.03797513,0.7613243,0.00964268,0.04980669,0.012991451,0.38610068,0.04613476,null,null,null,null,"TWOGAUSSIANS",8,130.84676,0.26472712,0.003951147,0.23672028,0.01597665,0.42467064,0.037974764,0.7613243,0.00964268,0.2789175,0.072752126,0.3861004,0.046135947
375316653866487564,4473545851417272064,0.49857417,2332.039996942667,2.479340841945368,2.593036E-5,19.159973,0.03136789,0.25703168,0.006640022,0.09590537,0.015624885,0.34283277,0.02677634,0.7606069,0.0057537667,0.09602638,0.012564027,0.34741777,0.027747542,null,null,null,null,"TWOGAUSSIANS",8,4.4581084,0.7606069,0.0057537667,0.4,0.0,0.32532957,0.023370003,0.25703168,0.006640022,0.4,0.0,0.3207446,0.021169703
375316653866487564,4473549051170217984,0.57473654,2335.562053230237,2.89913048052636,1.4517182E-5,17.25401,0.038987704,0.29280135,0.004249671,0.10991342,0.018823765,0.18315507,0.037224814,0.7803505,0.002416189,0.121610686,0.018259116,0.20982243,0.037165,null,null,null,null,"TWOGAUSSIANS",8,2.9616363,0.7803505,0.002416189,0.4,0.0,0.17591386,0.0061395583,0.29288137,0.004222801,0.4,0.0,0.14933039,0.0065496904
375316653866487564,4473552070530249344,0.5797225,2341.4186961666214,3.817300120956562,1.5896183E-5,17.117306,0.008859817,0.28672254,0.002474912,0.082140185,0.004639354,0.30980197,0.009058983,0.791945,0.0029426806,0.08491235,0.0036843787,0.3939168,0.010657002,null,null,null,null,"TWOGAUSSIANS",8,14.479578,0.791945,0.0029426806,0.4,0.0,0.38669443,0.009162176,0.28672254,0.002474912,0.4,0.0,0.3025796,0.00756914
375316653866487564,4473554892325246720,0.59801674,2261.1852707225444,2.3346161539626746,9.515492E-6,14.658539,0.018488249,0.302104,0.002562051,0.049159326,0.027792482,0.05732494,0.03377223,0.79568785,0.0075670346,0.04948527,0.01484037,0.06840878,0.03980154,0.09905332,0.021157071,0.302104,0.002562051,"TWOGAUSSIANS_WITH_ELLIPSOIDAL_ON_ECLIPSE1",9,93.7515,0.7979879,0.004524081,0.27711752,0.08310607,0.26630884,0.006228516,0.302104,0.002562051,0.27529222,0.14890729,0.25543132,0.012470486
375316653866487564,4473554991106822272,0.4651519,2257.9949597984405,3.3960883223018654,1.8718269E-5,19.596586,0.024974857,0.28706682,0.02693461,0.07892119,0.025490206,0.21874925,0.03744366,0.7827824,0.0078480095,0.09810302,0.01745595,0.30076778,0.031957954,null,null,null,null,"TWOGAUSSIANS",8,2.9125876,0.7827824,0.0078480095,0.4,0.0,0.29179677,0.036649656,0.28706682,0.026934937,0.4,0.0886381,0.20977966,0.03230615
375316653866487564,4473556124978377472,0.58451843,2263.509361132571,3.974143213538975,7.786533E-6,18.954576,0.010050276,0.27482757,0.0037486602,0.07780245,0.0029833633,0.59961015,0.0216991,0.7880751,0.0010172565,0.07181671,0.0023639905,0.57220113,0.011207817,null,null,null,null,"TWOGAUSSIANS",8,2.706853,0.27482757,0.0037486602,0.4,0.0,0.5963476,0.021416312,0.7880751,0.0010172565,0.4,0.0045749205,0.56893855,0.0108987475
375316653866487564,4473557194427755264,0.45586208,2282.8682545276006,0.6240242954182332,3.6627076E-5,16.970053,0.008035241,0.10096433,0.010447694,0.01038365,0.020420076,0.08969886,0.067805186,0.4151118,0.07134436,0.025844002,0.030324414,0.44526678,11903.867,0.011692221,0.010872187,0.10096433,0.010447694,"TWOGAUSSIANS_WITH_ELLIPSOIDAL_ON_ECLIPSE1",9,55.6413,0.4152718,0.071506254,0.14472641,0.16981672,0.44887272,11903.864,0.10096433,0.010447694,0.058148436,0.11435243,0.11308329,0.08030355
375316653866487564,4473557465006380800,0.4538367,2270.0742148970476,3.9102960695910722,2.6529824E-5,19.07114,0.0040230607,null,null,null,null,null,null,null,null,null,null,null,null,0.07334323,0.0057957615,0.25863007,0.007050569,"ELLIPSOIDAL",4,3.342617,null,null,null,null,null,null,null,null,null,null,null,null
375316653866487564,4473571419359516032,0.42301515,2241.6596575866233,3.8521005802939414,3.8589016E-5,18.592657,0.0064633097,0.4317065,0.010295242,0.04536843,0.008356549,0.3286005,0.028279684,0.74998426,0.013674948,0.0831299,0.01084594,0.12852891,0.019572966,null,null,null,null,"TWOGAUSSIANS",8,7.9394736,0.4317265,0.010303682,0.25406322,0.046796676,0.3286846,0.028296793,0.74998426,0.013674948,0.4,0.0,0.12852865,0.019573206
375316653866487564,4473576259783542656,0.4720023,2201.83524374008,4.01103198650082,1.7011507E-5,19.201628,0.016176112,0.2445825,0.006434257,0.09352672,0.01630642,0.26644745,0.020880334,0.745524,0.0047391667,0.08910039,0.009095441,0.24749665,0.01846845,null,null,null,null,"TWOGAUSSIANS",8,4.234669,0.2445825,0.006434257,0.4,0.0,0.2545054,0.026049675,0.745524,0.0047391667,0.4,0.0,0.23555484,0.016852519
375316653866487564,4473591343711045632,0.50019825,2333.4914031171356,0.5973115038531884,3.662493E-5,18.85038,0.00717931,0.2146203,0.009376609,0.011793568,0.0059870654,0.3755391,0.13901097,0.72821105,0.030133,0.031591434,0.041125987,0.16212651,0.10175457,null,null,null,null,"TWOGAUSSIANS",8,3.8678803,0.2146203,0.009376609,0.06604398,0.033527568,0.3755391,0.13901097,0.72821105,0.030133,0.17691204,0.22370005,0.16212651,0.10175457
375316653866487564,4473591996545946240,0.54078203,2294.403978144401,3.1528032833034514,2.3226927E-5,18.217268,0.022776736,0.2681799,0.004722051,0.102445565,0.01033324,0.32946,0.021034582,0.785999,0.0032592993,0.09149914,0.008965279,0.2324581,0.021343488,null,null,null,null,"TWOGAUSSIANS",8,5.4572477,0.2681799,0.004722051,0.4,0.0,0.31367487,0.014535823,0.78600895,0.0032674223,0.4,0.0,0.21667877,0.012468992
375316653866487564,4473594676605742976,0.538838,2327.732345899388,3.1149067416640186,1.8149063E-5,18.907494,0.009849566,0.20092073,0.0029328314,0.072284915,0.0056184414,0.30993953,0.01720071,0.7173728,0.005971526,0.07099757,0.0055160034,0.29972446,0.012870547,null,null,null,null,"TWOGAUSSIANS",8,2.6254234,0.20092073,0.0029328314,0.4,0.011465939,0.30901924,0.017315727,0.7173728,0.005971526,0.3975864,0.022394177,0.29880416,0.012544102
375316653866487564,4473595501237351168,0.47840324,2306.6934251027483,2.6004129888947514,4.8076963E-5,19.636776,0.061979417,0.25178164,0.007046972,0.033187,0.010998954,0.48847204,0.17256266,0.7631496,0.015908623,0.025309205,0.023674933,0.423606,0.18637973,0.10680217,0.08681193,0.25178164,0.007046972,"TWOGAUSSIANS_WITH_ELLIPSOIDAL_ON_ECLIPSE1",9,18.732346,0.25178164,0.007046972,0.18584718,0.061594144,0.70207596,0.12651548,0.7631496,0.015908623,0.14173155,0.13257962,0.63612205,0.21024676
375316653866487564,4473596703830269056,0.49942294,2362.3239474509946,3.492798707289288,1.7562747E-5,18.133528,0.037917044,0.29824635,0.008693899,0.10816222,0.021639254,0.28393182,0.03285998,0.7912572,0.00606405,0.08633764,0.012642316,0.3097299,0.04092498,null,null,null,null,"TWOGAUSSIANS",8,15.808136,0.7912572,0.00606405,0.4,0.0,0.29015672,0.02794418,0.29824635,0.008693899,0.4,0.0,0.2643451,0.026623657
375316653866487564,4473599040292593536,0.52630335,2348.5043453920757,3.2815178177797417,1.8494378E-5,18.56079,0.017608898,0.25480565,0.0065159923,0.089334264,0.01338943,0.17578964,0.017036378,0.762507,0.012059138,0.09145982,0.019225731,0.19314839,0.01821709,null,null,null,null,"TWOGAUSSIANS",8,1.7098243,0.762507,0.012059138,0.4,0.0,0.18599926,0.0063398797,0.25480565,0.006515558,0.4,0.0,0.16864058,0.010323902
375316653866487564,4473604817025644288,0.47611704,2259.3279144582584,0.5170116737356786,4.524395E-5,17.59797,0.0018122782,0.38843027,0.006813833,0.029767832,0.0066620926,0.02577643,0.0019521022,0.59958035,0.023772229,0.018274384,0.015389314,0.24232668,7.806369,null,null,null,null,"TWOGAUSSIANS",8,3.3816438,0.59958035,0.023772229,0.10233655,0.08618016,0.24232668,7.806369,0.38843027,0.006813833,0.16669986,0.037307717,0.02577643,0.0019521022
375316653866487564,4473608317419826688,0.58987826,2270.5512823111726,2.3442478892317733,6.2976924E-6,17.05471,0.015035343,0.20470037,0.0018605547,0.048868548,0.0043560653,0.25148425,0.03396817,0.6994601,0.0041232803,0.054341726,0.008797484,0.32741106,0.034344528,0.08888689,0.019003693,0.20470037,0.0018605547,"TWOGAUSSIANS_WITH_ELLIPSOIDAL_ON_ECLIPSE1",9,24.395506,0.70005006,0.0037025602,0.30431366,0.049265914,0.5050076,0.021824552,0.20470037,0.0018605547,0.27366388,0.024393966,0.42925182,0.010591001
375316653866487564,4473620652566194944,0.43683055,2251.570881256749,4.130820205564928,1.7801478E-5,19.124048,0.61133516,0.16132368,0.0059371004,0.19686942,0.095671855,0.56771564,0.5985613,0.6710265,0.008317027,0.14975218,0.033964418,0.5940366,0.4788937,null,null,null,null,"TWOGAUSSIANS",8,1.3629348,0.6740865,0.0051086205,0.4,0.0,0.2539169,0.013557956,0.15974368,0.0042969543,0.4,0.0,0.1866949,0.0088039925
375316653866487564,4473625531649332096,0.50449663,2285.906076177424,4.255947585103638,2.2685997E-5,19.57804,0.07303872,0.27271667,0.0069690617,0.09155832,0.014158298,0.2945542,0.06817947,0.768483,0.03696917,0.08504619,0.06487767,0.23280822,0.066814795,null,null,null,null,"TWOGAUSSIANS",8,1.8809775,0.27271667,0.0062379814,0.4,0.0,0.285634,0.018175371,0.768483,0.03696917,0.4,0.009674078,0.22388822,0.021146573
375316653866487564,4473630754331976960,0.42038092,2331.4721361593597,0.11600838430198111,5.863648E-5,19.411343,0.5407258,0.20819135,0.0064913016,0.1323515,0.036210038,0.6711787,0.41838866,0.7034354,0.012753178,0.19857478,0.103247315,0.6608519,0.53008556,null,null,null,null,"TWOGAUSSIANS",8,4.5713754,0.20935135,0.0054844455,0.4,0.0,0.32476634,0.029835042,0.7034354,0.012753178,0.4,0.0,0.2599002,0.024001583
375316653866487564,4473633434389288448,0.4702829,2344.64512660026,0.16362248114404657,1.28042975E-5,18.307144,0.0038816414,0.2536249,0.007953415,0.06462653,0.00655045,0.12985492,0.01410654,0.7517052,0.0030893509,0.029687166,0.006917279,0.4268292,0.28038153,null,null,null,null,"TWOGAUSSIANS",8,4.1833644,0.7517052,0.0030893509,0.16624814,0.038736764,0.42682895,0.28038225,0.2536249,0.007953415,0.36190856,0.03668252,0.12985466,0.014106687
375316653866487564,4473639790941102720,0.59455043,2348.2914287957246,1.501650079437696,3.83405E-5,16.853283,0.011415145,0.29657263,0.027011417,0.037127465,0.024703812,0.32340583,0.07083147,0.795228,0.0028933797,0.03196526,0.011038321,0.051635183,0.023084255,0.011357744,0.012762926,0.29657263,0.027011417,"TWOGAUSSIANS_WITH_ELLIPSOIDAL_ON_ECLIPSE1",9,6.58977,0.29657263,0.027011417,0.20791382,0.13834134,0.34612134,0.06457406,0.795278,0.0027856068,0.17900546,0.0618146,0.074349105,0.005015411
375316653866487564,4473650927793069696,0.6313223,2335.2382848782136,3.5084891671695493,4.331024E-6,15.053698,0.0055143894,0.23140939,0.043392953,0.040053602,0.022918966,0.21248093,0.30171913,0.73576325,0.0010607706,0.047913536,0.0044802683,0.16585492,0.014517266,0.12152186,0.008144221,0.73576325,0.0010607706,"TWOGAUSSIANS_WITH_ELLIPSOIDAL_ON_ECLIPSE2",9,48.108578,0.23195939,0.043440007,0.22430016,0.1283462,0.45536515,0.28302366,0.73576325,0.0010607706,0.26831582,0.025089504,0.40889794,0.012729048
375316653866487564,4473652233463113216,0.47363117,2358.8714409602603,1.0672405013261552,3.0069958E-5,16.204689,0.012971573,0.32370883,0.025012877,0.037154473,0.028298315,0.09621143,0.036031842,0.8207739,0.009993134,0.020299578,0.041242927,0.018205399,7936.228,0.012496329,0.012639454,0.32370883,0.025012877,"TWOGAUSSIANS_WITH_ELLIPSOIDAL_ON_ECLIPSE1",9,16.504894,0.32370883,0.025012877,0.20806505,0.15847056,0.12120407,0.01269542,0.8209039,0.009767716,0.113677636,0.23096038,0.0431899,7936.229
375316653866487564,4473652400965170944,0.614766,2376.6691251914485,1.8109099892917155,7.108831E-6,18.553568,0.0037534821,0.2693739,0.0015960638,0.024012022,0.0025012465,0.34694985,0.022191523,0.7696035,0.0011475552,0.023206951,0.0010924458,0.9376056,0.035363838,null,null,null,null,"TWOGAUSSIANS",8,3.1792042,0.7696035,0.0011475552,0.12995893,0.0061176964,0.9376056,0.035363838,0.2693739,0.0015960638,0.13446732,0.01400698,0.34694985,0.022191523
375316653866487564,4473655562065383936,0.52713627,2320.1489396853826,3.4402946875231937,1.9519613E-5,19.242968,0.011023682,0.2680443,0.004670172,0.07177696,0.004110241,0.41155887,0.025106063,0.7613859,0.004437702,0.06973921,0.006259237,0.50500506,0.035873465,null,null,null,null,"TWOGAUSSIANS",8,4.1291394,0.7613859,0.004437702,0.39053956,0.031822946,0.5035065,0.036321793,0.2680443,0.004670172,0.4,0.015041819,0.4100603,0.025048282
375316653866487564,4473656249256017920,0.63414943,2343.1123006968246,3.218707034207021,1.7944421E-5,17.802385,0.01602131,0.21223402,0.0032275727,0.049930446,0.0042530093,0.4676286,0.036517713,0.6997375,0.001789621,0.05350401,0.0034335707,0.5954762,0.03325185,0.08657969,0.019085007,0.21223402,0.0032275727,"TWOGAUSSIANS_WITH_ELLIPSOIDAL_ON_ECLIPSE1",9,6.6315722,0.70050746,0.0016315802,0.29962245,0.019227996,0.7676298,0.036119916,0.21223402,0.0032275727,0.27961048,0.023816854,0.64078224,0.00792733
375316653866487564,4473656799012786816,0.53601855,2339.563634905769,4.33068015861916,1.4475086E-5,18.257963,0.0111311,0.27038354,0.0023724593,0.10555102,0.007768197,0.20739754,0.009352565,0.76559544,0.0032886704,0.09447842,0.007382586,0.17637894,0.01111184,null,null,null,null,"TWOGAUSSIANS",8,1.8370602,0.27038354,0.0023724593,0.4,0.0,0.19151114,0.006219837,0.76559544,0.0032886704,0.4,0.0,0.16049792,0.0053987745
