Gaia/vari_eclipsing_binary/VariEclipsingBinary_614636-614709.csv
# %ECSV 1.0
# ---
# delimiter: ','
# meta: !!omap
# - RELEASE: Gaia DR3
# - TABLE: vari_eclipsing_binary
# - DESCRIPTION: >
#     This table describes the properties of the eclipsing binaries resulting from the variability analysis. 
# - CITATION: >
#     How to cite and acknowledge Gaia: 
#     https://gea.esac.esa.int/archive/documentation/credits.html 
# - KNOWN_ISSUES: >
#     Known issues: 
#     https://www.cosmos.esa.int/web/gaia-users/known-issues 
# - DOCUMENTATION: >
#     Tutorials and documentation: 
#     https://www.cosmos.esa.int/web/gaia-users/archive 
# datatype:
# - 
#   name: solution_id
#   datatype: int64
#   description: Solution Identifier
#   meta:
#     ucd: meta.version
# - 
#   name: source_id
#   datatype: int64
#   description: Unique source identifier
#   meta:
#     ucd: meta.id;meta.main
# - 
#   name: global_ranking
#   datatype: float32
#   description: Number between 0 (worst) and 1 (best)
#   meta:
#     ucd: stat.param
# - 
#   name: reference_time
#   datatype: float64
#   unit: d
#   description: Reference time used for the geometric model fit
#   meta:
#     ucd: time.epoch
# - 
#   name: frequency
#   datatype: float64
#   unit: d**-1
#   description: Frequency of geometric model of the eclipsing binary light curve
#   meta:
#     ucd: src.orbital
# - 
#   name: frequency_error
#   datatype: float32
#   unit: d**-1
#   description: "Uncertainty of \\texttt{frequency}"
#   meta:
#     ucd: stat.error
# - 
#   name: geom_model_reference_level
#   datatype: float32
#   unit: mag
#   description: Magnitude reference level of geometric model
#   meta:
#     ucd: phot.mag;em.opt
# - 
#   name: geom_model_reference_level_error
#   datatype: float32
#   unit: mag
#   description: "Uncertainty of \\texttt{geomModelReferenceLevel}"
#   meta:
#     ucd: stat.error;phot.mag;em.opt
# - 
#   name: geom_model_gaussian1_phase
#   datatype: float32
#   description: Phase of the Gaussian 1 component
#   meta:
#     ucd: time.phase
# - 
#   name: geom_model_gaussian1_phase_error
#   datatype: float32
#   description: "Uncertainty of \\texttt{geomModelGaussian1Phase}"
#   meta:
#     ucd: stat.error;time.phase
# - 
#   name: geom_model_gaussian1_sigma
#   datatype: float32
#   description: "Standard deviation [phase] of Gaussian 1 component"
#   meta:
#     ucd: stat.stdev
# - 
#   name: geom_model_gaussian1_sigma_error
#   datatype: float32
#   description: "Uncertainty of \\texttt{geomModelGaussian1Sigma}"
#   meta:
#     ucd: stat.error
# - 
#   name: geom_model_gaussian1_depth
#   datatype: float32
#   unit: mag
#   description: Magnitude depth of Gaussian 1 component
#   meta:
#     ucd: src.var.amplitude
# - 
#   name: geom_model_gaussian1_depth_error
#   datatype: float32
#   unit: mag
#   description: "Uncertainty of \\texttt{geomModelGaussian1Depth}"
#   meta:
#     ucd: stat.error;src.var.amplitude
# - 
#   name: geom_model_gaussian2_phase
#   datatype: float32
#   description: Phase of Gaussian 2 component
#   meta:
#     ucd: time.phase
# - 
#   name: geom_model_gaussian2_phase_error
#   datatype: float32
#   description: "Uncertainty of \\texttt{geomModelGaussian2Phase}"
#   meta:
#     ucd: stat.error;time.phase
# - 
#   name: geom_model_gaussian2_sigma
#   datatype: float32
[...]
#   datatype: float32
#   description: "Secondary eclipse: uncertainty of \\texttt{derivedSecondaryEclDuration}"
#   meta:
#     ucd: stat.error;time.duration
# - 
#   name: derived_secondary_ecl_depth
#   datatype: float32
#   unit: mag
#   description: "Secondary eclipse: depth"
#   meta:
#     ucd: src.var.amplitude
# - 
#   name: derived_secondary_ecl_depth_error
#   datatype: float32
#   unit: mag
#   description: "Secondary eclipse: uncertainty of \\texttt{derivedSecondaryEclDepth}"
#   meta:
#     ucd: stat.error;src.var.amplitude
solution_id,source_id,global_ranking,reference_time,frequency,frequency_error,geom_model_reference_level,geom_model_reference_level_error,geom_model_gaussian1_phase,geom_model_gaussian1_phase_error,geom_model_gaussian1_sigma,geom_model_gaussian1_sigma_error,geom_model_gaussian1_depth,geom_model_gaussian1_depth_error,geom_model_gaussian2_phase,geom_model_gaussian2_phase_error,geom_model_gaussian2_sigma,geom_model_gaussian2_sigma_error,geom_model_gaussian2_depth,geom_model_gaussian2_depth_error,geom_model_cosine_half_period_amplitude,geom_model_cosine_half_period_amplitude_error,geom_model_cosine_half_period_phase,geom_model_cosine_half_period_phase_error,model_type,num_model_parameters,reduced_chi2,derived_primary_ecl_phase,derived_primary_ecl_phase_error,derived_primary_ecl_duration,derived_primary_ecl_duration_error,derived_primary_ecl_depth,derived_primary_ecl_depth_error,derived_secondary_ecl_phase,derived_secondary_ecl_phase_error,derived_secondary_ecl_duration,derived_secondary_ecl_duration_error,derived_secondary_ecl_depth,derived_secondary_ecl_depth_error
[from data line 288]
375316653866487564,5406590598425977984,0.5805439,2152.7814375039366,0.17345873824019975,1.3479075E-6,16.274853,9.609281E-4,0.6669139,0.016552567,0.030163134,0.009649477,0.020079296,0.005593709,0.9086524,0.0020153702,0.005871453,0.0010784452,0.197491,0.015698867,null,null,null,null,"TWOGAUSSIANS",8,3.8296974,0.9086524,0.0020153702,0.032880135,0.006039293,0.197491,0.015698867,0.6669139,0.016552567,0.16891356,0.05403707,0.020079296,0.005593709
375316653866487564,5406590907663638272,0.4721433,2175.08801486455,0.601153556046619,1.8829662E-5,14.771615,0.003081509,0.28463104,0.005322275,0.026210492,0.0048365756,0.21963823,0.023772866,0.6166774,0.019213809,0.031578027,0.011449933,0.045807924,0.016669866,0.0022107172,0.005040674,0.28463104,0.005322275,"TWOGAUSSIANS_WITH_ELLIPSOIDAL_ON_ECLIPSE1",9,270.6451,0.28463104,0.005322275,0.14677876,0.027084824,0.22405963,0.024033831,0.6171974,0.018769076,0.17683695,0.06411963,0.046888642,0.016958965
375316653866487564,5406591560498702464,0.48114178,2133.142336846513,0.3424230509813801,1.2438684E-5,17.179966,0.0025231515,0.21546856,0.0038857325,0.052618995,0.0054787244,0.09853792,0.009235508,0.70621175,0.0025125486,0.047799613,0.002205532,0.12362147,0.005679876,null,null,null,null,"TWOGAUSSIANS",8,8.246417,0.70621175,0.0025125486,0.2676778,0.012350979,0.1236209,0.005679804,0.21546856,0.0038857325,0.29466638,0.030680856,0.098537356,0.009236055
375316653866487564,5406593652132071552,0.5578832,2147.8568229931498,1.9134101646284873,5.5073237E-6,18.968542,0.0062201913,0.25361437,0.0016312351,0.048338514,0.0021529489,0.7014217,0.06596634,0.75792474,0.0052476046,0.0686074,0.0075844666,0.15660767,0.012070371,null,null,null,null,"TWOGAUSSIANS",8,2.172358,0.25361437,0.0016312351,0.2706957,0.012056513,0.70137036,0.06598981,0.75792474,0.0052476046,0.3842014,0.035500612,0.15655634,0.012093534
375316653866487564,5406594373686919040,0.57206666,2148.8564362488396,0.4861859895702914,4.521554E-6,18.155146,0.001919166,0.19403802,5.108436E-4,0.017123967,8.213806E-4,0.4517675,0.04675207,0.6968225,0.004306316,0.021766083,0.0046311663,0.1008,0.023290653,null,null,null,null,"TWOGAUSSIANS",8,1.8540883,0.19403802,5.108436E-4,0.09589422,0.004599731,0.4517675,0.04675207,0.6968225,0.004306316,0.12189007,0.025934532,0.1008,0.023290653
375316653866487564,5406594652856784256,0.5302657,2166.829776436505,1.3970297662303741,3.1529293E-5,19.01728,0.0077562653,0.28301883,0.0037400436,0.026072834,0.0019291468,0.6907819,0.089061126,0.7848163,0.007679298,0.023873765,0.014106447,0.43458563,0.16930333,null,null,null,null,"TWOGAUSSIANS",8,7.41985,0.28301883,0.0037400436,0.14600787,0.010803223,0.6907819,0.089061126,0.7848163,0.007679298,0.13369308,0.07899611,0.43458563,0.16930333
375316653866487564,5406595133911250304,0.4863317,2145.7938509598594,1.3181326831023785,2.2042765E-5,18.29997,0.0034828838,0.3226729,0.005950859,0.06048334,0.0055360594,0.12994763,0.01150979,0.8460273,0.010528014,0.06398542,0.01440704,0.04648344,0.004842526,null,null,null,null,"TWOGAUSSIANS",8,1.9179591,0.3226729,0.005950859,0.3387067,0.031001931,0.12992564,0.011516067,0.8460273,0.010528014,0.3583184,0.08067942,0.046461448,0.0048417896
375316653866487564,5406595580587860736,0.5956525,2129.154607037739,2.6640028626221643,4.8798015E-6,16.625557,0.010002711,0.25398305,0.0015892343,0.041447077,0.003463217,0.36031854,0.021917677,0.76136434,0.0017667148,0.04302933,0.003489082,0.30280218,0.021376288,0.13132888,0.013145025,0.25398305,0.0015892343,"TWOGAUSSIANS_WITH_ELLIPSOIDAL_ON_ECLIPSE1",9,35.8948,0.25398305,0.0015892343,0.23210363,0.019394016,0.62297624,0.008641294,0.76136434,0.0017667148,0.24096426,0.019538859,0.56489533,0.012186169
375316653866487564,5406596439581346432,0.6001658,2125.4537405540855,1.6921146157397173,3.694564E-6,15.714368,0.009695046,0.27239904,0.0016109106,0.07810758,0.0023108108,0.52908427,0.011853151,0.7800205,0.0022720657,0.07713955,0.00435526,0.25304723,0.010077614,null,null,null,null,"TWOGAUSSIANS",8,67.90825,0.27239904,0.0016109106,0.4,0.0,0.52561,0.011147485,0.7800205,0.0022720657,0.4,0.0,0.24957299,0.009221375
375316653866487564,5406596473941090432,0.48938075,2104.6347555371176,1.2051100764785105,9.950582E-6,17.712532,0.0021543296,0.23149736,0.0061744973,0.03234356,0.005263559,0.18190837,0.08034154,0.9080323,0.016335431,0.017259495,0.010566256,0.017438345,0.010406064,0.018660322,0.0044145295,0.23149736,0.0061744973,"TWOGAUSSIANS_WITH_ELLIPSOIDAL_ON_ECLIPSE1",9,4.454048,0.23149736,0.0061744973,0.18112393,0.02947593,0.21922903,0.080868796,0.9080323,0.016335431,0.09665317,0.059171036,0.02484127,0.012490319
375316653866487564,5406596473941202176,0.45198068,2124.2139736267977,2.6495854238691043,2.9839026E-5,15.378331,0.029209893,0.22975242,0.011852879,0.086220704,0.018482883,0.20412993,0.030310255,0.7350028,0.0104197385,0.10023613,0.016763171,0.196356,0.03369407,null,null,null,null,"TWOGAUSSIANS",8,437.8581,0.22975242,0.011852879,0.4,0.0,0.19399463,0.025703035,0.7350028,0.0104197385,0.4,0.0,0.1862191,0.025627963
375316653866487564,5406597264215069184,0.5905029,2143.712485850888,0.7657647353411968,5.2511123E-6,15.58343,7.933864E-4,0.31734926,0.0010543261,0.02305493,0.0016096244,0.17304236,0.01949793,0.81678754,0.0012408954,0.024155885,0.0014557267,0.15607107,0.008409522,0.0046562483,0.0014101525,0.31734926,0.0010543261,"TWOGAUSSIANS_WITH_ELLIPSOIDAL_ON_ECLIPSE1",9,3.8947577,0.31734926,0.0010543261,0.1291076,0.009013897,0.18235484,0.019537546,0.81678754,0.0012408954,0.13527295,0.0081520695,0.16538343,0.007841334
375316653866487564,5406598084538725888,0.64595133,2109.8597116857986,2.8164596851945256,2.8798984E-6,18.035799,0.006155754,0.18471721,9.395645E-4,0.043356262,0.001913429,0.3569914,0.012550741,0.6821192,0.002167481,0.0387121,0.002570166,0.37018195,0.016118586,0.1331013,0.007793998,0.18471721,9.395645E-4,"TWOGAUSSIANS_WITH_ELLIPSOIDAL_ON_ECLIPSE1",9,3.8117104,0.68231916,0.0020079338,0.21678776,0.01439293,0.6363187,0.013437215,0.18471721,9.395645E-4,0.24279507,0.010715202,0.6231935,0.009273009
375316653866487564,5406598844763282432,0.56885654,2122.400293605355,0.6409519780560571,6.0012485E-6,15.935582,0.0026891127,0.2893443,0.0016057774,0.025755137,0.003591671,0.06472585,0.014626528,0.79919827,0.026162157,0.028666895,0.033275474,0.023387102,0.0039100535,0.041374512,0.003511421,0.2893443,0.0016057774,"TWOGAUSSIANS_WITH_ELLIPSOIDAL_ON_ECLIPSE1",9,4.773723,0.2893443,0.0016057774,0.14422877,0.020113356,0.14747475,0.0137687065,0.79919827,0.01863095,0.1605346,0.18634266,0.1058192,0.0036315825
375316653866487564,5406599600677336192,0.61178535,2128.7140684797237,0.7399818692950308,1.979695E-6,15.645174,0.0015551558,0.22410579,0.013235302,0.016434193,0.019504115,0.0306261,6.1677357E8,0.721598,4.8472852E-4,0.018422553,4.4053214E-4,0.18929662,0.002597151,0.006685618,0.0019099447,0.22410579,0.013235302,"TWOGAUSSIANS_WITH_ELLIPSOIDAL_ON_ECLIPSE1",9,6.2553964,0.721598,4.760341E-4,0.103166305,0.00246698,0.20266452,0.0037390515,0.22410579,0.013235302,0.09203149,0.10922304,0.043997325,6.1677357E8
375316653866487564,5406600936397979520,0.63245344,2109.536111260618,2.5857876000919715,4.2096035E-6,16.608702,0.0048545613,0.26708648,0.0016546132,0.08948977,0.0024762515,0.35241455,0.0053735073,0.7640132,0.0015178069,0.08596632,0.0021907713,0.3859033,0.0071136034,null,null,null,null,"TWOGAUSSIANS",8,6.8406987,0.7640132,0.0015178069,0.4,0.0,0.37382463,0.0071486505,0.26708648,0.0016546132,0.4,0.0,0.3403358,0.0045688497
375316653866487564,5406601112505835776,0.5620566,2123.6310191133493,1.9873124092015042,7.560606E-6,15.843532,0.013078693,0.2486892,0.002393561,0.095421195,0.0056884415,0.27522793,0.0122690415,0.7431916,0.0020033496,0.10438196,0.004817026,0.29159278,0.012868535,null,null,null,null,"TWOGAUSSIANS",8,26.873522,0.7431916,0.0020033496,0.4,0.0,0.26849973,0.0074234945,0.2486892,0.002393561,0.4,0.0,0.2521405,0.0076766876
375316653866487564,5406601215585061120,0.5825445,2105.6394311636996,1.2342081337818267,4.6284126E-6,17.499489,0.010063493,0.16507232,0.0011629942,0.09734631,0.0037503496,0.27128816,0.009054141,0.66995096,0.0026485808,0.107393496,0.0055456464,0.22337154,0.009972335,null,null,null,null,"TWOGAUSSIANS",8,2.1336184,0.16507232,0.0011629942,0.4,0.0,0.24794637,0.004944052,0.66995096,0.0026485808,0.4,0.0,0.20002185,0.006439712
375316653866487564,5406601486157447936,0.5580534,2118.9523744908065,2.619975748763031,9.06281E-6,18.381348,0.027106037,0.20741858,0.003859514,0.048130594,0.012706845,0.23820037,0.056129802,0.69759196,0.009562473,0.05203413,0.012151071,0.24918059,0.061815973,0.12171702,0.033187088,0.20741858,0.003859514,"TWOGAUSSIANS_WITH_ELLIPSOIDAL_ON_ECLIPSE1",9,10.303576,0.69929194,0.0076547936,0.29139113,0.068045996,0.49184418,0.036817513,0.20741858,0.003859514,0.2695313,0.071158335,0.48163104,0.039978176
375316653866487564,5406602796133063936,0.64293146,2127.4560156708176,2.705557143041043,2.4622475E-6,15.765836,0.0064283726,0.2590756,0.0011787764,0.043378446,0.0025757689,0.3489561,0.016414588,0.75414515,0.0010905517,0.05259052,0.0018727587,0.3694239,0.013193447,0.112283655,0.007790186,0.2590756,0.0011787764,"TWOGAUSSIANS_WITH_ELLIPSOIDAL_ON_ECLIPSE1",9,24.834576,0.75472516,8.9666474E-4,0.2945069,0.010487448,0.593798,0.007590615,0.2590756,0.0011787764,0.24291931,0.014424305,0.5735204,0.015854828
375316653866487564,5406603891335627776,0.4411635,2121.0804266015402,3.2141425884478703,1.23768705E-5,19.557114,0.014608152,0.22792369,0.0045007793,0.077126466,0.007066423,0.29528752,0.015967363,0.7877474,0.017746495,0.12073408,0.023866825,0.12489162,0.020403635,null,null,null,null,"TWOGAUSSIANS",8,3.3850229,0.22782369,0.004421643,0.4,0.0,0.2893971,0.015657928,0.7877474,0.017746495,0.4,0.0,0.11883602,0.019634284
375316653866487564,5406604307961312640,0.629367,2140.630556706214,0.2254469441690518,3.0466465E-6,16.193848,9.5281116E-4,0.3680078,0.0055026,0.013798238,0.0019635928,0.4168507,0.18229307,0.871558,2.2029344E-4,0.0139818555,2.6295386E-4,0.38963905,0.010899805,null,null,null,null,"TWOGAUSSIANS",8,4.878548,0.3680078,0.0055026,0.077270135,0.010996119,0.4168507,0.18229307,0.871558,2.2029344E-4,0.07829839,0.0014725416,0.38963905,0.010899805
375316653866487564,5406604685900251136,0.5518254,2129.939108916161,2.7780511919843907,6.1762144E-6,19.108686,0.014745317,0.25588405,0.0027183087,0.0892681,0.005286919,0.39773697,0.013473084,0.7543978,0.0025159006,0.088605545,0.004650735,0.42137927,0.014770347,null,null,null,null,"TWOGAUSSIANS",8,2.3091285,0.7543978,0.0025159006,0.4,0.0,0.40599516,0.011146299,0.25588405,0.0027183087,0.4,0.0,0.38235283,0.009598547
375316653866487564,5406606369526855680,0.47205707,2127.080720640155,3.2468422081407087,1.5593278E-5,18.860716,0.0104221525,0.22795913,0.0055439314,0.08707479,0.008639765,0.22679253,0.013539805,0.72351724,0.0070489408,0.07352051,0.006875704,0.26856562,0.011627567,null,null,null,null,"TWOGAUSSIANS",8,4.6885753,0.72351724,0.0070489408,0.4,0.016005754,0.2650533,0.0100495275,0.22795913,0.0055439314,0.4,0.0,0.22328018,0.013073812
375316653866487564,5406606983715254784,0.5402776,2154.2110335264097,0.1333732752833015,3.1389343E-5,16.11351,9.959524E-4,0.19143353,0.004011162,0.0035315938,0.0011456372,1.148875,1.5602106,null,null,null,null,null,null,0.0045404923,0.0015013393,0.19143353,0.004011162,"ONEGAUSSIAN_WITH_ELLIPSOIDAL",6,57.003574,0.19143353,0.004011162,0.019776925,0.0064155683,1.157956,1.5603025,null,null,null,null,null,null
375316653866487564,5406607159821684352,0.5353672,2158.212584773521,1.375431940875435,1.2961665E-5,15.8715515,0.023125496,0.22690544,0.0042047477,0.11611444,0.016174344,0.1172909,0.02264826,0.7387251,0.0050903936,0.11656511,0.01595748,0.1461901,0.022346437,null,null,null,null,"TWOGAUSSIANS",8,9.524349,0.7387551,0.0050690076,0.4,0.0,0.12293996,0.004087783,0.22685544,0.004214117,0.4,0.0,0.09404889,0.004840141
375316653866487564,5406607258593164800,0.44660142,2135.563659617619,0.6546538766254892,2.300998E-5,18.791773,0.0042258264,0.21866053,0.015877502,0.032786105,0.018977158,0.13265328,0.13231657,0.7109668,0.003241419,0.025465855,0.0031857328,0.17802332,0.015659215,null,null,null,null,"TWOGAUSSIANS",8,4.7920747,0.7109668,0.003241419,0.14260879,0.017840102,0.17802332,0.015659215,0.21866053,0.015877502,0.1836022,0.10627208,0.13265328,0.13231657
375316653866487564,5406607499111347072,0.58660513,2153.2541646513782,2.764520436540301,4.7346225E-6,18.81852,0.013189348,0.3056842,0.003949482,0.038404707,0.0066112084,0.4506633,0.058550473,0.8067073,0.0022500972,0.045800317,0.0036744669,0.51373744,0.036192015,0.11461539,0.021160856,0.3056842,0.003949482,"TWOGAUSSIANS_WITH_ELLIPSOIDAL_ON_ECLIPSE1",9,3.3179286,0.8067073,0.0022115393,0.25648177,0.020577013,0.7429584,0.038351916,0.3056842,0.003949482,0.21506637,0.03702277,0.67989373,0.06681558
375316653866487564,5406607743923705472,0.60170186,2140.9052293311124,3.2152217383181716,4.5892907E-6,18.877296,0.008240063,0.24636047,0.0015716805,0.046043426,0.0029338233,0.3395238,0.024319805,0.751604,0.0016256967,0.052969173,0.0021275429,0.4439573,0.025374858,0.10469208,0.013796858,0.24636047,0.0015716805,"TWOGAUSSIANS_WITH_ELLIPSOIDAL_ON_ECLIPSE1",9,2.1638215,0.751604,0.0016256967,0.29662737,0.01191424,0.6531099,0.017282924,0.24636047,0.0015716805,0.25784317,0.016429411,0.5489036,0.017753191
375316653866487564,5406608495539981440,0.45561936,2115.7660501076507,3.716137698486617,1.7466062E-5,18.311022,0.016035322,0.26079613,0.005641338,0.10636617,0.014528453,0.11923696,0.015233277,0.7431416,0.010909533,0.091610536,0.02932755,0.093785524,0.010340593,null,null,null,null,"TWOGAUSSIANS",8,3.283546,0.26079613,0.005635615,0.4,0.0,0.11226552,0.0068189893,0.7431416,0.010909533,0.4,0.0,0.08681892,0.012747638
375316653866487564,5406608598619322112,0.48252437,2122.903443554737,0.5948752266665651,5.99039E-6,17.014267,0.0011321136,0.26564792,0.004679647,0.020476263,0.004221291,0.045687407,0.018872594,0.7630417,0.0035078907,0.020204743,0.0032007294,0.05722941,0.005922627,0.009842391,0.0018500705,0.26564792,0.004679647,"TWOGAUSSIANS_WITH_ELLIPSOIDAL_ON_ECLIPSE1",9,2.4413884,0.7630717,0.0034713335,0.113146566,0.017924085,0.07690896,0.0058238697,0.26564792,0.004679647,0.11466708,0.02363923,0.06537218,0.018653737
375316653866487564,5406608912168232320,0.68324476,2158.215330504626,1.6153482379441022,2.8463567E-6,14.827711,0.003508879,0.21673194,8.8944024E-4,0.04332923,0.0017495591,0.16059168,0.008627584,0.7146934,5.039247E-4,0.039297834,5.717794E-4,0.8394481,0.008296731,0.06593236,0.004754739,0.21673194,8.8944024E-4,"TWOGAUSSIANS_WITH_ELLIPSOIDAL_ON_ECLIPSE1",9,33.086746,0.7147334,4.967772E-4,0.22006787,0.0032019645,0.97129124,0.0059991237,0.21673194,8.8944024E-4,0.2426437,0.00979753,0.29245612,0.005426001
375316653866487564,5406609187046144512,0.61728394,2168.5855784541523,2.1963028538491476,4.3207506E-6,17.173386,0.015053142,0.23208448,0.0016960407,0.05196093,0.0057198503,0.25837114,0.028534347,0.7290043,0.016210297,0.054334674,0.013999678,0.33773535,0.04599051,0.092428304,0.016186269,0.23208448,0.0016960407,"TWOGAUSSIANS_WITH_ELLIPSOIDAL_ON_ECLIPSE1",9,6.1007757,0.7293543,0.0135475695,0.30427417,0.0783982,0.52252144,0.054497007,0.23208448,0.0016960407,0.2909812,0.03203116,0.44321862,0.007295788
375316653866487564,5406609423256725632,0.55147207,2122.1073672890457,3.158971899302307,9.504672E-6,19.119583,0.007926467,0.25027165,0.0036508087,0.04222743,0.007680723,0.13987026,0.027478252,0.73714924,0.0030652138,0.04409292,0.0063377907,0.29680523,0.047296505,0.109616734,0.012417815,0.25027165,0.0036508087,"TWOGAUSSIANS_WITH_ELLIPSOIDAL_ON_ECLIPSE1",9,2.8547773,0.73847926,0.0026369698,0.24692035,0.03549163,0.5147017,0.05209282,0.25027165,0.0036508087,0.23647359,0.04301205,0.3591031,0.021458188
