Gaia/vari_eclipsing_binary/VariEclipsingBinary_595837-595868.csv
# %ECSV 1.0
# ---
# delimiter: ','
# meta: !!omap
# - RELEASE: Gaia DR3
# - TABLE: vari_eclipsing_binary
# - DESCRIPTION: >
#     This table describes the properties of the eclipsing binaries resulting from the variability analysis. 
# - CITATION: >
#     How to cite and acknowledge Gaia: 
#     https://gea.esac.esa.int/archive/documentation/credits.html 
# - KNOWN_ISSUES: >
#     Known issues: 
#     https://www.cosmos.esa.int/web/gaia-users/known-issues 
# - DOCUMENTATION: >
#     Tutorials and documentation: 
#     https://www.cosmos.esa.int/web/gaia-users/archive 
# datatype:
# - 
#   name: solution_id
#   datatype: int64
#   description: Solution Identifier
#   meta:
#     ucd: meta.version
# - 
#   name: source_id
#   datatype: int64
#   description: Unique source identifier
#   meta:
#     ucd: meta.id;meta.main
# - 
#   name: global_ranking
#   datatype: float32
#   description: Number between 0 (worst) and 1 (best)
#   meta:
#     ucd: stat.param
# - 
#   name: reference_time
#   datatype: float64
#   unit: d
#   description: Reference time used for the geometric model fit
#   meta:
#     ucd: time.epoch
# - 
#   name: frequency
#   datatype: float64
#   unit: d**-1
#   description: Frequency of geometric model of the eclipsing binary light curve
#   meta:
#     ucd: src.orbital
# - 
#   name: frequency_error
#   datatype: float32
#   unit: d**-1
#   description: "Uncertainty of \\texttt{frequency}"
#   meta:
#     ucd: stat.error
# - 
#   name: geom_model_reference_level
#   datatype: float32
#   unit: mag
#   description: Magnitude reference level of geometric model
#   meta:
#     ucd: phot.mag;em.opt
# - 
#   name: geom_model_reference_level_error
#   datatype: float32
#   unit: mag
#   description: "Uncertainty of \\texttt{geomModelReferenceLevel}"
#   meta:
#     ucd: stat.error;phot.mag;em.opt
# - 
#   name: geom_model_gaussian1_phase
#   datatype: float32
#   description: Phase of the Gaussian 1 component
#   meta:
#     ucd: time.phase
# - 
#   name: geom_model_gaussian1_phase_error
#   datatype: float32
#   description: "Uncertainty of \\texttt{geomModelGaussian1Phase}"
#   meta:
#     ucd: stat.error;time.phase
# - 
#   name: geom_model_gaussian1_sigma
#   datatype: float32
#   description: "Standard deviation [phase] of Gaussian 1 component"
#   meta:
#     ucd: stat.stdev
# - 
#   name: geom_model_gaussian1_sigma_error
#   datatype: float32
#   description: "Uncertainty of \\texttt{geomModelGaussian1Sigma}"
#   meta:
#     ucd: stat.error
# - 
#   name: geom_model_gaussian1_depth
#   datatype: float32
#   unit: mag
#   description: Magnitude depth of Gaussian 1 component
#   meta:
#     ucd: src.var.amplitude
# - 
#   name: geom_model_gaussian1_depth_error
#   datatype: float32
#   unit: mag
#   description: "Uncertainty of \\texttt{geomModelGaussian1Depth}"
#   meta:
#     ucd: stat.error;src.var.amplitude
# - 
#   name: geom_model_gaussian2_phase
#   datatype: float32
#   description: Phase of Gaussian 2 component
#   meta:
#     ucd: time.phase
# - 
#   name: geom_model_gaussian2_phase_error
#   datatype: float32
#   description: "Uncertainty of \\texttt{geomModelGaussian2Phase}"
#   meta:
#     ucd: stat.error;time.phase
# - 
#   name: geom_model_gaussian2_sigma
#   datatype: float32
[...]
#   datatype: float32
#   description: "Secondary eclipse: uncertainty of \\texttt{derivedSecondaryEclDuration}"
#   meta:
#     ucd: stat.error;time.duration
# - 
#   name: derived_secondary_ecl_depth
#   datatype: float32
#   unit: mag
#   description: "Secondary eclipse: depth"
#   meta:
#     ucd: src.var.amplitude
# - 
#   name: derived_secondary_ecl_depth_error
#   datatype: float32
#   unit: mag
#   description: "Secondary eclipse: uncertainty of \\texttt{derivedSecondaryEclDepth}"
#   meta:
#     ucd: stat.error;src.var.amplitude
solution_id,source_id,global_ranking,reference_time,frequency,frequency_error,geom_model_reference_level,geom_model_reference_level_error,geom_model_gaussian1_phase,geom_model_gaussian1_phase_error,geom_model_gaussian1_sigma,geom_model_gaussian1_sigma_error,geom_model_gaussian1_depth,geom_model_gaussian1_depth_error,geom_model_gaussian2_phase,geom_model_gaussian2_phase_error,geom_model_gaussian2_sigma,geom_model_gaussian2_sigma_error,geom_model_gaussian2_depth,geom_model_gaussian2_depth_error,geom_model_cosine_half_period_amplitude,geom_model_cosine_half_period_amplitude_error,geom_model_cosine_half_period_phase,geom_model_cosine_half_period_phase_error,model_type,num_model_parameters,reduced_chi2,derived_primary_ecl_phase,derived_primary_ecl_phase_error,derived_primary_ecl_duration,derived_primary_ecl_duration_error,derived_primary_ecl_depth,derived_primary_ecl_depth_error,derived_secondary_ecl_phase,derived_secondary_ecl_phase_error,derived_secondary_ecl_duration,derived_secondary_ecl_duration_error,derived_secondary_ecl_depth,derived_secondary_ecl_depth_error
[from data line 222]
375316653866487564,5241117087764980864,0.7168908,2216.94146141632,2.1612825687257495,2.1173291E-6,16.020897,0.0024557554,0.22642976,7.429175E-4,0.042859823,0.0039804126,0.117035344,0.024444217,0.719224,0.0046402295,0.048113488,0.0038122837,0.12125229,0.006826762,0.1251521,0.0032994512,0.22642976,7.429175E-4,"TWOGAUSSIANS_WITH_ELLIPSOIDAL_ON_ECLIPSE1",9,3.7182736,0.72119397,0.0032563042,0.26943552,0.02134879,0.3711837,0.0027339314,0.22642976,7.429175E-4,0.24001502,0.02229031,0.36733913,0.025198637
375316653866487564,5241117156452823424,0.4717045,2258.124433171534,2.589026847483602,1.9979772E-5,19.721268,0.032783363,0.3228422,0.0038221416,0.08958646,0.010998732,0.29425678,0.032275945,0.8320017,0.020288475,0.090947956,0.031135904,0.2723994,0.055824537,null,null,null,null,"TWOGAUSSIANS",8,1.7094066,0.3228422,0.0038225933,0.4,0.0,0.28364927,0.021336203,0.8320017,0.020288475,0.4,0.0,0.2617918,0.07124761
375316653866487564,5241117603130228992,0.5759311,2184.300062311284,0.33004859015051125,7.641977E-6,18.957802,0.0031559272,0.79884726,0.006199785,0.023859635,0.0047957622,0.50864094,0.017044038,null,null,null,null,null,null,null,null,null,null,"ONEGAUSSIAN",5,1.1153578,0.79884726,0.006199785,0.13361396,0.026856268,0.50864094,0.0,null,null,null,null,null,null
375316653866487564,5241117774959793408,0.47829267,2236.335028823686,0.07233040784280287,1.684352E-5,13.434652,0.008901352,0.5128496,0.025933437,0.049493015,0.022465736,0.08149065,0.023724193,0.9019442,0.0032309212,0.035343476,0.0043979995,0.420623,0.19994065,null,null,null,null,"TWOGAUSSIANS",8,1071.0895,0.9019442,0.0032309212,0.19792347,0.024628798,0.420623,0.19994065,0.5128496,0.025933437,0.27716088,0.12580812,0.08149065,0.023724193
375316653866487564,5241118015478125952,0.6041503,2174.3885977211144,2.3631874592236946,7.843899E-6,16.87125,0.006666624,0.29964122,0.0029950072,0.08973841,0.004411952,0.2770088,0.00982941,0.8010465,0.0028579694,0.079940595,0.0039272932,0.29009578,0.011631889,null,null,null,null,"TWOGAUSSIANS",8,6.4291344,0.8010465,0.0028579694,0.4,0.0,0.28291914,0.012186349,0.29964122,0.0029950072,0.4,0.0,0.26983207,0.009741148
375316653866487564,5241119183678726016,0.45090553,2140.4569469385046,1.671344409727815,1.989006E-5,18.689243,0.044586692,0.42157477,0.018233543,0.10031069,0.026013173,0.53391033,0.075326264,0.7870507,0.0020938977,0.015458857,0.003062326,0.478398,0.10391758,null,null,null,null,"TWOGAUSSIANS",8,47.88191,0.42157477,0.018233543,0.4,0.0,0.53390604,0.07533627,0.7870507,0.0020938977,0.0865696,0.017149026,0.47909337,0.10438881
375316653866487564,5241119351176569344,0.5978209,2216.3021772827597,0.45681325229010405,8.785989E-6,18.739294,0.0039402405,0.33015463,0.0024646863,0.03216049,0.0020991983,0.5134818,0.009197902,0.8283499,0.0022497966,0.03675485,0.0025004358,0.48599496,0.06497828,null,null,null,null,"TWOGAUSSIANS",8,1.6577436,0.33015463,0.0024646863,0.18009876,0.01175551,0.5134818,0.009197902,0.8283499,0.0022497966,0.20582715,0.0140024405,0.48599496,0.06497828
375316653866487564,5241119935290311552,0.48966846,2227.073277339793,0.2736528560840355,2.8893357E-6,17.80008,0.0028393178,0.4003624,0.0027969438,0.012428541,0.0022462537,0.11761012,0.0312249,0.09111975,9.659529E-4,0.011286786,0.0011356064,0.10972178,0.012130624,null,null,null,null,"TWOGAUSSIANS",8,3.5328968,0.4003624,0.0027969438,0.06959983,0.01257902,0.11761012,0.0312249,0.09111975,9.659529E-4,0.063206,0.0063593965,0.10972178,0.012130624
375316653866487564,5241119939593286400,0.53813535,2187.9587923234562,0.9902295997544917,1.6179121E-5,19.382542,0.01353197,0.22635925,0.017387483,0.047001325,0.012187006,0.5021851,0.14830142,0.7270544,0.0021831566,0.049911357,0.006949426,0.17577064,0.0148143275,null,null,null,null,"TWOGAUSSIANS",8,2.4944158,0.22635925,0.017387483,0.2632074,0.06824724,0.50218415,0.14830297,0.7270544,0.0021831566,0.2795036,0.038916785,0.17576972,0.014811307
375316653866487564,5241120313249372544,0.45063064,2181.4946118794546,0.1973298924186986,7.430514E-5,18.744253,0.008592814,0.25864992,0.010927218,0.041974634,0.019045267,0.20551307,0.08506583,0.8357763,0.010923163,0.04957912,0.014220016,0.09947304,0.018244157,null,null,null,null,"TWOGAUSSIANS",8,5.4172616,0.25864992,0.010927218,0.23505795,0.1066535,0.20551307,0.085066155,0.8357763,0.010923163,0.27764308,0.07963209,0.09947304,0.018244155
375316653866487564,5241120455019444864,0.4548382,2196.6688697170393,0.07423427704114038,1.9786677E-4,18.438238,0.0052155936,0.11001631,0.0036171156,0.019611953,0.0013048209,0.33504957,0.03789862,0.6648562,0.008539499,0.029322939,0.022578761,0.07317425,0.31578624,null,null,null,null,"TWOGAUSSIANS",8,6.782828,0.11001631,0.0036171156,0.10982694,0.007306997,0.33504957,0.03789862,0.6648562,0.008539499,0.16420846,0.12644106,0.07317425,0.31578624
375316653866487564,5241121760689420800,0.54304856,2190.123217634908,2.0958819741815704,1.4823587E-5,15.64126,0.4761333,0.28127834,0.0031343133,0.21961838,0.09297348,0.5933135,0.46693003,0.78316224,0.0034865583,0.15458941,0.048114944,0.5303913,0.3306646,null,null,null,null,"TWOGAUSSIANS",8,13.826254,0.7841622,0.0029429712,0.4,0.0,0.16692778,0.023618996,0.28085834,0.0031400654,0.4,0.0,0.14667083,0.0043199547
375316653866487564,5241122001207638528,0.72066385,2195.003270788517,2.1661007478643586,2.127457E-6,16.422419,0.0070602577,0.23486744,7.0582953E-4,0.059754737,0.0028819717,0.19098596,0.015145729,0.7396462,0.021865947,0.06734728,0.019123517,0.15443654,0.047181867,0.09933347,0.008337045,0.23486744,7.0582953E-4,"TWOGAUSSIANS_WITH_ELLIPSOIDAL_ON_ECLIPSE1",9,2.501414,0.23486744,7.0582953E-4,0.33462653,0.016139042,0.3895028,0.0024419727,0.7396462,0.015992567,0.37714475,0.0433222,0.35277432,0.04333393
375316653866487564,5241122065594026752,0.581163,2228.979036433609,0.17343896247931487,1.2113095E-5,16.190798,0.0016046343,0.20529322,0.0017021373,0.009242139,0.0014767855,0.19633862,0.022323383,0.70474905,0.004154721,0.010162768,0.00506281,0.17669551,0.24074179,null,null,null,null,"TWOGAUSSIANS",8,7.502001,0.20529322,0.0017021373,0.05175598,0.008269999,0.19633862,0.022323383,0.70474905,0.004154721,0.0569115,0.028351737,0.17669551,0.24074179
375316653866487564,5241122276085539072,0.56574637,2205.3541941965686,2.272526676195239,1.3572061E-5,18.768297,0.022418598,0.28634402,0.0103344945,0.11357703,0.019943114,0.17723322,0.020410402,0.7707639,0.0034208428,0.092641465,0.008920976,0.27313027,0.020091258,null,null,null,null,"TWOGAUSSIANS",8,1.0005041,0.7707639,0.0034208428,0.4,0.0,0.25452292,0.007420558,0.28634402,0.0103344945,0.4,0.0,0.1586004,0.006729579
375316653866487564,5241122276085542272,0.6068722,2229.836755843863,0.0635724262644668,6.861936E-5,15.171453,4.633906E-4,0.23167838,0.017820418,0.062690884,0.024450937,0.00621786,0.003597796,0.92880607,8.9345005E-4,0.01268373,0.0026031467,1.3107244,0.8287784,null,null,null,null,"TWOGAUSSIANS",8,2.2280383,0.92880607,8.9345005E-4,0.07102889,0.0145776225,1.3107244,0.8287784,0.23167838,0.017820418,0.35106897,0.13692525,0.00621786,0.003597796
375316653866487564,5241122482212609792,0.51036453,2216.482073701287,3.4767236809144295,1.9891491E-5,19.514965,0.009810567,0.24514872,0.00833248,0.07517904,0.010723661,0.1894206,0.012222815,0.7461008,0.004134765,0.080191635,0.0067773056,0.2668762,0.013155999,null,null,null,null,"TWOGAUSSIANS",8,1.5265766,0.7461008,0.004134765,0.4,0.0,0.26438007,0.013022975,0.24514872,0.00833248,0.4,0.0088249985,0.18692446,0.011691157
375316653866487564,5241122684079187840,0.5533546,2208.9158019822903,0.769856669914932,2.3567423E-5,19.083605,0.0038412556,0.19421999,0.0066174655,0.024376951,0.0029012517,0.39052308,0.04769969,0.68109876,0.0031680337,0.030887652,0.002197102,0.51921797,0.018768402,null,null,null,null,"TWOGAUSSIANS",8,2.1958694,0.68109876,0.0031680337,0.17297086,0.0123037705,0.51921797,0.018768402,0.19421999,0.0066174655,0.13651092,0.01624701,0.39052308,0.04769969
375316653866487564,5241122722762060928,0.6465197,2214.658537712462,1.4803888137061876,4.3789432E-6,16.581282,0.0032564534,0.23419158,0.0016250603,0.036310658,0.0067252284,0.047415566,0.0065467544,0.73614043,0.0016859471,0.04927921,0.0021522394,0.1847679,0.0067271832,0.050730515,0.0038846892,0.23419158,0.0016250603,"TWOGAUSSIANS_WITH_ELLIPSOIDAL_ON_ECLIPSE1",9,2.585846,0.73614043,0.0016859471,0.27596357,0.012052541,0.28621298,0.0029689271,0.23419158,0.0016250603,0.20333968,0.037661277,0.14887585,0.0064433427
375316653866487564,5241122757090525824,0.6005166,2193.4462377459195,2.033006515814306,5.242515E-6,17.65317,0.004229197,0.28887352,0.0013792542,0.08040281,0.0013605561,0.5069877,0.010881272,0.7942145,0.0016489192,0.07870624,0.0018609324,0.30500254,0.006060408,null,null,null,null,"TWOGAUSSIANS",8,2.4700391,0.28887352,0.0013792542,0.4,0.0,0.5019174,0.010797561,0.7942145,0.0016489192,0.4,0.0,0.2999323,0.005770361
375316653866487564,5241123100688508544,0.53219503,2225.689296827619,3.3040194398465177,1.515969E-5,18.88067,0.009539387,0.27413094,0.005645413,0.08492575,0.0076846923,0.22681268,0.014163796,0.7727482,0.0045875083,0.08657278,0.0067519485,0.2532904,0.013214497,null,null,null,null,"TWOGAUSSIANS",8,1.391242,0.7727482,0.0045875083,0.4,0.0,0.24660896,0.012990261,0.27413094,0.005645413,0.4,0.0,0.22013122,0.014410683
375316653866487564,5241123306852665216,0.45687154,2252.097684213837,3.46683126441137,3.0274976E-5,19.44472,0.12066731,0.3113468,0.019345146,0.12698567,0.052200824,0.30156577,0.116183,0.80838984,0.007386615,0.08675216,0.026234735,0.35355458,0.10069841,null,null,null,null,"TWOGAUSSIANS",8,5.70869,0.80838984,0.007448102,0.4,0.0,0.314458,0.022444634,0.3113468,0.019345146,0.4,0.0,0.26220894,0.030339876
375316653866487564,5241123439985578880,0.5208914,2174.7359147688694,3.362826315553817,1.6512273E-5,18.448492,0.019651879,0.24630633,0.0038318469,0.06969002,0.006865381,0.32727975,0.02190418,0.74274224,0.013113544,0.0955751,0.015457254,0.39670768,0.03394714,null,null,null,null,"TWOGAUSSIANS",8,11.370931,0.74274224,0.013113544,0.4,0.0,0.38974506,0.034356188,0.24630633,0.0038318469,0.3902641,0.037870865,0.320318,0.0195791
375316653866487564,5241123444316680832,0.72238994,2225.4853300065456,0.6340461023485584,2.096829E-6,14.817489,0.0021718682,0.2656701,9.86016E-4,0.029433785,7.414856E-4,0.550373,0.009830339,0.76556027,0.0017858789,0.030865068,0.0011947525,0.5828671,0.03390117,0.015822615,0.0031628374,0.2656701,9.86016E-4,"TWOGAUSSIANS_WITH_ELLIPSOIDAL_ON_ECLIPSE1",9,19.536613,0.76556027,0.0017858789,0.17284438,0.006690614,0.61451226,0.033352256,0.2656701,9.86016E-4,0.1648292,0.0041523194,0.5820182,0.007551526
375316653866487564,5241123478676541696,0.50926715,2207.3738707603025,1.957444886736332,1.5380501E-5,18.579428,0.0035923165,0.3164466,0.0032603845,0.03627318,0.003422001,0.17002055,0.0076492773,0.7943452,0.009415811,0.025607277,0.01120574,0.21997719,0.042944208,null,null,null,null,"TWOGAUSSIANS",8,2.5144491,0.7943452,0.009415811,0.14340074,0.06275214,0.21997719,0.042944208,0.3164466,0.0032603845,0.20312981,0.019163206,0.17002055,0.0076492773
375316653866487564,5241123616085201280,0.53367436,2253.044776523554,1.4220077779332636,1.6906062E-5,18.768328,0.0034395454,0.2733484,0.009019304,0.067111894,0.006339427,0.25433415,0.014281996,0.7482112,0.0070732115,0.042115927,0.010694358,0.10834603,0.01594913,null,null,null,null,"TWOGAUSSIANS",8,1.7050197,0.2733484,0.009019304,0.37582663,0.03550079,0.25433072,0.014281639,0.7482112,0.0070732115,0.23584919,0.059888404,0.108342625,0.015954321
375316653866487564,5241123787883522816,0.5088836,2207.3068402712333,3.2227261135962975,2.3605257E-5,18.618444,0.017151916,0.29937553,0.018550722,0.08744656,0.018583182,0.18953888,0.07428612,0.80709314,0.004038781,0.10153849,0.009074601,0.2375164,0.0165702,null,null,null,null,"TWOGAUSSIANS",8,3.3379421,0.80709314,0.004038781,0.4,0.0,0.22595909,0.011298362,0.29937553,0.018550722,0.4,0.0,0.1779843,0.07769076
375316653866487564,5241123994077883520,0.5381284,2206.6162094855413,2.830573006357758,1.41183145E-5,19.734148,0.013333416,0.31719014,0.0048916363,0.07378074,0.004720601,0.5401306,0.016508538,0.8134286,0.0017540664,0.071805626,0.003178781,0.43429196,0.019148301,null,null,null,null,"TWOGAUSSIANS",8,1.8576347,0.31719014,0.0048916363,0.4,0.006738405,0.5376944,0.01595254,0.8134286,0.0017540664,0.4,0.0069271633,0.43185574,0.018952081
375316653866487564,5241124062761996160,0.5118753,2241.2590877765356,3.225487039131347,1.5926826E-5,18.061468,0.0092235375,0.28792173,0.004002369,0.0815455,0.010153282,0.13433523,0.017095594,0.7862235,0.008248433,0.08691151,0.011317643,0.1276695,0.011114142,null,null,null,null,"TWOGAUSSIANS",8,3.0152383,0.28792173,0.004002369,0.4,0.0,0.13123432,0.017505746,0.7862235,0.008248433,0.4,0.0,0.124568574,0.00933538
375316653866487564,5241124883096232448,0.48625165,2236.0857336043946,4.075496799929349,1.7956325E-5,18.090567,0.0025691348,null,null,null,null,null,null,null,null,null,null,null,null,0.061554424,0.0032546844,0.28426448,0.0050440226,"ELLIPSOIDAL",4,3.791322,null,null,null,null,null,null,null,null,null,null,null,null
375316653866487564,5241124990479681664,0.49555036,2182.165841739506,2.7792373251383213,2.5673455E-5,19.729403,0.008462179,0.32104933,0.015320124,0.04860516,0.010799815,0.30293617,0.047708128,0.82940364,0.0071076807,0.03649881,0.0073764585,0.40163764,0.11248515,null,null,null,null,"TWOGAUSSIANS",8,2.0633838,0.82940364,0.0071076807,0.20439334,0.04130817,0.40163764,0.112485245,0.32104933,0.015320124,0.2721889,0.060478967,0.30293614,0.04770815
375316653866487564,5241125471541383552,0.5177233,2201.4575901385056,2.2475459408791876,1.1537048E-6,18.309696,0.01887178,0.82960606,0.03197386,0.17670076,0.10372527,0.02721661,0.017960286,0.6150438,0.0030097656,0.016706128,8.256335E-4,1.897983,0.36177266,null,null,null,null,"TWOGAUSSIANS",8,9.721925,0.6150538,0.0030100718,0.09355432,0.0046235477,1.9110045,0.36008728,0.82960606,0.03197386,0.4,0.0,0.027216168,0.0140146725
375316653866487564,5241125471541388160,0.6733766,2243.1304266717125,0.3367955581122453,7.632242E-6,14.453221,6.4100855E-4,0.27481613,4.4380265E-4,0.004606248,6.006523E-4,0.052428663,0.027767042,0.6046479,0.010919493,0.01490259,0.0040821396,1.2716947,2.3870509,0.001682244,7.8685954E-4,0.6046479,0.010919493,"TWOGAUSSIANS_WITH_ELLIPSOIDAL_ON_ECLIPSE2",9,5.8310103,0.6046479,0.010919493,0.083454505,0.022859983,1.2750592,2.387072,0.2748061,4.3946097E-4,0.025794988,0.0033636529,0.053206563,0.027762817
375316653866487564,5241125574620595840,0.5940616,2257.5786836040334,2.4963106807624764,7.1162976E-6,17.148056,0.008032656,0.25642008,0.0025162478,0.09824909,0.0038920941,0.28234103,0.008512396,0.75481606,0.0022991947,0.09437859,0.0038523856,0.31094995,0.010755165,null,null,null,null,"TWOGAUSSIANS",8,5.07362,0.75481606,0.0022991947,0.4,0.0,0.29101416,0.010220921,0.25642008,0.0025162478,0.4,0.0,0.2624044,0.0054585347
375316653866487564,5241126124376601216,0.55514836,2223.2778439047333,3.056490077473315,9.9516E-6,17.546976,0.005331139,0.18064632,0.0024461693,0.044811882,0.008477465,0.1495813,0.02492533,0.6528906,0.008613936,0.020732157,0.007955566,0.23774558,0.64928913,0.08852084,0.0113749355,0.18064632,0.0024461693,"TWOGAUSSIANS_WITH_ELLIPSOIDAL_ON_ECLIPSE1",9,8.8934,0.65356064,0.008523776,0.11610007,0.04455117,0.4095845,0.6506658,0.18064632,0.0024461693,0.25094652,0.047473803,0.32662264,0.026306303
