Gaia/vari_eclipsing_binary/VariEclipsingBinary_468460-468471.csv
# %ECSV 1.0
# ---
# delimiter: ','
# meta: !!omap
# - RELEASE: Gaia DR3
# - TABLE: vari_eclipsing_binary
# - DESCRIPTION: >
#     This table describes the properties of the eclipsing binaries resulting from the variability analysis. 
# - CITATION: >
#     How to cite and acknowledge Gaia: 
#     https://gea.esac.esa.int/archive/documentation/credits.html 
# - KNOWN_ISSUES: >
#     Known issues: 
#     https://www.cosmos.esa.int/web/gaia-users/known-issues 
# - DOCUMENTATION: >
#     Tutorials and documentation: 
#     https://www.cosmos.esa.int/web/gaia-users/archive 
# datatype:
# - 
#   name: solution_id
#   datatype: int64
#   description: Solution Identifier
#   meta:
#     ucd: meta.version
# - 
#   name: source_id
#   datatype: int64
#   description: Unique source identifier
#   meta:
#     ucd: meta.id;meta.main
# - 
#   name: global_ranking
#   datatype: float32
#   description: Number between 0 (worst) and 1 (best)
#   meta:
#     ucd: stat.param
# - 
#   name: reference_time
#   datatype: float64
#   unit: d
#   description: Reference time used for the geometric model fit
#   meta:
#     ucd: time.epoch
# - 
#   name: frequency
#   datatype: float64
#   unit: d**-1
#   description: Frequency of geometric model of the eclipsing binary light curve
#   meta:
#     ucd: src.orbital
# - 
#   name: frequency_error
#   datatype: float32
#   unit: d**-1
#   description: "Uncertainty of \\texttt{frequency}"
#   meta:
#     ucd: stat.error
# - 
#   name: geom_model_reference_level
#   datatype: float32
#   unit: mag
#   description: Magnitude reference level of geometric model
#   meta:
#     ucd: phot.mag;em.opt
# - 
#   name: geom_model_reference_level_error
#   datatype: float32
#   unit: mag
#   description: "Uncertainty of \\texttt{geomModelReferenceLevel}"
#   meta:
#     ucd: stat.error;phot.mag;em.opt
# - 
#   name: geom_model_gaussian1_phase
#   datatype: float32
#   description: Phase of the Gaussian 1 component
#   meta:
#     ucd: time.phase
# - 
#   name: geom_model_gaussian1_phase_error
#   datatype: float32
#   description: "Uncertainty of \\texttt{geomModelGaussian1Phase}"
#   meta:
#     ucd: stat.error;time.phase
# - 
#   name: geom_model_gaussian1_sigma
#   datatype: float32
#   description: "Standard deviation [phase] of Gaussian 1 component"
#   meta:
#     ucd: stat.stdev
# - 
#   name: geom_model_gaussian1_sigma_error
#   datatype: float32
#   description: "Uncertainty of \\texttt{geomModelGaussian1Sigma}"
#   meta:
#     ucd: stat.error
# - 
#   name: geom_model_gaussian1_depth
#   datatype: float32
#   unit: mag
#   description: Magnitude depth of Gaussian 1 component
#   meta:
#     ucd: src.var.amplitude
# - 
#   name: geom_model_gaussian1_depth_error
#   datatype: float32
#   unit: mag
#   description: "Uncertainty of \\texttt{geomModelGaussian1Depth}"
#   meta:
#     ucd: stat.error;src.var.amplitude
# - 
#   name: geom_model_gaussian2_phase
#   datatype: float32
#   description: Phase of Gaussian 2 component
#   meta:
#     ucd: time.phase
# - 
#   name: geom_model_gaussian2_phase_error
#   datatype: float32
#   description: "Uncertainty of \\texttt{geomModelGaussian2Phase}"
#   meta:
#     ucd: stat.error;time.phase
# - 
#   name: geom_model_gaussian2_sigma
#   datatype: float32
[...]
#   datatype: float32
#   description: "Secondary eclipse: uncertainty of \\texttt{derivedSecondaryEclDuration}"
#   meta:
#     ucd: stat.error;time.duration
# - 
#   name: derived_secondary_ecl_depth
#   datatype: float32
#   unit: mag
#   description: "Secondary eclipse: depth"
#   meta:
#     ucd: src.var.amplitude
# - 
#   name: derived_secondary_ecl_depth_error
#   datatype: float32
#   unit: mag
#   description: "Secondary eclipse: uncertainty of \\texttt{derivedSecondaryEclDepth}"
#   meta:
#     ucd: stat.error;src.var.amplitude
solution_id,source_id,global_ranking,reference_time,frequency,frequency_error,geom_model_reference_level,geom_model_reference_level_error,geom_model_gaussian1_phase,geom_model_gaussian1_phase_error,geom_model_gaussian1_sigma,geom_model_gaussian1_sigma_error,geom_model_gaussian1_depth,geom_model_gaussian1_depth_error,geom_model_gaussian2_phase,geom_model_gaussian2_phase_error,geom_model_gaussian2_sigma,geom_model_gaussian2_sigma_error,geom_model_gaussian2_depth,geom_model_gaussian2_depth_error,geom_model_cosine_half_period_amplitude,geom_model_cosine_half_period_amplitude_error,geom_model_cosine_half_period_phase,geom_model_cosine_half_period_phase_error,model_type,num_model_parameters,reduced_chi2,derived_primary_ecl_phase,derived_primary_ecl_phase_error,derived_primary_ecl_duration,derived_primary_ecl_duration_error,derived_primary_ecl_depth,derived_primary_ecl_depth_error,derived_secondary_ecl_phase,derived_secondary_ecl_phase_error,derived_secondary_ecl_duration,derived_secondary_ecl_duration_error,derived_secondary_ecl_depth,derived_secondary_ecl_depth_error
[from data line 147]
375316653866487564,4120639010241795072,0.54112107,2405.333358962458,2.458818818037016,8.348259E-6,18.382902,0.011800535,0.22994046,0.0047271485,0.08606799,0.007888803,0.26336128,0.010789558,0.72733444,0.0042637335,0.0991103,0.008439107,0.24428385,0.012203251,null,null,null,null,"TWOGAUSSIANS",8,3.464192,0.22994046,0.0047271485,0.4,0.0,0.25068727,0.008806592,0.72733444,0.0042637335,0.4,0.0,0.2316084,0.011447147
375316653866487564,4120639078959037056,0.44297144,2388.8921911911007,0.033968971504825564,5.5241602E-5,19.438953,0.00809396,0.38184172,0.0014633083,0.03131632,0.008160825,2.5457783,5.195534,0.7681017,0.006388602,0.054433785,0.0076671736,0.23292007,0.038690053,null,null,null,null,"TWOGAUSSIANS",8,4.9522805,0.38184172,0.0014633083,0.17537141,0.04570062,2.5457783,5.195534,0.7681017,0.006388602,0.3048292,0.042936172,0.23292007,0.038690053
375316653866487564,4120639182038095744,0.65195686,2401.5275914309013,0.4400823879148358,8.551686E-6,17.717213,0.0024857963,0.22661468,0.006021065,0.019796135,0.0131504815,0.2376371,4.2213012E7,0.7188817,0.0011689129,0.025365632,0.0010519048,1.0088248,0.037744436,0.016317787,0.0049628564,0.22661468,0.006021065,"TWOGAUSSIANS_WITH_ELLIPSOIDAL_ON_ECLIPSE1",9,5.1669264,0.71889174,0.0011689134,0.14204754,0.005890667,1.0413835,0.039811004,0.22661468,0.006021065,0.11085836,0.07364269,0.27027264,4.2213012E7
375316653866487564,4120639250757617536,0.5048749,2396.0043157588993,2.6882083910030192,1.695011E-5,19.651152,0.01711961,0.20579924,0.0033799352,0.06976602,0.0044886847,0.43759835,0.0256308,0.6938404,0.013805972,0.09863904,0.021740435,0.3319352,0.022013783,null,null,null,null,"TWOGAUSSIANS",8,2.239131,0.20579924,0.0033799352,0.39068973,0.023649681,0.4304201,0.023434117,0.6938404,0.013805972,0.4,0.0,0.32475486,0.026639478
375316653866487564,4120639486922233344,0.5510437,2377.699902126645,1.0567498355724303,2.6980999E-5,18.504784,0.0042871847,0.18001702,0.006384301,0.044467285,0.01232213,0.08457511,0.008065509,0.672967,0.015265792,0.0479226,0.009370276,0.39253157,0.07050612,null,null,null,null,"TWOGAUSSIANS",8,3.1431355,0.672967,0.015265792,0.26836655,0.052473545,0.39253145,0.070506,0.18001702,0.006384301,0.24901679,0.069003925,0.084575005,0.0080660945
375316653866487564,4120639555619392000,0.47588733,2436.558458271825,0.20094212596900884,3.185906E-5,15.272899,0.011234473,0.15290003,0.004673172,0.014009704,0.0067297583,4.7016835,6.529804,0.5964309,0.021384703,0.060404163,0.030723454,0.13172035,0.459859,null,null,null,null,"TWOGAUSSIANS",8,56.588493,0.15290003,0.004673172,0.07845434,0.037686646,4.7016835,6.529804,0.5964309,0.021384703,0.33826333,0.17205134,0.13172035,0.459859
375316653866487564,4120639727455875456,0.5099974,2359.1856213030333,2.5010164979768725,2.364238E-5,18.484812,0.038478646,0.26751256,0.0073027215,0.111167416,0.022650335,0.23293488,0.031984564,0.7660877,0.006315142,0.09375943,0.013190535,0.253292,0.037402008,null,null,null,null,"TWOGAUSSIANS",8,6.4078813,0.7660877,0.006315142,0.4,0.0,0.22917974,0.013040369,0.26751256,0.0073027215,0.4,0.0,0.20880406,0.02259482
375316653866487564,4120639800545058816,0.58602744,2362.7908362160183,2.6965200394123365,5.3835583E-6,19.679544,0.012753138,0.2337791,0.001978923,0.07156596,0.003193883,0.552418,0.025902435,0.7247117,0.0020722342,0.07746875,0.0071484162,0.5999276,0.10871561,null,null,null,null,"TWOGAUSSIANS",8,0.7604462,0.7247117,0.0020722342,0.4,0.0,0.59655404,0.11054791,0.2337791,0.001978923,0.4,0.0065357476,0.5490445,0.02561089
375316653866487564,4120639869235291264,0.43848035,2389.3644412900294,2.6128463190333955,3.4992543E-5,19.54921,0.03813574,0.26036662,0.010538262,0.105161145,0.027968785,0.20774631,0.033423964,0.7809956,0.011189875,0.09817753,0.019598877,0.24155873,0.03909839,null,null,null,null,"TWOGAUSSIANS",8,2.8107963,0.7810056,0.011171351,0.4,0.0,0.22474274,0.028784752,0.26036662,0.010548827,0.4,0.0,0.19092473,0.016153939
375316653866487564,4120639903597062528,0.46482491,2388.5931871702774,0.041318512514086116,3.114316E-5,19.690027,0.017374836,0.2975402,0.014058234,0.06443095,0.010047005,0.13332742,0.07239956,0.46296728,0.020727672,0.12675181,0.016576521,0.22291806,0.029695563,null,null,null,null,"TWOGAUSSIANS",8,4.1373386,0.3379702,0.023309829,0.36081332,0.056263223,0.24639285,0.042403124,0.46296728,0.020727672,0.4,0.0,0.22766857,0.027900131
375316653866487564,4120640006676329472,0.5034373,2431.07906122581,0.03742624461635621,2.1772104E-5,19.557707,0.0064312085,0.33202702,0.006788291,0.044457957,0.004365099,0.75406677,0.19293158,0.73712623,0.0086983405,0.058160193,0.021492787,0.42698714,0.2041776,null,null,null,null,"TWOGAUSSIANS",8,2.172745,0.33202702,0.006788291,0.24896456,0.024444556,0.7540667,0.19293185,0.73712623,0.0086983405,0.3256971,0.07859168,0.42698708,0.20418294
375316653866487564,4120640041034567552,0.5093803,2363.3676151500417,2.9675156343840747,2.4289173E-5,19.14746,0.063433334,0.26722616,0.005324665,0.10185959,0.016802635,0.27501,0.0582307,0.75896627,0.011482237,0.12732327,0.03372531,0.23931426,0.067951895,null,null,null,null,"TWOGAUSSIANS",8,2.4116259,0.26728615,0.005126824,0.4,0.0,0.23213857,0.012249042,0.75896627,0.011482237,0.4,0.0,0.19622529,0.031613044
375316653866487564,4120640105378818816,0.5849409,2376.9502882227025,3.218864675665508,8.2134575E-6,19.166883,0.010191595,0.21455103,0.0019917153,0.06827355,0.0033781736,0.5326008,0.022541132,0.71349996,0.004304653,0.06413936,0.003291709,0.6920827,0.021244165,null,null,null,null,"TWOGAUSSIANS",8,2.690181,0.71349996,0.004304653,0.3591804,0.01843357,0.69114363,0.02110038,0.21455103,0.0019917153,0.38233188,0.018917773,0.53166175,0.022643339
375316653866487564,4120640281552347904,0.43977103,2394.993361994826,2.418098533521367,6.402814E-5,19.421066,0.012974666,0.26126784,0.016392265,0.07075256,0.014133299,0.2079913,0.021254841,0.71782815,0.030651981,0.026950838,0.045745425,0.21376692,0.25045586,null,null,null,null,"TWOGAUSSIANS",8,3.1600237,0.71782815,0.030651981,0.15092468,0.24694066,0.21376684,0.25074896,0.26126784,0.016392265,0.39621434,0.068038836,0.20799123,0.020920629
375316653866487564,4120640384631691008,0.49028334,2405.1763623272145,2.2347621532113804,1.8249395E-5,19.231955,0.024880962,0.25975937,0.011476172,0.07775543,0.031947166,0.1623871,0.060974266,0.7389164,0.006080721,0.08647776,0.01225278,0.4214739,0.030416256,null,null,null,null,"TWOGAUSSIANS",8,6.098579,0.7389164,0.006080721,0.4,0.0,0.41799992,0.030972792,0.25975937,0.011476172,0.4,0.06199389,0.15891322,0.06523683
375316653866487564,4120640448976235008,0.4332681,2392.1367666634733,1.7922028668609529,2.9613406E-5,17.86226,0.014062616,0.24268809,0.0072090644,0.094011344,0.010088108,0.20721102,0.017786888,0.7468255,0.028950512,0.08218915,0.018183008,0.19392781,0.06907676,null,null,null,null,"TWOGAUSSIANS",8,23.427362,0.24268809,0.0072090644,0.4,0.0,0.20052154,0.015624356,0.7468255,0.028950512,0.4,0.0,0.18723863,0.068720065
375316653866487564,4120640522070687232,0.5524695,2395.264466634075,2.4126749009258464,8.042049E-6,19.159834,0.010240847,0.22679418,0.0031767208,0.068204686,0.006842061,0.38642803,0.022233048,0.7315109,0.0026784705,0.06884295,0.0035616884,0.41104802,0.025767,null,null,null,null,"TWOGAUSSIANS",8,1.8869438,0.7315109,0.0026784705,0.3855205,0.019945454,0.41014352,0.025770735,0.22679418,0.0031767208,0.38194624,0.034239944,0.3855235,0.022672828
375316653866487564,4120640728229283200,0.48659155,2388.109630714906,2.3833101881548537,5.8021746E-5,19.57648,0.037150357,0.32429856,0.008206459,0.07862616,0.014007765,0.25398287,0.04165068,0.8276433,0.018849835,0.08075123,0.027251163,0.25725523,0.031223586,null,null,null,null,"TWOGAUSSIANS",8,2.421749,0.8276433,0.018849835,0.4,0.0,0.25376576,0.02624882,0.32429856,0.008206459,0.4,0.0,0.25049338,0.034325797
375316653866487564,4120640728229382016,0.5170968,2381.8796476715756,3.1312806243743894,1.5986096E-5,18.789064,0.0045633335,0.27584746,0.008224886,0.08530561,0.007772369,0.13054188,0.010997404,0.7683499,0.006197451,0.085128024,0.0073883887,0.124480486,0.0062541896,null,null,null,null,"TWOGAUSSIANS",8,1.0475814,0.27584746,0.008224886,0.4,0.0,0.12751432,0.010759169,0.7683499,0.006197451,0.4,0.0,0.12145292,0.0057985815
375316653866487564,4120640831337286528,0.5815992,2409.582658984207,1.4737351923732633,6.027039E-6,17.97722,0.005912665,0.29832,0.0055804695,0.075648576,0.011319892,0.09114959,0.015237104,0.7985027,0.0023157843,0.060519636,0.0037532507,0.32355672,0.017265975,null,null,null,null,"TWOGAUSSIANS",8,3.5144417,0.7985027,0.0023157843,0.33890995,0.021018203,0.32319087,0.017370328,0.29832,0.0055804695,0.4,0.02474505,0.09078376,0.015368209
375316653866487564,4120640865697044352,0.46076298,2401.7453743261785,3.710216150872767,2.9278224E-5,19.823336,0.014729874,0.2553665,0.0076245232,0.038587898,0.0062297313,0.26939082,0.029910356,0.7613681,0.009619221,0.07005888,0.007735044,0.31436116,0.044503305,null,null,null,null,"TWOGAUSSIANS",8,4.664884,0.7613681,0.009619221,0.39232975,0.033207018,0.31435004,0.0445069,0.2553665,0.0076245232,0.21609224,0.034886494,0.2693797,0.0299067
375316653866487564,4120640900028519936,0.42229396,2410.0133400087952,0.31508291725432186,3.072182E-5,19.780453,0.009412496,0.2588627,0.08849521,0.021618951,0.0091287745,0.9988031,2.2188966,0.8332242,0.0072863516,0.020349286,0.006237913,0.21567841,0.05262642,null,null,null,null,"TWOGAUSSIANS",8,3.0225348,0.2588627,0.08849521,0.12106612,0.051121134,0.9988031,2.2188966,0.8332242,0.0072863516,0.113956004,0.03493231,0.21567841,0.05262642
375316653866487564,4120641037467548928,0.46849224,2403.9718295672974,0.05874939005017086,1.3477323E-4,19.41782,0.016204616,0.2788528,0.005590933,0.07286418,0.01023348,0.42167544,0.060657956,0.67918473,0.021762429,0.1002389,0.025522249,0.10942045,0.02447187,null,null,null,null,"TWOGAUSSIANS",8,4.481099,0.27887282,0.005593116,0.4,0.033353794,0.42079616,0.061149225,0.67918473,0.021762429,0.4,0.0,0.108503625,0.024640068
375316653866487564,4120641209266670080,0.4734308,2410.474075135745,0.4047812890339167,5.2533698E-5,18.666458,0.006848539,0.24180385,0.0014355093,0.013193332,0.0016763333,0.6676373,0.3396342,0.5048586,0.050493937,0.059622586,0.08157899,0.0269778,0.0412642,null,null,null,null,"TWOGAUSSIANS",8,2.85132,0.24180385,0.0014355093,0.073882654,0.009387466,0.6676389,0.33962953,0.5048586,0.050493937,0.33388647,0.45684236,0.0269778,0.0412642
375316653866487564,4120641312345901184,0.485841,2403.1958795093533,2.227363382329985,2.4063589E-5,18.984669,0.01955639,0.2642117,0.0112448875,0.07987969,0.008942921,0.28921846,0.046901662,0.74109775,0.006026083,0.097251624,0.014155698,0.28446135,0.01783612,null,null,null,null,"TWOGAUSSIANS",8,5.3903246,0.2642117,0.011244238,0.4,0.0,0.28194225,0.046184912,0.74109775,0.006026083,0.4,0.0,0.2771833,0.01652718
375316653866487564,4120641342360742656,0.4518052,2440.482218568758,2.4458758289727123,3.2777305E-5,19.563387,0.027995946,0.27405038,0.008098132,0.061214454,0.011690889,0.46193972,0.072423466,0.7785148,0.021932146,0.06917665,0.016643804,0.41209927,0.08009712,null,null,null,null,"TWOGAUSSIANS",8,13.22353,0.27405038,0.008098132,0.34280095,0.065468974,0.46145198,0.07301966,0.7785148,0.021932146,0.38738924,0.06808825,0.41161153,0.080596246
375316653866487564,4120641381064781696,0.5006657,2429.061463658107,1.5865641895474314,1.0972355E-5,19.863014,0.015397279,0.23138337,0.004172995,0.08684435,0.0062923636,0.27463928,0.016098406,0.74646056,0.0074652545,0.10232337,0.009323591,0.23870233,0.018846625,null,null,null,null,"TWOGAUSSIANS",8,0.63738346,0.23138337,0.004172675,0.4,0.0,0.26220596,0.011233884,0.74646056,0.0074652545,0.4,0.0,0.22626515,0.013164183
375316653866487564,4120641552863512320,0.49003726,2395.3328007080336,2.5872649635865335,1.049602E-5,19.558605,0.028280415,0.23293106,0.0073730727,0.097457245,0.0142128635,0.30145833,0.028276023,0.739624,0.0036002523,0.091858,0.012007505,0.32423466,0.025468793,null,null,null,null,"TWOGAUSSIANS",8,2.4973836,0.739624,0.0035976123,0.4,0.0,0.30686668,0.022610042,0.23293106,0.0073730727,0.4,0.0,0.2840894,0.020576345
375316653866487564,4120642033900901632,0.5803937,2416.9691558906475,2.744481095766116,1.528566E-5,19.309202,0.015011022,0.28141436,0.0031416405,0.079997435,0.0041766213,0.47037518,0.01761355,0.78610235,0.002858106,0.08814427,0.0054662977,0.43902972,0.017727958,null,null,null,null,"TWOGAUSSIANS",8,1.1491091,0.28141436,0.0031416405,0.4,0.0,0.46035793,0.015634483,0.78610235,0.002858106,0.4,0.0,0.4290124,0.016996853
375316653866487564,4120642411856745088,0.45157757,2387.5602861910975,2.096673294583695,2.8186672E-5,18.98863,0.39040977,0.22599696,0.006791403,0.1326953,0.088103816,0.23413497,0.3744869,0.7283951,0.008489656,0.13000032,0.08513026,0.23444685,0.3693869,null,null,null,null,"TWOGAUSSIANS",8,3.6808305,0.7284451,0.0086499285,0.4,0.0,0.15958121,0.016375305,0.22595695,0.006708642,0.4,0.0,0.15917006,0.012848098
375316653866487564,4120642721122417280,0.46455604,2388.652166657702,3.211092840630942,1.8337418E-5,19.279053,0.084392816,0.2426599,0.007331667,0.12125895,0.035529025,0.25724828,0.07468387,0.74063426,0.010121035,0.10891154,0.030746717,0.24921769,0.078764215,null,null,null,null,"TWOGAUSSIANS",8,2.4607353,0.2426599,0.007340884,0.4,0.0,0.21036434,0.02267649,0.74063426,0.010117513,0.4,0.0,0.20242527,0.020098994
375316653866487564,4120642785435786368,0.49285367,2386.52827540948,0.42472244198343895,3.759544E-5,18.002722,0.0030867732,0.7168319,0.002356266,0.02575099,0.0029564216,0.17888911,0.0132710785,null,null,null,null,null,null,0.018074133,0.004446157,0.7168319,0.002356266,"ONEGAUSSIAN_WITH_ELLIPSOIDAL",6,6.3365507,0.7168319,0.002356266,0.14420554,0.016555961,0.21503735,0.01280035,null,null,null,null,null,null
375316653866487564,4120642892890335488,0.4997089,2414.3632412754882,2.5515207167752956,2.0716468E-5,19.677574,0.02555644,0.22510068,0.007497415,0.0718096,0.008245134,0.59063727,0.037202433,0.7219723,0.016063284,0.069863856,0.011538333,0.5466433,0.090034634,null,null,null,null,"TWOGAUSSIANS",8,6.624402,0.22510068,0.007497415,0.4,0.0345605,0.58856153,0.03677662,0.7219723,0.016063284,0.3912376,0.039000746,0.5445676,0.09093006
375316653866487564,4120642957265245568,0.53030646,2393.4228174258114,1.42527958585207,2.316137E-5,19.351074,0.010444238,0.27196354,0.0026079295,0.054054204,0.003218209,0.39838913,0.027120126,0.7709571,0.0046011335,0.05791521,0.0035878369,0.8007859,0.0782388,null,null,null,null,"TWOGAUSSIANS",8,4.8314996,0.7709571,0.0046011335,0.32432517,0.020091886,0.8007347,0.07825632,0.27196354,0.0026079295,0.30270356,0.018021971,0.39833793,0.02712937
375316653866487564,4120643266506236800,0.47524846,2388.36916828018,1.2566040094364759,6.5267895E-6,19.06641,0.010904819,0.5591386,0.0027392874,0.07328982,0.009532047,0.418574,0.105084024,0.89642626,0.034796976,0.043327246,0.05141982,0.026029712,0.01470329,null,null,null,null,"TWOGAUSSIANS",8,2.3937263,0.5591386,0.0027392874,0.4,0.011112708,0.418574,0.10508421,0.89642626,0.034796976,0.24263257,0.287951,0.026040222,0.014721425
375316653866487564,4120643408289991168,0.5455618,2416.3309530669826,1.1465553833471394,8.319451E-6,19.41579,0.007108329,0.23901127,0.0122035,0.060217675,0.013363177,0.14914557,0.01864688,0.7219017,0.0023858966,0.059638232,0.003080426,0.45027676,0.017290493,null,null,null,null,"TWOGAUSSIANS",8,1.8686917,0.7219017,0.0023858966,0.3339741,0.017250385,0.45023024,0.017290033,0.23901127,0.0122035,0.33721897,0.07483379,0.14909904,0.018681094
375316653866487564,4120643614445009920,0.47725698,2440.447398611921,0.01998670061568055,9.25653E-5,19.456188,0.010472686,0.27161065,0.0067128846,0.04360363,0.011347828,0.5800237,0.30729568,0.83781457,0.0024068195,0.046206906,0.0046749366,0.5605448,0.29130393,null,null,null,null,"TWOGAUSSIANS",8,5.0222726,0.27161065,0.0067128846,0.2441803,0.06354784,0.5800237,0.3072958,0.83781457,0.0024068195,0.2587587,0.026179645,0.5605448,0.29130393
