Gaia/vari_eclipsing_binary/VariEclipsingBinary_464910-464920.csv
# %ECSV 1.0
# ---
# delimiter: ','
# meta: !!omap
# - RELEASE: Gaia DR3
# - TABLE: vari_eclipsing_binary
# - DESCRIPTION: >
#     This table describes the properties of the eclipsing binaries resulting from the variability analysis. 
# - CITATION: >
#     How to cite and acknowledge Gaia: 
#     https://gea.esac.esa.int/archive/documentation/credits.html 
# - KNOWN_ISSUES: >
#     Known issues: 
#     https://www.cosmos.esa.int/web/gaia-users/known-issues 
# - DOCUMENTATION: >
#     Tutorials and documentation: 
#     https://www.cosmos.esa.int/web/gaia-users/archive 
# datatype:
# - 
#   name: solution_id
#   datatype: int64
#   description: Solution Identifier
#   meta:
#     ucd: meta.version
# - 
#   name: source_id
#   datatype: int64
#   description: Unique source identifier
#   meta:
#     ucd: meta.id;meta.main
# - 
#   name: global_ranking
#   datatype: float32
#   description: Number between 0 (worst) and 1 (best)
#   meta:
#     ucd: stat.param
# - 
#   name: reference_time
#   datatype: float64
#   unit: d
#   description: Reference time used for the geometric model fit
#   meta:
#     ucd: time.epoch
# - 
#   name: frequency
#   datatype: float64
#   unit: d**-1
#   description: Frequency of geometric model of the eclipsing binary light curve
#   meta:
#     ucd: src.orbital
# - 
#   name: frequency_error
#   datatype: float32
#   unit: d**-1
#   description: "Uncertainty of \\texttt{frequency}"
#   meta:
#     ucd: stat.error
# - 
#   name: geom_model_reference_level
#   datatype: float32
#   unit: mag
#   description: Magnitude reference level of geometric model
#   meta:
#     ucd: phot.mag;em.opt
# - 
#   name: geom_model_reference_level_error
#   datatype: float32
#   unit: mag
#   description: "Uncertainty of \\texttt{geomModelReferenceLevel}"
#   meta:
#     ucd: stat.error;phot.mag;em.opt
# - 
#   name: geom_model_gaussian1_phase
#   datatype: float32
#   description: Phase of the Gaussian 1 component
#   meta:
#     ucd: time.phase
# - 
#   name: geom_model_gaussian1_phase_error
#   datatype: float32
#   description: "Uncertainty of \\texttt{geomModelGaussian1Phase}"
#   meta:
#     ucd: stat.error;time.phase
# - 
#   name: geom_model_gaussian1_sigma
#   datatype: float32
#   description: "Standard deviation [phase] of Gaussian 1 component"
#   meta:
#     ucd: stat.stdev
# - 
#   name: geom_model_gaussian1_sigma_error
#   datatype: float32
#   description: "Uncertainty of \\texttt{geomModelGaussian1Sigma}"
#   meta:
#     ucd: stat.error
# - 
#   name: geom_model_gaussian1_depth
#   datatype: float32
#   unit: mag
#   description: Magnitude depth of Gaussian 1 component
#   meta:
#     ucd: src.var.amplitude
# - 
#   name: geom_model_gaussian1_depth_error
#   datatype: float32
#   unit: mag
#   description: "Uncertainty of \\texttt{geomModelGaussian1Depth}"
#   meta:
#     ucd: stat.error;src.var.amplitude
# - 
#   name: geom_model_gaussian2_phase
#   datatype: float32
#   description: Phase of Gaussian 2 component
#   meta:
#     ucd: time.phase
# - 
#   name: geom_model_gaussian2_phase_error
#   datatype: float32
#   description: "Uncertainty of \\texttt{geomModelGaussian2Phase}"
#   meta:
#     ucd: stat.error;time.phase
# - 
#   name: geom_model_gaussian2_sigma
#   datatype: float32
[...]
#   datatype: float32
#   description: "Secondary eclipse: uncertainty of \\texttt{derivedSecondaryEclDuration}"
#   meta:
#     ucd: stat.error;time.duration
# - 
#   name: derived_secondary_ecl_depth
#   datatype: float32
#   unit: mag
#   description: "Secondary eclipse: depth"
#   meta:
#     ucd: src.var.amplitude
# - 
#   name: derived_secondary_ecl_depth_error
#   datatype: float32
#   unit: mag
#   description: "Secondary eclipse: uncertainty of \\texttt{derivedSecondaryEclDepth}"
#   meta:
#     ucd: stat.error;src.var.amplitude
solution_id,source_id,global_ranking,reference_time,frequency,frequency_error,geom_model_reference_level,geom_model_reference_level_error,geom_model_gaussian1_phase,geom_model_gaussian1_phase_error,geom_model_gaussian1_sigma,geom_model_gaussian1_sigma_error,geom_model_gaussian1_depth,geom_model_gaussian1_depth_error,geom_model_gaussian2_phase,geom_model_gaussian2_phase_error,geom_model_gaussian2_sigma,geom_model_gaussian2_sigma_error,geom_model_gaussian2_depth,geom_model_gaussian2_depth_error,geom_model_cosine_half_period_amplitude,geom_model_cosine_half_period_amplitude_error,geom_model_cosine_half_period_phase,geom_model_cosine_half_period_phase_error,model_type,num_model_parameters,reduced_chi2,derived_primary_ecl_phase,derived_primary_ecl_phase_error,derived_primary_ecl_duration,derived_primary_ecl_duration_error,derived_primary_ecl_depth,derived_primary_ecl_depth_error,derived_secondary_ecl_phase,derived_secondary_ecl_phase_error,derived_secondary_ecl_duration,derived_secondary_ecl_duration_error,derived_secondary_ecl_depth,derived_secondary_ecl_depth_error
[from data line 379]
375316653866487564,4089436274729485696,0.5266771,2264.473408355985,3.6812778522326304,2.485975E-5,18.901688,0.032675613,0.27846184,0.007806625,0.08016553,0.012577185,0.3052852,0.02801257,0.7816385,0.0059207943,0.068525806,0.011852061,0.31792936,0.03043179,null,null,null,null,"TWOGAUSSIANS",8,6.147547,0.7816385,0.0059207943,0.3837445,0.036339868,0.31590804,0.026770024,0.27846184,0.007806625,0.4,0.0,0.30326387,0.022919612
375316653866487564,4089436278917460480,0.50952244,2280.4221259473643,2.1656574462247793,4.160051E-5,18.650522,0.008065142,0.75096726,0.0077280058,0.013155976,0.017381715,0.048563506,2.805323,null,null,null,null,null,null,0.102413476,0.011425604,0.75096726,0.0077280058,"ONEGAUSSIAN_WITH_ELLIPSOIDAL",6,6.7493763,0.75096726,0.0077280058,0.073673464,0.0973376,0.25339046,2.8061907,null,null,null,null,null,null
375316653866487564,4089436309089290880,0.52384436,2314.2752043131045,2.4288304649592645,1.45504755E-5,19.401466,0.029650949,0.3077706,0.0024362428,0.06981904,0.004165784,0.72423106,0.032676402,0.7938804,0.016851505,0.090082906,0.009784623,0.5324121,0.08802288,null,null,null,null,"TWOGAUSSIANS",8,4.2131658,0.3077706,0.0024362428,0.39098662,0.023114845,0.7173517,0.031323507,0.7938804,0.016851505,0.4,0.0,0.5255324,0.08901568
375316653866487564,4089436446527956992,0.51743877,2319.5363562152697,0.8049755023141402,2.103452E-5,19.325005,0.012129221,0.21980244,0.014502268,0.053235758,0.015398644,3.8652906,3.3588412,0.6851833,3.8509336E-4,0.023027208,0.00230753,0.13384517,0.010499605,null,null,null,null,"TWOGAUSSIANS",8,3.0788205,0.21980244,0.014502268,0.29812026,0.08623241,3.8652906,3.3588412,0.6851833,3.8509336E-4,0.12895237,0.012922168,0.13384517,0.010499603
375316653866487564,4089436515166817536,0.4868975,2266.590964036886,3.3524789770624936,3.3913366E-5,17.921452,0.017697403,0.19282135,0.0098937955,0.08672988,0.012694155,0.19967294,0.026311483,0.7005107,0.028400712,0.06629238,0.033156816,0.23816723,0.08850884,null,null,null,null,"TWOGAUSSIANS",8,16.737885,0.7005107,0.028400712,0.37123734,0.06734018,0.23643179,0.092450045,0.19282135,0.0098937955,0.4,0.0,0.19793747,0.02479636
375316653866487564,4089436687043810816,0.59151864,2328.4820552114516,1.6263948220312128,1.3776932E-5,17.89789,0.01148238,0.29610166,0.03972174,0.0779195,0.031184854,0.2505284,1.9253918,0.7947587,0.0035751932,0.080653645,0.0055935266,0.29536182,0.0124609,null,null,null,null,"TWOGAUSSIANS",8,4.0454993,0.7947587,0.0035751932,0.4,0.0,0.2916836,0.011273222,0.29610166,0.03972174,0.4,0.12336374,0.2468502,1.9279182
375316653866487564,4089436687045749248,0.5363932,2309.856381752398,2.7498092994666297,3.67022E-5,19.75514,0.028049594,0.18318078,0.016809495,0.05913789,0.015185546,0.5236925,0.15203603,0.6898549,0.010496053,0.061601426,0.0153170945,0.39493272,0.42145932,null,null,null,null,"TWOGAUSSIANS",8,1.6564574,0.18318078,0.016809495,0.33117217,0.08503906,0.5235566,0.15209946,0.6898549,0.010496053,0.344968,0.085775726,0.3947968,0.42162022
375316653866487564,4089436725640263296,0.5640214,2317.786413546155,2.7201131072247278,1.8405015E-5,18.24205,0.12283502,0.24256268,0.0068189693,0.1175493,0.024215173,0.4506184,0.11799865,0.76438165,0.0040869997,0.10816883,0.024071885,0.47095138,0.10772704,null,null,null,null,"TWOGAUSSIANS",8,3.8503315,0.76446164,0.0038132383,0.4,0.0,0.40757102,0.032832287,0.24253269,0.006811987,0.4,0.0,0.3871303,0.027848983
375316653866487564,4089436725641730304,0.47449195,2366.9856666983574,2.785318738679787,7.773338E-5,19.569462,0.38818198,0.28874657,0.018221738,0.09482282,0.045128394,0.35223466,0.30630502,0.81936157,0.009382402,0.13339667,0.10201876,0.38437316,0.3374621,null,null,null,null,"TWOGAUSSIANS",8,1.9948348,0.81936157,0.009269732,0.4,0.0,0.33548746,0.043077905,0.28831658,0.015684403,0.4,0.042179007,0.30427906,0.08019698
375316653866487564,4089436897438968448,0.4854568,2283.075452638042,0.09747544532894349,2.1373677E-5,19.379774,0.20644677,0.091433845,0.0044855373,0.10967079,0.01820575,0.5434254,0.19255503,0.56815726,0.0076011894,0.15550101,0.05002164,0.5204585,0.19497234,null,null,null,null,"TWOGAUSSIANS",8,1.2441893,0.09270385,0.0026669386,0.4,0.0,0.4019646,0.043651555,0.56815726,0.0076011894,0.4,0.0,0.37246653,0.026737086
375316653866487564,4089437167997087616,0.5468601,2326.801219294125,1.365103332107577,3.057495E-5,17.770765,0.022887884,0.14173849,0.007472691,0.10270048,0.020087779,0.14091027,0.021880727,0.64224213,0.0044491356,0.093169495,0.014918501,0.1832204,0.019606734,null,null,null,null,"TWOGAUSSIANS",8,2.608159,0.64224213,0.0044491356,0.4,0.0,0.17107202,0.013511289,0.14173849,0.007472691,0.4,0.0,0.12876008,0.01593434
375316653866487564,4089437275396061312,0.46000385,2263.436609080732,0.5068629173244387,5.8760812E-5,18.820469,0.016540043,0.19612746,0.008120982,0.07799571,0.01086243,0.12469904,0.019579804,0.74070364,0.011629512,0.08659068,0.016380604,0.1356029,0.020089503,null,null,null,null,"TWOGAUSSIANS",8,3.821892,0.74070364,0.011629512,0.4,0.0,0.13451108,0.018992307,0.19612746,0.008120982,0.4,0.0,0.123607345,0.018210832
375316653866487564,4089437442949462912,0.5489963,2291.4228416077067,0.7656181415673071,3.029763E-5,18.031675,0.0085759545,0.2706829,0.013219901,0.073445745,0.007180686,0.3509091,0.041283205,0.77865314,0.0076925606,0.0701221,0.009905862,0.17681523,0.010049027,null,null,null,null,"TWOGAUSSIANS",8,2.7207866,0.2706829,0.013219901,0.4,0.015313489,0.3499533,0.040709432,0.77865314,0.0076925606,0.39268374,0.024451615,0.17585942,0.009493261
375316653866487564,4089437550227005312,0.48784378,2366.8807343961757,4.684332159456202,3.353822E-5,17.949617,0.015619664,0.22467124,0.012643342,0.06830652,0.012642242,0.16538605,0.031666294,0.7213736,0.067413315,0.035617713,0.010831175,2.1293893,56.54865,null,null,null,null,"TWOGAUSSIANS",8,16.369074,0.7213736,0.067413315,0.1994592,0.060654584,2.1293836,56.548645,0.22467124,0.012643342,0.38251653,0.06473184,0.16538025,0.03166602
375316653866487564,4089437649107644416,0.5261226,2305.9729718986514,1.9320736980124968,1.5204541E-5,18.440865,0.003773195,0.8095413,0.0044450425,0.0107864775,0.019563634,0.016046457,2320851.8,null,null,null,null,null,null,0.08954484,0.006967262,0.8095413,0.0044450425,"ONEGAUSSIAN_WITH_ELLIPSOIDAL",6,2.3120167,0.8095413,0.0044450425,0.060404275,0.10955635,0.19513613,2320851.8,null,null,null,null,null,null
375316653866487564,4089437786450689920,0.543763,2317.2639173151597,3.1662451106988727,3.6276124E-5,16.754538,0.028785324,0.12957963,0.006096113,0.054779593,0.0067717573,0.8142549,0.09965056,0.63676584,0.006368281,0.045471925,0.0073111695,0.66879135,0.051412363,null,null,null,null,"TWOGAUSSIANS",8,225.38258,0.12957963,0.006096113,0.30676574,0.03792184,0.81425077,0.0996529,0.63676584,0.006368281,0.25464278,0.04094255,0.66878724,0.051416535
375316653866487564,4089437855264758656,0.4981169,2300.4831065640324,0.06533073028493731,1.5587291E-5,18.968956,0.0065949406,0.39945874,0.009987866,0.06257793,0.021877158,1.6148422,141.01451,0.7588569,0.0013185435,0.022774503,0.001962353,0.10313682,0.007598307,null,null,null,null,"TWOGAUSSIANS",8,3.725266,0.39945874,0.009987866,0.35043645,0.122512095,1.6148422,141.01451,0.7588569,0.0013185435,0.1275372,0.010989177,0.103136934,0.0075983563
375316653866487564,4089437859512260736,0.45574257,2254.7789522175754,0.04017092829444722,3.4644578E-5,19.29401,0.004973798,0.17885607,0.0021979967,0.020323366,0.0076732202,0.57217085,11.685323,0.8316293,0.006077297,0.016872436,0.009558329,0.2132906,0.04635738,null,null,null,null,"TWOGAUSSIANS",8,2.5334857,0.17885607,0.0021979967,0.11381085,0.042970035,0.57217085,11.685323,0.8316293,0.006077297,0.09448564,0.053526644,0.2132906,0.04635738
375316653866487564,4089438134390260992,0.5264861,2294.5193983247664,0.16659810279863263,9.689659E-6,16.418447,0.0066168653,0.1874393,3.8505555E-4,0.0027052115,0.0014797058,0.13362741,0.40952843,0.8627752,0.005102729,0.018342957,0.0016373778,1.56677,0.3576092,null,null,null,null,"TWOGAUSSIANS",8,31.533087,0.8627752,0.005102729,0.102720566,0.009169315,1.56677,0.3576092,0.1874393,3.8505555E-4,0.015149185,0.008286352,0.13362741,0.40952843
375316653866487564,4089438164504255360,0.4985309,2297.978295290783,0.49207912641191925,5.7573663E-5,18.971989,0.024904247,0.23301844,0.022748346,0.086624466,0.023817288,0.23027731,0.09124466,0.63151133,0.013428954,0.13900287,0.03405977,0.34792453,0.027897308,null,null,null,null,"TWOGAUSSIANS",8,6.7758746,0.63151133,0.013428954,0.4,0.0,0.33137736,0.029154887,0.23712844,0.020717932,0.4,0.0022402948,0.21970707,0.096523665
375316653866487564,4089438168703294720,0.53239685,2263.9013595371425,2.9109721562420474,7.080487E-5,19.030369,0.10143796,0.21868128,0.027852772,0.086241245,0.04528715,0.29487213,0.096304625,0.7378133,0.012681408,0.09374924,0.044877876,0.23644231,0.09279468,null,null,null,null,"TWOGAUSSIANS",8,4.287615,0.21868128,0.027893718,0.4,0.0,0.2866827,0.047309097,0.7378133,0.012699632,0.4,0.0,0.22825243,0.042246465
375316653866487564,4089438267583451392,0.5767023,2298.2702487404504,0.6095863449878631,2.6298943E-5,17.626295,0.00543274,0.26944578,0.02029562,0.022483049,0.023406971,0.120075524,0.053923905,0.7919273,0.0039341054,0.031004563,0.0058787176,1.226308,0.4140954,null,null,null,null,"TWOGAUSSIANS",8,7.5458326,0.7919273,0.0039341054,0.17362554,0.03292082,1.226308,0.4140954,0.26944578,0.02029562,0.12590508,0.13107903,0.120075524,0.053923905
375316653866487564,4089438370663229184,0.48135647,2255.874171402134,2.814932360990421,6.683843E-5,18.642841,0.021118801,0.23859517,0.020274425,0.060949873,0.02030632,0.6689914,0.20903535,0.7712402,0.009928275,0.09754832,0.016130846,0.3823471,0.07504883,null,null,null,null,"TWOGAUSSIANS",8,5.765427,0.23859517,0.02027497,0.3413193,0.07968521,0.665776,0.21571621,0.7712402,0.009928275,0.4,0.0,0.37912762,0.078221165
375316653866487564,4089438405022708736,0.45867115,2278.8064491005903,0.7271629971892969,4.793883E-5,18.825876,0.10654771,0.15044832,0.008004084,0.13584562,0.036004897,0.22200911,0.10372697,0.6610132,0.013826243,0.124434195,0.05293467,0.21664964,0.114145674,null,null,null,null,"TWOGAUSSIANS",8,3.710654,0.15032832,0.007841003,0.4,0.0,0.15813667,0.017682439,0.6612832,0.013646345,0.4,0.0,0.15316217,0.114239305
375316653866487564,4089438576823637888,0.56930333,2282.452217722696,2.3240340968818387,1.2684712E-5,17.677317,0.0051796027,0.24810304,0.0043106857,0.07603523,0.004310985,0.43270063,0.008960219,0.7461701,0.005927577,0.075586304,0.004249479,0.46049115,0.014927856,null,null,null,null,"TWOGAUSSIANS",8,8.847269,0.7461701,0.005927577,0.4,0.0,0.45676738,0.013910123,0.24810304,0.0043106857,0.4,0.0,0.42897686,0.009083109
375316653866487564,4089438782981831296,0.5225833,2183.685889113718,0.1546230634145106,3.9112783E-5,19.246508,0.0064206533,0.48743686,0.05617566,0.12476431,0.031421274,0.26049104,0.05871253,0.22511885,0.037761245,0.071309626,0.023729395,0.19977352,0.07450623,null,null,null,null,"TWOGAUSSIANS",8,1.8472306,0.48670685,0.055425487,0.4,0.0,0.260315,0.05657864,0.24024884,0.03232329,0.39933392,0.12922883,0.23151153,0.013227488
375316653866487564,4089438855897566080,0.6425731,2254.9251986536615,0.47345125381846304,4.0927503E-6,16.762379,0.0035473655,0.22597654,9.4729615E-4,0.038179036,0.0011494402,0.39526716,0.01733148,0.71529233,0.011414614,0.04975521,0.0060879765,0.19955027,0.012264096,0.02019768,0.00474587,0.22597654,9.4729615E-4,"TWOGAUSSIANS_WITH_ELLIPSOIDAL_ON_ECLIPSE1",9,4.2226677,0.22597654,9.4729615E-4,0.2138026,0.0064368653,0.4356623,0.019930316,0.71570235,0.010829175,0.27862915,0.03409267,0.23977053,0.009635163
375316653866487564,4089438886058586880,0.48560387,2289.8504274180646,0.21301367102058597,6.557798E-5,19.457357,0.022823311,0.27970296,0.010869417,0.10247738,0.016570365,0.29624993,0.042110763,0.7895554,0.015786866,0.06990075,0.037864085,0.29669622,0.053658642,null,null,null,null,"TWOGAUSSIANS",8,3.808427,0.7895554,0.015798701,0.39144418,0.18167226,0.28938088,0.05940698,0.27970296,0.010869417,0.4,0.0,0.28893015,0.042540833
375316653866487564,4089439023497715840,0.5055686,2254.387447877037,1.2878231553293593,2.301656E-5,19.160154,0.018929612,0.3976231,0.0057565067,0.047449157,0.006551084,0.5314817,0.100442424,0.91357225,0.01615948,0.04945204,0.028321888,0.13907202,0.33046183,null,null,null,null,"TWOGAUSSIANS",8,7.264562,0.3976231,0.0057565067,0.26571527,0.03668607,0.5314813,0.100443,0.91357225,0.01615948,0.27693143,0.15860258,0.13907164,0.33046326
375316653866487564,4089439092116454528,0.59965193,2297.888992963856,2.6773531936933392,1.1736825E-5,15.702422,0.025813332,0.24230833,0.0034566051,0.105942436,0.01039118,0.21296418,0.024716994,0.72103864,0.0030752858,0.11377931,0.011268894,0.2716034,0.023639956,null,null,null,null,"TWOGAUSSIANS",8,19.46972,0.72103864,0.0030752858,0.4,0.0,0.24268964,0.010073996,0.24236834,0.0034604839,0.4,0.0,0.18408781,0.009665451
375316653866487564,4089439165182586624,0.53989404,2284.593272336558,1.1318707760168636,3.9518676E-5,17.852581,0.0043154806,0.6082263,0.10503507,0.0641995,0.07796335,0.024448818,0.019235402,0.2360192,0.0033062089,0.031908784,0.0027999955,0.37575373,0.052454703,null,null,null,null,"TWOGAUSSIANS",8,2.9432712,0.2360192,0.0032032505,0.1786892,0.015679976,0.37575373,0.054285858,0.6082263,0.10503507,0.35951722,0.18164271,0.024448818,0.01920064
375316653866487564,4089439336981309824,0.47279447,2292.871429918478,0.15043005495966147,2.5726333E-5,19.133085,0.050421227,0.21524605,0.0078679165,0.06482597,0.0814723,0.17530297,0.049764525,null,null,null,null,null,null,0.18633002,0.051459506,0.21524605,0.0078679165,"ONEGAUSSIAN_WITH_ELLIPSOIDAL",6,6.6681304,0.21524605,0.0078679165,0.36302543,0.09779414,0.54786026,0.055962622,null,null,null,null,null,null
375316653866487564,4089439504462772992,0.46245056,2291.103830691147,0.050488227334863904,4.0669882E-5,19.105516,0.021910984,0.3633685,0.018549064,0.09448624,0.021916097,0.22101681,0.024334604,0.8853303,0.009890955,0.057050195,0.02355247,0.55613357,4.584075,null,null,null,null,"TWOGAUSSIANS",8,6.034403,0.8853303,0.009890955,0.3194811,0.13189383,0.55455863,4.58563,0.3633685,0.018549064,0.4,0.0,0.21944122,0.022918131
375316653866487564,4089439607615624704,0.4735224,2389.1556487631783,3.681468713980436,8.940406E-5,19.737083,0.031285707,0.40791535,0.051346123,0.05833768,0.04079874,5.073441,11.040573,0.052391354,0.023771973,0.07080346,0.059638206,0.15729867,0.060305104,null,null,null,null,"TWOGAUSSIANS",8,3.0687857,0.40791535,0.051347356,0.32669103,0.102294676,5.073436,11.041468,0.052391354,0.02374067,0.3964994,0.1227866,0.15729323,0.06076206
375316653866487564,4089439813675558144,0.5172475,2304.2120032810376,0.22600124334462052,1.9639303E-5,17.184334,0.0066619543,0.25791696,0.015423381,0.058759235,0.012848819,0.12305903,0.014149111,0.74798673,0.007194263,0.08632356,0.014230036,0.090669364,0.021150569,null,null,null,null,"TWOGAUSSIANS",8,3.9104187,0.25791696,0.015423381,0.3290517,0.071953386,0.12264252,0.014187287,0.74798673,0.007194263,0.4,0.0,0.09025284,0.02145602
375316653866487564,4089439813775456384,0.5341351,2290.324475246575,1.1935156097176685,1.1207064E-4,18.530798,0.00904318,0.2542292,0.016259817,0.055509962,0.012209207,0.32524863,0.03967058,0.74822134,0.015477261,0.057668775,0.025046406,0.10094446,0.029515872,null,null,null,null,"TWOGAUSSIANS",8,7.277255,0.2542292,0.016259817,0.31085578,0.06837156,0.32523242,0.03966932,0.74822134,0.015477261,0.32294515,0.13315502,0.100928254,0.029545594
