Gaia/vari_eclipsing_binary/VariEclipsingBinary_634143-634585.csv
# %ECSV 1.0
# ---
# delimiter: ','
# meta: !!omap
# - RELEASE: Gaia DR3
# - TABLE: vari_eclipsing_binary
# - DESCRIPTION: >
#     This table describes the properties of the eclipsing binaries resulting from the variability analysis. 
# - CITATION: >
#     How to cite and acknowledge Gaia: 
#     https://gea.esac.esa.int/archive/documentation/credits.html 
# - KNOWN_ISSUES: >
#     Known issues: 
#     https://www.cosmos.esa.int/web/gaia-users/known-issues 
# - DOCUMENTATION: >
#     Tutorials and documentation: 
#     https://www.cosmos.esa.int/web/gaia-users/archive 
# datatype:
# - 
#   name: solution_id
#   datatype: int64
#   description: Solution Identifier
#   meta:
#     ucd: meta.version
# - 
#   name: source_id
#   datatype: int64
#   description: Unique source identifier
#   meta:
#     ucd: meta.id;meta.main
# - 
#   name: global_ranking
#   datatype: float32
#   description: Number between 0 (worst) and 1 (best)
#   meta:
#     ucd: stat.param
# - 
#   name: reference_time
#   datatype: float64
#   unit: d
#   description: Reference time used for the geometric model fit
#   meta:
#     ucd: time.epoch
# - 
#   name: frequency
#   datatype: float64
#   unit: d**-1
#   description: Frequency of geometric model of the eclipsing binary light curve
#   meta:
#     ucd: src.orbital
# - 
#   name: frequency_error
#   datatype: float32
#   unit: d**-1
#   description: "Uncertainty of \\texttt{frequency}"
#   meta:
#     ucd: stat.error
# - 
#   name: geom_model_reference_level
#   datatype: float32
#   unit: mag
#   description: Magnitude reference level of geometric model
#   meta:
#     ucd: phot.mag;em.opt
# - 
#   name: geom_model_reference_level_error
#   datatype: float32
#   unit: mag
#   description: "Uncertainty of \\texttt{geomModelReferenceLevel}"
#   meta:
#     ucd: stat.error;phot.mag;em.opt
# - 
#   name: geom_model_gaussian1_phase
#   datatype: float32
#   description: Phase of the Gaussian 1 component
#   meta:
#     ucd: time.phase
# - 
#   name: geom_model_gaussian1_phase_error
#   datatype: float32
#   description: "Uncertainty of \\texttt{geomModelGaussian1Phase}"
#   meta:
#     ucd: stat.error;time.phase
# - 
#   name: geom_model_gaussian1_sigma
#   datatype: float32
#   description: "Standard deviation [phase] of Gaussian 1 component"
#   meta:
#     ucd: stat.stdev
# - 
#   name: geom_model_gaussian1_sigma_error
#   datatype: float32
#   description: "Uncertainty of \\texttt{geomModelGaussian1Sigma}"
#   meta:
#     ucd: stat.error
# - 
#   name: geom_model_gaussian1_depth
#   datatype: float32
#   unit: mag
#   description: Magnitude depth of Gaussian 1 component
#   meta:
#     ucd: src.var.amplitude
# - 
#   name: geom_model_gaussian1_depth_error
#   datatype: float32
#   unit: mag
#   description: "Uncertainty of \\texttt{geomModelGaussian1Depth}"
#   meta:
#     ucd: stat.error;src.var.amplitude
# - 
#   name: geom_model_gaussian2_phase
#   datatype: float32
#   description: Phase of Gaussian 2 component
#   meta:
#     ucd: time.phase
# - 
#   name: geom_model_gaussian2_phase_error
#   datatype: float32
#   description: "Uncertainty of \\texttt{geomModelGaussian2Phase}"
#   meta:
#     ucd: stat.error;time.phase
# - 
#   name: geom_model_gaussian2_sigma
#   datatype: float32
[...]
#   datatype: float32
#   description: "Secondary eclipse: uncertainty of \\texttt{derivedSecondaryEclDuration}"
#   meta:
#     ucd: stat.error;time.duration
# - 
#   name: derived_secondary_ecl_depth
#   datatype: float32
#   unit: mag
#   description: "Secondary eclipse: depth"
#   meta:
#     ucd: src.var.amplitude
# - 
#   name: derived_secondary_ecl_depth_error
#   datatype: float32
#   unit: mag
#   description: "Secondary eclipse: uncertainty of \\texttt{derivedSecondaryEclDepth}"
#   meta:
#     ucd: stat.error;src.var.amplitude
solution_id,source_id,global_ranking,reference_time,frequency,frequency_error,geom_model_reference_level,geom_model_reference_level_error,geom_model_gaussian1_phase,geom_model_gaussian1_phase_error,geom_model_gaussian1_sigma,geom_model_gaussian1_sigma_error,geom_model_gaussian1_depth,geom_model_gaussian1_depth_error,geom_model_gaussian2_phase,geom_model_gaussian2_phase_error,geom_model_gaussian2_sigma,geom_model_gaussian2_sigma_error,geom_model_gaussian2_depth,geom_model_gaussian2_depth_error,geom_model_cosine_half_period_amplitude,geom_model_cosine_half_period_amplitude_error,geom_model_cosine_half_period_phase,geom_model_cosine_half_period_phase_error,model_type,num_model_parameters,reduced_chi2,derived_primary_ecl_phase,derived_primary_ecl_phase_error,derived_primary_ecl_duration,derived_primary_ecl_duration_error,derived_primary_ecl_depth,derived_primary_ecl_depth_error,derived_secondary_ecl_phase,derived_secondary_ecl_phase_error,derived_secondary_ecl_duration,derived_secondary_ecl_duration_error,derived_secondary_ecl_depth,derived_secondary_ecl_depth_error
[from data line 252]
375316653866487564,5579131284503974912,0.57872605,2240.6023137590637,2.638103328267152,1.6258096E-5,17.772785,0.009928872,0.26955423,0.0035943862,0.07040902,0.0045045475,0.44485044,0.016324734,0.7664732,0.003690449,0.075807124,0.0047102473,0.43161717,0.03176127,null,null,null,null,"TWOGAUSSIANS",8,9.378127,0.26955423,0.0035943862,0.39429054,0.01941099,0.4424983,0.0160086,0.7664732,0.003690449,0.4,0.0,0.429265,0.0320775
375316653866487564,5579148743548085888,0.51480013,2241.7180242101585,3.5857314811313925,3.3852797E-5,18.67892,0.012327385,0.24527276,0.0055831424,0.03903563,0.03313736,0.12997946,0.3227773,0.8203061,0.046118036,0.04918297,0.0218301,0.05157703,0.02418915,0.119737715,0.016129218,0.24527276,0.0055831424,"TWOGAUSSIANS_WITH_ELLIPSOIDAL_ON_ECLIPSE1",9,8.912222,0.24527276,0.0055831424,0.21859953,0.18556921,0.3694544,0.32176447,0.8203061,0.046118036,0.27542463,0.12224856,0.24165373,0.061561212
375316653866487564,5579151801565062528,0.42351428,2169.688613353561,1.3169950403583555,1.144962E-4,19.181961,0.18152145,0.47008538,0.049702674,0.13511863,0.03591451,0.27935845,0.20950106,0.86505824,0.030718775,0.10379392,0.09770197,0.20045923,0.16033284,null,null,null,null,"TWOGAUSSIANS",8,6.467187,0.47043538,0.042356186,0.4,0.0,0.26008382,0.11931943,0.86505824,0.030718775,0.4,0.07618057,0.18494882,0.06340952
375316653866487564,5579155684215329792,0.46347535,2236.657514388619,1.269649433115462,5.1932515E-5,18.543762,0.008367011,0.1608581,0.011539013,0.020102117,0.020943439,0.6851302,0.639808,0.5018843,0.009686494,0.017587256,0.0036017518,0.3312805,0.046476215,0.012151052,0.012320998,0.1608581,0.011539013,"TWOGAUSSIANS_WITH_ELLIPSOIDAL_ON_ECLIPSE1",9,13.774224,0.1608581,0.011539013,0.11257186,0.117283255,0.70943224,0.652443,0.5020143,0.009698305,0.09848863,0.02016981,0.3384091,0.048067495
375316653866487564,5579158737933718400,0.5914405,2250.4909441891546,3.3372588445104086,9.166789E-6,17.114841,0.009119202,0.26611924,0.0033571739,0.05439294,0.0065241824,0.17807353,0.019879138,0.75483066,0.002121927,0.0543548,0.0043331226,0.21989723,0.020939812,0.064692445,0.010736551,0.75483066,0.002121927,"TWOGAUSSIANS_WITH_ELLIPSOIDAL_ON_ECLIPSE2",9,6.4800324,0.75483066,0.002121927,0.30438688,0.024265487,0.34927467,0.012329295,0.26447922,0.002798971,0.30460048,0.036535423,0.3068951,0.01837867
375316653866487564,5579167430947934208,0.4889218,2278.1947638595093,3.495418656239411,1.864832E-5,18.58168,0.013691095,0.25221306,0.0069544525,0.10090694,0.011548657,0.24455078,0.022670452,0.7215656,0.00408374,0.08665861,0.008762122,0.19178995,0.014999566,null,null,null,null,"TWOGAUSSIANS",8,3.7071633,0.25221306,0.0069544525,0.4,0.0,0.2365842,0.023367234,0.7215656,0.00408374,0.4,0.0,0.18382844,0.012645514
375316653866487564,5579179491216199680,0.46315283,2268.585805909058,0.7024749065344026,4.323546E-5,18.232435,0.010187817,0.2718424,0.010073347,0.07762681,0.012401206,0.19320108,0.017507704,0.75935066,0.004543178,0.076120295,0.007982844,0.19305831,0.012681739,null,null,null,null,"TWOGAUSSIANS",8,11.075396,0.2718424,0.010073347,0.4,0.0,0.19170783,0.017171029,0.75935066,0.004543178,0.4,0.0,0.19156505,0.012602389
375316653866487564,5579187909351376128,0.54076225,2253.5880899455924,3.682285080493341,1.4814543E-5,18.968227,0.010562699,0.2530396,0.0038979156,0.06797334,0.004811505,0.36461756,0.022272771,0.75836915,0.008418994,0.067112595,0.00881629,0.45301527,0.02899482,null,null,null,null,"TWOGAUSSIANS",8,3.9592965,0.75836915,0.008418994,0.37583053,0.049371224,0.4522724,0.029040689,0.2530396,0.0038979156,0.3806507,0.026944427,0.36387467,0.022255076
375316653866487564,5579196155688806784,0.57576567,2224.9874964408637,0.4397468093778732,1.7456528E-5,17.62405,0.0010479415,0.28757125,3.6240843E-4,0.011897091,2.5945966E-4,0.2721835,0.0048272875,0.46322888,0.02153888,0.018742537,0.021244174,0.02455147,6.187785E8,null,null,null,null,"TWOGAUSSIANS",8,1.6849924,0.28757125,3.6240843E-4,0.06662371,0.0014529742,0.2721835,0.0048272875,0.46322888,0.02153888,0.10495821,0.11896738,0.02455147,6.187785E8
375316653866487564,5579216805892001408,0.48460075,2263.5435512416148,3.047481231177482,6.352866E-5,19.058245,0.005110615,0.6270433,0.040791035,0.026055159,0.02045454,0.7709509,613.9189,0.9009515,0.013628453,0.05145866,0.00973968,0.056887165,0.01108385,null,null,null,null,"TWOGAUSSIANS",8,1.7260344,0.6270433,0.040791035,0.14590889,0.114545435,0.770951,613.9189,0.9009515,0.013628453,0.2881685,0.054542206,0.056887165,0.01108385
375316653866487564,5579227118111189760,0.5248167,2244.9050668042964,2.4437143361247236,1.6056467E-5,14.906907,0.029280316,0.26835993,0.006725289,0.115128905,0.019644683,0.1961592,0.025913212,0.77168936,0.0049524787,0.101659924,0.014503312,0.19662958,0.028336238,null,null,null,null,"TWOGAUSSIANS",8,108.65328,0.77169937,0.00495425,0.4,0.0,0.17020236,0.0070565804,0.26835993,0.006725289,0.4,0.0,0.16970249,0.012297534
375316653866487564,5579252711817385472,0.560638,2245.4250729979576,3.5339844257656288,6.7298415E-6,19.704287,0.009204467,0.16065235,0.002413496,0.06613801,0.0027902306,0.57152206,0.018620888,0.6667065,0.001519105,0.0623375,0.0023608345,0.5388721,0.011515819,null,null,null,null,"TWOGAUSSIANS",8,1.3877419,0.16065235,0.002413496,0.37037283,0.01562529,0.5710473,0.018637614,0.6667065,0.001519105,0.34909,0.0132206725,0.5383974,0.011506049
375316653866487564,5579259141387029888,0.6433718,2202.6707811235915,3.4604821213381745,7.074391E-6,15.901055,0.008611414,0.26932666,0.0011374025,0.047173865,0.00316943,0.39808702,0.018751957,0.7732901,0.0023245336,0.048574984,0.0030245907,0.34251812,0.023477824,0.11676335,0.010045641,0.26932666,0.0011374025,"TWOGAUSSIANS_WITH_ELLIPSOIDAL_ON_ECLIPSE1",9,23.859577,0.26932666,0.0011374025,0.26417363,0.017748808,0.6316127,0.015435632,0.7732901,0.0023245336,0.2720199,0.016937708,0.57589895,0.014837988
375316653866487564,5579263298915281408,0.6638141,2226.373249997512,1.8194840555306877,1.9670829E-6,14.289128,0.004987524,0.25375053,7.1709655E-4,0.055112965,0.002357487,0.20335636,0.011718572,0.7548458,0.0018511702,0.057922997,0.0030159561,0.15024073,0.011827723,0.08666773,0.006927944,0.25375053,7.1709655E-4,"TWOGAUSSIANS_WITH_ELLIPSOIDAL_ON_ECLIPSE1",9,19.665245,0.25375053,7.1709655E-4,0.3086326,0.013201927,0.3766721,0.0045544803,0.7548458,0.0018406733,0.32436877,0.016889354,0.32354826,0.0046608634
375316653866487564,5579275530982121216,0.44833815,2252.6271586512553,0.49973811646040867,6.530639E-5,13.33977,0.0027836182,0.2868444,0.072655,0.17819084,0.11934542,0.0076712016,0.0027793385,0.7144957,0.0041335495,0.034052175,0.0037507296,0.0475628,0.0038981377,null,null,null,null,"TWOGAUSSIANS",8,17.56576,0.7144957,0.0041335495,0.19069217,0.021004086,0.04759568,0.003936523,0.2868444,0.072655,0.4,0.0,0.007229311,0.0023902662
375316653866487564,5579279207474118016,0.51224697,2248.5461531414635,3.790167898598693,1.8801908E-5,18.507092,0.012831771,0.24906172,0.0064415312,0.0948268,0.010286892,0.21615645,0.014534131,0.74548,0.006885751,0.09709524,0.01262269,0.17059785,0.013879957,null,null,null,null,"TWOGAUSSIANS",8,3.3296907,0.24906172,0.0064415312,0.4,0.0,0.20390692,0.012224534,0.74548,0.006885751,0.4,0.0,0.15834813,0.013516384
375316653866487564,5579281436558660608,0.5517658,2208.409218696606,2.303082736617401,9.570751E-6,19.641575,0.0065530995,0.26355818,0.0024356523,0.05376895,0.0030253099,0.7681956,0.04150698,0.7682682,0.0037491778,0.050177902,0.0041553727,0.45013747,0.0390137,null,null,null,null,"TWOGAUSSIANS",8,2.395685,0.26355818,0.0024356523,0.30110613,0.016941736,0.7681866,0.041513134,0.7682682,0.0037491778,0.28099626,0.023270087,0.45012847,0.039018616
375316653866487564,5579282810948068480,0.43783745,2264.384952460521,1.0689926701311407,2.1661835E-5,17.964739,0.27383846,0.21995299,0.012025464,0.21131502,0.14723629,0.2702688,0.2464644,0.7253642,0.012167521,0.14346306,0.05358137,0.2973511,0.21844973,null,null,null,null,"TWOGAUSSIANS",8,10.975667,0.7270242,0.010301908,0.4,0.0,0.13463295,0.007529508,0.21919298,0.012820355,0.4,0.0,0.075982325,0.037423354
375316653866487564,5579285632745118592,0.5956388,2205.135210605043,2.085783620384736,1.0122973E-5,16.893295,0.0059892586,0.33100027,0.002804763,0.09623859,0.005075634,0.17647618,0.0055406173,0.8312862,0.0021773134,0.089132704,0.0036050766,0.1893907,0.005900991,null,null,null,null,"TWOGAUSSIANS",8,2.8283718,0.8312862,0.0021773134,0.4,0.0,0.17983395,0.003484278,0.33100027,0.002804763,0.4,0.0,0.16691901,0.0045573176
375316653866487564,5579292539052560384,0.5797388,2234.678197963898,3.1632763617357536,8.801863E-6,16.249773,0.004646301,0.26196203,0.0021542013,0.02501224,0.010360549,0.13555479,0.03898856,0.76517415,0.009604776,0.046680525,0.010870786,0.17931177,0.01212776,0.11786799,0.006195173,0.26196203,0.0021542013,"TWOGAUSSIANS_WITH_ELLIPSOIDAL_ON_ECLIPSE1",9,23.89807,0.76517415,0.008454256,0.26141095,0.060876403,0.41495156,0.0086980555,0.26196203,0.0021542013,0.14006853,0.058019076,0.3712906,0.04065725
375316653866487564,5579303465449207040,0.6359124,2225.493268952325,2.1981996159744734,3.1000827E-6,17.273666,0.0041581644,0.24480975,0.0013632397,0.07933093,0.001929409,0.3600846,0.006572544,0.74651223,0.0019793762,0.087140605,0.0035809185,0.24630325,0.0049669403,null,null,null,null,"TWOGAUSSIANS",8,2.098238,0.24480975,0.0013632397,0.4,0.0,0.35382038,0.006675611,0.74651223,0.0019793762,0.4,0.0,0.240039,0.0049928203
375316653866487564,5579308413251479808,0.5181798,2213.150505536585,3.195420134671303,1.30962135E-5,19.18189,0.02243948,0.21923395,0.00414361,0.09467053,0.009998586,0.27479222,0.022490913,0.7236579,0.0061617545,0.094724566,0.012770721,0.25394705,0.020537,null,null,null,null,"TWOGAUSSIANS",8,1.2222619,0.21923395,0.00414361,0.4,0.0,0.2595675,0.016469456,0.7236579,0.0061617545,0.4,0.0,0.23872234,0.010553623
375316653866487564,5579319683245829248,0.48125255,2212.7497213542183,0.8975355804025444,5.9297723E-5,14.286843,9.7005256E-4,0.23543827,0.002069659,0.018854167,0.0060826414,0.096701704,0.25793853,0.73152196,0.0022073416,0.014966153,0.0026838908,0.04626939,0.015151949,0.0045376997,0.0015220502,0.23543827,0.002069659,"TWOGAUSSIANS_WITH_ELLIPSOIDAL_ON_ECLIPSE1",9,16.026203,0.23543827,0.002069659,0.10558334,0.03406279,0.1057771,0.25818998,0.731532,0.0022044384,0.083810456,0.015029788,0.055339314,0.015204669
375316653866487564,5579322706902585088,0.55888855,2223.4706353287957,3.5812625648264613,2.1800386E-6,16.2285,9.735949E-4,0.16546938,0.04040683,0.038246334,0.028177835,0.035801534,0.104541756,0.85615665,1.13777016E-4,0.0068077813,1.2878583E-4,0.77237827,0.053647615,null,null,null,null,"TWOGAUSSIANS",8,5.188029,0.85615665,1.13777016E-4,0.038123574,7.2120066E-4,0.77237827,0.053647615,0.16546938,0.04040683,0.21417947,0.15779588,0.035801534,0.104541756
375316653866487564,5579323939556442880,0.5669852,2217.824259870219,3.7893867512982364,1.3942005E-5,18.439003,0.012545401,0.25910813,0.0027123315,0.05084548,0.0053435694,0.26164892,0.028709987,0.73799473,0.01162403,0.060820844,0.0070771375,0.2509937,0.055362638,0.0758687,0.01628966,0.25910813,0.0027123315,"TWOGAUSSIANS_WITH_ELLIPSOIDAL_ON_ECLIPSE1",9,5.5282135,0.25910813,0.0027123315,0.2847347,0.029923989,0.41337258,0.013296228,0.7411447,0.010180921,0.34059674,0.03963197,0.40045616,0.047285225
375316653866487564,5579325898061662464,0.5550786,2248.445197568217,3.4292739398496375,9.694618E-6,18.387363,0.013939278,0.22665413,0.004954823,0.08453264,0.005680382,0.49780956,0.02304199,0.73162425,0.0017613217,0.0819307,0.0034135797,0.4590736,0.013405272,null,null,null,null,"TWOGAUSSIANS",8,8.238622,0.22665413,0.004954823,0.4,0.0,0.48820454,0.02295012,0.73162425,0.0017613217,0.4,0.0,0.44946858,0.011131959
375316653866487564,5579328067022061056,0.5523398,2246.2021936931546,3.7785317331100403,1.0473545E-5,15.467547,0.01851892,0.22195439,0.0027272804,0.10128801,0.0055079604,0.39535555,0.017448444,0.7046475,0.0031903235,0.10201508,0.0064338455,0.4259061,0.019471128,null,null,null,null,"TWOGAUSSIANS",8,75.639206,0.7046475,0.0031903235,0.4,0.0,0.39368114,0.01643775,0.22196439,0.0027264194,0.4,0.0,0.3631321,0.010135476
375316653866487564,5579328887357340928,0.5650819,2230.4058409282643,3.216055178785767,8.2184115E-6,17.341537,0.008372655,0.18661061,0.0051296917,0.04478239,0.01016433,0.041953426,0.030449573,0.68340737,0.02794956,0.0529367,0.023825381,0.08449328,0.018691044,0.055554222,0.013443872,0.18661061,0.0051296917,"TWOGAUSSIANS_WITH_ELLIPSOIDAL_ON_ECLIPSE1",9,3.2039979,0.6841274,0.024954766,0.29644552,0.13342214,0.1955655,0.021629212,0.18661061,0.0051296917,0.2507814,0.056920245,0.15306051,0.020062333
375316653866487564,5579334011256879360,0.57480854,2264.778793511619,2.0352052940643794,2.6689377E-5,15.500208,7.1168516E-4,0.3778361,0.0015819019,0.022959998,8.52117E-4,0.15887569,0.01195896,null,null,null,null,null,null,null,null,null,null,"ONEGAUSSIAN",5,4.1371965,0.3778361,0.0015819019,0.12857598,0.004771855,0.15887569,0.0,null,null,null,null,null,null
375316653866487564,5579337447230527360,0.51379883,2229.9185527904942,0.8014982566849752,1.1481989E-5,14.669584,0.10413435,0.13520488,0.013946502,0.33879277,0.038561884,0.3496813,0.09729989,0.5999958,0.004603199,0.111064866,0.009921704,0.24690372,0.028544579,null,null,null,null,"TWOGAUSSIANS",8,112.96767,0.5999958,0.004603199,0.4,0.0,0.18085358,0.0067023174,0.13577488,0.013808409,0.4,0.0,0.055745736,0.007872105
375316653866487564,5579340672748593792,0.48127678,2273.314537154139,1.4344557739436261,1.080795E-4,19.71907,0.0060122134,0.26592243,0.009143843,0.022384191,0.0040996964,0.46662053,0.19806795,0.74183273,0.006797427,0.036578633,0.006832933,0.20352517,0.021567274,null,null,null,null,"TWOGAUSSIANS",8,2.6765442,0.26592243,0.009143843,0.12535146,0.022958301,0.46662053,0.19806795,0.74183273,0.006797427,0.20484035,0.038264424,0.20352517,0.021567274
375316653866487564,5579349541858661632,0.47066864,2215.177109121156,1.09295378668976,2.8245202E-5,17.6503,0.0024347978,0.19570458,0.008048906,0.053710107,0.02195387,0.015071166,0.012030948,0.75767094,0.016146746,0.035690624,0.013198748,0.019729799,0.008120383,0.021262147,0.005954449,0.19570458,0.008048906,"TWOGAUSSIANS_WITH_ELLIPSOIDAL_ON_ECLIPSE1",9,2.583493,0.19570458,0.008048906,0.3007766,0.122941665,0.05759504,0.009361646,0.75767094,0.016146746,0.1998675,0.07391299,0.05612662,0.0054353205
375316653866487564,5579355486093146368,0.55740786,2198.852118591407,0.313622350497039,2.5178517E-5,17.356218,0.0014665879,0.07246652,0.001027965,0.015385254,0.0014431442,0.20566218,0.017051399,0.56499165,0.01060414,0.02013729,0.013154234,0.07560372,0.21045262,null,null,null,null,"TWOGAUSSIANS",8,2.3755023,0.07246652,0.001027965,0.086157426,0.0080816075,0.20566218,0.017051399,0.56499165,0.01060414,0.11276882,0.07366371,0.07560372,0.21045262
375316653866487564,5579362151882192512,0.44626608,2185.8520970965974,3.129811204589446,4.3338507E-5,17.34864,0.007686487,null,null,null,null,null,null,null,null,null,null,null,null,0.095207006,0.009257435,0.20022328,0.009829411,"ELLIPSOIDAL",4,61.596413,null,null,null,null,null,null,null,null,null,null,null,null
375316653866487564,5579363315816403200,0.46904156,2208.4387029282566,3.7972829345147368,3.518261E-5,19.572052,0.06402585,0.29760614,0.0066637225,0.09353311,0.024672,0.25538924,0.05443772,0.82232475,0.016754733,0.12502597,0.035593864,0.23854822,0.0672854,null,null,null,null,"TWOGAUSSIANS",8,2.1361675,0.29746616,0.006406776,0.4,0.0,0.22845083,0.016111381,0.82232475,0.016751323,0.4,0.0,0.21140088,0.043143015
