Gaia/vari_eclipsing_binary/VariEclipsingBinary_209961-210286.csv
# %ECSV 1.0
# ---
# delimiter: ','
# meta: !!omap
# - RELEASE: Gaia DR3
# - TABLE: vari_eclipsing_binary
# - DESCRIPTION: >
#     This table describes the properties of the eclipsing binaries resulting from the variability analysis. 
# - CITATION: >
#     How to cite and acknowledge Gaia: 
#     https://gea.esac.esa.int/archive/documentation/credits.html 
# - KNOWN_ISSUES: >
#     Known issues: 
#     https://www.cosmos.esa.int/web/gaia-users/known-issues 
# - DOCUMENTATION: >
#     Tutorials and documentation: 
#     https://www.cosmos.esa.int/web/gaia-users/archive 
# datatype:
# - 
#   name: solution_id
#   datatype: int64
#   description: Solution Identifier
#   meta:
#     ucd: meta.version
# - 
#   name: source_id
#   datatype: int64
#   description: Unique source identifier
#   meta:
#     ucd: meta.id;meta.main
# - 
#   name: global_ranking
#   datatype: float32
#   description: Number between 0 (worst) and 1 (best)
#   meta:
#     ucd: stat.param
# - 
#   name: reference_time
#   datatype: float64
#   unit: d
#   description: Reference time used for the geometric model fit
#   meta:
#     ucd: time.epoch
# - 
#   name: frequency
#   datatype: float64
#   unit: d**-1
#   description: Frequency of geometric model of the eclipsing binary light curve
#   meta:
#     ucd: src.orbital
# - 
#   name: frequency_error
#   datatype: float32
#   unit: d**-1
#   description: "Uncertainty of \\texttt{frequency}"
#   meta:
#     ucd: stat.error
# - 
#   name: geom_model_reference_level
#   datatype: float32
#   unit: mag
#   description: Magnitude reference level of geometric model
#   meta:
#     ucd: phot.mag;em.opt
# - 
#   name: geom_model_reference_level_error
#   datatype: float32
#   unit: mag
#   description: "Uncertainty of \\texttt{geomModelReferenceLevel}"
#   meta:
#     ucd: stat.error;phot.mag;em.opt
# - 
#   name: geom_model_gaussian1_phase
#   datatype: float32
#   description: Phase of the Gaussian 1 component
#   meta:
#     ucd: time.phase
# - 
#   name: geom_model_gaussian1_phase_error
#   datatype: float32
#   description: "Uncertainty of \\texttt{geomModelGaussian1Phase}"
#   meta:
#     ucd: stat.error;time.phase
# - 
#   name: geom_model_gaussian1_sigma
#   datatype: float32
#   description: "Standard deviation [phase] of Gaussian 1 component"
#   meta:
#     ucd: stat.stdev
# - 
#   name: geom_model_gaussian1_sigma_error
#   datatype: float32
#   description: "Uncertainty of \\texttt{geomModelGaussian1Sigma}"
#   meta:
#     ucd: stat.error
# - 
#   name: geom_model_gaussian1_depth
#   datatype: float32
#   unit: mag
#   description: Magnitude depth of Gaussian 1 component
#   meta:
#     ucd: src.var.amplitude
# - 
#   name: geom_model_gaussian1_depth_error
#   datatype: float32
#   unit: mag
#   description: "Uncertainty of \\texttt{geomModelGaussian1Depth}"
#   meta:
#     ucd: stat.error;src.var.amplitude
# - 
#   name: geom_model_gaussian2_phase
#   datatype: float32
#   description: Phase of Gaussian 2 component
#   meta:
#     ucd: time.phase
# - 
#   name: geom_model_gaussian2_phase_error
#   datatype: float32
#   description: "Uncertainty of \\texttt{geomModelGaussian2Phase}"
#   meta:
#     ucd: stat.error;time.phase
# - 
#   name: geom_model_gaussian2_sigma
#   datatype: float32
[...]
#   datatype: float32
#   description: "Secondary eclipse: uncertainty of \\texttt{derivedSecondaryEclDuration}"
#   meta:
#     ucd: stat.error;time.duration
# - 
#   name: derived_secondary_ecl_depth
#   datatype: float32
#   unit: mag
#   description: "Secondary eclipse: depth"
#   meta:
#     ucd: src.var.amplitude
# - 
#   name: derived_secondary_ecl_depth_error
#   datatype: float32
#   unit: mag
#   description: "Secondary eclipse: uncertainty of \\texttt{derivedSecondaryEclDepth}"
#   meta:
#     ucd: stat.error;src.var.amplitude
solution_id,source_id,global_ranking,reference_time,frequency,frequency_error,geom_model_reference_level,geom_model_reference_level_error,geom_model_gaussian1_phase,geom_model_gaussian1_phase_error,geom_model_gaussian1_sigma,geom_model_gaussian1_sigma_error,geom_model_gaussian1_depth,geom_model_gaussian1_depth_error,geom_model_gaussian2_phase,geom_model_gaussian2_phase_error,geom_model_gaussian2_sigma,geom_model_gaussian2_sigma_error,geom_model_gaussian2_depth,geom_model_gaussian2_depth_error,geom_model_cosine_half_period_amplitude,geom_model_cosine_half_period_amplitude_error,geom_model_cosine_half_period_phase,geom_model_cosine_half_period_phase_error,model_type,num_model_parameters,reduced_chi2,derived_primary_ecl_phase,derived_primary_ecl_phase_error,derived_primary_ecl_duration,derived_primary_ecl_duration_error,derived_primary_ecl_depth,derived_primary_ecl_depth_error,derived_secondary_ecl_phase,derived_secondary_ecl_phase_error,derived_secondary_ecl_duration,derived_secondary_ecl_duration_error,derived_secondary_ecl_depth,derived_secondary_ecl_depth_error
[from data line 428]
375316653866487564,1848994656564471424,0.61557645,2328.027663980361,3.0875166607009796,7.167097E-6,17.422241,0.011008566,0.21758375,0.0014732225,0.044868212,0.0037050464,0.27695963,0.025392933,0.72144794,0.0035313158,0.04732892,0.004191228,0.43032956,0.042353675,0.12697864,0.015882706,0.21758375,0.0014732225,"TWOGAUSSIANS_WITH_ELLIPSOIDAL_ON_ECLIPSE1",9,11.275161,0.72144794,0.0035313158,0.26504195,0.023470877,0.68413675,0.039323393,0.21758375,0.0014732225,0.25126198,0.02074826,0.53091645,0.013027041
375316653866487564,1848999368144248320,0.53067833,2311.8736163640433,2.1841116107706773,9.302965E-6,16.053198,0.016237153,0.27812463,0.0033754585,0.064165026,0.005040299,0.39590874,0.03816171,0.771558,0.0046176966,0.07105207,0.0073252106,0.68796873,0.035571877,null,null,null,null,"TWOGAUSSIANS",8,287.03577,0.771558,0.0046176966,0.39789158,0.021889772,0.6870232,0.036046483,0.27812463,0.0033754585,0.35932416,0.028225675,0.3949632,0.038143575
375316653866487564,1849007678905514624,0.4463572,2332.768543634907,3.748844695891829,4.4824656E-6,18.614635,0.0042736246,0.19085293,0.044070654,0.044362087,0.026545051,0.03148959,0.045017112,0.71236897,7.119816E-5,0.0061849165,1.4967805E-4,0.21287256,0.0044606477,null,null,null,null,"TWOGAUSSIANS",8,7.016985,0.71236897,7.119816E-5,0.034635533,8.3819707E-4,0.21287256,0.0044606477,0.19085293,0.044070654,0.24842767,0.14865229,0.03148959,0.045017112
375316653866487564,1849014589508698240,0.5907313,2305.949372301152,0.4095979858704367,1.7957667E-5,15.081101,0.0014805978,0.27736858,0.009030575,0.035049453,0.0056752646,0.20011592,0.032959104,0.69446963,0.03840305,0.12260907,0.056192905,0.0047468077,0.001961306,null,null,null,null,"TWOGAUSSIANS",8,6.010065,0.27736858,0.009037474,0.19627695,0.031781483,0.20011315,0.03296009,0.69446963,0.03840305,0.4,0.0,0.004729419,0.0019472846
375316653866487564,1849022389166442496,0.65830725,2303.0236265671274,3.0431103582224424,3.8289118E-6,15.544466,0.012229805,0.20880039,0.0015420327,0.048301786,0.0030790316,0.51379466,0.02457207,0.71388686,0.0012202425,0.054205656,0.0031770957,0.4372498,0.025977192,0.108553655,0.01400557,0.20880039,0.0015420327,"TWOGAUSSIANS_WITH_ELLIPSOIDAL_ON_ECLIPSE1",9,35.527294,0.20880039,0.0015420327,0.27049002,0.017242577,0.73089355,0.007011357,0.71388686,0.0012202425,0.30355167,0.017791735,0.65412706,0.014015395
375316653866487564,1849043069435113600,0.56590563,2301.779223854859,3.8603650270047245,5.717217E-6,17.915321,0.009001163,0.19298628,0.002129216,0.04873138,0.0053020157,0.17884421,0.027597385,0.69371337,0.003039766,0.04850034,0.007601624,0.09888061,0.027689742,0.090268604,0.017865738,0.19298628,0.002129216,"TWOGAUSSIANS_WITH_ELLIPSOIDAL_ON_ECLIPSE1",9,5.798809,0.19298628,0.002129216,0.27289572,0.029691288,0.35938087,0.017290372,0.69371337,0.0029733807,0.27160192,0.042569093,0.27941352,0.015142374
375316653866487564,1849049975742369792,0.44512424,2294.212110165069,1.4808676852938099,3.0634706E-5,18.28816,0.003554335,0.19388677,6.9473154E-4,0.018388122,0.0020410472,0.26299596,0.03441677,null,null,null,null,null,null,0.0136737805,0.006043527,0.19388677,6.9473154E-4,"ONEGAUSSIAN_WITH_ELLIPSOIDAL",6,10.008552,0.19388677,6.9473154E-4,0.10297348,0.011429865,0.29034352,0.035559643,null,null,null,null,null,null
375316653866487564,1849054309366202752,0.60348386,2265.8504353351987,3.035221470786122,3.717624E-6,15.075842,0.00732051,0.30698672,0.0010838393,0.046249196,0.004608595,0.22129817,0.03132107,0.7980159,0.004603316,0.05023948,0.0049059615,0.22089449,0.021681886,0.107394114,0.012394203,0.30698672,0.0010838393,"TWOGAUSSIANS_WITH_ELLIPSOIDAL_ON_ECLIPSE1",9,53.23271,0.30698672,0.0010838393,0.2589955,0.02580813,0.43608588,0.03391913,0.7994659,0.0038042665,0.2813411,0.027473383,0.43511096,0.0071945265
375316653866487564,1849057672323971968,0.5377038,2284.8585884216245,2.376933587555915,4.017148E-6,17.613424,0.0021869002,0.24313799,0.002422851,0.049468797,0.0026029581,0.10370654,0.0053022597,0.74329764,0.0030470705,0.046813212,0.0022808441,0.19122915,0.008149891,null,null,null,null,"TWOGAUSSIANS",8,2.4113348,0.74329764,0.0030470705,0.26215398,0.012772727,0.19122876,0.008149926,0.24313799,0.002422851,0.27702528,0.0145765655,0.10370615,0.0053023375
375316653866487564,1849062929363912448,0.57629937,2293.2725010167956,3.3886334256840454,7.2043576E-6,18.041658,0.009239231,0.19971767,0.001980174,0.04802085,0.0035858853,0.28871194,0.023962105,0.70210356,0.0087536415,0.042962458,0.009031134,0.17118524,0.026549961,0.09735213,0.016412418,0.19971767,0.001980174,"TWOGAUSSIANS_WITH_ELLIPSOIDAL_ON_ECLIPSE1",9,8.549697,0.19971767,0.001980174,0.26891676,0.020080958,0.4834154,0.012508493,0.70210356,0.008372024,0.24058977,0.05057435,0.36584494,0.014683162
375316653866487564,1849065987380836608,0.6214291,2303.603978491485,3.417254406825372,4.0305795E-6,18.522427,0.004485939,0.20489877,0.001789599,0.07752923,0.0022197415,0.5083197,0.01309133,0.7093443,0.0022566626,0.07475186,0.002544374,0.4852144,0.0101218335,null,null,null,null,"TWOGAUSSIANS",8,1.7275358,0.20489877,0.001789599,0.4,0.0,0.5042042,0.013352019,0.7093443,0.0022566626,0.4,0.0,0.481099,0.0101276785
375316653866487564,1849067572225401472,0.5521177,2327.6398236628793,3.92856279085119,8.174081E-6,16.431307,0.019930406,0.31436947,0.0029473742,0.08826662,0.0070334673,0.27317783,0.018936103,0.8184866,0.0025072745,0.10809536,0.008678787,0.23096411,0.018569738,null,null,null,null,"TWOGAUSSIANS",8,18.537052,0.31436947,0.0029473742,0.4,0.0,0.25488108,0.011630693,0.8184866,0.0025072745,0.4,0.0,0.21265684,0.010094657
375316653866487564,1849068220763796736,0.5885393,2298.4498054649057,0.5426546440553762,3.865073E-5,17.658768,0.0036443535,0.22266735,0.010110599,0.034289755,0.01738905,0.039684877,0.08333851,0.7310814,0.002393453,0.024221947,0.0015845681,0.3211473,0.011430543,0.022241378,0.0074546076,0.22266735,0.010110599,"TWOGAUSSIANS_WITH_ELLIPSOIDAL_ON_ECLIPSE1",9,3.6888735,0.7310814,0.002393453,0.1356429,0.008873581,0.36550578,0.006641636,0.22266735,0.010110599,0.19202262,0.09737868,0.08416757,0.084852
375316653866487564,1849071072622118528,0.57173824,2275.776078814349,2.8499538122450576,6.306517E-6,16.212118,0.012133442,0.22209051,0.0023619647,0.061326664,0.011013706,0.10218516,0.026564332,0.7289834,0.007502277,0.0617756,0.0105827935,0.08534984,0.02753472,0.07158365,0.015043722,0.22209051,0.0023619647,"TWOGAUSSIANS_WITH_ELLIPSOIDAL_ON_ECLIPSE1",9,15.985359,0.22209051,0.0023619647,0.34342933,0.061676756,0.2453117,0.006054221,0.7289834,0.007502277,0.34594333,0.059263647,0.22820802,0.00840936
375316653866487564,1849076849355113216,0.4709315,2298.9796649195096,0.5031190107449409,9.08745E-5,14.389889,0.007655197,0.27473575,0.018689161,0.023669414,0.02708215,0.06610616,0.034506742,0.76014334,0.0073788944,0.016970145,0.010908836,0.13291982,0.024158688,0.024960175,0.00988298,0.76014334,0.0073788944,"TWOGAUSSIANS_WITH_ELLIPSOIDAL_ON_ECLIPSE2",9,233.31917,0.76014334,0.0073788944,0.09503281,0.06108948,0.18284012,0.02548223,0.27426574,0.016406128,0.13254872,0.15166004,0.11562142,0.039932717
375316653866487564,1849080109231910144,0.4735689,2281.4195724756523,1.381125242414811,2.0497006E-5,16.659199,0.0048138993,0.20206353,0.005825994,0.018862747,0.0026099754,0.33625063,0.069087714,0.68639493,0.00974896,0.044802934,0.0066845613,0.22955139,0.015906163,null,null,null,null,"TWOGAUSSIANS",8,32.118973,0.20206353,0.005825994,0.10563138,0.014615862,0.33625063,0.069087714,0.68639493,0.00974896,0.25089642,0.037433542,0.22955139,0.015906163
375316653866487564,1849090657672808064,0.45944658,2274.17040646297,0.8070536085216586,5.070769E-5,18.145771,0.0054639154,0.21712793,0.0093717575,0.018955642,0.0109430775,0.047720473,0.016099304,0.6161178,0.03831825,0.031363156,0.033535782,0.05271902,8.2717527E9,0.062454265,0.0061572487,0.21712793,0.0093717575,"TWOGAUSSIANS_WITH_ELLIPSOIDAL_ON_ECLIPSE1",9,11.453216,0.21712793,0.0093717575,0.1061516,0.061281238,0.17262888,0.012388215,0.6305378,0.0556456,0.17563367,0.18780038,0.13887332,8.2717527E9
375316653866487564,1849091138709190656,0.58316773,2252.97220422357,3.8768442665386473,7.06308E-6,19.522497,0.009468516,0.2573478,0.00208817,0.043656986,0.0037472062,0.5430363,0.023641938,0.7560332,0.0025205167,0.037746336,0.002924281,0.4012209,0.031595536,0.14355102,0.011403507,0.2573478,0.00208817,"TWOGAUSSIANS_WITH_ELLIPSOIDAL_ON_ECLIPSE1",9,1.3070807,0.2573478,0.00208817,0.24447913,0.020984355,0.83013797,0.016795602,0.7561332,0.0023082162,0.21137948,0.016375972,0.6883045,0.029691739
375316653866487564,1849095403613593088,0.5685552,2275.2567929779284,3.1346574721401184,1.4254999E-5,16.97436,0.029751003,0.20787102,0.002435543,0.059919283,0.0121183945,0.20369898,0.061992902,0.7047749,0.0069642966,0.057653427,0.013432788,0.2361861,0.058703512,0.109129705,0.033908732,0.20787102,0.002435543,"TWOGAUSSIANS_WITH_ELLIPSOIDAL_ON_ECLIPSE1",9,27.568647,0.7053749,0.0054592337,0.3228592,0.07522361,0.45432964,0.034729928,0.20787102,0.002435543,0.33554798,0.06786301,0.421909,0.016583007
375316653866487564,1849107459583855488,0.43779862,2280.0089787975803,3.462705367892742,1.7881966E-5,17.84098,0.0052526537,null,null,null,null,null,null,null,null,null,null,null,null,0.081139944,0.008752697,0.78069985,0.005396107,"ELLIPSOIDAL",4,35.339493,null,null,null,null,null,null,null,null,null,null,null,null
375316653866487564,1849112201227875456,0.5366759,2252.577507625609,3.220888178750097,1.3250385E-5,18.316402,0.010044585,0.2705549,0.0026666874,0.08973643,0.0058733006,0.23879442,0.010488377,0.7686844,0.004082555,0.08781998,0.007331217,0.23750576,0.01382899,null,null,null,null,"TWOGAUSSIANS",8,3.2477512,0.2705549,0.0026666874,0.4,0.0,0.23002426,0.008874254,0.7686844,0.004082555,0.4,0.0,0.22873566,0.014183726
375316653866487564,1849116569212382208,0.6047049,2252.0680943001316,2.3678946932251064,4.5266797E-6,15.085968,0.0071235225,0.2741152,0.0016329058,0.08693312,0.0022822584,0.44081417,0.008268065,0.77116495,0.0039767385,0.08563031,0.003385927,0.463476,0.017941102,null,null,null,null,"TWOGAUSSIANS",8,98.05159,0.77116495,0.0039767385,0.4,0.0,0.45055097,0.01825344,0.2741152,0.0016329058,0.4,0.0,0.4278891,0.006919203
375316653866487564,1849118420342268800,0.56782943,2255.759847697561,3.781115187278508,5.013594E-6,19.11316,0.0122459475,0.2485715,0.0025095418,0.050413348,0.0063558044,0.25480297,0.038905095,0.7477362,0.00443113,0.041592266,0.004043802,0.41338784,0.040959433,0.12470644,0.01610962,0.2485715,0.0025095418,"TWOGAUSSIANS_WITH_ELLIPSOIDAL_ON_ECLIPSE1",9,2.8279836,0.74779624,0.004320723,0.2329167,0.022645291,0.66279316,0.024899093,0.2485715,0.0025095418,0.28231475,0.035592504,0.5042146,0.036060095
375316653866487564,1849120211344710272,0.6132485,2268.3196287800856,3.1355757519250287,7.871769E-6,13.574915,0.0061929603,0.25503367,0.0036624875,0.052989565,0.002691463,0.27105388,0.018065063,0.7594929,0.0013517672,0.046283577,0.002746749,0.2437388,0.014820339,0.10063812,0.008589962,0.7594929,0.0013517672,"TWOGAUSSIANS_WITH_ELLIPSOIDAL_ON_ECLIPSE2",9,88.548744,0.2556637,0.0030782986,0.29674158,0.015072194,0.47219172,0.010397536,0.7594929,0.0013517672,0.25918803,0.015381794,0.44501227,0.00791103
375316653866487564,1849131309540458624,0.64725643,2300.601040362174,2.9567679989134343,3.1385775E-6,16.1146,0.011284731,0.2491887,9.844861E-4,0.05373936,0.0033378187,0.3558303,0.022712268,0.7503871,0.0058272006,0.061671626,0.004781549,0.3387899,0.03182673,0.09934131,0.013251971,0.2491887,9.844861E-4,"TWOGAUSSIANS_WITH_ELLIPSOIDAL_ON_ECLIPSE1",9,15.860414,0.2491887,9.844861E-4,0.30094042,0.018691784,0.5544208,0.0074088867,0.7503871,0.005205548,0.3453611,0.026776673,0.5373692,0.014412107
375316653866487564,1849131442683439232,0.47054854,2318.7771817791718,4.441773576699242,2.4736093E-5,18.681837,0.0035215209,0.14127772,0.03703226,0.029167809,0.034041133,0.047114115,2.9517434E19,0.40856552,0.004982529,0.052308466,0.004760678,0.18309732,0.0113875335,null,null,null,null,"TWOGAUSSIANS",8,3.1463397,0.40856552,0.004982529,0.2929274,0.026659796,0.18309732,0.0113875335,0.14127772,0.03703226,0.16333972,0.19063035,0.047114506,2.9517434E19
375316653866487564,1849132718289528192,0.5923912,2248.7987072502733,2.103546478030454,3.9275023E-6,16.622402,0.0030648378,0.25731316,0.0011659816,0.08914296,0.0027233113,0.17560458,0.0030783212,0.76118106,0.0014354633,0.07635158,0.0018899253,0.1987958,0.0037887418,null,null,null,null,"TWOGAUSSIANS",8,2.9383237,0.76118106,0.0014354633,0.4,0.0,0.19520065,0.0033754804,0.25731316,0.0011659816,0.4,0.0,0.17200938,0.0028547856
375316653866487564,1849138971761967488,0.56501013,2294.9181755196905,0.6807975850461835,5.2522773E-5,15.8095665,0.0017906239,0.28482208,0.08216813,0.03563508,0.1108737,0.029395815,0.018142762,0.551796,0.03065631,0.012491166,0.011042594,0.3224026,0.53615314,0.004224648,0.0039348546,0.551796,0.03065631,"TWOGAUSSIANS_WITH_ELLIPSOIDAL_ON_ECLIPSE2",9,32.984306,0.551796,0.03065631,0.06995053,0.061838526,0.33085188,0.53755647,0.28432208,0.11156736,0.19955646,0.19950168,0.029494362,0.017773284
375316653866487564,1849140689749068288,0.5461239,2268.358329323047,3.191318065463248,1.4971016E-5,17.08975,0.005107584,0.22865789,0.0029398447,0.04690282,0.006007415,0.10177615,0.017651672,0.7270553,0.005724438,0.03587208,0.0061353706,0.08750701,0.021380698,0.09702677,0.008855512,0.22865789,0.0029398447,"TWOGAUSSIANS_WITH_ELLIPSOIDAL_ON_ECLIPSE1",9,23.09323,0.22865789,0.0029398447,0.2626558,0.03364152,0.2958294,0.012177834,0.7273453,0.0048432923,0.20088366,0.034358073,0.28154418,0.018911896
375316653866487564,1849142682613881856,0.5560191,2319.718113945444,3.519671985569695,7.779225E-6,16.349766,0.07494117,0.28542888,0.0073391963,0.05036284,0.034036964,0.03329475,0.16536082,0.79635996,0.011962423,0.047021534,0.039045352,0.12551649,0.14140548,0.09638515,0.08103147,0.28542888,0.0073391963,"TWOGAUSSIANS_WITH_ELLIPSOIDAL_ON_ECLIPSE1",9,31.56739,0.79635996,0.011625316,0.2633206,0.15080856,0.3173786,0.039163977,0.28542888,0.0073391963,0.2820319,0.14920345,0.2260648,0.005110794
375316653866487564,1849144434960535808,0.5640015,2317.8583946577605,3.8880788454479207,4.4266812E-6,17.357496,0.0077098603,0.2813083,0.0022221236,0.046166427,0.0066887527,0.10082583,0.019023402,0.7795743,0.008103715,0.06736961,0.006636639,0.10547933,0.02012243,0.095529586,0.010262074,0.2813083,0.0022221236,"TWOGAUSSIANS_WITH_ELLIPSOIDAL_ON_ECLIPSE1",9,8.584507,0.7802543,0.004373981,0.37726983,0.03716518,0.2964266,0.012820427,0.2813083,0.0022221236,0.258532,0.037457015,0.29178685,0.01024316
375316653866487564,1849146835846315648,0.7093651,2269.406834140174,3.99889734880755,2.7163799E-6,16.916811,0.0064448263,0.22348915,9.297466E-4,0.04696702,0.0019722132,0.46467254,0.013396203,0.7224193,9.048026E-4,0.044636108,0.0010167377,0.50843155,0.013875772,0.1329583,0.0074190744,0.22348915,9.297466E-4,"TWOGAUSSIANS_WITH_ELLIPSOIDAL_ON_ECLIPSE1",9,4.955166,0.7224994,8.312957E-4,0.2499622,0.0056937314,0.77433664,0.0044547315,0.22348915,9.297466E-4,0.2630153,0.011044393,0.7305887,0.0037999083
375316653866487564,1849156117271554944,0.48410746,2323.442336156439,2.761200526735249,3.384132E-5,13.417725,1.0167602,0.26967204,0.007667636,0.121253446,0.17982627,0.18144591,0.9715944,0.7732771,0.010307681,0.11130963,0.10470996,0.17851658,0.7928211,null,null,null,null,"TWOGAUSSIANS",8,645.03424,0.26966205,0.007727795,0.4,0.0,0.14697137,0.014201019,0.77329713,0.01040774,0.4,0.0,0.14410128,0.014954476
