Gaia/vari_eclipsing_binary/VariEclipsingBinary_156143-158209.csv
# %ECSV 1.0
# ---
# delimiter: ','
# meta: !!omap
# - RELEASE: Gaia DR3
# - TABLE: vari_eclipsing_binary
# - DESCRIPTION: >
#     This table describes the properties of the eclipsing binaries resulting from the variability analysis. 
# - CITATION: >
#     How to cite and acknowledge Gaia: 
#     https://gea.esac.esa.int/archive/documentation/credits.html 
# - KNOWN_ISSUES: >
#     Known issues: 
#     https://www.cosmos.esa.int/web/gaia-users/known-issues 
# - DOCUMENTATION: >
#     Tutorials and documentation: 
#     https://www.cosmos.esa.int/web/gaia-users/archive 
# datatype:
# - 
#   name: solution_id
#   datatype: int64
#   description: Solution Identifier
#   meta:
#     ucd: meta.version
# - 
#   name: source_id
#   datatype: int64
#   description: Unique source identifier
#   meta:
#     ucd: meta.id;meta.main
# - 
#   name: global_ranking
#   datatype: float32
#   description: Number between 0 (worst) and 1 (best)
#   meta:
#     ucd: stat.param
# - 
#   name: reference_time
#   datatype: float64
#   unit: d
#   description: Reference time used for the geometric model fit
#   meta:
#     ucd: time.epoch
# - 
#   name: frequency
#   datatype: float64
#   unit: d**-1
#   description: Frequency of geometric model of the eclipsing binary light curve
#   meta:
#     ucd: src.orbital
# - 
#   name: frequency_error
#   datatype: float32
#   unit: d**-1
#   description: "Uncertainty of \\texttt{frequency}"
#   meta:
#     ucd: stat.error
# - 
#   name: geom_model_reference_level
#   datatype: float32
#   unit: mag
#   description: Magnitude reference level of geometric model
#   meta:
#     ucd: phot.mag;em.opt
# - 
#   name: geom_model_reference_level_error
#   datatype: float32
#   unit: mag
#   description: "Uncertainty of \\texttt{geomModelReferenceLevel}"
#   meta:
#     ucd: stat.error;phot.mag;em.opt
# - 
#   name: geom_model_gaussian1_phase
#   datatype: float32
#   description: Phase of the Gaussian 1 component
#   meta:
#     ucd: time.phase
# - 
#   name: geom_model_gaussian1_phase_error
#   datatype: float32
#   description: "Uncertainty of \\texttt{geomModelGaussian1Phase}"
#   meta:
#     ucd: stat.error;time.phase
# - 
#   name: geom_model_gaussian1_sigma
#   datatype: float32
#   description: "Standard deviation [phase] of Gaussian 1 component"
#   meta:
#     ucd: stat.stdev
# - 
#   name: geom_model_gaussian1_sigma_error
#   datatype: float32
#   description: "Uncertainty of \\texttt{geomModelGaussian1Sigma}"
#   meta:
#     ucd: stat.error
# - 
#   name: geom_model_gaussian1_depth
#   datatype: float32
#   unit: mag
#   description: Magnitude depth of Gaussian 1 component
#   meta:
#     ucd: src.var.amplitude
# - 
#   name: geom_model_gaussian1_depth_error
#   datatype: float32
#   unit: mag
#   description: "Uncertainty of \\texttt{geomModelGaussian1Depth}"
#   meta:
#     ucd: stat.error;src.var.amplitude
# - 
#   name: geom_model_gaussian2_phase
#   datatype: float32
#   description: Phase of Gaussian 2 component
#   meta:
#     ucd: time.phase
# - 
#   name: geom_model_gaussian2_phase_error
#   datatype: float32
#   description: "Uncertainty of \\texttt{geomModelGaussian2Phase}"
#   meta:
#     ucd: stat.error;time.phase
# - 
#   name: geom_model_gaussian2_sigma
#   datatype: float32
[...]
#   datatype: float32
#   description: "Secondary eclipse: uncertainty of \\texttt{derivedSecondaryEclDuration}"
#   meta:
#     ucd: stat.error;time.duration
# - 
#   name: derived_secondary_ecl_depth
#   datatype: float32
#   unit: mag
#   description: "Secondary eclipse: depth"
#   meta:
#     ucd: src.var.amplitude
# - 
#   name: derived_secondary_ecl_depth_error
#   datatype: float32
#   unit: mag
#   description: "Secondary eclipse: uncertainty of \\texttt{derivedSecondaryEclDepth}"
#   meta:
#     ucd: stat.error;src.var.amplitude
solution_id,source_id,global_ranking,reference_time,frequency,frequency_error,geom_model_reference_level,geom_model_reference_level_error,geom_model_gaussian1_phase,geom_model_gaussian1_phase_error,geom_model_gaussian1_sigma,geom_model_gaussian1_sigma_error,geom_model_gaussian1_depth,geom_model_gaussian1_depth_error,geom_model_gaussian2_phase,geom_model_gaussian2_phase_error,geom_model_gaussian2_sigma,geom_model_gaussian2_sigma_error,geom_model_gaussian2_depth,geom_model_gaussian2_depth_error,geom_model_cosine_half_period_amplitude,geom_model_cosine_half_period_amplitude_error,geom_model_cosine_half_period_phase,geom_model_cosine_half_period_phase_error,model_type,num_model_parameters,reduced_chi2,derived_primary_ecl_phase,derived_primary_ecl_phase_error,derived_primary_ecl_duration,derived_primary_ecl_duration_error,derived_primary_ecl_depth,derived_primary_ecl_depth_error,derived_secondary_ecl_phase,derived_secondary_ecl_phase_error,derived_secondary_ecl_duration,derived_secondary_ecl_duration_error,derived_secondary_ecl_depth,derived_secondary_ecl_depth_error
[from data line 143]
375316653866487564,1381205274157994368,0.46313858,2176.2743794116736,2.964012377388116,2.1048307E-5,14.362801,0.0051882504,0.30255297,0.035741072,0.021339037,0.0111958925,0.25369382,1.9097238,0.7256827,0.0045833797,0.01599601,0.009362463,0.31800547,12.041689,0.07263701,0.0067732814,0.7256827,0.0045833797,"TWOGAUSSIANS_WITH_ELLIPSOIDAL_ON_ECLIPSE2",9,714.16376,0.7256827,0.0045833797,0.08957765,0.05242979,0.46327925,12.042858,0.30122295,0.034543496,0.1194986,0.06269699,0.36813328,1.911244
375316653866487564,1381210084521469824,0.48710212,2184.9802286917225,2.4160573577233544,1.9239715E-5,10.378617,0.16351382,0.21012954,0.0033897734,0.15735425,0.022589462,0.8823114,0.39954233,0.7144411,0.004342155,0.30125764,0.048855986,1.6206684,0.15627338,null,null,null,null,"TWOGAUSSIANS",8,1001.93506,0.20668955,0.0036316286,0.4,0.0,0.23963244,0.01620572,0.7159111,0.004509955,0.4,0.0,0.18457475,0.02456592
375316653866487564,1381273718756892800,0.5659116,2223.3115118871365,2.8591158805399695,8.341767E-6,15.528995,0.011077756,0.29219395,0.0024365336,0.09308735,0.0053446926,0.22633658,0.010889132,0.78337824,0.0031651226,0.095883,0.0065100933,0.21451242,0.012272837,null,null,null,null,"TWOGAUSSIANS",8,30.840887,0.29219395,0.0024365336,0.4,0.0,0.21460019,0.007326294,0.78337824,0.0031651226,0.4,0.0,0.2027757,0.010333463
375316653866487564,1381328866137066880,0.5429206,2193.864303527334,4.094106777827835,1.0666666E-5,16.592762,0.020034265,0.1875282,0.002370581,0.103024535,0.009695995,0.17440417,0.019020058,0.69442886,0.0041143084,0.104570426,0.0131467795,0.20524254,0.01600698,null,null,null,null,"TWOGAUSSIANS",8,5.8896933,0.69442886,0.00412314,0.4,0.0,0.18604702,0.00814334,0.1875282,0.00236971,0.4,0.0,0.15521051,0.0061711892
375316653866487564,1381333023665399424,0.6167592,2176.2376861975627,3.2836828353856338,8.585786E-6,16.071629,0.029008726,0.23174632,0.0016168234,0.059546165,0.0072672614,0.3225488,0.05486946,0.73523295,0.0016703961,0.05449263,0.0070639327,0.23666853,0.059963748,0.07757967,0.032214552,0.23174632,0.0016168234,"TWOGAUSSIANS_WITH_ELLIPSOIDAL_ON_ECLIPSE1",9,22.881727,0.23174632,0.0016168234,0.3334585,0.040696666,0.47765425,0.015997874,0.73523295,0.0016703961,0.30515873,0.039558023,0.39169952,0.009038348
375316653866487564,1381336734517148928,0.5911281,2195.3025108765737,3.8936694709127093,1.3675369E-5,15.691307,0.0146515295,0.26838785,0.0022444956,0.10188137,0.00769136,0.2159075,0.012820431,0.7740611,0.002926327,0.106591396,0.008363649,0.24157766,0.012061681,null,null,null,null,"TWOGAUSSIANS",8,17.014065,0.7740611,0.002926327,0.4,0.0,0.2174542,0.0063544945,0.26838785,0.002248391,0.4,0.0,0.19178969,0.0067800046
375316653866487564,1381348966583637888,0.48172483,2208.932493518966,3.5125719487589215,5.060649E-5,14.267791,0.09856364,0.28389585,0.008826588,0.09629063,0.03332598,0.26252142,0.09469848,0.7913175,0.017445859,0.088872306,0.038797453,0.26567048,0.097606994,null,null,null,null,"TWOGAUSSIANS",8,642.3752,0.7913175,0.017568326,0.4,0.0,0.25332448,0.034542043,0.28389585,0.008761562,0.4,0.0,0.2501747,0.029540561
375316653866487564,1381368753497543552,0.45104542,2197.3838549073694,0.2204742300440572,4.3191983E-5,19.078861,0.016591882,0.1246441,0.01674879,0.07928293,0.034162506,0.05932709,0.013422368,0.62484986,0.004387739,0.009157717,0.02242467,0.4636307,0.38269606,null,null,null,null,"TWOGAUSSIANS",8,3.143483,0.62484986,0.004387739,0.051283218,0.12557815,0.46363068,0.38283145,0.1246441,0.01674879,0.4,0.027000505,0.059327077,0.013354637
375316653866487564,1381379065714449792,0.5484473,2219.4089231745265,4.001525137837289,1.667497E-5,17.995956,0.011479381,0.18724461,0.0019819282,0.0953427,0.0056368047,0.22531459,0.010513872,0.69088817,0.0047523356,0.0854337,0.00684839,0.22499362,0.018671013,null,null,null,null,"TWOGAUSSIANS",8,2.316826,0.18724461,0.0019819282,0.4,0.0,0.21603873,0.007748591,0.69088817,0.0047523356,0.4,0.0,0.21571824,0.017922966
375316653866487564,1381399097442124800,0.469348,2249.455733947677,1.3526411931561988,5.5944392E-6,15.748831,0.0034750497,0.38356373,0.072844304,0.025413387,0.02713308,0.09662035,0.079206906,0.8803686,6.675375E-4,0.012866215,6.382064E-4,0.14637445,0.0046335855,null,null,null,null,"TWOGAUSSIANS",8,63.00213,0.8803686,6.675375E-4,0.0720508,0.0035739557,0.14637445,0.0046335855,0.38356373,0.072844304,0.14231497,0.15194525,0.09662035,0.079206906
375316653866487564,1381403422473797632,0.61671907,2196.1205145310255,3.6281311054457914,6.863233E-6,17.64626,0.014124651,0.27107194,0.003779276,0.0530914,0.006614691,0.25063777,0.034760702,0.766708,0.0039292756,0.06000091,0.005073178,0.36548465,0.02847648,0.10375339,0.016861895,0.27107194,0.003779276,"TWOGAUSSIANS_WITH_ELLIPSOIDAL_ON_ECLIPSE1",9,6.2109566,0.767318,0.0030742045,0.3360051,0.028409796,0.5728074,0.023152662,0.27107194,0.003779276,0.29731184,0.03704227,0.4580948,0.03807921
375316653866487564,1381416071152734080,0.4509184,2225.1027824005564,0.660038242684854,3.8635066E-5,14.462324,0.0015907217,0.11258923,0.0026532817,0.0060758796,0.001588066,0.022351412,0.00639377,0.5591885,0.004803189,0.028154943,0.0024870497,0.2667692,0.01737296,null,null,null,null,"TWOGAUSSIANS",8,266.9706,0.5591885,0.004803189,0.15766768,0.013927477,0.2667692,0.01737296,0.11258923,0.0026532817,0.034024924,0.008893169,0.022351412,0.00639377
375316653866487564,1381426997549545600,0.51210105,2175.6221174039288,3.2032800025753856,2.5188257E-5,14.228984,0.14343256,0.23949753,0.012860371,0.12808186,0.06609466,0.13409683,0.1341107,0.71700424,0.0071281134,0.1248188,0.0405144,0.1590227,0.13229139,null,null,null,null,"TWOGAUSSIANS",8,140.8361,0.71700424,0.0071281134,0.4,0.0,0.124712855,0.0077516907,0.23979753,0.011570748,0.4,0.0,0.09975655,0.011920325
375316653866487564,1381579142471217536,0.54775053,2200.1946485700023,3.2389944391213863,8.957968E-6,13.37296,0.004763072,0.23986705,0.0011964422,0.024610162,0.0012311081,0.48523906,0.013364244,0.7364006,0.0011463247,0.021348342,0.0013546972,0.60096717,0.009758751,0.009893697,0.007801873,0.23986705,0.0011964422,"TWOGAUSSIANS_WITH_ELLIPSOIDAL_ON_ECLIPSE1",9,379.30615,0.7364006,0.0011466184,0.11955072,0.007586304,0.6207451,0.01075846,0.23986705,0.0011964422,0.1378169,0.006894205,0.50502646,0.014219297
375316653866487564,1381669646022349440,0.55574006,2166.163980712207,3.359927216748782,1.1090026E-5,14.957488,0.0066316626,0.29002118,0.0027046073,0.09040801,0.004246412,0.26037022,0.009912018,0.77728164,0.0038634946,0.08183232,0.0041126725,0.23097996,0.011118717,null,null,null,null,"TWOGAUSSIANS",8,88.08578,0.29002118,0.0027046073,0.4,0.0,0.2545211,0.0095391,0.77728164,0.0038634946,0.4,0.0,0.22513099,0.01056831
375316653866487564,1381685760739650432,0.46612754,2177.180177324788,3.096848430795532,3.0519186E-5,11.386891,0.011700923,0.21642505,0.008247633,0.077496156,0.011316235,0.11702886,0.014634377,0.71953684,0.006040989,0.07119708,0.01375175,0.16149661,0.014160051,null,null,null,null,"TWOGAUSSIANS",8,675.61163,0.71953684,0.006040989,0.39870363,0.028504921,0.16060723,0.013725745,0.21642505,0.008247633,0.4,0.0,0.116139494,0.013681822
375316653866487564,1381711663686478976,0.5546562,2172.536910108394,4.756600790365476,1.4805546E-5,18.387154,0.009503697,0.23502927,0.005507865,0.05193517,0.021037864,0.18379946,0.5200719,0.7280104,0.0046275044,0.041153055,0.0058881296,0.21792936,0.026200112,0.082783,0.013865564,0.23502927,0.005507865,"TWOGAUSSIANS_WITH_ELLIPSOIDAL_ON_ECLIPSE1",9,4.3547344,0.7286604,0.0040192762,0.23045711,0.032973528,0.38320148,0.019298578,0.23502927,0.005507865,0.29083696,0.11781204,0.34936374,0.5355544
375316653866487564,1381828800330000256,0.52412975,2187.1008937766865,2.478889795116379,8.639787E-6,15.965056,0.0011022835,0.36241388,0.0068956213,0.006255885,0.0056232186,0.021215776,0.0029488024,0.5464234,7.279783E-4,0.030718584,0.0010308158,0.12101432,0.0026396052,null,null,null,null,"TWOGAUSSIANS",8,3.9161866,0.5464234,7.279783E-4,0.17202407,0.005772568,0.12101432,0.0026396052,0.36241388,0.0068956213,0.035032958,0.031490024,0.021215778,0.0029488022
375316653866487564,1381853951658570880,0.53367096,2191.4987153720613,3.7407002751184524,7.4191917E-6,15.924662,0.047354266,0.28677386,0.0026880526,0.060743626,0.008125267,0.43742687,0.108781636,0.77527845,0.0060670828,0.071406096,0.012042199,0.2134418,0.11139306,0.050560243,0.065398335,0.77527845,0.0060670828,"TWOGAUSSIANS_WITH_ELLIPSOIDAL_ON_ECLIPSE2",9,168.59174,0.28605387,0.0021234076,0.3401643,0.045501497,0.53756803,0.028653191,0.77527845,0.0060670828,0.39987415,0.04764222,0.3140765,0.028949106
375316653866487564,1381862850830777600,0.61994565,2176.2783366386525,2.7065978354164812,1.4515039E-5,14.165876,0.0137452725,0.26414967,0.004022413,0.050262894,0.011155641,0.1951999,0.04150127,0.7585826,0.0056661516,0.05264164,0.0061637536,0.22592261,0.029018579,0.06550135,0.015636737,0.26414967,0.004022413,"TWOGAUSSIANS_WITH_ELLIPSOIDAL_ON_ECLIPSE1",9,102.491486,0.7592126,0.0049296194,0.2947932,0.03451702,0.35678047,0.0051671783,0.26414967,0.004022413,0.2814722,0.06247159,0.32619995,0.04389567
375316653866487564,1381882878261990272,0.4945966,2165.609153316693,4.299554146591014,2.3223805E-5,18.492975,0.0088923825,0.21577391,0.011616516,0.084549524,0.015239981,0.14550754,0.0118527915,0.70780283,0.012278253,0.0966071,0.020306464,0.1421242,0.010928452,null,null,null,null,"TWOGAUSSIANS",8,2.264697,0.21577391,0.011616516,0.4,0.0,0.13988511,0.010420417,0.70780283,0.012278253,0.4,0.0,0.13650131,0.010476337
375316653866487564,1381918681109479168,0.5455816,2183.5057521909725,2.3945712280759017,6.754003E-6,17.76288,0.027368918,0.3024554,0.005559707,0.118703745,0.013408842,0.25258893,0.026201637,0.769866,0.0024263267,0.104090974,0.01039506,0.2947827,0.021158565,null,null,null,null,"TWOGAUSSIANS",8,4.3344254,0.769866,0.0024263267,0.4,0.0,0.26385283,0.00926029,0.3024854,0.005570322,0.4,0.0,0.22155273,0.011214339
375316653866487564,1381933975489351680,0.6371236,2160.51012378364,0.42495989973286935,2.706336E-5,17.937302,0.002226131,0.23333544,0.005250932,0.017347923,0.00601677,0.0707607,0.011406469,0.74795306,0.007451974,0.018813657,0.004082492,1.2729982,0.33250785,0.03270394,0.005023323,0.23333544,0.005250932,"TWOGAUSSIANS_WITH_ELLIPSOIDAL_ON_ECLIPSE1",9,3.0435529,0.74795306,0.007451974,0.10535648,0.022861956,1.3378558,0.332218,0.23333544,0.005250932,0.097148366,0.03369391,0.13616852,0.012037386
375316653866487564,1381976684644267392,0.49572605,2198.8894389770544,0.0969852055081329,5.57486E-5,18.041681,0.0023012129,0.49030522,2.7080218E-4,0.012471268,0.002022217,2.1235552,7.3241153,null,null,null,null,null,null,null,null,null,null,"ONEGAUSSIAN",5,3.0586095,0.49030522,2.7080218E-4,0.0698391,0.011324415,2.1235552,0.0,null,null,null,null,null,null
375316653866487564,1382143157576808832,0.4862604,2206.768497714269,3.657544172029554,2.163941E-5,14.833088,0.042894144,0.26962805,0.008765994,0.21712348,0.09499462,0.9655082,0.29165623,0.774608,0.0065801493,0.21397193,0.081799775,0.9009183,0.40653926,null,null,null,null,"TWOGAUSSIANS",8,36.403286,0.26329806,0.0071188025,0.4,0.0,0.13989535,0.0056625525,0.78318805,0.0050110994,0.4,0.0,0.09411818,0.012325613
375316653866487564,1382152018092890624,0.56478995,2172.77376187498,4.107362502360174,1.09241355E-5,19.16299,0.0105339,0.19030206,0.004084543,0.071297996,0.005374256,0.5999071,0.050527357,0.69297063,0.0033591625,0.06631456,0.0028476568,0.6784738,0.022564577,null,null,null,null,"TWOGAUSSIANS",8,3.5535872,0.69297063,0.0033591625,0.37136155,0.015946878,0.6768627,0.022383407,0.19030206,0.004084543,0.39926878,0.01039449,0.598296,0.051021412
375316653866487564,1382164250159972608,0.44584137,2212.651960465616,2.805838528976327,1.3757013E-5,18.773,0.012862024,0.36020064,0.004685155,0.039431944,0.0046134964,0.3362899,0.04325136,0.86060166,0.0055161053,0.043726258,0.0039196475,0.30912435,0.03177751,null,null,null,null,"TWOGAUSSIANS",8,20.768341,0.36020064,0.004685155,0.22081889,0.02583558,0.3362899,0.04325137,0.86060166,0.0055161053,0.24486704,0.021950025,0.30912432,0.03177751
375316653866487564,1382171882318084224,0.50621706,2202.1126502715533,0.9415266098132788,1.1455713E-5,15.953403,0.0014649737,0.7616362,0.004399631,0.022354012,0.002886831,0.040585827,0.0037933867,null,null,null,null,null,null,0.02837786,0.0020795758,0.7616362,0.004399631,"ONEGAUSSIAN_WITH_ELLIPSOIDAL",6,7.0678973,0.7616362,0.004399631,0.12518248,0.016166253,0.097341515,0.002196627,null,null,null,null,null,null
375316653866487564,1382205619284882560,0.5851337,2197.447710372589,2.4149535544422385,1.3504543E-5,11.939589,0.00664446,0.28244546,0.016139036,0.037922896,0.007055187,0.13231274,0.042523425,0.7749136,0.0034914638,0.049128048,0.008579875,0.1041412,0.0146281645,0.09004072,0.008543385,0.7749136,0.0034914638,"TWOGAUSSIANS_WITH_ELLIPSOIDAL_ON_ECLIPSE2",9,324.23346,0.28143546,0.013197136,0.2123682,0.039509047,0.3120447,0.046317738,0.7749136,0.0034914638,0.27511707,0.0480473,0.2842223,0.005804134
375316653866487564,1382220054670872448,0.5897215,2220.722379476998,3.4008555364793325,1.3770661E-5,15.644773,0.029854124,0.25981948,0.0049441927,0.05650062,0.009419145,0.3439865,0.06920607,0.7579806,0.0038680932,0.053649593,0.007455475,0.47986537,0.06480945,0.09918987,0.037802517,0.25981948,0.0049441927,"TWOGAUSSIANS_WITH_ELLIPSOIDAL_ON_ECLIPSE1",9,164.99132,0.75814056,0.0035094256,0.30043772,0.041750662,0.6781933,0.032543994,0.25981948,0.0049441927,0.31640348,0.052747212,0.54233867,0.052869394
375316653866487564,1382220741865632640,0.4444616,2207.5164940656896,3.422890270847631,6.755396E-5,14.058252,0.069464795,0.3148996,0.012895321,0.1095031,0.044951554,0.1717623,0.061470896,0.7873115,0.014096035,0.10980406,0.02643534,0.18833734,0.07102609,null,null,null,null,"TWOGAUSSIANS",8,1183.5438,0.7873115,0.014096035,0.4,0.0,0.16843955,0.023686921,0.3149396,0.012676076,0.4,0.0,0.1518672,0.026385823
375316653866487564,1382358245242744832,0.5425367,2177.2874820063676,4.22701121288259,3.6233694E-5,19.194572,0.0025167363,0.15841535,0.0014252731,0.022916798,8.324224E-4,0.79852617,0.048506994,0.80756146,0.046738517,0.03936542,0.029720029,0.05463879,0.018276751,null,null,null,null,"TWOGAUSSIANS",8,1.1301317,0.15841535,0.0014252731,0.12833408,0.0046615656,0.79852617,0.04850699,0.80756146,0.046738517,0.22044635,0.16643216,0.05463879,0.018276751
375316653866487564,1382396693789875200,0.5916515,2164.6319727908594,1.905816248585799,1.4284631E-5,18.26706,0.0045120833,0.2307042,0.0047956826,0.026001368,0.0043156263,0.9378689,0.2737848,0.7347388,0.023775019,0.03690355,0.009123517,0.54650503,0.26230055,null,null,null,null,"TWOGAUSSIANS",8,5.8133397,0.2307042,0.0047956826,0.14560767,0.024167508,0.9378689,0.2737848,0.7347388,0.023775019,0.20665987,0.051091693,0.54650503,0.26230055
375316653866487564,1382411507133333248,0.5701945,2210.8016458294915,2.4593755664986903,1.2491894E-5,17.332693,0.0037468572,0.23036768,0.001280208,0.028207377,0.0019789108,0.5052356,0.020255815,0.72969705,0.00463923,0.033426177,0.0035875328,0.3225949,0.052478775,0.02234753,0.0069233,0.23036768,0.001280208,"TWOGAUSSIANS_WITH_ELLIPSOIDAL_ON_ECLIPSE1",9,19.805067,0.23036768,0.001280208,0.15796131,0.0110819,0.5499307,0.02417277,0.72970706,0.004595136,0.18718658,0.020090183,0.36728916,0.052593026
375316653866487564,1382414870091646080,0.47902477,2139.929849362758,0.5849782024648331,3.6605914E-5,17.476307,0.014651804,0.19023241,0.013076203,0.07736758,0.029968802,0.13046215,0.020931752,0.6714698,0.0055860877,0.08821561,0.015051,0.1347772,0.012466724,null,null,null,null,"TWOGAUSSIANS",8,7.945471,0.6714698,0.0055860877,0.4,0.0,0.13281955,0.010240595,0.19023241,0.013076203,0.4,0.08138143,0.12850454,0.023605723
