Gaia/vari_eclipsing_binary/VariEclipsingBinary_685394-685405.csv
# %ECSV 1.0
# ---
# delimiter: ','
# meta: !!omap
# - RELEASE: Gaia DR3
# - TABLE: vari_eclipsing_binary
# - DESCRIPTION: >
#     This table describes the properties of the eclipsing binaries resulting from the variability analysis. 
# - CITATION: >
#     How to cite and acknowledge Gaia: 
#     https://gea.esac.esa.int/archive/documentation/credits.html 
# - KNOWN_ISSUES: >
#     Known issues: 
#     https://www.cosmos.esa.int/web/gaia-users/known-issues 
# - DOCUMENTATION: >
#     Tutorials and documentation: 
#     https://www.cosmos.esa.int/web/gaia-users/archive 
# datatype:
# - 
#   name: solution_id
#   datatype: int64
#   description: Solution Identifier
#   meta:
#     ucd: meta.version
# - 
#   name: source_id
#   datatype: int64
#   description: Unique source identifier
#   meta:
#     ucd: meta.id;meta.main
# - 
#   name: global_ranking
#   datatype: float32
#   description: Number between 0 (worst) and 1 (best)
#   meta:
#     ucd: stat.param
# - 
#   name: reference_time
#   datatype: float64
#   unit: d
#   description: Reference time used for the geometric model fit
#   meta:
#     ucd: time.epoch
# - 
#   name: frequency
#   datatype: float64
#   unit: d**-1
#   description: Frequency of geometric model of the eclipsing binary light curve
#   meta:
#     ucd: src.orbital
# - 
#   name: frequency_error
#   datatype: float32
#   unit: d**-1
#   description: "Uncertainty of \\texttt{frequency}"
#   meta:
#     ucd: stat.error
# - 
#   name: geom_model_reference_level
#   datatype: float32
#   unit: mag
#   description: Magnitude reference level of geometric model
#   meta:
#     ucd: phot.mag;em.opt
# - 
#   name: geom_model_reference_level_error
#   datatype: float32
#   unit: mag
#   description: "Uncertainty of \\texttt{geomModelReferenceLevel}"
#   meta:
#     ucd: stat.error;phot.mag;em.opt
# - 
#   name: geom_model_gaussian1_phase
#   datatype: float32
#   description: Phase of the Gaussian 1 component
#   meta:
#     ucd: time.phase
# - 
#   name: geom_model_gaussian1_phase_error
#   datatype: float32
#   description: "Uncertainty of \\texttt{geomModelGaussian1Phase}"
#   meta:
#     ucd: stat.error;time.phase
# - 
#   name: geom_model_gaussian1_sigma
#   datatype: float32
#   description: "Standard deviation [phase] of Gaussian 1 component"
#   meta:
#     ucd: stat.stdev
# - 
#   name: geom_model_gaussian1_sigma_error
#   datatype: float32
#   description: "Uncertainty of \\texttt{geomModelGaussian1Sigma}"
#   meta:
#     ucd: stat.error
# - 
#   name: geom_model_gaussian1_depth
#   datatype: float32
#   unit: mag
#   description: Magnitude depth of Gaussian 1 component
#   meta:
#     ucd: src.var.amplitude
# - 
#   name: geom_model_gaussian1_depth_error
#   datatype: float32
#   unit: mag
#   description: "Uncertainty of \\texttt{geomModelGaussian1Depth}"
#   meta:
#     ucd: stat.error;src.var.amplitude
# - 
#   name: geom_model_gaussian2_phase
#   datatype: float32
#   description: Phase of Gaussian 2 component
#   meta:
#     ucd: time.phase
# - 
#   name: geom_model_gaussian2_phase_error
#   datatype: float32
#   description: "Uncertainty of \\texttt{geomModelGaussian2Phase}"
#   meta:
#     ucd: stat.error;time.phase
# - 
#   name: geom_model_gaussian2_sigma
#   datatype: float32
[...]
#   datatype: float32
#   description: "Secondary eclipse: uncertainty of \\texttt{derivedSecondaryEclDuration}"
#   meta:
#     ucd: stat.error;time.duration
# - 
#   name: derived_secondary_ecl_depth
#   datatype: float32
#   unit: mag
#   description: "Secondary eclipse: depth"
#   meta:
#     ucd: src.var.amplitude
# - 
#   name: derived_secondary_ecl_depth_error
#   datatype: float32
#   unit: mag
#   description: "Secondary eclipse: uncertainty of \\texttt{derivedSecondaryEclDepth}"
#   meta:
#     ucd: stat.error;src.var.amplitude
solution_id,source_id,global_ranking,reference_time,frequency,frequency_error,geom_model_reference_level,geom_model_reference_level_error,geom_model_gaussian1_phase,geom_model_gaussian1_phase_error,geom_model_gaussian1_sigma,geom_model_gaussian1_sigma_error,geom_model_gaussian1_depth,geom_model_gaussian1_depth_error,geom_model_gaussian2_phase,geom_model_gaussian2_phase_error,geom_model_gaussian2_sigma,geom_model_gaussian2_sigma_error,geom_model_gaussian2_depth,geom_model_gaussian2_depth_error,geom_model_cosine_half_period_amplitude,geom_model_cosine_half_period_amplitude_error,geom_model_cosine_half_period_phase,geom_model_cosine_half_period_phase_error,model_type,num_model_parameters,reduced_chi2,derived_primary_ecl_phase,derived_primary_ecl_phase_error,derived_primary_ecl_duration,derived_primary_ecl_duration_error,derived_primary_ecl_depth,derived_primary_ecl_depth_error,derived_secondary_ecl_phase,derived_secondary_ecl_phase_error,derived_secondary_ecl_duration,derived_secondary_ecl_duration_error,derived_secondary_ecl_depth,derived_secondary_ecl_depth_error
[from data line 112]
375316653866487564,6028810963105308928,0.4323882,2330.880413322173,3.7584967235673585,2.352028E-4,19.11,0.8421839,0.07075664,0.061910767,0.06405567,0.0554479,0.19230103,0.093725786,0.5507291,0.028579988,0.22791283,0.10282753,0.704023,0.8347478,null,null,null,null,"TWOGAUSSIANS",8,25.77498,0.5507291,0.028579988,0.4,0.0,0.4980296,0.06960915,0.075736634,0.4778044,0.35871175,0.17456497,0.115462214,0.4176188
375316653866487564,6028810997465070976,0.50076044,2330.8158474725424,1.7556828912920552,2.3565512E-5,19.150854,0.02917979,0.23876965,0.007861635,0.10539474,0.0185224,0.15174592,0.028311875,0.72784746,0.0062905056,0.1036875,0.013460005,0.2579154,0.02655558,null,null,null,null,"TWOGAUSSIANS",8,2.0063984,0.72784746,0.0062905056,0.4,0.0,0.23812969,0.010586839,0.23877965,0.007864747,0.4,0.0,0.131961,0.014222148
375316653866487564,6028811031824828416,0.48179448,2347.3080127867584,2.3317529777580286,2.0840303E-5,19.354458,0.033301093,0.14739884,0.008701558,0.090547,0.013241545,0.23935547,0.03709894,0.6407683,0.006419469,0.091594964,0.021189164,0.24138281,0.02401917,null,null,null,null,"TWOGAUSSIANS",8,1.404452,0.6407683,0.006419469,0.4,0.0,0.2313389,0.019969532,0.14739884,0.008701558,0.4,0.0,0.22931162,0.026569324
375316653866487564,6028811203623838976,0.47755256,2338.0764846349416,2.455010058139932,4.5773188E-5,19.149843,0.03801546,0.2796023,0.009248145,0.10889085,0.03224695,0.20907104,0.023061583,0.7863198,0.012116743,0.09124021,0.013844122,0.22160767,0.039420467,null,null,null,null,"TWOGAUSSIANS",8,2.987766,0.7863198,0.012123531,0.4,0.0,0.20429829,0.019213714,0.2796023,0.009248145,0.4,0.0,0.19175035,0.025925836
375316653866487564,6028811375418879488,0.4579892,2308.3998212794613,2.2938439679773412,5.740417E-5,19.073824,0.5983264,0.28636563,0.07474973,0.12789375,0.14561161,0.32917005,0.60863847,0.81766266,0.014663845,0.09328085,0.058679745,0.27076882,0.36285818,null,null,null,null,"TWOGAUSSIANS",8,5.367623,0.28636563,0.074627556,0.4,0.09041494,0.29573894,0.061498042,0.81797266,0.014282003,0.4,0.039790124,0.23779619,0.026482845
375316653866487564,6028811409858130944,0.47770613,2281.941849624122,2.9116154690746074,9.6965414E-5,18.573204,0.016096195,0.2532249,0.0055691767,0.0882032,0.008262831,0.34972003,0.026895715,0.7426162,0.0066265333,0.075367704,0.008907657,0.41278145,0.043342087,null,null,null,null,"TWOGAUSSIANS",8,12.404795,0.7426162,0.0066265333,0.4,0.002963623,0.4070274,0.04453154,0.2532249,0.0055691767,0.4,0.0,0.3439659,0.027034357
375316653866487564,6028811925174738304,0.44973704,2310.269559194584,1.1282249573005223,2.5887959E-5,18.871534,0.005010465,0.19186208,0.020486288,0.038317654,0.041170366,0.26843345,4.94265532E11,0.6928185,0.002349249,0.030127918,0.009608119,0.2199743,0.10239834,null,null,null,null,"TWOGAUSSIANS",8,2.1731076,0.19186208,0.020486288,0.21457887,0.23055404,0.26843345,4.94265532E11,0.6928185,0.002349249,0.16871634,0.053805467,0.2199743,0.10239834
375316653866487564,6028811993894304256,0.50370264,2305.1727229465364,1.852552814921093,2.1023445E-5,19.000793,0.0094419895,0.2429553,0.006678431,0.03498642,0.01006223,0.17387325,0.041232634,0.72946817,0.0134321675,0.05071621,0.014149762,0.09518653,0.02674202,0.12269445,0.0145471785,0.2429553,0.006678431,"TWOGAUSSIANS_WITH_ELLIPSOIDAL_ON_ECLIPSE1",9,6.2195516,0.2429553,0.006678431,0.19592397,0.056348484,0.419262,0.035594214,0.73410815,0.008534866,0.2840108,0.07923867,0.33942026,0.020118898
375316653866487564,6028812131412692096,0.4758094,2327.7563850487945,1.9823723657099896,8.403178E-5,19.308546,0.016959224,0.23982757,0.008951553,0.08113535,0.016694421,0.22770506,0.026826281,0.7497402,0.009359933,0.06857727,0.010709667,0.4052571,0.032780774,null,null,null,null,"TWOGAUSSIANS",8,4.674858,0.7497402,0.009359933,0.3840327,0.03985972,0.4034798,0.032106094,0.23982757,0.008951553,0.4,0.0,0.22592776,0.027709622
375316653866487564,6028812200052759552,0.48286107,2314.7570109607364,1.340331683814075,4.089122E-5,19.424631,0.0155324675,0.31095907,0.018018795,0.06809733,0.020105623,0.12765817,0.021552116,0.7950113,0.009573525,0.05564009,0.0074930782,0.31685123,0.037536267,null,null,null,null,"TWOGAUSSIANS",8,2.6560025,0.7950113,0.009573525,0.3115845,0.041961238,0.31678766,0.03749932,0.31095907,0.018018795,0.38134506,0.08903493,0.12759462,0.021424087
375316653866487564,6028812470632482048,0.5518754,2285.111784937529,1.5734481018157565,1.1438631E-5,18.349775,0.0051817326,0.25830638,0.0030763836,0.08576192,0.0042099045,0.22383147,0.006254589,0.74851245,0.0037025549,0.08613359,0.0036936982,0.26396537,0.009318952,null,null,null,null,"TWOGAUSSIANS",8,1.7287468,0.74851245,0.0037025549,0.4,0.0,0.25798425,0.009244213,0.25830638,0.0030763836,0.4,0.0,0.21785036,0.005649146
375316653866487564,6028812474930844288,0.46596894,2302.4100901148677,1.7602247296787046,3.1154963E-5,19.045393,0.37270495,0.23187438,0.012612269,0.14329779,0.06434699,0.32006153,0.36011913,0.7191195,0.0121830525,0.14368604,0.056950424,0.3981872,0.3506996,null,null,null,null,"TWOGAUSSIANS",8,4.8142,0.7191195,0.0121830525,0.4,0.0,0.25535813,0.032748252,0.23276438,0.01179991,0.4,0.0,0.17767106,0.030898103
375316653866487564,6028812749937044992,0.45179594,2329.9194467938682,0.09253670198979706,5.9173708E-5,19.702854,0.042322464,0.32235765,0.0631129,0.0387432,0.02016329,0.85483,1.409531,0.6905509,0.0096457945,0.16413979,0.02055672,0.4495057,0.050359245,null,null,null,null,"TWOGAUSSIANS",8,3.9809475,0.32322764,0.06466841,0.21696192,0.11291443,0.882026,1.3893328,0.6905509,0.0096457945,0.4,0.0,0.4399008,0.0483536
375316653866487564,6028813368288822656,0.44426116,2323.883128421348,0.48730556381057494,5.1431838E-5,19.66459,0.13680486,0.20231177,0.01577186,0.103832446,0.03695169,0.43491158,0.1304259,0.710287,0.013174718,0.0940964,0.0377089,0.48740965,0.10862075,null,null,null,null,"TWOGAUSSIANS",8,10.731081,0.710287,0.013193814,0.4,0.0,0.4533972,0.043127414,0.20231177,0.015782265,0.4,0.0,0.4008914,0.050592355
375316653866487564,6028813437003755520,0.43107548,2323.9822484148394,0.42293217317998627,2.7483152E-4,19.86048,0.04156398,0.54414856,0.061477587,0.084032804,0.03558574,0.4446514,0.3058676,0.28398988,0.10302564,0.06529061,0.10258689,0.34372064,0.19857185,null,null,null,null,"TWOGAUSSIANS",8,6.845831,0.5440286,0.033157248,0.4,0.016370004,0.44477078,0.21637914,0.28577986,0.2607141,0.36562738,0.0867146,0.34752575,0.07720014
375316653866487564,6028813437082915456,0.4771889,2331.385106657068,1.72446980686993,2.1671776E-5,19.05243,0.007662003,0.29933974,0.012077172,0.06088743,0.00888613,0.22441737,0.035153076,0.7821532,0.0069433423,0.0773797,0.0059917336,0.3017527,0.029923134,null,null,null,null,"TWOGAUSSIANS",8,4.627786,0.7821532,0.0069433423,0.4,0.0,0.30127096,0.02987038,0.29933974,0.012077172,0.34096962,0.049762323,0.22393566,0.035211574
375316653866487564,6028813780680672128,0.4704343,2353.406342194469,1.8048139843210151,7.165422E-5,19.719662,0.021396613,0.2376165,0.011032469,0.05897449,0.015789589,0.13369285,0.031151839,0.73603475,0.012094382,0.07447043,0.019069891,0.32845205,0.026969941,null,null,null,null,"TWOGAUSSIANS",8,4.027109,0.73603475,0.012094382,0.4,0.023518711,0.32807845,0.02667222,0.2376165,0.011032469,0.33025715,0.0884217,0.13331923,0.030646926
375316653866487564,6028813879389737344,0.52754027,2309.5124252454925,0.3944821991528985,1.47982455E-5,18.224524,0.0057629137,0.32602155,0.0022068073,0.037438992,0.0035400165,0.22382315,0.01987707,null,null,null,null,null,null,0.024336187,0.008747544,0.32602155,0.0022068073,"ONEGAUSSIAN_WITH_ELLIPSOIDAL",6,3.3073695,0.32602155,0.0022068073,0.20965835,0.019824091,0.2724955,0.01896714,null,null,null,null,null,null
375316653866487564,6028813913749471488,0.4851303,2316.309110985331,0.5024269157553619,7.5919605E-5,18.490587,0.011780801,0.30175534,0.007397011,0.042663056,0.014445304,0.17067695,0.03195805,0.78640133,0.01691313,0.077449895,0.022239055,0.065914236,0.015098124,null,null,null,null,"TWOGAUSSIANS",8,3.6738107,0.30175534,0.007397011,0.2389131,0.0808937,0.1706594,0.03202882,0.78640133,0.01691313,0.4,0.04290552,0.06589668,0.015033945
375316653866487564,6028814158561721344,0.42567098,2342.0395576693804,0.06452726816101868,6.339849E-5,19.427046,0.02746135,0.3869519,0.073710285,0.15009902,0.06993828,0.23085348,0.042036697,0.749229,0.0074329786,0.062265765,0.008693188,0.31410578,0.042056557,null,null,null,null,"TWOGAUSSIANS",8,7.170014,0.749229,0.0074329786,0.34868827,0.048681855,0.32149082,0.042587023,0.3869519,0.073764704,0.4,0.0,0.22566877,0.038304143
375316653866487564,6028814261640972032,0.47618586,2362.9949320581914,1.3738835069064856,3.0089948E-5,19.873688,0.02310351,0.26149818,0.02058791,0.08949822,0.01617745,0.16331725,0.036816053,0.7073164,0.005384992,0.08121678,0.0092284875,0.29996917,0.023766223,null,null,null,null,"TWOGAUSSIANS",8,3.1472943,0.7073164,0.005384992,0.4,0.0,0.29774112,0.022016406,0.26149818,0.02058791,0.4,0.0,0.16108863,0.03543346
375316653866487564,6028814330360632576,0.457728,2353.575180891849,0.05987432398043386,6.977423E-5,19.751095,0.17333506,0.46941358,0.038186394,0.13750705,0.06954414,0.5726658,0.14517903,0.8715492,0.11456998,0.11515694,0.08009433,0.28137478,0.18348466,null,null,null,null,"TWOGAUSSIANS",8,4.9551687,0.47005355,0.03748539,0.4,0.0,0.52348155,0.098122954,0.8715492,0.11456998,0.4,0.19243893,0.23955294,0.13423178
375316653866487564,6028814364720243456,0.46126446,2346.9420981926346,1.3725654787307136,8.087793E-5,19.035416,0.009490037,0.19351941,0.012796511,0.01831049,0.014285934,0.7357915,3.8905551,0.38179365,0.007400553,0.061255388,0.015485574,0.17744656,0.025360808,null,null,null,null,"TWOGAUSSIANS",8,6.1668324,0.19355942,0.012804959,0.10253874,0.08000123,0.73736936,3.8905249,0.38179365,0.007400553,0.34303015,0.08671921,0.17744656,0.025360808
375316653866487564,6028814433439942784,0.4605895,2343.0235095155017,4.508874236090649,8.9141635E-5,19.229086,0.018158447,0.5458617,0.014890625,0.11971996,0.019693336,0.38937843,0.061746243,0.90149754,0.00888434,0.030617172,0.0068306485,0.13206677,0.038665075,null,null,null,null,"TWOGAUSSIANS",8,11.679809,0.5458617,0.014890625,0.4,0.0,0.38924968,0.06205915,0.90149754,0.00888434,0.17145617,0.03825163,0.13666114,0.036454417
375316653866487564,6028814467799813760,0.44120073,2331.9729892324262,0.05283573821588707,1.3833979E-5,19.161943,0.010296857,0.31377098,0.037331842,0.043343272,0.016939491,0.03226686,0.00920587,0.78155494,0.0023109927,0.005328242,0.0014816074,0.34720802,0.6996688,0.046343006,0.009837178,0.31377098,0.037331842,"TWOGAUSSIANS_WITH_ELLIPSOIDAL_ON_ECLIPSE1",9,10.039637,0.7815749,0.0023000324,0.029838156,0.008297002,0.43614992,0.6991567,0.31377098,0.037331842,0.24272232,0.09486114,0.12495272,0.015478418
375316653866487564,6028814605238954624,0.4436178,2347.1452505393568,0.05322922555734439,3.117278E-5,19.20368,0.021238213,0.27676016,0.004333265,0.05855568,0.008119344,0.4449904,0.044879396,0.7407532,0.027857384,0.06994118,0.024747998,0.11677211,0.035008922,null,null,null,null,"TWOGAUSSIANS",8,10.432747,0.27676016,0.004333265,0.32791182,0.045468323,0.44492033,0.04492371,0.7407532,0.027857384,0.3916706,0.11771904,0.116702035,0.03494119
375316653866487564,6028814738375428864,0.44679934,2352.6755378313014,0.7113133539541256,2.7089522E-4,19.532206,0.032535702,0.16119193,0.039932758,0.094590984,0.080183424,0.04412763,0.02929409,0.5996267,0.017544026,0.07358017,0.01993591,0.21906483,0.034962706,null,null,null,null,"TWOGAUSSIANS",8,4.638311,0.5996267,0.017544026,0.4,0.081854776,0.21842329,0.03312064,0.16119193,0.039932758,0.4,0.19447942,0.04348514,0.027018387
375316653866487564,6028814742678094208,0.525324,2351.496099001764,1.233984748918425,2.0525607E-5,17.982117,0.008285122,0.22313862,0.009418754,0.070998654,0.009222671,0.28900337,0.0119695,0.7129712,0.0028436729,0.08150244,0.007651166,0.28125244,0.02744451,null,null,null,null,"TWOGAUSSIANS",8,7.665302,0.22313862,0.009418754,0.39759246,0.023278452,0.286893,0.011713814,0.7129712,0.0028436729,0.4,0.0,0.27914208,0.028506177
375316653866487564,6028814742678181760,0.5332713,2373.4536594268548,0.04009409648497101,1.2887269E-5,19.770046,0.011056699,0.328963,0.0024197637,0.06928464,0.0025263352,0.505383,0.022972748,0.93874973,0.0046472335,0.019689344,0.007990406,3.0620995,27.804876,null,null,null,null,"TWOGAUSSIANS",8,1.6357175,0.93874973,0.0046472335,0.11026032,0.044746276,3.0620997,27.804876,0.328963,0.0024197637,0.38799396,0.014147477,0.505383,0.022972748
375316653866487564,6028814777037843072,0.4494112,2337.079444347759,3.0540902353839186,1.506648E-4,19.827204,0.027307112,0.23272282,0.012218156,0.08336703,0.019568076,0.20186518,0.036851052,0.7338433,0.0068844906,0.083383955,0.01754254,0.21963352,0.021775696,null,null,null,null,"TWOGAUSSIANS",8,2.173269,0.7338433,0.0068844906,0.4,0.0,0.21502769,0.019770542,0.23272282,0.012218156,0.4,0.0,0.19725937,0.03554127
375316653866487564,6028814841462537472,0.4817245,2329.489904489988,1.9295210112636245,2.9539837E-5,18.81522,0.68423474,0.24934001,0.0070679993,0.17055981,0.1263,0.4828452,0.6665239,0.7552871,0.009700629,0.1364327,0.0659927,0.51808316,0.53746265,null,null,null,null,"TWOGAUSSIANS",8,5.5529547,0.75612706,0.008117844,0.4,0.0,0.27814534,0.019904578,0.24902003,0.0068910415,0.4,0.0,0.2309662,0.031433135
375316653866487564,6028814983196580352,0.53564435,2352.1009274126286,1.1583684608283555,2.1195878E-5,18.554777,0.019918172,0.2517765,0.0033330307,0.099701814,0.007653605,0.2729606,0.018472012,0.7497443,0.0039080735,0.11805288,0.012890272,0.2147382,0.017250808,null,null,null,null,"TWOGAUSSIANS",8,1.4204116,0.2517765,0.0033531152,0.4,0.0,0.23968583,0.008076586,0.7497443,0.0039080735,0.4,0.0,0.18141052,0.010661657
375316653866487564,6028815017556494336,0.5489035,2330.534468699916,2.393790165178617,1.1639867E-5,19.686724,0.020550951,0.314099,0.02952744,0.075823046,0.016763102,0.58980304,0.10213565,0.8283482,0.003071081,0.068478584,0.0035194615,0.6050661,0.025170052,null,null,null,null,"TWOGAUSSIANS",8,1.7028735,0.8283482,0.003071081,0.38348007,0.019708985,0.60298336,0.024004554,0.314099,0.02952744,0.4,0.06286408,0.5877203,0.10033869
375316653866487564,6028815189355238784,0.44258955,2335.875652925079,1.8775524018118785,5.6885954E-5,19.861097,0.034905918,0.18933147,0.035735715,0.031693038,0.013057118,0.68665946,0.6352668,0.5788893,0.012813673,0.048771657,0.008523614,0.26598403,0.055901714,null,null,null,null,"TWOGAUSSIANS",8,8.6256075,0.18933147,0.035735715,0.17748101,0.07311986,0.68665946,0.6352668,0.5788893,0.012813673,0.27312127,0.047732238,0.26598403,0.055901714
375316653866487564,6028815292434017152,0.5897114,2329.3652165511157,2.988963458381983,9.411412E-6,18.233786,0.0057089985,0.26444027,0.002290452,0.048004095,0.0044996683,0.30713654,0.012112311,0.7744563,0.008412432,0.031795274,0.0069607813,0.22434534,0.02550475,0.13137579,0.006692891,0.26444027,0.002290452,"TWOGAUSSIANS_WITH_ELLIPSOIDAL_ON_ECLIPSE1",9,5.8142643,0.26444027,0.002290452,0.26882294,0.025198143,0.5698877,0.013613511,0.7744563,0.008412432,0.17805353,0.038980376,0.48605722,0.026106786
375316653866487564,6028815567312505216,0.5044521,2325.3763968210646,1.2489331888056818,1.8694036E-5,18.349798,0.0717748,0.28788406,0.003431364,0.114363715,0.019911027,0.17620134,0.065864176,0.7824092,0.0043769716,0.14404629,0.03522876,0.17588364,0.069543205,null,null,null,null,"TWOGAUSSIANS",8,1.0892106,0.28807408,0.0033835068,0.4,0.0,0.12555452,0.0042251274,0.7824092,0.0043769716,0.4,0.0,0.12440417,0.0054849666
375316653866487564,6028815601747054848,0.42390743,2339.5668076596876,1.0531466209948448,2.1477032E-5,17.2976,0.0042940136,0.5017403,0.003541067,0.027780889,0.0039085755,0.12370443,0.025202112,0.7356369,0.015451053,0.013497866,0.011927326,0.046502914,0.11718123,null,null,null,null,"TWOGAUSSIANS",8,12.447009,0.5017403,0.003541067,0.15557298,0.021888023,0.12370443,0.025202112,0.7356369,0.015451053,0.07558805,0.066793025,0.046502914,0.11718123
