Gaia/vari_eclipsing_binary/VariEclipsingBinary_468575-468595.csv
# %ECSV 1.0
# ---
# delimiter: ','
# meta: !!omap
# - RELEASE: Gaia DR3
# - TABLE: vari_eclipsing_binary
# - DESCRIPTION: >
#     This table describes the properties of the eclipsing binaries resulting from the variability analysis. 
# - CITATION: >
#     How to cite and acknowledge Gaia: 
#     https://gea.esac.esa.int/archive/documentation/credits.html 
# - KNOWN_ISSUES: >
#     Known issues: 
#     https://www.cosmos.esa.int/web/gaia-users/known-issues 
# - DOCUMENTATION: >
#     Tutorials and documentation: 
#     https://www.cosmos.esa.int/web/gaia-users/archive 
# datatype:
# - 
#   name: solution_id
#   datatype: int64
#   description: Solution Identifier
#   meta:
#     ucd: meta.version
# - 
#   name: source_id
#   datatype: int64
#   description: Unique source identifier
#   meta:
#     ucd: meta.id;meta.main
# - 
#   name: global_ranking
#   datatype: float32
#   description: Number between 0 (worst) and 1 (best)
#   meta:
#     ucd: stat.param
# - 
#   name: reference_time
#   datatype: float64
#   unit: d
#   description: Reference time used for the geometric model fit
#   meta:
#     ucd: time.epoch
# - 
#   name: frequency
#   datatype: float64
#   unit: d**-1
#   description: Frequency of geometric model of the eclipsing binary light curve
#   meta:
#     ucd: src.orbital
# - 
#   name: frequency_error
#   datatype: float32
#   unit: d**-1
#   description: "Uncertainty of \\texttt{frequency}"
#   meta:
#     ucd: stat.error
# - 
#   name: geom_model_reference_level
#   datatype: float32
#   unit: mag
#   description: Magnitude reference level of geometric model
#   meta:
#     ucd: phot.mag;em.opt
# - 
#   name: geom_model_reference_level_error
#   datatype: float32
#   unit: mag
#   description: "Uncertainty of \\texttt{geomModelReferenceLevel}"
#   meta:
#     ucd: stat.error;phot.mag;em.opt
# - 
#   name: geom_model_gaussian1_phase
#   datatype: float32
#   description: Phase of the Gaussian 1 component
#   meta:
#     ucd: time.phase
# - 
#   name: geom_model_gaussian1_phase_error
#   datatype: float32
#   description: "Uncertainty of \\texttt{geomModelGaussian1Phase}"
#   meta:
#     ucd: stat.error;time.phase
# - 
#   name: geom_model_gaussian1_sigma
#   datatype: float32
#   description: "Standard deviation [phase] of Gaussian 1 component"
#   meta:
#     ucd: stat.stdev
# - 
#   name: geom_model_gaussian1_sigma_error
#   datatype: float32
#   description: "Uncertainty of \\texttt{geomModelGaussian1Sigma}"
#   meta:
#     ucd: stat.error
# - 
#   name: geom_model_gaussian1_depth
#   datatype: float32
#   unit: mag
#   description: Magnitude depth of Gaussian 1 component
#   meta:
#     ucd: src.var.amplitude
# - 
#   name: geom_model_gaussian1_depth_error
#   datatype: float32
#   unit: mag
#   description: "Uncertainty of \\texttt{geomModelGaussian1Depth}"
#   meta:
#     ucd: stat.error;src.var.amplitude
# - 
#   name: geom_model_gaussian2_phase
#   datatype: float32
#   description: Phase of Gaussian 2 component
#   meta:
#     ucd: time.phase
# - 
#   name: geom_model_gaussian2_phase_error
#   datatype: float32
#   description: "Uncertainty of \\texttt{geomModelGaussian2Phase}"
#   meta:
#     ucd: stat.error;time.phase
# - 
#   name: geom_model_gaussian2_sigma
#   datatype: float32
[...]
#   datatype: float32
#   description: "Secondary eclipse: uncertainty of \\texttt{derivedSecondaryEclDuration}"
#   meta:
#     ucd: stat.error;time.duration
# - 
#   name: derived_secondary_ecl_depth
#   datatype: float32
#   unit: mag
#   description: "Secondary eclipse: depth"
#   meta:
#     ucd: src.var.amplitude
# - 
#   name: derived_secondary_ecl_depth_error
#   datatype: float32
#   unit: mag
#   description: "Secondary eclipse: uncertainty of \\texttt{derivedSecondaryEclDepth}"
#   meta:
#     ucd: stat.error;src.var.amplitude
solution_id,source_id,global_ranking,reference_time,frequency,frequency_error,geom_model_reference_level,geom_model_reference_level_error,geom_model_gaussian1_phase,geom_model_gaussian1_phase_error,geom_model_gaussian1_sigma,geom_model_gaussian1_sigma_error,geom_model_gaussian1_depth,geom_model_gaussian1_depth_error,geom_model_gaussian2_phase,geom_model_gaussian2_phase_error,geom_model_gaussian2_sigma,geom_model_gaussian2_sigma_error,geom_model_gaussian2_depth,geom_model_gaussian2_depth_error,geom_model_cosine_half_period_amplitude,geom_model_cosine_half_period_amplitude_error,geom_model_cosine_half_period_phase,geom_model_cosine_half_period_phase_error,model_type,num_model_parameters,reduced_chi2,derived_primary_ecl_phase,derived_primary_ecl_phase_error,derived_primary_ecl_duration,derived_primary_ecl_duration_error,derived_primary_ecl_depth,derived_primary_ecl_depth_error,derived_secondary_ecl_phase,derived_secondary_ecl_phase_error,derived_secondary_ecl_duration,derived_secondary_ecl_duration_error,derived_secondary_ecl_depth,derived_secondary_ecl_depth_error
[from data line 555]
375316653866487564,4121806554136381824,0.55079335,2387.4405840357554,0.7102166078273269,9.968589E-6,18.061481,0.0020052472,0.27912948,0.0016033358,0.032024354,0.0017252725,0.24012263,0.045065098,0.77453494,0.0024332663,0.027853586,0.0021211535,0.37842557,0.06673255,null,null,null,null,"TWOGAUSSIANS",8,2.0872467,0.77453494,0.0024332663,0.15598008,0.011878461,0.37842557,0.06673255,0.27912948,0.0016033358,0.17933638,0.009661526,0.24012263,0.045065098
375316653866487564,4121806657149203456,0.5581896,2364.5331228920354,1.77552831881042,3.4412198E-5,18.703075,0.0042184126,0.30333248,0.008126513,0.04336164,0.0053359116,0.72875416,0.14137134,0.7992122,0.004245477,0.06795595,0.005998603,0.11330748,0.011996183,null,null,null,null,"TWOGAUSSIANS",8,2.2298036,0.30333248,0.008126513,0.2428252,0.029881107,0.7287386,0.14139198,0.7992122,0.004245477,0.3805533,0.033592176,0.11329191,0.012003047
375316653866487564,4121806863374023936,0.54605997,2386.522065354717,2.1483258121348197,9.797355E-6,17.926638,0.0065263277,0.22210148,0.0027488687,0.09049557,0.0055939243,0.2622223,0.010607165,0.7255095,0.0019429247,0.08426004,0.0051665553,0.19465251,0.009684895,null,null,null,null,"TWOGAUSSIANS",8,3.364923,0.22210148,0.0027488687,0.4,0.0,0.25506505,0.01151041,0.7255095,0.0019429247,0.4,0.0,0.18749538,0.010211548
375316653866487564,4121807447433084544,0.5850189,2409.172979606576,2.9652118414987534,6.0504262E-6,18.936132,0.007431952,0.2346481,0.0018974908,0.08865925,0.0030014338,0.3635324,0.009816666,0.73968065,0.0011801354,0.08535137,0.0022893741,0.3477014,0.0076809092,null,null,null,null,"TWOGAUSSIANS",8,0.97747976,0.2346481,0.0018974908,0.4,0.0,0.35299027,0.009380278,0.73968065,0.0011801354,0.4,0.0,0.33715934,0.0058604213
375316653866487564,4121807825390492928,0.4596301,2408.6152739161507,2.6542858080823657,5.647513E-5,19.239983,0.019039989,0.31944075,0.016691031,0.05534933,0.016108124,0.4275205,0.13971612,0.7964901,0.007303418,0.031767663,0.007843024,0.18879668,0.02584127,null,null,null,null,"TWOGAUSSIANS",8,7.983865,0.31944075,0.016691031,0.30995625,0.09020549,0.4275205,0.13971706,0.7964901,0.007303418,0.17789891,0.043920934,0.18879668,0.02584101
375316653866487564,4121807997180944384,0.522598,2425.655793241815,2.299460363867405,8.409066E-6,19.38819,0.013613976,0.22321169,0.0047426596,0.065461844,0.006005971,0.55619496,0.04815275,0.72993803,0.0030305495,0.07055987,0.003473976,0.61753625,0.028105654,null,null,null,null,"TWOGAUSSIANS",8,2.8260076,0.72993803,0.0030305495,0.39513525,0.016907353,0.6163987,0.028082635,0.22321169,0.0047426596,0.36658633,0.03363344,0.5550574,0.048543815
375316653866487564,4121808164681897600,0.4427461,2439.8893688493786,0.577216840254587,1.8252973E-5,17.869438,0.0039434615,0.28244418,0.020944985,0.03347009,0.04373516,0.06487723,0.031931385,0.79166317,0.0033971046,0.047496058,0.0047953627,0.08381635,0.009387787,null,null,null,null,"TWOGAUSSIANS",8,2.7238972,0.79166317,0.0033971046,0.26597792,0.026854033,0.08381635,0.009383204,0.28244418,0.020944985,0.18743251,0.22130193,0.06487723,0.031954862
375316653866487564,4121808306426939520,0.55574584,2425.9217525543377,2.4844041865154565,1.7754668E-5,17.29498,0.030144708,0.26077038,0.0052773627,0.09292043,0.012963311,0.28682852,0.027742358,0.7564732,0.0046192,0.107723616,0.016932074,0.21459985,0.027383763,null,null,null,null,"TWOGAUSSIANS",8,8.465978,0.26077038,0.005285672,0.4,0.0,0.2661295,0.019531278,0.7564732,0.0046192,0.4,0.0,0.19389197,0.010060531
375316653866487564,4121808478217438848,0.51717603,2444.9073358325904,3.303732731479434,1.3030002E-5,19.411226,0.011774608,0.18194328,0.0036770648,0.084109314,0.007837588,0.3443208,0.021997586,0.68291295,0.008775325,0.07914501,0.010185677,0.34525892,0.018325558,null,null,null,null,"TWOGAUSSIANS",8,2.4183445,0.68291295,0.008775325,0.4,0.0,0.33904186,0.017060807,0.18194328,0.0036770648,0.4,0.0,0.33810374,0.023756236
375316653866487564,4121809062333042944,0.4318165,2391.5055949051416,4.900508755805621,2.5468838E-5,16.576887,0.0038764353,0.37538666,0.009276592,0.02068835,0.0074759345,0.2252224,0.13184118,0.9009209,0.006710296,0.012415489,0.00300086,0.14930594,0.01930801,null,null,null,null,"TWOGAUSSIANS",8,7.0377874,0.37538666,0.009276592,0.115854755,0.041865233,0.2252224,0.13184118,0.9009209,0.006710296,0.06952674,0.016804816,0.14930594,0.01930801
375316653866487564,4121809268491497216,0.52678996,2439.5906591118232,2.478643449788738,1.252327E-5,19.5427,0.026946124,0.28159365,0.0068198824,0.074757256,0.009472698,0.46305558,0.02923336,0.76646096,0.0054297694,0.08768609,0.008174568,0.4902985,0.032847468,null,null,null,null,"TWOGAUSSIANS",8,2.8710785,0.76646096,0.0054297694,0.4,0.0,0.48406193,0.030541392,0.28159365,0.0068198824,0.4,0.0,0.45681912,0.028079165
375316653866487564,4121809298573304576,0.42009985,2442.6068858324297,2.8715246089383184,3.2481566E-5,19.3827,0.2637982,0.24032018,0.017256895,0.13564435,0.07203583,0.2112957,0.24063842,0.7532285,0.009436623,0.14255267,0.06974439,0.21473233,0.25810072,null,null,null,null,"TWOGAUSSIANS",8,5.026544,0.7536385,0.009067052,0.4,0.0,0.13738865,0.022143282,0.23971018,0.016643692,0.4,0.0,0.13441008,0.047720216
375316653866487564,4121809405939004672,0.49059972,2430.4776688414618,2.204813955481066,1.5605796E-5,19.18279,0.031600658,0.13156971,0.0034321104,0.07671436,0.007657408,0.5258516,0.050588436,0.63176405,0.007923499,0.08988021,0.015121616,0.50092125,0.033147343,null,null,null,null,"TWOGAUSSIANS",8,7.8182855,0.13156971,0.0034321104,0.4,0.0,0.5145968,0.049903445,0.63176405,0.007923499,0.4,0.0,0.48966625,0.031384345
375316653866487564,4121809474649982720,0.5558844,2455.4668901002833,1.3930123409648303,1.1101988E-5,17.343557,0.004098738,0.25343093,0.001862378,0.06261655,0.0021029941,0.2748067,0.007947323,0.75247794,0.008127734,0.08542596,0.009702419,0.11942217,0.006937787,null,null,null,null,"TWOGAUSSIANS",8,6.106575,0.25343093,0.001862378,0.35065266,0.011776767,0.2737275,0.007908082,0.75247794,0.008127734,0.4,0.0,0.11834294,0.0071466165
375316653866487564,4121809710873317376,0.55931276,2354.4660155674487,1.9577690686575784,7.787461E-6,18.208382,0.0052161515,0.23141676,0.0028288977,0.07913699,0.004602362,0.22568282,0.0132053215,0.72755116,0.0020395864,0.08470142,0.0045670425,0.35370526,0.01582558,null,null,null,null,"TWOGAUSSIANS",8,2.3718443,0.72755116,0.0020395864,0.4,0.0,0.34868786,0.016935902,0.23141676,0.0028288977,0.4,0.0,0.22066545,0.013753331
375316653866487564,4121809887030832000,0.58009225,2362.282227605957,0.19654981240162298,4.7850776E-6,16.92802,0.007838573,0.16942145,0.0022341183,0.014702119,0.0016978658,1.1964604,0.14289172,0.6664117,0.0055944547,0.013498643,0.0022624573,1.33931,0.35424066,0.008667217,0.014934987,0.16942145,0.0022341183,"TWOGAUSSIANS_WITH_ELLIPSOIDAL_ON_ECLIPSE1",9,65.06419,0.6664117,0.0055944547,0.075592406,0.012669761,1.3566383,0.35464662,0.16942145,0.0022341183,0.082331866,0.009508048,1.2137948,0.14718641
375316653866487564,4121810054467440896,0.5389372,2354.0084567030376,0.37273788189849827,1.0178378E-5,18.16175,0.003575288,0.25178537,0.0010306555,0.019164365,0.0014407577,0.93471354,0.22038716,0.58112913,0.021513997,0.07104114,0.021892069,0.028001085,0.0048385006,null,null,null,null,"TWOGAUSSIANS",8,3.828788,0.25178537,0.0010306555,0.10732044,0.008068243,0.93471414,0.22038725,0.58112913,0.021513997,0.3978304,0.09863846,0.028001085,0.0048385006
375316653866487564,4121810471091148544,0.52126586,2353.535576354101,2.209824057564984,5.727037E-5,19.277096,0.022433372,0.23522794,0.017986018,0.052564643,0.012960559,0.6160622,0.17497543,0.72925544,0.014081197,0.060166735,0.028312111,0.1718445,0.057890825,null,null,null,null,"TWOGAUSSIANS",8,7.760252,0.23522794,0.017986018,0.294362,0.07257913,0.6160363,0.17499846,0.72925544,0.014081197,0.33693373,0.13326025,0.17181857,0.058060523
375316653866487564,4121810539806786816,0.5890817,2348.272924399715,2.8191348439477353,7.9557385E-6,18.308,0.0082025295,0.2110584,0.0020181914,0.047586024,0.006781772,0.2560979,0.02147082,0.7091414,0.0027117138,0.04394787,0.004830934,0.26725522,0.031181084,0.121937014,0.012452606,0.2110584,0.0020181914,"TWOGAUSSIANS_WITH_ELLIPSOIDAL_ON_ECLIPSE1",9,3.251987,0.7093714,0.0023158859,0.24610808,0.027053231,0.51109785,0.033640154,0.2110584,0.0020181914,0.26648173,0.03797792,0.49997157,0.021168953
375316653866487564,4121810539806826752,0.50904626,2344.879550289326,1.1891496866936968,1.3008721E-5,18.27699,0.013602838,0.23206958,0.002137653,0.026985813,0.0018624141,0.6966867,0.023606526,0.72856325,0.0043387786,0.020469224,0.0025216811,0.34214917,0.034152523,null,null,null,null,"TWOGAUSSIANS",8,23.682844,0.23206958,0.002137653,0.15112056,0.010429519,0.6966867,0.023606526,0.72856325,0.0043387786,0.11462766,0.014121415,0.34214917,0.034152523
375316653866487564,4121810780318473472,0.5364743,2343.2491099274625,1.6198475400164618,1.0586478E-5,17.994637,0.046151817,0.27323502,0.0027096374,0.06061838,0.012080789,0.26306435,0.08970415,0.7604274,0.023644213,0.032146122,0.036323547,0.11538194,0.095353924,0.074140646,0.05183707,0.27323502,0.0027096374,"TWOGAUSSIANS_WITH_ELLIPSOIDAL_ON_ECLIPSE1",9,7.6679683,0.27323502,0.0027096374,0.3394629,0.06765242,0.4112929,0.018536203,0.7616374,0.022176772,0.18001829,0.20341188,0.2627428,0.026545707
375316653866487564,4121811227060901504,0.5888707,2358.9662024069708,0.3530367209404483,6.938978E-6,13.958534,0.0025760194,0.19511013,0.009818881,0.021610321,0.014789575,0.068796076,138.28549,0.70659834,9.479401E-4,0.028994583,0.0013814904,0.24364795,0.007057736,0.009023417,0.0037082492,0.70659834,9.479401E-4,"TWOGAUSSIANS_WITH_ELLIPSOIDAL_ON_ECLIPSE2",9,76.59138,0.70659834,9.479401E-4,0.16236967,0.007736346,0.26169476,0.0059563806,0.19522013,0.0097347135,0.1210178,0.08282162,0.08674992,138.28503
375316653866487564,4121811364444596224,0.43369442,2364.7854576090645,3.187892342784924,4.7222784E-5,19.642895,0.09061606,0.25900927,0.01104993,0.11813602,0.05482205,0.2154743,0.072320186,0.74935424,0.01225404,0.09282838,0.0332241,0.21569641,0.08580401,null,null,null,null,"TWOGAUSSIANS",8,2.6489968,0.74935424,0.01225404,0.4,0.0,0.19265999,0.025238069,0.25900927,0.011049947,0.4,0.0,0.19237942,0.041346293
375316653866487564,4121811570599417600,0.47149488,2336.8609307203374,2.8338929211514166,4.786024E-5,19.856815,0.059417274,0.25063702,0.014070787,0.11003835,0.023866983,0.29941854,0.054917324,0.71722233,0.011544654,0.114659145,0.02543957,0.3501912,0.059528682,null,null,null,null,"TWOGAUSSIANS",8,1.6007203,0.71722233,0.011544654,0.4,0.0,0.31150135,0.040096343,0.25075704,0.013951463,0.4,0.0,0.26078495,0.035281472
375316653866487564,4121811811176604032,0.55708164,2417.7015791974213,1.2892415036968876,6.0846937E-6,17.424408,0.0061989077,0.24227896,0.0017880612,0.08784301,0.003202588,0.19022746,0.00641654,0.7454408,0.0037262924,0.09976795,0.007045668,0.15587354,0.006189577,null,null,null,null,"TWOGAUSSIANS",8,2.3934493,0.24227896,0.0017880612,0.4,0.0,0.18088315,0.004267764,0.7454408,0.0037262924,0.4,0.0,0.14652817,0.00498204
375316653866487564,4121811914255841536,0.47917295,2413.0712741027774,2.7614266874323343,1.5324691E-5,19.742113,0.028662529,0.24925818,0.007988833,0.07717623,0.0135767525,0.25587025,0.030520085,0.7467391,0.008705571,0.095883325,0.016350182,0.23900175,0.032576505,null,null,null,null,"TWOGAUSSIANS",8,1.7670035,0.24925818,0.007988833,0.4,0.005420202,0.24864931,0.024387268,0.7467391,0.008705571,0.4,0.0,0.23178022,0.028032247
375316653866487564,4121812017335068032,0.49481773,2371.6282086430083,3.4342004944431137,2.5989797E-5,16.252201,0.4617462,0.25992805,0.009590352,0.1984697,0.13368748,0.28469184,0.45764175,0.7787322,0.016649345,0.13264686,0.039980955,0.222405,0.24662532,null,null,null,null,"TWOGAUSSIANS",8,19.657444,0.25915805,0.0081053395,0.4,0.0,0.13670188,0.009195164,0.7852322,0.009906458,0.4,0.0,0.09860239,0.006999687
375316653866487564,4121812047352336384,0.45514506,2410.267135221209,2.068093395015451,3.475061E-5,18.862232,0.013252521,0.14248253,0.009710329,0.06793321,0.012869554,0.20379569,0.024548804,0.60698014,0.0093677025,0.065625556,0.011998803,0.27689075,0.027526882,null,null,null,null,"TWOGAUSSIANS",8,10.957737,0.60698014,0.0093677025,0.3675031,0.0509568,0.2767379,0.02760144,0.14248253,0.009710329,0.38042596,0.06691772,0.20364282,0.024529336
375316653866487564,4121812154720242304,0.48498547,2421.895035627038,0.6549354084284186,5.0989187E-5,19.821825,0.014725188,0.2713137,0.031244043,0.013865649,0.014497062,0.72150713,0.4974427,0.90634185,0.0074654883,0.023927657,0.011241786,0.12732369,0.0669366,null,null,null,null,"TWOGAUSSIANS",8,4.2091475,0.2713137,0.031244043,0.077647634,0.081183545,0.72150713,0.4974427,0.90634185,0.0074654883,0.13399488,0.062954,0.12732369,0.0669366
375316653866487564,4121812184791206400,0.60908824,2396.8455760712764,0.5167190642535029,1.1102756E-5,18.410238,0.008052877,0.26986307,0.0062030707,0.03421307,0.0055158692,1.0006481,0.047295943,0.77276474,0.007432584,0.029453104,0.007572286,0.093745895,0.02522156,0.032948777,0.01116027,0.26986307,0.0062030707,"TWOGAUSSIANS_WITH_ELLIPSOIDAL_ON_ECLIPSE1",9,3.9661844,0.26986307,0.0062030707,0.19159319,0.030888867,1.0665456,0.045403525,0.77276474,0.0072388104,0.16493739,0.0424048,0.15962148,0.020109218
375316653866487564,4121812326517831168,0.589626,2383.1247646065867,0.698524797315029,6.1264727E-6,18.464586,0.0049241055,0.21135812,0.0032612963,0.0329445,0.0015226614,0.5146051,0.02073315,0.71167004,0.006630519,0.025463307,0.0059302365,0.09129219,0.006175324,null,null,null,null,"TWOGAUSSIANS",8,2.3496828,0.21135812,0.0032612963,0.1844892,0.008526904,0.5146051,0.02073315,0.71167004,0.006630519,0.14259452,0.033209324,0.09129219,0.006175324
375316653866487564,4121812670114498688,0.54326725,2404.2814000355374,2.817895468172206,7.000861E-6,19.485922,0.0060251206,0.24296768,0.00272159,0.06498746,0.00274639,0.5615401,0.024597915,0.7462287,0.0038236685,0.06298595,0.005331855,0.5465566,0.03882779,null,null,null,null,"TWOGAUSSIANS",8,1.6218063,0.24296768,0.00272159,0.36392975,0.015379784,0.56105435,0.024701508,0.7462287,0.0038236685,0.3527213,0.029858386,0.5460709,0.039015878
375316653866487564,4121812738825276288,0.5264361,2366.143564523051,3.317042238212747,1.2787287E-5,19.360615,0.01513385,0.20273902,0.0021010747,0.07204911,0.004703233,0.51510876,0.028723227,0.69998205,0.003691914,0.078990705,0.004948965,0.5488306,0.024535282,null,null,null,null,"TWOGAUSSIANS",8,2.7731209,0.69998205,0.003691914,0.4,0.0,0.5446526,0.023953814,0.20273902,0.0021010747,0.4,0.012414876,0.51093066,0.029224744
375316653866487564,4121812910632801408,0.5647922,2373.8993407314283,2.4403455671412675,8.53833E-6,19.31388,0.009221406,0.29539517,0.0028592292,0.070413314,0.0030831625,0.6350146,0.028995484,0.8023216,0.0025373462,0.07374405,0.0037896635,0.4968897,0.02937129,null,null,null,null,"TWOGAUSSIANS",8,2.0504272,0.29539517,0.0028592292,0.39431456,0.015413947,0.6327042,0.029265484,0.8023216,0.0025373462,0.4,0.0,0.49457934,0.029811697
375316653866487564,4121813082431516544,0.5083085,2405.2822385691434,2.9602048073981857,3.5725956E-5,19.843851,0.013644604,0.30493104,0.0070938985,0.07200837,0.012316983,0.36125794,0.060076006,0.7827763,0.019217728,0.08129713,0.020297073,0.37359312,0.079003975,null,null,null,null,"TWOGAUSSIANS",8,1.9825649,0.7827763,0.019217728,0.4,0.05295081,0.37137097,0.08045502,0.30493104,0.0070938985,0.4,0.043421753,0.3590358,0.061979193
375316653866487564,4121813082431549440,0.47317687,2397.3790792244067,2.9690624639996916,1.8716317E-5,19.021822,0.7447821,0.22529565,0.0029983942,0.16663614,0.045704525,0.95372486,0.6582759,0.72186404,0.008079512,0.18987183,0.07428851,0.9777035,0.71161026,null,null,null,null,"TWOGAUSSIANS",8,2.5712974,0.22671565,0.0036910994,0.4,0.0,0.3036773,0.016147405,0.72186404,0.008079512,0.4,0.0,0.2877528,0.03690576
