Gaia/vari_eclipsing_binary/VariEclipsingBinary_468803-468816.csv
# %ECSV 1.0
# ---
# delimiter: ','
# meta: !!omap
# - RELEASE: Gaia DR3
# - TABLE: vari_eclipsing_binary
# - DESCRIPTION: >
#     This table describes the properties of the eclipsing binaries resulting from the variability analysis. 
# - CITATION: >
#     How to cite and acknowledge Gaia: 
#     https://gea.esac.esa.int/archive/documentation/credits.html 
# - KNOWN_ISSUES: >
#     Known issues: 
#     https://www.cosmos.esa.int/web/gaia-users/known-issues 
# - DOCUMENTATION: >
#     Tutorials and documentation: 
#     https://www.cosmos.esa.int/web/gaia-users/archive 
# datatype:
# - 
#   name: solution_id
#   datatype: int64
#   description: Solution Identifier
#   meta:
#     ucd: meta.version
# - 
#   name: source_id
#   datatype: int64
#   description: Unique source identifier
#   meta:
#     ucd: meta.id;meta.main
# - 
#   name: global_ranking
#   datatype: float32
#   description: Number between 0 (worst) and 1 (best)
#   meta:
#     ucd: stat.param
# - 
#   name: reference_time
#   datatype: float64
#   unit: d
#   description: Reference time used for the geometric model fit
#   meta:
#     ucd: time.epoch
# - 
#   name: frequency
#   datatype: float64
#   unit: d**-1
#   description: Frequency of geometric model of the eclipsing binary light curve
#   meta:
#     ucd: src.orbital
# - 
#   name: frequency_error
#   datatype: float32
#   unit: d**-1
#   description: "Uncertainty of \\texttt{frequency}"
#   meta:
#     ucd: stat.error
# - 
#   name: geom_model_reference_level
#   datatype: float32
#   unit: mag
#   description: Magnitude reference level of geometric model
#   meta:
#     ucd: phot.mag;em.opt
# - 
#   name: geom_model_reference_level_error
#   datatype: float32
#   unit: mag
#   description: "Uncertainty of \\texttt{geomModelReferenceLevel}"
#   meta:
#     ucd: stat.error;phot.mag;em.opt
# - 
#   name: geom_model_gaussian1_phase
#   datatype: float32
#   description: Phase of the Gaussian 1 component
#   meta:
#     ucd: time.phase
# - 
#   name: geom_model_gaussian1_phase_error
#   datatype: float32
#   description: "Uncertainty of \\texttt{geomModelGaussian1Phase}"
#   meta:
#     ucd: stat.error;time.phase
# - 
#   name: geom_model_gaussian1_sigma
#   datatype: float32
#   description: "Standard deviation [phase] of Gaussian 1 component"
#   meta:
#     ucd: stat.stdev
# - 
#   name: geom_model_gaussian1_sigma_error
#   datatype: float32
#   description: "Uncertainty of \\texttt{geomModelGaussian1Sigma}"
#   meta:
#     ucd: stat.error
# - 
#   name: geom_model_gaussian1_depth
#   datatype: float32
#   unit: mag
#   description: Magnitude depth of Gaussian 1 component
#   meta:
#     ucd: src.var.amplitude
# - 
#   name: geom_model_gaussian1_depth_error
#   datatype: float32
#   unit: mag
#   description: "Uncertainty of \\texttt{geomModelGaussian1Depth}"
#   meta:
#     ucd: stat.error;src.var.amplitude
# - 
#   name: geom_model_gaussian2_phase
#   datatype: float32
#   description: Phase of Gaussian 2 component
#   meta:
#     ucd: time.phase
# - 
#   name: geom_model_gaussian2_phase_error
#   datatype: float32
#   description: "Uncertainty of \\texttt{geomModelGaussian2Phase}"
#   meta:
#     ucd: stat.error;time.phase
# - 
#   name: geom_model_gaussian2_sigma
#   datatype: float32
[...]
#   datatype: float32
#   description: "Secondary eclipse: uncertainty of \\texttt{derivedSecondaryEclDuration}"
#   meta:
#     ucd: stat.error;time.duration
# - 
#   name: derived_secondary_ecl_depth
#   datatype: float32
#   unit: mag
#   description: "Secondary eclipse: depth"
#   meta:
#     ucd: src.var.amplitude
# - 
#   name: derived_secondary_ecl_depth_error
#   datatype: float32
#   unit: mag
#   description: "Secondary eclipse: uncertainty of \\texttt{derivedSecondaryEclDepth}"
#   meta:
#     ucd: stat.error;src.var.amplitude
solution_id,source_id,global_ranking,reference_time,frequency,frequency_error,geom_model_reference_level,geom_model_reference_level_error,geom_model_gaussian1_phase,geom_model_gaussian1_phase_error,geom_model_gaussian1_sigma,geom_model_gaussian1_sigma_error,geom_model_gaussian1_depth,geom_model_gaussian1_depth_error,geom_model_gaussian2_phase,geom_model_gaussian2_phase_error,geom_model_gaussian2_sigma,geom_model_gaussian2_sigma_error,geom_model_gaussian2_depth,geom_model_gaussian2_depth_error,geom_model_cosine_half_period_amplitude,geom_model_cosine_half_period_amplitude_error,geom_model_cosine_half_period_phase,geom_model_cosine_half_period_phase_error,model_type,num_model_parameters,reduced_chi2,derived_primary_ecl_phase,derived_primary_ecl_phase_error,derived_primary_ecl_duration,derived_primary_ecl_duration_error,derived_primary_ecl_depth,derived_primary_ecl_depth_error,derived_secondary_ecl_phase,derived_secondary_ecl_phase_error,derived_secondary_ecl_duration,derived_secondary_ecl_duration_error,derived_secondary_ecl_depth,derived_secondary_ecl_depth_error
[from data line 298]
375316653866487564,4123685894363015680,0.5845672,2398.8119642501806,0.5494258839751656,1.4895109E-5,17.578924,0.0030428602,0.37008944,0.0076578716,0.03775273,0.005247037,0.7528702,0.038674783,0.87725246,0.030219935,0.032125954,0.016495295,0.057246268,0.01783993,null,null,null,null,"TWOGAUSSIANS",8,7.0224147,0.37008944,0.0076578716,0.21141529,0.029383408,0.7528702,0.038674783,0.87725246,0.030219935,0.17990534,0.092373654,0.057246268,0.01783993
375316653866487564,4123686031850775424,0.5053475,2399.1496124994396,2.3933935109277953,2.7323753E-5,19.834522,0.01802499,0.22434519,0.018969689,0.06698475,0.02159823,0.26256695,0.019341892,0.7028511,0.0033341758,0.07005078,0.0051924894,0.56474537,0.028169451,null,null,null,null,"TWOGAUSSIANS",8,1.7170498,0.7028511,0.0033341758,0.39228436,0.023581177,0.5641914,0.028217835,0.22434519,0.018969689,0.3751146,0.11837681,0.26201302,0.019192282
375316653866487564,4123686199259127040,0.62294406,2386.5217246405587,0.4273334689178008,3.9318043E-6,16.78738,0.0014473842,0.25289512,0.0011375302,0.030222159,0.001432432,0.272306,0.008823388,0.7525997,5.9793174E-4,0.029177498,4.934412E-4,0.26412773,0.0066509815,null,null,null,null,"TWOGAUSSIANS",8,4.8662724,0.25289512,0.0011375302,0.1692441,0.008021619,0.272306,0.008823388,0.7525997,5.9793174E-4,0.16339399,0.0027632706,0.26412773,0.0066509815
375316653866487564,4123686268018572032,0.5408271,2398.4514923174243,2.9951960450030866,1.5717573E-5,19.252851,0.010841531,0.28012848,0.0054650404,0.078612745,0.0043606884,0.5011065,0.030404642,0.7911738,0.0032276805,0.07071474,0.0043567047,0.5030248,0.024049196,null,null,null,null,"TWOGAUSSIANS",8,2.4226477,0.7911738,0.0032276805,0.39600256,0.01903509,0.5001551,0.024454357,0.28012848,0.0054650404,0.4,0.0,0.49823675,0.030358855
375316653866487564,4123686341039386496,0.50538045,2439.904678024427,0.5627599037470035,1.3055101E-5,19.492462,0.0076804757,0.2101231,0.014285887,0.019064395,0.004947709,0.997727,0.5489591,0.5369947,0.0033491293,0.029963974,0.004926905,0.19391772,0.032466568,null,null,null,null,"TWOGAUSSIANS",8,2.5233743,0.2101231,0.014285887,0.10676061,0.027707169,0.997727,0.5489591,0.5369947,0.0033491293,0.16779825,0.027590668,0.19391772,0.032466568
375316653866487564,4123686542865570432,0.5090966,2371.446921726364,3.5901569145940844,1.0696128E-5,18.485653,0.03163824,0.28723297,0.0043663145,0.10510146,0.011850883,0.27298373,0.029242061,0.76127714,0.004660088,0.11558122,0.018303676,0.22307473,0.026314665,null,null,null,null,"TWOGAUSSIANS",8,3.655163,0.287293,0.004342144,0.4,0.0,0.24444398,0.010139196,0.76127714,0.004660088,0.4,0.0,0.19448964,0.01490825
375316653866487564,4123686718997150976,0.4527133,2340.8521774945866,2.337152136807131,3.137629E-5,18.87959,0.3152193,0.24659671,0.015481234,0.13332564,0.09488052,0.17551719,0.31064886,0.7755758,0.01728276,0.11140655,0.048751406,0.2035667,0.253172,null,null,null,null,"TWOGAUSSIANS",8,4.41576,0.7760158,0.014233677,0.4,0.0,0.16793026,0.023322934,0.2465067,0.014927171,0.4,0.0,0.13949952,0.028760469
375316653866487564,4123687028283310336,0.5680251,2372.5386361743585,4.0177336989808525,6.330145E-6,17.02465,0.010272894,0.21900097,0.006834421,0.052215543,0.0066079,0.257905,0.04787122,0.7354756,0.0023886517,0.042738177,0.0037609,0.44861087,0.029040981,0.1294456,0.01742627,0.7354756,0.0023886517,"TWOGAUSSIANS_WITH_ELLIPSOIDAL_ON_ECLIPSE2",9,33.225136,0.7354756,0.0023886517,0.2393338,0.02106104,0.7075015,0.01822391,0.22192097,0.0048033716,0.29240704,0.03700424,0.5145194,0.043447327
375316653866487564,4123687028283323520,0.5561372,2381.376008866519,3.3136482420776554,6.5880745E-6,14.916355,0.6187467,0.2499093,0.0029691632,0.15054268,0.024366444,0.59010196,0.32839733,0.7457041,0.0025179076,0.26328102,0.10813069,0.8741741,0.61200035,null,null,null,null,"TWOGAUSSIANS",8,20.501923,0.7457041,0.0025179076,0.4,0.0,0.1688803,0.007002735,0.2529093,0.0015999879,0.4,0.0,0.16696125,0.0071520964
375316653866487564,4123687062643067136,0.6457485,2389.2940703209606,0.5476775562727164,5.3582417E-6,17.016489,0.0047666617,0.75994617,0.0014744098,0.03586518,0.0017173627,1.0405475,0.050228767,null,null,null,null,null,null,0.03645374,0.0065004365,0.75994617,0.0014744098,"ONEGAUSSIAN_WITH_ELLIPSOIDAL",6,12.342065,0.75994617,0.0014744098,0.200845,0.009617231,1.1134549,0.05373133,null,null,null,null,null,null
375316653866487564,4123687092637215872,0.5868842,2367.622112554501,2.1363020126364916,6.0165908E-6,18.7219,0.012003592,0.31982553,0.0028574886,0.08800505,0.005817937,0.28491455,0.010996396,0.83455366,0.0035722496,0.09094966,0.0058622495,0.21571752,0.013017804,null,null,null,null,"TWOGAUSSIANS",8,1.2142085,0.31982553,0.0028574886,0.4,0.0,0.2770248,0.009081599,0.83455366,0.0035722496,0.4,0.0,0.20782769,0.010380774
375316653866487564,4123687131314138752,0.47381908,2410.322273712475,0.0692169821963985,1.3903186E-5,19.498547,0.01862457,0.31375897,0.03719913,0.068979315,0.027618453,0.21985446,0.047359046,0.77926666,0.014276406,0.063048705,0.018032035,0.20945756,0.05208422,null,null,null,null,"TWOGAUSSIANS",8,2.4985502,0.31375897,0.03719913,0.38628417,0.15239687,0.21973592,0.04721063,0.77926666,0.014276406,0.35307276,0.10097939,0.20933901,0.052198753
375316653866487564,4123687131362565888,0.4877084,2381.007763438275,2.0502866668939665,1.5915073E-5,18.500927,0.05655948,0.23903678,0.004971342,0.13136475,0.03271245,0.14505124,0.055583473,0.7340415,0.005474842,0.10240754,0.024266906,0.1581732,0.05053579,null,null,null,null,"TWOGAUSSIANS",8,2.1604111,0.7340415,0.005474842,0.4,0.0,0.12949131,0.010694931,0.23903678,0.0049844226,0.4,0.0,0.11616214,0.008324701
375316653866487564,4123687161357098112,0.44939393,2384.8216991439226,2.7553038924456796,4.299619E-5,19.275936,0.00467832,null,null,null,null,null,null,null,null,null,null,null,null,0.08067002,0.0061475094,0.24791072,0.0068811965,"ELLIPSOIDAL",4,2.77291,null,null,null,null,null,null,null,null,null,null,null,null
375316653866487564,4123687298771510272,0.52021307,2373.1276472374425,2.175136423429191,1.2049265E-5,18.336987,0.02218599,0.24254729,0.004289947,0.098993175,0.014362038,0.24586655,0.0140128005,0.7450238,0.004436944,0.10253482,0.01006168,0.25701883,0.02268693,null,null,null,null,"TWOGAUSSIANS",8,4.0174084,0.7450238,0.004436944,0.4,0.0,0.2345538,0.013717111,0.24254729,0.004289947,0.4,0.0,0.22340363,0.014657602
375316653866487564,4123687577987207040,0.48182112,2390.9071629924665,2.936981189299174,2.4279188E-5,19.608307,0.05748181,0.16566141,0.0088483,0.09856373,0.025046512,0.2699554,0.051795058,0.6651303,0.007481253,0.0954722,0.020635122,0.30223593,0.05495174,null,null,null,null,"TWOGAUSSIANS",8,3.4369304,0.6651303,0.007481253,0.4,0.0,0.28176033,0.030758195,0.16566141,0.0088483,0.4,0.0,0.24947909,0.029007023
375316653866487564,4123687681066781696,0.5367297,2378.6767657454084,2.183416788520502,2.1865071E-5,18.869625,0.020996029,0.25597447,0.0042745043,0.07937452,0.006671348,0.43951213,0.028219055,0.7428627,0.00713789,0.084114775,0.010322731,0.45728537,0.019293014,null,null,null,null,"TWOGAUSSIANS",8,5.0690265,0.7428627,0.00713789,0.4,0.0,0.4507724,0.017929964,0.25597447,0.0042745043,0.4,0.0,0.4329992,0.027035465
375316653866487564,4123687882891133824,0.6304431,2399.9130266501097,1.280924698753876,2.874889E-6,17.646162,0.0049855644,0.20007682,0.0017911526,0.050452944,0.007215728,0.06380184,0.015771102,0.69834524,8.7111373E-4,0.049721573,0.0019002135,0.36663166,0.015016973,0.041219406,0.010664211,0.20007682,0.0017911526,"TWOGAUSSIANS_WITH_ELLIPSOIDAL_ON_ECLIPSE1",9,3.1523054,0.6984153,8.306502E-4,0.2784408,0.010641196,0.44905978,0.009831942,0.20007682,0.0017911526,0.2825365,0.04040808,0.1462393,0.009415802
375316653866487564,4123687921593675392,0.4708998,2494.6472830182743,1.1499453043400991,5.88836E-5,19.26246,0.049228825,0.17062256,0.07275695,0.10189448,0.05743492,0.14402896,0.060470015,0.57027304,0.058582623,0.105383694,0.03664407,0.6701838,0.19964074,null,null,null,null,"TWOGAUSSIANS",8,3.4549427,0.57027304,0.058582623,0.4,0.0055584465,0.6611162,0.19711626,0.17199256,0.07351268,0.4,0.115513034,0.13541307,0.05612739
375316653866487564,4123688127795830016,0.6938575,2405.0009720609723,0.3276008039616338,1.2733687E-5,17.357508,0.0031071138,0.20167534,0.0014184692,0.030200781,0.002399681,0.12377704,0.007460089,0.6868775,0.0096248975,0.03515817,0.004629828,1.3114886,0.20041032,0.013558554,0.004129038,0.20167534,0.0014184692,"TWOGAUSSIANS_WITH_ELLIPSOIDAL_ON_ECLIPSE1",9,3.0063708,0.68690753,0.009603747,0.19688575,0.025927037,1.3383723,0.1990166,0.20167534,0.0014184692,0.16912438,0.013438213,0.15089409,0.0051316386
375316653866487564,4123688673191370752,0.58011323,2403.4730370346933,2.3874562317921546,9.970985E-6,18.404675,0.010877312,0.28955865,0.002754407,0.08659138,0.004253573,0.45845437,0.011422092,0.7900444,0.002588657,0.09360474,0.004040462,0.40906507,0.011131131,null,null,null,null,"TWOGAUSSIANS",8,3.0739431,0.28955865,0.002754407,0.4,0.0,0.4402217,0.008781935,0.7900444,0.002588657,0.4,0.0,0.39083192,0.0077694524
375316653866487564,4123688707528649216,0.58635604,2379.693986187924,0.26724396703315495,3.46831E-5,16.236757,0.0012345241,0.11516622,0.02823088,0.03148669,0.04079741,0.022705162,6.4684271E13,0.29569396,0.0044638435,0.020482657,0.003105619,0.32666606,0.05045889,null,null,null,null,"TWOGAUSSIANS",8,8.790683,0.29569396,0.0044638435,0.11470288,0.017391466,0.32666606,0.05045889,0.11516622,0.02823088,0.17632546,0.2284655,0.022705162,6.4684271E13
375316653866487564,4123689364746484608,0.4286409,2398.171899891857,0.03187434200225011,4.0648967E-5,16.316093,0.0034295884,0.0811428,0.0050214175,0.025820376,0.0060750246,0.13139747,0.23162286,0.4570853,0.008808094,0.12671141,0.011154151,0.13746287,0.021322388,null,null,null,null,"TWOGAUSSIANS",8,11.047307,0.4570853,0.008808094,0.4,0.0,0.13734746,0.021428032,0.0813428,0.0049491012,0.1445941,0.034020137,0.13297226,0.23160617
375316653866487564,4123689536493878272,0.5546923,2399.5984720590595,2.522339851547072,1.4260983E-5,18.047474,0.013476971,0.19664975,0.002829465,0.07481813,0.0046604504,0.4142514,0.02038006,0.70403916,0.0053837816,0.08388894,0.0070609716,0.38619092,0.0142797455,null,null,null,null,"TWOGAUSSIANS",8,9.129784,0.19664975,0.002829465,0.4,0.0,0.4094448,0.020404639,0.70403916,0.0053837816,0.4,0.0,0.3813843,0.013497454
375316653866487564,4123689708343912192,0.5432724,2374.463249016253,0.8799495923475625,1.6796253E-5,18.971054,0.0059021604,0.3288292,0.0067116185,0.043256912,0.0069194688,0.075205036,0.0118712885,0.8127223,0.0014484982,0.040375687,0.0031273505,0.5211688,0.020890065,null,null,null,null,"TWOGAUSSIANS",8,2.7325861,0.8127223,0.0014484982,0.22610386,0.017513163,0.5211688,0.020890066,0.3288292,0.0067116185,0.24223872,0.038749024,0.075205036,0.01187129
375316653866487564,4123690051941483136,0.47184727,2385.9065355370044,0.20907751689367252,1.5782487E-5,18.13528,0.009113649,0.3002581,0.023086281,0.03858559,0.020421417,0.5117615,0.38169935,0.799948,0.003578509,0.04956665,0.017459849,0.2277697,0.10246965,null,null,null,null,"TWOGAUSSIANS",8,10.153199,0.3002581,0.023086281,0.2160793,0.11435994,0.5117614,0.38170397,0.799948,0.003578509,0.27757323,0.097775154,0.22776963,0.102475755
375316653866487564,4123690086257048448,0.5541329,2384.0987083520467,2.4294735100229934,7.1744093E-6,19.303835,0.010904563,0.24241048,0.0024304017,0.063863546,0.0042871707,0.6349449,0.028391358,0.73844373,0.0030531213,0.070783824,0.004453429,0.6700462,0.048044946,null,null,null,null,"TWOGAUSSIANS",8,3.838236,0.73844373,0.0030531213,0.3963894,0.01866513,0.6688619,0.048467156,0.24241048,0.0024304017,0.35763586,0.024008157,0.63376063,0.02866692
375316653866487564,4123690185032322560,0.51450926,2386.513672990174,2.4672050975027386,1.733803E-5,18.954939,0.09336172,0.2525253,0.0033049355,0.09382649,0.02181018,0.34423482,0.0827909,0.74679804,0.00988248,0.08513391,0.05059819,0.3339063,0.036349926,null,null,null,null,"TWOGAUSSIANS",8,4.6992865,0.2525253,0.0033212798,0.4,0.0,0.33173287,0.019559488,0.74679804,0.00988248,0.4,0.0,0.32140478,0.08281544
375316653866487564,4123690258055968640,0.5345886,2392.979361831203,2.371696093272706,1.30201815E-5,18.923546,0.018643145,0.25213024,0.0065238527,0.08617961,0.007833528,0.48993695,0.033613894,0.74365956,0.004186503,0.09523647,0.0070585543,0.46571526,0.017571349,null,null,null,null,"TWOGAUSSIANS",8,4.9891806,0.25213024,0.0065238527,0.4,0.0,0.47118494,0.032065906,0.74365956,0.004186503,0.4,0.0,0.44696227,0.012927976
375316653866487564,4123690326819342976,0.48629928,2449.864378435816,0.049507163981212146,3.6346264E-5,17.453716,0.0064969594,0.9017009,0.02600848,0.1081322,0.024828084,0.014437086,0.008259412,0.36530912,0.0028811574,0.014630422,0.0024271095,0.26436082,0.041482482,null,null,null,null,"TWOGAUSSIANS",8,6.3048096,0.36530912,0.0028811574,0.08193036,0.013591814,0.2643603,0.041483928,0.9017009,0.02600848,0.4,0.0,0.014435048,0.00824762
375316653866487564,4123690429859804544,0.4342532,2430.971391357663,3.1784100394196195,3.0622534E-5,19.795723,0.025779847,0.18191122,0.009035012,0.051007308,0.016199175,0.62149674,0.20787375,0.6680383,0.056660526,0.07076524,0.033156816,0.3243731,0.06895362,null,null,null,null,"TWOGAUSSIANS",8,7.2378345,0.18191122,0.009035012,0.28564093,0.090715386,0.62138325,0.20841593,0.6680383,0.056660526,0.39628536,0.16964225,0.3242596,0.0687341
375316653866487564,4123690532933546240,0.48517138,2368.492365644683,2.732699455065231,2.8174378E-5,19.023241,0.03395665,0.30562013,0.00727842,0.08833426,0.010539765,0.50802237,0.033390395,0.803643,0.007539021,0.09869892,0.010817161,0.45804334,0.033800453,null,null,null,null,"TWOGAUSSIANS",8,13.32517,0.30562013,0.00727842,0.4,0.0,0.48184654,0.023183774,0.803643,0.007539021,0.4,0.0,0.4318652,0.017824337
375316653866487564,4123690807855745408,0.43904573,2394.1061746402197,0.2732288086834386,4.9533588E-5,19.224108,0.17432772,0.2662429,0.117802046,0.05924183,0.08477147,0.096137635,0.027405132,0.62651587,0.08819658,0.20883088,0.16282432,0.17988771,0.14849882,null,null,null,null,"TWOGAUSSIANS",8,2.205968,0.62651587,0.08819658,0.4,0.0,0.15683843,0.03793839,0.27887288,0.39925882,0.33175427,0.14958571,0.11729385,0.057410832
375316653866487564,4123690945250940160,0.44170743,2397.917843233101,2.261365725424961,4.134959E-5,18.720572,0.005563403,null,null,null,null,null,null,null,null,null,null,null,null,0.054390404,0.006768221,0.25312135,0.011986965,"ELLIPSOIDAL",4,6.5631294,null,null,null,null,null,null,null,null,null,null,null,null
375316653866487564,4123691288892140928,0.571334,2380.430198281656,1.1655854504395529,8.986899E-6,17.675947,0.0029641604,0.22114305,0.0045746183,0.08749533,0.0067426376,0.08244103,0.0035814196,0.7078295,0.0014622787,0.07654587,0.0019548468,0.190712,0.004111484,null,null,null,null,"TWOGAUSSIANS",8,1.6083322,0.7078295,0.0014622787,0.4,0.0,0.18891641,0.003870905,0.22114305,0.0045746183,0.4,0.0,0.08064541,0.0034381729
375316653866487564,4123691666805442816,0.5630974,2382.926958727562,1.8224252750990964,2.1168555E-5,19.030615,0.012274974,0.26773578,0.0045868326,0.03641536,0.009472568,0.41709718,0.10421359,0.7631207,0.002339302,0.03328096,0.0035328448,0.48520032,0.036411773,0.14625782,0.017607708,0.26773578,0.0045868326,"TWOGAUSSIANS_WITH_ELLIPSOIDAL_ON_ECLIPSE1",9,5.0986867,0.7633507,0.0022199743,0.18637338,0.01978393,0.7774818,0.040615205,0.26773578,0.0045868326,0.20392603,0.05304638,0.70961225,0.11494289
375316653866487564,4123691804288264320,0.5285453,2404.0847394588072,1.3468777409647497,1.02669255E-5,17.492477,0.16379765,0.26698446,0.006793716,0.12347663,0.041384373,0.13695052,0.13929449,0.78303057,0.0096005555,0.13404542,0.111713104,0.0759191,0.16077352,null,null,null,null,"TWOGAUSSIANS",8,2.2598674,0.26679447,0.004068198,0.4,0.0,0.110570975,0.008257678,0.78333056,0.009507975,0.4,0.0,0.049466766,0.009298109
