Gaia/vari_eclipsing_binary/VariEclipsingBinary_302249-303999.csv
# %ECSV 1.0
# ---
# delimiter: ','
# meta: !!omap
# - RELEASE: Gaia DR3
# - TABLE: vari_eclipsing_binary
# - DESCRIPTION: >
#     This table describes the properties of the eclipsing binaries resulting from the variability analysis. 
# - CITATION: >
#     How to cite and acknowledge Gaia: 
#     https://gea.esac.esa.int/archive/documentation/credits.html 
# - KNOWN_ISSUES: >
#     Known issues: 
#     https://www.cosmos.esa.int/web/gaia-users/known-issues 
# - DOCUMENTATION: >
#     Tutorials and documentation: 
#     https://www.cosmos.esa.int/web/gaia-users/archive 
# datatype:
# - 
#   name: solution_id
#   datatype: int64
#   description: Solution Identifier
#   meta:
#     ucd: meta.version
# - 
#   name: source_id
#   datatype: int64
#   description: Unique source identifier
#   meta:
#     ucd: meta.id;meta.main
# - 
#   name: global_ranking
#   datatype: float32
#   description: Number between 0 (worst) and 1 (best)
#   meta:
#     ucd: stat.param
# - 
#   name: reference_time
#   datatype: float64
#   unit: d
#   description: Reference time used for the geometric model fit
#   meta:
#     ucd: time.epoch
# - 
#   name: frequency
#   datatype: float64
#   unit: d**-1
#   description: Frequency of geometric model of the eclipsing binary light curve
#   meta:
#     ucd: src.orbital
# - 
#   name: frequency_error
#   datatype: float32
#   unit: d**-1
#   description: "Uncertainty of \\texttt{frequency}"
#   meta:
#     ucd: stat.error
# - 
#   name: geom_model_reference_level
#   datatype: float32
#   unit: mag
#   description: Magnitude reference level of geometric model
#   meta:
#     ucd: phot.mag;em.opt
# - 
#   name: geom_model_reference_level_error
#   datatype: float32
#   unit: mag
#   description: "Uncertainty of \\texttt{geomModelReferenceLevel}"
#   meta:
#     ucd: stat.error;phot.mag;em.opt
# - 
#   name: geom_model_gaussian1_phase
#   datatype: float32
#   description: Phase of the Gaussian 1 component
#   meta:
#     ucd: time.phase
# - 
#   name: geom_model_gaussian1_phase_error
#   datatype: float32
#   description: "Uncertainty of \\texttt{geomModelGaussian1Phase}"
#   meta:
#     ucd: stat.error;time.phase
# - 
#   name: geom_model_gaussian1_sigma
#   datatype: float32
#   description: "Standard deviation [phase] of Gaussian 1 component"
#   meta:
#     ucd: stat.stdev
# - 
#   name: geom_model_gaussian1_sigma_error
#   datatype: float32
#   description: "Uncertainty of \\texttt{geomModelGaussian1Sigma}"
#   meta:
#     ucd: stat.error
# - 
#   name: geom_model_gaussian1_depth
#   datatype: float32
#   unit: mag
#   description: Magnitude depth of Gaussian 1 component
#   meta:
#     ucd: src.var.amplitude
# - 
#   name: geom_model_gaussian1_depth_error
#   datatype: float32
#   unit: mag
#   description: "Uncertainty of \\texttt{geomModelGaussian1Depth}"
#   meta:
#     ucd: stat.error;src.var.amplitude
# - 
#   name: geom_model_gaussian2_phase
#   datatype: float32
#   description: Phase of Gaussian 2 component
#   meta:
#     ucd: time.phase
# - 
#   name: geom_model_gaussian2_phase_error
#   datatype: float32
#   description: "Uncertainty of \\texttt{geomModelGaussian2Phase}"
#   meta:
#     ucd: stat.error;time.phase
# - 
#   name: geom_model_gaussian2_sigma
#   datatype: float32
[...]
#   datatype: float32
#   description: "Secondary eclipse: uncertainty of \\texttt{derivedSecondaryEclDuration}"
#   meta:
#     ucd: stat.error;time.duration
# - 
#   name: derived_secondary_ecl_depth
#   datatype: float32
#   unit: mag
#   description: "Secondary eclipse: depth"
#   meta:
#     ucd: src.var.amplitude
# - 
#   name: derived_secondary_ecl_depth_error
#   datatype: float32
#   unit: mag
#   description: "Secondary eclipse: uncertainty of \\texttt{derivedSecondaryEclDepth}"
#   meta:
#     ucd: stat.error;src.var.amplitude
solution_id,source_id,global_ranking,reference_time,frequency,frequency_error,geom_model_reference_level,geom_model_reference_level_error,geom_model_gaussian1_phase,geom_model_gaussian1_phase_error,geom_model_gaussian1_sigma,geom_model_gaussian1_sigma_error,geom_model_gaussian1_depth,geom_model_gaussian1_depth_error,geom_model_gaussian2_phase,geom_model_gaussian2_phase_error,geom_model_gaussian2_sigma,geom_model_gaussian2_sigma_error,geom_model_gaussian2_depth,geom_model_gaussian2_depth_error,geom_model_cosine_half_period_amplitude,geom_model_cosine_half_period_amplitude_error,geom_model_cosine_half_period_phase,geom_model_cosine_half_period_phase_error,model_type,num_model_parameters,reduced_chi2,derived_primary_ecl_phase,derived_primary_ecl_phase_error,derived_primary_ecl_duration,derived_primary_ecl_duration_error,derived_primary_ecl_depth,derived_primary_ecl_depth_error,derived_secondary_ecl_phase,derived_secondary_ecl_phase_error,derived_secondary_ecl_duration,derived_secondary_ecl_duration_error,derived_secondary_ecl_depth,derived_secondary_ecl_depth_error
[from data line 146]
375316653866487564,2667819867918802688,0.5403161,2349.5108425932854,0.6031584148613821,1.7115464E-5,12.827315,0.0018098658,0.327944,0.0017040534,0.021356989,0.0015661386,0.099726066,0.010278204,null,null,null,null,null,null,0.030458119,0.0021945166,0.327944,0.0017040534,"ONEGAUSSIAN_WITH_ELLIPSOIDAL",6,71.632355,0.327944,0.0017040534,0.119599134,0.0087703755,0.16064227,0.010114741,null,null,null,null,null,null
375316653866487564,2667861718080210176,0.56803024,2368.285321803407,2.7258965966558533,1.5110571E-5,12.098211,0.9830735,0.26832765,0.006889493,0.20325011,0.124736056,0.5188622,0.91439,0.7651089,0.0057912045,0.17398109,0.07446888,0.5115395,0.76883197,null,null,null,null,"TWOGAUSSIANS",8,107.68268,0.7651089,0.0057912045,0.4,0.0,0.14042197,0.0049959407,0.26980764,0.0056186486,0.4,0.0,0.11386282,0.0063175946
375316653866487564,2667862199116546688,0.59321946,2377.834116218709,0.5510270752161484,1.0710468E-6,16.113482,0.0016208653,0.6131294,9.888265E-6,0.015122098,6.857969E-5,0.6583897,1.508034E-4,null,null,null,null,null,null,null,null,null,null,"ONEGAUSSIAN",5,15.999106,0.6131294,9.888265E-6,0.084683746,3.840463E-4,0.6583897,0.0,null,null,null,null,null,null
375316653866487564,2667871265792903680,0.5566276,2329.03227495328,3.7819867201204715,8.309454E-6,16.43168,0.10629833,0.27296227,0.0026182034,0.10836905,0.023768365,0.24731487,0.10060934,0.76894104,0.0051500793,0.11304976,0.04340976,0.22604218,0.086845204,null,null,null,null,"TWOGAUSSIANS",8,11.970852,0.2729723,0.002637691,0.4,0.0,0.21195434,0.009093499,0.76894104,0.0051500793,0.4,0.0,0.19066773,0.023605902
375316653866487564,2667889618187793024,0.4677352,2366.7638285875537,0.768687205131892,2.4138972E-5,17.713305,0.028309159,0.21457236,0.02413138,0.029071765,0.020549623,0.72850674,0.27483946,0.7593805,0.00232994,0.033536147,0.0029329704,0.7306979,0.078481875,null,null,null,null,"TWOGAUSSIANS",8,7.8865047,0.7593805,0.00232994,0.18780243,0.016424634,0.7306979,0.078481875,0.21457236,0.02413138,0.16280189,0.11507789,0.72850674,0.27483946
375316653866487564,2667932151248797568,0.56262654,2353.1941212045426,3.575734550151801,5.816697E-6,19.50652,0.010559162,0.28670025,0.003118254,0.0867314,0.0046353685,0.40407825,0.017485008,0.7852666,0.00242349,0.08715993,0.0041936114,0.3397143,0.010109168,null,null,null,null,"TWOGAUSSIANS",8,0.62590796,0.28670025,0.003118254,0.4,0.0,0.39249256,0.017944375,0.7852666,0.00242349,0.4,0.0,0.3281286,0.0076367245
375316653866487564,2667957921052099712,0.56854326,2328.205304985228,2.540915941574406,3.1605265E-5,18.22643,0.0068296897,0.26878095,0.0056225867,0.09164731,0.012706098,0.11372635,0.011247891,0.78365946,0.009312557,0.063872136,0.009419346,0.36986023,0.018670844,null,null,null,null,"TWOGAUSSIANS",8,2.1908581,0.78365946,0.009312557,0.357684,0.052748337,0.36838785,0.018475348,0.26878095,0.0056225867,0.4,0.0,0.112253845,0.011729937
375316653866487564,2667967649153641088,0.5490854,2330.0600639988847,4.128731485889849,1.207343E-5,14.598976,0.013370736,0.25223327,0.0035964036,0.05222779,0.005788429,0.29187927,0.036281087,0.7730638,0.0057727285,0.046272054,0.00796798,0.19730674,0.035933778,0.118166536,0.018434856,0.25223327,0.0035964036,"TWOGAUSSIANS_WITH_ELLIPSOIDAL_ON_ECLIPSE1",9,135.32191,0.25223327,0.0035964036,0.29247564,0.032415204,0.5282086,0.025613178,0.7730638,0.0057727285,0.2591235,0.04462069,0.42961076,0.027037585
375316653866487564,2668024510225371776,0.51353914,2388.6274943835083,3.221486583522039,4.215464E-5,18.226067,0.02386478,0.26849705,0.032254122,0.04741175,0.028010746,0.20753376,0.13539073,0.74636966,0.0053649084,0.06294154,0.01363442,0.19204722,0.07248508,0.097795196,0.027233504,0.74636966,0.0053649084,"TWOGAUSSIANS_WITH_ELLIPSOIDAL_ON_ECLIPSE2",9,16.314495,0.26534703,0.029071633,0.26550582,0.15686019,0.3998266,0.14058706,0.74636966,0.0053649084,0.3524726,0.07635275,0.3875653,0.053979736
375316653866487564,2668087255402987648,0.47008538,2326.8623246993147,3.4458425600909584,1.5191509E-5,16.104326,0.010342865,0.2781939,0.00516656,0.0951986,0.014623872,0.09353125,0.010264416,0.77712697,0.0049426765,0.0924011,0.009477268,0.11468613,0.009602982,null,null,null,null,"TWOGAUSSIANS",8,14.795795,0.77712697,0.0049426765,0.4,0.0,0.10885211,0.005486689,0.2781939,0.00516656,0.4,0.0,0.08769714,0.009091686
375316653866487564,2668116529899842304,0.5331065,2388.850603124249,3.5351480565671265,2.365064E-5,15.27083,0.090150766,0.26311642,0.0054328395,0.1471669,0.021437451,0.28334615,0.08613617,0.7473121,0.0039053024,0.142601,0.019753495,0.27509525,0.08416168,null,null,null,null,"TWOGAUSSIANS",8,26.752697,0.26396644,0.005077178,0.4,0.0,0.17007789,0.0042610257,0.7473121,0.0039053024,0.4,0.0,0.16243622,0.0051303417
375316653866487564,2668131781328348416,0.4628648,2385.092452058093,3.9215034192602136,4.0073115E-5,19.734327,0.010337017,0.44523165,0.011974649,0.06942654,0.007379774,0.8982714,0.17496383,0.7462401,0.0101118805,0.025422998,0.02067913,0.093080476,0.09767676,null,null,null,null,"TWOGAUSSIANS",8,9.5659685,0.44523165,0.011974649,0.38878858,0.032735057,0.8982714,0.17496383,0.7462401,0.0101118805,0.1423688,0.11580312,0.09315487,0.097661786
375316653866487564,2668154046439099008,0.4423821,2338.8105029593335,2.22985765696059,2.9216348E-5,17.857157,0.0060269255,0.25396878,0.010307566,0.016741116,0.018366981,0.030070366,0.022348389,0.73453885,0.0034220007,0.028349966,0.0035481162,0.21480869,0.032389916,0.01803858,0.013254719,0.73453885,0.0034220007,"TWOGAUSSIANS_WITH_ELLIPSOIDAL_ON_ECLIPSE2",9,17.868635,0.73453885,0.0034220007,0.15875982,0.01986945,0.25088584,0.035270777,0.25346878,0.008187033,0.093750246,0.1028551,0.06562614,0.026570935
375316653866487564,2668197893760336768,0.45552295,2377.367507198889,3.0290491341276478,6.947185E-5,15.023324,0.0086704455,0.08221406,3.8788166E-5,0.007360365,2.650619E-4,2.3818855,0.23376898,0.5711579,0.018542796,0.015518798,0.017830126,0.24873005,133938.6,0.0038320387,0.009939672,0.08221406,3.8788166E-5,"TWOGAUSSIANS_WITH_ELLIPSOIDAL_ON_ECLIPSE1",9,1211.8868,0.08221406,3.8788166E-5,0.041218042,0.0014843467,2.3895497,0.24848354,0.5711679,0.018547172,0.08690526,0.09984871,0.25635722,133938.6
375316653866487564,2668299289348348416,0.5391579,2317.2488826007543,2.8201474116866683,6.487714E-6,12.634351,0.020904629,0.28187904,0.00699526,0.09714792,0.009920312,0.37085897,0.02221707,0.7765631,0.0031540983,0.08475901,0.007126129,0.38890657,0.019516546,null,null,null,null,"TWOGAUSSIANS",8,1092.3542,0.7765631,0.0031540983,0.4,0.0,0.37295043,0.015033236,0.28187904,0.00699526,0.4,0.0,0.3549015,0.016585102
375316653866487564,2668324200158674688,0.68718725,2334.5878812668925,2.7363392237502766,6.0710313E-6,14.601602,0.008283387,0.26464468,8.994616E-4,0.048509922,0.0025307331,0.43376297,0.019324154,0.75813115,0.0033791235,0.041383505,0.0051667443,0.42266244,0.020360595,0.12983556,0.0116423275,0.26464468,8.994616E-4,"TWOGAUSSIANS_WITH_ELLIPSOIDAL_ON_ECLIPSE1",9,65.554184,0.26464468,8.994616E-4,0.27165556,0.014172105,0.69343317,0.008389757,0.75863117,0.0032015366,0.23174764,0.028933767,0.68193126,0.007926563
375316653866487564,2668337012045715072,0.4843458,2407.0866835929437,3.375104257541158,2.245548E-5,16.968878,0.0109751215,0.30530074,0.017252076,0.06245637,0.015648648,0.094412,0.035185166,0.78212243,0.0059881583,0.06524287,0.012011152,0.06813469,0.027983196,0.045028213,0.01665548,0.78212243,0.0059881583,"TWOGAUSSIANS_WITH_ELLIPSOIDAL_ON_ECLIPSE2",9,30.715605,0.30006075,0.013117184,0.34975567,0.07342283,0.18294655,0.020028798,0.78212243,0.0059881583,0.36536008,0.06726245,0.15814012,0.009469288
375316653866487564,2668343746554455040,0.49724147,2396.828373240692,0.6668263581137529,6.126694E-5,18.715424,0.0044663227,0.43203408,5.904708E-4,0.010765052,6.323641E-4,0.44312584,0.01680842,0.9240253,0.004073056,0.020385122,0.0029335395,0.15773967,0.018550038,null,null,null,null,"TWOGAUSSIANS",8,6.5844717,0.43203408,5.904708E-4,0.06028429,0.003541239,0.44312584,0.01680842,0.9240253,0.004073056,0.11415668,0.01642782,0.15773967,0.018550038
375316653866487564,2668386318270328448,0.5156106,2439.6207980764816,2.018999698646369,3.4106943E-5,19.114069,0.010829553,0.37890753,0.002522587,0.046801906,0.0036525433,0.3607455,0.0334406,0.87039423,0.0087618455,0.057919707,0.013435708,0.13043344,0.013536542,null,null,null,null,"TWOGAUSSIANS",8,2.8894794,0.37890753,0.002522587,0.26209068,0.020454243,0.36074242,0.033440247,0.87039423,0.0087618455,0.32435036,0.07523997,0.13043037,0.013536072
375316653866487564,2668391437871131008,0.61600524,2447.258674364929,3.1041445995182815,1.6832766E-5,14.51449,0.017352393,0.21571489,0.0023643505,0.05153926,0.007973171,0.18323709,0.034097422,0.71712846,0.003605883,0.06849926,0.004583117,0.24502383,0.037065588,0.06758731,0.019202393,0.21571489,0.0023643505,"TWOGAUSSIANS_WITH_ELLIPSOIDAL_ON_ECLIPSE1",9,97.72193,0.71712846,0.0034064897,0.38359588,0.023989532,0.3799057,0.008069803,0.21571489,0.0023643505,0.28861985,0.044649754,0.3181296,0.00930135
375316653866487564,2668392709181683328,0.4529925,2436.80013597373,0.3724043267831636,6.345096E-5,18.173092,0.010750099,0.15806702,0.007856512,0.05281259,0.0052058804,0.087816276,0.01378629,0.43536747,0.0037444835,0.015079033,0.0029929397,0.37744027,0.03422679,null,null,null,null,"TWOGAUSSIANS",8,26.77877,0.43536747,0.0037444835,0.08444258,0.016760463,0.37744036,0.03422684,0.15806702,0.007856512,0.2957505,0.02915293,0.087816276,0.01378629
375316653866487564,2668436625222077952,0.43891144,2473.3063010819633,3.9682652359116957,3.391275E-5,18.972103,0.06141668,0.2133176,0.0027259067,0.012474249,0.0020620287,0.5983114,0.12422381,0.6646981,0.0149013465,0.06353373,0.041889645,0.8091568,1.0358698,null,null,null,null,"TWOGAUSSIANS",8,13.698403,0.6646981,0.0149013465,0.3557889,0.20339935,0.8091568,1.0358698,0.2133176,0.0027259067,0.069855794,0.0115473615,0.5983114,0.12422382
375316653866487564,2668458508080433024,0.4418603,2413.564439792147,1.2102150684912991,2.3253518E-4,17.936846,0.0048402306,0.46947077,0.01362113,0.09605957,0.013862234,0.08092569,0.008431523,0.6978905,0.005631942,0.020608598,0.016991572,0.19436629,50.190445,null,null,null,null,"TWOGAUSSIANS",8,6.150213,0.6978905,0.005631942,0.11540815,0.0951528,0.19915514,50.190823,0.46947077,0.01362113,0.4,0.0,0.08092547,0.008432028
375316653866487564,2668494379647828352,0.5017206,2464.718920750017,2.608436571447533,1.1706509E-5,19.293951,0.004706042,0.2931545,0.008065053,0.082472585,0.006972842,0.16925105,0.016228687,0.79216224,0.0025981967,0.059066523,0.004506821,0.37878522,0.03627628,null,null,null,null,"TWOGAUSSIANS",8,1.4903476,0.79216224,0.0025981967,0.33077252,0.025238197,0.3779079,0.03661162,0.2931545,0.008065053,0.4,0.0,0.1683737,0.016279629
375316653866487564,2668515858779303424,0.5052444,2451.8529806166553,0.08030469635332045,1.0184214E-4,17.212288,0.07637795,0.29844353,0.032785255,0.045864496,0.12210361,0.39480338,0.29165098,0.7524265,0.027297283,0.10915836,0.06847212,0.042503346,0.078429334,null,null,null,null,"TWOGAUSSIANS",8,14.68145,0.29844353,0.030583538,0.25684118,0.14288467,0.39481083,0.36135235,0.7524265,0.027297283,0.4,0.0,0.042503346,0.024790931
375316653866487564,2668571074878796032,0.51102185,2275.393454444853,1.4854978633162594,3.223319E-5,15.817076,0.0023832032,0.64097434,0.019136256,0.022422535,0.017834086,0.08962421,0.018558584,null,null,null,null,null,null,0.014874558,0.0039348966,0.64097434,0.019136256,"ONEGAUSSIAN_WITH_ELLIPSOIDAL",6,11.055998,0.64097434,0.019136256,0.1255662,0.099870875,0.11937332,0.02105839,null,null,null,null,null,null
375316653866487564,2668601238433584128,0.5566669,2287.67171790018,4.116370570459136,4.2112115E-5,17.769434,0.060354747,0.2613061,0.008001384,0.111907646,0.026261572,0.19171378,0.057669725,0.75538063,0.003712352,0.12750381,0.030988555,0.18406048,0.05737424,null,null,null,null,"TWOGAUSSIANS",8,2.6089702,0.2613661,0.007986429,0.4,0.0,0.15178064,0.010206806,0.75538063,0.003712352,0.4,0.0,0.14397435,0.009158392
375316653866487564,2668625771287385472,0.5684354,2341.820928307051,0.35222498939416436,6.4294127E-6,19.06164,0.003055016,0.20990546,1.5819027E-5,0.007104312,1.0425832E-4,1.247121,0.041087445,0.74346507,0.07006729,0.034230463,0.059290424,0.21141686,0.3170632,null,null,null,null,"TWOGAUSSIANS",8,0.7375143,0.20990546,1.5819027E-5,0.03978415,5.838466E-4,1.247121,0.04108745,0.74346507,0.07006729,0.19169058,0.21139851,0.21141686,0.31706324
375316653866487564,2668633158631704448,0.64885753,2160.190875113545,4.0097046915069665,1.22201E-5,16.699522,0.0061908104,0.25858188,0.005650319,0.06156084,0.004907931,0.38750046,0.009590734,0.7779574,0.0031880084,0.05837974,0.002660578,0.4605014,0.023849383,null,null,null,null,"TWOGAUSSIANS",8,7.5399942,0.7779574,0.0031880084,0.32692653,0.014899236,0.46043,0.023842875,0.25858188,0.005650319,0.3447407,0.027484415,0.38742906,0.009630986
375316653866487564,2668712499562081920,0.49771047,2421.7181713388404,4.926830150330957,3.272165E-5,14.034094,0.49738652,0.982638,0.009330732,0.0058315024,0.0037023514,0.10765047,0.33175248,0.5118436,0.0088516,0.28569084,0.16240062,0.27946717,0.4688939,null,null,null,null,"TWOGAUSSIANS",8,279.9728,0.5118436,0.0088516,0.4,0.0,0.15984033,0.008086403,0.982608,0.009327456,0.032656413,0.020733168,0.10895117,0.33165398
375316653866487564,2668727068091011584,0.6233103,2438.161980699259,3.620411032400247,4.4040908E-6,14.384283,0.009733125,0.24656668,0.0016848684,0.046105318,0.0045071202,0.2115086,0.02173869,0.7412331,0.0025793174,0.04781568,0.0030057617,0.2562248,0.024818093,0.0727257,0.012921871,0.24656668,0.0016848684,"TWOGAUSSIANS_WITH_ELLIPSOIDAL_ON_ECLIPSE1",9,55.17881,0.74173313,0.002316554,0.26776782,0.016832266,0.40152743,0.011047805,0.24656668,0.0016848684,0.25818977,0.025239874,0.35695934,0.005781637
375316653866487564,2668781180383769216,0.5263998,2452.5046933547637,1.371443289610801,2.7340864E-5,17.36534,0.004589487,0.25934884,0.0058493987,0.0806827,0.0088289725,0.13628,0.011880651,0.74620867,0.0025313923,0.037205584,0.0024470408,0.3855184,0.015602454,null,null,null,null,"TWOGAUSSIANS",8,13.458395,0.74620867,0.0025313923,0.20835128,0.013703428,0.38549176,0.015603465,0.25934884,0.0058493987,0.4,0.0,0.13625337,0.011899835
375316653866487564,2668784032242084864,0.569522,2464.443965087873,3.7671191050871373,6.84288E-6,19.286709,0.010354112,0.26508033,0.0030288578,0.04155421,0.008460226,0.3308646,0.09292268,0.7651631,0.0017632848,0.031055411,0.0050800852,0.79581374,0.10634077,0.042240057,0.013357379,0.26508033,0.0030288578,"TWOGAUSSIANS_WITH_ELLIPSOIDAL_ON_ECLIPSE1",9,2.3165708,0.7651631,0.0017623695,0.1739103,0.028448477,0.88029385,0.12483391,0.26508033,0.0030288578,0.23270357,0.047377262,0.41534472,0.08983897
375316653866487564,2668801285126049152,0.58669657,2457.6409063132423,3.1701020700076357,4.9737982E-6,15.805351,0.005068267,0.2140057,0.001732263,0.09736113,0.003256503,0.18803072,0.005165255,0.7141071,0.0024663277,0.09025429,0.005963605,0.14366044,0.0059737675,null,null,null,null,"TWOGAUSSIANS",8,7.7554584,0.2140057,0.001732263,0.4,0.0,0.17857933,0.0034840878,0.7141071,0.0024663277,0.4,0.0,0.13420969,0.0067522675
375316653866487564,2668896495961156864,0.5345176,2422.3200690767685,0.7374957427543332,9.220336E-6,15.026817,0.0020098547,0.51523095,0.010059296,0.0093063535,0.0071447194,0.17862064,2.1526046,0.849925,0.0018884623,0.013889509,0.0014620185,0.1716954,0.020011408,0.0035842028,0.003270625,0.51523095,0.010059296,"TWOGAUSSIANS_WITH_ELLIPSOIDAL_ON_ECLIPSE1",9,51.02261,0.51523095,0.010059296,0.05211558,0.04001043,0.18578903,2.1528835,0.849965,0.0018893568,0.07778125,0.008187303,0.1735417,0.020232478
