Gaia/vari_eclipsing_binary/VariEclipsingBinary_675115-675135.csv
# %ECSV 1.0
# ---
# delimiter: ','
# meta: !!omap
# - RELEASE: Gaia DR3
# - TABLE: vari_eclipsing_binary
# - DESCRIPTION: >
#     This table describes the properties of the eclipsing binaries resulting from the variability analysis. 
# - CITATION: >
#     How to cite and acknowledge Gaia: 
#     https://gea.esac.esa.int/archive/documentation/credits.html 
# - KNOWN_ISSUES: >
#     Known issues: 
#     https://www.cosmos.esa.int/web/gaia-users/known-issues 
# - DOCUMENTATION: >
#     Tutorials and documentation: 
#     https://www.cosmos.esa.int/web/gaia-users/archive 
# datatype:
# - 
#   name: solution_id
#   datatype: int64
#   description: Solution Identifier
#   meta:
#     ucd: meta.version
# - 
#   name: source_id
#   datatype: int64
#   description: Unique source identifier
#   meta:
#     ucd: meta.id;meta.main
# - 
#   name: global_ranking
#   datatype: float32
#   description: Number between 0 (worst) and 1 (best)
#   meta:
#     ucd: stat.param
# - 
#   name: reference_time
#   datatype: float64
#   unit: d
#   description: Reference time used for the geometric model fit
#   meta:
#     ucd: time.epoch
# - 
#   name: frequency
#   datatype: float64
#   unit: d**-1
#   description: Frequency of geometric model of the eclipsing binary light curve
#   meta:
#     ucd: src.orbital
# - 
#   name: frequency_error
#   datatype: float32
#   unit: d**-1
#   description: "Uncertainty of \\texttt{frequency}"
#   meta:
#     ucd: stat.error
# - 
#   name: geom_model_reference_level
#   datatype: float32
#   unit: mag
#   description: Magnitude reference level of geometric model
#   meta:
#     ucd: phot.mag;em.opt
# - 
#   name: geom_model_reference_level_error
#   datatype: float32
#   unit: mag
#   description: "Uncertainty of \\texttt{geomModelReferenceLevel}"
#   meta:
#     ucd: stat.error;phot.mag;em.opt
# - 
#   name: geom_model_gaussian1_phase
#   datatype: float32
#   description: Phase of the Gaussian 1 component
#   meta:
#     ucd: time.phase
# - 
#   name: geom_model_gaussian1_phase_error
#   datatype: float32
#   description: "Uncertainty of \\texttt{geomModelGaussian1Phase}"
#   meta:
#     ucd: stat.error;time.phase
# - 
#   name: geom_model_gaussian1_sigma
#   datatype: float32
#   description: "Standard deviation [phase] of Gaussian 1 component"
#   meta:
#     ucd: stat.stdev
# - 
#   name: geom_model_gaussian1_sigma_error
#   datatype: float32
#   description: "Uncertainty of \\texttt{geomModelGaussian1Sigma}"
#   meta:
#     ucd: stat.error
# - 
#   name: geom_model_gaussian1_depth
#   datatype: float32
#   unit: mag
#   description: Magnitude depth of Gaussian 1 component
#   meta:
#     ucd: src.var.amplitude
# - 
#   name: geom_model_gaussian1_depth_error
#   datatype: float32
#   unit: mag
#   description: "Uncertainty of \\texttt{geomModelGaussian1Depth}"
#   meta:
#     ucd: stat.error;src.var.amplitude
# - 
#   name: geom_model_gaussian2_phase
#   datatype: float32
#   description: Phase of Gaussian 2 component
#   meta:
#     ucd: time.phase
# - 
#   name: geom_model_gaussian2_phase_error
#   datatype: float32
#   description: "Uncertainty of \\texttt{geomModelGaussian2Phase}"
#   meta:
#     ucd: stat.error;time.phase
# - 
#   name: geom_model_gaussian2_sigma
#   datatype: float32
[...]
#   datatype: float32
#   description: "Secondary eclipse: uncertainty of \\texttt{derivedSecondaryEclDuration}"
#   meta:
#     ucd: stat.error;time.duration
# - 
#   name: derived_secondary_ecl_depth
#   datatype: float32
#   unit: mag
#   description: "Secondary eclipse: depth"
#   meta:
#     ucd: src.var.amplitude
# - 
#   name: derived_secondary_ecl_depth_error
#   datatype: float32
#   unit: mag
#   description: "Secondary eclipse: uncertainty of \\texttt{derivedSecondaryEclDepth}"
#   meta:
#     ucd: stat.error;src.var.amplitude
solution_id,source_id,global_ranking,reference_time,frequency,frequency_error,geom_model_reference_level,geom_model_reference_level_error,geom_model_gaussian1_phase,geom_model_gaussian1_phase_error,geom_model_gaussian1_sigma,geom_model_gaussian1_sigma_error,geom_model_gaussian1_depth,geom_model_gaussian1_depth_error,geom_model_gaussian2_phase,geom_model_gaussian2_phase_error,geom_model_gaussian2_sigma,geom_model_gaussian2_sigma_error,geom_model_gaussian2_depth,geom_model_gaussian2_depth_error,geom_model_cosine_half_period_amplitude,geom_model_cosine_half_period_amplitude_error,geom_model_cosine_half_period_phase,geom_model_cosine_half_period_phase_error,model_type,num_model_parameters,reduced_chi2,derived_primary_ecl_phase,derived_primary_ecl_phase_error,derived_primary_ecl_duration,derived_primary_ecl_duration_error,derived_primary_ecl_depth,derived_primary_ecl_depth_error,derived_secondary_ecl_phase,derived_secondary_ecl_phase_error,derived_secondary_ecl_duration,derived_secondary_ecl_duration_error,derived_secondary_ecl_depth,derived_secondary_ecl_depth_error
[from data line 593]
375316653866487564,5938520580095931648,0.58306813,2237.9735764738457,2.52930883403915,6.447907E-6,16.316721,0.012968826,0.22299634,0.0040494064,0.09603705,0.005767893,0.38936254,0.01529503,0.72575474,0.0014756123,0.09154227,0.004092173,0.37801743,0.013291399,null,null,null,null,"TWOGAUSSIANS",8,18.915533,0.22299634,0.0040494064,0.4,0.0,0.36822313,0.012670645,0.72575474,0.0014756123,0.4,0.0,0.3568788,0.011107663
375316653866487564,5938521542135575936,0.5321505,2252.787034454139,2.672821278986283,1.0930786E-5,18.334007,0.023845965,0.20053549,0.0036237722,0.08352474,0.007956023,0.23754336,0.02535661,0.691138,0.0034511816,0.0844507,0.010914291,0.27429658,0.02051948,null,null,null,null,"TWOGAUSSIANS",8,5.268014,0.691138,0.0034511816,0.4,0.0,0.26915497,0.016958037,0.20053549,0.0036237722,0.4,0.0,0.23240174,0.019928642
375316653866487564,5938521572174775808,0.455705,2249.4370325052637,0.9177526422140058,3.0352423E-5,18.476591,0.014881804,0.24647993,0.0065696817,0.06737561,0.010061557,0.2256915,0.020221818,0.7457923,0.03109449,0.05159861,0.03803815,0.12233752,0.19534646,null,null,null,null,"TWOGAUSSIANS",8,11.633219,0.24647993,0.0065696817,0.37730342,0.05634472,0.22564259,0.020183466,0.7457923,0.03109449,0.2889522,0.2093615,0.12228861,0.19541043
375316653866487564,5938522259369556224,0.6138417,2250.0459117783525,2.1459102046518015,1.3259821E-5,16.14581,0.006078437,0.23449942,0.00200128,0.09880772,0.0035793274,0.24090426,0.0062447554,0.7315519,0.0021551035,0.100659646,0.0041638156,0.2296925,0.006502537,null,null,null,null,"TWOGAUSSIANS",8,6.133748,0.23449942,0.00200128,0.4,0.0,0.2213265,0.0044562332,0.7315519,0.0021551035,0.4,0.0,0.21011406,0.0050443886
375316653866487564,5938522263689752832,0.52978575,2244.6489004706864,1.9454308166308665,2.2071441E-5,18.344076,0.009775612,0.1812332,0.0018582076,0.078192346,0.003361184,0.46191677,0.014749953,0.6843512,0.0037952848,0.07711709,0.005218926,0.41488433,0.018733814,null,null,null,null,"TWOGAUSSIANS",8,8.311484,0.1812332,0.0018582076,0.4,0.0,0.45730725,0.014478903,0.6843512,0.0037952848,0.4,0.0,0.4102748,0.019101601
375316653866487564,5938522499887711616,0.4471374,2236.5078159795567,1.2197635538351297,2.441875E-5,18.11196,0.0032356733,0.75264865,0.0045864363,0.01931195,0.0031736526,0.40928406,0.51474345,null,null,null,null,null,null,0.017952714,0.005301372,0.75264865,0.0045864363,"ONEGAUSSIAN_WITH_ELLIPSOIDAL",6,8.702187,0.75264865,0.0045864363,0.10814692,0.017772455,0.44518945,0.5149673,null,null,null,null,null,null
375316653866487564,5938522534260763392,0.44383222,2246.4957499508355,4.9768920297444295,2.1687367E-4,18.232334,0.43562582,0.09145488,0.023132797,0.064550415,0.022125471,0.11880041,0.05828972,0.6619742,0.019163145,0.24926437,0.15145811,0.38119128,0.4197699,null,null,null,null,"TWOGAUSSIANS",8,20.93274,0.6619742,0.019163145,0.4,0.0,0.25637528,0.037261594,0.07671488,0.021659674,0.36148232,0.12390264,0.110392295,0.042290557
375316653866487564,5938523878622459904,0.43770418,2287.412326331613,2.4143157726485236,7.387453E-5,19.390127,0.026590308,0.30074742,0.021571893,0.07067191,0.025695825,0.21181066,0.033617426,0.7437577,0.011433613,0.091614276,0.019969773,0.16898344,0.025071738,null,null,null,null,"TWOGAUSSIANS",8,5.9562964,0.30074742,0.021547576,0.3957627,0.05581054,0.21079138,0.030571748,0.7437577,0.011433613,0.4,0.0,0.16796274,0.018495983
375316653866487564,5938523977354283904,0.5344632,2258.197777425551,2.323461851317491,1.17054215E-5,16.222776,0.0249412,0.2529142,0.0022854672,0.111194275,0.014999563,0.14206935,0.021547988,0.7483734,0.003642484,0.12441687,0.018090392,0.14129248,0.022023488,null,null,null,null,"TWOGAUSSIANS",8,6.0544386,0.2529442,0.0022937055,0.4,0.0,0.11360697,0.009307855,0.7483734,0.003642484,0.4,0.0,0.112753004,0.005531195
375316653866487564,5938523981688549760,0.57087994,2274.2744380315503,3.0208492861709013,1.8932913E-5,19.694174,0.0117026195,0.2677984,0.0041322643,0.065296374,0.0042826575,0.65446365,0.013195377,0.77017456,0.0026750097,0.063807644,0.0050012716,0.65498304,0.02083906,null,null,null,null,"TWOGAUSSIANS",8,2.5968528,0.77017456,0.0026750097,0.3573228,0.028007122,0.65430844,0.020925948,0.2677984,0.0041322643,0.3656597,0.023982882,0.653789,0.012947517
375316653866487564,5938524080433584768,0.56173205,2270.2227863999515,2.2109477766908783,8.627401E-6,17.477697,0.010737906,0.27532598,0.00208028,0.08439165,0.005307037,0.34050462,0.017903227,0.78117645,0.0038084202,0.094473325,0.006401082,0.31909326,0.0155311,null,null,null,null,"TWOGAUSSIANS",8,5.743242,0.27532598,0.00208028,0.4,0.0,0.32846734,0.019331137,0.78117645,0.0038084202,0.4,0.0,0.30705544,0.015765611
375316653866487564,5938524153482423552,0.54505247,2305.924445190654,3.234169167461889,2.5764108E-5,18.945332,0.019828599,0.2599931,0.0065281573,0.080496565,0.009381931,0.330829,0.028657848,0.76110345,0.0036430168,0.08785056,0.0069990004,0.3602442,0.023667261,null,null,null,null,"TWOGAUSSIANS",8,3.0642574,0.76110345,0.0036430168,0.4,0.0,0.35201216,0.022018472,0.2599931,0.0065281573,0.4,0.0,0.32259703,0.028369265
375316653866487564,5938524497079871872,0.50537425,2240.8942180971276,3.7593500564519657,2.6375334E-5,19.69477,0.024887357,0.15863608,0.0044867247,0.075488985,0.00955751,0.47037533,0.06115667,0.6480598,0.00867718,0.095677406,0.01103015,0.31293422,0.030610273,null,null,null,null,"TWOGAUSSIANS",8,1.9702767,0.15863608,0.0044867247,0.4,0.0,0.46173424,0.06530183,0.6480598,0.00867718,0.4,0.0,0.3042923,0.026892105
375316653866487564,5938525115555338496,0.4770547,2276.6746113520167,0.12170885660299002,1.7606573E-4,19.845547,0.00884717,0.21288688,0.045901887,0.08734982,0.030735373,0.09059559,0.047873866,0.5857231,0.008127039,0.04022882,0.013458919,0.43051168,0.1391478,null,null,null,null,"TWOGAUSSIANS",8,1.5380917,0.5857231,0.008127039,0.2252814,0.07536995,0.43052018,0.13914974,0.21288688,0.045901887,0.4,0.061602708,0.09059406,0.04787531
375316653866487564,5938525321714012416,0.50669974,2252.995823933426,4.942494553702274,4.7660622E-5,19.158457,0.7032091,0.10701287,0.016285162,0.10070559,0.021273049,0.20847568,0.13825841,0.58309114,0.0050320737,0.27275455,0.117152214,0.91023815,0.68393093,null,null,null,null,"TWOGAUSSIANS",8,4.835116,0.58309114,0.0050320737,0.4,0.0,0.42421558,0.032661512,0.13460287,0.6060036,0.4,0.0,0.06596609,0.4640818
375316653866487564,5938525351747598976,0.53922015,2269.9149498157635,2.71459787719259,1.1536103E-5,15.268269,0.059870735,0.3584163,0.0026742807,0.19440924,0.01803847,0.34709847,0.054484047,0.85543376,0.0031288797,0.17809509,0.01827985,0.2860221,0.05084045,null,null,null,null,"TWOGAUSSIANS",8,10.146368,0.3594763,0.002529476,0.4,0.0,0.10420965,0.003775446,0.85543376,0.0031288797,0.4,0.0,0.057437643,0.0034951447
375316653866487564,5938525562232057216,0.5650098,2260.4584874600405,1.2261878132542274,1.6711705E-5,19.111519,0.008603518,0.23475717,0.0017133639,0.051890474,0.002164881,0.8636964,0.056570824,0.72554356,0.006430582,0.07578813,0.0058240597,0.2384404,0.017862448,null,null,null,null,"TWOGAUSSIANS",8,4.8984933,0.23475717,0.0017133639,0.29058665,0.012123333,0.8634245,0.05661852,0.72554356,0.006430582,0.4,0.0,0.23816846,0.017874122
375316653866487564,5938525660982523520,0.531063,2268.9847839574045,0.9746360058879301,9.446651E-6,17.86997,0.0048277588,0.18054914,0.009891669,0.08969406,0.012236776,0.07118695,0.005559213,0.66925246,0.0027869206,0.06883306,0.005031055,0.117964245,0.005239644,null,null,null,null,"TWOGAUSSIANS",8,1.3549724,0.66925246,0.0027869206,0.38546515,0.028173909,0.117003195,0.004858563,0.18054914,0.009891669,0.4,0.0,0.07022587,0.0051269764
375316653866487564,5938525665311275264,0.5628413,2296.72543579812,2.5566830000028924,1.3772479E-5,16.850838,0.009741138,0.2897945,0.002476652,0.08768008,0.0047259256,0.3914615,0.0066533647,0.78207594,0.00418491,0.08608745,0.004960759,0.42303368,0.017456545,null,null,null,null,"TWOGAUSSIANS",8,23.972424,0.78207594,0.00418491,0.4,0.0,0.4116436,0.01723641,0.2897945,0.002476652,0.4,0.0,0.3800714,0.006736558
375316653866487564,5938525729702135040,0.56809646,2277.4371880582835,2.3474734793118954,1.0927563E-5,17.784365,0.01052725,0.2711473,0.002571543,0.046281092,0.0032365527,0.5007039,0.029053036,0.7564578,0.009970196,0.02873177,0.03688711,0.010476696,0.06456759,0.10601434,0.017694386,0.7564578,0.009970196,"TWOGAUSSIANS_WITH_ELLIPSOIDAL_ON_ECLIPSE2",9,20.748549,0.27016732,0.0019783971,0.2591741,0.018124696,0.71104974,0.01999127,0.7564578,0.009970196,0.16089791,0.20656781,0.22250414,0.051373135
375316653866487564,5938525764061931008,0.45413816,2296.7618788065865,0.11734470272064307,3.2627067E-5,16.244215,0.024393255,0.055099115,0.014135049,0.03889946,0.015257355,0.026848612,0.009752971,0.5789423,0.009531677,0.19798802,0.03549616,0.15362307,0.022945112,null,null,null,null,"TWOGAUSSIANS",8,7.621812,0.5789423,0.009531677,0.4,0.0,0.1352797,0.015004286,0.052499115,0.0131894145,0.21783698,0.08544119,0.021717425,0.008647387
375316653866487564,5938526146347385472,0.5337851,2274.96153381534,3.0967521409319425,2.1221145E-5,18.15213,0.008594104,0.19975923,0.006808707,0.08281323,0.0071466714,0.19761488,0.01541443,0.6816947,0.004812873,0.07782951,0.0061105867,0.25376076,0.0117803505,null,null,null,null,"TWOGAUSSIANS",8,4.514529,0.6816947,0.004812873,0.4,0.0,0.25130436,0.012123143,0.19975923,0.006808707,0.4,0.0,0.19515845,0.0154124405
375316653866487564,5938526451256702080,0.55030805,2260.898448084014,2.132752783634212,8.0625305E-6,18.064718,0.015300984,0.30682686,0.0037495655,0.09844554,0.0070048263,0.26533863,0.01693788,0.80373245,0.0032834904,0.0905417,0.0071112616,0.287733,0.014920109,null,null,null,null,"TWOGAUSSIANS",8,4.049666,0.80373245,0.0032834904,0.4,0.0,0.27180314,0.012365759,0.30682686,0.0037495655,0.4,0.0,0.24940759,0.013638819
375316653866487564,5938526455585292544,0.4305056,2256.6381167465156,4.610915531106436,7.062142E-5,19.818106,0.03622694,0.13232405,0.017206704,0.01889624,0.012647648,0.14418457,0.059355468,0.48994803,0.016406605,0.15960456,0.026189232,0.44194707,0.05762127,null,null,null,null,"TWOGAUSSIANS",8,12.510295,0.48994803,0.016406605,0.4,0.0,0.43541124,0.061142072,0.13358405,0.018675836,0.10581895,0.07082683,0.17400223,0.064418055
375316653866487564,5938526455602930560,0.50099844,2240.285517787215,0.23137042345287784,5.9828676E-6,14.913636,0.0028036071,0.36429238,0.0031907633,0.01553657,0.002257202,0.11686826,0.012503904,0.86225224,0.0062775295,0.030760963,0.009306153,0.04689724,0.008873566,0.0034663242,0.003837122,0.36429238,0.0031907633,"TWOGAUSSIANS_WITH_ELLIPSOIDAL_ON_ECLIPSE1",9,37.142956,0.36429238,0.0031907633,0.087004796,0.012640332,0.123800896,0.010355081,0.86227226,0.0061732926,0.17226139,0.052114457,0.053828754,0.012136799
375316653866487564,5938526455602933760,0.54319626,2244.045206676243,1.4847723479158503,9.4637835E-6,13.790721,0.055279307,0.3281737,0.008178434,0.14415017,0.0630051,0.092941955,0.052661482,0.82277304,0.0019766754,0.10096203,0.012953569,0.12293399,0.042847764,null,null,null,null,"TWOGAUSSIANS",8,22.487118,0.82277304,0.0019766754,0.4,0.0,0.099235594,0.0023486894,0.3281737,0.008178696,0.4,0.0,0.06878762,0.0067173755
375316653866487564,5938526867902254592,0.5558453,2273.5108456658604,1.221263542433382,1.9878467E-5,17.49987,0.08059084,0.2135353,0.0074177366,0.14749937,0.044811133,0.23474519,0.07074226,0.6944021,0.0056012105,0.09737935,0.012109272,0.47892168,0.06748338,null,null,null,null,"TWOGAUSSIANS",8,11.818894,0.6944021,0.0056012105,0.4,0.0,0.4185986,0.015751945,0.2135453,0.0074183354,0.4,0.0,0.17279021,0.021006078
375316653866487564,5938527280219313408,0.46162573,2269.4923869808704,1.8490626426979226,6.3760104E-5,19.29172,0.333371,0.29757017,0.009437679,0.09211875,0.059245963,0.23821437,0.28261706,0.7928533,0.045680676,0.07983418,0.21266836,0.12704062,0.30455673,null,null,null,null,"TWOGAUSSIANS",8,3.6725519,0.29757017,0.008033583,0.4,0.0,0.23345403,0.035007045,0.7928533,0.046110805,0.4,0.03807674,0.12228048,0.021107694
375316653866487564,5938527378969996032,0.4653334,2267.7374727895717,1.3425840278082442,1.06403546E-4,18.867496,0.012844873,0.29673472,0.03562204,0.07400637,0.04958214,0.19527556,0.14264922,0.790004,0.006550119,0.040320206,0.005985258,0.41067296,0.047246452,null,null,null,null,"TWOGAUSSIANS",8,12.711008,0.790004,0.006550119,0.22579315,0.033517446,0.41064692,0.047211967,0.29673472,0.03562204,0.4,0.16325207,0.19524951,0.14290546
375316653866487564,5938528031805478144,0.69341326,2226.0684839845576,2.161674232966357,4.2536776E-6,16.327103,0.0047633066,0.30173633,7.681695E-4,0.046278097,0.002242122,0.29447985,0.010849686,0.8032753,0.0015588822,0.048168134,0.0023001938,0.27939653,0.011837927,0.13238434,0.006041863,0.30173633,7.681695E-4,"TWOGAUSSIANS_WITH_ELLIPSOIDAL_ON_ECLIPSE1",9,5.672728,0.30173633,7.681695E-4,0.25915736,0.012555883,0.55924773,0.0053036637,0.8032753,0.0015588822,0.26974154,0.012881085,0.5441396,0.00871885
375316653866487564,5938528993877743360,0.5503572,2264.382760243013,2.6855861199797877,1.1685264E-5,16.82062,0.012209292,0.30386877,0.024899457,0.025647778,0.01987722,0.1847876,0.032491744,0.76653,0.0031654171,0.04550792,0.009907036,0.13397177,0.03526423,0.16152672,0.01634994,0.76653,0.0031654171,"TWOGAUSSIANS_WITH_ELLIPSOIDAL_ON_ECLIPSE2",9,37.811733,0.30082875,0.024235772,0.14362757,0.11131243,0.4917749,0.023836674,0.76653,0.0031654171,0.25484437,0.0554794,0.45702517,0.023932317
375316653866487564,5938529268755800448,0.49270734,2251.106569567951,1.8673048405632766,2.2896575E-5,18.683271,0.029285181,0.13915531,0.00841095,0.105049275,0.02380863,0.16254407,0.026000602,0.6460726,0.0058177225,0.09767891,0.015746145,0.22015467,0.024984386,null,null,null,null,"TWOGAUSSIANS",8,2.7363636,0.6460726,0.0058279815,0.4,0.0,0.20371243,0.012359566,0.13915531,0.008418113,0.4,0.0,0.14609869,0.014552184
375316653866487564,5938529307444794240,0.49145365,2259.4368975686184,2.511640322190002,4.1314932E-5,19.049696,0.019239511,0.10337426,0.008156404,0.05074605,0.0052116467,0.6247369,0.12637879,0.61517936,0.004183004,0.064703256,0.0073582847,0.69212824,0.07337733,null,null,null,null,"TWOGAUSSIANS",8,14.944604,0.61517936,0.004183004,0.36233822,0.041206393,0.6920573,0.0734994,0.10337426,0.008156404,0.28417787,0.029185222,0.624666,0.12639326
375316653866487564,5938529754121794688,0.44183704,2246.605292319008,1.0493494541416828,1.816112E-5,19.504677,0.0057812156,0.16676635,0.002935183,0.032766327,0.0024737576,0.19823907,0.016992347,0.6734177,0.0058084535,0.034337845,0.0044624475,0.24433069,0.06678204,null,null,null,null,"TWOGAUSSIANS",8,2.5108068,0.6734177,0.0058084535,0.19229192,0.024989706,0.24433069,0.06678204,0.16676635,0.002935183,0.18349142,0.013853042,0.19823907,0.016992347
375316653866487564,5938529822844351104,0.4801232,2268.6338328222223,3.207508160298454,6.313605E-5,19.768059,0.02047908,0.2970108,0.0063267285,0.069855414,0.014558708,0.363974,0.09811631,0.7944949,0.003905059,0.065764286,0.006178255,0.37886655,0.040100392,null,null,null,null,"TWOGAUSSIANS",8,2.332249,0.7944949,0.003905059,0.36828,0.03459823,0.3780921,0.04000373,0.2970108,0.0063267285,0.39119032,0.036215458,0.36319956,0.099498905
375316653866487564,5938529921590731520,0.49024156,2238.2689450475814,3.3674004163130413,2.6708221E-5,18.814302,0.041990303,0.26254615,0.0045820647,0.070620276,0.010458618,0.2965382,0.03572628,0.76148,0.014381398,0.14807774,0.04772556,0.14073226,0.036413062,null,null,null,null,"TWOGAUSSIANS",8,3.7364511,0.26255614,0.0046003056,0.39547357,0.04214546,0.27432787,0.019229354,0.76148,0.014381398,0.4,0.0,0.11758058,0.014310691
375316653866487564,5938530132082007040,0.5411756,2271.5302558356243,2.768883356097733,1.3845716E-5,19.141876,0.0107629495,0.2461288,0.004288955,0.08874319,0.0056203427,0.3933981,0.019994007,0.7477906,0.004523895,0.075627156,0.0059335423,0.3976565,0.037993513,null,null,null,null,"TWOGAUSSIANS",8,2.381494,0.7477906,0.004523895,0.4,0.0,0.39017916,0.039502814,0.2461288,0.004288955,0.4,0.0,0.38592067,0.020320812
