Gaia/vari_eclipsing_binary/VariEclipsingBinary_466319-466344.csv
# %ECSV 1.0
# ---
# delimiter: ','
# meta: !!omap
# - RELEASE: Gaia DR3
# - TABLE: vari_eclipsing_binary
# - DESCRIPTION: >
#     This table describes the properties of the eclipsing binaries resulting from the variability analysis. 
# - CITATION: >
#     How to cite and acknowledge Gaia: 
#     https://gea.esac.esa.int/archive/documentation/credits.html 
# - KNOWN_ISSUES: >
#     Known issues: 
#     https://www.cosmos.esa.int/web/gaia-users/known-issues 
# - DOCUMENTATION: >
#     Tutorials and documentation: 
#     https://www.cosmos.esa.int/web/gaia-users/archive 
# datatype:
# - 
#   name: solution_id
#   datatype: int64
#   description: Solution Identifier
#   meta:
#     ucd: meta.version
# - 
#   name: source_id
#   datatype: int64
#   description: Unique source identifier
#   meta:
#     ucd: meta.id;meta.main
# - 
#   name: global_ranking
#   datatype: float32
#   description: Number between 0 (worst) and 1 (best)
#   meta:
#     ucd: stat.param
# - 
#   name: reference_time
#   datatype: float64
#   unit: d
#   description: Reference time used for the geometric model fit
#   meta:
#     ucd: time.epoch
# - 
#   name: frequency
#   datatype: float64
#   unit: d**-1
#   description: Frequency of geometric model of the eclipsing binary light curve
#   meta:
#     ucd: src.orbital
# - 
#   name: frequency_error
#   datatype: float32
#   unit: d**-1
#   description: "Uncertainty of \\texttt{frequency}"
#   meta:
#     ucd: stat.error
# - 
#   name: geom_model_reference_level
#   datatype: float32
#   unit: mag
#   description: Magnitude reference level of geometric model
#   meta:
#     ucd: phot.mag;em.opt
# - 
#   name: geom_model_reference_level_error
#   datatype: float32
#   unit: mag
#   description: "Uncertainty of \\texttt{geomModelReferenceLevel}"
#   meta:
#     ucd: stat.error;phot.mag;em.opt
# - 
#   name: geom_model_gaussian1_phase
#   datatype: float32
#   description: Phase of the Gaussian 1 component
#   meta:
#     ucd: time.phase
# - 
#   name: geom_model_gaussian1_phase_error
#   datatype: float32
#   description: "Uncertainty of \\texttt{geomModelGaussian1Phase}"
#   meta:
#     ucd: stat.error;time.phase
# - 
#   name: geom_model_gaussian1_sigma
#   datatype: float32
#   description: "Standard deviation [phase] of Gaussian 1 component"
#   meta:
#     ucd: stat.stdev
# - 
#   name: geom_model_gaussian1_sigma_error
#   datatype: float32
#   description: "Uncertainty of \\texttt{geomModelGaussian1Sigma}"
#   meta:
#     ucd: stat.error
# - 
#   name: geom_model_gaussian1_depth
#   datatype: float32
#   unit: mag
#   description: Magnitude depth of Gaussian 1 component
#   meta:
#     ucd: src.var.amplitude
# - 
#   name: geom_model_gaussian1_depth_error
#   datatype: float32
#   unit: mag
#   description: "Uncertainty of \\texttt{geomModelGaussian1Depth}"
#   meta:
#     ucd: stat.error;src.var.amplitude
# - 
#   name: geom_model_gaussian2_phase
#   datatype: float32
#   description: Phase of Gaussian 2 component
#   meta:
#     ucd: time.phase
# - 
#   name: geom_model_gaussian2_phase_error
#   datatype: float32
#   description: "Uncertainty of \\texttt{geomModelGaussian2Phase}"
#   meta:
#     ucd: stat.error;time.phase
# - 
#   name: geom_model_gaussian2_sigma
#   datatype: float32
[...]
#   datatype: float32
#   description: "Secondary eclipse: uncertainty of \\texttt{derivedSecondaryEclDuration}"
#   meta:
#     ucd: stat.error;time.duration
# - 
#   name: derived_secondary_ecl_depth
#   datatype: float32
#   unit: mag
#   description: "Secondary eclipse: depth"
#   meta:
#     ucd: src.var.amplitude
# - 
#   name: derived_secondary_ecl_depth_error
#   datatype: float32
#   unit: mag
#   description: "Secondary eclipse: uncertainty of \\texttt{derivedSecondaryEclDepth}"
#   meta:
#     ucd: stat.error;src.var.amplitude
solution_id,source_id,global_ranking,reference_time,frequency,frequency_error,geom_model_reference_level,geom_model_reference_level_error,geom_model_gaussian1_phase,geom_model_gaussian1_phase_error,geom_model_gaussian1_sigma,geom_model_gaussian1_sigma_error,geom_model_gaussian1_depth,geom_model_gaussian1_depth_error,geom_model_gaussian2_phase,geom_model_gaussian2_phase_error,geom_model_gaussian2_sigma,geom_model_gaussian2_sigma_error,geom_model_gaussian2_depth,geom_model_gaussian2_depth_error,geom_model_cosine_half_period_amplitude,geom_model_cosine_half_period_amplitude_error,geom_model_cosine_half_period_phase,geom_model_cosine_half_period_phase_error,model_type,num_model_parameters,reduced_chi2,derived_primary_ecl_phase,derived_primary_ecl_phase_error,derived_primary_ecl_duration,derived_primary_ecl_duration_error,derived_primary_ecl_depth,derived_primary_ecl_depth_error,derived_secondary_ecl_phase,derived_secondary_ecl_phase_error,derived_secondary_ecl_duration,derived_secondary_ecl_duration_error,derived_secondary_ecl_depth,derived_secondary_ecl_depth_error
375316653866487564,4101785370772935936,0.48144802,2160.7402036079607,0.2108947765734295,1.3788702E-5,19.34781,0.13530509,0.17671742,0.01982192,0.18642461,0.09696188,0.2095022,0.13091241,0.59248966,0.011759094,0.112872064,0.0127927745,0.47745454,0.114291064,null,null,null,null,"TWOGAUSSIANS",8,1.2391448,0.59248966,0.011759094,0.4,0.0,0.41888922,0.068432674,0.1799374,0.018324804,0.4,0.0,0.13254039,0.04716194
375316653866487564,4101786298464979840,0.49782473,2166.375172356636,0.4123871077048592,9.358386E-5,18.843908,0.7056733,0.20070459,0.026692675,0.10551304,0.023712236,0.6229383,0.2516126,0.65167993,0.042741105,0.17487797,0.1387974,0.6667804,0.6518129,null,null,null,null,"TWOGAUSSIANS",8,4.1329513,0.65167993,0.042741105,0.4,0.0,0.48255265,0.054293066,0.20604458,0.020691205,0.4,0.0,0.46816522,0.038673922
375316653866487564,4101786401544406912,0.5720396,2165.5678736291493,2.3412044405286054,3.0091622E-5,16.953548,0.009022992,0.23391815,0.004136649,0.08218012,0.007337969,0.18099341,0.008716468,0.7418802,0.010363945,0.08469798,0.01042847,0.1574605,0.010983972,null,null,null,null,"TWOGAUSSIANS",8,7.31638,0.23391815,0.004136649,0.4,0.0,0.17771393,0.007423069,0.7418802,0.010363945,0.4,0.0,0.154181,0.00943331
375316653866487564,4101786779500239232,0.5109435,2112.436352585854,2.4507487576005924,4.921103E-5,18.10321,0.019476572,0.24907273,0.016091164,0.090889305,0.019967962,0.30833238,0.06104686,0.7496116,0.010003517,0.079517975,0.010579243,0.32759187,0.043891087,null,null,null,null,"TWOGAUSSIANS",8,15.948662,0.7496116,0.010003517,0.4,0.0,0.3191271,0.04214556,0.24907273,0.016091164,0.4,0.0,0.29986745,0.06478167
375316653866487564,4101786916939317248,0.49238586,2132.881222229615,2.474423556428861,3.7230602E-5,18.450459,0.024522878,0.21769515,0.01022531,0.089135446,0.010928052,0.37293494,0.03956384,0.72891426,0.0027578704,0.08539558,0.011912936,0.36354128,0.03371688,null,null,null,null,"TWOGAUSSIANS",8,13.298893,0.21769515,0.01022531,0.4,0.0,0.36284024,0.027418576,0.72891426,0.0027578704,0.4,0.0,0.35344666,0.04203545
375316653866487564,4101787123097775104,0.5270819,2197.7418181667376,2.4925542134269167,3.770462E-5,16.06601,0.0071914736,0.3072229,0.004380455,0.035160214,0.012436813,0.086108536,0.027617345,0.83726925,0.019328186,0.043038897,0.03598024,0.046349876,0.16401662,0.07903757,0.014176589,0.3072229,0.004380455,"TWOGAUSSIANS_WITH_ELLIPSOIDAL_ON_ECLIPSE1",9,52.302082,0.3072229,0.004380455,0.1968972,0.06964615,0.2441834,0.028070793,0.83726925,0.019328186,0.24101783,0.20148934,0.1988575,0.16580328
375316653866487564,4101787230501814016,0.56906223,2167.29590052746,2.9050667518586732,8.377836E-6,17.922308,0.008180462,0.20722903,0.005361814,0.089231975,0.0079939,0.22402774,0.010106821,0.7126544,0.0050958083,0.08930356,0.0062483405,0.19066781,0.011393621,null,null,null,null,"TWOGAUSSIANS",8,2.470121,0.20722903,0.005361814,0.4,0.0,0.21651435,0.010561295,0.7126544,0.0050958083,0.4,0.0,0.18315442,0.010350172
375316653866487564,4101788909816274304,0.57678634,2163.5974683817453,3.682220726221151,9.3649185E-5,19.320662,0.016797863,0.20781039,0.011575305,0.08380678,0.022801284,0.22152211,0.022363318,0.68951946,0.009212107,0.08025376,0.013263282,0.24386083,0.019199437,null,null,null,null,"TWOGAUSSIANS",8,0.5412724,0.68951946,0.009212107,0.4,2.3854426E-4,0.2407024,0.014668279,0.20781039,0.011575305,0.4,0.0,0.21836369,0.028579375
375316653866487564,4101788982865766016,0.59020776,2221.1818064406143,1.0658718350321388,5.8884934E-6,16.221775,0.010833283,0.6715232,0.084915854,0.0011398694,0.009522063,1.8209217,1.8802361E23,null,null,null,null,null,null,0.012139056,0.015098368,0.6715232,0.084915854,"ONEGAUSSIAN_WITH_ELLIPSOIDAL",6,189.42992,0.6715232,0.084915854,0.006383269,0.05332355,1.8451997,1.8802361E23,null,null,null,null,null,null
375316653866487564,4101789115965179392,0.6054533,2167.399052709312,3.512970152202362,1.9451516E-5,18.790028,0.011003455,0.38163462,0.0043496187,0.07198543,0.0061387545,0.50724924,0.1113249,0.87049973,0.0099205775,0.067168124,0.0059983814,0.6085855,0.022824042,null,null,null,null,"TWOGAUSSIANS",8,2.8031948,0.87049973,0.0099205775,0.3761415,0.026540024,0.6072848,0.02218244,0.38163462,0.0043496187,0.4,0.02352487,0.50594854,0.11181253
375316653866487564,4101789326464670848,0.48149553,2230.7350658511914,2.2418124088984968,3.888304E-5,18.428501,0.0046322206,0.39252222,0.22049822,0.09254562,0.072962575,0.5428494,6.916891,0.8418649,0.0054407176,0.030035554,0.011713382,0.08917361,0.095639914,null,null,null,null,"TWOGAUSSIANS",8,2.9219878,0.39252222,0.22049822,0.4,0.24957164,0.5428242,6.916932,0.8418649,0.0054407176,0.16819909,0.06559494,0.089152545,0.09572096
375316653866487564,4101789459561768576,0.5731955,2250.6416362233967,3.463014745114882,2.1206306E-5,19.05094,0.038982093,0.28878337,0.029209081,0.09103026,0.03442903,0.35305077,0.050806157,0.78749824,0.0078048585,0.09319065,0.016625762,0.3601895,0.036408134,null,null,null,null,"TWOGAUSSIANS",8,2.0042317,0.78749824,0.0078048585,0.4,0.0,0.34259495,0.026521334,0.28878337,0.02921061,0.4,0.03417589,0.33545643,0.052188568
375316653866487564,4101789459561772416,0.5917817,2186.2692388304094,3.2313232829723515,2.6131063E-5,18.394104,0.0071026003,0.18745089,0.0058052368,0.042104397,0.004625576,0.2118869,0.03991521,0.7222971,0.004531168,0.07099432,0.012100307,0.10416113,0.020052593,0.13767709,0.0074905693,0.7222971,0.004531168,"TWOGAUSSIANS_WITH_ELLIPSOIDAL_ON_ECLIPSE2",9,4.007971,0.19274089,0.004800726,0.23578462,0.025903225,0.475978,0.030096127,0.7222971,0.004531168,0.39756817,0.050961133,0.37930548,0.016464883
375316653866487564,4101789562658006528,0.52863705,2146.995924671972,0.8449263509049737,5.6060755E-5,18.701763,0.0030234375,0.15693189,6.079127E-4,0.016396973,8.6740486E-4,0.77361673,0.14558722,0.7957751,0.04698786,0.0503777,0.028686406,0.19480638,13.79967,null,null,null,null,"TWOGAUSSIANS",8,1.9670445,0.15693189,6.079127E-4,0.09182306,0.004857467,0.77361673,0.14558722,0.7957751,0.04698786,0.28211513,0.16064388,0.19480638,13.79967
375316653866487564,4101790494681632256,0.56766236,2184.6096333910573,2.8244915188722652,2.6353982E-5,16.760973,0.014716076,0.23017631,0.010105067,0.06752953,0.01069047,0.38735494,0.027732365,0.7290746,0.007819284,0.07012685,0.0053852373,0.51702666,0.027258294,null,null,null,null,"TWOGAUSSIANS",8,22.677608,0.7290746,0.007819284,0.39271033,0.023629291,0.51583767,0.026842155,0.23017631,0.010105067,0.37816533,0.032077953,0.38616592,0.02711267
375316653866487564,4101791216247961216,0.4555745,2213.6315613706433,1.5343742598144843,3.887812E-5,19.576612,0.02650549,0.31858715,0.048048273,0.08553144,0.07636587,0.3075844,0.11105273,0.87769026,0.032998677,0.008083723,0.0150543945,0.16266142,0.31180942,null,null,null,null,"TWOGAUSSIANS",8,2.2953427,0.31858715,0.048048273,0.4,0.0,0.30758438,0.11399162,0.87769026,0.032997202,0.04526885,0.08430461,0.16266191,0.31181696
375316653866487564,4101791456751035776,0.48838422,2134.3111081187612,0.7313481057344297,5.32509E-5,18.53761,0.11074776,0.25675133,0.011735769,0.0929405,0.02809673,0.32288662,0.08834475,0.7773551,0.009953017,0.13078894,0.07006197,0.14580724,0.10725898,null,null,null,null,"TWOGAUSSIANS",8,2.3464608,0.25666136,0.011371504,0.4,0.0,0.2973224,0.034818847,0.7773551,0.0099445805,0.4,0.0,0.12001424,0.030624462
375316653866487564,4101793037302563072,0.48584697,2183.2162118091683,0.8250436855628279,5.5534132E-5,19.047518,0.07791288,0.48539227,0.010536181,0.22554706,0.050013863,0.28898498,0.075061336,0.90002114,0.018141069,0.051348493,0.026826404,0.0771807,0.21034624,null,null,null,null,"TWOGAUSSIANS",8,4.3389974,0.48539227,0.010536181,0.4,0.0,0.23258936,0.019268956,0.90002114,0.018141069,0.28755155,0.15022786,0.08405129,0.21125686
375316653866487564,4101793483991409152,0.6252625,2236.243725069417,1.8366473116023256,3.186475E-5,15.679357,0.0017247007,0.9448757,0.067174315,0.062482066,0.035891272,0.0039467416,0.0027402658,0.5723922,0.008025231,0.05914473,0.0066801496,0.23632632,0.026058173,null,null,null,null,"TWOGAUSSIANS",8,6.102883,0.5723922,0.008025231,0.3312105,0.03740884,0.23632623,0.026058227,0.9448757,0.067174315,0.3498996,0.19193487,0.003946654,0.0027401778
375316653866487564,4101793857608421632,0.42948946,2246.7559135342945,0.6192258978290677,1.192044E-5,17.880438,0.0062562735,0.2886183,0.014979327,0.05685512,0.014918338,0.09710698,0.04825431,0.8765478,0.0021948982,0.021600556,0.00667852,0.24834943,0.44267875,0.034439813,0.010937665,0.2886183,0.014979327,"TWOGAUSSIANS_WITH_ELLIPSOIDAL_ON_ECLIPSE1",9,11.080441,0.8765478,0.0021948982,0.120963104,0.03739971,0.29825255,0.44469813,0.2886183,0.014979327,0.31838867,0.08354269,0.1659804,0.04854683
375316653866487564,4101793965015816832,0.5838422,2186.7023743322234,2.7411348227521075,2.8433358E-5,18.428713,0.016359473,0.3243052,0.0016673207,0.070726,0.0045857145,0.34500298,0.013060641,0.82651424,0.01935148,0.069045275,0.016074372,0.45831463,0.023079729,null,null,null,null,"TWOGAUSSIANS",8,5.22552,0.82651424,0.01935148,0.38665357,0.027310582,0.45706728,0.022391502,0.3243052,0.0016673207,0.39606562,0.010979831,0.34375563,0.0109522
375316653866487564,4101794068106952960,0.57036054,2236.4638738830035,3.89780323538691,3.1263862E-5,17.525211,0.025171747,0.21842213,0.018018374,0.094962,0.020630408,0.38283935,0.035145,0.7222058,0.0028031706,0.08614514,0.00816693,0.31441143,0.022286244,null,null,null,null,"TWOGAUSSIANS",8,9.859696,0.21842213,0.018018374,0.4,0.0,0.36830038,0.044574052,0.7222058,0.0028031706,0.4,0.0,0.29987317,0.009399361
375316653866487564,4101794755286128640,0.59878534,2231.158094702468,2.621330016821201,2.225186E-5,18.895374,0.009487602,0.18258919,0.006237674,0.081850015,0.0068250922,0.36473852,0.030362071,0.6981739,0.0067122197,0.08736456,0.008320517,0.31717655,0.01768111,null,null,null,null,"TWOGAUSSIANS",8,1.0230709,0.18258919,0.006237674,0.4,0.0,0.35820353,0.03105364,0.6981739,0.0067122197,0.4,0.0,0.3106415,0.019387083
375316653866487564,4101795579920801664,0.48559114,2198.49694002919,3.8682387182163054,6.346261E-5,18.120853,0.010285762,0.35328656,0.008351713,0.044421446,0.014950662,0.12977646,0.050836563,0.826216,0.017321965,0.07012676,0.017263517,0.13009937,0.032801647,null,null,null,null,"TWOGAUSSIANS",8,3.0016937,0.826216,0.017321965,0.39270985,0.075942814,0.13009296,0.032797657,0.35328656,0.008351713,0.2487601,0.08372371,0.12977006,0.050876502
375316653866487564,4101795717327077376,0.50687605,2199.7577369208693,3.0973121483379096,3.5567762E-5,19.407717,0.12101153,0.25692582,0.0045614974,0.07826031,0.020864964,0.42329246,0.10798972,0.7740183,0.022441098,0.10033845,0.039784756,0.42146727,0.1561946,null,null,null,null,"TWOGAUSSIANS",8,4.532087,0.25692582,0.004689411,0.4,0.0,0.41063243,0.019319076,0.7740183,0.022441098,0.4,0.0,0.40880257,0.09189075
375316653866487564,4101797160467831296,0.53914994,2252.57803153066,1.884406562953027,3.3963046E-5,18.534239,0.004914005,0.26751935,0.006469553,0.072002664,0.0062198807,0.14442866,0.0062044016,0.75539744,0.017669195,0.0689153,0.012867742,0.14088571,0.023380974,null,null,null,null,"TWOGAUSSIANS",8,1.2783782,0.26751935,0.006469553,0.4,0.0215877,0.14404196,0.0057647526,0.75539744,0.017669195,0.38592568,0.025106182,0.14049901,0.022941627
375316653866487564,4101797847623880960,0.6177228,2203.9158462825676,2.7930273382230832,2.1045673E-5,18.5417,0.008876267,0.1912905,0.002764545,0.07118487,0.007323272,0.49886522,0.06687693,0.68452173,0.0034119505,0.06991501,0.004483771,0.43122113,0.014853894,null,null,null,null,"TWOGAUSSIANS",8,3.6548114,0.1912905,0.002764545,0.3986353,0.029086089,0.49739775,0.06777559,0.68452173,0.0034119505,0.39152405,0.024938328,0.42975366,0.014704835
375316653866487564,4101798706624343168,0.54422116,2253.5253076404547,2.3675404774367683,1.8716119E-5,18.729698,0.030235097,0.30936766,0.0045289393,0.0871282,0.012346332,0.33699512,0.032248825,0.80943936,0.01107196,0.09445761,0.01661467,0.3702268,0.045494877,null,null,null,null,"TWOGAUSSIANS",8,4.2454743,0.80943936,0.01107196,0.4,0.0,0.35427788,0.046877485,0.30936766,0.0045289393,0.4,0.0,0.32104677,0.02994134
375316653866487564,4101799183357527552,0.5871811,2226.4160038870023,3.859318327907575,9.717224E-6,16.899883,0.010753662,0.20735455,0.003915066,0.080313265,0.0064183986,0.29343453,0.01799003,0.6824279,0.006899969,0.083074726,0.008721223,0.23992807,0.02242161,null,null,null,null,"TWOGAUSSIANS",8,5.0317173,0.20735455,0.003915066,0.4,0.0,0.2903982,0.01766106,0.6824279,0.006899969,0.4,0.0,0.23689176,0.022169374
375316653866487564,4101799630034036096,0.54050577,2274.5523331840245,0.7269984727754767,4.2997082E-5,12.189439,0.004768851,0.20637675,0.016551383,0.09490029,0.017637173,0.091603264,0.0066576265,0.69951475,0.006655496,0.08226051,0.010120846,0.08867475,0.0058846176,null,null,null,null,"TWOGAUSSIANS",8,147.60799,0.20637675,0.016551383,0.4,0.0,0.08859899,0.0066258544,0.69951475,0.006655496,0.4,0.0,0.08567065,0.00547273
375316653866487564,4101801760338276608,0.60838366,2237.1365931303767,3.06834655969319,1.5648695E-5,17.27305,0.008302824,0.3673302,0.0036338097,0.043976117,0.015533525,0.06677497,0.01814202,0.8493011,0.0075839767,0.03992895,0.019387076,0.13970438,6.959875,0.07558659,0.010434542,0.3673302,0.0036338097,"TWOGAUSSIANS_WITH_ELLIPSOIDAL_ON_ECLIPSE1",9,4.169066,0.8514511,0.006128938,0.22360213,0.108567625,0.28917506,6.967386,0.3673302,0.0036338097,0.24626625,0.086987734,0.21794787,0.00780912
375316653866487564,4101802142592970368,0.58323574,2245.548751413344,2.294958597766685,2.137908E-5,18.507145,0.012252356,0.3795566,0.003430787,0.069167525,0.0074309288,0.54556537,0.06258417,0.87670493,0.0048389784,0.07010771,0.0050423923,0.5114472,0.044189665,null,null,null,null,"TWOGAUSSIANS",8,5.2717614,0.3795566,0.003430787,0.38733813,0.026519787,0.5440056,0.06373175,0.87670493,0.0048389784,0.39260322,0.025296912,0.5098874,0.0445953
375316653866487564,4101802589269031424,0.47510764,2248.506405464006,2.3493807433420617,1.2397589E-4,19.784855,0.21935686,0.9866583,0.9217424,0.084951445,0.13079679,0.08348803,0.21562198,0.64216197,0.01303914,0.06929328,0.015823243,0.5730931,0.1593798,null,null,null,null,"TWOGAUSSIANS",8,2.861975,0.642172,0.009264749,0.38804236,0.050952543,0.5730698,0.1756222,0.98663825,0.9216995,0.4,0.08922029,0.083444744,0.16290164
375316653866487564,4101803615765947008,0.45451918,2238.165584612296,1.897665991821855,6.299093E-5,19.602877,0.014034322,0.24217585,0.014665096,0.05408457,0.014782715,0.8375896,0.3076867,0.45706293,0.012512552,0.024111878,0.015119439,0.9702266,0.93161,null,null,null,null,"TWOGAUSSIANS",8,2.717013,0.45706293,0.012512552,0.13502651,0.08466886,0.97053933,0.93146676,0.24217585,0.014665096,0.30287358,0.0827832,0.8375896,0.3076867
375316653866487564,4101804066775324160,0.58785397,2173.6530188961883,0.5718843572188833,1.0033376E-4,18.118813,0.010851368,0.21873514,0.032359593,0.043168876,0.04104021,1.2963113,1.2813174,0.6827658,0.003200544,0.04723714,0.005096442,0.18378563,0.011448769,null,null,null,null,"TWOGAUSSIANS",8,2.936552,0.21873514,0.032359593,0.2417457,0.17683832,1.2963113,1.2814832,0.6827658,0.003200544,0.26452798,0.028540077,0.1837856,0.011342348
375316653866487564,4101804204180424448,0.50533384,2271.839586045699,2.780171312543457,2.5108828E-5,18.652946,0.425552,0.20991749,0.004038469,0.11521005,0.02030288,0.3904523,0.19525343,0.7107394,0.0046055354,0.2412991,0.13209428,0.48674053,0.42238092,null,null,null,null,"TWOGAUSSIANS",8,2.4510179,0.20968749,0.0045322077,0.4,0.0,0.1883287,0.012860948,0.7107494,0.004614888,0.4,0.0,0.17110455,0.006561135
375316653866487564,4101804925730090240,0.56148773,2285.914116394069,2.9997984843432346,4.3177133E-5,17.735588,0.05733798,0.23469329,0.008476474,0.109395504,0.0200458,0.41945276,0.056124356,0.7184769,0.0049554473,0.0988174,0.016748302,0.4844054,0.04993178,null,null,null,null,"TWOGAUSSIANS",8,11.439063,0.7184769,0.0049554473,0.4,0.0,0.44299248,0.017204301,0.23469329,0.008475839,0.4,0.0,0.37801355,0.013087515
