Gaia/vari_eclipsing_binary/VariEclipsingBinary_461085-461111.csv
# %ECSV 1.0
# ---
# delimiter: ','
# meta: !!omap
# - RELEASE: Gaia DR3
# - TABLE: vari_eclipsing_binary
# - DESCRIPTION: >
#     This table describes the properties of the eclipsing binaries resulting from the variability analysis. 
# - CITATION: >
#     How to cite and acknowledge Gaia: 
#     https://gea.esac.esa.int/archive/documentation/credits.html 
# - KNOWN_ISSUES: >
#     Known issues: 
#     https://www.cosmos.esa.int/web/gaia-users/known-issues 
# - DOCUMENTATION: >
#     Tutorials and documentation: 
#     https://www.cosmos.esa.int/web/gaia-users/archive 
# datatype:
# - 
#   name: solution_id
#   datatype: int64
#   description: Solution Identifier
#   meta:
#     ucd: meta.version
# - 
#   name: source_id
#   datatype: int64
#   description: Unique source identifier
#   meta:
#     ucd: meta.id;meta.main
# - 
#   name: global_ranking
#   datatype: float32
#   description: Number between 0 (worst) and 1 (best)
#   meta:
#     ucd: stat.param
# - 
#   name: reference_time
#   datatype: float64
#   unit: d
#   description: Reference time used for the geometric model fit
#   meta:
#     ucd: time.epoch
# - 
#   name: frequency
#   datatype: float64
#   unit: d**-1
#   description: Frequency of geometric model of the eclipsing binary light curve
#   meta:
#     ucd: src.orbital
# - 
#   name: frequency_error
#   datatype: float32
#   unit: d**-1
#   description: "Uncertainty of \\texttt{frequency}"
#   meta:
#     ucd: stat.error
# - 
#   name: geom_model_reference_level
#   datatype: float32
#   unit: mag
#   description: Magnitude reference level of geometric model
#   meta:
#     ucd: phot.mag;em.opt
# - 
#   name: geom_model_reference_level_error
#   datatype: float32
#   unit: mag
#   description: "Uncertainty of \\texttt{geomModelReferenceLevel}"
#   meta:
#     ucd: stat.error;phot.mag;em.opt
# - 
#   name: geom_model_gaussian1_phase
#   datatype: float32
#   description: Phase of the Gaussian 1 component
#   meta:
#     ucd: time.phase
# - 
#   name: geom_model_gaussian1_phase_error
#   datatype: float32
#   description: "Uncertainty of \\texttt{geomModelGaussian1Phase}"
#   meta:
#     ucd: stat.error;time.phase
# - 
#   name: geom_model_gaussian1_sigma
#   datatype: float32
#   description: "Standard deviation [phase] of Gaussian 1 component"
#   meta:
#     ucd: stat.stdev
# - 
#   name: geom_model_gaussian1_sigma_error
#   datatype: float32
#   description: "Uncertainty of \\texttt{geomModelGaussian1Sigma}"
#   meta:
#     ucd: stat.error
# - 
#   name: geom_model_gaussian1_depth
#   datatype: float32
#   unit: mag
#   description: Magnitude depth of Gaussian 1 component
#   meta:
#     ucd: src.var.amplitude
# - 
#   name: geom_model_gaussian1_depth_error
#   datatype: float32
#   unit: mag
#   description: "Uncertainty of \\texttt{geomModelGaussian1Depth}"
#   meta:
#     ucd: stat.error;src.var.amplitude
# - 
#   name: geom_model_gaussian2_phase
#   datatype: float32
#   description: Phase of Gaussian 2 component
#   meta:
#     ucd: time.phase
# - 
#   name: geom_model_gaussian2_phase_error
#   datatype: float32
#   description: "Uncertainty of \\texttt{geomModelGaussian2Phase}"
#   meta:
#     ucd: stat.error;time.phase
# - 
#   name: geom_model_gaussian2_sigma
#   datatype: float32
[...]
#   datatype: float32
#   description: "Secondary eclipse: uncertainty of \\texttt{derivedSecondaryEclDuration}"
#   meta:
#     ucd: stat.error;time.duration
# - 
#   name: derived_secondary_ecl_depth
#   datatype: float32
#   unit: mag
#   description: "Secondary eclipse: depth"
#   meta:
#     ucd: src.var.amplitude
# - 
#   name: derived_secondary_ecl_depth_error
#   datatype: float32
#   unit: mag
#   description: "Secondary eclipse: uncertainty of \\texttt{derivedSecondaryEclDepth}"
#   meta:
#     ucd: stat.error;src.var.amplitude
solution_id,source_id,global_ranking,reference_time,frequency,frequency_error,geom_model_reference_level,geom_model_reference_level_error,geom_model_gaussian1_phase,geom_model_gaussian1_phase_error,geom_model_gaussian1_sigma,geom_model_gaussian1_sigma_error,geom_model_gaussian1_depth,geom_model_gaussian1_depth_error,geom_model_gaussian2_phase,geom_model_gaussian2_phase_error,geom_model_gaussian2_sigma,geom_model_gaussian2_sigma_error,geom_model_gaussian2_depth,geom_model_gaussian2_depth_error,geom_model_cosine_half_period_amplitude,geom_model_cosine_half_period_amplitude_error,geom_model_cosine_half_period_phase,geom_model_cosine_half_period_phase_error,model_type,num_model_parameters,reduced_chi2,derived_primary_ecl_phase,derived_primary_ecl_phase_error,derived_primary_ecl_duration,derived_primary_ecl_duration_error,derived_primary_ecl_depth,derived_primary_ecl_depth_error,derived_secondary_ecl_phase,derived_secondary_ecl_phase_error,derived_secondary_ecl_duration,derived_secondary_ecl_duration_error,derived_secondary_ecl_depth,derived_secondary_ecl_depth_error
[from data line 258]
375316653866487564,4055884402425998208,0.46179563,2420.493509669889,1.6333614378240324,2.0759207E-5,19.272778,0.007929028,0.21494454,0.0075531737,0.016249439,0.01506125,0.12195855,0.12069194,0.721061,0.006711641,0.028503867,0.0066410135,0.27193385,0.037542004,null,null,null,null,"TWOGAUSSIANS",8,4.197719,0.721061,0.006711641,0.15962166,0.037189677,0.27193385,0.037542004,0.21494454,0.0075531737,0.09099686,0.084343,0.12195855,0.12069194
375316653866487564,4055884509807585792,0.5736679,2430.909367894952,2.1421505248809734,1.2159001E-5,18.069288,0.019245237,0.24475034,0.0042143012,0.051388875,0.0108726425,0.1978406,0.07248989,0.7430137,0.0044638794,0.053116195,0.008242728,0.3129513,0.043523148,0.117400184,0.026828416,0.24475034,0.0042143012,"TWOGAUSSIANS_WITH_ELLIPSOIDAL_ON_ECLIPSE1",9,13.117871,0.74326366,0.0038640546,0.2974507,0.04615928,0.5477216,0.019463368,0.24475034,0.0042143012,0.2877777,0.060886797,0.4326349,0.065791786
375316653866487564,4055884887764703360,0.49877855,2473.2574216891303,1.373791641853291,2.2297416E-5,16.481438,0.0017941796,0.7906598,0.002851395,0.028053988,0.0034306378,0.10943422,0.008397229,null,null,null,null,null,null,null,null,null,null,"ONEGAUSSIAN",5,6.0677176,0.7906598,0.002851395,0.15710233,0.019211572,0.10943422,0.0,null,null,null,null,null,null
375316653866487564,4055884990830070784,0.5860084,2437.315982972972,2.8255997367275842,8.750706E-6,18.140907,0.008229383,0.28230846,0.0033377453,0.06939761,0.003607389,0.56185883,0.037473153,0.7912782,0.0023870687,0.06907778,0.002725222,0.46716022,0.009947872,null,null,null,null,"TWOGAUSSIANS",8,6.5690045,0.28230846,0.0033377453,0.38862664,0.019034687,0.5606647,0.037715092,0.7912782,0.0023870687,0.3868356,0.015261243,0.4659661,0.009730284
375316653866487564,4055885437506520192,0.50917995,2450.9710189623434,2.662275109677851,2.275295E-5,19.453556,0.029841974,0.24199972,0.0071781995,0.100144915,0.019144772,0.3352472,0.022964861,0.75568545,0.004291782,0.080774955,0.010370906,0.40893346,0.03276478,null,null,null,null,"TWOGAUSSIANS",8,2.912408,0.75568545,0.0042914753,0.4,0.0,0.3960361,0.029472863,0.24199972,0.0071781995,0.4,0.0,0.32234663,0.02711933
375316653866487564,4055885918542791296,0.54980624,2446.9485279852047,0.3974066248123232,1.2658525E-4,18.608883,0.002678243,0.3840063,2.1745298E-4,0.0068081636,1.594902E-4,2.4305856,0.2161476,0.76294047,0.004715488,0.011058403,0.0056725685,0.05216718,0.6517277,0.005389605,0.003858374,0.3840063,2.1745298E-4,"TWOGAUSSIANS_WITH_ELLIPSOIDAL_ON_ECLIPSE1",9,2.630144,0.3840063,2.1745298E-4,0.038125716,8.9314516E-4,2.4413648,0.2190392,0.7631005,0.004648943,0.061927058,0.031766385,0.05782849,0.6513939
375316653866487564,4055886223482030592,0.56943583,2431.611657003388,0.4659589518174806,2.1336695E-5,15.33382,0.0027439233,0.2272838,0.0024442177,0.012804099,0.0059995996,0.042799328,0.10185382,0.729314,8.214804E-4,0.026140843,0.0014630659,0.24779573,0.006202991,0.0075134533,0.0039837183,0.2272838,0.0024442177,"TWOGAUSSIANS_WITH_ELLIPSOIDAL_ON_ECLIPSE1",9,24.92515,0.729314,8.214804E-4,0.14638871,0.008193169,0.26282015,0.0066109984,0.2272838,0.0024442177,0.07170296,0.033597756,0.05782621,0.102075875
375316653866487564,4055888181989044352,0.4907297,2433.559237569449,1.6185945451782229,9.534645E-6,18.545553,0.022123078,0.34039485,0.005214521,0.042499144,0.0037057553,0.6284863,0.047712274,0.8298716,0.0038990094,0.03418538,0.0054681078,0.5155101,0.043987047,null,null,null,null,"TWOGAUSSIANS",8,10.18191,0.34039485,0.005214521,0.23799519,0.020752229,0.6284863,0.047712274,0.8298716,0.0038990094,0.19143812,0.030621402,0.5155101,0.043987047
375316653866487564,4055888663033740160,0.47601008,2443.1475017838543,0.20936789117914362,3.4613873E-5,19.813112,0.008020483,0.23162326,0.004894427,0.025136929,0.0031541295,0.36300182,0.06716549,0.45617265,0.14747366,0.070197776,0.10006571,0.037762158,9.644807,null,null,null,null,"TWOGAUSSIANS",8,1.2031678,0.23164326,0.004889349,0.1407668,0.017663125,0.36322844,0.06732609,0.45617265,0.14747366,0.39310753,0.46771145,0.037762158,9.644807
375316653866487564,4055889732487565440,0.67917055,2396.159270445295,0.16390669323658993,1.4558197E-5,15.610068,8.4165746E-4,0.29598668,0.0037200893,0.018270371,0.0015603134,0.6252883,0.069155164,null,null,null,null,null,null,null,null,null,null,"ONEGAUSSIAN",5,7.235588,0.29598668,0.0037200893,0.10231408,0.008737755,0.6252883,0.0,null,null,null,null,null,null
375316653866487564,4055891381755118208,0.57448274,2388.912566838136,2.4764301064088903,1.599715E-5,15.068887,0.014657476,0.15227887,0.0032488003,0.089257,0.006661101,0.32261014,0.014374657,0.65075797,0.004546531,0.09888399,0.0069596427,0.32395145,0.015034044,null,null,null,null,"TWOGAUSSIANS",8,95.24475,0.65075797,0.004546531,0.4,0.0,0.30545762,0.009111895,0.15227887,0.0032488003,0.4,0.0,0.30411804,0.013136625
375316653866487564,4055891450474601728,0.48823005,2374.032700334752,2.5120208693636137,3.9537874E-5,18.275715,0.050771456,0.28415915,0.01282271,0.05945125,0.029781967,0.26822376,0.20132418,0.72018486,0.005982337,0.026216893,0.014268647,0.30566365,0.11762322,0.08123947,0.0680206,0.28415915,0.01282271,"TWOGAUSSIANS_WITH_ELLIPSOIDAL_ON_ECLIPSE1",9,39.874836,0.72180486,0.007206674,0.1468146,0.07990442,0.44383162,0.08019149,0.28415915,0.01282271,0.332927,0.16677901,0.43066415,0.19298172
375316653866487564,4055893443325751168,0.5777762,2391.723166655571,2.222173141962975,1.0351271E-6,19.6295,0.0037707377,0.19224404,0.0022251569,0.036682032,0.0015613363,0.40682805,0.009960711,0.6811087,0.0045813443,0.06386218,0.016920144,0.2479335,0.20123461,null,null,null,null,"TWOGAUSSIANS",8,0.7336135,0.19224404,0.0022251569,0.20541938,0.008743484,0.40682665,0.009959847,0.6811087,0.0045813443,0.35762823,0.09475281,0.2479321,0.20123641
375316653866487564,4055894439757902720,0.5022326,2401.483284769257,0.5687708743009547,1.1141498E-5,18.939878,0.00937992,0.3378705,0.016695503,0.093929805,0.02610149,0.09763723,0.026366793,0.82480705,0.0022172744,0.051234175,0.004297807,0.2367068,0.013892474,null,null,null,null,"TWOGAUSSIANS",8,2.2838037,0.82480705,0.0022172744,0.2869114,0.02406772,0.23622216,0.013873547,0.3378705,0.016695503,0.4,0.0,0.09715243,0.02682684
375316653866487564,4055894955154175616,0.5663308,2409.4298277119487,2.8226974210755396,7.5306516E-6,18.114288,0.007595133,0.2820338,0.002851364,0.0810065,0.0042650867,0.42557347,0.019135121,0.7882897,0.0043740957,0.07168379,0.003902175,0.3413481,0.011849474,null,null,null,null,"TWOGAUSSIANS",8,5.045713,0.2820338,0.002851364,0.4,0.0,0.42243218,0.019532941,0.7882897,0.0043740957,0.4,0.004897154,0.33820683,0.011028403
375316653866487564,4055895088296138496,0.50714856,2397.8279098929484,0.2582035833523706,5.4551176E-5,18.303509,0.0033107717,0.27770585,0.0017488713,0.011036421,0.0022648314,0.18912211,0.024253024,0.75178796,0.012522744,0.02888105,0.043509234,0.06485959,0.35809547,null,null,null,null,"TWOGAUSSIANS",8,2.2691019,0.27770585,0.0017488713,0.06180396,0.012683056,0.18912211,0.024253024,0.75178796,0.012522744,0.16173388,0.24352735,0.06485959,0.35809547
375316653866487564,4055895638051993728,0.48773247,2408.629416367967,0.4991772100915282,2.053896E-4,18.079357,0.0029509508,0.31124213,0.022259405,0.019706031,0.010568955,0.4031108,0.14301768,0.8595098,2.843778E-4,0.004008757,0.0011419149,0.012901022,0.0017643044,null,null,null,null,"TWOGAUSSIANS",8,6.3414316,0.31124213,0.022259405,0.110353775,0.05918615,0.4031108,0.14301768,0.8595098,2.843778E-4,0.022449039,0.006394723,0.012901022,0.0017643044
375316653866487564,4055896840641215360,0.66894907,2428.9749556464317,0.4528137130081476,3.2103426E-6,15.302179,0.0030360084,0.27959213,0.008541084,0.022744302,0.004233589,0.068739735,0.013554626,0.7714347,2.3610161E-4,0.027790876,3.8862167E-4,1.0082655,0.0068546687,null,null,null,null,"TWOGAUSSIANS",8,48.3934,0.7714347,2.3610161E-4,0.1556289,0.0021762813,1.0082655,0.0068546687,0.27959213,0.008541084,0.12736809,0.023708098,0.068739735,0.013554626
375316653866487564,4055897188541477120,0.4603852,2407.7748264449333,1.7312371139256615,9.059298E-6,19.550886,0.031738915,0.21212757,0.0037764339,0.03169351,0.007004269,0.47148108,0.085569456,null,null,null,null,null,null,0.08351764,0.046556875,0.21212757,0.0037764339,"ONEGAUSSIAN_WITH_ELLIPSOIDAL",6,9.3987465,0.21212757,0.0037764339,0.17748366,0.039223906,0.6385162,0.058273386,null,null,null,null,null,null
375316653866487564,4055899589420389504,0.6249313,2456.423599696059,0.6408317134802491,4.980502E-6,18.109447,0.0037034359,0.17505072,6.513875E-4,0.031353466,7.58434E-4,0.5000348,0.013322448,0.6733598,0.0012534542,0.031720933,0.0012023676,0.37247327,0.011057134,null,null,null,null,"TWOGAUSSIANS",8,3.3340745,0.17505072,6.513875E-4,0.17557941,0.0042472305,0.5000348,0.013322448,0.6733598,0.0012534542,0.17763722,0.0067332587,0.37247327,0.011057134
375316653866487564,4055905121339716352,0.57313794,2433.4812099641244,0.7254386967598846,1.8622066E-5,17.214886,0.0023466533,0.30519524,0.0047980226,0.019239875,0.004393485,0.078955136,0.03352345,0.81117624,3.1687279E-4,0.023850555,7.206805E-4,0.28374997,0.009544702,0.013354123,0.0029712114,0.30519524,0.0047980226,"TWOGAUSSIANS_WITH_ELLIPSOIDAL_ON_ECLIPSE1",9,2.993975,0.81117624,3.1687279E-4,0.1335631,0.004035811,0.31042048,0.010344479,0.30519524,0.0047980226,0.10774329,0.024603516,0.10566336,0.0330857
375316653866487564,4055906633168278528,0.5157794,2401.6810492127292,1.9807028224120193,1.3569199E-5,17.031677,0.018673593,0.25593466,0.0043623736,0.060890242,0.0071044536,0.4345144,0.05063518,0.74539405,0.008842405,0.076777324,0.008871244,0.8108074,0.09162801,null,null,null,null,"TWOGAUSSIANS",8,116.70898,0.74539405,0.008842405,0.4,0.0,0.809548,0.0922238,0.25593466,0.0043623736,0.34098536,0.039784938,0.43325505,0.051208496
375316653866487564,4055906736247500160,0.5763633,2383.0151588887566,0.8908107991674659,5.533434E-5,16.929314,0.0025553065,0.3079739,1.605138E-4,0.0101478025,2.8829626E-4,0.2736784,0.0013599767,0.5294691,0.04542497,0.13575347,0.041915838,0.0106322225,0.0033387335,null,null,null,null,"TWOGAUSSIANS",8,3.4951904,0.3079839,1.5496514E-4,0.056827694,0.0016144591,0.2764635,0.003873641,0.5294691,0.04542497,0.4,0.0,0.0106081255,0.0032613208
375316653866487564,4055907629600704256,0.5785691,2378.184651665939,1.081577725234286,9.127683E-6,17.16194,0.0035365282,0.1822668,0.01630627,0.042362444,0.009619526,0.053845134,0.01063223,0.67857176,0.002032625,0.046120107,0.0032338798,0.2827826,0.011772408,null,null,null,null,"TWOGAUSSIANS",8,5.8491917,0.67857176,0.002032625,0.25827262,0.018109726,0.2827826,0.011772418,0.1822668,0.01630627,0.23722968,0.05386934,0.05384511,0.010632173
375316653866487564,4055908699050182272,0.52693677,2389.372785261788,2.6299977402682613,2.8077155E-5,19.233294,0.0133110685,0.29590994,0.0064438204,0.030510489,0.00619309,0.5327323,0.041303962,0.8052672,2.629647E-4,0.011623132,5.438603E-4,1.1334581,0.041406833,0.049539573,0.031803224,0.29590994,0.0064438204,"TWOGAUSSIANS_WITH_ELLIPSOIDAL_ON_ECLIPSE1",9,11.287976,0.8052672,2.629647E-4,0.06508954,0.0030456178,1.2321951,0.02484863,0.29590994,0.0064438204,0.17085874,0.034681305,0.6318114,0.030834664
375316653866487564,4055910481457610496,0.5902659,2406.638480508761,2.5611928810520563,7.800369E-6,17.165989,0.006857252,0.2589319,0.0019444632,0.08522752,0.004593732,0.25672662,0.012609297,0.7575979,0.0021454326,0.08726507,0.0033748834,0.2636923,0.007022646,null,null,null,null,"TWOGAUSSIANS",8,5.737546,0.7575979,0.0021454326,0.4,0.0,0.2560701,0.005512625,0.2589319,0.0019444632,0.4,0.0,0.24910447,0.013433342
375316653866487564,4055911035525873536,0.52424765,2409.074376544064,0.123281327365368,4.0537197E-6,16.570518,0.001091345,0.21344817,0.046769813,0.0077109532,0.016742833,0.2891545,1.6791596,0.78049666,0.13179468,0.03905164,0.043868665,1.2206628,1.3596183,null,null,null,null,"TWOGAUSSIANS",8,14.2411175,0.78049666,0.13179468,0.21868919,0.24566454,1.2206628,1.3596183,0.21344817,0.046769813,0.043181337,0.093759865,0.2891545,1.6791596
375316653866487564,4055912650420364032,0.4600711,2421.666314402685,2.3913667132118572,2.472592E-5,19.6704,0.035443954,0.24487713,0.009081942,0.09187833,0.018413473,0.30485392,0.031318393,0.75362206,0.00765537,0.09658553,0.024275387,0.25306547,0.026902571,null,null,null,null,"TWOGAUSSIANS",8,2.4876065,0.24487713,0.009082063,0.4,0.0,0.29037583,0.022466581,0.75362206,0.00765537,0.4,0.0,0.2385868,0.027983366
375316653866487564,4055915154382768896,0.46787483,2475.841148325871,4.338321970627365,1.5197051E-5,19.72529,0.023234293,0.51732373,0.003608308,0.013926801,0.005742326,0.85068095,0.35593694,0.87301934,0.017299458,0.045068357,0.009595319,0.19397219,0.045590907,null,null,null,null,"TWOGAUSSIANS",8,3.1071982,0.51732373,0.003608308,0.077990085,0.032157026,0.85068095,0.35593694,0.87301934,0.017299458,0.25238279,0.053733785,0.19397219,0.045590907
375316653866487564,4055915497989106432,0.42071736,2363.5625756510653,0.03890330540391915,6.310589E-5,19.93648,0.004435454,0.28352642,0.022303661,0.0305015,0.01349269,0.18971582,0.053188145,0.83862704,0.005172242,0.063950986,0.0071606548,0.36124364,0.03600093,null,null,null,null,"TWOGAUSSIANS",8,2.0540178,0.83862704,0.005172242,0.3581255,0.040099666,0.3612436,0.036001045,0.28352642,0.022303661,0.1708084,0.075559065,0.1897158,0.05318785
375316653866487564,4055915811511291136,0.49723637,2402.9456529661775,2.7143902832973903,9.989448E-6,19.232695,0.037320085,0.22418632,0.009739509,0.111043856,0.024204561,0.23936756,0.027871754,0.71047926,0.0038448027,0.07285999,0.017045213,0.33081338,0.027787345,null,null,null,null,"TWOGAUSSIANS",8,2.7234838,0.71047926,0.0038448027,0.4,0.01537151,0.32017237,0.037027255,0.22418632,0.009739509,0.4,0.0,0.22870477,0.015443442
375316653866487564,4055917460778790400,0.47868118,2472.145477469064,0.1733355233864895,4.0353574E-5,19.725489,0.009910837,0.115564205,3.2028876E-4,0.012049683,7.057979E-4,0.5900547,0.0658744,0.70572233,0.015832754,0.05986457,0.014537291,0.345761,0.66334224,null,null,null,null,"TWOGAUSSIANS",8,2.1451402,0.115564205,3.2028876E-4,0.067478225,0.0039524683,0.5900547,0.0658744,0.70572233,0.015832754,0.3352416,0.08140883,0.345761,0.66334224
375316653866487564,4055918800808633216,0.4698601,2478.0032764405396,2.2046376693976786,1.4954585E-5,19.441046,0.015447181,0.16735736,0.012251977,0.02825526,0.0074370536,0.3795403,0.052937638,0.6540252,0.032132894,0.049647894,0.015141946,0.22000977,0.049208105,null,null,null,null,"TWOGAUSSIANS",8,3.467007,0.16735736,0.012251977,0.15822946,0.0416475,0.3795403,0.05293764,0.6540252,0.032132894,0.27802822,0.0847949,0.22000977,0.04920811
375316653866487564,4055920003448294272,0.57392377,2368.643262579314,3.178545718039448,7.38519E-6,14.759418,0.024397843,0.21454592,0.0030008454,0.05804577,0.006532491,0.27329955,0.05585686,0.7081124,0.002688541,0.06566908,0.005546435,0.35062498,0.05770331,0.08839272,0.03310531,0.7081124,0.002688541,"TWOGAUSSIANS_WITH_ELLIPSOIDAL_ON_ECLIPSE2",9,239.73294,0.7081124,0.002688541,0.3677469,0.031060034,0.5271507,0.016544508,0.21360593,0.0024099038,0.3250563,0.03658195,0.44957885,0.0125278225
375316653866487564,4055920037759748608,0.48780438,2484.573727490536,1.0950868162630254,1.9475952E-5,19.341753,0.022358255,0.124464914,0.0111449715,0.029281944,0.009766771,0.597013,0.146435,0.6675549,0.008594363,0.04817728,0.007891028,0.5202118,0.019367084,null,null,null,null,"TWOGAUSSIANS",8,4.3680987,0.124464914,0.0111449715,0.16397889,0.054693922,0.597013,0.146435,0.6675549,0.008594363,0.26979277,0.04418976,0.5202118,0.019367084
