Gaia/vari_eclipsing_binary/VariEclipsingBinary_636487-636583.csv
# %ECSV 1.0
# ---
# delimiter: ','
# meta: !!omap
# - RELEASE: Gaia DR3
# - TABLE: vari_eclipsing_binary
# - DESCRIPTION: >
#     This table describes the properties of the eclipsing binaries resulting from the variability analysis. 
# - CITATION: >
#     How to cite and acknowledge Gaia: 
#     https://gea.esac.esa.int/archive/documentation/credits.html 
# - KNOWN_ISSUES: >
#     Known issues: 
#     https://www.cosmos.esa.int/web/gaia-users/known-issues 
# - DOCUMENTATION: >
#     Tutorials and documentation: 
#     https://www.cosmos.esa.int/web/gaia-users/archive 
# datatype:
# - 
#   name: solution_id
#   datatype: int64
#   description: Solution Identifier
#   meta:
#     ucd: meta.version
# - 
#   name: source_id
#   datatype: int64
#   description: Unique source identifier
#   meta:
#     ucd: meta.id;meta.main
# - 
#   name: global_ranking
#   datatype: float32
#   description: Number between 0 (worst) and 1 (best)
#   meta:
#     ucd: stat.param
# - 
#   name: reference_time
#   datatype: float64
#   unit: d
#   description: Reference time used for the geometric model fit
#   meta:
#     ucd: time.epoch
# - 
#   name: frequency
#   datatype: float64
#   unit: d**-1
#   description: Frequency of geometric model of the eclipsing binary light curve
#   meta:
#     ucd: src.orbital
# - 
#   name: frequency_error
#   datatype: float32
#   unit: d**-1
#   description: "Uncertainty of \\texttt{frequency}"
#   meta:
#     ucd: stat.error
# - 
#   name: geom_model_reference_level
#   datatype: float32
#   unit: mag
#   description: Magnitude reference level of geometric model
#   meta:
#     ucd: phot.mag;em.opt
# - 
#   name: geom_model_reference_level_error
#   datatype: float32
#   unit: mag
#   description: "Uncertainty of \\texttt{geomModelReferenceLevel}"
#   meta:
#     ucd: stat.error;phot.mag;em.opt
# - 
#   name: geom_model_gaussian1_phase
#   datatype: float32
#   description: Phase of the Gaussian 1 component
#   meta:
#     ucd: time.phase
# - 
#   name: geom_model_gaussian1_phase_error
#   datatype: float32
#   description: "Uncertainty of \\texttt{geomModelGaussian1Phase}"
#   meta:
#     ucd: stat.error;time.phase
# - 
#   name: geom_model_gaussian1_sigma
#   datatype: float32
#   description: "Standard deviation [phase] of Gaussian 1 component"
#   meta:
#     ucd: stat.stdev
# - 
#   name: geom_model_gaussian1_sigma_error
#   datatype: float32
#   description: "Uncertainty of \\texttt{geomModelGaussian1Sigma}"
#   meta:
#     ucd: stat.error
# - 
#   name: geom_model_gaussian1_depth
#   datatype: float32
#   unit: mag
#   description: Magnitude depth of Gaussian 1 component
#   meta:
#     ucd: src.var.amplitude
# - 
#   name: geom_model_gaussian1_depth_error
#   datatype: float32
#   unit: mag
#   description: "Uncertainty of \\texttt{geomModelGaussian1Depth}"
#   meta:
#     ucd: stat.error;src.var.amplitude
# - 
#   name: geom_model_gaussian2_phase
#   datatype: float32
#   description: Phase of Gaussian 2 component
#   meta:
#     ucd: time.phase
# - 
#   name: geom_model_gaussian2_phase_error
#   datatype: float32
#   description: "Uncertainty of \\texttt{geomModelGaussian2Phase}"
#   meta:
#     ucd: stat.error;time.phase
# - 
#   name: geom_model_gaussian2_sigma
#   datatype: float32
[...]
#   datatype: float32
#   description: "Secondary eclipse: uncertainty of \\texttt{derivedSecondaryEclDuration}"
#   meta:
#     ucd: stat.error;time.duration
# - 
#   name: derived_secondary_ecl_depth
#   datatype: float32
#   unit: mag
#   description: "Secondary eclipse: depth"
#   meta:
#     ucd: src.var.amplitude
# - 
#   name: derived_secondary_ecl_depth_error
#   datatype: float32
#   unit: mag
#   description: "Secondary eclipse: uncertainty of \\texttt{derivedSecondaryEclDepth}"
#   meta:
#     ucd: stat.error;src.var.amplitude
solution_id,source_id,global_ranking,reference_time,frequency,frequency_error,geom_model_reference_level,geom_model_reference_level_error,geom_model_gaussian1_phase,geom_model_gaussian1_phase_error,geom_model_gaussian1_sigma,geom_model_gaussian1_sigma_error,geom_model_gaussian1_depth,geom_model_gaussian1_depth_error,geom_model_gaussian2_phase,geom_model_gaussian2_phase_error,geom_model_gaussian2_sigma,geom_model_gaussian2_sigma_error,geom_model_gaussian2_depth,geom_model_gaussian2_depth_error,geom_model_cosine_half_period_amplitude,geom_model_cosine_half_period_amplitude_error,geom_model_cosine_half_period_phase,geom_model_cosine_half_period_phase_error,model_type,num_model_parameters,reduced_chi2,derived_primary_ecl_phase,derived_primary_ecl_phase_error,derived_primary_ecl_duration,derived_primary_ecl_duration_error,derived_primary_ecl_depth,derived_primary_ecl_depth_error,derived_secondary_ecl_phase,derived_secondary_ecl_phase_error,derived_secondary_ecl_duration,derived_secondary_ecl_duration_error,derived_secondary_ecl_depth,derived_secondary_ecl_depth_error
[from data line 179]
375316653866487564,5598798459454857344,0.60649395,2212.2002953628235,1.4679863060627238,4.472369E-6,16.929995,0.0028523311,0.256103,0.0012690536,0.047528427,0.0012005166,0.3807175,0.014541951,0.7623551,0.0035374805,0.04524329,0.003249639,0.08652317,0.0073076524,0.031467747,0.0039470005,0.256103,0.0012690536,"TWOGAUSSIANS_WITH_ELLIPSOIDAL_ON_ECLIPSE1",9,3.4564874,0.256103,0.0012690536,0.2661592,0.006722893,0.44365254,0.014147609,0.7623551,0.0035374805,0.25336242,0.018197978,0.14936115,0.003494183
375316653866487564,5598799795176363904,0.5448043,2205.708380954693,1.4560828224076299,1.535512E-5,19.3963,0.0072496147,0.18330352,0.002256177,0.043605782,0.0022541727,0.42364967,0.011236671,0.6705205,0.0037754476,0.05839117,0.0069567356,0.21955365,0.015520537,null,null,null,null,"TWOGAUSSIANS",8,2.1149416,0.18330352,0.002256177,0.24419238,0.012623367,0.4236478,0.011235325,0.6705205,0.0037754476,0.32699054,0.03895772,0.21955179,0.01552274
375316653866487564,5598799936919283968,0.4981665,2234.301939896523,3.3971229894004957,1.8229146E-5,18.90399,0.046811745,0.25945035,0.0051686047,0.117132716,0.025082735,0.18251811,0.0431935,0.7527976,0.0051725525,0.11650386,0.020662053,0.19382863,0.04512461,null,null,null,null,"TWOGAUSSIANS",8,1.7787546,0.7527976,0.0051725525,0.4,0.0,0.15804896,0.008332633,0.25948036,0.0052395826,0.4,0.0,0.1467369,0.009657382
375316653866487564,5598801826709345792,0.6184722,2213.2712574188463,1.6415197379294437,4.5324346E-6,17.229813,0.001600684,0.20463923,0.0017063705,0.026414894,0.017733505,0.00669181,0.0042707743,0.70479655,0.0028437676,0.061699644,0.0032633233,0.14201604,0.0041430215,0.07520133,0.0024376858,0.20463923,0.0017063705,"TWOGAUSSIANS_WITH_ELLIPSOIDAL_ON_ECLIPSE1",9,2.6682417,0.70479655,0.0023678814,0.34551802,0.01827461,0.29238054,0.0030744993,0.20463923,0.0017063705,0.14792341,0.09930763,0.15705648,0.00408755
375316653866487564,5598807186828571776,0.59126663,2197.938371139484,0.8530923541037221,8.0509315E-5,15.586814,9.472831E-4,0.078366876,0.007588364,0.0072017526,0.004780544,0.008412039,0.08251554,0.3218841,0.0019963915,0.03775419,0.0017890122,0.18766186,0.01003355,null,null,null,null,"TWOGAUSSIANS",8,2.7793674,0.3218841,0.0019963915,0.21142346,0.010018468,0.18766186,0.01003355,0.078366876,0.007588364,0.040329814,0.026771046,0.008412039,0.08251554
375316653866487564,5598807938434294400,0.49102932,2211.392420045242,3.0559903043631267,1.35913315E-5,17.939312,0.0102490345,0.29229558,0.0038587872,0.08510716,0.010109057,0.10717735,0.008551894,0.7679899,0.005592522,0.109485224,0.017279305,0.08397515,0.008088243,null,null,null,null,"TWOGAUSSIANS",8,1.4288932,0.29231557,0.0038612827,0.4,0.0,0.102291465,0.0053928727,0.7679899,0.005592522,0.4,0.0,0.07908172,0.0052708266
375316653866487564,5598810000018546688,0.53448766,2222.7469585005842,3.016292735110915,1.1347494E-5,19.346386,0.01293357,0.13833645,0.0050488925,0.08917395,0.0075763217,0.34912384,0.019779291,0.63580406,0.0030529657,0.08475448,0.0048810067,0.3549757,0.018206615,null,null,null,null,"TWOGAUSSIANS",8,2.4508107,0.63580406,0.0030529657,0.4,0.0,0.34414676,0.017526051,0.13833645,0.0050488925,0.4,0.0,0.3382948,0.01939882
375316653866487564,5598812718741139328,0.49299616,2209.5522996400846,0.3186987038848778,3.7553767E-5,18.699966,0.0037158392,0.37695575,0.0031461518,0.036935817,0.0030892284,0.37346914,0.06232192,0.65788144,0.006651376,0.0096188225,0.0072909473,0.036177948,0.062516846,null,null,null,null,"TWOGAUSSIANS",8,3.8772748,0.37695575,0.0031461518,0.20684057,0.017299678,0.37346914,0.06232192,0.65788144,0.006651376,0.053865407,0.040829305,0.036177948,0.062516846
375316653866487564,5598813131063052288,0.5474717,2225.215954083815,0.32686482896648744,8.037291E-6,13.916353,0.024661155,0.23385133,0.0019852878,0.2114341,0.015982764,0.21142532,0.022685166,0.7352154,0.0020458892,0.17404085,0.010914432,0.20976725,0.021206807,null,null,null,null,"TWOGAUSSIANS",8,8.411021,0.7360654,0.0021981082,0.4,0.0,0.056294747,0.0013235784,0.23314133,0.0020465292,0.4,0.0,0.03891344,0.0012795778
375316653866487564,5598814707302976000,0.4504806,2214.3682166719223,1.1537962945212006,1.7658773E-5,16.659712,0.0017943132,0.26720822,0.0020196442,0.03436627,0.0022158334,0.08776716,0.010260676,0.7623779,0.028474366,0.025634153,0.01676771,0.008860976,0.0133559825,null,null,null,null,"TWOGAUSSIANS",8,7.2181234,0.26720822,0.0020196442,0.1924511,0.012408667,0.08776716,0.010260676,0.7623779,0.028474366,0.14355125,0.093899176,0.008860976,0.0133559825
375316653866487564,5598815398805896576,0.60110646,2224.2438310123416,1.8255879630955996,3.1722268E-6,16.927065,0.013551789,0.21194293,0.003691121,0.055464543,0.030773373,0.069097705,0.0267505,0.7110681,0.0052212784,0.052136842,0.0051086373,0.43306822,0.032154076,0.09582115,0.016178068,0.21194293,0.003691121,"TWOGAUSSIANS_WITH_ELLIPSOIDAL_ON_ECLIPSE1",9,13.427217,0.7111481,0.004960109,0.29196632,0.028608367,0.62469846,0.011803541,0.21194293,0.003691121,0.31060144,0.11531593,0.26073325,0.020843906
375316653866487564,5598816154720142720,0.5540547,2191.7638978510804,1.027151446738568,2.1103692E-6,15.953562,0.0019456635,0.26244017,0.0037791948,0.01642706,0.007835745,0.027588867,0.018938744,0.7613365,7.639105E-4,0.03250311,0.0018810547,0.18564509,0.011118947,0.02326626,0.002665456,0.26244017,0.0037791948,"TWOGAUSSIANS_WITH_ELLIPSOIDAL_ON_ECLIPSE1",9,13.877042,0.7613565,7.3635636E-4,0.1820174,0.0105339065,0.23217541,0.011969929,0.26244017,0.0037791948,0.09199154,0.043880172,0.07412138,0.018072119
375316653866487564,5598817082433019008,0.50662595,2216.4468123869015,0.5442994518335335,5.5970206E-5,17.383509,0.0038416537,0.268994,0.29196364,0.12122108,0.22649956,0.011595315,0.062055346,0.6390878,0.0028064935,0.015889335,0.0016061926,0.47002995,0.08402488,null,null,null,null,"TWOGAUSSIANS",8,13.464876,0.6390878,0.0028064935,0.08898028,0.008994678,0.47013497,0.08405384,0.268994,0.29196364,0.4,0.6144587,0.011590628,0.062068265
375316653866487564,5598817387362769024,0.53181255,2222.1083463551204,3.1115021453220177,1.3219855E-5,18.074104,0.006785582,0.2596437,0.0037811296,0.090401374,0.005347202,0.22899607,0.009600373,0.7493233,0.0031537588,0.09250415,0.0054005994,0.23990881,0.00926116,null,null,null,null,"TWOGAUSSIANS",8,3.6407225,0.7493233,0.0031537588,0.4,0.0,0.23034437,0.00920511,0.2596437,0.0037811296,0.4,0.0,0.21943176,0.009049791
375316653866487564,5598819861273252736,0.59650004,2229.265667636934,0.20389559616189584,5.1247225E-6,17.05312,0.008085581,0.21906738,0.0018660759,0.033863477,0.0028889228,0.36809003,0.030500202,0.7180247,8.3342055E-4,0.03561858,0.0012424731,0.73624474,0.02331048,0.030250056,0.011678534,0.21906738,0.0018660759,"TWOGAUSSIANS_WITH_ELLIPSOIDAL_ON_ECLIPSE1",9,35.56939,0.7180347,8.324439E-4,0.19946405,0.0069578495,0.79674226,0.02170896,0.21906738,0.0018660759,0.18963547,0.016177967,0.42859012,0.025735844
375316653866487564,5598820033062069888,0.54154307,2214.6704230982637,2.337684911064421,1.1592178E-5,16.258625,0.0010876788,0.2787808,0.0030616818,0.056880407,0.021662673,0.0022971258,0.003432828,0.80581003,0.012955828,0.031417087,0.0129745705,0.01918716,0.014751419,0.037216507,0.0015867052,0.2787808,0.0030616818,"TWOGAUSSIANS_WITH_ELLIPSOIDAL_ON_ECLIPSE1",9,3.6616766,0.80581003,0.012955828,0.1759357,0.0726576,0.0914936,0.015161433,0.2787808,0.0030616818,0.31853026,0.11906044,0.07672981,0.0025765097
375316653866487564,5598822820510288512,0.5879897,2226.3876055688124,0.1750965267534513,2.2553912E-5,16.865698,0.0012478345,0.28012484,0.0014438854,0.012169381,7.4399554E-4,0.24260136,0.013422384,0.7774203,0.014248158,0.023891939,0.018583797,0.13213459,0.11182779,null,null,null,null,"TWOGAUSSIANS",8,1.8558543,0.28012484,0.0014438854,0.06814853,0.004166375,0.24260136,0.013422384,0.7774203,0.014248158,0.13379486,0.10406926,0.13213459,0.11182779
375316653866487564,5598822919280360576,0.4913106,2211.110173455017,2.938744154895836,2.081324E-5,19.48094,0.03011446,0.20513088,0.0067274617,0.091953374,0.01333689,0.30780995,0.030360337,0.71081656,0.0066698864,0.10117122,0.018921291,0.24885543,0.0273681,null,null,null,null,"TWOGAUSSIANS",8,2.1372416,0.20513088,0.0067270934,0.4,0.0,0.28999868,0.021435754,0.71081656,0.0066698864,0.4,0.0,0.23104183,0.024711633
375316653866487564,5598824504137582720,0.5264947,2240.987244942389,1.2812511661848065,3.586304E-5,16.48793,7.3106535E-4,0.19170491,0.036299955,0.05719654,0.021769265,0.006775624,0.0017178054,0.44074038,5.407865E-4,0.020765154,7.829823E-4,0.11150526,0.0020747704,null,null,null,null,"TWOGAUSSIANS",8,1.7293179,0.44074038,5.407865E-4,0.116284855,0.0043847007,0.111505784,0.0020762952,0.19170491,0.036299955,0.3203006,0.12190788,0.006775624,0.0017178054
375316653866487564,5598824946504899328,0.61216474,2240.4175729656795,2.220357170468977,4.6789473E-6,18.115433,0.027196744,0.293748,0.0028788717,0.059655014,0.020194983,0.15880832,0.05120582,0.79280835,0.004725547,0.04698604,0.012464653,0.18452165,0.054152157,0.11627023,0.031485382,0.293748,0.0028788717,"TWOGAUSSIANS_WITH_ELLIPSOIDAL_ON_ECLIPSE1",9,3.3922384,0.79297835,0.0036362996,0.2631218,0.06980205,0.4170302,0.009761642,0.293748,0.0028788717,0.3340681,0.1130919,0.3913235,0.019433713
375316653866487564,5598825500557113984,0.5617078,2221.7820549658913,1.6984734437178204,8.2874085E-6,18.198471,0.005786062,0.20322202,0.0018956697,0.0430358,0.002360235,0.26630384,0.01687324,0.7144248,0.009380697,0.034153853,0.012547836,0.05129572,0.021647366,0.038371343,0.010833609,0.20322202,0.0018956697,"TWOGAUSSIANS_WITH_ELLIPSOIDAL_ON_ECLIPSE1",9,4.4321756,0.20322202,0.0018956697,0.24100049,0.013217316,0.34304637,0.00893023,0.7144248,0.009380697,0.19126157,0.07026788,0.12765864,0.017922347
375316653866487564,5598826325191357568,0.58692336,2244.391727169121,3.2532123568808586,1.4149519E-5,19.678469,0.015607602,0.18386818,0.0027021049,0.046718623,0.0063525913,0.47508076,0.06696363,0.6764386,0.0046414216,0.039285094,0.0063265683,0.43465903,0.042985052,0.11068436,0.023888353,0.18386818,0.0027021049,"TWOGAUSSIANS_WITH_ELLIPSOIDAL_ON_ECLIPSE1",9,1.2416681,0.18386818,0.0027021049,0.26162428,0.03557451,0.69644916,0.07495325,0.6768687,0.004316114,0.21999653,0.035428785,0.6555735,0.03696241
375316653866487564,5598827424714944000,0.5143247,2226.2626109953153,3.1484525137536403,9.0645E-6,16.448572,0.0037002303,0.2848129,0.0023404171,0.0705867,0.00733149,0.12302914,0.0142891975,0.7960352,0.0039215162,0.061154135,0.005556066,0.10515914,0.007320127,null,null,null,null,"TWOGAUSSIANS",8,7.9724846,0.2848129,0.0023404171,0.39528552,0.023697974,0.12290655,0.014410818,0.7960352,0.0039215162,0.34246314,0.031113971,0.10503656,0.007331999
375316653866487564,5598829005263179264,0.5279702,2223.7002248556873,3.906697128083283,3.840086E-6,15.496929,9.4394357E-4,0.41872683,0.00752693,0.0068533164,0.0045557744,0.12785994,1.5067855,0.7451869,0.0021640449,0.012198033,6.9260906E-4,0.44259053,0.07852815,null,null,null,null,"TWOGAUSSIANS",8,11.311053,0.7451869,0.0021640449,0.06830899,0.003878611,0.44259053,0.07852815,0.41872683,0.00752693,0.03837857,0.025512338,0.12785994,1.5067855
375316653866487564,5598829795537094784,0.5619832,2205.160441880033,1.6626099013897695,1.228163E-5,17.534214,0.0037871567,0.2106896,0.017348919,0.014995495,0.017865175,0.16867405,2079549.1,0.701032,0.001265607,0.030805223,0.0015645071,0.59264004,0.055668645,0.022372419,0.005676219,0.2106896,0.017348919,"TWOGAUSSIANS_WITH_ELLIPSOIDAL_ON_ECLIPSE1",9,13.384276,0.701082,0.001236314,0.17250925,0.00876124,0.6372211,0.057028748,0.2106896,0.017348919,0.08397477,0.10004498,0.2134188,2079549.1
375316653866487564,5598829894307430528,0.5803879,2223.4433426495743,1.432387655434876,6.1850965E-6,16.241978,0.0055048964,0.3175961,0.002890621,0.108747,0.0061309803,0.12808184,0.0056950613,0.817784,0.0015486216,0.08901487,0.0034824014,0.18281502,0.005160023,null,null,null,null,"TWOGAUSSIANS",8,3.9699905,0.817784,0.0015486216,0.4,0.0,0.17069401,0.0027823749,0.3175961,0.002890621,0.4,0.0,0.11595432,0.003888619
375316653866487564,5598829967335784832,0.62738043,2216.275480451441,0.22687193304944311,5.9255576E-6,13.955157,0.007933147,0.24145421,5.6668906E-4,0.030256268,0.0011044162,1.2862781,0.062196195,0.74313974,0.0024438766,0.028274719,0.0030028566,0.21484372,0.052174646,0.04429682,0.008643032,0.74313974,0.0024438766,"TWOGAUSSIANS_WITH_ELLIPSOIDAL_ON_ECLIPSE2",9,265.34628,0.24146421,5.6599936E-4,0.1694351,0.0061847307,1.3748618,0.06654964,0.74313974,0.0024438766,0.15833843,0.016815998,0.3034373,0.049358588
375316653866487564,5598830066112796544,0.61137104,2194.210569224496,0.3785331463641947,2.9457442E-5,17.025633,9.034379E-4,0.846906,0.0021058014,0.032330967,0.0020886173,0.37718672,0.010290245,null,null,null,null,null,null,null,null,null,null,"ONEGAUSSIAN",5,1.484361,0.846906,0.0021058014,0.18105341,0.011696257,0.37718672,0.0,null,null,null,null,null,null
375316653866487564,5598833364641153024,0.58015716,2231.3812765079006,3.0878085162501834,4.5157217E-6,17.867716,0.016923537,0.23380338,0.0023900433,0.08483415,0.004923753,0.46256533,0.014520313,0.7335907,0.0027482023,0.086511664,0.004375771,0.4641661,0.017707983,null,null,null,null,"TWOGAUSSIANS",8,11.607465,0.7335907,0.0027482023,0.4,0.0,0.4510947,0.014422803,0.23380338,0.0023900433,0.4,0.0,0.44949397,0.011857835
375316653866487564,5598833403309395072,0.5514049,2234.10683632612,0.24703819185614906,1.1010665E-4,16.406376,0.001519617,0.3345797,1.2287799E-4,0.0069544157,6.712411E-5,0.50348413,0.008129484,0.6608526,0.009768431,0.028073471,0.009004242,0.02739518,0.019177713,null,null,null,null,"TWOGAUSSIANS",8,6.9862704,0.3345797,1.2287799E-4,0.03894473,3.75895E-4,0.50348413,0.008129484,0.6608526,0.009768431,0.15721144,0.050423753,0.02739518,0.019177713
375316653866487564,5598833712546964736,0.4672482,2215.963127626788,3.671286180653543,3.096079E-5,18.11278,0.00261217,null,null,null,null,null,null,null,null,null,null,null,null,0.046410345,0.002952403,0.20342258,0.007396914,"ELLIPSOIDAL",4,4.425324,null,null,null,null,null,null,null,null,null,null,null,null
375316653866487564,5598833776958118528,0.44474608,2201.4483154486365,1.2110915842322378,8.288509E-6,17.83014,0.0044194916,0.33150277,0.00219037,0.041574318,0.0030781736,0.10408685,0.008675309,0.8215378,0.0051516485,0.045039855,0.004286438,0.10495049,0.008443869,null,null,null,null,"TWOGAUSSIANS",8,8.701507,0.8215378,0.0051516485,0.2522232,0.024004053,0.10495048,0.008443867,0.33150277,0.00219037,0.23281619,0.017237771,0.104086846,0.00867531
375316653866487564,5598833884349558912,0.52712065,2216.811717541654,1.6406115519217577,1.27002695E-5,15.867276,0.12058071,0.29023734,0.003923171,0.1321221,0.024853451,0.18988441,0.10343782,0.78540957,0.0051644985,0.167778,0.050528582,0.20242962,0.1195532,null,null,null,null,"TWOGAUSSIANS",8,11.305649,0.78540957,0.0051644985,0.4,0.0,0.10812975,0.004358758,0.29091734,0.0034633859,0.4,0.0,0.1000777,0.005065318
375316653866487564,5598835563665551104,0.52727616,2216.8818934094606,3.7835707638720826,9.7987095E-6,17.721989,0.0036603624,0.26710534,0.0038841593,0.07075091,0.004385833,0.153931,0.005231987,0.75861543,0.00395179,0.06794972,0.0044242204,0.12198648,0.010330167,null,null,null,null,"TWOGAUSSIANS",8,3.4205017,0.26710534,0.0038841593,0.39620507,0.019684726,0.15359977,0.005123043,0.75861543,0.00395179,0.38051844,0.024775634,0.12165524,0.010350382
375316653866487564,5598837041134538496,0.43763757,2272.6263419897045,2.746666980077947,2.8271386E-5,19.277819,0.0060609537,null,null,null,null,null,null,null,null,null,null,null,null,0.09333972,0.009445662,0.21681745,0.006666068,"ELLIPSOIDAL",4,7.152059,null,null,null,null,null,null,null,null,null,null,null,null
