Gaia/vari_eclipsing_binary/VariEclipsingBinary_674121-674147.csv
# %ECSV 1.0
# ---
# delimiter: ','
# meta: !!omap
# - RELEASE: Gaia DR3
# - TABLE: vari_eclipsing_binary
# - DESCRIPTION: >
#     This table describes the properties of the eclipsing binaries resulting from the variability analysis. 
# - CITATION: >
#     How to cite and acknowledge Gaia: 
#     https://gea.esac.esa.int/archive/documentation/credits.html 
# - KNOWN_ISSUES: >
#     Known issues: 
#     https://www.cosmos.esa.int/web/gaia-users/known-issues 
# - DOCUMENTATION: >
#     Tutorials and documentation: 
#     https://www.cosmos.esa.int/web/gaia-users/archive 
# datatype:
# - 
#   name: solution_id
#   datatype: int64
#   description: Solution Identifier
#   meta:
#     ucd: meta.version
# - 
#   name: source_id
#   datatype: int64
#   description: Unique source identifier
#   meta:
#     ucd: meta.id;meta.main
# - 
#   name: global_ranking
#   datatype: float32
#   description: Number between 0 (worst) and 1 (best)
#   meta:
#     ucd: stat.param
# - 
#   name: reference_time
#   datatype: float64
#   unit: d
#   description: Reference time used for the geometric model fit
#   meta:
#     ucd: time.epoch
# - 
#   name: frequency
#   datatype: float64
#   unit: d**-1
#   description: Frequency of geometric model of the eclipsing binary light curve
#   meta:
#     ucd: src.orbital
# - 
#   name: frequency_error
#   datatype: float32
#   unit: d**-1
#   description: "Uncertainty of \\texttt{frequency}"
#   meta:
#     ucd: stat.error
# - 
#   name: geom_model_reference_level
#   datatype: float32
#   unit: mag
#   description: Magnitude reference level of geometric model
#   meta:
#     ucd: phot.mag;em.opt
# - 
#   name: geom_model_reference_level_error
#   datatype: float32
#   unit: mag
#   description: "Uncertainty of \\texttt{geomModelReferenceLevel}"
#   meta:
#     ucd: stat.error;phot.mag;em.opt
# - 
#   name: geom_model_gaussian1_phase
#   datatype: float32
#   description: Phase of the Gaussian 1 component
#   meta:
#     ucd: time.phase
# - 
#   name: geom_model_gaussian1_phase_error
#   datatype: float32
#   description: "Uncertainty of \\texttt{geomModelGaussian1Phase}"
#   meta:
#     ucd: stat.error;time.phase
# - 
#   name: geom_model_gaussian1_sigma
#   datatype: float32
#   description: "Standard deviation [phase] of Gaussian 1 component"
#   meta:
#     ucd: stat.stdev
# - 
#   name: geom_model_gaussian1_sigma_error
#   datatype: float32
#   description: "Uncertainty of \\texttt{geomModelGaussian1Sigma}"
#   meta:
#     ucd: stat.error
# - 
#   name: geom_model_gaussian1_depth
#   datatype: float32
#   unit: mag
#   description: Magnitude depth of Gaussian 1 component
#   meta:
#     ucd: src.var.amplitude
# - 
#   name: geom_model_gaussian1_depth_error
#   datatype: float32
#   unit: mag
#   description: "Uncertainty of \\texttt{geomModelGaussian1Depth}"
#   meta:
#     ucd: stat.error;src.var.amplitude
# - 
#   name: geom_model_gaussian2_phase
#   datatype: float32
#   description: Phase of Gaussian 2 component
#   meta:
#     ucd: time.phase
# - 
#   name: geom_model_gaussian2_phase_error
#   datatype: float32
#   description: "Uncertainty of \\texttt{geomModelGaussian2Phase}"
#   meta:
#     ucd: stat.error;time.phase
# - 
#   name: geom_model_gaussian2_sigma
#   datatype: float32
[...]
#   datatype: float32
#   description: "Secondary eclipse: uncertainty of \\texttt{derivedSecondaryEclDuration}"
#   meta:
#     ucd: stat.error;time.duration
# - 
#   name: derived_secondary_ecl_depth
#   datatype: float32
#   unit: mag
#   description: "Secondary eclipse: depth"
#   meta:
#     ucd: src.var.amplitude
# - 
#   name: derived_secondary_ecl_depth_error
#   datatype: float32
#   unit: mag
#   description: "Secondary eclipse: uncertainty of \\texttt{derivedSecondaryEclDepth}"
#   meta:
#     ucd: stat.error;src.var.amplitude
solution_id,source_id,global_ranking,reference_time,frequency,frequency_error,geom_model_reference_level,geom_model_reference_level_error,geom_model_gaussian1_phase,geom_model_gaussian1_phase_error,geom_model_gaussian1_sigma,geom_model_gaussian1_sigma_error,geom_model_gaussian1_depth,geom_model_gaussian1_depth_error,geom_model_gaussian2_phase,geom_model_gaussian2_phase_error,geom_model_gaussian2_sigma,geom_model_gaussian2_sigma_error,geom_model_gaussian2_depth,geom_model_gaussian2_depth_error,geom_model_cosine_half_period_amplitude,geom_model_cosine_half_period_amplitude_error,geom_model_cosine_half_period_phase,geom_model_cosine_half_period_phase_error,model_type,num_model_parameters,reduced_chi2,derived_primary_ecl_phase,derived_primary_ecl_phase_error,derived_primary_ecl_duration,derived_primary_ecl_duration_error,derived_primary_ecl_depth,derived_primary_ecl_depth_error,derived_secondary_ecl_phase,derived_secondary_ecl_phase_error,derived_secondary_ecl_duration,derived_secondary_ecl_duration_error,derived_secondary_ecl_depth,derived_secondary_ecl_depth_error
[from data line 509]
375316653866487564,5929838385278902912,0.5385177,2211.3597217362676,3.507985474161246,1.6479053E-5,18.940968,0.0060951556,0.30559897,0.0027515113,0.045650363,0.010565335,0.08497094,0.024158515,0.7963282,0.024055533,0.019528592,0.014781869,0.25079072,0.48916626,0.13334575,0.012060707,0.30559897,0.0027515113,"TWOGAUSSIANS_WITH_ELLIPSOIDAL_ON_ECLIPSE1",9,3.4298968,0.7966182,0.023705974,0.109360114,0.08277847,0.5166063,0.49009433,0.30559897,0.0027515113,0.25564203,0.059165876,0.3516624,0.021336718
375316653866487564,5929838458311067520,0.474397,2236.872712542355,0.029066080172335137,5.0181727E-5,17.950556,0.0063219373,0.4771544,0.0066562523,0.057523265,0.0095310025,0.275747,0.13044386,0.6624157,0.0034205015,0.013814659,0.00307165,0.22411959,0.043654483,null,null,null,null,"TWOGAUSSIANS",8,11.73225,0.4771544,0.0066562523,0.3221303,0.053373616,0.275747,0.13044386,0.6624157,0.0034205015,0.07736209,0.01720124,0.22566186,0.043800425
375316653866487564,5929838625770360064,0.6065931,2233.5353190904393,2.3447337771396777,8.774427E-6,18.245407,0.0063930503,0.28266743,0.0011891816,0.0800476,0.002298013,0.45354375,0.010627753,0.7844042,0.0027150253,0.07639216,0.0028789646,0.46996152,0.014564575,null,null,null,null,"TWOGAUSSIANS",8,3.2236192,0.7844042,0.0027150253,0.4,0.0,0.46457362,0.014874172,0.28266743,0.0011891816,0.4,0.0,0.44815585,0.010766776
375316653866487564,5929839347324893312,0.49018985,2212.819845313456,2.9766432381460186,2.333152E-5,18.126802,0.0022637306,0.7465028,0.0051776147,0.01009113,0.01434419,0.012694941,1.6834864E7,null,null,null,null,null,null,0.04746205,0.0028385108,0.7465028,0.0051776147,"ONEGAUSSIAN_WITH_ELLIPSOIDAL",6,2.6391337,0.7465028,0.0051776147,0.056510326,0.080327466,0.10761904,1.6834864E7,null,null,null,null,null,null
375316653866487564,5929839965818580224,0.5068832,2177.9937988137995,1.6472352101182404,1.4879448E-5,19.41962,0.0076073636,0.13341923,0.0021141556,0.0126770465,7.72783E-4,0.816682,0.093575194,0.6550138,0.034477748,0.013477723,0.034029137,0.3825657,1.2970451,null,null,null,null,"TWOGAUSSIANS",8,2.1314309,0.13341923,0.0021141556,0.07099146,0.0043275845,0.816682,0.093575194,0.6550138,0.034477748,0.075475246,0.19056316,0.3825657,1.2970451
375316653866487564,5929840244966689792,0.46857855,2174.1122430083283,0.1143281559256618,2.2705524E-5,19.670748,0.012849811,0.15578009,0.015323843,0.0989157,0.017942274,0.19653742,0.04160079,0.54710054,0.004742938,0.061862085,0.009944724,0.43698418,0.08765072,null,null,null,null,"TWOGAUSSIANS",8,2.2733865,0.54710054,0.004742938,0.34642768,0.055690452,0.4366664,0.08803363,0.15578009,0.015323843,0.4,0.0,0.19614114,0.04177927
375316653866487564,5929840416816038144,0.59829193,2209.45436454869,1.2824512399530101,7.1343134E-6,16.94147,0.01014497,0.28718236,0.0030610124,0.09187061,0.005102865,0.2948971,0.011570751,0.797856,0.0023859825,0.09332823,0.0071916003,0.1771607,0.00817627,null,null,null,null,"TWOGAUSSIANS",8,4.5568547,0.28718236,0.0030610124,0.4,0.0,0.28476214,0.010137051,0.797856,0.0023859825,0.4,0.0,0.16702574,0.005956689
375316653866487564,5929840824794969984,0.47468162,2197.290906576454,1.546614994859051,1.0505321E-5,18.394636,0.019843196,0.20597589,0.0034007586,0.05010921,0.004664098,0.48283157,0.027800107,0.75860274,0.040343262,0.10765123,0.043907747,0.19996057,0.048512388,null,null,null,null,"TWOGAUSSIANS",8,11.437827,0.20596589,0.003398646,0.28061157,0.026118947,0.48182335,0.027757928,0.75860274,0.040343262,0.4,0.025331778,0.19891644,0.049656834
375316653866487564,5929841000931627904,0.46690813,2191.2057680215844,1.8352041241598598,2.587981E-5,17.15972,0.017744467,0.28765538,0.00797901,0.12887298,0.025042508,0.08003812,0.016999716,0.78343076,0.011399345,0.09456097,0.02800613,0.06412451,0.01629541,null,null,null,null,"TWOGAUSSIANS",8,4.700971,0.28765538,0.00797901,0.4,0.0,0.06875358,0.0049714264,0.78343076,0.011426423,0.4,0.0,0.052926738,0.006575091
375316653866487564,5929841207039649280,0.42809546,2204.06463276842,3.4174718047067953,6.9831236E-5,19.414375,0.11264879,0.3314331,0.01811149,0.12161217,0.05968212,0.14492366,0.11148354,0.7833731,0.017463854,0.10382231,0.05185349,0.22454044,0.08628114,null,null,null,null,"TWOGAUSSIANS",8,3.950925,0.7833731,0.017463854,0.4,0.0,0.20644788,0.036992446,0.3315031,0.01771834,0.4,0.0,0.12669763,0.036141083
375316653866487564,5929841275759183232,0.45947212,2183.7966095818856,0.6917222261190804,2.3244846E-5,17.984219,0.019412007,0.224439,0.00658886,0.09825434,0.0126706865,0.118213825,0.020007132,0.7767633,0.01276295,0.111553796,0.019927612,0.11576866,0.020673659,null,null,null,null,"TWOGAUSSIANS",8,4.5677433,0.224329,0.0064867684,0.4,0.0,0.11095784,0.0115741175,0.7767833,0.012749368,0.4,0.0,0.1084789,0.01327663
375316653866487564,5929841275809551616,0.5175884,2196.5110215746386,3.3921460695753827,1.6378715E-5,18.47686,0.0064690905,0.23183231,0.009901232,0.0682,0.0072840336,0.17064819,0.0142918695,0.7377595,0.006047578,0.07881654,0.007419614,0.18959226,0.013115237,null,null,null,null,"TWOGAUSSIANS",8,2.2447538,0.7377595,0.006047578,0.4,0.0,0.18862613,0.013097488,0.23183231,0.009901232,0.38192,0.032360364,0.16968206,0.013852247
375316653866487564,5929841756858631296,0.44687086,2181.831337058062,2.974524090251896,5.3922213E-5,19.50115,0.016575953,null,null,null,null,null,null,null,null,null,null,null,null,0.18235539,0.024917388,0.26678067,0.011933261,"ELLIPSOIDAL",4,9.983951,null,null,null,null,null,null,null,null,null,null,null,null
375316653866487564,5929841825565380224,0.6977612,2259.4359490745323,1.181975252744796,5.841328E-6,15.312005,0.006179889,0.20943032,0.001286724,0.034779597,0.0026156302,0.2749655,0.012684397,0.71125424,0.0033198074,0.03441083,0.0026083563,1.2353724,0.23245852,0.047432892,0.0070223543,0.20943032,0.001286724,"TWOGAUSSIANS_WITH_ELLIPSOIDAL_ON_ECLIPSE1",9,20.07724,0.71125424,0.0033198074,0.19270065,0.014606796,1.3302257,0.2361289,0.20943032,0.001286724,0.19476575,0.0146475285,0.36983126,0.006653513
375316653866487564,5929842817655803648,0.49785045,2199.870400475358,2.987514240986483,1.4532149E-5,19.068836,0.017249621,0.17608246,0.017950177,0.09979027,0.026501263,0.091535024,0.018304102,0.60159206,0.0038274247,0.058534205,0.005486583,0.34224197,0.04066098,null,null,null,null,"TWOGAUSSIANS",8,3.5924766,0.60159206,0.0038274247,0.32779154,0.030724863,0.3418662,0.04053935,0.17608246,0.017950177,0.4,0.0,0.091148935,0.0175125
375316653866487564,5929842890717553408,0.5296145,2209.0763444415884,2.915170633530265,1.8428178E-5,18.119896,0.01642817,0.2596656,0.014888628,0.039209012,0.024002006,0.118336216,0.036626372,0.7192472,0.0034094562,0.06143176,0.010012765,0.14893642,0.04864784,0.1294062,0.021827413,0.7192472,0.0034094562,"TWOGAUSSIANS_WITH_ELLIPSOIDAL_ON_ECLIPSE2",9,14.43769,0.7192472,0.0034094562,0.34401786,0.056071486,0.40770993,0.031168818,0.2512156,0.017747436,0.21957047,0.13441123,0.36409092,0.039685465
375316653866487564,5929842890717554816,0.42092562,2216.269533951585,0.03095457082119988,9.432351E-6,14.490951,0.004805724,0.3048872,7.053927E-4,0.001568035,4.8807712E-4,0.4116662,0.14613155,0.8065655,0.07491554,0.06119014,0.06784092,0.045715462,0.1078437,null,null,null,null,"TWOGAUSSIANS",8,212.29898,0.3048872,7.053927E-4,0.008780996,0.0027332318,0.4116662,0.14613304,0.8065655,0.07491554,0.34266478,0.1611879,0.045715462,0.10784695
375316653866487564,5929843784021981184,0.462359,2181.0960423816373,2.784776519748385,2.7848842E-5,19.700182,0.008918704,0.24026898,0.008237979,0.03741212,0.00855356,0.17378849,0.014166801,0.7157057,0.00882402,0.07401542,0.007798756,0.31065935,0.022292031,null,null,null,null,"TWOGAUSSIANS",8,2.3913896,0.7157057,0.00882402,0.4,0.0016764321,0.31065187,0.022294346,0.24026898,0.008237979,0.20950785,0.047899935,0.17378102,0.014167778
375316653866487564,5929844539996953600,0.46845815,2225.2172759875607,3.4886484658316803,1.7540855E-5,18.365292,0.0030113773,null,null,null,null,null,null,null,null,null,null,null,null,0.05458841,0.004502253,0.24747524,0.0046318765,"ELLIPSOIDAL",4,3.5027575,null,null,null,null,null,null,null,null,null,null,null,null
375316653866487564,5929844849222721920,0.57831705,2203.679710941816,1.8265756436101837,1.2996827E-5,16.825974,0.011098337,0.27187818,0.0035232068,0.09991646,0.004785246,0.2743192,0.011549072,0.77149755,0.0025961304,0.10424682,0.006667755,0.19784024,0.010348148,null,null,null,null,"TWOGAUSSIANS",8,5.5882487,0.27187818,0.0035232068,0.4,0.0,0.2513683,0.0057754647,0.77149755,0.0025961304,0.4,0.0,0.17488734,0.005982926
375316653866487564,5929844883533497728,0.5026024,2214.8152186554253,0.5448652901058235,2.8336686E-4,19.513916,0.0043197433,0.31970072,0.022860512,0.035765097,0.028450193,0.029394027,0.012451248,0.5309718,0.02185081,0.022750843,0.010494159,0.5655122,0.50828767,null,null,null,null,"TWOGAUSSIANS",8,1.1045552,0.5309718,0.02185081,0.12740472,0.058767285,0.5655122,0.5082877,0.31970072,0.022860512,0.20028453,0.15932107,0.029394027,0.012451248
375316653866487564,5929845463359345920,0.45310336,2199.5273594674422,0.1040568624825984,4.242942E-5,18.880093,0.020884762,0.27299988,0.010775696,0.12625176,0.016057624,0.4105303,0.04901084,0.8555223,0.006322654,0.04934376,0.008990054,0.34176958,0.14474677,null,null,null,null,"TWOGAUSSIANS",8,6.5968723,0.27299988,0.010775696,0.4,0.0,0.40766013,0.050263964,0.8558423,0.0062550483,0.27632508,0.050344303,0.34065026,0.14593579
375316653866487564,5929845467649309568,0.5244483,2218.9774208363224,2.803952806104004,1.8435094E-5,19.251823,0.019918468,0.2729007,0.006334227,0.09364424,0.010157195,0.3149707,0.021831973,0.7694841,0.005554365,0.08465808,0.008588248,0.34076113,0.023529978,null,null,null,null,"TWOGAUSSIANS",8,2.432608,0.7694841,0.005554365,0.4,0.0,0.3286347,0.02296858,0.2729007,0.006334227,0.4,0.0,0.30284387,0.018546673
375316653866487564,5929845532075830784,0.56237453,2168.7884927376886,0.421794070657817,6.9365988E-6,9.375507,0.001551828,0.23691681,0.0014544495,0.029289512,0.0014170698,0.1477236,0.0054556457,0.7338089,0.0065454305,0.031556632,0.006233709,0.08678944,0.014969322,0.01482549,0.0019868745,0.23691681,0.0014544495,"TWOGAUSSIANS_WITH_ELLIPSOIDAL_ON_ECLIPSE1",9,31.034275,0.23691681,0.0014544495,0.16402127,0.007935591,0.17737457,0.0052424525,0.73388886,0.0064436197,0.17671715,0.034908768,0.116429396,0.015212586
375316653866487564,5929846257972099200,0.5428805,2178.451405937066,2.323481403815808,1.9532217E-5,11.595665,0.039140727,0.2967318,0.0038490787,0.109532684,0.01608882,0.21695156,0.035300195,0.7882655,0.003644993,0.12553777,0.018221946,0.2071001,0.03845867,null,null,null,null,"TWOGAUSSIANS",8,226.69221,0.2968018,0.0038354474,0.4,0.0,0.17644633,0.008191304,0.7882655,0.003644993,0.4,0.0,0.16645473,0.0070797307
375316653866487564,5929846361002918912,0.48478544,2179.1961089344613,0.2979640358248887,1.9846698E-6,18.4241,0.005232112,0.19305079,0.0013063855,0.004775388,0.0067230314,0.3992489,34.987114,0.78513527,2.2341804E-4,0.00457608,1.2271978E-4,0.62667966,0.029250605,null,null,null,null,"TWOGAUSSIANS",8,6.9650197,0.78513527,2.2341804E-4,0.025626048,6.872308E-4,0.62667966,0.029250605,0.19305079,0.0013063855,0.026742175,0.037648976,0.3992489,34.987114
375316653866487564,5929846739008410240,0.41731292,2195.227627537719,0.16233204900823348,1.7805698E-5,16.568655,0.003083127,0.12740156,0.022239808,0.035632,0.012478347,0.0513061,0.018459516,0.53464967,0.0037385325,0.043329664,0.003325975,0.15154654,0.028415784,null,null,null,null,"TWOGAUSSIANS",8,10.519335,0.53464967,0.0037385325,0.24264611,0.01862546,0.15154654,0.028415784,0.12740156,0.022239808,0.1995392,0.06987874,0.0513061,0.018459516
375316653866487564,5929847048246123008,0.4627037,2223.3354292100203,0.03357704281867567,2.8786357E-5,16.282394,0.006421221,0.35549384,0.019544875,0.07198679,0.010730237,0.14621069,0.055524178,0.7332288,8.7492686E-4,0.040252257,0.0027333188,0.42774737,0.05315328,null,null,null,null,"TWOGAUSSIANS",8,104.536514,0.7332288,8.7492686E-4,0.22541264,0.0153065855,0.42774743,0.053153362,0.35549384,0.019544875,0.4,0.04187294,0.1462106,0.055524454
375316653866487564,5929847116965530112,0.6302408,2191.8685552042525,0.40699810374412937,8.145827E-6,15.377096,8.7331433E-4,0.26585072,4.298153E-4,0.020704668,6.2348216E-4,0.19487496,0.004845497,0.7632979,0.008046377,0.020211238,0.005349373,0.1932978,0.026583273,0.006775272,0.0017602583,0.26585072,4.298153E-4,"TWOGAUSSIANS_WITH_ELLIPSOIDAL_ON_ECLIPSE1",9,6.319297,0.26585072,4.298153E-4,0.115946144,0.0034915002,0.20842549,0.004688068,0.7633079,0.008034366,0.11318293,0.02995649,0.20684485,0.026452608
375316653866487564,5929847215723926400,0.58952284,2189.702256607871,2.5384411151041646,1.1245262E-5,17.134384,0.039899558,0.2562379,0.0029069365,0.047538158,0.010486997,0.41198796,0.0636352,0.7512661,0.005544159,0.06841207,0.030436654,0.294513,0.10027356,0.111634724,0.039440468,0.2562379,0.0029069365,"TWOGAUSSIANS_WITH_ELLIPSOIDAL_ON_ECLIPSE1",9,18.734425,0.2562379,0.0029069365,0.2662137,0.05872718,0.6349797,0.034494795,0.7523562,0.004384637,0.3831076,0.14711414,0.5173346,0.15800579
375316653866487564,5929847318782632960,0.45204762,2179.1233206817897,2.1229626153426895,4.1715062E-5,15.857234,0.0035348448,0.25536332,0.005908495,0.010922255,0.0045867986,0.06899152,0.029385762,0.7974451,0.0077391323,0.016424684,0.052883152,0.022275457,0.027841335,0.05553848,0.0063582277,0.7974451,0.0077391323,"TWOGAUSSIANS_WITH_ELLIPSOIDAL_ON_ECLIPSE2",9,55.04899,0.2559633,0.0056753242,0.06116463,0.02568607,0.17258805,0.029498348,0.7974451,0.0077391323,0.09197823,0.29614565,0.13335237,0.027023125
375316653866487564,5929847323075542016,0.5841537,2192.7456420468197,3.4003870320075276,1.3417891E-5,18.924116,0.012742851,0.18638475,0.0024916793,0.07246453,0.006020266,0.6539298,0.015083319,0.67699945,0.007987867,0.07567972,0.010298312,0.5606563,0.021129394,null,null,null,null,"TWOGAUSSIANS",8,3.045858,0.18638475,0.0024916793,0.4,0.010532553,0.65065783,0.015920775,0.67699945,0.007987867,0.4,0.020494346,0.5573843,0.020238575
375316653866487564,5929847353145299968,0.5485193,2204.6894698099563,2.7434916187789873,1.102706E-5,17.905788,0.013491567,0.25918576,0.0028248928,0.08582549,0.0050609508,0.39412993,0.019374361,0.75480497,0.006687077,0.08546954,0.008372693,0.39300478,0.015315848,null,null,null,null,"TWOGAUSSIANS",8,10.686627,0.25918576,0.0028248928,0.4,0.0,0.3838166,0.018855356,0.75480497,0.006687077,0.4,0.0,0.38269147,0.015388714
375316653866487564,5929847456223323136,0.41139877,2208.4427591455146,0.1318569118010526,9.6404845E-5,18.19459,0.13632362,0.33654234,0.018854354,0.13727278,0.07746583,0.19323982,0.12911145,0.80133724,0.07286601,0.08689599,0.06378994,0.1421476,0.11947974,null,null,null,null,"TWOGAUSSIANS",8,28.91805,0.33654234,0.018835183,0.4,0.0,0.17390382,0.028773306,0.80133724,0.07286601,0.4,0.20205459,0.12353422,0.043420188
375316653866487564,5929847666721406080,0.5963656,2218.6493328912384,0.6245659648926793,1.0735779E-5,15.0024395,5.4290233E-4,0.724757,4.1080025E-4,0.01991564,9.413202E-4,0.14887066,0.0060684187,null,null,null,null,null,null,0.0066449433,8.9114055E-4,0.724757,4.1080025E-4,"ONEGAUSSIAN_WITH_ELLIPSOIDAL",6,5.944796,0.724757,4.1080025E-4,0.111527584,0.005271393,0.16216053,0.0061394973,null,null,null,null,null,null
375316653866487564,5929848349573836416,0.46486992,2187.2003979807705,3.5611423664449915,3.5880163E-5,18.663078,0.016293751,0.255892,0.007758091,0.063862406,0.008637534,0.28390115,0.027027354,0.7703765,0.010681852,0.08026379,0.011697969,0.36784512,0.053885933,null,null,null,null,"TWOGAUSSIANS",8,17.870186,0.7703765,0.010681852,0.4,0.0,0.3667308,0.05397719,0.255892,0.007758091,0.35762948,0.048370194,0.28278685,0.026817463
