Gaia/vari_eclipsing_binary/VariEclipsingBinary_513176-513215.csv
# %ECSV 1.0
# ---
# delimiter: ','
# meta: !!omap
# - RELEASE: Gaia DR3
# - TABLE: vari_eclipsing_binary
# - DESCRIPTION: >
#     This table describes the properties of the eclipsing binaries resulting from the variability analysis. 
# - CITATION: >
#     How to cite and acknowledge Gaia: 
#     https://gea.esac.esa.int/archive/documentation/credits.html 
# - KNOWN_ISSUES: >
#     Known issues: 
#     https://www.cosmos.esa.int/web/gaia-users/known-issues 
# - DOCUMENTATION: >
#     Tutorials and documentation: 
#     https://www.cosmos.esa.int/web/gaia-users/archive 
# datatype:
# - 
#   name: solution_id
#   datatype: int64
#   description: Solution Identifier
#   meta:
#     ucd: meta.version
# - 
#   name: source_id
#   datatype: int64
#   description: Unique source identifier
#   meta:
#     ucd: meta.id;meta.main
# - 
#   name: global_ranking
#   datatype: float32
#   description: Number between 0 (worst) and 1 (best)
#   meta:
#     ucd: stat.param
# - 
#   name: reference_time
#   datatype: float64
#   unit: d
#   description: Reference time used for the geometric model fit
#   meta:
#     ucd: time.epoch
# - 
#   name: frequency
#   datatype: float64
#   unit: d**-1
#   description: Frequency of geometric model of the eclipsing binary light curve
#   meta:
#     ucd: src.orbital
# - 
#   name: frequency_error
#   datatype: float32
#   unit: d**-1
#   description: "Uncertainty of \\texttt{frequency}"
#   meta:
#     ucd: stat.error
# - 
#   name: geom_model_reference_level
#   datatype: float32
#   unit: mag
#   description: Magnitude reference level of geometric model
#   meta:
#     ucd: phot.mag;em.opt
# - 
#   name: geom_model_reference_level_error
#   datatype: float32
#   unit: mag
#   description: "Uncertainty of \\texttt{geomModelReferenceLevel}"
#   meta:
#     ucd: stat.error;phot.mag;em.opt
# - 
#   name: geom_model_gaussian1_phase
#   datatype: float32
#   description: Phase of the Gaussian 1 component
#   meta:
#     ucd: time.phase
# - 
#   name: geom_model_gaussian1_phase_error
#   datatype: float32
#   description: "Uncertainty of \\texttt{geomModelGaussian1Phase}"
#   meta:
#     ucd: stat.error;time.phase
# - 
#   name: geom_model_gaussian1_sigma
#   datatype: float32
#   description: "Standard deviation [phase] of Gaussian 1 component"
#   meta:
#     ucd: stat.stdev
# - 
#   name: geom_model_gaussian1_sigma_error
#   datatype: float32
#   description: "Uncertainty of \\texttt{geomModelGaussian1Sigma}"
#   meta:
#     ucd: stat.error
# - 
#   name: geom_model_gaussian1_depth
#   datatype: float32
#   unit: mag
#   description: Magnitude depth of Gaussian 1 component
#   meta:
#     ucd: src.var.amplitude
# - 
#   name: geom_model_gaussian1_depth_error
#   datatype: float32
#   unit: mag
#   description: "Uncertainty of \\texttt{geomModelGaussian1Depth}"
#   meta:
#     ucd: stat.error;src.var.amplitude
# - 
#   name: geom_model_gaussian2_phase
#   datatype: float32
#   description: Phase of Gaussian 2 component
#   meta:
#     ucd: time.phase
# - 
#   name: geom_model_gaussian2_phase_error
#   datatype: float32
#   description: "Uncertainty of \\texttt{geomModelGaussian2Phase}"
#   meta:
#     ucd: stat.error;time.phase
# - 
#   name: geom_model_gaussian2_sigma
#   datatype: float32
[...]
#   datatype: float32
#   description: "Secondary eclipse: uncertainty of \\texttt{derivedSecondaryEclDuration}"
#   meta:
#     ucd: stat.error;time.duration
# - 
#   name: derived_secondary_ecl_depth
#   datatype: float32
#   unit: mag
#   description: "Secondary eclipse: depth"
#   meta:
#     ucd: src.var.amplitude
# - 
#   name: derived_secondary_ecl_depth_error
#   datatype: float32
#   unit: mag
#   description: "Secondary eclipse: uncertainty of \\texttt{derivedSecondaryEclDepth}"
#   meta:
#     ucd: stat.error;src.var.amplitude
solution_id,source_id,global_ranking,reference_time,frequency,frequency_error,geom_model_reference_level,geom_model_reference_level_error,geom_model_gaussian1_phase,geom_model_gaussian1_phase_error,geom_model_gaussian1_sigma,geom_model_gaussian1_sigma_error,geom_model_gaussian1_depth,geom_model_gaussian1_depth_error,geom_model_gaussian2_phase,geom_model_gaussian2_phase_error,geom_model_gaussian2_sigma,geom_model_gaussian2_sigma_error,geom_model_gaussian2_depth,geom_model_gaussian2_depth_error,geom_model_cosine_half_period_amplitude,geom_model_cosine_half_period_amplitude_error,geom_model_cosine_half_period_phase,geom_model_cosine_half_period_phase_error,model_type,num_model_parameters,reduced_chi2,derived_primary_ecl_phase,derived_primary_ecl_phase_error,derived_primary_ecl_duration,derived_primary_ecl_duration_error,derived_primary_ecl_depth,derived_primary_ecl_depth_error,derived_secondary_ecl_phase,derived_secondary_ecl_phase_error,derived_secondary_ecl_duration,derived_secondary_ecl_duration_error,derived_secondary_ecl_depth,derived_secondary_ecl_depth_error
[from data line 578]
375316653866487564,4514257850747646464,0.5128665,2143.321169479827,2.048508031147991,1.3616606E-5,14.447649,0.026159778,0.25418288,0.0032850362,0.23954844,0.029822025,0.28957728,0.026337124,0.7538075,0.0041190283,0.16128767,0.019858956,0.20506978,0.034675986,null,null,null,null,"TWOGAUSSIANS",8,16.29406,0.25429288,0.0031451292,0.4,0.0,0.06299657,0.0018178717,0.7538075,0.0042433147,0.4,0.0,0.04061413,0.0036643299
375316653866487564,4514258808493083264,0.6196672,2127.786386971483,3.4398789536047145,4.661453E-6,17.739332,0.0035201581,0.21361943,0.0013871376,0.040677298,0.0023579977,0.22719754,0.009236536,0.7221746,0.0014527724,0.046835992,0.002777578,0.22453396,0.009017524,0.057971377,0.0046897703,0.21361943,0.0013871376,"TWOGAUSSIANS_WITH_ELLIPSOIDAL_ON_ECLIPSE1",9,2.1638243,0.21361943,0.0013871376,0.22779286,0.013204787,0.34314013,0.0052439915,0.7221746,0.0014527724,0.26228157,0.015554437,0.34014186,0.006656051
375316653866487564,4514260492118722048,0.55621326,2150.6450648335235,2.891557823267983,6.109243E-6,19.056765,0.007155775,0.25033236,0.003670771,0.077933684,0.003497445,0.34930125,0.014697811,0.7480803,0.0021551796,0.06999439,0.0028470638,0.4622628,0.0116983745,null,null,null,null,"TWOGAUSSIANS",8,2.4398665,0.7480803,0.0021551796,0.3919686,0.015943557,0.45976675,0.011585601,0.25033236,0.003670771,0.4,0.0,0.34680519,0.014338152
375316653866487564,4514260633884619776,0.62551826,2173.0826364717855,2.6661380899244977,3.050589E-6,15.533172,0.009221067,0.27853578,0.0010761743,0.06004549,0.0040261378,0.23522498,0.019481122,0.7786157,0.0014620883,0.04930395,0.0040269014,0.17705774,0.020913303,0.08451735,0.011815688,0.27853578,0.0010761743,"TWOGAUSSIANS_WITH_ELLIPSOIDAL_ON_ECLIPSE1",9,26.355124,0.27853578,0.0010761743,0.33625475,0.022546371,0.40421873,0.0059427456,0.7786157,0.0014027038,0.2761021,0.022550648,0.34605145,0.00416721
375316653866487564,4514261007515266688,0.572462,2155.2030527029324,1.565788900256351,2.6134967E-5,19.133966,0.0055556847,0.26298916,0.0053022406,0.03482446,0.0030636569,0.81390965,0.05759331,0.7767092,0.00399176,0.034767088,0.003139253,0.49156487,0.023531735,null,null,null,null,"TWOGAUSSIANS",8,3.9090936,0.26298916,0.0053022406,0.19501698,0.017156478,0.81390965,0.05759331,0.7767092,0.00399176,0.19469568,0.017579816,0.49156487,0.023531735
375316653866487564,4514261557271311616,0.48206064,2147.691744892393,1.4462080512452378,1.1359874E-5,18.611248,0.008008131,0.21737571,0.0046933647,0.085196175,0.008363099,0.14030047,0.011038568,0.7415453,0.0057167145,0.10374062,0.0136872465,0.099231,0.007387119,null,null,null,null,"TWOGAUSSIANS",8,1.6846651,0.21736571,0.0047024437,0.4,0.0,0.13540871,0.0106983995,0.7415453,0.0057167145,0.4,0.0,0.09433631,0.006070002
375316653866487564,4514261630317075072,0.54093856,2150.579232916949,2.6558183014127392,1.4072807E-5,19.670095,0.01296455,0.24953695,0.0025415833,0.042994056,0.006745817,0.30341175,0.053480655,0.7495461,0.00937007,0.044846244,0.008278089,0.38776374,0.04642341,0.12607504,0.022547374,0.24953695,0.0025415833,"TWOGAUSSIANS_WITH_ELLIPSOIDAL_ON_ECLIPSE1",9,2.5962024,0.7495461,0.009273289,0.25113896,0.046357296,0.63991374,0.033952788,0.24953695,0.0025415833,0.2407667,0.03777658,0.5555617,0.05157788
375316653866487564,4514262214420802944,0.45684117,2151.422217404846,0.20656241005389378,1.9348705E-5,19.951906,0.011913237,0.0699477,0.004163088,0.01886722,0.003346555,0.9027457,0.40461856,0.6850971,0.03494343,0.08077166,0.01799491,0.06764842,0.01985495,null,null,null,null,"TWOGAUSSIANS",8,5.9000397,0.0699477,0.004163088,0.10565644,0.018740708,0.90274656,0.40461826,0.6850971,0.03494343,0.4,0.02006445,0.06764842,0.019854948
375316653866487564,4514262484984415744,0.48849955,2199.8663559973793,3.0468056921332938,3.6159174E-5,17.883747,0.005282458,0.25405878,0.0100766225,0.06752332,0.015371596,0.08314731,0.008790252,0.7197565,0.0059840875,0.08589799,0.012274593,0.083394945,0.0072252504,null,null,null,null,"TWOGAUSSIANS",8,2.8269577,0.7197565,0.0059840875,0.4,0.0,0.08301073,0.0071603255,0.25405878,0.0100766225,0.3781306,0.082971394,0.082763135,0.008763
375316653866487564,4514262588076646272,0.606441,2147.860719487707,0.4287651501882612,4.3951472E-6,16.855188,0.0031254923,0.16898514,0.0019025189,0.03438108,0.002790362,0.10373634,0.0038885311,0.6683672,0.0013052715,0.025657425,0.0015646247,0.7514035,0.02730846,null,null,null,null,"TWOGAUSSIANS",8,17.617332,0.6683672,0.0013052715,0.14368159,0.008761899,0.7514035,0.02730846,0.16898514,0.0019025189,0.19253406,0.015626028,0.10373634,0.0038885311
375316653866487564,4514262931661026048,0.492415,2161.782376955392,2.9598700052138365,1.8025257E-5,19.246134,0.06286,0.1520727,0.0054888744,0.07055479,0.021164026,0.15122823,0.14027493,0.64068747,0.019861594,0.035757467,0.029645367,0.16376442,0.12378229,0.12515001,0.068327576,0.1520727,0.0054888744,"TWOGAUSSIANS_WITH_ELLIPSOIDAL_ON_ECLIPSE1",9,10.015639,0.6422075,0.015511669,0.20024182,0.16601406,0.4126757,0.024360362,0.1520727,0.0054888744,0.39510685,0.08531513,0.40124786,0.04444119
375316653866487564,4514263859374064768,0.56875217,2161.239508460728,1.4027885517209437,3.674733E-6,18.751547,0.0045666676,0.33935475,0.00105258,0.03221879,0.0011160901,0.6462754,0.023462577,0.81893706,0.012644181,0.060725015,0.0078797415,0.17314926,0.025188113,null,null,null,null,"TWOGAUSSIANS",8,3.8366785,0.33935475,0.00105258,0.18042523,0.006250105,0.64627534,0.023462584,0.81893706,0.012644181,0.34006009,0.04412655,0.17314918,0.025188204
375316653866487564,4514264374770396544,0.5207649,2148.4661940761475,3.3881231187322554,1.1265344E-5,18.59163,0.026159557,0.24867214,0.004731411,0.10428205,0.0111252675,0.30547115,0.02468557,0.7469342,0.0038087158,0.094088845,0.0074095586,0.3499516,0.02600448,null,null,null,null,"TWOGAUSSIANS",8,4.6265354,0.7469342,0.0038087158,0.4,0.0,0.32342878,0.012212675,0.24867214,0.004731411,0.4,0.0,0.2789426,0.012898149
375316653866487564,4514265203729939968,0.48751804,2159.6652765036474,2.623580261297676,1.1828614E-5,18.24303,0.011967043,0.23300637,0.0058855372,0.08709504,0.010026702,0.23733193,0.025252335,0.74528515,0.0045086974,0.08926891,0.007487135,0.23180002,0.013316075,null,null,null,null,"TWOGAUSSIANS",8,7.908544,0.23300637,0.0058855372,0.4,0.0,0.23042832,0.027299738,0.74528515,0.0045086974,0.4,0.0,0.22489636,0.011630596
375316653866487564,4514265203729946624,0.60007226,2165.4561231870985,2.830746674119096,6.2969834E-6,18.55459,0.023025174,0.26511258,0.003300136,0.05261838,0.008048823,0.33259746,0.053088557,0.7582216,0.0040161363,0.051478636,0.005337284,0.5192307,0.048870802,0.10299949,0.02857941,0.26511258,0.003300136,"TWOGAUSSIANS_WITH_ELLIPSOIDAL_ON_ECLIPSE1",9,4.4979806,0.75875163,0.0036420524,0.28828034,0.02988879,0.72486705,0.031375937,0.26511258,0.003300136,0.29466292,0.04507341,0.5385902,0.009454168
375316653866487564,4514265684766275200,0.43798956,2151.796272199273,2.059755522722336,6.587617E-6,19.481968,0.007833991,0.1841591,0.0023584403,0.036792044,0.0032439474,0.41934416,0.03704589,0.6685279,0.013860106,0.053057425,0.0114162,0.1170866,0.027334819,null,null,null,null,"TWOGAUSSIANS",8,5.5484786,0.1841591,0.0023584403,0.20603544,0.018166104,0.41934413,0.037045922,0.6685279,0.013860106,0.29712158,0.06393072,0.117086574,0.027334904
375316653866487564,4514266234522147200,0.44012955,2116.488588430074,3.504489466612017,2.6323987E-5,18.989351,0.009015996,null,null,null,null,null,null,null,null,null,null,null,null,0.12016471,0.014018437,0.27921882,0.007080859,"ELLIPSOIDAL",4,12.718312,null,null,null,null,null,null,null,null,null,null,null,null
375316653866487564,4514267608900061952,0.5634251,2120.979233530258,2.353026975321814,9.4977695E-6,17.876587,0.007816668,0.22149156,0.002760038,0.06190844,0.0035953082,0.38459307,0.016588615,0.70906365,0.0029248975,0.0711404,0.0039215,0.7098358,0.045116633,null,null,null,null,"TWOGAUSSIANS",8,14.257876,0.70906365,0.0029248975,0.39838624,0.008646374,0.70919687,0.045404267,0.22149156,0.002760038,0.34668726,0.020133726,0.38395408,0.01662099
375316653866487564,4514269116414914432,0.5291844,2142.253152863101,3.437312464014655,1.5964984E-5,18.352467,0.004172804,0.22084767,0.004185521,0.06853466,0.004089912,0.20595758,0.011189203,0.7177112,0.0074968603,0.070997365,0.008120807,0.18374382,0.023434117,null,null,null,null,"TWOGAUSSIANS",8,3.2227845,0.22084767,0.004185521,0.38379407,0.022903506,0.20537414,0.011264856,0.7177112,0.0074968603,0.39758524,0.025995744,0.18316036,0.023758197
375316653866487564,4514269429978364032,0.43761584,2142.741231224482,0.12668500920385203,1.04269E-4,17.558964,0.014903453,0.17786002,0.040796533,0.0759372,0.037099015,0.17578445,0.026051847,0.55549365,0.011947381,0.11037715,0.020571405,0.74077094,0.2170268,null,null,null,null,"TWOGAUSSIANS",8,73.57344,0.55549365,0.011947381,0.4,0.0,0.73775387,0.22042516,0.18017001,0.047143698,0.4,0.0029265939,0.17497054,0.025055429
375316653866487564,4514270185892626944,0.50346035,2147.4965776328563,1.3233911214255731,1.07678925E-5,16.519684,0.00204755,0.29547802,0.0026905169,0.027567858,0.008132395,0.08132158,0.030932115,0.78933764,0.011312243,0.025738886,0.030611442,0.014541193,0.036172826,0.015837498,0.003130708,0.29547802,0.0026905169,"TWOGAUSSIANS_WITH_ELLIPSOIDAL_ON_ECLIPSE1",9,2.0072658,0.29547802,0.0026905169,0.15438001,0.045541417,0.11299657,0.034303382,0.7899676,0.010609975,0.14413776,0.17142408,0.04617387,0.038190294
375316653866487564,4514270323320741248,0.4777068,2162.1343739059757,0.11692631585475355,3.1254152E-5,19.025953,0.005883828,0.44199812,0.0065865535,0.041048273,0.0054586832,0.17584926,0.017521515,0.8375047,0.01028819,0.042445164,0.006532195,0.18186398,0.049657546,null,null,null,null,"TWOGAUSSIANS",8,3.2803645,0.8375047,0.01028819,0.23769292,0.036580294,0.18186398,0.049657546,0.44199812,0.0065865535,0.22987033,0.030568626,0.17584926,0.017521515
375316653866487564,4514272277519494400,0.44386065,2146.5085466509854,2.460967709159876,3.357598E-5,18.460636,0.11685638,0.24401374,0.0071103303,0.10073083,0.026430216,0.2542936,0.10455915,0.7249919,0.01648225,0.13088183,0.06957372,0.19113626,0.11264643,null,null,null,null,"TWOGAUSSIANS",8,11.571885,0.24417375,0.0063818092,0.4,0.0,0.22005442,0.028454566,0.7249919,0.01648225,0.4,0.0,0.15660323,0.020280724
375316653866487564,4514272969031232768,0.5754844,2159.0038715323694,2.5320421950032244,7.738149E-6,18.611994,0.011436681,0.31976858,0.0030260189,0.07705735,0.0042716116,0.3892902,0.015160756,0.807877,0.0031062053,0.079224735,0.0044967816,0.44860637,0.011543544,null,null,null,null,"TWOGAUSSIANS",8,3.7714372,0.807877,0.0031062053,0.4,0.0,0.44469103,0.010460777,0.31976858,0.0030260189,0.4,0.0,0.38537487,0.014688981
375316653866487564,4514273102138645248,0.45609686,2154.808169636935,3.2941219751874407,2.3662684E-5,17.400425,0.41870487,0.3403152,0.010927874,0.14373565,0.04145525,0.32191536,0.30427235,0.8291997,0.010551337,0.18550654,0.1338841,0.28378943,0.40778443,null,null,null,null,"TWOGAUSSIANS",8,19.41617,0.3426852,0.008657104,0.4,0.0,0.16090627,0.025767371,0.8291997,0.010551337,0.4,0.0,0.109129496,0.015806746
375316653866487564,4514273209549393792,0.5222188,2160.8506323015845,1.030614673209175,8.584404E-6,17.956148,0.016026061,0.25023144,0.002761742,0.111066885,0.012759921,0.14091426,0.014115325,0.7598465,0.004545868,0.10064467,0.019086111,0.08168427,0.014055525,null,null,null,null,"TWOGAUSSIANS",8,1.2449129,0.25023144,0.0027644855,0.4,0.0,0.1289913,0.007097981,0.7598665,0.004555379,0.4,0.0,0.06977254,0.005396196
375316653866487564,4514274068533569408,0.5356704,2152.685970717838,3.1398709719521256,7.817533E-6,19.61161,0.00796173,0.22120057,0.003923749,0.06561275,0.0054143476,0.4570671,0.021746848,0.71502966,0.0016495574,0.07245894,0.0044556833,0.50116926,0.032227404,null,null,null,null,"TWOGAUSSIANS",8,1.8677232,0.71502966,0.0016495574,0.4,4.1115846E-4,0.50001264,0.03270371,0.22120057,0.003923749,0.3674314,0.030320346,0.45591047,0.022090247
375316653866487564,4514274858807622528,0.5935788,2162.420247373771,3.429985267963313,5.3860354E-6,18.462534,0.010128181,0.24237171,0.001814239,0.050189678,0.004813962,0.29642835,0.02190053,0.7392542,0.008123267,0.056241836,0.007133918,0.19349073,0.03574122,0.1139595,0.012380371,0.24237171,0.001814239,"TWOGAUSSIANS_WITH_ELLIPSOIDAL_ON_ECLIPSE1",9,3.7622292,0.24237171,0.001814239,0.2810622,0.026958188,0.5243369,0.01015414,0.7399642,0.006161551,0.31495428,0.03994994,0.42133173,0.025222173
375316653866487564,4514275064975743616,0.56143683,2202.3479429485456,2.1336771552084923,6.5305853E-6,19.372774,0.007855468,0.2573724,0.0023260922,0.052762695,0.0040881513,0.67967004,0.05734542,0.75366545,0.0022517478,0.055275545,0.0020215444,0.60837716,0.0163142,null,null,null,null,"TWOGAUSSIANS",8,3.3011065,0.2573724,0.0023260922,0.2954711,0.022893647,0.6796456,0.05736861,0.75366545,0.0022517478,0.30954304,0.011320649,0.60835266,0.016311945
375316653866487564,4514276095757179776,0.51650965,2134.9066117814264,2.408084435662336,2.0319902E-5,19.84561,0.012126535,0.27659276,0.006166775,0.062362235,0.008999628,0.67085975,0.0808304,0.7857181,0.0073361658,0.064200476,0.004727098,0.31038052,0.02449382,null,null,null,null,"TWOGAUSSIANS",8,3.2986164,0.27659276,0.006166775,0.34922853,0.050397918,0.67058325,0.08115879,0.7857181,0.0073361658,0.35952267,0.02647175,0.310104,0.02441579
375316653866487564,4514276366313076480,0.51441234,2156.7338058093324,2.571975656997654,1.0083228E-5,18.003614,0.0068141203,0.20053573,0.011423122,0.082634374,0.011476725,0.13644597,0.015951589,0.69629514,0.0039807656,0.07406851,0.0047837114,0.13751423,0.009482603,null,null,null,null,"TWOGAUSSIANS",8,3.2144492,0.69629514,0.0039807656,0.4,0.0,0.13597086,0.008905208,0.20053573,0.011423122,0.4,0.0,0.13490258,0.016625997
375316653866487564,4514276748602496000,0.5946015,2168.4758486105857,2.0011259451438526,4.748158E-6,16.056433,0.030348394,0.24046181,0.0040478036,0.13205877,0.016177138,0.2339793,0.028895851,0.71331733,0.0029363167,0.10459901,0.012315737,0.33096084,0.027744913,null,null,null,null,"TWOGAUSSIANS",8,5.613406,0.71331733,0.0029363167,0.4,0.0,0.28655267,0.03186621,0.2405018,0.0039595696,0.4,0.0,0.1891184,0.01417329
375316653866487564,4514277328385805312,0.43778363,2157.8348353219108,3.4784595869495534,2.328385E-5,18.169449,0.006115896,0.20633084,0.008154815,0.027879635,0.011317118,0.26332694,0.08154753,null,null,null,null,null,null,null,null,null,null,"ONEGAUSSIAN",5,12.205115,0.20633084,0.008154815,0.15612595,0.06337586,0.26332694,0.0,null,null,null,null,null,null
375316653866487564,4514278427903463808,0.41436085,2129.0920113133134,0.1779648143568716,8.298055E-5,19.512413,0.0680576,0.25159693,0.036553603,0.07166884,0.084143244,0.15177228,0.04749571,0.7672541,0.010265446,0.07625928,0.01826581,0.27876323,0.061324056,null,null,null,null,"TWOGAUSSIANS",8,8.645608,0.7672541,0.010265446,0.4,0.0,0.27781233,0.024136562,0.25159693,0.036553603,0.4,0.05838325,0.15082137,0.032999624
375316653866487564,4514279188143291136,0.40614104,2151.714873660229,2.820138600463703,3.3890865E-5,18.588945,0.006177107,null,null,null,null,null,null,null,null,null,null,null,null,0.0555733,0.010084163,0.22355804,0.011034158,"ELLIPSOIDAL",4,15.321239,null,null,null,null,null,null,null,null,null,null,null,null
375316653866487564,4514279463020627456,0.43930686,2161.5026646866395,0.010632995145433123,1.044029E-6,17.274454,0.004254341,0.1501991,0.009703241,0.043788925,0.007781674,0.03920602,0.011117978,0.7324006,4.4559556E-6,1.6418673E-4,5.829785E-6,0.6396551,0.025366662,null,null,null,null,"TWOGAUSSIANS",8,6.6260295,0.7324006,4.4559556E-6,9.194457E-4,3.2646796E-5,0.6396551,0.025366662,0.1501991,0.009703241,0.24521798,0.043577377,0.03920602,0.011117978
