Gaia/vari_eclipsing_binary/VariEclipsingBinary_486261-486327.csv
# %ECSV 1.0
# ---
# delimiter: ','
# meta: !!omap
# - RELEASE: Gaia DR3
# - TABLE: vari_eclipsing_binary
# - DESCRIPTION: >
#     This table describes the properties of the eclipsing binaries resulting from the variability analysis. 
# - CITATION: >
#     How to cite and acknowledge Gaia: 
#     https://gea.esac.esa.int/archive/documentation/credits.html 
# - KNOWN_ISSUES: >
#     Known issues: 
#     https://www.cosmos.esa.int/web/gaia-users/known-issues 
# - DOCUMENTATION: >
#     Tutorials and documentation: 
#     https://www.cosmos.esa.int/web/gaia-users/archive 
# datatype:
# - 
#   name: solution_id
#   datatype: int64
#   description: Solution Identifier
#   meta:
#     ucd: meta.version
# - 
#   name: source_id
#   datatype: int64
#   description: Unique source identifier
#   meta:
#     ucd: meta.id;meta.main
# - 
#   name: global_ranking
#   datatype: float32
#   description: Number between 0 (worst) and 1 (best)
#   meta:
#     ucd: stat.param
# - 
#   name: reference_time
#   datatype: float64
#   unit: d
#   description: Reference time used for the geometric model fit
#   meta:
#     ucd: time.epoch
# - 
#   name: frequency
#   datatype: float64
#   unit: d**-1
#   description: Frequency of geometric model of the eclipsing binary light curve
#   meta:
#     ucd: src.orbital
# - 
#   name: frequency_error
#   datatype: float32
#   unit: d**-1
#   description: "Uncertainty of \\texttt{frequency}"
#   meta:
#     ucd: stat.error
# - 
#   name: geom_model_reference_level
#   datatype: float32
#   unit: mag
#   description: Magnitude reference level of geometric model
#   meta:
#     ucd: phot.mag;em.opt
# - 
#   name: geom_model_reference_level_error
#   datatype: float32
#   unit: mag
#   description: "Uncertainty of \\texttt{geomModelReferenceLevel}"
#   meta:
#     ucd: stat.error;phot.mag;em.opt
# - 
#   name: geom_model_gaussian1_phase
#   datatype: float32
#   description: Phase of the Gaussian 1 component
#   meta:
#     ucd: time.phase
# - 
#   name: geom_model_gaussian1_phase_error
#   datatype: float32
#   description: "Uncertainty of \\texttt{geomModelGaussian1Phase}"
#   meta:
#     ucd: stat.error;time.phase
# - 
#   name: geom_model_gaussian1_sigma
#   datatype: float32
#   description: "Standard deviation [phase] of Gaussian 1 component"
#   meta:
#     ucd: stat.stdev
# - 
#   name: geom_model_gaussian1_sigma_error
#   datatype: float32
#   description: "Uncertainty of \\texttt{geomModelGaussian1Sigma}"
#   meta:
#     ucd: stat.error
# - 
#   name: geom_model_gaussian1_depth
#   datatype: float32
#   unit: mag
#   description: Magnitude depth of Gaussian 1 component
#   meta:
#     ucd: src.var.amplitude
# - 
#   name: geom_model_gaussian1_depth_error
#   datatype: float32
#   unit: mag
#   description: "Uncertainty of \\texttt{geomModelGaussian1Depth}"
#   meta:
#     ucd: stat.error;src.var.amplitude
# - 
#   name: geom_model_gaussian2_phase
#   datatype: float32
#   description: Phase of Gaussian 2 component
#   meta:
#     ucd: time.phase
# - 
#   name: geom_model_gaussian2_phase_error
#   datatype: float32
#   description: "Uncertainty of \\texttt{geomModelGaussian2Phase}"
#   meta:
#     ucd: stat.error;time.phase
# - 
#   name: geom_model_gaussian2_sigma
#   datatype: float32
[...]
#   datatype: float32
#   description: "Secondary eclipse: uncertainty of \\texttt{derivedSecondaryEclDuration}"
#   meta:
#     ucd: stat.error;time.duration
# - 
#   name: derived_secondary_ecl_depth
#   datatype: float32
#   unit: mag
#   description: "Secondary eclipse: depth"
#   meta:
#     ucd: src.var.amplitude
# - 
#   name: derived_secondary_ecl_depth_error
#   datatype: float32
#   unit: mag
#   description: "Secondary eclipse: uncertainty of \\texttt{derivedSecondaryEclDepth}"
#   meta:
#     ucd: stat.error;src.var.amplitude
solution_id,source_id,global_ranking,reference_time,frequency,frequency_error,geom_model_reference_level,geom_model_reference_level_error,geom_model_gaussian1_phase,geom_model_gaussian1_phase_error,geom_model_gaussian1_sigma,geom_model_gaussian1_sigma_error,geom_model_gaussian1_depth,geom_model_gaussian1_depth_error,geom_model_gaussian2_phase,geom_model_gaussian2_phase_error,geom_model_gaussian2_sigma,geom_model_gaussian2_sigma_error,geom_model_gaussian2_depth,geom_model_gaussian2_depth_error,geom_model_cosine_half_period_amplitude,geom_model_cosine_half_period_amplitude_error,geom_model_cosine_half_period_phase,geom_model_cosine_half_period_phase_error,model_type,num_model_parameters,reduced_chi2,derived_primary_ecl_phase,derived_primary_ecl_phase_error,derived_primary_ecl_duration,derived_primary_ecl_duration_error,derived_primary_ecl_depth,derived_primary_ecl_depth_error,derived_secondary_ecl_phase,derived_secondary_ecl_phase_error,derived_secondary_ecl_duration,derived_secondary_ecl_duration_error,derived_secondary_ecl_depth,derived_secondary_ecl_depth_error
[from data line 300]
375316653866487564,4277576698553047808,0.46669543,2327.5580040987365,2.887809295006573,1.7484646E-5,19.30018,0.0054409495,0.6570857,0.006511763,0.019514622,0.008200188,0.16328962,0.028671999,null,null,null,null,null,null,0.056818716,0.008987671,0.6570857,0.006511763,"ONEGAUSSIAN_WITH_ELLIPSOIDAL",6,2.640945,0.6570857,0.006511763,0.10928188,0.045921054,0.2769269,0.028093692,null,null,null,null,null,null
375316653866487564,4277576939058959232,0.5992698,2297.2914820813694,3.660108803796198,1.11853815E-5,18.286995,0.028567825,0.26290795,0.0024560587,0.048302207,0.0050047524,0.5984092,0.06370871,0.7559226,0.0054028034,0.048891257,0.007743003,0.4651752,0.089846,0.11457626,0.03414952,0.26290795,0.0024560587,"TWOGAUSSIANS_WITH_ELLIPSOIDAL_ON_ECLIPSE1",9,8.846344,0.26290795,0.0024560587,0.27049237,0.028026612,0.82756025,0.033000194,0.7565126,0.004981968,0.27379104,0.04336082,0.6939226,0.07995596
375316653866487564,4277577110857714048,0.5355079,2318.6992477534714,3.5271478315049776,9.494963E-6,19.11543,0.009970298,0.12741293,0.0027989051,0.07863428,0.0044401963,0.40106356,0.020215195,0.625273,0.003756807,0.084749356,0.006820809,0.38472044,0.032174665,null,null,null,null,"TWOGAUSSIANS",8,2.075905,0.12741293,0.0027989051,0.4,0.0,0.39409113,0.020615274,0.625273,0.003756807,0.4,0.0,0.377748,0.034057803
375316653866487564,4277579795212883968,0.4309162,2323.6128836797848,3.9093329373921697,1.8313103E-5,19.512154,0.015443661,0.21282479,0.0228631,0.04928019,0.023781734,0.13885999,0.031427175,0.90799713,0.0030260782,0.031052023,0.0035684176,0.29211542,0.021276759,null,null,null,null,"TWOGAUSSIANS",8,5.2639313,0.90799713,0.0030260782,0.17389132,0.019983139,0.29211542,0.021271646,0.21282479,0.0228631,0.27596906,0.13317771,0.13885999,0.031427175
375316653866487564,4277580065797309312,0.61414117,2302.7190495708305,3.502455785024512,5.7184848E-6,19.160322,0.0064068437,0.27866066,0.004317494,0.04110265,0.004029564,0.4219028,0.02672331,0.7836382,0.005686343,0.04151787,0.0036343683,0.38811088,0.023797119,0.1446343,0.008851091,0.27866066,0.004317494,"TWOGAUSSIANS_WITH_ELLIPSOIDAL_ON_ECLIPSE1",9,1.7085257,0.27866066,0.004317494,0.23017485,0.022565559,0.7111712,0.027568875,0.7836382,0.005686343,0.23250008,0.020352462,0.6770964,0.022034617
375316653866487564,4277581032171127936,0.48167902,2341.935097328246,3.2573217852028833,4.608017E-5,19.41434,0.0132389935,0.27075756,0.011936417,0.063203394,0.012369924,0.32785425,0.030298252,0.76006037,0.012852666,0.082614824,0.018033082,0.32777777,0.043566357,null,null,null,null,"TWOGAUSSIANS",8,4.920779,0.27075756,0.011936417,0.353939,0.0645789,0.326445,0.03264805,0.76006037,0.012852666,0.4,0.0,0.3263685,0.044981655
375316653866487564,4277582406564620032,0.53193855,2268.5000127215562,0.9229143891092978,7.456315E-5,17.363682,0.0061465558,0.32525143,0.0047284216,0.06595281,0.021029381,0.682316,0.10687863,0.869807,0.0011626354,0.036591902,0.005687318,0.101873584,0.009423012,null,null,null,null,"TWOGAUSSIANS",8,41.322975,0.32525143,0.0047284216,0.3693357,0.11374803,0.6823155,0.1068798,0.869807,0.0011626354,0.20491466,0.031848982,0.10187309,0.009423047
375316653866487564,4277582612723064192,0.5552705,2260.4860912610898,1.8256367739798631,1.6340062E-5,17.149569,0.007842502,0.26637477,0.0050142007,0.091670915,0.011072548,0.12852007,0.008833587,0.76774037,0.004677984,0.10648272,0.008144727,0.13428842,0.007907612,null,null,null,null,"TWOGAUSSIANS",8,2.509166,0.76774037,0.004677984,0.4,0.0,0.1236032,0.0038702404,0.26637477,0.0050142007,0.4,0.0,0.11783916,0.010432394
375316653866487564,4277584841801332352,0.47776744,2260.4770954751657,1.192780003109648,5.733887E-5,19.642036,0.02469857,0.37524143,0.014083986,0.016959442,0.011598321,0.21530828,0.10242527,0.8430815,5.472342E-4,0.007146056,6.5107434E-4,1.0459733,0.0766388,0.03751706,0.04126957,0.37524143,0.014083986,"TWOGAUSSIANS_WITH_ELLIPSOIDAL_ON_ECLIPSE1",9,17.64415,0.8430915,5.3604745E-4,0.040017914,0.0036460164,1.117986,0.03295147,0.37524143,0.014083986,0.09497288,0.0649506,0.29034236,0.0919747
375316653866487564,4277585567660513280,0.5253302,2290.7782856279186,3.9243683122957242,2.4944924E-5,16.725735,0.005023842,0.33697,0.013428188,0.055766378,0.017901566,0.06689419,0.0155665865,0.7843104,0.010466387,0.040653303,0.032327786,0.053803045,0.19099243,0.024225315,0.0052013644,0.7843104,0.010466387,"TWOGAUSSIANS_WITH_ELLIPSOIDAL_ON_ECLIPSE2",9,6.70408,0.32931,0.011461881,0.3122917,0.10024876,0.11094541,0.013271236,0.7843104,0.010466387,0.2276585,0.18103561,0.102253504,0.19508019
375316653866487564,4277585636380002304,0.60392594,2295.773180132523,0.13380600587461117,2.2103266E-5,16.940508,0.0023747021,0.70403296,0.10454605,0.06005501,0.07517696,0.05526708,0.059038427,0.26184952,5.472814E-4,0.012656544,2.1122559E-4,0.81426805,0.025733223,null,null,null,null,"TWOGAUSSIANS",8,4.883639,0.26184952,5.472814E-4,0.07087665,0.0011828633,0.81426805,0.025843881,0.70403296,0.10454605,0.33630806,0.14803992,0.05526708,0.05905847
375316653866487564,4277586495373371520,0.57484794,2275.826078863417,3.050561372154151,1.6351483E-5,18.03466,0.008108898,0.33756775,0.009032488,0.04275606,0.007872501,0.10463087,0.018112808,0.80144596,0.0045771142,0.023582743,0.013810752,0.28878948,0.1934217,0.13333687,0.011068933,0.80144596,0.0045771142,"TWOGAUSSIANS_WITH_ELLIPSOIDAL_ON_ECLIPSE2",9,7.0531006,0.80144596,0.0045771142,0.13206336,0.077340215,0.5554627,0.20820117,0.32779774,0.0067287534,0.23943393,0.04408601,0.36136365,0.013344554
375316653866487564,4277587246983215104,0.5681644,2281.398834580167,2.522527802899286,2.1449989E-5,18.808037,0.008325556,0.30091116,0.0060283667,0.07225444,0.005487829,0.6095745,0.027042132,0.8084103,0.0065721767,0.066793874,0.005139554,0.37876928,0.01873657,null,null,null,null,"TWOGAUSSIANS",8,3.9800847,0.30091116,0.0060283667,0.4,0.012277169,0.6083353,0.027407212,0.8084103,0.0065721767,0.3740457,0.028781502,0.3775301,0.018648798
375316653866487564,4277588763116276224,0.48895976,2289.045971831095,0.5709296215695979,2.2561437E-5,15.299272,0.0045268196,0.1884864,0.0117166685,0.02379669,0.005876988,0.48166403,0.23137943,0.52171546,0.006525705,0.024659019,0.009184276,0.50282663,0.0823904,0.004671612,0.004924036,0.1884864,0.0117166685,"TWOGAUSSIANS_WITH_ELLIPSOIDAL_ON_ECLIPSE1",9,286.53467,0.5217754,0.0066072387,0.1380905,0.051431943,0.50515866,0.081833474,0.1884864,0.0117166685,0.13326147,0.032911133,0.49100718,0.23278067
375316653866487564,4277589072342283520,0.46485892,2314.5451950291367,0.7765548903273477,1.5182851E-4,17.4765,0.0027782216,0.1756229,5.6909054E-4,0.04335386,0.0037255061,0.056726933,0.004126066,0.7957854,0.0014572936,0.02260639,0.001555415,0.102911286,0.009178947,null,null,null,null,"TWOGAUSSIANS",8,2.2709625,0.7957854,0.0014572936,0.12659578,0.008710324,0.102911286,0.009178947,0.1756229,5.6909054E-4,0.24278162,0.020862835,0.056726933,0.004126066
375316653866487564,4277589755244098944,0.50282997,2296.112385264723,0.8374487032769747,3.081443E-5,18.241375,0.003558668,0.25132927,0.0025605012,0.025058866,0.0032606039,0.3061687,0.05709905,0.7481941,0.00687902,0.024655728,0.0062806983,0.079212755,0.033543106,0.01764223,0.0058737835,0.25132927,0.0025605012,"TWOGAUSSIANS_WITH_ELLIPSOIDAL_ON_ECLIPSE1",9,3.7751682,0.25132927,0.0025605012,0.14032964,0.018259382,0.3414531,0.060090903,0.7482641,0.0067855325,0.13807207,0.03517191,0.114483766,0.033490114
375316653866487564,4277590274944799232,0.7219967,2292.632471179425,0.4850111861790646,3.6950155E-6,14.883127,9.873642E-4,0.20492983,8.369489E-4,0.027137004,0.0013523122,0.16941778,0.0050586825,0.70578927,4.127367E-4,0.026936864,2.9767794E-4,0.704485,0.008797952,0.014780083,0.002201067,0.20492983,8.369489E-4,"TWOGAUSSIANS_WITH_ELLIPSOIDAL_ON_ECLIPSE1",9,9.286417,0.70578927,4.127367E-4,0.15084644,0.0016669964,0.73404425,0.009038206,0.20492983,8.369489E-4,0.15196721,0.007572948,0.19897795,0.005385472
375316653866487564,4277590481103248768,0.56967217,2264.5663796597796,1.239431176397641,8.764328E-6,17.189968,0.045250162,0.20918281,0.0024515765,0.11508021,0.0124260215,0.32881698,0.040951688,0.7105248,0.0024381175,0.12464148,0.0141062355,0.28452012,0.04396485,null,null,null,null,"TWOGAUSSIANS",8,4.905168,0.20917282,0.0024665152,0.4,0.0,0.2607003,0.010056424,0.7105348,0.0024481267,0.4,0.0,0.21627338,0.0068433513
375316653866487564,4277594501192743168,0.65532875,2307.753123985184,3.3205994201461007,6.4454225E-6,15.495136,0.011900499,0.26990616,0.0012796582,0.042906716,0.0027938813,0.49154127,0.030600497,0.76574904,0.0019777096,0.050680876,0.0031086123,0.5841165,0.033721175,0.11900902,0.017183049,0.26990616,0.0012796582,"TWOGAUSSIANS_WITH_ELLIPSOIDAL_ON_ECLIPSE1",9,51.445213,0.766069,0.0018164808,0.2838129,0.017408228,0.82198244,0.032987874,0.26990616,0.0012796582,0.2402776,0.015645735,0.72955716,0.01964289
375316653866487564,4277595257106926080,0.5632472,2309.532927856937,3.1479998484115352,1.044232E-5,15.392363,0.015168547,0.30136827,0.0022421551,0.09687876,0.0064902934,0.38196623,0.017914938,0.8004902,0.0041572102,0.09169098,0.0060993317,0.38383645,0.015862463,null,null,null,null,"TWOGAUSSIANS",8,101.769104,0.8004902,0.0041572102,0.4,0.0,0.3613553,0.010093825,0.30136827,0.0022421551,0.4,0.0,0.3594841,0.019763626
375316653866487564,4277597215612360192,0.59611005,2311.204097492565,2.84349346154871,6.3136104E-6,16.362293,0.0055782143,0.22892816,0.0030829608,0.07672981,0.0033701751,0.45060703,0.012843447,0.72689974,0.0015524238,0.07852036,0.0025002114,0.4832015,0.020369537,null,null,null,null,"TWOGAUSSIANS",8,30.817423,0.72689974,0.0015524238,0.4,0.0,0.47819468,0.020793108,0.22892816,0.0030829608,0.4,0.0,0.44560018,0.013171882
375316653866487564,4277598791853171072,0.49993178,2337.5749859275174,3.1364176220467885,2.1013997E-5,19.198305,0.019887397,0.21980956,0.006628119,0.069424324,0.025143355,0.2322282,0.05856809,0.7241559,0.004546584,0.07626759,0.01041285,0.18531734,0.021266108,null,null,null,null,"TWOGAUSSIANS",8,2.086204,0.21980956,0.006628119,0.3887762,0.06406341,0.23119898,0.062441275,0.7241559,0.004546584,0.4,0.017155044,0.18428811,0.019864686
375316653866487564,4277599139757723008,0.5437142,2344.5045553226605,3.4902086951947435,3.290696E-5,16.466612,0.021292023,0.21884884,0.0058917836,0.11064284,0.011654294,0.27958703,0.02074375,0.74651396,0.002857586,0.09361535,0.010621119,0.2530104,0.015646633,null,null,null,null,"TWOGAUSSIANS",8,21.420202,0.21884884,0.005891839,0.4,0.0,0.2606651,0.009704043,0.74655396,0.0028399962,0.4,0.0,0.23412175,0.012527132
375316653866487564,4277601506290411648,0.46576336,2328.3277451058343,3.6845704298776427,4.7103196E-5,19.210527,0.016147142,0.18399535,0.00783974,0.08693824,0.011291283,0.20430475,0.028067017,0.6742441,0.011844917,0.062115595,0.022002194,0.20900513,0.022954877,null,null,null,null,"TWOGAUSSIANS",8,2.91215,0.6742441,0.011844917,0.3478473,0.068964824,0.20783289,0.02566504,0.18399535,0.00783974,0.4,0.0,0.20313248,0.027118873
375316653866487564,4277601678071210240,0.47689006,2300.8413394122517,0.845891152449474,4.5021116E-5,18.494228,0.009065003,0.36189207,0.00680048,0.050899494,0.02399945,0.35041457,0.18859936,0.8197011,0.012242902,0.05731243,0.016239775,0.051578745,0.0139221195,null,null,null,null,"TWOGAUSSIANS",8,4.327013,0.36189207,0.00680048,0.28503716,0.11698749,0.3504137,0.18870103,0.8197011,0.012242902,0.32094958,0.09094275,0.05157787,0.013891728
375316653866487564,4277602777582976768,0.5410292,2313.846725330711,3.478051677995264,1.6727348E-5,19.191902,0.05249496,0.28446776,0.0050921435,0.04319362,0.015183173,0.39162996,0.09760845,0.7812099,0.011016871,0.065269195,0.014944964,0.3049446,0.106026955,0.1612479,0.06238286,0.28446776,0.0050921435,"TWOGAUSSIANS_WITH_ELLIPSOIDAL_ON_ECLIPSE1",9,8.676298,0.28446776,0.0050921435,0.24188428,0.08502577,0.7139631,0.058502804,0.7820599,0.00803895,0.36550748,0.06904267,0.6271781,0.033124592
375316653866487564,4277603743952000768,0.5420307,2290.004115994847,2.746740765754273,5.419824E-6,19.492838,0.0077653457,0.2098743,0.0023400371,0.067828335,0.0021564218,0.4674825,0.015988868,0.70092815,0.0023137017,0.07503224,0.0021549803,0.48828053,0.013131013,null,null,null,null,"TWOGAUSSIANS",8,1.2276235,0.70092815,0.0023137017,0.4,0.0,0.4866046,0.0129894605,0.2098743,0.0023400371,0.37983868,0.012075962,0.46580657,0.015846252
375316653866487564,4277604117615078656,0.5651417,2314.5372801697345,4.094060241511113,1.0876938E-5,19.215446,0.013470993,0.27697372,0.027590256,0.07156923,0.016618563,0.57768583,0.12856725,0.755641,0.00173586,0.06256525,0.0031055876,0.51662,0.025324335,null,null,null,null,"TWOGAUSSIANS",8,2.7283614,0.27697372,0.027590256,0.4,0.0274088,0.57711184,0.12845033,0.755641,0.00173586,0.3503654,0.01739129,0.51604605,0.025208637
375316653866487564,4277606007398488320,0.512026,2314.901139100629,4.942481733222769,5.2034677E-5,18.72743,0.0106799,0.3798957,0.009003068,0.18111615,0.011172191,0.31195113,0.01581627,0.82569015,0.013590535,0.012828946,0.011235963,0.042687386,15.201564,null,null,null,null,"TWOGAUSSIANS",8,3.8337855,0.3798957,0.009003068,0.4,0.0,0.29813612,0.01551702,0.82569015,0.013590535,0.0718421,0.06292139,0.04684658,15.200812
375316653866487564,4277606973777881344,0.6594651,2289.6799380009693,1.9819319247332232,3.8380545E-6,16.012606,0.0021194618,0.16991293,9.981546E-4,0.038088094,0.00708423,0.053401466,0.0064492794,0.6727355,0.0041479287,0.04565368,0.006092863,0.049367808,0.006203613,0.10599182,0.004474932,0.16991293,9.981546E-4,"TWOGAUSSIANS_WITH_ELLIPSOIDAL_ON_ECLIPSE1",9,4.5037513,0.16991293,9.981546E-4,0.21329333,0.03967169,0.2653851,0.0041539185,0.6727355,0.0041479287,0.2556606,0.034120034,0.26128477,0.0036197528
375316653866487564,4277608824899603072,0.55957186,2287.335485452669,3.500899376565627,6.317121E-6,18.25101,0.0061728247,0.26276723,0.0027717927,0.08020059,0.0028590572,0.34998965,0.007346905,0.76910955,0.0025171298,0.07079283,0.002903173,0.43011704,0.013795105,null,null,null,null,"TWOGAUSSIANS",8,4.2620807,0.76910955,0.0025171298,0.39643985,0.014574386,0.42733893,0.01399154,0.26276723,0.0027717927,0.4,0.0,0.3472115,0.0068403
375316653866487564,4277609065417855872,0.4710151,2292.1719993085017,1.6390601160461171,2.1940592E-5,18.22681,0.005605025,0.89436007,0.020623356,0.010860939,0.009060377,0.40576082,4803.2446,0.5688683,0.004957682,0.08980517,0.008777095,0.1429453,0.010907323,null,null,null,null,"TWOGAUSSIANS",8,4.8505726,0.89436007,0.020632952,0.060821258,0.05073811,0.4059615,4803.2446,0.5688683,0.004957682,0.4,0.0,0.14294526,0.010907396
375316653866487564,4277609104081672064,0.5037525,2310.587490354856,1.3995166370789804,1.3000984E-5,18.551216,0.0020478799,0.46845818,3.8673868E-4,0.013938022,4.7967827E-4,0.38120818,0.014532377,0.8301892,0.0010363759,0.00784616,0.0020622562,0.030732607,0.0024549614,null,null,null,null,"TWOGAUSSIANS",8,1.3061968,0.46845818,3.8673868E-4,0.07805292,0.0026861983,0.38120818,0.014532377,0.8301892,0.0010363759,0.0439385,0.011548635,0.030732607,0.0024549614
375316653866487564,4277609310240121216,0.5245938,2300.9661116903585,3.257607444351844,2.3714098E-5,19.067905,0.01511426,0.23097411,0.0048084627,0.07070355,0.006062011,0.68363374,0.07260517,0.7184834,0.0050769392,0.061469857,0.00926774,0.6062418,0.0910764,null,null,null,null,"TWOGAUSSIANS",8,8.440279,0.23097411,0.0048084627,0.3959399,0.024983956,0.68293256,0.07291916,0.7184834,0.0050769392,0.3442312,0.051899344,0.6055406,0.091919005
375316653866487564,4277609516398580224,0.53079724,2285.87567851167,2.8789554364005574,3.4856614E-5,17.764038,0.062087,0.22651304,0.004196816,0.110335186,0.013987416,0.4020944,0.06043578,0.7174549,0.0078109093,0.10291352,0.017261142,0.41074365,0.062840015,null,null,null,null,"TWOGAUSSIANS",8,14.339419,0.7174549,0.0078109093,0.4,0.0,0.36377797,0.01829389,0.22651304,0.0041995323,0.4,0.0,0.3551056,0.018395819
