Gaia/vari_eclipsing_binary/VariEclipsingBinary_679654-679664.csv
# %ECSV 1.0
# ---
# delimiter: ','
# meta: !!omap
# - RELEASE: Gaia DR3
# - TABLE: vari_eclipsing_binary
# - DESCRIPTION: >
#     This table describes the properties of the eclipsing binaries resulting from the variability analysis. 
# - CITATION: >
#     How to cite and acknowledge Gaia: 
#     https://gea.esac.esa.int/archive/documentation/credits.html 
# - KNOWN_ISSUES: >
#     Known issues: 
#     https://www.cosmos.esa.int/web/gaia-users/known-issues 
# - DOCUMENTATION: >
#     Tutorials and documentation: 
#     https://www.cosmos.esa.int/web/gaia-users/archive 
# datatype:
# - 
#   name: solution_id
#   datatype: int64
#   description: Solution Identifier
#   meta:
#     ucd: meta.version
# - 
#   name: source_id
#   datatype: int64
#   description: Unique source identifier
#   meta:
#     ucd: meta.id;meta.main
# - 
#   name: global_ranking
#   datatype: float32
#   description: Number between 0 (worst) and 1 (best)
#   meta:
#     ucd: stat.param
# - 
#   name: reference_time
#   datatype: float64
#   unit: d
#   description: Reference time used for the geometric model fit
#   meta:
#     ucd: time.epoch
# - 
#   name: frequency
#   datatype: float64
#   unit: d**-1
#   description: Frequency of geometric model of the eclipsing binary light curve
#   meta:
#     ucd: src.orbital
# - 
#   name: frequency_error
#   datatype: float32
#   unit: d**-1
#   description: "Uncertainty of \\texttt{frequency}"
#   meta:
#     ucd: stat.error
# - 
#   name: geom_model_reference_level
#   datatype: float32
#   unit: mag
#   description: Magnitude reference level of geometric model
#   meta:
#     ucd: phot.mag;em.opt
# - 
#   name: geom_model_reference_level_error
#   datatype: float32
#   unit: mag
#   description: "Uncertainty of \\texttt{geomModelReferenceLevel}"
#   meta:
#     ucd: stat.error;phot.mag;em.opt
# - 
#   name: geom_model_gaussian1_phase
#   datatype: float32
#   description: Phase of the Gaussian 1 component
#   meta:
#     ucd: time.phase
# - 
#   name: geom_model_gaussian1_phase_error
#   datatype: float32
#   description: "Uncertainty of \\texttt{geomModelGaussian1Phase}"
#   meta:
#     ucd: stat.error;time.phase
# - 
#   name: geom_model_gaussian1_sigma
#   datatype: float32
#   description: "Standard deviation [phase] of Gaussian 1 component"
#   meta:
#     ucd: stat.stdev
# - 
#   name: geom_model_gaussian1_sigma_error
#   datatype: float32
#   description: "Uncertainty of \\texttt{geomModelGaussian1Sigma}"
#   meta:
#     ucd: stat.error
# - 
#   name: geom_model_gaussian1_depth
#   datatype: float32
#   unit: mag
#   description: Magnitude depth of Gaussian 1 component
#   meta:
#     ucd: src.var.amplitude
# - 
#   name: geom_model_gaussian1_depth_error
#   datatype: float32
#   unit: mag
#   description: "Uncertainty of \\texttt{geomModelGaussian1Depth}"
#   meta:
#     ucd: stat.error;src.var.amplitude
# - 
#   name: geom_model_gaussian2_phase
#   datatype: float32
#   description: Phase of Gaussian 2 component
#   meta:
#     ucd: time.phase
# - 
#   name: geom_model_gaussian2_phase_error
#   datatype: float32
#   description: "Uncertainty of \\texttt{geomModelGaussian2Phase}"
#   meta:
#     ucd: stat.error;time.phase
# - 
#   name: geom_model_gaussian2_sigma
#   datatype: float32
[...]
#   datatype: float32
#   description: "Secondary eclipse: uncertainty of \\texttt{derivedSecondaryEclDuration}"
#   meta:
#     ucd: stat.error;time.duration
# - 
#   name: derived_secondary_ecl_depth
#   datatype: float32
#   unit: mag
#   description: "Secondary eclipse: depth"
#   meta:
#     ucd: src.var.amplitude
# - 
#   name: derived_secondary_ecl_depth_error
#   datatype: float32
#   unit: mag
#   description: "Secondary eclipse: uncertainty of \\texttt{derivedSecondaryEclDepth}"
#   meta:
#     ucd: stat.error;src.var.amplitude
solution_id,source_id,global_ranking,reference_time,frequency,frequency_error,geom_model_reference_level,geom_model_reference_level_error,geom_model_gaussian1_phase,geom_model_gaussian1_phase_error,geom_model_gaussian1_sigma,geom_model_gaussian1_sigma_error,geom_model_gaussian1_depth,geom_model_gaussian1_depth_error,geom_model_gaussian2_phase,geom_model_gaussian2_phase_error,geom_model_gaussian2_sigma,geom_model_gaussian2_sigma_error,geom_model_gaussian2_depth,geom_model_gaussian2_depth_error,geom_model_cosine_half_period_amplitude,geom_model_cosine_half_period_amplitude_error,geom_model_cosine_half_period_phase,geom_model_cosine_half_period_phase_error,model_type,num_model_parameters,reduced_chi2,derived_primary_ecl_phase,derived_primary_ecl_phase_error,derived_primary_ecl_duration,derived_primary_ecl_duration_error,derived_primary_ecl_depth,derived_primary_ecl_depth_error,derived_secondary_ecl_phase,derived_secondary_ecl_phase_error,derived_secondary_ecl_duration,derived_secondary_ecl_duration_error,derived_secondary_ecl_depth,derived_secondary_ecl_depth_error
[from data line 337]
375316653866487564,5978363651668847360,0.4594013,2228.1916224310394,0.658095867913138,4.823065E-5,18.302402,0.0059685507,0.14851476,0.0058753863,0.033085473,0.007538461,0.68183494,1.3563672,0.65150803,0.0115362685,0.025717717,0.016650354,0.13928519,0.03577614,null,null,null,null,"TWOGAUSSIANS",8,8.217441,0.14851476,0.0058753863,0.18527865,0.042215385,0.68183494,1.3563672,0.65150803,0.0115362685,0.14401922,0.09324199,0.13928519,0.03577614
375316653866487564,5978363720391281792,0.47639096,2265.0071990339334,1.3142104015756755,6.94814E-6,18.382074,0.004170958,0.2469942,0.0011139672,0.048883535,0.0019842335,0.26217413,0.020901345,0.7510789,0.006171159,0.058741324,0.008203016,0.09479336,0.012670857,null,null,null,null,"TWOGAUSSIANS",8,3.6330113,0.2469942,0.0011139672,0.2737478,0.011111707,0.262169,0.020901388,0.7510789,0.006171159,0.32895142,0.045936886,0.09478823,0.012675476
375316653866487564,5978363853478855680,0.46090627,2249.269617704904,2.0550580915468633,3.812069E-5,14.254035,0.01151464,0.2195374,0.012206974,0.110773705,0.035875138,0.03863293,0.010365927,0.70011044,0.0062364163,0.10692244,0.018006435,0.06305649,0.011329247,null,null,null,null,"TWOGAUSSIANS",8,78.572174,0.70011044,0.0062364163,0.4,0.0,0.057397828,0.0052967034,0.2195674,0.012205585,0.4,0.0,0.032973513,0.0054211463
375316653866487564,5978363887838620928,0.6344566,2263.588805954749,0.8087994898751213,2.1305477E-6,16.276127,0.0026041109,0.23594514,3.009936E-4,0.03134119,5.996104E-4,0.8516547,0.019494254,0.7395624,0.002869473,0.028967386,0.003041892,0.07126627,0.009421879,0.013104403,0.004113731,0.7395624,0.002869473,"TWOGAUSSIANS_WITH_ELLIPSOIDAL_ON_ECLIPSE2",9,12.933869,0.23595513,3.0066463E-4,0.17551067,0.0033578181,0.87785006,0.0222995,0.7395624,0.002869473,0.16221736,0.017034596,0.097475074,0.0077384794
375316653866487564,5978364162716547328,0.45674285,2256.4979082119166,3.1097225387319307,5.1229534E-5,17.646976,0.0066339844,0.19383308,0.010530753,0.07241157,0.016571224,0.09440405,0.0073671965,0.68415964,0.012158232,0.0789233,0.011864639,0.08502652,0.010954068,null,null,null,null,"TWOGAUSSIANS",8,8.8509865,0.19383308,0.010530753,0.4,0.03525188,0.09378916,0.0075040315,0.68415964,0.012158232,0.4,0.0,0.08441163,0.010712227
375316653866487564,5978364265795791360,0.648865,2263.3114301510423,1.0870929031092753,4.2920005E-6,17.286835,0.0060578636,0.21947713,0.0015736121,0.036860492,0.0033229606,0.3364415,0.03397237,0.7222909,0.0013222418,0.039387256,0.0013685809,0.7569827,0.020699441,0.051413216,0.0086938655,0.21947713,0.0015736121,"TWOGAUSSIANS_WITH_ELLIPSOIDAL_ON_ECLIPSE1",9,8.774371,0.7222909,0.0013222418,0.22056864,0.0076640532,0.859777,0.014682978,0.21947713,0.0015736121,0.20641875,0.01860858,0.4392679,0.032933295
375316653866487564,5978364373270756096,0.51642936,2254.9461175765055,1.9602505709760067,2.4614797E-5,16.022718,0.15482959,0.16012317,0.005812995,0.20359018,0.051087692,0.5911858,0.14506888,0.6576006,0.0043908083,0.18443795,0.038317528,0.6715147,0.16424343,null,null,null,null,"TWOGAUSSIANS",8,23.054525,0.6576006,0.0043908083,0.4,0.0,0.19130334,0.0085577965,0.16215317,0.0069458485,0.4,0.0,0.08710712,0.009115474
375316653866487564,5978364407583325184,0.42825285,2302.94838666394,4.656236974300202,5.9401176E-5,19.778238,0.049447056,0.22895116,0.02323502,0.07059691,0.04385364,0.19165969,0.054787714,0.53928775,0.01845612,0.06110274,0.021351593,0.4806775,0.20781012,null,null,null,null,"TWOGAUSSIANS",8,3.8878393,0.53928775,0.01845612,0.34217536,0.119568914,0.48068902,0.20781383,0.22895116,0.023235487,0.3953427,0.1976637,0.19166024,0.054791465
375316653866487564,5978364476303016320,0.46201694,2276.7939173444774,0.9193579280778665,1.4285551E-5,18.423292,0.010473019,0.39211065,0.0056841047,0.017690746,0.008018673,0.32567945,5.5051684,0.89547974,0.0077597783,0.019633261,0.017217908,0.7729799,0.47218284,0.022947175,0.020310465,0.39211065,0.0056841047,"TWOGAUSSIANS_WITH_ELLIPSOIDAL_ON_ECLIPSE1",9,14.370389,0.89547974,0.00771182,0.10994626,0.09642028,0.81885374,0.48780304,0.39211065,0.0056841047,0.09906818,0.044904575,0.37157378,5.505885
375316653866487564,5978364643752996992,0.53642887,2266.7992548206803,0.11010345161960737,3.6436537E-5,18.087345,0.002623121,0.09924107,0.00674143,0.0096623255,0.0012867496,10.914239,6.8628144,0.66855645,0.0010794189,0.0109005915,0.0017603551,0.019072708,0.0032452422,0.006322879,0.0036486564,0.09924107,0.00674143,"TWOGAUSSIANS_WITH_ELLIPSOIDAL_ON_ECLIPSE1",9,4.483649,0.09924107,0.00674143,0.054109022,0.007205798,10.926885,6.8631988,0.66855645,0.0010794189,0.06104331,0.009857988,0.0294677,0.004227254
375316653866487564,5978364648102062976,0.45346832,2239.675956720561,1.9307187774019023,4.102156E-5,19.79326,0.025732357,0.25426933,0.0053295866,0.09659895,0.015029729,0.20693997,0.024596184,0.7610933,0.0070555555,0.09242207,0.013826769,0.2399085,0.024542116,null,null,null,null,"TWOGAUSSIANS",8,1.9091614,0.7610933,0.0070555555,0.4,0.0,0.22770026,0.01903257,0.25426933,0.0053295866,0.4,0.0,0.1947313,0.019494647
375316653866487564,5978364957340034688,0.5631022,2274.2010317075205,3.4978175828927296,7.719373E-6,18.915854,0.010309902,0.2963512,0.0026493615,0.0826538,0.0060585174,0.4461886,0.051144835,0.7781433,0.0024004744,0.0816105,0.0046274173,0.34013575,0.011533107,null,null,null,null,"TWOGAUSSIANS",8,1.9221038,0.2963512,0.0026493615,0.4,0.0,0.44081238,0.05326245,0.7781433,0.0024004744,0.4,0.0,0.33475956,0.010811874
375316653866487564,5978364957386545664,0.48045036,2305.137043335158,2.7014393949758477,2.6462107E-5,17.699955,0.041112367,0.25068375,0.007584829,0.12208135,0.031269666,0.13453941,0.037224695,0.74888843,0.0039994027,0.10560198,0.019466795,0.15024173,0.03959967,null,null,null,null,"TWOGAUSSIANS",8,7.154734,0.74888843,0.004016601,0.4,0.0,0.1254529,0.007978175,0.25068375,0.0076014996,0.4,0.0,0.10969327,0.011163722
375316653866487564,5978365300983889408,0.5086808,2281.3950769803814,0.5268143874939707,7.042318E-5,16.77137,0.0028975857,0.29601097,0.003157835,0.0240166,0.002985555,0.21588315,0.014999389,0.7832549,0.003976516,0.023342464,0.004566766,0.056872405,0.012794119,0.022266917,0.004846156,0.29601097,0.003157835,"TWOGAUSSIANS_WITH_ELLIPSOIDAL_ON_ECLIPSE1",9,17.528233,0.29601097,0.003157835,0.13449296,0.016719107,0.26041698,0.015766624,0.78366494,0.003831742,0.1307178,0.025573889,0.10113002,0.012922114
375316653866487564,5978365330973306240,0.5997311,2282.285272837108,0.7714565795550504,5.2404894E-6,16.016085,0.0036050633,0.18688487,0.0013518194,0.027628252,0.0025940912,0.65404904,0.06326663,0.68924177,0.0013893934,0.027820857,9.777452E-4,0.72551787,0.034482732,0.016381638,0.00725419,0.18688487,0.0013518194,"TWOGAUSSIANS_WITH_ELLIPSOIDAL_ON_ECLIPSE1",9,57.456352,0.68924177,0.0013893934,0.15579681,0.005475373,0.75827396,0.034500897,0.18688487,0.0013518194,0.1547182,0.014526911,0.6868123,0.066447996
375316653866487564,5978365541455713792,0.44962364,2270.47584827614,2.2343597359161613,1.443796E-4,19.659271,0.014973641,0.14704564,0.012208636,0.03963684,0.021008933,0.4001794,0.043130565,0.5008436,0.015762065,0.054977555,0.010875737,0.32835877,0.15384161,null,null,null,null,"TWOGAUSSIANS",8,10.6505375,0.14704564,0.012208636,0.2219663,0.117650025,0.4001794,0.043130606,0.5008436,0.015762065,0.30787432,0.06090413,0.32835877,0.15384161
375316653866487564,5978365644534886400,0.56929964,2265.6077923319804,1.4200444501402842,1.3584874E-5,18.493969,0.0038554813,0.21433051,0.0059945476,0.05123474,0.0057853577,0.11517935,0.027644329,0.7174375,8.037322E-4,0.043684177,0.0011007065,0.63927287,0.020769807,null,null,null,null,"TWOGAUSSIANS",8,2.8177564,0.7174375,8.037322E-4,0.2446314,0.0061639566,0.63927245,0.020769892,0.21433051,0.0059945476,0.28691456,0.032398004,0.11517896,0.027645132
375316653866487564,5978365747614406272,0.4850605,2274.8714356369323,1.214533597830111,1.7016973E-5,16.33347,0.019729696,0.27991277,0.00355281,0.12610687,0.021345107,0.06940625,0.019234799,0.7959483,0.012330793,0.116575845,0.035570785,0.040838506,0.01906449,null,null,null,null,"TWOGAUSSIANS",8,4.126353,0.27987278,0.003537049,0.4,0.0,0.05828674,0.0030299814,0.7962283,0.01205577,0.4,0.0,0.029769467,0.003333596
375316653866487564,5978365781973774336,0.51609087,2267.3638893911766,2.4689578421191065,2.3083905E-5,19.50726,0.016972508,0.29965252,0.005237358,0.08603678,0.008245125,0.2709238,0.019163094,0.79978955,0.002157366,0.079792246,0.007334776,0.30477443,0.023066526,null,null,null,null,"TWOGAUSSIANS",8,1.9060173,0.79978955,0.002157366,0.4,0.0,0.29871044,0.022755548,0.29965252,0.005237358,0.4,0.0,0.26485977,0.017127225
375316653866487564,5978365885053153408,0.50234026,2261.867971753256,2.2389237981540773,2.6114467E-5,18.073212,0.0661969,0.2716258,0.0045070546,0.12860642,0.034336332,0.15640135,0.06318029,0.76054066,0.0048274733,0.118784286,0.03477065,0.14042588,0.06313638,null,null,null,null,"TWOGAUSSIANS",8,2.2193232,0.2716858,0.0045203534,0.4,0.0,0.121314526,0.00841032,0.76054066,0.0048274733,0.4,0.0,0.10546815,0.0077509847
375316653866487564,5978366366143058048,0.42680722,2274.6815976731186,0.861334742527805,1.9437148E-5,19.499485,0.013533764,0.08949657,0.008684602,0.029201683,0.004689602,0.07432502,0.024068184,0.40682283,0.008858727,0.055482905,0.010730691,0.18877122,0.01815205,null,null,null,null,"TWOGAUSSIANS",8,3.7752514,0.40682283,0.008858727,0.3107043,0.06009187,0.18877122,0.01815205,0.08949657,0.008684602,0.16352943,0.026261773,0.07432503,0.024068398
375316653866487564,5978366434809235840,0.4996353,2295.8960141948073,0.03983348150340798,5.4480057E-5,19.528528,0.0052479533,0.42329055,0.01757668,0.12224242,0.019061178,0.3407973,0.062248215,0.7653417,0.003726079,0.011812924,0.0042035496,0.22787337,0.046274606,null,null,null,null,"TWOGAUSSIANS",8,2.7423449,0.42329055,0.01757668,0.4,0.0,0.34063855,0.062433686,0.7653417,0.003726079,0.06615238,0.023539878,0.23451193,0.046145655
375316653866487564,5978366847126577024,0.5571448,2281.754425955051,2.3519285104718355,2.3318495E-5,17.34334,0.014002449,0.2854433,0.0034742302,0.095122084,0.008543352,0.3262537,0.0120773055,0.7916825,0.0026051817,0.10561933,0.006996895,0.2302849,0.013966408,null,null,null,null,"TWOGAUSSIANS",8,9.639484,0.2854433,0.0034805473,0.4,0.0,0.30380306,0.01750735,0.7916825,0.0026051817,0.4,0.0,0.20782843,0.0076736
375316653866487564,5978367255091839360,0.5527354,2265.696449505795,2.4594832963189495,1.7190956E-5,17.271,0.013164576,0.2428506,0.002739062,0.04414161,0.009618907,0.20389615,0.031338017,0.7448543,0.0032184669,0.03960706,0.00820251,0.2596794,0.022805901,0.14507005,0.018480817,0.2428506,0.002739062,"TWOGAUSSIANS_WITH_ELLIPSOIDAL_ON_ECLIPSE1",9,26.15956,0.7448543,0.0032184669,0.22179952,0.045934055,0.5497733,0.021398034,0.2428506,0.002739062,0.24719301,0.05386588,0.494036,0.031004202
375316653866487564,5978367323812594304,0.5103675,2269.8737865354706,0.9378654229624672,4.2699412E-5,17.20162,0.06240179,0.2473253,0.019911692,0.10624724,0.11557584,0.0535828,0.05049461,0.7590787,0.006868949,0.09819273,0.032623123,0.102086246,0.05296756,null,null,null,null,"TWOGAUSSIANS",8,3.9128845,0.7590787,0.006024858,0.4,0.0,0.09580485,0.008093471,0.2473253,0.020027356,0.4,0.0,0.047300078,0.010323214
375316653866487564,5978367323837957888,0.44213757,2270.0792613600743,0.13833089155133002,3.540388E-5,19.095488,0.0070632896,0.18811888,0.0047008093,0.060276113,0.00369712,0.3399289,0.02779702,0.62139666,0.010114267,0.08359021,0.010770377,0.18652746,0.017893663,null,null,null,null,"TWOGAUSSIANS",8,6.6140456,0.18811888,0.0047008093,0.33754623,0.02070387,0.33972844,0.02780353,0.62139666,0.010114267,0.4,0.0,0.18632674,0.01797638
375316653866487564,5978367431242285824,0.5235699,2238.771293637338,2.794554176914306,1.3776587E-5,19.641943,0.012343489,0.16391978,0.002989156,0.08123557,0.005217215,0.48390546,0.029883534,0.6635207,0.0053455615,0.082499675,0.0060746046,0.4341248,0.042166375,null,null,null,null,"TWOGAUSSIANS",8,1.9253283,0.16391978,0.002989156,0.4,0.0,0.47532004,0.03188015,0.6635207,0.0053455615,0.4,0.0,0.42553934,0.043344535
375316653866487564,5978367603086725888,0.55077934,2260.865157050582,0.39905132868036436,4.165435E-5,18.14031,0.0018292277,0.22764857,0.0024205449,0.017274562,0.0028820965,0.035427608,0.005037397,0.71634686,0.0041143685,0.023323214,0.002640682,0.20347375,0.009945894,0.01488012,0.0027440202,0.22764857,0.0024205449,"TWOGAUSSIANS_WITH_ELLIPSOIDAL_ON_ECLIPSE1",9,1.5275729,0.71641684,0.0041046464,0.13061,0.014787819,0.23308507,0.009277411,0.22764857,0.0024205449,0.09673755,0.01613974,0.06518781,0.0044992487
375316653866487564,5978367633075118976,0.44061446,2269.423920687267,2.3824391034901002,3.7091497E-5,18.685495,0.03397029,0.27434534,0.029955652,0.08026915,0.035113614,0.32991183,0.030910002,0.7776291,0.010018085,0.076135896,0.012950361,0.32802808,0.0346235,null,null,null,null,"TWOGAUSSIANS",8,34.089584,0.27434534,0.029955652,0.4,0.0891108,0.32619902,0.029374976,0.7776291,0.010018085,0.4,6.4328755E-4,0.32431528,0.030577632
375316653866487564,5978367843605027840,0.42879605,2317.206422010591,2.6526492956908863,7.418851E-5,17.066036,0.0076518324,0.18632646,0.002784831,0.030647287,0.004282727,0.25471443,0.050538357,0.68432575,0.016249483,0.029165132,0.026124718,0.10587286,0.15176606,null,null,null,null,"TWOGAUSSIANS",8,8.818697,0.18632646,0.002784831,0.17162481,0.023983272,0.25471443,0.050538357,0.68432575,0.016249483,0.16332474,0.14629842,0.10587286,0.15176606
375316653866487564,5978367980997225856,0.47736725,2248.6100832703287,2.810092173584686,1.3154087E-5,19.468884,0.022229051,0.28466663,0.0075415527,0.0959834,0.0121518,0.28186977,0.024921212,0.7806129,0.0031419445,0.085261345,0.009717624,0.26921806,0.02009811,null,null,null,null,"TWOGAUSSIANS",8,2.361529,0.28466663,0.0075415527,0.4,0.0,0.27035105,0.022458404,0.7806129,0.0031419445,0.4,0.0,0.25770006,0.015463951
375316653866487564,5978368049717110784,0.47172183,2271.9807390887177,1.3440825890402193,2.9185141E-5,18.398417,0.010491947,0.29929247,0.005643938,0.061349053,0.010218061,0.31160912,0.038634833,0.8192989,0.01481368,0.05908582,0.010808455,0.09669844,0.01429656,null,null,null,null,"TWOGAUSSIANS",8,12.623449,0.29929247,0.005643938,0.34355468,0.057221137,0.311578,0.03868439,0.8192989,0.01481368,0.33088058,0.06052735,0.09666732,0.014259837
375316653866487564,5978368324595337344,0.44711202,2276.09043510165,3.3159125401088643,4.3284217E-5,18.730234,0.00491143,null,null,null,null,null,null,null,null,null,null,null,null,0.07629644,0.007792404,0.26436096,0.0066365786,"ELLIPSOIDAL",4,8.282867,null,null,null,null,null,null,null,null,null,null,null,null
375316653866487564,5978368526402253824,0.557123,2269.1871914277285,2.43998432596744,1.8782228E-5,18.256245,0.05208804,0.29460704,0.0067452677,0.117935136,0.021983827,0.2225421,0.049591705,0.7780915,0.0047908905,0.108622305,0.014972754,0.35638776,0.049939375,null,null,null,null,"TWOGAUSSIANS",8,4.093687,0.7780915,0.0047908905,0.4,0.0,0.31538066,0.010069486,0.29463702,0.0067435303,0.4,0.0,0.1814921,0.011249222
375316653866487564,5978368530753309184,0.53411025,2266.3086392708983,2.7478443441956264,2.1433867E-5,18.52104,0.026665576,0.19902307,0.0027317945,0.09171349,0.010294245,0.36325124,0.022586193,0.6884645,0.0044078147,0.094609864,0.007694291,0.37262267,0.027328918,null,null,null,null,"TWOGAUSSIANS",8,7.4696527,0.6884645,0.0044078147,0.4,0.0,0.35539007,0.019072333,0.19902307,0.0027317945,0.4,0.0,0.3460191,0.021285988
