Gaia/vari_eclipsing_binary/VariEclipsingBinary_467133-467151.csv
# %ECSV 1.0
# ---
# delimiter: ','
# meta: !!omap
# - RELEASE: Gaia DR3
# - TABLE: vari_eclipsing_binary
# - DESCRIPTION: >
#     This table describes the properties of the eclipsing binaries resulting from the variability analysis. 
# - CITATION: >
#     How to cite and acknowledge Gaia: 
#     https://gea.esac.esa.int/archive/documentation/credits.html 
# - KNOWN_ISSUES: >
#     Known issues: 
#     https://www.cosmos.esa.int/web/gaia-users/known-issues 
# - DOCUMENTATION: >
#     Tutorials and documentation: 
#     https://www.cosmos.esa.int/web/gaia-users/archive 
# datatype:
# - 
#   name: solution_id
#   datatype: int64
#   description: Solution Identifier
#   meta:
#     ucd: meta.version
# - 
#   name: source_id
#   datatype: int64
#   description: Unique source identifier
#   meta:
#     ucd: meta.id;meta.main
# - 
#   name: global_ranking
#   datatype: float32
#   description: Number between 0 (worst) and 1 (best)
#   meta:
#     ucd: stat.param
# - 
#   name: reference_time
#   datatype: float64
#   unit: d
#   description: Reference time used for the geometric model fit
#   meta:
#     ucd: time.epoch
# - 
#   name: frequency
#   datatype: float64
#   unit: d**-1
#   description: Frequency of geometric model of the eclipsing binary light curve
#   meta:
#     ucd: src.orbital
# - 
#   name: frequency_error
#   datatype: float32
#   unit: d**-1
#   description: "Uncertainty of \\texttt{frequency}"
#   meta:
#     ucd: stat.error
# - 
#   name: geom_model_reference_level
#   datatype: float32
#   unit: mag
#   description: Magnitude reference level of geometric model
#   meta:
#     ucd: phot.mag;em.opt
# - 
#   name: geom_model_reference_level_error
#   datatype: float32
#   unit: mag
#   description: "Uncertainty of \\texttt{geomModelReferenceLevel}"
#   meta:
#     ucd: stat.error;phot.mag;em.opt
# - 
#   name: geom_model_gaussian1_phase
#   datatype: float32
#   description: Phase of the Gaussian 1 component
#   meta:
#     ucd: time.phase
# - 
#   name: geom_model_gaussian1_phase_error
#   datatype: float32
#   description: "Uncertainty of \\texttt{geomModelGaussian1Phase}"
#   meta:
#     ucd: stat.error;time.phase
# - 
#   name: geom_model_gaussian1_sigma
#   datatype: float32
#   description: "Standard deviation [phase] of Gaussian 1 component"
#   meta:
#     ucd: stat.stdev
# - 
#   name: geom_model_gaussian1_sigma_error
#   datatype: float32
#   description: "Uncertainty of \\texttt{geomModelGaussian1Sigma}"
#   meta:
#     ucd: stat.error
# - 
#   name: geom_model_gaussian1_depth
#   datatype: float32
#   unit: mag
#   description: Magnitude depth of Gaussian 1 component
#   meta:
#     ucd: src.var.amplitude
# - 
#   name: geom_model_gaussian1_depth_error
#   datatype: float32
#   unit: mag
#   description: "Uncertainty of \\texttt{geomModelGaussian1Depth}"
#   meta:
#     ucd: stat.error;src.var.amplitude
# - 
#   name: geom_model_gaussian2_phase
#   datatype: float32
#   description: Phase of Gaussian 2 component
#   meta:
#     ucd: time.phase
# - 
#   name: geom_model_gaussian2_phase_error
#   datatype: float32
#   description: "Uncertainty of \\texttt{geomModelGaussian2Phase}"
#   meta:
#     ucd: stat.error;time.phase
# - 
#   name: geom_model_gaussian2_sigma
#   datatype: float32
[...]
#   datatype: float32
#   description: "Secondary eclipse: uncertainty of \\texttt{derivedSecondaryEclDuration}"
#   meta:
#     ucd: stat.error;time.duration
# - 
#   name: derived_secondary_ecl_depth
#   datatype: float32
#   unit: mag
#   description: "Secondary eclipse: depth"
#   meta:
#     ucd: src.var.amplitude
# - 
#   name: derived_secondary_ecl_depth_error
#   datatype: float32
#   unit: mag
#   description: "Secondary eclipse: uncertainty of \\texttt{derivedSecondaryEclDepth}"
#   meta:
#     ucd: stat.error;src.var.amplitude
solution_id,source_id,global_ranking,reference_time,frequency,frequency_error,geom_model_reference_level,geom_model_reference_level_error,geom_model_gaussian1_phase,geom_model_gaussian1_phase_error,geom_model_gaussian1_sigma,geom_model_gaussian1_sigma_error,geom_model_gaussian1_depth,geom_model_gaussian1_depth_error,geom_model_gaussian2_phase,geom_model_gaussian2_phase_error,geom_model_gaussian2_sigma,geom_model_gaussian2_sigma_error,geom_model_gaussian2_depth,geom_model_gaussian2_depth_error,geom_model_cosine_half_period_amplitude,geom_model_cosine_half_period_amplitude_error,geom_model_cosine_half_period_phase,geom_model_cosine_half_period_phase_error,model_type,num_model_parameters,reduced_chi2,derived_primary_ecl_phase,derived_primary_ecl_phase_error,derived_primary_ecl_duration,derived_primary_ecl_duration_error,derived_primary_ecl_depth,derived_primary_ecl_depth_error,derived_secondary_ecl_phase,derived_secondary_ecl_phase_error,derived_secondary_ecl_duration,derived_secondary_ecl_duration_error,derived_secondary_ecl_depth,derived_secondary_ecl_depth_error
[from data line 450]
375316653866487564,4109102556284447616,0.555728,2289.2071723178988,0.7886430409813523,1.4653063E-5,17.132307,0.024775108,0.28058916,0.0052905483,0.12949556,0.017123831,0.14170654,0.024513232,0.77409184,0.0029502066,0.10912989,0.01177535,0.16898103,0.02356719,null,null,null,null,"TWOGAUSSIANS",8,2.9845865,0.77409184,0.0029502066,0.4,0.0,0.13711062,0.00451572,0.28059915,0.005293157,0.4,0.0,0.10967882,0.0061053406
375316653866487564,4109102689346885888,0.55781066,2261.683764356621,1.5296707724092256,3.0833992E-6,16.971138,0.01282469,0.350978,0.0017804871,0.045105647,0.0037600633,0.32255277,0.032068007,0.8460097,0.0011393027,0.042253833,0.0037030254,0.34731746,0.030522002,0.063743636,0.025659971,0.350978,0.0017804871,"TWOGAUSSIANS_WITH_ELLIPSOIDAL_ON_ECLIPSE1",9,50.43403,0.8462497,0.0010680857,0.23662147,0.020736942,0.4746865,0.026023565,0.350978,0.0017804871,0.2525916,0.021056354,0.4500399,0.023547625
375316653866487564,4109103587052922624,0.47004974,2261.8179477915883,0.12149303383274376,7.270505E-5,19.037907,0.0065428857,0.31425828,0.02061573,0.05431163,0.030418051,0.09433615,0.05012809,0.764313,1.33405865E-5,0.003573039,7.831075E-5,0.76212287,0.0050997655,null,null,null,null,"TWOGAUSSIANS",8,4.9308124,0.764313,1.33405865E-5,0.020009018,4.3854024E-4,0.76212287,0.0050997655,0.31425828,0.02061573,0.30414513,0.17034109,0.09433615,0.05012809
375316653866487564,4109103995039038848,0.4739264,2254.538350005839,3.4552758013771916,4.1663057E-5,19.132652,0.055927757,0.28218886,0.014481796,0.09504256,0.036629386,0.19455418,0.050346833,0.78766924,0.008247387,0.07917209,0.022154238,0.16834112,0.0545548,null,null,null,null,"TWOGAUSSIANS",8,2.830856,0.28218886,0.014481796,0.4,0.0,0.18916363,0.017991275,0.78766924,0.008247387,0.4,0.0,0.16295096,0.024135614
375316653866487564,4109104785290867584,0.60522395,2297.770042532995,1.076809941397377,4.5003844E-6,13.884991,0.3238642,0.21891883,0.001631642,0.16597867,0.010223725,0.36612254,0.15468943,0.7205117,0.0022740935,0.21727037,0.05571559,0.44088882,0.31557634,null,null,null,null,"TWOGAUSSIANS",8,9.170127,0.72103167,0.002608586,0.4,0.0,0.10520134,0.0032122338,0.21772884,0.0010500876,0.4,0.0,0.0850124,0.002222751
375316653866487564,4109105064519798272,0.534896,2263.4676242180576,2.598917515944485,2.0778218E-5,19.098742,0.011083869,0.32878554,0.005783145,0.078395456,0.004703209,0.42032745,0.02669698,0.84498805,0.0036695835,0.081323735,0.0046141394,0.36500487,0.020562526,null,null,null,null,"TWOGAUSSIANS",8,3.5178864,0.32878554,0.005783145,0.4,0.0,0.41611087,0.027015194,0.84498805,0.0036695835,0.4,0.0,0.3607883,0.020520687
375316653866487564,4109105438148430848,0.5606163,2238.748679350032,1.95634353942637,1.0098326E-5,19.070784,0.041703254,0.23162007,0.034936313,0.06962017,0.089112535,0.21253958,0.08865701,0.72153056,0.0037180085,0.08474454,0.007499439,0.39524752,0.041682273,null,null,null,null,"TWOGAUSSIANS",8,1.5432832,0.72153056,0.0037180085,0.4,0.0,0.39272282,0.020850558,0.23162007,0.03495547,0.38987297,0.036372427,0.21001491,0.118428305
375316653866487564,4109105751714770944,0.5195971,2255.530349636074,2.5345273846078915,2.9680337E-5,19.592817,0.07161697,0.19750848,0.00653007,0.09388137,0.015678601,0.44166785,0.06827372,0.68835896,0.0064963964,0.11086518,0.026661815,0.3937937,0.048022065,null,null,null,null,"TWOGAUSSIANS",8,2.2074592,0.19751848,0.0065173856,0.4,0.0,0.4041994,0.032837518,0.68835896,0.0064963964,0.4,0.0,0.35629377,0.031721402
375316653866487564,4109106095346350208,0.45609403,2285.0561444979317,0.15711368677810092,7.0382484E-6,19.475853,0.018212866,0.07730879,0.02624152,0.06718886,0.039530817,0.110697225,0.32590628,0.40224186,0.0031020774,0.040111747,0.0042881602,0.29803863,0.021746239,null,null,null,null,"TWOGAUSSIANS",8,2.3319046,0.40224186,0.0031020774,0.22462577,0.024013698,0.29803956,0.021746865,0.07730879,0.02624152,0.37625763,0.22137257,0.110697225,0.32590628
375316653866487564,4109106232750436096,0.535242,2246.9187078551636,2.3566760838534226,2.4958901E-5,19.255867,0.009847455,0.22626305,0.004151729,0.07582234,0.0048442134,0.37972736,0.018321242,0.72945017,0.0047633555,0.085285224,0.0052404962,0.3582369,0.023943128,null,null,null,null,"TWOGAUSSIANS",8,2.2671475,0.22626305,0.004151729,0.4,0.0,0.37413105,0.018079912,0.72945017,0.0047633555,0.4,0.0,0.3526406,0.024343694
375316653866487564,4109106301469667072,0.44796538,2285.481314607848,2.2684645113720636,1.8366516E-5,19.00683,0.013657637,0.2317056,0.016132185,0.08196379,0.015801294,0.31711143,0.021501867,0.7125643,0.0042738235,0.069647886,0.008890901,0.3606128,0.068771414,null,null,null,null,"TWOGAUSSIANS",8,1.9609492,0.7125643,0.0042738235,0.39002815,0.047829036,0.35870698,0.06974659,0.2317056,0.016132185,0.4,0.0,0.31520557,0.021359224
375316653866487564,4109106954305121536,0.47409043,2265.5889549871754,2.3805431528248877,4.5927176E-5,19.703377,0.2871129,0.15057434,0.007855419,0.11450897,0.051517565,0.37292606,0.27496454,0.6414324,0.009836057,0.11434261,0.06544867,0.33658895,0.24957216,null,null,null,null,"TWOGAUSSIANS",8,2.249313,0.15059434,0.008061289,0.4,0.0,0.3133438,0.029909074,0.6414324,0.009836057,0.4,0.0,0.27701363,0.046771463
375316653866487564,4109107469727802496,0.51133066,2295.31629073151,2.350768906388943,1.698743E-5,19.215948,0.018150266,0.19838043,0.026235377,0.07325844,0.02120047,0.2947035,0.037665986,0.7098256,0.009529978,0.088064045,0.014640959,0.30409408,0.027330326,null,null,null,null,"TWOGAUSSIANS",8,3.3302758,0.7098256,0.009529978,0.4,0.0,0.30017328,0.027512798,0.19838043,0.026235377,0.4,0.08806482,0.29078278,0.03317362
375316653866487564,4109107675859697152,0.46053892,2309.6574956046256,1.266201477266031,1.3562608E-5,19.80023,0.0111005185,0.29804304,0.034888025,0.11217835,0.0519924,0.109288506,0.16105798,0.77372825,0.0027747552,0.05325091,0.0044712676,0.24937145,0.0151609555,null,null,null,null,"TWOGAUSSIANS",8,1.542776,0.77372825,0.0027747552,0.2982051,0.025039097,0.24767557,0.014798645,0.29804304,0.034888025,0.4,0.0,0.107577026,0.16312626
375316653866487564,4109107740251680256,0.57480884,2297.7274086607877,1.1861603513270846,2.5638368E-5,18.735783,0.002840739,0.2736621,0.036747552,0.07257032,0.029972985,0.078999564,0.017003067,0.7583121,0.0022198504,0.046337258,0.0013553641,0.43523443,0.0142080635,null,null,null,null,"TWOGAUSSIANS",8,1.5782198,0.7583121,0.0022198504,0.25948864,0.007590039,0.43521017,0.014207648,0.2736621,0.036747552,0.4,0.15587908,0.078975305,0.017026437
375316653866487564,4109108191256595328,0.5487517,2309.3218585317504,2.8487575092858335,8.695878E-6,18.99923,0.005551028,0.29865536,0.0023489557,0.038448505,0.0058054836,0.14527428,0.04083175,0.804804,0.010371355,0.04282311,0.0067828842,0.22204322,0.025923511,0.12765469,0.010178126,0.29865536,0.0023489557,"TWOGAUSSIANS_WITH_ELLIPSOIDAL_ON_ECLIPSE1",9,2.3299313,0.804804,0.009932415,0.23980941,0.03798415,0.4769716,0.024418216,0.29865536,0.0023489557,0.21531163,0.03251071,0.40058354,0.039871156
375316653866487564,4109108363055616128,0.48733503,2274.2618658581005,2.8047151940167323,2.3748305E-5,18.545143,0.25888583,0.25078124,0.006944415,0.09003152,0.04699982,0.27086285,0.24585183,0.7901118,0.037611626,0.07097611,0.085278444,0.2747424,0.24498715,null,null,null,null,"TWOGAUSSIANS",8,10.219629,0.7901118,0.037592586,0.39746618,0.027314791,0.27276295,0.03208997,0.25078124,0.0069376123,0.4,0.0,0.26888284,0.021334859
375316653866487564,4109108397415529216,0.52531,2274.413025547835,0.9365850031885737,1.3942156E-5,18.432728,0.018608794,0.32524976,0.0034304124,0.089157514,0.009981051,0.22019318,0.01627396,0.8202646,0.003882822,0.102777824,0.01109843,0.18919015,0.018471636,null,null,null,null,"TWOGAUSSIANS",8,2.2577116,0.32524976,0.0034304124,0.4,0.0,0.20750384,0.0108538885,0.8202646,0.003882822,0.4,0.0,0.17649807,0.013170805
375316653866487564,4109108466137026560,0.45169762,2269.7967455712896,1.8997230272029564,9.11649E-5,19.656193,0.018323887,0.2840899,0.013156445,0.06347842,0.009712785,0.47013038,0.114213236,0.66378015,0.043738965,0.047709197,0.033665374,0.2512441,0.08857559,null,null,null,null,"TWOGAUSSIANS",8,7.0067368,0.2840899,0.013156445,0.35547915,0.054391593,0.47013026,0.11421241,0.66378015,0.043738965,0.2671715,0.1885261,0.25124398,0.08857565
375316653866487564,4109109462568084224,0.56549746,2261.280045633967,1.6782542778325455,1.4210409E-5,19.200495,0.010808245,0.2455048,0.0037996313,0.07544165,0.0037988385,0.47080442,0.030577073,0.73963296,0.0056397826,0.08704535,0.007862337,0.3239795,0.014696585,null,null,null,null,"TWOGAUSSIANS",8,1.6539369,0.2455048,0.0037996313,0.4,0.0,0.4647869,0.030766742,0.73963296,0.0056397826,0.4,0.0,0.3179619,0.013599346
375316653866487564,4109110596439044480,0.5138321,2269.900118797327,2.4992723008308895,1.6450034E-5,19.434696,0.0083067585,0.30311847,0.0068020625,0.08842274,0.0078923665,0.23582152,0.010510846,0.801183,0.005036313,0.087660484,0.007593098,0.20935063,0.011401367,null,null,null,null,"TWOGAUSSIANS",8,0.9678852,0.30311847,0.0068020625,0.4,0.0,0.22817782,0.010001698,0.801183,0.005036313,0.4,0.0,0.20170696,0.010982193
375316653866487564,4109110626452420096,0.5999167,2269.0810741446403,3.4418612946465745,8.607321E-6,18.986721,0.015900051,0.22251777,0.0033360787,0.045271978,0.003749716,0.5045192,0.042202763,0.72259384,0.0045871693,0.05355308,0.00545376,0.44798878,0.045458317,0.10815237,0.019619863,0.22251777,0.0033360787,"TWOGAUSSIANS_WITH_ELLIPSOIDAL_ON_ECLIPSE1",9,3.3871522,0.22251777,0.0033360787,0.25352308,0.02099841,0.7208156,0.031942476,0.72259384,0.0041506505,0.29989722,0.030541055,0.6642851,0.047704935
375316653866487564,4109110802606248448,0.48079813,2332.710382853477,2.6326328930172207,4.994786E-5,19.825535,0.026697746,0.3548012,0.008163771,0.06612691,0.012539022,0.44289222,0.074348256,0.8469762,0.010666905,0.04919149,0.015786935,0.5093979,0.21444917,null,null,null,null,"TWOGAUSSIANS",8,5.05058,0.8469762,0.010666905,0.27547234,0.08840683,0.5093407,0.21452959,0.3548012,0.008163771,0.37031072,0.07021852,0.44283506,0.07439694
375316653866487564,4109110940038148608,0.44620302,2317.7928759717106,0.9501705486325703,4.9719052E-5,19.765064,0.0345388,0.20972571,0.03590486,0.07057994,0.041747976,0.22774099,0.23843242,0.7531468,0.009655283,0.055614416,0.016277723,0.22289623,0.033478368,null,null,null,null,"TWOGAUSSIANS",8,4.846086,0.20972571,0.03590486,0.39524764,0.17400235,0.22769885,0.23863383,0.7531468,0.009655283,0.31144074,0.09115525,0.2228541,0.033221386
375316653866487564,4109111764695197440,0.47013447,2321.0158155306876,0.11851632891209926,4.692256E-5,15.863345,0.0070166443,0.2702438,0.033391565,0.07285535,0.041841857,0.05957352,0.012082745,0.67170674,0.010912635,0.04613236,0.004715015,0.4137858,0.04727791,null,null,null,null,"TWOGAUSSIANS",8,168.35551,0.67170674,0.010912635,0.25834122,0.026404087,0.41378504,0.047272995,0.2702438,0.033391565,0.4,0.09834351,0.059572753,0.0120559335
375316653866487564,4109111863397428608,0.4557821,2326.750538533973,3.631139494275622,6.0149127E-5,18.589111,0.006483555,null,null,null,null,null,null,null,null,null,null,null,null,0.09537437,0.00887671,0.2558797,0.00920419,"ELLIPSOIDAL",4,11.4132185,null,null,null,null,null,null,null,null,null,null,null,null
