Gaia/vari_eclipsing_binary/VariEclipsingBinary_021234-021441.csv
# %ECSV 1.0
# ---
# delimiter: ','
# meta: !!omap
# - RELEASE: Gaia DR3
# - TABLE: vari_eclipsing_binary
# - DESCRIPTION: >
#     This table describes the properties of the eclipsing binaries resulting from the variability analysis. 
# - CITATION: >
#     How to cite and acknowledge Gaia: 
#     https://gea.esac.esa.int/archive/documentation/credits.html 
# - KNOWN_ISSUES: >
#     Known issues: 
#     https://www.cosmos.esa.int/web/gaia-users/known-issues 
# - DOCUMENTATION: >
#     Tutorials and documentation: 
#     https://www.cosmos.esa.int/web/gaia-users/archive 
# datatype:
# - 
#   name: solution_id
#   datatype: int64
#   description: Solution Identifier
#   meta:
#     ucd: meta.version
# - 
#   name: source_id
#   datatype: int64
#   description: Unique source identifier
#   meta:
#     ucd: meta.id;meta.main
# - 
#   name: global_ranking
#   datatype: float32
#   description: Number between 0 (worst) and 1 (best)
#   meta:
#     ucd: stat.param
# - 
#   name: reference_time
#   datatype: float64
#   unit: d
#   description: Reference time used for the geometric model fit
#   meta:
#     ucd: time.epoch
# - 
#   name: frequency
#   datatype: float64
#   unit: d**-1
#   description: Frequency of geometric model of the eclipsing binary light curve
#   meta:
#     ucd: src.orbital
# - 
#   name: frequency_error
#   datatype: float32
#   unit: d**-1
#   description: "Uncertainty of \\texttt{frequency}"
#   meta:
#     ucd: stat.error
# - 
#   name: geom_model_reference_level
#   datatype: float32
#   unit: mag
#   description: Magnitude reference level of geometric model
#   meta:
#     ucd: phot.mag;em.opt
# - 
#   name: geom_model_reference_level_error
#   datatype: float32
#   unit: mag
#   description: "Uncertainty of \\texttt{geomModelReferenceLevel}"
#   meta:
#     ucd: stat.error;phot.mag;em.opt
# - 
#   name: geom_model_gaussian1_phase
#   datatype: float32
#   description: Phase of the Gaussian 1 component
#   meta:
#     ucd: time.phase
# - 
#   name: geom_model_gaussian1_phase_error
#   datatype: float32
#   description: "Uncertainty of \\texttt{geomModelGaussian1Phase}"
#   meta:
#     ucd: stat.error;time.phase
# - 
#   name: geom_model_gaussian1_sigma
#   datatype: float32
#   description: "Standard deviation [phase] of Gaussian 1 component"
#   meta:
#     ucd: stat.stdev
# - 
#   name: geom_model_gaussian1_sigma_error
#   datatype: float32
#   description: "Uncertainty of \\texttt{geomModelGaussian1Sigma}"
#   meta:
#     ucd: stat.error
# - 
#   name: geom_model_gaussian1_depth
#   datatype: float32
#   unit: mag
#   description: Magnitude depth of Gaussian 1 component
#   meta:
#     ucd: src.var.amplitude
# - 
#   name: geom_model_gaussian1_depth_error
#   datatype: float32
#   unit: mag
#   description: "Uncertainty of \\texttt{geomModelGaussian1Depth}"
#   meta:
#     ucd: stat.error;src.var.amplitude
# - 
#   name: geom_model_gaussian2_phase
#   datatype: float32
#   description: Phase of Gaussian 2 component
#   meta:
#     ucd: time.phase
# - 
#   name: geom_model_gaussian2_phase_error
#   datatype: float32
#   description: "Uncertainty of \\texttt{geomModelGaussian2Phase}"
#   meta:
#     ucd: stat.error;time.phase
# - 
#   name: geom_model_gaussian2_sigma
#   datatype: float32
[...]
#   datatype: float32
#   description: "Secondary eclipse: uncertainty of \\texttt{derivedSecondaryEclDuration}"
#   meta:
#     ucd: stat.error;time.duration
# - 
#   name: derived_secondary_ecl_depth
#   datatype: float32
#   unit: mag
#   description: "Secondary eclipse: depth"
#   meta:
#     ucd: src.var.amplitude
# - 
#   name: derived_secondary_ecl_depth_error
#   datatype: float32
#   unit: mag
#   description: "Secondary eclipse: uncertainty of \\texttt{derivedSecondaryEclDepth}"
#   meta:
#     ucd: stat.error;src.var.amplitude
solution_id,source_id,global_ranking,reference_time,frequency,frequency_error,geom_model_reference_level,geom_model_reference_level_error,geom_model_gaussian1_phase,geom_model_gaussian1_phase_error,geom_model_gaussian1_sigma,geom_model_gaussian1_sigma_error,geom_model_gaussian1_depth,geom_model_gaussian1_depth_error,geom_model_gaussian2_phase,geom_model_gaussian2_phase_error,geom_model_gaussian2_sigma,geom_model_gaussian2_sigma_error,geom_model_gaussian2_depth,geom_model_gaussian2_depth_error,geom_model_cosine_half_period_amplitude,geom_model_cosine_half_period_amplitude_error,geom_model_cosine_half_period_phase,geom_model_cosine_half_period_phase_error,model_type,num_model_parameters,reduced_chi2,derived_primary_ecl_phase,derived_primary_ecl_phase_error,derived_primary_ecl_duration,derived_primary_ecl_duration_error,derived_primary_ecl_depth,derived_primary_ecl_depth_error,derived_secondary_ecl_phase,derived_secondary_ecl_phase_error,derived_secondary_ecl_duration,derived_secondary_ecl_duration_error,derived_secondary_ecl_depth,derived_secondary_ecl_depth_error
[from data line 110]
375316653866487564,187015692251324032,0.6282143,2249.2209676560738,3.116012681871151,7.343997E-6,15.2057705,0.021553513,0.23272851,0.039576538,0.018678842,0.023489105,0.420646,0.49050644,0.77039003,0.0033384198,0.052106075,0.0070667686,0.45015323,0.051185384,0.13701035,0.03351566,0.77039003,0.0033384198,"TWOGAUSSIANS_WITH_ELLIPSOIDAL_ON_ECLIPSE2",9,202.3291,0.77039003,0.0033384198,0.29179403,0.039573904,0.7241692,0.026022844,0.23336852,0.039006647,0.10460152,0.13153899,0.67985374,0.5335151
375316653866487564,187016452463304704,0.72044605,2205.001089544782,0.5888079956551558,8.5062875E-6,14.542895,0.0034758786,0.26699364,7.924144E-4,0.05219947,0.0018685667,0.2481555,0.007929632,0.76693094,8.413591E-4,0.049300466,0.0025057457,0.2531895,0.017736863,0.08366529,0.003748651,0.26699364,7.924144E-4,"TWOGAUSSIANS_WITH_ELLIPSOIDAL_ON_ECLIPSE1",9,9.836285,0.76694095,7.4487453E-4,0.2760826,0.014032177,0.4205168,0.021118334,0.26699364,7.924144E-4,0.29231706,0.0104639735,0.41548285,0.0049187806
375316653866487564,187017822555234304,0.49168256,2259.1982230104413,4.854481054210552,2.1614691E-5,18.674873,0.34298125,0.31014907,0.027920695,0.17542453,0.18067342,0.21078871,0.3394787,0.79118776,0.013109413,0.100632854,0.033425353,0.23805262,0.16714413,null,null,null,null,"TWOGAUSSIANS",8,2.7610557,0.79118776,0.013109413,0.4,0.0,0.17438473,0.022463607,0.31016907,0.027883425,0.4,0.0,0.139563,0.01904358
375316653866487564,187026756087206528,0.5146288,2261.4441743795787,0.373019549258514,7.370888E-5,18.594482,0.0042261533,0.16763617,0.04112614,0.028496612,0.019530173,0.37326714,0.20701851,0.85759425,0.012099121,0.023030195,0.012167422,0.13867877,0.20184086,null,null,null,null,"TWOGAUSSIANS",8,2.871689,0.16763617,0.04112614,0.15958102,0.10936897,0.37326714,0.20701851,0.85759425,0.012099121,0.12896909,0.068137564,0.13867877,0.20184086
375316653866487564,187030058919623680,0.4603384,2237.699187545022,2.1868604546117547,2.6405436E-5,17.01063,0.004213694,0.1778774,0.0048423554,0.074865386,0.008476221,0.05961386,0.00456544,0.7333,0.050360035,0.09815637,0.047515858,0.020120036,0.0061237663,null,null,null,null,"TWOGAUSSIANS",8,3.4518354,0.1778774,0.004847758,0.4,0.0018011861,0.059254117,0.004201729,0.7333,0.050360035,0.4,0.0870787,0.019759586,0.0059217354
375316653866487564,187031738249283072,0.5174104,2310.2458427791357,2.9574553805239905,2.3978308E-5,19.311209,0.3003598,0.24488659,0.004921978,0.14878452,0.061305914,0.3858647,0.2865083,0.7466279,0.003360201,0.14843468,0.05727367,0.38592085,0.2818819,null,null,null,null,"TWOGAUSSIANS",8,0.8816292,0.74676794,0.0035012874,0.4,0.0,0.20299858,0.021875303,0.2447566,0.004981867,0.4,0.0,0.20287114,0.02154415
375316653866487564,187033181358400000,0.5846673,2267.305364172777,1.7782140447728279,5.082958E-6,18.740274,0.018545514,0.29559034,0.0039061487,0.085417345,0.01020584,0.51084995,0.07661761,0.7916387,0.0035728952,0.097422644,0.007002632,0.42263633,0.015823588,null,null,null,null,"TWOGAUSSIANS",8,1.2610414,0.29559034,0.0039061487,0.4,0.0,0.49024355,0.08608958,0.7916387,0.0035728952,0.4,0.0,0.40202832,0.009784217
375316653866487564,187033593675239808,0.62536216,2257.3992001921742,0.7417306445922368,8.649601E-6,15.036791,0.006836431,0.32362902,0.0057056216,0.05401022,0.027601937,0.0640724,0.014511813,0.81452614,0.0026062876,0.052445453,0.0024886464,0.31623378,0.017695922,0.016260892,0.008847089,0.32362902,0.0057056216,"TWOGAUSSIANS_WITH_ELLIPSOIDAL_ON_ECLIPSE1",9,30.697578,0.8147262,0.0024191437,0.29369456,0.01393642,0.34864837,0.006611415,0.32362902,0.0057056216,0.30245724,0.15457085,0.096590936,0.006877783
375316653866487564,187034010289592704,0.53085285,2243.5751855177505,0.07474094782906145,8.068096E-5,15.90305,0.1573484,0.33835942,0.017529381,0.10753291,0.049351264,0.6453251,0.19078727,0.80536216,0.010496326,0.08206253,0.046896286,0.10096181,0.14872803,null,null,null,null,"TWOGAUSSIANS",8,84.16518,0.33835942,0.017464554,0.4,0.0,0.6348057,0.23805743,0.80536216,0.010496326,0.4,0.0,0.090497136,0.017770361
375316653866487564,187035105503836032,0.5017435,2247.888853020623,0.5885937272782773,1.2415143E-5,18.668282,0.0035970698,0.3273003,0.020766968,0.039144665,0.009546249,0.17489368,0.07121336,0.87308234,0.0014103731,0.021756912,0.0018651043,0.08588194,0.005937193,null,null,null,null,"TWOGAUSSIANS",8,1.5409977,0.3273003,0.020766968,0.21921012,0.053458996,0.17489368,0.07121336,0.87308234,0.0014103731,0.121838704,0.010444584,0.08588194,0.005937193
375316653866487564,187035311662278912,0.5536562,2247.936159181658,2.955958307288792,6.610497E-6,19.581121,0.01067001,0.23086306,0.002289754,0.065414384,0.0024275954,0.5347367,0.018008238,0.74215585,0.0029897497,0.05613851,0.004364568,0.49468738,0.028283486,null,null,null,null,"TWOGAUSSIANS",8,1.7618853,0.23086306,0.002289754,0.36632052,0.013594534,0.5345887,0.017999638,0.74215585,0.0029897497,0.31437567,0.02444158,0.49453938,0.02831393
375316653866487564,187038644556936192,0.54052955,2265.744491402356,0.6387565336567455,1.7114669E-4,12.300421,0.0031648942,0.386212,4.947684E-4,0.043990545,0.001681981,0.6274884,0.01093345,null,null,null,null,null,null,null,null,null,null,"ONEGAUSSIAN",5,835.0419,0.386212,4.947684E-4,0.24634705,0.009419094,0.6274884,0.0,null,null,null,null,null,null
375316653866487564,187039709713354752,0.494035,2215.4473974410425,2.213611438969434,1.8003604E-5,19.24167,0.0069271824,null,null,null,null,null,null,null,null,null,null,null,null,0.08292752,0.009265781,0.27496853,0.00660185,"ELLIPSOIDAL",4,1.8923781,null,null,null,null,null,null,null,null,null,null,null,null
375316653866487564,187043317482036224,0.608736,2245.45040626397,0.2459404045657141,2.4999164E-5,7.695468,0.0050707525,0.2797929,0.00519549,0.058250632,0.0035745925,0.43172556,0.012056389,0.77859306,0.03490623,0.034496848,0.029052472,0.18288267,29.467049,0.025454825,0.005895186,0.2797929,0.00519549,"TWOGAUSSIANS_WITH_ELLIPSOIDAL_ON_ECLIPSE1",9,28.558313,0.2797929,0.00519549,0.32620355,0.020017719,0.4825932,0.0089229755,0.77862304,0.034874287,0.19318235,0.16269384,0.2337475,29.472027
375316653866487564,187044730529287296,0.710817,2206.524070924247,2.8626199025991306,4.7402773E-6,16.202446,0.0076674228,0.2814934,0.0012412661,0.052706636,0.0024234627,0.38579416,0.0166641,0.7812673,0.0019954531,0.052434366,0.002802643,0.34403762,0.02630429,0.106156215,0.0092464285,0.2814934,0.0012412661,"TWOGAUSSIANS_WITH_ELLIPSOIDAL_ON_ECLIPSE1",9,3.7203286,0.2814934,0.0012412661,0.29515716,0.013571391,0.5980975,0.008778499,0.78129727,0.0017977232,0.29363245,0.0156948,0.5563406,0.02323844
375316653866487564,187045207267727872,0.5889195,2291.719821796228,2.4239723199871617,8.811668E-6,18.215853,0.010006078,0.26798582,0.001659858,0.044266894,0.0017842106,0.5155758,0.018282568,0.76930475,0.0032229417,0.042424258,0.0035773956,0.59078604,0.0578376,null,null,null,null,"TWOGAUSSIANS",8,8.302452,0.76930475,0.0032229417,0.23757584,0.020033415,0.590786,0.0578377,0.26798582,0.001659858,0.2478946,0.009991579,0.51557577,0.018282548
375316653866487564,187046242357764992,0.5039743,2252.746346793222,0.19425108275802572,4.833127E-5,15.558549,0.0012521426,0.2962314,0.014409994,0.07027869,0.010111681,0.09112913,0.016552838,0.81859577,0.036864523,0.059665956,0.022046803,0.04614347,0.007815121,null,null,null,null,"TWOGAUSSIANS",8,4.1676664,0.2962314,0.014409994,0.39356065,0.054472905,0.09108804,0.016558198,0.81859577,0.036864523,0.33412936,0.0995011,0.046102382,0.007731822
375316653866487564,187049502235137920,0.5388232,2245.1167706806755,1.0376919941763434,1.2338541E-4,17.18961,0.007880182,0.20826152,0.014728396,0.05541683,0.011935503,0.23009431,0.061343405,0.69362736,0.022675915,0.06417514,0.047162194,0.2740367,0.19980618,null,null,null,null,"TWOGAUSSIANS",8,8.446036,0.69362736,0.022675915,0.35938075,0.05061036,0.2739887,0.20219275,0.20826152,0.014728396,0.31033427,0.06683882,0.2300463,0.06130564
375316653866487564,187052564546184320,0.4914761,2265.629237775711,3.00145574647989,4.558629E-5,18.633432,0.01840751,0.2533638,0.007658715,0.09427869,0.014086146,0.21080321,0.021061687,0.7577417,0.013125961,0.08817254,0.01743341,0.20563883,0.027613224,null,null,null,null,"TWOGAUSSIANS",8,3.1247637,0.2533638,0.007658715,0.4,0.0,0.2016836,0.020457843,0.7577417,0.013125961,0.4,0.0,0.19651951,0.02964603
375316653866487564,187055072810477440,0.53462493,2213.297243260617,2.2001147062621196,2.9532865E-5,11.7966385,0.012345002,0.3077528,0.0072012735,0.028790366,0.017244132,0.08834151,0.038438264,0.7858199,0.04049325,0.048014574,0.048661496,0.1661571,0.08529057,0.10429762,0.016547233,0.3077528,0.0072012735,"TWOGAUSSIANS_WITH_ELLIPSOIDAL_ON_ECLIPSE1",9,1263.3673,0.7898799,0.035164963,0.26888162,0.18033236,0.37153906,0.07998632,0.3077528,0.0072012735,0.16122605,0.09656714,0.29693598,0.051809587
375316653866487564,187058504486646016,0.57327443,2223.0210349032145,2.109170854104358,1.0842003E-6,16.795513,0.026137616,0.48101518,0.0635569,0.15034346,0.13332519,0.040456124,0.023294786,0.38035625,1.2418495E-5,0.00657291,8.8752626E-5,10.690637,0.7598486,null,null,null,null,"TWOGAUSSIANS",8,16.589096,0.38035625,1.2418495E-5,0.036808297,4.970147E-4,10.722649,0.76570743,0.48101518,0.0635569,0.4,0.0,0.04013529,0.006842377
375316653866487564,187059088602142976,0.4165496,2298.041862938048,2.224335284940576,1.5373036E-5,15.123776,0.025123727,0.1369285,0.0053946613,0.047616925,0.009922734,0.20571655,0.044625886,0.6703178,0.17509668,0.091344,0.195588,0.010117038,null,null,null,null,null,"TWOGAUSSIANS",8,42.771908,0.1369285,0.0052655973,0.2666548,0.055567313,0.20568572,0.044899363,0.6703178,0.17509668,0.4,0.6325733,0.010086196,null
375316653866487564,187060325552875136,0.5747556,2254.749542785349,2.1207765180365485,1.4974292E-5,17.111574,0.063214384,0.220641,0.003391902,0.1159525,0.025533816,0.16809133,0.060944825,0.7196776,0.00487831,0.12011628,0.028954422,0.16828457,0.062124345,null,null,null,null,"TWOGAUSSIANS",8,2.5946407,0.7196776,0.004891227,0.4,0.0,0.13292679,0.0059570586,0.220651,0.003366839,0.4,0.0,0.13276087,0.006914651
375316653866487564,187061498081392000,0.54304045,2215.766901765979,1.3383720471219653,1.30702165E-5,15.026247,0.004128029,0.29617366,0.0068716924,0.021931615,0.010795385,0.039185647,0.07176895,0.79367304,0.0017846832,0.044988617,0.0031973564,0.11129962,0.008421527,0.023201246,0.00473765,0.29617366,0.0068716924,"TWOGAUSSIANS_WITH_ELLIPSOIDAL_ON_ECLIPSE1",9,34.198463,0.793833,0.0014740807,0.25193626,0.017905194,0.15769133,0.0045455843,0.29617366,0.0068716924,0.12281704,0.060454153,0.0855881,0.07243389
375316653866487564,187065101556814336,0.55303746,2220.467606612134,1.718110683987866,1.794359E-4,19.322649,0.006642576,0.11439409,0.0012935532,0.02444812,0.0015906425,0.6053435,0.046937194,null,null,null,null,null,null,null,null,null,null,"ONEGAUSSIAN",5,1.609287,0.11439409,0.0012935532,0.13690947,0.008907598,0.6053435,0.0,null,null,null,null,null,null
375316653866487564,187065342075015296,0.45083785,2270.352258341476,2.4724823400031877,1.1691032E-4,18.856953,0.016413366,0.25827336,0.0050462866,0.072740085,0.012514444,0.119429335,0.025783716,0.738772,0.023210801,0.06818104,0.04366156,0.106377564,0.023888916,null,null,null,null,"TWOGAUSSIANS",8,2.585624,0.25827336,0.0050462866,0.4,0.034159336,0.119176626,0.02410652,0.738772,0.023210801,0.38181382,0.11185077,0.10612485,0.02185646
375316653866487564,187072596276797184,0.6107481,2239.1749900663017,0.11210282121193374,9.6636875E-5,14.386616,0.013023794,0.20695123,0.0038676965,0.015360945,0.0025969294,1.0852041,0.032349467,0.75293505,0.014189734,0.012604338,0.010680206,2.7598138,161.605,0.0012485933,0.020780373,0.75293505,0.014189734,"TWOGAUSSIANS_WITH_ELLIPSOIDAL_ON_ECLIPSE2",9,845.88245,0.75293505,0.014189734,0.07058429,0.059809156,2.762311,161.6441,0.20695123,0.003848409,0.08602129,0.014542805,1.0874985,0.01378986
375316653866487564,187073283471793408,0.5791144,2247.005130744969,1.2023469911835445,2.2675631E-5,17.182829,0.010283774,0.14413592,0.060860477,0.16357966,0.060503505,0.026340328,0.0130392965,0.7391784,0.002934731,0.041064657,0.0021948845,0.44218627,0.01762441,null,null,null,null,"TWOGAUSSIANS",8,13.089579,0.73924845,0.0028965701,0.22996208,0.012291353,0.44242218,0.01808653,0.14413592,0.060860477,0.4,0.0,0.025310636,0.012084026
375316653866487564,187078845452390144,0.5531766,2270.172359173731,3.742012209349777,2.0553038E-5,18.910618,0.026483968,0.20490015,0.006735154,0.055464648,0.012653374,0.24863353,0.0693712,0.7112802,0.041810863,0.044962417,0.02895499,0.45666474,4.8294163,0.13419676,0.03944751,0.20490015,0.006735154,"TWOGAUSSIANS_WITH_ELLIPSOIDAL_ON_ECLIPSE1",9,7.8268957,0.7112802,0.03824398,0.25178954,0.16214795,0.72461724,4.827666,0.20490015,0.006735154,0.310602,0.070858896,0.5170171,0.02895039
375316653866487564,187079120330350208,0.51298344,2281.3487867628996,1.4244225279592948,8.843593E-5,17.033236,0.0021569456,0.34148362,0.019789726,0.04932979,0.023358326,0.28820312,0.27377668,null,null,null,null,null,null,null,null,null,null,"ONEGAUSSIAN",5,10.455231,0.34148362,0.019789726,0.27624685,0.13080662,0.28820312,0.0,null,null,null,null,null,null
375316653866487564,187079532647867136,0.48883066,2279.500129546805,0.38854681141765446,9.754113E-5,16.348736,0.12030776,0.13185152,0.023593154,0.089121126,0.054608744,0.075112015,0.047351956,0.62052363,0.01999224,0.2001197,0.15011452,0.113471575,0.114501975,null,null,null,null,"TWOGAUSSIANS",8,3.0269892,0.62052363,0.01999224,0.4,0.0,0.074467435,0.008003132,0.13367152,0.026568243,0.4,0.0947369,0.046213128,0.01038614
375316653866487564,187080533376577024,0.6013079,2253.9793803276884,2.502582037370453,1.5872623E-5,11.124978,0.004713164,0.34139112,0.0069743805,0.03157099,0.012809499,0.21653637,0.08589266,0.80952567,0.0021243761,0.048567757,0.0034400686,0.14011422,0.014860554,0.11880053,0.007174706,0.80952567,0.0021243761,"TWOGAUSSIANS_WITH_ELLIPSOIDAL_ON_ECLIPSE2",9,119.17189,0.33890113,0.008163494,0.17679754,0.07173319,0.44546196,0.084331036,0.80952567,0.0021243761,0.27197945,0.019264385,0.37771502,0.010261845
375316653866487564,187082247066543616,0.61722577,2246.4541431757175,1.4738226700740065,7.6206034E-6,14.325798,9.0049603E-4,0.22933596,0.004869742,0.046169274,0.00678464,0.06109969,0.007967971,0.7320821,0.0020637217,0.03834821,0.0017637246,0.116605565,0.0046159956,0.010300505,0.001279466,0.22933596,0.004869742,"TWOGAUSSIANS_WITH_ELLIPSOIDAL_ON_ECLIPSE1",9,6.1976614,0.7320821,0.002055977,0.21474998,0.009876858,0.1372004,0.003972467,0.22933596,0.004869742,0.25854793,0.037993982,0.08170066,0.008052064
375316653866487564,187083209139339392,0.6097477,2243.2515807080795,3.5876729012534114,4.1937997E-6,18.579777,0.015405377,0.30230096,0.0057962993,0.038631875,0.00854552,0.22148997,0.04366571,0.8015278,0.0025822842,0.04491661,0.00396728,0.3894497,0.03590341,0.14862038,0.02128128,0.30230096,0.0057962993,"TWOGAUSSIANS_WITH_ELLIPSOIDAL_ON_ECLIPSE1",9,4.963003,0.8016078,0.0021296928,0.251533,0.022216769,0.6866834,0.026976319,0.30230096,0.0057962993,0.2163385,0.04785491,0.5187299,0.028634256
375316653866487564,187083724535516160,0.5919355,2278.9383180634263,3.586572823452482,8.333802E-6,18.126509,0.028319309,0.26565742,0.0026503187,0.057735227,0.009239808,0.46499723,0.09120154,0.7790315,0.0047487607,0.04708722,0.0066662957,0.3549912,0.06384951,0.09540806,0.033504196,0.26565742,0.0026503187,"TWOGAUSSIANS_WITH_ELLIPSOIDAL_ON_ECLIPSE1",9,3.4664462,0.26565742,0.0026503187,0.32331726,0.051742926,0.6557733,0.09188894,0.7790315,0.0047487607,0.26368842,0.037331257,0.544423,0.020667855
375316653866487564,187084308650864512,0.61910355,2257.910493857869,3.3830196954855776,1.0374014E-5,16.842646,0.012163127,0.23257387,0.0018875832,0.10150472,0.007187828,0.18490416,0.010968199,0.7330023,0.0034602005,0.10709019,0.008273315,0.21783148,0.011074837,null,null,null,null,"TWOGAUSSIANS",8,2.8052914,0.7330023,0.0034602005,0.4,0.0,0.1952153,0.00818271,0.23257387,0.0018875832,0.4,0.0,0.16229403,0.0062893797
