Gaia/vari_eclipsing_binary/VariEclipsingBinary_667031-667067.csv
# %ECSV 1.0
# ---
# delimiter: ','
# meta: !!omap
# - RELEASE: Gaia DR3
# - TABLE: vari_eclipsing_binary
# - DESCRIPTION: >
#     This table describes the properties of the eclipsing binaries resulting from the variability analysis. 
# - CITATION: >
#     How to cite and acknowledge Gaia: 
#     https://gea.esac.esa.int/archive/documentation/credits.html 
# - KNOWN_ISSUES: >
#     Known issues: 
#     https://www.cosmos.esa.int/web/gaia-users/known-issues 
# - DOCUMENTATION: >
#     Tutorials and documentation: 
#     https://www.cosmos.esa.int/web/gaia-users/archive 
# datatype:
# - 
#   name: solution_id
#   datatype: int64
#   description: Solution Identifier
#   meta:
#     ucd: meta.version
# - 
#   name: source_id
#   datatype: int64
#   description: Unique source identifier
#   meta:
#     ucd: meta.id;meta.main
# - 
#   name: global_ranking
#   datatype: float32
#   description: Number between 0 (worst) and 1 (best)
#   meta:
#     ucd: stat.param
# - 
#   name: reference_time
#   datatype: float64
#   unit: d
#   description: Reference time used for the geometric model fit
#   meta:
#     ucd: time.epoch
# - 
#   name: frequency
#   datatype: float64
#   unit: d**-1
#   description: Frequency of geometric model of the eclipsing binary light curve
#   meta:
#     ucd: src.orbital
# - 
#   name: frequency_error
#   datatype: float32
#   unit: d**-1
#   description: "Uncertainty of \\texttt{frequency}"
#   meta:
#     ucd: stat.error
# - 
#   name: geom_model_reference_level
#   datatype: float32
#   unit: mag
#   description: Magnitude reference level of geometric model
#   meta:
#     ucd: phot.mag;em.opt
# - 
#   name: geom_model_reference_level_error
#   datatype: float32
#   unit: mag
#   description: "Uncertainty of \\texttt{geomModelReferenceLevel}"
#   meta:
#     ucd: stat.error;phot.mag;em.opt
# - 
#   name: geom_model_gaussian1_phase
#   datatype: float32
#   description: Phase of the Gaussian 1 component
#   meta:
#     ucd: time.phase
# - 
#   name: geom_model_gaussian1_phase_error
#   datatype: float32
#   description: "Uncertainty of \\texttt{geomModelGaussian1Phase}"
#   meta:
#     ucd: stat.error;time.phase
# - 
#   name: geom_model_gaussian1_sigma
#   datatype: float32
#   description: "Standard deviation [phase] of Gaussian 1 component"
#   meta:
#     ucd: stat.stdev
# - 
#   name: geom_model_gaussian1_sigma_error
#   datatype: float32
#   description: "Uncertainty of \\texttt{geomModelGaussian1Sigma}"
#   meta:
#     ucd: stat.error
# - 
#   name: geom_model_gaussian1_depth
#   datatype: float32
#   unit: mag
#   description: Magnitude depth of Gaussian 1 component
#   meta:
#     ucd: src.var.amplitude
# - 
#   name: geom_model_gaussian1_depth_error
#   datatype: float32
#   unit: mag
#   description: "Uncertainty of \\texttt{geomModelGaussian1Depth}"
#   meta:
#     ucd: stat.error;src.var.amplitude
# - 
#   name: geom_model_gaussian2_phase
#   datatype: float32
#   description: Phase of Gaussian 2 component
#   meta:
#     ucd: time.phase
# - 
#   name: geom_model_gaussian2_phase_error
#   datatype: float32
#   description: "Uncertainty of \\texttt{geomModelGaussian2Phase}"
#   meta:
#     ucd: stat.error;time.phase
# - 
#   name: geom_model_gaussian2_sigma
#   datatype: float32
[...]
#   datatype: float32
#   description: "Secondary eclipse: uncertainty of \\texttt{derivedSecondaryEclDuration}"
#   meta:
#     ucd: stat.error;time.duration
# - 
#   name: derived_secondary_ecl_depth
#   datatype: float32
#   unit: mag
#   description: "Secondary eclipse: depth"
#   meta:
#     ucd: src.var.amplitude
# - 
#   name: derived_secondary_ecl_depth_error
#   datatype: float32
#   unit: mag
#   description: "Secondary eclipse: uncertainty of \\texttt{derivedSecondaryEclDepth}"
#   meta:
#     ucd: stat.error;src.var.amplitude
solution_id,source_id,global_ranking,reference_time,frequency,frequency_error,geom_model_reference_level,geom_model_reference_level_error,geom_model_gaussian1_phase,geom_model_gaussian1_phase_error,geom_model_gaussian1_sigma,geom_model_gaussian1_sigma_error,geom_model_gaussian1_depth,geom_model_gaussian1_depth_error,geom_model_gaussian2_phase,geom_model_gaussian2_phase_error,geom_model_gaussian2_sigma,geom_model_gaussian2_sigma_error,geom_model_gaussian2_depth,geom_model_gaussian2_depth_error,geom_model_cosine_half_period_amplitude,geom_model_cosine_half_period_amplitude_error,geom_model_cosine_half_period_phase,geom_model_cosine_half_period_phase_error,model_type,num_model_parameters,reduced_chi2,derived_primary_ecl_phase,derived_primary_ecl_phase_error,derived_primary_ecl_duration,derived_primary_ecl_duration_error,derived_primary_ecl_depth,derived_primary_ecl_depth_error,derived_secondary_ecl_phase,derived_secondary_ecl_phase_error,derived_secondary_ecl_duration,derived_secondary_ecl_duration_error,derived_secondary_ecl_depth,derived_secondary_ecl_depth_error
[from data line 174]
375316653866487564,5867364001457467648,0.6119869,2247.4377097226347,0.6327012141522126,1.0085463E-5,15.408955,0.0013848266,0.72920173,0.002651426,0.017297318,0.012545578,0.67359024,0.09897516,0.91208595,0.18044142,0.03556715,0.04762808,0.0052798325,0.44835344,0.003459572,0.0025063232,0.72920173,0.002651426,"TWOGAUSSIANS_WITH_ELLIPSOIDAL_ON_ECLIPSE1",9,31.276892,0.72920173,0.0025364088,0.09686498,0.07025524,0.6805094,0.53627163,0.91208595,0.18044142,0.19917604,0.26671726,0.0064390246,0.87642115
375316653866487564,5867364551171237760,0.5037942,2239.4284142712645,2.88000982048047,9.994842E-6,19.645617,0.0102819875,0.23291919,0.0029002447,0.073410794,0.0056347204,0.34954745,0.025999751,0.7311909,0.0071611097,0.07330508,0.008871569,0.38636252,0.01247211,null,null,null,null,"TWOGAUSSIANS",8,2.5997875,0.7311909,0.0071611097,0.4,0.008930566,0.38424036,0.012573013,0.23291919,0.0029002447,0.4,0.0059611853,0.34742528,0.02649176
375316653866487564,5867365096627735424,0.45290345,2260.2129474686008,1.7631728548770218,1.0309914E-5,18.254103,0.0035327103,0.28000957,4.4239944E-4,0.0061963974,4.2536928E-4,0.34387946,0.01629492,null,null,null,null,null,null,0.005698927,0.005467025,0.28000957,4.4239944E-4,"ONEGAUSSIAN_WITH_ELLIPSOIDAL",6,7.47053,0.28000957,4.4239944E-4,0.034699827,0.002382068,0.35527733,0.021495005,null,null,null,null,null,null
375316653866487564,5867365375847103744,0.6878503,2257.06525128174,0.2923417054275046,1.6737517E-6,14.719997,5.1530846E-4,0.40931883,1.9829776E-4,0.015456532,2.0965205E-4,0.55168563,0.0039639035,0.7478423,6.8563945E-4,0.014861219,3.512502E-4,0.33550093,0.008594609,0.0016828805,7.106209E-4,0.40931883,1.9829776E-4,"TWOGAUSSIANS_WITH_ELLIPSOIDAL_ON_ECLIPSE1",9,11.916725,0.40931883,1.9829776E-4,0.086556576,0.0011740514,0.5550514,0.004032447,0.74785227,6.8563945E-4,0.08322282,0.001967001,0.33643925,0.0086628115
375316653866487564,5867366028696538496,0.64242834,2260.813276972116,1.5802757963596272,1.6608979E-6,16.345497,0.0031409585,0.22117929,0.0020866287,0.055685814,0.00450499,0.053466376,0.008367317,0.71611196,6.484786E-4,0.052930325,0.0011403579,0.39728397,0.009357177,0.020944566,0.004131945,0.22117929,0.0020866287,"TWOGAUSSIANS_WITH_ELLIPSOIDAL_ON_ECLIPSE1",9,6.4849625,0.71623194,6.196015E-4,0.29640982,0.0063860044,0.43912566,0.008096999,0.22117929,0.0020866287,0.31184056,0.025227943,0.09534956,0.0040552784
375316653866487564,5867366750194987776,0.48147544,2274.545917530226,3.060552224313026,1.2437701E-5,18.614471,0.059828583,0.26292127,0.0040284153,0.16787927,0.017907511,0.49476656,0.054459654,0.7635446,0.003138506,0.19691116,0.022758493,0.57280755,0.05864576,null,null,null,null,"TWOGAUSSIANS",8,2.569133,0.7637246,0.0031415303,0.4,0.0,0.1676494,0.010880737,0.2625613,0.0050261165,0.4,0.0,0.12347748,0.008289568
375316653866487564,5867367093792132480,0.4262994,2243.595732423755,3.9702514786162557,4.3528344E-6,17.203907,0.007311763,0.3004511,0.014137447,0.0053049396,0.0023765203,2.639516,61.272953,0.6192366,0.008069289,0.034592707,0.004331816,0.34575698,0.031144744,null,null,null,null,"TWOGAUSSIANS",8,46.95586,0.3004511,0.014137447,0.02970766,0.013308514,2.639516,61.272953,0.6192366,0.008069289,0.19371916,0.02425817,0.34575698,0.031144744
375316653866487564,5867367128151900416,0.49247736,2266.8278735013114,0.3596796428881878,3.800263E-6,19.436922,0.002832074,0.117773205,0.001301721,0.01686028,0.0011560515,0.3864082,0.025766203,0.6220264,0.0034382301,0.015302184,0.0041691633,0.43370223,0.13940841,null,null,null,null,"TWOGAUSSIANS",8,1.997383,0.6220264,0.0034382301,0.085692234,0.023347314,0.43370223,0.13940841,0.117773205,0.001301721,0.09441757,0.0064738886,0.3864082,0.025766203
375316653866487564,5867367265632807296,0.47039193,2256.0663538702393,0.5588477181733102,1.8394305E-5,19.127522,0.0031888727,0.29938263,0.002135592,0.032552257,0.002018808,0.2590113,0.019433942,0.7927089,0.011183849,0.027428325,0.012822755,0.23031592,0.14380443,null,null,null,null,"TWOGAUSSIANS",8,2.2746172,0.29938263,0.002135592,0.18229264,0.011305325,0.2590113,0.019433942,0.7927089,0.011183849,0.15359862,0.07180743,0.23031592,0.14380443
375316653866487564,5867369155418378752,0.5083451,2255.6270143484376,1.0736359159515805,5.74491E-6,17.862501,0.005371558,0.22300935,0.0046738405,0.110572,0.00927799,0.07803019,0.0053472696,0.7195832,0.0019364421,0.086933225,0.0040740515,0.13905232,0.005309543,null,null,null,null,"TWOGAUSSIANS",8,1.9897003,0.7195832,0.0019364421,0.4,0.0,0.13141191,0.003590846,0.22300935,0.0046738405,0.4,0.0,0.07038408,0.0027934124
375316653866487564,5867369636454798080,0.59529823,2265.3775887091106,1.0446111079721356,3.119695E-6,15.988388,0.073226474,0.25655964,0.0020467767,0.059821423,0.034900613,0.08799694,0.13342328,0.75878364,0.002334355,0.059081584,0.02684701,0.105205804,0.14127584,0.06853392,0.07086776,0.25655964,0.0020467767,"TWOGAUSSIANS_WITH_ELLIPSOIDAL_ON_ECLIPSE1",9,12.109586,0.75878364,0.002334355,0.3308569,0.09203231,0.24222106,0.008281984,0.25655964,0.0020467767,0.33499998,0.117099516,0.22503896,0.015501163
375316653866487564,5867369705132647424,0.46598655,2253.471088078097,3.9238540905844737,9.105787E-6,19.812975,0.019151349,0.2483525,0.004820906,0.090450406,0.010706941,0.25267902,0.021674898,0.74445,0.0034197865,0.08217692,0.007922187,0.27122054,0.020640748,null,null,null,null,"TWOGAUSSIANS",8,2.3851879,0.74445,0.0034197865,0.4,0.0,0.26385346,0.017753847,0.2483525,0.004820906,0.4,0.0,0.24531181,0.020183126
375316653866487564,5867370151850841344,0.5742122,2257.8939225637714,0.4442077355431768,3.634675E-6,12.610366,0.0011030524,0.30439523,0.0014002158,0.05166666,0.021925103,0.0027130865,0.0029789167,0.8792344,0.030342633,0.06654283,0.031569026,0.005517687,0.002171385,0.03690521,0.0012576577,0.30439523,0.0014002158,"TWOGAUSSIANS_WITH_ELLIPSOIDAL_ON_ECLIPSE1",9,18.718678,0.30439523,0.0014002158,0.28933328,0.12278058,0.07652337,0.0014014303,0.8792344,0.030342633,0.37263983,0.16855349,0.06417541,0.010657248
375316653866487564,5867370804686014976,0.5148248,2255.4001152894984,0.11394361120843749,1.777461E-5,16.69477,7.1998825E-4,0.3333528,0.0059864093,0.012520477,0.0029100818,0.045109417,0.019135205,0.86726797,0.0016594619,0.01085183,0.0024593205,0.18773565,0.055764828,null,null,null,null,"TWOGAUSSIANS",8,4.3165603,0.86726797,0.0016594619,0.060770247,0.013772194,0.18773565,0.055764828,0.3333528,0.0059864093,0.07011467,0.016296457,0.045109417,0.019135205
375316653866487564,5867371491839333376,0.48159686,2276.3011311257424,1.3604236731167647,1.0127825E-5,18.452154,0.016649013,0.26656005,0.0042794263,0.10838777,0.0139472755,0.12778613,0.01539867,0.7580247,0.0040469547,0.10236045,0.011722737,0.16520791,0.014778061,null,null,null,null,"TWOGAUSSIANS",8,3.4709504,0.7580247,0.0040469547,0.4,0.0,0.14950863,0.0077148015,0.26656005,0.0042844727,0.4,0.0,0.11208268,0.008038548
375316653866487564,5867371560600275584,0.58533156,2254.9219325455024,0.5889580751672849,3.8373605E-6,16.285305,0.053009506,0.22602083,0.0021177405,0.11836643,0.0075626,0.34220415,0.048050016,0.7483097,0.0025608656,0.14844207,0.020740451,0.2626741,0.048848927,null,null,null,null,"TWOGAUSSIANS",8,8.986487,0.22520083,0.0014388011,0.4,0.0,0.25870642,0.00372706,0.7485297,0.002418328,0.4,0.0,0.17726895,0.004980478
375316653866487564,5867371732413281536,0.5601108,2262.450554000387,2.7140323342292207,4.2120514E-6,19.545843,0.013157098,0.2641766,0.0017087496,0.04831086,0.003468553,0.46725172,0.028399957,0.75877184,0.002101974,0.054169893,0.003184372,0.56189215,0.035627123,0.09579833,0.017060678,0.2641766,0.0017087496,"TWOGAUSSIANS_WITH_ELLIPSOIDAL_ON_ECLIPSE1",9,2.0589328,0.75917184,0.0019237174,0.3033514,0.017832484,0.75327474,0.03145856,0.2641766,0.0017087496,0.2705408,0.019423896,0.658839,0.014633281
375316653866487564,5867371869837952640,0.48329893,2281.632485395998,0.3626503915043968,1.4884051E-5,15.056537,4.9388007E-4,0.25000775,0.008268022,0.01926017,0.0075286557,0.047133572,0.013991536,null,null,null,null,null,null,0.0025840318,8.897967E-4,0.25000775,0.008268022,"ONEGAUSSIAN_WITH_ELLIPSOIDAL",6,6.2122793,0.25000775,0.008268022,0.10785695,0.042160474,0.052301634,0.014125999,null,null,null,null,null,null
375316653866487564,5867372900630565504,0.58225536,2244.4393143109887,0.392637202600156,1.8997242E-6,17.918222,0.0014365002,0.18398531,0.0010484507,0.024984298,0.0011169707,0.42620033,0.012121395,0.6958386,7.438711E-4,0.023311557,8.9119544E-4,0.48343775,0.01916106,null,null,null,null,"TWOGAUSSIANS",8,2.8627484,0.6958386,7.438711E-4,0.13054472,0.004990694,0.48343775,0.01916106,0.18398531,0.0010484507,0.13991207,0.0062550358,0.42620033,0.012121395
375316653866487564,5867372965008472960,0.5515954,2251.327232082646,2.2863771626831144,5.303738E-6,18.151995,0.006584352,0.2663984,0.0015221025,0.0880603,0.0030557937,0.2896201,0.00804172,0.7600583,0.0025794676,0.08595604,0.0034789455,0.30461785,0.008407805,null,null,null,null,"TWOGAUSSIANS",8,5.5608187,0.7600583,0.0025794676,0.4,0.0,0.2960045,0.0077744424,0.2663984,0.0015221025,0.4,0.0,0.28100672,0.0074887886
375316653866487564,5867373347307248896,0.5541675,2264.2654765520633,0.20710331157702458,2.7972835E-6,15.468525,0.0034238098,0.27865985,0.0012855778,0.039970048,0.00129174,0.26229337,0.011520833,0.7795555,0.001673531,0.043107685,0.0018343162,0.21975248,0.009098863,0.019969858,0.005126201,0.27865985,0.0012855778,"TWOGAUSSIANS_WITH_ELLIPSOIDAL_ON_ECLIPSE1",9,57.574654,0.27865985,0.0012855778,0.22383226,0.0072337436,0.30223304,0.008782871,0.7795555,0.001673531,0.24140303,0.010272171,0.25969088,0.0060807774
375316653866487564,5867373347307250688,0.5769847,2247.49310047573,1.4944042961427881,3.4431753E-6,17.32354,0.015432236,0.27402696,0.0014459303,0.10175678,0.0053007794,0.30591506,0.01386796,0.79089755,0.002217826,0.11665508,0.008760049,0.20168222,0.01399192,null,null,null,null,"TWOGAUSSIANS",8,4.719345,0.27399698,0.0014524944,0.4,0.0,0.27649692,0.0041543115,0.79090756,0.002217826,0.4,0.0,0.17221968,0.004290799
375316653866487564,5867373828343579520,0.5934243,2238.5773988369315,1.2611319461526846,3.8130338E-6,18.301624,0.004403022,0.30234927,0.0010940781,0.03563799,0.0018866839,1.0145638,0.06359755,0.80382687,0.0029694878,0.032111652,0.0037026121,0.108102396,0.014523027,0.020060588,0.006159584,0.30234927,0.0010940781,"TWOGAUSSIANS_WITH_ELLIPSOIDAL_ON_ECLIPSE1",9,5.8046474,0.30234927,0.0010940781,0.19957274,0.01056543,1.0546849,0.07055879,0.80382687,0.0029694878,0.17982525,0.020734629,0.14822005,0.011869667
375316653866487564,5867373897022961152,0.5106276,2232.6754030598286,3.656612069282243,5.8095543E-6,19.711687,0.007610238,0.25738978,0.0030037817,0.074007034,0.0040445137,0.31630677,0.011227058,0.7619745,0.003156195,0.07750408,0.003365548,0.41245002,0.016040945,null,null,null,null,"TWOGAUSSIANS",8,1.8451246,0.7619745,0.003156195,0.4,0.0,0.40962282,0.016050339,0.25738978,0.0030037817,0.4,0.0,0.31347957,0.011132922
375316653866487564,5867374167606238592,0.49636614,2233.2763448946585,0.8486472988123782,6.7042783E-6,18.256245,0.003055151,0.24435413,0.0014173981,0.026207909,0.002705739,0.20445728,0.026132833,0.74299157,0.002925933,0.028934252,0.0028596774,0.25363523,0.03905318,0.011986718,0.004434089,0.24435413,0.0014173981,"TWOGAUSSIANS_WITH_ELLIPSOIDAL_ON_ECLIPSE1",9,5.8509617,0.7430016,0.002907242,0.16203181,0.016014192,0.2776069,0.038753904,0.24435413,0.0014173981,0.14676428,0.01515214,0.2284307,0.027012493
375316653866487564,5867374378059569152,0.48067927,2258.693831365861,0.44590137729564716,1.0346061E-5,19.393421,0.002351746,0.37486544,6.9750595E-4,0.009780787,0.0013497737,1.1689214,0.36162183,null,null,null,null,null,null,null,null,null,null,"ONEGAUSSIAN",5,2.1390486,0.37486544,6.9750595E-4,0.054772407,0.0075587328,1.1689214,0.0,null,null,null,null,null,null
375316653866487564,5867375030894377344,0.49121544,2251.4342671717545,0.7721246019570673,3.602518E-5,18.810745,0.002667592,0.27673906,0.058276072,0.040249377,0.045105636,0.020550905,0.17856665,0.5493524,0.0019387932,0.028815515,0.0017420746,0.53195524,0.00494157,null,null,null,null,"TWOGAUSSIANS",8,3.7741776,0.5493524,0.0019387932,0.16136688,0.009755618,0.53195524,0.00494157,0.27673906,0.058276072,0.2253965,0.25259155,0.020550905,0.17856665
375316653866487564,5867375237093014528,0.48199603,2255.709847262964,2.2727320804073017,9.069637E-6,17.014753,0.17906034,0.25369337,0.0032224674,0.20159517,0.032780677,0.33941728,0.17234296,0.75252396,0.003088558,0.16363524,0.016272638,0.31418645,0.12861115,null,null,null,null,"TWOGAUSSIANS",8,5.440226,0.75252396,0.003088558,0.4,0.0,0.09132795,0.0047275056,0.25402337,0.0034441196,0.4,0.0,0.0911283,0.0042168368
375316653866487564,5867375305772664448,0.5599126,2261.255798010183,2.5783102870637298,3.4392708E-6,19.759682,0.01665489,0.22575228,0.0021980181,0.047152992,0.0040244632,0.4709357,0.040159203,0.72218925,0.0017380846,0.05506637,0.0037313476,0.6081006,0.04160244,0.08999727,0.02113218,0.22575228,0.0021980181,"TWOGAUSSIANS_WITH_ELLIPSOIDAL_ON_ECLIPSE1",9,2.3951585,0.7224293,0.0015950765,0.30837166,0.020895546,0.7879953,0.037468262,0.22575228,0.0021980181,0.26405677,0.022536995,0.65091467,0.025320923
375316653866487564,5867376783281105152,0.4401249,2249.940187110339,0.5345052798329796,1.8443186E-5,17.54775,0.0010892703,0.26448235,0.0024059033,0.020672906,0.0017402266,0.054209586,0.005966023,0.7615414,0.0044931066,0.015433081,0.0035995175,0.029369319,0.007822535,0.011158573,0.0014749891,0.26448235,0.0024059033,"TWOGAUSSIANS_WITH_ELLIPSOIDAL_ON_ECLIPSE1",9,2.6319811,0.26448235,0.0024059033,0.115768276,0.009745269,0.07652673,0.0058374335,0.7615814,0.0044528726,0.08642526,0.020157298,0.05167895,0.007777845
375316653866487564,5867377126878570880,0.50860983,2246.38802977438,0.06902677694531065,2.0785075E-5,16.2311,4.9538375E-4,0.14987835,0.0020780452,0.008479535,0.0015581566,0.1319703,0.0066027734,0.25716823,0.03824593,0.023977539,0.026883366,0.016219841,2.56663456E8,null,null,null,null,"TWOGAUSSIANS",8,3.1307454,0.14987835,0.0020780452,0.047485393,0.008725677,0.13197103,0.006602622,0.25716823,0.03824593,0.13427421,0.15054685,0.016219841,2.56663456E8
375316653866487564,5867377225616338048,0.52856565,2242.501232863303,0.909247019781163,1.6398549E-6,17.484892,0.006059737,0.24179125,0.0031716402,0.028389638,0.0028083548,0.44404602,0.044221498,0.7461874,5.624158E-4,0.027918315,7.899873E-4,0.6581544,0.019720059,0.012912274,0.008780484,0.24179125,0.0031716402,"TWOGAUSSIANS_WITH_ELLIPSOIDAL_ON_ECLIPSE1",9,27.5429,0.7461874,5.624158E-4,0.15634257,0.004423929,0.68395925,0.0160505,0.24179125,0.0031716402,0.15898198,0.015726786,0.46987054,0.040228743
375316653866487564,5867377745354026752,0.6452515,2248.1272926898596,3.549666304755075,1.7885591E-6,15.713586,0.0034138334,0.25845575,6.6091283E-4,0.043172244,0.0016143522,0.27569002,0.008768931,0.75705165,5.5897917E-4,0.050338663,0.0015128759,0.38697037,0.011754756,0.12427643,0.0052317665,0.25845575,6.6091283E-4,"TWOGAUSSIANS_WITH_ELLIPSOIDAL_ON_ECLIPSE1",9,32.348896,0.7572117,4.7770585E-4,0.28189653,0.0084721055,0.63550407,0.012268168,0.25845575,6.6091283E-4,0.24176458,0.009040372,0.52424085,0.005656291
375316653866487564,5867377917152577792,0.5407263,2260.435429512716,2.2354653862336553,4.60915E-6,17.025927,0.012277161,0.27012932,0.0027190861,0.07052494,0.005286222,0.16312802,0.02566881,0.7642241,0.0040079295,0.05182479,0.00906083,0.15232562,0.024906732,0.05087999,0.014739543,0.27012932,0.0027190861,"TWOGAUSSIANS_WITH_ELLIPSOIDAL_ON_ECLIPSE1",9,16.662603,0.27012932,0.0027190861,0.39493966,0.026616683,0.26459524,0.009520706,0.7649541,0.0034225895,0.29021883,0.050740648,0.2536702,0.007765021
