Gaia/vari_eclipsing_binary/VariEclipsingBinary_516083-516513.csv
# %ECSV 1.0
# ---
# delimiter: ','
# meta: !!omap
# - RELEASE: Gaia DR3
# - TABLE: vari_eclipsing_binary
# - DESCRIPTION: >
#     This table describes the properties of the eclipsing binaries resulting from the variability analysis. 
# - CITATION: >
#     How to cite and acknowledge Gaia: 
#     https://gea.esac.esa.int/archive/documentation/credits.html 
# - KNOWN_ISSUES: >
#     Known issues: 
#     https://www.cosmos.esa.int/web/gaia-users/known-issues 
# - DOCUMENTATION: >
#     Tutorials and documentation: 
#     https://www.cosmos.esa.int/web/gaia-users/archive 
# datatype:
# - 
#   name: solution_id
#   datatype: int64
#   description: Solution Identifier
#   meta:
#     ucd: meta.version
# - 
#   name: source_id
#   datatype: int64
#   description: Unique source identifier
#   meta:
#     ucd: meta.id;meta.main
# - 
#   name: global_ranking
#   datatype: float32
#   description: Number between 0 (worst) and 1 (best)
#   meta:
#     ucd: stat.param
# - 
#   name: reference_time
#   datatype: float64
#   unit: d
#   description: Reference time used for the geometric model fit
#   meta:
#     ucd: time.epoch
# - 
#   name: frequency
#   datatype: float64
#   unit: d**-1
#   description: Frequency of geometric model of the eclipsing binary light curve
#   meta:
#     ucd: src.orbital
# - 
#   name: frequency_error
#   datatype: float32
#   unit: d**-1
#   description: "Uncertainty of \\texttt{frequency}"
#   meta:
#     ucd: stat.error
# - 
#   name: geom_model_reference_level
#   datatype: float32
#   unit: mag
#   description: Magnitude reference level of geometric model
#   meta:
#     ucd: phot.mag;em.opt
# - 
#   name: geom_model_reference_level_error
#   datatype: float32
#   unit: mag
#   description: "Uncertainty of \\texttt{geomModelReferenceLevel}"
#   meta:
#     ucd: stat.error;phot.mag;em.opt
# - 
#   name: geom_model_gaussian1_phase
#   datatype: float32
#   description: Phase of the Gaussian 1 component
#   meta:
#     ucd: time.phase
# - 
#   name: geom_model_gaussian1_phase_error
#   datatype: float32
#   description: "Uncertainty of \\texttt{geomModelGaussian1Phase}"
#   meta:
#     ucd: stat.error;time.phase
# - 
#   name: geom_model_gaussian1_sigma
#   datatype: float32
#   description: "Standard deviation [phase] of Gaussian 1 component"
#   meta:
#     ucd: stat.stdev
# - 
#   name: geom_model_gaussian1_sigma_error
#   datatype: float32
#   description: "Uncertainty of \\texttt{geomModelGaussian1Sigma}"
#   meta:
#     ucd: stat.error
# - 
#   name: geom_model_gaussian1_depth
#   datatype: float32
#   unit: mag
#   description: Magnitude depth of Gaussian 1 component
#   meta:
#     ucd: src.var.amplitude
# - 
#   name: geom_model_gaussian1_depth_error
#   datatype: float32
#   unit: mag
#   description: "Uncertainty of \\texttt{geomModelGaussian1Depth}"
#   meta:
#     ucd: stat.error;src.var.amplitude
# - 
#   name: geom_model_gaussian2_phase
#   datatype: float32
#   description: Phase of Gaussian 2 component
#   meta:
#     ucd: time.phase
# - 
#   name: geom_model_gaussian2_phase_error
#   datatype: float32
#   description: "Uncertainty of \\texttt{geomModelGaussian2Phase}"
#   meta:
#     ucd: stat.error;time.phase
# - 
#   name: geom_model_gaussian2_sigma
#   datatype: float32
[...]
#   datatype: float32
#   description: "Secondary eclipse: uncertainty of \\texttt{derivedSecondaryEclDuration}"
#   meta:
#     ucd: stat.error;time.duration
# - 
#   name: derived_secondary_ecl_depth
#   datatype: float32
#   unit: mag
#   description: "Secondary eclipse: depth"
#   meta:
#     ucd: src.var.amplitude
# - 
#   name: derived_secondary_ecl_depth_error
#   datatype: float32
#   unit: mag
#   description: "Secondary eclipse: uncertainty of \\texttt{derivedSecondaryEclDepth}"
#   meta:
#     ucd: stat.error;src.var.amplitude
solution_id,source_id,global_ranking,reference_time,frequency,frequency_error,geom_model_reference_level,geom_model_reference_level_error,geom_model_gaussian1_phase,geom_model_gaussian1_phase_error,geom_model_gaussian1_sigma,geom_model_gaussian1_sigma_error,geom_model_gaussian1_depth,geom_model_gaussian1_depth_error,geom_model_gaussian2_phase,geom_model_gaussian2_phase_error,geom_model_gaussian2_sigma,geom_model_gaussian2_sigma_error,geom_model_gaussian2_depth,geom_model_gaussian2_depth_error,geom_model_cosine_half_period_amplitude,geom_model_cosine_half_period_amplitude_error,geom_model_cosine_half_period_phase,geom_model_cosine_half_period_phase_error,model_type,num_model_parameters,reduced_chi2,derived_primary_ecl_phase,derived_primary_ecl_phase_error,derived_primary_ecl_duration,derived_primary_ecl_duration_error,derived_primary_ecl_depth,derived_primary_ecl_depth_error,derived_secondary_ecl_phase,derived_secondary_ecl_phase_error,derived_secondary_ecl_duration,derived_secondary_ecl_duration_error,derived_secondary_ecl_depth,derived_secondary_ecl_depth_error
[from data line 141]
375316653866487564,4540773943707108352,0.5611967,2335.229737052371,3.158793532949823,1.0121039E-5,16.49958,0.0059991074,0.21805869,0.0013877541,0.08914791,0.0024808166,0.3345889,0.007075863,0.7127162,0.0024925834,0.08863221,0.0036453775,0.3563432,0.0073201004,null,null,null,null,"TWOGAUSSIANS",8,19.354746,0.7127162,0.0024925834,0.4,0.0,0.34419212,0.007435488,0.21805869,0.0013877541,0.4,0.0,0.3224378,0.0062767384
375316653866487564,4540782400497750528,0.40982088,2386.066828701286,0.36229725924443573,5.0619852E-5,18.316149,0.011211408,0.2425035,0.0013844024,0.024031835,0.0020892052,0.5723144,0.059418086,0.8212403,0.044960897,0.058887362,0.029471172,0.05516792,0.041768707,null,null,null,null,"TWOGAUSSIANS",8,12.415671,0.2425035,0.0013844024,0.13457827,0.011699549,0.5723144,0.059418086,0.8212403,0.044960897,0.32976922,0.16503857,0.05516792,0.041768707
375316653866487564,4540791952507488896,0.53075355,2318.426080520834,2.62480847361281,9.438304E-6,16.903957,0.025616838,0.22805381,0.005141486,0.056176815,0.01704301,0.1342948,0.047816288,0.73957396,0.0033501275,0.05843528,0.014613411,0.15496022,0.053559016,0.088649705,0.02847969,0.73957396,0.0033501275,"TWOGAUSSIANS_WITH_ELLIPSOIDAL_ON_ECLIPSE2",9,27.177378,0.73957396,0.0033501275,0.32723758,0.081835106,0.33224058,0.012250162,0.2309038,0.003499742,0.31459016,0.09544085,0.3108768,0.014605128
375316653866487564,4540795938237165184,0.46952954,2353.8362996022943,0.6987106223184336,1.7746106E-5,15.413133,0.001482633,0.23197909,0.0041039935,0.017463036,0.0041577495,0.05536661,0.017003907,null,null,null,null,null,null,0.03651997,0.0022986413,0.23197909,0.0041039935,"ONEGAUSSIAN_WITH_ELLIPSOIDAL",6,42.99557,0.23197909,0.0041039935,0.097793005,0.023283396,0.12840655,0.016288733,null,null,null,null,null,null
375316653866487564,4540796174458155520,0.4646878,2336.3731313849144,0.9079272583319745,1.4577096E-5,17.509115,0.014124199,0.24796975,0.16020492,0.03317808,0.14443511,0.036606353,0.011562403,0.72800934,0.0010295461,0.018061904,0.0015333394,0.31283596,0.020717297,null,null,null,null,"TWOGAUSSIANS",8,23.132168,0.72800934,0.0010295461,0.10114666,0.008586701,0.31283596,0.020717539,0.24796975,0.16020492,0.18579724,0.6238661,0.036606353,0.0115624145
375316653866487564,4540802226069377280,0.5440439,2301.9881164942326,0.7732583088614264,7.928776E-6,16.245708,0.02885541,0.23470393,0.0030899607,0.12662448,0.021991018,0.09131815,0.027687127,0.73423505,0.0023609549,0.12804021,0.022007268,0.091216095,0.02788405,null,null,null,null,"TWOGAUSSIANS",8,2.1775215,0.23471394,0.0031345426,0.4,0.0,0.064940125,0.0028768876,0.73423505,0.0023651766,0.4,0.0,0.06482411,0.001994427
375316653866487564,4540829537764033152,0.57056856,2325.510800987234,3.6063284309510397,6.2367503E-6,17.475763,0.010905007,0.24550278,0.0018748565,0.061220117,0.0036197526,0.28215453,0.024873247,0.75457436,0.0015724892,0.050022937,0.0038839786,0.2056317,0.026470399,0.08708444,0.014964752,0.75457436,0.0015724892,"TWOGAUSSIANS_WITH_ELLIPSOIDAL_ON_ECLIPSE2",9,13.886089,0.24690278,0.0014276444,0.34283265,0.020270616,0.45580786,0.01270637,0.75457436,0.0015724892,0.28012845,0.02175028,0.37976316,0.011124346
375316653866487564,4540830882090960640,0.5190563,2316.479237759779,4.214826232399487,1.0067432E-5,18.034443,0.0040179864,0.24846525,0.004048978,0.075211935,0.0049976762,0.13749866,0.004538327,0.74789065,0.0055159424,0.091526344,0.006359458,0.1156102,0.006485857,null,null,null,null,"TWOGAUSSIANS",8,2.1221247,0.24846525,0.004048978,0.4,0.0,0.13475804,0.003969254,0.74789065,0.0055159424,0.4,0.0,0.11286949,0.0064525106
375316653866487564,4540835516358830080,0.5723002,2331.3097578695697,2.487789334366187,2.7234166E-6,18.184723,0.005968407,0.29009497,8.9614827E-4,0.030081572,0.00106931,0.80868024,0.05245626,0.786069,0.0018852582,0.029308824,0.0014972886,0.44958478,0.028427573,0.0429931,0.008033789,0.29009497,8.9614827E-4,"TWOGAUSSIANS_WITH_ELLIPSOIDAL_ON_ECLIPSE1",9,11.036276,0.29009497,8.9614827E-4,0.16845681,0.0059881364,0.89466643,0.053892594,0.786119,0.0018679848,0.1641294,0.008384816,0.5355167,0.027477227
375316653866487564,4540837754038602368,0.4566293,2339.7378030338173,1.4274517688560742,1.7079587E-5,13.244853,0.003058515,0.31396618,0.0039371653,0.02173497,0.0037446676,0.16612591,0.022653248,0.8099224,0.0053413194,0.019082231,0.0068329126,0.15473528,0.055805553,0.013132948,0.00561151,0.31396618,0.0039371653,"TWOGAUSSIANS_WITH_ELLIPSOIDAL_ON_ECLIPSE1",9,864.03986,0.31396618,0.0039371653,0.12171583,0.020970138,0.1923918,0.021950874,0.80994236,0.005339316,0.106860496,0.038264308,0.1809843,0.056392916
375316653866487564,4540842628824457728,0.46789885,2310.764353392147,0.03721366174621595,3.5140012E-5,18.26528,0.04328596,0.32086644,0.092894904,0.059428986,0.099074334,0.12253915,0.019829767,0.7437231,0.00455828,0.08288297,0.011175985,0.4103389,0.034889158,null,null,null,null,"TWOGAUSSIANS",8,9.304047,0.7437231,0.0045587476,0.4,0.0,0.41020858,0.027970286,0.32086644,0.092897885,0.33280233,0.10063044,0.12240973,0.054691054
375316653866487564,4540845862936938112,0.6266007,2304.8312007240415,2.697977845337105,5.0440685E-6,14.882976,0.0066372235,0.23982707,0.0013813594,0.04907005,0.0035002024,0.30641788,0.01449128,0.7438887,0.0013334914,0.04189041,0.0032140058,0.23257162,0.017540738,0.11468887,0.008777576,0.7438887,0.0013334914,"TWOGAUSSIANS_WITH_ELLIPSOIDAL_ON_ECLIPSE2",9,100.22875,0.24033707,0.0011639082,0.27479228,0.019601133,0.53566366,0.009689208,0.7438887,0.0013334914,0.2345863,0.017998433,0.46194816,0.013254039
375316653866487564,4540846648914284928,0.5645266,2328.0067105741427,3.4470609007803006,1.1044197E-5,18.65741,0.010103072,0.25111994,0.0023775883,0.047721226,0.0050459197,0.20524949,0.024320312,0.7454961,0.008765798,0.06233779,0.0063503124,0.18584952,0.024505246,0.101965286,0.012321466,0.25111994,0.0023775883,"TWOGAUSSIANS_WITH_ELLIPSOIDAL_ON_ECLIPSE1",9,3.3510075,0.25111994,0.0023775883,0.26723886,0.02825715,0.40913793,0.010720346,0.74691606,0.0064143664,0.34909162,0.035561748,0.3895475,0.012917218
375316653866487564,4540851772809833344,0.42499208,2387.1346617608215,3.9351540986201297,2.733898E-5,18.43113,0.040067386,0.074600786,0.0059961616,0.032325547,0.0053471085,0.3671793,0.04171566,0.3522762,0.014788005,0.12783572,0.030027477,0.14612995,0.041097026,null,null,null,null,"TWOGAUSSIANS",8,8.404723,0.07527079,0.0056954636,0.18102306,0.029943807,0.38092962,0.047387052,0.3522762,0.014788005,0.4,0.0,0.14599067,0.040928077
375316653866487564,4540875515391422848,0.6569547,2311.0524035019434,0.3311696732320092,2.7954277E-6,11.700067,5.373844E-4,0.31079623,4.6425025E-4,0.01606497,3.7568223E-4,0.3959878,0.003343724,0.8091381,0.0055866586,0.014079466,0.0040678573,0.41656223,0.009241385,0.0013727973,8.719642E-4,0.31079623,4.6425025E-4,"TWOGAUSSIANS_WITH_ELLIPSOIDAL_ON_ECLIPSE1",9,25.051931,0.8091381,0.0055866586,0.07884501,0.022780001,0.41930753,0.009454063,0.31079623,4.6425025E-4,0.08996383,0.0021038204,0.3987334,0.003181672
375316653866487564,4540880634992302976,0.49073926,2339.605967192205,1.8262707615667528,7.1815234E-6,15.819986,0.0069643417,0.3339687,0.018155677,0.048885424,0.026705656,0.054231223,0.020847958,0.8164655,0.0014628167,0.026053945,0.0034658578,0.35298645,0.045961324,0.005014203,0.009834691,0.3339687,0.018155677,"TWOGAUSSIANS_WITH_ELLIPSOIDAL_ON_ECLIPSE1",9,95.30197,0.8164955,0.0014663382,0.14590208,0.019408803,0.36289412,0.05191543,0.3339687,0.018155677,0.27375838,0.14955167,0.06425951,0.02417611
375316653866487564,4540889087488116992,0.4798832,2334.756173647085,1.4672103776091636,1.5826376E-5,15.658791,0.0010043307,0.27770433,0.003361034,0.010937112,0.0050906576,0.0016751618,0.070362315,null,null,null,null,null,null,0.02812928,0.0015388497,0.27770433,0.003361034,"ONEGAUSSIAN_WITH_ELLIPSOIDAL",6,9.057005,0.27770433,0.003361034,0.06124783,0.028507683,0.05793365,0.07031018,null,null,null,null,null,null
375316653866487564,4540891080353634432,0.5085521,2330.1564478891623,3.654882512523184,1.3299666E-5,18.767078,0.03318173,0.29016656,0.004682094,0.050947033,0.03115607,0.35061675,0.11298071,0.7924209,0.003606635,0.038154256,0.008889521,0.42665255,0.0782069,0.14491245,0.05370253,0.29016656,0.004682094,"TWOGAUSSIANS_WITH_ELLIPSOIDAL_ON_ECLIPSE1",9,16.216322,0.7924209,0.0035750463,0.21366385,0.04978132,0.7164171,0.059554044,0.29016656,0.004682094,0.28530338,0.17447399,0.64043945,0.17316483
375316653866487564,4540906817112830464,0.6258077,2292.654805169958,2.7124164746277057,3.6185854E-6,16.83534,0.0071533006,0.26267588,0.0021066326,0.055743434,0.004211966,0.33958295,0.019945348,0.7618182,0.0021839892,0.05148687,0.0030342161,0.3344771,0.015464547,0.108899124,0.0095566595,0.26267588,0.0021066326,"TWOGAUSSIANS_WITH_ELLIPSOIDAL_ON_ECLIPSE1",9,10.778846,0.26267588,0.0021066326,0.3121632,0.023587009,0.5573635,0.012582431,0.7619181,0.0018811952,0.28832647,0.016991612,0.55225205,0.006752134
375316653866487564,4540917468631907968,0.65585685,2317.403696645409,3.219105791880057,2.6092707E-6,16.502884,0.004773716,0.26082322,4.9579726E-4,0.044857476,0.0011347852,0.45596004,0.011589939,0.76025534,0.0011681244,0.04441102,0.0021636125,0.4993421,0.018411212,0.13385196,0.00720292,0.26082322,4.9579726E-4,"TWOGAUSSIANS_WITH_ELLIPSOIDAL_ON_ECLIPSE1",9,10.276288,0.7602954,0.0010792188,0.2487017,0.012116229,0.7670424,0.023165125,0.26082322,4.9579726E-4,0.25120187,0.0063547976,0.72366345,0.006796726
375316653866487564,4540921488721220608,0.4948469,2316.288979139497,4.359338172713547,1.0166904E-5,19.635899,0.011767377,0.30568254,0.0051955064,0.07829963,0.0074413125,0.3167618,0.04486698,0.8100366,0.0034444872,0.08085762,0.0063204905,0.35553926,0.021190787,null,null,null,null,"TWOGAUSSIANS",8,2.199845,0.8100366,0.0034444872,0.4,0.0,0.35110763,0.02184169,0.30568254,0.0051955064,0.4,0.0,0.31233013,0.045938537
375316653866487564,4540940730175221248,0.6389276,2299.3679732918336,3.0346954551585976,3.820579E-6,15.620793,0.009575682,0.24463628,6.134964E-4,0.054639146,0.0025515417,0.4770367,0.022135725,0.7441143,0.0014103497,0.0534585,0.002925773,0.39355013,0.020432154,0.09868359,0.012305639,0.24463628,6.134964E-4,"TWOGAUSSIANS_WITH_ELLIPSOIDAL_ON_ECLIPSE1",9,39.400017,0.24463628,6.134964E-4,0.30597922,0.014288633,0.67438275,0.024200775,0.7441643,0.0012800598,0.2993676,0.016384328,0.5908942,0.01046604
375316653866487564,4540948083158720384,0.5047155,2282.7718023509897,2.1296450334728907,8.070964E-5,17.564602,7.8420434E-4,0.3271751,0.020126482,0.019857278,0.008588891,0.15541612,0.0953729,0.64445776,0.04017907,0.037892826,0.02275924,0.008332562,0.005504938,null,null,null,null,"TWOGAUSSIANS",8,1.2104015,0.3271751,0.020126482,0.11120076,0.048097786,0.15541612,0.0953729,0.64445776,0.04017907,0.21219982,0.12745175,0.008332562,0.005504938
375316653866487564,4540976189424874240,0.44822422,2231.8960061216408,0.5790012857679989,2.9980223E-5,17.307549,0.0045566433,0.67974377,0.0036057322,0.030642038,0.017287068,0.05106062,0.07479562,0.43476713,0.012236759,0.06044285,0.009090735,0.14736983,0.05125294,null,null,null,null,"TWOGAUSSIANS",8,4.4922304,0.43476713,0.012236759,0.33847997,0.050908115,0.14736983,0.05125294,0.67969376,0.0036180767,0.17159541,0.096807584,0.05110062,0.07479047
375316653866487564,4540978113570202496,0.59641385,2283.360604770421,1.6139143144041599,5.8756646E-6,10.95311,0.01046912,0.29363695,0.0011183862,0.1173581,0.004170921,0.23173855,0.0100813,0.7998766,0.001956635,0.109007224,0.005783752,0.19762808,0.009829694,null,null,null,null,"TWOGAUSSIANS",8,19.90778,0.29362693,0.0011183862,0.4,0.0,0.19656959,0.0018204965,0.7999066,0.0019551485,0.4,0.0,0.16250241,0.0025953325
375316653866487564,4540978418511328128,0.4992064,2300.488401001353,4.133846033099945,3.09917E-5,18.187696,0.006134351,0.2793737,0.0119397575,0.08348122,0.019274687,0.0988752,0.007101104,0.76355016,0.0037651726,0.082448944,0.01022278,0.09899376,0.0064852764,null,null,null,null,"TWOGAUSSIANS",8,2.2188208,0.76355016,0.0037651726,0.4,0.0,0.097416595,0.006263348,0.2793737,0.0119397575,0.4,0.028901033,0.097298026,0.006850114
375316653866487564,4540993987769471232,0.5131537,2309.2020308423666,2.08343511309392,9.440389E-6,17.661615,0.005383789,0.22552457,0.0013968281,0.024036871,0.0014603251,0.3533511,0.008018308,0.7125121,0.0073945904,0.033285383,0.008289539,0.11529616,0.013434226,null,null,null,null,"TWOGAUSSIANS",8,10.599079,0.22552457,0.0013968281,0.13460648,0.008177821,0.3533511,0.008018308,0.7125121,0.0073945904,0.18639815,0.046421416,0.11529616,0.013434226
375316653866487564,4540997110209173888,0.44355667,2319.8745664658927,1.193279061596191,6.514222E-5,18.145689,0.0070444867,0.28071693,0.009401447,0.07234795,0.009627595,0.11712424,0.012261076,0.794857,0.011741597,0.067534424,0.010227569,0.11631053,0.014322263,null,null,null,null,"TWOGAUSSIANS",8,10.362112,0.28071693,0.009401447,0.4,0.02799042,0.11685227,0.0122163845,0.794857,0.011741597,0.37819278,0.057274386,0.11603856,0.014214205
375316653866487564,4541014186999281536,0.599471,2322.5723283336683,2.6925168410888802,4.2827505E-6,16.822283,0.006145456,0.22121428,0.0031486347,0.083030514,0.0025226735,0.40412015,0.014547478,0.72153807,0.0014272499,0.07655266,0.002035293,0.44371742,0.008731332,null,null,null,null,"TWOGAUSSIANS",8,13.20557,0.72153807,0.0014272499,0.4,0.0,0.43752176,0.008350477,0.22121428,0.0031486347,0.4,0.0,0.39792445,0.013985552
375316653866487564,4541021509919878272,0.58124566,2279.6136590698256,0.26994545830823524,9.599404E-6,13.836047,0.0012720292,0.37305686,0.023499958,0.01686253,0.012517441,0.29332215,6.7646184,0.8347805,0.0049578217,0.014408238,0.0034441145,0.41356698,0.09488311,null,null,null,null,"TWOGAUSSIANS",8,82.40646,0.8347805,0.0049578217,0.08068614,0.01928704,0.41356698,0.09488311,0.37305686,0.023499958,0.09443017,0.07009767,0.29332215,6.7646184
375316653866487564,4541062943467918336,0.5300305,2321.546209315446,3.738778522144016,8.004424E-6,19.015076,0.009753951,0.22982241,0.0021059432,0.07570877,0.005357017,0.27823347,0.007387376,0.73438853,0.0032321103,0.08853006,0.004930807,0.26586947,0.013487912,null,null,null,null,"TWOGAUSSIANS",8,2.3724222,0.22982241,0.0021059432,0.4,0.0,0.27340567,0.0063871965,0.73438853,0.0032321103,0.4,0.0,0.26104158,0.012825177
375316653866487564,4541071709497022208,0.554977,2319.894184790944,2.651271442843831,1.3330345E-5,12.115008,0.022080546,0.2785915,0.003750801,0.10610258,0.008690155,0.3202979,0.021519464,0.76511776,0.0022819135,0.09543853,0.006150145,0.33207744,0.021631593,null,null,null,null,"TWOGAUSSIANS",8,489.6266,0.76511776,0.0022819135,0.4,0.0,0.3067531,0.010195853,0.2785915,0.003750801,0.4,0.0,0.29496315,0.012785737
375316653866487564,4541074355196905728,0.5552103,2347.4510643000654,1.0379094743666426,1.7811728E-5,16.617426,0.006740118,0.28485793,0.010292038,0.038699232,0.009112657,0.16053163,0.024055013,0.7720243,0.002349008,0.027981922,0.0021836224,0.47161308,0.017412376,0.0055722287,0.008607101,0.28485793,0.010292038,"TWOGAUSSIANS_WITH_ELLIPSOIDAL_ON_ECLIPSE1",9,41.995037,0.7720443,0.0023374995,0.15669876,0.012228286,0.48268533,0.011213254,0.28485793,0.010292038,0.2167157,0.05103088,0.17167607,0.015877299
375316653866487564,4541074389554224640,0.53635335,2356.531735590798,3.639876435614694,1.3128372E-5,14.813642,0.014997686,0.26680094,0.0044768453,0.09852648,0.010629027,0.17914473,0.012941127,0.7619748,0.0025418408,0.1063277,0.008309645,0.19588195,0.01376816,null,null,null,null,"TWOGAUSSIANS",8,83.69848,0.7619748,0.0025418408,0.4,0.0,0.17787953,0.0062001734,0.26680094,0.004484014,0.4,0.0,0.16114768,0.004936529
