Gaia/vari_eclipsing_binary/VariEclipsingBinary_461617-461632.csv
# %ECSV 1.0
# ---
# delimiter: ','
# meta: !!omap
# - RELEASE: Gaia DR3
# - TABLE: vari_eclipsing_binary
# - DESCRIPTION: >
#     This table describes the properties of the eclipsing binaries resulting from the variability analysis. 
# - CITATION: >
#     How to cite and acknowledge Gaia: 
#     https://gea.esac.esa.int/archive/documentation/credits.html 
# - KNOWN_ISSUES: >
#     Known issues: 
#     https://www.cosmos.esa.int/web/gaia-users/known-issues 
# - DOCUMENTATION: >
#     Tutorials and documentation: 
#     https://www.cosmos.esa.int/web/gaia-users/archive 
# datatype:
# - 
#   name: solution_id
#   datatype: int64
#   description: Solution Identifier
#   meta:
#     ucd: meta.version
# - 
#   name: source_id
#   datatype: int64
#   description: Unique source identifier
#   meta:
#     ucd: meta.id;meta.main
# - 
#   name: global_ranking
#   datatype: float32
#   description: Number between 0 (worst) and 1 (best)
#   meta:
#     ucd: stat.param
# - 
#   name: reference_time
#   datatype: float64
#   unit: d
#   description: Reference time used for the geometric model fit
#   meta:
#     ucd: time.epoch
# - 
#   name: frequency
#   datatype: float64
#   unit: d**-1
#   description: Frequency of geometric model of the eclipsing binary light curve
#   meta:
#     ucd: src.orbital
# - 
#   name: frequency_error
#   datatype: float32
#   unit: d**-1
#   description: "Uncertainty of \\texttt{frequency}"
#   meta:
#     ucd: stat.error
# - 
#   name: geom_model_reference_level
#   datatype: float32
#   unit: mag
#   description: Magnitude reference level of geometric model
#   meta:
#     ucd: phot.mag;em.opt
# - 
#   name: geom_model_reference_level_error
#   datatype: float32
#   unit: mag
#   description: "Uncertainty of \\texttt{geomModelReferenceLevel}"
#   meta:
#     ucd: stat.error;phot.mag;em.opt
# - 
#   name: geom_model_gaussian1_phase
#   datatype: float32
#   description: Phase of the Gaussian 1 component
#   meta:
#     ucd: time.phase
# - 
#   name: geom_model_gaussian1_phase_error
#   datatype: float32
#   description: "Uncertainty of \\texttt{geomModelGaussian1Phase}"
#   meta:
#     ucd: stat.error;time.phase
# - 
#   name: geom_model_gaussian1_sigma
#   datatype: float32
#   description: "Standard deviation [phase] of Gaussian 1 component"
#   meta:
#     ucd: stat.stdev
# - 
#   name: geom_model_gaussian1_sigma_error
#   datatype: float32
#   description: "Uncertainty of \\texttt{geomModelGaussian1Sigma}"
#   meta:
#     ucd: stat.error
# - 
#   name: geom_model_gaussian1_depth
#   datatype: float32
#   unit: mag
#   description: Magnitude depth of Gaussian 1 component
#   meta:
#     ucd: src.var.amplitude
# - 
#   name: geom_model_gaussian1_depth_error
#   datatype: float32
#   unit: mag
#   description: "Uncertainty of \\texttt{geomModelGaussian1Depth}"
#   meta:
#     ucd: stat.error;src.var.amplitude
# - 
#   name: geom_model_gaussian2_phase
#   datatype: float32
#   description: Phase of Gaussian 2 component
#   meta:
#     ucd: time.phase
# - 
#   name: geom_model_gaussian2_phase_error
#   datatype: float32
#   description: "Uncertainty of \\texttt{geomModelGaussian2Phase}"
#   meta:
#     ucd: stat.error;time.phase
# - 
#   name: geom_model_gaussian2_sigma
#   datatype: float32
[...]
#   datatype: float32
#   description: "Secondary eclipse: uncertainty of \\texttt{derivedSecondaryEclDuration}"
#   meta:
#     ucd: stat.error;time.duration
# - 
#   name: derived_secondary_ecl_depth
#   datatype: float32
#   unit: mag
#   description: "Secondary eclipse: depth"
#   meta:
#     ucd: src.var.amplitude
# - 
#   name: derived_secondary_ecl_depth_error
#   datatype: float32
#   unit: mag
#   description: "Secondary eclipse: uncertainty of \\texttt{derivedSecondaryEclDepth}"
#   meta:
#     ucd: stat.error;src.var.amplitude
solution_id,source_id,global_ranking,reference_time,frequency,frequency_error,geom_model_reference_level,geom_model_reference_level_error,geom_model_gaussian1_phase,geom_model_gaussian1_phase_error,geom_model_gaussian1_sigma,geom_model_gaussian1_sigma_error,geom_model_gaussian1_depth,geom_model_gaussian1_depth_error,geom_model_gaussian2_phase,geom_model_gaussian2_phase_error,geom_model_gaussian2_sigma,geom_model_gaussian2_sigma_error,geom_model_gaussian2_depth,geom_model_gaussian2_depth_error,geom_model_cosine_half_period_amplitude,geom_model_cosine_half_period_amplitude_error,geom_model_cosine_half_period_phase,geom_model_cosine_half_period_phase_error,model_type,num_model_parameters,reduced_chi2,derived_primary_ecl_phase,derived_primary_ecl_phase_error,derived_primary_ecl_duration,derived_primary_ecl_duration_error,derived_primary_ecl_depth,derived_primary_ecl_depth_error,derived_secondary_ecl_phase,derived_secondary_ecl_phase_error,derived_secondary_ecl_duration,derived_secondary_ecl_duration_error,derived_secondary_ecl_depth,derived_secondary_ecl_depth_error
[from data line 38]
375316653866487564,4060457516110929408,0.4615563,2434.519500214279,0.22115324254179158,5.2237534E-5,19.738573,0.13781767,0.29813886,0.031960398,0.13739087,0.046801075,0.2729655,0.13940838,0.67952156,0.019313907,0.095676795,0.031439617,0.47521728,0.12069843,null,null,null,null,"TWOGAUSSIANS",8,2.7953699,0.67952156,0.019313907,0.4,0.0,0.4614244,0.097625375,0.29862887,0.03118065,0.4,0.0,0.25353962,0.09732666
375316653866487564,4060457584899871488,0.5482004,2352.9227907804525,0.937082509762459,1.3458804E-5,15.706809,0.01919281,0.26184812,0.0036927192,0.09485924,0.008078162,0.34057233,0.02006558,0.784001,0.0049005304,0.09653487,0.011877421,0.21899797,0.018579286,null,null,null,null,"TWOGAUSSIANS",8,44.960873,0.26184812,0.0036927192,0.4,0.0,0.32743457,0.0179885,0.784001,0.0048983917,0.4,0.0,0.20586021,0.012018688
375316653866487564,4060461257017254528,0.4267035,2504.321984138512,2.056327772602095,4.4833516E-5,18.521563,0.015838992,0.06535598,0.003988026,0.016002648,0.009124106,0.6600248,49.184296,0.5428005,0.0096352305,0.021052476,0.021498129,0.5333358,31589.35,null,null,null,null,"TWOGAUSSIANS",8,9.022561,0.06535598,0.003988026,0.08961482,0.051094994,0.6600248,49.184296,0.5428005,0.0096352305,0.11789387,0.12038952,0.5333358,31589.35
375316653866487564,4060461433117000320,0.4496503,2534.760942868579,4.035895113415222,4.4127537E-5,19.105337,0.071641505,0.10597937,0.0032141018,0.016587323,0.0028222129,0.6335744,0.07760176,0.45330563,0.05835821,0.1550429,0.082188,0.21279198,0.07132732,null,null,null,null,"TWOGAUSSIANS",8,5.408663,0.10608937,0.0031948541,0.092889,0.015804391,0.64857686,0.08544212,0.45330563,0.05835821,0.4,0.0,0.21044424,0.046453994
375316653866487564,4060461433117176064,0.5011266,2306.5029360639423,1.2857813768810071,1.7113658E-5,17.721216,0.071645215,0.10955557,0.0053638453,0.059777517,0.011303704,0.34915966,0.06366685,0.5159203,0.019508887,0.10140376,0.046514105,0.54481107,0.13343777,null,null,null,null,"TWOGAUSSIANS",8,1.8807466,0.5159203,0.019508887,0.4,0.0,0.5437984,0.14901547,0.10962558,0.0046154703,0.33475408,0.06330074,0.34832466,0.057073917
375316653866487564,4060461467493256320,0.4424477,2511.273799034512,3.7970722544616717,2.5681897E-5,19.732468,0.01822963,0.26013127,0.02294771,0.06291581,0.034181353,0.3580479,1.6163487,0.6574225,0.006963934,0.060364682,0.01198665,0.7392624,0.3101462,null,null,null,null,"TWOGAUSSIANS",8,5.2592773,0.6574225,0.006963934,0.33804223,0.06712524,0.7392558,0.31015384,0.26013127,0.02294771,0.35232854,0.19141558,0.35804132,1.6163561
375316653866487564,4060461501836990976,0.4420415,2512.2091491348174,4.113747613586579,5.1616767E-5,19.528841,0.023841385,0.19291568,0.02610757,0.100967295,0.033005603,0.1005705,0.030837063,0.83810127,0.011483908,0.046412803,0.009153714,0.31977472,0.037467834,null,null,null,null,"TWOGAUSSIANS",8,4.0972543,0.8381513,0.011486566,0.25991172,0.0512608,0.31996602,0.03795465,0.19291568,0.02610757,0.4,0.0,0.100552276,0.0307774
375316653866487564,4060461707996092544,0.43097815,2553.6123047495307,4.1004703245983505,4.6897243E-5,19.712765,0.016311906,0.19991542,0.08264552,0.07148248,0.060099453,0.07760576,0.024921905,0.89039534,0.006289467,0.026029782,0.006656399,0.29082352,0.047287334,null,null,null,null,"TWOGAUSSIANS",8,3.8349607,0.89039534,0.006286473,0.14576678,0.037275836,0.2908301,0.047373448,0.19991542,0.08264552,0.4,0.095338866,0.07760576,0.024890166
375316653866487564,4060461811074183296,0.44791716,2526.1314606997457,3.9754600075360687,1.3208551E-5,19.544353,0.015968457,0.24346888,0.005495623,0.05925857,0.009228761,0.15734117,0.016706033,0.90452355,0.003462717,0.010841368,0.0025499729,0.5877966,0.120633714,null,null,null,null,"TWOGAUSSIANS",8,5.3777423,0.90452355,0.003462717,0.06071166,0.014279848,0.5877966,0.12063372,0.24346888,0.005495623,0.33184797,0.051681064,0.15734117,0.016706033
375316653866487564,4060461845434005248,0.45053443,2527.2449660060474,1.9413036266237953,4.9997652E-5,19.772081,0.023094326,0.34155613,0.0056086397,0.026193522,0.0051234914,0.53162915,0.038284738,0.85698533,0.011221046,0.02985131,0.0075175446,0.5207591,0.21871974,null,null,null,null,"TWOGAUSSIANS",8,6.20059,0.34155613,0.0056086397,0.14668372,0.02869155,0.53162915,0.038284738,0.85698533,0.011221046,0.16716734,0.04209825,0.5207591,0.21871974
375316653866487564,4060461879793955456,0.43389976,2495.6787851608515,3.952863723427377,4.942236E-5,18.827497,0.062821455,0.2779937,0.07495871,0.079671375,0.12846169,0.16236895,0.06485924,0.8965594,0.005339662,0.019188447,0.0044838386,0.56189,0.07004707,null,null,null,null,"TWOGAUSSIANS",8,9.019394,0.8965594,0.0053379727,0.107455306,0.025109494,0.56189173,0.070461996,0.2779937,0.07495871,0.4,0.014059131,0.16236895,0.049346622
375316653866487564,4060462012932007552,0.43493566,2504.8656921026204,3.932341772876526,5.910246E-5,19.345854,0.028232077,0.07958211,0.0062030996,0.027144585,0.004535478,0.58940345,0.089044325,0.3062539,0.03936489,0.11516491,0.030543666,0.121103615,0.035387307,null,null,null,null,"TWOGAUSSIANS",8,7.1491055,0.079952106,0.006411651,0.15200968,0.025398677,0.6068955,0.08755545,0.3062539,0.03936489,0.4,0.0,0.121084064,0.035384804
375316653866487564,4060462120312806784,0.44683528,2421.604441322025,2.2975374171701852,3.884206E-5,17.428905,0.020125754,0.2157657,0.015014248,0.08152489,0.017517515,0.26043957,0.023742126,0.7279944,0.010530612,0.07086695,0.014358394,0.28703955,0.06706002,null,null,null,null,"TWOGAUSSIANS",8,103.70101,0.7279944,0.010530612,0.3968549,0.056416932,0.2851265,0.06793081,0.2157657,0.015014248,0.4,0.0,0.2585265,0.023894265
375316653866487564,4060462120313009792,0.50609183,2439.699971446673,0.6289158284046185,9.8224285E-5,19.309103,0.004374818,0.38657328,0.015423329,0.037349325,0.015406836,0.36749914,13.609672,0.842789,0.0012592494,0.03130172,8.7027904E-4,0.36791492,0.0076075704,null,null,null,null,"TWOGAUSSIANS",8,2.7054794,0.842789,0.0012592494,0.17528962,0.0048735626,0.36791492,0.0076075704,0.38657328,0.015423329,0.20915622,0.08627828,0.36749914,13.609672
375316653866487564,4060462773149866752,0.44830766,2487.669167818305,2.8533828639814036,6.133337E-5,19.74372,0.020335788,0.29872495,0.007894296,0.043681085,0.018232282,0.396077,2.1513019,0.7298796,0.00902668,0.04841828,0.009252519,0.3941288,0.034224298,null,null,null,null,"TWOGAUSSIANS",8,4.515737,0.29872495,0.007894296,0.24461406,0.102100775,0.396077,2.1513019,0.7298796,0.00902668,0.27114236,0.05181411,0.3941288,0.03422428
375316653866487564,4060462807509769088,0.47865495,2425.4860608504387,0.059096117499842116,3.0734183E-5,19.711792,0.007838729,0.16640973,0.059161395,0.035744257,0.030219698,0.17556782,0.85509,0.8178525,0.0062937825,0.0034841762,0.012570607,0.66118526,0.6294025,0.07589677,0.0099452585,0.8178525,0.0062937825,"TWOGAUSSIANS_WITH_ELLIPSOIDAL_ON_ECLIPSE2",9,2.207771,0.8178525,0.0062937825,0.019511387,0.070395395,0.8129783,0.62998176,0.17326973,0.06473321,0.20016783,0.16923031,0.22977132,0.84558254
375316653866487564,4060462807509913472,0.5092321,2428.5842727813474,2.6191502237695032,1.4192451E-5,17.648628,0.011123094,0.23134387,0.0037643434,0.0821147,0.0051028104,0.29170793,0.010907412,0.71789455,0.0026455226,0.07423531,0.0052117216,0.38509607,0.020369528,null,null,null,null,"TWOGAUSSIANS",8,16.887314,0.71789455,0.0026455226,0.4,0.0,0.38207528,0.020700272,0.23134387,0.0037643434,0.4,0.0,0.28868714,0.009950642
375316653866487564,4060462945020392704,0.41238016,2504.212733282809,4.096477283400346,6.432861E-5,19.312101,0.01551724,0.40470183,0.067069724,0.08402464,0.05692831,0.09518361,0.045140196,0.7750248,0.014109334,0.030879797,0.007839018,0.3583864,0.20895508,null,null,null,null,"TWOGAUSSIANS",8,8.127796,0.7750248,0.014109334,0.17292686,0.043898497,0.3583921,0.2089573,0.40470183,0.067069724,0.4,0.19025607,0.09518354,0.045140117
375316653866487564,4060463185466797568,0.5149716,2474.216965920963,2.3844174828157327,6.311093E-5,19.035984,0.016030591,0.30266935,0.012791823,0.07728039,0.028564613,0.26772538,0.07020598,0.81336945,0.011259133,0.08159984,0.011074908,0.29137027,0.02021424,null,null,null,null,"TWOGAUSSIANS",8,3.2867079,0.81336945,0.011259133,0.4,0.0,0.28817996,0.016521463,0.30266935,0.012791823,0.4,0.0,0.2645351,0.0812288
375316653866487564,4060463387309378560,0.50606686,2425.1855905913712,0.4361738757062322,2.1649856E-5,17.115042,0.002316831,0.19566713,0.019906566,0.035888445,0.01730109,0.055469602,0.007995952,0.69370717,0.0035977906,0.023629904,0.0017606232,0.23232137,0.041973602,null,null,null,null,"TWOGAUSSIANS",8,3.9419029,0.69370717,0.0035977906,0.13232745,0.009859489,0.23232137,0.041973602,0.19566713,0.019906566,0.20097528,0.096886106,0.055469602,0.007995952
375316653866487564,4060463391697169024,0.5426704,2422.751707696506,2.5946330701485687,1.0575805E-5,16.522196,0.0054263226,0.23990075,0.003917874,0.07886982,0.0055152443,0.25413644,0.022240883,0.7347766,0.0037003737,0.08059791,0.0045986986,0.25920156,0.0159008,null,null,null,null,"TWOGAUSSIANS",8,24.131712,0.7347766,0.0037003737,0.4,0.0,0.2558001,0.016274977,0.23990075,0.003917874,0.4,0.0,0.25073498,0.022980504
375316653866487564,4060463563421736960,0.443728,2516.235754381261,1.6316928818933614,6.568327E-5,19.315495,0.0137082245,0.15251836,0.003685276,0.015007653,0.0047727665,0.64272845,0.31634015,0.72001386,0.01154239,0.03738389,0.010650453,0.3598703,0.14766362,null,null,null,null,"TWOGAUSSIANS",8,2.6343467,0.15251836,0.003685276,0.084042855,0.026727492,0.64272845,0.31634015,0.72001386,0.01154239,0.2093498,0.05964254,0.3598703,0.14766362
375316653866487564,4060463941379617920,0.50495636,2436.426628660659,2.162293039320416,1.2393103E-5,19.358675,0.017049706,0.22291376,0.016340341,0.085752405,0.014169638,0.18432784,0.032628138,0.7029594,0.0034596787,0.073269404,0.010287022,0.40393078,0.044674482,null,null,null,null,"TWOGAUSSIANS",8,4.1757827,0.7029594,0.0034596787,0.4,0.0046104696,0.4014428,0.04718835,0.22291376,0.016340341,0.4,0.0,0.18183981,0.031642575
375316653866487564,4060464113193120896,0.6382263,2468.9721841168025,1.3871207594666988,2.7799897E-6,17.611366,0.007152003,0.29025593,9.759622E-4,0.05041574,0.0019546067,0.38800824,0.018234445,0.79217917,0.008456976,0.04874501,0.009569217,0.12054282,0.019310055,0.09203928,0.010157938,0.29025593,9.759622E-4,"TWOGAUSSIANS_WITH_ELLIPSOIDAL_ON_ECLIPSE1",9,3.2794094,0.29025593,9.759622E-4,0.28232816,0.010945797,0.5720844,0.014157033,0.79217917,0.008370231,0.27297205,0.05358762,0.30459213,0.021054683
375316653866487564,4060464972245067136,0.6157692,2429.3752570057836,0.8178935604579999,1.1249423E-5,16.723341,0.008874937,0.24572581,0.0043006623,0.091842294,0.00568578,0.22590841,0.010564995,0.7407202,0.002121515,0.07907022,0.0030201466,0.5023608,0.009811869,null,null,null,null,"TWOGAUSSIANS",8,14.070167,0.7407202,0.002121515,0.4,0.0,0.49418974,0.008158631,0.24572581,0.0043006623,0.4,0.0,0.21773715,0.009047855
375316653866487564,4060465212691471744,0.44511142,2433.0452378955406,1.9934186972449464,1.0697122E-5,19.570896,0.0061601168,0.1675828,0.010846836,0.04235754,0.022562943,0.18709318,7.492518,0.6514613,8.29919E-4,0.03428126,0.0034554952,1.1648443,0.42889598,null,null,null,null,"TWOGAUSSIANS",8,3.1131954,0.6514613,8.29919E-4,0.19197507,0.019350773,1.1648443,0.42889598,0.1675828,0.010846836,0.23720223,0.12635247,0.18709318,7.492518
375316653866487564,4060465281410112384,0.49589995,2437.20078576377,2.474789937969503,2.2084125E-5,17.329664,0.16087392,0.2329489,0.005357498,0.118737034,0.043409,0.22280134,0.15518954,0.72492653,0.0034417657,0.113811806,0.03490653,0.24167676,0.15278803,null,null,null,null,"TWOGAUSSIANS",8,16.36126,0.72492653,0.0034417657,0.4,0.0,0.1991229,0.011761629,0.2329689,0.0053546103,0.4,0.0,0.18021478,0.017187696
375316653866487564,4060465384490302336,0.4301071,2522.563856056273,1.5819724744396952,6.9441514E-5,19.43024,0.01875046,0.1774286,0.013679577,0.014582428,0.0136372605,0.57981867,0.33687082,0.79635733,0.011153255,0.047994934,0.009366189,0.46044287,0.10683862,null,null,null,null,"TWOGAUSSIANS",8,5.7724504,0.1774286,0.013679577,0.0816616,0.07636866,0.57981867,0.33687082,0.79635733,0.011153255,0.26877165,0.05245066,0.46044287,0.10683862
375316653866487564,4060465831167786496,0.48102322,2461.323857617792,0.5303480646427055,2.9565947E-5,18.535946,0.0059136134,0.16353942,0.016508512,0.023636952,0.0057493136,0.6612532,0.55038375,0.6452513,0.03618184,0.025218988,0.025179239,0.36848295,0.2776503,null,null,null,null,"TWOGAUSSIANS",8,8.088715,0.16353942,0.016508512,0.13236693,0.032196157,0.6612532,0.55038375,0.6452513,0.03618184,0.14122634,0.14100374,0.36848295,0.2776503
375316653866487564,4060466239167934208,0.43607455,2500.5367143799135,3.8644959017483766,1.8509829E-5,18.86428,0.010676491,0.23188752,0.008221931,0.03877757,0.010086435,0.22631806,0.13362032,0.54905283,0.011416928,0.066663325,0.012577788,0.08541255,0.014233293,null,null,null,null,"TWOGAUSSIANS",8,4.2418065,0.23188752,0.008221931,0.2171544,0.056484032,0.2263191,0.13361952,0.54905283,0.011416928,0.37331462,0.06008612,0.08541255,0.014233293
375316653866487564,4060466380923634432,0.47357047,2427.7262538778386,1.8154504323808407,3.1283103E-5,19.727322,0.0060500293,0.30414942,8.100636E-5,0.009142167,1.7597023E-4,0.65940374,0.007917115,0.74432075,0.011103953,0.03623721,0.017692437,0.23938638,0.47664797,null,null,null,null,"TWOGAUSSIANS",8,1.9605664,0.30414942,8.100636E-5,0.051196136,9.854333E-4,0.65940374,0.007917115,0.74432075,0.011103953,0.20292836,0.09907765,0.23938638,0.47664797
375316653866487564,4060466449713964288,0.4526544,2435.046993795431,0.9321705235739045,4.0323204E-5,19.808203,0.012051908,0.22964494,0.008766531,0.07523376,0.008502721,0.27381566,0.03465216,0.66674846,1.0604857E-6,0.018969947,5.791404E-4,0.9465827,0.030949855,null,null,null,null,"TWOGAUSSIANS",8,2.3851895,0.66674846,1.0604857E-6,0.10623171,0.003243186,0.9465827,0.030949825,0.22964494,0.008766531,0.4,0.0032067362,0.27381563,0.034652162
375316653866487564,4060466793242431488,0.53486925,2432.7645931591323,3.140176528836284,3.8789476E-5,19.262608,0.018715708,0.26180047,0.012164766,0.09310141,0.015844202,0.36400458,0.022517584,0.7470354,0.005094677,0.084283195,0.009381623,0.4298518,0.017199323,null,null,null,null,"TWOGAUSSIANS",8,3.6664298,0.7470354,0.005094677,0.4,0.0,0.4181919,0.014631676,0.26180047,0.012164766,0.4,0.0,0.3523442,0.02095178
375316653866487564,4060466861962451456,0.47346976,2488.4587721879147,0.09609578655667088,4.8337202E-5,19.738056,0.011673821,0.8113936,0.007868357,0.020787446,0.0104323365,0.06432189,0.3272976,null,null,null,null,null,null,0.14967588,0.013280115,0.8113936,0.007868357,"ONEGAUSSIAN_WITH_ELLIPSOIDAL",6,2.7592268,0.8113936,0.007868357,0.1164097,0.058421083,0.3636733,0.3074533,null,null,null,null,null,null
375316653866487564,4060467068121512320,0.44959602,2496.290111933175,4.106540656199548,5.0075138E-5,18.65793,0.08221165,0.30962116,0.025365125,0.16294502,0.08428549,0.14064135,0.0780871,0.7378064,0.012901866,0.076946095,0.014637966,0.26582855,0.0650891,null,null,null,null,"TWOGAUSSIANS",8,2.1281478,0.7378064,0.012901866,0.4,0.028028794,0.25240767,0.052421253,0.30962116,0.025365125,0.4,0.0,0.12246973,0.031167189
375316653866487564,4060467858392568704,0.46367776,2499.9064133891334,1.2364627190765223,2.5629313E-5,19.555565,0.0073845075,0.5157356,0.008197075,0.014117242,0.0090360325,0.27223003,27.499096,0.80164206,6.5092836E-4,0.02347679,0.0015406436,0.730715,0.15180208,null,null,null,null,"TWOGAUSSIANS",8,2.0252712,0.80164206,6.5092836E-4,0.13147002,0.008627604,0.730715,0.15180208,0.5157356,0.008197075,0.07905655,0.050601784,0.27223003,27.499096
