Gaia/vari_eclipsing_binary/VariEclipsingBinary_230071-230114.csv
# %ECSV 1.0
# ---
# delimiter: ','
# meta: !!omap
# - RELEASE: Gaia DR3
# - TABLE: vari_eclipsing_binary
# - DESCRIPTION: >
#     This table describes the properties of the eclipsing binaries resulting from the variability analysis. 
# - CITATION: >
#     How to cite and acknowledge Gaia: 
#     https://gea.esac.esa.int/archive/documentation/credits.html 
# - KNOWN_ISSUES: >
#     Known issues: 
#     https://www.cosmos.esa.int/web/gaia-users/known-issues 
# - DOCUMENTATION: >
#     Tutorials and documentation: 
#     https://www.cosmos.esa.int/web/gaia-users/archive 
# datatype:
# - 
#   name: solution_id
#   datatype: int64
#   description: Solution Identifier
#   meta:
#     ucd: meta.version
# - 
#   name: source_id
#   datatype: int64
#   description: Unique source identifier
#   meta:
#     ucd: meta.id;meta.main
# - 
#   name: global_ranking
#   datatype: float32
#   description: Number between 0 (worst) and 1 (best)
#   meta:
#     ucd: stat.param
# - 
#   name: reference_time
#   datatype: float64
#   unit: d
#   description: Reference time used for the geometric model fit
#   meta:
#     ucd: time.epoch
# - 
#   name: frequency
#   datatype: float64
#   unit: d**-1
#   description: Frequency of geometric model of the eclipsing binary light curve
#   meta:
#     ucd: src.orbital
# - 
#   name: frequency_error
#   datatype: float32
#   unit: d**-1
#   description: "Uncertainty of \\texttt{frequency}"
#   meta:
#     ucd: stat.error
# - 
#   name: geom_model_reference_level
#   datatype: float32
#   unit: mag
#   description: Magnitude reference level of geometric model
#   meta:
#     ucd: phot.mag;em.opt
# - 
#   name: geom_model_reference_level_error
#   datatype: float32
#   unit: mag
#   description: "Uncertainty of \\texttt{geomModelReferenceLevel}"
#   meta:
#     ucd: stat.error;phot.mag;em.opt
# - 
#   name: geom_model_gaussian1_phase
#   datatype: float32
#   description: Phase of the Gaussian 1 component
#   meta:
#     ucd: time.phase
# - 
#   name: geom_model_gaussian1_phase_error
#   datatype: float32
#   description: "Uncertainty of \\texttt{geomModelGaussian1Phase}"
#   meta:
#     ucd: stat.error;time.phase
# - 
#   name: geom_model_gaussian1_sigma
#   datatype: float32
#   description: "Standard deviation [phase] of Gaussian 1 component"
#   meta:
#     ucd: stat.stdev
# - 
#   name: geom_model_gaussian1_sigma_error
#   datatype: float32
#   description: "Uncertainty of \\texttt{geomModelGaussian1Sigma}"
#   meta:
#     ucd: stat.error
# - 
#   name: geom_model_gaussian1_depth
#   datatype: float32
#   unit: mag
#   description: Magnitude depth of Gaussian 1 component
#   meta:
#     ucd: src.var.amplitude
# - 
#   name: geom_model_gaussian1_depth_error
#   datatype: float32
#   unit: mag
#   description: "Uncertainty of \\texttt{geomModelGaussian1Depth}"
#   meta:
#     ucd: stat.error;src.var.amplitude
# - 
#   name: geom_model_gaussian2_phase
#   datatype: float32
#   description: Phase of Gaussian 2 component
#   meta:
#     ucd: time.phase
# - 
#   name: geom_model_gaussian2_phase_error
#   datatype: float32
#   description: "Uncertainty of \\texttt{geomModelGaussian2Phase}"
#   meta:
#     ucd: stat.error;time.phase
# - 
#   name: geom_model_gaussian2_sigma
#   datatype: float32
[...]
#   datatype: float32
#   description: "Secondary eclipse: uncertainty of \\texttt{derivedSecondaryEclDuration}"
#   meta:
#     ucd: stat.error;time.duration
# - 
#   name: derived_secondary_ecl_depth
#   datatype: float32
#   unit: mag
#   description: "Secondary eclipse: depth"
#   meta:
#     ucd: src.var.amplitude
# - 
#   name: derived_secondary_ecl_depth_error
#   datatype: float32
#   unit: mag
#   description: "Secondary eclipse: uncertainty of \\texttt{derivedSecondaryEclDepth}"
#   meta:
#     ucd: stat.error;src.var.amplitude
solution_id,source_id,global_ranking,reference_time,frequency,frequency_error,geom_model_reference_level,geom_model_reference_level_error,geom_model_gaussian1_phase,geom_model_gaussian1_phase_error,geom_model_gaussian1_sigma,geom_model_gaussian1_sigma_error,geom_model_gaussian1_depth,geom_model_gaussian1_depth_error,geom_model_gaussian2_phase,geom_model_gaussian2_phase_error,geom_model_gaussian2_sigma,geom_model_gaussian2_sigma_error,geom_model_gaussian2_depth,geom_model_gaussian2_depth_error,geom_model_cosine_half_period_amplitude,geom_model_cosine_half_period_amplitude_error,geom_model_cosine_half_period_phase,geom_model_cosine_half_period_phase_error,model_type,num_model_parameters,reduced_chi2,derived_primary_ecl_phase,derived_primary_ecl_phase_error,derived_primary_ecl_duration,derived_primary_ecl_duration_error,derived_primary_ecl_depth,derived_primary_ecl_depth_error,derived_secondary_ecl_phase,derived_secondary_ecl_phase_error,derived_secondary_ecl_duration,derived_secondary_ecl_duration_error,derived_secondary_ecl_depth,derived_secondary_ecl_depth_error
[from data line 252]
375316653866487564,2023894005555872512,0.49719694,2240.158936031775,2.9591659746388896,1.2507842E-5,17.999952,0.0038318702,0.17275175,0.0034719708,0.0151848905,0.0039947303,0.0662366,0.059798196,0.7478724,0.004313754,0.023235772,0.019479677,0.02789345,0.044444285,0.09780455,0.0044944664,0.7478724,0.004313754,"TWOGAUSSIANS_WITH_ELLIPSOIDAL_ON_ECLIPSE2",9,9.356482,0.7478724,0.004313754,0.13012032,0.10908619,0.22350241,0.044537064,0.17619175,0.0044246158,0.08503538,0.022370491,0.22310059,0.059326813
375316653866487564,2023894074275449472,0.5493917,2249.8677456829546,3.7851162418925854,1.0414015E-5,18.26302,0.012735227,0.2507245,0.0036421986,0.08517022,0.006184695,0.4449461,0.020695867,0.761446,0.0056317877,0.06506891,0.00457584,0.4618577,0.030280914,null,null,null,null,"TWOGAUSSIANS",8,10.712095,0.761446,0.0056317877,0.36438587,0.025624704,0.45908657,0.029960385,0.2507245,0.0036421986,0.4,0.0,0.44217494,0.020936538
375316653866487564,2023894246078357376,0.55932564,2252.1863998911563,3.162418333583948,9.165272E-6,18.41942,0.0072131907,0.21125236,0.0029377434,0.033508793,0.011644998,0.12645398,0.01997885,0.71034485,0.0030291446,0.045818,0.0038600962,0.25760573,0.01726189,0.11033476,0.010796198,0.21125236,0.0029377434,"TWOGAUSSIANS_WITH_ELLIPSOIDAL_ON_ECLIPSE1",9,4.798988,0.7104549,0.0025248395,0.2565808,0.021616539,0.47826847,0.014084266,0.21125236,0.0029377434,0.18764924,0.06521199,0.34712303,0.023871958
375316653866487564,2023894559635439104,0.46341944,2261.940762356121,3.239992995520346,1.712303E-5,18.391247,0.33899137,0.30004892,0.0049320846,0.17399138,0.10517723,0.29401058,0.33333066,0.8153982,0.012207128,0.116233975,0.04888976,0.19456862,0.23565564,null,null,null,null,"TWOGAUSSIANS",8,8.310326,0.2999689,0.0046511674,0.4,0.0,0.1929586,0.014741714,0.8182882,0.010045318,0.4,0.0,0.1032575,0.019586453
375316653866487564,2023894628354922496,0.6363183,2255.215672532217,2.170837637649355,4.0859395E-6,16.551044,0.0036741828,0.28331378,0.0013056064,0.085892946,0.0014621278,0.40645492,0.0053369673,0.78725547,0.0020208783,0.08075821,0.0037084862,0.19786951,0.008072607,null,null,null,null,"TWOGAUSSIANS",8,7.442684,0.28331378,0.0013056064,0.4,0.0,0.40056866,0.004915377,0.78725547,0.0020208783,0.4,0.0,0.19198331,0.008644483
375316653866487564,2023895654823769216,0.47431302,2285.5680387527295,0.0816966947272569,6.0040362E-5,18.77835,0.003428047,0.29549,0.0014836406,0.0069310763,0.0017357061,0.5408266,0.26049203,0.7953714,4.01468E-5,0.0062152203,7.382197E-5,0.5282766,0.004737712,null,null,null,null,"TWOGAUSSIANS",8,5.4402514,0.29549,0.0014836406,0.038814027,0.009719954,0.5408266,0.26049203,0.7953714,4.01468E-5,0.034805235,4.1340303E-4,0.5282766,0.004737712
375316653866487564,2023896174543256576,0.4566041,2281.0155255077793,0.9191409810449541,2.0609721E-5,15.507332,0.003781238,0.21256168,0.01258887,0.0183775,0.013013266,0.0964584,0.029333645,0.71682847,5.331877E-4,0.015933104,9.373891E-4,0.23167773,0.013958327,0.007621312,0.006551517,0.21256168,0.01258887,"TWOGAUSSIANS_WITH_ELLIPSOIDAL_ON_ECLIPSE1",9,91.92086,0.71682847,5.331877E-4,0.08922538,0.0052493787,0.2469094,0.013697095,0.21256168,0.01258887,0.102914,0.07287429,0.11170101,0.032290846
375316653866487564,2023896483780720000,0.57474625,2255.8164057760855,0.4165535826761225,1.3288123E-5,16.243334,6.7996694E-4,0.1732896,0.014591719,0.020297278,0.020254066,0.0071793087,0.035725452,0.26779303,0.0010193418,0.009400841,0.0014674526,0.80399793,0.3122251,null,null,null,null,"TWOGAUSSIANS",8,11.738433,0.26779303,0.0010193418,0.05264471,0.008217735,0.8039981,0.31222498,0.1732896,0.014591719,0.113664754,0.11342277,0.0071793087,0.035725452
375316653866487564,2023896793018396928,0.574953,2278.2420263854783,1.6243144332815542,6.5947006E-6,18.470818,0.0039008262,0.28837335,0.0021080023,0.058551528,0.0017631089,0.3478284,0.007065842,0.7817704,0.0039638425,0.060914896,0.0040592663,0.11325468,0.005446369,null,null,null,null,"TWOGAUSSIANS",8,2.3017352,0.28837335,0.0021080023,0.32788855,0.00987341,0.34778,0.007054743,0.7817704,0.0039638425,0.3411234,0.022731893,0.113206275,0.005433476
375316653866487564,2023896999176991872,0.48029673,2291.8351565527005,3.208793759217493,1.5880083E-5,18.39842,0.009770295,0.20482908,0.0052425885,0.08607616,0.010759292,0.20141585,0.01397211,0.70365083,0.005358845,0.07619124,0.007365566,0.1979634,0.01197376,null,null,null,null,"TWOGAUSSIANS",8,6.844517,0.20482908,0.0052425885,0.4,0.0,0.19803272,0.014675258,0.70365083,0.005358845,0.4,0.0,0.1945803,0.011040221
375316653866487564,2023897205335426048,0.6746786,2275.0536276747393,2.704980895054088,1.8079877E-6,14.550422,0.0048762234,0.22345349,0.0010153061,0.04466808,0.0019184992,0.3326625,0.012961029,0.7251858,4.7605656E-4,0.0451593,0.0013933108,0.29220325,0.011634158,0.12361214,0.0075035538,0.7251858,4.7605656E-4,"TWOGAUSSIANS_WITH_ELLIPSOIDAL_ON_ECLIPSE2",9,68.67966,0.2236335,9.088207E-4,0.25014126,0.010743596,0.57986,0.008926476,0.7251858,4.7605656E-4,0.25289208,0.007802541,0.539427,0.005442661
375316653866487564,2023897372811484160,0.54163617,2262.6353968878316,2.8037008070711176,1.119946E-5,19.750366,0.008269255,0.28361818,0.004154049,0.08311345,0.004167439,0.43007207,0.017141303,0.7839519,0.0028387639,0.079883754,0.0036987,0.43038607,0.011054924,null,null,null,null,"TWOGAUSSIANS",8,1.6078727,0.7839519,0.0028387639,0.4,0.0,0.42264792,0.010389875,0.28361818,0.004154049,0.4,0.0,0.42233393,0.016876338
375316653866487564,2023897613328646656,0.4256991,2248.024070428574,1.7958374415868588,7.704596E-5,18.325602,0.011719653,0.20536478,0.0034859185,0.0331006,0.022591284,0.16919102,0.05131157,0.6442937,0.01706477,0.10374762,0.029201081,0.088187836,0.01317626,null,null,null,null,"TWOGAUSSIANS",8,11.5578,0.20536478,0.0034791094,0.18536338,0.12651119,0.169163,0.051994655,0.6442937,0.01706477,0.4,0.0,0.08814835,0.012898787
375316653866487564,2023897789450912512,0.6296226,2242.7443685945755,0.5999187408858759,2.3534283E-6,17.55437,0.005689701,0.24894464,0.0032848222,0.041548524,0.0045440546,0.0649265,0.015044733,0.74741477,7.490154E-4,0.03931272,0.0010282999,0.54922163,0.013884531,0.021057496,0.008358656,0.24894464,0.0032848222,"TWOGAUSSIANS_WITH_ELLIPSOIDAL_ON_ECLIPSE1",9,4.300157,0.7474248,7.353552E-4,0.22015123,0.0057584797,0.59133273,0.007950216,0.24894464,0.0032848222,0.23267174,0.025446707,0.10704148,0.0034120434
375316653866487564,2023898098688513280,0.46893817,2247.3070492992524,3.098112110424903,2.7984328E-5,17.594673,0.015205058,0.21900523,0.005928819,0.08714493,0.013057908,0.16182008,0.016564239,0.70951045,0.008935885,0.10140683,0.018478345,0.17032263,0.018452823,null,null,null,null,"TWOGAUSSIANS",8,15.749734,0.70951045,0.008935885,0.4,0.0,0.16170865,0.019940745,0.21900523,0.0059281504,0.4,0.0,0.15320806,0.017119631
375316653866487564,2023898373551563648,0.58565885,2259.640931016869,3.876155999663381,6.9451726E-6,19.154978,0.01437856,0.22617033,0.0018513169,0.046882924,0.0035089261,0.44836125,0.03636024,0.72681427,0.0024426482,0.052101698,0.0034546605,0.5348915,0.033271782,0.11491257,0.01986828,0.22617033,0.0018513169,"TWOGAUSSIANS_WITH_ELLIPSOIDAL_ON_ECLIPSE1",9,3.3773315,0.72681427,0.002402382,0.2917695,0.0193461,0.7647065,0.016187202,0.22617033,0.0018513169,0.26254436,0.019649986,0.67818004,0.022827666
375316653866487564,2023899060761259392,0.4646782,2224.4994355824597,0.4752023297999521,1.1339762E-5,16.66955,0.0029621448,0.25786048,0.023623496,0.043601293,0.018769259,0.14193904,0.041896746,0.7283432,0.002367546,0.043696977,0.0036743924,0.7297504,0.22148909,null,null,null,null,"TWOGAUSSIANS",8,31.28115,0.7283432,0.002367546,0.24470307,0.020576598,0.7297504,0.22148909,0.25786048,0.023623496,0.24416724,0.105107844,0.14193904,0.041896638
375316653866487564,2023900538230081280,0.5914089,2254.4513986012817,1.1158543445672238,1.2712521E-5,17.721422,0.00929074,0.27174217,0.005248193,0.03271294,0.005270107,1.5883268,0.37876317,0.7809186,0.017922143,0.031492095,0.022960324,0.10809436,0.047419872,0.02178647,0.017541908,0.27174217,0.005248193,"TWOGAUSSIANS_WITH_ELLIPSOIDAL_ON_ECLIPSE1",9,22.823519,0.27174217,0.005248193,0.18319248,0.0295126,1.6318997,0.38612023,0.7809186,0.017922143,0.17635573,0.12857781,0.15152252,0.059705567
375316653866487564,2023900710017420544,0.49072105,2274.0795439639337,3.391757106916695,7.42198E-5,18.703985,0.0026643325,0.24084106,0.005243997,0.011964863,0.006808184,0.07493615,0.35419196,0.6790741,0.024020873,0.015338007,0.017127736,0.04499497,8.04596,0.0716265,0.004211492,0.24084106,0.005243997,"TWOGAUSSIANS_WITH_ELLIPSOIDAL_ON_ECLIPSE1",9,3.1683807,0.24084106,0.005243997,0.067003235,0.03812583,0.21818903,0.354625,0.6823041,0.021565014,0.08589284,0.09591532,0.16874066,8.05527
375316653866487564,2023901259772175104,0.47755894,2273.9379423631394,1.3396501792467241,2.1351927E-5,18.03738,0.059659667,0.25513974,0.004363321,0.11951612,0.03884845,0.112191945,0.055959847,0.7507255,0.0057010204,0.1217349,0.044243097,0.099519245,0.05743033,null,null,null,null,"TWOGAUSSIANS",8,2.2643259,0.25516975,0.004417028,0.4,0.0,0.088514924,0.005103251,0.7507255,0.0057010204,0.4,0.0,0.075834475,0.0034118318
375316653866487564,2023903080839051904,0.51256585,2290.993512887103,0.2856614838928903,6.48633E-6,19.752272,0.007397595,0.13037841,1.9554966E-4,0.0062185116,2.478066E-4,0.7448695,0.024788056,0.5278477,0.0344348,0.024484657,0.030887734,0.11242796,0.041979924,null,null,null,null,"TWOGAUSSIANS",8,2.6634133,0.13037841,1.9554966E-4,0.034823664,0.001387717,0.7448695,0.024788056,0.5278477,0.0344348,0.13711408,0.17297131,0.11242796,0.041979924
375316653866487564,2023904004241702400,0.50997335,2250.940844797895,1.4377898906181332,1.9726733E-5,19.080551,0.0034927572,0.19453825,0.0036022551,0.02015829,0.0023758372,0.21682824,0.011948767,0.6926708,0.0023432595,0.021333767,0.0018433002,0.26012668,0.013259554,null,null,null,null,"TWOGAUSSIANS",8,2.2277203,0.6926708,0.0023432595,0.11946909,0.01032248,0.26012668,0.013259554,0.19453825,0.0036022551,0.11288644,0.013304688,0.21682824,0.011948767
375316653866487564,2023904107320559872,0.53958756,2262.3355797207223,3.328558072914211,7.748199E-6,17.562738,0.011446011,0.22768927,0.0031409413,0.07785772,0.0038561677,0.41906127,0.018313311,0.7155882,0.002447528,0.08356436,0.003338136,0.53057814,0.022196552,null,null,null,null,"TWOGAUSSIANS",8,33.084507,0.7155882,0.002447528,0.4,0.0,0.5244054,0.022113249,0.22768927,0.0031409413,0.4,0.0,0.4128886,0.018153032
375316653866487564,2023904111643072128,0.45454982,2237.8948842804793,1.119298847724534,1.2756209E-5,16.34674,0.0022120583,0.13247724,0.007746152,0.042187855,0.004751204,0.06160434,0.009566593,0.6363649,0.0034485976,0.041871782,0.0031733434,0.064341746,0.0050479337,null,null,null,null,"TWOGAUSSIANS",8,15.54672,0.6363649,0.0034485976,0.23448199,0.017770723,0.064341746,0.005047933,0.13247724,0.007746152,0.23625198,0.026606742,0.061604336,0.009566593
375316653866487564,2023905760910545408,0.5469367,2255.4770590021794,0.11165796960001892,2.900099E-6,17.23718,0.001742566,0.3277574,0.062491413,0.14227208,0.053160876,0.0071584913,0.0022155582,0.68233114,9.2354027E-4,0.005481609,8.341519E-4,0.21574634,0.0199094,null,null,null,null,"TWOGAUSSIANS",8,2.491146,0.68233114,9.2354027E-4,0.03069701,0.004671251,0.2160375,0.019909274,0.3277574,0.062491413,0.4,0.0,0.0071287146,0.00214354
375316653866487564,2023905863989738112,0.53686273,2258.2831855195327,3.19553690024163,1.1351013E-5,19.261848,0.010001597,0.24511825,0.003122752,0.09020648,0.005318204,0.3039508,0.015824158,0.75141555,0.0041791326,0.090474136,0.0067637498,0.26626876,0.011814176,null,null,null,null,"TWOGAUSSIANS",8,1.2550654,0.24511825,0.003122752,0.4,0.0,0.292735,0.016112223,0.75141555,0.0041791326,0.4,0.0,0.25505298,0.011348163
375316653866487564,2023906207587153536,0.5878091,2241.568130065683,2.1252756289020236,3.735596E-6,15.3675585,0.01218264,0.21119198,0.0011715087,0.0985483,0.0038771713,0.2697704,0.0114761125,0.7129316,0.0021244406,0.113323286,0.008127237,0.22604515,0.008918177,null,null,null,null,"TWOGAUSSIANS",8,21.519947,0.21119198,0.0011705869,0.4,0.0,0.24021976,0.0049454984,0.7129316,0.0021244406,0.4,0.0,0.19646904,0.0067924536
375316653866487564,2023906654263973120,0.6006177,2263.763420051193,1.2324009849397628,4.644052E-6,13.167698,0.029124184,0.17203128,0.0020368097,0.12228513,0.015246252,0.20318036,0.027231392,0.6488609,0.0012638494,0.107008986,0.010725256,0.23333475,0.02682417,null,null,null,null,"TWOGAUSSIANS",8,63.436512,0.6488609,0.0012638494,0.4,0.0,0.20149769,0.008212736,0.17206128,0.0020466852,0.4,0.0,0.1712332,0.008347105
375316653866487564,2023906688611714560,0.4699565,2253.498130402681,3.3632110279481173,1.7661547E-5,19.751669,0.030744387,0.22358565,0.007813788,0.10176577,0.017730001,0.26348794,0.02912251,0.7289309,0.00650153,0.08015714,0.016581472,0.2515408,0.028341299,null,null,null,null,"TWOGAUSSIANS",8,2.8282309,0.22358565,0.007813788,0.4,0.0,0.25267333,0.01974498,0.7289309,0.00650153,0.4,0.0,0.24072932,0.024049321
375316653866487564,2023908166092364800,0.44099957,2260.308497659853,2.336008891468168,3.039862E-5,16.525131,0.01281343,0.1930067,0.011877586,0.084650554,0.018455487,0.086310446,0.015172222,0.6949577,0.010906704,0.0841084,0.016482985,0.08666842,0.0135287745,null,null,null,null,"TWOGAUSSIANS",8,39.429592,0.6949577,0.010906704,0.4,0.0,0.08459388,0.010836655,0.1930067,0.011877586,0.4,0.0,0.08423591,0.013501893
375316653866487564,2023908887652407552,0.48935586,2314.963579537804,3.197620272201353,2.1447135E-5,19.696089,0.012832922,0.337301,0.0059406855,0.0544402,0.009181095,0.29495585,0.02217596,0.85573417,0.03279652,0.12057125,0.03508311,0.1058208,0.022793336,null,null,null,null,"TWOGAUSSIANS",8,1.8986251,0.337291,0.005941806,0.30486512,0.051414132,0.2917763,0.022099974,0.85573417,0.03279652,0.4,0.0,0.10259466,0.021016236
375316653866487564,2023908956352176000,0.55449694,2237.486758933351,3.071431969911746,8.416323E-6,18.21229,0.010878513,0.23286633,0.0020301186,0.078077056,0.004807333,0.402436,0.00922308,0.7379965,0.0022441975,0.079303205,0.0040260144,0.33216584,0.012620729,null,null,null,null,"TWOGAUSSIANS",8,5.4568424,0.23286633,0.0020301186,0.4,0.0,0.39820436,0.008230884,0.7379965,0.0022441975,0.4,0.0,0.32793418,0.011850134
375316653866487564,2023909093805201792,0.5193463,2246.503774043658,3.358713278499045,2.4851015E-5,18.570892,0.011567844,0.2600635,0.0064123813,0.10058144,0.009449569,0.15917505,0.011490717,0.7583457,0.0059893033,0.09817807,0.010911184,0.16159248,0.010724746,null,null,null,null,"TWOGAUSSIANS",8,2.1363769,0.7583457,0.0059893033,0.4,0.0,0.14833611,0.006434026,0.2600635,0.0064123813,0.4,0.0,0.14591806,0.0064888205
375316653866487564,2023909467443148416,0.46019846,2245.1637463493853,2.550918642468577,1.710993E-5,18.997215,0.005472308,0.2142101,0.0060672406,0.049811628,0.013323459,0.011742411,0.014751223,0.59231675,0.02407244,0.032681905,0.023148986,0.07776853,0.035000395,0.06112046,0.007925299,0.2142101,0.0060672406,"TWOGAUSSIANS_WITH_ELLIPSOIDAL_ON_ECLIPSE1",9,3.3244336,0.6033068,0.054872453,0.18301867,0.12963432,0.14538424,0.016405534,0.2142101,0.0060672406,0.27894512,0.074611366,0.133983,0.008319289
375316653866487564,2023909609187338240,0.4641822,2246.0959910062093,1.7151989421189258,1.3640739E-5,19.587437,0.007117955,0.2815316,0.019861741,0.015707424,0.0128555335,0.15329799,2.3791382,0.6276404,0.014619456,0.00811972,0.0058002053,0.40196922,0.3951501,0.03664633,0.010889791,0.6276404,0.014619456,"TWOGAUSSIANS_WITH_ELLIPSOIDAL_ON_ECLIPSE2",9,5.695877,0.6276404,0.014619456,0.04547043,0.03248115,0.47526172,0.39509827,0.2808316,0.020484805,0.08796158,0.07199099,0.1770795,2.3785818
