Gaia/vari_eclipsing_binary/VariEclipsingBinary_606538-606561.csv
# %ECSV 1.0
# ---
# delimiter: ','
# meta: !!omap
# - RELEASE: Gaia DR3
# - TABLE: vari_eclipsing_binary
# - DESCRIPTION: >
#     This table describes the properties of the eclipsing binaries resulting from the variability analysis. 
# - CITATION: >
#     How to cite and acknowledge Gaia: 
#     https://gea.esac.esa.int/archive/documentation/credits.html 
# - KNOWN_ISSUES: >
#     Known issues: 
#     https://www.cosmos.esa.int/web/gaia-users/known-issues 
# - DOCUMENTATION: >
#     Tutorials and documentation: 
#     https://www.cosmos.esa.int/web/gaia-users/archive 
# datatype:
# - 
#   name: solution_id
#   datatype: int64
#   description: Solution Identifier
#   meta:
#     ucd: meta.version
# - 
#   name: source_id
#   datatype: int64
#   description: Unique source identifier
#   meta:
#     ucd: meta.id;meta.main
# - 
#   name: global_ranking
#   datatype: float32
#   description: Number between 0 (worst) and 1 (best)
#   meta:
#     ucd: stat.param
# - 
#   name: reference_time
#   datatype: float64
#   unit: d
#   description: Reference time used for the geometric model fit
#   meta:
#     ucd: time.epoch
# - 
#   name: frequency
#   datatype: float64
#   unit: d**-1
#   description: Frequency of geometric model of the eclipsing binary light curve
#   meta:
#     ucd: src.orbital
# - 
#   name: frequency_error
#   datatype: float32
#   unit: d**-1
#   description: "Uncertainty of \\texttt{frequency}"
#   meta:
#     ucd: stat.error
# - 
#   name: geom_model_reference_level
#   datatype: float32
#   unit: mag
#   description: Magnitude reference level of geometric model
#   meta:
#     ucd: phot.mag;em.opt
# - 
#   name: geom_model_reference_level_error
#   datatype: float32
#   unit: mag
#   description: "Uncertainty of \\texttt{geomModelReferenceLevel}"
#   meta:
#     ucd: stat.error;phot.mag;em.opt
# - 
#   name: geom_model_gaussian1_phase
#   datatype: float32
#   description: Phase of the Gaussian 1 component
#   meta:
#     ucd: time.phase
# - 
#   name: geom_model_gaussian1_phase_error
#   datatype: float32
#   description: "Uncertainty of \\texttt{geomModelGaussian1Phase}"
#   meta:
#     ucd: stat.error;time.phase
# - 
#   name: geom_model_gaussian1_sigma
#   datatype: float32
#   description: "Standard deviation [phase] of Gaussian 1 component"
#   meta:
#     ucd: stat.stdev
# - 
#   name: geom_model_gaussian1_sigma_error
#   datatype: float32
#   description: "Uncertainty of \\texttt{geomModelGaussian1Sigma}"
#   meta:
#     ucd: stat.error
# - 
#   name: geom_model_gaussian1_depth
#   datatype: float32
#   unit: mag
#   description: Magnitude depth of Gaussian 1 component
#   meta:
#     ucd: src.var.amplitude
# - 
#   name: geom_model_gaussian1_depth_error
#   datatype: float32
#   unit: mag
#   description: "Uncertainty of \\texttt{geomModelGaussian1Depth}"
#   meta:
#     ucd: stat.error;src.var.amplitude
# - 
#   name: geom_model_gaussian2_phase
#   datatype: float32
#   description: Phase of Gaussian 2 component
#   meta:
#     ucd: time.phase
# - 
#   name: geom_model_gaussian2_phase_error
#   datatype: float32
#   description: "Uncertainty of \\texttt{geomModelGaussian2Phase}"
#   meta:
#     ucd: stat.error;time.phase
# - 
#   name: geom_model_gaussian2_sigma
#   datatype: float32
[...]
#   datatype: float32
#   description: "Secondary eclipse: uncertainty of \\texttt{derivedSecondaryEclDuration}"
#   meta:
#     ucd: stat.error;time.duration
# - 
#   name: derived_secondary_ecl_depth
#   datatype: float32
#   unit: mag
#   description: "Secondary eclipse: depth"
#   meta:
#     ucd: src.var.amplitude
# - 
#   name: derived_secondary_ecl_depth_error
#   datatype: float32
#   unit: mag
#   description: "Secondary eclipse: uncertainty of \\texttt{derivedSecondaryEclDepth}"
#   meta:
#     ucd: stat.error;src.var.amplitude
solution_id,source_id,global_ranking,reference_time,frequency,frequency_error,geom_model_reference_level,geom_model_reference_level_error,geom_model_gaussian1_phase,geom_model_gaussian1_phase_error,geom_model_gaussian1_sigma,geom_model_gaussian1_sigma_error,geom_model_gaussian1_depth,geom_model_gaussian1_depth_error,geom_model_gaussian2_phase,geom_model_gaussian2_phase_error,geom_model_gaussian2_sigma,geom_model_gaussian2_sigma_error,geom_model_gaussian2_depth,geom_model_gaussian2_depth_error,geom_model_cosine_half_period_amplitude,geom_model_cosine_half_period_amplitude_error,geom_model_cosine_half_period_phase,geom_model_cosine_half_period_phase_error,model_type,num_model_parameters,reduced_chi2,derived_primary_ecl_phase,derived_primary_ecl_phase_error,derived_primary_ecl_duration,derived_primary_ecl_duration_error,derived_primary_ecl_depth,derived_primary_ecl_depth_error,derived_secondary_ecl_phase,derived_secondary_ecl_phase_error,derived_secondary_ecl_duration,derived_secondary_ecl_duration_error,derived_secondary_ecl_depth,derived_secondary_ecl_depth_error
[from data line 723]
375316653866487564,5335358050457974400,0.5434008,2171.40481853897,1.018752668632707,7.450336E-6,19.278975,0.006019234,0.26008767,0.0025752652,0.05591357,0.0034460218,0.24843273,0.010960647,0.75630724,0.003045899,0.0560229,0.0039641866,0.65972054,0.0619757,null,null,null,null,"TWOGAUSSIANS",8,1.6724539,0.75630724,0.003045899,0.31372824,0.022199446,0.65968835,0.06199772,0.26008767,0.0025752652,0.31311598,0.019297723,0.24840054,0.010958988
375316653866487564,5335358325332421632,0.61070555,2177.5654801275628,0.5238416521505107,5.4654142E-6,14.785067,0.0011935144,0.32823688,0.0011006973,0.026713572,0.0016185552,0.12151899,0.012949827,0.8279757,0.0010323322,0.027258161,8.5953606E-4,0.124878705,0.0043023946,0.015184402,0.0017948478,0.32823688,0.0011006973,"TWOGAUSSIANS_WITH_ELLIPSOIDAL_ON_ECLIPSE1",9,10.476435,0.8279757,0.0010213155,0.15264569,0.004813402,0.15524739,0.0039037147,0.32823688,0.0011006973,0.149596,0.009063909,0.15188776,0.01358443
375316653866487564,5335358462771358464,0.51306295,2212.37590115861,0.420405434804508,2.5266236E-6,19.400656,0.0038096474,0.27161396,2.8969607E-4,0.017716719,5.875226E-4,0.2497265,0.0036732757,0.7759086,2.0914711E-4,0.014684305,2.9373652E-4,0.38978595,0.0035406074,null,null,null,null,"TWOGAUSSIANS",8,1.0890588,0.7759086,2.0914711E-4,0.0822321,0.0016449245,0.38978595,0.0035406074,0.27161396,2.8969607E-4,0.09921362,0.0032901266,0.2497265,0.0036732757
375316653866487564,5335358565803020672,0.60007554,2225.9208750126445,0.7531659114309539,2.261079E-6,18.298681,0.0024855656,0.2409617,0.0014804468,0.026143366,9.065099E-4,0.5156519,0.024166962,0.7349844,4.7859453E-4,0.022557402,6.254513E-4,0.48532197,0.011561001,null,null,null,null,"TWOGAUSSIANS",8,1.4587126,0.2409617,0.0014804468,0.14640285,0.005076455,0.5156519,0.024166962,0.7349844,4.7859453E-4,0.12632145,0.0035025275,0.48532197,0.011561001
375316653866487564,5335359527875862016,0.49813503,2178.801762279892,2.159562850615053,1.6036412E-5,19.75419,0.01320699,0.22973505,0.0040377644,0.08111492,0.006592671,0.41919643,0.03519461,0.7330043,0.0041962843,0.08017973,0.007804762,0.40570796,0.03548628,null,null,null,null,"TWOGAUSSIANS",8,1.6419923,0.22973505,0.0040377644,0.4,0.0,0.41285244,0.036610615,0.7330043,0.0041962843,0.4,0.0,0.39936396,0.038140304
375316653866487564,5335359974599924480,0.5929547,2207.8347051006867,3.261024491676593,5.7222196E-6,18.238144,0.004942224,0.2940922,0.0016938751,0.0378535,0.0038535849,0.17726238,0.018636364,0.78742075,0.0014284352,0.05006066,0.005272843,0.27371308,0.01614735,0.1186661,0.007911863,0.2940922,0.0016938751,"TWOGAUSSIANS_WITH_ELLIPSOIDAL_ON_ECLIPSE1",9,3.1225848,0.78840077,0.0011723001,0.2803397,0.02952792,0.5106889,0.017106386,0.2940922,0.0016938751,0.21197961,0.021580076,0.41459402,0.016727842
375316653866487564,5335360279496274560,0.5514461,2233.0596616403323,2.3028352207818203,1.701983E-5,11.680636,0.019038616,0.26494664,6.1398576E-4,0.012057645,0.003993193,2.2596743,2.209717,0.77251774,0.0023644438,0.040064413,0.0033849867,0.5790758,0.04398228,0.048621587,0.029105034,0.26494664,6.1398576E-4,"TWOGAUSSIANS_WITH_ELLIPSOIDAL_ON_ECLIPSE1",9,3617.1287,0.26494664,6.1398576E-4,0.06752281,0.022361882,2.3569176,2.219363,0.77251774,0.0023644438,0.2243607,0.018955925,0.6760991,0.030265644
375316653866487564,5335360558715513728,0.60873723,2190.016542159789,1.4702199946868062,5.35605E-6,17.673672,0.0037223585,0.2623558,0.0018514075,0.08670545,0.0020052092,0.32526577,0.0062562698,0.7703365,0.0017090401,0.09315694,0.0022280558,0.3191704,0.0049681766,null,null,null,null,"TWOGAUSSIANS",8,1.9060861,0.2623558,0.0018514075,0.4,0.0,0.31333682,0.0059361,0.7703365,0.0017090401,0.4,0.0,0.3072411,0.004504258
375316653866487564,5335360730514190720,0.5219293,2200.3006479216906,0.7703634723331126,1.1422555E-5,17.859182,0.0020564417,0.22118194,0.0064121927,0.031551152,0.0076655024,0.050691355,0.009971286,0.7123733,0.005513241,0.023927085,0.002775646,0.2597911,0.047186006,0.012588784,0.0034031202,0.22118194,0.0064121927,"TWOGAUSSIANS_WITH_ELLIPSOIDAL_ON_ECLIPSE1",9,2.1867971,0.7124133,0.0054820483,0.13399167,0.015543618,0.2848919,0.047543168,0.22118194,0.0064121927,0.17668645,0.042926814,0.075868875,0.009517871
375316653866487564,5335361795666398208,0.4313354,2216.115400870681,0.6088530571920446,7.7610544E-5,18.172573,0.08923833,0.46097845,0.023272313,0.115699165,0.15947779,0.0506906,0.08409167,0.7230526,0.11990563,0.037928365,0.067484714,0.31610674,0.24990657,null,null,null,null,"TWOGAUSSIANS",8,10.337437,0.7230526,0.11990563,0.21239884,0.1931001,0.31999528,0.26582348,0.46097845,0.022437254,0.4,0.0,0.050681673,0.019322617
375316653866487564,5335361829979577600,0.45506465,2216.4238002949664,3.6981801443339886,3.4280634E-5,18.928284,0.0155009385,0.26640093,0.009321182,0.06956501,0.013604727,0.20451857,0.015211457,0.79202825,0.019141462,0.10467773,0.026623558,0.1269471,0.018177938,null,null,null,null,"TWOGAUSSIANS",8,3.9219291,0.26640093,0.009313244,0.3895641,0.054910444,0.20137924,0.0125035355,0.79202825,0.019141462,0.4,0.0,0.123802945,0.01838055
375316653866487564,5335362001778354944,0.53951794,2214.726712745351,2.8773728505316134,7.0100436E-6,17.051027,0.08704174,0.1415563,0.004051091,0.05595268,0.03956121,0.11502145,0.12983699,0.62695324,0.0071439203,0.058002993,0.03518076,0.12346314,0.13587278,0.071682,0.07343159,0.1415563,0.004051091,"TWOGAUSSIANS_WITH_ELLIPSOIDAL_ON_ECLIPSE1",9,15.36893,0.63039327,0.003529929,0.32481676,0.09864159,0.26589632,0.027037451,0.1415563,0.004051091,0.313335,0.10650976,0.25837573,0.029211652
375316653866487564,5335362551534267008,0.47934395,2173.8165743762347,2.1797706691265355,2.179372E-5,19.046373,0.682446,0.17821968,0.030095557,0.044119675,0.19117856,0.13689925,0.58738154,0.6750169,0.0149195045,0.113537475,0.076740116,0.27789417,0.58620393,null,null,null,null,"TWOGAUSSIANS",8,5.5955777,0.6750169,0.0149195045,0.4,0.0,0.2753654,0.028541343,0.17821968,0.039456848,0.24707018,0.22893998,0.1344049,0.049842153
375316653866487564,5335363204369449728,0.4890246,2242.259589257237,1.7985249308709401,1.6746839E-5,19.257019,0.006308888,0.36475506,0.03167341,0.016615305,0.018862912,0.8525721,4.289516E22,0.8784245,0.03910547,0.030867511,0.03703415,0.31449437,0.43388212,null,null,null,null,"TWOGAUSSIANS",8,2.516201,0.36475506,0.03167341,0.093045704,0.10563231,0.8525721,4.289516E22,0.8784245,0.03910547,0.17285806,0.20739123,0.31449437,0.43388212
375316653866487564,5335363238775251200,0.62628615,2197.046121791122,0.3239252874990447,2.4391147E-5,17.274942,0.0074115465,0.31543642,0.008058781,0.04033998,0.018021042,0.1294346,0.06895288,0.81320816,0.001541153,0.028167529,0.001343418,1.1591234,0.05111395,0.02282806,0.016089551,0.31543642,0.008058781,"TWOGAUSSIANS_WITH_ELLIPSOIDAL_ON_ECLIPSE1",9,19.958336,0.8132182,0.0015287584,0.15773816,0.0075231413,1.2047706,0.052567102,0.31543642,0.008058781,0.22590388,0.10091784,0.17509069,0.07091013
375316653866487564,5335363273135154176,0.50403583,2189.7010184369574,0.35988671227382185,3.3573007E-5,19.798304,0.0075983624,0.2694631,0.007536566,0.043105144,0.0066660675,0.31783804,0.04447508,0.77901876,0.005101628,0.041504547,0.0055273646,0.561827,0.12806529,null,null,null,null,"TWOGAUSSIANS",8,2.326045,0.77901876,0.005101628,0.23242547,0.03095324,0.561827,0.12806529,0.2694631,0.007536566,0.24138881,0.03732998,0.317838,0.044475086
375316653866487564,5335363337515096064,0.47076002,2201.5272427574237,0.3628424815921988,1.8200632E-5,18.12523,0.002082478,0.7234611,0.003726993,0.023015646,0.005718001,0.17486332,0.071757935,null,null,null,null,null,null,null,null,null,null,"ONEGAUSSIAN",5,2.74417,0.7234611,0.003726993,0.12888761,0.032020807,0.17486332,0.0,null,null,null,null,null,null
375316653866487564,5335363582372633984,0.6039,2180.8186623800752,0.4055555261375153,5.4448055E-6,15.567542,2.4027348E-4,0.734782,7.771193E-4,0.0118392315,8.344678E-4,0.04317839,5.976267E-4,null,null,null,null,null,null,0.010130875,2.656153E-4,0.734782,7.771193E-4,"ONEGAUSSIAN_WITH_ELLIPSOIDAL",6,0.6206363,0.734782,7.771193E-4,0.06629969,0.0046730195,0.06344011,5.753259E-4,null,null,null,null,null,null
375316653866487564,5335363960282746624,0.49921313,2231.5559322132353,3.8099381726498134,2.2794811E-5,19.832504,0.019060908,0.26857537,0.00642056,0.07926734,0.011023122,0.4439759,0.042954057,0.79756314,0.006052157,0.08833412,0.010579463,0.34301996,0.030142985,null,null,null,null,"TWOGAUSSIANS",8,1.5589591,0.26857537,0.00642056,0.4,0.0,0.4386701,0.045809332,0.79756314,0.006052157,0.4,0.0,0.33771396,0.030582234
375316653866487564,5335364063360744320,0.56476444,2204.2752556760674,3.959475832360146,5.4916964E-6,18.609463,0.0075623374,0.30462947,0.0026640128,0.076430224,0.0057282243,0.43718573,0.044163477,0.79613346,0.0017179014,0.072464116,0.0018954151,0.53335553,0.0116389,null,null,null,null,"TWOGAUSSIANS",8,3.4692307,0.79613346,0.0017179014,0.4,0.0,0.5305327,0.011361374,0.30462947,0.0026640128,0.4,0.0,0.43436292,0.045246065
375316653866487564,5335364269567369088,0.56663615,2214.558496628347,0.24000452441724873,4.2557695E-6,15.51593,5.099802E-4,0.089413874,0.0014949917,0.010808072,0.0024047608,0.09879787,0.02019624,0.59355074,0.0035157953,0.006241364,0.0036913299,0.098528996,0.021721626,null,null,null,null,"TWOGAUSSIANS",8,2.9775083,0.089413874,0.0014949917,0.060525205,0.01346666,0.09879787,0.02019624,0.59355074,0.0035157953,0.03495164,0.020671448,0.098528996,0.021721626
375316653866487564,5335364681883932288,0.53889745,2184.019228858507,2.5500567635790246,9.425423E-6,16.555609,0.02866136,0.20358948,0.002182324,0.104810394,0.008432838,0.34144726,0.02625662,0.699665,0.003257806,0.1145034,0.01032673,0.3292458,0.026248572,null,null,null,null,"TWOGAUSSIANS",8,26.173216,0.20359948,0.0021855503,0.4,0.0,0.29373834,0.011764883,0.699665,0.003257806,0.4,0.0,0.28149667,0.013838395
375316653866487564,5335364716195860864,0.49931687,2135.258538353845,1.5086855902659129,2.2740254E-5,19.195496,0.0075249807,0.27289498,0.007822864,0.02641241,0.008757298,0.77457184,0.4149572,0.7718878,0.005999385,0.034683213,0.007303922,0.235405,0.035982385,null,null,null,null,"TWOGAUSSIANS",8,5.0574894,0.27289498,0.007822864,0.1479095,0.04904087,0.77457184,0.4149572,0.7718878,0.005999385,0.19422598,0.040901963,0.235405,0.035982385
375316653866487564,5335365536538899712,0.43774724,2193.1690445433014,1.7194376738800132,6.053953E-5,18.181581,0.3599929,0.28110808,0.019905435,0.11730666,0.155004,0.09628867,0.30969313,0.7785392,0.025272265,0.12388791,0.15996706,0.11540781,0.34631568,null,null,null,null,"TWOGAUSSIANS",8,6.213441,0.7785392,0.025272265,0.4,0.0,0.09134102,0.015937475,0.28112808,0.020470284,0.4,0.014096049,0.07226719,0.016339704
375316653866487564,5335366159352688896,0.5678593,2210.6890599396806,3.6283650337736035,6.090235E-6,17.482973,0.0059103365,0.27651447,0.0019796246,0.07977082,0.0024619943,0.26696518,0.008889291,0.7868153,0.0031946835,0.08033561,0.0038534668,0.22652246,0.010257712,null,null,null,null,"TWOGAUSSIANS",8,4.051261,0.27651447,0.0019796246,0.4,0.0,0.26390576,0.008507311,0.7868153,0.0031946835,0.4,0.0,0.22346304,0.0102671245
375316653866487564,5335366262384170624,0.5059378,2178.766553860588,2.922047389403332,1.3153169E-5,18.51933,0.016341677,0.3044875,0.003596779,0.057496473,0.014903357,0.19123085,0.03260977,0.8139872,0.06797692,0.030395994,0.012649221,0.20396481,0.18309739,0.096218,0.022069108,0.3044875,0.003596779,"TWOGAUSSIANS_WITH_ELLIPSOIDAL_ON_ECLIPSE1",9,9.017078,0.8139872,0.06263653,0.17021756,0.07083564,0.39570105,0.20557314,0.3044875,0.003596779,0.32198027,0.0834588,0.38365188,0.031939853
375316653866487564,5335366777828013184,0.52036136,2182.0392810835297,1.3444103666691318,6.0503057E-6,16.521738,0.005501655,0.26156396,0.0016785747,0.05053577,0.008086072,0.055944543,0.012418303,0.77939767,0.012455769,0.052098442,0.017976694,0.049573034,0.012032166,0.073425755,0.006796732,0.26156396,0.0016785747,"TWOGAUSSIANS_WITH_ELLIPSOIDAL_ON_ECLIPSE1",9,11.784466,0.26156396,0.0016785747,0.28300032,0.045282003,0.20279568,0.005403716,0.77939767,0.012455769,0.29175127,0.10066948,0.19458804,0.0080226725
375316653866487564,5335367499383418624,0.62692064,2188.1622919337196,1.7421838825214226,2.9400285E-6,16.55711,0.007975495,0.2867475,0.002191494,0.05622611,0.009646093,0.08890652,0.025138326,0.7910456,0.0016104573,0.06611209,0.0035854257,0.1445778,0.017976778,0.058053937,0.01038335,0.2867475,0.002191494,"TWOGAUSSIANS_WITH_ELLIPSOIDAL_ON_ECLIPSE1",9,3.087499,0.7910456,0.0016104573,0.37022772,0.020078385,0.26050872,0.0037976075,0.2867475,0.002191494,0.31486621,0.054018117,0.20492208,0.021356303
375316653866487564,5335367911700572032,0.40847516,2219.34013978465,1.0710085165428094,4.2449497E-5,17.981081,0.004479473,0.1884366,7.8693964E-4,0.010088447,7.8975694E-4,0.06874436,0.0075738826,0.74166536,0.0039704633,0.013305661,0.004208332,1.634035,2.088865,null,null,null,null,"TWOGAUSSIANS",8,12.931691,0.74166536,0.0039704633,0.07451171,0.02356666,1.634035,2.088865,0.1884366,7.8693964E-4,0.0564953,0.0044226386,0.06874436,0.0075738826
375316653866487564,5335368117815428480,0.53719026,2207.058472243973,0.9302258350602668,9.0619746E-5,19.788963,0.00846655,0.20489062,0.016523682,0.038886108,0.015443902,0.19038497,0.108515084,0.71980166,0.01217425,0.04212873,0.02309014,0.8350561,0.52243286,null,null,null,null,"TWOGAUSSIANS",8,1.2965312,0.71980166,0.01217425,0.23592089,0.1293048,0.8350561,0.52245957,0.20489062,0.016523682,0.2177622,0.086485855,0.19038497,0.10852004
375316653866487564,5335368560199536256,0.5485497,2193.04496873985,1.2988972860087131,1.0363929E-5,17.654327,0.0049630697,0.29673412,0.0032512618,0.09138055,0.005111097,0.147185,0.0054301624,0.8001041,0.004565605,0.09917772,0.008075442,0.099413104,0.0052960557,null,null,null,null,"TWOGAUSSIANS",8,1.367938,0.29673412,0.0032512618,0.4,0.0,0.13989736,0.0041799354,0.8001041,0.004565605,0.4,0.0,0.09212496,0.0044432995
375316653866487564,5335369148650986624,0.5383533,2198.1121289108382,0.2774620683374172,4.261926E-5,17.485008,0.0034012808,0.19130535,0.019121403,0.019179208,0.017522158,0.23250705,null,0.6896898,0.013565979,0.018260852,0.007950586,0.26697427,0.19367038,0.014243273,0.0049271584,0.19130535,0.019121403,"TWOGAUSSIANS_WITH_ELLIPSOIDAL_ON_ECLIPSE1",9,3.6950648,0.6896898,0.013562996,0.10226077,0.04452328,0.29545784,0.19393893,0.19130535,0.019121403,0.10740356,0.09812408,0.26099357,null
375316653866487564,5335369183010620800,0.5894492,2217.980446591502,2.072632905498451,8.771224E-6,16.73901,0.0089700455,0.3205919,0.0027088048,0.09255528,0.004731995,0.2703336,0.009500605,0.8329219,0.0035366947,0.098928854,0.0074375486,0.14797392,0.008351259,null,null,null,null,"TWOGAUSSIANS",8,7.3278785,0.3205919,0.0027088048,0.4,0.0,0.25939274,0.006943992,0.8329219,0.0035366947,0.4,0.0,0.13703239,0.0044962973
375316653866487564,5335369354809331456,0.5374026,2195.58707163856,0.6184300522561745,1.3713167E-5,17.614195,0.0018559946,0.104397096,0.010167808,0.012106346,0.0047477186,0.30955252,0.11692977,0.5459242,0.038660087,0.0403993,0.027823139,0.014656223,0.005410496,null,null,null,null,"TWOGAUSSIANS",8,3.1511533,0.104397096,0.010167808,0.06779554,0.026587225,0.30955252,0.11692977,0.5459242,0.038660087,0.2262361,0.15580957,0.014656223,0.005410496
375316653866487564,5335369522268081664,0.4347671,2210.506782256659,1.814464188562762,6.4612264E-5,18.548456,0.005386165,0.27761656,0.0095496345,0.061125092,0.027748883,0.057191715,0.026672956,0.7777069,0.020577187,0.06681564,0.018638039,0.089425385,0.015261295,null,null,null,null,"TWOGAUSSIANS",8,4.261489,0.7777069,0.020577187,0.37416756,0.1040088,0.08935602,0.015260991,0.27761656,0.0095496345,0.3423005,0.11623844,0.057122346,0.026968429
