Gaia/vari_eclipsing_binary/VariEclipsingBinary_458992-459002.csv
# %ECSV 1.0
# ---
# delimiter: ','
# meta: !!omap
# - RELEASE: Gaia DR3
# - TABLE: vari_eclipsing_binary
# - DESCRIPTION: >
#     This table describes the properties of the eclipsing binaries resulting from the variability analysis. 
# - CITATION: >
#     How to cite and acknowledge Gaia: 
#     https://gea.esac.esa.int/archive/documentation/credits.html 
# - KNOWN_ISSUES: >
#     Known issues: 
#     https://www.cosmos.esa.int/web/gaia-users/known-issues 
# - DOCUMENTATION: >
#     Tutorials and documentation: 
#     https://www.cosmos.esa.int/web/gaia-users/archive 
# datatype:
# - 
#   name: solution_id
#   datatype: int64
#   description: Solution Identifier
#   meta:
#     ucd: meta.version
# - 
#   name: source_id
#   datatype: int64
#   description: Unique source identifier
#   meta:
#     ucd: meta.id;meta.main
# - 
#   name: global_ranking
#   datatype: float32
#   description: Number between 0 (worst) and 1 (best)
#   meta:
#     ucd: stat.param
# - 
#   name: reference_time
#   datatype: float64
#   unit: d
#   description: Reference time used for the geometric model fit
#   meta:
#     ucd: time.epoch
# - 
#   name: frequency
#   datatype: float64
#   unit: d**-1
#   description: Frequency of geometric model of the eclipsing binary light curve
#   meta:
#     ucd: src.orbital
# - 
#   name: frequency_error
#   datatype: float32
#   unit: d**-1
#   description: "Uncertainty of \\texttt{frequency}"
#   meta:
#     ucd: stat.error
# - 
#   name: geom_model_reference_level
#   datatype: float32
#   unit: mag
#   description: Magnitude reference level of geometric model
#   meta:
#     ucd: phot.mag;em.opt
# - 
#   name: geom_model_reference_level_error
#   datatype: float32
#   unit: mag
#   description: "Uncertainty of \\texttt{geomModelReferenceLevel}"
#   meta:
#     ucd: stat.error;phot.mag;em.opt
# - 
#   name: geom_model_gaussian1_phase
#   datatype: float32
#   description: Phase of the Gaussian 1 component
#   meta:
#     ucd: time.phase
# - 
#   name: geom_model_gaussian1_phase_error
#   datatype: float32
#   description: "Uncertainty of \\texttt{geomModelGaussian1Phase}"
#   meta:
#     ucd: stat.error;time.phase
# - 
#   name: geom_model_gaussian1_sigma
#   datatype: float32
#   description: "Standard deviation [phase] of Gaussian 1 component"
#   meta:
#     ucd: stat.stdev
# - 
#   name: geom_model_gaussian1_sigma_error
#   datatype: float32
#   description: "Uncertainty of \\texttt{geomModelGaussian1Sigma}"
#   meta:
#     ucd: stat.error
# - 
#   name: geom_model_gaussian1_depth
#   datatype: float32
#   unit: mag
#   description: Magnitude depth of Gaussian 1 component
#   meta:
#     ucd: src.var.amplitude
# - 
#   name: geom_model_gaussian1_depth_error
#   datatype: float32
#   unit: mag
#   description: "Uncertainty of \\texttt{geomModelGaussian1Depth}"
#   meta:
#     ucd: stat.error;src.var.amplitude
# - 
#   name: geom_model_gaussian2_phase
#   datatype: float32
#   description: Phase of Gaussian 2 component
#   meta:
#     ucd: time.phase
# - 
#   name: geom_model_gaussian2_phase_error
#   datatype: float32
#   description: "Uncertainty of \\texttt{geomModelGaussian2Phase}"
#   meta:
#     ucd: stat.error;time.phase
# - 
#   name: geom_model_gaussian2_sigma
#   datatype: float32
[...]
#   datatype: float32
#   description: "Secondary eclipse: uncertainty of \\texttt{derivedSecondaryEclDuration}"
#   meta:
#     ucd: stat.error;time.duration
# - 
#   name: derived_secondary_ecl_depth
#   datatype: float32
#   unit: mag
#   description: "Secondary eclipse: depth"
#   meta:
#     ucd: src.var.amplitude
# - 
#   name: derived_secondary_ecl_depth_error
#   datatype: float32
#   unit: mag
#   description: "Secondary eclipse: uncertainty of \\texttt{derivedSecondaryEclDepth}"
#   meta:
#     ucd: stat.error;src.var.amplitude
solution_id,source_id,global_ranking,reference_time,frequency,frequency_error,geom_model_reference_level,geom_model_reference_level_error,geom_model_gaussian1_phase,geom_model_gaussian1_phase_error,geom_model_gaussian1_sigma,geom_model_gaussian1_sigma_error,geom_model_gaussian1_depth,geom_model_gaussian1_depth_error,geom_model_gaussian2_phase,geom_model_gaussian2_phase_error,geom_model_gaussian2_sigma,geom_model_gaussian2_sigma_error,geom_model_gaussian2_depth,geom_model_gaussian2_depth_error,geom_model_cosine_half_period_amplitude,geom_model_cosine_half_period_amplitude_error,geom_model_cosine_half_period_phase,geom_model_cosine_half_period_phase_error,model_type,num_model_parameters,reduced_chi2,derived_primary_ecl_phase,derived_primary_ecl_phase_error,derived_primary_ecl_duration,derived_primary_ecl_duration_error,derived_primary_ecl_depth,derived_primary_ecl_depth_error,derived_secondary_ecl_phase,derived_secondary_ecl_phase_error,derived_secondary_ecl_duration,derived_secondary_ecl_duration_error,derived_secondary_ecl_depth,derived_secondary_ecl_depth_error
[from data line 599]
375316653866487564,4037395534626714752,0.46299183,2331.9976372412416,0.3175619823113031,4.510806E-5,19.676292,0.26706466,0.18525393,0.0263805,0.0766363,0.017255204,0.19278224,0.115172654,0.58016056,0.011007425,0.17567232,0.08393868,0.42922574,0.23941436,null,null,null,null,"TWOGAUSSIANS",8,2.3223639,0.58016056,0.011007425,0.4,0.0,0.39235067,0.07985795,0.20063393,0.016128927,0.4,0.0068676504,0.19450937,0.08725965
375316653866487564,4037395569074589184,0.4907398,2321.5257649438804,3.543700772836063,1.9222398E-5,17.598053,0.015915753,0.2216091,0.005266103,0.08671711,0.00854066,0.2670696,0.016212128,0.7414246,0.0044123805,0.08142389,0.011078392,0.1874752,0.015548924,null,null,null,null,"TWOGAUSSIANS",8,14.985192,0.2216091,0.005266103,0.4,0.0,0.263293,0.013863781,0.7414246,0.0044123805,0.4,0.0,0.18369867,0.013960981
375316653866487564,4037395603434301952,0.51736885,2313.923288581392,0.08514866701356213,1.6737897E-5,19.023975,0.0075155697,0.42515534,0.0056823404,0.1253797,0.0077786697,0.20237805,0.016391981,0.7798193,0.017211005,0.017902475,0.0215715,0.24354988,0.39941508,null,null,null,null,"TWOGAUSSIANS",8,1.3132815,0.7798193,0.017211005,0.100253865,0.120800406,0.24711135,0.40024158,0.42515534,0.0056823404,0.4,0.0,0.20223553,0.016433163
375316653866487564,4037396153100101504,0.4370889,2354.5471247992505,2.6819856463368983,2.8852402E-5,18.630169,0.10390093,0.38981354,0.027318068,0.26068044,0.09024029,0.16440907,0.09858759,0.84085,0.008867605,0.029252637,0.005856392,0.05303595,0.024924684,null,null,null,null,"TWOGAUSSIANS",8,5.3388686,0.38981354,0.027318068,0.4,0.0,0.110257916,0.01881905,0.84085,0.008867605,0.16381477,0.032795794,0.053378955,0.022639498
375316653866487564,4037396183138449664,0.42922,2346.5588165249205,0.09722981391861911,1.2586608E-5,18.100449,0.093023434,0.25923514,0.016850973,0.14297114,0.051301368,0.2505507,0.0861861,0.6440402,0.00929776,0.07801971,0.011013656,0.25347555,0.07455772,null,null,null,null,"TWOGAUSSIANS",8,4.714473,0.6440402,0.00929776,0.4,0.0031705364,0.25023717,0.06354162,0.25924513,0.016839478,0.4,0.0,0.24059308,0.060566667
375316653866487564,4037396599779278848,0.4778821,2328.443297258566,1.8187929559435865,2.7563168E-5,18.760715,0.016961697,0.31137565,0.009741219,0.064003006,0.009238901,0.17721912,0.019312222,0.8130128,0.02363003,0.0427716,0.02293915,0.3383077,0.107143894,null,null,null,null,"TWOGAUSSIANS",8,6.991364,0.8130128,0.02363003,0.23952095,0.12845923,0.3383005,0.1073204,0.31137565,0.009741219,0.35841683,0.05173784,0.17721191,0.019182734
375316653866487564,4037396634137014400,0.42818093,2400.5205474810937,0.11618307609953597,5.0990544E-5,18.531368,0.00535118,0.16949598,0.038100418,0.027493984,0.019666767,0.15420344,0.46986198,0.6964279,0.011577455,0.10930315,0.015329481,0.06109005,0.008111569,null,null,null,null,"TWOGAUSSIANS",8,3.115686,0.16949598,0.038100418,0.15396631,0.110133894,0.15413825,0.4698957,0.6964279,0.011577455,0.4,0.0,0.061019078,0.008127983
375316653866487564,4037396668586036864,0.5017395,2381.5466124102372,3.2534138199477103,1.7961025E-5,19.209692,0.016314141,0.20127842,0.0077044265,0.0793142,0.010349681,0.26285204,0.022627957,0.7029946,0.0060292175,0.08568538,0.007434034,0.32564503,0.024696976,null,null,null,null,"TWOGAUSSIANS",8,4.418244,0.7029946,0.0060292175,0.4,0.0,0.31987894,0.023742588,0.20127842,0.0077044265,0.4,0.0,0.25708598,0.021739827
375316653866487564,4037396737216163328,0.43558136,2354.8042573710936,0.12437520727272414,2.0598116E-5,19.279709,0.005366414,null,null,null,null,null,null,null,null,null,null,null,null,0.079785556,0.007659634,0.25822958,0.007089994,"ELLIPSOIDAL",4,3.8689656,null,null,null,null,null,null,null,null,null,null,null,null
375316653866487564,4037397046454647424,0.5140902,2359.4903067835166,1.1041083384157728,2.2015156E-5,18.307499,0.0051332987,0.26147127,0.0024783027,0.039050244,0.0015697845,0.49710903,0.021742202,0.7820019,0.01919353,0.023350254,0.016530868,0.040958658,0.06881785,null,null,null,null,"TWOGAUSSIANS",8,7.559526,0.26147127,0.0024783027,0.21868137,0.008790793,0.49710903,0.021742202,0.7820019,0.01919353,0.13076141,0.09257285,0.040958658,0.06881785
375316653866487564,4037397183982331520,0.58670485,2373.8339124799786,3.3334930523334396,8.252033E-6,19.086214,0.009506111,0.24086605,0.0042561265,0.043306198,0.006897212,0.23877718,0.036131263,0.73184955,0.00202567,0.03731,0.003152398,0.39406994,0.034497976,0.125115,0.013796796,0.24086605,0.0042561265,"TWOGAUSSIANS_WITH_ELLIPSOIDAL_ON_ECLIPSE1",9,2.268365,0.7324396,0.0018331717,0.208936,0.017653428,0.64354974,0.032019515,0.24086605,0.0042561265,0.2425147,0.038624387,0.48900703,0.02585426
375316653866487564,4037397218253585536,0.50662816,2283.970308674715,2.757043129214512,2.4538891E-5,19.43097,0.01216011,0.27522135,0.0049706763,0.08398774,0.00697578,0.59156096,0.055829823,0.7807253,0.006182898,0.07706374,0.009121797,0.46107852,0.08470193,null,null,null,null,"TWOGAUSSIANS",8,3.4458337,0.27522135,0.0049706763,0.4,0.0,0.5839506,0.058146577,0.7807253,0.006182898,0.4,0.005648597,0.4534681,0.08753858
375316653866487564,4037397454456364416,0.5164765,2375.3191699657673,3.2686860604453023,1.6372247E-5,19.445232,0.012616056,0.27036518,0.005646257,0.07080757,0.008424984,0.28546697,0.033516183,0.7782798,0.0033160883,0.062080275,0.0046882643,0.3353398,0.02748089,null,null,null,null,"TWOGAUSSIANS",8,1.33385,0.7782798,0.0033160883,0.34764954,0.02625428,0.33492696,0.027450074,0.27036518,0.005646257,0.39652237,0.026230557,0.28505412,0.033879016
375316653866487564,4037397458771388928,0.54209876,2391.0039086774214,0.018666867006766123,2.4974317E-5,18.897919,0.003616896,0.7072418,1.4732949E-5,0.0028776317,2.8053796E-4,0.06800256,0.011168053,0.50582004,0.007779948,0.09070009,0.00902593,0.24340545,0.016474394,null,null,null,null,"TWOGAUSSIANS",8,2.2370496,0.50582004,0.007779948,0.4,0.0,0.24340533,0.016474564,0.70718175,1.6717757E-5,0.016114738,0.0015710127,0.08869204,0.0036229081
375316653866487564,4037397596210423296,0.46050638,2352.851338405246,0.12527582166989942,2.7108606E-5,18.993977,0.039281733,0.28332618,0.016158074,0.12992543,0.018596914,0.45322973,0.047681812,0.59305024,0.025973497,0.022603558,0.017478228,0.21513101,0.08681456,null,null,null,null,"TWOGAUSSIANS",8,15.3488865,0.28332618,0.016158074,0.4,0.0,0.45267835,0.047106232,0.59305024,0.025973497,0.12657993,0.097878076,0.24102332,0.09596792
375316653866487564,4037397630658872960,0.44834867,2342.9898713216135,0.10887408207002196,2.3105731E-5,18.88373,0.06549674,0.2605396,0.01318454,0.10298274,0.025663208,0.28727633,0.07902325,0.7727927,0.018032404,0.10367923,0.031128107,0.359739,0.064269364,null,null,null,null,"TWOGAUSSIANS",8,10.136539,0.7727927,0.018030817,0.4,0.0,0.32998002,0.05912779,0.26052958,0.013173422,0.4,0.0,0.2575197,0.055603746
375316653866487564,4037397733738168576,0.42497125,2204.0070820963288,2.4551058547761415,1.49698E-5,17.9296,0.02168125,0.25903094,0.007166473,0.09350538,0.022880774,0.3071191,0.2253384,0.9010163,0.0028746517,0.053891573,0.008123761,0.47030258,0.19824852,null,null,null,null,"TWOGAUSSIANS",8,5.2980747,0.9010663,0.002850935,0.3017928,0.04549306,0.4704519,0.1982489,0.25903094,0.007166473,0.4,0.0,0.30706683,0.22539805
375316653866487564,4037398042890405120,0.4289242,2311.263360474654,0.16869385282730084,5.0158433E-5,18.193174,0.0102236355,0.31751344,0.012245757,0.08471791,0.019358978,0.097274855,0.029454876,0.7643698,0.00557226,0.06862473,0.01597005,0.098456755,0.018120766,null,null,null,null,"TWOGAUSSIANS",8,4.548872,0.7643698,0.00557226,0.38429847,0.05556795,0.09816625,0.018365476,0.31751344,0.012245757,0.4,0.018386267,0.09698426,0.029512752
375316653866487564,4037398283408840064,0.46157625,2392.2095461190406,0.18703719821688675,1.4921316E-5,20.009789,0.028677918,null,null,null,null,null,null,null,null,null,null,null,null,0.2655415,0.02384813,0.25425437,0.009029957,"ELLIPSOIDAL",4,3.4743056,null,null,null,null,null,null,null,null,null,null,null,null
375316653866487564,4037398352128286208,0.5028312,2374.047218135474,0.18060411980820246,2.2965956E-5,18.852596,0.0050420603,0.19639967,0.0033015853,0.029057583,0.003064728,0.52883726,0.101658836,0.70762855,0.13964435,0.076258674,0.0833482,0.048990656,0.7173609,null,null,null,null,"TWOGAUSSIANS",8,3.4822118,0.19639967,0.0033015853,0.16272247,0.017162478,0.5288361,0.1016605,0.70762855,0.13964435,0.4,0.4046068,0.048989415,0.7173632
375316653866487564,4037398386488131840,0.44297594,2329.7950991579137,0.2023226340013412,6.0179627E-5,19.070192,0.018164458,0.59811383,0.011087575,0.10329804,0.014735312,0.1899002,0.02217638,0.36848015,0.0051951357,0.02203764,0.0065832427,0.09484688,0.026844898,null,null,null,null,"TWOGAUSSIANS",8,7.494286,0.59811383,0.011087575,0.4,0.0,0.1898971,0.022172768,0.37031013,0.0045561683,0.12341078,0.03686616,0.11120737,0.03046919
375316653866487564,4037398897538016256,0.61086977,2357.3019014463166,3.3295695263671585,6.6272187E-6,17.074387,0.012455973,0.328471,7.8516663E-4,0.04312092,0.0023438584,0.6279119,0.04355936,0.8187447,0.010427161,0.032414943,0.0065005845,0.5801183,0.06536083,0.12515529,0.027332092,0.328471,7.8516663E-4,"TWOGAUSSIANS_WITH_ELLIPSOIDAL_ON_ECLIPSE1",9,43.44303,0.328471,7.8516663E-4,0.24147715,0.013125606,0.87822235,0.034088336,0.8190847,0.010093083,0.18152368,0.036403272,0.8295272,0.04908262
375316653866487564,4037398901885642880,0.50386786,2323.1066051168355,0.7765223765261016,8.210427E-5,19.672663,0.015736695,0.3693881,0.05407529,0.04105641,0.062978804,0.0721946,0.079228394,0.69874996,0.010263771,0.020472355,0.0053358977,1.566694,1.1793412,null,null,null,null,"TWOGAUSSIANS",8,6.4658675,0.69874996,0.010263771,0.11464519,0.029881028,1.566694,1.179353,0.3693881,0.05407529,0.22991589,0.25399807,0.0721946,0.07922842
375316653866487564,4037399142488164736,0.48649487,2562.4855606192928,1.9076947547701886,1.17847136E-4,19.644997,0.15094924,0.09278765,0.017906535,0.08456396,0.016871355,0.4080732,0.14852595,0.69344264,0.019631883,0.12763159,0.04876039,0.6096678,0.12008853,null,null,null,null,"TWOGAUSSIANS",8,2.3034828,0.69345266,0.019626817,0.4,0.0,0.59114885,0.10198475,0.09073765,0.017170066,0.4,0.0,0.3942347,0.128376
375316653866487564,4037399378601829632,0.52958554,2326.1646175119786,2.3326116563284955,1.5290861E-5,18.745333,0.019591434,0.23165028,0.0072698276,0.085517906,0.010503497,0.3103719,0.020028694,0.7271286,0.0022401796,0.09542705,0.0074248244,0.29627588,0.01753172,null,null,null,null,"TWOGAUSSIANS",8,2.71176,0.23165028,0.0072698276,0.4,0.0,0.29797745,0.015025263,0.7271286,0.0022401796,0.4,0.0,0.2838808,0.00883448
375316653866487564,4037399382920892928,0.4360339,2358.4367803528544,4.006415126398963,5.2784366E-5,18.895016,0.5212753,0.23881194,0.024448168,0.18639372,0.15898235,0.2594283,0.51931673,0.69586587,0.02897006,0.11446526,0.05172389,0.22159396,0.23595941,null,null,null,null,"TWOGAUSSIANS",8,4.8417068,0.23916194,0.022732912,0.4,0.0,0.16652456,0.027125642,0.69586587,0.02897006,0.4,0.0,0.14517276,0.01911281
375316653866487564,4037399382920931840,0.43833745,2357.122259452188,0.6779472643021838,2.1516313E-5,19.634579,0.0345388,0.47150785,0.018372808,0.041829836,0.028730618,0.1761515,0.037058942,0.7232503,0.018121345,0.03457594,0.012183219,0.47199592,0.14001288,null,null,null,null,"TWOGAUSSIANS",8,5.811299,0.7232503,0.018121345,0.19362526,0.068226025,0.47199592,0.14001295,0.47150785,0.018372808,0.23424709,0.16089146,0.1761515,0.03705895
375316653866487564,4037399520359884800,0.53823316,2345.6545571197516,2.311649175342245,1.270884E-5,18.826864,0.022188205,0.21312165,0.0043330505,0.09521112,0.009631793,0.3639538,0.019980382,0.7210093,0.0021938668,0.110292956,0.008342761,0.31120566,0.020163301,null,null,null,null,"TWOGAUSSIANS",8,2.0695293,0.21311165,0.00433931,0.4,0.0,0.33256093,0.019669807,0.7210093,0.0021938668,0.4,0.0,0.2797911,0.011666646
375316653866487564,4037399589192323456,0.56142884,2398.721123741168,3.77404520267317,1.09495006E-4,19.176798,0.030991673,0.22195601,0.019993693,0.026099216,0.01874525,0.77374655,114.13401,0.6531725,0.052450992,0.19251482,0.07954354,0.14344713,0.04953082,null,null,null,null,"TWOGAUSSIANS",8,1.4703658,0.22205602,0.019909237,0.14615561,0.1049734,0.77619445,114.13429,0.6531725,0.052450992,0.4,0.0,0.13239157,0.05196919
375316653866487564,4037399589192349824,0.43514255,2327.338805716199,0.0969541123074759,8.109821E-5,18.448689,0.022117298,0.17884699,0.021675035,0.07908765,0.0144362375,0.58043885,0.13939098,0.52445304,0.029745879,0.11510913,0.026451275,0.33916655,0.03587808,null,null,null,null,"TWOGAUSSIANS",8,20.759346,0.17992699,0.020682508,0.4,0.0,0.58141935,0.13912448,0.52445304,0.029745879,0.4,0.0,0.33639532,0.035848003
375316653866487564,4037399795323952896,0.5292773,2396.761999208446,1.2654437739451714,2.4398367E-5,17.37262,0.02635085,0.25082538,0.010437084,0.13036147,0.032124452,0.07463146,0.026013521,0.7378955,0.0074892524,0.104195654,0.022737056,0.081920326,0.025356054,null,null,null,null,"TWOGAUSSIANS",8,1.2127103,0.7378955,0.0074892524,0.4,0.0,0.067916416,0.010880199,0.25083536,0.010431122,0.4,0.0,0.060527597,0.002810528
375316653866487564,4037399825278444928,0.5534029,2365.477082986432,2.1078856197458125,1.3047156E-5,18.011158,0.01123169,0.2488014,0.005694766,0.08556918,0.008415579,0.294922,0.020621167,0.7578369,0.0030353267,0.08132545,0.004272424,0.32070458,0.014096821,null,null,null,null,"TWOGAUSSIANS",8,6.2843165,0.7578369,0.0030353267,0.4,0.0,0.31484106,0.012547688,0.2488014,0.005694766,0.4,0.0,0.28905845,0.021403138
375316653866487564,4037400031408361344,0.501342,2371.7712727814837,0.10997176649208054,9.081647E-5,16.009243,0.018768026,0.3287594,0.013873881,0.084485576,0.013780874,0.16760929,0.026267404,0.79433507,0.010488241,0.028520439,0.060084976,3.768961,4.8486624,null,null,null,null,"TWOGAUSSIANS",8,76.51798,0.79433507,0.010488241,0.15971446,0.23561832,3.7689526,4.8534904,0.3287594,0.013873881,0.4,0.0,0.1676009,0.023509583
375316653866487564,4037400065797110400,0.50842476,2357.4753052675187,2.7031934056304254,1.732127E-5,17.984512,0.018577661,0.23001431,0.0067630387,0.08627829,0.013493847,0.24552386,0.016803617,0.71754485,0.0060126022,0.083888404,0.016618608,0.2619937,0.058504973,null,null,null,null,"TWOGAUSSIANS",8,14.136657,0.71754485,0.0060126022,0.4,0.0,0.25655478,0.062243596,0.23001431,0.0067630387,0.4,0.0,0.24008492,0.013828251
375316653866487564,4037400104480164736,0.59478676,2365.204774851515,0.9171971790340243,6.049203E-6,18.480047,0.004320601,0.2666351,0.0024858974,0.03384646,0.0012527297,0.71357024,0.023984773,0.76853037,0.0078120534,0.037485473,0.007033051,0.13697502,0.02211191,null,null,null,null,"TWOGAUSSIANS",8,3.8657367,0.2666351,0.0024858974,0.18954018,0.007015286,0.71357024,0.023984773,0.76853037,0.0078120534,0.20991865,0.039385088,0.13697502,0.02211191
375316653866487564,4037400138839933696,0.52803165,2417.012109843759,2.3710428177729717,1.8682556E-5,19.410166,0.04452983,0.24754293,0.003879237,0.07718176,0.00823683,0.6905742,0.05152016,0.73094714,0.015787652,0.06268865,0.0109016895,0.7554884,0.123155735,null,null,null,null,"TWOGAUSSIANS",8,8.110627,0.73094714,0.015787652,0.35105643,0.06104946,0.7539288,0.12243775,0.24754293,0.003879237,0.4,1.3961572E-4,0.6890146,0.051164314
375316653866487564,4037400173195789952,0.603285,2337.92521402777,0.47473317145302213,3.6811154E-5,17.257677,0.005653896,0.2975846,7.8960403E-4,0.03290271,9.834756E-4,0.7074008,0.012588475,0.79920024,0.03565402,0.027282715,0.01989994,0.13246374,0.27094012,0.025128825,0.009541019,0.2975846,7.8960403E-4,"TWOGAUSSIANS_WITH_ELLIPSOIDAL_ON_ECLIPSE1",9,15.410267,0.2975846,7.8960403E-4,0.18425518,0.0055074636,0.7576584,0.009696043,0.79920024,0.03565314,0.1527832,0.11143967,0.1827162,0.2744666
