Gaia/vari_eclipsing_binary/VariEclipsingBinary_459675-459686.csv
# %ECSV 1.0
# ---
# delimiter: ','
# meta: !!omap
# - RELEASE: Gaia DR3
# - TABLE: vari_eclipsing_binary
# - DESCRIPTION: >
#     This table describes the properties of the eclipsing binaries resulting from the variability analysis. 
# - CITATION: >
#     How to cite and acknowledge Gaia: 
#     https://gea.esac.esa.int/archive/documentation/credits.html 
# - KNOWN_ISSUES: >
#     Known issues: 
#     https://www.cosmos.esa.int/web/gaia-users/known-issues 
# - DOCUMENTATION: >
#     Tutorials and documentation: 
#     https://www.cosmos.esa.int/web/gaia-users/archive 
# datatype:
# - 
#   name: solution_id
#   datatype: int64
#   description: Solution Identifier
#   meta:
#     ucd: meta.version
# - 
#   name: source_id
#   datatype: int64
#   description: Unique source identifier
#   meta:
#     ucd: meta.id;meta.main
# - 
#   name: global_ranking
#   datatype: float32
#   description: Number between 0 (worst) and 1 (best)
#   meta:
#     ucd: stat.param
# - 
#   name: reference_time
#   datatype: float64
#   unit: d
#   description: Reference time used for the geometric model fit
#   meta:
#     ucd: time.epoch
# - 
#   name: frequency
#   datatype: float64
#   unit: d**-1
#   description: Frequency of geometric model of the eclipsing binary light curve
#   meta:
#     ucd: src.orbital
# - 
#   name: frequency_error
#   datatype: float32
#   unit: d**-1
#   description: "Uncertainty of \\texttt{frequency}"
#   meta:
#     ucd: stat.error
# - 
#   name: geom_model_reference_level
#   datatype: float32
#   unit: mag
#   description: Magnitude reference level of geometric model
#   meta:
#     ucd: phot.mag;em.opt
# - 
#   name: geom_model_reference_level_error
#   datatype: float32
#   unit: mag
#   description: "Uncertainty of \\texttt{geomModelReferenceLevel}"
#   meta:
#     ucd: stat.error;phot.mag;em.opt
# - 
#   name: geom_model_gaussian1_phase
#   datatype: float32
#   description: Phase of the Gaussian 1 component
#   meta:
#     ucd: time.phase
# - 
#   name: geom_model_gaussian1_phase_error
#   datatype: float32
#   description: "Uncertainty of \\texttt{geomModelGaussian1Phase}"
#   meta:
#     ucd: stat.error;time.phase
# - 
#   name: geom_model_gaussian1_sigma
#   datatype: float32
#   description: "Standard deviation [phase] of Gaussian 1 component"
#   meta:
#     ucd: stat.stdev
# - 
#   name: geom_model_gaussian1_sigma_error
#   datatype: float32
#   description: "Uncertainty of \\texttt{geomModelGaussian1Sigma}"
#   meta:
#     ucd: stat.error
# - 
#   name: geom_model_gaussian1_depth
#   datatype: float32
#   unit: mag
#   description: Magnitude depth of Gaussian 1 component
#   meta:
#     ucd: src.var.amplitude
# - 
#   name: geom_model_gaussian1_depth_error
#   datatype: float32
#   unit: mag
#   description: "Uncertainty of \\texttt{geomModelGaussian1Depth}"
#   meta:
#     ucd: stat.error;src.var.amplitude
# - 
#   name: geom_model_gaussian2_phase
#   datatype: float32
#   description: Phase of Gaussian 2 component
#   meta:
#     ucd: time.phase
# - 
#   name: geom_model_gaussian2_phase_error
#   datatype: float32
#   description: "Uncertainty of \\texttt{geomModelGaussian2Phase}"
#   meta:
#     ucd: stat.error;time.phase
# - 
#   name: geom_model_gaussian2_sigma
#   datatype: float32
[...]
#   datatype: float32
#   description: "Secondary eclipse: uncertainty of \\texttt{derivedSecondaryEclDuration}"
#   meta:
#     ucd: stat.error;time.duration
# - 
#   name: derived_secondary_ecl_depth
#   datatype: float32
#   unit: mag
#   description: "Secondary eclipse: depth"
#   meta:
#     ucd: src.var.amplitude
# - 
#   name: derived_secondary_ecl_depth_error
#   datatype: float32
#   unit: mag
#   description: "Secondary eclipse: uncertainty of \\texttt{derivedSecondaryEclDepth}"
#   meta:
#     ucd: stat.error;src.var.amplitude
solution_id,source_id,global_ranking,reference_time,frequency,frequency_error,geom_model_reference_level,geom_model_reference_level_error,geom_model_gaussian1_phase,geom_model_gaussian1_phase_error,geom_model_gaussian1_sigma,geom_model_gaussian1_sigma_error,geom_model_gaussian1_depth,geom_model_gaussian1_depth_error,geom_model_gaussian2_phase,geom_model_gaussian2_phase_error,geom_model_gaussian2_sigma,geom_model_gaussian2_sigma_error,geom_model_gaussian2_depth,geom_model_gaussian2_depth_error,geom_model_cosine_half_period_amplitude,geom_model_cosine_half_period_amplitude_error,geom_model_cosine_half_period_phase,geom_model_cosine_half_period_phase_error,model_type,num_model_parameters,reduced_chi2,derived_primary_ecl_phase,derived_primary_ecl_phase_error,derived_primary_ecl_duration,derived_primary_ecl_duration_error,derived_primary_ecl_depth,derived_primary_ecl_depth_error,derived_secondary_ecl_phase,derived_secondary_ecl_phase_error,derived_secondary_ecl_duration,derived_secondary_ecl_duration_error,derived_secondary_ecl_depth,derived_secondary_ecl_depth_error
[from data line 1241]
375316653866487564,4043444253102231040,0.49421507,2406.1760776135716,1.0107109796327345,2.0887572E-5,19.154419,0.018122828,0.21914777,0.004776572,0.047644474,0.006463265,0.45397255,0.06390046,0.72594017,0.00854792,0.06077193,0.01183895,0.15868363,0.019482046,null,null,null,null,"TWOGAUSSIANS",8,3.3209236,0.21914777,0.004776572,0.26680905,0.036194284,0.45396364,0.06390936,0.72594017,0.00854792,0.3403228,0.06629812,0.15867472,0.019475771
375316653866487564,4043444287453633536,0.45502102,2444.697565104613,0.3065962805090327,4.619653E-6,18.987156,0.01090903,0.1530312,0.0011915175,0.025425417,0.0017853476,0.3070385,0.031711083,0.3728522,0.0039231195,0.017946206,0.002873633,0.1702824,0.022899434,null,null,null,null,"TWOGAUSSIANS",8,4.034215,0.1530312,0.0011915175,0.14238234,0.009997946,0.3070385,0.031711083,0.3728522,0.0039231195,0.10049875,0.016092345,0.1702824,0.022899434
375316653866487564,4043444287453674112,0.43707877,2455.4710120180125,4.6079566671853165,1.2044338E-4,19.222908,0.012887328,0.18670352,0.012276603,0.04176704,0.01467628,0.23530471,0.04098127,0.7401098,0.03636923,0.0896483,0.028160721,0.08726612,0.02754148,null,null,null,null,"TWOGAUSSIANS",8,7.706359,0.18670352,0.012276865,0.23389542,0.08218717,0.23527414,0.04103528,0.7401098,0.03636923,0.4,0.0,0.08723519,0.027581338
375316653866487564,4043444321813387264,0.51275533,2373.019713629372,1.183873029803144,8.970291E-5,19.722801,0.011211543,0.26043883,0.006138968,0.065255694,0.0076110316,0.37266704,0.017216615,0.54489446,0.02628873,0.04893935,0.03863463,0.2934661,1.8346854,null,null,null,null,"TWOGAUSSIANS",8,1.7239435,0.26043883,0.0061385455,0.3654319,0.042621776,0.37266707,0.017217036,0.54489446,0.02628873,0.27406037,0.21635392,0.29349396,1.8346511
375316653866487564,4043444394793287296,0.43929696,2419.8573912632028,0.03990643169752521,6.2073676E-5,19.11234,0.013735024,0.08880336,0.0097201485,0.019343944,0.013474632,0.06700574,0.081213,0.5187654,0.008422905,0.09210984,0.009317027,0.16274524,0.019441634,null,null,null,null,"TWOGAUSSIANS",8,4.473342,0.5187654,0.008422905,0.4,0.0,0.16274476,0.019440947,0.08880336,0.0097201485,0.108326085,0.07545794,0.06700829,0.081214905
375316653866487564,4043444600951329664,0.4293654,2429.806204133782,1.5974619664001086,5.387716E-5,17.678808,0.017194537,0.35897192,0.018240806,0.045107614,0.02500184,0.37078196,1.6961366,0.6779341,0.024508743,0.02618204,0.0103178555,0.42691636,0.24908479,null,null,null,null,"TWOGAUSSIANS",8,8.1626625,0.6779341,0.024508743,0.14661942,0.05777999,0.42691636,0.24908479,0.35897192,0.018240806,0.25260264,0.14001031,0.37078196,1.6961366
375316653866487564,4043444631061235456,0.44888172,2430.5153368662627,2.1855172267736136,1.8754245E-4,19.595648,0.067766696,0.18382154,0.0066968966,0.046992794,0.014199332,0.251686,0.06172181,0.7808073,0.06055483,0.077224925,0.05409753,0.6354917,0.66417015,null,null,null,null,"TWOGAUSSIANS",8,4.8329234,0.7808073,0.06055483,0.4,0.0,0.6354834,0.66579425,0.18382154,0.0066334964,0.26315966,0.07951626,0.2516784,0.058574934
375316653866487564,4043444631061339904,0.45327368,2434.199715890258,1.0691294189422524,2.6442593E-5,19.593246,0.013725788,0.22105032,0.0052022864,0.02012716,0.009203237,1.0672574,0.3842646,0.44141167,0.0025640079,0.03304226,0.0027924438,0.31962845,0.03428301,null,null,null,null,"TWOGAUSSIANS",8,3.8326354,0.22105032,0.0052022864,0.11271209,0.051538125,1.0672574,0.3842646,0.44141167,0.0025640079,0.18503664,0.015637686,0.31962845,0.03428301
375316653866487564,4043444635310987136,0.5161725,2383.5771860751083,1.777609398109282,2.0752204E-5,19.364672,0.010202991,0.2833406,0.0046468014,0.06889158,0.009035379,0.2300665,0.024543792,null,null,null,null,null,null,0.09687901,0.01731858,0.2833406,0.0046468014,"ONEGAUSSIAN_WITH_ELLIPSOIDAL",6,3.7443154,0.2833406,0.0046468014,0.38579285,0.03967764,0.42351514,0.02876387,null,null,null,null,null,null
375316653866487564,4043444669670046976,0.60942787,2386.743804441096,1.017436339024146,7.670444E-6,13.355641,7.7560375E-4,0.3802963,0.014742638,0.04962768,0.013616718,0.00668247,0.0021017534,0.7407694,0.0013402766,0.058858678,0.0028632518,0.03689932,0.0028118738,0.03197554,9.2145195E-4,0.7407694,0.0013402766,"TWOGAUSSIANS_WITH_ELLIPSOIDAL_ON_ECLIPSE2",9,12.700368,0.7407694,0.0013402766,0.3296086,0.01603421,0.100845896,0.0025760077,0.24232629,0.003106601,0.277915,0.07625362,0.06408061,0.0017736517
375316653866487564,4043444738390141952,0.43400416,2407.8998202690454,0.19879841341869148,6.0535567E-5,18.887924,0.10645104,0.23755495,0.02157999,0.054253798,0.038993184,0.1597674,0.071816206,0.8308993,0.0115276985,0.14360936,0.053157516,0.23177674,0.10570555,null,null,null,null,"TWOGAUSSIANS",8,4.716853,0.8308993,0.0115276985,0.4,0.0,0.22752604,0.08379628,0.23600495,0.018584512,0.30382127,0.21836182,0.15983157,0.06384903
375316653866487564,4043444738420188416,0.4207288,2394.011229865696,2.483360613701371,6.912991E-6,18.859016,0.023798484,0.123880684,0.017903257,0.020744227,0.017655956,0.09826917,0.3564818,0.41195616,0.046526168,0.08782813,0.09362411,0.16987999,0.07765025,null,null,null,null,"TWOGAUSSIANS",8,5.766933,0.41195616,0.046526168,0.4,0.0,0.16987996,0.07809798,0.12401069,0.018049521,0.11616767,0.098873354,0.09905445,0.35459483
375316653866487564,4043444841468772736,0.5301776,2407.2983828136116,0.8252228392085115,2.7544476E-5,17.821741,0.06383626,0.27688134,0.010429993,0.11703827,0.04019632,0.24148165,0.049355198,0.7744768,0.0029650298,0.099598505,0.0134393405,0.34152693,0.059672974,null,null,null,null,"TWOGAUSSIANS",8,10.890754,0.7744768,0.002948896,0.4,0.0,0.3034997,0.0107787,0.27688134,0.010435755,0.4,0.0,0.20340398,0.05730274
375316653866487564,4043444905931962880,0.4737141,2396.7279093941575,2.493220957906068,2.6235823E-5,19.661554,0.026381252,0.24125217,0.01050489,0.07329858,0.013390923,0.25752863,0.039573953,0.72891974,0.08232207,0.0894497,0.055961322,0.28144705,0.45949668,null,null,null,null,"TWOGAUSSIANS",8,3.8119533,0.72891974,0.08232207,0.4,0.17316753,0.27765453,0.46306214,0.24125217,0.01050489,0.4,0.0320008,0.25373626,0.03998981
375316653866487564,4043444910130628864,0.49415547,2359.9559323059166,2.2712375492577754,1.3462586E-5,17.494606,0.015685221,0.18873516,0.009183088,0.06490582,0.03574713,0.15758991,0.067083515,0.6831144,0.0061085117,0.012016568,0.010290058,0.17021514,0.8231358,0.08603212,0.021550937,0.18873516,0.009183088,"TWOGAUSSIANS_WITH_ELLIPSOIDAL_ON_ECLIPSE1",9,29.68106,0.68317443,0.005948166,0.06729278,0.057624325,0.3419732,0.8506042,0.18873516,0.009183088,0.36347258,0.072449714,0.32956004,0.050260708
375316653866487564,4043444940288687616,0.51592106,2306.73776220118,0.08020035404427482,6.9539215E-5,19.831556,0.02401791,0.14160669,0.0030400138,0.04930481,0.006414129,0.22678532,0.02503425,0.59411633,0.0060268533,0.12208816,0.0136335455,0.17346571,0.026449608,null,null,null,null,"TWOGAUSSIANS",8,0.8824705,0.14166668,0.0030008596,0.27610692,0.035919122,0.22492525,0.024080804,0.59411633,0.0060268533,0.4,0.0,0.17141768,0.024328256
375316653866487564,4043445009018306176,0.43712154,2448.4958282038633,2.0269799789775087,4.4543805E-5,18.9519,0.02899438,0.28157938,2.6272732E-4,0.01937943,0.0038417587,0.4253293,0.036613733,0.5633832,0.0063197357,0.040231906,0.010547176,2.1499321,5.4813695,null,null,null,null,"TWOGAUSSIANS",8,8.714627,0.5633832,0.0063197357,0.22529867,0.059064183,2.1499321,5.4813695,0.28157938,2.6272732E-4,0.1085248,0.021513848,0.4253293,0.036613733
375316653866487564,4043445013209496704,0.51195717,2406.343852537382,1.0451742113413058,2.6168078E-5,18.439943,0.022670366,0.23652019,0.0068714274,0.09422985,0.010835687,0.26214847,0.023327524,0.73713684,0.0072438875,0.09913862,0.013371064,0.23335157,0.02375155,null,null,null,null,"TWOGAUSSIANS",8,4.580977,0.23652019,0.0068714274,0.4,0.0,0.24485807,0.011261775,0.73713684,0.0072438875,0.4,0.0,0.21606018,0.016811943
375316653866487564,4043445077730320256,0.45995805,2443.192688407934,0.032919117086163574,8.44549E-5,19.407232,0.013008342,0.23036693,0.045047123,0.07004181,0.03171913,0.26680246,0.4047331,0.7879859,0.0116321705,0.049243186,0.020538116,0.27073115,0.03070124,null,null,null,null,"TWOGAUSSIANS",8,4.2327595,0.7879859,0.0116321705,0.27576184,0.11501345,0.27072164,0.03071324,0.23036693,0.045047123,0.39223415,0.17358467,0.26679295,0.40475306
375316653866487564,4043445116288703360,0.42312318,2444.702583982951,1.883551782189189,2.8014601E-5,19.477137,0.014035422,0.3811939,0.0496736,0.028829204,0.03758074,0.5858691,0.6403369,0.6850513,0.0070907827,0.035789493,0.012555957,0.26721248,0.09142886,null,null,null,null,"TWOGAUSSIANS",8,4.146724,0.3811939,0.0496736,0.16144355,0.21045214,0.5858691,0.6403369,0.6850513,0.0070907827,0.20042117,0.07031336,0.26721248,0.09142887
375316653866487564,4043445146449740928,0.49568784,2442.4392115366636,0.31676193803608993,4.196286E-5,18.685268,0.3693064,0.33599752,0.021880114,0.1780078,0.09250199,0.546367,0.35443673,0.7332859,0.017183255,0.11616242,0.021560378,0.83078575,0.16028552,null,null,null,null,"TWOGAUSSIANS",8,10.893873,0.7332859,0.017183255,0.4,0.0,0.7266342,0.047990058,0.34062752,0.015990937,0.4,0.0,0.3977329,0.030104207
375316653866487564,4043445180739796096,0.4549648,2410.6409783974345,1.0554897876823832,3.637339E-5,18.922686,0.011826398,0.3231426,0.051683232,0.06591964,0.034646437,0.12208962,0.045926977,0.79179305,0.005895654,0.058072153,0.007259829,0.2908859,0.03474326,null,null,null,null,"TWOGAUSSIANS",8,8.6924925,0.79179305,0.005895654,0.32520407,0.040655043,0.2908485,0.03481064,0.3231426,0.051683232,0.36914995,0.13337836,0.12205224,0.04591497
375316653866487564,4043445180751090816,0.54940265,2387.953802368865,0.932971913121477,9.016995E-6,17.99159,0.05610117,0.23716408,0.00282246,0.117278814,0.0118266605,0.4282893,0.051332533,0.71330684,0.005197473,0.11986923,0.01380404,0.39021185,0.05491057,null,null,null,null,"TWOGAUSSIANS",8,5.6534243,0.23728408,0.0027189727,0.4,0.0,0.35725653,0.012142062,0.71330684,0.005197473,0.4,0.0,0.3191376,0.015151694
375316653866487564,4043445494245472512,0.43983528,2373.6292332323537,0.3334398020640978,5.1678042E-5,18.187336,0.09473747,0.5735837,0.021052701,0.22416465,0.09267491,0.13708542,0.0932803,0.9727526,0.93438643,0.027248625,0.061629064,0.04359662,0.018980999,null,null,null,null,"TWOGAUSSIANS",8,4.099216,0.5735837,0.021052701,0.4,0.0,0.11427326,0.02319082,0.9727526,0.93438643,0.1525923,0.3406389,0.05263008,0.02723524
375316653866487564,4043445627415045376,0.44659948,2455.0087143589217,4.2248012135822774,5.02024E-5,19.763884,0.010414326,0.19144717,0.0077589634,0.05103548,0.006869647,0.17253846,0.033285044,0.6746347,2.2633279E-4,0.015370276,6.591059E-4,0.40481567,0.01300609,null,null,null,null,"TWOGAUSSIANS",8,2.966727,0.6746347,2.2633279E-4,0.08607354,0.003690993,0.40481567,0.01300609,0.19144717,0.0077589634,0.28579867,0.038470026,0.17253846,0.033285044
375316653866487564,4043445661850609024,0.4443059,2444.0422246998874,0.17871931549063375,9.282577E-5,18.920406,0.23159099,0.31456104,0.014162472,0.10074206,0.028265035,0.22342095,0.15348545,0.7942015,0.06020015,0.16441453,0.12099943,0.24880092,0.22906533,null,null,null,null,"TWOGAUSSIANS",8,6.372762,0.7942015,0.06020015,0.4,0.0,0.18152237,0.031052148,0.31606105,0.012635792,0.4,0.0,0.16135523,0.028452896
375316653866487564,4043445696145897344,0.55410224,2410.2578887439277,0.864947136627103,9.769927E-5,16.25447,0.0029119824,0.6529501,0.02165599,0.066692226,0.00631874,1.6905302,0.5255577,null,null,null,null,null,null,null,null,null,null,"ONEGAUSSIAN",5,39.142864,0.6529501,0.02165599,0.37347645,0.035384946,1.6905302,0.0,null,null,null,null,null,null
375316653866487564,4043445700463865600,0.42905945,2434.438412033051,0.2659947576961531,5.0844614E-5,19.350325,0.1117761,0.23201077,0.001427261,0.024509791,0.0020623384,0.2675986,0.017643783,0.66959596,0.01602657,0.24946925,0.08591649,0.2402849,0.1007982,null,null,null,null,"TWOGAUSSIANS",8,2.9708803,0.23244075,0.001386736,0.13725483,0.011549095,0.27224246,0.017584905,0.66959596,0.01602657,0.4,0.0,0.17451999,0.021984123
375316653866487564,4043445734765885312,0.45394,2487.9189161258223,4.284007338040015,6.355102E-5,18.981607,0.11899857,0.28936386,0.058447864,0.17614378,0.1584526,0.12638588,0.11565932,0.65384924,0.046412498,0.11615634,0.025300696,0.3189793,0.11428575,null,null,null,null,"TWOGAUSSIANS",8,2.3841782,0.65384924,0.046412498,0.4,0.0,0.3020439,0.1198474,0.32394385,0.7376975,0.4,0.0,0.097644284,0.44110006
375316653866487564,4043445803485227392,0.57256323,2405.3965784145626,1.3253563877827297,8.2046145E-6,18.929993,0.018737393,0.21985215,0.002989074,0.10221797,0.006707312,0.38146833,0.021783335,0.7067131,0.0022446488,0.08758564,0.0044928947,0.41066083,0.018686567,null,null,null,null,"TWOGAUSSIANS",8,1.6195191,0.7067131,0.0022446488,0.4,0.0,0.39032468,0.01262959,0.21985215,0.002989074,0.4,0.0,0.36112642,0.019655555
375316653866487564,4043445936664486528,0.45087245,2430.5952981267633,0.1648144106749974,3.6177906E-5,19.228313,0.10021222,0.47431946,0.012340984,0.2207868,0.056490704,0.37830624,0.075971745,0.91961735,0.0057212734,0.016188767,0.004538564,0.18337145,0.04066116,null,null,null,null,"TWOGAUSSIANS",8,5.08484,0.47431946,0.012340984,0.4,0.0,0.31984377,0.040441893,0.91961735,0.0057212734,0.09065709,0.025415957,0.19048859,0.039590057
375316653866487564,4043446009732514304,0.41672638,2408.721690526925,0.11970438303962909,7.9054436E-5,18.640871,0.046740394,0.48527843,0.014465355,0.17348616,0.04582777,0.4082167,0.04109136,0.78054696,0.021875208,0.047708817,0.016311197,0.4042295,0.26336646,null,null,null,null,"TWOGAUSSIANS",8,20.094786,0.78054696,0.021875208,0.26716936,0.0913427,0.4873807,0.2776892,0.48527843,0.014465355,0.4,0.0,0.39534816,0.05192823
375316653866487564,4043446284579609600,0.45917997,2379.136920442673,0.43588116649329844,4.073411E-5,19.47328,0.040874623,0.47206807,0.03504657,0.13713858,0.08463901,0.20624296,0.09435897,0.8555565,0.37420985,0.12520629,0.14509526,0.07979726,0.060278498,null,null,null,null,"TWOGAUSSIANS",8,3.191353,0.47375807,0.024191605,0.4,0.02375737,0.19076927,0.016551314,0.8555565,0.37420985,0.4,0.03178647,0.06771772,0.07914204
375316653866487564,4043446422016543232,0.44191545,2388.4602194038657,1.179109584635401,4.570073E-5,19.056015,0.01999422,0.31206277,0.0046331827,0.049855337,0.008595986,0.38938236,0.13785012,0.8098495,0.022715917,0.088222966,0.020775456,0.16014884,0.07009516,null,null,null,null,"TWOGAUSSIANS",8,14.227833,0.31206277,0.0046331827,0.27918988,0.048137523,0.38882416,0.13815828,0.8098495,0.022715917,0.4,0.001120145,0.1595906,0.07026815
375316653866487564,4043446452124604672,0.4766585,2403.125623429355,1.6387615197634087,5.2232936E-5,19.255995,0.02317191,0.1719113,0.0120486105,0.063113496,0.014671502,0.4080194,0.042865846,0.6647459,0.006815736,0.07540254,0.007895818,0.40661392,0.033175733,null,null,null,null,"TWOGAUSSIANS",8,13.451577,0.1719113,0.0120486105,0.35343558,0.08038904,0.40702406,0.042672284,0.6647459,0.006815736,0.4,0.0,0.40561858,0.032565314
375316653866487564,4043446555095230464,0.67014056,2422.0282453267605,1.9984360526546954,5.7407597E-6,16.014658,0.007898415,0.24062157,0.0019007189,0.047751796,0.0055568633,0.1768898,0.015729526,0.73836917,0.0030061346,0.06090648,0.003915325,0.21672213,0.015760882,0.08673867,0.008826804,0.24062157,0.0019007189,"TWOGAUSSIANS_WITH_ELLIPSOIDAL_ON_ECLIPSE1",9,8.528862,0.73879915,0.0022985039,0.34107628,0.021925818,0.39013034,0.005993383,0.24062157,0.0019007189,0.26741004,0.031118434,0.35032618,0.0048439386
