Gaia/vari_eclipsing_binary/VariEclipsingBinary_472089-472142.csv
# %ECSV 1.0
# ---
# delimiter: ','
# meta: !!omap
# - RELEASE: Gaia DR3
# - TABLE: vari_eclipsing_binary
# - DESCRIPTION: >
#     This table describes the properties of the eclipsing binaries resulting from the variability analysis. 
# - CITATION: >
#     How to cite and acknowledge Gaia: 
#     https://gea.esac.esa.int/archive/documentation/credits.html 
# - KNOWN_ISSUES: >
#     Known issues: 
#     https://www.cosmos.esa.int/web/gaia-users/known-issues 
# - DOCUMENTATION: >
#     Tutorials and documentation: 
#     https://www.cosmos.esa.int/web/gaia-users/archive 
# datatype:
# - 
#   name: solution_id
#   datatype: int64
#   description: Solution Identifier
#   meta:
#     ucd: meta.version
# - 
#   name: source_id
#   datatype: int64
#   description: Unique source identifier
#   meta:
#     ucd: meta.id;meta.main
# - 
#   name: global_ranking
#   datatype: float32
#   description: Number between 0 (worst) and 1 (best)
#   meta:
#     ucd: stat.param
# - 
#   name: reference_time
#   datatype: float64
#   unit: d
#   description: Reference time used for the geometric model fit
#   meta:
#     ucd: time.epoch
# - 
#   name: frequency
#   datatype: float64
#   unit: d**-1
#   description: Frequency of geometric model of the eclipsing binary light curve
#   meta:
#     ucd: src.orbital
# - 
#   name: frequency_error
#   datatype: float32
#   unit: d**-1
#   description: "Uncertainty of \\texttt{frequency}"
#   meta:
#     ucd: stat.error
# - 
#   name: geom_model_reference_level
#   datatype: float32
#   unit: mag
#   description: Magnitude reference level of geometric model
#   meta:
#     ucd: phot.mag;em.opt
# - 
#   name: geom_model_reference_level_error
#   datatype: float32
#   unit: mag
#   description: "Uncertainty of \\texttt{geomModelReferenceLevel}"
#   meta:
#     ucd: stat.error;phot.mag;em.opt
# - 
#   name: geom_model_gaussian1_phase
#   datatype: float32
#   description: Phase of the Gaussian 1 component
#   meta:
#     ucd: time.phase
# - 
#   name: geom_model_gaussian1_phase_error
#   datatype: float32
#   description: "Uncertainty of \\texttt{geomModelGaussian1Phase}"
#   meta:
#     ucd: stat.error;time.phase
# - 
#   name: geom_model_gaussian1_sigma
#   datatype: float32
#   description: "Standard deviation [phase] of Gaussian 1 component"
#   meta:
#     ucd: stat.stdev
# - 
#   name: geom_model_gaussian1_sigma_error
#   datatype: float32
#   description: "Uncertainty of \\texttt{geomModelGaussian1Sigma}"
#   meta:
#     ucd: stat.error
# - 
#   name: geom_model_gaussian1_depth
#   datatype: float32
#   unit: mag
#   description: Magnitude depth of Gaussian 1 component
#   meta:
#     ucd: src.var.amplitude
# - 
#   name: geom_model_gaussian1_depth_error
#   datatype: float32
#   unit: mag
#   description: "Uncertainty of \\texttt{geomModelGaussian1Depth}"
#   meta:
#     ucd: stat.error;src.var.amplitude
# - 
#   name: geom_model_gaussian2_phase
#   datatype: float32
#   description: Phase of Gaussian 2 component
#   meta:
#     ucd: time.phase
# - 
#   name: geom_model_gaussian2_phase_error
#   datatype: float32
#   description: "Uncertainty of \\texttt{geomModelGaussian2Phase}"
#   meta:
#     ucd: stat.error;time.phase
# - 
#   name: geom_model_gaussian2_sigma
#   datatype: float32
[...]
#   datatype: float32
#   description: "Secondary eclipse: uncertainty of \\texttt{derivedSecondaryEclDuration}"
#   meta:
#     ucd: stat.error;time.duration
# - 
#   name: derived_secondary_ecl_depth
#   datatype: float32
#   unit: mag
#   description: "Secondary eclipse: depth"
#   meta:
#     ucd: src.var.amplitude
# - 
#   name: derived_secondary_ecl_depth_error
#   datatype: float32
#   unit: mag
#   description: "Secondary eclipse: uncertainty of \\texttt{derivedSecondaryEclDepth}"
#   meta:
#     ucd: stat.error;src.var.amplitude
solution_id,source_id,global_ranking,reference_time,frequency,frequency_error,geom_model_reference_level,geom_model_reference_level_error,geom_model_gaussian1_phase,geom_model_gaussian1_phase_error,geom_model_gaussian1_sigma,geom_model_gaussian1_sigma_error,geom_model_gaussian1_depth,geom_model_gaussian1_depth_error,geom_model_gaussian2_phase,geom_model_gaussian2_phase_error,geom_model_gaussian2_sigma,geom_model_gaussian2_sigma_error,geom_model_gaussian2_depth,geom_model_gaussian2_depth_error,geom_model_cosine_half_period_amplitude,geom_model_cosine_half_period_amplitude_error,geom_model_cosine_half_period_phase,geom_model_cosine_half_period_phase_error,model_type,num_model_parameters,reduced_chi2,derived_primary_ecl_phase,derived_primary_ecl_phase_error,derived_primary_ecl_duration,derived_primary_ecl_duration_error,derived_primary_ecl_depth,derived_primary_ecl_depth_error,derived_secondary_ecl_phase,derived_secondary_ecl_phase_error,derived_secondary_ecl_duration,derived_secondary_ecl_duration_error,derived_secondary_ecl_depth,derived_secondary_ecl_depth_error
[from data line 299]
375316653866487564,4152908405144599168,0.5670461,2282.2037013594054,1.335233389799031,1.1175134E-5,15.631799,0.011725652,0.21383996,0.0034407661,0.111454636,0.010824044,0.12152777,0.011830192,0.7146973,0.0020281782,0.09871282,0.008107689,0.15540908,0.01048842,null,null,null,null,"TWOGAUSSIANS",8,9.516659,0.7146973,0.0020281782,0.4,0.0,0.1395606,0.0036520164,0.21383996,0.0034407661,0.4,0.0,0.105669744,0.008852104
375316653866487564,4152908473843354240,0.5252035,2237.262185867458,2.914059738236059,1.4498345E-5,18.12284,0.042276192,0.31400114,0.0060507334,0.102511205,0.026679289,0.3386287,0.040234465,0.8111793,0.0076767714,0.08852876,0.015678834,0.36232537,0.03843322,null,null,null,null,"TWOGAUSSIANS",8,6.954737,0.8111793,0.0076767714,0.4,0.0,0.34052768,0.017208291,0.31400114,0.0060507334,0.4,0.0,0.31682643,0.062115733
375316653866487564,4152908748741977216,0.6340251,2253.9945457623444,2.5209512832809686,6.4546916E-6,17.16155,0.0071460535,0.26538348,0.005413163,0.04323248,0.018307965,0.14156017,0.101750635,0.7669355,0.006999588,0.049523115,0.005325769,0.109527186,0.016408568,0.115812436,0.008526823,0.26538348,0.005413163,"TWOGAUSSIANS_WITH_ELLIPSOIDAL_ON_ECLIPSE1",9,3.8950555,0.26538348,0.005413163,0.24210188,0.1025246,0.3731846,0.1080011,0.7669355,0.006972628,0.27732944,0.029824307,0.3411296,0.0071324664
375316653866487564,4152909122381927040,0.49222553,2273.492249369296,2.3586145120967874,6.450611E-5,18.196093,0.03505159,0.28742808,0.008045777,0.09020291,0.016239429,0.2546653,0.034208287,0.8013521,0.0087024,0.08452078,0.015746582,0.31811577,0.035965856,null,null,null,null,"TWOGAUSSIANS",8,14.319986,0.8013521,0.0087024,0.4,0.0,0.3106292,0.02953737,0.28742808,0.008045777,0.4,0.0,0.24717858,0.026892027
375316653866487564,4152909191105275776,0.4559487,2274.1931600140815,0.9024390539261957,1.1622636E-4,18.019314,0.1681149,0.39110953,0.023772478,0.19793737,0.11276936,0.24577892,0.14439338,0.86487365,0.01518368,0.041265257,0.024344025,0.16987196,0.3758678,null,null,null,null,"TWOGAUSSIANS",8,2.8025084,0.39110953,0.023772478,0.4,0.0,0.2109513,0.022781089,0.86487365,0.01518368,0.23108543,0.13632654,0.15622938,0.38369662
375316653866487564,4152910221900428288,0.61017007,2266.5838370543092,0.729608558973552,1.0752836E-6,16.834959,0.0042570336,0.35089055,0.022717657,0.017768484,0.009820997,0.6794618,0.5642443,0.85227156,7.724308E-4,0.018832607,4.7781935E-4,0.4265204,0.010974561,null,null,null,null,"TWOGAUSSIANS",8,12.353255,0.35089055,0.022717657,0.09950351,0.054997582,0.6794618,0.5642443,0.85227156,7.724308E-4,0.1054626,0.0026757885,0.4265204,0.010974561
375316653866487564,4152910428055873920,0.5238001,2297.276572612237,2.885264467913139,2.8185259E-5,17.863325,0.11852016,0.25026968,0.021132719,0.10661134,0.040480834,0.2481871,0.12238206,0.75226974,0.010515499,0.12543489,0.041027103,0.25361148,0.115483224,null,null,null,null,"TWOGAUSSIANS",8,8.549331,0.75226974,0.010516563,0.4,0.0,0.2054375,0.014601022,0.25024968,0.021557298,0.4,0.0,0.20018497,0.02232674
375316653866487564,4152910501088636416,0.565672,2265.486346918412,1.1482522179418206,7.290111E-5,17.009108,0.0042568175,0.22616114,0.13435052,0.055057447,0.16587248,0.032236844,0.03180313,0.7197811,0.00605727,0.030388478,0.006025476,0.2049193,0.67379403,null,null,null,null,"TWOGAUSSIANS",8,1.8371261,0.7197811,0.00605727,0.17017548,0.033742666,0.20491928,0.6737435,0.22616114,0.13435052,0.3083217,0.15295538,0.032236844,0.03269993
375316653866487564,4152910977814689280,0.5735872,2285.5017338383886,2.9313632901993643,1.06791695E-5,18.449053,0.010844184,0.17473947,0.0044204467,0.06799332,0.004120747,0.59080136,0.035170365,0.67823094,0.005342774,0.066576295,0.0054613426,0.6497599,0.032420523,null,null,null,null,"TWOGAUSSIANS",8,6.1023664,0.67823094,0.005342774,0.37282726,0.028545815,0.6486297,0.032876182,0.17473947,0.0044204467,0.3807626,0.023076184,0.5896712,0.035301436
375316653866487564,4152914173267644928,0.4225076,2316.7128475293093,0.1587589587600604,1.07467386E-4,15.537263,0.064502634,null,null,null,null,null,null,null,null,null,null,null,null,0.13505389,0.07982475,0.22379632,0.014843319,"ELLIPSOIDAL",4,576.356,null,null,null,null,null,null,null,null,null,null,null,null
375316653866487564,4152914929184667648,0.5115251,2257.3666912563854,2.8874384003459554,4.121461E-5,18.136858,0.019359626,0.22301103,0.01207927,0.07900803,0.022274094,0.34106147,0.035010394,0.7378911,0.007169654,0.087251455,0.012535006,0.35519865,0.032178998,null,null,null,null,"TWOGAUSSIANS",8,13.778092,0.7378911,0.007169654,0.4,0.0,0.3494439,0.03366434,0.22301103,0.01207927,0.4,6.7332474E-4,0.33530682,0.044796687
375316653866487564,4152915135340410624,0.4834358,2260.518915626873,0.33921118171274967,9.9343386E-5,17.608892,0.013558137,0.20305245,0.014658747,0.097982764,0.027926272,0.10485239,0.064772874,0.6352552,7.1681204E-4,0.012343395,8.441971E-4,0.29202145,0.011232059,null,null,null,null,"TWOGAUSSIANS",8,15.802599,0.6352552,7.1681204E-4,0.06912301,0.0047275038,0.29202724,0.011292716,0.20305245,0.014658747,0.4,0.0,0.10485191,0.06477407
375316653866487564,4152915586310622080,0.5614346,2211.8658907683384,0.8676605891695102,2.8489734E-5,19.749878,0.019949896,0.29118928,0.010455207,0.061471585,0.009778707,0.29874513,0.033221282,0.8001671,0.03524306,0.050988194,0.07887561,0.3168361,0.2406629,null,null,null,null,"TWOGAUSSIANS",8,0.8327179,0.8001671,0.03524306,0.28553388,0.14948344,0.3168143,0.24758723,0.29118928,0.010455024,0.34424087,0.05476076,0.29872334,0.03241562
375316653866487564,4152915719462713216,0.6008457,2276.5156586934318,3.3101336170023115,1.8985304E-5,19.618063,0.012005229,0.2262962,0.003993328,0.066549495,0.0041771354,0.70777446,0.056794457,0.73218983,0.014378231,0.07266232,0.0094784545,0.53130895,0.042229246,null,null,null,null,"TWOGAUSSIANS",8,1.2258661,0.2262962,0.003993328,0.37267718,0.02339196,0.70612484,0.056968737,0.73218983,0.014378231,0.4,0.0074276268,0.52965933,0.041088566
375316653866487564,4152916544096419968,0.5192102,2239.862141582476,0.7214927406609926,1.2138774E-4,18.526188,0.013386119,0.13907453,0.005242478,0.01793238,0.004123258,0.6721616,0.35493907,0.55693024,0.024269078,0.06345351,0.019068597,0.3996456,0.18836187,null,null,null,null,"TWOGAUSSIANS",8,14.442454,0.13907453,0.005242478,0.100421324,0.023090245,0.6721616,0.35493907,0.55693024,0.024269078,0.35533968,0.08086433,0.3996456,0.18836188
375316653866487564,4152917098159324928,0.5059268,2244.317446595697,4.922288468969988,2.4090641E-5,15.645193,0.0021261792,0.10468292,0.094246745,0.011027195,0.024280675,0.05956517,3.6382253,0.8156534,0.006208216,0.017259197,0.0035157173,0.17278963,0.012393782,0.008935586,0.0032209747,0.8156534,0.006208216,"TWOGAUSSIANS_WITH_ELLIPSOIDAL_ON_ECLIPSE2",9,24.492668,0.8156534,0.006208216,0.0966515,0.019688018,0.1906608,0.012304151,0.10479292,0.0941968,0.06175229,0.13597178,0.060621385,3.647152
375316653866487564,4152917304301028864,0.5841119,2268.297586968311,0.9772366338745123,3.0042089E-5,19.564396,0.0054555107,0.45551762,7.171729E-4,0.022590598,0.0024725532,0.052415095,0.0050322185,0.78569525,0.0041962177,0.0654581,0.0050139246,0.44091234,0.18625009,null,null,null,null,"TWOGAUSSIANS",8,0.40832675,0.78569525,0.0041962177,0.36656532,0.028077977,0.44091234,0.18625009,0.45551762,7.171729E-4,0.12650736,0.013846298,0.052416414,0.005033551
375316653866487564,4152917476116512384,0.49872208,2259.020509249802,0.019784077507822264,3.6629242E-6,16.394896,0.0050531356,0.37710518,0.012537106,0.0011025668,0.002654759,0.1622462,61.598545,0.8750983,0.0139459,0.061010905,0.021094486,0.01856869,0.008906308,null,null,null,null,"TWOGAUSSIANS",8,10.499956,0.37710518,0.012537106,0.0061743744,0.01486665,0.1622462,61.598545,0.8750983,0.0139459,0.34166107,0.11812912,0.01856869,0.008906308
375316653866487564,4152917510459627392,0.4974101,2301.2924497432737,4.437460781917001,3.4321427E-5,19.370277,0.022255477,0.35681713,0.0028911356,0.06825136,0.0058088033,0.449283,0.036973607,0.8193775,0.011374846,0.07356651,0.010691259,0.48197266,0.047406614,null,null,null,null,"TWOGAUSSIANS",8,6.333781,0.8193775,0.011374846,0.4,0.006619763,0.48126385,0.047431584,0.35681713,0.0028911356,0.3822076,0.0325293,0.44857422,0.036828645
375316653866487564,4152917579195613568,0.5873488,2179.7048393850264,0.9833492947766453,1.08788545E-5,16.109465,0.002624122,0.22227785,0.0020963377,0.025768645,0.0028324225,0.16758107,0.034570493,0.72389376,0.00758272,0.03602185,0.009225589,0.09584904,0.014334665,0.047701944,0.004163737,0.22227785,0.0020963377,"TWOGAUSSIANS_WITH_ELLIPSOIDAL_ON_ECLIPSE1",9,13.1256,0.22227785,0.0020963377,0.14430441,0.015861565,0.2629848,0.035546634,0.72389376,0.0069700885,0.20172235,0.0516633,0.19124295,0.015842685
375316653866487564,4152917888433385472,0.62258726,2256.768201943705,1.1666705321290691,6.0968314E-6,16.389433,0.011565217,0.22417846,0.00511006,0.088879064,0.0069853878,0.217491,0.021188399,0.7066377,0.0012284317,0.079445,0.002352798,0.51189095,0.012816715,null,null,null,null,"TWOGAUSSIANS",8,19.113874,0.7066377,0.0012284317,0.4,0.0,0.5062092,0.0115913255,0.22417846,0.00511006,0.4,0.0,0.21180914,0.021201817
375316653866487564,4152918163295035136,0.44931853,2244.845082386344,2.26191439339286,3.2760952E-5,18.805304,0.014094426,0.30721405,0.005982123,0.071407646,0.0120409075,0.10222433,0.014822142,0.8341695,0.0056980783,0.051002715,0.008192021,0.17805645,0.012370747,null,null,null,null,"TWOGAUSSIANS",8,4.916056,0.8341695,0.0056980783,0.2856152,0.045875322,0.17803253,0.01233519,0.30721405,0.005982123,0.39988282,0.053061713,0.10220041,0.014790025
375316653866487564,4152918369469843712,0.47653192,2236.6058918972685,0.6124170323588348,2.6074065E-5,16.033556,0.032456763,0.3382068,0.008869222,0.11074528,0.050312754,0.07815462,0.020826649,0.837555,0.009559695,0.09664033,0.032699782,0.06199459,0.0306521,null,null,null,null,"TWOGAUSSIANS",8,8.202982,0.3382068,0.00886823,0.4,0.0,0.07056049,0.013228628,0.837555,0.009563482,0.4,0.0,0.054406125,0.007156194
375316653866487564,4152919091024345984,0.6048357,2251.771015980017,1.3696445574387186,5.746422E-6,14.171733,8.652283E-4,0.22786595,0.0020792172,0.05361298,0.0037987388,0.055410653,0.0022675507,null,null,null,null,null,null,0.044697426,0.0012464677,0.22786595,0.0020792172,"ONEGAUSSIAN_WITH_ELLIPSOIDAL",6,18.10513,0.22786595,0.0020792172,0.30023268,0.021272939,0.1448044,0.002145752,null,null,null,null,null,null
375316653866487564,4152919503345317888,0.5938112,2240.874172084206,4.957889866837713,3.0168218E-5,19.206968,0.053642057,0.06316442,0.029080966,0.0601206,0.07166694,0.061613075,0.038183924,0.52525765,0.0049308813,0.149002,0.015798755,0.64284843,0.047021165,null,null,null,null,"TWOGAUSSIANS",8,1.3528241,0.52525765,0.0049308813,0.4,0.0,0.62165767,0.026864655,0.06916442,0.028121442,0.33667538,0.37695843,0.046874117,0.020794725
375316653866487564,4152919743859110272,0.6887893,2179.2751822474106,0.7275702004240162,4.1119383E-6,13.985281,4.83657E-4,0.79395646,7.7014836E-4,0.044098426,0.0013870953,0.09887358,0.0028824168,null,null,null,null,null,null,0.06811581,0.0010390821,0.79395646,7.7014836E-4,"ONEGAUSSIAN_WITH_ELLIPSOIDAL",6,8.950468,0.79395646,7.7014836E-4,0.24695118,0.0077677337,0.23510514,0.0030631581,null,null,null,null,null,null
375316653866487564,4152920465397237888,0.52301985,2274.7283043583816,0.7722010218986408,2.1330378E-4,19.828876,0.011508608,0.5109455,0.070706695,0.1137309,0.041507404,0.21178263,0.108660534,0.65845984,0.07810723,0.042802177,0.09110476,0.21250339,0.24442309,null,null,null,null,"TWOGAUSSIANS",8,0.57699496,0.65845984,0.07810723,0.2396922,0.2012448,0.30379874,0.20982443,0.5145155,0.045684967,0.4,0.0,0.2123952,0.012481489
375316653866487564,4152921496190350080,0.5233738,2260.723031391594,3.7010331720152356,9.942771E-6,19.637024,0.01928838,0.29118845,0.007606036,0.07087213,0.016510429,0.29430214,0.031485025,0.80872667,0.00725166,0.06993148,0.009503304,0.34982306,0.078193985,null,null,null,null,"TWOGAUSSIANS",8,1.3192097,0.80872667,0.00725166,0.39161628,0.046623748,0.34907612,0.07852902,0.29118845,0.007606036,0.3968839,0.039935555,0.29355517,0.033387106
375316653866487564,4152921942882680448,0.63350546,2223.4481204935646,1.377295062993624,6.008343E-6,17.355045,0.0067614135,0.22512394,0.001855366,0.07668853,0.0039589303,0.4522833,0.013328024,0.72122395,0.0034886382,0.09046706,0.006621183,0.20934476,0.009080664,null,null,null,null,"TWOGAUSSIANS",8,3.2180407,0.22512394,0.001855366,0.4,0.0,0.4460484,0.015005094,0.72122395,0.0034886382,0.4,0.0,0.20310979,0.00931832
375316653866487564,4152921972930951424,0.56916183,2234.6048528835536,3.0956162301825474,1.8745704E-5,18.345722,0.022678718,0.26896128,0.005593639,0.08042843,0.0060696993,0.430052,0.027039541,0.76120776,0.013080952,0.08696278,0.011665774,0.55819285,0.031955298,null,null,null,null,"TWOGAUSSIANS",8,6.165959,0.76120776,0.013080952,0.4,0.0,0.5483106,0.026083214,0.26896128,0.005593639,0.4,0.0,0.42016986,0.021767331
375316653866487564,4152922423903648384,0.5026366,2167.9736508202964,3.731609191099964,2.7366352E-5,19.76178,0.026422292,0.27678454,0.005276595,0.076772876,0.0077684326,0.56150657,0.11048147,0.75647104,0.032991886,0.050519645,0.034557845,0.6670593,0.16598767,null,null,null,null,"TWOGAUSSIANS",8,4.449743,0.75647104,0.032991886,0.28291002,0.13838011,0.66678286,0.17425552,0.27678454,0.005276595,0.4,0.0,0.5612301,0.11065564
375316653866487564,4152922660129178880,0.6113017,2279.4294538321046,2.8639709225285706,8.443839E-6,17.767345,0.020672416,0.11918151,0.04076642,0.03985596,0.022441171,0.35273954,0.106889375,0.6307368,0.004715441,0.033994794,0.012916205,0.9698649,0.90263575,0.14267579,0.039727148,0.6307368,0.004715441,"TWOGAUSSIANS_WITH_ELLIPSOIDAL_ON_ECLIPSE2",9,9.682654,0.6307368,0.004715441,0.19037086,0.07233075,1.2552162,0.953578,0.12024151,0.038948685,0.22319338,0.12567055,0.63672704,0.12427161
375316653866487564,4152924000149437184,0.52031404,2271.022642248517,2.1912354328859736,4.7899153E-5,18.761549,0.004954662,0.13259703,0.020594954,0.05465972,0.019251497,0.06970914,0.08417866,0.6158053,0.032137144,0.03167878,0.011705001,0.23980176,0.1769129,null,null,null,null,"TWOGAUSSIANS",8,1.1422542,0.6158053,0.032137144,0.17740117,0.065548,0.23980176,0.17691284,0.13259703,0.020594954,0.30609444,0.10780839,0.06970914,0.084178664
375316653866487564,4152924382428239872,0.54469436,2164.3272906980346,3.666243727377511,2.771274E-4,19.604744,0.014339985,0.49885014,0.0013760463,0.03630411,0.0023751408,0.9646227,0.05244579,0.9342327,0.0037049458,0.017401721,0.006165067,0.30457392,0.4325431,null,null,null,null,"TWOGAUSSIANS",8,1.950412,0.49885014,0.0013760463,0.20330301,0.013300789,0.9646227,0.05244579,0.9342327,0.0037049458,0.097449645,0.034524374,0.30457392,0.4325431
375316653866487564,4152924451143681024,0.5895253,2218.8588074842314,1.182692024100795,5.2801388E-5,16.206736,0.002358339,0.5049852,0.019345602,0.042681884,0.008301943,0.013057879,0.02287177,0.714059,1.8274067E-4,0.030512555,3.9280258E-4,0.23751725,0.0023650376,null,null,null,null,"TWOGAUSSIANS",8,3.818519,0.714059,1.8274067E-4,0.1708703,0.0021996945,0.23751733,0.0023651503,0.5049852,0.019345602,0.23901854,0.046490878,0.013057879,0.02287177
375316653866487564,4152924485487893504,0.5077766,2201.616503865678,1.3798400100943211,6.3618325E-5,18.776674,0.012247868,0.34096313,0.008158933,0.08526826,0.017751794,0.35127696,0.14304258,0.8347961,0.0067679835,0.06413552,0.00889234,0.27356836,0.033058885,null,null,null,null,"TWOGAUSSIANS",8,3.7644083,0.34096313,0.008158933,0.4,0.0,0.3492661,0.145862,0.8347961,0.0067679835,0.35915893,0.049797103,0.27155757,0.03371992
