Gaia/vari_eclipsing_binary/VariEclipsingBinary_231272-231299.csv
# %ECSV 1.0
# ---
# delimiter: ','
# meta: !!omap
# - RELEASE: Gaia DR3
# - TABLE: vari_eclipsing_binary
# - DESCRIPTION: >
#     This table describes the properties of the eclipsing binaries resulting from the variability analysis. 
# - CITATION: >
#     How to cite and acknowledge Gaia: 
#     https://gea.esac.esa.int/archive/documentation/credits.html 
# - KNOWN_ISSUES: >
#     Known issues: 
#     https://www.cosmos.esa.int/web/gaia-users/known-issues 
# - DOCUMENTATION: >
#     Tutorials and documentation: 
#     https://www.cosmos.esa.int/web/gaia-users/archive 
# datatype:
# - 
#   name: solution_id
#   datatype: int64
#   description: Solution Identifier
#   meta:
#     ucd: meta.version
# - 
#   name: source_id
#   datatype: int64
#   description: Unique source identifier
#   meta:
#     ucd: meta.id;meta.main
# - 
#   name: global_ranking
#   datatype: float32
#   description: Number between 0 (worst) and 1 (best)
#   meta:
#     ucd: stat.param
# - 
#   name: reference_time
#   datatype: float64
#   unit: d
#   description: Reference time used for the geometric model fit
#   meta:
#     ucd: time.epoch
# - 
#   name: frequency
#   datatype: float64
#   unit: d**-1
#   description: Frequency of geometric model of the eclipsing binary light curve
#   meta:
#     ucd: src.orbital
# - 
#   name: frequency_error
#   datatype: float32
#   unit: d**-1
#   description: "Uncertainty of \\texttt{frequency}"
#   meta:
#     ucd: stat.error
# - 
#   name: geom_model_reference_level
#   datatype: float32
#   unit: mag
#   description: Magnitude reference level of geometric model
#   meta:
#     ucd: phot.mag;em.opt
# - 
#   name: geom_model_reference_level_error
#   datatype: float32
#   unit: mag
#   description: "Uncertainty of \\texttt{geomModelReferenceLevel}"
#   meta:
#     ucd: stat.error;phot.mag;em.opt
# - 
#   name: geom_model_gaussian1_phase
#   datatype: float32
#   description: Phase of the Gaussian 1 component
#   meta:
#     ucd: time.phase
# - 
#   name: geom_model_gaussian1_phase_error
#   datatype: float32
#   description: "Uncertainty of \\texttt{geomModelGaussian1Phase}"
#   meta:
#     ucd: stat.error;time.phase
# - 
#   name: geom_model_gaussian1_sigma
#   datatype: float32
#   description: "Standard deviation [phase] of Gaussian 1 component"
#   meta:
#     ucd: stat.stdev
# - 
#   name: geom_model_gaussian1_sigma_error
#   datatype: float32
#   description: "Uncertainty of \\texttt{geomModelGaussian1Sigma}"
#   meta:
#     ucd: stat.error
# - 
#   name: geom_model_gaussian1_depth
#   datatype: float32
#   unit: mag
#   description: Magnitude depth of Gaussian 1 component
#   meta:
#     ucd: src.var.amplitude
# - 
#   name: geom_model_gaussian1_depth_error
#   datatype: float32
#   unit: mag
#   description: "Uncertainty of \\texttt{geomModelGaussian1Depth}"
#   meta:
#     ucd: stat.error;src.var.amplitude
# - 
#   name: geom_model_gaussian2_phase
#   datatype: float32
#   description: Phase of Gaussian 2 component
#   meta:
#     ucd: time.phase
# - 
#   name: geom_model_gaussian2_phase_error
#   datatype: float32
#   description: "Uncertainty of \\texttt{geomModelGaussian2Phase}"
#   meta:
#     ucd: stat.error;time.phase
# - 
#   name: geom_model_gaussian2_sigma
#   datatype: float32
[...]
#   datatype: float32
#   description: "Secondary eclipse: uncertainty of \\texttt{derivedSecondaryEclDuration}"
#   meta:
#     ucd: stat.error;time.duration
# - 
#   name: derived_secondary_ecl_depth
#   datatype: float32
#   unit: mag
#   description: "Secondary eclipse: depth"
#   meta:
#     ucd: src.var.amplitude
# - 
#   name: derived_secondary_ecl_depth_error
#   datatype: float32
#   unit: mag
#   description: "Secondary eclipse: uncertainty of \\texttt{derivedSecondaryEclDepth}"
#   meta:
#     ucd: stat.error;src.var.amplitude
solution_id,source_id,global_ranking,reference_time,frequency,frequency_error,geom_model_reference_level,geom_model_reference_level_error,geom_model_gaussian1_phase,geom_model_gaussian1_phase_error,geom_model_gaussian1_sigma,geom_model_gaussian1_sigma_error,geom_model_gaussian1_depth,geom_model_gaussian1_depth_error,geom_model_gaussian2_phase,geom_model_gaussian2_phase_error,geom_model_gaussian2_sigma,geom_model_gaussian2_sigma_error,geom_model_gaussian2_depth,geom_model_gaussian2_depth_error,geom_model_cosine_half_period_amplitude,geom_model_cosine_half_period_amplitude_error,geom_model_cosine_half_period_phase,geom_model_cosine_half_period_phase_error,model_type,num_model_parameters,reduced_chi2,derived_primary_ecl_phase,derived_primary_ecl_phase_error,derived_primary_ecl_duration,derived_primary_ecl_duration_error,derived_primary_ecl_depth,derived_primary_ecl_depth_error,derived_secondary_ecl_phase,derived_secondary_ecl_phase_error,derived_secondary_ecl_duration,derived_secondary_ecl_duration_error,derived_secondary_ecl_depth,derived_secondary_ecl_depth_error
[from data line 110]
375316653866487564,2034319712254571520,0.525414,2253.2491731230134,0.27714651315435473,2.2002419E-4,18.257423,0.0017392223,0.46783644,0.03651248,0.03311608,0.030369118,0.025638303,26.137943,0.7741408,0.00159499,0.015371026,8.414996E-4,0.28542304,0.0135742435,null,null,null,null,"TWOGAUSSIANS",8,1.3678067,0.7741408,0.00159499,0.08607774,0.0047123977,0.28542304,0.0135742435,0.46783644,0.03651248,0.18545006,0.17006706,0.025638303,26.137943
375316653866487564,2034319888395606400,0.51663804,2220.5569473399723,0.36215250086946316,1.0502779E-4,17.713093,0.002719259,0.4780913,0.021437531,0.020710187,0.051372413,0.026696207,0.62178034,0.83558047,0.00383784,0.018557113,0.0048697055,0.2018306,0.027469978,0.0039154855,0.0031001638,0.83558047,0.00383784,"TWOGAUSSIANS_WITH_ELLIPSOIDAL_ON_ECLIPSE2",9,3.4726872,0.83558047,0.00383784,0.10391983,0.02727035,0.20966153,0.026756587,0.47732133,0.05262357,0.11597704,0.2876855,0.029775564,0.6214232
375316653866487564,2034320197633275136,0.6770898,2248.479682391627,0.10062666548528425,1.5342316E-4,14.706936,4.810483E-4,0.23663856,2.674106E-4,0.018393453,6.9964386E-4,0.44609973,0.011932747,0.5638076,0.009429892,0.03323587,0.01186208,0.004894667,0.0010307815,0.0015306905,5.430021E-4,0.23663856,2.674106E-4,"TWOGAUSSIANS_WITH_ELLIPSOIDAL_ON_ECLIPSE1",9,6.9002323,0.23663856,2.674106E-4,0.10300334,0.0039180056,0.44916108,0.01183657,0.56751764,0.0072774165,0.18612087,0.06642765,0.0055890842,0.0011170494
375316653866487564,2034320781748818048,0.673904,2221.4185726759333,1.9132689161007312,3.3555712E-6,15.765473,0.004805608,0.17856836,0.001172917,0.060270496,0.006398885,0.05887991,0.0114921965,0.677604,0.0017393961,0.052483257,0.0016047447,0.4313408,0.016390149,0.07543037,0.006897196,0.17856836,0.001172917,"TWOGAUSSIANS_WITH_ELLIPSOIDAL_ON_ECLIPSE1",9,10.38343,0.677674,0.0016276023,0.29390624,0.00898657,0.58218,0.013733198,0.17856836,0.001172917,0.3375148,0.035833757,0.20972428,0.0036918903
375316653866487564,2034320953526753152,0.4883828,2250.174035318688,0.6631122121182971,2.2086198E-5,17.85846,0.105119266,0.32052934,0.020486964,0.03832284,0.23343308,1.1399502,1.3394233,0.8150081,0.002732059,0.054693546,0.0191832,0.12700137,0.04494959,null,null,null,null,"TWOGAUSSIANS",8,8.487061,0.32052934,0.020486964,0.2146079,0.22570309,1.1399499,1.4034988,0.8150081,0.002732059,0.30628386,0.09508099,0.12700114,0.016207376
375316653866487564,2034320987887091712,0.5348231,2234.9117335822193,0.7272073057569522,1.0426473E-5,19.42656,0.007374247,0.30305707,0.01052505,0.0672826,0.0101625975,0.42672908,0.10116099,0.8035212,0.0034635158,0.069837965,0.004692806,0.33999327,0.01135306,null,null,null,null,"TWOGAUSSIANS",8,1.5904951,0.30305707,0.01052505,0.37678257,0.039828867,0.42575648,0.102038294,0.8035212,0.0034635158,0.39109263,0.019497082,0.33902067,0.011268411
375316653866487564,2034321572023126656,0.5964386,2227.1309917636017,0.38870904605182577,6.0214747E-6,14.573921,0.0021699886,0.27920517,0.0019577218,0.02656189,0.0010116142,0.45726582,0.028826078,0.7781691,0.014663257,0.017214516,0.008425794,0.0916625,0.04093083,0.009738109,0.0034142137,0.27920517,0.0019577218,"TWOGAUSSIANS_WITH_ELLIPSOIDAL_ON_ECLIPSE1",9,60.611214,0.27920517,0.0019577218,0.14874658,0.0056650396,0.476742,0.02820537,0.7781791,0.014657709,0.09640129,0.047184445,0.11113787,0.04120429
375316653866487564,2034321705119603840,0.48718742,2219.8805027197313,4.293958061592624,2.0522888E-5,17.73513,0.4539748,0.21027738,0.004117108,0.2082636,0.061542735,0.7195488,0.4376475,0.71324915,0.004687537,0.16714978,0.036671374,0.6903176,0.36171833,null,null,null,null,"TWOGAUSSIANS",8,4.0286775,0.71490914,0.0044969963,0.4,0.0,0.20018636,0.013196116,0.20917737,0.0038353119,0.4,0.0,0.16451126,0.009645483
375316653866487564,2034321739479385984,0.549621,2234.399384814783,1.2306809524699869,2.8497834E-5,18.251106,0.003071479,0.24721533,0.0034842654,0.048881117,0.003707208,0.31306535,0.013117669,0.7219953,0.02122994,0.04959796,0.014248157,0.07290519,0.010699637,null,null,null,null,"TWOGAUSSIANS",8,3.2007115,0.24721533,0.0034842654,0.27373424,0.020760365,0.31306514,0.013117616,0.7219953,0.02122994,0.27774858,0.079789676,0.072905,0.010702405
375316653866487564,2034322156117940224,0.5782217,2248.7397764460375,2.1594171493816567,1.1391119E-5,18.977478,0.014127538,0.2337214,0.0026489508,0.047189116,0.011604225,0.13836725,0.03740486,0.75265306,0.012615475,0.048217557,0.019534705,0.14632219,0.018511359,0.111061715,0.016214697,0.2337214,0.0026489508,"TWOGAUSSIANS_WITH_ELLIPSOIDAL_ON_ECLIPSE1",9,1.5058056,0.75265306,0.012615475,0.2700183,0.10939436,0.3653169,0.038179565,0.2337214,0.0026489508,0.26425907,0.06498366,0.36049005,0.03230459
375316653866487564,2034322461033907712,0.4741846,2232.880025574372,0.45510694232203447,2.080766E-5,18.340834,0.007847069,0.25297102,4.061005E-5,0.0033362156,9.700039E-5,0.5988814,0.025634225,0.75472486,0.03395035,0.07377592,0.02059056,0.050184917,0.01610019,null,null,null,null,"TWOGAUSSIANS",8,14.203533,0.25297102,4.061005E-5,0.018682808,5.432022E-4,0.5988814,0.025634225,0.75472486,0.03395035,0.4,0.062029544,0.050184917,0.01610019
375316653866487564,2034322465376374656,0.46204445,2266.62357300774,0.2775984984520848,3.9987386E-5,14.635649,0.0017581708,0.35847342,0.0063647884,0.01525821,0.004640758,0.11783999,0.038251575,0.8378618,0.0072643873,0.021623584,0.009897595,0.060561564,0.016795613,null,null,null,null,"TWOGAUSSIANS",8,47.99188,0.35847342,0.0063647884,0.08544598,0.025988245,0.11783999,0.038251575,0.8378618,0.0072643873,0.12109207,0.055426534,0.060561564,0.016795613
375316653866487564,2034323736686325888,0.54502076,2218.6601738834006,3.3045937608625944,6.7358246E-6,15.54142,0.02008085,0.23924911,0.0036409663,0.09926657,0.010360496,0.21675985,0.018969992,0.76328725,0.0021102524,0.10410542,0.008772815,0.2512645,0.017415402,null,null,null,null,"TWOGAUSSIANS",8,41.116543,0.76328725,0.0021111004,0.4,0.0,0.23436803,0.011145894,0.23923911,0.0036437742,0.4,0.0,0.199869,0.010337213
375316653866487564,2034323904148438400,0.5402451,2218.9569478967933,2.92457826179527,1.0368929E-5,17.508898,0.0032984843,0.23082335,0.0039194217,0.05647202,0.0037222842,0.17081831,0.013216262,0.73838556,0.002878885,0.06467939,0.004076915,0.15769418,0.005651409,null,null,null,null,"TWOGAUSSIANS",8,4.552595,0.23082335,0.0039194217,0.31624332,0.020844791,0.17076787,0.013226317,0.73838556,0.002878885,0.3622046,0.022830723,0.15764374,0.005654935
375316653866487564,2034324320801939200,0.64720106,2233.85994956085,0.2571188076974527,1.8671783E-6,14.28879,0.0017559547,0.27949288,0.012021067,0.023540772,0.011733583,0.32349774,0.04570626,0.7815406,0.0026807324,0.018615505,0.0030233853,0.2974517,0.06001444,0.0019724467,0.002733364,0.27949288,0.012021067,"TWOGAUSSIANS_WITH_ELLIPSOIDAL_ON_ECLIPSE1",9,24.323326,0.27949288,0.012021067,0.13182832,0.06570807,0.32744265,0.044969086,0.7815406,0.0026807324,0.10424683,0.016930958,0.30139595,0.06272633
375316653866487564,2034324458240922368,0.5279204,2227.8021442554377,0.7320860868700416,1.528967E-5,18.258194,0.0096023595,0.2891907,0.12498853,0.08754752,0.12065847,0.029555395,0.021525817,0.8052191,0.0020446302,0.020981971,0.0029643495,0.57486916,0.046531603,null,null,null,null,"TWOGAUSSIANS",8,12.435673,0.8052191,0.0020446302,0.11749904,0.016600357,0.5748682,0.04662689,0.2891907,0.12498853,0.4,0.2158851,0.0295544,0.020057786
375316653866487564,2034324934935380224,0.52080077,2220.957634727121,2.9374519102261094,2.247848E-5,18.35384,0.0134320455,0.26297924,0.003387073,0.05463287,0.012706701,0.09208782,0.043140016,0.77321863,0.01963373,0.04402619,0.016808825,0.11541472,0.040658306,0.109385855,0.020531818,0.26297924,0.003387073,"TWOGAUSSIANS_WITH_ELLIPSOIDAL_ON_ECLIPSE1",9,10.08611,0.77321863,0.019384813,0.24654666,0.09412942,0.3332795,0.041546788,0.26297924,0.003387073,0.30594406,0.07115752,0.31085685,0.026086556
375316653866487564,2034325003657387776,0.48146057,2247.132493315018,0.7797838540947765,2.1777738E-5,18.750793,0.0030097289,0.19415829,0.0018611306,0.024776643,0.0013332078,0.1964388,0.019236099,0.6900211,0.0024318655,0.02339988,0.005378739,0.09708404,0.050048757,null,null,null,null,"TWOGAUSSIANS",8,2.489817,0.19415829,0.0018611306,0.1387492,0.0074659637,0.1964388,0.019236099,0.6900211,0.0024318655,0.13103934,0.030120939,0.09708404,0.050048757
375316653866487564,2034325179795411072,0.5275766,2230.697864656702,0.4733736967261141,4.4814726E-5,17.523083,0.001345914,0.48823872,0.018884705,0.027143385,0.007971398,0.3101195,0.13384782,0.8070829,0.011057324,0.018266642,0.010019984,0.028109169,0.008367241,null,null,null,null,"TWOGAUSSIANS",8,2.480251,0.48823872,0.018884705,0.15200296,0.04463983,0.3101195,0.13384782,0.8070829,0.011057324,0.1022932,0.05611191,0.028109169,0.008367241
375316653866487564,2034325317215660544,0.51556385,2226.2048988712354,1.3240421797305455,1.2057163E-5,18.799706,0.005695063,0.34524828,0.0028145337,0.0531211,0.003493773,0.25569764,0.013627392,0.8269087,0.009250359,0.07118853,0.010696946,0.09510636,0.0151443565,null,null,null,null,"TWOGAUSSIANS",8,2.2923045,0.34524828,0.0028145337,0.29747817,0.019565128,0.25565007,0.013626337,0.8269087,0.009250359,0.3986558,0.04847381,0.095058784,0.015157773
375316653866487564,2034326485455427584,0.54966605,2254.655959923313,0.7911487083229971,6.6404687E-6,16.362122,0.001148178,0.14669381,0.0151990345,0.012167214,0.029674845,0.27073437,0.28412163,0.47978976,2.0465531E-4,0.012966762,7.069068E-4,0.08774159,0.022323668,null,null,null,null,"TWOGAUSSIANS",8,6.282746,0.14669381,0.0151990345,0.0681364,0.16617914,0.27073437,0.28412163,0.47978976,2.0465531E-4,0.072613865,0.003958678,0.08774159,0.022323668
375316653866487564,2034327241369750784,0.59669995,2238.4195951421943,1.4599660590344952,1.1918457E-5,18.109003,0.006625758,0.19407491,0.004202046,0.07404534,0.0050684153,0.22924796,0.023002427,0.6930463,0.0023988734,0.07041094,0.0034474756,0.49369934,0.012410106,null,null,null,null,"TWOGAUSSIANS",8,4.9150095,0.6930463,0.0023988734,0.39430124,0.01885098,0.4920843,0.012576231,0.19407491,0.004202046,0.4,0.0,0.22763291,0.0233003
375316653866487564,2034327305756885504,0.44940996,2212.253364536615,3.280381168408898,2.822877E-5,18.990747,0.0048459372,null,null,null,null,null,null,null,null,null,null,null,null,0.07032309,0.007009535,0.26788098,0.0076674907,"ELLIPSOIDAL",4,4.5548587,null,null,null,null,null,null,null,null,null,null,null,null
375316653866487564,2034327443195572480,0.50435287,2208.3522730271106,3.091979911645524,1.7768065E-5,18.538465,0.011450148,0.27790835,0.0038874105,0.0870521,0.006070597,0.3077885,0.014672295,0.7585141,0.0062884353,0.07228716,0.0056131394,0.24220581,0.016946241,null,null,null,null,"TWOGAUSSIANS",8,6.187,0.27790835,0.0038874105,0.4,0.0,0.3050786,0.014293624,0.7585141,0.0062884353,0.4,0.01281195,0.23949598,0.016201021
375316653866487564,2034327649354208000,0.6579357,2222.1638885296766,0.1824413932388395,3.0855144E-6,14.584073,6.0938543E-4,0.28615287,0.0026268733,0.015411862,0.0024437692,0.26077107,0.020455366,0.78545374,4.7971687E-4,0.014273732,7.29277E-4,0.23575552,0.019235527,0.0034844163,9.696887E-4,0.28615287,0.0026268733,"TWOGAUSSIANS_WITH_ELLIPSOIDAL_ON_ECLIPSE1",9,7.731895,0.28615287,0.0026268733,0.08630643,0.013685107,0.2677399,0.02052177,0.78545374,4.7971687E-4,0.0799329,0.004083951,0.24272421,0.019820081
375316653866487564,2034328340881232384,0.46045867,2215.7280108906157,2.770874539340685,1.731099E-5,16.271278,0.09471071,0.24262851,0.005667544,0.15361048,0.019321818,0.40149152,0.084807284,0.7429473,0.0048540593,0.23871368,0.034932055,0.50849605,0.0948133,null,null,null,null,"TWOGAUSSIANS",8,32.121235,0.24241851,0.0068008313,0.4,0.0,0.111698784,0.013560849,0.7430173,0.0049405294,0.4,0.0,0.109467804,0.009468045
375316653866487564,2034328547039708288,0.67702085,2226.845720343485,0.26844109397295973,1.16800875E-5,16.09167,6.051945E-4,0.50421196,2.7738555E-4,0.012295738,4.203339E-4,0.6020665,0.013993149,null,null,null,null,null,null,null,null,null,null,"ONEGAUSSIAN",5,3.4919333,0.50421196,2.7738555E-4,0.068856135,0.0023538698,0.6020665,0.0,null,null,null,null,null,null
375316653866487564,2034328753198158080,0.54195297,2239.641359063121,2.8353019183753974,9.005813E-6,16.877926,0.010935225,0.24828054,0.0034687102,0.105523504,0.008091839,0.1715146,0.010360285,0.7605933,0.0034560128,0.096545935,0.00826799,0.14630258,0.010341417,null,null,null,null,"TWOGAUSSIANS",8,6.6275363,0.24828054,0.0034687102,0.4,0.0,0.15874892,0.004438578,0.7606033,0.0034639149,0.4,0.0,0.13354161,0.0056236475
375316653866487564,2034329749630685184,0.51034,2247.268880210945,3.2419484193201638,9.890993E-6,17.812983,0.16410725,0.19840145,0.0030961998,0.14217925,0.04525169,0.22483002,0.15836641,0.6996745,0.0030080918,0.13719177,0.04331145,0.21524747,0.15651183,null,null,null,null,"TWOGAUSSIANS",8,2.0004234,0.19836144,0.0031477038,0.4,0.0,0.13740285,0.0059332727,0.69973445,0.0030320457,0.4,0.0,0.1281862,0.0048684976
375316653866487564,2034329852709931008,0.62784386,2238.672826467288,0.20874958971041196,3.765445E-6,16.399035,0.0031122642,0.23761001,0.007521477,0.032907043,0.0045821792,0.52744275,0.049690552,0.7380895,0.0016947542,0.031662308,0.0023925412,0.12436659,0.0111121675,0.032359507,0.0035847723,0.23761001,0.007521477,"TWOGAUSSIANS_WITH_ELLIPSOIDAL_ON_ECLIPSE1",9,7.75645,0.23761001,0.007521477,0.18427943,0.025660204,0.5921617,0.045886572,0.7380895,0.0016743977,0.17730892,0.01339823,0.18908498,0.010170088
375316653866487564,2034330088895680896,0.46764892,2243.072732611769,0.7898207298635869,4.079861E-5,18.860472,0.012172424,0.20015606,0.0059009423,0.02959073,0.013727954,0.33815628,0.1136523,0.7243328,0.012753683,0.016090622,0.012470856,1.0144835,1.6082014,null,null,null,null,"TWOGAUSSIANS",8,14.869704,0.7243328,0.012753683,0.090107486,0.069836795,1.0144835,1.6082014,0.20015606,0.0059009423,0.1657081,0.076876536,0.33815628,0.1136523
375316653866487564,2034330569933826816,0.47993854,2235.169014115811,1.6401866732662962,2.2552675E-5,18.962385,0.010632228,0.18436669,0.0062610996,0.081970386,0.013701819,0.26164433,0.031349413,0.65509516,0.009647066,0.1017432,0.013557253,0.09261938,0.011469038,null,null,null,null,"TWOGAUSSIANS",8,2.1098177,0.18436669,0.0062644933,0.4,0.0035884543,0.25715086,0.03435006,0.65509516,0.009647066,0.4,0.0,0.08812372,0.009178877
375316653866487564,2034331875615970304,0.4313072,2228.465311726489,2.025477095323073,5.7026024E-5,15.348804,0.421867,0.32132888,0.024010029,0.12370784,0.053466145,0.15712397,0.16455472,0.7954352,0.028798932,0.20303412,0.26078737,0.12108326,0.4149223,null,null,null,null,"TWOGAUSSIANS",8,129.97806,0.3255489,0.021340698,0.4,0.0,0.100681365,0.011801015,0.7954352,0.028798932,0.4,0.0,0.052529007,0.015269166
375316653866487564,2034333013799422976,0.52957404,2227.741039455347,1.9266070272029874,8.737933E-6,19.401558,0.009509051,0.20610493,0.0021435292,0.06824993,0.005206553,0.6144638,0.03946139,0.7052342,0.0026281178,0.07013198,0.0067645893,0.35663363,0.03801725,null,null,null,null,"TWOGAUSSIANS",8,2.3930745,0.20610493,0.0021435292,0.38219965,0.029156696,0.6131348,0.040095523,0.7052342,0.0026281178,0.39273912,0.023035044,0.3553046,0.038853575
375316653866487564,2034333112553024000,0.51976293,2251.7782332648335,0.37892095611938054,1.3277284E-5,17.54337,0.0032603338,0.42003173,0.012559074,0.03589354,0.01568722,0.029870441,0.014665836,0.58461773,0.010545581,0.041223593,0.009200682,0.37312046,0.12597269,null,null,null,null,"TWOGAUSSIANS",8,7.892652,0.58461773,0.010545581,0.23085213,0.051523816,0.37312126,0.1259733,0.42060173,0.012576412,0.20100383,0.087848425,0.030002948,0.014959412
