Gaia/vari_eclipsing_binary/VariEclipsingBinary_346963-347122.csv
# %ECSV 1.0
# ---
# delimiter: ','
# meta: !!omap
# - RELEASE: Gaia DR3
# - TABLE: vari_eclipsing_binary
# - DESCRIPTION: >
#     This table describes the properties of the eclipsing binaries resulting from the variability analysis. 
# - CITATION: >
#     How to cite and acknowledge Gaia: 
#     https://gea.esac.esa.int/archive/documentation/credits.html 
# - KNOWN_ISSUES: >
#     Known issues: 
#     https://www.cosmos.esa.int/web/gaia-users/known-issues 
# - DOCUMENTATION: >
#     Tutorials and documentation: 
#     https://www.cosmos.esa.int/web/gaia-users/archive 
# datatype:
# - 
#   name: solution_id
#   datatype: int64
#   description: Solution Identifier
#   meta:
#     ucd: meta.version
# - 
#   name: source_id
#   datatype: int64
#   description: Unique source identifier
#   meta:
#     ucd: meta.id;meta.main
# - 
#   name: global_ranking
#   datatype: float32
#   description: Number between 0 (worst) and 1 (best)
#   meta:
#     ucd: stat.param
# - 
#   name: reference_time
#   datatype: float64
#   unit: d
#   description: Reference time used for the geometric model fit
#   meta:
#     ucd: time.epoch
# - 
#   name: frequency
#   datatype: float64
#   unit: d**-1
#   description: Frequency of geometric model of the eclipsing binary light curve
#   meta:
#     ucd: src.orbital
# - 
#   name: frequency_error
#   datatype: float32
#   unit: d**-1
#   description: "Uncertainty of \\texttt{frequency}"
#   meta:
#     ucd: stat.error
# - 
#   name: geom_model_reference_level
#   datatype: float32
#   unit: mag
#   description: Magnitude reference level of geometric model
#   meta:
#     ucd: phot.mag;em.opt
# - 
#   name: geom_model_reference_level_error
#   datatype: float32
#   unit: mag
#   description: "Uncertainty of \\texttt{geomModelReferenceLevel}"
#   meta:
#     ucd: stat.error;phot.mag;em.opt
# - 
#   name: geom_model_gaussian1_phase
#   datatype: float32
#   description: Phase of the Gaussian 1 component
#   meta:
#     ucd: time.phase
# - 
#   name: geom_model_gaussian1_phase_error
#   datatype: float32
#   description: "Uncertainty of \\texttt{geomModelGaussian1Phase}"
#   meta:
#     ucd: stat.error;time.phase
# - 
#   name: geom_model_gaussian1_sigma
#   datatype: float32
#   description: "Standard deviation [phase] of Gaussian 1 component"
#   meta:
#     ucd: stat.stdev
# - 
#   name: geom_model_gaussian1_sigma_error
#   datatype: float32
#   description: "Uncertainty of \\texttt{geomModelGaussian1Sigma}"
#   meta:
#     ucd: stat.error
# - 
#   name: geom_model_gaussian1_depth
#   datatype: float32
#   unit: mag
#   description: Magnitude depth of Gaussian 1 component
#   meta:
#     ucd: src.var.amplitude
# - 
#   name: geom_model_gaussian1_depth_error
#   datatype: float32
#   unit: mag
#   description: "Uncertainty of \\texttt{geomModelGaussian1Depth}"
#   meta:
#     ucd: stat.error;src.var.amplitude
# - 
#   name: geom_model_gaussian2_phase
#   datatype: float32
#   description: Phase of Gaussian 2 component
#   meta:
#     ucd: time.phase
# - 
#   name: geom_model_gaussian2_phase_error
#   datatype: float32
#   description: "Uncertainty of \\texttt{geomModelGaussian2Phase}"
#   meta:
#     ucd: stat.error;time.phase
# - 
#   name: geom_model_gaussian2_sigma
#   datatype: float32
[...]
#   datatype: float32
#   description: "Secondary eclipse: uncertainty of \\texttt{derivedSecondaryEclDuration}"
#   meta:
#     ucd: stat.error;time.duration
# - 
#   name: derived_secondary_ecl_depth
#   datatype: float32
#   unit: mag
#   description: "Secondary eclipse: depth"
#   meta:
#     ucd: src.var.amplitude
# - 
#   name: derived_secondary_ecl_depth_error
#   datatype: float32
#   unit: mag
#   description: "Secondary eclipse: uncertainty of \\texttt{derivedSecondaryEclDepth}"
#   meta:
#     ucd: stat.error;src.var.amplitude
solution_id,source_id,global_ranking,reference_time,frequency,frequency_error,geom_model_reference_level,geom_model_reference_level_error,geom_model_gaussian1_phase,geom_model_gaussian1_phase_error,geom_model_gaussian1_sigma,geom_model_gaussian1_sigma_error,geom_model_gaussian1_depth,geom_model_gaussian1_depth_error,geom_model_gaussian2_phase,geom_model_gaussian2_phase_error,geom_model_gaussian2_sigma,geom_model_gaussian2_sigma_error,geom_model_gaussian2_depth,geom_model_gaussian2_depth_error,geom_model_cosine_half_period_amplitude,geom_model_cosine_half_period_amplitude_error,geom_model_cosine_half_period_phase,geom_model_cosine_half_period_phase_error,model_type,num_model_parameters,reduced_chi2,derived_primary_ecl_phase,derived_primary_ecl_phase_error,derived_primary_ecl_duration,derived_primary_ecl_duration_error,derived_primary_ecl_depth,derived_primary_ecl_depth_error,derived_secondary_ecl_phase,derived_secondary_ecl_phase_error,derived_secondary_ecl_duration,derived_secondary_ecl_duration_error,derived_secondary_ecl_depth,derived_secondary_ecl_depth_error
[from data line 184]
375316653866487564,3052228477530993280,0.5595455,2214.1029808714397,2.7885495343249853,1.0461396E-5,16.644306,0.027299806,0.28947797,0.0054927873,0.058363173,0.012068784,0.17358805,0.06074182,0.7966,0.007505268,0.06309437,0.012731322,0.1383497,0.059800714,0.081334844,0.030851075,0.28947797,0.0054927873,"TWOGAUSSIANS_WITH_ELLIPSOIDAL_ON_ECLIPSE1",9,24.525484,0.28947797,0.0054927873,0.32683375,0.06758519,0.3362054,0.015527341,0.7966,0.007496308,0.35332847,0.0712954,0.30064154,0.006656375
375316653866487564,3052228713748214272,0.65978324,2188.645391705695,3.12451665881844,4.9349724E-6,17.41197,0.026511528,0.27990422,0.0045962892,0.0426824,0.02170784,0.5256052,0.15176818,0.77660185,0.0032486224,0.038430225,0.00641456,0.42158914,0.04816158,0.1545465,0.028828623,0.27990422,0.0045962892,"TWOGAUSSIANS_WITH_ELLIPSOIDAL_ON_ECLIPSE1",9,8.403882,0.27990422,0.0045962892,0.23902145,0.121563904,0.83469796,0.20385154,0.77686185,0.0030954457,0.21520925,0.035921536,0.73055935,0.025321033
375316653866487564,3052228924208435968,0.65924555,2203.3115020975442,1.9225203381559097,4.3434557E-6,14.303568,0.0068299733,0.19438258,0.0020068004,0.08948017,0.0034842591,0.5134951,0.030472534,0.6938954,0.0017678272,0.0767204,0.0016384197,0.5801735,0.010619502,null,null,null,null,"TWOGAUSSIANS",8,53.016766,0.6938954,0.0017678272,0.4,0.0,0.5685556,0.0098930765,0.19438258,0.0020068004,0.4,0.0,0.501877,0.031756684
375316653866487564,3052231222009063936,0.55603606,2195.0410794432887,3.4460341140838167,1.6291076E-5,18.772068,0.048955478,0.27528957,0.0049033402,0.08514395,0.014448995,0.310572,0.041439116,0.7790518,0.013320442,0.09814039,0.026356876,0.31126153,0.046975363,null,null,null,null,"TWOGAUSSIANS",8,2.2428784,0.7790518,0.013320442,0.4,0.0,0.2970686,0.01885773,0.27528957,0.0049119755,0.4,0.0,0.2963805,0.021279715
375316653866487564,3052234043808494592,0.49639773,2175.4387379909053,3.1871257642009927,3.2174983E-5,18.598063,0.0034381065,0.7836288,0.0070690634,0.009167895,0.032580156,0.16220273,0.19113326,null,null,null,null,null,null,0.104468994,0.006037099,0.7836288,0.0070690634,"ONEGAUSSIAN_WITH_ELLIPSOIDAL",6,2.26866,0.7836288,0.0070690634,0.05134021,0.18244888,0.37114063,0.1951154,null,null,null,null,null,null
375316653866487564,3052234108227502080,0.57035553,2156.1442724747194,1.8523817608260178,4.3001357E-5,18.814,0.02636847,0.2869463,0.0064684195,0.07546231,0.0057244697,0.6015355,0.043484468,0.66761434,0.02360352,0.05745742,0.06558253,0.096305825,0.036558814,null,null,null,null,"TWOGAUSSIANS",8,3.5343702,0.2869463,0.0064605176,0.4,0.0,0.60152525,0.043167457,0.66761434,0.02360352,0.32176155,0.1925394,0.096297346,0.03689118
375316653866487564,3052234593564369792,0.47427502,2161.9221698678143,3.1767657086112524,2.0048657E-5,15.6074915,0.00644943,0.22648458,0.0061845095,0.068381645,0.01710404,0.07201513,0.022508338,null,null,null,null,null,null,0.053903013,0.007885235,0.22648458,0.0061845095,"ONEGAUSSIAN_WITH_ELLIPSOIDAL",6,103.13427,0.22648458,0.0061845095,0.38293722,0.07040124,0.17973231,0.018816512,null,null,null,null,null,null
375316653866487564,3052234937161710336,0.53771,2178.9351677052305,3.191444935331406,6.820205E-5,15.649366,0.0018861423,0.3322144,0.0061964067,0.046882436,0.016465273,0.20277838,0.3046518,0.90178275,0.012888205,0.010842579,0.0033014654,0.23641802,0.30710557,null,null,null,null,"TWOGAUSSIANS",8,9.511687,0.90178275,0.012888205,0.060718443,0.018488206,0.23641802,0.30710557,0.3322144,0.0061964067,0.26254165,0.092205524,0.20277838,0.3046518
375316653866487564,3052235864870201088,0.45447767,2201.4837619713144,4.572580299132823,6.946188E-5,19.342749,0.0102456575,0.47468635,0.005747046,0.06320801,0.008361867,0.19506253,0.019841772,0.89538026,0.013712886,0.042543385,0.0100365365,0.050854106,0.013811124,null,null,null,null,"TWOGAUSSIANS",8,2.5077007,0.47468635,0.005747046,0.35396484,0.046826452,0.19506247,0.019841846,0.89538026,0.013712886,0.23824297,0.056204606,0.05085404,0.013810671
375316653866487564,3052237239265003392,0.49713632,2185.3455038252473,0.6626464692503464,1.0683459E-6,18.580877,0.005318932,0.5781305,0.012862999,0.19805299,0.030720435,0.045041874,0.004504974,0.9063191,1.12409225E-5,8.234181E-4,1.5890788E-5,0.4270405,0.011301573,null,null,null,null,"TWOGAUSSIANS",8,1.7088248,0.9063191,1.12409225E-5,0.004611141,8.898842E-5,0.43487415,0.01105217,0.5781305,0.012862999,0.4,0.0,0.041321125,0.0032270472
375316653866487564,3052241843469008384,0.44734398,2192.9546944573544,0.06398049992006734,7.15767E-5,18.890903,0.03297,0.20636308,0.048191447,0.05400671,0.035165872,0.15530434,0.10561313,0.7573798,0.029859662,0.10291063,0.026059898,0.3950953,0.153369,null,null,null,null,"TWOGAUSSIANS",8,6.112207,0.7573798,0.029859662,0.4,0.0,0.39395013,0.15368529,0.20634308,0.048214976,0.30243757,0.19692887,0.15418853,0.10538861
375316653866487564,3052242285845576832,0.65711695,2127.0934100128784,3.793133829062761,6.7615406E-6,18.79208,0.014594184,0.19488986,0.0028987117,0.047983043,0.006404058,0.57337993,0.039521925,0.69907963,0.0030349367,0.04400561,0.0038257944,0.4956467,0.04024864,0.12133673,0.02012138,0.19488986,0.0028987117,"TWOGAUSSIANS_WITH_ELLIPSOIDAL_ON_ECLIPSE1",9,1.4922587,0.19488986,0.0028987117,0.26870504,0.035862725,0.81605256,0.02869038,0.69907963,0.0030349367,0.24643141,0.021424448,0.7381512,0.029091448
375316653866487564,3052246722552489856,0.47623795,2162.472089245406,0.24232670595531244,2.4486115E-5,18.228067,0.0024114384,0.3338494,0.0025714634,0.00813785,0.0018672214,0.07843527,0.032178175,null,null,null,null,null,null,0.01612586,0.004422309,0.3338494,0.0025714634,"ONEGAUSSIAN_WITH_ELLIPSOIDAL",6,2.0875916,0.3338494,0.0025714634,0.04557196,0.01045644,0.11068692,0.031418253,null,null,null,null,null,null
375316653866487564,3052248165661458944,0.5432137,2204.554730969614,0.45789499844193005,1.2014465E-5,16.95978,0.0025986694,0.2542893,0.03501317,0.02453503,0.016545635,0.011975753,0.097032376,0.5132454,0.001245863,0.01886924,0.0012165792,0.19243574,0.0048672576,0.00986321,0.0038230824,0.2542893,0.03501317,"TWOGAUSSIANS_WITH_ELLIPSOIDAL_ON_ECLIPSE1",9,5.847825,0.5132754,0.00122663,0.10566774,0.0068128435,0.19249825,0.005055104,0.2542893,0.03501317,0.13739617,0.092655554,0.031702112,0.09674594
375316653866487564,3052249192149296768,0.5271715,2128.2425566884544,3.273146949680349,2.2157696E-5,19.128218,0.041437488,0.20624775,0.041065734,0.05168266,0.04946456,0.357471,0.08483165,0.7018573,0.010002635,0.04944042,0.017607667,0.32505178,0.028421469,null,null,null,null,"TWOGAUSSIANS",8,3.7587652,0.20624775,0.041065734,0.28942287,0.14999199,0.3574683,0.08686454,0.7018573,0.010002635,0.27686635,0.09860293,0.3250491,0.026808798
375316653866487564,3052250880080877568,0.626664,2197.4205943448283,3.853834174974192,8.243475E-6,12.850337,0.019045467,0.29544386,0.0020866424,0.048457358,0.005019871,0.4135216,0.041843563,0.7957382,0.0028208352,0.043419518,0.0070427796,0.30335853,0.03565882,0.13135363,0.02334202,0.29544386,0.0020866424,"TWOGAUSSIANS_WITH_ELLIPSOIDAL_ON_ECLIPSE1",9,198.25818,0.29544386,0.0020866424,0.2713612,0.028111279,0.67622805,0.011341183,0.7957382,0.0027728113,0.2431493,0.039439566,0.5660641,0.017567081
375316653866487564,3052251601635259136,0.45853457,2182.490167712854,0.061955401111009493,4.0591545E-5,15.253267,0.00380228,0.1763325,0.00429089,0.04085095,0.011731311,0.107289664,0.087902226,0.507137,0.013481905,0.021276565,0.007799148,0.062626004,0.015134357,null,null,null,null,"TWOGAUSSIANS",8,11.029332,0.1763325,0.00429089,0.22876531,0.06569534,0.107289664,0.087902226,0.507137,0.013481905,0.11914876,0.04367523,0.062626004,0.015134357
375316653866487564,3052251842153430144,0.5171843,2178.520475193093,3.5794569401361476,4.1466817E-5,16.71706,0.024501828,0.3299184,0.009968323,0.06335137,0.031106764,0.0842696,0.04764737,0.8343588,0.007528974,0.0458509,0.017348954,0.2053221,0.11441341,0.0637138,0.02134788,0.3299184,0.009968323,"TWOGAUSSIANS_WITH_ELLIPSOIDAL_ON_ECLIPSE1",9,23.445227,0.8343588,0.0074729836,0.25676504,0.09715414,0.33261493,0.12715322,0.3299184,0.009968323,0.35476765,0.12480139,0.21166159,0.019605663
375316653866487564,3052252494987593600,0.46887988,2125.1971628638757,3.2848799398150463,4.5367215E-5,18.821163,0.2071439,0.17532232,0.0069627636,0.14790894,0.090424955,0.20944428,0.20154709,0.6711109,0.012215588,0.10366314,0.03287964,0.20918395,0.16697198,null,null,null,null,"TWOGAUSSIANS",8,4.1631427,0.6711109,0.012253007,0.4,0.0,0.15552638,0.019983387,0.17532232,0.006955695,0.4,0.0,0.15440221,0.026876448
375316653866487564,3052253491420828672,0.55009466,2183.396672609529,3.427830681212572,1.9695754E-5,19.366089,0.008821475,0.26409104,0.008136159,0.08076511,0.009308897,0.3551998,0.029012872,0.7800334,0.0069853887,0.05834921,0.0075576375,0.3375069,0.012918885,null,null,null,null,"TWOGAUSSIANS",8,1.5298327,0.26409104,0.008136159,0.4,0.0,0.35449275,0.029404309,0.7800334,0.0069853887,0.32675558,0.04232277,0.33679983,0.012883893
375316653866487564,3052253560140296576,0.46438226,2123.656062737916,0.8030818007085386,2.1752357E-5,14.647288,0.0020353217,0.25456756,0.007236708,0.08323757,0.015233598,0.018899504,0.0024469586,0.7270579,0.013985688,0.086764514,0.030099683,0.03826149,0.028345317,null,null,null,null,"TWOGAUSSIANS",8,4.6012926,0.7270579,0.013985688,0.4,0.002455488,0.037824757,0.029153213,0.25456756,0.0072367745,0.4,0.0,0.01846278,0.0021946921
375316653866487564,3052254243033587200,0.5691957,2174.215247296602,3.484675015721701,1.6538512E-5,18.754427,0.04667584,0.29570466,0.010809727,0.08820586,0.02971284,0.36080468,0.04188926,0.7995786,0.0071369302,0.090989485,0.0139823,0.3796423,0.046804957,null,null,null,null,"TWOGAUSSIANS",8,2.1744692,0.7995786,0.007142155,0.4,0.0,0.36543295,0.031154685,0.29570466,0.010818178,0.4,0.0,0.34659547,0.069488324
375316653866487564,3052256888733902336,0.49463716,2150.8494595962998,3.367665050286188,4.71475E-5,18.841324,0.9230925,0.32179618,0.01510842,0.13926858,0.08265643,0.5621955,0.87317044,0.76650685,0.0345862,0.11859028,0.06278387,0.5384096,0.7327423,null,null,null,null,"TWOGAUSSIANS",8,10.9579,0.3223062,0.009957775,0.4,0.0,0.45461753,0.04066601,0.76650685,0.0345862,0.4,0.0,0.4339748,0.11891986
375316653866487564,3052262115714443776,0.45485735,2122.244723113748,0.05584058822367156,3.041346E-5,15.852787,0.0031352774,0.2816269,0.0249988,0.11005752,0.076426655,0.07845373,1.0633881,0.6578656,0.002224476,0.00427267,0.0014241025,0.02414569,0.0063008685,null,null,null,null,"TWOGAUSSIANS",8,6.180527,0.2816269,0.0249988,0.4,0.13982631,0.07844855,1.063397,0.6578656,0.002224476,0.023926951,0.007974974,0.024367984,0.006508495
375316653866487564,3052262699829978240,0.4798266,2152.679677968419,3.9705189097779203,3.0445975E-5,17.149504,0.013951861,0.7458259,0.0067257723,0.0650034,0.019299887,0.1388512,0.040867485,null,null,null,null,null,null,0.10320399,0.01534179,0.7458259,0.0067257723,"ONEGAUSSIAN_WITH_ELLIPSOIDAL",6,66.34652,0.7458259,0.0067257723,0.36401904,0.09028673,0.3451747,0.02923183,null,null,null,null,null,null
375316653866487564,3052262734189703936,0.4543072,2172.2152724100333,1.6390303153882693,2.6618714E-5,15.672296,0.052828435,0.22071582,0.009193702,0.06963332,0.030580081,0.16649194,0.24863568,0.68873143,0.007382719,0.052840166,0.018919554,0.23502985,0.09877857,0.0969165,0.06047688,0.22071582,0.009193702,"TWOGAUSSIANS_WITH_ELLIPSOIDAL_ON_ECLIPSE1",9,234.86653,0.6935914,0.005401707,0.29590493,0.105949506,0.4220362,0.035492864,0.22071582,0.009193702,0.38994658,0.14474352,0.360066,0.17577164
375316653866487564,3052262768549456512,0.68197244,2182.0850725100668,1.8707098168636864,2.7735816E-5,16.482504,0.001246209,0.40187097,1.0493072E-4,0.038148716,3.827403E-4,1.0326327,0.021944026,0.679458,5.21988E-5,0.007914298,2.4791327E-4,0.19390723,0.011565393,null,null,null,null,"TWOGAUSSIANS",8,2.9462562,0.40187097,1.0493072E-4,0.21363282,0.0021433458,1.0326327,0.021944026,0.679458,5.21988E-5,0.04432007,0.0013883144,0.19390723,0.011565393
375316653866487564,3052263077779589120,0.475766,2115.344095278928,2.9342864231647394,2.6634589E-5,19.191124,0.007527553,0.23126334,0.016519848,0.06984303,0.011783775,0.31379628,0.08150666,0.748647,0.0036442247,0.074675195,0.006954712,0.31004912,0.036653403,null,null,null,null,"TWOGAUSSIANS",8,3.7308755,0.23126334,0.016519848,0.39112097,0.04555715,0.31276914,0.081869975,0.748647,0.0036442247,0.4,0.0017755494,0.309022,0.03717933
375316653866487564,3052265173731089920,0.49079204,2159.769728187059,2.5491132875034,2.1229978E-5,18.943378,0.021217197,0.2967233,0.01107404,0.080891006,0.009980562,0.3714441,0.043829028,0.8014147,0.0043517724,0.07686323,0.01074102,0.36684522,0.058788493,null,null,null,null,"TWOGAUSSIANS",8,8.56325,0.2967233,0.01107404,0.4,0.0,0.36702144,0.041756418,0.8014147,0.0043517724,0.4,0.0074286168,0.36242256,0.060776416
375316653866487564,3052265306866773888,0.5805929,2163.203059364315,3.398555938348429,1.4261077E-5,18.435904,0.0050014467,0.15171169,0.0041074567,0.083854735,0.0037856502,0.36374968,0.01019422,0.6517159,0.0019861772,0.07892099,0.0026499466,0.26893127,0.004808645,null,null,null,null,"TWOGAUSSIANS",8,2.0691946,0.15171169,0.0041074567,0.4,0.0,0.35814157,0.009963936,0.6517159,0.0019861772,0.4,0.0,0.2633232,0.004298126
375316653866487564,3052269636198747904,0.51683253,2136.653827820421,3.94707900496149,2.0017967E-5,17.438108,0.027267108,0.28777027,0.005832677,0.09692626,0.015032055,0.19697402,0.025392449,0.78883255,0.0072880113,0.10532971,0.021363638,0.20243517,0.043755647,null,null,null,null,"TWOGAUSSIANS",8,6.3829226,0.78883255,0.0072880113,0.4,0.0,0.18387844,0.04835256,0.28777027,0.0058357473,0.4,0.0,0.17842183,0.010486857
375316653866487564,3052269915376675328,0.5771765,2121.825010416685,0.2699620693075951,4.7552214E-5,15.632732,0.001635495,0.16653714,0.01319813,0.015362843,0.007824095,0.20114465,0.12458383,0.709481,0.0079026325,0.057123326,0.006931623,0.019757483,0.002681398,null,null,null,null,"TWOGAUSSIANS",8,3.7112758,0.16653714,0.01319813,0.08603192,0.04381493,0.20114465,0.12458383,0.709481,0.0079026325,0.31989062,0.03881709,0.019757483,0.002681398
375316653866487564,3052272595434405888,0.59434533,2132.4111041229758,3.4075605165660328,1.1460751E-5,18.36683,0.0113286115,0.23342548,0.004386998,0.07285376,0.004080071,0.46100327,0.017364554,0.73841554,0.016005812,0.06929457,0.011773816,0.49064735,0.039199222,null,null,null,null,"TWOGAUSSIANS",8,3.264211,0.73841554,0.016005812,0.38804957,0.027223114,0.48892033,0.03834951,0.23342548,0.004386998,0.4,0.0028012316,0.45927623,0.016678173
375316653866487564,3052274450860211200,0.57373106,2150.778393712431,2.3320346731801647,1.1689866E-5,14.554283,0.094806276,0.23690648,0.0066961907,0.16395786,0.04776547,0.14409666,0.09261983,0.70671964,0.008817371,0.13673401,0.015803447,0.19213362,0.076455794,null,null,null,null,"TWOGAUSSIANS",8,11.252528,0.70671964,0.008817371,0.4,0.0,0.1270203,0.002900779,0.23896648,0.0056148944,0.4,0.0,0.07647515,0.0031978542
375316653866487564,3052274588299130240,0.57522297,2146.6446827098052,3.3634878985620227,1.8852277E-5,17.746954,0.00874855,0.20958842,0.0040719793,0.09498115,0.0053733457,0.21538557,0.009301287,0.7021266,0.005574657,0.085340105,0.008245186,0.22850092,0.017479839,null,null,null,null,"TWOGAUSSIANS",8,3.2056262,0.7021266,0.005574657,0.4,0.0,0.22007135,0.01959786,0.20958842,0.0040719793,0.4,0.0,0.20695557,0.0057371752
375316653866487564,3052275687810865280,0.48618695,2182.679598920781,0.11320909208393434,3.512971E-5,17.751532,0.003102115,0.10918579,0.006390282,0.037107293,0.007481862,0.3908963,0.29462895,0.68158835,0.014229651,0.043399055,0.020205664,0.1223977,0.03053494,null,null,null,null,"TWOGAUSSIANS",8,3.023076,0.10918579,0.006390282,0.20780085,0.041898426,0.3908963,0.29462895,0.68158835,0.014229651,0.24303472,0.11315172,0.1223977,0.030534947
