Gaia/vari_eclipsing_binary/VariEclipsingBinary_377321-377721.csv
# %ECSV 1.0
# ---
# delimiter: ','
# meta: !!omap
# - RELEASE: Gaia DR3
# - TABLE: vari_eclipsing_binary
# - DESCRIPTION: >
#     This table describes the properties of the eclipsing binaries resulting from the variability analysis. 
# - CITATION: >
#     How to cite and acknowledge Gaia: 
#     https://gea.esac.esa.int/archive/documentation/credits.html 
# - KNOWN_ISSUES: >
#     Known issues: 
#     https://www.cosmos.esa.int/web/gaia-users/known-issues 
# - DOCUMENTATION: >
#     Tutorials and documentation: 
#     https://www.cosmos.esa.int/web/gaia-users/archive 
# datatype:
# - 
#   name: solution_id
#   datatype: int64
#   description: Solution Identifier
#   meta:
#     ucd: meta.version
# - 
#   name: source_id
#   datatype: int64
#   description: Unique source identifier
#   meta:
#     ucd: meta.id;meta.main
# - 
#   name: global_ranking
#   datatype: float32
#   description: Number between 0 (worst) and 1 (best)
#   meta:
#     ucd: stat.param
# - 
#   name: reference_time
#   datatype: float64
#   unit: d
#   description: Reference time used for the geometric model fit
#   meta:
#     ucd: time.epoch
# - 
#   name: frequency
#   datatype: float64
#   unit: d**-1
#   description: Frequency of geometric model of the eclipsing binary light curve
#   meta:
#     ucd: src.orbital
# - 
#   name: frequency_error
#   datatype: float32
#   unit: d**-1
#   description: "Uncertainty of \\texttt{frequency}"
#   meta:
#     ucd: stat.error
# - 
#   name: geom_model_reference_level
#   datatype: float32
#   unit: mag
#   description: Magnitude reference level of geometric model
#   meta:
#     ucd: phot.mag;em.opt
# - 
#   name: geom_model_reference_level_error
#   datatype: float32
#   unit: mag
#   description: "Uncertainty of \\texttt{geomModelReferenceLevel}"
#   meta:
#     ucd: stat.error;phot.mag;em.opt
# - 
#   name: geom_model_gaussian1_phase
#   datatype: float32
#   description: Phase of the Gaussian 1 component
#   meta:
#     ucd: time.phase
# - 
#   name: geom_model_gaussian1_phase_error
#   datatype: float32
#   description: "Uncertainty of \\texttt{geomModelGaussian1Phase}"
#   meta:
#     ucd: stat.error;time.phase
# - 
#   name: geom_model_gaussian1_sigma
#   datatype: float32
#   description: "Standard deviation [phase] of Gaussian 1 component"
#   meta:
#     ucd: stat.stdev
# - 
#   name: geom_model_gaussian1_sigma_error
#   datatype: float32
#   description: "Uncertainty of \\texttt{geomModelGaussian1Sigma}"
#   meta:
#     ucd: stat.error
# - 
#   name: geom_model_gaussian1_depth
#   datatype: float32
#   unit: mag
#   description: Magnitude depth of Gaussian 1 component
#   meta:
#     ucd: src.var.amplitude
# - 
#   name: geom_model_gaussian1_depth_error
#   datatype: float32
#   unit: mag
#   description: "Uncertainty of \\texttt{geomModelGaussian1Depth}"
#   meta:
#     ucd: stat.error;src.var.amplitude
# - 
#   name: geom_model_gaussian2_phase
#   datatype: float32
#   description: Phase of Gaussian 2 component
#   meta:
#     ucd: time.phase
# - 
#   name: geom_model_gaussian2_phase_error
#   datatype: float32
#   description: "Uncertainty of \\texttt{geomModelGaussian2Phase}"
#   meta:
#     ucd: stat.error;time.phase
# - 
#   name: geom_model_gaussian2_sigma
#   datatype: float32
[...]
#   datatype: float32
#   description: "Secondary eclipse: uncertainty of \\texttt{derivedSecondaryEclDuration}"
#   meta:
#     ucd: stat.error;time.duration
# - 
#   name: derived_secondary_ecl_depth
#   datatype: float32
#   unit: mag
#   description: "Secondary eclipse: depth"
#   meta:
#     ucd: src.var.amplitude
# - 
#   name: derived_secondary_ecl_depth_error
#   datatype: float32
#   unit: mag
#   description: "Secondary eclipse: uncertainty of \\texttt{derivedSecondaryEclDepth}"
#   meta:
#     ucd: stat.error;src.var.amplitude
solution_id,source_id,global_ranking,reference_time,frequency,frequency_error,geom_model_reference_level,geom_model_reference_level_error,geom_model_gaussian1_phase,geom_model_gaussian1_phase_error,geom_model_gaussian1_sigma,geom_model_gaussian1_sigma_error,geom_model_gaussian1_depth,geom_model_gaussian1_depth_error,geom_model_gaussian2_phase,geom_model_gaussian2_phase_error,geom_model_gaussian2_sigma,geom_model_gaussian2_sigma_error,geom_model_gaussian2_depth,geom_model_gaussian2_depth_error,geom_model_cosine_half_period_amplitude,geom_model_cosine_half_period_amplitude_error,geom_model_cosine_half_period_phase,geom_model_cosine_half_period_phase_error,model_type,num_model_parameters,reduced_chi2,derived_primary_ecl_phase,derived_primary_ecl_phase_error,derived_primary_ecl_duration,derived_primary_ecl_duration_error,derived_primary_ecl_depth,derived_primary_ecl_depth_error,derived_secondary_ecl_phase,derived_secondary_ecl_phase_error,derived_secondary_ecl_duration,derived_secondary_ecl_duration_error,derived_secondary_ecl_depth,derived_secondary_ecl_depth_error
[from data line 292]
375316653866487564,3320247179960488448,0.57006264,2353.9877603638843,3.581733242102175,5.4107286E-6,18.012407,0.012894838,0.28561613,0.001293554,0.053211834,0.0035615903,0.3780077,0.026884126,0.7877001,0.003179194,0.055960856,0.0040904987,0.40638173,0.033651285,0.10274873,0.015673397,0.28561613,0.001293554,"TWOGAUSSIANS_WITH_ELLIPSOIDAL_ON_ECLIPSE1",9,2.898505,0.7877001,0.003130533,0.3133808,0.022906793,0.61182195,0.023968354,0.28561613,0.001293554,0.29798627,0.019944906,0.58348316,0.011264923
375316653866487564,3320247974530267648,0.5955897,2343.191337171614,0.39310563269222587,1.4189299E-4,15.926481,0.005132986,0.25230837,0.011735562,0.049812995,0.016651196,0.07892578,0.015842533,0.74919116,0.010693614,0.024408424,0.005588586,1.1121811,0.23119082,null,null,null,null,"TWOGAUSSIANS",8,77.916855,0.74919116,0.010693614,0.13668717,0.03129608,1.1121811,0.23119082,0.25230837,0.011735562,0.27895278,0.0932467,0.07892578,0.015842533
375316653866487564,3320251612367520896,0.5310376,2345.447278664121,2.5528343769580095,3.605726E-5,19.102396,0.01434141,0.1965998,0.0041365493,0.07133637,0.004723045,0.5534621,0.015865993,0.70438504,0.00547914,0.073607415,0.0063864896,0.32425064,0.026224425,null,null,null,null,"TWOGAUSSIANS",8,3.1773596,0.1965998,0.0041365493,0.39948368,0.014685252,0.55164415,0.015156667,0.70438504,0.00547914,0.4,0.0048997095,0.32243273,0.026057111
375316653866487564,3320265940377096448,0.4523669,2325.2362231873226,3.182659140432777,4.4321798E-5,15.270085,0.021311328,0.22627147,0.01302841,0.051316593,0.009167177,0.4776811,0.049059775,0.7101093,0.009596901,0.065511905,0.015818695,0.4453723,0.09723004,null,null,null,null,"TWOGAUSSIANS",8,1872.6632,0.22627147,0.01302841,0.28737292,0.051336188,0.4776285,0.04903161,0.7101093,0.009596901,0.36686668,0.07619041,0.44531968,0.09734998
375316653866487564,3320270956899066752,0.52248096,2367.355943362732,4.144294294204566,3.8976206E-5,19.24721,0.010587259,0.209965,0.0050142817,0.08506451,0.004847645,0.3087388,0.015814975,0.7133781,0.004310307,0.07598965,0.0066310684,0.42360198,0.022241656,null,null,null,null,"TWOGAUSSIANS",8,1.7812905,0.7133781,0.004310307,0.4,0.0,0.41820627,0.023605576,0.209965,0.0050142817,0.4,0.0,0.30334306,0.014104723
375316653866487564,3320276110859754240,0.5465182,2319.5717802740446,3.30297576211581,1.4375064E-5,17.356327,0.011384221,0.25194418,0.004709602,0.08804566,0.006251754,0.27118596,0.016034508,0.76039916,0.0025828679,0.0902909,0.0045109824,0.37390524,0.014477407,null,null,null,null,"TWOGAUSSIANS",8,13.184366,0.76039916,0.0025828679,0.4,0.0,0.36296347,0.013805768,0.25194418,0.004709602,0.4,0.0,0.26024434,0.01505873
375316653866487564,3320285323566901632,0.62593824,2364.586599244361,0.9972215433147323,4.042376E-6,12.459778,0.0019461766,0.3020676,0.0020306937,0.036463704,0.0016752762,0.27368045,0.0139887845,0.7973716,0.0028924842,0.03076644,0.002957018,0.31565788,0.048474774,0.03739203,0.0031827465,0.7973716,0.0028924842,"TWOGAUSSIANS_WITH_ELLIPSOIDAL_ON_ECLIPSE2",9,87.27744,0.7973716,0.0028924842,0.17229207,0.016559301,0.39044183,0.047948647,0.3019376,0.001965574,0.20419674,0.009381547,0.34840113,0.014090436
375316653866487564,3320290683686021248,0.48902208,2356.0761409853876,0.4911401122817499,1.1977285E-5,15.439351,8.2050095E-4,0.3679826,0.0033512493,0.025827624,0.0034636538,0.059280947,0.0075625735,0.87161005,0.0014105792,0.006384199,0.0033471268,0.016751809,0.021884212,0.006675758,0.0012739181,0.3679826,0.0033512493,"TWOGAUSSIANS_WITH_ELLIPSOIDAL_ON_ECLIPSE1",9,8.611831,0.3679826,0.0033512493,0.1446347,0.019396462,0.072632454,0.007647097,0.87161005,0.0014105792,0.035751514,0.01874391,0.03009638,0.021965208
375316653866487564,3320291126066519168,0.49168095,2362.883691836417,4.486933736696706,1.9115587E-5,17.828978,0.0024326253,0.26965797,0.0367382,0.074366346,0.02120811,0.01264074,0.0073622353,0.6323738,8.986968E-6,0.0010543166,1.5986134E-5,0.20571682,0.002601485,null,null,null,null,"TWOGAUSSIANS",8,3.1925566,0.6323738,8.986968E-6,0.0059041735,8.952235E-5,0.20571691,0.0026018752,0.26965797,0.0367382,0.4,0.054440394,0.01264074,0.0073622353
375316653866487564,3320296761063312768,0.5368551,2394.278384749085,2.1574556028562073,1.0480714E-4,18.106476,0.0048346166,0.34215146,0.037637476,0.065686844,0.11074729,0.02084551,0.0034653787,0.91025716,9.962415E-4,0.0112251695,8.6397433E-4,0.3698622,0.04453445,null,null,null,null,"TWOGAUSSIANS",8,1.0653106,0.91025716,9.962415E-4,0.06286094,0.004838256,0.3698622,0.044528555,0.34215146,0.037637476,0.36784634,0.099436015,0.02084551,0.0038104504
375316653866487564,3320297963654178304,0.6017458,2374.927727495683,2.524699268492144,5.5152946E-6,17.763903,0.0075166863,0.30080187,0.002666979,0.09408053,0.0039402167,0.3553353,0.012237779,0.7971427,0.0016101763,0.08498203,0.0026534882,0.40907574,0.011083419,null,null,null,null,"TWOGAUSSIANS",8,3.0047982,0.7971427,0.0016101763,0.4,0.0,0.394564,0.011441498,0.30080187,0.002666979,0.4,0.0,0.34082302,0.01223399
375316653866487564,3320299136181713664,0.67396253,2379.6710023995065,0.7884722117192074,9.697564E-6,17.051817,0.0014952995,0.24473351,0.0018554133,0.023498392,0.0010127386,0.56344044,0.089748986,0.74564844,0.0077423444,0.022640983,0.0038189506,0.6482719,0.09362252,null,null,null,null,"TWOGAUSSIANS",8,2.7173862,0.74564844,0.0077423444,0.1267895,0.021386124,0.6482719,0.09362252,0.24473351,0.0018554133,0.13159099,0.0056713363,0.56344044,0.089748986
375316653866487564,3320310887212685184,0.4933792,2350.0591072640686,1.9456884051352972,4.3985292E-5,18.958878,0.0043895375,0.46632978,0.009587871,0.014271808,0.0057040043,0.39488497,0.032324985,0.70839703,0.012072214,0.015091667,0.014821798,0.0069229067,181.71841,0.034151383,0.010019571,0.70839703,0.012072214,"TWOGAUSSIANS_WITH_ELLIPSOIDAL_ON_ECLIPSE2",9,3.4851744,0.46634978,0.009618703,0.079922125,0.031942423,0.39505446,0.032335594,0.70839703,0.012072214,0.08451334,0.08300207,0.07522515,181.72551
375316653866487564,3320314323184121600,0.5073432,2373.2662600746517,2.229665192844821,9.269708E-6,19.715956,0.0071161143,0.18452309,0.004881551,0.028485581,0.0059185117,0.35057494,0.069544904,0.6728066,0.0017891666,0.040081616,0.0048401393,0.2547597,0.08838839,null,null,null,null,"TWOGAUSSIANS",8,1.6668967,0.18452309,0.004881551,0.15951926,0.033143666,0.35057494,0.069544904,0.6728066,0.0017891666,0.22445706,0.02710478,0.2547597,0.08838839
375316653866487564,3320314494984692224,0.54032415,2369.1350841950975,2.4932904185249143,1.1840981E-5,15.532586,0.014495982,0.2639565,0.0020705287,0.05832105,0.008888588,0.15146433,0.029425727,0.7724619,0.0067302794,0.060475282,0.013484449,0.13945502,0.02758738,0.102075055,0.0154691255,0.2639565,0.0020705287,"TWOGAUSSIANS_WITH_ELLIPSOIDAL_ON_ECLIPSE1",9,39.459564,0.2639565,0.0020705287,0.3265979,0.049776096,0.3555823,0.0059309225,0.7724619,0.0067302794,0.33866158,0.075512916,0.3429905,0.00729051
375316653866487564,3320316071236669312,0.478258,2443.4081900830142,0.034401176430189404,1.4446724E-4,19.1306,0.0071091354,0.38217473,0.016164152,0.12779051,0.021090914,0.17124896,0.021039603,0.7528516,0.009408449,0.060861815,0.011513238,0.12726404,0.03818338,null,null,null,null,"TWOGAUSSIANS",8,1.9527518,0.38217473,0.016164152,0.4,0.0,0.17012689,0.021498952,0.7528516,0.009408449,0.34082618,0.06447413,0.12869315,0.039383773
375316653866487564,3320316419130016000,0.49879023,2362.4088076170983,1.8448386402158194,1.0596388E-5,16.23491,8.341461E-4,0.22323556,0.0032818029,0.017850114,0.004813725,0.016748834,0.0038835625,null,null,null,null,null,null,0.027848126,0.0011193685,0.22323556,0.0032818029,"ONEGAUSSIAN_WITH_ELLIPSOIDAL",6,3.2007582,0.22323556,0.0032818029,0.09996064,0.02695686,0.07244496,0.0035460943,null,null,null,null,null,null
375316653866487564,3320317518641643392,0.6944169,2401.652389900844,0.8810763379096043,1.2597287E-6,14.96399,0.0015501002,0.22529837,0.0012173034,0.034424342,0.0032000572,0.41799897,0.17380959,0.7262077,3.3657107E-4,0.034151245,4.4778665E-4,0.40163043,0.0035199407,0.018239416,0.0023402427,0.22529837,0.0012173034,"TWOGAUSSIANS_WITH_ELLIPSOIDAL_ON_ECLIPSE1",9,7.1878486,0.22529837,0.0012173034,0.19277632,0.017920319,0.45447776,0.17687269,0.7262077,3.3657107E-4,0.19124697,0.0025076051,0.43810803,0.003091523
375316653866487564,3320326722755789952,0.45866367,2417.190060877409,0.029340070651075172,4.677587E-5,18.13939,0.0044025714,0.20535593,0.017798709,0.04391759,0.011200785,0.13856539,0.01718313,0.80181473,0.037869018,0.06063472,0.027284684,0.11767646,0.024311407,null,null,null,null,"TWOGAUSSIANS",8,5.0051155,0.20535593,0.017798709,0.2459385,0.0627244,0.13856536,0.017182166,0.80181473,0.037869018,0.33955443,0.13597655,0.11767644,0.024311177
375316653866487564,3320327306871454080,0.45748246,2383.338961910387,0.7954099431840259,6.357431E-5,19.901226,0.007812376,0.15086086,0.004386178,0.01304912,0.0041370923,0.45169464,0.19485883,0.6361375,0.032658264,0.09054278,0.033423737,0.11473722,0.026069827,null,null,null,null,"TWOGAUSSIANS",8,2.2620509,0.15086086,0.004386178,0.07307507,0.023167716,0.45169386,0.19486,0.6361375,0.032658264,0.4,0.0,0.11473637,0.026086764
375316653866487564,3320328268944112000,0.49779984,2404.753320226126,3.599918788583768,2.0286461E-5,19.177414,0.064267255,0.2620142,0.0045843683,0.109901235,0.014903708,0.42063218,0.061331235,0.7683591,0.004267066,0.105480365,0.02091353,0.40369257,0.043698095,null,null,null,null,"TWOGAUSSIANS",8,3.4049711,0.2620142,0.004588742,0.4,0.0,0.36864784,0.015343127,0.76836914,0.0042707818,0.4,0.0,0.35172495,0.03520072
375316653866487564,3320333251105978112,0.51313955,2373.2673784533745,2.334195133932978,1.1436311E-5,19.891937,0.031567227,0.19220503,0.0041185804,0.044446982,0.005549456,0.7067902,0.26803017,0.6973864,0.03760896,0.042151976,0.05991925,0.733949,0.58592576,null,null,null,null,"TWOGAUSSIANS",8,4.154731,0.6973864,0.03760896,0.23605105,0.16633916,0.73394895,0.58642447,0.19220503,0.0041185804,0.2489031,0.031076953,0.70679015,0.2680223
375316653866487564,3320342360732453248,0.6571879,2411.451684123016,2.572070450791144,4.658778E-6,15.043982,0.006670204,0.28605765,0.001584368,0.05174427,0.0038499823,0.18033038,0.0128548825,0.78233284,0.0010078471,0.05312729,0.0035691469,0.18009064,0.0147457,0.11064718,0.0076921475,0.78233284,0.0010078471,"TWOGAUSSIANS_WITH_ELLIPSOIDAL_ON_ECLIPSE2",9,20.376356,0.28528765,0.0011976754,0.28976792,0.021559902,0.40152377,0.008372307,0.78233284,0.0010078471,0.2975128,0.019987222,0.40138027,0.008517694
375316653866487564,3320343357164833152,0.61796737,2405.3587008635495,2.922966769697641,6.588246E-6,16.615385,0.0033037357,0.22676657,0.0017080685,0.080690674,0.0024207043,0.24861786,0.0037762476,0.72966963,0.0017713842,0.086730085,0.0025740305,0.2457538,0.004823245,null,null,null,null,"TWOGAUSSIANS",8,4.4705534,0.22676657,0.0017080685,0.4,0.0,0.243194,0.003413504,0.72966963,0.0017713842,0.4,0.0,0.24032992,0.0049634343
375316653866487564,3320344491036196992,0.56078523,2402.492565112128,3.4425035758177547,5.2711594E-6,16.18911,0.012973302,0.19608891,0.0010142697,0.06231089,0.0027173262,0.39872965,0.012069102,0.67810977,0.0036167915,0.08694348,0.0050454224,0.52621424,0.032993704,null,null,null,null,"TWOGAUSSIANS",8,71.20511,0.67810977,0.0036167915,0.4,0.0,0.5239722,0.033320744,0.19608891,0.0010142697,0.348941,0.015217027,0.39648774,0.01134061
375316653866487564,3320346586980265856,0.5441598,2404.5048508347227,1.4789969018687583,3.9707422E-5,17.271706,0.005742992,0.25468254,0.008986277,0.02627192,0.0028282476,1.0494269,0.25610834,0.77908134,0.008027043,0.02086574,0.0045148693,0.53636336,0.12722395,0.022374105,0.011640648,0.25468254,0.008986277,"TWOGAUSSIANS_WITH_ELLIPSOIDAL_ON_ECLIPSE1",9,34.210236,0.25468254,0.008986277,0.14712276,0.015838185,1.0941751,0.27000076,0.77908134,0.008027043,0.11684814,0.025283268,0.58006805,0.12784088
375316653866487564,3320351294264370816,0.44487712,2327.5477080774704,1.9748832782784205,1.3125452E-4,16.482557,0.0052682636,0.2747699,0.010747079,0.008825738,0.0039951033,0.21639504,2.3579593,0.7088422,0.005565019,0.059283245,0.006842168,0.124655396,0.010904095,null,null,null,null,"TWOGAUSSIANS",8,63.906578,0.2747699,0.010747079,0.049424134,0.02237258,0.21639504,2.3579593,0.7088422,0.005565019,0.33198616,0.03831614,0.124655396,0.010904095
375316653866487564,3320367164166300800,0.4731952,2342.860667140474,1.2972052424077052,6.0732295E-6,19.668316,0.008232902,0.6115319,0.008602536,0.054502264,0.012321134,0.122153066,0.03461168,0.8348448,0.0019821525,0.02295657,0.0014722667,0.88990134,0.21728356,null,null,null,null,"TWOGAUSSIANS",8,2.5528333,0.8348448,0.0019821525,0.1285568,0.008244694,0.88992894,0.21728235,0.6115319,0.008602536,0.30521268,0.06899835,0.122153066,0.03461168
375316653866487564,3320373177120638336,0.4329764,2333.5572615614337,3.1216399565867547,5.120815E-5,18.554884,0.0043849973,null,null,null,null,null,null,null,null,null,null,null,null,0.042130623,0.004981396,0.7417331,0.01216303,"ELLIPSOIDAL",4,4.8640738,null,null,null,null,null,null,null,null,null,null,null,null
375316653866487564,3320387573851685632,0.66218513,2379.5608457961125,0.09067540072786322,1.041834E-6,15.091775,3.590607E-4,0.46847418,2.9291748E-8,0.0061357236,1.659113E-5,0.20598982,2.4904506E-4,0.9621146,3.6739552E-4,0.0022596875,1.4056613E-4,0.18253055,0.006662193,null,null,null,null,"TWOGAUSSIANS",8,2.3032193,0.46847418,2.9291748E-8,0.03436005,9.291033E-5,0.20598982,2.4904506E-4,0.9621146,3.6739552E-4,0.0126542505,7.871703E-4,0.18253055,0.006662193
375316653866487564,3320389120039548416,0.44655335,2332.307103225996,1.6714623220165943,2.7218812E-5,18.663229,0.008239203,0.28551808,0.0010604687,0.019099245,0.0035816515,0.21424535,0.075664595,0.7313139,0.15450622,0.043833833,0.06871938,0.2609849,0.5444869,0.026238972,0.018465362,0.28551808,0.0010604687,"TWOGAUSSIANS_WITH_ELLIPSOIDAL_ON_ECLIPSE1",9,6.4805527,0.7328039,0.022431087,0.24546945,0.18383071,0.30776215,0.5471246,0.28551808,0.0010293323,0.10695577,0.020057248,0.2667228,0.08483439
375316653866487564,3320391319062866944,0.514692,2380.4271011590927,3.7020958803645985,2.265695E-5,18.823515,0.010791941,0.25463724,0.011302496,0.082685806,0.009433239,0.28585157,0.030626323,0.74199367,0.005369691,0.078483745,0.0063756243,0.35436064,0.01563549,null,null,null,null,"TWOGAUSSIANS",8,5.8831506,0.74199367,0.005369691,0.4,0.0,0.35033223,0.014789199,0.25463724,0.011302496,0.4,0.0,0.28182316,0.030182311
375316653866487564,3320402520337580544,0.54109234,2367.4894991498,4.2811424320189335,1.2961764E-5,19.490282,0.014819196,0.25249335,0.009296268,0.08535115,0.0074799955,0.45751682,0.03342865,0.7476691,0.0045519182,0.07185589,0.006331107,0.47957247,0.029800802,null,null,null,null,"TWOGAUSSIANS",8,2.3373907,0.7476691,0.0045519182,0.4,0.01438008,0.47420514,0.03030199,0.25249335,0.009296268,0.4,0.0,0.45214945,0.03275796
375316653866487564,3320408052255529728,0.55481887,2393.73233733188,3.2040953266262067,1.5124096E-5,17.387394,0.007996062,0.2103752,0.0023332108,0.06958452,0.0035502603,0.2856843,0.0075072623,0.7046509,0.0061773476,0.0805819,0.00464977,0.30183938,0.017659966,null,null,null,null,"TWOGAUSSIANS",8,22.55828,0.7046509,0.0061773476,0.4,0.0,0.29981783,0.01755548,0.2103752,0.0023332108,0.38967332,0.019881457,0.2836627,0.006732872
375316653866487564,3320410324292700672,0.58837456,2390.9909386512386,3.7594422906347216,5.6551203E-6,17.726713,0.0049221376,0.26282495,0.003100177,0.04978949,0.008698442,0.09805047,0.011545808,0.7761829,0.003214671,0.049585737,0.0045097293,0.12861106,0.010917808,0.05731595,0.0050618947,0.26282495,0.003100177,"TWOGAUSSIANS_WITH_ELLIPSOIDAL_ON_ECLIPSE1",9,2.872667,0.7761829,0.003214671,0.27768013,0.025254482,0.24243648,0.008943421,0.26282495,0.003100177,0.27882114,0.048711278,0.21268149,0.010589241
