Gaia/vari_eclipsing_binary/VariEclipsingBinary_668026-668041.csv
# %ECSV 1.0
# ---
# delimiter: ','
# meta: !!omap
# - RELEASE: Gaia DR3
# - TABLE: vari_eclipsing_binary
# - DESCRIPTION: >
#     This table describes the properties of the eclipsing binaries resulting from the variability analysis. 
# - CITATION: >
#     How to cite and acknowledge Gaia: 
#     https://gea.esac.esa.int/archive/documentation/credits.html 
# - KNOWN_ISSUES: >
#     Known issues: 
#     https://www.cosmos.esa.int/web/gaia-users/known-issues 
# - DOCUMENTATION: >
#     Tutorials and documentation: 
#     https://www.cosmos.esa.int/web/gaia-users/archive 
# datatype:
# - 
#   name: solution_id
#   datatype: int64
#   description: Solution Identifier
#   meta:
#     ucd: meta.version
# - 
#   name: source_id
#   datatype: int64
#   description: Unique source identifier
#   meta:
#     ucd: meta.id;meta.main
# - 
#   name: global_ranking
#   datatype: float32
#   description: Number between 0 (worst) and 1 (best)
#   meta:
#     ucd: stat.param
# - 
#   name: reference_time
#   datatype: float64
#   unit: d
#   description: Reference time used for the geometric model fit
#   meta:
#     ucd: time.epoch
# - 
#   name: frequency
#   datatype: float64
#   unit: d**-1
#   description: Frequency of geometric model of the eclipsing binary light curve
#   meta:
#     ucd: src.orbital
# - 
#   name: frequency_error
#   datatype: float32
#   unit: d**-1
#   description: "Uncertainty of \\texttt{frequency}"
#   meta:
#     ucd: stat.error
# - 
#   name: geom_model_reference_level
#   datatype: float32
#   unit: mag
#   description: Magnitude reference level of geometric model
#   meta:
#     ucd: phot.mag;em.opt
# - 
#   name: geom_model_reference_level_error
#   datatype: float32
#   unit: mag
#   description: "Uncertainty of \\texttt{geomModelReferenceLevel}"
#   meta:
#     ucd: stat.error;phot.mag;em.opt
# - 
#   name: geom_model_gaussian1_phase
#   datatype: float32
#   description: Phase of the Gaussian 1 component
#   meta:
#     ucd: time.phase
# - 
#   name: geom_model_gaussian1_phase_error
#   datatype: float32
#   description: "Uncertainty of \\texttt{geomModelGaussian1Phase}"
#   meta:
#     ucd: stat.error;time.phase
# - 
#   name: geom_model_gaussian1_sigma
#   datatype: float32
#   description: "Standard deviation [phase] of Gaussian 1 component"
#   meta:
#     ucd: stat.stdev
# - 
#   name: geom_model_gaussian1_sigma_error
#   datatype: float32
#   description: "Uncertainty of \\texttt{geomModelGaussian1Sigma}"
#   meta:
#     ucd: stat.error
# - 
#   name: geom_model_gaussian1_depth
#   datatype: float32
#   unit: mag
#   description: Magnitude depth of Gaussian 1 component
#   meta:
#     ucd: src.var.amplitude
# - 
#   name: geom_model_gaussian1_depth_error
#   datatype: float32
#   unit: mag
#   description: "Uncertainty of \\texttt{geomModelGaussian1Depth}"
#   meta:
#     ucd: stat.error;src.var.amplitude
# - 
#   name: geom_model_gaussian2_phase
#   datatype: float32
#   description: Phase of Gaussian 2 component
#   meta:
#     ucd: time.phase
# - 
#   name: geom_model_gaussian2_phase_error
#   datatype: float32
#   description: "Uncertainty of \\texttt{geomModelGaussian2Phase}"
#   meta:
#     ucd: stat.error;time.phase
# - 
#   name: geom_model_gaussian2_sigma
#   datatype: float32
[...]
#   datatype: float32
#   description: "Secondary eclipse: uncertainty of \\texttt{derivedSecondaryEclDuration}"
#   meta:
#     ucd: stat.error;time.duration
# - 
#   name: derived_secondary_ecl_depth
#   datatype: float32
#   unit: mag
#   description: "Secondary eclipse: depth"
#   meta:
#     ucd: src.var.amplitude
# - 
#   name: derived_secondary_ecl_depth_error
#   datatype: float32
#   unit: mag
#   description: "Secondary eclipse: uncertainty of \\texttt{derivedSecondaryEclDepth}"
#   meta:
#     ucd: stat.error;src.var.amplitude
solution_id,source_id,global_ranking,reference_time,frequency,frequency_error,geom_model_reference_level,geom_model_reference_level_error,geom_model_gaussian1_phase,geom_model_gaussian1_phase_error,geom_model_gaussian1_sigma,geom_model_gaussian1_sigma_error,geom_model_gaussian1_depth,geom_model_gaussian1_depth_error,geom_model_gaussian2_phase,geom_model_gaussian2_phase_error,geom_model_gaussian2_sigma,geom_model_gaussian2_sigma_error,geom_model_gaussian2_depth,geom_model_gaussian2_depth_error,geom_model_cosine_half_period_amplitude,geom_model_cosine_half_period_amplitude_error,geom_model_cosine_half_period_phase,geom_model_cosine_half_period_phase_error,model_type,num_model_parameters,reduced_chi2,derived_primary_ecl_phase,derived_primary_ecl_phase_error,derived_primary_ecl_duration,derived_primary_ecl_duration_error,derived_primary_ecl_depth,derived_primary_ecl_depth_error,derived_secondary_ecl_phase,derived_secondary_ecl_phase_error,derived_secondary_ecl_duration,derived_secondary_ecl_duration_error,derived_secondary_ecl_depth,derived_secondary_ecl_depth_error
[from data line 400]
375316653866487564,5876102576247584768,0.43629637,2170.2873388006024,1.2791003290252219,5.2118758E-5,19.479431,0.006827787,null,null,null,null,null,null,null,null,null,null,null,null,0.070807874,0.011319266,0.23531558,0.008889135,"ELLIPSOIDAL",4,3.90781,null,null,null,null,null,null,null,null,null,null,null,null
375316653866487564,5876103366520140032,0.4802159,2193.738267174112,0.04133336755752348,1.1936065E-5,19.580421,0.007856278,0.360124,0.030368585,0.08683392,0.057310164,0.15431738,0.091058865,0.74166995,0.001511149,0.007463154,0.002231746,0.63712555,0.4006613,null,null,null,null,"TWOGAUSSIANS",8,2.8639646,0.74166995,0.001511149,0.041793663,0.012497778,0.63713545,0.40069705,0.360124,0.030368585,0.4,0.0,0.15431736,0.091333374
375316653866487564,5876103396594906112,0.596006,2213.238774960654,1.9665266807125406,3.5099672E-6,18.345964,0.004959052,0.22662151,0.0011964772,0.076776564,0.0019975014,0.39791724,0.008516366,0.7235667,0.0065807644,0.07992001,0.0042270226,0.40511814,0.01827708,null,null,null,null,"TWOGAUSSIANS",8,1.940559,0.7235667,0.0065807644,0.4,0.0,0.40047637,0.017252622,0.22662151,0.0011964772,0.4,0.0,0.3932755,0.008568779
375316653866487564,5876103435239751552,0.56603056,2188.979152550569,3.0046230842855057,1.2122022E-5,18.030115,0.00920882,0.18991594,0.004106576,0.08536121,0.0062144585,0.24751188,0.013374907,0.6832771,0.002318115,0.08478622,0.004030706,0.30069304,0.011187617,null,null,null,null,"TWOGAUSSIANS",8,3.8907328,0.6832771,0.002318115,0.4,0.0,0.2942193,0.010115246,0.18991594,0.004106576,0.4,0.0,0.24103814,0.013224355
375316653866487564,5876103671452816768,0.47333884,2196.047063611975,1.045876979783796,2.0899159E-5,17.907557,0.004246183,0.22868556,0.0032636272,0.039706614,0.0056766192,0.061053284,0.005062136,0.7400529,0.006795229,0.04867027,0.011005043,0.075413905,0.0055170674,null,null,null,null,"TWOGAUSSIANS",8,3.0117013,0.7400529,0.006795229,0.2725535,0.06162824,0.0754139,0.005517079,0.22868556,0.0032636272,0.22235703,0.031789068,0.061053276,0.005062097
375316653866487564,5876104328594787712,0.50253063,2204.0309869232005,3.593124688717389,1.6005708E-5,18.608315,0.008529242,0.16639082,0.0034973505,0.06851146,0.0053453106,0.22880681,0.019406255,0.671448,0.006747168,0.07548867,0.0076450114,0.15642492,0.008989665,null,null,null,null,"TWOGAUSSIANS",8,2.4574158,0.16639082,0.0034973505,0.38366422,0.02993374,0.22801031,0.0194907,0.671448,0.006747168,0.4,0.0055507785,0.15562844,0.008482157
375316653866487564,5876104431674405504,0.5067102,2243.5329375724427,2.4175304372982476,3.7915972E-5,19.628304,0.013609685,0.23173214,0.0038419943,0.07571574,0.0045135296,0.4101592,0.021986056,0.71861356,0.01657375,0.076968856,0.017406682,0.41941673,0.0701927,null,null,null,null,"TWOGAUSSIANS",8,2.2454963,0.71861356,0.01657375,0.4,0.0,0.41648945,0.07264126,0.23173214,0.0038419943,0.4,0.0,0.40723193,0.020966003
375316653866487564,5876104534753314304,0.5303427,2200.5917424506038,2.8103757344528812,1.648536E-5,18.921167,0.010855546,0.2983411,0.006408545,0.07707941,0.007881205,0.5004208,0.062265746,0.79232866,0.003933361,0.074797854,0.0040084077,0.49994564,0.034429833,null,null,null,null,"TWOGAUSSIANS",8,6.260385,0.2983411,0.006408545,0.4,0.0,0.496533,0.06363159,0.79232866,0.003933361,0.4,0.0,0.49605784,0.034539882
375316653866487564,5876104569183545600,0.609882,2211.188638234391,0.8554490989941443,4.4752683E-6,13.219272,0.016846428,0.27212864,7.75105E-4,0.08103011,0.0030105447,0.4780827,0.015510799,0.79088223,0.003917553,0.09630449,0.008112658,0.24727353,0.016029606,null,null,null,null,"TWOGAUSSIANS",8,245.16254,0.27212864,7.75105E-4,0.4,0.0,0.4689559,0.0120111955,0.79088223,0.003917553,0.4,0.0,0.23814571,0.012169592
375316653866487564,5876104702245046912,0.5896585,2224.0880220574127,2.349562493941821,6.7612837E-6,18.298382,0.008865024,0.24444038,0.0016222002,0.048161007,0.004511018,0.2564224,0.020441974,0.7435548,0.0062771225,0.051487263,0.007089133,0.17310433,0.030737562,0.10220734,0.0122322375,0.24444038,0.0016222002,"TWOGAUSSIANS_WITH_ELLIPSOIDAL_ON_ECLIPSE1",9,3.4845312,0.24444038,0.0016222002,0.26970163,0.0252617,0.46083528,0.0155514525,0.7437348,0.005437074,0.28832868,0.039699145,0.37751213,0.022059891
375316653866487564,5876104843989091840,0.4917611,2208.3557821775603,2.5521229616955834,2.8099084E-5,19.75887,0.013033227,0.22148167,0.0047715027,0.07261771,0.0061638393,0.39599562,0.038164083,0.73082936,0.013892557,0.06511245,0.009717359,0.3579753,0.060050663,null,null,null,null,"TWOGAUSSIANS",8,2.4777737,0.22148167,0.0047715027,0.4,0.0012489076,0.3951871,0.038242105,0.73082936,0.013892557,0.36462975,0.054417208,0.3571668,0.060211092
375316653866487564,5876104912780543488,0.47515807,2207.089299074424,0.17533913969521,8.950334E-5,16.179653,0.00470584,0.69829434,0.022242585,0.025429035,0.010743814,0.07027578,0.16493776,0.8139855,0.013013173,0.008127934,0.0064474004,0.49772596,1.6435707,0.01594476,0.005716,0.8139855,0.013013173,"TWOGAUSSIANS_WITH_ELLIPSOIDAL_ON_ECLIPSE2",9,41.31491,0.8139855,0.013013173,0.045516435,0.036105443,0.5296177,1.6430348,0.7001243,0.016775087,0.14240259,0.060165357,0.08826336,0.16620189
375316653866487564,5876104947068284800,0.5232846,2206.0950392362083,1.3946926806027409,9.415964E-6,17.843443,0.06029421,0.3036213,0.0039152964,0.12882553,0.032582447,0.15126583,0.058737297,0.80722153,0.0035076863,0.11671405,0.032548387,0.12650491,0.057584874,null,null,null,null,"TWOGAUSSIANS",8,1.8010898,0.30361128,0.003919085,0.4,0.0,0.117423944,0.0060759685,0.80727154,0.0035920695,0.4,0.0,0.092799604,0.0054710633
375316653866487564,5876105011482729472,0.41843984,2196.2237421007194,2.5472168369042554,3.9112845E-5,18.729263,0.0058588157,0.24014917,0.0030502619,0.009940401,0.0038841532,0.13421628,0.051114466,0.71731377,0.010418111,0.032516785,0.00675531,0.13310495,0.038923483,null,null,null,null,"TWOGAUSSIANS",8,7.305915,0.24014917,0.0030502619,0.05566624,0.021751259,0.13421628,0.051114466,0.71731377,0.010418111,0.18209401,0.037829738,0.13310495,0.038923483
375316653866487564,5876105325025562880,0.552845,2189.8557573711128,2.4704698824851388,1.7860313E-5,19.217562,0.020674001,0.27393302,0.0046135588,0.08549192,0.005522096,0.41004193,0.027600868,0.7703794,0.0040505873,0.089814045,0.0075359787,0.3973056,0.023020498,null,null,null,null,"TWOGAUSSIANS",8,2.4195924,0.27393302,0.0046135588,0.4,0.0,0.3970101,0.023376537,0.7703794,0.0040505873,0.4,0.0,0.38427365,0.019571561
375316653866487564,5876105462536748928,0.70460504,2221.7321064175308,2.268912514909036,4.8866614E-6,13.947641,0.009407627,0.26097012,0.0018862314,0.061138324,0.0047718193,0.21128182,0.019423293,0.7637748,0.0029158827,0.06785306,0.005118423,0.17307149,0.018493908,0.0927197,0.009693393,0.26097012,0.0018862314,"TWOGAUSSIANS_WITH_ELLIPSOIDAL_ON_ECLIPSE1",9,30.781723,0.26097012,0.0018862314,0.34237462,0.026722189,0.3965054,0.002250396,0.7637748,0.0029158827,0.37997714,0.02866317,0.3582375,0.0041119778
375316653866487564,5876105492520732160,0.63084364,2196.960185258013,2.7204879747649517,3.4979473E-6,18.142763,0.006153513,0.30762836,0.0010678261,0.04649725,0.004658404,0.4926307,0.06894636,0.8110471,0.0010048616,0.041629363,0.0017652018,0.4481026,0.013736639,0.14098956,0.00833509,0.30762836,0.0010678261,"TWOGAUSSIANS_WITH_ELLIPSOIDAL_ON_ECLIPSE1",9,2.9820204,0.30762836,0.0010678261,0.26038462,0.026087062,0.77460945,0.07679256,0.8110471,0.0010048616,0.23312442,0.00988513,0.72995126,0.01317394
375316653866487564,5876105565543891968,0.5200458,2214.8324144240632,2.7111866045603565,1.758417E-5,17.839155,0.020553835,0.16012849,0.0055147232,0.08658261,0.011618814,0.21753885,0.018100798,0.65801287,0.010173482,0.09334898,0.01377525,0.26660165,0.024571044,null,null,null,null,"TWOGAUSSIANS",8,8.48918,0.65801287,0.010173482,0.4,0.0,0.25676295,0.019894198,0.16012849,0.0055156476,0.4,0.0,0.20770043,0.012621241
375316653866487564,5876105771702270720,0.5505948,2181.9687714393394,2.4523356574228377,1.2496406E-5,19.1554,0.0138005,0.24469979,0.002892078,0.07825325,0.0044555003,0.43033266,0.021675203,0.7522998,0.004090463,0.079130076,0.006955966,0.44725356,0.030772915,null,null,null,null,"TWOGAUSSIANS",8,2.5524826,0.7522998,0.004090463,0.4,0.0,0.44241798,0.03207255,0.24469979,0.002892078,0.4,0.0,0.42549708,0.021563089
375316653866487564,5876105840493543808,0.51635766,2199.927805359752,0.9901013706158095,2.2036822E-5,15.210586,0.06542445,0.26260954,0.009499893,0.14613013,0.05161047,0.049981713,0.061768368,0.7754222,0.005762962,0.1445166,0.043867443,0.07275311,0.060309812,null,null,null,null,"TWOGAUSSIANS",8,4.8534284,0.7759822,0.004407022,0.4,0.0,0.047870517,0.0022868663,0.26144955,0.008688128,0.4,0.0,0.025183292,0.0033488502
375316653866487564,5876105943572790272,0.5917794,2207.6961656180856,2.1420879481436725,5.8362784E-6,16.954699,0.008666158,0.20879686,0.0014006983,0.05053031,0.0041755303,0.23936808,0.023350041,0.7064899,0.0024722377,0.045864787,0.003957967,0.21495692,0.022699794,0.11425502,0.014797133,0.20879686,0.0014006983,"TWOGAUSSIANS_WITH_ELLIPSOIDAL_ON_ECLIPSE1",9,16.953028,0.20879686,0.0014006983,0.28296974,0.023382971,0.46787664,0.018889638,0.7068399,0.0020580937,0.25684282,0.022164613,0.4434247,0.0130507415
375316653866487564,5876106046580393728,0.48482907,2181.0827015002765,2.783703508143231,1.2649529E-5,19.399208,0.015057258,0.34299818,0.016330421,0.13629475,0.011925942,0.3646946,0.030591752,0.6821,0.12850456,0.047144994,0.06334125,0.052509967,0.046373174,null,null,null,null,"TWOGAUSSIANS",8,3.2641912,0.34299818,0.008431209,0.4,0.0,0.36371952,0.022387762,0.6821,0.12850456,0.26401198,0.15094213,0.06804798,0.09833979
375316653866487564,5876106184019502464,0.4663235,2239.481047502183,3.6731422069113395,6.444292E-5,19.309134,0.020623969,0.27793208,0.0059970845,0.03322454,0.0059809308,0.699822,0.13777402,0.7802466,0.008577983,0.031737868,0.028269334,0.6823172,8.273681E37,0.129172,0.029295478,0.7802466,0.008577983,"TWOGAUSSIANS_WITH_ELLIPSOIDAL_ON_ECLIPSE2",9,13.071938,0.27800208,0.0056997873,0.18605743,0.03349321,0.9581126,0.13400446,0.7802466,0.008577983,0.17773207,0.15830827,0.9406607,8.273681E37
375316653866487564,5876106321458370560,0.5835359,2206.8773371748944,2.90587294970424,8.586944E-6,17.930676,0.0085277585,0.25718063,0.002174441,0.04262037,0.005274823,0.15782587,0.021131622,0.7589957,0.0029225324,0.04069281,0.006965765,0.2668534,0.02576063,0.108393736,0.010721327,0.25718063,0.002174441,"TWOGAUSSIANS_WITH_ELLIPSOIDAL_ON_ECLIPSE1",9,5.694134,0.7589957,0.002817341,0.22787973,0.039008282,0.4836124,0.03065838,0.25718063,0.002174441,0.23867406,0.029539008,0.37461308,0.015601288
375316653866487564,5876106355818197504,0.42943963,2185.892289227857,0.12907477960567093,3.2960677E-5,19.087273,0.008316165,0.13776311,0.0052734106,0.06255673,0.02089019,0.13550033,0.10749321,0.7071086,0.004754828,0.012156039,0.005858215,0.25398663,0.09464426,0.051872484,0.009266807,0.13776311,0.0052734106,"TWOGAUSSIANS_WITH_ELLIPSOIDAL_ON_ECLIPSE1",9,6.0114594,0.7071086,0.004754828,0.06807382,0.032806005,0.33920556,0.09615684,0.13776311,0.0052734106,0.3503177,0.11698506,0.23919939,0.10650423
375316653866487564,5876106527688395136,0.5581527,2184.2596662541655,2.3588928518262344,1.8221239E-5,17.49622,0.021424785,0.18571047,0.0052795606,0.036401093,0.011534765,0.21149902,0.04525385,0.6911903,0.0065629855,0.055330988,0.0100709265,0.262283,0.04926247,0.111083426,0.024053123,0.18571047,0.0052795606,"TWOGAUSSIANS_WITH_ELLIPSOIDAL_ON_ECLIPSE1",9,15.066753,0.6911903,0.0065629855,0.30985352,0.05639719,0.4841799,0.0422555,0.18571047,0.0052795606,0.20384613,0.064594686,0.4336592,0.0147787435
375316653866487564,5876106596336434304,0.5225926,2180.8694121489393,2.4388078959650974,2.4766232E-5,19.57651,0.050037842,0.28193605,0.008707421,0.10419536,0.017490918,0.27830148,0.04903736,0.77343214,0.005712019,0.097455025,0.015284729,0.39769173,0.046899475,null,null,null,null,"TWOGAUSSIANS",8,1.6790552,0.77343214,0.005712019,0.4,0.0,0.37030885,0.011767195,0.28193605,0.008708416,0.4,0.0,0.25091428,0.012427156
375316653866487564,5876106836926628864,0.50269866,2200.0520980875604,2.1491373775337377,2.478552E-5,19.053738,0.031645503,0.23982322,0.0048489193,0.08073004,0.010314204,0.4640852,0.031717688,0.7572461,0.005015258,0.085738726,0.01017356,0.44482952,0.03445883,null,null,null,null,"TWOGAUSSIANS",8,8.331776,0.23982322,0.0048489193,0.4,0.0,0.45684054,0.028194403,0.7572461,0.005015258,0.4,0.0,0.43758482,0.03253255
375316653866487564,5876107008656573568,0.5124611,2165.090283707935,2.19718467136495,4.1664523E-5,17.582172,0.021889439,0.22679923,0.007202863,0.0907256,0.015233571,0.22457615,0.01920201,0.72571427,0.008681945,0.09637907,0.015080399,0.21224841,0.021806285,null,null,null,null,"TWOGAUSSIANS",8,8.238063,0.22679923,0.007202863,0.4,0.0,0.21249714,0.0127428835,0.72571427,0.008681945,0.4,0.0,0.20016894,0.01471128
375316653866487564,5876107249243539200,0.5824441,2204.150340590392,2.8260099891381953,1.2569358E-5,17.518534,0.030800123,0.23303784,0.005189081,0.048468024,0.013602768,0.40370005,0.062286913,0.7410403,0.0023249672,0.05926104,0.008569498,0.40306935,0.06205133,0.100204125,0.040289696,0.7410403,0.0023249672,"TWOGAUSSIANS_WITH_ELLIPSOIDAL_ON_ECLIPSE2",9,31.169134,0.23370783,0.004797647,0.27142093,0.076175496,0.603589,0.044952672,0.7410403,0.0023249672,0.33186182,0.047989186,0.603422,0.028779225
375316653866487564,5876107317963020672,0.51669097,2213.9384270841633,2.324651622505307,1.2051357E-5,17.826574,0.011863045,0.21622822,0.0036727956,0.08586708,0.006421263,0.30087173,0.017392647,0.7026375,0.0047825607,0.08458679,0.007581045,0.35304502,0.0371961,null,null,null,null,"TWOGAUSSIANS",8,10.50784,0.7026375,0.0047825607,0.4,0.0,0.3460903,0.03897315,0.21622822,0.0036727956,0.4,0.0,0.293917,0.017254189
375316653866487564,5876107455401967104,0.64840144,2202.022114978287,0.45526490306539363,1.254378E-4,16.81102,9.701912E-4,0.30778,0.008111547,0.028794829,0.003909613,0.6199269,0.10769282,null,null,null,null,null,null,null,null,null,null,"ONEGAUSSIAN",5,2.3218083,0.30778,0.008111547,0.16125104,0.021893833,0.6199269,0.0,null,null,null,null,null,null
375316653866487564,5876107760263045888,0.44296575,2212.9995838789746,4.538877497549331,6.132389E-5,17.595892,0.0022187873,0.30417132,0.010161179,0.03951231,0.010511518,0.07817434,0.051802233,0.755328,0.008547804,0.029218685,0.01297733,0.045384303,0.029679054,null,null,null,null,"TWOGAUSSIANS",8,3.1407392,0.30417132,0.010161179,0.22126894,0.058864504,0.07817434,0.051802233,0.755328,0.008547804,0.16362463,0.07267305,0.045384303,0.029679054
375316653866487564,5876107902009958272,0.50517803,2188.3636059066657,0.9181076967473977,2.1935137E-5,17.95916,0.004904703,0.28903055,0.016789937,0.030438567,0.017137608,0.26388744,0.030347396,0.7925267,0.0043828143,0.06460981,0.006702977,0.09270537,0.008084028,null,null,null,null,"TWOGAUSSIANS",8,4.6870475,0.28903055,0.016789937,0.17045598,0.0959706,0.26388726,0.030346014,0.7925267,0.0043828143,0.36181495,0.037536673,0.092705175,0.0080812955
375316653866487564,5876108039448943488,0.4862935,2230.244173852856,0.049254238995895566,2.9923096E-5,19.535345,0.057784103,0.30215478,0.0062018144,0.06494992,0.02611326,0.6231666,0.315121,0.7854416,0.017056098,0.08706667,0.01910184,0.32245472,0.05518015,null,null,null,null,"TWOGAUSSIANS",8,3.1225195,0.30215478,0.0062018144,0.36371955,0.093220726,0.62057364,0.3267294,0.7854416,0.017056098,0.4,0.0,0.3198617,0.048990015
375316653866487564,5876108142528405632,0.46121687,2194.5016118533877,1.411528011585171,1.8593448E-5,19.456871,0.781106,0.20951194,0.017689677,0.14306085,0.052408427,0.51481205,0.5338436,0.72214574,0.01539389,0.22329012,0.18775432,0.5479118,0.76750195,null,null,null,null,"TWOGAUSSIANS",8,2.0098174,0.20445193,0.010394962,0.4,0.0,0.21648425,0.01388729,0.7237957,0.013296737,0.4,0.0,0.16192016,0.010711728
