Gaia/vari_eclipsing_binary/VariEclipsingBinary_606652-606675.csv
# %ECSV 1.0
# ---
# delimiter: ','
# meta: !!omap
# - RELEASE: Gaia DR3
# - TABLE: vari_eclipsing_binary
# - DESCRIPTION: >
#     This table describes the properties of the eclipsing binaries resulting from the variability analysis. 
# - CITATION: >
#     How to cite and acknowledge Gaia: 
#     https://gea.esac.esa.int/archive/documentation/credits.html 
# - KNOWN_ISSUES: >
#     Known issues: 
#     https://www.cosmos.esa.int/web/gaia-users/known-issues 
# - DOCUMENTATION: >
#     Tutorials and documentation: 
#     https://www.cosmos.esa.int/web/gaia-users/archive 
# datatype:
# - 
#   name: solution_id
#   datatype: int64
#   description: Solution Identifier
#   meta:
#     ucd: meta.version
# - 
#   name: source_id
#   datatype: int64
#   description: Unique source identifier
#   meta:
#     ucd: meta.id;meta.main
# - 
#   name: global_ranking
#   datatype: float32
#   description: Number between 0 (worst) and 1 (best)
#   meta:
#     ucd: stat.param
# - 
#   name: reference_time
#   datatype: float64
#   unit: d
#   description: Reference time used for the geometric model fit
#   meta:
#     ucd: time.epoch
# - 
#   name: frequency
#   datatype: float64
#   unit: d**-1
#   description: Frequency of geometric model of the eclipsing binary light curve
#   meta:
#     ucd: src.orbital
# - 
#   name: frequency_error
#   datatype: float32
#   unit: d**-1
#   description: "Uncertainty of \\texttt{frequency}"
#   meta:
#     ucd: stat.error
# - 
#   name: geom_model_reference_level
#   datatype: float32
#   unit: mag
#   description: Magnitude reference level of geometric model
#   meta:
#     ucd: phot.mag;em.opt
# - 
#   name: geom_model_reference_level_error
#   datatype: float32
#   unit: mag
#   description: "Uncertainty of \\texttt{geomModelReferenceLevel}"
#   meta:
#     ucd: stat.error;phot.mag;em.opt
# - 
#   name: geom_model_gaussian1_phase
#   datatype: float32
#   description: Phase of the Gaussian 1 component
#   meta:
#     ucd: time.phase
# - 
#   name: geom_model_gaussian1_phase_error
#   datatype: float32
#   description: "Uncertainty of \\texttt{geomModelGaussian1Phase}"
#   meta:
#     ucd: stat.error;time.phase
# - 
#   name: geom_model_gaussian1_sigma
#   datatype: float32
#   description: "Standard deviation [phase] of Gaussian 1 component"
#   meta:
#     ucd: stat.stdev
# - 
#   name: geom_model_gaussian1_sigma_error
#   datatype: float32
#   description: "Uncertainty of \\texttt{geomModelGaussian1Sigma}"
#   meta:
#     ucd: stat.error
# - 
#   name: geom_model_gaussian1_depth
#   datatype: float32
#   unit: mag
#   description: Magnitude depth of Gaussian 1 component
#   meta:
#     ucd: src.var.amplitude
# - 
#   name: geom_model_gaussian1_depth_error
#   datatype: float32
#   unit: mag
#   description: "Uncertainty of \\texttt{geomModelGaussian1Depth}"
#   meta:
#     ucd: stat.error;src.var.amplitude
# - 
#   name: geom_model_gaussian2_phase
#   datatype: float32
#   description: Phase of Gaussian 2 component
#   meta:
#     ucd: time.phase
# - 
#   name: geom_model_gaussian2_phase_error
#   datatype: float32
#   description: "Uncertainty of \\texttt{geomModelGaussian2Phase}"
#   meta:
#     ucd: stat.error;time.phase
# - 
#   name: geom_model_gaussian2_sigma
#   datatype: float32
[...]
#   datatype: float32
#   description: "Secondary eclipse: uncertainty of \\texttt{derivedSecondaryEclDuration}"
#   meta:
#     ucd: stat.error;time.duration
# - 
#   name: derived_secondary_ecl_depth
#   datatype: float32
#   unit: mag
#   description: "Secondary eclipse: depth"
#   meta:
#     ucd: src.var.amplitude
# - 
#   name: derived_secondary_ecl_depth_error
#   datatype: float32
#   unit: mag
#   description: "Secondary eclipse: uncertainty of \\texttt{derivedSecondaryEclDepth}"
#   meta:
#     ucd: stat.error;src.var.amplitude
solution_id,source_id,global_ranking,reference_time,frequency,frequency_error,geom_model_reference_level,geom_model_reference_level_error,geom_model_gaussian1_phase,geom_model_gaussian1_phase_error,geom_model_gaussian1_sigma,geom_model_gaussian1_sigma_error,geom_model_gaussian1_depth,geom_model_gaussian1_depth_error,geom_model_gaussian2_phase,geom_model_gaussian2_phase_error,geom_model_gaussian2_sigma,geom_model_gaussian2_sigma_error,geom_model_gaussian2_depth,geom_model_gaussian2_depth_error,geom_model_cosine_half_period_amplitude,geom_model_cosine_half_period_amplitude_error,geom_model_cosine_half_period_phase,geom_model_cosine_half_period_phase_error,model_type,num_model_parameters,reduced_chi2,derived_primary_ecl_phase,derived_primary_ecl_phase_error,derived_primary_ecl_duration,derived_primary_ecl_duration_error,derived_primary_ecl_depth,derived_primary_ecl_depth_error,derived_secondary_ecl_phase,derived_secondary_ecl_phase_error,derived_secondary_ecl_duration,derived_secondary_ecl_duration_error,derived_secondary_ecl_depth,derived_secondary_ecl_depth_error
[from data line 546]
375316653866487564,5336290401938531584,0.49637467,2200.9744098671486,2.9838822234756255,1.0011365E-5,19.78422,0.014501608,0.3149787,0.007671436,0.08282803,0.010470642,0.36207804,0.06860763,0.81991416,0.003486299,0.064594336,0.0047044256,0.64633423,0.02956282,null,null,null,null,"TWOGAUSSIANS",8,2.8283231,0.81991416,0.003486299,0.36172828,0.026344782,0.6437277,0.030414227,0.3149787,0.007671436,0.4,0.0,0.35947153,0.069781214
375316653866487564,5336290470687606144,0.49120757,2220.65458780399,3.73087324305246,1.5710764E-5,18.929108,0.019040262,0.14693712,0.00414473,0.08671591,0.009731117,0.2583278,0.019538103,0.64938855,0.0035048919,0.08014472,0.0073444434,0.28256223,0.02008117,null,null,null,null,"TWOGAUSSIANS",8,4.576728,0.64938855,0.0035048919,0.4,0.0,0.2767756,0.017988326,0.14693712,0.00414473,0.4,0.0,0.25254115,0.017687332
375316653866487564,5336290745541724544,0.5576564,2231.935101876069,2.3899337348205067,4.410701E-6,18.218596,0.009869206,0.23159145,0.0023546293,0.08834301,0.003985165,0.2908016,0.013092553,0.7346744,0.0030390488,0.08449635,0.0048211496,0.28818205,0.011386838,null,null,null,null,"TWOGAUSSIANS",8,3.352511,0.23159145,0.0023546293,0.4,0.0,0.28242803,0.012257374,0.7346744,0.0030390488,0.4,0.0,0.27980852,0.01026745
375316653866487564,5336291157858636416,0.47340754,2254.9857615168576,0.04762760626914033,4.494199E-5,15.901291,0.020266939,0.35467678,0.013384959,0.10923172,0.029497044,0.21987562,0.019313047,0.89921206,0.022680132,0.044531573,0.035188768,0.0767882,0.22278145,null,null,null,null,"TWOGAUSSIANS",8,33.824642,0.35467678,0.013384959,0.4,0.0,0.21931605,0.020345444,0.89925206,0.022570448,0.2493768,0.1970571,0.07626641,0.22384642
375316653866487564,5336291256630001920,0.48395246,2237.6155854394074,2.4307523210165005,1.38975665E-5,18.352879,0.06024249,0.28806853,0.0038816861,0.12307375,0.024511253,0.19969162,0.056964654,0.7776511,0.004250022,0.12009286,0.026780743,0.18576758,0.0550012,null,null,null,null,"TWOGAUSSIANS",8,2.6916025,0.28812853,0.003906501,0.4,0.0,0.15719277,0.00877116,0.7776511,0.004250022,0.4,0.0,0.14331068,0.007758884
375316653866487564,5336291295297627008,0.5009642,2233.037721850195,2.7140464730842027,1.1507093E-5,19.775234,0.009825182,0.18197715,0.0037289225,0.06931729,0.0038493734,0.4886937,0.024967998,0.68255806,0.0039316444,0.079295166,0.009220699,0.48315448,0.06426482,null,null,null,null,"TWOGAUSSIANS",8,1.2027223,0.18197715,0.0037289225,0.3881768,0.021556491,0.48536232,0.02496328,0.68255806,0.0039316444,0.4,0.0,0.47982308,0.06629316
375316653866487564,5336292429193771008,0.50264734,2202.262018309265,0.4465677965333156,2.3826431E-5,17.202082,0.0011660075,0.30839178,0.01177029,0.01936864,0.0053335456,0.06831493,0.026941163,0.8058465,0.008440478,0.017506396,0.0043014917,0.05965566,0.0087202815,0.009810033,0.0015361244,0.30839178,0.01177029,"TWOGAUSSIANS_WITH_ELLIPSOIDAL_ON_ECLIPSE1",9,1.5165476,0.30839178,0.01177029,0.10846438,0.029867854,0.08793498,0.026843999,0.80586654,0.008356805,0.09803582,0.024088353,0.07927073,0.008866
375316653866487564,5336292532246618240,0.4414879,2200.6937900186786,1.5479380059020498,1.8466697E-5,17.634642,0.003984214,0.17255014,0.01229709,0.053780355,0.010753534,0.086472966,0.019429943,0.65431595,0.0049875365,0.065327354,0.005637261,0.15947357,0.015281907,null,null,null,null,"TWOGAUSSIANS",8,10.675791,0.65431595,0.0049875365,0.3658332,0.031568665,0.15945493,0.015288362,0.17255014,0.01229709,0.30117,0.060219787,0.086454324,0.019438725
375316653866487564,5336292532272988032,0.5306637,2178.6415215430093,4.537252882047966,2.8639974E-5,16.844288,0.0014058822,0.3933487,0.0059227194,0.10050233,0.006660838,0.07890884,0.0031237083,0.71008074,0.064540714,0.035321955,0.07293164,0.019211058,0.017896306,null,null,null,null,"TWOGAUSSIANS",8,2.422749,0.3933487,0.005730378,0.4,0.0,0.078908145,0.0031303915,0.71008074,0.064540714,0.19780295,0.27970684,0.019760469,0.016503222
375316653866487564,5336292630995249408,0.55941325,2188.369962678925,0.5359846898480545,1.0830322E-5,17.531916,0.0027162319,0.25195605,0.002386492,0.03328713,0.0031748407,0.13883981,0.014436109,0.75151026,0.005541648,0.037594132,0.018350866,0.13136101,0.1272047,0.029848553,0.0037656655,0.25195605,0.002386492,"TWOGAUSSIANS_WITH_ELLIPSOIDAL_ON_ECLIPSE1",9,3.6455493,0.25195605,0.002386492,0.18640792,0.017779108,0.1985369,0.01474736,0.7515303,0.0054895626,0.21052714,0.102764845,0.19105767,0.13105412
375316653866487564,5336292635352217728,0.5532962,2183.735633900994,1.0892738861427211,8.824194E-6,18.410337,0.0049840314,0.22425906,0.008807299,0.060356032,0.008159822,0.086024016,0.0075626266,0.7217941,0.0018873758,0.039264534,0.002444023,0.41892067,0.03182353,null,null,null,null,"TWOGAUSSIANS",8,3.1143966,0.7217941,0.0018873758,0.21988139,0.013686528,0.41891974,0.03182424,0.22425906,0.008807299,0.33799377,0.045695003,0.0860231,0.007562078
375316653866487564,5336292704076340096,0.45754224,2118.625433880286,0.5540252994344622,3.269462E-5,17.215364,0.010007781,0.12691426,0.0029334815,0.020558652,0.011830868,11.618372,144.13428,0.591641,0.017780548,0.0322566,0.018640125,0.8523486,0.21965097,null,null,null,null,"TWOGAUSSIANS",8,46.928295,0.12691426,0.0029334815,0.11512844,0.066252865,11.618372,144.13428,0.591641,0.017780548,0.18063696,0.104384705,0.8523486,0.21965097
375316653866487564,5336293666118514816,0.6279089,2217.9683050532226,1.0087838644031253,1.002712E-5,17.960758,0.0037249597,0.26831612,0.006863334,0.04686965,0.006332765,0.08546556,0.0061226995,0.7721322,0.0011529296,0.034596894,0.0017878977,1.0496418,0.067373134,null,null,null,null,"TWOGAUSSIANS",8,5.9567966,0.7721322,0.0011529296,0.1937426,0.010012227,1.0496418,0.067373134,0.26831612,0.006863334,0.26247004,0.035463482,0.08546556,0.0061227
375316653866487564,5336293666144450816,0.6358813,2193.402183741463,1.6856891328379286,4.104149E-6,14.762638,0.006900015,0.16459556,0.0018574646,0.1005481,0.0034954706,0.28247342,0.007938063,0.6640533,0.0016101614,0.0940676,0.0028019631,0.29187566,0.007171279,null,null,null,null,"TWOGAUSSIANS",8,20.75413,0.6640533,0.0016101614,0.4,0.0,0.27088186,0.0043929266,0.16459556,0.0018574646,0.4,0.0,0.26147765,0.007600247
375316653866487564,5336293666149041664,0.49018016,2180.2383719607174,1.9479564341014863,1.9419509E-5,19.380905,0.007891053,0.28300363,0.0019589623,0.03195885,0.0024178207,0.32492897,0.02934312,0.75082445,0.045687366,0.07904049,0.039752077,0.0503442,0.022320932,null,null,null,null,"TWOGAUSSIANS",8,1.8620172,0.28300363,0.0019589623,0.17896955,0.013539796,0.32492742,0.029343015,0.75082445,0.045687366,0.4,0.13422318,0.050342653,0.02232721
375316653866487564,5336293700478322176,0.52252483,2190.3951959302653,3.458006504198072,1.0006248E-5,19.448538,0.008464168,0.24071531,0.0021752245,0.06218649,0.0023530454,0.6930137,0.01946968,0.7375479,0.004628839,0.06190197,0.010046047,0.4722467,0.044521295,null,null,null,null,"TWOGAUSSIANS",8,3.6485245,0.24071531,0.0021752245,0.34824434,0.013177054,0.69270617,0.019448675,0.7375479,0.004628839,0.34665105,0.056257863,0.47193912,0.044957336
375316653866487564,5336293837943199360,0.57494843,2208.2338166299182,4.389993419331588,1.0091976E-6,16.525248,0.0017639247,0.834564,8.223049E-6,0.0043420657,3.0037812E-5,4.6540627,0.14604494,null,null,null,null,null,null,null,null,null,null,"ONEGAUSSIAN",5,9.637523,0.834564,8.223049E-6,0.02431557,1.6821176E-4,4.6540627,0.0,null,null,null,null,null,null
375316653866487564,5336293975355925888,0.46629724,2180.9527619870496,2.4711291147292176,2.2646218E-5,17.421654,1.1640155,0.23946945,0.010538671,0.15751418,0.080227174,0.6309757,0.88628787,0.7373304,0.0077814176,0.21880366,0.19305351,0.7196959,1.1365945,null,null,null,null,"TWOGAUSSIANS",8,12.740056,0.24070945,0.009152709,0.4,0.0,0.1855515,0.017997134,0.7373304,0.0077814176,0.4,0.0,0.17672844,0.017317787
375316653866487564,5336293975382064128,0.5311215,2191.951595071082,0.22103799000380214,1.1528373E-5,13.741225,5.1294407E-4,0.23209597,0.013904511,0.0073932894,0.008308719,0.08614337,1313.5183,0.7220964,0.002600094,0.017868103,0.00240405,0.038285427,0.002954958,0.004581409,5.8686564E-4,0.23209597,0.013904511,"TWOGAUSSIANS_WITH_ELLIPSOIDAL_ON_ECLIPSE1",9,9.110729,0.23209597,0.013904511,0.041402422,0.046528827,0.09530618,1313.5183,0.72215635,0.002572386,0.10006138,0.013462679,0.047412336,0.0029457882
375316653866487564,5336294147180742272,0.4908195,2196.8127720965404,0.6443147390044888,6.4972184E-5,16.261032,0.0031971366,0.52029383,0.011594237,0.0154633215,0.015180326,0.07053491,0.062313862,0.7786325,0.0049992055,0.02070871,0.002319392,0.5461728,0.07816427,null,null,null,null,"TWOGAUSSIANS",8,54.9026,0.7786325,0.0049992055,0.11596878,0.012988595,0.5461728,0.07816427,0.52029383,0.011594237,0.086594604,0.08500983,0.07053491,0.062313862
375316653866487564,5336294589500447616,0.5529354,2230.0440681918426,0.8801211393368881,8.090366E-6,17.953781,0.0031409943,0.30645376,0.002591969,0.03728438,0.0052423296,0.15604001,0.04604335,0.7986224,0.0021530502,0.033754926,0.0016193202,0.3960522,0.027557602,null,null,null,null,"TWOGAUSSIANS",8,5.342763,0.7986224,0.0021530502,0.18902759,0.009068194,0.3960522,0.027557602,0.30645376,0.002591969,0.20879254,0.029357044,0.15604001,0.04604335
375316653866487564,5336294696936626048,0.5304528,2176.949583238296,2.4284868590568185,4.188953E-5,19.531685,0.009876509,0.20002203,0.008775967,0.061718445,0.011698707,0.23043685,0.048559144,0.71090835,0.007441001,0.032218497,0.008457397,0.7427373,0.13367812,null,null,null,null,"TWOGAUSSIANS",8,3.0109248,0.71090835,0.007441001,0.18042357,0.047361426,0.74273705,0.13367945,0.20002203,0.008775967,0.34562328,0.065512754,0.2304366,0.04856118
375316653866487564,5336295585932753408,0.5964879,2178.846423065251,0.8721931244570778,4.4643534E-6,17.230684,0.0016640979,0.24424487,8.793015E-4,0.04385033,0.001465072,0.09955218,0.0035170596,0.74057806,0.0025043036,0.039831135,0.010004729,0.10599109,0.011592071,0.02806797,0.0020145285,0.24424487,8.793015E-4,"TWOGAUSSIANS_WITH_ELLIPSOIDAL_ON_ECLIPSE1",9,1.274711,0.74080807,0.0021438508,0.22305435,0.056026485,0.16209894,0.012923677,0.24424487,8.793015E-4,0.24556184,0.008204403,0.15568797,0.0023017242
375316653866487564,5336295585940428416,0.5911604,2229.082448157701,0.3614394366054586,2.1347218E-5,18.376745,0.0041282494,0.31275788,0.010086194,0.01677627,0.0102250045,0.54508406,0.124372214,0.8129163,0.008412849,0.017442932,0.0029754883,0.53594893,0.124610834,null,null,null,null,"TWOGAUSSIANS",8,2.6823893,0.31275788,0.010086194,0.093947105,0.057260025,0.54508406,0.124372214,0.8129163,0.008412849,0.09768042,0.016662734,0.53594893,0.124610834
375316653866487564,5336295727702490624,0.58505005,2209.6327342818345,3.3802021125387656,8.811003E-6,18.001558,0.045907307,0.2249171,0.0048763747,0.05829376,0.01644682,0.45519143,0.08140488,0.7269627,0.002820293,0.050487887,0.011518193,0.3477314,0.08976418,0.09194245,0.053795844,0.2249171,0.0048763747,"TWOGAUSSIANS_WITH_ELLIPSOIDAL_ON_ECLIPSE1",9,11.019485,0.2249171,0.0048763747,0.32644507,0.09210219,0.6390283,0.035104524,0.7269627,0.0027633428,0.28273216,0.06450188,0.53153795,0.029411428
375316653866487564,5336295830780686720,0.46124366,2194.0095554899813,2.6740747873123425,1.8257379E-5,18.437365,0.008098482,0.24366724,0.0058299196,0.079543896,0.008437949,0.11824525,0.009383594,0.736258,0.010446312,0.100460686,0.015610639,0.09623739,0.008376478,null,null,null,null,"TWOGAUSSIANS",8,3.293201,0.24366724,0.0058302847,0.4,0.0,0.11431908,0.007881169,0.736258,0.010446312,0.4,0.0,0.09231037,0.005921613
375316653866487564,5336296101354494720,0.5353127,2187.3481361337003,3.0179310355389743,1.8439181E-5,19.88407,0.008182126,0.25618884,0.0034963267,0.064116865,0.0033414608,0.57619035,0.033137586,0.75697315,0.006813431,0.0609209,0.0066197277,0.65760607,0.044268873,null,null,null,null,"TWOGAUSSIANS",8,1.9404731,0.75697315,0.006813431,0.34115705,0.037070476,0.6572023,0.044464856,0.25618884,0.0034963267,0.35905448,0.018712182,0.5757866,0.03319001
375316653866487564,5336296105658435968,0.49586174,2170.165748264982,0.7059090100663337,1.3206291E-5,19.453299,0.0060361587,0.272379,0.0050533325,0.029214317,0.009510168,0.14981824,0.03234971,0.77869934,0.02082242,0.027162328,0.010167146,0.8560569,0.56119096,null,null,null,null,"TWOGAUSSIANS",8,2.7888122,0.77869934,0.02082242,0.15210904,0.05693602,0.8560569,0.56119096,0.272379,0.0050533325,0.16360018,0.053256936,0.14981824,0.03234971
375316653866487564,5336296140018153984,0.50151175,2182.591719575232,3.0778826473638663,1.359917E-5,19.852592,0.034090653,0.22532266,0.009813362,0.08235503,0.014616816,0.44676828,0.03634088,0.71750855,0.0066721397,0.09330394,0.014632085,0.4537588,0.032829877,null,null,null,null,"TWOGAUSSIANS",8,2.4506993,0.71750855,0.0066721397,0.4,0.0,0.43998626,0.0327505,0.22532266,0.009813362,0.4,0.0,0.4329963,0.030793438
375316653866487564,5336296311843966592,0.5012637,2166.523814285433,2.5841655514982187,1.1978148E-5,19.140076,0.009302915,0.2484451,0.005087601,0.08658819,0.0059942794,0.2255925,0.013228946,0.7515912,0.00615538,0.0892456,0.00982763,0.22626531,0.010824598,null,null,null,null,"TWOGAUSSIANS",8,1.6300596,0.7515912,0.00615538,0.4,0.0,0.21873285,0.011692189,0.2484451,0.005087601,0.4,0.0,0.21806006,0.01184461
375316653866487564,5336296341847020160,0.52150404,2211.130126292372,1.229742228754237,1.0066319E-5,17.855505,0.0021357816,0.30007246,0.0023868717,0.048576687,0.001960233,0.20172042,0.012688309,0.81443846,0.009715546,0.026040247,0.012866047,0.052287273,0.028009072,null,null,null,null,"TWOGAUSSIANS",8,3.1885602,0.30007246,0.0023868717,0.27202943,0.0109773055,0.20172042,0.012688309,0.81443846,0.009715546,0.14582539,0.07204986,0.052287273,0.028009072
375316653866487564,5336297754953069568,0.58916056,2172.2023995376967,0.9743643606685413,5.1221054E-6,16.812769,0.0041752364,0.2951237,6.6880445E-4,0.026920618,7.897023E-4,0.57196933,0.00526054,0.7921377,0.030844204,0.025940355,0.015560622,0.55722487,0.4621545,null,null,null,null,"TWOGAUSSIANS",8,23.744902,0.2951237,6.6880445E-4,0.15075547,0.0044223326,0.57196933,0.00526054,0.7921377,0.030844204,0.14526598,0.08713948,0.55722487,0.4621545
375316653866487564,5336297888043177216,0.47114095,2197.132422472828,1.3294822727687707,4.845853E-5,18.037691,0.028744992,0.19453914,0.023655068,0.15577427,0.056951955,0.07436355,0.028020859,0.63507915,0.0078052552,0.06792684,0.013827196,0.25376266,0.035687406,null,null,null,null,"TWOGAUSSIANS",8,17.958292,0.63507915,0.0078052552,0.3803903,0.07272348,0.24710518,0.037124008,0.19453914,0.023655068,0.4,0.0,0.066225044,0.016639061
375316653866487564,5336298266000008576,0.49111718,2206.632431301004,2.382410803879932,1.7795046E-5,18.72475,0.01276381,0.3054168,0.010314918,0.122963525,0.018671392,0.13201238,0.011412852,0.7981979,0.004561123,0.079083756,0.006162269,0.16302483,0.011893002,null,null,null,null,"TWOGAUSSIANS",8,1.7031286,0.7981979,0.004561123,0.4,0.0,0.15121795,0.0065845815,0.3054168,0.010314918,0.4,0.0,0.12013588,0.008557155
375316653866487564,5336298437798974848,0.44719592,2186.267229548402,0.07990994908932268,1.40593675E-5,18.144958,0.005101441,0.34481612,0.01938665,0.09558232,0.016806252,0.047858186,0.009284691,0.8463115,0.0011204248,0.017121674,0.0014332033,0.1552399,0.028219467,null,null,null,null,"TWOGAUSSIANS",8,3.736482,0.8463115,0.0011204248,0.09588137,0.008025939,0.15523571,0.028220158,0.34481612,0.01938665,0.4,0.0,0.0478539,0.009286622
375316653866487564,5336298716998979840,0.4715649,2153.67254614894,1.3389712853692552,1.0459355E-5,19.4722,0.007657584,0.21235196,0.0032094482,0.048770867,0.0023840806,0.27181575,0.01070462,0.7380451,0.014705061,0.06087845,0.014366505,0.10594834,0.023031313,null,null,null,null,"TWOGAUSSIANS",8,2.045511,0.21235196,0.0032094482,0.27311686,0.013350851,0.2718125,0.010699737,0.7380451,0.014705061,0.34091932,0.08045243,0.105945095,0.023033606
