Gaia/vari_eclipsing_binary/VariEclipsingBinary_468925-468943.csv
# %ECSV 1.0
# ---
# delimiter: ','
# meta: !!omap
# - RELEASE: Gaia DR3
# - TABLE: vari_eclipsing_binary
# - DESCRIPTION: >
#     This table describes the properties of the eclipsing binaries resulting from the variability analysis. 
# - CITATION: >
#     How to cite and acknowledge Gaia: 
#     https://gea.esac.esa.int/archive/documentation/credits.html 
# - KNOWN_ISSUES: >
#     Known issues: 
#     https://www.cosmos.esa.int/web/gaia-users/known-issues 
# - DOCUMENTATION: >
#     Tutorials and documentation: 
#     https://www.cosmos.esa.int/web/gaia-users/archive 
# datatype:
# - 
#   name: solution_id
#   datatype: int64
#   description: Solution Identifier
#   meta:
#     ucd: meta.version
# - 
#   name: source_id
#   datatype: int64
#   description: Unique source identifier
#   meta:
#     ucd: meta.id;meta.main
# - 
#   name: global_ranking
#   datatype: float32
#   description: Number between 0 (worst) and 1 (best)
#   meta:
#     ucd: stat.param
# - 
#   name: reference_time
#   datatype: float64
#   unit: d
#   description: Reference time used for the geometric model fit
#   meta:
#     ucd: time.epoch
# - 
#   name: frequency
#   datatype: float64
#   unit: d**-1
#   description: Frequency of geometric model of the eclipsing binary light curve
#   meta:
#     ucd: src.orbital
# - 
#   name: frequency_error
#   datatype: float32
#   unit: d**-1
#   description: "Uncertainty of \\texttt{frequency}"
#   meta:
#     ucd: stat.error
# - 
#   name: geom_model_reference_level
#   datatype: float32
#   unit: mag
#   description: Magnitude reference level of geometric model
#   meta:
#     ucd: phot.mag;em.opt
# - 
#   name: geom_model_reference_level_error
#   datatype: float32
#   unit: mag
#   description: "Uncertainty of \\texttt{geomModelReferenceLevel}"
#   meta:
#     ucd: stat.error;phot.mag;em.opt
# - 
#   name: geom_model_gaussian1_phase
#   datatype: float32
#   description: Phase of the Gaussian 1 component
#   meta:
#     ucd: time.phase
# - 
#   name: geom_model_gaussian1_phase_error
#   datatype: float32
#   description: "Uncertainty of \\texttt{geomModelGaussian1Phase}"
#   meta:
#     ucd: stat.error;time.phase
# - 
#   name: geom_model_gaussian1_sigma
#   datatype: float32
#   description: "Standard deviation [phase] of Gaussian 1 component"
#   meta:
#     ucd: stat.stdev
# - 
#   name: geom_model_gaussian1_sigma_error
#   datatype: float32
#   description: "Uncertainty of \\texttt{geomModelGaussian1Sigma}"
#   meta:
#     ucd: stat.error
# - 
#   name: geom_model_gaussian1_depth
#   datatype: float32
#   unit: mag
#   description: Magnitude depth of Gaussian 1 component
#   meta:
#     ucd: src.var.amplitude
# - 
#   name: geom_model_gaussian1_depth_error
#   datatype: float32
#   unit: mag
#   description: "Uncertainty of \\texttt{geomModelGaussian1Depth}"
#   meta:
#     ucd: stat.error;src.var.amplitude
# - 
#   name: geom_model_gaussian2_phase
#   datatype: float32
#   description: Phase of Gaussian 2 component
#   meta:
#     ucd: time.phase
# - 
#   name: geom_model_gaussian2_phase_error
#   datatype: float32
#   description: "Uncertainty of \\texttt{geomModelGaussian2Phase}"
#   meta:
#     ucd: stat.error;time.phase
# - 
#   name: geom_model_gaussian2_sigma
#   datatype: float32
[...]
#   datatype: float32
#   description: "Secondary eclipse: uncertainty of \\texttt{derivedSecondaryEclDuration}"
#   meta:
#     ucd: stat.error;time.duration
# - 
#   name: derived_secondary_ecl_depth
#   datatype: float32
#   unit: mag
#   description: "Secondary eclipse: depth"
#   meta:
#     ucd: src.var.amplitude
# - 
#   name: derived_secondary_ecl_depth_error
#   datatype: float32
#   unit: mag
#   description: "Secondary eclipse: uncertainty of \\texttt{derivedSecondaryEclDepth}"
#   meta:
#     ucd: stat.error;src.var.amplitude
solution_id,source_id,global_ranking,reference_time,frequency,frequency_error,geom_model_reference_level,geom_model_reference_level_error,geom_model_gaussian1_phase,geom_model_gaussian1_phase_error,geom_model_gaussian1_sigma,geom_model_gaussian1_sigma_error,geom_model_gaussian1_depth,geom_model_gaussian1_depth_error,geom_model_gaussian2_phase,geom_model_gaussian2_phase_error,geom_model_gaussian2_sigma,geom_model_gaussian2_sigma_error,geom_model_gaussian2_depth,geom_model_gaussian2_depth_error,geom_model_cosine_half_period_amplitude,geom_model_cosine_half_period_amplitude_error,geom_model_cosine_half_period_phase,geom_model_cosine_half_period_phase_error,model_type,num_model_parameters,reduced_chi2,derived_primary_ecl_phase,derived_primary_ecl_phase_error,derived_primary_ecl_duration,derived_primary_ecl_duration_error,derived_primary_ecl_depth,derived_primary_ecl_depth_error,derived_secondary_ecl_phase,derived_secondary_ecl_phase_error,derived_secondary_ecl_duration,derived_secondary_ecl_duration_error,derived_secondary_ecl_depth,derived_secondary_ecl_depth_error
[from data line 257]
375316653866487564,4124778877616788992,0.49742693,2382.694131292404,2.8172241616909295,1.8092236E-5,19.339735,0.024275407,0.3127093,0.0039754193,0.08476706,0.0076829814,0.38207737,0.032175932,0.8056415,0.009587216,0.08366187,0.01080866,0.3760635,0.053774904,null,null,null,null,"TWOGAUSSIANS",8,3.7331135,0.3127093,0.0039754193,0.4,0.0,0.37391788,0.030005917,0.8056415,0.009587216,0.4,0.0,0.36790398,0.05387804
375316653866487564,4124778942044261760,0.499693,2376.632226187514,2.635451961337057,1.4377724E-5,19.079048,0.030079976,0.27279568,0.0025892798,0.08502418,0.013992424,0.31222856,0.022344368,0.75286835,0.015781501,0.08937352,0.021028956,0.2731129,0.04298767,null,null,null,null,"TWOGAUSSIANS",8,3.5155716,0.27279568,0.0025892798,0.4,0.0,0.30538395,0.025521591,0.75286835,0.015781501,0.4,0.0,0.26626816,0.03340563
375316653866487564,4124778946380674816,0.5001786,2364.5419874312915,0.03741324413996552,7.1488146E-5,18.857153,0.06043474,0.24308823,0.0062913583,0.084509544,0.010664716,0.47074497,0.048513867,0.7763289,0.009788178,0.14227465,0.026212629,0.44737878,0.044960856,null,null,null,null,"TWOGAUSSIANS",8,6.1824274,0.24251823,0.0058320244,0.4,0.0,0.4180466,0.017854128,0.7763289,0.009788178,0.4,0.0,0.3922131,0.025888525
375316653866487564,4124779186898879488,0.5127246,2379.3128589119824,0.6498809374489938,6.808615E-5,19.238356,0.0024577947,0.112540394,0.008474205,0.02700511,0.0052430476,0.058092795,0.021988863,0.4374476,2.9170833E-4,0.012544108,5.770379E-4,0.44924748,0.003773621,0.0014274627,0.0033645693,0.112540394,0.008474205,"TWOGAUSSIANS_WITH_ELLIPSOIDAL_ON_ECLIPSE1",9,1.5277774,0.43745762,2.745171E-4,0.070247,0.0032314125,0.44983453,0.0027348136,0.112540394,0.008474205,0.15122862,0.029361067,0.060947713,0.022023778
375316653866487564,4124779354361161216,0.5293442,2368.8843122060916,2.237402260783166,1.085264E-5,18.536282,0.042468373,0.23955254,0.0063007944,0.105116725,0.015882608,0.34897998,0.03726972,0.7445685,0.0030777897,0.09856477,0.010522096,0.37478098,0.040413924,null,null,null,null,"TWOGAUSSIANS",8,5.1998196,0.7445685,0.0030775066,0.4,0.0,0.3414104,0.018947883,0.23955254,0.006305222,0.4,0.0,0.31560266,0.01931642
375316653866487564,4124779358697330432,0.586444,2359.1507066977474,0.45657422016176097,7.7438735E-6,17.084515,0.002787869,0.33954248,0.0018402017,0.031161267,0.0024812878,0.35882175,0.022275418,0.82611924,0.013884819,0.030109212,0.010522111,0.025943445,0.004487074,null,null,null,null,"TWOGAUSSIANS",8,10.347472,0.33954248,0.0018402017,0.1745031,0.013895212,0.35882175,0.022275418,0.82611924,0.013884819,0.16861159,0.058923826,0.025943445,0.004487074
375316653866487564,4124779393013420544,0.52902883,2378.733308768063,3.2876355657098655,7.952047E-6,19.817389,0.014635889,0.22977428,0.011070601,0.0721263,0.011999931,0.49937558,0.05196868,0.73062783,0.0044044065,0.066111565,0.006610192,0.6281209,0.067715004,null,null,null,null,"TWOGAUSSIANS",8,2.8058429,0.73062783,0.0044044065,0.37022474,0.036680993,0.6265513,0.06849526,0.22977428,0.011070601,0.4,0.05684797,0.49780592,0.05263461
375316653866487564,4124779526141091200,0.532565,2406.9888731953006,3.8373906658918044,2.0327583E-5,18.404917,0.012655691,0.31473345,0.0036243894,0.08039572,0.0060094567,0.25000218,0.012412841,0.8149541,0.0054271426,0.0916433,0.014657535,0.25763142,0.045669243,null,null,null,null,"TWOGAUSSIANS",8,3.147979,0.8149541,0.0054271426,0.4,0.0,0.25023258,0.051130213,0.31473345,0.0036243894,0.4,0.0,0.24260353,0.007647324
375316653866487564,4124779839690533632,0.5606572,2367.5738137127264,2.1445932308032147,1.4437465E-5,19.124939,0.008279721,0.14943558,0.0033148879,0.056996047,0.005299259,0.5863672,0.06506025,0.6560813,0.0022185377,0.06322256,0.001947832,0.6614624,0.032872677,null,null,null,null,"TWOGAUSSIANS",8,3.7357924,0.6560813,0.0022185377,0.35404631,0.010907859,0.66128886,0.03287239,0.14943558,0.0033148879,0.31917787,0.029675849,0.5861937,0.06518086
375316653866487564,4124779942769326208,0.42958918,2415.85272634997,2.1303528212799456,3.4990186E-5,18.82999,0.053027663,0.19710115,0.024220897,0.17148998,0.050894767,0.23259433,0.050205853,0.565423,0.00839659,0.030232832,0.009042776,0.243415,0.09849848,null,null,null,null,"TWOGAUSSIANS",8,7.391699,0.565423,0.00839659,0.16930385,0.050639544,0.26019797,0.10262112,0.19710115,0.024220897,0.4,0.0,0.22594479,0.04458566
375316653866487564,4124780316415119360,0.64946055,2383.9642664515686,2.6684935793733446,4.398231E-6,16.702248,0.020069959,0.25490203,0.001129344,0.05043207,0.0051836018,0.4800348,0.04167904,0.76301837,0.0013030506,0.052252863,0.0037244898,0.49544173,0.04066869,0.10417173,0.024328081,0.76301837,0.0013030506,"TWOGAUSSIANS_WITH_ELLIPSOIDAL_ON_ECLIPSE2",9,27.226076,0.76301837,0.0013030506,0.292616,0.020857144,0.703777,0.013210933,0.25555202,0.0010050064,0.2824196,0.02902817,0.687872,0.048555404
375316653866487564,4124780389443362944,0.5336745,2352.7685262702166,3.1916061548055734,2.2630224E-5,19.82382,0.026491968,0.2304812,0.008102616,0.07661758,0.007322018,0.5390239,0.035897456,0.73843527,0.00896355,0.07129042,0.014180235,0.5129653,0.030656114,null,null,null,null,"TWOGAUSSIANS",8,2.5795176,0.2304812,0.008102616,0.4,0.0,0.53613365,0.032830946,0.73843527,0.00896355,0.39922637,0.024164971,0.5100751,0.029267011
375316653866487564,4124780904885540224,0.5493196,2370.417256032599,1.4958474023654393,1.0109377E-5,17.163551,0.027821502,0.23317838,0.004414973,0.10011857,0.011198242,0.21528603,0.02674191,0.7493363,0.010753309,0.10727738,0.021073619,0.21721323,0.02432024,null,null,null,null,"TWOGAUSSIANS",8,6.910736,0.7493363,0.0107449945,0.4,0.0,0.19768214,0.010986752,0.23316838,0.004412533,0.4,0.0,0.19576311,0.009581175
375316653866487564,4124781317202401152,0.5212665,2374.5996740951527,2.2423778214454666,1.3538336E-5,17.114359,0.012382218,0.16660775,0.012065618,0.07935867,0.015667161,0.11429723,0.014914614,0.6782515,0.0051180026,0.10302785,0.013689824,0.09717639,0.011783684,null,null,null,null,"TWOGAUSSIANS",8,4.1628084,0.16660775,0.0120664295,0.4,0.0,0.11026811,0.00857223,0.6782515,0.0051180026,0.4,0.0,0.09314555,0.0070710527
375316653866487564,4124781420235285504,0.5481261,2397.0075057582035,0.019907886368267222,1.5224547E-5,19.325933,0.0075884727,0.19640984,0.03763391,0.01894374,0.01949915,0.81191736,0.89960873,0.67627394,0.001781313,0.050179247,0.00205492,0.45166743,0.023610376,null,null,null,null,"TWOGAUSSIANS",8,1.6083467,0.19640984,0.03763391,0.10608495,0.10919523,0.81191736,0.89960873,0.67627394,0.001781313,0.28100377,0.011507551,0.45166743,0.023610376
375316653866487564,4124781725164418944,0.4698202,2379.7286489684575,3.514083803324554,2.284299E-5,18.4159,0.0070559825,0.22715378,0.0053114966,0.029981414,0.01241852,0.08570494,0.02825598,0.72354656,0.0023135578,0.020544507,0.005242695,0.12281823,0.032359328,0.051093318,0.011968684,0.22715378,0.0053114966,"TWOGAUSSIANS_WITH_ELLIPSOIDAL_ON_ECLIPSE1",9,7.6125245,0.7236465,0.002237174,0.115049236,0.029359093,0.22495367,0.031756155,0.22715378,0.0053114966,0.16789591,0.06954371,0.18789144,0.03114766
375316653866487564,4124782004351067776,0.4752492,2371.4598661613045,2.7137441148184753,5.475076E-5,19.80282,0.01636136,0.27079457,0.007354982,0.08467377,0.008412952,0.30756626,0.02009427,0.76626813,0.015406754,0.068454504,0.0231164,0.21142954,0.036218055,null,null,null,null,"TWOGAUSSIANS",8,2.2644093,0.27079457,0.007354982,0.4,0.0,0.3052945,0.01838562,0.76626813,0.015406754,0.38334522,0.05382781,0.20915782,0.03804022
375316653866487564,4124782038756974464,0.44283167,2382.5630997292346,0.10059583738316011,9.022256E-5,15.465342,0.0073279664,0.15078948,0.013698445,0.02077017,0.0027565046,0.38320324,0.11675737,0.5379061,0.010919644,0.08673161,0.014549558,0.046165302,0.009228168,null,null,null,null,"TWOGAUSSIANS",8,44.247955,0.15078948,0.013698445,0.11631295,0.015436426,0.3832054,0.116757475,0.5379061,0.010919644,0.4,0.0,0.04616529,0.0092281345
375316653866487564,4124782274939063680,0.46028706,2375.880800700608,3.5021286877647704,3.2383876E-5,19.070984,0.017677054,0.24780679,0.011162633,0.09987781,0.019509785,0.19042775,0.028224444,0.7258824,0.008386814,0.08354901,0.01156802,0.26670057,0.023310015,null,null,null,null,"TWOGAUSSIANS",8,7.9391937,0.7258824,0.008386814,0.4,0.0,0.25901914,0.02173941,0.24780679,0.011162633,0.4,0.0,0.18274409,0.029999156
375316653866487564,4124782451027634432,0.47309494,2375.389637249712,3.1813916636795923,3.17639E-5,19.512661,0.068857975,0.26919818,0.014086313,0.1250563,0.030976579,0.28133324,0.06351847,0.7178762,0.009233184,0.12809789,0.026278144,0.34015274,0.0586171,null,null,null,null,"TWOGAUSSIANS",8,2.3346035,0.7178762,0.009233184,0.4,0.0,0.2828583,0.018944738,0.27028817,0.013606409,0.4,0.0,0.22435105,0.023717938
375316653866487564,4124782657186165632,0.607166,2389.778939209091,3.450420666906315,4.7929348E-6,19.00546,0.009795757,0.21995811,0.0011736043,0.042791747,0.0026174795,0.44377363,0.023071408,0.7192825,0.003844286,0.047434647,0.0041596075,0.5372509,0.033720218,0.11988067,0.014022815,0.21995811,0.0011736043,"TWOGAUSSIANS_WITH_ELLIPSOIDAL_ON_ECLIPSE1",9,3.8374577,0.7193325,0.0035925247,0.26563403,0.0232938,0.7770077,0.034576096,0.21995811,0.0011736043,0.23963377,0.014657885,0.68353444,0.0135285035
375316653866487564,4124782691553372160,0.4842215,2413.9532091036745,4.6062927679667025,1.575188E-4,16.7719,0.0022655772,0.20221129,0.023256319,0.030462213,0.029722983,0.16220945,7.410643E19,0.52691966,0.053605594,0.021424012,0.018744934,0.18099868,0.16773272,0.0032021394,0.0032040786,0.20221129,0.023256319,"TWOGAUSSIANS_WITH_ELLIPSOIDAL_ON_ECLIPSE1",9,11.590082,0.52699965,0.05369126,0.11997447,0.10497163,0.18231049,0.1689306,0.20221129,0.023256319,0.17058839,0.1664487,0.1686137,7.410643E19
375316653866487564,4124783202633164032,0.49627224,2411.3645460838957,0.12735531388071566,3.3303302E-5,18.360468,0.006672041,0.19189183,0.08571883,0.008010662,0.031794433,0.4844854,394.17038,0.7600698,0.023070397,0.10686514,0.01978795,0.052925367,0.00798567,null,null,null,null,"TWOGAUSSIANS",8,3.9007285,0.19189183,0.08572302,0.044859707,0.17804882,0.48449862,394.17023,0.7600698,0.023070397,0.4,0.0,0.0529235,0.007935543
375316653866487564,4124783928500229248,0.41008285,2426.8227560680575,0.9010353756922866,9.548314E-5,19.753769,0.009520894,0.17130435,0.010840808,0.010098533,0.015940582,0.080875486,0.41093647,0.82979655,0.044274293,0.02743723,0.023126457,0.12970681,0.072505385,0.06447364,0.013401238,0.17130435,0.010840808,"TWOGAUSSIANS_WITH_ELLIPSOIDAL_ON_ECLIPSE1",9,5.172401,0.17130435,0.010840808,0.056551784,0.08926727,0.2098227,0.41129223,0.82979655,0.044274293,0.1536485,0.12950815,0.16783908,0.05040117
375316653866487564,4124784267785103232,0.5885177,2400.5511382730356,1.6629117596432772,1.4934952E-5,17.901009,0.016542943,0.25853616,0.0030954285,0.10094711,0.0060950834,0.28651172,0.01806592,0.7600767,0.002594708,0.108506046,0.008865243,0.22730787,0.014712334,null,null,null,null,"TWOGAUSSIANS",8,2.2878017,0.25853616,0.0030954285,0.4,0.0,0.2577027,0.00905958,0.7600767,0.002594708,0.4,0.0,0.1984904,0.005470104
375316653866487564,4124784306457962240,0.47299922,2391.5237012375196,0.6401415593218563,7.1588314E-5,17.85043,0.006778236,0.23225535,0.013303799,0.03988966,0.017068185,0.075623155,0.05532881,0.76672596,0.011570394,0.04077836,0.008597364,0.27727905,0.054872975,null,null,null,null,"TWOGAUSSIANS",8,13.398788,0.76672596,0.011570394,0.22835882,0.04814524,0.27727905,0.05487297,0.23225535,0.013303799,0.22338209,0.09558184,0.075623155,0.055328812
375316653866487564,4124784409536785664,0.5365108,2391.1235809085124,2.5398525099823517,1.3605588E-5,19.113667,0.017571667,0.21007967,0.0033522022,0.08549538,0.0067654415,0.3154448,0.017359087,0.70062304,0.004790335,0.0880927,0.007903049,0.34746373,0.022056714,null,null,null,null,"TWOGAUSSIANS",8,2.393492,0.70062304,0.004790335,0.4,0.0,0.3385343,0.021283308,0.21007967,0.0033522022,0.4,0.0,0.3065154,0.013841723
375316653866487564,4124784615695461504,0.41498905,2445.322288732353,0.9044204375391823,5.4166067E-5,19.458408,0.013607919,0.31914485,0.014533353,0.12167212,0.016937448,0.1648009,0.021768749,0.6023116,0.0015328336,0.023204524,0.0025693171,0.098264866,0.008033627,null,null,null,null,"TWOGAUSSIANS",8,3.7495139,0.31914485,0.014533353,0.4,0.0,0.16472994,0.02174766,0.6023116,0.0015328336,0.12994532,0.014388177,0.10917956,0.012310786
375316653866487564,4124784821896161664,0.6027347,2383.5751137848974,1.1491006000584256,5.219933E-6,13.183133,0.03265565,0.27451935,0.0017483268,0.06168625,0.008558334,0.4171484,0.053086758,0.7869215,0.005108904,0.06576349,0.014640342,0.11630631,0.06884991,0.058908317,0.034330454,0.27451935,0.0017483268,"TWOGAUSSIANS_WITH_ELLIPSOIDAL_ON_ECLIPSE1",9,392.5844,0.27451935,0.0017483268,0.345443,0.047926668,0.5348113,0.021714702,0.7869215,0.005108904,0.36827552,0.08198592,0.23325525,0.0077625588
375316653866487564,4124785371605770752,0.47067434,2355.13564823944,2.0287781025942335,2.3840073E-5,19.210081,0.03809684,0.27206856,0.012806098,0.06926759,0.03985504,0.5819673,0.20744394,0.78295565,0.0107842395,0.067942485,0.009904031,0.40394482,0.087483786,null,null,null,null,"TWOGAUSSIANS",8,13.499484,0.27206856,0.012806098,0.3878985,0.061010025,0.58102006,0.22153814,0.78295565,0.0107842395,0.3804779,0.045981567,0.4029976,0.08495971
375316653866487564,4124785509044590720,0.478352,2394.0787452744044,0.039796308257304,5.643883E-5,18.602736,0.005556523,0.1469555,0.047782376,0.0625708,0.040482353,0.048548818,0.035340786,0.49724418,0.007947814,0.09031417,0.00900414,0.1445084,0.014157799,null,null,null,null,"TWOGAUSSIANS",8,2.142506,0.49724418,0.007947814,0.4,0.0,0.1444867,0.014141714,0.1472255,0.047947645,0.3503965,0.20179379,0.048605785,0.035337355
375316653866487564,4124786161879810560,0.44096753,2389.741484590912,4.781490343281409,3.1122618E-5,19.317749,0.009589001,0.39970016,0.006446679,0.043562014,0.0074249194,0.2597466,0.03423813,0.73264486,0.018937232,0.01833301,0.016926076,0.26047173,0.2679941,null,null,null,null,"TWOGAUSSIANS",8,3.6270988,0.73264486,0.018937232,0.10266485,0.094786026,0.26047173,0.2679941,0.39970016,0.006446679,0.24394728,0.04157955,0.2597466,0.03423813
375316653866487564,4124786260649984256,0.49768838,2396.5495896733632,0.03999084384610147,1.01800135E-4,18.147593,0.004135281,0.3055768,0.024914702,0.0667164,0.01638026,0.20097645,0.021005511,0.56000924,0.0028749267,0.02286747,0.014516929,0.14322348,0.019572787,null,null,null,null,"TWOGAUSSIANS",8,5.8349156,0.3055768,0.024914702,0.37361184,0.038196314,0.20097645,0.021005513,0.56000924,0.0028749267,0.12805782,0.081294805,0.14336312,0.019008888
375316653866487564,4124786574196713088,0.45906794,2374.5400101363207,2.7443193094555105,3.9324274E-5,19.058157,0.34423542,0.21051407,0.008171681,0.19249535,0.12290812,0.27857968,0.3372237,0.6936535,0.005872464,0.09582572,0.02771417,0.42042062,0.12887485,null,null,null,null,"TWOGAUSSIANS",8,3.1879218,0.6936535,0.005872464,0.4,0.0,0.3246923,0.053519093,0.21052408,0.0080211535,0.4,0.0,0.1633371,0.020277003
375316653866487564,4124786604247411072,0.46738234,2358.9628765655248,1.411641336662473,1.87551E-5,17.979992,0.004870615,0.75100094,0.0026235862,0.023434034,0.0016893654,0.34667048,0.042103752,null,null,null,null,null,null,null,null,null,null,"ONEGAUSSIAN",5,10.849378,0.75100094,0.0026235862,0.1312306,0.009460446,0.34667048,0.0,null,null,null,null,null,null
375316653866487564,4124786844784631296,0.55474037,2365.0190312029695,2.786947144237119,1.2147909E-5,18.418333,0.0072935554,0.26992702,0.003101435,0.07846218,0.0050715636,0.39955613,0.017951945,0.7738635,0.0047030835,0.07773737,0.0047546835,0.41982397,0.021339709,null,null,null,null,"TWOGAUSSIANS",8,4.9697027,0.7738635,0.0047030835,0.4,0.0,0.41532513,0.021702437,0.26992702,0.003101435,0.4,0.0,0.3950573,0.01888548
