Gaia/vari_eclipsing_binary/VariEclipsingBinary_657386-657672.csv
# %ECSV 1.0
# ---
# delimiter: ','
# meta: !!omap
# - RELEASE: Gaia DR3
# - TABLE: vari_eclipsing_binary
# - DESCRIPTION: >
#     This table describes the properties of the eclipsing binaries resulting from the variability analysis. 
# - CITATION: >
#     How to cite and acknowledge Gaia: 
#     https://gea.esac.esa.int/archive/documentation/credits.html 
# - KNOWN_ISSUES: >
#     Known issues: 
#     https://www.cosmos.esa.int/web/gaia-users/known-issues 
# - DOCUMENTATION: >
#     Tutorials and documentation: 
#     https://www.cosmos.esa.int/web/gaia-users/archive 
# datatype:
# - 
#   name: solution_id
#   datatype: int64
#   description: Solution Identifier
#   meta:
#     ucd: meta.version
# - 
#   name: source_id
#   datatype: int64
#   description: Unique source identifier
#   meta:
#     ucd: meta.id;meta.main
# - 
#   name: global_ranking
#   datatype: float32
#   description: Number between 0 (worst) and 1 (best)
#   meta:
#     ucd: stat.param
# - 
#   name: reference_time
#   datatype: float64
#   unit: d
#   description: Reference time used for the geometric model fit
#   meta:
#     ucd: time.epoch
# - 
#   name: frequency
#   datatype: float64
#   unit: d**-1
#   description: Frequency of geometric model of the eclipsing binary light curve
#   meta:
#     ucd: src.orbital
# - 
#   name: frequency_error
#   datatype: float32
#   unit: d**-1
#   description: "Uncertainty of \\texttt{frequency}"
#   meta:
#     ucd: stat.error
# - 
#   name: geom_model_reference_level
#   datatype: float32
#   unit: mag
#   description: Magnitude reference level of geometric model
#   meta:
#     ucd: phot.mag;em.opt
# - 
#   name: geom_model_reference_level_error
#   datatype: float32
#   unit: mag
#   description: "Uncertainty of \\texttt{geomModelReferenceLevel}"
#   meta:
#     ucd: stat.error;phot.mag;em.opt
# - 
#   name: geom_model_gaussian1_phase
#   datatype: float32
#   description: Phase of the Gaussian 1 component
#   meta:
#     ucd: time.phase
# - 
#   name: geom_model_gaussian1_phase_error
#   datatype: float32
#   description: "Uncertainty of \\texttt{geomModelGaussian1Phase}"
#   meta:
#     ucd: stat.error;time.phase
# - 
#   name: geom_model_gaussian1_sigma
#   datatype: float32
#   description: "Standard deviation [phase] of Gaussian 1 component"
#   meta:
#     ucd: stat.stdev
# - 
#   name: geom_model_gaussian1_sigma_error
#   datatype: float32
#   description: "Uncertainty of \\texttt{geomModelGaussian1Sigma}"
#   meta:
#     ucd: stat.error
# - 
#   name: geom_model_gaussian1_depth
#   datatype: float32
#   unit: mag
#   description: Magnitude depth of Gaussian 1 component
#   meta:
#     ucd: src.var.amplitude
# - 
#   name: geom_model_gaussian1_depth_error
#   datatype: float32
#   unit: mag
#   description: "Uncertainty of \\texttt{geomModelGaussian1Depth}"
#   meta:
#     ucd: stat.error;src.var.amplitude
# - 
#   name: geom_model_gaussian2_phase
#   datatype: float32
#   description: Phase of Gaussian 2 component
#   meta:
#     ucd: time.phase
# - 
#   name: geom_model_gaussian2_phase_error
#   datatype: float32
#   description: "Uncertainty of \\texttt{geomModelGaussian2Phase}"
#   meta:
#     ucd: stat.error;time.phase
# - 
#   name: geom_model_gaussian2_sigma
#   datatype: float32
[...]
#   datatype: float32
#   description: "Secondary eclipse: uncertainty of \\texttt{derivedSecondaryEclDuration}"
#   meta:
#     ucd: stat.error;time.duration
# - 
#   name: derived_secondary_ecl_depth
#   datatype: float32
#   unit: mag
#   description: "Secondary eclipse: depth"
#   meta:
#     ucd: src.var.amplitude
# - 
#   name: derived_secondary_ecl_depth_error
#   datatype: float32
#   unit: mag
#   description: "Secondary eclipse: uncertainty of \\texttt{derivedSecondaryEclDepth}"
#   meta:
#     ucd: stat.error;src.var.amplitude
solution_id,source_id,global_ranking,reference_time,frequency,frequency_error,geom_model_reference_level,geom_model_reference_level_error,geom_model_gaussian1_phase,geom_model_gaussian1_phase_error,geom_model_gaussian1_sigma,geom_model_gaussian1_sigma_error,geom_model_gaussian1_depth,geom_model_gaussian1_depth_error,geom_model_gaussian2_phase,geom_model_gaussian2_phase_error,geom_model_gaussian2_sigma,geom_model_gaussian2_sigma_error,geom_model_gaussian2_depth,geom_model_gaussian2_depth_error,geom_model_cosine_half_period_amplitude,geom_model_cosine_half_period_amplitude_error,geom_model_cosine_half_period_phase,geom_model_cosine_half_period_phase_error,model_type,num_model_parameters,reduced_chi2,derived_primary_ecl_phase,derived_primary_ecl_phase_error,derived_primary_ecl_duration,derived_primary_ecl_duration_error,derived_primary_ecl_depth,derived_primary_ecl_depth_error,derived_secondary_ecl_phase,derived_secondary_ecl_phase_error,derived_secondary_ecl_duration,derived_secondary_ecl_duration_error,derived_secondary_ecl_depth,derived_secondary_ecl_depth_error
[from data line 179]
375316653866487564,5783371036858829952,0.43761507,2183.6071110591392,0.05164601654800181,6.828486E-5,17.306076,0.038557295,0.25086936,0.025289556,0.0863567,0.037634496,0.17494127,0.04867425,0.7559214,0.01073663,0.11259865,0.023889575,0.16330482,0.041961204,null,null,null,null,"TWOGAUSSIANS",8,11.414885,0.25085935,0.025363132,0.4,0.0,0.1616902,0.042228952,0.7559214,0.010716488,0.4,0.0,0.1500364,0.025180282
375316653866487564,5783376603136603648,0.4189516,2173.6199756796786,3.298452990320748,2.9775563E-5,13.895849,0.006596955,0.26827136,0.005696198,0.08468943,0.008150888,0.10311253,0.007480309,0.7923925,0.008085502,0.08232622,0.011672554,0.09681163,0.006782845,null,null,null,null,"TWOGAUSSIANS",8,61.314262,0.26827136,0.005696198,0.4,0.0,0.10165935,0.0066785906,0.7923925,0.008085502,0.4,0.0,0.09535846,0.0061697527
375316653866487564,5783406697968991232,0.5976024,2223.384470115196,3.8054181012043173,3.7143773E-6,18.515211,0.014777052,0.28782824,0.0020706838,0.04751498,0.0049633374,0.46763802,0.047533423,0.78362083,0.0019613213,0.043637715,0.0033581126,0.46981692,0.049223386,0.13267156,0.026101524,0.28782824,0.0020706838,"TWOGAUSSIANS_WITH_ELLIPSOIDAL_ON_ECLIPSE1",9,4.339897,0.7839508,0.0017826444,0.2443712,0.018805431,0.7349882,0.039273724,0.28782824,0.0020706838,0.26608387,0.02779469,0.7329802,0.04592994
375316653866487564,5783412749580982656,0.6292252,2202.802382077106,3.467650694219989,4.5427205E-6,14.087139,0.0064275274,0.25052595,0.0015905735,0.049306013,0.002388085,0.25707987,0.013512768,0.75375587,0.0012396504,0.04810151,0.0024574727,0.36270776,0.018456984,0.1075279,0.0074787377,0.75375587,0.0012396504,"TWOGAUSSIANS_WITH_ELLIPSOIDAL_ON_ECLIPSE2",9,144.00772,0.75375587,0.0012396504,0.26936844,0.013761847,0.57776207,0.01801314,0.25097597,0.0012961804,0.2761137,0.013373276,0.47205785,0.003897049
375316653866487564,5783424874271048064,0.52504236,2191.442529714464,1.3201087981868245,1.8855748E-5,17.745474,0.014729089,0.24696839,0.002398147,0.039509486,0.0032057702,0.4584512,0.034055166,0.7500575,0.033740174,0.039218627,0.031174758,0.2398991,0.28348115,0.054378197,0.01942111,0.24696839,0.002398147,"TWOGAUSSIANS_WITH_ELLIPSOIDAL_ON_ECLIPSE1",9,34.8229,0.24696839,0.002398147,0.22125313,0.017952314,0.5672076,0.016425135,0.7500575,0.03363335,0.2196243,0.17457865,0.3486145,0.27888337
375316653866487564,5783428688202190848,0.57868725,2239.3953672883445,0.7993695863125954,2.7589136E-5,18.226622,0.0018728959,0.42637682,0.015338063,0.034304798,0.0129950335,0.031881724,0.0053992667,0.79437584,6.20362E-4,0.031959787,8.973986E-4,0.43592733,0.01106814,null,null,null,null,"TWOGAUSSIANS",8,1.3272871,0.79437584,6.20362E-4,0.1789748,0.0050254324,0.43592733,0.01106814,0.42637682,0.015338063,0.19210687,0.07277218,0.031881724,0.0053992667
375316653866487564,5783438553744596992,0.6189816,2198.2306675027785,3.307816630010157,5.940287E-6,18.125124,0.011045504,0.18834841,0.0010652922,0.046233267,0.004037861,0.3138978,0.026280345,0.6929552,0.004935589,0.04721207,0.004366179,0.21753767,0.028443608,0.120477505,0.015777882,0.18834841,0.0010652922,"TWOGAUSSIANS_WITH_ELLIPSOIDAL_ON_ECLIPSE1",9,3.3895428,0.18834841,0.0010652922,0.2589063,0.02261202,0.5548525,0.017185073,0.6929552,0.004935589,0.2643876,0.024450602,0.45829055,0.008089827
375316653866487564,5783452813033034880,0.46660697,2204.7861104843105,0.35311280765625186,5.5404224E-5,18.252869,0.014064956,0.26407862,0.018594397,0.07859412,0.019765358,0.08559159,0.030563513,0.5349916,0.0020200578,0.014060376,0.0011590223,0.6078801,0.041303918,null,null,null,null,"TWOGAUSSIANS",8,20.90918,0.5349916,0.0020200578,0.07873811,0.006490525,0.60810524,0.04140264,0.26407862,0.018594397,0.4,0.015422592,0.08559159,0.030563513
375316653866487564,5783457004924170240,0.5225796,2226.9575861974376,0.06557433859117993,1.2791552E-5,16.707993,0.0031862648,0.69745976,0.028451364,0.023743266,0.024295518,0.061471038,0.019567383,0.52689606,2.2898141E-4,0.005252506,2.2515176E-4,0.21137486,0.005385412,null,null,null,null,"TWOGAUSSIANS",8,14.476277,0.52689606,2.2898141E-4,0.029414034,0.0012608499,0.21137486,0.005385671,0.69745976,0.028451364,0.1329623,0.1360549,0.061471038,0.019567383
375316653866487564,5783457108003393536,0.53389007,2197.888712219596,1.4391057738911228,2.4564397E-5,16.291973,0.011965747,0.21041945,0.0038335964,0.039296918,0.0073129833,0.6103897,0.048781037,0.7057377,0.011545918,0.04808394,0.020253716,0.12189382,0.05494278,0.031195287,0.017339684,0.21041945,0.0038335964,"TWOGAUSSIANS_WITH_ELLIPSOIDAL_ON_ECLIPSE1",9,71.59663,0.21041945,0.0038335964,0.22006273,0.040952705,0.67278,0.063677184,0.7061377,0.01104431,0.26927006,0.11342081,0.18423475,0.05602444
375316653866487564,5783458413674246016,0.5069386,2225.9273440172583,0.80924198732207,2.7977052E-5,16.885334,0.004007205,0.18247525,0.003526093,0.02587375,0.0043340614,0.5853543,0.17195739,null,null,null,null,null,null,0.017859615,0.008074249,0.18247525,0.003526093,"ONEGAUSSIAN_WITH_ELLIPSOIDAL",6,37.906788,0.18247525,0.003526093,0.144893,0.024270743,0.62107354,0.17302944,null,null,null,null,null,null
375316653866487564,5783459749406449024,0.5336573,2204.6208774987936,2.8900298605201087,1.2112169E-5,18.030207,0.024352426,0.25019214,0.0042152805,0.09895997,0.009620177,0.37686288,0.022302026,0.7419852,0.009721269,0.10542937,0.011290598,0.36853322,0.026382718,null,null,null,null,"TWOGAUSSIANS",8,12.027785,0.25019214,0.0042114677,0.4,0.0,0.3430357,0.010061939,0.7419852,0.009721269,0.4,0.0,0.33469814,0.015630763
375316653866487564,5783461329954465408,0.5904158,2192.2443492593175,1.4207299573094114,6.0024263E-6,15.952568,0.015426708,0.24832003,0.006165129,0.09113328,0.010189581,0.21692447,0.015931757,0.7269794,0.0035209637,0.08991124,0.006758665,0.35611802,0.015191071,null,null,null,null,"TWOGAUSSIANS",8,27.815264,0.7269794,0.0035209637,0.4,0.0,0.34737495,0.013395549,0.24832003,0.006165129,0.4,0.0,0.20818143,0.011038131
375316653866487564,5783465285621149952,0.6023153,2189.1287031923853,2.2986566320853243,3.9610522E-6,12.96894,0.009128867,0.28665364,0.0025092403,0.042836525,0.013161959,0.1818383,0.6123374,0.7842202,0.0016965645,0.043468256,0.0057940567,0.17624989,0.019426784,0.11629064,0.015682133,0.28665364,0.0025092403,"TWOGAUSSIANS_WITH_ELLIPSOIDAL_ON_ECLIPSE1",9,366.68558,0.28665364,0.0025092403,0.23988454,0.07370697,0.4144194,0.6133223,0.78462017,0.0012142604,0.24342224,0.03244672,0.40878558,0.016520275
375316653866487564,5783466934887283200,0.62343496,2215.9431855077787,3.1350486053565882,4.2035713E-6,16.887772,0.010325618,0.20038426,0.0012297147,0.05201117,0.0037564842,0.24456087,0.023179628,0.7005971,0.0016418931,0.05001559,0.0046762414,0.20327108,0.022253335,0.09819814,0.013588424,0.20038426,0.0012297147,"TWOGAUSSIANS_WITH_ELLIPSOIDAL_ON_ECLIPSE1",9,8.520191,0.20038426,0.0012297147,0.29126254,0.021036312,0.44095403,0.010031144,0.7005971,0.001488884,0.2800873,0.02618695,0.3996639,0.009772564
375316653866487564,5783467106685975680,0.6310808,2195.894253348476,3.513624844270816,3.1737804E-6,16.016314,0.0065330123,0.23601493,0.0022564959,0.04847835,0.0028427565,0.3064925,0.014120428,0.7404725,0.0013092989,0.04569678,0.003236491,0.20444246,0.013587588,0.08980885,0.007885339,0.7404725,0.0013092989,"TWOGAUSSIANS_WITH_ELLIPSOIDAL_ON_ECLIPSE2",9,17.055227,0.23645493,0.002019367,0.27147877,0.015919436,0.48598278,0.008276414,0.7404725,0.0013092989,0.25590196,0.01812435,0.38405976,0.0063361377
375316653866487564,5783468584154727296,0.55671287,2240.937446211965,2.14340236122683,6.3546836E-6,14.841117,0.03996884,0.3132184,0.0017030856,0.16160907,0.00934547,0.4115816,0.03866091,0.8135379,0.0024020094,0.23034696,0.018977772,0.42829472,0.03950292,null,null,null,null,"TWOGAUSSIANS",8,15.079637,0.3130384,0.001558531,0.4,0.0,0.12960148,0.0041717524,0.8136579,0.0027332504,0.4,0.0,0.07203615,0.0036996626
375316653866487564,5783477071010129024,0.5295632,2182.320466972511,2.9609723384462074,1.8674038E-5,16.02919,0.016518418,0.23607285,0.0077785277,0.087620616,0.0061204396,0.39889303,0.036440317,0.7351374,0.0040054605,0.09868653,0.0069254274,0.34729987,0.019805698,null,null,null,null,"TWOGAUSSIANS",8,110.21849,0.23607285,0.0077785277,0.4,0.0,0.37899506,0.033493176,0.7351374,0.0040054605,0.4,0.0,0.32740012,0.016655926
375316653866487564,5783479270033410048,0.5776705,2164.6048920310645,3.420419529957176,7.212438E-6,15.008668,0.0013852236,0.29558736,0.0023421224,0.07903458,0.0026171631,0.113290004,0.0019631938,0.7961812,0.0019582917,0.07888202,0.002452171,0.09809758,0.0023981014,null,null,null,null,"TWOGAUSSIANS",8,8.841888,0.29558736,0.0023421224,0.4,0.0,0.11190371,0.0018856416,0.7961812,0.0019582917,0.4,0.0,0.096711285,0.0023624417
375316653866487564,5783483251466081024,0.5073566,2162.5692753143267,3.3031474273214214,1.4025463E-5,19.615364,0.013537949,0.23542438,0.0021958645,0.07324691,0.0068028257,0.5991098,0.063499585,0.7192355,0.006164847,0.07153925,0.0061147483,0.41972464,0.024633214,null,null,null,null,"TWOGAUSSIANS",8,3.8860173,0.23542438,0.0021958645,0.4,0.0,0.5973655,0.06485629,0.7192355,0.006164847,0.4,0.020512253,0.41798028,0.02432732
375316653866487564,5783487374634477568,0.48839286,2248.653450533614,2.888491247231342,1.7544296E-5,19.905102,0.010153935,0.21490425,0.0075114383,0.05368123,0.007631407,0.6498709,0.32292175,0.69756556,0.0060762377,0.05561993,0.008437262,0.21211503,0.055059303,null,null,null,null,"TWOGAUSSIANS",8,1.9477602,0.21490425,0.0075114383,0.3006149,0.04273588,0.6498609,0.32292992,0.69756556,0.0060762377,0.3114716,0.047248665,0.21210507,0.05506825
375316653866487564,5783499778500447744,0.5387277,2199.8369130311894,1.8001598957961042,2.259708E-5,19.368813,0.0045333747,0.20915252,0.0022874675,0.041655526,0.0021439106,0.56513417,0.029660588,0.71788955,0.004949783,0.07231943,0.008067896,0.12669736,0.03160596,null,null,null,null,"TWOGAUSSIANS",8,1.3011562,0.20915252,0.0022874675,0.23327094,0.012005899,0.5651148,0.029666303,0.71788955,0.004949783,0.4,0.034372654,0.12667795,0.031618394
375316653866487564,5783507238860490624,0.54572004,2192.8963756927506,0.6332459508283625,5.207835E-6,16.197042,0.00454978,0.31778294,6.034911E-4,0.015107091,5.0361163E-4,0.8477304,0.0368047,0.8209878,0.005280358,0.014193486,0.0047096945,0.6046069,0.19572714,null,null,null,null,"TWOGAUSSIANS",8,89.98576,0.31778294,6.034911E-4,0.0845997,0.0028202252,0.8477304,0.0368047,0.8209878,0.005280358,0.079483524,0.02637429,0.6046069,0.19572714
375316653866487564,5783511529530126464,0.54720783,2197.050530459943,4.0643024227904405,1.8804525E-5,17.960459,0.03461692,0.29428193,0.0056340806,0.115113996,0.01731246,0.20184387,0.02838296,0.7721636,0.0032797228,0.12208814,0.0139098065,0.2040861,0.03330392,null,null,null,null,"TWOGAUSSIANS",8,2.5506988,0.7721636,0.0032797228,0.4,0.0,0.16813771,0.0054368423,0.29443192,0.0054749004,0.4,0.0,0.16597018,0.009415526
375316653866487564,5783522662087460352,0.47500306,2192.2637315194665,2.058326706623851,7.0840474E-6,18.437918,0.0059672594,0.13591778,0.0013740994,0.03381423,0.0014680054,0.26381925,0.015137095,0.6467745,0.038894534,0.05129023,0.028945688,0.046482537,0.015920281,null,null,null,null,"TWOGAUSSIANS",8,6.583002,0.13591778,0.0013740994,0.18935968,0.00822083,0.26381925,0.015137051,0.6467745,0.038894534,0.28722528,0.16029574,0.046482533,0.015920421
375316653866487564,5783525307785322240,0.52303267,2173.437049644148,2.8120907571262967,1.07281485E-5,19.192223,0.028987536,0.20528656,0.0046103797,0.114414394,0.018155504,0.20765832,0.025988862,0.7052704,0.0052380883,0.10343368,0.011144417,0.3045865,0.027768442,null,null,null,null,"TWOGAUSSIANS",8,1.4406939,0.7052704,0.0052380883,0.4,0.0,0.2691433,0.018438712,0.20528656,0.0046103797,0.4,0.0,0.17219068,0.00940318
375316653866487564,5783529881928213504,0.52794,2182.5709640191285,3.7997489019768045,1.3149492E-5,16.374535,0.009660737,0.17590682,0.0047197314,0.06669952,0.01264047,0.07871954,0.021541066,0.6743523,0.007273111,0.04410921,0.009474156,0.10943501,0.022314986,0.03329025,0.011590839,0.17590682,0.0047197314,"TWOGAUSSIANS_WITH_ELLIPSOIDAL_ON_ECLIPSE1",9,13.730986,0.6744823,0.0067158095,0.24701157,0.053055275,0.17594093,0.012487694,0.17590682,0.0047197314,0.3735173,0.07078663,0.14523126,0.008090282
375316653866487564,5783530466043763840,0.58939713,2170.2070724160894,3.484642141369247,8.856843E-6,15.909672,0.0038394183,0.2826481,0.001872336,0.073266044,0.002101791,0.4186059,0.017431326,0.78581053,0.0017437827,0.07236172,0.0019532612,0.51571274,0.0073313448,null,null,null,null,"TWOGAUSSIANS",8,46.664566,0.78581053,0.0017437827,0.4,0.0,0.5133394,0.0073217424,0.2826481,0.001872336,0.4,0.0,0.41623256,0.017640231
375316653866487564,5783532321469625600,0.56782645,2183.0825103715515,2.796944007533713,1.2248322E-5,14.949083,0.004991369,0.2542276,0.00474191,0.051256366,0.0041702753,0.122486725,0.014013234,0.7648632,0.0032898658,0.04322757,0.0050194315,0.116059154,0.0118431505,0.02452638,0.0053550936,0.7648632,0.0032898658,"TWOGAUSSIANS_WITH_ELLIPSOIDAL_ON_ECLIPSE2",9,23.086517,0.2550376,0.0042734863,0.28703567,0.023353543,0.17133692,0.008034871,0.7648632,0.0032898658,0.24207437,0.028108817,0.16511136,0.008679301
375316653866487564,5783533451044686208,0.57157046,2195.825068506552,2.848395098488141,5.384565E-6,17.055052,0.016106639,0.23569128,0.0023190707,0.086350754,0.0048230393,0.40171298,0.023022255,0.7364818,0.0019769582,0.08800238,0.0054439204,0.39264938,0.019100925,null,null,null,null,"TWOGAUSSIANS",8,14.837095,0.23569128,0.0023190707,0.4,0.0,0.3888764,0.022189002,0.7364818,0.0019769582,0.4,0.0,0.37981278,0.01912442
375316653866487564,5783536474701779968,0.5674161,2207.974679385152,1.719363283257202,4.3162377E-6,18.924467,0.0043804557,0.2425394,0.00434084,0.036197867,0.007248742,0.6101147,0.09803858,0.7422236,0.0014264556,0.04495575,0.0020779048,0.4136966,0.010633506,null,null,null,null,"TWOGAUSSIANS",8,2.0936513,0.2425394,0.00434084,0.20270807,0.040592957,0.6101147,0.09803866,0.7422236,0.0014264556,0.2517522,0.0116362665,0.4136966,0.010633505
375316653866487564,5783540189849957504,0.6365089,2188.119716267067,2.1012123525735054,6.7631963E-6,14.763318,0.0066405474,0.27669105,9.3300303E-4,0.0389274,0.0029606451,0.17276017,0.014507188,0.7742147,0.0037239383,0.03963843,0.005409925,0.58463615,0.033865094,0.06375479,0.009614499,0.27669105,9.3300303E-4,"TWOGAUSSIANS_WITH_ELLIPSOIDAL_ON_ECLIPSE1",9,82.11977,0.77428466,0.0036238146,0.2219752,0.030295579,0.7121155,0.036445275,0.27669105,9.3300303E-4,0.21799342,0.016579613,0.30026963,0.0067473175
375316653866487564,5783548809847192064,0.5721593,2200.872541056275,4.031897332476991,6.7901997E-6,19.024502,0.008584882,0.19309762,0.014910585,0.06788177,0.007832865,0.42152888,0.05162396,0.6813395,0.0036714438,0.07124453,0.0034284482,0.47204757,0.0099598495,null,null,null,null,"TWOGAUSSIANS",8,2.5454192,0.6813395,0.0036714438,0.39896938,0.012029808,0.47101766,0.008977042,0.19309762,0.014910585,0.3801379,0.025159221,0.42049894,0.04979606
375316653866487564,5783560668253536896,0.46532142,2228.2378448806853,1.6144772779441194,2.527737E-5,15.571203,0.007020428,0.2189122,0.003050639,0.025160898,0.0028482482,0.13086207,0.010114919,0.7044837,0.024059758,0.04839801,0.02395137,0.29587725,0.11735058,null,null,null,null,"TWOGAUSSIANS",8,239.39713,0.7044837,0.024059758,0.27102885,0.12784433,0.29587725,0.11735097,0.2189122,0.003050639,0.14090103,0.01595019,0.13086207,0.01011483
