Gaia/vari_eclipsing_binary/VariEclipsingBinary_118620-121499.csv
# %ECSV 1.0
# ---
# delimiter: ','
# meta: !!omap
# - RELEASE: Gaia DR3
# - TABLE: vari_eclipsing_binary
# - DESCRIPTION: >
#     This table describes the properties of the eclipsing binaries resulting from the variability analysis. 
# - CITATION: >
#     How to cite and acknowledge Gaia: 
#     https://gea.esac.esa.int/archive/documentation/credits.html 
# - KNOWN_ISSUES: >
#     Known issues: 
#     https://www.cosmos.esa.int/web/gaia-users/known-issues 
# - DOCUMENTATION: >
#     Tutorials and documentation: 
#     https://www.cosmos.esa.int/web/gaia-users/archive 
# datatype:
# - 
#   name: solution_id
#   datatype: int64
#   description: Solution Identifier
#   meta:
#     ucd: meta.version
# - 
#   name: source_id
#   datatype: int64
#   description: Unique source identifier
#   meta:
#     ucd: meta.id;meta.main
# - 
#   name: global_ranking
#   datatype: float32
#   description: Number between 0 (worst) and 1 (best)
#   meta:
#     ucd: stat.param
# - 
#   name: reference_time
#   datatype: float64
#   unit: d
#   description: Reference time used for the geometric model fit
#   meta:
#     ucd: time.epoch
# - 
#   name: frequency
#   datatype: float64
#   unit: d**-1
#   description: Frequency of geometric model of the eclipsing binary light curve
#   meta:
#     ucd: src.orbital
# - 
#   name: frequency_error
#   datatype: float32
#   unit: d**-1
#   description: "Uncertainty of \\texttt{frequency}"
#   meta:
#     ucd: stat.error
# - 
#   name: geom_model_reference_level
#   datatype: float32
#   unit: mag
#   description: Magnitude reference level of geometric model
#   meta:
#     ucd: phot.mag;em.opt
# - 
#   name: geom_model_reference_level_error
#   datatype: float32
#   unit: mag
#   description: "Uncertainty of \\texttt{geomModelReferenceLevel}"
#   meta:
#     ucd: stat.error;phot.mag;em.opt
# - 
#   name: geom_model_gaussian1_phase
#   datatype: float32
#   description: Phase of the Gaussian 1 component
#   meta:
#     ucd: time.phase
# - 
#   name: geom_model_gaussian1_phase_error
#   datatype: float32
#   description: "Uncertainty of \\texttt{geomModelGaussian1Phase}"
#   meta:
#     ucd: stat.error;time.phase
# - 
#   name: geom_model_gaussian1_sigma
#   datatype: float32
#   description: "Standard deviation [phase] of Gaussian 1 component"
#   meta:
#     ucd: stat.stdev
# - 
#   name: geom_model_gaussian1_sigma_error
#   datatype: float32
#   description: "Uncertainty of \\texttt{geomModelGaussian1Sigma}"
#   meta:
#     ucd: stat.error
# - 
#   name: geom_model_gaussian1_depth
#   datatype: float32
#   unit: mag
#   description: Magnitude depth of Gaussian 1 component
#   meta:
#     ucd: src.var.amplitude
# - 
#   name: geom_model_gaussian1_depth_error
#   datatype: float32
#   unit: mag
#   description: "Uncertainty of \\texttt{geomModelGaussian1Depth}"
#   meta:
#     ucd: stat.error;src.var.amplitude
# - 
#   name: geom_model_gaussian2_phase
#   datatype: float32
#   description: Phase of Gaussian 2 component
#   meta:
#     ucd: time.phase
# - 
#   name: geom_model_gaussian2_phase_error
#   datatype: float32
#   description: "Uncertainty of \\texttt{geomModelGaussian2Phase}"
#   meta:
#     ucd: stat.error;time.phase
# - 
#   name: geom_model_gaussian2_sigma
#   datatype: float32
[...]
#   datatype: float32
#   description: "Secondary eclipse: uncertainty of \\texttt{derivedSecondaryEclDuration}"
#   meta:
#     ucd: stat.error;time.duration
# - 
#   name: derived_secondary_ecl_depth
#   datatype: float32
#   unit: mag
#   description: "Secondary eclipse: depth"
#   meta:
#     ucd: src.var.amplitude
# - 
#   name: derived_secondary_ecl_depth_error
#   datatype: float32
#   unit: mag
#   description: "Secondary eclipse: uncertainty of \\texttt{derivedSecondaryEclDepth}"
#   meta:
#     ucd: stat.error;src.var.amplitude
solution_id,source_id,global_ranking,reference_time,frequency,frequency_error,geom_model_reference_level,geom_model_reference_level_error,geom_model_gaussian1_phase,geom_model_gaussian1_phase_error,geom_model_gaussian1_sigma,geom_model_gaussian1_sigma_error,geom_model_gaussian1_depth,geom_model_gaussian1_depth_error,geom_model_gaussian2_phase,geom_model_gaussian2_phase_error,geom_model_gaussian2_sigma,geom_model_gaussian2_sigma_error,geom_model_gaussian2_depth,geom_model_gaussian2_depth_error,geom_model_cosine_half_period_amplitude,geom_model_cosine_half_period_amplitude_error,geom_model_cosine_half_period_phase,geom_model_cosine_half_period_phase_error,model_type,num_model_parameters,reduced_chi2,derived_primary_ecl_phase,derived_primary_ecl_phase_error,derived_primary_ecl_duration,derived_primary_ecl_duration_error,derived_primary_ecl_depth,derived_primary_ecl_depth_error,derived_secondary_ecl_phase,derived_secondary_ecl_phase_error,derived_secondary_ecl_duration,derived_secondary_ecl_duration_error,derived_secondary_ecl_depth,derived_secondary_ecl_depth_error
[from data line 174]
375316653866487564,1056201662895533184,0.54816514,2198.2905893966713,2.7739548145561894,7.3260962E-6,14.448171,0.027976867,0.2939985,0.0026089712,0.12145161,0.016348608,0.18334018,0.024614666,0.7957949,0.0020580748,0.112443954,0.010581239,0.18986669,0.027137132,null,null,null,null,"TWOGAUSSIANS",8,41.468967,0.7958049,0.0020609503,0.4,0.0,0.15265095,0.0053689186,0.2939985,0.0026261362,0.4,0.0,0.14606711,0.005429238
375316653866487564,1056300722020157568,0.42359045,2170.7768098152055,0.664892098081154,3.5961624E-5,19.50711,0.014517454,0.6014115,0.012653425,0.021633307,0.015941855,0.63683856,75957.83,null,null,null,null,null,null,0.07593685,0.029632404,0.6014115,0.012653425,"ONEGAUSSIAN_WITH_ELLIPSOIDAL",6,8.113204,0.6014115,0.012653425,0.121146515,0.08927439,0.78871226,75957.836,null,null,null,null,null,null
375316653866487564,1056369200979557248,0.69523335,2207.44003188907,0.6494109854252959,1.2379946E-6,11.926828,0.0017894272,0.25764376,3.9111025E-4,0.03014381,4.451255E-4,0.5208977,0.007435658,0.75818187,4.3929342E-4,0.030552277,9.5243327E-4,0.517527,0.014659878,0.016566532,0.0031323629,0.25764376,3.9111025E-4,"TWOGAUSSIANS_WITH_ELLIPSOIDAL_ON_ECLIPSE1",9,87.1835,0.25764376,3.9111025E-4,0.16880535,0.0024927028,0.5540308,0.007078269,0.75818187,4.3929342E-4,0.17109276,0.005333626,0.5506596,0.016726168
375316653866487564,1056622432251187584,0.56051755,2203.1195625222385,3.399356924307976,1.1068761E-5,18.08659,0.02794814,0.15427646,0.0038839686,0.12224868,0.015293144,0.22940472,0.024625044,0.655848,0.003185024,0.10458199,0.009515915,0.2518276,0.027220335,null,null,null,null,"TWOGAUSSIANS",8,2.3341503,0.65585804,0.0032017243,0.4,0.0,0.21059218,0.0050278218,0.15427646,0.0038839686,0.4,0.0,0.18806772,0.009877546
375316653866487564,1056693728708640512,0.4207042,2271.321190891511,3.0495887651423357,5.590187E-5,17.263432,0.014174801,0.18076919,0.015285974,0.05032353,0.010887981,0.09137355,0.016405921,0.57374114,0.031608254,0.14614777,0.024717856,0.15187055,0.04678221,null,null,null,null,"TWOGAUSSIANS",8,4.7077756,0.57374114,0.031608254,0.4,0.0,0.14977758,0.047742885,0.18290919,0.0153840855,0.28181177,0.060972698,0.09347521,0.01533214
375316653866487564,1056819652854293376,0.50674397,2198.399745803656,4.030815890985827,1.0719087E-5,17.780128,0.016078118,0.31546536,0.0045770747,0.03531906,0.01575609,0.103904806,0.03197699,0.7852691,0.021956919,0.05406021,0.019778566,0.05805244,0.037580535,0.058974266,0.023838118,0.31546536,0.0045770747,"TWOGAUSSIANS_WITH_ELLIPSOIDAL_ON_ECLIPSE1",9,14.040975,0.31546536,0.0045770747,0.19778673,0.088234104,0.22185251,0.021680683,0.7949391,0.013894132,0.30273718,0.110759966,0.17312777,0.015489295
375316653866487564,1056857929602508160,0.5928229,2218.9701690149445,0.5496788122116989,7.642094E-6,17.909546,0.0021016803,0.33867356,2.9920452E-4,0.02036534,9.663962E-4,0.38118634,0.008409611,null,null,null,null,null,null,null,null,null,null,"ONEGAUSSIAN",5,1.9765561,0.33867356,2.9920452E-4,0.11404591,0.0054118186,0.38118634,0.0,null,null,null,null,null,null
375316653866487564,1056862430728054784,0.5360738,2205.0686208465263,3.301079105326801,1.3336696E-5,19.057253,0.01529402,0.26365533,0.0037514605,0.0886738,0.0073935487,0.2692284,0.016345046,0.7534814,0.0068663503,0.088578105,0.011012803,0.31017637,0.022909265,null,null,null,null,"TWOGAUSSIANS",8,1.9045621,0.7534814,0.0068663503,0.4,0.0,0.30099693,0.025097204,0.26365533,0.0037514605,0.4,0.0,0.26004896,0.013371247
375316653866487564,1057030694662582144,0.5137587,2240.5043321808066,3.0293363832684426,1.8482348E-5,15.360273,0.025617043,0.27338585,0.003872297,0.118296355,0.016018987,0.17364992,0.02298322,0.76915145,0.005730652,0.10837564,0.018252654,0.12723045,0.024637744,null,null,null,null,"TWOGAUSSIANS",8,52.89811,0.27338585,0.0038660846,0.4,0.0,0.1485098,0.0073578497,0.76915145,0.005730652,0.4,0.0,0.10213052,0.0065749576
375316653866487564,1057101132126596224,0.5590126,2213.0336540049016,3.6262842919356593,7.052813E-6,13.781119,0.021316703,0.32860166,0.0027921225,0.06830517,0.01632945,0.06797576,0.042622168,0.80966705,0.007467582,0.07020614,0.014540704,0.09141638,0.04183567,0.046130884,0.02225387,0.32860166,0.0027921225,"TWOGAUSSIANS_WITH_ELLIPSOIDAL_ON_ECLIPSE1",9,125.96478,0.8149971,0.004474537,0.3931544,0.054833807,0.18259881,0.006685022,0.32860166,0.0027921225,0.38250896,0.06863994,0.16009377,0.005831411
375316653866487564,1057227674747211648,0.47425583,2239.0424703229955,0.6221150078440144,6.165259E-5,17.565128,0.2070661,0.3988686,0.13369681,0.083098486,0.43143982,0.08863572,0.1387507,0.8992609,0.002670489,0.0056797997,0.0038867225,0.5923734,0.28678337,null,null,null,null,"TWOGAUSSIANS",8,30.69143,0.8992609,0.002670622,0.03180688,0.021765646,0.5923734,0.28727445,0.3988686,0.13369681,0.4,0.0013919527,0.088635705,0.032927074
375316653866487564,1057360410711915776,0.5608603,2161.5117689577887,2.8635486293938395,9.251858E-6,13.073522,2.3030448,0.2527846,0.01180094,0.1520901,0.20571971,0.41356072,2.2241173,0.7665639,0.013080857,0.13832763,0.08730792,0.40223378,1.6084137,null,null,null,null,"TWOGAUSSIANS",8,270.18692,0.2521846,0.007681956,0.4,0.0,0.24434528,0.013452222,0.76769394,0.0051617925,0.4,0.0,0.23565805,0.008189099
375316653866487564,1057493863935820288,0.46863022,2136.862009898437,0.9125041888950449,4.5189927E-6,17.667086,0.008183813,0.20725265,0.018004334,0.048961498,0.030837446,0.08595794,0.056630448,0.7401966,7.250153E-6,0.0026107607,2.3961502E-4,1.6580911,0.7763524,0.027347425,0.009048948,0.20725265,0.018004334,"TWOGAUSSIANS_WITH_ELLIPSOIDAL_ON_ECLIPSE1",9,10.511754,0.7401966,7.250153E-6,0.01462026,0.0013418442,1.7104754,0.7951794,0.20725265,0.018004334,0.2741844,0.1726897,0.14065251,0.067577176
375316653866487564,1057515270052867328,0.6032811,2222.268535551743,0.4768739722363536,1.0013775E-6,16.146442,0.0016746285,0.7920044,0.03449353,0.07897437,0.054504257,0.008698486,0.0032821822,0.89336884,5.848672E-6,6.342154E-4,7.39267E-6,0.39512014,0.0046842988,null,null,null,null,"TWOGAUSSIANS",8,4.6734533,0.89336884,5.848672E-6,0.0035516063,4.139895E-5,0.39893708,0.0017381695,0.7920044,0.03449353,0.4,0.23563084,0.008698485,0.0032821822
375316653866487564,1057522279439499520,0.6152547,2227.446610861258,1.560799840264817,5.642868E-6,12.040259,0.008516475,0.23461023,0.0063233078,0.058266148,0.009528134,0.07736629,0.018542288,0.75105155,0.0020501104,0.05896367,0.008501011,0.14713517,0.0150731895,0.077743225,0.0102543,0.75105155,0.0020501104,"TWOGAUSSIANS_WITH_ELLIPSOIDAL_ON_ECLIPSE2",9,95.09751,0.75105155,0.0020501104,0.33019656,0.047605664,0.3025998,0.0113089215,0.24037023,0.0037793082,0.32629043,0.05335755,0.2317545,0.004197653
375316653866487564,1057630989356484864,0.5036019,2143.5317777324335,4.024923660787688,6.9362263E-6,19.691229,0.017814014,0.22278696,0.0032159623,0.07215931,0.0049090763,0.44015452,0.015800774,0.7174023,0.0043703853,0.08285926,0.0060132523,0.46187952,0.027832963,null,null,null,null,"TWOGAUSSIANS",8,2.3435144,0.7174023,0.0043703853,0.4,0.0,0.45744535,0.027412709,0.22278696,0.0032159623,0.4,0.015253165,0.43572035,0.0138715925
375316653866487564,1057641748250231808,0.4405476,2200.019345717142,0.0900991462728134,3.9245162E-5,17.998085,0.0042913086,0.32412052,0.009441216,0.061502974,0.0059071216,0.23111203,0.006997855,0.7431508,0.008631762,0.016697763,0.006608903,0.03731539,0.007551202,null,null,null,null,"TWOGAUSSIANS",8,9.689521,0.32412052,0.009441216,0.34441665,0.03307988,0.23111203,0.006997855,0.7431508,0.008631762,0.09350747,0.037009854,0.03731539,0.007551202
375316653866487564,1057668239608223488,0.53436816,2192.5769124400185,1.0939057784916115,1.0351209E-6,17.752838,0.0024661126,0.078984216,6.7745516E-4,0.014687634,0.0054806243,0.19523968,0.43584684,0.5526482,2.2612076E-6,7.9944154E-4,3.897302E-6,1.5669545,0.0038723655,null,null,null,null,"TWOGAUSSIANS",8,6.4025273,0.5526482,2.2612076E-6,0.0044768727,2.1824892E-5,1.5669545,0.0038723655,0.078984216,6.7745516E-4,0.08225075,0.030691495,0.19523968,0.43584684
375316653866487564,1057803239020056320,0.49445388,2204.1221864148115,2.539809523744993,9.141624E-6,15.509742,0.0026814411,0.325119,0.007992855,0.05732938,0.014764361,0.018134242,0.0175725,0.8023083,0.0024251125,0.02489913,0.003437799,0.11807252,0.011545856,0.026263485,0.0039148773,0.325119,0.007992855,"TWOGAUSSIANS_WITH_ELLIPSOIDAL_ON_ECLIPSE1",9,27.939913,0.8027883,0.002400898,0.13943513,0.019251673,0.1695489,0.012210874,0.325119,0.007992855,0.3210445,0.08268043,0.07065986,0.01615462
375316653866487564,1057891921504706560,0.47322735,2189.9420696772563,0.0744777245514957,7.783746E-6,16.111229,0.004178385,0.059365414,0.0014214705,0.0013725074,4.943601E-4,0.8937119,0.5601191,0.81406873,0.0027123215,0.04822634,0.0053790924,0.089982234,0.01308601,0.018349335,0.0051825154,0.059365414,0.0014214705,"TWOGAUSSIANS_WITH_ELLIPSOIDAL_ON_ECLIPSE1",9,107.00605,0.059365414,0.0014214705,0.0076860418,0.0027684167,0.9304108,0.5600383,0.8144487,0.0030074187,0.2700675,0.030122919,0.090016864,0.013064248
375316653866487564,1057905454946385280,0.5552315,2184.7360226790215,1.6647486062870165,9.781139E-6,11.845207,0.03859956,0.23813657,0.0023979472,0.115589835,0.01775556,0.1257072,0.036687613,0.7594608,0.007993226,0.12104861,0.037215237,0.093358144,0.0370741,null,null,null,null,"TWOGAUSSIANS",8,37.47956,0.23803657,0.0021081325,0.4,0.0,0.10675932,0.0036600397,0.7595608,0.007766346,0.4,0.0,0.0743925,0.0041930615
375316653866487564,1057991526090545280,0.6508948,2171.3388347851474,1.2933444335029938,3.1079016E-6,11.647028,0.0030469762,0.24145615,3.9445178E-4,0.04470993,0.0016923374,0.39216,0.013002268,0.74529535,0.007731116,0.04666221,0.01083266,0.047837798,0.026045034,0.0225994,0.003941183,0.24145615,3.9445178E-4,"TWOGAUSSIANS_WITH_ELLIPSOIDAL_ON_ECLIPSE1",9,45.614258,0.24145615,3.9445178E-4,0.2503756,0.00947709,0.4373587,0.016222809,0.74529535,0.007468521,0.26130837,0.060662895,0.09301022,0.026878323
375316653866487564,1058085641709956224,0.6233429,2210.118228246598,0.8537700113314212,1.0274102E-5,13.954306,0.0048997044,0.23319997,0.0011942169,0.025636222,0.0020119722,0.3446467,0.01218654,0.73183924,0.020116532,0.029584525,0.024066769,0.10836122,0.047036033,0.021044243,0.0059300563,0.23319997,0.0011942169,"TWOGAUSSIANS_WITH_ELLIPSOIDAL_ON_ECLIPSE1",9,47.630802,0.23319997,0.0011942169,0.14356285,0.011267045,0.38673508,0.008539152,0.73187923,0.019919302,0.16567335,0.1347739,0.15044662,0.048280448
375316653866487564,1058101550269226752,0.5921429,2180.141084499742,3.4306097561842814,5.694814E-6,13.485473,0.022452237,0.2716966,0.0015666846,0.052823734,0.0080221975,0.27240276,0.063245244,0.775827,0.0074026263,0.05347669,0.008510854,0.18896766,0.06858195,0.11373293,0.043264292,0.2716966,0.0015666846,"TWOGAUSSIANS_WITH_ELLIPSOIDAL_ON_ECLIPSE1",9,239.07553,0.2716966,0.0015666846,0.2958129,0.044924304,0.49986222,0.039927386,0.775827,0.0074026263,0.29946947,0.047660787,0.41627398,0.023610277
375316653866487564,1058230635509854848,0.5169339,2215.763082526223,3.4162816190614875,1.0175493E-5,14.297899,0.39727762,0.26666498,0.0031379382,0.13981281,0.0906631,0.19568689,0.38441133,0.7639801,0.0037883872,0.12695867,0.060993418,0.19512361,0.3440401,null,null,null,null,"TWOGAUSSIANS",8,81.262184,0.26670498,0.0031117199,0.4,0.0,0.12974188,0.009418345,0.7639801,0.0037883872,0.4,0.0,0.12966602,0.00837849
375316653866487564,1058277025452545024,0.50495934,2202.0246468177966,3.5211440622766403,2.2022408E-5,16.700418,0.009617096,0.28643802,0.007159602,0.07895375,0.010862392,0.1649718,0.016057214,0.77036947,0.0073624165,0.05771856,0.00603184,0.347655,0.04483317,null,null,null,null,"TWOGAUSSIANS",8,54.850624,0.77036947,0.0073624165,0.32322395,0.033778302,0.34730062,0.04489881,0.28643802,0.007159602,0.4,0.0,0.1646174,0.01610764
375316653866487564,1058359454465036288,0.5489329,2207.525565803374,0.16490475654106157,3.048759E-6,12.337906,9.178174E-4,0.49760553,0.016870016,0.010245579,0.007758234,0.068336375,0.045326926,0.8126962,7.0356356E-4,0.011056116,7.849804E-4,0.33204255,0.04323947,0.002735691,0.0013088179,0.8126962,7.0356356E-4,"TWOGAUSSIANS_WITH_ELLIPSOIDAL_ON_ECLIPSE2",9,66.745834,0.8126962,7.0356356E-4,0.06191425,0.0043958905,0.33751392,0.043337792,0.49756554,0.016834853,0.057375245,0.043446112,0.06920211,0.045415327
375316653866487564,1058423019980995712,0.44873652,2184.991423481932,4.408552260479942,1.1472574E-5,15.916073,0.0052271523,0.55806744,0.013149606,0.04646966,0.015674125,0.06703128,0.020009585,0.7787705,0.0015754638,0.010871796,0.0017995484,0.224939,0.043811113,0.00770043,0.008659084,0.7787705,0.0015754638,"TWOGAUSSIANS_WITH_ELLIPSOIDAL_ON_ECLIPSE2",9,108.90265,0.7787705,0.0015754638,0.060882058,0.010077471,0.24034068,0.04597689,0.5592274,0.012707264,0.2602301,0.087775104,0.067567505,0.020142615
375316653866487564,1058457379719324928,0.55834925,2228.3792117810335,2.7311406891815935,1.1423002E-5,13.596084,0.0076141553,0.23249917,0.004481811,0.07710122,0.0077932132,0.2578346,0.018858727,0.73831046,0.0035126652,0.087576695,0.004043401,0.29190424,0.011026223,null,null,null,null,"TWOGAUSSIANS",8,377.98407,0.73831046,0.0035126652,0.4,0.0,0.28698903,0.010457982,0.23249917,0.004481811,0.4,0.0,0.25291944,0.021201165
375316653866487564,1058495278510900352,0.59984803,2173.0481215744153,1.51116439705607,1.9789595E-5,17.446175,0.0010559915,0.27956146,0.0046657673,0.02694285,0.0030641379,0.28096896,0.014309632,0.78203094,0.0023885574,0.020014834,0.0011534636,0.15322278,0.011514926,null,null,null,null,"TWOGAUSSIANS",8,1.5835013,0.27956146,0.0046657673,0.15087996,0.017159173,0.28096896,0.014309632,0.78203094,0.0023885574,0.11208307,0.0064593963,0.15322278,0.011514926
375316653866487564,1058498508326274688,0.44708097,2190.6981494475713,0.8530720466110054,8.8313274E-5,14.507103,0.053281464,0.25850627,0.020099975,0.09153163,0.032985788,0.15579037,0.051127914,0.7268421,0.015439454,0.09527035,0.07862375,0.12429435,0.03159965,null,null,null,null,"TWOGAUSSIANS",8,587.48645,0.25850627,0.019815506,0.4,0.0,0.15096143,0.026887964,0.7268421,0.015439454,0.4,0.0,0.11946502,0.024082499
375316653866487564,1058516031792846592,0.6338057,2221.9657594671157,2.3971584021425763,2.5090856E-6,13.098378,0.008869001,0.2431744,0.0010189832,0.049954824,0.002228732,0.4172097,0.017813105,0.74404836,0.0011348305,0.05857323,0.0022605478,0.4816266,0.019169323,0.087790206,0.010675539,0.74404836,0.0011348305,"TWOGAUSSIANS_WITH_ELLIPSOIDAL_ON_ECLIPSE2",9,240.2634,0.74404836,0.0011348305,0.32801008,0.012659068,0.6571522,0.00783524,0.2432444,9.192583E-4,0.279747,0.012480899,0.5927304,0.011360157
375316653866487564,1058663190256242688,0.43744802,2213.9159999506483,0.07147389257121821,3.907827E-5,17.746838,0.0051709735,0.28133926,0.020184522,0.05467803,0.01946629,0.0652714,0.069495395,0.6016745,0.008489813,0.118525684,0.010051073,0.14564946,0.016158022,null,null,null,null,"TWOGAUSSIANS",8,5.3598,0.6016745,0.008489813,0.4,0.0,0.14554842,0.016189862,0.2856393,0.017664995,0.306197,0.10901122,0.06913251,0.07060006
375316653866487564,1058672334242612224,0.61192757,2216.388584166638,1.4394942122303056,6.1587098E-6,15.208141,0.0028814333,0.30017856,5.9255824E-4,0.03825063,6.933138E-4,0.4215271,0.006944958,0.8035592,0.0029887129,0.02857615,0.003206444,0.051026125,0.0064203646,0.015377382,0.0041075684,0.30017856,5.9255824E-4,"TWOGAUSSIANS_WITH_ELLIPSOIDAL_ON_ECLIPSE1",9,27.463276,0.30017856,5.9255824E-4,0.21420352,0.0038825572,0.45228183,0.0049466705,0.8035592,0.0029887129,0.16002645,0.017956086,0.08176699,0.0030293104
