Gaia/vari_eclipsing_binary/VariEclipsingBinary_247377-247496.csv
# %ECSV 1.0
# ---
# delimiter: ','
# meta: !!omap
# - RELEASE: Gaia DR3
# - TABLE: vari_eclipsing_binary
# - DESCRIPTION: >
#     This table describes the properties of the eclipsing binaries resulting from the variability analysis. 
# - CITATION: >
#     How to cite and acknowledge Gaia: 
#     https://gea.esac.esa.int/archive/documentation/credits.html 
# - KNOWN_ISSUES: >
#     Known issues: 
#     https://www.cosmos.esa.int/web/gaia-users/known-issues 
# - DOCUMENTATION: >
#     Tutorials and documentation: 
#     https://www.cosmos.esa.int/web/gaia-users/archive 
# datatype:
# - 
#   name: solution_id
#   datatype: int64
#   description: Solution Identifier
#   meta:
#     ucd: meta.version
# - 
#   name: source_id
#   datatype: int64
#   description: Unique source identifier
#   meta:
#     ucd: meta.id;meta.main
# - 
#   name: global_ranking
#   datatype: float32
#   description: Number between 0 (worst) and 1 (best)
#   meta:
#     ucd: stat.param
# - 
#   name: reference_time
#   datatype: float64
#   unit: d
#   description: Reference time used for the geometric model fit
#   meta:
#     ucd: time.epoch
# - 
#   name: frequency
#   datatype: float64
#   unit: d**-1
#   description: Frequency of geometric model of the eclipsing binary light curve
#   meta:
#     ucd: src.orbital
# - 
#   name: frequency_error
#   datatype: float32
#   unit: d**-1
#   description: "Uncertainty of \\texttt{frequency}"
#   meta:
#     ucd: stat.error
# - 
#   name: geom_model_reference_level
#   datatype: float32
#   unit: mag
#   description: Magnitude reference level of geometric model
#   meta:
#     ucd: phot.mag;em.opt
# - 
#   name: geom_model_reference_level_error
#   datatype: float32
#   unit: mag
#   description: "Uncertainty of \\texttt{geomModelReferenceLevel}"
#   meta:
#     ucd: stat.error;phot.mag;em.opt
# - 
#   name: geom_model_gaussian1_phase
#   datatype: float32
#   description: Phase of the Gaussian 1 component
#   meta:
#     ucd: time.phase
# - 
#   name: geom_model_gaussian1_phase_error
#   datatype: float32
#   description: "Uncertainty of \\texttt{geomModelGaussian1Phase}"
#   meta:
#     ucd: stat.error;time.phase
# - 
#   name: geom_model_gaussian1_sigma
#   datatype: float32
#   description: "Standard deviation [phase] of Gaussian 1 component"
#   meta:
#     ucd: stat.stdev
# - 
#   name: geom_model_gaussian1_sigma_error
#   datatype: float32
#   description: "Uncertainty of \\texttt{geomModelGaussian1Sigma}"
#   meta:
#     ucd: stat.error
# - 
#   name: geom_model_gaussian1_depth
#   datatype: float32
#   unit: mag
#   description: Magnitude depth of Gaussian 1 component
#   meta:
#     ucd: src.var.amplitude
# - 
#   name: geom_model_gaussian1_depth_error
#   datatype: float32
#   unit: mag
#   description: "Uncertainty of \\texttt{geomModelGaussian1Depth}"
#   meta:
#     ucd: stat.error;src.var.amplitude
# - 
#   name: geom_model_gaussian2_phase
#   datatype: float32
#   description: Phase of Gaussian 2 component
#   meta:
#     ucd: time.phase
# - 
#   name: geom_model_gaussian2_phase_error
#   datatype: float32
#   description: "Uncertainty of \\texttt{geomModelGaussian2Phase}"
#   meta:
#     ucd: stat.error;time.phase
# - 
#   name: geom_model_gaussian2_sigma
#   datatype: float32
[...]
#   datatype: float32
#   description: "Secondary eclipse: uncertainty of \\texttt{derivedSecondaryEclDuration}"
#   meta:
#     ucd: stat.error;time.duration
# - 
#   name: derived_secondary_ecl_depth
#   datatype: float32
#   unit: mag
#   description: "Secondary eclipse: depth"
#   meta:
#     ucd: src.var.amplitude
# - 
#   name: derived_secondary_ecl_depth_error
#   datatype: float32
#   unit: mag
#   description: "Secondary eclipse: uncertainty of \\texttt{derivedSecondaryEclDepth}"
#   meta:
#     ucd: stat.error;src.var.amplitude
solution_id,source_id,global_ranking,reference_time,frequency,frequency_error,geom_model_reference_level,geom_model_reference_level_error,geom_model_gaussian1_phase,geom_model_gaussian1_phase_error,geom_model_gaussian1_sigma,geom_model_gaussian1_sigma_error,geom_model_gaussian1_depth,geom_model_gaussian1_depth_error,geom_model_gaussian2_phase,geom_model_gaussian2_phase_error,geom_model_gaussian2_sigma,geom_model_gaussian2_sigma_error,geom_model_gaussian2_depth,geom_model_gaussian2_depth_error,geom_model_cosine_half_period_amplitude,geom_model_cosine_half_period_amplitude_error,geom_model_cosine_half_period_phase,geom_model_cosine_half_period_phase_error,model_type,num_model_parameters,reduced_chi2,derived_primary_ecl_phase,derived_primary_ecl_phase_error,derived_primary_ecl_duration,derived_primary_ecl_duration_error,derived_primary_ecl_depth,derived_primary_ecl_depth_error,derived_secondary_ecl_phase,derived_secondary_ecl_phase_error,derived_secondary_ecl_duration,derived_secondary_ecl_duration_error,derived_secondary_ecl_depth,derived_secondary_ecl_depth_error
[from data line 108]
375316653866487564,2176084762938284672,0.50765914,2114.531287484422,0.5558731177400825,8.482058E-6,16.803814,0.001510064,0.28735334,0.0015753524,0.022639692,0.0028470953,0.13724148,0.010055933,null,null,null,null,null,null,0.013488459,0.003596152,0.28735334,0.0015753524,"ONEGAUSSIAN_WITH_ELLIPSOIDAL",6,7.718544,0.28735334,0.0015753524,0.12678227,0.015943734,0.16421837,0.010864538,null,null,null,null,null,null
375316653866487564,2176085621931757184,0.5277174,2087.254440852149,1.6384059721227895,2.9483263E-5,18.405722,0.002644334,0.5119911,0.0014246778,0.020249104,0.0017053523,0.5848048,0.100670174,0.69316393,0.0773853,0.0558487,0.08174047,0.02021964,0.016690828,null,null,null,null,"TWOGAUSSIANS",8,1.9261905,0.5119911,0.0014099305,0.11339498,0.0095499735,0.5849096,0.10272276,0.69316393,0.0773853,0.31275272,0.21597688,0.02021964,0.016691271
375316653866487564,2176087034990747904,0.46590537,2117.0709397333612,3.302090388228623,1.9722755E-5,16.542597,0.01899167,0.2767312,0.0076874513,0.09909238,0.023302859,0.0964503,0.018543117,0.767198,0.016018433,0.08462095,0.035984192,0.072864145,0.010903676,null,null,null,null,"TWOGAUSSIANS",8,14.331921,0.2767312,0.0076878527,0.4,0.0,0.09284114,0.011704075,0.767198,0.01602552,0.4,0.0,0.06925561,0.008327163
375316653866487564,2176088237578003584,0.60977274,2096.788300983707,1.568268342964385,4.1414037E-6,15.706276,0.0036056978,0.27379566,0.0015618688,0.08726886,0.0016173735,0.3444917,0.004454046,0.77114147,0.0024956057,0.086128965,0.0033759759,0.29564083,0.0077174557,null,null,null,null,"TWOGAUSSIANS",8,17.212034,0.27379566,0.0015618688,0.4,0.0,0.33493418,0.0034374292,0.77114147,0.0024956057,0.4,0.0,0.28608334,0.008246672
375316653866487564,2176089916899118848,0.4899552,2120.614012373724,3.1276933693442084,1.6926817E-5,16.801308,0.002864291,0.29629382,0.019320542,0.029277641,0.034964178,0.019236054,0.06789943,0.74662775,0.005714481,0.040651944,0.040234387,0.018259218,0.022323003,0.040302075,0.0033704494,0.74662775,0.005714481,"TWOGAUSSIANS_WITH_ELLIPSOIDAL_ON_ECLIPSE2",9,9.5365715,0.74662775,0.005714481,0.22765088,0.22531256,0.09886332,0.024385745,0.28501382,0.024272151,0.1639548,0.1957994,0.09386554,0.06522906
375316653866487564,2176091776634636928,0.47578973,2082.5216514119534,0.30563947254651536,4.2900814E-5,19.738274,0.008437118,0.40582138,0.0127289,0.021535577,0.010942093,0.8709798,0.5349541,0.62127537,0.002241458,0.028195558,0.003235545,0.1569268,0.013021644,null,null,null,null,"TWOGAUSSIANS",8,4.471673,0.40582138,0.0127289,0.12059923,0.061275724,0.8709798,0.5349541,0.62127537,0.002241458,0.15789512,0.018119052,0.1569268,0.013021644
375316653866487564,2176092665678226944,0.4792946,2092.908707090658,2.599707661738491,1.40690845E-5,18.52983,0.0026512556,0.2882203,0.0011212684,0.01707192,0.0011465934,0.17354667,0.023165382,0.49026555,3.8673894E-5,0.005791147,1.21730875E-4,0.34061408,0.0025783773,null,null,null,null,"TWOGAUSSIANS",8,2.7365763,0.49026555,3.8673894E-5,0.03243042,6.816929E-4,0.34061408,0.0025783773,0.2882203,0.0011212684,0.09560275,0.006420923,0.17354667,0.023165382
375316653866487564,2176094624186024576,0.4541224,2104.4249159208553,2.178679501500302,1.9081277E-5,19.51706,0.0046904236,null,null,null,null,null,null,null,null,null,null,null,null,0.09333542,0.0069960607,0.1367282,0.005674828,"ELLIPSOIDAL",4,2.6838467,null,null,null,null,null,null,null,null,null,null,null,null
375316653866487564,2176096342170308736,0.6105238,2096.5940151482378,0.45413215963610565,5.0971403E-6,17.817678,0.0020062963,0.31125647,0.012241258,0.019409742,0.008915591,0.33717522,2.018147,0.8131943,2.7480582E-4,0.018388791,4.5053958E-4,0.5963085,0.014827324,null,null,null,null,"TWOGAUSSIANS",8,2.6693823,0.8131943,2.7480582E-4,0.10297723,0.0025230215,0.5963085,0.014827324,0.31125647,0.012241258,0.10869455,0.04992731,0.33717522,2.018147
375316653866487564,2176097063724905344,0.4827722,2089.0142884537963,3.6283791227466056,1.8951805E-5,17.662935,0.007466856,0.22857815,0.010414372,0.07815179,0.012884321,0.12021293,0.01750756,0.7269473,0.007619632,0.08735775,0.00797066,0.13712032,0.010273508,null,null,null,null,"TWOGAUSSIANS",8,8.273258,0.7269473,0.007619632,0.4,0.0,0.13451551,0.009225986,0.22857815,0.010414372,0.4,0.0111098075,0.117608145,0.01780883
375316653866487564,2176098060157423104,0.6235468,2089.2596981471024,0.47260842971866557,2.5099373E-6,18.5816,0.0032063192,0.2720638,0.0065408554,0.02579317,0.019183528,0.05828899,0.064922474,0.76018846,3.530766E-4,0.030887341,4.323958E-4,1.1163707,0.016835775,0.039868783,0.0064871213,0.2720638,0.0065408554,"TWOGAUSSIANS_WITH_ELLIPSOIDAL_ON_ECLIPSE1",9,3.5152295,0.7602484,3.3541885E-4,0.1729691,0.0024214166,1.1956675,0.01746924,0.2720638,0.0065408554,0.14444175,0.10742775,0.13802655,0.06513508
375316653866487564,2176099228388638592,0.54423505,2067.315006035846,3.1216214330699277,8.753618E-6,18.476805,0.0078007323,0.16158181,0.0035941235,0.072336964,0.004158573,0.4258689,0.021808328,0.6568868,0.00305566,0.07173634,0.0026904803,0.3978133,0.013309732,null,null,null,null,"TWOGAUSSIANS",8,4.2146025,0.16158181,0.0035941235,0.4,0.005852237,0.42408675,0.022010101,0.6568868,0.00305566,0.4,0.0070151165,0.39603117,0.012962545
375316653866487564,2176099438853027584,0.42872903,2068.173737825035,0.5817613557914446,4.942212E-5,17.286652,0.0019356607,0.10432263,0.047004007,0.01298596,0.0767191,0.010698268,0.06843911,0.4137215,0.0031464384,0.025983397,0.0034972331,0.44869882,0.017893935,null,null,null,null,"TWOGAUSSIANS",8,96.20318,0.4137215,0.0031464384,0.14550702,0.019584507,0.44869882,0.017894555,0.10432263,0.047004007,0.07272138,0.4021974,0.010698268,0.06843911
375316653866487564,2176099473201233920,0.49580264,2058.4499787649406,0.3422371717569463,4.9509374E-5,19.821108,0.005230956,0.23532566,0.011191422,0.01723238,0.0059789536,0.39819878,0.16246933,0.7356733,6.94311E-4,0.014333067,0.0016398061,0.4591172,0.011156478,null,null,null,null,"TWOGAUSSIANS",8,1.4149966,0.7356733,6.94311E-4,0.08026518,0.009182914,0.4591172,0.011156478,0.23532566,0.011191422,0.096501336,0.033482138,0.39819878,0.16246933
375316653866487564,2176104386655092480,0.5686407,2107.2798130020637,0.6560150714806157,5.0572635E-6,15.336174,7.3894736E-4,0.21960725,0.013439076,0.01749664,0.012986351,0.088404804,4.956548,0.7191081,2.5719817E-4,0.0156241115,3.1791933E-4,0.23201412,0.007864866,null,null,null,null,"TWOGAUSSIANS",8,5.521692,0.7191081,2.5719817E-4,0.08749503,0.0017803482,0.23201412,0.007864866,0.21960725,0.013439076,0.097981185,0.07272357,0.088404804,4.956548
375316653866487564,2176105756738739712,0.60816646,2115.4054485136107,1.1953704489006882,4.5398706E-6,18.941547,0.00361609,0.25948855,0.0011889302,0.043843966,0.0011272397,0.8646079,0.022981796,0.76235265,0.0062995018,0.044346586,0.0058830734,0.20406148,0.0435232,null,null,null,null,"TWOGAUSSIANS",8,1.9874185,0.25948855,0.0011889302,0.24552621,0.0063125426,0.86460775,0.02298181,0.76235265,0.0062995018,0.24834087,0.032945212,0.2040614,0.04352345
375316653866487564,2176107479031534208,0.5929086,2093.116404876267,2.675193501082292,5.282944E-6,17.368317,0.015028476,0.19691363,0.0021759574,0.043963872,0.0034136141,0.5280378,0.034349434,0.7010883,0.002352984,0.042367082,0.0035153208,0.8100826,0.072601445,0.06053378,0.017067362,0.19691363,0.0021759574,"TWOGAUSSIANS_WITH_ELLIPSOIDAL_ON_ECLIPSE1",9,21.79265,0.7010883,0.002352984,0.23725566,0.019685796,0.9310668,0.08464691,0.19691363,0.0021759574,0.24619769,0.019116238,0.64910525,0.023198284
375316653866487564,2176107960067989504,0.5461798,2072.8341474503677,0.17950556070543025,1.681213E-5,16.670595,0.0020840971,0.23190875,0.010424348,0.025872413,0.030750636,0.4540864,0.5155397,0.68630636,0.010277121,0.025717037,0.00666471,0.15672019,0.021405872,null,null,null,null,"TWOGAUSSIANS",8,5.7285805,0.23190875,0.010424348,0.14488551,0.17220356,0.4540864,0.5155397,0.68630636,0.010277121,0.1440154,0.037322376,0.15672019,0.021405872
375316653866487564,2176108746036236928,0.45248738,2109.2271368002876,2.23076508675337,1.0185286E-5,18.90397,0.003715236,0.3362413,0.0059054,0.00789468,0.009075146,0.039299123,0.18401939,0.6757105,0.002575908,0.03394785,0.002614589,0.20257151,0.023296097,null,null,null,null,"TWOGAUSSIANS",8,2.8265986,0.6757105,0.002575908,0.19010797,0.014641698,0.20257151,0.023296097,0.3362413,0.0059054,0.044210207,0.050820816,0.039299123,0.18401939
375316653866487564,2176109197018638848,0.6315188,2123.7535407812666,1.7605056570437732,3.0695792E-6,12.76879,0.0056694155,0.2391906,0.0017996223,0.08900547,0.0032658747,0.39010686,0.010667262,0.7332988,0.0015569107,0.07283923,0.0018004293,0.4534739,0.0068772845,null,null,null,null,"TWOGAUSSIANS",8,184.849,0.7332988,0.0015569107,0.4,0.0,0.4472069,0.006149255,0.2391906,0.0017996223,0.4,0.0,0.38383976,0.011147249
375316653866487564,2176109673749016064,0.5482551,2081.8581282315595,1.1960074776181853,1.4093105E-5,18.210405,0.0047878693,0.24765427,0.0042176587,0.038860705,0.0042034383,0.18927205,0.019508291,0.7418938,0.0044228155,0.04137141,0.004360407,0.18649448,0.012210569,0.056783628,0.0078363875,0.24765427,0.0042176587,"TWOGAUSSIANS_WITH_ELLIPSOIDAL_ON_ECLIPSE1",9,4.6202736,0.24765427,0.0042176587,0.21761994,0.023539256,0.3028392,0.015417408,0.7423338,0.0040815305,0.23167989,0.02441828,0.29992422,0.008240107
375316653866487564,2176110090371788288,0.5721049,2088.3220578543433,0.271335959195469,2.5697043E-5,17.735844,0.0057639363,0.30578247,0.0019504072,0.03039943,0.0025511861,0.768281,0.050934717,0.8079979,0.0023686877,0.026740402,0.0039074067,0.13313328,0.018004911,0.016679311,0.006407599,0.30578247,0.0019504072,"TWOGAUSSIANS_WITH_ELLIPSOIDAL_ON_ECLIPSE1",9,14.749001,0.30578247,0.0019504072,0.17023681,0.014286643,0.80163956,0.050869256,0.8079979,0.0023686877,0.14974625,0.021881476,0.16648537,0.017957566
375316653866487564,2176110154787861760,0.5609661,2102.618097518728,1.641442695190759,6.4354276E-6,18.99528,0.0032328498,0.24586451,0.0029704142,0.01311295,0.0061393767,0.06369723,0.035904653,0.73989296,0.003136622,0.054159213,0.0024071804,0.43821332,0.013291615,0.10362572,0.006132419,0.24586451,0.0029704142,"TWOGAUSSIANS_WITH_ELLIPSOIDAL_ON_ECLIPSE1",9,2.3127143,0.740483,0.002765387,0.3032916,0.01348021,0.64519566,0.012021309,0.24586451,0.0029704142,0.07343252,0.034380507,0.27094242,0.034674644
375316653866487564,2176110880645754880,0.4918555,2079.7955120677243,1.0832043957785413,3.132132E-5,18.728552,0.0059189308,0.2830778,0.00567988,0.042018846,0.007647635,0.37432006,0.04449289,0.7845252,0.0066366903,0.030998401,0.007819652,0.1479967,0.10780353,null,null,null,null,"TWOGAUSSIANS",8,5.2583375,0.2830778,0.00567988,0.23530555,0.042826757,0.37432006,0.044492893,0.7845252,0.0066366903,0.17359105,0.04379005,0.1479967,0.10780353
375316653866487564,2176110880645755136,0.6202757,2103.279091404201,3.627348997271784,8.496066E-6,15.185636,0.0061492263,0.25491768,0.0013195933,0.045754712,0.0051928605,0.21277611,0.013600021,0.75235695,0.0044974214,0.04204649,0.004147507,0.1352522,0.017430846,0.116465986,0.008288838,0.25491768,0.0013195933,"TWOGAUSSIANS_WITH_ELLIPSOIDAL_ON_ECLIPSE1",9,50.17265,0.25491768,0.0013195933,0.2562264,0.029080018,0.44570795,0.009510646,0.7528569,0.0035812503,0.23546036,0.023226038,0.3681354,0.009118243
375316653866487564,2176113109723302400,0.50783956,2092.859582754557,0.098008983343261,3.05927E-6,18.61555,0.0024828666,0.14132065,9.602544E-6,0.0037973463,5.0249182E-5,0.47729015,0.0018750145,0.77890766,3.7437167E-5,0.0016122119,1.2208536E-4,0.16127045,0.021072427,null,null,null,null,"TWOGAUSSIANS",8,1.9860086,0.14132065,9.602544E-6,0.021265138,2.8139542E-4,0.47729015,0.0018750145,0.77890766,3.7437167E-5,0.009028387,6.83678E-4,0.16127045,0.021072427
375316653866487564,2176114003076308224,0.5791322,2063.0994498118434,3.323625955929586,8.255165E-6,17.454432,0.009701795,0.2675476,0.012034776,0.0523064,0.019234994,0.16417882,0.04381873,0.78547686,0.0019367702,0.053507425,0.0056724413,0.13596219,0.021316921,0.055085137,0.011653349,0.78547686,0.0019367702,"TWOGAUSSIANS_WITH_ELLIPSOIDAL_ON_ECLIPSE2",9,5.131544,0.2698076,0.008808254,0.29291582,0.107715964,0.27312866,0.050450753,0.78547686,0.0019367702,0.29964158,0.03176567,0.24612963,0.0067471643
375316653866487564,2176114282259835776,0.5749456,2081.3040211720045,0.34075061500080095,4.7841418E-6,17.366106,0.0016658506,0.3664851,0.045092564,0.018080119,0.03287164,0.098143384,0.103932545,0.88129866,3.6685707E-4,0.01477182,2.9668052E-4,0.32279083,0.005724189,null,null,null,null,"TWOGAUSSIANS",8,2.6914966,0.88129866,3.6685707E-4,0.08272219,0.0016614109,0.32279083,0.005724189,0.3664851,0.045092564,0.10124867,0.18408118,0.098143384,0.103932545
375316653866487564,2176114449752956288,0.5483602,2107.167101390813,0.4655951404283042,5.4176376E-6,17.191385,0.002345386,0.24876423,0.0023563115,0.035277568,0.003028736,0.07031824,0.009021799,0.7438385,0.056504678,0.027480375,0.044896893,0.10718267,669793.2,0.035093017,0.0036599287,0.24876423,0.0023563115,"TWOGAUSSIANS_WITH_ELLIPSOIDAL_ON_ECLIPSE1",9,2.6638958,0.74401844,0.056848478,0.15389009,0.2514226,0.17730387,669793.2,0.24876423,0.0023563115,0.19755438,0.01696092,0.14050412,0.0057087457
375316653866487564,2176115240027053056,0.5334755,2067.512328645523,4.414524476740233,4.067419E-5,19.354834,0.0031086684,0.43672106,8.783604E-4,0.008935511,4.4781106E-4,0.31695783,0.016471589,0.8361645,0.02565814,0.015623487,0.03498547,1.5006927,1.7742152,null,null,null,null,"TWOGAUSSIANS",8,0.81619906,0.8361645,0.02565814,0.08749153,0.19591863,1.5006927,1.7742152,0.43672106,8.783604E-4,0.050038863,0.002507742,0.31695783,0.016471589
375316653866487564,2176115240034255616,0.45699698,2081.7140352069346,0.3756649891740066,2.0300376E-5,18.289476,0.007987757,0.20808737,0.007011157,0.05177387,0.018232798,0.038475264,0.011090422,0.7497389,0.008428293,0.07211426,0.022329172,0.09968436,0.016424974,null,null,null,null,"TWOGAUSSIANS",8,4.270446,0.7497389,0.008428293,0.4,0.07149693,0.09967504,0.016481277,0.20808737,0.007011157,0.28993365,0.102103665,0.038465947,0.011094382
375316653866487564,2176115274386792576,0.4486704,2060.1054756731505,0.7182802350271761,6.41283E-5,18.592804,0.0022038731,0.3113287,0.012110323,0.025427876,0.010881837,0.28034,0.0936924,0.7944341,0.011915704,0.015150348,0.007746564,0.04279104,0.17850313,null,null,null,null,"TWOGAUSSIANS",8,7.5821195,0.3113287,0.012110323,0.1423961,0.06093829,0.28034,0.0936924,0.7944341,0.011915704,0.08484195,0.04338076,0.04279104,0.17850313
375316653866487564,2176117129821252096,0.5229225,2106.232917733376,0.40009565673341757,5.0546428E-6,17.606388,0.0018150517,0.26626816,0.0030079742,0.018855587,0.0020771131,0.13362132,0.0115636205,0.76301223,0.0012862842,0.018256156,0.0015187218,0.22670923,0.015504148,null,null,null,null,"TWOGAUSSIANS",8,3.7945487,0.76301223,0.0012862842,0.102234475,0.008504842,0.22670923,0.015504148,0.26626816,0.0030079742,0.10559129,0.011631833,0.13362132,0.0115636205
375316653866487564,2176117512063704832,0.51737595,2080.319868962166,3.1205367570768154,1.6349777E-5,19.643076,0.014838232,0.2926536,0.0091550695,0.075057045,0.013931043,0.4863712,0.049559817,0.7944631,0.0043058903,0.07561648,0.0061306707,0.3717626,0.027707603,null,null,null,null,"TWOGAUSSIANS",8,3.131457,0.2926536,0.0091550695,0.4,0.010486656,0.4830557,0.051988408,0.7944631,0.0043058903,0.4,0.0,0.36844715,0.027180133
375316653866487564,2176119878593832832,0.446927,2078.111950149206,0.8878850062003739,3.6378548E-5,18.293203,0.005659064,0.22193453,0.01655159,0.02207507,0.0154376775,0.03223494,67.07137,0.73785347,0.008327623,0.007462592,0.004124532,0.31227547,1.4288613,0.024638604,0.005912129,0.73785347,0.008327623,"TWOGAUSSIANS_WITH_ELLIPSOIDAL_ON_ECLIPSE2",9,13.694489,0.73785347,0.008327623,0.04179051,0.02309738,0.36155263,1.4294218,0.22281453,0.017163323,0.12362039,0.086450994,0.08104783,67.070404
