Gaia/vari_eclipsing_binary/VariEclipsingBinary_685406-685418.csv
# %ECSV 1.0
# ---
# delimiter: ','
# meta: !!omap
# - RELEASE: Gaia DR3
# - TABLE: vari_eclipsing_binary
# - DESCRIPTION: >
#     This table describes the properties of the eclipsing binaries resulting from the variability analysis. 
# - CITATION: >
#     How to cite and acknowledge Gaia: 
#     https://gea.esac.esa.int/archive/documentation/credits.html 
# - KNOWN_ISSUES: >
#     Known issues: 
#     https://www.cosmos.esa.int/web/gaia-users/known-issues 
# - DOCUMENTATION: >
#     Tutorials and documentation: 
#     https://www.cosmos.esa.int/web/gaia-users/archive 
# datatype:
# - 
#   name: solution_id
#   datatype: int64
#   description: Solution Identifier
#   meta:
#     ucd: meta.version
# - 
#   name: source_id
#   datatype: int64
#   description: Unique source identifier
#   meta:
#     ucd: meta.id;meta.main
# - 
#   name: global_ranking
#   datatype: float32
#   description: Number between 0 (worst) and 1 (best)
#   meta:
#     ucd: stat.param
# - 
#   name: reference_time
#   datatype: float64
#   unit: d
#   description: Reference time used for the geometric model fit
#   meta:
#     ucd: time.epoch
# - 
#   name: frequency
#   datatype: float64
#   unit: d**-1
#   description: Frequency of geometric model of the eclipsing binary light curve
#   meta:
#     ucd: src.orbital
# - 
#   name: frequency_error
#   datatype: float32
#   unit: d**-1
#   description: "Uncertainty of \\texttt{frequency}"
#   meta:
#     ucd: stat.error
# - 
#   name: geom_model_reference_level
#   datatype: float32
#   unit: mag
#   description: Magnitude reference level of geometric model
#   meta:
#     ucd: phot.mag;em.opt
# - 
#   name: geom_model_reference_level_error
#   datatype: float32
#   unit: mag
#   description: "Uncertainty of \\texttt{geomModelReferenceLevel}"
#   meta:
#     ucd: stat.error;phot.mag;em.opt
# - 
#   name: geom_model_gaussian1_phase
#   datatype: float32
#   description: Phase of the Gaussian 1 component
#   meta:
#     ucd: time.phase
# - 
#   name: geom_model_gaussian1_phase_error
#   datatype: float32
#   description: "Uncertainty of \\texttt{geomModelGaussian1Phase}"
#   meta:
#     ucd: stat.error;time.phase
# - 
#   name: geom_model_gaussian1_sigma
#   datatype: float32
#   description: "Standard deviation [phase] of Gaussian 1 component"
#   meta:
#     ucd: stat.stdev
# - 
#   name: geom_model_gaussian1_sigma_error
#   datatype: float32
#   description: "Uncertainty of \\texttt{geomModelGaussian1Sigma}"
#   meta:
#     ucd: stat.error
# - 
#   name: geom_model_gaussian1_depth
#   datatype: float32
#   unit: mag
#   description: Magnitude depth of Gaussian 1 component
#   meta:
#     ucd: src.var.amplitude
# - 
#   name: geom_model_gaussian1_depth_error
#   datatype: float32
#   unit: mag
#   description: "Uncertainty of \\texttt{geomModelGaussian1Depth}"
#   meta:
#     ucd: stat.error;src.var.amplitude
# - 
#   name: geom_model_gaussian2_phase
#   datatype: float32
#   description: Phase of Gaussian 2 component
#   meta:
#     ucd: time.phase
# - 
#   name: geom_model_gaussian2_phase_error
#   datatype: float32
#   description: "Uncertainty of \\texttt{geomModelGaussian2Phase}"
#   meta:
#     ucd: stat.error;time.phase
# - 
#   name: geom_model_gaussian2_sigma
#   datatype: float32
[...]
#   datatype: float32
#   description: "Secondary eclipse: uncertainty of \\texttt{derivedSecondaryEclDuration}"
#   meta:
#     ucd: stat.error;time.duration
# - 
#   name: derived_secondary_ecl_depth
#   datatype: float32
#   unit: mag
#   description: "Secondary eclipse: depth"
#   meta:
#     ucd: src.var.amplitude
# - 
#   name: derived_secondary_ecl_depth_error
#   datatype: float32
#   unit: mag
#   description: "Secondary eclipse: uncertainty of \\texttt{derivedSecondaryEclDepth}"
#   meta:
#     ucd: stat.error;src.var.amplitude
solution_id,source_id,global_ranking,reference_time,frequency,frequency_error,geom_model_reference_level,geom_model_reference_level_error,geom_model_gaussian1_phase,geom_model_gaussian1_phase_error,geom_model_gaussian1_sigma,geom_model_gaussian1_sigma_error,geom_model_gaussian1_depth,geom_model_gaussian1_depth_error,geom_model_gaussian2_phase,geom_model_gaussian2_phase_error,geom_model_gaussian2_sigma,geom_model_gaussian2_sigma_error,geom_model_gaussian2_depth,geom_model_gaussian2_depth_error,geom_model_cosine_half_period_amplitude,geom_model_cosine_half_period_amplitude_error,geom_model_cosine_half_period_phase,geom_model_cosine_half_period_phase_error,model_type,num_model_parameters,reduced_chi2,derived_primary_ecl_phase,derived_primary_ecl_phase_error,derived_primary_ecl_duration,derived_primary_ecl_duration_error,derived_primary_ecl_depth,derived_primary_ecl_depth_error,derived_secondary_ecl_phase,derived_secondary_ecl_phase_error,derived_secondary_ecl_duration,derived_secondary_ecl_duration_error,derived_secondary_ecl_depth,derived_secondary_ecl_depth_error
[from data line 525]
375316653866487564,6028994439786783232,0.4616126,2284.0786113934187,3.2892333596134864,7.0308575E-5,18.069515,0.0085569,0.39330062,0.022510035,0.10536357,0.023825191,0.17599426,0.026428562,0.62043303,0.026060136,0.06731488,0.02153277,0.102812655,0.035070978,null,null,null,null,"TWOGAUSSIANS",8,11.256058,0.39446065,0.021684892,0.4,0.0,0.17633781,0.02648661,0.62043303,0.026060136,0.37696335,0.103769146,0.120034344,0.028810706
375316653866487564,6028994615927974528,0.43119812,2270.9680432463333,0.46865671455366664,2.6779102E-5,19.295359,0.013832258,0.3059952,0.0373539,0.027261809,0.03762587,0.089619756,0.034225184,0.67338204,0.016004307,0.019528965,0.019946769,0.20601161,0.32405645,null,null,null,null,"TWOGAUSSIANS",8,5.1418605,0.67338204,0.016004307,0.1093622,0.111701906,0.20601161,0.32405645,0.3059952,0.0373539,0.15266612,0.21070488,0.089619756,0.034225184
375316653866487564,6028994719007588096,0.5087163,2281.4897029325407,2.7030200364417825,2.49324E-5,18.92003,0.017961966,0.29297736,0.0037409114,0.082048684,0.0064832685,0.3396654,0.0171475,0.80608237,0.0089938175,0.08990603,0.011112214,0.3304418,0.02562354,null,null,null,null,"TWOGAUSSIANS",8,4.95339,0.29297736,0.0037409114,0.4,0.0,0.33187065,0.014399786,0.80608237,0.0089938175,0.4,0.0,0.32264686,0.023956561
375316653866487564,6028995474922760832,0.5272011,2255.9752823241324,1.7450035696891049,2.6307238E-5,19.438168,0.011047811,0.26769271,0.01287315,0.067226596,0.012476069,0.17101559,0.015516694,0.7479715,0.018332776,0.042744555,0.029594272,0.758184,0.4691484,null,null,null,null,"TWOGAUSSIANS",8,1.7977293,0.7479715,0.018332776,0.23936951,0.16572793,0.7581758,0.46983442,0.26769271,0.01287315,0.37646896,0.058197677,0.17100736,0.015243092
375316653866487564,6028995578001316736,0.45787486,2267.9134899311857,1.4755940841816482,3.900796E-5,17.979326,0.012539497,0.24116921,0.0062633744,0.07750477,0.009419794,0.17492446,0.014982265,0.7478919,0.013750867,0.08390524,0.026574336,0.13521224,0.016678054,null,null,null,null,"TWOGAUSSIANS",8,14.986624,0.24116921,0.0062633744,0.4,0.0,0.1727133,0.013213541,0.7478919,0.013750867,0.4,0.029954264,0.13300107,0.017164601
375316653866487564,6028995882920585600,0.44464612,2289.874155562886,2.1838999845367715,3.7024398E-5,18.84074,0.0066680457,0.2407188,0.0074148704,0.013329085,0.008182288,0.08792714,0.03834944,0.63805205,0.05207469,0.033216167,0.031514093,0.09963557,0.1789099,0.06499984,0.011983518,0.2407188,0.0074148704,"TWOGAUSSIANS_WITH_ELLIPSOIDAL_ON_ECLIPSE1",9,8.385593,0.2407188,0.0074148704,0.074642874,0.045820817,0.21792644,0.040413238,0.64671206,0.043327626,0.18601052,0.17647892,0.18598616,0.18151106
375316653866487564,6028995917256087808,0.5169753,2293.2290738802617,2.056204601128921,1.4656948E-5,18.330946,0.007250044,0.2426387,0.004799484,0.07934187,0.01056905,0.1731836,0.021801146,0.7459497,0.0047160243,0.07769499,0.006982927,0.2086096,0.018745806,null,null,null,null,"TWOGAUSSIANS",8,2.5464375,0.7459497,0.0047160243,0.4,0.0,0.20637764,0.019089527,0.2426387,0.004799484,0.4,0.0,0.17095165,0.02283311
375316653866487564,6028996054695187584,0.64141995,2285.3910779424627,2.7723158961297574,4.232126E-6,14.521041,0.006083316,0.20454314,0.0022167456,0.04828254,0.0044531366,0.17417648,0.017878471,0.6998055,9.147496E-4,0.051436055,0.003983979,0.19235662,0.011653235,0.09953459,0.0075879097,0.6998055,9.147496E-4,"TWOGAUSSIANS_WITH_ELLIPSOIDAL_ON_ECLIPSE2",9,41.546154,0.6998055,9.147496E-4,0.2880419,0.022310283,0.39142406,0.008812148,0.20372315,0.0017658256,0.27038223,0.024937566,0.37309822,0.016982075
375316653866487564,6028996436995951360,0.51511,2282.9293933719955,2.2693219513212757,2.662942E-5,19.476673,0.024569098,0.22520067,0.009429161,0.07764644,0.011575357,0.49246004,0.059330177,0.7387915,0.0085439645,0.071972154,0.011513002,0.37272823,0.05531119,null,null,null,null,"TWOGAUSSIANS",8,4.790241,0.22520067,0.009429161,0.4,0.0,0.49008295,0.059076965,0.7387915,0.0085439645,0.4,0.038553443,0.37035114,0.05573961
375316653866487564,6028996471414771840,0.5989099,2277.7989731282546,2.6349836374197193,1.19877395E-5,17.992664,0.02156383,0.2376681,0.0029391365,0.03897112,0.009594588,0.30045173,0.051059008,0.7348247,0.0037437042,0.052557837,0.0069892635,0.4207776,0.070829086,0.13619119,0.028714946,0.2376681,0.0029391365,"TWOGAUSSIANS_WITH_ELLIPSOIDAL_ON_ECLIPSE1",9,8.543598,0.7351747,0.003169676,0.2943239,0.039139874,0.6930788,0.058394134,0.2376681,0.0029391365,0.21823826,0.05372969,0.5728291,0.030898983
375316653866487564,6028996574434873472,0.45149937,2297.1714878044086,0.0398919770729926,8.9570894E-5,19.517633,0.019668626,0.33975878,0.060488187,0.06645576,0.06629595,0.3878681,0.12440033,0.725505,0.0026152877,0.009177863,0.008394792,0.16100796,0.039090935,null,null,null,null,"TWOGAUSSIANS",8,5.586818,0.33975878,0.060488187,0.37215227,0.0639165,0.3878681,0.124296024,0.725505,0.0026152877,0.051396035,0.04701083,0.16100799,0.039280977
375316653866487564,6028996844966142208,0.58663255,2300.583059591177,1.3361482741899124,9.797893E-6,17.00571,0.018286856,0.27449968,0.0027838976,0.112017445,0.00834991,0.2493874,0.0171839,0.7713589,0.002505996,0.103169054,0.0068274173,0.2739899,0.017319666,null,null,null,null,"TWOGAUSSIANS",8,5.8078685,0.7713589,0.002505996,0.4,0.0,0.24015832,0.0065806406,0.27449968,0.0027838976,0.4,0.0,0.21553653,0.006635615
375316653866487564,6028996918032117376,0.49475247,2334.9749671917893,1.7689354928131578,1.3432078E-5,19.574032,0.01042336,0.123520866,1.04333805E-4,0.005651558,3.9973293E-4,0.19733822,0.02209352,0.6119795,0.007778866,0.05671691,0.016231732,0.28175336,0.024927786,null,null,null,null,"TWOGAUSSIANS",8,1.201895,0.6119795,0.007778866,0.3176147,0.083539374,0.28175336,0.024927786,0.123520866,1.04333805E-4,0.031648725,0.0022385044,0.19733822,0.02209352
375316653866487564,6028997570926597376,0.5218904,2254.376765077358,2.5674928651523397,1.51048025E-5,19.464815,0.010590797,0.16394992,0.0043430226,0.06495792,0.0051911273,0.4566518,0.05523529,0.67418617,0.006345795,0.07706547,0.00960991,0.36170298,0.025377568,null,null,null,null,"TWOGAUSSIANS",8,2.893698,0.16394992,0.0043430226,0.36376435,0.029070314,0.4553909,0.055626616,0.67418617,0.006345795,0.4,0.012470523,0.36044204,0.025780449
375316653866487564,6028997669636631424,0.4480415,2259.403434534565,0.10004878759513298,3.512175E-5,19.613768,0.016834788,0.13847783,0.00600946,0.020659141,0.006459859,0.08215365,0.018229393,0.4528008,0.019359369,0.11230413,0.023285713,0.23667273,0.032348786,null,null,null,null,"TWOGAUSSIANS",8,3.7946067,0.4528008,0.019359369,0.4,0.0,0.23664925,0.032434154,0.13909784,0.0057976483,0.115691185,0.03617521,0.086877376,0.017709946
375316653866487564,6028997708307267840,0.504196,2295.087750363503,3.4450642098558415,1.8750383E-5,19.525938,0.018411849,0.29972556,0.0056800735,0.07170759,0.0058841254,0.4895666,0.055268068,0.79251826,0.005790317,0.073200345,0.00922205,0.42180243,0.042105593,null,null,null,null,"TWOGAUSSIANS",8,3.8078647,0.29972556,0.0056800735,0.4,0.01941651,0.48758206,0.05565523,0.79251826,0.005790317,0.4,0.012307803,0.41981792,0.042784058
375316653866487564,6028997948883646592,0.46789774,2238.588996588853,0.11775841022735403,1.345983E-5,19.3912,0.3040877,0.17089143,0.009491259,0.18816029,0.1098245,0.31956172,0.29021454,0.67521334,0.006588731,0.11717572,0.025660833,0.37506098,0.2134591,null,null,null,null,"TWOGAUSSIANS",8,2.4754126,0.67578334,0.0063796,0.4,0.0,0.22871518,0.017566951,0.17084144,0.009483916,0.4,0.0,0.15454952,0.04555411
375316653866487564,6028997983184884480,0.4211217,2282.713738087137,0.658183931115199,5.8839953E-5,18.005856,0.005362409,null,null,null,null,null,null,null,null,null,null,null,null,0.060376674,0.0068357335,0.18759426,0.010006554,"ELLIPSOIDAL",4,23.305716,null,null,null,null,null,null,null,null,null,null,null,null
375316653866487564,6028998292421435264,0.46272305,2298.4847306838724,3.276252952880053,2.9124207E-5,19.743914,0.04336025,0.33355194,0.01272351,0.11665104,0.024533924,0.2335285,0.054783642,0.82659525,0.005246139,0.09090439,0.018963203,0.26212987,0.03360838,null,null,null,null,"TWOGAUSSIANS",8,2.5502079,0.82659525,0.005246139,0.4,0.0,0.23756896,0.03500348,0.33355194,0.012723113,0.4,0.0,0.20891841,0.05019552
375316653866487564,6028998459912068992,0.510533,2284.385806132979,1.0075840891797458,3.2582102E-5,18.472134,0.0067719896,0.23701438,0.0037803445,0.05917021,0.0068637505,0.2708446,0.029036056,0.7401488,0.030503666,0.0792973,0.039529312,0.087584876,0.039543115,null,null,null,null,"TWOGAUSSIANS",8,5.2104144,0.23701438,0.0037803445,0.33135316,0.038437,0.2704707,0.029225167,0.7401488,0.030503666,0.4,0.16179122,0.087210976,0.039861437
375316653866487564,6028998567299758080,0.5327601,2287.2822427185474,1.7995735483562951,9.674809E-6,18.004187,0.0046497635,0.20489769,0.0034761666,0.07983505,0.004410903,0.16690439,0.0069848555,0.7092204,0.0017971226,0.08835232,0.0028656854,0.20053028,0.0055540996,null,null,null,null,"TWOGAUSSIANS",8,2.2931542,0.7092204,0.0017971226,0.4,0.0,0.1964344,0.0049957973,0.20489769,0.0034761666,0.4,0.0,0.16280855,0.006741099
375316653866487564,6028998734758684544,0.47598308,2301.2140770090314,2.2961526707406237,9.857747E-6,18.549465,0.0066217277,0.45929906,0.08389615,0.05626153,0.087002546,0.03467274,0.039996307,0.6628641,0.0074427123,0.037227523,0.008148655,0.20381963,0.03316888,null,null,null,null,"TWOGAUSSIANS",8,4.9501653,0.6628641,0.0074427123,0.20847413,0.04563247,0.20386943,0.03326498,0.45929906,0.08406917,0.31506455,0.27029273,0.034672808,0.039998554
375316653866487564,6028998807877283584,0.5481141,2294.003809878068,2.199364833052205,1.9580393E-5,18.705414,0.014780217,0.24523851,0.0045248424,0.08203453,0.006951987,0.41955805,0.022747763,0.74239457,0.0038327351,0.09278236,0.005646202,0.3654828,0.017999044,null,null,null,null,"TWOGAUSSIANS",8,4.7261453,0.24523851,0.0045248424,0.4,0.0,0.40713933,0.021861598,0.74239457,0.0038327351,0.4,0.0,0.35306373,0.016101746
375316653866487564,6028999013976224128,0.49158496,2269.568366078984,1.3478033707124346,2.126739E-5,19.542278,0.018325806,0.44472405,0.0053253057,0.046491668,0.004435728,0.67751825,0.08149898,0.77446944,0.004608678,0.051182408,0.006912271,0.4913682,0.075458996,null,null,null,null,"TWOGAUSSIANS",8,5.1574507,0.44472405,0.0053253057,0.26035333,0.024840077,0.67751825,0.08149898,0.77446944,0.004608678,0.28662148,0.03870872,0.4913682,0.075458996
375316653866487564,6028999048336097408,0.45876125,2274.430954242899,0.4280328716380116,4.5024848E-5,19.018711,0.0076449406,0.26070198,0.006009479,0.017237145,0.0019287026,0.43698558,0.11902607,0.55583835,0.040654473,0.11241811,0.073050216,0.04252461,0.011954425,null,null,null,null,"TWOGAUSSIANS",8,1.8401926,0.26072198,0.0060064457,0.09652801,0.010800734,0.4383367,0.11862344,0.55583835,0.040654473,0.4,0.0,0.042520303,0.011945093
375316653866487564,6028999834301660032,0.42755732,2273.5422706817253,0.7569199329888001,3.551845E-5,18.919933,0.0068391245,0.29549372,0.009578761,0.05345011,0.008497726,0.16198212,0.042595726,0.6367882,0.010966853,0.031121606,0.010417487,0.10899459,0.051519323,null,null,null,null,"TWOGAUSSIANS",8,5.260159,0.29549372,0.009578761,0.29932064,0.047587268,0.16198212,0.042595726,0.6367882,0.010966853,0.174281,0.058337923,0.10899459,0.051519323
375316653866487564,6028999872970883072,0.50925845,2285.020547639976,2.514616606486579,1.7581333E-5,18.513113,0.018791538,0.2838118,0.0052259685,0.1033378,0.014007095,0.19029842,0.016368506,0.7827736,0.008217003,0.09521588,0.0134753855,0.19037318,0.023238473,null,null,null,null,"TWOGAUSSIANS",8,2.54626,0.7827736,0.008217003,0.4,0.0,0.17462283,0.01936943,0.2838118,0.0052259685,0.4,0.0,0.17454532,0.008381082
375316653866487564,6028999941748462848,0.47829983,2305.590604783478,2.443041220316336,2.9085675E-5,17.373392,0.020232115,0.2733999,0.006124572,0.08697478,0.014863755,0.24103692,0.016215842,0.7729907,0.0056530773,0.104926534,0.010051645,0.24852844,0.023307523,null,null,null,null,"TWOGAUSSIANS",8,15.845147,0.7729907,0.0056530773,0.4,0.0,0.23224662,0.017780855,0.2733999,0.006124572,0.4,0.0,0.2247609,0.014333674
375316653866487564,6028999971709405824,0.50378203,2270.521875894272,1.6133405448311806,1.810695E-5,16.905785,0.00457091,0.30442944,0.014239305,0.06807564,0.013623801,0.09389619,0.007934363,0.812335,0.003953531,0.06803422,0.007322656,0.12519653,0.009531911,null,null,null,null,"TWOGAUSSIANS",8,7.360111,0.812335,0.003953531,0.3809916,0.040394362,0.12499138,0.009644725,0.30442944,0.014239305,0.3812236,0.05909608,0.093691036,0.007924949
375316653866487564,6029000109144722816,0.48249388,2306.495071569169,0.40120690086592153,5.2937725E-5,18.128237,0.002617529,0.28106382,0.006458956,0.043478422,0.017106932,0.46165305,0.3603358,0.5743615,0.011815113,0.04740616,0.013470417,0.022379946,0.016658615,null,null,null,null,"TWOGAUSSIANS",8,1.4349157,0.28106382,0.006458956,0.24347915,0.09579881,0.46165305,0.3603358,0.5743615,0.011815113,0.2654745,0.075434335,0.022379946,0.016658653
375316653866487564,6029000113488511232,0.5455099,2279.6946385491738,3.075943056278595,1.2680937E-5,18.87886,0.09832169,0.27152088,0.005462102,0.11777093,0.023074262,0.43314907,0.088089645,0.7832104,0.006146534,0.10764782,0.024071937,0.44905964,0.06881244,null,null,null,null,"TWOGAUSSIANS",8,2.9430628,0.7832504,0.0060641477,0.4,0.0,0.38224295,0.041792884,0.27151087,0.0054665483,0.4,0.0,0.36623865,0.026639815
375316653866487564,6029000216568085120,0.4499981,2240.983236425626,1.908204897185024,2.8154323E-5,18.071632,0.0036771619,0.56717,0.039538465,0.030795543,0.022724008,0.1181927,0.058682345,0.74090284,0.010671639,0.025749063,0.014063268,0.0989075,0.046119586,0.012340515,0.0049039847,0.74090284,0.010671639,"TWOGAUSSIANS_WITH_ELLIPSOIDAL_ON_ECLIPSE2",9,2.7629375,0.74090284,0.010671639,0.14419475,0.078754306,0.12358854,0.04420413,0.5682,0.04050053,0.17245504,0.12725444,0.123504736,0.06212855
375316653866487564,6029000384057541376,0.5679588,2287.582023200955,3.5915165831034774,2.548679E-5,18.404675,0.010292485,0.26182666,0.0038550233,0.08279575,0.0050080465,0.34807166,0.018457016,0.7769784,0.002984209,0.08053337,0.007954219,0.30053085,0.02333694,null,null,null,null,"TWOGAUSSIANS",8,3.1490703,0.26182666,0.0038550233,0.4,0.0,0.34359542,0.01817371,0.7769784,0.002984209,0.4,0.0,0.29605463,0.025238952
375316653866487564,6029000594584536576,0.65190643,2268.642792922662,0.6903581055884119,6.258444E-6,17.569956,0.005277069,0.34020898,8.0224744E-4,0.042159233,0.0011943957,0.67972803,0.01790965,0.83497804,0.0081555275,0.03969734,0.005475658,0.10894247,0.01272385,0.026524607,0.006671171,0.34020898,8.0224744E-4,"TWOGAUSSIANS_WITH_ELLIPSOIDAL_ON_ECLIPSE1",9,4.342067,0.34020898,8.0224744E-4,0.2360917,0.0066886162,0.7327772,0.017270675,0.83527803,0.007833055,0.22230512,0.030663684,0.16193762,0.0062528057
375316653866487564,6029000624536904960,0.47416988,2256.6612821935432,2.494310746033843,3.969173E-5,18.360582,1.1395285,0.25306264,0.0065811435,0.21954279,0.17162272,0.8034378,1.1233746,0.7586071,0.003748821,0.13305674,0.043534614,0.72344816,0.6741111,null,null,null,null,"TWOGAUSSIANS",8,6.5201783,0.7605071,0.0026491638,0.4,0.0,0.3125424,0.025553022,0.25273263,0.0062360507,0.4,0.0,0.27348664,0.024190573
375316653866487564,6029000835046848768,0.47890195,2245.452124284138,3.4532357751281793,2.4676254E-5,19.385784,0.01990419,0.30880177,0.0038174437,0.09358504,0.012578616,0.22762994,0.014715124,0.8194185,0.0083968155,0.0760514,0.013955415,0.23337188,0.037218057,null,null,null,null,"TWOGAUSSIANS",8,2.5049765,0.8194185,0.0083968155,0.4,0.013080703,0.22844064,0.038857292,0.30880177,0.0038174437,0.4,0.0,0.22269838,0.0107100345
