Gaia/vari_eclipsing_binary/VariEclipsingBinary_391120-391425.csv
# %ECSV 1.0
# ---
# delimiter: ','
# meta: !!omap
# - RELEASE: Gaia DR3
# - TABLE: vari_eclipsing_binary
# - DESCRIPTION: >
#     This table describes the properties of the eclipsing binaries resulting from the variability analysis. 
# - CITATION: >
#     How to cite and acknowledge Gaia: 
#     https://gea.esac.esa.int/archive/documentation/credits.html 
# - KNOWN_ISSUES: >
#     Known issues: 
#     https://www.cosmos.esa.int/web/gaia-users/known-issues 
# - DOCUMENTATION: >
#     Tutorials and documentation: 
#     https://www.cosmos.esa.int/web/gaia-users/archive 
# datatype:
# - 
#   name: solution_id
#   datatype: int64
#   description: Solution Identifier
#   meta:
#     ucd: meta.version
# - 
#   name: source_id
#   datatype: int64
#   description: Unique source identifier
#   meta:
#     ucd: meta.id;meta.main
# - 
#   name: global_ranking
#   datatype: float32
#   description: Number between 0 (worst) and 1 (best)
#   meta:
#     ucd: stat.param
# - 
#   name: reference_time
#   datatype: float64
#   unit: d
#   description: Reference time used for the geometric model fit
#   meta:
#     ucd: time.epoch
# - 
#   name: frequency
#   datatype: float64
#   unit: d**-1
#   description: Frequency of geometric model of the eclipsing binary light curve
#   meta:
#     ucd: src.orbital
# - 
#   name: frequency_error
#   datatype: float32
#   unit: d**-1
#   description: "Uncertainty of \\texttt{frequency}"
#   meta:
#     ucd: stat.error
# - 
#   name: geom_model_reference_level
#   datatype: float32
#   unit: mag
#   description: Magnitude reference level of geometric model
#   meta:
#     ucd: phot.mag;em.opt
# - 
#   name: geom_model_reference_level_error
#   datatype: float32
#   unit: mag
#   description: "Uncertainty of \\texttt{geomModelReferenceLevel}"
#   meta:
#     ucd: stat.error;phot.mag;em.opt
# - 
#   name: geom_model_gaussian1_phase
#   datatype: float32
#   description: Phase of the Gaussian 1 component
#   meta:
#     ucd: time.phase
# - 
#   name: geom_model_gaussian1_phase_error
#   datatype: float32
#   description: "Uncertainty of \\texttt{geomModelGaussian1Phase}"
#   meta:
#     ucd: stat.error;time.phase
# - 
#   name: geom_model_gaussian1_sigma
#   datatype: float32
#   description: "Standard deviation [phase] of Gaussian 1 component"
#   meta:
#     ucd: stat.stdev
# - 
#   name: geom_model_gaussian1_sigma_error
#   datatype: float32
#   description: "Uncertainty of \\texttt{geomModelGaussian1Sigma}"
#   meta:
#     ucd: stat.error
# - 
#   name: geom_model_gaussian1_depth
#   datatype: float32
#   unit: mag
#   description: Magnitude depth of Gaussian 1 component
#   meta:
#     ucd: src.var.amplitude
# - 
#   name: geom_model_gaussian1_depth_error
#   datatype: float32
#   unit: mag
#   description: "Uncertainty of \\texttt{geomModelGaussian1Depth}"
#   meta:
#     ucd: stat.error;src.var.amplitude
# - 
#   name: geom_model_gaussian2_phase
#   datatype: float32
#   description: Phase of Gaussian 2 component
#   meta:
#     ucd: time.phase
# - 
#   name: geom_model_gaussian2_phase_error
#   datatype: float32
#   description: "Uncertainty of \\texttt{geomModelGaussian2Phase}"
#   meta:
#     ucd: stat.error;time.phase
# - 
#   name: geom_model_gaussian2_sigma
#   datatype: float32
[...]
#   datatype: float32
#   description: "Secondary eclipse: uncertainty of \\texttt{derivedSecondaryEclDuration}"
#   meta:
#     ucd: stat.error;time.duration
# - 
#   name: derived_secondary_ecl_depth
#   datatype: float32
#   unit: mag
#   description: "Secondary eclipse: depth"
#   meta:
#     ucd: src.var.amplitude
# - 
#   name: derived_secondary_ecl_depth_error
#   datatype: float32
#   unit: mag
#   description: "Secondary eclipse: uncertainty of \\texttt{derivedSecondaryEclDepth}"
#   meta:
#     ucd: stat.error;src.var.amplitude
solution_id,source_id,global_ranking,reference_time,frequency,frequency_error,geom_model_reference_level,geom_model_reference_level_error,geom_model_gaussian1_phase,geom_model_gaussian1_phase_error,geom_model_gaussian1_sigma,geom_model_gaussian1_sigma_error,geom_model_gaussian1_depth,geom_model_gaussian1_depth_error,geom_model_gaussian2_phase,geom_model_gaussian2_phase_error,geom_model_gaussian2_sigma,geom_model_gaussian2_sigma_error,geom_model_gaussian2_depth,geom_model_gaussian2_depth_error,geom_model_cosine_half_period_amplitude,geom_model_cosine_half_period_amplitude_error,geom_model_cosine_half_period_phase,geom_model_cosine_half_period_phase_error,model_type,num_model_parameters,reduced_chi2,derived_primary_ecl_phase,derived_primary_ecl_phase_error,derived_primary_ecl_duration,derived_primary_ecl_duration_error,derived_primary_ecl_depth,derived_primary_ecl_depth_error,derived_secondary_ecl_phase,derived_secondary_ecl_phase_error,derived_secondary_ecl_duration,derived_secondary_ecl_duration_error,derived_secondary_ecl_depth,derived_secondary_ecl_depth_error
[from data line 219]
375316653866487564,3441025890866371072,0.5438858,2481.4882441056793,1.254955941312854,4.0061545E-6,19.432415,0.0069936523,0.13421948,0.0017405641,0.038987957,0.001969062,0.58930796,0.023612007,0.63253707,0.0054068035,0.04264642,0.009158048,0.45190355,0.055196054,null,null,null,null,"TWOGAUSSIANS",8,3.3075216,0.13421948,0.0017405641,0.21833254,0.0110267475,0.58930796,0.023611998,0.63253707,0.0054068035,0.23881994,0.051285066,0.45190355,0.055196155
375316653866487564,3441031869463661568,0.61440706,2289.5792950105783,0.5730115870365778,9.2203645E-6,14.650921,0.0034849131,0.3749609,8.728865E-5,0.01636599,0.0010774399,0.40892518,0.08046626,0.66474605,7.114132E-8,0.013914729,4.4574375E-5,1.405201,6.778733E-4,null,null,null,null,"TWOGAUSSIANS",8,176.90587,0.66474605,7.114132E-8,0.07792248,2.496165E-4,1.405201,6.778733E-4,0.3749609,8.728865E-5,0.09164954,0.0060336636,0.40892518,0.08046626
375316653866487564,3441032930318180224,0.5130431,2267.418352002903,0.24327097269337053,1.0889385E-6,17.009476,0.0026696206,0.93932104,1.0940755E-5,0.0048853103,2.9167006E-5,0.8037453,1.4920083E-4,null,null,null,null,null,null,null,null,null,null,"ONEGAUSSIAN",5,17.024998,0.93932104,1.0940755E-5,0.027357737,1.6333524E-4,0.8037453,0.0,null,null,null,null,null,null
375316653866487564,3441033205196107136,0.593187,2284.8924885724637,2.2301218074472007,6.031037E-6,18.715014,0.009552028,0.22367854,0.0051472597,0.07474154,0.008806759,0.50831723,0.20412688,0.74010897,0.0016095303,0.07429532,0.0031974516,0.48612618,0.023010183,null,null,null,null,"TWOGAUSSIANS",8,1.8118148,0.22367854,0.0051472597,0.4,0.012913418,0.5058611,0.20521475,0.74010897,0.0016095303,0.4,0.0,0.48367006,0.023396078
375316653866487564,3441036061351741824,0.6407087,2293.1343072816553,1.3711013167878299,7.845123E-6,13.89677,0.0014026677,0.24654873,0.0011312881,0.050341513,0.0020952178,0.23818742,0.026948405,0.7596398,0.076372966,0.039152354,0.035923976,0.041897018,0.20997596,0.05528469,0.0020889917,0.24654873,0.0011312881,"TWOGAUSSIANS_WITH_ELLIPSOIDAL_ON_ECLIPSE1",9,20.287382,0.24654873,0.0011312881,0.28191248,0.01173322,0.34875572,0.027358392,0.7596398,0.076372966,0.21925318,0.20117426,0.15171894,0.20936097
375316653866487564,3441043238240001024,0.52132607,2256.606815631827,3.577505484020347,1.0452737E-5,19.551868,0.024670554,0.28369462,0.011178419,0.07095242,0.015564348,0.51406574,0.11458523,0.78961957,0.0048055747,0.07572093,0.009360558,0.4662203,0.030804014,null,null,null,null,"TWOGAUSSIANS",8,3.673213,0.28369462,0.011178419,0.39733356,0.029405793,0.5115177,0.117717564,0.78961957,0.0048055747,0.4,0.0,0.46367222,0.03002216
375316653866487564,3441045441560269568,0.52905256,2245.1467895407086,0.0774248082452815,4.214782E-5,17.103767,0.0015422356,0.3916396,0.014432887,0.045331296,0.013163248,0.049449623,0.016196225,0.7834871,0.0057031447,0.024703244,0.027049793,0.2283218,1.1526797,null,null,null,null,"TWOGAUSSIANS",8,2.027556,0.7834871,0.0057031447,0.13833816,0.15147884,0.2283218,1.1526797,0.3916396,0.014432887,0.25385526,0.07371419,0.049449623,0.016196225
375316653866487564,3441046060036251648,0.5222947,2184.006186133394,3.5744245406174135,3.816473E-5,17.22116,0.07114225,0.29102558,0.0065182904,0.1006771,0.029755889,0.32134044,0.045185227,0.78825617,0.04129961,0.089755654,0.0437717,0.33605918,0.0884115,null,null,null,null,"TWOGAUSSIANS",8,4.7321076,0.78825617,0.04129961,0.4,0.10120962,0.315987,0.060979035,0.29102558,0.006516599,0.4,0.0,0.3012655,0.029414438
375316653866487564,3441048701438670208,0.50213605,2311.074513966492,2.6146322823528867,2.2828148E-5,18.831953,0.05745179,0.20961635,0.009282745,0.11038388,0.02660815,0.19834119,0.051195264,0.7249591,0.004506612,0.13093783,0.0290995,0.20233883,0.05215684,null,null,null,null,"TWOGAUSSIANS",8,1.0220463,0.72498906,0.0044532437,0.4,0.0,0.16152725,0.010647773,0.20940636,0.009245716,0.4,0.0,0.15781526,0.016683614
375316653866487564,3441050488144673536,0.6680699,2238.8506128065437,0.5186347370263492,1.5009069E-5,17.549173,0.0032260835,0.20832488,0.00188577,0.024684858,0.0011875278,0.85482734,0.051005356,0.71036875,0.010480277,0.028170697,0.0071659363,0.10880866,0.025296777,0.029392201,0.0057049617,0.20832488,0.00188577,"TWOGAUSSIANS_WITH_ELLIPSOIDAL_ON_ECLIPSE1",9,5.4911685,0.20832488,0.00188577,0.13823521,0.0066501554,0.9136117,0.05095944,0.71036875,0.010480277,0.15775591,0.040129244,0.16758332,0.025220271
375316653866487564,3441057806769392384,0.51619995,2278.150254292517,3.1015403354584103,2.2401384E-5,18.415794,0.010335139,0.2676373,0.006968817,0.062565245,0.006113756,0.538494,0.059588097,0.78445816,0.008680163,0.07226257,0.010491169,0.1697477,0.046414748,null,null,null,null,"TWOGAUSSIANS",8,10.406022,0.2676373,0.006968817,0.35036537,0.034237035,0.5381266,0.059724323,0.78445816,0.008680163,0.4,0.038473774,0.16938028,0.04656189
375316653866487564,3441074612976081024,0.59294283,2323.8047175471406,0.7882606517744895,9.892291E-6,17.990973,0.0010565748,0.31034032,0.027622806,0.05257725,0.032546353,0.095134586,25318.557,0.79724365,4.358897E-4,0.021181375,2.2196084E-4,0.3732042,0.00337872,null,null,null,null,"TWOGAUSSIANS",8,1.1083441,0.79724365,4.358897E-4,0.1186157,0.0012429807,0.3732042,0.00337872,0.31034032,0.027622806,0.29443258,0.18225957,0.095134586,25318.557
375316653866487564,3441074952279228032,0.6209719,2302.5947150548836,1.1946790977602486,7.1700574E-6,16.584402,0.015057957,0.21806012,0.0017913027,0.083393276,0.0040848674,0.4252352,0.014245791,0.728634,0.005915407,0.09367233,0.008244941,0.36075652,0.01654773,null,null,null,null,"TWOGAUSSIANS",8,13.971484,0.21806012,0.0017913027,0.4,0.0,0.4130727,0.010949366,0.728634,0.005915407,0.4,0.0,0.34859347,0.012343491
375316653866487564,3441082339623317376,0.61701626,2317.2066289821687,2.333601912479215,5.692855E-6,16.886215,0.009747268,0.18968867,0.0029942386,0.043042287,0.0032494,0.6238338,0.0448874,0.6910918,9.859151E-4,0.040899467,0.0017240556,0.682309,0.028922454,0.086075954,0.018349905,0.18968867,0.0029942386,"TWOGAUSSIANS_WITH_ELLIPSOIDAL_ON_ECLIPSE1",9,26.689207,0.6910918,9.793382E-4,0.22903702,0.009654711,0.854447,0.02485896,0.18968867,0.0029942386,0.2410368,0.01819664,0.7959852,0.037146416
375316653866487564,3441089795686477824,0.6236016,2249.2860990022627,3.264948749946514,6.4990318E-6,17.474892,0.006264779,0.21222153,0.0017590808,0.071109526,0.0019311728,0.53859586,0.02024767,0.7153656,0.0020282588,0.0700338,0.0025350738,0.5815635,0.026235908,null,null,null,null,"TWOGAUSSIANS",8,8.7831135,0.7153656,0.0020282588,0.3921893,0.014196414,0.57961637,0.026488591,0.21222153,0.0017590808,0.39821336,0.009484914,0.53664875,0.020365043
375316653866487564,3441090379802070272,0.65852195,2244.4547790438437,2.6500573661015885,1.2196692E-5,17.697912,0.018275153,0.27466655,0.004010515,0.037992403,0.012996187,0.3256334,0.11154298,0.7704193,0.0028589815,0.042380165,0.0072810506,0.30613458,0.032098576,0.14613369,0.022049552,0.27466655,0.004010515,"TWOGAUSSIANS_WITH_ELLIPSOIDAL_ON_ECLIPSE1",9,4.4914327,0.27466655,0.004010515,0.21275745,0.07277865,0.61790055,0.12480497,0.77092934,0.0025355183,0.23732892,0.040773883,0.59821844,0.026078908
375316653866487564,3441091376234518912,0.5954753,2271.799798549356,1.1410467667627393,1.132439E-5,18.088062,0.0042724875,0.25267234,0.009069479,0.03905013,0.0029640517,1.0159075,0.2121133,0.73968804,0.004113326,0.038107157,0.0055813207,0.11957056,0.008477292,null,null,null,null,"TWOGAUSSIANS",8,2.566975,0.25267234,0.009069479,0.21868072,0.016598688,1.0159075,0.2121133,0.73968804,0.004113326,0.21340008,0.031255398,0.11957056,0.008477292
375316653866487564,3441097767146094720,0.5978272,2278.965453117474,0.9241856645056403,7.7334325E-6,16.162514,0.003148384,0.34369454,0.0038785238,0.030593805,0.0030935367,0.4350755,0.020535806,null,null,null,null,null,null,null,null,null,null,"ONEGAUSSIAN",5,17.724623,0.34369454,0.0038785238,0.17132531,0.017323805,0.4350755,0.0,null,null,null,null,null,null
375316653866487564,3441102547445329024,0.5051701,2224.704785433775,1.2112088579845643,1.7745604E-5,16.458866,0.0028352423,0.32006738,0.007406266,0.079532854,0.015399467,0.025880907,0.0031950464,0.80954975,0.005873514,0.06458556,0.0065258644,0.06422117,0.003172601,null,null,null,null,"TWOGAUSSIANS",8,2.595453,0.80954975,0.005873514,0.3616791,0.03654484,0.064077266,0.003020062,0.32006738,0.007406266,0.4,0.0,0.025736999,0.0031178663
375316653866487564,3441105605462025472,0.54640925,2257.357587550312,2.594997069697958,1.9591147E-5,17.953054,0.025124699,0.2695286,0.0061449273,0.092968516,0.024955094,0.12795177,0.018706463,0.75573534,0.0077467365,0.08459849,0.013421856,0.24193639,0.029847799,null,null,null,null,"TWOGAUSSIANS",8,5.7384353,0.75573534,0.0077467365,0.4,0.0,0.23671928,0.02563336,0.2695286,0.0061449273,0.4,0.0,0.1227345,0.01201319
375316653866487564,3441109178874794368,0.480226,2293.9129077915327,0.8501043525497408,4.2163487E-5,16.539637,0.026917368,0.18258882,0.008279484,0.08833825,0.014813733,0.27922574,0.040924914,0.6891029,0.012705045,0.089038685,0.016114673,0.22520596,0.047477946,null,null,null,null,"TWOGAUSSIANS",8,105.03305,0.18258882,0.008279484,0.4,0.0,0.2707327,0.041239657,0.6891029,0.012705045,0.4,0.0,0.21671294,0.045087345
375316653866487564,3441111034300649600,0.4684938,2205.9875989367274,0.21901350385264093,2.4595429E-5,18.195616,0.007713868,0.23525403,0.0073545,0.03540048,0.011310993,0.07450455,0.01689908,0.51305395,0.0039468203,0.03679512,0.008911658,0.5317522,0.38154903,null,null,null,null,"TWOGAUSSIANS",8,8.44583,0.51305395,0.0039468203,0.20605268,0.049905285,0.5317522,0.38154903,0.23525403,0.0073545,0.19824268,0.06334156,0.07450455,0.01689908
375316653866487564,3441113194668101632,0.5655452,2261.4714175862814,2.6075292121861127,1.1916488E-5,18.040955,0.013704088,0.2799528,0.0043326453,0.076473385,0.0068240785,0.41213718,0.017353427,0.79849184,0.010399126,0.05664411,0.015374858,0.26654208,0.108960085,null,null,null,null,"TWOGAUSSIANS",8,8.686923,0.2799528,0.0043326453,0.4,0.0,0.41179374,0.017329056,0.79849184,0.010399126,0.317207,0.0850231,0.26619864,0.10957558
375316653866487564,3441113366466788352,0.6023805,2222.1310121782035,2.7814933307287406,7.521749E-6,17.577276,0.0069611813,0.28296983,0.010412336,0.07610694,0.010908201,0.2583307,0.031519596,0.7862139,0.0033139724,0.079815485,0.0030826803,0.29820773,0.015225879,null,null,null,null,"TWOGAUSSIANS",8,4.0191054,0.7862139,0.0033139724,0.4,0.0,0.2951672,0.014891891,0.28296983,0.010412336,0.4,0.02838084,0.2552902,0.032120775
375316653866487564,3441114019302063744,0.50123596,2192.8222102868413,2.425502509855488,1.3282245E-5,17.578594,0.0031627503,0.32668263,0.041537493,0.12538873,0.081157625,0.01588167,0.013437201,0.58540463,0.0013652946,0.017323129,0.0018470082,0.34803614,0.071335115,null,null,null,null,"TWOGAUSSIANS",8,5.938851,0.58540463,0.0013652946,0.097009525,0.010343246,0.34991467,0.07165916,0.32668263,0.041537493,0.4,0.16611016,0.015870474,0.013445084
375316653866487564,3441115565490702976,0.52856416,2297.239726674622,1.3341976333130547,4.3522537E-5,17.465088,0.003725835,0.30863646,0.016846543,0.057584006,0.010370629,0.085511096,0.01057744,0.79155886,0.005904354,0.055076186,0.006042929,0.07307396,0.0061553945,null,null,null,null,"TWOGAUSSIANS",8,2.4637258,0.30863646,0.016846543,0.32247046,0.05807552,0.08550687,0.010570683,0.79155886,0.005904354,0.30842665,0.0338404,0.07306974,0.006152971
375316653866487564,3441117253413251712,0.556554,2267.155490657548,1.316060627596404,1.685231E-5,16.271566,0.0026426048,0.32322,0.0040391427,0.068009526,0.007761698,0.20015039,0.07840352,0.8170565,0.0036343674,0.059976265,0.004571454,0.08791931,0.003994112,null,null,null,null,"TWOGAUSSIANS",8,4.2443714,0.32322,0.0040391427,0.38085335,0.04346551,0.20004174,0.07848243,0.8170565,0.0036343674,0.33586708,0.025600143,0.08781067,0.003975986
375316653866487564,3441118589145845248,0.42864978,2294.4087382179587,0.07727386466035795,1.2092039E-4,13.151394,0.001476136,0.29469526,0.006427593,0.09684305,0.0044517196,0.12163902,0.017769698,0.7499534,0.046184104,0.03879419,0.021395702,0.18284784,0.36667025,null,null,null,null,"TWOGAUSSIANS",8,25.672382,0.7499534,0.046184104,0.21724747,0.11981593,0.18277246,0.3667545,0.29469526,0.006427593,0.4,0.0,0.12156169,0.017763373
375316653866487564,3441120238412843904,0.67482495,2245.2654246935845,2.2479163543915943,5.6660483E-6,17.072918,0.011145582,0.25094107,0.0016481779,0.047241263,0.005238141,0.30589366,0.026169129,0.74962074,0.0047512995,0.04362133,0.010975137,0.3138252,0.27070874,0.1496628,0.013059144,0.25094107,0.0016481779,"TWOGAUSSIANS_WITH_ELLIPSOIDAL_ON_ECLIPSE1",9,6.4469647,0.7497907,0.00445623,0.24427944,0.061460767,0.6131324,0.28438285,0.25094107,0.0016481779,0.26455107,0.029333588,0.6052189,0.018956548
375316653866487564,3441120925607532672,0.4889841,2253.0651533149257,2.085667112772369,1.7489275E-4,13.068238,0.0013696701,0.3002163,0.004982658,0.016066067,0.0047012297,0.21110761,0.0102158375,0.62577134,2.1028698E-4,0.009477406,2.400719E-4,0.03444448,9.364696E-4,0.006010119,0.0017638432,0.3002163,0.004982658,"TWOGAUSSIANS_WITH_ELLIPSOIDAL_ON_ECLIPSE1",9,151.96053,0.3002163,0.004982658,0.08996998,0.026326887,0.22312784,0.010700625,0.6259313,1.777155E-4,0.05307347,0.0013444026,0.03696085,0.0012014059
375316653866487564,3441121101704050688,0.6747119,2258.925147650586,2.3471214717208384,3.0124866E-6,14.230614,0.008321508,0.18045782,0.001074339,0.105464384,0.0037676254,0.17910086,0.008161682,0.6806021,0.0012114405,0.11810399,0.005016614,0.16689293,0.008029676,null,null,null,null,"TWOGAUSSIANS",8,4.4217353,0.18045782,0.001074339,0.4,0.0,0.15095644,0.0022591096,0.6806021,0.0012114405,0.4,0.0,0.13871041,0.0019857297
375316653866487564,3441122441733793920,0.6372469,2270.079235926,3.2694143388681978,1.9355858E-4,17.080969,0.0011422891,0.20690387,7.983947E-5,0.009235869,1.5422556E-4,0.3353641,0.002501044,0.8179609,0.043392215,0.04740821,0.01859232,0.009013658,0.002652788,null,null,null,null,"TWOGAUSSIANS",8,1.0146807,0.20690387,7.983947E-5,0.05172087,8.636632E-4,0.3353641,0.002501044,0.8179609,0.043392215,0.26548594,0.104117,0.009013658,0.002652788
375316653866487564,3441129725998314240,0.690965,2246.8953011678636,0.5759022367767319,7.526524E-5,14.742578,0.0038387754,0.39954445,0.01592391,0.027364206,0.023505189,0.32732382,7.094175E32,0.9007142,5.1911676E-4,0.02138998,9.5063227E-4,0.4276629,0.015255442,0.014694329,0.0041938233,0.39954445,0.01592391,"TWOGAUSSIANS_WITH_ELLIPSOIDAL_ON_ECLIPSE1",9,17.367949,0.9007142,5.1911676E-4,0.119783886,0.0053235404,0.45704997,0.014957695,0.39954445,0.01592391,0.15323955,0.13162905,0.35671246,7.094175E32
375316653866487564,3441134433279732096,0.5296167,2257.2487784392147,3.1577538329856027,1.3990965E-5,19.69183,0.017100358,0.3777514,0.0032634193,0.068368115,0.0077782385,0.43194646,0.029763037,0.88006943,0.018236887,0.06734662,0.01093469,0.46236464,0.0628875,null,null,null,null,"TWOGAUSSIANS",8,2.2329543,0.88006943,0.018236887,0.3771411,0.032090407,0.46141762,0.06182779,0.3777514,0.0032634193,0.38286144,0.04080393,0.43099943,0.030314928
375316653866487564,3441135429714599936,0.63582015,2287.577859608354,1.0389394939087082,1.049359E-5,15.816376,0.006299855,0.66517836,0.0019910454,0.034574524,0.0018312875,0.80208427,0.037460845,null,null,null,null,null,null,0.023120562,0.008871852,0.66517836,0.0019910454,"ONEGAUSSIAN_WITH_ELLIPSOIDAL",6,45.7341,0.66517836,0.0019910454,0.19361733,0.01025521,0.84832525,0.036309674,null,null,null,null,null,null
