Gaia/vari_eclipsing_binary/VariEclipsingBinary_679725-679757.csv
# %ECSV 1.0
# ---
# delimiter: ','
# meta: !!omap
# - RELEASE: Gaia DR3
# - TABLE: vari_eclipsing_binary
# - DESCRIPTION: >
#     This table describes the properties of the eclipsing binaries resulting from the variability analysis. 
# - CITATION: >
#     How to cite and acknowledge Gaia: 
#     https://gea.esac.esa.int/archive/documentation/credits.html 
# - KNOWN_ISSUES: >
#     Known issues: 
#     https://www.cosmos.esa.int/web/gaia-users/known-issues 
# - DOCUMENTATION: >
#     Tutorials and documentation: 
#     https://www.cosmos.esa.int/web/gaia-users/archive 
# datatype:
# - 
#   name: solution_id
#   datatype: int64
#   description: Solution Identifier
#   meta:
#     ucd: meta.version
# - 
#   name: source_id
#   datatype: int64
#   description: Unique source identifier
#   meta:
#     ucd: meta.id;meta.main
# - 
#   name: global_ranking
#   datatype: float32
#   description: Number between 0 (worst) and 1 (best)
#   meta:
#     ucd: stat.param
# - 
#   name: reference_time
#   datatype: float64
#   unit: d
#   description: Reference time used for the geometric model fit
#   meta:
#     ucd: time.epoch
# - 
#   name: frequency
#   datatype: float64
#   unit: d**-1
#   description: Frequency of geometric model of the eclipsing binary light curve
#   meta:
#     ucd: src.orbital
# - 
#   name: frequency_error
#   datatype: float32
#   unit: d**-1
#   description: "Uncertainty of \\texttt{frequency}"
#   meta:
#     ucd: stat.error
# - 
#   name: geom_model_reference_level
#   datatype: float32
#   unit: mag
#   description: Magnitude reference level of geometric model
#   meta:
#     ucd: phot.mag;em.opt
# - 
#   name: geom_model_reference_level_error
#   datatype: float32
#   unit: mag
#   description: "Uncertainty of \\texttt{geomModelReferenceLevel}"
#   meta:
#     ucd: stat.error;phot.mag;em.opt
# - 
#   name: geom_model_gaussian1_phase
#   datatype: float32
#   description: Phase of the Gaussian 1 component
#   meta:
#     ucd: time.phase
# - 
#   name: geom_model_gaussian1_phase_error
#   datatype: float32
#   description: "Uncertainty of \\texttt{geomModelGaussian1Phase}"
#   meta:
#     ucd: stat.error;time.phase
# - 
#   name: geom_model_gaussian1_sigma
#   datatype: float32
#   description: "Standard deviation [phase] of Gaussian 1 component"
#   meta:
#     ucd: stat.stdev
# - 
#   name: geom_model_gaussian1_sigma_error
#   datatype: float32
#   description: "Uncertainty of \\texttt{geomModelGaussian1Sigma}"
#   meta:
#     ucd: stat.error
# - 
#   name: geom_model_gaussian1_depth
#   datatype: float32
#   unit: mag
#   description: Magnitude depth of Gaussian 1 component
#   meta:
#     ucd: src.var.amplitude
# - 
#   name: geom_model_gaussian1_depth_error
#   datatype: float32
#   unit: mag
#   description: "Uncertainty of \\texttt{geomModelGaussian1Depth}"
#   meta:
#     ucd: stat.error;src.var.amplitude
# - 
#   name: geom_model_gaussian2_phase
#   datatype: float32
#   description: Phase of Gaussian 2 component
#   meta:
#     ucd: time.phase
# - 
#   name: geom_model_gaussian2_phase_error
#   datatype: float32
#   description: "Uncertainty of \\texttt{geomModelGaussian2Phase}"
#   meta:
#     ucd: stat.error;time.phase
# - 
#   name: geom_model_gaussian2_sigma
#   datatype: float32
[...]
#   datatype: float32
#   description: "Secondary eclipse: uncertainty of \\texttt{derivedSecondaryEclDuration}"
#   meta:
#     ucd: stat.error;time.duration
# - 
#   name: derived_secondary_ecl_depth
#   datatype: float32
#   unit: mag
#   description: "Secondary eclipse: depth"
#   meta:
#     ucd: src.var.amplitude
# - 
#   name: derived_secondary_ecl_depth_error
#   datatype: float32
#   unit: mag
#   description: "Secondary eclipse: uncertainty of \\texttt{derivedSecondaryEclDepth}"
#   meta:
#     ucd: stat.error;src.var.amplitude
solution_id,source_id,global_ranking,reference_time,frequency,frequency_error,geom_model_reference_level,geom_model_reference_level_error,geom_model_gaussian1_phase,geom_model_gaussian1_phase_error,geom_model_gaussian1_sigma,geom_model_gaussian1_sigma_error,geom_model_gaussian1_depth,geom_model_gaussian1_depth_error,geom_model_gaussian2_phase,geom_model_gaussian2_phase_error,geom_model_gaussian2_sigma,geom_model_gaussian2_sigma_error,geom_model_gaussian2_depth,geom_model_gaussian2_depth_error,geom_model_cosine_half_period_amplitude,geom_model_cosine_half_period_amplitude_error,geom_model_cosine_half_period_phase,geom_model_cosine_half_period_phase_error,model_type,num_model_parameters,reduced_chi2,derived_primary_ecl_phase,derived_primary_ecl_phase_error,derived_primary_ecl_duration,derived_primary_ecl_duration_error,derived_primary_ecl_depth,derived_primary_ecl_depth_error,derived_secondary_ecl_phase,derived_secondary_ecl_phase_error,derived_secondary_ecl_duration,derived_secondary_ecl_duration_error,derived_secondary_ecl_depth,derived_secondary_ecl_depth_error
[from data line 38]
375316653866487564,5978934951043148544,0.5359818,2326.0500184023763,0.44624075078869546,1.1264984E-6,18.616909,0.002987109,0.77617675,4.7681653E-5,0.009821326,1.3206752E-4,0.4995561,0.0021109083,0.88312316,0.024010118,0.030487476,0.01507084,0.03493041,0.01407284,null,null,null,null,"TWOGAUSSIANS",8,2.3404188,0.77617675,3.0397858E-5,0.054999422,7.3957816E-4,0.49963042,0.0020586539,0.88312316,0.024010118,0.17072986,0.084396705,0.03493041,0.01407284
375316653866487564,5978935088512538496,0.5700912,2328.3067737366905,3.681515972255866,1.4803234E-5,16.334753,0.0041971477,0.27362412,0.00378836,0.07548908,0.0035712316,0.46348262,0.015483495,0.77010965,0.001273092,0.0647483,0.004174224,0.42206615,0.037964884,null,null,null,null,"TWOGAUSSIANS",8,57.75878,0.27362412,0.00378836,0.4,0.0,0.46207747,0.015537414,0.77010965,0.001273092,0.3625905,0.023375656,0.420661,0.038489543
375316653866487564,5978935397719069568,0.43458447,2297.405384036672,1.2753635192276582,6.179355E-5,19.248487,0.02263136,0.12371357,0.026557084,0.023861114,0.040567633,0.39567834,0.80909765,0.63169956,0.013738837,0.05222024,0.024722237,0.22532693,0.052913316,null,null,null,null,"TWOGAUSSIANS",8,11.011687,0.12371357,0.026557084,0.13362224,0.22717875,0.39567834,0.8091041,0.63169956,0.013738837,0.29243335,0.13844453,0.22532693,0.0529105
375316653866487564,5978935810026749824,0.43907306,2284.760365003202,1.347776606240918,6.116687E-5,19.41745,0.011340435,0.13501076,0.01281042,0.03077509,0.015109336,0.32799405,1.6806718,0.6495009,0.027111411,0.0910797,0.028541548,0.16892475,0.022394374,null,null,null,null,"TWOGAUSSIANS",8,5.3507175,0.13501076,0.01281042,0.1723405,0.08461228,0.32794762,1.6807392,0.6495009,0.027111411,0.4,0.006283362,0.16887817,0.022360196
375316653866487564,5978935844386311936,0.45736963,2315.759110610508,0.63622516896032,3.6116893E-5,18.984648,0.006727577,0.19513962,0.019635284,0.06056993,0.015877513,0.05942874,0.024570348,0.69462234,0.0049464633,0.051162932,0.0089913905,0.3444939,0.08064846,null,null,null,null,"TWOGAUSSIANS",8,3.2364566,0.69462234,0.0049464633,0.28651243,0.050351787,0.34448254,0.08066859,0.19513962,0.019635284,0.33919162,0.088914074,0.059417382,0.024572423
375316653866487564,5978936084944431360,0.6728935,2285.5122060774966,0.5219920401119781,3.2077292E-6,15.924631,0.001093279,0.21127672,4.456458E-4,0.032098927,7.841843E-4,0.4631182,0.005352146,0.71000165,0.010563968,0.031062754,0.0065097585,0.52151215,0.037189756,null,null,null,null,"TWOGAUSSIANS",8,7.5470734,0.71000165,0.010563968,0.17395142,0.036454648,0.52151215,0.037189756,0.21127672,4.456458E-4,0.179754,0.0043914323,0.4631182,0.005352146
375316653866487564,5978936119264065280,0.4802682,2285.097062843937,1.6093405897492454,1.5131429E-5,19.62982,0.008933877,0.24836995,0.006933923,0.0082927905,0.0061179735,1.5462987,2442685.2,0.7688335,0.021478824,0.039748374,0.032035384,0.58543,0.77260095,0.043991487,0.010214767,0.24836995,0.006933923,"TWOGAUSSIANS_WITH_ELLIPSOIDAL_ON_ECLIPSE1",9,2.8013976,0.24836995,0.006933923,0.046439625,0.034260653,1.6342816,2442685.2,0.7688335,0.02146061,0.2225909,0.17939815,0.67196643,0.77417403
375316653866487564,5978936119304173696,0.4726214,2283.8888665439554,2.6799287795063926,3.154756E-5,17.918634,0.02740242,0.23079957,0.004963042,0.116572514,0.019407628,0.2008536,0.021113649,0.72468835,0.005527069,0.0938301,0.013226887,0.19820958,0.025923619,null,null,null,null,"TWOGAUSSIANS",8,5.924315,0.23079957,0.004963042,0.4,0.0,0.17888044,0.012567773,0.72468835,0.005527069,0.4,0.0,0.17627777,0.012877811
375316653866487564,5978936428542323072,0.5618901,2310.24342863215,2.332682223518714,7.621733E-6,16.894157,0.0073189936,0.3069463,0.0017095121,0.08533822,0.0031473762,0.3369083,0.0107987495,0.8268096,0.0021144224,0.08467775,0.0029699078,0.3237497,0.009572469,null,null,null,null,"TWOGAUSSIANS",8,12.873067,0.3069463,0.0017095121,0.4,0.0,0.33074728,0.010581307,0.8268096,0.0021144224,0.4,0.0,0.3175887,0.009013089
375316653866487564,5978936703390641024,0.41417497,2311.942537481345,0.0660298157808159,4.487536E-5,19.062849,0.023306139,0.5524338,0.060619663,0.046773106,0.037558667,0.05670109,0.09123256,0.84287643,0.007517635,0.05654103,0.004779912,0.32932213,0.08343769,0.062182743,0.025007403,0.5524338,0.060619663,"TWOGAUSSIANS_WITH_ELLIPSOIDAL_ON_ECLIPSE1",9,3.5428345,0.8469065,0.0051587634,0.31662977,0.026767509,0.337947,0.0747012,0.5524338,0.060619663,0.2619294,0.17781629,0.18106706,0.07141138
375316653866487564,5978937489303749632,0.52453846,2298.2722709380505,2.347521716059042,3.4912824E-5,13.195416,0.34601587,0.2654812,0.0066779675,0.12350815,0.08553061,0.20658381,0.33868152,0.7584439,0.0064649084,0.1075321,0.04740861,0.20194773,0.28684902,null,null,null,null,"TWOGAUSSIANS",8,335.94412,0.2654912,0.006655686,0.4,0.0,0.16990727,0.019016042,0.7584439,0.0064649084,0.4,0.0,0.16537964,0.0070000584
375316653866487564,5978937562413690880,0.563767,2318.4058919656018,1.1955689747469453,6.7281435E-6,16.509947,0.012303816,0.20144072,0.0031615403,0.12591971,0.015837502,0.09684449,0.010310979,0.70298755,0.001665859,0.103533946,0.007248654,0.13246733,0.01134755,null,null,null,null,"TWOGAUSSIANS",8,2.5491934,0.70299757,0.0016751006,0.4,0.0,0.11234308,0.0033755766,0.20144072,0.0031615403,0.4,0.0,0.07664945,0.0038131804
375316653866487564,5978937699852723072,0.5029708,2309.795265199044,2.9867633021059454,5.3713273E-5,19.057667,0.058187447,0.2507974,0.010197416,0.0995085,0.019632358,0.39172563,0.06447099,0.73773056,0.0061099674,0.10893789,0.016147815,0.40052664,0.057321675,null,null,null,null,"TWOGAUSSIANS",8,6.547096,0.73773056,0.0061099674,0.4,0.0,0.36224782,0.023893693,0.2508074,0.010216527,0.4,0.0,0.35346818,0.057914555
375316653866487564,5978938077809858304,0.4281392,2333.4686855444284,4.291344031209748,8.439513E-5,18.367445,0.006181071,0.19311503,0.008283684,0.045124482,0.006501642,0.13767384,0.022808546,0.7616061,0.02603326,0.06654482,0.020555697,0.055719063,0.05301551,null,null,null,null,"TWOGAUSSIANS",8,6.147672,0.19311503,0.008283684,0.2526971,0.036409196,0.13767348,0.022808677,0.7616061,0.02603326,0.372651,0.10185974,0.055718694,0.053016055
375316653866487564,5978938249579470080,0.48527986,2299.407693895168,1.5261047438013846,3.395772E-5,19.297632,0.014603762,0.2630484,0.011101367,0.06934077,0.011350017,0.09688061,0.018625135,0.74357575,0.0031451345,0.05582245,0.009181974,0.37407145,0.06868279,null,null,null,null,"TWOGAUSSIANS",8,3.154824,0.74357575,0.0031451345,0.31260574,0.051419053,0.37400866,0.06881718,0.2630484,0.011101367,0.38830835,0.053426996,0.0968178,0.0185086
375316653866487564,5978938558817959296,0.45264637,2330.280873291159,4.298274073268482,7.4775E-5,19.309956,0.10777246,0.53472066,0.020762263,0.2193208,0.07268611,0.24780354,0.10689293,0.9417403,0.0649144,0.04626705,0.025368892,0.064690836,0.029230235,null,null,null,null,"TWOGAUSSIANS",8,3.8534222,0.53472066,0.020762263,0.4,0.0,0.2076303,0.018249914,0.9417403,0.0649144,0.2590955,0.1420658,0.075194,0.02103888
375316653866487564,5978938764975853824,0.45325395,2332.2890668385908,2.526890301684425,4.5003944E-5,19.451954,0.03366194,0.27244738,0.0648383,0.07093364,0.06601373,0.20271803,0.14008333,0.7702103,0.022211703,0.04036887,0.019932922,0.41243443,1.1581264,0.12825215,0.052373294,0.7702103,0.022211703,"TWOGAUSSIANS_WITH_ELLIPSOIDAL_ON_ECLIPSE2",9,25.778318,0.7702103,0.02220852,0.22606568,0.11162436,0.6685815,1.1454071,0.2716974,0.023605127,0.3972284,0.13511877,0.4588314,0.11856605
375316653866487564,5978939177293278208,0.49151564,2301.4224836152607,2.79018315122352,3.797815E-5,19.036837,0.07009485,0.24291795,0.007801565,0.097937234,0.024861949,0.33281732,0.061587133,0.74042237,0.006965795,0.1144749,0.024045983,0.28346196,0.069340825,null,null,null,null,"TWOGAUSSIANS",8,4.1208572,0.24291795,0.007860686,0.4,0.0,0.2958793,0.018031647,0.74042237,0.006965795,0.4,0.0,0.24648441,0.029200623
375316653866487564,5978939207290367104,0.527255,2306.086810283545,2.5255613223108053,2.67716E-5,17.125807,0.015091695,0.22340444,0.002813999,0.041292354,0.005069872,0.21007271,0.040410347,0.74602175,0.010037248,0.053609103,0.017661236,0.1883872,0.03768596,0.11954699,0.01777643,0.22340444,0.002813999,"TWOGAUSSIANS_WITH_ELLIPSOIDAL_ON_ECLIPSE1",9,30.079473,0.22340444,0.002813999,0.23123719,0.028391283,0.44916618,0.0194171,0.74602175,0.010037248,0.30021098,0.09890292,0.4226846,0.038468126
375316653866487564,5978939520891618048,0.55002487,2341.883164859533,2.1304061111785173,3.44625E-5,19.236412,0.017808082,0.24394992,0.0068602087,0.09008052,0.010765164,0.4161743,0.02328038,0.73515385,0.0030625574,0.08569222,0.0047061546,0.46835792,0.01958468,null,null,null,null,"TWOGAUSSIANS",8,2.6434822,0.73515385,0.0030625574,0.4,0.0,0.45500657,0.015870323,0.24394992,0.0068602087,0.4,0.0,0.4028228,0.02556334
375316653866487564,5978939658358148480,0.5365809,2334.837145334504,1.2013519144838969,7.202906E-5,18.479284,0.0035224764,0.3828973,0.011297334,0.029881777,0.008785936,0.69716173,1.8033463,0.6750006,0.0018656523,0.031711612,0.0029191093,0.11173048,0.005164038,null,null,null,null,"TWOGAUSSIANS",8,2.8553128,0.3828973,0.011297334,0.16733795,0.049201243,0.69716173,1.8033463,0.6750006,0.0018656523,0.17758504,0.016347012,0.11173048,0.005164038
375316653866487564,5978940586032176768,0.50574154,2282.110798932987,2.050487583251425,2.6398715E-5,19.687565,0.02109961,0.2669933,0.003982356,0.093893625,0.008721081,0.37845176,0.02557569,0.7707641,0.0035753539,0.08814534,0.009856156,0.32359296,0.021226356,null,null,null,null,"TWOGAUSSIANS",8,1.3679757,0.2669933,0.003982356,0.4,0.0,0.36321747,0.026268011,0.7707641,0.0035753539,0.4,0.0,0.30835915,0.021173578
375316653866487564,5978940925277554560,0.5080816,2306.320556479241,4.174508762351463,2.4784747E-5,18.855947,0.009180009,0.30700335,0.0062642125,0.16850339,0.015979555,0.24171834,0.015209169,0.7661906,0.010446828,0.013815757,0.0056319577,0.030477181,0.0072939065,null,null,null,null,"TWOGAUSSIANS",8,2.148786,0.30700335,0.0062642125,0.4,0.0,0.23568608,0.018618373,0.7661906,0.010446828,0.07736824,0.031538963,0.031744655,0.0065835323
375316653866487564,5978941234530269312,0.55396444,2305.2209388163105,2.2681863246250296,1.5712541E-5,17.369452,0.0069893682,0.26044503,0.023351986,0.019018875,0.012254727,0.11848535,0.08756908,0.7172048,0.0030835983,0.030674607,0.007774303,0.08795774,0.029434709,0.11981295,0.010603322,0.7172048,0.0030835983,"TWOGAUSSIANS_WITH_ELLIPSOIDAL_ON_ECLIPSE2",9,15.561203,0.25816503,0.024557834,0.10650571,0.06862647,0.34173822,0.08240428,0.7172048,0.0030835983,0.1717778,0.043536097,0.3275831,0.028567256
375316653866487564,5978942166578152320,0.46168762,2307.3326467875504,0.4688313170381777,1.9999916E-5,19.39231,0.011660075,0.26091367,0.0049155205,0.03124434,0.0062625343,0.15672962,0.029866999,0.70400494,0.008924503,0.016086102,0.0069143143,0.17138395,0.043492816,0.04420544,0.015375225,0.26091367,0.0049155205,"TWOGAUSSIANS_WITH_ELLIPSOIDAL_ON_ECLIPSE1",9,4.076683,0.704555,0.009091725,0.09008217,0.03872016,0.24906403,0.023420498,0.26091367,0.0049155205,0.1749683,0.035070192,0.24514046,0.012787385
375316653866487564,5978942235297683840,0.5426785,2302.463455517888,2.7091281657692354,1.0779048E-5,19.173197,0.012741791,0.22544448,0.0027505336,0.078946814,0.0043231696,0.45289767,0.011198527,0.72565633,0.0031183835,0.07453937,0.0039456165,0.49868846,0.025161495,null,null,null,null,"TWOGAUSSIANS",8,2.638437,0.72565633,0.0031183835,0.4,0.0,0.49400342,0.025197778,0.22544448,0.0027505336,0.4,0.0,0.44821262,0.010314007
375316653866487564,5978942407096748544,0.5401988,2238.071497769052,2.515796210949911,9.838758E-6,19.077639,0.008524949,0.24281763,0.003081903,0.08109915,0.0044793263,0.53746384,0.022999447,0.73824,0.0033079847,0.08170187,0.0039271745,0.56043667,0.02671565,null,null,null,null,"TWOGAUSSIANS",8,2.4437087,0.73824,0.0033079847,0.4,0.0,0.5514297,0.026982147,0.24281763,0.003081903,0.4,0.0,0.52845687,0.02428542
375316653866487564,5978943266090806400,0.5289434,2274.3579266706006,0.40640433533202786,4.361571E-5,19.149359,0.0054175337,0.2734477,0.0075337784,0.037338853,0.004831029,0.73096806,0.32160303,0.76717633,0.0070087165,0.04621576,0.007340602,0.19463788,0.024916098,null,null,null,null,"TWOGAUSSIANS",8,2.1860044,0.2734477,0.0075337784,0.20909756,0.027053764,0.730968,0.32160306,0.76717633,0.0070087165,0.25880826,0.04110737,0.19463788,0.024916131
375316653866487564,5978943403530049536,0.51218694,2295.630426344179,2.6557362783057967,1.685271E-5,19.158623,0.036359612,0.23712103,0.0045590396,0.10681494,0.015204101,0.3934912,0.02860311,0.7434778,0.004007733,0.10313618,0.008243913,0.3996213,0.03575301,null,null,null,null,"TWOGAUSSIANS",8,2.388256,0.7434778,0.0040122718,0.4,0.0,0.35637546,0.014971628,0.23712103,0.0045590396,0.4,0.0,0.35023773,0.023808867
375316653866487564,5978943742776362240,0.5129616,2315.97207530313,0.8337984111009284,1.0854679E-6,17.775452,0.0020885707,0.37126,0.016448708,0.035480134,0.01837514,0.0126029365,0.015236627,0.61544967,0.0010683862,0.0058891075,7.155016E-4,0.30936554,0.06713581,null,null,null,null,"TWOGAUSSIANS",8,3.0945475,0.61544967,0.0010683862,0.032979,0.004006809,0.30936554,0.06713581,0.37126,0.016448708,0.19868875,0.10290079,0.0126029365,0.015236627
375316653866487564,5978944571801500544,0.56212527,2302.6892255080875,1.4463869802884188,5.146034E-6,16.449707,0.0073038978,0.17851461,0.0034708795,0.1002769,0.0055224136,0.1978117,0.008246255,0.68196374,0.0012369007,0.090781346,0.00338879,0.26998287,0.0064959186,null,null,null,null,"TWOGAUSSIANS",8,8.493424,0.68196374,0.0012369007,0.4,0.0,0.2558053,0.0047873645,0.17851461,0.0034708795,0.4,0.0,0.18363266,0.0070640165
375316653866487564,5978944743558845056,0.5203168,2308.954785715787,1.5929382156395102,1.5009572E-5,19.571213,0.011972635,0.30871296,0.006030999,0.087553695,0.0057003642,0.29757577,0.018653702,0.80495936,0.0044563077,0.07752718,0.006861558,0.34605303,0.032493833,null,null,null,null,"TWOGAUSSIANS",8,2.0559886,0.80495936,0.0044563077,0.4,0.0,0.33999836,0.03337046,0.30871296,0.006030999,0.4,0.0,0.29152104,0.017699348
375316653866487564,5978945018437178496,0.4743385,2285.1456554601964,0.4070985895754474,3.0812855E-5,18.873358,0.008865035,0.23455608,0.027140768,0.06351076,0.093692355,0.03898018,0.042370625,0.7825292,0.0014787243,0.007952784,0.0013127299,0.49516365,0.32580453,null,null,null,null,"TWOGAUSSIANS",8,4.951996,0.7825292,0.0014787243,0.044535592,0.0073512876,0.49516365,0.32580453,0.23455608,0.027140768,0.3556603,0.5135818,0.03898018,0.042370625
375316653866487564,5978945495123162112,0.52895415,2274.5650689003155,0.5352098080472116,2.552243E-5,17.585228,0.0015918431,0.29722118,0.006410463,0.04978317,0.007599436,0.14224757,0.012756258,0.79039204,0.004451494,0.0513548,0.003518403,0.14783849,0.009264924,null,null,null,null,"TWOGAUSSIANS",8,2.8957205,0.79039204,0.004451494,0.28758687,0.019703059,0.14783746,0.009265026,0.29722118,0.006410463,0.27878577,0.04255684,0.14224656,0.012757092
375316653866487564,5978945705632909952,0.487224,2281.5791042181977,1.4518126133596343,2.8610863E-5,19.06941,0.01611651,0.20573702,0.009578977,0.06791572,0.01081643,0.44084796,0.033037115,0.6860203,0.009535688,0.07292523,0.009529842,0.29609284,0.041599173,null,null,null,null,"TWOGAUSSIANS",8,8.269111,0.20573702,0.009578977,0.38032806,0.060572006,0.44005764,0.03274071,0.6860203,0.009535688,0.4,0.021239351,0.2953025,0.04147513
