Gaia/vari_eclipsing_binary/VariEclipsingBinary_529649-529696.csv
# %ECSV 1.0
# ---
# delimiter: ','
# meta: !!omap
# - RELEASE: Gaia DR3
# - TABLE: vari_eclipsing_binary
# - DESCRIPTION: >
#     This table describes the properties of the eclipsing binaries resulting from the variability analysis. 
# - CITATION: >
#     How to cite and acknowledge Gaia: 
#     https://gea.esac.esa.int/archive/documentation/credits.html 
# - KNOWN_ISSUES: >
#     Known issues: 
#     https://www.cosmos.esa.int/web/gaia-users/known-issues 
# - DOCUMENTATION: >
#     Tutorials and documentation: 
#     https://www.cosmos.esa.int/web/gaia-users/archive 
# datatype:
# - 
#   name: solution_id
#   datatype: int64
#   description: Solution Identifier
#   meta:
#     ucd: meta.version
# - 
#   name: source_id
#   datatype: int64
#   description: Unique source identifier
#   meta:
#     ucd: meta.id;meta.main
# - 
#   name: global_ranking
#   datatype: float32
#   description: Number between 0 (worst) and 1 (best)
#   meta:
#     ucd: stat.param
# - 
#   name: reference_time
#   datatype: float64
#   unit: d
#   description: Reference time used for the geometric model fit
#   meta:
#     ucd: time.epoch
# - 
#   name: frequency
#   datatype: float64
#   unit: d**-1
#   description: Frequency of geometric model of the eclipsing binary light curve
#   meta:
#     ucd: src.orbital
# - 
#   name: frequency_error
#   datatype: float32
#   unit: d**-1
#   description: "Uncertainty of \\texttt{frequency}"
#   meta:
#     ucd: stat.error
# - 
#   name: geom_model_reference_level
#   datatype: float32
#   unit: mag
#   description: Magnitude reference level of geometric model
#   meta:
#     ucd: phot.mag;em.opt
# - 
#   name: geom_model_reference_level_error
#   datatype: float32
#   unit: mag
#   description: "Uncertainty of \\texttt{geomModelReferenceLevel}"
#   meta:
#     ucd: stat.error;phot.mag;em.opt
# - 
#   name: geom_model_gaussian1_phase
#   datatype: float32
#   description: Phase of the Gaussian 1 component
#   meta:
#     ucd: time.phase
# - 
#   name: geom_model_gaussian1_phase_error
#   datatype: float32
#   description: "Uncertainty of \\texttt{geomModelGaussian1Phase}"
#   meta:
#     ucd: stat.error;time.phase
# - 
#   name: geom_model_gaussian1_sigma
#   datatype: float32
#   description: "Standard deviation [phase] of Gaussian 1 component"
#   meta:
#     ucd: stat.stdev
# - 
#   name: geom_model_gaussian1_sigma_error
#   datatype: float32
#   description: "Uncertainty of \\texttt{geomModelGaussian1Sigma}"
#   meta:
#     ucd: stat.error
# - 
#   name: geom_model_gaussian1_depth
#   datatype: float32
#   unit: mag
#   description: Magnitude depth of Gaussian 1 component
#   meta:
#     ucd: src.var.amplitude
# - 
#   name: geom_model_gaussian1_depth_error
#   datatype: float32
#   unit: mag
#   description: "Uncertainty of \\texttt{geomModelGaussian1Depth}"
#   meta:
#     ucd: stat.error;src.var.amplitude
# - 
#   name: geom_model_gaussian2_phase
#   datatype: float32
#   description: Phase of Gaussian 2 component
#   meta:
#     ucd: time.phase
# - 
#   name: geom_model_gaussian2_phase_error
#   datatype: float32
#   description: "Uncertainty of \\texttt{geomModelGaussian2Phase}"
#   meta:
#     ucd: stat.error;time.phase
# - 
#   name: geom_model_gaussian2_sigma
#   datatype: float32
[...]
#   datatype: float32
#   description: "Secondary eclipse: uncertainty of \\texttt{derivedSecondaryEclDuration}"
#   meta:
#     ucd: stat.error;time.duration
# - 
#   name: derived_secondary_ecl_depth
#   datatype: float32
#   unit: mag
#   description: "Secondary eclipse: depth"
#   meta:
#     ucd: src.var.amplitude
# - 
#   name: derived_secondary_ecl_depth_error
#   datatype: float32
#   unit: mag
#   description: "Secondary eclipse: uncertainty of \\texttt{derivedSecondaryEclDepth}"
#   meta:
#     ucd: stat.error;src.var.amplitude
solution_id,source_id,global_ranking,reference_time,frequency,frequency_error,geom_model_reference_level,geom_model_reference_level_error,geom_model_gaussian1_phase,geom_model_gaussian1_phase_error,geom_model_gaussian1_sigma,geom_model_gaussian1_sigma_error,geom_model_gaussian1_depth,geom_model_gaussian1_depth_error,geom_model_gaussian2_phase,geom_model_gaussian2_phase_error,geom_model_gaussian2_sigma,geom_model_gaussian2_sigma_error,geom_model_gaussian2_depth,geom_model_gaussian2_depth_error,geom_model_cosine_half_period_amplitude,geom_model_cosine_half_period_amplitude_error,geom_model_cosine_half_period_phase,geom_model_cosine_half_period_phase_error,model_type,num_model_parameters,reduced_chi2,derived_primary_ecl_phase,derived_primary_ecl_phase_error,derived_primary_ecl_duration,derived_primary_ecl_duration_error,derived_primary_ecl_depth,derived_primary_ecl_depth_error,derived_secondary_ecl_phase,derived_secondary_ecl_phase_error,derived_secondary_ecl_duration,derived_secondary_ecl_duration_error,derived_secondary_ecl_depth,derived_secondary_ecl_depth_error
[from data line 180]
375316653866487564,4658937393202985344,0.4958985,1864.9855893727745,0.04184546721850012,4.0292456E-5,18.910465,0.0029218106,0.25110692,0.011424207,0.005890675,0.0049750716,0.8153196,19.122505,0.7543082,0.0076216124,0.006335226,0.0022069446,0.41387632,0.26784116,0.0073238425,0.0036688955,0.25110692,0.011424207,"TWOGAUSSIANS_WITH_ELLIPSOIDAL_ON_ECLIPSE1",9,2.2978902,0.25110692,0.011424207,0.03298778,0.027860401,0.82996726,19.12292,0.7543082,0.0076216124,0.035477262,0.012358891,0.4285181,0.26765093
375316653866487564,4658937672409801216,0.53532016,1878.5781448228229,0.9108145019012173,6.685191E-6,18.740685,0.0048766634,0.39523903,0.0118647665,0.027999809,0.009042637,0.049758304,0.0075726635,0.7719319,0.001991514,0.06708622,0.003564285,0.23435661,0.012006684,0.07171271,0.005604001,0.7719319,0.001991514,"TWOGAUSSIANS_WITH_ELLIPSOIDAL_ON_ECLIPSE2",9,2.6815977,0.7719319,0.001991514,0.37568283,0.019959997,0.3775625,0.008123265,0.378809,0.018926581,0.15679893,0.050638773,0.12957287,0.011363003
375316653866487564,4658939871431408640,0.42951745,1886.8550827038173,1.974935440246993,2.5903966E-5,17.099182,0.0016047204,0.08558624,0.010511651,0.0067447606,0.0028384621,0.25678116,0.45221004,0.585463,1.5932918E-4,0.0055029467,0.0024461038,0.09323728,0.03797604,null,null,null,null,"TWOGAUSSIANS",8,4.3023577,0.08558624,0.010511651,0.03777066,0.015895387,0.25678116,0.45221004,0.585463,1.5932918E-4,0.030816501,0.013698181,0.09323728,0.03797604
375316653866487564,4658940077589799424,0.42871442,1900.1474969682126,3.943573433918744,2.8532333E-5,17.086403,0.0017300684,0.11716833,0.00286613,0.024213996,0.0032172306,0.057764344,0.0061333543,0.5321609,0.009126668,0.024807746,0.017349094,0.12539035,9143.371,null,null,null,null,"TWOGAUSSIANS",8,4.7761064,0.5321609,0.009126668,0.13892338,0.09715492,0.12539035,9143.371,0.11716833,0.00286613,0.13559838,0.018016491,0.057764344,0.0061333543
375316653866487564,4658940318105300352,0.5209917,1884.2402360674682,0.18561003226410083,1.4759207E-5,19.517775,0.0033119472,0.4111611,0.0016573013,0.0067671235,0.0016860613,0.90576845,0.17899013,0.91864425,0.0017863122,0.0054966495,0.0035617712,2.6860902,2.9242597,null,null,null,null,"TWOGAUSSIANS",8,1.7502617,0.91864425,0.0017863122,0.03078124,0.01994592,2.6860902,2.9242597,0.4111611,0.0016573013,0.03789589,0.009441943,0.90576845,0.17899013
375316653866487564,4658943513545406464,0.41381586,1879.139739119954,2.084828890290982,5.9871687E-5,18.622822,0.014080028,0.20351079,0.024170168,0.045133304,0.027454352,0.10957885,0.02676431,0.6879326,0.01643632,0.07329647,0.02188044,0.10188084,0.014584522,null,null,null,null,"TWOGAUSSIANS",8,9.086698,0.20351079,0.024170168,0.2527465,0.15374437,0.10956327,0.026819643,0.6879326,0.01643632,0.4,0.048094034,0.10186526,0.0143518895
375316653866487564,4658943513545416064,0.40065724,1879.5417359830165,3.9974948359571516,6.047856E-5,17.531034,0.09825847,0.122013725,0.022900973,0.06360811,0.017412059,0.10213054,0.028732229,0.60552955,0.020003797,0.27189192,0.047746267,0.1945208,0.095644735,null,null,null,null,"TWOGAUSSIANS",8,16.943323,0.60552955,0.020003797,0.4,0.0,0.097434506,0.014399865,0.12367373,0.02307911,0.3562054,0.09750753,0.07666156,0.03536117
375316653866487564,4658944166396093184,0.4520672,1918.6647364027376,0.024131173542648075,3.0479529E-5,16.872297,0.0018884138,0.7451044,0.0123080425,0.018744927,0.005849052,0.08568122,0.053890426,null,null,null,null,null,null,0.012007499,0.0024561477,0.7451044,0.0123080425,"ONEGAUSSIAN_WITH_ELLIPSOIDAL",6,5.096619,0.7451044,0.0123080425,0.104971595,0.032754693,0.10969621,0.05435469,null,null,null,null,null,null
375316653866487564,4658944956669820032,0.447637,1894.137373894554,1.1441260748926416,3.6018213E-5,17.956749,0.0017462895,0.23719425,0.0072930623,0.039527673,0.005708553,0.09001538,0.010826994,0.7239559,0.007268059,0.030593822,0.0086004315,0.085047886,0.025030507,null,null,null,null,"TWOGAUSSIANS",8,3.60751,0.23719425,0.0072930623,0.22135496,0.031967897,0.09001538,0.010826994,0.7239559,0.007268059,0.1713254,0.048162416,0.085047886,0.025030507
375316653866487564,4658945265907581056,0.6165576,1913.8753716659608,0.1161944047341374,4.280272E-6,16.354095,0.0014916495,0.44152606,3.178378E-4,0.013858081,3.4940665E-4,0.4372799,0.0111259455,0.8999497,4.6189618E-4,0.009906128,5.5102695E-4,0.49878138,0.020665737,null,null,null,null,"TWOGAUSSIANS",8,6.298613,0.8999497,4.6189618E-4,0.05547432,0.0030857509,0.49878138,0.020665737,0.44152606,3.178378E-4,0.077605255,0.0019566773,0.4372799,0.0111259455
375316653866487564,4658945330293213440,0.42659214,1913.0289777884711,0.08328962089583793,3.349792E-5,16.480698,0.0019741575,0.4809855,0.052128375,0.106039755,0.03403378,0.00838109,0.0031138596,0.93165225,0.010346602,0.015300213,0.0075718677,0.09310228,0.05415116,null,null,null,null,"TWOGAUSSIANS",8,7.494396,0.93165225,0.010346602,0.08568119,0.04240246,0.0931027,0.054150812,0.4809855,0.052128375,0.4,0.0,0.0083805,0.0031136866
375316653866487564,4658945368986795392,0.4434753,1889.9290027459735,0.03661712333033616,9.895436E-6,16.757069,0.0010939573,0.67298675,0.005475759,0.017135816,0.0056213723,0.03077237,0.009077268,0.9583671,0.0013353413,0.0054275347,0.001085616,0.10811449,0.02098546,null,null,null,null,"TWOGAUSSIANS",8,5.1091976,0.9583671,0.0013353413,0.030394195,0.0060794493,0.10811449,0.02098546,0.67298675,0.005475759,0.09596057,0.031479686,0.03077237,0.009077268
375316653866487564,4658945472050738944,0.5171955,1880.2276062506119,0.10138227798352008,6.049713E-6,18.78646,0.002584792,null,null,null,null,null,null,null,null,null,null,null,null,0.11183026,0.00339864,0.1543261,0.0027005996,"ELLIPSOIDAL",4,2.4819875,null,null,null,null,null,null,null,null,null,null,null,null
375316653866487564,4658945746928554880,0.41979745,1881.8161223286675,4.156091917168586,1.2809756E-5,17.833315,0.0016432285,0.37392431,0.017841497,0.061913975,0.016241627,0.054998428,0.011138686,0.27223635,0.007459269,0.01614958,0.0061581777,0.06090976,0.018188665,null,null,null,null,"TWOGAUSSIANS",8,3.1022277,0.27391633,0.007569513,0.09043766,0.034485795,0.07550181,0.010583167,0.37392431,0.017841497,0.34671825,0.09095311,0.054998428,0.011138661
375316653866487564,4658946434123117568,0.48027155,1870.2778126461442,0.24585202064312922,1.4462268E-5,18.919655,0.0023867358,0.31050453,0.005150025,0.005906281,0.0027894967,0.3042687,0.062127206,0.7963166,0.002455355,0.013185452,0.003215777,0.28167596,0.08203738,null,null,null,null,"TWOGAUSSIANS",8,2.0382466,0.31050453,0.005150025,0.033075176,0.015621181,0.3042687,0.062127206,0.7963166,0.002455355,0.07383853,0.018008351,0.28167596,0.08203738
375316653866487564,4658946846439901824,0.5379667,1865.0234442296007,0.09406197794926874,1.0946243E-5,18.527357,0.0031290909,0.64108616,0.015144095,0.04038923,0.019666387,0.031516835,0.008668553,0.8188669,8.996775E-6,0.0059737624,3.1326286E-5,0.66391313,0.0029471372,null,null,null,null,"TWOGAUSSIANS",8,4.0690393,0.8188669,8.996775E-6,0.03345307,1.754272E-4,0.6639151,0.0029562034,0.64108616,0.015144095,0.22617967,0.11013176,0.031516835,0.008668553
375316653866487564,4658947155677641856,0.46452355,1860.340171365581,0.2646675608539023,1.6808071E-5,19.464832,0.004197402,0.26491073,0.0021815698,0.02587833,0.0032507956,0.9380212,0.35518038,0.7584847,0.008259644,0.03906909,0.008826931,0.11964386,0.025661033,null,null,null,null,"TWOGAUSSIANS",8,2.3237946,0.26491073,0.0021815698,0.14491865,0.018204456,0.9380212,0.35518038,0.7584847,0.008259644,0.2187869,0.049430814,0.11964386,0.025661033
375316653866487564,4658947430571704064,0.5163673,1855.9793244684363,0.9704264466375366,1.0043785E-5,19.454857,0.0056195837,0.21896257,0.006344281,0.06492183,0.008365529,0.16475208,0.014408471,0.71363413,0.003297086,0.05550184,0.003273689,0.38478318,0.017320978,null,null,null,null,"TWOGAUSSIANS",8,1.7358893,0.71363413,0.003297086,0.3108103,0.018332658,0.38471082,0.017320951,0.21896257,0.006344281,0.3635623,0.04684696,0.16467974,0.014432352
375316653866487564,4658947911594729472,0.48808149,1852.7740139698274,2.001481781239221,9.182887E-6,19.366726,0.088899806,0.09341559,0.010104118,0.12747328,0.04239151,0.28608823,0.07422657,0.5572228,0.0027724875,0.09828064,0.01649626,0.49646315,0.07508213,null,null,null,null,"TWOGAUSSIANS",8,2.2039294,0.5572228,0.0027724875,0.4,0.0,0.4546416,0.038009666,0.093435585,0.010131974,0.4,0.0,0.24385117,0.033180434
375316653866487564,4658948083410389376,0.47242212,1866.3688315735217,0.49187113426735135,7.214991E-6,17.323565,0.0029258037,0.19536468,0.0030518987,0.045504943,0.0033530816,0.10498866,0.007929284,0.6828066,0.0033671397,0.04028611,0.0036525722,0.19554502,0.0114274295,null,null,null,null,"TWOGAUSSIANS",8,10.027945,0.6828066,0.0033671397,0.22560221,0.020454405,0.19554502,0.011427433,0.19536468,0.0030518987,0.25482768,0.018777257,0.10498865,0.007929285
375316653866487564,4658948113459106560,0.625296,1880.4419713398286,0.9735163137679883,1.5303892E-6,17.027218,0.0027993156,0.28010428,3.4069316E-4,0.04264638,7.2748936E-4,0.36505648,0.007310354,0.7797947,0.0011121392,0.042788472,0.0012823733,0.24988876,0.008124432,0.035436027,0.004483173,0.28010428,3.4069316E-4,"TWOGAUSSIANS_WITH_ELLIPSOIDAL_ON_ECLIPSE1",9,4.1434326,0.28010428,3.4069316E-4,0.23881972,0.00407394,0.43592852,0.004653265,0.77980465,0.0010679202,0.23961546,0.0071812905,0.32076052,0.0056464137
375316653866487564,4658948461350619392,0.43142822,1864.5832836245297,0.4902356530026336,2.0147141E-5,17.45997,0.001996118,0.38246578,0.008471721,0.035441454,0.010826764,0.078817606,0.009927994,0.86837405,0.010447523,0.023797145,0.008830094,0.03242875,0.0056101875,null,null,null,null,"TWOGAUSSIANS",8,4.0847893,0.38246578,0.008471721,0.19847214,0.06062988,0.078817606,0.009927994,0.86837405,0.010447523,0.133264,0.049448527,0.03242875,0.0056101875
375316653866487564,4658948804947718016,0.5140979,1842.2615493509243,1.2529513934749141,4.560201E-6,18.409586,0.0050750505,0.23382184,0.0048045767,0.06641697,0.0057148496,0.12498641,0.0064800708,0.73865384,0.0023485308,0.07856842,0.0044195135,0.22797422,0.010198916,null,null,null,null,"TWOGAUSSIANS",8,3.107199,0.73865384,0.0023485308,0.4,0.0,0.22717209,0.010301951,0.23382184,0.0048045767,0.37193504,0.032003157,0.12418427,0.0063157473
375316653866487564,4658949354703564672,0.46996212,1833.8903439227417,0.5442647969136494,1.6080126E-5,19.411638,0.015545072,0.25362328,0.0052220253,0.096013606,0.012026891,0.16295876,0.0144274095,0.758446,0.0058198287,0.09634388,0.01182236,0.18275806,0.014804179,null,null,null,null,"TWOGAUSSIANS",8,1.5104555,0.758446,0.0058198287,0.4,0.0,0.17173417,0.009795159,0.25362328,0.0052220253,0.4,0.0,0.15193498,0.008025385
375316653866487564,4658949767037587840,0.4677343,1866.0717337922158,0.6076240718122449,2.8071274E-6,19.073492,0.0030494314,0.33465576,0.024588209,0.020738173,0.016796766,0.24291396,0.09289805,0.8673008,8.470118E-4,0.020511853,0.0013385026,0.21761145,0.014796651,null,null,null,null,"TWOGAUSSIANS",8,2.273371,0.33465576,0.024588209,0.11613377,0.09406189,0.24291396,0.09289805,0.8673008,8.470118E-4,0.11486637,0.0074956147,0.21761145,0.014796651
375316653866487564,4658950518614074752,0.5143137,1843.1775580678952,0.05296295020305137,1.3518906E-5,17.876184,0.10994615,0.22488667,0.004726294,0.15283929,0.011543986,0.41392303,0.058094293,0.72332704,0.0048561683,0.2299636,0.031605545,0.49094936,0.10939686,null,null,null,null,"TWOGAUSSIANS",8,1.5323904,0.22579667,0.004969971,0.4,0.0,0.12572534,0.005472164,0.72332704,0.0048561683,0.4,0.0,0.11437562,0.003129672
375316653866487564,4658950626027384832,0.55977243,1827.488996116891,0.5558036509564177,3.5684567E-5,17.641207,0.001449894,0.25688356,0.004541434,0.027539121,0.0036033536,0.26195705,0.008667926,0.74646807,0.001620945,0.026569514,0.0013358179,0.2965028,0.011512331,0.011214476,0.0023253143,0.25688356,0.004541434,"TWOGAUSSIANS_WITH_ELLIPSOIDAL_ON_ECLIPSE1",9,2.551707,0.74650806,0.0016116158,0.14878927,0.00748058,0.3188362,0.010947002,0.25688356,0.004541434,0.15421908,0.02017878,0.284386,0.007787364
375316653866487564,4658950729093289728,0.4935807,1848.8562869627713,1.140383314260099,9.720503E-6,17.794985,0.007465865,0.17275354,0.002706382,0.035593223,0.0033225864,0.23853643,0.026445132,0.6574974,0.020437147,0.04784005,0.0121404035,0.08808747,0.048042655,0.022875955,0.010370516,0.17275354,0.002706382,"TWOGAUSSIANS_WITH_ELLIPSOIDAL_ON_ECLIPSE1",9,10.355523,0.17275354,0.002706382,0.19932206,0.018606484,0.28428826,0.01800513,0.65879744,0.018482655,0.26790428,0.06798626,0.13345589,0.044867855
375316653866487564,4658951313222114816,0.4428351,1838.5857872265617,1.1389605367149194,1.7557593E-5,15.318109,0.0013516843,0.3531668,0.0062187794,0.058845654,0.009741894,0.03729008,0.0056905523,0.6163961,0.008919924,0.06780567,0.0100347875,0.042701945,0.003085782,0.0027285616,0.002145194,0.3531668,0.0062187794,"TWOGAUSSIANS_WITH_ELLIPSOIDAL_ON_ECLIPSE1",9,10.270519,0.3532868,0.0061238986,0.32953566,0.054554604,0.042765673,0.0049910303,0.61702615,0.009056608,0.37971178,0.034124665,0.042738583,0.0031167497
375316653866487564,4658951858643732224,0.49037254,1875.2351623346608,0.6658462740723021,1.4803309E-5,16.587282,0.0041284976,0.22363998,0.006356304,0.03601572,0.024917504,0.18332498,0.09355729,0.771536,0.011664938,0.004239026,0.008113028,0.08905284,165888.69,0.018771032,0.0039957264,0.22363998,0.006356304,"TWOGAUSSIANS_WITH_ELLIPSOIDAL_ON_ECLIPSE1",9,6.716064,0.22363998,0.006356304,0.20168804,0.13953802,0.220867,0.10032158,0.771536,0.011664938,0.023738546,0.045432955,0.12329629,165888.69
375316653866487564,4658952275281078400,0.6059973,1855.8941711898701,1.1720927508041428,4.4530298E-6,18.295994,0.007070435,0.25126955,0.00140373,0.04552311,0.0026482209,0.20565982,0.016341418,0.7490716,0.0017380106,0.052245162,0.0019206442,0.60411376,0.016948083,0.07895338,0.008698562,0.25126955,0.00140373,"TWOGAUSSIANS_WITH_ELLIPSOIDAL_ON_ECLIPSE1",9,3.4424834,0.74919164,0.0016332107,0.2925729,0.010755608,0.76198614,0.0101639815,0.25126955,0.00140373,0.25492942,0.014830037,0.36356068,0.0064715226
375316653866487564,4658952309640800384,0.57528263,1855.974173957323,0.4545433440142543,7.002318E-6,17.103405,0.001496907,0.27995187,9.6697395E-4,0.026960293,8.281263E-4,0.44193617,0.0133582195,0.7806103,0.0016397038,0.023660403,0.0016405449,0.48557553,0.013590938,null,null,null,null,"TWOGAUSSIANS",8,9.601523,0.7806103,0.0016397038,0.13249825,0.009187051,0.48557553,0.013590938,0.27995187,9.6697395E-4,0.15097764,0.0046375073,0.44193617,0.0133582195
375316653866487564,4658953031212584576,0.48971152,1871.2342520723369,0.04093264778593387,4.00754E-5,18.76322,0.0043288474,0.4880312,1.6859375E-4,0.0138144065,4.435001E-4,1.0521502,0.07731136,0.6871035,0.0034227434,0.0039173225,0.0033889795,0.37720138,19.327986,null,null,null,null,"TWOGAUSSIANS",8,3.7672737,0.4880312,1.6859375E-4,0.077360675,0.0024836005,1.0521502,0.07731136,0.6871035,0.0034227434,0.021937005,0.018978285,0.37720138,19.327986
375316653866487564,4658953099928366720,0.45406333,1852.2843415378877,0.07298017073319424,3.21115E-5,16.99412,0.001203642,0.56775546,0.0020524224,0.0077268593,0.0014027928,0.15752175,0.04312314,0.74588567,0.0057741595,0.016998788,0.0077619823,0.021272516,0.03936794,null,null,null,null,"TWOGAUSSIANS",8,4.0883093,0.56775546,0.0020524224,0.043270413,0.007855639,0.15752175,0.04312314,0.74588567,0.0057741595,0.095193215,0.0434671,0.021272516,0.03936794
375316653866487564,4658953099932064384,0.46078047,1864.7385023717998,1.9827884984556647,1.5657577E-5,19.264322,0.02254808,0.30319205,0.008340784,0.09809428,0.026161952,0.15215918,0.018979069,0.75867176,0.0035523784,0.09631326,0.010006069,0.24838984,0.020625599,null,null,null,null,"TWOGAUSSIANS",8,3.3277957,0.75867176,0.0035523784,0.4,0.0,0.24075137,0.013144149,0.30320206,0.008339692,0.4,0.0,0.14452101,0.012088545
