Gaia/vari_eclipsing_binary/VariEclipsingBinary_379983-380228.csv
# %ECSV 1.0
# ---
# delimiter: ','
# meta: !!omap
# - RELEASE: Gaia DR3
# - TABLE: vari_eclipsing_binary
# - DESCRIPTION: >
#     This table describes the properties of the eclipsing binaries resulting from the variability analysis. 
# - CITATION: >
#     How to cite and acknowledge Gaia: 
#     https://gea.esac.esa.int/archive/documentation/credits.html 
# - KNOWN_ISSUES: >
#     Known issues: 
#     https://www.cosmos.esa.int/web/gaia-users/known-issues 
# - DOCUMENTATION: >
#     Tutorials and documentation: 
#     https://www.cosmos.esa.int/web/gaia-users/archive 
# datatype:
# - 
#   name: solution_id
#   datatype: int64
#   description: Solution Identifier
#   meta:
#     ucd: meta.version
# - 
#   name: source_id
#   datatype: int64
#   description: Unique source identifier
#   meta:
#     ucd: meta.id;meta.main
# - 
#   name: global_ranking
#   datatype: float32
#   description: Number between 0 (worst) and 1 (best)
#   meta:
#     ucd: stat.param
# - 
#   name: reference_time
#   datatype: float64
#   unit: d
#   description: Reference time used for the geometric model fit
#   meta:
#     ucd: time.epoch
# - 
#   name: frequency
#   datatype: float64
#   unit: d**-1
#   description: Frequency of geometric model of the eclipsing binary light curve
#   meta:
#     ucd: src.orbital
# - 
#   name: frequency_error
#   datatype: float32
#   unit: d**-1
#   description: "Uncertainty of \\texttt{frequency}"
#   meta:
#     ucd: stat.error
# - 
#   name: geom_model_reference_level
#   datatype: float32
#   unit: mag
#   description: Magnitude reference level of geometric model
#   meta:
#     ucd: phot.mag;em.opt
# - 
#   name: geom_model_reference_level_error
#   datatype: float32
#   unit: mag
#   description: "Uncertainty of \\texttt{geomModelReferenceLevel}"
#   meta:
#     ucd: stat.error;phot.mag;em.opt
# - 
#   name: geom_model_gaussian1_phase
#   datatype: float32
#   description: Phase of the Gaussian 1 component
#   meta:
#     ucd: time.phase
# - 
#   name: geom_model_gaussian1_phase_error
#   datatype: float32
#   description: "Uncertainty of \\texttt{geomModelGaussian1Phase}"
#   meta:
#     ucd: stat.error;time.phase
# - 
#   name: geom_model_gaussian1_sigma
#   datatype: float32
#   description: "Standard deviation [phase] of Gaussian 1 component"
#   meta:
#     ucd: stat.stdev
# - 
#   name: geom_model_gaussian1_sigma_error
#   datatype: float32
#   description: "Uncertainty of \\texttt{geomModelGaussian1Sigma}"
#   meta:
#     ucd: stat.error
# - 
#   name: geom_model_gaussian1_depth
#   datatype: float32
#   unit: mag
#   description: Magnitude depth of Gaussian 1 component
#   meta:
#     ucd: src.var.amplitude
# - 
#   name: geom_model_gaussian1_depth_error
#   datatype: float32
#   unit: mag
#   description: "Uncertainty of \\texttt{geomModelGaussian1Depth}"
#   meta:
#     ucd: stat.error;src.var.amplitude
# - 
#   name: geom_model_gaussian2_phase
#   datatype: float32
#   description: Phase of Gaussian 2 component
#   meta:
#     ucd: time.phase
# - 
#   name: geom_model_gaussian2_phase_error
#   datatype: float32
#   description: "Uncertainty of \\texttt{geomModelGaussian2Phase}"
#   meta:
#     ucd: stat.error;time.phase
# - 
#   name: geom_model_gaussian2_sigma
#   datatype: float32
[...]
#   datatype: float32
#   description: "Secondary eclipse: uncertainty of \\texttt{derivedSecondaryEclDuration}"
#   meta:
#     ucd: stat.error;time.duration
# - 
#   name: derived_secondary_ecl_depth
#   datatype: float32
#   unit: mag
#   description: "Secondary eclipse: depth"
#   meta:
#     ucd: src.var.amplitude
# - 
#   name: derived_secondary_ecl_depth_error
#   datatype: float32
#   unit: mag
#   description: "Secondary eclipse: uncertainty of \\texttt{derivedSecondaryEclDepth}"
#   meta:
#     ucd: stat.error;src.var.amplitude
solution_id,source_id,global_ranking,reference_time,frequency,frequency_error,geom_model_reference_level,geom_model_reference_level_error,geom_model_gaussian1_phase,geom_model_gaussian1_phase_error,geom_model_gaussian1_sigma,geom_model_gaussian1_sigma_error,geom_model_gaussian1_depth,geom_model_gaussian1_depth_error,geom_model_gaussian2_phase,geom_model_gaussian2_phase_error,geom_model_gaussian2_sigma,geom_model_gaussian2_sigma_error,geom_model_gaussian2_depth,geom_model_gaussian2_depth_error,geom_model_cosine_half_period_amplitude,geom_model_cosine_half_period_amplitude_error,geom_model_cosine_half_period_phase,geom_model_cosine_half_period_phase_error,model_type,num_model_parameters,reduced_chi2,derived_primary_ecl_phase,derived_primary_ecl_phase_error,derived_primary_ecl_duration,derived_primary_ecl_duration_error,derived_primary_ecl_depth,derived_primary_ecl_depth_error,derived_secondary_ecl_phase,derived_secondary_ecl_phase_error,derived_secondary_ecl_duration,derived_secondary_ecl_duration_error,derived_secondary_ecl_depth,derived_secondary_ecl_depth_error
[from data line 555]
375316653866487564,3343835105989760640,0.62755185,2248.1537244988585,2.262175000275543,1.0383811E-6,13.155436,4.8745412E-4,0.2172102,0.03645924,0.033416137,0.016985392,0.0058139823,0.0027883635,0.42175943,7.7195335E-5,0.006197607,8.34488E-5,0.13793713,9.6981664E-4,null,null,null,null,"TWOGAUSSIANS",8,7.693853,0.42175943,7.7195335E-5,0.0347066,4.673133E-4,0.13793713,9.698165E-4,0.2172102,0.03645924,0.18713036,0.0951182,0.0058139823,0.0027883635
375316653866487564,3343835110289429504,0.48502994,2228.2349073518035,0.23449871510418946,9.28289E-5,19.00169,0.023652175,0.3509916,0.01439885,0.09417786,0.024891105,0.22274815,0.022981806,0.7989218,0.038317163,0.07326013,0.040095415,0.20021498,0.11669937,null,null,null,null,"TWOGAUSSIANS",8,4.963928,0.3509916,0.01439885,0.4,0.0,0.22090967,0.018667473,0.7989218,0.038317163,0.4,0.19457562,0.19837925,0.11756217
375316653866487564,3343836892696736640,0.5017243,2289.456563543511,3.079650204470875,4.131897E-5,19.346834,0.02147612,0.24880916,0.0058675963,0.060121566,0.006124331,0.47973582,0.041404348,0.7543951,0.013219386,0.08283267,0.01431212,0.29981658,0.03716255,null,null,null,null,"TWOGAUSSIANS",8,4.4695754,0.24880916,0.0058675963,0.33668077,0.034296256,0.47835752,0.041182697,0.7543951,0.013219386,0.4,0.0,0.29843828,0.036989875
375316653866487564,3343841428182224256,0.5405379,2311.829710986612,0.02133842784365962,1.2593593E-4,16.936829,0.0016989228,0.41119173,0.026073894,0.030240882,0.041502614,0.09681583,0.0676908,0.7538823,0.0035982055,0.06961489,0.005575557,0.24402942,0.025700236,null,null,null,null,"TWOGAUSSIANS",8,2.6613784,0.7538823,0.0035982055,0.38984337,0.028074553,0.24402942,0.025700895,0.41119173,0.026111672,0.16934894,0.21796438,0.096817166,0.06769069
375316653866487564,3343841535560432768,0.47736087,2302.6511160951945,3.2947785487757253,2.616014E-5,18.555378,0.005983196,0.7228083,0.006460326,0.05077157,0.03038059,0.020891832,0.06844852,null,null,null,null,null,null,0.09169889,0.013449813,0.7228083,0.006460326,"ONEGAUSSIAN_WITH_ELLIPSOIDAL",6,6.1449533,0.7228083,0.006460326,0.2843208,0.17013131,0.20428932,0.06902384,null,null,null,null,null,null
375316653866487564,3343844898516729728,0.5319653,2256.755879164974,2.317123168685298,1.2022722E-5,17.07284,0.041751076,0.24266993,0.00420302,0.12831049,0.029035158,0.1301794,0.04024334,0.73517025,0.007376732,0.113350965,0.032113586,0.10774119,0.038756877,null,null,null,null,"TWOGAUSSIANS",8,2.903798,0.24268992,0.0042167483,0.4,0.0,0.10398214,0.0035659273,0.73517025,0.007376732,0.4,0.0,0.08166505,0.0053738924
375316653866487564,3343848235705634944,0.5902129,2313.8737578906935,0.8830428737094794,4.1834508E-5,16.62446,0.00247896,0.3003916,0.002018336,0.033138346,0.0034545986,0.30848804,0.03383199,null,null,null,null,null,null,null,null,null,null,"ONEGAUSSIAN",5,11.363839,0.3003916,0.002018336,0.18557474,0.019345753,0.30848804,0.0,null,null,null,null,null,null
375316653866487564,3343855863568144384,0.47376227,2266.481725975041,3.550136822835587,2.7033278E-5,18.90198,0.017962394,0.26305944,0.010439959,0.089015685,0.014736098,0.24602258,0.028750746,0.7417807,0.0058375914,0.09727913,0.008226445,0.26761293,0.018437294,null,null,null,null,"TWOGAUSSIANS",8,5.3937106,0.7417807,0.0058375914,0.4,0.0,0.25736874,0.011429912,0.26305944,0.010439728,0.4,0.0,0.23577987,0.029448697
375316653866487564,3343861910885425152,0.5963529,2238.6164915001773,2.319856178094372,3.7318769E-6,18.463959,0.0067355554,0.26493433,0.0015670614,0.062188122,0.0014509918,0.56988233,0.012084388,0.76445717,0.0052647362,0.07281194,0.006560074,0.22640353,0.009996073,null,null,null,null,"TWOGAUSSIANS",8,1.8568387,0.26493433,0.0015670614,0.3482535,0.008125555,0.5691744,0.011972628,0.76445717,0.0052647362,0.4,0.018190322,0.22569565,0.0099275615
375316653866487564,3343862185759811200,0.62009543,2237.6430008404923,2.2652311480431644,1.0667185E-4,16.896225,9.456297E-4,0.32930088,4.7769235E-4,0.034912072,2.6894244E-4,0.5421367,0.003283439,null,null,null,null,null,null,null,null,null,null,"ONEGAUSSIAN",5,3.8285098,0.32930088,4.7769235E-4,0.1955076,0.0015060776,0.5421367,0.0,null,null,null,null,null,null
375316653866487564,3343863624575028096,0.5384841,2233.2460604663693,1.8306466236750043,3.0566363E-5,19.935308,0.0063167484,0.23382163,0.004190771,0.03888659,0.0036201181,0.34819898,0.034456477,0.47885728,0.015974497,0.05387284,0.011164404,0.078561164,0.009879677,null,null,null,null,"TWOGAUSSIANS",8,0.43771598,0.23382163,0.004190771,0.21776491,0.020272663,0.3482015,0.03445599,0.47885728,0.015974497,0.3016879,0.06252067,0.078561164,0.009879678
375316653866487564,3343865892318594432,0.6569768,2275.8360402506414,1.5297104233468184,4.6024948E-6,18.420824,0.0022178416,0.5462296,4.012334E-4,0.042083494,6.7677745E-4,0.5319732,0.0077707088,0.7474348,0.0512707,0.02538242,0.03281061,0.086369015,2929397.2,null,null,null,null,"TWOGAUSSIANS",8,1.1138992,0.5462296,4.012334E-4,0.23566757,0.0037899537,0.5319732,0.007770698,0.7474348,0.0512707,0.14214155,0.18373941,0.0863748,2929397.2
375316653866487564,3343867026190038272,0.46295834,2271.608510621965,3.6540351300063554,3.1771862E-5,17.723972,0.014866047,0.26191157,0.011244494,0.11215538,0.021412952,0.09695645,0.016981972,0.7780009,0.0049307323,0.076725684,0.011256387,0.12090702,0.015493573,null,null,null,null,"TWOGAUSSIANS",8,7.1208186,0.7780109,0.0049370155,0.4,0.0,0.115965374,0.011311001,0.26191157,0.011244494,0.4,0.0,0.092003554,0.013641354
375316653866487564,3343868675457626624,0.5771251,2242.795610455921,3.4942233861461007,6.7611886E-6,18.417477,0.01923889,0.31779385,0.0019080503,0.10108556,0.0049627842,0.47060707,0.017706404,0.8127906,0.0038997203,0.10812542,0.0058281897,0.4451196,0.019861544,null,null,null,null,"TWOGAUSSIANS",8,3.121195,0.31779385,0.0019134171,0.4,0.0,0.42101926,0.013116774,0.8127906,0.0038997203,0.4,0.0,0.39551583,0.011263944
375316653866487564,3343869397012120960,0.49236655,2233.7319994463137,3.137104444129107,2.4715311E-5,18.93482,0.019799352,0.19618037,0.00865209,0.088393256,0.021377327,0.2310621,0.06900728,0.70205516,0.0045624664,0.08944297,0.010861105,0.1848239,0.021481946,null,null,null,null,"TWOGAUSSIANS",8,1.4597359,0.19618037,0.00865209,0.4,0.0,0.22384329,0.07577637,0.70205516,0.0045624664,0.4,0.0,0.17760509,0.01663293
375316653866487564,3343869912408305280,0.53300554,2204.0175602212817,3.6450831698623065,1.2857549E-5,17.987938,0.017878085,0.26217243,0.0021608814,0.0722949,0.0058687497,0.26712888,0.016782152,0.7637558,0.006168628,0.08718585,0.010021145,0.3409257,0.022437606,null,null,null,null,"TWOGAUSSIANS",8,9.186707,0.7637558,0.006168628,0.4,0.0,0.33660233,0.022252826,0.26217243,0.0021608814,0.4,0.011426812,0.26280555,0.014619571
375316653866487564,3343872287526501248,0.5484738,2257.141159628104,2.778840293989656,1.4453473E-5,15.488456,0.01834262,0.27279997,0.006944784,0.108436495,0.012862452,0.18905209,0.018653357,0.7607096,0.005065951,0.09931621,0.011852461,0.21320587,0.01530363,null,null,null,null,"TWOGAUSSIANS",8,41.719296,0.7607096,0.005065951,0.4,0.0,0.19405736,0.011191572,0.27279997,0.0069491672,0.4,0.0,0.16989483,0.0118192425
375316653866487564,3343875238167487232,0.49008897,2244.768680939325,2.1877349260424137,8.356389E-5,19.050337,0.0077482173,0.18529439,0.014873196,0.06603596,0.012756338,0.12861536,0.0089184875,0.73089397,0.015285993,0.07866775,0.01871693,0.11415181,0.013974812,null,null,null,null,"TWOGAUSSIANS",8,1.4798837,0.18529439,0.014873196,0.3698014,0.0707026,0.12841898,0.008528493,0.73089397,0.015285993,0.4,0.0,0.11395542,0.0138591975
375316653866487564,3343875689140848384,0.5405925,2314.6687616589497,0.009203126862890284,2.0268531E-5,18.319984,0.008629437,0.23441216,0.018070756,0.083219394,0.017936654,0.1625501,0.019458076,0.76204956,0.0042808373,0.0650075,0.005809154,0.19500537,0.008727516,null,null,null,null,"TWOGAUSSIANS",8,2.6021006,0.76204956,0.0042808373,0.364042,0.03253126,0.19438721,0.008332861,0.23441216,0.018070756,0.4,0.0,0.16193193,0.019132152
375316653866487564,3343878644077689728,0.4715417,2233.279132161252,2.5502229310748543,1.4137601E-5,17.506994,0.009859132,0.2075926,0.0066770385,0.039158043,0.010874947,0.08740963,0.041000556,null,null,null,null,null,null,0.11760128,0.021742053,0.2075926,0.0066770385,"ONEGAUSSIAN_WITH_ELLIPSOIDAL",6,58.851036,0.2075926,0.0066770385,0.21928504,0.060899697,0.32261202,0.044375796,null,null,null,null,null,null
375316653866487564,3343879120818026880,0.5240172,2243.7198357124116,3.3575912516354274,1.9936542E-5,19.32179,0.42371628,0.21460395,0.0045178733,0.13139716,0.042874902,0.5602261,0.39105737,0.7137333,0.00532362,0.1514238,0.07264991,0.51475835,0.3911695,null,null,null,null,"TWOGAUSSIANS",8,1.413393,0.21465395,0.004514267,0.4,0.0,0.3426759,0.01794589,0.7137333,0.0053426414,0.4,0.0,0.29359517,0.081702545
375316653866487564,3343883523156536960,0.42438072,2244.62537376552,0.9350762992377116,4.7597237E-5,19.042349,0.010476734,null,null,null,null,null,null,null,null,null,null,null,null,0.09760173,0.018256746,0.16070452,0.010140739,"ELLIPSOIDAL",4,13.94566,null,null,null,null,null,null,null,null,null,null,null,null
375316653866487564,3343888397944613888,0.5836562,2240.161536416411,2.2644374892735124,1.1096906E-5,16.99066,0.1419432,0.2230555,0.0045841485,0.114483155,0.029512653,0.34281614,0.12334744,0.7395228,0.0045486335,0.1511422,0.06687388,0.2735444,0.10852092,null,null,null,null,"TWOGAUSSIANS",8,3.7682462,0.2223955,0.004263368,0.4,0.0,0.2560212,0.011145766,0.73962283,0.0044455444,0.4,0.0,0.18436688,0.027581848
375316653866487564,3343894685776887936,0.6096755,2292.331091989923,2.439428444862994,1.5919131E-5,18.442099,0.011014601,0.29754767,0.02265718,0.04919163,0.019303253,0.8092757,0.06273472,0.80949986,0.0031613987,0.050898783,0.004935619,0.4990659,0.046924464,null,null,null,null,"TWOGAUSSIANS",8,8.515773,0.29754767,0.02265718,0.27547312,0.10809822,0.80927306,0.06269623,0.80949986,0.0031613987,0.28503317,0.027639467,0.49906325,0.04692388
375316653866487564,3343895583428597248,0.498709,2289.6317388630764,0.14283458888751113,6.535757E-5,15.688674,0.00475726,0.4289965,0.0058751972,0.054664124,0.007942612,0.4510477,0.17906538,0.80088973,0.01656136,0.05341559,0.014366768,0.22975686,0.051341534,null,null,null,null,"TWOGAUSSIANS",8,10.567949,0.4289965,0.0058751972,0.30611908,0.04447863,0.45104766,0.17906553,0.80088973,0.01656136,0.29912728,0.0804539,0.22975683,0.051341575
375316653866487564,3343896816080668928,0.48244599,2232.1489627934543,1.1383633366803967,4.4847788E-5,19.281626,0.11802273,0.20472312,0.018727269,0.0494351,0.024655808,0.08223785,0.035951316,0.6385484,0.033386074,0.15702574,0.10883327,0.17580199,0.11072739,null,null,null,null,"TWOGAUSSIANS",8,2.2880557,0.6385484,0.033386074,0.4,0.0,0.16968718,0.024717648,0.20663312,0.016744165,0.27683657,0.13807252,0.0803152,0.022146856
375316653866487564,3343897090958610560,0.7099671,2274.686417156681,1.9338975461068715,3.0877945E-5,16.879316,8.923627E-4,0.26884794,0.028143892,0.047850788,0.013190999,0.004909682,0.0015653188,0.6724482,1.0681368E-5,0.03362401,5.5052642E-5,2.2714653,0.0063758856,null,null,null,null,"TWOGAUSSIANS",8,0.843977,0.6724482,1.0681368E-5,0.18829446,3.082948E-4,2.2714653,0.0063758856,0.26884794,0.028143892,0.26796442,0.07386959,0.004909682,0.0015653188
375316653866487564,3343902107480500864,0.5048651,2254.7134767298558,0.10564200199740004,2.0195603E-4,19.868093,0.012384886,0.2523548,0.0070813275,0.048842534,0.0055820164,0.50136113,0.14818929,null,null,null,null,null,null,null,null,null,null,"ONEGAUSSIAN",5,2.2625322,0.2523548,0.0070813275,0.27351817,0.03125929,0.50136113,0.0,null,null,null,null,null,null
375316653866487564,3343904963637094656,0.615422,2263.086329836636,0.15985870024462584,1.2839647E-5,15.604899,6.388938E-4,0.7928266,0.054773476,0.055133753,0.041414443,0.002219511,0.0027835937,0.6333076,2.3543758E-4,0.007153052,2.2727916E-4,0.5140267,0.01350817,null,null,null,null,"TWOGAUSSIANS",8,18.733774,0.6333076,2.3543758E-4,0.040057093,0.0012727634,0.51406044,0.013508137,0.7928266,0.054773476,0.30874902,0.23192088,0.002219511,0.0027835937
375316653866487564,3343905887053520256,0.6156119,2223.48956338783,2.9620247367099473,8.41262E-6,19.031843,0.009883997,0.27620396,0.004904769,0.07423069,0.006505353,0.37616634,0.01102772,0.766349,0.004759196,0.07284842,0.0076852464,0.35635242,0.010939171,null,null,null,null,"TWOGAUSSIANS",8,0.73109347,0.27620396,0.004904769,0.4,0.0,0.3743658,0.009238367,0.766349,0.004759196,0.4,0.023993187,0.35455185,0.009717595
375316653866487564,3343910422539101440,0.46483168,2295.7875625799943,4.09586907962315,8.207707E-5,18.162058,0.0046903067,0.29988748,0.005683433,0.088791825,0.009929088,0.061826743,0.0062416526,0.8133964,0.0070053292,0.06982871,0.008607989,0.068491645,0.009333761,null,null,null,null,"TWOGAUSSIANS",8,1.2577047,0.8133964,0.0070053292,0.39104077,0.03791751,0.06781209,0.009287724,0.29988748,0.005683433,0.4,0.0,0.061147172,0.0060298163
375316653866487564,3343912110462746880,0.54916614,2260.1917924533154,2.641217058294319,2.3100007E-5,13.353918,0.7065435,0.28870544,0.00476641,0.15767331,0.07088534,0.4527324,0.5109538,0.78771573,0.010786275,0.19882879,0.1529456,0.46939227,0.6857567,null,null,null,null,"TWOGAUSSIANS",8,82.48589,0.28911543,0.0042164694,0.4,0.0,0.15176453,0.0060381754,0.78771573,0.010859419,0.4,0.0,0.13460533,0.01214419
375316653866487564,3343913106895163008,0.5132699,2311.9789035084714,0.1716928945151219,1.5319556E-5,14.222418,0.0022805503,0.20174545,0.026498133,0.053939734,0.01920558,0.09700481,0.016264033,0.70506895,0.002229344,0.05833677,0.0043968563,0.08005391,0.006520407,null,null,null,null,"TWOGAUSSIANS",8,30.403309,0.20174545,0.026498133,0.3020625,0.10755125,0.096997224,0.01623719,0.70506895,0.002229344,0.3266859,0.024622396,0.080046326,0.0065250928
375316653866487564,3343916572930485888,0.5239653,2239.7248424907593,2.80635386359496,1.18994585E-5,16.708496,0.0034424167,0.34473848,0.0096211815,0.035028193,0.0052913018,0.12884386,0.015095205,0.77081156,8.271356E-5,0.010029687,0.0017085936,1.0829103,0.5453869,null,null,null,null,"TWOGAUSSIANS",8,11.503495,0.77081156,8.271356E-5,0.056166243,0.009568124,1.0829103,0.5453869,0.34473848,0.0096211815,0.19615789,0.02963129,0.12884386,0.015095205
375316653866487564,3343916607290222848,0.5426586,2243.992492751246,3.0272677816917186,2.2440892E-5,17.092525,0.04796132,0.1786153,0.004031239,0.1011826,0.019217694,0.25113627,0.04532645,0.6957648,0.011745617,0.10250326,0.02413497,0.2409898,0.046005603,null,null,null,null,"TWOGAUSSIANS",8,15.341507,0.1786053,0.0040081823,0.4,0.0,0.23154739,0.01969401,0.6957648,0.011759238,0.4,0.0,0.22139992,0.021794088
375316653866487564,3343919287351755904,0.5653106,2282.033495544745,2.185848831897933,1.0677328E-5,17.92302,0.011779798,0.22362895,0.0048726345,0.1173805,0.012916671,0.13749152,0.010742312,0.7345853,0.0012460955,0.08893969,0.0049717105,0.2552346,0.009160161,null,null,null,null,"TWOGAUSSIANS",8,2.1456802,0.7345953,0.0012415336,0.4,0.0,0.23901011,0.0030573606,0.22362895,0.0048726345,0.4,0.0,0.12123318,0.007983282
375316653866487564,3343920666037540096,0.7020762,2266.415941637711,0.8323838320299405,3.9831853E-6,15.098396,0.0031829944,0.3215908,0.007311947,0.03611925,0.00312001,0.2786951,0.014407766,0.82294756,0.007113114,0.036204256,0.0037954065,0.28527054,0.059087552,0.03269416,0.0036637965,0.3215908,0.007311947,"TWOGAUSSIANS_WITH_ELLIPSOIDAL_ON_ECLIPSE1",9,3.5174932,0.82294756,0.006979937,0.20274383,0.021254277,0.3506541,0.059323393,0.3215908,0.007311947,0.2022678,0.017472057,0.34408343,0.019926833
