Gaia/vari_eclipsing_binary/VariEclipsingBinary_469315-469353.csv
# %ECSV 1.0
# ---
# delimiter: ','
# meta: !!omap
# - RELEASE: Gaia DR3
# - TABLE: vari_eclipsing_binary
# - DESCRIPTION: >
#     This table describes the properties of the eclipsing binaries resulting from the variability analysis. 
# - CITATION: >
#     How to cite and acknowledge Gaia: 
#     https://gea.esac.esa.int/archive/documentation/credits.html 
# - KNOWN_ISSUES: >
#     Known issues: 
#     https://www.cosmos.esa.int/web/gaia-users/known-issues 
# - DOCUMENTATION: >
#     Tutorials and documentation: 
#     https://www.cosmos.esa.int/web/gaia-users/archive 
# datatype:
# - 
#   name: solution_id
#   datatype: int64
#   description: Solution Identifier
#   meta:
#     ucd: meta.version
# - 
#   name: source_id
#   datatype: int64
#   description: Unique source identifier
#   meta:
#     ucd: meta.id;meta.main
# - 
#   name: global_ranking
#   datatype: float32
#   description: Number between 0 (worst) and 1 (best)
#   meta:
#     ucd: stat.param
# - 
#   name: reference_time
#   datatype: float64
#   unit: d
#   description: Reference time used for the geometric model fit
#   meta:
#     ucd: time.epoch
# - 
#   name: frequency
#   datatype: float64
#   unit: d**-1
#   description: Frequency of geometric model of the eclipsing binary light curve
#   meta:
#     ucd: src.orbital
# - 
#   name: frequency_error
#   datatype: float32
#   unit: d**-1
#   description: "Uncertainty of \\texttt{frequency}"
#   meta:
#     ucd: stat.error
# - 
#   name: geom_model_reference_level
#   datatype: float32
#   unit: mag
#   description: Magnitude reference level of geometric model
#   meta:
#     ucd: phot.mag;em.opt
# - 
#   name: geom_model_reference_level_error
#   datatype: float32
#   unit: mag
#   description: "Uncertainty of \\texttt{geomModelReferenceLevel}"
#   meta:
#     ucd: stat.error;phot.mag;em.opt
# - 
#   name: geom_model_gaussian1_phase
#   datatype: float32
#   description: Phase of the Gaussian 1 component
#   meta:
#     ucd: time.phase
# - 
#   name: geom_model_gaussian1_phase_error
#   datatype: float32
#   description: "Uncertainty of \\texttt{geomModelGaussian1Phase}"
#   meta:
#     ucd: stat.error;time.phase
# - 
#   name: geom_model_gaussian1_sigma
#   datatype: float32
#   description: "Standard deviation [phase] of Gaussian 1 component"
#   meta:
#     ucd: stat.stdev
# - 
#   name: geom_model_gaussian1_sigma_error
#   datatype: float32
#   description: "Uncertainty of \\texttt{geomModelGaussian1Sigma}"
#   meta:
#     ucd: stat.error
# - 
#   name: geom_model_gaussian1_depth
#   datatype: float32
#   unit: mag
#   description: Magnitude depth of Gaussian 1 component
#   meta:
#     ucd: src.var.amplitude
# - 
#   name: geom_model_gaussian1_depth_error
#   datatype: float32
#   unit: mag
#   description: "Uncertainty of \\texttt{geomModelGaussian1Depth}"
#   meta:
#     ucd: stat.error;src.var.amplitude
# - 
#   name: geom_model_gaussian2_phase
#   datatype: float32
#   description: Phase of Gaussian 2 component
#   meta:
#     ucd: time.phase
# - 
#   name: geom_model_gaussian2_phase_error
#   datatype: float32
#   description: "Uncertainty of \\texttt{geomModelGaussian2Phase}"
#   meta:
#     ucd: stat.error;time.phase
# - 
#   name: geom_model_gaussian2_sigma
#   datatype: float32
[...]
#   datatype: float32
#   description: "Secondary eclipse: uncertainty of \\texttt{derivedSecondaryEclDuration}"
#   meta:
#     ucd: stat.error;time.duration
# - 
#   name: derived_secondary_ecl_depth
#   datatype: float32
#   unit: mag
#   description: "Secondary eclipse: depth"
#   meta:
#     ucd: src.var.amplitude
# - 
#   name: derived_secondary_ecl_depth_error
#   datatype: float32
#   unit: mag
#   description: "Secondary eclipse: uncertainty of \\texttt{derivedSecondaryEclDepth}"
#   meta:
#     ucd: stat.error;src.var.amplitude
solution_id,source_id,global_ranking,reference_time,frequency,frequency_error,geom_model_reference_level,geom_model_reference_level_error,geom_model_gaussian1_phase,geom_model_gaussian1_phase_error,geom_model_gaussian1_sigma,geom_model_gaussian1_sigma_error,geom_model_gaussian1_depth,geom_model_gaussian1_depth_error,geom_model_gaussian2_phase,geom_model_gaussian2_phase_error,geom_model_gaussian2_sigma,geom_model_gaussian2_sigma_error,geom_model_gaussian2_depth,geom_model_gaussian2_depth_error,geom_model_cosine_half_period_amplitude,geom_model_cosine_half_period_amplitude_error,geom_model_cosine_half_period_phase,geom_model_cosine_half_period_phase_error,model_type,num_model_parameters,reduced_chi2,derived_primary_ecl_phase,derived_primary_ecl_phase_error,derived_primary_ecl_duration,derived_primary_ecl_duration_error,derived_primary_ecl_depth,derived_primary_ecl_depth_error,derived_secondary_ecl_phase,derived_secondary_ecl_phase_error,derived_secondary_ecl_duration,derived_secondary_ecl_duration_error,derived_secondary_ecl_depth,derived_secondary_ecl_depth_error
[from data line 150]
375316653866487564,4128244503910140800,0.47266653,2346.4101420705033,1.6954616843426646,7.081535E-5,19.169472,0.91914,0.07088982,0.04216831,0.12448661,0.1423495,0.3590986,0.8885812,0.51916516,0.022381471,0.106927715,0.05786283,0.65022033,0.68518263,null,null,null,null,"TWOGAUSSIANS",8,4.5699797,0.51916516,0.022381471,0.4,0.0,0.5966489,0.14760418,0.07105982,0.04071129,0.4,0.06523634,0.3050594,0.109379955
375316653866487564,4128245156745646208,0.5914831,2265.303376821084,3.4291890969766636,1.2978985E-5,19.259626,0.007466778,0.17846213,0.0027980881,0.08059701,0.0035095995,0.39336395,0.015874233,0.700468,0.005569852,0.062394924,0.007887568,0.3770812,0.028696444,null,null,null,null,"TWOGAUSSIANS",8,0.9423068,0.17846213,0.0027980881,0.4,0.0,0.39238626,0.016012616,0.700468,0.005569852,0.34941158,0.044170383,0.37610352,0.029167896
375316653866487564,4128247836809837184,0.5110667,2246.0177861546476,3.601631667933439,1.6091228E-5,19.756477,0.01863553,0.2271876,0.0031484829,0.07143467,0.0051328284,0.49742836,0.031823277,0.72018087,0.006078939,0.06952369,0.015332868,0.49430442,0.11508391,null,null,null,null,"TWOGAUSSIANS",8,1.849025,0.2271876,0.0031484829,0.4,0.017294327,0.49588954,0.031383175,0.72018087,0.006078939,0.38933265,0.02588397,0.4927656,0.11804247
375316653866487564,4128248111693254912,0.6348752,2277.8223561799955,1.2652240838911089,6.690292E-6,16.638348,0.006506997,0.26255047,0.0010667079,0.092530325,0.0026321453,0.23808418,0.00660916,0.76720095,0.0022861846,0.10207207,0.004627269,0.1960378,0.007551967,null,null,null,null,"TWOGAUSSIANS",8,2.1466906,0.26255047,0.0010667079,0.4,0.0,0.22323076,0.004455378,0.76720095,0.0022861846,0.4,0.0,0.18118213,0.0066685537
375316653866487564,4128251100980722560,0.49634466,2279.8097877526343,2.6870350487438723,2.4254992E-5,18.67894,0.0078100627,null,null,null,null,null,null,null,null,null,null,null,null,0.12828037,0.009674629,0.2812473,0.0077760317,"ELLIPSOIDAL",4,7.940765,null,null,null,null,null,null,null,null,null,null,null,null
375316653866487564,4128251238420922752,0.55629855,2253.42491294518,3.113718565046928,1.696219E-5,18.958597,0.016840277,0.19503684,0.0036930894,0.103619084,0.01143124,0.2380472,0.01847002,0.70808035,0.0067092227,0.08237265,0.006093771,0.2949208,0.016727112,null,null,null,null,"TWOGAUSSIANS",8,1.5923867,0.70808035,0.0067089573,0.4,0.0,0.28338513,0.011036054,0.19503684,0.0036930894,0.4,0.0,0.22650658,0.019040685
375316653866487564,4128251547658631808,0.5340819,2251.563721350505,3.5854881951490607,3.3295317E-5,18.787579,0.079367265,0.3068388,0.007807222,0.11948463,0.026719382,0.24154802,0.07711458,0.80234736,0.0060762092,0.120234616,0.02829893,0.23310757,0.07597024,null,null,null,null,"TWOGAUSSIANS",8,1.2625978,0.3068588,0.007851189,0.4,0.0,0.18980795,0.015308259,0.80234736,0.0060762092,0.4,0.0,0.18136166,0.01197518
375316653866487564,4128252337932662912,0.4730404,2273.4102672105414,4.438198020758779,7.746485E-5,19.747349,0.017078213,0.31266555,0.012085476,0.08902871,0.015067635,0.17312601,0.048362467,0.8022804,0.06890656,0.027951233,0.044340648,0.32009706,0.3616451,null,null,null,null,"TWOGAUSSIANS",8,1.894914,0.8022804,0.06890656,0.15652691,0.24830763,0.32007197,0.36206445,0.31266555,0.012085476,0.4,0.0,0.17310084,0.048217166
375316653866487564,4128252750221813376,0.56242657,2255.483673341452,2.521735971706093,8.050388E-6,18.348991,0.032694664,0.2501154,0.0037503447,0.090191595,0.012324302,0.2240384,0.03249158,0.74182814,0.0035062218,0.098707825,0.014859451,0.21835172,0.028891621,null,null,null,null,"TWOGAUSSIANS",8,1.7961057,0.2501154,0.0037552165,0.4,0.0,0.21221615,0.016268875,0.74182814,0.0035062218,0.4,0.0,0.20652829,0.012739519
375316653866487564,4128254463914679296,0.6755515,2264.2242547308165,0.44320811094581253,2.4258268E-6,17.06134,0.0017924347,0.23485552,0.0050452687,0.021439783,0.015146012,0.06987998,5.366288E12,0.73539263,2.3601633E-4,0.025744842,2.1120296E-4,0.8420158,0.0036732447,0.024946446,0.0032599424,0.23485552,0.0050452687,"TWOGAUSSIANS_WITH_ELLIPSOIDAL_ON_ECLIPSE1",9,3.753515,0.73539263,2.3601633E-4,0.14417112,0.0011827366,0.89190805,0.0037129011,0.23485552,0.0050452687,0.12006278,0.08481767,0.11977284,5.366288E12
375316653866487564,4128255773882026368,0.44461766,2324.629762808041,2.530957993593629,4.674251E-5,18.591091,0.7227235,0.2037164,0.0135467965,0.16208723,0.09120702,0.38888612,0.68036425,0.6864312,0.019749643,0.15153866,0.07728078,0.34122202,0.63688976,null,null,null,null,"TWOGAUSSIANS",8,5.5849004,0.2053664,0.009527825,0.4,0.0,0.20482723,0.01697508,0.6864312,0.019749643,0.4,0.0,0.16100302,0.02418947
375316653866487564,4128255872669341312,0.59649014,2295.339063525475,3.320540893156138,7.523343E-6,17.93542,0.007586129,0.25960365,0.0021641003,0.044917174,0.0029256197,0.5183468,0.04690508,0.7665276,0.0079071,0.041242253,0.009016307,0.4164883,0.07424678,0.1311707,0.013336897,0.25960365,0.0021641003,"TWOGAUSSIANS_WITH_ELLIPSOIDAL_ON_ECLIPSE1",9,10.061698,0.25960365,0.0021641003,0.25153616,0.01638347,0.78068805,0.0490749,0.7665276,0.0079071,0.23095661,0.050491318,0.67833334,0.084019355
375316653866487564,4128256456779602176,0.5797567,2261.556651880747,1.8861112436202383,1.5358626E-5,17.545221,0.0077790134,0.24703684,0.007113783,0.068480924,0.00920318,0.29531005,0.010527385,0.73764175,0.00529272,0.09681941,0.009949872,0.15242313,0.012787472,null,null,null,null,"TWOGAUSSIANS",8,3.3694732,0.24703684,0.007113783,0.38349316,0.01906499,0.29193434,0.014070475,0.73764175,0.00529272,0.4,0.0,0.14904685,0.013235002
375316653866487564,4128256456797266048,0.5626703,2244.594204408124,3.3656694969160266,1.1677878E-5,19.456482,0.011731576,0.2728614,0.0029839142,0.074381076,0.007452455,0.47349653,0.028732382,0.7724246,0.0031035247,0.08029399,0.005203834,0.36002612,0.019075228,null,null,null,null,"TWOGAUSSIANS",8,1.6268123,0.2728614,0.0029839142,0.4,0.010450712,0.46912572,0.030178372,0.7724246,0.0031035247,0.4,0.0,0.3556553,0.019397028
375316653866487564,4128256559862430464,0.48329058,2266.244694146994,0.12061865550708133,4.860778E-5,17.925917,0.010650283,0.24964882,0.0051595597,0.053314168,0.0051097325,0.6707091,0.27701035,0.86417586,0.01689128,0.053863395,0.030257558,0.037529156,0.114467785,null,null,null,null,"TWOGAUSSIANS",8,19.078342,0.24964882,0.0051595597,0.29855934,0.028614502,0.6707091,0.2770104,0.86417586,0.01689128,0.30163503,0.16944233,0.037529137,0.114467785
375316653866487564,4128257075258534528,0.5517317,2292.1870579581514,2.968058845703819,7.712199E-6,18.617357,0.00846831,0.28735685,0.0020212554,0.044934765,0.005240443,0.19616628,0.011790029,0.7870032,0.035759613,0.03675292,0.016918736,0.23799291,0.33674425,0.09644264,0.009638309,0.28735685,0.0020212554,"TWOGAUSSIANS_WITH_ELLIPSOIDAL_ON_ECLIPSE1",9,2.5751162,0.7870332,0.033591505,0.20581636,0.09474492,0.43087703,0.34519452,0.28735685,0.0020212554,0.2516347,0.029346481,0.38905126,0.011526148
375316653866487564,4128257526225603584,0.46655807,2191.0195954312817,0.19966501097642658,2.9587909E-5,19.658077,0.2604584,0.22989087,0.0042011766,0.07774736,0.018891564,1.2740375,0.23567688,0.7629125,0.014409711,0.105960116,0.06645865,0.43996254,0.24754925,null,null,null,null,"TWOGAUSSIANS",8,6.376261,0.22989087,0.0039597596,0.4,0.0,1.2544037,0.26043248,0.7629125,0.014403932,0.4,0.0,0.4203007,0.07393575
375316653866487564,4128257766747471360,0.5324511,2302.807808369788,3.0033873730613583,1.8620362E-5,17.42259,0.013451284,0.13646089,0.0052565415,0.08669237,0.0068378495,0.2242774,0.014554389,0.63181674,0.0053278226,0.09708474,0.008041941,0.25792933,0.013740299,null,null,null,null,"TWOGAUSSIANS",8,8.81744,0.63181674,0.0053278226,0.4,0.0,0.2468162,0.009555696,0.13646089,0.0052565415,0.4,0.0,0.21316516,0.01101947
375316653866487564,4128257801107205760,0.49411654,2256.6839035962194,1.81761560263294,2.9553712E-5,19.35671,0.019804684,0.267141,0.0027649277,0.04695134,0.005600043,0.31754234,0.049283393,0.75097555,0.022384778,0.04830332,0.016998822,0.38023826,0.08246641,null,null,null,null,"TWOGAUSSIANS",8,4.450555,0.75097555,0.022384778,0.27049857,0.0951934,0.38023797,0.08249659,0.267141,0.0027649277,0.2629275,0.03136024,0.31754208,0.049281284
375316653866487564,4128258076013013632,0.61763877,2258.223063369073,1.801892993726641,2.1382606E-5,17.098244,0.0024735713,0.18379217,0.004810713,0.057104345,0.0045290706,0.0859441,0.005840359,0.67924005,0.002455117,0.045750193,0.0022866498,0.3936447,0.0071260165,null,null,null,null,"TWOGAUSSIANS",8,3.032965,0.67924005,0.002455117,0.2562011,0.012805239,0.39364272,0.007126021,0.18379217,0.004810713,0.3197843,0.025362795,0.085942134,0.005840772
375316653866487564,4128258625737316224,0.4934471,2271.292398222342,3.7098146408022976,1.7911862E-5,18.827902,0.07476244,0.2554026,0.00623382,0.118765645,0.02605764,0.24872835,0.069228314,0.7348836,0.0051409006,0.11430389,0.022390699,0.25297585,0.0714858,null,null,null,null,"TWOGAUSSIANS",8,2.2967656,0.7348836,0.0051409006,0.4,0.0,0.21164823,0.02099732,0.2554626,0.0061623114,0.4,0.0,0.20735829,0.015936261
375316653866487564,4128258930698263296,0.48454267,2247.7939357695554,3.1217428256974,2.4164337E-5,19.58196,0.029036537,0.21034032,0.007994233,0.08078542,0.010601135,0.3317013,0.029533403,0.7192907,0.0046704006,0.08279409,0.010320696,0.3443259,0.034057043,null,null,null,null,"TWOGAUSSIANS",8,2.843586,0.7192907,0.0046704006,0.4,0.0,0.3389817,0.031660065,0.21034032,0.007994233,0.4,0.0,0.32635713,0.023585156
375316653866487564,4128259136839234304,0.618799,2253.546045060117,1.8043356573813043,4.7847384E-6,17.237745,0.0063821394,0.2462317,0.001023062,0.09179747,0.0028527877,0.2687771,0.006733461,0.74932,0.0037258435,0.09674486,0.0060015894,0.22645895,0.0065500136,null,null,null,null,"TWOGAUSSIANS",8,1.6728604,0.2462317,0.001023062,0.4,0.0,0.2547946,0.0053109447,0.74932,0.0037258435,0.4,0.0,0.21247591,0.0052197236
375316653866487564,4128259377357362304,0.59357625,2277.9021239869085,1.1231226775238516,1.945464E-5,16.626848,0.0039796107,0.2732128,0.0035254883,0.04941969,0.0127336215,0.52755415,0.33409235,0.7782048,0.007116539,0.03884471,0.006863442,0.0861393,0.009065683,0.03810824,0.005146594,0.2732128,0.0035254883,"TWOGAUSSIANS_WITH_ELLIPSOIDAL_ON_ECLIPSE1",9,4.7891345,0.2732128,0.0035254883,0.27675027,0.07130828,0.60376906,0.33762577,0.7782048,0.007116539,0.21753037,0.038435273,0.16227928,0.0034266051
375316653866487564,4128259446077682304,0.5334126,2301.463990524424,3.0335979678167995,2.9727575E-5,18.531876,0.009875382,0.27622163,0.008168022,0.08013918,0.00892957,0.34173003,0.018979289,0.76346177,0.004028467,0.08123182,0.007728491,0.2965941,0.011356851,null,null,null,null,"TWOGAUSSIANS",8,4.637963,0.27622163,0.008168022,0.4,0.0,0.3376452,0.018643694,0.76346177,0.004028467,0.4,0.0,0.2925093,0.011436337
375316653866487564,4128259519122000256,0.5569934,2290.4143748544293,0.9232408539750753,6.654756E-6,16.101511,0.0023802551,0.2122196,0.018093409,0.046222318,0.0054525407,0.26332211,0.10540196,0.7357424,0.007968127,0.029552229,0.003974647,0.90116036,0.7835349,null,null,null,null,"TWOGAUSSIANS",8,15.140698,0.7357424,0.007968127,0.16549249,0.022258023,0.90116036,0.7835349,0.2122196,0.018093409,0.25884497,0.030534228,0.26332211,0.10540197
375316653866487564,4128259725280473600,0.47787607,2280.0203175726197,2.407742447705443,3.2076234E-5,16.298662,0.028901342,0.2222517,0.012061269,0.11823605,0.055377405,0.0428131,0.028180333,0.7181238,0.010444369,0.0932285,0.038574092,0.057072043,0.025891071,null,null,null,null,"TWOGAUSSIANS",8,4.2291894,0.7181238,0.0106594395,0.4,0.0,0.051493842,0.0058466145,0.2222517,0.012061376,0.4,0.0,0.03722364,0.002585947
375316653866487564,4128259793999946752,0.62864417,2301.200759611204,0.26021253917227627,1.7809302E-6,17.752846,0.0016111131,0.16330975,5.0959014E-4,0.01599522,5.8194343E-4,0.47458538,0.013414717,0.42305225,0.011470454,0.033666037,0.03541369,0.017552769,1.3990003,null,null,null,null,"TWOGAUSSIANS",8,2.3371322,0.16330975,5.0959014E-4,0.08957323,0.0032588833,0.47458538,0.013414717,0.42305225,0.011470454,0.1885298,0.19831666,0.017552769,1.3990003
375316653866487564,4128259995836317696,0.57107633,2276.5474258080894,1.666139242444354,1.0357332E-5,17.381771,0.007047851,0.26424286,0.004759291,0.08393854,0.0063080406,0.14244735,0.010958716,0.7589692,0.0020103524,0.07835949,0.0026211704,0.29544324,0.006911027,null,null,null,null,"TWOGAUSSIANS",8,3.269376,0.7589692,0.0020103524,0.4,0.0,0.2922894,0.005397101,0.26424286,0.004759291,0.4,0.0,0.13929354,0.010531831
375316653866487564,4128260648668545920,0.52866733,2276.895102301644,3.3242498836376493,1.533757E-5,19.133987,0.015159864,0.17094111,0.0056358883,0.08438426,0.013002867,0.2892958,0.03345101,0.6687985,0.004245048,0.07498821,0.007329073,0.32352862,0.019604838,null,null,null,null,"TWOGAUSSIANS",8,2.3046672,0.6687985,0.004245048,0.4,7.1037095E-4,0.3192773,0.019258836,0.17094111,0.0056358883,0.4,0.0,0.28504443,0.037341416
375316653866487564,4128260721718758528,0.46515074,2257.327505076748,0.83503964759356,7.092939E-5,17.97375,0.008588005,0.13755624,0.006724139,0.017960196,0.0033844782,0.6247827,0.20796458,0.6732763,0.0023555625,0.040957507,0.0030892817,0.6236776,0.063049205,null,null,null,null,"TWOGAUSSIANS",8,10.892579,0.13755624,0.006724139,0.1005771,0.018953077,0.6247827,0.20796458,0.6732763,0.0023555625,0.22936204,0.017299978,0.6236776,0.063049205
375316653866487564,4128261065283117312,0.48063433,2278.4236624546866,3.943443108862152,3.947081E-5,19.82155,0.008112562,0.5124614,0.009056203,0.14907736,0.013863278,0.34428605,0.032771755,0.8967251,0.035336662,0.018523164,0.015041547,0.39356515,563.4338,null,null,null,null,"TWOGAUSSIANS",8,1.7870802,0.8967251,0.035336662,0.10372972,0.084232666,0.40357,563.43445,0.5124614,0.009056203,0.4,0.0,0.3418014,0.03511066
375316653866487564,4128261477627211776,0.5177509,2349.4009874254916,0.02858246948546044,1.611254E-4,19.016455,0.020650625,0.48120183,0.029433459,0.030210586,0.017843183,0.6111,0.51311725,0.80835164,0.041830953,0.16066813,0.06856731,0.0493896,0.03186136,null,null,null,null,"TWOGAUSSIANS",8,2.0455022,0.4813218,0.029145738,0.16917929,0.09992182,0.6165465,0.51443946,0.80835164,0.041830953,0.4,0.0,0.048610285,0.031789605
375316653866487564,4128261889913038976,0.47050652,2268.5352137915747,3.269771948136211,2.0679056E-5,19.48341,0.017576147,0.21124688,0.0043555,0.07164283,0.008161628,0.27548304,0.01687486,0.70439875,0.0055530323,0.06352511,0.013844573,0.23471673,0.022940064,null,null,null,null,"TWOGAUSSIANS",8,3.8936353,0.21124688,0.0043555,0.4,0.02759391,0.27503178,0.016629312,0.70439875,0.0055530323,0.3557406,0.07752961,0.23426545,0.023316693
375316653866487564,4128261954352327040,0.5561133,2279.2309622046787,3.639255958267069,6.826118E-6,19.583834,0.011094059,0.26540613,0.0039459043,0.067484975,0.0063299043,0.6479917,0.07509789,0.7682724,0.0022504702,0.062477984,0.005681957,0.6023008,0.039276935,null,null,null,null,"TWOGAUSSIANS",8,1.750954,0.26540613,0.0039459043,0.37791586,0.028524565,0.6472903,0.07555639,0.7682724,0.0022504702,0.3498767,0.03181896,0.6015994,0.039740004
375316653866487564,4128262645827369600,0.5032273,2300.4874158998587,2.2926676493337577,1.8789928E-5,18.491415,0.015580239,0.1429533,0.009276895,0.1145556,0.021347718,0.09882975,0.014602313,0.6310588,0.005208394,0.08722617,0.011783777,0.19504766,0.0128272,null,null,null,null,"TWOGAUSSIANS",8,1.4486417,0.6310588,0.005208394,0.4,0.0,0.18475033,0.009538105,0.1429533,0.009276895,0.4,0.0,0.088516615,0.005680499
375316653866487564,4128262645827409152,0.5499105,2287.1663943680646,3.296343915936455,1.1432677E-5,18.325447,0.013186991,0.3095252,0.0049328683,0.08121249,0.006508251,0.31809506,0.019096483,0.8199705,0.001989275,0.082554296,0.0054155644,0.3983706,0.018795563,null,null,null,null,"TWOGAUSSIANS",8,4.8979216,0.8199705,0.001989275,0.4,0.0,0.39283758,0.019199174,0.3095252,0.0049328683,0.4,0.0,0.31256205,0.018490763
