Gaia/vari_eclipsing_binary/VariEclipsingBinary_496318-496638.csv
# %ECSV 1.0
# ---
# delimiter: ','
# meta: !!omap
# - RELEASE: Gaia DR3
# - TABLE: vari_eclipsing_binary
# - DESCRIPTION: >
#     This table describes the properties of the eclipsing binaries resulting from the variability analysis. 
# - CITATION: >
#     How to cite and acknowledge Gaia: 
#     https://gea.esac.esa.int/archive/documentation/credits.html 
# - KNOWN_ISSUES: >
#     Known issues: 
#     https://www.cosmos.esa.int/web/gaia-users/known-issues 
# - DOCUMENTATION: >
#     Tutorials and documentation: 
#     https://www.cosmos.esa.int/web/gaia-users/archive 
# datatype:
# - 
#   name: solution_id
#   datatype: int64
#   description: Solution Identifier
#   meta:
#     ucd: meta.version
# - 
#   name: source_id
#   datatype: int64
#   description: Unique source identifier
#   meta:
#     ucd: meta.id;meta.main
# - 
#   name: global_ranking
#   datatype: float32
#   description: Number between 0 (worst) and 1 (best)
#   meta:
#     ucd: stat.param
# - 
#   name: reference_time
#   datatype: float64
#   unit: d
#   description: Reference time used for the geometric model fit
#   meta:
#     ucd: time.epoch
# - 
#   name: frequency
#   datatype: float64
#   unit: d**-1
#   description: Frequency of geometric model of the eclipsing binary light curve
#   meta:
#     ucd: src.orbital
# - 
#   name: frequency_error
#   datatype: float32
#   unit: d**-1
#   description: "Uncertainty of \\texttt{frequency}"
#   meta:
#     ucd: stat.error
# - 
#   name: geom_model_reference_level
#   datatype: float32
#   unit: mag
#   description: Magnitude reference level of geometric model
#   meta:
#     ucd: phot.mag;em.opt
# - 
#   name: geom_model_reference_level_error
#   datatype: float32
#   unit: mag
#   description: "Uncertainty of \\texttt{geomModelReferenceLevel}"
#   meta:
#     ucd: stat.error;phot.mag;em.opt
# - 
#   name: geom_model_gaussian1_phase
#   datatype: float32
#   description: Phase of the Gaussian 1 component
#   meta:
#     ucd: time.phase
# - 
#   name: geom_model_gaussian1_phase_error
#   datatype: float32
#   description: "Uncertainty of \\texttt{geomModelGaussian1Phase}"
#   meta:
#     ucd: stat.error;time.phase
# - 
#   name: geom_model_gaussian1_sigma
#   datatype: float32
#   description: "Standard deviation [phase] of Gaussian 1 component"
#   meta:
#     ucd: stat.stdev
# - 
#   name: geom_model_gaussian1_sigma_error
#   datatype: float32
#   description: "Uncertainty of \\texttt{geomModelGaussian1Sigma}"
#   meta:
#     ucd: stat.error
# - 
#   name: geom_model_gaussian1_depth
#   datatype: float32
#   unit: mag
#   description: Magnitude depth of Gaussian 1 component
#   meta:
#     ucd: src.var.amplitude
# - 
#   name: geom_model_gaussian1_depth_error
#   datatype: float32
#   unit: mag
#   description: "Uncertainty of \\texttt{geomModelGaussian1Depth}"
#   meta:
#     ucd: stat.error;src.var.amplitude
# - 
#   name: geom_model_gaussian2_phase
#   datatype: float32
#   description: Phase of Gaussian 2 component
#   meta:
#     ucd: time.phase
# - 
#   name: geom_model_gaussian2_phase_error
#   datatype: float32
#   description: "Uncertainty of \\texttt{geomModelGaussian2Phase}"
#   meta:
#     ucd: stat.error;time.phase
# - 
#   name: geom_model_gaussian2_sigma
#   datatype: float32
[...]
#   datatype: float32
#   description: "Secondary eclipse: uncertainty of \\texttt{derivedSecondaryEclDuration}"
#   meta:
#     ucd: stat.error;time.duration
# - 
#   name: derived_secondary_ecl_depth
#   datatype: float32
#   unit: mag
#   description: "Secondary eclipse: depth"
#   meta:
#     ucd: src.var.amplitude
# - 
#   name: derived_secondary_ecl_depth_error
#   datatype: float32
#   unit: mag
#   description: "Secondary eclipse: uncertainty of \\texttt{derivedSecondaryEclDepth}"
#   meta:
#     ucd: stat.error;src.var.amplitude
solution_id,source_id,global_ranking,reference_time,frequency,frequency_error,geom_model_reference_level,geom_model_reference_level_error,geom_model_gaussian1_phase,geom_model_gaussian1_phase_error,geom_model_gaussian1_sigma,geom_model_gaussian1_sigma_error,geom_model_gaussian1_depth,geom_model_gaussian1_depth_error,geom_model_gaussian2_phase,geom_model_gaussian2_phase_error,geom_model_gaussian2_sigma,geom_model_gaussian2_sigma_error,geom_model_gaussian2_depth,geom_model_gaussian2_depth_error,geom_model_cosine_half_period_amplitude,geom_model_cosine_half_period_amplitude_error,geom_model_cosine_half_period_phase,geom_model_cosine_half_period_phase_error,model_type,num_model_parameters,reduced_chi2,derived_primary_ecl_phase,derived_primary_ecl_phase_error,derived_primary_ecl_duration,derived_primary_ecl_duration_error,derived_primary_ecl_depth,derived_primary_ecl_depth_error,derived_secondary_ecl_phase,derived_secondary_ecl_phase_error,derived_secondary_ecl_duration,derived_secondary_ecl_duration_error,derived_secondary_ecl_depth,derived_secondary_ecl_depth_error
375316653866487564,4365663900802360704,0.49570423,2170.3468675060644,3.7234249647784927,2.9330948E-5,19.554619,0.02303237,0.3061708,0.0090433685,0.0937087,0.012103739,0.30182984,0.025188977,0.8043017,0.004882239,0.09098887,0.009810836,0.32492554,0.025536126,null,null,null,null,"TWOGAUSSIANS",8,2.4083595,0.8043017,0.004882239,0.4,0.0,0.30932415,0.023294328,0.3061708,0.0090433685,0.4,0.0,0.2862282,0.01965993
375316653866487564,4365672701200247168,0.5965898,2194.230401567023,1.3381510405311878,2.2081407E-5,17.08244,0.004107169,0.29217905,0.0011931722,0.042376265,0.002027634,0.8936077,0.06370923,0.7913166,0.007553468,0.040639345,0.0064798207,0.086122535,0.011295647,0.03399801,0.0059641465,0.29217905,0.0011931722,"TWOGAUSSIANS_WITH_ELLIPSOIDAL_ON_ECLIPSE1",9,12.148811,0.29217905,0.0011931722,0.23730709,0.011354751,0.9616036,0.06939854,0.7913966,0.007430858,0.22758032,0.036286995,0.15411668,0.005588485
375316653866487564,4365687437223481344,0.51299065,2137.0781457248013,3.1078313537062168,2.1757078E-5,19.482584,0.08166676,0.16967902,0.0059374827,0.08416046,0.021053838,0.32262498,0.07209178,0.6880634,0.027267938,0.08313961,0.04798321,0.29333293,0.076546855,null,null,null,null,"TWOGAUSSIANS",8,1.8681335,0.16967902,0.005915159,0.4,0.0,0.3175627,0.029089695,0.6880634,0.027267938,0.4,0.0,0.28827068,0.017256353
375316653866487564,4365692041428508928,0.5288448,2168.848159467849,3.267451258512915,6.6626685E-6,18.921144,0.012984976,0.277127,0.002120644,0.08135642,0.00361109,0.4575904,0.01694256,0.79614836,0.011874435,0.08237939,0.01569857,0.211793,0.025312703,null,null,null,null,"TWOGAUSSIANS",8,3.431851,0.277127,0.002120644,0.4,0.0,0.45353898,0.015722768,0.79614836,0.011874435,0.4,0.0,0.20774157,0.02518366
375316653866487564,4365736782104278400,0.5484174,2132.5783646803393,1.876317269231973,2.0967063E-5,16.78037,0.003679954,0.28204784,0.0057697566,0.05489797,0.016426964,0.026092654,0.009750649,0.7849591,0.005128334,0.039530326,0.005430361,0.11450895,0.012255447,0.029008491,0.005435969,0.28204784,0.0057697566,"TWOGAUSSIANS_WITH_ELLIPSOIDAL_ON_ECLIPSE1",9,4.3116417,0.7849591,0.005111801,0.22136982,0.03041002,0.1725057,0.01008783,0.28204784,0.0057697566,0.30742866,0.091991,0.084108815,0.008043499
375316653866487564,4365757702887069056,0.5961374,2171.9872960338807,1.5282897498008226,8.59947E-6,17.328213,0.007095522,0.25906023,0.004757147,0.09463837,0.005346653,0.19999187,0.010029465,0.75886077,0.0028760324,0.085384935,0.005957866,0.21393478,0.00847958,null,null,null,null,"TWOGAUSSIANS",8,2.721654,0.75886077,0.0028760324,0.4,0.0,0.20525135,0.009259378,0.25906023,0.004757147,0.4,0.0,0.19130811,0.008591457
375316653866487564,4365757707184995456,0.6301911,2177.54347029908,1.999226279732079,7.2441126E-6,17.272707,0.005932026,0.28230557,0.0031427913,0.0975266,0.0060579213,0.1171807,0.008168362,0.7689785,0.0019209994,0.07471439,0.0034203078,0.30673364,0.005796171,null,null,null,null,"TWOGAUSSIANS",8,1.9242432,0.7689785,0.0019209994,0.4,0.0,0.30267325,0.0045218226,0.28230557,0.0031427913,0.4,0.0,0.113119744,0.0073196418
375316653866487564,4365771584223714688,0.48972633,2205.5911928537435,0.11119828241077671,1.4705614E-4,17.40799,0.0018459157,0.17183071,0.0062413034,0.041261856,0.005210007,0.095136315,0.013146378,0.82929766,0.0047446503,0.01784163,0.0070250486,0.16384408,0.05327105,null,null,null,null,"TWOGAUSSIANS",8,3.457498,0.82929766,0.0047446503,0.09991313,0.039340273,0.16384408,0.05327105,0.17183071,0.0062413034,0.23106639,0.02917604,0.095136315,0.013146378
375316653866487564,4365776055285359232,0.46346936,2149.217162081248,4.155195738980813,1.2739669E-4,19.795996,0.013276749,0.19444577,0.035792686,0.039498776,0.019869007,0.30834517,0.077795856,0.7438182,0.008434187,0.091786504,0.010127425,0.23260678,0.023741076,null,null,null,null,"TWOGAUSSIANS",8,2.180807,0.19444577,0.035792686,0.22119315,0.11126644,0.30827355,0.07585083,0.7438182,0.008434187,0.4,0.0,0.2325338,0.023627717
375316653866487564,4365780345956657024,0.5830893,2131.1152797535624,3.607377453271003,1.3673694E-5,18.831352,0.009165941,0.24871732,0.008899983,0.06616652,0.006239085,0.4096768,0.063290454,0.7408688,0.0034569206,0.070259504,0.005401714,0.5066515,0.02025293,null,null,null,null,"TWOGAUSSIANS",8,2.8189752,0.7408688,0.0034569206,0.3934532,0.016549362,0.50575686,0.02053178,0.24871732,0.008899983,0.37053248,0.034938876,0.40878212,0.0634448
375316653866487564,4365782201382605312,0.5703789,2155.993364452272,2.7710633354817227,1.5092216E-5,16.10734,0.011411388,0.27876726,0.0033355097,0.047390394,0.012338529,0.10426648,0.035028327,0.7802152,0.010854709,0.05039197,0.013937304,0.14329934,0.07712798,0.107592046,0.012824801,0.27876726,0.0033355097,"TWOGAUSSIANS_WITH_ELLIPSOIDAL_ON_ECLIPSE1",9,41.03498,0.7802152,0.010519758,0.28219503,0.0780489,0.3584645,0.08831399,0.27876726,0.0033355097,0.2653862,0.06909577,0.31944945,0.028502267
375316653866487564,4365787183543011968,0.5520664,2195.0659071385207,3.7547162582057925,1.4939814E-5,17.856577,0.013613623,0.248632,0.0037720252,0.09662353,0.008556659,0.26620522,0.0118449,0.72395515,0.003594307,0.093719184,0.008857467,0.23045312,0.015561253,null,null,null,null,"TWOGAUSSIANS",8,4.0229836,0.248632,0.0037720252,0.4,0.0,0.2551059,0.009545305,0.72395515,0.003594307,0.4,0.0,0.21935476,0.01538871
375316653866487564,4365791585887024128,0.48355862,2172.0691542464924,0.9280638864943591,6.0926563E-5,13.976208,0.003491631,0.2170842,0.016303984,0.06865094,0.016162788,0.019471457,0.0062906183,0.7331606,0.011083565,0.08955668,0.01981794,0.07555574,0.013101407,null,null,null,null,"TWOGAUSSIANS",8,42.475895,0.7331606,0.011083565,0.4,0.0,0.075155176,0.014535778,0.2170842,0.016304277,0.38444525,0.0670332,0.019070929,0.005939688
375316653866487564,4365792925916826496,0.5982514,2195.5319322743017,3.329780186400793,1.1489345E-5,18.116102,0.009535906,0.21492583,0.0030181096,0.085755214,0.004744926,0.33760342,0.009470928,0.71919805,0.0023978837,0.09145937,0.0103171095,0.30129492,0.02447268,null,null,null,null,"TWOGAUSSIANS",8,2.5191689,0.21492583,0.0030181096,0.4,0.0,0.3265062,0.007150045,0.71919805,0.0023978837,0.4,0.0,0.29019752,0.030401696
375316653866487564,4365794021131265280,0.62984073,2197.131305211211,1.008444950889923,9.375347E-6,17.014196,0.0060535036,0.2704563,0.0032830983,0.08435098,0.0033483785,0.41938552,0.008962953,0.7803986,0.0013875272,0.096993856,0.0033836588,0.19819011,0.0060121426,null,null,null,null,"TWOGAUSSIANS",8,4.3201327,0.2704563,0.0032830983,0.4,0.0,0.40878615,0.007651634,0.7803986,0.0013875272,0.4,0.0,0.18758997,0.0040884423
375316653866487564,4365810208865334656,0.45273036,2170.9140395418567,1.4314364018998051,6.150242E-5,15.696394,0.010744225,0.12159729,0.009454457,0.03909067,0.006118008,0.26014352,0.05166305,0.6350789,0.02064121,0.029296184,0.008632257,0.26657286,0.04811032,null,null,null,null,"TWOGAUSSIANS",8,541.003,0.6350789,0.02064121,0.16405863,0.048340637,0.26657286,0.04811032,0.12159729,0.009454457,0.21890776,0.034260847,0.26014352,0.05166305
375316653866487564,4365818489563007616,0.54113835,2195.0190744599877,2.684454398964787,1.1278628E-5,15.01028,0.009603524,0.24165235,0.0034220337,0.089716144,0.0063846125,0.22323768,0.011063286,0.744477,0.004318033,0.09048166,0.0061797746,0.26829407,0.014907886,null,null,null,null,"TWOGAUSSIANS",8,85.03664,0.744477,0.004318033,0.4,0.0,0.2583202,0.014713885,0.24165235,0.0034220337,0.4,0.0,0.21326388,0.010216028
375316653866487564,4365822848952605184,0.46007305,2169.948331329011,0.22997419320013912,2.9557541E-5,18.69035,0.003619696,0.20239788,0.0021473393,0.012912764,0.0020242836,0.2575471,0.07745999,0.534689,0.013348064,0.013205664,0.022529967,0.33747655,0.3034589,null,null,null,null,"TWOGAUSSIANS",8,2.7489836,0.534689,0.013348064,0.07395172,0.1261678,0.33747655,0.3034589,0.20239788,0.0021473393,0.072311476,0.0113359885,0.2575471,0.07745999
375316653866487564,4365837692359722368,0.54815996,2241.933203565966,1.097958057365796,5.8841993E-6,18.85055,0.0018654845,0.62787175,1.7870709E-5,0.016669475,1.6489469E-4,0.25936854,0.0013018225,null,null,null,null,null,null,null,null,null,null,"ONEGAUSSIAN",5,0.67737544,0.62787175,1.7870709E-5,0.09334906,9.234103E-4,0.25936854,0.0,null,null,null,null,null,null
375316653866487564,4365849688205165568,0.49587122,2168.0006504583775,1.4255796039638078,1.6731621E-5,17.293737,0.0017802586,null,null,null,null,null,null,null,null,null,null,null,null,0.041813847,0.0025778576,0.26469126,0.0044541666,"ELLIPSOIDAL",4,4.037704,null,null,null,null,null,null,null,null,null,null,null,null
375316653866487564,4365855220122849792,0.58955425,2157.529079150405,1.242784722835199,3.2155152E-5,16.147974,0.0015425072,0.7808383,0.0015638402,0.0075061843,0.0011451083,0.3006753,0.04089991,0.93682617,0.06022709,0.013929611,0.04040569,0.023973439,0.31810135,null,null,null,null,"TWOGAUSSIANS",8,6.5339866,0.7808383,0.001563299,0.04203463,0.006412606,0.3006753,0.04125638,0.93682617,0.06022709,0.07800582,0.22627187,0.023973439,0.31810135
375316653866487564,4365867349110582784,0.61006564,2164.7766764265193,1.2992920934375267,1.7786392E-6,17.550076,0.0032794103,0.23438062,0.002648389,0.040638715,0.002379583,0.11453845,0.0037587096,0.7326441,6.389113E-4,0.036185857,6.9523486E-4,0.6291072,0.016826304,null,null,null,null,"TWOGAUSSIANS",8,6.0179386,0.7326441,6.389113E-4,0.20264079,0.0038933153,0.6291072,0.016826304,0.23438062,0.002648389,0.2275768,0.013325664,0.11453845,0.0037587094
375316653866487564,4365873087186934144,0.5870846,2135.426302462843,3.2224875333421923,1.6784494E-5,16.71076,0.010415258,0.23310801,0.004487935,0.044944137,0.010238927,0.107696205,0.017239962,0.7216859,0.0033414355,0.06416808,0.015286369,0.1572476,0.019788267,0.076076,0.009909231,0.7216859,0.0033414355,"TWOGAUSSIANS_WITH_ELLIPSOIDAL_ON_ECLIPSE2",9,13.555322,0.7216859,0.0033414355,0.35934123,0.06866064,0.30932096,0.017438617,0.23100802,0.0036892346,0.25168717,0.05733799,0.25913066,0.014848853
375316653866487564,4365874319839575680,0.49532014,2159.329411644622,0.8694592416508324,2.1687214E-5,19.394894,0.006613682,0.20158993,0.0055066235,0.011705697,0.0031637445,0.23261465,0.018070074,0.54417753,0.00911786,0.011945021,0.0067605367,0.48563176,0.15787281,null,null,null,null,"TWOGAUSSIANS",8,4.2595506,0.54417753,0.00911786,0.06689212,0.037859008,0.48563176,0.15787281,0.20158993,0.0055066235,0.0655519,0.017716968,0.23261465,0.018070074
375316653866487564,4365881574043142784,0.4256191,2139.444071968237,2.0704466186760357,1.6915027E-4,19.199427,0.03534899,0.35131305,0.06741776,0.12196242,0.06200103,0.08967285,0.040746696,0.7566464,0.01655281,0.07284371,0.035100892,0.21207371,0.060682897,null,null,null,null,"TWOGAUSSIANS",8,8.471298,0.7566464,0.01655281,0.4,0.10769436,0.21021937,0.06478211,0.35131305,0.067402266,0.4,0.0,0.08745964,0.03126506
375316653866487564,4365885662851254016,0.46763644,2184.6441001940707,2.4222428790026544,7.414441E-5,16.53871,0.26769936,0.24385388,0.014604714,0.1441921,0.1299135,0.16302791,0.25587514,0.7618482,0.012759341,0.11841801,0.03744498,0.20088156,0.21503791,null,null,null,null,"TWOGAUSSIANS",8,50.359978,0.7624082,0.011512103,0.4,0.0,0.15114276,0.018307442,0.24369387,0.013898889,0.4,0.0,0.112484194,0.016851317
375316653866487564,4365888755227452544,0.632061,2202.8943335788526,1.3966848325522934,9.105843E-6,16.78978,0.004812598,0.32129475,0.0016853083,0.0322204,0.0019422218,1.3984827,0.06250485,0.81937814,0.00868166,0.033220436,0.0058944332,0.14623906,0.019566922,0.029959334,0.007952931,0.32129475,0.0016853083,"TWOGAUSSIANS_WITH_ELLIPSOIDAL_ON_ECLIPSE1",9,26.23749,0.32129475,0.0016853083,0.18043426,0.010876441,1.4584012,0.065147124,0.8194481,0.008598612,0.18603444,0.033008825,0.2061492,0.01635595
375316653866487564,4365894763885486720,0.57549137,2206.1898600664795,2.463112660517371,1.8882078E-5,18.020958,0.0070703793,0.21896881,0.0037760902,0.076864935,0.0039222115,0.2748132,0.011123225,0.7201787,0.0056194654,0.08418767,0.0076583377,0.27306518,0.01917555,null,null,null,null,"TWOGAUSSIANS",8,3.3699598,0.21896881,0.0037760902,0.4,0.0,0.2704978,0.010690226,0.7201787,0.0056194654,0.4,0.0,0.26874974,0.0203214
375316653866487564,4365908134120403328,0.6113008,2208.6443687060587,2.6155630834716512,4.1270027E-6,15.129153,0.026015421,0.23347498,0.0024867048,0.058869276,0.007643693,0.25328395,0.050891683,0.7385679,0.0035134577,0.05209757,0.010659355,0.22094072,0.051753435,0.109241806,0.029489012,0.7385679,0.0035134577,"TWOGAUSSIANS_WITH_ELLIPSOIDAL_ON_ECLIPSE2",9,80.33411,0.23444498,0.0014592176,0.32966796,0.04280468,0.47156304,0.016131029,0.7385679,0.0035134577,0.2917464,0.059692387,0.43940076,0.019133447
375316653866487564,4365909130552330880,0.49143544,2180.4204983252066,0.07068436650298594,4.4687913E-6,16.276058,0.0050611966,0.24675658,0.007798651,0.07947879,0.04761539,0.08724083,0.0650904,0.5645321,6.820641E-4,0.004627843,0.0012214667,0.1671121,0.02053282,null,null,null,null,"TWOGAUSSIANS",8,23.508629,0.5645321,6.820641E-4,0.02591592,0.0068402137,0.16714157,0.020759515,0.24675658,0.007798651,0.4,0.013997218,0.08724083,0.06511329
375316653866487564,4365920327531203712,0.53366107,2204.2801601573315,2.681754453612643,5.9446418E-5,18.467836,0.0022586081,0.14909968,0.014689273,0.04691421,0.01811489,0.021392131,0.016152892,0.34886524,0.0012051585,0.010630472,6.198395E-4,0.86451393,0.21433616,null,null,null,null,"TWOGAUSSIANS",8,1.7880142,0.34886524,0.0012051585,0.059530642,0.0034711014,0.86451644,0.21433648,0.14909968,0.014689273,0.26271957,0.101443395,0.021392131,0.016152892
375316653866487564,4365942970597346816,0.52991086,2132.5440815184033,3.5811765468438197,4.236668E-5,19.666618,0.020364162,0.30006292,0.00542603,0.067445755,0.0080256285,0.62785476,0.06302817,0.8026664,0.0045381556,0.06663033,0.012325144,0.5122435,0.60373914,null,null,null,null,"TWOGAUSSIANS",8,4.8646727,0.30006292,0.00542603,0.37769622,0.038987845,0.6268469,0.06362198,0.8026664,0.0045381556,0.37312987,0.06902081,0.51123565,0.60444254
375316653866487564,4365947093766155520,0.4693282,2181.9118279102877,0.18614652063536824,1.8722641E-4,19.495983,0.010449159,0.22954081,0.05528972,0.031566527,0.043536477,0.59308183,0.56739825,0.7272486,0.0138449045,0.07255175,0.0187192,0.12576681,0.08297198,null,null,null,null,"TWOGAUSSIANS",8,2.0506692,0.22954081,0.05528972,0.17677255,0.22069079,0.5930786,0.5676886,0.7272486,0.0138449045,0.4,0.07336351,0.12576361,0.08298516
375316653866487564,4365950289221912576,0.6469225,2169.8925913492335,0.3756421786224948,3.3184344E-5,18.759056,0.0053843185,0.23411638,0.0072547253,0.051894546,0.008379391,0.17864405,0.033128686,0.7432007,0.00790422,0.022958871,0.0028003554,1.4397014,0.28813508,null,null,null,null,"TWOGAUSSIANS",8,2.7521095,0.7432007,0.00790422,0.12856968,0.01568199,1.4397014,0.28813508,0.23411638,0.0072547253,0.29060945,0.04692459,0.17864405,0.03312869
375316653866487564,4365953317176259712,0.57425314,2179.879311889142,1.9650251725550965,1.7465296E-5,14.182341,0.034624096,0.26902226,0.0037693107,0.12775889,0.024401542,0.14822143,0.03238368,0.7723653,0.00358655,0.11770812,0.019402754,0.14588615,0.032523636,null,null,null,null,"TWOGAUSSIANS",8,29.27209,0.26900226,0.003784137,0.4,0.0,0.11235288,0.004059686,0.77240527,0.0035921487,0.4,0.0,0.11012279,0.004625176
375316653866487564,4365955614979964032,0.5227782,2183.3891930595446,3.1118049567402553,2.3240875E-5,16.433292,0.0120523935,0.24313095,0.0058480864,0.08720792,0.0077131237,0.3077805,0.019416926,0.7445294,0.0028852515,0.08501461,0.0053664246,0.3353193,0.014179827,null,null,null,null,"TWOGAUSSIANS",8,53.39565,0.7445294,0.0028852515,0.4,0.0,0.32605058,0.013956969,0.24313095,0.0058480864,0.4,0.0,0.29851174,0.018958393
