Gaia/vari_eclipsing_binary/VariEclipsingBinary_012598-014045.csv
# %ECSV 1.0
# ---
# delimiter: ','
# meta: !!omap
# - RELEASE: Gaia DR3
# - TABLE: vari_eclipsing_binary
# - DESCRIPTION: >
#     This table describes the properties of the eclipsing binaries resulting from the variability analysis. 
# - CITATION: >
#     How to cite and acknowledge Gaia: 
#     https://gea.esac.esa.int/archive/documentation/credits.html 
# - KNOWN_ISSUES: >
#     Known issues: 
#     https://www.cosmos.esa.int/web/gaia-users/known-issues 
# - DOCUMENTATION: >
#     Tutorials and documentation: 
#     https://www.cosmos.esa.int/web/gaia-users/archive 
# datatype:
# - 
#   name: solution_id
#   datatype: int64
#   description: Solution Identifier
#   meta:
#     ucd: meta.version
# - 
#   name: source_id
#   datatype: int64
#   description: Unique source identifier
#   meta:
#     ucd: meta.id;meta.main
# - 
#   name: global_ranking
#   datatype: float32
#   description: Number between 0 (worst) and 1 (best)
#   meta:
#     ucd: stat.param
# - 
#   name: reference_time
#   datatype: float64
#   unit: d
#   description: Reference time used for the geometric model fit
#   meta:
#     ucd: time.epoch
# - 
#   name: frequency
#   datatype: float64
#   unit: d**-1
#   description: Frequency of geometric model of the eclipsing binary light curve
#   meta:
#     ucd: src.orbital
# - 
#   name: frequency_error
#   datatype: float32
#   unit: d**-1
#   description: "Uncertainty of \\texttt{frequency}"
#   meta:
#     ucd: stat.error
# - 
#   name: geom_model_reference_level
#   datatype: float32
#   unit: mag
#   description: Magnitude reference level of geometric model
#   meta:
#     ucd: phot.mag;em.opt
# - 
#   name: geom_model_reference_level_error
#   datatype: float32
#   unit: mag
#   description: "Uncertainty of \\texttt{geomModelReferenceLevel}"
#   meta:
#     ucd: stat.error;phot.mag;em.opt
# - 
#   name: geom_model_gaussian1_phase
#   datatype: float32
#   description: Phase of the Gaussian 1 component
#   meta:
#     ucd: time.phase
# - 
#   name: geom_model_gaussian1_phase_error
#   datatype: float32
#   description: "Uncertainty of \\texttt{geomModelGaussian1Phase}"
#   meta:
#     ucd: stat.error;time.phase
# - 
#   name: geom_model_gaussian1_sigma
#   datatype: float32
#   description: "Standard deviation [phase] of Gaussian 1 component"
#   meta:
#     ucd: stat.stdev
# - 
#   name: geom_model_gaussian1_sigma_error
#   datatype: float32
#   description: "Uncertainty of \\texttt{geomModelGaussian1Sigma}"
#   meta:
#     ucd: stat.error
# - 
#   name: geom_model_gaussian1_depth
#   datatype: float32
#   unit: mag
#   description: Magnitude depth of Gaussian 1 component
#   meta:
#     ucd: src.var.amplitude
# - 
#   name: geom_model_gaussian1_depth_error
#   datatype: float32
#   unit: mag
#   description: "Uncertainty of \\texttt{geomModelGaussian1Depth}"
#   meta:
#     ucd: stat.error;src.var.amplitude
# - 
#   name: geom_model_gaussian2_phase
#   datatype: float32
#   description: Phase of Gaussian 2 component
#   meta:
#     ucd: time.phase
# - 
#   name: geom_model_gaussian2_phase_error
#   datatype: float32
#   description: "Uncertainty of \\texttt{geomModelGaussian2Phase}"
#   meta:
#     ucd: stat.error;time.phase
# - 
#   name: geom_model_gaussian2_sigma
#   datatype: float32
[...]
#   datatype: float32
#   description: "Secondary eclipse: uncertainty of \\texttt{derivedSecondaryEclDuration}"
#   meta:
#     ucd: stat.error;time.duration
# - 
#   name: derived_secondary_ecl_depth
#   datatype: float32
#   unit: mag
#   description: "Secondary eclipse: depth"
#   meta:
#     ucd: src.var.amplitude
# - 
#   name: derived_secondary_ecl_depth_error
#   datatype: float32
#   unit: mag
#   description: "Secondary eclipse: uncertainty of \\texttt{derivedSecondaryEclDepth}"
#   meta:
#     ucd: stat.error;src.var.amplitude
solution_id,source_id,global_ranking,reference_time,frequency,frequency_error,geom_model_reference_level,geom_model_reference_level_error,geom_model_gaussian1_phase,geom_model_gaussian1_phase_error,geom_model_gaussian1_sigma,geom_model_gaussian1_sigma_error,geom_model_gaussian1_depth,geom_model_gaussian1_depth_error,geom_model_gaussian2_phase,geom_model_gaussian2_phase_error,geom_model_gaussian2_sigma,geom_model_gaussian2_sigma_error,geom_model_gaussian2_depth,geom_model_gaussian2_depth_error,geom_model_cosine_half_period_amplitude,geom_model_cosine_half_period_amplitude_error,geom_model_cosine_half_period_phase,geom_model_cosine_half_period_phase_error,model_type,num_model_parameters,reduced_chi2,derived_primary_ecl_phase,derived_primary_ecl_phase_error,derived_primary_ecl_duration,derived_primary_ecl_duration_error,derived_primary_ecl_depth,derived_primary_ecl_depth_error,derived_secondary_ecl_phase,derived_secondary_ecl_phase_error,derived_secondary_ecl_duration,derived_secondary_ecl_duration_error,derived_secondary_ecl_depth,derived_secondary_ecl_depth_error
[from data line 146]
375316653866487564,115667420651871104,0.5333126,2121.988352007392,4.175647055223254,2.6423195E-5,19.495434,0.013513325,0.28968424,0.009519277,0.07836246,0.010185617,0.33421692,0.019358909,0.7811885,0.007341967,0.0709219,0.008198739,0.3234677,0.01980772,null,null,null,null,"TWOGAUSSIANS",8,1.9359536,0.28968424,0.009519277,0.4,0.0,0.33222893,0.019976595,0.7811885,0.007341967,0.39716265,0.03547811,0.32147968,0.019404393
375316653866487564,115668112142808192,0.5629628,2114.3685977806376,3.700795468502645,1.9272502E-5,18.790806,0.0125289755,0.18803403,0.0050225668,0.08705717,0.006940807,0.2567842,0.022254046,0.697014,0.005159135,0.08968751,0.00751601,0.3319133,0.020333294,null,null,null,null,"TWOGAUSSIANS",8,2.2844927,0.697014,0.005159135,0.4,0.0,0.32266724,0.02061586,0.18803403,0.0050225668,0.4,0.0,0.24753824,0.021651754
375316653866487564,115698073836470784,0.5822453,2107.697921775229,2.9620077774127567,9.364942E-6,15.13597,0.027742509,0.27698174,0.0035631643,0.105164416,0.01119856,0.25657046,0.026319904,0.78463566,0.0041476334,0.09926423,0.011067019,0.22979057,0.026098233,null,null,null,null,"TWOGAUSSIANS",8,50.066967,0.27698174,0.0035631643,0.4,0.0,0.23430288,0.011495651,0.78463566,0.004158667,0.4,0.0,0.20752817,0.012793604
375316653866487564,115704533467404160,0.5701917,2225.3899986017273,3.8743197650153083,1.3047038E-5,16.147614,0.031032411,0.30575612,0.0065495414,0.09443501,0.0362077,0.25835255,0.052930824,0.78711206,0.005057911,0.092274606,0.010919147,0.25462115,0.028621793,null,null,null,null,"TWOGAUSSIANS",8,19.15495,0.30575612,0.006550861,0.4,0.0,0.2475245,0.07511087,0.78711206,0.005057911,0.4,0.0,0.24379341,0.014606658
375316653866487564,115725522969142400,0.46856844,2076.1479978199463,0.21597686211932976,3.8096165E-5,19.044062,0.012122265,0.28448483,0.014571995,0.07100758,0.024937488,0.17152704,0.11414595,0.7936043,0.05118093,0.037386686,0.015898177,0.76316947,1.6137519,null,null,null,null,"TWOGAUSSIANS",8,3.5481212,0.7936043,0.05118093,0.20936544,0.0890298,0.7631608,1.6137352,0.28448483,0.014571995,0.39764246,0.06865606,0.1715184,0.11422249
375316653866487564,115743085093686528,0.65374273,2069.458559916975,4.098101895954547,6.9934626E-6,15.779397,0.016781868,0.23745498,0.0018700932,0.06684501,0.0068743667,0.21892984,0.0383798,0.711905,0.0052911374,0.044783726,0.012899189,0.18444695,0.035068933,0.116807394,0.020710113,0.23745498,0.0018700932,"TWOGAUSSIANS_WITH_ELLIPSOIDAL_ON_ECLIPSE1",9,24.826212,0.23745498,0.0018700932,0.37433207,0.038496453,0.45234692,0.01526825,0.71614504,0.005589915,0.25078887,0.07223546,0.41287598,0.008120856
375316653866487564,115767721025989248,0.47688273,2181.983822483028,2.66630433741259,2.1422971E-5,15.604217,0.005095974,0.40143466,0.008196979,0.09612836,0.008154972,0.18253571,0.020510104,0.86124766,0.021030208,0.043405052,0.019827012,0.045773722,0.031052973,null,null,null,null,"TWOGAUSSIANS",8,4.3214455,0.40143466,0.008196979,0.4,0.0,0.1824132,0.020525932,0.86124766,0.021030208,0.2430683,0.111031264,0.045653217,0.031116294
375316653866487564,115809051493005312,0.5005919,2069.1621575565373,3.430919099739811,5.4462915E-5,19.644321,0.005063714,0.28386593,0.0069760093,0.03072481,0.0173271,0.36016393,0.20774075,0.7817852,0.007960115,0.03826813,0.007004693,0.2080912,0.0376982,null,null,null,null,"TWOGAUSSIANS",8,1.1612953,0.28386593,0.0069760093,0.17205894,0.09703176,0.36016393,0.20774077,0.7817852,0.007960115,0.21430153,0.039226282,0.2080912,0.0376982
375316653866487564,115846267386941568,0.51700634,2046.0194763010525,0.777875139019825,1.3909826E-5,13.117514,7.713695E-4,0.2679872,0.0030506246,0.0689527,0.01910688,0.0040058107,0.0018497482,null,null,null,null,null,null,0.017021358,9.62563E-4,0.2679872,0.0030506246,"ONEGAUSSIAN_WITH_ELLIPSOIDAL",6,10.581043,0.2679872,0.0030506246,0.38613513,0.09171867,0.038042918,0.0010540709,null,null,null,null,null,null
375316653866487564,115846469248098432,0.49751642,2049.7670128454993,4.474737482603408,4.094656E-5,19.049515,0.023121461,0.19319591,0.014598791,0.11546316,0.0170447,0.14576365,0.025543831,0.6288536,0.006865353,0.10978082,0.016380996,0.210958,0.02581848,null,null,null,null,"TWOGAUSSIANS",8,2.1606574,0.6288536,0.006865353,0.4,0.0,0.19601564,0.023180064,0.1934659,0.014468093,0.4,0.0,0.13078326,0.01523201
375316653866487564,115862931860104960,0.50951356,2145.5170172041057,1.4628673723872385,5.685358E-5,16.586588,0.002907769,0.6597269,0.002235498,0.021656003,0.0022727603,0.19010432,0.01793004,0.4391266,0.07301002,0.07214359,0.05366647,0.02519529,0.0075503485,null,null,null,null,"TWOGAUSSIANS",8,7.1260386,0.6597069,0.001988503,0.121273614,0.012727457,0.19033939,0.0065262085,0.4391266,0.07301002,0.4,0.11343657,0.02519529,0.007546855
375316653866487564,115868635576667392,0.5755812,2078.53908623459,3.315112841540354,2.5426507E-5,17.234867,0.026927492,0.24459018,0.0046410114,0.051930714,0.012658974,0.30789816,0.05324744,0.74815935,0.011861596,0.04908307,0.00931233,0.20737903,0.09317984,0.10871506,0.033661652,0.24459018,0.0046410114,"TWOGAUSSIANS_WITH_ELLIPSOIDAL_ON_ECLIPSE1",9,23.76395,0.24459018,0.0046410114,0.290812,0.070890255,0.525325,0.028642178,0.74815935,0.010992386,0.27486518,0.05214905,0.42469653,0.045148436
375316653866487564,115882237735887104,0.45525306,2059.9788469586656,0.35590953074432075,8.6757595E-5,19.24449,0.005807953,0.34067124,0.008784831,0.050126795,0.0073289764,0.17560285,0.016071238,0.6139608,0.05969387,0.060565993,0.03627646,0.085485704,0.07993515,0.026547043,0.006515158,0.34067124,0.008784831,"TWOGAUSSIANS_WITH_ELLIPSOIDAL_ON_ECLIPSE1",9,2.8383584,0.34067124,0.00878043,0.28071004,0.04104227,0.22869909,0.012350496,0.6189608,0.06502952,0.33916956,0.20314817,0.08685373,0.07860168
375316653866487564,115882310752533632,0.6216801,2101.422222171697,2.698078624590597,4.1770004E-6,16.500961,0.006407406,0.21411863,0.0012708878,0.04463511,0.0066914815,0.1651702,0.025333008,0.7107774,0.0054864734,0.043067057,0.006091773,0.11977578,0.019123565,0.11347373,0.011381344,0.21411863,0.0012708878,"TWOGAUSSIANS_WITH_ELLIPSOIDAL_ON_ECLIPSE1",9,9.224421,0.21411863,0.0012708878,0.24995661,0.037472297,0.39211738,0.02886038,0.7115074,0.0043000947,0.24117552,0.03411393,0.3466447,0.01230935
375316653866487564,115905847173238144,0.51022935,2070.097590820452,2.9976772728446117,2.2930059E-5,13.889082,0.0061024833,0.2702738,0.0052641854,0.033469148,0.036153015,0.07373613,3268.8862,0.7741327,0.020035245,0.040099807,0.015813299,0.06312653,0.02143153,0.11673767,0.012024083,0.2702738,0.0052641854,"TWOGAUSSIANS_WITH_ELLIPSOIDAL_ON_ECLIPSE1",9,212.17754,0.2702738,0.0052641854,0.18742722,0.20245688,0.3072109,3268.8867,0.7741327,0.018502021,0.22455892,0.08855447,0.2964641,0.021862468
375316653866487564,115952404618685184,0.47234094,2085.0765874161198,1.100115883933703,1.46027705E-5,13.220786,0.0010132691,null,null,null,null,null,null,null,null,null,null,null,null,0.022824075,0.0014908852,0.26434258,0.0047076754,"ELLIPSOIDAL",4,67.67498,null,null,null,null,null,null,null,null,null,null,null,null
375316653866487564,115961235071421568,0.46795642,2096.1176879675654,0.203698691867818,1.245909E-4,15.947002,0.012683256,0.37823078,0.0020327861,0.015843716,0.0023233024,0.23821278,0.019689053,0.71183586,0.046416767,0.13241707,0.07729974,0.039464712,0.011137007,null,null,null,null,"TWOGAUSSIANS",8,84.903755,0.37826076,0.002014972,0.08872481,0.013010494,0.2398019,0.025582679,0.71183586,0.046416767,0.4,0.0,0.039401438,0.010766361
375316653866487564,115980957559869952,0.5086437,2225.371903862556,3.312358923328099,8.4418556E-5,15.224705,0.5083174,0.21504618,0.015557388,0.12374917,0.14635168,0.23675984,0.47410852,0.7084059,0.0124776075,0.10174633,0.030326964,0.24934354,0.26066718,null,null,null,null,"TWOGAUSSIANS",8,192.91939,0.7084059,0.012511221,0.4,0.0,0.2108944,0.028493999,0.21504618,0.015564934,0.4,0.0,0.19817568,0.03695682
375316653866487564,116030637445722112,0.52721035,2249.4882423110043,2.3117016609973566,4.1354484E-5,17.919575,0.012704786,0.37443304,0.007972785,0.05228955,0.008477332,0.2765383,0.063391075,0.85638905,0.0035282425,0.041344114,0.0063627954,0.55926794,0.08941939,null,null,null,null,"TWOGAUSSIANS",8,23.633984,0.85638905,0.0035282425,0.23152703,0.035631653,0.55926776,0.08942005,0.37443304,0.007972785,0.2928215,0.047473058,0.27653813,0.063391455
375316653866487564,116067784618636544,0.6088468,2195.487655152645,1.2433327581792224,2.1708775E-5,16.102757,5.766099E-4,0.3288147,0.0012296612,0.03973738,0.0016583108,0.17202803,0.0036596602,0.8530839,2.7512782E-4,0.013662533,0.001991785,0.014627538,8.508235E-4,4.314787E-4,0.0012497602,0.3288147,0.0012296612,"TWOGAUSSIANS_WITH_ELLIPSOIDAL_ON_ECLIPSE1",9,6.5900855,0.3288147,0.0012296612,0.22252934,0.00928654,0.17289099,0.0037394636,0.8530839,2.7512782E-4,0.07651018,0.011153995,0.015470581,0.0032410661
375316653866487564,116076683790866304,0.49714938,2189.9960606918003,0.7297070908853538,2.5637635E-5,16.241941,0.018964157,0.6828301,2.3789599E-4,0.02406264,0.005190434,0.09047804,0.04095063,0.9303617,3.4096822E-4,0.014307988,5.966647E-4,0.21276556,0.008962603,0.025332348,0.020709379,0.9303617,3.4096822E-4,"TWOGAUSSIANS_WITH_ELLIPSOIDAL_ON_ECLIPSE2",9,44.72741,0.9303617,3.4096822E-4,0.08012473,0.003341322,0.2634302,0.038644914,0.68289006,2.0938755E-4,0.13475078,0.02906643,0.09049048,0.040957585
375316653866487564,116094928811925248,0.67026526,2217.648149202777,3.2062987115654242,3.9739175E-6,14.88228,0.011565431,0.22428218,0.0028772808,0.040698558,0.0034403112,0.5218316,0.05582119,0.729776,0.0025401018,0.03913704,0.00437914,0.39964312,0.030576114,0.14143872,0.014954415,0.729776,0.0025401018,"TWOGAUSSIANS_WITH_ELLIPSOIDAL_ON_ECLIPSE2",9,141.65424,0.22464217,0.0026606962,0.22791192,0.019265743,0.8043939,0.05167282,0.729776,0.0025401018,0.21916743,0.024523186,0.6825201,0.025838709
375316653866487564,116127192606415872,0.50627655,2182.857308374039,3.487908483914299,3.3938937E-5,15.189446,0.014645169,0.23412132,0.009246928,0.0663812,0.05526458,0.036030173,11.409413,0.72167134,0.018247815,0.05081141,0.0305612,0.054864902,0.031931847,0.049959537,0.02052059,0.23412132,0.009246928,"TWOGAUSSIANS_WITH_ELLIPSOIDAL_ON_ECLIPSE1",9,98.22627,0.72504133,0.010787147,0.2845439,0.17114271,0.15430866,0.02008015,0.23412132,0.009246928,0.37173474,0.3060096,0.13591933,11.4338875
375316653866487564,116223567376979072,0.5736525,2174.161248369947,3.0806839242779596,1.9042433E-5,17.46025,0.018929308,0.24004735,0.010820978,0.08498853,0.013640332,0.3050514,0.018657539,0.7292053,0.012812765,0.07791809,0.016202142,0.3017515,0.03505302,null,null,null,null,"TWOGAUSSIANS",8,7.970623,0.24004735,0.010820978,0.4,0.0,0.30061045,0.01516134,0.7292053,0.012812765,0.4,0.012065838,0.29731056,0.035657134
375316653866487564,116224701248084480,0.6088612,2207.846609224156,2.1447678869779145,1.054629E-5,15.254211,0.01933179,0.20562397,0.016289216,0.08942323,0.017130516,0.24715182,0.02791814,0.70915127,0.008457343,0.10049901,0.017616514,0.20676357,0.010338843,null,null,null,null,"TWOGAUSSIANS",8,13.723289,0.20562397,0.016289216,0.4,0.0,0.2338134,0.020932095,0.70915127,0.008457343,0.4,0.0,0.19342345,0.012560642
375316653866487564,116228966151363456,0.55086213,2215.594121859106,2.1940999946305713,1.4109164E-5,15.637631,0.04302127,0.27304414,0.0035437995,0.11232147,0.023392407,0.13407274,0.040764697,0.7702462,0.0035984486,0.1283972,0.025177522,0.15548503,0.04042748,null,null,null,null,"TWOGAUSSIANS",8,9.69014,0.7702462,0.0035984486,0.4,0.0,0.12281361,0.007502377,0.27308413,0.0035722426,0.4,0.0,0.10154685,0.0060379747
375316653866487564,116245901206602624,0.5449674,2195.194824381419,4.246958025586137,3.9016326E-5,18.758083,0.030849205,0.2811103,0.004592685,0.07383665,0.010564846,0.36650154,0.024679836,0.79694957,0.021135142,0.09438674,0.027626425,0.2517013,0.03922204,null,null,null,null,"TWOGAUSSIANS",8,3.5280368,0.2811103,0.004562763,0.4,0.008107289,0.3611797,0.0125794215,0.79694957,0.021135142,0.4,0.0,0.24637891,0.041594088
375316653866487564,116296410021957888,0.6381978,2208.9303257850756,4.189761565598015,6.6254547E-6,16.197725,0.006650868,0.2533361,0.002303175,0.05056648,0.005842709,0.20214751,0.012602921,0.75737524,0.029862916,0.052600272,0.012507821,0.20522133,0.06918539,0.041319065,0.0075850016,0.2533361,0.002303175,"TWOGAUSSIANS_WITH_ELLIPSOIDAL_ON_ECLIPSE1",9,5.5833116,0.75737524,0.029840607,0.2945615,0.0700438,0.28780338,0.067336105,0.2533361,0.002303175,0.28317228,0.03271917,0.28478277,0.00888229
375316653866487564,116339192192045056,0.612058,2217.7061704190833,3.4841836122298147,3.1484695E-5,15.446997,0.10921889,0.26517552,0.0063087232,0.061725345,0.034104526,0.16298194,0.2053139,0.7403219,0.036389403,0.05989358,0.044682115,0.1939435,0.20158072,0.069429286,0.09938854,0.26517552,0.0063087232,"TWOGAUSSIANS_WITH_ELLIPSOIDAL_ON_ECLIPSE1",9,62.496567,0.7444819,0.027108196,0.33540404,0.16273579,0.32995093,0.016862791,0.26517552,0.0063087232,0.34566194,0.1292392,0.30179092,0.009888384
375316653866487564,116484323430972928,0.53321594,2157.035630822906,1.8395648939492721,4.1134375E-5,17.892183,0.023860913,0.3042988,0.0017617376,0.08101369,0.015969308,0.60205156,0.075000644,0.9430534,0.04543393,0.11816309,0.074587345,0.06731375,0.02481054,null,null,null,null,"TWOGAUSSIANS",8,17.459639,0.3041188,0.0021747705,0.4,0.0,0.6009443,0.07971148,0.9433934,0.045105483,0.4,0.0,0.06560535,0.02305615
375316653866487564,116484602604803328,0.5823823,2161.452126482903,2.900103966059583,3.5950747E-5,15.2857895,0.06257172,0.24943429,0.0055559,0.06748122,0.019341225,0.33377478,0.13838725,0.7583776,0.009800348,0.061767,0.02614138,0.25219187,0.12077279,0.08234131,0.0645738,0.7583776,0.009800348,"TWOGAUSSIANS_WITH_ELLIPSOIDAL_ON_ECLIPSE2",9,105.944534,0.25078428,0.005290675,0.37789485,0.08325429,0.49773517,0.10555779,0.7583776,0.009800348,0.3458952,0.10439,0.4165936,0.020366857
375316653866487564,116510063170860800,0.5150728,2199.238915812931,1.1356136650479989,9.4695215E-6,13.850926,6.89024E-4,0.67298424,0.0032729546,0.043664012,0.028938279,0.006025307,0.003393814,null,null,null,null,null,null,0.034442224,0.0011467161,0.67298424,0.0032729546,"ONEGAUSSIAN_WITH_ELLIPSOIDAL",6,14.993898,0.67298424,0.0032729546,0.24451847,0.16205436,0.07490974,0.0031937144,null,null,null,null,null,null
375316653866487564,116559266318743040,0.66880924,2216.903917419764,1.486602704337817,8.92652E-6,12.095496,0.002129383,0.3028357,0.002222499,0.05209343,0.021992251,0.19538508,8.907665,0.73860294,0.05171621,0.008855076,0.031742815,0.042077295,1.1887236,0.067321666,0.0022167058,0.3028357,0.002222499,"TWOGAUSSIANS_WITH_ELLIPSOIDAL_ON_ECLIPSE1",9,26.524853,0.3028357,0.002222499,0.29172322,0.12315661,0.33002615,8.908053,0.7397329,0.059245456,0.049588423,0.17775975,0.15629716,1.2064569
375316653866487564,116585036122491520,0.57326347,2126.4505271432636,3.534546777094714,1.50705355E-5,16.3072,0.019354481,0.24115212,0.01397889,0.0908397,0.015740238,0.35496068,0.032461334,0.746329,0.0046465374,0.08945919,0.0069274483,0.34118316,0.01960098,null,null,null,null,"TWOGAUSSIANS",8,7.5112615,0.24115212,0.01397889,0.4,0.0,0.34122166,0.033678036,0.746329,0.0046465374,0.4,0.0,0.3274442,0.008355882
375316653866487564,116585409781456512,0.5440352,2094.047741776791,3.3806423227464286,3.905335E-5,16.73248,0.014596471,0.35757813,0.0052891155,0.0861466,0.007356082,0.45223626,0.037411746,0.8444189,0.0068651424,0.0753701,0.009386331,0.47944108,0.08630598,null,null,null,null,"TWOGAUSSIANS",8,29.699594,0.8444189,0.0068651424,0.4,0.01747336,0.4734817,0.08784071,0.35757813,0.0052891155,0.4,0.0,0.4462768,0.038709633
375316653866487564,116616028606382208,0.59177077,2205.823437208357,2.344639912892728,1.142426E-5,14.86911,0.010037106,0.27754575,0.008305081,0.10886979,0.01198779,0.1951723,0.012276798,0.7746589,0.0023711012,0.088838905,0.0055248477,0.2632372,0.008266108,null,null,null,null,"TWOGAUSSIANS",8,28.947226,0.7746589,0.0023711012,0.4,0.0,0.24585953,0.008782367,0.27754575,0.008305081,0.4,0.0,0.17778435,0.012857587
