Gaia/vari_eclipsing_binary/VariEclipsingBinary_207588-207629.csv
# %ECSV 1.0
# ---
# delimiter: ','
# meta: !!omap
# - RELEASE: Gaia DR3
# - TABLE: vari_eclipsing_binary
# - DESCRIPTION: >
#     This table describes the properties of the eclipsing binaries resulting from the variability analysis. 
# - CITATION: >
#     How to cite and acknowledge Gaia: 
#     https://gea.esac.esa.int/archive/documentation/credits.html 
# - KNOWN_ISSUES: >
#     Known issues: 
#     https://www.cosmos.esa.int/web/gaia-users/known-issues 
# - DOCUMENTATION: >
#     Tutorials and documentation: 
#     https://www.cosmos.esa.int/web/gaia-users/archive 
# datatype:
# - 
#   name: solution_id
#   datatype: int64
#   description: Solution Identifier
#   meta:
#     ucd: meta.version
# - 
#   name: source_id
#   datatype: int64
#   description: Unique source identifier
#   meta:
#     ucd: meta.id;meta.main
# - 
#   name: global_ranking
#   datatype: float32
#   description: Number between 0 (worst) and 1 (best)
#   meta:
#     ucd: stat.param
# - 
#   name: reference_time
#   datatype: float64
#   unit: d
#   description: Reference time used for the geometric model fit
#   meta:
#     ucd: time.epoch
# - 
#   name: frequency
#   datatype: float64
#   unit: d**-1
#   description: Frequency of geometric model of the eclipsing binary light curve
#   meta:
#     ucd: src.orbital
# - 
#   name: frequency_error
#   datatype: float32
#   unit: d**-1
#   description: "Uncertainty of \\texttt{frequency}"
#   meta:
#     ucd: stat.error
# - 
#   name: geom_model_reference_level
#   datatype: float32
#   unit: mag
#   description: Magnitude reference level of geometric model
#   meta:
#     ucd: phot.mag;em.opt
# - 
#   name: geom_model_reference_level_error
#   datatype: float32
#   unit: mag
#   description: "Uncertainty of \\texttt{geomModelReferenceLevel}"
#   meta:
#     ucd: stat.error;phot.mag;em.opt
# - 
#   name: geom_model_gaussian1_phase
#   datatype: float32
#   description: Phase of the Gaussian 1 component
#   meta:
#     ucd: time.phase
# - 
#   name: geom_model_gaussian1_phase_error
#   datatype: float32
#   description: "Uncertainty of \\texttt{geomModelGaussian1Phase}"
#   meta:
#     ucd: stat.error;time.phase
# - 
#   name: geom_model_gaussian1_sigma
#   datatype: float32
#   description: "Standard deviation [phase] of Gaussian 1 component"
#   meta:
#     ucd: stat.stdev
# - 
#   name: geom_model_gaussian1_sigma_error
#   datatype: float32
#   description: "Uncertainty of \\texttt{geomModelGaussian1Sigma}"
#   meta:
#     ucd: stat.error
# - 
#   name: geom_model_gaussian1_depth
#   datatype: float32
#   unit: mag
#   description: Magnitude depth of Gaussian 1 component
#   meta:
#     ucd: src.var.amplitude
# - 
#   name: geom_model_gaussian1_depth_error
#   datatype: float32
#   unit: mag
#   description: "Uncertainty of \\texttt{geomModelGaussian1Depth}"
#   meta:
#     ucd: stat.error;src.var.amplitude
# - 
#   name: geom_model_gaussian2_phase
#   datatype: float32
#   description: Phase of Gaussian 2 component
#   meta:
#     ucd: time.phase
# - 
#   name: geom_model_gaussian2_phase_error
#   datatype: float32
#   description: "Uncertainty of \\texttt{geomModelGaussian2Phase}"
#   meta:
#     ucd: stat.error;time.phase
# - 
#   name: geom_model_gaussian2_sigma
#   datatype: float32
[...]
#   datatype: float32
#   description: "Secondary eclipse: uncertainty of \\texttt{derivedSecondaryEclDuration}"
#   meta:
#     ucd: stat.error;time.duration
# - 
#   name: derived_secondary_ecl_depth
#   datatype: float32
#   unit: mag
#   description: "Secondary eclipse: depth"
#   meta:
#     ucd: src.var.amplitude
# - 
#   name: derived_secondary_ecl_depth_error
#   datatype: float32
#   unit: mag
#   description: "Secondary eclipse: uncertainty of \\texttt{derivedSecondaryEclDepth}"
#   meta:
#     ucd: stat.error;src.var.amplitude
solution_id,source_id,global_ranking,reference_time,frequency,frequency_error,geom_model_reference_level,geom_model_reference_level_error,geom_model_gaussian1_phase,geom_model_gaussian1_phase_error,geom_model_gaussian1_sigma,geom_model_gaussian1_sigma_error,geom_model_gaussian1_depth,geom_model_gaussian1_depth_error,geom_model_gaussian2_phase,geom_model_gaussian2_phase_error,geom_model_gaussian2_sigma,geom_model_gaussian2_sigma_error,geom_model_gaussian2_depth,geom_model_gaussian2_depth_error,geom_model_cosine_half_period_amplitude,geom_model_cosine_half_period_amplitude_error,geom_model_cosine_half_period_phase,geom_model_cosine_half_period_phase_error,model_type,num_model_parameters,reduced_chi2,derived_primary_ecl_phase,derived_primary_ecl_phase_error,derived_primary_ecl_duration,derived_primary_ecl_duration_error,derived_primary_ecl_depth,derived_primary_ecl_depth_error,derived_secondary_ecl_phase,derived_secondary_ecl_phase_error,derived_secondary_ecl_duration,derived_secondary_ecl_duration_error,derived_secondary_ecl_depth,derived_secondary_ecl_depth_error
[from data line 472]
375316653866487564,1826268442754886912,0.5092794,2162.9605776026456,1.2706085043427093,1.4054407E-5,17.374043,0.002270834,0.2923054,0.0031410814,0.056721468,0.004499222,0.11661062,0.006748727,0.7918958,0.005838445,0.050856978,0.0065255775,0.042203285,0.0028276297,null,null,null,null,"TWOGAUSSIANS",8,3.1208813,0.2923054,0.0031410814,0.31764022,0.025195643,0.11660775,0.006750111,0.7918958,0.005838445,0.28479907,0.03654323,0.042200416,0.002825744
375316653866487564,1826269095558632704,0.574082,2125.932733017243,3.860458383222215,1.1550995E-5,18.363102,0.0135276755,0.21349612,0.0043652323,0.07943612,0.006503022,0.5315161,0.019881286,0.717146,0.0035955242,0.07614922,0.0043063825,0.5351133,0.01906925,null,null,null,null,"TWOGAUSSIANS",8,6.5621076,0.717146,0.0035955242,0.4,0.0,0.52945787,0.018087022,0.21349612,0.0043652323,0.4,0.0,0.5258607,0.02035586
375316653866487564,1826269366129424384,0.4805079,2118.6750694936695,0.10907182973878415,2.990231E-5,17.685034,0.003860153,0.40111095,0.004882352,0.0018175995,0.002474963,0.11647989,13739.338,0.72320247,0.00969402,0.05919088,0.0077036303,0.19747357,0.018932829,0.020532576,0.004281502,0.40111095,0.004882352,"TWOGAUSSIANS_WITH_ELLIPSOIDAL_ON_ECLIPSE1",9,5.3208313,0.7269425,0.010080088,0.33146894,0.04314033,0.20571783,0.018967763,0.40111095,0.004882352,0.010178558,0.013859793,0.1575451,13739.338
375316653866487564,1826269507875743744,0.4348432,2140.6870071422595,2.4455812332991322,2.444519E-5,19.012127,0.053371236,0.24132209,0.008164808,0.11123771,0.030463701,0.1650585,0.052043807,0.7366909,0.011876582,0.10299969,0.028187007,0.18901311,0.049779087,null,null,null,null,"TWOGAUSSIANS",8,4.35547,0.7366909,0.011876582,0.4,0.0,0.16708282,0.024203725,0.24132209,0.008167644,0.4,0.0,0.14311738,0.015380149
375316653866487564,1826269610985700992,0.55781364,2128.872648777152,2.710195616096497,9.509262E-6,15.32977,0.024008928,0.24379884,0.003478004,0.123737946,0.01505672,0.18184656,0.021475863,0.7469021,0.0030954655,0.11048673,0.010926587,0.19011576,0.022492258,null,null,null,null,"TWOGAUSSIANS",8,25.718157,0.74692214,0.003107794,0.4,0.0,0.15332754,0.0056099384,0.24378884,0.0034882813,0.4,0.0,0.14496797,0.0052961805
375316653866487564,1826269645345464704,0.4834591,2120.038068303145,2.737984359486991,2.1162949E-5,18.289934,0.02785784,0.24293852,0.0049632317,0.097728804,0.014252194,0.22587879,0.026557552,0.7414593,0.006179702,0.10005849,0.014324703,0.2146275,0.029996403,null,null,null,null,"TWOGAUSSIANS",8,8.1111355,0.24293852,0.0049632317,0.4,0.0,0.20819207,0.016960712,0.7414593,0.006179702,0.4,0.0,0.1969401,0.02135781
375316653866487564,1826269920223446400,0.6296299,2136.8286347709563,1.3612940162315899,7.661149E-6,14.670958,0.0097954115,0.29423094,0.0023078236,0.118783906,0.005757686,0.19554056,0.0095953075,0.78831965,0.0014517966,0.10860785,0.005188522,0.1817648,0.008587531,null,null,null,null,"TWOGAUSSIANS",8,12.167054,0.29424095,0.0023136558,0.4,0.0,0.16379407,0.0025071811,0.78831965,0.0014517966,0.4,0.0,0.15006566,0.0030304887
375316653866487564,1826269984604973056,0.57628495,2133.695736731521,2.8430228161433457,6.2158415E-6,18.530254,0.006734396,0.22660863,0.0016441433,0.072508484,0.0024110256,0.6523144,0.022592504,0.72479784,0.0012798053,0.069341615,0.0020335834,0.5336358,0.012068257,null,null,null,null,"TWOGAUSSIANS",8,4.181111,0.22660863,0.0016441433,0.4,0.0,0.6500488,0.022826325,0.72479784,0.0012798053,0.38831306,0.011388067,0.53137016,0.012134782
375316653866487564,1826271500771824768,0.5874053,2137.3091229749148,0.19972563187233125,6.1373858E-6,15.666725,0.0071133836,0.23802176,8.0929673E-4,0.028927984,0.0011444064,0.64831007,0.018518241,0.75112295,0.038128346,0.024278816,0.028984109,0.22301798,4.160312E7,0.07028763,0.016235238,0.23802176,8.0929673E-4,"TWOGAUSSIANS_WITH_ELLIPSOIDAL_ON_ECLIPSE1",9,189.73888,0.23802176,8.0929673E-4,0.1619967,0.0064086756,0.78888535,0.019576969,0.75112295,0.038128346,0.13596137,0.162311,0.36264282,4.160312E7
375316653866487564,1826271844339592320,0.5599827,2118.837748282698,2.69270589299269,1.439916E-5,18.441668,0.016186591,0.2149144,0.0052236663,0.09132612,0.00893398,0.32294744,0.015201355,0.71966827,0.012505599,0.0880434,0.0138185,0.33663568,0.020288564,null,null,null,null,"TWOGAUSSIANS",8,3.674484,0.71966827,0.012505599,0.4,0.0,0.32406592,0.014303819,0.2149144,0.0052236663,0.4,0.0,0.31037754,0.009275126
375316653866487564,1826271913058909056,0.47058398,2176.4929844216176,0.7307789027865097,3.855583E-5,17.877054,0.0051033767,0.25456652,0.0076400894,0.03168185,0.007873902,0.3721882,0.51157564,0.7594537,0.010171343,0.03224962,0.00958477,0.07939716,0.022450678,null,null,null,null,"TWOGAUSSIANS",8,9.774264,0.25456652,0.0076400894,0.17741837,0.04409385,0.3721882,0.51157564,0.7594537,0.010171343,0.18059786,0.053674713,0.07939716,0.022450678
375316653866487564,1826272149263803008,0.56331295,2133.824703612351,3.1543475355622665,8.040398E-6,18.145084,0.0124507835,0.26276198,0.005109222,0.09335873,0.009763352,0.24560389,0.012406057,0.7652977,0.0021283538,0.09509752,0.00462756,0.29386628,0.011784181,null,null,null,null,"TWOGAUSSIANS",8,3.0410776,0.7652977,0.0021283538,0.4,0.0,0.27851105,0.0068545453,0.26276198,0.005109222,0.4,0.0,0.23024897,0.013104304
375316653866487564,1826272187966546944,0.6120215,2170.5968559150874,2.9869465509946234,4.026617E-6,16.570774,0.012325637,0.20734909,0.0016630079,0.056169406,0.007257938,0.25221673,0.038164746,0.70180464,0.0011206674,0.05632835,0.0026979884,0.36918852,0.026871076,0.084294766,0.015550886,0.20734909,0.0016630079,"TWOGAUSSIANS_WITH_ELLIPSOIDAL_ON_ECLIPSE1",9,13.044714,0.70237464,9.532361E-4,0.31543875,0.015108735,0.53756833,0.00902761,0.20734909,0.0016630079,0.31454867,0.040644452,0.4207801,0.04388346
375316653866487564,1826272321062360320,0.51429355,2121.326107632667,3.680570182399451,2.672979E-5,18.576996,0.022753116,0.24518873,0.0050131287,0.08336696,0.0076282667,0.4483616,0.023511503,0.77119035,0.013588576,0.08053054,0.013206049,0.34041232,0.036333106,null,null,null,null,"TWOGAUSSIANS",8,12.159732,0.24518873,0.0050131287,0.4,0.0,0.4438228,0.021236317,0.77119035,0.013588576,0.4,0.0,0.33587354,0.035266045
375316653866487564,1826272630300116992,0.507206,2146.8680614693353,0.15332578879681052,1.8358254E-5,17.86313,0.014745356,0.24349147,0.02666467,0.022650607,0.035719194,0.8511814,0.7813947,0.7368274,0.009202671,0.04182539,0.009651236,0.19520354,0.034053292,null,null,null,null,"TWOGAUSSIANS",8,13.095821,0.24349147,0.02666467,0.1268434,0.2000275,0.8511814,0.78139496,0.7368274,0.009202671,0.2342222,0.05404692,0.19520354,0.034053307
375316653866487564,1826272737722472320,0.55529153,2117.3242846820363,1.5597133513573935,1.3095921E-5,17.033941,0.016736964,0.25648046,0.0057450845,0.10826581,0.014461218,0.1359835,0.015863983,0.736694,0.0027905384,0.10722231,0.009076264,0.20583022,0.014624615,null,null,null,null,"TWOGAUSSIANS",8,4.4043183,0.736694,0.0027905384,0.4,0.0,0.18769969,0.0064971824,0.25651047,0.005770014,0.4,0.0,0.117855065,0.0066377902
375316653866487564,1826273592380172416,0.5947127,2159.544184119277,2.617021722359623,7.996055E-6,17.60658,0.029244393,0.21970278,0.0041138395,0.06948694,0.0076495814,0.28219247,0.07407248,0.72154284,0.0042844974,0.05719107,0.00740517,0.31487346,0.07116614,0.09151334,0.04095268,0.21970278,0.0041138395,"TWOGAUSSIANS_WITH_ELLIPSOIDAL_ON_ECLIPSE1",9,10.928191,0.72154284,0.0041176314,0.32026997,0.041468948,0.49743292,0.031462308,0.21970278,0.0041138395,0.38912687,0.035303816,0.46477637,0.022338353
375316653866487564,1826273596686050944,0.44252318,2137.0023740058987,2.388439318723911,3.6431466E-5,19.04533,0.010112052,0.5121291,5.992977E-4,0.007838462,0.0016406453,0.59042656,0.8246831,0.84828675,0.01615742,0.04751832,0.025911586,0.20603642,0.07240949,null,null,null,null,"TWOGAUSSIANS",8,7.723936,0.5121291,5.992977E-4,0.043895382,0.009187614,0.59042656,0.8246831,0.84828675,0.01615742,0.2661026,0.14510489,0.20603642,0.07240949
375316653866487564,1826273974673218048,0.50946534,2182.1354513110423,2.5444652165639505,1.981911E-5,15.4943695,0.0027064094,0.2760001,0.0027706581,0.08892099,0.006551177,0.058509257,0.0034670236,0.7762692,0.007791472,0.08834528,0.008612673,0.058136173,0.0047502173,null,null,null,null,"TWOGAUSSIANS",8,9.282381,0.2760001,0.0027706581,0.4,0.0,0.056334335,0.0033775005,0.7762692,0.007791472,0.4,0.0,0.055961255,0.0044892137
375316653866487564,1826274627508017408,0.7058686,2180.7838739629287,0.3126117269803084,2.544649E-6,14.436512,6.60834E-4,0.22224459,0.014729555,0.02334439,0.008209478,0.0053086835,0.003186298,0.35797256,7.809476E-4,0.01755595,6.096964E-4,0.53652024,0.020219512,null,null,null,null,"TWOGAUSSIANS",8,11.64017,0.35797256,7.809476E-4,0.09831332,0.0034142996,0.53652024,0.020219512,0.22224459,0.014729555,0.13072859,0.045973077,0.0053086835,0.003186298
375316653866487564,1826274691906764032,0.6211372,2143.927908469803,3.346582538430949,8.659904E-6,19.35277,0.0069812676,0.25940627,0.002369567,0.043459255,0.0034881753,0.48395777,0.019281212,0.75771487,0.0047010407,0.045935042,0.0048177224,0.33797792,0.032315776,0.12859184,0.0115523115,0.25940627,0.002369567,"TWOGAUSSIANS_WITH_ELLIPSOIDAL_ON_ECLIPSE1",9,1.471991,0.25940627,0.002369567,0.24337183,0.019533781,0.74114114,0.012804928,0.7579049,0.004129181,0.25723624,0.026979247,0.5951355,0.03096779
375316653866487564,1826275005465452416,0.5472478,2173.310864855604,2.5359880141958486,8.89689E-6,17.775358,0.0146125,0.28833333,0.0024913365,0.10838047,0.0069144466,0.21966071,0.014005195,0.7972932,0.002780287,0.10092539,0.008250087,0.22869486,0.012158981,null,null,null,null,"TWOGAUSSIANS",8,2.7735312,0.7973032,0.002780287,0.4,0.0,0.20543332,0.008828244,0.28833333,0.0024912576,0.4,0.0,0.19639029,0.0058786487
375316653866487564,1826275894475350656,0.5214446,2109.136755269214,2.205105363173322,2.4393692E-5,17.601713,0.0022822823,0.7087852,0.0044004368,0.032328255,0.012546634,0.008929445,0.005690547,null,null,null,null,null,null,0.05722684,0.003349743,0.7087852,0.0044004368,"ONEGAUSSIAN_WITH_ELLIPSOIDAL",6,3.752628,0.7087852,0.0044004368,0.18103823,0.07026115,0.12338299,0.0052554677,null,null,null,null,null,null
375316653866487564,1826276208026913792,0.4374785,2132.0112958753384,3.0303553879046436,2.5944726E-5,19.623034,0.0069753975,null,null,null,null,null,null,null,null,null,null,null,null,0.09198229,0.010078983,0.27168888,0.00667651,"ELLIPSOIDAL",4,4.004773,null,null,null,null,null,null,null,null,null,null,null,null
375316653866487564,1826276272432604160,0.5170871,2162.3132996736085,1.7920760032759622,1.6516406E-4,17.812935,0.0072007845,0.589504,0.0013491284,0.03061525,0.0019220174,0.49730292,0.104533,0.26333198,0.043748546,0.10598166,0.046793636,0.023753798,0.008844489,null,null,null,null,"TWOGAUSSIANS",8,1.6191008,0.589494,0.0013344703,0.1714454,0.010763298,0.49751064,0.10447784,0.26333198,0.043748546,0.4,0.0,0.023753066,0.008835776
375316653866487564,1826276414214514944,0.49616468,2155.2875841176447,1.4163933201465564,1.9217376E-5,12.722569,0.03739612,0.22583963,0.0062284223,0.14162321,0.052660443,0.05149613,0.03657716,0.70932305,0.0057485467,0.12503912,0.03180293,0.052918185,0.03429802,null,null,null,null,"TWOGAUSSIANS",8,19.365929,0.70932305,0.0057485467,0.4,0.0,0.037201054,0.0029336165,0.22606963,0.005588914,0.4,0.0,0.035601184,0.002456098
375316653866487564,1826276757783060736,0.5421031,2121.5146743273713,2.768852266684936,9.307857E-6,19.646544,0.009970765,0.2003742,0.0040810397,0.07833542,0.0052933046,0.32301086,0.014101017,0.6836291,0.0033432173,0.077276215,0.0037316564,0.3894507,0.01339548,null,null,null,null,"TWOGAUSSIANS",8,1.0411929,0.6836291,0.0033432173,0.4,0.0,0.3865943,0.01300303,0.2003742,0.0040810397,0.4,0.0,0.32015446,0.013707951
375316653866487564,1826276998330173440,0.4830066,2130.7402960002996,2.3503897384633237,1.9998777E-5,18.95085,0.09800033,0.2102313,0.0054605682,0.11984607,0.024274947,0.2826988,0.0936966,0.70419604,0.0058674607,0.13256815,0.0309265,0.26781267,0.097264685,null,null,null,null,"TWOGAUSSIANS",8,2.1675282,0.21033129,0.0053934264,0.4,0.0,0.20963974,0.010464017,0.70419604,0.0058674607,0.4,0.0,0.194407,0.008261983
375316653866487564,1826277371944316928,0.46796405,2102.291040091009,2.7531151412875454,2.8101518E-5,17.433025,0.045752425,0.26662484,0.011095455,0.10600935,0.046969023,0.08103812,0.04366553,0.77336967,0.008144042,0.11776373,0.041812684,0.07894531,0.044352975,null,null,null,null,"TWOGAUSSIANS",8,3.8387365,0.26660484,0.0114875,0.4,0.0,0.06877367,0.0066584363,0.7733797,0.007955003,0.4,0.0,0.06666359,0.006481741
375316653866487564,1826277715541794304,0.48452577,2168.0236423131378,0.6898204097808631,1.770529E-5,17.676609,0.0028244895,0.41036108,0.016381664,0.010545535,0.020070255,0.30506402,0.2719273,0.91150457,0.0018456432,0.017201727,0.0025611408,0.11209675,0.057911914,null,null,null,null,"TWOGAUSSIANS",8,5.9061766,0.41036108,0.016381664,0.059054997,0.112393424,0.30506402,0.2719273,0.91150457,0.0018456432,0.096329674,0.014342388,0.11209675,0.057911914
375316653866487564,1826277754215610368,0.5093133,2127.444992270203,2.366560678220251,3.2618056E-5,19.649225,0.026896361,0.24220048,0.004016215,0.087637365,0.013328625,0.3038481,0.035028927,0.74875265,0.026636252,0.07704849,0.028929349,0.33294755,0.041118078,null,null,null,null,"TWOGAUSSIANS",8,2.2399194,0.74875265,0.026636252,0.4,0.12261303,0.32736754,0.041677736,0.24220048,0.004016215,0.4,0.0,0.29826805,0.034892954
375316653866487564,1826277784261281024,0.5558253,2160.618805130517,3.5439948497915372,1.3961088E-5,17.920897,0.009560105,0.21669589,0.0023683705,0.07773147,0.0030336396,0.46434808,0.012967844,0.725436,0.003950614,0.081391685,0.0052298005,0.3651264,0.019645032,null,null,null,null,"TWOGAUSSIANS",8,12.545931,0.21669589,0.0023683705,0.4,0.0,0.45940176,0.012277204,0.725436,0.003950614,0.4,0.0,0.36018008,0.020133048
375316653866487564,1826277788604154240,0.5222243,2168.571118100065,2.4808262295847037,1.9966219E-5,15.91091,0.055534393,0.2871433,0.004555033,0.10142688,0.02743863,0.24091485,0.043063525,0.7810693,0.013434972,0.105929054,0.025700394,0.23863587,0.053637907,null,null,null,null,"TWOGAUSSIANS",8,64.05426,0.2871433,0.0045669787,0.4,0.0,0.21653232,0.023722041,0.7810693,0.013434972,0.4,0.0,0.2142488,0.016171094
375316653866487564,1826278849420275328,0.62500525,2168.791754814716,3.5903031838635835,5.085087E-6,19.122208,0.014418459,0.25758737,0.002000254,0.040043503,0.003052348,0.43286067,0.041466326,0.7543311,0.00246692,0.042133693,0.0027568496,0.6102854,0.04576551,0.1405055,0.020978747,0.25758737,0.002000254,"TWOGAUSSIANS_WITH_ELLIPSOIDAL_ON_ECLIPSE1",9,2.388856,0.75453115,0.0023015311,0.23594867,0.015438358,0.89118576,0.037775137,0.25758737,0.002000254,0.22424361,0.017093148,0.71387154,0.033663608
375316653866487564,1826278986852114560,0.45474783,2152.5420997768742,1.631657267207495,2.2475284E-5,18.321737,0.015678423,0.27726457,0.0052550617,0.05422833,0.008606729,0.25886664,0.024530493,0.74040926,0.03034252,0.065765545,0.042675648,0.06944778,0.049196597,null,null,null,null,"TWOGAUSSIANS",8,22.61408,0.27726457,0.0052550617,0.30367863,0.048197683,0.25885552,0.024505584,0.74040926,0.03034252,0.36828703,0.16056629,0.06943666,0.0492718
375316653866487564,1826279334792568192,0.49557263,2173.712820321143,2.3420251234493326,1.7862489E-5,13.730467,0.021483257,0.2614875,0.0070054824,0.092842534,0.013557029,0.22160284,0.0219071,0.7611306,0.0066229906,0.09568321,0.013238233,0.2344599,0.01875455,null,null,null,null,"TWOGAUSSIANS",8,84.49135,0.7611306,0.0066229906,0.4,0.0,0.22098845,0.009021466,0.2614875,0.0070054824,0.4,0.0,0.20813172,0.018282525
