Gaia/vari_eclipsing_binary/VariEclipsingBinary_665159-665184.csv
# %ECSV 1.0
# ---
# delimiter: ','
# meta: !!omap
# - RELEASE: Gaia DR3
# - TABLE: vari_eclipsing_binary
# - DESCRIPTION: >
#     This table describes the properties of the eclipsing binaries resulting from the variability analysis. 
# - CITATION: >
#     How to cite and acknowledge Gaia: 
#     https://gea.esac.esa.int/archive/documentation/credits.html 
# - KNOWN_ISSUES: >
#     Known issues: 
#     https://www.cosmos.esa.int/web/gaia-users/known-issues 
# - DOCUMENTATION: >
#     Tutorials and documentation: 
#     https://www.cosmos.esa.int/web/gaia-users/archive 
# datatype:
# - 
#   name: solution_id
#   datatype: int64
#   description: Solution Identifier
#   meta:
#     ucd: meta.version
# - 
#   name: source_id
#   datatype: int64
#   description: Unique source identifier
#   meta:
#     ucd: meta.id;meta.main
# - 
#   name: global_ranking
#   datatype: float32
#   description: Number between 0 (worst) and 1 (best)
#   meta:
#     ucd: stat.param
# - 
#   name: reference_time
#   datatype: float64
#   unit: d
#   description: Reference time used for the geometric model fit
#   meta:
#     ucd: time.epoch
# - 
#   name: frequency
#   datatype: float64
#   unit: d**-1
#   description: Frequency of geometric model of the eclipsing binary light curve
#   meta:
#     ucd: src.orbital
# - 
#   name: frequency_error
#   datatype: float32
#   unit: d**-1
#   description: "Uncertainty of \\texttt{frequency}"
#   meta:
#     ucd: stat.error
# - 
#   name: geom_model_reference_level
#   datatype: float32
#   unit: mag
#   description: Magnitude reference level of geometric model
#   meta:
#     ucd: phot.mag;em.opt
# - 
#   name: geom_model_reference_level_error
#   datatype: float32
#   unit: mag
#   description: "Uncertainty of \\texttt{geomModelReferenceLevel}"
#   meta:
#     ucd: stat.error;phot.mag;em.opt
# - 
#   name: geom_model_gaussian1_phase
#   datatype: float32
#   description: Phase of the Gaussian 1 component
#   meta:
#     ucd: time.phase
# - 
#   name: geom_model_gaussian1_phase_error
#   datatype: float32
#   description: "Uncertainty of \\texttt{geomModelGaussian1Phase}"
#   meta:
#     ucd: stat.error;time.phase
# - 
#   name: geom_model_gaussian1_sigma
#   datatype: float32
#   description: "Standard deviation [phase] of Gaussian 1 component"
#   meta:
#     ucd: stat.stdev
# - 
#   name: geom_model_gaussian1_sigma_error
#   datatype: float32
#   description: "Uncertainty of \\texttt{geomModelGaussian1Sigma}"
#   meta:
#     ucd: stat.error
# - 
#   name: geom_model_gaussian1_depth
#   datatype: float32
#   unit: mag
#   description: Magnitude depth of Gaussian 1 component
#   meta:
#     ucd: src.var.amplitude
# - 
#   name: geom_model_gaussian1_depth_error
#   datatype: float32
#   unit: mag
#   description: "Uncertainty of \\texttt{geomModelGaussian1Depth}"
#   meta:
#     ucd: stat.error;src.var.amplitude
# - 
#   name: geom_model_gaussian2_phase
#   datatype: float32
#   description: Phase of Gaussian 2 component
#   meta:
#     ucd: time.phase
# - 
#   name: geom_model_gaussian2_phase_error
#   datatype: float32
#   description: "Uncertainty of \\texttt{geomModelGaussian2Phase}"
#   meta:
#     ucd: stat.error;time.phase
# - 
#   name: geom_model_gaussian2_sigma
#   datatype: float32
[...]
#   datatype: float32
#   description: "Secondary eclipse: uncertainty of \\texttt{derivedSecondaryEclDuration}"
#   meta:
#     ucd: stat.error;time.duration
# - 
#   name: derived_secondary_ecl_depth
#   datatype: float32
#   unit: mag
#   description: "Secondary eclipse: depth"
#   meta:
#     ucd: src.var.amplitude
# - 
#   name: derived_secondary_ecl_depth_error
#   datatype: float32
#   unit: mag
#   description: "Secondary eclipse: uncertainty of \\texttt{derivedSecondaryEclDepth}"
#   meta:
#     ucd: stat.error;src.var.amplitude
solution_id,source_id,global_ranking,reference_time,frequency,frequency_error,geom_model_reference_level,geom_model_reference_level_error,geom_model_gaussian1_phase,geom_model_gaussian1_phase_error,geom_model_gaussian1_sigma,geom_model_gaussian1_sigma_error,geom_model_gaussian1_depth,geom_model_gaussian1_depth_error,geom_model_gaussian2_phase,geom_model_gaussian2_phase_error,geom_model_gaussian2_sigma,geom_model_gaussian2_sigma_error,geom_model_gaussian2_depth,geom_model_gaussian2_depth_error,geom_model_cosine_half_period_amplitude,geom_model_cosine_half_period_amplitude_error,geom_model_cosine_half_period_phase,geom_model_cosine_half_period_phase_error,model_type,num_model_parameters,reduced_chi2,derived_primary_ecl_phase,derived_primary_ecl_phase_error,derived_primary_ecl_duration,derived_primary_ecl_duration_error,derived_primary_ecl_depth,derived_primary_ecl_depth_error,derived_secondary_ecl_phase,derived_secondary_ecl_phase_error,derived_secondary_ecl_duration,derived_secondary_ecl_duration_error,derived_secondary_ecl_depth,derived_secondary_ecl_depth_error
[from data line 508]
375316653866487564,5850975883733039232,0.40915185,2271.19265399929,0.10624490047043922,5.0129252E-5,11.067061,9.686269E-4,0.44600677,0.0028119427,0.016303375,0.0017555421,1.1852632,0.32268813,0.89252305,0.013679435,0.029754955,0.007082311,0.23415944,0.030114632,0.006533391,0.0013785356,0.89252305,0.013679435,"TWOGAUSSIANS_WITH_ELLIPSOIDAL_ON_ECLIPSE2",9,20.746178,0.4459968,0.002804059,0.09129891,0.0098310355,1.1969093,0.32291374,0.89252305,0.013679435,0.16662775,0.03966094,0.24722621,0.029708814
375316653866487564,5850976124225796352,0.4922269,2283.8380340880362,2.583487170760909,1.2259922E-5,18.64071,0.013294427,0.21946861,0.00787243,0.09678073,0.014700111,0.18277964,0.012316064,0.70631313,0.0035016735,0.09648426,0.008437856,0.22590269,0.014686263,null,null,null,null,"TWOGAUSSIANS",8,3.256448,0.70631313,0.0035016735,0.4,0.0,0.21394776,0.013013879,0.21946861,0.00787243,0.4,0.0,0.17082481,0.011848617
375316653866487564,5850976811446338688,0.4481529,2242.461361678351,1.0400495554341773,9.737652E-6,15.471001,0.005255257,0.3203745,7.026497E-5,0.0013227536,2.4024124E-4,0.1311272,0.04294387,0.70085853,0.0047623715,0.07972862,0.0074280724,0.07127853,0.006320197,null,null,null,null,"TWOGAUSSIANS",8,85.80478,0.3203745,7.026497E-5,0.0074074203,0.001345351,0.131128,0.04294215,0.70085853,0.0047623715,0.4,0.0,0.07127853,0.0063201957
375316653866487564,5850976875822101376,0.5911581,2245.8741814669847,3.3983739039037975,4.3288487E-6,18.918528,0.00762802,0.26252595,0.0024852452,0.040098075,0.0037887157,0.49220175,0.029867647,0.7586358,0.0032026027,0.043298446,0.0026247366,0.33987924,0.026376348,0.14949627,0.0099178115,0.26252595,0.0024852452,"TWOGAUSSIANS_WITH_ELLIPSOIDAL_ON_ECLIPSE1",9,3.1063294,0.26252595,0.0024852452,0.22454922,0.021216808,0.79119426,0.023886405,0.75908583,0.0027330888,0.24247131,0.014698525,0.6387137,0.020184541
375316653866487564,5850977086299997824,0.5288858,2216.407272603172,3.1212953741436005,6.051888E-6,19.455406,0.016629571,0.24570657,0.0036910793,0.08482252,0.006517256,0.4936465,0.025999809,0.73163605,0.0023359691,0.08499031,0.0066530555,0.36203143,0.016511805,null,null,null,null,"TWOGAUSSIANS",8,2.2513423,0.24570657,0.0036910793,0.4,0.0,0.48500937,0.026947768,0.73163605,0.0023359691,0.4,0.0,0.3533943,0.016255856
375316653866487564,5850977288138970624,0.43817747,2187.7957139936566,2.487627034064012,5.018283E-5,18.936792,0.09026082,0.2851153,0.019890692,0.12779352,0.04151148,0.15600374,0.09005689,0.74168015,0.011034043,0.12619191,0.039509103,0.17315026,0.08593816,null,null,null,null,"TWOGAUSSIANS",8,4.7518435,0.74168015,0.011034043,0.4,0.0,0.14014013,0.01523033,0.2858153,0.018142529,0.4,0.0,0.12297867,0.017360343
375316653866487564,5850978147128006912,0.66066474,2198.4269308221083,2.1718048377484127,1.0648297E-6,17.096867,0.006278656,0.2610506,6.8252074E-4,0.055321638,0.0023947028,0.21900806,0.013663464,0.7552628,5.41865E-4,0.057676863,0.002188197,0.26501104,0.012584768,0.09008265,0.0076989825,0.2610506,6.8252074E-4,"TWOGAUSSIANS_WITH_ELLIPSOIDAL_ON_ECLIPSE1",9,2.7907388,0.7561428,4.2208063E-4,0.32299042,0.012253904,0.44495195,0.00438699,0.2610506,6.8252074E-4,0.3098012,0.013410335,0.3991511,0.005112185
375316653866487564,5850978151452096128,0.49335518,2239.5714860525245,2.218093752802141,1.5880558E-5,17.98189,0.32916573,0.18817829,0.009531176,0.15726854,0.10914462,0.15738389,0.31264913,0.67922413,0.007452813,0.14746901,0.05753773,0.22576924,0.29263347,null,null,null,null,"TWOGAUSSIANS",8,3.109599,0.67922413,0.007452813,0.4,0.0,0.13608502,0.0065291435,0.18927829,0.008387415,0.4,0.0,0.06713191,0.006475948
375316653866487564,5850979457146345088,0.63517624,2216.054058471662,1.252519037280443,5.1139687E-6,16.083754,0.004506247,0.27131507,0.0017168717,0.09934213,0.003054534,0.37215927,0.011260669,0.76533335,0.0010954934,0.09255901,0.0014596563,0.4212729,0.0046090754,null,null,null,null,"TWOGAUSSIANS",8,12.977624,0.76533335,0.0010954934,0.4,0.0,0.39686808,0.002509643,0.27131507,0.0017168717,0.4,0.0,0.34775242,0.0138233015
375316653866487564,5850980827191990784,0.5512997,2251.6959462077934,2.2393537227843128,9.439841E-6,16.888477,0.013358237,0.20106097,0.0018354752,0.062308628,0.0037952564,0.32783782,0.01234489,0.6891997,0.005863277,0.0779133,0.007734585,0.6742639,0.05819927,null,null,null,null,"TWOGAUSSIANS",8,58.619892,0.6891997,0.005863277,0.4,0.0,0.6730239,0.05914958,0.20106097,0.0018354752,0.3489283,0.021253437,0.3265978,0.01145782
375316653866487564,5850981445665181824,0.53271353,2227.300648333182,0.23606556590336236,6.551739E-6,18.087042,0.010765435,0.07889021,0.0024793583,0.026546644,0.004273135,0.12614378,0.014560191,0.5705653,8.7048043E-4,0.021328285,0.001116679,0.9839706,0.07131209,null,null,null,null,"TWOGAUSSIANS",8,25.311571,0.5705653,8.7048043E-4,0.119438395,0.0062534027,0.9839706,0.07131209,0.07889021,0.0024793583,0.1486612,0.023929559,0.12614378,0.014560191
375316653866487564,5850981587426338944,0.6228409,2249.652360262792,2.8247822850878572,4.1357325E-6,17.56509,0.009850998,0.2902358,0.0013657911,0.049339876,0.0028175213,0.34876713,0.029240044,0.7837185,0.0015825755,0.055755824,0.0029077525,0.38568166,0.021393668,0.11593474,0.013531308,0.2902358,0.0013657911,"TWOGAUSSIANS_WITH_ELLIPSOIDAL_ON_ECLIPSE1",9,9.197185,0.78455853,0.0013325206,0.3122326,0.016283413,0.61720127,0.010371024,0.2902358,0.0013657911,0.2763033,0.015778119,0.5806254,0.022759367
375316653866487564,5850981621786121984,0.6246492,2253.8094162059774,0.6832677331263992,9.981229E-7,16.907158,9.678282E-4,0.25483057,6.391981E-4,0.021054277,0.0012725407,0.107825615,0.0019470213,0.75376236,5.2363117E-4,0.02316322,5.474634E-4,0.2985712,0.0040566428,0.008862978,0.0013903652,0.25483057,6.391981E-4,"TWOGAUSSIANS_WITH_ELLIPSOIDAL_ON_ECLIPSE1",9,1.8536426,0.75376236,5.2363117E-4,0.12971404,0.0030657952,0.31629634,0.0036980342,0.25483057,6.391981E-4,0.117903955,0.007126228,0.12555155,0.0015675199
375316653866487564,5850981892339633664,0.5267802,2235.3890396337097,2.7212654065946005,6.3960197E-6,14.036185,0.16638787,0.23726371,0.0027764933,0.2626724,0.041178096,1.088755,0.16220431,0.73996687,0.0024111415,0.17225474,0.019258665,0.7481224,0.2080204,null,null,null,null,"TWOGAUSSIANS",8,56.859802,0.23575372,0.0027459606,0.4,0.0,0.14753817,0.0066464706,0.7430969,0.002741293,0.4,0.0,0.13903782,0.0063762665
375316653866487564,5850982034103150464,0.56523705,2214.6432687104575,3.546223308186296,4.000902E-6,19.45198,0.0081596775,0.25410563,0.0018507213,0.07098736,0.0021105222,0.5279879,0.009327902,0.7544879,0.0021156152,0.07098813,0.0023272652,0.41582835,0.01229775,null,null,null,null,"TWOGAUSSIANS",8,1.2422521,0.25410563,0.0018507213,0.39752918,0.009769657,0.5261073,0.008988537,0.7544879,0.0021156152,0.39753357,0.012573519,0.41394776,0.012083563
375316653866487564,5850982240261733888,0.5448779,2257.338961917324,2.701125302771836,1.2260261E-5,18.704155,0.011924192,0.2997062,0.0031843807,0.07027027,0.0050414633,0.33987087,0.011527033,0.80209905,0.0052989363,0.06913546,0.0067976206,0.31245378,0.01700255,null,null,null,null,"TWOGAUSSIANS",8,3.5974429,0.2997062,0.0031843807,0.3935135,0.021799065,0.3388846,0.011007185,0.80209905,0.0052989363,0.38715857,0.0347663,0.3114675,0.016595874
375316653866487564,5850982308981194624,0.4616023,2242.1741214227445,0.1346599849440028,3.6264835E-5,19.835388,0.015127307,0.23656943,0.02072075,0.036085885,0.01715064,0.08460026,0.093963034,0.7011413,0.0069833943,0.1307116,0.016393853,0.22865723,0.016747797,null,null,null,null,"TWOGAUSSIANS",8,2.1589837,0.7011413,0.0069833943,0.4,0.0,0.22684872,0.016792497,0.23671944,0.020632187,0.20208097,0.09604359,0.08325762,0.09539294
375316653866487564,5850982549499501824,0.46927473,2241.357542060629,1.5311970288889907,2.449972E-5,19.033436,0.005024526,0.26901948,0.0054425485,0.060817998,0.007918685,0.097014315,0.011997632,0.7771779,0.006897698,0.04642598,0.010316428,0.38002092,0.14508513,null,null,null,null,"TWOGAUSSIANS",8,2.2261338,0.7771779,0.006897698,0.25998548,0.057771992,0.38001636,0.14510623,0.26901948,0.0054425485,0.3405808,0.044344634,0.097009756,0.011998417
375316653866487564,5850983374133271680,0.56882936,2226.9791549780416,3.343072799350882,2.802037E-6,19.174154,0.008103699,0.2986675,0.0025588325,0.06758075,0.0035504524,0.48269787,0.010393047,0.79515857,0.0010534822,0.069862016,0.0034534135,0.53967553,0.021991549,null,null,null,null,"TWOGAUSSIANS",8,2.025473,0.79515857,0.0010534822,0.3912273,0.015761783,0.5384309,0.022416135,0.2986675,0.0025588325,0.37845218,0.019882534,0.48145327,0.01025977
375316653866487564,5850983511595640960,0.554476,2221.48888991698,2.6301085863414446,6.772064E-6,14.093873,0.015947364,0.21257341,0.0030209788,0.10040837,0.0069283387,0.27326366,0.015159827,0.7138584,0.0018380674,0.10846004,0.0056468206,0.26718605,0.015398931,null,null,null,null,"TWOGAUSSIANS",8,166.25452,0.21257341,0.0030209788,0.4,0.0,0.24298386,0.0083631445,0.7138584,0.0018380674,0.4,0.0,0.23689552,0.0057870783
375316653866487564,5850983752090637568,0.5901156,2216.482828487159,2.256678866768369,3.7079742E-6,16.58622,0.009940057,0.30375642,0.0014692954,0.055337798,0.008117906,0.12283951,0.023900473,0.8088421,0.0054049897,0.055450153,0.009780047,0.10171394,0.025041278,0.08993564,0.01610474,0.30375642,0.0014692954,"TWOGAUSSIANS_WITH_ELLIPSOIDAL_ON_ECLIPSE1",9,12.962865,0.30375642,0.0014692954,0.30989167,0.045460273,0.30270332,0.010580281,0.8088421,0.0054049897,0.31052086,0.054768264,0.28139415,0.00952623
375316653866487564,5850984233150203008,0.65733516,2245.7228420419656,1.1895109611282542,2.518935E-6,15.842285,8.010501E-4,0.23832084,0.0011154095,0.058410082,0.0014946758,0.13837932,0.0031625326,null,null,null,null,null,null,0.0676642,8.5995236E-4,0.23832084,0.0011154095,"ONEGAUSSIAN_WITH_ELLIPSOIDAL",6,4.448177,0.23832084,0.0011154095,0.32709646,0.008370184,0.27369317,0.0030982108,null,null,null,null,null,null
375316653866487564,5850984538044225408,0.52920574,2251.122250632263,2.467479117695379,8.834325E-6,19.182138,0.0045711384,0.29397103,0.030142175,0.0269259,0.025442904,0.04525714,0.04526464,0.55683,0.0064162146,0.034023326,0.0030041828,0.59484506,0.061538298,null,null,null,null,"TWOGAUSSIANS",8,3.0138073,0.55683,0.0064162146,0.19053063,0.016823424,0.59484506,0.061538298,0.29397103,0.030142175,0.15078503,0.14248027,0.04525714,0.04526464
375316653866487564,5850984572411029248,0.5626795,2256.4731402557636,3.5425998240785668,8.454143E-6,18.93547,0.015754199,0.21542151,0.00217144,0.042410687,0.004468105,0.34699523,0.03687222,0.71694165,0.0037478982,0.041512508,0.005205645,0.4926563,0.042209636,0.13850346,0.021646447,0.21542151,0.00217144,"TWOGAUSSIANS_WITH_ELLIPSOIDAL_ON_ECLIPSE1",9,6.97204,0.71694165,0.0036633066,0.23247005,0.029151613,0.76963794,0.03646102,0.21542151,0.00217144,0.23749985,0.025021385,0.6240021,0.017525522
375316653866487564,5850984709855113600,0.48237756,2265.30333975616,1.2299273383731508,8.172564E-6,18.828827,0.008625567,0.27009097,0.0121298395,0.058019925,0.011419824,0.15044913,0.016773501,0.7842292,0.0026624198,0.0392344,0.002289058,0.43083286,0.019399188,null,null,null,null,"TWOGAUSSIANS",8,10.714983,0.7842292,0.0026624198,0.21971264,0.012818724,0.4308325,0.019399043,0.27009097,0.0121298395,0.32491156,0.063951015,0.15044874,0.016774954
375316653866487564,5850984954704754560,0.6338506,2271.095869361637,2.034972582722355,3.2978576E-6,16.955572,0.0035778703,0.21425377,0.0018824479,0.039618384,0.003988368,0.03254586,0.009995914,0.7140901,0.001126372,0.055369426,0.0015908977,0.2612755,0.008598905,0.060742576,0.005097985,0.21425377,0.0018824479,"TWOGAUSSIANS_WITH_ELLIPSOIDAL_ON_ECLIPSE1",9,2.779815,0.71411014,9.969642E-4,0.3100688,0.008909027,0.38275027,0.0046744407,0.21425377,0.0018824479,0.22186296,0.022334863,0.15402073,0.0025619024
375316653866487564,5850985019092744576,0.55329585,2260.0471353891435,2.0723271663795035,5.5964083E-6,19.028543,0.01585104,0.26225743,0.0030143121,0.074125506,0.0041188826,0.33066615,0.021116858,0.7546343,0.001944845,0.07556962,0.00422714,0.51517296,0.013939883,null,null,null,null,"TWOGAUSSIANS",8,4.6187625,0.7546343,0.001944845,0.4,0.0,0.51254475,0.013126152,0.26225743,0.0030143121,0.4,0.0,0.32803792,0.020457722
375316653866487564,5850985779317050880,0.53147805,2227.464858151197,3.989320925933302,1.1273625E-5,19.779629,0.013276654,0.2827023,0.0031586364,0.071223415,0.0044576093,0.44836268,0.015576937,0.78580594,0.0038056567,0.061556604,0.004083878,0.5812341,0.019506678,null,null,null,null,"TWOGAUSSIANS",8,2.6751037,0.78580594,0.0038056567,0.34471697,0.022869717,0.5804656,0.01932034,0.2827023,0.0031586364,0.39885113,0.018499957,0.44759414,0.015386918
375316653866487564,5850986294734905984,0.56412566,2212.492592410829,2.8742935644549985,4.3760324E-6,14.537593,0.006415674,0.17034236,0.0032851414,0.040319424,0.017354703,0.043353446,0.009107161,0.6646943,0.014293195,0.06905391,0.0201971,0.060651604,0.010077879,0.08275621,0.0059339716,0.17034236,0.0032851414,"TWOGAUSSIANS_WITH_ELLIPSOIDAL_ON_ECLIPSE1",9,62.28766,0.6675543,0.007440206,0.38670188,0.10451888,0.22599694,0.008757427,0.17034236,0.0032851414,0.22578877,0.097186334,0.20880155,0.0068675904
375316653866487564,5850986947570288384,0.53010285,2261.995624114582,0.5599568170795959,8.4813355E-6,15.998156,6.312244E-4,0.25224862,0.0050827167,0.014440227,0.010547117,0.013852824,4.273864,0.76369303,0.0020617999,0.02165546,0.0020487665,0.06743621,0.004675848,0.012938135,9.74965E-4,0.25224862,0.0050827167,"TWOGAUSSIANS_WITH_ELLIPSOIDAL_ON_ECLIPSE1",9,2.9706926,0.76369303,0.0020617999,0.121270575,0.011473092,0.09317885,0.004837461,0.25224862,0.0050827167,0.08086527,0.05906386,0.039729033,4.273875
375316653866487564,5850987084987359616,0.53818274,2285.3818843149293,0.017974481590551532,2.735395E-5,18.654638,0.015947329,0.46029505,0.0011358125,0.018248748,0.0022612489,0.91637635,0.071696356,0.6070025,0.08131534,0.050680723,0.12964046,0.045310054,0.019721005,null,null,null,null,"TWOGAUSSIANS",8,7.402271,0.46030506,0.0011478201,0.10219299,0.012662994,0.91706306,0.09586033,0.6070025,0.08131534,0.28381205,0.20316046,0.045310054,0.018814445
375316653866487564,5850987974031668352,0.5157318,2298.3239149102055,3.7132173715001864,1.2084658E-5,18.795906,0.003899111,0.19999218,0.0032627073,0.07566924,0.0055610538,0.13908511,0.008661848,0.7044784,0.0029769794,0.06527821,0.0040688426,0.18181269,0.010169965,null,null,null,null,"TWOGAUSSIANS",8,1.3626269,0.7044784,0.0029769794,0.36555797,0.02278552,0.18129466,0.010229389,0.19999218,0.0032627073,0.4,0.0,0.13856709,0.008794996
375316653866487564,5850988321939110016,0.47241834,2260.6139827913903,3.6310443824602077,1.3144339E-5,19.705296,0.018301321,0.29029757,0.009728395,0.07752643,0.011587824,0.23555072,0.067486115,0.79043555,0.0035447155,0.080053486,0.008833331,0.31861943,0.026821312,null,null,null,null,"TWOGAUSSIANS",8,3.028466,0.79043555,0.0035447155,0.4,0.0,0.31505615,0.026983107,0.29029757,0.009728395,0.4,0.012843254,0.23198743,0.06776352
375316653866487564,5850988321939146368,0.56845117,2260.704042018382,1.733295913628133,5.9652857E-6,19.237171,0.0059391954,0.23598786,0.0054410133,0.046424825,0.0037947109,0.25937825,0.019824136,0.73686445,0.0024205735,0.045269314,0.0016704199,1.1107867,0.04613079,null,null,null,null,"TWOGAUSSIANS",8,4.2251563,0.73686445,0.0024205735,0.25350815,0.009354352,1.1107863,0.046130817,0.23598786,0.0054410133,0.259979,0.021250382,0.25937793,0.019824183
