Gaia/vari_eclipsing_binary/VariEclipsingBinary_764978-765069.csv
# %ECSV 1.0
# ---
# delimiter: ','
# meta: !!omap
# - RELEASE: Gaia DR3
# - TABLE: vari_eclipsing_binary
# - DESCRIPTION: >
#     This table describes the properties of the eclipsing binaries resulting from the variability analysis. 
# - CITATION: >
#     How to cite and acknowledge Gaia: 
#     https://gea.esac.esa.int/archive/documentation/credits.html 
# - KNOWN_ISSUES: >
#     Known issues: 
#     https://www.cosmos.esa.int/web/gaia-users/known-issues 
# - DOCUMENTATION: >
#     Tutorials and documentation: 
#     https://www.cosmos.esa.int/web/gaia-users/archive 
# datatype:
# - 
#   name: solution_id
#   datatype: int64
#   description: Solution Identifier
#   meta:
#     ucd: meta.version
# - 
#   name: source_id
#   datatype: int64
#   description: Unique source identifier
#   meta:
#     ucd: meta.id;meta.main
# - 
#   name: global_ranking
#   datatype: float32
#   description: Number between 0 (worst) and 1 (best)
#   meta:
#     ucd: stat.param
# - 
#   name: reference_time
#   datatype: float64
#   unit: d
#   description: Reference time used for the geometric model fit
#   meta:
#     ucd: time.epoch
# - 
#   name: frequency
#   datatype: float64
#   unit: d**-1
#   description: Frequency of geometric model of the eclipsing binary light curve
#   meta:
#     ucd: src.orbital
# - 
#   name: frequency_error
#   datatype: float32
#   unit: d**-1
#   description: "Uncertainty of \\texttt{frequency}"
#   meta:
#     ucd: stat.error
# - 
#   name: geom_model_reference_level
#   datatype: float32
#   unit: mag
#   description: Magnitude reference level of geometric model
#   meta:
#     ucd: phot.mag;em.opt
# - 
#   name: geom_model_reference_level_error
#   datatype: float32
#   unit: mag
#   description: "Uncertainty of \\texttt{geomModelReferenceLevel}"
#   meta:
#     ucd: stat.error;phot.mag;em.opt
# - 
#   name: geom_model_gaussian1_phase
#   datatype: float32
#   description: Phase of the Gaussian 1 component
#   meta:
#     ucd: time.phase
# - 
#   name: geom_model_gaussian1_phase_error
#   datatype: float32
#   description: "Uncertainty of \\texttt{geomModelGaussian1Phase}"
#   meta:
#     ucd: stat.error;time.phase
# - 
#   name: geom_model_gaussian1_sigma
#   datatype: float32
#   description: "Standard deviation [phase] of Gaussian 1 component"
#   meta:
#     ucd: stat.stdev
# - 
#   name: geom_model_gaussian1_sigma_error
#   datatype: float32
#   description: "Uncertainty of \\texttt{geomModelGaussian1Sigma}"
#   meta:
#     ucd: stat.error
# - 
#   name: geom_model_gaussian1_depth
#   datatype: float32
#   unit: mag
#   description: Magnitude depth of Gaussian 1 component
#   meta:
#     ucd: src.var.amplitude
# - 
#   name: geom_model_gaussian1_depth_error
#   datatype: float32
#   unit: mag
#   description: "Uncertainty of \\texttt{geomModelGaussian1Depth}"
#   meta:
#     ucd: stat.error;src.var.amplitude
# - 
#   name: geom_model_gaussian2_phase
#   datatype: float32
#   description: Phase of Gaussian 2 component
#   meta:
#     ucd: time.phase
# - 
#   name: geom_model_gaussian2_phase_error
#   datatype: float32
#   description: "Uncertainty of \\texttt{geomModelGaussian2Phase}"
#   meta:
#     ucd: stat.error;time.phase
# - 
#   name: geom_model_gaussian2_sigma
#   datatype: float32
[...]
#   datatype: float32
#   description: "Secondary eclipse: uncertainty of \\texttt{derivedSecondaryEclDuration}"
#   meta:
#     ucd: stat.error;time.duration
# - 
#   name: derived_secondary_ecl_depth
#   datatype: float32
#   unit: mag
#   description: "Secondary eclipse: depth"
#   meta:
#     ucd: src.var.amplitude
# - 
#   name: derived_secondary_ecl_depth_error
#   datatype: float32
#   unit: mag
#   description: "Secondary eclipse: uncertainty of \\texttt{derivedSecondaryEclDepth}"
#   meta:
#     ucd: stat.error;src.var.amplitude
solution_id,source_id,global_ranking,reference_time,frequency,frequency_error,geom_model_reference_level,geom_model_reference_level_error,geom_model_gaussian1_phase,geom_model_gaussian1_phase_error,geom_model_gaussian1_sigma,geom_model_gaussian1_sigma_error,geom_model_gaussian1_depth,geom_model_gaussian1_depth_error,geom_model_gaussian2_phase,geom_model_gaussian2_phase_error,geom_model_gaussian2_sigma,geom_model_gaussian2_sigma_error,geom_model_gaussian2_depth,geom_model_gaussian2_depth_error,geom_model_cosine_half_period_amplitude,geom_model_cosine_half_period_amplitude_error,geom_model_cosine_half_period_phase,geom_model_cosine_half_period_phase_error,model_type,num_model_parameters,reduced_chi2,derived_primary_ecl_phase,derived_primary_ecl_phase_error,derived_primary_ecl_duration,derived_primary_ecl_duration_error,derived_primary_ecl_depth,derived_primary_ecl_depth_error,derived_secondary_ecl_phase,derived_secondary_ecl_phase_error,derived_secondary_ecl_duration,derived_secondary_ecl_duration_error,derived_secondary_ecl_depth,derived_secondary_ecl_depth_error
[from data line 297]
375316653866487564,6729365174680747904,0.4642152,2281.601980444933,0.02952200489749151,1.2399009E-4,19.484447,0.009433516,0.3485461,0.016745009,0.048437938,0.011199558,0.095598966,0.013654171,0.64675087,0.004641818,0.057205614,0.0075081144,1.644299,0.8327509,null,null,null,null,"TWOGAUSSIANS",8,1.2528607,0.64675087,0.004641818,0.32035145,0.04204544,1.644299,0.8327509,0.3485461,0.016752528,0.27125245,0.06271753,0.09560103,0.013656445
375316653866487564,6729370736656935168,0.67248416,2210.3099742172344,3.1885046365101974,1.4107251E-5,17.251886,0.007438339,0.23827639,0.008906017,0.071751,0.0055629723,0.6072493,0.035068877,0.7467081,0.0016619938,0.06730038,0.0022275287,0.5355664,0.0065725944,null,null,null,null,"TWOGAUSSIANS",8,4.0369835,0.23827639,0.008906017,0.4,0.0023956867,0.6058216,0.0348794,0.7467081,0.0016619938,0.37688214,0.012474162,0.5341387,0.006235212
375316653866487564,6729374138265289856,0.47866377,2334.0603169419646,0.02414154538718161,6.282101E-5,16.318819,0.021988539,0.37773103,0.015780628,0.1264882,0.027875291,0.09634511,0.01719591,0.7985984,0.034330275,0.122713014,0.05887652,0.040528193,0.020044908,null,null,null,null,"TWOGAUSSIANS",8,3.1741602,0.37826103,0.013626343,0.4,0.0,0.08817602,0.011510569,0.7985984,0.034330275,0.4,0.0,0.032627262,0.009203084
375316653866487564,6729378089641759744,0.59895426,2257.558577978289,0.38752222750031273,9.014294E-5,16.985426,0.01013344,0.3781202,0.038000386,0.069805145,0.026324503,0.15742491,0.04690859,0.8388699,0.008936167,0.037337113,0.007485909,0.9623293,0.3018744,null,null,null,null,"TWOGAUSSIANS",8,28.996574,0.8388699,0.008936167,0.20908783,0.04192109,0.9623276,0.3018775,0.3781202,0.038000386,0.39090884,0.12673123,0.15742317,0.04690216
375316653866487564,6729378197018771712,0.5885574,2298.868788040338,2.2662634424556742,2.340679E-5,16.794573,0.005663674,0.27953598,0.010623013,0.05664481,0.015245043,0.5349179,0.23780604,0.781327,0.015157786,0.076072104,0.015283766,0.10936586,0.03755407,null,null,null,null,"TWOGAUSSIANS",8,5.4886346,0.27953598,0.010623013,0.31721094,0.08537224,0.53459316,0.2386496,0.781327,0.015157786,0.4,0.038227275,0.10904112,0.03773461
375316653866487564,6729379532744328192,0.62085235,2217.868776290024,2.259932208501445,1.3618784E-5,16.98292,0.0019488264,0.22150467,0.0010166914,0.03990433,0.0072577954,0.063722976,0.04261236,0.7316171,0.011812856,0.026358442,0.017573494,0.045368295,0.08098717,0.09800511,0.0024114093,0.22150467,0.0010166914,"TWOGAUSSIANS_WITH_ELLIPSOIDAL_ON_ECLIPSE1",9,1.8997556,0.22150467,0.0010166914,0.22346425,0.040643655,0.2597332,0.04359058,0.7316171,0.011812856,0.14760727,0.098411575,0.24058826,0.08023116
375316653866487564,6729380872779708416,0.4744429,2197.793223916786,0.24931340461887141,4.9651808E-5,18.848577,0.0033504511,0.280719,0.007036373,0.0462747,0.0056868987,0.12950777,0.0094865365,0.6698417,0.033488024,0.06808772,0.034039445,0.04842983,0.039896324,null,null,null,null,"TWOGAUSSIANS",8,2.034493,0.280719,0.0070362366,0.25913832,0.03184663,0.12950768,0.009486335,0.6698417,0.033488024,0.38129124,0.1524015,0.048429742,0.039896708
375316653866487564,6729381392465290752,0.55631804,2230.024997345011,3.3321892619842415,2.1795817E-5,17.32267,0.033470187,0.27112448,0.005537453,0.102922365,0.010510593,0.36977032,0.032394856,0.76434076,0.005316237,0.09397312,0.009853764,0.35900483,0.034899347,null,null,null,null,"TWOGAUSSIANS",8,17.756245,0.27112448,0.005537453,0.4,0.0,0.3432362,0.013446285,0.76434076,0.005316237,0.4,0.0,0.332476,0.018551756
375316653866487564,6729381839150706304,0.5957241,2232.065250510657,2.298769165963674,1.0341998E-5,15.412279,0.0026671642,0.1422869,4.492238E-4,0.01530727,0.0014874969,0.07237593,0.0049604313,0.6623589,0.0027594515,0.045275338,0.008331995,0.059405793,0.010411761,0.08292288,0.0045121224,0.6623589,0.0027594515,"TWOGAUSSIANS_WITH_ELLIPSOIDAL_ON_ECLIPSE2",9,23.213856,0.14309691,3.3266554E-4,0.08572071,0.008329983,0.23570302,0.0073109907,0.6623589,0.0027594515,0.2535419,0.046659175,0.22525153,0.009789541
375316653866487564,6729384102595326464,0.62520087,2254.8806457325977,1.3571719556954487,8.279376E-6,17.150179,0.00872093,0.33867356,0.005258877,0.031397715,0.011274812,0.6390548,0.018127598,0.85922736,0.015300047,0.017705042,0.011029863,0.055197448,0.022429397,0.046095088,0.011752998,0.33867356,0.005258877,"TWOGAUSSIANS_WITH_ELLIPSOIDAL_ON_ECLIPSE1",9,13.313643,0.33867356,0.005258877,0.1758272,0.06313895,0.7312449,0.03171881,0.85922736,0.015300047,0.099148236,0.061767228,0.14585857,0.019582953
375316653866487564,6729386439057525504,0.49274847,2194.079215689501,3.6626516298404463,3.2432945E-5,18.613503,0.54761475,0.2565913,0.013193177,0.22374535,0.11865431,0.58711195,0.5392571,0.76833785,0.01200718,0.14031522,0.033101957,0.46977618,0.31231934,null,null,null,null,"TWOGAUSSIANS",8,2.2863462,0.25551128,0.012390995,0.4,0.0,0.19720098,0.013984388,0.77394783,0.0061940923,0.4,0.0,0.17556559,0.035247773
375316653866487564,6729388260122108416,0.60246974,2275.7032864740513,1.5658998106382505,1.2273289E-5,17.304586,0.012009575,0.21983312,0.01602955,0.05737128,0.014352123,0.38541853,0.11098231,0.7296375,0.0023090588,0.051022742,0.0024454708,0.75476027,0.030273793,null,null,null,null,"TWOGAUSSIANS",8,25.899517,0.7296375,0.0023090588,0.28572735,0.0136946365,0.7547437,0.030263066,0.21983312,0.01602955,0.32127917,0.08037189,0.38540196,0.11108227
375316653866487564,6729390360366221568,0.5076426,2247.3117797336026,0.4727683838371719,5.2664112E-5,16.386093,0.008681622,0.20335114,0.009788001,0.035264976,0.007252686,0.5126424,0.24848266,0.70269877,0.0055082054,0.044005487,0.007765013,0.19231792,0.022428518,null,null,null,null,"TWOGAUSSIANS",8,100.345604,0.20335114,0.009788001,0.19748387,0.04061504,0.5126424,0.24848266,0.70269877,0.0055082054,0.24643072,0.043484073,0.19231792,0.022428524
375316653866487564,6729395475665072000,0.5918793,2280.4028826128865,3.901360271771306,8.837432E-6,17.26604,0.013388894,0.22362101,0.0035398705,0.081223205,0.007833086,0.32784578,0.01890313,0.72034955,0.0015679435,0.0809006,0.0046825297,0.4041458,0.026565187,null,null,null,null,"TWOGAUSSIANS",8,7.561686,0.72034955,0.0015679435,0.4,0.0,0.39826685,0.026922354,0.22362101,0.0035398705,0.4,0.0,0.32196686,0.020187374
375316653866487564,6729397163597472256,0.5315991,2271.0641081763006,3.0637021406443594,2.7721146E-5,18.206718,0.5249966,0.30094495,0.0055616223,0.15574485,0.08751495,0.38399538,0.50460446,0.80071723,0.0039408254,0.14704642,0.066691115,0.41992173,0.4906856,null,null,null,null,"TWOGAUSSIANS",8,3.2006304,0.80071723,0.0039722184,0.4,0.0,0.2198494,0.00745118,0.30096498,0.005560683,0.4,0.0,0.1820752,0.013078595
375316653866487564,6729398503623911936,0.52127355,2248.7967049574613,1.6226089844043352,1.47115525E-5,15.684134,0.010720806,0.19270815,0.0023888745,0.052823946,0.0050630714,0.2587126,0.028851489,0.6583678,0.05160944,0.10019622,0.074650235,0.028009152,0.010923662,null,null,null,null,"TWOGAUSSIANS",8,20.389256,0.19270815,0.0023830908,0.2958141,0.0283532,0.2584736,0.030436406,0.6583678,0.05160944,0.4,0.0,0.027769573,0.008366268
375316653866487564,6729399534407620992,0.4914083,2290.929552959887,1.639052171978698,2.1987302E-5,19.643154,0.0058965595,0.40500778,0.0042725755,0.07395267,0.006181705,0.39811724,0.046990033,0.69455343,0.0028558695,0.012696829,0.006332378,0.6246024,6.579653,null,null,null,null,"TWOGAUSSIANS",8,1.3192139,0.69455343,0.0028558695,0.07110224,0.035461314,0.6247891,6.57967,0.40500778,0.0042725755,0.4,0.0068194903,0.39811724,0.046990033
375316653866487564,6729402248835458944,0.6689983,2270.8199651586897,2.9708683679546395,8.679655E-6,17.714775,0.010644131,0.2919268,0.0037159463,0.04744397,0.009668435,0.3737895,0.09551223,0.77703434,0.022602389,0.04638585,0.022161245,0.44356227,0.09839107,0.12898277,0.015517866,0.2919268,0.0037159463,"TWOGAUSSIANS_WITH_ELLIPSOIDAL_ON_ECLIPSE1",9,4.0431337,0.77836436,0.021327848,0.25976077,0.12410297,0.69947624,0.07365669,0.2919268,0.0037159463,0.26568624,0.05414324,0.6317545,0.096291356
375316653866487564,6729402588135231360,0.46913075,2289.0044607045843,0.05057163796360288,1.2362962E-5,18.646835,0.13136145,0.2535436,0.029921219,0.21066685,0.09538486,0.19714285,0.12993987,0.6337827,0.002041285,0.022899624,0.0026436993,0.40508,0.07105866,null,null,null,null,"TWOGAUSSIANS",8,2.372437,0.6337827,0.002041285,0.1282379,0.014804716,0.4227683,0.079552375,0.2535436,0.029921219,0.4,0.0,0.17356443,0.037301935
375316653866487564,6729404993310763008,0.45771897,2250.863137103584,1.1012087399684944,9.810364E-5,16.820263,0.0070109107,0.28091118,0.023002168,0.1075077,0.03633488,0.05001842,0.010125928,0.71952146,0.009002411,0.0825919,0.010168677,0.06610801,0.008955972,null,null,null,null,"TWOGAUSSIANS",8,2.0964425,0.71952146,0.009002411,0.4,0.0,0.06469695,0.0071399165,0.28091118,0.023002168,0.4,0.0,0.048595194,0.009915602
375316653866487564,6729405921023725952,0.57065135,2215.416562686397,2.510291294120237,2.7134249E-5,16.814596,0.714197,0.25119355,0.0104598915,0.122225665,0.03426603,0.39116597,0.37569758,0.769889,0.008802634,0.16190922,0.1583609,0.27618638,0.70636827,null,null,null,null,"TWOGAUSSIANS",8,8.302704,0.25002354,0.008015613,0.4,0.0,0.2784501,0.021883273,0.770249,0.007412315,0.4,0.0,0.15870984,0.01017846
375316653866487564,6729409636179155584,0.65806675,2271.865061882149,3.787715617925545,9.502913E-6,17.325972,0.017430153,0.28626022,0.0042823693,0.03932844,0.0086242845,0.30230078,0.03462892,0.79621315,0.0027805811,0.05102527,0.0037968706,0.39749467,0.03509838,0.11573391,0.018470436,0.28626022,0.0042823693,"TWOGAUSSIANS_WITH_ELLIPSOIDAL_ON_ECLIPSE1",9,5.1237326,0.79621315,0.0027805811,0.2857415,0.021262476,0.6280568,0.020055946,0.28626022,0.0042823693,0.22023928,0.048295993,0.533767,0.012349906
375316653866487564,6729411697755213312,0.57865804,2255.0133768008836,3.7588494163414143,1.4589493E-5,18.95638,0.025394209,0.29667088,0.006121712,0.09066389,0.009477603,0.4571772,0.02769195,0.79324317,0.0050188038,0.09468201,0.009760683,0.37764934,0.033858683,null,null,null,null,"TWOGAUSSIANS",8,2.3157263,0.29667088,0.006121712,0.4,0.0,0.43646893,0.0206359,0.79324317,0.0050188038,0.4,0.0,0.35694066,0.033428125
375316653866487564,6729412969074034304,0.49453446,2217.9664623994595,2.4404797018284032,8.2564504E-5,14.422372,0.09716376,0.3466313,0.009735256,0.101542704,0.016031431,0.46725,0.09381562,0.817866,0.011323613,0.1348668,0.031328313,0.3810409,0.103169225,null,null,null,null,"TWOGAUSSIANS",8,325.22668,0.3470113,0.009457849,0.4,0.0,0.4012414,0.023890452,0.817866,0.011323613,0.4,0.0,0.3140135,0.06184744
375316653866487564,6729416297664726528,0.47686473,2260.8051632476627,0.4977069477027126,2.4867217E-5,18.569477,0.10843001,0.2568401,0.014385452,0.119504265,0.028608108,0.2254151,0.0989202,0.77737516,0.008943743,0.16131793,0.052686565,0.21613638,0.10602652,null,null,null,null,"TWOGAUSSIANS",8,2.9221272,0.2551701,0.01244789,0.4,0.0,0.15157218,0.015340114,0.77759516,0.008707556,0.4,0.0,0.13856815,0.0057359366
375316653866487564,6729419806662074368,0.56209105,2187.3162843645014,3.841209887300996,8.144793E-6,18.102827,0.32857192,0.2860502,0.0059021665,0.13459,0.06569168,0.29173526,0.3072896,0.7975024,0.004429805,0.131577,0.030306598,0.3179585,0.2837744,null,null,null,null,"TWOGAUSSIANS",8,1.3750482,0.7977724,0.0034908876,0.4,0.0,0.22253442,0.007924193,0.2857802,0.005403354,0.4,0.0,0.1961851,0.018275576
375316653866487564,6729422452363169280,0.49199697,2220.379103944129,2.1040033899477475,6.6508226E-5,17.941765,0.010357525,0.1964632,0.014643656,0.08485394,0.0398039,0.06424796,0.019195428,0.6672159,0.009449606,0.083280206,0.019264964,0.08899108,0.012943063,null,null,null,null,"TWOGAUSSIANS",8,1.898538,0.6672159,0.009449606,0.4,0.0,0.0879277,0.012871868,0.1964632,0.014643656,0.4,0.0,0.063184574,0.022156574
375316653866487564,6729424582665624576,0.6810193,2204.7119897483853,3.77591188702384,5.291679E-6,15.546034,0.06188894,0.2605371,8.559314E-4,0.05077241,0.005609694,0.57861274,0.12428291,0.7617771,0.0033257045,0.060930803,0.009017848,0.59462726,0.12062642,0.06308399,0.0635099,0.2605371,8.559314E-4,"TWOGAUSSIANS_WITH_ELLIPSOIDAL_ON_ECLIPSE1",9,32.43337,0.7617771,0.0033219522,0.3412125,0.05049995,0.7206661,0.014048319,0.2605371,8.559314E-4,0.28432548,0.031414285,0.7046593,0.0065031163
375316653866487564,6729429874065576704,0.63017386,2211.566161057276,0.8954603003589423,5.7925747E-5,17.45141,0.0045448313,0.30973908,0.004010898,0.03373797,0.0051523144,0.17129491,0.023630232,0.8097481,0.0015255807,0.027143285,0.0021842332,0.7471415,0.070464015,0.035130847,0.008771767,0.30973908,0.004010898,"TWOGAUSSIANS_WITH_ELLIPSOIDAL_ON_ECLIPSE1",9,5.820563,0.8097481,0.0015250139,0.1520024,0.012231706,0.8174031,0.0753711,0.30973908,0.004010898,0.18893263,0.028852962,0.24155651,0.02203998
375316653866487564,6729430801778555392,0.57213736,2208.4649522205345,1.981348474440468,1.392164E-5,18.256945,0.0034979172,null,null,null,null,null,null,null,null,null,null,null,null,0.10518797,0.0058380025,0.23272142,0.0030105538,"ELLIPSOIDAL",4,1.4998455,null,null,null,null,null,null,null,null,null,null,null,null
375316653866487564,6729430801778557184,0.5334224,2177.4055600130055,3.7177385986347984,1.8026254E-5,18.555155,0.02159127,0.31033206,0.0057663703,0.06647498,0.0063639497,0.46967843,0.045653306,0.81597364,0.00784254,0.08204592,0.010827168,0.34720272,0.058255777,null,null,null,null,"TWOGAUSSIANS",8,6.3534045,0.31033206,0.0057663703,0.3722599,0.035638116,0.46728104,0.045524623,0.81597364,0.00784254,0.4,0.0,0.3448053,0.05916187
375316653866487564,6729431007938045056,0.6262882,2237.8495504266366,2.7852675508934897,1.0977463E-5,15.986821,0.04538613,0.3118006,0.02948297,0.060017906,0.038485415,0.57728857,0.059507035,0.8156217,0.005729343,0.07152152,0.014229154,0.43554565,0.051882826,null,null,null,null,"TWOGAUSSIANS",8,37.45132,0.3118006,0.02948297,0.33610028,0.08694652,0.57664615,0.06708754,0.8156217,0.005729343,0.4,0.015884783,0.4349032,0.05019959
375316653866487564,6729433756706719232,0.5439064,2236.9671612300813,3.0435752430641476,1.5437972E-5,18.840958,0.022650687,0.18209308,0.008983941,0.082181565,0.012633678,0.3594339,0.03720247,0.67688847,0.0043536024,0.06953775,0.008335149,0.3960716,0.026667675,null,null,null,null,"TWOGAUSSIANS",8,4.212056,0.67688847,0.0043536024,0.3894114,0.03888254,0.39314494,0.026325054,0.18209308,0.008983941,0.4,0.0,0.3565072,0.037539307
375316653866487564,6729433791075151488,0.6460175,2196.3617004472057,2.138272689952701,9.341799E-6,17.042084,0.0055963336,0.23780416,0.0019568575,0.076148435,0.0037292594,0.35569718,0.013406017,0.7370489,0.0012364418,0.07560391,0.0018292089,0.42140672,0.006707168,null,null,null,null,"TWOGAUSSIANS",8,3.6630197,0.7370489,0.0012364418,0.4,0.0,0.41806355,0.0063082897,0.23780416,0.0019568575,0.4,0.0,0.35235402,0.013943494
375316653866487564,6729434405251840256,0.6428271,2311.376413243631,1.1888197059404357,5.2001847E-6,9.694248,0.011756394,0.34669268,0.017123314,0.10717632,0.017038858,0.22683567,0.021892225,0.8526049,9.788076E-4,0.09451288,0.003374728,0.22333054,0.0115160225,null,null,null,null,"TWOGAUSSIANS",8,18.226841,0.34669268,0.017123314,0.4,0.0,0.20750202,0.019434104,0.8526049,9.788076E-4,0.4,0.0,0.2040053,0.0044051977
375316653866487564,6729437531984905600,0.5383556,2285.3847746996694,3.38463655178643,1.568873E-5,17.974966,0.09960838,0.25051764,0.008365187,0.13610971,0.033355862,0.2931045,0.092410095,0.75666994,0.005107394,0.11510447,0.022545677,0.35056463,0.09171757,null,null,null,null,"TWOGAUSSIANS",8,6.9031887,0.75677997,0.0050540804,0.4,0.0,0.2683626,0.015279782,0.25048766,0.008358309,0.4,0.0,0.21026279,0.033229034
