Gaia/vari_eclipsing_binary/VariEclipsingBinary_567099-570398.csv
# %ECSV 1.0
# ---
# delimiter: ','
# meta: !!omap
# - RELEASE: Gaia DR3
# - TABLE: vari_eclipsing_binary
# - DESCRIPTION: >
#     This table describes the properties of the eclipsing binaries resulting from the variability analysis. 
# - CITATION: >
#     How to cite and acknowledge Gaia: 
#     https://gea.esac.esa.int/archive/documentation/credits.html 
# - KNOWN_ISSUES: >
#     Known issues: 
#     https://www.cosmos.esa.int/web/gaia-users/known-issues 
# - DOCUMENTATION: >
#     Tutorials and documentation: 
#     https://www.cosmos.esa.int/web/gaia-users/archive 
# datatype:
# - 
#   name: solution_id
#   datatype: int64
#   description: Solution Identifier
#   meta:
#     ucd: meta.version
# - 
#   name: source_id
#   datatype: int64
#   description: Unique source identifier
#   meta:
#     ucd: meta.id;meta.main
# - 
#   name: global_ranking
#   datatype: float32
#   description: Number between 0 (worst) and 1 (best)
#   meta:
#     ucd: stat.param
# - 
#   name: reference_time
#   datatype: float64
#   unit: d
#   description: Reference time used for the geometric model fit
#   meta:
#     ucd: time.epoch
# - 
#   name: frequency
#   datatype: float64
#   unit: d**-1
#   description: Frequency of geometric model of the eclipsing binary light curve
#   meta:
#     ucd: src.orbital
# - 
#   name: frequency_error
#   datatype: float32
#   unit: d**-1
#   description: "Uncertainty of \\texttt{frequency}"
#   meta:
#     ucd: stat.error
# - 
#   name: geom_model_reference_level
#   datatype: float32
#   unit: mag
#   description: Magnitude reference level of geometric model
#   meta:
#     ucd: phot.mag;em.opt
# - 
#   name: geom_model_reference_level_error
#   datatype: float32
#   unit: mag
#   description: "Uncertainty of \\texttt{geomModelReferenceLevel}"
#   meta:
#     ucd: stat.error;phot.mag;em.opt
# - 
#   name: geom_model_gaussian1_phase
#   datatype: float32
#   description: Phase of the Gaussian 1 component
#   meta:
#     ucd: time.phase
# - 
#   name: geom_model_gaussian1_phase_error
#   datatype: float32
#   description: "Uncertainty of \\texttt{geomModelGaussian1Phase}"
#   meta:
#     ucd: stat.error;time.phase
# - 
#   name: geom_model_gaussian1_sigma
#   datatype: float32
#   description: "Standard deviation [phase] of Gaussian 1 component"
#   meta:
#     ucd: stat.stdev
# - 
#   name: geom_model_gaussian1_sigma_error
#   datatype: float32
#   description: "Uncertainty of \\texttt{geomModelGaussian1Sigma}"
#   meta:
#     ucd: stat.error
# - 
#   name: geom_model_gaussian1_depth
#   datatype: float32
#   unit: mag
#   description: Magnitude depth of Gaussian 1 component
#   meta:
#     ucd: src.var.amplitude
# - 
#   name: geom_model_gaussian1_depth_error
#   datatype: float32
#   unit: mag
#   description: "Uncertainty of \\texttt{geomModelGaussian1Depth}"
#   meta:
#     ucd: stat.error;src.var.amplitude
# - 
#   name: geom_model_gaussian2_phase
#   datatype: float32
#   description: Phase of Gaussian 2 component
#   meta:
#     ucd: time.phase
# - 
#   name: geom_model_gaussian2_phase_error
#   datatype: float32
#   description: "Uncertainty of \\texttt{geomModelGaussian2Phase}"
#   meta:
#     ucd: stat.error;time.phase
# - 
#   name: geom_model_gaussian2_sigma
#   datatype: float32
[...]
#   datatype: float32
#   description: "Secondary eclipse: uncertainty of \\texttt{derivedSecondaryEclDuration}"
#   meta:
#     ucd: stat.error;time.duration
# - 
#   name: derived_secondary_ecl_depth
#   datatype: float32
#   unit: mag
#   description: "Secondary eclipse: depth"
#   meta:
#     ucd: src.var.amplitude
# - 
#   name: derived_secondary_ecl_depth_error
#   datatype: float32
#   unit: mag
#   description: "Secondary eclipse: uncertainty of \\texttt{derivedSecondaryEclDepth}"
#   meta:
#     ucd: stat.error;src.var.amplitude
solution_id,source_id,global_ranking,reference_time,frequency,frequency_error,geom_model_reference_level,geom_model_reference_level_error,geom_model_gaussian1_phase,geom_model_gaussian1_phase_error,geom_model_gaussian1_sigma,geom_model_gaussian1_sigma_error,geom_model_gaussian1_depth,geom_model_gaussian1_depth_error,geom_model_gaussian2_phase,geom_model_gaussian2_phase_error,geom_model_gaussian2_sigma,geom_model_gaussian2_sigma_error,geom_model_gaussian2_depth,geom_model_gaussian2_depth_error,geom_model_cosine_half_period_amplitude,geom_model_cosine_half_period_amplitude_error,geom_model_cosine_half_period_phase,geom_model_cosine_half_period_phase_error,model_type,num_model_parameters,reduced_chi2,derived_primary_ecl_phase,derived_primary_ecl_phase_error,derived_primary_ecl_duration,derived_primary_ecl_duration_error,derived_primary_ecl_depth,derived_primary_ecl_depth_error,derived_secondary_ecl_phase,derived_secondary_ecl_phase_error,derived_secondary_ecl_duration,derived_secondary_ecl_duration_error,derived_secondary_ecl_depth,derived_secondary_ecl_depth_error
[from data line 212]
375316653866487564,5010279088239531392,0.6012983,2157.4039567022983,3.6079138412137968,2.762711E-6,15.236014,0.005700183,0.2331348,0.0018328499,0.044849906,0.0026370694,0.2301438,0.016192604,0.7356302,9.772262E-4,0.048187245,0.0023279442,0.30398646,0.015719255,0.12597042,0.010314915,0.7356302,9.772262E-4,"TWOGAUSSIANS_WITH_ELLIPSOIDAL_ON_ECLIPSE2",9,46.43256,0.7356302,9.772262E-4,0.2698486,0.013036488,0.5559266,0.00841217,0.2335048,0.001531897,0.2511595,0.014767589,0.48203123,0.009704255
375316653866487564,5010572589124953344,0.4768846,2139.9004138452074,1.0953609979785177,4.9858854E-6,15.82849,0.0033938112,0.29954967,0.003927414,0.03516865,0.0047806026,0.0801866,0.010460191,0.79526305,0.0012777182,0.015539731,0.0030974993,0.21183558,0.015354726,null,null,null,null,"TWOGAUSSIANS",8,84.674164,0.79526305,0.0012777182,0.08702249,0.017345997,0.21183558,0.015354726,0.29954967,0.003927414,0.19694445,0.026771374,0.0801866,0.010460191
375316653866487564,5010729097732913792,0.46993893,2162.4762613773464,2.5069689136537456,1.9243686E-5,11.61218,0.032604925,0.2853933,0.007021873,0.09739179,0.01319653,0.30909273,0.031707764,0.789129,0.0072272453,0.0870811,0.012602177,0.30843416,0.03197188,null,null,null,null,"TWOGAUSSIANS",8,1712.106,0.2853933,0.007021873,0.4,0.0,0.29427636,0.018960895,0.789129,0.0072272453,0.4,0.0,0.29361895,0.018869024
375316653866487564,5010787852885474560,0.46007723,2156.656237537078,1.47076120253514,2.0667065E-5,12.592136,0.016344108,0.20464666,0.012440006,0.12492007,0.049219504,0.026228309,0.015586885,0.7139113,0.008261068,0.12102082,0.026653426,0.04765842,0.016393792,null,null,null,null,"TWOGAUSSIANS",8,38.780563,0.7139613,0.008129329,0.4,0.0,0.039551828,0.0018930599,0.20452666,0.012410136,0.4,0.0,0.018123198,0.002964225
375316653866487564,5011070702251822336,0.5597896,2200.7563403013755,3.7768858198811017,4.005848E-6,18.641476,0.0038761934,0.24535622,0.0034474384,0.08644944,0.003526658,0.198091,0.0064922553,0.7422601,0.0013262325,0.0711988,0.00151915,0.3989131,0.008143531,null,null,null,null,"TWOGAUSSIANS",8,2.1813745,0.7422601,0.0013262325,0.39871326,0.008222555,0.39562353,0.008053223,0.24535622,0.0034474384,0.4,0.0,0.19480145,0.00624224
375316653866487564,5011237896737612544,0.5536905,2140.3299913298424,3.308287497320402,3.3581746E-6,14.762728,0.0063153664,0.2366377,0.0015714363,0.05226746,0.005907095,0.16149557,0.014495616,0.72803766,0.006859317,0.0426601,0.009130127,0.11550257,0.021701112,0.104393296,0.009365721,0.2366377,0.0015714363,"TWOGAUSSIANS_WITH_ELLIPSOIDAL_ON_ECLIPSE1",9,167.45964,0.2366377,0.0015714363,0.2926978,0.033079732,0.3702802,0.009121719,0.7298076,0.005492035,0.23889655,0.051128708,0.32380354,0.021440199
375316653866487564,5011311873255265792,0.5933889,2167.0554575022425,3.8676412939076066,4.5597453E-6,16.262072,0.005175302,0.27322608,0.0018457342,0.063682176,0.006332639,0.1357092,0.013282834,0.76753926,0.0020521835,0.042444028,0.003183053,0.14961663,0.01245118,0.101395234,0.007666876,0.27322608,0.0018457342,"TWOGAUSSIANS_WITH_ELLIPSOIDAL_ON_ECLIPSE1",9,25.993681,0.76845926,0.0015786025,0.23768656,0.017825097,0.35212943,0.005902172,0.27322608,0.0018457342,0.3566202,0.035462778,0.338439,0.008924511
375316653866487564,5011568673643807104,0.5476152,2218.8112291290845,4.036780182667267,5.4784955E-6,17.69975,0.011904872,0.20661275,0.01064976,0.045821734,0.036049556,0.0679351,0.018072976,0.7054092,0.0026067866,0.040861093,0.005168001,0.21344177,0.026239002,0.024710242,0.016396528,0.20661275,0.01064976,"TWOGAUSSIANS_WITH_ELLIPSOIDAL_ON_ECLIPSE1",9,5.151676,0.7054492,0.0025018838,0.22882211,0.028940808,0.26285943,0.010891583,0.20661275,0.01064976,0.2566017,0.20187752,0.11735551,0.020870801
375316653866487564,5011772873569091840,0.5032042,2222.734742893154,1.1749588634271202,5.9052854E-6,17.449818,0.0011819178,0.39809704,0.0014090741,0.014973133,0.0013641693,0.19013566,0.013294976,0.8990112,4.083661E-4,0.013547629,5.639806E-4,0.24019347,0.009379521,null,null,null,null,"TWOGAUSSIANS",8,4.413291,0.8990112,4.083661E-4,0.07586672,0.0031582913,0.24019347,0.009379521,0.39809704,0.0014090741,0.08384955,0.007639348,0.19013566,0.013294976
375316653866487564,5011852175845294080,0.55201334,2162.9770628452466,2.1539666684751957,7.433614E-6,10.817405,0.011475491,0.22282569,0.0021683453,0.062740654,0.0029311983,0.4851771,0.025262732,0.7148914,0.0044305534,0.07581215,0.004133986,0.9176548,0.04328922,null,null,null,null,"TWOGAUSSIANS",8,1955.5692,0.7148914,0.0044305534,0.4,0.0,0.9160056,0.04347724,0.22282569,0.0021683453,0.35134768,0.016414711,0.48352787,0.025285687
375316653866487564,5012159558064422400,0.47742414,2096.2573284459027,4.31185599336121,3.2865985E-6,18.23219,0.0017887382,0.4623949,2.8498235E-4,0.008357451,6.4625393E-4,0.6892251,0.21872413,0.8439521,0.017108588,0.00941852,0.0077127796,0.15150379,0.14845556,null,null,null,null,"TWOGAUSSIANS",8,2.5257268,0.4623949,2.8498235E-4,0.046801724,0.0036190222,0.6892251,0.21872413,0.8439521,0.017108588,0.052743714,0.043191567,0.15150379,0.14845556
375316653866487564,5012270578675647616,0.5206257,2116.9378607165204,3.1067653212418573,9.132794E-6,13.361698,0.0034908038,0.25657052,0.0048586708,0.030883456,0.00853557,0.0417331,0.0075052767,0.7289484,0.0034673566,0.04851705,0.01814753,0.018791791,0.012482312,0.07132853,0.0040191123,0.7289484,0.0034673566,"TWOGAUSSIANS_WITH_ELLIPSOIDAL_ON_ECLIPSE2",9,216.0962,0.2509005,0.0033970985,0.17294735,0.047799192,0.18099587,0.0057039266,0.7289484,0.0034673566,0.27169546,0.101626165,0.1614488,0.009134473
375316653866487564,5012362594054961024,0.5893508,2145.647603696495,1.381514929524327,4.423342E-6,16.817991,0.0039399276,0.14367184,0.0018200388,0.0312297,0.002100051,0.16593939,0.010444376,0.64183253,0.0017619702,0.030526709,0.0024058835,1.2751431,0.12811582,0.034691196,0.00590674,0.14367184,0.0018200388,"TWOGAUSSIANS_WITH_ELLIPSOIDAL_ON_ECLIPSE1",9,27.430592,0.64184254,0.0017575191,0.17094956,0.013472947,1.3445162,0.13509303,0.14367184,0.0018200388,0.17488633,0.011760285,0.23532166,0.0057768626
375316653866487564,5012483299816438400,0.5651265,2076.2979194045524,0.21272999973227566,6.32922E-6,15.709958,6.057368E-4,0.11755762,0.009082448,0.0046563405,0.0054735267,0.09049275,149.17569,0.25174528,7.4078003E-4,0.010170688,0.0026670755,0.26092058,0.036522634,null,null,null,null,"TWOGAUSSIANS",8,6.848487,0.25174528,7.4078003E-4,0.056955855,0.014935623,0.26092058,0.036522634,0.11755762,0.009082448,0.026075507,0.03065175,0.09049275,149.17569
375316653866487564,5012590978939516544,0.6720093,2056.1897730836486,1.0305859151118213,1.2691495E-6,11.899931,0.0040193293,0.20418318,0.0033327125,0.041746315,0.004252378,0.07980418,0.012264781,0.70298266,5.5219827E-4,0.038069148,8.900821E-4,0.72383106,0.01580924,0.018246245,0.0054987352,0.20418318,0.0033327125,"TWOGAUSSIANS_WITH_ELLIPSOIDAL_ON_ECLIPSE1",9,75.37156,0.7029927,5.4535037E-4,0.21318722,0.00498446,0.76032144,0.01895543,0.20418318,0.0033327125,0.23377937,0.023813317,0.11629659,0.007152516
375316653866487564,5012723955423436160,0.40827426,2024.1877928057802,3.4811110746006357,2.8427157E-5,13.929052,0.0179806,0.18085043,0.0054980665,0.030306742,0.009662423,0.55253863,0.2352936,0.67577374,0.008212497,0.03013893,0.011015419,0.16491985,0.20310573,0.116179116,0.024002338,0.67577374,0.008212497,"TWOGAUSSIANS_WITH_ELLIPSOIDAL_ON_ECLIPSE2",9,309.49603,0.18070044,0.0052990206,0.16971776,0.05410957,0.7846673,0.26127192,0.67577374,0.008212497,0.16877802,0.061686344,0.3972779,0.20348175
375316653866487564,5012783432129234816,0.483121,2007.6080693309398,1.4779087169976446,1.0181359E-6,18.945328,0.005527734,0.100580476,0.010961157,0.003195955,0.004476692,0.040874366,0.501286,0.37928662,1.9229068E-4,0.019120514,5.448074E-4,0.5036936,0.0058572344,null,null,null,null,"TWOGAUSSIANS",8,5.756865,0.37928662,1.9229068E-4,0.10707489,0.0030509215,0.5036936,0.0058572344,0.100580476,0.010961157,0.017897347,0.025069475,0.040874366,0.501286
375316653866487564,5013027794293501952,0.44010583,2179.7229885391325,4.228181550391246,8.166541E-6,18.854925,0.005361921,0.2271138,0.009663762,0.04593471,0.013938714,0.05055911,0.01610917,0.61775255,0.010145301,0.010556698,0.0068640294,0.996746,1.5068794,null,null,null,null,"TWOGAUSSIANS",8,4.489892,0.61775255,0.010145301,0.05911751,0.038438566,0.996746,1.5068794,0.2271138,0.009663762,0.2572344,0.0780568,0.05055911,0.01610917
375316653866487564,5013281064221213824,0.61420786,2080.3829959991067,3.243904359827914,3.013139E-6,13.37116,0.008505367,0.2672726,0.0036761914,0.05342181,0.005745783,0.18523331,0.018850556,0.76521116,9.358776E-4,0.0480527,0.005116026,0.13877255,0.018163651,0.10492098,0.010928054,0.76521116,9.358776E-4,"TWOGAUSSIANS_WITH_ELLIPSOIDAL_ON_ECLIPSE2",9,219.85483,0.2668526,0.0028744105,0.29916212,0.032176387,0.39504406,0.009181698,0.76521116,9.358776E-4,0.26909512,0.028649746,0.34861133,0.006240827
375316653866487564,5013444238618414976,0.50988346,2220.366818589604,1.0701474659245471,3.005037E-5,16.771921,0.0012104574,0.560447,0.0022192905,0.015247818,0.0011189355,0.30740285,0.02122313,null,null,null,null,null,null,null,null,null,null,"ONEGAUSSIAN",5,7.6884513,0.560447,0.0022192905,0.08538778,0.006266039,0.30740285,0.0,null,null,null,null,null,null
375316653866487564,5013609886917559808,0.46533516,1914.1863733387343,3.8272104518459598,1.7042477E-5,13.266237,0.38070112,0.26842856,0.005391518,0.17530514,0.030862562,0.41339478,0.31093007,0.7716813,0.004445142,0.19040184,0.037489984,0.46607083,0.3437193,null,null,null,null,"TWOGAUSSIANS",8,380.8068,0.77280134,0.0043946966,0.4,0.0,0.13886003,0.0075370804,0.26660857,0.005964906,0.4,0.0,0.101694405,0.007497979
375316653866487564,5013743099622734336,0.5558514,2187.9901564514917,3.8210561412672934,9.350473E-6,15.039639,0.007467834,0.28002244,0.0027745713,0.040614985,0.005602634,0.12549873,0.01949994,0.772213,0.0055799405,0.049142823,0.0065339208,0.21672928,0.021818837,0.071164116,0.00938929,0.28002244,0.0027745713,"TWOGAUSSIANS_WITH_ELLIPSOIDAL_ON_ECLIPSE1",9,98.60112,0.773083,0.004985558,0.27519983,0.036589958,0.3587529,0.021482117,0.28002244,0.0027745713,0.22744392,0.03137475,0.26782674,0.013189802
375316653866487564,5013765948848768896,0.62625974,2208.4031574255446,1.2671167493695406,1.9497925E-6,16.512077,0.003893071,0.2485904,0.002903803,0.036391716,0.0029332696,0.18556504,0.014378075,0.74331474,0.0012249191,0.03245826,9.948012E-4,1.2434065,0.04470715,0.033132188,0.0063690133,0.2485904,0.002903803,"TWOGAUSSIANS_WITH_ELLIPSOIDAL_ON_ECLIPSE1",9,32.851757,0.7433348,0.0012163133,0.18176626,0.0055708867,1.3095984,0.046227355,0.2485904,0.002903803,0.20379362,0.01642631,0.2518294,0.011948216
375316653866487564,5013944688207571840,0.58205366,2235.1305893770596,1.1377419938540796,1.2958878E-6,15.661312,0.002201162,0.13929415,6.278099E-4,0.020782253,6.5405003E-4,0.62897736,0.023393193,0.7233915,0.04502012,0.029648568,0.04149212,0.027249988,0.0435363,null,null,null,null,"TWOGAUSSIANS",8,57.462605,0.13929415,6.278099E-4,0.11638061,0.0036626803,0.62897736,0.023393193,0.7233915,0.04502012,0.16603199,0.23235588,0.027249988,0.0435363
375316653866487564,5014039589805245952,0.48989898,2187.799100609814,0.08698167564145702,3.2171924E-6,14.076702,0.11147023,0.06506412,4.4527647E-4,0.004338633,3.7505798E-4,0.4585685,0.06907586,0.43656322,0.14012378,0.08957596,0.27529672,0.01630045,0.11089899,null,null,null,null,"TWOGAUSSIANS",8,251.42271,0.06506412,4.4527647E-4,0.024296345,0.0021003247,0.45857152,0.06907504,0.43656322,0.14012378,0.4,0.0,0.016300444,0.01729874
375316653866487564,5014177990831313152,0.604525,2126.574619241556,0.9738014844129117,1.4188819E-6,13.428879,0.0036584397,0.34262392,6.740451E-4,0.033353128,0.0010810251,0.7198709,0.009481687,0.8455918,0.013111715,0.029237745,0.0096428,0.086014494,0.015537962,0.015700798,0.005520434,0.34262392,6.740451E-4,"TWOGAUSSIANS_WITH_ELLIPSOIDAL_ON_ECLIPSE1",9,234.9731,0.34262392,6.740451E-4,0.18677752,0.0060537406,0.7512725,0.007895147,0.8455918,0.01279472,0.16373137,0.05399968,0.117405176,0.012977885
375316653866487564,5014197885119712768,0.5101555,2227.446330355287,0.7333355542570512,8.477643E-6,12.335396,0.11260033,0.21018314,0.0033983062,0.19168366,0.05064538,0.25614166,0.11524124,0.7087245,0.0048868093,0.18173613,0.02320853,0.25216177,0.057465196,null,null,null,null,"TWOGAUSSIANS",8,42.27354,0.7087245,0.005882833,0.4,0.0,0.062816,0.0037423188,0.21089315,0.003395024,0.4,0.0,0.061191905,0.0037248563
375316653866487564,5014332815812331648,0.5743246,2096.360601967693,3.4329310318648476,6.9963103E-6,15.056129,0.07186363,0.27713382,0.0037741258,0.044381384,0.028153775,0.115119696,0.14768878,0.7694123,0.004172106,0.05394714,0.027754884,0.16838582,0.13307609,0.09936544,0.07852339,0.27713382,0.0037741258,"TWOGAUSSIANS_WITH_ELLIPSOIDAL_ON_ECLIPSE1",9,96.40193,0.7710623,0.0030927118,0.302104,0.14269692,0.3667469,0.031056566,0.27713382,0.0037741258,0.24853575,0.15766114,0.31384858,0.013790459
375316653866487564,5014643423551002752,0.4951314,2097.296805322311,3.070850002594523,1.2100651E-5,19.363293,0.0064316145,0.26480553,0.004332729,0.055691376,0.004861041,0.3131807,0.016158003,0.77320075,0.0054191207,0.047430567,0.005727717,0.40668812,0.09671017,null,null,null,null,"TWOGAUSSIANS",8,2.8879712,0.77320075,0.0054191207,0.26561117,0.032075215,0.4066844,0.09671246,0.26480553,0.004332729,0.3118717,0.027221829,0.313177,0.016158981
375316653866487564,5014672427466624256,0.63635737,2076.847692089456,0.04715380383711288,7.235148E-5,16.089537,5.537457E-4,0.27760252,0.0037756925,0.039993368,0.0024242452,0.32540032,0.041212253,0.72513586,2.1217033E-5,0.0045450395,4.8179285E-5,0.21169634,3.9366144E-4,null,null,null,null,"TWOGAUSSIANS",8,1.9886879,0.27760252,0.0037756925,0.22396286,0.013575773,0.32540032,0.041212253,0.72513586,2.1217033E-5,0.025452223,2.69804E-4,0.21169634,3.9366144E-4
375316653866487564,5014854224842360064,0.47536057,1919.7293209860416,0.469903768062254,1.1114779E-5,13.996462,0.0064274184,0.2993215,0.0016301062,0.009986626,0.0014661024,0.77263606,0.26767558,0.7912924,0.004497043,0.020249244,0.0034656418,0.29936877,0.03756407,null,null,null,null,"TWOGAUSSIANS",8,1616.5939,0.2993215,0.0016301062,0.055925105,0.008210174,0.77263606,0.26767558,0.7912924,0.004497043,0.113395765,0.019407595,0.29936877,0.03756407
375316653866487564,5014960774391181824,0.595816,2107.376858201148,1.0962279636070213,6.977844E-6,18.29248,0.002978885,0.22414915,8.854502E-4,0.01530196,9.3606795E-4,0.80510986,0.017410005,0.72828525,0.0085405605,0.012262158,0.006879599,0.37968177,0.07558624,null,null,null,null,"TWOGAUSSIANS",8,6.496786,0.22414915,8.854502E-4,0.085690975,0.0052419803,0.80510986,0.017410005,0.72828525,0.0085405605,0.06866808,0.038525753,0.37968177,0.07558624
375316653866487564,5015045844806696448,0.48558792,1886.2739073757693,2.7008906664822554,1.4341233E-5,18.063728,0.004836989,0.18952453,0.0036539377,0.058827017,0.005616795,0.19270165,0.007456341,0.69544005,0.004972647,0.047840506,0.0066284174,0.093925916,0.007593907,null,null,null,null,"TWOGAUSSIANS",8,5.035169,0.18952453,0.0036539377,0.3294313,0.031454053,0.19269805,0.0074567865,0.69544005,0.004972647,0.26790684,0.037119135,0.093922295,0.007592915
375316653866487564,5015075157960615552,0.5051749,1962.2927843989858,3.500153415822562,1.6097041E-5,15.952634,0.029782182,0.29068792,0.0070279823,0.09808838,0.015126108,0.2910746,0.0280436,0.7746655,0.0035125697,0.09790267,0.011263312,0.31088388,0.025794929,null,null,null,null,"TWOGAUSSIANS",8,108.60615,0.7746655,0.0035125697,0.4,0.0,0.29209286,0.014508133,0.29068792,0.0070293816,0.4,0.0,0.2722836,0.021612976
375316653866487564,5015119447663311744,0.42620116,1911.7128649945093,3.2733557602575623,1.851126E-5,16.489061,0.0056158025,0.6545205,0.006975816,0.039773658,0.0044806465,0.18195504,0.011502298,null,null,null,null,null,null,0.04651252,0.009135529,0.6545205,0.006975816,"ONEGAUSSIAN_WITH_ELLIPSOIDAL",6,247.35498,0.6545205,0.006975816,0.22273247,0.02509162,0.27498004,0.01412334,null,null,null,null,null,null
