Gaia/vari_eclipsing_binary/VariEclipsingBinary_251874-252017.csv
# %ECSV 1.0
# ---
# delimiter: ','
# meta: !!omap
# - RELEASE: Gaia DR3
# - TABLE: vari_eclipsing_binary
# - DESCRIPTION: >
#     This table describes the properties of the eclipsing binaries resulting from the variability analysis. 
# - CITATION: >
#     How to cite and acknowledge Gaia: 
#     https://gea.esac.esa.int/archive/documentation/credits.html 
# - KNOWN_ISSUES: >
#     Known issues: 
#     https://www.cosmos.esa.int/web/gaia-users/known-issues 
# - DOCUMENTATION: >
#     Tutorials and documentation: 
#     https://www.cosmos.esa.int/web/gaia-users/archive 
# datatype:
# - 
#   name: solution_id
#   datatype: int64
#   description: Solution Identifier
#   meta:
#     ucd: meta.version
# - 
#   name: source_id
#   datatype: int64
#   description: Unique source identifier
#   meta:
#     ucd: meta.id;meta.main
# - 
#   name: global_ranking
#   datatype: float32
#   description: Number between 0 (worst) and 1 (best)
#   meta:
#     ucd: stat.param
# - 
#   name: reference_time
#   datatype: float64
#   unit: d
#   description: Reference time used for the geometric model fit
#   meta:
#     ucd: time.epoch
# - 
#   name: frequency
#   datatype: float64
#   unit: d**-1
#   description: Frequency of geometric model of the eclipsing binary light curve
#   meta:
#     ucd: src.orbital
# - 
#   name: frequency_error
#   datatype: float32
#   unit: d**-1
#   description: "Uncertainty of \\texttt{frequency}"
#   meta:
#     ucd: stat.error
# - 
#   name: geom_model_reference_level
#   datatype: float32
#   unit: mag
#   description: Magnitude reference level of geometric model
#   meta:
#     ucd: phot.mag;em.opt
# - 
#   name: geom_model_reference_level_error
#   datatype: float32
#   unit: mag
#   description: "Uncertainty of \\texttt{geomModelReferenceLevel}"
#   meta:
#     ucd: stat.error;phot.mag;em.opt
# - 
#   name: geom_model_gaussian1_phase
#   datatype: float32
#   description: Phase of the Gaussian 1 component
#   meta:
#     ucd: time.phase
# - 
#   name: geom_model_gaussian1_phase_error
#   datatype: float32
#   description: "Uncertainty of \\texttt{geomModelGaussian1Phase}"
#   meta:
#     ucd: stat.error;time.phase
# - 
#   name: geom_model_gaussian1_sigma
#   datatype: float32
#   description: "Standard deviation [phase] of Gaussian 1 component"
#   meta:
#     ucd: stat.stdev
# - 
#   name: geom_model_gaussian1_sigma_error
#   datatype: float32
#   description: "Uncertainty of \\texttt{geomModelGaussian1Sigma}"
#   meta:
#     ucd: stat.error
# - 
#   name: geom_model_gaussian1_depth
#   datatype: float32
#   unit: mag
#   description: Magnitude depth of Gaussian 1 component
#   meta:
#     ucd: src.var.amplitude
# - 
#   name: geom_model_gaussian1_depth_error
#   datatype: float32
#   unit: mag
#   description: "Uncertainty of \\texttt{geomModelGaussian1Depth}"
#   meta:
#     ucd: stat.error;src.var.amplitude
# - 
#   name: geom_model_gaussian2_phase
#   datatype: float32
#   description: Phase of Gaussian 2 component
#   meta:
#     ucd: time.phase
# - 
#   name: geom_model_gaussian2_phase_error
#   datatype: float32
#   description: "Uncertainty of \\texttt{geomModelGaussian2Phase}"
#   meta:
#     ucd: stat.error;time.phase
# - 
#   name: geom_model_gaussian2_sigma
#   datatype: float32
[...]
#   datatype: float32
#   description: "Secondary eclipse: uncertainty of \\texttt{derivedSecondaryEclDuration}"
#   meta:
#     ucd: stat.error;time.duration
# - 
#   name: derived_secondary_ecl_depth
#   datatype: float32
#   unit: mag
#   description: "Secondary eclipse: depth"
#   meta:
#     ucd: src.var.amplitude
# - 
#   name: derived_secondary_ecl_depth_error
#   datatype: float32
#   unit: mag
#   description: "Secondary eclipse: uncertainty of \\texttt{derivedSecondaryEclDepth}"
#   meta:
#     ucd: stat.error;src.var.amplitude
solution_id,source_id,global_ranking,reference_time,frequency,frequency_error,geom_model_reference_level,geom_model_reference_level_error,geom_model_gaussian1_phase,geom_model_gaussian1_phase_error,geom_model_gaussian1_sigma,geom_model_gaussian1_sigma_error,geom_model_gaussian1_depth,geom_model_gaussian1_depth_error,geom_model_gaussian2_phase,geom_model_gaussian2_phase_error,geom_model_gaussian2_sigma,geom_model_gaussian2_sigma_error,geom_model_gaussian2_depth,geom_model_gaussian2_depth_error,geom_model_cosine_half_period_amplitude,geom_model_cosine_half_period_amplitude_error,geom_model_cosine_half_period_phase,geom_model_cosine_half_period_phase_error,model_type,num_model_parameters,reduced_chi2,derived_primary_ecl_phase,derived_primary_ecl_phase_error,derived_primary_ecl_duration,derived_primary_ecl_duration_error,derived_primary_ecl_depth,derived_primary_ecl_depth_error,derived_secondary_ecl_phase,derived_secondary_ecl_phase_error,derived_secondary_ecl_duration,derived_secondary_ecl_duration_error,derived_secondary_ecl_depth,derived_secondary_ecl_depth_error
[from data line 180]
375316653866487564,2215852208729373568,0.5651992,2136.5586109642923,2.3060751205577907,9.865891E-6,18.202461,0.008371195,0.24690253,0.003924326,0.08759148,0.0052967677,0.22478792,0.009739336,0.73530626,0.0021814145,0.08763735,0.002953496,0.43510303,0.012382238,null,null,null,null,"TWOGAUSSIANS",8,3.7849739,0.73530626,0.0021814145,0.4,0.0,0.42634967,0.01149983,0.24690253,0.003924326,0.4,0.0,0.21603464,0.008198625
375316653866487564,2215853656143423232,0.61884725,2131.777576102423,1.3558249712498645,5.4441557E-6,17.834251,0.0021940025,0.75003046,0.001628572,0.04787764,0.0022128012,0.6590531,0.03092902,null,null,null,null,null,null,null,null,null,null,"ONEGAUSSIAN",5,4.338674,0.75003046,0.001628572,0.26811478,0.012391687,0.6590531,0.0,null,null,null,null,null,null
375316653866487564,2215855339765209216,0.5366129,2128.9461482901484,2.9857653761344176,5.260052E-6,19.803993,0.018466096,0.20708734,0.0011845016,0.072120994,0.0039825453,0.4949008,0.0137146115,0.7026235,0.004438678,0.0791883,0.0071616895,0.443681,0.03037464,null,null,null,null,"TWOGAUSSIANS",8,1.249002,0.20708734,0.0011845016,0.4,0.010034231,0.49130052,0.011941639,0.7026235,0.004438678,0.4,0.0,0.44008076,0.030716218
375316653866487564,2215855885221500032,0.5114246,2118.3087163199602,3.2483010851628356,1.3728875E-5,17.692047,0.10947348,0.24383372,0.0063723777,0.13829029,0.044126216,0.23043366,0.1035466,0.75446063,0.0032983588,0.11733971,0.024747452,0.23833494,0.10009933,null,null,null,null,"TWOGAUSSIANS",8,4.9766583,0.7547306,0.0029949155,0.4,0.0,0.17568478,0.011460598,0.24377371,0.006265811,0.4,0.0,0.167149,0.007976674
375316653866487564,2215857431410395264,0.6351686,2089.6994289739528,2.713593971013105,4.0478967E-6,18.038729,0.010786089,0.20799741,0.001340144,0.057813,0.0030137144,0.29523742,0.025834737,0.70764905,0.0027750987,0.05266879,0.0041612247,0.25862873,0.024190858,0.103852674,0.013432483,0.20799741,0.001340144,"TWOGAUSSIANS_WITH_ELLIPSOIDAL_ON_ECLIPSE1",9,1.9653335,0.20799741,0.001340144,0.3237528,0.0168768,0.5029139,0.008102755,0.70769906,0.0025337595,0.2949452,0.023302857,0.4663044,0.008087758
375316653866487564,2215859596074922496,0.67507106,2118.1495835709343,2.5592486962495515,1.6197175E-6,16.72497,0.006296831,0.27723017,7.0449937E-4,0.044942863,0.001770082,0.43063518,0.014942637,0.7795298,0.0016827933,0.047173817,0.0029673986,0.39634657,0.013852973,0.12099928,0.008118993,0.27723017,7.0449937E-4,"TWOGAUSSIANS_WITH_ELLIPSOIDAL_ON_ECLIPSE1",9,6.768275,0.27723017,7.0449937E-4,0.25168002,0.009912459,0.6726329,0.011223929,0.7795298,0.0016827933,0.2641734,0.016617432,0.63829374,0.013861269
375316653866487564,2215861043486871424,0.45162436,2094.2170298350475,0.3029828067508072,2.2947415E-5,17.441288,0.03581949,0.18233362,0.0133235,0.02865596,0.019262819,0.05245535,0.035863925,0.6770872,0.061494887,0.037894703,0.10910203,0.51334494,0.40754813,null,null,null,null,"TWOGAUSSIANS",8,29.25312,0.6770872,0.061494887,0.21221034,0.185159,0.51334494,0.4098338,0.18233362,0.013533036,0.16047338,0.107871786,0.05245535,0.035336807
375316653866487564,2215863581804687360,0.51784605,2060.7118900527303,3.3369186694209825,1.4026398E-5,18.44435,0.020403313,0.27662715,0.0031841889,0.10156627,0.010847176,0.21945232,0.018179277,0.77457905,0.006963905,0.101715244,0.01283966,0.20028794,0.021749116,null,null,null,null,"TWOGAUSSIANS",8,3.9657617,0.27662715,0.0031841889,0.4,0.0,0.19959575,0.008177515,0.77457905,0.006963905,0.4,0.0,0.18043149,0.012625537
375316653866487564,2215863792265930112,0.4710803,2093.5630222881205,3.1776136710997007,2.9539755E-5,17.652788,0.11445963,0.23198093,0.0071812174,0.10470418,0.030519104,0.17914721,0.10643882,0.7317662,0.010698309,0.13138409,0.062992126,0.17491937,0.10639566,null,null,null,null,"TWOGAUSSIANS",8,11.853248,0.23198093,0.00725597,0.4,0.0,0.14225021,0.019528696,0.7317662,0.010700158,0.4,0.0,0.1377758,0.015348688
375316653866487564,2215863891042405760,0.5658879,2056.384378156118,2.7418849181030325,4.7695503E-6,19.358923,0.005962488,0.26316547,0.0011353133,0.0656235,0.0015386974,0.5695992,0.014774986,0.756533,0.0018216871,0.06637518,0.0025402987,0.57972205,0.023473985,null,null,null,null,"TWOGAUSSIANS",8,1.6959794,0.756533,0.0018216871,0.371701,0.014225673,0.57899487,0.02358959,0.26316547,0.0011353133,0.3674916,0.008616705,0.56887203,0.014804548
375316653866487564,2215864509517910784,0.6335926,2076.754548064022,3.4155834044035935,3.1553354E-6,18.20107,0.013801458,0.2644003,9.168245E-4,0.047360487,0.0028275067,0.39701188,0.029327862,0.76156175,0.0017552708,0.055159193,0.0029227529,0.49394327,0.032043878,0.08934438,0.016580604,0.2644003,9.168245E-4,"TWOGAUSSIANS_WITH_ELLIPSOIDAL_ON_ECLIPSE1",9,3.314343,0.7617917,0.001586977,0.30889148,0.016367415,0.6725644,0.017287841,0.2644003,9.168245E-4,0.26521873,0.015834037,0.57568526,0.0114184525
375316653866487564,2215865196712543360,0.5619874,2087.5463971155104,3.242396390964762,5.6309623E-6,19.885897,0.01359037,0.25765213,0.0031202547,0.040414948,0.005898297,0.5047713,0.06615204,0.75721675,0.0066245077,0.037273914,0.0098326905,0.47403935,0.12924959,0.15397404,0.018632775,0.25765213,0.0031202547,"TWOGAUSSIANS_WITH_ELLIPSOIDAL_ON_ECLIPSE1",9,1.503416,0.25765213,0.0031202547,0.2263237,0.03303046,0.8127191,0.082451396,0.75724673,0.0065820846,0.20873392,0.05506307,0.78198504,0.1354038
375316653866487564,2215865231072294400,0.565015,2089.0806445965286,2.9663854228968787,4.7983094E-6,18.08902,0.009307946,0.18048412,0.0019450024,0.07565116,0.002645281,0.46259627,0.01650955,0.6801795,0.0019292352,0.077491745,0.0039851,0.4720687,0.015428445,null,null,null,null,"TWOGAUSSIANS",8,6.284194,0.6801795,0.0019292352,0.4,0.0,0.46756938,0.015765997,0.18048412,0.0019450024,0.4,0.0,0.45809695,0.016423972
375316653866487564,2215865682051636096,0.6106531,2103.5145670139127,3.440201339727844,5.723634E-6,17.431349,0.013059253,0.23489736,0.001714119,0.059518088,0.003489604,0.3733629,0.029842889,0.7436646,0.0029670435,0.053953674,0.004067982,0.34349778,0.029277487,0.10921386,0.015681317,0.23489736,0.001714119,"TWOGAUSSIANS_WITH_ELLIPSOIDAL_ON_ECLIPSE1",9,8.222521,0.23489736,0.001714119,0.3333013,0.019541783,0.59173113,0.014011466,0.7436646,0.0029670435,0.30214056,0.0227807,0.5612039,0.016125102
375316653866487564,2215866571102144384,0.5898051,2126.128102619662,1.0901926795173842,4.318703E-6,17.543524,0.0021182077,0.24158196,0.0015719146,0.06103312,0.0018334036,0.29249915,0.010217059,0.73363227,0.0044696117,0.0802346,0.00503424,0.106489725,0.0061093834,null,null,null,null,"TWOGAUSSIANS",8,2.9754238,0.24158196,0.0015719146,0.34178546,0.01026706,0.29199886,0.01026483,0.73363227,0.0044696117,0.4,0.0,0.10598943,0.006141608
375316653866487564,2215868843147745792,0.557745,2081.313194231251,2.7406419045938932,9.322225E-6,18.912569,0.013418692,0.26531595,0.004033813,0.09355473,0.007949011,0.32279226,0.012843722,0.7626997,0.0026970992,0.09360662,0.0069127097,0.3028017,0.011055889,null,null,null,null,"TWOGAUSSIANS",8,0.9990839,0.26531595,0.004033813,0.4,0.0,0.30580914,0.016355282,0.7626997,0.0026970992,0.4,0.0,0.28581858,0.008890364
375316653866487564,2215870075793867264,0.50162774,2065.4217758828395,3.0348036371708833,1.0825704E-5,19.769037,0.005636718,0.293789,0.0059583164,0.071045786,0.0052551976,0.41014788,0.027900772,0.784945,0.00527581,0.076677375,0.0051881527,0.40775764,0.043400496,null,null,null,null,"TWOGAUSSIANS",8,1.3910502,0.293789,0.0059583164,0.3978564,0.016043069,0.407981,0.028360145,0.784945,0.00527581,0.4,0.0,0.4055908,0.04379499
375316653866487564,2215870114458070400,0.54631305,2116.8218322611274,1.571673132823902,1.1549231E-5,17.029984,0.0074067707,0.22774096,0.0023766889,0.02739889,0.0022548628,0.6749879,0.054865927,0.72826684,0.0036647108,0.030936824,0.0022001285,0.7425959,0.061349727,null,null,null,null,"TWOGAUSSIANS",8,62.253147,0.72826684,0.0036647108,0.17324622,0.012320719,0.7425959,0.061349727,0.22774096,0.0023766889,0.15343378,0.012627232,0.6749879,0.054865927
375316653866487564,2215870801647902976,0.53717136,2091.9001128309064,2.993676569263441,1.5278349E-5,19.56901,0.016920403,0.18995142,0.006363429,0.08321645,0.006349171,0.4929371,0.028549572,0.69682103,0.0074929283,0.07064356,0.007859587,0.48820144,0.036232598,null,null,null,null,"TWOGAUSSIANS",8,2.507364,0.18995142,0.006363429,0.4,0.0,0.48863474,0.026641365,0.69682103,0.0074929283,0.39560392,0.03566568,0.48389912,0.03554848
375316653866487564,2215872103020883584,0.55905324,2117.074991385349,2.5745453692885327,8.838585E-6,16.41683,0.00283817,0.1677298,0.0025382345,0.07185339,0.0033737775,0.16057749,0.007370521,0.676215,0.002015954,0.069849454,0.0033661427,0.08240337,0.0035511884,null,null,null,null,"TWOGAUSSIANS",8,4.5201254,0.1677298,0.0025382345,0.4,0.0059425337,0.16020948,0.0074042706,0.676215,0.002015954,0.39115694,0.0188504,0.08203535,0.003497109
375316653866487564,2215875367196166656,0.5725228,2086.16953220071,3.870374686334541,6.8418994E-5,18.733208,0.002707264,0.3233174,0.005049818,0.019257203,0.0024728638,0.6837006,0.13981102,0.62808764,1.4493494E-4,0.021859528,6.50852E-4,0.72952956,0.038443744,null,null,null,null,"TWOGAUSSIANS",8,2.313043,0.62808764,1.4493494E-4,0.12241336,0.0036447712,0.72952956,0.038443744,0.3233174,0.005049818,0.10784034,0.0138480365,0.6837006,0.13981102
375316653866487564,2215876093047557504,0.5244056,2100.1699370918654,2.9149818666078184,1.2352203E-5,18.109667,0.86911243,0.26011574,0.003840513,0.13728912,0.08768242,0.34812006,0.7922575,0.7592841,0.0038111322,0.14089935,0.09998562,0.35139975,0.82143205,null,null,null,null,"TWOGAUSSIANS",8,3.0336914,0.7592841,0.0038665507,0.4,0.0,0.21397254,0.009423837,0.26015574,0.0039300835,0.4,0.0,0.21107072,0.010121906
375316653866487564,2215876501067653376,0.43134233,2085.6992591412727,3.295478833874759,3.612494E-5,18.368544,0.02953801,0.28594255,0.013535196,0.117318064,0.026665507,0.120046444,0.029148275,0.7714658,0.009376137,0.09880283,0.028918771,0.12604034,0.021132983,null,null,null,null,"TWOGAUSSIANS",8,8.478029,0.7714658,0.009376137,0.4,0.0,0.11170388,0.020003296,0.28594255,0.013526397,0.4,0.0,0.105679944,0.0102608865
375316653866487564,2215876982101053312,0.5112373,2101.692375860653,2.7846979175043933,9.928661E-6,19.177029,0.011126514,0.2767986,0.029660417,0.031442977,0.010911418,0.2180297,0.08360072,0.73946923,0.0044728154,0.05334884,0.006533725,0.21704568,0.035901092,0.09773701,0.013934456,0.73946923,0.0044728154,"TWOGAUSSIANS_WITH_ELLIPSOIDAL_ON_ECLIPSE2",9,3.7132914,0.73946923,0.0044728154,0.2987535,0.036588863,0.41251597,0.026730105,0.2744186,0.027987223,0.17608069,0.06110394,0.40360084,0.082705066
375316653866487564,2215877604881351552,0.65519005,2107.6976402467308,3.572434858152539,2.1990782E-6,15.850681,0.004741695,0.2418508,0.001309517,0.049680963,0.0017987737,0.26518074,0.010773611,0.7373498,0.0014539019,0.048707295,0.003178104,0.20500533,0.012929189,0.10599429,0.00642722,0.7373498,0.0014539019,"TWOGAUSSIANS_WITH_ELLIPSOIDAL_ON_ECLIPSE2",9,15.04096,0.2412408,0.0010549503,0.2782134,0.010073133,0.47702077,0.0042231977,0.7373498,0.0014539019,0.27276084,0.017797383,0.41699204,0.009344006
375316653866487564,2215882552683646976,0.5648815,2122.419790859265,0.3449009060999432,1.36577255E-5,16.517635,0.0010644664,0.1365361,0.0064595044,0.020101886,0.011326104,0.017698662,0.17527063,0.34118468,0.0010782895,0.017856853,0.0015825351,0.2737826,0.017787512,0.0015012784,0.0015085277,0.34118468,0.0010782895,"TWOGAUSSIANS_WITH_ELLIPSOIDAL_ON_ECLIPSE2",9,4.9682813,0.34118468,0.0010782895,0.09999838,0.0088621965,0.27678517,0.017531468,0.1367661,0.0062537165,0.11257056,0.06342618,0.017937101,0.1753169
375316653866487564,2215883476094209792,0.5398333,2093.4876197587782,0.44212611735653035,1.4490627E-5,18.999355,0.003472633,0.1963571,0.0010214557,0.020020882,0.00186912,0.5070303,0.04104782,0.91100883,0.008250927,0.02666128,0.007603627,0.026952485,0.013400242,null,null,null,null,"TWOGAUSSIANS",8,1.7164285,0.1963571,0.0010214557,0.11211694,0.010467072,0.5070303,0.04104782,0.91100883,0.008250927,0.14930317,0.042580314,0.026952485,0.013400242
375316653866487564,2215883480396671616,0.5806678,2062.6872436132167,1.593526482614713,6.5018467E-6,18.562334,0.006336026,0.28701252,0.0035743811,0.03426136,0.0035776221,0.4434688,0.04025179,0.7845905,0.0014048609,0.033284493,0.0011541386,0.7289462,0.01556983,null,null,null,null,"TWOGAUSSIANS",8,7.3176384,0.7845905,0.0014048609,0.18639316,0.006463176,0.7289462,0.01556983,0.28701252,0.0035743811,0.19186361,0.020034684,0.4434688,0.04025179
375316653866487564,2215884919203458176,0.51333714,2110.9795770650426,2.8210673836556492,1.4115242E-5,18.689585,0.009134907,0.1823829,0.005287908,0.0703471,0.0069560967,0.33938566,0.02419357,0.6820234,0.006609783,0.08068498,0.010032325,0.3231676,0.032449912,null,null,null,null,"TWOGAUSSIANS",8,4.694678,0.1823829,0.005287908,0.39394376,0.0372111,0.3366576,0.025120461,0.6820234,0.006609783,0.4,0.0,0.32043955,0.033607855
375316653866487564,2215885297160688896,0.5291985,2112.6296412967054,2.734519190522864,1.4662879E-5,17.830217,0.06747916,0.23739749,0.0046960646,0.11474692,0.019136177,0.32183486,0.06355757,0.7247201,0.004899187,0.12299497,0.019599803,0.32150432,0.06575606,null,null,null,null,"TWOGAUSSIANS",8,8.3980665,0.2374875,0.0046955957,0.4,0.0,0.25916237,0.011707019,0.7247201,0.004899187,0.4,0.0,0.258706,0.009068698
375316653866487564,2215886813291448320,0.5028015,2131.063329732695,3.237959545633053,1.2580348E-5,16.63062,1.0005941,0.28824115,0.012828311,0.25749174,0.18493722,0.9455164,0.98570853,0.7824357,0.008410355,0.15165663,0.05946449,0.7060853,0.6260201,null,null,null,null,"TWOGAUSSIANS",8,15.052033,0.7824357,0.008410355,0.4,0.0,0.22036624,0.0070094853,0.28959116,0.011060787,0.4,0.0,0.17978954,0.009381907
375316653866487564,2215887874141016704,0.5358808,2082.082361186705,0.3391500732338932,1.5450885E-5,18.371181,0.003809016,0.15212491,0.0041972236,0.03284878,0.0034351302,0.32042602,0.04847808,0.64736277,0.0070333583,0.046720404,0.0068121688,0.18727721,0.030190155,0.050933897,0.00673697,0.15212491,0.0041972236,"TWOGAUSSIANS_WITH_ELLIPSOIDAL_ON_ECLIPSE1",9,4.4911222,0.15212491,0.0041972236,0.18395317,0.01923673,0.42229354,0.045553204,0.6477728,0.006502293,0.26163426,0.038148142,0.28906137,0.031076737
375316653866487564,2215888393839542784,0.49660647,2123.7959069472736,1.1045305586119194,1.7630788E-5,17.959547,0.002247374,0.38444084,0.017726129,0.023301726,0.014219498,1.1239854,1.5304406,0.23677811,0.008304643,0.024136545,0.0032523363,0.10341654,0.025898578,null,null,null,null,"TWOGAUSSIANS",8,4.97115,0.38444084,0.017726129,0.13048966,0.07962919,1.1239854,1.5304406,0.23677811,0.008304177,0.13516465,0.018213084,0.10341654,0.025901608
375316653866487564,2215888767493616512,0.5958205,2113.9160437705573,2.088175942701172,5.8266846E-6,17.773333,0.0047548832,0.21984616,0.0020151532,0.092091955,0.0029885815,0.28674024,0.007648344,0.71497434,0.002098645,0.08892713,0.0036537822,0.25937182,0.006654949,null,null,null,null,"TWOGAUSSIANS",8,1.5247136,0.21984616,0.0020151532,0.4,0.0,0.27557495,0.0077030975,0.71497434,0.002098645,0.4,0.0,0.24820669,0.006896589
375316653866487564,2215889940027635712,0.6838259,2120.669144658564,0.8570886892586358,1.3275009E-6,12.793629,8.155398E-4,0.33459833,3.623845E-4,0.028474987,4.989844E-4,0.18239138,0.0021501584,0.83347183,0.0010675566,0.026272843,6.361303E-4,0.5356623,0.010757545,0.0067812204,0.0011936951,0.33459833,3.623845E-4,"TWOGAUSSIANS_WITH_ELLIPSOIDAL_ON_ECLIPSE1",9,21.364859,0.83347183,0.0010675566,0.14712791,0.0035623298,0.549224,0.0107771475,0.33459833,3.623845E-4,0.15945993,0.0027943128,0.19595382,0.002063889
