Gaia/vari_eclipsing_binary/VariEclipsingBinary_487972-488001.csv
# %ECSV 1.0
# ---
# delimiter: ','
# meta: !!omap
# - RELEASE: Gaia DR3
# - TABLE: vari_eclipsing_binary
# - DESCRIPTION: >
#     This table describes the properties of the eclipsing binaries resulting from the variability analysis. 
# - CITATION: >
#     How to cite and acknowledge Gaia: 
#     https://gea.esac.esa.int/archive/documentation/credits.html 
# - KNOWN_ISSUES: >
#     Known issues: 
#     https://www.cosmos.esa.int/web/gaia-users/known-issues 
# - DOCUMENTATION: >
#     Tutorials and documentation: 
#     https://www.cosmos.esa.int/web/gaia-users/archive 
# datatype:
# - 
#   name: solution_id
#   datatype: int64
#   description: Solution Identifier
#   meta:
#     ucd: meta.version
# - 
#   name: source_id
#   datatype: int64
#   description: Unique source identifier
#   meta:
#     ucd: meta.id;meta.main
# - 
#   name: global_ranking
#   datatype: float32
#   description: Number between 0 (worst) and 1 (best)
#   meta:
#     ucd: stat.param
# - 
#   name: reference_time
#   datatype: float64
#   unit: d
#   description: Reference time used for the geometric model fit
#   meta:
#     ucd: time.epoch
# - 
#   name: frequency
#   datatype: float64
#   unit: d**-1
#   description: Frequency of geometric model of the eclipsing binary light curve
#   meta:
#     ucd: src.orbital
# - 
#   name: frequency_error
#   datatype: float32
#   unit: d**-1
#   description: "Uncertainty of \\texttt{frequency}"
#   meta:
#     ucd: stat.error
# - 
#   name: geom_model_reference_level
#   datatype: float32
#   unit: mag
#   description: Magnitude reference level of geometric model
#   meta:
#     ucd: phot.mag;em.opt
# - 
#   name: geom_model_reference_level_error
#   datatype: float32
#   unit: mag
#   description: "Uncertainty of \\texttt{geomModelReferenceLevel}"
#   meta:
#     ucd: stat.error;phot.mag;em.opt
# - 
#   name: geom_model_gaussian1_phase
#   datatype: float32
#   description: Phase of the Gaussian 1 component
#   meta:
#     ucd: time.phase
# - 
#   name: geom_model_gaussian1_phase_error
#   datatype: float32
#   description: "Uncertainty of \\texttt{geomModelGaussian1Phase}"
#   meta:
#     ucd: stat.error;time.phase
# - 
#   name: geom_model_gaussian1_sigma
#   datatype: float32
#   description: "Standard deviation [phase] of Gaussian 1 component"
#   meta:
#     ucd: stat.stdev
# - 
#   name: geom_model_gaussian1_sigma_error
#   datatype: float32
#   description: "Uncertainty of \\texttt{geomModelGaussian1Sigma}"
#   meta:
#     ucd: stat.error
# - 
#   name: geom_model_gaussian1_depth
#   datatype: float32
#   unit: mag
#   description: Magnitude depth of Gaussian 1 component
#   meta:
#     ucd: src.var.amplitude
# - 
#   name: geom_model_gaussian1_depth_error
#   datatype: float32
#   unit: mag
#   description: "Uncertainty of \\texttt{geomModelGaussian1Depth}"
#   meta:
#     ucd: stat.error;src.var.amplitude
# - 
#   name: geom_model_gaussian2_phase
#   datatype: float32
#   description: Phase of Gaussian 2 component
#   meta:
#     ucd: time.phase
# - 
#   name: geom_model_gaussian2_phase_error
#   datatype: float32
#   description: "Uncertainty of \\texttt{geomModelGaussian2Phase}"
#   meta:
#     ucd: stat.error;time.phase
# - 
#   name: geom_model_gaussian2_sigma
#   datatype: float32
[...]
#   datatype: float32
#   description: "Secondary eclipse: uncertainty of \\texttt{derivedSecondaryEclDuration}"
#   meta:
#     ucd: stat.error;time.duration
# - 
#   name: derived_secondary_ecl_depth
#   datatype: float32
#   unit: mag
#   description: "Secondary eclipse: depth"
#   meta:
#     ucd: src.var.amplitude
# - 
#   name: derived_secondary_ecl_depth_error
#   datatype: float32
#   unit: mag
#   description: "Secondary eclipse: uncertainty of \\texttt{derivedSecondaryEclDepth}"
#   meta:
#     ucd: stat.error;src.var.amplitude
solution_id,source_id,global_ranking,reference_time,frequency,frequency_error,geom_model_reference_level,geom_model_reference_level_error,geom_model_gaussian1_phase,geom_model_gaussian1_phase_error,geom_model_gaussian1_sigma,geom_model_gaussian1_sigma_error,geom_model_gaussian1_depth,geom_model_gaussian1_depth_error,geom_model_gaussian2_phase,geom_model_gaussian2_phase_error,geom_model_gaussian2_sigma,geom_model_gaussian2_sigma_error,geom_model_gaussian2_depth,geom_model_gaussian2_depth_error,geom_model_cosine_half_period_amplitude,geom_model_cosine_half_period_amplitude_error,geom_model_cosine_half_period_phase,geom_model_cosine_half_period_phase_error,model_type,num_model_parameters,reduced_chi2,derived_primary_ecl_phase,derived_primary_ecl_phase_error,derived_primary_ecl_duration,derived_primary_ecl_duration_error,derived_primary_ecl_depth,derived_primary_ecl_depth_error,derived_secondary_ecl_phase,derived_secondary_ecl_phase_error,derived_secondary_ecl_duration,derived_secondary_ecl_duration_error,derived_secondary_ecl_depth,derived_secondary_ecl_depth_error
[from data line 302]
375316653866487564,4292344243550601856,0.57303053,2168.0077445411116,2.558318541923029,1.641385E-5,18.91796,0.016448496,0.20774531,0.004251838,0.06693466,0.006668672,0.4468109,0.026568197,0.68973494,0.010086448,0.07777549,0.007071036,0.55250686,0.026865173,null,null,null,null,"TWOGAUSSIANS",8,5.2882175,0.68973494,0.010086448,0.4,0.0,0.55085874,0.02568434,0.20774531,0.004251838,0.37483412,0.03193807,0.44516274,0.026737189
375316653866487564,4292344312269894016,0.5641406,2162.0613230422327,1.116807487860491,9.199149E-6,18.570906,0.013701689,0.1615461,0.0039261803,0.09391692,0.0044444357,0.30094573,0.01506567,0.65561926,0.0084866835,0.09067655,0.008472613,0.35233974,0.035872594,null,null,null,null,"TWOGAUSSIANS",8,1.890731,0.65561926,0.0084866835,0.4,0.0,0.33714816,0.036720186,0.1615461,0.0039261803,0.4,0.0,0.28575388,0.010527134
375316653866487564,4292344827681275264,0.5849799,2172.505467323797,1.0982059640956183,1.706018E-5,16.26744,0.0013616021,0.6315748,0.002544739,0.037020415,0.003351475,0.38118657,0.05515483,null,null,null,null,null,null,null,null,null,null,"ONEGAUSSIAN",5,5.4711347,0.6315748,0.002544739,0.20731433,0.01876826,0.38118657,0.0,null,null,null,null,null,null
375316653866487564,4292344930749242496,0.43854028,2203.360560948741,1.07000221640586,6.5501255E-5,19.006119,0.1316096,0.4633885,0.036004446,0.1320535,0.05617853,0.2182678,0.12824811,0.8436074,0.092762984,0.12162431,0.09515736,0.07711083,0.094779804,null,null,null,null,"TWOGAUSSIANS",8,4.834636,0.4646185,0.029807888,0.4,0.0,0.20577441,0.06707736,0.8436074,0.092762984,0.4,0.0,0.06748733,0.031184655
375316653866487564,4292345858459367680,0.57705253,2188.472500910156,3.6865397919143947,2.4717976E-5,19.323841,0.018660897,0.34935883,0.005012505,0.057779755,0.010805239,0.2492217,0.052204277,0.82970154,0.05349677,0.040473286,0.029560098,0.46188843,0.31862143,0.117931955,0.025865184,0.34935883,0.005012505,"TWOGAUSSIANS_WITH_ELLIPSOIDAL_ON_ECLIPSE1",9,2.6967835,0.8309116,0.0513603,0.22665042,0.16553655,0.6943698,0.28995275,0.34935883,0.005012505,0.32356665,0.060509335,0.48506397,0.032444283
375316653866487564,4292347164128900096,0.5173898,2176.420053925848,2.8270428116141737,3.647718E-5,19.295847,0.038732503,0.25355417,0.0047968905,0.081009544,0.007914657,0.4597409,0.038655695,0.73556775,0.014265642,0.102781184,0.024158603,0.38310945,0.03571851,null,null,null,null,"TWOGAUSSIANS",8,3.2089746,0.25355417,0.004790952,0.4,0.0,0.44425777,0.023511322,0.73556775,0.014265642,0.4,0.0,0.3676187,0.02702498
375316653866487564,4292347267208183680,0.5249052,2159.8408451495175,3.4737774767214042,3.7323316E-5,19.649965,0.022024032,0.32524738,0.014083362,0.0627481,0.013144076,0.4777159,0.048229877,0.8020295,0.011713779,0.073244594,0.016945602,0.36599782,0.09535397,null,null,null,null,"TWOGAUSSIANS",8,2.3530903,0.32524738,0.014083362,0.35138935,0.058952104,0.47721285,0.047854036,0.8020295,0.011713779,0.4,0.03190333,0.3654948,0.096392326
375316653866487564,4292347713899364608,0.4883857,2138.8111983000067,0.5584811562506077,6.399731E-5,18.259926,0.0034401338,0.12671827,0.070760995,0.012790994,0.027554216,0.064358085,1.4478635,0.7223139,0.011550466,0.058701776,0.008258733,0.131922,0.014417473,null,null,null,null,"TWOGAUSSIANS",8,1.798309,0.7223139,0.011550466,0.32872993,0.0462489,0.131922,0.014417472,0.12671827,0.070760995,0.07162956,0.15430361,0.064358085,1.4478635
375316653866487564,4292347954417559936,0.58812076,2175.708414315574,0.23438831503604832,1.3075658E-5,15.964676,0.003600773,0.1494429,0.00492377,0.05498445,0.0063820584,0.0731572,0.010469428,0.87691265,0.0019170737,0.014671791,0.0029357416,0.45571095,1.159948,0.033437908,0.006934266,0.87691265,0.0019170737,"TWOGAUSSIANS_WITH_ELLIPSOIDAL_ON_ECLIPSE2",9,6.3720946,0.87691265,0.0019170737,0.08216203,0.016440153,0.5225869,1.1606303,0.15561289,0.0070210495,0.30791295,0.035739526,0.07484907,0.010552177
375316653866487564,4292348263641485440,0.5554257,2173.676996865602,3.0241066809826647,1.22948295E-5,19.220448,0.02469333,0.26212284,0.0061802594,0.05835811,0.00643279,0.6151965,0.06649041,0.76211417,0.0056219967,0.061577003,0.012741095,0.75464004,0.06398528,null,null,null,null,"TWOGAUSSIANS",8,6.942242,0.76211417,0.0056219967,0.34483123,0.071350135,0.75441027,0.0642114,0.26212284,0.0061802594,0.3268054,0.036023624,0.6149668,0.066484906
375316653866487564,4292348641612453632,0.64506114,2192.8390894365034,1.4529417452191524,4.7229805E-6,15.648714,0.007934676,0.21325107,0.0013680529,0.08544639,0.0034437492,0.35244653,0.0069466378,0.7188544,0.001555756,0.092335686,0.002511909,0.34390363,0.007981123,null,null,null,null,"TWOGAUSSIANS",8,15.934745,0.21325107,0.0013680529,0.4,0.0,0.34025937,0.0067226915,0.7188544,0.001555756,0.4,0.0,0.33171618,0.0054803877
375316653866487564,4292348843426205440,0.5194962,2153.9022086012797,0.09258102713585244,2.0451842E-5,18.46557,0.0024727033,0.078898124,0.0058305576,0.019497804,0.001267501,0.46144953,0.16884105,0.44348484,0.0020119813,0.009955609,0.0015234223,0.08966885,0.009034346,null,null,null,null,"TWOGAUSSIANS",8,1.362774,0.078898124,0.0058305576,0.10918771,0.0070980056,0.46144953,0.16884105,0.44348484,0.0020119813,0.055751413,0.008531165,0.08966885,0.009034346
375316653866487564,4292349122635459968,0.4582513,2171.3244609704125,0.1836743980658978,9.9682184E-5,18.971167,0.04761846,0.24832068,0.042406257,0.111316144,0.02482162,0.17538133,0.039706856,0.59850425,0.076614216,0.1452833,0.10453833,0.067845315,0.043612678,null,null,null,null,"TWOGAUSSIANS",8,2.5261877,0.25296068,0.0306591,0.4,0.0,0.17127894,0.023398206,0.59850425,0.076614216,0.4,0.0,0.061127067,0.019746715
375316653866487564,4292349156995508736,0.48141083,2194.9596269143467,0.5281564823596202,1.4808074E-4,19.100534,0.014379267,0.11033353,0.024934614,0.039813764,0.049976368,0.05716976,0.02295088,0.597698,0.045620006,0.034568947,0.035140526,0.34555745,0.024570407,null,null,null,null,"TWOGAUSSIANS",8,2.649032,0.597698,0.045620006,0.19358611,0.19678694,0.34555745,0.024648683,0.11033353,0.024934614,0.22295707,0.27986768,0.05716976,0.022962186
375316653866487564,4292349771139196800,0.55400735,2181.082648527563,2.9092144931816746,1.3372363E-5,18.802044,0.01163368,0.2625891,0.004171462,0.06967927,0.0058192615,0.3575689,0.012251812,0.7624011,0.003256123,0.08033613,0.0055269557,0.3683173,0.034698352,null,null,null,null,"TWOGAUSSIANS",8,3.188902,0.7624011,0.003256123,0.4,0.0,0.36552438,0.03525756,0.2625891,0.004171462,0.3902039,0.023355033,0.35477597,0.011950551
375316653866487564,4292350011657382400,0.5800198,2180.3523848707555,1.8969886017480786,7.1464215E-6,16.78774,0.008675793,0.20612739,0.002831219,0.08620321,0.0038219802,0.25077906,0.014303497,0.7071133,0.002739331,0.09571748,0.005628023,0.18425217,0.009497233,null,null,null,null,"TWOGAUSSIANS",8,4.660213,0.20612739,0.002831219,0.4,0.0,0.24120556,0.013077732,0.7071133,0.002739331,0.4,0.0,0.17467825,0.007206764
375316653866487564,4292350183456077568,0.5455558,2153.517603634713,3.0986985657857185,7.088926E-6,18.820406,0.014408273,0.25623465,0.0042320355,0.09851941,0.0045975363,0.36499316,0.019833248,0.7588134,0.0027032457,0.09239835,0.0072199726,0.38445622,0.017057253,null,null,null,null,"TWOGAUSSIANS",8,2.6196725,0.7588134,0.0027032457,0.4,0.0,0.3610622,0.020212943,0.25623465,0.0042320355,0.4,0.0,0.3415976,0.015037152
375316653866487564,4292350222148018176,0.5531282,2183.5866325759052,2.541725820029555,1.2217269E-5,18.734926,0.014453609,0.25563142,0.0030936282,0.0703124,0.005474356,0.50499725,0.014469414,0.74187416,0.0024585896,0.07194032,0.0033725621,0.5062749,0.020361308,null,null,null,null,"TWOGAUSSIANS",8,3.9994,0.74187416,0.0024585896,0.4,0.00935986,0.5047869,0.019868247,0.25563142,0.0030936282,0.39374948,0.024157021,0.5035093,0.014168096
375316653866487564,4292350222148230144,0.5589094,2189.7578500089344,3.6052610414514903,2.3353661E-5,19.097048,0.011117894,0.28022787,0.0046468205,0.073135175,0.0075088744,0.414157,0.027899921,0.7744113,0.0021813673,0.06771871,0.0030583083,0.5023578,0.019802358,null,null,null,null,"TWOGAUSSIANS",8,3.7612557,0.7744113,0.0021813673,0.37922478,0.017126527,0.50092006,0.019853296,0.28022787,0.0046468205,0.4,0.022022605,0.4127193,0.028320158
375316653866487564,4292350252177968000,0.59336144,2181.4765586200588,2.3230381545045176,8.832946E-6,17.530144,0.013836037,0.24472016,0.0015908061,0.05380498,0.007293014,0.1634132,0.041411262,0.74712247,0.0038740633,0.04064962,0.020952065,0.35019356,17.87804,0.117808804,0.0161377,0.24472016,0.0015908061,"TWOGAUSSIANS_WITH_ELLIPSOIDAL_ON_ECLIPSE1",9,4.2815537,0.74712247,0.0038740633,0.22763786,0.117331564,0.5857536,17.900738,0.24472016,0.0015908061,0.3013079,0.040840875,0.39902693,0.02744241
375316653866487564,4292350256520255104,0.64021194,2174.389051917727,0.41758894848158856,1.0950755E-5,15.784727,0.00346069,0.28283033,0.0014700902,0.032829076,0.0023606755,0.042619172,0.0036417,0.76751274,0.008063797,0.05376335,0.006143727,0.38031802,0.018922541,null,null,null,null,"TWOGAUSSIANS",8,20.77336,0.76751274,0.008063797,0.30107474,0.03440487,0.380318,0.01892252,0.28283033,0.0014700902,0.18384282,0.013219783,0.042619165,0.0036416906
375316653866487564,4292350668823379328,0.46873137,2188.3839838236436,0.21833467155949707,9.191541E-5,19.365229,0.071908906,0.2769716,0.027255848,0.09504611,0.03274497,0.29695025,0.07395321,0.7522675,0.011709629,0.11165049,0.026468365,0.26526582,0.079099156,null,null,null,null,"TWOGAUSSIANS",8,1.6582438,0.2770016,0.027193412,0.4,0.0,0.2748143,0.018017748,0.7522675,0.011709629,0.4,0.0,0.24309602,0.02035077
375316653866487564,4292350939372770560,0.4815672,2190.1004460664526,1.4759051728576795,5.211035E-5,19.00467,0.023423173,0.32938853,0.012397525,0.071157426,0.018226199,0.20017482,0.04842408,0.8294706,0.033149175,0.034812324,0.090043515,0.5122834,0.4986521,null,null,null,null,"TWOGAUSSIANS",8,6.1473837,0.8294706,0.033149175,0.19494902,0.20829168,0.512276,0.50432706,0.32938853,0.012400136,0.39848158,0.058365382,0.20016743,0.046466235
375316653866487564,4292350939372789376,0.5298688,2180.8524400805063,2.4879490406084286,1.4708061E-5,18.513903,0.009085832,0.22663815,0.004056451,0.07780638,0.005818055,0.3005817,0.023613494,0.71147007,0.004588448,0.079317726,0.008633725,0.30914363,0.027192287,null,null,null,null,"TWOGAUSSIANS",8,4.795849,0.71147007,0.004588448,0.4,0.0,0.30631998,0.028245384,0.22663815,0.004056451,0.4,0.0,0.29775804,0.023959322
375316653866487564,4292351699629202048,0.5129385,2162.2602401559598,2.5783110281717225,1.3132801E-5,17.451744,0.037621666,0.21564855,0.004751484,0.09934209,0.015563098,0.2888916,0.036012888,0.7156133,0.0035772282,0.099904865,0.017447188,0.27106065,0.029460808,null,null,null,null,"TWOGAUSSIANS",8,16.680332,0.21564855,0.004751484,0.4,0.0,0.26489377,0.027231693,0.7156133,0.0035772282,0.4,0.0,0.24706268,0.02487799
375316653866487564,4292351901443094656,0.5588363,2162.204823248884,2.8441580610966466,3.8268383E-5,17.90574,0.011843187,0.28774354,0.00671665,0.08693087,0.007955479,0.30250183,0.0121700205,0.7953509,0.011172243,0.08015321,0.0074179526,0.33627298,0.03230777,null,null,null,null,"TWOGAUSSIANS",8,9.5812845,0.7953509,0.011172243,0.4,0.0,0.32997695,0.031087734,0.28774354,0.00671665,0.4,0.0,0.29620576,0.0097289365
375316653866487564,4292351905775586688,0.5695643,2165.5193307364443,3.270950808123038,6.941218E-6,19.80898,0.013367663,0.2567531,0.001566578,0.05902613,0.0023889265,0.70049137,0.024560208,0.757605,0.0011105167,0.061251454,0.0015892457,0.5912569,0.013195031,null,null,null,null,"TWOGAUSSIANS",8,1.6390351,0.2567531,0.001566578,0.33054632,0.013377989,0.7002708,0.024569478,0.757605,0.0011105167,0.34300816,0.008899776,0.5910363,0.013119883
375316653866487564,4292351940135393920,0.560186,2105.0656143968486,3.1814667860986905,2.0317719E-5,18.805304,0.012456815,0.24680492,0.00620025,0.08020104,0.0064853244,0.29780665,0.015623582,0.7452591,0.009436233,0.074596964,0.017074775,0.21218131,0.024786465,null,null,null,null,"TWOGAUSSIANS",8,2.0373526,0.24680492,0.00620025,0.4,0.0,0.29515287,0.013633485,0.7452591,0.009436233,0.4,0.06409654,0.2095275,0.025737667
375316653866487564,4292352382479380608,0.4844257,2180.5130354073617,4.000021459006144,2.5981466E-5,18.819447,0.016929703,0.50668895,0.005796111,0.10285206,0.011889191,0.37974274,0.023262404,0.85891104,0.0045327446,0.0069754785,0.0033034207,0.08331886,0.045641072,null,null,null,null,"TWOGAUSSIANS",8,11.919397,0.50668895,0.005796111,0.4,0.0,0.37973714,0.023266861,0.85891104,0.0045327446,0.03906268,0.018499156,0.08439192,0.046144035
375316653866487564,4292352554280572672,0.55040485,2166.4530451448773,2.605570682836144,1.1991828E-5,17.860928,0.012484143,0.26888517,0.005666715,0.0472381,0.009689024,0.12788272,0.03767555,0.7690953,0.013820938,0.03792985,0.014710858,0.19876683,0.059163038,0.12259609,0.015124662,0.26888517,0.005666715,"TWOGAUSSIANS_WITH_ELLIPSOIDAL_ON_ECLIPSE1",9,12.371629,0.7690953,0.012086233,0.21240717,0.08238081,0.4439583,0.07087551,0.26888517,0.005666715,0.26453337,0.054258533,0.37307462,0.020585692
375316653866487564,4292352661682558080,0.6277159,2114.592712517454,2.6401888617936047,5.0769213E-6,17.083078,0.006050703,0.34717625,0.0019157314,0.034377687,0.015947819,0.5838109,1.3511001,0.84928095,0.0038809401,0.04467832,0.0038627556,0.22710058,0.017767763,0.13879883,0.011657588,0.34717625,0.0019157314,"TWOGAUSSIANS_WITH_ELLIPSOIDAL_ON_ECLIPSE1",9,7.1333346,0.34717625,0.0019157314,0.19251505,0.08930779,0.8614085,1.3514248,0.84928095,0.0038375421,0.25019857,0.02163143,0.5046496,0.009218064
375316653866487564,4292352833481257600,0.5768616,2164.7572915522487,0.23722171117503513,8.6126536E-5,15.668411,0.0013502836,0.19469202,0.03110235,0.007589541,0.012763291,0.09378162,0.13798828,0.4189153,0.012320565,0.06918792,0.015306207,0.016400047,0.0045486474,0.0039324006,0.002336367,0.19469202,0.03110235,"TWOGAUSSIANS_WITH_ELLIPSOIDAL_ON_ECLIPSE1",9,2.7383213,0.19469202,0.031102784,0.04250143,0.071474425,0.10173234,0.13723634,0.4189153,0.012320565,0.38745233,0.051005185,0.01660453,0.00456861
375316653866487564,4292352867802643328,0.50516737,2144.6473391959016,2.676265722338469,2.710832E-5,19.175964,0.095063195,0.2720837,0.004197132,0.07532977,0.015411421,0.55076665,0.09542064,0.761965,0.015415054,0.10234704,0.039087854,0.41611293,0.07610262,null,null,null,null,"TWOGAUSSIANS",8,7.330743,0.2720837,0.0041953665,0.4,0.020418564,0.5358303,0.0781417,0.761965,0.015415054,0.4,0.0,0.40117055,0.03900549
375316653866487564,4292352936560497280,0.649824,2177.6786860258067,2.2385757742978383,4.1785856E-6,15.354956,0.004822717,0.25279436,0.0026545767,0.04025556,0.009747369,0.087480605,0.013189495,0.7608304,0.004042102,0.057180505,0.004038597,0.089729734,0.012211297,0.08442228,0.007214342,0.25279436,0.0026545767,"TWOGAUSSIANS_WITH_ELLIPSOIDAL_ON_ECLIPSE1",9,6.968212,0.7608304,0.004042102,0.3202108,0.022616142,0.25814033,0.005102594,0.25279436,0.0026545767,0.22543116,0.05458527,0.25632128,0.0059625753
375316653866487564,4292353280157864448,0.47003758,2169.3827560841705,1.0240807811624784,2.0541075E-4,17.921238,0.004551928,0.29500532,0.046730738,0.10206012,0.071487375,0.027541518,0.01083055,0.7804134,0.008487891,0.03833862,0.006989216,0.13618654,0.05547634,null,null,null,null,"TWOGAUSSIANS",8,2.3952577,0.7804134,0.008487891,0.21469627,0.03913961,0.13609864,0.055517998,0.29500532,0.046730738,0.4,0.18970902,0.0274532,0.010917533
