Gaia/vari_eclipsing_binary/VariEclipsingBinary_211450-211521.csv
# %ECSV 1.0
# ---
# delimiter: ','
# meta: !!omap
# - RELEASE: Gaia DR3
# - TABLE: vari_eclipsing_binary
# - DESCRIPTION: >
#     This table describes the properties of the eclipsing binaries resulting from the variability analysis. 
# - CITATION: >
#     How to cite and acknowledge Gaia: 
#     https://gea.esac.esa.int/archive/documentation/credits.html 
# - KNOWN_ISSUES: >
#     Known issues: 
#     https://www.cosmos.esa.int/web/gaia-users/known-issues 
# - DOCUMENTATION: >
#     Tutorials and documentation: 
#     https://www.cosmos.esa.int/web/gaia-users/archive 
# datatype:
# - 
#   name: solution_id
#   datatype: int64
#   description: Solution Identifier
#   meta:
#     ucd: meta.version
# - 
#   name: source_id
#   datatype: int64
#   description: Unique source identifier
#   meta:
#     ucd: meta.id;meta.main
# - 
#   name: global_ranking
#   datatype: float32
#   description: Number between 0 (worst) and 1 (best)
#   meta:
#     ucd: stat.param
# - 
#   name: reference_time
#   datatype: float64
#   unit: d
#   description: Reference time used for the geometric model fit
#   meta:
#     ucd: time.epoch
# - 
#   name: frequency
#   datatype: float64
#   unit: d**-1
#   description: Frequency of geometric model of the eclipsing binary light curve
#   meta:
#     ucd: src.orbital
# - 
#   name: frequency_error
#   datatype: float32
#   unit: d**-1
#   description: "Uncertainty of \\texttt{frequency}"
#   meta:
#     ucd: stat.error
# - 
#   name: geom_model_reference_level
#   datatype: float32
#   unit: mag
#   description: Magnitude reference level of geometric model
#   meta:
#     ucd: phot.mag;em.opt
# - 
#   name: geom_model_reference_level_error
#   datatype: float32
#   unit: mag
#   description: "Uncertainty of \\texttt{geomModelReferenceLevel}"
#   meta:
#     ucd: stat.error;phot.mag;em.opt
# - 
#   name: geom_model_gaussian1_phase
#   datatype: float32
#   description: Phase of the Gaussian 1 component
#   meta:
#     ucd: time.phase
# - 
#   name: geom_model_gaussian1_phase_error
#   datatype: float32
#   description: "Uncertainty of \\texttt{geomModelGaussian1Phase}"
#   meta:
#     ucd: stat.error;time.phase
# - 
#   name: geom_model_gaussian1_sigma
#   datatype: float32
#   description: "Standard deviation [phase] of Gaussian 1 component"
#   meta:
#     ucd: stat.stdev
# - 
#   name: geom_model_gaussian1_sigma_error
#   datatype: float32
#   description: "Uncertainty of \\texttt{geomModelGaussian1Sigma}"
#   meta:
#     ucd: stat.error
# - 
#   name: geom_model_gaussian1_depth
#   datatype: float32
#   unit: mag
#   description: Magnitude depth of Gaussian 1 component
#   meta:
#     ucd: src.var.amplitude
# - 
#   name: geom_model_gaussian1_depth_error
#   datatype: float32
#   unit: mag
#   description: "Uncertainty of \\texttt{geomModelGaussian1Depth}"
#   meta:
#     ucd: stat.error;src.var.amplitude
# - 
#   name: geom_model_gaussian2_phase
#   datatype: float32
#   description: Phase of Gaussian 2 component
#   meta:
#     ucd: time.phase
# - 
#   name: geom_model_gaussian2_phase_error
#   datatype: float32
#   description: "Uncertainty of \\texttt{geomModelGaussian2Phase}"
#   meta:
#     ucd: stat.error;time.phase
# - 
#   name: geom_model_gaussian2_sigma
#   datatype: float32
[...]
#   datatype: float32
#   description: "Secondary eclipse: uncertainty of \\texttt{derivedSecondaryEclDuration}"
#   meta:
#     ucd: stat.error;time.duration
# - 
#   name: derived_secondary_ecl_depth
#   datatype: float32
#   unit: mag
#   description: "Secondary eclipse: depth"
#   meta:
#     ucd: src.var.amplitude
# - 
#   name: derived_secondary_ecl_depth_error
#   datatype: float32
#   unit: mag
#   description: "Secondary eclipse: uncertainty of \\texttt{derivedSecondaryEclDepth}"
#   meta:
#     ucd: stat.error;src.var.amplitude
solution_id,source_id,global_ranking,reference_time,frequency,frequency_error,geom_model_reference_level,geom_model_reference_level_error,geom_model_gaussian1_phase,geom_model_gaussian1_phase_error,geom_model_gaussian1_sigma,geom_model_gaussian1_sigma_error,geom_model_gaussian1_depth,geom_model_gaussian1_depth_error,geom_model_gaussian2_phase,geom_model_gaussian2_phase_error,geom_model_gaussian2_sigma,geom_model_gaussian2_sigma_error,geom_model_gaussian2_depth,geom_model_gaussian2_depth_error,geom_model_cosine_half_period_amplitude,geom_model_cosine_half_period_amplitude_error,geom_model_cosine_half_period_phase,geom_model_cosine_half_period_phase_error,model_type,num_model_parameters,reduced_chi2,derived_primary_ecl_phase,derived_primary_ecl_phase_error,derived_primary_ecl_duration,derived_primary_ecl_duration_error,derived_primary_ecl_depth,derived_primary_ecl_depth_error,derived_secondary_ecl_phase,derived_secondary_ecl_phase_error,derived_secondary_ecl_duration,derived_secondary_ecl_duration_error,derived_secondary_ecl_depth,derived_secondary_ecl_depth_error
[from data line 536]
375316653866487564,1860388006521549696,0.57745504,2230.2009799273105,0.6126607691144291,6.12602E-6,16.815994,0.0034985347,0.3253968,0.0012173721,0.04053423,0.0022636726,0.2572819,0.010598595,0.8386864,0.0042124963,0.039848857,0.0056776367,0.05993722,0.008417876,0.013193348,0.0054823523,0.3253968,0.0012173721,"TWOGAUSSIANS_WITH_ELLIPSOIDAL_ON_ECLIPSE1",9,6.014195,0.3253968,0.0012173721,0.2269917,0.012676567,0.28366855,0.009388309,0.8386864,0.0042124963,0.2231536,0.031794764,0.08614033,0.0043229614
375316653866487564,1860388689409173760,0.5875085,2210.2713163817143,1.1212971699642846,3.5351227E-6,19.36505,0.0038384548,0.27258223,6.5784913E-4,0.035708208,0.0011106355,0.8917927,0.037349597,0.77605057,0.0051038046,0.04514479,0.007781627,0.16148882,0.02790234,null,null,null,null,"TWOGAUSSIANS",8,2.0764685,0.27258223,6.5784913E-4,0.19996597,0.006219559,0.8917927,0.037349597,0.77605057,0.0051038046,0.2528108,0.043577112,0.16148882,0.02790235
375316653866487564,1860389617122203520,0.5650562,2218.5414133496824,2.3740279624125082,6.188102E-6,18.388443,0.005585771,0.24864252,0.002404022,0.080748685,0.0025134133,0.31146356,0.007128925,0.7478183,0.0018771997,0.08098342,0.0033430469,0.29665184,0.010543334,null,null,null,null,"TWOGAUSSIANS",8,2.378437,0.24864252,0.002404022,0.4,0.0,0.30643338,0.0065847165,0.7478183,0.0018771997,0.4,0.0,0.29162166,0.010630485
375316653866487564,1860389926359944192,0.5337695,2194.736901314164,2.280247124454993,7.402946E-6,18.96552,0.009328117,0.25289133,0.0037159885,0.09199834,0.008643768,0.2590305,0.013861118,0.7413459,0.0020668067,0.08885018,0.004465998,0.23288223,0.010466062,null,null,null,null,"TWOGAUSSIANS",8,1.4205269,0.25289133,0.0037159885,0.4,0.0,0.25003096,0.016165877,0.7413459,0.0020668067,0.4,0.0,0.22388287,0.008643829
375316653866487564,1860390269957285888,0.46040282,2213.6301580970494,2.8238286284018277,2.743114E-5,18.400583,0.020759823,0.26602292,0.008523132,0.08452754,0.01377525,0.18504521,0.021346334,0.774772,0.009872027,0.09548729,0.01938197,0.18292274,0.018948518,null,null,null,null,"TWOGAUSSIANS",8,11.0696745,0.26602292,0.008523762,0.4,0.0,0.17827968,0.016121574,0.774772,0.009872027,0.4,0.0,0.17615677,0.013692708
375316653866487564,1860390613554818688,0.4682831,2198.0754794947875,0.47104561471445244,4.2535223E-5,17.679245,0.0035861502,0.26602754,0.0063110907,0.07311334,0.01335536,0.09865399,0.013952322,0.808742,0.024866916,0.07186481,0.020239178,0.02297017,0.004906641,null,null,null,null,"TWOGAUSSIANS",8,3.335804,0.26602754,0.0063110907,0.4,0.015233988,0.09856891,0.01418764,0.808742,0.024866916,0.4,0.09207934,0.022885093,0.004768246
375316653866487564,1860390957152338944,0.61636305,2218.9227924271763,0.6350673853350738,6.0014095E-6,17.7935,0.0025762015,0.25538877,0.0077024437,0.023731766,0.009128804,0.5093793,0.21631047,0.752574,7.367968E-4,0.026794272,8.346464E-4,0.50001156,0.009291961,0.013161725,0.004178201,0.25538877,0.0077024437,"TWOGAUSSIANS_WITH_ELLIPSOIDAL_ON_ECLIPSE1",9,4.5436845,0.25538877,0.0077024437,0.1328979,0.051121302,0.53570276,0.21765321,0.75258404,7.357666E-4,0.15004793,0.0046740198,0.5263268,0.00882491
375316653866487564,1860391369467583872,0.5856501,2242.9142328696676,2.652680538803325,6.33374E-6,19.216034,0.0064014946,0.29068848,0.0014233376,0.051160198,0.0032040996,0.28335577,0.02120212,0.79334146,0.0024349245,0.047157984,0.0031609542,0.29261068,0.019912692,0.13505769,0.011585624,0.29068848,0.0014233376,"TWOGAUSSIANS_WITH_ELLIPSOIDAL_ON_ECLIPSE1",9,1.6483686,0.79334146,0.0024349245,0.26408473,0.017701343,0.5626487,0.016168334,0.29068848,0.0014233376,0.28649712,0.017942958,0.5534689,0.014520353
375316653866487564,1860391781784843520,0.5554709,2223.426007633897,0.642110099672214,2.1845633E-5,17.931145,0.006064991,0.23675665,0.0051382543,0.021761665,0.0036530052,0.49396962,0.012881137,0.7429436,0.0047863084,0.025520783,0.0033520365,0.59184873,0.042453032,0.026011998,0.008014578,0.23675665,0.0051382543,"TWOGAUSSIANS_WITH_ELLIPSOIDAL_ON_ECLIPSE1",9,14.903297,0.7429436,0.0047863084,0.14291638,0.018771404,0.643794,0.03939367,0.23675665,0.0051382543,0.12186532,0.02045683,0.5459935,0.009787292
375316653866487564,1860392164050071552,0.5741945,2218.4227848505366,2.2363316582787807,7.771618E-6,17.83405,0.006705055,0.22282702,0.0019007287,0.08139294,0.0030805555,0.37862974,0.010646217,0.72941124,0.0016565367,0.072194695,0.0030005483,0.23927194,0.006206214,null,null,null,null,"TWOGAUSSIANS",8,5.8419724,0.22282702,0.0019007287,0.4,0.0,0.3759886,0.010619201,0.72941124,0.0016565367,0.4,0.0063763736,0.23663078,0.005649931
375316653866487564,1860392537700963840,0.59242827,2217.6705724511075,2.9590630278364847,5.8517317E-6,17.915726,0.013185265,0.23608348,0.0016688599,0.046250165,0.007921058,0.11174374,0.029292328,0.7340146,0.0037245268,0.054822743,0.008201273,0.18785882,0.026544543,0.104661986,0.016389644,0.23608348,0.0016688599,"TWOGAUSSIANS_WITH_ELLIPSOIDAL_ON_ECLIPSE1",9,4.4569764,0.73444456,0.0028411604,0.30700734,0.04592713,0.39714983,0.011736438,0.23608348,0.0016688599,0.25900093,0.044357922,0.3210627,0.008861695
375316653866487564,1860393705931621760,0.50609165,2226.0972258539337,2.73673268603392,1.2243343E-5,18.140797,0.02631053,0.2670265,0.0041870554,0.104113445,0.014971367,0.19245046,0.022771189,0.7662345,0.0038119182,0.116934374,0.013899991,0.1765488,0.025284685,null,null,null,null,"TWOGAUSSIANS",8,3.374404,0.2670265,0.004200437,0.4,0.0,0.16432212,0.010371133,0.7662345,0.0038119182,0.4,0.0,0.1483864,0.007371402
375316653866487564,1860394191274469632,0.4405754,2200.695260408918,0.7501405371610445,3.1174022E-5,14.55141,0.0066939015,0.2756192,0.033455595,0.034359314,0.024971703,0.25069904,25.419159,0.7831744,0.021304635,0.04480604,0.04267665,0.08583719,0.2883974,0.030976238,0.0126822265,0.7831744,0.021304635,"TWOGAUSSIANS_WITH_ELLIPSOIDAL_ON_ECLIPSE2",9,257.636,0.2757892,0.033188544,0.19241217,0.13984154,0.31251508,25.422682,0.7831744,0.021304635,0.25091383,0.23898925,0.14778961,0.2928541
375316653866487564,1860394912829220736,0.5295623,2215.4189917601752,0.2134324386023614,1.1791475E-5,16.419807,7.4118836E-4,0.36757928,0.0012211615,0.013723776,0.001107716,0.24821736,0.02051735,null,null,null,null,null,null,null,null,null,null,"ONEGAUSSIAN",5,7.0683727,0.36757928,0.0012211615,0.07685314,0.0062032095,0.24821736,0.0,null,null,null,null,null,null
375316653866487564,1860395011602432256,0.4212983,2224.5005291888883,0.9306336417401346,3.7460326E-5,18.716526,0.007183398,0.73838973,0.009477715,0.06609308,0.0120987985,0.050663345,0.021901503,null,null,null,null,null,null,0.0470858,0.009487972,0.73838973,0.009477715,"ONEGAUSSIAN_WITH_ELLIPSOIDAL",6,11.310934,0.73838973,0.009477715,0.37012124,0.060787484,0.14479533,0.01783462,null,null,null,null,null,null
375316653866487564,1860395118987674368,0.46978807,2232.858585802236,2.178401215213752,2.2664924E-5,18.387764,0.0033062312,null,null,null,null,null,null,null,null,null,null,null,null,0.056302816,0.0058723995,0.27401137,0.0043523307,"ELLIPSOIDAL",4,4.151877,null,null,null,null,null,null,null,null,null,null,null,null
375316653866487564,1860396046694593408,0.48302722,2203.2329741691774,2.577538238724504,2.599038E-5,19.906925,0.022684839,0.22094329,0.0072998023,0.07134435,0.01151008,0.29555637,0.029319886,0.73033196,0.00926706,0.08017849,0.015587353,0.49103484,0.12239133,null,null,null,null,"TWOGAUSSIANS",8,4.942915,0.73033196,0.00926706,0.4,0.016403364,0.48832613,0.12501109,0.22094329,0.0072998023,0.39952838,0.042585466,0.2928477,0.028616514
375316653866487564,1860396179831872384,0.55507815,2217.98469635568,2.7372536022381984,6.6637654E-6,19.106855,0.014589354,0.27505112,0.0021477183,0.07229792,0.0038983903,0.584464,0.017997038,0.7744907,0.0034313512,0.06932044,0.0035110568,0.52290505,0.019493207,null,null,null,null,"TWOGAUSSIANS",8,4.662219,0.27505112,0.0021477183,0.4,0.008530507,0.5823202,0.017861089,0.7744907,0.0034313512,0.38819447,0.019661918,0.52076125,0.01909713
375316653866487564,1860396763947287424,0.56159115,2222.8018386227486,1.1913623416560204,6.665494E-6,17.809572,0.0023249595,0.24262129,0.002172671,0.06412085,0.0020066542,0.22998169,0.0059667896,0.72813565,0.0047577405,0.07375576,0.003991836,0.1256928,0.004260068,null,null,null,null,"TWOGAUSSIANS",8,2.4130402,0.24262129,0.002172671,0.35907677,0.011237263,0.22966877,0.005962944,0.72813565,0.0047577405,0.4,2.748844E-4,0.12537988,0.004232274
375316653866487564,1860397554222667648,0.6041178,2241.5668765068203,0.48970111795886306,4.0848586E-6,18.426126,0.0049431203,0.25742397,0.009727211,0.031954765,0.013610989,0.11335464,1.8616625,0.7440554,0.0021898812,0.022966448,0.0022878526,1.3558743,0.23388463,0.02493818,0.006590826,0.25742397,0.009727211,"TWOGAUSSIANS_WITH_ELLIPSOIDAL_ON_ECLIPSE1",9,3.530926,0.74407536,0.0021820976,0.12861212,0.012811975,1.4054,0.23956673,0.25742397,0.009727211,0.17894669,0.07622153,0.16323099,1.8616992
375316653866487564,1860398073925195008,0.51902544,2229.525495790242,2.2678555924185595,1.41050505E-5,19.226763,0.015943196,0.24551897,0.0037792819,0.05340938,0.0062598796,0.29003552,0.061286837,0.7503593,0.005662624,0.0459925,0.0059228027,0.2231939,0.04290011,0.12303145,0.024226746,0.24551897,0.0037792819,"TWOGAUSSIANS_WITH_ELLIPSOIDAL_ON_ECLIPSE1",9,6.5306063,0.24551897,0.0037792819,0.29909253,0.03505533,0.5360933,0.046673644,0.7503593,0.005662624,0.257558,0.033167697,0.46902415,0.017344926
375316653866487564,1860398550654245376,0.58999294,2211.2540392109418,2.735064132779911,4.385453E-6,19.08891,0.008148982,0.19830786,0.0011357396,0.04655578,0.0016362803,0.47621253,0.02188387,0.6988227,0.0013117886,0.04808803,0.0021522227,0.5696143,0.028522633,0.10539181,0.010658076,0.19830786,0.0011357396,"TWOGAUSSIANS_WITH_ELLIPSOIDAL_ON_ECLIPSE1",9,1.6427064,0.6988227,0.0013041075,0.26929298,0.012052448,0.7803945,0.028619846,0.19830786,0.0011357396,0.26071236,0.00916317,0.68699497,0.013065946
375316653866487564,1860399581447359104,0.5785112,2230.6162458693793,2.473571135809277,7.0525257E-6,18.539347,0.010505519,0.30710647,0.0019355871,0.06613209,0.0021768734,0.76771855,0.029883668,0.8120171,0.0016456977,0.058040418,0.003580699,0.32660443,0.023339579,null,null,null,null,"TWOGAUSSIANS",8,6.454586,0.30710647,0.0019355871,0.37033972,0.012190492,0.7674557,0.02991599,0.8120171,0.0016456977,0.32502633,0.020051915,0.32634154,0.023377726
375316653866487564,1860401505591779712,0.5524195,2216.1838745181885,3.533297195873849,7.886145E-6,19.037106,0.011929342,0.2671177,0.0024785653,0.08424286,0.0044417754,0.4761968,0.012651006,0.7484405,0.002646088,0.08475531,0.0040710606,0.42523408,0.02064459,null,null,null,null,"TWOGAUSSIANS",8,2.6062508,0.2671177,0.0024785653,0.4,0.0,0.4680936,0.011810194,0.7484405,0.002646088,0.4,0.0,0.41713086,0.020215468
375316653866487564,1860402197088716032,0.4911573,2227.662160019697,3.078091523463396,2.1502467E-5,19.895473,0.019761074,0.2963865,0.006559319,0.0860673,0.0090371445,0.3817765,0.031985857,0.78876626,0.0061164866,0.07999467,0.0075766346,0.2795693,0.029697191,null,null,null,null,"TWOGAUSSIANS",8,2.1637425,0.2963865,0.006559319,0.4,0.0,0.37563914,0.03179507,0.78876626,0.0061164866,0.4,0.0,0.27343196,0.027211118
375316653866487564,1860402609404005760,0.4991132,2193.946670784691,2.700162145370166,1.747045E-5,19.296658,0.17756404,0.3164555,0.006716208,0.12679005,0.05322505,0.29196528,0.17293625,0.8167508,0.004321717,0.11312756,0.03183621,0.29603446,0.16926186,null,null,null,null,"TWOGAUSSIANS",8,1.7982148,0.8167508,0.004312145,0.4,0.0,0.22959924,0.011569865,0.3164555,0.006754051,0.4,0.0,0.22531882,0.010467854
375316653866487564,1860402918647769600,0.5502278,2214.6354078348163,2.2021447910730556,1.1260016E-5,15.595384,0.5932502,0.23779707,0.0030549753,0.14377442,0.13486497,0.18415639,0.5775548,0.73695725,0.0045570387,0.1274932,0.07014274,0.1953118,0.47494555,null,null,null,null,"TWOGAUSSIANS",8,14.471421,0.73695725,0.0045595374,0.4,0.0,0.12755239,0.0063820486,0.23781706,0.0031738444,0.4,0.0,0.11570454,0.0044824285
375316653866487564,1860403468404614528,0.5536101,2228.615778287381,0.5305884070960115,5.5898827E-6,17.262583,0.009638886,0.27477384,0.001014346,0.034797404,0.0026123188,0.91345745,0.08309834,0.78701764,0.016718978,0.028363388,0.02012394,0.08633831,34.429752,0.027740536,0.013263044,0.78701764,0.016718978,"TWOGAUSSIANS_WITH_ELLIPSOIDAL_ON_ECLIPSE2",9,43.79503,0.27484384,9.830324E-4,0.19486545,0.014628986,0.96861273,0.09275677,0.78701764,0.016718978,0.15883498,0.11269406,0.14181937,34.430172
375316653866487564,1860403532816642816,0.5650999,2243.279816819793,0.3406699854020235,3.26758E-5,18.460957,0.0017335764,0.38975233,0.002202787,0.016826147,0.0019191088,0.43800035,0.071949765,0.28888446,0.018528773,0.039695878,0.017452119,0.017591521,0.0040813023,null,null,null,null,"TWOGAUSSIANS",8,1.3695121,0.38972232,0.0022050182,0.09422642,0.010747009,0.438698,0.07167152,0.28888446,0.018541066,0.22229691,0.097731866,0.017591529,0.0040813033
375316653866487564,1860403949439937408,0.47802502,2211.348929726328,0.3010419707613418,2.5233861E-5,14.823032,0.00268393,0.30840713,0.026553983,0.017905472,0.020797133,0.14797413,0.122208714,0.8041445,0.002407305,0.015170641,0.0036523251,0.048902687,0.009958175,0.0060011926,0.0051583885,0.30840713,0.026553983,"TWOGAUSSIANS_WITH_ELLIPSOIDAL_ON_ECLIPSE1",9,30.141653,0.30840713,0.026553983,0.10027064,0.116463944,0.15997651,0.1295639,0.8041645,0.0023880098,0.08495559,0.02045302,0.06089649,0.00794381
375316653866487564,1860404391810358656,0.5581427,2209.8749796281118,2.5449181611417004,6.7915616E-6,18.90513,0.009634593,0.22116604,0.0018324131,0.0882188,0.004689633,0.31379718,0.010223005,0.7232419,0.0026514607,0.08839729,0.0060007023,0.28378245,0.013404397,null,null,null,null,"TWOGAUSSIANS",8,1.8352637,0.22116604,0.0018324131,0.4,0.0,0.30330324,0.009307857,0.7232419,0.0026514607,0.4,0.0,0.27328852,0.013968254
375316653866487564,1860404769767101440,0.61048645,2223.642579420926,0.2602118089154748,5.37711E-6,18.310772,0.002508416,0.2262935,0.0018265496,0.049430963,0.002271476,0.20001668,0.008170935,0.7234579,7.5857807E-4,0.04284238,0.0010135309,0.58326477,0.013444424,null,null,null,null,"TWOGAUSSIANS",8,2.6292887,0.7234579,7.5857807E-4,0.23991734,0.0056757727,0.5832645,0.01344447,0.2262935,0.0018265496,0.2768134,0.012720265,0.20001644,0.008171
375316653866487564,1860405598707987840,0.65138644,2210.64252453116,3.043594123877666,3.9310057E-6,15.82517,0.0042581568,0.2824655,8.6213776E-4,0.046826318,0.0017725432,0.25106606,0.010377085,0.7872388,0.004797432,0.051605653,0.0034355603,0.3294957,0.011192177,0.105395526,0.0064569805,0.2824655,8.6213776E-4,"TWOGAUSSIANS_WITH_ELLIPSOIDAL_ON_ECLIPSE1",9,20.05669,0.7872388,0.004797432,0.28899166,0.019239137,0.5400953,0.007261322,0.2824655,8.6213776E-4,0.2622274,0.009926242,0.4618552,0.005290706
375316653866487564,1860405869278870784,0.54544234,2215.967123501368,0.9066157846987879,8.330929E-6,14.925919,0.46808633,0.2765999,0.003822047,0.13080578,0.09110116,0.0956211,0.32774824,0.77403045,0.0029991427,0.1486487,0.26765913,0.07430494,0.45879227,null,null,null,null,"TWOGAUSSIANS",8,7.1432977,0.2767199,0.0031561179,0.4,0.0,0.063279696,0.002567422,0.77403045,0.0029991427,0.4,0.0,0.04157242,0.0019246099
375316653866487564,1860406419034878720,0.5093759,2230.2352010041964,0.8529136260423805,3.7419024E-5,19.198975,0.0051789116,0.10278568,0.009630911,0.016149651,0.008094592,0.08255847,0.041017886,0.60826653,0.0032733036,0.017431177,0.0021221333,0.5297812,0.017766403,null,null,null,null,"TWOGAUSSIANS",8,4.7260065,0.60826653,0.0032733036,0.097614594,0.011883946,0.5297812,0.017766403,0.10278568,0.009630911,0.09043805,0.045329716,0.08255847,0.041017886
