Gaia/vari_eclipsing_binary/VariEclipsingBinary_684301-684335.csv
# %ECSV 1.0
# ---
# delimiter: ','
# meta: !!omap
# - RELEASE: Gaia DR3
# - TABLE: vari_eclipsing_binary
# - DESCRIPTION: >
#     This table describes the properties of the eclipsing binaries resulting from the variability analysis. 
# - CITATION: >
#     How to cite and acknowledge Gaia: 
#     https://gea.esac.esa.int/archive/documentation/credits.html 
# - KNOWN_ISSUES: >
#     Known issues: 
#     https://www.cosmos.esa.int/web/gaia-users/known-issues 
# - DOCUMENTATION: >
#     Tutorials and documentation: 
#     https://www.cosmos.esa.int/web/gaia-users/archive 
# datatype:
# - 
#   name: solution_id
#   datatype: int64
#   description: Solution Identifier
#   meta:
#     ucd: meta.version
# - 
#   name: source_id
#   datatype: int64
#   description: Unique source identifier
#   meta:
#     ucd: meta.id;meta.main
# - 
#   name: global_ranking
#   datatype: float32
#   description: Number between 0 (worst) and 1 (best)
#   meta:
#     ucd: stat.param
# - 
#   name: reference_time
#   datatype: float64
#   unit: d
#   description: Reference time used for the geometric model fit
#   meta:
#     ucd: time.epoch
# - 
#   name: frequency
#   datatype: float64
#   unit: d**-1
#   description: Frequency of geometric model of the eclipsing binary light curve
#   meta:
#     ucd: src.orbital
# - 
#   name: frequency_error
#   datatype: float32
#   unit: d**-1
#   description: "Uncertainty of \\texttt{frequency}"
#   meta:
#     ucd: stat.error
# - 
#   name: geom_model_reference_level
#   datatype: float32
#   unit: mag
#   description: Magnitude reference level of geometric model
#   meta:
#     ucd: phot.mag;em.opt
# - 
#   name: geom_model_reference_level_error
#   datatype: float32
#   unit: mag
#   description: "Uncertainty of \\texttt{geomModelReferenceLevel}"
#   meta:
#     ucd: stat.error;phot.mag;em.opt
# - 
#   name: geom_model_gaussian1_phase
#   datatype: float32
#   description: Phase of the Gaussian 1 component
#   meta:
#     ucd: time.phase
# - 
#   name: geom_model_gaussian1_phase_error
#   datatype: float32
#   description: "Uncertainty of \\texttt{geomModelGaussian1Phase}"
#   meta:
#     ucd: stat.error;time.phase
# - 
#   name: geom_model_gaussian1_sigma
#   datatype: float32
#   description: "Standard deviation [phase] of Gaussian 1 component"
#   meta:
#     ucd: stat.stdev
# - 
#   name: geom_model_gaussian1_sigma_error
#   datatype: float32
#   description: "Uncertainty of \\texttt{geomModelGaussian1Sigma}"
#   meta:
#     ucd: stat.error
# - 
#   name: geom_model_gaussian1_depth
#   datatype: float32
#   unit: mag
#   description: Magnitude depth of Gaussian 1 component
#   meta:
#     ucd: src.var.amplitude
# - 
#   name: geom_model_gaussian1_depth_error
#   datatype: float32
#   unit: mag
#   description: "Uncertainty of \\texttt{geomModelGaussian1Depth}"
#   meta:
#     ucd: stat.error;src.var.amplitude
# - 
#   name: geom_model_gaussian2_phase
#   datatype: float32
#   description: Phase of Gaussian 2 component
#   meta:
#     ucd: time.phase
# - 
#   name: geom_model_gaussian2_phase_error
#   datatype: float32
#   description: "Uncertainty of \\texttt{geomModelGaussian2Phase}"
#   meta:
#     ucd: stat.error;time.phase
# - 
#   name: geom_model_gaussian2_sigma
#   datatype: float32
[...]
#   datatype: float32
#   description: "Secondary eclipse: uncertainty of \\texttt{derivedSecondaryEclDuration}"
#   meta:
#     ucd: stat.error;time.duration
# - 
#   name: derived_secondary_ecl_depth
#   datatype: float32
#   unit: mag
#   description: "Secondary eclipse: depth"
#   meta:
#     ucd: src.var.amplitude
# - 
#   name: derived_secondary_ecl_depth_error
#   datatype: float32
#   unit: mag
#   description: "Secondary eclipse: uncertainty of \\texttt{derivedSecondaryEclDepth}"
#   meta:
#     ucd: stat.error;src.var.amplitude
solution_id,source_id,global_ranking,reference_time,frequency,frequency_error,geom_model_reference_level,geom_model_reference_level_error,geom_model_gaussian1_phase,geom_model_gaussian1_phase_error,geom_model_gaussian1_sigma,geom_model_gaussian1_sigma_error,geom_model_gaussian1_depth,geom_model_gaussian1_depth_error,geom_model_gaussian2_phase,geom_model_gaussian2_phase_error,geom_model_gaussian2_sigma,geom_model_gaussian2_sigma_error,geom_model_gaussian2_depth,geom_model_gaussian2_depth_error,geom_model_cosine_half_period_amplitude,geom_model_cosine_half_period_amplitude_error,geom_model_cosine_half_period_phase,geom_model_cosine_half_period_phase_error,model_type,num_model_parameters,reduced_chi2,derived_primary_ecl_phase,derived_primary_ecl_phase_error,derived_primary_ecl_duration,derived_primary_ecl_duration_error,derived_primary_ecl_depth,derived_primary_ecl_depth_error,derived_secondary_ecl_phase,derived_secondary_ecl_phase_error,derived_secondary_ecl_duration,derived_secondary_ecl_duration_error,derived_secondary_ecl_depth,derived_secondary_ecl_depth_error
[from data line 148]
375316653866487564,6019255068865345408,0.5957883,2279.251997686979,1.058166382243402,1.2708546E-5,16.221283,0.0109772,0.27120796,0.004323125,0.08320866,0.005737506,0.51901686,0.01472618,0.7859404,0.004288203,0.08465416,0.0050005843,0.24161504,0.012788076,null,null,null,null,"TWOGAUSSIANS",8,30.74886,0.27120796,0.004323125,0.4,0.0,0.5126632,0.014568741,0.7859404,0.004288203,0.4,0.0,0.23526138,0.010134962
375316653866487564,6019255554223893888,0.5728067,2249.6437578770347,1.7361963291114824,9.448973E-6,17.320387,0.004665147,0.24505107,0.0019161844,0.045239948,0.0054631033,0.12758031,0.013076157,0.75348943,0.006747857,0.057244956,0.0053888997,0.18757255,0.019556848,0.08718624,0.0072246953,0.24505107,0.0019161844,"TWOGAUSSIANS_WITH_ELLIPSOIDAL_ON_ECLIPSE1",9,5.830842,0.75348943,0.006747857,0.32057175,0.03017784,0.36144662,0.014766003,0.24505107,0.0019161844,0.2533437,0.030593378,0.3019441,0.010217476
375316653866487564,6019257370964829568,0.6564245,2301.401797682873,3.6881202720145754,4.446462E-6,17.855665,0.0068426607,0.24297974,0.0016880204,0.05068612,0.002957078,0.31488597,0.017193783,0.74429154,0.0016703295,0.046541087,0.002733923,0.37719446,0.019862138,0.08653611,0.008417525,0.24297974,0.0016880204,"TWOGAUSSIANS_WITH_ELLIPSOIDAL_ON_ECLIPSE1",9,1.7212808,0.74429154,0.0016657191,0.26063007,0.015309969,0.55025303,0.020791624,0.24297974,0.0016880204,0.2838423,0.016559636,0.48795632,0.013528054
375316653866487564,6019257925024472320,0.5028351,2297.4875511442774,2.1558793976067547,2.0423062E-5,19.685162,0.029469064,0.19285175,0.0038291165,0.09740348,0.011852505,0.33553246,0.024534406,0.705052,0.009751596,0.090418205,0.0138123715,0.34364206,0.048511233,null,null,null,null,"TWOGAUSSIANS",8,1.7504215,0.705052,0.009751596,0.4,0.0,0.32718137,0.048492145,0.19285175,0.0038291165,0.4,0.0,0.31907043,0.018573409
375316653866487564,6019258268623857280,0.5329031,2298.2212614400746,1.3938184859125093,1.8882762E-5,18.895927,0.011049432,0.22037843,0.003616761,0.07720549,0.006458394,0.32673702,0.027741594,0.7334518,0.006674739,0.078415595,0.0071263923,0.3022009,0.026335988,null,null,null,null,"TWOGAUSSIANS",8,2.523584,0.22037843,0.003616761,0.4,0.0,0.32399687,0.02864599,0.7334518,0.006674739,0.4,0.0,0.29946074,0.027309624
375316653866487564,6019258337343359488,0.5793602,2285.1619152460644,2.3900942737356208,1.0264238E-5,19.687035,0.007912909,0.18670465,0.002013858,0.043233875,0.0024338097,0.48568708,0.036579948,0.67988133,0.006351439,0.039182004,0.00457751,0.46397072,0.02997046,0.1559478,0.016610615,0.18670465,0.002013858,"TWOGAUSSIANS_WITH_ELLIPSOIDAL_ON_ECLIPSE1",9,2.0582068,0.18670465,0.002013858,0.2421097,0.013629335,0.79758203,0.029577572,0.6803913,0.0058066766,0.21941921,0.025634056,0.7753358,0.022095358
375316653866487564,6019258607915452544,0.4698573,2316.320386216235,2.9137371293601033,3.8263173E-5,18.557041,0.04187863,0.23295675,0.0058997194,0.09336352,0.022170149,0.14741409,0.03602354,0.72896844,0.008899555,0.12768863,0.032303754,0.17038924,0.039787706,null,null,null,null,"TWOGAUSSIANS",8,2.8870552,0.72896844,0.008899555,0.4,0.0,0.14686468,0.010652515,0.23298676,0.0059303623,0.4,0.0,0.124050036,0.009543479
375316653866487564,6019258990176392704,0.47067672,2292.8517286543547,0.8999988119346379,1.6123813E-5,18.073269,0.003958746,0.16192593,0.0045299307,0.04797437,0.006221883,0.05604959,0.0042397995,0.66407853,0.004360398,0.03671354,0.0065602986,0.14261414,0.028927088,null,null,null,null,"TWOGAUSSIANS",8,3.599924,0.66407853,0.004360398,0.20559582,0.036737673,0.14261414,0.0289271,0.16192593,0.0045299307,0.26865646,0.034842543,0.056049585,0.004239796
375316653866487564,6019259535634927744,0.47001842,2260.4866459524987,1.9141374572174972,3.239462E-5,19.144882,0.122624755,0.24756983,0.012886313,0.113681465,0.038693365,0.1659039,0.11743329,0.73786235,0.007807877,0.124793634,0.060262803,0.14935726,0.11712487,null,null,null,null,"TWOGAUSSIANS",8,1.9312322,0.24763983,0.012717882,0.4,0.0,0.13409382,0.0125360275,0.73786235,0.007807877,0.4,0.0,0.11746741,0.014511146
375316653866487564,6019265449828759424,0.5281309,2307.057959678274,3.4021093603348427,1.5080097E-5,17.562933,0.007871054,0.30879968,0.004430204,0.08816398,0.009631941,0.1465428,0.009746905,0.8132873,0.003829322,0.09052154,0.006762141,0.13889708,0.008058354,null,null,null,null,"TWOGAUSSIANS",8,2.7529902,0.30879968,0.004430204,0.4,0.0,0.14124344,0.01045219,0.8132873,0.003829322,0.4,0.0,0.13359767,0.005788411
375316653866487564,6019265999565246208,0.60316515,2301.4352774875683,2.349764180348669,9.626748E-6,18.564192,0.005485847,0.24051228,7.6020614E-4,0.063708484,0.0019303359,0.5524473,0.021639355,0.7379363,0.0016904327,0.06810704,0.0022481962,0.64790726,0.0150939915,null,null,null,null,"TWOGAUSSIANS",8,3.5728853,0.7379363,0.0016904327,0.3813994,0.012589899,0.647071,0.015147495,0.24051228,7.6020614E-4,0.3567675,0.010809881,0.55161107,0.02176746
375316653866487564,6019266583710375680,0.46884724,2292.4876118290545,0.357508409031531,3.1971093E-5,17.55681,0.0049160034,0.35424116,0.040948164,0.019794151,0.0772948,0.25357363,0.22177403,0.79629976,0.0028454768,0.044328198,0.0030357935,0.21723099,0.017943658,null,null,null,null,"TWOGAUSSIANS",8,6.69609,0.35424116,0.040948164,0.11084725,0.28279707,0.25357363,0.2219379,0.79629976,0.0028454768,0.2482379,0.017000444,0.21723099,0.01793419
375316653866487564,6019267305254690944,0.5522946,2297.917713928833,2.5419241684865894,1.7658118E-5,17.084225,0.006844811,0.2435289,0.002376832,0.06717254,0.004866886,0.20552404,0.02396931,0.72442216,0.0038929565,0.04347545,0.0044614724,0.18820441,0.024514867,0.074386775,0.016591605,0.2435289,0.002376832,"TWOGAUSSIANS_WITH_ELLIPSOIDAL_ON_ECLIPSE1",9,15.193654,0.2435289,0.002376832,0.37616625,0.027254561,0.3541006,0.013769717,0.7264222,0.003193984,0.24346252,0.024984246,0.3348698,0.015295578
375316653866487564,6019267339593619840,0.560454,2295.9966292013987,1.337083616723218,9.398819E-6,18.75676,0.013725781,0.27247128,0.005711272,0.09946652,0.009597533,0.15789156,0.013785062,0.7483251,0.0025557831,0.082196765,0.0047208783,0.3622331,0.016511463,null,null,null,null,"TWOGAUSSIANS",8,1.5475445,0.7483251,0.0025557831,0.4,0.0,0.35523024,0.015039941,0.27247128,0.005711272,0.4,0.0,0.15088686,0.009648765
375316653866487564,6019267610173612672,0.5501288,2318.9319648269156,2.4004418776966876,1.4356535E-5,18.674139,0.015380302,0.23850493,0.0050661718,0.0792217,0.0062654237,0.40219423,0.019753251,0.752628,0.0041796584,0.082938574,0.0057050935,0.35195386,0.020844474,null,null,null,null,"TWOGAUSSIANS",8,4.2164445,0.23850493,0.0050661718,0.4,0.0,0.3972646,0.018974958,0.752628,0.0041796584,0.4,0.0,0.34702423,0.01983532
375316653866487564,6019268026789897472,0.5162615,2288.2352831650683,1.3908746360469868,7.215607E-5,19.719826,0.009645934,0.06011269,0.0072942656,0.039935566,0.015309627,0.0526553,0.011812706,0.31463975,0.0029689674,0.03375794,0.009827367,0.46383762,0.22651294,null,null,null,null,"TWOGAUSSIANS",8,1.0793687,0.31463975,0.0029689674,0.18904448,0.055033255,0.46383762,0.22651294,0.06011269,0.0072942656,0.22363918,0.08573391,0.0526553,0.0118127065
375316653866487564,6019268301687508992,0.43251854,2311.7502359137507,1.7774371029255045,3.1151758E-5,18.985935,0.029822089,0.33939153,0.008235699,0.095442615,0.020681892,0.17718065,0.02656193,0.8468402,0.008006102,0.10112022,0.030037995,0.12722734,0.025854494,null,null,null,null,"TWOGAUSSIANS",8,3.2774885,0.33939153,0.00824269,0.4,0.0,0.1665503,0.013708717,0.8468402,0.008007343,0.4,0.0,0.11659608,0.013578889
375316653866487564,6019268709678665344,0.5357606,2302.1830477634508,0.17488878717025744,8.647616E-5,17.133095,0.003002823,0.33210275,0.013711949,0.02996362,0.07684639,0.10031716,0.08001467,0.8312162,0.0049103578,0.019219719,0.012018653,0.34415212,50047.727,null,null,null,null,"TWOGAUSSIANS",8,4.883564,0.8312162,0.0049103578,0.107630424,0.067304455,0.34415212,50047.727,0.33210275,0.013711949,0.16779627,0.22987823,0.10031716,0.08003683
375316653866487564,6019268950196900480,0.4620833,2314.903976194458,0.9689139803549971,3.047141E-5,17.287434,0.0048190285,0.41314292,0.0011324772,0.017718373,0.0017276746,0.20668893,0.030104699,0.91022664,0.007252027,0.023775801,0.004975021,0.3024246,0.08083421,null,null,null,null,"TWOGAUSSIANS",8,34.548573,0.91022664,0.007252027,0.13314448,0.027860116,0.3024246,0.08083421,0.41314292,0.0011324772,0.09922289,0.0096749775,0.20668893,0.030104699
375316653866487564,6019270878646800384,0.43615946,2311.5782363828157,4.480087672506109,1.7054525E-5,19.265516,0.0058536837,0.24514791,1.7814776E-4,0.0038319745,9.1904314E-4,0.22922033,0.215814,0.5967425,0.0029283199,0.030920567,0.0040704045,0.17816739,0.011754792,null,null,null,null,"TWOGAUSSIANS",8,3.4097087,0.24514791,1.7814776E-4,0.021459056,0.0051466413,0.22922033,0.215814,0.5967425,0.0029283199,0.17315517,0.022794263,0.17816739,0.011754792
375316653866487564,6019270947366250752,0.42992443,2299.32987677976,3.285497970566136,6.9372305E-5,18.073767,0.10403945,0.30193582,0.012462969,0.18751203,0.09540101,0.13299741,0.10097588,0.81320137,0.012419083,0.07736712,0.015786218,0.2015703,0.065335594,null,null,null,null,"TWOGAUSSIANS",8,5.3742294,0.8136614,0.012710621,0.4,0.0062223827,0.16860901,0.05146822,0.30193582,0.012462969,0.4,0.0,0.09234725,0.014475945
375316653866487564,6019271565862291840,0.47129086,2286.7040659749914,0.2748392777859166,3.510229E-5,18.446804,0.006847406,0.3528481,3.518099E-5,0.0043851407,1.7059185E-4,2.477477,0.50468576,0.5989176,0.014589666,0.07538859,0.017373715,0.08628746,0.024083022,null,null,null,null,"TWOGAUSSIANS",8,7.323653,0.3528481,3.518099E-5,0.024556788,9.553144E-4,2.4778965,0.50455695,0.5989176,0.014589666,0.4,0.022518823,0.08628746,0.024083028
375316653866487564,6019271836433600768,0.46694323,2297.253388028979,0.022500656774722308,1.1661082E-4,19.487106,0.020579701,0.10964702,0.008900597,0.008390418,0.0072980393,0.083785206,0.048228774,0.606936,0.019053616,0.15973613,0.028279008,0.30056062,0.037198436,null,null,null,null,"TWOGAUSSIANS",8,2.8724394,0.606936,0.019053616,0.4,0.0,0.29536334,0.039448164,0.10964702,0.008927186,0.04698634,0.04086902,0.08307456,0.04839918
375316653866487564,6019272351814415104,0.5511909,2273.272128911535,1.75314144331661,1.0755189E-5,18.690216,0.0035212948,0.22737281,0.008281897,0.047093313,0.011904338,0.15903103,0.03805968,0.725324,0.0015345769,0.04792954,0.0019829553,0.4580079,0.023916427,null,null,null,null,"TWOGAUSSIANS",8,2.9514616,0.725324,0.0015345769,0.26840544,0.011104549,0.45800743,0.02391661,0.22737281,0.008281897,0.26372254,0.06666429,0.15903057,0.03806217
375316653866487564,6019272837155945984,0.5725356,2293.209363087266,2.0704542063784435,1.9622918E-5,18.557426,0.010932603,0.22866064,0.0020495313,0.04703968,0.007315739,0.2477057,0.04394705,0.731034,0.004339816,0.05227646,0.0047812457,0.2243729,0.029540796,0.12065548,0.014796497,0.22866064,0.0020495313,"TWOGAUSSIANS_WITH_ELLIPSOIDAL_ON_ECLIPSE1",9,3.6672728,0.22866064,0.0020495313,0.2634222,0.04096814,0.48901424,0.045489,0.731034,0.004199668,0.29274818,0.026774975,0.46562776,0.0204822
375316653866487564,6019273004649498112,0.5331961,2289.990353783353,0.4821942797205544,1.5240731E-5,18.889679,0.0039141667,0.18732616,1.200296E-6,0.0059371092,4.1837284E-5,0.39931756,0.003663777,0.6880172,0.0017276235,0.010011134,0.0010584466,0.4500921,0.026446277,null,null,null,null,"TWOGAUSSIANS",8,3.0984855,0.6880172,0.0017276235,0.05606235,0.005927301,0.4500921,0.026446277,0.18732616,1.200296E-6,0.03324781,2.3428879E-4,0.39931756,0.003663777
375316653866487564,6019273004651963520,0.5562628,2303.885810562627,2.841026302617338,2.4397174E-5,17.75311,0.014760251,0.27725685,0.0031149737,0.056295015,0.010588102,0.24776754,0.028205259,0.7814929,0.0070141614,0.04567961,0.009580477,0.1538398,0.03412842,0.099630326,0.016519547,0.27725685,0.0031149737,"TWOGAUSSIANS_WITH_ELLIPSOIDAL_ON_ECLIPSE1",9,11.440463,0.27725685,0.0031149737,0.31525207,0.059293374,0.447015,0.024002997,0.7814929,0.0070141614,0.25580582,0.053650673,0.35294613,0.015791023
375316653866487564,6019273107738145024,0.460216,2256.2626720118483,2.571755082191641,3.667034E-5,19.480862,0.026049145,0.27905795,0.008003775,0.087376356,0.012087403,0.26154083,0.030309906,0.7851254,0.010380455,0.084283,0.018280268,0.21885677,0.028292267,null,null,null,null,"TWOGAUSSIANS",8,3.786454,0.27905795,0.008003775,0.4,0.0,0.2553303,0.024552839,0.7851254,0.010380455,0.4,0.0,0.21264625,0.02336412
375316653866487564,6019273283832613888,0.51304734,2257.960705137879,2.880098300104131,2.483834E-5,19.147182,0.062299028,0.27022675,0.0048795883,0.105933405,0.015550758,0.35133696,0.058793772,0.77587867,0.005859401,0.113602,0.021063916,0.32012707,0.060880434,null,null,null,null,"TWOGAUSSIANS",8,2.6410296,0.27021676,0.0048854887,0.4,0.0,0.30424988,0.024568852,0.77587867,0.0058631347,0.4,0.0,0.2730098,0.01284472
375316653866487564,6019274623862437888,0.51518977,2266.0960443336885,2.205353622513109,1.4328096E-5,19.440489,0.01950922,0.27033287,0.0026534025,0.08593973,0.0051265727,0.40044257,0.020862937,0.7627572,0.0058417637,0.09175211,0.0092666885,0.4017027,0.03446252,null,null,null,null,"TWOGAUSSIANS",8,2.7231019,0.7627572,0.0058417637,0.4,0.0,0.38814452,0.035334326,0.27033287,0.0026534025,0.4,0.0,0.38688466,0.016001116
375316653866487564,6019274726941732864,0.5065043,2257.5799527920963,3.220697912015441,1.5285685E-5,19.34926,0.014635103,0.2632513,0.0046314592,0.092974775,0.007478643,0.28691778,0.017537419,0.7748752,0.004653884,0.086691715,0.0071653347,0.28122923,0.015646985,null,null,null,null,"TWOGAUSSIANS",8,1.8005983,0.2632513,0.0046314592,0.4,0.0,0.27706656,0.015855242,0.7748752,0.004653884,0.4,0.0,0.27137834,0.013404144
375316653866487564,6019275482856010112,0.5378921,2260.158478508415,2.4244768719610157,3.058467E-5,19.579527,0.009928559,0.1947213,0.004332194,0.06980877,0.004617205,0.5006392,0.015238141,0.6925948,0.005280781,0.077106856,0.0038698392,0.41468605,0.02537886,null,null,null,null,"TWOGAUSSIANS",8,2.8257043,0.1947213,0.004332194,0.39092913,0.024799371,0.4980082,0.014622072,0.6925948,0.005280781,0.4,0.0,0.41205505,0.02501504
375316653866487564,6019275860835532288,0.5073326,2293.2549597418188,1.7565059600118054,1.7264578E-5,18.164251,0.39968497,0.26988086,0.0039580367,0.17488755,0.07598927,0.3930977,0.37562385,0.7702472,0.004962173,0.17110722,0.074516565,0.38956574,0.37130895,null,null,null,null,"TWOGAUSSIANS",8,2.1104507,0.26978087,0.0043993746,0.4,0.0,0.1288775,0.009801555,0.7703572,0.00509811,0.4,0.0,0.12764747,0.00540314
375316653866487564,6019276101333978112,0.5270984,2275.2347834715715,2.601590191165572,1.4540451E-5,19.583296,0.022178652,0.30759504,0.0072771367,0.08736868,0.011848905,0.5318639,0.050903413,0.79317826,0.001900231,0.07044974,0.003922863,0.5811692,0.031389885,null,null,null,null,"TWOGAUSSIANS",8,3.4743335,0.79317826,0.001900231,0.39451852,0.021328064,0.57575047,0.030232618,0.30759504,0.0072771367,0.4,0.0,0.5264451,0.053509574
375316653866487564,6019276273152431616,0.5943107,2289.4263459890803,2.3805052017163226,8.183637E-6,18.0461,0.01740485,0.2267837,0.0018356942,0.049376674,0.008204781,0.14108498,0.0349463,0.72037125,0.007551269,0.063959,0.015595263,0.14242376,0.028900292,0.10489613,0.019096084,0.2267837,0.0018356942,"TWOGAUSSIANS_WITH_ELLIPSOIDAL_ON_ECLIPSE1",9,3.3408089,0.72244126,0.0046012467,0.3581704,0.08733347,0.35193908,0.017475817,0.2267837,0.0018356942,0.27650937,0.045946773,0.350831,0.007987648
